LEM/sinusoidal_perturbations/elevation_000088.asc
nrows	100
cellsize	150.0
xllcorner	0
ncols	100
yllcorner	0
NODATA_value	-9999
[rows 34 to 50 of 100, columns 37 to 73 of 100]
1.125598510024581600e+02 1.207250488039758096e+02 1.155703415219630870e+02 9.563825859900707371e+01 8.156201762116043597e+01 7.262938023659994258e+01 6.593610188243779646e+01 6.054866832660416520e+01 5.884283548199750413e+01 7.901516611874470186e+01 7.642884153836307348e+01 5.687934508897190256e+01 4.552110763318722775e+01 6.533270290610386155e+01 5.690337987536476305e+01 7.102539799516797814e+01 9.090592081377718614e+01 8.870055908411706014e+01 7.660379545402875578e+01 6.832675746630476965e+01 5.037816529632124940e+01 7.038238022364156166e+01 7.469481157167906815e+01 7.466512853843239839e+01 7.777736530102001211e+01 9.751907866540271641e+01 9.887323280079206711e+01 1.010301214006861557e+02 1.032546599812279595e+02 1.035097203060869049e+02 1.119349806785488823e+02 1.196933665845631509e+02 1.026349912439564491e+02 1.196933665845631509e+02 1.116609071097441870e+02 1.286069366107358860e+02 1.254475337497755021e+02
9.211742548132522757e+01 1.090460354882696237e+02 1.178577824197569583e+02 1.097493200224735261e+02 1.008357123540651799e+02 8.592334259237432548e+01 8.592334259234068838e+01 8.058152781780783869e+01 6.477997577531954221e+01 8.501541779164401191e+01 8.410204924850292230e+01 6.694242734994257660e+01 4.710372301837848852e+01 6.697842670049035974e+01 7.684826831487546883e+01 6.953812093807066219e+01 8.362581142564143022e+01 1.034332361261735684e+02 8.845606402911033683e+01 6.852453925859620654e+01 5.436391639244372698e+01 5.260731389015042225e+01 5.465551649080878605e+01 6.362472572798949244e+01 7.993368211632996179e+01 8.213442995336791341e+01 7.861108948293593812e+01 8.094025530372010735e+01 8.334534931045507733e+01 8.336251095559161683e+01 1.035184566192709781e+02 1.156072345255249871e+02 1.230766755123136704e+02 1.314619047377568393e+02 1.319792201134599736e+02 1.402582993559819329e+02 1.338384434844935527e+02
7.984736085095858016e+01 8.907902909801087787e+01 1.096515389379632097e+02 1.046033901359950136e+02 1.128554675980952027e+02 1.058595596338820002e+02 1.050124405920983293e+02 8.501541779161274803e+01 7.216473797890756714e+01 9.251031989277780099e+01 8.222743840529831516e+01 6.102057589312071428e+01 4.872916056196237378e+01 6.279863104360930492e+01 8.278529474610215289e+01 8.942727180798011943e+01 9.763789641636314798e+01 1.034612966004592778e+02 9.269792366167065722e+01 7.279418813001433364e+01 5.863294954698218930e+01 7.263201356370392148e+01 5.619773965271220817e+01 5.770862624658825979e+01 5.989610734814004900e+01 6.212648570125458036e+01 6.440186409198896911e+01 6.673992185384280162e+01 6.916230701959577232e+01 8.924144714694556058e+01 8.703472187639441415e+01 1.012911857727779648e+02 1.215338507500154890e+02 1.206664024027757023e+02 1.292610575578419798e+02 1.352107788469940033e+02 1.392675663187979183e+02
7.167461584612870240e+01 9.285415499254010285e+01 1.010156864064577888e+02 8.385404501238235753e+01 1.010156864064577888e+02 1.136180804709091063e+02 1.088723995304091545e+02 8.883302638465094958e+01 8.663817170546857938e+01 9.974021680551339841e+01 8.879945728329498422e+01 7.036251819719969092e+01 5.041176919903733733e+01 7.036251819724408563e+01 8.219865689994985303e+01 8.219865689995013724e+01 1.022397058575421056e+02 9.521489446493802689e+01 7.533763454832779871e+01 6.532371089361164707e+01 7.862541487029147902e+01 7.879400789243733527e+01 5.876271449367695965e+01 7.776805516170789190e+01 7.995997764089466386e+01 8.219876319954698829e+01 8.448159795529841176e+01 8.093937065340773529e+01 8.925735210286481447e+01 7.283428624156438502e+01 9.294959972727231445e+01 1.002687302673651146e+02 1.044221566596890227e+02 1.001015146647999927e+02 1.144882937230662066e+02 1.144967250656687554e+02 1.309267351417362306e+02
6.578879305158908153e+01 8.698000773230295124e+01 9.262375014336880952e+01 7.151468603000382984e+01 8.464527385005460758e+01 1.016403018326798247e+02 1.119096879339029584e+02 1.088723994818226970e+02 1.066869396851394782e+02 9.232870463086916857e+01 7.559383360050554757e+01 6.733150680895892037e+01 5.212848114365637286e+01 6.754698473366443068e+01 6.224171733220230607e+01 8.219865689995013724e+01 9.995751788304148988e+01 1.034612982681357494e+02 9.079750155114709287e+01 7.089039177618700194e+01 9.079750155114709287e+01 8.140123347145305388e+01 6.137476175409376111e+01 8.140123347145305388e+01 8.933181364069240260e+01 9.358702484612931016e+01 1.018608483367846986e+02 1.010391687145090174e+02 1.013340465112538311e+02 9.294959972412674176e+01 7.677223524160268653e+01 8.006752880015635299e+01 8.411365049549598893e+01 8.836612781166536479e+01 9.398171492561766627e+01 1.014273615299121047e+02 1.136772705017854008e+02
6.076246107201740188e+01 8.168220406212459750e+01 7.721538589594153734e+01 6.363037723309322757e+01 7.216395824679027271e+01 8.286348890795655109e+01 9.771598834616894180e+01 1.179716249782364201e+02 1.083585328285879967e+02 8.658854493435542565e+01 7.166644546216973310e+01 6.082897064618072136e+01 6.659317676066591218e+01 5.470314670717608863e+01 7.695132954430442851e+01 7.163987034811779608e+01 8.314638735318631291e+01 1.031834443879066328e+02 9.707606088990003457e+01 7.722150469313262988e+01 9.707606088990003457e+01 8.967683084575367047e+01 8.140123347122354858e+01 6.524197659155910856e+01 6.934589770598783787e+01 7.362831586477192047e+01 9.358702484612931016e+01 1.087030567075588721e+02 1.186825188858999809e+02 1.023742424590988520e+02 8.212628061151075087e+01 1.002687302670764637e+02 8.916078396220534330e+01 1.087845242559563559e+02 1.026013856759049219e+02 1.157480130608332587e+02 1.217662879829202183e+02
5.639430283658722942e+01 7.055997187508847901e+01 5.670202220835681572e+01 7.721538589594153734e+01 9.200938584711992974e+01 1.003442425012089814e+02 1.094577035773651801e+02 1.210689328166161118e+02 1.129257350089911540e+02 9.148926586261045202e+01 7.659151728120023961e+01 7.437516687550537142e+01 5.750733856600058402e+01 6.901463313241278286e+01 8.006378618848755480e+01 8.314638735318631291e+01 9.995751788304148988e+01 1.115554810564775892e+02 1.045647726680013534e+02 8.475149221877454409e+01 1.045647726680013534e+02 1.004786960236903752e+02 8.053456277088177728e+01 6.897563106487709206e+01 8.896394532031523283e+01 9.358700215230885533e+01 8.049212066943968580e+01 9.045632950380314696e+01 1.103904656449203117e+02 1.083110236952239376e+02 8.790873217832684361e+01 1.083110235221058701e+02 9.672098847508003416e+01 1.102992115757066358e+02 1.174694824508261490e+02 1.327429120741037138e+02 1.437096769742366007e+02
6.667015877327339979e+01 5.056016627551240106e+01 7.054560492597413202e+01 6.414085446595488804e+01 7.137956112611857407e+01 8.063840920942243429e+01 9.262734589396647777e+01 1.129310457904211091e+02 1.142186191625149263e+02 1.038552608125124976e+02 8.598629329199856386e+01 6.533163287398166119e+01 7.779802717693053182e+01 6.056206064890363905e+01 7.413506106666635276e+01 9.353818835909532936e+01 1.031834443870958324e+02 1.233689451666387669e+02 1.128241724588058901e+02 9.875043720657910740e+01 1.128241724588058901e+02 1.087595997696968340e+02 9.303863384674751558e+01 7.307683856026996239e+01 9.303863384674751558e+01 1.064311217763127786e+02 8.650578039503955097e+01 1.064310611822631216e+02 1.186825188858999809e+02 1.153835288220983131e+02 9.461640107055404769e+01 1.153803839310110391e+02 1.070903870244787441e+02 1.183296233896431744e+02 1.388578957978875792e+02 1.495566483712136687e+02 1.502642101468185558e+02
4.629135521667738828e+01 4.846945681613227919e+01 5.456884839651246466e+01 7.502371320600114757e+01 8.628621869115887932e+01 9.452984318686137044e+01 1.035485619348368402e+02 1.149229294878155940e+02 1.057493289660410198e+02 8.490668101485016450e+01 7.443930454321733237e+01 8.582806638271679844e+01 8.015604028529199354e+01 6.275315882089821429e+01 8.194569597265200400e+01 9.387296099374884761e+01 1.071273856375446201e+02 1.056263681481872680e+02 1.139880024348643985e+02 1.186017410483800631e+02 1.152820047963976862e+02 9.533289862612289767e+01 8.124391652517344653e+01 8.719862073353274923e+01 8.376008834328911234e+01 1.036935093521417315e+02 9.645735445353521698e+01 1.005843396379831205e+02 1.205469296899279215e+02 1.243936142837149106e+02 1.048688157354441586e+02 1.243936130848005774e+02 1.227738805780129212e+02 1.376361841217978110e+02 1.505437787810194834e+02 1.466403928295738694e+02 1.320672270127668355e+02
6.667015877327705198e+01 6.885361817407884644e+01 5.179944432188619174e+01 5.853457675636563806e+01 6.571501360260369040e+01 7.491259171586462173e+01 8.687505227669238650e+01 1.069998673378301248e+02 1.142186191625149263e+02 1.038552733441677134e+02 8.653227413305462790e+01 8.736184852585802219e+01 6.819320808912890186e+01 8.194569597265200400e+01 6.652851890222871134e+01 8.565795350989914425e+01 8.727399416952556521e+01 8.580291668245263281e+01 9.973716258726551587e+01 1.198441507289905843e+02 1.211440573961215534e+02 1.011758134502074000e+02 8.877845581754026227e+01 1.071376727091073207e+02 9.372174722730299834e+01 1.119780868355892949e+02 1.079571078227576635e+02 1.205468695756124049e+02 1.288588805654187297e+02 1.364231915286018761e+02 1.270673555264742305e+02 1.358119311545479775e+02 1.459547342231608980e+02 1.474847470406516265e+02 1.393593247904339307e+02 1.401289690484055939e+02 1.211733534901204052e+02
7.930676398276567340e+01 7.678100467252717465e+01 5.631395321183548930e+01 5.610390841152747043e+01 7.655411381934686688e+01 8.442421939248842477e+01 9.312144502400818169e+01 1.062182188115681072e+02 1.147339263788846608e+02 1.158063391294012234e+02 1.073431985554344266e+02 9.139307302598288629e+01 7.210829050552233355e+01 9.132644462914382189e+01 7.246650028466477522e+01 7.074379834233754138e+01 7.375053044850378114e+01 9.308891791290484719e+01 1.038312322030650989e+02 1.109081776461139981e+02 1.192966551327948679e+02 1.169997965469408143e+02 9.873105353182508281e+01 1.169997965469391801e+02 1.078107915115165127e+02 1.219638098209390193e+02 1.279446174532819072e+02 1.362583680142380445e+02 1.424020124267213419e+02 1.341247427894709006e+02 1.312296146293018921e+02 1.307350096920770000e+02 1.480832224789184011e+02 1.393593247904339592e+02 1.200360814402965559e+02 1.256957283830338667e+02 1.140163657825872292e+02
8.773560057780085231e+01 8.162515259645164178e+01 6.107317352561477009e+01 7.655411381934686688e+01 6.056147803631033355e+01 6.379894656669829089e+01 8.444994116107632465e+01 8.562101756564534583e+01 1.049884109359374804e+02 1.151435595660164779e+02 1.098887282419268416e+02 8.989839458688102525e+01 7.626208238335905776e+01 9.574675735394914966e+01 7.870070684152588569e+01 8.995181503423012259e+01 9.308891791290484719e+01 7.872082598790532870e+01 8.399480035086095597e+01 9.089162600545755311e+01 1.023784779181228544e+02 1.225599641612031832e+02 1.128266959989254445e+02 1.269924329272256784e+02 1.277997228876338625e+02 1.328137268334033934e+02 1.410933536732349012e+02 1.480653558590024090e+02 1.287668766028518803e+02 1.150099347448387164e+02 1.123956767524414175e+02 1.300925849330474762e+02 1.408810260247978192e+02 1.393593247904339307e+02 1.200360814402965559e+02 1.065704033550170493e+02 1.256957283830338810e+02
9.689934680102038556e+01 8.678498993928306504e+01 6.614564068406652098e+01 8.678498993928306504e+01 8.107815906058169730e+01 8.412866938545505491e+01 6.873597906267481505e+01 7.602385539935156089e+01 8.642046172487223998e+01 1.068606486992218834e+02 1.121070307525674252e+02 9.207803908816366345e+01 8.147788670975417347e+01 1.012323221453828950e+02 8.544501741042319054e+01 1.051028625033561923e+02 1.036295810366483181e+02 8.379880807490799555e+01 1.036295810366383989e+02 1.001374853368840405e+02 1.109086162708170917e+02 1.309684708865160019e+02 1.328337787226847126e+02 1.384984215057154131e+02 1.297116633044306298e+02 1.132164226351483478e+02 1.242825908172396510e+02 1.325941699601262087e+02 1.323818920506633674e+02 1.221984364379040926e+02 1.027038626165825548e+02 1.130325319233171939e+02 1.327111787316775917e+02 1.353133424012382591e+02 1.159866785437808829e+02 1.024785079782471371e+02 1.216473273299171751e+02
1.086719850539189309e+02 9.252574806070681745e+01 7.182715029387688332e+01 9.252574806070681745e+01 9.554314667571939879e+01 7.508894755840661617e+01 8.932828649364417117e+01 9.663205189505191584e+01 1.049884109329347268e+02 1.151435595660164779e+02 1.205212892366718052e+02 1.012323221453829660e+02 8.790314852132152623e+01 1.078969089574135864e+02 9.416824769160601249e+01 1.133699019066832392e+02 1.096582406707133117e+02 8.966343867576161131e+01 1.096582406707133259e+02 1.202665209966268236e+02 1.286657138541794438e+02 1.395723304784652896e+02 1.443095526012514256e+02 1.243937811551171393e+02 1.107105520340610525e+02 1.021876386416176103e+02 1.047062973136939519e+02 1.212089936275445154e+02 1.184007853474662113e+02 1.044202850412841883e+02 9.712816452251233557e+01 1.108845310049850923e+02 1.305747286420183570e+02 1.315816941583332778e+02 1.122486491004465705e+02 9.870316452818009623e+01 1.140172278592406343e+02
1.128909357254124899e+02 9.906682015538258668e+01 7.838213399683891680e+01 9.906682015538258668e+01 1.035742778959594261e+02 8.970626763842741980e+01 8.243519565803330806e+01 9.171487867925675630e+01 1.034310037837032183e+02 1.225740779574728521e+02 1.298640971675891365e+02 1.163151472035256688e+02 9.672490318140224019e+01 1.163151472035256688e+02 1.055505589647862195e+02 1.222501922295485173e+02 1.167709623334868922e+02 9.665314745174754307e+01 1.167709623334869065e+02 1.354371974162523884e+02 1.271555673560126394e+02 1.354371974162523884e+02 1.345059526763097324e+02 1.384984376447825127e+02 1.252997819098836914e+02 1.049757103045819520e+02 9.364365047209098236e+01 1.067066215257171109e+02 1.049269349392621393e+02 9.072586927156399383e+01 1.003657429545953335e+02 1.142088154765118730e+02 1.340723752842741305e+02 1.303007019522734424e+02 1.168481775814875760e+02 9.513527611968741837e+01 9.505858858471660255e+01
1.031452932647973171e+02 1.073713862301814856e+02 8.773100036558682291e+01 1.073713862301814856e+02 1.174422881534917167e+02 9.910214222707168119e+01 9.170297141852515210e+01 1.026638859646850790e+02 1.192609724446128041e+02 1.301820353529447232e+02 1.355270388473012702e+02 1.253751510999976659e+02 1.109640300885643001e+02 1.253751511002357972e+02 1.254227755266556699e+02 1.337712349891927772e+02 1.251726576825112289e+02 1.082140006679709074e+02 1.251726576811419136e+02 1.254918118609220983e+02 1.073073991396386759e+02 1.254918118609258499e+02 1.146021984372394797e+02 1.286999818550684438e+02 1.355906277944059184e+02 1.212089936275445154e+02 1.067066215257171109e+02 8.743706196575894296e+01 8.551972100831498835e+01 1.049269349392621393e+02 1.184007853474607685e+02 1.282644775607223551e+02 1.303007026256416907e+02 1.105566221820395327e+02 1.141797252744334088e+02 1.097145403623304674e+02 9.026573544469141552e+01
8.647242823613518681e+01 1.064947964042440987e+02 9.972043939791484490e+01 1.164545794881024108e+02 1.261883786264996132e+02 1.185118281916119827e+02 1.032838595239194746e+02 1.189868135646369467e+02 1.295892167167574485e+02 1.295991127396974889e+02 1.153164948616274472e+02 1.295991127396974889e+02 1.313510551862739248e+02 1.357060501159577086e+02 1.273571040237689687e+02 1.357060500537523069e+02 1.368724003755075671e+02 1.284599893478221020e+02 1.312888951211206745e+02 1.114087125980427402e+02 9.751856073208074349e+01 1.079387224559016545e+02 1.006786659865631748e+02 1.204316764323222912e+02 1.367368754120655865e+02 1.168498079999225467e+02 1.031179013388222785e+02 1.014019544103735484e+02 8.203235163307461164e+01 1.013139552946223603e+02 1.155939718597313686e+02 1.240755096313287424e+02 1.281252676643369739e+02 1.084024339447057628e+02 9.463531908099270140e+01 1.037321434701578227e+02 8.779064859346330252e+01
