LEM/sinusoidal_perturbations/elevation_000668.asc
nrows	100
cellsize	150.0
xllcorner	0
ncols	100
yllcorner	0
NODATA_value	-9999
[rows 17 to 33 of 100, columns 0 to 36 of 100]
5.222468517465790779e-03 8.011693785147175007e+00 1.733062563180011395e+01 2.929045235432347383e+01 4.715866471420607553e+01 4.935187013843690096e+01 4.789751873297373663e+01 3.177975443599035543e+01 4.692600993745804061e+01 2.549149870237506121e+01 4.829383118882556403e+01 5.002109648822766985e+01 2.924342178398479675e+01 1.516570397241162560e+01 3.518388995641377903e+01 3.461242902408910993e+01 1.673584206379403483e+01 3.458659345846518818e+01 4.657324212331386093e+01 5.353270616791255065e+01 4.616401126761937235e+01 3.104976446679287605e+01 4.751522277165972241e+01 3.666471772818001540e+01 3.043513442995574181e+01 1.220498786790946966e+01 3.215837331852964809e+01 3.474345212585477327e+01 2.997779183756624022e+01 3.690999546193118164e+01 2.802208700777572403e+01 4.602272515149280707e+01 5.346521312350716215e+01 6.178647452063113832e+01 6.011739713556046638e+01 6.444471197980280408e+01 6.444471197980280408e+01
7.333276091007126865e-03 2.000733327609065171e+01 2.863027929633102531e+01 3.176114416820762543e+01 3.633027066397507809e+01 3.501349950897825636e+01 3.936960747866951493e+01 1.974831317450911783e+01 3.077704407655618013e+01 1.689979339426330185e+01 4.000715632193926297e+01 4.294005043415866396e+01 3.036346299441553498e+01 1.165671062401209568e+01 2.669066066060580411e+01 2.773897739702205101e+01 1.389824038543797613e+01 3.158055111117052860e+01 4.517615991291550159e+01 3.766851917785115234e+01 2.487644519926054798e+01 1.740507139998362618e+01 3.664409648845634848e+01 2.952055912429244700e+01 1.089960992300047238e+01 3.083687751151969891e+01 2.682165172550018895e+01 4.824813758289228360e+01 4.993986178128509579e+01 5.576713635881313991e+01 4.767868377089710918e+01 5.576697336464498989e+01 5.556259130727076467e+01 5.466332765269547167e+01 4.051164158123050640e+01 5.466259622481126712e+01 6.136162474685256285e+01
6.343274376862209282e-03 5.878924867190588266e+00 1.100891784478374902e+01 1.621250403965297693e+01 2.266544994260974022e+01 3.095435180725403868e+01 2.739320516164212194e+01 2.142053281702138179e+01 7.153083728486908655e+00 2.480342241609570664e+01 2.497964682071117082e+01 3.507742110771162380e+00 1.864446970556046068e+01 7.760940811423775898e+00 9.372081909135479449e+00 9.718609454239597767e+00 2.669567299826262641e+01 2.743956227390640024e+01 2.667877354138408919e+01 1.780023218613735381e+01 2.584125209279171642e+01 7.427379342040904220e+00 2.817053564147651201e+01 9.581269523981180924e+00 2.951990081010906053e+01 3.871550363347647306e+01 4.791672176693375462e+01 5.429750846384887097e+01 5.893820542767502957e+01 6.538161997335151909e+01 5.371055108837256142e+01 4.523420425670437339e+01 3.581380288737074125e+01 3.574707995534262750e+01 2.784502083646576764e+01 4.623713581565277053e+01 3.980391973641480519e+01
3.497053469895897767e-03 1.023420613845210703e+01 1.394185734768702467e+01 1.691104929644514598e+01 1.919427097050016329e+01 2.105601502611495235e+01 1.210404352987752752e+01 2.209130072835548741e+00 2.500665272848435983e+00 2.788433993736871397e+00 3.078962153939762469e+00 5.421229103257663162e+00 3.940158543264486557e+00 4.239205863761642767e+00 1.306549836865536740e+01 1.923103004168705965e+01 5.277981465923049953e+00 5.550996104829179600e+00 5.837436859666160771e+00 6.139594727904222005e+00 6.455311155126405076e+00 6.780540931746853239e+00 2.564384321493159646e+01 8.625553336376539093e+00 2.345056328868821183e+01 4.279965801588859620e+01 4.202849289601935823e+01 4.490691290205987229e+01 4.522795964149827341e+01 5.685466496535200065e+01 3.973454030851434737e+01 2.483189480421727779e+01 3.114941938031050839e+01 1.762367461371744071e+01 3.232424079878422418e+01 3.650732199283091717e+01 2.451413634160727995e+01
9.635555453094322986e-03 3.061027050997289223e-01 6.026024317641692774e-01 8.991999539543293896e-01 1.195928020834784444e+00 1.492754109433034104e+00 1.789744092969710376e+00 3.225255822538687589e+00 1.239307748270067400e+01 1.899201089817365684e+01 2.054245379110550118e+01 2.174175581656602319e+01 8.365341839937643797e+00 2.281321608668465828e+01 4.635561080537354606e+00 4.902595819761708995e+00 8.765665857363007518e+00 1.993860846645545948e+01 2.342691649409429644e+01 2.529948846920130379e+01 2.619815329500041301e+01 2.542689167151215912e+01 7.247786275709915849e+00 2.585250592030610406e+01 3.180931897420870413e+01 3.345289977425255756e+01 2.533665385391602953e+01 3.375320111247180677e+01 4.208832773189448773e+01 4.451499307620400714e+01 2.924190462504190435e+01 1.090156121828968772e+01 1.123256270979730687e+01 1.155749127580988400e+01 1.187957006318475273e+01 1.220388385734918124e+01 1.253479137038404190e+01
8.845047570523793118e-03 1.810091904926964546e+01 2.375227199079174056e+01 2.057362824795725942e+01 1.660876817709504749e+01 5.059420522061479630e+00 2.187320311791053129e+01 3.519274960993516110e+00 9.708786765139983288e+00 1.582941149581477980e+01 2.680111814763346345e+01 3.142989988376392319e+01 1.309882759602303715e+01 3.033221699090978873e+01 2.755136652565123612e+01 1.789713709982683199e+01 7.120613320321432127e+00 1.095287175117740475e+01 1.976818854368696776e+01 3.521209839302741074e+01 4.165381151507056501e+01 2.561336404734460359e+01 2.253436735189347218e+01 7.743870673670588012e+00 2.251774927146886895e+01 1.539224727214996591e+01 2.762172190109168923e+01 2.867144122696717901e+01 2.417200266089360383e+01 2.570190120875973960e+01 1.042532653206461113e+01 1.230025416646114778e+01 3.068750450291928544e+01 2.219655160833019281e+01 2.249079471477154613e+01 2.069044713119722090e+01 2.151273910546539625e+01
8.023991185656003874e-03 1.495103062017541085e+01 3.680738372501153322e+01 4.101088483111499983e+01 3.148713346920433409e+01 2.320244465917052423e+01 6.009962769622207546e+00 2.599354887887625054e+01 3.007649435006920768e+01 3.254155739387908142e+01 3.036577860020287289e+01 3.894793755981007877e+01 1.943609244042422546e+01 3.842948741914922550e+01 4.085358694484497732e+01 3.274063216044001479e+01 1.664590512689070323e+01 1.006022266403241616e+01 3.209961083957838923e+01 4.326088713512237405e+01 4.270907407741658801e+01 2.294216738518291976e+01 1.162270871912206971e+01 8.212986825097054577e+00 8.221318429460277244e+00 8.565189785933023714e+00 8.922153077453369718e+00 9.275477349617855083e+00 9.618787029595358362e+00 9.956006918698083297e+00 1.389941952550789672e+01 1.156218167585628898e+01 3.134010301498731010e+01 3.675435866270943563e+01 3.175752010188033481e+01 2.804449612170336437e+01 3.761810315305277896e+01
4.598823041778624977e-03 2.000458971193758728e+01 3.751547681989350025e+01 4.929541658746990862e+01 4.071533308315996891e+01 2.026713360218017002e+01 2.630610174981145732e+01 9.106802662039413576e+00 2.977000601090343324e+01 4.191473968273701445e+01 4.768715762073520636e+01 4.601343487286698064e+01 2.775719982773461680e+01 4.601343487286267475e+01 4.654960875797678455e+01 2.879275186256964147e+01 3.222996116739175676e+01 1.256296474347855074e+01 3.367906247035378442e+01 4.615754566964896100e+01 5.182995975262022625e+01 3.403891659788099133e+01 1.354459957993642050e+01 3.389284141990061272e+01 3.198723050850368921e+01 3.003122203570574911e+01 2.315959930537549027e+01 2.936275452721567447e+01 1.955802961048529909e+01 2.987815314785646947e+01 1.482386697112509744e+01 3.115247527353007584e+01 1.299308929219169606e+01 3.319415477426733219e+01 3.899927232132046839e+01 4.066525050095317084e+01 4.173282227440122227e+01
7.340434288523949372e-03 8.956672826885890615e+00 2.059818709868163111e+01 4.134751250217975382e+01 4.897544506601520453e+01 4.056554295576677305e+01 3.818109748004025050e+01 1.839308396289816727e+01 1.273862597025910226e+01 3.329342569984757461e+01 4.582409683029440828e+01 5.365607536442267644e+01 4.089091853740572446e+01 4.609976207982205665e+01 5.464845442157900379e+01 4.654960875797682007e+01 4.067545803583680453e+01 1.968627178169386838e+01 1.661592223853228845e+01 3.761198563274334106e+01 5.076485813039856509e+01 3.029100362873659691e+01 3.404522911281944886e+01 1.764859372111805413e+01 3.794899010780748227e+01 5.051249095575072801e+01 4.414743793362842439e+01 3.955705243037790808e+01 3.956730651714295988e+01 2.413949769893800124e+01 3.255568443906389575e+01 4.050859733972850307e+01 3.319415589354494500e+01 1.482381634456216268e+01 3.505320887869296342e+01 4.526060692539486752e+01 5.475651623064804596e+01
3.515918393995972821e-03 1.884315152590001574e+01 3.338065564746119662e+01 4.243167421744065138e+01 5.348177306858279678e+01 5.319299994330731352e+01 3.295326907296463048e+01 2.745429134818590811e+01 3.346197296438433000e+01 1.683034126563051203e+01 3.738076839455232658e+01 4.994262140524931937e+01 5.867502280420448812e+01 6.405963299019818180e+01 6.645908680775123401e+01 4.580355212255369679e+01 3.094136962372997246e+01 4.046546592405043441e+01 1.949675380967883598e+01 3.435379205757896415e+01 5.522035186128692175e+01 5.076571438066932274e+01 4.639686119520810337e+01 3.194193495320278942e+01 2.170403203371277812e+01 4.206331993213856890e+01 5.527311590710115041e+01 5.945342727279916772e+01 5.222636807035375028e+01 3.537318040987835133e+01 5.222743067008603646e+01 4.402909261052992917e+01 2.397355558278594501e+01 3.506147668089327851e+01 1.682797076086940535e+01 2.984915228821910560e+01 5.091890469600048164e+01
4.608085242692564441e-03 6.331538065133722526e+00 1.301791723937531842e+01 2.320789365251136260e+01 4.464564949328837429e+01 6.159352116056870585e+01 5.331403403211614744e+01 3.926445835699055920e+01 3.738076839455232658e+01 3.738076839455232658e+01 2.111163087298162466e+01 4.149977532879288589e+01 5.535687560969361698e+01 6.715812792548192078e+01 6.868004005334881867e+01 4.807172119007045552e+01 5.185341816281366789e+01 4.343419187649411839e+01 2.244213068369790065e+01 3.038964235380726464e+01 4.530349921422852333e+01 6.598301454912297004e+01 6.085178743721341732e+01 4.890105743069846511e+01 2.838784619761442585e+01 2.635894505351167538e+01 4.077966267242710074e+01 6.140943709981740994e+01 6.385532851080206740e+01 5.547653087680568973e+01 5.473447073631135851e+01 3.470191049423308982e+01 4.402909261052993628e+01 3.833999233477243251e+01 1.825849023589066533e+01 3.247094845398803642e+01 5.252263432529871778e+01
1.610643649003322799e-03 2.000160472116787957e+01 3.360891634472770306e+01 4.235216061554915257e+01 5.290771373220084683e+01 6.474699520824489696e+01 6.779017887372673101e+01 5.960297469904625700e+01 5.784019195136232838e+01 4.630602040482536097e+01 2.591484948591972426e+01 2.654699196541853468e+01 3.825202681890188927e+01 5.880648824135511887e+01 7.331468573466176508e+01 6.868004005334881867e+01 6.141267139588958912e+01 4.062954689545542664e+01 2.569794352720277431e+01 4.671678312738830385e+01 4.530349921422852333e+01 6.598301454912297004e+01 6.941076302673593545e+01 4.890105743069847222e+01 3.746833606236901204e+01 2.984650705625107747e+01 4.435037548005242058e+01 6.500845471734342595e+01 8.303892095450936495e+01 6.303843803521273514e+01 4.886092041239132300e+01 5.473447163396728143e+01 5.000500617426349237e+01 3.971277842485791609e+01 1.967704248587770621e+01 3.384303440007069952e+01 5.386479810113846156e+01
2.022278438842990342e-03 2.000199477767043632e+01 2.968414435024693177e+01 3.551352658222376135e+01 3.652740798246910003e+01 5.373947446785101079e+01 6.524361538446409270e+01 6.836621904672429650e+01 4.778381376077729215e+01 3.325557504020419941e+01 4.630602040482536097e+01 4.693935469985534326e+01 3.260021869261831995e+01 4.442985008707817940e+01 6.501208844050088942e+01 7.894604739253119874e+01 6.492333935274773182e+01 4.411424332487344913e+01 2.915607954623574471e+01 5.017173571989557246e+01 6.598301454912297004e+01 7.431515333964378556e+01 7.266258187434381455e+01 5.213914899146138282e+01 5.417456302138951685e+01 3.351172884154323839e+01 4.379265387867977921e+01 5.858190296378517559e+01 7.909030970188915433e+01 7.698317363971132465e+01 6.271920954410321514e+01 5.131559942403342944e+01 4.169488847542005061e+01 2.167595118159025702e+01 3.971277842485791609e+01 3.384336375289896637e+01 5.388271255019456873e+01
6.642187732006160465e-03 3.720548644907208935e+00 9.750536156990182945e+00 1.643367028753567638e+01 2.544739606521936892e+01 3.706434020968807630e+01 5.700280248092953883e+01 7.428569065616143519e+01 5.381226069141644786e+01 3.969060065974862539e+01 6.034317956897774593e+01 6.152250096210298125e+01 5.312892758662732007e+01 3.979743368956077632e+01 5.014376691248793350e+01 7.069623981774408605e+01 6.807126663360577368e+01 4.775799633981321080e+01 3.284872414848597799e+01 5.382680419025496121e+01 6.848976884454339142e+01 8.026113880342465734e+01 8.092375105148418868e+01 7.266258187434381455e+01 5.841728264698019046e+01 3.763798620874874956e+01 5.841728253082964528e+01 7.295086381704525991e+01 7.099887549586856039e+01 6.100246538767519411e+01 5.202481124860231887e+01 3.645741583854040613e+01 2.370734300465151279e+01 2.858042447075236225e+01 4.840951984835880495e+01 5.388315205882382486e+01 6.220128259937715143e+01
1.591255364720534126e-03 2.000159125536436378e+01 1.058029447695922443e+01 3.056399200265868643e+01 4.387915373353506965e+01 5.053394321569794556e+01 5.880627608048889954e+01 6.878929858432871924e+01 6.764544434658405692e+01 4.699152056245897313e+01 6.764544434658405692e+01 8.069850672533144120e+01 6.041628906708010760e+01 4.667902053464963075e+01 6.729094961348974380e+01 7.894604739253119874e+01 6.576377369407586571e+01 4.507834650170917001e+01 5.382680419025496121e+01 3.927052534568986175e+01 5.142728883063892908e+01 7.197128575817801277e+01 8.790527157873756892e+01 7.917399162532868218e+01 6.297852402623270507e+01 4.210714965766511853e+01 5.425952891211403539e+01 7.488495439725198821e+01 6.270308716344714384e+01 4.272475799576733380e+01 3.280518628439995865e+01 2.576820422865923987e+01 4.373778410647901183e+01 4.840907649325920659e+01 4.037468587057098546e+01 5.415325586131976365e+01 7.410396990593621069e+01
6.189296070378335485e-03 2.000618929607002272e+01 3.056399200265868643e+01 1.813810831639372978e+01 2.390901862331191552e+01 3.056957476920931072e+01 4.055304694751669103e+01 6.051483948387914324e+01 7.596330134007128265e+01 5.899505109636875488e+01 7.596330134007128265e+01 7.308608825665953646e+01 7.557053569285002936e+01 6.134056828754254553e+01 6.134056828754254553e+01 8.165644091188332254e+01 7.409088745889043537e+01 5.714450506309806599e+01 6.011020360183253075e+01 6.011020360183252365e+01 4.727236459342618247e+01 5.930354571450703105e+01 7.966852407025130844e+01 7.084321782745745111e+01 5.004569647003044253e+01 6.297852402623270507e+01 7.137153308590518463e+01 8.316545322899581549e+01 7.099887549586856039e+01 6.100246538767519411e+01 5.153173856226769090e+01 3.238668163040957637e+01 2.791634346241299625e+01 4.731597311178275334e+01 5.807224127409077141e+01 5.728505331129692024e+01 7.633643081035174305e+01
2.247884206357958405e-03 2.000220809795050769e+01 3.828440875789363673e+01 3.811427229271482986e+01 4.387915373353506965e+01 5.053394321569794556e+01 5.880627608048889954e+01 6.878929858432871924e+01 8.766965524699185153e+01 7.946210123029193539e+01 6.722415682771807610e+01 5.306760239080998076e+01 6.722415412982198291e+01 8.165644091188332254e+01 8.165644091188332254e+01 8.981268320848136000e+01 8.578216190920397821e+01 7.754264518380418281e+01 8.047899048900879393e+01 7.622866589034934748e+01 5.930354571450703105e+01 5.930354571450703105e+01 7.966852407025130844e+01 7.862043669182506278e+01 5.808372607026754508e+01 6.491285065251827291e+01 8.521072098572111031e+01 9.421282149470773959e+01 8.278787661710171619e+01 7.391639595907471971e+01 6.322594326515086038e+01 5.357810954021994121e+01 4.792569853066839869e+01 3.008781064566566954e+01 4.315565444049416755e+01 6.209131691326773961e+01 8.393205060412803675e+01
