LEM/sinusoidal_perturbations/elevation_000125.asc
nrows	100
cellsize	150.0
xllcorner	0
ncols	100
yllcorner	0
NODATA_value	-9999
[rows 0 to 16 of 100, columns 37 to 73 of 100]
8.466799003214865138e+01 7.665764058549109450e+01 7.665764058549109450e+01 8.232424977515478304e+01 8.202338163700751750e+01 8.202338163700751750e+01 9.022366292342783822e+01 8.502542714430974513e+01 7.919944320879670840e+01 8.213420636668114128e+01 7.628489825224643539e+01 7.628489944629028230e+01 8.456205334603697565e+01 9.129127887682085429e+01 9.961919364843745939e+01 9.321513997019296482e+01 8.488106500930673803e+01 9.321513997019296482e+01 1.033422051981325467e+02 1.011771615492107230e+02 9.280228428584533162e+01 1.011771615492107230e+02 1.036093898632821890e+02 9.559106371034708616e+01 1.036093898632821890e+02 1.068055696439931950e+02 1.010230853206597033e+02 1.010230853206597033e+02 1.091751352984666852e+02 1.085171471011476143e+02 1.005444893488302114e+02 1.005444893488302256e+02 1.023668700802907523e+02 1.103298918991315958e+02 1.195406441714188901e+02 1.115993366933540898e+02 1.195406441714188901e+02
7.665764058549109450e+01 5.674912903358180216e+01 5.674912903358180216e+01 6.258019706380535041e+01 6.166118914382963112e+01 6.166118914382963112e+01 8.202338163700751750e+01 6.502854127876845780e+01 5.915876150829173952e+01 6.216474773093695916e+01 5.631598988226108560e+01 5.631598988260525829e+01 7.628489925267420801e+01 7.071054554598856612e+01 8.781729759935699064e+01 8.330130321845825847e+01 6.517457519128065258e+01 8.330130321845825847e+01 8.332941329295526600e+01 9.119766847667261800e+01 7.295089265162728509e+01 9.119766847667261800e+01 9.409507873795115529e+01 7.669885420312175484e+01 9.409507873795115529e+01 8.641722879300860427e+01 8.036728492918003042e+01 8.036728492918003042e+01 1.010230853206597033e+02 1.005444893488302114e+02 8.100494683414041219e+01 8.100494683414041219e+01 8.287427009394167499e+01 9.912297506140272674e+01 1.099313856315755942e+02 9.236155666862684654e+01 1.099313856315755942e+02
6.485352459800606084e+01 6.258019706380535041e+01 4.167285465048844628e+01 6.258019706380535041e+01 4.654584495473321937e+01 6.724729302795881836e+01 6.485277224123720430e+01 6.502854127876845780e+01 4.493141617527739129e+01 5.343327438248510930e+01 4.225670726848558445e+01 6.216474773093695916e+01 7.940898702097209139e+01 5.803304196658635306e+01 7.940898702097209139e+01 7.502782010029373794e+01 5.545316617268734660e+01 7.502782010029373794e+01 6.939889859317942467e+01 7.303082133687087207e+01 6.318505420500540026e+01 8.287658846873632967e+01 8.614495895673441339e+01 6.762647029392722686e+01 8.614495895673441339e+01 8.641722879300860427e+01 6.480847946945338833e+01 8.641722879300860427e+01 9.459268539293064748e+01 8.655369812548534014e+01 8.672794633541019493e+01 6.690313320275215858e+01 7.137768972536591150e+01 9.111310550618352977e+01 9.224366428560091435e+01 8.250688189021127528e+01 1.019804466809904966e+02
5.031877810425353914e+01 5.627639614121650169e+01 3.511994403739468851e+01 5.002416428992310671e+01 3.854749413169586347e+01 5.616770728847640726e+01 4.149323258509618739e+01 5.419087442240120822e+01 5.341235381032135621e+01 3.318070031333304115e+01 5.343327438248510930e+01 6.949960770748860739e+01 6.123981172903842918e+01 4.931527857838045037e+01 7.132963926360785933e+01 6.850293545775825521e+01 4.891150348254361546e+01 6.850293545775825521e+01 6.561528255750208416e+01 5.341114999476207004e+01 7.303082107159137593e+01 7.793733404859285940e+01 7.196474118379551044e+01 6.172335612890944390e+01 7.862495100101024548e+01 7.133343786189840330e+01 5.805645102384130496e+01 7.990194572981963006e+01 8.323702958286564524e+01 6.677712296360016353e+01 7.270004225967571188e+01 5.986667279485157422e+01 7.971885381375309976e+01 8.478940314213741658e+01 7.252152630496382812e+01 8.402779421403242566e+01 1.034667515175556360e+02
2.896596548977236552e+01 4.471129343031991255e+01 2.958599917919866940e+01 2.811364104161078004e+01 4.144057137216732656e+01 4.069450983331466887e+01 2.882078498175762604e+01 4.368542686934222985e+01 4.880919883735268172e+01 2.837834107779831427e+01 4.894868351731341960e+01 5.259183454031384031e+01 3.912259064373589723e+01 6.123981170911055472e+01 7.796353029570465765e+01 6.284737619540801745e+01 4.316232278660385902e+01 5.885635476991355830e+01 4.590979122984559524e+01 6.561528255750208416e+01 7.259891436185793623e+01 5.933659943639013790e+01 5.380901229185990786e+01 7.083361248803151966e+01 6.395862763257046879e+01 4.944945185845702440e+01 7.133343786189840330e+01 8.194891946038670483e+01 7.384432890630043289e+01 5.537324588131561143e+01 5.296657180180002911e+01 7.270004225967571188e+01 7.817082535365106821e+01 6.493365671838856201e+01 8.478940314213741658e+01 1.002353593484780845e+02 1.114169252858294072e+02
4.471095271403741123e+01 2.357615444929114545e+01 2.911245735757534447e+01 2.306796388869714676e+01 1.967615681707875552e+01 2.014062974945638729e+01 3.037603998345168677e+01 4.003962881271843344e+01 4.185383005411419788e+01 2.466080983759982104e+01 4.468454260317489712e+01 3.139209146410751217e+01 5.083031987302563692e+01 5.991867753062467727e+01 6.430806450765749105e+01 5.758609797476845671e+01 3.776876696911730136e+01 3.897807291176111733e+01 5.885608152767046164e+01 6.628444477090116038e+01 5.850715660483935920e+01 4.639840046398285978e+01 6.407758999016571977e+01 5.745877752507167457e+01 4.256790888490081670e+01 6.395862763257046879e+01 7.997203443820882285e+01 7.060517279945975133e+01 5.416253024306114838e+01 4.680785474168878579e+01 5.042076262185542390e+01 5.423490388090028347e+01 5.829639905889158769e+01 7.817082535365106821e+01 9.282866913892246430e+01 8.731159700252882772e+01 9.577729570980530127e+01
4.518273808113198697e+01 3.799951251275000885e+01 1.856102934521766912e+01 1.902095213372777494e+01 3.209337670661365394e+01 3.946694104714886464e+01 2.079896664513202609e+01 2.126467902732579063e+01 2.173079246495210981e+01 2.219710907611911566e+01 4.239477148542665930e+01 2.731975052966843975e+01 3.471849211877398744e+01 4.471887095049891769e+01 6.156294166270692614e+01 5.263100774629829459e+01 3.265744806034943082e+01 5.187679777847871065e+01 6.250108114870647569e+01 5.845249244531800059e+01 3.966106010591155240e+01 5.811434948760106778e+01 5.715122178513032480e+01 3.707402241941979071e+01 5.688251230858046625e+01 6.913171252509754083e+01 6.695662886515542311e+01 5.889417395150193357e+01 4.312965789838398223e+01 6.248104033970641780e+01 6.919914452042961273e+01 7.402672312846173952e+01 7.817082535365106821e+01 8.625385012020933573e+01 8.390153464997345623e+01 6.668774080600340426e+01 8.390153464997345623e+01
3.068720814249977380e+01 1.791475882722773250e+01 3.221887975762118828e+01 3.363489963694547669e+01 2.547497792146721096e+01 4.428518267207151382e+01 4.485807187528712348e+01 4.089320919005302812e+01 3.392335044033178804e+01 3.565573246386138351e+01 2.286030141540186733e+01 2.333040070572563351e+01 4.079337210344517928e+01 4.848234378657379295e+01 5.681064405310730336e+01 4.957191594583057537e+01 2.939829696270046711e+01 4.223183480148634317e+01 4.725271073075676043e+01 5.256346346308079376e+01 3.530122441369397279e+01 4.825561347641533416e+01 4.958787626673308324e+01 3.368770537723214176e+01 4.603044204829178909e+01 6.276696237192962258e+01 5.863519831825061601e+01 3.958505039179235752e+01 5.564687604505407137e+01 6.449638870655167011e+01 8.279951458330683067e+01 7.512459740707005551e+01 8.269345378559873438e+01 8.682857396217225698e+01 7.540067566351498840e+01 5.499563076374295889e+01 7.540067566351498840e+01
1.726655213596541216e+01 3.742902468793025861e+01 4.262898429615752605e+01 3.900555085234149288e+01 4.421951193728960305e+01 3.272966090486728064e+01 4.627501728098982170e+01 6.182119443648785762e+01 5.377695959422494809e+01 3.896975415055234748e+01 2.865203248262838187e+01 4.352994891929038346e+01 2.399778076760116363e+01 3.560795814313836161e+01 4.506314432456838404e+01 2.572583696376032947e+01 2.618191324121852048e+01 2.670100612101621707e+01 2.722225920831005297e+01 4.227076407561201421e+01 4.491724125978411308e+01 2.913545845226726172e+01 2.964486332526442780e+01 3.015870235592109339e+01 4.876482229568186000e+01 5.114032000278159984e+01 5.108841136071310274e+01 5.270064380699088247e+01 3.604790660898567012e+01 5.588757776585233472e+01 6.799520413867386992e+01 5.360400230115615727e+01 6.430097465455504846e+01 6.739099620578456040e+01 6.778271282231665396e+01 4.708403941865545050e+01 6.796771067097482444e+01
1.680879613037700793e+01 3.693462818693034677e+01 5.254846886505691117e+01 5.250181520416028036e+01 5.706084163053981939e+01 3.859439357617085165e+01 5.859819764245413154e+01 7.400666334695166881e+01 5.898795186401147106e+01 5.491401589459623267e+01 3.477131884673138984e+01 5.304132328539340335e+01 4.470921014064366972e+01 2.466388739362106719e+01 2.513451644800956686e+01 2.610986076852440974e+01 4.581228639708508865e+01 4.815167381914079670e+01 4.773514462942474523e+01 2.793006737452478205e+01 2.842590429332653557e+01 4.907540885912739270e+01 4.362671470229262383e+01 3.016661914986416804e+01 3.089894602296334014e+01 3.142881596143153544e+01 3.196037716540085327e+01 3.249269914075524213e+01 4.212523772387436338e+01 5.361358751804911549e+01 3.760507008252528749e+01 4.519383695584934202e+01 6.293025584959453056e+01 5.330681481425683899e+01 5.679416458952278646e+01 3.977380433229419765e+01 5.873171695697402583e+01
1.634728876565268152e+01 2.633606394199193090e+01 3.962303988421282241e+01 5.704000853734363830e+01 6.563909880917115913e+01 5.271180169479350042e+01 5.271439318648186401e+01 7.289834917095204503e+01 7.904140977525173639e+01 6.160502880211057430e+01 4.153322081194112059e+01 6.160496956777315347e+01 4.719205531103101947e+01 4.712323246571666857e+01 3.744904409584390237e+01 3.258585692124326982e+01 3.426808296303002521e+01 5.228235519158102562e+01 6.040040341337733310e+01 5.117265363337305928e+01 3.332518173604367462e+01 5.535270106632700760e+01 6.218328548111488630e+01 5.511825844548403808e+01 3.502967741274655822e+01 5.194311134381502626e+01 5.233048089398523217e+01 5.002001244105588995e+01 3.326102051244390623e+01 3.380311929567318430e+01 3.434614362296814249e+01 4.891199486753232151e+01 5.527555581591197154e+01 5.450714837809735513e+01 3.696104677347712197e+01 3.750770534470895967e+01 3.867707564527461983e+01
1.586616813369303713e+01 2.300524671545860755e+01 3.805342779040407208e+01 5.972826525807251130e+01 7.541810163840617065e+01 7.283231373529891073e+01 7.291376234226291331e+01 8.111898313974106145e+01 8.781370322979158516e+01 6.986946442293742621e+01 5.161384409185605904e+01 6.986946442293742621e+01 7.006899650762331078e+01 6.613675299202773772e+01 5.750691017688610884e+01 4.192142613896396597e+01 5.375205614313609459e+01 4.405637784274306057e+01 6.295775577810547219e+01 6.429179374136441538e+01 4.033511251407699660e+01 6.430896347214098796e+01 6.394477096291250717e+01 4.329425857380050502e+01 5.551988266394992877e+01 4.408783798595323589e+01 6.476854673657530270e+01 6.694142792759484450e+01 5.609623072802288135e+01 3.884370453880192287e+01 5.317061353706588989e+01 3.511125064220257741e+01 3.564971676301711767e+01 3.618530161310841464e+01 5.638333164164088629e+01 5.770349065783957343e+01 3.838013505159371874e+01
1.534476304480615916e+01 3.536851471694492943e+01 3.571054844010622276e+01 4.716642463921491668e+01 6.713945240312672524e+01 7.695008081696926183e+01 6.857528868012599332e+01 6.768774924197558107e+01 6.771179050118000475e+01 7.986619700288453316e+01 7.159831515574239802e+01 7.986744874636401903e+01 7.845388651839095928e+01 7.624671730771832756e+01 7.255783951624049166e+01 6.362964887776039546e+01 7.052743495409831098e+01 5.481447877336558605e+01 6.031358114870607778e+01 7.363802038518578286e+01 5.385126970603793950e+01 7.430014319442138060e+01 7.043256087702646084e+01 4.970851348461583541e+01 7.054986736407822434e+01 5.861919831711415441e+01 5.590891224991919017e+01 6.611656690231765765e+01 4.637101183210474176e+01 5.868510735627218367e+01 5.573334968503985465e+01 5.654000763707497867e+01 5.585513625094915824e+01 3.813622158730321843e+01 5.780978893112995110e+01 6.691961114832962210e+01 5.846170742854372548e+01
1.485406467395071672e+01 4.871359092929495915e+01 5.536859580958137173e+01 5.823383139633929062e+01 6.633744630875415282e+01 6.307178067279923539e+01 4.875082235352536486e+01 4.790783442369711764e+01 6.184727334347785899e+01 8.187305291777410332e+01 7.926349612226766794e+01 7.845388651839095928e+01 5.832151909576396775e+01 5.612191853779543038e+01 6.200164938491290911e+01 8.206425500489690705e+01 8.212376001312063067e+01 7.408170188813063817e+01 7.779066342810395440e+01 8.453818142849338813e+01 7.840678633649770291e+01 8.736703284932639235e+01 7.927161520105393322e+01 5.890586208944171176e+01 7.927127789031622740e+01 7.961436877546830715e+01 6.519352090955665346e+01 7.179365983492094472e+01 5.212763303783521707e+01 7.179365983485106995e+01 7.581675040425727730e+01 6.288705292797352087e+01 4.277816917694178045e+01 5.780978903699894289e+01 4.142842068976932524e+01 6.161577409106748604e+01 6.595283767062447566e+01
3.340491168789120735e+01 5.002855854426581317e+01 4.467927568964956464e+01 3.872492073810251867e+01 5.652601350402181879e+01 4.320220043465017312e+01 3.726636196450021288e+01 5.712962770992241701e+01 7.606357955581522390e+01 7.313020539429068378e+01 5.851241275760110483e+01 7.065403758127607148e+01 6.201633556396036795e+01 4.197918151938559106e+01 6.201633561920713333e+01 7.564289796259575382e+01 8.149901197238212092e+01 8.633100604243320220e+01 7.806159873462868859e+01 7.806160589059331301e+01 8.633111858798079652e+01 9.778151677846102530e+01 8.869026506935044551e+01 7.997010610773665462e+01 7.997010631605552078e+01 9.501317783722916488e+01 7.736174687502460756e+01 7.830522567512262810e+01 5.877052815451787637e+01 7.830522567512262810e+01 8.122447649084325860e+01 6.088192627345658536e+01 4.646331315456311728e+01 6.684012128549754550e+01 6.161577409112764059e+01 4.516092752868526361e+01 6.557078038642318063e+01
3.422968506607358563e+01 3.533705061098259392e+01 1.597173175105332810e+01 3.658463970511785135e+01 4.862096984515034137e+01 2.931804795077026426e+01 4.348482701111886684e+01 5.249274974026949536e+01 6.489526035281109273e+01 6.457850860626503220e+01 4.408650636909037956e+01 5.161649582149780002e+01 4.222454040573455103e+01 3.562984394834051471e+01 4.719759629026197700e+01 6.727027057516994546e+01 6.130989304077476021e+01 7.242526909250227618e+01 5.911286916082720921e+01 5.911286916177999728e+01 6.973388386309693487e+01 8.943748573580923278e+01 8.796462512560358959e+01 9.635320676041251886e+01 1.011262129384350175e+02 1.071908792808572741e+02 9.855328809433464698e+01 8.640743280147056282e+01 6.862191566033614265e+01 8.640743280147056282e+01 8.274716006765751786e+01 6.240048149893602414e+01 5.062084062113243021e+01 7.099999971918776964e+01 6.842347306195415513e+01 4.799919701737709232e+01 6.684142529028022750e+01
1.445200605441396036e+01 1.507498442421241514e+01 1.570148145929691097e+01 3.572458634835864189e+01 4.262209580789701135e+01 3.547348016289523542e+01 2.302933543459259269e+01 3.643760652123883403e+01 4.985503197218178428e+01 5.791857619646685862e+01 5.161612855679065603e+01 3.231897700740795898e+01 2.798320538414166592e+01 4.810347641812667518e+01 5.216582702543065153e+01 5.389390802370461131e+01 4.715861904422941109e+01 5.377026192808873617e+01 4.900887254560071682e+01 6.678419966964231946e+01 7.761446754813394477e+01 8.466975513918065133e+01 6.773473513471931540e+01 8.466975528276826424e+01 9.898304868962051728e+01 9.736361750433928819e+01 1.057438745760189960e+02 9.613465512300734872e+01 8.798853568990885776e+01 9.613465512300734872e+01 9.108972354464742693e+01 7.567198457287138069e+01 5.530727473712852316e+01 7.567198457287138069e+01 7.136891954490873502e+01 5.096226771218562845e+01 6.271222577758454975e+01
