LEM/sinusoidal_perturbations/elevation_000837.asc
nrows	100
cellsize	150.0
xllcorner	0
ncols	100
yllcorner	0
NODATA_value	-9999
[rows 51 to 67 of 100, columns 37 to 73 of 100]
5.436394915576561715e+01 5.907982269058872760e+01 6.408084495356703769e+01 6.937972166564323118e+01 7.950885382643778598e+01 9.114452005898895948e+01 1.113706254253907844e+02 1.098127870282868201e+02 9.282124626651119570e+01 9.183420683884362745e+01 1.088286412008426254e+02 9.844291322094254326e+01 1.154254622540334907e+02 1.154725896713982820e+02 1.027762364261921846e+02 8.232322233796850242e+01 1.027762364261921846e+02 9.718125823802628815e+01 7.658718332134856155e+01 9.718125823802628815e+01 1.119021286703949016e+02 1.071306383934054338e+02 9.065032134987764323e+01 6.987019714442308782e+01 9.065032133899713074e+01 1.074512738853827045e+02 1.111221708672174202e+02 9.677732120152593609e+01 9.677732120148218087e+01 1.170478094723458184e+02 1.295175076533421077e+02 1.123893816502517780e+02 1.170198567113976793e+02 9.672775651127980723e+01 1.170198567113976793e+02 1.124714152038774557e+02 1.269454410580164989e+02
7.478186830142580277e+01 6.213384054966910952e+01 8.246712892781711446e+01 8.960096593693933187e+01 8.368508499733999884e+01 1.038831659347044933e+02 1.197266379630154347e+02 1.215352161426521462e+02 1.131116381655036633e+02 1.121314062797441977e+02 1.205530666040662311e+02 1.187062239948118503e+02 1.271416879932254034e+02 1.136122287550842884e+02 9.333994338487197240e+01 1.027762364261921846e+02 1.111853099642005276e+02 1.033404886847698378e+02 8.291263229558863657e+01 1.033404886847698378e+02 1.130813334420615206e+02 9.277106012298251869e+01 7.814658305919542158e+01 8.465885982607878191e+01 7.848077819453918380e+01 9.904507868093567424e+01 1.191596341347605659e+02 1.170478094243247398e+02 1.170478094682885057e+02 1.254671931112373358e+02 1.413341666400713166e+02 1.328050178228754987e+02 1.255077196513440896e+02 1.084097639275136800e+02 1.255077196513440896e+02 1.328951294614415417e+02 1.328810795405338752e+02
8.921557211103792895e+01 6.897024256137548548e+01 7.875575372217737424e+01 9.305819791672043095e+01 1.038831659347044933e+02 1.122436682300588586e+02 1.176412864330318371e+02 1.092061903370546929e+02 1.092061903370546361e+02 1.099337140871272283e+02 1.159069677062480253e+02 1.216259515698880165e+02 1.231414080756925387e+02 1.220286047313687590e+02 1.050657638916488708e+02 1.220286047313687590e+02 1.176550692408040675e+02 9.741119527877839346e+01 9.478326799228139521e+01 1.117449345515892958e+02 1.088922707494140809e+02 8.854733193233836630e+01 9.871980145038854459e+01 1.051149890190694549e+02 9.045594031900358800e+01 9.045592532420539555e+01 1.048538882685001568e+02 1.250518136338492070e+02 1.277195673530958260e+02 1.194239591451771219e+02 1.277195840916143226e+02 1.330615950156325482e+02 1.373035642297270158e+02 1.287814621831242050e+02 1.253875771533806471e+02 1.171448481683257370e+02 1.253875771533806471e+02
9.758052360732759212e+01 8.329672782587233826e+01 8.329672782587233826e+01 1.035049262578591680e+02 1.216224549990115804e+02 1.192695624296789134e+02 1.092061903370546929e+02 8.897467407785126170e+01 8.897467407785126170e+01 8.969232719537112075e+01 9.562089215534601294e+01 1.012551165633847035e+02 1.027182784854803259e+02 1.171418921583219941e+02 1.252869168710878540e+02 1.337312338283842337e+02 1.260786738244001555e+02 1.176550692408040675e+02 1.150298695364989214e+02 1.234467535149573791e+02 1.172941671400995176e+02 9.878092172694675810e+01 1.172937654204594935e+02 1.191763704628575766e+02 1.107780606723320460e+02 1.107744181280519484e+02 1.191596818447967081e+02 1.266575901562016782e+02 1.178836277046598582e+02 9.989931091435137489e+01 1.178836277046598582e+02 1.132488318758925772e+02 1.218758302474588930e+02 1.136643817615545373e+02 1.136643817615545373e+02 9.773752202258393140e+01 1.156118064117963939e+02
1.089170457478493574e+02 1.035049262578591680e+02 1.035049262578591680e+02 1.118643193887830307e+02 1.132996433563977661e+02 9.890404030722969253e+01 1.132996433563977661e+02 9.490034775810744350e+01 7.497376617896985351e+01 7.567671244794301799e+01 9.074973653155038278e+01 8.704777059410261586e+01 8.845784493246824809e+01 1.087000746494018415e+02 1.210620463856675428e+02 1.328612336507254099e+02 1.226162265786436762e+02 1.143486079653901157e+02 1.117719571380222874e+02 1.200330111957196522e+02 1.274195021794644163e+02 1.190036219105824813e+02 1.274193954682938710e+02 1.255820866203341097e+02 1.173517554937316163e+02 1.158355186576598896e+02 1.240564059643971007e+02 1.183189277336563663e+02 9.883952845081159921e+01 9.046830446019706073e+01 1.031556854733786963e+02 9.958310270748521020e+01 1.136643817615545373e+02 9.435101035814673764e+01 9.435101035814673764e+01 8.828567101161613095e+01 9.962097974160481328e+01
9.088383485621916691e+01 9.850943635637730722e+01 1.069214408434286270e+02 1.186380712279155460e+02 1.042589394302413837e+02 8.471042729851696151e+01 1.042589394300047303e+02 8.785523732243443362e+01 6.805946097196739686e+01 6.692489434683395189e+01 7.091791965807377096e+01 7.595953795694683208e+01 8.336826405816592001e+01 9.225924128593426587e+01 1.039592454717883641e+02 1.244363137941643771e+02 1.143486079653901157e+02 9.463374194500950409e+01 9.208916623575436233e+01 1.077769859585965833e+02 1.160206916990133550e+02 1.158401955053379453e+02 1.241145855985591027e+02 1.143418494431109593e+02 9.804929580442721715e+01 9.657943069221236954e+01 1.085690027830817428e+02 1.167603787452150925e+02 1.024072379330434046e+02 8.338519103519413989e+01 8.411590445642997338e+01 9.977541622702361224e+01 1.078897678976895804e+02 1.000077658746305218e+02 8.094794139231287033e+01 8.056535518584037447e+01 8.771475679056536023e+01
7.069791011701578043e+01 7.833399118967788866e+01 8.993830528023559623e+01 1.102178191455529515e+02 9.585379211966321122e+01 7.588959472113448612e+01 8.644257921203205797e+01 8.159526462691719928e+01 6.187348848505482835e+01 8.159526462691721349e+01 9.074973653155048225e+01 8.704777059410261586e+01 9.589776448423079103e+01 1.119538018200053955e+02 1.139965403509493598e+02 1.057616495011839959e+02 1.057616494922763763e+02 1.004080925121947274e+02 8.086094575688349551e+01 8.814118355799337223e+01 1.077769859585965833e+02 9.613170813329267617e+01 1.126906227548178379e+02 1.062074749378623721e+02 8.732166893934940788e+01 8.588948821199379324e+01 8.955168485080784535e+01 1.077316078006069517e+02 1.082016506138105001e+02 8.902376344407016973e+01 7.564629478605070290e+01 8.072855515463707832e+01 9.627705843461349389e+01 8.825578113657972779e+01 7.417893945030155578e+01 9.326910394037297181e+01 9.962097974160475644e+01
7.545113463341058946e+01 9.565291352187712448e+01 1.069214408434286270e+02 1.046908260847012571e+02 1.006231360987968060e+02 8.056880022753104242e+01 6.665452545653586469e+01 7.858772195991181775e+01 5.890775078341371795e+01 7.275837393177563683e+01 9.266101303261744704e+01 1.072215959983572873e+02 1.156516776342700297e+02 1.246325771740631581e+02 1.057616495011839959e+02 8.613784428186124842e+01 8.613784428186075104e+01 9.389237692709102134e+01 7.437478075173055458e+01 9.389237692709102134e+01 1.039065162841168615e+02 8.491284058541434376e+01 1.039065162841168615e+02 1.087211909086899766e+02 8.974606350778546471e+01 7.674319588187172769e+01 8.002821287862754218e+01 9.923956518523252157e+01 1.087328805993677463e+02 1.027085412313595612e+02 8.877870595736062853e+01 6.968680505311655793e+01 8.353324511748421344e+01 6.908379890421785774e+01 8.825578113657972779e+01 1.013221920143438126e+02 1.190475235660659052e+02
7.545113463341058946e+01 9.565291352188177143e+01 9.883542987344286246e+01 8.457087824880322557e+01 9.196585377165824582e+01 9.480249018589582022e+01 7.896339790158206995e+01 5.929145315893021717e+01 5.610262819724933081e+01 7.571710313242751056e+01 8.432451867918652511e+01 9.134874630344316415e+01 9.973626223655837464e+01 1.113875700037492464e+02 1.057616494891403249e+02 8.613784428186042419e+01 7.235304757358012751e+01 8.267782618114473792e+01 6.948672895155286255e+01 8.901297788325096860e+01 9.571907097826205302e+01 7.622652076657192310e+01 9.571907097826205302e+01 1.041517958266240385e+02 8.501199875089160685e+01 7.149613521952795736e+01 8.477403662155084874e+01 8.271786627741376208e+01 9.890723788973683384e+01 9.563774364856135435e+01 8.732658470915747273e+01 7.988263189091729544e+01 6.430050122558267844e+01 8.353365754289839629e+01 8.941171857946569901e+01 9.401947085822297367e+01 1.003454173035520824e+02
9.565291352188076246e+01 1.040556368466503585e+02 9.046387453281798230e+01 7.058985568856471104e+01 7.206587151294269233e+01 8.620362345877101973e+01 7.404541169400758349e+01 5.449632242283047390e+01 5.339824296130787928e+01 5.870618957587340958e+01 6.457008419428061075e+01 7.148123036060427182e+01 8.284781113961817312e+01 1.029612396931526916e+02 1.075050025679526158e+02 9.868471339071834336e+01 8.267782612480056059e+01 6.312320193334065266e+01 8.267782618114473792e+01 9.718313477644414888e+01 8.955498537049581387e+01 7.004114404778130165e+01 8.955498537049581387e+01 1.032517603176402332e+02 9.577124781502244844e+01 7.672351928636442153e+01 6.566477809438546842e+01 7.975593151511434087e+01 7.975593114468927070e+01 8.412136559771997213e+01 6.819743873852563354e+01 7.813995853691412208e+01 6.188684492327576692e+01 6.599462365162003152e+01 7.033830553307886646e+01 7.502522003449675481e+01 8.135540311235925515e+01
9.294620462751470313e+01 1.014234651053774314e+02 9.547292038874861930e+01 7.789444137102840671e+01 5.827900577847715624e+01 6.912215189146827754e+01 6.643612216823471783e+01 5.008162247549989843e+01 6.943764718165313354e+01 7.836833257623706572e+01 8.432451867918652511e+01 9.134874630344316415e+01 9.973626223655837464e+01 1.075050025679526158e+02 8.785627149947450221e+01 9.050665084744940714e+01 7.095937227695172567e+01 5.965059474363263092e+01 7.922102432803546890e+01 9.357230363269032125e+01 8.414281956485415037e+01 6.458886087418244415e+01 7.550469158034458417e+01 9.506464080841644204e+01 1.038332031072275328e+02 8.710523315503701269e+01 6.788661530369232366e+01 6.065670141084555667e+01 7.548428924749488544e+01 7.338384690691698609e+01 5.706998615339808367e+01 5.901073285456708817e+01 7.813995852262250708e+01 8.514603766486941083e+01 8.941171857946569901e+01 8.841511133666745081e+01 8.839361588432275596e+01
7.304480573953654243e+01 9.139009386609291141e+01 8.712592248047003807e+01 6.734157579521394155e+01 6.912215189146827754e+01 4.980128599688035251e+01 4.723334987943484720e+01 5.150208616902288838e+01 7.086954899301268540e+01 8.510683313080305368e+01 9.346284092253503673e+01 1.034053843823501921e+02 1.152043595005860368e+02 9.547526150978785608e+01 8.166998113734496201e+01 7.192120233641783500e+01 7.600366552235200857e+01 5.642278373760812826e+01 6.583790692843105319e+01 7.970510528061809907e+01 7.331802968619271610e+01 5.950670982334143133e+01 7.083643272531587343e+01 9.037406829751232351e+01 1.007311159966959622e+02 8.144966075806387096e+01 8.695828854500778959e+01 7.119466815745641952e+01 5.648742146937657083e+01 5.441409837677877448e+01 7.338385169328543611e+01 7.813953517266213566e+01 8.612948347377491132e+01 9.558274213348691717e+01 1.037737782538985272e+02 1.078439820988472917e+02 1.075002783465773035e+02
6.357994334035628725e+01 7.431260197711725368e+01 6.952961668717975385e+01 6.517383867078989113e+01 5.161054440056575743e+01 4.467375885914616163e+01 6.376350784182013598e+01 6.512817898956447493e+01 5.860655578148540457e+01 6.530262373975119772e+01 7.466765065159673043e+01 9.288167188014647024e+01 1.137199155637338066e+02 1.094728886300576818e+02 9.297790035180652524e+01 7.342935353795508036e+01 6.213282503167348381e+01 5.688511091934550734e+01 5.197521671152012601e+01 6.796187472428796639e+01 5.370664783127765673e+01 7.331802968619271610e+01 8.723198271293779271e+01 9.854323901487846626e+01 1.088938052715117522e+02 1.007203129408587472e+02 9.659236778917949096e+01 8.337882195480403880e+01 7.144643849307647088e+01 5.255784006998612057e+01 6.588414079373590937e+01 8.498069397497566513e+01 8.428850561502272853e+01 7.601829214807249002e+01 8.726581642393568927e+01 1.069383158236720277e+02 1.144435639023613902e+02
6.855674057351211559e+01 5.519338041294098929e+01 5.054358094837805027e+01 4.631323728075810209e+01 4.222778643214654437e+01 6.129130772811935657e+01 7.196581063798005573e+01 8.473044232193903724e+01 6.988903446711719880e+01 7.821330276947720961e+01 9.346284092253503673e+01 1.034053843823501921e+02 9.698657134461507212e+01 1.088157825669434402e+02 1.011649068554932143e+02 8.984191462853897292e+01 8.169154157883401979e+01 7.646425470715260531e+01 6.796187472428796639e+01 4.835459915339166059e+01 6.550999544266379360e+01 7.997856054657955838e+01 9.051133303497580584e+01 9.870688640613639109e+01 1.097860654920557408e+02 9.857089218395155683e+01 7.628150307377482875e+01 7.701186969316891862e+01 6.791476318128395917e+01 5.101334185826802781e+01 6.992077934665761063e+01 7.600329325988496976e+01 6.485666988822660528e+01 7.601830300168364829e+01 9.558581249767846089e+01 1.151358199832612144e+02 1.062114260901233393e+02
8.259575423543481065e+01 7.431259726501464513e+01 6.952959679403228677e+01 5.967292891489802997e+01 4.060673730138075399e+01 5.967293506960346861e+01 7.133294041223658155e+01 7.960198309874310496e+01 8.958446473841866009e+01 9.796441665202829086e+01 1.065150406349823271e+02 9.944648060416679414e+01 8.302165528231003577e+01 9.944648060416679414e+01 1.015635847960138847e+02 9.337602213673767437e+01 9.337602213673706331e+01 8.330106213909755297e+01 6.588970353137379732e+01 4.628549597534674120e+01 6.588970353137379732e+01 7.452662625572415322e+01 7.093414538638900524e+01 8.191649269687118817e+01 1.014136442566664442e+02 9.236127262796362913e+01 7.111200128791391251e+01 5.661515692293357205e+01 4.881285285614713132e+01 6.423663747713224836e+01 6.919937304839137937e+01 5.675447241752045358e+01 6.777489518690508419e+01 8.724349406002649232e+01 1.037886357624249030e+02 1.020087945498324018e+02 1.032259914687455336e+02
6.536308130238094805e+01 7.373568989864573098e+01 6.408950522772944680e+01 5.596663376298415926e+01 3.896395634751305437e+01 4.535878804077348292e+01 5.197575644781750981e+01 6.300265515360143809e+01 8.271232175196942649e+01 1.012312878424041003e+02 9.343946646559284375e+01 9.168003964073051293e+01 7.321369578586832461e+01 9.168003964073051293e+01 9.337602213673768858e+01 7.380598764862564565e+01 7.380598764862564565e+01 7.515919848679745030e+01 5.558294264436229071e+01 4.425088638352657000e+01 4.949891694158275612e+01 5.494747414619516235e+01 6.236474345869463320e+01 7.365028812851356577e+01 9.320833813012669111e+01 8.419782412750663525e+01 7.590615590069165819e+01 7.161901757489322051e+01 6.374824964820541595e+01 4.663515015687681142e+01 5.031904832024825680e+01 6.940129197930561133e+01 8.413502743795915251e+01 9.542184911607654385e+01 1.020087945498324018e+02 8.291821638126610594e+01 8.642140274726446592e+01
4.589245386531806048e+01 5.772607288108018508e+01 5.387557573623882234e+01 3.667230173893710088e+01 4.359264097685453265e+01 6.272814650089254940e+01 7.133294042036563098e+01 7.960198229189307995e+01 9.105382487128846947e+01 9.038714665989544983e+01 7.466867524655607724e+01 8.542801309993912184e+01 6.674750748342582085e+01 8.542801309993912184e+01 9.337602213673767437e+01 7.380598764862564565e+01 5.997963426688337307e+01 7.079118763319843310e+01 6.199573873235490140e+01 4.235892393084019858e+01 6.195210538726997385e+01 7.451138915748231284e+01 8.191649269672049627e+01 8.486681636107849158e+01 9.068904468882101355e+01 7.588662494449766882e+01 5.625219739730867730e+01 6.125809840319869437e+01 4.460452189136389478e+01 6.374817561173508551e+01 6.940128718953897646e+01 6.122779085577781899e+01 7.231471112173541371e+01 9.183865832579718358e+01 9.986801883269448865e+01 8.085163199665521461e+01 6.736465980561132483e+01
