LEM/sinusoidal_perturbations/elevation_000472.asc
nrows	100
cellsize	150.0
xllcorner	0
ncols	100
yllcorner	0
NODATA_value	-9999
[rows 68 to 84 of 100, columns 37 to 73 of 100]
6.929630335293701648e+01 6.035799356866521492e+01 4.049722637416373061e+01 5.452403053742300898e+01 7.444242624107346273e+01 6.869323443370498694e+01 4.882194948916957600e+01 5.211119845315783294e+01 7.202774710155556193e+01 6.817101306944340422e+01 4.828085346711696246e+01 6.817101306944340422e+01 7.362914226642114102e+01 6.958344854581132211e+01 5.735166784754233760e+01 3.666670384579106212e+01 5.425534436802936256e+01 6.263744437349023997e+01 7.473176183041117326e+01 8.051165328844301428e+01 8.637855033522536985e+01 8.719328330727068987e+01 6.708996963627171795e+01 8.719328330727068987e+01 9.595001279524358040e+01 8.289132660239454253e+01 6.275139999033825688e+01 5.269148167774567781e+01 7.165307161858571305e+01 7.351056683821418858e+01 5.610831197590112396e+01 5.830100641943623430e+01 6.053643576078198407e+01 6.292600155417874674e+01 6.569557291073938643e+01 6.864501224071834429e+01 7.263233223451429410e+01
7.444242624107346273e+01 5.452403053742300898e+01 4.749791802276168085e+01 6.035799356866521492e+01 8.029395537263363281e+01 7.624392300603801687e+01 5.626667881634765678e+01 6.095354242195036676e+01 8.036437055734890578e+01 7.658351911667838863e+01 5.970450003442181242e+01 7.658351911667838863e+01 7.363807594912702825e+01 6.121766279931689070e+01 4.112936376448184461e+01 5.735166784753847935e+01 4.229758862916366269e+01 6.236969424859474032e+01 7.202004100573455503e+01 7.664854652711856886e+01 8.505147434467731671e+01 9.543929102592902325e+01 7.874466643866124116e+01 9.543929102592903746e+01 1.028796083243211399e+02 8.289132793454558623e+01 7.600699808523125967e+01 5.585926027653966486e+01 7.600699808523125967e+01 8.065848438768216511e+01 6.039710539019645807e+01 7.848811647058921892e+01 7.484422649502640468e+01 7.725156917549730906e+01 7.060509151859953647e+01 8.887508909175620886e+01 9.283812444298686728e+01
8.272757716569408615e+01 7.444242624107346273e+01 5.896521013026706015e+01 6.155014305208435132e+01 8.149345004973574191e+01 8.459268581804268194e+01 6.619418773336126094e+01 8.098696678208028743e+01 7.728867844952951316e+01 8.822832933539635292e+01 7.973648507234153726e+01 7.532927640058031216e+01 5.518858044934231089e+01 4.525568412567652388e+01 6.121766279931690491e+01 6.958344854054612938e+01 6.236969425004996737e+01 4.759275426486407667e+01 5.191311363699086456e+01 5.647335948525029892e+01 7.071491783041763313e+01 9.097359340078013190e+01 9.873430857663298355e+01 1.069568782806083078e+02 1.028327437267003432e+02 9.351980216167221727e+01 7.343968472662398028e+01 5.916263729644609981e+01 7.932101495934503532e+01 8.519523773836289138e+01 6.490625995664423442e+01 8.519523773836289138e+01 9.497917295914304248e+01 9.732192420855437831e+01 8.241830756119142620e+01 7.982511040470383534e+01 1.002596537294957812e+02
9.441832466456665429e+01 8.719195128152414043e+01 7.890179517431322154e+01 8.149345004973574191e+01 8.978672187023067863e+01 9.465515854975488708e+01 8.629365827871463068e+01 9.465515854975488708e+01 9.744246261385791286e+01 1.058056891909482005e+02 9.558845649595787108e+01 7.532927640058031216e+01 6.953738893216103634e+01 4.946963034140949844e+01 5.136367097085960864e+01 7.146114292000636681e+01 7.601748003938919851e+01 6.171792279207191001e+01 6.171792279207042498e+01 7.664854652711856886e+01 6.434519764152884136e+01 7.864953852578979365e+01 9.892711213206618481e+01 1.086768614935086816e+02 8.877545745780440711e+01 7.451761991091612458e+01 6.776861069357414635e+01 6.345546172222936576e+01 8.362013849338941895e+01 9.011995650370032251e+01 6.981482084975016278e+01 9.011995650370032251e+01 1.068700329701169665e+02 1.108426194806501002e+02 1.025724938858364652e+02 9.038595090296063006e+01 9.436385279607648613e+01
8.296003149742290361e+01 8.226884822906329475e+01 7.402925861876356350e+01 7.660719550189097049e+01 8.484865751423889435e+01 9.142566402913497825e+01 8.656581708462286429e+01 9.170320706642139896e+01 9.388425664733041742e+01 1.021505069303122468e+02 9.816664064908756870e+01 7.789396829479603923e+01 6.361649285021573519e+01 5.442467714520120126e+01 7.146114292000636681e+01 5.800211943387416369e+01 7.819065466307232271e+01 8.191103999329992291e+01 7.597589517807178083e+01 9.031703591911949047e+01 7.259308545238076249e+01 7.864953852578979365e+01 9.892711213206618481e+01 1.086768614935106996e+02 8.877545745780440711e+01 9.460444374472943707e+01 8.790883579998755692e+01 6.796980835594179382e+01 8.812754556132944117e+01 9.856764032058832470e+01 9.011995650370032251e+01 7.810968872143931208e+01 9.840581560070589262e+01 1.186347633963652015e+02 1.197360046142268999e+02 1.068314743488743659e+02 1.144933763040082084e+02
6.463655792333956640e+01 7.081166601023963381e+01 5.420459790285691781e+01 5.677467450624037326e+01 7.660719550189097049e+01 7.153013693119011407e+01 6.668529493944238595e+01 7.180618022883484741e+01 7.398169665796417860e+01 9.292064352300710084e+01 1.028832068250649314e+02 9.224029985289438116e+01 7.979430585576108115e+01 5.957986444953427707e+01 7.979430585576108115e+01 7.225598304319009912e+01 6.559572678920659428e+01 8.584365047822414851e+01 9.623974700398019877e+01 1.012795194688913796e+02 8.272542081500547795e+01 9.892711213206618481e+01 1.073473800103646170e+02 1.168900320738977143e+02 1.086768614935106996e+02 9.758178984398843170e+01 7.752630911420152415e+01 8.227236458440351896e+01 7.880105355322007199e+01 9.883744993192824779e+01 1.068700366538845259e+02 9.244698317037195068e+01 8.981718591401205742e+01 1.041482390882443667e+02 1.245989100612642204e+02 1.296755203268384093e+02 1.322041661341379779e+02
4.485282808179383096e+01 5.326300275384782879e+01 4.281175593091630560e+01 5.928968277125831321e+01 6.249743737887992978e+01 5.750647615535051926e+01 5.267306384606340686e+01 5.778205829175750807e+01 6.478701637826156912e+01 7.470482254952355561e+01 9.461531730726770206e+01 1.000758871306706936e+02 7.979430585576108115e+01 6.594097374237367148e+01 8.620112971958830883e+01 9.251821934082657606e+01 7.232960938134219475e+01 8.212169655213607200e+01 1.024044462144734382e+02 1.114270929777741657e+02 1.030034867928951599e+02 1.114270929778721779e+02 1.108562437377402432e+02 1.188145418402844200e+02 1.116260289699423680e+02 9.176447552480753700e+01 8.917770253915057310e+01 1.022632028859731577e+02 9.302359643391764621e+01 9.519692693872053724e+01 1.150359199107646049e+02 1.127917095541964585e+02 1.101381019364269349e+02 1.186347633963652015e+02 1.268500050907087058e+02 1.166931847254736994e+02 1.133938631652542171e+02
3.085051341488212984e+01 3.351520987374972549e+01 3.646821597269193660e+01 3.953949647339639029e+01 4.272350995756870162e+01 4.609387680461278336e+01 6.589646453339628351e+01 7.763388443208020817e+01 8.466006992839561462e+01 9.292064352300710084e+01 1.028832068250649314e+02 1.005418253997324030e+02 8.026101907500753896e+01 7.763070019369069996e+01 9.461204766379398734e+01 9.976919306811980448e+01 7.949355080971274390e+01 9.976919306811980448e+01 1.108274478415368947e+02 1.178337116716619306e+02 1.100893322901087146e+02 1.076144069137109369e+02 9.137992621985509345e+01 1.076144069137109369e+02 1.198376580662389301e+02 1.116260289699423680e+02 1.090619865980193310e+02 1.172694916941043317e+02 1.128733338964756996e+02 1.150359199137406563e+02 1.226948929595464790e+02 1.144871952837181794e+02 1.170560554613382180e+02 1.252650902711829701e+02 1.189032733486667723e+02 1.003713190125008197e+02 1.152000646945804903e+02
4.126720270751098241e+01 5.326300275375399451e+01 4.783806335691983946e+01 5.928968277125831321e+01 5.668580756635445539e+01 6.006707772161164627e+01 5.540702982692432954e+01 6.684816029059300035e+01 8.089564868735133985e+01 1.008208728801222236e+02 1.123563808077059321e+02 1.089630762525806063e+02 1.005418253997324030e+02 9.790855417330882915e+01 1.063274444471457514e+02 9.976919306811980448e+01 9.382484444416911629e+01 1.081894882538966129e+02 1.091879165494829493e+02 1.011949337023749678e+02 9.083717061259065417e+01 9.961130753236353996e+01 7.984701290283355490e+01 9.961158657596668320e+01 1.094291917378339178e+02 1.206041139036845777e+02 1.215763607864120814e+02 1.133638608936614673e+02 1.116309099631974817e+02 1.198442242740997017e+02 1.112064634850833045e+02 9.455410280116100807e+01 9.714783669898365304e+01 1.170560554613382180e+02 1.124994063123514820e+02 9.367716884757679452e+01 9.620354836519489083e+01
5.527320400040515835e+01 6.927920496449986842e+01 6.763497297793792029e+01 7.586879686613904994e+01 7.648325992098277482e+01 7.971494795652826326e+01 6.942540502182841067e+01 7.160078060188121185e+01 9.149749487105468404e+01 9.569243384496360250e+01 9.194729722794582472e+01 1.123563808077059321e+02 1.149299724209066085e+02 1.066295135594531587e+02 1.149299724209066085e+02 1.200822422452489917e+02 1.141201201355351316e+02 1.097027029478065714e+02 9.801929244795705642e+01 8.132252549055171187e+01 7.925508513050648673e+01 8.621501624796232477e+01 7.271049791829520359e+01 8.172362418766549297e+01 9.323125668211302752e+01 1.126555790863482969e+02 1.100792509620357151e+02 9.341430819982031153e+01 9.166162992228366591e+01 1.083387283091341686e+02 1.029788189731321211e+02 8.290087217635311845e+01 1.029788189731321211e+02 1.166952563389657485e+02 1.176683087761264801e+02 9.866709388827605665e+01 8.498916201254252201e+01
5.354976722367766939e+01 5.867286453159961468e+01 6.441989136778600766e+01 7.108106458963169416e+01 7.938885522395875682e+01 8.942554438736421218e+01 8.930788445418542665e+01 9.149749487105468404e+01 9.484798305223402792e+01 7.489619648953468811e+01 8.639207376437164498e+01 1.069361931360361524e+02 1.047164655612193087e+02 8.604181258018591905e+01 1.047164655607958395e+02 1.177960502117926183e+02 1.181979866952240030e+02 1.014178560443647541e+02 8.132800767601959535e+01 6.958294960617507741e+01 6.908828316436618877e+01 6.611136153043327113e+01 8.622291704809568103e+01 8.518249663764068202e+01 9.630902254165634702e+01 1.153265594392975828e+02 1.018459812756596818e+02 8.176491121601368661e+01 8.000063529246389749e+01 9.784379023756920901e+01 8.957310628804287944e+01 7.679085297883328565e+01 8.846840158672787879e+01 1.084771417677094405e+02 1.114163370108814917e+02 9.974209964815447904e+01 8.030700213678584021e+01
3.371978032312080131e+01 3.883119408446465570e+01 4.451160642231246811e+01 5.109754492409489757e+01 6.103750051494193940e+01 7.521273741797114099e+01 9.539719669053503992e+01 9.989975710221060012e+01 8.639207376437163077e+01 6.558585695809159688e+01 8.639207376437163077e+01 1.031712891277883273e+02 9.633566306981956018e+01 7.547642541455377341e+01 8.896080887160923112e+01 1.082034870941210443e+02 1.040476634311107773e+02 8.989734016699767949e+01 9.453998799084284599e+01 7.973793893638122654e+01 5.990825879475126214e+01 7.563341812306198619e+01 8.422121767176416540e+01 1.022138927960175607e+02 1.122596875851931202e+02 1.232704652179325677e+02 1.100792509618341057e+02 9.111219782951695834e+01 7.093939327246940252e+01 8.348761831638356057e+01 6.938982601982783649e+01 8.108287136907284776e+01 1.011709828714537451e+02 1.144895034509129630e+02 9.536436635284258045e+01 8.407206901464117266e+01 7.594114955723706828e+01
4.674813768918236434e+01 5.867286400243961708e+01 6.441989136778600766e+01 7.108106458963169416e+01 7.938885522395003136e+01 8.484136508460366599e+01 9.316121467635325359e+01 9.148215796065802863e+01 7.079701344860841061e+01 5.944253238257979177e+01 7.404726448596098010e+01 8.663398918661789594e+01 8.896080887160944428e+01 6.807430550055930496e+01 7.913199874758647923e+01 9.983676801770849352e+01 9.576815070689650611e+01 7.556450840056436391e+01 8.299024536302705712e+01 7.651264442493348383e+01 7.098796056454850145e+01 5.509089215442435972e+01 6.995075090488506930e+01 9.209224835683988886e+01 1.008120086548588006e+02 1.123799325777720810e+02 1.092120925447891295e+02 8.925329065462067035e+01 7.497626272176670170e+01 6.327796344768424319e+01 8.348761831638356057e+01 9.784379023757776395e+01 1.094071137808835346e+02 1.224905586381539138e+02 1.114163370108814917e+02 1.015805607567138651e+02 8.210176491410791755e+01
4.468406559338794892e+01 5.496044767236378448e+01 5.966574447031086237e+01 6.483631537685211299e+01 7.075563212809110780e+01 6.492113050153801623e+01 8.484136508460366599e+01 8.923649475354569915e+01 6.852719461306557491e+01 5.407750257224476798e+01 6.810529892583264200e+01 6.591714338486235647e+01 7.618847992129423119e+01 6.214833555916674612e+01 7.685279509815123333e+01 9.760643229818721522e+01 9.726447534738736067e+01 7.707766571107239884e+01 6.262513300831927410e+01 5.603459229263330599e+01 5.050983326504530169e+01 7.121125483555650248e+01 8.083054492032141525e+01 7.276975718258032089e+01 8.410286562966108193e+01 1.040706626450209882e+02 1.110650851765554421e+02 9.466941218317131757e+01 7.447465312545703853e+01 6.015010779975357025e+01 8.036930870082017009e+01 8.641829136953354862e+01 1.064521601784023233e+02 1.188620008228832887e+02 1.107144957232747942e+02 1.095691007841217726e+02 9.835561944641388266e+01
3.005106953211605259e+01 3.522456007903038255e+01 4.011594083515648634e+01 4.530938281337012796e+01 5.113333630454691558e+01 6.235632541413493612e+01 8.222929847353275079e+01 8.433853237332489527e+01 7.251989724763416234e+01 6.403472945288071116e+01 4.779596417493775817e+01 5.153235246695768268e+01 5.559555652599743070e+01 7.618847992129414592e+01 9.141905547257819364e+01 9.891026518948915225e+01 9.074382089826427489e+01 9.130960925871740130e+01 8.259019313755017322e+01 6.219570431896114115e+01 4.731561301633318095e+01 5.396173120602895779e+01 6.069307559891087323e+01 8.083017123902467915e+01 8.579490747640205939e+01 9.409659752206107441e+01 9.700535026796028149e+01 8.288185707553269310e+01 7.738817918894012848e+01 5.717897989117418689e+01 6.622634668927761936e+01 8.053612493480433443e+01 1.006190973523926857e+02 1.074891958347081413e+02 9.100443165767487130e+01 1.074891958347081413e+02 1.038385835380373265e+02
4.957289912942593446e+01 5.496044781096281184e+01 5.966574447031086237e+01 6.330313776594793751e+01 7.070838565980972135e+01 7.904117258894879683e+01 9.055201442704917270e+01 7.585577245998399576e+01 5.537108955459834192e+01 4.385835320342474120e+01 6.347156814014648063e+01 7.140383398617524335e+01 7.618847992129423119e+01 8.470389178297067190e+01 9.267391514315835366e+01 8.451522289951611810e+01 7.112142840623288009e+01 8.756552007857671072e+01 8.009555152687407542e+01 5.961649936328068122e+01 4.475337748998597220e+01 6.561467486972422591e+01 8.083077314459407603e+01 7.692701965641971640e+01 6.597512083427166374e+01 8.260528862222896862e+01 8.875241139735713602e+01 6.859937418963534128e+01 7.461220748125710145e+01 5.446012592935967689e+01 7.461225567761481159e+01 8.735758661627440347e+01 9.741382060986848046e+01 9.933488492925586399e+01 7.950685416511004178e+01 9.583482283329031759e+01 9.582200344716149232e+01
4.486641319917050197e+01 5.504047903457284008e+01 6.367342005930029103e+01 7.716252502402157631e+01 7.878990472987280214e+01 7.016429796946917463e+01 7.889483705918654266e+01 7.672073638252476258e+01 6.058353935748527874e+01 4.125175864511779622e+01 5.664007747773126766e+01 6.957798384094367350e+01 8.260257071635510329e+01 9.380358161564252839e+01 8.451522289951613232e+01 6.484092459111657547e+01 5.971186154918277111e+01 7.875741986656505844e+01 7.774636563745325191e+01 5.720538154344669834e+01 4.242606868032384426e+01 6.322169648155198018e+01 7.139018895265685671e+01 5.760072166831680818e+01 5.514326565941750147e+01 7.435123581834514539e+01 8.525121312074439572e+01 7.600740867437880866e+01 5.588675369436079876e+01 5.187228264872867101e+01 5.887063611799786145e+01 6.897049562065885198e+01 8.914131262332114147e+01 9.184059373067472620e+01 7.192538803329240693e+01 7.683978875872236358e+01 9.112927646831244033e+01
