LEM/sinusoidal_perturbations/elevation_000909.asc
nrows	100
cellsize	150.0
xllcorner	0
ncols	100
yllcorner	0
NODATA_value	-9999
[rows 51 to 67 of 100, columns 0 to 36 of 100]
6.455108993161302530e-03 2.000645510899280666e+01 2.487380954110658848e+01 8.722965938224467308e+00 1.149646691935051379e+01 1.432489404409635725e+01 3.432301960325987267e+01 4.235247690635731743e+01 3.235538598858093451e+01 5.234956233745141674e+01 5.901334499221320584e+01 6.567613402028553082e+01 7.394310884367446590e+01 8.392777103645826742e+01 8.039906333158769769e+01 6.036518747334930879e+01 4.877443737563926618e+01 6.064383005311705688e+01 6.252296474532681003e+01 4.247425531400930510e+01 6.252296474532681003e+01 6.307474578796964693e+01 4.301278372218761348e+01 6.307474578796964693e+01 6.686750784406034143e+01 5.393596999078928889e+01 3.404063791441019760e+01 4.948537240069794052e+01 3.197902576580634815e+01 5.189880019818431123e+01 5.616316103270305149e+01 4.022962478297463207e+01 6.017916042810951893e+01 4.900310501432471710e+01 5.225183063069425771e+01 6.228294874726501718e+01 7.636841155390150959e+01
3.995603441288198172e-03 1.414613122717211269e+01 3.414613122717140214e+01 2.874423264307730008e+01 3.149485807274144022e+01 3.432302001302063843e+01 2.375297863198172976e+01 4.374944437831062771e+01 5.234956203430371602e+01 4.500367871799843300e+01 5.914053370479572891e+01 7.911200565844096388e+01 8.432970665483178152e+01 7.613789261711150402e+01 8.432970665480247874e+01 7.710290146416154755e+01 6.064383005311705688e+01 4.061759684105192036e+01 5.377488872991091284e+01 3.716144752380055394e+01 5.716472176397155636e+01 5.598177107765879157e+01 3.598873353442889567e+01 4.744947127872788428e+01 5.573706303321608146e+01 6.070414310989525575e+01 4.650316969351053586e+01 2.961476973873130802e+01 4.948537240102717050e+01 6.017944668967307109e+01 6.849712812191501143e+01 6.021558780684654266e+01 4.447817550466865555e+01 6.447016020514023182e+01 7.221023942960752606e+01 5.727386527063194421e+01 6.396322243212689074e+01
4.804567899273937473e-03 1.414694019163034966e+01 3.414694019163105310e+01 4.165037170271654077e+01 4.993464297043973232e+01 5.202459844226535779e+01 4.374944438861004414e+01 3.640174473152670487e+01 5.054101877589426550e+01 6.499004227853961879e+01 7.325501019320026330e+01 7.574468038499587408e+01 6.745571349199107658e+01 5.560448748432573751e+01 7.417380802154906405e+01 8.066546945378767930e+01 6.064383005311706398e+01 5.376888886027176540e+01 3.381394323384043332e+01 3.222009995960223705e+01 5.215493411649614330e+01 6.413849077160043066e+01 4.744936507239242474e+01 2.756439321140833343e+01 4.342322005851085720e+01 4.454059265881070218e+01 4.596694600062007652e+01 2.815621325114709705e+01 4.800269556246372815e+01 6.619111706289574215e+01 7.616986473298737792e+01 7.275291125367054690e+01 6.452613491245209332e+01 7.285437211709856342e+01 8.527082965972415707e+01 7.138982151909591778e+01 6.378819876391912658e+01
9.707512844716031236e-03 2.000970751284436133e+01 2.662181319971536197e+01 2.165037170259184762e+01 3.766265577906854389e+01 4.594692704291087182e+01 5.594692705191617677e+01 5.639306641473837090e+01 6.466375955548983256e+01 7.878643297890987185e+01 7.510731193054631660e+01 6.393067548107394771e+01 4.681080107921483346e+01 4.520143415808498588e+01 5.989631150193518039e+01 8.029582287660745976e+01 6.796660135182496276e+01 4.792918743911706514e+01 3.641680998226459565e+01 2.756774176050000946e+01 4.315251808036151004e+01 4.902902413394854619e+01 4.076615182090417733e+01 2.242562848020402555e+01 2.356333438730578322e+01 2.469947849321994582e+01 2.613590236783605647e+01 4.442479144884703146e+01 3.800685927026216859e+01 4.794570415190225532e+01 6.205460892436216369e+01 8.202575988546485064e+01 8.302607638887248243e+01 8.429807538724470817e+01 9.253522420271410454e+01 9.109767176615679318e+01 7.783488164004110388e+01
5.001202446392439237e-04 3.288479866351791792e+00 6.621813199685139040e+00 1.010336631879912694e+01 1.766265577898380457e+01 2.766265577898398220e+01 4.180479140271543059e+01 6.180479140329340026e+01 6.936026103505190576e+01 7.764453204723085378e+01 6.681687090178718336e+01 4.631401373647866393e+01 3.510702497681118217e+01 5.553630634540363076e+01 6.688710950265114263e+01 7.517097565052182517e+01 7.630489392695227480e+01 6.467844644982884006e+01 5.571567936720278880e+01 4.326805763591396214e+01 2.336781641488239813e+01 3.924846979264478364e+01 2.084679310840351718e+01 4.077623394053691186e+01 3.757735387214773937e+01 4.453554838793917270e+01 2.726329198635511730e+01 4.699670334602890875e+01 5.792063971983902348e+01 6.619111706289541530e+01 7.502012121854650673e+01 7.710356588243521969e+01 6.293752089766596924e+01 6.422710825916877297e+01 7.691934495045236986e+01 8.517153430396810165e+01 9.746725467345667937e+01
5.279685921607564676e-03 2.000527968592125205e+01 2.662181319971536197e+01 3.010336631885185099e+01 1.627550031728291202e+01 3.627550031741318293e+01 4.889357009131749976e+01 5.521812541161590104e+01 4.936026103546932831e+01 6.936026103505190576e+01 6.459300612006752829e+01 4.406336565063771360e+01 2.999298490552700969e+01 5.007635812904060657e+01 4.642676892265510702e+01 6.688710972296338753e+01 7.562676551569285266e+01 6.605714421571101980e+01 5.737368057300864876e+01 5.107961159638646365e+01 3.918766480212102010e+01 1.927157348741227949e+01 3.924846977381704960e+01 4.904384693030650055e+01 5.754735575164741590e+01 4.881949340896506584e+01 2.907474935263672577e+01 4.882190101352261991e+01 5.974122879528348307e+01 5.804295142054763801e+01 5.492287154728224152e+01 6.370079222505109584e+01 4.866176665605312479e+01 5.250342302031791775e+01 5.673249118949229342e+01 7.691934495045236986e+01 8.860150343368279380e+01
5.738623160518319517e-06 2.000000573862280362e+01 3.828880330216836825e+01 4.455977159249160735e+01 3.041763594101411528e+01 2.334656812914851187e+01 2.889357009140089971e+01 3.521812541173787992e+01 4.936026103546932831e+01 6.936026103505190576e+01 6.011306980965733970e+01 3.972115187886088705e+01 2.595421973301157692e+01 3.229873733624096843e+01 4.642676890694371394e+01 6.688709717239881059e+01 5.586151093957702329e+01 5.741048291155719596e+01 3.687115460866402117e+01 4.280082617707954995e+01 3.824125185060665899e+01 1.823197377339196734e+01 3.824125186433325041e+01 5.443958699779975063e+01 6.599125730872174245e+01 5.709041868216066717e+01 4.882190101351681477e+01 3.168358820173288493e+01 5.146460938352048231e+01 3.815765640226441491e+01 4.086107341683904792e+01 4.366795950496998557e+01 4.913045248477253324e+01 6.929154039612011218e+01 7.691934495045236986e+01 6.354151107929943265e+01 6.862849692723112582e+01
4.532054705376768917e-03 1.000453205470546436e+01 2.414666767843666761e+01 4.414666767843737460e+01 5.041763594145856331e+01 3.748870375288244361e+01 4.889357008118680881e+01 5.521812541161590104e+01 6.350239654134990275e+01 6.446830300093145638e+01 5.598195094128666227e+01 3.574767374528269670e+01 2.231207145726910213e+01 3.574698088588504419e+01 5.595058502433517589e+01 5.837094830702010739e+01 4.182957849707155873e+01 5.498463688776706704e+01 4.261906337390522026e+01 2.247787001368156723e+01 3.583678419487392830e+01 1.719130102299295260e+01 2.621226904425636661e+01 3.770765376168220939e+01 5.769733529928986115e+01 6.586203186367491469e+01 4.570000251813117131e+01 4.934260992523628886e+01 3.439545443238035460e+01 5.421608042893608825e+01 6.080921969288235829e+01 5.780470372094134035e+01 6.926391241484903105e+01 5.815826382682094220e+01 7.829855034375950140e+01 8.360825541616063106e+01 8.860150343368279380e+01
9.001595176218036079e-03 1.415113721890729259e+01 3.415113721890799781e+01 4.650643680670598457e+01 5.479072450935576200e+01 5.748870379136010200e+01 5.773883789120417731e+01 5.561206117687338235e+01 4.740742059837938172e+01 4.524645398125145590e+01 5.493398900865023649e+01 3.342744210172521946e+01 1.945159785603268077e+01 3.259203858660481501e+01 5.275191991156478366e+01 5.019761673900519128e+01 3.033239319033074821e+01 3.874680185479903827e+01 2.754020525490962612e+01 1.470339270385870201e+01 1.573394389430116647e+01 3.565373504372573876e+01 2.726365038279886832e+01 3.876959882775258137e+01 5.886325040384170393e+01 7.414235161606310953e+01 6.579388202778548589e+01 4.827706209935734449e+01 5.421608042893608825e+01 3.861025800522988050e+01 5.850378027379681356e+01 7.136934083050832101e+01 8.590637469439104734e+01 7.244839706049125994e+01 6.984818037585715444e+01 8.143375311323137566e+01 1.013278087936601821e+02
5.674351268809080251e-03 2.000567435126845339e+01 3.236430101550831040e+01 2.650643664157002988e+01 4.650643672516498128e+01 5.177214371520697966e+01 3.795746177086589057e+01 4.358792667611979965e+01 2.583647156489782759e+01 2.873800130337818004e+01 4.021713973609553250e+01 3.206672067468410603e+01 1.680917509584630665e+01 3.545823196229416396e+01 4.224048245701813897e+01 5.098628245728257724e+01 3.876422582029085362e+01 1.872401578190870453e+01 1.327177997496590223e+01 3.347064250451025202e+01 2.739601071035580659e+01 4.341033669746590107e+01 3.877319474577037539e+01 5.560517772510564782e+01 6.722000972236511984e+01 8.533513124316314702e+01 7.636192802236806187e+01 6.226310968961890779e+01 6.679345418138598234e+01 5.262682498353312610e+01 4.308642073068501333e+01 6.308963775250305872e+01 7.638664864599712701e+01 9.242206974218720461e+01 8.984197039129114160e+01 9.806291305331795627e+01 1.095353363822038801e+02
9.518805923843161668e-03 6.039745697479090403e+00 1.236430101781579438e+01 2.650643664152501344e+01 4.650643648343053371e+01 4.375129245406314027e+01 2.206803256042784511e+01 3.003663043246112352e+01 1.439977036646180863e+01 8.150924204419604635e+00 2.720138460932640356e+01 1.309799261585479790e+01 2.840728551076460207e+01 3.651569466439932654e+01 2.168754036474433633e+01 3.673405645981375045e+01 3.074286211045994932e+01 1.190885480928382556e+01 3.209714650757742049e+01 2.979590927191169314e+01 4.725682246429671096e+01 5.529911670696372283e+01 5.896803485965754277e+01 6.749609051225718304e+01 7.370759498685514188e+01 6.519564226233799786e+01 7.940298754889690258e+01 8.218170796454052152e+01 8.096008337923882436e+01 7.137689048598925012e+01 5.720694725068466369e+01 4.800216157207656664e+01 6.811315833049597757e+01 7.359054138793320021e+01 9.353662937961004786e+01 1.073758702093869175e+02 1.053342334688423136e+02
9.062254805971973678e-03 2.000906225480561673e+01 3.236430101550804750e+01 4.064857124960713008e+01 4.802212608738253863e+01 3.897231056423795792e+01 2.850456373570016311e+01 7.667503338831107129e+00 6.152377138914876475e+00 6.471014362390853591e+00 9.303018532562127518e+00 2.361637779131702430e+01 2.773807017015159815e+01 2.778029158748341132e+01 1.148530833095646386e+01 1.235569935779413697e+01 1.064889053398197483e+01 3.074288826967536892e+01 4.037932069570873495e+01 4.974261388589322763e+01 5.793606359703516517e+01 6.628174343821193304e+01 7.461207618339929581e+01 6.778176202646457682e+01 5.355332904357449308e+01 5.093677885210750844e+01 6.519564225126505619e+01 8.533512052761386713e+01 8.751916309218898959e+01 8.554688813913506351e+01 7.638664864599712701e+01 6.811315833049597757e+01 5.344546384265919414e+01 7.359054138793320021e+01 7.928958645062911614e+01 9.120431882941336710e+01 8.535151655058774622e+01
3.063233560239582431e-03 1.414519885729106363e+01 3.414519885729035309e+01 4.528229552095227461e+01 3.580735228939136761e+01 2.044672133468663233e+01 1.866733585904039217e+01 5.700751312818172600e+00 1.881254387194213606e+01 2.179588874335767557e+01 6.923447207246872459e+00 7.243259402192367524e+00 1.119449880704756417e+01 8.159284064689058980e+00 8.488141153973517206e+00 9.413469860579471771e+00 1.327958961912498559e+01 2.448110762847845479e+01 4.402984663791513498e+01 5.814526234212739553e+01 4.979248321104115860e+01 4.608637673689565872e+01 5.920985480124240041e+01 5.088902911874705381e+01 3.936416416494658677e+01 5.945637698948145555e+01 6.884430664738692940e+01 6.733635040021115969e+01 6.733635040019906626e+01 8.612869384435153108e+01 9.444702781828459592e+01 8.184122190488741921e+01 6.513521082247628158e+01 6.002739785116905580e+01 6.511333512022135039e+01 7.121075002110796959e+01 8.275883444489379315e+01
5.666595628964066558e-03 1.155267197942137969e+01 3.155267187963213615e+01 3.700862887814989222e+01 1.737144054293889184e+01 1.294071960747753636e+01 5.248693984588282291e+00 2.504673728603712135e+01 2.991327330812589480e+01 2.273303015251461900e+01 1.888949754102684508e+01 2.740607176407724310e+01 7.698441545749848736e+00 2.631888310225047789e+01 2.219020860949130736e+01 8.986859284627566780e+00 2.773579912283885562e+01 3.674704692406876205e+01 4.672642696691153219e+01 3.906311944451644536e+01 2.972062846020812543e+01 4.979168252425011332e+01 4.358260554001968501e+01 3.087698925358177604e+01 5.088902911874705381e+01 6.293377799281339691e+01 4.868048011881909787e+01 4.717679543138959275e+01 6.733635032410431620e+01 6.592220221797263946e+01 8.612869363883984875e+01 9.336678534129653428e+01 8.514074449578011183e+01 7.427167315649091961e+01 7.924277617984520816e+01 9.032012700453691423e+01 9.902022329996961503e+01
2.110006612196471242e-03 2.000211000661184002e+01 3.983693569725076600e+01 4.520392208420409474e+01 3.098873096662177673e+01 4.796612227868389589e+00 1.162998775734691748e+01 2.268227186335968071e+01 3.896465756793583068e+01 3.901737177382550925e+01 3.602889119602721735e+01 3.608513327063450049e+01 4.072031146098142784e+01 3.872699913412355954e+01 1.955326729947997322e+01 2.176070331799296653e+01 9.481028280610782843e+00 2.859056423488380361e+01 3.263495521371825703e+01 1.904538663042387014e+01 3.480138918738017395e+01 3.692443293673917282e+01 2.359939092889144874e+01 4.358260554002029608e+01 5.832409203797408281e+01 4.999232909420023674e+01 3.456186611294535993e+01 4.267124594819060945e+01 5.163984542289510671e+01 6.981958689315840161e+01 7.591929579783682414e+01 8.266299264302563188e+01 9.099092173564798713e+01 9.416968426963164518e+01 9.864626061305291671e+01 9.816042484301367210e+01 9.015723581352008864e+01
9.367352646185668139e-03 1.162019205402921251e+01 2.638766962035640518e+01 4.837054908844699241e+01 3.061050685859020959e+01 4.477073021745428427e+00 7.703053510371716150e+00 1.093047819659996378e+01 3.819330841210335592e+01 4.207572149958915730e+01 4.927357535605151639e+01 5.688839595931363391e+01 5.379721821935515180e+01 3.347143170713306404e+01 3.937220729596927526e+01 3.605429656571739372e+01 2.829245640441336107e+01 9.962616848185941620e+00 1.123203108444111642e+01 1.278461278827700554e+01 1.480524187183975471e+01 1.691523109598779584e+01 1.936787839094138519e+01 3.936668214600901194e+01 4.573838766659590505e+01 3.004028877350127047e+01 4.999240154364173350e+01 4.040353003462684001e+01 4.475114433620621668e+01 4.961208915627734939e+01 5.568883192716193520e+01 6.243191831764956845e+01 7.675095293022607734e+01 9.693598308067998914e+01 9.718154726112486230e+01 8.820516282336602387e+01 6.949236838546033823e+01
3.648181865326004768e-03 1.414578705125255098e+01 3.414631607302237626e+01 4.819924887658399371e+01 2.657183880338785542e+01 4.157453883497526981e+00 7.282165257256519197e+00 1.947002343029675586e+01 2.685019209009162111e+01 1.995486348658388565e+01 3.515688967671438547e+01 5.877936091397734941e+01 6.232312808357347222e+01 5.379140679048045826e+01 5.711083251195738342e+01 3.563272806961070671e+01 1.971071744478687648e+01 2.920493097351757328e+01 1.043261391713435593e+01 3.008314940091079848e+01 3.479443408104481250e+01 3.105222638845938476e+01 3.936205603402345332e+01 2.293054603409573033e+01 2.582128261985503670e+01 3.986066830279858664e+01 4.999240153059666625e+01 6.051766133690892957e+01 5.637379561955852836e+01 6.981958699637044674e+01 6.611114228159584627e+01 8.266299264306601913e+01 7.896120375573751460e+01 9.913398791591647807e+01 8.871544150955926966e+01 6.823958980549055298e+01 5.927309915816279329e+01
