LEM/sinusoidal_perturbations/elevation_000213.asc
nrows	100
cellsize	150.0
xllcorner	0
ncols	100
yllcorner	0
NODATA_value	-9999
[rows 68 to 84 of 100, columns 0 to 36 of 100]
5.009162696260268353e-03 1.414714478642733475e+01 3.414714478642803641e+01 3.443427253199021010e+01 2.110093920357643427e+01 4.110093919383298555e+01 5.694449759223125795e+01 5.824600863341939316e+01 4.415289818335283201e+01 4.675151670929604109e+01 6.679077862456584569e+01 6.130995804221335987e+01 4.100819775122349853e+01 3.080237715139976018e+01 2.333482158237117332e+01 1.693044274878047162e+01 1.455440590357865283e+01 1.757967712346820477e+01 2.750825346591964404e+01 4.212404389216595035e+01 6.236815035490094061e+01 6.622238359552218867e+01 5.776087078520304630e+01 4.702825173511298118e+01 5.693906714399231817e+01 7.772900661650679410e+01 9.235471603147971109e+01 8.428979059457071799e+01 8.476704232991710342e+01 9.283848989398350682e+01 8.250651477385353871e+01 7.420370123581761845e+01 5.588488410437850717e+01 7.579304426495716029e+01 7.695043850046008060e+01 6.357873409396537312e+01 4.334682676467974716e+01
4.695337527364121070e-03 2.000469533752700713e+01 3.829188539336292507e+01 4.938520875182336312e+01 4.110093919383298555e+01 2.866022866376084721e+01 4.020723404755295149e+01 6.020723401049243506e+01 5.831404318588671742e+01 6.679077862456584569e+01 7.509728646830649268e+01 6.961340855381537551e+01 5.949993928592363801e+01 4.582526789683111446e+01 3.504784381545890426e+01 1.513200125484582870e+01 3.449181158770473843e+01 3.777991364333026780e+01 4.145569582584545998e+01 5.003070673845415683e+01 5.738888965422363242e+01 6.563979404540721418e+01 7.580488690581728406e+01 6.733403688024955613e+01 7.582862865375005867e+01 8.615967289068140644e+01 8.094604723827434611e+01 6.440929884371273317e+01 6.489582962486797157e+01 8.142674420644640065e+01 9.131757844708801031e+01 8.411503930216649394e+01 6.737795307990977278e+01 8.411503930216649394e+01 7.304463078459696135e+01 5.296397985085798865e+01 6.357873350825968828e+01
7.614146464036155443e-03 1.000761414646394876e+01 2.414974977019464930e+01 4.414974977019393521e+01 5.532689530693163960e+01 3.532689533042727703e+01 5.532689530693163960e+01 6.849150137615626477e+01 7.837021457496132371e+01 7.616306066270107067e+01 6.607927925150995918e+01 5.775487852407980682e+01 5.059244431187155300e+01 3.747575221622966524e+01 1.562236823947128705e+01 1.551640941625250036e+01 3.544233357457546418e+01 3.619207716228982008e+01 2.086105994747510195e+01 4.135752433237190928e+01 3.549148479081733853e+01 5.145698962653872144e+01 7.169668183269887152e+01 7.049169066932502403e+01 7.866292888273650874e+01 7.687876610513048092e+01 6.871730647936448122e+01 5.271921642163927402e+01 5.320976790450238525e+01 6.334207459448889921e+01 8.324592172932905498e+01 9.566192075171684905e+01 8.729797459036123541e+01 8.945991048591149308e+01 6.935421139538659929e+01 6.300702239559797846e+01 6.619627213248359965e+01
2.352828262072654761e-03 2.000235282826171712e+01 3.236156866712420310e+01 4.064583991379944194e+01 4.959011182554480257e+01 5.532689530693163960e+01 4.797600597109867948e+01 6.211814159457613016e+01 8.211814137720404005e+01 6.786793724888275392e+01 4.764181979927683130e+01 3.749645531905985507e+01 3.035223404560484539e+01 2.404340097737098603e+01 3.745335569160875622e+01 2.831602742434684927e+01 1.603165145163097449e+01 1.665436761613582561e+01 1.670305976550948301e+01 2.034706851894002000e+01 4.150135459824667095e+01 5.166093481625223660e+01 6.695723686811051323e+01 4.998995636072575621e+01 6.695723686811051323e+01 6.533608310379867135e+01 4.860508248917038543e+01 4.366438569172524353e+01 5.796972353553075408e+01 7.796469210670254313e+01 9.131757844708801031e+01 8.861730885633215848e+01 8.862056560063604138e+01 9.663234730959618446e+01 8.945991048591149308e+01 7.457073470429475037e+01 8.038574666099441401e+01
6.786455232800275850e-03 6.037013346788098644e+00 1.236156866712491187e+01 2.130584057712422563e+01 3.544797620085567758e+01 5.544797620085638101e+01 6.797600590717844682e+01 7.626027172974136192e+01 7.317981294980225471e+01 7.616306066270119857e+01 6.607927925150995918e+01 5.587795046682056466e+01 3.563716553124896791e+01 4.419192783565900129e+01 4.262249807557954995e+01 2.250616115446893062e+01 3.600392680810543311e+01 1.625063256524263622e+01 3.679285507056455629e+01 1.726680039077260531e+01 1.764553971680077993e+01 4.287503948068231097e+01 5.725787101367940579e+01 3.786666361610384968e+01 4.741000872648523057e+01 5.128885484904165537e+01 3.695609521834323630e+01 5.710550854462382375e+01 7.201993958735305057e+01 7.579855527213724997e+01 7.879100461406090972e+01 6.891396969700966224e+01 6.891400960402349085e+01 8.862056560063604138e+01 1.030791868288689557e+02 9.470917050308635510e+01 1.005585105590985933e+02
3.257643153035955173e-03 2.000325764315267918e+01 3.236156866712561708e+01 4.064583991558869513e+01 4.959011182617368263e+01 5.465749836252285832e+01 6.292177060930464449e+01 6.732313796845585330e+01 5.319683648547478327e+01 6.732313796845585330e+01 7.235468732290520677e+01 5.217488836114671358e+01 5.587795046682056466e+01 5.026025271293588048e+01 3.005265336756050942e+01 4.262249807557954995e+01 5.090160682592914299e+01 4.838585727858342977e+01 2.835097742799439757e+01 3.721553453429866920e+01 1.779157413331988025e+01 3.303504299453655335e+01 4.935068993395405101e+01 3.067324996751975519e+01 2.717000993693181243e+01 3.113383822297338455e+01 5.128885484904165537e+01 5.594169310259802330e+01 5.875509758050041142e+01 5.579891568685594194e+01 5.884529949843196306e+01 5.467252348283317787e+01 7.459383213874735929e+01 8.910975118023522157e+01 9.699930699393594580e+01 1.026545871848157674e+02 1.087934326727441459e+02
1.880098487986705483e-03 1.414401572221881231e+01 3.414401572221810000e+01 4.661251781582463138e+01 3.833528170965207948e+01 3.466660560669059521e+01 4.778219659565656485e+01 5.605061277544357523e+01 3.905747927270907383e+01 5.838475186410551032e+01 6.837784601314365318e+01 7.235468732290520677e+01 6.037795699009282657e+01 4.014254843577899123e+01 4.171023559992882923e+01 5.859935421023313751e+01 6.272448429192733954e+01 4.270546379804913784e+01 4.721922887121922230e+01 3.255746671408120108e+01 1.817777405415888126e+01 3.804196264375963210e+01 4.181634335698964122e+01 2.424105276839505052e+01 4.461370494201133852e+01 3.061218157080556779e+01 3.305799933697666404e+01 3.582145635689176544e+01 3.862448459596278383e+01 4.151286320065016611e+01 4.454006639543722201e+01 6.468726127125900405e+01 7.369162974770813435e+01 6.961594156551612400e+01 8.301788404383400177e+01 8.310920583995013544e+01 8.938069872668010873e+01
2.900726248362994839e-03 2.000290072624800786e+01 2.498524662121912954e+01 2.754563712498369554e+01 1.833760638650820951e+01 3.315234136261381792e+01 2.778705877041820571e+01 4.158203897266766802e+01 3.011336930962939462e+01 4.011310746186166654e+01 5.425209760910974666e+01 7.423421078368897952e+01 6.869371647638929801e+01 4.920490247868499978e+01 6.193979329209533091e+01 7.025112249241166751e+01 7.093808565306817115e+01 6.272448429192341735e+01 4.657846788336527055e+01 2.005398628603100164e+01 1.857172170643152853e+01 2.025981503575069453e+01 2.148496097220609613e+01 4.189676071380076650e+01 5.289948490022563732e+01 4.487745863496527932e+01 5.318313040712239825e+01 4.065453693806360747e+01 5.875509758050020537e+01 6.165667450010386830e+01 6.468726127125900405e+01 4.967975417626545465e+01 5.366514966240788453e+01 5.800341871256117798e+01 6.309824267771602990e+01 6.954849687505507916e+01 7.856355942282995386e+01
5.081304048347549951e-03 2.485775995832511409e+00 4.985775995832500307e+00 7.546513594490408927e+00 1.017264225168483804e+01 1.315406622168432094e+01 1.624013322092100609e+01 2.158535802246556301e+01 4.158278581816425401e+01 5.264346057076606655e+01 5.896638979361775768e+01 6.724648609283669032e+01 7.770681149036926172e+01 6.353060557411677678e+01 7.770681149036926172e+01 6.907002005402377165e+01 6.091301172216717674e+01 5.557447932179157135e+01 4.450952340754128045e+01 2.396648038773384926e+01 3.842921516986289276e+01 1.912577618846989580e+01 3.935593973508106558e+01 3.259291409273365048e+01 5.279715390666872565e+01 6.497502765150048276e+01 6.899506157149768626e+01 6.079463503477253283e+01 4.926030112910117253e+01 6.936720620340081211e+01 7.790955044262318552e+01 6.137578773581344649e+01 6.791591365980573869e+01 7.218944783540108290e+01 7.698802186859347785e+01 8.938069872663987780e+01 9.740679024349061876e+01
4.469920835086939326e-03 2.000446992083473319e+01 2.498524662121912954e+01 2.754563712498369554e+01 1.833760250293914496e+01 3.312325024399181927e+01 3.623827153843320303e+01 2.213781134167010123e+01 2.730178841899493136e+01 3.264700909505921089e+01 3.897153196536808650e+01 5.311165047828762198e+01 7.310098085284664648e+01 8.362851845386815341e+01 7.839893179084474184e+01 6.091301172216717674e+01 4.093805253131949229e+01 3.556813274139019398e+01 3.047273050628230351e+01 4.402075702521026557e+01 3.969146515838579603e+01 1.952556048649392650e+01 2.336040739199888350e+01 5.001198758894133789e+01 4.688260649394239721e+01 6.120964774242070661e+01 8.124292701197565236e+01 7.747893603645765381e+01 6.936720620340130949e+01 6.008372309394021471e+01 8.002383467047832255e+01 7.551704881399263058e+01 8.763544185953867327e+01 9.182343902846051265e+01 9.557958716957524814e+01 9.743712629893580868e+01 9.504381185639594776e+01
2.324776005098761877e-03 1.000232477600501113e+01 3.000232477600465586e+01 4.659211551066893975e+01 2.988370875807758509e+01 4.653669481745879466e+01 4.212993377040872645e+01 3.627949046467777094e+01 3.846685379780473113e+01 4.678799723732934979e+01 5.896638979361775768e+01 5.311165047828762198e+01 7.310098085284664648e+01 8.415362257505422861e+01 6.453010487871482326e+01 5.041219608603380919e+01 6.091301172216717674e+01 4.693707899761734836e+01 5.060992388285706056e+01 4.550667960857163763e+01 2.008578498684074276e+01 3.221547663552745888e+01 3.575938274126676220e+01 5.176676118146355776e+01 6.707677658323967762e+01 6.217103334715707064e+01 7.047320980580067840e+01 7.946335126066908572e+01 8.807297845043505902e+01 7.170303743775531302e+01 8.807297845043505902e+01 9.510528291479661789e+01 9.865437229040536238e+01 1.069080565976312158e+02 8.889279127423044713e+01 7.485991062852252753e+01 7.422661452539038862e+01
8.699724428260374037e-03 2.000869972442790612e+01 3.000232477600465586e+01 5.000232477600394532e+01 4.978547925175833200e+01 5.791446906197104028e+01 6.207602047457937999e+01 5.627445077102551352e+01 5.846116763451483678e+01 6.674182166217511281e+01 7.506003104402775250e+01 7.310098085284664648e+01 8.138132170738569471e+01 8.415362257505422861e+01 6.453010487871482326e+01 7.027770013701579899e+01 7.499723633693855618e+01 6.684738977214955469e+01 6.060085320882360804e+01 4.315070594372283352e+01 2.048027671690593010e+01 3.233537783067176719e+01 4.562901051382496576e+01 5.689055783693974178e+01 5.268156629631074850e+01 4.204451093693073460e+01 5.108531274807231171e+01 6.527791925635162329e+01 8.536383615609732090e+01 9.138061783375208336e+01 9.932735710805525287e+01 9.387998955472586715e+01 7.876003228505678067e+01 9.541667596474265167e+01 8.032383045312079162e+01 5.956754944741969382e+01 8.032382996945041498e+01
2.249585233037712084e-03 2.000224958523268270e+01 3.644951098351609886e+01 4.799651636749865702e+01 5.752456843663927799e+01 4.913777642903286846e+01 5.326134043569182808e+01 6.166199514572460316e+01 6.514056491630768164e+01 6.174077470612599683e+01 6.985808388165290239e+01 7.971135957266652383e+01 9.354973050733737239e+01 9.226775870297478832e+01 8.415362257505422861e+01 8.137569443375197409e+01 7.782114455595002767e+01 6.920803365944632901e+01 5.053504974772028646e+01 2.992578889749457716e+01 2.087598537532780441e+01 3.807868427455693450e+01 3.785436294387331202e+01 4.463996305321593638e+01 3.217378294149808937e+01 5.268160724979010467e+01 7.047320961810601148e+01 7.947012956981689058e+01 8.125804098931466513e+01 7.299595022196456284e+01 8.125804087764016970e+01 7.403148970878550017e+01 6.736387703488379941e+01 8.654560600500251155e+01 7.368795586901164540e+01 5.310663392649771453e+01 6.392215055830888559e+01
2.739267172789772273e-04 8.165239735994610726e+00 1.971224511978732963e+01 3.971224511978803662e+01 4.575331574098862575e+01 2.900821287186284181e+01 3.317786352809189765e+01 4.622836690176094976e+01 4.520981785032589073e+01 4.175984127886739827e+01 5.175899829674243335e+01 6.587298863799583160e+01 8.370444024476826428e+01 9.503869455748521489e+01 8.137569443430170679e+01 6.073637276476183899e+01 5.714421619278665077e+01 5.714421619278664366e+01 3.999357396260350583e+01 2.553429665656874192e+01 2.763003841486574075e+01 2.144885156979973218e+01 2.185928770354708917e+01 2.408527941713977683e+01 4.475319531530186623e+01 6.098645303979650834e+01 6.950999087206932359e+01 7.688102974006469026e+01 7.131574202699168552e+01 5.313697335094519048e+01 7.131574192601497941e+01 6.013628798821330435e+01 5.862079194852235986e+01 7.831153138857698082e+01 6.769265295665314852e+01 4.725085536996633095e+01 6.769265295665314852e+01
8.327778614586212741e-03 2.000832777861423040e+01 3.644951098355105756e+01 4.040630423391369419e+01 3.210795747047246351e+01 1.746005262521460466e+01 2.163034096802909545e+01 2.621865601757583164e+01 3.106937060177442333e+01 3.862871221594775051e+01 4.679392845047879490e+01 5.573841550566955050e+01 6.727555487638906584e+01 8.704695048778896194e+01 7.915062535916382558e+01 5.846511237495590763e+01 4.365126022070881362e+01 3.636782481625189689e+01 3.050616772966832713e+01 4.606526825294357508e+01 4.951636614792425206e+01 4.298049689798801865e+01 4.212643165243255083e+01 2.245296778013228689e+01 4.272782708441534538e+01 5.483241548648688735e+01 4.930410169736659043e+01 6.807941442413446964e+01 6.306645645416344337e+01 4.345209003926194669e+01 6.088814115908795088e+01 4.891691807275888948e+01 6.846616167162402178e+01 6.512992089194540313e+01 5.668050622574757114e+01 4.249585902193333453e+01 5.420156901564246255e+01
6.510866554257996840e-03 2.000651086655390287e+01 3.668963373442379350e+01 2.840193513247614376e+01 1.211482776889954671e+01 1.596382956378637274e+01 2.004631247276897810e+01 2.441067032874614640e+01 4.440807243584936970e+01 5.642724108105102943e+01 6.220601652279776062e+01 6.887141953660574245e+01 7.710663986702041939e+01 8.707626178810821216e+01 8.509372629737796956e+01 6.452375885570805281e+01 5.849838750215189265e+01 3.770436011556179778e+01 4.235564832855536821e+01 5.967917205253228019e+01 5.901121422741571365e+01 3.958109114337299417e+01 2.982362825925408245e+01 2.287765230442035502e+01 4.315601200842223761e+01 3.458079813811463765e+01 5.263921292062759250e+01 5.212617079472600778e+01 5.081788567496334963e+01 3.708975558997877897e+01 4.147547863836648219e+01 6.088814115908793667e+01 7.070810266284686918e+01 5.668050622574757114e+01 3.643270341427778902e+01 5.668035429973703287e+01 5.676568552122828493e+01
8.953482861371391335e-03 2.000895348286101694e+01 2.483793942675218958e+01 8.400921005343750636e+00 2.840193513247634982e+01 3.010622643134322374e+01 3.418874262270875874e+01 3.855316095905150320e+01 3.127062035217787539e+01 3.643461570955757622e+01 4.220819411814298405e+01 4.887521049518193195e+01 5.887791272303911683e+01 7.886492635017238229e+01 8.197266805795720757e+01 6.135023278521157408e+01 4.653677652882900162e+01 4.970373436373385090e+01 6.315523637269757273e+01 7.163063666410523922e+01 6.731489278384907493e+01 5.598056143033671361e+01 4.777411346625076760e+01 4.266657602991389098e+01 2.348624663170965121e+01 4.255478084501972091e+01 4.466351595907475769e+01 3.528764071699404781e+01 3.258086473327792731e+01 5.081770552252354634e+01 5.512075308488225289e+01 5.180431623392163942e+01 4.480452733140376154e+01 4.911074703706380262e+01 3.256396788806075904e+01 4.937286898832235238e+01 3.645913394513360117e+01
