LEM/sinusoidal_perturbations/elevation_000905.asc
nrows	100
cellsize	150.0
xllcorner	0
ncols	100
yllcorner	0
NODATA_value	-9999
[rows 68 to 84 of 100, columns 0 to 36 of 100]
5.009162696260268353e-03 1.992953112847845532e+01 2.060086072257204037e+01 1.082777883456520707e+00 1.002951224176422684e+01 2.136295405328029062e+01 2.301936299916765183e+00 5.316265150254555039e+00 2.442908120038010722e+01 3.517591216674087917e+01 4.729336099888779898e+01 5.909131096567944752e+01 5.926314341373439021e+01 6.756198661356783930e+01 7.499190594163572143e+01 6.646513392633828232e+01 6.065141787215569025e+01 4.531601488682623824e+01 3.354871780434481110e+01 3.042005846983606432e+01 1.055570290695457025e+01 3.061739155195137840e+01 3.710745247014810388e+01 2.158440418412824613e+01 4.043711749077927209e+01 4.862171406880370483e+01 6.081537127315387892e+01 6.516395695392203891e+01 7.034363602640377167e+01 7.804057097993761261e+01 7.904801846030036927e+01 8.716737800035406281e+01 7.978190347005309491e+01 9.220166610424927001e+01 8.726295736027759631e+01 7.693217288925427511e+01 5.665188776524337300e+01
4.695337527364121070e-03 1.508710791695738429e+01 2.920542405078127146e+01 4.234430506019564611e+00 1.530374678749025774e+00 1.847292847440345609e+00 2.157669071440248487e+01 2.866481577699507000e+01 4.041094481058205901e+01 4.131894644538818540e+01 3.144583254623978519e+01 4.018587795503850657e+01 5.384213043135996202e+01 7.379425197567219641e+01 8.175003307844359313e+01 6.882012166088574645e+01 5.947152357806574940e+01 5.318442315941979359e+01 4.286417178781622539e+01 3.085262196335072105e+01 1.091951364167476335e+01 2.807587180418973816e+01 4.210415339294866754e+01 4.274173030286203812e+01 2.809507483519910664e+01 4.832904736982434457e+01 5.824177723274061691e+01 4.681098157670018622e+01 5.235525499538807992e+01 7.034363602640377167e+01 8.654819749706068421e+01 9.405804182582140527e+01 1.012041929061598893e+02 9.075566554633832084e+01 7.024148962846867050e+01 5.847405773758087122e+01 5.077261518561009979e+01
7.614146464036155443e-03 1.839235498800613300e+01 3.805723477670294130e+01 2.902494673414862802e+01 1.585083066011661401e+01 3.040926817515723357e+00 2.320265420928050304e+01 3.471806418239186343e+01 3.298574551814047595e+01 2.135971420101113338e+01 4.131895164770751450e+01 5.925863037703098257e+01 5.968597153263081623e+01 7.982450371827961533e+01 6.819546074299995553e+01 5.002745973438640448e+01 3.865819849007055353e+01 4.132517134636425737e+01 2.692359997964713614e+01 1.144068417510578506e+01 2.014904796843425316e+01 1.821560537873401131e+01 2.973386666452901750e+01 4.990769163898652749e+01 4.832904736982434457e+01 3.462220144727348980e+01 3.931612143379376789e+01 5.824177723274061691e+01 7.034363602640377167e+01 6.231917726565351501e+01 7.016813021334067457e+01 8.090357748611653221e+01 9.689289137234112559e+01 9.925475493432158203e+01 8.725861977859263163e+01 7.880350143625891235e+01 6.465146480220228398e+01
2.352828262072654761e-03 1.414468738252721991e+01 3.415611387167461999e+01 4.497238724670230425e+01 3.168384764006817278e+01 2.320493807768310290e+01 5.471341237990830386e+00 2.628644405185577781e+01 1.230576729400999625e+01 1.518815131210127234e+01 3.571244302565602169e+01 4.793639824101220626e+01 5.800439107691867946e+01 6.659360400663864255e+01 5.938473913044310848e+01 3.841811873130780697e+01 2.857778234890276181e+01 2.202588171489327706e+01 1.689960271827870031e+01 1.181232260915977861e+01 3.140823896910130486e+01 2.927242486620455608e+01 2.963311331728793618e+01 4.933752222907038743e+01 6.193272847209068743e+01 5.402976627895493777e+01 5.739231983098387246e+01 5.823157842112911453e+01 7.700248538995522551e+01 7.478511961409938635e+01 8.289404338803929306e+01 7.780552542822459827e+01 8.703877545362351498e+01 9.048426406283927292e+01 8.224013591515266342e+01 7.490693485140270980e+01 5.467373377699011883e+01
6.786455232800275850e-03 2.000678645523244370e+01 3.599846716721288686e+01 4.636072610001987471e+01 3.854897653936941282e+01 1.764575546376096327e+01 2.628717085387040697e+01 8.673813303197460911e+00 2.956170995563489257e+01 3.571244302565602169e+01 1.930227764034637516e+01 3.952427444610933094e+01 3.777895443904850481e+01 5.800695272156085736e+01 6.817484344828085341e+01 5.765259682486117754e+01 4.886174512112161494e+01 4.065802738160572005e+01 2.874359797935847283e+01 1.218777696722333204e+01 3.258406901835147806e+01 4.685376314787751539e+01 4.854541497234140479e+01 5.743425605393353095e+01 6.315548500697250489e+01 7.065219634971647622e+01 6.820403581692210082e+01 5.986648940516088402e+01 6.618731052400798376e+01 5.069855479750273020e+01 6.618731071922623244e+01 5.671921173783346148e+01 7.419121192417819088e+01 7.899906461046536776e+01 6.235382093991733399e+01 7.333759975557566690e+01 6.894780338315406709e+01
3.257643153035955173e-03 7.562751895120048751e+00 1.757194451361550946e+01 3.783603233013050016e+01 4.711346130974200008e+01 2.991003315151537123e+01 3.682366382970636920e+01 1.628428977137103217e+01 3.682366382970636920e+01 3.586592542274840412e+01 3.957089994645809128e+01 2.355477238961514530e+01 4.366937812914041928e+01 4.818105174632815135e+01 6.822126020675871416e+01 6.053715280038832702e+01 5.044135885809448894e+01 4.183961212830511300e+01 3.251713667431844357e+01 1.256568983297436226e+01 3.254209711898126045e+01 4.707753035219794668e+01 5.273252641790597295e+01 4.978654288547230777e+01 4.445633747509297251e+01 6.309719702046087519e+01 5.586293096823610682e+01 3.910745416476365222e+01 5.580274905941175234e+01 3.681783739689879553e+01 5.398274155330487645e+01 4.538304198142385104e+01 6.561878660252746442e+01 7.075874623374694750e+01 5.079598841600630266e+01 5.339101486558435994e+01 6.748487033849117722e+01
1.880098487986705483e-03 2.000188009848763215e+01 3.588645918871942087e+01 4.598708305281562048e+01 5.902486630295058490e+01 5.144145450524157326e+01 4.524796037012569627e+01 2.825817836788557713e+01 4.524796037012569627e+01 5.006185834780175270e+01 5.202915050174131295e+01 3.777444956536145071e+01 2.814244876926684213e+01 4.820115704937244772e+01 6.207421564812822368e+01 5.216399658556842667e+01 3.208365707664035682e+01 2.217667331744022263e+01 1.668179445895229307e+01 1.294530282063831983e+01 3.291926069198971305e+01 2.914411714477728310e+01 3.897261070304276842e+01 2.996298774703309320e+01 4.573006076988955471e+01 4.281724299648809762e+01 4.511648163291425817e+01 2.759496338389520886e+01 4.201505336608281027e+01 2.848004273020675825e+01 3.399346219676414194e+01 4.549439295015584861e+01 6.557804138138457972e+01 7.333759975557566690e+01 5.339101486558435994e+01 3.926114655966971156e+01 5.107966107784746157e+01
2.900726248362994839e-03 2.000290072624800786e+01 3.101434591601383062e+01 4.517890159029072095e+01 4.820335257972448773e+01 5.012531586518386462e+01 5.393003954034094960e+01 4.852441996841925231e+01 5.696917612092570948e+01 7.004176972201248930e+01 6.628385143812126046e+01 5.489159375524079110e+01 3.482028363763572543e+01 3.369987898048017883e+01 5.373774250311019074e+01 6.047213690536501929e+01 5.044135885812864473e+01 4.200277599133972473e+01 3.521338135681969561e+01 3.170304000852186732e+01 1.348360187666411925e+01 3.131741876087065535e+01 2.370862964829023056e+01 3.709211830492568396e+01 1.628171313681569998e+01 1.597357651184067606e+01 3.449680366440461654e+01 1.985752763207560889e+01 2.226069815149135067e+01 4.201505336608281027e+01 5.398274155330487645e+01 6.231702863161081041e+01 7.392293047756234614e+01 7.334564055731618737e+01 6.322524631051314969e+01 5.107966107317795945e+01 3.114244532092671847e+01
5.081304048347549951e-03 1.223637824029835741e+01 2.598133086714374329e+01 2.733684978279472588e+01 2.688385964687230256e+01 3.001758490553143233e+01 3.380731608339333860e+01 4.805752996976482905e+01 5.726422745324633468e+01 6.971742183931218051e+01 6.763931084297043128e+01 4.748340036063328284e+01 4.898449044676592479e+01 5.374115057747147972e+01 3.973372294254293990e+01 5.975345106598962985e+01 6.663417336346920195e+01 5.640952432537027050e+01 4.011095848438735345e+01 2.012433567397278722e+01 2.462263063564463295e+01 1.402144877465063821e+01 2.434883351183517064e+01 2.929934938703309655e+01 1.545691802163205253e+01 2.495275059239704873e+01 1.648650005332230961e+01 1.684971817102412217e+01 2.002645454132693459e+01 3.509584971180656510e+01 5.490059703031392502e+01 6.223707042312266680e+01 7.046806896702325673e+01 6.493838204427555638e+01 4.472084295653320396e+01 3.443535754291682593e+01 2.733091691006929480e+01
4.469920835086939326e-03 2.958727745331387382e+00 5.955855729496187578e+00 9.068351202253143839e+00 1.233971412823870040e+01 1.583927294957088883e+01 1.962777723531789675e+01 2.858904714876647546e+01 4.019329493004769915e+01 6.071335797665497580e+01 7.601391842304569479e+01 6.170192973718358331e+01 6.915260267689973261e+01 6.420850279356122314e+01 4.420657899208438124e+01 6.420850279356122314e+01 5.821796048450840999e+01 3.772031598106010364e+01 2.760681672653328889e+01 3.421620383341220872e+01 3.583997275056022858e+01 2.350977076096722840e+01 1.455522625726126940e+01 1.493109331174703058e+01 3.470409428875956337e+01 3.792658952413719931e+01 2.556330252025060901e+01 3.642943188927554132e+01 1.736414760243288669e+01 3.695986895682407436e+01 4.826144046249769559e+01 4.247254499021249075e+01 6.223707042312266680e+01 7.334564055731618737e+01 6.322524631051314969e+01 5.447169398953279540e+01 4.371963768154370200e+01
2.324776005098761877e-03 2.000232474609252264e+01 2.601702719350676318e+01 2.915036975658747309e+01 2.652705510561391833e+01 3.001758480734439161e+01 3.970112532799180372e+01 2.630459057777561327e+01 4.048175509864913835e+01 6.043327802334729171e+01 7.305172199985477732e+01 8.197341683353877784e+01 8.055259547317017166e+01 6.052546869658397100e+01 4.954360042185697210e+01 6.949492757331053383e+01 6.663632804827837219e+01 5.209572433184954576e+01 3.531347416753609991e+01 5.433082591560545893e+01 5.407380375098767900e+01 4.152552399839627384e+01 1.909560438930381565e+01 3.581687926087122520e+01 4.426084290074861372e+01 4.950141918701771004e+01 3.820325713932974310e+01 1.802204621348643698e+01 1.772839498970038719e+01 3.389153107244862184e+01 2.870344005708018287e+01 3.725092114023837553e+01 5.114858825550974331e+01 7.094753358509305485e+01 6.896658542629829469e+01 5.064883484105825318e+01 4.340618779837445373e+01
8.699724428260374037e-03 2.000869972442790612e+01 3.723079274269517924e+01 4.877779812648789459e+01 4.662343401939698140e+01 5.012525404487029590e+01 4.639240973587969563e+01 4.639240973587969563e+01 3.449181353931754046e+01 4.453269022355154050e+01 5.875645982778003429e+01 7.895516312863810526e+01 8.877737508173412095e+01 7.529317110931276602e+01 5.529951328609274697e+01 7.455879029010802128e+01 7.631339088559782624e+01 5.213770682886947583e+01 5.695281616560072280e+01 6.519350936681556163e+01 4.942875959799206242e+01 2.687816773086525757e+01 4.152967002850168399e+01 5.036914340987776484e+01 5.450525871001119071e+01 4.224789032706303260e+01 2.258879286098795447e+01 3.837919666987087197e+01 3.637717794057488874e+01 1.823808070943893611e+01 2.263870606991811840e+01 3.510094455361234367e+01 5.478176193821620643e+01 6.771714955860183238e+01 6.423700954023031784e+01 4.540806818180116267e+01 3.197095291084210089e+01
2.249585233037712084e-03 8.946521495232273580e+00 2.049352687902499426e+01 4.049352687902570125e+01 4.968067673691257369e+01 5.796494798437477414e+01 6.654359499661485700e+01 6.296872161882759400e+01 4.869873588659496022e+01 4.869873588659496022e+01 6.293457941757129248e+01 8.315093022495909736e+01 9.519901955889388034e+01 7.529317110931276602e+01 6.284312294640355390e+01 8.282719117408990428e+01 8.774001231783287835e+01 7.771279281089951496e+01 7.655214951663593581e+01 5.821404709780020426e+01 3.642469221493149689e+01 4.942875959799206242e+01 5.803654087250746585e+01 5.881067665683872292e+01 4.629832672978368890e+01 2.666310776652193226e+01 4.224789032706303260e+01 5.037984054026482283e+01 4.572146736084995666e+01 3.783304658059719117e+01 1.874563505707837052e+01 3.834549120871626116e+01 5.160140184292625065e+01 5.020077086213797912e+01 6.086320544547759681e+01 4.892487690699182679e+01 3.916437880218879286e+01
2.739267172789772273e-04 2.000027392671692539e+01 2.863669991044705654e+01 3.335074511835776434e+01 2.968067673691187025e+01 4.544880313059098853e+01 5.373307437805318898e+01 6.267734628805266084e+01 6.885581147820904846e+01 6.885581147820904846e+01 6.655119282361199851e+01 7.489482857369220881e+01 7.589362627589689225e+01 8.450063303488613542e+01 8.268572001659345005e+01 7.701225689610983238e+01 9.686568437229874462e+01 7.933687794354628409e+01 5.998713437159048567e+01 4.782381378394538274e+01 5.821404709780020426e+01 6.655332911177420385e+01 6.346983877841228860e+01 5.059411052591450897e+01 3.090835525774024717e+01 4.629832672978368890e+01 5.450525871001119071e+01 5.000437811207068250e+01 3.004216063032761852e+01 2.120325851949301921e+01 1.910335023936035270e+01 3.870220004616670906e+01 3.296110262353901987e+01 4.354505386857437088e+01 4.196332696541622909e+01 2.871751102188648730e+01 4.160246090136452324e+01
8.327778614586212741e-03 4.272342105726814054e+00 8.636699910446699491e+00 1.335074511835705735e+01 1.912424781025341503e+01 2.544880313059028509e+01 3.439307504058975695e+01 4.853521066432120534e+01 6.853521066432261932e+01 6.326248414952030430e+01 4.640152022216219763e+01 6.326248414952030430e+01 5.534336916153055341e+01 7.249786190392293861e+01 8.772987297509621385e+01 9.686568437229874462e+01 1.048846067052241295e+02 8.725746833478720532e+01 7.655214951663593581e+01 6.841754710597649591e+01 7.655214951663593581e+01 6.849968565428520151e+01 5.524442277208974872e+01 3.551481984335292452e+01 4.479927861675990641e+01 5.881068104951892650e+01 6.634365200794687212e+01 4.633221010171036625e+01 4.076570765455445411e+01 2.075930308133113655e+01 3.793537153573603149e+01 1.963191553038056725e+01 3.925156039530904195e+01 2.068237669260627953e+01 2.105318445253790927e+01 2.142523553098870437e+01 2.179971018602932986e+01
6.510866554257996840e-03 2.000651086655390287e+01 2.863669991044705654e+01 3.335074511835776434e+01 3.912424781025411846e+01 4.544880313059098853e+01 5.373307437805318898e+01 6.267734628805266084e+01 6.201883120040228903e+01 5.369036798499963936e+01 3.479992772594766137e+01 5.308920452887653596e+01 4.369045129709346753e+01 5.801465632280486062e+01 7.683275650351382069e+01 8.586679491676704856e+01 9.752474099911438543e+01 9.941983894807563615e+01 8.792309772874953921e+01 7.903353883733939256e+01 7.078683936606853422e+01 6.026643092853926476e+01 4.049476504492180595e+01 5.524442277208974872e+01 6.346985343000466173e+01 7.282208348361298533e+01 7.466592883308069872e+01 5.562949010220039980e+01 3.586091448344772914e+01 2.194272112527929508e+01 4.063937238803656982e+01 2.086604222539121523e+01 2.015803472143325692e+01 3.290534785092784631e+01 3.549679706346739039e+01 2.765631842979870214e+01 2.151896842563968448e+01
8.953482861371391335e-03 1.415108910659244756e+01 3.415108910676629250e+01 4.336219564658975401e+01 4.648679426861168196e+01 5.482253735001481232e+01 5.491213516462543254e+01 4.660687258046375803e+01 5.041561444891039656e+01 3.359683232183174084e+01 2.662105827036405614e+01 3.295318726938454290e+01 5.308920452887653596e+01 4.827870355488575171e+01 5.729865706143338855e+01 6.896872164848529962e+01 8.918262370274869966e+01 9.115011960434897276e+01 7.125868925590371816e+01 5.981184423769200720e+01 5.096077129016585161e+01 4.643155582958709005e+01 4.931155860405377922e+01 6.849967680172743201e+01 8.123778234899268114e+01 6.982092570604113746e+01 6.160518075455625109e+01 5.677557353829568143e+01 3.709864315538534640e+01 2.316714873483707038e+01 4.286934744948191423e+01 4.186749857423699694e+01 2.868175542153196744e+01 4.234405990175444146e+01 3.764905710414480211e+01 4.413203992623868999e+01 2.860314707393042966e+01
