LEM/sinusoidal_perturbations/elevation_000996.asc
nrows	100
cellsize	150.0
xllcorner	0
ncols	100
yllcorner	0
NODATA_value	-9999
[rows 68 to 84 of 100, columns 37 to 73 of 100]
8.661157328309343484e+01 6.669965252087050089e+01 7.665561290198198208e+01 7.966330492280346220e+01 8.797843262151438637e+01 8.167767023691982331e+01 6.199014004811616729e+01 5.057268785366848363e+01 4.175029440713345963e+01 6.152305198753586524e+01 7.208584526893869793e+01 7.939647780397336874e+01 8.757351197546672950e+01 9.045792482426546144e+01 9.854544946840094610e+01 1.024423629041766048e+02 1.106919968572045718e+02 1.104833161227823268e+02 9.644158577332062521e+01 7.678042881095551309e+01 6.704783123149496760e+01 6.021097808043189303e+01 7.226920338315152037e+01 9.017506773740090864e+01 9.411293126778758733e+01 8.684846624874639076e+01 1.008620674017715260e+02 1.184520190204840162e+02 9.878376044560337732e+01 9.713158670398856032e+01 7.765544332044659370e+01 5.784682050338525983e+01 5.066398028083945348e+01 6.487764739564116212e+01 8.459264900340846793e+01 1.008424086458898898e+02 9.503750945491860591e+01
7.551184594841123499e+01 7.665561290198198208e+01 5.682713289169232240e+01 5.980952651920006957e+01 7.647852490893909305e+01 8.979833383483715181e+01 7.844569251276887201e+01 6.009589818797699934e+01 4.034584425754112402e+01 6.009587555254066871e+01 6.157418642509414042e+01 6.979223425310451034e+01 8.483802107746792842e+01 9.193451841567215865e+01 8.370160078357156408e+01 9.193598921708804994e+01 1.034106180600586242e+02 1.022278936534496552e+02 8.250288673993549082e+01 7.123701486819773265e+01 6.437652201992871426e+01 5.795919617747461672e+01 7.436237125679542714e+01 8.252030374789876532e+01 7.447648993223795344e+01 7.301617621888121334e+01 9.263745976606870158e+01 1.011040326692664308e+02 9.878376044560337732e+01 7.918692859374191073e+01 6.936137999787749209e+01 6.920321285702453906e+01 4.922246819899026349e+01 6.920321285692838842e+01 7.303202233766266716e+01 9.268391114861637448e+01 8.677468940074888337e+01
5.566540030383348636e+01 6.974109936506502549e+01 6.159820677493009811e+01 4.838324845923246187e+01 6.237929457722981397e+01 8.225488631567490927e+01 7.268819661077270666e+01 5.287994217941854913e+01 3.896587128936270261e+01 5.670479659118731064e+01 4.186210871489431895e+01 6.157418242548611431e+01 6.500284931644713993e+01 7.524219717043972366e+01 6.386251585779016438e+01 7.530867263509856002e+01 9.516666741623005521e+01 1.069816461162013184e+02 8.721185251200788002e+01 9.083967979332072673e+01 8.232558612879050486e+01 6.281963746921092451e+01 5.497733851662651716e+01 7.151961224572630726e+01 6.075561315068821244e+01 7.447648993223795344e+01 9.411293126778758733e+01 8.125077734893268655e+01 8.125077734893268655e+01 8.528431643580748300e+01 7.373318400483785240e+01 6.576493941373637142e+01 4.778689961315864565e+01 5.680007636392117121e+01 7.663788840295507043e+01 8.222834729771375351e+01 7.983827375983517527e+01
4.160796345735969481e+01 5.585730697941236400e+01 4.172460729204531305e+01 5.320620544796177853e+01 7.295127632053190325e+01 7.462210703304612025e+01 6.637025157238815609e+01 6.675081921454858502e+01 5.668826398243133724e+01 3.705941436879447792e+01 5.670496524088387247e+01 4.704678748775079100e+01 5.103359804990885351e+01 5.543177865005192473e+01 7.524213110468852506e+01 7.788527355131805052e+01 9.192610913335423106e+01 1.117865223403151447e+02 1.069816461162013184e+02 9.622725419858485907e+01 7.656732667467410636e+01 7.436234099422370036e+01 7.151961224572630726e+01 5.215951940905347328e+01 6.887275091695663320e+01 7.700524206941501859e+01 8.824422474460612875e+01 8.125077734893268655e+01 6.219900838344472049e+01 6.918086943936170030e+01 5.850843611601199967e+01 4.576996487890730236e+01 6.558796014291012000e+01 6.683772617138033922e+01 6.762974624504954591e+01 6.278417454434744371e+01 6.929138006124082949e+01
5.585730697941236400e+01 3.608674884877959244e+01 5.568429139322770993e+01 6.915102491518130989e+01 8.067424602191383087e+01 6.637025148216518744e+01 4.662198775133121131e+01 5.240612033086280519e+01 5.346909068870339610e+01 3.584675720798219345e+01 5.550758070604631200e+01 5.740891257828550209e+01 7.081244997836078880e+01 6.942923171700670082e+01 6.942923643322441762e+01 8.927660863994087492e+01 1.059807204007308883e+02 1.097530301146990865e+02 1.180279324610156806e+02 1.044605436419307836e+02 9.622725419858485907e+01 9.399070228900885127e+01 7.964032399103471960e+01 6.316120180486642255e+01 4.949342887196945640e+01 6.058997802140603284e+01 7.441709852070508191e+01 8.164167075678820140e+01 6.881197980178056639e+01 5.058736881896547999e+01 4.472781661871152892e+01 5.240694774997176353e+01 4.697727439523262660e+01 4.782750503839087486e+01 4.867214455285841268e+01 4.952556619832660800e+01 5.036609182132996665e+01
5.313670341681413589e+01 3.363134869628528634e+01 5.313670341681413589e+01 6.052731910860308773e+01 6.170235239978165964e+01 5.889292125383015986e+01 5.068930242368107031e+01 3.302921473100438021e+01 3.416939833941216875e+01 5.368748219782393960e+01 6.409334973538101110e+01 7.221798194933138859e+01 8.495563335941864125e+01 8.927559263783220445e+01 8.927666925025010869e+01 9.752225860530634804e+01 1.065630312591916748e+02 8.994477456512518643e+01 9.916507215811586207e+01 1.074134965057616142e+02 1.110547973087704037e+02 9.129994152136949026e+01 9.076508987911093129e+01 7.699453450115886710e+01 6.629456018954782337e+01 4.685168846522373798e+01 6.294217288087706663e+01 6.950641295688889443e+01 5.551715299783903390e+01 4.368537427708557175e+01 6.211945406700807837e+01 6.152250760256004014e+01 6.037142912958324104e+01 6.683776435669196303e+01 5.248089983654679003e+01 6.617356015457750118e+01 6.929093350593917933e+01
3.780189351556954591e+01 3.131812193806386091e+01 4.724932059785059124e+01 4.096172518826703879e+01 4.210028667768499133e+01 4.900000642722852007e+01 3.143688017878164231e+01 4.491915093021397354e+01 5.368756406531846181e+01 4.505677111842908289e+01 5.646454204828786771e+01 7.663691601380388363e+01 9.866149334612457267e+01 9.886928852977759163e+01 9.057422393686461248e+01 9.886928852805137069e+01 9.831672844094062214e+01 7.864479878124815571e+01 7.948302985746863669e+01 9.112991203604519796e+01 9.935066529604134189e+01 9.129994152136949026e+01 7.173172817057229622e+01 7.746365161224703400e+01 7.441711566427535729e+01 6.377396807564799985e+01 4.423383374059244488e+01 6.083528993161829135e+01 4.264818589769283363e+01 6.225819560208049097e+01 7.136342717416667369e+01 8.182837808938853641e+01 7.970219436472497421e+01 7.582770276479239158e+01 5.629029237878422265e+01 7.524403206441731129e+01 7.317535497408913159e+01
5.716351141168360783e+01 4.659101641589973752e+01 2.815931510652429282e+01 2.746886320589126385e+01 2.867917427095478899e+01 2.983384884950445581e+01 3.600206988190491586e+01 5.553144670989119902e+01 7.286669157172718769e+01 6.559905092100781587e+01 7.420584990296755734e+01 8.705315590797202674e+01 9.854072179344328219e+01 8.890339310034944731e+01 7.068147964004701578e+01 8.890339310862519540e+01 1.065630312591901117e+02 8.780163973763562524e+01 6.826448004948781545e+01 7.155031721316636606e+01 8.800122071690722692e+01 9.327650199503392514e+01 7.746365161224703400e+01 5.798734028237119276e+01 6.772569735168396221e+01 6.842704934057533706e+01 6.029702670219258209e+01 4.162071798193206718e+01 6.127425176436712206e+01 5.253370878368386343e+01 6.625737635664151526e+01 8.580479513696737115e+01 9.205046404527482196e+01 7.171573528719855517e+01 6.045184163692242407e+01 8.035735301918653306e+01 9.319748294587967052e+01
5.125858149562812116e+01 4.313917009387554913e+01 2.564837414642173030e+01 4.507729617157866642e+01 4.784159364706898288e+01 4.062467549365398867e+01 5.538688783884859390e+01 4.716279894377222348e+01 5.855721156364985092e+01 7.844622797493656208e+01 8.621309517825700652e+01 7.208167594636184106e+01 8.005155450387623262e+01 8.062785178843581946e+01 6.068684147321328481e+01 8.062785178843738265e+01 9.376849542941026527e+01 9.112991203604336476e+01 7.155031721316636606e+01 6.037182436083809023e+01 7.367379492572018762e+01 7.367379492572020183e+01 8.561863367818588699e+01 6.772244630882616434e+01 4.785725920848587123e+01 5.945019476675945214e+01 4.067112965855660178e+01 6.035808352550665745e+01 6.939065872951120184e+01 7.198268249405224140e+01 6.625737635633029754e+01 8.580479422139640633e+01 1.003805659596857680e+02 8.556636567554238582e+01 6.539194640729257912e+01 8.556636567554238582e+01 1.031537532323637834e+02
4.210274026182987939e+01 2.387209119426182014e+01 4.361248994398333423e+01 4.126001312549065148e+01 6.129113036406895532e+01 5.940030784889901128e+01 6.736640223088743085e+01 6.696326611614108515e+01 7.522040327814475802e+01 8.671772104226431566e+01 7.808296784996322515e+01 5.863816390726410077e+01 6.021950749932430824e+01 6.613861650206790443e+01 5.398700173861138296e+01 6.556064346140618682e+01 8.548306213294193867e+01 9.935066529341695230e+01 8.493791561648008326e+01 6.542747853400564395e+01 5.431012443413239055e+01 6.844249226975045985e+01 7.658119062445820191e+01 7.086073808553216224e+01 4.108104468643482932e+01 3.973962066581898256e+01 5.932674278064759932e+01 4.775905980618497892e+01 6.153465574446068587e+01 8.104045356051184967e+01 8.580479422139640633e+01 9.400552808112769299e+01 1.073391202085240366e+02 9.410706496236370810e+01 7.420482003184284281e+01 7.685285646082911626e+01 9.746924061895063574e+01
2.182538302475097680e+01 4.108206570056624685e+01 4.832954096662390953e+01 5.905008156121256491e+01 6.954841785341510274e+01 7.086648822902736811e+01 7.087704491782287164e+01 7.871888359973327454e+01 7.970023943067791095e+01 8.807955853864112328e+01 7.676345912653469838e+01 6.602817958214849625e+01 4.610098122025054579e+01 4.610457210758778501e+01 6.029170903408841298e+01 8.025429980920452522e+01 8.815425373325075498e+01 9.033581806725140950e+01 9.313395591138181828e+01 7.787508471555489109e+01 5.946382839190301439e+01 4.921016552295674273e+01 6.384508683938397411e+01 7.165354468716424208e+01 5.881248936214707612e+01 3.908931931573575014e+01 5.881248342108125371e+01 6.724776977176097148e+01 5.573809640299034385e+01 6.218813668828958185e+01 6.950628712415714006e+01 7.924423573951668232e+01 9.899689786869689101e+01 1.033064562463996197e+02 8.595273833951162601e+01 8.866285863965815395e+01 1.060134115114388180e+02
1.962763429052178665e+01 2.376730657475733466e+01 3.532135802674013547e+01 4.719557885241063389e+01 5.613527504662745571e+01 5.162000217597223894e+01 5.162045565415445481e+01 7.087703885058787989e+01 5.950820670911440402e+01 7.641535303446001137e+01 6.260212434673577775e+01 4.844078956626397314e+01 3.943711078607546483e+01 5.946060170390624933e+01 7.441319719454304504e+01 7.877113391388915886e+01 6.825446742928610888e+01 7.043023786845823508e+01 9.033581806725140950e+01 8.463820768307435571e+01 6.746991462388335492e+01 6.384508683938397411e+01 4.479129078796736252e+01 5.963180974528183498e+01 5.727876226292201522e+01 3.845097834481769183e+01 5.817577255762670774e+01 7.667938642407729333e+01 6.945318665014814030e+01 8.169362783317755827e+01 8.911107819880086822e+01 9.739599885025631920e+01 1.073670168758307568e+02 1.152787506302121017e+02 1.067817991760734913e+02 1.094989821180936644e+02 1.179835223440037879e+02
1.984785154222691617e+01 2.841419107999492510e+01 3.811764778102566709e+01 3.048935620489702814e+01 4.592712162963763944e+01 3.778123418819540547e+01 5.725349999805295909e+01 5.660753415843711167e+01 4.823665805697605435e+01 6.804236390339607965e+01 5.430907093424493581e+01 3.436169359150178337e+01 5.430907093424549714e+01 6.774079026828725603e+01 7.293121229668763306e+01 5.881986105143992205e+01 5.410263103371673310e+01 6.567315841308061408e+01 8.557944094420125225e+01 9.366662377414753848e+01 8.334217091086729567e+01 6.384508683938397411e+01 5.963180974528183498e+01 4.055481123598900695e+01 3.755778750884609707e+01 4.134191585883376518e+01 4.864008259888987595e+01 6.025422899291395851e+01 7.984132122305490498e+01 9.726949055300150349e+01 1.038305517303475654e+02 1.097346150522025425e+02 1.109061303761421584e+02 1.025501122713394011e+02 1.109065392786975650e+02 1.125354427876298047e+02 1.208996956712812647e+02
3.892061597813307117e+01 2.044650326143640484e+01 2.087881348335247722e+01 2.131367340821388368e+01 4.102953583793483006e+01 3.084990339054199637e+01 5.038374137310560741e+01 3.784560751650737132e+01 5.193299841045616461e+01 5.241903966561753947e+01 4.649526082381868974e+01 3.132562069043217789e+01 5.099458888986458760e+01 6.586821913792429939e+01 5.758236347142621980e+01 4.461829328338494349e+01 5.880204930327965229e+01 7.855202878986638382e+01 9.387299571576859591e+01 9.170180616224411096e+01 8.363866757464620605e+01 6.833989093492878908e+01 6.027335573580448624e+01 5.578547732748214827e+01 3.694992630769480257e+01 5.665774851415049795e+01 6.843620521314402083e+01 7.667960961349135118e+01 8.801144600796077100e+01 9.798272849085054759e+01 8.378283452380129859e+01 8.965464879781468710e+01 9.983766926664530672e+01 8.250475819095521501e+01 9.830140411822975466e+01 9.240549727393384671e+01 1.125354410119020230e+02
4.785978989905992620e+01 4.660155489597252654e+01 3.728908301050556418e+01 3.858262340289441994e+01 2.193117720004234883e+01 4.111157361399385479e+01 4.367087712567601443e+01 3.695007003789188360e+01 2.966105410543413257e+01 3.370945217907141256e+01 2.753904553196479910e+01 4.649526082381967740e+01 5.289857752470970098e+01 5.142084409011349067e+01 3.760401980371217689e+01 5.758236225006927356e+01 7.292948591348019249e+01 8.215526127501527753e+01 9.036275138541567742e+01 8.352940805510540656e+01 6.409348665447727456e+01 6.027321504635074234e+01 4.164881173297901285e+01 3.609693183115120263e+01 4.872994798864670685e+01 5.062701562664724975e+01 6.176175726880111938e+01 8.124980976895216145e+01 9.197975178948097152e+01 8.366853922263490517e+01 6.973234159114591080e+01 8.965466327416896775e+01 7.982521040605416829e+01 7.258367821857139290e+01 7.829975574280318540e+01 8.824889835786650849e+01 1.024404138602653092e+02
3.852367683702330226e+01 5.378895404155755955e+01 6.002687859571462781e+01 4.424173121546784415e+01 2.770518684682397392e+01 2.255286236532974442e+01 2.301107249398414822e+01 2.347081218369479672e+01 2.393191375756056871e+01 2.439507878499092897e+01 2.485913672776953121e+01 4.471037663900820291e+01 3.427851869552819153e+01 3.162071767160820457e+01 5.141878759994333592e+01 6.584001142834816278e+01 7.236397147950552267e+01 6.285300086050693125e+01 7.859571496352768349e+01 8.372662933950930153e+01 6.409915431708945732e+01 5.077558617807099495e+01 5.517336499619187151e+01 3.550022561365468476e+01 5.509954599865341152e+01 6.711297503913267803e+01 7.582008098005297825e+01 8.931183456914045848e+01 8.047727821683251648e+01 6.380458303261592334e+01 6.227544351832289493e+01 7.969068820650113594e+01 6.579999891697417524e+01 8.568677718898466367e+01 9.830140411822975466e+01 1.066519605527021497e+02 1.167162562952701421e+02
4.532974076009406161e+01 6.304688236488652109e+01 7.497508496635511221e+01 5.737448213891025972e+01 4.432329466208819468e+01 2.417093447721547150e+01 3.533687639693172144e+01 4.285260133716648312e+01 4.360892880468598776e+01 3.569584643433758231e+01 3.919206597271234926e+01 2.552139331111236942e+01 2.598889224169197831e+01 4.297309581436191905e+01 5.416914021000802393e+01 6.202744502046103747e+01 5.279076355881395699e+01 5.029656829159479514e+01 6.377082348262340616e+01 6.486295983288637501e+01 7.290824054339891802e+01 6.963362280595016784e+01 5.510521633387032381e+01 3.490458875339344047e+01 5.191829515344601020e+01 4.823126808623216277e+01 6.783060730919042669e+01 7.615299885481283582e+01 6.789084787757921902e+01 5.245270160036145057e+01 5.608931221335350870e+01 5.985861211718192010e+01 7.969068820650949192e+01 9.400553735071339645e+01 1.058372446155742637e+02 1.141475486458137851e+02 1.097250062569867026e+02
