LEM/sinusoidal_perturbations/elevation_000311.asc
nrows	100
cellsize	150.0
xllcorner	0
ncols	100
yllcorner	0
NODATA_value	-9999
[rows 68 to 84 of 100, columns 37 to 73 of 100]
6.075650766507409628e+01 4.405388272880598777e+01 5.601675171042298729e+01 7.645476443871298500e+01 8.880711321006774028e+01 9.059251196036657916e+01 8.883005524704326206e+01 7.719370451467206351e+01 5.675232618838101928e+01 4.208406102953715333e+01 5.565475610268362772e+01 3.644707780668895936e+01 5.725669525376748226e+01 5.858358258996966583e+01 5.080655541503135453e+01 6.754579466901620322e+01 6.233396034511027750e+01 4.322971322806801453e+01 6.381508572608286300e+01 4.614214534604353446e+01 6.691833591891442268e+01 7.622112830080988033e+01 5.554399397419690843e+01 5.316874975647690604e+01 5.675963624135913221e+01 6.039376095712646730e+01 7.976351593707099141e+01 8.162415150130861718e+01 6.406842541450066619e+01 8.209455369765402111e+01 8.860071958922181068e+01 7.172184021336903470e+01 7.427371040841330796e+01 9.407241773692949494e+01 9.401865901868063702e+01 1.136200165250029102e+02 1.086442028296452662e+02
7.301593868437667822e+01 6.465487228988970969e+01 4.824231701714538190e+01 6.023361005138934843e+01 8.054555948143158162e+01 9.311501563786094948e+01 8.512777012818636990e+01 6.490353857147060523e+01 5.020901182912385963e+01 6.274000793435685353e+01 6.690126444648146276e+01 5.832636781245578561e+01 4.007678949521100975e+01 6.227475174413672931e+01 7.064106454449006378e+01 7.868915039067526607e+01 7.176104691435838845e+01 6.224325908324772172e+01 4.460713418704248312e+01 6.530052916242418348e+01 7.525203785243482457e+01 9.212298579454341052e+01 7.641302017920898493e+01 5.664376562771327173e+01 7.702428790714397167e+01 8.057591788545431655e+01 6.564716029961405752e+01 8.553883231165688983e+01 8.426579384303583709e+01 8.387893576542882101e+01 8.895505942139052991e+01 8.788203881211552471e+01 9.407241773692979336e+01 7.793371818880467572e+01 9.761556635980738861e+01 1.042966817960416819e+02 8.920166768605128027e+01
8.862837847628516386e+01 7.714202939111866897e+01 6.881845001023067709e+01 5.277857240662817873e+01 6.471947387192005863e+01 8.487744655050570941e+01 9.095613372203236224e+01 7.082707894289460171e+01 5.762439524313631267e+01 7.804786642798013929e+01 7.981867519757032881e+01 5.903426395976907770e+01 4.294919422291253142e+01 5.903480709907527313e+01 7.984550501011017332e+01 8.769996365489078016e+01 6.949592749860137531e+01 5.564381295931791271e+01 4.801649881627792382e+01 6.020800499140030126e+01 8.098365953299463627e+01 9.134170176766455995e+01 7.127557662797423177e+01 7.715280732576174216e+01 6.207663975840365111e+01 8.241448180426755243e+01 6.944988533135554576e+01 8.912267905806531587e+01 1.021781480714670920e+02 1.027195866144568157e+02 1.052946601175074193e+02 1.070470991316381628e+02 9.225393554467338220e+01 9.761557880815050225e+01 8.188655791711391885e+01 8.480063413366121949e+01 1.042966859420423020e+02
9.686891459231070201e+01 8.378423262934371962e+01 6.426621053063614397e+01 7.323923559820711660e+01 5.807557354969991792e+01 7.255209056503767329e+01 9.254426426786388049e+01 8.630641402685310482e+01 6.799674883460555463e+01 8.630641402686548247e+01 8.256284290554778238e+01 6.202737223345589257e+01 4.618933195494935262e+01 6.202737223345546624e+01 8.256284289924785469e+01 8.722004292859077168e+01 6.940722931435917076e+01 7.214691413702227862e+01 5.175106694609739577e+01 7.285489208835726060e+01 8.943998344631513930e+01 9.956842537213810829e+01 9.134170615252956793e+01 7.875888251221590508e+01 8.241448188663657959e+01 6.810326097899492481e+01 8.810746745086719045e+01 7.492933127427774309e+01 9.429889553043702222e+01 1.076111607515647393e+02 1.182413501662874324e+02 1.204598234378138528e+02 1.067110837036274944e+02 1.014528856765439713e+02 9.571865347121652690e+01 9.603422734021258123e+01 1.124913435640295631e+02
9.780660127703599471e+01 7.898592466121280609e+01 8.209694042060232277e+01 8.223279364755877907e+01 6.200967304675828728e+01 7.640106495133758813e+01 9.631183215805640430e+01 9.632030243623043475e+01 8.809898402135461026e+01 9.632030243623043475e+01 8.540890302823788716e+01 6.508396821868957716e+01 4.964891509496195710e+01 7.103700380168106676e+01 8.502920338387826860e+01 9.470549538827829394e+01 8.639055623899058389e+01 6.998400672825286506e+01 5.570134721285884183e+01 7.679722549200141657e+01 9.248992793716826100e+01 1.029275525632067882e+02 1.069077726477996606e+02 9.868004349480354165e+01 9.250441975691535390e+01 7.251261106467752882e+01 9.250442126853303648e+01 8.723938969950719979e+01 8.084933248447538290e+01 9.192836836177278315e+01 1.105554252821758467e+02 1.219105250094171424e+02 1.271642529742587868e+02 1.211183242667071340e+02 1.152967045921125333e+02 1.155833855796896898e+02 1.238444297025919951e+02
1.054429723445667975e+02 9.780660127703599471e+01 9.165756416329362821e+01 6.992627884333586508e+01 6.880454498648150263e+01 8.164021355728121421e+01 1.008670480437984622e+02 1.100970929512757550e+02 9.871226015751933858e+01 9.055041372005494793e+01 7.757677249411976561e+01 5.689620805499130540e+01 7.103700380168106676e+01 5.605432603358649146e+01 7.091138695258226221e+01 9.097299085369773763e+01 9.698887661859100717e+01 8.420372864045501160e+01 6.368371295678768718e+01 6.276635668036007587e+01 7.338329909686115116e+01 8.837088639458035288e+01 1.090779898818198745e+02 1.110148874529872671e+02 9.127709742848246322e+01 7.720190907956221338e+01 9.127709742847794416e+01 1.044192423251936646e+02 9.985428160981228984e+01 8.753375906495374181e+01 9.523101730782174457e+01 1.059327083349166259e+02 1.248202133151865354e+02 1.284162388184198562e+02 1.197869888091164654e+02 1.254279853981740729e+02 1.170011369936721337e+02
9.765311334122722542e+01 1.084623907875944013e+02 8.906575616625157465e+01 7.635934612810571309e+01 8.777020872811074526e+01 7.905622086258851766e+01 9.777675528737765376e+01 1.019435463183435502e+02 8.221006180073841563e+01 7.055754121798031520e+01 6.427271294466447671e+01 7.757677249411976561e+01 8.113805813223407881e+01 6.073116873306007335e+01 8.113805813223407881e+01 9.663226870917195299e+01 9.857557488726180850e+01 7.825071500868682506e+01 8.420372864045501160e+01 7.142381507893909998e+01 7.502746721667625707e+01 8.728084544112751075e+01 1.080476682818217853e+02 1.131789292325313880e+02 9.343403930093163012e+01 8.327235223737768877e+01 1.030040594529650093e+02 1.192438906917577839e+02 1.129361319257264142e+02 9.421849132378133618e+01 1.063163919192238183e+02 1.219105250094171424e+02 1.328672415619028015e+02 1.197740425792336225e+02 9.907341577906147734e+01 1.050971759635784224e+02 9.638287166720959931e+01
8.630744331753354004e+01 1.099547059786757188e+02 1.001304327339375959e+02 8.336152768389716528e+01 1.022622047627785520e+02 8.831208927618320104e+01 1.058083292679434777e+02 1.044955313173560683e+02 8.477415688236487767e+01 9.055041372005494793e+01 7.457500714008858722e+01 9.270965391078512141e+01 8.934252810039949111e+01 7.270364447390558382e+01 6.839922473321843199e+01 8.268075645551643049e+01 1.024296320642296507e+02 9.258717448592247479e+01 1.009586293184059826e+02 8.205087280991764942e+01 9.605427225355560950e+01 1.045729248020808484e+02 1.165658004998685300e+02 1.213984757938483767e+02 1.108358368198246069e+02 9.315715385828697492e+01 9.722684329927325564e+01 1.169579411060378362e+02 1.209741614728068555e+02 1.034763236597783163e+02 1.209741614728068555e+02 1.334932072528073377e+02 1.278777192412602659e+02 1.218058198180799820e+02 1.049678697869431829e+02 8.448486196546309657e+01 9.906718007963458206e+01
8.572358565997151914e+01 1.062905073174888884e+02 1.103996456397822641e+02 9.408223958801484343e+01 1.103996456397822641e+02 1.015514166181526576e+02 1.153773406630183871e+02 1.126503634306454700e+02 1.044955313173560683e+02 1.026278215671772216e+02 9.446966455987657696e+01 1.026278215672263627e+02 1.008216597805905508e+02 9.265968145553735269e+01 7.564474886886817728e+01 8.484283041732879838e+01 1.045821780626362028e+02 1.130328523530954357e+02 1.112996247305765394e+02 1.028645904831791711e+02 1.112996247305765394e+02 1.063708466730498117e+02 1.146994828253005210e+02 1.240039629596988249e+02 1.210474491502727972e+02 1.070510893530649668e+02 1.169577977657966983e+02 1.252056152120818098e+02 1.305440467453509825e+02 1.223959401916746543e+02 1.305440467453509825e+02 1.261175798952361902e+02 1.074846348721679163e+02 1.074786315335477553e+02 9.370661809181999047e+01 7.929511237860667450e+01 9.976342460242824473e+01
1.002121854419590932e+02 1.000331543154042038e+02 1.083755346514471398e+02 1.134362449919084810e+02 1.216569899456000883e+02 1.209783077680070562e+02 1.082572812747085749e+02 9.989012463548748144e+01 1.074421596500234699e+02 1.042118377764926720e+02 9.584273089974652748e+01 1.042118377764926720e+02 1.115360782507419231e+02 9.186747833592600898e+01 8.716551254013215555e+01 1.036281086559359750e+02 1.127369409121788095e+02 1.173486945072058774e+02 1.093849758097394869e+02 1.010714199717552191e+02 1.010714199717552191e+02 8.623247330847858905e+01 9.482566397137870240e+01 1.106170984752737070e+02 1.222001236040942160e+02 1.268306269352695637e+02 1.280126388312451411e+02 1.198985537245570896e+02 1.224201760840370099e+02 1.206654959191164522e+02 1.287352579751226074e+02 1.177611741340241309e+02 9.720809561031175861e+01 8.688979859340084033e+01 8.048853690622361512e+01 7.476492520606402081e+01 8.998259640906115919e+01
9.676943858489217121e+01 7.994652276306486272e+01 9.676943858489217121e+01 9.733719411193393967e+01 1.056776052279467564e+02 1.077657706814724889e+02 9.660521562897596937e+01 7.971566599325007019e+01 8.725468882159167094e+01 8.725468882159167094e+01 7.570198694058387900e+01 9.413208267187702916e+01 1.042118321481899272e+02 1.115360782507419231e+02 1.068300728666974919e+02 1.149856199441259719e+02 1.114582585221600084e+02 9.730965458468240570e+01 1.010714199717552191e+02 8.097089623659796587e+01 8.097089623659796587e+01 7.464954579202215257e+01 8.221806891019996044e+01 9.383742815923821468e+01 1.139129572071572341e+02 1.228043175186395501e+02 1.166375621105683251e+02 1.001837996959037440e+02 1.027491963235797101e+02 1.009789535441572781e+02 1.174037941415862747e+02 1.261175798952361902e+02 1.158965337059982801e+02 1.074846348721679163e+02 1.009698050058258332e+02 8.998259640906115919e+01 6.985478227990100208e+01
8.843613217992998443e+01 6.838201501598608445e+01 8.314065063526822996e+01 7.726024978841400070e+01 9.733719411193393967e+01 9.920025346876269623e+01 7.924530527044399264e+01 6.812429013757397911e+01 8.555719663324046564e+01 6.716578290982563715e+01 6.569240046184974346e+01 7.570198694058387900e+01 8.991753975860301296e+01 1.101474076150455659e+02 1.151097647192774218e+02 1.069853611155266577e+02 1.031789534895215326e+02 8.309745112486943697e+01 9.047829622745000222e+01 8.685820333320305053e+01 6.679020829535353698e+01 8.685820333314509867e+01 1.023218005801167294e+02 1.106170984752737070e+02 1.169956116604124787e+02 1.031122590224721023e+02 1.085134699433609313e+02 8.866995632214130296e+01 8.866994863223776235e+01 8.946683868747335566e+01 1.085693531290202145e+02 1.231295428152769063e+02 1.148135460077842680e+02 1.130094477008446887e+02 1.070770911037392494e+02 9.841753455722243871e+01 8.523803978458693109e+01
8.085638835380727585e+01 6.086710124920534071e+01 6.313374996584632015e+01 7.465748952705081365e+01 9.472886421348938768e+01 9.082421597953849357e+01 7.025241143707721392e+01 5.903183731969919990e+01 7.069048068085770353e+01 5.711500078566579930e+01 7.721023586570866826e+01 9.413208267187702916e+01 9.183848968506292465e+01 1.001912454657615825e+02 1.035499701017774044e+02 8.679416843093106593e+01 1.035499709410860447e+02 9.047829622745000222e+01 7.040306806383514981e+01 8.101474291516444737e+01 6.249531755415639367e+01 8.257843244180773468e+01 9.350096391430371057e+01 1.035367823361012398e+02 1.088799294204773673e+02 8.903177387421804667e+01 9.632685364458069444e+01 9.705563385728284231e+01 7.715367886791614183e+01 8.054183475704849116e+01 1.004300450883618510e+02 1.148135460077842680e+02 9.435507038954439452e+01 9.261260036983802024e+01 8.662121209328506666e+01 9.855052873199478825e+01 8.349027482280776269e+01
6.573123924573552301e+01 5.431003670153950225e+01 7.419329265208564550e+01 9.146892750818039985e+01 1.030671040836487862e+02 9.774350119229237066e+01 8.517693081242076403e+01 7.069048068080900293e+01 5.056076810669301835e+01 7.069048068085770353e+01 8.555719663324047985e+01 8.851349459518397111e+01 7.158673063290670768e+01 8.851349471248401812e+01 9.532797052152982076e+01 7.492100909242762441e+01 9.532797058061281348e+01 9.877491987474350310e+01 8.101474291521063265e+01 6.093089026811790632e+01 5.838356526241074818e+01 6.510946171024393436e+01 7.515120197979327088e+01 9.523538372063288193e+01 1.103499661856076415e+02 9.051829024340311491e+01 7.640957107804344162e+01 8.693775660084261858e+01 7.114517967256497855e+01 9.105465282773781155e+01 1.085693531290202145e+02 1.058709332140987840e+02 1.003472191653872585e+02 7.988672757813661462e+01 7.228843945667300375e+01 7.833915433880174817e+01 7.940487342291554285e+01
7.013464002671236130e+01 5.031271757080477869e+01 7.013464002671236130e+01 8.286730255381225163e+01 9.066439246559644971e+01 8.116237623224576225e+01 7.188914652252127269e+01 5.758887283494406262e+01 4.715940294525415766e+01 6.135927401514175727e+01 8.146024758368649543e+01 8.014613110648842564e+01 5.998642323230502882e+01 8.014613111350267616e+01 7.897347335171356519e+01 6.767637224567310739e+01 8.811302013171268754e+01 8.241412016234734494e+01 7.521703404913374413e+01 5.513442712033228332e+01 5.437497299540349616e+01 7.445895539294006937e+01 9.350096413515231575e+01 1.035367823361012398e+02 9.900053086486227016e+01 9.081746712925919951e+01 8.693775660084261858e+01 6.698396839440003703e+01 6.686712872172796551e+01 8.635182123620069206e+01 1.000367495166155436e+02 8.632643220742903623e+01 1.004015621309440434e+02 1.003467327093507890e+02 8.434933909943050878e+01 6.406624051534291198e+01 5.903928795964152698e+01
5.789972876465659368e+01 4.651529977137961680e+01 5.781680873245134222e+01 7.725541454180310552e+01 7.516411799151114792e+01 5.821922646002485635e+01 7.478118825961696814e+01 6.398348790819972720e+01 4.403198158666904050e+01 5.822660121451331605e+01 7.833770418624654042e+01 7.301859801323368515e+01 5.309388195797874488e+01 7.301859801315529808e+01 5.869161328783085452e+01 7.897347335171356519e+01 8.241412016233503834e+01 6.234363581888993622e+01 6.602663831833081076e+01 4.980274821983311995e+01 6.984786314556781406e+01 6.857581265868068954e+01 8.866117784462565510e+01 1.072567218337055692e+02 9.081746254606623836e+01 7.086088324854156895e+01 7.670602824805420994e+01 6.116120298118084264e+01 8.117759227896951302e+01 9.499251748613137636e+01 9.175687528563251760e+01 7.344632741444547719e+01 8.577269867165212247e+01 9.400012547144005737e+01 9.269355180498807556e+01 7.783607016697865788e+01 5.748779534104492228e+01
5.709640919893923439e+01 4.310067187956850177e+01 5.748917680415582510e+01 7.698506704706646531e+01 6.591063230586925670e+01 4.674773100564998174e+01 6.591062722601783719e+01 6.112955494386251587e+01 4.103382423990692018e+01 6.112955494390558187e+01 6.741433888178525535e+01 5.918345456947641736e+01 4.752085112100273534e+01 6.602830021761921842e+01 5.330562979671109503e+01 7.334829747362029195e+01 7.079965657804550005e+01 6.245941228252458899e+01 4.599293620647618042e+01 6.602430855027361645e+01 7.815935825122471670e+01 8.866072332185729010e+01 9.697782560891683090e+01 9.876311287009100681e+01 7.992829226720469649e+01 7.670602693315900922e+01 5.667271491940618233e+01 7.670602642435054008e+01 8.938412424944364432e+01 9.761992949283389009e+01 8.412378347812756374e+01 6.590151945290344315e+01 6.731224849279867328e+01 8.262941271189397696e+01 8.037145024273459626e+01 7.425422769334890916e+01 5.599684295758721930e+01
