LEM/sinusoidal_perturbations/elevation_000474.asc
nrows	100
cellsize	150.0
xllcorner	0
ncols	100
yllcorner	0
NODATA_value	-9999
[rows 68 to 84 of 100, columns 37 to 73 of 100]
7.049228357714760307e+01 6.204482008562158768e+01 4.282886914128286548e+01 5.651469277333512764e+01 7.539572844459340217e+01 6.733917540118441991e+01 4.736455023671738473e+01 5.069413780739155584e+01 7.066938642528786829e+01 6.564802185830632197e+01 4.547232104482431225e+01 5.430013674816078861e+01 4.243406773323950176e+01 5.911727661442440507e+01 5.740745255562892169e+01 3.709917000818246891e+01 5.740742108838178837e+01 7.066189310914586486e+01 7.789811237694777901e+01 8.372176599406257935e+01 9.065159770350618373e+01 9.013023858506238639e+01 7.027931716465258205e+01 9.013023858506238639e+01 9.859147658631029287e+01 8.558177097468703209e+01 6.571576111155773958e+01 5.577649608758675726e+01 7.443589696804009748e+01 5.711261337683148298e+01 5.912004888757992660e+01 6.121153658171962775e+01 6.333780647427615662e+01 6.937349210987646586e+01 8.630443981727430014e+01 7.291502946019109288e+01 7.674469104673988795e+01
7.539572844459340217e+01 5.651469277333512764e+01 4.978937292070519760e+01 6.204482008562158768e+01 8.094211951877629474e+01 7.489212857810422008e+01 5.490889280785923887e+01 5.963348476205421633e+01 7.893132965411950863e+01 7.400435209350159482e+01 5.736536125112063189e+01 7.211712553474797005e+01 6.370793814784214959e+01 6.139976063744198598e+01 4.092404254192636159e+01 5.740745255562892169e+01 4.200482292717047272e+01 6.243766993995242842e+01 7.204580446779053204e+01 7.658869244352104033e+01 8.478804165999004283e+01 9.829521249180665166e+01 8.176753418559617614e+01 9.829521249180665166e+01 1.053885734680598034e+02 8.558197466447954582e+01 7.878968044484351196e+01 5.892181129434776210e+01 7.878968044484351196e+01 7.708121209113348016e+01 6.309988006519841264e+01 8.107655218580791256e+01 7.957191042257269942e+01 6.661199181307908646e+01 6.893451821428706694e+01 8.878200372521746431e+01 9.675776499442328316e+01
8.328080677820956623e+01 7.539572844459340217e+01 6.080825081886357708e+01 6.324001262596515005e+01 8.204391018184242057e+01 8.314703462065840256e+01 6.492359879021029201e+01 7.959940953914902195e+01 7.594446700424113317e+01 8.548355774171960775e+01 7.704870097722903211e+01 7.547448606484114464e+01 5.562609709202664732e+01 4.534838555695968410e+01 6.142751526421488251e+01 6.965524715439170222e+01 6.243766993995242842e+01 4.763056101034929668e+01 5.218155534603210555e+01 5.678670284548557134e+01 7.078134452485699057e+01 9.060887055017889224e+01 1.015539052390730035e+02 1.096976238496653053e+02 1.053278657356842132e+02 9.608541571804028081e+01 7.624553869316150667e+01 6.218518127406468210e+01 8.205650413584135094e+01 8.730503893590105235e+01 6.743380732696553537e+01 8.730503893590105235e+01 9.641840406924924878e+01 9.300950406509851121e+01 8.036303653968336391e+01 7.610284870077677510e+01 9.607468873920838348e+01
9.447780809808834590e+01 8.749561139161210122e+01 7.959282657917066217e+01 8.204391018184242057e+01 8.996107149562443794e+01 9.311376262628108691e+01 8.486065836599821921e+01 9.311376262628108691e+01 9.586203885868363272e+01 1.041277078818210242e+02 9.526243910683867000e+01 7.547448606484114464e+01 6.979396362440353130e+01 4.988937738046534776e+01 5.181192981985756774e+01 7.168247493082387223e+01 7.591524477153048167e+01 6.190208042919694265e+01 6.190208042919694265e+01 7.658869244352104033e+01 6.453114537143562757e+01 7.856708048849378656e+01 9.838022533440530992e+01 1.111143904019836555e+02 9.135475041305468835e+01 7.729857810568356058e+01 7.066102954787969281e+01 6.641767853437967517e+01 8.629390308118678377e+01 9.198738653821682476e+01 7.212177611428343482e+01 9.198742194153112450e+01 1.079447707562928684e+02 1.084662725456044399e+02 1.002825267956502557e+02 8.615054262390628992e+01 8.557884292149482519e+01
8.265458699630069361e+01 8.244891959212806398e+01 7.412154901164205967e+01 7.894493968728812661e+01 8.726146785723096855e+01 8.205663362125248739e+01 8.681806144506121825e+01 9.202161047045832731e+01 9.421234304804461601e+01 1.024920401025049017e+02 9.779027989040284297e+01 7.800344389913588827e+01 6.399293981415620181e+01 5.495173935353595596e+01 7.168247493082387223e+01 5.847911182420747167e+01 7.828415648413201211e+01 8.173521117785067247e+01 7.593506061854006362e+01 8.992840911386292646e+01 7.262608228206678973e+01 7.856708048849378656e+01 9.838022533440530992e+01 1.111144063574175505e+02 9.135475047481035915e+01 9.714221497200706779e+01 9.052766840257382341e+01 7.086310016776056386e+01 9.073807127837896758e+01 1.001745515928784442e+02 9.198742194153112450e+01 7.993811347214203522e+01 9.976362884969331901e+01 1.185009763080689424e+02 1.141713390377837243e+02 1.002288961824942106e+02 9.557517307973115805e+01
6.411286207016931371e+01 7.076052003359481546e+01 5.381830476394949869e+01 5.868095482199455404e+01 7.608854094770404686e+01 6.181409447016137904e+01 6.661702441657891427e+01 7.186835176418944116e+01 7.407602055038651656e+01 9.321482989711996936e+01 1.032532919744722477e+02 9.198379557854761401e+01 7.985583147766291745e+01 6.004761399083175633e+01 7.985583147766291745e+01 7.818523180975692810e+01 6.569353220245739067e+01 8.553269605045032620e+01 9.573801332194426550e+01 1.006533239720620259e+02 8.257647530054509843e+01 9.838022533440530992e+01 1.065580319212688352e+02 1.193011628247325433e+02 1.111144042514098942e+02 1.000863232363620199e+02 8.025656748460519907e+01 8.493907005329684523e+01 8.151230828676230544e+01 1.013331664846160152e+02 1.079447707562953838e+02 9.398370106365425158e+01 9.057188556195387719e+01 1.019966869228904898e+02 1.216870108489074767e+02 1.199286990342312720e+02 1.095363424073474476e+02
4.379603786105600705e+01 5.243413386325634917e+01 4.203816291210657141e+01 5.834247600404802370e+01 6.160523316830286689e+01 4.738633876717442917e+01 5.220823457522578082e+01 5.748699953854243461e+01 6.469968456780705424e+01 7.486023354415293340e+01 9.497996958527834011e+01 9.964820226770879685e+01 7.985583147766291745e+01 6.628260216750710754e+01 8.613311471477436498e+01 9.181655437475545511e+01 7.196160003230843927e+01 8.189952518524631842e+01 1.016984525489544495e+02 1.105398807983431197e+02 1.023684650879934424e+02 1.105398807983431197e+02 1.094672671854863069e+02 1.177966301412057391e+02 1.140455203697449633e+02 9.430407372019217860e+01 9.173874403389334020e+01 1.047395209741744111e+02 9.555232457898496534e+01 9.771181200560785385e+01 1.174463542737315151e+02 1.137176089002860522e+02 1.103187970116129435e+02 1.185009763080689424e+02 1.298872528728078066e+02 1.323860757724713153e+02 1.291966814539052564e+02
2.949239195634200073e+01 3.214443728324202709e+01 3.487094139357918010e+01 3.798116816932407147e+01 4.122932122609444150e+01 4.738633876717442206e+01 6.774299607980263715e+01 7.777110457624873163e+01 8.492010156471560833e+01 9.321482989711996936e+01 1.032532919744722477e+02 1.001288080061381436e+02 8.033590873867734672e+01 7.776022971489044266e+01 9.431554598914313203e+01 9.882829160907799348e+01 7.899867902892508198e+01 9.882829160907799348e+01 1.098859731034417706e+02 1.171225910951479250e+02 1.087849349283338256e+02 1.060797086765867334e+02 8.909615119662531413e+01 1.060797086765867334e+02 1.222303602687824764e+02 1.140455203697449633e+02 1.114893430399662719e+02 1.196742347495050609e+02 1.152893585399238532e+02 1.174463542737315151e+02 1.202213610127310659e+02 1.119256951589075726e+02 1.145177669359101174e+02 1.228173153450677688e+02 1.264223140812743651e+02 1.120943945286150409e+02 1.169197512486363735e+02
4.011006796857066803e+01 5.243413386325634917e+01 4.660447060529536145e+01 5.834247600404802370e+01 5.566207876730400272e+01 6.160523295744911110e+01 5.702041974979075434e+01 6.877656053216801979e+01 8.308083556540343295e+01 1.031403603681219181e+02 1.084176766582620530e+02 1.082951832396089031e+02 1.001288080061381436e+02 9.757068832758147892e+01 1.057370247244562762e+02 9.882829160907799348e+01 9.303891539827564827e+01 1.070292908236315128e+02 1.074438267489384344e+02 9.906419773750035063e+01 8.835439158282149208e+01 9.770599788562378762e+01 7.694208704696077916e+01 9.770599788562429922e+01 1.079843592295218428e+02 1.196840584360616759e+02 1.201817617047712616e+02 1.118870057844289079e+02 1.101447741796855269e+02 1.184368931207735898e+02 1.087006777195673664e+02 9.200156545627284288e+01 9.458404009406676494e+01 1.145177669359101174e+02 1.180376915836681349e+02 9.793582917270383348e+01 9.683559463225499542e+01
5.445174598713550296e+01 6.879342400570016025e+01 6.694326834030090367e+01 7.529127836827915132e+01 7.595327712638400897e+01 8.185002568802146072e+01 7.140144390811681774e+01 7.360949735378819980e+01 9.375056415351308203e+01 9.213560231855056770e+01 8.847628961508391399e+01 1.084176766582620530e+02 1.184159105133055334e+02 1.101433777499195230e+02 1.184159105133055334e+02 1.186010121590856699e+02 1.128050821748772421e+02 1.074438271137526186e+02 9.556118909736196088e+01 7.833742734684116726e+01 7.619903229685273516e+01 8.354439372361230198e+01 6.934279856052482671e+01 7.892601283778202514e+01 9.102576523599384473e+01 1.113577139416134827e+02 1.086542867374800636e+02 9.194533001220160884e+01 9.020566107940365441e+01 1.069115409021956253e+02 1.004224935117223936e+02 8.045717410187361907e+01 1.004224494047250431e+02 1.141982622537537395e+02 1.195519472087770652e+02 9.943057355027528388e+01 8.548211980209956096e+01
5.300323972332471811e+01 5.818903978399715982e+01 6.399520369574512557e+01 7.069526558965303309e+01 7.898962165632447352e+01 8.901165887482400763e+01 9.155898832343599736e+01 9.375056415351308203e+01 9.143028963017289357e+01 7.203442985846180591e+01 8.314608470890959779e+01 1.031583029997211440e+02 1.084615152257314321e+02 9.026062887148535197e+01 1.084615152257314321e+02 1.208650935969331499e+02 1.156967972655655643e+02 9.906419773795200001e+01 7.833742734684116726e+01 6.604471679936236228e+01 6.552814660531996083e+01 6.241343872691633976e+01 8.354439372362776339e+01 8.279982901795426642e+01 9.481188105579659009e+01 1.150899960851271970e+02 1.003736739092412051e+02 8.041023825359155808e+01 7.866449233309585054e+01 9.619503202941194786e+01 8.791868840758647252e+01 7.441766053727329222e+01 8.597270350757872848e+01 1.059177668345833894e+02 1.131516275239919054e+02 9.982031271609490375e+01 8.000452521450283427e+01
3.297064462634054394e+01 3.810452251225146370e+01 4.388206191130441880e+01 5.059507990792948107e+01 6.066505696080417209e+01 7.485928417240094745e+01 9.488770978725641214e+01 9.619968765335049454e+01 8.314608470890959779e+01 6.296574226073265379e+01 8.314608470890959779e+01 8.478181494198074120e+01 9.306693378214563950e+01 8.021367240822306144e+01 9.264712455044109163e+01 1.108913589450976929e+02 1.013305098700617748e+02 8.696422247455805632e+01 9.556118664966334109e+01 7.717317106953159112e+01 5.608455541094863150e+01 7.233511083277539910e+01 8.091447763657924952e+01 9.296570293370548654e+01 1.117359131069847678e+02 1.234117681049414728e+02 1.086542867374800636e+02 8.970276869690583510e+01 6.975214839218706686e+01 8.216214300722566577e+01 6.797743754658070259e+01 8.791829113722410227e+01 8.856031829032056635e+01 1.085065851283356295e+02 1.048040314052463771e+02 8.492856180227039431e+01 7.503469714835784998e+01
4.613211629159361848e+01 5.818903978399714561e+01 6.399520369574512557e+01 7.069526558965303309e+01 7.898962165632447352e+01 8.191795852521147481e+01 9.009722252693067901e+01 8.789558008734145744e+01 6.777144041773844663e+01 5.687630410279638937e+01 7.706148171629608612e+01 6.463467115771487670e+01 8.145945713967562085e+01 7.255177625246565754e+01 8.262272256362501821e+01 1.026206879616974277e+02 9.294484309907878128e+01 7.212522538380135018e+01 7.977735985201795188e+01 7.343382240225840007e+01 7.207034985080868239e+01 5.134632321066204952e+01 6.344635848859849148e+01 8.447737235991654359e+01 1.009491416866156897e+02 1.125846022711726562e+02 1.077947793347106540e+02 8.783752911680412012e+01 7.372838377209026817e+01 6.233121957870999097e+01 8.216214300722566577e+01 9.619386291164410352e+01 1.085063309928539752e+02 1.167932548573026139e+02 1.131516275239919054e+02 1.002146747679803980e+02 8.035066351012383734e+01
4.812067658980565454e+01 5.270504953398438630e+01 5.745345503748840343e+01 6.263876646540734328e+01 6.841994713256049465e+01 6.282888774865781301e+01 8.191795852521147481e+01 8.569896959877455345e+01 6.556576090165155790e+01 5.126832261967347648e+01 6.765421217430252909e+01 5.295757947182932668e+01 7.314985297103181949e+01 6.613513107548510561e+01 8.043175009933867159e+01 1.004413205259396875e+02 9.446915561863303878e+01 7.369181998941662926e+01 5.873822974717710110e+01 5.243716687278183031e+01 6.423183164165891412e+01 4.823656007461718076e+01 6.969322178886703512e+01 7.200972113280867859e+01 8.408366095785784466e+01 1.043372107257855674e+02 1.101013361618814344e+02 9.326412479296325841e+01 7.333558366092285041e+01 5.939456489566615005e+01 7.917251821930278766e+01 8.520341427938866730e+01 1.051601552685270349e+02 1.185254738947876376e+02 1.102093951585537610e+02 1.085427069321562072e+02 9.703335340043668111e+01
2.856099384753732906e+01 3.302060336323022938e+01 3.787527759298426844e+01 4.323710765805749645e+01 4.924594001437642987e+01 6.037758578864304582e+01 7.940601703476556850e+01 8.108188397074850684e+01 6.092707441971515436e+01 4.656394239084624331e+01 4.739945771572230626e+01 6.765421075817528163e+01 5.919531799825977458e+01 7.937852544550705147e+01 9.457045412063077094e+01 9.707112530131462336e+01 8.846551659190450323e+01 8.826950958736212272e+01 7.977735871013264557e+01 6.519824485379801615e+01 4.407415768827634395e+01 6.444701482071864973e+01 5.868293385605794299e+01 7.959366940524088818e+01 9.307973102831604706e+01 1.014261675569675560e+02 9.598947621970501132e+01 8.187761623267448385e+01 7.631781603052154139e+01 5.655532963401245894e+01 6.533461257416868762e+01 7.936086787541812271e+01 9.930856904664835838e+01 1.069301839970675587e+02 9.012293022572474399e+01 1.069301839970675587e+02 9.641993021092835647e+01
4.830324560312686089e+01 5.270504914243786487e+01 5.745345503748840343e+01 6.263876646240187540e+01 6.841994713246774040e+01 7.646305513779428509e+01 8.756038744334431101e+01 7.678483278694827163e+01 5.659642712022149169e+01 4.205742632729673858e+01 6.250949947623686853e+01 7.597417083735781773e+01 7.937852544550705147e+01 8.767388277480556269e+01 9.257060423385509296e+01 8.404111596350566060e+01 6.747970584594078503e+01 8.499047889625921925e+01 7.754242272585440787e+01 5.656446362207130818e+01 4.139825074314243381e+01 6.270876558811530543e+01 7.959366940524211032e+01 8.427736029680160357e+01 7.339719867750612536e+01 8.998338892089006436e+01 8.771749312800115206e+01 6.784050114463134662e+01 7.365304248646913265e+01 5.388673841285199728e+01 7.365304248646921792e+01 8.680425167347483750e+01 9.676314065471174786e+01 9.861246922251693547e+01 7.853091673257921457e+01 9.575831210373019076e+01 8.810900139830570765e+01
4.704936231538889757e+01 6.012184229599264285e+01 6.655272151939509229e+01 7.456737449714982802e+01 7.953136201308170428e+01 7.160796096885967188e+01 7.953136208690176545e+01 7.720350172336783601e+01 5.980055605956663811e+01 3.913733930129224348e+01 5.980055605183628131e+01 7.715747450218412951e+01 8.084827107773099897e+01 7.254383371829858618e+01 8.079481471591425645e+01 6.317330792467946310e+01 5.547973378321126603e+01 7.565836189566773839e+01 7.513608578440371843e+01 5.410417901567979015e+01 3.907253008196381217e+01 6.026428188695577148e+01 7.868495887665446276e+01 6.486961343487232057e+01 6.238285626889824442e+01 8.171601567724111703e+01 8.436826147277719201e+01 7.514617958793172647e+01 5.536873325740125296e+01 5.131056567372778687e+01 5.873960486269672288e+01 6.859514892784547158e+01 8.848949714459818949e+01 9.102235136549784045e+01 7.099666493232471964e+01 7.571109538497346136e+01 8.989564776176017347e+01
