LEM/sinusoidal_perturbations/elevation_000082.asc
nrows	100
cellsize	150.0
xllcorner	0
ncols	100
yllcorner	0
NODATA_value	-9999
[rows 34 to 50 of 100, columns 37 to 73 of 100]
1.100348005587664630e+02 1.183658581286589566e+02 1.174206202570625095e+02 9.694603712931511552e+01 8.275515455365881223e+01 7.376094761687733126e+01 6.729473038130713292e+01 6.152495524067420263e+01 5.816205325531490189e+01 7.862846035616425411e+01 8.613226944880038616e+01 7.541237312941255766e+01 6.680358901240968805e+01 4.803972204186536743e+01 5.819196997099030000e+01 7.852847610122218214e+01 9.280153297141691837e+01 7.308059208417077457e+01 8.544947447847681588e+01 7.701135447719255467e+01 5.940007260829697344e+01 7.995838696012739888e+01 8.865364639514483258e+01 8.375266752405508441e+01 9.651621063054109584e+01 1.048389510871159018e+02 1.137756976712647656e+02 1.250455130882047996e+02 1.207301061580374153e+02 1.291350729042935370e+02 1.378716838737213664e+02 1.519280755173986108e+02 1.405306625591677516e+02 1.411116219554411089e+02 1.233178427048488714e+02 1.407917941810398759e+02 1.340384724154858702e+02
8.989798081588708101e+01 1.067439796406767556e+02 1.156524358739272742e+02 1.113301156795902926e+02 1.022409123957445161e+02 9.385921390546576504e+01 8.749905404915914175e+01 8.189190419202382998e+01 6.264820033960768342e+01 8.295822146318806745e+01 8.521700125667388193e+01 6.503762381466157194e+01 5.064018106761995597e+01 6.832788659757677863e+01 7.683935009851963116e+01 8.703794093933188947e+01 1.019207600176658133e+02 8.493492140797229695e+01 9.713908953056669304e+01 7.664807667544991432e+01 6.208577488866143312e+01 6.447617411858556125e+01 6.811792658096881325e+01 7.187432542477326081e+01 7.598658278552643708e+01 8.528394013164653131e+01 9.717129597901607951e+01 1.166670892286822152e+02 1.263453507711208346e+02 1.371780007797524661e+02 1.516823602277653436e+02 1.423118525462605817e+02 1.257657141742830191e+02 1.346157436551674493e+02 1.159748880835245473e+02 1.281309039772375229e+02 1.149551318586755144e+02
7.808625225170963802e+01 8.701881548322461413e+01 1.072528795038583240e+02 1.037480252762780708e+02 1.122400169250745279e+02 1.071966322565783400e+02 8.718109771444089517e+01 7.557769663938698557e+01 6.802189470341130573e+01 8.815709902998375469e+01 8.450231956007289114e+01 6.430213285469341145e+01 5.250638441686114533e+01 6.430017131484505910e+01 7.860991394655444253e+01 9.840591576061778767e+01 1.136390157325677848e+02 1.053091322309718549e+02 8.914609127599135263e+01 6.860291058242772522e+01 8.264975779149550306e+01 6.701559075653391062e+01 8.761967295665611744e+01 9.240562508662196706e+01 9.651621063054109584e+01 8.323846030133910290e+01 8.917756415351772148e+01 9.693573466170163044e+01 1.072895569412778514e+02 1.284424923083548435e+02 1.439657192893479305e+02 1.250119186249248031e+02 1.152933769381869382e+02 1.261951316811917110e+02 1.092606142654340431e+02 1.086754997875233357e+02 1.281309039772375229e+02
7.020021037980592382e+01 9.072739883796911897e+01 1.002999538919314375e+02 8.339527583440815306e+01 1.004396139411658595e+02 1.154807554335388033e+02 1.039506931609072495e+02 9.371574254644106361e+01 7.367372451072498052e+01 9.371574254644106361e+01 9.275741227853197302e+01 7.497939906178163483e+01 5.461583272743238382e+01 5.931512556933046909e+01 7.960143957854945995e+01 8.672348216465550763e+01 1.066548843693691140e+02 1.084161945256770139e+02 8.800695087417290097e+01 7.345635795790722966e+01 9.398466847626833953e+01 8.761967300145973070e+01 7.217387688946577384e+01 8.681651283823846654e+01 1.073702595984548509e+02 9.514704747649534511e+01 1.093826487527599625e+02 1.062006070972418428e+02 1.265810952947246051e+02 1.376599132728586881e+02 1.516868269546970112e+02 1.423118525462605817e+02 1.261951316811917110e+02 1.065313136351441159e+02 1.028414570261752630e+02 1.226139964339434840e+02 1.359320168180032056e+02
6.436621706649805219e+01 8.503398508674737855e+01 9.194573731023675123e+01 7.145995647716426902e+01 9.197845086141722959e+01 1.048555205921566085e+02 1.078915903765664552e+02 8.784364792495368590e+01 8.264372355773926415e+01 1.020344066646138970e+02 9.136610692938270972e+01 7.125462256617143453e+01 5.676640730004680790e+01 7.714513995642880673e+01 6.657921348616659429e+01 8.672348216465550763e+01 1.034737013240585242e+02 1.134184133520822684e+02 9.946454620457782880e+01 7.896076599027530563e+01 9.946454620457782880e+01 9.672496013363428347e+01 7.601241654616141830e+01 9.672496013363428347e+01 1.100747355495128375e+02 1.156272926878576897e+02 1.240887795416669235e+02 1.276747936128107028e+02 1.372388335891224074e+02 1.488908221764476139e+02 1.567441536787266898e+02 1.418917170899672442e+02 1.226674046122087560e+02 1.193824255635077094e+02 9.943419271719311325e+01 1.193824255635075247e+02 1.351720631722861867e+02
5.912303242071164533e+01 7.986683690786662737e+01 7.627743039936771652e+01 6.405818660804962406e+01 7.608563700648893757e+01 9.649044873206510431e+01 1.162223717606808577e+02 1.078919354000730664e+02 9.419039209540261481e+01 1.110018683783104905e+02 9.355819817925480208e+01 7.347923173823758702e+01 5.899337850505883551e+01 7.936022484959437406e+01 8.672348216465550763e+01 7.525066721557824678e+01 8.529052010423026786e+01 1.052135710682704115e+02 1.056319907286509903e+02 8.517694842045889914e+01 1.056319907286509903e+02 1.051860749475760457e+02 9.672496013363428347e+01 8.201619806954161618e+01 8.902376012979276254e+01 9.852579793865676550e+01 1.109139937926446464e+02 1.326483781712127268e+02 1.456972096302042416e+02 1.295615113245578698e+02 1.456972096302042416e+02 1.497207577411338377e+02 1.306618375092921269e+02 1.109780859115183915e+02 9.668499105412314520e+01 1.073274060625718533e+02 1.212498436727741193e+02
5.435180989762292114e+01 6.870216890528527642e+01 5.553156562810794128e+01 7.627803634180483527e+01 9.069132097609329435e+01 9.905420114942764087e+01 1.091777467175812575e+02 1.225997339169274483e+02 1.142608563536153667e+02 1.073235641563745304e+02 8.736600375000301710e+01 7.314330058573695226e+01 6.129924011767437975e+01 7.575321523988483818e+01 9.580105195072131608e+01 8.529052009381672406e+01 1.034719392478934878e+02 1.134184133520822684e+02 1.128337424872815831e+02 9.246450233188309653e+01 1.128337308460994990e+02 1.126023760622556722e+02 9.187608913632880103e+01 9.408079910340615015e+01 1.028067387047080956e+02 1.136510183298883305e+02 1.283200008494839892e+02 1.410278903702308924e+02 1.377432949180888500e+02 1.181712845248128900e+02 1.303496158739932866e+02 1.497432080110548327e+02 1.362799970752880085e+02 1.167433225425116916e+02 1.131450365984293001e+02 9.298054614826763498e+01 1.098114131768823540e+02
6.444775568129666965e+01 4.797833854863492320e+01 5.486748439192662374e+01 6.224625023578655458e+01 7.016726989854464591e+01 8.054403605428706214e+01 9.494322136675658896e+01 1.150810282606314843e+02 1.168544478216958566e+02 1.068785514617552366e+02 9.862322540541750016e+01 8.397224729109237273e+01 6.370801775633101016e+01 8.397224729109237273e+01 9.698591863481875919e+01 1.052132117789127648e+02 1.052128281942196821e+02 1.250392794833540080e+02 1.211583610169658272e+02 1.042919529692128435e+02 1.211607914487455986e+02 1.204777813940092557e+02 9.977098293774577087e+01 1.147265937382828724e+02 1.231518058891592773e+02 1.317486590700970908e+02 1.442841628738909776e+02 1.316783026231191229e+02 1.287902241737955649e+02 1.106183141561033665e+02 1.303496158739932582e+02 1.427430535434663170e+02 1.384552232349459473e+02 1.189433790833161595e+02 1.047167757021977366e+02 1.098114131768835620e+02 8.962564992195277114e+01
4.372426633216812064e+01 4.617639873374854176e+01 6.690853411174337850e+01 7.896599440215506149e+01 8.408821733753846672e+01 9.137349616185520063e+01 9.976062174969909790e+01 1.099259957454316492e+02 1.086040869743722226e+02 8.864256629516809483e+01 7.863945001631969944e+01 7.099443841425487278e+01 6.846993695372356115e+01 6.851520449330359952e+01 8.869413442668430037e+01 9.776295789910700762e+01 1.038674982759950041e+02 1.106502976910373519e+02 1.191388221916333663e+02 1.245021343099448927e+02 1.327985856850303605e+02 1.291820558488245467e+02 1.117577357497144135e+02 1.291755628058598404e+02 1.386541845414735690e+02 1.468779436812139920e+02 1.396295410677366249e+02 1.207893975134514335e+02 1.098829618367536938e+02 1.045297970587872953e+02 1.150575961897370973e+02 1.347295579566185495e+02 1.440541685057366692e+02 1.246582661219087953e+02 1.246582661219087953e+02 1.074990036553389814e+02 8.735698785345248041e+01
5.838102320443088189e+01 6.690853411174337850e+01 4.970327310651860842e+01 7.047038048444575509e+01 6.334412306535470805e+01 7.076761592381870969e+01 8.117397620291104943e+01 1.015730161207992666e+02 1.168530664199623317e+02 1.017479096907879068e+02 8.177126089557677346e+01 9.107001847492446700e+01 7.328923436837891359e+01 8.869414341157471426e+01 7.354754296476045283e+01 7.759520721132209076e+01 8.369278576404050796e+01 9.039707969820112510e+01 9.941276270365362677e+01 1.111721652123976298e+02 1.323800569951417287e+02 1.418777711533976742e+02 1.326937791416683012e+02 1.323673917681948922e+02 1.186314192620955907e+02 1.352440181641937897e+02 1.474955789529402921e+02 1.360026303445939391e+02 1.186674684338189394e+02 9.863657799594395215e+01 1.186674684338189394e+02 1.291901876978092787e+02 1.372815082057300629e+02 1.223378214533307897e+02 1.119734634220807266e+02 1.031708289525661826e+02 8.559529474608589794e+01
7.909455692651594916e+01 7.524559606729755501e+01 5.443091815769583519e+01 5.399627785668528190e+01 7.481101522466848053e+01 8.839027509455121390e+01 9.976062174951820793e+01 1.099259957454244443e+02 1.180270033358224850e+02 9.808901429974089581e+01 9.590600153741726785e+01 9.814963348624463890e+01 7.818362764598995795e+01 9.814963348624463890e+01 8.119812928803001739e+01 9.776292427894131265e+01 8.618933279706241990e+01 1.059262057428863386e+02 1.191407032773755077e+02 1.285929564814907167e+02 1.402146244393136953e+02 1.473509610018910223e+02 1.266850334485430238e+02 1.122206425564042576e+02 1.069351625324141963e+02 1.214048866614413811e+02 1.295538382934029471e+02 1.281864157623086271e+02 1.070607867160933893e+02 9.442868694524192108e+01 1.146652453424866991e+02 1.092083717622744530e+02 1.291901876976866959e+02 1.136358726646709414e+02 9.302299006716224028e+01 8.318751357964593751e+01 1.020137284531413968e+02
8.332286752971181443e+01 8.029304862254818431e+01 5.948187339010048191e+01 7.481117635268509503e+01 5.911931979917196145e+01 7.993708069839210850e+01 9.159885318544284871e+01 9.842007244870129057e+01 1.068264959039392608e+02 1.180266595513472083e+02 1.158515235847934122e+02 1.034841614170212125e+02 8.352669300193703350e+01 1.034841614170212125e+02 9.017574988422276761e+01 1.095608349552780112e+02 9.473970008705137502e+01 1.030363557747641465e+02 1.248942080839146058e+02 1.445736460915692305e+02 1.366068079392821346e+02 1.446113807496546428e+02 1.321972870552429526e+02 1.121883779754210906e+02 9.785846663902528064e+01 1.012861199664344980e+02 1.180135104052767616e+02 1.251103154960363497e+02 1.050775997072863106e+02 9.058797396318691142e+01 9.474278205802077935e+01 1.059743671462866530e+02 1.260450374643711484e+02 1.223378214533307897e+02 1.041343779224235675e+02 8.155918856503781456e+01 9.385637530832049436e+01
9.173991694656176321e+01 8.564672431609413650e+01 6.491203299424621775e+01 8.564672431609413650e+01 7.993720546429874219e+01 6.464102540605375680e+01 7.099514639202982380e+01 7.796976036904960949e+01 8.984649559761504634e+01 1.101324133245439754e+02 1.176044867718886309e+02 9.763611945715044271e+01 9.105834954461019493e+01 1.110408299578516562e+02 1.017704778880350318e+02 1.186520855750126771e+02 1.053839701714980350e+02 1.243529936332291754e+02 1.351266348994532507e+02 1.369372474187184423e+02 1.181684675066591268e+02 1.262335803048687524e+02 1.200197138457131558e+02 1.145101406642478281e+02 1.095078221694886764e+02 8.953114851876682678e+01 1.097873602262186523e+02 1.229097956551475761e+02 1.191404179389587910e+02 1.059743672286184193e+02 8.548970650570279872e+01 1.000595295298604128e+02 1.202540486216125259e+02 1.185054029693100830e+02 1.096093577716337819e+02 9.901657804016736009e+01 7.928648532387484238e+01
1.008900636790053653e+02 9.159236418890465359e+01 7.099607045504374980e+01 9.159236418890441200e+01 9.039375080129342166e+01 6.975750446430403429e+01 9.039371516497520531e+01 9.839544459631051154e+01 9.844416349060720961e+01 1.185489924925021370e+02 1.258938810886252639e+02 1.176042238485716496e+02 1.010488105692540586e+02 1.193473883390637553e+02 1.219261226764037076e+02 1.304428522882545565e+02 1.226222572308759169e+02 1.360142798817306868e+02 1.433333618046958975e+02 1.446425675264000006e+02 1.262335803048687524e+02 1.065158737645827642e+02 1.000960842488239848e+02 9.444980248902086828e+01 8.931902051137565479e+01 8.468730306220439275e+01 9.449009074624015625e+01 1.087041364369704297e+02 1.071125940597391804e+02 9.877965766578600437e+01 8.236311044118866675e+01 9.696569071383567007e+01 1.172470102806564398e+02 1.087552452653990400e+02 9.186412645025974655e+01 9.516245086492850191e+01 7.769981688375152373e+01
1.126014733533109364e+02 9.840319724709748073e+01 7.797070833568763248e+01 9.840319595737072689e+01 9.881270959637701878e+01 8.442543113107912234e+01 7.867017574618699882e+01 9.053708243761631991e+01 1.108201312890719379e+02 1.274477486506812909e+02 1.388646028982271332e+02 1.294074316311084658e+02 1.210513463966517520e+02 1.293545048547684360e+02 1.355070883769983539e+02 1.433602360841457823e+02 1.460017344431613253e+02 1.332045374554698753e+02 1.237891804771381459e+02 1.309997894953576747e+02 1.227868353488471058e+02 1.262335803048687524e+02 1.200197138457131558e+02 1.145101406642478281e+02 1.036083523449884041e+02 1.004122275341291015e+02 7.999349765730239881e+01 9.611255101683940438e+01 9.487072469812093800e+01 7.817428147971614294e+01 9.877965791529341288e+01 1.029059508918365253e+02 1.230626211470415114e+02 1.040656434697743720e+02 8.213738559036893605e+01 7.558585720708606459e+01 9.515715233624558778e+01
1.006211222602057234e+02 1.067519603128904890e+02 8.827315244655231652e+01 1.067519603128904890e+02 1.130467700887360252e+02 9.538135732562396640e+01 9.053689679846308991e+01 1.075112328798366121e+02 1.193735717700240428e+02 1.327208801808428973e+02 1.188432272636453035e+02 1.328725442248946820e+02 1.369544214776780962e+02 1.285891608082150697e+02 1.156599141271674540e+02 1.285891608066629601e+02 1.369544027317314203e+02 1.294791649333337773e+02 1.101403977547614801e+02 1.177010897721502261e+02 1.028247519718707252e+02 1.194970765986573582e+02 1.183521202611126029e+02 1.267225859779126154e+02 1.232642556538247334e+02 1.087041364370820276e+02 9.611255101683940438e+01 7.562965488218199539e+01 7.423862095565202424e+01 9.487072469812093800e+01 9.877965774534051491e+01 1.190429561640017226e+02 1.180647731795044848e+02 1.074375013559017447e+02 9.365867879829490050e+01 7.409988520426759351e+01 8.778329542814161357e+01
8.375482987451800909e+01 1.039174794821909273e+02 1.026342217922339586e+02 1.168589567917678380e+02 1.240523408837188413e+02 1.156101019989812499e+02 1.107975903917592717e+02 1.192489542540723306e+02 1.294305847363582984e+02 1.247089504150601442e+02 1.044281431191690643e+02 1.247089504150601442e+02 1.286004922861653483e+02 1.081350041599085472e+02 1.038809824215394286e+02 1.081350041596797524e+02 1.286004920741152091e+02 1.317363408589312712e+02 1.118874984206936887e+02 9.795346823947588177e+01 9.146095434049695427e+01 1.038855714486694808e+02 9.806665361212786536e+01 1.183521202611126029e+02 1.270026245582804592e+02 1.067959615216406775e+02 9.239354166272653401e+01 9.199834076032723829e+01 7.156212784750456990e+01 9.217495479700235705e+01 1.076316549771837003e+02 1.189039320792430487e+02 1.098150980731167436e+02 8.980196897368517739e+01 8.007129056057640071e+01 7.261548486017518655e+01 8.631197936528155878e+01
