LEM/sinusoidal_perturbations/elevation_000164.asc
nrows	100
cellsize	150.0
xllcorner	0
ncols	100
yllcorner	0
NODATA_value	-9999
[rows 34 to 50 of 100, columns 37 to 73 of 100]
7.302776883296088783e+01 8.152722822368015443e+01 6.826593540734694443e+01 7.563362453128220864e+01 9.250752635606318108e+01 1.100815142855862518e+02 9.006489217196886443e+01 7.583941987893965120e+01 8.322272856189061940e+01 7.609919800930100564e+01 6.800555545272007407e+01 4.798829642745121760e+01 3.980175448148266781e+01 5.991135727796822152e+01 7.422619163061756353e+01 6.001800532819832767e+01 7.422623488823117555e+01 7.183024762841324673e+01 5.173659334187361480e+01 3.756811100446049778e+01 4.991959617311363218e+01 3.267666005150354636e+01 3.340950310537419199e+01 5.321037354572870726e+01 4.858348162557081196e+01 6.871406490671110134e+01 8.533848310472970411e+01 8.187531637666063489e+01 9.017318234141596633e+01 1.002041751210502696e+02 1.032403255453824329e+02 1.115151758282143959e+02 1.156656297104727003e+02 1.132199761724403118e+02 9.396881109407304677e+01 8.035539138290570804e+01 9.960734679978520489e+01
8.458868639352013474e+01 9.670344563494668932e+01 7.824716530346738352e+01 9.576703377144620788e+01 1.041396078373302885e+02 1.089493216632331496e+02 9.892685292375334427e+01 8.322272856189061940e+01 6.307434152298771579e+01 5.594601793707539628e+01 4.957867663096789812e+01 4.350648527644467123e+01 4.206136841719834507e+01 5.630789530920355190e+01 7.644933487163167740e+01 8.013232022611799721e+01 7.574593829197523576e+01 5.564169359212735344e+01 4.405243944843073223e+01 5.762188842358307994e+01 6.051367239261475106e+01 4.425849531695913441e+01 5.345071456758093831e+01 3.443716784293987843e+01 4.858081251240666631e+01 6.868669060287736272e+01 6.522724612676796596e+01 6.174964226072890483e+01 7.183224305499931006e+01 8.605491745486204991e+01 1.060740639110807422e+02 1.102196821771552777e+02 1.185769894545038312e+02 1.091041510622403479e+02 9.463651328568504084e+01 7.525578811332667328e+01 9.049622929230795876e+01
1.048158831677560414e+02 1.067975205267974417e+02 9.840691039381967187e+01 1.067975205267974417e+02 1.148104740656623619e+02 9.480878290682521481e+01 8.060149922356747254e+01 7.051183541278948042e+01 7.901659849472140706e+01 6.789962732950169766e+01 4.775299286654527720e+01 6.365234385684941287e+01 4.440225886703328939e+01 6.454922334866357403e+01 8.131795361391121446e+01 9.293044396803720986e+01 8.405128969639338266e+01 6.932980817205628910e+01 4.922491549142530687e+01 6.932980817205628910e+01 7.270591072934627164e+01 6.438426674570791874e+01 5.519346001704519011e+01 3.516162250431011671e+01 5.519346002465427148e+01 6.376454174399601271e+01 5.098026231537022568e+01 6.105348941506369442e+01 7.530358618621013989e+01 9.537338002324936781e+01 1.069915838687420262e+02 9.019865730619721944e+01 1.069915838687420262e+02 1.010768935933608219e+02 8.178029463853822278e+01 7.041767712050601347e+01 7.104312875541725703e+01
1.044164814840998616e+02 1.099863899282598538e+02 1.099863899282684514e+02 1.182731655739700898e+02 1.088976033979856197e+02 9.887705294855369687e+01 9.058652541149518811e+01 7.901659849472140706e+01 5.885789749645833524e+01 5.214559402927041276e+01 6.789962732950169766e+01 6.692305089233005333e+01 4.678047070002924812e+01 5.284732885682816317e+01 6.448576353279123907e+01 8.462832394654110146e+01 8.941178373425142922e+01 6.932980816475010499e+01 5.557771940013758183e+01 7.568980936442407881e+01 7.446465910487935957e+01 5.503668666217807015e+01 4.446004028526518681e+01 3.588520847878344000e+01 3.714878437662529365e+01 4.357128336023032489e+01 6.376454174399835750e+01 7.943009399376241220e+01 8.948059276945170382e+01 9.627711135589261460e+01 8.798113979825276942e+01 7.868839573769203355e+01 9.864914469384625306e+01 9.001721968163400334e+01 8.198697537487601039e+01 6.605018110549288224e+01 8.567675040896467920e+01
8.441057628667660140e+01 8.990379943327319268e+01 8.990379943327319268e+01 1.099863899282684514e+02 1.006178441210655734e+02 8.055520670192477439e+01 7.045596125776711460e+01 6.371966872982624608e+01 5.734255683958266303e+01 7.229703149945974872e+01 8.061636467383198124e+01 6.954563580979640847e+01 4.940117882257611370e+01 6.954563580979639426e+01 6.448576353279123907e+01 7.613606593937471700e+01 9.622896421184360349e+01 8.279887036229621344e+01 6.269140940462511224e+01 8.279887036229621344e+01 8.282762254283265690e+01 7.148202079095020167e+01 5.757151539643115967e+01 3.756139898415261769e+01 3.701311384941801919e+01 5.706032738888850986e+01 6.654572547459416398e+01 7.212172729715051389e+01 8.043284904570754179e+01 8.798113979825276942e+01 6.782568740710757993e+01 7.938494087063075710e+01 8.766782547795524749e+01 8.195806014557769004e+01 6.226875964862048818e+01 8.198697537487601039e+01 9.370102202658051738e+01
7.067040848025835942e+01 7.589877342476545152e+01 8.990379943327319268e+01 1.099863899282684514e+02 1.088976033979856197e+02 9.887705294855369687e+01 9.058652541149518811e+01 8.212763806836748870e+01 6.196599125770974581e+01 8.212763806836748870e+01 8.651157906040663192e+01 6.634236352994432195e+01 5.208771829150205690e+01 7.223838143885687657e+01 8.462832398543389445e+01 9.293044702059127360e+01 1.045168560758009733e+02 9.109703822040465582e+01 7.431558781504166689e+01 9.109703821107426336e+01 8.514516868054957399e+01 6.505934598618064513e+01 5.082702965289723807e+01 3.925131157344307553e+01 5.706033755851619560e+01 3.815456504814494565e+01 5.822289496521042906e+01 5.199184845133667210e+01 6.623331855500956067e+01 8.633760351889610263e+01 7.938494087063075710e+01 5.857560073744627971e+01 7.938446801931291930e+01 7.599631598517028408e+01 5.970726240968041054e+01 7.376112822186388485e+01 9.326785743700759213e+01
8.391116783730726070e+01 9.578585400546479889e+01 9.210159434491443164e+01 1.121789295748333330e+02 1.157785984070529963e+02 9.578684953027637050e+01 8.158523707799766100e+01 7.149064855506721017e+01 6.960257848718937623e+01 8.973818013324120102e+01 8.917418537066299677e+01 6.913353918822325284e+01 5.487602238242780572e+01 7.503395664971485246e+01 7.591211200816351834e+01 9.014887360023574558e+01 1.101813855232151838e+02 1.026745265218153378e+02 9.438724982944113151e+01 9.166241466598336274e+01 8.007710229375378219e+01 7.177648857991076170e+01 6.107131877813262832e+01 4.097217349152499111e+01 6.107131788581911991e+01 5.822287855142856472e+01 3.930312830069819796e+01 5.939047396172758653e+01 6.889126367877994994e+01 7.558724106754333150e+01 6.718671418483228308e+01 5.300453692492978064e+01 7.414991622976133101e+01 5.616780417088614286e+01 7.256473190067990231e+01 8.070760197998410490e+01 9.368710384297730798e+01
7.425493492570238629e+01 9.388005925850951883e+01 1.121789295748333330e+02 1.088931341883953081e+02 1.171871256026995241e+02 1.099219977560405965e+02 9.990343993988842897e+01 8.314011661186887636e+01 7.970369133986440602e+01 9.803007841288935253e+01 8.510500714273328526e+01 6.495779543001980016e+01 7.503379320536282648e+01 5.943341965988780373e+01 7.960149811019120136e+01 9.865835176239090742e+01 1.086833286270293115e+02 1.084600649761440962e+02 9.691664407454466357e+01 8.337726008732643379e+01 6.328431044481664713e+01 5.165494408727241904e+01 4.715824238874951391e+01 4.288243847469557579e+01 6.299109841126906417e+01 6.732504970462865401e+01 4.015624414448372903e+01 4.044977713987041312e+01 6.056785496259171708e+01 6.274663150594782479e+01 4.673597187239958117e+01 6.688917181041409776e+01 7.701453424558913241e+01 6.922472875821408422e+01 5.267699456281457771e+01 7.256861413264627458e+01 7.338215290693726445e+01
7.443160938696222217e+01 9.088431773185148188e+01 9.463249526334365669e+01 8.872554521248159176e+01 1.088931341883953081e+02 1.201822673060525801e+02 1.114684223148805415e+02 1.031889890319120866e+02 9.131883097234263857e+01 9.780233480677026137e+01 7.772619431931893530e+01 8.510506869253337925e+01 8.348311228069553636e+01 6.331198578904279373e+01 7.022854486180878553e+01 8.032841213813276227e+01 1.004001503730591622e+02 1.001908841103104351e+02 8.018457388104732786e+01 6.856900472885911313e+01 5.955446382322971033e+01 7.177659020243710586e+01 6.493558661521065289e+01 4.481896564600497612e+01 6.493558661521065289e+01 8.145090386395129656e+01 6.211491568461708113e+01 4.230056468550111504e+01 4.175429898252861705e+01 4.268722755637299571e+01 4.362483724567317722e+01 6.371597228700750293e+01 6.606865640364311787e+01 4.928453116148541824e+01 6.824293842663125531e+01 7.008773502900092467e+01 7.146655970897950283e+01
6.788556686157596687e+01 8.291405805548873786e+01 7.453648114701007898e+01 9.463249526334365669e+01 1.037361764275473206e+02 1.000400018481632998e+02 1.201822673060525801e+02 1.195980586969512700e+02 1.113208263316351605e+02 1.060664265028905220e+02 9.194812435080164903e+01 1.017053120217772459e+02 8.163863283136048210e+01 6.735205012133421576e+01 8.751602719301051536e+01 9.865835176239089321e+01 1.086833286270293115e+02 1.027884688127397226e+02 8.279225473738668484e+01 7.118719246533723322e+01 7.965776588166879435e+01 8.111285650265782010e+01 6.102452954260615314e+01 4.678936004639849955e+01 6.650548777568211278e+01 8.280237039163047541e+01 6.413797925570929692e+01 4.417696182382093184e+01 6.187884043600219997e+01 6.281316009517146881e+01 6.374359888769641458e+01 4.499101873881023295e+01 4.596026655542468120e+01 4.727189238696882967e+01 4.858319389944637834e+01 4.990001378034108370e+01 5.122753428781433627e+01
5.896150723045062847e+01 6.437853663480397870e+01 8.389072388290178139e+01 9.287569599508856300e+01 8.341807801053572291e+01 9.783099043439709419e+01 1.179925565405461896e+02 1.104062901237950456e+02 1.021656074294044458e+02 1.104062901237950456e+02 1.119356490865562250e+02 1.017053123688472311e+02 8.163863283142065086e+01 8.751602719301051536e+01 7.451228475554087538e+01 9.462801008884211740e+01 1.123513497781440265e+02 1.110566609678434560e+02 9.951776544328328100e+01 9.124360173705855459e+01 9.042612439435518468e+01 8.215568726157127344e+01 6.892033752390727841e+01 4.880221707110295171e+01 6.892033752390727841e+01 7.549841090888172346e+01 5.588585771506021871e+01 4.602245502061823856e+01 6.605979856449444299e+01 7.722319304791905381e+01 7.349646907802053875e+01 6.513907221313571938e+01 6.608671787859053381e+01 4.853235587237568893e+01 6.866645857997249891e+01 7.012852607278740891e+01 7.146705835108194549e+01
7.761514497730112794e+01 6.351962334055166792e+01 6.753448497461305067e+01 7.259868473977638814e+01 8.271274677280419496e+01 9.713133243031933262e+01 1.173001598650575801e+02 1.003545643503552185e+02 8.197571629568732021e+01 1.003545643503552185e+02 1.132829210299870368e+02 1.099870454489199432e+02 1.017053123811624573e+02 1.029130238736540974e+02 8.461094225784246703e+01 8.403637206467438148e+01 9.822219859253102925e+01 1.182004550823503166e+02 1.104453536345840519e+02 1.004547317941326128e+02 8.215568726157127344e+01 6.204994186280920587e+01 7.096265167208078140e+01 5.084696380990395426e+01 6.502395239763266943e+01 8.301667327585310829e+01 7.376869941114465234e+01 6.605980291228431156e+01 4.872006266453652756e+01 6.888387999377691528e+01 8.018794086896136264e+01 8.505638529006112947e+01 6.497124361038554241e+01 6.866645857997249891e+01 5.116948084578510247e+01 7.131034394779705110e+01 8.233160727671015877e+01
9.047188386783518865e+01 7.040165207951088178e+01 8.745643678472160332e+01 8.373795972894723150e+01 1.012286810096568530e+02 1.113553817058051294e+02 1.013814061011781860e+02 9.207066186254589013e+01 7.182856871239390273e+01 8.491400119660475809e+01 1.035710504904699718e+02 1.024680667467588222e+02 1.107641987757132540e+02 1.129227646875530269e+02 9.879371735341938177e+01 1.040736944421150127e+02 9.822219859253102925e+01 1.182004550823503166e+02 1.021752721958341539e+02 8.218760782796923081e+01 7.212993451124110322e+01 7.394741634918362649e+01 5.383047305103621483e+01 7.096326935885676335e+01 7.926207560927586826e+01 9.271865837252973108e+01 8.895128311371698260e+01 6.888724156485115202e+01 6.885370238355356776e+01 5.159273464034759371e+01 6.331750747856375483e+01 8.354571385531397709e+01 8.505638529240381729e+01 7.131349495498005808e+01 7.131349495498004387e+01 5.386825916244729484e+01 6.550780836530938700e+01
9.882756203653053717e+01 8.189629847786170558e+01 9.882756203653053717e+01 1.040017623031644547e+02 1.123199264826230461e+02 1.073266444805048252e+02 8.721232593672631594e+01 7.290396814435507622e+01 6.470356315196818286e+01 7.511629045240434266e+01 9.530138789409036804e+01 8.203557248473782693e+01 9.489178258409296518e+01 1.032338257091287801e+02 1.187715119576339760e+02 1.175506074542418702e+02 1.182004550823503166e+02 1.264805009637571089e+02 1.104453536345840519e+02 1.004547317941326128e+02 9.218144001190155734e+01 7.823031430546078013e+01 5.811819320435617442e+01 5.766518204328037456e+01 7.220287161432591461e+01 9.368576719222131999e+01 8.452853305412301665e+01 7.490673535885962053e+01 5.470093230755583136e+01 6.331933852212482350e+01 8.029319127996129168e+01 9.219483508005896510e+01 9.972517423348413956e+01 8.725737654250967523e+01 7.596078852678462567e+01 5.582163084766520456e+01 7.037251065504835879e+01
9.336145485322741422e+01 1.021863736779437914e+02 1.105083609819313182e+02 1.073177889441905535e+02 9.904830273109571692e+01 1.073177889441905535e+02 9.438024512405841904e+01 7.882032484726079247e+01 5.868308487832921116e+01 7.882032484726079247e+01 8.867965186530817334e+01 6.974421493101350222e+01 7.412547802148750975e+01 9.489178258409296518e+01 1.116471258908162554e+02 9.751697407481839264e+01 1.116471258908162554e+02 1.301240242360127297e+02 1.161211266141326774e+02 1.061874769386970456e+02 9.686859494197581455e+01 7.686814952576730775e+01 6.262018036632480289e+01 6.045421586345461407e+01 7.470672965581273672e+01 9.474919868661605449e+01 7.805546405906508767e+01 5.789988039593401936e+01 7.490101402191768898e+01 8.316719187273635328e+01 8.362674571226757791e+01 1.041808229104264711e+02 9.319534763518326770e+01 7.300259921034705712e+01 5.872307055090448102e+01 7.582277056011741934e+01 6.864564816777148337e+01
8.225678260212279724e+01 9.390382121520370617e+01 9.812112329907803598e+01 8.982303677069145920e+01 7.887044803829435580e+01 9.726013511354821617e+01 8.607933067974647656e+01 6.589520247272491815e+01 5.436064137012371589e+01 7.442601882606470554e+01 8.020778780768954164e+01 5.886613127569268755e+01 8.020778780768954164e+01 9.464337370992673470e+01 1.003736269810785444e+02 8.320012326697944616e+01 1.026513938012051739e+02 1.127038221112331939e+02 1.021182289838730668e+02 8.802452241903819186e+01 7.799384649462621155e+01 6.975831266451675106e+01 8.272614436142497141e+01 6.333059848578150053e+01 7.758691572515473922e+01 9.760884591264944277e+01 8.032134039983442619e+01 6.018994451833711423e+01 6.690752864225983387e+01 7.404931172049901988e+01 8.828651599856712551e+01 1.081939898052181945e+02 9.520710078347246963e+01 7.510686263707545152e+01 6.081851062008220765e+01 8.098331884405351389e+01 8.308858341284746984e+01
6.537453032121683805e+01 8.553395650556305441e+01 8.649250661853393751e+01 6.963694601734928824e+01 6.877166790583090972e+01 8.895937538469505057e+01 8.473802880655695446e+01 6.458951003074618313e+01 5.049227253475312693e+01 6.525206175334486147e+01 6.688075623282999516e+01 5.315402269027178761e+01 6.512853793595375862e+01 8.622980371171989589e+01 8.018162366886268444e+01 7.411981918975349970e+01 8.427126121497961719e+01 1.044444928411651716e+02 1.112841444226535828e+02 9.139729095505195744e+01 7.983450982236178106e+01 8.981848702108044336e+01 8.641618479891795346e+01 6.630523145091203219e+01 8.055900570021303508e+01 1.005566660162597543e+02 8.275737755325944534e+01 6.263568830998882930e+01 8.275561507634409963e+01 9.405402053753013547e+01 8.828651599858713439e+01 1.081939899244023167e+02 9.734818524159867081e+01 7.726270827575953604e+01 6.296244232500683324e+01 7.726270646711937218e+01 9.734773164258480449e+01
