LEM/sinusoidal_perturbations/elevation_000519.asc
nrows	100
cellsize	150.0
xllcorner	0
ncols	100
yllcorner	0
NODATA_value	-9999
[rows 17 to 33 of 100, columns 0 to 36 of 100]
5.222468517465790779e-03 1.414735809224854179e+01 3.414735809224924878e+01 4.439796315551515704e+01 4.817760788567337471e+01 4.817760788611373357e+01 5.646187893183198980e+01 6.744305777115755518e+01 6.403767461586143384e+01 4.989218389803388476e+01 4.839879667235254601e+01 6.840375533059101087e+01 7.571384718170131123e+01 6.743120557262157888e+01 7.002787424330747967e+01 7.830937007602919664e+01 8.972888559398630548e+01 8.180274089023849626e+01 7.040859861586771729e+01 5.316508357747840563e+01 6.379508930881085149e+01 4.386427088873738001e+01 6.379508930506706577e+01 5.388143374746798031e+01 3.441190507180182578e+01 5.388143374747063774e+01 5.691329219921458815e+01 4.872416659733164579e+01 6.163256026680497968e+01 8.002222890552357626e+01 7.136555366810914336e+01 6.304738361757517140e+01 4.569214168890474781e+01 2.580755617251766765e+01 4.552975547725350935e+01 4.017529747890945657e+01 4.882862282690149414e+01
7.333276091007126865e-03 2.000733327609065171e+01 2.672029362662501129e+01 2.439796315628775147e+01 2.817760788638005565e+01 2.817760788638005920e+01 4.817760788611373357e+01 5.949905034747717991e+01 6.844332237596206880e+01 6.989716962558169655e+01 6.254436350746362905e+01 7.668979193414494944e+01 7.255843324424665752e+01 6.417340243887088036e+01 6.413700402120919364e+01 7.247566569375487688e+01 8.230486320302183856e+01 7.040859822843832205e+01 5.265906618990661769e+01 4.127280244280755284e+01 5.525896400816077403e+01 3.467370833267693087e+01 5.525896400816077403e+01 5.061842415159007658e+01 3.112119558902735506e+01 5.061811939174099706e+01 3.805528324758431324e+01 5.049801799756892962e+01 6.977255574899098178e+01 6.538437541229066596e+01 6.611802845545625473e+01 5.781379973675441164e+01 4.451367190428157983e+01 2.616437100901321244e+01 2.446771079664514659e+01 3.980299976213417068e+01 5.298123521427432792e+01
6.343274376862209282e-03 3.339676607710202472e+00 6.720293626624282979e+00 1.025582753255705093e+01 1.403547226264935688e+01 3.403547226275040316e+01 3.121477878437714182e+01 4.015905069437661723e+01 5.170605607816953864e+01 7.170605607988404984e+01 8.254957852886830949e+01 7.005872128134433297e+01 6.101939775104079899e+01 4.429410966503483138e+01 4.429256968436022390e+01 6.096996927768067565e+01 7.376290453965846439e+01 5.316508357747840563e+01 4.127280244280755284e+01 3.223976731898343928e+01 4.464995960207609471e+01 2.846938928830325111e+01 4.874933459301703209e+01 4.748083175306669546e+01 2.779750188360032226e+01 4.311157880494529593e+01 3.118642166556522000e+01 5.053299427467050720e+01 5.952902779799022426e+01 4.537132359284775163e+01 5.273309903124340536e+01 3.779542753836927460e+01 4.146886728103431352e+01 2.328193696232120757e+01 3.024724939878339214e+01 5.027464373401405595e+01 6.982742127626627848e+01
3.497053469895897767e-03 2.000349705346954110e+01 2.672029362662501129e+01 3.025582753259811497e+01 3.403547226275040316e+01 2.052432910787997500e+01 2.946860101787929054e+01 4.101560640167221550e+01 6.101560640291294391e+01 7.999032806616335733e+01 7.607963574904673010e+01 5.573267968662587890e+01 4.172374901519849288e+01 3.289343783166426505e+01 3.289339228837020812e+01 5.209138146071346398e+01 6.145551895533676401e+01 5.994697837956134379e+01 5.423358603682756751e+01 4.464995960207609471e+01 2.480124885530414147e+01 2.320392425267317194e+01 4.289476699074270272e+01 4.749185323016430260e+01 3.935305751840382271e+01 2.291345154791731176e+01 4.311223214994181774e+01 5.855417031218226498e+01 5.121876715648646439e+01 3.126072019895913456e+01 3.275081548800310571e+01 3.977963323728075551e+01 2.159823540680313059e+01 4.144300029551784803e+01 5.027019056144552422e+01 4.290696070648819926e+01 5.708567889517685501e+01
9.635555453094322986e-03 1.155664093924550961e+01 2.569877656297621016e+01 4.569877656297549606e+01 4.880860061622959734e+01 3.207133449167289996e+01 4.052432910813241307e+01 5.775287270307622833e+01 6.929987856312139627e+01 8.621726673620710812e+01 7.846065300204566029e+01 7.004084249066586665e+01 5.645128247985694259e+01 4.383105823036331117e+01 2.414317958557278843e+01 4.383105823038030024e+01 4.257349184796557751e+01 3.966288113102360313e+01 3.362755146934081552e+01 4.665936694701714771e+01 3.698457579821756269e+01 1.851046855481172315e+01 3.717749267911970890e+01 3.935109366096054373e+01 1.852200075205262664e+01 3.933422742262344940e+01 4.971865114077274228e+01 4.224493755239539894e+01 3.582843260559315723e+01 3.644608939790750668e+01 1.881930739351225768e+01 1.995591482656654136e+01 3.977963312036596477e+01 3.560625219673784869e+01 5.562365603763863930e+01 6.295265223408021171e+01 7.126285946447929120e+01
8.845047570523793118e-03 2.000884504757016913e+01 3.374575846971859505e+01 4.203002971718078840e+01 5.357703510097351085e+01 5.207133449223493926e+01 6.035560618000837252e+01 6.880860137188582826e+01 8.000706154977275730e+01 7.176399409503208915e+01 5.919762081834413436e+01 6.231912109594975391e+01 4.233515728380806564e+01 2.840463333803706902e+01 1.973430565956772753e+01 3.387930725008373400e+01 2.784196003646463069e+01 3.425673604260250471e+01 1.849856000478856544e+01 3.071374317203294169e+01 2.359753878894547441e+01 1.541495653282501799e+01 3.207957734973673070e+01 3.297557448252935330e+01 1.561463196343791004e+01 3.661365154521797649e+01 3.490346238930881384e+01 2.538261027032020323e+01 1.612559815501748517e+01 1.723700738146600742e+01 3.696805881963543783e+01 2.731282454731934806e+01 3.860793359590185503e+01 5.562471289634189731e+01 6.393162046860734193e+01 6.505690255731202853e+01 6.768591045814730478e+01
8.023991185656003874e-03 6.674690657852351272e+00 1.374575846971788806e+01 2.529276385351060696e+01 4.529276385351131040e+01 5.684287182517937254e+01 6.514506161298974973e+01 7.672066202819567593e+01 7.178930427242163148e+01 5.189892615516102836e+01 4.778169671382612904e+01 6.570927297030361558e+01 5.645070849666802815e+01 4.754878938794196586e+01 3.387930662867844234e+01 1.440168683431157426e+01 2.784949740576241339e+01 9.699205240307996689e+00 1.001463098595719181e+01 1.032974663508768387e+01 1.168566135236027570e+01 2.086442646831475756e+01 2.571664920238903207e+01 1.183275602005193861e+01 3.174657192021128083e+01 3.225836707692158001e+01 1.676574252145700328e+01 1.454285175603104996e+01 3.422900712699267700e+01 3.666678940211902926e+01 3.336841491910556812e+01 4.754546884983957966e+01 5.659551550497786820e+01 6.755669444355996234e+01 6.505690097711300268e+01 4.498523446114921853e+01 4.866845304829112706e+01
4.598823041778624977e-03 2.000459882304142312e+01 3.374575846971859505e+01 4.203002971718078840e+01 4.527334233741068203e+01 3.680394801201989452e+01 4.837184242661400901e+01 6.841477936763364198e+01 6.891479983249914198e+01 5.765625072663252837e+01 3.785394763295092702e+01 5.765625072663252837e+01 5.185134264145153793e+01 3.780199724714349685e+01 2.948342829440829505e+01 1.739805470833094958e+01 9.252364669500611427e+00 1.745654302878997299e+01 2.420020028661358324e+01 2.849216756991744148e+01 1.077418059715383158e+01 1.108587215066219578e+01 1.139418587933888993e+01 1.188869820824567114e+01 1.228449962103562321e+01 1.260840337447760540e+01 1.293388948568616392e+01 3.248682162997896228e+01 3.590383253804529318e+01 4.444523075476230645e+01 5.370231662306466092e+01 6.228996679731845632e+01 6.946436295739650291e+01 6.109355163643080999e+01 6.331833035709647817e+01 4.866845265652133179e+01 2.990224435822905846e+01
7.340434288523949372e-03 1.414947605801959973e+01 3.414947605802030495e+01 3.631652166900036605e+01 2.524533285064514843e+01 3.940396998383051397e+01 5.944326021493634471e+01 7.473611378089616153e+01 5.502322481226676842e+01 4.100295455389884580e+01 3.212267452858407069e+01 4.534165611754132641e+01 4.262904190710739272e+01 2.368134572416912320e+01 9.285176775371342117e+00 8.806615868114688439e+00 2.869695150626371927e+01 1.641520941645162779e+01 2.379817069959941023e+01 3.317960836111021905e+01 1.787927411789714327e+01 3.262532373577563760e+01 3.173802920745070466e+01 3.218315796990362543e+01 2.199908200819865911e+01 3.128532296595720652e+01 3.266721614421177833e+01 1.341070793473276623e+01 1.345714046051807777e+01 2.759905568282735189e+01 4.272551436199810837e+01 6.645195091585782166e+01 6.109355163965437896e+01 4.078094310569271386e+01 4.660712601815857425e+01 3.501393049403053936e+01 2.597764061609193931e+01
3.515918393995972821e-03 2.000351591839364218e+01 2.846481028963072291e+01 1.629854473570478746e+01 3.631652039763196882e+01 4.595320729470820709e+01 5.432850924937226011e+01 6.356840137916174882e+01 6.891479441746058399e+01 5.625559016838027304e+01 3.695632753785348967e+01 2.550264330398426083e+01 3.441391535013494973e+01 1.447748776538809423e+01 2.063734494652723228e+01 8.492745686344919775e+00 1.885614733068547721e+01 3.659967833034549756e+01 3.207235308146116637e+01 3.564566411540146618e+01 3.884961481888741019e+01 2.770872758802721947e+01 4.685641170032000247e+01 4.832642412530837817e+01 4.217689478728450325e+01 4.746960480510673364e+01 4.058521443118895888e+01 3.289699708190307348e+01 1.388476339110593827e+01 2.779469312097265998e+01 4.815321456386229215e+01 6.204546039294918103e+01 6.430513180367663040e+01 4.672004255017663610e+01 2.709985984988441032e+01 2.474163298653710186e+01 2.207630388445301506e+01
4.608085242692564441e-03 2.000460808524233869e+01 8.453571443645644834e+00 1.361758518095082771e+01 1.916486456151582374e+01 2.583374408203884798e+01 3.479721439956429663e+01 4.919907922757498397e+01 7.043663975530067489e+01 6.459331412461170885e+01 5.351307671159715795e+01 3.381253381757782961e+01 1.975741854152109056e+01 3.441049046727311378e+01 2.811426598816207445e+01 8.182681063522400322e+00 2.576857254523313046e+01 4.055103225685429180e+01 5.175528145993938978e+01 5.312973216509332985e+01 5.457139539675193163e+01 4.694352075065691565e+01 3.849234935728293294e+01 5.688995319562702235e+01 6.104194747884800876e+01 4.174826168940063553e+01 4.137872478047121660e+01 3.379037265205581519e+01 1.421899606806939609e+01 3.396800784330169876e+01 4.521248161195593696e+01 4.459839511774094234e+01 4.941207601517318437e+01 3.649891497837551668e+01 3.521682350300983444e+01 1.739679020566887502e+01 1.773300965086176362e+01
1.610643649003322799e-03 3.289590390881042659e+00 2.329276583702403869e+01 3.364697252887490464e+01 3.922347405268541110e+01 3.922424754765689414e+01 5.432851745900502749e+01 6.356865533303373894e+01 7.278868138735558091e+01 6.398435366338598129e+01 6.182938754025683892e+01 4.782092775906944127e+01 3.962397234602914864e+01 2.430024695040794214e+01 1.541764949869845935e+01 7.873816973476908565e+00 1.968332362076878184e+01 3.718477499561164734e+01 4.682172311318419844e+01 4.860872703761008751e+01 5.612609588138469263e+01 6.454699821070616395e+01 4.960856028071248147e+01 6.454699821122638070e+01 5.700300088134709853e+01 3.615396193624691534e+01 2.204056902955058206e+01 1.740057018466603367e+01 1.455276978627384743e+01 3.424605804745105075e+01 2.521279483799555265e+01 3.560499849066305700e+01 2.990757877839745049e+01 3.555037577609290622e+01 1.691640734902755838e+01 3.647950131806297236e+01 4.087945259423877786e+01
2.022278438842990342e-03 2.000202227843848846e+01 1.593938165800786777e+01 2.748872541884978560e+01 4.749931422643148693e+01 5.935515464798923801e+01 6.392544457062119534e+01 5.501174348238852474e+01 6.010458571162950392e+01 4.171784841796586818e+01 6.010458568835326076e+01 5.821432096132044620e+01 3.834716197977954266e+01 4.347706707781084390e+01 2.761891161821052876e+01 7.564189981073818458e+00 2.451572792957459157e+01 3.326608775162763010e+01 2.895612450431567098e+01 3.088772022793892802e+01 4.143773881145323656e+01 5.987230558926139423e+01 6.751705158628730885e+01 7.506723648314539332e+01 5.524012832668571349e+01 3.575425992490129801e+01 4.194373875617586833e+01 3.584502205805818420e+01 2.017085782924772630e+01 1.502511744469543409e+01 1.537736782576002703e+01 1.572917705566273483e+01 1.607982579426407455e+01 1.642865778258586928e+01 3.556968902140887678e+01 4.490453279488227878e+01 4.547646784753564475e+01
6.642187732006160465e-03 1.414877781146308067e+01 3.414877781146378766e+01 4.423564771680009500e+01 5.578932332520418669e+01 6.012765986375958249e+01 5.501167538502113530e+01 3.277200842810935200e+01 3.928575019222932241e+01 2.851865660288261495e+01 5.112878440309046368e+01 6.635316728148312393e+01 5.821432032492433706e+01 4.141025417848870660e+01 2.067994977757756914e+01 8.287243129021065968e+00 7.121600172730261136e+00 2.475426807015274733e+01 1.556699988133528656e+01 2.270954320809114435e+01 3.929727126258072900e+01 5.060418174492962606e+01 5.060418174492962606e+01 7.114036572343690068e+01 6.492355932513106609e+01 5.642922124752841029e+01 5.962629142543573124e+01 4.183124661173573600e+01 2.249398066892701564e+01 1.605211876109336089e+01 2.760282402595457896e+01 3.387436509839453436e+01 3.389219484808371874e+01 1.928075909312478231e+01 3.047707869540258940e+01 5.197603632520702632e+01 6.556592643984716062e+01
1.591255364720534126e-03 1.414372688230804620e+01 3.414373187065258719e+01 5.207753671150898356e+01 5.396366740610975654e+01 3.964207255645650463e+01 4.005138158548314919e+01 3.089239066182463844e+01 1.661810786279373886e+01 3.928575019222680709e+01 5.790771530839624148e+01 5.005547358440380634e+01 5.817828121514556017e+01 5.006072762090904860e+01 3.950248370839169354e+01 3.137117252639704290e+01 2.601943750103743369e+01 6.673253657090702617e+00 7.569707612652194939e+00 1.132320528554547501e+01 3.193481258249673260e+01 2.965202801035752245e+01 4.455090539339235534e+01 6.521808360960336870e+01 7.442617695991484084e+01 5.580882477247689621e+01 4.258002839158677233e+01 3.291722523278988888e+01 3.665536126645216086e+01 1.707368708648857591e+01 3.652020291598127244e+01 4.899111988857648470e+01 4.621396212107590173e+01 3.906166900714705292e+01 4.743684025923538172e+01 6.049061478582157747e+01 7.222508014739393900e+01
6.189296070378335485e-03 2.000618593916556520e+01 2.024558295647488393e+01 4.328707173713150524e+01 4.344420150057833041e+01 2.420300705559847998e+01 3.089199953816910948e+01 8.118191833433666460e+00 2.949748101150940371e+01 4.298996943031592366e+01 4.827492551438364643e+01 3.097179578417468804e+01 4.827535082421221801e+01 4.953373383685978126e+01 4.119033478244799795e+01 3.346674501750779740e+01 2.586427506929527809e+01 6.366038671497014079e+00 2.629375538852717398e+01 3.193376590338362320e+01 1.772294520970739740e+01 3.850745014663807098e+01 5.445651369538441600e+01 6.287259927168215512e+01 7.313038844708717079e+01 6.924008320421593510e+01 5.981432911463568303e+01 5.093231507001325298e+01 3.768875760959300436e+01 1.808248402482029249e+01 3.776598922747987785e+01 4.215265628257781572e+01 4.343736530581116284e+01 4.472891170080816181e+01 5.230908308160586984e+01 5.620937083221896557e+01 5.559341180241298730e+01
2.247884206357958405e-03 1.013096209928459279e+00 2.419745608839680173e+01 3.218376539877083076e+01 3.341368918632696250e+01 1.335758620701052379e+01 2.371721468205948113e+01 3.944339629468722741e+00 1.291468853495347169e+01 2.992668213480325434e+01 3.003780198091411080e+01 2.140541598047557414e+01 3.823511958264639787e+01 3.479519368524614720e+01 2.173561385465293938e+01 2.220199697240668257e+01 5.944170821461010057e+00 6.350448800264102189e+00 2.686742306882916864e+01 3.975624445509203753e+01 3.850745014663807098e+01 2.646617192601054569e+01 3.346304224208946465e+01 4.411698192106771188e+01 6.479604548247139917e+01 7.081265107013588533e+01 6.086892249638886199e+01 4.382992064897274531e+01 2.427817412464794344e+01 1.909005092345183030e+01 3.881668771773156124e+01 2.234321911041404007e+01 2.361100151245771173e+01 2.488590481165200785e+01 4.401926968216945824e+01 3.776925185963105491e+01 4.915425977468920848e+01
