LEM/sinusoidal_perturbations/elevation_000368.asc
nrows	100
cellsize	150.0
xllcorner	0
ncols	100
yllcorner	0
NODATA_value	-9999
[rows 51 to 67 of 100, columns 37 to 73 of 100]
6.956403901584050686e+01 7.794666408272071578e+01 8.731495414836091129e+01 7.889005339450271492e+01 6.284608889993009484e+01 6.545025801223209783e+01 8.560995122255746992e+01 9.879858943221634604e+01 9.073383670920640043e+01 9.879858964718545167e+01 1.106575998649509245e+02 1.039157385891423644e+02 9.154076853514126810e+01 9.154076853514126810e+01 1.103600208628756434e+02 1.057058231378953508e+02 8.548429539917839293e+01 7.547360465757907377e+01 6.792360586619741980e+01 7.986976716038327595e+01 6.593542302634975272e+01 8.604405448568981285e+01 8.063479609250259728e+01 6.101300783528105143e+01 8.120744391428020492e+01 9.157715156710749227e+01 9.700954166739958850e+01 1.034573589612638358e+02 1.106744280730235914e+02 1.190621705101483485e+02 1.251703255628686122e+02 1.109922598181144480e+02 1.251703255628686122e+02 1.203276186218166544e+02 1.286307810126105551e+02 1.216715085974424966e+02 1.023267697818299382e+02
7.643947417224651986e+01 8.474345916916232113e+01 9.474929992023263026e+01 9.141880837230060308e+01 8.297814134629157934e+01 8.560995122283566161e+01 9.405783082881873725e+01 1.008799340263605586e+02 9.275874270055027182e+01 1.008799340263605586e+02 1.039355815172282576e+02 8.602689735606115562e+01 7.795224400101984941e+01 9.705279992507401232e+01 1.065231048873438056e+02 1.140759068573365624e+02 1.039672456837791685e+02 8.996669825824203315e+01 6.977329200904000572e+01 5.970142010374193831e+01 7.532970206358130838e+01 8.298935203863642585e+01 7.459825922505292795e+01 5.806264312858807841e+01 6.418057253295106079e+01 8.438152968794263131e+01 9.078860986341602768e+01 1.051819260015122097e+02 1.254905096057838563e+02 1.310477049885089400e+02 1.109922598181144480e+02 9.662033496520564313e+01 1.060444061371884032e+02 1.001281058117986333e+02 1.203276186218166544e+02 1.216855754280088462e+02 1.023322166970216074e+02
5.647812269663929641e+01 6.644850853401459290e+01 8.056962152915760100e+01 1.005797067918479826e+02 9.966152475046190773e+01 9.150103614228147819e+01 9.150103614228147819e+01 9.102313169393703163e+01 7.300068657579829789e+01 9.102313169393703163e+01 1.001289743332766449e+02 9.033550552803444589e+01 7.115458829406622954e+01 7.954174799654609274e+01 9.309562980076249517e+01 1.119961854959834398e+02 1.102697515406460980e+02 8.996669825824204736e+01 8.434659401538424106e+01 6.577822218343163740e+01 5.505298886576620987e+01 7.106381632503943990e+01 5.429641755210915477e+01 6.866677760528686747e+01 8.438152968794224762e+01 7.424170323352974776e+01 8.856195610778975436e+01 1.089086205294110528e+02 1.188159582735884925e+02 1.271372716853411760e+02 1.209827183282109644e+02 1.060444061371884032e+02 8.568782238157783127e+01 1.001281058117986333e+02 1.203276186218166544e+02 1.300066238084719998e+02 1.216855754280088462e+02
6.645879843444285484e+01 7.642732311462842176e+01 8.473062298292614969e+01 9.473687667165796711e+01 9.150103614228147819e+01 7.161778578024937758e+01 7.161778578024937758e+01 8.287971463853550347e+01 6.291331277955742962e+01 7.218528373869963843e+01 9.199549677478049148e+01 8.513299940786201603e+01 6.569049119728315134e+01 8.513299940786201603e+01 9.988215055642923801e+01 1.151615269651724134e+02 1.071443517733560213e+02 1.081561565371722509e+02 9.294902244060619978e+01 8.260754999972878920e+01 7.096787130327709292e+01 5.067564105437762123e+01 7.106475179673307707e+01 8.299350306378454434e+01 9.732022851636902772e+01 9.452135614235555749e+01 1.029288399959817184e+02 1.154632587686092791e+02 9.854189678868802105e+01 1.154632587686092791e+02 1.126664691053940430e+02 9.238101982105396814e+01 8.061440055558873041e+01 1.007381157867271497e+02 1.075101721265351102e+02 1.158368265171386184e+02 1.259184856630248532e+02
4.983032928717150156e+01 5.646026453650506483e+01 6.643491732135700545e+01 8.641972890789988071e+01 9.150103614228147819e+01 7.161778578024937758e+01 5.728686824230934604e+01 6.794049167678575429e+01 5.566904273865073804e+01 7.532214721267691004e+01 8.057870553217452425e+01 8.084894765550242823e+01 6.122352125572648163e+01 7.269303389738587384e+01 9.199013304016460779e+01 1.038048276075145822e+02 8.734340837671734903e+01 8.838485854238479078e+01 1.022797699075882036e+02 8.357196224582466471e+01 6.322767070738056816e+01 4.873517551974842377e+01 6.322408313827529724e+01 8.350755794905116147e+01 8.703898337959442699e+01 9.544482224529187420e+01 1.055969372928172305e+02 1.071107234177141976e+02 8.675255481677551472e+01 1.071107234177141976e+02 1.121361598165230191e+02 9.640408164880122399e+01 7.611063782108419673e+01 8.042718286079828260e+01 8.719400310711121449e+01 9.740324747235487735e+01 1.117478381052068102e+02
5.980147649611386385e+01 7.642732311462842176e+01 8.473062298292614969e+01 9.473687667165796711e+01 9.160055850668510402e+01 8.005894636449416168e+01 6.794049167678575429e+01 4.757395502853039915e+01 6.794049167678575429e+01 7.230065699041809069e+01 5.835172273229842688e+01 7.234249439222877243e+01 5.718881137498181033e+01 7.129467262740227795e+01 9.067138492919974624e+01 9.571227177309800993e+01 7.521186727573137887e+01 7.357697778389629661e+01 9.213180043276298647e+01 8.165964707583241022e+01 6.135448714710899765e+01 4.684359402368558278e+01 6.730173079715468987e+01 7.689981434561491369e+01 6.676065066937482584e+01 7.688241971885244652e+01 9.719554704033632220e+01 9.991302388258276324e+01 7.957704395156920896e+01 9.991302388258276324e+01 1.037969389769029362e+02 8.349828369794573746e+01 7.183971744264334802e+01 9.207750488740957451e+01 1.075101721265351102e+02 1.158368265171386184e+02 1.156787910300617455e+02
7.976930750188064678e+01 8.807972685260430978e+01 9.157017878777649855e+01 8.324102197371445300e+01 8.340258146333543721e+01 6.332949794922495812e+01 5.152773214484686548e+01 4.354520921425231705e+01 6.395247344919206256e+01 5.934771850862337317e+01 4.359339820889186257e+01 6.395211281506459500e+01 5.334924145008493213e+01 6.499542612386561302e+01 8.458116518672586892e+01 9.686874490491427991e+01 8.387635771804718843e+01 6.259636302466287816e+01 8.387635771804718843e+01 7.983972497884985842e+01 5.951246908620411347e+01 4.499281076052886874e+01 6.546618355866664274e+01 5.658535837848779693e+01 7.689981702448460510e+01 9.544482224529187420e+01 1.055969372928172305e+02 9.378149523027644818e+01 7.350321897925631731e+01 9.378149523027644818e+01 9.390371762518414300e+01 8.879450224757724186e+01 6.859650186206548028e+01 8.285724136681724872e+01 1.031276744771619889e+02 1.123109067248837079e+02 9.535552234356974566e+01
8.472618697524767128e+01 7.638115992418993017e+01 7.416970671893511735e+01 6.297899262835306899e+01 7.989787591585813686e+01 8.005894636450052815e+01 6.010145629662660838e+01 3.970471618309944262e+01 5.539361089347171685e+01 3.922940467487918426e+01 5.891877909964642868e+01 4.832995410299972150e+01 6.841487944551509770e+01 8.128086242010327567e+01 9.251615153056731344e+01 7.635182719843596999e+01 7.635182719843598420e+01 5.669008604423267883e+01 7.818903990840348683e+01 8.247469134611705499e+01 6.365814336367163406e+01 4.318167622315057486e+01 4.850691388590855269e+01 6.893183092268797907e+01 7.689981702448461931e+01 9.719655095465034833e+01 1.027177303766019207e+02 8.241551743936103946e+01 6.813852203458063173e+01 8.796605857412893670e+01 7.365246770885917726e+01 8.138899271525049528e+01 6.550477089937733410e+01 8.567781627665470978e+01 1.018120802678752170e+02 9.342242060845606488e+01 8.356080787773240104e+01
7.537638653686224188e+01 5.606598102170262621e+01 5.383922583869361489e+01 5.119313211840412947e+01 7.154273387684189345e+01 7.900421872965779357e+01 5.964852502255629929e+01 5.196676317321524863e+01 3.508961279404219624e+01 5.539361089347171685e+01 6.730437581492105892e+01 6.841487944552343947e+01 7.647572042174684270e+01 8.736161635376656420e+01 7.975883306002045003e+01 7.148500088455135426e+01 5.488809050940468381e+01 5.123274518703375691e+01 7.281430144236085766e+01 6.807734969381033352e+01 5.367988142827564246e+01 4.149007090657088526e+01 4.988454283274933232e+01 5.905887579314116920e+01 7.079484380313763836e+01 9.109454959399052143e+01 9.779382745920202069e+01 7.751854860914650658e+01 6.325476858736017505e+01 7.706849512708086536e+01 5.938207753625704299e+01 6.120824200432068807e+01 6.351474700007737084e+01 8.368804786131107676e+01 8.955537982693041954e+01 7.314352332791793287e+01 7.591844192528866131e+01
5.506231044436258770e+01 5.979388569786198104e+01 3.940533248463621874e+01 5.979388582373287875e+01 7.213386000697001066e+01 6.636343625224571952e+01 7.062192350057370049e+01 4.838567625590845722e+01 3.297241388078105473e+01 4.730773775042558782e+01 6.758799398905199496e+01 7.592130493046060735e+01 6.772531103440883271e+01 6.772531105298067189e+01 6.784800710983135730e+01 5.029804439794897775e+01 4.404639379122949094e+01 6.562044935622745356e+01 6.581834703081770499e+01 5.738711816124604326e+01 3.920445818253730152e+01 5.964749167867902457e+01 5.447149014822971935e+01 7.484320699993190829e+01 8.778020732317359887e+01 9.949837477114489559e+01 9.520012471100045559e+01 8.313505472033007493e+01 7.475351614803751943e+01 5.682065784871833358e+01 7.706849903808893032e+01 7.545447797580030169e+01 8.368689567078226332e+01 6.681433489925356639e+01 6.933350272556782556e+01 7.939097963946109360e+01 9.624058806077370321e+01
6.101216557831624243e+01 4.065460451405942877e+01 3.400044208310774252e+01 5.434481571510549713e+01 5.218544082040646259e+01 4.621766464966137278e+01 5.528179916676596406e+01 5.103768944511251959e+01 3.091109489189432935e+01 5.115937225069955474e+01 6.229498816975016240e+01 6.292585163204467591e+01 4.886674470273897697e+01 5.760446132852490564e+01 5.935995805056175101e+01 3.803998664198238089e+01 5.400011209991184558e+01 5.492030740707990333e+01 5.515517665707706385e+01 3.697845597486939795e+01 5.738711151670766952e+01 6.807355611751304991e+01 7.484312739584963481e+01 7.484320701659353858e+01 9.515339828316074033e+01 8.989671537808972346e+01 8.031188958101083131e+01 6.657192827531547152e+01 5.444612416080456541e+01 7.475290446742396000e+01 8.544708330976474997e+01 9.571285965707451737e+01 9.341775928206095614e+01 7.314423005487732610e+01 8.955538267813959408e+01 9.794608548756053779e+01 9.599687687583593743e+01
5.527626911568186330e+01 4.925872218182070128e+01 2.896442655910938058e+01 4.925872051466959078e+01 4.461223409596630063e+01 3.250480609401429888e+01 3.091440522464040797e+01 4.606782748705488473e+01 2.887919806665434663e+01 4.710257947462363859e+01 4.182626543140064257e+01 4.256441298305354337e+01 4.692592259482110251e+01 3.701050998841662221e+01 5.605828484829066838e+01 3.585869054069096507e+01 3.309903388331991181e+01 3.394280926590732861e+01 3.478761468543950031e+01 5.515517672900276125e+01 5.763135409048519620e+01 6.604576831538727788e+01 6.941398931500741298e+01 8.970704648393473235e+01 9.538115821186394783e+01 7.605793717537034127e+01 6.230417464183414467e+01 5.213235848074887713e+01 7.226585532300796899e+01 6.619992978143105233e+01 8.048953074165370936e+01 1.007053565068894443e+02 9.341918952968653400e+01 8.746521365942683701e+01 8.746521365949573124e+01 1.077943563542846022e+02 1.103772138393683235e+02
3.518320088188976769e+01 4.462735110243674086e+01 2.494044255973773616e+01 4.194318418448977326e+01 2.268002410830973403e+01 2.334415679973609414e+01 2.401200484394587775e+01 2.601695626860086819e+01 4.596736199361026110e+01 2.678762544462697548e+01 2.752323669335559586e+01 2.826065101710031868e+01 2.899987774086710601e+01 2.974038077248664891e+01 5.002625859183522294e+01 3.194117964820476629e+01 4.491191748265167405e+01 5.238775049578593723e+01 5.498562184966693422e+01 3.620944316381148553e+01 3.721969363730549674e+01 4.900920318615160198e+01 6.752179130432513432e+01 8.190347004206972770e+01 9.008322190283004716e+01 8.169410450463396955e+01 7.095267536314285906e+01 5.053817222484509131e+01 5.895608451318021537e+01 7.921556064117184803e+01 8.270293417032341665e+01 1.029032223355602298e+02 1.137095782069941379e+02 1.077943560979058759e+02 1.077943563542841474e+02 1.161542253363474657e+02 1.305467848725404281e+02
4.522915077860546518e+01 2.606210520698785160e+01 2.108358327294063983e+01 2.174322232877547023e+01 3.777107081182330006e+01 4.306621409855486604e+01 3.629068161165074713e+01 2.501807219392911463e+01 2.574848845877771453e+01 4.451766427162253592e+01 4.769356143773485712e+01 4.852520564038046302e+01 4.927388427231898049e+01 4.015246759399463627e+01 3.079407889033910095e+01 5.109975497572168024e+01 5.813964722185131961e+01 6.640164352112483925e+01 6.429300499347577613e+01 4.797579128446745500e+01 5.763328215931080933e+01 3.866617219017943796e+01 5.313881634711339075e+01 6.901079428963662110e+01 8.170479121302561509e+01 6.135668238537810026e+01 6.729063580904521302e+01 4.898404509455143341e+01 6.942467282608083678e+01 7.329002421404892686e+01 9.352873639922785287e+01 1.111749182539248864e+02 1.070931758829908489e+02 1.023515810910165555e+02 1.099955165055235256e+02 1.181973463137230880e+02 1.297008283293168347e+02
3.941219582135092026e+01 2.016371888440838234e+01 4.034651385594348483e+01 4.165136340737346643e+01 3.995015289183541540e+01 4.963314058100963422e+01 2.960790276185434067e+01 4.533559663752615165e+01 4.002809769694441400e+01 4.004895218466158013e+01 5.947856385312504557e+01 6.670642080375442617e+01 5.469584528064002171e+01 3.438152429960896228e+01 5.109977429827262796e+01 3.484252783213556626e+01 5.521578629928678339e+01 6.786267649811171054e+01 7.649419556989725777e+01 6.833560441519846052e+01 5.537059507956617210e+01 5.910858884157814686e+01 4.013627216673280174e+01 6.060114329796166288e+01 7.052110751714020864e+01 6.520075671708515586e+01 4.681358552135154127e+01 6.134420526340282009e+01 7.780925528724901596e+01 9.352663063697913515e+01 1.018414110820645107e+02 9.916436662962755122e+01 8.688255112515319922e+01 8.209408544738926139e+01 8.977156436090011482e+01 1.015231671258289055e+02 1.215689609879241999e+02
1.924852650795474673e+01 3.942378032748984396e+01 3.720300596368798551e+01 5.822163586221456200e+01 5.696454664668333834e+01 5.324244227466228097e+01 3.293318067396332083e+01 5.325237855148893829e+01 6.029828893568949155e+01 6.022680081393662022e+01 6.817767603460282544e+01 5.851464438834425152e+01 3.812375516085833738e+01 4.872525588472493752e+01 6.309484187626958374e+01 5.521578629928782078e+01 3.905045324351890912e+01 5.351581072796720662e+01 7.385999148796307168e+01 8.411943170499547762e+01 7.573938090750395702e+01 6.840422761164595045e+01 4.789619364884027419e+01 4.163472599960628173e+01 6.211504118045324674e+01 4.470960909862470345e+01 6.506080074635774224e+01 7.556893974914927981e+01 9.001739733080559347e+01 8.832732929124701116e+01 9.318598004528062972e+01 7.894354776717545974e+01 7.257033251237523075e+01 9.280210606470704704e+01 1.099955165055214366e+02 1.066911704732530524e+02 1.102346770710177708e+02
2.235400203057836421e+01 4.191844843322055425e+01 5.501352417333581002e+01 6.752311227121592196e+01 6.993729482660735641e+01 4.950255736208982427e+01 5.325240155205391801e+01 3.818569887086279380e+01 4.996720353881250531e+01 7.043503307124295532e+01 7.307702047375499887e+01 5.267911019230220404e+01 4.085041211683822837e+01 6.129990176208837482e+01 7.745182607367624428e+01 6.262869471511083219e+01 4.218688200279527933e+01 6.262872146537830531e+01 7.587138968601323086e+01 9.016965706452667462e+01 8.284527538405326652e+01 6.243036709609697255e+01 6.835501925182387595e+01 6.125028207184117690e+01 4.314886106097085872e+01 6.363832136700889208e+01 4.710013220902615672e+01 6.757249823864651717e+01 7.198040890987198281e+01 6.808410478793150844e+01 7.831546364371078539e+01 6.467465167343620180e+01 7.894356065222683583e+01 9.916591665105086406e+01 1.006880123025397751e+02 8.634452024055136121e+01 8.987878143153515964e+01
