LEM/sinusoidal_perturbations/elevation_000871.asc
nrows	100
cellsize	150.0
xllcorner	0
ncols	100
yllcorner	0
NODATA_value	-9999
[rows 34 to 50 of 100, columns 0 to 36 of 100]
2.064481644892168701e-03 1.414420010537571670e+01 3.414420010537500616e+01 4.589823200310150497e+01 5.418250323128762602e+01 5.008547643491409218e+01 5.401941194703540106e+01 5.829636263164548637e+01 6.047813460128219987e+01 6.874998363527980416e+01 6.985492752015187534e+01 7.810970475912324673e+01 8.520454375420946747e+01 7.201275515769413005e+01 5.400375824597860941e+01 7.201275515769413005e+01 7.818677796025160376e+01 6.657939453253102613e+01 4.846993759878085228e+01 4.752672637904316133e+01 6.937764722156751418e+01 7.250841037899550656e+01 5.212779214381821191e+01 3.743901330326536936e+01 4.825188338406466926e+01 3.092764353884969708e+01 3.596292559200941952e+01 4.138768221409608827e+01 4.720340698665493306e+01 5.347162272742810529e+01 6.034388315534035030e+01 7.050863033456386120e+01 9.000305733047153467e+01 9.282654670794606488e+01 7.911933963778390932e+01 5.935295116637549029e+01 4.961222095603899618e+01
2.905961989428186391e-03 2.000290596198907167e+01 2.956830038456965681e+01 2.589823200312897100e+01 4.226519394277232777e+01 5.054946515589902134e+01 5.226519394273335450e+01 7.226519394124325402e+01 7.036448232568858430e+01 7.595052909546367914e+01 7.339549230360974263e+01 6.510969282620871468e+01 6.770292608415587665e+01 7.599011722534351065e+01 7.582935499260536005e+01 8.443712518264949551e+01 9.093708099156114599e+01 7.907307172060022538e+01 7.030338613570962991e+01 5.854823418232559362e+01 7.815627282670166665e+01 7.251386764512213290e+01 5.212808592183603196e+01 5.212783121819808230e+01 5.652424673376146558e+01 3.581934679997709736e+01 3.539836653594427673e+01 5.555275630493969885e+01 6.477704899066053201e+01 7.299742769214196869e+01 8.025584383251771214e+01 8.820971196806087278e+01 9.789075497706447493e+01 8.452098092924828165e+01 6.467408352264058635e+01 5.489853917764327917e+01 6.923614540208770052e+01
3.542675937824442140e-03 4.717587883848121777e+00 9.568300384574738970e+00 1.559852727612995871e+01 2.226519394279650754e+01 3.226519394279615227e+01 5.226519394273334740e+01 6.476809681951577602e+01 5.123414985408706457e+01 5.683729450866594135e+01 6.184427174181308828e+01 4.510089602086286931e+01 4.769842626032789923e+01 6.770292608415570612e+01 8.610919013656373977e+01 8.026885384898227471e+01 7.097865554565818513e+01 8.507347339588170598e+01 8.888026139582098040e+01 8.020706018999514697e+01 8.888026139582098040e+01 8.078346436092134297e+01 7.251386764512213290e+01 7.250893704823877783e+01 6.168827189652454734e+01 4.107213955364851188e+01 5.537080655499569559e+01 4.009618861671902579e+01 4.448489411653063286e+01 5.486516031400059745e+01 6.668140428863929969e+01 8.090916691193274346e+01 1.007114066324769084e+02 9.282654670794606488e+01 7.881233906502721709e+01 5.904314264225337183e+01 7.881233906502721709e+01
3.411803931810562015e-03 2.000341180393145635e+01 2.956830038456965681e+01 3.559852727611809797e+01 4.226519394277233488e+01 5.054946505960357683e+01 5.441063077195911291e+01 4.642881767038537788e+01 3.736481738495908900e+01 5.683729450866594135e+01 5.355760860448177851e+01 3.347343298361986541e+01 4.769850562741275724e+01 6.770943834155130503e+01 6.614988948955081582e+01 6.030162296603740657e+01 5.685426907275267894e+01 7.097865554565818513e+01 9.093708099156124547e+01 8.918927378155289887e+01 9.182597371927835184e+01 9.415480367385855232e+01 7.429736704951412207e+01 5.993294737939307026e+01 4.960686246414230283e+01 5.574936879800236511e+01 6.583920946303803134e+01 4.535191938779879450e+01 6.500506559318232291e+01 5.209120896231262776e+01 7.243363967913818158e+01 8.887754074355525802e+01 9.882157429585933528e+01 9.790806997215493368e+01 7.792058535377039163e+01 6.392500408122789679e+01 7.515066695949535358e+01
3.327314952832964925e-03 1.414546256541569491e+01 3.414524521268303658e+01 3.838306041180741346e+01 4.070629247424820818e+01 3.280540818628535504e+01 3.797451195022606640e+01 2.660171327628003368e+01 4.642881767011650140e+01 4.870139460882262483e+01 4.039402394916164951e+01 2.758827992451934463e+01 4.775971295325305022e+01 6.536876894713967090e+01 5.830981394169061360e+01 4.616143966839783275e+01 6.614988949013503827e+01 8.507347339588170598e+01 8.334960823350468218e+01 6.926733728590986061e+01 7.190731123827974614e+01 8.598769975583525138e+01 8.829994946671588707e+01 7.767323479332600300e+01 5.743317558135499468e+01 7.602605230259626978e+01 7.143128719565838480e+01 5.092723964240742873e+01 7.143128719565838480e+01 7.243363967913818158e+01 6.050671077670504872e+01 7.069560006713643929e+01 9.062840684948751857e+01 9.790806997215668162e+01 7.792058535377039163e+01 7.048625229089320499e+01 9.041904994399700968e+01
6.779948344387334673e-03 2.000677994834403250e+01 2.279764008691473265e+01 1.814074123263563010e+01 2.522301530793876267e+01 1.227377585892777212e+01 1.790826312061739145e+01 3.083704232167417914e+01 3.231629420893197135e+01 3.380827199389473492e+01 2.009563228679002478e+01 4.039402394787696693e+01 5.604881465050263500e+01 4.537190809344775744e+01 3.828581673334618074e+01 5.830981394169121756e+01 6.529546893515674810e+01 6.795972819318984648e+01 7.338131886042518204e+01 5.515503687242748043e+01 5.779897754731869242e+01 7.774135239553582721e+01 8.855119630396059449e+01 8.587103817075420409e+01 6.923686478219200069e+01 8.587103817075420409e+01 7.758976359668494638e+01 5.716440809422175562e+01 7.758976359668494638e+01 8.887754074355525802e+01 7.069560006713643929e+01 8.887754074355525802e+01 9.882157429585933528e+01 1.062407177177528723e+02 9.790806997215668162e+01 8.195669761035115641e+01 8.455056679090084515e+01
9.516927588586143695e-04 1.276105120250848879e+00 2.553858289308912344e+00 3.847551271508328874e+00 5.152211724468459764e+00 2.491474855659401655e+01 2.870904180734088840e+01 1.051823684041476881e+01 1.197772152778479082e+01 1.345326744457811685e+01 3.380826001857096230e+01 4.029890810869656548e+01 4.471027886533397577e+01 3.113398735840034348e+01 4.604159092619040194e+01 4.857504762520947139e+01 4.531253185620728630e+01 4.799157659821688071e+01 5.661321631518537600e+01 4.515813792776764757e+01 6.447888373263938888e+01 6.931928458864705078e+01 6.863608105041596730e+01 8.271095769838822775e+01 8.919753054426017513e+01 9.734692026745906901e+01 8.478609815970035868e+01 6.443179028291903876e+01 8.478609815970035868e+01 9.882157182005981610e+01 9.062840680264638138e+01 9.882157182005981610e+01 9.656902315167278061e+01 1.048409383423222607e+02 1.103190394896724627e+02 1.019788382075679607e+02 1.045868215628116502e+02
1.945935296826602993e-03 1.349182552297786586e+01 1.215407406364134779e+01 2.406145649580629353e+01 2.539302221017080896e+01 7.081374078658379645e+00 8.468533074888657808e+00 2.875461530619452688e+01 3.231463873986061941e+01 3.380808203978483562e+01 1.569944315481026287e+01 1.998748356817728222e+01 2.449450822663607141e+01 4.250340720671388794e+01 2.586808182540678303e+01 2.846327054838750925e+01 3.110284658925244727e+01 3.381481171573022948e+01 3.661231240164315182e+01 3.991421885182338514e+01 4.450940568843586931e+01 4.936167479403506775e+01 5.452385841478218964e+01 7.446908326006749235e+01 8.386093784412432228e+01 1.037521271978337865e+02 9.323125396382943109e+01 7.619819029438338021e+01 9.323125396382943109e+01 9.173712784772530426e+01 1.000030619800699441e+02 9.328991154655942353e+01 7.654681668748771983e+01 9.021072680127127796e+01 9.848798666732854201e+01 1.102137120546072282e+02 1.016738197325236257e+02
5.600688922766023682e-03 2.000560068892241006e+01 3.019030675075474335e+01 2.800713362580716037e+01 3.572405582505083288e+01 1.671742324155617609e+01 2.875752767967146184e+01 1.641719389092109083e+01 3.672108024320316133e+01 4.051149312741139852e+01 2.018789704643466720e+01 1.836795131491862776e+01 2.028446113654825567e+01 2.223558320737697258e+01 4.250345083676709379e+01 4.857504692160817683e+01 5.116458763184471081e+01 5.384011279260962368e+01 5.076754485021471908e+01 5.989759682056774892e+01 4.699224919591496530e+01 6.694933913774397638e+01 7.446908326006749235e+01 6.393758475644256833e+01 7.803307810167319758e+01 9.793252488306578130e+01 1.049823296470148506e+02 9.651739846908347431e+01 8.845905015497875468e+01 7.172613053526585247e+01 8.845905015497875468e+01 8.432696558618027893e+01 6.494658776675578338e+01 7.016594450503205849e+01 9.021072680127127796e+01 1.000913434390741514e+02 8.158333011151272274e+01
8.215197286175309616e-03 1.418173738573167597e+01 3.447604080555042572e+01 4.407018376782743729e+01 3.800848320965204863e+01 3.507414513653715460e+01 4.282573203042365861e+01 2.257962975721436649e+01 4.282573203046841570e+01 4.512753374846539600e+01 2.492374868461391912e+01 3.871138101075978000e+01 3.471382090966145029e+01 4.250338242203439876e+01 2.664284780111685080e+01 4.680095975500296390e+01 5.961511839770911791e+01 7.115276392654882898e+01 7.072591564709487955e+01 7.227415949076954860e+01 5.233715148254849936e+01 7.227415976720389779e+01 8.982454816309277135e+01 8.386093784412432228e+01 8.021003775287196902e+01 1.001021675366393424e+02 1.018817276850366937e+02 9.033465152326654390e+01 8.018377314646703269e+01 6.012245428504672873e+01 8.018377314646703269e+01 7.603692531219249418e+01 5.594271776739760327e+01 7.603692531219249418e+01 8.994758858457863937e+01 9.162857492201648313e+01 7.235801607631434251e+01
2.613274238814250559e-03 2.000261327423845970e+01 3.723607608950149483e+01 4.878308163717019852e+01 5.731121242363454371e+01 6.009355439254324693e+01 4.994783582240341246e+01 2.980348427202111239e+01 4.994783582241715436e+01 5.000399395248734180e+01 2.989783345218215516e+01 5.000399395248752654e+01 5.480056391109447134e+01 4.680123294678742241e+01 4.680123294801666844e+01 3.127444684403328523e+01 4.289640934118552451e+01 6.289002419536506494e+01 7.354774669649678742e+01 8.049738996635186083e+01 7.227415976720389779e+01 6.175277459225462451e+01 7.583736735867125844e+01 9.564596082399413035e+01 1.001026679828671320e+02 9.402280605149688597e+01 9.360877837688482828e+01 7.360470692666677905e+01 6.200596387778877272e+01 5.298859463707981377e+01 6.549299631105600383e+01 7.046379487814839138e+01 5.033422559338850988e+01 6.158160252273643209e+01 8.166166388433045142e+01 8.481540350349129653e+01 6.634752328493514995e+01
7.532853315450405325e-03 8.951804763314685331e+00 2.049881014710740601e+01 4.049881014761666620e+01 5.173448809109839885e+01 6.001875937325494448e+01 5.823281633801546775e+01 4.147846792530716442e+01 5.823281633791935263e+01 5.828112892697429714e+01 4.154938975564810022e+01 3.894028159038288095e+01 5.895472527429144805e+01 6.679981642529354247e+01 5.961715552434521470e+01 5.134670527724722433e+01 3.633319412479701782e+01 4.530652733272669508e+01 5.685143919172310234e+01 7.680911182257027292e+01 8.982454816309277135e+01 7.326089287219357971e+01 8.931059093872248411e+01 8.719007687275185958e+01 8.809710326775351064e+01 7.392364713017742872e+01 8.809710326775351064e+01 8.969483680460311348e+01 6.967347743881973088e+01 5.544839479362701695e+01 4.532884806847617654e+01 5.927019191937328202e+01 4.509241462430853886e+01 5.938270896779927455e+01 7.947075844139553169e+01 7.897534699891080834e+01 6.108751851847579672e+01
6.101047412966256744e-03 2.000610104741260997e+01 2.985755451025177010e+01 3.540455647250495730e+01 3.173448809105810398e+01 5.124811718520479786e+01 6.279512257248504170e+01 6.151720752386653857e+01 6.979160693734617382e+01 6.982432145824293457e+01 6.155319806431261753e+01 5.895472527430379017e+01 4.965962469663814005e+01 6.962858185281605472e+01 7.438754891666997082e+01 5.442553823927102030e+01 4.027867964348019569e+01 5.183390319438781546e+01 7.179930714722028995e+01 8.506649499251091129e+01 1.012517799688834970e+02 9.308410953588102643e+01 8.113600328785595650e+01 6.649799881120105738e+01 7.878886064772693487e+01 5.950012611817948738e+01 7.787184608884631132e+01 8.615833699212728902e+01 8.381819308164334359e+01 7.378792488616480227e+01 5.927019187677617396e+01 3.905860366387856430e+01 4.065819500246796281e+01 5.503070956225175081e+01 7.564287229287857883e+01 7.487841228425487827e+01 5.726016610992068223e+01
6.842009524227352091e-03 4.857554510250908564e+00 9.857554510250951196e+00 1.540455647250329108e+01 2.296384593268797047e+01 3.451085131648089543e+01 5.451085131648685689e+01 7.143516366398756645e+01 6.315090441455516412e+01 6.425300963809786481e+01 7.253726805946668321e+01 7.789943987223675492e+01 6.119837765459928391e+01 7.789943987223675492e+01 7.626190917103816957e+01 5.630454627732782313e+01 4.476139547261851703e+01 6.473952033442893139e+01 8.005810325699847851e+01 8.897571943697721508e+01 9.894388189525308519e+01 9.104356210009609640e+01 6.950567614658463356e+01 5.245885376836596947e+01 6.358612297781341027e+01 5.036382153664893480e+01 5.777818436375904554e+01 7.457218819849251190e+01 7.546677639115182501e+01 6.938548222273941235e+01 4.924570713178630399e+01 3.492250041775839264e+01 5.514451119016921155e+01 6.917621757952906592e+01 7.347817880836714721e+01 7.076014187654492105e+01 5.359273042348354466e+01
1.934550753332892102e-03 2.000193455075297777e+01 2.985755451025177010e+01 3.540455647250495730e+01 4.296384593269052488e+01 5.124811718520479786e+01 6.240293109806103899e+01 5.988816326923502942e+01 4.315090463712791546e+01 4.425300989399054430e+01 5.839514551577801171e+01 7.839514464874145006e+01 8.114445494667045011e+01 8.942146843490155561e+01 8.451923977830634271e+01 6.473952033439643117e+01 5.630454627732783024e+01 5.370551845097163124e+01 6.076946938144042321e+01 7.074966081438923027e+01 9.068969912790740295e+01 8.404514414470911277e+01 6.561048373861667926e+01 6.279407998308562355e+01 4.344865605522374352e+01 4.267330283367449795e+01 4.610961166917155651e+01 6.557153120754203712e+01 5.600207078451980180e+01 5.600207077401910283e+01 4.850635178224091248e+01 3.213366174299513744e+01 5.236580357081182768e+01 6.687282672674589890e+01 5.281709670289767189e+01 6.137031699737509172e+01 5.935529627731665414e+01
4.364784840791047053e-03 1.414650040857186575e+01 3.414650040857257096e+01 4.135600012013921400e+01 4.389600264301894583e+01 4.240293174217825367e+01 4.240293174217825367e+01 5.160389915926512572e+01 3.160389925333792860e+01 5.160389915926512572e+01 5.753865446344541112e+01 6.582291358901839828e+01 6.648292622877325186e+01 8.648292187508853601e+01 9.294474665225237686e+01 8.451924055533648072e+01 7.626190917665367408e+01 7.366621537410718190e+01 8.071967997114816740e+01 8.897571943697721508e+01 9.894388189525308519e+01 9.191506639152611058e+01 8.393120798151392137e+01 6.735999844886106303e+01 4.719792047069477547e+01 3.548943769465422804e+01 3.703686688395244886e+01 5.725442317529916636e+01 5.439374321433803061e+01 3.625279677373761444e+01 2.821871836397957267e+01 4.850632770817250616e+01 5.289595187374287377e+01 5.475680060778800140e+01 3.836160023067271396e+01 4.117679504971331994e+01 4.408693776171644885e+01
5.219006137575642711e-03 2.000521900613722082e+01 2.477047563785695417e+01 2.135600015489368175e+01 2.389600269489037387e+01 2.240293178530941276e+01 3.528968310079032022e+01 3.827110705963303872e+01 2.583039656144177343e+01 4.583039649452543784e+01 3.753865464226901594e+01 4.648292655226785541e+01 6.062506217445513812e+01 8.062506107524599486e+01 7.581817247868374920e+01 8.408185957030103452e+01 8.102419068304668315e+01 7.285017563170993071e+01 7.029980596880648136e+01 7.846876167691853254e+01 8.763475716896058998e+01 7.964656350454542633e+01 7.135601209751364138e+01 7.566814068560326234e+01 6.404522195373721161e+01 5.010643759898312766e+01 2.981843470430906606e+01 4.545040525329883963e+01 4.430178205739827035e+01 2.601691998974886033e+01 4.638614272448347720e+01 3.082982299080600797e+01 3.267615154637100972e+01 3.453901592702629841e+01 5.475686583980996858e+01 6.137031699772435900e+01 6.549240266977052727e+01
