LEM/sinusoidal_perturbations/elevation_000120.asc
nrows	100
cellsize	150.0
xllcorner	0
ncols	100
yllcorner	0
NODATA_value	-9999
[rows 17 to 33 of 100, columns 0 to 36 of 100]
5.222468517465790779e-03 4.005222468517449563e+00 8.087705373156044431e+00 1.245206317787592987e+01 3.245206726790232921e+01 4.507014170718214530e+01 5.262943648723256018e+01 6.091384912225267811e+01 6.144911250120138391e+01 5.349149168633971385e+01 3.803948451866332192e+01 5.743825201046520590e+01 5.842636615513148968e+01 3.845380913840367754e+01 2.432519228732383709e+01 3.547976940875900453e+01 5.545313159303058370e+01 4.929901099120984753e+01 4.102548942150590250e+01 3.316121690358292540e+01 1.337937534384552229e+01 1.349692588199748222e+01 1.246748362630274798e+01 3.243142380027212113e+01 3.483596096524475172e+01 5.151914765490590753e+01 5.984162324048681114e+01 6.611702603277321089e+01 4.713612673823642041e+01 3.306000989504455134e+01 2.506891955854785792e+01 3.738253307051179775e+01 1.802964544508393629e+01 3.437730311941320593e+01 1.755995219256261208e+01 3.757834021670937830e+01 3.046108603720737662e+01
7.333276091007126865e-03 2.000733327609065171e+01 2.808770505353043134e+01 3.245206726790232921e+01 1.952313098974152794e+01 2.507013295199391578e+01 3.262942241219050032e+01 4.417642783501268866e+01 6.417646104457446654e+01 6.538177265928550241e+01 4.785188682376908531e+01 6.538177265928550241e+01 6.061084104381854587e+01 4.063853974087661669e+01 3.098514465922834660e+01 5.096335589541431688e+01 6.373486341876334649e+01 5.342354996236056763e+01 3.344954604792580710e+01 1.940854236302801894e+01 3.316121690358292540e+01 3.910692687934112399e+01 3.243142380027214244e+01 1.488606458502835217e+01 1.751170548938548066e+01 3.149244708609973387e+01 5.156019114486395694e+01 6.553828208521665033e+01 4.701281458273410863e+01 4.581732160813311339e+01 4.581675051421224509e+01 2.601986296006199595e+01 4.019089014041501429e+01 4.767225780137287927e+01 4.223798278062141520e+01 3.827904726271937363e+01 1.808745865035519174e+01
6.343274376862209282e-03 2.000634327437650839e+01 3.374123153200283554e+01 4.202550277946502888e+01 3.366526674718927836e+01 4.507014170718214530e+01 4.140006575672287426e+01 6.091384912225267811e+01 7.246096173244774263e+01 7.496918557734191779e+01 6.702528481262092441e+01 7.496918557734191779e+01 6.889839923438269409e+01 5.924781849775900611e+01 3.992443619216916062e+01 5.924781849775900611e+01 6.048851590848485671e+01 4.050601046424517193e+01 2.639308218642897685e+01 3.929980333021327965e+01 4.757471498746155447e+01 5.029095131430020160e+01 3.142821036212159669e+01 3.488276191821626071e+01 1.738342313878264633e+01 2.907346452438959972e+01 4.430749325720529441e+01 6.683762605421691205e+01 6.020602103886673717e+01 6.508392700799062425e+01 5.572948828814711675e+01 4.761638419966948987e+01 3.489870750803927990e+01 5.540327877875206042e+01 4.061568043064974631e+01 2.032371176428515724e+01 3.827853506325288890e+01
3.497053469895897767e-03 6.670163720136590868e+00 1.374123153200212855e+01 2.528823691579484745e+01 4.528823691579555089e+01 6.194972087364251223e+01 6.140010700398605081e+01 6.968460371986458313e+01 6.729402834503785868e+01 7.545218216884173046e+01 7.468110039674607492e+01 7.470789424792495481e+01 8.277729831484394651e+01 6.819933085098290348e+01 5.145564473779300130e+01 6.641516310105630794e+01 4.643850210282327140e+01 3.489383299370921065e+01 4.635875080376595037e+01 5.463580339621739768e+01 6.008594865134321594e+01 4.624273479254278385e+01 2.632363092838163610e+01 2.253995253694081313e+01 1.949398962451669703e+01 3.953445504449046410e+01 5.090241092865449701e+01 6.506981378790915471e+01 7.841149902142841199e+01 7.565215880014380900e+01 5.811829232064937401e+01 4.448776770418614745e+01 5.540327877972922010e+01 5.832099859006730469e+01 3.676146976450041137e+01 2.194002533168275804e+01 4.228508100324777530e+01
9.635555453094322986e-03 2.000963555545273920e+01 3.374123153200283554e+01 4.202550277946502888e+01 5.357250816325775133e+01 6.386150814893350258e+01 6.329598993624431102e+01 6.410732337616082077e+01 4.777605396527617643e+01 6.410732337598314245e+01 5.506571379271886713e+01 5.506660746884217161e+01 7.470286310567688304e+01 7.977445214724453137e+01 7.143400691496337629e+01 7.469686061802109123e+01 6.315880574322115137e+01 4.383713777718373450e+01 6.315880574322115137e+01 6.587037412419637405e+01 4.606508135607058563e+01 3.198496419804944679e+01 4.624265466491961973e+01 4.249643353715659799e+01 3.953445504449046410e+01 2.254405557468944465e+01 3.673500783929467417e+01 5.413832766288251719e+01 7.049826357049661851e+01 7.854103803022243824e+01 7.020719385216442276e+01 5.253111472138209592e+01 7.020719385216442276e+01 5.660965299644898607e+01 3.635174171311583535e+01 4.228514622680722823e+01 2.434334410380448332e+01
8.845047570523793118e-03 1.155585043136314205e+01 2.569798605509434353e+01 4.569798605509505052e+01 6.004269049499303890e+01 4.172409826393453613e+01 3.780608241052764384e+01 5.191278920043286860e+01 3.631888766013518222e+01 5.601111166909490890e+01 4.097878635351577259e+01 6.082068933175944636e+01 6.866418465464552412e+01 7.268603363257558669e+01 7.455140014023027106e+01 8.267052399051524958e+01 7.209660780613424436e+01 5.796869232214264400e+01 7.209642941941444860e+01 7.018780406957773721e+01 5.040271337467205370e+01 3.634717912031421605e+01 5.619764361018074794e+01 5.897248222777085402e+01 3.892891848854890924e+01 4.260698096416370362e+01 2.575408410565237816e+01 4.583802464221208339e+01 4.946608917360632773e+01 7.049826357049661851e+01 7.770751955768491825e+01 6.410715015690183805e+01 7.770751955767568120e+01 6.495894681910243662e+01 5.660965293029754264e+01 4.647534672937274536e+01 2.608626334983284778e+01
8.023991185656003874e-03 1.415287297496195329e+01 3.418986923293108759e+01 4.476077017494998955e+01 4.540155428695582884e+01 4.255022141228091925e+01 2.144156730747377537e+01 4.246673862118676368e+01 2.876061222000258866e+01 4.442439625977386441e+01 3.389831864812800433e+01 5.085806527139884281e+01 4.890526008487806564e+01 5.298282082687672556e+01 5.488136029136121152e+01 6.915652248221073251e+01 7.728117791110487644e+01 7.793666431043656928e+01 7.483416820053790275e+01 5.507669362796787027e+01 4.362827513345219899e+01 5.619764361018074794e+01 6.441724836138570254e+01 6.725850548364077497e+01 5.715483763249987703e+01 3.706440318881902840e+01 2.807137126374738756e+01 3.481091663796223656e+01 4.535661402530502784e+01 6.235010146267254072e+01 8.452258536862649407e+01 8.016089010954715377e+01 8.291952166266383983e+01 7.383030642642597741e+01 5.975494079161204297e+01 4.825843886518875792e+01 2.787431837740773233e+01
4.598823041778624977e-03 1.995288521618106259e+01 3.183779504780884650e+01 2.678081928133970990e+01 3.937973920084045432e+01 3.122274393522470959e+01 1.447030904057328193e+01 3.453036926306000964e+01 2.168192291848928477e+01 2.446002318287047572e+01 2.762496398002805265e+01 3.091512180724600256e+01 3.476806089172736591e+01 3.885773488233729012e+01 4.334185871960421110e+01 4.939032822722133176e+01 6.342780605352744772e+01 8.298637375100095426e+01 8.308960983233416187e+01 7.165329000378729063e+01 5.250868870580674752e+01 5.616365067748967732e+01 7.592597239313575130e+01 7.351901148305942968e+01 5.347707344210938629e+01 5.076764300996262591e+01 3.066412577708822340e+01 4.072426747184971418e+01 6.081101854807560869e+01 7.500427914038814947e+01 8.570003882895093739e+01 7.400180942239472870e+01 6.084667569021465283e+01 6.009930480280078768e+01 4.567406910896773553e+01 3.130139623022569850e+01 3.069053040605347249e+01
7.340434288523949372e-03 1.999824302911288143e+01 1.260241432686867569e+01 3.193107041817024694e+01 2.797979698099413781e+01 1.116689856194991215e+01 3.091763172531105752e+01 1.804990633087643204e+01 3.804354352429855624e+01 4.442439625977387152e+01 4.176954240827740250e+01 4.505760210673849286e+01 4.247400819537887173e+01 5.875375824650429735e+01 6.319680458166433112e+01 5.744220697354872840e+01 6.088351105478425751e+01 7.222657163425814986e+01 9.170152629344840989e+01 8.050719514772271168e+01 6.390162115912362140e+01 7.011525992323824141e+01 8.418466943959113280e+01 8.180613414471042688e+01 6.790467831198601800e+01 5.350646607750227446e+01 3.339904217435039868e+01 5.350646607750227446e+01 6.081101854807560869e+01 8.084303498421600409e+01 7.730797782002632346e+01 5.704534588886697577e+01 4.539737934087696658e+01 3.997996237994065893e+01 3.485545816583429968e+01 5.155687282100036839e+01 5.102561975936205130e+01
3.515918393995972821e-03 1.599689687329238774e+00 2.156770485368817347e+01 2.557934625294235076e+01 7.954150165456441712e+00 1.833742548183295895e+01 3.191735930635759289e+01 3.690753318155482532e+01 3.692331935160845546e+01 5.689988591282366315e+01 6.160588922853717975e+01 6.486162211080457496e+01 6.231090022345953372e+01 5.655327671485001417e+01 7.621103298498267975e+01 6.883652654588810549e+01 8.045766357800208368e+01 8.859437643235216342e+01 9.988613566291448365e+01 9.196334657706337623e+01 8.367877491969375114e+01 8.995427324501288524e+01 8.682755879300199808e+01 7.635523161499541800e+01 5.938168158638674754e+01 4.000330708464220919e+01 3.679980351920014670e+01 5.691527742524955613e+01 7.000324674744854292e+01 8.010805268727197870e+01 7.842681273270116549e+01 5.816061176928300824e+01 5.966848483995573105e+01 5.783778238720184106e+01 3.774215858812058855e+01 5.783778238720184106e+01 6.337408478281547985e+01
4.608085242692564441e-03 2.000460808524233869e+01 3.917459674086690935e+00 5.568207047288186828e+00 2.557284705775960632e+01 1.158056865980584682e+01 1.415727656504132881e+01 1.687937797596605805e+01 3.695680394426833715e+01 4.951918442377084517e+01 6.372334581150251864e+01 6.675293713915337435e+01 7.500820674417776956e+01 7.621103298498267975e+01 8.434389403777350935e+01 8.836356859977639999e+01 9.653700526949032223e+01 1.012026449479054691e+02 9.299506073161597897e+01 9.813422828258393338e+01 8.992336768136608782e+01 9.813422828258393338e+01 7.830914738366851680e+01 5.720734570023419963e+01 4.732881012728040560e+01 5.937930141835432352e+01 4.351874500811659630e+01 4.261996763952077316e+01 5.313786933920402333e+01 7.157820336854720722e+01 8.681760753501464478e+01 7.248081922782880326e+01 7.993165960135593195e+01 6.072992819563050659e+01 4.069255426324726699e+01 6.072992819563050659e+01 7.344149782881704880e+01
1.610643649003322799e-03 2.000161064326712790e+01 2.394342748778930385e+01 2.558371103874868879e+01 2.558115921756009570e+01 3.735208542357333528e+01 2.301312146684550441e+01 3.695680394425084359e+01 2.103259957838179517e+01 3.531502303603913617e+01 5.036581484926274044e+01 4.668289315774304526e+01 6.057662873755200650e+01 6.662882002130120895e+01 7.372394714374577518e+01 8.196740661195971711e+01 9.349522147461391341e+01 8.974307825124864735e+01 7.313255386770489963e+01 8.820800086616398517e+01 7.005861741158248890e+01 8.820800086616398517e+01 8.682756097139115070e+01 7.635523199433234254e+01 5.609407547825514229e+01 7.067690180450560433e+01 5.064375445165045164e+01 6.271609397678597020e+01 4.933808963624118604e+01 6.349672639396185048e+01 8.349287966039715059e+01 9.278171089394632531e+01 7.789891430894148527e+01 5.783402341008704184e+01 4.371396809299820063e+01 5.783402341008704184e+01 7.789891430894148527e+01
2.022278438842990342e-03 2.000202227843848846e+01 3.536198124705840939e+01 4.430625315705972866e+01 4.557699965893467464e+01 4.314753951700492252e+01 3.725805081136351760e+01 4.951060368867250361e+01 3.113597630590301435e+01 2.578101926048258008e+01 3.021744000042118117e+01 3.528781122238100210e+01 4.049593557730704418e+01 4.655597237364560215e+01 5.365589713710117792e+01 6.525795721183892795e+01 8.528870445891389807e+01 8.152743480580360824e+01 6.166187603622154256e+01 7.005806111021327354e+01 6.012512967395213082e+01 7.999099254647437363e+01 9.785597180841566001e+01 8.602864748009427842e+01 6.845214330474735220e+01 7.893344984243002216e+01 5.963121731499339973e+01 7.567655767798768807e+01 5.568792459044390597e+01 6.200621368357339236e+01 8.200211580686001867e+01 9.339250921678883799e+01 7.318885883732149011e+01 6.686867372338755899e+01 4.689712048143629630e+01 5.838964081928826744e+01 7.845124806991140076e+01
6.642187732006160465e-03 7.077709999597511903e+00 1.602198190959682833e+01 3.016411753332803158e+01 5.016411753332873502e+01 6.322662612062330822e+01 5.736602302560769573e+01 5.955521253965036976e+01 4.540389999679990751e+01 4.596907899806457465e+01 3.373810153108505716e+01 5.386252878973744629e+01 5.470298972687710659e+01 6.662882002130120895e+01 7.372394714374577518e+01 8.196740661195971711e+01 7.915994019988887942e+01 8.410357086001903326e+01 6.423989970492864643e+01 5.018150886769073793e+01 5.949704079369308829e+01 7.081159245773660871e+01 8.938077082810559659e+01 9.892227161622687959e+01 9.020089202891763591e+01 8.786025553579932534e+01 7.119095414845764935e+01 8.274416024333517328e+01 6.275396144058044001e+01 8.200211580686001867e+01 8.200211580686001867e+01 8.745629309987187128e+01 6.727909406550648441e+01 5.320267864339939479e+01 5.205309465504269184e+01 7.202553587084925368e+01 8.682796530007291835e+01
1.591255364720534126e-03 2.000159125536436378e+01 3.536198124706041312e+01 4.430625315705972866e+01 5.110155022216013521e+01 5.696060971253878336e+01 5.368141019070479558e+01 6.196675149088618184e+01 6.547478915878001260e+01 6.145432540682110556e+01 4.136831955383632931e+01 4.798450825732691527e+01 6.805332567899057494e+01 8.299459951661087587e+01 7.961532902665024380e+01 7.137242718079012604e+01 5.922478786795799266e+01 7.331129386710200890e+01 6.537307800629848487e+01 4.548318751379883196e+01 6.537307800629848487e+01 7.134899408637920715e+01 9.122808343108749796e+01 9.127499241772774496e+01 9.949803837436442677e+01 9.936037236679868556e+01 9.112349209203219402e+01 9.103764613798814764e+01 7.273557036141413334e+01 9.103764613798814764e+01 1.020185406352258610e+02 9.268531287984565381e+01 7.243340635501807867e+01 5.831774080806033567e+01 7.202553587084925368e+01 6.014176416606993314e+01 7.166217491304415432e+01
6.189296070378335485e-03 1.414832491980145335e+01 3.414832491980215678e+01 4.525226439190746675e+01 3.111740654097921777e+01 3.697062670899023828e+01 3.367363123488278376e+01 4.522616154642744135e+01 6.523149463410224769e+01 6.972369297617748884e+01 5.142184673102960346e+01 6.805332567899057494e+01 7.630629306353714014e+01 7.593151303820823728e+01 6.768633283424782121e+01 5.143758389827952016e+01 4.512773279658662773e+01 6.334690029162877067e+01 6.140281445389775428e+01 4.149188241861018156e+01 5.145663482139276113e+01 7.134899408637922136e+01 8.800294490491896227e+01 7.134092482862375562e+01 8.730154072027217182e+01 9.553066534732045056e+01 1.070187649408519945e+02 1.010473837583016632e+02 9.275275012525638374e+01 1.010473837583016632e+02 1.092530105182760423e+02 8.896180780484189654e+01 7.464779226534687950e+01 6.491281707197724415e+01 8.509117013028722454e+01 8.022412559109191932e+01 7.079696824784383580e+01
2.247884206357958405e-03 2.000224788420600319e+01 2.682178161411609807e+01 3.019048260467394940e+01 1.720327965279170357e+01 2.303340475755162586e+01 4.298680248742276433e+01 6.196675149088618184e+01 7.351605015119649522e+01 7.973330506158580988e+01 7.148680408261253660e+01 7.973330506158580988e+01 7.613257080254318510e+01 6.768633283424782121e+01 4.774447369387303297e+01 5.358530900662188401e+01 3.514991950296712275e+01 5.070471834616058260e+01 5.300628864681224428e+01 3.790539137514087287e+01 5.200151808710335644e+01 7.190915771636255727e+01 7.163075617909260018e+01 5.983872669554070001e+01 6.736451454645525416e+01 7.887878281830968774e+01 9.880724198427823524e+01 1.015392408917912377e+02 9.369669344208934092e+01 9.424748738089729727e+01 1.020857853534088520e+02 1.016754793815110531e+02 8.136393168050224745e+01 7.914031159064984422e+01 8.509117013028722454e+01 9.104962711032014511e+01 8.510052232753015744e+01
