LEM/sinusoidal_perturbations/elevation_000558.asc
nrows	100
cellsize	150.0
xllcorner	0
ncols	100
yllcorner	0
NODATA_value	-9999
[rows 68 to 84 of 100, columns 37 to 73 of 100]
6.902468608862390909e+01 8.046866927323931407e+01 7.862965958992457161e+01 5.906537414565666211e+01 4.686976696280171950e+01 6.647573262501038016e+01 7.317665200104350731e+01 5.362307172755829043e+01 4.296634024805218388e+01 6.188727604201520904e+01 7.774944066948597765e+01 7.360356539873312443e+01 5.382944169900645193e+01 4.054608751783017340e+01 5.962894213888278472e+01 5.950629786186293302e+01 8.050158824810361580e+01 9.152986364907673078e+01 9.376178665493090136e+01 9.977267567431287887e+01 8.972037074375835175e+01 7.530346050902892330e+01 8.255979215269447025e+01 6.206252947286131416e+01 5.022755080563412378e+01 7.072582349288215653e+01 7.560217685468353466e+01 6.095924077892880888e+01 5.787224301367340473e+01 7.040800132246475584e+01 7.177380122435621956e+01 5.423556319083098032e+01 7.457864943627096466e+01 8.936719364702503299e+01 9.777629164198353351e+01 1.050206092973958505e+02 9.653138506735763258e+01
6.936933177992679589e+01 6.936933177992679589e+01 7.762984171826427371e+01 7.459810571714187688e+01 5.824071488050988421e+01 7.459810571714187688e+01 8.154077040637599794e+01 6.601679215261927425e+01 4.687147936482890742e+01 6.022763323722174533e+01 7.999337722659079475e+01 7.362825396814601220e+01 5.382996082115198533e+01 5.962894213888278472e+01 4.333892243640909214e+01 6.097688600107547074e+01 6.359884152698943183e+01 7.428986681265199365e+01 7.334134653535363668e+01 7.932206863058060264e+01 9.422644875114187357e+01 9.573530317822732627e+01 9.103888997407310057e+01 7.360133489023374409e+01 5.310726100137573980e+01 6.757740816112695370e+01 8.814438049838531697e+01 8.173698527288425453e+01 7.232308162511354510e+01 8.702172125887487653e+01 7.653234980789983410e+01 5.625973913574038221e+01 7.658543229781164996e+01 8.834246655733552700e+01 8.731355244350010025e+01 9.028915809683714144e+01 7.582823610506210343e+01
4.952838112809669724e+01 4.952838112809669724e+01 6.936933177992679589e+01 7.990805238071604322e+01 7.772497606461359965e+01 8.588303609907335101e+01 8.376296912618035151e+01 6.464795321284461238e+01 5.131106111824541216e+01 6.488812612336404584e+01 8.488903545939645312e+01 8.206196205775482611e+01 7.362920092799784300e+01 7.098635474114897193e+01 6.262673208434319605e+01 4.627640172253914130e+01 4.985071050655444225e+01 5.434286775432152439e+01 5.919201546603833464e+01 6.543122810716914728e+01 7.974044788107111970e+01 1.002370934341949464e+02 9.119700623741148604e+01 7.055723053355504248e+01 5.607326150815448784e+01 6.521218733399979328e+01 7.722304508174795501e+01 9.878036360309458530e+01 9.344597592559533439e+01 9.594903287635064260e+01 8.094933718973943826e+01 6.065311373284968965e+01 5.949232618034005071e+01 7.984633773774770304e+01 6.678864071879846165e+01 6.969038800375605547e+01 7.391997504209308545e+01
3.540586083550255125e+01 4.298392740136276302e+01 5.261282188538322657e+01 6.966966646104715721e+01 8.406245637892173761e+01 7.692740282820753350e+01 8.614442945450285549e+01 7.909914851213197551e+01 6.437005853165156566e+01 6.024714174585552939e+01 7.417009487838102189e+01 9.444824897280845732e+01 8.938631755537718959e+01 6.901268041218541782e+01 5.755058067133718680e+01 4.894050459668327591e+01 6.864597765855256739e+01 6.107413333365881414e+01 7.932235477346563357e+01 8.574377637200397828e+01 7.821211755852392855e+01 9.870226835327750337e+01 9.187155792449779312e+01 7.114660605097354562e+01 5.929864278486809326e+01 7.990590901422226011e+01 9.467050678377053430e+01 1.070862166368137878e+02 9.799139009550231094e+01 7.892134055852139340e+01 6.731444921646691171e+01 8.094932887693063606e+01 7.983590285720234192e+01 6.278422395051319427e+01 8.320533882995762553e+01 9.028915809683714144e+01 9.461098045027026160e+01
4.789736619237301340e+01 6.256619310749952945e+01 7.076854249727934132e+01 7.990805238071604322e+01 7.306964580239021245e+01 5.360666543557173469e+01 7.320998038338949243e+01 8.730169300901270901e+01 8.327920893323798168e+01 7.417009487838102189e+01 7.417009487838102189e+01 9.444824897280845732e+01 9.789851923465997174e+01 8.609953381109821180e+01 7.175715948043922765e+01 5.188519935341705036e+01 7.175715948043922765e+01 8.121909816398203930e+01 7.523933095852110853e+01 9.565553701029138267e+01 9.268849162226250371e+01 1.071306788055106693e+02 1.003871224774558470e+02 8.346501971375749918e+01 6.273834896652438431e+01 8.346501971375749918e+01 1.002794037186396139e+02 1.129297999605665268e+02 1.067759877483966733e+02 9.312294621116265603e+01 7.285913900613824978e+01 9.312278294862021255e+01 9.006121314526092192e+01 6.948999295166215973e+01 7.069149131876673664e+01 9.128134316378219637e+01 1.074720721555404737e+02
5.020870273287383867e+01 6.436411072400603928e+01 7.049848852809833488e+01 6.950279317624797670e+01 6.350250165515008405e+01 4.287926411773245405e+01 6.383824083562493712e+01 6.515822176882798544e+01 7.832856780610710246e+01 9.444824897279666231e+01 9.444824897280845732e+01 1.028914898395146338e+02 9.445015020347312884e+01 7.399878052180223165e+01 5.981737779411321299e+01 5.564962743714293936e+01 6.972255730799668072e+01 9.015304097143402373e+01 9.565553711558193584e+01 1.041518313317592401e+02 1.132219926834612806e+02 1.193002255778637988e+02 9.939147520651538059e+01 8.839545149354439957e+01 6.756299688378621227e+01 7.054812576707017513e+01 8.274451772393527449e+01 1.042050705790763061e+02 1.104418569811542881e+02 9.145486748760394846e+01 7.996447358342064149e+01 1.003195928307172551e+02 9.788147720662108497e+01 7.719680477155517906e+01 9.128134316378219637e+01 7.984438646241829929e+01 1.005340354991163707e+02
3.606601162534667537e+01 5.088370876959486822e+01 5.129988388743026917e+01 5.109751595961185444e+01 5.136371513899475616e+01 3.586033625842127748e+01 5.600053636415952951e+01 5.214454706967759279e+01 6.894359890625619869e+01 8.391032776787642433e+01 9.192120113333149334e+01 1.047033049517220888e+02 8.418090839625457988e+01 6.978082421524564438e+01 7.998884801701066749e+01 7.570624956792613602e+01 6.154197759344517493e+01 8.186233894392643151e+01 9.552915709292669533e+01 1.041514698042999356e+02 1.135080990534047771e+02 1.141814353822353922e+02 9.350252044212618330e+01 7.870158448099442694e+01 7.451505361961173435e+01 9.163856111575806551e+01 8.124246017944568621e+01 9.451928278887992008e+01 1.169319425632435667e+02 1.086882653109846615e+02 9.012855889774124307e+01 1.086645561922771748e+02 1.063556827503833375e+02 8.914157112175179520e+01 1.063556827503821154e+02 8.715260534298256800e+01 1.078525826673507169e+02
2.255020002918688959e+01 4.260295685025637624e+01 3.669913081487533901e+01 4.712267775050953844e+01 3.124391036361690155e+01 4.892571559813561066e+01 4.122364800625719994e+01 4.554097247691073136e+01 6.370550793945388790e+01 6.592789348611420053e+01 8.113196092329729936e+01 8.975992524698246200e+01 9.866142851429671623e+01 8.151615620330117906e+01 9.866142854643183568e+01 9.039480027017938824e+01 7.316316563066382628e+01 6.859392576230322902e+01 7.471154513712305345e+01 8.396779455205079046e+01 9.877695988148441586e+01 1.196605264313478187e+02 1.079386735301530251e+02 9.943446397223218014e+01 8.205340404592017478e+01 1.035461432651940612e+02 9.390818938282724559e+01 1.116618018938496419e+02 1.261452440119923466e+02 1.188493738242312787e+02 1.105116956316940389e+02 1.188465533954601625e+02 1.182316630492011171e+02 1.098204109452426565e+02 1.162721264168617665e+02 9.755378471104341997e+01 1.162721264168617665e+02
3.600605680763375460e+01 2.318778513855826873e+01 2.446989756081485723e+01 2.695770901765128968e+01 4.721141646073991893e+01 5.799501286115626186e+01 5.479491270957279170e+01 6.370550793945388790e+01 5.165982308842227866e+01 5.707371692196739588e+01 6.262006976232186872e+01 7.184273677268673453e+01 8.871405511176534731e+01 1.020264057234158912e+02 1.104321392108768407e+02 1.022801302840808262e+02 9.374471720631630944e+01 7.881336472929082504e+01 9.001015972725117820e+01 1.041514698042999356e+02 1.135063157795172941e+02 1.221522674060732072e+02 1.251237027989317880e+02 1.122376491694696057e+02 9.315247468316371737e+01 1.122377195233496110e+02 1.160198309378410215e+02 1.247941695927678012e+02 1.266246967100223344e+02 1.184476290568910315e+02 1.266246967100223344e+02 1.262778953015728547e+02 1.220625568164409032e+02 1.278757521234668388e+02 1.265095274358316004e+02 1.181513806236589659e+02 1.265095274370211484e+02
5.054965920059316886e+01 4.327804366660404867e+01 2.383440552896230713e+01 3.727099487651871357e+01 4.541737715345799131e+01 6.163101066608805922e+01 7.296764093434195786e+01 7.728597830035811000e+01 6.308621187028729338e+01 6.752651429987793108e+01 8.119728586793188185e+01 8.975992524282555962e+01 1.013472452953388512e+02 1.200013769592433164e+02 1.210608403380053915e+02 1.129092458655889146e+02 1.081402482639702924e+02 9.957120891010389130e+01 1.081402482639748257e+02 1.217304714623275856e+02 1.165391376612012664e+02 1.027913478422156288e+02 1.070315472073039729e+02 1.232880777796675176e+02 1.152898721510383666e+02 1.239790022200755288e+02 1.304079948803739342e+02 1.118221943428473821e+02 1.122852885021589202e+02 9.867383014210606973e+01 1.167544397192889534e+02 1.064212563852818789e+02 1.022106338700637025e+02 1.080251274814637128e+02 1.213159878816074979e+02 1.295331657988651841e+02 1.409987977556734506e+02
4.562944597610719910e+01 2.447962720151498672e+01 3.700090563376074471e+01 4.852945731034451882e+01 6.046422550261303996e+01 6.578467783011336678e+01 7.426667256681037088e+01 8.270409920832014450e+01 8.022191854942705902e+01 8.739622456574403486e+01 9.694814894471343791e+01 9.677364164216395181e+01 9.487910084906469876e+01 1.135408369606405472e+02 1.096514963036852777e+02 9.311376915401973520e+01 1.096514963036852777e+02 1.101942170968318351e+02 1.183494279233354831e+02 1.190665340978853521e+02 1.007024942538581769e+02 8.929984266566282258e+01 1.084678427142693806e+02 1.200819318785659533e+02 1.118446415836487802e+02 1.200819561482737043e+02 1.260924783429322673e+02 1.065661632118505935e+02 9.267169290686373984e+01 8.873590524680905389e+01 1.085650733042828477e+02 9.236686663325353663e+01 8.814252793929728114e+01 9.445862527418584875e+01 1.014697964191293806e+02 1.129138498829452004e+02 1.327935218338828918e+02
4.017771611382597285e+01 2.493672006886288628e+01 4.490795987786064103e+01 5.534020937054648925e+01 5.806134125094262544e+01 4.722072494927440545e+01 5.394782839633494831e+01 6.548803975575597747e+01 8.625872488329937937e+01 9.888677450830596172e+01 9.039162930504842564e+01 7.668473482034558231e+01 8.732200044353750457e+01 1.078508454999984849e+02 1.014803220574274292e+02 8.167392280778405222e+01 1.014803220574274292e+02 9.039773901664680977e+01 1.069381987116021691e+02 1.151146245775949097e+02 1.014146291729616252e+02 8.195120663591556820e+01 1.014146291729616252e+02 1.101250476112960826e+02 9.191987051150574928e+01 1.101250480567061771e+02 1.265091289006270046e+02 1.067127923715691225e+02 9.269599846741695615e+01 8.111292807721839893e+01 9.444123155152027493e+01 8.076742636816067034e+01 1.007650286340735590e+02 1.142992995996851278e+02 1.213159878816074979e+02 1.295331657988651841e+02 1.335567968724289472e+02
3.102710025813109240e+01 3.076369750714289708e+01 2.559256717378399415e+01 4.745109192221794814e+01 3.862824383781308057e+01 5.806294249342008840e+01 7.426670968180829391e+01 8.270409920832014450e+01 9.458176344650790668e+01 8.691940723982155248e+01 6.957283113603435254e+01 6.676976817155063770e+01 8.127841445016936461e+01 1.019125077140949855e+02 9.447770244727196598e+01 7.465083446081332852e+01 8.732304621770821029e+01 7.894716323718365913e+01 9.876471514823053610e+01 1.069260335099843502e+02 8.711690444509004294e+01 7.618291376593121811e+01 9.592381839171180502e+01 1.018822540293465124e+02 8.187814957450687814e+01 1.018822540298037183e+02 1.149836876939727262e+02 1.192144878670378034e+02 1.092712433911580376e+02 9.444123155152027493e+01 7.428000328263695451e+01 9.444123103419542531e+01 1.025359981997829379e+02 1.095755649608091460e+02 1.178029151524611677e+02 1.292765776533479993e+02 1.221267812745041681e+02
4.930601790659378736e+01 4.586558061487280469e+01 2.606018314952792636e+01 3.107654038130007024e+01 5.107143631714356502e+01 6.545236458831938364e+01 7.376772658251088899e+01 8.322807311123852969e+01 9.045732196831319527e+01 7.837184936471872732e+01 5.785636879468582094e+01 7.837189057796369696e+01 9.577030095486210826e+01 1.022160982225880446e+02 8.240550904639819407e+01 6.838597853325168785e+01 6.750165431307256370e+01 8.732304621770821029e+01 9.881029167850627459e+01 1.047699550301720137e+02 8.494881988137159112e+01 7.076142078891881226e+01 9.069402291339868327e+01 8.732775308718471763e+01 7.510759879572276532e+01 8.677407406855520833e+01 1.067436706259729675e+02 1.109833919457144162e+02 9.100829957709460416e+01 9.133496550000822367e+01 7.107995130733097255e+01 7.637210755526459138e+01 8.253332956121217023e+01 8.966466374563287900e+01 1.011719590452693467e+02 1.210551041248296542e+02 1.139586270723290085e+02
3.050179945622729250e+01 2.673014164856036601e+01 3.328425870572696965e+01 4.153508551465895238e+01 5.296261492983821739e+01 4.690971171321076127e+01 5.647017238207822487e+01 7.535086120953083366e+01 7.585277249778829400e+01 6.124278631557400132e+01 5.317002500419575739e+01 6.738865805343799309e+01 8.817338991463387288e+01 9.825018266638321052e+01 9.639471092045920386e+01 8.071591558282963774e+01 6.098549086539726716e+01 7.080538598759983415e+01 8.482540599177924889e+01 1.046313926574350717e+02 8.655217162626178151e+01 6.631513024805127543e+01 8.043665265659959118e+01 6.710438375287348833e+01 8.145788944260141307e+01 1.014988575072184886e+02 1.080011255078772194e+02 1.046535014595545476e+02 8.457758862899540020e+01 7.448137993497014975e+01 6.795408631701711499e+01 8.828576139784482280e+01 1.025359983264157222e+02 1.095755649608091460e+02 1.178029151524611677e+02 1.197755810672221060e+02 1.068809422688718058e+02
5.337899104308389298e+01 4.741966408282022627e+01 2.741081927702574106e+01 4.661080128580570658e+01 3.635954542535330347e+01 5.587428278907870549e+01 7.376772657785369347e+01 8.322807310978788564e+01 6.729277752565494097e+01 4.741663512217885312e+01 6.729277752565494097e+01 8.203932401008304964e+01 9.236481008421641548e+01 7.837440977165074685e+01 9.236557902912913676e+01 7.705206769254920118e+01 5.740939196745724615e+01 7.125453870053054573e+01 9.104854081333182592e+01 9.611374891823790279e+01 8.781909721712850114e+01 8.058662971604962877e+01 6.032519305620476757e+01 8.058662971604962877e+01 9.560161096934245961e+01 1.062019040491829855e+02 8.796017793026830134e+01 8.796090922313828742e+01 8.113352501745265499e+01 6.418412532121088532e+01 7.868104020637595397e+01 8.828552721809205650e+01 1.082922947020705067e+02 1.060882857073210062e+02 1.145441642627882572e+02 1.115941987503962878e+02 9.159886224242622177e+01
6.741533261378235409e+01 5.343300709237866641e+01 4.116268486509127911e+01 2.809600073332404691e+01 4.923497536851629519e+01 5.576620338417743739e+01 7.453464956285651510e+01 7.807224631725533470e+01 6.350797145079928185e+01 4.397124135080309770e+01 5.750854861307849575e+01 7.799178711173507850e+01 8.419585865904939226e+01 6.423871083242816837e+01 8.419585865469191788e+01 7.363271674559898372e+01 5.403547405770230228e+01 6.784609919212725515e+01 8.760284732355324877e+01 8.781909721712850114e+01 6.758421248817288074e+01 7.351087300875587971e+01 5.731783641302294541e+01 7.167478925292022041e+01 9.185480483168115029e+01 9.727255215024206336e+01 7.780197946057663216e+01 6.764448341151226884e+01 6.072347322252650770e+01 7.521691454263294929e+01 9.286951281814752690e+01 1.070462004260224234e+02 1.018676887832047839e+02 8.578671055737738982e+01 1.028039829494605470e+02 1.094206622793994796e+02 8.940588120416839502e+01
