LEM/sinusoidal_perturbations/elevation_000587.asc
nrows	100
cellsize	150.0
xllcorner	0
ncols	100
yllcorner	0
NODATA_value	-9999
[rows 68 to 84 of 100, columns 0 to 36 of 100]
5.009162696260268353e-03 3.385626181610319474e+00 6.815597884460482092e+00 1.035113179039318965e+01 1.400261550709426572e+01 1.900261550709417691e+01 2.434784034534257202e+01 3.067239566567944209e+01 4.221940106958334127e+01 6.221946968655269217e+01 6.716081835684467194e+01 4.757350197130807601e+01 6.716081835684467194e+01 5.760352735228340748e+01 4.063059766740127543e+01 4.064000254509787879e+01 4.179092775747572119e+01 3.251831977349232972e+01 2.992090191295588397e+01 1.033678442104925566e+01 1.577453446412251381e+01 3.254383707085650457e+01 2.191125057664580922e+01 3.882677479652879526e+01 5.982966936754045406e+01 7.534229855550277932e+01 6.347169892251837808e+01 4.744965029060239914e+01 3.855101235196791265e+01 4.197589336778708713e+01 2.052915286030351538e+01 1.894456596371417589e+01 3.826700473093511334e+01 4.300562268885609996e+01 3.381110295797566323e+01 4.514113184885011520e+01 6.514480717866446469e+01
4.695337527364121070e-03 2.000469533752700713e+01 2.681560522285562698e+01 3.035114070461494862e+01 3.400262641233071292e+01 2.253064416132127334e+01 4.253066317328271850e+01 5.067242468673444478e+01 5.895724160387644730e+01 7.050464345175340952e+01 6.063171289499911865e+01 4.095618324076143324e+01 6.063171289499911865e+01 5.762557867511994658e+01 4.063193315827096797e+01 2.803110157913134870e+01 3.153148135522886975e+01 1.073655730595182689e+01 9.859628852118746067e+00 2.954904380601453440e+01 3.337352456719633409e+01 2.212356405613905963e+01 3.904108237753994359e+01 3.292215823618820281e+01 4.558008473491549495e+01 6.758433924130594050e+01 7.249165378606643628e+01 6.447741502272640446e+01 4.938996494651859592e+01 5.144663614536565177e+01 4.216156763538797492e+01 3.866304925115368718e+01 1.960097536699470666e+01 2.446465843670675611e+01 4.299125965456327947e+01 5.988914463771580898e+01 6.420525041551285028e+01
7.614146464036155443e-03 1.155461953025645094e+01 2.569675515398715149e+01 4.569675515398643739e+01 5.081534189454218620e+01 3.667278003972051437e+01 3.407764955569832921e+01 4.821978650956113199e+01 6.821993546353419902e+01 7.276158672365168911e+01 5.495187672383779898e+01 3.518775043242629152e+01 4.748173914561660780e+01 5.556489680761281846e+01 5.292130475949275592e+01 3.781126359614457755e+01 1.908496078680524377e+01 2.738084399213835241e+01 9.522911996402338985e+00 3.034979921631061828e+01 4.468088164193031275e+01 2.955769714645430568e+01 4.707733489375205238e+01 5.414533744776793611e+01 4.527519904329572853e+01 5.723389202304212375e+01 7.859502998263705820e+01 7.504372372883594267e+01 6.761090344214167658e+01 6.786983102856738981e+01 5.961750498262854592e+01 4.751308609848076969e+01 3.928422712895439872e+01 2.027513265382824059e+01 3.340275870358090060e+01 5.087905144671580615e+01 3.918770672486437689e+01
2.352828262072654761e-03 1.414448845199314775e+01 3.414448845199385119e+01 4.332545107217185887e+01 5.160000749777073992e+01 5.667284408112522698e+01 5.407769451343880718e+01 5.407769451343877876e+01 7.407810773124967341e+01 6.475969551658306500e+01 4.514405793109252585e+01 3.518775043242629863e+01 2.750389318104640779e+01 4.171463177287989055e+01 4.983350489197771793e+01 4.275534517643988153e+01 3.195279908169379368e+01 2.669337362297671490e+01 9.187406638962638539e+00 2.509551255404065273e+01 4.862766623809214650e+01 4.786181470766477020e+01 4.789141619709567976e+01 6.770102910383923245e+01 6.626217146047922313e+01 7.513667319597006156e+01 8.748772626668433361e+01 8.436893216962225495e+01 6.374114294674055969e+01 4.945267958812011244e+01 3.958969818433343590e+01 4.297171018188367952e+01 2.122926852547765364e+01 2.075984610859968527e+01 4.043693426829431559e+01 4.157984695268574171e+01 2.264945601090583338e+01
6.786455232800275850e-03 2.000678645523244370e+01 2.771309026983798773e+01 2.342214428105990720e+01 3.647018158659060560e+01 4.159059484348988178e+01 4.821048782992535564e+01 5.649218945991323437e+01 6.646954393026305752e+01 7.276158672356591239e+01 6.299731577924401904e+01 5.495187672383779898e+01 4.171463177287989055e+01 2.127345415218562508e+01 3.625149371771000517e+01 3.309904937982637563e+01 2.673984762500728607e+01 2.136720988152643486e+01 8.852200002633990650e+00 3.026668185572723502e+01 3.628571077288091828e+01 3.628572631455082842e+01 5.675121736319258758e+01 6.712755448600795205e+01 6.824704094499362839e+01 6.446857121929198797e+01 7.292097319069549144e+01 8.309652794548347288e+01 7.834351068800759776e+01 6.585328055086441168e+01 4.887478031530284284e+01 2.913735184464902872e+01 4.222024130689219845e+01 3.606436707787388940e+01 2.144918897437545269e+01 2.194556416803304089e+01 3.148863815791682796e+01
3.257643153035955173e-03 3.852100878630911218e+00 7.773200303312846060e+00 1.193820800429895357e+01 1.663499905707038451e+01 2.176053321110780914e+01 2.835286436526618203e+01 3.824932391552410138e+01 5.817165174432687280e+01 6.920230199349138900e+01 5.917828303791225153e+01 5.079396751451486125e+01 4.343893668676916775e+01 3.625149371771001938e+01 1.491135502969745730e+01 1.569983831142265274e+01 2.778551002491603228e+01 8.381517148352015667e+00 1.252629847439055943e+01 1.276798098198886322e+01 1.566870594793967442e+01 3.628573147710974212e+01 3.832152624130363705e+01 4.791997693969889838e+01 4.791997693969963734e+01 4.424476767783507825e+01 5.431617847958278844e+01 7.462097725051901875e+01 7.171904247221907269e+01 5.143008335074946302e+01 3.746242474320123250e+01 4.886257946333556390e+01 5.510422121982202270e+01 4.356796716552962323e+01 2.415095121782010779e+01 4.155755871709833116e+01 3.791084365350630492e+01
1.880098487986705483e-03 2.000188009848763215e+01 2.771309026983809431e+01 3.183427153855964775e+01 3.462903987592629562e+01 4.159059484348988178e+01 3.793701122550810112e+01 4.822469395663809877e+01 6.646954393031890618e+01 6.073784014846005164e+01 4.085009488056959270e+01 3.133438505908628002e+01 2.434670192912433606e+01 3.436689067618136306e+01 3.012273529253861426e+01 8.516656887574356460e+00 7.910642156006570502e+00 2.038307904568308970e+01 3.168095942514744223e+01 2.726694696121086281e+01 3.628573147710974212e+01 2.019081545870128735e+01 2.365503972650378728e+01 2.736756061508027216e+01 3.400206218386150425e+01 5.435666899858580337e+01 7.291996532621068638e+01 8.309660009022556437e+01 7.171626169337555723e+01 5.143005758097324787e+01 5.143007950019741514e+01 6.559415066020150675e+01 5.861703296282139775e+01 4.635639357470951438e+01 2.681618079367493834e+01 4.636542488164919718e+01 5.485246886567910707e+01
2.900726248362994839e-03 2.000290072624800786e+01 3.157078601172198162e+01 3.852470078508335405e+01 4.698023507623883432e+01 5.799786717905453060e+01 5.784754054826805714e+01 6.613954165768176097e+01 7.674403673691632832e+01 6.920230199348412725e+01 5.423220364918206826e+01 3.442788458160886478e+01 2.334363302943526364e+01 1.581038522770900379e+01 1.872216800830112859e+01 1.910830671468852060e+01 7.577295831908108070e+00 2.992009095693140708e+01 4.485857581610870426e+01 4.779288323294542806e+01 4.929873292379316752e+01 3.220428349800226187e+01 4.428679409146636914e+01 4.791997693969963734e+01 3.455429502882515180e+01 5.489766106400012546e+01 7.079966229206080186e+01 7.927128374760498275e+01 8.030901682203676728e+01 7.171420293114940137e+01 7.171820326292919390e+01 6.456506508516923759e+01 4.469437676906751022e+01 3.083829041441370933e+01 4.636620211541684711e+01 3.908836266170313678e+01 5.888960836317893666e+01
5.081304048347549951e-03 5.555471613550131416e+00 1.134913766091987242e+01 1.809206198383693120e+01 2.847183973634926346e+01 4.960222851192433779e+01 6.943249360969485906e+01 7.744511259706727913e+01 7.414456841034913737e+01 6.588234893272340287e+01 6.265711455206681535e+01 5.113257967551609795e+01 4.252919496950759992e+01 3.166087473740476455e+01 1.048242418119311914e+01 1.169238996051017310e+01 7.245355016791840796e+00 3.615565039924236856e+01 4.559664755346958742e+01 4.146198525524396672e+01 5.069681153205250723e+01 5.265594565001538996e+01 6.109215841289082505e+01 6.332392823235451118e+01 4.896123883349327599e+01 4.293651977263231601e+01 5.055957820879311981e+01 6.216242562831337182e+01 8.259834873999416516e+01 8.768304204740053365e+01 7.616901348042013353e+01 6.725960428848573258e+01 5.360340472412286061e+01 3.382401187278197341e+01 5.360340472412286061e+01 5.888961048339649551e+01 5.888961048329301207e+01
4.469920835086939326e-03 2.000446992083473319e+01 3.157078601172198162e+01 3.852470078508657281e+01 4.698023507630576745e+01 5.822045221656785685e+01 4.919802003300883797e+01 6.601505761522886928e+01 6.259296521218603004e+01 4.589335814995559559e+01 6.259296521218642795e+01 5.408452642348448336e+01 4.664333407410150301e+01 3.541643778293645539e+01 2.147756630873381312e+01 6.775564174970869935e+00 1.297700428345197032e+01 3.663046873350395316e+01 2.816118448830409804e+01 1.851815931290204986e+01 3.950987296802913562e+01 5.615961397739889094e+01 6.299677455601317888e+01 7.134047430187926864e+01 6.922860361414305430e+01 6.314962789484659567e+01 5.941234019782947229e+01 7.927128374760498275e+01 9.107464986625078041e+01 7.942733842570156355e+01 5.948143326037804002e+01 4.800852002634907478e+01 3.914604372491713491e+01 4.075814459902255749e+01 4.995128425043821352e+01 6.985347731119115622e+01 7.880431660810498329e+01
2.324776005098761877e-03 7.561614236189676319e+00 1.650588614618899186e+01 2.805289152998171076e+01 4.805289152998241775e+01 5.775663460545617767e+01 3.753592539497007863e+01 5.775663460545617767e+01 5.433900529944806834e+01 3.437882564583797773e+01 5.433900529944806834e+01 4.664334408946423594e+01 3.124498506056574954e+01 3.574925014606443341e+01 2.638916135985471811e+01 6.443938721927471747e+00 2.643903572281943326e+01 2.927847835436756796e+01 1.146046753591372003e+01 1.297345426913477695e+01 2.738193862846264892e+01 4.427410342320774106e+01 4.274005195754455144e+01 5.966287828093644663e+01 6.397566304355827072e+01 7.230955324656738981e+01 7.977865116855426209e+01 8.824323955743382442e+01 9.777934760266821002e+01 7.956256942714990998e+01 5.962343494170514191e+01 4.557139775989052310e+01 5.900963104469848730e+01 4.824898841449001452e+01 6.815094226712807313e+01 7.810093451798368847e+01 8.340407594930066182e+01
8.699724428260374037e-03 2.000869972442790612e+01 3.584588548366451732e+01 4.479015739368658444e+01 5.633716277751940993e+01 5.011720446760214287e+01 2.997321608319531450e+01 4.105478788878703966e+01 4.728143147021228287e+01 2.734055387709432239e+01 4.728151816090376514e+01 4.606461742467961784e+01 3.020749299781169839e+01 2.148027028404304417e+01 2.345571067623280825e+01 6.111746703012033599e+00 7.723005300830104503e+00 9.299059689952299479e+00 2.927852795212416481e+01 3.335986564331383164e+01 1.529614535236459183e+01 3.587383217870575436e+01 3.096421096850311727e+01 4.744073108452623444e+01 4.372458993522565862e+01 5.872094311280871892e+01 6.547565530466931705e+01 7.380398007812298999e+01 8.387923185456271824e+01 6.958079069056137200e+01 5.549896314515515172e+01 5.258769738923665216e+01 7.250546731006805601e+01 5.818154147655432240e+01 7.640354238441976520e+01 8.906186191412972164e+01 6.939430072957139828e+01
2.249585233037712084e-03 1.004172601644994067e+01 2.444528067826252382e+01 4.497879606267617447e+01 5.470526508389711040e+01 5.678237219043730732e+01 4.105478788878675545e+01 2.104110532885995255e+01 3.344558348803956704e+01 2.132458271639019287e+01 4.126872270883546179e+01 4.625404324580401294e+01 2.699454926859948500e+01 1.605608163279544343e+01 1.970750081043391688e+01 5.785407526803470368e+00 2.377728187910668112e+01 2.927851391075559917e+01 2.927853575499351635e+01 4.427390377378714703e+01 3.587383253842993724e+01 1.783875330876316312e+01 2.246401687374225276e+01 2.712431691200642092e+01 3.257410546335404433e+01 3.842921883842801378e+01 4.521151872908742320e+01 5.538211644155140334e+01 7.556919416778725918e+01 8.368006914671893526e+01 6.544688485515264631e+01 6.147530813894091040e+01 8.075949229588174205e+01 7.227267337817208670e+01 8.636948661408455052e+01 9.493312187838340321e+01 7.515479603112720497e+01
2.739267172789772273e-04 1.993429636627823243e+01 3.722937952477715839e+01 3.722386180346337170e+01 3.703910618938461141e+01 5.276084267672984396e+01 4.902857491631193199e+01 3.344558352732467199e+01 1.345375294264955635e+01 2.827035877572331302e+01 3.247329277628546151e+01 3.274724143641147833e+01 3.223264777481382737e+01 1.610934691427447518e+01 1.005435215641620239e+01 5.458148414709598661e+00 1.589809601165984709e+01 4.060942679299387237e+01 4.962511625246746405e+01 5.482135072271938725e+01 3.452770009444886767e+01 1.994186132365581798e+01 4.047159103791054946e+01 4.744073109048727588e+01 5.286322687674100962e+01 5.872094311280871892e+01 6.547565530466931705e+01 7.380398007812298999e+01 8.387923185459692377e+01 9.365212876276598308e+01 7.956092222397859359e+01 7.298616791993049446e+01 8.967795106377154468e+01 9.223786653957763804e+01 8.470779575662812988e+01 7.643448146846435520e+01 7.791679153351417142e+01
8.327778614586212741e-03 1.865364193101627066e+01 2.526495252945741399e+01 1.778963541388543490e+01 3.044785776178569492e+01 3.882601443769847549e+01 3.226002956198477278e+01 3.946124985709862187e+01 2.826069683733912541e+01 8.134675096455211474e+00 1.406595410462940166e+01 1.432251192967899556e+01 2.210135819473360996e+01 2.456246936320490093e+01 4.994562618833527701e+00 1.836345158991700899e+01 3.545643888521083653e+01 3.670622866348328728e+01 5.939975991466038607e+01 5.687238765969838994e+01 3.659690881991420497e+01 2.211260591428954569e+01 3.659688261281957011e+01 5.686922936322326905e+01 6.574257870491987887e+01 7.358036106305402768e+01 7.015406971238222411e+01 7.114275582505084117e+01 7.952538340613104140e+01 9.114574335991309795e+01 9.952777410349844445e+01 9.296224975500459209e+01 1.011935780124597528e+02 9.047512389251276943e+01 7.061865694871517007e+01 5.660787909811403296e+01 5.808703627207837172e+01
6.510866554257996840e-03 1.877101471179656400e+01 7.120468859352859781e+00 1.557530666905365457e+01 2.651473225327407590e+01 2.282779388834207523e+01 1.217406394883728993e+01 2.220369277860703505e+01 2.275276302925303540e+01 4.739666287605872164e+00 3.567660701181393001e+00 3.885185074229042357e+00 4.205984149414712547e+00 4.531569417058053162e+00 1.431756126486821756e+01 2.872706756127075778e+01 4.512637552922239337e+01 5.672308546879315827e+01 6.741889038354023000e+01 5.634546120157233418e+01 3.607427106763490343e+01 2.431655309089923378e+01 4.464218379515945401e+01 5.054841875443025856e+01 4.508173075987882328e+01 5.643733838867632358e+01 5.228383034644511440e+01 5.101058315970423251e+01 6.268179084564321357e+01 8.279319534319814977e+01 9.670916003208165534e+01 1.056987518000464092e+02 9.418443158359258405e+01 8.529277294107789942e+01 7.702247617594289864e+01 6.389503711888332305e+01 4.406256466880243750e+01
8.953482861371391335e-03 3.257758487752812626e-01 8.271686569303067671e+00 1.536598291963826490e+01 1.541236019416279523e+00 1.859036057905751882e+00 2.176402219162318019e+00 2.492846334925982621e+00 2.807869917873903720e+00 3.121307791772085949e+00 2.308545096937221430e+01 2.429115615654989924e+01 2.153119905383898569e+01 4.831682062861483828e+00 8.983073615243382548e+00 2.909007255265247949e+01 2.844464363876977941e+01 4.272156700386764783e+01 6.317751263422680097e+01 6.468852564084495782e+01 5.301005812945773243e+01 4.464218379515945401e+01 2.746737584269880728e+01 3.027836788406511559e+01 3.312190505543502184e+01 3.612253784784800104e+01 3.924748958747859717e+01 5.961160691867021200e+01 7.193883513271312324e+01 6.824486846015867059e+01 8.837510195242725786e+01 9.734898257115574438e+01 7.749454253472181620e+01 6.606653809652520692e+01 5.719607933830978652e+01 5.018901313594417957e+01 6.389503711888332305e+01
