LEM/sinusoidal_perturbations/elevation_000868.asc
nrows	100
cellsize	150.0
xllcorner	0
ncols	100
yllcorner	0
NODATA_value	-9999
[rows 0 to 16 of 100, columns 37 to 73 of 100]
1.047159582908239912e+02 9.831881230234569102e+01 8.993701095264400180e+01 9.254739587867707939e+01 1.009382055172479653e+02 1.063778119462988769e+02 1.011185456947820853e+02 1.070600082848397676e+02 1.032831951415760301e+02 9.483196081836355518e+01 1.032831951415690668e+02 1.071678864165085514e+02 1.071678864165085514e+02 1.156299220188206789e+02 1.324180896637347757e+02 1.295464965255216043e+02 1.210569056737625147e+02 1.240294766885704547e+02 1.325248294055155043e+02 1.354003089535345623e+02 1.345296323780652017e+02 1.345296323780646617e+02 1.430202710323893314e+02 1.491777294923689965e+02 1.374893464103402039e+02 1.284112171048609810e+02 1.200294329781624185e+02 1.284112171048609810e+02 1.282541810915744804e+02 1.248274665353577006e+02 1.332012105165561593e+02 1.382344934224228723e+02 1.265245297011180554e+02 1.181432329993335770e+02 1.181432329993335770e+02 1.265245297011180554e+02 1.241155777033775394e+02
9.311793673719282083e+01 8.674303099455245558e+01 6.996405472420522642e+01 7.254790392992322268e+01 9.254739582064100034e+01 8.623715835530599350e+01 8.103345411930000353e+01 8.691624124100593463e+01 9.318787402687506471e+01 7.472931506783120881e+01 9.318787402671634368e+01 8.697112952992414137e+01 8.697112952992414137e+01 1.071678864165085514e+02 1.120086749677419391e+02 1.120086749677419391e+02 1.007168078042170691e+02 1.036692721772416945e+02 1.149723168106209670e+02 1.149723168106208675e+02 1.141584211579234989e+02 1.141584211579234989e+02 1.345296323780646617e+02 1.408519582635585436e+02 1.205471550232190907e+02 1.087817809115033043e+02 9.973245026773463451e+01 1.104613435700494080e+02 1.079470416584037764e+02 1.045102261448646885e+02 1.214881651950877597e+02 1.298803631435431214e+02 1.095510573987237990e+02 9.784168789820246559e+01 9.784168789820246559e+01 1.075377604497152362e+02 1.038119810430876981e+02
7.586912292595880558e+01 7.840561912491658347e+01 5.851521053685095097e+01 7.840561929764228921e+01 9.213621921457863095e+01 7.214587124275514896e+01 6.698095172785623674e+01 8.630805163655395518e+01 8.471107651884526035e+01 6.482179137755146314e+01 8.345005564118433483e+01 7.286864106510509487e+01 8.697112952992414137e+01 1.071678864165085514e+02 1.120086749677419391e+02 9.175347439193627963e+01 8.908277792880677737e+01 9.201399570525404670e+01 9.468939128545690664e+01 1.149723068933423775e+02 9.971693536172551831e+01 1.124114833114641243e+02 1.328139423476399656e+02 1.392257418406237264e+02 1.290711819459519347e+02 1.206868214599927143e+02 1.104613435700494080e+02 9.029423608781618782e+01 9.368753290477395979e+01 9.289105950415122948e+01 1.124449967902045415e+02 1.284942630911741048e+02 1.207793849194093951e+02 1.004751609589386874e+02 8.625036056108103821e+01 8.735132341541438450e+01 9.479610754904160785e+01
5.601106587015475213e+01 6.836348156323089142e+01 5.250406994746136746e+01 7.240843431830016641e+01 7.864806403320153549e+01 7.800090874049760714e+01 5.811712087122137405e+01 6.988251689190570914e+01 7.124836405509199722e+01 5.782079471106369084e+01 6.353888408506551144e+01 8.345005564118433483e+01 9.357438662659590989e+01 1.019786402460977115e+02 1.008090996388924054e+02 9.919816131112192181e+01 7.912549516286735241e+01 8.202359593137221339e+01 1.004755160410713444e+02 1.046899755397996188e+02 9.198229400118754029e+01 1.064391223000184681e+02 1.268300382646842905e+02 1.308693337253110087e+02 1.105043091946744198e+02 1.003578048977843338e+02 9.367417905215242513e+01 8.768696272725316021e+01 8.221085641226652285e+01 8.400922604721503717e+01 1.040601043729534609e+02 1.082119494135218360e+02 1.225075607470461279e+02 1.148148085694323441e+02 9.851011136327207396e+01 7.853002595273071051e+01 9.258466138698231873e+01
6.836348285587462215e+01 4.845072849961338335e+01 4.693187183787262029e+01 6.304948765503717567e+01 5.871901777776889730e+01 6.607852695405067323e+01 6.761804238952491630e+01 4.996764031268281769e+01 5.166656581451859864e+01 7.155776868938984592e+01 8.248401900065890402e+01 8.248259513000911625e+01 7.360498482454237035e+01 8.430566607874395402e+01 8.073390024609864213e+01 8.927097914242973786e+01 7.319798782251039881e+01 7.671987885068291746e+01 8.037031600597153158e+01 8.433447681840641508e+01 1.046899755397996188e+02 1.124114833114641243e+02 1.328139423476399656e+02 1.392257418406237264e+02 1.290711819459519347e+02 1.206868214599927143e+02 1.139104826059232209e+02 1.078090075121419744e+02 9.697082196853358482e+01 7.705557801086398229e+01 9.697111525944738730e+01 9.395822882657860475e+01 1.141520850722388474e+02 1.087692627247517407e+02 8.860941017791668628e+01 7.466752677204591748e+01 9.451409428116383538e+01
6.754662928471624639e+01 5.822599267329983519e+01 4.154461773867957675e+01 4.304733986117030042e+01 4.456891395131729894e+01 4.611196259638993666e+01 4.767020284533862196e+01 6.762033492625860731e+01 7.155776868938984592e+01 5.430043765943838707e+01 7.416628182509002443e+01 6.003707096576163593e+01 6.222051604339002751e+01 6.446881522773763606e+01 6.675855716250588046e+01 6.938639648585041186e+01 8.927097914242973786e+01 9.674213037337005971e+01 9.435150916954029299e+01 9.698433602531522979e+01 9.600381485548655291e+01 1.076918957230939640e+02 1.280138065119640203e+02 1.367205780465386056e+02 1.283931759008988536e+02 1.283931759008988536e+02 1.197644307553005234e+02 9.948085739026031149e+01 8.534206432650667296e+01 7.400389011242751280e+01 8.138183385428750682e+01 1.013804004808739307e+02 1.119983468051998301e+02 1.023991124520960199e+02 8.235853422142864133e+01 7.107770379830394347e+01 8.019058824268991259e+01
5.778211054004084701e+01 3.959825704709590610e+01 5.960463430006369379e+01 6.304950054575943597e+01 6.455609069496014740e+01 6.607852556748993322e+01 5.362842429205907280e+01 7.269932733678250258e+01 8.248367311573240102e+01 7.416623882282269165e+01 5.697703110044584918e+01 7.233818548258194880e+01 8.120180820522298859e+01 8.430566607874393981e+01 8.661378942208808951e+01 7.418978279801970643e+01 9.416292966826785005e+01 1.121015164107735416e+02 1.138931575703095547e+02 1.150054943281643460e+02 1.162352538903311654e+02 1.247520471077900908e+02 1.365218105501576247e+02 1.283931759008988536e+02 1.080967185644666131e+02 1.080967185644666131e+02 1.200926967409228610e+02 1.026259429828769356e+02 8.259234110496096548e+01 7.134457788862847849e+01 8.732289322034908707e+01 8.365712540481277415e+01 1.036390328285022804e+02 1.107795845798120808e+02 9.917673935711638933e+01 8.603836404791933035e+01 6.631219180704964344e+01
3.779556180854194025e+01 5.778211051184109692e+01 4.517231513537647913e+01 6.514342045651689261e+01 7.932516426895320194e+01 8.106178290992065172e+01 7.269933455357376317e+01 6.357906195226859580e+01 8.317242687169890303e+01 8.515848029511461448e+01 6.686997608498235479e+01 6.323487390805691177e+01 8.311917984167180862e+01 9.878801191963539452e+01 1.025737998033376215e+02 8.824871630216131280e+01 8.351844293026537969e+01 9.352143523202290964e+01 1.078195737512272956e+02 1.282040697268403449e+02 1.272648378553096506e+02 1.356618505371823176e+02 1.385262892677724835e+02 1.182600625340254368e+02 1.038869236532126195e+02 9.382465645033944668e+01 9.985659240225164979e+01 1.110595921789555689e+02 9.938264886557830380e+01 8.732325888699364214e+01 6.776998845176424879e+01 8.381157528363274878e+01 9.209664704130138091e+01 1.031458554057255270e+02 9.477492788559972325e+01 8.561492001039704292e+01 7.418714405327934003e+01
5.599803062323914560e+01 6.607568610374528362e+01 6.514342045651687840e+01 5.110014379461262024e+01 6.517471831302920293e+01 8.511830814154951952e+01 9.168480080565971946e+01 7.718093326012750310e+01 8.317242702788801978e+01 8.679275314093881377e+01 8.679274769663489053e+01 7.466369595526333569e+01 7.044970042927820941e+01 9.040629949266750032e+01 1.088614127708952992e+02 1.084411037873358765e+02 9.770926304595327849e+01 1.121015164107735416e+02 1.222633002343041255e+02 1.239128323274814534e+02 1.068827509447475137e+02 1.154972344908503032e+02 1.239128323274814534e+02 1.325385158849180698e+02 1.224086483055027230e+02 1.057879568680789646e+02 8.570934072182845398e+01 9.927445214685812402e+01 9.543398141623745801e+01 8.702391023630971745e+01 6.748264321328012727e+01 6.431290994596280086e+01 8.108121600988606303e+01 8.934564693030564797e+01 7.491065273249942891e+01 7.850378663047540329e+01 6.016287994823242258e+01
5.598579769953859397e+01 7.591020948059444606e+01 7.557860713212267001e+01 5.568993557666971128e+01 7.557860713212255632e+01 9.203841630202266799e+01 1.004121785714023076e+02 9.763717254098783371e+01 1.036957421783082793e+02 1.069282325672470932e+02 1.030664709318736101e+02 9.466958561330719135e+01 8.036953313052518411e+01 8.036953313052518411e+01 9.451910787314487550e+01 1.147447655570741318e+02 1.180118217390338771e+02 1.174893420496328815e+02 1.258997845530841886e+02 1.154972344908503032e+02 9.518609331987478583e+01 9.518609331987478583e+01 1.121851902370245426e+02 1.229099257487052768e+02 1.223221885708467624e+02 1.020719730904816345e+02 9.927445214685812402e+01 7.931689659257801850e+01 7.557352954337180506e+01 7.208029045743342067e+01 8.702391023630971745e+01 8.108121600988609146e+01 6.152054743226840117e+01 7.843158474248335210e+01 7.708446604146217851e+01 5.864809762699479734e+01 7.854749961148851867e+01
5.830081249510596564e+01 7.815495884046232788e+01 8.390000870054522863e+01 6.456705127658555909e+01 6.456705095051820820e+01 7.205576331593536565e+01 8.614423046145790863e+01 1.062682396974620218e+02 1.028172061467044642e+02 1.013039122192158175e+02 1.096848318820780577e+02 1.088614127709038115e+02 9.451910787314486129e+01 9.190481312394973656e+01 1.088614127709446109e+02 1.194528445810533270e+02 1.110432151507796021e+02 9.717556651286567160e+01 1.141731716432537382e+02 1.196360230775336504e+02 1.037705853989068316e+02 8.361546127422610653e+01 9.423311822846143571e+01 1.145007885666383487e+02 1.230565099703198797e+02 1.223221885708467624e+02 1.076355531007351800e+02 8.920706596520892617e+01 9.543398141623745801e+01 8.334806853256748127e+01 9.726406248547139910e+01 7.744419986673202061e+01 7.843158474028989247e+01 5.877770004537566706e+01 5.716776733565320257e+01 7.708446607449850774e+01 8.680954451027896823e+01
7.815501532526916151e+01 8.640645494582520314e+01 8.448714283411381132e+01 7.861378890231603123e+01 7.861326543629220964e+01 9.203841630202272484e+01 1.004121785714023076e+02 9.682707174202192846e+01 8.245768750253078849e+01 8.093400617052529356e+01 9.536652289937558180e+01 1.156380380402633392e+02 1.147447655570741034e+02 1.121065359890968978e+02 1.205597360819026136e+02 1.110432151507796021e+02 9.081280654584097078e+01 8.558508719489090311e+01 1.051328255627463051e+02 1.053200396009741127e+02 9.100297418285475715e+01 7.790615096356869174e+01 9.201980856001360110e+01 1.122746182929939494e+02 1.027250499527058025e+02 1.170903221552277813e+02 1.177144273889705488e+02 1.034050138077879240e+02 1.117309444831443699e+02 1.033651579886630287e+02 1.056029020758048489e+02 9.238832849973660188e+01 7.265051883565722335e+01 7.605321581733132064e+01 5.613946056930853956e+01 7.478357041176766984e+01 8.300676418579676863e+01
9.027721467844963854e+01 1.011754190993261204e+02 1.045931797944654846e+02 9.866667376131472622e+01 9.864609948348174839e+01 9.838263295419760368e+01 8.755162506845022108e+01 7.922522032617227694e+01 6.785879392292031298e+01 8.842085245171533359e+01 1.011738726768721790e+02 9.788934937749367293e+01 1.062448345921469155e+02 1.163512213841479621e+02 1.279556724305906954e+02 1.076241483593819197e+02 9.673815604005281443e+01 7.670326358889067819e+01 8.855894544723855688e+01 9.526879134443890962e+01 7.689017864127698942e+01 7.324695589160252496e+01 9.322743747483514198e+01 1.027681413998028290e+02 8.847041772064171994e+01 9.857520722054178464e+01 1.188442582605430573e+02 1.236746006038570300e+02 1.197939239072637889e+02 1.114762972846277620e+02 1.129858126268402998e+02 1.007111001164925881e+02 9.238833112393311353e+01 8.426484221820524567e+01 7.460387634499082310e+01 5.488269454367751621e+01 6.771048026860505331e+01
7.139439310582261555e+01 9.056751232854625755e+01 9.312308720454484501e+01 8.472575952968273327e+01 9.312308720454484501e+01 9.009145220940658305e+01 6.971316378324999619e+01 5.856768626563715685e+01 7.563501234123526729e+01 8.079427311735032902e+01 8.079427311735032902e+01 7.751304766390796885e+01 8.776605047718909702e+01 1.080126482994521524e+02 1.238174401421798478e+02 1.076241483593819197e+02 8.742449880748608848e+01 7.747712862691054170e+01 6.858889560669355490e+01 8.207980571686780991e+01 6.694193792483643790e+01 8.690901967403560491e+01 9.690711952802392659e+01 8.264654748167143339e+01 7.850484456347858497e+01 9.857520722054178464e+01 1.152777754507836505e+02 1.257746318322222123e+02 1.055537331956663394e+02 9.132977241871220997e+01 9.283143591304227016e+01 1.034849483302303810e+02 1.015666407634496409e+02 9.309583970351644666e+01 8.301046950151082626e+01 7.352117104022447336e+01 5.363749335168647292e+01
6.100915158878864020e+01 8.177963462285654828e+01 8.289627709577294468e+01 6.419730009326576692e+01 8.289627709577294468e+01 8.794067727260177492e+01 6.747251351478635684e+01 5.292708686900044057e+01 5.504794739362713329e+01 6.015723001744740372e+01 6.642312633146850942e+01 8.104043117808740249e+01 1.013800171012118483e+02 1.163512204253911193e+02 1.035069441459132804e+02 1.028862233757228068e+02 9.449937396260905587e+01 8.816915580943663144e+01 8.207980130783069228e+01 6.202183054461497846e+01 6.302574175711323079e+01 8.306635299975849307e+01 8.237120845890964915e+01 6.855077279213891472e+01 7.519207476788105282e+01 8.668258009879929205e+01 1.068681397557700876e+02 1.211226697807910142e+02 1.110382393829085999e+02 9.873451618192542867e+01 7.882298992806875049e+01 8.349247192305989529e+01 8.533596311822461189e+01 7.322635446468436271e+01 8.979361108682435599e+01 7.263989249498627032e+01 5.276349152397430231e+01
8.011705366862591404e+01 9.056751232854625755e+01 7.446152981147423588e+01 5.396346579234591445e+01 7.446152981147423588e+01 8.330457322955439281e+01 6.275497342946903956e+01 4.837846302071890392e+01 6.877265735735056751e+01 8.079427311735032902e+01 8.699775796844409115e+01 8.795010035499301182e+01 9.633614550923665831e+01 1.064963016263384787e+02 1.035069441707171336e+02 8.336540006435539851e+01 7.448146744092041160e+01 6.816516273878778520e+01 6.253952178774935788e+01 5.761945544780954265e+01 7.780343065056456453e+01 7.680719256661716088e+01 6.230986386175273140e+01 8.237120845890964915e+01 9.521400145407473303e+01 8.929448957654692265e+01 1.095049673114308604e+02 1.127998778005424185e+02 9.259959330580552717e+01 8.267751619962304233e+01 7.578485831936998807e+01 6.969259627995488415e+01 6.576881487230923540e+01 6.203718323700118731e+01 7.668078923305952799e+01 7.484145488905660670e+01 6.376740295460304964e+01
7.818746010576515459e+01 8.664193264940891481e+01 6.762884180509809084e+01 4.730081099637777697e+01 6.762884180509809084e+01 7.949534457761031092e+01 6.558754929757785135e+01 4.532654914728031770e+01 6.558754929757785135e+01 7.164747618862665490e+01 7.696975012902544222e+01 6.740774608969033466e+01 7.775904206729271095e+01 9.814115864454018379e+01 1.119140356492300441e+02 1.028862233757228068e+02 9.449937396260905587e+01 8.816915580943663144e+01 7.503094824653904027e+01 5.477932544238630896e+01 7.159406663646873881e+01 5.661684265747768308e+01 7.680719256661716088e+01 8.237120845890964915e+01 1.024852260715787082e+02 1.095049673114308604e+02 1.179131820891646356e+02 1.211226697807910142e+02 1.110382393829085999e+02 1.026997355531740652e+02 9.562081201352374649e+01 8.349247192306016530e+01 8.533596312119860272e+01 7.668559486618124765e+01 5.712437387157760327e+01 7.040857430665150218e+01 5.025835473812206544e+01
