LEM/sinusoidal_perturbations/elevation_000741.asc
nrows	100
cellsize	150.0
xllcorner	0
ncols	100
yllcorner	0
NODATA_value	-9999
[rows 34 to 50 of 100, columns 0 to 36 of 100]
2.064481644892168701e-03 1.413855049432075894e+01 3.402828367964129086e+01 4.759883821641645341e+01 3.588883795096531060e+01 4.744680844635127670e+01 2.862886199953118194e+01 1.211010955693707203e+01 4.011227333254484329e+00 1.624094731857792695e+01 3.445067791277373459e+01 3.948204393149174507e+01 2.899682073791055714e+01 3.874646710792020343e+01 4.925912703182531516e+01 6.648434889339625897e+01 6.270645999315323138e+01 7.098901306123303812e+01 8.821740278964456650e+01 7.986821284870660520e+01 8.090699349304695431e+01 6.473243585664503996e+01 8.090699349304695431e+01 9.696749416448840009e+01 8.586960066514548373e+01 7.770618069516442006e+01 9.061857757084835896e+01 9.948014630206786535e+01 1.090293710553581690e+02 8.837928835689649532e+01 8.874773759118221506e+01 8.856811069944296833e+01 7.818010967437456316e+01 9.797235314487957680e+01 8.062202130808479694e+01 6.102952850552262731e+01 5.097991682679770520e+01
2.905961989428186391e-03 2.000243712651301209e+01 3.016480073518366467e+01 2.850878798540875891e+01 2.519085848858195931e+01 4.100534174488349493e+01 3.733335663983861252e+01 2.226327058512910639e+01 3.687811232561408747e+00 2.234238574368619723e+01 3.205677288017028559e+01 1.997902569136505591e+01 3.948486708532419698e+01 4.214145910611979673e+01 6.000911283113916994e+01 7.434589346959050715e+01 7.053277857959034236e+01 6.220214420168622382e+01 6.967378996222966236e+01 7.187465226898198978e+01 8.020259746496191156e+01 8.459145903561096702e+01 9.262799870838342997e+01 8.632509022903740004e+01 9.321241983201561254e+01 9.380116592004466725e+01 9.845597989272430084e+01 9.216526623979362398e+01 1.014440441711303578e+02 1.090293710553581690e+02 1.110740517524155848e+02 9.585348268049125409e+01 9.207330820032143492e+01 1.060012392314955747e+02 8.873577141328331663e+01 7.709858894052150902e+01 6.974777337670957422e+01
3.542675937824442140e-03 9.705463265635330572e+00 1.505500480947462982e+01 1.535241136346783186e+01 2.869922355260840519e+01 3.815467605288203856e+01 3.946217577408781807e+01 2.203805406008910950e+01 3.380561909521941466e+00 2.265564187821605202e+01 1.125564837994387801e+01 3.237788973918060265e+01 4.705280984472121730e+01 6.000911283176288435e+01 6.766314168685626385e+01 6.434890591950802730e+01 5.602141870667882984e+01 4.216964487309218157e+01 4.961076515520271357e+01 5.180406860806154157e+01 7.134527313832330719e+01 8.129635595694689698e+01 8.120233393543605871e+01 6.233872137410497061e+01 8.127200702966054280e+01 9.574173647221138594e+01 8.936963003711296949e+01 6.998414556119539043e+01 8.947278310741339169e+01 1.023375592842989334e+02 1.135205918155250941e+02 1.123413619323676613e+02 1.103285179020068938e+02 1.053778408273233396e+02 9.482449676975689101e+01 8.588737907710388697e+01 7.841527560084121262e+01
3.411803931810562015e-03 1.133787452232697568e+01 8.796716058839759711e+00 9.019063772771380272e+00 2.384350478583376898e+01 2.132625706985250602e+01 2.474123611944142453e+01 2.304802397510610845e+01 3.081597837972201770e+00 4.505278810294542247e+00 2.561629888840746716e+01 3.187912948167158689e+01 4.968972824640097485e+01 5.935754837955443719e+01 6.724904536201341898e+01 5.277360485416511438e+01 3.599532469032334348e+01 3.061853431399575243e+01 3.548447614510821779e+01 4.302792324690609860e+01 5.301406306757046849e+01 7.304109560697753523e+01 7.193663801554562554e+01 5.021195850092325230e+01 6.213978374805873273e+01 8.536224333094523331e+01 8.043305267191023233e+01 5.931655992587336357e+01 7.055518888971279523e+01 9.214337444079892236e+01 8.579683854751694128e+01 1.033147245270268400e+02 1.139066294134536008e+02 9.002578543367681618e+01 7.381587474754903155e+01 6.411261676997496295e+01 5.705632596026640613e+01
3.327314952832964925e-03 2.909364068569585404e-01 5.785819652080662623e-01 8.718750807914032563e+00 1.276107697999897006e+01 1.588440827390429577e+00 1.802891053655004328e+01 1.824004759751956684e+01 2.785024771892996132e+00 2.116979265796164000e+01 3.068600032830654101e+01 3.733668737289987405e+01 4.596149951296266067e+01 4.086653049771869917e+01 5.647842882864386382e+01 4.445934793551924713e+01 2.437488945022181852e+01 4.445934793551924713e+01 5.548708907006695767e+01 5.180406860169910743e+01 7.134527313832330719e+01 8.129401513721312256e+01 6.356753209236048008e+01 4.247499009228666722e+01 6.035716376196912591e+01 7.716693480451677090e+01 7.279240980904911851e+01 5.192567383993826269e+01 6.896727852131903092e+01 8.316880033127272043e+01 6.711375455165286041e+01 8.879288638080571161e+01 1.019631742177044060e+02 1.059059115448430930e+02 9.527159699102692514e+01 7.468205604320593238e+01 7.852045828546916084e+01
6.779948344387334673e-03 2.000677994834403250e+01 1.744262816287881890e+01 9.860184540486012228e-01 1.274219407958673056e+00 1.562649107471435705e+00 7.806928440113633627e+00 2.378632953135238814e+00 7.213250000673016693e+00 4.352507194903360244e+00 2.409766521374840664e+01 1.808875167439577680e+01 3.441148703051641178e+01 3.035906053008308803e+01 3.866553998012849291e+01 3.570042939815866134e+01 2.050042764598256895e+01 3.219164819648826636e+01 5.223753672553829830e+01 7.187465086653037361e+01 8.020254214754544364e+01 7.299594128028277851e+01 5.740052255118340696e+01 3.687818054143270530e+01 4.834621362851746085e+01 6.869517609327945706e+01 6.689660814377174347e+01 4.643154256789103584e+01 6.594011122074603293e+01 7.039149919625694451e+01 5.668941272323949221e+01 7.802623957762730811e+01 8.184270405381474234e+01 1.019966058875959050e+02 1.068628225849787867e+02 9.693220303259339232e+01 9.738911807527037467e+01
9.516927588586143695e-04 1.971138812188120326e+01 3.307301788846752544e+01 3.164185085161511779e+01 2.851443382415712691e+01 2.492712916293281111e+01 1.970649113316591539e+00 3.506993282145135282e+00 2.583295344795373083e+01 7.598740418590835155e+00 5.910771943224149894e+00 6.984440103177901094e+00 2.487318998393257630e+01 2.972215413718998178e+01 1.828706703214740514e+01 1.544265099661460461e+01 3.570042939815445493e+01 4.898038819770301444e+01 6.056290548842240185e+01 6.249037880705445502e+01 6.841309954089300049e+01 6.415312731610866592e+01 4.351817575056161047e+01 3.173655842320822629e+01 5.208072076766950431e+01 6.576225765973508430e+01 5.727136273764077146e+01 4.132816169328530265e+01 4.537284814753851947e+01 4.970285556073993405e+01 6.795508550705143591e+01 6.616949207198391036e+01 7.722105804718884769e+01 9.719311984049211617e+01 1.144103608250655100e+02 1.063914317671826666e+02 9.822384572984734064e+01
1.945935296826602993e-03 1.154895131908944350e+01 2.569108694283638883e+01 4.569108704444202829e+01 4.822982389939404158e+01 2.408659490602788011e+01 1.793674005622410306e+01 3.711589544843446475e+01 3.406185461466498765e+01 1.360676549824500370e+01 2.567749272571084163e+01 2.492027681335684974e+01 8.487906872575436523e+00 9.580022509021363319e+00 1.070207931963637371e+01 3.095428179132683155e+01 4.122367563000566548e+01 4.788050243666966566e+01 5.612741735741292359e+01 4.233793613340093032e+01 4.824044993504098500e+01 5.328386682529701801e+01 4.463553081076629070e+01 2.757139895745816816e+01 4.783025112512897437e+01 5.299241692316682872e+01 3.690797282710169469e+01 5.726981918745617861e+01 6.594348303256967370e+01 7.044053670480455764e+01 7.841342376555178362e+01 8.543998941828691329e+01 9.393624585561039453e+01 1.059341970671218860e+02 1.062532598519652396e+02 8.678538858782735588e+01 9.256652893534271698e+01
5.600688922766023682e-03 2.000560068892241006e+01 3.374594967822728364e+01 4.203022168400066505e+01 5.097449368512683776e+01 4.822982185542718270e+01 3.628322527161838451e+01 4.430548152565028630e+01 2.409445235622725434e+01 3.419996694093878631e+01 3.705388814897667515e+01 1.692292247003093664e+01 2.851949637838650986e+01 2.972663386619477066e+01 2.083735107146365095e+01 1.252780255425185629e+01 3.287387194838660776e+01 2.770645381924914119e+01 3.771182079926251873e+01 2.806127483741897422e+01 4.073842038749270245e+01 4.255990214518889303e+01 2.491677512755068236e+01 4.516581287879303375e+01 3.056104054582523943e+01 3.269533092879747471e+01 5.299241710615288525e+01 6.165458480357234805e+01 6.592901311405199749e+01 7.052799516672048696e+01 7.644998171651067764e+01 8.360811478698541066e+01 9.231175582464059914e+01 1.027497652118471620e+02 1.039582894913855995e+02 8.422298653036614269e+01 7.247081733048700869e+01
8.215197286175309616e-03 6.674881863952871086e+00 1.374594967581840876e+01 2.269022158581772430e+01 3.423722696961064571e+01 5.423722698634797723e+01 5.867901777597742807e+01 5.261447031744327774e+01 3.427656155907664015e+01 5.261447031744327774e+01 4.375483899829916368e+01 2.368216916222900537e+01 4.375641039964764900e+01 3.725046942142585493e+01 4.053029190387358227e+01 2.635415550687256214e+01 1.444399210998105865e+01 1.585930445902983266e+01 1.736644358698493917e+01 1.889208019099099189e+01 2.044565150150664579e+01 2.229545414653707169e+01 4.255855061634004954e+01 5.355433085792385839e+01 5.083901804443186734e+01 5.299217849706084849e+01 3.723566929356832134e+01 4.129237310242622527e+01 4.552118408590627752e+01 5.005865990786026032e+01 5.593299927432978791e+01 6.316633740742996395e+01 7.345871934477762011e+01 9.415780939527702742e+01 1.120836859956850304e+02 9.256652893534275961e+01 8.286877640942583412e+01
2.613274238814250559e-03 7.561902734423325612e+00 1.650617464442232674e+01 2.805318002821463708e+01 4.805318002821392298e+01 6.252150156040716666e+01 7.837405275246217684e+01 6.264380564625060543e+01 5.433440149222394666e+01 6.264380564625060543e+01 5.215144761180814470e+01 3.374767100618493743e+01 5.214720101063862501e+01 5.127058810760822638e+01 5.284000796760351193e+01 4.041634752672882769e+01 2.098404775601338557e+01 2.101239390538825802e+01 3.772000055940841179e+01 3.921604848540999910e+01 4.073842038749270245e+01 2.449616400070712885e+01 3.458086768667696020e+01 4.586281616011410023e+01 6.348496150539948246e+01 6.602851230351282652e+01 5.245929516467447939e+01 4.588629401586860013e+01 6.592901311405326226e+01 7.053034763344084013e+01 6.311125392288510483e+01 7.646043519439801628e+01 9.239383303081959298e+01 1.027578595505996049e+02 1.204040843623712931e+02 1.109120866138756583e+02 1.027367997858120674e+02
7.532853315450405325e-03 2.000753285331509446e+01 3.584617398188623127e+01 4.479044589188322334e+01 5.633745127567553368e+01 6.240692586505987549e+01 5.887407310436697827e+01 6.350540883738093356e+01 5.532479315878376269e+01 6.350540883738093356e+01 6.225452978256868874e+01 5.377889009358278827e+01 6.223858653809118380e+01 7.099968560246772142e+01 5.565352068896174131e+01 3.540227311818382105e+01 3.120262861025651446e+01 4.129286228171964979e+01 2.872027373044811327e+01 4.890258375585046480e+01 4.773523039096306775e+01 2.747972701848993893e+01 4.773523039096306775e+01 6.066973518257206166e+01 7.312753498723481016e+01 8.403120585652285968e+01 6.624917257257855852e+01 6.026518665756032789e+01 5.761982092141293776e+01 7.804550313977738085e+01 7.543390786992189589e+01 9.292717542509934958e+01 1.057105159044021434e+02 1.140751246730308139e+02 1.222178760864443205e+02 1.159569518178984282e+02 1.076414220776099171e+02
6.101047412966256744e-03 2.000610104741260997e+01 3.723538496695565669e+01 4.878239021274802667e+01 5.690677062433098854e+01 4.325593102425304437e+01 4.537548150729738694e+01 5.362507723495247092e+01 3.555961093158531838e+01 5.362507723493162359e+01 7.166765434109144906e+01 6.963758292397255900e+01 7.755113854842167598e+01 8.001644172702019375e+01 6.403084848593483969e+01 5.565350570060772384e+01 4.291610500092608760e+01 4.301277571686425460e+01 4.890258375585046480e+01 3.945357634877895237e+01 5.610624432376507542e+01 4.773523046607981257e+01 3.192188260460248372e+01 5.224530673137444126e+01 6.557008958031624957e+01 7.737770419833552182e+01 8.671056995051523586e+01 8.069697718191649471e+01 6.938385243174941763e+01 8.659897826456212044e+01 9.754194612446480050e+01 1.060320125434964211e+02 1.108295067152970148e+02 9.428709917912165395e+01 1.108295755367797000e+02 1.058900439002882763e+02 8.748343640167320245e+01
6.842009524227352091e-03 8.951113919523306706e+00 2.049811930331561882e+01 4.049811930239908975e+01 4.622732939946193653e+01 2.991928083676203798e+01 3.898205393517775974e+01 3.552934721800012596e+01 2.561646922511160795e+01 4.544220204518452988e+01 5.198735921139421379e+01 5.084595403833235849e+01 6.118550570603227357e+01 6.118550569793834626e+01 7.844942507055392866e+01 7.150979715143417081e+01 6.314096837889579916e+01 5.461392473579473261e+01 6.796999584430177777e+01 4.942931832602622677e+01 6.796999584430177777e+01 6.067743691874846945e+01 5.223363449836564598e+01 3.666201044909033158e+01 4.845589089410725592e+01 6.887565956283684443e+01 7.745207087339781538e+01 8.620016352315337826e+01 8.989802804366549083e+01 9.848309875475439412e+01 1.098878917248832323e+02 9.133286640102785725e+01 9.210473006082062852e+01 8.291726104514727069e+01 1.026525954206670548e+02 9.756242923964164504e+01 7.745344579686285158e+01
1.934550753332892102e-03 2.000193455075297777e+01 2.326006814098282049e+01 3.079358074488122909e+01 2.370450919007925705e+01 3.629073116299682056e+01 1.956613992190474960e+01 1.566166930304069282e+01 3.552921806876292266e+01 3.225538517162952701e+01 4.534935160906539409e+01 3.978242601679189505e+01 4.231935408864234205e+01 5.184439867065024288e+01 6.500793246073425280e+01 8.384985466007985622e+01 8.306354929474375126e+01 7.474372659152962228e+01 7.802182810783871503e+01 6.913971365987018203e+01 7.802182811575595167e+01 6.482890544744957140e+01 4.713106300307426011e+01 5.707452065364419980e+01 4.268943900115532131e+01 4.951870705934614847e+01 5.678986487419336271e+01 6.869787734289040770e+01 8.955819861143015714e+01 1.017497569445134218e+02 9.376272946039651401e+01 9.210470981322619366e+01 7.242604395991472188e+01 9.210473006082062852e+01 1.040490101579571416e+02 9.045282996206320547e+01 7.041111143420874896e+01
4.364784840791047053e-03 1.619744219468880253e+00 3.237758469351764035e+00 2.245359024352288202e+01 7.934537119472308220e+00 2.797383596429707708e+01 1.293553831098575024e+01 3.282699964711817131e+01 1.853853045691483103e+01 2.079479232903270258e+01 2.592442123082152605e+01 3.254318586541886305e+01 4.932812043269542812e+01 5.742418499373914642e+01 7.122158209186200395e+01 7.564598276794380638e+01 8.379512828274123137e+01 8.366239299606090185e+01 8.810794199245827940e+01 8.830106820247381449e+01 9.540643343687864331e+01 7.663093375610765179e+01 5.762835289336082667e+01 6.976647225821864140e+01 4.887238811851307219e+01 6.324799186183943789e+01 7.745226114873426582e+01 8.619855129890707701e+01 9.833820640948155756e+01 9.376157547355811062e+01 7.396640961367283751e+01 7.977215718902968433e+01 6.699483641796004463e+01 8.669008741585234645e+01 9.571116258185608672e+01 7.562801966235035422e+01 6.415405480433661012e+01
5.219006137575642711e-03 1.903698563103632324e+01 2.313786257560519743e+01 5.562530949639162614e+00 2.471219512726074186e+01 1.034772342427390690e+01 3.026296881154064522e+01 4.103081699238159530e+01 3.630430492290327038e+01 2.556419543528033955e+01 2.445932625714456066e+01 2.709136228200984675e+01 2.976700632262688373e+01 4.362678531253548897e+01 6.130597122838726420e+01 5.619865457962751520e+01 7.564598276754574613e+01 6.445453233943484861e+01 6.893957856233699033e+01 7.012411750018222278e+01 8.831832304299547332e+01 8.738845950910837246e+01 7.251500708579290233e+01 7.839038490538558790e+01 5.696122623227463322e+01 7.187157827619280681e+01 9.253060942117171805e+01 1.029266864461165483e+02 9.479663248001997999e+01 8.695465785788042012e+01 7.976750003154027979e+01 6.008509902080412246e+01 7.977215718902968433e+01 9.489544442598756291e+01 8.336750153645418493e+01 7.506640303817026449e+01 6.014410875754364127e+01
