LEM/sinusoidal_perturbations/elevation_000205.asc
nrows	100
cellsize	150.0
xllcorner	0
ncols	100
yllcorner	0
NODATA_value	-9999
[rows 51 to 67 of 100, columns 37 to 73 of 100]
6.107302733035491826e+01 5.419663139975006061e+01 7.382185402531646901e+01 6.749437213160376814e+01 4.804494719102277855e+01 6.039244628463061559e+01 6.559936092767556204e+01 5.188203881394820627e+01 4.147215705146378895e+01 5.509236694103878307e+01 7.444311747131217771e+01 6.981003602668472752e+01 5.054384129940881110e+01 6.981004616324818812e+01 6.258957681976186649e+01 8.216843869788499433e+01 9.380763751668611405e+01 8.592260474765816980e+01 7.476710495247404253e+01 8.596080081600985068e+01 1.054913328664299712e+02 1.144435313764296609e+02 1.039949053630784164e+02 8.619073948411171671e+01 9.747245682739892914e+01 8.834150830840837898e+01 9.387705396976309657e+01 7.763106936596571472e+01 5.785519605146203759e+01 6.518095291590104523e+01 7.923515721755745744e+01 9.959474132682741754e+01 1.078306783671265663e+02 9.993893499265874425e+01 8.739359897350611561e+01 7.609499575053084186e+01 5.610564235220099505e+01
4.304714145342637721e+01 6.228725848897055073e+01 7.336272365330734146e+01 6.863384155911569451e+01 6.039244628463061559e+01 4.105159784734334494e+01 5.443516360083469863e+01 3.824800987570025512e+01 5.748857220060040163e+01 6.874732908478139848e+01 7.102937824870889472e+01 6.294252154625181817e+01 4.748165550016670267e+01 5.299763915926797608e+01 7.237298478674156854e+01 9.026588747640089139e+01 8.561828603928699977e+01 6.645414941224061067e+01 8.592260474765816980e+01 8.540638735405040904e+01 9.916287567683720283e+01 1.188016480774914498e+02 1.160356212516256136e+02 1.075176975323885529e+02 1.125067849801959454e+02 1.033650545329106905e+02 9.490471445429744790e+01 7.964034032007016606e+01 5.982754122644118411e+01 7.963555249938801239e+01 8.519647584104340865e+01 1.055796042011169362e+02 1.021561162796334798e+02 9.040238359608001417e+01 7.895766876406177914e+01 5.891881784166294267e+01 7.609499575053084186e+01
3.640458844374221314e+01 4.726274544919431975e+01 6.570366714700091393e+01 5.006797049635873975e+01 5.036029949401901007e+01 3.652219196093029296e+01 3.515208794605767650e+01 5.443516279084780507e+01 5.663421456171995061e+01 5.801714086678580173e+01 5.943257458140020333e+01 4.370456253861795659e+01 6.294257135535110592e+01 7.237298459454081012e+01 8.043731816531382606e+01 7.261094053179701291e+01 7.529906874959033303e+01 6.155010926918717473e+01 6.953999586233543084e+01 8.327825213574840291e+01 1.027669579093261945e+02 1.100013629725277013e+02 1.182077641599888551e+02 1.185350334225374240e+02 9.805289484634249675e+01 8.359809501148053812e+01 7.459296985616020947e+01 8.168441647847163267e+01 6.182080555885132611e+01 7.052251325279183902e+01 8.473310495092965766e+01 1.051449048105403961e+02 9.367786958833563915e+01 7.337433742667542447e+01 6.184536797465518276e+01 7.895766876407208201e+01 7.302860560762758269e+01
3.436758874379043505e+01 5.350114084432255623e+01 5.689254408105433924e+01 4.882174545357179340e+01 3.102976969496010540e+01 3.212639953673558324e+01 5.143144340248036883e+01 5.468674688498710168e+01 3.723383306316434016e+01 3.860665952329824790e+01 4.002493195121109437e+01 4.174794759143122036e+01 6.113835633329529173e+01 7.168024898922740817e+01 6.879168946244122651e+01 5.307598298477056886e+01 5.578136147238343767e+01 7.529906874959033303e+01 8.478857520897398103e+01 8.902909988809932429e+01 9.404187485470860963e+01 9.045506175019370687e+01 1.070843619629141728e+02 1.152837424203053729e+02 1.125067849801959454e+02 9.648772288845317746e+01 7.615554663186262019e+01 6.476012194426127166e+01 8.168690152081850897e+01 9.009040028073188466e+01 9.071158289375939887e+01 1.111087781546910094e+02 9.848693602109200640e+01 7.818271798005842754e+01 6.396912323576793824e+01 8.414295534134085131e+01 9.344021804676444276e+01
3.234251172267814667e+01 4.874072167113086351e+01 4.729825778034886241e+01 2.947679849906446492e+01 4.882269078228484460e+01 5.144746459275783224e+01 3.399379848197109766e+01 3.531704113695249703e+01 5.468932977187994737e+01 4.593664356217173150e+01 5.943257466689288293e+01 6.113835654771905581e+01 4.420178914294127281e+01 6.357732770635148256e+01 4.935216593123625017e+01 5.214069487809485537e+01 7.163082975655038354e+01 6.131400892449266848e+01 6.532054470530871981e+01 6.959625563284438954e+01 7.462777620136790802e+01 8.075194921562835759e+01 8.757889262884891934e+01 9.877868263463079757e+01 1.184301309329658238e+02 1.049479082804843273e+02 9.319347585901432751e+01 7.878659071253409252e+01 6.800813444217897086e+01 8.814762704224477829e+01 1.004246356153817032e+02 1.106404180147830658e+02 9.852848384490253864e+01 7.818382505269691762e+01 8.414295534134006971e+01 6.716086391574948777e+01 8.741294935133392130e+01
3.732850952815300616e+01 2.956522517944188522e+01 2.792499481136713513e+01 4.729825763845584419e+01 4.882269075543612047e+01 6.146004174054367297e+01 5.335354762866787581e+01 4.497681363405065014e+01 6.277530367065209305e+01 5.459284067907330495e+01 7.346569105662510424e+01 7.132627229782229961e+01 6.218661724919303424e+01 4.667768032316084970e+01 6.607250738058323236e+01 7.163087726371915664e+01 5.626543950800321170e+01 7.579425507854629984e+01 8.478857520897398103e+01 8.902918654245722507e+01 8.545003575216944114e+01 1.001881371437867756e+02 1.070843619629141728e+02 1.152837424203053729e+02 1.266705521502453990e+02 1.198535464712368253e+02 1.076003610054787316e+02 9.401621449118985652e+01 7.368683122930276852e+01 7.169621645961959189e+01 8.175474427848818948e+01 1.021886093750316888e+02 1.070109552774230082e+02 9.853006148040168455e+01 9.589102976661929745e+01 8.743063791778881466e+01 7.048553619713317175e+01
5.524875045403674534e+01 4.622378605823573849e+01 2.682665272977181914e+01 4.054194186103352138e+01 5.994097167806057769e+01 7.638111461279163450e+01 7.251133006305947504e+01 6.440217104997425679e+01 7.251322641353281995e+01 6.834893965776292646e+01 7.406635356294954420e+01 7.432525375255701761e+01 5.488977068828074124e+01 6.607250738104747256e+01 5.890534164203290146e+01 7.840547390804294992e+01 7.579425507854629984e+01 6.058472403828743325e+01 7.439936200284000734e+01 9.388122309760726125e+01 1.049546169156693765e+02 1.131415055914416143e+02 1.151008847660663577e+02 1.233165655806573966e+02 1.232352974883133498e+02 1.027562647682098032e+02 9.090845358655921871e+01 8.319995762422055918e+01 9.401621449118985652e+01 7.449382685680036786e+01 9.484305106440635313e+01 1.106404802991184795e+02 1.185260395613933753e+02 9.806883804622110290e+01 8.371389586612166056e+01 7.540907247620484100e+01 9.081970671163939812e+01
5.082863984834144588e+01 4.404951825973152069e+01 2.587110941030031697e+01 3.971316318935441103e+01 5.961585609445691603e+01 7.564435589550741668e+01 7.274801988164165323e+01 7.793880357353712895e+01 8.368532289024285831e+01 8.786941175455147857e+01 9.362431796704527187e+01 8.080438091928922972e+01 6.136703697573857141e+01 8.080438091928921551e+01 7.268330333047073566e+01 8.654308581772072273e+01 8.326815575512448220e+01 6.377106517295002419e+01 8.326815575512448220e+01 9.217696198138041552e+01 9.652067802818316977e+01 1.012374688859584495e+02 9.549509866782518941e+01 1.151008858634567389e+02 1.316489242417033836e+02 1.198535464712368253e+02 1.114117224375879402e+02 1.036622152322831454e+02 9.778034279170998389e+01 7.738301377721779772e+01 8.755060503476511258e+01 1.080100742051687632e+02 1.207741040019147221e+02 1.003043424053517185e+02 9.966647002128446786e+01 7.933720371121388837e+01 9.966647002127506028e+01
4.226749512062752245e+01 2.452086706437085439e+01 2.565061477778658272e+01 4.456621208598416928e+01 5.323568633323962729e+01 5.468474780746452524e+01 5.349931397634118468e+01 5.861959148133896491e+01 6.428423765162465031e+01 7.919403508105726530e+01 8.892649550640182099e+01 8.892912938021086688e+01 7.109634654267183862e+01 8.892912938021086688e+01 9.222001572278399806e+01 9.704025922908367363e+01 7.756356338089852898e+01 8.326815542756929744e+01 6.883700168679241926e+01 7.274654970429895684e+01 7.709508871792890261e+01 8.178966928954922366e+01 9.549509866261443847e+01 1.151008816300419824e+02 1.290950447539744346e+02 1.332062555096609344e+02 1.129266900369295143e+02 1.033151842916427086e+02 8.289664062802643230e+01 8.261232113473690220e+01 1.030598019737785194e+02 1.080100731738288857e+02 1.284130802670161700e+02 1.207741040019147221e+02 1.038150030440883285e+02 8.349142487019058478e+01 1.038150030440785798e+02
2.348637489421994218e+01 4.303941831717487787e+01 4.515484219941833288e+01 2.724946920109030657e+01 3.607587343227581300e+01 5.202009102569338239e+01 3.993655905629468350e+01 4.509410910717843990e+01 5.185134571585209073e+01 6.139894044883862279e+01 8.076908363325362927e+01 9.868220216948837731e+01 9.051241529590660662e+01 9.868220216948837731e+01 1.003709984196925262e+02 1.051919590412381780e+02 9.704025917377875032e+01 8.827758814624162653e+01 8.258278299074493134e+01 8.394144827782474749e+01 9.652067797323054776e+01 1.012374995433022491e+02 9.145744041610396380e+01 1.011771413347848778e+02 1.208585111619813546e+02 1.273002596213971742e+02 1.069729625753294471e+02 9.251572716446207778e+01 8.798885287861880045e+01 1.030598051998288014e+02 9.094349982869800897e+01 1.054351956711453226e+02 1.258639384986562106e+02 1.227530704902056584e+02 1.022512631797170428e+02 8.790442444036720815e+01 1.082561035143791912e+02
3.290859782903388009e+01 5.002747896236141401e+01 5.479701031696627922e+01 4.672484623360364964e+01 2.886043721671514817e+01 3.325414066577486949e+01 5.255138810880906419e+01 6.428423765162465031e+01 7.108401204104610827e+01 7.919403508105726530e+01 8.892649550640182099e+01 1.006974398346662980e+02 9.252258333477026042e+01 9.471300301982751080e+01 8.084576082714534095e+01 9.471300301982830661e+01 1.030634303758832289e+02 1.077416088304160695e+02 1.020706888079604795e+02 1.034255695301113462e+02 1.115690776329688134e+02 1.192178315417976506e+02 1.110178262483831020e+02 1.192245753418645506e+02 1.290950447539744346e+02 1.293404179416038744e+02 1.091803653950485824e+02 1.129266213828367000e+02 9.326045865577863481e+01 1.136010279882679583e+02 1.114186359142072007e+02 1.011900636987925850e+02 1.216468182828825775e+02 1.227530704902056584e+02 1.022512631797170428e+02 9.349540491353060645e+01 1.139211997033691404e+02
5.090717179465593745e+01 5.884910953673627887e+01 5.868418268681011085e+01 3.927404289667595805e+01 4.830806820813001679e+01 3.054840490434220968e+01 4.997335562795712605e+01 6.659603477841791630e+01 7.471227000771121141e+01 8.782874242678809651e+01 9.350004683855570420e+01 8.939751530827952308e+01 7.301839061305692269e+01 8.656457051372390765e+01 6.706955387314485506e+01 8.656457051372390765e+01 8.337928337341529073e+01 9.735383922077151908e+01 1.009177184604291568e+02 9.817885674532955420e+01 1.064144857121532084e+02 1.081032649532401422e+02 1.042768682356246330e+02 1.012961284360791723e+02 1.103103512007928231e+02 1.235313899893334622e+02 1.293404179416038744e+02 1.191768478226209709e+02 9.892437742367401654e+01 1.191768478226209709e+02 1.300431728685426265e+02 1.114502466496989257e+02 1.300431728685426265e+02 1.227530704902056726e+02 1.201046420677230913e+02 9.959648383237284008e+01 1.201046420677230913e+02
6.406923092840048639e+01 7.244593970096838120e+01 5.298387628946263561e+01 5.868053030275965654e+01 5.112824227952678768e+01 3.174331013223386222e+01 5.115523749609435100e+01 4.717099704980483921e+01 6.659603477842406960e+01 6.847927125269434612e+01 7.414660014721472692e+01 8.126183241587197870e+01 6.174965479780861699e+01 6.999647141720146237e+01 5.968068095594478706e+01 7.919610388429551051e+01 6.959206318914976919e+01 8.750766770583240373e+01 8.135617761819300142e+01 7.865043337376215504e+01 9.507327092701953575e+01 8.900586266762182674e+01 8.404020853202484886e+01 8.073026617629039947e+01 9.053389127495870525e+01 1.071654486007626161e+02 1.325147732046924034e+02 1.248126751906958987e+02 1.080257778510020472e+02 1.132920051197972384e+02 1.336071766914126329e+02 1.259045163924529618e+02 1.402061801584238765e+02 1.433275934656618347e+02 1.273769482654284246e+02 1.068077601563787198e+02 1.273769482654284246e+02
7.234771833726505008e+01 8.058442234425163520e+01 7.244593970096838120e+01 6.152615164794958957e+01 4.212308084230259198e+01 5.115523749643548257e+01 3.346404086341429007e+01 5.286045887568695889e+01 6.190912565945347268e+01 5.476303355643931781e+01 6.996038853665749002e+01 6.186440681216660664e+01 6.345548831246799182e+01 5.051180828972326964e+01 6.725950069373865858e+01 6.928299378990024593e+01 5.980034811665178296e+01 7.355730875227763477e+01 6.755036312584118718e+01 6.737290001862461963e+01 8.066044511294438735e+01 8.104062287781570717e+01 7.106243367257597754e+01 8.996741327006539279e+01 1.020976284636006426e+02 1.126423853219910285e+02 1.227114411253819668e+02 1.364160439309824824e+02 1.196954560284488167e+02 1.336026932778293599e+02 1.420846963352618673e+02 1.461756058506976785e+02 1.391275431385076331e+02 1.391151658067591370e+02 1.358970855781846296e+02 1.186721100014306671e+02 1.358970855781846296e+02
6.838677685709595266e+01 7.667666218989727156e+01 7.529181344831472700e+01 5.582441798663893451e+01 6.152628610532349995e+01 5.286045887568565860e+01 5.286045887566150014e+01 3.521247864007212769e+01 4.253193351887755114e+01 5.777042015215577919e+01 5.917244522022178899e+01 4.229256477827421179e+01 4.406429342400549842e+01 4.585338056493626624e+01 4.780785235223061846e+01 4.979359192474392160e+01 5.183996249826643066e+01 5.399724764289560142e+01 5.622556528287837807e+01 5.858024395649910332e+01 6.107776052002172662e+01 6.369064054637507866e+01 7.977476153531142700e+01 7.776777624340695638e+01 8.543910048365758314e+01 9.481401075164419012e+01 1.085103141607805100e+02 1.284928816206435727e+02 1.397118299255990905e+02 1.479465362119101144e+02 1.433305626404808493e+02 1.333918880076508344e+02 1.193347825076492512e+02 1.193345932370453255e+02 1.333780274363340084e+02 1.392679784698842980e+02 1.477805608925252159e+02
4.857020465860065173e+01 6.838677685738352352e+01 8.342743141060350354e+01 7.529181344831472700e+01 8.045131483864768995e+01 6.497188596314714459e+01 4.555825515494285582e+01 5.459404767041107931e+01 3.701694713296554085e+01 3.840889059136918604e+01 3.980815694081110934e+01 4.844770565095436154e+01 6.213378110882976557e+01 6.527183354056420228e+01 6.725950865466666073e+01 6.102846347006035899e+01 7.136733630276401641e+01 6.783407165227943381e+01 6.755036308609909668e+01 7.816885832109501564e+01 7.240864451873289909e+01 8.325735437194273914e+01 6.811272691933513102e+01 8.791148853825835374e+01 9.803052978551050956e+01 1.028053412681778553e+02 1.090310275169668301e+02 1.160187265050302727e+02 1.243789232031675596e+02 1.359903731641706202e+02 1.350063823602011439e+02 1.152561540076823974e+02 1.054471211080201272e+02 1.054471207556620698e+02 1.215710774533608571e+02 1.298024624813454295e+02 1.412349555760629869e+02
5.437434427541388970e+01 6.644919137115002172e+01 7.748974158567521897e+01 8.581006788564631904e+01 7.875496380793757112e+01 5.926274818859101856e+01 6.497188174920754022e+01 5.956974181914766575e+01 4.020702221316047087e+01 5.777042015219866755e+01 4.692865307282261966e+01 4.308025204871131564e+01 4.537605812116073167e+01 6.475719052289936428e+01 7.634247733884488696e+01 8.057006989598481539e+01 8.874276533216617224e+01 8.737442537977021573e+01 8.708524924269603673e+01 9.525202528784198819e+01 8.619193621486266466e+01 9.613687318086194011e+01 7.699352230731838631e+01 7.384813418457852663e+01 7.830121400489603900e+01 8.311858621728855212e+01 8.934422703517110165e+01 9.625706634450452270e+01 1.075876445982416669e+02 1.275392640439086449e+02 1.433094929804064179e+02 1.292244125827162406e+02 1.095146623859613015e+02 9.568416155464157669e+01 1.019201471873821134e+02 1.132311810061007122e+02 1.329635878652497354e+02
