LEM/sinusoidal_perturbations/elevation_000480.asc
nrows	100
cellsize	150.0
xllcorner	0
ncols	100
yllcorner	0
NODATA_value	-9999
[rows 68 to 84 of 100, columns 37 to 73 of 100]
6.244528818598290343e+01 5.371287652956377201e+01 3.446876295954113090e+01 4.807191139821301817e+01 6.733137105454447635e+01 6.670811410339004510e+01 4.672345614793729141e+01 5.003611622523185787e+01 7.005700667447851515e+01 6.539757338411476439e+01 4.582900119640669345e+01 5.409964737378832211e+01 4.938407784006033552e+01 3.277502628403706098e+01 5.064337768638159076e+01 3.547526707189927464e+01 5.560336202774546877e+01 6.850914086939853576e+01 8.266616238567368669e+01 8.480219464058440337e+01 9.311484059459804996e+01 8.975180487628358605e+01 6.988584720397444983e+01 8.975180487628358605e+01 8.840708163537108533e+01 7.171749512081785838e+01 7.917265980735515996e+01 7.092507225477481825e+01 5.360779538387641452e+01 7.305316819460560396e+01 6.347576095543703900e+01 7.932974567892870255e+01 6.852769664013987949e+01 8.367937723902788605e+01 8.599490645079900730e+01 6.998546016093392552e+01 8.999930945406384808e+01
6.947417823255271685e+01 5.017060480536146372e+01 4.095199285114813392e+01 5.371287652956377201e+01 7.308721246247201009e+01 7.429309004070057654e+01 5.422513001016788792e+01 5.893748922166337678e+01 7.841536997878579029e+01 7.371689774412902807e+01 5.696358751455092317e+01 6.992487210920677398e+01 4.974277314295785857e+01 3.546795367579038327e+01 5.553552184785540646e+01 5.560336202367592051e+01 4.011763681667182624e+01 5.435237466835064879e+01 6.900660858264627961e+01 6.482074483391828323e+01 8.156389437337632842e+01 9.311511131424096277e+01 8.128639906012564609e+01 9.807597011832280032e+01 9.992119658924718806e+01 9.157818923722531679e+01 8.877106018395434717e+01 7.587612127231527381e+01 5.661696920614976847e+01 5.604215871285190076e+01 5.775564183615703229e+01 5.971335131845194866e+01 6.170361160887426166e+01 6.385894846430450400e+01 6.608339634925962969e+01 8.599490645079900730e+01 9.835961845703374706e+01
7.766981596487070760e+01 6.822035316196436838e+01 5.193632868075331999e+01 5.442149614262481805e+01 7.378630851050424155e+01 8.266075816716353586e+01 6.420708538713471114e+01 7.905288524044905785e+01 7.534497975417392013e+01 8.527497494310985360e+01 7.691861235650318918e+01 6.852059073190955019e+01 4.837557529140973855e+01 3.827313567209489520e+01 5.844808244022223676e+01 6.850910082673412660e+01 6.021371964407646971e+01 4.517902081541372183e+01 4.899772978396642031e+01 5.328804899642448589e+01 6.482074483398243103e+01 8.480220060030896434e+01 1.013157642744997986e+02 1.096590607485188826e+02 1.033811659679322617e+02 9.500726785248963324e+01 8.041421123384810699e+01 6.089514826567361183e+01 7.587612127291816932e+01 7.551628184773602470e+01 6.220749152687911732e+01 7.932974570320740781e+01 7.296516872446646573e+01 8.367937723901401625e+01 8.010601253813314315e+01 7.245413288030522381e+01 9.250154582666336012e+01
8.432271132442213002e+01 7.945466824579796139e+01 7.123597350101223924e+01 7.378630851050424155e+01 8.201921018130393293e+01 9.275340694177107537e+01 8.437909469426639930e+01 9.275340694177107537e+01 9.555117263334952327e+01 1.039228383776165430e+02 8.882265292264635548e+01 6.852059081296435750e+01 6.246433612237755995e+01 4.232856130331208533e+01 4.452438502741656379e+01 6.466299182359264819e+01 7.351898683675258894e+01 5.936944847809306935e+01 5.901827546072148323e+01 7.326590175095689972e+01 6.112949113642091703e+01 7.523473768192687317e+01 9.525426462154939600e+01 1.093360988220865408e+02 8.907207173193341987e+01 7.473644004685498032e+01 6.855324245800734673e+01 6.478878025411000863e+01 8.464826831485446235e+01 8.675984266510552345e+01 6.686250877972466355e+01 8.675984266510553766e+01 9.296940422549403138e+01 1.013212647343452915e+02 1.002103776307789644e+02 8.397470035830376389e+01 7.998071327558194810e+01
7.311283986380318822e+01 8.131430486864140050e+01 7.396764895719255151e+01 7.463295253384487182e+01 8.286681763149456970e+01 8.515248689259784953e+01 8.981843962430458816e+01 9.511460968036557517e+01 9.729942069736142685e+01 1.056120960783837575e+02 8.690472276263405149e+01 6.664096786666354433e+01 5.505998726588825321e+01 4.710106943215080832e+01 6.466299182359264819e+01 5.124589827017758381e+01 7.137153860030025498e+01 7.936252807095624462e+01 7.313326091060538658e+01 8.730046091247676543e+01 6.926767958040574058e+01 7.523473768192695843e+01 9.525426462207408917e+01 1.093360988220865408e+02 8.907207173193341987e+01 9.500726785249136697e+01 8.859706926020015771e+01 6.898551458061612607e+01 8.915925346556123543e+01 9.510044811662221775e+01 8.675984266510606346e+01 7.489470634267509297e+01 9.494557587329455828e+01 1.140745483150192143e+02 1.122094594256171831e+02 1.036763156269509665e+02 8.706445754775857893e+01
5.325692156463648530e+01 6.816786840031119254e+01 5.415237389121245570e+01 5.483728129813408003e+01 6.685846452784335270e+01 6.538060961578383967e+01 7.003085101570668769e+01 7.529815562283503994e+01 7.746203198258730538e+01 9.685530550107181114e+01 9.537228675912531628e+01 8.364274871704211023e+01 7.201778023230554027e+01 5.198700619248345589e+01 7.201778023230554027e+01 7.137153860030025498e+01 5.856373013134637517e+01 7.873822114217929879e+01 9.314629095944195569e+01 9.757961732681275180e+01 7.924073371831742918e+01 9.525426462207408917e+01 1.035785920925305419e+02 1.176902602039308334e+02 1.093360988220865408e+02 9.874040779395825496e+01 7.841571020234529499e+01 8.321420310675630105e+01 7.970208262275254185e+01 1.000192204310805693e+02 1.033004921582186029e+02 8.904181522646230462e+01 8.556907511268057931e+01 9.717817312530152662e+01 1.173715699186301862e+02 1.158479621425774013e+02 9.714386634290748646e+01
4.177001264888297527e+01 5.558817972367049265e+01 4.011082635455059631e+01 4.338273816189230558e+01 4.707443972587465453e+01 5.140823156188154286e+01 5.608032787569395339e+01 6.136217755268454255e+01 6.880910530386653079e+01 8.018237101388507426e+01 1.000321898085885692e+02 9.160276747278186349e+01 7.142950491356501175e+01 5.733527579492319148e+01 7.733811671850369862e+01 8.514533041127295121e+01 6.488427190336004458e+01 7.499531405793193528e+01 9.539224782172826167e+01 1.076094858188593832e+02 9.927978001151885223e+01 1.076094858188593832e+02 1.095860758443436822e+02 1.178425728821751619e+02 1.130548084244214806e+02 9.281118891557835582e+01 9.017924916899694665e+01 1.035118746707792212e+02 9.409182866887464058e+01 9.630706875752939311e+01 1.165364012262014768e+02 1.091985148958817007e+02 1.057129068441489750e+02 1.140745483150192143e+02 1.257313228964486740e+02 1.263326788603392004e+02 1.176715547713440486e+02
3.285843353353940444e+01 3.570872948325304463e+01 5.547096883423749603e+01 5.330504618401808159e+01 6.677378459795359333e+01 5.944358682872343280e+01 7.582438094526949612e+01 8.110226063721401601e+01 8.857189174914985585e+01 9.685530550107181114e+01 1.083578977975780759e+02 9.111150115657355286e+01 7.133830694695457453e+01 6.623055924361565872e+01 8.573579455073172539e+01 9.235335273610118634e+01 7.196598687678098827e+01 9.235335273610118634e+01 1.038742020925871259e+02 1.140528638197859408e+02 1.057924862914069593e+02 1.064700548715376982e+02 8.998570666550175190e+01 1.064700548715376982e+02 1.214044972195838028e+02 1.130548084244214806e+02 1.104351679614834865e+02 1.187868452701625870e+02 1.143292100128965814e+02 1.165364012262014768e+02 1.208442315204135440e+02 1.124154321161788772e+02 1.150528187788654861e+02 1.234833863546716373e+02 1.341064146956298089e+02 1.257674324629597606e+02 1.257674290766700835e+02
4.862070757424188372e+01 5.558817972367049265e+01 4.979209577793424302e+01 6.975017847473098698e+01 6.939020791452485071e+01 7.858646446731572155e+01 7.457451953949832557e+01 9.112144630909098453e+01 1.027750669091224154e+02 9.469774777930894061e+01 9.836886122546853528e+01 9.938787223134359294e+01 9.030396805774964264e+01 7.775271222656704140e+01 9.475648983357775990e+01 9.235335273610120055e+01 8.633281624599436554e+01 1.008491197947317488e+02 1.088870903849537513e+02 1.006896085426624126e+02 8.619536585787081151e+01 9.826979742272320095e+01 7.872227963428191799e+01 9.826979742272320095e+01 1.083118997672378754e+02 1.196979629284716680e+02 1.208238896043477268e+02 1.124026457124016503e+02 1.106351315040696335e+02 1.190531477994829288e+02 1.092090369689904605e+02 9.234394181141601621e+01 9.493468758330938329e+01 1.150528187788654861e+02 1.257674459402459206e+02 1.058612386271037593e+02 1.058612385977884713e+02
5.720683511495302298e+01 6.666729908479329936e+01 6.980842238030614055e+01 7.816388955869570054e+01 8.875074051874418046e+01 9.652427819048151036e+01 9.258419065850335983e+01 9.418189754571679373e+01 8.631337995725334622e+01 7.282467612750349417e+01 7.754965123856162279e+01 9.836886122546853528e+01 9.958589410383733309e+01 9.803335292120398492e+01 1.064873814170721147e+02 1.129013247738787271e+02 1.068882135832792386e+02 1.024132364272395819e+02 9.457462335202522752e+01 8.108645484305849038e+01 7.489330217161850101e+01 8.395279279764267244e+01 7.176450105516704525e+01 8.055093236203323670e+01 9.180791800434820971e+01 1.114328233414243527e+02 1.091873893587866888e+02 9.232040161095197561e+01 9.058454073540711704e+01 1.074308876336865097e+02 1.008271517856870361e+02 8.094147254280967729e+01 1.008271517856870361e+02 1.147679493381127145e+02 1.242436411811232659e+02 1.116916323765250212e+02 9.207644010922903988e+01
5.728385329821568916e+01 4.651239399863618473e+01 5.754214399812677527e+01 6.359832442161163613e+01 7.175167820980868782e+01 8.043814463621342270e+01 9.183043664149089125e+01 8.700729418994392006e+01 6.720020541429843774e+01 6.060150360789452151e+01 8.136968205954008226e+01 8.756762252620997344e+01 7.721286477698836848e+01 9.171017213644188359e+01 1.024810332688675487e+02 1.151306239743688451e+02 1.012991369344658921e+02 9.068280723030248680e+01 7.663416251530846068e+01 8.314647470471660995e+01 6.504014664384415312e+01 6.430314775068200106e+01 7.416024318168197738e+01 8.546752372979959489e+01 9.927312343313910503e+01 1.190070374304563217e+02 1.008081566744978943e+02 8.087790341799839666e+01 7.914912628703797282e+01 9.670400157489046933e+01 8.837900967046803657e+01 7.494381005287404207e+01 8.638919644425840261e+01 1.063636500867102370e+02 1.159457585820115924e+02 9.622045978401656896e+01 8.592127917308226870e+01
4.445898486942788708e+01 3.274864019572068941e+01 3.832700531239559893e+01 4.444712809907284878e+01 5.297473484930861076e+01 6.393089702385831430e+01 8.348046043990996168e+01 8.893910323479219926e+01 7.395312272166165712e+01 5.338846324063129600e+01 7.395312222256363555e+01 6.715267461641160196e+01 6.238058454553646470e+01 7.255920761373279504e+01 9.349630672059355163e+01 9.696481255498790119e+01 7.951519962552835352e+01 9.554470159719481615e+01 8.315279470648013671e+01 6.408499283010085890e+01 5.805991338181427608e+01 7.773902944141848081e+01 8.529041573180117553e+01 9.347974994607154997e+01 9.352700138122969520e+01 1.017371637770506254e+02 1.091873893587866888e+02 9.015498820057547391e+01 7.022992551585464582e+01 8.262402238326934878e+01 6.844314891378580512e+01 8.837900967046803657e+01 8.896796064180404073e+01 1.089869739917014329e+02 1.111834713186883477e+02 9.153621202592130146e+01 8.022439320296869880e+01
2.107109626430727545e+01 4.407952212789162161e+01 5.400333222038179315e+01 6.359832442161163613e+01 7.175167820980868782e+01 7.475056585812428978e+01 8.326004347566478714e+01 8.064509795587248675e+01 5.997235309710508488e+01 4.818498904779000469e+01 6.539142603639639617e+01 5.285221425149451591e+01 7.313207474902813487e+01 9.159155513412072480e+01 1.018039960653651406e+02 8.547345059460597838e+01 6.353020734630087674e+01 8.529954542534636630e+01 9.116087017362119127e+01 7.414614416514663731e+01 5.446139534545989846e+01 6.985163787507316613e+01 6.556693762741014098e+01 7.960898552483681101e+01 7.384395459579504006e+01 9.352700138122968099e+01 1.082960114943553407e+02 8.826372464767248971e+01 7.420029672834981227e+01 6.264058599643937697e+01 8.262402238326934878e+01 9.670400157489046933e+01 1.089869739917014329e+02 1.173967833255965729e+02 1.194673503065679512e+02 1.048090619990681915e+02 8.517951861835680916e+01
2.168962435420280599e+01 2.626387056981633350e+01 4.552903747919823019e+01 5.322904520092183844e+01 5.962369711970239905e+01 5.335794293201072946e+01 7.475056585812438925e+01 7.942428521599289581e+01 6.378393072733256020e+01 4.360175189735801382e+01 4.526770148405623928e+01 6.539142603624766537e+01 8.148654589897171263e+01 9.440824914314980276e+01 9.053529409913770110e+01 7.608458760813297772e+01 5.444205198640003829e+01 7.607639790652868328e+01 9.449310630774786546e+01 8.226236770713097712e+01 6.985163467466186660e+01 5.012588819423564956e+01 5.412981858940764113e+01 5.984452840829127496e+01 6.976407085782028616e+01 8.369366524891898962e+01 1.033603375135404434e+02 9.372288287788364869e+01 7.376624088659755785e+01 5.961512258273219089e+01 7.961140599613045765e+01 8.565171499831683377e+01 1.056827059782661138e+02 1.218352648387728152e+02 1.135164459999780888e+02 1.130596383921622845e+02 1.016776271565790921e+02
2.212515499318179124e+01 2.362504661849994392e+01 2.734272236445452720e+01 3.244133839304001299e+01 3.846966315132215897e+01 5.055483010944236355e+01 7.201199867212594086e+01 7.098364217731609926e+01 5.081230312161819285e+01 3.918930868221889341e+01 5.933771442250020556e+01 5.790804185845468055e+01 6.930527766810780577e+01 8.804700752983005430e+01 8.163660461752770914e+01 5.967814994443117627e+01 4.804734340594249886e+01 6.163009500539571661e+01 8.532443641655183342e+01 7.867227724310870940e+01 6.691169377508006733e+01 4.709901207758498032e+01 6.689629719009333542e+01 7.960305827639768950e+01 8.779055918626764310e+01 9.764957302648666371e+01 9.934888300106288739e+01 9.100489349477290091e+01 7.672519109325114073e+01 5.672125454868588434e+01 6.569140075543657531e+01 7.980195241740744905e+01 9.977429115155068473e+01 1.103771788397055928e+02 9.376880071213015810e+01 1.103771788397055928e+02 1.085576340431849616e+02
2.257259269848510641e+01 4.213159800990257509e+01 4.767669734864666964e+01 5.322904520092183844e+01 5.928869731153189093e+01 6.830151887544198530e+01 8.055754225894015974e+01 7.068028603662189369e+01 5.051480515867417864e+01 3.615922470259748422e+01 5.092693402853331008e+01 7.258978760214240822e+01 8.540009989293676540e+01 8.143113602430237563e+01 7.264185663394620462e+01 6.333709332669245384e+01 4.268520327179571439e+01 6.068508812260580498e+01 7.842269674433998716e+01 7.479969212580488147e+01 5.588756932171226310e+01 4.433062516954508681e+01 5.864366858002148319e+01 7.843201143889679372e+01 8.966975593448992754e+01 9.795940618894471186e+01 9.100489349477290091e+01 7.103083177641975965e+01 7.402786083972208075e+01 5.401671856269767602e+01 6.817813613017062835e+01 8.815034549538282249e+01 1.002270414861356898e+02 1.021151376771779127e+02 8.245446852753762812e+01 9.933218895753225297e+01 9.456933458815124993e+01
2.304472431507551278e+01 3.766755168879043936e+01 5.665967078033894921e+01 6.898658116429197662e+01 7.445000303989444035e+01 6.656715010550959732e+01 7.517086615644593905e+01 6.788605358205323625e+01 4.771989722469133000e+01 3.344816596469857473e+01 5.362651952062717697e+01 7.355506462745172769e+01 8.597898268638242314e+01 7.184221985544000688e+01 5.126922977794701808e+01 5.700074442897166449e+01 3.823953647013465940e+01 4.934689865576072521e+01 6.868118460277483450e+01 6.676135802818826903e+01 5.862075202992141243e+01 4.152769184764623844e+01 6.204101156106446524e+01 7.525843427427940924e+01 6.928906939089918637e+01 8.966975593448992754e+01 8.714346519111273892e+01 7.623816742161714899e+01 5.688239399111947137e+01 5.140153519678687388e+01 6.037550827382278129e+01 7.192565527980111995e+01 9.188139396026987527e+01 9.468410322302536031e+01 7.497474760154669582e+01 7.961923265840059116e+01 8.636278180993367926e+01
