LEM/sinusoidal_perturbations/elevation_000819.asc
nrows	100
cellsize	150.0
xllcorner	0
ncols	100
yllcorner	0
NODATA_value	-9999
[rows 68 to 84 of 100, columns 0 to 36 of 100]
5.009162696260268353e-03 2.000500916269590590e+01 3.374138266039666689e+01 4.202565390785827049e+01 4.838944895600580764e+01 3.629603212033628523e+01 2.132129767909396278e+01 2.804883326838482560e+01 9.963367344099580691e+00 2.435055789246766977e+01 1.277034485169908962e+01 2.490669250670371326e+01 5.397520222896302400e+00 2.427678703345922528e+01 2.034733110538258316e+01 1.860158409418918879e+01 3.296010918320438066e+01 5.921377490347560979e+01 6.485426069598997856e+01 5.848089188368721381e+01 3.584749505841164563e+01 3.220878718613229807e+01 1.281749270649977213e+01 2.689067369233165294e+01 4.743423335898390292e+01 5.327732419257448981e+01 6.152065677384359077e+01 6.228989837632819615e+01 6.369468830693426042e+01 7.178840699178981311e+01 7.244510749896134882e+01 8.045651095417805720e+01 8.214404635813424704e+01 9.014750945037185659e+01 8.384113866316126007e+01 7.576823725411182409e+01 5.757597610498191187e+01
4.695337527364121070e-03 1.414683096125843953e+01 3.414683096125914119e+01 4.453315062122855750e+01 3.568574691408588251e+01 2.058933748753127091e+01 1.167459497355414122e+01 1.787091612500898918e+01 4.001685523157482827e+00 4.318453857570671239e+00 4.633413516627040707e+00 4.949021831160457019e+00 2.467201155377450661e+01 3.289469569987346631e+01 3.953424070335937301e+01 4.105414043970118598e+01 5.095375448700229271e+01 6.509986979492975934e+01 5.859125253309243675e+01 5.967350912142818942e+01 4.446202515712234060e+01 2.621169975118111850e+01 1.314084344983207764e+01 3.291999681733394567e+01 3.796739842653362018e+01 3.325497565978962911e+01 4.583595428980076747e+01 5.032634434566897141e+01 5.516317656861671281e+01 6.113488764921655871e+01 6.771285603452781743e+01 7.596282537150183600e+01 8.587933898716735825e+01 8.953117731087763786e+01 7.006758337786649804e+01 5.621700994295670739e+01 4.879573259007047881e+01
7.614146464036155443e-03 1.414974977019511115e+01 3.414974977021540070e+01 3.293071497212699228e+01 1.682359848858232709e+01 6.973080613799805150e+00 3.235972510334685914e+00 3.553251015543573033e+00 5.470217792027364467e+00 1.997591473749631064e+01 1.467543447628007591e+01 5.693906198408043018e+00 2.571394361878742885e+01 3.689303895361138785e+01 3.690550562748337882e+01 5.696454293063326446e+01 6.703429954509127242e+01 5.710924727427214975e+01 3.997002996317549872e+01 4.183229132421143248e+01 3.174280393626374774e+01 3.177901182837744898e+01 1.346203404632390743e+01 1.405834301049160118e+01 1.780161242809372268e+01 2.155941496622496345e+01 2.565993629036912438e+01 3.024470952484827890e+01 3.522040642001210387e+01 4.132896263845906049e+01 4.797895087859423313e+01 5.783120289370406653e+01 7.759450917535144754e+01 9.522549464902714078e+01 7.576824049951281381e+01 7.217899879896737048e+01 5.243347040006011639e+01
2.352828262072654761e-03 1.414448845199314775e+01 3.414448845205315308e+01 2.468784003146464201e+01 4.590261797329527660e+00 2.787640206526547537e+00 2.267419329650421034e+01 2.127701329257488894e+01 6.270477343589710983e+00 2.949128001833008028e+01 2.252157107274114622e+01 2.571539360041931843e+01 9.758098522535291863e+00 1.690358462531862216e+01 3.103329638638878407e+01 5.108227281842651735e+01 5.880964094488063409e+01 3.896201248778311310e+01 2.893589027689819559e+01 2.200633139876912736e+01 1.967729147185600880e+01 1.391568419469862583e+01 2.548561338508590168e+01 3.305519122549074496e+01 2.947126012269827555e+01 4.171754186148275068e+01 4.000281037678598040e+01 5.032634434566897141e+01 5.516317656861671281e+01 5.153126381557324009e+01 6.771285603452781743e+01 7.596282537150183600e+01 8.587933898716730141e+01 9.731635713701130896e+01 8.921815730095774200e+01 8.055824363815229106e+01 6.882487469447191586e+01
6.786455232800275850e-03 1.990525242251552385e+01 3.889421737830949155e+01 3.108598233338595307e+01 2.152767743767963537e+01 2.471040345434409868e+00 1.391736178522091549e+01 3.182940222168457822e+01 3.999528799843960769e+01 4.470032246079817639e+01 4.106437573874438840e+01 3.304774086112444564e+01 1.304648485951843107e+01 3.304774075512391818e+01 3.690550562626712860e+01 5.696454290757939987e+01 6.703429954509117294e+01 5.710924727427157421e+01 4.888527595448145036e+01 3.427703986378318035e+01 1.437453147676650111e+01 3.377978329417573633e+01 4.136029861677260300e+01 5.001027855480823092e+01 4.953086719625725465e+01 5.777123445809283453e+01 5.991840943587530433e+01 6.531737570338987098e+01 7.363401210946119591e+01 7.132333510996708981e+01 7.958753944571512307e+01 9.541716752378299304e+01 1.036933339239177911e+02 8.922097349524494803e+01 6.966299938278363868e+01 7.537965718980888141e+01 6.907201002180184446e+01
3.257643153035955173e-03 1.153780885343178930e+01 3.113822808765744199e+01 2.464374135059770410e+01 6.481567101162886146e+00 2.154416857230375903e+00 7.451767732568310265e+00 2.765085951224484617e+01 4.241426060543978593e+01 5.329597202253412291e+01 5.060555576072597717e+01 3.051818967069190336e+01 1.638555062033407950e+01 3.640164320443286528e+01 5.014971426528008891e+01 6.177470944079858839e+01 6.311258619993307661e+01 5.274574777470790821e+01 4.434820108902830071e+01 3.462758693197886117e+01 1.470341376473336403e+01 3.182275089374513044e+01 4.443773038326145297e+01 3.937215676200398917e+01 4.768742025972798615e+01 5.927555623983110422e+01 6.205407478951720179e+01 4.526907442218627864e+01 6.083370758124480204e+01 6.914653398027074616e+01 8.072331164634158540e+01 7.548516385934914297e+01 9.217739671794367950e+01 8.936647582176408378e+01 6.966834425676232456e+01 5.550928059406815862e+01 4.924836764310989423e+01
1.880098487986705483e-03 1.945516974387638953e+01 2.381006885093298919e+01 1.954702758454814671e+01 1.707224437783893656e+00 1.609829101283832742e+01 2.598425904248256302e+01 1.543667100935527969e+01 2.664133363123258391e+01 4.533985179208929139e+01 5.331861645914668202e+01 3.280221172324391432e+01 3.640164320443286528e+01 2.169032187923006205e+01 3.329922547379769782e+01 5.343980256747924074e+01 5.506968443837094185e+01 3.601525865063695875e+01 2.477088122614917154e+01 1.528442634193863370e+01 1.503698190330327122e+01 3.498014556429507138e+01 1.876833394901445473e+01 2.013000726140252183e+01 3.069976400485665735e+01 5.096815199428834120e+01 4.583139321378975950e+01 3.357308153250719585e+01 4.077669721725632712e+01 5.236611349881984978e+01 7.240065620677196989e+01 6.404149288305423227e+01 8.328004270337191883e+01 9.250293879432896915e+01 8.357518563529420419e+01 7.540150980466106034e+01 6.910940396755850657e+01
2.900726248362994839e-03 1.277874193489773802e+01 1.023747021161121751e+01 1.220721422859728733e+01 1.390485510398513203e+00 1.510417482009994394e+01 2.878849488745824914e+01 3.454425729845984705e+01 2.467305474749500505e+01 3.171825309462327169e+01 5.037457732917226139e+01 5.335956737261611948e+01 5.014982460336163683e+01 3.591498164493459910e+01 2.802964160384386361e+01 4.011456774889040133e+01 6.130027919477748810e+01 5.274574777470791531e+01 4.435248829889903988e+01 3.689021836165769486e+01 1.783189447463550792e+01 1.551500763915779757e+01 1.585576541151032970e+01 1.619695619276085452e+01 3.239248571531084053e+01 3.863156659990360708e+01 2.547032839107378521e+01 4.583139321378975950e+01 6.083370758124480204e+01 6.914653398027074616e+01 7.502421279190940595e+01 5.522002334864387763e+01 6.437806937592411316e+01 8.423767258545335324e+01 8.012440455738382639e+01 7.469937717982088543e+01 6.660689999134046957e+01
5.081304048347549951e-03 3.184239333589883869e-01 6.318050262878802670e-01 9.453401219448842596e-01 2.809995523105778936e+00 5.294367757609770742e+00 2.522832153986038861e+01 3.771862858204644908e+01 4.330701513790592827e+01 5.036612395563990674e+01 4.481626169292852069e+01 6.379353832214241038e+01 6.438466756178858930e+01 5.332241986660044830e+01 3.309231682242822359e+01 5.332241986660044830e+01 7.001972578971813732e+01 6.528069361128103765e+01 5.631980855110938933e+01 3.630188689886277587e+01 2.188116975290910560e+01 3.548618933614895354e+01 3.481171812420352296e+01 3.218512928275078622e+01 1.667844761867115011e+01 1.877549795490157791e+01 3.860065906118046541e+01 5.066731439667213266e+01 5.890520954100919226e+01 6.882097364470877210e+01 6.802237446629141004e+01 4.823808359115193412e+01 6.802237446629141004e+01 7.432610270002993502e+01 6.026919948425964435e+01 6.660689999134046957e+01 4.730439128976316709e+01
4.469920835086939326e-03 1.037422831319064009e+01 2.636327615648198375e+01 3.898690372944493276e+00 2.547551349274222687e+01 2.522832153986038861e+01 9.772555897240092548e+00 2.947813631423262137e+01 4.229639488037097550e+01 5.377643333171693030e+01 6.379353832214241038e+01 7.179998839117097020e+01 7.314388545929308805e+01 5.302957716203398064e+01 3.873523639590302281e+01 5.892092166600188818e+01 7.106617970978361143e+01 5.124500656517064812e+01 3.709918140125874686e+01 3.028749901226240482e+01 4.218846950807991902e+01 5.028497012615054729e+01 4.142268040404992746e+01 2.134565611403949958e+01 3.669128766500440264e+01 1.716222794343241276e+01 2.345486864693933526e+01 3.039644966664392101e+01 4.077495749122119406e+01 6.056619068647398052e+01 6.273480031664498568e+01 4.291981737066098646e+01 6.273480031664498568e+01 6.608465440832821969e+01 4.622627403531139834e+01 5.352511188418473864e+01 5.238797880850928834e+01
2.324776005098761877e-03 1.610155337909175799e+01 3.195466572585766230e+01 2.474232487831989502e+01 3.153510961539099000e+01 3.771862858204644908e+01 2.368898620027234969e+01 1.445092956846061583e+01 2.565619689838846540e+01 4.546937565155421623e+01 5.933843382312943504e+01 6.765000110794424870e+01 7.904119437990685526e+01 5.892092166600188818e+01 4.640124177575847142e+01 6.652819489499577799e+01 7.106617970978361143e+01 5.124500656517064812e+01 5.705049376815511408e+01 5.040005631252295615e+01 5.861695187288674447e+01 4.652896206429960557e+01 2.639435439053940158e+01 4.149545107433138469e+01 3.768487066346656889e+01 1.750400437971596901e+01 3.414954281359446497e+01 4.957913500678898089e+01 5.890520954100753670e+01 6.882097364470776313e+01 5.792896104275648383e+01 3.805517292765809145e+01 5.792896104275648383e+01 6.731944744638401801e+01 5.347710486618339587e+01 3.359788553394396615e+01 4.381280387392565245e+01
8.699724428260374037e-03 1.620023962847654531e+01 3.864724411927794989e+01 4.793434400894012981e+01 5.396095999783317154e+01 5.174837160712866080e+01 4.229639488037097550e+01 2.565619689838846540e+01 1.964027257444075047e+01 3.927886659125411484e+01 3.924505483257540561e+01 5.933843382313037296e+01 7.509447315129492040e+01 7.487403982369140465e+01 5.803451616836687066e+01 7.487403982369140465e+01 7.931638065739134902e+01 7.106617970978361143e+01 7.441682612400950347e+01 6.558435083734650561e+01 5.178446332455283851e+01 3.177154077536800969e+01 4.652896206429960557e+01 5.032049141882610144e+01 3.793245297167126751e+01 1.784515654411569585e+01 3.792813062628008680e+01 5.347999845989665602e+01 6.279403116803737817e+01 6.642133255056185703e+01 5.348504691894971330e+01 3.354020693941294695e+01 4.747145140237975625e+01 4.746614133456312601e+01 4.945054163424035210e+01 3.098428647605730291e+01 2.364033848396478632e+01
2.249585233037712084e-03 2.000224958523268270e+01 3.472604190822568171e+01 4.179707664707071757e+01 5.008035312082357393e+01 5.902412171633549320e+01 5.377643333171693030e+01 4.546937565155421623e+01 3.084123495080601174e+01 2.528719732571613577e+01 3.508836028210878055e+01 4.666573693729133510e+01 6.679219325423061093e+01 7.631440443115886296e+01 7.813077580715449244e+01 8.649159264817076576e+01 9.162774102781781949e+01 7.184100036058134719e+01 5.789410507565368391e+01 4.648608684100604194e+01 3.753396900404947445e+01 5.178446332455283851e+01 5.997427447068726281e+01 4.207765643108952958e+01 1.962027003554214843e+01 1.818600218973487515e+01 3.808830453466243426e+01 3.316106853615916350e+01 5.409867872812458245e+01 4.621024425136528890e+01 5.510678476231932166e+01 4.747082511220332179e+01 2.742902367057078195e+01 4.210310347843385870e+01 4.241923875701346702e+01 4.289121650752286286e+01 2.327316627014856820e+01
2.739267172789772273e-04 2.000027392671692539e+01 1.472610238036790342e+01 2.179717019169870085e+01 3.074144208909025267e+01 4.488356961213562357e+01 6.488301958120814561e+01 5.912076150773750527e+01 5.080488575989821953e+01 3.663943464472234979e+01 3.361557668664805476e+01 4.025843272213092661e+01 4.788255531253783204e+01 5.953286729647098952e+01 7.960263241367347575e+01 9.745295689503143421e+01 8.756428122521302271e+01 7.938170367199403188e+01 6.439065142164858457e+01 4.463161297096930014e+01 5.740477638254805015e+01 6.558435083734650561e+01 5.392420347286063276e+01 4.190220476873448519e+01 2.156595827542953714e+01 3.828293586679793492e+01 1.867316327379503349e+01 3.851198332524475632e+01 4.420379922527398264e+01 3.185635260081539855e+01 3.522213820138542673e+01 4.114756694378744584e+01 3.164294977459740110e+01 2.196084045564439080e+01 2.236104026230750463e+01 2.274689017429677662e+01 2.532254472055819505e+01
8.327778614586212741e-03 5.781830470510818998e+00 2.578179704219067148e+01 4.019282452548009132e+01 4.847710043842613459e+01 5.902412171632116156e+01 6.070889237974133579e+01 6.899318956942856573e+01 6.504339709729687513e+01 5.672896509577080337e+01 5.369005603855266173e+01 6.040586769674906975e+01 6.801534812068410929e+01 7.631440443115886296e+01 8.789195247400719779e+01 8.927984894127598636e+01 6.948355840271221950e+01 5.964019959409662164e+01 5.307671208861450651e+01 5.860778399336370370e+01 7.256859679280516673e+01 5.797074989853918936e+01 4.568493553132470453e+01 2.544973084213551218e+01 4.187778310933600778e+01 4.602273713180209569e+01 3.022403105143528279e+01 1.916160706261092272e+01 1.951196080816003331e+01 1.987346748855276246e+01 2.330933474355453683e+01 2.097935550048722320e+01 2.138604643458513621e+01 4.154883225893669163e+01 3.936506608029595355e+01 2.537158369354267151e+01 2.697479406272845637e+01
6.510866554257996840e-03 2.487205558338432709e+00 2.248720557070733506e+01 2.019282440766028586e+01 4.019282452548008422e+01 4.437895979040403915e+01 4.070889119078005791e+01 5.481554682366686393e+01 6.301931444868520771e+01 6.637975037944434575e+01 6.795595922061325211e+01 7.599743120825444009e+01 7.723333390887901828e+01 8.524649059577573951e+01 9.440146828963696635e+01 9.745295689502560776e+01 8.756428122518570945e+01 7.938170367199403188e+01 7.280120231269488329e+01 7.835172839641944620e+01 6.226867537723070711e+01 4.974595734127900926e+01 2.964492491872267621e+01 4.568493553132470453e+01 3.961396799093732568e+01 5.638002639338316158e+01 4.141722875595402087e+01 2.233898575428360900e+01 2.079704124794621833e+01 3.931661196796265045e+01 2.040752124278992241e+01 3.736074931099241070e+01 2.547635198462867834e+01 2.675745795524421666e+01 4.678535050939687068e+01 4.886843953354211578e+01 4.719708026618475571e+01
8.953482861371391335e-03 2.000895348286101694e+01 6.050688783837440354e+00 2.605068881843794060e+01 3.257754488644012270e+01 2.437895956004574671e+01 3.855816306297275986e+01 3.488091036922079979e+01 4.858268160529891588e+01 4.662776743172826599e+01 4.821358301833743099e+01 6.123393702891356583e+01 5.763815463478275802e+01 6.694275830638902391e+01 8.190360853221032755e+01 9.160505763909182519e+01 9.184551508092569350e+01 8.191166387767702872e+01 7.366163095059997090e+01 6.682009753811185249e+01 5.405211227155847098e+01 3.408529326860364250e+01 4.393377684327266053e+01 5.797074989853918936e+01 5.333942353279126536e+01 6.726154449478401887e+01 5.104062606549753411e+01 4.216257117167908319e+01 4.008198607588815321e+01 2.173384241655770310e+01 4.154540757919798466e+01 5.143717457097393719e+01 3.964459098935887482e+01 4.686156894478385482e+01 3.265015925604690494e+01 4.683328759640074423e+01 5.995359603886807065e+01
