LEM/sinusoidal_perturbations/elevation_000151.asc
nrows	100
cellsize	150.0
xllcorner	0
ncols	100
yllcorner	0
NODATA_value	-9999
[rows 51 to 67 of 100, columns 0 to 36 of 100]
6.455108993161302530e-03 2.000645510899280666e+01 2.645087491855393225e+01 1.145098710215753890e+01 1.811765376719581155e+01 2.518872153395923519e+01 4.518812724239720779e+01 5.645164606469511881e+01 6.472712057907860128e+01 7.472098805650843190e+01 6.519236750809071168e+01 4.649145099030715755e+01 6.519236750809071168e+01 6.637168642854507539e+01 4.655892079235458425e+01 6.637168642854507539e+01 7.389061593756387936e+01 6.324160096541536547e+01 4.588974304070239185e+01 4.704262004226842464e+01 6.181331272481976669e+01 8.244767762275037626e+01 8.786445378264720318e+01 7.977143487456656601e+01 8.231291554240995367e+01 9.040226618402633108e+01 9.453116953547065293e+01 8.044392284477302724e+01 8.517709777961690065e+01 9.343376563870283746e+01 9.172821098746479151e+01 7.186093327364271488e+01 7.550664666178748519e+01 6.626947777153385744e+01 8.548536946160282923e+01 7.718015477436742344e+01 7.306939179839341136e+01
3.995603441288198172e-03 3.206558679543024315e+00 6.450987102158261877e+00 2.059311503708246605e+01 3.145073094073093500e+01 4.518812724239720779e+01 3.783779915669858696e+01 5.197955496017065968e+01 7.197563814296843532e+01 6.891249589862208325e+01 5.674021455796847135e+01 3.639234497727563422e+01 5.674021455796847135e+01 5.788645562984584103e+01 3.753645083354124523e+01 5.788645562984584103e+01 6.538800318122187605e+01 4.460255443674707010e+01 3.387746314071752352e+01 5.469282226606099329e+01 6.884156779424792205e+01 8.586205325694389501e+01 7.742582411920541574e+01 8.586205325694389501e+01 8.395605579208317693e+01 7.557763863380159819e+01 8.395605579208317693e+01 1.003468043904312026e+02 8.840296789463884863e+01 8.004409066648094040e+01 8.840296789463884863e+01 9.172821098746479151e+01 9.437224465069061807e+01 8.028443043987202543e+01 9.437224465069061807e+01 9.707095655513197130e+01 9.294267966703843342e+01
4.804567899273937473e-03 2.000480456789891903e+01 2.645087491855393225e+01 3.473450207023520164e+01 4.887588910338791948e+01 5.973031033207691820e+01 5.783627212724184830e+01 6.611699279548169272e+01 5.945663617151456748e+01 6.048152689055569908e+01 4.012760408769892706e+01 2.974285331073883398e+01 4.995759136440423021e+01 5.145121907467850519e+01 3.122304052844883060e+01 4.546284612872704400e+01 6.590246732184063205e+01 4.841675534830969241e+01 2.775894068956786143e+01 3.947576476319800065e+01 6.029708919854165572e+01 7.588644208245260359e+01 5.764676402509127939e+01 7.588644208245260359e+01 7.386670649216772233e+01 5.541906656116351826e+01 7.386670649216772233e+01 8.692686311896163431e+01 7.832231865395951331e+01 5.989058614724968521e+01 7.832231865395951331e+01 8.311006271501672416e+01 9.147987047385504411e+01 1.001877523530676370e+02 9.473085141491324634e+01 8.637811942021910738e+01 9.473085141491324634e+01
9.707512844716031236e-03 2.000970751284436133e+01 3.545478729181741784e+01 4.456597461523294612e+01 5.640116974675252948e+01 5.565008403892142752e+01 4.679281439296891421e+01 5.324332521550049790e+01 4.186364939663867801e+01 5.471608517305319452e+01 4.386261851355628494e+01 2.375925890641703120e+01 4.386261851355628494e+01 4.604309980705068739e+01 2.591464652752104314e+01 4.604309980705068739e+01 5.647060098246407023e+01 4.332559867221794292e+01 2.275828206515630825e+01 3.720963450977927778e+01 5.809085212917383245e+01 5.773419216441613599e+01 4.793209025668390666e+01 6.753629407214839375e+01 6.549835259748252270e+01 4.542877899031531541e+01 5.840268680090727571e+01 7.739627366298645939e+01 6.996733840686532346e+01 4.989522083922185658e+01 6.996733840686532346e+01 6.270168083978378348e+01 7.973122375310055077e+01 9.106371917591492604e+01 8.464643684472720508e+01 6.620781970741325040e+01 8.464643684472720508e+01
5.001202446392439237e-04 7.072616003631542192e+00 1.602776288086516132e+01 2.762420647891119074e+01 4.790131677741131710e+01 4.392812535146921959e+01 2.514046711008820623e+01 4.304666555391626304e+01 3.101920728270072658e+01 4.694540862676559101e+01 3.898683762590857782e+01 1.894599461481510261e+01 3.898683762590857782e+01 3.465278487438345678e+01 2.110084901769258181e+01 4.116123280928881201e+01 4.184406903248815013e+01 2.721753708245666203e+01 1.860533555509601911e+01 3.903701667237351813e+01 5.003010174444464297e+01 3.809253811641843868e+01 5.196651783494841936e+01 7.165858975015692067e+01 5.840268680090727571e+01 3.846819696176437731e+01 4.896721852661812591e+01 6.902611854878014697e+01 6.327663255098416784e+01 4.326807971714151080e+01 6.128106217802589839e+01 5.071299621830839044e+01 6.304701471432944260e+01 8.241200388784254471e+01 7.629296956381620021e+01 5.608595247254552163e+01 7.629296956381620021e+01
5.279685921607564676e-03 2.000527968592125205e+01 3.508829929810599424e+01 3.590396314797256139e+01 3.792340068565586364e+01 2.986811541902963540e+01 1.523429504543373270e+01 3.193409196705908215e+01 2.449986241734758963e+01 4.001470477385300484e+01 3.449372391753438905e+01 1.448469483488554665e+01 2.859567973287903797e+01 1.463270650172766096e+01 3.460106882024847152e+01 2.825105858477869702e+01 2.914271284828017627e+01 1.298262400140768236e+01 1.712492558014173127e+01 3.770264162713724687e+01 3.026698931287987193e+01 5.003010174444464297e+01 6.600308621261477526e+01 6.783972979456910934e+01 5.264809526351377400e+01 3.285673204014163673e+01 5.264809526351377400e+01 6.799420634924886997e+01 5.741627128872742247e+01 3.717662903754152381e+01 3.845711199921176160e+01 4.561279861293526494e+01 5.406023999111860689e+01 7.403054551407377915e+01 6.955729720005936656e+01 4.935453345862981678e+01 6.955729720005936656e+01
5.738623160518319517e-06 1.999731477703432247e+01 2.346470399268662987e+01 1.552044428495340611e+01 1.971450525018696709e+01 7.183614542139287629e+00 1.732945610818094551e+01 1.626291040651081943e+01 2.973184573351338500e+01 3.971066956564571626e+01 4.145388606168486234e+01 2.846280906434216362e+01 8.587519304525924824e+00 2.481210272731370381e+01 2.509028079767647057e+01 1.009575979639249610e+01 9.128418108864289948e+00 2.914271284827414377e+01 3.696326460847001272e+01 2.342049095739139020e+01 4.325141019901325734e+01 5.826210290979572193e+01 6.978446539595127263e+01 5.948788329580596468e+01 3.956123271098362437e+01 2.829532657082652491e+01 3.956580033743073699e+01 5.954732072451388092e+01 5.189760262848717787e+01 3.147102549708744945e+01 3.583566781649966515e+01 4.023156918322498399e+01 6.251756282110903840e+01 7.800334962855370691e+01 5.781108397557878220e+01 4.358722935648398789e+01 6.372526165781492580e+01
4.532054705376768917e-03 1.968307227038949492e+01 7.640662166006705336e-01 1.076981572943174426e+00 1.390055412669432444e+00 8.251843276439483787e+00 8.190995713349355611e+00 2.065447832228667480e+01 2.443841230602681591e+01 2.069313206608385869e+01 2.388492935769957271e+01 2.345692124163515402e+01 6.614929084525420500e+00 4.741538984314644267e+00 5.070400640441804718e+00 5.396426610448278538e+00 9.948666203538705233e+00 2.605634810418558089e+01 3.790087203683903994e+01 4.219875855753248572e+01 4.335208612670470529e+01 3.941913198056157341e+01 6.085172525880518180e+01 6.008202168352961792e+01 4.404415134255160780e+01 2.440646025517389717e+01 4.404415134255160780e+01 6.065615180343775847e+01 4.127444397932222842e+01 2.748623967134657065e+01 4.717655184820208802e+01 6.051762008432535112e+01 7.158691850589877959e+01 7.668390438395647379e+01 5.869075358248219487e+01 3.867158513068864778e+01 5.869075358248219487e+01
9.001595176218036079e-03 3.216598567727934066e-01 7.653796933938468605e+00 1.681512713517000179e+01 1.882699076230822754e+01 1.833687077665338228e+00 2.149021422280206206e+00 3.847967300609173691e+00 1.224090353044121571e+01 3.336559967933025117e+00 3.643737592688520266e+00 3.957008707904451139e+00 4.278613081127336848e+00 2.382504093448594773e+01 2.483869113108179860e+01 2.520605106612984869e+01 5.855543718596560865e+00 1.910263446352190897e+01 2.781250176384279271e+01 3.317067605918749251e+01 2.299530377083792843e+01 3.709115359386428423e+01 5.853953943117508629e+01 5.174945955451094903e+01 3.197524641317158967e+01 2.069658662830579132e+01 4.033170701594612240e+01 4.429161149085609139e+01 3.960283907445081297e+01 2.431499209680866969e+01 3.811041974228904650e+01 5.799761861289888287e+01 6.055830631936463959e+01 5.796229532467513224e+01 4.820410551375138652e+01 3.422177409998060682e+01 4.810984223254619963e+01
5.674351268809080251e-03 1.798287637362238556e+01 1.077616488741976042e+01 1.176927216553156796e+01 6.661671037016861696e+00 2.340847565720728696e+01 2.339339869265334926e+01 2.592809836546615010e+00 2.903180372164394285e+00 8.463257903654394454e+00 1.433273131725367655e+01 2.351368663691992467e+01 6.791355911209759455e+00 2.511512228060924201e+01 2.853231199919085270e+01 7.819546157473947545e+00 6.178417056735471924e+00 2.607787607205617064e+01 1.193339009566564535e+01 1.368061905641953402e+01 3.317055209387787329e+01 5.222442715206675956e+01 5.494353729454663693e+01 4.648961884543944478e+01 3.685736421750914360e+01 1.724202795823079271e+01 3.453754464079695197e+01 2.390050762036095477e+01 2.001843792008204659e+01 3.960283896248618163e+01 5.221660069778675251e+01 5.257416235599027488e+01 3.791625805539874250e+01 3.803711205199291356e+01 4.509697832182364152e+01 4.599281829388189635e+01 2.840255018498195838e+01
9.518805923843161668e-03 1.660467106140307791e+01 2.791214082087933335e+01 2.251853366219472719e+01 2.672478086648328599e+01 1.194745368418547393e+01 3.078168188408010053e+01 3.468497633513992895e+01 2.639247956308790677e+01 7.609230566397181761e+00 2.920607916837080253e+01 3.300750726003342095e+01 1.243438626347104758e+01 3.295052611538179832e+01 3.691093350541262197e+01 2.214803886391027632e+01 1.235918641908319771e+01 6.633569999930229777e+00 8.206307881963594397e+00 9.108757625264820135e+00 2.841104048301238194e+01 4.346050651999040326e+01 4.653268937356570945e+01 2.655703988061505427e+01 3.170404311297507149e+01 1.385943666590883971e+01 1.482548542387557688e+01 1.579507928015341456e+01 3.549451816034313367e+01 4.516846239199875868e+01 4.209579723122430295e+01 3.940711973673655422e+01 2.300036913451711840e+01 2.421468975058970585e+01 2.543333516837456898e+01 2.665357014508996514e+01 4.632924244903043132e+01
9.062254805971973678e-03 2.000906225479633349e+01 3.722152381102641527e+01 4.489073057223254892e+01 3.861037780068200220e+01 3.088678195028165518e+01 1.723951124074632446e+01 3.543586027716253994e+01 4.102205747398493685e+01 3.162931920072952963e+01 2.111933785242871053e+01 4.249410321652628397e+01 2.501384441471421738e+01 3.288948328873087235e+01 5.046646477594818236e+01 3.784150730901435367e+01 2.920880175354398745e+01 2.652830147162505625e+01 7.095403229400973899e+00 7.911765316760263289e+00 2.727984142619919439e+01 2.351892067644909901e+01 3.015577262263410674e+01 3.045945033362223953e+01 1.254839775094047205e+01 3.229269455334239325e+01 3.453749442031611494e+01 3.549452104479756542e+01 1.725039614140098720e+01 3.692681436661545291e+01 2.022190055763352845e+01 2.128988332488310320e+01 3.590661067912949989e+01 4.338389431396364415e+01 4.509696258147983627e+01 4.028099858216526741e+01 3.899023099606620946e+01
3.063233560239582431e-03 9.994993682509884181e+00 2.365734183291055714e+01 4.242507185617549226e+01 4.907912632007325016e+01 3.108036623121115483e+01 2.087736856514311512e+01 3.868753734115698961e+01 5.184952845773234031e+01 5.387133999494357539e+01 3.871318629246628262e+01 4.386250966646216654e+01 4.279032547223697946e+01 5.568427556780204668e+01 6.108922888982911559e+01 4.348904973742063618e+01 4.150675398905755742e+01 2.832671796641238871e+01 7.460031706502929794e+00 2.274279156148347880e+01 8.916157744758889336e+00 9.639017751231722997e+00 1.043111291923375283e+01 1.128078456791440942e+01 3.103243117387927441e+01 1.917901915868347373e+01 3.885078653784221103e+01 4.501440577961502498e+01 3.644064474984875801e+01 1.871196147489233752e+01 2.287236000616343290e+01 4.050134135965839022e+01 2.451217092922426488e+01 4.531397884252408659e+01 5.620767265500749943e+01 5.923625032368714471e+01 5.892212836301708734e+01
5.666595628964066558e-03 2.000566659562860750e+01 3.723065316407433301e+01 4.877765854786705546e+01 5.715206147023258865e+01 4.650833708356070417e+01 3.868753734115698961e+01 2.623407534151458975e+01 4.389565223226037460e+01 5.817546227459973807e+01 6.060077067797364947e+01 6.400478443397567219e+01 6.789224194776947741e+01 6.204300673144723532e+01 5.145405480183391944e+01 4.225059662478062705e+01 2.568697318419960141e+01 1.658149453211492386e+01 7.848048593339705725e+00 2.767790028260830937e+01 2.273870792465343627e+01 2.350573163057328685e+01 3.015579030059354082e+01 1.534382184322888776e+01 3.471691562088849992e+01 3.885078659332486239e+01 2.634713860823168119e+01 4.604257468465894476e+01 4.638097012589020096e+01 3.257714827461986573e+01 4.134823784295317495e+01 2.866074812447616083e+01 4.347376745628751848e+01 2.777374219461350791e+01 4.774664144651063680e+01 5.979569641605678498e+01 7.167313793674831857e+01
2.110006612196471242e-03 8.946381916611432672e+00 2.049338730040415157e+01 4.049338730040485501e+01 5.689639273332431202e+01 6.277733752746301832e+01 4.389565223226037460e+01 4.389565223226037460e+01 3.209296896698874235e+01 5.005740189095626391e+01 6.671428430943387866e+01 7.658696345681856599e+01 7.079039279320377887e+01 5.419021997348756514e+01 3.610551470028019594e+01 2.493922225756845634e+01 3.330847290644434366e+01 1.959186905109723398e+01 8.264007847968354525e+00 2.981057699905201375e+01 4.307052440315209907e+01 4.323842988920500829e+01 3.995695752890851793e+01 1.966288530549408975e+01 3.995695752878622642e+01 4.604295911160431842e+01 4.604295911530619634e+01 3.508102009415423339e+01 5.491135406838724720e+01 5.240999236306154785e+01 4.971415774372014340e+01 3.262102215973097685e+01 4.284820367996407242e+01 4.673003438131962639e+01 3.112829870772636554e+01 4.257946676130736563e+01 6.318937488061561680e+01
9.367352646185668139e-03 2.000936735264583177e+01 2.930600806718729601e+01 2.861212148586140813e+01 4.050021275368629148e+01 4.757128056555188778e+01 5.585555181301408822e+01 5.817546227459973807e+01 4.206247487038408650e+01 3.971215814452455106e+01 4.866280996243953894e+01 6.819094982310168973e+01 6.278907537010721995e+01 4.454814797025898088e+01 3.420807617181219484e+01 3.671220305453341837e+01 1.677087341977149393e+01 2.760187361433330011e+01 8.698317605053965451e+00 2.593476616216346642e+01 4.364947458017751813e+01 4.909599436266967132e+01 2.876351575890696211e+01 4.000222601403689282e+01 4.833745459553281165e+01 6.599644913276637226e+01 6.196540046200067309e+01 4.201354429407729185e+01 6.196540046200067309e+01 6.032171776373812833e+01 4.199298467612635477e+01 4.974170351705149784e+01 3.917645025906314515e+01 5.432288453502130920e+01 5.129014206738279569e+01 3.465238692040439616e+01 5.506320564569171694e+01
3.648181865326004768e-03 4.591962859276581099e+00 9.306008067186938959e+00 1.446998586213020666e+01 2.050021275368558449e+01 2.757128056555118434e+01 3.911828594934410575e+01 5.911828594934480918e+01 5.517119061299293037e+01 5.013931872795678402e+01 6.671428430943387866e+01 7.658696345681860862e+01 6.524976726689337170e+01 4.687616855900659374e+01 5.225767102360394745e+01 4.300295141010244748e+01 2.110880817101172724e+01 9.300401193260224630e+00 1.810370079185553394e+01 1.728492921809890959e+01 3.968359617139175555e+01 5.736881957604144588e+01 4.909599436266968553e+01 4.065951419737466210e+01 5.476454576293139098e+01 7.475782120348289084e+01 7.029813582421134299e+01 5.347848680108668873e+01 7.029813582421134299e+01 6.860637532011736539e+01 5.203141214523215297e+01 6.135910638957317786e+01 4.455945202506462977e+01 5.091182952427658392e+01 6.358644592966975750e+01 5.506320775775227361e+01 3.832138296668659905e+01
