LEM/sinusoidal_perturbations/elevation_000486.asc
nrows	100
cellsize	150.0
xllcorner	0
ncols	100
yllcorner	0
NODATA_value	-9999
[rows 68 to 84 of 100, columns 37 to 73 of 100]
7.730581894341517568e+01 5.687056836615426647e+01 4.322427647902540571e+01 5.668217138033180191e+01 7.614906245927987527e+01 7.653549132633412455e+01 5.662213139899316161e+01 7.653548991250133327e+01 5.743569567507251605e+01 3.739721228689983690e+01 4.840626711524485160e+01 4.843140997824627192e+01 3.299605377750494029e+01 5.008794678089465435e+01 5.222746874878718160e+01 3.716322327549568882e+01 5.696818689921186518e+01 6.990736864688508945e+01 8.410399785391015826e+01 8.617609535749227234e+01 9.443460703254967825e+01 9.458420397614511899e+01 7.788518459027078222e+01 9.458420397614511899e+01 9.261293371812043063e+01 7.246339395740687905e+01 7.836505687492581274e+01 7.285516561009067971e+01 5.479094358822324295e+01 7.511418628642249473e+01 7.772330039198702423e+01 8.207741302237619152e+01 7.325521785632524541e+01 8.655285061842846517e+01 8.889031879633017752e+01 7.315238900909646702e+01 9.303642741324607357e+01
7.570456542142665057e+01 5.662708408682661343e+01 5.088588122652097212e+01 6.238389176873577213e+01 8.188241673087910044e+01 8.319193407478348945e+01 6.322263508940674370e+01 8.319188902607210423e+01 6.517680629808504023e+01 4.432575498556109039e+01 6.517529568252837180e+01 6.144103264538060927e+01 5.298516823446898627e+01 3.649115264228715461e+01 5.611381433355573023e+01 5.697062533288156061e+01 4.166605066487453968e+01 5.571934590563252954e+01 7.036898668849215710e+01 6.609109181871424710e+01 8.286341540076480783e+01 9.443460703254967825e+01 9.782382917790201304e+01 1.061048225989950993e+02 1.008948318093504071e+02 9.261293401369550793e+01 9.114004410846273174e+01 7.823852797567487016e+01 5.804725224687901175e+01 5.755390838213526905e+01 5.973219143523010644e+01 6.193573574478249100e+01 6.417226981270259500e+01 6.652734804136878211e+01 6.891894913489404928e+01 7.476676844325447746e+01 9.462197820643082480e+01
8.360851660461220547e+01 7.570113479990780547e+01 7.030937799740985383e+01 6.459882955473385380e+01 8.409586149630681007e+01 9.151108053634450812e+01 7.316320276006483425e+01 9.151086156738213617e+01 7.443453567066524101e+01 5.640888681425465023e+01 7.439669166485613516e+01 6.447913472179230610e+01 4.474165559151487059e+01 5.612679675022592107e+01 4.054861388361926089e+01 6.028972475167200429e+01 6.160657648023461519e+01 4.654894352687771431e+01 5.021263458041048011e+01 5.438463967117090192e+01 6.609109181871424710e+01 8.617609535749227234e+01 1.019814695125683812e+02 1.163150488777919662e+02 1.048780422157555705e+02 9.666781025214623924e+01 8.290329844044646279e+01 6.283936160386948444e+01 7.823852797567487016e+01 7.781568087016347590e+01 6.422979610164584585e+01 8.207741302236821923e+01 7.585646889640936763e+01 8.655285061842846517e+01 8.309261716387190688e+01 7.752152005161406123e+01 8.370696751926726620e+01
8.233174053780342661e+01 7.398173276260494902e+01 8.233174053780322765e+01 8.409586149630681007e+01 9.220254259897450311e+01 1.015458681020926690e+02 9.322066538950222991e+01 1.015458681020926690e+02 8.918733831474408191e+01 7.859716072459447389e+01 7.345602177079831563e+01 5.453135748069382061e+01 6.447913469111693985e+01 6.331171571754062199e+01 4.349327254090793105e+01 6.331188305701191155e+01 7.492684347118677124e+01 6.662604601806975779e+01 6.029801057565898503e+01 7.458001315770422934e+01 6.205414989089013744e+01 7.374369625468102640e+01 9.373033457923594369e+01 1.080981528209711797e+02 8.830021880745402996e+01 7.687081059403988093e+01 7.081552465131557028e+01 6.730906496657426885e+01 8.726099309600144238e+01 8.905590999398032181e+01 6.904983584927362017e+01 8.905590999398037866e+01 9.572943263011072190e+01 1.039501906075852418e+02 1.028872073952521049e+02 8.899644465710682084e+01 8.815200140800294548e+01
7.224459324959168782e+01 5.380097953651608123e+01 7.224459324959170203e+01 7.459941606107005896e+01 8.294946249159286822e+01 8.567033994362044780e+01 9.071476805906381458e+01 9.661463021102562720e+01 1.029879871404284728e+02 8.812464159725119828e+01 6.847546037797732765e+01 6.847546037775154559e+01 6.979524726217833575e+01 4.981217635375429609e+01 6.331188305701191155e+01 4.965033047289262669e+01 6.372213811113964255e+01 8.389759449090882981e+01 7.458362037699420455e+01 8.870938771212719587e+01 7.034304059197093295e+01 7.634241920278667237e+01 9.631087181211306358e+01 1.106745065445346654e+02 9.086604673474536753e+01 9.666781028817156596e+01 9.069879028905070584e+01 7.196375350989612230e+01 9.181306014795883641e+01 9.728591344160125232e+01 8.905590999398037866e+01 7.697663494466212342e+01 9.685145629263169553e+01 1.156796643179303743e+02 1.169825374929550321e+02 1.087413571624273203e+02 9.620622927316495065e+01
6.372471035455299671e+01 4.383824228186959004e+01 5.954686629339130377e+01 5.440262414177581718e+01 6.675006466542993167e+01 6.547481604752350393e+01 7.053705545470647564e+01 7.644697061451071818e+01 8.283365799800321838e+01 9.624722893462040929e+01 8.812464155125249476e+01 8.812464067236790299e+01 7.466770164404351817e+01 5.457805830001296954e+01 7.466770164404351817e+01 6.963139256764914364e+01 5.662248227393821765e+01 7.674826763173295774e+01 9.457842410804640565e+01 9.861480100935210658e+01 8.041086258991302316e+01 9.631087181211306358e+01 1.045644743284779992e+02 1.188900376967657309e+02 1.106745065445346654e+02 1.011415259861464193e+02 8.135286162939794963e+01 8.600796941715587707e+01 8.344391981679298453e+01 1.032455184481682693e+02 1.050805320327219903e+02 8.848432870303388142e+01 8.763699625789247705e+01 9.905966523619180464e+01 1.188705037409290810e+02 1.242182051721714515e+02 1.075738273230452933e+02
4.373506449772722959e+01 3.651331901539639091e+01 3.960575901277206157e+01 4.287188490109154060e+01 4.658270962271402027e+01 5.116516524114827291e+01 5.621888020343956782e+01 6.263717886319594186e+01 7.168558517733418967e+01 8.333281840338273128e+01 1.034909248853503385e+02 9.437119452520268226e+01 7.413402791648836399e+01 5.988014718738026687e+01 8.006135678417875567e+01 8.284556369532923270e+01 6.262873466228707287e+01 7.303600251800197896e+01 9.326595317777071159e+01 1.085708655268079212e+02 1.003190504219848549e+02 1.085708655268079212e+02 1.113400723598247595e+02 1.196259852684472378e+02 1.152003147909166358e+02 9.531818499267157563e+01 9.274806177317005051e+01 1.058277889210698248e+02 9.741668181395753834e+01 1.032455184481682835e+02 1.165302186312322874e+02 1.082811651366430965e+02 1.074327107973465587e+02 1.156796643179303743e+02 1.271457675894348966e+02 1.356991570240366798e+02 1.274104888443866059e+02
3.257523304812114873e+01 5.218368293812201131e+01 5.954686629339130377e+01 5.440262414177581718e+01 6.675006466542993167e+01 5.820784190099800526e+01 7.644697064768945438e+01 8.283365799800321838e+01 9.117578710823467247e+01 1.001894603782202182e+02 1.118188230962143024e+02 9.437119452520268226e+01 7.413402791648836399e+01 6.886552671347287458e+01 8.841964631988389556e+01 8.960590227054893830e+01 6.933182171384834191e+01 8.960590227054893830e+01 1.016205445972538399e+02 1.154725955965740809e+02 1.071842818642098933e+02 1.080552710780258963e+02 9.128363954233445554e+01 1.080552710780258963e+02 1.235400934808932760e+02 1.152003147909166358e+02 1.126072113268277377e+02 1.209373803586429119e+02 1.173175749033370323e+02 1.231992649332748044e+02 1.260834312240959747e+02 1.178452119176188830e+02 1.204344525360452280e+02 1.286679392814517371e+02 1.385740970196305568e+02 1.302652397912893889e+02 1.302652397912893889e+02
4.844449825990876235e+01 4.631984323462616260e+01 6.634024427788345690e+01 7.459941606107005896e+01 8.294946249159175977e+01 7.250899432862820504e+01 7.471699443933596285e+01 9.489080670838994536e+01 1.060882741581240793e+02 9.778607027149448072e+01 1.025860156548870066e+02 1.027052647232798535e+02 9.437119452520268226e+01 8.057042633639854046e+01 9.746294356455265984e+01 9.741839183574485617e+01 7.947377126802064140e+01 9.798479185613976483e+01 1.081055209319282255e+02 9.976402336542598448e+01 8.710210000520822859e+01 9.976048547366308128e+01 7.963623222313590588e+01 9.976048547366308128e+01 1.085575620042240814e+02 1.186235184022514630e+02 1.235573621061247707e+02 1.154210793063285507e+02 1.129449693951948746e+02 1.211445042471083582e+02 1.144781649828401271e+02 9.780526199430268264e+01 1.004101987407376981e+02 1.204344525360452280e+02 1.302652397912893889e+02 1.095197079997316791e+02 1.095197079997316791e+02
5.673787424064583007e+01 6.634024427788345690e+01 7.468766692479833580e+01 7.556180753896285296e+01 8.390713661591210837e+01 9.268687233394163627e+01 9.489080670838994536e+01 1.015876083851405838e+02 9.328008629814094377e+01 7.766463538562754820e+01 8.247930410861724226e+01 1.025860156548870066e+02 1.055257144865404797e+02 1.007965062743292037e+02 1.091170565462138313e+02 1.082979951096244235e+02 9.984071252670828756e+01 1.083100346875439044e+02 9.976128604099878316e+01 7.960271667506121673e+01 7.541507279552686782e+01 8.550187950323987707e+01 7.244211606039294793e+01 8.012955865037770309e+01 9.022035856986030922e+01 1.102944256997974719e+02 1.154183831781512595e+02 9.557139059742057441e+01 9.298378451092649755e+01 1.095924550802231039e+02 1.062041861439309542e+02 8.617531561911644644e+01 1.062751668891828558e+02 1.184822093598863688e+02 1.276958233526139566e+02 1.155959335821578264e+02 9.422231616721559533e+01
6.225421220254891352e+01 5.391022411533118941e+01 5.909051271812713679e+01 5.538867368196545016e+01 7.416247749763259378e+01 8.318625570898598198e+01 9.482876766945594227e+01 9.328008629814094377e+01 7.313711486442105070e+01 6.599632983765356187e+01 8.616895442365766655e+01 9.395776819074301045e+01 8.548476894499275147e+01 9.962042798125752086e+01 1.137182175539897884e+02 9.647832242962408600e+01 8.813927262808141450e+01 9.646318883558963364e+01 9.868342643752335164e+01 8.550245072299789229e+01 6.518924106610904801e+01 6.518924106553990327e+01 7.960221689190778704e+01 9.974492499294346715e+01 1.085575620042229161e+02 1.185747709017023652e+02 1.173518960195003302e+02 1.007426908274125168e+02 8.132506048375327623e+01 9.259149210250834017e+01 9.308571749404461571e+01 8.005558662001699588e+01 9.017486934960406586e+01 1.102445154842956754e+02 1.192644443897569602e+02 9.811898667768338100e+01 8.700550276970980690e+01
4.728180222088089124e+01 3.402495843198026648e+01 3.902734123095040530e+01 4.564988231830804466e+01 5.465056346090897677e+01 6.631055404205422121e+01 8.649066267991857160e+01 9.355732637696949894e+01 7.903685460411078623e+01 5.883207140914198163e+01 7.903685460388274464e+01 7.384512772877766906e+01 7.122912159217752048e+01 8.548462949992664051e+01 9.574881576193494936e+01 8.639139941136647849e+01 6.798277620824715939e+01 8.639139941136647849e+01 9.073022743484483499e+01 7.052204790712228544e+01 5.866345042103025520e+01 7.907800466423852015e+01 8.734464007212014280e+01 9.565488161697524561e+01 9.636647580235597843e+01 1.046526041221008398e+02 1.105669463910458035e+02 9.169678672735938108e+01 9.133988563032612262e+01 7.213844263244473609e+01 7.278312052045806979e+01 8.719778486178275045e+01 1.072998215241938027e+02 1.184822093598863688e+02 1.170059985235074578e+02 9.578325189303596687e+01 8.063545900672207267e+01
2.769368179832645183e+01 4.728180222088089124e+01 5.909051271812713679e+01 6.581082791803672194e+01 7.416247749763259378e+01 7.341638748414239046e+01 8.176551396570050656e+01 8.523900613607405319e+01 6.506601467539569228e+01 5.361130702196103925e+01 7.149915357677194550e+01 5.955244560209089144e+01 7.384197305016445512e+01 9.388818817767223379e+01 8.739155543779556012e+01 6.723088484588426184e+01 5.788634307805416768e+01 7.805940504608955166e+01 8.987322345058127837e+01 6.968716716063293859e+01 5.518342413536112900e+01 7.562641649309975378e+01 6.704166514597935134e+01 8.207962000237428413e+01 7.616181056635306845e+01 9.636647580235597843e+01 1.122633515189871929e+02 9.642494373642767869e+01 7.564904793895338742e+01 6.628761242074713778e+01 8.682327940718670334e+01 1.013746282561246375e+02 9.513686658166052723e+01 1.034338429810317592e+02 1.134820279015008282e+02 1.069948761585705341e+02 8.565026002132574945e+01
2.882042505638176166e+01 4.840536752859116376e+01 6.100081122408079892e+01 5.306774782956917846e+01 5.912483162199002606e+01 5.320507535647382014e+01 7.341638748414239046e+01 8.434909475999640449e+01 6.876783275874961987e+01 4.857820682603117746e+01 5.130677140614113085e+01 7.149915357677194550e+01 8.803601715091301116e+01 8.821854090084194411e+01 8.548337989422202554e+01 7.092663531614942940e+01 5.083613705975065500e+01 7.092663531614942940e+01 8.548337989422202554e+01 7.235286497622843171e+01 5.191034410401834975e+01 6.789213819000158878e+01 5.519126681634240583e+01 6.169192317605412512e+01 7.196451466864743907e+01 8.377679753152096964e+01 1.040392120012261614e+02 9.808400777402511039e+01 7.769297627440037957e+01 6.294265375326583722e+01 7.920855097526920474e+01 8.427020392682489103e+01 7.480720219612722133e+01 8.506146911798064991e+01 1.052122640453402909e+02 1.155572180388859636e+02 1.033477535552458164e+02
2.241985950531665139e+01 4.114195183845936299e+01 4.547863691343952297e+01 3.310010063539982639e+01 3.903575735878727926e+01 5.058335649467198181e+01 7.079270363169939628e+01 7.601878348342529534e+01 5.582880709909825612e+01 4.419104471874107531e+01 6.436209518300177024e+01 7.982128765156500094e+01 8.218753928858119195e+01 6.769420635818664778e+01 7.717322216626321563e+01 5.704984244043956920e+01 4.574094713431080095e+01 5.704984244043956920e+01 7.717322216626321563e+01 8.071414533772723132e+01 6.789213894668263549e+01 4.749079108388831827e+01 6.413512939841989180e+01 7.093920943362039111e+01 7.930706556189764456e+01 8.945141024515044137e+01 1.044462682760689063e+02 9.275252929869860452e+01 8.440125631326947087e+01 7.920855097526921895e+01 5.837697086288800108e+01 6.362109312546213147e+01 7.568392790428949013e+01 9.599927509751353227e+01 1.134820279015008282e+02 1.064930350520465225e+02 9.818320205244705789e+01
4.194293331854865414e+01 2.310608020526166939e+01 2.644329034802366607e+01 4.550088949728067433e+01 5.912483162199001185e+01 6.748529466108718111e+01 7.914590712872809775e+01 7.552070235203362358e+01 5.533885782566706268e+01 4.101282349080265277e+01 5.533885782566706268e+01 7.552070235203363779e+01 7.204741737862060802e+01 5.367271641543986505e+01 7.204741737862060802e+01 6.122922993412734627e+01 4.196479091737533906e+01 6.122922993412734627e+01 7.738008504919197605e+01 8.101083946683769454e+01 6.069920906315216058e+01 6.069920869236208461e+01 4.381175401044876594e+01 5.052703512483675752e+01 6.075942982793512215e+01 8.111900501005194997e+01 9.614727397782060336e+01 7.580257459621645921e+01 6.374533209360749453e+01 7.247555290468709188e+01 5.526158665492462063e+01 7.617095649545470337e+01 9.261399349085394306e+01 1.042940110079545519e+02 1.124343596772758076e+02 9.228017928472631581e+01 7.794506818930693726e+01
5.086891725220297644e+01 4.263775981357230194e+01 2.379670502250926489e+01 4.329747780881507424e+01 6.066214601038551280e+01 6.898746058533413361e+01 7.160284922969223942e+01 7.351520679221020771e+01 5.826852248168491855e+01 3.775640292028477774e+01 5.238366134927613160e+01 7.257779614189460915e+01 6.364922216512746900e+01 4.454390752704927081e+01 5.410017425894491794e+01 5.235523549429280621e+01 3.887403160059307083e+01 4.992275761605096562e+01 6.808542053429626151e+01 6.272776542592363569e+01 5.743720797228898789e+01 4.046250889520281646e+01 5.473873765567427085e+01 7.093908975173044951e+01 7.930706714287200043e+01 8.945106826304933634e+01 8.878130861381625039e+01 7.751516835951106543e+01 6.905043400316614566e+01 5.149680749496179288e+01 6.644447481208021600e+01 7.617088705943770321e+01 9.655324741868881233e+01 9.347948692732242648e+01 1.018053817818238258e+02 1.064930350520460252e+02 8.736546447194163534e+01
