LEM/sinusoidal_perturbations/elevation_000748.asc
nrows	100
cellsize	150.0
xllcorner	0
ncols	100
yllcorner	0
NODATA_value	-9999
[rows 34 to 50 of 100, columns 0 to 36 of 100]
2.064481644892168701e-03 1.948870393304819970e+01 2.075683172330197834e+01 6.675763559892160970e+00 1.526329863397188369e+01 1.444779719275177321e+01 1.572607237509404143e+01 2.116164492594224100e+01 4.921538513247277535e+00 2.377558390312931280e+01 2.726691823745856169e+01 2.046667113406001093e+01 4.522107496081366307e+00 2.615595372433584487e+01 4.096718166077622669e+01 4.973179019440794235e+01 4.671320082970767373e+01 3.614520682624333148e+01 5.033371966282690124e+01 7.015176637836464124e+01 6.550213692478509131e+01 4.576565879750143750e+01 5.926091447375038967e+01 7.827263706642308705e+01 8.891798703175709306e+01 7.089440106799436592e+01 8.661343194055963579e+01 9.481696660280954347e+01 1.107765789220520674e+02 9.080185408988798201e+01 8.234178829889226847e+01 8.494250695210619995e+01 1.049475694185767054e+02 1.038011721068727695e+02 8.358075472557642627e+01 7.182187872778879978e+01 6.268269719634578507e+01
2.905961989428186391e-03 3.000269380756457327e-01 5.971821596779284258e-01 8.944398844690366612e-01 1.192297251413748205e+00 4.656580348521554669e+00 2.035514299786012060e+00 2.333607766089949465e+00 2.631352103661020791e+00 1.329605863945828048e+01 2.704977300813419561e+01 1.701918978536529536e+01 4.250531535321491639e+00 1.087928943266231308e+01 1.930348905354736289e+01 3.226451173153958507e+01 5.346136296762256990e+01 5.033371132574356466e+01 5.033371138493106400e+01 7.015069161771064898e+01 7.247261487042656825e+01 5.275713062141436183e+01 7.247261487033894412e+01 8.717272615430344729e+01 9.877541351588055818e+01 9.056241620638363088e+01 9.877541351588057239e+01 1.067678155274312246e+02 1.045100312830764722e+02 1.105879280982148316e+02 1.023585188776296491e+02 1.049475694184577179e+02 1.131704740602381634e+02 1.121607201032239516e+02 1.004929980962828893e+02 9.143041162599303107e+01 8.304558519339803979e+01
3.542675937824442140e-03 1.625256002517789966e+01 1.875502617227640201e+01 1.090299906831124410e+01 2.094684609601043590e+01 1.613811924480065718e+00 2.175810272042131999e+01 1.117133317845583029e+01 1.016327153834764907e+01 3.049851663427484372e+00 2.277110042298568970e+01 3.859443482345680909e+00 5.029700877479184484e+00 2.721586012290672230e+01 4.056861318934760163e+01 4.974520437651400329e+01 6.180534987301091832e+01 7.015064300646534434e+01 7.015070411698717123e+01 7.822520733205355725e+01 8.065087813093046520e+01 6.415547533515575651e+01 8.065087813542831441e+01 8.895157544738866306e+01 8.895157544738934519e+01 9.717323080735911844e+01 1.067678155274312246e+02 8.633223455546155378e+01 8.410604403192903078e+01 9.857423611246176165e+01 1.038565071483443347e+02 1.121675885010755565e+02 1.201975723373514739e+02 1.086378178971206125e+02 1.003777291081373590e+02 9.323735236827143069e+01 7.963920105487595436e+01
3.411803931810562015e-03 7.647020547780235766e+00 1.602322787316218822e+01 2.000347552318487843e+01 3.311314828213613026e+01 2.033584846213323516e+01 3.559492702781027162e+01 3.168706721125123238e+01 1.750925330946175862e+01 3.677105147603092039e+00 3.459332559430690068e+00 1.419815407947305985e+01 2.545360340693118673e+01 1.700019629791487930e+01 2.867037713526508824e+01 4.409086227861961049e+01 6.568854104231894553e+01 8.451431394081038206e+01 8.361225115376302597e+01 9.214742241582582949e+01 9.203107124327722488e+01 8.383404043283854890e+01 8.322590330819549820e+01 6.927857580903193480e+01 6.927857580903193480e+01 8.895157544738934519e+01 1.002049579674227715e+02 8.931540235315975451e+01 7.003577306990487727e+01 9.007687128876425220e+01 8.396185210562330781e+01 1.006526448363578083e+02 1.119830119838404840e+02 9.188207240691373556e+01 8.018169385619341938e+01 7.296669954515253664e+01 6.649645215293803346e+01
3.327314952832964925e-03 1.989817782543721236e+01 2.381240121438836255e+01 3.616453348993700700e+01 3.119739030995744855e+01 4.252063187394314525e+01 5.043590214757715984e+01 4.646389138226611237e+01 3.209638675318472423e+01 2.342480813814500351e+01 1.324101580732431316e+01 2.829353740308650700e+01 3.742848133707916247e+01 3.921327631987279716e+01 4.780676887980624201e+01 5.922159421174738725e+01 5.496607312292567826e+01 6.848937390338993225e+01 6.222527635011861236e+01 8.361234372052595631e+01 8.159798240424562721e+01 8.092340235645644952e+01 7.504066399682612598e+01 5.509054514108189693e+01 7.504066399682632493e+01 8.827664111811583325e+01 8.884844781545073999e+01 7.571814434963954454e+01 6.342262703285387460e+01 8.096357725173238862e+01 7.261326003167121712e+01 9.237032270399460288e+01 1.105611202844642804e+02 1.086378178971206125e+02 1.003777291081373590e+02 8.091169239343973629e+01 8.682720911031356081e+01
6.779948344387334673e-03 1.431889329748019790e+01 3.366402947050085004e+01 4.771308460434801901e+01 4.160900744723155498e+01 5.347820735224473054e+01 5.321317126863569058e+01 4.543862764458382486e+01 4.166570204824655832e+01 4.088861536750205516e+01 3.302939540781370908e+01 4.155872725561508219e+01 4.508944518143672298e+01 5.428925996866442460e+01 6.137533119236412915e+01 5.255067454430504625e+01 3.983066272832089538e+01 4.690137781448907361e+01 6.848943344332037952e+01 7.572745992841018392e+01 6.163462982725928896e+01 6.107132511914210937e+01 6.122298707177721866e+01 4.852390473556979344e+01 6.035184342621433018e+01 8.013679021865752361e+01 7.993699688514034563e+01 6.221274095212175581e+01 5.699909563593357120e+01 6.118651134477803311e+01 6.635333889446066280e+01 8.606165130434071386e+01 9.048254159317123424e+01 1.105611202844642804e+02 1.093647636732360269e+02 9.523058916853871381e+01 1.007681182245130316e+02
9.516927588586143695e-04 1.414308731648993422e+01 3.414308731649063589e+01 4.645118567224548656e+01 5.806715428811475022e+01 5.036780035394892963e+01 4.201986054784839553e+01 2.762044613020044892e+01 2.522530062404007012e+01 3.311492236175512716e+01 3.457126007129527068e+01 3.578636698134109650e+01 2.388469620408764271e+01 4.337871169860783027e+01 5.255067454430504625e+01 3.135472047074970092e+01 5.255067454430260199e+01 6.848939646260699021e+01 7.718442850562959734e+01 6.748176545078082711e+01 4.718277827890185705e+01 5.449688091685166569e+01 4.063495091114619839e+01 5.518837386931718925e+01 7.458207261631009999e+01 7.602478445293193943e+01 6.783470446920823349e+01 5.200099124396802353e+01 7.202902765086236059e+01 8.064714430651510213e+01 8.606165130433916488e+01 7.435903424415867846e+01 8.312058710857603216e+01 9.457912912822285989e+01 1.147486909460397442e+02 1.152991337798094378e+02 1.149439186943516091e+02
1.945935296826602993e-03 8.166911744574157694e+00 1.816691174457433533e+01 3.816691175270978675e+01 5.592116592512221729e+01 3.675873712479404531e+01 2.285990391906587149e+01 2.728297879663612235e+01 1.193775033648569028e+01 1.311951377113670603e+01 1.430607147338902507e+01 1.549947447858727401e+01 1.669784475762368459e+01 3.701420127437925345e+01 4.702727303699051475e+01 2.644094017497741334e+01 4.741550633144541393e+01 6.453309198573937522e+01 6.258861202516646927e+01 6.044783595361835182e+01 5.212222749271135314e+01 3.408307060359533835e+01 3.608023938846794465e+01 5.663727555601768415e+01 6.156138665579948821e+01 6.367838435879577474e+01 4.748416948886016087e+01 6.783470446920823349e+01 7.207568115300517775e+01 9.155444990191986676e+01 1.022730490066441291e+02 9.416702943313525509e+01 1.025078806373178395e+02 1.114740249424094145e+02 1.231297789056923762e+02 1.250595365237345931e+02 1.135725935985471722e+02
5.600688922766023682e-03 2.000560068886591125e+01 3.645118383703852061e+01 4.645118538002211750e+01 4.910153020230013254e+01 4.113791145614414546e+01 3.016449449852875375e+01 1.028221201965575560e+01 3.029105971440622014e+01 3.336476379987269070e+01 2.856593205180551465e+01 3.578802528984022757e+01 2.663441837038809012e+01 1.842325278556060297e+01 3.878391201850144654e+01 2.194822543679956084e+01 4.245423169532298147e+01 4.421871537073980107e+01 4.219877369214126617e+01 4.964809689971966122e+01 3.157058500784571820e+01 5.212227709904677653e+01 5.663727548579466031e+01 3.895499706541308882e+01 4.103570087947908718e+01 4.317304283149585586e+01 4.642669337587214784e+01 6.683268533099170838e+01 7.531546889912368670e+01 7.942971646116717466e+01 8.448244418001517886e+01 8.989733248835837287e+01 9.642519515249340145e+01 1.046516640328505900e+02 1.145452743037167949e+02 1.168894130960649562e+02 9.692238765253365784e+01
8.215197286175309616e-03 1.415035082507859521e+01 3.415035651746109124e+01 3.785785676542519695e+01 4.139152489752468966e+01 2.162544206136168867e+01 2.715654391828792669e+01 9.128191504372846765e+00 2.326607362902822018e+01 4.355174294567527227e+01 4.906987150063121561e+01 4.298081897592479095e+01 4.584773486049486024e+01 3.021761000579406797e+01 2.016410234159755177e+01 3.905644271064360851e+01 2.382337123227671682e+01 4.421869969995518801e+01 2.770733356739572883e+01 2.912251624067977929e+01 4.964814526428877883e+01 6.045778974599500089e+01 6.777416206933193621e+01 5.360576350357202813e+01 5.740102367442246845e+01 5.385673159886145811e+01 6.665419575200412794e+01 5.123560079838119918e+01 5.537565831147810513e+01 5.970185786717333798e+01 6.491331387199625169e+01 7.037367504173488442e+01 7.684160716008820202e+01 8.656191865193135015e+01 1.062884716530554527e+02 1.194650268160028617e+02 9.951955095589231348e+01
2.613274238814250559e-03 2.000236024170234117e+01 2.589045005219619711e+01 1.785374480754437343e+01 2.475451255202581535e+01 2.591434267631245447e+01 7.517008111420211414e+00 2.749598587406314820e+01 2.176498067633541922e+01 3.335570080087830291e+01 5.388561339118341920e+01 5.728477560634348009e+01 5.473773632633685793e+01 3.517438285945568310e+01 3.027683043524044493e+01 4.775083690006059101e+01 4.302978904162728213e+01 2.572510672619234384e+01 4.615446865955352251e+01 3.367849268958586606e+01 3.330037993246991590e+01 5.380628961751717299e+01 6.649499534576698068e+01 7.373054589306269690e+01 7.654218820377005272e+01 6.762550593953019984e+01 7.521917545755286483e+01 5.729830542788533876e+01 7.531617358583974919e+01 7.942971646116717466e+01 7.222993951498938259e+01 8.413301300463294297e+01 9.642519515249340145e+01 1.046516640328505900e+02 1.145452743037167949e+02 1.276256362411982650e+02 1.194650268160028617e+02
7.532853315450405325e-03 2.000751893250662050e+01 2.632194917166876369e+00 3.726545371759767189e+00 4.827506193899682607e+00 5.933498939535883032e+00 2.575458093060351317e+01 2.164119536671874044e+01 4.166145748800573756e+01 5.069143478707316319e+01 6.265132275970400855e+01 7.760021662249251051e+01 6.376841919803775482e+01 5.540733167018719740e+01 4.216131629257961322e+01 5.415899905566305250e+01 3.369278705797075446e+01 4.615447719583188757e+01 5.452636189748324114e+01 3.824284272073382596e+01 5.380628961751720851e+01 3.762897432219965310e+01 5.818989136024993769e+01 7.105041252612372205e+01 8.519747090191444272e+01 9.104526905291801597e+01 8.428750770201538955e+01 6.453015974506895702e+01 7.725990684248650098e+01 9.681966958668903089e+01 8.350278942642601976e+01 1.000238363369256689e+02 1.120605285225577603e+02 1.171644671322533640e+02 1.254469785841470610e+02 1.178814077786865937e+02 1.095893863947934790e+02
6.101047412966256744e-03 1.089161769560730075e+00 1.215985486939548288e+01 2.314687815789710257e+01 2.480948988258407084e+01 1.591210315847389367e+01 3.391773309690192661e+01 4.165075285602686250e+01 4.996257098888857229e+01 6.104355608425616708e+01 5.958394480842602547e+01 6.787948653946422439e+01 8.203753586506154249e+01 7.116874154075283343e+01 6.277390816326644085e+01 6.031663374481850326e+01 3.989406988497958650e+01 6.031663374481905748e+01 6.539623515097768802e+01 4.379595017872273388e+01 6.539623509781000621e+01 5.818989136024993769e+01 4.223931974731588923e+01 5.690335415071438518e+01 7.595829988725564874e+01 8.745239540113347232e+01 9.251512083722695934e+01 8.429663958689972958e+01 7.852005235406943484e+01 9.830881196437063352e+01 1.031786793915730982e+02 1.114216727084873213e+02 1.138687992951124102e+02 9.708634717555206350e+01 1.138687992951124102e+02 1.078603913879317133e+02 8.953769320154944467e+01
6.842009524227352091e-03 2.000684200952387215e+01 1.912161243075460959e+01 3.330357259856346275e+01 4.358753346384317240e+01 3.567575596890198852e+01 4.383682742504144159e+01 4.988458245258871671e+01 5.049616068588868245e+01 4.106433266382986602e+01 3.957645537453068130e+01 5.372143696960498005e+01 7.077005971800444684e+01 7.077005971800915063e+01 7.912006223494688584e+01 6.747171369235124416e+01 4.723409148902374000e+01 6.747171369235124416e+01 7.207203265864423258e+01 5.096130763091254323e+01 7.207203265864423258e+01 7.105041252612372205e+01 6.278376938602760760e+01 4.734049346465268826e+01 5.929772633731968767e+01 7.924542140977395377e+01 8.751124503227133289e+01 9.572446026913630135e+01 9.831035125300783761e+01 1.066804633568921759e+02 1.186173076817204048e+02 9.854689991449184561e+01 9.854689991449183140e+01 8.546386252228954561e+01 1.055723591694133034e+02 9.956353979817147604e+01 7.952746355682121759e+01
1.934550753332892102e-03 2.000193454326113951e+01 3.675088886853075820e+01 3.686021193839726351e+01 2.863040703910711926e+01 3.078455111460253235e+01 3.297706763832002963e+01 2.945281406007111258e+01 3.144017071679461850e+01 2.692568621016353703e+01 4.693009743372824971e+01 6.488184031432432164e+01 5.064361944891999201e+01 5.064361944891998490e+01 7.077005971800981854e+01 7.570611634011336832e+01 5.905132930044603512e+01 7.570611634011336832e+01 8.030558738919080497e+01 6.089948506255602467e+01 8.030558738919080497e+01 7.924540154337853437e+01 5.929772633604954990e+01 6.772861428997995858e+01 5.369180933442627435e+01 6.021981823334901662e+01 6.780404018337411287e+01 7.917077548024204248e+01 9.890453831983398914e+01 1.074873451556464516e+02 9.918360431261261567e+01 9.680236600126434610e+01 7.842839942974137557e+01 7.785258541534567200e+01 9.797206187726918358e+01 9.247971710778664090e+01 7.245593408899557630e+01
4.364784840791047053e-03 1.979847120159919882e+01 2.370842082058887712e+01 2.562656220483050973e+01 8.615131125446023219e+00 1.077178658958569102e+01 1.296707178964658169e+01 1.520313976818354007e+01 1.749729711105793228e+01 3.751841320891132625e+01 4.406340988935058078e+01 4.707803678621228727e+01 3.646980750098725110e+01 5.653851732258947749e+01 7.317989026768893268e+01 8.143264845710673683e+01 7.897417268132369372e+01 8.719621975242738188e+01 8.928046761545761001e+01 7.534239868856857925e+01 8.928044150664932488e+01 7.924539160283745787e+01 7.345576148350538404e+01 7.977254283309106597e+01 5.992331782434814613e+01 7.977254283309106597e+01 8.006262173707304441e+01 9.572446026913630135e+01 1.071448134460477917e+02 9.918360431261261567e+01 7.906741460348831652e+01 8.495931015765576433e+01 6.835010163568691155e+01 8.848764970892941051e+01 1.003139362653651006e+02 8.027976925349821613e+01 6.611226518179869061e+01
5.219006137575642711e-03 1.862172387908096471e+00 3.727182004388728043e+00 5.617004369434871691e+00 2.561800801558992546e+01 3.078312860369632986e+01 3.298140971820563294e+01 3.521929417262484208e+01 3.751841320896716070e+01 2.108940333314322046e+01 2.403773095484569922e+01 2.705028019523439298e+01 3.057758657638973432e+01 4.472278878491657395e+01 6.430859058643831361e+01 6.125648172531955993e+01 8.143264845710673683e+01 8.886841437734972260e+01 9.721768337456435916e+01 9.503700071477788924e+01 9.204384596754896108e+01 9.903066354480853306e+01 9.322271708118479694e+01 8.797186991767911479e+01 7.143953743727399797e+01 7.399433631586877880e+01 9.372236737610425905e+01 1.080584641073551069e+02 9.688159632644654096e+01 8.812779751744493240e+01 8.075175060683709205e+01 6.480651386520594315e+01 6.329354024271612644e+01 8.345326268942412185e+01 8.475628392136287914e+01 7.644379415806557176e+01 6.181133955646784983e+01
