LEM/sinusoidal_perturbations/elevation_000315.asc
nrows	100
cellsize	150.0
xllcorner	0
ncols	100
yllcorner	0
NODATA_value	-9999
[rows 0 to 16 of 100, columns 37 to 73 of 100]
1.089811964044274930e+02 1.006496636121781165e+02 1.006496636121781165e+02 1.020951073117729777e+02 1.020951073117729777e+02 1.104349548955219689e+02 1.192730585558685448e+02 1.107831658443294600e+02 1.107831658442760272e+02 1.081477418726193065e+02 1.166256965199780780e+02 1.283804291446061256e+02 1.258302325964261428e+02 1.175852566374315700e+02 1.197730476039844092e+02 1.280202168297396099e+02 1.325117881656428267e+02 1.256715560684868223e+02 1.173054438201588425e+02 1.256715560684868223e+02 1.268780320473269256e+02 1.181963405256824302e+02 1.162542574701793399e+02 1.162542574701793399e+02 1.249265576438209280e+02 1.347985825817750936e+02 1.287687062801300044e+02 1.287687062801300044e+02 1.372613120059581604e+02 1.314852660336949270e+02 1.229637524143634977e+02 1.314852660336949270e+02 1.333596382896958517e+02 1.248435725837602632e+02 1.333596382896958517e+02 1.421288303184346660e+02 1.305142006371913794e+02
1.006496636121781165e+02 8.103892772068448380e+01 8.103892772068448380e+01 8.244487815378590767e+01 8.244487815378590767e+01 1.020951073117729777e+02 1.107831658443231078e+02 9.080960663528658472e+01 9.080960663528658472e+01 8.824991588638290807e+01 9.958733215142085271e+01 1.198414790185796477e+02 1.144377188934471263e+02 9.792438713646225779e+01 1.000613319248111850e+02 1.166060498640267440e+02 1.124934618327156812e+02 1.124934618327156670e+02 9.762694765313517564e+01 1.157562896753785537e+02 1.148485690851034775e+02 9.741198591017034403e+01 9.564621195480711435e+01 9.564621195480711435e+01 1.162542574701793399e+02 1.142367883071715511e+02 1.082174708500195237e+02 1.082174708500195237e+02 1.287687062801300044e+02 1.212065662445461243e+02 1.024127127429432846e+02 1.212065662445461243e+02 1.230689734973413039e+02 1.042532428593298164e+02 1.230689734973413039e+02 1.337295810402957841e+02 1.136789140480040174e+02
9.941913043479316059e+01 8.678277927923964796e+01 6.753369750783184600e+01 6.891542779271749453e+01 8.244487815378590767e+01 1.020951073117809642e+02 1.107831658441667031e+02 9.080960663528658472e+01 7.703264127145516227e+01 9.665972668317738226e+01 1.116095197702364317e+02 1.179678177102076120e+02 1.057595290454913766e+02 8.699487300655684408e+01 8.906235038779938407e+01 1.078959673108201827e+02 1.124934618327156670e+02 9.294594828000825260e+01 8.805784518602449396e+01 1.074661957366469522e+02 1.061964877934838967e+02 8.554152172713415325e+01 8.153065883826843674e+01 1.016821687392586426e+02 1.164305956280551300e+02 1.142367877371922589e+02 9.410112207605769186e+01 1.142367883457375513e+02 1.284010516190241731e+02 1.126882325786534267e+02 9.245071267182407837e+01 1.025694726252387881e+02 1.043987877330031466e+02 9.424916774446134582e+01 1.145484077215450469e+02 1.291381901009233957e+02 1.214590414695578744e+02
9.115648914614226328e+01 7.179339434983231172e+01 6.085922084679913979e+01 7.997720115315279088e+01 8.820029702228733015e+01 1.079731368785676295e+02 1.072555689580907057e+02 9.175295533023449934e+01 7.207764224497472583e+01 8.339269349750607319e+01 1.031732853760378106e+02 1.082351546221285332e+02 9.053659750535369710e+01 7.886257568660168715e+01 8.086288870887422320e+01 9.260996514504658705e+01 1.119310086887205529e+02 1.001305287488026039e+02 8.088766083794995154e+01 9.619270977955683577e+01 1.138833308474543742e+02 9.455753408818966932e+01 7.462765152334317520e+01 8.620264154446688565e+01 1.074117903911194674e+02 1.009041368434827035e+02 8.827916590209524372e+01 9.957701274514545275e+01 1.198979620258061374e+02 1.166573446233186360e+02 1.025694726252329190e+02 8.270733277204917044e+01 8.446678265939893038e+01 9.842507378509519356e+01 1.188206089637798044e+02 1.090551132709553883e+02 1.131098712282885828e+02
8.975010791355289541e+01 7.041024509107006679e+01 5.703141799592238925e+01 7.041024509107006679e+01 8.975010791354330308e+01 1.036898138709181723e+02 9.885680634869709138e+01 7.911600611377058101e+01 6.767504604285215919e+01 8.166109426300126017e+01 1.014579191247292158e+02 1.001116281898672469e+02 8.127341424422675686e+01 7.217544387857793708e+01 7.413049104366189113e+01 9.260996514504931554e+01 1.090720201014610495e+02 8.955351378558025033e+01 7.603295584801823281e+01 9.527035192686930998e+01 1.057765849676769676e+02 8.999032811601057347e+01 7.032657681129413163e+01 8.999060748867188408e+01 1.009041368434827035e+02 8.129033166135323540e+01 1.009041368434827035e+02 1.044766973218385715e+02 1.129203984883090328e+02 1.081642475039467541e+02 8.810114891336273502e+01 7.694276830131092026e+01 9.658081213191145764e+01 1.128796334571702715e+02 1.149373102873625925e+02 9.511048212132959634e+01 1.009176256417402300e+02
7.878525892424318045e+01 7.253849981129937419e+01 5.357932909810596556e+01 6.689679296764836636e+01 8.615878554643641962e+01 8.375840695942217451e+01 8.375840695942217451e+01 7.852554453767562848e+01 6.379566676406077619e+01 7.785457407885388648e+01 9.764801840372300035e+01 9.798923085142831724e+01 7.923825816705877401e+01 6.655657703561369942e+01 8.473029091246573330e+01 9.852596512407137652e+01 1.046991154464119660e+02 8.523191564693171074e+01 7.174258281309187169e+01 9.093357528818192748e+01 9.725656896338874446e+01 7.741705022549140836e+01 6.635046951733149001e+01 8.580250860382631117e+01 9.643315799842606850e+01 7.693575149185140560e+01 9.045095037743445232e+01 8.464129577064916532e+01 1.044766973218385715e+02 1.085802015398470814e+02 9.293411894165119236e+01 7.343688819707469406e+01 9.293411894165119236e+01 1.093582955407847948e+02 1.149373102873625925e+02 9.511048212132959634e+01 8.141504733703760621e+01
7.878525909555942519e+01 5.969100478356805439e+01 5.034835515161378083e+01 6.361826000011887317e+01 8.280570303619794004e+01 8.212666434640239288e+01 6.395954522176818813e+01 5.872774939990034682e+01 7.015592180142827772e+01 8.991462389067454808e+01 9.497322747691114841e+01 8.701024274491635424e+01 8.129578181842425977e+01 6.306380635935776979e+01 7.208987488654199183e+01 8.492411340875092662e+01 1.039671467850542399e+02 8.699013399291924031e+01 6.786615366532736005e+01 8.165308574485635518e+01 8.975868846917656185e+01 8.206227687723684028e+01 6.272494979469497878e+01 8.206227688175019352e+01 1.005594897082315384e+02 9.045095037743445232e+01 7.112377794873546577e+01 9.045095037743445232e+01 1.028104658391230402e+02 8.851352501984072774e+01 8.948746292151685111e+01 7.013174018864914672e+01 8.112111783630015793e+01 1.009161028487062879e+02 1.128739291841071406e+02 1.057270467729574932e+02 9.116633648938882573e+01
8.097433047843230725e+01 6.625139598531748675e+01 4.733535798226835567e+01 6.625139598531748675e+01 7.670051164139881905e+01 6.971655332439600272e+01 5.442992534009430727e+01 7.385897609059516356e+01 8.676714383440371137e+01 9.802486302634618198e+01 8.701024274491635424e+01 6.854469838607241172e+01 7.395313111047673260e+01 5.979237353283479450e+01 7.274808683256098618e+01 9.125632342554648346e+01 9.134783119698751364e+01 8.551721691916360157e+01 8.165346690564271626e+01 6.260662463375611253e+01 8.165347887633461710e+01 7.853498918116173400e+01 5.926155309983844433e+01 7.853498917711546312e+01 8.077740910045109501e+01 8.687710684497710645e+01 6.767843876098423550e+01 8.686537769879927851e+01 9.437328645966680085e+01 7.485564763638070929e+01 8.202868962635405126e+01 6.707450133230133815e+01 8.051848342197696695e+01 1.002762583652120725e+02 9.183783315586221363e+01 9.055151066018382267e+01 7.807603487736803061e+01
6.670630589383395659e+01 5.377177359515125232e+01 4.419566073443423448e+01 6.336672723330595147e+01 6.538279759594827567e+01 5.089602231776570562e+01 6.971655332447087972e+01 8.212666434637570489e+01 8.502521563422189388e+01 8.520191589285354894e+01 7.778980822606854417e+01 7.007331493377732556e+01 5.534618638575072680e+01 7.395313111047241250e+01 8.601241535058217380e+01 8.357690619878783878e+01 7.213395682259094599e+01 6.659054154292805094e+01 7.801243809377129423e+01 5.918267613553892659e+01 7.821491780583710351e+01 7.518314873289328659e+01 5.601752885026978390e+01 7.075631767306731490e+01 6.719767231421666054e+01 8.350001660680882765e+01 6.440938326734533348e+01 7.884028057315968852e+01 8.636788079111414618e+01 7.822639762038487277e+01 6.294865150550399591e+01 7.802691989183452392e+01 9.387801336605451752e+01 1.051405378399202419e+02 9.183783265103754445e+01 6.670396532110692078e+01 6.495054481657558654e+01
5.752180740857048136e+01 3.990489383339014751e+01 5.936674298453124266e+01 7.125316156288808145e+01 6.249102713415717858e+01 4.860908049360291017e+01 6.701646354781094317e+01 8.408130231799140120e+01 6.613709554589071615e+01 6.366023182420310178e+01 6.852589549925180279e+01 5.131623220206078884e+01 7.007331493376949538e+01 8.175896071985681601e+01 8.209045986490285429e+01 6.302957522411488611e+01 6.609200809887552452e+01 5.462132459473257740e+01 7.184097625487956407e+01 5.590168145961546742e+01 7.401886330749422882e+01 6.951391530658040097e+01 5.578541632716677867e+01 5.167595399700461911e+01 7.071271845988138693e+01 7.956256002612900602e+01 7.888408528480320570e+01 5.987723639661945185e+01 7.456653372341955333e+01 5.914675760790859727e+01 7.821824591160901718e+01 9.018053222985672335e+01 9.832376430673838286e+01 9.689735614981941580e+01 7.756141038729926152e+01 8.110962711546719106e+01 6.392223748755071000e+01
3.854517426299221228e+01 3.889090654943114345e+01 5.834974996551505910e+01 6.292135483901973458e+01 6.174564096621276832e+01 4.623557173303167644e+01 6.356438804277215837e+01 6.186156231054241772e+01 6.432347902822979790e+01 5.060362140449772994e+01 6.513389160171495007e+01 4.864747365831689763e+01 6.562707243226292064e+01 6.873928867526235820e+01 6.725033535300258336e+01 4.668615167006269928e+01 4.719253940825711879e+01 4.768400669996577079e+01 6.547691569441992954e+01 5.272859602664141931e+01 6.463195387772096012e+01 5.045854934279541482e+01 5.096162012107271977e+01 6.984689018895524271e+01 5.240456259104482939e+01 7.148241643965712910e+01 7.860776416965835267e+01 6.337975733119008481e+01 5.543766211050277093e+01 7.454611344253365246e+01 8.106581055802658398e+01 8.141440459144099862e+01 7.440124424926099778e+01 8.604005092514569242e+01 7.958963563780010020e+01 6.244229137291446818e+01 7.997355201270696057e+01
4.826052330440269600e+01 5.811913106187262912e+01 3.939235872628110968e+01 3.975143271145507384e+01 4.258010451664348750e+01 5.990961051976964313e+01 5.640885850873101504e+01 4.749573847254368530e+01 4.827007129832411891e+01 4.273690670707689065e+01 5.347595816916979317e+01 6.260479692560104326e+01 4.482801905888191385e+01 4.539499038446994206e+01 4.594481566001591943e+01 4.886308482617754123e+01 6.547733453112209645e+01 6.658993259055010583e+01 4.836284476264062704e+01 6.729792450260930536e+01 4.974548578213107675e+01 6.864801593215797482e+01 5.696711223428678750e+01 7.557946118072617026e+01 7.146101687480661724e+01 5.313979569323396390e+01 7.218881990565604667e+01 5.465783907711512768e+01 7.348337539934490792e+01 5.625393972437758805e+01 7.498029616296042832e+01 5.790118618874693368e+01 5.848711459653107170e+01 7.758393301370379902e+01 6.090325141363067729e+01 7.958963563765396998e+01 8.688090351167743108e+01
5.895415530220011391e+01 6.176940285173797207e+01 4.806631225654610517e+01 4.975044052516027904e+01 4.027464109687466731e+01 4.065157576131252881e+01 4.103469963629192563e+01 4.142376527187084889e+01 4.198058549614987101e+01 6.163643009232806236e+01 4.348919385020408157e+01 4.403442893396260871e+01 5.054395763636953376e+01 5.814697185319899830e+01 5.076171530651398456e+01 5.920179020670790493e+01 7.320847022384286618e+01 7.103654062458276996e+01 4.854720647198100636e+01 4.900677148805690564e+01 6.798737863604466725e+01 6.039513814756212184e+01 7.649246287912109210e+01 8.580802600747472297e+01 7.600671940116129122e+01 5.706848349512002727e+01 5.388393027541254554e+01 6.992792155545052424e+01 7.981525111739470901e+01 5.902405550184644767e+01 5.707533745230532674e+01 6.736112100206716491e+01 7.484577962599048817e+01 5.932361564052073533e+01 6.002602427810835195e+01 7.897719170895314278e+01 6.788118554023000684e+01
7.861096696128456074e+01 7.039868180141840526e+01 6.253408000621811880e+01 4.683440119481627306e+01 5.741581229960201682e+01 5.554782580467939113e+01 6.032956953784664478e+01 5.777522494832781064e+01 4.219590395881474620e+01 6.213711566333523706e+01 6.468759825982641587e+01 5.967159384250215481e+01 5.924828372368196483e+01 5.812586269879523826e+01 5.548701430183176342e+01 7.046483727345187731e+01 8.323213410803258228e+01 7.905644510611502085e+01 7.101202136420864974e+01 6.801260488185850761e+01 5.344484770887190450e+01 7.250260249404267654e+01 7.227690121529597889e+01 9.158590969704223994e+01 8.436222577778310949e+01 7.602944597373274860e+01 7.299035246237873764e+01 5.704531663455967561e+01 6.212298676226688343e+01 8.043922849473673864e+01 7.630937788489849538e+01 7.085688217223608376e+01 7.876728130781803827e+01 7.829602124437128907e+01 7.823637736215269456e+01 6.102170619821092146e+01 6.174475412123879181e+01
8.541680306102634290e+01 6.626330287895693516e+01 5.365655634305684885e+01 6.468521687303439194e+01 6.396077212024308523e+01 7.483029038608603400e+01 6.498730343748583493e+01 4.294084202675185225e+01 5.370508483370084463e+01 6.484865624804737649e+01 7.939406801615379550e+01 8.149908955242929665e+01 7.580469538678563879e+01 6.459538343585205666e+01 7.124391928899382265e+01 6.215832691683010580e+01 7.801246981621164878e+01 8.838338011498730395e+01 6.910805335019078655e+01 5.817996979803537272e+01 7.250498013662991070e+01 8.063699677566881974e+01 8.587438914644951637e+01 9.967229043467175131e+01 9.159187041342505609e+01 7.966220778935540636e+01 6.058785909243627543e+01 7.612019016408987682e+01 8.117639655225043782e+01 7.005098835527290646e+01 8.943899218560189013e+01 8.301006887798507705e+01 9.407649605157199346e+01 8.389259680359556626e+01 6.489070476922282182e+01 7.993723412608407841e+01 8.063731904947843532e+01
8.812352662581336915e+01 7.769361161059072174e+01 5.908518364329153627e+01 7.769361161059073595e+01 8.189640710709539917e+01 7.566757012417734529e+01 6.018366210544980532e+01 4.344844215283486477e+01 6.137582977517798355e+01 5.415358458449036760e+01 6.670926654199277550e+01 8.452263835468511388e+01 8.963610741737990395e+01 7.615219869466861269e+01 8.352763813072255061e+01 6.700552695143292681e+01 8.352938310513208364e+01 9.615025867727160858e+01 8.089295489597540723e+01 6.176281781282106920e+01 7.518267665095784480e+01 9.468385362468188760e+01 1.053747400722579499e+02 9.460488542135539092e+01 7.509957018659011396e+01 6.421500152943210082e+01 7.966220778935559110e+01 8.786635052138798585e+01 9.599276191568912964e+01 7.636477477067204234e+01 9.599276191568912964e+01 1.018259676976323789e+02 8.804916863920750814e+01 6.887582156059457361e+01 8.389259916910772574e+01 9.072975378644304101e+01 7.542537608058610488e+01
9.592888081652021981e+01 8.582153255570369765e+01 6.714495082627645672e+01 8.582153255572626449e+01 8.657527418075562764e+01 6.552088055901792529e+01 5.317678255257486342e+01 5.763601739844335015e+01 4.415124992504672008e+01 6.489024745733432553e+01 6.859498251575413974e+01 8.093827752059736724e+01 9.856450715625055636e+01 9.490537320130167132e+01 9.151765953713821489e+01 7.456856461389693891e+01 9.153208352241594525e+01 9.936509549394527596e+01 7.956317023526119669e+01 6.608588127452256344e+01 7.374220677945588420e+01 8.483520078035418521e+01 1.046305717840678966e+02 1.029698735296644259e+02 8.608708976933439772e+01 6.688186634465839120e+01 8.032249951957976464e+01 1.000040417318156756e+02 1.043962516759967940e+02 8.602564772889063249e+01 1.043962516759967940e+02 1.049628417943740430e+02 8.537542942570571824e+01 7.182106193953039508e+01 9.111244968259141785e+01 1.005900040855943161e+02 8.958585276015131171e+01
