LEM/sinusoidal_perturbations/elevation_000710.asc
nrows	100
cellsize	150.0
xllcorner	0
ncols	100
yllcorner	0
NODATA_value	-9999
[rows 17 to 33 of 100, columns 0 to 36 of 100]
5.222468517465790779e-03 1.414735809224854179e+01 3.414735809224924878e+01 4.617715636281365477e+01 5.707097449255251576e+01 3.849258742198880867e+01 2.488722955433364703e+01 2.552410816707888230e+01 5.081341117597444779e+00 1.884875009555095104e+01 1.725148449362554359e+01 3.674419627210949812e+01 3.498492034952041507e+01 1.369865986987186801e+01 3.177788501658002218e+01 3.598515578686306782e+01 3.982528010411117947e+01 3.631194092804132367e+01 2.503719304017137048e+01 2.847877360390433665e+01 3.349580391649215727e+01 1.695680410839178975e+01 3.023995475356604601e+01 1.787241061935663566e+01 3.050110714087002250e+01 4.199019159410165258e+01 5.067599351187642753e+01 6.176876204600164755e+01 6.934509656822199020e+01 6.189726973950281774e+01 4.626757987110105574e+01 3.177855418740644211e+01 2.228760603071457780e+01 4.268897167287514094e+01 3.792278374243091577e+01 4.489244955734887554e+01 5.580133563236622507e+01
7.333276091007126865e-03 1.155433865988335818e+01 2.569647428333917105e+01 4.569647359094589945e+01 6.271172082024863670e+01 4.415374621055367754e+01 3.231124829765382600e+01 1.236654771849097934e+01 5.378357006196492485e+00 2.159720247179830821e+01 3.115482343562846168e+01 4.439122500973664387e+01 3.580223968859203154e+01 1.338713102901902730e+01 2.832345926825734495e+01 3.032043639700821558e+01 4.273325228818546861e+01 4.959989403693865029e+01 3.579110140018465103e+01 4.284220254174204001e+01 2.940941400315302801e+01 1.721859916589675876e+01 1.740540509639875211e+01 3.680421843893872591e+01 2.494524253344384945e+01 2.974312671172543077e+01 4.152167277516436172e+01 5.996730982336954696e+01 7.315127060284694949e+01 6.426229881788474074e+01 4.733337192426752438e+01 4.037653368483000804e+01 2.262993007985387806e+01 4.272608870054495611e+01 5.696362903020471435e+01 6.371200030800808634e+01 7.159475832097014347e+01
6.343274376862209282e-03 2.000634327437650839e+01 3.386384592085062906e+01 4.239882746845886885e+01 5.422744225828369480e+01 4.927635147057402065e+01 2.955621338409125798e+01 2.066548485395067658e+01 5.675594478166470225e+00 2.422841522243271228e+01 3.158924100997481332e+01 4.956437993225355854e+01 3.887334436381620151e+01 1.307583686196766948e+01 1.966036339740652394e+01 1.961839539767160190e+01 3.722176505422704196e+01 6.021321403730138400e+01 5.313159177478337369e+01 4.825013341967840574e+01 3.855912442047163324e+01 4.390805426489075813e+01 4.037705909290730943e+01 2.383929395066888901e+01 4.197082066201659245e+01 4.692427478327784485e+01 3.738191246528407419e+01 4.591112251700881330e+01 6.495729540884450159e+01 6.539606584096679853e+01 4.530014459250195102e+01 4.284236861295968879e+01 2.296702129340742005e+01 3.915583037218502227e+01 6.081822586171799117e+01 6.273913198842907235e+01 6.839163441586961767e+01
3.497053469895897767e-03 6.670168067899972186e+00 1.374156163789461615e+01 2.531675206947087631e+01 4.583539659188847537e+01 5.053931790341965069e+01 3.506478815118131109e+01 1.492547091252687608e+01 5.972822516083666322e+00 1.487907643958102888e+01 3.354425205935457655e+01 4.728285855609706800e+01 4.140540154555969821e+01 2.774674584132377220e+01 1.263618157250878582e+01 1.591769207884185988e+01 4.243574707700479820e+01 5.462586654348154980e+01 6.438470530168757477e+01 6.523661557707507086e+01 6.026154202024014239e+01 5.812659457514656935e+01 3.720077810567973842e+01 3.877696013326529823e+01 3.281043373557058374e+01 5.387313723145627620e+01 4.735040888011431548e+01 6.352042388683603491e+01 7.315127060284694949e+01 5.908629597155555047e+01 3.725627057733498049e+01 2.474835498662142186e+01 2.329910623322350105e+01 4.320342344607354335e+01 4.641526988464155323e+01 4.075724860826289131e+01 4.375907820472891530e+01
9.635555453094322986e-03 2.000963555545273920e+01 3.386384592085062906e+01 4.239882746845886885e+01 4.900183208633595910e+01 3.726694321127182263e+01 2.259843267639996256e+01 2.565386573509779566e+01 6.270203212958033845e+00 6.231020812585667201e+00 1.906243022785250929e+01 3.891082982170820515e+01 4.171124369991041902e+01 2.352109878462897541e+01 1.232598913649764505e+01 3.201999857049182907e+01 2.758349700370944291e+01 4.604698709529463230e+01 4.384337639135257092e+01 5.274869305854193158e+01 6.102806889527691681e+01 6.651714536376006492e+01 5.213058690718985133e+01 5.965491072409526652e+01 3.995782052185290922e+01 6.083079558625407657e+01 6.647688523516306702e+01 7.467608406810330735e+01 7.670689135030818306e+01 6.724270374167734587e+01 5.400647077690580744e+01 4.550674751018453890e+01 4.273020282771263822e+01 2.375695017500241946e+01 4.098955045765678307e+01 2.463993651206054025e+01 2.493723341696286155e+01
8.845047570523793118e-03 2.000884504757016913e+01 2.895229590118524854e+01 4.895229590118595553e+01 4.065747008964971343e+01 2.030525184319174059e+01 8.373465489256657790e+00 6.689772055993095101e+00 1.999977789213619062e+01 2.740156656737535812e+01 2.163901208757226513e+01 4.161595862976505344e+01 4.919911485023500575e+01 3.291056061426280621e+01 1.606347952693446146e+01 1.188516217794593821e+01 1.497867297827566269e+01 3.370128634319461725e+01 2.983317705280746424e+01 3.249634403687516482e+01 4.686177489877965030e+01 6.697422475840947698e+01 7.260229993695566009e+01 6.918694179525584786e+01 5.486999108023415062e+01 5.486999108023415062e+01 7.522145066734206864e+01 8.235782196551366496e+01 6.292590649829611493e+01 4.807443992321972104e+01 5.461137811986531432e+01 4.585350422119756786e+01 2.558000628874276572e+01 2.465790492251177568e+01 2.420802289017236220e+01 3.240733454485762621e+01 3.961009588585641694e+01
8.023991185656003874e-03 8.952295901184891491e+00 2.309443152491609297e+01 4.309443152491679996e+01 3.766797197582798162e+01 1.951738479148213656e+01 7.108138287765117802e+00 2.647758755930250985e+01 3.447532308802767176e+01 4.296242598794412260e+01 4.148322572963682831e+01 4.989901692356865937e+01 5.554786038280155225e+01 4.239538581866473521e+01 3.459924779299184650e+01 1.156957912687818713e+01 1.561995199131710343e+01 1.612362199158564380e+01 2.060313241205854595e+01 3.466677515594220438e+01 5.524737657340433117e+01 6.888395605313492354e+01 6.783432357273611046e+01 7.596925083344797258e+01 7.522145066727561868e+01 7.522145066734206864e+01 8.350389251027765170e+01 7.966125496757648250e+01 6.802499727229816529e+01 5.461137818963069179e+01 3.019087041470582378e+01 2.765359383717005315e+01 4.585350474980032232e+01 4.016202769862551492e+01 3.868603524652065317e+01 4.569324532670485439e+01 3.351837211455328713e+01
4.598823041778624977e-03 2.000459882304142312e+01 2.756662989447267975e+01 4.756662989447092116e+01 3.724955278355638200e+01 2.102728112280847128e+01 7.403068729676332005e+00 1.700160010847963221e+01 3.818565976852652000e+01 5.032174169112282414e+01 4.398136959993790640e+01 4.675245577397695484e+01 3.297048922542960980e+01 4.476410841817133957e+01 4.121560191130105011e+01 3.161882332934200690e+01 1.112614089018843266e+01 2.959203987155780524e+01 3.535821673586261937e+01 4.079697615704707658e+01 4.293943473486726248e+01 5.278301814803795367e+01 4.940031444612354505e+01 6.419064245613148501e+01 7.231080789640155615e+01 8.193742737611513860e+01 8.617169211758346137e+01 7.138466894299365606e+01 5.115836109861047731e+01 3.920275510008620046e+01 2.991409031504164773e+01 4.815779377403932671e+01 5.653784623129450893e+01 6.261103938709751304e+01 6.104112691004615243e+01 5.762822408832034426e+01 3.937327630076521956e+01
7.340434288523949372e-03 7.566629894473035911e+00 2.170876551820373379e+01 4.170876551820302325e+01 3.676381354128695023e+01 7.916849396794011007e+00 7.697316746946683885e+00 2.516156095396565817e+01 3.065890841086527629e+01 2.996018428500762454e+01 2.099191865473067864e+01 2.971202493168430081e+01 1.823372649847230420e+01 2.894623236321022119e+01 2.954030021867279387e+01 1.068904016830280668e+01 1.110513919020193718e+01 2.847927300799114647e+01 3.787483300400502628e+01 2.565616468589297128e+01 3.022253268094283030e+01 3.497453149111957060e+01 4.036495370781518233e+01 4.604900697512051266e+01 5.470923572008317848e+01 7.367204919217974179e+01 7.790664006615671155e+01 5.783598276127954563e+01 4.756795280279061444e+01 3.970513322164325842e+01 5.053721365473957405e+01 3.243138816087141407e+01 5.306174371505867526e+01 6.405335203936049027e+01 7.422581567345240217e+01 6.473133217339234591e+01 4.804570743587074588e+01
3.515918393995972821e-03 2.000351591839364218e+01 2.756662989447267975e+01 4.756662989446383705e+01 3.429618848237732465e+01 1.993379140125739468e+01 9.427908731185771884e+00 8.113136624952380416e+00 8.409623864960861894e+00 8.707885950676972797e+00 9.008727162015071954e+00 9.312867236118119507e+00 9.620336571464086717e+00 9.931099238563499298e+00 1.024420414783342537e+01 2.734088244229346998e+01 1.366347697315398868e+01 1.585159012756965780e+01 1.928131456522779175e+01 2.457140810160743172e+01 3.006127657159312605e+01 4.800834592997446038e+01 5.814343062912784887e+01 6.419064245613148501e+01 7.231080789640155615e+01 8.193742737611513860e+01 8.617169211758346137e+01 7.615350599979660728e+01 6.787130949107124422e+01 6.019733106495094432e+01 4.227562638737614265e+01 5.307870454472237753e+01 3.513837689795612107e+01 4.555758008383973134e+01 6.594348582831926819e+01 7.632875489301143546e+01 6.769635434285704889e+01
4.608085242692564441e-03 2.000460808524233869e+01 3.723015386106412450e+01 4.877715919917099541e+01 4.178310774238809699e+01 2.660694592703238115e+01 2.089357401193156250e+01 1.086622993624437328e+01 2.349138665577607199e+01 2.664981342752399129e+01 1.749372206440702371e+01 2.887847856142787251e+01 2.857584500485362611e+01 2.385505547086313882e+01 1.140803633621217550e+01 2.742990154922258128e+01 2.993250097304735391e+01 1.738212745044622665e+01 3.681772426157723999e+01 4.303072448259349869e+01 4.800834592997446038e+01 3.827948475523707828e+01 4.440616092418117944e+01 5.146597226087727250e+01 6.199589219461707046e+01 8.144452203367514187e+01 9.324053362586262494e+01 7.333679382307670380e+01 6.174998414266584490e+01 5.262092168284704741e+01 5.848419465681963914e+01 3.793563755331752674e+01 5.573827312685315150e+01 6.407724718334030456e+01 7.428540984936735470e+01 8.379827709808964187e+01 7.487560922075041958e+01
1.610643649003322799e-03 8.945882553648239366e+00 2.049288793744095827e+01 4.049288793778741535e+01 5.232260591382320314e+01 3.844083600896608033e+01 2.058203123709605364e+01 2.896950359673813935e+01 1.510283984204830432e+01 3.021230369888695932e+01 3.636847053168821731e+01 3.167274108081642225e+01 4.580193476442432399e+01 3.555454975080382241e+01 1.533002470380185756e+01 3.625227628984886508e+01 3.544783248190921654e+01 3.681923887322840727e+01 2.120652059081080765e+01 4.041973175821924968e+01 5.212888396537283597e+01 5.587915995625163390e+01 6.215395148433236017e+01 6.996407613875832965e+01 7.842585181582481368e+01 8.976084725336437486e+01 1.015104492913019953e+02 9.000860261028114451e+01 8.107244282154503878e+01 7.280522575308965827e+01 6.044063978253225855e+01 3.992121577361318430e+01 5.454548530315553023e+01 7.487063208690911154e+01 8.959653861572792266e+01 6.975959296940912679e+01 5.558232309654572134e+01
2.022278438842990342e-03 2.000202227843848846e+01 3.355796418215381749e+01 4.506837169443905822e+01 5.417597869928604837e+01 3.498908869264409560e+01 3.289786986364165955e+01 3.984779770259400777e+01 3.305851253523999844e+01 1.935184821271462496e+01 3.672716456584462463e+01 4.931587987881182045e+01 5.018847521999694550e+01 4.037066930234247053e+01 2.003862270150431968e+01 4.181287789223804907e+01 5.294129764099941582e+01 4.838763141009843594e+01 3.496788904144429466e+01 2.514629729751189657e+01 4.414567822631825322e+01 5.231561021643847909e+01 5.623199822307866214e+01 6.041411776545743351e+01 6.863030724489622969e+01 7.733394343666762438e+01 8.887027120787571732e+01 1.003997750619308107e+02 8.051923909279265956e+01 6.642408436155982088e+01 6.243077255938421644e+01 4.194015093817255035e+01 5.391498979223561605e+01 6.821547851797325279e+01 8.802398717361975855e+01 8.379827709808778025e+01 6.418892953540797919e+01
6.642187732006160465e-03 5.351190136463213953e+00 1.687374655783476740e+01 3.680104789609686122e+01 5.078126415263056259e+01 5.417597869928604837e+01 5.175778805592558740e+01 4.559196520527142127e+01 2.789149762802607313e+01 2.263228903314408669e+01 3.989115064327089755e+01 5.265171433621989650e+01 6.567927795134531266e+01 5.022377686662347429e+01 3.560940659762236749e+01 2.863966561111033471e+01 5.028347051858997929e+01 6.267914274827387544e+01 4.914843650535839714e+01 3.040488470440269353e+01 2.986365866821104476e+01 3.343905387806783125e+01 3.764109014112365514e+01 4.181255593506317325e+01 4.981062902196435971e+01 6.061215466291691456e+01 8.044031279145482927e+01 9.993025573688520069e+01 8.005393717673159415e+01 7.007911079967675505e+01 4.983838082209966558e+01 4.401476861187205714e+01 5.333506600925005614e+01 6.764219201707636842e+01 8.755767412518429182e+01 7.830472428202715207e+01 5.834197590768343389e+01
1.591255364720534126e-03 2.000159125536436378e+01 1.474241965500441509e+01 2.282630732575186983e+01 3.419526841569417286e+01 5.397218804636591472e+01 5.734313150547795601e+01 3.876313179574646028e+01 4.559212386909488401e+01 3.225700579751968888e+01 2.731275889339696406e+01 4.485280982435312325e+01 5.947246034248208701e+01 6.483539056199924744e+01 5.028292109805910570e+01 5.028340410625031609e+01 3.985441002152876422e+01 6.066887866203704505e+01 5.452050928356700155e+01 3.590804714975823941e+01 4.863177738365438785e+01 4.131829500050756110e+01 4.069457345249391267e+01 6.004867028686567920e+01 4.942621903163213659e+01 6.020877202810766704e+01 8.002074423807582093e+01 9.409697626425224826e+01 7.423711992974502039e+01 6.010408289432574946e+01 6.671674471079656144e+01 4.633235838455880895e+01 6.671700362554052788e+01 7.347593661895069772e+01 9.341215616469972360e+01 8.653789506741443915e+01 7.830472428202715207e+01
6.189296070378335485e-03 2.000618929607002272e+01 3.450019027528365001e+01 3.980766179852369646e+01 5.078126415071230326e+01 6.222390858630851085e+01 6.531426648523023459e+01 5.175265534831928704e+01 5.823779769377471638e+01 5.032178914708659079e+01 3.346362726109133945e+01 3.324323129954093758e+01 5.152959590380504551e+01 6.759300811590250646e+01 7.037440773437612052e+01 6.855970045716955497e+01 5.073674760886930812e+01 6.856905361102114682e+01 6.043870440357586915e+01 4.172139559825565414e+01 6.043870440357586915e+01 5.824330392072503315e+01 4.921854098142050304e+01 6.879585457584059327e+01 5.768645491714108431e+01 6.858229674947580179e+01 8.844902779274094939e+01 9.627304019905916732e+01 7.640830443826237683e+01 7.023910672692353785e+01 5.000619528599128216e+01 5.215792743398108655e+01 7.230468049798749064e+01 8.945542503849920024e+01 9.939194872563581384e+01 9.773189165726672911e+01 8.783526223936335953e+01
2.247884206357958405e-03 2.000224788420600319e+01 3.498477045896363791e+01 4.411038246609752633e+01 5.907752526455507791e+01 6.267061105051558201e+01 7.034818252644625147e+01 7.083898632341723101e+01 6.526699953857522019e+01 4.618394876913986735e+01 4.618394876953614414e+01 5.152959627847298663e+01 4.064088144899699984e+01 5.962270273446890201e+01 7.868447023968035126e+01 7.832690183775000037e+01 7.060712959328346017e+01 7.831875001306217143e+01 6.846224996013410191e+01 5.475533000369080128e+01 5.475533000369080128e+01 7.415958395982238471e+01 6.058373648206657691e+01 7.733384975225706626e+01 6.887669377687123529e+01 8.581502724708168728e+01 9.704896778488858899e+01 1.045083320116059156e+02 8.947365509798719074e+01 7.275309149616502680e+01 5.264096800454431957e+01 7.230468049798749064e+01 6.130247373350668028e+01 7.128721560325571716e+01 9.112408988890310013e+01 8.948779458118941932e+01 6.973999656810774184e+01
