LEM/sinusoidal_perturbations/elevation_000372.asc
nrows	100
cellsize	150.0
xllcorner	0
ncols	100
yllcorner	0
NODATA_value	-9999
[rows 68 to 84 of 100, columns 0 to 36 of 100]
5.009162696260268353e-03 3.293666590238218950e-01 3.582715057373518697e+00 1.353612103234544151e+01 1.963501828942673910e+01 2.121673817904716586e+01 2.223988576246489046e+00 2.549022329428351163e+00 2.874037651641270230e+00 3.198323154691095738e+00 3.521866663972867961e+00 3.845419316817659805e+00 4.170166498150427614e+00 1.722927324558529349e+01 8.963529905375626328e+00 2.900461324320174938e+01 3.801502944038766429e+01 4.643494498938790116e+01 4.562481777404733663e+01 3.186927924759718067e+01 3.076573019486329486e+01 3.875560731990793784e+01 1.923316892969183556e+01 2.987317660649434004e+01 1.436862835991299114e+01 2.859924759503563152e+01 4.880272607736115020e+01 4.079227864722783181e+01 2.027301805240636412e+01 4.053475582864324878e+01 3.351473931261525507e+01 1.408169265036394791e+01 3.438781929237377710e+01 3.311285698705053449e+01 2.094054136942059330e+01 4.107734306028699223e+01 5.273187050171947732e+01
4.695337527364121070e-03 1.658909729258944665e+01 1.944092905274805361e+01 1.078985384941463721e+01 2.168550364609956560e+01 3.158075562585583285e+01 2.233206840228716672e+01 7.083595917647692808e+00 1.050655145083588948e+01 2.007113553164751707e+01 2.279390328383146525e+01 1.419725511105856519e+01 2.429771033954291681e+01 4.637309494849891855e+00 2.477569304645865245e+01 2.847912626784154000e+01 2.905213571978921649e+01 2.776240315252585944e+01 2.813292030071531613e+01 1.631842693298739277e+01 2.753858347629277858e+01 2.781453199005566290e+01 2.830893818361960257e+01 1.047766490908949066e+01 2.984094725913509549e+01 4.248865453948768334e+01 3.911329974366861961e+01 3.143828637918997160e+01 1.146584282336286265e+01 3.262534143054217139e+01 1.319682635106059543e+01 3.323140648930710483e+01 4.255760797983510457e+01 4.456976056272785769e+01 2.558872987728874904e+01 4.604765178206307041e+01 6.369323406087433881e+01
7.614146464036155443e-03 1.164403713160993625e+01 2.474030554580620844e+01 2.429178647961071746e+01 2.520306149602193813e+01 3.211378958259246019e+01 1.356994702507480000e+01 2.650512742781029729e+01 2.740673975026973608e+01 2.142926801589957009e+01 3.253795226204728408e+01 3.277816896519221501e+01 3.136328055225212452e+01 2.235071933129980692e+01 5.111199170708705886e+00 2.296885689618997972e+01 6.062939537902582998e+00 6.401155970838300568e+00 8.760511178944923927e+00 1.913597560203782066e+01 7.700637233698117257e+00 8.037465714390510385e+00 8.373389862242966331e+00 8.709892516129219331e+00 2.879243929259936152e+01 3.222293384080068535e+01 2.829927926684388240e+01 1.120843362462998627e+01 1.206315706890448780e+01 1.229388277150900244e+01 1.833318724554891332e+01 2.386198931370827125e+01 4.359428531703422749e+01 5.470623757975941714e+01 4.606266697300227264e+01 3.388581950736823956e+01 5.511466152648697658e+01
2.352828262072654761e-03 2.000235282826171712e+01 3.541641793195532273e+01 4.161447694318678003e+01 4.052089427021513757e+01 2.666546822695966412e+01 3.287384894068292596e+01 2.179046502194949397e+01 4.032914664590766307e+01 3.189881365765547017e+01 4.321998044017981755e+01 4.175202551691783981e+01 2.954140757832469788e+01 9.001984827395347111e+00 5.955327451242620640e+00 5.586210650281564050e+00 1.675478383325226872e+01 1.936214233171162036e+01 6.880804348574015350e+00 7.222019000814245970e+00 1.135644442313409463e+01 2.019920921059800278e+01 2.850500918209695556e+01 2.855049044364246313e+01 9.193554055462286101e+00 9.787178006984886380e+00 1.038047170289218712e+01 3.055287354569360048e+01 3.205844078306491696e+01 1.912008436171896264e+01 3.763913604450397088e+01 3.723829864421342961e+01 3.773547417146931338e+01 5.774075854787458439e+01 6.369323406087433881e+01 4.612064596075197898e+01 4.891001252751916439e+01
6.786455232800275850e-03 1.414892207896387610e+01 3.414892207896458132e+01 4.526369330134403413e+01 5.260642547410122916e+01 4.030494015977724587e+01 4.985685109800253656e+01 2.879609357553380278e+01 5.021281064379707715e+01 4.980737477898297527e+01 4.836799336257112003e+01 3.462135570577290622e+01 1.401130854554563854e+01 2.954148850121405090e+01 2.787635176063691844e+01 2.124624675624531278e+01 9.885125955240559037e+00 2.851747342926852369e+01 9.832276484761317548e+00 2.710358060876635022e+01 2.051831218678591284e+01 3.466138913300461866e+01 4.265276531515686287e+01 2.495363584923263289e+01 2.933760578401962604e+01 9.793064513405916216e+00 2.676013311363625391e+01 2.831629352554273638e+01 4.509793005200909732e+01 2.967662515045273253e+01 4.686796541857678733e+01 5.758624650262101596e+01 5.774075854787458439e+01 6.602828696011917486e+01 7.581455100433620942e+01 6.740035128479281923e+01 7.009400928955975019e+01
3.257643153035955173e-03 7.562834220222505621e+00 1.651321968865018874e+01 3.087335559776735039e+01 5.207872996948911037e+01 5.952129442131111858e+01 5.893313299627835278e+01 4.141393925601595072e+01 5.893313299627800461e+01 5.572520737868885021e+01 4.011148530628913278e+01 1.956878699702377133e+01 3.462135570577290622e+01 4.290455298433960962e+01 3.894615271515314703e+01 2.050804415983845885e+01 1.290542899615169326e+01 3.245793838380864571e+01 1.286346999564682747e+01 3.162799082687477181e+01 4.012551609125684138e+01 4.964037220395557171e+01 5.302603524506880461e+01 4.495235843722665692e+01 3.110595681998787043e+01 1.021786347389223337e+01 2.133199193104002944e+01 3.869077487697768447e+01 5.432655710539005867e+01 5.032384752281283369e+01 5.871722729845578215e+01 7.303611814418074744e+01 6.725918885724438212e+01 6.831521696956019696e+01 6.831393675134762589e+01 7.648722609778707238e+01 7.685600872498559966e+01
1.880098487986705483e-03 2.000188009848763215e+01 3.602726112996580099e+01 4.539979114364516732e+01 4.967078113432541642e+01 5.795520369805808514e+01 7.101958881805163060e+01 6.289282748641963394e+01 6.163360032288884582e+01 4.168183497484456979e+01 2.722031639578375817e+01 2.620503030638840514e+01 4.654288685187639629e+01 5.318675042964890309e+01 3.398454176595230791e+01 3.626930410949068317e+01 1.609183266132119883e+01 3.626879652002281773e+01 3.359244989205287624e+01 1.686193378463879711e+01 2.880082165110628267e+01 4.803625083791401806e+01 5.331782951555990735e+01 4.305986797052835868e+01 3.078060170158415687e+01 1.064230085266915182e+01 2.994186351839807969e+01 4.534730017318809558e+01 4.637342572206558344e+01 3.804367123559551089e+01 4.638576469054673623e+01 5.283529972566272903e+01 4.686197428576536339e+01 4.796334553503251641e+01 4.796333655178786870e+01 6.831393673826025292e+01 5.724579233497836839e+01
2.900726248362994839e-03 2.000290072624800786e+01 2.858476638259577030e+01 3.334550426336162587e+01 2.967648201256476881e+01 4.633768269268249895e+01 5.464491622803039661e+01 6.465585189034776192e+01 5.695905792989781702e+01 3.693757135286519855e+01 4.168183497484456979e+01 3.354659808841613255e+01 5.365079410669874704e+01 6.141434713000457890e+01 5.306760191317138009e+01 4.010929194221073146e+01 1.935599384288386915e+01 4.010929200628807934e+01 3.955385564524087272e+01 1.967258772833671543e+01 3.955385564595452053e+01 5.584383945717237197e+01 4.497937449650223130e+01 2.431786488388811307e+01 1.419108710397423323e+01 1.106554367534462635e+01 3.119661062131205043e+01 3.421118532368130616e+01 3.278151793206323816e+01 1.477036915790304938e+01 3.803099687199794232e+01 5.185702632968197179e+01 3.193578239224149229e+01 3.305539942552265131e+01 5.392380336900677662e+01 5.321349037310890395e+01 4.343748899863944501e+01
5.081304048347549951e-03 4.269095631149683712e+00 8.633453435517475683e+00 1.334749863432243089e+01 1.967205295399394771e+01 2.633870730426306039e+01 3.633833269827185575e+01 5.634542222402526335e+01 6.447796648765353211e+01 4.460504968866232645e+01 6.163360032288884582e+01 4.784004179484025343e+01 4.784004179484025343e+01 6.141089557887645611e+01 4.004193077371794374e+01 2.475884720555164975e+01 4.010929200629345814e+01 4.836529245203274741e+01 4.222028851316269282e+01 2.254783140732534363e+01 3.359478629928681670e+01 5.181554527870082438e+01 5.331801957565515693e+01 4.012016347911927738e+01 2.857415000519949899e+01 2.186222987982788268e+01 1.166363494217029739e+01 1.208825424182432684e+01 1.251326589000722223e+01 1.293855368919616566e+01 3.319361503679989767e+01 3.668914091498324836e+01 2.315558912843048844e+01 4.143898520812192032e+01 4.438595630137993453e+01 3.347452411523060078e+01 5.151580957571434993e+01
4.469920835086939326e-03 2.000446992083473319e+01 2.863169246056690298e+01 3.334550426336162587e+01 3.334550426336279827e+01 4.633768269268249895e+01 5.464491622802856341e+01 6.470014065546892823e+01 7.259092690072212406e+01 5.614236694929773819e+01 7.259092690072212406e+01 6.767919192035550680e+01 5.935246103020039499e+01 6.337031878121823070e+01 4.204940871787228929e+01 2.924797280135653565e+01 5.106068854061529549e+01 5.770810068288232486e+01 3.950620408907870740e+01 2.558588077551454987e+01 4.500022886701270153e+01 5.374877589384671950e+01 6.973117206054126882e+01 5.723158225965884327e+01 4.227033349806659857e+01 2.249932681241790888e+01 1.651796874764635348e+01 2.062105971637685897e+01 3.258771686601997430e+01 3.321681221282647556e+01 1.354024191580274028e+01 1.727684154835491270e+01 3.357350819751556514e+01 2.201998385814762571e+01 2.461981663134343989e+01 2.802183122984887831e+01 3.171090705631620921e+01
2.324776005098761877e-03 1.154933015979597144e+01 2.569146578210225584e+01 4.569146421673298875e+01 5.333954821944168856e+01 5.699361037120068829e+01 5.439678844270469682e+01 6.267529888701268703e+01 7.421653829910756883e+01 7.586460721282134045e+01 8.393875466792071904e+01 8.714625188042205650e+01 7.905371784678409597e+01 7.169659607200148344e+01 5.649937657842415462e+01 3.474462442718871102e+01 5.649937657842415462e+01 5.855197327298220955e+01 4.007357309087112895e+01 2.875400704830123289e+01 4.245642251179694426e+01 6.088368157506197775e+01 7.536610064667740971e+01 5.521388454757847342e+01 3.600953236338148855e+01 3.988167492614743992e+01 2.127464451815932378e+01 3.682330330016581854e+01 3.698728645120086611e+01 3.982966165349731824e+01 1.396660325796841562e+01 1.648725762896683378e+01 1.872504360614301433e+01 3.761425400656673901e+01 4.438595630602034703e+01 4.789994361624959396e+01 4.326109103418457380e+01
8.699724428260374037e-03 2.000869972442790612e+01 3.616270511086823092e+01 4.444680797671918526e+01 5.113414461720628879e+01 3.699452850117907587e+01 3.439941016596595347e+01 4.594639074017609914e+01 6.594368688341640450e+01 7.114977417197343357e+01 7.295372973269144268e+01 7.295372973269144268e+01 8.123713380225912317e+01 7.344171090702926108e+01 5.269167382866851312e+01 4.190607595976850774e+01 6.324841759544101905e+01 6.644592934803330309e+01 5.098285187367051918e+01 3.235363811372558018e+01 4.027618541638714333e+01 4.961362139510668356e+01 6.755123302747399805e+01 6.496732307194899647e+01 5.653010668347766909e+01 4.517407563795255498e+01 2.609207426455346379e+01 4.517407563167786577e+01 5.677294126912232741e+01 3.975118908671012008e+01 1.439696225822423692e+01 2.861484953756544769e+01 3.482861899369932246e+01 4.394623359502566728e+01 5.500600262269068708e+01 6.327001146575771173e+01 6.279191021818284923e+01
2.249585233037712084e-03 2.000224958523268270e+01 1.616271454986612355e+01 3.616269919916662445e+01 4.285212396340338614e+01 2.285240680626100129e+01 4.285212396340396879e+01 5.654741265757419200e+01 5.115024525150400336e+01 5.115024525150400336e+01 5.295404994602670001e+01 5.295404994602669291e+01 7.295372973269144268e+01 8.164584908466994762e+01 7.060282357652316421e+01 4.980142221323478680e+01 7.060282357652316421e+01 6.478741922168471490e+01 4.657798300479799281e+01 3.594876601264661531e+01 5.427419631986999349e+01 6.622512462523583565e+01 7.553170551893120432e+01 7.078485383229238437e+01 4.988631222116541153e+01 3.574013186667956177e+01 3.919280508485118020e+01 5.369318812929809326e+01 4.859539203229239490e+01 4.030175450936465609e+01 3.508104717724857124e+01 1.500362104646416839e+01 3.537042929770953492e+01 4.479037427775505620e+01 3.489510898337697853e+01 4.394547273141853339e+01 5.552058288308927558e+01
2.739267172789772273e-04 2.020579015821696522e+00 2.202055243785547844e+01 2.707758710634852051e+01 2.923424146792853051e+01 1.707890411504905614e+01 2.826357948584419688e+01 3.700816997576140466e+01 3.115033059644761693e+01 4.881187307798700914e+01 3.881192562199267826e+01 5.881182053398125475e+01 7.054546092762494425e+01 7.882893575193857316e+01 7.881280293651929014e+01 6.207170726684669404e+01 7.881280293651929014e+01 7.273514739203876900e+01 5.782694516154190012e+01 3.971140950030981998e+01 5.782694516154190012e+01 7.490966321448459553e+01 8.436588979061441762e+01 7.305841084293504650e+01 5.217518558643358517e+01 5.600735334215529804e+01 5.961414012747277980e+01 5.274051566223039345e+01 4.030203561758290220e+01 1.978708195652813373e+01 1.751319087523084050e+01 1.543210292825217245e+01 3.589106436831800551e+01 2.457347856022272836e+01 3.905760062334105243e+01 5.910361558968943285e+01 7.220584404913151388e+01
8.327778614586212741e-03 2.000832777861423040e+01 4.969418138919627026e+00 7.077603245698537826e+00 9.234258709767287243e+00 1.165961496013059673e+01 1.412144477971722978e+01 1.700819612566530736e+01 2.278169881756121740e+01 2.881192570910140205e+01 4.881187307798700914e+01 5.421576392230811337e+01 5.054574826898458184e+01 6.720690348063975250e+01 7.549052678132190408e+01 8.225654517818099976e+01 9.036245049561662768e+01 8.039709745460210399e+01 6.248422130814640951e+01 4.444666835952916273e+01 4.873106818935666240e+01 5.761964570690275877e+01 7.622599847839245513e+01 8.157467595172403207e+01 7.191223153755376529e+01 6.041734176589244498e+01 5.217018162610391130e+01 4.447303991663007139e+01 2.403936374204873161e+01 4.030184449519653356e+01 3.173364269748321931e+01 3.546761084223626170e+01 1.604793388262694620e+01 3.287911650794906393e+01 3.685268601779019804e+01 5.657427520372781515e+01 6.264947694838382830e+01
6.510866554257996840e-03 2.000650401744105977e+01 2.496942078406904031e+01 2.121973843522710013e+01 2.078126404360778423e+01 3.165959533886374544e+01 3.412142240244490665e+01 2.168073423982383829e+01 2.217217392060844006e+01 2.595181865070064831e+01 2.995181865070044580e+01 3.421583297781118915e+01 4.054038829782019349e+01 4.720705495771736082e+01 6.134917366238298797e+01 8.134871425259257194e+01 8.327507437546502445e+01 6.429197275246441734e+01 5.392314427673810684e+01 5.167764675963320542e+01 6.692282206901059283e+01 7.490966744340872197e+01 8.436590159832061886e+01 7.696887251493372162e+01 6.366554568492691857e+01 4.375487612321352060e+01 3.215795640705122338e+01 2.877220260485525571e+01 3.601136906899177603e+01 5.273967308640661145e+01 5.282368270277538613e+01 4.476076882711539895e+01 3.628049186711637475e+01 1.666983063457227132e+01 3.727417975453725774e+01 4.853251728465083659e+01 4.268508378903152334e+01
8.953482861371391335e-03 1.415108910659244756e+01 3.415108910659315455e+01 4.121969793669258308e+01 4.078122336753923349e+01 4.906522502122415830e+01 4.722768642481477031e+01 2.722773620186147880e+01 4.217213866870128669e+01 4.009395179593381897e+01 4.409395081842866659e+01 4.835796365371474081e+01 4.686494186132465245e+01 6.686475875873750851e+01 6.134917366238298797e+01 8.134871425259257194e+01 9.150798994785576213e+01 8.039709745460210399e+01 7.231517554337163745e+01 6.055142416074831857e+01 7.798522818747737517e+01 8.934334755427352093e+01 7.785841049942385439e+01 6.871935442673964189e+01 4.882302776290369906e+01 3.730296566033170791e+01 5.217018162610391130e+01 4.308618909177170053e+01 5.603189725289410461e+01 6.428191949755063206e+01 4.982325341669864827e+01 3.872964506387014438e+01 1.809979378958824725e+01 1.712534619579163930e+01 3.773932582785465684e+01 2.828802452193006189e+01 4.268508351484381080e+01
