LEM/sinusoidal_perturbations/elevation_000904.asc
nrows	100
cellsize	150.0
xllcorner	0
ncols	100
yllcorner	0
NODATA_value	-9999
[rows 51 to 67 of 100, columns 0 to 36 of 100]
6.455108993161302530e-03 2.000645510498297597e+01 2.582479370365427584e+01 2.828662352358312759e+01 3.080638667663324171e+01 1.472870938210484049e+01 1.764600921206278272e+01 2.319301117431517056e+01 2.922323806587055017e+01 4.922324006033183252e+01 5.985874200512778742e+01 6.652540934090953328e+01 7.480972301603178209e+01 8.480974643685986791e+01 6.932065353254999707e+01 4.909536381692957008e+01 3.897858728928341776e+01 5.127337679828668371e+01 5.726928723085744366e+01 3.703810417442679181e+01 5.726928723085744366e+01 5.982269846999967200e+01 3.966565717571780425e+01 5.982269846999967200e+01 6.168403240238433227e+01 4.874101601135190265e+01 2.917179250560395332e+01 4.512332507831852269e+01 2.724113133929372310e+01 4.746209747307143090e+01 5.160775681260415837e+01 5.373855656565112326e+01 3.665817099918627520e+01 3.890702982986264402e+01 4.199932967589148092e+01 4.717147650130331016e+01 5.254584579157250346e+01
3.995603441288198172e-03 8.948267513440367082e+00 2.049527289723267742e+01 4.049527289416033682e+01 4.300758765511459103e+01 2.627570440486927339e+01 2.581097502133989963e+01 4.319300299770767282e+01 4.922323955353456881e+01 3.922323806587868944e+01 5.336537372654009914e+01 7.336538721942969232e+01 8.834914119057171433e+01 7.985519509332067400e+01 7.765361220391517350e+01 6.755674665729148387e+01 5.127337679828668371e+01 3.095083880004284183e+01 4.467987480813243195e+01 3.154737742534012312e+01 5.186227612183820668e+01 5.269610817607685505e+01 3.251132097306427227e+01 4.366919691662231884e+01 5.197820928339294255e+01 5.756407057586778109e+01 4.512327281501146814e+01 2.488043224874411408e+01 4.512332507831841610e+01 4.375639579031787463e+01 6.395057910029840542e+01 5.049045796629697946e+01 5.620561280245890146e+01 5.313643589589891292e+01 6.216553393575854614e+01 4.766719690588374192e+01 6.788359473390087828e+01
4.804567899273937473e-03 2.000480456789891903e+01 3.723253853621903176e+01 4.877954288250428050e+01 5.453544589441053603e+01 4.627098341486424715e+01 4.581097370336565433e+01 3.995311063141274133e+01 5.995309914413945052e+01 5.336537372654009914e+01 5.555316998482278024e+01 7.555319008535674641e+01 7.651462815579493792e+01 5.936062290105920169e+01 7.651462815579493792e+01 6.778049851849678475e+01 4.756348585032159804e+01 3.874338094334026295e+01 2.403884610482045048e+01 4.006440047750791678e+01 4.794375449993916760e+01 4.239021660087425403e+01 3.604158137109003235e+01 2.345122486850374344e+01 4.366747909913452474e+01 4.030154643808839410e+01 4.169815632155140150e+01 2.343326742783318295e+01 4.368655672894703201e+01 6.282665028938596663e+01 7.228031954905723921e+01 6.404606063772592961e+01 7.294900844089981717e+01 7.333950480975434516e+01 7.621589031458348984e+01 5.933334641857967284e+01 5.420194852188672030e+01
9.707512844716031236e-03 2.000970751284436133e+01 2.683682376593269936e+01 3.044842152339525754e+01 3.803076344991004021e+01 4.633250017845103486e+01 5.635989522949060415e+01 5.995310067812553712e+01 6.823714502374774327e+01 7.336538721942969232e+01 7.555319008535674641e+01 7.101184957943313236e+01 6.255044988582868370e+01 4.786089117771470569e+01 6.802264832119230675e+01 7.611456406427835475e+01 6.735862868147269467e+01 5.305100481240641841e+01 4.006440047750791678e+01 1.915302845479148175e+01 3.559606648066172596e+01 1.922073490064999746e+01 1.583961711992215982e+01 3.583378677997226447e+01 3.869065132564374920e+01 2.003899450146026240e+01 2.143505687156920914e+01 4.164250306184472805e+01 3.427824841404242306e+01 4.594985929785162426e+01 6.615031528785789305e+01 8.392417286939922860e+01 8.925603444702882427e+01 8.087253463310524637e+01 8.788532276002474930e+01 7.956846096443172200e+01 6.854143211590422879e+01
5.001202446392439237e-04 3.381119668594378069e+00 6.811121707119331070e+00 1.040343190824358466e+01 1.796977235689353591e+01 2.799813907658469248e+01 4.219217732245653707e+01 6.223774384176312680e+01 7.022447470717278861e+01 7.857268237734686522e+01 7.051287528054916720e+01 5.945332489235539697e+01 4.269936191673011194e+01 4.064678512086317141e+01 6.040222040746075294e+01 7.331794771751373219e+01 6.337812218876365478e+01 5.502497359113658604e+01 4.846053229846381782e+01 3.564112784174213999e+01 1.514362732850796078e+01 1.434731814157391483e+01 3.452655295504993660e+01 1.737222630252961508e+01 1.846437217730471403e+01 3.871486147300051073e+01 2.272559207870821751e+01 4.292735182526534743e+01 5.448723522892371562e+01 6.282665028972127885e+01 7.446991377323129768e+01 7.308708676201518983e+01 7.546194905659326935e+01 5.933311906722808260e+01 7.116465293159164673e+01 7.951515868459649994e+01 8.863781622641556623e+01
5.279685921607564676e-03 2.000527968592125205e+01 2.683682376593269936e+01 3.044842152339525754e+01 1.658026004812097298e+01 3.668090909758615936e+01 4.931907394203292228e+01 5.583107932967481446e+01 4.986913975571692959e+01 7.022447470717278861e+01 6.207955946906952960e+01 4.234469481394232560e+01 3.191975212545570884e+01 4.865446288665176411e+01 4.500967481742325305e+01 6.487191001453926731e+01 5.502497359113658604e+01 3.479891820277173764e+01 4.072249406514019654e+01 3.302038404420740392e+01 1.286110880041557891e+01 3.302377662878998876e+01 4.092584122481758868e+01 3.730121265411838749e+01 2.846585432058460086e+01 4.461216334836789343e+01 2.464840365229617092e+01 4.484006788836042290e+01 5.033895370446131778e+01 5.309659068194299891e+01 5.590577243288520748e+01 5.288323761125585065e+01 6.182657949848105972e+01 4.684614037677238940e+01 5.085463854322309629e+01 7.116465293159164673e+01 8.240346445147207533e+01
5.738623160518319517e-06 2.000000573862280362e+01 3.828880330216836825e+01 4.500173921169069047e+01 3.078875582813643419e+01 2.367385565312927298e+01 2.905181487657002393e+01 3.544621661422195302e+01 4.986913975571693669e+01 7.022447470717280282e+01 5.986249861785233151e+01 4.021003544682807984e+01 2.698469608037009237e+01 2.954470316091887838e+01 4.010831853062096997e+01 5.968688866865596054e+01 5.500168174865215320e+01 3.456105025619447702e+01 2.023735913343802650e+01 3.063132899246187790e+01 1.187534603621641516e+01 3.202567943911775217e+01 5.069791805453441924e+01 5.603781654332625095e+01 4.411100728499095425e+01 4.689722571863719480e+01 3.571992012637934977e+01 2.744807107066670326e+01 3.017326726606072285e+01 3.294730117203022246e+01 3.576835930402169339e+01 3.866335427177176598e+01 4.166907503167953308e+01 6.182657949848043444e+01 7.116465293159144778e+01 5.724162430434915905e+01 6.203982970247387385e+01
4.532054705376768917e-03 1.000453205470546436e+01 2.414666767843666761e+01 4.414666767843737460e+01 5.090582543227255030e+01 4.386364373643808534e+01 4.338588098747066368e+01 5.583107932967481446e+01 6.302686426325055891e+01 6.953669495620417251e+01 6.452403463691332774e+01 5.424996872187690400e+01 4.010831853062294527e+01 2.095209718297438073e+01 3.443802414174771087e+01 5.379762293406671603e+01 5.468007581288840413e+01 3.397620160463391414e+01 1.054900948493869350e+01 1.050467866250238202e+01 2.888144789451794026e+01 2.193098429278069972e+01 3.632010983301507423e+01 5.690744936323261527e+01 6.658161677735647288e+01 6.050243570498960111e+01 4.332713399950537081e+01 4.762939164057159047e+01 3.174293421802379811e+01 5.186735991389728184e+01 5.590577243288520748e+01 5.880080802144324537e+01 6.182657949848105972e+01 5.021981349600881117e+01 7.052681785768621125e+01 7.760370971126448580e+01 8.240346445147207533e+01
9.001595176218036079e-03 1.415113721890729259e+01 3.415113721890799781e+01 5.100918278890266322e+01 5.235580433034235170e+01 6.062405383780450308e+01 6.364306884111370266e+01 6.044210018369831516e+01 5.222839321317260897e+01 5.213252168046998491e+01 4.699979315613678210e+01 5.166785700219431021e+01 3.136104805736433931e+01 1.717777637804488222e+01 3.672194499557358682e+01 5.080976183497213583e+01 5.769748432742700572e+01 4.841922990405411298e+01 2.966317364230030407e+01 9.522497967926302209e+00 2.966303589594309997e+01 4.233108022905697965e+01 3.881668297457826355e+01 6.027306541009396312e+01 7.959175283343273577e+01 7.185109766771259387e+01 6.341900678942030822e+01 4.817733663738014371e+01 5.186735991185339856e+01 3.633490611628891997e+01 5.640713256449677715e+01 6.957301317068292690e+01 7.841022587492413720e+01 6.393163766914568669e+01 6.190296670254829081e+01 7.367591365440785012e+01 9.395844344157264061e+01
5.674351268809080251e-03 2.000567435126845339e+01 3.098562508967637541e+01 3.098562508967638252e+01 3.226338491504102990e+01 5.235580433034235170e+01 5.345768697346727549e+01 5.320142472432834069e+01 3.523195120165913607e+01 4.074065495174382789e+01 3.392956189040330628e+01 4.457483307029820452e+01 3.340451112738782058e+01 1.355806676557809354e+01 3.317452617428340744e+01 3.340741113176014920e+01 4.350240552682149797e+01 3.480162641945924662e+01 2.736634364691351706e+01 8.507410814239316110e+00 2.016539214655377066e+01 3.443577668232213540e+01 5.464450820552391974e+01 6.768009732602790507e+01 6.002169158166953622e+01 7.369600217435470313e+01 7.659566387102165663e+01 6.828608063076859480e+01 6.472289764849698201e+01 5.051829893953881623e+01 4.121283438747455108e+01 6.126310118001630656e+01 7.482358581899616468e+01 8.253042610593436734e+01 8.222986223956554852e+01 9.059386386106780265e+01 1.022655230024258799e+02
9.518805923843161668e-03 5.173501888200529919e+00 1.094762835265601986e+01 1.802822909171285204e+01 3.814831831133854223e+01 5.344686089759272818e+01 3.508986996605658959e+01 3.842401839202794633e+01 3.276561180687332353e+01 2.175412014688512130e+01 3.706599213871522380e+01 2.561551715660108286e+01 2.668384026975320111e+01 1.015615636221128604e+01 1.669413574729138716e+01 2.624955201677173378e+01 2.574758670826409457e+01 1.832240447453326126e+01 7.233619999504317555e+00 2.687471114855583565e+01 3.617970974572463660e+01 4.595043143625085236e+01 5.816555159286806287e+01 6.136708303975248668e+01 4.602525194483262538e+01 5.995880800569874225e+01 6.893122035873305720e+01 8.118497944943520395e+01 7.892749724937119993e+01 6.957301317068292690e+01 6.126310118001630656e+01 4.645575134229742531e+01 5.799180087597162014e+01 7.207286097464564989e+01 9.168284225470286231e+01 1.068756536516743125e+02 1.046563578257626403e+02
9.062254805971973678e-03 2.000906225480561673e+01 2.405097467581261128e+01 3.796106790534737740e+01 4.644319735392983262e+01 4.928547466552344503e+01 3.829533216175779842e+01 1.932302261703420854e+01 1.337574709309497756e+01 3.223940171511755182e+01 2.573446827666118963e+01 1.365931418942471254e+01 1.538223946319859614e+01 2.341251462855047194e+01 5.636593251824851158e+00 5.941816119249811123e+00 6.266458089896429939e+00 6.597577993719560219e+00 6.949437230026116907e+00 1.774657374979360824e+01 1.927938459648549596e+01 3.019901621560153160e+01 4.954202609582063133e+01 5.297526567065299474e+01 3.661718176977176853e+01 3.986131751494731645e+01 5.116952224621352485e+01 7.241731736119180596e+01 8.211361122539824464e+01 8.441092009087684289e+01 7.482358581899616468e+01 6.652471540867976785e+01 5.246813797342509389e+01 7.259241247256683494e+01 7.865529520833881350e+01 9.056560673091226477e+01 8.472902652340181362e+01
3.063233560239582431e-03 1.411220321426037572e+01 3.375447648684995272e+01 5.021081630117001282e+01 5.096814102118973722e+01 4.179004635482358765e+01 2.234777699245569238e+01 2.441686266648617831e+01 7.871240530549444614e+00 2.341072130193909473e+01 4.183106651845426960e+00 5.515059862633763466e+00 4.991383853089321754e+00 5.244983300682198646e+00 1.443094025917430301e+01 2.377020599511040544e+01 2.566277817908102676e+01 2.643550017349673453e+01 2.703045839087474533e+01 7.443464011647778378e+00 2.737472782112986280e+01 3.956526924607259588e+01 4.628043289285177053e+01 4.131071425655399310e+01 2.918149217102994086e+01 4.835505576410552209e+01 6.010314155361567856e+01 6.829071180499616389e+01 6.226580212932494618e+01 6.450635166049254110e+01 7.852690101192207806e+01 8.088129050010762455e+01 7.259241247256683494e+01 5.915622689341672213e+01 6.436946998521493413e+01 7.048486398284948962e+01 8.213669064320258428e+01
5.666595628964066558e-03 1.414780221936003990e+01 3.414780221936074156e+01 5.098922175375069799e+01 3.038130200626193655e+01 3.226871871490337185e+01 2.205453486734309010e+01 7.147618906994068766e+00 3.399576968239140129e+00 3.724849716896271090e+00 1.349288137837466195e+01 4.612134619002056013e+00 2.514663045868602609e+01 2.552465088915995395e+01 1.119914740025976485e+01 2.233770134005394326e+01 3.820077124258857282e+01 3.230662619495154075e+01 1.568782376250213773e+01 1.660544808031051289e+01 7.937163278014225831e+00 2.953606600543029259e+01 3.527368303259962801e+01 2.261280518362681846e+01 4.136367809424126563e+01 5.628778760556571115e+01 4.055485861064301645e+01 5.199488991889076317e+01 4.838004825551301025e+01 5.052265834373535114e+01 6.450635166049254110e+01 8.441092009035394028e+01 8.758109603407690713e+01 7.931050526415450008e+01 8.451103498482366660e+01 9.056560673091226477e+01 9.880289999319649041e+01
2.110006612196471242e-03 1.156280618227420476e+01 2.590782424165367459e+01 4.691571955304389263e+01 3.437168720405738753e+01 1.294331264041331053e+01 3.167738171013078308e+00 2.937117029281841596e+00 2.300075367590628872e+01 2.393669593792966310e+01 1.049766079612820313e+01 2.717975212025166698e+01 4.190846301876279512e+01 2.898868842073186869e+01 2.940922739413754528e+01 1.780215849483129276e+01 3.679048308079252649e+01 4.089463174590555639e+01 2.418710732118204021e+01 2.796276336855890321e+01 8.286302072501083416e+00 1.235952413861329546e+01 1.649629951718165088e+01 3.528075318594001430e+01 4.489345934274707162e+01 4.456457249427493394e+01 2.953455139687205744e+01 3.266414563035937846e+01 3.937511543224666610e+01 5.889687376925614615e+01 6.697245424909129952e+01 7.230018555533872870e+01 8.049812702258056163e+01 9.577562180348003551e+01 1.038547677589144485e+02 1.033580157175036049e+02 9.497854709526161798e+01
9.367352646185668139e-03 1.418364862769560020e+01 3.456967256791654108e+01 4.890096684005958139e+01 3.968903797153093649e+01 2.469770458691730752e+01 2.187853421777039387e+01 2.612838132617742559e+00 2.283736276711062274e+01 3.583468030561181905e+01 2.751141845399994068e+01 1.756572817231580785e+01 3.623819907243786531e+01 4.800371024949357235e+01 4.315446784492092291e+01 2.299697169382377027e+01 4.317756251915547949e+01 5.156034095028269348e+01 4.295422847013672651e+01 3.065974390767325986e+01 8.637014454354268622e+00 2.137405123291494746e+01 3.200171450649936844e+01 1.801205939725632277e+01 3.680510772556520038e+01 2.535916572504516964e+01 4.456462731512949205e+01 5.199488991889076317e+01 3.825623970496557291e+01 4.239506869184674542e+01 4.717791597861019426e+01 5.236564024482734681e+01 7.230018559513457888e+01 7.591770178815929171e+01 9.577562180348003551e+01 9.321829838678095825e+01 7.467856418202863722e+01
3.648181865326004768e-03 1.967460480800455258e+01 3.142035035495454665e+01 3.812134021890859970e+01 2.161989373154580463e+01 2.164683076919009963e+01 2.165526652615909153e+00 3.757071737883431961e+00 1.593184471454008921e+01 3.644149579397155492e+01 4.519032235978458090e+01 3.186305983888782478e+01 3.018709774081661834e+01 5.108215850108792466e+01 5.209229074034860218e+01 3.093325512507837516e+01 5.200644418127482282e+01 5.497122552230580084e+01 4.397152601919894011e+01 2.980571740612964149e+01 8.988229011509222488e+00 2.783771473487698245e+01 1.455255882653213462e+01 3.316679918950566019e+01 2.156571051020193508e+01 4.060813546482697944e+01 4.097796945404989089e+01 6.052342467887577016e+01 5.774047847490741248e+01 6.202382405821835221e+01 5.837386617702883740e+01 7.230018559513457888e+01 6.172191152066778841e+01 7.591770178815929171e+01 9.577562180348003551e+01 8.482855563864514181e+01 6.450984266596260852e+01
