LEM/sinusoidal_perturbations/elevation_000115.asc
nrows	100
cellsize	150.0
xllcorner	0
ncols	100
yllcorner	0
NODATA_value	-9999
[rows 17 to 33 of 100, columns 37 to 73 of 100]
3.611290162965642736e+01 3.317374008568484811e+01 5.248000959452590308e+01 5.610391424340627964e+01 4.309410092447802754e+01 2.414465994183852970e+01 2.153927212728903129e+01 2.215341503816141255e+01 4.094734824184443767e+01 4.311738532144516256e+01 2.607757436015264219e+01 2.735798609260601211e+01 2.864219884837608632e+01 2.993156043907612229e+01 3.124990504783914957e+01 3.267863635312691173e+01 3.421730793971109108e+01 3.583051358205727865e+01 3.756487042730978487e+01 5.854366954453740846e+01 5.250543547842319470e+01 6.423267384637087218e+01 8.433410591285812075e+01 6.925822985468856530e+01 7.294234846793864335e+01 6.047545513228946845e+01 8.050889739109861409e+01 9.318179953433056539e+01 1.014722184041419268e+02 9.552927538102922256e+01 1.097495361325785552e+02 9.418774650584137476e+01 7.436704399675348043e+01 9.418774650596411391e+01 9.070138496190682531e+01 7.137309012010426557e+01 8.507325309953446890e+01
1.713533794224740703e+01 3.677491173851285566e+01 3.835182455727806428e+01 3.897581161448476195e+01 3.924224232057650141e+01 2.066980665651627902e+01 4.045486940979591850e+01 4.196843548102715005e+01 2.302596155128688338e+01 2.429079141563452282e+01 4.409077971175563704e+01 4.725712781641928473e+01 4.860150290810602058e+01 3.791914323518719954e+01 5.443504176798680305e+01 4.766490644211712890e+01 4.927462649745815781e+01 4.278437948953462922e+01 5.854367128043539736e+01 4.028779540239604984e+01 6.105252860834150397e+01 6.569283461293095172e+01 6.776658785364436710e+01 6.986285856514484749e+01 5.287958557977503204e+01 7.294189301982112283e+01 7.897962591092922935e+01 7.309161685533427999e+01 8.867511318280482158e+01 8.128065095162889975e+01 1.014330955540151962e+02 1.024886495575788672e+02 8.421544653038809258e+01 1.024886506528793717e+02 9.707146296852261003e+01 7.796123016981192677e+01 9.707146296832929977e+01
1.865190608427590035e+01 1.799234406786404961e+01 1.859754403643088594e+01 1.920356932352505552e+01 1.980941083095258293e+01 3.959427893625282735e+01 4.872225808075620535e+01 5.113869943839761589e+01 4.286057045053669157e+01 2.402657331238530247e+01 4.388247595885481189e+01 5.313409856566869394e+01 6.283223339096274174e+01 5.778478217789027127e+01 6.683098055838183882e+01 6.816571735507071139e+01 6.970965209296041110e+01 4.988465800175327303e+01 6.930673107454683191e+01 6.105252860834150397e+01 4.310969226215010508e+01 4.534973525352310020e+01 4.755413014932862126e+01 4.973896887434001712e+01 6.986485660999571223e+01 5.642264149046811639e+01 5.895296555372556213e+01 6.155816733284697762e+01 6.861091439839395889e+01 8.868757048205928584e+01 1.041553884230794580e+02 1.124825968390776580e+02 1.041600464828193680e+02 1.124825983218512278e+02 1.051396756676289357e+02 8.750464100570448522e+01 1.051396756045086391e+02
3.864362017644996428e+01 3.785640857420245453e+01 3.254271014221213676e+01 3.892725173241289838e+01 2.320209793794124664e+01 3.673895089298896011e+01 5.611142950691469622e+01 5.457600560043577786e+01 3.457206557479165099e+01 4.388350054534602407e+01 2.503167660599769206e+01 4.450757276204275570e+01 4.368717576526864832e+01 6.342161980707329860e+01 7.389741868597289454e+01 8.222852798597544677e+01 7.724476417375569781e+01 5.713887130485487376e+01 7.723678676228017537e+01 7.195669364038427318e+01 6.362730686326325014e+01 4.891832688288209852e+01 6.776658782896254252e+01 6.986485492610860604e+01 6.618123190657627219e+01 7.645675751021539668e+01 7.309415401680998059e+01 8.158735479670353641e+01 6.571791512430020532e+01 7.570606321787019510e+01 8.992563392358863439e+01 1.100844701106865955e+02 1.196735564270728105e+02 1.279534902270472969e+02 1.147847513041535024e+02 1.066382880036803016e+02 1.147846298925243644e+02
3.368380718250802630e+01 5.419095530086239876e+01 5.266365474507832545e+01 3.917610955576703446e+01 4.293514830015093509e+01 3.070331279566953242e+01 5.114261169162556087e+01 5.089428902009783684e+01 4.870094016834010375e+01 5.322296957483820989e+01 4.491528442239949470e+01 2.603770630271652919e+01 4.595220866686435812e+01 5.970437232838246899e+01 5.382544457625608914e+01 7.389741868597289454e+01 8.560666155594928739e+01 6.874227401778786373e+01 8.560666155594928739e+01 8.182815747392751859e+01 6.174675699967300346e+01 6.912756470407056497e+01 5.539722439861611747e+01 7.547750779866188964e+01 8.625480243385995038e+01 9.457077360395476262e+01 9.318876082131234284e+01 8.890293103314661494e+01 6.882984617805105643e+01 8.890293103832078714e+01 9.858566448739300370e+01 1.032175329631383960e+02 9.951912608611958433e+01 1.171289295120003402e+02 1.287385753798765222e+02 1.204611652724086497e+02 1.002242486626394964e+02
4.386921822313938435e+01 6.178288875845754546e+01 6.890041032086641337e+01 6.021612116581516716e+01 5.754556937694514573e+01 3.727028202086167141e+01 5.756305932175861528e+01 6.507231887530535630e+01 6.875971306447137010e+01 6.086150336560489649e+01 4.081783818366491090e+01 2.675080998667302623e+01 3.299599248355355030e+01 3.965580969425472091e+01 5.122405118024587978e+01 6.540031780874741685e+01 8.550467434278181145e+01 8.885945167198777028e+01 9.724136792219107406e+01 9.014882659964031575e+01 7.593967188390934098e+01 8.379753950464281331e+01 6.481126596832544351e+01 6.345009364916284511e+01 7.775038671538838742e+01 9.789120947086033198e+01 1.127905547399235360e+02 9.561325529092979991e+01 7.548228156768253427e+01 7.406652915327597952e+01 7.842736764050827958e+01 8.302768655021037603e+01 8.861471502396544508e+01 1.003006756099066621e+02 1.204624220950521902e+02 1.287933555793947278e+02 1.171301110072344329e+02
3.968501665267046263e+01 5.938152873854900804e+01 6.970565868020378275e+01 7.809443875994543305e+01 6.597682041760087657e+01 4.640780924260947415e+01 6.597682034987198563e+01 8.516673568625415669e+01 6.888199663764227410e+01 6.106561495456877253e+01 4.743245360996918691e+01 2.747065097148797364e+01 4.737366830791938810e+01 5.602100360904831433e+01 6.029827035001115831e+01 6.544361529768838182e+01 7.095881603234032298e+01 7.723213969741109963e+01 8.551026805990531443e+01 9.440925025604543919e+01 9.604421856772901833e+01 9.281473747621116388e+01 7.678777884312569313e+01 6.771896955655876127e+01 7.405852831331338848e+01 8.426237822430574909e+01 1.044810937285151340e+02 1.032399575174101045e+02 8.306160007960944824e+01 9.418676344116771304e+01 8.565955315115907354e+01 1.032175329631383960e+02 1.088220353062138059e+02 9.943427950296801043e+01 1.196022904591689837e+02 1.204611740483395437e+02 1.002242486634704051e+02
4.838758460206570788e+01 5.539723663916095120e+01 4.947110300753102763e+01 6.970565868013567012e+01 7.505256599576368615e+01 6.064283449356212685e+01 7.505256593936327647e+01 7.778918534806054197e+01 6.106572563990874158e+01 4.175000110109033358e+01 4.731863405306750536e+01 2.819355269009091458e+01 3.207205396836064182e+01 3.606964757798069598e+01 4.034126120402054738e+01 4.551561117470652817e+01 5.107347702935852141e+01 5.739414846915744306e+01 6.626822053918731115e+01 8.025059613911986389e+01 1.002290062633713745e+02 1.044525299481848464e+02 9.582965386501162186e+01 9.536180238854026925e+01 9.433385031669322984e+01 1.027043209034093536e+02 1.127905553951484734e+02 1.115574684726390586e+02 9.733524782107147644e+01 1.032399575860031717e+02 9.575106859873076814e+01 1.141465831460191112e+02 1.278807871595382863e+02 1.137254681436288877e+02 1.196022904991721418e+02 1.287936199705638671e+02 1.171302229748155810e+02
3.221069227344678154e+01 3.518220289532080614e+01 5.539766714956979143e+01 6.848828480476548464e+01 7.857929207701056384e+01 8.101805201071839235e+01 8.313697997542629992e+01 6.453316672235636986e+01 5.106761648929362707e+01 5.350320940688552440e+01 3.390681283645358945e+01 2.893376197274617212e+01 4.912333421742569328e+01 5.604331414003623735e+01 5.447167209162111590e+01 5.664701344528939586e+01 7.095881603234026613e+01 7.723213969741109963e+01 8.551026805990531443e+01 9.440925025664705572e+01 9.398311753279749325e+01 9.175412112968253098e+01 9.175412112968253098e+01 1.001652720619290449e+02 1.060467115261337341e+02 9.765657504167990055e+01 1.002993855372920819e+02 1.086810361394939974e+02 1.174951879823781979e+02 1.233653410427394022e+02 1.159192300427323374e+02 1.159192300427323374e+02 1.359709777138143068e+02 1.337901947335823252e+02 1.396295535114106201e+02 1.332190160279685358e+02 1.230905599725320485e+02
4.226862140569901527e+01 5.539766714973332995e+01 3.985948415510564047e+01 4.998897728502153370e+01 6.429458941941622641e+01 8.447678003759618548e+01 8.313698020255962717e+01 6.453316672238534579e+01 6.998209743678258121e+01 6.135340124430893383e+01 4.969227889029926359e+01 3.049946927289424892e+01 2.954899330139646096e+01 6.338600208524342605e+01 7.436492309306376569e+01 7.654436834565687775e+01 8.482544791669093343e+01 8.687455328856762549e+01 9.527520324429582388e+01 9.398311753279749325e+01 7.353222325355748978e+01 7.129173943887299458e+01 7.129173943887299458e+01 9.175412112968253098e+01 9.427806698270063634e+01 7.721953263256420996e+01 7.987511187718303063e+01 1.002993855438282651e+02 1.052935393613268502e+02 1.112273094566650258e+02 1.166076818388635274e+02 1.249377047678088815e+02 1.192266257500893403e+02 1.192266257500893403e+02 1.275479223168953951e+02 1.249335015893848464e+02 1.045714161889720089e+02
5.657459780661864812e+01 6.848831389078527820e+01 5.417946871261849395e+01 4.526942355904357385e+01 6.551523066540630680e+01 8.557664930298545869e+01 9.104522592365913169e+01 8.313698017434771259e+01 7.610588693081837164e+01 5.785908396250444952e+01 3.751665575596783242e+01 3.040303008063021650e+01 5.048776952666131024e+01 6.460786428805491255e+01 7.304079346206367518e+01 8.091934605562266825e+01 7.251246197496500656e+01 6.656348896883001487e+01 8.687455328856762549e+01 9.082777146082811726e+01 7.728503227688359800e+01 5.669722838531880882e+01 7.728503227591070868e+01 8.411307656281461220e+01 8.585724311230180206e+01 6.540406417173134912e+01 8.585724296893117469e+01 9.890746651409082801e+01 8.488483854981409138e+01 9.086240862229894333e+01 9.627146111034481635e+01 1.101355968918020523e+02 9.889846723863381328e+01 9.889846723863381328e+01 1.192266257500893403e+02 1.332190160279685358e+02 1.230905599725320485e+02
7.680445835063198956e+01 8.279715906895215483e+01 7.003861786347525253e+01 4.980941533660641340e+01 5.697174719698373480e+01 7.125861804799592392e+01 9.149544051899751196e+01 8.155297779575033701e+01 6.263824873786838054e+01 4.898584476315743075e+01 5.032486966808104256e+01 3.116815484778234691e+01 5.132383426035349316e+01 4.502512329967086657e+01 6.164385090922435495e+01 6.297919526550533220e+01 5.228934936361329733e+01 6.656348896883001487e+01 8.687455328856762549e+01 8.239404116494314678e+01 6.183549026745841815e+01 5.066831746572740514e+01 6.756645619736167419e+01 6.358437485547378998e+01 7.166754997152054329e+01 5.916730224246737180e+01 7.005170146593576419e+01 8.172018262509963904e+01 7.041977117809658182e+01 7.956373568087826698e+01 1.000032270805600234e+02 8.973158052379625360e+01 8.440434670282139962e+01 9.624971288547405379e+01 1.106840725641705490e+02 1.308959704152341601e+02 1.361034956991496188e+02
9.171851889840630179e+01 7.148838176556684232e+01 5.721628964437498865e+01 6.149916952708000650e+01 7.718584612008397983e+01 8.557664930363041833e+01 9.328566808058764082e+01 8.500695326886716430e+01 7.610588530887264369e+01 6.814564822273084133e+01 5.761266881583301114e+01 3.884120091945505493e+01 3.230768792402427891e+01 3.326791845369718459e+01 5.339486350776064683e+01 4.282538424433919744e+01 6.297919526550533220e+01 7.260319520020094330e+01 7.244762218125268305e+01 7.120073486417732056e+01 6.303230939310237346e+01 4.494768951865954421e+01 4.687225128891486037e+01 4.888406168445714428e+01 5.096302953574327432e+01 5.309981826535788230e+01 5.544050681229668953e+01 6.124331925323431847e+01 8.172018320386773382e+01 8.505629471197541136e+01 8.797401736112858828e+01 7.524617064721488191e+01 9.570777855468631401e+01 1.105483620415471364e+02 1.105483620415471364e+02 1.307691394181553619e+02 1.314384301946141420e+02
9.731911990740992735e+01 8.324162537976971521e+01 6.305293250704207964e+01 8.170372122529607850e+01 9.009861937071522675e+01 9.877335548117321196e+01 7.861206882492781745e+01 6.476785570858656627e+01 6.848179903630641263e+01 6.484187258900585960e+01 5.680130037075782212e+01 3.671490018352857021e+01 3.389607927481902294e+01 5.339486350775455037e+01 3.462726531407324870e+01 5.475143636978086903e+01 6.002221725320577406e+01 5.308438633602183643e+01 3.914693095135650935e+01 6.035182016741026700e+01 4.246464397136780633e+01 6.303142655144272055e+01 5.582893256210584099e+01 6.959688837911758696e+01 7.166754997128839477e+01 6.777040291648944503e+01 7.585131693451533863e+01 5.913719861860788996e+01 6.183018221943396497e+01 6.463451995337807432e+01 6.754995674310424647e+01 8.797401770612617611e+01 9.763901968896527706e+01 9.013689957702953848e+01 1.105483620415471364e+02 1.216474355302006387e+02 1.254616356573189080e+02
8.892278962737155723e+01 8.963228599531176144e+01 6.942324269706516304e+01 8.963228599531176144e+01 1.007730431931165356e+02 9.069219409858798997e+01 7.861206882492781745e+01 5.835152962661571507e+01 4.821554540751566975e+01 4.459993025998586091e+01 4.119070098595125273e+01 5.559394193791483474e+01 3.548259306854727413e+01 5.560095560201497022e+01 5.475143059009504753e+01 3.601057086533653262e+01 3.699407344362735728e+01 3.799140237795228359e+01 4.097472674501760537e+01 4.021482840069012354e+01 6.050626082573461417e+01 6.906738341492281563e+01 7.543684990343925278e+01 7.009926045292526453e+01 9.046174705813589867e+01 8.825057507514098631e+01 7.588235151374534837e+01 7.963753895178784603e+01 7.097820478177781922e+01 7.641593472842322399e+01 8.797401770612617611e+01 7.271278893326491755e+01 7.716034784269118063e+01 8.263647768622875844e+01 9.291424968300901810e+01 1.073787926999791864e+02 1.276221348116222316e+02
8.805541600305480188e+01 9.729108567894485304e+01 7.702780637479168035e+01 9.729108567894485304e+01 9.252577830615520327e+01 7.226009617367857629e+01 6.212778523540376341e+01 5.447583158285811322e+01 6.848179922577175205e+01 6.484187258900585960e+01 5.124249335392701710e+01 5.719620969254506093e+01 3.708119026172352051e+01 5.719620969277873002e+01 6.373439309682097331e+01 4.720138565336421266e+01 4.278276117634772646e+01 5.788448358940768657e+01 5.958834480162378355e+01 6.050626143686474023e+01 4.174588013689724164e+01 4.691025578748023150e+01 7.033438009285805492e+01 9.046454979675638697e+01 9.882578007436381995e+01 1.046367338837649470e+02 9.626430887682398918e+01 9.141835724371335914e+01 8.543923413560108315e+01 9.088858615365617766e+01 9.317020712310858244e+01 9.317020712310858244e+01 8.452975427351651661e+01 1.031110900068045453e+02 9.291424968300901810e+01 1.047412118753687196e+02 1.250102854332566551e+02
9.645138443765232239e+01 1.057013625328944215e+02 9.133367831003216963e+01 1.057013625328944215e+02 1.007730431931165356e+02 9.069219409858798997e+01 8.035252986286876364e+01 6.009257625539611070e+01 8.035252986286876364e+01 7.975623027636230233e+01 6.555730134052423352e+01 5.880690376760296800e+01 3.868971574942764136e+01 5.876494502295739153e+01 7.429346202147888789e+01 6.559101239074904299e+01 5.125373776998376485e+01 5.255388708224830197e+01 7.039358754002853402e+01 6.958675081746785906e+01 6.230024609618854470e+01 4.346758753339869230e+01 6.411453350439856536e+01 7.573528586483585912e+01 9.618758250826356004e+01 1.009841441805454849e+02 1.093630746789374939e+02 1.117874990153960368e+02 1.058532373424162785e+02 1.112736937976014815e+02 1.135415444694394580e+02 1.133438151775206677e+02 9.637122125641265313e+01 1.133438151775206677e+02 1.047412118753687196e+02 1.216474373599270251e+02 1.333110108860895764e+02
