LEM/sinusoidal_perturbations/elevation_000573.asc
nrows	100
cellsize	150.0
xllcorner	0
ncols	100
yllcorner	0
NODATA_value	-9999
[rows 68 to 84 of 100, columns 0 to 36 of 100]
5.009162696260268353e-03 2.000500916269590590e+01 2.613968658890324193e+01 2.934225998732209462e+01 1.499910391335347626e+01 3.499911809180660072e+01 2.916830463931468742e+01 3.672759410072985276e+01 5.672764954160886219e+01 6.826847085762729250e+01 5.466707019906141340e+01 3.491469562593861298e+01 5.466707019906141340e+01 6.130302117089942016e+01 4.206670285601530423e+01 2.955031926182468638e+01 4.836744604943130810e+01 4.591274871013512637e+01 2.563940094151291405e+01 1.422731975194176712e+01 1.083778403026187576e+01 2.982033137220298258e+01 1.979803666805046802e+01 2.615182153022220035e+01 3.439034463990975610e+01 4.565869090985112422e+01 6.547984856549560106e+01 6.996948767896891752e+01 4.933949684386649182e+01 5.297379751135304815e+01 4.138615532673870234e+01 2.070533353241376417e+01 3.285893528515891404e+01 4.481632683095796921e+01 5.089934022467817698e+01 4.532355443468640033e+01 6.015246223203567411e+01
4.695337527364121070e-03 2.000469533752700713e+01 3.829188539392501411e+01 4.328354610877004660e+01 3.499911822835002084e+01 2.132365923369036764e+01 4.132368030385430302e+01 4.916833912674170648e+01 6.501225101980784871e+01 6.015766819930224329e+01 4.044376425339827819e+01 2.933035759018108024e+01 4.918874717324870005e+01 5.556988519226425183e+01 3.647350787682238860e+01 2.346938715611164383e+01 3.501708984302449323e+01 4.279368160774080820e+01 4.156367444040056114e+01 3.062107051838438565e+01 1.050052548289084875e+01 1.571482398670509006e+01 3.715315854961752251e+01 2.890582049151626975e+01 4.862227027491339726e+01 6.228026792968460512e+01 7.374745975871782377e+01 6.504725887433248488e+01 4.439759642105861559e+01 3.157933579725622408e+01 2.370160530481732408e+01 2.123833232989678166e+01 3.899022616496130667e+01 3.821352680508883282e+01 4.890562731909149363e+01 5.986137674957462451e+01 7.264015921406945608e+01
7.614146464036155443e-03 1.000761414646412284e+01 2.414974977019532432e+01 4.414974977019603131e+01 4.960814416879136957e+01 3.287066466980946444e+01 4.960816748661522979e+01 6.916859583239428844e+01 7.064395242043617884e+01 6.067983224916233809e+01 4.406133303073404761e+01 2.407884511658567206e+01 3.777359907057770272e+01 4.599807670317909469e+01 4.126167689386451798e+01 3.333378336416964061e+01 1.603389113161700763e+01 3.043210315510659569e+01 2.938473257958864338e+01 2.980394543277982677e+01 1.016364629632375305e+01 2.642918856164773089e+01 4.361715782300188948e+01 4.862227027491339726e+01 4.028103825714060093e+01 5.168814563690366271e+01 7.139349232475979079e+01 7.354487993145950497e+01 6.164555126667272589e+01 5.286986661154804068e+01 4.179270252802201213e+01 2.781313531529268346e+01 2.195744560623948871e+01 4.588865869116114027e+01 5.688782767781049898e+01 6.996345216821009672e+01 6.703532044646561872e+01
2.352828262072654761e-03 1.414448845199314775e+01 3.414448845199385119e+01 4.727656668786464422e+01 5.555441505567883809e+01 5.287071458394287760e+01 6.115534750345327097e+01 7.646787523537780373e+01 5.649075256084250896e+01 4.245953737035932107e+01 3.248168471712970273e+01 2.483542867322848835e+01 1.764187570323509746e+01 3.266013816382973545e+01 3.168808576954112155e+01 1.813795677554915997e+01 1.811526090443495107e+01 9.017086394981198794e+00 9.351660306242234100e+00 9.687891120671480394e+00 1.305528246457462949e+01 2.298681803969914839e+01 3.737329526144051073e+01 5.711013675965963188e+01 6.001660511005115950e+01 6.817046039310845629e+01 7.954157553087890165e+01 7.611489539258973025e+01 6.647923197911218551e+01 5.519854036578333023e+01 4.376972930786848082e+01 4.122062218006470147e+01 2.248952313235202993e+01 2.328275942774050833e+01 5.287607248972191343e+01 5.970836716834276103e+01 5.563082645336011467e+01
6.786455232800275850e-03 2.000678645523244370e+01 3.459664311158434202e+01 2.722784713464598028e+01 4.141847837893752882e+01 6.141924280331297581e+01 5.939470691846206307e+01 5.939506784181893551e+01 6.767358404760081214e+01 6.067983224916233809e+01 4.981175595211229279e+01 4.159629344333226442e+01 3.266013816382973545e+01 1.255030494123252360e+01 1.454418739654916060e+01 8.211634104867769679e+00 8.545165568374606835e+00 1.489474419838066410e+01 2.893708136929862462e+01 9.676476755612011260e+00 3.069661275722668492e+01 4.166679242905939162e+01 5.133245586005185146e+01 5.707029094027721783e+01 6.526445561978590604e+01 6.622639615393222812e+01 7.442306022975374447e+01 6.815723155217561668e+01 4.886112362898551709e+01 3.937016602988027358e+01 3.215314176430952386e+01 2.752340564396338962e+01 2.307086206004091977e+01 4.220702999744804629e+01 5.083156456296229919e+01 3.905290192178924968e+01 4.478373995379178751e+01
3.257643153035955173e-03 2.000325764315267918e+01 1.451738472898498777e+01 2.872598756682552334e+01 4.876891983992702251e+01 5.353066059980397284e+01 3.939088936291000209e+01 3.939089052741411479e+01 5.939504641033183674e+01 5.563991157688865741e+01 3.577951472201218763e+01 2.156200711671730730e+01 2.892543374821013558e+01 2.734111806262031408e+01 7.740062450130887228e+00 2.778037863864343393e+01 3.172643430486981231e+01 3.552134796108716586e+01 3.829380102115945306e+01 3.075879996536777128e+01 1.475631459769728870e+01 3.483992523341203906e+01 4.232203083701123347e+01 3.727428681937657728e+01 5.224525930709155830e+01 4.645408280773600040e+01 6.622639615393222812e+01 7.611489539258973025e+01 6.202298683554855785e+01 4.262604826458901641e+01 4.216559445140494233e+01 4.593627806917363898e+01 4.151378135261364122e+01 2.386773737810726104e+01 4.305701105747721869e+01 2.526078365983392615e+01 2.572786104158125298e+01
1.880098487986705483e-03 5.550402056753056534e+00 2.561696045937410204e+01 4.288639235028187358e+01 3.743184702388120400e+01 4.524987010370677609e+01 2.497378971899821209e+01 4.524986995111559906e+01 5.838381408253727045e+01 5.301954011114071363e+01 3.314240422661382013e+01 1.888798178698284858e+01 8.123701547994553351e+00 7.281538367703592307e+00 1.414753283203231682e+01 9.889073235478747392e+00 2.997520565098531620e+01 3.370288086282056383e+01 4.192130541380664965e+01 4.306609317251968605e+01 3.483987514211814585e+01 1.905075436736078132e+01 2.231680953807757817e+01 2.572697340038170921e+01 3.243266928240573321e+01 4.388805937028704562e+01 5.787157777240634005e+01 7.763929030710183099e+01 6.202298683554856495e+01 5.633323742709217186e+01 5.546132607269206716e+01 5.746866219097925921e+01 3.709494460409566585e+01 2.715032657116414327e+01 2.458443410873051249e+01 4.005851084074878798e+01 4.465848522985074709e+01
2.900726248362994839e-03 1.829659398105032864e+01 3.286980177303214390e+01 3.149441555976646256e+01 1.748059811083608750e+01 3.160550833899237944e+01 1.844381758190981202e+01 3.883788621493251014e+01 3.754429863355536412e+01 5.230164597560597173e+01 4.718487899613118941e+01 3.595073479062842381e+01 1.794379577319042696e+01 6.957331373211307124e+00 2.682124762508950511e+01 2.997203675958460778e+01 1.204949679567415188e+01 1.359061626148562674e+01 3.370286806397771784e+01 4.398711911164642174e+01 4.731553087083656806e+01 3.071693172215726619e+01 4.232203083701123347e+01 4.564106263219635906e+01 3.179974951284093265e+01 5.161591275884164531e+01 6.608068347921891927e+01 7.427951023123863195e+01 8.140594575606517935e+01 7.575925702394820860e+01 7.484525946087524062e+01 6.586703554261931970e+01 5.492138013888169468e+01 4.542667571890913791e+01 2.756913749560394677e+01 4.403299494863023256e+01 5.517280155029283861e+01
5.081304048347549951e-03 1.996202843515103353e+01 2.064062096380854427e+01 2.082892219960376323e+01 1.109407829745859164e+00 2.312781367882216799e+01 1.283329823786928969e+01 3.295043282189792677e+01 2.316564881145109567e+01 3.909993447454266402e+01 4.759298623904579983e+01 4.264542702238377814e+01 2.582063662368858203e+01 6.633794541024172986e+00 1.641691353833096656e+01 3.404875978221964772e+01 2.630743630834131963e+01 3.370288163695254013e+01 1.582477999262540536e+01 3.549555829505586502e+01 4.611358536451923129e+01 5.059553195689407801e+01 5.879184449006395141e+01 5.981011544484445608e+01 4.325834132808007837e+01 3.882988414224381302e+01 4.631231549786085822e+01 5.772718857159394901e+01 7.749176973341856467e+01 8.373052149917528197e+01 7.551950795887071877e+01 6.434200742690191532e+01 5.127815514742835745e+01 3.188794751933611593e+01 4.671742379515201549e+01 5.371362259363653635e+01 4.952590556891225049e+01
4.469920835086939326e-03 3.211332033457754975e-01 6.378349211501473937e-01 9.546917874755389555e-01 1.271736384517656138e+00 5.946871198283335325e+00 2.534700893503619668e+01 3.224485250050063456e+01 1.304273885780110476e+01 1.852017140905072168e+01 3.874436652239676704e+01 3.837708834753890841e+01 2.602619882586388655e+01 6.310466943941618112e+00 1.151980466382425305e+01 3.224675358767311195e+01 4.625370819039081027e+01 4.413609832479412631e+01 3.593263601064522561e+01 1.812862522597657389e+01 3.239054025418385407e+01 5.220042853808480743e+01 6.851733583866372612e+01 7.123130039662680701e+01 6.303277540141112922e+01 4.691119871991541146e+01 5.860894269289241976e+01 7.427951023123863195e+01 8.569892298807693010e+01 7.551950795887071877e+01 5.586983571520713099e+01 5.617391438906552992e+01 3.659097426377648787e+01 5.127815514837503486e+01 5.943600773700354267e+01 5.718996457729144822e+01 3.728571272103446432e+01
2.324776005098761877e-03 1.906123606333465759e+01 1.548538715992573422e+01 1.859307841606628742e+01 2.066100422039145101e+01 1.721263619629459063e+00 2.172387176977008849e+01 2.078948535808070730e+01 4.299328070017537584e+00 2.362440348212812324e+01 3.693192686977321415e+01 2.483514208793100408e+01 2.512311461626585185e+01 1.507358870845118304e+01 5.853181709162318391e+00 3.205250259968020998e+01 5.135076457506146852e+01 5.118740941119445864e+01 3.144499491361744248e+01 1.979527824650098111e+01 3.981575585484066693e+01 4.062071752033429561e+01 5.455734746298399074e+01 7.427549557624435295e+01 7.488378590267214463e+01 5.832560507903981772e+01 7.488447606490919384e+01 8.659190649895164427e+01 8.664843853833941978e+01 7.783611629702764390e+01 6.162509146728310583e+01 4.197071342878712841e+01 5.041815028778095353e+01 6.434200742690191532e+01 7.687090405178005881e+01 5.718966708093290663e+01 4.390086784129923103e+01
8.699724428260374037e-03 2.000850203702889374e+01 3.580018164680925707e+01 2.713419532977439985e+01 7.350339698813796119e+00 3.411511057470018926e+00 2.172134954197279644e+00 2.490858198710963922e+00 2.809293545302500750e+00 2.264365191921475429e+01 3.031677680354925641e+01 1.565784731849895373e+01 1.717975726307430406e+01 5.395164681877842483e+00 6.133654979765025494e+00 2.215395354651652582e+01 4.450168138456735534e+01 5.899811574892747501e+01 4.144155224262870973e+01 2.149977366443074089e+01 2.659561944258756228e+01 4.639438491232952799e+01 6.217613063865785250e+01 7.036538003120847407e+01 8.176185458372928849e+01 7.809401444276136317e+01 8.631807406849527808e+01 9.237504907439485180e+01 7.264509017114627909e+01 5.879274855890235330e+01 5.000301902596341819e+01 4.892708274296535365e+01 6.856986304306056468e+01 7.826586456602299791e+01 7.488209819568155012e+01 5.528694681844904579e+01 6.356882989580403631e+01
2.249585233037712084e-03 2.000162663352773151e+01 3.339713133090108244e+01 1.389351009482637345e+01 2.725639995659318160e+01 2.462659411794606257e+01 1.629284989543010198e+01 2.215351314529944915e+01 2.175896326709274575e+01 3.259781979821857245e+00 2.282288897593171484e+01 1.174217534727721990e+01 4.936734475964861701e+00 2.198386549123160094e+01 1.740388145817855658e+01 3.525322058300925931e+01 5.314503954078040238e+01 5.675021275666242815e+01 4.318261028767841481e+01 2.331860952749717697e+01 4.318261870926748713e+01 3.549629312810284176e+01 4.247611306552347088e+01 5.384587562508826153e+01 7.355546041343163211e+01 8.650917231548453401e+01 8.504057745614093733e+01 9.328021042851175082e+01 8.664843853833941978e+01 7.783611629702764390e+01 5.982629653150225835e+01 5.772129608392957323e+01 7.675787722859982409e+01 9.087319408819659827e+01 7.128818140590762198e+01 7.488209819568155012e+01 7.787253485462451863e+01
2.739267172789772273e-04 1.414354992774347330e+01 3.418642777684291900e+01 3.339733264066465068e+01 2.079284810884886525e+01 3.987539276818891665e+01 3.594930464477890553e+01 3.856918589043392842e+01 1.943404996741709923e+01 2.085842797393612003e+01 3.710992831245394363e+00 2.148422804958749310e+01 4.614237383109988322e+00 1.478415240060546409e+01 2.681808296462408592e+01 3.375406828902754341e+01 5.138616889037088953e+01 4.844326242826782192e+01 2.929813432112710103e+01 2.526585459259645106e+01 4.498100477784389284e+01 5.521112375186022803e+01 6.217613063807076657e+01 7.036538091570568554e+01 8.076349125401925733e+01 6.679141706945253532e+01 6.532172672468993824e+01 7.924457342152987849e+01 9.905064979918913082e+01 8.768601379733162560e+01 7.368038578631741586e+01 6.902755153732303484e+01 8.556182572020458110e+01 9.908608913692106057e+01 8.464603796760512466e+01 7.625593584633077171e+01 6.543596612225100273e+01
8.327778614586212741e-03 1.415046341234369898e+01 3.415047602745747923e+01 4.795932836865036109e+01 3.992932984333936730e+01 2.854523680985546008e+01 4.720722077449214282e+01 4.657102799177564378e+01 3.528189987678870665e+01 1.763166294809338197e+01 4.516490858361376759e+00 4.161329911674522819e+00 4.224748667025553850e+00 1.401923620525169767e+01 2.249861040340604390e+01 4.228051201233810019e+01 5.640092446911788926e+01 3.652637684002728946e+01 4.844326242826782192e+01 4.498100486790561803e+01 2.801285645414038328e+01 4.765378633234482209e+01 5.041273456886843718e+01 7.008674296886356103e+01 6.377083876403041529e+01 5.289476236560827971e+01 7.256938201829009927e+01 8.689315709659223330e+01 8.462209235358507442e+01 9.285131724789994223e+01 9.341442158956313335e+01 8.871048502538755542e+01 9.696878755984766940e+01 9.256888229558197168e+01 7.625593584633077171e+01 5.610953889538214412e+01 5.707729114442042118e+01
6.510866554257996840e-03 1.155351635823172174e+01 2.569567041030299137e+01 4.569775541829395848e+01 5.511185347372545351e+01 4.166644441638919716e+01 3.825815902562474236e+01 5.607540927793397856e+01 4.200803907002742932e+01 1.696938478890796631e+01 2.877180187771575604e+01 2.413364522531119505e+01 9.384360943916842501e+00 2.785163333432416266e+01 3.992461690438510402e+01 5.400260516758761042e+01 4.613476760374723540e+01 5.640100402708067406e+01 6.154218086250730124e+01 4.190101719506722588e+01 4.765378633234482209e+01 3.080664138306448052e+01 5.041273457018552051e+01 5.574813064615092628e+01 4.411888347239897001e+01 6.151862402788119510e+01 5.898161710984324202e+01 7.068005141752963993e+01 6.490506897465465386e+01 8.462209235358507442e+01 9.759458412415840201e+01 1.044915630859963187e+02 9.612121479548083869e+01 8.418573037533421655e+01 6.397607278948667187e+01 6.201028194583900444e+01 4.196705731673891648e+01
8.953482861371391335e-03 1.415108910659244756e+01 3.415108910659315455e+01 4.406895934900356337e+01 5.415717875746005205e+01 6.058133047263583393e+01 5.072515904541036491e+01 5.153532271516846919e+01 5.414132492584425194e+01 3.197205205652401006e+01 4.482698855917370651e+01 2.410046880679947634e+01 1.355941406362488344e+01 2.034258199268472822e+01 3.208563919411238174e+01 5.696551176840728914e+01 5.334826883184221202e+01 7.145798973156917100e+01 6.972670116326474954e+01 6.154216316385350183e+01 5.606532588028466790e+01 3.645709885931390914e+01 3.381458486464062929e+01 3.613027613330375942e+01 3.873643728908638195e+01 4.186815699571019422e+01 4.509262943787357614e+01 5.101334298502119680e+01 5.979431748704031691e+01 6.961982767715339548e+01 8.935376264992568451e+01 9.612121479548083869e+01 7.574039253739462652e+01 8.170979717063019621e+01 6.768461405476959669e+01 4.761601826566238316e+01 6.201028194583900444e+01
