LEM/sinusoidal_perturbations/elevation_000275.asc
nrows	100
cellsize	150.0
xllcorner	0
ncols	100
yllcorner	0
NODATA_value	-9999
[rows 51 to 67 of 100, columns 37 to 73 of 100]
6.824811505203985007e+01 7.318157365017849258e+01 6.486047939070927271e+01 6.001277097206330779e+01 4.013159707789584729e+01 3.395267854623462966e+01 5.397033253127582952e+01 3.761717010093079239e+01 5.764069554137710583e+01 5.266459996583139969e+01 6.263594873925220696e+01 6.415040823676655179e+01 6.557473054603460128e+01 5.091491638823914201e+01 7.096410318947670248e+01 7.375987363205004499e+01 5.765909194435629814e+01 7.182968497922247764e+01 8.508757094817390509e+01 8.001442647457525936e+01 9.528842092818257470e+01 8.676301254887809478e+01 9.842193470691067603e+01 1.185625186824900936e+02 1.056577412069096908e+02 9.980705850457056272e+01 9.627152028973797826e+01 7.603879225457829705e+01 9.627152028973797826e+01 1.003908629505485379e+02 1.203807753117941104e+02 1.075505125256959502e+02 9.250219548362996136e+01 7.230034118899041573e+01 6.078608383628260725e+01 5.691129828802273494e+01 5.324040519685570416e+01
6.368211846245809937e+01 6.486047938961876014e+01 4.482209129982692275e+01 5.069119928667071662e+01 3.230150805600096930e+01 5.231737419260142019e+01 6.228272986770296171e+01 5.763703997413097113e+01 3.964138900116479647e+01 4.112723756072657721e+01 4.263248162911752104e+01 4.415176863431796761e+01 4.568054855190733576e+01 4.741033278070040780e+01 6.741917752503174199e+01 5.371604875591908979e+01 7.375987363204508540e+01 8.609228338788607005e+01 1.003550400460671597e+02 1.002107467900101909e+02 1.085693695379027872e+02 1.069343471025530903e+02 1.152919439988946380e+02 1.269305288015657140e+02 1.256072773441014192e+02 1.197825387360385321e+02 1.014821776148844776e+02 8.130138857179839817e+01 9.259335249672153623e+01 1.126374901570000304e+02 1.138956737701867752e+02 9.924417486150284162e+01 7.901822845403168571e+01 6.738250639142697196e+01 8.083864924570444543e+01 7.467097624244270548e+01 5.485288289801940209e+01
5.949682560385037533e+01 5.740096049944173728e+01 4.909153969908909687e+01 3.067942802800510194e+01 5.069119927946068316e+01 6.062919008929709008e+01 6.783183925116087210e+01 4.780867746661088091e+01 5.965749168059277707e+01 6.113662748774103761e+01 5.676262963000191775e+01 6.415087723884010984e+01 5.321433462110752544e+01 6.741598169396310425e+01 4.988202615265485207e+01 6.990244060929943259e+01 8.188220282800642735e+01 8.892989007544478852e+01 9.729059099427000490e+01 1.089427360245631888e+02 1.084432638860746891e+02 1.101262301913641579e+02 1.184881534766140163e+02 1.188104155937651427e+02 1.271827097360236252e+02 1.177965466221382513e+02 9.781560685051429971e+01 8.775289321919881047e+01 1.078316324738024150e+02 1.208814277673758113e+02 1.056067707931593986e+02 8.540892113203960889e+01 7.526186957227326957e+01 8.756672064041327985e+01 8.889444121464804027e+01 6.877942446966179091e+01 7.467097624328052063e+01
5.074265952809273017e+01 4.750994958066874574e+01 2.908580400244691688e+01 4.909153971244678871e+01 4.701300694131909808e+01 6.705727840589068478e+01 6.783183925116087210e+01 6.783183925116087210e+01 5.848587030317909097e+01 7.856410958050869908e+01 7.689375997517770145e+01 6.586245458529405994e+01 7.324198161889236758e+01 7.546309526819614177e+01 5.540689322630016278e+01 5.348947951019805913e+01 7.353147455673725119e+01 6.877124994976793460e+01 8.040092627436246175e+01 1.005806712956684947e+02 8.827200272438322770e+01 8.997115493248534790e+01 1.045736711682200308e+02 9.867661854311970160e+01 1.188104155937651427e+02 1.260332389794726993e+02 1.160747386333539026e+02 9.940351040600170052e+01 1.019949311924995357e+02 1.219226758666442407e+02 1.138956737701853115e+02 1.026587188273836801e+02 8.243299628227831022e+01 1.026587188273836801e+02 9.721504393593150439e+01 8.889444117554229763e+01 7.889727506716056382e+01
3.098242329049248411e+01 2.751251009596040120e+01 4.750995025711834074e+01 4.541392893241332018e+01 6.545503047494510440e+01 7.537887317030637746e+01 8.792920851752975864e+01 8.689313331938886620e+01 7.266973913853892952e+01 7.856410958050869908e+01 9.409417305153726829e+01 7.746225652150056362e+01 8.447130788198961682e+01 6.433613379367713492e+01 7.546702293760182556e+01 7.353147455673720856e+01 5.721935178288385515e+01 7.729129377238106713e+01 8.489230414460520535e+01 8.846165635898719870e+01 7.396253033072781591e+01 7.827557737908588820e+01 8.439539525085221783e+01 9.344622842264990936e+01 1.076768605674085251e+02 1.278176508178960944e+02 1.275761847873235695e+02 1.193446613246143642e+02 1.219226758666442407e+02 1.301545460742083833e+02 1.168689050517392616e+02 9.677266696940823465e+01 1.026587188273836801e+02 1.073962587468666783e+02 9.908786351618793731e+01 9.179376647654549970e+01 8.069159152305861937e+01
4.496062005855181098e+01 2.645961156882502152e+01 3.798577696552671057e+01 5.800424229900251305e+01 7.377555298959674701e+01 8.043813945414366628e+01 8.874347232062989121e+01 9.829894492381482962e+01 9.279437864316317075e+01 9.868344641545292006e+01 1.055684981461486274e+02 9.748349729432652566e+01 9.160940357875652751e+01 7.142702695336524243e+01 9.160940357875652751e+01 7.729129377238957943e+01 7.729129377238957943e+01 6.137025865821671999e+01 6.473821270051710997e+01 6.827035111714073423e+01 8.846165635898719870e+01 9.258708447042799605e+01 9.108235981437645989e+01 1.112359273315879733e+02 1.135759614533204171e+02 1.337422736000627310e+02 1.337554230756311995e+02 1.253807967030413124e+02 1.337554230756311995e+02 1.438644913598884898e+02 1.251362454612404349e+02 1.168689050517392616e+02 1.133168357059007008e+02 9.319405297180539094e+01 7.885481768220608956e+01 8.345302822577036750e+01 6.334832579537021502e+01
2.498118088804124071e+01 4.494692390674369165e+01 5.473580528757230468e+01 6.632067841527207008e+01 6.630819532625037027e+01 6.045538083290295361e+01 8.043813945414366628e+01 7.827302001402884457e+01 8.878741914131069279e+01 9.583587945981642520e+01 8.846165124942193358e+01 9.713371550590605352e+01 9.998882495255456604e+01 8.307589383138014227e+01 9.998882495255712399e+01 9.745766432502587406e+01 8.786599460630196745e+01 6.768954467310814493e+01 8.489230414460797647e+01 7.992549393237734989e+01 9.682367691575745994e+01 1.127398473735692477e+02 1.112359273315879733e+02 1.112359273315879875e+02 1.314028959240812924e+02 1.306208821260888442e+02 1.235235962827762819e+02 1.048154466390155477e+02 1.150981216710284514e+02 1.333698259250722344e+02 1.251700860484206430e+02 1.152240860809419303e+02 1.070075731989058170e+02 1.002997552998022854e+02 8.629136101317517671e+01 6.612483455668272825e+01 8.345337897736483512e+01
4.336800877351168282e+01 5.290116824168769227e+01 5.987051322526914987e+01 5.563684392999106620e+01 4.634411902533879868e+01 6.630819532625037027e+01 8.078713206587343620e+01 6.392481707082419717e+01 7.040407868686419590e+01 8.516484616293045917e+01 6.638983870316724278e+01 8.525626390859223136e+01 9.591583827740059576e+01 1.032663946771147891e+02 1.116570214371382121e+02 1.021393913042858941e+02 8.195376011286577977e+01 8.195376011286577977e+01 8.786599460630209535e+01 1.001222710845663499e+02 1.084816986901839471e+02 1.164310520907499722e+02 1.137787263925265080e+02 1.221989458135072226e+02 1.245554891065267640e+02 1.101271489334338582e+02 1.150981216710284372e+02 9.430078760090810874e+01 1.043854942346997348e+02 1.249855613364453433e+02 1.169775417089827556e+02 9.703854995767888170e+01 8.689670254161030982e+01 8.007919733644523319e+01 7.394020094397858145e+01 6.815679250209669249e+01 8.837979306827274684e+01
2.469898327497529067e+01 4.467947832498324345e+01 4.069025617513453597e+01 3.566627364912071130e+01 5.563032369015669332e+01 6.309969907422945568e+01 6.784758876218614887e+01 5.204549087380060257e+01 6.217445304356782287e+01 6.712887660102880716e+01 5.507379256551896418e+01 6.595560817538628839e+01 8.112282232525615200e+01 1.023109330468175386e+02 1.086842777467014116e+02 1.105010915731925252e+02 1.021393913042858941e+02 1.021393913042858941e+02 1.080473486968136712e+02 1.114556280403350428e+02 1.029833129893472119e+02 9.580189514354505320e+01 9.310723508784872138e+01 1.103223046430878753e+02 1.161296244137346463e+02 9.536427129298455441e+01 1.029964619578835254e+02 8.724385114204096681e+01 1.081656769809883514e+02 1.230139574536960652e+02 1.251700860484206430e+02 1.152240860809419303e+02 1.070075731989058170e+02 9.701457221852855639e+01 7.674695746493806325e+01 8.837979306827274684e+01 7.156445718391128707e+01
4.461108963194098465e+01 2.589230889967441485e+01 2.673950668717494494e+01 4.673433673175460257e+01 4.875233367853714839e+01 4.674238253293976442e+01 5.275422966822473825e+01 5.628087569922787026e+01 4.124727620826901386e+01 4.596413048048194838e+01 5.655569626039941511e+01 7.163217787514707879e+01 9.251896379491914502e+01 1.012693513471112539e+02 9.063191856237186528e+01 1.035737045931046936e+02 1.015674159386474145e+02 1.038460728376474833e+02 1.123678657938314700e+02 9.945197636661875151e+01 8.205280638962499040e+01 8.088418558883316223e+01 8.088418558883316223e+01 1.018440353232197708e+02 1.187897545694594044e+02 1.029964619578835254e+02 8.204687823477696895e+01 8.162082915479300027e+01 9.378472727480345839e+01 1.145805681535848635e+02 1.333482236456810597e+02 1.186619567333603698e+02 9.863234508530857170e+01 8.693211639678227698e+01 9.701498510812041332e+01 1.000826527521936953e+02 9.171224679509319344e+01
4.226744172321768644e+01 4.588066528073872519e+01 3.844797001155269811e+01 2.795569858509135841e+01 2.882322726016681713e+01 4.883218766433657976e+01 4.660713305797544592e+01 3.587202092469006232e+01 5.571356033974407751e+01 6.710993021559234251e+01 7.574269118145119251e+01 8.627356268533982586e+01 9.055688279571613464e+01 8.036752811094252991e+01 7.815470164455174995e+01 9.392629942020198541e+01 8.040204805817113254e+01 8.272567415437622174e+01 9.551870046762722666e+01 8.693294807618715936e+01 6.967810224387721973e+01 6.849501527164747472e+01 8.362163629684997090e+01 1.045208027741261816e+02 1.039981890135828024e+02 8.948485399459418943e+01 7.469497884263270748e+01 8.288076902145360236e+01 9.226888960425574737e+01 1.043714796716137130e+02 1.249634932499018305e+02 1.269159211432347121e+02 1.153691544216944465e+02 1.012368146250151995e+02 1.153691544216944465e+02 1.052284433705670637e+02 8.499951417192204417e+01
6.264188894771819349e+01 5.928607712804712548e+01 3.936429301401639691e+01 4.795961447635455244e+01 4.803827082510282764e+01 3.005907031944958518e+01 3.094054261070722234e+01 5.096271999245958284e+01 6.019737814783054120e+01 7.279176810958988142e+01 7.619303609720954285e+01 8.406946655099368115e+01 8.001514429204512169e+01 6.521424396491890718e+01 8.425639684521192407e+01 8.660133952492603271e+01 6.542655792489290434e+01 8.660133952492603271e+01 8.340293030704800969e+01 6.584124573337138031e+01 6.036975132943972966e+01 8.140876988925066371e+01 9.830424286471672701e+01 1.039981890135828024e+02 8.318034621365598014e+01 8.700049154515158989e+01 7.091466616695348080e+01 8.288076902145763825e+01 1.037700539595213911e+02 1.215185559483357309e+02 1.187150987993940561e+02 1.187150987372180992e+02 1.271182179149030986e+02 1.212476556024447234e+02 1.167948951960200077e+02 9.676121297101668972e+01 9.439896300039988830e+01
5.922997179733624762e+01 6.772415992434397936e+01 5.085865249080588057e+01 6.161193698041301303e+01 4.160424307892196794e+01 5.007610459624481081e+01 5.096272132635468921e+01 3.223616828820170355e+01 4.594773322612322630e+01 6.122264693049129392e+01 5.598155862547937289e+01 7.619307914158244444e+01 7.796815095976498355e+01 5.870007537639850881e+01 7.796815095976498355e+01 7.941487529553012337e+01 5.859476291670787873e+01 7.941487529487544350e+01 7.475544715434131149e+01 5.453121497981540244e+01 6.855327640991154681e+01 8.962524156983178614e+01 9.925735534275656846e+01 9.070807450151146156e+01 8.278653484762132564e+01 6.635640658934458713e+01 7.818727729212609745e+01 9.903936374729511272e+01 1.122690551079639647e+02 1.125508639339032868e+02 9.798350995332656055e+01 9.798350995332128832e+01 1.187150987372180850e+02 1.346996881626572531e+02 1.249975568648900293e+02 1.083797760111512787e+02 1.086905142684190650e+02
6.754748966933611598e+01 7.935963890410853594e+01 7.101222255583262211e+01 6.993627885649901543e+01 5.314926284620301544e+01 6.398584274207172484e+01 4.380426121258953032e+01 5.226244480998745701e+01 3.354847851348648646e+01 4.172548458120308368e+01 6.177224398826141538e+01 7.215239525197146975e+01 7.269737832574273284e+01 5.322528250027850305e+01 6.567499493224138973e+01 7.290563179868217958e+01 5.277809820985223155e+01 6.538554168617201867e+01 6.664255330711444003e+01 5.120337667029583173e+01 7.092348248906867525e+01 8.692216748062092790e+01 8.732360780206681738e+01 7.002576522500869771e+01 6.229155247224291259e+01 8.278653484761758818e+01 9.556960436397092451e+01 1.075610846110716636e+02 1.040504287775281256e+02 9.550237740772456618e+01 8.310449402279687092e+01 9.364529862773382263e+01 1.057735970992448813e+02 1.263400545841743963e+02 1.364621297625326122e+02 1.282901617784257269e+02 1.287860346888363381e+02
6.261122330225730082e+01 7.782667658213837569e+01 8.312402556272756726e+01 8.151760676438966868e+01 7.319204083190098231e+01 6.026711909775254128e+01 6.381718428870819082e+01 4.851024393634551757e+01 3.448529040455989758e+01 5.451514204626786153e+01 5.722123139522152258e+01 5.196770473267375223e+01 5.889939411619451448e+01 5.992528967430388320e+01 4.596962235606970637e+01 6.235929734745320729e+01 6.364626100452115764e+01 4.520881558047101123e+01 4.645229736213743621e+01 4.771116471469413511e+01 6.794172825610806399e+01 6.637347817364296532e+01 7.498614259100389745e+01 5.840585803227160966e+01 7.876713767325938420e+01 9.135383337583475338e+01 9.632257054094009163e+01 9.693922826700047324e+01 8.834956550735876135e+01 7.462778443121821681e+01 8.939310610055591155e+01 1.102514630537078801e+02 1.097402450374051170e+02 1.163342409601404341e+02 1.236649264524413923e+02 1.321325440937486917e+02 1.303495355238325999e+02
5.429758492018378035e+01 5.775629029458020369e+01 6.302962220996285225e+01 8.312402556272756726e+01 8.888284630959753940e+01 8.053226545371556711e+01 7.565024423075625748e+01 6.011199001835660027e+01 4.051210111884527265e+01 3.583407197491197849e+01 3.679069866711897419e+01 3.780366018470243006e+01 3.882214236204208646e+01 3.996905801637690558e+01 4.111960525660853705e+01 4.230751482703823996e+01 4.350109409514627146e+01 6.365991211941069849e+01 6.664255330794173915e+01 5.352908552674463749e+01 4.964849238262917197e+01 5.217024434677397693e+01 5.472563325153669922e+01 7.498614259173231744e+01 7.775840203439743448e+01 7.966894033504364359e+01 7.553063100276760622e+01 8.435358884677401647e+01 6.770007024773312310e+01 7.120060572662919185e+01 9.193766614224333011e+01 1.011982347642012030e+02 8.881576017812126622e+01 9.548111169469768811e+01 1.029407424332150072e+02 1.149777438877007540e+02 1.355312146815592200e+02
3.773758749366322007e+01 4.668023209433260945e+01 6.671701246818734887e+01 7.956747038605463729e+01 8.789838796489928541e+01 8.420752194171532778e+01 6.411458739017274411e+01 5.032184149965140563e+01 6.013781025963658777e+01 5.528584360948858745e+01 3.977935614505416595e+01 5.779912987909459332e+01 5.889939411618684062e+01 4.200194760706069985e+01 6.122660535997455611e+01 6.245592497682533661e+01 5.502675491837342747e+01 7.187156740794769405e+01 8.239449948015540315e+01 6.333661518718525230e+01 5.415579338742526261e+01 5.197368768026605323e+01 5.379419308588284565e+01 5.560888405391360578e+01 5.743117949043662662e+01 5.928177731852034071e+01 6.116509097803209016e+01 6.382630576657258814e+01 8.435358886664035083e+01 9.193766614224333011e+01 7.644905888988091647e+01 8.032885311133368589e+01 8.629596556407327057e+01 1.072657668678184848e+02 1.236549216264845370e+02 1.321325440937486917e+02 1.439619262743612751e+02
