LEM/sinusoidal_perturbations/elevation_000427.asc
nrows	100
cellsize	150.0
xllcorner	0
ncols	100
yllcorner	0
NODATA_value	-9999
[rows 17 to 33 of 100, columns 0 to 36 of 100]
5.222468517465790779e-03 2.000522246851711117e+01 2.774727270623498043e+01 1.905865110287071928e+01 3.798945698686845418e+01 3.156372268764387812e+01 1.455638284835113794e+01 3.492428747242503562e+01 2.466451473933576466e+01 4.340749726702425448e+01 4.647926723786651593e+01 4.952769488347261273e+01 4.027610887046856192e+01 4.465086984221994726e+01 5.615053811440662912e+01 7.611055696098320311e+01 7.937835642417761051e+01 7.112482332200953294e+01 7.174233391118931991e+01 5.182273918357503817e+01 3.770304431129829226e+01 5.766016938352941423e+01 6.016706364858932687e+01 7.682764030729239835e+01 9.038314924795618310e+01 7.018053543388552384e+01 5.551281685720132941e+01 6.732030158686519883e+01 7.570197153101790377e+01 7.782195552420459705e+01 5.812943455745840993e+01 4.433743686067095524e+01 4.801374010467489484e+01 2.841535484061786931e+01 2.362065328043592061e+01 2.957850533186536879e+01 4.343183006822339820e+01
7.333276091007126865e-03 1.422813784626265843e+01 3.462138257285055687e+01 3.243454436352551085e+01 3.399438253225257967e+01 4.640046954748999042e+01 3.206702774153988855e+01 4.605738166485551943e+01 3.075105457624880501e+01 3.986127699900614374e+01 5.918636797522069060e+01 6.828838139617863590e+01 4.834723625286370918e+01 6.458663470688036057e+01 7.285407647139244602e+01 8.437781331751411074e+01 7.112482332200953294e+01 5.119862558622913440e+01 5.703487377977516104e+01 5.428679857056737035e+01 3.433324899201765845e+01 5.428679857056737035e+01 4.863985522130056438e+01 6.857739794155055790e+01 8.678277822549885911e+01 7.915323726155556017e+01 5.865799147029748895e+01 4.642247285639600562e+01 6.035435867670879162e+01 6.880072751016196264e+01 6.901515421624966962e+01 4.940660925218325872e+01 3.560683665352169669e+01 4.215755759628445531e+01 2.249708601018277321e+01 4.060236972977916281e+01 4.259362742476645280e+01
6.343274376862209282e-03 1.415501534616840296e+01 3.429563052476679275e+01 5.139040861759411882e+01 5.137474285067437307e+01 5.664403830930027794e+01 5.986422639323108541e+01 5.748951176482314906e+01 3.839323487402825208e+01 4.958194737886230286e+01 6.738329296763784271e+01 7.653313307536137700e+01 6.244738181245040920e+01 7.653313307536137700e+01 8.534366269988565534e+01 7.703248866644952386e+01 7.112482297958628408e+01 5.119862558599567137e+01 3.708692831411921276e+01 4.706090108575464370e+01 3.110488862468208993e+01 3.711182370267025732e+01 4.709509217372940526e+01 5.862536053198049757e+01 7.852943439634300660e+01 8.746057841014898315e+01 7.570197153101790377e+01 6.035435867670879162e+01 3.932896366739495875e+01 5.401496355717195286e+01 6.251732310483882316e+01 6.330751328622465479e+01 5.514979540202872954e+01 5.027907180957816990e+01 4.060242723263784370e+01 2.089408782349164184e+01 2.395457129124287121e+01
3.497053469895897767e-03 2.000349705346954110e+01 2.827440307340276249e+01 3.275899324937940804e+01 3.812904059127153289e+01 4.394611864380451038e+01 5.234495807608946194e+01 6.569444022390598548e+01 5.178948630295553812e+01 6.572911352119686512e+01 7.726887981485296564e+01 7.864175622806092747e+01 8.237215966395757505e+01 8.255472589249332316e+01 7.366832918277317788e+01 5.674505300614590908e+01 7.366832918277317788e+01 6.116171759751200199e+01 4.122014874610691493e+01 2.713051470119930997e+01 4.706087901377922122e+01 5.497451937224291640e+01 6.146329323093662111e+01 6.874569528453021405e+01 7.680706348050894405e+01 8.942600799164469549e+01 7.899641091202069276e+01 5.846500491756747664e+01 4.355135898700920905e+01 3.305681720516314925e+01 4.860359439126408176e+01 5.713844606050257369e+01 5.768825373811714030e+01 3.809477339556282516e+01 3.809002226882147824e+01 1.981069526131599190e+01 3.954831022178900213e+01
9.635555453094322986e-03 4.054559196533851662e+00 8.213273792347470348e+00 1.267730466372235121e+01 1.800072365274436947e+01 2.375909416572661215e+01 3.753478366146485712e+01 5.819447750773316841e+01 7.139797916413112944e+01 7.076483337674177676e+01 6.299089125881901197e+01 5.996121225390210441e+01 7.326024245921503564e+01 7.420335086815597947e+01 5.392136442444103039e+01 4.500586758913124186e+01 6.531953222680607496e+01 5.908928667775705179e+01 4.454990712677587084e+01 2.462673899043221937e+01 4.454924245725559473e+01 3.525708876973720152e+01 4.185605907688859872e+01 4.930100233478935934e+01 6.291123865493307221e+01 7.528456993930839758e+01 6.649295553575112194e+01 7.288958394798210350e+01 6.251730566530822841e+01 4.860359439126408176e+01 2.782463171306277516e+01 4.377101079333311873e+01 5.231114869721208294e+01 3.809653357920073091e+01 1.828506026094754588e+01 3.805890549588025351e+01 3.520088594662340853e+01
8.845047570523793118e-03 2.000884504757016913e+01 2.827440307340276249e+01 3.275899324937940804e+01 2.907554929393664978e+01 4.393796031479811859e+01 3.541891721640578083e+01 5.578125370929570437e+01 7.047490092078348312e+01 5.985285840578286809e+01 4.403142509205761002e+01 4.651095742146707579e+01 5.774035692251073471e+01 6.557194946371718913e+01 5.763832996461491120e+01 3.739217611409448239e+01 4.965115303963523985e+01 3.899687163231011056e+01 4.209819700334487891e+01 2.217410570883532372e+01 2.679339002472801212e+01 3.814280725534218419e+01 5.615143865476839125e+01 6.874569528453021405e+01 7.680706348050894405e+01 6.239718284594388820e+01 4.464838909424175739e+01 6.239718284594388820e+01 6.591904639326997994e+01 4.482225991704044787e+01 4.377101079333311873e+01 2.316033950270976760e+01 3.927202906146190742e+01 3.591610079521129251e+01 1.726079174244135217e+01 3.706942329467253217e+01 4.929446887307743452e+01
8.023991185656003874e-03 1.155502937497827354e+01 2.569716499870947501e+01 4.569716499871017845e+01 4.914843934723874952e+01 5.748069457767687140e+01 4.709272765822023388e+01 6.447509025022111473e+01 6.282336228837918668e+01 4.402320949218734825e+01 3.259124428154873954e+01 4.411689623552314288e+01 3.847871116287036131e+01 5.773474159239678727e+01 6.497472241908735668e+01 4.965114584393690933e+01 2.954709713978380847e+01 2.484950201670124770e+01 3.866547203391323251e+01 1.974632141000670416e+01 3.968119148006330477e+01 5.481220868486698095e+01 6.543334513200046842e+01 7.155719676670217666e+01 6.441039420544142047e+01 5.329461978953737145e+01 3.391788099770654696e+01 5.329461978953737145e+01 6.847922941024685883e+01 6.589346074571186307e+01 5.231479856522810934e+01 3.927208529785053059e+01 1.876282537064130551e+01 1.591707496985790726e+01 3.073402157682841818e+01 3.817941959515635375e+01 3.665007089395064810e+01
4.598823041778624977e-03 1.414673444677285374e+01 3.414673444677355718e+01 4.287163571391003813e+01 4.287177439302066517e+01 6.287761721145226801e+01 6.810546518655419845e+01 7.644797257906823518e+01 6.562302429422710759e+01 5.470892598855635214e+01 4.389978085375443584e+01 2.416925009141623448e+01 3.914097383838129929e+01 5.982986778452897170e+01 5.840016272165864564e+01 5.756990060293529154e+01 4.965115303958804560e+01 3.866548446773501269e+01 1.867759893563905038e+01 1.757262176847811119e+01 3.169528155719267914e+01 5.163664403437489625e+01 5.848163277647186931e+01 4.604907490937877412e+01 5.579902583616192402e+01 3.697542882328131952e+01 2.815220059666334151e+01 4.010262688998611225e+01 5.800243566246616922e+01 6.421264533930097684e+01 5.707520832774892483e+01 4.781229386900894696e+01 3.880969427470546407e+01 1.506918196471868221e+01 1.670313096418601617e+01 1.429427115663868975e+01 1.465636896172010495e+01
7.340434288523949372e-03 2.000734043428816733e+01 3.132412787366473239e+01 2.287102635399227069e+01 3.701320951716225238e+01 5.701695763176692822e+01 6.895364760625386680e+01 7.320866126249660510e+01 5.781293757134086775e+01 3.936934921114458064e+01 2.819132902910644844e+01 1.968243207727981670e+01 3.978411969524894687e+01 5.464341037583371730e+01 4.380300158288088852e+01 5.515765580617264874e+01 4.952496852711632869e+01 3.456580523603896893e+01 1.454547280996791514e+01 3.456580204141567947e+01 4.579204902585058079e+01 4.944343359853644415e+01 4.400430272360586059e+01 2.992330994854543391e+01 3.725541868407952961e+01 3.618385986391565012e+01 2.348572585665576895e+01 3.263558725921122772e+01 4.985363960801428362e+01 5.707520832774906694e+01 3.750761554678748411e+01 4.329911246440956063e+01 3.772237847586351478e+01 2.167635829408853354e+01 1.378114739328883864e+01 1.783707282890443224e+01 2.684032301282482535e+01
3.515918393995972821e-03 5.550517880646310687e+00 1.132402057254263994e+01 2.546615936405397917e+01 4.546651492047514154e+01 6.292581289549963941e+01 4.919214424163368449e+01 5.468674408326657499e+01 5.178307525953053414e+01 4.326028768565443272e+01 3.552810139727286298e+01 1.567944406631858456e+01 3.048110403811682190e+01 3.429110147691017829e+01 3.276449574209387805e+01 4.179587185311081754e+01 2.827342183521988872e+01 3.012329638202019311e+01 1.265523100720522187e+01 3.271599452493659044e+01 4.517680718139363449e+01 2.912706666038011605e+01 3.215882689907592606e+01 2.246223208904406832e+01 1.799055959566824114e+01 1.850368201122353184e+01 3.267100578288432189e+01 4.121903279420216393e+01 4.583838580698180465e+01 4.401772823484255071e+01 4.026013999666616172e+01 2.381691533478840128e+01 3.255215941124703249e+01 1.329941487749384876e+01 1.749010586741449202e+01 2.381323161530033872e+01 2.460009432322788925e+01
4.608085242692564441e-03 2.000460808524233869e+01 3.132412787366466844e+01 3.960959750958706138e+01 5.254635274365195130e+01 4.439133785230377782e+01 3.517323659811800241e+01 5.489417870412897571e+01 4.323504303508520508e+01 2.297947205841363072e+01 2.867010975123617200e+01 2.575050317943804146e+01 1.108304154957638410e+01 1.975641569514030138e+01 3.387332635678940562e+01 2.098618197431741095e+01 2.758887508556279045e+01 1.003839866364936917e+01 3.012329362367063723e+01 4.003362129980219919e+01 3.221379112871912298e+01 1.100160430841360615e+01 9.110517572422370591e+00 9.418313377723752211e+00 1.346972339409923336e+01 2.627316122769984474e+01 2.913171269805384966e+01 3.052058921918213130e+01 1.347475655108904391e+01 1.633115151905586870e+01 1.772503945611776643e+01 3.216457410062831457e+01 1.282031214236909022e+01 2.151099082524614303e+01 3.884429844595036485e+01 2.929383205718225724e+01 4.091550445962232629e+01
1.610643649003322799e-03 1.998605538081636723e+01 2.891409734489041128e+01 4.874244026676425534e+01 4.438972984054678506e+01 2.453545003074736641e+01 3.630382527217128086e+01 4.451507348825933974e+01 3.546174565465068440e+01 2.540179779791990100e+01 9.629477459607150180e+00 7.032453351158281407e+00 2.382687994346778382e+01 2.458563626290919046e+01 2.480754596459834360e+01 5.327566024363381558e+00 7.528562428465115808e+00 2.752963011968831353e+01 3.801359140945137227e+01 3.158934816547424873e+01 1.986576750031932193e+01 8.675173239878308351e+00 1.890724226449200174e+01 2.556534995652858910e+01 9.855299870243841909e+00 1.016821555593639381e+01 1.048135861599607210e+01 1.079490790142595991e+01 1.633362884941672633e+01 1.361717480466585606e+01 1.201027915100586085e+01 1.234445013044013173e+01 3.216637708108886784e+01 3.935634024016803778e+01 5.095988822819226982e+01 4.366939999771969383e+01 4.958104643945116408e+01
2.022278438842990342e-03 8.946296150589994056e+00 2.309081189124231770e+01 4.314883488552822399e+01 5.253745622274929161e+01 3.630382527212847066e+01 1.639134879183703219e+01 2.927665649600857023e+01 2.688418532898554503e+01 3.597415629101512469e+00 3.665526233247795140e+00 3.965501000316274283e+00 4.271292724610940006e+00 4.571964248458383118e+00 4.870339339966099246e+00 5.170119275944840886e+00 8.103263139907010526e+00 2.695530589281424128e+01 3.024774523124418479e+01 9.925881716156998991e+00 8.239728468652174342e+00 2.827656710837336718e+01 3.093680570640562166e+01 1.272805659492552088e+01 2.777863934372160415e+01 3.001008777041500508e+01 3.048464162000864164e+01 2.665839081494836549e+01 1.124075645819152847e+01 1.155777919113649510e+01 2.886318933452702495e+01 1.297308694926857164e+01 3.257876549977565617e+01 4.946906026588307981e+01 5.801855523431448347e+01 6.429653572026595043e+01 6.970952971117050367e+01
6.642187732006160465e-03 1.414877781146846658e+01 3.414877786282689698e+01 4.293425175280570727e+01 3.451557862612411043e+01 3.604973599922169569e+01 2.927665649499808609e+01 9.326649259630361399e+00 2.002246404222201548e+01 3.254838220485822831e+00 2.321987636996486515e+01 2.455702566154439381e+01 1.424521697785303509e+01 1.457467896339949398e+01 2.307846983244062855e+01 2.526991760314157887e+01 5.596859703451669610e+00 2.552156035952506841e+01 1.733921484773678401e+01 1.431917293635017074e+01 7.931442769221103362e+00 2.523772479843906780e+01 3.904187381928963418e+01 3.251176443290869855e+01 1.567402875843228749e+01 3.484132150546759021e+01 4.512199004202273755e+01 4.402362300798580463e+01 3.509852756209102864e+01 3.813632466053793024e+01 2.792221740492531623e+01 1.391936788195044628e+01 2.926856220665807840e+01 2.979764147528503671e+01 4.975707615187337041e+01 6.648216199999447440e+01 5.818444894638137299e+01
1.591255364720534126e-03 1.414411208200584547e+01 3.416009625617139989e+01 3.141828223554707478e+01 1.442649449994401856e+01 1.597716393533072399e+01 2.212638363816698472e+01 2.194913933357972624e+01 2.835804031089965260e+00 2.116759099843963554e+01 8.602278204945534412e+00 2.860205543711895970e+01 3.296974695240196951e+01 3.252181336176456483e+01 2.720185491440984649e+01 6.040402410236201725e+00 5.900212917867715845e+00 2.586504014925807837e+01 2.750641964666170125e+01 7.495496983609689856e+00 1.961475996695496704e+01 2.222547317896516716e+01 4.436003879732646027e+01 4.290164106778979658e+01 3.488188290375236988e+01 1.864235069231311215e+01 3.767987271176349395e+01 4.858757588223019752e+01 5.976212238202131743e+01 5.579481264956667985e+01 4.198374725291784415e+01 2.278079057271915531e+01 1.564169339191674446e+01 3.544419591062273156e+01 4.541044353828787905e+01 5.674378446800048437e+01 3.893924635040687576e+01
6.189296070378335485e-03 1.446689599812021854e+01 3.539159459868551494e+01 2.297649392049921602e+01 2.665627848432198910e+00 1.834504947002582709e+00 2.127487114359790432e+00 2.420004200022078500e+00 1.747185765288194759e+01 2.988990607798719523e+01 2.860205553204498230e+01 1.425864460508046960e+01 3.427599408902356970e+01 3.417211545954151575e+01 1.398472809580662890e+01 2.708844790645387235e+01 2.504082357654619173e+01 6.329354526178652129e+00 2.539620066144592769e+01 7.188504695952233625e+00 1.899985208712447715e+01 3.992712409302474441e+01 3.832072779287831565e+01 5.800207032474386182e+01 4.571735158602882620e+01 3.767996421822000741e+01 2.161674755906881273e+01 4.053869768914031368e+01 5.851796771455025237e+01 5.892004531222855945e+01 3.897052698990083286e+01 4.263133943389109248e+01 3.544419701153255886e+01 1.737132673843714059e+01 3.715309317818324075e+01 4.031783229867545515e+01 2.930881127014813003e+01
2.247884206357958405e-03 1.979471148713823325e+01 2.859113390531456744e+01 1.941964033223601405e+01 1.419243906532519306e+00 2.131428162616651889e+01 2.212397661470229693e+01 3.451451864489168742e+00 2.327408587275577290e+01 3.894218374233165747e+01 3.846342406120956525e+01 1.842826516329736464e+01 3.846342406084566790e+01 3.981375078689408298e+01 1.933818219854867237e+01 3.950156362370790930e+01 2.717554439979812031e+01 7.065553892962809890e+00 6.756804943151515808e+00 9.306375543561554053e+00 2.932041137984307966e+01 5.025916921244844104e+01 5.689514927116146481e+01 6.590780441275988721e+01 5.876175021533139642e+01 4.259094716237548539e+01 2.371102832788454862e+01 3.129837781238145311e+01 4.467123381165841067e+01 6.416790006143055791e+01 5.892004531222855945e+01 4.778802768071250284e+01 2.789187972472188193e+01 3.715284623340487968e+01 1.910556257988003992e+01 2.050828182685599543e+01 2.191879268133492786e+01
