LEM/sinusoidal_perturbations/elevation_000350.asc
nrows	100
cellsize	150.0
xllcorner	0
ncols	100
yllcorner	0
NODATA_value	-9999
[rows 51 to 67 of 100, columns 37 to 73 of 100]
8.663679768262308301e+01 7.206508215676534235e+01 8.663679768261103220e+01 9.171839481123853943e+01 7.779651694116047622e+01 7.995345115758941290e+01 9.965227293741340020e+01 1.077749197209366656e+02 9.952875508749637845e+01 1.077749197209366656e+02 1.182141959297406828e+02 1.049588273263983069e+02 9.088352159459687130e+01 9.088352159459687130e+01 1.108207382340701059e+02 1.025793127739087680e+02 8.233897273511554715e+01 1.025793127739087680e+02 1.117287896569870469e+02 9.190267184511600362e+01 7.770649362829260554e+01 9.770960730760970137e+01 1.000094321046605188e+02 9.177631440157377085e+01 7.699508549675555003e+01 9.704049813276196801e+01 1.112249111594083928e+02 1.194063674413782508e+02 1.292864180195076358e+02 1.408568563552799731e+02 1.325947377466166870e+02 1.286726035919325568e+02 1.203874284093639773e+02 1.229936885362215264e+02 1.312725098573736489e+02 1.182647774390338640e+02 9.832285675728712704e+01
6.643295736988953593e+01 5.791428402790968732e+01 7.806968154980310715e+01 9.150486550094854010e+01 9.750245410182269268e+01 9.965227293741340020e+01 1.011094286558232653e+02 9.776715114146286112e+01 7.946867561257023738e+01 9.776715114146286112e+01 1.088189547543874056e+02 9.005172669801591212e+01 7.670918579342145449e+01 9.672299715031284961e+01 1.088189547484606408e+02 9.646157127093941597e+01 7.624620612164883937e+01 9.646157127093941597e+01 1.072022650586228991e+02 8.729966324159865110e+01 7.309489697220023174e+01 9.312885349681293690e+01 8.749972706827114166e+01 7.171733731932590672e+01 9.177631440157377085e+01 1.052576064907450188e+02 1.011642214401014144e+02 1.126222488289713368e+02 1.265684754663093941e+02 1.462959420863232367e+02 1.307750177577666193e+02 1.170413051541405025e+02 1.001818573732632558e+02 1.028101004510789096e+02 1.229936885362215264e+02 1.204448142317572916e+02 1.005046251359115246e+02
4.652080297278938303e+01 5.273737017754496748e+01 6.263268266234253190e+01 7.686081325761983862e+01 9.748321039466647164e+01 9.522127909480194319e+01 8.108987157493270104e+01 8.949871535003332212e+01 6.948019029994649998e+01 8.949871535003332212e+01 1.005876548357279745e+02 8.061598483393497361e+01 7.006083921728897224e+01 8.061598483393497361e+01 1.005876548357262834e+02 9.104847413227204811e+01 7.088881641661890853e+01 9.104847405333454446e+01 1.060828198377555935e+02 8.895820520278890342e+01 6.890512694859157250e+01 8.340340991087394684e+01 6.743377407439872684e+01 8.749972640365447774e+01 8.029477716823588196e+01 8.701044198282411912e+01 1.011642216953897986e+02 1.209588368393321502e+02 1.194670997775399428e+02 1.277791982003444957e+02 1.215122550731960303e+02 1.023096194176722662e+02 8.844484182580791298e+01 1.087217365325411436e+02 1.160779311221665608e+02 1.243772481716444389e+02 1.204448142317572916e+02
5.979557252914577958e+01 7.276682806990142183e+01 6.680000563007445180e+01 8.717201159807670763e+01 1.036543453494489313e+02 8.695346408757438894e+01 6.700225376837870783e+01 7.433521075043172743e+01 6.291350408983240783e+01 8.282587366667108597e+01 9.840919743658437824e+01 7.842870333210220224e+01 6.436209063992184554e+01 7.842870333210220224e+01 9.840919743658290031e+01 8.615141529633062589e+01 6.610254395995671928e+01 7.763229818041004648e+01 9.778874552524003150e+01 9.719044208965199516e+01 8.340378211932682007e+01 6.336017041022623175e+01 8.340378150846355254e+01 9.574419643195942342e+01 1.003114410023093086e+02 1.069619302400726326e+02 1.151519755658569721e+02 1.160949253323494901e+02 9.915869165829504084e+01 1.160949253323494901e+02 1.132050266745055040e+02 9.296822999559955747e+01 8.201805262638184502e+01 9.956767550152035540e+01 9.585708022541597018e+01 1.139805296040082965e+02 1.222842544578128781e+02
5.407681919893658318e+01 7.415264837202117576e+01 8.717201168454772642e+01 9.579399530021724729e+01 9.541179749547096378e+01 7.541717939956490113e+01 6.398887454271613962e+01 5.461763186855153407e+01 7.433503471998957934e+01 7.879387241913386219e+01 8.722374494816430968e+01 8.012750517550870200e+01 6.029416962204962971e+01 8.012750517550870200e+01 9.598613770217922081e+01 8.187186446100021442e+01 6.197771083934853209e+01 8.187186446100021442e+01 9.774057219364840421e+01 9.529027097062025575e+01 7.527207584718132694e+01 6.115518665182193558e+01 8.113532261628436970e+01 8.441870288761427332e+01 9.109973780743253258e+01 9.933815387421408616e+01 1.093125458628885553e+02 1.077420348830811889e+02 8.743835377744858306e+01 1.077420348830811889e+02 1.097217501279785807e+02 9.668175137724917079e+01 7.640146129041832523e+01 7.928525505582253174e+01 8.604789149291734418e+01 9.373269493390142770e+01 1.080816439763514865e+02
7.100805484089860897e+01 8.268887922773149057e+01 9.941002890468159592e+01 9.117821425555119674e+01 9.941002890468159592e+01 8.387526099073811281e+01 6.398894650357969027e+01 5.020903884208431123e+01 6.457183562526134324e+01 5.880722804852010199e+01 7.869458575656250332e+01 7.623786805986550519e+01 5.650105154864066037e+01 6.781881691733796913e+01 8.773850579631891833e+01 7.788882917121168248e+01 5.814612224075330005e+01 6.942578348280171952e+01 8.944956457497256963e+01 9.308227787034732614e+01 7.306771086363472989e+01 5.905607200058376094e+01 7.589702197474609591e+01 6.443358966081616757e+01 7.105663304797768376e+01 8.110070500931571758e+01 1.010987706055494897e+02 1.005635995866602173e+02 8.034094264952784670e+01 1.005635995866602173e+02 9.542620809589647024e+01 8.113066606387276636e+01 7.166026154823413208e+01 9.190164116230641866e+01 1.063275674738423788e+02 1.139805296040082965e+02 1.222842544578128496e+02
8.228024647157508298e+01 9.119019767801253806e+01 8.948994831395677352e+01 7.135180388220729242e+01 8.948994831395677352e+01 8.972174257339082715e+01 6.981171784567881389e+01 6.457267060133101211e+01 4.504155051633441786e+01 6.159885255858682740e+01 6.488818564078708562e+01 6.799728063753626373e+01 5.304929734672196417e+01 6.687080045471947187e+01 8.674913952377296766e+01 7.428113263538814692e+01 5.460185835535622090e+01 7.428113263538774902e+01 9.058871175994342195e+01 9.562332386033476439e+01 8.707191660095330121e+01 7.589702057866782070e+01 5.620374926700330320e+01 7.589702197481373958e+01 9.109973780743253258e+01 9.933815387421408616e+01 1.093125458628814073e+02 9.446623910261060075e+01 7.432696206841130504e+01 8.656696474976197919e+01 8.706302591507110833e+01 6.689408797675848461e+01 8.706302513776077490e+01 1.002603957891084292e+02 1.089190157793376841e+02 1.236439921589956441e+02 1.177662040257167604e+02
8.540272784411351381e+01 7.138814269613159524e+01 7.943676756360065383e+01 6.155542497084346820e+01 8.126500906887923747e+01 8.629725743922932679e+01 7.491197981364442171e+01 6.123875769717655970e+01 4.167465578959706107e+01 4.250482781665641596e+01 4.546591795167216787e+01 4.846116123717560242e+01 6.799728063753626373e+01 8.093267373959932343e+01 8.742995827143377596e+01 7.085264635568030656e+01 5.111676628862969096e+01 6.246416716334705654e+01 8.231152203152035440e+01 8.615558289272752290e+01 6.633259987873030639e+01 7.128586313165855870e+01 5.437941596501379138e+01 7.393636958740164289e+01 8.545218138912451877e+01 1.054028380061413799e+02 1.051902014288407230e+02 9.686525154474773558e+01 8.656696474976197919e+01 6.654329155978405197e+01 7.957908070231343345e+01 6.381683685140090745e+01 8.391315298462011185e+01 8.034168734749979990e+01 1.005809900016476348e+02 1.034630977538871548e+02 9.753855715208422339e+01
7.273783617551919178e+01 5.751463239806967920e+01 5.974339274990918369e+01 5.465238125652356871e+01 7.429661878383538465e+01 7.812923961621966384e+01 5.845535969192682302e+01 4.720539278632767122e+01 3.831525873001223204e+01 5.804117535954032547e+01 6.498279196892534060e+01 6.799728063753595109e+01 6.436113637646207053e+01 8.417626718923909834e+01 7.912053607546351941e+01 5.927685117832807293e+01 4.781969626835383735e+01 6.764882883491588927e+01 8.431552500181344101e+01 8.186867787297987320e+01 5.448173329038748136e+01 5.189131923308654848e+01 7.128586660179136913e+01 6.550620334170454839e+01 7.959895066473613667e+01 9.958313038768542924e+01 9.686525154474773558e+01 7.665258465733273852e+01 8.235492805143668704e+01 7.249248516908357942e+01 5.960972689342736430e+01 6.174866549922494130e+01 6.394626533608271757e+01 8.405566863097328678e+01 8.987045313953838388e+01 9.248694842455103071e+01 8.316126480818776656e+01
5.310725240841105688e+01 4.770109136704820685e+01 4.585961776578668747e+01 5.974339274990918369e+01 7.943676756360065383e+01 7.255215280638212505e+01 6.133356832743278630e+01 5.314673463505278050e+01 3.618971797080273944e+01 4.512155507117364550e+01 5.641501034832909056e+01 7.614057086088767790e+01 8.417626718923908413e+01 8.072000424218211379e+01 7.841596552529800590e+01 5.879686011770891696e+01 4.483856990174761847e+01 5.624944075727509585e+01 7.606086760034341410e+01 8.291677900327316308e+01 6.518337253082894733e+01 5.013165437679250402e+01 6.948199345524629678e+01 8.477161566705359519e+01 9.370230413377386469e+01 9.522603539734666356e+01 8.687666330460068309e+01 8.257273772279181401e+01 6.246236580693114604e+01 5.733838100489725775e+01 7.720071392810579880e+01 7.587726502297593356e+01 8.325058022063052476e+01 6.721295033306923017e+01 6.963978096757952585e+01 7.221967793025966387e+01 7.488125221029723377e+01
5.010120748949341163e+01 3.878706518146950799e+01 5.856347723433854213e+01 7.369812945201279319e+01 6.988990326781842555e+01 5.859386648748346005e+01 4.463558016862679523e+01 3.339656146501209122e+01 4.736659329218311143e+01 6.403438745886784034e+01 7.296343170020635682e+01 8.438015364350866321e+01 7.516205205293664449e+01 6.131384375007407783e+01 6.620270353449667766e+01 5.794422052651785293e+01 4.225437595247247202e+01 5.598998493473798987e+01 7.580734083328432860e+01 7.351107767723325992e+01 6.531159286358273164e+01 4.842332785906138071e+01 5.684963207291973220e+01 7.067862108851309699e+01 9.062396001201749129e+01 8.687666330460866959e+01 6.683057378061879206e+01 7.270193746592484274e+01 5.511578051120585542e+01 7.488509266706077483e+01 8.554860825509699396e+01 9.613903184865834817e+01 8.363882832152438596e+01 8.146309563668290821e+01 7.865517539156752491e+01 9.248694842437245711e+01 9.517486449357576817e+01
5.477604417033562356e+01 3.503412675987219416e+01 4.976159214805180397e+01 5.794311438305715001e+01 5.593999433705959490e+01 4.199908705950552701e+01 3.080971706536929489e+01 5.040782966185609126e+01 6.128234148913207235e+01 7.484209307711846293e+01 8.592395264665996990e+01 8.044933356371467426e+01 6.036730720228602110e+01 4.842114115715205003e+01 5.519403599824096318e+01 3.883451964734886275e+01 5.799630443155764681e+01 7.002149105276771479e+01 7.113147048403794770e+01 6.294987388818079665e+01 4.604563167838053062e+01 6.520239953405295807e+01 7.592804748434807038e+01 8.477161521586691606e+01 9.092667497943840260e+01 7.889716902854939917e+01 7.059202955009902780e+01 5.302202562991504209e+01 7.270193746592484274e+01 6.485941238644537066e+01 7.899191145496939725e+01 9.920016863717648903e+01 9.787993263996966675e+01 1.017291509596264376e+02 9.301351089212744228e+01 9.894384856989069021e+01 1.075939051051420989e+02
4.645564645845782792e+01 4.976029103913944596e+01 2.993119916835895467e+01 4.502408888733936010e+01 4.568323956378926454e+01 2.829541548226007563e+01 4.776517295832812948e+01 5.858475759359782842e+01 6.839576541984909852e+01 6.697570906121052303e+01 6.694315863148717938e+01 7.511729590005927548e+01 6.088191481985160891e+01 4.289903903674479579e+01 3.547953848577109426e+01 3.629140315134968375e+01 5.598278416611135810e+01 6.488713497171853817e+01 6.285611850815003265e+01 4.367337890145249446e+01 6.294987453967727475e+01 7.350467105773522292e+01 7.847033948070659903e+01 7.909253989047839184e+01 7.681454203021307592e+01 6.268209504953507150e+01 5.099136553680614270e+01 7.059202955009902780e+01 6.901983728690750297e+01 8.491077294767615058e+01 7.899191145496939725e+01 9.920016863717647482e+01 1.179161951003956972e+02 1.193789542468705207e+02 1.132612624209019287e+02 1.191491960920914863e+02 1.159185563985904110e+02
2.706762552662810251e+01 4.644050097690867318e+01 4.351075388475014449e+01 2.521763773620638105e+01 2.585988909148535697e+01 2.650216343194403024e+01 4.637292287341578856e+01 5.541434870934242696e+01 4.854907991132971290e+01 4.703679047536088831e+01 6.699798124903097118e+01 6.118344530014719851e+01 4.724928917892732727e+01 3.433736533112134026e+01 5.409814977457821783e+01 5.598278416572075145e+01 3.749802587284901279e+01 5.677895577739629118e+01 5.845482073239439558e+01 4.199549171895883148e+01 6.133989999648873237e+01 7.201886283746654271e+01 5.826513392077632858e+01 5.925810106034145974e+01 6.648891455247799342e+01 4.898409955588232378e+01 6.851648106295021989e+01 7.890515632826718218e+01 8.908540444436263783e+01 9.743217599868802381e+01 9.920016863717647482e+01 1.075412075121240321e+02 1.103141723646513128e+02 9.910944236463319612e+01 1.134124607026052587e+02 1.224793489468213039e+02 1.260057216495879544e+02
2.252779534620569635e+01 4.230568684228671827e+01 2.432268269479009604e+01 4.410895874217867174e+01 4.568491012863020018e+01 4.394418507741522006e+01 2.748489443655196851e+01 4.732796910767513765e+01 3.061835310328409321e+01 5.438812193084937263e+01 5.329056387267289807e+01 5.191702566374215166e+01 3.320500048322479358e+01 5.300621625128688663e+01 5.409814977218578491e+01 6.531379301234261447e+01 5.713482799884823038e+01 3.870807794099161470e+01 3.960192491106719359e+01 4.064156696666819357e+01 5.953381255273090744e+01 6.254112600080763684e+01 4.457121594193861114e+01 4.559582828678452415e+01 4.699901065296614178e+01 6.648891455247800764e+01 7.681878921411725969e+01 8.722067347658196468e+01 8.907262413026798242e+01 8.911543195733041500e+01 9.749853863897024553e+01 1.028988802958220248e+02 9.000652909465428309e+01 8.471647263991539489e+01 9.382484101485410122e+01 1.082029696613225696e+02 1.284206664879559128e+02
2.793018541228618545e+01 2.342115802807921554e+01 3.775524601674404579e+01 3.859900159214900128e+01 5.840902007889620506e+01 5.241349749264988844e+01 3.849438635637955741e+01 2.848652107023295699e+01 2.920965134183910550e+01 4.904599750731527052e+01 3.132878974706484954e+01 3.208390353411921581e+01 5.191702566400189767e+01 6.118350255855420272e+01 7.379412696942391392e+01 7.323103011521385497e+01 6.101357650484490591e+01 4.152514874550274726e+01 5.871386385874225056e+01 6.013797801547891453e+01 4.209556120483210151e+01 4.311958007925316139e+01 6.250073205914036834e+01 6.506018003072071565e+01 4.770199841307044153e+01 6.714193484926977362e+01 7.115762052820514327e+01 6.716112420576793340e+01 6.905417327190939147e+01 6.905533023730311015e+01 8.911631798385218417e+01 8.260577563881057017e+01 7.567503159365691090e+01 9.595450009851910522e+01 1.134180216971070934e+02 1.224802042081263238e+02 1.246214532682985094e+02
2.768459201094852062e+01 4.319791935347411282e+01 5.053010777048319113e+01 5.813446320198265482e+01 6.658540803853826162e+01 5.668283201460376830e+01 5.575152544393365872e+01 4.843184126819124202e+01 3.163242184580552063e+01 3.026453967268518497e+01 4.542128563464640933e+01 5.165853655575610759e+01 3.597188267695026553e+01 5.567407934913849488e+01 6.770742596991810558e+01 6.503095621759770495e+01 4.555602165877865417e+01 6.101357651289992390e+01 6.851593693156327447e+01 6.155127641355230139e+01 5.585224502570065397e+01 6.259161303817425193e+01 5.342312211564185986e+01 7.309778025820193648e+01 6.714193484926977362e+01 4.981234956489065269e+01 5.160526110259473853e+01 5.341116107498380217e+01 5.525239550195498595e+01 7.493023518957569706e+01 8.201912106616801168e+01 6.842153757839000150e+01 8.854948838152097323e+01 1.043419472605745995e+02 1.064417305053276550e+02 1.095432187322251139e+02 1.043728170302637750e+02
