LEM/sinusoidal_perturbations/elevation_000615.asc
nrows	100
cellsize	150.0
xllcorner	0
ncols	100
yllcorner	0
NODATA_value	-9999
[rows 0 to 16 of 100, columns 37 to 73 of 100]
1.156019597609952143e+02 1.072610009641283000e+02 1.110511519459702043e+02 1.026828186227353399e+02 1.110430065975627372e+02 1.088023606357117075e+02 1.046257821060326592e+02 1.131771121363216963e+02 1.242674437540643169e+02 1.426029024368248486e+02 1.517761120420570933e+02 1.337175429245290559e+02 1.240376561630055363e+02 1.157268478589726186e+02 1.090899682386254881e+02 1.033048856742198609e+02 1.075251110424091223e+02 1.157980028164561617e+02 1.112645541791194290e+02 1.195065410722949366e+02 1.303718768559724310e+02 1.188336393799134925e+02 1.105971595255866475e+02 1.105969793754312889e+02 1.188285635778190397e+02 1.272291751777988367e+02 1.149641210285474529e+02 1.067161575117472410e+02 1.067161575117472410e+02 1.083731314703412778e+02 1.083731314703412778e+02 1.166122748878964615e+02 1.260467301796909396e+02 1.180158615261672139e+02 1.154620306523284512e+02 1.235117481181887626e+02 1.295728681508273326e+02
1.013054425568456054e+02 8.677766220913596840e+01 9.430620005401360118e+01 8.216472821457749376e+01 1.008173851244868757e+02 8.784525201340935041e+01 8.259879237274898856e+01 9.239391211337148491e+01 1.080450346715345660e+02 1.293342595763980398e+02 1.415968497194803604e+02 1.187819939454324896e+02 1.038202176989939005e+02 9.470102947582154229e+01 8.819849706803526601e+01 8.255284387009562863e+01 8.710727428298814345e+01 9.694328050056478219e+01 9.101121471245042471e+01 1.112645541791194290e+02 1.221920938001996149e+02 1.021090825085695570e+02 9.040249464359179399e+01 9.040249459920454456e+01 9.893765819288648800e+01 1.180291823127627140e+02 1.067161575117472410e+02 8.655977335178803855e+01 8.655977335178803855e+01 8.822273255276526527e+01 8.822273255276526527e+01 1.083731314703412778e+02 1.180158615261672139e+02 9.802726355803578429e+01 9.540446263197790699e+01 1.098725888392195174e+02 1.098725888392195316e+02
9.143371219800476979e+01 9.430620005401360118e+01 7.377308508177198121e+01 7.188710633091761792e+01 8.540418986485025243e+01 7.245770264116355008e+01 9.398374610063149248e+01 1.131771121363216963e+02 1.225171789411746772e+02 1.201251221095079842e+02 1.360916176147937620e+02 1.337175429245290559e+02 1.240376561630055363e+02 1.157268478589726186e+02 1.090899682386254881e+02 9.573686749308762955e+01 7.524184104543236629e+01 7.661807086344121842e+01 9.694328049869285735e+01 1.092830308289275223e+02 1.131180448370907499e+02 1.048585787133620926e+02 9.893776965674551604e+01 7.875210433929510145e+01 8.964038363384219110e+01 1.097966793627847011e+02 1.049715460031612508e+02 8.485987183440825277e+01 7.234628694359949463e+01 7.400361106807525857e+01 9.412464775210921175e+01 1.069146764641204612e+02 1.166345145758349133e+02 1.038817883564763775e+02 8.353301665930091247e+01 8.967555721436974636e+01 1.098725888392195174e+02
7.699179151817084232e+01 8.449493262427755269e+01 8.403964256789278409e+01 6.347826066638724996e+01 6.417762818978022210e+01 7.192155912285880959e+01 8.321037710029530388e+01 9.544917973305877013e+01 1.057739610970821502e+02 1.238840647357739044e+02 1.304929346139237794e+02 1.386355694509083492e+02 1.206023976984184145e+02 1.105530416164322673e+02 1.022749920862393367e+02 9.553717637002571905e+01 8.926107334908108726e+01 6.903562155822139346e+01 8.067609650514170028e+01 1.009883698054245826e+02 1.048585787133620926e+02 8.470468920921987888e+01 9.060762677769876916e+01 7.323413105369112941e+01 9.333927645544831364e+01 1.073552114667859030e+02 9.516099803721436956e+01 8.416299111164708791e+01 6.480417829479296188e+01 6.700177141743058939e+01 7.849898079882429158e+01 9.863813027827389135e+01 1.085033178328406649e+02 8.828842793964355451e+01 7.667637536124493636e+01 9.709886445742414196e+01 1.119299244064601311e+02
8.449493262427755269e+01 6.415733699697845793e+01 7.432613487295100185e+01 5.834049092278656445e+01 7.889931598919716293e+01 9.382355251907134175e+01 1.037544476343414175e+02 1.156580801413301174e+02 1.029335151049385786e+02 1.175671150459679382e+02 1.105618806854908485e+02 1.271745340054120987e+02 1.123714578025832083e+02 9.217852636989545090e+01 8.206154493759868274e+01 7.538897530201336394e+01 8.568740632458681716e+01 6.559466716850573675e+01 8.568740632458681716e+01 1.022315177475571488e+02 1.025106014023682093e+02 8.242354236403171797e+01 7.056079595234942303e+01 6.858498559266007533e+01 8.860044823867369246e+01 9.906652510516470045e+01 7.748561074974161045e+01 5.648389268636712046e+01 5.928352862523806976e+01 7.884217505675809434e+01 8.679833055496725081e+01 8.679584540297261697e+01 9.511720567577249597e+01 9.200455778684393238e+01 7.159895240059171329e+01 8.340969417702224575e+01 1.037453651777634605e+02
7.871494111069897315e+01 7.033396124747680744e+01 5.407994840466913899e+01 7.432613408352217732e+01 8.735369282087937393e+01 9.780299786412447816e+01 1.079839211974418873e+02 1.113734597942890758e+02 9.442225262651230366e+01 1.113734597942890758e+02 9.895206852361845051e+01 1.182498069073552500e+02 1.206023976984184145e+02 1.105530416164322673e+02 1.022749920862393367e+02 8.694595456807152800e+01 6.693001770588267618e+01 6.231728261752236619e+01 7.377677191649601696e+01 9.392515502533724714e+01 9.663078777709843337e+01 7.653870862997641211e+01 6.254221265870467761e+01 8.242354236403170376e+01 9.690780883745735252e+01 9.637487002578644990e+01 8.784528955642453241e+01 7.485323597540164542e+01 5.515882136241189215e+01 7.485291593318025605e+01 6.700941397190597115e+01 6.700939591035488263e+01 8.679578696554149531e+01 8.783928286358559490e+01 6.740697831614141933e+01 8.771514932700908673e+01 9.260176895635206051e+01
6.694010460985388988e+01 5.033184709241542265e+01 5.543973884637268412e+01 6.094843314349277108e+01 6.909641270896278797e+01 7.918792148652524077e+01 9.960842136833564098e+01 1.058608039102467018e+02 8.809316921115920707e+01 1.058608039091532333e+02 9.007236278128516460e+01 1.024844872735320251e+02 1.224189416073747196e+02 1.163219376222645138e+02 1.054728656380231939e+02 8.536701668278327304e+01 7.909505821090677102e+01 5.922776830388987435e+01 7.321380487529793868e+01 9.329365977748557270e+01 9.313320573589103901e+01 7.309300951479623620e+01 5.918138487346413967e+01 7.896264709164599083e+01 9.371439010003741998e+01 8.485769693782970080e+01 6.843990612841906795e+01 7.142842509207517310e+01 5.200993980661431948e+01 6.685940760947154615e+01 5.438233573405774024e+01 7.246640812772670870e+01 8.523775226835090280e+01 7.850280763092614222e+01 6.332299142982232354e+01 8.388402995084375391e+01 8.260709153817059303e+01
4.710273573536844793e+01 6.694010549279229849e+01 7.551819687634694844e+01 8.111001314300909826e+01 7.363296011696067467e+01 9.397622107643069000e+01 1.079839211974418873e+02 1.008674720092091803e+02 8.252716556053390207e+01 9.410248437023834356e+01 8.282694802032081327e+01 1.024844872747422073e+02 1.103774023420761523e+02 9.622240010731351845e+01 9.959649286092849252e+01 7.947297466433069246e+01 6.540778506697670025e+01 5.667301951675671035e+01 7.057736769438167812e+01 9.059698193411921352e+01 8.723016828968485470e+01 6.727773856188954937e+01 5.606144412207809324e+01 6.554910798805173044e+01 7.963160621671978845e+01 7.653950128973082201e+01 5.718969587755131556e+01 6.539217491780773628e+01 5.474449939416530952e+01 4.782665171519513336e+01 4.839122289811549393e+01 6.214204594114760027e+01 7.558168297605269004e+01 5.782673501682887718e+01 7.329744618933784750e+01 8.087314539603269736e+01 7.117795878466550619e+01
4.489239455809256896e+01 6.464138303123336016e+01 8.111443142102903892e+01 9.116921400461519909e+01 9.397622107643069000e+01 9.397622107643070422e+01 1.143176619954609805e+02 1.054994720172401230e+02 8.575931036368538685e+01 7.499842063909153467e+01 8.933477662584380141e+01 9.756740658384899234e+01 1.003583828046846804e+02 8.203933571915852951e+01 1.003583828046855899e+02 8.808363746597140675e+01 6.812486903256908022e+01 5.433525110277700776e+01 7.397065696258064804e+01 9.149996034639495690e+01 9.552666852296408706e+01 8.282337708074733484e+01 6.298698967497239920e+01 5.196918863351081086e+01 6.745112095056784085e+01 7.189503478839945672e+01 5.985325015206220911e+01 4.648127453026420142e+01 4.703835596050774370e+01 6.599490437909641116e+01 6.748362897366894231e+01 4.918910304431064162e+01 6.837276641722536397e+01 7.017404613724504259e+01 5.350144584256780433e+01 7.176393384466997816e+01 5.342750806751337933e+01
4.502894622444973294e+01 5.296003541413958970e+01 6.272999421177468804e+01 7.683882716662250800e+01 9.712986387642393993e+01 1.015477585687176401e+02 1.099126236827065100e+02 1.137270665948230146e+02 1.023092779253498747e+02 8.933477662584380141e+01 7.012169876911016786e+01 8.487689415743322741e+01 8.217656467880711091e+01 7.227875124490419978e+01 9.207437497354452205e+01 8.827944155329751652e+01 7.159009390115789984e+01 5.214305075238703324e+01 7.149919667359861819e+01 7.237359702889769153e+01 9.149996034639495690e+01 9.111408291615883570e+01 7.963145708170209502e+01 6.745112170265971940e+01 4.835423618448599825e+01 6.370587962188376707e+01 4.569254968707729603e+01 6.454608696482846142e+01 5.121713002863928921e+01 6.972764053638306336e+01 7.326233638031763462e+01 6.300157610261365448e+01 4.998928647429750072e+01 5.055995050096468191e+01 5.113640883183118291e+01 5.206477794607810239e+01 7.065742198409236607e+01
6.467431012490820308e+01 5.012848495423367012e+01 6.984593386593083153e+01 7.969294322506522121e+01 8.490072016091114904e+01 8.115938365489792261e+01 9.974046424692119217e+01 1.115027612800126775e+02 1.135623397969842046e+02 9.756740658385339771e+01 8.487689415743322741e+01 6.555108003358957092e+01 6.279967403590333674e+01 7.867473545480291364e+01 7.638786647428496224e+01 6.842723523908971117e+01 6.928684518475522225e+01 5.007848730997846332e+01 5.722479510500289024e+01 7.475482044160551709e+01 8.725403830872068056e+01 8.828620752765577606e+01 7.680802361949301371e+01 6.847177458119729465e+01 6.289265199898223813e+01 4.490351282953908907e+01 5.881889103356706272e+01 7.166128696018060396e+01 6.972800824387402940e+01 5.776863504263083371e+01 7.662611691229551525e+01 7.065749231654277196e+01 5.704344280814643753e+01 6.992796974927964015e+01 7.083581722780057532e+01 5.225081420901137363e+01 6.655853456010562752e+01
7.648357366289941695e+01 5.768661378109421634e+01 5.565924905405880452e+01 5.973292716340560560e+01 6.473108681761678440e+01 7.099119768154699273e+01 8.269113534588605319e+01 1.031392622579640204e+02 1.053074592901169950e+02 8.523292425642888759e+01 7.394940191858654543e+01 8.487689415743318477e+01 7.867476808325599791e+01 5.923828180980601132e+01 5.692613464541896207e+01 5.479468448168228889e+01 5.279169853759418629e+01 6.715370853449043409e+01 4.816556639750539404e+01 5.935027154947958650e+01 7.330215496955149490e+01 7.991995468064469321e+01 6.017075007244709894e+01 5.056134458908969265e+01 4.414003990394902388e+01 6.289263061673106847e+01 5.342237118206918467e+01 7.275193710714142981e+01 8.297105521604852640e+01 6.296569462088655200e+01 8.278211148555146792e+01 7.377301685861341696e+01 6.715491450562046793e+01 8.118868394015943579e+01 6.337489903873414931e+01 5.304678508448890994e+01 7.284202137218440498e+01
7.824516482010322704e+01 7.941454771294594650e+01 7.543745350224992308e+01 7.374381541157453057e+01 7.596430004658303403e+01 9.133353068085212101e+01 8.534842421386395017e+01 1.057828558857017072e+02 1.064143960500289410e+02 8.633871590751999747e+01 9.371742108456052733e+01 8.925901646451826821e+01 6.945770083486252133e+01 7.867476794167454557e+01 6.365689945831667984e+01 6.587032003165001015e+01 7.217163506444495624e+01 7.163010074802917870e+01 5.293978616447471097e+01 4.629704650532674037e+01 6.312661842238054533e+01 7.127031188627577762e+01 6.966615293019768274e+01 6.151699879651718561e+01 4.360454436026444114e+01 6.232141639795781884e+01 7.275479217158748213e+01 6.437952456206758711e+01 8.419562050230379668e+01 6.939482219070674773e+01 8.975678195013993843e+01 9.141089827863206096e+01 8.123147720317845710e+01 8.108328792922560524e+01 8.050858991981004920e+01 6.689241220698926327e+01 5.417293599432550621e+01
7.055083250534238459e+01 7.807792267559003108e+01 8.664779556164714336e+01 9.405540827668572490e+01 9.628350280222051083e+01 1.046630242945093983e+02 1.057828558857017072e+02 1.141325042799782921e+02 1.146646448698264322e+02 1.005392431718641575e+02 1.034523463609811245e+02 8.337994672616773073e+01 8.925901646451826821e+01 7.489491260924201299e+01 8.335067055616974585e+01 7.980420322738660843e+01 8.544258644313801199e+01 6.590878186508309966e+01 7.163010075095559159e+01 6.312661842238054533e+01 4.446129673360400147e+01 6.117120512852171288e+01 6.071703421361983999e+01 4.284942182985476933e+01 4.750865159538451366e+01 5.660573274797359744e+01 7.609635120690049348e+01 7.831131007602400018e+01 8.419562050230381089e+01 8.381119530347191926e+01 8.228488044472221929e+01 1.026001166392012323e+02 1.030266508688108757e+02 9.875295629602773317e+01 9.554002361500612039e+01 8.249004102506113156e+01 7.411085047268966264e+01
6.128890792359985085e+01 5.751566296237230347e+01 7.508105175830289113e+01 8.431598326437831759e+01 9.634406800414278393e+01 1.039828865524239347e+02 9.579697042428409759e+01 9.834771056291630487e+01 1.065415813096873308e+02 1.205982698095097305e+02 1.117136415805945688e+02 1.034523463609811245e+02 1.031898382388888535e+02 8.639119342114837252e+01 1.031898382388888535e+02 9.985683160900262578e+01 9.385452266139066069e+01 8.544258645255339957e+01 8.269487174441786692e+01 6.311564876447629047e+01 6.117327168578895424e+01 4.263207863428100097e+01 4.209460417452608993e+01 6.071700326535733439e+01 6.795627309572957131e+01 7.547556786961580144e+01 8.439566999311797701e+01 9.840160253864202389e+01 1.042807966055863744e+02 1.041106978687903251e+02 9.673705883558554319e+01 1.107759355660055434e+02 1.112643767115314404e+02 1.030246767271826087e+02 9.530921606183241579e+01 8.167197965487792999e+01 6.133949726590720530e+01
4.128523139178266632e+01 4.631082462692714330e+01 5.511256567012157603e+01 6.688139780876294083e+01 8.778629801474535554e+01 9.282301962455456135e+01 7.664690698178299044e+01 7.910445793942194825e+01 9.834771056291630487e+01 1.048226990858474323e+02 9.635569112904806843e+01 1.048226990858474323e+02 1.147791888371795324e+02 1.065266779746480239e+02 1.034566687764018980e+02 9.329702559110597804e+01 8.489035931499441290e+01 7.817915415363050613e+01 7.244846477781642591e+01 6.726548769096446279e+01 5.916658333584984319e+01 4.133265834039733022e+01 5.992362196201430891e+01 5.503702109386141927e+01 6.861461795742226855e+01 8.843625354816197159e+01 9.605599046100284966e+01 1.043974889047096895e+02 1.031067951175858610e+02 1.114465480841566034e+02 1.167547903056678109e+02 1.172635892772605644e+02 9.712672604093222617e+01 8.261148661025258377e+01 7.483549266249977450e+01 6.804665579495589611e+01 8.167197965487791578e+01
6.128890792359985085e+01 6.650233295665640298e+01 5.688884594671221606e+01 7.141969534170037548e+01 9.232187730555023109e+01 8.474067614075764254e+01 6.625523648741575755e+01 7.889506685534230712e+01 9.799845719491870000e+01 9.451677479106129454e+01 7.567314326489332643e+01 9.013777768832257209e+01 9.862495657906640645e+01 1.105065423741950070e+02 9.505986021678597808e+01 7.472085841320284771e+01 6.475674383090253627e+01 5.832746383102048071e+01 5.290824297197860204e+01 5.919260720723175240e+01 4.061341813229277165e+01 5.845867767650509705e+01 6.041803535103496614e+01 6.861876015274388863e+01 8.264143033073361266e+01 8.595882622403460971e+01 7.596754033190259747e+01 9.279101100188566420e+01 8.291481569063181212e+01 9.979851711052765495e+01 1.140628869840530939e+02 1.230428102172685101e+02 1.030246767310267018e+02 9.940441641506882320e+01 7.897538829315917042e+01 8.848464158483901087e+01 8.886277398988674747e+01
