LEM/sinusoidal_perturbations/elevation_000464.asc
nrows	100
cellsize	150.0
xllcorner	0
ncols	100
yllcorner	0
NODATA_value	-9999
[rows 17 to 33 of 100, columns 37 to 73 of 100]
7.248517478176707129e+01 8.066539898724948898e+01 9.056155577008023272e+01 7.938374068685686780e+01 5.993752421205150682e+01 6.563318914910293245e+01 5.984269585927568613e+01 4.927685912216176689e+01 2.855855272719196236e+01 2.392419731295906971e+01 4.342245915706238435e+01 5.726994441530305124e+01 6.663975558320456116e+01 7.931224682036368279e+01 6.806158515280461074e+01 4.873451159037244906e+01 6.804860965123263838e+01 6.589880813853018537e+01 5.518937453248964431e+01 4.088860967404042412e+01 5.412805227425920407e+01 6.283915948531318207e+01 7.657909862845716020e+01 6.023555793384802826e+01 5.918108391077049646e+01 6.730251691742824960e+01 7.172533555718877096e+01 5.421371555235521811e+01 5.083715429144334763e+01 6.437318251626501819e+01 8.321195399063333298e+01 7.651842398406485302e+01 6.708532000689490360e+01 5.709048429602338359e+01 7.740021219976900113e+01 9.094856524717555146e+01 7.610830024020083329e+01
8.594629701229192165e+01 7.796801121526719669e+01 8.594629701229192165e+01 7.686725685736034563e+01 5.740929271202239903e+01 4.642841731895307333e+01 4.074803673047745178e+01 3.561681222088147791e+01 4.330406140349643351e+01 2.645051885221977273e+01 2.317154264639178862e+01 3.482446586419993650e+01 4.884880127815973339e+01 7.212868353996660176e+01 7.863607850864917737e+01 6.973296087359980788e+01 7.863550057877152710e+01 8.171807157706533076e+01 6.907747713265852951e+01 5.129402022151572993e+01 5.129402022151568019e+01 7.075836614125383051e+01 8.785842944587672321e+01 7.985397941956836121e+01 6.866461263146941008e+01 8.632544174313780161e+01 7.333802346681349604e+01 7.333782920741985834e+01 5.582397908503325823e+01 6.932709988633735065e+01 8.838554999552198410e+01 8.146468135092413831e+01 6.419151806042243891e+01 7.625498971550786109e+01 8.651348699656129781e+01 8.280571681490248181e+01 6.327955988148990940e+01
7.594299669527340768e+01 5.765269105865482402e+01 7.594299669527340768e+01 8.479744550836463191e+01 7.361628311917654344e+01 6.563318914905148915e+01 5.979788512303824888e+01 5.203267004643473825e+01 3.553125717828383756e+01 2.239749818030322714e+01 4.251009737258718246e+01 5.733539545629386680e+01 6.695024090026350905e+01 7.890829290998198076e+01 8.743418842165236526e+01 8.445828370046099565e+01 7.617772313084515190e+01 8.092715760461236130e+01 7.880358979236706318e+01 6.507479885768162831e+01 6.507479885992147217e+01 6.507479885560378818e+01 8.447970900481598733e+01 9.598446991694044073e+01 8.809115588941982367e+01 9.598446991694044073e+01 9.251939264999839452e+01 8.290224174298501225e+01 7.491005421361290928e+01 6.439363086133906222e+01 8.341747629670669539e+01 8.636709517961037363e+01 6.938463551758447068e+01 8.636709517961037363e+01 9.043246458330823145e+01 7.098799673513266839e+01 8.280571681490248181e+01
6.781035113445236107e+01 4.714669874731538357e+01 6.781035113445236107e+01 7.732292603279537957e+01 7.138165423041738222e+01 7.072826148123377266e+01 5.478515675290100972e+01 5.394448436226082322e+01 4.164154208506062105e+01 2.184029651656597437e+01 3.617914393419727048e+01 5.629230833302722914e+01 6.561508623248161598e+01 6.076699834461225436e+01 7.947682126940608782e+01 7.302935686855040842e+01 5.646324465467662179e+01 6.117007067280054855e+01 8.092715760461236130e+01 8.447971232720945522e+01 8.447971697051724504e+01 8.447970900481598733e+01 9.253222108214350783e+01 9.773116623530532365e+01 8.937477727907200631e+01 9.010116997094424107e+01 9.010117223671792885e+01 9.845903294400868333e+01 9.014058974038573524e+01 7.112475604454996869e+01 9.014058974038573524e+01 9.204222730686464615e+01 7.501683092510184281e+01 9.204222730686464615e+01 9.628794763924685185e+01 7.686750737641469300e+01 9.628794763924685185e+01
5.212378108872763960e+01 4.028773059971633330e+01 6.092244367293652374e+01 5.701695259257706994e+01 5.106429329839860287e+01 6.538908861936451444e+01 5.538363477050931749e+01 3.915117915121184922e+01 3.818667205170119416e+01 2.127995467006483921e+01 4.280512506987067667e+01 5.522320825376866082e+01 4.665459605391492204e+01 6.561508415414245121e+01 6.460306490125977064e+01 5.639951852094311846e+01 4.510861194913441352e+01 5.901476900751158183e+01 7.875163656492151176e+01 8.519357144237655177e+01 7.700434381334082445e+01 8.519357144237655177e+01 9.714875643705259733e+01 8.587986656027349852e+01 6.870152924266538719e+01 6.944969504418654083e+01 6.944969505815429045e+01 9.010117223671792885e+01 9.823703482666327602e+01 8.204068413898923495e+01 9.823706880513537953e+01 9.991787188285164234e+01 8.315556128958192517e+01 9.991787188285164234e+01 1.031761427227691570e+02 8.369338490799137276e+01 1.031761427227691570e+02
3.158851413458199886e+01 4.486824002175456627e+01 5.317212440170247589e+01 5.138908684366339941e+01 3.707566083218734576e+01 4.683700767284489075e+01 5.214942497935021493e+01 4.519681298291554583e+01 2.817654921488819042e+01 2.071975995373927759e+01 4.359766101749350042e+01 3.559682678046937809e+01 4.582209389509177555e+01 5.401908190508589769e+01 5.639951851729079380e+01 3.665800222756925564e+01 5.639951850729212168e+01 7.299560179629671097e+01 7.666327763009871887e+01 6.818757714806976367e+01 5.733179526282972915e+01 7.534294600614687454e+01 8.551974746277399220e+01 6.823813912107131330e+01 5.686495459245723083e+01 5.496351447341503160e+01 7.549837268223627973e+01 8.585561907058199438e+01 1.062273264113100453e+02 1.012052713506155612e+02 1.094111122912140388e+02 1.090854839612367044e+02 1.009288933241472961e+02 1.090854839612367044e+02 1.114365850009377539e+02 9.483527300037464158e+01 1.114365850009377539e+02
4.151818716124311948e+01 2.425332295283251227e+01 4.123142631031358718e+01 3.237128803650120545e+01 3.861430194836334806e+01 2.562029851150719040e+01 3.802755128951196895e+01 3.968584802758613961e+01 1.993229554653606073e+01 3.984836941066927096e+01 4.136592944114459414e+01 4.188023142489685569e+01 2.494080059898018575e+01 4.583138881043198865e+01 5.144690017374498581e+01 3.204223176208058987e+01 5.145210079415456050e+01 6.839967787341247174e+01 6.490243652980926470e+01 4.848716955563116926e+01 4.765402368638165598e+01 6.716806953808531944e+01 7.108031150258972275e+01 5.664087554136339975e+01 4.801672355057570485e+01 6.823821301567043918e+01 6.514110942760231637e+01 7.985154093197137115e+01 1.003508424204131018e+02 1.032027044120270887e+02 9.497022032566968619e+01 1.032028534442820558e+02 1.036719473270953671e+02 1.119195611425079591e+02 1.228897960934748426e+02 1.145699826532165844e+02 1.204253175046748936e+02
2.886222570529371367e+01 3.724284521436625539e+01 1.757017262703990923e+01 1.791107985096364175e+01 1.826462807091879625e+01 1.862913985929480276e+01 1.900258696970104211e+01 1.938267156315229300e+01 3.406934520324539761e+01 2.072506442387971504e+01 2.128918393682095456e+01 2.185337802118571915e+01 2.241437723258588477e+01 4.239696258474580048e+01 4.361908163571218466e+01 2.820277479645955765e+01 4.699491869192032567e+01 4.900662383244382880e+01 4.904227082611701150e+01 3.711227574037758359e+01 5.674446790250973294e+01 6.613138020062574185e+01 5.771125431214899493e+01 4.265062158207626197e+01 5.664087554136339975e+01 7.670684849056522125e+01 8.585561550990787794e+01 8.585556879783432294e+01 1.062266791499636440e+02 9.330568931930500298e+01 7.521010894397375068e+01 9.330533561770941731e+01 8.387788749145541090e+01 1.004717567433898040e+02 1.050377166630240993e+02 9.680204518808542957e+01 1.050377166630240993e+02
1.679147809790580581e+01 1.710663655588915333e+01 2.831411288631124989e+01 3.344171262835163105e+01 3.847839717365236112e+01 3.896774241719761278e+01 3.880146948453868561e+01 2.079199397500912383e+01 4.048981575546112310e+01 3.525453207316261484e+01 3.882296407742207833e+01 3.158718490618910835e+01 3.412081985778883819e+01 2.319785306888573473e+01 2.374888395577655587e+01 2.429264407349555199e+01 4.414078187336132686e+01 4.538500819984815848e+01 2.671448857513836117e+01 4.904224869413841503e+01 6.149518493847308775e+01 5.310867160832768974e+01 3.769253617910248977e+01 5.771125431153927821e+01 7.108031142314563056e+01 8.551974746381578996e+01 8.280179830890254777e+01 9.112412822431457471e+01 9.952797359324961235e+01 8.509015315791501166e+01 6.534157627338792906e+01 8.083504171123404092e+01 7.248328011415604522e+01 9.224384511635400941e+01 9.513945682549777416e+01 7.704121005077897166e+01 9.513945682549777416e+01
3.788120795721272316e+01 1.719169488701587767e+01 2.386600683693704639e+01 3.349333030389609434e+01 4.652577373900475521e+01 4.718292835236547944e+01 2.715878186264924565e+01 4.119741352155148917e+01 4.945434995335583750e+01 5.623958939528498746e+01 5.575428480542662868e+01 4.801939975503208302e+01 2.894689719338201073e+01 4.311727957111277476e+01 4.362790309032953928e+01 3.631311754944236014e+01 2.505438106349475191e+01 2.558837257921383213e+01 2.612104886371515633e+01 4.589522541749035867e+01 5.304479595402600722e+01 3.263914585073075614e+01 5.282762595431917418e+01 6.457141522957238067e+01 7.795942353058134699e+01 7.377581442034043846e+01 6.280803796330706490e+01 7.956388679114964191e+01 8.961162069481007109e+01 7.153587857887812618e+01 5.839146554510787013e+01 6.110840395601893960e+01 8.083507957052007953e+01 8.301517539592921935e+01 8.692162761943227167e+01 6.716813888546315070e+01 7.993771470149141578e+01
4.729744416156555786e+01 5.102381296745481620e+01 4.393788290531767871e+01 3.117501995883617738e+01 4.831862974301431990e+01 5.535930792318747962e+01 4.718492700411842833e+01 3.399264332133015643e+01 4.800947759342785304e+01 6.771492272276627489e+01 5.540956944396218375e+01 3.575681520648373635e+01 3.780523402202830141e+01 5.683240205207313522e+01 5.854238366081550993e+01 3.935245592443142471e+01 4.486983829596037765e+01 4.538512977801963899e+01 4.590112687291515670e+01 2.686624028332457570e+01 4.663511838857846925e+01 2.981443999788310961e+01 4.196567926315210428e+01 5.543632907701385193e+01 6.679790501079993703e+01 5.308899147799703400e+01 5.129881704139643261e+01 7.125837683098558273e+01 8.140003456930865866e+01 6.167164455699244030e+01 5.191101655464878206e+01 6.609289182431653842e+01 6.629708744748884897e+01 6.328717014344546499e+01 7.335785229513177796e+01 6.019812750775015076e+01 6.765033978508236601e+01
4.617064686514685690e+01 6.404260582187360740e+01 5.606779217198224785e+01 3.944200625890999845e+01 4.304330432639686421e+01 6.105709515484376482e+01 6.194858705166068091e+01 4.288404335369746434e+01 4.336159731388569583e+01 6.307321412002876571e+01 6.048031228479847954e+01 4.084137425867334770e+01 5.745778539811195884e+01 5.384521031798863788e+01 6.713324609317727720e+01 5.895828386483145778e+01 6.264316838434380941e+01 4.961924379242405792e+01 3.115040380594454916e+01 4.008949968847561252e+01 2.761629802933082800e+01 2.814651340746522479e+01 4.750475273267949206e+01 5.619792905946749073e+01 5.954601398564426518e+01 3.940817390474784077e+01 5.341215196363367568e+01 7.338273176206278947e+01 8.961162069480543835e+01 7.973334739817222783e+01 6.609289182431653842e+01 4.659042636523726344e+01 4.678969568665409184e+01 4.949066180835117734e+01 5.368722320328420494e+01 7.335785229513177796e+01 8.484780884329630624e+01
3.502832947526898266e+01 5.586474397007737025e+01 6.525902318938427982e+01 5.175474048029833085e+01 6.105709455199797020e+01 6.909227785924322518e+01 7.076546753336478446e+01 5.427519314590876576e+01 5.082701056412378904e+01 7.051431623161296613e+01 6.593062640069274494e+01 4.627923938845069785e+01 6.593062640069274494e+01 7.353189117929602503e+01 8.173436450969393263e+01 6.915959413386535459e+01 4.950582554506813437e+01 3.561332946246487552e+01 5.086514262016738996e+01 4.666874806257786901e+01 4.738016892854059137e+01 4.764954199152214187e+01 2.890629406578303318e+01 4.822521179955457882e+01 4.995737002714334807e+01 3.430250563238954697e+01 5.382119384690812325e+01 7.248800229891503477e+01 7.074169133352560834e+01 6.762820733197717971e+01 5.947066496074557307e+01 4.302455687256820482e+01 6.247137421678905156e+01 6.906536901617384672e+01 5.494755946333611263e+01 5.982886242893111728e+01 6.509325398876811164e+01
4.717760892862507660e+01 6.205764689199341433e+01 7.631771656889917210e+01 7.063971404856658864e+01 7.484444432253650348e+01 7.699317812139621253e+01 8.214207400440652407e+01 7.396467572209112973e+01 6.066823919527386977e+01 7.868833375891017567e+01 7.411796513540961939e+01 5.608310441820252379e+01 5.868824442721556522e+01 7.839302195672183871e+01 8.383530554338236129e+01 6.409476432202031049e+01 5.022124768070681711e+01 3.893073159231965263e+01 5.852859183234577500e+01 6.620507961619411219e+01 6.089973231089154382e+01 4.068850010590959698e+01 4.418241271538643389e+01 2.966391086075632089e+01 3.019890047363652030e+01 3.073458758082690068e+01 4.476070508905046097e+01 5.843584313988208123e+01 4.937890859321348103e+01 5.668906548737933093e+01 3.999946971701262299e+01 5.947066496074557307e+01 7.064146566348343015e+01 8.161372553206358305e+01 6.187024787032065376e+01 7.956818197924029334e+01 8.484780884329630624e+01
5.677905153916803016e+01 5.621843840236081746e+01 5.618313005172025498e+01 6.911028662809752632e+01 5.522341537400352962e+01 5.736921726655155140e+01 7.699317814957602479e+01 8.854385073289820696e+01 8.036039326795183513e+01 8.854385073289820696e+01 8.398155798694881469e+01 6.999435873832123889e+01 7.260633622050973202e+01 8.660087140679765128e+01 8.667249368037344937e+01 7.679258400975309939e+01 6.204536567294402261e+01 4.246479816291506637e+01 5.627483939336135421e+01 7.597663722954631282e+01 6.091452755731656055e+01 5.488836931151159604e+01 5.083257753217398545e+01 4.960439440965803470e+01 4.997450862607584554e+01 5.051617184212085476e+01 3.150212418378708179e+01 4.539907737107090213e+01 3.510393531162264225e+01 3.712262617368365625e+01 5.668906548737933093e+01 4.866660519897359904e+01 6.821133291626175321e+01 8.693772386738530145e+01 8.161372560249390062e+01 7.434968712631354038e+01 8.831053756872466920e+01
4.372873764376112149e+01 3.645434153231512653e+01 5.621843807032607998e+01 5.170960081119228136e+01 4.132541301005768020e+01 5.522341592410467825e+01 7.484463443649077874e+01 7.562699275913092833e+01 8.379483752541250396e+01 8.327901868030721744e+01 9.145897687116561769e+01 8.974145178572109671e+01 9.236331714227610235e+01 9.244384719770899039e+01 7.267360376726483651e+01 5.872788917794878216e+01 4.894403383854997003e+01 5.117052911888988120e+01 5.627483940272173868e+01 7.597664917729139233e+01 8.097982229718414260e+01 7.467307733668043568e+01 7.305772525339469325e+01 6.294955686567181630e+01 5.437280367289758232e+01 3.468277009459804106e+01 4.692731659837235725e+01 3.230340876039677767e+01 5.004929050141378610e+01 5.610362227889449116e+01 6.462759337258430037e+01 6.821133291626175321e+01 5.905085952675997873e+01 7.294321202418359462e+01 9.270256615385339671e+01 9.411338678522375290e+01 1.023442357849226454e+02
2.501053008151702528e+01 4.137756931186935816e+01 4.364523309260763284e+01 3.194722628290995914e+01 5.170956973779244237e+01 6.225645111926702668e+01 7.040612700925112222e+01 5.599512246170063179e+01 7.244565137526961962e+01 6.363023460491147176e+01 8.009794041520743235e+01 8.307872396721447217e+01 9.125708380680626419e+01 8.883072411126950385e+01 6.906874945762581319e+01 5.768759431813157335e+01 6.281249441266729150e+01 6.097219909995684617e+01 7.597664961840381181e+01 8.418243097523770757e+01 9.523327115609642135e+01 8.367559290804911143e+01 7.139909904984750710e+01 5.181309543135606788e+01 3.792941165729491360e+01 5.437280368216175219e+01 5.927134540339160651e+01 5.144432255198200465e+01 3.315346335753760343e+01 4.127029548519278279e+01 6.000410904334319895e+01 7.581468804352357438e+01 7.873059285689748776e+01 7.873059285689748776e+01 9.851338126904168746e+01 9.381195272030666388e+01 1.005239123581887810e+02
