LEM/sinusoidal_perturbations/elevation_000700.asc
nrows	100
cellsize	150.0
xllcorner	0
ncols	100
yllcorner	0
NODATA_value	-9999
[rows 34 to 50 of 100, columns 37 to 73 of 100]
8.894447065177367051e+01 7.631251644998027928e+01 5.655658703905321261e+01 6.796845602610477499e+01 8.771240163748102248e+01 8.962008734482463979e+01 7.145272028044904289e+01 8.962008734482036232e+01 9.522219020580887161e+01 9.473067170358714861e+01 8.649128568377061299e+01 6.687584829344032755e+01 4.409126726182710598e+01 5.800632528189299109e+01 6.522077798877393207e+01 5.478207279841457478e+01 6.108450372685074115e+01 7.079177213758251241e+01 9.101785010084581984e+01 1.029504246058801016e+02 8.355139161795734992e+01 7.391628112466337086e+01 6.661501228244483741e+01 7.945976573790389352e+01 8.750048217390671823e+01 7.793136778533187226e+01 5.796698312401386488e+01 4.336427632440980062e+01 6.373174061362267651e+01 7.719292713313969045e+01 8.217245549418736061e+01 9.067466788675169198e+01 1.028387015081159177e+02 1.016625022154480575e+02 1.016625022154480718e+02 1.098729467936708204e+02 1.097004503035003182e+02
9.246785219287050950e+01 7.268183083987888438e+01 6.230207356434967636e+01 8.199849201605771043e+01 9.596195274136037767e+01 9.950530650245686104e+01 9.127204255247818310e+01 9.954632781076442427e+01 9.861936865637515837e+01 9.045476488282116634e+01 8.971968042583596059e+01 7.335288163322100274e+01 6.424004712849546195e+01 4.635686984990225312e+01 6.600118732198677662e+01 7.429797756617925586e+01 8.090481111921420165e+01 8.924929781693322184e+01 9.934405381215125885e+01 1.110778929822423464e+02 1.013458050937290125e+02 9.209707103768460001e+01 7.272925570007720353e+01 9.209707103768460001e+01 9.069229602629781084e+01 7.177633880026853319e+01 6.435787815364464848e+01 4.398120451272729525e+01 6.438716275208859940e+01 7.551564254230491713e+01 7.875379278542557415e+01 7.528304808648054802e+01 9.479203704540009312e+01 8.206205954272211045e+01 8.206205954272211045e+01 1.016625022154480575e+02 1.153290882659447760e+02
1.007141378573307406e+02 8.897177229790918318e+01 6.924559007889153861e+01 8.199957529786368582e+01 1.018646519772671581e+02 1.037290878165642170e+02 9.553582355688671157e+01 8.907141796133889500e+01 8.398083331452710354e+01 7.131899572251708719e+01 7.535601223100553625e+01 6.308200335560968597e+01 4.919122781485448570e+01 6.600140947054808294e+01 5.047953716529460877e+01 6.993124741675948997e+01 8.195281750840004520e+01 9.051818496064252884e+01 1.017199491475931552e+02 1.182405163951465710e+02 9.868734498577330783e+01 8.493902988908818941e+01 9.209706856360512006e+01 1.002069445057867654e+02 8.501908538214323130e+01 6.629760989538370097e+01 5.301752059795190064e+01 4.459820999635302030e+01 6.499410572258646823e+01 5.750365273870072258e+01 5.916613501168032485e+01 7.387601013232341529e+01 7.867998922952399710e+01 6.845028795323021598e+01 8.206205954272211045e+01 1.016625022154495497e+02 9.339837726586030442e+01
1.048640425906332467e+02 9.721528382019920400e+01 7.903917095262096382e+01 9.721635005619715741e+01 1.095525927538098188e+02 8.972989587445694326e+01 7.614308709471767145e+01 7.002449973219543722e+01 6.511484911000707143e+01 6.051998373248413543e+01 5.630314837172763731e+01 5.213467281352530591e+01 6.871987605669207255e+01 7.672677851813963912e+01 6.993124741675850942e+01 5.474281622453916185e+01 6.343211532154399634e+01 7.428134264574369183e+01 9.355572863429540575e+01 1.109320896331516337e+02 1.125589950743902534e+02 1.044143362768276688e+02 1.021297144107675905e+02 9.391694131464211637e+01 8.701748826160935835e+01 7.971371748255177181e+01 6.826969553741133723e+01 4.880867625499235629e+01 4.547944337399560766e+01 4.610345616382883804e+01 6.582630013154491166e+01 5.407509774060878982e+01 5.924676244357032573e+01 7.048414503006850396e+01 8.987572061143957569e+01 1.042969990599832357e+02 9.155212647139644844e+01
9.671790129798398539e+01 1.071565399710238609e+02 9.890446005569508259e+01 1.071590569022961574e+02 1.095525927538098188e+02 8.972989587445694326e+01 8.907141796133890921e+01 8.907141796133889500e+01 8.398083331452710354e+01 7.940509945718746110e+01 7.372911361352437609e+01 5.454963326906346310e+01 7.032586374609030599e+01 8.846769425635966400e+01 8.195281765705094301e+01 6.587756729657492372e+01 5.950315878693185567e+01 7.846544596405030347e+01 8.326729472207682647e+01 9.866884151374286205e+01 1.084840461871430364e+02 1.053219240311698286e+02 8.556791544005349692e+01 7.440234576488452944e+01 6.752858947737145456e+01 6.137356475808900313e+01 5.562926701226263759e+01 6.842441286082946306e+01 6.585733542927565054e+01 6.647031392308217335e+01 4.699613934873801213e+01 6.734008955203790947e+01 7.739514838535004060e+01 7.867998922988552124e+01 9.804799115546873622e+01 9.621450668181675780e+01 7.718153234637320281e+01
9.019428173829490447e+01 1.028545017169558378e+02 1.112491556880168417e+02 1.220640810413712245e+02 1.177665550572357063e+02 1.095525927538098188e+02 1.087579621344496275e+02 1.063085156916748559e+02 9.253852318118435960e+01 8.444064779132509102e+01 7.609967872985741622e+01 5.700941763617485947e+01 6.704870630097526885e+01 8.403101617177868832e+01 9.304309990437968736e+01 8.493596117552895919e+01 7.283987060821546322e+01 6.436239726103427472e+01 7.135955044570242478e+01 8.072245551083487669e+01 1.002830253747885791e+02 1.135559155231657513e+02 1.021298623357327671e+02 9.391694131464211637e+01 8.701748826160935835e+01 8.114136408129324707e+01 7.565892601231625747e+01 8.270970385838110417e+01 7.875529803223633962e+01 7.125210740880355331e+01 6.024835531985868187e+01 4.790853300348424426e+01 7.316818370277314898e+01 9.018303813332437358e+01 1.063867048955664671e+02 9.639129714345357058e+01 7.790742904517401257e+01
7.606233422466546301e+01 8.448912704444788346e+01 9.544989938818490316e+01 1.142745158802985230e+02 1.203105437805351698e+02 1.103866748022620357e+02 1.021769120393002339e+02 9.563884245671123097e+01 7.876853067074340231e+01 6.553668209899196029e+01 6.157726336985837179e+01 7.609967872899842689e+01 6.231544537342705325e+01 7.548451759164790076e+01 9.468953585067407630e+01 1.001989194970851713e+02 8.741254364792744980e+01 6.841662667774838269e+01 8.741254364792744980e+01 9.866884167527173588e+01 1.084840461871430364e+02 1.228059858074886534e+02 1.134443659424127588e+02 1.056277741131563630e+02 9.937927319837169193e+01 9.394258978482213251e+01 8.280443036188746930e+01 6.396212059887184154e+01 5.969485589360675704e+01 7.167591334339265075e+01 6.413368173985192300e+01 4.856075649189169496e+01 5.934519172561638811e+01 8.139293424037354896e+01 9.933045935131640647e+01 8.847364883866279683e+01 8.055097219668772368e+01
8.936864351156371811e+01 8.549523182212912786e+01 9.647868630175968008e+01 1.155902394222749336e+02 1.121122204986399993e+02 9.224160357996029802e+01 8.256296040397639047e+01 7.631756604391858900e+01 7.170508901205460006e+01 6.923622038265578738e+01 8.049887854169173806e+01 8.494479847118314808e+01 6.615593220637646255e+01 7.927031332667861818e+01 9.864421746625518495e+01 1.112273152274903794e+02 9.555815522752165236e+01 7.917716014747497866e+01 7.537965907412865363e+01 8.893133974410052645e+01 1.087088137524205251e+02 1.149282219767674889e+02 9.632732624954526557e+01 8.688227136880250612e+01 8.054604940450177253e+01 7.510115124949051335e+01 7.025778853814209413e+01 8.280443036188746930e+01 7.321797267355951533e+01 5.365804402701024145e+01 4.949856028062760060e+01 6.908840200310255852e+01 7.928008574522631591e+01 9.018324868999616228e+01 9.134260343936516335e+01 7.250515288797733149e+01 6.172910299473377194e+01
1.080326240454413522e+02 9.650494558138865386e+01 1.130936308475072281e+02 1.238810411239439304e+02 1.203105437805351698e+02 1.021787040083032991e+02 9.201176829503368992e+01 8.985338815346200647e+01 9.080848863790849634e+01 7.482503491808211038e+01 9.407220275461095582e+01 9.305242557712372786e+01 7.679243266204768759e+01 7.261074817866241915e+01 8.339864065180148600e+01 1.030174245116802467e+02 1.068593701285620057e+02 9.866228671945263784e+01 8.248696340430898033e+01 8.893133974410054066e+01 1.087088137524205393e+02 1.228059858074886534e+02 1.134443659424127588e+02 1.056277741131563630e+02 9.937927319837169193e+01 9.394258978482213251e+01 8.907775127376017110e+01 9.688154183987812473e+01 8.047372786928242760e+01 6.897908848967465190e+01 5.017595647523511815e+01 7.022793330235701603e+01 7.924364731597881928e+01 9.227423404491064218e+01 8.441347353258716169e+01 7.921468339468995623e+01 6.029493718661495905e+01
1.150612499837731519e+02 1.156139139296948031e+02 1.241261036319572071e+02 1.371756875246872767e+02 1.302741645713610410e+02 1.199681752597700779e+02 1.117774717354095770e+02 1.096061647001054098e+02 1.005805175967437748e+02 8.105557307034516157e+01 1.005805175967437748e+02 1.042703387362838043e+02 9.608114090723759659e+01 7.956692635722536977e+01 8.447106942018497477e+01 1.041134408246185217e+02 1.162295088429871441e+02 9.633161994700346042e+01 9.633161994700346042e+01 1.087088137524205393e+02 1.169048961478234503e+02 1.206567602986647074e+02 1.107260331984479933e+02 1.024717383583073058e+02 9.505410545428125602e+01 8.988117750622666335e+01 8.523184213818751687e+01 8.085639816506073885e+01 7.345748516540587048e+01 5.375372835324073861e+01 7.022793302624225475e+01 5.117986714168898743e+01 7.114166084153423242e+01 7.701293130557066036e+01 6.568010433023741257e+01 7.786596834321262861e+01 5.884303265918805437e+01
1.182441871164486997e+02 1.224250236229526507e+02 1.076849263568268640e+02 1.235357751622754705e+02 1.233323544035199149e+02 1.150666503507334113e+02 1.124698658365999364e+02 1.207392675509415199e+02 1.087779123803553034e+02 9.067648817812900575e+01 1.087779123803553034e+02 1.131089331885110738e+02 9.323665667694335468e+01 9.323665667694335468e+01 9.828910711035162251e+01 1.123213137448041010e+02 1.244088520761125949e+02 1.162295088429871441e+02 1.162295088429871441e+02 1.170594818292416761e+02 1.253299662618886714e+02 1.123750543166549676e+02 9.256842239995970090e+01 8.284652637748443738e+01 7.569878138619355923e+01 7.073518913399590247e+01 6.618051722769762080e+01 6.173642377379127311e+01 5.731446351090332314e+01 7.345748516540587048e+01 7.815119629315972816e+01 6.510696771945858075e+01 5.218981894502224606e+01 6.730768139495185665e+01 5.424883858994914476e+01 7.375647041326148212e+01 5.737403512244002712e+01
9.612172143949037206e+01 1.105170759811870909e+02 9.299780242858385293e+01 1.134181344389671011e+02 1.150666503507334113e+02 9.486523483739439655e+01 9.222604850657475595e+01 1.090987946204572125e+02 1.186779100106895299e+02 1.104845470153585723e+02 1.186779100106895299e+02 1.213040111093869484e+02 1.131089331885110738e+02 1.131089331885110738e+02 1.181746262584054676e+02 1.223430059891396411e+02 1.140783565682550034e+02 1.223430072767555714e+02 1.138089203627912553e+02 9.710928250591544497e+01 1.138089203627912553e+02 1.206567602986647074e+02 1.090026453328333673e+02 8.927643106128307693e+01 9.505410545428125602e+01 8.986860897343105137e+01 8.070613148240535395e+01 6.153806210518597197e+01 7.671331629038201072e+01 7.671331629038201072e+01 8.569327534885276521e+01 6.657795922201293592e+01 7.194624783399393664e+01 5.320382380802725208e+01 7.304701798365128695e+01 5.529048155982200541e+01 7.468312841198148533e+01
8.076656256291606439e+01 9.957355625980979141e+01 8.379784522223026499e+01 1.044883512999661122e+02 1.136178979240808218e+02 1.007820924516843064e+02 8.024671684591814369e+01 1.007820924516843064e+02 1.044268958691433085e+02 1.127370206840894014e+02 1.120701666524700499e+02 1.037831176504533772e+02 1.120701666524700499e+02 1.158683096583143879e+02 1.076263528736523227e+02 1.076263528736523227e+02 9.434831093920710998e+01 1.124453866164423488e+02 1.055412288795325537e+02 8.568167913484388976e+01 1.039869584134857092e+02 1.122491009031637645e+02 1.172734121018596909e+02 1.090026453328333673e+02 1.076259034319311354e+02 9.539434892465631322e+01 6.478737200813580444e+01 6.832540315972609335e+01 7.840090498785284012e+01 9.616431632763348603e+01 9.418964512678407175e+01 8.598365491582438835e+01 7.610117381774938394e+01 5.601455020550558572e+01 7.609117646597533735e+01 6.835875913695831230e+01 5.647609870518328279e+01
7.031958434873709507e+01 8.781899588106695376e+01 7.647883670734094608e+01 9.710072331534239254e+01 1.053086754703068095e+02 8.487696783091350028e+01 7.392989149283106087e+01 8.997089006252456045e+01 8.398301639967884569e+01 1.044268958691433085e+02 1.021176088093700258e+02 8.392008208844060846e+01 1.021176088093700258e+02 1.076263528736523227e+02 8.793094223434196977e+01 8.793094223434196977e+01 8.454392859909205526e+01 1.042133337512794924e+02 9.803502462608078361e+01 7.825121907196725601e+01 8.414914373198161002e+01 9.814637969318923183e+01 1.180873627721334174e+02 1.110646151494313472e+02 9.061022936889668244e+01 7.734612115032729207e+01 7.450118008664971114e+01 6.847489762632203281e+01 8.708437822923993110e+01 1.056476297017893415e+02 1.087661916046631490e+02 9.702934925243891939e+01 7.876979393883341629e+01 5.881488054294102596e+01 7.876979393883341629e+01 8.235315780090364512e+01 7.574272658539682368e+01
6.189893595888398181e+01 6.719615669824749205e+01 8.781899588106695376e+01 1.032352362661741267e+02 9.486935485854421302e+01 8.862625604022724701e+01 6.790789636436647925e+01 6.927031896040783465e+01 8.151991729845980217e+01 1.020110215079868112e+02 9.385159986944704258e+01 7.404604195095222963e+01 9.385159986944704258e+01 1.076255292241939827e+02 8.793083544698031062e+01 7.406281957682642769e+01 9.369959445234221107e+01 9.289774514096035318e+01 8.467242741287988395e+01 7.170849509433016067e+01 8.562687125064336158e+01 1.054755777096652736e+02 1.189426063215709632e+02 1.193649820613270265e+02 1.076259034319311354e+02 9.210829474767908209e+01 9.070347516111553432e+01 7.155301425635609291e+01 8.491799934604364353e+01 1.046708493386436345e+02 1.004496759358807907e+02 8.001691665022681832e+01 6.847349016721969406e+01 6.159619038233318378e+01 7.296372029208303900e+01 9.325641701857357191e+01 9.106573165778056023e+01
7.623113766184020790e+01 8.781899588106695376e+01 9.628398937494509369e+01 9.141319356329660195e+01 7.427726875392146155e+01 8.445546239495065777e+01 7.598444470239110160e+01 6.080246361456116944e+01 7.548863657261023263e+01 9.608071702528521030e+01 8.724974722994869580e+01 6.744672065305594799e+01 8.143605690743848413e+01 1.012852372539903030e+02 8.893523515963210002e+01 6.928910854943994480e+01 8.271735851606143797e+01 8.008454813433260711e+01 6.493921248220812004e+01 6.973662634721002007e+01 8.945478282100765455e+01 1.026528566146122756e+02 9.899181891172069925e+01 1.189426063215709632e+02 1.203159887625797921e+02 1.087271130376807804e+02 8.885556038805022183e+01 7.521544882273192911e+01 8.885556038805022183e+01 1.087271130376807804e+02 1.052843048701715531e+02 8.491497522857929425e+01 8.466608073801612022e+01 6.465210656420647695e+01 8.466608073801612022e+01 1.016067248439724011e+02 9.925143031839756702e+01
6.257420084130224325e+01 7.703698389783086498e+01 9.734948177335147079e+01 8.298050839440259097e+01 6.230087743034928849e+01 7.104111788696951635e+01 5.530502497960510766e+01 6.723499283657714898e+01 8.766953769692963760e+01 9.496193656293790752e+01 8.175737586592082096e+01 6.190396219502693498e+01 8.175737586592082096e+01 9.309122717182472684e+01 9.705082612042974688e+01 8.253584430998427024e+01 6.301374437300800935e+01 6.028221164883633065e+01 8.008454813433175445e+01 8.945478282100684453e+01 7.715571339188700506e+01 8.282139779398472967e+01 9.164440049686156442e+01 1.057030965226979191e+02 1.256960079213578751e+02 1.109142511557561619e+02 9.102629555539819250e+01 8.042354867701845933e+01 9.102629555539819250e+01 1.109142511557564319e+02 1.135778919199774606e+02 1.023950727974447972e+02 8.195209464562488222e+01 6.775973327776921451e+01 8.195209464562488222e+01 1.023950727974447972e+02 1.063087428619173664e+02
