LEM/sinusoidal_perturbations/elevation_000870.asc
nrows	100
cellsize	150.0
xllcorner	0
ncols	100
yllcorner	0
NODATA_value	-9999
[rows 68 to 84 of 100, columns 37 to 73 of 100]
8.590988322752880890e+01 7.774654400147053934e+01 7.276030474505567724e+01 6.012571556909389159e+01 5.856267993512622638e+01 5.585862106309413377e+01 3.617134244389390574e+01 5.397398908158805853e+01 4.815330212792029840e+01 6.802729203265907643e+01 7.446977707312828443e+01 5.433715947147634040e+01 6.945931892948256348e+01 6.069835411966653282e+01 8.260233947210511474e+01 9.132818946658187542e+01 8.269116045715658458e+01 7.099139315685982865e+01 5.077655173245945974e+01 4.337132278017458731e+01 5.793675159309893274e+01 7.811211541052109908e+01 7.970152973965083731e+01 5.967952769920297840e+01 7.970152973965083731e+01 7.901469973371776234e+01 5.907708324857389925e+01 6.491667591637578028e+01 4.681284036125073555e+01 6.698038065448021428e+01 6.066185228212185621e+01 7.213414327169027729e+01 9.200349794664133185e+01 1.044852868531272065e+02 8.697892492862979452e+01 9.912194017090557452e+01 9.108167698313513938e+01
7.120845929142399200e+01 7.968513305412105296e+01 8.744401546168749917e+01 7.954452717810012530e+01 7.744428890042067337e+01 6.402601290633728581e+01 5.397400047962578640e+01 3.408417906192348568e+01 4.815038741753189555e+01 6.794611064823560298e+01 6.704470917183627421e+01 4.654959742103902443e+01 4.850265252283833206e+01 6.327671166639893841e+01 8.438548227703290650e+01 8.268429018842338962e+01 6.222110597266708965e+01 6.819755289107533258e+01 6.207726699928440439e+01 4.154191718941152089e+01 5.615730394337865761e+01 7.636932209759970647e+01 7.302752905950146101e+01 5.266139482437210972e+01 6.434338024285327151e+01 7.077793095540774004e+01 6.289080344251456012e+01 4.460752753141018445e+01 5.648480662959749310e+01 7.522847733427143169e+01 8.053192048233795219e+01 8.878450485255136471e+01 1.002715551499135955e+02 9.592790832141213286e+01 7.371200962346645724e+01 7.737298872914954018e+01 7.956504011987922809e+01
5.140600190407255354e+01 6.536907236466471716e+01 7.378954509282887386e+01 6.794603255740599934e+01 5.976235819295711593e+01 5.830367715299305331e+01 5.044099462762293484e+01 3.256008039698853196e+01 4.668477607300169296e+01 6.660943693660975384e+01 6.034418977003375772e+01 3.962035882045133661e+01 6.034418976889002550e+01 7.811719086232845655e+01 8.707298155496783920e+01 8.378880530184613917e+01 6.243131625863398426e+01 4.770951759775585543e+01 5.788042484486372530e+01 3.976832849434350692e+01 6.032920991878620498e+01 7.842826695485801736e+01 6.673072401179511814e+01 5.884236766750134251e+01 3.903271205797756238e+01 6.062049961128570885e+01 4.243512391410626350e+01 6.289037020860372706e+01 7.316258749646098636e+01 7.643482272762619800e+01 9.633275782966957479e+01 9.120499147281289254e+01 9.985251018435434389e+01 1.044852868528844425e+02 8.405301096898493540e+01 6.294829441569539341e+01 5.989282302931407287e+01
4.065289017779463165e+01 4.591380795646974633e+01 5.965477296447156874e+01 5.224340213945681910e+01 4.217292298993451283e+01 4.767926181275208819e+01 3.011058603570485914e+01 5.044104386598156964e+01 6.070201219810346771e+01 6.331621501741861380e+01 5.600203695777549484e+01 3.570281659249554451e+01 5.587084776200229186e+01 6.775566506495135854e+01 6.917852049586409180e+01 7.597079355505475462e+01 6.391736102011069676e+01 5.552792602556559132e+01 3.731153215359823605e+01 5.783726964891726396e+01 6.861884961534894956e+01 6.576012488491021202e+01 5.162761985927352981e+01 3.818844058636418737e+01 3.885380995708826646e+01 4.030164488628118136e+01 6.083383975666340149e+01 6.173186371795569016e+01 7.034203833536344064e+01 8.474676023302686190e+01 8.779497217158024114e+01 7.031769449889286250e+01 8.779497217157188516e+01 9.888915023575310670e+01 9.285408134219063925e+01 7.748978483621220903e+01 5.775959927280207751e+01
5.413656682831992839e+01 3.530986262936716003e+01 4.892274292971082161e+01 3.854931934067757737e+01 3.795021467842146023e+01 2.738359613432197648e+01 4.757501063774890326e+01 4.815272812535263824e+01 4.865384824570610078e+01 4.313253972787227752e+01 4.944902198556947326e+01 3.262545313764159971e+01 3.987981578091915935e+01 4.996666948798791452e+01 6.941004142134988797e+01 6.157321644455944210e+01 4.726560881553301385e+01 3.503752889121647485e+01 5.552792602556559132e+01 6.622890686735327392e+01 7.100807191232352977e+01 5.174150685276705985e+01 3.727957785915186406e+01 5.780311845408343885e+01 5.952060656778213854e+01 3.995605533817693100e+01 4.075355670389065210e+01 4.156806406131860854e+01 5.626219037937401168e+01 7.160315593927010980e+01 7.840032249401284048e+01 5.744009523946438378e+01 7.830784581019787538e+01 7.931494606617083321e+01 8.117082209603691467e+01 7.288998411647185094e+01 5.582391283293792839e+01
4.030463872649158219e+01 3.535533185158153202e+01 3.040345444463671143e+01 3.787902244860290324e+01 2.687489547280579316e+01 2.823627773595342916e+01 2.784088987886802613e+01 2.818283592705291696e+01 2.857364843670286803e+01 2.899700594759256589e+01 2.942781550804054902e+01 2.985522527248927815e+01 4.986292487506780446e+01 5.100164318269694519e+01 5.146569212026773954e+01 5.191830823845190679e+01 3.319474825825157893e+01 5.322166781810064151e+01 6.391496661667783030e+01 7.721283397107970359e+01 6.917169741033927721e+01 5.714825673912979198e+01 3.665732674333774810e+01 5.663625864649616659e+01 6.985708214852643039e+01 5.581853241970805612e+01 6.140625822874158501e+01 6.216578547849452008e+01 4.274590313950494647e+01 6.327073388170880719e+01 6.467267678584413204e+01 4.964660599436876254e+01 5.898811087485830740e+01 7.929940263409022805e+01 7.283913102366295789e+01 5.312173915176940397e+01 7.288998411646316811e+01
5.929170531673250366e+01 5.359029784332204827e+01 4.430221323357409346e+01 2.626363232801411840e+01 4.563239204402627536e+01 4.745041060029584656e+01 4.779849031287684369e+01 4.225966522966762540e+01 4.855128919938238852e+01 3.876050772763453978e+01 4.938010924582011540e+01 3.367402556371498434e+01 3.045915474914546905e+01 3.089190587410119093e+01 3.132462347901375210e+01 3.175773209829835508e+01 3.220933444112522892e+01 5.233331384226418947e+01 6.140199745817954380e+01 6.954378053064731091e+01 4.961645352478583249e+01 5.528145239756713636e+01 3.604572784781255734e+01 5.671099402036901438e+01 7.562518833096399362e+01 7.983362241066591025e+01 7.601147357416614625e+01 5.586908055185658384e+01 6.285998798453159964e+01 4.393934146358444792e+01 4.478585463344534645e+01 4.563619177258836856e+01 6.586932198997737942e+01 6.786011583022218474e+01 6.851813256940444319e+01 5.122275500998165398e+01 7.109128657309715038e+01
6.876183010630346359e+01 5.783961103942517212e+01 2.567813561276469159e+01 3.352462608095572705e+01 4.550646538120214046e+01 4.629260361617264863e+01 6.198361568467408489e+01 6.224844651128839246e+01 5.664821673103350008e+01 5.817655044520385133e+01 5.408413042164459483e+01 3.376745549218814091e+01 5.059657538405731003e+01 5.103214961355779877e+01 4.154574163384560137e+01 5.010182491184286135e+01 5.234051146057089454e+01 3.284386940306119840e+01 5.304612525944390455e+01 5.407987442404331091e+01 5.466787455511764904e+01 3.519081212187222718e+01 3.826659840794413725e+01 4.653143386905725265e+01 5.857551807849009862e+01 7.828224448458352924e+01 7.601147643198761727e+01 7.600562721296195434e+01 6.067172795575506683e+01 6.437576116267059945e+01 5.106845644744568347e+01 6.179233333969916231e+01 4.683727549954668490e+01 4.768620831969779772e+01 4.852780411140523853e+01 4.945132954992898533e+01 6.933475925739031709e+01
4.888591723194247862e+01 5.868401603651019371e+01 2.530317042940498240e+01 2.588632055345942362e+01 3.195804087305487684e+01 4.088394806896682354e+01 5.554908248867202047e+01 7.724290944745543186e+01 7.323463478464523746e+01 6.872256049054766436e+01 4.823388457728787415e+01 5.411323783359146944e+01 3.744056075600035882e+01 5.794821596592448998e+01 6.207970968196156747e+01 6.649642887779187106e+01 5.174310895320017067e+01 3.645986073268566940e+01 3.347187217977881346e+01 3.391202193675032817e+01 3.434766883541858817e+01 5.043547199001483250e+01 6.198931733259729526e+01 6.708288677489612439e+01 7.527901905267485461e+01 8.666906752226614685e+01 9.611756540732261556e+01 8.899908003759752262e+01 8.070734449870184335e+01 7.689812001314399481e+01 5.734364204570726287e+01 5.517956996033080941e+01 6.710085697557867945e+01 6.199304266656300655e+01 6.867548855553964415e+01 6.951896167157346440e+01 5.074370001221946325e+01
3.504929461361531651e+01 4.442747371035543580e+01 4.402505416533453086e+01 2.476871856152014573e+01 2.978933150774888006e+01 4.725984258695248741e+01 6.124180571217672764e+01 6.981743964069542585e+01 8.003105882883858158e+01 7.756413554228544172e+01 6.929865431836957157e+01 6.072295814089088850e+01 4.020285610938572063e+01 5.479121461043667551e+01 7.504345395538391017e+01 8.091730466746300010e+01 6.373431237510671110e+01 4.297985784590552782e+01 5.361747254611461244e+01 5.105505748190669379e+01 4.714026347326178978e+01 3.523632059830560337e+01 5.559759206422946676e+01 6.386280230134110525e+01 7.690566073929524293e+01 7.438874560859234464e+01 8.277743313548327819e+01 9.288199866371573421e+01 8.760528865851692615e+01 6.762420247288510211e+01 7.692494884105448705e+01 6.120917978278090033e+01 8.118972939640336506e+01 8.207441454800439828e+01 8.502502883763833097e+01 6.494518100984603848e+01 7.077925319018818584e+01
4.775024027647812375e+01 2.814760568372555127e+01 2.419475943060631806e+01 3.139139258534260790e+01 4.691766888818813186e+01 3.673136024539312672e+01 4.207871711912894597e+01 5.110401175720534894e+01 7.172824188414568880e+01 8.189200386355560113e+01 6.215307730454124169e+01 4.831569409063882858e+01 4.361010564308642046e+01 6.403650996878859303e+01 7.725075635838970811e+01 8.627236559187059584e+01 7.224247789958924670e+01 5.357350578108993489e+01 7.178083983059971729e+01 6.944544006603442199e+01 6.023626582968527288e+01 4.009714490781789209e+01 3.614192834084517614e+01 3.828030320362501726e+01 6.278008639360383114e+01 5.416659359730638812e+01 6.430197150779953574e+01 8.447551970941269417e+01 9.597840676810307059e+01 7.743186783468149770e+01 8.959142666556543588e+01 8.118972939842146275e+01 7.181165181684858112e+01 9.195887108240876273e+01 9.340963036204811942e+01 8.502603017579227185e+01 7.542646158713047555e+01
4.286877716419369477e+01 2.362073615821325490e+01 4.345340757955405309e+01 5.059302017167426868e+01 6.070263237785177779e+01 5.480788661069334466e+01 6.124180571060728795e+01 6.981743904974580062e+01 8.056898850201797302e+01 7.714097884067767552e+01 5.761103272060116609e+01 6.793447504033332507e+01 6.403650996878859303e+01 4.861612187501833660e+01 5.774095149977573982e+01 7.197822502584079984e+01 8.250396086008622376e+01 7.403295160288179488e+01 8.247854970675555819e+01 6.819658210279742150e+01 4.792223024193157954e+01 5.682680667357709581e+01 5.662232941461915914e+01 3.706323868798408938e+01 4.316432380685662196e+01 5.765905346443449986e+01 7.787282497809519555e+01 9.288199865523039023e+01 1.061218457297688644e+02 9.777870948235316462e+01 1.061218457311557870e+02 1.003948662315561933e+02 8.337808009300297840e+01 1.003948662315561933e+02 9.945424455219811932e+01 7.930049149570456279e+01 6.775590033061207862e+01
2.306257930849896454e+01 4.285243885063809444e+01 2.620653759109547565e+01 4.598210783976050919e+01 5.618954907392271991e+01 5.965863245192220177e+01 6.631319589655687707e+01 7.467021761302744665e+01 8.473634737553058471e+01 8.539038861062009289e+01 6.611426861274924249e+01 8.539038861062009289e+01 7.269207083124659619e+01 5.252307609526353360e+01 7.269207071637993067e+01 8.627236846022641714e+01 1.005609356965045436e+02 9.140826119833343455e+01 7.083553241596645478e+01 5.653767860388914812e+01 6.819658188705808755e+01 6.881434431248652572e+01 5.836102152365972273e+01 3.772807540293781159e+01 5.835744425541783897e+01 7.190366137095529098e+01 7.876794038079403038e+01 7.876794038076161542e+01 9.908436277938450587e+01 9.574815152031500531e+01 9.795336156255970650e+01 1.062982067435642506e+02 1.036804495585015928e+02 1.121347120795711163e+02 1.077811928056506190e+02 9.615399518465335404e+01 8.269443150224367400e+01
2.266759626860847732e+01 3.600543762849954987e+01 4.574461527328989519e+01 2.880378074164881497e+01 4.495583091033643086e+01 3.979077295402333903e+01 4.634972518955471088e+01 5.626503291405207108e+01 7.636135888813380745e+01 9.404044124648277148e+01 7.976374215147751556e+01 9.404044124648277148e+01 7.743429315435474791e+01 5.731416070484177538e+01 6.331339970294496311e+01 7.753959705227467225e+01 9.775975797665276446e+01 8.785567521967034565e+01 6.728679439318344180e+01 7.686114595079931178e+01 8.109429175005627144e+01 6.387088064258875875e+01 4.400862850067264986e+01 3.840918497785789754e+01 5.906281621995668729e+01 6.635629626164933370e+01 5.916577067299424897e+01 7.876794038079403038e+01 8.883642315702938674e+01 7.559717372203702723e+01 7.780128318857431680e+01 9.428880576967880245e+01 1.026369225868665609e+02 1.127244896725470511e+02 1.070120763407464324e+02 8.684883769592984493e+01 7.263434944017316752e+01
2.226932976284131271e+01 4.211775024626538055e+01 5.625776082612179607e+01 4.859430103294955217e+01 3.144419222644574674e+01 5.128342587919255635e+01 6.631319590109292506e+01 7.467021761302744665e+01 8.473634737553058471e+01 9.811358606664303750e+01 9.986665035546660363e+01 9.392547762384110399e+01 7.372798402166419862e+01 6.288505955747260145e+01 8.301792425957583532e+01 7.753960040321921099e+01 9.775995120862398835e+01 9.628917517674791782e+01 7.753051190691597583e+01 8.706121867098983103e+01 6.672450817776977772e+01 5.281680738990597490e+01 6.329709771426582421e+01 5.906366608606411006e+01 3.942647378560316440e+01 4.686213641978184086e+01 6.637043970924294456e+01 8.295116425824936357e+01 6.871995528675982712e+01 6.141942471249063118e+01 6.744693390249857146e+01 7.411774765462942582e+01 8.419254130471166775e+01 1.043850702346458661e+02 1.070120763407464324e+02 8.684883769592984493e+01 9.275451356431396732e+01
2.186755387433804643e+01 4.175957298401988282e+01 5.521415796076171745e+01 5.330129900753900785e+01 3.342708958816524500e+01 5.330129920760681017e+01 6.456624280778386549e+01 6.627897204777755746e+01 8.643930971185574208e+01 7.794428290125968317e+01 9.219549614229877932e+01 1.023226112069629608e+02 8.910265194917191423e+01 6.892095996178375117e+01 8.910265194917191423e+01 9.775994090618934251e+01 1.061634419492607719e+02 1.065486287890630308e+02 9.219816705903282639e+01 8.706121867098983103e+01 6.672450817776977772e+01 7.268096361039351905e+01 7.880661483154455027e+01 6.773813112352269172e+01 5.962229120618806633e+01 4.048948043694456800e+01 6.131903997133796480e+01 6.868533247395187402e+01 5.451385442115709878e+01 7.461193231244044455e+01 8.756511973132910498e+01 9.428880576967880245e+01 1.026369225868665609e+02 1.127244896725470511e+02 1.153310364717961676e+02 1.070120763407464324e+02 1.027714590402329407e+02
2.880168198593864659e+01 2.701163450913096753e+01 4.683852576507595700e+01 6.080064550736409501e+01 5.330129920760681017e+01 3.628564912530399056e+01 4.617201165160744836e+01 6.627897204777755746e+01 7.220988355166979034e+01 6.368745677785520343e+01 7.794428290125968317e+01 9.811358606664303750e+01 9.749383032385881620e+01 8.909826166327636088e+01 8.054542683163892036e+01 1.007860418345807716e+02 1.191242176013871870e+02 1.108688329700083841e+02 1.126242851427100078e+02 9.546407532234292148e+01 8.706121867098983103e+01 8.682162891097208046e+01 6.612656767644462263e+01 6.211280739614745983e+01 4.323751247866576364e+01 4.132536449061801420e+01 6.194654521101693234e+01 4.844630363638491843e+01 6.868533247395187402e+01 8.295116425825088413e+01 9.409593505149879888e+01 8.933435111739972001e+01 9.697522284723065411e+01 1.053256489419624558e+02 1.169752112635466545e+02 1.231676247077311217e+02 1.147835990220666389e+02
