LEM/sinusoidal_perturbations/elevation_000064.asc
nrows	100
cellsize	150.0
xllcorner	0
ncols	100
yllcorner	0
NODATA_value	-9999
[rows 0 to 16 of 100, columns 0 to 36 of 100]
8.271705653423140972e-03 1.415040732938449786e+01 3.415040732938520307e+01 3.573979682791913604e+01 4.128679879017133203e+01 4.731702568172649848e+01 5.438809349359172529e+01 5.438809349359173240e+01 7.438809349359031842e+01 7.326480477326039420e+01 6.736134900260628910e+01 6.842393765367653202e+01 6.842393765367653202e+01 7.678641414311928770e+01 7.810798570819494557e+01 6.992918633276381968e+01 6.737157773366119784e+01 7.554815893283387140e+01 7.389536911407516584e+01 8.207716840566259009e+01 8.841601557891459606e+01 9.676032060201568186e+01 9.218801805702197782e+01 8.384874258350798470e+01 9.218801805702197782e+01 1.022544140312833605e+02 9.232297130377818917e+01 8.069961063847325988e+01 7.236245995205564441e+01 7.972542823780787558e+01 6.871649221601062152e+01 6.038004702253012113e+01 6.270123661020373618e+01 6.514006330731020000e+01 6.763626359922656661e+01 7.019721695637832681e+01 7.285173552809878572e+01
7.813061968023241044e-03 2.000781306196766707e+01 2.843682939451734271e+01 1.573979682791984835e+01 2.128679879017204257e+01 2.731702568172720902e+01 3.438809349359243583e+01 4.853022911732288946e+01 6.853022911732146838e+01 5.311870623281185999e+01 4.721921043352784864e+01 4.828308393046417279e+01 4.828308393046417279e+01 6.842393765367653202e+01 6.992918633276381968e+01 5.012166014232790445e+01 4.754231965649101710e+01 5.991430440273837377e+01 5.412315778288681400e+01 7.389536911407516584e+01 6.830635256226851482e+01 8.514403679287545401e+01 8.215053577402963469e+01 6.379773090364719224e+01 7.382323674357760979e+01 9.145292320487062909e+01 8.398841717608394219e+01 6.385166857744447810e+01 5.222697329554927137e+01 6.073723131065752767e+01 5.124953014471331869e+01 4.019156593973869462e+01 4.259440136278781353e+01 4.506252566344242894e+01 4.754645633661973392e+01 5.006928087478129186e+01 5.267523145814386965e+01
2.526786264046545528e-03 4.172815067405524658e+00 8.436829394517697978e+00 1.998383477831000832e+01 3.998383477830929422e+01 4.731702568172649848e+01 5.438809349359172529e+01 6.267236474105332888e+01 5.673545732927937024e+01 4.838385305651679147e+01 3.297170453113691480e+01 3.403518291941730212e+01 5.418220340710677618e+01 5.582538895981024751e+01 6.425829490792567356e+01 5.592315024497644771e+01 3.597997773194052229e+01 4.001078555981533924e+01 5.991430440273837377e+01 7.615106802454407386e+01 5.670577255818896134e+01 7.615106802454407386e+01 7.334153764976792900e+01 5.380182444355152427e+01 6.306536345459100801e+01 8.311531731619942320e+01 8.431438887509496283e+01 7.386458658915685760e+01 6.073723131065740688e+01 4.049388295103676683e+01 3.679556344644260690e+01 5.714805299554434015e+01 5.154306679049139461e+01 6.514006330731018579e+01 6.763626359922656661e+01 6.428630313470218027e+01 6.693756088739378640e+01
4.163169627051843593e-04 2.000041631696235100e+01 2.843682939451734271e+01 3.672110064197859458e+01 4.826810602577090492e+01 5.261162514449965499e+01 6.135311002363152966e+01 5.674204431429927808e+01 4.511547346217916754e+01 2.827254653002104234e+01 2.401788104089762754e+01 4.410869316326200362e+01 5.255242934163612034e+01 3.558489727290093185e+01 5.255242934163612034e+01 4.927542607396446783e+01 2.929682265916698825e+01 4.927542607396446783e+01 6.438975186258947758e+01 6.781673641007566289e+01 4.771784438817087448e+01 6.675928832791606737e+01 5.331085123569157957e+01 4.672456813982226720e+01 6.674459854043742268e+01 8.431554559694696138e+01 6.446232286570743497e+01 6.552499207861662001e+01 4.545230349650039869e+01 3.349505518477981525e+01 5.398944852412966355e+01 6.548565827682699592e+01 7.135972137790842851e+01 6.729130934964713617e+01 8.633535165824544322e+01 8.446742527068809636e+01 8.712981615593177764e+01
5.883922493566802643e-03 2.000588392249321146e+01 3.645054410870149297e+01 4.799758470781060282e+01 4.929740846652746455e+01 3.182279271745069948e+01 4.929740846652738639e+01 4.838496698852764411e+01 2.827254900782798330e+01 1.676151267911698639e+01 3.677258481968939208e+01 4.024083969542987660e+01 3.357618867342061719e+01 2.436500599181682247e+01 4.412953035215800668e+01 4.469201971224124748e+01 2.469238704549426089e+01 3.626934705939160608e+01 5.619706769694344217e+01 6.111722830550184682e+01 4.103747517632746167e+01 4.667133526613069705e+01 3.916910071002226346e+01 5.917770345309178737e+01 7.506121068798398710e+01 7.815508321716899331e+01 6.807757500186498589e+01 4.800732713377200866e+01 5.189933342561571550e+01 3.145421323148543280e+01 4.069878486568914866e+01 5.246166550598381662e+01 7.261194471503858949e+01 8.633535155089556667e+01 9.211066552832483012e+01 8.344459749256934344e+01 8.355503749999255092e+01
1.256007409845548732e-03 8.166221816687176727e+00 1.971322720079191626e+01 3.971323094893396188e+01 4.058653851704856663e+01 2.021089559581409389e+01 4.058653851704856663e+01 3.991526233309250671e+01 3.245790833260328867e+01 1.269958929263513880e+01 2.720363290931184252e+01 2.540876566438635464e+01 1.441243455990541911e+01 3.352123962815834801e+01 4.219515416201784319e+01 3.524772659710316702e+01 2.054969113406054504e+01 3.477111023892533836e+01 5.470198582319952862e+01 5.598779219956764308e+01 4.766119128981992503e+01 3.259715566801214237e+01 5.255514832505600253e+01 6.229112921835334760e+01 6.986156068568544697e+01 5.904701350241652591e+01 6.728725072267015150e+01 4.712903046399954832e+01 3.511937225728862444e+01 2.961232302545947803e+01 4.993400967553537839e+01 6.932010127745635941e+01 8.095428331860885862e+01 8.401794946715780554e+01 7.873496218476816466e+01 6.177343671411366444e+01 6.923905317904817025e+01
9.594114293757748102e-03 2.000959411429340307e+01 3.645043077571030210e+01 3.615236960120414267e+01 3.333095926709493995e+01 1.314290794674319685e+01 2.433853575710948647e+01 1.909510680961201956e+01 2.555839865203590122e+01 1.907824238079034629e+01 7.160011606137631546e+00 7.856224141817349960e+00 8.553843184756479090e+00 2.859273271271265671e+01 1.167968737153700864e+01 1.499888248821256909e+01 3.524772467860183411e+01 4.883511328201310420e+01 5.138463277674002683e+01 4.306951412787973510e+01 2.784150250023922979e+01 4.766119128981992503e+01 5.431179312547513405e+01 3.844340858940437755e+01 5.447178724437517161e+01 4.600027398264055023e+01 6.089723097253138206e+01 4.714273644586208434e+01 2.714971404500511909e+01 4.711738650405480655e+01 4.991223921606638214e+01 7.019108391470905417e+01 7.809262486608908205e+01 6.382526890208666970e+01 7.024960701614703851e+01 4.956409179123003383e+01 5.801663127382010288e+01
7.711341127313004785e-03 2.000771134112695648e+01 2.132363050267568738e+01 1.610709241022609106e+01 2.263422814537442207e+01 2.130128517299892366e+01 4.198631774803954997e+00 4.861656717779116121e+00 5.526173027949505823e+00 6.191837426266404876e+00 2.621687989228832194e+01 2.789407580614436455e+01 2.792910359111483842e+01 9.549385209970198574e+00 1.027097989395689126e+01 2.968401950650644494e+01 3.202719877759440692e+01 3.992805609049520399e+01 4.305160796631715669e+01 2.334222043011183700e+01 3.875431776307961940e+01 3.722161061375383895e+01 3.797989883921255228e+01 2.620558048142690666e+01 4.541109787017619936e+01 3.545679053824828486e+01 3.845018870648107168e+01 4.306359012673002695e+01 2.545924088621157466e+01 3.939672681919549291e+01 5.983823139683284609e+01 6.319655161719374092e+01 6.799305840146610080e+01 4.952312466529988200e+01 6.367441589211230735e+01 5.530608061000346964e+01 3.778644905409858268e+01
2.297228869525369630e-04 6.518649363702885280e-01 1.303846319015066202e+00 1.956869591470683734e+00 2.611290221011242974e+00 3.267118511064502684e+00 2.287670897624420263e+01 2.448396447430989653e+01 2.554720904759698996e+01 9.056312092502198041e+00 2.006328285034316750e+01 4.007071339597158044e+01 2.221620400958237695e+01 2.960219077150243194e+01 3.012199758422943319e+01 1.129137014392164851e+01 1.201387142774160210e+01 2.986292210537680702e+01 4.078490790184200421e+01 3.860077993959884424e+01 1.897915098510804910e+01 1.711379907997227434e+01 1.793844502875193214e+01 1.876684879460391286e+01 3.873593440633784013e+01 4.085877765743721568e+01 2.207673164310779512e+01 2.298693295045012874e+01 2.404043024838014730e+01 4.412663807398443794e+01 5.358951010390584457e+01 4.298716719568879796e+01 5.013882251420140079e+01 3.942434206788699669e+01 5.264546424315383177e+01 3.509855913793204962e+01 5.530607569272927293e+01
9.647730019007896146e-03 3.789291155557267476e+00 2.126333434621797380e+01 2.197819587983945055e+01 1.584957027949057995e+01 1.248771909927489787e+01 2.985178480830415282e+01 3.274525949635123112e+01 1.315056384626335628e+01 2.853441002936463278e+01 3.699879478034853975e+01 4.835754257604011030e+01 3.637505071399916545e+01 4.224407753824539213e+01 4.008301641977914898e+01 3.148445207739562335e+01 1.668342117896838062e+01 1.305285500099159890e+01 3.310517336499096075e+01 3.491104185459710862e+01 1.595203959018762241e+01 3.597251506060560899e+01 3.364998510619971483e+01 2.361652524554069998e+01 1.995422420833304500e+01 2.079522989322081017e+01 4.077727370377636618e+01 4.305726749516279739e+01 4.412663807398661930e+01 2.553312389730029608e+01 4.563775427424442910e+01 2.875735193990396610e+01 2.998017439784538141e+01 3.120956462276054211e+01 3.246003565467649565e+01 5.252400303447763008e+01 6.261140125139259283e+01
3.582433992925927561e-03 1.989129867819495345e+01 9.232208977522521565e+00 2.889231490557229876e+01 3.446179103084497797e+01 3.072643831164474193e+01 3.072971397615215139e+01 4.102110372860126830e+01 3.285350320393983736e+01 1.757265982448268105e+01 3.174444686141952587e+01 5.162035028310468476e+01 5.640951921696899518e+01 6.229109378484257320e+01 4.366607012437664537e+01 2.372652756334433022e+01 3.655388442612332511e+01 2.319065331819533782e+01 1.409620586488515670e+01 1.483590090677269657e+01 3.491183157018145522e+01 3.736214242505047878e+01 5.179779532852428758e+01 3.458752788514704690e+01 3.420095270328307180e+01 4.060612374391655521e+01 2.398206305682450790e+01 4.405032807653089577e+01 5.260178136912433899e+01 3.473467456416202026e+01 2.703991720100529150e+01 2.933078269776919100e+01 4.948249611066149356e+01 5.138194959748038571e+01 5.264590535034363938e+01 3.488797527206376259e+01 5.449028207844959582e+01
1.813270376062421294e-03 2.000181327010955457e+01 2.889231557167268960e+01 1.500160302583814165e+01 3.452553460609281899e+01 4.845063203853641909e+01 5.046210520864665483e+01 5.252705720486495977e+01 3.266263750778458785e+01 2.099639494852339539e+01 4.105832475731619269e+01 5.490790114042774661e+01 6.625002218773313700e+01 5.993041949762215381e+01 4.001074101621874490e+01 2.968230660532181275e+01 4.851935379565980355e+01 4.067295228319957090e+01 3.415119748343448691e+01 1.698748060794349612e+01 2.662372173031877054e+01 4.663703068416464248e+01 6.401214212079365495e+01 5.023034999178251780e+01 5.494588723466847568e+01 4.627784682225370005e+01 2.625764416917634847e+01 4.425268076810019124e+01 6.062579292709933299e+01 5.329451374071918224e+01 3.863382478346966309e+01 4.948349392874273178e+01 3.265168206503508230e+01 5.284259361355360340e+01 6.347622430507245639e+01 5.509976939765936521e+01 3.736495372584670349e+01
2.372884694381488524e-03 1.414450955199549043e+01 3.414481824816422062e+01 3.452553460609281899e+01 2.115165828940557091e+01 4.049490294677597291e+01 5.522119319400475490e+01 6.057859588098013148e+01 4.918160094336958110e+01 3.266263750685101286e+01 2.685766245065190105e+01 3.846761302095333690e+01 5.823295348479200584e+01 6.820975504974896353e+01 5.578400165998530014e+01 3.598914483461743430e+01 5.578400165998530014e+01 5.306178564665184183e+01 3.294026752725991258e+01 1.913116312010160058e+01 3.883372373472550976e+01 4.663760880474218595e+01 6.679351851658077521e+01 7.103241375303412042e+01 5.793478511220270377e+01 3.658793812526853628e+01 2.858291396327320655e+01 4.869506666840225506e+01 6.055316384204849811e+01 6.716184383219435006e+01 5.880830432354277804e+01 6.120388914653391765e+01 4.692486981349398434e+01 3.610723705223492175e+01 5.632977377259383189e+01 6.613485441158603351e+01 5.783698064718969079e+01
8.175220331382775790e-03 2.000817522033102591e+01 3.829339594962416982e+01 4.845063203853645462e+01 4.049490294677597291e+01 2.813383066096144347e+01 4.169798763429806598e+01 6.067150333102927817e+01 6.057799994381747410e+01 5.252704682368078437e+01 3.586743260747048367e+01 3.448024780276870160e+01 4.858897377877454460e+01 6.815403520935458914e+01 6.404396087811539928e+01 4.480701701844159857e+01 6.404396087811539928e+01 5.537973760765691367e+01 3.520628219974977213e+01 2.123934260525426865e+01 4.111495048876133751e+01 5.169193750593388614e+01 6.004497206448237989e+01 7.013097885917882479e+01 6.246566780175165690e+01 4.478476220346041714e+01 3.661720091030998248e+01 3.213571696385761811e+01 5.222885552339757709e+01 6.002604855853776655e+01 6.835132593890665476e+01 7.548290855199712723e+01 6.469482852045098298e+01 5.624328521166098938e+01 3.968102578199492569e+01 5.400682410521023513e+01 7.423257117636281066e+01
9.124702163186202558e-03 1.000912470216327321e+01 2.415126032589447647e+01 4.415126032589517990e+01 5.522119319400475490e+01 3.924839362948928567e+01 3.778732711369720931e+01 5.113913272708626323e+01 7.020434936619848543e+01 6.374308431236724459e+01 4.740328544851728054e+01 4.602619345497234349e+01 4.449027132696585340e+01 6.414862386795429927e+01 7.294057217556361650e+01 5.882896734352799939e+01 7.294057217556361650e+01 6.128421558361741717e+01 4.111495046351947735e+01 4.111495036838430650e+01 2.440288398264295466e+01 3.148199466200981433e+01 4.160660968193529641e+01 6.177728309569206999e+01 7.147067091584695220e+01 6.298350908151854810e+01 5.601584035888090796e+01 3.650322823378049009e+01 3.662989021298372450e+01 3.992455546193564686e+01 6.002604855826474761e+01 7.338085355416843925e+01 7.395135594577594418e+01 5.397674062039165221e+01 4.227493655352679980e+01 6.254438458127454226e+01 7.000784222596796269e+01
2.239863785106879172e-03 2.000223986378475161e+01 3.723030979016844100e+01 4.877731531385693842e+01 6.624079484627019099e+01 5.819270497231195094e+01 5.113911264676764290e+01 5.321382157323486695e+01 7.232412781439107619e+01 7.510677044361518995e+01 6.702136612203086941e+01 5.999084167351842467e+01 5.848411682606305106e+01 5.848411682606305106e+01 7.782395359264609169e+01 7.875295691931862052e+01 7.546975862567948923e+01 5.528186071371300159e+01 4.364398601616033346e+01 3.460433672518257708e+01 2.691212165901954378e+01 4.716292912707300644e+01 6.004607417788207613e+01 7.013153615608167968e+01 7.726576279972800876e+01 5.715567579213664828e+01 4.297123463762108031e+01 5.653263125079651985e+01 5.082939141800982696e+01 6.002604855853776655e+01 4.493206273291242070e+01 6.497024009224901420e+01 8.179514535556926091e+01 7.068602303470737525e+01 6.254438458132954537e+01 4.618700188394974759e+01 4.973286441065523178e+01
1.766589122093755728e-03 8.946038499121328869e+00 2.049304388291404777e+01 4.049304388332425475e+01 4.917835075793549038e+01 5.746262202798902052e+01 7.020169250635095182e+01 7.232673509858717864e+01 7.186215492219488965e+01 6.357322840818078902e+01 7.186612438839003403e+01 7.928255864775584882e+01 7.782395359264609169e+01 7.782395359264609169e+01 8.576551434021054376e+01 8.955664540388599448e+01 8.382832310825895661e+01 7.217427863689479750e+01 6.315206005675129575e+01 4.999977010294134772e+01 2.975820000447505365e+01 4.999977818811041175e+01 6.301059446431414557e+01 7.471259863199342988e+01 8.229234709075208798e+01 6.218397507713957140e+01 4.796179117408872372e+01 6.807357683553568961e+01 7.094601946975191709e+01 6.879808122500752177e+01 4.865837310382190140e+01 6.029327960720326018e+01 8.041585628907502326e+01 7.321273232252907803e+01 5.284471565408272653e+01 6.647644307632953087e+01 7.000784222599973816e+01
