LEM/sinusoidal_perturbations/elevation_000093.asc
nrows	100
cellsize	150.0
xllcorner	0
ncols	100
yllcorner	0
NODATA_value	-9999
[rows 0 to 16 of 100, columns 0 to 36 of 100]
8.271705653423140972e-03 2.000827170565306901e+01 2.931017294728928135e+01 3.447415074223361131e+01 4.024765343412996543e+01 4.853192468159216588e+01 5.747619659159148142e+01 6.902320197538540469e+01 7.059403230276770103e+01 6.285341384773751372e+01 6.285341384773751372e+01 6.467061463682249212e+01 6.467061463682249212e+01 7.240912298234630384e+01 8.242607072065679574e+01 7.407948866564545654e+01 7.145922043429386861e+01 7.980858342610312661e+01 8.464262192291391784e+01 7.607358739378307178e+01 7.332397648397548551e+01 8.192531987143533456e+01 7.524566175075722185e+01 8.138382925432904358e+01 8.328007362599639407e+01 9.177482698574716835e+01 8.595950104863614172e+01 7.767798922410290174e+01 7.938849449434638927e+01 7.108281496045245262e+01 7.108282590857179173e+01 7.938857236607195489e+01 9.098257566955902576e+01 7.672069533222129678e+01 6.842132544387864357e+01 6.842132544387864357e+01 7.182303112930240729e+01
7.813061968023241044e-03 4.596127739379278765e+00 9.310172947289636625e+00 1.447415074223290432e+01 2.024765343412926200e+01 2.919192534412857754e+01 4.073893072792149894e+01 6.073893072792220238e+01 6.285341384773751372e+01 4.480175696874459135e+01 4.480175696874459135e+01 4.679628536757548574e+01 4.679628536757547863e+01 6.467061463682249212e+01 7.407948866564545654e+01 5.390436718046385778e+01 5.128828157177507308e+01 6.816521895056027347e+01 7.607358739378307178e+01 5.493483993588561987e+01 5.219686974410566904e+01 6.662003690181796856e+01 5.411728215820479448e+01 6.030564126537998959e+01 6.202301787344966755e+01 8.328007362599639407e+01 7.767798922410290174e+01 5.758010475299408171e+01 6.346663882707804305e+01 5.098452917171344012e+01 5.098452918236448994e+01 6.258318349987323614e+01 8.269355336193748940e+01 6.842132544387864357e+01 4.721325191963396151e+01 4.721325191963396151e+01 5.229757293315647360e+01
2.526786264046545528e-03 2.000252678626369018e+01 2.931017294728999190e+01 3.447415074223361131e+01 4.024765343412996543e+01 3.657758505268436267e+01 5.657758505268506610e+01 5.910571947196213927e+01 5.536915184183836658e+01 4.774880025886997714e+01 3.202307301306959886e+01 3.419066447557469246e+01 5.203153953704961054e+01 6.286527005499205245e+01 7.127380753304210259e+01 5.981349461227806330e+01 3.971768661365963737e+01 5.981352345221117162e+01 7.296284997364880098e+01 6.112623572051386134e+01 4.037771893084183006e+01 4.572810818955758805e+01 3.958680661097356790e+01 4.723274065503539987e+01 6.202301787344966755e+01 8.328007362599639407e+01 7.767798922410290174e+01 5.758010475299408171e+01 4.338303297539687264e+01 3.940146171187100066e+01 5.947906888344300569e+01 7.333263957469711158e+01 7.190914208861191526e+01 6.334442374024963840e+01 5.342495283898233538e+01 3.139123144347060901e+01 5.158158987919694738e+01
4.163169627051843593e-04 7.559705777147282646e+00 1.650397768714659819e+01 2.805098307093931709e+01 4.805098307094002053e+01 5.657758505268506610e+01 5.910548943801674682e+01 4.076429895841927475e+01 4.410692771421742719e+01 2.975259933947393520e+01 2.541778797612339602e+01 4.326069956673534733e+01 5.818446237408168997e+01 4.227158599604442202e+01 5.943313400281918746e+01 5.375439646696990792e+01 3.371234273588747499e+01 4.450527553445169815e+01 6.461638911192309820e+01 6.978811508533590313e+01 5.184721243731524964e+01 3.136792991775568495e+01 5.184721243731524964e+01 5.216937738080615361e+01 6.699010500691264269e+01 8.802126758819170504e+01 7.821677953703097330e+01 6.662006977140295305e+01 5.342543256981004163e+01 3.328222973577580035e+01 4.493546945702409801e+01 6.502293782945974954e+01 6.007611833723828454e+01 4.292428600458639920e+01 4.628341487084339434e+01 2.462171826849100498e+01 3.708760682352201599e+01
5.883922493566802643e-03 2.000588392249321146e+01 3.584397702461159696e+01 4.478824893461612788e+01 5.633525431841014353e+01 5.611549200155125305e+01 4.825506322848494989e+01 4.412253207556253187e+01 2.622454783459208727e+01 1.994986032353043015e+01 3.735868881366607042e+01 5.083600986532035648e+01 5.097545928197332188e+01 3.033526652515389799e+01 5.097545593870839298e+01 4.819573363726853188e+01 2.818851542406568100e+01 4.819573363726853188e+01 6.267479317466439426e+01 5.405535561990895133e+01 4.790591064639687602e+01 2.746740169957897493e+01 3.539282562193528037e+01 4.987660272826862240e+01 7.084936268932749215e+01 6.834542511974730417e+01 6.991033692472502992e+01 4.981348114531994042e+01 3.819704346539991491e+01 2.907052305842734086e+01 4.931372344489949455e+01 6.199807581380932220e+01 5.094913616428682701e+01 3.121377366519399388e+01 4.572265813090869102e+01 3.642203516892914905e+01 1.626582282074553021e+01
1.256007409845548732e-03 1.000734235074980560e+01 2.423434492549279895e+01 4.456316583545152810e+01 5.758307721078769958e+01 4.825589260730868091e+01 3.040399095417993536e+01 3.562705674940954026e+01 3.361420972869857593e+01 1.658452886174992358e+01 3.376312209160963818e+01 4.248457783163943446e+01 3.424989772107581132e+01 2.309805162194530581e+01 4.353237110997681469e+01 4.360576355859809183e+01 2.360699614009014624e+01 4.360576355913110547e+01 5.405536393712836229e+01 3.345268941497779736e+01 3.948702200050560407e+01 2.369352648830619046e+01 3.805064702087483397e+01 5.874040832281864510e+01 5.483640713400190947e+01 4.630430004593002735e+01 6.163600296522076150e+01 5.991924739173714443e+01 3.977899355035906837e+01 2.535209797192583991e+01 4.567793731724925266e+01 5.132629313655174741e+01 3.285419191960976093e+01 2.205720706922632246e+01 3.520805492009099424e+01 1.555539957363286874e+01 3.337604734713667654e+01
9.594114293757748102e-03 2.000959408788892802e+01 3.854561407853327637e+01 3.499984642631279286e+01 3.499983968813636892e+01 4.744694109500850487e+01 3.533908289643604661e+01 1.863131368796700826e+01 2.631379939586453176e+01 1.349618920170343195e+01 3.056258964020694080e+01 3.412661406291063315e+01 1.398234300630623395e+01 2.648975794514051785e+01 3.481241325166077871e+01 3.934201223994471519e+01 1.933863623673560284e+01 3.934201248132492879e+01 5.408459929557197654e+01 3.948706810553515112e+01 1.909936299175582164e+01 3.948706810517222721e+01 5.270925313842237614e+01 4.878590579130438698e+01 3.400071457734350844e+01 3.138366737736469858e+01 5.240215012586881471e+01 5.676194098446180902e+01 3.634979475578857233e+01 2.188718124304050860e+01 3.763169753781267701e+01 4.081922835599380761e+01 2.293687984309234906e+01 1.435424822398340261e+01 1.485027680072882816e+01 3.332824116192207953e+01 2.463438638165678540e+01
7.711341127313004785e-03 1.903291352567088879e+01 2.292520506990493345e+01 1.410690374987844642e+01 2.844504477251696528e+01 2.735931378850803952e+01 1.633215770603981909e+01 2.129530572303189118e+01 8.639749446882396100e+00 2.507344307045029197e+01 2.399240061008772784e+01 2.423528556570364501e+01 2.449139094419644280e+01 6.898597833576276983e+00 2.646693313009057036e+01 3.025114895754062516e+01 1.533104542993342001e+01 2.534311831477958066e+01 4.559318861253832011e+01 3.651321555315625034e+01 1.614325387211661322e+01 3.651321555315374923e+01 3.996335848109567479e+01 3.166699044008093722e+01 1.977937999808454705e+01 4.003969345728168605e+01 5.811445888786962399e+01 5.518634464033922882e+01 5.058015072914569998e+01 3.763169753781267701e+01 1.731182614048869439e+01 3.257555053297013359e+01 1.365530158678107497e+01 3.318856736017705344e+01 3.516647441724707335e+01 2.656934740557418451e+01 4.376720613185039355e+01
2.297228869525369630e-04 3.321827883754772115e-01 6.642505048832688663e-01 1.320649464136350026e+01 1.750288129700591000e+01 1.937613567139761406e+00 2.270628083869551617e+00 7.035707355705263844e+00 1.701302154409729539e+01 3.551785197911923486e+00 3.889670726894248087e+00 4.226825641144433376e+00 4.562239517792969323e+00 4.895765000758652619e+00 2.067909535994143511e+01 1.023934741348343280e+01 3.025005305225867502e+01 4.341733763806286817e+01 5.253769777019606835e+01 3.351871521181096369e+01 1.326853240123365829e+01 2.975568101110620489e+01 2.867806549456459919e+01 1.250344126200693040e+01 2.513742534370655690e+01 4.301860957169489552e+01 4.820892423457071629e+01 3.512352623545356067e+01 4.450754301689922698e+01 4.113340423218103581e+01 1.999539760207962402e+01 1.295585232130811804e+01 3.327157738796035602e+01 2.453286859056752789e+01 4.443500354981789258e+01 4.592221003799868839e+01 4.046211099859176130e+01
9.647730019007896146e-03 1.349380517247374733e+01 1.249206598508338928e+00 1.134272680089605023e+00 1.466859025978695552e+00 1.165573257573855770e+01 1.606574402343269270e+01 2.742055675817052229e+00 3.076399913099598482e+00 5.730116392375175671e+00 1.738790851364296941e+01 5.117998549762743821e+00 1.847656028737823775e+01 2.295132236104715062e+01 5.369109249828798447e+00 2.540849178315347245e+01 3.372477635673585894e+01 4.583679197562117480e+01 3.853893639442488706e+01 3.927025162427303684e+01 2.967225566108689350e+01 9.712093228451404769e+00 8.749146942056544418e+00 9.106257206656785286e+00 2.897695095332964499e+01 3.261171696333095582e+01 3.112705107608612209e+01 2.081222325031588127e+01 2.541532167790249019e+01 1.135540972019924943e+01 3.206401893301867290e+01 1.245484459563819257e+01 3.277536929312758218e+01 4.445995811334084635e+01 3.877375505909082420e+01 5.816133527816692350e+01 5.375766578188390099e+01
3.582433992925927561e-03 1.924043799302906521e+01 1.461332321781295285e+01 2.217292465440817750e+01 2.176302835863315721e+01 2.355489881514165873e+01 8.963433863196822671e+00 2.326593746907924398e+01 2.432223779611801717e+01 5.372680450668355867e+00 2.549316237653762940e+01 3.662883569300755937e+01 3.659722306309432582e+01 2.168862759370761140e+01 2.522140453254016279e+01 5.850648929652432884e+00 2.578719164724022406e+01 2.880900979081441093e+01 1.866572115350945182e+01 2.749601888543221406e+01 2.785547630247318196e+01 8.242571382902040611e+00 2.820148290326420693e+01 2.888039519195342919e+01 9.611810058798747392e+00 9.969618765625074985e+00 1.032989720183208426e+01 1.069198615409931108e+01 1.105594485424572326e+01 1.180893587559650548e+01 1.175016659671292629e+01 2.633689022972770388e+01 3.936560432686641064e+01 5.293064548329260077e+01 5.816387185512798652e+01 6.598687000713940165e+01 7.246042433318346809e+01
1.813270376062421294e-03 1.999974502213081706e+01 3.270118714912846514e+01 3.257220535199751765e+01 3.236438791602225251e+01 1.514109045274064158e+01 2.631904241371995212e+01 3.402518605359681203e+01 2.619316504191920814e+01 2.619316533945457692e+01 9.522571398379930940e+00 3.169590606101967012e+01 5.016069393881794980e+01 4.167178123195849082e+01 3.064026045024465716e+01 8.213505452167572329e+00 6.339080533213389046e+00 6.688056305213480712e+00 7.037518550059250089e+00 7.385876630856663461e+00 7.735916903188297944e+00 2.771035904898626256e+01 3.637122981397192234e+01 3.312760184927683582e+01 1.735243052067706770e+01 1.384564496451460336e+01 2.836964217418780976e+01 3.068649094872610661e+01 3.141613920859418130e+01 3.169594388722703826e+01 1.754196454238876157e+01 1.253481401213877433e+01 2.629399836475205632e+01 4.133047388799231925e+01 5.613861833218956576e+01 5.590594158406899794e+01 5.475894455153149920e+01
2.372884694381488524e-03 1.415444914275504473e+01 3.425161126110451448e+01 4.977444131784668002e+01 4.019066731747684429e+01 3.240701997876556106e+01 2.182195589848660333e+01 3.970963458139402036e+01 4.854345562306489370e+01 3.583081848259845259e+01 1.318322140607494575e+01 2.917389027985148076e+01 5.190206482220499140e+01 5.239964459644883021e+01 3.116338177083785155e+01 2.830779340540279065e+01 1.011529842458673301e+01 1.715184061083048661e+01 2.539098409980236681e+01 2.744673695197830554e+01 8.727965711825717676e+00 1.614156407544811955e+01 3.595471900160433165e+01 4.240155617856587611e+01 2.821967088638289312e+01 3.227852216962246246e+01 1.917101402447817193e+01 3.523766445674169034e+01 4.513243840875895074e+01 4.363477723590774104e+01 3.506046988351516802e+01 1.474256580277272377e+01 1.331456772048818848e+01 2.769193878638574446e+01 4.273099279045158738e+01 3.702117853223239052e+01 3.566404504179612900e+01
8.175220331382775790e-03 2.000817522033102591e+01 3.374685890867124982e+01 4.203124376449888189e+01 4.912522968604147877e+01 3.029403943752656758e+01 3.970963458139402036e+01 4.776329135545019255e+01 5.654365750079121256e+01 3.399685013976896641e+01 1.742074556934909779e+01 2.901565807985049261e+01 5.180634327452874288e+01 5.654181176639126960e+01 4.673755180346144300e+01 3.278305599857100106e+01 1.393540647303293234e+01 3.109957267332269026e+01 3.102079893489621654e+01 2.983620089280307752e+01 9.819675238237199011e+00 2.985626212816263347e+01 2.919013692891062206e+01 4.398351391212543149e+01 4.784893557705427725e+01 4.610037928823464171e+01 3.719764261471962641e+01 2.460245684672002042e+01 3.681286627209674833e+01 5.394748886327128190e+01 3.795655538010316121e+01 4.099241165486591854e+01 3.362521052989708892e+01 1.407859371401128712e+01 3.440925349663547905e+01 2.406360022153525691e+01 4.228632124219966215e+01
9.124702163186202558e-03 6.675791368829881556e+00 1.374685918069549828e+01 2.529386457568701019e+01 4.529388462928071846e+01 4.338439969252259232e+01 4.338439969252259232e+01 6.298482413633179533e+01 6.163996955426456736e+01 3.942566032858295699e+01 2.269294355489018145e+01 4.593208086141022051e+01 5.180634327458978561e+01 4.859134282468205868e+01 2.895253705358438268e+01 1.983346947178472064e+01 3.278305600859461322e+01 3.266628518766288636e+01 4.419321219042205939e+01 3.137791332784006570e+01 1.121023974636791998e+01 3.137791294193143798e+01 4.832772094273372687e+01 5.630224463204741170e+01 6.838601192281490171e+01 5.374480167375926953e+01 3.469747976515388643e+01 4.274782524248451665e+01 3.275138232844511776e+01 5.155565576659859772e+01 5.343982386456665523e+01 4.877482272542193442e+01 2.848698565479683609e+01 3.372229603217169824e+01 1.484312995225488230e+01 2.769315774284801890e+01 3.562863806098354047e+01
2.239863785106879172e-03 2.000223986378475161e+01 3.374686909939297408e+01 4.203124376449888189e+01 5.357819428653014882e+01 6.298482413633179533e+01 6.298482413633179533e+01 7.125080014508677095e+01 6.394593639017190867e+01 4.188355921733197107e+01 2.961194806902126331e+01 5.255523823941942396e+01 7.335744290937432766e+01 5.733946667838974065e+01 4.348402256398428278e+01 2.455782279922434341e+01 4.348402256399091215e+01 5.198042248414394351e+01 4.284151069785959010e+01 2.241660432373550194e+01 1.272237766088534805e+01 2.995768352119958067e+01 3.125105144418679615e+01 4.529433500105000121e+01 6.537514431517782043e+01 6.211855414477455639e+01 4.538748656535186399e+01 5.981416051049230731e+01 4.084524589337949152e+01 5.981416051049230731e+01 7.362904282973100578e+01 5.710696525609098728e+01 4.874279960162859027e+01 3.962421285123342329e+01 2.784313338296315266e+01 1.561685727364159959e+01 1.621294073222826171e+01
1.766589122093755728e-03 1.414390221285316862e+01 3.414390221285387383e+01 4.508281314393156691e+01 4.672005942455606942e+01 5.505202661789591900e+01 5.656330761919496553e+01 6.489939515587666108e+01 7.251266064500286745e+01 6.129652863691102738e+01 4.033310094720533101e+01 4.619612028417972027e+01 6.790750705174787072e+01 5.228044554996636606e+01 3.261106022341557065e+01 4.348402256381471886e+01 5.197157009081151102e+01 6.280799252250528752e+01 4.284151069783064969e+01 4.123666264726028885e+01 3.289745169179821715e+01 1.491578635347456228e+01 3.510145997035306209e+01 5.353806551661950408e+01 6.190070719212019412e+01 7.366128334498075958e+01 6.516110641927515701e+01 6.858484884265558890e+01 5.437320185503214987e+01 6.858484884265558890e+01 7.409434968513721742e+01 5.415604194295021045e+01 3.994521440632991016e+01 3.808911248379018843e+01 1.768087822594642233e+01 3.676358244566985434e+01 3.674934746752253290e+01
