LEM/sinusoidal_perturbations/elevation_000442.asc
nrows	100
cellsize	150.0
xllcorner	0
ncols	100
yllcorner	0
NODATA_value	-9999
[rows 0 to 16 of 100, columns 37 to 73 of 100]
1.158853897752318147e+02 1.075705434367553579e+02 1.075705434367553579e+02 1.057005023779304764e+02 1.057005023794354770e+02 1.140114367755382716e+02 1.255163830766163215e+02 1.171887018841198653e+02 1.197321153175748520e+02 1.114188060080484917e+02 1.132661687402032555e+02 1.191787215488140390e+02 1.209196555736865406e+02 1.292352925778584165e+02 1.160746110847659480e+02 1.077560715145244927e+02 1.098347044548617504e+02 1.015162348582165635e+02 1.041224400810601054e+02 1.124406976169241545e+02 1.145809303480965298e+02 1.063027979249664128e+02 1.063027979249664128e+02 1.086471782599770250e+02 1.086471782599770250e+02 1.169300975655620363e+02 1.170461090372801181e+02 1.086997983318786538e+02 1.170461090372801181e+02 1.149693399568299839e+02 1.066216983481170928e+02 1.149693399568299839e+02 1.216970544413234450e+02 1.133525690398283956e+02 1.159776030553226036e+02 1.243156207337557930e+02 1.252748863855681947e+02
1.075705434367553579e+02 8.766830101920987772e+01 8.766830101920987772e+01 8.581521121306120392e+01 8.581521121306158761e+01 1.057005023794354770e+02 1.138595059905007219e+02 9.696298222129198052e+01 1.081007592540187119e+02 9.124122794523502478e+01 9.307389999309941686e+01 9.898813675530011835e+01 1.006709339843563811e+02 1.209196555736865406e+02 1.077560715145244927e+02 8.779481205632637852e+01 9.364132959060853523e+01 8.165651279026246812e+01 8.422131414192779175e+01 1.041224400810601054e+02 1.063027979249664128e+02 8.641526171428466796e+01 8.641526171428466796e+01 8.875834440423885496e+01 8.875834440423885496e+01 1.086471782599770250e+02 1.069713882717297508e+02 8.855049554975400383e+01 1.069713882717297508e+02 1.048990029644234454e+02 8.648612565217273129e+01 1.048990029644234454e+02 1.100526042236188005e+02 9.317409307271027785e+01 9.578958771343584999e+01 1.159776030553226036e+02 1.170759739122718912e+02
1.075705434367553579e+02 8.766830101920987772e+01 7.362639586901623545e+01 7.175962964039729286e+01 9.163947814982350337e+01 1.043707775132680098e+02 1.055113771922322741e+02 8.541930271182893364e+01 9.477133975320457182e+01 7.978976679866202915e+01 7.902102230175358955e+01 8.645819191385238867e+01 1.066016472275127569e+02 1.095686224098799642e+02 1.012589860238891930e+02 9.364132959060853523e+01 7.396247855864027088e+01 7.045578740696166165e+01 8.312254125818159878e+01 1.029536951737550936e+02 1.049538502274113085e+02 9.224018620928565326e+01 7.220752351632842192e+01 7.458791672084036861e+01 8.875834440423885496e+01 1.086471782599770250e+02 9.862514694081630751e+01 7.851911644579485028e+01 9.862514694081630751e+01 9.655391200014489073e+01 7.645252866017614224e+01 9.655391200014489073e+01 1.017025205083763950e+02 8.160290503129590434e+01 1.017025205083763950e+02 1.148506981748174667e+02 1.157213335815514768e+02
9.980867166460745921e+01 1.017768453972209528e+02 8.461089030367307373e+01 6.460107505576725373e+01 7.621174406769135601e+01 9.608433743212457046e+01 1.138595059905001818e+02 9.477171163577312996e+01 7.495867390498519001e+01 7.116329278013874671e+01 9.083667140392695671e+01 1.066016472275127569e+02 1.095686224098799642e+02 9.807477651304886024e+01 8.141456478046170275e+01 9.807477651304880339e+01 8.312254125818159878e+01 6.366183732311029075e+01 7.733855077444474091e+01 9.708632952865607990e+01 9.669011873866806184e+01 7.671515906071213919e+01 6.485318108607982879e+01 8.515757039158485497e+01 9.882408304361953810e+01 1.070993633617783019e+02 9.192313677580902720e+01 7.180439863368442843e+01 8.334447800766527337e+01 8.163756507162165121e+01 6.972872285461095032e+01 8.985345088682200299e+01 9.564225842038587189e+01 7.554855802836036105e+01 8.637431290043926424e+01 1.065099363316161458e+02 1.075075748892711545e+02
7.987133721316445190e+01 9.398869554878091037e+01 8.043855540186562791e+01 6.034002560392024606e+01 8.043855540186562791e+01 9.371455573112417881e+01 1.052214588903125048e+02 1.031101195055585862e+02 8.632331484534655885e+01 6.684775103429885235e+01 8.048407894310025767e+01 1.004204773544456515e+02 1.012589860238891930e+02 8.141456478046170275e+01 7.019329664844761396e+01 8.055826502926028354e+01 7.887586750296311777e+01 5.945110291305947214e+01 7.311782537041976582e+01 9.277701091206505168e+01 9.668573274370143622e+01 8.082866004647021896e+01 6.031117008054240358e+01 8.082866004647875968e+01 7.878342877900098529e+01 9.882408304361953810e+01 9.757618936823800482e+01 7.744951014633682007e+01 6.318266474365496066e+01 6.146500752721374994e+01 8.163756507162165121e+01 9.819410467062941450e+01 9.006926864521201992e+01 6.995156592602283752e+01 8.417388087453251444e+01 1.043019937566351842e+02 1.089934350091962045e+02
6.569265669185367074e+01 7.943041531110596054e+01 7.649690941593301829e+01 5.633459264035802505e+01 6.543722361815959232e+01 7.703541765717045564e+01 9.693124370086219699e+01 1.021008304533885678e+02 8.298328320689938664e+01 6.362337832377757252e+01 7.717678363053870783e+01 9.700141323406286631e+01 9.561610262701012175e+01 9.448840847268036214e+01 7.478821068919305048e+01 6.109334725948877320e+01 7.320121764224070660e+01 5.556127546402971262e+01 6.925229251994217350e+01 8.884517380373593198e+01 8.841212110021119486e+01 6.816971424498852627e+01 5.605298022038448380e+01 6.427256351626644459e+01 8.465320051369272392e+01 1.026996381183666358e+02 1.034810026831194136e+02 8.334447800766527337e+01 7.642903311029476754e+01 5.625753049764981029e+01 7.642903311029476754e+01 8.797039935985847592e+01 7.962981810636262026e+01 6.542391775758542849e+01 7.967638999077738049e+01 9.980121089031818826e+01 1.010811498637698094e+02
5.555803594471056783e+01 5.932549486219945578e+01 6.822709636354009888e+01 5.279211033281917054e+01 6.712424820277280446e+01 8.714127827940926352e+01 9.483243429275975700e+01 8.655875813545712560e+01 7.406741920559458947e+01 6.054971560835294042e+01 7.984269192380300240e+01 8.988891947364209045e+01 7.585435851790239781e+01 8.988891947364209045e+01 8.878094989151473726e+01 7.320121764224070660e+01 5.374016908375719481e+01 5.183905691145004369e+01 6.559321429853481789e+01 8.514246727915509894e+01 8.725360590920584514e+01 6.693535690567527752e+01 5.216632182718666400e+01 7.288643425697264888e+01 7.427318223507568007e+01 9.442111267647752015e+01 9.889499156790279244e+01 7.875625211166668294e+01 6.450177744850853401e+01 5.289401535820460509e+01 7.115480735067760065e+01 7.442197004381844749e+01 5.945990929055032836e+01 7.112094574948275749e+01 9.125315390281924977e+01 1.010811498637698094e+02 8.121744681875000538e+01
4.649046364926293506e+01 4.501010501844560707e+01 4.801523339208714702e+01 5.709689680482946983e+01 6.878462359214501021e+01 8.877023154030314345e+01 8.655875824685107034e+01 6.704060462701583845e+01 7.275733934825107951e+01 5.759570260999336710e+01 7.686572104851308040e+01 8.113602451904182544e+01 6.220983529690921188e+01 8.113602451904182544e+01 8.345983235140565171e+01 6.848122006624632263e+01 4.890761452598487580e+01 4.822681518659859989e+01 6.209965482865408148e+01 8.163131779317302517e+01 8.717505621396608717e+01 6.956856090695708872e+01 4.890562370538261661e+01 5.739018576812232197e+01 7.206106528486770912e+01 9.223674543236630541e+01 8.617206903593729805e+01 7.782790717203918973e+01 6.979678187066383543e+01 4.974601685780523042e+01 5.107747103536483735e+01 5.428182658824398032e+01 7.442197004381844749e+01 8.797039924248322507e+01 9.959480248251365708e+01 9.891069625403342513e+01 7.904355258513444937e+01
4.090986960796075778e+01 6.108996896180646985e+01 6.822709636354004203e+01 7.652445298609735858e+01 8.550920105973800389e+01 9.704745274510688091e+01 8.655875841675413085e+01 6.704060462705385248e+01 5.346799080296251105e+01 6.898919020651567280e+01 7.714265386733904961e+01 7.295191462667908411e+01 5.357792313190472555e+01 7.295191462667908411e+01 7.526619377779971387e+01 5.573651241661900002e+01 4.418006312607963793e+01 4.467402345813929543e+01 6.446008388818120238e+01 8.135655409629363533e+01 6.725587908189007180e+01 6.655456588069320389e+01 4.601062071408536980e+01 6.655450603217647654e+01 7.285064961857727894e+01 9.307875916219703072e+01 7.782753613654664093e+01 5.773431470327115278e+01 6.361939652158122982e+01 4.668936501279204521e+01 6.666537846986122418e+01 7.442197004381691272e+01 6.852101256902489013e+01 8.866814161045193998e+01 1.032899862737666297e+02 9.494972300121106912e+01 9.307404787609983998e+01
3.850275310215663183e+01 5.866056031930398973e+01 6.770672112731915604e+01 7.442683965027570991e+01 8.271129791296895917e+01 9.272000706018259564e+01 8.869368659905909169e+01 6.915565538326296746e+01 5.633405747611020331e+01 4.959679139747798615e+01 6.553396593196983133e+01 6.321303553862669133e+01 4.727523217037772696e+01 5.880214848206554024e+01 5.668724643156260612e+01 5.626980467518295370e+01 3.971059202971949276e+01 5.985991790344571228e+01 7.261209735540568033e+01 7.195792443913872205e+01 5.326251000440176142e+01 5.981867151973959551e+01 4.325496166817982413e+01 5.227551233167784517e+01 7.285068868720354374e+01 9.197636833103518939e+01 7.781462457469220340e+01 5.773410541110652616e+01 4.368080617262946674e+01 6.361939652120712907e+01 6.295563691405696005e+01 8.295298080395888007e+01 8.866814161045178366e+01 9.700922712680791449e+01 9.164494306760606435e+01 7.476557238600940991e+01 8.221275057841387479e+01
3.614527480826011185e+01 4.169580843471366194e+01 4.750662289007900796e+01 5.426648408140737700e+01 6.441110262450796142e+01 8.444257667604335893e+01 8.869368678130325634e+01 6.915565538329674666e+01 7.487821228463835155e+01 5.983845661976863539e+01 4.597745882301475717e+01 4.347087844264289913e+01 4.096790467144436576e+01 3.862726843029292922e+01 3.633470182285969230e+01 3.581939031656643380e+01 5.626919385200006474e+01 6.800671887793194514e+01 7.312648199291884055e+01 6.362269618038421726e+01 4.346600950544996067e+01 3.963917138235333226e+01 5.529258303980660116e+01 7.095346171778433586e+01 8.120406281424286021e+01 7.778243417416670979e+01 6.356920460041134646e+01 6.157388784614864363e+01 4.166238680100151726e+01 6.157392945109262428e+01 7.819834560966027937e+01 9.115736792599685145e+01 9.289143550191582221e+01 8.454600165793553401e+01 8.258054584219347305e+01 6.298080079357859518e+01 7.321973004980013400e+01
3.794568546558048183e+01 5.865139249673556066e+01 6.770672112731945447e+01 7.442683965027485726e+01 8.271129791296895917e+01 9.272000706018259564e+01 9.714098713752892422e+01 8.869368678130325634e+01 8.750596103610388354e+01 7.367221115250640651e+01 5.733340348385919327e+01 5.751207842808430826e+01 6.093340759600831547e+01 5.880214847049246885e+01 5.375252101311446751e+01 3.317515301607038936e+01 4.792915243887623689e+01 6.775618410241916934e+01 5.282380173536093793e+01 5.283053296747008432e+01 3.613531449873671164e+01 5.620815821354560882e+01 6.790588957573005757e+01 7.827985596830923498e+01 7.665029952809410929e+01 6.945827163736586840e+01 4.946983765810141875e+01 5.681660436051977570e+01 3.976155918641922682e+01 4.955391985370221164e+01 6.970869229629768427e+01 8.879775872648814072e+01 8.454600165793488031e+01 6.450002135340817233e+01 7.037135304907192790e+01 5.377494348542595759e+01 7.296857314015196039e+01
5.865139249673556066e+01 4.955840212603379058e+01 6.232552854839649115e+01 8.302143618404919323e+01 8.505728346004869422e+01 7.674795975558035366e+01 7.845668787779389675e+01 7.014877934117025404e+01 7.845668787348354556e+01 8.494431481343255541e+01 7.673614245981326576e+01 7.697636349237335196e+01 7.608538577459455610e+01 5.641432318248817523e+01 4.210479468193524610e+01 3.153155275693151793e+01 4.989875206136390062e+01 5.808238659000871706e+01 5.214415688813561189e+01 3.278718130815867937e+01 5.022231226490038836e+01 5.179749164765379277e+01 5.175847491924805865e+01 5.603665613269270551e+01 5.716118930801058440e+01 6.248299596259786171e+01 5.421791414644116003e+01 3.731866354385594065e+01 5.265985438706606914e+01 6.652161234457676642e+01 7.786715787263628386e+01 6.829794642532660021e+01 7.241918090009326647e+01 7.035774876932397603e+01 5.043229368618602848e+01 4.652642639577350536e+01 6.039547358027024160e+01
7.289410160529604354e+01 7.107264833948143234e+01 7.949393355143453732e+01 9.133838094302015520e+01 7.674795975558033945e+01 5.672406479963159853e+01 6.258892784646160123e+01 5.014729260693247426e+01 6.844780519276116593e+01 7.371120686639793007e+01 6.539388286196059141e+01 6.916216016195693328e+01 7.743297592101538385e+01 7.034935142255126550e+01 6.036557742296847096e+01 4.989792430908011056e+01 2.928204744372287749e+01 4.770540874486077598e+01 4.784372939157550064e+01 4.163283861572126909e+01 2.946277832666432772e+01 3.004702163188742858e+01 3.063707346178055602e+01 5.053601819474125278e+01 4.338603998810719986e+01 5.235887640211542049e+01 3.505102762803186067e+01 5.421791414640739504e+01 6.270646737612163690e+01 6.381761689369798773e+01 7.122268161802713848e+01 5.401019137756099298e+01 5.183125821958145707e+01 5.824066738064957605e+01 5.644250128101343478e+01 3.997332625852425281e+01 4.058467292138104199e+01
7.489360656524029025e+01 8.866001020012653555e+01 8.036121564358703040e+01 8.866001019997757737e+01 7.674795901549613575e+01 5.672406479937752266e+01 4.260847653522435508e+01 4.017437635413416075e+01 6.014803597209390063e+01 6.210988678628206827e+01 4.529392412105902110e+01 4.916449077244218557e+01 6.588732640285034847e+01 5.805920758043605900e+01 5.366554160106593940e+01 4.699792607690844903e+01 4.443773469508312246e+01 2.710595556130789774e+01 4.717674056610699296e+01 2.866783360652243218e+01 4.449846339913006688e+01 4.309516566358597345e+01 4.847818713869312290e+01 3.148010364478118461e+01 3.208350054182066913e+01 3.268697916689134786e+01 3.328809188747995051e+01 5.296205136008069303e+01 4.681016318811647636e+01 4.575845023037388870e+01 6.189991455642982743e+01 5.631274591307244748e+01 3.793842911701134568e+01 3.853017119976295390e+01 3.912342691935305794e+01 5.886520370594715956e+01 6.039532882448202145e+01
6.657781214170412909e+01 7.868541572406350326e+01 6.044759662632744579e+01 7.868541572394556738e+01 7.642617849305328548e+01 6.487560902580817412e+01 5.259870223788986721e+01 3.263737717770553814e+01 5.259795356090839391e+01 5.289030542912774280e+01 3.369644621993690237e+01 3.764456301796408866e+01 5.257751479733568090e+01 4.037235023778723786e+01 2.535746555107532529e+01 2.586850260746059149e+01 2.638021419334912920e+01 3.539796476410884196e+01 2.788137396548643565e+01 3.327364898804462712e+01 5.219640742498938835e+01 5.905138884441263514e+01 5.474289477871048604e+01 3.564543848060576181e+01 5.179534526499695346e+01 5.237261883569029663e+01 4.936208383534147970e+01 3.417483818483346170e+01 3.479708197150391413e+01 3.541126159998050582e+01 5.472163519654311159e+01 3.710055026752058893e+01 5.594545250268672021e+01 5.820478387430230072e+01 5.008029578630780776e+01 5.859740261144702345e+01 7.827724182686851861e+01
7.489360656524029025e+01 7.040440613495717059e+01 5.052905932019003643e+01 7.040440613371762879e+01 6.812403200414308913e+01 4.813325991782019031e+01 3.668529130454219711e+01 2.794712246735714700e+01 4.215285788962066249e+01 4.201777118582342752e+01 2.338572100588795166e+01 4.407067104595918750e+01 4.183378056962916958e+01 2.463776077784544682e+01 2.863508528405952092e+01 4.072158971990899801e+01 4.415348466310928899e+01 4.986799977974956022e+01 3.649861964002097636e+01 5.254572521797283713e+01 4.180170533978661496e+01 6.136577694223411328e+01 4.482716940269361316e+01 5.531753028508579462e+01 4.394471909359791795e+01 6.376920156842044207e+01 4.787259033676882325e+01 5.381384257134354954e+01 5.441711430558080309e+01 4.224288907016750017e+01 3.626120348876526123e+01 5.589910638986535929e+01 4.301035790252870328e+01 5.693251961091898750e+01 6.855603851045859187e+01 7.650427782966968948e+01 8.027455932539795924e+01
