LEM/sinusoidal_perturbations/elevation_000496.asc
nrows	100
cellsize	150.0
xllcorner	0
ncols	100
yllcorner	0
NODATA_value	-9999
[rows 17 to 33 of 100, columns 0 to 36 of 100]
5.222468517465790779e-03 1.155194844252000053e+01 2.568611883817224495e+01 4.558250840127890058e+01 5.514978427331537603e+01 6.288020407662277478e+01 5.496054124759352533e+01 3.265507744115200950e+01 2.466274960877885292e+01 3.841727617669577821e+00 2.312895880575798202e+01 1.951698872863270751e+01 2.960300106780506724e+01 3.165958821846499660e+01 1.700392515443449426e+01 2.143504733383040417e+01 2.598479094187099392e+01 3.080316770517101332e+01 3.605861754371056804e+01 4.524444555054630968e+01 5.618136707325737689e+01 7.578673936026500257e+01 7.983477280174786017e+01 7.142412800019792485e+01 6.315307780887651035e+01 4.960499195204952372e+01 3.075454407795747613e+01 3.672045921591234929e+01 4.618836787498084817e+01 6.625821087913416818e+01 8.280647606346445855e+01 6.973781392090909037e+01 6.140979817479036029e+01 5.006549810856193261e+01 2.990228552165451958e+01 5.007010466216016908e+01 5.340168253246613261e+01
7.333276091007126865e-03 1.414946889982208234e+01 3.414946889982278577e+01 4.294671347102374881e+01 5.300019834909637240e+01 5.759592927413093122e+01 4.887608827772108100e+01 3.434597486415597700e+01 1.320367196179276981e+01 4.144705854768353070e+00 2.387308405062853467e+01 3.732787243767054264e+01 4.457190132021372619e+01 4.059063664038087893e+01 2.180010285171692530e+01 4.022788559971579048e+01 4.462032739798075909e+01 4.942966947300926961e+01 5.485600897167229562e+01 4.918818726442086131e+01 6.853934096493014749e+01 8.409350979212125310e+01 7.142412800019792485e+01 5.150040266795779331e+01 5.733248344240529804e+01 4.630844944055532153e+01 2.752915762153548229e+01 4.630778127149009293e+01 6.462745001011371926e+01 7.476104066395215852e+01 7.030703553880245238e+01 6.142061288039747069e+01 4.122610608333420856e+01 4.708796732183601819e+01 2.868596288117480952e+01 3.366155189359995603e+01 3.905872182406853454e+01
6.343274376862209282e-03 7.077411086596068657e+00 1.463670056676340003e+01 2.463670683619340807e+01 4.464914917450471421e+01 4.892875347269942665e+01 2.852554349676415413e+01 3.419702495925736230e+01 2.430484770066220435e+01 4.442844892646813371e+00 2.415583625064102336e+01 2.973504987757834073e+01 3.708460392405974915e+01 4.795926029872910590e+01 4.059064586395236063e+01 2.923269449054739866e+01 3.844399561416426536e+01 4.920618192854524864e+01 6.858670264727234667e+01 6.853934091712764598e+01 7.679576233372294780e+01 7.485664740585622212e+01 6.669331401333198528e+01 5.732999714457213258e+01 3.804149774143628804e+01 3.109210446793129279e+01 2.455603794079658186e+01 4.324911152654051705e+01 5.865634844740380061e+01 6.783355983182968885e+01 6.196362800113425351e+01 4.177140172057752920e+01 4.547680690217015353e+01 2.699675991403303854e+01 4.122612672181983839e+01 5.390393625331197569e+01 5.932043990825152946e+01
3.497053469895897767e-03 1.414563267720097173e+01 3.414563267720167516e+01 4.294671339818665246e+01 5.300019868747934026e+01 4.610324424401390786e+01 3.443004980029438400e+01 1.394372353179436175e+01 4.865047120491170496e+00 9.202237074495910107e+00 8.150475547158716694e+00 1.108635394077846215e+01 3.050090550755036034e+01 4.624078828816006137e+01 5.597561134123804294e+01 4.232661715596504592e+01 4.091916909367248678e+01 5.996858003648996061e+01 7.684917505598468779e+01 8.045229112166775565e+01 7.215843953509853748e+01 6.320772329911533660e+01 4.642780284395277590e+01 4.934275899660471509e+01 4.092685568500710502e+01 3.860719180294985620e+01 2.141180627156460403e+01 2.457127182082962591e+01 3.601344167910175997e+01 5.788896650596038995e+01 5.218749130252181345e+01 4.383046774994408423e+01 2.529730749130806444e+01 3.955968574970567175e+01 5.545694973390650517e+01 6.977176757954183017e+01 6.910758121529117659e+01
9.635555453094322986e-03 1.155664093924550961e+01 2.569877656297493829e+01 4.569877654547826751e+01 5.175045941008468020e+01 3.175100417455681523e+01 1.948462055103405177e+01 1.240309720456281894e+01 5.165274111623588738e+00 1.891328850814786477e+01 2.634671523131802218e+01 3.050047765249740905e+01 1.771307349915547746e+01 3.785816409722865927e+01 5.531643390937219351e+01 6.142592119626120706e+01 5.425070849803989859e+01 6.815652899434346068e+01 7.053674056362233102e+01 6.888650696374460836e+01 5.212202449614088806e+01 5.499030875502357674e+01 3.493057750313235488e+01 4.046870634536110600e+01 2.182721755257636076e+01 1.804030267283994604e+01 1.838808223228281946e+01 1.874238822472280930e+01 2.006304145722350896e+01 4.618267261677129909e+01 4.219602044664734564e+01 2.356485398838088940e+01 4.383046774990651784e+01 5.380831215599695128e+01 6.793368736835238053e+01 7.315966314829687178e+01 5.873884626964187561e+01
8.845047570523793118e-03 2.000884504757016913e+01 3.299924688965233344e+01 4.128359873229561572e+01 5.128369498795573378e+01 4.338450933813413712e+01 2.800678964379291003e+01 1.350287518194897451e+01 5.467027338346341025e+00 2.639759956074561487e+01 4.014204481167463001e+01 4.621030184484715164e+01 3.785816409722865927e+01 2.667227432632850181e+01 4.097662370455663705e+01 6.124244582906604961e+01 7.377274305252319664e+01 7.053674056361410294e+01 5.060887715897861483e+01 5.426570822852890785e+01 4.066001666551335347e+01 5.575768644293281540e+01 4.318269380323546613e+01 2.417562864469010719e+01 1.755435002343807227e+01 3.796728876456383972e+01 3.879117095192583520e+01 3.144841252156357569e+01 1.924897182589983302e+01 3.978707519854069119e+01 2.172922162164062243e+01 4.219602044651864503e+01 4.012629763578017617e+01 6.034369519072483001e+01 6.847781054533463418e+01 6.008536720848844226e+01 4.383060409125217660e+01
8.023991185656003874e-03 6.332579311522441579e+00 1.299924597818916716e+01 2.299924597818971250e+01 4.299924896439317479e+01 3.800669340524353856e+01 2.360963481518455964e+01 2.349868357525121709e+01 1.043662900658458170e+01 5.893661691084283838e+00 3.481675515777391183e+01 4.573687059928136023e+01 5.527618664827990358e+01 4.691234440730505639e+01 4.097734128382521135e+01 6.127579905597549015e+01 7.986357956127102398e+01 7.160111724409875933e+01 5.426570822850050746e+01 3.464532700619505334e+01 3.203564358692165825e+01 4.288195072760154858e+01 2.673900468969506150e+01 1.707594678844716896e+01 3.766192397788850599e+01 4.589480938757426287e+01 4.368029728822229885e+01 3.958365248264463077e+01 1.962393041936985227e+01 1.999139271378063754e+01 4.056385157139304454e+01 3.627776856242857662e+01 5.648405568783829978e+01 6.872802404138427335e+01 5.780172065342623711e+01 4.195371114756018471e+01 3.110558422546615631e+01
4.598823041778624977e-03 2.000459710590602214e+01 3.299924656208554552e+01 4.128359873229561572e+01 5.128370371565024044e+01 4.148769219129949448e+01 2.947332022696680198e+01 2.542266639970570452e+01 1.001791847371602628e+01 6.194345902329592590e+00 1.340299005624719975e+01 3.703337883405985309e+01 5.538823004871117917e+01 6.396306170851000417e+01 6.127154991941944218e+01 6.973477412465945235e+01 6.832218394429037289e+01 5.159304940027187314e+01 6.253500823515745566e+01 4.376758002698312566e+01 2.393443199282410916e+01 2.340772467683860114e+01 1.660255614610423081e+01 3.708548670219955312e+01 4.594468971855297923e+01 4.377819141459742269e+01 2.383080294741237282e+01 2.015779317351757882e+01 3.969371183530397929e+01 3.918285013193850119e+01 4.892387792193677143e+01 5.648400888157097910e+01 6.483627266690406543e+01 6.293274431938117885e+01 4.438600669898561080e+01 3.446539168113079654e+01 3.572914454144579821e+01
7.340434288523949372e-03 1.000734043428861142e+01 2.155434581808133032e+01 3.569648144185810423e+01 5.569648164812065261e+01 4.075467285422439545e+01 2.007117630074406378e+01 1.384223470742422002e+01 1.431241206772639707e+01 6.494511502692377647e+00 3.293071828476573870e+01 2.539654209036512000e+01 3.373909207821628087e+01 4.659309751998178939e+01 6.775076538972352580e+01 7.159391486426099505e+01 5.159301754303309906e+01 4.007054657807594111e+01 5.063227471312971062e+01 3.930817289210383336e+01 1.845285065946904624e+01 1.613338585222912158e+01 3.669440707614813846e+01 4.525968610795819558e+01 5.230780337683666659e+01 4.097099184378036796e+01 2.069627358822282304e+01 4.026520989453114652e+01 4.775866735667948859e+01 5.587408350936517110e+01 5.807890311171583875e+01 6.242985937429042309e+01 7.118717060641091621e+01 6.932135054911138639e+01 5.471043244143298523e+01 3.012922951257236193e+01 2.604913890627552675e+01
3.515918393995972821e-03 1.414565154212507103e+01 3.414565154212577625e+01 4.707674488098795251e+01 5.732949533316017465e+01 3.771698983154757912e+01 3.673581416260431354e+01 2.978311821003111248e+01 2.214912807153962149e+01 6.793683683193174616e+00 2.873427941893647031e+01 4.028220089958884387e+01 5.538823004871107969e+01 6.396306170850993311e+01 7.592439949293121515e+01 7.983176583666224246e+01 6.832218394429037289e+01 5.063227499955932842e+01 3.061767441975209181e+01 4.277231056943607257e+01 3.627308614331013814e+01 1.581116559779496100e+01 2.361161167349999701e+01 4.472691095502663927e+01 4.404613667629226370e+01 2.450660372354775873e+01 2.107818963981273441e+01 4.110721037460820781e+01 3.657507309924677230e+01 4.587900736252857570e+01 4.352475606794826035e+01 4.129543698938560681e+01 5.130113615092239598e+01 5.706202118977625304e+01 4.311875034770176285e+01 4.478085361941296583e+01 2.567799831548321521e+01
4.608085242692564441e-03 8.948834981564308677e+00 1.894788871091127191e+01 3.306527264580537917e+01 5.282543997817834480e+01 5.644845371394110600e+01 4.581810707180855502e+01 2.464599555755792082e+01 7.216977047181307725e+00 1.453154359261508333e+01 1.205798288684902886e+01 3.122718761169468138e+01 4.848774953619462025e+01 4.848783550955063504e+01 7.095544617248299346e+01 6.654408033174711079e+01 5.826881441094197811e+01 5.891102137867734001e+01 4.278250498346909581e+01 2.254120468632559238e+01 3.564367427077257844e+01 1.549710092869924161e+01 3.609556251968096063e+01 5.350536583147969338e+01 5.272731106466713413e+01 4.360580676752164919e+01 3.360720164518114927e+01 2.161605164567269455e+01 3.619902220108275515e+01 3.318742074978538881e+01 4.120365659304268746e+01 2.341127681724298171e+01 2.513787967968631776e+01 4.374087072770451101e+01 4.432188458350804439e+01 2.515504067622090290e+01 2.945925227673895108e+01
1.610643649003322799e-03 2.000161064364864671e+01 3.299324426544306021e+01 4.127751551290525356e+01 5.127751551290342746e+01 5.557172804452109460e+01 3.672773159317537051e+01 2.903301616149377296e+01 7.516412645829689154e+00 2.242409497060437218e+01 2.212655320159674233e+01 1.867985266026340341e+01 2.560156868797743357e+01 4.182369610378745506e+01 6.457649124450814782e+01 5.826881441094197811e+01 3.820392237161826898e+01 4.408079314942185789e+01 4.288140282635701794e+01 3.330907668697496860e+01 1.505485043683728286e+01 1.569652021482049520e+01 3.654268871370188521e+01 3.993856522590635905e+01 5.960082139640121568e+01 5.691344222733113156e+01 4.332747312195454725e+01 2.543964104674418181e+01 2.214868850860212390e+01 2.252233245106202020e+01 2.289282904595501478e+01 2.798427029698606816e+01 2.392054520960011388e+01 2.427426112103045952e+01 2.463871380093646835e+01 3.303305634411322700e+01 4.776954596349010984e+01
2.022278438842990342e-03 6.326577598775628530e+00 1.299324426544235322e+01 2.299324426544253086e+01 4.299324426544323785e+01 5.115846208084933266e+01 3.117196735657838147e+01 1.692164056069625389e+01 7.816186565231536321e+00 2.483119334615911100e+01 3.784647216286967364e+01 3.298328321754252812e+01 4.848774953629497730e+01 5.766052329215403205e+01 6.662198778389273457e+01 5.602178161216566110e+01 3.581770290633995302e+01 2.381245270091433497e+01 3.248844638528480999e+01 1.461544892036263832e+01 3.514974196273814044e+01 3.654277342610129153e+01 1.957819134634356928e+01 4.002017099203496286e+01 5.187177524354503788e+01 6.347884052150093481e+01 5.665467123937386162e+01 4.899973994223788765e+01 3.257139700121944514e+01 4.380138113043337711e+01 4.237269235574613191e+01 2.837178745328114005e+01 4.320445181087362840e+01 4.073146870945326725e+01 2.517748488080042435e+01 4.454854519931126333e+01 4.316259538593091349e+01
6.642187732006160465e-03 2.000664218773165004e+01 3.299324426544306021e+01 4.127751551290525356e+01 5.127751551290543119e+01 5.303548667030577946e+01 3.135792563170391034e+01 1.796071482649160345e+01 8.116432520871075695e+00 2.051323216080819734e+01 3.484124514551631790e+01 5.229759616771196562e+01 6.544164618905951158e+01 6.662198778389610254e+01 4.668032133319258747e+01 5.033142381892668737e+01 3.580855050166717035e+01 1.421410532435305107e+01 1.418309111943568013e+01 3.468313481389006370e+01 3.517425827301930497e+01 4.830006256210185001e+01 4.002017099203496286e+01 2.347728471464992950e+01 4.360351217225249343e+01 4.363230679474835938e+01 6.347884049636077464e+01 6.366325765365074574e+01 4.805564431410771675e+01 5.582568311560687135e+01 3.523725468845883313e+01 4.731065547591858689e+01 5.418184928778173060e+01 3.736354798544530098e+01 4.469396370049935285e+01 2.663517676628289621e+01 2.783329170935979491e+01
1.591255364720534126e-03 8.166557064642052666e+00 1.816655706464223030e+01 3.230869268837368224e+01 5.230869268837438568e+01 5.279518998310395972e+01 4.296407847402701208e+01 2.725441425158819797e+01 8.416967751106493978e+00 2.855190834752383822e+01 4.463326231012079859e+01 5.493469145946829713e+01 6.321366701034784086e+01 6.443504240892768564e+01 4.450124234323676831e+01 3.035094994847644401e+01 2.382251510685305718e+01 3.431077265006107524e+01 1.388347147222149403e+01 2.849060185396257694e+01 4.845097932871824042e+01 6.336796231920848754e+01 5.187177524354508762e+01 4.360351217225249343e+01 2.735537431566061528e+01 4.730511690823686877e+01 5.958465257144663241e+01 6.956230102666927451e+01 7.046962449884009061e+01 6.282147987543216061e+01 4.183408960087327699e+01 6.282147987543216061e+01 6.489448166369510318e+01 4.855450454483799660e+01 5.477040464272201348e+01 3.794452173323801247e+01 4.726947055009416232e+01
6.189296070378335485e-03 2.000618929607002272e+01 3.645082831210495300e+01 4.645082831210513064e+01 5.861584500462677028e+01 3.879501580200413002e+01 2.414639101814222144e+01 2.738451987929535036e+01 8.717495743838378885e+00 1.874541396895804368e+01 3.768197632095741767e+01 3.515506154014660467e+01 5.493469145946829713e+01 7.028516209285032801e+01 5.033907009686415535e+01 5.033960055900796959e+01 4.287183408486632175e+01 3.072958186160660432e+01 1.358669522013297026e+01 3.393799492890224201e+01 5.133136991703690200e+01 5.981331144510048858e+01 6.336729803866110444e+01 4.361392313321086789e+01 4.730511746870890022e+01 3.142360047087714037e+01 4.134292026636625650e+01 5.545707462910743857e+01 7.541984754754093956e+01 7.108311677752479341e+01 5.262462513010736842e+01 7.108311677994390720e+01 7.593517495990445809e+01 6.796962029179195497e+01 6.702026991975156989e+01 5.830493691374236676e+01 5.128110671476119364e+01
2.247884206357958405e-03 2.000224788420600319e+01 3.000206448164444950e+01 5.000206448164373541e+01 5.488737774319739771e+01 3.483192025273741876e+01 2.034473632419242151e+01 9.706824324528817272e+00 9.018427821300438296e+00 2.566302463254286792e+01 2.112629666970220654e+01 4.094791512264100675e+01 5.095564696614591327e+01 5.945576091731802393e+01 6.416571079531222210e+01 4.202106413548160901e+01 3.884540235371204631e+01 2.761988204869083674e+01 1.328684249528690842e+01 3.237208989986708474e+01 3.162660556513146304e+01 4.615202794808416087e+01 6.591068972992461283e+01 6.336729803865586774e+01 5.435886116247420574e+01 3.444236667867018298e+01 5.435886116249859867e+01 6.741705806354202934e+01 8.143896984190125465e+01 8.117840287702581747e+01 7.301833463337025876e+01 8.117840394473378751e+01 9.009940102575798448e+01 7.026286875535201659e+01 5.871295480793920518e+01 6.454570886571538324e+01 5.360948979822808980e+01
