LEM/sinusoidal_perturbations/elevation_000183.asc
nrows	100
cellsize	150.0
xllcorner	0
ncols	100
yllcorner	0
NODATA_value	-9999
[rows 51 to 67 of 100, columns 37 to 73 of 100]
7.267398067766009717e+01 7.777802164898201909e+01 6.745088185370536848e+01 5.410551574353556958e+01 5.017799604837902194e+01 6.993770736008224276e+01 6.970546391850214718e+01 5.447363183625562044e+01 3.997257341726409408e+01 5.642378233105460339e+01 4.099456300534588138e+01 6.086708131558039980e+01 7.386690660231074901e+01 7.447507961391858089e+01 6.215444705794536162e+01 7.753778313392476207e+01 9.835152040463407275e+01 9.768497179687598475e+01 8.089691367216970264e+01 9.768497179687598475e+01 1.024159789571835404e+02 1.107172647460501196e+02 1.172883643689146425e+02 1.031898004017043462e+02 1.172883643689146425e+02 1.072403095571927309e+02 9.565799774738204064e+01 8.033255069268780346e+01 6.076720592094484630e+01 5.917752073802891033e+01 7.283931934810836140e+01 9.275631287425296989e+01 9.481073727616391977e+01 7.503951441928728627e+01 6.126706145370761192e+01 8.087857006509202051e+01 9.210655041938336751e+01
7.495661737480712361e+01 6.852880482678853014e+01 4.902889309318614863e+01 4.264997281313985411e+01 6.246924163941636010e+01 7.341124561668033266e+01 6.107958493276396439e+01 5.285388584935644474e+01 5.400993303088977626e+01 3.669849278815284066e+01 5.642378233105460339e+01 6.914970414526064246e+01 7.447507961391858089e+01 5.294014683862803139e+01 7.096664616328489217e+01 7.903054105028940057e+01 8.700624185434065794e+01 7.871704067711195307e+01 6.943170805271563495e+01 8.937968040741498044e+01 8.231159360448219786e+01 9.652340679340676388e+01 1.166419065922386125e+02 1.231418390110661960e+02 1.136111709019483698e+02 9.893099644396595238e+01 7.886955558134479816e+01 6.750396312758248030e+01 8.033255069268780346e+01 6.117330703293580996e+01 7.230133124873404427e+01 9.225554496800116056e+01 9.495890284698849371e+01 7.504646613387315313e+01 8.087857006509044311e+01 6.410088359354405441e+01 7.540299016229414519e+01
6.676834501242971953e+01 7.355603921037014459e+01 5.803669364536867903e+01 3.802907881175252669e+01 5.803643319975588355e+01 5.944370135001977218e+01 4.538101347214654169e+01 3.285508284628985365e+01 3.403039356093867696e+01 3.553784187065325284e+01 5.549938829897869397e+01 5.915010830875097980e+01 6.077161997228670032e+01 4.762098058507602616e+01 5.543468207135578751e+01 7.041234541449271944e+01 7.245395835247003902e+01 5.891143535810247300e+01 6.511707530550646084e+01 7.168060012106126067e+01 9.166973296268535876e+01 1.024159789571823609e+02 1.224988953516664054e+02 1.195122970440730370e+02 9.942354977444004760e+01 8.519856190433714005e+01 7.626600651146080168e+01 8.734454019903601818e+01 8.285624925189901546e+01 6.318556569878338536e+01 8.285624925189901546e+01 1.005722541458958688e+02 1.032293144684257129e+02 9.496389268783822502e+01 8.600369837473610346e+01 6.617553914571814744e+01 7.308776546310568278e+01
6.725385833135686653e+01 5.746717590206087323e+01 5.416359101204019311e+01 3.414171502851825579e+01 5.416318095225712170e+01 4.958625215954722876e+01 3.120334673258208369e+01 4.538138725237917015e+01 5.400861563127918430e+01 5.547908129419916889e+01 3.769233759830401453e+01 3.925723193981926329e+01 4.091215481211166605e+01 4.257955620486411163e+01 4.435107653490168644e+01 6.411414050000661291e+01 5.270623514126585007e+01 7.245395835246972638e+01 7.927877531529867383e+01 8.441039542346082669e+01 8.994718552708863513e+01 9.629085995500301465e+01 1.045963402532703697e+02 1.135874017532156870e+02 1.136111709019483698e+02 1.046263150319237809e+02 8.781663028051814024e+01 9.672942557055245061e+01 8.502954597005778226e+01 6.523112704992745137e+01 8.502954597005778226e+01 1.033770934433838562e+02 1.134278326687033598e+02 9.987397010851466916e+01 7.985871007540728783e+01 6.840852760599506155e+01 8.764437385820893667e+01
5.908305068417143957e+01 3.975464437752406610e+01 4.583862452331685233e+01 3.045757838414740704e+01 4.798625466821848562e+01 2.957014278877864655e+01 3.718647291745172367e+01 5.712255381859290537e+01 7.337193023160142502e+01 6.461917557165466519e+01 4.479472681415265356e+01 4.428526575495165218e+01 6.077161678515936671e+01 6.240695643495753586e+01 6.411414050244928831e+01 4.689454428939195196e+01 5.101086158232940448e+01 5.519809034566443273e+01 5.947528918888185956e+01 6.453571620526048491e+01 6.998400490697689236e+01 7.623040002822813221e+01 8.515516883073856036e+01 9.940972501779081938e+01 1.195197785202709326e+02 1.162232844991136176e+02 1.079227075648257710e+02 8.838773796108854697e+01 6.841663804187267317e+01 8.501463415460520423e+01 7.499733923612558328e+01 8.500004922005921060e+01 1.051215185763589517e+02 1.081415650276804428e+02 9.072641919798574861e+01 7.074845539854058529e+01 9.072641919798574861e+01
5.235809346725059044e+01 4.344697997827439906e+01 2.580344861830973358e+01 2.684080838099975708e+01 2.796178651872994081e+01 4.798626583961313941e+01 5.712634135131761326e+01 5.130009611689467874e+01 7.120055587695685517e+01 7.290411247563648089e+01 5.366517174699824722e+01 6.410503072842293193e+01 5.178341763371384587e+01 7.159189816654587446e+01 7.488270456112115880e+01 6.663081835188549462e+01 5.014397079413501501e+01 6.987444832811689821e+01 7.927877531529887278e+01 7.560951438508972444e+01 8.994718552708863513e+01 9.629085995500301465e+01 1.045963402532703697e+02 1.135874017532156870e+02 1.220668124864142214e+02 1.104571880387764509e+02 1.021336963584682564e+02 9.081251207943446957e+01 7.075827734503960187e+01 7.968111172918197838e+01 9.506078389820901009e+01 1.033770934433838562e+02 1.134278326687033598e+02 1.101038605879170547e+02 9.057122130123943293e+01 8.996746206278365321e+01 7.426244665083532936e+01
4.403146089800819851e+01 2.434816663564267003e+01 4.438876624868139942e+01 3.113529589026036959e+01 4.602723310483155217e+01 4.062398684102991098e+01 6.036178735543194307e+01 7.120055582262676808e+01 7.951146926551425054e+01 8.180149979049774345e+01 6.507677578098729043e+01 7.731974494264072462e+01 5.747808090193689878e+01 7.731974494264072462e+01 8.627135135092157725e+01 6.637289718184806020e+01 5.246304144711176320e+01 6.637288629775642335e+01 8.626972125295880289e+01 9.560511418795253746e+01 1.038979747675649037e+02 1.086001924828242267e+02 1.070980005310723442e+02 1.153900670302809459e+02 1.137511138829951847e+02 9.362915648436047888e+01 8.198547440611129389e+01 7.439201173120423505e+01 9.081251209696431204e+01 9.911123170140875516e+01 9.392449709040212724e+01 1.140204613195346752e+02 1.186025431930298737e+02 9.928723997361480258e+01 8.781324036958038448e+01 7.883956796703654391e+01 7.872298827339909622e+01
3.738778996245942920e+01 2.188787486844366370e+01 4.559146462991797222e+01 5.158242856469534843e+01 3.750013275811956248e+01 5.697921645768926879e+01 5.674023704150684466e+01 7.065446481800475453e+01 9.052988313900684147e+01 9.333985257483477938e+01 8.501905573792386406e+01 8.395591341884259862e+01 6.404740799023704767e+01 8.395591341884259862e+01 8.610195540320545149e+01 6.620339986695960022e+01 5.486105929914663903e+01 7.461370341967000286e+01 8.127914264248519771e+01 8.427446963992170481e+01 9.257821970821476043e+01 8.844774687583974071e+01 8.694205541152852845e+01 1.012041696677672036e+02 1.213269669356320719e+02 1.104571880387764509e+02 9.082518549026906385e+01 9.451242898885899990e+01 7.852259423174446340e+01 9.867831449347072237e+01 1.140204613195346752e+02 1.222645382433987464e+02 1.265579181231315573e+02 1.154247103888008184e+02 1.021713729213359443e+02 8.238514894272448430e+01 8.359112830547159945e+01
2.188826212505925994e+01 2.331027206722408707e+01 4.366266640175938107e+01 5.416319430595488882e+01 5.254889847034792894e+01 4.431634258597944154e+01 6.354271777313869052e+01 7.632064144107123127e+01 8.279883620032705949e+01 9.108061503279540716e+01 1.010367441701351794e+02 9.225484392532173672e+01 7.394704978896842817e+01 9.225484392532166567e+01 9.439897484370874281e+01 8.211523258499269673e+01 6.227024720399278124e+01 5.859796349147460148e+01 6.145435827696908859e+01 6.440571809198293352e+01 8.427362331621233693e+01 7.430687350331720609e+01 9.435026153685213046e+01 1.095679168637675645e+02 1.196333685691084838e+02 1.193068389075036038e+02 1.109606852729181554e+02 1.016801196212434064e+02 8.152500973182769428e+01 9.317517476474111504e+01 1.074146831130951085e+02 1.275100869636067102e+02 1.275069879734632963e+02 1.087519599051311872e+02 9.500505353809418807e+01 8.640797573085434635e+01 1.035294834937605231e+02
4.257355857694790302e+01 4.366266640175938107e+01 2.534112717208815369e+01 4.572137896282747249e+01 5.626680105820096855e+01 6.354271777313869052e+01 5.163726242966208702e+01 5.711611670372637661e+01 6.336425192255946115e+01 7.287655846060714282e+01 9.272111394004714668e+01 1.022677090204478105e+02 9.396477704871682590e+01 1.022677090204479953e+02 9.627792621458388567e+01 7.624960143924049305e+01 8.211573988841395533e+01 6.600960589631469588e+01 8.127914264248519771e+01 8.427446963992170481e+01 6.884512788592606114e+01 8.879150301399120337e+01 8.111771663615478190e+01 9.116397194289943684e+01 1.113530074752386412e+02 1.211920323871889593e+02 1.010818982782252675e+02 8.682834751061724887e+01 1.016811340977627651e+02 9.055254896839167600e+01 1.047974300796661282e+02 1.248974153765344113e+02 1.318831030970391680e+02 1.139872548742104499e+02 1.101573120611151211e+02 9.051673777169044399e+01 1.101643949469146548e+02
5.815901790005754890e+01 3.973189777057808669e+01 4.572139309933257323e+01 2.741609010616320674e+01 4.183522357074958364e+01 6.229103312172825468e+01 7.077677267768879688e+01 7.632064144107123127e+01 8.279883620032705949e+01 9.108061503279540716e+01 1.010367441701351794e+02 9.951728179669319729e+01 9.123358394257782322e+01 9.951728179669321150e+01 1.045977362428034780e+02 9.627793309997954907e+01 9.421718333914741095e+01 7.588656610331054253e+01 9.421718333914741095e+01 9.483714948343890683e+01 7.478611086633250693e+01 9.483714948343890683e+01 8.715274818419953817e+01 1.073474090660140945e+02 1.196333685691084838e+02 1.170303461384483228e+02 9.691369423928298943e+01 1.069720201881698358e+02 9.375067878091938667e+01 1.106845794713690196e+02 1.021878076287884625e+02 1.222921291492715881e+02 1.321720292792098519e+02 1.135857876204647425e+02 1.004897995528765904e+02 9.685936110329099336e+01 1.066170815983021782e+02
6.017170585195276544e+01 6.017402556229402677e+01 4.931935351003821211e+01 2.889964169275471662e+01 4.933295699161573822e+01 5.995140128881626396e+01 7.043481702463654415e+01 7.882387247733547042e+01 8.345485021426266314e+01 9.181577273494396252e+01 9.124373639071718856e+01 8.954835928164813197e+01 7.132091095064684794e+01 8.954835928164813197e+01 9.698176432343947795e+01 1.053181570940338219e+02 1.042425308018642482e+02 9.593035545808371012e+01 1.042425308018642482e+02 1.019603821715781748e+02 8.181298957126556104e+01 1.019603821715781748e+02 1.014484712887240079e+02 9.795682541342483773e+01 1.181309118733494472e+02 1.253563188595028777e+02 1.059203907830714684e+02 1.189086861452040296e+02 9.879138211160764627e+01 1.189077902886705971e+02 1.138024210635842479e+02 1.306211143569938713e+02 1.385093753949676341e+02 1.161483183735380607e+02 1.184244001648154949e+02 1.043502497238718973e+02 1.163120676586920155e+02
8.047275958697984777e+01 6.379979176421957021e+01 4.334084685585357022e+01 4.933295699161573822e+01 3.104735202887708923e+01 5.151479535161635681e+01 5.000213654684492326e+01 6.686019881351778338e+01 6.313063601866904406e+01 7.583370346897612535e+01 7.125871002312767644e+01 7.125871002313131441e+01 6.124017259965191329e+01 8.127724744661031764e+01 7.669296832467396996e+01 9.363213183119377447e+01 9.665867942093298382e+01 1.049998567056081669e+02 1.135113119159579611e+02 1.102778124918709892e+02 9.343100995300217448e+01 1.102778124918709892e+02 1.215887046518000147e+02 1.080902440701582350e+02 1.263876462050350966e+02 1.343449561541232242e+02 1.175287407972990508e+02 1.244887824996754375e+02 1.043782197541072918e+02 1.185956197451852034e+02 1.338913508715490082e+02 1.422468844858169632e+02 1.495390184624662311e+02 1.394259345596396997e+02 1.315962991784251415e+02 1.140320273502259738e+02 1.315962991784251415e+02
8.054964456747732982e+01 7.220820073518294180e+01 6.380035716827740089e+01 5.151479535091517903e+01 4.286070048296682700e+01 3.325093548600452209e+01 5.375160327533094318e+01 4.639644126566430060e+01 5.941988194196629536e+01 5.545640050559173773e+01 6.345784417745823447e+01 5.101694914587838525e+01 6.889251821131820464e+01 7.242879886528122313e+01 6.496743779254322249e+01 8.039471576100841332e+01 7.634738726882359572e+01 8.493195395046302565e+01 9.813314134967797031e+01 1.064720181243086614e+02 1.136117530309062147e+02 1.219003902498405125e+02 1.363948279071920240e+02 1.281715796916568308e+02 1.363948304863457111e+02 1.459464287240514864e+02 1.376157003198635493e+02 1.312023160648479632e+02 1.110857471041386759e+02 1.312023160648479632e+02 1.471797387376956010e+02 1.601656460245423261e+02 1.414623148919532412e+02 1.417390447624317460e+02 1.412011240189410159e+02 1.331084760683437196e+02 1.412437501660565715e+02
7.001258540550708176e+01 7.866350137990875169e+01 8.031916881596298197e+01 6.333650854367156313e+01 6.127828794346374508e+01 3.752232965479056759e+01 3.555300512396622992e+01 3.719250279023314221e+01 3.888365543929194246e+01 4.088076544498847653e+01 4.292487129254231348e+01 4.501417931047250676e+01 4.849257164460667724e+01 5.205995464616012924e+01 5.602699632117188600e+01 6.010905411010062949e+01 6.464086406910668359e+01 7.103983144295060015e+01 7.780390146070419632e+01 8.799023077109526980e+01 1.023754408274766377e+02 1.225217252861455393e+02 1.404416893688434129e+02 1.414518855813586526e+02 1.470369454728397045e+02 1.470274772526090885e+02 1.553935413266306966e+02 1.396425479247635622e+02 1.211322613169132580e+02 1.396418215356036967e+02 1.513661446447765115e+02 1.432429543090980530e+02 1.401907267306031883e+02 1.220760161565847142e+02 1.320019612294519220e+02 1.517224864572208674e+02 1.541482382003290752e+02
5.149035044673980366e+01 6.774212225723448455e+01 8.013438092848154781e+01 8.367513576020139965e+01 6.678862151679597048e+01 4.592952828174881574e+01 5.604445743183647721e+01 5.172872765627376879e+01 5.941988194196508033e+01 4.374553892226699503e+01 6.345784417746642703e+01 6.552791123142750962e+01 4.922712740357232519e+01 6.965496899956158927e+01 7.633758249909641336e+01 7.181347032498882754e+01 8.493195396433112876e+01 8.120940259806437211e+01 9.813314177293528928e+01 1.064720217755890133e+02 1.165808303149388792e+02 1.118903522660805265e+02 1.223249782620910366e+02 1.213201500604482419e+02 1.268951369245015712e+02 1.268949175132313627e+02 1.470159062417117184e+02 1.498945165443984990e+02 1.413212396239040629e+02 1.497347092594163769e+02 1.432103084446948742e+02 1.232604203142157644e+02 1.291229264825721259e+02 1.121103906834833737e+02 1.320166855436845310e+02 1.415659615387873771e+02 1.458602495777183208e+02
4.007755981324473993e+01 5.173590781939742556e+01 7.181855179866821004e+01 8.446538377167320277e+01 7.532455538507132076e+01 5.826390696895091281e+01 7.532455538505990944e+01 7.214504385183018087e+01 6.771125317755090123e+01 4.725610715742653412e+01 6.771125317755119966e+01 7.262563010347321324e+01 5.225985813874574148e+01 6.668081751963721615e+01 8.697767726913642150e+01 9.211691502272041987e+01 1.004692099494104269e+02 1.014954089712065439e+02 1.098224330555728159e+02 1.201911235326610665e+02 1.118141545995625847e+02 9.750093146475774120e+01 1.020862995432506040e+02 1.070468294794807917e+02 1.126815783023379112e+02 1.227368746224336888e+02 1.369340701700618297e+02 1.571398208218541868e+02 1.461730874115887957e+02 1.380612917595784097e+02 1.461701246321951828e+02 1.291229264825721259e+02 1.090805615453132305e+02 1.053831732832595947e+02 1.132344983003377195e+02 1.274116195365501483e+02 1.474478127199273558e+02
