LEM/sinusoidal_perturbations/elevation_000729.asc
nrows	100
cellsize	150.0
xllcorner	0
ncols	100
yllcorner	0
NODATA_value	-9999
[rows 0 to 16 of 100, columns 37 to 73 of 100]
9.776374442033828416e+01 1.019321181246443757e+02 9.377099239800254793e+01 9.524015950184887913e+01 9.351712173716515508e+01 8.534719806100825679e+01 8.972895292724196281e+01 8.156278273881331131e+01 7.762771846563238398e+01 8.332306234129369216e+01 8.991335716887276419e+01 9.807281970196993370e+01 1.079242606959380453e+02 1.192229182263186686e+02 1.110332785469287984e+02 1.084657433354804397e+02 1.154450684994141199e+02 1.236387264786749824e+02 1.335100514448242848e+02 1.420069403126594523e+02 1.335683900794919623e+02 1.352699311282435701e+02 1.268405870698211686e+02 1.352699311282435701e+02 1.343606211390368799e+02 1.427998516591932798e+02 1.356148695042529084e+02 1.273689589390677526e+02 1.289626564217475675e+02 1.231526756961124249e+02 1.231526756961124249e+02 1.313873334708753760e+02 1.332744308497893542e+02 1.250543976199178076e+02 1.288499514223197764e+02 1.206406513193597618e+02 1.288499514223197764e+02
8.632738446061792104e+01 9.055280673077805886e+01 7.405861158539435962e+01 7.553115406005518651e+01 8.534719806100825679e+01 6.566309659289231604e+01 7.142843643133937803e+01 6.190733835434311771e+01 5.801472787394603614e+01 6.359380683595235695e+01 7.014246544187982124e+01 8.005608508775677024e+01 9.977061451377878143e+01 1.078058092225308826e+02 9.125462568409656683e+01 8.867289630474240880e+01 9.570455602871639655e+01 1.055897281534165018e+02 1.253004088454115958e+02 1.303138588815197636e+02 1.133648572855544501e+02 1.251825861356417136e+02 1.067386109344958385e+02 1.251825861356417136e+02 1.141459208817857700e+02 1.311019334042469211e+02 1.241850908987358082e+02 1.076177440477560907e+02 1.091946591824618196e+02 1.034130594386800368e+02 1.034130594386800368e+02 1.231526756961124249e+02 1.218752321462617090e+02 1.053522105495508754e+02 1.189862088283778832e+02 1.009510743181002539e+02 1.189862088283778832e+02
7.094483094878917484e+01 7.913281142011278746e+01 6.275039421166014364e+01 6.167108010386225203e+01 7.811918986356508299e+01 7.142561543428112714e+01 5.199254989186253084e+01 5.081684505699365673e+01 7.021470663239797716e+01 8.332306234129369216e+01 8.991335716887276419e+01 9.807281970196993370e+01 1.079261281386475844e+02 9.961411497300650808e+01 7.974365279201651902e+01 9.382350444868673378e+01 1.135938854352397982e+02 1.236387264786749824e+02 1.335100514448199363e+02 1.219038749823307484e+02 1.018824781493442089e+02 1.103445161312536271e+02 9.685075996376390606e+01 1.111230136845860841e+02 1.026556420037264274e+02 1.226896585039252727e+02 1.159655897047468471e+02 9.623586212474671697e+01 1.054196067134975721e+02 8.946548705135585067e+01 1.091946591824618196e+02 1.248649424614551577e+02 1.130545484067948507e+02 9.398178100953558101e+01 1.089510598966608370e+02 9.109500520097199683e+01 1.107958628187300008e+02
5.148165303763244793e+01 6.479002720998813913e+01 6.996883885499352118e+01 5.055948500559220093e+01 6.169266256560985084e+01 5.903018251878924616e+01 4.479743505913361901e+01 6.408056525542259863e+01 7.837082465182834312e+01 8.820018996215787865e+01 9.940230738547496969e+01 1.015670202563637901e+02 1.097648195891166409e+02 9.493060117467943826e+01 7.502548048291444616e+01 9.493060117467943826e+01 1.080241216785658764e+02 1.162212636871651199e+02 1.264473224082477572e+02 1.219038749823250214e+02 1.018824781493442089e+02 9.049220839579334097e+01 8.941602410385850419e+01 9.125964562627476084e+01 1.052438887463008541e+02 1.253164768454800253e+02 1.241850908987358082e+02 1.054196067134975721e+02 8.566300540788139983e+01 8.318727279556752308e+01 9.699011506947228156e+01 1.164677196711778322e+02 1.048703208424559108e+02 8.512075507057660673e+01 8.921497149891320078e+01 8.407485283458500192e+01 1.038305578103762628e+02
5.904565933005768841e+01 4.542434017217177455e+01 5.919963002523491724e+01 6.169266256560938189e+01 4.233198839111400247e+01 3.957670723692412906e+01 4.175100783370998414e+01 6.106621889304421558e+01 6.038338672469800628e+01 8.000091184750837670e+01 7.956732016686690656e+01 8.173819464036431270e+01 9.873112203660821251e+01 9.058694698660322331e+01 7.066515498518114669e+01 9.058694698660322331e+01 8.820665698395576726e+01 9.846884667914727629e+01 1.165592423960867876e+02 1.303138588754552245e+02 1.187067963020817558e+02 1.022398454364896452e+02 8.244319008550229455e+01 1.022398454364896452e+02 1.186256345717981162e+02 1.167947236520224692e+02 1.085376894153970397e+02 1.136212753741607315e+02 9.699536361127847783e+01 7.712516707361254475e+01 8.864785762787023771e+01 1.083684816374400555e+02 1.089510598966608086e+02 8.921497149891320078e+01 7.507952759733298365e+01 9.499553795651627297e+01 1.000832330903123619e+02
7.044148621207273209e+01 5.097002012383541825e+01 3.968555190262689791e+01 5.416111323373404929e+01 3.685788827452705618e+01 5.652929823020878075e+01 6.106621895583757009e+01 4.474433638830344506e+01 6.398326966326759191e+01 7.394588184162400069e+01 6.557782430050332323e+01 7.066632511516078807e+01 7.920157287042455607e+01 8.201093133875707508e+01 6.660703304101998867e+01 7.192712847956345001e+01 7.859199517999881834e+01 8.857000460160588773e+01 1.083676887566786320e+02 1.213933774931038130e+02 1.113973457396421054e+02 9.879369007722689844e+01 7.896294240128352726e+01 9.039558895624158197e+01 1.102657095520435320e+02 1.085376894153970397e+02 8.866132288167108300e+01 9.448297585404996823e+01 9.330449065561383293e+01 7.332375943159399867e+01 8.751401475351541137e+01 1.073512680904452594e+02 1.049224477222486911e+02 8.513442032806707971e+01 7.088191573095524234e+01 9.093019936551773696e+01 9.187911932811749693e+01
7.861842600243137724e+01 6.733086266348018967e+01 5.416110728586188117e+01 3.428026534650161494e+01 5.416111323373434061e+01 6.464951701392615746e+01 7.214015219415675517e+01 6.398326966326759191e+01 4.775040675398531675e+01 5.439051884410874038e+01 7.276032972701629831e+01 5.678574402451330627e+01 5.940793186004227522e+01 6.214694848079375333e+01 7.618905022602048405e+01 9.184322951276078584e+01 9.846884667914224565e+01 1.066635524737266110e+02 1.165592423960867876e+02 1.130200407243833354e+02 9.312033014178864221e+01 8.324433416649571882e+01 7.567910977940897510e+01 9.557671799800898782e+01 1.136401583971371565e+02 1.085376894153970397e+02 8.866132288167108300e+01 7.445948776457788654e+01 8.502191506672396315e+01 6.972842067184303971e+01 8.982625929564973433e+01 9.591899884644794838e+01 1.040975671298275103e+02 8.714142988617930996e+01 6.697891892475627174e+01 8.714142988617930996e+01 9.159433290116226090e+01
6.723957678512049085e+01 5.909416777713406788e+01 5.264519965680781155e+01 3.268076811957388372e+01 5.264519965680781155e+01 6.813268922010280448e+01 7.628979367121011990e+01 7.521062408406703526e+01 6.703201814388846458e+01 5.092292416651078923e+01 5.322766179487837235e+01 7.276033062390824568e+01 7.920157287042455607e+01 6.962682543775558486e+01 8.953453526224770087e+01 1.042691736903728383e+02 1.141978556536123932e+02 1.061022977592727443e+02 1.141978556536123932e+02 1.213933774931038130e+02 1.113973457396421054e+02 9.267435355222797000e+01 7.269129428116191605e+01 8.438929951747823566e+01 1.044974311494920158e+02 1.018707284196035943e+02 1.024105073750834123e+02 8.502191506672396315e+01 6.478842974123520548e+01 8.088893895436379466e+01 8.913420476411349114e+01 7.595953958385025828e+01 8.679282960964181370e+01 7.854086054742440126e+01 6.329451199032814657e+01 8.351850961256046446e+01 7.828274873804478773e+01
5.541098849824040684e+01 3.939861541974956793e+01 4.902626884811196817e+01 3.113737358887636120e+01 5.113372314844711042e+01 4.846732347719254363e+01 6.813291625967480059e+01 8.260844839473860191e+01 7.853525236241407015e+01 6.456223961525738275e+01 6.694727086122789217e+01 6.695692852397424133e+01 8.677608533849540606e+01 8.372459391425147146e+01 8.589641330752780846e+01 1.057223215827684015e+02 1.043135948323188700e+02 8.624094423859943959e+01 1.043135948323188700e+02 1.072108217184370176e+02 1.039702850786141681e+02 8.407016044040405234e+01 6.982708873091826263e+01 8.606550244421615048e+01 9.391804508259797046e+01 8.421100711489755497e+01 9.578212264673953769e+01 9.274519162786690174e+01 8.023434534121902573e+01 6.062278965692670596e+01 7.695067841966530864e+01 6.423840371231366930e+01 7.390108963457882396e+01 5.831682405192665186e+01 7.854086054742434442e+01 8.413842733083177450e+01 6.418047643606210784e+01
4.473816627505936339e+01 2.772488217408834288e+01 2.900527451263277001e+01 3.108526102649955902e+01 3.361328191806494203e+01 5.422700368302284346e+01 6.652499686208565777e+01 6.297133624241210725e+01 7.674969992028422894e+01 8.452698957888193831e+01 8.658401631156823441e+01 8.677008516340667654e+01 9.498724656678209044e+01 1.035609744611723926e+02 1.057223215827684015e+02 1.087720529578071051e+02 9.617162099893612037e+01 7.590986555728277096e+01 9.617162099893612037e+01 8.729897899149965212e+01 1.013078827242980822e+02 9.757726751538342569e+01 7.763830553221173147e+01 6.587489451413695463e+01 8.237981151418760817e+01 7.105383255949436716e+01 7.388820621536082456e+01 8.587925656768392457e+01 8.895483083094570986e+01 7.695067841966530864e+01 5.674156863676967788e+01 5.416850723924134314e+01 5.376086185455352506e+01 7.390108962853108210e+01 8.679282448802682381e+01 8.322206760970124151e+01 6.309691963706524120e+01
2.596870056823405903e+01 4.590141603479290211e+01 4.899241126341167529e+01 4.570260129816057315e+01 5.422700368302284346e+01 3.837517222432966690e+01 5.840067167061121722e+01 4.934159607023122618e+01 6.872291323654948769e+01 8.096380558201467181e+01 8.795442414783796892e+01 9.614632354355337895e+01 1.060447638610124699e+02 1.140551773315231827e+02 1.041718993056286564e+02 8.886581560963971071e+01 8.886581560963971071e+01 6.892669673500081728e+01 8.025384614658729276e+01 7.277041882937540151e+01 9.313102270029958163e+01 1.058818351771544286e+02 9.435146269568230082e+01 8.243348769786301489e+01 6.216592009814188913e+01 5.973406683014106733e+01 5.741547515925839917e+01 7.442826929747286613e+01 8.268225598612976057e+01 8.518369202067992774e+01 7.107065981937620336e+01 7.075567664937528889e+01 5.064746560096531169e+01 6.801880910243278322e+01 7.630242805868795131e+01 7.463063186901446500e+01 6.635775775977745639e+01
4.410344385172356851e+01 5.156767733860426262e+01 6.305908677942885987e+01 6.618464891060456523e+01 6.401969574896594395e+01 4.452438851377618079e+01 4.386998318227889371e+01 6.334780257858897556e+01 5.523157030669428025e+01 6.129770502714026748e+01 6.818196897767782616e+01 7.804774677442975417e+01 9.786110152124599892e+01 1.059600872277172812e+02 8.610104568167510308e+01 7.576559082249008270e+01 6.835063755661842322e+01 6.264598542037678186e+01 5.973004435127862877e+01 8.025384614658729276e+01 9.283675915460889883e+01 1.044311732305269373e+02 9.876498686818558781e+01 7.876695113824550276e+01 7.657866717644917287e+01 8.006292816455247419e+01 7.442826943282443608e+01 5.424891023747402130e+01 7.136931240303245261e+01 7.963546657321087707e+01 9.110200312237951437e+01 7.903536328748805317e+01 6.801880921419861181e+01 4.789945998253723047e+01 6.534066387603651549e+01 6.482765355263664731e+01 4.576717976660203391e+01
3.149792412256861240e+01 3.712097090728997273e+01 5.699124953833766227e+01 7.447140731147982251e+01 7.015874490048601331e+01 5.071260107201342748e+01 6.334780263542553058e+01 6.334780261602530516e+01 6.896517096395126600e+01 6.489004178868761130e+01 7.880340308729502397e+01 9.614632354355337895e+01 1.060447638610124699e+02 1.140551773315231827e+02 1.041718993056286564e+02 9.603056645469621344e+01 8.886581560963971071e+01 7.541633967152348816e+01 5.518174524189974761e+01 6.407963533810429624e+01 7.603077487798486800e+01 9.627721214193788057e+01 1.032050248728945974e+02 9.876407804245344835e+01 9.656827357641488163e+01 8.860731475276190849e+01 6.855511655980342312e+01 7.136931240303245261e+01 5.124185823365451142e+01 6.840226103999167151e+01 7.667668429091393989e+01 8.554508712293275607e+01 7.607126093534681388e+01 6.529643036206975637e+01 4.521832690893801754e+01 4.432509434498242484e+01 6.482764982803438158e+01
5.157488395629512468e+01 5.699124953833766227e+01 4.651641764166265602e+01 6.637312498428856600e+01 7.707724096338307618e+01 5.746887262747348757e+01 7.707724096338307618e+01 8.294210881366126387e+01 8.869819037895433667e+01 7.470329882901884844e+01 9.279035063817389073e+01 1.067772981890525728e+02 1.113733575434658718e+02 9.989789483115782787e+01 9.171336526911048281e+01 8.452102800275045524e+01 7.837155099346924203e+01 7.217621142251317679e+01 5.226160831315954880e+01 7.217621142251317679e+01 8.907778892610116372e+01 9.732844708136441625e+01 8.333348446499381623e+01 9.327563534988517802e+01 1.014411315477320699e+02 9.680940241475117602e+01 8.860731475276190849e+01 7.963546657321087707e+01 6.840226103999161467e+01 4.830298932163851333e+01 6.551671050626772796e+01 6.551385021071527603e+01 7.014352857507046224e+01 5.850514754857307054e+01 4.336767391895202195e+01 4.424016652971319274e+01 6.442564514370974393e+01
6.766397637545735222e+01 7.475919559871314846e+01 6.637312498428856600e+01 6.047488059624306089e+01 8.061274658009912741e+01 6.873142219778581818e+01 7.692590656489228707e+01 9.683630010551425471e+01 1.026824877457250551e+02 9.449597174288534518e+01 1.026824877457250551e+02 1.142227596333694635e+02 1.032549629912591200e+02 8.326432933597651243e+01 7.137036345461503117e+01 6.412552010604765940e+01 5.817183993761091187e+01 6.910332144957440903e+01 4.953468156780416365e+01 6.053927739191873769e+01 8.080202319146128787e+01 8.739581891185868301e+01 6.921530923477811825e+01 7.335050627598498352e+01 9.327563534988517802e+01 1.021409001428416730e+02 9.497754384507304337e+01 8.668875129635016208e+01 7.667668429091393989e+01 6.551671050626772796e+01 4.543820341341229607e+01 6.271655406152701318e+01 6.161184604239817020e+01 4.249714080854101184e+01 6.264617132936239585e+01 6.443160522793995426e+01 4.547780100837143635e+01
6.134644654905330441e+01 6.729840614055771653e+01 7.559398065323162541e+01 8.061274658009912741e+01 8.904351060118315786e+01 8.847784141256977364e+01 9.666863383008677602e+01 1.041358670241942832e+02 9.614114139837458595e+01 1.041386212949554135e+02 1.085798722701578214e+02 9.477736388894130926e+01 1.019243924600905018e+02 9.989789483115782787e+01 9.171336526911048281e+01 8.452102800275045524e+01 7.044857246710327559e+01 5.078545452685727923e+01 4.698262139028931728e+01 6.624894195959467424e+01 8.257189968189598517e+01 7.918644146571321585e+01 5.920568895415262745e+01 7.918644146571321585e+01 8.598342518325515016e+01 8.232759830829290593e+01 8.339205148501568488e+01 6.663058179287489224e+01 8.340085395112386379e+01 7.342835306178315591e+01 6.263812496871404534e+01 4.268456193864463444e+01 4.165363983828959960e+01 4.254691866314905013e+01 7.045507865586330354e+01 7.198694400005086891e+01 5.194527470714722028e+01
5.131361170680733608e+01 4.733629606022647351e+01 6.091367878358776267e+01 6.733801760057073693e+01 7.561716535765998515e+01 8.705682747412956246e+01 1.008841335868424807e+02 9.290056541002539348e+01 7.718432267638959843e+01 9.457746896390275992e+01 1.004727884396283031e+02 8.123536784800441524e+01 8.266503370028161157e+01 9.504900561174686402e+01 1.029685980227850166e+02 9.320498867884882088e+01 7.875868937683691229e+01 6.349661044969386126e+01 4.444688923281067616e+01 5.456373005648153907e+01 6.856781423051927504e+01 7.341868268001080367e+01 5.340872768020983585e+01 7.341868218625658926e+01 6.602393143828071231e+01 6.820799977591899221e+01 7.510284319008998466e+01 5.480440153969266959e+01 7.295457451376026370e+01 6.513070114310420422e+01 4.933374946363030489e+01 4.078540611920428205e+01 6.085900205112992012e+01 6.965127130853458937e+01 8.222571930656762618e+01 6.278704281043656721e+01 7.200272569669660072e+01
