LEM/sinusoidal_perturbations/elevation_000318.asc
nrows	100
cellsize	150.0
xllcorner	0
ncols	100
yllcorner	0
NODATA_value	-9999
[rows 51 to 67 of 100, columns 0 to 36 of 100]
6.455108993161302530e-03 7.565723582804143810e+00 1.756502836187231509e+01 3.724631045128344908e+01 4.079424377559455195e+01 2.298218353748337606e+01 9.383436601615873229e+00 8.659572880133891815e+00 8.441262467191437580e+00 8.223264458160386425e+00 8.004937992773617950e+00 2.146433195308424047e+01 1.168340936512237427e+01 2.930435319289371776e+01 3.437361506350063678e+01 4.349887527085279970e+01 4.814846642156636847e+01 3.072689720002640001e+01 2.858556814525470102e+01 3.787286715925343117e+01 5.246011800405686643e+01 7.591168770667574961e+01 6.182062857643126819e+01 4.266806430823169194e+01 4.666164772364997049e+01 2.694312913355098260e+01 3.366745587557622343e+01 4.221298153633868111e+01 5.486555641140842710e+01 7.549522641026079839e+01 6.995725906371963276e+01 4.888667501979055885e+01 4.616689420504183516e+01 4.616689420504189201e+01 6.720372745305728301e+01 7.996238077534891886e+01 6.022865566431016049e+01
3.995603441288198172e-03 2.000399560344093430e+01 3.577846863015426493e+01 4.548281405109030118e+01 3.244446517368174909e+01 1.631598650229127045e+01 8.971068301310612725e+00 1.970288144507270189e+01 3.158538209332870750e+01 3.949097447648034631e+01 4.014715426985614499e+01 2.863452499357958203e+01 1.597630741028330803e+01 3.608255225726124138e+01 4.828014208853981870e+01 5.601995722357216323e+01 5.769152428390273712e+01 4.403010424485119501e+01 3.677715499524096288e+01 4.941063655346262351e+01 6.721232872495097865e+01 8.201643225380105662e+01 6.673895067118800739e+01 5.455229742737288490e+01 3.564126903330704721e+01 2.663133588843815502e+01 3.560247156585967332e+01 4.060699095370248557e+01 5.740492736134627449e+01 7.142103416258450466e+01 6.808733635195596889e+01 5.505810607164897164e+01 3.448731338453195860e+01 5.505810611441813052e+01 7.256344815585360664e+01 6.445686722606021135e+01 5.780183397667541101e+01
4.804567899273937473e-03 1.154808681464469799e+01 3.118781038400777561e+01 4.379968958487731356e+01 2.548282908080510367e+01 1.609187219125253421e+01 9.193090805181617142e+00 3.125905813531143806e+01 3.612805587726280976e+01 5.309280051216610730e+01 5.539402619632593883e+01 4.398198152186975562e+01 2.792980163721642484e+01 2.325604905894265073e+01 2.927960665566876841e+01 4.294648771966449630e+01 6.115519431575800979e+01 6.313350791153127517e+01 4.722638270511020409e+01 6.524968042014771186e+01 7.942194154114596927e+01 7.885239761884913889e+01 7.250147453224015237e+01 5.410320495695647480e+01 5.042922291275703373e+01 2.629007127357790807e+01 3.108176528268336369e+01 4.775970338160406925e+01 6.395135939032166306e+01 5.475903662422643237e+01 4.808853012176974318e+01 4.872771787070973204e+01 2.964322823021177911e+01 4.990718463164238017e+01 5.779124569537147238e+01 4.458589775115040510e+01 4.829150550394292907e+01
9.707512844716031236e-03 2.000970751284436133e+01 3.937009562464243118e+01 4.442364830245563212e+01 3.201854126905497111e+01 1.793300654465132382e+01 9.417303420521733415e+00 3.120243946421440384e+01 4.869581765296545228e+01 5.855473513281861386e+01 5.847693931051378513e+01 5.625430826842317344e+01 4.787203184806968181e+01 3.495957060737960376e+01 4.828014198659187883e+01 4.033465762283607603e+01 5.007111699294215867e+01 6.427511914889062439e+01 6.486428178068601369e+01 7.612503515396919340e+01 7.864483974947565059e+01 6.174884679678009292e+01 6.523602138227627734e+01 6.546068998592404853e+01 4.925273955502937895e+01 4.399768991422308773e+01 2.576483327187310479e+01 4.062099971637233864e+01 6.330742798315362307e+01 5.535060188457593000e+01 3.727586119532643494e+01 2.953737705341138309e+01 2.539859045439396823e+01 4.483564448254372792e+01 2.617729889066065141e+01 4.612843795085718313e+01 2.851935164712136128e+01
5.001202446392439237e-04 1.413673438323343490e+01 3.397434765811655666e+01 4.076961901162567870e+01 2.728616695726090668e+01 2.451105822601890694e+01 9.643777566797135492e+00 2.212149441882441891e+01 4.159025404984163288e+01 3.663886252028974866e+01 3.734096493744901579e+01 4.744479140698074815e+01 5.590037205202852988e+01 5.347159665924630900e+01 6.127807786996995532e+01 5.819531875358227069e+01 6.607969838060822099e+01 7.566197566913437811e+01 8.831491053944807845e+01 8.338323951019353331e+01 7.416331029224375015e+01 6.524029323722464824e+01 4.778748007910152040e+01 5.530130607565610745e+01 5.112661847277203009e+01 3.939898277768353552e+01 2.536046019663337603e+01 4.632028822537373713e+01 5.442303482918648427e+01 4.929942734307971364e+01 2.921349540172018422e+01 2.484557121907201349e+01 4.233432370927279464e+01 2.598399239801057092e+01 2.647597455970634428e+01 2.725233122881471459e+01 4.670430208860705079e+01
5.279685921607564676e-03 2.000527968592125205e+01 3.740926601769976401e+01 4.352808178287671126e+01 2.826202638015995205e+01 2.095393966197389446e+01 9.872045319630000648e+00 1.907875916218226564e+01 3.501243336261830308e+01 1.863035539968468157e+01 2.216712422942303462e+01 2.623012031617739837e+01 4.755566957625828906e+01 5.839126154169929350e+01 6.331371708938725362e+01 6.871101754621845714e+01 7.583674255090210181e+01 8.361644478963968652e+01 9.312881618249596727e+01 7.561316321756666525e+01 5.733986224967388523e+01 4.874204415622782705e+01 4.263649647892098216e+01 3.758532173326539549e+01 3.349326931782640315e+01 4.222463028945350061e+01 2.769951776233093810e+01 2.477760293848026052e+01 4.399577702385127509e+01 3.484549331455475141e+01 2.425122326159305786e+01 2.995640451542273652e+01 4.350859785902890309e+01 4.555150848425613930e+01 4.611574479246370117e+01 2.733776283091689407e+01 4.459185233230127210e+01
5.738623160518319517e-06 9.160817884183327209e+00 2.492884849119314694e+01 4.319027838311915701e+01 3.104873099344189313e+01 1.019701910059153249e+01 1.274088366538057393e+01 1.198620297078826802e+01 1.404160686410254222e+01 3.555186604305697529e+01 4.350479547286479942e+01 3.223294661802736272e+01 3.230362435448125780e+01 3.688778237794938519e+01 4.197692288158192042e+01 4.780667070866800827e+01 5.568091749350216446e+01 6.620050187255353080e+01 8.546443612205376894e+01 8.348752323155768806e+01 6.647867468978070349e+01 5.688264512205088863e+01 6.019415785886490511e+01 5.518384427478811460e+01 4.665760571216907238e+01 2.772498788476484322e+01 2.421412144538058087e+01 4.158828301709150566e+01 4.017827405656807116e+01 3.638208969559285322e+01 2.546747469340354542e+01 2.357510841323584572e+01 2.515776133454600583e+01 4.644489544789188074e+01 4.777883536062203262e+01 2.800459793235182815e+01 4.770603762962297623e+01
4.532054705376768917e-03 2.000453205470502027e+01 3.740926601769976401e+01 4.606069676835483762e+01 2.770935027784320681e+01 1.042658054621522723e+01 1.835943324326958503e+01 1.791909112993424458e+01 3.493486027349864997e+01 4.411566336343002348e+01 6.049836406867723326e+01 3.981192753695277986e+01 5.378454847283953200e+01 5.839126157487810787e+01 5.814102046351788999e+01 6.296318447027769594e+01 6.513027605463582859e+01 8.361644478963830807e+01 9.312881604453934870e+01 9.309110326280922720e+01 8.311420289388554750e+01 7.512380187801986153e+01 6.828230301736068952e+01 5.298123500233603522e+01 3.461117350677565696e+01 3.758840398811512529e+01 2.400501954279268446e+01 2.373818797552517168e+01 2.343215040688508211e+01 2.313541972270572700e+01 2.283290740958580045e+01 4.054677040022696133e+01 2.448739619264267020e+01 4.321625468162462624e+01 5.409679489472949854e+01 4.528051291726387717e+01 2.897926260856243985e+01
9.001595176218036079e-03 2.000891419535075855e+01 3.732228740680194079e+01 4.761707388475880975e+01 3.336855851077306312e+01 1.065528416547797264e+01 1.775636568952506522e+01 3.191704313427428374e+01 3.273502863287831843e+01 5.603306483390299064e+01 6.841899160417051462e+01 6.048840829055334467e+01 5.453980217161931421e+01 6.793546518473323204e+01 8.008170357641398596e+01 8.258751853630643325e+01 8.464349024965049750e+01 9.235249488782588401e+01 9.609764575290779476e+01 9.039055676021547470e+01 8.459581469745253912e+01 6.452838161016907748e+01 5.094980430201530197e+01 4.196898275853376958e+01 4.741703882540860349e+01 4.871040604104285876e+01 3.659746085415496708e+01 2.747437235614412643e+01 4.539841305442734409e+01 4.506579661345366361e+01 4.154940736754254260e+01 2.244137944664999651e+01 2.448654186495851093e+01 3.811848249259523413e+01 6.107007704419414296e+01 4.942721979988811398e+01 2.967302336371121996e+01
5.674351268809080251e-03 7.690943374401213006e+00 1.928657728243915415e+01 4.259406728959161370e+01 3.671105239820712995e+01 2.965473344009840773e+01 1.097614382214577589e+01 1.152018688989978834e+01 4.420708673716872994e+01 6.425795482998188390e+01 7.080200222128191001e+01 6.358465040960778936e+01 7.122958454373301151e+01 8.101812434157399423e+01 9.240620081329180380e+01 7.853661113078312894e+01 7.034210147701817561e+01 7.853667904412382939e+01 7.657836485917076175e+01 7.085716774876073032e+01 8.449123851067213309e+01 7.876433663205187941e+01 6.883895126240871321e+01 4.996011364709152502e+01 6.634181585098342282e+01 6.288303660811688900e+01 5.521547540691643974e+01 4.915043374900795925e+01 4.167767773223563665e+01 2.486307169521237981e+01 2.396300405607760453e+01 2.214763606470767598e+01 4.265644956131568932e+01 5.503365389317571754e+01 6.671605041326915853e+01 5.019030662805711529e+01 3.036181844710496591e+01
9.518805923843161668e-03 2.000951880563560792e+01 3.729100379805386467e+01 4.896884571826117138e+01 3.750397199160913431e+01 1.693528965809200670e+01 1.796063289584640188e+01 1.129454471384896763e+01 4.332034926513214401e+01 6.130902030712834261e+01 5.601918714147864620e+01 4.405914473868548953e+01 6.055008551623095059e+01 7.114138541000819771e+01 7.680873096244867781e+01 6.856653389799326703e+01 5.033690643710130530e+01 6.856652447114726101e+01 6.671511659227842017e+01 5.684704201917104172e+01 7.085716774876519253e+01 9.039055677176796166e+01 7.784375601178697934e+01 6.372195269531263051e+01 7.781239088784869296e+01 6.613547362448477429e+01 4.628621302466482490e+01 3.375593567277309859e+01 2.959541996444605871e+01 2.906054951922305918e+01 2.171836272578670801e+01 4.530645985349509175e+01 4.345713326143684441e+01 6.523534862514613053e+01 5.979220733806320709e+01 4.129502280750801191e+01 3.104081995225412527e+01
9.062254805971973678e-03 1.171667263953114180e+01 2.705208856534678930e+01 4.809748671886975302e+01 3.745090907855441031e+01 1.912863820255182290e+01 1.865523881868207567e+01 1.151846809254920245e+01 3.818612960721932836e+01 4.422886236668665561e+01 4.455523799008425812e+01 3.429258467624108420e+01 4.516678599824085438e+01 6.354536768002878233e+01 5.620995776009822720e+01 6.033950362755599173e+01 4.010670247310459047e+01 5.823670461196478243e+01 4.674114389680440951e+01 6.612587108465434937e+01 7.486994805111874030e+01 7.380269269042578628e+01 8.225950420518701378e+01 8.476613782861342372e+01 8.137230131124076138e+01 6.268634332549846988e+01 5.940670240725486195e+01 4.764020865831362528e+01 2.402861389683708282e+01 2.417248664561974891e+01 2.140542784118687436e+01 4.755715826679604419e+01 6.443427670268641805e+01 7.349600349302791358e+01 6.795154095453688115e+01 5.834245109142081986e+01 4.503492104357930259e+01
3.063233560239582431e-03 1.414683508100990750e+01 3.418195649767706357e+01 4.952201233784361278e+01 3.174810447127298119e+01 2.161709937964160133e+01 2.109818789688656082e+01 1.174137419051277753e+01 3.578175480341476344e+01 4.451311946332295122e+01 2.674741186517444902e+01 3.903797627221358368e+01 5.637842806099725834e+01 6.211787048719722293e+01 4.155164329349862129e+01 4.741173446052237495e+01 3.272896064421183837e+01 3.797077299169231424e+01 5.823670463436025102e+01 6.728950015410256924e+01 5.294280917514362983e+01 5.272475298327501747e+01 7.350714682712441572e+01 8.284941067921749891e+01 7.632404534032848176e+01 5.716553747967726906e+01 4.266294948125442943e+01 3.361612115369673148e+01 3.110177580476137393e+01 2.095959996316740614e+01 4.089360245669396221e+01 5.570421853702683990e+01 6.574738973768404549e+01 6.547646685768249597e+01 8.312097479116044951e+01 7.328101093279123290e+01 6.012379638186335740e+01
5.666595628964066558e-03 1.414859661467683516e+01 3.418162160540281747e+01 4.726264927084241663e+01 3.182320391790118208e+01 2.348566857297022636e+01 2.422161569200309827e+01 1.196353675640360414e+01 3.194750306417391172e+01 3.992736951969766324e+01 2.364397284096809670e+01 3.753975489582641956e+01 4.644535773992151917e+01 5.066516381416215609e+01 4.232343663134605549e+01 2.675063352469820188e+01 4.741173447876486335e+01 5.823670463413693454e+01 6.645158793188660695e+01 5.873622503229518088e+01 3.791415347910422895e+01 5.872618171155789923e+01 7.688199094475297102e+01 6.416361481597466820e+01 7.766170192027571773e+01 7.053114707745838530e+01 6.230707151866315741e+01 4.805164280532816434e+01 3.207057751215493369e+01 2.064454457628354689e+01 3.410049901247233350e+01 5.245099186118582679e+01 4.656959018833851616e+01 6.375378517489092189e+01 7.203481982363996394e+01 7.430859262249344965e+01 5.651758652540580385e+01
2.110006612196471242e-03 1.414424563034302196e+01 3.414424563034231142e+01 4.851821121239288459e+01 4.424182267661154100e+01 3.282986343904429560e+01 1.205785330489181817e+01 1.218549631235984343e+01 3.090779826637653116e+01 3.294395954068620114e+01 2.093910465545265964e+01 2.613617781604172308e+01 3.419889925502429406e+01 3.754398264838464172e+01 2.157468057779647808e+01 4.232343663314797055e+01 5.559960350826695219e+01 6.232242690274471641e+01 6.097311787476651546e+01 5.207484202239292870e+01 3.148402066093752794e+01 5.207483404556761286e+01 6.880156708752241457e+01 4.926346497626212084e+01 6.880156691114243017e+01 7.200081394969819826e+01 5.267802298705930042e+01 4.012031490890167618e+01 3.001506527263293478e+01 2.033260512003157316e+01 3.995599426109900776e+01 4.765697518921905385e+01 3.636577770305551383e+01 4.612116384260533408e+01 6.113228847836686697e+01 7.549700317193965304e+01 5.488010120599582109e+01
9.367352646185668139e-03 2.000936735264583177e+01 2.803231201668242889e+01 2.690882074592573403e+01 3.728776067363006774e+01 4.283033263003522961e+01 3.253663565038473138e+01 1.990664540511975034e+01 1.250091702690547812e+01 1.649821376992798250e+01 2.330290861484389353e+01 2.659004273699684617e+01 1.367296969837314258e+01 1.683055128305890591e+01 3.749042325578848533e+01 4.798617151255508873e+01 4.951906467911960164e+01 4.765895605253195555e+01 4.387595879040272706e+01 4.395160261183941230e+01 2.593847907700003219e+01 4.581508638186298299e+01 5.142242283198211084e+01 3.970550752871441347e+01 6.079847511032396312e+01 7.029312207101524734e+01 6.285905086925181706e+01 5.011750581059519760e+01 3.296730754861615509e+01 2.002953801558234304e+01 2.424043249346771134e+01 2.796653269376502138e+01 3.535596699854963987e+01 5.554015451084455890e+01 7.211471275868504449e+01 7.635983727777325214e+01 5.473259098000879419e+01
3.648181865326004768e-03 4.029691691606095638e+00 8.103541226685798904e+00 1.243510864477224054e+01 1.737456770390063454e+01 3.728776141377846187e+01 4.337215441100051549e+01 3.416731102036057877e+01 1.323358551298528063e+01 1.282052697709390365e+01 1.304889143789555739e+01 1.327988443909418059e+01 1.351393144061892926e+01 3.350554337387347204e+01 3.307756196922023406e+01 3.643754876962059086e+01 2.903705887847145917e+01 4.416085328792905074e+01 4.036701777339692399e+01 2.547448844973855486e+01 2.053950752110745981e+01 2.531145088364252160e+01 3.047327627114679771e+01 5.139574975225657028e+01 6.812511593939790089e+01 6.290123951887794362e+01 4.380916971333969911e+01 4.612209421540728727e+01 3.347016470577983682e+01 1.974601300606744303e+01 3.778909454667170564e+01 4.706934979490066695e+01 5.532004383855466045e+01 4.986458096979777110e+01 6.922238136490751970e+01 7.810062581972712792e+01 6.265588685942959302e+01
