LEM/sinusoidal_perturbations/elevation_000072.asc
nrows	100
cellsize	150.0
xllcorner	0
ncols	100
yllcorner	0
NODATA_value	-9999
[rows 0 to 16 of 100, columns 0 to 36 of 100]
8.271705653423140972e-03 2.000827170565306901e+01 3.166985202438651115e+01 3.721685398663782962e+01 4.324708087819320923e+01 5.031814869005881263e+01 5.860241993752041623e+01 7.014942532131152575e+01 7.583101055772601740e+01 6.742777950054119174e+01 6.742777950054119174e+01 6.843715482789961868e+01 6.843715482789961868e+01 7.682924776466963124e+01 8.999647568030410127e+01 8.181938000242995201e+01 7.923833083970248481e+01 8.742507463453094374e+01 9.315175994700111062e+01 7.985973194676621745e+01 7.145471330234578033e+01 7.985973194676621745e+01 8.280077705500042384e+01 7.446851732827086323e+01 7.708033749873703755e+01 8.541162527541067107e+01 9.260818540732729787e+01 8.102648072561765957e+01 7.273731825109881299e+01 8.102648072561765957e+01 8.160755913824031893e+01 7.331950945208049575e+01 7.331950945208049575e+01 9.337251280712352752e+01 1.021133800923280575e+02 9.377351043129294794e+01 9.898453836037191422e+01
7.813061968023241044e-03 2.000781306196766707e+01 1.166985202438615410e+01 1.721685398663854372e+01 2.324708087819392333e+01 3.031814869005952318e+01 4.186515407385162746e+01 6.186515407385091692e+01 6.742777950054119174e+01 4.650973653555356435e+01 4.650973653555356435e+01 4.752809989807137470e+01 4.752809989807137470e+01 6.843715482789961868e+01 8.181938000242995201e+01 6.183064082106101722e+01 5.922773332841388338e+01 7.326364749719144243e+01 7.326364749719145664e+01 6.971842035472955956e+01 5.117577115934700061e+01 6.971842035472957377e+01 7.118781641074536992e+01 5.435494822593101105e+01 5.696400558409840897e+01 7.708033749861088779e+01 8.434634808577118292e+01 6.423891858553565726e+01 5.264787935298455324e+01 6.199906147263124723e+01 6.384679185164480231e+01 5.322484089748076030e+01 6.743506388887303160e+01 8.752581773782208074e+01 9.022893515597625935e+01 7.300255412206270478e+01 8.750509588586506027e+01
2.526786264046545528e-03 4.366884590983875825e+00 1.436688459098378878e+01 2.850902021471448933e+01 4.324708087819320923e+01 5.031814869005881263e+01 5.860241993752041623e+01 6.069846335071451904e+01 5.890881629828857768e+01 5.037962307087664726e+01 3.183894865789897821e+01 3.283507176405053229e+01 4.479736915813182918e+01 6.574817804187105708e+01 8.057341325344306426e+01 6.055285902400876807e+01 4.751188055076874406e+01 5.316612627800184043e+01 7.326364749719144243e+01 6.131524223084642955e+01 4.121731818418307114e+01 6.131524223084642955e+01 6.285594279327813894e+01 4.285670213456253919e+01 5.653162759645226743e+01 7.661280368499359383e+01 7.565017047126190164e+01 6.985758471157041072e+01 6.199906147053436456e+01 4.203745507942874582e+01 4.385860141545585122e+01 6.384679185164480231e+01 7.331950945208049575e+01 9.337251280712352752e+01 8.091664735856092250e+01 6.078089548915138352e+01 7.934688329108540472e+01
4.163169627051843593e-04 2.000041631696235100e+01 3.265115583844477243e+01 4.265115583844468006e+01 5.679329146217538238e+01 5.884798917575895416e+01 5.452460843947820734e+01 3.990032071253330059e+01 4.697348647977917580e+01 2.967334833111542380e+01 2.419646398166275247e+01 4.477575791759311130e+01 6.217867382912270813e+01 7.417014816839720481e+01 7.198019035715255143e+01 6.055285902195079473e+01 4.013706963922191306e+01 6.055285902195079473e+01 6.963472558660905065e+01 4.877956738676397208e+01 3.476286538753960542e+01 5.461593421529196490e+01 4.904040475688696432e+01 3.671136970889572382e+01 5.652866061578041723e+01 6.265784265209361337e+01 5.528876891593549914e+01 4.934849440969576762e+01 5.562002412513831473e+01 3.588505459175294732e+01 5.568664727660455327e+01 6.652148913022600141e+01 7.566798924946979810e+01 8.845032031654595528e+01 7.238968511964220909e+01 5.155130017123889274e+01 7.238968511964220909e+01
5.883922493566802643e-03 1.155288930628618438e+01 2.569502493001738586e+01 4.569502493001809285e+01 5.230363312430173295e+01 3.716889083424725726e+01 4.599195565516990314e+01 2.540078442624260191e+01 3.296895550038220080e+01 1.801076311656455076e+01 3.842484977596109985e+01 5.333122050143845883e+01 5.783747142766217308e+01 6.606850266074451383e+01 5.761396200396859513e+01 4.324773745409120096e+01 3.509312430414325235e+01 5.492449198689132572e+01 6.487258036791793359e+01 4.354857570023825986e+01 2.935858713764446648e+01 4.228951834035400736e+01 2.935804166676544469e+01 4.904007520495493111e+01 5.085784743973723465e+01 4.255202673125824475e+01 4.255539896669744593e+01 3.518290017390494739e+01 5.172712524213880414e+01 3.203700126111216662e+01 3.869374787615880251e+01 4.845498192054806452e+01 6.206368849221934880e+01 7.555412654345798273e+01 6.544355680350778925e+01 4.505882341690830373e+01 6.540818254109093743e+01
1.256007409845548732e-03 1.415582217934093379e+01 3.429613937461764550e+01 4.729521778762656936e+01 4.149432210991015069e+01 2.173028392340989257e+01 3.669944360252259230e+01 2.818444861147294844e+01 1.266945243499224993e+01 3.296895498837632488e+01 4.697334053716783586e+01 4.377868313345762630e+01 3.795534041527956504e+01 5.783747142766217308e+01 4.923751117774246921e+01 2.828657403415758864e+01 4.343684060541289682e+01 5.189197794892437798e+01 5.740288097992411309e+01 5.743501099610997329e+01 4.228951832893250895e+01 2.210392661457322561e+01 3.810671654037398781e+01 3.614870413007334804e+01 3.096006279599254896e+01 3.738589134134857517e+01 2.365975660365672795e+01 4.255329666159332191e+01 4.337476938384523351e+01 2.829944793278120585e+01 4.793860414427296490e+01 6.652148913022600141e+01 6.926428559846826261e+01 5.642528318568320600e+01 5.955039474448099668e+01 3.962820787048740812e+01 5.346815933247978592e+01
9.594114293757748102e-03 1.986467638611152609e+01 3.076370006549793246e+01 2.064014029800972949e+01 2.646279593786292139e+01 1.120815951620964057e+01 2.366266661299392737e+01 7.961879835514396930e+00 2.818368073745541480e+01 3.460328142607284008e+01 3.377675526556277674e+01 2.373778988815251623e+01 3.795548808906593052e+01 5.784787271190084823e+01 5.757164346584249870e+01 4.343230388165690670e+01 2.231894040103857790e+01 3.799279863287146952e+01 3.510759978455968167e+01 3.868428359442625464e+01 4.222308654050751642e+01 3.511951780514777965e+01 1.712974450050106867e+01 1.612296793988641497e+01 1.677004798696462373e+01 1.741996167004399254e+01 1.807718593803783236e+01 3.805585790510217237e+01 2.366337582838727016e+01 4.337802468029958902e+01 5.620657029068861732e+01 6.202980360078579025e+01 5.397995694008736223e+01 4.288101792420019365e+01 5.763019521480755003e+01 4.523795288725122532e+01 3.241823203490492489e+01
7.711341127313004785e-03 1.874439210020231528e+01 1.702223313568374508e+01 1.849983365470298846e+00 2.396137977489615878e+00 2.943521171703917361e+00 3.492566840172234066e+00 2.353084141001668428e+01 2.483853578477739532e+01 9.723067853556910833e+00 1.358114241173356973e+01 3.377773055317318551e+01 3.928822767862516230e+01 4.192732804868391838e+01 3.609116990094604205e+01 4.370149540121270348e+01 3.799205874340154310e+01 1.689341606999956014e+01 3.292660901219888814e+01 1.281299744369676397e+01 3.180714627640063341e+01 3.428070652171474109e+01 1.520851401510845591e+01 3.516273184668894203e+01 3.645343936812512453e+01 3.168917596920912061e+01 3.805587394613623786e+01 1.903196342277465192e+01 3.897443515404938807e+01 4.721071636411577543e+01 5.803425116523686000e+01 5.085333167225517315e+01 3.514747083800856586e+01 3.281907327671859775e+01 4.520437329633334400e+01 3.998110839511457471e+01 2.752797603487230660e+01
2.297228869525369630e-04 5.393935889041447940e-01 1.078753478874744376e+00 1.145459279877661274e+01 1.024200044580563684e+01 1.766560780610030079e+01 2.211336707134456248e+01 4.282340436925104576e+00 4.842177565597845401e+00 5.402740513331181660e+00 2.539977619927924479e+01 3.008447231795254950e+01 1.956294365858069284e+01 2.687789004795670422e+01 1.405065479555664076e+01 3.308228138974384080e+01 4.503322016101792258e+01 3.290487330443100689e+01 1.193727567413361257e+01 2.535004882639931978e+01 1.369319104555640365e+01 1.431751105178648054e+01 3.432688346433976534e+01 2.597307922219516385e+01 4.558336869124097035e+01 5.204382845043515715e+01 4.721835542492296156e+01 3.897464571287759583e+01 2.002502989548498391e+01 3.150263423639226446e+01 4.491819345284572051e+01 3.982163556707885022e+01 2.364824591058175685e+01 2.443257024460968907e+01 2.521289197203472199e+01 2.617679514471369018e+01 4.622480567982409383e+01
9.647730019007896146e-03 2.000964772568638139e+01 2.062605333417938880e+01 6.329193025648343074e+00 2.402954419745176651e+01 1.953912245429297911e+01 3.027450853164871347e+01 1.749748121220140362e+01 2.483897723328642471e+01 2.539963736736249444e+01 6.200563707803739000e+00 6.772248365867113762e+00 7.345312771121862205e+00 7.919273170478597912e+00 8.493831774976012383e+00 2.776203892360668490e+01 3.008933115496601118e+01 3.073218708246558606e+01 1.132923204514274396e+01 2.401732626877405608e+01 2.980112411859715138e+01 2.062764826661699402e+01 3.965821282770190948e+01 3.578953081031720984e+01 5.365987435175287601e+01 6.489494615875817374e+01 5.334890128621416494e+01 4.187078971980825770e+01 2.145765460867098540e+01 2.106546556234852474e+01 2.179903134605221027e+01 2.253964828675240994e+01 4.268879767904585520e+01 4.502150875423203047e+01 3.450954948943317646e+01 2.642864318403870172e+01 4.089544800884887366e+01
3.582433992925927561e-03 2.000358243399256963e+01 1.167901149183123266e+01 2.521943139821011215e+01 3.327333006963458217e+01 2.898800873493072672e+01 3.375231835103132028e+01 3.841203539074524542e+01 4.189670162963033562e+01 2.867040190665460031e+01 9.701014152035172700e+00 1.458922596433229302e+01 2.677393998699016109e+01 2.744242096055663893e+01 1.531641620640899859e+01 9.308758856419132144e+00 9.889340219514261676e+00 1.047002836520906044e+01 3.012092608978983677e+01 3.899336225827536140e+01 4.506759870580200555e+01 3.371417721366388065e+01 3.627147536275434447e+01 5.430754193018449882e+01 5.507768912713930121e+01 5.662558419890510208e+01 3.670167881817926769e+01 2.488936772660882113e+01 4.186340666450114156e+01 3.761260863208722327e+01 2.781225292366696777e+01 2.498744489885103093e+01 4.426778024271203549e+01 5.389684777154133144e+01 3.454079513798356516e+01 2.752499908640695381e+01 4.810648429982188645e+01
1.813270376062421294e-03 2.000181327037570611e+01 3.105411460259389855e+01 1.744714430829637664e+01 3.734678945530281879e+01 4.568889831845606864e+01 5.124880064549428482e+01 4.495472716194354490e+01 2.538934483279577137e+01 1.466713237164728234e+01 2.867047663681885084e+01 2.970855462424085758e+01 2.925924284465397207e+01 3.575154010336137844e+01 1.578530761171098717e+01 2.987210229449030408e+01 3.016251625717308471e+01 1.530406322455873003e+01 1.328595717916504348e+01 3.360604321908046188e+01 4.492433080945079382e+01 5.400842376119449284e+01 5.760241773465142501e+01 6.590270854661825695e+01 7.430515142410818896e+01 5.728007957013602436e+01 3.747743249549335331e+01 2.759980994560640610e+01 4.737609600320323011e+01 5.009327738384682505e+01 3.550732149991684139e+01 4.426937223346242689e+01 2.830783815918822555e+01 4.752698032820814689e+01 5.442917544608598490e+01 4.810009457918285136e+01 2.965175128991886666e+01
2.372884694381488524e-03 1.414450850842545648e+01 3.414450850842616347e+01 3.734678945530281879e+01 2.420319253298460538e+01 4.420830386176753990e+01 5.967124000078217705e+01 5.328831499442119934e+01 4.189860812013181146e+01 2.390540491317249305e+01 2.059658427251877555e+01 3.992180232232983883e+01 4.586341568440263927e+01 3.604896223195677152e+01 3.625612611810981178e+01 2.358758491679101255e+01 4.356763522244238374e+01 3.910207054843223062e+01 3.360604321908046188e+01 1.617067675173953489e+01 3.655912536259106105e+01 4.801048019145503787e+01 6.195804233311088183e+01 7.034391176933546319e+01 7.728895033311896157e+01 5.726878977801319337e+01 4.974800216488195304e+01 3.016250172589343848e+01 4.972970600056737567e+01 6.186829058344694232e+01 5.361865215635917536e+01 5.577564977739889684e+01 4.173898188576142587e+01 3.158680841998978295e+01 5.094979479308898362e+01 5.828028758773064766e+01 4.401860555640003270e+01
8.175220331382775790e-03 2.000817522033102591e+01 3.724522378250118493e+01 4.881562548702696347e+01 4.420830386176753990e+01 3.194326040823329649e+01 4.602917472922231923e+01 6.525630846648959960e+01 5.174667672122892981e+01 3.755735174794701692e+01 2.823300611446570940e+01 2.858539476516302713e+01 4.836996620000517311e+01 5.608225499667208425e+01 5.001959069388544776e+01 2.944703735873338601e+01 5.004218608377020416e+01 5.085720017132892679e+01 3.063669232014663280e+01 3.655914195072213602e+01 1.925456775404529353e+01 3.964483694343952180e+01 4.179412492674578061e+01 6.195804233311088183e+01 7.384169986700010213e+01 6.367617692125593720e+01 4.373920178424745586e+01 3.257841362528669293e+01 5.217553948746009240e+01 5.944258411163944800e+01 6.776212555083378675e+01 6.981231767154447709e+01 5.923060603992096418e+01 5.094980062822388334e+01 3.493894988834728110e+01 5.452572447148051538e+01 6.417843172331625112e+01
9.124702163186202558e-03 8.953396661075444740e+00 2.050041725504414813e+01 4.050610872357935222e+01 5.967124000078217705e+01 4.602917472922231923e+01 4.269273537152946574e+01 6.195666720119476878e+01 6.596845758207219035e+01 5.636570143851877646e+01 3.797390279341794184e+01 3.987866045313850805e+01 3.987866045313850805e+01 5.996930556152577907e+01 5.693396506254234879e+01 3.625862812622594333e+01 5.693396506254234879e+01 5.921207776592382288e+01 5.085720017132892679e+01 4.186143587025102875e+01 2.150621061046888016e+01 2.747663930655151177e+01 3.516456500359218040e+01 4.523650667787669732e+01 6.541836553213656202e+01 7.189855158237041621e+01 5.710115644534764101e+01 3.732852480931143191e+01 3.662276167166928786e+01 3.963579944677797329e+01 5.952860041583162598e+01 7.262087027073776824e+01 6.868518419532009034e+01 4.864960261641343209e+01 3.737757693241898238e+01 5.711763578614673520e+01 6.637213359539134672e+01
2.239863785106879172e-03 2.000223986378475161e+01 3.645100364586767938e+01 4.645100364588505926e+01 6.059313926969895192e+01 6.525630846648959960e+01 6.195710427634609374e+01 5.636264894905610134e+01 7.546708979094046299e+01 6.642451012594280257e+01 5.211200420060122696e+01 5.403992867869791183e+01 5.403992867869791183e+01 5.996930556152577907e+01 6.530813485491587755e+01 4.655880218125953007e+01 6.530813485491587755e+01 7.354399305570805723e+01 6.186660156613436357e+01 4.428206405353780184e+01 2.398252362719650321e+01 4.428206405353779473e+01 5.532155039615356884e+01 6.372636847741848243e+01 7.387067706068324924e+01 6.490306476740687458e+01 4.493995932608332566e+01 5.710259937299445454e+01 4.790658145272691115e+01 5.952860041583166151e+01 4.426719513444287202e+01 6.431619446981414967e+01 7.701616465058053507e+01 6.109653409846200134e+01 4.119877459387291196e+01 4.251405919053347304e+01 4.634843411608581931e+01
1.766589122093755728e-03 8.166732398399425108e+00 1.816673239839960274e+01 3.230886802213105113e+01 4.889230555313046267e+01 5.717836120546554213e+01 6.692713669842919444e+01 7.546708979094046299e+01 8.360217558731073950e+01 7.706935010717137402e+01 7.234596153391973417e+01 7.428408764847027612e+01 7.428408764847027612e+01 8.022343412533545859e+01 7.556248539473243397e+01 6.730912794382511777e+01 7.556248539473243397e+01 6.513813783876042862e+01 4.494034237953360389e+01 3.329607112310056038e+01 2.650062433807909912e+01 4.674998286052498031e+01 5.927467723572259217e+01 7.361515853888789707e+01 8.472641928604693362e+01 6.488255383718336589e+01 5.153854967343643523e+01 7.147915488314946231e+01 6.211123748993824734e+01 6.787146154295740530e+01 4.773684094372082143e+01 6.197548694594529906e+01 8.210560337847159929e+01 6.526607532185236948e+01 4.526610183705236068e+01 6.244480385252857246e+01 6.637213359539168778e+01
