LEM/sinusoidal_perturbations/elevation_000881.asc
nrows	100
cellsize	150.0
xllcorner	0
ncols	100
yllcorner	0
NODATA_value	-9999
[rows 51 to 67 of 100, columns 0 to 36 of 100]
6.455108993161302530e-03 2.000644008067716229e+01 5.984141799196427414e+00 8.524144339200258713e+00 1.119675675832452555e+01 1.397025773945069460e+01 1.688755756940863506e+01 2.013198599202394234e+01 2.421677751319345262e+01 3.214526395026096850e+01 4.049065734896156243e+01 5.130560148643375129e+01 7.081431395152145569e+01 7.898430674678147057e+01 5.859436298624930828e+01 7.898430674678147057e+01 7.026183493448419881e+01 5.019270411833555556e+01 3.844956359276524438e+01 5.867491685554168157e+01 7.108450146440365813e+01 7.141939011898740830e+01 5.741624393449444597e+01 7.141939011898740830e+01 6.559461903503282088e+01 5.488820719650851743e+01 4.710653786382292196e+01 2.865520411417173818e+01 4.897104931963596641e+01 3.341927611582130453e+01 3.525714830601807392e+01 3.710389503417194845e+01 3.895154080083348447e+01 4.248140245590720809e+01 4.609307215461113572e+01 6.595640217568393382e+01 7.364243087233735707e+01
3.995603441288198172e-03 2.000399560344093430e+01 2.598414040170940353e+01 2.266627995733896128e+01 2.533889237487628066e+01 2.811239335425098673e+01 2.505252337868575196e+01 4.013198306325723053e+01 4.430827234874752207e+01 3.426518881492587099e+01 5.435135588256917316e+01 6.772890052261469407e+01 7.905930083620845039e+01 7.177537300256150843e+01 5.169015272415767726e+01 7.177537300256150843e+01 6.838981732201527564e+01 4.825505504934825751e+01 3.379799104580798286e+01 4.247222944793183785e+01 5.677836545716772321e+01 6.322283713366491043e+01 4.328711093313915370e+01 6.322283713366491043e+01 5.740218477393465690e+01 3.841760087756586728e+01 2.670192155867379569e+01 4.710653878378670356e+01 5.734548064519461974e+01 5.530778529504035390e+01 4.937336160454366762e+01 5.701055691643126266e+01 4.523648567600102410e+01 6.232979616812752965e+01 6.595640217568393382e+01 5.146143286238411463e+01 7.137663315933406238e+01
4.804567899273937473e-03 1.415211198630279377e+01 3.427257385392674394e+01 4.266627481295566326e+01 4.533888623630105030e+01 4.811238622938632403e+01 4.505251923225418409e+01 3.919465897579497238e+01 5.919464490988445249e+01 4.848086004634302526e+01 4.848086004634302526e+01 6.852398654824122559e+01 8.010771085627173704e+01 5.975963895997483633e+01 4.592741107404436463e+01 6.571945123432870162e+01 7.431911030821525799e+01 5.415239037472258588e+01 4.839529686027086797e+01 2.802564667038799584e+01 4.839529686033383626e+01 5.567787138711450723e+01 3.561503047164986668e+01 4.622061816681031132e+01 5.443416001299886631e+01 4.580122433408064353e+01 2.534394983074809815e+01 3.233511583032125714e+01 4.664610836900826030e+01 6.676752461902820812e+01 6.933087097019709688e+01 7.174736076130905360e+01 5.181560308797645575e+01 7.174736076967924703e+01 7.137663315933406238e+01 7.137663315933406238e+01 5.740311562827917413e+01
9.707512844716031236e-03 1.415952536355991498e+01 3.421780017695247977e+01 4.128418314164358804e+01 4.961712065287003526e+01 4.890669622342561951e+01 5.721135770302444712e+01 5.919464490988445249e+01 6.747862096625198092e+01 6.852398654824122559e+01 6.852398654824122559e+01 7.681138917170517288e+01 7.854355833282470201e+01 6.060916843892270833e+01 4.104972121060040990e+01 6.060916844171993745e+01 7.206911173699965900e+01 5.906275726996569375e+01 3.880279375299740963e+01 2.448207299128257475e+01 3.982430715770760798e+01 3.831360411547940004e+01 3.932109654542176003e+01 2.587490537068968166e+01 4.143835722873695460e+01 4.271817273134239201e+01 2.402461114366156991e+01 4.452125292206410023e+01 4.404697004223893231e+01 5.560693883314863939e+01 7.590116557290933486e+01 8.018293816611303271e+01 6.168925568049630925e+01 8.018293816611303271e+01 9.166944824054245089e+01 8.588401250075050086e+01 7.145317295662233903e+01
5.001202446392439237e-04 1.982772411582136485e+01 2.623346635743587640e+01 2.125148747725069853e+01 3.342322942066447666e+01 2.888745497319507294e+01 4.564817509934614037e+01 5.721136754068658092e+01 6.497441570033862490e+01 7.332512469457356019e+01 8.392294617922470934e+01 7.241574886844446723e+01 6.404616619486229467e+01 5.015578938410644128e+01 3.655747775322463866e+01 5.599896251932219116e+01 6.365399177443882195e+01 4.326491691754803526e+01 4.700635493205563620e+01 3.982428582808157103e+01 1.969862547236291661e+01 1.782963929393694968e+01 1.884118518830116074e+01 1.986608082573352618e+01 2.091646971745053207e+01 2.218771940341637361e+01 4.271565356338024344e+01 5.290005615566357022e+01 6.416269376541231395e+01 7.265413348472407051e+01 8.453408268622382593e+01 9.029918681003863412e+01 8.180584020267029643e+01 9.030080732454051429e+01 8.864096894737058108e+01 9.310172712753160340e+01 9.178585066469324261e+01
5.279685921607564676e-03 3.167557346090128512e+00 6.370120422196561272e+00 9.703453755632294175e+00 1.341736052202254825e+01 1.733968326650395397e+01 2.888745497319509070e+01 4.890669627573995371e+01 4.488957853872147297e+01 6.497441570033862490e+01 7.560872368021220780e+01 5.554073163277067238e+01 4.433810269349174149e+01 3.753753062767542303e+01 3.237358627413314593e+01 5.185402404152770828e+01 6.503502026589981710e+01 4.313487697018276634e+01 2.622742926156192311e+01 3.548535850838089090e+01 1.640661208621929745e+01 3.686726946722308895e+01 2.810201233336719540e+01 4.042591743593145281e+01 4.144844380277729101e+01 2.361323077237037538e+01 4.388329609449987601e+01 4.668740007114404023e+01 6.697291891881896220e+01 7.524892732626389602e+01 8.316342809753530219e+01 8.544205508067055632e+01 7.687474005293306334e+01 8.274225600262978730e+01 6.830232591777776463e+01 7.265997569185846316e+01 8.355324286936576073e+01
5.738623160518319517e-06 2.000000573862280362e+01 2.637211245232623469e+01 2.125070624017343945e+01 3.342322942698866939e+01 3.148401440919991501e+01 2.441077917734696712e+01 3.073548023572800858e+01 4.073905575507993149e+01 5.494338534176841193e+01 7.544280492065344390e+01 7.241574886844446723e+01 6.404616619520550103e+01 4.787759633485510591e+01 2.822519328477564571e+01 4.787759633485510591e+01 5.445258642804321880e+01 4.352565249698880478e+01 3.536847725967599843e+01 1.505486245692440761e+01 3.548535860288857435e+01 4.526131798658605021e+01 3.992466505056356141e+01 5.676374154021188190e+01 5.230035851806935199e+01 3.793216066497780758e+01 2.627208527277894845e+01 4.668744920800789089e+01 5.799549451609684780e+01 5.525184528140552942e+01 7.208713002310140894e+01 7.365101138388310176e+01 5.673963836516980308e+01 6.859805133533501476e+01 5.424358546491919242e+01 5.853957663361066466e+01 6.332523067619246149e+01
4.532054705376768917e-03 1.414666767843645268e+01 3.414666767843715434e+01 4.125885335521341801e+01 4.955278088699156314e+01 5.150690034456503241e+01 3.855864399925502539e+01 4.075066584889883359e+01 5.910735161664751303e+01 6.928531269843153950e+01 7.384004294122851775e+01 6.542881565115183662e+01 5.852935158198250321e+01 3.883443611093668579e+01 2.474824340243515763e+01 4.460294329751018694e+01 4.596243243598577521e+01 2.728409168367206661e+01 3.091091883699900933e+01 1.411336541649118814e+01 3.096254321610117444e+01 5.515404419137908576e+01 6.002794183125521243e+01 6.833496563904078869e+01 6.666855338701567746e+01 5.509983259720302584e+01 4.668744920800791931e+01 2.903130811221928198e+01 4.959551184613111019e+01 4.368400448316174334e+01 5.775343079909283261e+01 6.077223620126084569e+01 4.529920212983605410e+01 4.866752495164347891e+01 6.859804879395196053e+01 7.864722440003879456e+01 8.355324286936576073e+01
9.001595176218036079e-03 2.000900159511461851e+01 3.326186341634801380e+01 4.106754041867057481e+01 4.964108127345194532e+01 5.998980877534893352e+01 5.860618793088792700e+01 6.080352284960110154e+01 6.912802288110158599e+01 7.979245159084190675e+01 5.947920283994253765e+01 4.538715624598189180e+01 5.275335728993423601e+01 4.146429057395394580e+01 2.140727981532746327e+01 4.146429057395393869e+01 4.436453337282106446e+01 2.090224506991642528e+01 1.277248471097759897e+01 3.208387539921427134e+01 2.821486780580352516e+01 4.251953572529147607e+01 6.345093922191531988e+01 7.201276984141462378e+01 6.366094608510371700e+01 6.611063820690202419e+01 4.588386051830436685e+01 4.959554228506409146e+01 3.206156920535333654e+01 3.434195862554293655e+01 3.754960922687035918e+01 4.074964986477026230e+01 6.077223559646829898e+01 6.859805218112953185e+01 6.008038584869761678e+01 7.160439374908139598e+01 9.202057877485796666e+01
5.674351268809080251e-03 6.330209897438741962e+00 1.299762593853258608e+01 2.057511494293182963e+01 3.071871654328064594e+01 4.535912950933725085e+01 6.615502648470925351e+01 6.866551817054475748e+01 6.042611904109232768e+01 6.866551817038674699e+01 6.694522506048024013e+01 4.687489318946708750e+01 3.299030047225195261e+01 3.840621704572254203e+01 1.812911903362501320e+01 3.413223608383808028e+01 3.898413144478547565e+01 3.088983743893405176e+01 1.180488261829174235e+01 3.221659747535353091e+01 4.844998570934438220e+01 4.593448552865844903e+01 5.422820162254917165e+01 6.042281453233097466e+01 4.366556938149688705e+01 6.042281499925728383e+01 6.611063810228495186e+01 6.099534056623061673e+01 4.670895738957874954e+01 5.477426007292478261e+01 3.939429537320047814e+01 5.951727772031662056e+01 6.916626883449941943e+01 8.069544070373507338e+01 8.023336237755725620e+01 8.874359989260861425e+01 1.005666466776839627e+02
9.518805923843161668e-03 1.904783156198000071e+01 2.267515449961068086e+01 3.019996515772524504e+01 4.299265747354385780e+01 4.485184032293113887e+01 5.265232789535149038e+01 5.863536461666684119e+01 4.029595979401683792e+01 5.863536461569710667e+01 6.970075428571611553e+01 6.111552554270765114e+01 4.391504959242860906e+01 2.421234169165904859e+01 3.413207529252947126e+01 1.351339761556483587e+01 3.026380921491728060e+01 1.063154306281038863e+01 3.004548265773079407e+01 3.976260949442201564e+01 4.251833986970484602e+01 2.593302993115024435e+01 4.267674468727228998e+01 5.211137919414954212e+01 3.216285161973022610e+01 5.087536030121344766e+01 5.916430331487496375e+01 6.810183974789907779e+01 6.685146911902241129e+01 6.790597758593597177e+01 5.105058207123295233e+01 4.470479192504581789e+01 5.222971957153074385e+01 6.107981001317866543e+01 7.105461261471519663e+01 8.274402731509758269e+01 9.729330844489723518e+01
9.062254805971973678e-03 1.899708416969281188e+01 3.559341573391632263e+00 1.657681955615898062e+01 3.126358719572877831e+01 2.573195755312109512e+01 4.485183536038483254e+01 4.847606145179886283e+01 3.024970772527790785e+01 5.036103941755455793e+01 4.972180949929128957e+01 4.972180949905793312e+01 5.222148166028497940e+01 3.618717729035601138e+01 1.610175838549438865e+01 1.077169639939947920e+01 9.962391821702992090e+00 1.030370748391665003e+01 2.347714632613060459e+01 3.090759898903268876e+01 3.126357638199385391e+01 1.528113892912967131e+01 3.388967718164056464e+01 3.792748642978829565e+01 2.464483515944847625e+01 3.093368824684923979e+01 3.983899035176177250e+01 5.394641046182221800e+01 7.394538546253579625e+01 7.953470379981449412e+01 7.108299892063018888e+01 6.467301694270774703e+01 5.085925458789844100e+01 7.083877191775135884e+01 8.378661748224260464e+01 9.058576383485682015e+01 9.913059374185613137e+01
3.063233560239582431e-03 3.153726731424949525e-01 6.277202025294907894e-01 2.016179981253791453e+01 1.175092257320640243e+01 3.127851514497189456e+01 4.196997567811408203e+01 2.838435993298405435e+01 2.316731427752282357e+01 4.325060990840417929e+01 4.972180949929129667e+01 2.980745391439991110e+01 3.713422818042180751e+01 3.522825609570637795e+01 2.094614309080250081e+01 9.516428019332302313e+00 2.114767067008450141e+01 2.466611277935176005e+01 1.079077701796024691e+01 1.386760362876284880e+01 1.177119977534621320e+01 1.211576902281766976e+01 1.819996089505591996e+01 1.811909402404499403e+01 3.792748642945402082e+01 5.087536028110265107e+01 5.916430166572138916e+01 6.810185973435142159e+01 6.865039091799036441e+01 7.081818254008416602e+01 7.900474560619359465e+01 7.929138273795797431e+01 6.490563786884487740e+01 5.784391714704761256e+01 6.355329743327914116e+01 7.018832477750703447e+01 8.027926430410012415e+01
5.666595628964066558e-03 1.996971498678272994e+01 2.058587406859441415e+01 1.069878473262797058e+00 2.059769693826375558e+01 2.323345111197663115e+01 2.712965896711685332e+01 1.420335739935614150e+01 2.838428203994411447e+01 4.847055007057320353e+01 4.868875239268597710e+01 3.708610210722561362e+01 1.715472586157148527e+01 2.843184098400308812e+01 9.085093782663111739e+00 2.887306203502289392e+01 1.778700097848903283e+01 3.336324139829851276e+01 3.160577529053160362e+01 1.128088589174099710e+01 2.948157051610797552e+01 3.178397509537541055e+01 1.258993100704436507e+01 3.119452142862184019e+01 3.752956457979325933e+01 5.626859071895784581e+01 5.862406285783578852e+01 6.276192676962060091e+01 4.868225084684042514e+01 5.087014335953353594e+01 6.829712569105035413e+01 7.979143696941603991e+01 8.516262460594369088e+01 6.933842264745500472e+01 8.378661748224260464e+01 9.058576383374217755e+01 9.913059374185613137e+01
2.110006612196471242e-03 1.978029023587643209e+01 2.771975924137704439e+01 7.471097271890257296e+00 1.512743429089254077e+00 4.291681396510745650e+00 7.167371888357077836e+00 1.608044274223895087e+01 2.765249188148862203e+01 4.772602149269425098e+01 4.014129923521800691e+01 2.003004100514346320e+01 1.035053450802140240e+01 8.666397485177332882e+00 2.851997241612898293e+01 3.697016230987532737e+01 3.363473409983314610e+01 2.713147573900058163e+01 4.507917796864886384e+01 4.525944647308286051e+01 4.272738202727737900e+01 3.267176421557494592e+01 1.291653588447305090e+01 3.187519188468666442e+01 3.737474979174992029e+01 4.096008736780912329e+01 3.859515319091283914e+01 4.820266654482175284e+01 3.451978928579585926e+01 4.007456840742361237e+01 5.163623963772342051e+01 7.161191391531974659e+01 8.713948786397763513e+01 8.970132011879908873e+01 9.820191432170560120e+01 9.857864482729985411e+01 9.017920556471857196e+01
9.367352646185668139e-03 1.653834870716208272e+01 3.430851021275069712e+01 2.756070825024386295e+01 2.075914160630726712e+01 1.955930526041612660e+00 2.199592265661874535e+01 3.536159334038049451e+01 4.442725439941404630e+01 5.604152506205591777e+01 4.875162305618897562e+01 3.854485901647919377e+01 2.821436109481424381e+01 8.377917883701082147e+00 2.818737807019389052e+01 4.307969876857526259e+01 5.037598035019939857e+01 4.596054064807826478e+01 4.176056971759672365e+01 5.202969251242759441e+01 2.829654062148236449e+01 1.779598237728510668e+01 1.864802677468734160e+01 1.336034580005649630e+01 1.657540700204945594e+01 2.020569627378972299e+01 2.404782822184728630e+01 2.805588947146618395e+01 3.974920333238494408e+01 5.975027626293555016e+01 5.008241762375168094e+01 5.907203228684130636e+01 7.320976206170179523e+01 9.290785389547151851e+01 1.000808458447120870e+02 8.847089351246312106e+01 6.999037714353177364e+01
3.648181865326004768e-03 1.414578741848987420e+01 3.414631587899188503e+01 3.683211010879154657e+01 1.696845829056525901e+01 2.270421593225494750e+00 2.201106090833369322e+01 3.212701536568030036e+01 5.113512383426671448e+01 6.357906196649467745e+01 5.580411877906418283e+01 4.228655255117898548e+01 2.208552593824137134e+01 8.090843502922771435e+00 2.773947648148216416e+01 2.453126099049672248e+01 3.727002744159322845e+01 5.741751052290885582e+01 5.496991052780047227e+01 6.089627432519564110e+01 4.540402536360662822e+01 3.578467636058869061e+01 3.222336483832248888e+01 1.367018564761287891e+01 3.344168366182959318e+01 4.095148540981472962e+01 3.860340092300746306e+01 3.974920339175485395e+01 5.644597832043950802e+01 6.796458551230935541e+01 7.007572827627116396e+01 7.826144616157610301e+01 8.713948789856901556e+01 9.742299269660939842e+01 8.574081580361281851e+01 7.142980378415222731e+01 5.987910353631649940e+01
