LEM/sinusoidal_perturbations/elevation_000137.asc
nrows	100
cellsize	150.0
xllcorner	0
ncols	100
yllcorner	0
NODATA_value	-9999
[rows 68 to 84 of 100, columns 0 to 36 of 100]
5.009162696260268353e-03 2.000500916269590590e+01 3.051285081505564989e+01 3.654307770660937393e+01 4.361414551847183674e+01 5.189841675320001002e+01 6.344542211118829300e+01 7.603707170766557510e+01 6.734460890527263643e+01 7.410103292891432147e+01 7.254655663876036442e+01 6.416621132115676573e+01 6.394022237888822957e+01 4.532796666049085132e+01 3.200162879409973726e+01 3.785379925630465436e+01 2.604527931446026656e+01 2.904669323629509137e+01 1.002145924436930535e+01 1.612346157280146031e+01 3.693668938449803818e+01 4.310606204635308814e+01 5.838707874536567743e+01 8.007767103363221395e+01 7.694244937123808370e+01 6.904783468494603937e+01 7.694255149875033339e+01 8.210103746861034324e+01 7.363222834400555428e+01 7.787709607107905185e+01 6.389464424246430241e+01 6.651196058668436706e+01 8.049611440557771402e+01 8.450856702698527556e+01 7.587018189762126497e+01 5.915116337583891237e+01 5.185414746132358488e+01
4.695337527364121070e-03 8.948967247526443458e+00 2.049597263131875380e+01 3.463810825504920388e+01 5.463810825504849333e+01 5.982005412512946663e+01 5.388917557261525815e+01 6.216642439741915638e+01 6.511261314080049090e+01 7.333673556421010176e+01 6.417254773522404321e+01 4.393561418612345904e+01 4.986449965164364784e+01 5.753069253450131981e+01 5.078013685103226749e+01 5.367106284230975177e+01 4.532756069847929581e+01 3.026690295836689515e+01 1.036232718649460871e+01 3.027453411389670990e+01 4.351024646938774509e+01 5.043738798661792089e+01 5.912684568367895821e+01 7.290445530919069483e+01 7.371056872531708848e+01 6.546256823883557274e+01 7.371056906872061631e+01 7.043082659387737010e+01 5.351497563483518860e+01 7.043082659387737010e+01 8.365405911863805954e+01 8.627117811453446450e+01 8.439373737091155192e+01 9.267029676633819690e+01 8.740459847767931478e+01 7.913944396248848534e+01 6.186065860467902411e+01
7.614146464036155443e-03 2.000761414646368053e+01 3.723323849498734006e+01 4.278537892666200548e+01 4.765181413463785276e+01 3.603262154100372783e+01 3.463516401907124020e+01 5.113282855435560492e+01 4.534221217957448147e+01 6.511261314082672413e+01 6.155405507467589388e+01 4.130714207102555235e+01 2.969338708533899052e+01 4.115322309687017821e+01 4.948115337428487237e+01 5.927418093073185901e+01 4.382830372619217485e+01 1.080016959883406180e+01 1.168262790529594675e+01 2.843572314866920081e+01 3.473770078690524343e+01 3.033417973227905762e+01 4.267616693521512872e+01 6.407742945692103831e+01 6.377430341498489952e+01 4.560675845552398044e+01 6.377398278224250561e+01 6.186964202736205465e+01 4.280421450592612587e+01 6.186964202736091778e+01 6.808724684000030436e+01 7.633356053383910478e+01 6.465732003954754248e+01 7.970013455114619205e+01 8.772616421160627453e+01 9.016248691973233065e+01 8.189288304424921705e+01
2.352828262072654761e-03 2.000235282826171712e+01 2.607193446698330419e+01 2.329021079130970762e+01 3.262029558287431996e+01 1.910734805274506698e+01 2.489399744702260975e+01 3.124669448410173445e+01 4.534221217957448147e+01 6.511261314085200524e+01 6.994260887050846520e+01 5.825259824733625891e+01 4.115322309686997926e+01 2.114456777553468214e+01 3.418844713512709887e+01 4.237060296196300158e+01 3.138865941137199300e+01 3.081268610392804419e+01 1.118748924008303902e+01 1.227362676019100718e+01 1.874125937495218963e+01 3.873697206256077408e+01 5.555126321808017309e+01 4.987121102232404724e+01 5.553466092075311167e+01 3.565401758967794876e+01 4.559433975255170424e+01 4.760907996550768218e+01 3.622505693420698947e+01 5.284593984690287982e+01 4.827831638246632195e+01 6.040615069878947452e+01 5.366786597027058292e+01 5.682955020493345444e+01 7.033779745318199161e+01 8.055261355515989408e+01 8.758421001967160180e+01
6.786455232800275850e-03 3.021899901010443035e+00 6.071871307662549455e+00 9.234148967830956067e+00 1.261476601390423724e+01 3.025705274256726796e+01 4.382720117274138261e+01 5.113282855435560492e+01 5.933947388926512190e+01 6.537452949147267134e+01 5.708589426663465360e+01 6.039020033688314015e+01 4.091712393503405565e+01 3.378021579101014993e+01 1.427080344236273568e+01 3.222386167313727867e+01 3.144847296116754976e+01 1.160648802442555549e+01 3.095357705065340426e+01 3.145478954045936604e+01 1.387186405169218339e+01 2.759283965019452012e+01 4.352237534597939828e+01 3.562454772518285750e+01 4.121785319830778604e+01 4.289233025741709326e+01 2.583101959397406944e+01 2.776624724030839886e+01 2.974076717359374555e+01 3.313298820322643223e+01 3.669797634199836978e+01 4.053340908402633858e+01 4.496499784874649919e+01 4.991494379788253610e+01 5.505022961384392488e+01 6.082576103774307796e+01 6.769585184917779941e+01
3.257643153035955173e-03 2.000325764315267918e+01 2.607193446698330419e+01 2.337629079852047553e+01 3.262029558246754846e+01 2.077995908170882799e+01 3.078198724851020529e+01 4.233551341350413821e+01 6.236424334860662810e+01 5.708591582032624245e+01 3.709975510005009625e+01 4.294335947426881717e+01 4.010462924405725715e+01 3.143870119592199686e+01 1.282358178653841740e+01 1.245047336009987582e+01 1.208633668137619210e+01 1.765505113644066526e+01 3.509422195475456618e+01 4.157087314660641653e+01 3.337360387779552440e+01 1.568057004537636878e+01 3.533007290543405787e+01 2.799311367730875943e+01 2.158030900280837372e+01 2.322205965848581855e+01 2.690484533697423686e+01 4.670317179362772464e+01 4.969121959516223086e+01 3.370791570767242717e+01 5.368672801182183463e+01 6.040615069878946031e+01 6.481513562729519151e+01 6.950867189090098464e+01 7.460474372834625001e+01 8.055261355515989408e+01 8.758421001967160180e+01
1.880098487986705483e-03 1.414401572221881231e+01 3.414401572221810000e+01 4.337663910912557697e+01 4.908309602664812843e+01 3.492670063079076925e+01 3.492670063079035003e+01 5.494302113671409415e+01 7.068778423242198983e+01 5.654151885498529850e+01 3.573883017846198840e+01 2.276655628476020254e+01 3.025737269915830296e+01 1.334946543062600810e+01 3.262821372418042642e+01 3.226818847764786113e+01 1.918046705223882853e+01 3.508503547749872808e+01 4.327033802623952852e+01 4.945180702310143062e+01 2.963255668915088492e+01 3.148422034451073159e+01 1.765011663401579867e+01 1.927455541231925196e+01 4.012600982643963476e+01 3.707077628312295303e+01 4.669995451882248005e+01 3.255019817636971169e+01 5.244809883040294807e+01 5.368672801182184173e+01 3.787305193719276986e+01 5.779668495021958563e+01 6.644529020418308107e+01 7.109586205317319241e+01 7.619602951221199305e+01 8.445666859680558503e+01 9.335795969255801197e+01
2.900726248362994839e-03 8.167866535525694971e+00 1.816786653552587083e+01 3.231000215925732277e+01 5.231000215925802621e+01 5.494302114907940648e+01 5.494302113684863542e+01 6.323949143327014610e+01 6.281284375321057922e+01 5.119464342335309226e+01 3.900624719265629636e+01 1.470566817201837395e+01 1.386984405789551822e+01 3.311598659474140760e+01 3.215557957003085221e+01 4.692734180352050544e+01 3.312649372329303787e+01 3.312596850777731561e+01 5.288065153158645870e+01 5.765714030060734530e+01 4.930140210736914952e+01 4.436493686881495080e+01 3.733281783753464111e+01 2.175664134465942112e+01 4.144415127617142502e+01 5.678645508161378075e+01 6.061485889617813427e+01 5.244809883040294807e+01 3.885427264478187226e+01 5.873490761359663992e+01 5.779668494200104334e+01 4.218868133741255377e+01 4.668206653107158388e+01 5.136537538699301564e+01 5.644343304438354636e+01 6.521388148212788849e+01 7.663476506445981329e+01
5.081304048347549951e-03 2.000508130404799090e+01 3.645213778298658980e+01 4.645213778298676743e+01 5.341332347537377956e+01 5.081969409715463115e+01 5.912622411712080606e+01 7.069945242015927533e+01 5.420864275663508636e+01 3.023547219022321642e+01 1.776007440185432884e+01 1.438257508168931409e+01 2.870505779631170284e+01 3.695824010870657617e+01 4.731877618125425045e+01 5.831493750340634108e+01 5.290578727468717091e+01 5.288066989630260650e+01 6.105055879869790658e+01 7.226123181252894767e+01 5.249054195238102238e+01 4.106348068839904641e+01 3.222802416443713014e+01 2.499190390947412865e+01 4.473665957167649054e+01 5.882642124817431295e+01 7.029935674487322217e+01 6.341145888437612399e+01 4.357053218759963897e+01 6.341145888432490807e+01 6.614750028812136406e+01 4.638183302896805316e+01 6.614750030430973027e+01 7.109586205317319241e+01 7.619602951221199305e+01 6.778818761992455677e+01 7.923163239543518443e+01
4.469920835086939326e-03 1.414660554456616204e+01 3.414660554456545327e+01 4.755913115474245956e+01 3.340994426279115004e+01 3.081474752502747805e+01 4.236196666434598512e+01 6.237938694356600422e+01 6.281792051268423904e+01 5.129718257544747928e+01 4.194869094711415158e+01 3.405633882289167502e+01 1.489265310671647669e+01 1.917222528321019936e+01 4.116824256558524553e+01 5.523229248776087985e+01 6.362800962950085903e+01 6.108762508181112594e+01 6.942021149850887696e+01 8.048094215239741800e+01 6.905390912134149062e+01 6.020256031323096835e+01 5.072713805523419950e+01 3.089202716531468340e+01 3.076095291436009305e+01 4.219651892609610400e+01 6.203532885185249768e+01 6.852679090360707903e+01 4.871519518280395999e+01 6.852679090360707903e+01 7.437913559266260677e+01 6.034536998801467433e+01 5.317673877688076800e+01 6.709833935881451339e+01 8.697174085883602856e+01 8.768221948731715543e+01 9.596277806053596748e+01
2.324776005098761877e-03 2.000232477600474468e+01 2.702591913947714630e+01 3.073992827854274523e+01 1.926772222738120988e+01 3.926879838751055729e+01 5.273846359828717567e+01 6.273922810097723612e+01 6.654418320975679535e+01 5.808824429436550929e+01 4.644683414917746944e+01 2.303199808721539910e+01 3.128351668959270526e+01 1.540383102567456319e+01 3.656557981488769116e+01 3.410958678519914145e+01 4.788046095968655891e+01 4.021020753270961023e+01 5.513915170356217033e+01 7.549044555423803615e+01 7.482392288867112029e+01 5.482874765226324598e+01 4.079546226294841205e+01 5.072894817886412255e+01 3.586333850229411979e+01 4.693801983626745056e+01 6.679250964886780650e+01 7.513557135482213312e+01 5.530923000117704902e+01 6.487479957373548700e+01 8.477628886660343710e+01 8.015508200456525856e+01 6.196053799062505618e+01 6.243713273582610412e+01 7.229625957658906543e+01 8.637825525846788821e+01 1.063908222025229549e+02
8.699724428260374037e-03 3.490252843542224870e+00 7.025786749474977277e+00 1.073969351301604647e+01 1.628669547528246397e+01 2.445166133983802936e+01 3.445166496417810009e+01 5.445256494216545207e+01 5.927569919618656513e+01 4.270625328151383826e+01 3.342031288366646891e+01 3.423812017859182788e+01 2.719966463101130216e+01 1.576406101185422060e+01 1.803113952499465356e+01 2.184217887489160503e+01 2.668889731025026535e+01 4.788046095968661575e+01 6.364127727255171862e+01 7.134690579457316062e+01 7.953599895378066265e+01 6.902262571631958110e+01 5.071319186914740129e+01 6.100380770633583438e+01 4.117486974243411879e+01 6.100380770633583438e+01 7.506627958722589256e+01 8.340691749470181549e+01 6.517798174463185035e+01 7.513557135482213312e+01 9.305281223689495107e+01 9.005199261243181752e+01 7.335403511274155619e+01 7.383494577579746476e+01 9.053656235010606679e+01 1.005183480464166905e+02 9.916597004264883708e+01
2.249585233037712084e-03 2.000224958523268270e+01 2.702591913947714630e+01 2.228670073800208939e+01 3.628701571586040586e+01 2.893581493108661817e+01 4.307809858801653036e+01 6.273922810097723612e+01 6.654878701486482839e+01 5.811161452097717017e+01 4.681371318944770366e+01 2.937472908630603285e+01 2.361557569145637814e+01 2.941128804945520159e+01 1.627000408984592283e+01 3.691484278859743995e+01 4.770206602225911752e+01 3.619978921736827715e+01 4.333953716002472589e+01 5.291784209229049196e+01 7.155891696129179991e+01 7.904406765914058042e+01 6.478041179914144720e+01 6.801068224458065004e+01 4.819224824091550374e+01 5.735645270015697861e+01 7.723267639461735712e+01 9.337665350624817506e+01 8.509316096501244431e+01 9.337665350624817506e+01 1.033757135246820411e+02 1.015718792365540679e+02 9.330145349462985394e+01 9.378596339285157057e+01 1.020589733623010034e+02 1.071854540221005578e+02 9.087063523278530397e+01
2.739267172789772273e-04 2.000027392671692539e+01 3.244500260339263775e+01 4.228725184289157113e+01 5.057384795249800646e+01 4.893666224474383597e+01 5.722373595182587280e+01 7.136937331564199383e+01 7.208881914473849406e+01 5.305139526333202582e+01 4.010268504161308556e+01 4.677170603485943445e+01 4.111095394865920838e+01 3.450810256355244832e+01 1.911618523341333642e+01 1.677140435984537703e+01 4.057664074239939112e+01 5.042560570187654179e+01 6.365005097239274079e+01 7.134190495154797418e+01 7.542994358945020394e+01 8.682131303328701222e+01 8.501982561882729783e+01 7.628731271162455130e+01 5.807511702314325674e+01 7.628731271162455130e+01 8.552893933811154170e+01 1.006114036947669916e+02 9.231206425704438345e+01 9.231206425704438345e+01 1.123355122649113440e+02 1.044078961911563255e+02 9.593600707492146284e+01 1.044078961911563255e+02 1.131124028384974878e+02 9.300600475175826887e+01 7.904142188948007686e+01
8.327778614586212741e-03 4.097306344624859875e+00 2.415434603922263079e+01 3.516122612969690664e+01 4.031367746416896125e+01 4.607126422078266614e+01 5.271222836807281453e+01 6.103028130631616932e+01 7.095114752609451614e+01 6.659098646359089457e+01 5.862786743464132400e+01 6.205144390251636821e+01 5.388507237257906723e+01 4.359935733130103586e+01 3.509354347475589719e+01 1.712334392995697030e+01 2.607327309830873929e+01 3.834048303912004485e+01 5.806432507472841564e+01 6.918561590757178692e+01 7.415460174471949983e+01 6.347243228459112174e+01 7.804683589712509217e+01 8.624789327947718220e+01 7.794624746601800780e+01 8.624789327947718220e+01 9.066430487719625830e+01 8.239441192183176099e+01 7.247675958661918116e+01 8.645085317229749933e+01 1.064622795497715657e+02 9.442994644111966807e+01 7.618599246879837494e+01 9.260895810446319842e+01 1.010386274385084278e+02 1.071854540221005578e+02 9.828555855963162458e+01
6.510866554257996840e-03 2.000651086655390287e+01 1.032434847187586691e+01 1.498301277102305029e+01 2.009152179392015825e+01 2.579465522286170298e+01 3.235108533045958978e+01 4.188692112773799181e+01 5.944924443577186679e+01 8.160963753034636170e+01 6.598480426583640224e+01 5.414212873874127752e+01 3.489872375556146267e+01 2.860387518204255386e+01 2.261981582059910423e+01 1.747284049778664183e+01 2.134016981008390346e+01 3.974177641685277251e+01 4.309803040778226091e+01 5.361081959480114278e+01 5.716209306734067042e+01 4.849751376813657089e+01 6.156138434827414585e+01 8.508330822329391196e+01 8.803421672132850517e+01 7.978003984955742567e+01 7.496778648622358787e+01 6.274540793878576039e+01 8.239441192183176099e+01 1.006114036947669916e+02 9.773232727893405070e+01 8.606099977185988337e+01 6.659755579775320200e+01 7.294507618375889990e+01 9.260877820195676691e+01 1.052126078044875896e+02 1.072478696753402119e+02
8.953482861371391335e-03 2.000895348286101694e+01 3.045771966076075898e+01 3.516122612969690664e+01 4.031367746416896125e+01 4.607126422078266614e+01 5.271222836807281453e+01 6.103028130631616932e+01 7.095444971346290686e+01 7.695989145589906855e+01 5.807787191900003165e+01 4.514205106367097642e+01 5.414185375275782519e+01 4.160137970616226966e+01 2.499842273707519880e+01 1.782102969451672791e+01 3.731866895288742114e+01 2.697990151957494120e+01 3.101787560729004767e+01 3.529253473725449197e+01 3.985747563531484161e+01 5.054301390351961487e+01 7.068324634400657658e+01 8.670980642015906881e+01 7.664969146481199402e+01 6.014873147832524580e+01 5.540212305819883909e+01 7.496778648622358787e+01 8.239441192183177520e+01 1.023237882609777500e+02 8.934196560378583740e+01 6.970446609341014721e+01 5.924715916687360817e+01 7.870452542932943629e+01 7.694304274353670792e+01 9.107967597561487594e+01 1.025845009248599808e+02
