LEM/sinusoidal_perturbations/elevation_000579.asc
nrows	100
cellsize	150.0
xllcorner	0
ncols	100
yllcorner	0
NODATA_value	-9999
[rows 51 to 67 of 100, columns 0 to 36 of 100]
6.455108993161302530e-03 1.414836406845859607e+01 3.412914615123401774e+01 3.934062746307576930e+01 4.110103413016832263e+01 4.029234159457457309e+01 3.238121901924292700e+01 1.665129729271130898e+01 3.665043151874451155e+01 5.222143662466262271e+01 5.222267660278316725e+01 6.050776871177104255e+01 5.909954799148409421e+01 3.907946662739725951e+01 4.638382684361675956e+01 5.638623690338318539e+01 7.055454960983121282e+01 9.071327609597371122e+01 9.325490304539043507e+01 9.438413811856710822e+01 9.148455005055599543e+01 7.113606455563838438e+01 5.679510163554202506e+01 4.849691769251199958e+01 4.461438680093349518e+01 5.268140470074619230e+01 7.299467653523117860e+01 9.143560222299971940e+01 1.012976250160087943e+02 8.158044295784191036e+01 6.993341638121853521e+01 7.347114700058659764e+01 5.303815986857968312e+01 7.347114167975715304e+01 6.605502886338372548e+01 4.533303163936175650e+01 6.365418794262843960e+01
3.995603441288198172e-03 1.414613122717211269e+01 3.414613122717140214e+01 5.270749986511348339e+01 5.523079510426273941e+01 3.526334132590024950e+01 2.112343389185178921e+01 3.664712992893264953e+01 4.493336009976518852e+01 5.960888816950714642e+01 6.784690105700599361e+01 7.780652147610851443e+01 6.744200211417673074e+01 5.909954799148409421e+01 4.802329257759629400e+01 6.806042685535683745e+01 8.484307723371078680e+01 8.752323820711572466e+01 8.163453674470659394e+01 7.422524831826146396e+01 8.843659660253342736e+01 8.548709199929226088e+01 7.536082620627568929e+01 6.014743538980729198e+01 3.981100779725128547e+01 6.014743538851936222e+01 6.275617041641779537e+01 7.882830528947778248e+01 8.897617507350132371e+01 8.158044295784191036e+01 6.171425650162854026e+01 6.696397774825986460e+01 4.624372089735857116e+01 5.845789725481271404e+01 5.622023372237288186e+01 3.926628481148033245e+01 4.275588449668572366e+01
4.804567899273937473e-03 2.000480456789891903e+01 2.432103719883514259e+01 3.851994720429644303e+01 5.022378678791335460e+01 4.937633635996628811e+01 4.111455155918930870e+01 2.590435166069684669e+01 3.257099014718613006e+01 3.964162751503613435e+01 4.963646093054268960e+01 6.958131540847172403e+01 8.227303946120358091e+01 6.217336995726028448e+01 5.957279282136722998e+01 7.642267554677748365e+01 8.576090633994989787e+01 6.734438777319434166e+01 6.142521426086202041e+01 5.991437518493263781e+01 8.012965043957863998e+01 8.133373852864450271e+01 6.101150074066401885e+01 4.664454819617832726e+01 3.647237217467716164e+01 4.243191337172808630e+01 5.012185523012301047e+01 6.027366491797651804e+01 8.059253322088163429e+01 8.414149844348487761e+01 6.431733836180943342e+01 5.245127823378776810e+01 5.845765676878417594e+01 3.747711827516661032e+01 3.514375449113705230e+01 5.622031959473478224e+01 6.365418794262843960e+01
9.707512844716031236e-03 5.009707636077229687e+00 1.017368786456879448e+01 2.172281439180870066e+01 4.179038841654025305e+01 5.961476346805249449e+01 4.577995441249839814e+01 4.589000683980250272e+01 3.193457321371853652e+01 5.191404391485379932e+01 6.784690105700599361e+01 7.780652147610851443e+01 9.067198113629480360e+01 8.227303946120358091e+01 7.965475056381198726e+01 8.804737507245792472e+01 7.744940746768874362e+01 5.722282264615745362e+01 4.707444836569384705e+01 6.523092145714127810e+01 7.357160294248234322e+01 8.016096023869152987e+01 6.844200090387985824e+01 5.366688627812047940e+01 3.335058132427220556e+01 4.771452321282664855e+01 6.803715824337236029e+01 7.882826909551509686e+01 8.897617507350132371e+01 9.232262768778258533e+01 7.682956682971571638e+01 5.762239122453071616e+01 4.443549783547678089e+01 5.340384117783540319e+01 3.241118673345616230e+01 4.737108926236675899e+01 6.796820726247034372e+01
5.001202446392439237e-04 1.998385197923700574e+01 3.019343142052320417e+01 2.086673142169422235e+01 3.088058347874746445e+01 5.113233482513069106e+01 6.534536321284039673e+01 5.638027753589067004e+01 3.640667357582372432e+01 5.638027753589067004e+01 6.968195699208717997e+01 7.632457200324465418e+01 8.454364164393228975e+01 9.448138936293780432e+01 8.797306697471901771e+01 7.788762289843269571e+01 6.955553521745076750e+01 6.093447011706377481e+01 4.063756098425986352e+01 4.495235697965294719e+01 6.188784470379238911e+01 7.177054635256354231e+01 5.145294823037227161e+01 3.971834640320016518e+01 3.065713280716857980e+01 4.499999335059814598e+01 6.532143505887482604e+01 7.749433204358456351e+01 7.749433204358466298e+01 8.586569350235345155e+01 8.421945437641292642e+01 7.322378237535555456e+01 6.504248820772131978e+01 5.123814239172831719e+01 3.032956341008124568e+01 5.124408929975437132e+01 5.812641246853054611e+01
5.279685921607564676e-03 1.155146529790254384e+01 3.151835295689924976e+01 4.095918966869083988e+01 4.935075595093489653e+01 5.965626299019577061e+01 6.653925550465838512e+01 6.462349491229646503e+01 5.053912887014086408e+01 4.396494629859128622e+01 4.973631426005690770e+01 5.639672696977204680e+01 6.637319415561789526e+01 8.627594985087146995e+01 7.966394705066134918e+01 5.944712338424026399e+01 4.929666992613573484e+01 4.210207265474126359e+01 3.644135683967937211e+01 3.317858468677118111e+01 5.352308679728427165e+01 6.707118937037068918e+01 6.278095072870646476e+01 4.246450899854681893e+01 2.814491540200413056e+01 4.246450985343290796e+01 6.278125433817896806e+01 5.721206249012855949e+01 5.721206249012855949e+01 7.749433204358466298e+01 7.606987705847534187e+01 5.153662878495141797e+01 5.239642289086823013e+01 4.624937765648839161e+01 2.829008951016064799e+01 3.676508298545563491e+01 5.362956882149834570e+01
5.738623160518319517e-06 1.997627533898965879e+01 3.955756683938510321e+01 4.948073794685809901e+01 5.776499803872768979e+01 6.068137971368714290e+01 4.653925591698012454e+01 6.068137971368771844e+01 7.048205786458136402e+01 6.392414589183820794e+01 6.968195699208717997e+01 7.632457200324465418e+01 8.454364164393228975e+01 9.448138936293780432e+01 8.797306697471901771e+01 7.788762289843269571e+01 5.868244756836084974e+01 6.239294470410304427e+01 4.908355246882637601e+01 2.856934647956012086e+01 3.844866373020450823e+01 5.275992655028758804e+01 6.033574720569915684e+01 4.002658137398111649e+01 2.573047767204273839e+01 4.597489692104807091e+01 5.409436504654865985e+01 4.289776862179849815e+01 5.721206249012446676e+01 7.749433200248381581e+01 7.573616817238725218e+01 5.191128082109561603e+01 2.865570533195059255e+01 2.552041824428591710e+01 4.625160559394500126e+01 5.755763998579285357e+01 6.653917650240994419e+01
4.532054705376768917e-03 1.414666767843645268e+01 3.414666767843715434e+01 2.948073806897068394e+01 4.202074053328352932e+01 5.030500310326667091e+01 3.239712029346389954e+01 5.173710973633916410e+01 5.720424419168612218e+01 5.897347184045485591e+01 6.725773022300764126e+01 6.431869659631409775e+01 7.260294861532307209e+01 8.414994057907277636e+01 9.314208208946948275e+01 8.721065020687051117e+01 7.890276365057036401e+01 6.653133150098689441e+01 4.544717922215705386e+01 2.536259331313459953e+01 2.416339601816905613e+01 4.025758712248677540e+01 4.863216285239550984e+01 4.360546686479992928e+01 2.338613246455219041e+01 4.360546673811488461e+01 3.385260897287383841e+01 5.409436504654865985e+01 7.153887798315300017e+01 8.000230659914279840e+01 6.763994694422787290e+01 4.663379132871148869e+01 4.428890985277312353e+01 2.358622049596566228e+01 3.821613365553404407e+01 5.894988851286479559e+01 7.014827025350437850e+01
9.001595176218036079e-03 2.000900159517586374e+01 2.557671005730653491e+01 1.793373268517870045e+01 2.202074060897497887e+01 3.314634760737254737e+01 2.345284838346506007e+01 3.897962585302236960e+01 3.720424445082162634e+01 3.897347201567271924e+01 5.277169136124976490e+01 4.431869685392050684e+01 5.586570223768472232e+01 7.586570162825513819e+01 7.319589394848760833e+01 7.903799719617400399e+01 8.311484696158940721e+01 6.278986538879972557e+01 4.777048256048668406e+01 5.157894741521238302e+01 4.024909292911780767e+01 2.007219623629753613e+01 3.630802089992113224e+01 3.834370377105385330e+01 2.108943647656667864e+01 2.595109744424111398e+01 4.022291672617713942e+01 6.046201272653091507e+01 6.495571806905856249e+01 6.103658201766238278e+01 6.640105664025357157e+01 4.496732709704230757e+01 3.271673132589156552e+01 2.176219118741078518e+01 4.238577684340578600e+01 5.287727415841271039e+01 5.610653573444426456e+01
5.674351268809080251e-03 2.000567407058657565e+01 5.576710081223730242e+00 7.933732685178878974e+00 1.047373522518266853e+01 1.314634764430688918e+01 1.589355892328064712e+01 1.897962592252243397e+01 2.306210882716099420e+01 2.742646663188076772e+01 3.277169147012907047e+01 4.691382709370591186e+01 6.691382672249477537e+01 7.903799719616337427e+01 5.893499174139780905e+01 5.893499174139780905e+01 7.309362537250781600e+01 6.382266089058119718e+01 5.400156211911328796e+01 4.239176138602886112e+01 3.410359761648354038e+01 3.392192501680212047e+01 1.613692462268043926e+01 1.816668850455922879e+01 3.834370193148203043e+01 4.615489583643689286e+01 5.280648824088692805e+01 4.725243199116034987e+01 4.418769817023887470e+01 4.797295440521449450e+01 5.977440822541084486e+01 4.672392872871865421e+01 2.374986631980796759e+01 1.995331349322990633e+01 4.023057542165652478e+01 3.193885112170212182e+01 4.300511873870649282e+01
9.518805923843161668e-03 2.288730335116597292e+00 2.228873036725412149e+01 1.687800459517787743e+01 2.461587084877155363e+01 3.314634760741162012e+01 2.744056430707295746e+01 3.897962587190271222e+01 2.628259335592452217e+01 4.628259327618979313e+01 4.375639824836444092e+01 4.691382709370591186e+01 6.691382672249477537e+01 7.903799719617478559e+01 5.893499174139780905e+01 4.458948670379570700e+01 5.619541569287870431e+01 5.603654938612406511e+01 3.774949189727344390e+01 2.785016534551199285e+01 1.426432111073093267e+01 1.383140904309402153e+01 3.397853554002941223e+01 3.804570344539467897e+01 4.090717433401950132e+01 3.919802373713622501e+01 3.788751941954835445e+01 2.547793331118723970e+01 3.389443758374465432e+01 4.856776232406540572e+01 4.065575119226876666e+01 3.250257785573613489e+01 1.916102822708246123e+01 3.343215858626241044e+01 2.079337571001553897e+01 2.138797787170122788e+01 2.611662556039896188e+01
9.062254805971973678e-03 2.000906216194405474e+01 3.057301199129267033e+01 3.687800467314514208e+01 3.320793620649482847e+01 5.290007762607444164e+01 4.158269993060269343e+01 5.182959520784014273e+01 3.182959531817671461e+01 5.182959520784014273e+01 5.789853385932884322e+01 6.691382672249477537e+01 7.519807527105044187e+01 7.389967892155158324e+01 7.309362537250781600e+01 5.619541569287870431e+01 3.592592385081098882e+01 4.435228597161935937e+01 3.592906319188472253e+01 2.267614919587781230e+01 1.334809299862795839e+01 3.330644061440440140e+01 1.432845247317916915e+01 3.125211184357309691e+01 1.533006673007592191e+01 1.568881459950551616e+01 1.839337108761702311e+01 3.128770937892904769e+01 3.692814090135194505e+01 3.736308386630806666e+01 2.113296183895055336e+01 1.838115983282851218e+01 3.855308616014504253e+01 4.430160074398941816e+01 4.084099636694510593e+01 3.943816370475948219e+01 2.223431756935106307e+01
3.063233560239582431e-03 2.000306323355988525e+01 3.572992186508995616e+01 4.401419311255155975e+01 5.320793471140955688e+01 6.149212585060521974e+01 6.158269958578860326e+01 5.938888460098112176e+01 3.938888477836099611e+01 4.815952693357780134e+01 6.815952634948428113e+01 8.618276086918145040e+01 7.389967892155158324e+01 5.374597594921239363e+01 5.744424935160367340e+01 5.077845601595004865e+01 3.051954385325662145e+01 3.617946305281033403e+01 1.657436813280862253e+01 1.286544315993972631e+01 3.298687388595417502e+01 3.805312045157995016e+01 1.458966143179711139e+01 1.481651536879989806e+01 1.915956482712682174e+01 3.014009971986328296e+01 1.619109324852470522e+01 1.654662117749737504e+01 1.690192683334124624e+01 1.725609305975596186e+01 1.760820849319788195e+01 3.001031645850557084e+01 4.440759756900743582e+01 5.503300065523531970e+01 5.631034530735777821e+01 3.519160196450314260e+01 4.375541475170097527e+01
5.666595628964066558e-03 7.564956055813475189e+00 1.572992186509066492e+01 2.987205748882136547e+01 4.987205748882065137e+01 5.099695960050809163e+01 5.928123127487627642e+01 6.767313994834034929e+01 5.093589016215005927e+01 6.767313994834034929e+01 7.644377031531475097e+01 8.176373033300318127e+01 6.166935656152601553e+01 4.733748591058603949e+01 3.717694880494200049e+01 3.107287930826438327e+01 2.548829877200521565e+01 4.048932238117276938e+01 3.265610089483112688e+01 1.252626077834637819e+01 3.206353603588103596e+01 3.482671115269998552e+01 3.844376991620564610e+01 3.502706936680351646e+01 2.256838655588553877e+01 2.418545654238413078e+01 3.614992838425138899e+01 3.749285552026739765e+01 3.705114677983375771e+01 2.623004213647043414e+01 3.776787322259200863e+01 1.824995241768848686e+01 3.013632596258353402e+01 4.570392242640603087e+01 5.586704655339732994e+01 5.662253813503190969e+01 5.662250701246206575e+01
2.110006612196471242e-03 2.000211000661184002e+01 3.572992186508995616e+01 4.306189416691116634e+01 3.834784895829103135e+01 3.099695959806783918e+01 4.513909522180223632e+01 6.513909523012188174e+01 7.093588974247292356e+01 7.922013424031304396e+01 8.795618376234381230e+01 7.972450812240006712e+01 7.583107209559081241e+01 6.575047725864614279e+01 5.744424935160367340e+01 5.133329779561283601e+01 3.456662489444273945e+01 2.034090879517273009e+01 1.705707938242245092e+01 1.907803526208016009e+01 1.205000831508860770e+01 1.655147443944216690e+01 2.763293882251584321e+01 4.947441168273363843e+01 3.641573488345881771e+01 4.249301637652128960e+01 3.322788194640347115e+01 5.197692963220301010e+01 4.628768540327067882e+01 4.047821778657004899e+01 4.658363100552972469e+01 3.842819459854856490e+01 1.889552057868706569e+01 2.738092750422516986e+01 4.148450574754354392e+01 6.182828540722329080e+01 7.812027223424409783e+01
9.367352646185668139e-03 2.000936735264583177e+01 2.586978713519956941e+01 2.306189416530450131e+01 1.834784895739409905e+01 3.248998458112554744e+01 5.248998458418645185e+01 6.823465998397739440e+01 6.944786336648978420e+01 7.773213701595724956e+01 7.647817378492297280e+01 5.980547889345116630e+01 7.647817378492297280e+01 7.789837203313251734e+01 6.949624509555121676e+01 6.310608952989700526e+01 4.882421926739015561e+01 4.039209926806211826e+01 3.699909863191542314e+01 3.172488101207331468e+01 1.171350557108010193e+01 3.178321970615638037e+01 4.374180919329106842e+01 5.911829497809619482e+01 5.736912343125575831e+01 6.008588891797811016e+01 4.371597020091425634e+01 6.008770179933488720e+01 6.613982820700653065e+01 6.057629876281102810e+01 5.362050697225395623e+01 3.362348937359655565e+01 1.935755670397202977e+01 3.951245306927098966e+01 4.832854658547187654e+01 6.732602166566499591e+01 7.650491756867371862e+01
3.648181865326004768e-03 2.920948011823223389e+00 5.869787134921178762e+00 8.919758541573298061e+00 2.891975854204754981e+01 4.245628744418699796e+01 4.823465991512131978e+01 4.823465991512132689e+01 4.944786334703581332e+01 6.944786336648978420e+01 6.822684738196765863e+01 4.829445875115948894e+01 6.822684738196765863e+01 6.949624509555121676e+01 4.839674884983310221e+01 5.457664822058328014e+01 6.070762902841433117e+01 5.203720821386247763e+01 3.760012563573616973e+01 3.105725704276327903e+01 1.137565438893212111e+01 2.557467300313163605e+01 4.563361406270695397e+01 6.086576057864473199e+01 5.310283120385935973e+01 6.119399755152045373e+01 6.337862286580992333e+01 7.135822185222309599e+01 7.026491782260617924e+01 5.010068708019489492e+01 4.988442063460728093e+01 3.971223820350618183e+01 1.982626018932812073e+01 3.973034156888373758e+01 5.083309044547669941e+01 4.675808946489000562e+01 6.796080550087215499e+01
