LEM/sinusoidal_perturbations/elevation_000033.asc
nrows	100
cellsize	150.0
xllcorner	0
ncols	100
yllcorner	0
NODATA_value	-9999
[rows 68 to 84 of 100, columns 0 to 36 of 100]
5.009162696260268353e-03 1.415077668267617206e+01 3.421358672980331761e+01 5.290579551295527949e+01 3.377831492616167708e+01 1.895561147754575515e+01 2.374243600075585903e+01 2.226364982915161050e+01 3.231459906276142657e+00 2.160430601134491013e+01 9.929252018815965641e+00 1.198607582091963408e+01 2.863043534600640783e+01 2.899294646655023655e+01 3.787255598170388282e+01 4.404399587890475232e+01 2.647498919252495142e+01 2.017706455568466950e+01 4.296154267991627762e+01 6.012928411785537008e+01 7.896292837037010770e+01 6.528153599370644145e+01 7.896514177953100955e+01 7.734453559941239575e+01 6.962296724126795766e+01 5.823730985819272377e+01 4.861730419647073376e+01 3.353474640930598838e+01 3.894784531318824605e+01 2.728131403847102732e+01 2.673220432109290812e+01 1.512305015411920373e+01 2.756616361563068196e+01 4.387036134439306778e+01 5.714825674509937414e+01 6.261910115295304990e+01 7.176805499452082415e+01
4.695337527364121070e-03 2.000469533752700713e+01 3.754733018383338106e+01 4.962927898825809336e+01 4.103502802197879618e+01 2.010502692025276517e+01 4.063054877400952947e+00 2.265345443721082574e+01 3.454839288650648044e+00 3.524271218923084259e+00 2.432671857376088909e+01 2.824308497854262257e+01 6.947062135452860332e+00 7.113403653093397061e+00 2.359898896428141413e+01 2.986029406318983348e+01 1.361486906749404646e+01 3.601465931979139157e+01 4.278075119295028372e+01 6.473963401581197274e+01 7.023770803945565433e+01 5.133526316908152154e+01 7.023770803984434963e+01 5.694363336498429362e+01 7.024832941408236309e+01 7.018639132206288878e+01 5.475242039851605824e+01 4.716059163104722529e+01 3.146795983318494905e+01 2.364527517278802193e+01 1.980484697713713516e+01 1.485016317502679328e+01 4.263730256526774554e+01 5.426352011420777899e+01 6.366564933081009769e+01 7.092058628923038555e+01 7.433255618600895787e+01
7.614146464036155443e-03 9.454405098019435627e+00 2.218401453817891777e+01 4.054877819678039685e+01 3.015671274339667463e+01 2.103545325668704891e+01 3.995565988199432983e+00 3.771483439517688829e+00 3.844701556705827805e+00 2.466802900765691575e+01 3.094145336221459885e+01 2.528979611818201789e+01 6.799236540933612183e+00 2.566636660419886695e+01 7.432015316236349811e+00 7.937766304622280167e+00 1.627832477879040241e+01 2.530852048000021881e+01 3.877139917534383784e+01 6.012465938823918066e+01 6.218188985640544075e+01 4.199039861821436403e+01 5.265478974683080793e+01 4.228155306385922785e+01 6.074605341638574174e+01 7.505882547341019517e+01 6.688564974803564667e+01 5.360613627158228667e+01 4.619418375522224096e+01 3.386061751602371572e+01 1.444763822186051350e+01 2.707917717118730039e+01 4.397764274848044863e+01 4.916642805532183758e+01 4.393819605997421718e+01 6.366515435255379174e+01 6.362155645855972352e+01
2.352828262072654761e-03 2.000235282826171712e+01 3.501204408454713501e+01 2.744150418065355979e+01 4.407449874557768155e+00 4.312325006523400006e+00 2.246027051050813483e+01 2.356486067934747552e+01 2.462336253593212021e+01 2.983679800367866264e+01 6.257359260159283565e+00 6.482084323131593884e+00 2.666652952881593919e+01 3.261301481886317077e+01 2.415047257965406047e+01 7.748519926387960943e+00 2.890651644269523501e+01 4.403108020922666554e+01 5.352897945784083333e+01 5.874164728663414792e+01 6.680010198224481144e+01 5.265478910234848797e+01 3.182741559029225087e+01 3.169063860190360771e+01 4.779820557010367565e+01 6.197290311579067890e+01 6.098315177363416950e+01 4.535217782278156307e+01 3.539937748351007230e+01 3.304088157814078386e+01 1.413056452898578463e+01 3.432237950811231997e+01 4.341140265254458797e+01 2.768542398097963186e+01 4.535832840626942897e+01 5.355346218694889870e+01 4.232994210371308696e+01
6.786455232800275850e-03 1.925127725913526788e+01 2.701464886672225418e+01 9.227822507996075174e+00 4.629216500437355997e+00 2.317366784600206842e+01 2.730462854387940652e+01 3.072203868110382530e+01 5.714194513290934196e+00 5.939278247848849723e+00 1.089104429191859147e+01 6.744518544808162375e+00 3.224165374730280575e+01 3.649298949137337900e+01 2.125423214495400970e+01 7.973405025622757769e+00 2.568153357542001558e+01 5.006064977287401518e+01 4.527981156039118815e+01 3.954806050218859781e+01 5.891831290984320191e+01 4.615199309002462513e+01 3.778388918155026488e+01 2.327172294770744188e+01 4.239334799889837058e+01 4.085067282450346227e+01 4.999921769263450244e+01 5.439842816744308607e+01 4.042047422375525656e+01 2.194020186597976263e+01 1.379151344683292812e+01 3.333892459921554519e+01 3.227603707377411979e+01 1.951519138735810799e+01 3.215464942486723743e+01 4.296407103560423479e+01 2.913239958801727880e+01
3.257643153035955173e-03 2.000325764315267918e+01 2.667037753984537929e+01 9.130802977477227245e+00 2.272846231244987791e+01 4.946464072084724606e+00 5.170969762332730646e+00 5.395809630509632804e+00 7.701472061240914435e+00 1.448636807155325279e+01 1.071839077976675725e+01 2.663762325426086264e+01 3.770621970981577675e+01 2.722815351688398522e+01 2.548488536177143615e+01 8.202185335579027736e+00 3.086481810110657520e+01 3.777411471508852969e+01 2.523224280959437849e+01 3.802817339887265291e+01 4.013088864542853429e+01 3.446064025173791379e+01 1.775180787346350186e+01 3.661512434054726839e+01 3.789072177496619531e+01 2.872466851986532177e+01 3.555220930243883259e+01 4.924929287558847335e+01 4.386131697155433073e+01 2.752263588288602492e+01 1.346332490685863092e+01 1.400075356048466269e+01 1.401494713326374253e+01 1.442242934572826840e+01 3.316511473292816703e+01 3.465774258937207009e+01 1.621281529130269305e+01
1.880098487986705483e-03 1.964815609635549976e+01 1.914868009677642036e+01 1.033503348043120340e+01 9.404469447542131988e+00 1.017948533772186970e+01 9.826976459134296960e+00 1.844724034246526045e+01 2.057433590057160089e+01 1.190662470130125605e+01 2.916015610418796911e+01 4.189438253570062187e+01 3.781536237089688512e+01 1.920894055472814088e+01 8.536146181880846839e+00 1.041669931697877338e+01 2.920437403537208354e+01 1.455996452350413861e+01 2.802585783098300709e+01 2.097110997334092275e+01 1.122747941166722363e+01 1.351787434711246405e+01 1.889433241135738228e+01 2.524157015128174919e+01 2.092866240506440079e+01 3.012374890152836215e+01 4.244053840730256866e+01 4.677938403257074640e+01 3.871994173589649790e+01 3.126263049300521146e+01 1.316423490835149224e+01 1.351983559919476541e+01 3.410259892093195333e+01 2.434798875825354258e+01 1.505897037867619304e+01 1.552288947541617148e+01 3.148417779818626272e+01
2.900726248362994839e-03 1.964911951457618855e+01 3.112113604828034852e+01 1.695098504111975402e+01 1.848244368538316706e+01 1.068847449937788241e+01 2.405987682940797612e+01 1.576869901905445914e+01 2.290873953609033720e+01 1.531819878332561302e+01 3.287333187437185700e+01 4.855075060059702707e+01 3.758164645100051615e+01 3.591484532409680952e+01 2.297662912010814296e+01 8.879951551804474263e+00 9.863898181354400663e+00 9.495771244952072365e+00 9.685056250312761961e+00 9.882394713571343914e+00 1.131225298793980905e+01 1.532388681140233722e+01 2.022835179617083767e+01 1.105963894938287062e+01 1.706384554060424463e+01 3.083792093923841549e+01 3.844505390424785674e+01 3.880599783381585866e+01 2.351309422814324890e+01 1.281719955179269732e+01 1.596923276274425874e+01 2.108641529474265397e+01 4.155989153348820508e+01 2.917342783823117713e+01 3.359263423267992721e+01 3.631364845036730316e+01 2.288548349618152500e+01
5.081304048347549951e-03 2.000508130404799090e+01 3.469280963579916488e+01 3.215498232286945068e+01 3.060070618569415046e+01 2.595580434513346546e+01 2.742065123770957769e+01 1.961471194749424996e+01 3.286568779138745100e+01 3.286945361541913968e+01 2.188948549940656818e+01 4.110217535156438373e+01 5.426928049431139556e+01 4.797405146563750122e+01 3.586210262521025527e+01 2.790642653596191636e+01 9.206020302824924784e+00 2.919628194874054827e+01 2.865268828763255371e+01 1.891816456283962822e+01 1.019674167350364158e+01 1.042837605078349839e+01 1.066354315731826574e+01 1.090611354860100590e+01 1.921114222274959360e+01 2.373249737782747104e+01 2.925889266617589257e+01 3.207040699015777818e+01 1.246017573441570825e+01 3.107624162995605843e+01 2.763156001931488248e+01 3.928264736561340698e+01 4.167200332115432104e+01 4.283375833634439545e+01 5.576847764582389999e+01 4.732020623357006883e+01 2.827469424818376353e+01
4.469920835086939326e-03 7.106185216439502739e+00 1.606624485187412077e+01 2.737956478667498672e+01 4.639888063046432620e+01 4.568284554779207696e+01 3.114259090428651433e+01 3.028908483991395784e+01 2.670473211336719643e+01 4.274095086245242925e+01 4.110884809468386436e+01 3.180728209341637225e+01 5.169184771619661944e+01 5.184106216754412344e+01 3.261846544753509392e+01 3.122376163333827037e+01 1.056178331954071403e+01 2.451763203488705400e+01 4.025311930564581075e+01 3.706830644213164305e+01 2.657639812921923195e+01 3.721414831073201412e+01 1.970078702607186827e+01 3.086570188974726392e+01 1.127303943205972914e+01 1.154321426451613242e+01 1.181799147144197271e+01 1.209053578823226438e+01 3.111081139535346907e+01 1.549127662939481631e+01 3.546064414706564349e+01 5.235011735483325168e+01 6.281947458112214377e+01 6.335627342446532850e+01 6.559379177161882524e+01 4.429325954386498410e+01 3.509657805945145981e+01
2.324776005098761877e-03 2.000232477600474468e+01 3.507749976659160751e+01 4.347744494178338925e+01 5.441149282575285184e+01 5.679433880369257537e+01 4.780496541973816704e+01 4.592474246166965202e+01 3.260956044321293490e+01 4.892095648219458326e+01 5.978831977254797891e+01 4.328118262085179424e+01 5.978832341818641538e+01 5.241114418859892510e+01 3.408903476365433960e+01 1.238413030307415497e+01 2.840703499109499930e+01 3.715846689418739857e+01 4.939998441060070178e+01 5.324957275144605973e+01 4.145085356733197557e+01 4.093034703679434472e+01 4.074999868672722414e+01 2.323202849975224993e+01 3.878326081771111689e+01 3.398016489963322329e+01 3.217429319123463216e+01 1.235936656345805851e+01 3.095661572608461398e+01 1.764284208665274178e+01 3.738075302142269152e+01 4.838397579533185677e+01 6.190208207720555578e+01 7.353378126370930090e+01 7.479806821907857284e+01 6.208239997104690389e+01 4.428415930028320702e+01
8.699724428260374037e-03 1.415083534815908450e+01 3.415083534814070276e+01 4.470535697964309207e+01 4.870531696619032402e+01 4.721210363726864756e+01 5.549294837965661742e+01 5.632102942771890497e+01 4.185101256750843390e+01 5.632128895964823556e+01 7.082258448961509600e+01 6.297381326679351332e+01 5.984856504969470592e+01 3.818253286285672488e+01 2.364093866808338262e+01 1.348225720948972040e+01 2.540444987264568866e+01 4.048074446811283167e+01 5.068373659221423821e+01 5.832661388629767885e+01 6.096926856933031758e+01 6.280640378821137659e+01 5.433205741148364609e+01 3.352706835658121065e+01 5.432633449981453566e+01 5.156057223151494640e+01 3.071394452769381189e+01 1.616417805456665846e+01 3.625698965018677455e+01 3.742515432264912789e+01 2.074280551599018096e+01 3.484978605300435106e+01 4.449433411422082685e+01 6.086616458061534729e+01 6.881551240265449110e+01 7.181738985917705520e+01 6.340542611491785152e+01
2.249585233037712084e-03 2.000224958523268270e+01 2.691178845656867580e+01 2.470541776770116016e+01 2.870541752125546253e+01 2.721239278307876930e+01 4.135451300657297224e+01 6.135269884349517611e+01 5.859245501776448606e+01 6.631385768577654005e+01 7.046248693600497859e+01 5.107008184667756723e+01 5.107008184668699613e+01 4.534588205905396308e+01 3.452067046770741854e+01 1.448414493719365481e+01 3.450160661187005928e+01 2.405693261734227306e+01 3.043148227415037965e+01 5.068583531199212189e+01 6.865368194085057496e+01 7.940074250290841462e+01 6.266261788547004841e+01 4.506240723578864760e+01 6.265200556451860336e+01 5.312785439483471350e+01 3.233201251027303869e+01 2.038949238923594365e+01 4.116194719643987554e+01 4.838712826488996654e+01 3.484982150228275088e+01 2.399108779689992943e+01 4.360809970232651267e+01 4.208527526394513529e+01 5.790312594381786937e+01 6.723573186581457151e+01 7.526346508404022018e+01
2.739267172789772273e-04 3.430245629567448606e+00 6.911798748681390769e+00 1.056328246538246596e+01 1.456328246538243221e+01 3.456325244565775279e+01 4.763968611444352064e+01 5.430631954305252407e+01 6.258954365840745027e+01 7.258891645984789420e+01 6.474515908424183408e+01 4.540567938839215856e+01 3.216225896077460078e+01 2.659133542874018374e+01 2.147026637726557752e+01 2.591258174535209236e+01 1.588248688526209840e+01 3.973609830447168889e+01 5.068392639008553147e+01 4.175270735827545110e+01 5.309493403043234849e+01 7.166886096786711846e+01 7.229672730584709939e+01 6.444137002223044419e+01 7.228935638832388122e+01 6.160280977927832424e+01 4.608533406508494323e+01 2.519747245130726299e+01 4.608533406508494323e+01 6.192443502749723905e+01 4.798127862205500804e+01 2.854323310608736719e+01 2.791029781173038771e+01 3.073505954356099679e+01 5.002302144325323496e+01 4.856864644444203094e+01 6.723573366384698602e+01
8.327778614586212741e-03 2.000832777861423040e+01 2.691178845656867580e+01 2.470541776770116016e+01 3.456325244565775279e+01 2.186624989878206193e+01 2.763975259066859280e+01 3.430641925722551377e+01 4.430641919780779858e+01 6.430621988829727798e+01 6.474515908424183408e+01 4.540567938839215856e+01 5.107008184668699613e+01 4.534571727624929594e+01 4.033334731675719098e+01 3.623300540205459441e+01 1.688334651129952846e+01 3.162367144071562208e+01 5.221793532217607492e+01 6.094464803699506206e+01 6.866007467397736264e+01 7.181005968047561794e+01 7.180654808844327874e+01 7.978582306022487103e+01 6.881460772091311640e+01 4.826924073283012717e+01 3.337744324876086210e+01 4.608533406508494323e+01 5.460546863734943202e+01 6.341776675256182472e+01 4.451200708242647863e+01 3.377233356808051923e+01 4.734826543160982482e+01 5.002302532287897208e+01 3.500039199908863452e+01 5.403610464271240943e+01 6.241124046988282004e+01
6.510866554257996840e-03 1.414864649028533350e+01 3.414864649028604049e+01 4.470535697955151022e+01 5.014982353547312499e+01 4.186620261258052267e+01 4.763968611444352064e+01 5.430631954305252407e+01 6.258954365840745027e+01 7.258891645985194430e+01 7.287228214808665427e+01 6.474515908424183408e+01 6.592945497946696776e+01 4.813266067495899847e+01 2.838032943468302349e+01 3.709867833208148369e+01 1.788757272533054632e+01 3.166132927174444589e+01 4.983366897950681818e+01 6.262287001554332022e+01 6.620122498423160096e+01 5.260669648168704526e+01 5.260667686088206096e+01 7.180710979251522019e+01 6.881831680081759828e+01 4.826928900272888256e+01 4.826924073205780275e+01 4.826924073205780275e+01 6.881460577299965564e+01 7.141793084060904562e+01 5.819947840520413962e+01 3.910767730112273455e+01 5.819947840520413962e+01 6.191576490176025516e+01 4.856864643656413705e+01 3.969869330170974564e+01 4.386716408791201616e+01
8.953482861371391335e-03 1.415108910659244756e+01 3.415108910659315455e+01 4.101041093675880944e+01 4.929468218422100279e+01 4.838216170738667898e+01 5.666643295484960419e+01 5.752944574686897994e+01 6.581371699433408651e+01 6.824042550406539931e+01 7.652469675154949869e+01 7.151852913145339130e+01 5.221373349710883360e+01 3.839734427019131147e+01 3.932549169753390572e+01 1.931887950713300484e+01 3.786583836242513001e+01 4.177487876023643310e+01 3.691070612505087212e+01 5.054699737244815338e+01 5.794706282774140504e+01 3.732128875301950188e+01 5.117656248188740165e+01 7.102259169421124341e+01 7.725262749567525589e+01 6.881831724269771655e+01 6.881460577299965564e+01 6.881460577299965564e+01 7.724039178899590752e+01 7.166845217611680141e+01 5.262044679804463243e+01 4.646646795059958635e+01 6.577056059455998138e+01 7.526287833144989747e+01 6.359137525027016125e+01 4.508139386938281490e+01 6.241124046988282004e+01
