LEM/sinusoidal_perturbations/elevation_000627.asc
nrows	100
cellsize	150.0
xllcorner	0
ncols	100
yllcorner	0
NODATA_value	-9999
[rows 34 to 50 of 100, columns 37 to 73 of 100]
5.783400220721962626e+01 7.222635898806200316e+01 8.090348392834103208e+01 7.923749780506932439e+01 8.750812560373030635e+01 8.669558668760609521e+01 7.846377693221108984e+01 6.501251907313690026e+01 8.155292374560281132e+01 7.320754304819665492e+01 5.840169398139637735e+01 3.883848098131677773e+01 5.840169398138780110e+01 5.356126563745603164e+01 5.356065482862052818e+01 4.654270189963708759e+01 2.908722524029693801e+01 4.653919542806737297e+01 6.443024069342314419e+01 6.080699587474421008e+01 6.686463817120792896e+01 5.418842979983740804e+01 3.439508656793047692e+01 4.992128562118548984e+01 5.382084209373140737e+01 4.078118437951776087e+01 2.748933780580899011e+01 4.739857354673586798e+01 4.238277563201287279e+01 3.677157851915506370e+01 5.653873478247352580e+01 7.404468437899286926e+01 8.287840229470948827e+01 8.172424882630467380e+01 6.769749548651751070e+01 6.769749548651752491e+01 8.745688374401689202e+01
4.344164589410947741e+01 5.222351979281042134e+01 6.497934255864427655e+01 5.907342128115387681e+01 7.923749780506932439e+01 8.790763922439518296e+01 9.296411862394684533e+01 8.471035840473788880e+01 8.140562329188651347e+01 6.526822668359025670e+01 4.584673934316190724e+01 5.840169398139672552e+01 6.636734141965538925e+01 7.322923804352021193e+01 6.355913158748621328e+01 5.203655017371401925e+01 3.156252429200834797e+01 4.093008617187859954e+01 6.100633522608111292e+01 7.188128635207475270e+01 5.866191065630362544e+01 3.890755407409520217e+01 5.418842979983740804e+01 6.238792190974978524e+01 6.878861321126672124e+01 5.294824932939061313e+01 3.450116141522011759e+01 2.832858619708339276e+01 2.892293301862700616e+01 4.878277946739572712e+01 5.777856006900855590e+01 7.154291498562322715e+01 7.289844145477128734e+01 6.468806476461584509e+01 5.381459534235504805e+01 6.769749548651751070e+01 8.745688374401689202e+01
3.163243599345090118e+01 5.222351979281041423e+01 4.462481489698811288e+01 6.497934255782936930e+01 7.143833065331489252e+01 6.773693798438854685e+01 8.790763920876588600e+01 8.451068507125600604e+01 6.541271893521951597e+01 5.421567256432346937e+01 6.526822668359025670e+01 7.320754317716668425e+01 7.681453129045839034e+01 6.704942197947450211e+01 5.546462879448466765e+01 3.532922602779067489e+01 5.203655017371401925e+01 4.352732719169698328e+01 6.319783409509297911e+01 6.367114441762284116e+01 4.394977137793302546e+01 5.866191065630537338e+01 5.288612261574480300e+01 7.260589647721904782e+01 6.669756594034750208e+01 4.725309680282714453e+01 5.294824995663434208e+01 4.822096731679594939e+01 4.880374491535069836e+01 2.976959409286483904e+01 4.383915468909208357e+01 5.833041444266051911e+01 5.771817619688376055e+01 4.497424288318718766e+01 5.891717848967083171e+01 7.862021667650093093e+01 9.023255702150478896e+01
5.222351063479860045e+01 3.455749217593029243e+01 3.679428537065497551e+01 5.729858908869314149e+01 5.115007969109863950e+01 6.552854193003135208e+01 8.570582273982557808e+01 9.243910395759381515e+01 8.140562332132626011e+01 6.392792390384271073e+01 8.140562323327078786e+01 8.251707198868245996e+01 6.304866230807508742e+01 4.919463120391315414e+01 3.912803068991174626e+01 5.545507640409218908e+01 6.355768206925286989e+01 5.500080321238732495e+01 7.140760440702227640e+01 6.739389811233431260e+01 4.769493717522760079e+01 6.739389811233431260e+01 7.260589647721904782e+01 8.084315372848504921e+01 7.494504179739163874e+01 6.669756594034750208e+01 6.965784371942164910e+01 5.534981874578269156e+01 3.554831376351908290e+01 4.963361143830398703e+01 3.062518728629524034e+01 4.934644590937030273e+01 3.795070270971590531e+01 5.771817619688376055e+01 7.289844145024490274e+01 8.455827147556244938e+01 7.042336890054681930e+01
4.340035872853819399e+01 4.649518642954967618e+01 5.729858909611856888e+01 4.014753131997611746e+01 6.059380436574440409e+01 7.498826028734671922e+01 8.212242587295496321e+01 9.045880774207722652e+01 9.096449868494455870e+01 8.304101445022016037e+01 9.096449532730417786e+01 8.608454931154655299e+01 7.484457969040614955e+01 6.155785112898477252e+01 4.187091466737771128e+01 6.155291449050823616e+01 7.500539912676987342e+01 7.464024377491270457e+01 8.272662289398357416e+01 7.132945269109823982e+01 5.165167979727868897e+01 6.299597981140453840e+01 8.271318834650851670e+01 9.456997486627996352e+01 8.311810478298686178e+01 7.487058511209423273e+01 6.144702217563884261e+01 4.168982496846853536e+01 5.534981874578269156e+01 5.867415159257868140e+01 4.468577484383877163e+01 3.148003764601024912e+01 5.131517438366558537e+01 5.948162095279657535e+01 5.640159628544247283e+01 7.603597801127770595e+01 6.724249496011026395e+01
6.379736725604836067e+01 6.093326406875302581e+01 6.331966032437469494e+01 4.292122215856935696e+01 4.857284998278517207e+01 5.475278901000672249e+01 6.194395841817286907e+01 7.361267066249445179e+01 9.374696767037670497e+01 9.780168248532861242e+01 8.807203394589028278e+01 7.802158307131091419e+01 5.855234592309007269e+01 4.723772855164241946e+01 6.155785112898477252e+01 4.743648109443013539e+01 6.127624360583800467e+01 8.074206949931607369e+01 8.712956661934720159e+01 6.737892255450600487e+01 5.606221305356425688e+01 7.572652695184275728e+01 9.098486935430270250e+01 8.627942240067378066e+01 6.651873656156769243e+01 5.518232125704273017e+01 4.893320495941218695e+01 5.566888146497800705e+01 6.965784371942164910e+01 7.265443438352437511e+01 5.898391797775480683e+01 4.891058346784691935e+01 3.234056616943498597e+01 4.104123987058830636e+01 5.989527364927807440e+01 6.525185941006110113e+01 5.704435336318640992e+01
8.227441566752450797e+01 8.114970083715242311e+01 6.608886732678814724e+01 4.573943488259570245e+01 6.608886732678803355e+01 7.498826028731734539e+01 8.212242587295496321e+01 9.045880774202333896e+01 1.020809230967209942e+02 8.973634503654139394e+01 7.028209308693078583e+01 6.055124204246902053e+01 5.317366667412107262e+01 6.678101382037225164e+01 7.113265697811846167e+01 5.164395618713698610e+01 6.543414067177727134e+01 8.489009233029138102e+01 9.541828123179962517e+01 8.140794670001346844e+01 6.172693137409958553e+01 7.209179095966733541e+01 9.189924746675141876e+01 8.886527516805935534e+01 6.907379468970563607e+01 6.864460941646120773e+01 6.286133890909232491e+01 7.539668784461623829e+01 7.986760065854794277e+01 6.629005414675621921e+01 5.512576449650546806e+01 3.533435689111068712e+01 5.212343529506304662e+01 3.323929889429106055e+01 5.305543746357034962e+01 5.508068988550925837e+01 3.721232439841007533e+01
9.235729730716454355e+01 8.659186883367499377e+01 7.062202135384373491e+01 5.034914024014567246e+01 5.097119614950044308e+01 7.123617780989113157e+01 8.301110485520186444e+01 9.013278888202850680e+01 9.846502429212442564e+01 9.780168248532986297e+01 8.807203834579058821e+01 7.785546761442559216e+01 5.839633260368352552e+01 7.785546761442559216e+01 7.615762421186354914e+01 5.669600980033081328e+01 6.756258411739787562e+01 8.701765955288306031e+01 9.395245846745210372e+01 7.411784380750682999e+01 7.150852068664248407e+01 8.967642811840964612e+01 1.001989188242240800e+02 9.716241487626786011e+01 8.886527516805935534e+01 8.844442876177157586e+01 8.260665951022370734e+01 8.087494368260556143e+01 6.932730548350166089e+01 5.235246884189131578e+01 3.836981365804118838e+01 5.512615304213997547e+01 6.121951857104650685e+01 5.305303599668416581e+01 3.413819027462956512e+01 3.543519354056667936e+01 5.508068988805021604e+01
9.559954933064588545e+01 7.825394103524097034e+01 5.806177953224475630e+01 6.053133256193337530e+01 7.123617780989113157e+01 5.643442219256240833e+01 6.284813114386260935e+01 6.998962460668022345e+01 8.163290022145856994e+01 1.017438527217064035e+02 9.373738527883742222e+01 7.428608807148557958e+01 6.527881352767489886e+01 8.473386813503506687e+01 8.155300288079352811e+01 6.209968843942196060e+01 8.155300288079352811e+01 9.508459315619350605e+01 1.022635872350776793e+02 8.809274523023515258e+01 8.545453396789453393e+01 9.961278663498355002e+01 1.055717076897594069e+02 9.723545372479760829e+01 9.723545372479760829e+01 9.329020777939157938e+01 8.499367855673492045e+01 7.263653542419679354e+01 5.294049505016127455e+01 4.150991998539570460e+01 5.814127220430263776e+01 6.634424112445645960e+01 7.007603520453713486e+01 5.032325490016351921e+01 5.394718166215251642e+01 3.514948011361566671e+01 5.494277873260085698e+01
8.137379309047116749e+01 6.711476252514013652e+01 7.825394103524097034e+01 7.220162705515527080e+01 8.301110485520186444e+01 6.284813114386260935e+01 6.725534239992771290e+01 8.740598340049480441e+01 9.013278888202850680e+01 1.100774721582901066e+02 1.018071981844421714e+02 9.279756596052733641e+01 7.500695641313883755e+01 9.279756596052558848e+01 8.961637271162372542e+01 7.333053522331803720e+01 7.333053522331803720e+01 8.456761113553125142e+01 1.040104046549162007e+02 1.080990576363583102e+02 1.054373753911288816e+02 1.105464153101804925e+02 9.723545372479760829e+01 7.731112193705583024e+01 7.731112193705583024e+01 7.823375639313431407e+01 6.528522845048061640e+01 7.055293219515039027e+01 6.354699718471400871e+01 4.380218174503740158e+01 5.518826772337799014e+01 7.431376421370984531e+01 7.832429654326865887e+01 6.631694554576343137e+01 5.289750095068056623e+01 3.586321637891858671e+01 5.565491745104497312e+01
9.559954933064588545e+01 7.720438248026974293e+01 9.559954933064588545e+01 8.644885427696189595e+01 9.013278888202850680e+01 6.998962460668022345e+01 8.740598340049480441e+01 8.151390041964235422e+01 1.016307300434964986e+02 1.185808200239983705e+02 1.141028823469063127e+02 1.025275734115322877e+02 9.446077985693139567e+01 1.025275734115253385e+02 1.008519385853529116e+02 9.278510258270094369e+01 9.278510258270094369e+01 1.008519385853529116e+02 1.120864626866096501e+02 1.059092946366729251e+02 1.142444392739111549e+02 1.021989352959935928e+02 8.217199730278888126e+01 7.082088087241605479e+01 6.349455475131282611e+01 5.863803082476170658e+01 5.400820167748413780e+01 5.090718129366970857e+01 4.790588181608406870e+01 4.794267110620292272e+01 6.731207868111729908e+01 8.227612815708907590e+01 7.154561431626750334e+01 5.942715232361772593e+01 3.964915657759969747e+01 5.533380435467525160e+01 3.691048749034413134e+01
1.056602001498191470e+02 9.732706902630775403e+01 1.056602001498191470e+02 1.065592945529954960e+02 9.846502429213565222e+01 8.007580568512773311e+01 9.846502429213565222e+01 1.016307300434964986e+02 1.099661213840438307e+02 1.081103551741831836e+02 9.378855586993699944e+01 1.043688159160177804e+02 1.102893534477155981e+02 1.077752377283273120e+02 9.942903042677131964e+01 9.942903042677131964e+01 9.942903042677131964e+01 1.077752377283275678e+02 1.025826524509368483e+02 8.567901206851156815e+01 1.025826524509368483e+02 1.070182645851416652e+02 8.695463209331278165e+01 8.314682360707469400e+01 8.015593512381070695e+01 6.053312850011455026e+01 7.361499958257870446e+01 7.055293219515039027e+01 6.182026081045515298e+01 5.223447574342614530e+01 7.158037077118379443e+01 7.566382274431397548e+01 6.333942739661753762e+01 4.358340673075115745e+01 5.942715232361772593e+01 6.419527569824973057e+01 4.442162411318324189e+01
8.936030446754878653e+01 9.930722556979151250e+01 9.103602948595887767e+01 9.930722556979151250e+01 1.085224219089866011e+02 1.001897720789293658e+02 1.085224219089866011e+02 1.187545888071115314e+02 1.070381349392031467e+02 9.790984956698206076e+01 7.925896842865307690e+01 8.394242167785273523e+01 8.992517403502144191e+01 9.942903042677131964e+01 7.919856414708826264e+01 7.919856414708826264e+01 7.919856414708826264e+01 9.942903042677131964e+01 9.422933555016280138e+01 7.398737972148504127e+01 8.657859538270054145e+01 1.067874696160150023e+02 1.070182645851416652e+02 1.031274604392139338e+02 8.507952224762895810e+01 6.538517375235574036e+01 8.507952224762895810e+01 8.980047362848605985e+01 7.602872834607157415e+01 5.663878721586360143e+01 7.602872834607157415e+01 6.745094991078430269e+01 4.773278067905397393e+01 6.333942739613225825e+01 7.154561415140746305e+01 7.252514000396875815e+01 5.434331325140653490e+01
8.102592409795906292e+01 8.922163493066001649e+01 7.078086743698557370e+01 8.922163493066001649e+01 9.515002734558709108e+01 1.034097228690882986e+02 1.146336794262346928e+02 1.104196737459784288e+02 9.005525523587766656e+01 7.817196203098660590e+01 6.911829151622387712e+01 6.953962589980440612e+01 8.922886818660860797e+01 9.942903042677131964e+01 7.919856414708826264e+01 6.498830814845210568e+01 8.512393053384163011e+01 9.666544376973872943e+01 8.657859538270052724e+01 6.642261888598414998e+01 8.657859538270052724e+01 9.814568600840546253e+01 1.098111747950318460e+02 1.013928378487919844e+02 8.141318823087527790e+01 7.151856672646488278e+01 9.135112916054875143e+01 9.234401052674290611e+01 7.236195235065918041e+01 6.183673675827182592e+01 8.147555709261871471e+01 7.045215677285089839e+01 5.077192732702884115e+01 7.045215677260553377e+01 8.287856941274017686e+01 8.246910965531887427e+01 6.835505014165318016e+01
8.931700301849018331e+01 8.090844846147223279e+01 6.059347134325698647e+01 7.865345161387378425e+01 7.494593082264816530e+01 8.632888081943025327e+01 1.046755671361342763e+02 1.114415291339569762e+02 1.009562605657146435e+02 9.256620669034856519e+01 8.080847975723362708e+01 6.079070854713847893e+01 7.483329381127479962e+01 9.523385470566829270e+01 7.974245908844274311e+01 5.972431367739451957e+01 7.974245553395712705e+01 8.242574589502629578e+01 6.818650521120824237e+01 6.072157621562453755e+01 6.960114137454083050e+01 8.123667966763876791e+01 1.014689089810781866e+02 1.097333107899752918e+02 9.841598571892703262e+01 7.843355379676887651e+01 9.841598571892703262e+01 1.007174570726418352e+02 8.749838240547614987e+01 6.752293066487331430e+01 8.438497519673079239e+01 6.468099441963477148e+01 7.045215677264403098e+01 5.551849376803829728e+01 6.689254641024656678e+01 8.381098258830833458e+01 8.828060336482680270e+01
7.644940638593052995e+01 6.809764938055373307e+01 5.343264264157565435e+01 5.833712822165843903e+01 6.602160393584539122e+01 7.623176483511701917e+01 9.642599680374355842e+01 1.013083435692043395e+02 8.272590828298707777e+01 7.231462482487810917e+01 7.603085933881398262e+01 5.665148987296521454e+01 7.049965791450574670e+01 9.078208734766286625e+01 7.488734576237331453e+01 5.497138775582703829e+01 7.488734576236481644e+01 6.833614780709622494e+01 5.418130621779882716e+01 6.818650520150858085e+01 8.831009949521697422e+01 9.177647115711431525e+01 9.893946756240501372e+01 1.072852495784044038e+02 1.067617508627154876e+02 8.990963311554092741e+01 1.067617508627154876e+02 1.018285953333044773e+02 8.156261385907529871e+01 7.630439804903946310e+01 9.266382531012968116e+01 8.438497519668777613e+01 7.895266990013483621e+01 5.938531618649865607e+01 6.619439101636456257e+01 7.648572439063244133e+01 9.635915509315947247e+01
6.310551930262707288e+01 4.781952114354719896e+01 6.809764938055324990e+01 7.865345161387253370e+01 7.272841839942735476e+01 9.295774715770107832e+01 1.046755671361335516e+02 9.291373778724448584e+01 7.253807877872954180e+01 6.264076145046782784e+01 5.623045937902235636e+01 5.274992391995194652e+01 7.240088144402521664e+01 8.675378312060958308e+01 7.043400223416115580e+01 5.057236812861733455e+01 6.444549431026656805e+01 4.849762982515932919e+01 5.236922919046426728e+01 7.223144973568766147e+01 8.273228551795943986e+01 7.155305726683668865e+01 7.867945423522115789e+01 9.039889480585209469e+01 1.106061069107256571e+02 1.100358794687005144e+02 1.183879923253260955e+02 1.102065905291645294e+02 1.018285953333044773e+02 8.797335493720910904e+01 1.049399628935204305e+02 9.033809302984835199e+01 7.061796170363024316e+01 6.399009880326892130e+01 8.353984683066202876e+01 9.517603379979124156e+01 1.047415584988999342e+02
