LEM/sinusoidal_perturbations/elevation_000880.asc
nrows	100
cellsize	150.0
xllcorner	0
ncols	100
yllcorner	0
NODATA_value	-9999
[rows 68 to 84 of 100, columns 0 to 36 of 100]
5.009162696260268353e-03 1.650905858335881149e+01 3.671950025517263327e+01 3.145655945859239111e+01 1.969145636522588916e+01 2.765880074941946098e+00 1.741719332283772914e+01 3.958766533891115103e+01 3.635061236807592877e+01 5.278718301698209103e+01 6.006097877439788135e+01 3.450492821005758515e+01 8.745637523440594308e+00 7.785129984717809926e+00 2.357028069113608737e+01 4.246231427432591232e+01 5.009809217559971017e+01 5.865452118263101511e+01 6.909739544475570483e+01 5.588470251042345893e+01 4.714417589380017404e+01 4.157440361090182535e+01 2.907845367597509778e+01 3.150349627602901137e+01 1.428638601582700929e+01 3.567061494929001952e+01 5.407493359492954710e+01 6.209104168920782030e+01 6.951753191264890575e+01 7.152885006343211671e+01 7.969345110601175008e+01 8.067514320976641784e+01 8.883146596673337569e+01 9.232121808704938815e+01 7.099618068873124344e+01 5.882674478833739329e+01 5.351299978046665018e+01
4.695337527364121070e-03 1.551444397756904259e+01 3.559094530114042954e+01 2.708421590522692668e+01 2.168103335131558040e+01 3.080222112389980449e+00 2.363568226973898945e+01 3.321175496359554558e+01 2.481147042566429306e+01 4.471203251461658112e+01 5.601085772905229021e+01 3.867818588295832427e+01 7.334217628738201711e+00 1.382196118149302322e+01 2.524195163333430258e+01 3.373233910020852733e+01 3.055333642175621733e+01 4.901981625183358204e+01 5.814757108685057574e+01 6.932961416923131992e+01 6.196744767410749688e+01 5.332984703968637774e+01 3.800480485140413123e+01 1.477135327224796058e+01 2.306726216816200292e+01 2.391133545903512569e+01 4.741397179435732312e+01 5.150576986567433835e+01 5.054738346033259688e+01 5.174275420924735869e+01 6.670703123879189889e+01 6.092124981966825459e+01 8.067514320976641784e+01 8.582910685403716400e+01 6.775123820032447952e+01 6.687230772376520349e+01 4.723150391506441537e+01
7.614146464036155443e-03 2.000761414640595248e+01 3.596993955705891466e+01 2.544279844310003824e+01 7.136692760139608183e+00 3.394664094996365566e+00 2.339065756970092025e+01 1.326400690069715260e+01 3.321404233254122573e+01 4.893728340766860896e+01 4.555957965543301924e+01 2.987128421910409770e+01 2.796827560773598265e+01 6.886237940956873693e+00 9.009318240884825357e+00 1.326709101676024716e+01 2.148254615177813776e+01 2.935251840108043808e+01 4.091391303117499234e+01 6.347803853070756475e+01 6.023012478334214848e+01 3.987974440849080082e+01 2.516821246007176427e+01 1.511697234510657850e+01 3.086547625093529490e+01 4.042240582411405825e+01 4.586477749088899003e+01 3.168305940680248511e+01 3.576029520439902143e+01 4.028583593371408256e+01 4.690197704784053911e+01 5.835537878858389149e+01 7.811560064935466130e+01 8.035292713785730712e+01 6.118294489625760946e+01 5.021136637400984881e+01 4.269069953683399632e+01
2.352828262072654761e-03 8.169817547936769841e+00 2.829298085206788826e+01 3.562172655074837024e+01 2.605191362497184926e+01 3.934621281462674425e+00 3.839803592763764595e+00 2.376907150823104331e+01 2.062844694325490380e+01 4.065531674901478709e+01 3.800019047069122990e+01 2.002631502323490054e+01 2.592416095099466844e+01 6.573486418601070191e+00 2.114105791461916795e+01 3.304801940860232179e+01 2.592281599926086955e+01 4.531773671908195666e+01 5.824657384319329623e+01 5.981268235157384083e+01 5.090417350748946745e+01 4.387636226396980277e+01 3.513352386525411220e+01 1.564505313207759762e+01 1.528997058228598149e+01 4.082073463846995764e+01 2.615797128161698026e+01 4.019474998913656094e+01 4.976164696994423053e+01 6.010534650847473159e+01 5.283439281443908442e+01 7.261690711608780191e+01 8.627414748562308944e+01 8.862852649359778923e+01 7.742391472569721600e+01 6.652265816181014202e+01 4.922383355429978735e+01
6.786455232800275850e-03 2.000678645523244370e+01 2.458379457290941872e+01 4.479696715531182605e+01 3.802240252854777935e+01 1.797489659889368596e+01 2.254499432238189627e+01 4.285658031083823261e+00 2.420217532771809132e+01 2.504226673286508031e+01 2.520021925659229112e+01 1.936085413441917780e+01 6.128406956748329470e+00 7.012239010624012892e+00 2.079570159261941598e+01 4.116138298188494815e+01 3.712251876718126908e+01 5.365175882235319449e+01 6.354809566124355769e+01 4.259753523920077356e+01 3.099518398403153441e+01 2.422595772976615791e+01 1.929239364095413833e+01 1.574622841679651764e+01 2.247701690298235278e+01 2.103819007672504426e+01 4.088141754703843844e+01 5.309887481036922452e+01 6.823017826594822566e+01 7.771204963349556749e+01 7.261690711608780191e+01 7.261690711608780191e+01 9.234557418615418101e+01 8.778748363429976109e+01 7.812671525991144961e+01 6.996383409502536210e+01 6.334680935037177818e+01
3.257643153035955173e-03 1.414539326688411158e+01 3.414539326688481680e+01 5.315840721896910992e+01 4.637681893075995987e+01 3.800220653627265932e+01 2.681122530255788661e+01 7.612093208505159581e+00 4.731900606968673983e+00 5.047510871547611799e+00 5.363053783989071732e+00 5.679096314800710310e+00 2.547499775610007333e+01 3.024643702350865127e+01 3.831054274240462121e+01 5.096372199555369775e+01 5.651261263092888498e+01 6.505524762933175964e+01 7.258612560986462370e+01 6.046037689882754762e+01 5.138248617971999010e+01 4.323493360894383386e+01 2.351110745680394487e+01 3.562154313267796368e+01 1.627183129640576098e+01 2.056566781621404516e+01 2.498722245364252714e+01 4.488468689771542586e+01 5.704877036297590109e+01 6.279767806837119082e+01 6.942147750816660334e+01 7.761104696422640359e+01 8.750042967867697996e+01 7.954698825766014636e+01 6.046982691873197524e+01 5.120349309363970036e+01 4.472578075500428696e+01
1.880098487986705483e-03 2.000188009848763215e+01 3.623845916601037231e+01 4.452657126866576931e+01 4.123455506676738480e+01 4.921804124137386793e+01 3.575523254268858864e+01 2.682688656557703055e+01 1.472888661349056072e+01 2.504424184649982266e+01 2.390638777548130989e+01 6.662346742585415704e+00 9.543315773313555184e+00 2.964703067260801461e+01 3.837228540375089381e+01 4.264387556136775004e+01 5.093436502519869435e+01 5.989038432266666234e+01 7.144458814152397963e+01 6.723136125966411214e+01 4.736338817394032930e+01 3.326569339688482074e+01 4.323471016553695989e+01 3.647767206604737567e+01 1.662202155658243186e+01 3.642577485836519458e+01 4.487042713567322494e+01 3.198653224354663394e+01 3.711878554478276016e+01 4.288279756570833712e+01 4.954997467929854338e+01 5.952433419092751166e+01 7.931776570546664118e+01 8.778509697280230739e+01 7.812671525991144961e+01 7.000823193738750660e+01 6.371649332064205851e+01
2.900726248362994839e-03 2.000290072624800786e+01 1.621781371541611705e+01 2.718206135588071248e+01 2.131612351669157590e+01 3.239111406974041074e+01 4.071154855222357583e+01 4.331774640730587578e+01 2.898434470933171880e+01 4.143173242558283675e+01 2.132314686283927330e+01 2.718080256319911570e+01 1.771921153018707429e+01 1.434495007657658050e+01 1.834998096883264651e+01 2.261321510970710946e+01 3.156920258691005543e+01 4.314304565181976159e+01 6.316064454396804706e+01 6.724597322353483264e+01 4.736447077626222324e+01 5.318762971475027967e+01 4.865700661848328679e+01 3.683650585044834003e+01 1.696632603376328774e+01 3.552034020660583735e+01 4.177150577266382214e+01 5.007042501854883199e+01 5.704877036297590109e+01 6.279767806837119082e+01 6.942147750816660334e+01 7.761104696422640359e+01 8.750042967867697996e+01 8.334375583055992820e+01 7.544358385634751585e+01 7.411378445594050390e+01 6.630677542438456840e+01
5.081304048347549951e-03 2.330034078920683260e+00 4.670857022739676623e+00 7.190620173755803535e+00 9.772609044441734838e+00 1.246940826699658267e+01 3.245079424517866329e+01 4.469408447597947287e+01 4.984215313055504026e+01 4.981627640807258928e+01 4.151913308383708312e+01 3.188877902769008088e+01 3.775220288922360368e+01 2.067493750106511996e+01 3.837228540375082275e+01 4.264387556136775714e+01 3.046696165164519243e+01 4.204130921063056547e+01 6.207356620245924717e+01 7.543451970752614955e+01 6.724597588092318290e+01 5.459793036471015881e+01 3.448864337430418203e+01 2.010883768314519315e+01 1.731273686404622580e+01 3.719212831990426338e+01 2.302448213034089974e+01 4.183040375034406821e+01 5.267476872085184425e+01 6.093939907617181007e+01 6.714047985067651325e+01 6.714047985067651325e+01 7.535410240049829156e+01 7.544358385634751585e+01 5.705407803596349225e+01 6.244023958808453756e+01 4.785610042416112719e+01
4.469920835086939326e-03 2.000446883251541408e+01 1.283569642028889213e+01 2.718206135588071248e+01 2.975975464215373734e+01 3.245085132704512887e+01 1.646939765790618537e+01 3.644036050749743794e+01 4.049998120828091430e+01 5.994448525022046681e+01 6.018251791057738842e+01 4.605226049561438373e+01 4.898399201862235941e+01 3.223601602078471018e+01 3.334019071187124439e+01 5.336358555745033527e+01 3.714859907150506757e+01 5.719401335161447975e+01 7.037840479404395921e+01 7.330464135810522919e+01 6.334424731618616988e+01 5.510704608105441338e+01 4.212866771279532685e+01 2.219109237475336371e+01 2.010667383830605459e+01 1.781055223365125428e+01 1.816517580309682245e+01 3.786572185459747431e+01 3.273432195188736671e+01 5.268429222819129620e+01 4.704625670054783626e+01 4.704625670054783626e+01 6.714047985067651325e+01 7.544361615342884875e+01 5.705407809093009064e+01 4.401144613376162340e+01 3.805884805541997906e+01
2.324776005098761877e-03 2.000232477600474468e+01 3.282771449569456479e+01 2.697428341194600065e+01 4.695914720449654567e+01 4.469408447598966916e+01 3.644036047771430020e+01 2.068568282230575051e+01 4.064207066672248914e+01 5.356880041314121144e+01 6.762671908989655378e+01 6.604514164709597424e+01 6.053838630203244975e+01 5.226040929096490828e+01 4.750595041117928474e+01 6.164756342236589148e+01 4.472988941784650763e+01 6.479523824650766528e+01 7.913179359584700023e+01 5.926212448428062629e+01 4.513227352858545061e+01 3.513809719041407931e+01 2.760291203688444739e+01 4.212866771279532685e+01 4.191424253916548537e+01 3.770288502234280514e+01 3.504736214670565886e+01 1.867137477752916297e+01 3.856959018078865142e+01 4.362373810665167184e+01 3.276528765121525311e+01 4.704627614988279305e+01 6.714290357906774886e+01 7.679441996154389471e+01 7.019869830868557870e+01 6.244023958808453756e+01 5.647590480123880496e+01
8.699724428260374037e-03 2.000869972442790612e+01 3.828652083269602713e+01 4.695914720449654567e+01 5.523446404881293148e+01 5.472481061369818889e+01 3.480880881690321615e+01 4.064207063918695439e+01 2.539922912946366296e+01 3.951088173627307754e+01 5.481812153411746635e+01 5.926332593951379124e+01 6.439058594895260512e+01 7.100345329048333554e+01 6.750985477338362273e+01 7.320650842909893186e+01 5.630325968989536989e+01 7.320853341319948981e+01 8.207601809440903651e+01 6.223367578782326603e+01 5.440682517927657358e+01 3.443975051577164948e+01 4.755949312774330195e+01 5.580585606863290593e+01 5.498380645944917688e+01 4.258044652973704558e+01 2.268842879811710844e+01 3.513524354818111561e+01 1.918514732138138612e+01 2.427422745297215201e+01 4.362387818175804455e+01 6.047710129298156545e+01 5.375461844744196327e+01 5.375531582149655918e+01 6.016975361791929799e+01 5.701139142407368610e+01 4.868703318073370667e+01
2.249585233037712084e-03 1.000224958523312502e+01 2.414438520896432649e+01 4.414438520896503348e+01 5.809448580550175478e+01 6.296161789259388541e+01 5.472481061912449718e+01 5.356879808872549376e+01 3.537979478563564584e+01 3.084021015725606318e+01 3.491916430004422978e+01 3.938389136362326326e+01 4.453225739219892887e+01 5.116400496000823495e+01 5.866639776992310829e+01 7.849560397686104807e+01 7.649096400349540659e+01 8.500049199508637798e+01 8.101917651029948786e+01 6.223368859107530682e+01 4.227405716831365368e+01 5.440682517927657358e+01 6.263998948594547045e+01 5.938664553625761755e+01 4.673293222267692926e+01 2.681877343228126875e+01 4.258044652974081856e+01 4.663341815986297689e+01 3.906491022522930479e+01 1.970181584728054602e+01 3.959718993174841017e+01 4.372226893851078700e+01 3.039153054032150791e+01 4.304826272065929516e+01 4.015248451598657908e+01 4.685433803683115883e+01 3.131190820858842372e+01
2.739267172789772273e-04 2.000027392671692539e+01 2.969886673273425615e+01 2.918036948749836412e+01 4.164917038808825822e+01 5.018506984183446917e+01 5.965207758500269364e+01 6.324195346396962236e+01 4.930901393464592530e+01 4.493656941576555397e+01 4.900190292445087437e+01 5.087445268759798012e+01 6.439058594895260512e+01 6.074936023338341329e+01 7.849912474096728943e+01 7.268573168590650369e+01 9.253389709790067741e+01 8.423658657984542231e+01 6.449144333853989508e+01 5.297510267737199285e+01 6.223368859107530682e+01 7.039741077176599049e+01 6.408842727756737645e+01 5.113836103893544305e+01 3.119121221410287248e+01 4.673293222267692926e+01 5.496072430246222495e+01 5.028752771670759358e+01 4.045324073665772602e+01 2.073554557555807776e+01 2.024590340189584126e+01 2.063026447213854553e+01 2.101431344611187768e+01 2.139752611005337712e+01 3.567333889461396979e+01 2.605036964637061914e+01 4.269451423289061154e+01
8.327778614586212741e-03 4.722399468163799519e+00 9.573421952967230197e+00 1.492096544269897329e+01 2.125937300094669169e+01 3.029064990620396003e+01 4.502642172910686469e+01 6.701795643052462026e+01 6.844440306049710898e+01 6.480682030302062913e+01 6.886012359503618541e+01 7.072273991075856259e+01 7.894477400774108844e+01 8.059218242153613687e+01 8.881201318069905426e+01 9.253389709790067741e+01 1.007378480303345185e+02 9.232422097603679845e+01 8.101917651029948786e+01 7.285146160013493954e+01 7.312617378760285192e+01 6.488900183836322810e+01 5.584556330602728735e+01 3.587378136671341622e+01 5.113836103893544305e+01 5.938664458381774125e+01 5.405060546228465768e+01 4.176261241091322773e+01 2.215070806630192735e+01 4.043937164166113263e+01 3.057722459303831641e+01 2.628743267838527586e+01 3.550247147341123366e+01 3.907373199895440052e+01 2.194011211279241635e+01 2.232518074401803787e+01 2.271655390132180585e+01
6.510866554257996840e-03 1.150600545351027115e+01 2.950848333497133069e+01 3.517303398970020822e+01 4.164917038808825822e+01 5.018506984183446917e+01 5.965207758500269364e+01 7.084740289573981897e+01 6.545260035884096794e+01 5.716102582361510542e+01 6.335605729565808986e+01 6.721073080875834194e+01 7.148077260709145264e+01 7.633702279569415339e+01 7.374061197665199074e+01 8.202810342671054400e+01 9.358067979875728781e+01 1.000244051208019442e+02 8.856989096761648739e+01 7.968695438664047970e+01 6.499602225943043265e+01 4.502935413154520461e+01 4.094334646987656612e+01 5.584551482128667743e+01 6.408842727756176316e+01 6.279864864100014188e+01 4.654788403033818867e+01 2.882477653364861325e+01 2.324002926715411377e+01 4.572707755950718678e+01 4.634565408756212435e+01 3.623928898972833679e+01 3.413674120944950374e+01 4.644551634290978370e+01 3.688648600242113673e+01 4.239110131928292446e+01 2.297205458664669564e+01
8.953482861371391335e-03 2.000895348286101694e+01 3.098080084125566813e+01 5.000435612879068970e+01 5.678003690495393840e+01 4.849106657479342175e+01 5.678003716334537643e+01 5.082715005566323896e+01 5.082715005575564504e+01 3.714338199946679708e+01 4.333005729118755767e+01 4.718125969491929084e+01 5.145250126108514621e+01 5.631419032365949562e+01 5.371486605169704376e+01 6.528276247270963495e+01 8.529424926042321431e+01 9.179129543616073761e+01 7.196669019400962952e+01 6.047957906090346114e+01 5.153414212316585008e+01 6.499602225943043265e+01 4.989997143809294045e+01 6.915419274953337947e+01 6.806024506959340670e+01 4.943845962679518635e+01 3.719077417917711870e+01 4.430212280409313053e+01 2.443353944209524897e+01 4.493945274681652080e+01 6.131344681117208495e+01 5.350429012665460959e+01 3.948819575907842960e+01 5.414427037487788397e+01 5.848035259264007379e+01 4.734130087076914606e+01 2.768787694314999115e+01
