LEM/sinusoidal_perturbations/elevation_000107.asc
nrows	100
cellsize	150.0
xllcorner	0
ncols	100
yllcorner	0
NODATA_value	-9999
[rows 51 to 67 of 100, columns 37 to 73 of 100]
9.397136403021409023e+01 1.055186766718167917e+02 1.146726144436950108e+02 1.228729770219188424e+02 1.173104494063501733e+02 9.741743598961018336e+01 9.483385543918751637e+01 1.114622295853222056e+02 1.153455428267417773e+02 1.235450426686868894e+02 1.247615923443915591e+02 1.247615923443915449e+02 1.329353761145559929e+02 1.252523784893333954e+02 1.086232196927460620e+02 1.170294803109546251e+02 1.368833850479063585e+02 1.315365790311826117e+02 1.215751304478657460e+02 1.048910079435261054e+02 1.099199895888636291e+02 9.896951958942304373e+01 1.103654227416587190e+02 1.302724108687130524e+02 1.240812884057568226e+02 1.053109285932997636e+02 9.200826286423527733e+01 9.977499898598168215e+01 8.070378953612922146e+01 9.977499898598168215e+01 1.113203718956626460e+02 1.191595280440506883e+02 1.297962968506930963e+02 1.302743564092734516e+02 1.105538894073936831e+02 1.055756475058242927e+02 8.602089519476632518e+01
7.794594517868301864e+01 8.694596203080068619e+01 9.850293666724594743e+01 1.184020639443397727e+02 1.255070305773935218e+02 1.173104494048685780e+02 1.147323876266614064e+02 1.229341095944575528e+02 1.170568807761969623e+02 1.149001884879953082e+02 1.050387846315260276e+02 1.050387846315260276e+02 1.247615923443915449e+02 1.170294803109546109e+02 9.707056267082968759e+01 1.170294803109546109e+02 1.288502837740718974e+02 1.232084821079677965e+02 1.033613476563646856e+02 9.352391202650241553e+01 9.018874123575302804e+01 1.099199895888636291e+02 1.173628793354432247e+02 1.256598780219480318e+02 1.255396319113837222e+02 1.067580984289872816e+02 9.346523813527385016e+01 8.242363445871617955e+01 7.760654810682783022e+01 8.495569678101907130e+01 9.326626296318504217e+01 1.037416407624664743e+02 1.220231221762743132e+02 1.282524318128813547e+02 1.198606934237569277e+02 1.032061808281935953e+02 8.383155727934776280e+01
9.798361891706426263e+01 1.062162518371167295e+02 1.151286037523694290e+02 1.265991046310199692e+02 1.299219884027508272e+02 1.217533937922068930e+02 1.299244003634653097e+02 1.170568807761969623e+02 9.733911168579452067e+01 9.518209338849193557e+01 9.109931819550318721e+01 1.108154612665859275e+02 1.238743491435985931e+02 1.103765077642462842e+02 9.041599874600814246e+01 1.007020773403583007e+02 1.206260140704006574e+02 1.315365790311826117e+02 1.215751304478657460e+02 1.044475259222441963e+02 8.472565100479070566e+01 1.033709746713513340e+02 9.757533799605309355e+01 1.173628793354432247e+02 1.137268820184798841e+02 1.057858667119233758e+02 1.092303814676262022e+02 9.396199347779958089e+01 7.474606903705762306e+01 8.842667168054096294e+01 1.073254424328407168e+02 1.163358483518799460e+02 1.081506959321500716e+02 1.081506959321500716e+02 1.124575955006738042e+02 9.291129007861572120e+01 8.165093830873469471e+01
9.295605008166342031e+01 1.022825435396260900e+02 1.105198556733388813e+02 1.220152240889790392e+02 1.200470765912284037e+02 1.020218108690197454e+02 1.200575565024155935e+02 1.149001884879953366e+02 9.518209338849193557e+01 8.120077412978920961e+01 1.009573897310552439e+02 1.157300167127778963e+02 1.156450305076653819e+02 9.571121365268520265e+01 8.440198477257047216e+01 1.043581878517005919e+02 1.191199306852156781e+02 1.336226261499712109e+02 1.145827045003309479e+02 9.449091383640005404e+01 8.072372184112602156e+01 8.362723836118711063e+01 9.531062807535739978e+01 1.151097203178844950e+02 1.057858667119233758e+02 8.681810909949371080e+01 9.237363668027154517e+01 9.155337243201267938e+01 7.222972440971106778e+01 8.602763123060441330e+01 1.049858182907976669e+02 1.073024609072171529e+02 8.812197480702637620e+01 1.073024609087465393e+02 1.049267893434415981e+02 1.035090723206102297e+02 9.535152232154308649e+01
8.468959164159237218e+01 8.228878682521724386e+01 9.385889221442455721e+01 1.137895343026252846e+02 1.118874937623261587e+02 9.216970563321302734e+01 1.118874937623261587e+02 1.101178479686663962e+02 9.038654044590553838e+01 7.630571476504799477e+01 8.782517676107347881e+01 1.075590822828602882e+02 1.150520990214368311e+02 9.936913739239892607e+01 7.938379314325730718e+01 9.093716621200647410e+01 1.108874242287933924e+02 1.209270615052602835e+02 1.080330280645892600e+02 1.087477570774965017e+02 9.531062807535739978e+01 7.542602995639440167e+01 9.530971064966760764e+01 1.118157931469888382e+02 1.006234875736187035e+02 9.129423019126035399e+01 7.461788869829474891e+01 8.588393678922932395e+01 6.971498414220840800e+01 8.898353286215592561e+01 9.767066053498157885e+01 9.697169510767039924e+01 7.936253426170222269e+01 8.947420016066431003e+01 8.517779595198445008e+01 9.277352898554960348e+01 7.538439236709977820e+01
7.067524107279311352e+01 8.228878682244842935e+01 1.022825146089066237e+02 1.176525490462518491e+02 1.053149031862303389e+02 8.558431088851726543e+01 1.053149031862303389e+02 1.026798093707256498e+02 9.202461205335006866e+01 7.202345581801681362e+01 8.623433148058198583e+01 1.060035859420720499e+02 1.068150948639603115e+02 8.685243199076124654e+01 7.523961438036755567e+01 8.944517939886561919e+01 1.093994368077194963e+02 1.131927903670900264e+02 9.412104011028023365e+01 1.010871063451423737e+02 9.216749920844736721e+01 7.215811170994740564e+01 8.380789033972470747e+01 1.035842236260746887e+02 8.992804662968275409e+01 7.493722516483123286e+01 7.032002929739883257e+01 6.611595078584083751e+01 8.384910539977541077e+01 8.589720156666935225e+01 6.634990541001042175e+01 8.349532372408860681e+01 8.035666640116120618e+01 6.939088561727008653e+01 7.104975994395921646e+01 7.267715719033945732e+01 9.277353477091286038e+01
7.704670354539021560e+01 9.073913049153864563e+01 1.105192639702433866e+02 1.094827281695724253e+02 8.975562274558797071e+01 7.981864669627151443e+01 9.301900211272231900e+01 8.285488945883581380e+01 8.543696751648670329e+01 6.801921216051054842e+01 8.236662101709084993e+01 1.021989911471398074e+02 1.059107273994284526e+02 9.162902786678070299e+01 7.149794688125565756e+01 8.577731828285838844e+01 1.057563045073549688e+02 1.147195859765753454e+02 9.544034787737803072e+01 8.155519600085195009e+01 8.915425262456111000e+01 6.902985994840938133e+01 8.918546327838379284e+01 8.965471507022894571e+01 8.171515495121445838e+01 6.224438486512659097e+01 6.296092277960682537e+01 6.369074242285557830e+01 6.446217260329666487e+01 6.523806979102810999e+01 7.430498923213912121e+01 6.746928416134252871e+01 6.826345007948634702e+01 8.842594125681459616e+01 7.063073694488184628e+01 8.010878978018234875e+01 9.868363938295496496e+01
8.415544302448101632e+01 1.041371994018676048e+02 1.189237735752070222e+02 1.176525570614834493e+02 1.077895029955250266e+02 9.301900211272231900e+01 7.305029251359040643e+01 6.852433692856565983e+01 6.518262011568080538e+01 6.420652168868861054e+01 7.866213597957323600e+01 9.857811231753048276e+01 9.172332444086097780e+01 7.753592148229353143e+01 6.793463022695009101e+01 8.817397761357872810e+01 1.047783272056606307e+02 9.646920993400395616e+01 1.041987759369101809e+02 9.186271355058458710e+01 7.196296948089675993e+01 6.597575562820441064e+01 8.624658391682022796e+01 7.998186584872043170e+01 6.124294067791781515e+01 7.415434313323291349e+01 6.792446636739916244e+01 8.491709794333556260e+01 8.579292421020552695e+01 8.008904337398233508e+01 7.559714546802902646e+01 8.768452856647837734e+01 8.247539062527934561e+01 9.138072855989668142e+01 7.150147340730558199e+01 8.236116231377252461e+01 8.111980851068892662e+01
9.830487974941587481e+01 1.123836053477457995e+02 1.315363979794291822e+02 1.201538413970658610e+02 1.119902991337435481e+02 9.618051170828992724e+01 7.628669196099231442e+01 8.866147406454807367e+01 8.096355168863703966e+01 6.060443609133228193e+01 7.768239146746775248e+01 8.584334418723429394e+01 8.342849957402091832e+01 6.288969682107897086e+01 8.342849957402091832e+01 9.287108409429741585e+01 8.927579140195905438e+01 7.437059760228333971e+01 9.115390722135830970e+01 9.264428623726615797e+01 8.339393533655663759e+01 6.299836006245789122e+01 7.975942624622774701e+01 6.026275661072050127e+01 7.487582290671937812e+01 8.888518716331877556e+01 8.023923473769822579e+01 7.585655870624040631e+01 9.623375644202948820e+01 1.001490875079130092e+02 8.400223787589831659e+01 1.026658290111100484e+02 1.012534644371588257e+02 9.949370886990458018e+01 9.142136128933853456e+01 7.272216520883266355e+01 8.677442917300717795e+01
1.182252845836267596e+02 1.232177581477647408e+02 1.233766084386362536e+02 1.036549422117054888e+02 9.226523256851166366e+01 8.525836610118186343e+01 9.618051170828992724e+01 1.043532915735298161e+02 8.920124730724198514e+01 7.768239146746775248e+01 5.733393658835360895e+01 7.753417865375827489e+01 8.026730736298537749e+01 5.952869671212474145e+01 7.648667613781168484e+01 7.237639250186238371e+01 5.885424940889898693e+01 6.812664989419337758e+01 8.093867131666480930e+01 7.178615491706025864e+01 7.818628946654207823e+01 7.882008140204901281e+01 5.930664049332020937e+01 7.963987509465448511e+01 8.888417400338596508e+01 1.030554065468190714e+02 9.462756679681770322e+01 9.623375898582091281e+01 8.442824620385555079e+01 1.043783239169270587e+02 9.509047043380094522e+01 1.115233632452752630e+02 1.080994147485001804e+02 8.804298207039252588e+01 7.395410239828707688e+01 9.208929244319813279e+01 8.343125398616163579e+01
1.174319498797237742e+02 1.034870391640918967e+02 1.174319498797237742e+02 1.201538413970658610e+02 1.119902991337435481e+02 1.050145088665254463e+02 1.012333726251587649e+02 9.299248472334960525e+01 8.966820669184222936e+01 6.953973698187857622e+01 5.513583713267303921e+01 7.543185526021567000e+01 8.509294966601264321e+01 7.277429024652622047e+01 5.554013939026945934e+01 5.428083412631184501e+01 5.487965825483361471e+01 7.416450093849803693e+01 5.658065304739631785e+01 5.718504691235257553e+01 5.779166271789313214e+01 5.839988124106850620e+01 6.048295848252737272e+01 8.081044040629045355e+01 9.218196195768078383e+01 1.062987969009417952e+02 1.144189666138068304e+02 1.106259198099621273e+02 9.086939329610216021e+01 1.106256371992466967e+02 1.147001006790624729e+02 1.228725434647399624e+02 1.122163659649603744e+02 9.459900547615742994e+01 7.482178062550438824e+01 9.457002319699758175e+01 1.026849675346954456e+02
1.086011345698066748e+02 8.948755774511302263e+01 1.019524386572621069e+02 1.101365717459686238e+02 1.111000834003556150e+02 1.070742384683541246e+02 8.716248068725877829e+01 7.287343615219840842e+01 8.023461347972197188e+01 7.310619203652372278e+01 5.300333133329085200e+01 7.164611170115752259e+01 7.224649242504445112e+01 7.270580157344119243e+01 5.343232943124336742e+01 7.252166397107509965e+01 7.496689602321839629e+01 5.572764342278869520e+01 5.906402316032298927e+01 7.683593047059926562e+01 7.818629756659234431e+01 7.214896021242853408e+01 8.078268470829145542e+01 6.345786316516601033e+01 7.808416662496151162e+01 9.461223898333619786e+01 1.055255168467696478e+02 1.187723061506445674e+02 1.048738999164190062e+02 1.048738999164189920e+02 1.245125242479933121e+02 1.175558967090030507e+02 9.878072513987146408e+01 8.551576250869671014e+01 7.568527269621604603e+01 9.543103021155452836e+01 1.047766402433972530e+02
1.004225590731265640e+02 8.054599475189904467e+01 8.208931460363811539e+01 9.868632696541189375e+01 9.127292277942179055e+01 1.052964882897301777e+02 9.419571960057429294e+01 8.026722420448464845e+01 6.006249126337672806e+01 6.099877544171234689e+01 5.089338544074563231e+01 5.146315732689976130e+01 5.203211440816267697e+01 5.260041029441433835e+01 5.486574839025372086e+01 7.520536694400030342e+01 8.217999823622103861e+01 7.650734363424072626e+01 7.709244857314133981e+01 6.574835186126223618e+01 8.569368510794099336e+01 9.016417927126427401e+01 8.380620821080970018e+01 8.395750470417507927e+01 6.671266933664443854e+01 7.840550560013386416e+01 9.652134815034946769e+01 1.102160162177824674e+02 1.245125242479933121e+02 1.245125242479933121e+02 1.326707123848701997e+02 1.185266308679761806e+02 9.892108606400071835e+01 8.505528617650159617e+01 9.543108042042803163e+01 7.691212973532556418e+01 9.662290779526860263e+01
1.075844487618956435e+02 9.048445863795534194e+01 7.041179405895434229e+01 9.048445863795534194e+01 7.712086424079083713e+01 9.533490087514623212e+01 8.596013569726125070e+01 6.581613377559661160e+01 6.951233668846784042e+01 5.011332553067908435e+01 7.029832398686905037e+01 7.167358646299679492e+01 7.224711798666812967e+01 5.561584688866643233e+01 7.485830701188396574e+01 5.842517395419223902e+01 6.147896805364445783e+01 8.234530638340098108e+01 9.389139716080575226e+01 8.570047083482570827e+01 7.620199558381273164e+01 9.691121761517624122e+01 1.035830351253521968e+02 9.544475694494317963e+01 8.724536809664714099e+01 7.030622336826455410e+01 8.227960347636472704e+01 1.020739044381916045e+02 1.134385663606659733e+02 1.134385663606659733e+02 1.330680133526408895e+02 1.185962666529236031e+02 9.893886563181220595e+01 9.893886563181219174e+01 1.047784337582257592e+02 9.662290764869133852e+01 7.813726387433847265e+01
8.986075795897545504e+01 7.946491870247542977e+01 6.511563259008309501e+01 7.857311597802154779e+01 6.694791988877106803e+01 8.709615967183631824e+01 7.701578883080610183e+01 6.872860046239924259e+01 4.933394649820773736e+01 6.951256242437708011e+01 7.029834920732504600e+01 8.108276054879169692e+01 6.056476609952150625e+01 7.539224596670484857e+01 8.369950736114742540e+01 6.915362298149550213e+01 8.234530638587277451e+01 6.625118968128066399e+01 8.669386516864904024e+01 9.934643257560479412e+01 9.691121761517624122e+01 9.089943561159599028e+01 1.126590754984678284e+02 1.044812803190419004e+02 8.477606351005213980e+01 7.297825367277805242e+01 9.310446809885867481e+01 1.010400931559275790e+02 9.383485894289579221e+01 1.134385663606659733e+02 1.284983608817509833e+02 1.267907434181154684e+02 1.185962666529236031e+02 1.185962666528715488e+02 1.082105429439092177e+02 8.851334565937932553e+01 8.537722454192197574e+01
7.568767717063893485e+01 9.084070408790587692e+01 7.857311597801673031e+01 5.831085949709881078e+01 5.922856480673738133e+01 7.624612996024323763e+01 6.794294830806050811e+01 4.855329715334212892e+01 6.872891593968994073e+01 7.780968405653710818e+01 9.039421584986999392e+01 8.526200958854211365e+01 6.478826429169423307e+01 8.526201989242471768e+01 9.773683732782923528e+01 8.369771106658751592e+01 9.489456157593545527e+01 8.669386516865894521e+01 7.109931644982199828e+01 9.117452671190828539e+01 1.042713501803371940e+02 1.123532834484104086e+02 1.217749948089555119e+02 1.126215016590590494e+02 9.707364442614446887e+01 7.722776278397280691e+01 7.789129502916775039e+01 8.135614401166127152e+01 1.010400931559275790e+02 1.007342594162612670e+02 1.145934348322214191e+02 1.342157656063396018e+02 1.320984160180252331e+02 1.123631928292467279e+02 1.009499011236399895e+02 1.062828480524033097e+02 8.659163602965162454e+01
6.544907153652800957e+01 7.073796471775297334e+01 7.320535385055828215e+01 7.231967929965664155e+01 5.209312985755428826e+01 6.718231726461432629e+01 4.777871235382356474e+01 6.787574205508870762e+01 5.379855392995028041e+01 7.404557663420034430e+01 8.791755473221185468e+01 8.966054822076470998e+01 6.950395920969917540e+01 8.966054822076470998e+01 1.046638552143707841e+02 1.035837269994814989e+02 1.051280905874580611e+02 8.539477131121633136e+01 9.117452671190828539e+01 7.629883522369429727e+01 9.299839252044507987e+01 1.090376500698609306e+02 1.197677114826566651e+02 1.150396770681736740e+02 9.543520548064326192e+01 8.149715430670806882e+01 9.771289790790808638e+01 1.010400931559275790e+02 8.687447159896998983e+01 1.064768029576265462e+02 1.211542818340771532e+02 1.324932908058811165e+02 1.403204849364348377e+02 1.289074601526259016e+02 1.151476260448779385e+02 9.532538007948379288e+01 1.062828482158191008e+02
