LEM/sinusoidal_perturbations/elevation_000842.asc
nrows	100
cellsize	150.0
xllcorner	0
ncols	100
yllcorner	0
NODATA_value	-9999
[rows 51 to 67 of 100, columns 37 to 73 of 100]
5.298084449998145828e+01 5.673179588145415408e+01 6.149528923573735284e+01 6.655628500441692097e+01 7.670025280956031111e+01 8.840329789979217878e+01 1.085457158691519908e+02 1.133256774386226056e+02 9.634627200189156326e+01 9.555725028148067679e+01 1.125400111146461768e+02 9.952928254367378713e+01 1.164959775465691507e+02 1.184111598012046045e+02 1.059261260548274208e+02 8.577127185878129012e+01 1.059261260548274208e+02 1.002200687980113685e+02 7.994214404934271556e+01 1.002200687980113685e+02 1.147175930193145916e+02 1.127899199835400168e+02 9.693188219829639252e+01 7.653481239624495913e+01 9.104934099461532071e+01 1.111335929534378693e+02 1.140211480028692534e+02 9.994996737083441474e+01 9.994996737083440053e+01 1.199119663924091270e+02 1.281653318035890265e+02 1.109919873407546191e+02 1.150774244199818099e+02 9.476405430967317045e+01 1.150774244199818099e+02 1.097833759393246993e+02 1.242818548360709485e+02
7.250544691991512991e+01 5.999617824305433089e+01 8.010639403310254636e+01 8.680836912098615699e+01 8.089466548972441728e+01 1.010853126314333963e+02 1.168455552123031822e+02 1.250397344171347100e+02 1.166765647140762354e+02 1.158916713696754925e+02 1.242563829742749419e+02 1.198445961515817828e+02 1.282012656228526168e+02 1.166339458833692930e+02 9.660144930451532730e+01 1.059261260548274208e+02 1.141860993966299418e+02 1.062904634158969657e+02 8.615724213897775030e+01 1.062904634158969657e+02 1.186850182497178565e+02 9.870582487168903185e+01 8.438185514400494469e+01 9.693188219829639252e+01 8.536902563950303602e+01 1.055274730593549890e+02 1.252634416827001331e+02 1.199119663924091412e+02 1.199119663924091270e+02 1.280923286349043053e+02 1.400131869183553022e+02 1.314768081598861329e+02 1.235817857628270389e+02 1.064421300968973014e+02 1.235817857628270389e+02 1.302518231120327243e+02 1.311388158750368973e+02
8.684701929643215124e+01 6.662514350644337924e+01 7.640082237898072037e+01 9.069678295079032182e+01 1.010853126314333963e+02 1.093969959814554471e+02 1.202339963405208181e+02 1.119868378369754538e+02 1.119868378369754538e+02 1.129747305821713610e+02 1.188321334163632628e+02 1.251132314984404701e+02 1.285342568696855778e+02 1.248709762512865069e+02 1.081930586543906117e+02 1.248709762512865069e+02 1.204464396006637372e+02 1.004268660915359561e+02 9.782517974483668866e+01 1.145582993109386791e+02 1.145633410292502816e+02 9.455184922970231298e+01 1.045575951294762689e+02 1.127899199834568975e+02 9.707797536633056268e+01 9.707797536633056268e+01 1.112464698500201052e+02 1.311282265216651979e+02 1.283241401612796153e+02 1.200602617768400364e+02 1.283241401612796153e+02 1.337320255209652942e+02 1.354063990457191551e+02 1.268734558344708319e+02 1.263430800191101468e+02 1.180812945320773366e+02 1.263430800191101468e+02
9.518359239839647046e+01 8.093492550978048428e+01 8.093492550978048428e+01 1.011200762981882804e+02 1.191330730358185832e+02 1.245569966879268264e+02 1.119868378369754538e+02 9.181609536152272710e+01 9.181609536152272710e+01 9.280637234558646753e+01 9.871354770768262199e+01 1.050219775504284314e+02 1.084624119133496265e+02 1.225764067875342391e+02 1.281644122686338676e+02 1.363770373875816802e+02 1.286897325303413311e+02 1.204464396006637372e+02 1.178542559608068814e+02 1.261024441725454750e+02 1.227646520945446298e+02 1.045970618976294162e+02 1.227646520945446298e+02 1.252634416827000763e+02 1.170697015572441728e+02 1.170697015572441728e+02 1.252634416827001331e+02 1.270757684057087147e+02 1.182977778285692949e+02 9.996530497690837080e+01 1.182977778285692949e+02 1.137272663937346380e+02 1.225113198456766241e+02 1.142387271544545797e+02 1.142387271544545797e+02 9.797322691063645550e+01 1.163128222619761658e+02
1.031170459561958950e+02 1.011200762981882804e+02 1.011200762981882804e+02 1.094322592870123287e+02 1.186040026466143615e+02 1.044636314040796350e+02 1.086246709836774187e+02 9.772395097723777724e+01 7.759376495566976928e+01 7.857754330178576652e+01 9.444796214888400243e+01 9.074897453641202105e+01 9.415349475288874714e+01 1.143413191901354224e+02 1.292830642229119178e+02 1.267353809053556972e+02 1.245223482701776732e+02 1.163725229815732547e+02 1.138015028134497442e+02 1.219602405731813235e+02 1.327008371089935963e+02 1.245296201608712181e+02 1.327008371089935963e+02 1.286552588976347522e+02 1.203849852973607142e+02 1.188367662415633532e+02 1.271087740549884160e+02 1.188056328948073030e+02 9.868499279552159464e+01 8.981092612711998413e+01 1.031637781849599094e+02 9.947285013466506598e+01 1.142387271544545797e+02 9.408025247181916484e+01 9.408025247181916484e+01 8.780339062542843465e+01 9.977090032889273630e+01
8.977893690336455279e+01 9.742047371626163965e+01 1.057604740390260218e+02 1.173828164590568122e+02 1.085543472414965436e+02 9.017928470442625155e+01 1.003401923306024628e+02 8.021778969304081386e+01 7.051706393219886593e+01 6.962334824914657361e+01 7.433994584763568980e+01 8.141764303502242228e+01 9.566412369665867743e+01 1.158396008580060936e+02 1.094869479766289544e+02 1.069029060068520067e+02 1.163725229815732547e+02 9.635984855121199644e+01 9.374422000050944348e+01 1.104410984102848658e+02 1.240099064678905165e+02 1.196451768622835772e+02 1.277871504186597633e+02 1.170739397926399619e+02 1.002869365420511230e+02 9.872597663502958198e+01 1.113867741355925602e+02 1.196748475712160200e+02 1.023771990476632681e+02 8.206445377298081212e+01 8.286201911128124209e+01 9.953151115528602588e+01 1.078510065492065735e+02 9.998453300798583143e+01 7.963618753371456194e+01 7.941914684289190518e+01 8.668836536015216154e+01
6.952193558744959034e+01 7.720286767499101188e+01 8.891400791407744464e+01 1.090405220984686423e+02 1.002640556683512472e+02 8.012279786999731357e+01 8.949813260934912762e+01 8.391038618977133012e+01 6.385177609397852905e+01 8.391038618987191455e+01 9.444796214888400243e+01 8.853883652861672715e+01 1.086482897139981390e+02 1.152850961840080686e+02 9.525035507337595675e+01 9.263150401244794807e+01 1.063252875770114656e+02 1.022214251821861950e+02 8.193611749820763634e+01 9.580664765031713159e+01 1.150464507754504950e+02 9.969157848967023483e+01 1.163171812090453727e+02 1.087813714382965031e+02 8.855349188867866417e+01 8.697980302176343059e+01 9.118618381395218364e+01 1.113867741355925602e+02 1.083955641516890580e+02 8.815674164594443596e+01 7.364711517212293757e+01 7.917283586421619646e+01 9.568894447680169435e+01 8.732335636773404985e+01 7.233485223913986317e+01 9.279030647800271936e+01 1.069259761238749746e+02
7.430493662034868407e+01 9.453332671085880179e+01 1.057604740390260218e+02 1.062825754490312988e+02 1.037378285606140480e+02 8.359840678956985016e+01 6.941394662663572035e+01 8.069843798731980655e+01 6.065847921368192885e+01 8.069843798720455652e+01 1.001159757542007185e+02 1.086509827439813733e+02 1.168310487337086130e+02 1.152850961840080686e+02 9.525035507337595675e+01 8.081483933349979054e+01 8.612053328593199808e+01 9.580664765031745844e+01 7.540028925052216380e+01 8.664636865317683601e+01 1.068446315903984640e+02 8.795710937300836463e+01 1.073489390482582166e+02 1.113867741355925602e+02 9.118618381395218364e+01 7.670897424363425898e+01 9.710279973518925090e+01 1.025766221756536822e+02 1.108929847023886026e+02 1.024224950898038173e+02 8.777742449564276228e+01 6.729779541197781612e+01 8.220307016518302135e+01 6.684221197310908735e+01 8.732335636773404985e+01 1.011308486404373070e+02 1.149445235848914848e+02
7.430493662034868407e+01 9.453332671085880179e+01 1.003501561849569299e+02 8.615580981042093356e+01 9.355329117894683577e+01 9.780476871809247541e+01 8.129879801655120275e+01 6.127149970309490357e+01 5.759106664120343311e+01 7.172109000243506216e+01 8.622877518850519607e+01 9.333817337742777909e+01 1.016462005242347999e+02 1.132569666729128244e+02 1.063252774249264405e+02 8.612053319023050335e+01 7.159831653536664930e+01 9.035192850386809482e+01 6.989341045944325970e+01 9.035281896147763803e+01 9.910562382049894836e+01 7.876870522993202428e+01 9.910562382049901942e+01 1.066254493354581427e+02 8.636044729051279489e+01 7.185289000756277744e+01 8.598707017849436340e+01 8.225865344844885385e+01 1.010315044714440944e+02 1.087918580172380700e+02 9.606458778996227466e+01 8.220296272735119203e+01 6.177478262208475002e+01 8.220307016518302135e+01 8.748767187990368654e+01 8.637236418845725439e+01 9.909538448015049994e+01
9.453332671085880179e+01 1.028805306994547664e+02 9.205080298261759708e+01 7.196341562774769329e+01 7.346174654804890736e+01 8.765521987584294550e+01 7.594627739714566417e+01 5.598547600287799497e+01 5.468642446529742784e+01 6.011974854471065299e+01 6.614716713880244470e+01 7.322975869937506843e+01 8.481651408587194396e+01 1.049789764520885171e+02 1.049260744252318460e+02 8.676213582288043824e+01 6.632378346364153288e+01 7.974904628757069247e+01 6.533975144886230169e+01 8.577936997507617889e+01 9.232665095697667823e+01 7.190065195030666700e+01 9.232665095697667823e+01 1.058135699220062662e+02 9.775024812767439641e+01 7.737582626122076590e+01 6.553599273224452304e+01 8.070662468773949172e+01 8.070662468773949172e+01 1.007253814959862268e+02 8.054472517121286046e+01 7.962488375444976896e+01 5.926034413811492385e+01 6.270499223454820736e+01 6.702547460240911903e+01 7.185745267883287113e+01 7.873288978016792328e+01
9.626195370172952437e+01 1.045021698166032849e+02 9.684395126004336873e+01 7.934642372592676907e+01 5.936316059563516490e+01 7.040963677160731038e+01 6.777778266062803425e+01 5.109500051920475983e+01 5.277372395850446907e+01 7.931810251694280112e+01 8.622877518854666334e+01 9.333817337742777909e+01 1.016462005242347999e+02 1.049260744252318460e+02 8.469626212832449141e+01 8.840850185199725786e+01 7.975118158002906910e+01 5.940225793267227772e+01 7.975118158002906910e+01 9.410669191868026928e+01 8.643017294449276733e+01 6.599367637966125244e+01 7.724061730569812312e+01 9.755452865069901236e+01 1.060789450013730146e+02 9.436094584474307112e+01 7.473679420093522197e+01 6.032190448649183168e+01 7.596727350804245305e+01 8.436745079861206875e+01 8.242773115570827258e+01 6.389973580284939203e+01 5.679376258620281703e+01 7.711097653741110491e+01 8.153406035277012620e+01 8.637236419006447363e+01 8.637236419006966059e+01
7.631369736764617073e+01 9.453603980662934703e+01 8.854861563637594202e+01 6.851381739161651296e+01 7.040963677160731038e+01 5.058961062822530863e+01 4.803053329138588623e+01 6.773512161438573287e+01 7.836576691593457156e+01 8.688459786263031503e+01 9.570793138149167589e+01 1.046732472338299829e+02 1.127837349445845661e+02 9.269629147951198433e+01 7.823723625026427442e+01 6.799712129683655348e+01 6.167362530051526193e+01 5.638251319046619159e+01 7.295951502698081015e+01 8.133372363252892967e+01 7.495675607056929834e+01 6.058218780706903317e+01 7.076744074416518515e+01 8.524929293030872657e+01 1.054609090748610924e+02 1.034597127961055207e+02 8.909825349858941479e+01 7.596727350804245305e+01 5.567420447140037254e+01 7.153896279185961760e+01 7.120231894029545572e+01 5.384052716426236174e+01 7.408503271474154417e+01 8.552710286225136826e+01 1.018609649359435423e+02 1.066375046477280790e+02 1.066375046613391362e+02
6.633987749115638621e+01 7.688427264646303172e+01 7.156492106325471525e+01 6.676170171473967230e+01 5.236452862710459044e+01 4.528112091720196730e+01 6.491255057615117607e+01 5.544923293038578294e+01 6.116319895178744304e+01 6.747476292643912643e+01 7.632242919762704503e+01 9.052522376062010778e+01 1.106177765256934293e+02 1.068280546938690350e+02 9.671967388481242267e+01 7.822871269469200683e+01 7.994480047893610219e+01 5.851963290377327098e+01 5.267395929044376146e+01 6.942878674969335862e+01 5.464569984572077743e+01 7.495675607056929834e+01 8.931696803743837165e+01 9.946204138612236534e+01 1.028075826311130498e+02 9.266308451144840319e+01 8.429088069432867769e+01 8.436742760788405349e+01 7.153896272771993381e+01 5.130196041024061770e+01 5.096793380629929970e+01 5.632315169371211283e+01 7.642495566568850052e+01 9.211754105373107393e+01 9.211758935755429434e+01 1.123063935976213799e+02 1.158883086787506755e+02
7.104201026302172295e+01 5.698498371284902220e+01 5.175985034106115990e+01 4.709682288249190663e+01 4.276064778781690023e+01 6.227739999852877872e+01 7.319392018223861385e+01 7.533672585569627245e+01 8.108351502521925624e+01 8.742667370113117897e+01 9.570793138149167589e+01 1.046732472338299829e+02 9.994418609344818094e+01 1.082533128110216012e+02 1.067828612123926462e+02 9.852884607563908048e+01 9.263635258471455813e+01 7.950529516434906441e+01 6.942878674969335862e+01 4.913094234997436160e+01 6.942878674934024730e+01 8.332535201615559117e+01 8.520619071068341555e+01 9.369811746899048899e+01 9.446715240612326170e+01 7.411460898253407947e+01 6.393464159407866987e+01 7.341001307279333332e+01 6.852220667976219204e+01 4.825919306760078342e+01 6.852220890764385786e+01 7.642495278658880409e+01 6.488082132076259256e+01 7.200494032507361908e+01 8.620911258441557834e+01 1.063819141162322381e+02 1.042347904150486073e+02
7.988444536617875258e+01 7.688427264646303172e+01 7.156492106325471525e+01 6.060057700882336462e+01 4.115343104855173095e+01 6.060057700875834996e+01 6.912648437510084420e+01 7.512842154277026907e+01 8.220135270788793491e+01 9.050856399835822685e+01 1.020969765468060046e+02 9.647853676581539162e+01 7.941111966472006145e+01 9.647853676581539162e+01 1.005775341605452411e+02 9.236525988787586527e+01 9.236525988788594077e+01 8.556235217131198567e+01 6.306461945300992511e+01 4.703146145810542578e+01 6.451043931430352529e+01 7.084467963864341300e+01 6.489703297782187974e+01 8.520619071068341555e+01 1.028075826311087724e+02 8.779699746584921627e+01 6.745055840911776102e+01 5.310703858598393623e+01 6.475289568912495497e+01 4.662169687025384945e+01 6.693019591725118289e+01 8.440080429406333451e+01 7.910702599224423182e+01 9.211756003887722954e+01 1.004799203688440201e+02 1.038726237538549384e+02 9.515112623887097243e+01
6.020088276395443216e+01 7.420848206460635765e+01 6.497914667280210210e+01 5.675518103582778906e+01 3.955711349643218000e+01 4.426956209112201179e+01 4.936669728182496897e+01 5.522224794232286627e+01 6.219608234900771038e+01 7.371127888776750581e+01 9.379900922618003278e+01 8.808941466353347494e+01 6.746108631879408790e+01 8.808941466353347494e+01 9.236525988787586527e+01 7.211548463306732515e+01 7.211548463306732515e+01 8.105556133654246764e+01 6.412307851057974517e+01 6.370745743257160854e+01 4.411606494238747445e+01 5.061649792530325698e+01 6.226948478850869151e+01 7.658828169483905413e+01 9.697847335382969902e+01 8.969922685616199942e+01 7.909239632473060055e+01 5.880050969423130880e+01 4.436791001597634931e+01 6.475237468534997731e+01 5.570604339308677311e+01 7.004912044907440816e+01 9.040326524774501138e+01 1.076116075831720451e+02 1.038726237538549384e+02 8.354875919070053669e+01 8.677809606384840890e+01
4.668292280167124630e+01 5.892485688023543844e+01 5.461906031688226193e+01 3.741171432287280396e+01 4.843934685627093018e+01 6.383933150439980864e+01 6.912648437510001997e+01 7.512842154277026907e+01 8.220135270788793491e+01 9.050856399835495836e+01 8.505397182227670783e+01 8.079619923497951106e+01 6.027868896227833062e+01 8.079619923497951106e+01 9.236525988787569474e+01 7.211548463306732515e+01 5.771974634825429717e+01 6.895610300087142264e+01 6.550929686650916040e+01 5.407336006299408382e+01 4.217027198364845475e+01 6.461512969431529996e+01 7.929757522340609910e+01 8.007452362888211894e+01 8.603912496164549850e+01 8.117223440193828310e+01 6.119289951888795542e+01 6.120409388416477725e+01 4.283534315126928504e+01 6.327400124633666678e+01 7.601069136528558090e+01 6.852673956696010293e+01 8.294693712251621776e+01 1.032336267792535125e+02 1.016659996741774705e+02 8.131866859054011343e+01 6.681462939422212344e+01
