LEM/sinusoidal_perturbations/elevation_000180.asc
nrows	100
cellsize	150.0
xllcorner	0
ncols	100
yllcorner	0
NODATA_value	-9999
[rows 0 to 16 of 100, columns 0 to 36 of 100]
8.271705653423140972e-03 2.000827170565306901e+01 2.809036632883002937e+01 3.245474377367865060e+01 3.716881673747985104e+01 4.251408452722234443e+01 4.958524023411523274e+01 5.787221938995590875e+01 6.787383630625369335e+01 8.094963414013894010e+01 7.259530505056797267e+01 7.865103465980014619e+01 7.708217202615794861e+01 7.708217202615794861e+01 8.543500808558999893e+01 8.917833685394320753e+01 7.831592570072145065e+01 7.042250556819780627e+01 7.042250556819780627e+01 7.831592570072145065e+01 8.637010885507871194e+01 9.809495706058423536e+01 9.512347165337125432e+01 8.665922740777682520e+01 8.826257844243728812e+01 9.671556855250962315e+01 8.986189825181929791e+01 8.169231776211628926e+01 8.107702093454250303e+01 7.285171311730726984e+01 8.107697749923003983e+01 8.135926473420543914e+01 7.311525638244441438e+01 7.362270559839679152e+01 7.897582071213625454e+01 7.484199552656821197e+01 8.308227446939150695e+01
7.813061968023241044e-03 4.007813061968040103e+00 8.090295966606705136e+00 1.245465377132659057e+01 1.716869897923698929e+01 2.251392381748556915e+01 2.958499162940127647e+01 3.958499172887697171e+01 5.958548873935340850e+01 6.939442569298293506e+01 5.264526957310886246e+01 5.856267769494913722e+01 5.702385486552024219e+01 5.702385486552024219e+01 7.708217202615794861e+01 8.114789967306818141e+01 6.257097215223291187e+01 5.222981654248581407e+01 5.222981654248581407e+01 5.991895166191998356e+01 7.769255448586346802e+01 7.749440442272751284e+01 7.749440442272755547e+01 6.605624390742734420e+01 6.764278588298283523e+01 8.484665472930518604e+01 7.844683773588253928e+01 6.190082460478275550e+01 7.109481981416502094e+01 5.284322691173026243e+01 7.109454747413190034e+01 6.979446353934459069e+01 5.303150515309400959e+01 5.354017974676896330e+01 5.894630762807614843e+01 5.478365213841853176e+01 6.485253791949915581e+01
2.526786264046545528e-03 2.000166014012975779e+01 2.809005636005492690e+01 3.245474377367865060e+01 3.131083721317585855e+01 4.251408452722234443e+01 3.884387742937033750e+01 5.787221938995590875e+01 6.787383630625369335e+01 6.057405630281374442e+01 4.149261981972141911e+01 4.475228456761469431e+01 4.325321059662022805e+01 6.289879994268050467e+01 6.418268819606369391e+01 7.250950939187575273e+01 7.319999218788640860e+01 5.991895166191986277e+01 4.192641593095916619e+01 5.158319102971487524e+01 6.981461744586583507e+01 7.749440438145235532e+01 5.716610417318531034e+01 5.451122762225560336e+01 5.605796651736361014e+01 7.635773565760223391e+01 7.026569386006515572e+01 5.034580359935178961e+01 5.876493985581446822e+01 4.271253131305424944e+01 6.284746939010432953e+01 6.078626977629733119e+01 4.130808130822810398e+01 3.918502538648127853e+01 4.464303773299902645e+01 6.481282768398932603e+01 8.308227446939150695e+01
4.163169627051843593e-04 7.559705777138651328e+00 1.650397768440901913e+01 2.805098238603899574e+01 4.805053474830877747e+01 5.959869991864926675e+01 5.884463336411986489e+01 6.713334332646712710e+01 6.500734318006040269e+01 5.231977954173514433e+01 3.274305927912148206e+01 3.350178071489307285e+01 5.307600612527111394e+01 6.105058698879621204e+01 4.444129977529357944e+01 6.105071079952468693e+01 6.537675968649752178e+01 4.728022298869390738e+01 3.678770452555770021e+01 4.960758608989912233e+01 6.777507403414274734e+01 7.903485519851588492e+01 5.867414220187782803e+01 4.477685724457300154e+01 6.404486707924867517e+01 7.296005290599346438e+01 6.353604414632972919e+01 5.821267034421247644e+01 3.865461651420260836e+01 3.549582428443107318e+01 5.572869378599074963e+01 5.248091975082372329e+01 3.216953392766460951e+01 5.248091702198816932e+01 6.481282425266854830e+01 7.307740665920192669e+01 9.217487206455788851e+01
5.883922493566802643e-03 2.000588392249321146e+01 3.584284642916965424e+01 4.478592585848836904e+01 5.633132902897970951e+01 5.968391963303749748e+01 6.016243982910143018e+01 6.834643896259103713e+01 5.672174636108179158e+01 3.710907228664576252e+01 2.542429848694083816e+01 3.985855436098364635e+01 4.808868511208062557e+01 4.291979074523663940e+01 3.305459378593027964e+01 5.278499227715509079e+01 6.390174572095956762e+01 4.574224633789431493e+01 3.257688040084862280e+01 4.574251819720340251e+01 6.391740921927001295e+01 6.238013166220317629e+01 5.400964595546513181e+01 4.033156461825088712e+01 6.009331357883401381e+01 5.898383979824497203e+01 4.234391350735257475e+01 5.898288648800797773e+01 4.933049867949326739e+01 2.903596459723219070e+01 4.933049867949326739e+01 4.370546609367375623e+01 2.816652727048428417e+01 4.849752922367249397e+01 6.690395443739379289e+01 6.395637522094075678e+01 8.395825538593162207e+01
1.256007409845548732e-03 1.000125600863008657e+01 2.414339353664176713e+01 4.414366222564664355e+01 5.384663761835922458e+01 3.990069539667104692e+01 3.993868592952448893e+01 5.984148288486258593e+01 6.063515637721164353e+01 5.361640016691359989e+01 3.985853869623507961e+01 1.942022859943758206e+01 3.466722400656043845e+01 2.270523110636556652e+01 4.291979074523663940e+01 6.105046894264918933e+01 6.040673576429681901e+01 4.215908407601163077e+01 2.853575816522543462e+01 4.750369751478018543e+01 5.680014643631101023e+01 4.842820536726019043e+01 3.428758992007011130e+01 5.400964595546513181e+01 5.516402039056872297e+01 5.025838310722805602e+01 3.125687302582874239e+01 5.025827038887075560e+01 4.501250394112324926e+01 2.470083851726399615e+01 3.915999514983115404e+01 2.337750210356480451e+01 4.370546609367375623e+01 3.837576414767094946e+01 4.748501295463663041e+01 6.762678958526072392e+01 8.152021974978913477e+01
9.594114293757748102e-03 2.000959411428283374e+01 3.828284242763263734e+01 4.440567714083204720e+01 3.630144129990818413e+01 2.584420433774650760e+01 4.569505564878229364e+01 5.445078134039281537e+01 4.230473780857867894e+01 5.529947075845962701e+01 4.808457808756261187e+01 3.466721346114113800e+01 1.394655935015785886e+01 3.466722600495312889e+01 5.115098853541793034e+01 5.595640742449790395e+01 4.705789388669536066e+01 3.930738793056774227e+01 2.464207639405864825e+01 4.409690253206983357e+01 4.327643156489877185e+01 2.865350908435811306e+01 4.844287959994415615e+01 5.016396144948276969e+01 3.691627774763212244e+01 4.332184106998359852e+01 2.432537422713850717e+01 4.314270065528737064e+01 4.405856590725380073e+01 3.570673804798908435e+01 1.886319676499190834e+01 3.322296086236486445e+01 5.204301354726273843e+01 5.861929380195554984e+01 6.080397327593924928e+01 5.351947109941353631e+01 6.501339552860146398e+01
7.711341127313004785e-03 1.543120120491493097e+01 3.636774382312493969e+01 3.623729370339074052e+01 1.678708380057174665e+01 3.619927420837716170e+01 5.008121818027639449e+01 4.750375396955532636e+01 2.936983386527806772e+01 3.817066926658254999e+01 3.474123964349769267e+01 2.752063847597537460e+01 1.092361411253337877e+01 2.573909999665562509e+01 4.590233297654810940e+01 4.251178512872061788e+01 2.906812677834003367e+01 1.939869081074832735e+01 3.930738780249873088e+01 3.839692988223459480e+01 2.335972199819543249e+01 4.327643156489865106e+01 5.475017977759721788e+01 4.146481667981156249e+01 2.508887681964462502e+01 3.524135188812507380e+01 1.834128641651995295e+01 3.072066298076953572e+01 3.240269858095621913e+01 1.546201290408299123e+01 3.570666472016930015e+01 4.750812240658661523e+01 6.181052402787310740e+01 6.080397341726678206e+01 4.080877064849103419e+01 6.080397341726678206e+01 6.988365019778458986e+01
2.297228869525369630e-04 1.738018167171067319e+01 2.457030927560746392e+01 2.435752219316797706e+01 1.191497433503141323e+01 2.443942027448155585e+01 3.674048448820758495e+01 4.101192460357265190e+01 3.522833889134815877e+01 1.788963259393761263e+01 1.095940878431920851e+01 6.872118842736210098e+00 2.720467037330333682e+01 3.736739475609734740e+01 3.589700731435401337e+01 3.036208885393436674e+01 1.487664447917101818e+01 3.467847314263046599e+01 3.839687983090924206e+01 1.838745679816074485e+01 3.835313028212552666e+01 5.121855550321001971e+01 4.322807718581719882e+01 2.463240941630840908e+01 1.627564436798865088e+01 2.324750419813743818e+01 2.767394017290961017e+01 1.148418876139995959e+01 1.231137055838887484e+01 3.240235619669789457e+01 3.570511492262069453e+01 5.593005536108708498e+01 5.550262974953979267e+01 4.728108453000146483e+01 3.414509288890410943e+01 4.170903438719506795e+01 5.177331432386561261e+01
9.647730019007896146e-03 1.888944182003876904e+01 2.892723692086705878e+00 5.770604078217603572e+00 1.234226294763410614e+01 1.782397143039582588e+01 2.421488659666406562e+01 2.543537696035896190e+01 2.464087239855231815e+01 2.306164863080196170e+01 1.262626231647673336e+01 3.844915285000498173e+00 1.385649901972044695e+01 2.846261353120473103e+01 2.706955082092531129e+01 1.106429254072652490e+01 2.928586211014912166e+01 3.801933613697707415e+01 3.108029245794400808e+01 1.509897433028330660e+01 3.491338219314019398e+01 4.340347403197439746e+01 3.210121542066582379e+01 1.052705199706108452e+01 8.321563640081969027e+00 8.642746935630365002e+00 8.967539419299873416e+00 9.304155834455023921e+00 2.621371046116795256e+01 3.294503571756347782e+01 4.106784175237438461e+01 3.833706709010667879e+01 4.179871519386990997e+01 2.751422903802253828e+01 3.729153664406152302e+01 5.727063198539093491e+01 6.988365019778458986e+01
3.582433992925927561e-03 3.058162956641047314e-01 1.207278520082915696e+00 1.055477288484600074e+01 1.333816394892215840e+01 1.735481346888358090e+01 1.968444938816359979e+01 2.046571736871147706e+01 2.881295410135133128e+00 3.151067454872837903e+00 3.413051013061282557e+00 3.676156630643865331e+00 1.548454237813602674e+01 2.105948048848697596e+01 2.277235449704162917e+01 8.481044253045867620e+00 1.973257157326785460e+01 2.941943605132098583e+01 1.052855737100046341e+01 2.503696231324671473e+01 2.710297610958926739e+01 2.172154769334002822e+01 2.658736721290616600e+01 7.868459204033060317e+00 2.774714952869182483e+01 3.018288319207428216e+01 1.010224693602386736e+01 2.934195977365680719e+01 9.806095542680330013e+00 1.740736302070273567e+01 3.235563118562456708e+01 1.948355703412507012e+01 2.252622024933651446e+01 4.179873512636866195e+01 4.728108440517351596e+01 5.727063194092934850e+01 7.709465096463068789e+01
1.813270376062421294e-03 1.989796233776324286e+01 7.191559309701230918e-01 1.005644839945224245e+00 1.301936052871533800e+00 3.727049495691608705e+00 2.183932527767842302e+00 2.483155040400816027e+00 1.156564695363614881e+01 1.833023194308082182e+01 1.975228491787811080e+01 2.294552634360368160e+01 4.064739217306795105e+00 4.351328876517463584e+00 4.650429380330752593e+00 1.317907133260687402e+01 2.112198703837818670e+01 2.331430840414367722e+01 6.854499162512873056e+00 6.468478081130872859e+00 6.781928581543591683e+00 7.096059130083023803e+00 7.416270049404812603e+00 2.746483772077283447e+01 1.960558575024350603e+01 3.919281244946117226e+01 4.353151980313312919e+01 2.367965712285371183e+01 1.015697193129062015e+01 1.270823251872919357e+01 1.521978268099864806e+01 1.910412587107673588e+01 3.800012499715047198e+01 4.179873188480809887e+01 6.166279204190635710e+01 7.538338987643874134e+01 8.002029453018958804e+01
2.372884694381488524e-03 2.000237288469402586e+01 2.825981537548853240e+01 2.709190729286320476e+01 2.631231146672397614e+01 1.745492343988871209e+00 2.253969416160163419e+01 4.127506176625034939e+00 9.019595750896318265e+00 1.671391397173260529e+01 3.204613013242872199e+01 3.497072048299520475e+01 2.581364725648231229e+01 7.425578755237738804e+00 2.512191166375145102e+01 5.087832840131651047e+00 5.399597579515458712e+00 5.711861193639168555e+00 6.025262563007624195e+00 2.346303475701373387e+01 2.577646484686256656e+01 2.647767993654506213e+01 7.815923786050716693e+00 2.832970094056070920e+01 3.102393468774901919e+01 4.731770788793870253e+01 5.321316698066225115e+01 3.313173262188638546e+01 1.048991527199165219e+01 2.616434866968354100e+01 3.279645892128602469e+01 3.792571595639951454e+01 2.516323745722437266e+01 4.487160446664650237e+01 5.880724491310996171e+01 6.589846681071755086e+01 6.004492416519542530e+01
8.175220331382775790e-03 6.683663319723325280e+00 1.358560809748639642e+01 2.983598217870108016e+01 4.453242358691839797e+01 3.752004038186210266e+01 3.331870331860303480e+01 1.040953509114400433e+01 3.063010981740684358e+01 3.180596387604360942e+01 4.078575220139266122e+01 5.078640223233716711e+01 3.108505484239380223e+01 1.054703875275683345e+01 3.108505484239592676e+01 3.229846312276879416e+01 2.664737178431675702e+01 2.576227973444770214e+01 7.610189240992829340e+00 2.679525034804599670e+01 2.876612928731075769e+01 1.017335928223509534e+01 2.788511966406395715e+01 3.647912329958582944e+01 5.073495317004341842e+01 5.855739994864028120e+01 4.820233525909635119e+01 2.553659858759663948e+01 1.079992425735534489e+01 2.075616611811076595e+01 3.586235964718437685e+01 5.073580830047003332e+01 4.487159075328528957e+01 3.267548961700616417e+01 3.868767490254053598e+01 4.583911787732741061e+01 6.589846692281300022e+01
9.124702163186202558e-03 2.000912470216283268e+01 3.281017316275548268e+01 2.579049973753981106e+01 3.964335358679758059e+01 5.887878489512038982e+01 4.247914332939626547e+01 2.409004755272713538e+01 2.334465557874940345e+01 4.575435276189841005e+01 5.448264165707131923e+01 3.334030111927646089e+01 2.136328186893057435e+01 3.108139070256182279e+01 1.571527871434071955e+01 3.643151320791292136e+01 4.336654972931067675e+01 2.287058078235494563e+01 1.112986626792945621e+01 3.190847660036942912e+01 3.768610021598692583e+01 3.013927146870910789e+01 1.262870722001636103e+01 3.253608213166922525e+01 5.114140315280897653e+01 6.239252027423643909e+01 4.901341632541370785e+01 2.587745289676659155e+01 1.109942944817591659e+01 2.943045335783734018e+01 3.736950495726754440e+01 5.110729673073766577e+01 5.009252640430266723e+01 5.274150808120796086e+01 5.880724517474538970e+01 6.589829007402916261e+01 5.897489571566037370e+01
2.239863785106879172e-03 2.000223986378475161e+01 3.983304322037540146e+01 4.507694912165617751e+01 5.324907543030804646e+01 6.210979976168146521e+01 5.516574278153171207e+01 4.603845488227829463e+01 3.493792402426397103e+01 5.494806163767305662e+01 6.314305356822832493e+01 5.097614223812124123e+01 4.227602629732228223e+01 4.037376817776421234e+01 1.951023311190305520e+01 4.037512560137724194e+01 5.141557714988972094e+01 3.673792695005657549e+01 1.577280482565330999e+01 3.687915224996103802e+01 4.712031198006651067e+01 2.830131680486624290e+01 1.434421227896713269e+01 2.330118933049305951e+01 3.483203071713010246e+01 5.438266425979823993e+01 4.515023201942354092e+01 3.240250124166654189e+01 1.140262521061373846e+01 2.546999798256596392e+01 4.300315117372448981e+01 4.264401775431423403e+01 2.918934471224167737e+01 4.411805469064235297e+01 5.702762821342351174e+01 6.617755933205893371e+01 5.045240668368540327e+01
1.766589122093755728e-03 1.154877197291450841e+01 3.154877197291415314e+01 4.153914871089925498e+01 4.981787485997367071e+01 4.213595955204441168e+01 5.626413807141516088e+01 6.555064724644854834e+01 5.806937947846186887e+01 6.736564817977502173e+01 7.801329904729902864e+01 6.756655549430780638e+01 4.899902010432649746e+01 2.787487897646311552e+01 2.514458938562947310e+01 4.622054355924707636e+01 4.526062216948905359e+01 2.369075178383445390e+01 3.665890460778703641e+01 4.576165411613010292e+01 4.886891592924777683e+01 3.010180584021971839e+01 1.611345173588608759e+01 3.600234527569968179e+01 4.668735681227175860e+01 5.405686936524720210e+01 2.995913912846024729e+01 1.535745133604995871e+01 1.171604095520804201e+01 3.068123921713007007e+01 3.276048012721337699e+01 2.992247644100214998e+01 1.602811486079291114e+01 3.237229499175933256e+01 3.532158913043175374e+01 5.780921318266737785e+01 5.745734507202529073e+01
