LEM/sinusoidal_perturbations/elevation_000946.asc
nrows	100
cellsize	150.0
xllcorner	0
ncols	100
yllcorner	0
NODATA_value	-9999
[rows 51 to 67 of 100, columns 37 to 73 of 100]
9.010778776649868860e+01 8.963611060077998616e+01 9.694294895893966668e+01 1.050389989427579422e+02 1.147579562680329843e+02 1.074116246190070427e+02 8.768462595508421487e+01 9.754812528704563590e+01 9.179958064944879936e+01 1.114263397448111306e+02 1.197049021563324374e+02 1.116939845926727060e+02 1.019942857335209112e+02 1.182132608586617408e+02 1.263975585585680221e+02 1.145755291014926343e+02 9.557039333237912615e+01 9.087033636224914801e+01 1.099691950926897022e+02 1.057774206894275437e+02 8.624144204957030979e+01 7.437359108694998611e+01 8.738315086596831804e+01 8.912588061843418075e+01 6.877763162002320030e+01 8.912594544955307185e+01 8.817548683472124083e+01 7.422982051429701755e+01 8.051594391053831146e+01 8.686443770418888732e+01 9.761028292475590717e+01 1.135915513236780612e+02 1.233910217723690437e+02 9.175610370861208764e+01 9.121153316301410996e+01 1.032764309427053462e+02 1.216485449149939058e+02
7.593988511170623212e+01 9.595267037994148041e+01 1.035430252779336229e+02 1.118729973334503995e+02 1.232238831395743262e+02 1.038579006113915995e+02 1.017339600810976208e+02 1.154233112124442897e+02 1.114263397629312493e+02 1.194328334057358205e+02 1.174626174193544443e+02 1.256189031600412704e+02 1.214075465970045684e+02 1.294026985251873896e+02 1.299796682989234569e+02 1.111135278186679898e+02 1.145755291014926343e+02 9.820670634800826804e+01 1.171163798864072305e+02 1.037339086262296632e+02 8.414226269142143622e+01 9.449831816282386399e+01 1.025608759308278763e+02 9.273301465869637639e+01 7.264955383899611263e+01 9.273304718942473812e+01 1.020224663036029398e+02 9.412989340067139210e+01 8.447722001891762034e+01 1.037825667824234301e+02 1.002832673521622127e+02 1.189539610297798049e+02 1.219215847990367365e+02 1.030025360213514602e+02 1.012416159250265082e+02 1.171318180105958646e+02 1.302079154086617052e+02
7.771499427296636497e+01 8.932860347930306943e+01 8.344089691842940226e+01 1.035430207742056155e+02 1.193253474940220968e+02 1.232238831395743262e+02 1.211187193490329719e+02 1.207393979491951370e+02 1.125816009500529304e+02 1.142506228630774388e+02 9.777240841619635603e+01 1.086568766167157634e+02 1.168128002460977228e+02 1.281790233736964240e+02 1.298086867127261428e+02 1.299796682989234569e+02 1.249655573878509927e+02 1.091640667825612070e+02 1.249655573878509927e+02 1.117715248663214425e+02 9.306517558818778468e+01 1.117715248663214425e+02 1.124116187743664597e+02 9.724577559300836072e+01 7.757525097913551804e+01 8.251798237852264606e+01 1.018429013113573802e+02 1.116182803230919802e+02 9.430174225271920818e+01 1.116182803230919802e+02 1.189539610297798049e+02 1.267661153135759093e+02 1.305268510097037336e+02 1.225369375472665325e+02 1.201329698915861002e+02 1.280944358315805403e+02 1.341503233300714726e+02
6.446431805734256670e+01 6.937444483686910246e+01 7.928903675931803718e+01 9.084942972521798765e+01 1.110050680815338211e+02 1.237044177181653453e+02 1.155424830073773137e+02 1.093482186306902832e+02 9.283682105031341791e+01 1.054094062695447747e+02 8.629233694565685653e+01 8.887998329222256189e+01 1.003375764084586166e+02 1.200212520429040239e+02 1.101484287689123391e+02 1.240627721847254321e+02 1.286809274245267432e+02 1.279794416051087467e+02 1.358669733405773741e+02 1.204227492778419162e+02 1.042297997987508467e+02 1.154457660187878929e+02 9.688118504790821817e+01 8.565277402505711279e+01 8.775971597466089236e+01 1.018429013113573802e+02 9.393324530320847998e+01 1.126476923536850308e+02 1.077524174883825197e+02 1.210890094738511920e+02 1.259499813085879651e+02 1.342241511358639912e+02 1.330008352544140564e+02 1.247142102359384808e+02 1.273558812543440979e+02 1.231300812254528410e+02 1.314333271358783009e+02
8.434008522764838744e+01 8.932863412813330228e+01 8.194266049556627252e+01 9.613415623752767658e+01 1.162915369453438359e+02 1.155424830073773137e+02 9.580245824690305767e+01 1.011819469598483892e+02 8.131041489525486554e+01 8.970911257314504894e+01 7.731727657101794193e+01 9.723870463090341332e+01 1.022464405810713686e+02 1.104098749109630546e+02 9.621102550082032678e+01 1.142156927106858433e+02 1.090359732878913519e+02 1.229422423814652916e+02 1.342924272327372819e+02 1.315942319045478826e+02 1.234781148233596753e+02 1.231263449636849288e+02 1.113349072230496830e+02 9.264633796875880023e+01 1.067318352112769446e+02 1.067318352112769446e+02 1.048649168435670163e+02 1.203328295869903855e+02 1.265680590592977524e+02 1.224066639488438710e+02 1.052773374857863047e+02 1.224066639488438710e+02 1.211680992818045439e+02 1.040166698604453330e+02 1.067205233225831904e+02 1.023988782317158979e+02 1.195800630061936118e+02
9.036282238754040463e+01 9.867447874228993498e+01 1.020381163558880928e+02 1.103677054735662466e+02 1.190333295614939857e+02 1.108582030601426709e+02 1.015841776384555288e+02 8.172041938754564683e+01 8.970908480252374773e+01 6.971834736357945417e+01 8.381416223886856187e+01 8.724504404668276436e+01 8.238424808003206579e+01 9.462151124161498217e+01 8.624875772070791413e+01 1.042709687204044968e+02 9.511082757175370261e+01 1.064902658608539525e+02 1.261272860043329018e+02 1.359799755324894193e+02 1.274174328149196214e+02 1.190258000668848268e+02 1.190002917372395927e+02 1.059565071856236074e+02 1.079638564883914000e+02 1.252132360587044957e+02 1.232791614124575830e+02 1.310041108572560518e+02 1.267354473058264688e+02 1.061351788717784643e+02 9.316757035124076936e+01 1.140146248326321938e+02 1.127644797285843765e+02 9.189458645057047192e+01 9.189458645057047192e+01 9.026956685673451375e+01 1.023988782317158979e+02
7.042925507269022489e+01 8.733005804947612205e+01 9.564876465959375196e+01 1.056813724951242932e+02 1.108582030601426709e+02 9.106473933407768584e+01 9.686211063627216333e+01 9.011582979739203836e+01 7.014116301776522278e+01 8.012846794295474240e+01 6.379588755364152064e+01 6.723973668976456963e+01 7.078793372733159117e+01 7.465522879868012751e+01 7.940395062712704544e+01 8.444495114318011986e+01 9.338741496490395377e+01 1.047782768263478488e+02 1.244107791954852331e+02 1.250640453706540285e+02 1.071961585424836301e+02 9.853625991129540296e+01 1.156267433504237943e+02 1.243195135372715328e+02 1.263343628893129988e+02 1.340763426544018557e+02 1.309473962039764388e+02 1.304510898842403606e+02 1.207968903707875938e+02 1.000620991212873037e+02 8.522365472752652238e+01 1.061351788717784501e+02 1.154420517976177507e+02 9.461519655753451730e+01 7.971801370842948131e+01 1.007152412265642738e+02 9.889333115069685221e+01
6.000266432658693816e+01 6.741532465618273307e+01 7.730487236117096472e+01 9.735524373778132201e+01 1.082987828224638207e+02 8.848988552646993355e+01 7.691835017836204713e+01 7.085486569104536159e+01 6.528362128640848994e+01 6.009831855783451715e+01 7.703716986532759847e+01 8.526619673760632168e+01 9.077899839390013881e+01 9.462151124161498217e+01 9.931446432609844521e+01 1.042709687204044968e+02 1.124229563498115141e+02 1.212264239782128215e+02 1.325739669558421951e+02 1.166671202168427754e+02 9.620451162973714077e+01 8.672771313532298620e+01 1.071961585424836159e+02 1.194042251514953108e+02 1.274146059987697015e+02 1.190111944015624630e+02 1.102732882328004393e+02 1.097684412924465818e+02 1.150460939833941438e+02 9.424198238935291272e+01 7.938229408267275744e+01 9.314852135991375803e+01 1.016898094887518482e+02 9.613327053675183720e+01 7.509992187613447356e+01 8.993217071465943491e+01 7.788020512508843751e+01
6.825479608181129265e+01 7.394792485095965162e+01 9.393838932849428147e+01 1.056813724951223605e+02 1.164731573184431284e+02 1.050490344477812670e+02 9.686211063627216333e+01 9.084883921368690096e+01 8.521368771665746067e+01 7.696149016818924338e+01 5.701270608106587190e+01 7.703718523797233786e+01 8.611470121350653528e+01 9.185971587668120719e+01 9.846299190502119814e+01 1.065139224315475559e+02 1.162859525913637100e+02 1.260022369131702931e+02 1.200528936353533567e+02 1.145309309871580581e+02 9.995947026860876861e+01 7.954496052767868264e+01 9.054554349613138697e+01 1.109918137175689736e+02 1.190111944015624630e+02 9.827502422140425153e+01 9.557847591924074493e+01 9.507698215991023005e+01 1.123453823616772667e+02 1.088325443431554191e+02 9.314852135991375803e+01 7.217197942973241709e+01 8.667501997901923971e+01 9.444244390950734669e+01 8.586458521134744615e+01 6.890301780711331503e+01 8.993217071465943491e+01
7.969543022885001449e+01 9.393838932849428147e+01 1.022581959906817701e+02 1.033493782148841973e+02 1.115347633427830800e+02 1.048097165360337470e+02 9.664127212192809679e+01 9.145420028769225951e+01 7.185882940430575161e+01 7.150841393003011603e+01 5.491580045431318524e+01 7.497396015996150709e+01 6.616282176341881893e+01 7.195840130298776671e+01 7.865316382000112583e+01 8.864647742350173587e+01 1.082795063865406036e+02 1.055863022370149196e+02 9.959404387851319029e+01 1.061024604656221442e+02 8.565567606704397008e+01 7.394578400653570327e+01 9.429750398904084818e+01 1.069467535262978117e+02 1.187276304165722536e+02 1.043485078513343183e+02 8.366427282899181250e+01 8.316573506228050405e+01 1.031179676830486756e+02 1.087319952135353702e+02 1.014675922937443460e+02 8.054766379383869435e+01 6.576071256053927527e+01 8.196692183373701823e+01 6.493602638796087945e+01 8.586495231198843214e+01 7.613554254110042052e+01
9.974089212903129464e+01 1.080586029052944355e+02 1.000873537923394991e+02 8.349445106744865086e+01 1.000873537923246204e+02 9.664127212192809679e+01 7.675208219653170261e+01 8.257749105337309459e+01 7.195207556261183868e+01 5.201250979751926451e+01 7.151702987603768236e+01 5.860159209145202652e+01 7.857359961161053263e+01 9.185971587668120719e+01 9.846299190502119814e+01 1.065139224315475559e+02 1.162859525913637100e+02 1.048854365976619363e+02 8.514413279395721190e+01 1.048854365976619363e+02 8.985639459178490540e+01 6.956249732508841532e+01 7.813603232278715893e+01 8.987049331285338383e+01 1.103147021404652151e+02 1.065468946685783180e+02 8.585056983157397781e+01 7.391160779280754412e+01 8.805629674754820257e+01 8.805629674754663938e+01 9.317182622688277149e+01 8.249220556233895252e+01 6.169591874422911104e+01 6.117351255148010836e+01 6.707004998335121115e+01 8.801247165611076184e+01 9.727524929030862211e+01
9.920178497742672619e+01 1.066124567433607666e+02 9.188613068157187058e+01 7.192134853481276480e+01 9.188613068157187058e+01 9.664127212192825311e+01 7.675208219653170261e+01 6.258154073090699399e+01 6.992677540389959745e+01 5.003435738048959536e+01 5.161311048133093493e+01 6.567894510823715848e+01 8.561112722456518043e+01 9.168772931846679342e+01 9.989035896492565314e+01 1.139099856171560106e+02 1.086372194375438340e+02 9.644428614056565152e+01 7.607652973659301665e+01 9.644428614056565152e+01 8.562482449428520681e+01 6.538228827714769409e+01 8.562482449428520681e+01 9.372633813141544579e+01 1.141373478421522094e+02 1.150307100377051341e+02 1.031179676830562641e+02 8.805629674754820257e+01 6.736931914648390318e+01 8.231850310342215948e+01 7.250245430998977270e+01 7.560784025364155525e+01 5.784493926783559203e+01 7.849091822721152312e+01 8.801247165611076184e+01 7.692892648854292759e+01 9.789684165905127600e+01
9.700057793575076914e+01 9.487702148678512515e+01 7.849806009092370118e+01 6.481202273762882271e+01 8.482751426112903914e+01 9.434823731397494839e+01 9.078089936434638219e+01 7.315130111287238890e+01 5.316479374494013399e+01 6.463234476208037904e+01 4.726463468399123258e+01 6.707705396071729353e+01 7.898956856092642909e+01 7.161017474249844383e+01 8.587073231269538098e+01 1.047827427396391187e+02 1.002016494973858300e+02 7.980522257093856808e+01 6.970660129653720105e+01 8.282742129436357459e+01 8.198915766321820797e+01 6.178441348324734861e+01 7.339694522289286738e+01 8.826130143822138052e+01 9.668701866225013930e+01 1.081000313118698273e+02 9.961153265301395265e+01 9.658722707406593599e+01 8.231876148023945916e+01 6.171228041521239760e+01 5.805809536934290094e+01 5.509243137198865270e+01 7.560784025364155525e+01 7.849091822721153733e+01 9.933971801731507867e+01 9.789684165905127600e+01 8.907408781376595641e+01
9.815531891276610565e+01 7.825092616135965784e+01 6.666204465104927124e+01 5.845918288970139542e+01 6.614102277547546294e+01 8.024463004405684785e+01 8.854797699875767591e+01 6.876015416227335209e+01 5.463490604159007091e+01 4.473467212573726925e+01 4.882320611602079197e+01 5.327020346140451323e+01 5.853919185100355804e+01 6.643765192464705649e+01 7.663696148064481406e+01 9.659589877145812409e+01 1.086372194375438340e+02 9.844356918778092336e+01 8.282742129436357459e+01 6.261403084673809616e+01 7.626933144618259064e+01 5.845904353239156848e+01 7.393397781970664084e+01 6.799885768581701484e+01 8.825906791605265767e+01 9.961153265301395265e+01 7.912732204445813977e+01 8.512700842445070748e+01 9.085712332570457761e+01 7.984239847318657723e+01 7.127305374479524858e+01 5.319213876739632951e+01 7.361103975914650732e+01 8.866725358309719240e+01 9.722403571483826568e+01 1.065298879015886371e+02 1.099489475430478791e+02
1.063473373988274346e+02 9.487702148678479830e+01 8.199913442287730447e+01 6.198634140174563356e+01 5.196716285647093514e+01 6.654468419276089719e+01 7.480041312530696018e+01 8.269319332632363739e+01 6.300316292432294318e+01 4.306947768351184180e+01 6.300316292456948020e+01 7.370930407562387643e+01 7.898956885718757803e+01 8.661643012605148328e+01 9.483170634462510407e+01 1.047827427396391187e+02 1.079640484295020144e+02 9.620033351783517617e+01 8.712238155113615790e+01 7.626933144618259064e+01 5.615906247380610239e+01 7.393397781185525730e+01 5.387239554008665010e+01 6.799716878229455119e+01 8.820257785854252575e+01 9.961153265301395265e+01 7.912732204445813977e+01 6.474528897146151962e+01 7.493630946792664815e+01 6.900714945299095859e+01 5.097104464495619425e+01 7.124839648626236510e+01 6.135042237745528126e+01 6.780007122281500642e+01 7.710221222261671414e+01 9.192873061510771038e+01 1.127378096527860549e+02
1.125051565355298209e+02 1.017703453272907836e+02 8.198622546520887511e+01 7.070995189733947939e+01 5.653259329573184289e+01 4.656317521047563446e+01 6.176818995209821139e+01 6.755405264648929631e+01 5.929444558320750502e+01 4.150314144252902793e+01 6.141732407518013304e+01 7.384224483823470564e+01 7.988316722154995375e+01 8.695395356296562284e+01 9.515894489185242833e+01 1.066210874067017897e+02 9.952924735498473297e+01 7.914894937451370538e+01 6.749333609605834283e+01 5.854967929446558372e+01 5.201247308341584130e+01 6.698946415449114511e+01 5.104122376111495640e+01 6.504684054606458687e+01 8.516501087797716707e+01 9.511162417354667298e+01 8.629592971295835468e+01 7.493630946800115566e+01 5.471081630798688877e+01 4.882395065162517511e+01 6.900714945326824079e+01 6.520334053680815600e+01 8.206847109029494902e+01 8.866725358309719240e+01 9.722403571483826568e+01 1.065298853856471055e+02 1.015609596744433532e+02
9.886238428431676084e+01 9.308978008686196404e+01 9.870182293280912234e+01 8.474937338003729792e+01 7.479127027393377602e+01 6.176818995209821139e+01 4.184354866988313404e+01 5.719716374846192508e+01 3.939788309418504753e+01 5.928360862904801820e+01 4.848949877722877488e+01 5.380658552230746494e+01 5.984769428843412697e+01 6.695474968162133678e+01 7.854468688878715454e+01 9.844122546709229482e+01 1.017621950250054539e+02 9.334550857700739357e+01 8.712075691711133629e+01 7.869786654747935017e+01 6.698946418569832417e+01 4.728146539228583833e+01 6.698946417563820432e+01 7.937595039983051493e+01 8.188150973075975969e+01 8.629258222566856773e+01 6.563339622386990868e+01 7.167433083999006271e+01 6.536283870059291701e+01 4.738196062918911622e+01 6.747786879444994668e+01 8.592523110635613648e+01 8.592523110646551743e+01 1.066927195525466772e+02 1.065063317838403520e+02 9.844421547978309661e+01 8.288011949637500209e+01
