LEM/sinusoidal_perturbations/elevation_000649.asc
nrows	100
cellsize	150.0
xllcorner	0
ncols	100
yllcorner	0
NODATA_value	-9999
[rows 51 to 67 of 100, columns 37 to 73 of 100]
4.999754514204459355e+01 6.169541176719710762e+01 7.598818438235181816e+01 9.628517731963393089e+01 9.589553213554792421e+01 7.661022366321746802e+01 5.539266492751962545e+01 7.661022366321746802e+01 7.826012466366120179e+01 5.866316724110436809e+01 5.069760578533723105e+01 4.367857118109865411e+01 5.372143317175412847e+01 6.800684809364054217e+01 7.007293081206380236e+01 6.313315360092978779e+01 4.285062126280733708e+01 6.313315360825620104e+01 6.355560174809698992e+01 8.376857677760033027e+01 7.094355136163818543e+01 8.544510821941912582e+01 7.970589521196443172e+01 9.930079409936425350e+01 1.081553886152726704e+02 1.173837861099874260e+02 1.069312456221112626e+02 1.175088721409200048e+02 1.196512684429945494e+02 1.211815587470511844e+02 1.145319170927553927e+02 9.435523936651894417e+01 9.695568150355892101e+01 7.696507897044165247e+01 8.988793587202739843e+01 9.824166281050516147e+01 1.013339984430718346e+02
6.169542485422296352e+01 7.864200021138337604e+01 8.521018924850486087e+01 7.682586704286983093e+01 7.573408269631011080e+01 6.969266462363184189e+01 4.879145812748910771e+01 6.969266462363184189e+01 8.590033435440166443e+01 7.826012466366120179e+01 7.065597768653719868e+01 5.372143317175412847e+01 3.951253365132723872e+01 5.573204931729456035e+01 4.981602768821839788e+01 5.769575509599080476e+01 4.062457240119096014e+01 5.490960715025025962e+01 7.519542419457175697e+01 9.277708869768902389e+01 9.073026505290448540e+01 9.073026505290448540e+01 9.930079409936425350e+01 1.073313414690184260e+02 1.173837861099874260e+02 9.776203627431479504e+01 9.307492830029259778e+01 9.792549352100137128e+01 1.000676761827618719e+02 1.196512684429945494e+02 1.229203130868688447e+02 1.145319170927553927e+02 1.023212389023612303e+02 8.224516146007375994e+01 1.023212388580361534e+02 1.072035390479961876e+02 8.706823370237339077e+01
8.193735528590296724e+01 9.033340778652235770e+01 7.353165702434665718e+01 5.664985896851579383e+01 6.147362042475706545e+01 6.381871670337672242e+01 4.302904856541893963e+01 5.607845926743026155e+01 7.804801910406909826e+01 8.754817611217667661e+01 8.229226300434173424e+01 6.800672838301835554e+01 5.573204852664972719e+01 3.568335173373604619e+01 3.568373714275402619e+01 3.756254789955902851e+01 4.176348704799472955e+01 6.277632580664928952e+01 7.439549081825529697e+01 8.147667383616172287e+01 8.979477792815855253e+01 9.983627350858354532e+01 1.180852373706054408e+02 1.157882005673477437e+02 1.139007182918338827e+02 1.013626944573414619e+02 8.174056033193207327e+01 8.405502566184752311e+01 9.538431435863076047e+01 1.092324441385432152e+02 1.288146830447594198e+02 1.166417296534340977e+02 9.638949741342835864e+01 8.975857322076940648e+01 1.099546313822161210e+02 1.131372959972251380e+02 9.296447492394284495e+01
8.761597697207129443e+01 8.169700257924550613e+01 6.517407955865287761e+01 4.497439365057287119e+01 5.613862448535317640e+01 5.878807062742793477e+01 3.817864745477403687e+01 5.878807062742793477e+01 7.443626963758468662e+01 6.732270861870496503e+01 6.732275927622109180e+01 6.735486941360193214e+01 4.712299367849396958e+01 3.306219578551355198e+01 5.304879076945750427e+01 5.473645294480076728e+01 5.523205530795071638e+01 4.847435946413285279e+01 5.432743109545128846e+01 6.144806371302301784e+01 7.143463503589060792e+01 9.151871263643295151e+01 1.100597905725859391e+02 9.616313638272109188e+01 1.057500213937959899e+02 8.613406802342485946e+01 7.480128233890742706e+01 9.442474543500112816e+01 9.944517772211470685e+01 1.056474147937226604e+02 1.137970022047481820e+02 1.250384173255975497e+02 1.166417296534340977e+02 9.980141171282492962e+01 1.183572844496341361e+02 1.125781133012802684e+02 9.232689143020705558e+01
6.725886016897777608e+01 6.127838576717078922e+01 7.352028012052734596e+01 5.613862448535317640e+01 3.592987673041803021e+01 4.829672471458963656e+01 3.373659912157143026e+01 4.552957861724149780e+01 6.601919849956132680e+01 6.732275927622139022e+01 4.708242518917943187e+01 5.452166486393581835e+01 4.946181961056177556e+01 3.155799121109727778e+01 5.151572865827083092e+01 6.612049213709501316e+01 7.213328517050960897e+01 6.860234097671812492e+01 6.272568477050997160e+01 7.439549081825531118e+01 8.979477792815855253e+01 9.983627350858436955e+01 1.019111846011769700e+02 8.229254573877857126e+01 8.950326792168229417e+01 8.457600108556385976e+01 7.061684582162810386e+01 9.024100904553607450e+01 7.982466313436850669e+01 8.603421905910839484e+01 1.056474147937226604e+02 1.251369264083144799e+02 1.285058282366254616e+02 1.201078510516072981e+02 1.285058282366254616e+02 1.210212235284984104e+02 1.092980260994288955e+02
6.725886016897429442e+01 4.681497209071925880e+01 6.725886016897429442e+01 5.951093451985876470e+01 4.136833549897044549e+01 2.803799109155804814e+01 4.829672471458963656e+01 4.911611112700954607e+01 5.775164886595131719e+01 6.557347174994640682e+01 5.452166486393581835e+01 3.446961578420069827e+01 2.953230776123986701e+01 4.946128376226236867e+01 3.828726655730552153e+01 5.846246432740226595e+01 7.511231340287116609e+01 8.417162868425700140e+01 7.690739181798902280e+01 9.110415467114664523e+01 1.027765116892565089e+02 1.072849818105107147e+02 1.033762201572646688e+02 8.375690295554989007e+01 6.986906767912640248e+01 6.492736568124814767e+01 6.729377155635511087e+01 7.181113642990577262e+01 8.162583818831667770e+01 1.012444341789751547e+02 9.735989838640351479e+01 1.112114292444228738e+02 1.308668638062065099e+02 1.316945519219637788e+02 1.232408390232302793e+02 1.281040868824643155e+02 1.205132387896062056e+02
5.953295620873421967e+01 3.913935064259785435e+01 5.953295620873421967e+01 6.047845153772253468e+01 3.968265691877102341e+01 2.500086125711666085e+01 4.090693785902167434e+01 2.641612408310926696e+01 4.747739544263269096e+01 4.544960314437779658e+01 4.545752386736499062e+01 2.752252335113988124e+01 4.743220196143752787e+01 5.782113538084706761e+01 5.251853261476475154e+01 4.644471493605536949e+01 5.552355835350829238e+01 6.992171690708894971e+01 9.012351461703394762e+01 1.053009175243043529e+02 1.072849818105107147e+02 8.765915512616749083e+01 9.126056142486426381e+01 9.764190117313017936e+01 8.072258664933011119e+01 6.101750677393239641e+01 8.072258664933011119e+01 9.143513618364602280e+01 9.957416556114402795e+01 1.012444341789751832e+02 1.169683727404008522e+02 1.251369264083144799e+02 1.192385748996096453e+02 1.200506490599291141e+02 1.031729312954466167e+02 1.079576953700195219e+02 1.281040868824643155e+02
5.308178486870845347e+01 3.274867419893075038e+01 4.478341439371587995e+01 5.321579867170023448e+01 4.770420664346369222e+01 3.637048479950436786e+01 2.081714697924661905e+01 2.144450146629297649e+01 4.122342376011557974e+01 4.354498394037931064e+01 2.556543290050865735e+01 3.171733343660431714e+01 5.112737479991147893e+01 7.023708765886135552e+01 7.281238341988037632e+01 5.659995414423509175e+01 7.511231340287116609e+01 8.417162868425700140e+01 8.731541088358217451e+01 9.561007654169613090e+01 1.051361435294785167e+02 8.551310713131168484e+01 7.161152671786480539e+01 8.075771058851822204e+01 7.815720375956199462e+01 5.839060314483985792e+01 7.240396457867952051e+01 9.204675181762483760e+01 1.112038891848757345e+02 1.208806587476100560e+02 1.197521438290003175e+02 1.192345062929189368e+02 9.912491787597507198e+01 1.027786040045414921e+02 9.180723609546811304e+01 1.057638486704937861e+02 1.258762242587448554e+02
4.705876409230192792e+01 4.467435719671297534e+01 2.473650120264759522e+01 4.424599655002989351e+01 3.921542826197435971e+01 1.994535484401376380e+01 4.006057212223836927e+01 4.151757617620313567e+01 2.232407032050968354e+01 2.367026126511861861e+01 4.354689629197374501e+01 5.112733741112592867e+01 4.187093980639294699e+01 5.310216739894026006e+01 7.357932098512651464e+01 7.099280267661686139e+01 8.523705887795500757e+01 8.414533780776537242e+01 6.752731660924386858e+01 8.103634486470869547e+01 8.931064159699000982e+01 9.464718936236752711e+01 7.500450010138071377e+01 6.101008817816947527e+01 7.233729610451997871e+01 5.582876213624417971e+01 7.566684616471961533e+01 8.342353900621814944e+01 1.030514166806076730e+02 1.140897869729407574e+02 1.001308075530617288e+02 1.059492282943631238e+02 1.027786040044804849e+02 8.321909323911778245e+01 1.027786040045414921e+02 1.178108868978715265e+02 1.160231797671067824e+02
2.693487646979011529e+01 3.684419673896559999e+01 2.087210513152214730e+01 3.701011629137217085e+01 1.907490656578606547e+01 3.921544874391747726e+01 4.836135671132374370e+01 4.511724830157776722e+01 2.301405154296266176e+01 3.219646401674086178e+01 4.647534518273060655e+01 6.384467453879449295e+01 6.175683043918263593e+01 7.023708766122797442e+01 8.205843399886181544e+01 9.118518937859596463e+01 8.685995462497251651e+01 6.701258662425145474e+01 5.603857400767940788e+01 6.120375576561255571e+01 8.103634486470869547e+01 8.282513751733209517e+01 8.627151764461017081e+01 6.656555219005123547e+01 5.239735078885254893e+01 7.233729610423196732e+01 6.735186499894835777e+01 8.702532166736166630e+01 8.743563456622480601e+01 9.555952115731170693e+01 8.650449866637130469e+01 8.650669615236692778e+01 9.803304143833153717e+01 7.876351510558282598e+01 8.968511027960914817e+01 1.094369341960940858e+02 1.071994418696656624e+02
1.683808185053466033e+01 1.722124839169601884e+01 1.760623723771716698e+01 1.821081057517735857e+01 3.819347162678658947e+01 4.742377451641750952e+01 5.515358536357604180e+01 3.537269877774913596e+01 2.369735552296652159e+01 4.344692738885242278e+01 3.795774761752655735e+01 4.342424162182680902e+01 5.917417927070773231e+01 7.988956386446984936e+01 8.591170864052074307e+01 8.252946642452442916e+01 8.103594289903180936e+01 6.120374337731661285e+01 4.701478734038668961e+01 6.701258662425108525e+01 6.658525737467701333e+01 6.293542766884613116e+01 8.282513749202786357e+01 7.019950957170141237e+01 5.019899634343752126e+01 7.019950957170141237e+01 8.702532166860032703e+01 8.455023424428601686e+01 6.859238799433964573e+01 7.929001809210956253e+01 8.209964230874670932e+01 7.328902998179998463e+01 8.860294543377354159e+01 7.493885589535695146e+01 8.817060851852623671e+01 1.078132459225361117e+02 9.900738186986953338e+01
3.137120293013965977e+01 3.218248720753334879e+01 3.626523241228281336e+01 1.826281660633692283e+01 2.462669147402250402e+01 4.739870620412910540e+01 6.315231242735004002e+01 5.208146609192552035e+01 4.401107762355155018e+01 2.465634122092078684e+01 2.857737237307534173e+01 5.286230967538446635e+01 7.370873937304209278e+01 6.998782247935649536e+01 6.580025530718292259e+01 6.247763225122478303e+01 6.249751482848518691e+01 6.184446349628439066e+01 4.171779899514415746e+01 5.498423119305131479e+01 4.649115732495658193e+01 6.658508082992490529e+01 8.531417646167311375e+01 6.809127033957753383e+01 4.804263930511032044e+01 6.809127036577199021e+01 8.039503409023865288e+01 7.285058112699452693e+01 5.766002055604384680e+01 6.054982789264828824e+01 6.346269850325396789e+01 6.667219293060846041e+01 6.988693803465112353e+01 7.707477023529069982e+01 9.639698431668418266e+01 1.067141765818321346e+02 8.702070736946920704e+01
5.215320251212069280e+01 5.338221795755575272e+01 4.436878354279175340e+01 3.553944800679104787e+01 1.888400706689050068e+01 4.024864769787761531e+01 5.625222518279992556e+01 6.331070757783167835e+01 4.446262135164864304e+01 4.481186137916137824e+01 2.561677341893932081e+01 4.608893800996349199e+01 6.225381567111180203e+01 4.831831907016062644e+01 5.059723924005176343e+01 6.018245824081746775e+01 4.224224359629762660e+01 5.311038679500258297e+01 5.064256603830401104e+01 3.453950304742986788e+01 5.497525586247034113e+01 6.433115347191898081e+01 7.130265182441327454e+01 5.729110677065828128e+01 4.592880615262540545e+01 6.601232425698442796e+01 7.179095446270949310e+01 5.370318830424334067e+01 7.285058112527781304e+01 7.929001798714062943e+01 8.209964229185625584e+01 8.529361524617570467e+01 8.860292828991650538e+01 9.501960589009230773e+01 1.053185888133368451e+02 1.045496889403744802e+02 8.753693906762138965e+01
6.223726224528569162e+01 4.198475545200875558e+01 3.976499770327155403e+01 3.931432067335403246e+01 1.934808756167656796e+01 2.374697085155709075e+01 4.614313964730862239e+01 6.703434445907379313e+01 5.515978430495322016e+01 3.670986777237197174e+01 2.629599002911884753e+01 4.671125122439597277e+01 4.780005257018635234e+01 3.290329599673557937e+01 5.413122946023329263e+01 5.001515439905526961e+01 3.181182330665309976e+01 3.259557669003504543e+01 3.339001163342679490e+01 5.385724956819635167e+01 3.571875770287265794e+01 5.609501011014580740e+01 6.310968041150979957e+01 4.299078783833044071e+01 6.311046581419491730e+01 7.395819163489174741e+01 6.946050050822032063e+01 5.098752905916898470e+01 6.747734497107342122e+01 7.823175787080002408e+01 8.744855921697372025e+01 9.564763773961230697e+01 1.024407967120468612e+02 9.443785595002275102e+01 1.024424994966784226e+02 8.445798893506733407e+01 8.213583311417484367e+01
6.865293926324704898e+01 4.327212560709400435e+01 2.121923005058554068e+01 2.010785943690531141e+01 3.703633570256102558e+01 3.674140108198557897e+01 3.728196663118809795e+01 5.916718444317266545e+01 6.372538894302687851e+01 5.330648108166357702e+01 4.320790364553237595e+01 2.726307629889583950e+01 2.795466377100428801e+01 2.865083246082277313e+01 4.840113819566009568e+01 3.072171628341761718e+01 5.110856546644873077e+01 5.310943532879413453e+01 3.936630564914014485e+01 5.864409294978832321e+01 5.609501003194751689e+01 3.690109218001593661e+01 5.720616048636844653e+01 4.096278747909343565e+01 6.111823128764294211e+01 6.887366512895533788e+01 5.892549678305987726e+01 6.372571392609994945e+01 4.719409298620281845e+01 6.666014124159141829e+01 6.741296670022421722e+01 8.744857343656470050e+01 9.268441519273443419e+01 7.485382211226881566e+01 9.268788379550024104e+01 8.307676402270868721e+01 6.643029554592887109e+01
6.576078896473393343e+01 3.831749181313188046e+01 2.089282771310952569e+01 3.633975503585973854e+01 4.494982760211529893e+01 4.335045789340507838e+01 5.389639574281409296e+01 6.707305457908066160e+01 7.055258213147629931e+01 5.047635488476299059e+01 3.602140722013945151e+01 4.772135698085129007e+01 4.844216792195605592e+01 3.856435877625198572e+01 2.965289602382216927e+01 3.663291222939710678e+01 5.732097891622493790e+01 4.879021181822952968e+01 5.875752341402517942e+01 6.702635455313222224e+01 6.543961286806451483e+01 5.720067575577454022e+01 3.807879942251784655e+01 5.773557788758390785e+01 6.037603409658144216e+01 6.136225825551930058e+01 4.263227116508993930e+01 4.361197126518445799e+01 4.459758665893051699e+01 5.301054828218804715e+01 7.258039095175865896e+01 8.439659745681186109e+01 8.464073579010032233e+01 6.500428387719033196e+01 8.214216482841501943e+01 7.414221534234272326e+01 5.621481319102908714e+01
6.312057040227656302e+01 4.064431971376901487e+01 4.073097006071822079e+01 2.165318840497678110e+01 3.075713556845448338e+01 4.817865579293921741e+01 5.249904459660454137e+01 6.865489268182508908e+01 7.060912507049918929e+01 5.049598453818344979e+01 5.049597789239749801e+01 5.638690289847992432e+01 5.374380643647252498e+01 3.320780630777874620e+01 5.028091745886627706e+01 5.703455187231882917e+01 7.131499083937417538e+01 6.780009599613276805e+01 5.959811879164101356e+01 7.880102594756894518e+01 6.981476157117857895e+01 4.987066414938770009e+01 5.832667423752041458e+01 3.935581690498090524e+01 4.025237549011846738e+01 4.124346778612710551e+01 6.127790956508697207e+01 6.371893613655888799e+01 6.477861632671807968e+01 4.614664563333617053e+01 6.010763339330296162e+01 6.876192047542635066e+01 7.001436098235615191e+01 5.793355239642897203e+01 7.221397717116133208e+01 5.425527702884220815e+01 7.050751893453809771e+01
