LEM/sinusoidal_perturbations/elevation_000185.asc
nrows	100
cellsize	150.0
xllcorner	0
ncols	100
yllcorner	0
NODATA_value	-9999
[rows 0 to 16 of 100, columns 37 to 73 of 100]
9.828463553257793706e+01 1.025624605306345956e+02 9.400147367896049388e+01 9.400147367896049388e+01 9.862048775427363978e+01 1.046790481300487556e+02 1.014930199153926509e+02 9.324949055548289323e+01 9.324949055548289323e+01 9.510844498559234239e+01 9.510844498559234239e+01 1.033541166772429278e+02 1.076065034852355353e+02 9.933226106262748090e+01 1.076065034852355353e+02 1.008058604300684351e+02 9.248509173305606623e+01 9.507807369181131207e+01 1.034067982295849646e+02 1.024127905065013664e+02 9.403915246178918608e+01 1.024127905065013664e+02 1.037045898768975860e+02 9.537896268256554322e+01 1.037045898768975860e+02 1.111491672889518156e+02 1.028168168511186025e+02 1.054358169527707219e+02 1.137675969953089350e+02 1.091119683948779340e+02 1.009187334074340185e+02 1.009187334074340328e+02 1.009187334074340185e+02 1.091119683948779340e+02 1.205577773120720622e+02 1.123468340540118504e+02 1.205577773120720622e+02
8.999961700291798650e+01 9.400147367896049388e+01 7.340425668742085463e+01 7.340425668742085463e+01 7.800695275729157174e+01 8.404451737368140130e+01 9.324949055548289323e+01 7.351720776464759410e+01 7.351720776464759410e+01 7.535195678381830930e+01 7.535195678381830930e+01 9.510844498559234239e+01 9.765598789896695564e+01 7.946219529582381824e+01 9.765598789896695564e+01 8.930131406602851030e+01 7.262559211597920239e+01 7.519582990247215548e+01 9.507807369181131207e+01 9.234353375634654526e+01 7.393263158832962745e+01 9.234353375634654526e+01 9.372757084082817869e+01 7.548531861116963171e+01 9.372757084082817869e+01 9.957957078503241632e+01 8.280955932446106260e+01 8.540202079606993379e+01 1.021873990039471352e+02 1.009187334074340185e+02 8.108059603907275914e+01 8.108059603907277335e+01 8.108059603907275914e+01 1.009187334074340185e+02 1.107008832370705278e+02 9.267827074458762127e+01 1.107008832370705278e+02
9.828463553257793706e+01 9.527290956983112835e+01 7.943704187067194766e+01 5.887292088833202541e+01 6.347123485394167375e+01 8.404451737368140130e+01 9.192712344518137968e+01 7.929665937107370155e+01 5.980139245016578542e+01 6.160765977599935894e+01 7.535195678381830930e+01 9.510844498559234239e+01 8.939722817922555009e+01 6.968528886633677644e+01 8.939722817922555009e+01 8.101920428316543621e+01 6.128226031214754244e+01 8.101920428316543621e+01 7.999347248865041138e+01 7.401719105707394419e+01 6.404849008908855978e+01 8.398589202505941387e+01 8.543214064686758036e+01 6.574940954484445399e+01 8.543214064686758036e+01 9.068617854745093609e+01 7.145689963489778052e+01 7.401582694189437461e+01 9.386929934880940607e+01 1.033900884729710867e+02 8.689105194815560651e+01 6.674228664452864734e+01 8.240799735472559462e+01 8.729202605925590319e+01 9.263359547491353396e+01 8.275463855052717577e+01 1.025125523992996790e+02
9.638456974507123221e+01 8.448748881604804239e+01 6.613858878787640094e+01 5.159668855076906624e+01 7.216652717279544049e+01 8.774171018897409624e+01 8.370616984703629271e+01 6.413030876894296739e+01 5.299860432424468826e+01 7.240404172841694219e+01 8.935303673053064699e+01 8.878789166487081275e+01 8.056476880306010457e+01 6.324227955244872135e+01 8.282658174159600151e+01 7.506829176860789232e+01 5.539139404287511326e+01 6.735037750164779879e+01 6.012978363720620933e+01 5.425111280726523688e+01 6.816019733139212633e+01 8.815722474434920741e+01 7.887123027952655718e+01 5.932209573699618232e+01 7.887123024727996778e+01 8.240687556239672062e+01 6.278485491854075207e+01 8.240689171032828142e+01 9.958041007115234322e+01 9.136885450548199117e+01 7.522700574060819179e+01 6.081205801904244623e+01 6.217281546893985222e+01 6.715465983192920874e+01 7.264727281385263780e+01 8.685247749727888333e+01 1.065904489021977071e+02
8.782973588242414564e+01 6.724279204036778879e+01 5.535089712952605367e+01 4.668764043075402981e+01 5.862347162563744973e+01 7.919534818002320264e+01 8.218332092606442529e+01 6.263098069020733050e+01 4.896698643771130577e+01 6.835772821833688795e+01 8.241635668865539799e+01 7.422174002821054728e+01 6.101419828145564850e+01 5.743208617257916160e+01 7.692169245592903337e+01 7.873279456413018806e+01 5.901786989897183844e+01 4.767172810474263400e+01 4.620045530535129075e+01 6.594772340241465258e+01 8.074876885488504286e+01 8.716602191476009409e+01 6.745451431599219916e+01 5.375120842323157433e+01 7.322788122426112523e+01 7.082793492052894635e+01 5.780279869630672351e+01 7.734050302147649347e+01 8.804945229935461271e+01 7.133545177861664399e+01 7.584283720710226362e+01 5.556007104020451237e+01 7.584283743002235667e+01 8.729202605925590319e+01 9.263359547491353396e+01 1.008203936737938307e+02 1.029793813810040035e+02
9.478703143079391680e+01 7.748130388356864273e+01 5.688812308077399393e+01 4.217089961738492576e+01 6.291972609171193653e+01 7.965168257649412453e+01 7.815035053966799694e+01 6.462597822272658732e+01 4.523930648263651477e+01 6.462597822272658732e+01 7.112130581835218379e+01 5.474924543763364682e+01 4.986563298295633473e+01 6.353957899689417843e+01 8.312880339449176859e+01 8.700535739359725085e+01 7.557951346953763050e+01 6.101090637814878193e+01 4.114902244192430913e+01 5.264646535477883305e+01 7.243694530452880542e+01 8.644606283754724529e+01 6.835871301748512963e+01 4.890054191250650462e+01 6.481832788792361555e+01 5.135458246229089951e+01 7.082793492052894635e+01 8.559227688022738789e+01 7.980256403636363416e+01 5.960467299085056680e+01 6.814130619781217035e+01 5.225912389962488902e+01 6.133283382945257500e+01 7.309773019698836549e+01 9.309499979590881935e+01 1.025602702597658862e+02 9.137287311668944767e+01
8.650766898690523021e+01 7.378265942579076864e+01 5.314994458289279322e+01 3.831118844294066150e+01 5.046885691837768206e+01 7.111070119681602364e+01 6.434786541464519871e+01 5.054538028962235074e+01 4.170232255284600598e+01 6.108647241372820247e+01 5.797269247717696317e+01 4.358881656854043030e+01 5.223420225479726042e+01 6.339217049395320913e+01 8.298315535397270537e+01 8.339822106874933638e+01 6.347158671063340307e+01 4.949776094642061963e+01 3.793463110282397110e+01 5.787046678512975717e+01 7.464385733999318973e+01 6.674047656017663144e+01 6.377237809935973445e+01 4.430095222843163327e+01 4.534873685071455185e+01 5.908188642769062682e+01 7.866732266097747583e+01 8.440057185171075105e+01 6.428960602435613225e+01 6.428960602435613225e+01 4.794282008571627074e+01 5.960467299085053128e+01 7.980256402131111315e+01 8.978472560346004627e+01 1.012970495019588668e+02 9.243146007556197219e+01 7.434942159263366079e+01
8.150965423056567261e+01 7.039066200025820308e+01 4.970000385656323516e+01 3.476769474158037809e+01 5.123280385853966123e+01 5.981078124723590861e+01 5.624043494850766223e+01 3.684802205412182730e+01 5.624043494850766223e+01 5.326929685716147134e+01 3.858009154469225166e+01 5.797269247717696317e+01 7.112116486166462437e+01 7.985643926704079831e+01 9.121654526877276226e+01 8.278433995092022712e+01 7.448589636478409659e+01 5.489860738155601894e+01 3.497721372271182361e+01 4.651217365114947455e+01 6.635468890444609258e+01 6.362569546890507155e+01 4.723375897349860963e+01 3.991560328760194665e+01 5.941843490795702820e+01 7.300029374223882428e+01 8.322651088309348211e+01 6.900289031805279194e+01 6.068968760996472867e+01 4.408511393550458735e+01 6.428960602435613225e+01 7.643691891512663972e+01 8.804945085053810772e+01 8.953401602564413508e+01 9.794250411672911127e+01 8.404047897756039731e+01 6.465836420770683901e+01
7.323789411018270812e+01 7.264608771610105009e+01 5.196535764721809869e+01 5.123280385853966123e+01 3.013755580104931653e+01 5.123280385788175550e+01 5.309457016962586806e+01 3.366019713055471385e+01 4.875099271211244911e+01 3.383424639978055382e+01 5.326929685716147134e+01 6.609461499440013199e+01 7.462452492982841079e+01 7.826261223255609423e+01 7.242454206812251982e+01 7.162298145218244372e+01 5.459150300527183219e+01 5.208129646064241314e+01 3.226408260619706425e+01 5.208129646064241314e+01 5.995726655024742513e+01 5.181648940977584772e+01 3.592972131929742829e+01 4.975824550004889346e+01 6.757737749912229219e+01 7.747179649986576067e+01 6.918539047017195287e+01 5.477924606965900978e+01 4.037172410245552356e+01 6.068968760996472867e+01 6.059247760123278681e+01 8.073993354623577545e+01 8.640734406102701826e+01 6.968724787892466566e+01 8.640734406102701826e+01 9.243146007556110533e+01 8.020200671216852584e+01
8.150965423056567261e+01 8.119461244943136080e+01 6.292900422182434994e+01 4.208217034652481914e+01 2.701923816688404401e+01 4.403645835266741670e+01 5.245812323716126002e+01 4.866936052829539250e+01 2.918834613814464518e+01 4.567045669111309536e+01 5.391524837470443998e+01 6.896116962924909899e+01 5.498187437340086348e+01 5.752848259918636131e+01 5.138585657841429821e+01 5.038305450893325599e+01 5.824057791534665540e+01 3.837387971575412848e+01 2.964173747664897718e+01 4.875411166474005853e+01 4.832025645988819207e+01 3.219377519236432761e+01 5.181648940877248322e+01 6.362568854831708620e+01 7.749502248886538780e+01 6.918539052917694221e+01 4.893522099978174111e+01 5.486635822242465821e+01 3.783945156622947792e+01 5.232634664622037945e+01 7.252944096795613405e+01 8.899000486589804382e+01 7.807547909359151106e+01 5.853149744439268432e+01 7.807547909359151106e+01 8.127905897117912559e+01 7.543580863402158343e+01
6.643634464383117688e+01 6.981067727844938986e+01 6.168143278540331664e+01 5.673407804380138941e+01 4.403626714965121636e+01 2.276068751277802349e+01 4.001828223530677775e+01 4.836551383220248823e+01 4.256261940930333765e+01 2.594390586995856296e+01 4.572619277649475578e+01 6.071298151367909668e+01 4.143089621364491393e+01 4.852033267982135811e+01 3.622885210079372342e+01 3.509499591346692426e+01 4.348611479372155486e+01 4.188849322118573326e+01 2.708191888891555976e+01 3.324195551984060160e+01 2.857248506756443973e+01 4.832001186908691182e+01 5.181626255352935573e+01 7.139697605641964628e+01 7.039446383874556545e+01 5.983896303992258936e+01 5.167222658784525890e+01 3.456713447282731266e+01 5.486635818220504746e+01 6.656564542820463259e+01 7.553498724621587712e+01 8.142593376950850370e+01 7.116563811582456367e+01 5.165155836540385081e+01 7.116563811582456367e+01 6.104914109451578241e+01 5.509577584322245514e+01
4.804973602616433936e+01 5.931433560881209388e+01 4.417716746270612305e+01 5.315118416274944479e+01 4.439848869518627339e+01 3.774844286774966662e+01 1.925786576759537638e+01 3.920778012058210749e+01 2.277914003057698622e+01 4.263876591246420134e+01 5.386382736019082529e+01 5.673838312994195121e+01 4.684539938740564935e+01 2.922308257170805845e+01 4.190510890705713365e+01 2.288644147644319204e+01 2.339544586069126808e+01 2.390846725784317428e+01 2.442374664573298304e+01 2.494916917490335706e+01 4.492604153321683924e+01 5.374534789883156805e+01 6.760524415727249448e+01 7.356418378244822520e+01 5.332737540319353542e+01 4.379754657005538121e+01 3.181455741949289973e+01 5.167222458263802309e+01 6.286049097216831427e+01 6.047876001645683175e+01 5.611707503184899082e+01 6.247439805460812323e+01 6.528192169207753182e+01 4.595683877091313718e+01 5.770562779967836065e+01 5.508917912753982193e+01 4.155933348450557219e+01
3.811826928111348423e+01 5.126446450252535669e+01 3.456488499272902004e+01 4.317810952241676148e+01 1.766450808877890921e+01 1.726256329020623426e+01 1.769075344650465098e+01 1.974254874057657716e+01 3.960888902292307279e+01 5.054810384078751895e+01 5.439163400445657714e+01 4.656267020059013362e+01 2.513877825295584145e+01 2.168843279779549960e+01 2.217571050083583017e+01 3.759321116301348553e+01 4.323408420661035478e+01 4.394018028617103511e+01 3.873476852627218392e+01 4.492204192620138059e+01 2.570627528140046181e+01 3.989359856855521969e+01 5.440111612586374434e+01 5.827183833172957605e+01 4.903764081272290554e+01 2.928433317669141900e+01 2.982397445464243546e+01 4.956303336873879317e+01 5.084799943977290582e+01 3.464739424899623543e+01 4.318883465387759912e+01 6.245471630459336154e+01 6.709911662712362102e+01 5.769752964728041889e+01 3.919338359903998281e+01 3.570310569322955274e+01 3.625256014632301316e+01
3.020321289641119833e+01 3.923602040233000565e+01 2.645716889569039054e+01 3.579315906985308260e+01 1.664950379763336841e+01 3.496284213724771917e+01 3.136282477790302892e+01 1.833004774881362664e+01 3.827747495684836565e+01 3.950090627717855796e+01 3.424151778645811817e+01 4.045811342953604850e+01 2.101058782065193142e+01 4.109971844424991616e+01 2.460072211327292635e+01 2.942178933717725542e+01 3.850555306754457519e+01 5.119826149511936109e+01 5.881825496635374861e+01 5.353851365800006334e+01 3.122302358672184752e+01 2.646207219580622549e+01 4.594635977250062808e+01 4.725088293405391937e+01 2.852084017401433869e+01 3.423199541079713271e+01 4.581098441693424661e+01 3.060894427409985141e+01 3.116411282429685059e+01 3.171884752682407083e+01 5.071427750837764137e+01 5.241993603974410121e+01 4.737812791803894896e+01 5.357859712637199578e+01 3.492455199363077867e+01 5.433357347176175267e+01 5.562908132369449987e+01
3.343081344495751495e+01 2.365986085910678227e+01 3.240952404717670987e+01 1.601455061267485291e+01 2.983775325136252121e+01 4.281000592071668365e+01 4.205947971157793575e+01 3.313641530784872913e+01 1.897449694478083870e+01 1.943118698303867475e+01 1.988790849947790207e+01 2.034722857221586523e+01 3.296074938616262529e+01 4.825152647946794815e+01 4.766180361563944956e+01 2.903202397512347943e+01 4.887859498575080153e+01 6.134815752479983075e+01 7.665367874283150229e+01 6.247584462498317492e+01 4.391803569993145118e+01 3.066529676786222680e+01 2.722067644931163954e+01 2.775612645506527798e+01 4.543793635079423865e+01 4.481108621060634079e+01 5.445779230520599867e+01 4.445913309651913892e+01 5.021653717518146465e+01 4.363024100091841007e+01 3.250160868871437714e+01 3.305403461017844080e+01 3.360272034012049858e+01 3.414807022438682793e+01 5.357884701067222011e+01 6.245387251745120238e+01 6.359707086270902465e+01
1.816199095304534694e+01 2.686279959927092520e+01 2.969866149117298093e+01 1.555447888487304908e+01 3.640554831294156912e+01 5.221035142684731056e+01 4.696410758385562900e+01 2.724639406198376790e+01 3.906897482507012853e+01 3.372211689810984581e+01 3.999258275754208114e+01 2.502820613538557737e+01 4.357818862666578497e+01 5.843611219888812514e+01 5.679562274624272789e+01 4.890308895672610845e+01 3.441591372709618923e+01 5.363577766145689196e+01 6.917200461444411985e+01 5.570564433007174898e+01 3.664884333197525734e+01 4.934846941874905468e+01 4.707870745595381123e+01 3.300256204489167544e+01 3.267560367571362434e+01 5.188534777794111363e+01 6.408518434713064948e+01 6.329483571250762708e+01 5.985990995672781168e+01 4.079587269224984425e+01 5.214510546272906311e+01 5.252798687016556300e+01 5.304915616699354075e+01 3.685199417586132853e+01 4.748872232822819939e+01 6.699550416820497389e+01 7.570430516485444628e+01
1.419890996366143732e+01 1.454607855151704499e+01 1.489701384940436846e+01 2.046719248104040645e+01 4.173922949831566598e+01 5.424245618481253928e+01 5.322924543491829752e+01 3.361853796777808157e+01 5.328458889984099045e+01 5.354692934196631882e+01 5.188489313977552086e+01 3.548504332197042999e+01 3.342913102589603369e+01 5.267658934571772278e+01 6.026748545651186362e+01 4.150513869679549117e+01 5.363577763702907930e+01 4.222235388062957639e+01 6.100160658367772726e+01 6.393502641029842692e+01 5.570564433007174898e+01 4.376995606346208945e+01 6.201711574648353320e+01 4.898061610585260439e+01 5.197734407203344631e+01 3.774185454528426220e+01 5.695981511025682664e+01 7.041966134595233484e+01 6.661283652671096434e+01 4.718194471633138676e+01 6.659493516838554683e+01 6.085416646442590149e+01 4.134708118860014991e+01 5.573226445230449855e+01 6.391189132120641858e+01 7.524540260800964120e+01 6.914906460409302724e+01
