LEM/sinusoidal_perturbations/elevation_000706.asc
nrows	100
cellsize	150.0
xllcorner	0
ncols	100
yllcorner	0
NODATA_value	-9999
[rows 17 to 33 of 100, columns 0 to 36 of 100]
5.222468517465790779e-03 1.414735809224854179e+01 3.414735809224924878e+01 4.984783066087122450e+01 4.778319505319598193e+01 3.217818489820638916e+01 1.108460748788833783e+01 1.178476754770222179e+01 3.163588434409587258e+00 1.053465242513488676e+01 2.734722402631854266e+01 4.932402065532384228e+01 5.411887358315782137e+01 4.538556000868067031e+01 3.892327081291030311e+01 2.586244150489245186e+01 1.333379063128940700e+01 1.739922005246955550e+01 1.887397465060197277e+01 1.453986828796304032e+01 2.245776227851572671e+01 2.828241988198896806e+01 1.575762829646854080e+01 1.607528672351478605e+01 1.639178848261735411e+01 3.550471529553626482e+01 4.431925600440987978e+01 5.722584797643041554e+01 6.222554934826332840e+01 5.419432600959542867e+01 3.569735685046711637e+01 3.608888555575749280e+01 1.957349912360846744e+01 2.437522880802350045e+01 4.251295177750042598e+01 3.719847307263666636e+01 4.846248163237039819e+01
7.333276091007126865e-03 1.000733328885274176e+01 2.155434000569794506e+01 4.155559966968748853e+01 3.936616672658539784e+01 2.072250326003207377e+01 1.759258593996931097e+01 3.585264548886030411e+00 8.735341209336846546e+00 2.905194408127738015e+01 3.324894624439139790e+01 5.330347566575179030e+01 4.242731062175703016e+01 2.536563581009039581e+01 3.184670837545095523e+01 1.289545134499557122e+01 3.226392651350622742e+01 3.421513120316338785e+01 3.423492155162335848e+01 1.815697825671833243e+01 1.498951030744468937e+01 1.530747015621232343e+01 1.823181098729336469e+01 3.317800840519703343e+01 1.881606555914502366e+01 2.322398724360479250e+01 3.704861388500200547e+01 5.656530198955127275e+01 6.998210234974497723e+01 6.397594531482795333e+01 5.558686989879522855e+01 4.690420388469900104e+01 3.720520996567600491e+01 2.001726008117233135e+01 2.661919347253164858e+01 4.621867769848443430e+01 6.435567617832103338e+01
6.343274376862209282e-03 2.000634327437650839e+01 3.584705776210504524e+01 4.584705776371392716e+01 4.777539304157252076e+01 3.770061666595940864e+01 2.288941830964832747e+01 3.883306622410708009e+00 9.500610717915760617e+00 3.085666436288226677e+01 4.537292812674817100e+01 4.905530481217455474e+01 2.809901178991229997e+01 1.367977294305133285e+01 1.245706325714284013e+01 3.222441096370661739e+01 2.317436553573764968e+01 3.122545977721853916e+01 3.871072566915495372e+01 4.547276356922820639e+01 3.088577215920515684e+01 3.961612793320326631e+01 2.321066020295904408e+01 2.312120909296678661e+01 3.796579620313592329e+01 4.276491946053936744e+01 3.247484165366459763e+01 4.216433042842328405e+01 6.173260301133472439e+01 7.130339977929359918e+01 5.047980196798828700e+01 3.589754689234695206e+01 4.021451538872506148e+01 2.033635195175826382e+01 3.177494252078636805e+01 4.556013849589181319e+01 6.424697863926267871e+01
3.497053469895897767e-03 7.562786513654472742e+00 1.756278651365465038e+01 3.756278651365540355e+01 5.192477283223660578e+01 3.122744006647936033e+01 2.386096789617047875e+01 4.180793505040375280e+00 2.310046875427298119e+01 1.794621883072737845e+01 3.161281015445021225e+01 5.165762108045083068e+01 4.117265486993211709e+01 2.742626392511393263e+01 1.214733657400960354e+01 3.187922430934460749e+01 4.104637157008722426e+01 4.753386012674284444e+01 5.407297867163721605e+01 4.905754049207508416e+01 5.862575127691290788e+01 5.298935259153727628e+01 3.214503375833096754e+01 3.631923577368739586e+01 3.035394935007054684e+01 5.038208561029725985e+01 4.366633845532164315e+01 6.012861457286712863e+01 6.998944148484800110e+01 7.723462943880196008e+01 5.657829478187079530e+01 4.503315924974726414e+01 2.065841323372450589e+01 2.066051181303206263e+01 4.036110954423325836e+01 4.802146321022956954e+01 5.194684322277603172e+01
9.635555453094322986e-03 2.000963555545273920e+01 3.584705776210505945e+01 4.584705776155119850e+01 4.631670243029570599e+01 2.496770570946878820e+01 5.231276069407692297e+00 4.488314805802712470e+00 1.542922576433297976e+01 3.258045038794870862e+01 3.161818925118288703e+01 5.177449117399159206e+01 4.814850373470220291e+01 2.732129135929008257e+01 1.183781138323703352e+01 2.625288508189074221e+01 4.581538140534442505e+01 5.709718211859073023e+01 6.478908002724755022e+01 6.241719276006286066e+01 7.128227687016173775e+01 6.187543579872937016e+01 4.469648946212541318e+01 5.641664857126070132e+01 3.654290605561899241e+01 5.678234877931647162e+01 6.325257663247666784e+01 7.148596736598192081e+01 7.355860507528744563e+01 6.537845059597891861e+01 6.569485871044476255e+01 4.989604278469723653e+01 3.983280421148229067e+01 2.215317975993641753e+01 2.113703099916778783e+01 3.937160697301642642e+01 4.174613258725414511e+01
8.845047570523793118e-03 2.000884504756992754e+01 3.000802399118733632e+01 5.000802399123116260e+01 4.944691361692244413e+01 2.900776067634127386e+01 1.792836053248262829e+01 4.824220720176652932e+00 2.406523048625760097e+01 3.933522304389819624e+01 5.176909232059012567e+01 6.006134494060577111e+01 4.502711940705137295e+01 2.544891085521688368e+01 1.152862750557072502e+01 3.067202921013254979e+01 4.518749427949116182e+01 4.153084757235414770e+01 5.462058587281969579e+01 7.244638555227125210e+01 7.487155649851186467e+01 7.372723440419369467e+01 6.538229072207442982e+01 6.509670047062633103e+01 4.825532888754159444e+01 5.087947935486050710e+01 7.103342172698630463e+01 7.927473333794733890e+01 5.962284112715448714e+01 4.584097456850724228e+01 5.301162445521229216e+01 3.820108351766493371e+01 2.429697859194238774e+01 4.034307699529525593e+01 2.430673653942271883e+01 2.161689779200396799e+01 2.195650281808524085e+01
8.023991185656003874e-03 1.000802399118574293e+01 3.000802399118538588e+01 4.963080116647687134e+01 4.641851669234512912e+01 2.643031116600080566e+01 2.459698711400436721e+01 5.182750188985212780e+00 2.314825289711593115e+01 3.545509403582582308e+01 4.666833637914866273e+01 6.445112546041906398e+01 4.929318170875189509e+01 3.136277650243492943e+01 1.121985198310549237e+01 3.029359439496128914e+01 3.098419265694637303e+01 4.073009945383761021e+01 5.677978269033141601e+01 6.665092697113325926e+01 5.300967225037774710e+01 6.631421074895948209e+01 7.269497059105140124e+01 7.671459181559251306e+01 6.843046855590898758e+01 7.103337961471902418e+01 7.931822592295360153e+01 8.096743811296340709e+01 6.961506155499552051e+01 5.302190450412721390e+01 3.348694467836463673e+01 2.648557447294928124e+01 4.393070851699172152e+01 5.028136323881928860e+01 3.899740304214651587e+01 3.571601720172639460e+01 3.592097081151996463e+01
4.598823041778624977e-03 2.000459882304025427e+01 2.139599582813578493e+01 4.135006609461262173e+01 4.505299490830289955e+01 2.228423550820058807e+01 7.772584593036993894e+00 5.532682684580931820e+00 1.882510475704288666e+01 1.782837379638949571e+01 3.693929775687664829e+01 4.840221359566803727e+01 3.451626285053881560e+01 1.984382847699150076e+01 1.090778056772710869e+01 2.878970196179511376e+01 2.403392427394079789e+01 3.646688627539253247e+01 5.430162059123555451e+01 5.602443007706700229e+01 3.714108185454428934e+01 5.001637242624651947e+01 5.267010506465918951e+01 6.525072023444418789e+01 7.366752306157620467e+01 8.378799400201639003e+01 8.732417077151487206e+01 7.275786964092066000e+01 5.318190053916720217e+01 4.196759887683948165e+01 3.322060561867456840e+01 2.808468340292447252e+01 3.945312432669928882e+01 5.896457760450468299e+01 5.899739317695776464e+01 5.557998977304683308e+01 5.502853441099549769e+01
7.340434288523949372e-03 5.156806942192845966e+00 1.921465684557691134e+01 3.916376194017890100e+01 3.952636709271379090e+01 2.024704362524185797e+01 1.657616634070519268e+01 2.491540706189555365e+01 5.980138274001136622e+00 6.517519451143259701e+00 1.807554170742776023e+01 3.964286359543642391e+01 4.892786548912108913e+01 3.191108782073879624e+01 1.057213795755699159e+01 1.613737067919688783e+01 2.850235224408902113e+01 4.045098600581992088e+01 3.876624385074998003e+01 4.186555309534068670e+01 2.843208523547459521e+01 3.322750603484756482e+01 3.882945242537400077e+01 4.532467596271732901e+01 5.516297947887005648e+01 7.533846099001827668e+01 7.912702696152477699e+01 5.949984199689111364e+01 4.977080116880464544e+01 4.243714550326061641e+01 4.939356858919136073e+01 2.980301908138039835e+01 4.939331501725555995e+01 6.710560295451001878e+01 7.686806281457606360e+01 5.959649002301122067e+01 4.819749006028541061e+01
3.515918393995972821e-03 2.000351591839364218e+01 1.439139129607044865e+01 3.407823563380181042e+01 4.762873641786775636e+01 3.948625620029680050e+01 2.837102599720766349e+01 3.038402848919012200e+01 2.516408132236633222e+01 6.400464186117145182e+00 2.626085980082002891e+01 4.122628823927544772e+01 5.214720635177183539e+01 3.243353905828031003e+01 1.018983581156446405e+01 2.301734118666395901e+01 1.263916497329368127e+01 3.275746753968698499e+01 1.976553276973186613e+01 2.284107353566287557e+01 2.798029941777590324e+01 4.719465831730280314e+01 5.860870547720186607e+01 6.525072023444418789e+01 7.366752306157620467e+01 8.378799400201639003e+01 8.732417077180232923e+01 7.748678499219273874e+01 6.931343447920788492e+01 6.192715552655660360e+01 5.110308966535595232e+01 3.155312770861830884e+01 4.380107008797057944e+01 6.113516795049681463e+01 8.288950980457819639e+01 6.890857813308693380e+01 4.692902916152072379e+01
4.608085242692564441e-03 2.000460808524233869e+01 3.407823563380181042e+01 2.539822710909147929e+01 4.484681150275513772e+01 5.610937833950046638e+01 4.845471641345779545e+01 3.037051579273127544e+01 6.820712526235082507e+00 1.828810063429628485e+01 1.584995233914367674e+01 2.510358196418309262e+01 4.520978652071517701e+01 3.689075009992341592e+01 9.795251009540931975e+00 1.011597128345562169e+01 2.368732512266256052e+01 1.543384745748542208e+01 3.450509992518776414e+01 4.186555399134800837e+01 4.719465831730280314e+01 3.636526819952408118e+01 4.312845790357221887e+01 5.186758522991078735e+01 6.337416265007443172e+01 8.367536058080021633e+01 9.165737534326599700e+01 7.197050446307451921e+01 6.068233959540422973e+01 5.198077382891660392e+01 5.283721508734652872e+01 3.334500380160598354e+01 4.619936088756946191e+01 6.433521794803796467e+01 7.204546483120044797e+01 6.196232090855216512e+01 4.559007272281130696e+01
1.610643649003322799e-03 1.414374626738007912e+01 3.414374626738078433e+01 4.484681150275513772e+01 4.019098120056928991e+01 5.915937464147557279e+01 4.128048633487184560e+01 2.495947912654240852e+01 7.120575409937544897e+00 2.235271140390393185e+01 2.540991539960029399e+01 3.557240367845577822e+01 3.335128668824349774e+01 2.880704388863027532e+01 9.449283280137368735e+00 1.031366332833508714e+01 3.022920043952235503e+01 3.450509948830642060e+01 1.907940025500132819e+01 3.806060543331360435e+01 4.995692354118921230e+01 5.595581896130187260e+01 6.297133567734838522e+01 7.137004294048115582e+01 8.038944783460176779e+01 9.212825817751331670e+01 9.983290473214036354e+01 8.845812745410499645e+01 7.967550009826878465e+01 6.107688898103848629e+01 4.163908002914829609e+01 3.515964327907573050e+01 5.459926106437482929e+01 7.062171689426665466e+01 6.352536019063359163e+01 4.330723506517015409e+01 3.348420769566554611e+01
2.022278438842990342e-03 2.000202227843848846e+01 3.279640019851807864e+01 4.431658558209584697e+01 5.915937472297837729e+01 6.299038609217960527e+01 3.290948964463012061e+01 9.812733199979575716e+00 7.418987963915098405e+00 2.434146886968656176e+01 2.739048432125390065e+01 8.484561481724524512e+00 8.743205407369572413e+00 9.020987087901064072e+00 2.859509208085119525e+01 1.469799997051033102e+01 3.501748927253606070e+01 4.622119395169394096e+01 3.806060543331360435e+01 2.276216383828707635e+01 4.174891875500038196e+01 5.014056099265985011e+01 5.421576589676800495e+01 5.863334341115403703e+01 6.702267559891332382e+01 7.602367663366351280e+01 8.775198440358765595e+01 8.902133648995165061e+01 6.940712615710478417e+01 5.562488000093043894e+01 5.640250929315975270e+01 3.704140851452801542e+01 4.359797523725275425e+01 6.535088510788749261e+01 7.238982125957947744e+01 5.765690153878490065e+01 3.961848620652873620e+01
6.642187732006160465e-03 4.592324043697065150e+00 1.609800965006152040e+01 3.603861564495088032e+01 4.561931441585015534e+01 5.371431516164447828e+01 4.779929667334506860e+01 2.406909238149214403e+01 7.841847751993927140e+00 7.822551889774584488e+00 8.106969268901790926e+00 8.928402711578865336e+00 1.705420388898669515e+01 1.163658001982664025e+01 3.469747012050102342e+01 3.501749716156201231e+01 2.233845723959689167e+01 4.272159836378730091e+01 4.595158516222641509e+01 2.730722546225457847e+01 2.717379646137852234e+01 3.082984333760356321e+01 3.467176975368745673e+01 3.887733617507068118e+01 4.755969863326478020e+01 5.902361482095444245e+01 7.929687437191776667e+01 8.774422631070309819e+01 6.810291230389464090e+01 5.921347334828080733e+01 3.981159143359891317e+01 5.646006743755842194e+01 4.945831311170975653e+01 6.128230944648298362e+01 8.116881474918199046e+01 6.601641723415829688e+01 4.755031554247305081e+01
1.591255364720534126e-03 2.000159125536436378e+01 1.210122287810663444e+01 1.865698818969343620e+01 2.652763149878496662e+01 3.915831517290738617e+01 5.468723595290872908e+01 4.138324662810698129e+01 2.143641477299528830e+01 1.529252039209806568e+01 2.793000945759328602e+01 9.455784601223772512e+00 1.472973048911953242e+01 2.699880493947320304e+01 4.247584615271092190e+01 4.858842755685810033e+01 2.826513520049238437e+01 4.858842755685810744e+01 5.133292389669446010e+01 3.191279596886438341e+01 4.627841746164858705e+01 3.648702750728583766e+01 5.421576589676800495e+01 5.863334341115403703e+01 4.714829259702805331e+01 5.860516332691022257e+01 7.887237544855148030e+01 8.195934351829788511e+01 6.236347242952840730e+01 4.861278374786626699e+01 4.180318019740671076e+01 6.121123228580568565e+01 6.797834524586762939e+01 6.797901974672163306e+01 8.740049879940502819e+01 7.665685469626588144e+01 6.779553424703982500e+01
6.189296070378335485e-03 2.000618929607002272e+01 3.188501707961691167e+01 2.823856945430360454e+01 3.871710195856071124e+01 5.371431516230582304e+01 6.485144827186692851e+01 5.412819849711700471e+01 4.344390868774248560e+01 2.449084922700244604e+01 4.407804958246509131e+01 3.824691811620437676e+01 2.321713002353259014e+01 2.265318740845362910e+01 4.063265015133292479e+01 5.531556106027316133e+01 3.513416094890069274e+01 5.531556106027316844e+01 5.746046722820704389e+01 3.721150361714103383e+01 5.746046722820704389e+01 5.606980741601137908e+01 4.762427676845666014e+01 6.760661682901113068e+01 5.598862190563219343e+01 6.717109507439866434e+01 8.732762356215729938e+01 8.774451323110660894e+01 6.810292032328682410e+01 6.810291395456722796e+01 6.121201405228676862e+01 4.478292506950522522e+01 6.422420373220813872e+01 8.109278088354740532e+01 9.095623506677671344e+01 8.320261172980239905e+01 7.331670867446760553e+01
2.247884206357958405e-03 2.000224788420600319e+01 3.983334111289820356e+01 4.810984838604202452e+01 5.638582038697110477e+01 6.850794485195251582e+01 7.239708846334772829e+01 6.431039957404665586e+01 5.460732309472788870e+01 4.215891108999537096e+01 5.475767073284069397e+01 5.002903730485083145e+01 4.152956525278913347e+01 3.103559248704267759e+01 4.886021405051301514e+01 6.367099690735968665e+01 4.528948938790032486e+01 6.367099690691735248e+01 5.746046694762401330e+01 5.143369753330724592e+01 5.143369753330724592e+01 7.201037636293338551e+01 5.905448396673646272e+01 7.602630420048164694e+01 6.759688613346310149e+01 8.467230543767242068e+01 9.595507728114385770e+01 9.483240883552396383e+01 7.542558267625086899e+01 6.747565375935808163e+01 4.803089538255311197e+01 6.422420374663126097e+01 5.343215379678507304e+01 6.316456057442270122e+01 8.274905239295100046e+01 7.487428364424513916e+01 5.524213044372684323e+01
