LEM/sinusoidal_perturbations/elevation_000225.asc
nrows	100
cellsize	150.0
xllcorner	0
ncols	100
yllcorner	0
NODATA_value	-9999
[rows 0 to 16 of 100, columns 37 to 73 of 100]
1.091629857608473770e+02 1.064091802528849655e+02 9.793551578933718815e+01 9.793551578933718815e+01 1.025793257123744269e+02 1.085790572322820680e+02 1.029730096889020103e+02 9.465867372493281096e+01 9.465867372493281096e+01 9.989004584647915408e+01 1.057745911989272543e+02 9.896941895300238912e+01 9.079642079837685742e+01 9.340086588453478100e+01 1.015479885355901928e+02 1.018958631512434181e+02 9.355219543554426309e+01 9.110810781021429250e+01 9.946359316356186753e+01 1.019194624952561554e+02 9.359024430390164184e+01 1.019194624952561554e+02 1.087940159754481471e+02 1.004032264494685052e+02 1.087940159754481471e+02 1.046508111873649369e+02 9.605991419087018812e+01 9.878143122380275543e+01 1.073545594243894925e+02 1.076199139332071439e+02 9.921832834524064992e+01 1.010981838447245167e+02 9.269497517775018025e+01 1.010981838447245167e+02 1.142711038294022643e+02 1.058644106224871848e+02 1.142711038294022643e+02
1.008380795477359158e+02 9.793551578933718815e+01 7.689160797050617191e+01 7.689160797050617191e+01 8.164930189740519495e+01 8.777956394241368798e+01 9.465867372493281096e+01 7.461927768312122566e+01 7.461927768312122566e+01 7.982371875695423569e+01 8.570100988796887975e+01 8.717281553126973392e+01 7.007375987178743060e+01 7.279764252694941717e+01 9.340086588453478100e+01 9.035035872268529999e+01 7.361526847823262187e+01 7.120680401868126808e+01 8.792780730116656684e+01 9.192497459575159269e+01 7.365078182235001236e+01 9.192497459575159269e+01 9.856571877679689919e+01 7.986402273881726899e+01 9.856571877679689919e+01 9.258678502546820255e+01 7.510010284713111162e+01 7.781901062654706891e+01 9.878143122380275543e+01 9.594883999061654833e+01 7.903173802356759836e+01 9.103062676140957876e+01 7.262283231034587061e+01 9.103062676140957876e+01 1.041113634499077563e+02 8.553501855966079859e+01 1.041113634499077563e+02
1.091629857608473770e+02 9.902978718226783883e+01 8.305522586797727058e+01 6.187846296585325945e+01 6.662870448683132452e+01 8.777956394241368798e+01 9.140841451401944084e+01 8.048868089288492911e+01 6.055855248773492150e+01 6.572664687708842735e+01 8.506738397849927935e+01 7.883218693408512934e+01 5.767414242007614433e+01 7.568599614137052356e+01 8.407140778905444733e+01 8.148928191178799807e+01 6.232917347854859713e+01 5.995570436819078708e+01 7.907921759975702969e+01 7.374768016755136557e+01 6.387484727197696799e+01 8.362051306312585552e+01 7.994433702476301562e+01 6.975504945538305890e+01 9.013362459414298655e+01 8.395876146939875184e+01 6.344949997282990495e+01 8.395876146939875184e+01 9.835057900041138623e+01 8.756359498900197025e+01 6.763376509281197002e+01 7.605710233353330807e+01 6.285537656925826866e+01 8.010530925422524717e+01 8.562546668221352775e+01 7.555121877335301406e+01 9.569971459107402723e+01
9.718343167192868748e+01 8.872768574054545354e+01 6.938503546817976542e+01 5.463447713072815048e+01 7.556810954214144260e+01 9.138388834095175639e+01 8.310397885206785418e+01 6.316791515501613929e+01 5.359409574003999666e+01 5.688424700894064046e+01 7.676827878377891068e+01 7.214142578413520823e+01 5.099704730277625941e+01 5.459528805778455762e+01 7.136768767572550587e+01 7.322593778351243543e+01 5.371831473586763650e+01 5.137293551989868945e+01 6.542421879367907422e+01 5.422715210812218345e+01 7.374768016755136557e+01 7.994433702476301562e+01 6.003030870517179807e+01 7.994433702476293035e+01 7.922216538325076840e+01 7.070023820469019427e+01 5.776457659526350596e+01 6.901577393064388843e+01 8.974029329052326887e+01 8.927491282742620626e+01 7.605710233349361715e+01 5.646363107093743139e+01 5.560887480317801845e+01 6.037956836416429951e+01 6.572225602696826741e+01 8.562546668221352775e+01 9.657186929458885061e+01
8.872768574054545354e+01 6.801503772877693166e+01 7.063400483429322207e+01 4.995130060656155280e+01 6.173208167326728102e+01 8.279425855942552914e+01 8.254615214709517090e+01 6.682625100626776771e+01 4.707652724569717151e+01 6.099169395015891126e+01 8.091207442969833608e+01 7.837297421012102916e+01 5.735249899282612773e+01 4.263334836776083137e+01 5.041386504074689157e+01 6.509039121341591283e+01 6.346589976259014065e+01 4.422985354882475661e+01 4.612600561205793781e+01 5.714569378575943404e+01 7.673289426036203054e+01 7.419565221928014864e+01 5.471579700359621512e+01 6.708261480690330814e+01 7.070023820469018005e+01 5.133714657827820105e+01 7.070023820469019427e+01 8.637469497958811360e+01 8.726460554024707506e+01 8.092031835701155273e+01 6.118468520839850555e+01 5.001915292392308032e+01 6.952594524606180926e+01 8.010530925422524717e+01 8.562546668221352775e+01 9.401382746367740140e+01 8.815915662785131701e+01
8.252759991181000032e+01 7.396412761822251980e+01 5.351402267757076459e+01 4.586528729250903069e+01 6.018738770598890397e+01 8.113008951106355937e+01 7.425294148010124218e+01 5.440695444850359053e+01 4.311325715855561214e+01 6.279125126429186565e+01 7.330580900274915734e+01 6.474656111838406503e+01 6.449808584646511633e+01 5.655109759875197284e+01 3.603538294744985393e+01 5.654186829149065119e+01 5.880417552077651067e+01 3.959474956159941428e+01 5.880509017027578977e+01 7.363284706138432512e+01 8.500730028377678593e+01 8.259283227176348419e+01 6.708261480690354972e+01 4.811310891430484560e+01 6.085624771368912178e+01 4.742120627578618297e+01 6.647486520152838807e+01 8.031047251901260609e+01 6.670154327779209780e+01 8.123100744364228376e+01 6.636152567386075418e+01 4.677143791578952658e+01 6.636152567386075418e+01 8.295972824935908818e+01 9.463272403292616275e+01 8.679838356372471253e+01 8.038913375164659669e+01
6.366617044392248914e+01 6.824166735282857132e+01 5.910236034499595092e+01 4.205424138492347907e+01 6.230959683611606437e+01 7.879972884742278438e+01 7.315602585788228396e+01 5.333453170338413685e+01 3.951137974410362830e+01 5.914011292798711139e+01 6.473903786787973047e+01 4.309248451309162675e+01 4.295195765460526616e+01 4.672155144937048021e+01 3.201722763412476525e+01 5.236346512757183547e+01 5.564683649097580798e+01 3.602151808207061379e+01 5.120322036526641085e+01 5.935242176346210385e+01 7.607621196534699948e+01 7.025922078003409865e+01 7.147314003690665629e+01 5.460802656626754015e+01 4.202877798960611955e+01 5.674189523355142484e+01 6.482522900628903528e+01 6.948346045121306247e+01 5.271659540868886040e+01 6.795076887920555464e+01 5.934446437409437181e+01 4.381463498062154116e+01 5.499727231919639792e+01 7.464656407128735793e+01 7.653684499815366848e+01 6.782950827593445808e+01 7.148102811880478669e+01
5.731812548668673912e+01 4.939630584755786913e+01 4.358246152778401949e+01 3.878488090619139683e+01 5.011729282252472473e+01 7.034763140818010640e+01 6.970565183428402634e+01 4.993150841661059047e+01 3.612241283302628858e+01 5.572322093142272337e+01 6.217057139066011473e+01 4.874044879240862826e+01 2.779589530327026381e+01 2.655467391220307860e+01 4.623178378722023041e+01 4.999131769608454334e+01 5.260625747598655266e+01 4.874238302459015415e+01 3.113211185031488881e+01 5.120347760905379175e+01 5.703852816599009401e+01 5.156234994195988719e+01 6.344740002767840537e+01 5.579269848039235313e+01 5.341774873817934122e+01 3.804556168492909762e+01 5.659979198619000584e+01 6.031256727314799093e+01 4.413846174734494809e+01 5.673873004674083376e+01 4.034921712714882602e+01 5.862860987913646227e+01 7.026139472506592654e+01 6.728376862975295580e+01 5.530592073966012379e+01 6.890419397650542521e+01 5.216601865920036829e+01
6.754965263093043859e+01 4.861655426335312313e+01 4.180434145057470374e+01 3.568606061358397596e+01 5.175434356824563054e+01 5.997177229792102082e+01 6.645489173793481541e+01 4.672096016282843323e+01 3.290191948247703380e+01 4.817223803756746037e+01 5.131036965338845590e+01 3.695526018411583635e+01 2.582895478701723135e+01 4.242476591961343502e+01 2.729039336672859406e+01 3.782319488829898546e+01 4.226392343650469741e+01 2.932221697529903537e+01 2.987205733452628920e+01 4.927119551633767003e+01 5.055686782501025078e+01 3.943694431944759060e+01 5.648467843479802752e+01 4.196029212951192022e+01 3.413455990532740714e+01 4.677614926952019658e+01 5.382076061801033973e+01 3.636917772726961573e+01 3.694586352090046688e+01 3.751731211852913361e+01 3.808220577572780030e+01 5.729654102330245991e+01 6.519524228657000720e+01 5.271280962321811359e+01 4.145499797258612062e+01 6.074340380188873212e+01 4.376826929369810415e+01
6.069261123938301949e+01 6.573555563824315584e+01 6.115536516048754123e+01 4.597669461033713389e+01 3.219441125946826077e+01 4.840665048143916493e+01 5.661246014078982824e+01 6.072227245019298181e+01 4.817223803756746037e+01 2.856210332681386532e+01 4.070816193569685026e+01 2.510968871079255038e+01 2.795580694918344733e+01 4.721189529201055990e+01 4.686776389527419440e+01 2.803274762669465758e+01 2.856248614823219967e+01 4.821215815876411881e+01 4.563962896316641604e+01 3.065225138472793631e+01 3.120495966014934552e+01 3.175732957542231816e+01 5.108988369479507696e+01 3.333693655569069136e+01 5.261426971467233216e+01 3.495952682804764322e+01 3.554438910878698010e+01 3.955740701270379134e+01 5.500908838460964745e+01 5.670038817999208902e+01 5.731238536269570716e+01 3.889468706492139916e+01 5.794610648871622516e+01 4.058007509288884052e+01 5.937401075091933933e+01 4.233436980847957187e+01 4.307235587773416086e+01
7.815331363461019976e+01 8.561104272752085365e+01 7.396684998550495038e+01 5.997177229792102082e+01 4.263796817047797560e+01 2.884438374578740394e+01 4.519654060832260001e+01 4.912290665698659353e+01 4.279383328057505764e+01 4.326701959752794835e+01 2.440950534206842093e+01 4.400234696959385872e+01 4.747071178584322126e+01 3.215135508726896063e+01 5.160446671805648577e+01 5.419622658873419141e+01 5.197178856911843781e+01 5.851179954356290835e+01 4.408730851589315591e+01 4.436946519094131247e+01 5.025593473102691178e+01 3.934971174845489372e+01 3.253920226353105249e+01 3.363597057002457547e+01 6.018294701508715860e+01 5.772193940149695379e+01 5.187145033183940512e+01 4.046749668932584854e+01 4.770860324692872467e+01 6.295356246985080162e+01 6.412218545887841969e+01 4.716314554247213664e+01 3.971529415712338817e+01 5.899651553427666784e+01 6.739615690249478064e+01 6.159886403849419167e+01 6.233660203909463604e+01
7.342820861646833919e+01 8.200882930021484185e+01 7.748155687520961976e+01 7.058852925070279127e+01 5.661324859431767464e+01 4.519662977638885337e+01 2.564564934121361262e+01 3.255132651759844720e+01 2.325228338694561359e+01 2.372818154560644999e+01 4.318108916626283644e+01 3.677388220127702567e+01 5.644505919011641737e+01 5.160447009658452089e+01 3.644956203140690576e+01 5.580389043778154701e+01 6.863831893643711624e+01 7.090248798967913046e+01 5.725349209742113743e+01 6.393054164083311264e+01 5.612952151739176543e+01 3.695234863934442870e+01 5.184783103999795628e+01 3.591009629684694460e+01 5.500571073331313698e+01 6.747146983048234858e+01 7.040071361703640207e+01 6.359287527240427806e+01 4.692564493040163143e+01 6.675679062532287844e+01 7.096147155669065398e+01 5.178890156597428529e+01 5.901340531903696274e+01 4.298225822351719927e+01 5.403441409828882058e+01 7.359749547020243199e+01 7.153069764823261778e+01
5.066365653783850576e+01 6.842753431726931979e+01 5.919463955521527510e+01 6.011391955492182859e+01 6.825512532082660755e+01 5.033252456279144127e+01 3.322123158261982923e+01 2.258360670107812851e+01 4.209005993882460217e+01 3.033025275199662119e+01 4.203623643957665479e+01 5.644451795905778368e+01 5.644508350657081763e+01 5.588125994557373133e+01 5.588125994557433529e+01 4.096502207403215579e+01 5.466024475620694290e+01 7.453599619085106553e+01 7.635342884375039318e+01 6.075008085629890786e+01 4.147328199617000877e+01 5.614204545431633164e+01 6.262172970623257839e+01 4.941818436558453698e+01 3.972571523879808097e+01 5.678609580844446469e+01 7.892191429781595957e+01 7.289183293614176762e+01 5.275717575277363380e+01 7.289183293614176762e+01 7.129653449964884260e+01 7.129653500155497170e+01 5.893295870312714158e+01 4.536146144543133119e+01 6.470159357468223504e+01 8.195166622928661582e+01 8.539581966548827552e+01
3.747368912896403259e+01 5.865405074557608600e+01 6.011391955492182859e+01 4.090457837642482986e+01 4.923946543198057668e+01 4.910237614259004602e+01 4.092275063831467463e+01 2.212517726319567046e+01 4.160514074550454211e+01 4.963561052325683676e+01 5.805582216308011567e+01 7.019596885882735648e+01 7.629288156974125457e+01 7.571367498824730546e+01 6.395102159808782716e+01 4.432567436535293126e+01 5.810510155315829195e+01 7.806432105510549491e+01 7.798881687246392858e+01 5.837121681934335982e+01 4.477514721186544477e+01 6.411707884429679893e+01 7.426040772087722530e+01 6.143208218003746168e+01 4.244242836627262250e+01 5.281573821637997668e+01 7.160465138475407798e+01 7.994099079801461016e+01 6.000296149412292834e+01 7.994099079801461016e+01 9.144317123516475476e+01 8.701975051498445168e+01 6.718240969414409847e+01 4.780661212000792659e+01 6.139308087423120242e+01 8.115908755328959501e+01 8.573324222457499388e+01
2.906257987297590262e+01 4.235387951470572432e+01 4.624913433349579606e+01 4.916980572357885393e+01 2.984594788436264423e+01 4.024299623711748097e+01 2.147697096604822065e+01 2.716821086276276986e+01 4.011279508368443203e+01 6.056240146753115283e+01 6.675568347892773602e+01 7.376182837344748577e+01 8.204966221969488060e+01 7.924138938298496271e+01 5.922809472352624027e+01 4.791931221851828582e+01 6.182029564844430070e+01 8.184948136769664018e+01 8.164616851312221968e+01 6.195072431668873492e+01 4.832036584549199887e+01 6.771938636334289185e+01 7.838928531117811360e+01 5.880906032163202468e+01 4.525898469225601417e+01 6.454397544391183317e+01 7.980078261985315180e+01 8.828034292401832772e+01 7.155929844342547597e+01 8.828034292401832772e+01 9.839406743245403675e+01 8.831349983381380753e+01 6.975612420651631851e+01 5.032500811075046698e+01 6.394418677438489595e+01 8.378738237883177931e+01 9.389587208721123091e+01
3.356114758720254088e+01 1.902483868064412320e+01 3.673445365853002897e+01 3.982356197558562627e+01 3.586682972881794740e+01 2.083070510009437015e+01 3.904582988368230190e+01 2.713266750060927990e+01 4.674052284090532794e+01 5.792021657014129943e+01 4.699897885792922381e+01 5.394545811388260859e+01 7.376182837343345966e+01 8.756278469895272565e+01 7.193292466421659981e+01 5.201640462229757134e+01 6.605226755298519947e+01 8.613008681781744258e+01 8.560312991164377650e+01 6.581831969204958455e+01 5.214430510132162766e+01 7.161315644087976295e+01 7.884028047220664348e+01 5.924525487129290013e+01 4.819434226622385609e+01 6.752708204161102401e+01 8.051108433708995449e+01 9.188532205027459554e+01 9.139059547871501366e+01 9.981615638522326606e+01 8.991386912397172182e+01 6.988184985973244068e+01 6.015425959907202724e+01 5.292947719872878309e+01 7.243547972209071872e+01 7.837456956397687691e+01 9.857831277594642927e+01
1.827325055122597064e+01 1.858659010257069966e+01 3.549351288505273061e+01 1.971022217892177153e+01 2.017879687350487927e+01 3.955268801373799192e+01 4.813539221635990373e+01 4.674052284090457476e+01 3.342222293589519921e+01 3.819753989371100289e+01 4.956007863297721627e+01 6.934037737144959124e+01 6.791773466068855214e+01 8.787071867456950258e+01 7.665378515301891582e+01 5.662487036501233462e+01 7.076596614697157861e+01 9.086823765021648569e+01 8.733759193999691206e+01 6.749847648138081979e+01 5.631442197184956200e+01 7.588347328948090365e+01 8.713281328719574503e+01 7.574769653193440888e+01 5.924525486990188483e+01 5.287419131936155736e+01 6.398049611925947744e+01 8.362812395985125136e+01 9.342023638671328456e+01 1.034279657945819935e+02 9.839416159214783875e+01 8.831349983381380753e+01 7.662325597797367038e+01 5.698084421361333085e+01 5.867683696223183887e+01 7.248944958895513935e+01 9.258250602387690265e+01
