LEM/sinusoidal_perturbations/elevation_000268.asc
nrows	100
cellsize	150.0
xllcorner	0
ncols	100
yllcorner	0
NODATA_value	-9999
[rows 68 to 84 of 100, columns 0 to 36 of 100]
5.009162696260268353e-03 2.000500916269590590e+01 3.656242948936104398e+01 2.830916441079536128e+01 1.315994894144595584e+01 1.733023722258880639e+01 2.627450917579013634e+01 3.782151595027977464e+01 5.782150481249747997e+01 6.740867913480211371e+01 7.895563143598197087e+01 8.517956360325436549e+01 6.969520526348671297e+01 5.104380102076240888e+01 4.073681760792837281e+01 3.676559761541284388e+01 4.850535600032712580e+01 3.982274316847580309e+01 3.819622665923581906e+01 1.960328082038749997e+01 2.157293230272452433e+01 4.888871198334287271e+01 4.961189014450857115e+01 6.254948500234534237e+01 7.135469296046174748e+01 8.105119166248275064e+01 9.344967422135005108e+01 8.517143567453898356e+01 8.775927245317309655e+01 9.604083765700050890e+01 8.395853620373006265e+01 6.384883319165253823e+01 6.534619674350733476e+01 7.960229623580282521e+01 8.165050641207416504e+01 6.567624020894272974e+01 4.584194168565323935e+01
4.695337527364121070e-03 2.000469533752700713e+01 3.829189689872972480e+01 4.144335430821780619e+01 3.315994750726217433e+01 2.315994901154884644e+01 2.463320466061016134e+01 3.018020663702938222e+01 3.912447906329305880e+01 5.067149021383526986e+01 7.067145753233988614e+01 7.734414475663183453e+01 5.860814592500346265e+01 4.791054677095795711e+01 5.892681200318524048e+01 5.475374066052843602e+01 5.774206240977811433e+01 3.721124726972491459e+01 2.023946990576445870e+01 3.550962262716226547e+01 3.885372493080102885e+01 5.755365577028634760e+01 7.233965565333764403e+01 7.272329787031367232e+01 8.068401325784567746e+01 8.895546635420841142e+01 8.070873751255595607e+01 6.524163973310223241e+01 6.782692044638075402e+01 8.775927245317309655e+01 9.234711555877807143e+01 7.803206432888228505e+01 8.546904754407120208e+01 9.069003311087115549e+01 7.325485381328935830e+01 5.320372693353736082e+01 6.567622545498066700e+01
7.614146464036155443e-03 1.000761414646549774e+01 2.414974977801434974e+01 4.414975228635797322e+01 5.071923350903500705e+01 3.071923867916404660e+01 4.463320183368142580e+01 5.018020270553272155e+01 4.172721383693100705e+01 5.327422671029825096e+01 7.327417681423905549e+01 7.837312059396874986e+01 5.964261827988146791e+01 6.104184466887375038e+01 7.433182776090716004e+01 6.278266958267952447e+01 5.129324599176786847e+01 4.053512738853444120e+01 2.068949144705594279e+01 4.021505872538938320e+01 4.762189445544468924e+01 5.606026543271232043e+01 6.985220035717271969e+01 5.338442859655059181e+01 6.985220035717271969e+01 8.070882160127105465e+01 6.076850385310870450e+01 5.371015455381076009e+01 6.295007173300410841e+01 7.705172392048979191e+01 9.700008435272194163e+01 9.826630498101033595e+01 9.398122354921258648e+01 7.370657086575457129e+01 6.210453977276396387e+01 7.325485381328935830e+01 7.831672541554563338e+01
2.352828262072654761e-03 2.000235282826171712e+01 3.736037352315728555e+01 4.564460008705663085e+01 5.564457539549548670e+01 5.071923350903500705e+01 4.486137849825166057e+01 6.486134652248333055e+01 6.172720023794978061e+01 7.001140064359832138e+01 8.155834260481766762e+01 8.621564786499051536e+01 7.289628086823935860e+01 7.976903180212880784e+01 6.922452285505482905e+01 5.453488855798077850e+01 3.489670637867107672e+01 2.452926193100385177e+01 2.113863843436252310e+01 4.107182310250027513e+01 2.375389087019881629e+01 4.712478313494253257e+01 5.129572187213407375e+01 4.211306245301541651e+01 6.170679516100025097e+01 6.822693974809072870e+01 5.995919143773156179e+01 4.665975051983325983e+01 6.076853854756314632e+01 8.071231626469047171e+01 7.990056315568270406e+01 8.816852705047521965e+01 1.024068888731661815e+02 9.069003311087115549e+01 7.370657086575457129e+01 9.069003311087115549e+01 7.831672830773845817e+01
6.786455232800275850e-03 2.000678604147687523e+01 1.736037398631646056e+01 2.736037398631495066e+01 4.150250960691318625e+01 6.150250645497074942e+01 6.486134652248333055e+01 7.314552850596965072e+01 7.657211667253140774e+01 7.185724220937474627e+01 8.014249760222365637e+01 8.859649640762394540e+01 9.159538133876858979e+01 7.674909745606379374e+01 6.096536850667378360e+01 4.114529364703605552e+01 3.002585110963633852e+01 4.317347120574854102e+01 3.444729961072145130e+01 2.177328958984813667e+01 2.222140344206582441e+01 3.605708273354816384e+01 3.170968361369718380e+01 5.129947229617990700e+01 6.235922363180925743e+01 5.409974698756177958e+01 4.008736980271412875e+01 5.995983016976839508e+01 7.408629503684129247e+01 6.583161299418918588e+01 6.000406302894744215e+01 7.990056315568268985e+01 8.705417004532860403e+01 9.129563385395495345e+01 9.398122354921258648e+01 1.024068888731542444e+02 9.864356686239405292e+01
3.257643153035955173e-03 6.669924309819673880e+00 2.666992442597210911e+01 4.027445541507596971e+01 4.045360090339303838e+01 4.874486329297495502e+01 6.336372982032427359e+01 6.922238120510584736e+01 5.656901418566713602e+01 5.185434759510238223e+01 6.030856561925289583e+01 8.014249760222315899e+01 8.826175129488257198e+01 6.848208813839254105e+01 4.859471731786779714e+01 3.721553469940707970e+01 4.952224157460388909e+01 4.814258756477110524e+01 2.847769712427935218e+01 4.166422658281486946e+01 4.145839025928519561e+01 2.284972172783964339e+01 4.232198194057559704e+01 5.133640847219677283e+01 4.882263307078493852e+01 3.435463425889822275e+01 5.409974698756180800e+01 6.822691530178028074e+01 6.583160976082984917e+01 4.583087245593980441e+01 6.583161299418918588e+01 8.125304114931354604e+01 6.717370491512406261e+01 7.140140515656646869e+01 8.549097409952555893e+01 9.684945314426367702e+01 1.051428097284126011e+02
1.880098487986705483e-03 2.000188009848763215e+01 2.418461454026257940e+01 2.044956150406986595e+01 2.045903414618189942e+01 4.046105093485086002e+01 4.336168395309958612e+01 4.922014755000534336e+01 4.242580243523875083e+01 4.030678526587541199e+01 5.185434759510238223e+01 7.185724220937474627e+01 7.998465633017464427e+01 6.006162380448237315e+01 4.859471731786779714e+01 4.705902800650520845e+01 5.560050268607896840e+01 3.587075437154353352e+01 4.814336617857816236e+01 5.630636674416487608e+01 3.918236757143745308e+01 4.172852455225540780e+01 2.347361638736350997e+01 4.327241547569475699e+01 2.914866320600576444e+01 4.882263307078493852e+01 6.235922363186973172e+01 6.325228828091175615e+01 5.498439039528112460e+01 3.911670176161719326e+01 5.916469909144256434e+01 6.748256652516556642e+01 5.311557812359075825e+01 5.737970972960712146e+01 7.722828983555550053e+01 7.692820837107389309e+01 9.099693295723098174e+01
2.900726248362994839e-03 2.088044866819106726e+00 4.184614540262934668e+00 6.316621703819047973e+00 2.631686674835631123e+01 3.657036937165499779e+01 2.921909208026398375e+01 4.380820607297863489e+01 3.087861189922467986e+01 4.502113014810554148e+01 6.502332006711264967e+01 7.088707994472642326e+01 7.917234761628859019e+01 7.674909745606379374e+01 6.848208813839255527e+01 5.852156907579620082e+01 6.132555289452461267e+01 4.149339722070318004e+01 6.132555289452461267e+01 6.761244355799502159e+01 5.922781216643367230e+01 5.127633655520835987e+01 4.327326586364415562e+01 2.409217007502294905e+01 3.362263029670590697e+01 5.098497289733642646e+01 5.930697459599755206e+01 5.104559101702075452e+01 3.509437888124026728e+01 5.498440263998143251e+01 4.392195642847232762e+01 4.751657857990171863e+01 6.165965392784785593e+01 7.722828983541859316e+01 6.438932716844983872e+01 7.324702091089542932e+01 8.471734594032341192e+01
5.081304048347549951e-03 2.000508130404799090e+01 2.418461454026257940e+01 2.631686674835631123e+01 9.498850840521996020e+00 1.656991878106097360e+01 3.657036937165499779e+01 2.380753946947269739e+01 4.380820607297863489e+01 5.916486756957738180e+01 5.823623593268153087e+01 5.088433924394420416e+01 6.502820228926076140e+01 8.503166184083637802e+01 8.671806375150613633e+01 7.844260720098890260e+01 6.958840691208797580e+01 5.031221231184136400e+01 5.766813445728900689e+01 7.759919871607057473e+01 6.328960159942224806e+01 5.501285567075733951e+01 4.663900497920444366e+01 2.723810842327501192e+01 2.471617724036508434e+01 4.446845477635576316e+01 4.736283406649636163e+01 3.144711891727706288e+01 5.104559101702075452e+01 6.325237111379666288e+01 5.812388509086132871e+01 6.748256652516556642e+01 7.573483063146130689e+01 8.981000673577516125e+01 7.583247037741126917e+01 8.425015168246285668e+01 1.014403790802378609e+02
4.469920835086939326e-03 1.155147530462750183e+01 3.155147530462714656e+01 3.778397634938068705e+01 2.364104200594099581e+01 1.295432454284810575e+01 1.731868234788503358e+01 3.731913295301202282e+01 4.389332607030951294e+01 4.754495387944178475e+01 3.823467869838738409e+01 5.736291164589195546e+01 6.313696874204139675e+01 6.980454622236887019e+01 7.808999402945360657e+01 8.809171676826514386e+01 7.023553259075463018e+01 6.439572306551575309e+01 7.759919871607057473e+01 6.933124546629099427e+01 5.501285796821627372e+01 3.515868470575983196e+01 3.160911244493977890e+01 4.663900401701183540e+01 4.447093633115602529e+01 2.533717478464345163e+01 2.793138891220093001e+01 4.724983636364776629e+01 5.044495543107126423e+01 7.055859791507602097e+01 7.802588244875937562e+01 7.733821236576169156e+01 8.560155840809416361e+01 9.128157989257225324e+01 9.574891818612474026e+01 1.040408992900878928e+02 1.125017607872427021e+02
2.324776005098761877e-03 2.000232477600474468e+01 3.983574655208839488e+01 5.192691069224555633e+01 4.123956894087042002e+01 3.295467681819200578e+01 1.726763547125003129e+01 2.051206389464669400e+01 2.389268091704206398e+01 2.754416465269260783e+01 3.201630081699526187e+01 3.736152824091647773e+01 4.313504822937250083e+01 4.980181378138640014e+01 5.980257287961975976e+01 7.980651956511812273e+01 9.018109489134201340e+01 8.433407994826210086e+01 7.717140395263554353e+01 6.106452147250998053e+01 4.099342427125289845e+01 5.501285796821627372e+01 3.789586973245720003e+01 5.783993203767747104e+01 5.277151799129897114e+01 4.173236488485008522e+01 2.596492499417987432e+01 2.760990188672224122e+01 5.281139911196240178e+01 6.606099865294966378e+01 7.309691301717234069e+01 5.744453829516645271e+01 7.137040265919434034e+01 7.137040265950489015e+01 8.666608901166640067e+01 9.662495123180782741e+01 1.139239867512517890e+02
8.699724428260374037e-03 2.000869972442790612e+01 3.299347157223725446e+01 4.127774281969945491e+01 5.127774281970253867e+01 4.555305497692853578e+01 2.881467435504677965e+01 3.465433675831057769e+01 3.543975217241384001e+01 4.754495387944178475e+01 4.615879165651293192e+01 4.834681034332572835e+01 6.313696874204139675e+01 6.980454622236887019e+01 7.808999402945360657e+01 8.809171676826514386e+01 9.863500348399215056e+01 8.713008080815359335e+01 6.891294636742443913e+01 4.890331052235639930e+01 4.922623017387262934e+01 6.611219454784270511e+01 4.677212218918006670e+01 6.611219458037368213e+01 6.196491956468041451e+01 4.256063154395508974e+01 4.568826581686288790e+01 2.659065749037874582e+01 3.794693810193291483e+01 5.775343675087008677e+01 5.320379345199579291e+01 4.596251470769537661e+01 5.147566164076032891e+01 5.851189537967340470e+01 6.845703519674981408e+01 8.834887242179435418e+01 1.058135354733473861e+02
2.249585233037712084e-03 6.326804905569823667e+00 1.299347157223654925e+01 2.299347157223672511e+01 4.299347157223743210e+01 5.710082943013536294e+01 4.881565776712984928e+01 5.465569857205153426e+01 5.544112276760400704e+01 6.372640149906645490e+01 6.616104860302868929e+01 6.834919913990883344e+01 7.663446728739791070e+01 7.785951890596399494e+01 8.004850530171525236e+01 8.833634527363734890e+01 9.035064441524413326e+01 7.045381339801198806e+01 5.896268906342411498e+01 6.308361899884571500e+01 5.823057215499196815e+01 7.505650026327910496e+01 6.095793612622326663e+01 7.505650027904637511e+01 7.021896763738826053e+01 5.766075330203167226e+01 4.208430860785121297e+01 2.703122244612021063e+01 4.634115583491973211e+01 5.311344590384966580e+01 3.914347935834999959e+01 5.320379345199579291e+01 7.137040265919434034e+01 7.840295380927210545e+01 8.666608901166640067e+01 9.662495123180782741e+01 1.036926105065290500e+02
2.739267172789772273e-04 2.000027392671692539e+01 3.299347157223725446e+01 4.127774281969945491e+01 5.127774281970215497e+01 5.899676897135639564e+01 6.697273371108016704e+01 6.023853552375145171e+01 5.194999805791757552e+01 5.717357502797369051e+01 6.003190579342326316e+01 6.301472625850183107e+01 6.630448295168093864e+01 5.784560954986073256e+01 6.003500150854841877e+01 7.283530883980841963e+01 8.112385419262319886e+01 8.713008080815359335e+01 7.303242393852988812e+01 8.298618756015962106e+01 6.972372845834861721e+01 8.639761195606548938e+01 8.088356345562395688e+01 8.076566381461556432e+01 7.249691233841747362e+01 5.381488016728403778e+01 3.363255844562250729e+01 2.747123683934571048e+01 3.118478429019571152e+01 3.332936081200987388e+01 5.316603408996151359e+01 6.728058320100635115e+01 8.135737295001683833e+01 8.537509563349627228e+01 9.367288085342860882e+01 9.680093219856084374e+01 8.869551856793066236e+01
8.327778614586212741e-03 1.415046340234566102e+01 3.415046340234636801e+01 5.196319577109245103e+01 4.379566646341677227e+01 3.996827917236214489e+01 5.477842235247239699e+01 4.636652427939333876e+01 3.194402343677780820e+01 3.716611051228749574e+01 4.002359043527592775e+01 4.300535828472206390e+01 4.629367420461312577e+01 4.369743598112150806e+01 6.017665144518052500e+01 5.282021409642993603e+01 6.697342029688145715e+01 8.698715966126208343e+01 9.293995118178943926e+01 9.790088997561271356e+01 8.961758490546010592e+01 9.314875094950345158e+01 8.487273878660376170e+01 7.249691233843013549e+01 5.255587984490910003e+01 5.254075290199290293e+01 3.285602822502219311e+01 4.717109790591474905e+01 2.810430019501153609e+01 4.779006563399472896e+01 5.619549713780621403e+01 6.418807087086268837e+01 7.103764619469443176e+01 6.509888018730413251e+01 8.537509563349627228e+01 8.868758346074945109e+01 6.909235645222690891e+01
6.510866554257996840e-03 2.000651086655390287e+01 3.024419725185709851e+01 3.337013919648435234e+01 2.409314204872521969e+01 4.379566646341264402e+01 4.436943612684579108e+01 2.780763864777182803e+01 2.039621771433954933e+01 2.302243444793209903e+01 2.587978642072909707e+01 2.886159149755427578e+01 3.215009264276442025e+01 3.599933911683798726e+01 4.016890018971005105e+01 6.017665144518052500e+01 7.352004070101827438e+01 8.019270841508679837e+01 8.848020134355439836e+01 9.848540221218365787e+01 9.655304019913351965e+01 8.487273878660376170e+01 6.494203773055342310e+01 7.077960491606867777e+01 5.839647303838471259e+01 3.853875315156872716e+01 5.240735642474245992e+01 4.477142467113035451e+01 2.855904350443141482e+01 4.578341212894687118e+01 3.955672807788306500e+01 5.616085592444321861e+01 4.961525668826151048e+01 6.244213071561976847e+01 8.278084493328610449e+01 8.844029911764954477e+01 6.907782765343125675e+01
8.953482861371391335e-03 1.960753628758435507e+00 2.196069972459690689e+01 1.344708517553383409e+01 2.892797198024983629e+01 3.113922333891000349e+01 3.340691998357733183e+01 1.680406124487161179e+01 3.681817566682811815e+01 3.118798232196462550e+01 4.588389032355835440e+01 3.780619313082733157e+01 5.215470438960218758e+01 4.754648441326327912e+01 6.017665144518048237e+01 4.772703527131515955e+01 5.350207650770919088e+01 6.017470527288129745e+01 7.018642068681819524e+01 9.019899614335544413e+01 8.827405198064101910e+01 6.835102079354088289e+01 5.838227307147418088e+01 5.082977952672819555e+01 4.550365419424370117e+01 5.839647303838469128e+01 5.400014800497580580e+01 3.433666532596213017e+01 4.823040311637735300e+01 2.920921996819707900e+01 4.885544500671345958e+01 3.860493066928609096e+01 6.145713947333555893e+01 7.938588052036369902e+01 9.108352309317848494e+01 8.618494326525549809e+01 6.626320943865414392e+01
