LEM/sinusoidal_perturbations/elevation_000383.asc
nrows	100
cellsize	150.0
xllcorner	0
ncols	100
yllcorner	0
NODATA_value	-9999
[rows 68 to 84 of 100, columns 37 to 73 of 100]
4.363981627238253935e+01 2.420473158235949995e+01 4.363981908117835218e+01 5.632846791719951085e+01 6.551332649227930460e+01 7.768539352498660833e+01 7.017914784221350999e+01 5.192682049257058452e+01 6.504774304642367611e+01 8.340909226861111847e+01 7.968777809046302707e+01 6.559403459001806880e+01 5.901618460495171092e+01 3.874971719231155021e+01 5.315080881458731454e+01 7.317646600589687012e+01 6.968653813090622862e+01 4.969116742045746804e+01 6.968654575466734968e+01 8.365105134406816489e+01 8.935997543825413914e+01 8.138663664785798346e+01 7.501355115577098331e+01 5.568196331395740373e+01 6.742964022537117330e+01 6.480276591755556126e+01 4.718010299529538543e+01 4.919718737138347109e+01 6.909150152818563129e+01 7.389464955019170134e+01 7.591749167623542860e+01 5.996173076428272708e+01 6.250437111301495463e+01 6.500153090371786391e+01 8.453150097921626127e+01 9.216637417114446862e+01 7.708057168628477029e+01
5.189673472574308022e+01 3.525915427532113711e+01 2.824721993517417573e+01 3.683297768934718874e+01 4.841339458960187159e+01 6.913289943838270801e+01 7.646123779369342799e+01 5.890724409306239551e+01 6.706736856803941293e+01 8.560970727219495302e+01 9.378152159057809456e+01 7.594816192041180614e+01 5.596109501242453632e+01 4.163139077850372871e+01 5.596109501457839741e+01 7.594816457423488032e+01 7.780050797454751432e+01 5.984174027773012483e+01 5.601198962323189789e+01 6.996148063328215017e+01 8.871873521313725064e+01 9.453750510006125296e+01 7.501355115577098331e+01 6.220943417692509314e+01 8.141155408987749809e+01 7.526309422857539744e+01 6.715919218097174337e+01 5.180035794558394713e+01 5.214700418359534950e+01 5.423895409421528768e+01 5.633755375983098901e+01 5.984215032369912990e+01 7.938009771230936451e+01 8.453151482400335226e+01 9.277732097598477878e+01 1.033014573006641541e+02 9.730283682590734884e+01
6.337496734748771843e+01 5.508802010658148163e+01 3.788525821855414932e+01 3.290003244781311764e+01 5.314875989642531096e+01 6.781058024684328700e+01 7.957643007998461826e+01 6.714926248598207792e+01 8.285648401708688482e+01 9.349122289667386099e+01 9.177846240875463479e+01 7.210925477506324910e+01 6.476432618831897514e+01 4.454593941648859357e+01 6.476432618831897514e+01 7.830640565824577948e+01 8.762263126197220231e+01 7.381811728680314388e+01 7.578369226871994613e+01 6.313632012078235789e+01 7.447388336226583760e+01 9.392773711187702190e+01 8.961145723289084231e+01 7.068923869396138571e+01 8.961145723289084231e+01 8.852067263110723161e+01 6.898200318382528451e+01 5.507428573588675391e+01 7.189891604283111803e+01 7.389464955019170134e+01 6.960374609401482360e+01 7.930082887611274600e+01 6.492879060155136983e+01 7.077209974598903841e+01 7.698341211368312997e+01 8.359717390825926486e+01 1.033014639027307169e+02
7.305049246831869425e+01 6.641539424258205315e+01 5.210234694480221407e+01 4.282611566243304679e+01 3.819340122166018858e+01 5.049921679070095593e+01 7.280345361428882711e+01 8.262955197303601551e+01 8.068325371235400212e+01 9.478624396392137896e+01 8.605780774084144014e+01 6.633157496115845220e+01 5.199433942394127683e+01 6.476432618831897514e+01 4.997647849711073320e+01 7.015808828366549221e+01 8.416488424684430925e+01 9.332431810615452150e+01 8.832057489315302234e+01 6.884457944912986704e+01 8.832057489315302234e+01 1.020206520882471182e+02 9.836251584460322306e+01 8.171968817024719556e+01 9.577712852118315823e+01 7.612849713084837333e+01 6.229453312922747443e+01 7.473152020817428820e+01 6.134044784894248181e+01 8.092456035556642746e+01 8.742562511359393795e+01 9.210828420004352779e+01 8.454334939079140554e+01 7.202375553418318077e+01 9.174425947643750590e+01 1.033014639027307169e+02 9.609585993099213397e+01
8.134978635086677912e+01 8.072844154036172881e+01 6.347140413041756801e+01 6.347140413041756801e+01 5.017414091885895999e+01 4.484909264889712688e+01 6.669975966012155766e+01 8.333159834772992269e+01 8.765579097338250847e+01 9.986659603753035697e+01 9.177846240875511796e+01 7.210925477506327752e+01 5.926039920450707399e+01 7.830640565789146024e+01 7.015808828366546379e+01 5.606860795316281809e+01 6.774443189551620037e+01 8.739655436513358211e+01 9.640522732899327707e+01 7.859991908148795403e+01 8.262524383096946679e+01 1.020703203856813133e+02 1.098443685153228699e+02 1.015407660619575978e+02 9.025809765280345687e+01 7.061797640136214227e+01 8.188352181256674100e+01 8.713018011926125439e+01 6.750628737302982074e+01 7.110327177391076248e+01 8.498503481327546183e+01 1.046536845255646000e+02 9.798683305108761488e+01 7.824608289839063957e+01 8.813280054261944940e+01 1.078134089628894685e+02 1.157005733729206725e+02
7.307433676330344952e+01 8.137784025229187534e+01 8.401835255968006777e+01 7.997800526263513632e+01 7.137570338832718164e+01 6.006053230879612670e+01 5.274859434170919315e+01 6.029842766247535479e+01 7.286977785978227473e+01 9.770013010992599334e+01 9.152515611371008220e+01 7.193701393501063990e+01 7.340275071780985172e+01 8.302692329739537058e+01 6.329432472568876022e+01 7.605039616715247064e+01 8.416488424684430925e+01 9.549332063839744933e+01 1.061432737660242083e+02 9.234323743412382157e+01 1.020703203856813133e+02 1.101852108270171016e+02 1.122946936869811623e+02 1.099251574773387858e+02 9.025809765280347108e+01 7.802197443048822834e+01 9.769307469948731182e+01 9.408678014257728250e+01 7.441054394062017252e+01 9.074584893722210666e+01 8.498503481327546183e+01 1.046536845255646000e+02 1.049467675252615777e+02 8.526110283681406088e+01 1.049467675252615777e+02 1.159719516944848152e+02 1.183632354158403075e+02
5.302293564317134411e+01 7.135286758778846661e+01 7.638507141344851448e+01 8.468834888084765566e+01 8.924969736004500476e+01 7.423088896568690132e+01 6.643525405697302233e+01 8.498893683095951701e+01 9.419142452865968096e+01 1.071604393217087647e+02 9.962612401191334754e+01 8.582067201592901995e+01 9.297908825115318621e+01 8.955173420477251511e+01 6.997730148264116679e+01 7.585304324491271188e+01 8.967247008976649170e+01 1.091299825395334864e+02 1.109223576660740065e+02 1.117974033372388902e+02 1.064098443463681747e+02 9.827991048498496696e+01 9.247479720899937661e+01 1.064098443463682031e+02 1.058503641662857575e+02 8.938745226550132372e+01 1.058503641662857575e+02 1.022482475827181077e+02 8.425123577084065118e+01 1.022482475827181077e+02 1.046536845255646000e+02 1.128276055373823965e+02 1.130934264335469948e+02 9.666343933002275435e+01 1.130933719088740474e+02 1.151125022308707884e+02 9.857954259914779982e+01
4.300563385580603182e+01 6.220587656790196718e+01 5.633266175934583231e+01 7.638507141344851448e+01 8.950289522121687469e+01 9.469138281609203034e+01 9.233783135627064098e+01 1.022432463215053247e+02 1.046929699424123896e+02 9.643555656795321340e+01 1.046929699424123896e+02 1.052969989889146518e+02 1.033093943292490593e+02 8.385312479469473601e+01 8.132805155240815509e+01 9.537144354128166412e+01 1.034743704894090826e+02 1.050393440629096489e+02 9.109639459923334925e+01 1.050393404295768107e+02 9.492046014571693036e+01 7.826671559600860917e+01 7.826671559600860917e+01 9.247479720899937661e+01 1.122946936869811623e+02 1.090387659385544907e+02 1.172080933139057777e+02 1.120911401805708323e+02 1.039223245143139280e+02 1.120911401805708323e+02 1.097015390991164168e+02 1.179345454940927738e+02 1.244284536112760833e+02 1.162620061152126283e+02 1.135243759764322675e+02 1.053417588145111239e+02 8.696614312832436156e+01
3.715984479090720782e+01 4.215941145888785258e+01 5.112052544878143578e+01 6.114790416277384111e+01 8.120032386099359201e+01 9.885777336023562611e+01 8.906994540181034381e+01 9.885777336023562611e+01 9.485592895624081677e+01 7.686961638988468337e+01 9.382800342227736223e+01 1.020706571758695418e+02 1.114318418283898637e+02 1.033093943292490593e+02 1.007854936205634857e+02 1.088977763140183015e+02 1.116117647263867951e+02 9.690328473484208871e+01 7.695137023411723476e+01 8.538404153550237652e+01 8.672528700333496943e+01 6.694021527190795950e+01 8.672528702849004389e+01 9.667909648826407931e+01 1.081237662697937907e+02 1.122805888334529669e+02 1.170328632652249894e+02 1.134811657353015448e+02 1.106781701090896348e+02 1.024394667738993974e+02 8.977411963656930993e+01 1.064380997790244550e+02 1.174369756964929934e+02 1.193404571180769835e+02 9.954330817580763835e+01 8.536042713283077887e+01 7.933079646192439327e+01
5.272378131742711815e+01 6.220587656790196718e+01 5.633266175934583231e+01 7.638507141344851448e+01 8.950289522121687469e+01 9.083745916500902240e+01 7.187509277538156027e+01 9.083745916500902240e+01 8.665258647891887733e+01 6.716502029742410684e+01 7.427330778312308723e+01 9.072243692367224810e+01 1.020706574472369965e+02 1.092600030877147930e+02 1.009774294264803132e+02 1.092600030880194737e+02 1.035187727980675021e+02 8.354174540705567154e+01 7.357618267683780289e+01 6.572574086359136913e+01 7.795390227176420694e+01 6.180096757816352948e+01 6.879981732464297295e+01 8.009016503039633506e+01 1.000050910125931125e+02 9.237655240856756222e+01 9.713826039844632021e+01 9.358359338133395511e+01 9.358359338133395511e+01 8.253384684407527061e+01 7.830033960676894367e+01 8.929863236970736295e+01 1.067521611671802191e+02 1.130112367270464233e+02 1.030321981434118044e+02 9.270445569294490440e+01 7.263385695031767852e+01
4.208879602205666259e+01 6.238523915839341072e+01 7.638507141344851448e+01 8.468834888084765566e+01 9.632696931030805843e+01 7.669776464286240980e+01 6.412906964624873751e+01 8.332653608929460631e+01 7.928697879689779882e+01 5.977346361191902702e+01 6.302685283933806915e+01 7.427330778312308723e+01 9.382800342258281034e+01 9.939009080318238887e+01 8.134367546501242430e+01 9.939009080380733963e+01 1.116117647263867951e+02 1.016875142220415285e+02 8.936216984862859647e+01 6.961970155339918165e+01 5.876641958768620100e+01 5.699069317013745462e+01 7.604315795764128438e+01 9.128716553905471187e+01 9.496953239944252800e+01 7.833477765050513142e+01 8.308546616248797534e+01 9.358359338133395511e+01 7.375142578762076084e+01 7.113430679991300565e+01 6.950221981836955365e+01 7.865572085310569150e+01 9.851269545188495158e+01 1.048013059497735071e+02 8.478625331820528288e+01 7.471498957939915897e+01 6.764646958348107830e+01
6.238523915839341072e+01 5.378910627165934244e+01 6.577329304191680137e+01 8.743768299337496330e+01 9.091483898375626893e+01 7.669776464286240980e+01 5.737857485871435870e+01 7.669776464286240980e+01 7.278247373527536013e+01 5.317625948004830150e+01 6.706133900650597468e+01 8.659451478898004950e+01 8.957341911506604504e+01 8.139245138522409206e+01 7.162435032470177987e+01 9.116055244574631899e+01 9.826497204979705202e+01 8.976680350602025271e+01 9.753249545988903435e+01 8.613011890514384561e+01 7.188556928839435045e+01 5.309058704489154934e+01 6.366607714375065541e+01 8.311360436418432585e+01 8.673347532388720538e+01 6.696134855266643626e+01 7.741280537828036756e+01 8.563347111718390181e+01 8.104062927447110098e+01 6.132504778896917230e+01 6.257225499399574176e+01 7.391510691391293619e+01 9.375289707273790896e+01 1.130112367270464233e+02 1.030321981434118044e+02 9.479377963398947315e+01 8.233669891740572666e+01
6.588726215618751780e+01 7.457196228667544347e+01 8.314514268466241731e+01 9.548958790549957598e+01 8.268459608404624817e+01 6.299765739105351514e+01 5.201214145814486045e+01 7.142154957834549123e+01 6.850404702496194886e+01 4.883716849444657271e+01 6.850404702496194886e+01 6.880368343153844535e+01 7.342304324394375215e+01 6.187146788710097667e+01 8.139245138522409206e+01 9.183906715926374886e+01 8.337548943398037693e+01 6.957851998640583702e+01 8.656005093539755535e+01 8.563536875297162965e+01 6.911425303317285795e+01 5.039198408122279460e+01 6.911425303317309954e+01 8.563533635209806505e+01 9.141864623111999322e+01 7.161139614459516167e+01 5.767387635304362448e+01 7.020516756544617465e+01 7.008102423663942204e+01 5.535156157492791351e+01 6.521910105221243725e+01 8.497320147882759045e+01 1.019937192902838348e+02 1.082534994546925446e+02 9.670603124455833211e+01 8.844080426697991015e+01 9.060348926220495969e+01
7.400173129008173589e+01 8.514131443667443477e+01 8.134671584851595583e+01 8.929224535560290121e+01 8.072659169573998383e+01 6.094633615702117879e+01 4.691543530752323932e+01 6.673983887070917831e+01 6.448956225554039179e+01 4.484299431628705435e+01 6.259557379279132761e+01 4.919834116640760868e+01 5.385467241627272017e+01 6.769796288058824985e+01 8.724460990254442549e+01 8.337548943398037693e+01 6.329540128531237286e+01 5.811270035305109616e+01 7.756723422228969866e+01 7.749177470667515877e+01 5.834868194829264354e+01 4.769318526993210128e+01 5.834868194829126509e+01 7.749177359365432949e+01 8.476227616489981642e+01 8.563346347587241780e+01 7.020516756544522252e+01 5.035670710251312698e+01 5.022979781034563018e+01 6.020638598505486527e+01 7.414886182520054092e+01 8.497314237920171820e+01 1.048458757202846385e+02 1.000147410218119575e+02 7.996809451885395958e+01 6.838975090943969803e+01 7.686432321346842400e+01
7.153901356588586680e+01 6.610216055051532180e+01 6.544521059905001437e+01 8.210117038802235356e+01 7.659303334868717172e+01 5.673637482899332696e+01 4.269776005340899161e+01 6.255225545770603901e+01 6.063655328257331689e+01 4.114578553322806442e+01 4.307058345015983036e+01 6.259557379279132761e+01 7.342304324394375215e+01 8.156706359327527878e+01 7.450977981359226021e+01 7.888369765322228488e+01 6.917672293723360610e+01 4.915020450306862898e+01 6.917672293723360610e+01 7.747176824361621073e+01 5.832690508162497878e+01 4.508277096556975039e+01 6.046339047360359586e+01 6.845544793590522659e+01 6.536593913609986828e+01 8.476223307324133316e+01 6.552683994836684178e+01 4.552940413053480029e+01 6.552684055775534944e+01 7.828982527779790246e+01 8.817942979554814542e+01 1.022081841637812687e+02 1.025388470476809601e+02 9.074666439028463572e+01 8.247278193212567032e+01 7.686432321346842400e+01 5.683946068916362293e+01
7.072114189896750247e+01 5.332109268903879951e+01 6.218376617515516358e+01 6.961656612496634011e+01 7.570807299963971104e+01 5.413225043045569151e+01 3.889503440139460366e+01 5.866126740538444295e+01 5.324939431838998871e+01 3.771695005168866288e+01 5.695265169418169648e+01 7.073794795307080108e+01 7.400791977013980727e+01 6.873670939544179248e+01 5.334566838802555111e+01 5.993277683073290518e+01 5.035053215800027004e+01 4.343952963319732419e+01 6.362344335091737690e+01 6.796512930499660854e+01 6.499608593687823088e+01 5.716705957692207107e+01 4.138468516083909066e+01 5.001426614909064483e+01 6.891045617712465798e+01 7.123464109685824042e+01 6.225772318319246779e+01 4.283136954647631711e+01 5.527988038495603718e+01 7.446197811379464326e+01 9.082362112647518870e+01 8.254693791620783827e+01 8.254693791620783827e+01 8.247278193212567032e+01 6.242971235159782850e+01 6.830019151594055415e+01 5.010629592073336624e+01
6.137233697637085328e+01 5.532444864757840008e+01 4.433745143178622783e+01 5.776796820879962269e+01 7.189894316440275190e+01 5.283190804483768233e+01 3.525828025659485121e+01 5.014755781168543081e+01 3.407781868916624290e+01 4.986056228753960795e+01 5.787944242405464479e+01 6.402942413465316918e+01 4.901629448178297821e+01 5.003496218787045535e+01 3.976949232458232331e+01 3.097077216294770707e+01 3.567183891772434379e+01 5.570494771036657511e+01 5.715976601610809382e+01 4.664864292033367121e+01 5.373300081942025486e+01 3.780992773583214728e+01 5.611616521345618480e+01 6.355109786823805962e+01 5.612772645707332231e+01 5.163341796959764451e+01 5.301759931443292118e+01 4.020555620494499749e+01 6.040617915929371406e+01 8.233156280699466834e+01 8.197135285525779125e+01 6.283037500493978911e+01 8.103585614727937525e+01 7.337060507029839584e+01 6.643906104404929636e+01 4.816898744823415512e+01 6.830019151594055415e+01
