LEM/sinusoidal_perturbations/elevation_000917.asc
nrows	100
cellsize	150.0
xllcorner	0
ncols	100
yllcorner	0
NODATA_value	-9999
[rows 51 to 67 of 100, columns 37 to 73 of 100]
9.221199865700960174e+01 9.300216719035994117e+01 1.133183348998381206e+02 1.233821896865019454e+02 1.120405490297235502e+02 9.868269601887197950e+01 7.820162866869041807e+01 9.032133528629648822e+01 8.169806768946283171e+01 1.021009378862031269e+02 9.552434612489342669e+01 9.552434612489342669e+01 8.694049610832999520e+01 1.072501032999174413e+02 1.064229590065761357e+02 9.004677236357908043e+01 6.958497617496759347e+01 9.004677472349364109e+01 1.065623552365977105e+02 1.089813721614978022e+02 9.029504130626266090e+01 6.932208774710481691e+01 7.563317450985493906e+01 7.819880500548259761e+01 6.259511262990013591e+01 8.178698365977268736e+01 8.574116520197156888e+01 7.460741922441648910e+01 8.000581634523877028e+01 9.230937980543023968e+01 1.126969602603039675e+02 1.174244531129567832e+02 9.805610466258504232e+01 1.098765951135981709e+02 8.939673491267798511e+01 9.619885834733048569e+01 1.164693078380222602e+02
7.238173449377259772e+01 8.702973359268324316e+01 1.074208973822436803e+02 1.229522214556535147e+02 1.029428426888949701e+02 8.856193799535741107e+01 9.868269601887161002e+01 1.069857928293842662e+02 9.358164410395268362e+01 1.103899196860657526e+02 1.157197039660626103e+02 1.155380964783908695e+02 1.013681593038455588e+02 1.155380964783908695e+02 9.811832174454794142e+01 7.753983557452907860e+01 7.458744772885599161e+01 9.519988404828326622e+01 1.115111417996369028e+02 1.006820881354517070e+02 7.990799447707375691e+01 9.029504130626266090e+01 9.645883371976857745e+01 8.737377448507052691e+01 6.628443267818676077e+01 8.734242666280221101e+01 1.026531570551015307e+02 8.219403273019730705e+01 1.008247833784697036e+02 9.719168871989923275e+01 1.173370987652353534e+02 1.263818357873276170e+02 1.098718809884335030e+02 1.180766076967157687e+02 9.980026392088548448e+01 1.164693078380222602e+02 1.246243202097965934e+02
8.300919653683563126e+01 9.626001227286330675e+01 1.027297995927588232e+02 1.110593632235634232e+02 1.170621335813773527e+02 1.029428426888949843e+02 1.088034540422442120e+02 1.219859139855670094e+02 1.137385096139464906e+02 1.134871555476504454e+02 1.051842211768774149e+02 1.134871549218563871e+02 1.214503722191901574e+02 1.182583956819660642e+02 9.811831690393901795e+01 8.489855848215900380e+01 9.519988404828326622e+01 8.272921320299633408e+01 1.032480261498459129e+02 1.089813721614978022e+02 9.208704940045295473e+01 1.089813721614978022e+02 1.060427559062322445e+02 8.540766027838022012e+01 7.029060096051412643e+01 9.145154090556508208e+01 1.094653186940002456e+02 1.026878647583520490e+02 9.538273924114200497e+01 1.151793893957773918e+02 1.254476156302694818e+02 1.377720197338476567e+02 1.297071779450135125e+02 1.280722720185123080e+02 1.199529263063108573e+02 1.280722720185123080e+02 1.276659960466115109e+02
6.989398417818151188e+01 7.568196535867809871e+01 8.227053568501273162e+01 9.680335635016486151e+01 1.170374992456634970e+02 1.229522214558546693e+02 1.287701868937899121e+02 1.147182153995500755e+02 1.064220215388839108e+02 1.034648561599975523e+02 8.513981470154250530e+01 1.034648561599953354e+02 1.104799400984137918e+02 1.187737178869438708e+02 1.129808797587382116e+02 9.278733453480373328e+01 1.115110082429355316e+02 1.032480261498459129e+02 9.315272073607117420e+01 1.133433315636206231e+02 1.065831817356343407e+02 1.135632721160112766e+02 9.329569704076753567e+01 8.104129999292651121e+01 7.989780994860441865e+01 7.993760893901385600e+01 9.242661907298719370e+01 1.135111894426397612e+02 1.094948090917705912e+02 1.232278385523507751e+02 1.217385162558867790e+02 1.300517630585104030e+02 1.249372274201215873e+02 1.166342895138519395e+02 1.166342895138519395e+02 1.188205579789670452e+02 1.271279706879845008e+02
9.055268894224813891e+01 9.626001227286330675e+01 1.027297995927588232e+02 9.680335635016486151e+01 1.170374992456634970e+02 1.211955352661331062e+02 1.129070573422837924e+02 1.031578051164765526e+02 8.640110905142471154e+01 9.516201793706096623e+01 7.528182416161989465e+01 9.516201793706096623e+01 9.041023899012139964e+01 1.071943730957615486e+02 1.211879549605582724e+02 1.045733036522229611e+02 1.211879549605582724e+02 1.215516956806749107e+02 1.033861732789181076e+02 1.215516956806749107e+02 1.265220102342765500e+02 1.217374804277010867e+02 1.101261322240063123e+02 9.329569704075611014e+01 9.047826284559300802e+01 9.242460985782575733e+01 1.013380070639732224e+02 1.219529764627524457e+02 1.289271089454782953e+02 1.185392903362250934e+02 1.018520792112012856e+02 1.185392903362250934e+02 1.166342895138519395e+02 9.678430444437395863e+01 9.678430444437395863e+01 9.895234555392245568e+01 1.159652947061943280e+02
9.193886923151565327e+01 1.003128391498773340e+02 1.094131572354937560e+02 1.170374992456634970e+02 1.253153700969619990e+02 1.096151852012237242e+02 9.282958680720525990e+01 9.486294232478856259e+01 7.498990686026633057e+01 8.338923994971339937e+01 6.876023780558139720e+01 8.738343097188987940e+01 7.895806659344158618e+01 9.889269275415638560e+01 1.161619175293001547e+02 1.244658423044891151e+02 1.326503688141385737e+02 1.314867497803991796e+02 1.233004898483231955e+02 1.314867497803991796e+02 1.252940957080245568e+02 1.169624230564452745e+02 1.217373176739235987e+02 1.135632696999769848e+02 1.020361678441028204e+02 1.134890695764328399e+02 1.219203157184086592e+02 1.305666949300281487e+02 1.226669185197319507e+02 1.027686786915506474e+02 9.044463822180560442e+01 1.102570764749150385e+02 1.189350040741878161e+02 1.025982304647722998e+02 8.280575957960064670e+01 1.019235276215883061e+02 9.610723725546027651e+01
7.135475295903465565e+01 8.063542465292286465e+01 9.515371862256111513e+01 1.153994224733841065e+02 1.122254345809361809e+02 1.006738618981948576e+02 8.134023837717282390e+01 9.911047588756785842e+01 8.338923956813943050e+01 6.359695966941718126e+01 6.248719724684051613e+01 6.762515935990761307e+01 7.638393548071687178e+01 8.780404672779714303e+01 1.078635958247446354e+02 1.243297471163640040e+02 1.326682607336746003e+02 1.255190010351648340e+02 1.171873157371731224e+02 1.255190010351648340e+02 1.137201072321689281e+02 9.694372965332559033e+01 1.137201072321689281e+02 1.283202524058751806e+02 1.206500712314121699e+02 1.230480446019875700e+02 1.145047775972416702e+02 1.163402994684914091e+02 1.168097622894873240e+02 9.695267143487089356e+01 8.294754694186516986e+01 9.467673553968251099e+01 1.029237768748340898e+02 9.082383288681656097e+01 7.679308866246518051e+01 8.210257812567277824e+01 1.019235276215883061e+02
7.712651509641881376e+01 9.762681013904591509e+01 1.094131572354937560e+02 1.107098003977470029e+02 1.039281395556277516e+02 8.392997578154722760e+01 7.252657432146760641e+01 8.350249097647447627e+01 7.097779350814730037e+01 5.679699272059159654e+01 7.679181342528409004e+01 8.738343097188987940e+01 9.566694823170143991e+01 1.045848652533948950e+02 1.142499756828144086e+02 1.042769186160545871e+02 1.210775438501815700e+02 1.154947690970855092e+02 9.716619151675399735e+01 1.154947690970855092e+02 1.054046250313295161e+02 8.541911740404721343e+01 1.054046250313295161e+02 1.166710515301486595e+02 1.223803322404357345e+02 1.107004448376460033e+02 9.381568129501596331e+01 9.631460695460582144e+01 1.104976798769585002e+02 1.061233226402875403e+02 8.629725220877719494e+01 7.479723148600308491e+01 8.822697274175726534e+01 9.132878446526460436e+01 7.143212329100828129e+01 8.842507743064982151e+01 9.225220285755933958e+01
9.168171203148779114e+01 1.059745518352577278e+02 1.048369354542894456e+02 9.067522309447836903e+01 9.803882115033842126e+01 9.305765787317811544e+01 8.350249110811088826e+01 6.365998324971161537e+01 5.798609216844052838e+01 5.338731106639720281e+01 7.359007969455312548e+01 8.763673841711214152e+01 9.913297784613828867e+01 1.084056432642857999e+02 9.423443514774501750e+01 9.274231273599936287e+01 1.054852070828006561e+02 9.718010300800848711e+01 8.718345238905337169e+01 1.071767536269635599e+02 9.833868104697616275e+01 7.834558860235554789e+01 8.834491740784335434e+01 1.083521341570652652e+02 1.139698420106159489e+02 9.377056785043961895e+01 8.221968250502830244e+01 8.221330257984016043e+01 1.004976423827428391e+02 1.143943821335730888e+02 1.029237768748340898e+02 8.822697274175726534e+01 6.828125977749675712e+01 8.718004381882094833e+01 6.723891451778952444e+01 6.849741900344282897e+01 7.236587573859506506e+01
1.119795466199510940e+02 1.097433495062410174e+02 9.654321492839969210e+01 7.663153661091038771e+01 7.811416804169726902e+01 7.316056013980680461e+01 7.452044447375436675e+01 8.278628936328460952e+01 7.043493731904722210e+01 5.002223140995069173e+01 5.938615409951911062e+01 7.097305728415932435e+01 9.084893277695552172e+01 1.000968512413525673e+02 8.010203671628416089e+01 9.115489834624204946e+01 8.901600495394528423e+01 7.718222856550464428e+01 9.718010300800848711e+01 1.068696115890979854e+02 9.201631008744561768e+01 7.200307956900051920e+01 9.201631007913418614e+01 9.984780674026004021e+01 1.081581067634477193e+02 1.054495553585281300e+02 9.219664953690319464e+01 7.221675141321769331e+01 9.219664953690319464e+01 1.035184420956644260e+02 1.002397421529075530e+02 8.397453244955468676e+01 6.399582132885396391e+01 7.941749736328613096e+01 6.321999060261828163e+01 8.319181795861589990e+01 9.225220285755933958e+01
1.173908048127124601e+02 1.014435230028984023e+02 8.146259192135683236e+01 7.160173763314502082e+01 6.410324908663315568e+01 5.900749425534385040e+01 5.433428493120406699e+01 6.856787077333741820e+01 6.784252107611759186e+01 4.729190177021881425e+01 6.784252107611759186e+01 7.539404773957950567e+01 9.535152470718243478e+01 1.052987538342509026e+02 8.529632157886361199e+01 7.113776425614007337e+01 6.899140093239876137e+01 8.901600495394528423e+01 9.885880604449134523e+01 9.856183583997921005e+01 7.855866965433008886e+01 6.698355466216570164e+01 8.701300245804982580e+01 7.983818456639403394e+01 9.659654369629626558e+01 9.715801695465093246e+01 7.721351607048929111e+01 6.719935052387464225e+01 7.530689094101417425e+01 8.941266651833930723e+01 9.183812791608526993e+01 7.158447064654305336e+01 5.990463193209603077e+01 5.943470267926733897e+01 6.461096876774318787e+01 7.875219732709034304e+01 9.861954709717922185e+01
1.090964569780900320e+02 1.097433495062410174e+02 9.974459177355876704e+01 9.145305746212763154e+01 8.394996382442862171e+01 7.898828513997975165e+01 6.270031930145567145e+01 4.808473599794014319e+01 6.309352262400651057e+01 4.465854323546080451e+01 5.519301319004850370e+01 7.539404773957950567e+01 8.910402714088317566e+01 9.742982228041698534e+01 9.945525699539179243e+01 8.384567442795554371e+01 6.380728655064876165e+01 7.883607745862877891e+01 7.883607745862877891e+01 8.556335851333261644e+01 8.264221861758564103e+01 6.260833049453929533e+01 7.673454730926505363e+01 6.827152851099040731e+01 8.829524598620724873e+01 1.054495553585281300e+02 9.546660822595049467e+01 8.114588922403770255e+01 6.115477200812756564e+01 7.579357084735308092e+01 8.161448263296314565e+01 7.202598772773377789e+01 5.613744583998972359e+01 7.610992165304398327e+01 8.457120935054433630e+01 7.316563323851872269e+01 9.304988126467098652e+01
1.064700229332167396e+02 1.039156289545839940e+02 9.412939858900539036e+01 8.597969358405549656e+01 8.935283109814471914e+01 9.100695335969460587e+01 7.685348413733576933e+01 6.309352207702337978e+01 4.243397759519099566e+01 4.216186353849946045e+01 6.282717775579021691e+01 7.492102765613012139e+01 6.904623691441462086e+01 8.910402714088317566e+01 1.008587237642538241e+02 9.039590210439821760e+01 7.037369849133854416e+01 5.880276560090852911e+01 7.435649274579722601e+01 6.554443013820659303e+01 7.970467526575397699e+01 7.188022279859886510e+01 5.671965461030377043e+01 6.827152851099040731e+01 8.829524598041338379e+01 1.041888763937011930e+02 9.599677060989897370e+01 8.941266651833930723e+01 7.579357084735308092e+01 5.582489770172400512e+01 7.079372500357131059e+01 5.344442398299231201e+01 7.339048036190389723e+01 6.878621124240935103e+01 8.871226386716486445e+01 9.304988126467098652e+01 8.313534269990911696e+01
1.147783025029863779e+02 9.572339762854414857e+01 7.623598953956670243e+01 6.649342042658581420e+01 6.985225634821648555e+01 8.368398066675187863e+01 7.375070073106377322e+01 5.343163298389659133e+01 3.872915977023960465e+01 4.377842542000829695e+01 4.910247735044857365e+01 5.476043713873662000e+01 6.247049460601773063e+01 7.244477318106562791e+01 9.252779907065578868e+01 9.869772958075675717e+01 8.713449230983741245e+01 6.849152707231914405e+01 5.435774669344397836e+01 5.145769811314769981e+01 6.741781042498692500e+01 5.192370798011689459e+01 6.341877082409008182e+01 8.343878111508874440e+01 9.659654190241492699e+01 9.599677060989897370e+01 7.627141415420030057e+01 8.204883729875268727e+01 8.404421706824653882e+01 7.079167717214139088e+01 5.088450199428448428e+01 7.079372500357131059e+01 6.496336711604831748e+01 8.490213113631085662e+01 8.506482799585434407e+01 1.049414923640202915e+02 9.714401343823794832e+01
9.924599773167706473e+01 1.039156289545839940e+02 8.681523792540949103e+01 6.732724931536384361e+01 5.580667574787218399e+01 6.834954520335375605e+01 7.648598643654511875e+01 5.744853629505957571e+01 3.689602071965962438e+01 5.237465967595395711e+01 6.717283032165654788e+01 7.492102765613012139e+01 8.248628592846597485e+01 9.081287238931230377e+01 1.008587237642538241e+02 1.054965859131121562e+02 9.681817890353222822e+01 8.265485297366926432e+01 7.435649274577177437e+01 6.741781042640640464e+01 4.755901487991786780e+01 6.741779740626434148e+01 8.017691994955490031e+01 9.173883609782443216e+01 9.509093641875186620e+01 9.599677060989897370e+01 7.627141415420030057e+01 6.218967628013450621e+01 7.268713901545901024e+01 6.697960316717461637e+01 4.931113642999025615e+01 6.918889406239127027e+01 8.490213113631085662e+01 8.125351613281955565e+01 1.011366061697109444e+02 1.132163322206543228e+02 1.170161246315140886e+02
7.941405573013210528e+01 9.341826189612990561e+01 9.496845607116668475e+01 8.368398066675187863e+01 6.834954520335375605e+01 4.825065695291580425e+01 6.199371854496801149e+01 5.561757268816810296e+01 3.508872978991698233e+01 5.561757268478300631e+01 6.521816201654787903e+01 7.144348709749225179e+01 7.903510853459111729e+01 8.811282113378871372e+01 9.965077358544525055e+01 8.548058624859213239e+01 9.965077358544525055e+01 8.997061847156984982e+01 8.167191413712158976e+01 6.536953199047269436e+01 4.557036815156667586e+01 5.951783239750466947e+01 7.949679385126493969e+01 8.885207632525475674e+01 7.385184710680537989e+01 8.885207632525570887e+01 9.023014527395072548e+01 7.268713901545901024e+01 5.281157350199912770e+01 4.715330867646451196e+01 6.697869160821500145e+01 6.076333745203043435e+01 7.487107122332189135e+01 9.476670355628810682e+01 1.094055777829679812e+02 1.118307376076794384e+02 1.150357460087384567e+02
6.532708319660808627e+01 8.522269705828635722e+01 9.351123762838572873e+01 8.536358061289145382e+01 7.648609148755417664e+01 6.199371854496801149e+01 4.166665345025842271e+01 5.381010886008323979e+01 3.330566658788577428e+01 5.361455106675828830e+01 4.596210801285860015e+01 5.276751190945422820e+01 6.243718145159947142e+01 8.044979282531977560e+01 9.134313681810236574e+01 7.133138687106860232e+01 9.134313681810236574e+01 8.167191413523114818e+01 6.169931385901750787e+01 6.336951320742694094e+01 4.362162302808442149e+01 5.752533749573117916e+01 7.747860560218819614e+01 8.007260528123813970e+01 5.928285131357615967e+01 8.007260528123813970e+01 8.243122925892670594e+01 7.142450340554194099e+01 6.344187243227325013e+01 4.570579831248284108e+01 6.548860774131112805e+01 8.069835641817651606e+01 8.069836701765332521e+01 1.005969941623190778e+02 1.063604493597834022e+02 9.271922116578022610e+01 9.974355330844770151e+01
