LEM/sinusoidal_perturbations/elevation_000764.asc
nrows	100
cellsize	150.0
xllcorner	0
ncols	100
yllcorner	0
NODATA_value	-9999
[rows 34 to 50 of 100, columns 0 to 36 of 100]
2.064481644892168701e-03 1.414420010537596717e+01 3.414420010537666883e+01 4.950771368636533509e+01 4.122815227546593775e+01 3.017745668032062767e+01 4.017711182479271059e+01 6.016891419952305142e+01 5.292068839292772253e+01 3.296713742716497819e+01 2.590374860563172277e+01 4.236413458090710549e+01 5.068023368364725911e+01 3.664300901058575022e+01 4.512072866617948108e+01 2.897377015234578934e+01 3.203443993464971129e+01 3.546621620064645697e+01 3.939751622832374522e+01 4.422302554262517305e+01 4.965882194095179614e+01 6.030603402162630999e+01 7.491379987740219804e+01 9.522570495763424958e+01 1.019808714682697541e+02 1.041826500062395127e+02 9.884612101307095600e+01 9.160632575593739091e+01 7.163697166042494757e+01 7.163697166042494757e+01 6.850972808082065058e+01 6.592148486107844008e+01 8.589649039110524598e+01 8.240621560558882663e+01 6.224946972879075702e+01 5.194949706080508633e+01 4.503390882778765558e+01
2.905961989428186391e-03 1.414504158572050407e+01 3.414504158572120929e+01 3.367249635585190504e+01 2.123323055290690320e+01 4.123072834956056454e+01 5.844757812735013403e+01 6.844002795227477520e+01 6.125519647068628615e+01 5.292068826951670246e+01 4.236413435427362373e+01 2.220216269563440292e+01 3.893077098363113464e+01 2.228864631388740847e+01 2.498424159320385129e+01 3.879089212274288201e+01 4.057785226864294259e+01 5.627806570676362696e+01 6.026177935541622332e+01 5.682619392030520800e+01 6.746261547360980160e+01 7.901005965217164828e+01 8.924109874510777729e+01 9.600338796256453122e+01 8.172113514476096441e+01 8.394124109261829858e+01 1.041826500062395127e+02 9.998640963242664270e+01 9.160632575593739091e+01 9.160632575593739091e+01 8.849717440748445085e+01 7.743714488239268690e+01 9.425455421974432113e+01 9.066699744137692107e+01 8.061988416631378129e+01 7.232783937820269671e+01 6.553502094269872202e+01
3.542675937824442140e-03 2.000354267593747082e+01 2.681313504389752467e+01 1.367394382809027498e+01 3.367249730623408510e+01 4.625018878629550301e+01 4.625018878633407127e+01 6.628830022805847477e+01 6.483163035949202424e+01 5.345347345238643300e+01 4.454283031700192197e+01 3.646783069273799072e+01 1.851381155560869018e+01 3.893091331490501972e+01 3.506470418055250349e+01 4.498322414851724460e+01 6.107957326177643864e+01 5.542787961990706691e+01 7.592819755499215262e+01 7.850692694429059770e+01 8.633837290989276880e+01 9.622403235819790268e+01 9.745079186691040718e+01 8.765560883513748536e+01 6.727228107367335497e+01 8.765560883513748536e+01 9.935757076475380245e+01 1.025931270143221923e+02 9.425868035508730713e+01 9.537013125150390636e+01 1.037031629989896118e+02 9.745217125531740976e+01 1.058568503453694234e+02 9.615488492944980692e+01 8.592810814199377489e+01 7.749826422923369762e+01 6.523389499448198592e+01
3.411803931810562015e-03 3.384028822845869922e+00 6.814000525695919741e+00 1.284422742564305508e+01 1.916878306776222729e+01 2.623985861491922122e+01 4.038434685852613626e+01 6.041158392318484260e+01 5.665668343035292054e+01 3.696095314782534302e+01 2.531467824276544221e+01 1.605466083047861048e+01 3.598957568704978627e+01 3.872829067594287977e+01 4.908035581077720622e+01 6.286680679304499364e+01 7.271042015096004718e+01 7.592819755499215262e+01 8.430169748006899511e+01 8.642703053567149141e+01 7.516772163868976975e+01 8.642703053567149141e+01 7.716678703955422236e+01 7.716678703955422236e+01 6.049425723329786564e+01 7.069079169228659509e+01 9.101666265229556529e+01 9.094961420784164829e+01 7.407246182488358954e+01 7.518536101529834070e+01 8.946446091969797010e+01 1.096276806614541215e+02 1.018755621009754861e+02 8.174105624956280280e+01 6.746065696738526185e+01 5.722064402956263507e+01 5.122255426851182136e+01
3.327314952832964925e-03 2.000332731495247884e+01 2.681313504389752467e+01 2.313518670135914590e+01 3.917308860332970966e+01 4.625018878633299835e+01 5.455507996319633435e+01 5.583106821110064999e+01 4.732253840147819091e+01 4.084446869116632683e+01 3.257786149240181572e+01 1.455949684626169294e+01 2.901690709128430612e+01 4.999924939003410174e+01 6.585811880920360295e+01 7.637702810926820973e+01 7.460897405158893037e+01 6.603661911711313337e+01 7.480765006712478282e+01 7.888443447835132361e+01 6.240291798114545685e+01 7.894708832415946631e+01 7.539834126891781807e+01 5.684323562587579204e+01 5.411198138659047174e+01 7.442065850907009406e+01 8.108654311537229376e+01 8.260416165275351830e+01 6.243759306652459173e+01 8.260416165275351830e+01 9.113657080041583924e+01 9.947478866444286894e+01 1.037043653971932571e+02 8.415305650051406872e+01 7.010024102805174095e+01 6.422424360203233107e+01 6.573771012341944697e+01
6.779948344387334673e-03 1.414891557207546313e+01 3.414891557207617012e+01 4.303737215786967596e+01 5.093840793031211689e+01 4.628823788242870307e+01 5.344644836139695343e+01 4.593035286713442389e+01 2.655947039847294633e+01 2.995938814558106600e+01 1.255270034614240693e+01 3.132383861132838732e+01 3.423600486362524720e+01 5.295229099093948832e+01 5.986935353561325002e+01 6.829651868229220213e+01 6.296424659116343037e+01 4.565666503871633353e+01 6.416036908353628121e+01 7.262474611130478763e+01 5.560577239180749842e+01 6.869922258084245925e+01 6.090719794633122319e+01 4.678078863569777468e+01 6.700501133271500009e+01 7.518744715161345482e+01 6.094598190589599085e+01 7.071232493869955249e+01 5.664983373804014377e+01 6.333620494869390427e+01 7.094734220354231979e+01 8.522799789802461135e+01 1.054011276356390425e+02 9.777810550580294091e+01 8.973665323845312969e+01 7.433704690668190551e+01 8.580203911959404195e+01
9.516927588586143695e-04 1.414461028783508922e+01 3.418307630455670676e+01 4.074468030774789185e+01 3.708765367901521159e+01 2.373676501042844578e+01 4.034864939758378455e+01 2.768579674999370610e+01 2.906985234093052739e+01 1.045948371892639805e+01 1.160988763502401255e+01 3.156140133847405949e+01 4.146331714974490978e+01 4.556944760908547210e+01 3.970512784661724481e+01 5.978521989997963715e+01 5.568203012958918663e+01 3.564538045888453155e+01 5.564413383257043222e+01 6.695481058068054381e+01 4.931809600875494937e+01 6.035990827325576191e+01 4.074334679308203988e+01 6.090719794633122319e+01 7.008139930483140745e+01 6.174532330598230345e+01 4.676750664596527685e+01 5.061719670635037005e+01 7.071232493869955249e+01 8.350575965333572981e+01 9.113657080041583924e+01 9.947478866444286894e+01 1.052015898782897523e+02 1.110946041651661176e+02 1.016182610264965973e+02 8.828881298226166052e+01 8.928456458719051625e+01
1.945935296826602993e-03 1.994462290059465914e+01 2.596862694507970915e+01 1.810523649141943281e+01 2.125826559641433278e+01 1.183591691015115366e+01 3.099563372897016222e+01 2.908123852953223576e+01 9.146372236739845007e+00 2.912727667485170358e+01 3.157933375240946106e+01 1.324172085467237814e+01 3.321290017051461518e+01 2.556159267591849371e+01 4.556944761600220772e+01 6.082693628013451104e+01 4.877848497994293808e+01 2.898127965305281606e+01 4.897134885802688586e+01 6.163596995418259183e+01 4.343800621464122713e+01 5.503601197355568786e+01 3.689326472284469105e+01 5.507185746143016303e+01 5.694951746887030453e+01 4.168376086882555143e+01 6.174532330598591301e+01 7.071232493868676272e+01 7.905771092056434668e+01 8.245112765458233639e+01 9.079587591583542405e+01 9.244202148875568525e+01 8.502694084248250306e+01 9.093595873701174526e+01 1.039182040747264182e+02 1.072938732074187556e+02 9.333826030427255205e+01
5.600688922766023682e-03 1.989326076176894631e+01 2.114483226119685977e+00 2.992389317706089180e+00 3.875420466464646552e+00 4.761057325512574323e+00 2.472804769909975775e+01 2.690652379231432434e+01 8.222207232899513940e+00 2.820455069433015893e+01 4.148105874713341734e+01 3.320876326170544957e+01 1.488516450111603007e+01 3.486066578867153964e+01 4.481520445394472318e+01 4.914363307118493651e+01 3.507213783549956077e+01 2.320938247474388305e+01 4.318252499742479245e+01 4.976171940694622720e+01 3.791629642167156788e+01 5.084169245545066929e+01 3.318376768237330765e+01 3.502900802721509876e+01 3.689990801978011348e+01 5.694969217156642571e+01 6.262301887066895034e+01 6.507460831272622670e+01 6.791377823293488802e+01 6.229424026599083675e+01 7.442639124124083594e+01 7.225466292894670062e+01 7.074710002138989751e+01 8.744116371643400498e+01 8.373803340019549069e+01 1.039182040747264182e+02 9.551685229661306664e+01
8.215197286175309616e-03 8.753251795108962785e-01 1.286566131883957986e+01 1.423225468272378258e+01 2.377332266497684543e+01 2.474149954260603224e+01 6.026030122324916860e+00 6.923199922814132101e+00 2.649905716544022738e+01 2.235092494970838928e+01 4.238871729055794191e+01 4.312498008100700986e+01 2.901046473154465843e+01 1.656349137790728676e+01 3.654347068983542357e+01 3.948846463468021284e+01 2.134305144826088352e+01 4.132415669420635851e+01 2.513515451109391563e+01 3.026966103977129308e+01 4.841668772657846631e+01 3.085640756392783501e+01 4.478439472805033716e+01 5.492014170746958968e+01 5.694969216394809308e+01 4.016731021547384017e+01 4.256074662480235560e+01 4.500748435206492104e+01 4.783781583810996096e+01 5.072338229474834748e+01 5.431090393788375081e+01 5.802143522505659234e+01 6.250038008547772961e+01 6.723964267480711499e+01 8.152884532961201103e+01 1.017147629509673976e+02 1.037868475720751320e+02
2.613274238814250559e-03 2.000261327423634938e+01 9.987634712346185495e+00 2.885097936111403527e+01 3.308387287955765288e+01 3.419576113400761841e+01 2.601480412024184830e+01 1.125813116623527321e+01 3.058127809562724764e+01 4.236460728864118153e+01 5.069550863681590869e+01 5.725638505765524400e+01 4.223499697445797807e+01 2.302309977638863003e+01 1.828141655146092859e+01 1.950252884876143966e+01 3.948846506253968869e+01 4.959208313273186519e+01 4.488637001736414334e+01 2.713978909872208689e+01 2.856693541821505278e+01 4.854575703594952074e+01 5.823424323779816802e+01 7.033143589832759801e+01 6.022511862014062700e+01 5.433468778960136802e+01 6.262301887066895034e+01 5.395644608609801907e+01 5.395644608609801907e+01 7.081354329466374509e+01 5.889225845070372145e+01 7.816740335685476282e+01 8.267961760944476168e+01 8.152884523847245646e+01 7.676470701153270682e+01 8.843805342020860394e+01 1.086070895693562051e+02
7.532853315450405325e-03 1.903417549167118494e+01 1.708156172308945742e+01 3.607030732280662022e+01 5.121250976222918183e+01 4.214162744331108712e+01 2.213062225376730296e+01 3.058839170200940671e+01 1.916003749442836224e+01 3.052141031823583361e+01 5.078070619886681669e+01 5.372824105359353553e+01 3.382135847605053414e+01 4.223499703872280975e+01 3.825959274629948226e+01 2.328159721804546223e+01 4.297637801894143905e+01 5.759891499205986065e+01 5.574864020315214930e+01 4.736574237159275924e+01 3.433103959206100342e+01 3.381016502453113048e+01 5.379370601035207500e+01 6.761990800010963198e+01 8.034855286155145393e+01 7.444587669002731900e+01 8.241528339993706709e+01 6.554705031911393576e+01 6.063495258945039268e+01 8.078660945566869600e+01 7.903801783489893751e+01 6.788076604846493467e+01 8.806443078691684434e+01 1.017146835063999788e+02 8.687596726330700392e+01 1.052948129005562663e+02 1.169242566853607457e+02
6.101047412966256744e-03 2.000610104741260997e+01 3.607033223206845207e+01 3.041888351107053978e+01 4.971497038147497705e+01 5.052903192006525757e+01 3.359400797599555943e+01 4.743462981983617510e+01 2.894655614814623235e+01 3.908399626859252862e+01 5.910302525769294135e+01 6.212425297145146885e+01 4.510212083728783483e+01 5.434555215753329094e+01 3.465356490939414158e+01 4.297637801894143905e+01 2.971959392479661233e+01 4.934307830454476829e+01 6.322930244226772345e+01 4.326924669946003377e+01 5.430296462335093111e+01 5.379370601035207500e+01 3.935312554031553134e+01 5.933594216053685955e+01 7.320343471192012430e+01 8.149453943727425553e+01 9.405264284897498328e+01 8.571112368738806708e+01 6.823344923335088197e+01 8.841422617877459800e+01 9.640622715697293188e+01 7.953358788586687922e+01 8.215422412431037458e+01 1.023331785642452303e+02 1.011513224143474048e+02 1.153686487435871726e+02 1.259414481298688742e+02
6.842009524227352091e-03 1.414897823751036654e+01 3.414918039423062623e+01 4.971479571944326636e+01 5.785488643873118519e+01 6.221247019738969186e+01 5.385263736696334291e+01 5.754609306715001082e+01 4.922143638903833818e+01 5.754609306759133602e+01 6.759484260211551998e+01 7.386778701091567712e+01 6.551174040516566777e+01 6.262046960659153427e+01 4.594461969048128935e+01 5.425044329852912028e+01 3.462098332259161992e+01 5.425044329852912028e+01 7.028190577837396802e+01 5.033413120245558048e+01 7.028190577837396802e+01 6.599493840306402603e+01 4.601794967548229920e+01 4.690960180038252503e+01 5.322753299297060892e+01 6.734654359105336141e+01 8.734322068925924043e+01 9.675477952412420279e+01 7.988451087516429538e+01 9.675477952412420279e+01 1.080456022423216638e+02 9.971772417943240896e+01 1.023331393352790855e+02 1.106630254593258798e+02 1.212873376856016563e+02 1.201199729233162685e+02 1.061220674669454525e+02
1.934550753332892102e-03 1.414415697145619077e+01 3.414985875370317814e+01 4.075960722329578800e+01 4.306587522873257967e+01 4.545462913637889102e+01 5.130626502234331099e+01 5.762542554526824290e+01 6.585722930676752185e+01 5.969302708169347937e+01 6.353776468104431530e+01 6.511223338737279676e+01 7.338171335802388739e+01 7.412510425416073190e+01 6.582143932300375866e+01 5.972606595493883219e+01 3.998342770216120101e+01 5.972606595493883219e+01 7.854861944316134270e+01 6.185428116447369717e+01 7.854861944316134270e+01 7.354524045312949454e+01 5.356901890523542420e+01 6.688649993716481390e+01 6.688649993716482811e+01 6.585484990216983192e+01 7.998437532648949855e+01 1.000060216962127271e+02 1.000660339705561910e+02 1.083935432566408110e+02 1.231950951173983952e+02 1.155451720743731983e+02 1.135014034637501226e+02 1.135013845164705231e+02 1.216370457069109250e+02 1.101587702443449643e+02 9.194540835152568548e+01
4.364784840791047053e-03 2.000188405989936768e+01 2.438202729843230898e+01 2.076066324892541459e+01 2.306992839767548276e+01 2.546022702002432325e+01 3.131618649589766790e+01 3.764567700320492349e+01 5.382583452676501423e+01 3.971187410243560834e+01 4.355991598329171666e+01 4.513599713005272918e+01 5.828913140794083603e+01 6.655940796334975573e+01 7.808834353173192255e+01 6.803458376714796429e+01 4.971589355761800277e+01 5.235942654612609459e+01 7.240227863848225809e+01 8.179425509452066478e+01 9.006600917413770446e+01 8.183657043591283298e+01 6.768815439711663373e+01 7.354524045312950875e+01 8.688354891729467511e+01 8.584857977766230874e+01 9.414731405792167607e+01 8.960255472239003893e+01 8.694788589448133109e+01 9.352316488178344400e+01 1.079330051847590681e+02 9.667542910349962426e+01 9.366172210625077810e+01 9.366172209562571993e+01 1.135014023271636034e+02 1.019362155598007433e+02 8.183743293370748972e+01
5.219006137575642711e-03 2.187397908497495269e+00 4.382683108291293372e+00 6.618751085791073407e+00 8.928152162549526594e+00 1.131860938121746685e+01 2.131853931198145347e+01 3.768683028983771521e+01 4.048623913641119287e+01 2.557231141946201447e+01 2.942130729991873395e+01 3.359157173975154365e+01 3.830551301029477429e+01 4.984833411178888696e+01 6.981947494267940613e+01 7.805340812273141182e+01 6.384280527532651917e+01 6.651215839570549804e+01 8.071605234846279586e+01 9.056163787244440755e+01 8.211679275119006149e+01 9.056163787244440755e+01 8.768549704554197888e+01 9.355270314937720855e+01 9.964063095197242603e+01 9.118386392107994709e+01 8.357663037905236081e+01 6.902697395748818110e+01 6.602104612509391757e+01 7.813430364809575224e+01 9.916624360619621825e+01 9.947263269285899412e+01 7.958099382078813733e+01 9.947263428995957213e+01 9.748958663347009690e+01 8.922039021714650175e+01 7.597715403724745897e+01
