LEM/sinusoidal_perturbations/elevation_000585.asc
nrows	100
cellsize	150.0
xllcorner	0
ncols	100
yllcorner	0
NODATA_value	-9999
[rows 17 to 33 of 100, columns 37 to 73 of 100]
7.029823654084007956e+01 7.858291830796301269e+01 8.269429569130484481e+01 9.090217243400658731e+01 8.963249617336252584e+01 7.635611717099378382e+01 5.599859145410464834e+01 7.635612583070040671e+01 8.809718340532481307e+01 9.654704356518232089e+01 1.086248891200956166e+02 8.760398997275154898e+01 8.760398997275154898e+01 9.622926389904880295e+01 9.290716688765920139e+01 7.418320594757783226e+01 6.454372989696013008e+01 4.465747482178905159e+01 3.913572589574281579e+01 3.364116615475444405e+01 5.386240506806934292e+01 5.851934323023026252e+01 5.460221054451492506e+01 7.040580657212767335e+01 7.040580657212767335e+01 8.763260510357110888e+01 9.375041055435850978e+01 8.156594544946062797e+01 7.739923819108702219e+01 9.747643904974100337e+01 1.097301157939419056e+02 1.054591629823888042e+02 9.717954968166762342e+01 8.815102740612347532e+01 7.973899976742929141e+01 7.162750231810957757e+01 5.152540836736977070e+01
5.001155817253498981e+01 6.182152429736405708e+01 8.187763728042315847e+01 9.563801166494634742e+01 7.518601026402082255e+01 6.078825420253003387e+01 5.111133434463984315e+01 7.141863091073547309e+01 6.766874762906596175e+01 8.809718340532481307e+01 1.025558782693922240e+02 8.141071505719537527e+01 6.656893843693313784e+01 7.635962785043976453e+01 8.501603967231154968e+01 8.374140614276620909e+01 6.446816153142015082e+01 6.387995340543348988e+01 5.786073226404909065e+01 3.305058133116826724e+01 3.470492204700526884e+01 3.803039286560573373e+01 4.344429008464125275e+01 4.927446972891189603e+01 5.698327167918832004e+01 6.922227192208389113e+01 9.131954223011747729e+01 1.016138428196473740e+02 8.747627832447737717e+01 1.057493163717846443e+02 1.166889275195680824e+02 9.659244155161678691e+01 9.483155038716293461e+01 7.974301804466745125e+01 5.897016487747674063e+01 5.562434178749837344e+01 5.240793193967962083e+01
5.945455149708433140e+01 7.858291830796301269e+01 9.014642303253988587e+01 8.540255538461198626e+01 8.117625682479709326e+01 6.078825419659727913e+01 4.648147871739103465e+01 5.331755696310943904e+01 6.766874762906596175e+01 8.809718340532481307e+01 8.601198274652058728e+01 9.125116113236535398e+01 7.019135280053590975e+01 5.572910372163558890e+01 6.793697317154123994e+01 7.655947520648631155e+01 7.014298129911080082e+01 5.720234171510644927e+01 5.150043534859938177e+01 3.248920665804249808e+01 3.764010532434782874e+01 5.725910808348279346e+01 5.460221054451492506e+01 7.040580657212767335e+01 7.856167726941826857e+01 8.763260510357110888e+01 1.003338561977232217e+02 1.157431638613857245e+02 1.074765994940796645e+02 1.157431638613857245e+02 1.154665629687725641e+02 9.659244155161677270e+01 7.637084421245481280e+01 6.571180607610634183e+01 7.973900092391124872e+01 7.549782979577787501e+01 7.244341708220305520e+01
5.945455149708433140e+01 7.961369241250069706e+01 7.948116759440830492e+01 6.511132713901970703e+01 7.948116759440830492e+01 6.278282858908149677e+01 4.251301286076888175e+01 5.682026719483953769e+01 7.717772517354244144e+01 7.997910808531227644e+01 6.553566725885542610e+01 7.997910808531227644e+01 8.265242217533470637e+01 6.184155448955953460e+01 4.785425492402952585e+01 6.104850020062597338e+01 5.695566317583465832e+01 4.453077622846031147e+01 3.171253826117758834e+01 5.209391581610987032e+01 5.596733561629194753e+01 6.938154862847676441e+01 7.595105665885196800e+01 8.495668163779954796e+01 8.875989623435421549e+01 9.703083614932772605e+01 9.701263757513763153e+01 1.052480353203897323e+02 1.058319410239827931e+02 1.140240372268782920e+02 1.071152901025052557e+02 8.705544763993636082e+01 7.529264123344145787e+01 8.057175327850406177e+01 9.483155038716293461e+01 8.272322915684172528e+01 6.260883806387110440e+01
7.456919222924187807e+01 8.128977223445355094e+01 7.049910200053659537e+01 5.107738222474080203e+01 7.049910200053659537e+01 5.945047118836497191e+01 3.918239939306110386e+01 5.945047118836497191e+01 7.641733108251946760e+01 7.084739697146709148e+01 5.110210073483103344e+01 7.084739697146709148e+01 8.071580933355865284e+01 7.279969979634657307e+01 5.244602505405551085e+01 4.175051364813493393e+01 3.836937830981024433e+01 5.113026584044560252e+01 3.117015616975307779e+01 4.563268686094176019e+01 6.585864577052555546e+01 7.178183803720297362e+01 7.245524888569759980e+01 8.078908931714384778e+01 6.854123921133508190e+01 8.540000690338770539e+01 7.682041029949684230e+01 9.364248225609183862e+01 8.573393088318056243e+01 1.024746705124931339e+02 1.119267218547010430e+02 9.184949498159947723e+01 8.705544763993792401e+01 1.007493785150099228e+02 9.349682837278868419e+01 7.334126982855380561e+01 8.272322915684716804e+01
8.285578979637655550e+01 7.266010550485611930e+01 5.182727202846280079e+01 4.229121186095657947e+01 5.727102908022072114e+01 5.197454164392738818e+01 3.598558145692228294e+01 4.766336068349716015e+01 6.796960587263556874e+01 6.239604686507543363e+01 4.203054959296832038e+01 5.186161510461739255e+01 7.227549754132662940e+01 8.142806915856353100e+01 6.959619919874958782e+01 6.104850020063554439e+01 5.108830626243744888e+01 3.357095274294088938e+01 3.063280275973061961e+01 5.538340578977874173e+01 6.581497866573940314e+01 5.157507034956425684e+01 5.223781849426465129e+01 6.429918643171424719e+01 5.686789530236606538e+01 7.254959932361339270e+01 6.510808745526007613e+01 8.340001779768952872e+01 7.397039805206499352e+01 8.835483711538648777e+01 1.084082648748786539e+02 1.119267218547010430e+02 1.071152912622564628e+02 1.154665993039164675e+02 1.018303836358914936e+02 8.498866925271482842e+01 1.018303836358914936e+02
8.820892205607471226e+01 7.663917631787774098e+01 5.222946659512840029e+01 3.526203674624806439e+01 4.357644944585082669e+01 3.174571746026662566e+01 5.197454164392738818e+01 6.467857182307011499e+01 6.406516936676192131e+01 5.560754777437306728e+01 3.532067156169809863e+01 4.962991765495831942e+01 7.003882333291700490e+01 8.256334537329769319e+01 8.479362974083328197e+01 6.105880717411483261e+01 4.092323623357732032e+01 2.987863556722743397e+01 4.814003280495215620e+01 5.661396360785136039e+01 5.306528702933135122e+01 3.720489699408361872e+01 4.053886313272101916e+01 4.409273025305616756e+01 4.814623276647328254e+01 5.234872055428922266e+01 5.753718841949806517e+01 6.311862847970178336e+01 7.748122325414793465e+01 9.768925349260872792e+01 1.023833941412536888e+02 9.602332464735793849e+01 1.043578193031934234e+02 1.106861789906670452e+02 1.048049364619391213e+02 1.051191898702499401e+02 1.134494478390219001e+02
7.992478063501262397e+01 6.082446658482898272e+01 5.430370316577725021e+01 3.435990356680434843e+01 2.771868230186672122e+01 4.455553075840012411e+01 5.237500999753228825e+01 5.508815059785032986e+01 4.402613343379261579e+01 4.409584514462683558e+01 3.027340377476018674e+01 4.459203206619334736e+01 6.519667811727229889e+01 6.373818142854258895e+01 7.146206999792848080e+01 7.433654572379738568e+01 5.816862295762389579e+01 3.487276542864055529e+01 2.913861406589575864e+01 4.871422995938816314e+01 3.270832940765829022e+01 5.306979862346267396e+01 6.078037109311717501e+01 6.429900469160973842e+01 6.833742488749150823e+01 7.254959932361339270e+01 7.777497285391187631e+01 8.340001859699435727e+01 9.170102741821567349e+01 9.635418174169296890e+01 8.200401411780833882e+01 7.550498883588370802e+01 9.257870058987055017e+01 9.045312348238142874e+01 8.450840790160650329e+01 9.881231046703432241e+01 1.111393049074075776e+02
7.572974568009883001e+01 6.526525862017827251e+01 4.564944095280833380e+01 5.429951309063073239e+01 4.438604464013918971e+01 2.445441911993511042e+01 4.070839306172963035e+01 3.573586168279997111e+01 4.202256731937724510e+01 2.276754488392834475e+01 4.409584387945027828e+01 5.721815714276009857e+01 5.723748685848053697e+01 5.045286783127765062e+01 6.394454493116367644e+01 6.030904006084753632e+01 6.022670925877856973e+01 5.620219476088823995e+01 4.828716027835852032e+01 2.840314498813866706e+01 4.804535513236924515e+01 5.091076883801794395e+01 5.876686796215069108e+01 6.605526494831958928e+01 5.977715308256591697e+01 6.779431660305615992e+01 8.090692792789518251e+01 7.289383741775068870e+01 8.100694070379641687e+01 8.797299633029784616e+01 6.710304371996491568e+01 6.315046418743590806e+01 8.327267513452707703e+01 7.848093829682082401e+01 6.971669046248800328e+01 8.252854857255563559e+01 9.415330584800319969e+01
5.534861673182889064e+01 6.131811119253980991e+01 6.526525862011534684e+01 5.415815686139543317e+01 4.406003790135727627e+01 2.864928173469739292e+01 2.125953482627610214e+01 2.162324543086548090e+01 2.198747925754017629e+01 2.235341420858614114e+01 4.248822945158314468e+01 4.722432887421039283e+01 3.658765588762573628e+01 4.678789369875585180e+01 4.436900837506338036e+01 3.234734670128911915e+01 4.263464457484599990e+01 6.017103364611625693e+01 5.694322069342711501e+01 4.801961650723609409e+01 2.768050012043698871e+01 3.708004134942591179e+01 4.839290579979270035e+01 3.038098440233282460e+01 4.142320681861896503e+01 5.932108643853738528e+01 6.141272007598700355e+01 5.493919493301203971e+01 7.289388306657897942e+01 8.565134532089963670e+01 7.475675989420614087e+01 5.356103211304628076e+01 7.255829159008499118e+01 5.712653191141065889e+01 6.237357904108290541e+01 6.775056568392297152e+01 7.367850527428129226e+01
5.534861673182889064e+01 4.099417200235512837e+01 5.173731437800439181e+01 4.511610332365924592e+01 2.333435153798710715e+01 2.075246639102764945e+01 4.073492947028589128e+01 4.183667761457021328e+01 3.608705820223276106e+01 4.243917728656804655e+01 2.287040249625222188e+01 4.294524974912096127e+01 4.586334576774844152e+01 2.427236688994288372e+01 2.463960187314056682e+01 3.265828582033159222e+01 4.196913461584251337e+01 4.605704445439251771e+01 4.660429136811560369e+01 4.698689567728313676e+01 2.717011388224668167e+01 2.771443523385654117e+01 2.825888854067761713e+01 2.880478940345414074e+01 4.382382999976345417e+01 4.903211442728679970e+01 4.433213621269501914e+01 6.144958725933408772e+01 8.092571293988176251e+01 6.521018602226583027e+01 6.521094210210159758e+01 4.834336230332071693e+01 5.142516480579073601e+01 6.200594915853800870e+01 7.710413911356152994e+01 8.847461790004528837e+01 9.415330584800319969e+01
6.973236612214522268e+01 5.173731437800477551e+01 3.196110924147799892e+01 4.385448684259215213e+01 3.987169858715350301e+01 2.039512933226342994e+01 3.360008887279600032e+01 5.282498674399218430e+01 5.555130598076222981e+01 4.804384529790386438e+01 2.717623929726903143e+01 2.338779637809455636e+01 2.375350166796415152e+01 3.254724855603364375e+01 4.325678958975731803e+01 2.515977390279484993e+01 2.552986217733410967e+01 2.590027586417462757e+01 2.627103985322592550e+01 2.664333568074898295e+01 3.233102444672038445e+01 4.964986049832111803e+01 4.512888644447652098e+01 4.927796222536059645e+01 2.958111659545087591e+01 3.525887481022414249e+01 4.857303579160407736e+01 6.667371925223957874e+01 7.052591197200743522e+01 6.207113505956377963e+01 4.450246764964804669e+01 4.799886657538277035e+01 6.865335720744484149e+01 8.108833303348947652e+01 9.152483519347062213e+01 1.059455313081893877e+02 1.044640207827606844e+02
5.837450050054541606e+01 5.742034564893515380e+01 4.338759665425907741e+01 2.444539907897938846e+01 1.989113334858486226e+01 2.577488227893765327e+01 3.524137890038419840e+01 5.531858930599454283e+01 5.947102007162965975e+01 3.828438757001374881e+01 4.516157769059896054e+01 3.212621608965739028e+01 2.341637161631572184e+01 4.438612007798749204e+01 2.999850005306284473e+01 4.751587761873623350e+01 4.648503617066231186e+01 4.623407740457097503e+01 4.661252650626926908e+01 2.756065738367562545e+01 4.869180356151874633e+01 5.855276981646724010e+01 6.505455572222429339e+01 5.115666807111531256e+01 3.013478626870846711e+01 5.024509835854104267e+01 6.048644125101437652e+01 6.684111549250546602e+01 5.901139859047935232e+01 4.131896918592187262e+01 6.207113505956377963e+01 6.865335720744518255e+01 5.314379711531780259e+01 7.371849856266142353e+01 8.337416559575990505e+01 8.794098436255002582e+01 8.422751666729124054e+01
3.808925397354965980e+01 4.152657677091872301e+01 2.646125171885417160e+01 1.938853536284403134e+01 2.806915092717047600e+01 4.343790358179715838e+01 5.229388305231040590e+01 6.376948103429136694e+01 6.762316520283380328e+01 4.935933350855232504e+01 5.230570024067710477e+01 3.089958252360027657e+01 3.521493531572398439e+01 5.015611024588977074e+01 4.954586849963921225e+01 3.489529071749527134e+01 4.616619453030155995e+01 6.592106945836623311e+01 5.471569868395802416e+01 3.409154352730348592e+01 4.289524325615767708e+01 6.277280483673362710e+01 6.012382341189608326e+01 3.467013209451621236e+01 3.069202739914662104e+01 5.131305395269060199e+01 5.943925209105354668e+01 5.602564058795502433e+01 3.822612856636737177e+01 5.297922613781568657e+01 7.052591197200791839e+01 7.371849856266142353e+01 7.371849856266142353e+01 5.869570173508206068e+01 6.291500379831781231e+01 6.751754995564390072e+01 7.344874403080882530e+01
4.181101579236686661e+01 2.264317609784960794e+01 1.888948937336095213e+01 3.874072769197749011e+01 2.523305987961131791e+01 4.544707903918553882e+01 6.040499707370409510e+01 7.481651757067285757e+01 7.731968400179017920e+01 6.367885673760046927e+01 6.634665735603034875e+01 5.265795925531082844e+01 3.622536242931749939e+01 5.494209013334216962e+01 5.831515924025701025e+01 3.859218925458074523e+01 5.831259192342140096e+01 7.393044483745171647e+01 6.093380717233343802e+01 4.044689923346253835e+01 6.067204099536279926e+01 6.277290673704625590e+01 6.914029501806875544e+01 5.702830223278547095e+01 4.526872861353047028e+01 3.149063806217009542e+01 4.878069600277591888e+01 3.523610732743117069e+01 5.604158508528213645e+01 6.748092307113502386e+01 8.198262000445436115e+01 9.406981396498571257e+01 8.758129756630228258e+01 7.323639191905614609e+01 7.742509422635167482e+01 7.936451438249002877e+01 9.382233285999460293e+01
4.858056712553656808e+01 3.863132294521985699e+01 1.853689443069414722e+01 3.642875526245398277e+01 4.530073302640978028e+01 3.155483011381041081e+01 4.599347657673539658e+01 6.608019302379601356e+01 7.451049654867163952e+01 8.300991756323668369e+01 7.150023041830118586e+01 5.122073302597927835e+01 4.210867966663177242e+01 6.209705627472456513e+01 6.235193192641064996e+01 4.255437992969942229e+01 5.656504296005907406e+01 7.618637186048327692e+01 6.820024734365691188e+01 4.764795774420011298e+01 6.820024734365340180e+01 8.203712275129387876e+01 6.865964306859419253e+01 5.516243211166005977e+01 3.549588435059789049e+01 5.230314544777298380e+01 3.231593941403166070e+01 5.313803246031724115e+01 6.452447538878182343e+01 7.050720067676019198e+01 7.701471338818276990e+01 8.476704228200588886e+01 9.315115032888287772e+01 9.359044718463830748e+01 9.773649437932805029e+01 9.965666023010659558e+01 1.079697873246968811e+02
4.293821847563643246e+01 3.703444056632386605e+01 1.818391221755593889e+01 3.332379918880192093e+01 5.468308627892167806e+01 5.197110343496636631e+01 3.901739781741900970e+01 4.555264667589211314e+01 6.009876723686222988e+01 8.052063228093962266e+01 8.012340799364686461e+01 7.074356317962364926e+01 5.181488252967911734e+01 7.074046340786509290e+01 6.682121977668585089e+01 4.696083254828904785e+01 6.094013960960723608e+01 7.998067942328763991e+01 7.693371037739017027e+01 5.939886579286498147e+01 7.693371037739017027e+01 7.307332635215739458e+01 6.035215647210800682e+01 3.963266437834671763e+01 5.626040176742488086e+01 5.375404793298635298e+01 3.292923907097122083e+01 5.375411537746195734e+01 6.208707691426922537e+01 4.988219401152331756e+01 5.643615131758931369e+01 6.425630794765574194e+01 7.881084083618485181e+01 9.914658459285165293e+01 1.055975080060061515e+02 1.041217172852077795e+02 1.041217172852077795e+02
