LEM/sinusoidal_perturbations/elevation_000112.asc
nrows	100
cellsize	150.0
xllcorner	0
ncols	100
yllcorner	0
NODATA_value	-9999
[rows 51 to 67 of 100, columns 37 to 73 of 100]
9.170806786706657476e+01 9.834416209622209237e+01 1.065408647351835896e+02 1.164523435783225409e+02 1.152165514973035982e+02 9.545751954909118808e+01 9.288793987065292868e+01 1.094084176039878855e+02 1.132636499072255418e+02 1.214092972210970061e+02 1.235572694254912136e+02 1.235572694254911994e+02 1.317224335306518697e+02 1.188971208836568110e+02 1.049341518887358973e+02 1.049344942559816900e+02 1.247067666656398330e+02 1.248268578950328163e+02 1.149498188914282792e+02 9.842045023102087953e+01 1.114280274473575076e+02 9.291242978935068209e+01 1.015826617623818464e+02 1.213343534747277772e+02 1.239233571565485192e+02 1.034972473494078287e+02 8.906682553287664916e+01 9.927336322896589138e+01 8.054074066053966874e+01 7.946397344179604261e+01 8.637100353056722213e+01 9.648741991239197091e+01 1.170666013959671403e+02 1.276356508473265166e+02 1.080826793851379506e+02 1.031140379425288671e+02 8.363865146604135248e+01
7.180288494465786187e+01 7.843587940875875120e+01 8.841844797204052497e+01 1.082698762204035461e+02 1.233593850619838719e+02 1.152165514973035982e+02 1.126604974690333165e+02 1.208059199434687514e+02 1.153237860206619843e+02 1.137214557883329036e+02 1.038856421511745083e+02 1.038856421511744941e+02 1.235572694254911994e+02 1.107210502829474166e+02 9.095288049957171950e+01 1.107210502829474166e+02 1.230646263433106498e+02 1.166537243576805736e+02 9.689037286506184898e+01 8.706444542008995313e+01 9.170507690385960586e+01 8.551126018879631374e+01 9.942057850099573102e+01 1.191772196636847383e+02 1.254861633348630079e+02 1.050897800851021771e+02 9.064222190692680670e+01 7.917825276447329941e+01 7.469903172531164159e+01 9.461450764231115329e+01 1.067770106513829376e+02 1.151620259686807373e+02 1.253755121745959826e+02 1.276182477166091900e+02 1.182711700223841689e+02 1.009798036360109137e+02 8.156989171876524836e+01
9.170806786554277323e+01 9.834416209622209237e+01 1.065408647351835896e+02 1.164523435783225409e+02 1.290820493442697909e+02 1.209154720390442606e+02 1.290820493442697909e+02 1.131550566520894847e+02 9.469253561114442164e+01 9.419912330791622423e+01 9.018683583085611133e+01 1.096473283828476326e+02 1.183438869954976838e+02 1.044695414602665124e+02 8.476272589081965236e+01 9.515856237519486172e+01 1.148961403464433744e+02 1.248268578950328163e+02 1.117195797484900623e+02 9.748179537304541498e+01 7.787091625606461776e+01 9.748179537304541498e+01 1.086220791640366201e+02 1.167957224346324665e+02 1.165828112827063876e+02 1.083945694638240980e+02 1.076657533950369725e+02 9.167813104108741129e+01 7.181226060120259547e+01 9.160883656054362234e+01 1.078582460469998523e+02 1.160325445131707340e+02 1.078513689102340436e+02 1.078513689102340436e+02 1.101529477781526651e+02 9.064017916065320435e+01 7.950929301837618368e+01
9.219358450583740705e+01 1.003973046720313818e+02 1.092698482945705081e+02 1.206969873896046721e+02 1.192080683104697982e+02 1.011542135590404143e+02 1.192080683104697982e+02 1.077180049786722407e+02 8.203319203856955255e+01 8.078393773133862510e+01 9.991708210685185065e+01 1.144934595917765989e+02 1.101750724121565526e+02 9.043876405857390921e+01 7.914535269148107943e+01 9.878047541712454915e+01 1.139275403022488860e+02 1.175028471070291261e+02 9.776184058402863286e+01 8.387151232743340756e+01 7.405280717424882653e+01 9.370767992724049122e+01 8.891748493845800283e+01 1.054144796708787766e+02 1.083945694638240980e+02 8.841034169329297754e+01 9.426358621151887007e+01 8.916920946798417447e+01 6.932522011641057702e+01 7.980969155717788510e+01 9.386636548495225441e+01 1.065938798037415722e+02 8.817639876689742096e+01 1.070489794603331148e+02 1.039005895115995912e+02 9.688800811581417349e+01 7.744559295686431710e+01
7.228452695936792338e+01 8.121240180814569953e+01 9.270632738696178876e+01 1.125128480522898258e+02 1.110348427990424085e+02 9.127377277103909137e+01 1.110348427990424085e+02 1.083630334961024744e+02 9.151069112021325225e+01 7.529633297671632874e+01 8.659876080253616237e+01 1.063187467628897451e+02 1.099862802515780231e+02 9.438947233866359454e+01 7.477190797052335824e+01 8.606484262519279582e+01 1.057611280043634991e+02 1.104641889568885063e+02 9.074459868034512056e+01 7.941810549480786108e+01 7.057902548109662177e+01 8.587954141259154994e+01 7.755898973076357095e+01 9.724562638363714484e+01 9.567146002818927286e+01 9.406219788994981457e+01 7.438656500559814333e+01 8.376980118713274237e+01 7.949518447744743810e+01 6.586281959222550597e+01 8.454590877819819639e+01 9.438299962877002258e+01 7.949815708229412792e+01 8.923572122809544283e+01 8.489334411558994020e+01 9.242013296296219949e+01 7.530737699106899186e+01
7.207369816729260492e+01 8.359289136712276047e+01 1.034459162695959549e+02 1.167977706526956467e+02 1.044478194563746030e+02 8.472825382702379216e+01 1.044478194563746030e+02 1.065317806132250809e+02 9.083879445968045729e+01 7.122371201439450772e+01 8.506912034356383856e+01 1.047680199612819649e+02 1.018217222612581736e+02 8.215285499048192719e+01 7.081553453186749891e+01 8.470188900620229333e+01 1.043814413869945668e+02 1.186458877540195260e+02 1.072528276611773776e+02 9.844927346761832609e+01 8.587954141265642249e+01 6.629507607081158937e+01 8.196332980313701455e+01 8.078901757177555965e+01 7.574882525765545438e+01 8.158094652489168652e+01 7.062878233664052630e+01 6.419213641610110699e+01 6.488116854185386728e+01 8.222771109381628207e+01 6.689702825080377124e+01 8.643236599451171287e+01 8.529298568395994096e+01 6.975211270987304601e+01 7.118964904764426649e+01 7.269408045360179926e+01 9.237833741981901881e+01
7.761439385559623361e+01 9.749867406486380617e+01 1.116365493957712545e+02 1.086238381951693981e+02 8.888670419317155336e+01 7.908459291975978545e+01 9.200828420846063693e+01 8.772643794773814818e+01 7.869989993968802366e+01 6.746107402515129081e+01 8.130087748945889814e+01 1.009769649622723477e+02 1.031245871322198440e+02 8.693654246236454242e+01 6.729134142857837730e+01 8.117474920371186897e+01 1.008467418909937265e+02 1.064753019950858288e+02 1.004734928380187569e+02 9.233591318416513616e+01 9.401159538151651418e+01 8.195879461726384818e+01 6.275742098264944246e+01 6.120095237355433682e+01 6.187489633559498969e+01 6.254929391265430638e+01 6.322389869753626357e+01 8.282197161329133905e+01 7.365165748755137543e+01 8.749438139779431367e+01 8.548557467578397961e+01 6.794066773788338764e+01 6.868869909618261715e+01 8.819562275966318055e+01 7.093363033442781784e+01 9.038572750537768741e+01 9.999450543317799145e+01
8.515490432292628498e+01 9.386426248200626787e+01 1.136699511238406046e+02 1.167977706526956467e+02 1.059426042662071410e+02 8.623649976609476653e+01 7.238639959308036964e+01 6.812121882779938176e+01 6.486507194663032294e+01 6.389446925729681226e+01 8.348486524947821863e+01 9.951112629231442952e+01 9.496524298873225689e+01 7.530753649415338202e+01 6.411765505131489817e+01 8.361586085243607158e+01 9.590864745081375986e+01 8.658141363765852816e+01 9.206144683748460977e+01 7.268885443708481375e+01 7.828565042181659805e+01 7.891549574616917084e+01 6.024762270438831990e+01 7.983621608642728518e+01 8.146447077189742458e+01 8.214212788230116757e+01 6.738083581842094816e+01 8.636596038741282655e+01 9.450262312356082361e+01 9.618079371802230071e+01 7.733272858935789884e+01 8.746235341090589088e+01 6.840321470232210288e+01 8.535528667154714810e+01 7.176474714009972899e+01 8.998837377754087186e+01 8.055904979322069437e+01
9.920629165301292574e+01 1.131865715771160126e+02 1.218555991124537314e+02 1.220436800265632087e+02 1.132146491292908479e+02 9.574817642905546222e+01 7.609901016412135277e+01 8.772643794773814818e+01 8.002177280126534242e+01 6.044990130774835535e+01 7.172577210224268640e+01 9.135361310363090581e+01 8.634644340633312254e+01 8.053289461600878951e+01 6.129668600939512402e+01 7.633705387508503293e+01 7.633699454258427863e+01 7.282049738954889051e+01 7.679815024163484338e+01 7.241456145033056657e+01 5.870456370508416910e+01 5.932465368975147157e+01 7.891567920559684524e+01 7.623601276648454927e+01 9.587416748212683615e+01 9.442829755756643806e+01 8.636596038736057324e+01 7.367978417914814315e+01 9.253726606488319817e+01 1.048792395265111566e+02 8.606098264963750921e+01 1.046179249945251541e+02 9.727510108235388486e+01 9.831598845210280047e+01 9.120709814923449699e+01 7.294443843432938479e+01 9.237457300519120906e+01
1.189840394001592756e+02 1.208847440771866530e+02 1.278248633209815068e+02 1.080933525916918398e+02 9.412386462882390958e+01 8.532829751218946512e+01 9.574817642902978321e+01 9.165676253974119447e+01 7.202742121337681169e+01 5.822662046722378903e+01 7.468557968299995764e+01 7.909932400732219548e+01 6.674279480628105432e+01 7.305903662369622964e+01 7.362915175108099675e+01 5.741900357336322003e+01 7.632932166641961658e+01 6.914256674501758937e+01 5.721936991935412209e+01 5.783199167053127354e+01 7.741020169132069384e+01 6.134894708349488468e+01 8.049643452155504519e+01 9.150706681434233758e+01 1.040375890234192013e+02 1.085078097518820783e+02 8.902256654997519547e+01 9.259756579050548453e+01 8.118801442228537724e+01 1.004682670697343525e+02 9.731237825557460042e+01 1.137279239108025450e+02 1.151272827972945123e+02 1.069778121540658020e+02 8.750158603550671899e+01 7.379346211496333297e+01 9.320984030182455626e+01
1.153596910528352169e+02 1.017063963381616674e+02 1.153596910528352169e+02 1.220436800265632087e+02 1.132146591757347096e+02 1.050406850422470484e+02 1.004665996283981855e+02 9.230552969860038104e+01 8.592354707577518980e+01 7.468557968299732863e+01 5.519008899740826735e+01 6.379764072462845093e+01 5.304211456174454042e+01 5.358737728024489400e+01 5.413870277810137566e+01 5.469595318469158940e+01 7.420968830785649573e+01 5.635886603602216383e+01 7.591145584595759033e+01 6.564830695267899330e+01 8.365000510960190638e+01 8.049746290808462845e+01 6.416144582614973046e+01 8.337802400416657633e+01 9.452193698922818044e+01 1.084287399400190708e+02 1.085086280601308886e+02 1.066624392385975000e+02 8.707474696576505835e+01 1.066624392385975000e+02 1.169068987367075039e+02 1.250521425255683567e+02 1.184976592832655058e+02 9.879886680625703832e+01 9.404780904079402148e+01 7.464649247488215167e+01 8.357111712759430588e+01
1.068456961218400778e+02 8.843607508376287285e+01 1.028107171384790632e+02 1.049022556056007573e+02 1.129151106119259254e+02 1.062251629577188510e+02 8.653982881941394112e+01 7.267741828463188369e+01 7.989161641469235065e+01 7.901529594923215427e+01 7.089026434349943884e+01 5.227982612821321595e+01 7.166799657677077562e+01 7.305836571524609724e+01 7.363609916421383161e+01 6.144223746484379234e+01 5.551163853384841929e+01 6.935517310956579706e+01 6.413285311799295130e+01 8.267752638880459415e+01 9.445271388918661160e+01 9.151744697203055523e+01 8.337802400416657633e+01 6.698551277378771829e+01 8.061513403844358550e+01 9.769941803707136785e+01 1.116230246657656551e+02 1.148293195078171465e+02 1.008777047084629856e+02 1.008777047084629856e+02 1.206280237959760768e+02 1.269052118625016874e+02 1.071364745974271955e+02 9.880362305178698534e+01 8.006084720888404149e+01 7.550030900919291810e+01 9.489225604565802996e+01
9.887684447063730886e+01 8.000494484444297427e+01 8.390293281775824141e+01 8.596603306295328650e+01 1.000804088952267392e+02 1.081125820549091685e+02 9.348998299384059862e+01 7.989162165474115795e+01 6.035358735639977112e+01 7.011973375100747319e+01 5.155501452997291523e+01 7.089180744989089078e+01 7.166837082629204758e+01 9.125034426443662028e+01 7.870538548750100460e+01 5.916546711151093518e+01 7.505996058797309445e+01 8.228684862064028493e+01 8.359475476933529592e+01 7.280902979231277072e+01 9.231945892998260206e+01 1.024166353882493752e+02 8.276231969545510481e+01 8.636895365674733682e+01 6.999874012021864189e+01 8.377581082377680843e+01 1.010191952153765129e+02 1.123932797062948339e+02 1.206280237959760768e+02 1.206280237959760768e+02 1.287809343071713784e+02 1.211587926633889793e+02 1.013283186000541747e+02 8.757665435798841713e+01 9.875042378297564483e+01 9.408164001488719919e+01 7.671560123098009853e+01
1.011308930971874105e+02 8.944089465754009893e+01 7.035627404345275693e+01 8.944089453267123702e+01 8.082253522094754317e+01 9.697146354422693548e+01 8.533408216950634539e+01 6.576942425989074081e+01 6.935941254802725098e+01 5.084687131998104093e+01 7.012259169527349911e+01 5.689272609476637399e+01 7.641289421038050023e+01 9.045724776018265345e+01 8.685456526358973406e+01 7.870545873247738200e+01 6.297745743218230530e+01 8.258915349173652487e+01 9.498044093418678813e+01 9.231945892998261627e+01 8.315850497193949309e+01 1.028392707226014409e+02 1.024166353737915642e+02 9.769941231951483473e+01 8.953876412881243141e+01 7.324390246880334132e+01 8.453257697139183335e+01 1.042197817488711422e+02 1.137844056982662551e+02 1.137844056982949610e+02 1.335139876966406121e+02 1.211587145797021066e+02 1.013283184604091787e+02 1.013282926844688348e+02 1.052637038848546354e+02 8.580109477941574880e+01 9.610427806393779804e+01
8.514997021755485207e+01 7.416538452288028793e+01 6.546968125111295933e+01 7.888105783083095446e+01 6.965408418244071242e+01 8.800174990058015112e+01 7.654189930254095486e+01 6.860112612619036554e+01 5.014835739460249187e+01 6.362571541212754056e+01 7.817904114696885642e+01 7.641302640476064312e+01 6.273483078082986708e+01 8.231745513341711273e+01 9.501600383381378379e+01 7.536742822231050809e+01 8.258915349173652487e+01 6.719196075545889357e+01 8.682286305860800724e+01 9.948695355249509475e+01 1.028392707226014409e+02 9.705752894613891613e+01 1.167976301334762610e+02 1.092262484988971636e+02 8.951310959479941687e+01 7.566675434971422476e+01 9.528695505867901261e+01 1.023719769546092380e+02 9.401749969979066179e+01 1.080014976081599514e+02 1.277455849713579283e+02 1.292935142036957927e+02 1.211587145797021066e+02 1.211572259469233899e+02 1.126332052287762906e+02 9.314536535034393694e+01 1.019667362956831624e+02
9.126495871275461980e+01 8.894939002222915292e+01 7.169135464993274809e+01 5.968093997629095071e+01 6.089237571781256264e+01 7.091300220299675061e+01 6.730386514134453080e+01 4.945454812251616517e+01 6.860094902687573892e+01 7.742642030614533155e+01 9.099445719488410589e+01 8.681433727976649095e+01 6.721288242187776518e+01 8.681433727976649095e+01 1.031816032372009744e+02 8.924642482486964923e+01 9.498044093418788236e+01 8.682286305860800724e+01 7.170702916254990100e+01 9.132309831664426270e+01 1.045622355262485996e+02 1.167976301334762610e+02 1.248810342515153309e+02 1.092262505384396150e+02 8.951310959535307177e+01 9.528695419392207100e+01 7.936238646646221184e+01 8.269658902109249254e+01 1.023719766427005595e+02 1.162520488612222778e+02 1.179675650548460055e+02 1.376812105696735955e+02 1.362193029067494479e+02 1.167133006913522024e+02 1.054710758301365843e+02 1.096222880086051816e+02 9.010519434022201324e+01
9.125698712192358641e+01 7.234757756588437871e+01 7.823867957917865112e+01 7.353266371638784449e+01 5.401833540883365714e+01 4.936161767746217066e+01 4.876533731205280020e+01 6.774762771344271073e+01 5.428050301004576284e+01 7.370074064155444660e+01 8.726694194932586868e+01 9.171899547614346204e+01 7.210036266597802523e+01 9.171899547614346204e+01 1.079232813495090113e+02 1.089449997263897387e+02 1.052438489199700768e+02 8.555693461833325841e+01 9.132309831664426270e+01 7.676387961672736537e+01 9.639072973818591095e+01 1.103711721535084678e+02 1.217716463017381869e+02 1.173998803762736713e+02 1.092262490193971161e+02 9.750531350090689386e+01 8.360477271099935592e+01 1.023719769558250761e+02 8.832024263980285639e+01 9.818154672850576503e+01 1.179675652220773543e+02 1.344324412248497254e+02 1.443216743709901664e+02 1.330506030137903224e+02 1.183529104090255686e+02 9.883164302001887336e+01 1.096227342312718918e+02
