LEM/sinusoidal_perturbations/elevation_000945.asc
nrows	100
cellsize	150.0
xllcorner	0
ncols	100
yllcorner	0
NODATA_value	-9999
[rows 51 to 67 of 100, columns 0 to 36 of 100]
6.455108993161302530e-03 2.000645510899280666e+01 2.460838599689014572e+01 2.114187291602175023e+01 2.360444224119918033e+01 2.831700674260096662e+01 1.750308556138777405e+01 3.874361448374703087e+01 4.141606689736470059e+01 5.471047667962059080e+01 4.884866092386700842e+01 6.886215177729320658e+01 7.162875324221752749e+01 7.994168191943194302e+01 8.823269088240479618e+01 6.819284521557541723e+01 5.398919261556151383e+01 5.772397960824407903e+01 3.752863352600776636e+01 5.770713584168390042e+01 7.092670528265060170e+01 6.655752435557890578e+01 5.242312874729393712e+01 4.110370306832338372e+01 6.113797098868948154e+01 5.172998436352541063e+01 5.172998436352507667e+01 4.733383265496437531e+01 2.731527549971423952e+01 4.733724167941666394e+01 5.167053601531556239e+01 5.167053547723268281e+01 5.849568685831503245e+01 4.295088577576922972e+01 4.626514237069910251e+01 5.824599668720674828e+01 7.590739023656983875e+01
3.995603441288198172e-03 2.000399560344093430e+01 3.828907581536007854e+01 4.114410626822343886e+01 4.361070564145103390e+01 4.528614969528469203e+01 2.369090787815954258e+01 4.600515689817662235e+01 6.142621577591537374e+01 6.971625832998620353e+01 6.886215177729320658e+01 7.715821142809176081e+01 8.679118915502198206e+01 7.829002291972442151e+01 8.679118915502198206e+01 7.146764277343483229e+01 5.138156464978081317e+01 3.971234179971060740e+01 3.331409733494219694e+01 4.269084748128706508e+01 5.686942519560838605e+01 5.654254105174926792e+01 3.823122491733268902e+01 3.551907754642707005e+01 5.557739113545122933e+01 4.993763642874478847e+01 3.175407205697046464e+01 4.334393823655962308e+01 2.564534764327912342e+01 3.981805620745597452e+01 5.974991505908350575e+01 7.154060703917249953e+01 6.283431897004869882e+01 5.703874694807301182e+01 6.609390053352976224e+01 5.134718816622649484e+01 6.121072201720700434e+01
4.804567899273937473e-03 1.000480456789918726e+01 2.414694019162988781e+01 4.414694019162917726e+01 5.610269627723269537e+01 5.484362130157635562e+01 4.630664028407355914e+01 3.852586539831902712e+01 5.375554775788262418e+01 7.403574637122758872e+01 7.980027604016798648e+01 8.109955552753675079e+01 7.261896050164486383e+01 5.800596106546814923e+01 7.661407416495944744e+01 7.978429305108048197e+01 6.814103133016932645e+01 5.978296585236851968e+01 4.855462362837462820e+01 2.843652400154697091e+01 4.857664607921069688e+01 4.825513153233059427e+01 2.818427731696327498e+01 4.825509400581741914e+01 4.773170252049002471e+01 3.947925748331665829e+01 2.175235453826384102e+01 2.334778492347879819e+01 4.334351689453603029e+01 3.832622582094695218e+01 5.245704645248428477e+01 7.229920008197969139e+01 8.263507963196278183e+01 7.682607028416965989e+01 7.926803107949763216e+01 6.273171749262018437e+01 5.731720182017313192e+01
9.707512844716031236e-03 1.415184313657579196e+01 3.415184313657649540e+01 3.610269627722999530e+01 3.610269627722999530e+01 4.984043075576237669e+01 5.812470200231617667e+01 5.969548040792130905e+01 6.804496313957548637e+01 7.389244454397339723e+01 5.948826909785309880e+01 6.937448841742670425e+01 5.237912390787771244e+01 4.794731328214462707e+01 6.814799199259628892e+01 8.067533293195563715e+01 7.147139354526917998e+01 5.114569682989417743e+01 3.688722810617353787e+01 2.527351586692766716e+01 4.113071310031628514e+01 4.406985117481027459e+01 2.401544196984388435e+01 4.406932530243778956e+01 3.951138579927451389e+01 1.953285223632871492e+01 3.951971801144343743e+01 3.750204282816599743e+01 5.156075063640729184e+01 5.826866512426764189e+01 6.649179451630106996e+01 7.512443875167265617e+01 8.348102252059553052e+01 9.158430164290386699e+01 9.067639989977358539e+01 8.245107613003223435e+01 7.120873232914590290e+01
5.001202446392439237e-04 2.000050012024428270e+01 2.825805087170214236e+01 1.610269627722928831e+01 2.276936294389607340e+01 2.984043075576167325e+01 4.138743613955459466e+01 6.138743613955558232e+01 7.546628396129378302e+01 6.376444020214759689e+01 4.524612234400599675e+01 6.032869720404873704e+01 4.076918494481439126e+01 4.035084769143779226e+01 5.196011881286612066e+01 7.219607851113394759e+01 6.553213501315505596e+01 5.722124438233691990e+01 5.368377754780652822e+01 4.113071307020865675e+01 2.106024549268155255e+01 3.706535510217141649e+01 2.009492277004822824e+01 3.468184231357305691e+01 3.583518161480770203e+01 1.798077086360420296e+01 3.797226025589710474e+01 4.780450379540449291e+01 6.554408021578407784e+01 6.711794287772714540e+01 5.878344100045998033e+01 5.393815742120310830e+01 7.364070965734906338e+01 7.163537978848550836e+01 8.575881727368684437e+01 9.557601377276490950e+01 9.099169457887052204e+01
5.279685921607564676e-03 4.087762590560255482e+00 8.258050871701787088e+00 1.980505625549450599e+01 3.394719187922595438e+01 4.984043075576237669e+01 5.812470200448615287e+01 6.967170738915022810e+01 6.700642415575637756e+01 4.680273757166334292e+01 3.519467519214168760e+01 4.584436499805180176e+01 3.177958056197274672e+01 4.338610365553151382e+01 6.356697032960002502e+01 7.300205307178757153e+01 5.722124438233691990e+01 3.706722560157712110e+01 4.297020103430059379e+01 4.943098195106941972e+01 3.706535510217141649e+01 1.702044734470696952e+01 3.311331450782032704e+01 1.464998644159734020e+01 1.579606828474181945e+01 1.757983022955418306e+01 1.937745461685007342e+01 3.946757481101001019e+01 5.041359868380715170e+01 5.877887189529373302e+01 3.927454452909027083e+01 3.951219402290443128e+01 5.570452891423085617e+01 5.798622745766549968e+01 7.538958490246918132e+01 7.538958483350150175e+01 9.173559845390492740e+01
5.738623160518319517e-06 2.000000573862280362e+01 2.825805087170214236e+01 2.240018649543298679e+01 4.240018649543369378e+01 6.223146312706181504e+01 6.163912580335489366e+01 6.760844235916025013e+01 6.048820914176121022e+01 5.207166621840640630e+01 4.584436499683801003e+01 2.567740781500960878e+01 4.584436499805180176e+01 6.032382772400872284e+01 7.201065036393387686e+01 6.471701919630663724e+01 4.448944730953203930e+01 3.290177696323711132e+01 2.326514913185848243e+01 3.415783392209475977e+01 3.069228610085104947e+01 3.168944079516072421e+01 1.312496130265954086e+01 3.312458374170970643e+01 2.474425860804539923e+01 3.793551355766887667e+01 3.946757481101001019e+01 2.195308628891087466e+01 4.206229996743270760e+01 4.731001617190580788e+01 3.085619228495714594e+01 3.771757047681394681e+01 4.521768145539368788e+01 6.176666914168051647e+01 5.508094999454986151e+01 6.313782651254180678e+01 7.341276750508382065e+01
4.532054705376768917e-03 1.414666767843620221e+01 3.414666767843549167e+01 4.240018649543369378e+01 5.068445774311616958e+01 5.577757956339143419e+01 4.145452296085721855e+01 4.736645625786751879e+01 5.207166621859565936e+01 3.187295769595239037e+01 3.778902245087860479e+01 2.218171951866385783e+01 3.652712485594614833e+01 5.668572395234092198e+01 5.420148906139621658e+01 4.575773142180653963e+01 5.396764916266852197e+01 4.880760229915565418e+01 3.415783392203945112e+01 1.479365435025993492e+01 1.083170167553346452e+01 1.175537633177404118e+01 1.705693297918705298e+01 3.805618000398914091e+01 4.447101961454604435e+01 4.089450222002707136e+01 5.031665549945400784e+01 4.177781649370654549e+01 2.457837528025250506e+01 2.713595383330278210e+01 4.731001617190580788e+01 3.526960285521514749e+01 3.844002294984901624e+01 4.165784955578018867e+01 4.501003644965584982e+01 4.875689984273643063e+01 5.306699602565809926e+01
9.001595176218036079e-03 7.568291083839898903e+00 1.651256604190152899e+01 2.805980399749994092e+01 4.808511622546610198e+01 4.736645625786720615e+01 2.732037928474700905e+01 4.736645625786720615e+01 4.202163358806421201e+01 3.361978335221650838e+01 1.736378906565757774e+01 2.925253994387369971e+01 4.945005294272326068e+01 5.377884864367196371e+01 4.405728887111707337e+01 2.600173650291738525e+01 3.795636190228303519e+01 2.509509585259868203e+01 2.494204550865534742e+01 9.522920809298186740e+00 2.929335805612402410e+01 2.060390180682972883e+01 3.781087232164222200e+01 3.171235079168573279e+01 5.337153852571157842e+01 5.467655859370883320e+01 5.549009504193052322e+01 3.531916411560920466e+01 4.471728244004840036e+01 2.876850383825575719e+01 4.893258991163585137e+01 5.811158604365353142e+01 5.846079955768193059e+01 6.176666917099614551e+01 6.523526780497529387e+01 6.049919253556746668e+01 7.341276750508382065e+01
5.674351268809080251e-03 2.000567435126845339e+01 3.586186465884122043e+01 4.482781451645772108e+01 5.639320312972308358e+01 4.027909757756169995e+01 2.038517485013060693e+01 3.801466877633099983e+01 2.960061094556915862e+01 1.312546798225709210e+01 3.361978335221650838e+01 4.618040484709502635e+01 5.785897959006722857e+01 4.509980162493155120e+01 2.430205444789857339e+01 1.603445685118396113e+01 2.629857660524462659e+01 7.273812188661504585e+00 8.168110849563916531e+00 2.792526782145911568e+01 3.757954190544967332e+01 4.027580852726228500e+01 3.670578905354765453e+01 5.337153852571158552e+01 6.179009160755277463e+01 7.416536241702530674e+01 6.382586956277410906e+01 4.540913929849016029e+01 5.726787901076538390e+01 4.893258991163585137e+01 3.318835463330783142e+01 5.335580782518091780e+01 6.578584749298556744e+01 7.411289635080768790e+01 8.417537797326238547e+01 8.078985217412076736e+01 8.912210212649375762e+01
9.518805923843161668e-03 1.416019671057063434e+01 3.431892975666613665e+01 4.401203714574445058e+01 5.111870432748557391e+01 3.278179001133639048e+01 1.432601491192405874e+01 2.631575104925492070e+01 9.374733163401181457e+00 2.830543202626112276e+01 2.841211617449448212e+01 3.618289525361834080e+01 4.856262811939207324e+01 3.949349114373176661e+01 2.848159943014220730e+01 7.008265286249276471e+00 6.580058880296950186e+00 6.918075117532938023e+00 1.986031516895918259e+01 3.258762517568777639e+01 4.055718393351251194e+01 4.957618090973192437e+01 5.616057355709151722e+01 6.430465894354748002e+01 6.576963509938413210e+01 6.793424293498988220e+01 7.389831380461967569e+01 6.557452039506313213e+01 7.389831380461967569e+01 6.168594547768656611e+01 4.484386539576077269e+01 3.799179333220149601e+01 4.563840928443005396e+01 5.571438201005139490e+01 6.996729648094171239e+01 9.007707118944077251e+01 9.949648081687803369e+01
9.062254805971973678e-03 1.993109697491627585e+01 3.221188461542237746e+01 2.806466616104651024e+01 4.387179131772354879e+01 4.214231890979699813e+01 2.630871312329297851e+01 7.159284566049278098e+00 2.287684852077416409e+01 6.058650666978464550e+00 1.323009937121076440e+01 2.335761240040998743e+01 3.805851131232789442e+01 2.939364524135777401e+01 8.675844361137007965e+00 6.123077673323047421e+00 2.454994161821477050e+01 2.656461085115927290e+01 7.395002640379200187e+00 1.185264783114032916e+01 2.216994580457216912e+01 4.047084923042111626e+01 5.120420124056875721e+01 5.591331821647817435e+01 4.606561194571964535e+01 4.821896598192746808e+01 6.793424293498988220e+01 8.152955684023184801e+01 8.365295709744511043e+01 7.330526197563371227e+01 6.498333741931941177e+01 4.965665661554204036e+01 4.378675804573826014e+01 6.398700060000909673e+01 7.592543206555248503e+01 8.305764456328715539e+01 7.936310042364640083e+01
3.063233560239582431e-03 7.734488351879226009e+00 1.609704573756181745e+01 2.829266694046978969e+01 2.669423404218565210e+01 2.447429062465100458e+01 2.233270779179732557e+01 2.489379097747982161e+00 2.808766073411121056e+00 9.293060039201090916e+00 1.493907094895907584e+01 2.375457256482040691e+01 1.842106116395029503e+01 2.374607698866576655e+01 2.516366437363884501e+01 5.798290110872901693e+00 2.429537793400058376e+01 3.495878004501123115e+01 2.696754093671722075e+01 7.877530356589637073e+00 2.154413924718755169e+01 2.460983133419423652e+01 3.872361432065203957e+01 3.623751949508346115e+01 3.216673047791331896e+01 5.183678671077118594e+01 7.105190046476519683e+01 6.192765665355999971e+01 6.407658999840678860e+01 8.365295709744511043e+01 7.812486028191767673e+01 6.980141042991692757e+01 5.546724610652412935e+01 5.029728114825258700e+01 5.573760188556877893e+01 6.288470127524067266e+01 7.715979416698360183e+01
5.666595628964066558e-03 1.711885602086934810e+01 1.938145649692564731e+01 2.068247605980819159e+01 1.403011381079712461e+00 1.720827260036991602e+00 2.038746570744371045e+00 8.282356705020953669e+00 2.244991594152905634e+01 3.264322320917969922e+00 3.586541598858020929e+00 3.908932930402131856e+00 4.232547108334562047e+00 4.556329585458925635e+00 1.010610912578400900e+01 5.473561704392928107e+00 2.790997069141281628e+01 3.988099584118372576e+01 2.862979509448802418e+01 8.221458141242191431e+00 8.101562914410552096e+00 1.108843305525955714e+01 3.075652026191628963e+01 2.221574666362607786e+01 4.200041673505490536e+01 6.000860264298558633e+01 5.141020012855535271e+01 4.801436945851207128e+01 6.766892029409432041e+01 7.623954052037726115e+01 8.195832893383104079e+01 8.395312387184522152e+01 7.562520104242636876e+01 6.011128882044003063e+01 7.592543206555248503e+01 7.222774428554347992e+01 9.139266676829382163e+01
2.110006612196471242e-03 3.191323576581719390e-01 6.362000058299571714e-01 9.537561900733805276e-01 1.115305564909613523e+01 1.720507563074346891e+01 1.969912544073783778e+01 7.742255761771363431e+00 2.601777574698331819e+01 3.064672648035614344e+01 1.821588246893010066e+01 7.756920648463644596e+00 2.148144763769515109e+01 2.405119708572807369e+01 5.014453787580677613e+00 2.555855326828647378e+01 3.674205558651969028e+01 3.277981559330393679e+01 8.702253205387879831e+00 1.993539086320448561e+01 2.771808892073399022e+01 3.066272618312022047e+01 1.405707677543020750e+01 3.390846520858062263e+01 4.273420947962151217e+01 4.839593038082497145e+01 3.755746436873906902e+01 5.352944076989506783e+01 5.780808097496983322e+01 5.655495809836250487e+01 6.232033438887344090e+01 7.845888167425177073e+01 8.822579886114252190e+01 7.473870517364269972e+01 8.911176634417228115e+01 9.237825591994794650e+01 1.007097964434007764e+02
9.367352646185668139e-03 9.806933488930017262e+00 2.086084911062974712e+01 1.784855638821375434e+00 8.793938654868169280e+00 1.521266735786675639e+01 2.525603693414224793e+01 1.227170079801123315e+01 3.119779208051252439e+01 4.420826327442708958e+01 3.125891558929474456e+01 1.168263914936542491e+01 3.121081917954075635e+01 3.079709187674033544e+01 1.029213120881874310e+01 3.087537337210416766e+01 4.623177979463758902e+01 3.203818901223754523e+01 9.038409932785551604e+00 2.560255072306395618e+01 3.649911172043924523e+01 4.101471994800046872e+01 3.389872563580163245e+01 1.759921191350329650e+01 2.300132891903308519e+01 2.878071162098561686e+01 4.775732380024602719e+01 3.402266781715417920e+01 3.827218752284747438e+01 4.273059840444217627e+01 5.089352744783035831e+01 6.093302413897399816e+01 7.453223249763605907e+01 9.403280345861941214e+01 1.042236745719874875e+02 1.063396182851187746e+02 1.018137664229350463e+02
3.648181865326004768e-03 1.954362170122054820e+01 3.412258287156758030e+01 3.199314903266381904e+01 2.156015606042052468e+01 3.031275011620532567e+01 2.364580624981034518e+01 3.118031275376518252e+01 2.456839546994000401e+01 4.463623348636583898e+01 3.598348734197492149e+01 1.585088901191186928e+01 3.598368134694535314e+01 3.923127148348326187e+01 3.087622002657703746e+01 1.888040801888469034e+01 3.753600814115447548e+01 1.163032771533631937e+01 9.369079776836564122e+00 1.282757936213760708e+01 2.279298765458414167e+01 4.206875033407990117e+01 4.525946383171032750e+01 3.746116440669723602e+01 2.184486577331604096e+01 2.498168328656900883e+01 2.820480097125970076e+01 3.692983214759824051e+01 4.668345363243629009e+01 6.232043877884903083e+01 5.314873500238565640e+01 6.301773589675244125e+01 7.697083704624166955e+01 9.647765968687423310e+01 1.063408601529659734e+02 8.676604693946082136e+01 8.204737729382290468e+01
