LEM/sinusoidal_perturbations/elevation_000589.asc
nrows	100
cellsize	150.0
xllcorner	0
ncols	100
yllcorner	0
NODATA_value	-9999
[rows 17 to 33 of 100, columns 37 to 73 of 100]
7.328150122334059802e+01 8.151741187314456738e+01 8.408643199668162538e+01 9.251539789378344381e+01 9.670492172131569930e+01 8.331913840011644368e+01 6.224869861067549692e+01 8.331913840011644368e+01 1.026205952083732313e+02 9.677350796703009905e+01 8.284076967570364047e+01 9.677654663224409148e+01 1.081348981092577901e+02 1.026446347111014319e+02 8.639718614728320745e+01 6.366180884893685032e+01 5.672122032636312383e+01 3.744144282321590111e+01 3.282204083028223351e+01 5.064393759286403451e+01 3.957556940754611929e+01 5.985537857918344429e+01 7.256613357030653333e+01 7.892446051424468578e+01 8.632709772982677521e+01 9.464057976850190812e+01 9.116253575825177791e+01 7.855949679615102355e+01 7.382529250038487589e+01 9.257693088544793625e+01 1.132348097689975219e+02 1.030462867759786860e+02 9.490398837422921474e+01 9.006005770130713017e+01 8.166769808815195120e+01 7.269751814294085079e+01 5.093615850924495447e+01
5.314161874405387209e+01 6.485332447361805919e+01 8.479460477104667859e+01 1.027515661459992202e+02 8.239097085195692216e+01 6.752020999199345397e+01 5.719810413041358998e+01 7.835276415239266612e+01 9.404405617882393642e+01 8.746656082480240002e+01 6.741716784683499952e+01 8.746757358531347393e+01 8.972441995405530690e+01 8.437281565845272269e+01 9.443689386586400758e+01 7.563358359375257578e+01 5.348324807328899055e+01 5.248055215790358830e+01 3.230420768350213478e+01 5.227388747981183315e+01 5.980169388026541100e+01 4.606628016239189805e+01 5.159550807468448141e+01 5.783627576058771069e+01 6.538927783359970647e+01 7.770345717083711179e+01 9.810720980888270049e+01 9.934124435362733152e+01 8.479873421309990533e+01 1.036553247454855580e+02 1.184388593075971414e+02 9.879190937994169985e+01 9.690158825745118065e+01 8.167766316889294842e+01 5.848973488999683923e+01 5.415940510262793595e+01 5.187200917619080087e+01
6.251628121657170567e+01 8.151741187314456738e+01 9.301393158464632904e+01 9.298420215068784955e+01 8.769174331919282395e+01 7.362240871738892167e+01 5.248000638490942293e+01 6.477823747743822480e+01 8.570299306564129438e+01 7.914908973093601219e+01 5.690486843513769344e+01 7.914908973166437534e+01 8.972450755426982028e+01 7.107907133902514829e+01 7.918439335998017725e+01 8.377837667447631986e+01 6.975797813505742795e+01 4.696483251641780754e+01 3.179006105459484033e+01 4.307663559942356102e+01 5.793721958790398219e+01 6.674992312243944070e+01 6.292838636603089242e+01 7.892446051424468578e+01 8.632709773082858362e+01 9.464057976850190812e+01 1.063254659030829146e+02 1.139683365561165544e+02 1.054735373382581400e+02 1.139683365561165544e+02 1.172340120963659729e+02 9.879190937994168564e+01 7.858470803448764741e+01 6.708004794407339944e+01 8.166769809434072158e+01 7.693573316433507614e+01 7.351926072180583560e+01
6.104901074610489076e+01 8.106893629004133572e+01 8.682695507015250769e+01 7.234385310998740692e+01 7.299028845684935618e+01 5.828661434809843200e+01 4.862549045081536292e+01 6.357045845949963336e+01 8.448554139944431540e+01 7.211338635805608988e+01 4.952485457985127226e+01 6.854786475403922452e+01 9.126074934169407982e+01 7.609864575270705700e+01 5.914473199693823346e+01 7.017979503054671397e+01 6.491369415384090757e+01 5.293247069770661994e+01 3.128043394100996721e+01 4.150042259956551050e+01 5.450355825605198845e+01 6.989039866367494369e+01 8.375384121602895959e+01 9.211850124661879136e+01 8.995665113505926058e+01 9.824808317780690459e+01 9.833176702713244310e+01 1.065485717765930218e+02 1.071247640433278008e+02 1.152979165677053999e+02 1.091255852656786516e+02 8.942433408467427114e+01 7.748612884109127208e+01 8.281563988271362575e+01 9.690158825745118065e+01 8.449397809667566150e+01 6.308205362309833930e+01
7.517239163794083368e+01 8.181421711307601186e+01 7.332992841657156191e+01 5.742097103772283617e+01 6.442865233470439534e+01 4.350025578128185799e+01 5.956286894235282148e+01 6.814134730029552145e+01 8.017958673127570535e+01 6.594777732620860888e+01 4.358753552644507323e+01 6.594777732620860888e+01 8.143033221698858881e+01 8.190801381327703723e+01 6.159414299930448067e+01 4.852149714514955292e+01 4.282797783052306784e+01 3.781181794028215393e+01 4.981942086235706313e+01 3.057086666662189245e+01 4.191998953521630966e+01 6.181977141650949648e+01 7.313050954129130332e+01 8.160416996546523194e+01 6.917676603833790239e+01 8.637976765408593849e+01 7.793265074087445043e+01 9.486617093371201292e+01 8.717422149889343075e+01 1.038164661343359683e+02 1.138112495683131016e+02 9.414161793665132905e+01 8.942433408467427114e+01 1.028661854306504750e+02 9.550840258782915271e+01 7.490230120863529351e+01 8.449397809667584625e+01
8.671702840569335535e+01 7.332993113501032667e+01 5.241221489496525976e+01 4.696138280174649537e+01 6.371930124738091905e+01 5.513753191371279883e+01 3.880609675144361859e+01 5.069236444521842344e+01 7.168024119413173878e+01 6.042702217300212908e+01 3.847708001849829174e+01 5.102082834048359672e+01 7.296389507173557831e+01 8.982119637735287654e+01 7.829750044648440621e+01 7.017943157628928930e+01 6.267712814966483137e+01 5.436110135153116829e+01 4.942957566253670620e+01 3.007619190302293077e+01 5.016291748579744336e+01 5.762209700834684867e+01 5.205254881296173863e+01 6.459655422149366188e+01 5.683089793240030474e+01 7.328694919903924188e+01 6.557675802623880656e+01 8.466288520549326790e+01 7.513303433478937166e+01 8.977544493320554864e+01 1.096832735447233915e+02 1.138112495683131016e+02 1.091255852656786516e+02 1.172340120963659729e+02 1.036633682267268881e+02 8.709714098397485316e+01 1.036633682267268881e+02
8.266415847963779129e+01 6.179178266783944196e+01 4.696138280178406887e+01 3.784616702891011641e+01 5.098293084254487439e+01 3.457329465814063951e+01 5.513753191371277751e+01 6.814176505306770082e+01 7.097817806478050784e+01 4.918636810539015869e+01 3.418288959740571187e+01 4.918636789087753414e+01 7.097807161666800368e+01 7.507349809116666961e+01 8.348122216891120217e+01 6.917929344912175793e+01 4.829675833491960901e+01 3.560626659089165713e+01 2.939190853579212259e+01 4.001560912074304355e+01 3.426112293659856078e+01 3.727904578633648924e+01 4.037788000554301959e+01 4.371270809711265315e+01 4.765164989138299489e+01 5.192550560215303790e+01 5.744461916645121846e+01 6.352825267661112463e+01 7.870682292237536615e+01 9.904209154773562318e+01 1.023854942471547389e+02 9.606919385818744672e+01 1.043937860307846961e+02 1.100617840572265038e+02 1.041878786369720729e+02 1.069983996165706657e+02 1.150923744168244696e+02
8.864154509887914912e+01 6.790516000364107185e+01 6.569173514776187517e+01 4.489033979275660613e+01 3.066336184426734590e+01 5.098293084254485308e+01 6.371930121118957402e+01 6.287518829696263367e+01 6.224094311582508965e+01 5.064124772479958381e+01 3.060433350783171491e+01 4.585794110147007530e+01 5.715955707325660740e+01 5.424979475557761788e+01 7.154800206321007749e+01 7.524546956685260568e+01 5.440463772842692691e+01 4.890023292817317468e+01 2.891058086458912513e+01 4.842538922441944749e+01 4.958018986472599465e+01 5.762209702617120399e+01 6.096114324082194003e+01 6.459655422149366188e+01 6.883278030402128422e+01 7.328694919903924188e+01 7.880119280003376048e+01 8.466288520549326790e+01 9.297514795012421018e+01 9.640463015215053133e+01 8.209046937870635929e+01 7.559594947540941234e+01 9.263711848799496806e+01 8.991591248043611984e+01 8.400427053666896882e+01 9.825962180850034144e+01 1.101963569882336884e+02
7.308465666466911159e+01 7.308465666467051847e+01 6.318756037354956590e+01 4.246817824035534272e+01 2.840632776920243074e+01 4.520468311960372176e+01 5.027790314087017975e+01 4.548195453462620463e+01 4.932986591781049412e+01 3.710180097643443276e+01 4.357591257795458972e+01 2.650368097229003794e+01 4.654915773005895829e+01 4.221728884291187001e+01 6.200874762202096946e+01 7.340728571390462776e+01 6.372896155375269700e+01 4.476830229268411898e+01 3.818656573565242240e+01 2.822130176311181060e+01 5.270131905041183273e+01 7.715701328058922570e+01 7.146415850852866924e+01 7.072271623511142025e+01 6.214592182404531684e+01 7.072284213277697518e+01 7.724580767644631862e+01 7.726983003507284309e+01 8.573415245153564967e+01 8.803474453832529889e+01 6.708436895644793196e+01 6.308592542269372672e+01 7.395584333065106364e+01 7.789074791976737799e+01 6.908771649198116904e+01 8.171906578110497321e+01 9.331170189970497120e+01
5.234688973344353968e+01 5.234688973344353968e+01 6.695198326128387123e+01 5.672179094085297635e+01 4.467789562561905825e+01 2.533876044847496445e+01 3.827910064445956095e+01 3.325177980062903771e+01 4.213098832256378756e+01 2.351454523144069597e+01 2.385169942266798770e+01 2.418848922550089497e+01 4.403274304287371166e+01 3.324124906535278257e+01 4.492661246597265290e+01 6.546609691568099265e+01 5.542749815529597157e+01 4.694092789834627411e+01 2.750562478291737634e+01 4.486929520230428636e+01 6.018296641083311016e+01 7.146271963063539090e+01 5.052656532296605718e+01 5.436767228360457693e+01 4.130633394404971170e+01 6.012074749240605342e+01 5.618601764579760527e+01 5.618930473612244469e+01 7.726983003507284309e+01 8.513084059605417053e+01 7.478456357858635783e+01 5.318273374360955330e+01 5.232708027110415827e+01 5.633838786887238115e+01 6.122252042127089311e+01 6.667036068695425399e+01 7.281075099888907687e+01
5.841781670469750765e+01 3.780713576028441736e+01 4.870369945727478012e+01 4.951753544907384708e+01 4.256061484262056638e+01 2.960978100409982972e+01 2.234900735263247995e+01 2.269431919836875977e+01 2.303580760152662066e+01 3.664816896790831890e+01 4.295379595529530548e+01 4.376874501597087885e+01 2.466812962779271956e+01 4.433004316728844429e+01 4.859583811972392198e+01 4.601654956233229399e+01 4.639936228855370359e+01 2.675571974221054816e+01 3.785114613308655152e+01 4.665587081903289146e+01 6.731272866517335274e+01 6.430564917653258306e+01 5.436674456149792434e+01 3.170397194744783320e+01 3.130955966324049200e+01 5.105660522432378201e+01 4.150780338163137628e+01 5.598887611297390521e+01 7.717135921113757036e+01 6.404845713180017697e+01 6.404845713180017697e+01 4.696646921151074139e+01 6.854865257268529888e+01 7.789074791976737799e+01 7.386680797307654700e+01 8.762576115596115756e+01 9.331170189970497120e+01
5.080141650722617896e+01 4.869496213766923631e+01 2.854390966577838284e+01 2.664628094145944814e+01 2.150919704890663198e+01 2.186051358550900048e+01 4.158862900441537391e+01 3.805401242567140230e+01 2.738120688592374208e+01 3.145869856101577255e+01 4.936269277931517507e+01 4.748179944374624029e+01 2.954586999706211969e+01 2.515030633445309860e+01 2.549287859651904142e+01 2.584397366703477772e+01 2.620894485478349978e+01 4.586509592116820500e+01 2.754782850445808506e+01 4.770683748550725767e+01 4.909969677693074175e+01 4.349641564253528969e+01 5.014674791918767482e+01 3.057619363187902195e+01 5.093638743746452491e+01 3.205642985719985916e+01 3.808692292211221542e+01 5.961275829806677251e+01 6.947123235471248393e+01 6.079853622446665895e+01 4.261375660157022338e+01 4.603172824783670336e+01 6.759312969451895015e+01 8.138057983220078029e+01 9.439567951786762023e+01 1.027102636454506666e+02 1.042189763974303389e+02
3.230813382003373135e+01 3.988244565068364977e+01 3.793526665286541544e+01 2.100695029576329986e+01 3.744507656719245148e+01 2.616056103648130815e+01 4.434089985650302168e+01 4.351037224576286633e+01 5.021557159159078054e+01 5.151499751695991591e+01 4.232594715077334513e+01 3.667852720723450943e+01 4.698517015088286541e+01 2.737504730780623419e+01 2.671490020079740546e+01 4.566654422873511976e+01 3.276705997409518289e+01 4.961789946123695216e+01 4.101486095082928784e+01 2.830177840161425706e+01 2.882054056851750090e+01 2.933181012507811758e+01 2.984329849134180179e+01 5.014659262585271193e+01 5.945108294303238239e+01 5.249014581525342038e+01 3.282594924403241521e+01 5.334766380373839212e+01 5.766004086634856662e+01 3.951222950008922652e+01 6.079853622446665895e+01 6.759312969451895015e+01 5.119546107949475555e+01 7.284356646505919741e+01 8.304152660445666356e+01 8.788827134005322250e+01 8.421802913219904951e+01
1.978063655551325084e+01 2.014159358426738322e+01 2.050152799239187118e+01 4.023023968595570210e+01 2.628218332891632869e+01 4.434607292284454871e+01 5.661138623402536751e+01 6.517459752369921944e+01 7.370222679629783613e+01 5.552957844045479874e+01 6.060951240060554568e+01 4.176764484286420043e+01 5.822975570992964123e+01 5.331615425894173654e+01 4.812506552306550134e+01 3.004736430003528724e+01 4.899715206043887861e+01 5.800315300121270212e+01 5.371938014091134761e+01 3.367859987359364737e+01 4.874478470281809450e+01 4.958405104934108465e+01 3.713293213067631626e+01 5.616508666171137065e+01 6.416215331407863687e+01 5.290294623606582292e+01 3.337734654663002232e+01 3.513756585564726720e+01 3.677071850649618057e+01 5.141639361775935413e+01 6.946731481021797094e+01 8.138057982921978351e+01 6.391664717850496658e+01 5.718992127703636896e+01 6.175812908971449389e+01 6.718132449655196581e+01 7.348137481125624504e+01
3.888452639792313903e+01 3.986486644892720221e+01 2.440940548332520521e+01 4.294851270222580553e+01 3.010135026336066133e+01 4.933774700631645516e+01 6.344907008453844810e+01 7.476871908862200655e+01 8.431712654947365593e+01 6.991695595461663970e+01 6.893225964062541777e+01 6.060989575819101560e+01 5.092638254776930040e+01 7.059429254641530349e+01 5.481437943885711661e+01 3.309935541243320500e+01 4.842265113405309052e+01 7.024631088467083373e+01 6.046740859357363007e+01 3.968117187512503108e+01 6.032155465043251041e+01 6.480772228375896304e+01 5.655037735172408020e+01 6.525141062366475353e+01 5.597237069433140277e+01 3.419598941501941169e+01 4.436893273707610774e+01 5.036177243005522541e+01 5.743664405788356930e+01 6.634615749297377363e+01 8.126656896662326801e+01 9.342891114112468642e+01 8.503796498802499571e+01 7.264472988615405313e+01 7.706281099513076072e+01 7.919271322943373548e+01 9.373498498217365693e+01
4.843238163101973015e+01 5.132838653512841631e+01 3.624911122518453510e+01 4.296409256056561077e+01 4.933806621816370352e+01 3.597753111206677090e+01 4.704135496146115258e+01 6.650472073026209330e+01 7.774600488176747604e+01 9.055526196474195899e+01 8.502034248664327265e+01 6.461882708097297723e+01 7.059429227798237605e+01 7.876577878618037687e+01 5.868163569127241885e+01 3.662197558429512156e+01 5.229905072728320903e+01 7.409056373828749997e+01 6.724074122130983255e+01 4.999289376076226432e+01 5.664328915601155501e+01 7.748569426091444257e+01 7.377676785459529185e+01 6.038091596103973302e+01 3.817307429731401669e+01 5.493210285072292720e+01 3.503545510034642518e+01 5.268154975420223707e+01 7.333715546907104965e+01 7.367244303925589577e+01 8.038907564671090711e+01 8.833513951194892400e+01 9.667226641861567771e+01 9.330871595415972308e+01 9.747542291406291781e+01 9.939636156710996318e+01 1.076993959306750526e+02
5.348352179829448261e+01 6.235317788412928053e+01 5.904811150924613372e+01 6.361938619023467822e+01 6.344906850154136180e+01 4.954495746410450607e+01 4.339219004538691138e+01 4.978778376759228763e+01 6.352129686520709839e+01 8.360510725894448569e+01 9.328393785559909190e+01 8.502034247014793777e+01 8.093994025301842044e+01 5.934057093063218957e+01 4.901280088928687917e+01 4.114257361265669743e+01 6.339178123950129162e+01 8.031146529849414151e+01 7.989940809784455666e+01 6.512307524026904559e+01 7.748569566880941295e+01 7.850336858390242867e+01 6.498747941359872016e+01 4.241297197105577510e+01 6.038091392918300926e+01 5.597598575546522426e+01 3.562910150793256037e+01 5.597636949207585388e+01 6.503314520248333963e+01 5.251058046125672973e+01 5.914921840059716374e+01 6.731183062269256823e+01 8.236352632786311290e+01 1.027518890502151550e+02 1.046249082746437296e+02 1.046249082746437296e+02 1.128445204617688091e+02
