LEM/sinusoidal_perturbations/elevation_000145.asc
nrows	100
cellsize	150.0
xllcorner	0
ncols	100
yllcorner	0
NODATA_value	-9999
[rows 0 to 16 of 100, columns 37 to 73 of 100]
1.073324205846426906e+02 9.890026105010771573e+01 9.346511858869152434e+01 8.746208124519593241e+01 8.789018932243916993e+01 9.389240580217916943e+01 9.745837433926669746e+01 8.896161371634377701e+01 8.896161371634377701e+01 9.498410308007885305e+01 9.797465350517205707e+01 1.039936645273585327e+02 9.994346311409651662e+01 9.198015302291469197e+01 9.994346311409651662e+01 1.022659295649446420e+02 9.400292455295543448e+01 1.022659295649446420e+02 1.075206909485720956e+02 1.053486362049267484e+02 9.707567941118284693e+01 1.053486362049267484e+02 1.078238977532003418e+02 9.965268220409465982e+01 1.078238977532003418e+02 1.095701266731802832e+02 1.037950423624137102e+02 1.037950423624137102e+02 1.119475012930632261e+02 1.108790391055917013e+02 1.025986217247956347e+02 1.025986217247956347e+02 1.044726837175065555e+02 1.127551002831054774e+02 1.208366109675311577e+02 1.125438845751951789e+02 1.208366109675311577e+02
8.867473643132765915e+01 7.834389056241811033e+01 7.294028725244398004e+01 6.692516323065801487e+01 6.735172753474066099e+01 7.336730371721684207e+01 8.896161371634377701e+01 6.848234680536671704e+01 6.848234680536671704e+01 7.448058520986268149e+01 7.743066497731690845e+01 8.344785990450699842e+01 8.990759085893098757e+01 7.155772980709870978e+01 8.990759085893098757e+01 9.244488787991365086e+01 7.448782886973975792e+01 9.244488787991365086e+01 8.771706345648884451e+01 9.549088597089337327e+01 7.746670805401359416e+01 9.549088597089337327e+01 9.790598090639771556e+01 7.977179272272657329e+01 9.790598090639771556e+01 8.979395435594953767e+01 8.399451381569274133e+01 8.399451381569274133e+01 1.037950423624137102e+02 1.025986217247956347e+02 8.263605024103614483e+01 8.263605024103615904e+01 8.451784655239619326e+01 1.012272897201491730e+02 1.108601032685483432e+02 9.261878598148901176e+01 1.108601032685483432e+02
7.691770824516783023e+01 8.211605483062545829e+01 6.159841478007298576e+01 5.270292099831770827e+01 5.311689424630254308e+01 7.276572153682825217e+01 8.814959712334015762e+01 6.766147125503530901e+01 5.402324334538059958e+01 7.163040884466444425e+01 6.297943425290114305e+01 8.344785990450699842e+01 8.176894141500667956e+01 6.054499441926212455e+01 8.176894141500667956e+01 8.424537671134760330e+01 6.509769774994259706e+01 8.424537671134760330e+01 7.407197279374983623e+01 7.764027731048545888e+01 6.800936088836007798e+01 8.727119373259699842e+01 8.971223746341048866e+01 6.969725011167010109e+01 8.971223746341048866e+01 8.979395435594953767e+01 6.986715464859901203e+01 8.979395435594953767e+01 9.602613129836296935e+01 8.774154772020355608e+01 8.848295205870806512e+01 6.841162437418348929e+01 7.292043481945297856e+01 9.295175310859502815e+01 9.260766325983395575e+01 8.263399124132592988e+01 1.025813352783420669e+02
6.204600395600439811e+01 7.043700860349137827e+01 8.142607975368235884e+01 6.431104528738289616e+01 4.469870582444593055e+01 6.431104528738289616e+01 8.228920627454473902e+01 6.766147125503530901e+01 4.710943557848695207e+01 5.111926337514530161e+01 7.163040884466444425e+01 7.436289479700334937e+01 6.588398410020973017e+01 5.311355585164305637e+01 7.469429241642528439e+01 7.786281705754601035e+01 5.886043934523356569e+01 7.786281705754601035e+01 7.092412517028574825e+01 5.864413042322394887e+01 6.947747223458712540e+01 8.879087640998722009e+01 8.304057501283043052e+01 6.277722338965502757e+01 7.440025284917717840e+01 7.588088712341223641e+01 6.363215030306577802e+01 8.378579818305450999e+01 8.442872041942307249e+01 6.761839230755774111e+01 8.138666610213579133e+01 6.118814977988817105e+01 8.138666610213579133e+01 8.443612981708865561e+01 7.259157590901962465e+01 8.676638633579985083e+01 1.067097532314141688e+02
4.279816606923605349e+01 5.670761422965344423e+01 6.501658562598055369e+01 5.992559286368999238e+01 4.081278546097985327e+01 5.992559286368999238e+01 7.379895151886491078e+01 5.329564528199489359e+01 4.131468406562988349e+01 6.196136214373066053e+01 6.680869508309430671e+01 5.819866588274220476e+01 4.414663853883980948e+01 6.588398410020973017e+01 8.298376596185794085e+01 7.237717989853059919e+01 5.331357725756884491e+01 6.517189759162191365e+01 5.184614458312999119e+01 6.284343232283760017e+01 8.196255688012193730e+01 9.701812313165022772e+01 8.662131904944186545e+01 7.440025284917038562e+01 5.373101000763508495e+01 5.534463058194742757e+01 7.470161986202298010e+01 8.306708908983826234e+01 7.261257889766335438e+01 5.578386711094966444e+01 6.989666713880063753e+01 5.617255098563142468e+01 7.648780632111289890e+01 6.430406030782684468e+01 7.598517514063925660e+01 9.598034859134943986e+01 1.092265785628445798e+02
5.670761422965344423e+01 3.789259616255980490e+01 5.192859486158993576e+01 5.594029702712818164e+01 3.722881611819017422e+01 5.594029702712818164e+01 6.962882140862798508e+01 5.798790709497633600e+01 3.730579691926037356e+01 5.798790026742602777e+01 5.819844936267771374e+01 3.651157322965246976e+01 5.134077012917944671e+01 6.003290264522426156e+01 7.271869935906104843e+01 7.722755255828251109e+01 6.517189759156974560e+01 4.578940942895902566e+01 6.517189759162191365e+01 7.899205730717922336e+01 9.013296059780721237e+01 8.209964192150809481e+01 7.222999526390712788e+01 5.783867111890062063e+01 4.808450651308155699e+01 6.887616533795380747e+01 8.411717271543609797e+01 7.068695279742306070e+01 5.369545999747863618e+01 4.642779480120613300e+01 4.939847681173084482e+01 5.336592677722110523e+01 5.744776504515353821e+01 7.772543998066807092e+01 9.271430886718972886e+01 1.042557039062666178e+02 1.009488819565374627e+02
6.501658562598055369e+01 5.192859486158993576e+01 3.333528997653722570e+01 4.748394487345154857e+01 3.378415781968778475e+01 5.227067370852345363e+01 4.905453163454640730e+01 4.905453163693536567e+01 3.358477166893079158e+01 5.419470601334958815e+01 5.767865396093805685e+01 5.126109546739409950e+01 2.965927731435018444e+01 4.317994951113338686e+01 6.329008711020677680e+01 5.788571227267780728e+01 5.788571830847626387e+01 4.253277718740991276e+01 5.648448884298480976e+01 7.568182347623309170e+01 7.507995669691023011e+01 6.680261999299847275e+01 5.321165553258742875e+01 4.318927297676120247e+01 6.384740515145775674e+01 7.720113219929461934e+01 7.379089303021407886e+01 6.318124681997505832e+01 4.246233913322506481e+01 6.318631163761578762e+01 6.396043186210943787e+01 7.374864960596926267e+01 7.185159850760497591e+01 7.185163000672126543e+01 9.190898402897488495e+01 9.686078449458317152e+01 8.858546728832271810e+01
6.587072432275643052e+01 6.014497330623166249e+01 4.748394487345154857e+01 2.894830308118674012e+01 3.624576173643983878e+01 5.466959128820845848e+01 4.886938498159849331e+01 2.875922707496393826e+01 4.453186548262109312e+01 4.295411322110753360e+01 3.738803159189688330e+01 4.364342671177866606e+01 2.619713555823960860e+01 3.875852084479232929e+01 5.648898184432431435e+01 5.788568550545926428e+01 3.811618932981653529e+01 5.388115473336272032e+01 6.193728183550175714e+01 6.895154257273802045e+01 6.319970819626643532e+01 4.627952965331239454e+01 3.890455897764757509e+01 5.923894341771080008e+01 7.222999496412887765e+01 7.380456925861764717e+01 5.332458500841318738e+01 5.703106524519746756e+01 3.993594031070497152e+01 5.196671753011956696e+01 7.314850658420378693e+01 9.198495748346662992e+01 9.190482162112682829e+01 9.190895807139968099e+01 1.002017625090108623e+02 8.858546728832271810e+01 6.846206388239062335e+01
4.604090950493523593e+01 5.859649873871524761e+01 3.952573205112669541e+01 2.666203012462356270e+01 4.216279685316531101e+01 4.911692343481787049e+01 5.225899621610943058e+01 4.358636427402619518e+01 2.466420179620481434e+01 2.239644452380646911e+01 2.286474729208207179e+01 2.333484054225168336e+01 2.380649955414976304e+01 4.374451638591629177e+01 5.222107888533442832e+01 6.251616335269826408e+01 4.890285547492428719e+01 3.404168550884626399e+01 5.005685505563927507e+01 4.993326435398387986e+01 5.377741749902092039e+01 3.495129887375050259e+01 5.496123985341513674e+01 6.765537466824024193e+01 6.577422954680797318e+01 6.219513603227886023e+01 5.379181982946463592e+01 3.676047239525531296e+01 5.107409516672621663e+01 6.898438967021257895e+01 8.211425342834179730e+01 8.747667505185474113e+01 9.597256509852884676e+01 9.977853313631872822e+01 9.112632806608644387e+01 8.858455887685563823e+01 6.846203852964427483e+01
3.895647708031808065e+01 5.075888985323222613e+01 4.566049228287162975e+01 3.590395458182114652e+01 2.341670792464295303e+01 3.937971333358364490e+01 4.109195114402342597e+01 2.127531131323994273e+01 2.173594148422145622e+01 4.210171382577355814e+01 3.718610721396029817e+01 4.390465858581918468e+01 3.678144130337417295e+01 2.448172807753957869e+01 4.357638382819225598e+01 4.617690597030792787e+01 4.670579088547810898e+01 4.542418095504277176e+01 3.014189314041584566e+01 4.798398808975381513e+01 4.411062856513910901e+01 3.228568549350404737e+01 5.246141162454537010e+01 5.363423956464775699e+01 4.529308054513889914e+01 5.179977531028021787e+01 3.399416013721679519e+01 5.379181778268880976e+01 6.547821682889325245e+01 7.983617240682055183e+01 7.275146163542743238e+01 6.696565063887956626e+01 8.747667505174062796e+01 8.820099589753432667e+01 7.141288323402190485e+01 8.820093454263927413e+01 7.905328960828687457e+01
5.075888985323222613e+01 3.222324414756537436e+01 2.836660076238223738e+01 3.427883406073385686e+01 2.845083462986548994e+01 2.016774945658248441e+01 2.062489165454984175e+01 2.458832816564054369e+01 4.167715621137411119e+01 4.976988732936039384e+01 5.637832315917133030e+01 5.896283501102295332e+01 4.616943327950304621e+01 3.047660768111360952e+01 2.516011080592918248e+01 2.564001778838839840e+01 2.612003740555538656e+01 3.360602090352184490e+01 2.747905002522152174e+01 2.796924040765278008e+01 2.846109443902966873e+01 3.690043604154021750e+01 4.780688722085146480e+01 3.040608718759132856e+01 3.091975821050981210e+01 3.143260013266366926e+01 3.194225547938122034e+01 5.231300868801483972e+01 6.134368728609690180e+01 6.298814483625623240e+01 5.246558103610296797e+01 6.694517517269643747e+01 8.728839563166916093e+01 7.974528117615061262e+01 6.048239234548346133e+01 6.944892406064759882e+01 7.762905569106922599e+01
5.287203320435401110e+01 4.867815267029723714e+01 3.623639606635877897e+01 2.296052465510499019e+01 1.953310489748977119e+01 4.061355541356148535e+01 4.107399944596509300e+01 2.958418165653880649e+01 2.996551945333219180e+01 4.916648049399422149e+01 6.578978643626903988e+01 6.255641415628689828e+01 4.141764446203717398e+01 5.120856182471255380e+01 4.615778126691169092e+01 3.754113330412589988e+01 4.670659838038096012e+01 2.679809429020587785e+01 4.793411349948536326e+01 4.848918523646432277e+01 4.065268446301613636e+01 2.917307462829025866e+01 2.968053099758709479e+01 4.180785491934177855e+01 5.101154783319091024e+01 5.180028125322346710e+01 5.231355990494764541e+01 3.266870544767903795e+01 5.262548160101349026e+01 4.210524743128659964e+01 6.161032671766938051e+01 6.984947489761817963e+01 7.845890381182960027e+01 7.232989713619782890e+01 6.489125308410217485e+01 5.035801326902969777e+01 6.466037213816520079e+01
3.251742557638996090e+01 4.140828808448031140e+01 3.839972932886158929e+01 1.889762418303818237e+01 3.574855610395782435e+01 5.130617608043382916e+01 5.580254608564597163e+01 4.154706468128323849e+01 4.920590538413072323e+01 3.726816870653063063e+01 4.902045495335692493e+01 6.951812520110676985e+01 5.407013459433981239e+01 7.326174496211227449e+01 6.648707229458190682e+01 5.809423345003052930e+01 5.590985415686694182e+01 3.278554593263586980e+01 5.590947582699961060e+01 6.164221844307130027e+01 3.967471547668401399e+01 5.366131624113011611e+01 5.095268133218672091e+01 3.599049095048554392e+01 4.583020353088770094e+01 6.291291002771158247e+01 6.145069378350798672e+01 5.302261794779666815e+01 3.337910933873843078e+01 5.345984346481372285e+01 4.415760920068248652e+01 5.462040813063843814e+01 6.465217582464673285e+01 5.438395868133328293e+01 4.210086758593821799e+01 5.645668239022953827e+01 4.980290644256984933e+01
4.238344714857508677e+01 1.946944417733016053e+01 1.826640349782394779e+01 3.587248850425991975e+01 2.899032299945540458e+01 3.916467185383197602e+01 5.366141648031808842e+01 6.237730193767637843e+01 6.600938090949999548e+01 4.641728232196790316e+01 6.600938090315074191e+01 7.784688044755721137e+01 7.737934709634451735e+01 8.648645448138576342e+01 7.945230663922548331e+01 5.968133153560394533e+01 4.712042043005347125e+01 4.311578222145456607e+01 6.377961450011252964e+01 5.389970742713511953e+01 6.164478046320883919e+01 7.027203087186154562e+01 6.232977318748389450e+01 4.081220229544457823e+01 6.025473192664020416e+01 7.069174056239644699e+01 6.157713719739170699e+01 4.097550963122769474e+01 5.313606387342104398e+01 3.408021097200754923e+01 4.589039832630457028e+01 5.469022359039498582e+01 5.628666475023793936e+01 3.647721054933430196e+01 3.698813309781633052e+01 5.195103374083210213e+01 3.851491907868226861e+01
4.770606209379105422e+01 3.038817557952265247e+01 1.782130368138711418e+01 3.756543604162303751e+01 4.319429270318184422e+01 5.719466931877140325e+01 6.792279920039023011e+01 8.174087750167440447e+01 7.579301925367610693e+01 6.270904547294002640e+01 7.579301922030357730e+01 8.178183176338778537e+01 8.252019852668723843e+01 9.134313712956736708e+01 8.767161179332362053e+01 7.628698257122512416e+01 6.803984374609638053e+01 5.427030864311169722e+01 7.234934949303442409e+01 6.892559512237451713e+01 7.497217375704411779e+01 8.110407415437433087e+01 5.813815915268647672e+01 4.761084859936374869e+01 7.041493171989807820e+01 7.030278264329761839e+01 4.983933020689927673e+01 6.157713720620004239e+01 6.259447396674168829e+01 4.853912388828864266e+01 3.477323488791463291e+01 3.526819203001274161e+01 3.576455201225945757e+01 5.452669947257908944e+01 5.559683776630370744e+01 3.773069505922329370e+01 5.941281906349198749e+01
3.314685985681283142e+01 3.680727013508463585e+01 1.737343253016907951e+01 3.157724802736963809e+01 5.128380056803653275e+01 6.956547911082439839e+01 7.336652105335282670e+01 8.063291262064588238e+01 8.135590897002148836e+01 8.539642045732726672e+01 7.584830532022155580e+01 6.132274637081486190e+01 6.138727862494206988e+01 8.250068797196746573e+01 8.079336799657906454e+01 8.305135982435865571e+01 8.223710564085580188e+01 7.408098755652444822e+01 8.223710560741911024e+01 8.956992833765357886e+01 9.561892672449965858e+01 9.025613737779502799e+01 7.974591052160397453e+01 5.873287633718376810e+01 7.974591052160397453e+01 7.706828389312612160e+01 5.677178014364073277e+01 7.706828389312612160e+01 7.699153340394198608e+01 5.945164119374702238e+01 3.784353330766747803e+01 5.594376509928456898e+01 4.190832755334407977e+01 5.995908945996316675e+01 6.083783228974230184e+01 3.998844366002361994e+01 6.125703054476708331e+01
3.625084898184415039e+01 1.672619006836183786e+01 3.259693333006055838e+01 4.461838252200183064e+01 5.361868325722171136e+01 5.857054768589943450e+01 5.279237474818754805e+01 7.336654723446874016e+01 6.385613475254312732e+01 7.754829665101615888e+01 6.739802342617750242e+01 4.662544005590378049e+01 6.714339216199610405e+01 7.460682468184818106e+01 6.009773159715331303e+01 6.236294904406085493e+01 8.305135982435865571e+01 8.123354620309183360e+01 8.959771067489425889e+01 9.279784362732300451e+01 9.327406943695076791e+01 9.914995399548392641e+01 9.123832052801159875e+01 8.209698710261233146e+01 9.123832052801159875e+01 8.536142001213501374e+01 6.701974122172771331e+01 8.536142001213501374e+01 7.362459807935353240e+01 5.224607215785849945e+01 4.117678968579903653e+01 6.291284842892741835e+01 6.469928526134640379e+01 7.124706390178074855e+01 6.361149092537176131e+01 4.235072068746501373e+01 6.361430384655878356e+01
