LEM/sinusoidal_perturbations/elevation_000091.asc
nrows	100
cellsize	150.0
xllcorner	0
ncols	100
yllcorner	0
NODATA_value	-9999
[rows 17 to 33 of 100, columns 37 to 73 of 100]
6.001940589691482586e+01 5.177906008101061985e+01 4.601296909898923815e+01 6.569208644452137946e+01 7.518501746360084326e+01 5.503058422391256244e+01 4.500426053317461594e+01 2.432494443015522378e+01 4.105766800570093977e+01 3.695639634367618953e+01 5.602838312444112745e+01 5.337661244906782088e+01 6.338316796663908548e+01 5.499082300634277232e+01 4.266617688243199069e+01 6.294461262073734531e+01 6.369035261201234732e+01 4.344820030604211780e+01 5.731207785563918122e+01 5.880469295121830697e+01 4.083200970537330932e+01 4.249711899805571846e+01 4.435792118548143748e+01 4.622619121971144551e+01 4.811055808814940349e+01 6.832842303363686653e+01 6.002545584822543390e+01 7.642625085198302770e+01 7.977393492377215978e+01 6.742225087835988973e+01 8.774528274895099855e+01 9.833527655456160232e+01 1.041480459625463340e+02 9.823788678279328224e+01 1.184164324100899250e+02 1.155726314758552604e+02 1.052901884595237334e+02
5.307233573905834589e+01 6.726437119765270722e+01 6.569505283603076862e+01 7.400526920483096660e+01 7.031123209270371888e+01 5.496086242778148545e+01 3.498360478182725330e+01 2.501983831547548576e+01 4.475028103344913433e+01 5.583022591138669810e+01 6.400341216026183133e+01 7.406256115367212089e+01 8.240948536870672569e+01 6.905831021727381369e+01 4.878162280019893160e+01 6.905831021727381369e+01 6.369035264551664000e+01 6.369035264551662578e+01 5.084671618322418851e+01 6.951353283802933447e+01 5.520135398802049309e+01 6.275557216542924976e+01 4.791241230355797143e+01 6.646708814226131778e+01 6.835479417295815097e+01 5.088653762411362891e+01 5.288371383183439178e+01 5.609947292289690779e+01 5.941558259888797977e+01 7.948926356654114045e+01 9.057447171296570332e+01 7.814554307420760892e+01 8.401202206792285665e+01 9.407180118483599074e+01 1.142242907402566772e+02 1.069635084918497796e+02 8.648949073987317604e+01
3.888012242568367327e+01 5.554293571137372254e+01 6.915765976818201466e+01 7.938092029144200978e+01 6.193484793859553150e+01 4.023611892961491066e+01 2.991217031118106462e+01 2.571020960292903723e+01 4.518958092415380179e+01 4.653870400626924919e+01 6.628268444029134798e+01 6.980484213278209893e+01 7.875273412011226526e+01 7.622995267458574631e+01 5.594550552523786990e+01 7.622996229397408285e+01 8.390835231704795660e+01 7.647799742233766551e+01 5.625005949996798194e+01 7.647799742233766551e+01 7.592822150685084637e+01 6.612043742719181694e+01 5.179373048524439582e+01 7.206753357963656015e+01 7.954291266905994462e+01 6.520815314576746857e+01 7.317085451826058318e+01 5.682632895962099440e+01 7.715755465620249254e+01 6.570936546217453156e+01 7.041381588885577969e+01 9.070427457946286154e+01 1.041480459625463340e+02 1.125231588387369470e+02 1.142242907402566914e+02 1.155726314758464639e+02 1.052901884595237334e+02
2.654927825255417062e+01 4.141850827131928980e+01 5.217122957958164875e+01 7.150737724229885828e+01 7.031435367531889824e+01 5.964846004796895329e+01 5.107011118126942506e+01 4.558856902598661520e+01 2.668749730855079250e+01 4.642665063219118338e+01 5.653046925618816232e+01 4.861259799608116339e+01 6.519892601935343635e+01 7.408081087210000248e+01 7.622996448617702470e+01 7.029601710040195428e+01 9.055579156563553056e+01 8.257202317029151573e+01 6.235390703477849428e+01 8.257202317029151573e+01 9.446772048587743598e+01 7.629578590196189225e+01 5.599721799833420732e+01 7.036717789005408008e+01 9.062664333375597892e+01 8.552469940601548615e+01 7.410117981802829945e+01 5.968047278274366363e+01 8.003579545682761420e+01 8.613938138416249046e+01 9.070427457946286154e+01 9.907095316118181927e+01 1.140723670186595768e+02 1.224277087956490675e+02 1.344767114179353769e+02 1.212339156557338100e+02 1.105072486218248144e+02
2.840712152267530399e+01 3.562126987430590930e+01 4.749628193461951753e+01 6.720865108182704262e+01 7.929367298581830426e+01 5.946000530369490633e+01 5.276452334158013713e+01 3.268546700944498440e+01 4.596294767176262042e+01 2.768115828763582442e+01 4.786841714026127903e+01 3.680127910268962665e+01 4.400492567027662005e+01 5.613642215103838851e+01 7.771033513358999301e+01 9.055579156563553056e+01 9.892817610588652144e+01 8.970345863314759072e+01 6.952398595020055438e+01 8.970345863314759072e+01 9.275411567012855585e+01 7.257994355170927747e+01 6.106057017733834158e+01 8.138171333542153718e+01 9.879264022242537635e+01 1.026788398249818641e+02 8.841137284337085589e+01 8.003579545682761420e+01 6.401985419571003888e+01 8.437478151961987294e+01 9.323010475567602384e+01 9.763266554089999261e+01 9.393792694331123982e+01 1.111750319603430768e+02 1.228038021966875704e+02 1.124288635656697295e+02 9.089431965890490517e+01
4.911237023271314683e+01 5.580868295311565674e+01 6.402885495309385533e+01 7.549763449185797981e+01 7.580324175816504351e+01 5.946279633072305870e+01 3.937126008867480920e+01 5.276282984326921621e+01 5.455187749098985250e+01 4.502757028964092001e+01 2.868210873163935659e+01 4.906463966249842912e+01 6.519891530966496873e+01 7.408081087210000248e+01 8.646093202086790086e+01 1.014809014196162877e+02 9.309910402129453644e+01 9.800074910412737950e+01 8.381414501529390293e+01 8.967686705745916242e+01 1.009663420340532412e+02 8.967851399657878630e+01 7.282636750926107538e+01 7.018079177196477758e+01 8.453671124019049898e+01 1.047035762043479252e+02 9.867127152831166370e+01 7.845298146395028027e+01 8.437478151754881139e+01 6.878620319203588451e+01 7.298172281544194107e+01 7.745757382043525752e+01 8.271504526454785378e+01 9.431925102245067194e+01 1.144441491783507843e+02 1.212339156557338100e+02 1.105072486218248144e+02
5.363055485221644147e+01 5.805799105108111746e+01 7.769541854015989202e+01 8.638852055913933725e+01 6.762948060400525208e+01 4.762538526134936490e+01 5.946279633072305870e+01 6.761183666370070000e+01 6.296924307528236398e+01 4.945476529351459760e+01 2.940063487463062231e+01 4.884598039214824894e+01 6.202728347764139727e+01 7.144947921357503162e+01 8.245648967827315801e+01 8.972075270775488320e+01 7.267459693172166624e+01 8.972075270775488320e+01 1.039215194424388216e+02 1.096172944307918016e+02 1.063401822060737203e+02 1.014167568962605799e+02 9.306853307211767401e+01 8.453671124019049898e+01 8.453671124019049898e+01 1.047035762043479110e+02 1.070238275604566525e+02 9.867127152828965109e+01 8.318839188379251937e+01 7.603467653306199736e+01 9.323010475567602384e+01 9.763266554089999261e+01 1.028250338106280708e+02 9.219432005644905814e+01 1.063916710706686217e+02 1.265828108957986444e+02 1.126546254364717186e+02
3.802758721268232023e+01 5.230571496427156575e+01 7.199073151265569948e+01 7.824166326611506861e+01 5.838808744237640269e+01 6.762948060400525208e+01 7.580535161213191486e+01 7.117795528376441894e+01 5.767777347441793978e+01 3.530398839443706294e+01 3.012575589303499868e+01 5.030070932006001527e+01 4.131868547791171409e+01 5.161527109066807384e+01 7.325414702913762710e+01 8.130700902924814955e+01 6.066516641459315196e+01 8.130700850719030370e+01 9.267391444126499778e+01 1.009803949387122799e+02 8.760665856644440908e+01 9.618235302732392711e+01 1.040646558753849007e+02 1.047035762043479110e+02 1.047035762043479110e+02 1.130485692046602821e+02 1.235234857537453337e+02 1.033613869464969923e+02 1.033613869466044974e+02 9.034210723452277136e+01 8.883990945422122820e+01 1.089762402222014970e+02 1.206647122933284066e+02 1.063916710706686217e+02 1.086001113359396157e+02 1.287920808544530757e+02 1.214229068059286618e+02
4.153588913457843290e+01 6.136959165948384509e+01 7.453535457077823878e+01 8.638852055913933725e+01 7.248135440304108101e+01 8.638852055913933725e+01 8.185778345864413552e+01 6.296064949426740043e+01 4.326818053570431033e+01 4.738214733603937390e+01 4.921498376649823570e+01 3.117859946220221445e+01 5.173684398457603351e+01 7.131862425959383245e+01 8.212221048477215390e+01 7.400901461608619059e+01 5.361658708686929486e+01 6.380720014610179902e+01 8.425999736450815192e+01 9.171421666063893952e+01 7.490184975255976951e+01 7.795897049137077772e+01 9.340705444597369933e+01 1.040646558753849007e+02 1.133957901311553229e+02 1.049228973719230709e+02 1.101957976243724033e+02 1.017027551781925183e+02 1.102021612828435337e+02 1.104818674574603676e+02 1.089762402222014970e+02 1.089762402222015112e+02 1.291494390869579831e+02 1.265828108957986586e+02 1.287920808544530757e+02 1.299990719438812619e+02 1.197412536461033739e+02
6.136959165948384509e+01 4.671832548532251650e+01 6.635809916182566326e+01 7.997452807229768723e+01 9.214827904680602444e+01 8.775703517409175447e+01 6.788842796789030842e+01 5.360171653291100569e+01 6.272249079510882552e+01 5.945171918934196498e+01 5.213471304461797473e+01 3.193662301622280353e+01 4.660457997435938893e+01 6.813397406912422127e+01 7.106326589303179730e+01 6.753976239598337372e+01 4.772885096204885969e+01 6.510414201480229224e+01 8.418115137670328352e+01 7.957814707588600811e+01 6.600909744126641954e+01 6.764882005273254606e+01 7.795897049137077772e+01 9.618235302732392711e+01 1.014750809638359073e+02 8.418717224197629889e+01 9.984695838345888319e+01 8.093263875790238160e+01 9.984981034623525886e+01 1.089685116033533490e+02 1.145226584336431301e+02 1.229454632189528809e+02 1.223657723035161666e+02 1.223657723035162235e+02 1.307651367033131464e+02 1.215452735243988656e+02 1.009916780401935057e+02
7.453520579904723320e+01 6.635809916182566326e+01 5.224008617833757739e+01 6.602834547272934174e+01 8.565389296666748464e+01 9.346074964563905496e+01 7.370780828585482425e+01 7.370780773375550154e+01 6.646603931986125247e+01 5.499506517320185850e+01 3.515521949011554170e+01 3.270556458985976889e+01 5.232667125919065398e+01 5.987358494649540575e+01 5.083967886142501413e+01 5.771840431614889866e+01 4.318389585182044499e+01 6.262769323934540466e+01 7.410918388363653264e+01 6.320701787914880043e+01 5.870078662492834809e+01 7.665494913368912933e+01 8.204629194978106455e+01 9.031665126041531266e+01 9.295141937373082897e+01 7.235511164108037008e+01 8.106040944497941325e+01 7.068782505303060759e+01 7.972486971836893588e+01 1.004214761159248326e+02 9.377117423713562516e+01 1.110391014962849283e+02 1.016876673858143079e+02 1.016876673858143079e+02 1.223657723035161951e+02 1.300001429544078633e+02 1.197412536461049086e+02
8.727466671940095466e+01 6.763621035568328921e+01 5.642490733290910043e+01 6.763621035571260620e+01 8.727466962762835578e+01 8.766574482740563212e+01 7.760306535168079733e+01 6.934551008100409319e+01 5.860287159476437324e+01 3.874233059863797024e+01 5.506971773472772469e+01 5.052922606943884887e+01 3.387599199349079981e+01 4.999831248213330070e+01 3.652054879442273005e+01 3.755732503302838410e+01 3.860114032124035077e+01 5.874042747069382386e+01 6.369092788139199257e+01 5.216490844729643328e+01 6.594507244256746503e+01 6.800213489976556502e+01 6.229586810746402392e+01 8.047215756462145464e+01 8.630198311572551972e+01 7.779366527821180455e+01 6.092283991030839019e+01 6.323036371102166697e+01 8.352109828887542164e+01 9.027201719507354483e+01 8.173404942270066442e+01 9.844024127573605654e+01 8.694024122708961499e+01 9.898802120254306658e+01 1.136997114172948500e+02 1.342032408820133185e+02 1.321794909534444571e+02
9.555118524778403355e+01 8.098259834427950921e+01 6.143875232987393531e+01 8.098259948674555631e+01 9.555131396381355557e+01 7.940868412854663916e+01 5.929621725891175998e+01 4.930951254867091649e+01 4.240040509925950829e+01 5.860287860911413560e+01 6.667113293073727220e+01 6.196071063267706336e+01 5.421651283084681694e+01 3.506747261452753150e+01 5.556939489696822676e+01 5.716793251787034791e+01 5.874042837605161793e+01 4.012183295179095666e+01 6.021926749524849498e+01 4.782976564751989201e+01 4.621920983985441467e+01 4.811170719886799674e+01 6.050786128316955370e+01 7.149163903398584807e+01 7.463691991729193376e+01 5.782864881150228342e+01 7.779366527949621002e+01 8.352109828854354134e+01 6.691290034238069495e+01 6.961354689923524575e+01 7.248202109378902946e+01 7.762712222814710117e+01 8.804186588206681563e+01 1.000888145954496906e+02 1.147918152799159657e+02 1.352765870736046452e+02 1.237475253301789451e+02
1.008040445717508504e+02 8.098259948674555631e+01 6.755643645416415666e+01 8.719186820366697077e+01 1.007456581530090460e+02 8.765144472859654456e+01 7.756517053434146192e+01 6.507214068691416742e+01 4.515458971039948466e+01 5.920111402491415475e+01 7.925965440561736841e+01 6.787324994509121723e+01 5.712681991460613773e+01 3.660007456942224735e+01 4.822328551421569642e+01 6.790896304046012233e+01 6.855383103297772607e+01 5.435014665866993511e+01 4.165259335388524420e+01 4.354520266608505352e+01 6.415923664543666405e+01 6.582046234285998310e+01 5.085309004876405936e+01 5.280157516996345635e+01 5.477968126963258300e+01 6.011456973102440315e+01 6.699390824419556623e+01 8.743189724666004281e+01 8.743437139642449552e+01 8.418782738152303580e+01 9.323705244797653791e+01 7.819607624114929934e+01 9.900971547979327170e+01 1.113599336092200502e+02 1.198246343533813985e+02 1.316974279992834909e+02 1.264246653351153782e+02
9.990429283405943295e+01 9.417494206311067728e+01 7.442382654495406769e+01 9.417494206311067728e+01 9.264303452926466775e+01 7.276348558831065816e+01 6.263760265847250253e+01 5.502681294223909703e+01 4.828521274351547277e+01 6.829989831474918560e+01 7.965052592190895098e+01 5.934454616372708813e+01 3.883197941323477664e+01 5.712640158005738300e+01 5.666496113040768279e+01 7.536365851164909202e+01 8.275752767648640429e+01 7.011076109693880198e+01 6.173811194216069964e+01 4.360359007854217595e+01 6.364221431935348505e+01 8.072940105629244556e+01 7.447204142866861787e+01 6.408195794934303535e+01 6.604435182529300619e+01 8.020829146199103832e+01 7.643160982401754211e+01 7.868654247929221413e+01 9.936449894992213672e+01 1.049605507589995312e+02 1.075324786921076878e+02 9.022647549261438371e+01 8.477782419534857183e+01 9.056193350159568922e+01 1.026151417454646122e+02 1.233055414459175125e+02 1.348435848666128152e+02
1.057556749551189199e+02 1.024861078928718428e+02 8.576144644716396215e+01 1.024861078928718428e+02 1.007456581530090460e+02 9.085246616659388508e+01 8.270325445896357053e+01 7.168535562644153458e+01 5.153592579042635435e+01 7.168535643506946542e+01 7.121714314782867916e+01 5.062311767112577598e+01 4.042551090580656137e+01 6.092533696200924709e+01 7.173771556537109007e+01 8.433238431296096849e+01 9.510562996855615836e+01 7.295346695650209767e+01 6.499539227883609271e+01 4.498339773833678379e+01 5.911322734212905772e+01 7.950017885398611384e+01 9.312870303011007422e+01 8.455710023164891709e+01 8.636576166751686401e+01 9.485434834780922131e+01 9.096268786065236611e+01 9.332073884788353269e+01 9.933932688000309952e+01 1.197517006061665796e+02 1.194718547912247288e+02 1.110078444297378866e+02 9.329496149155799856e+01 1.113599336092200502e+02 1.026151417432296000e+02 1.173169094889269246e+02 1.377632441959181904e+02
1.131493488669689782e+02 1.140244175145699614e+02 1.056679908091226991e+02 1.096840259558720163e+02 1.007648330342763074e+02 9.247567734951731211e+01 8.580518199791235645e+01 7.520167305564041271e+01 5.500197194370790044e+01 7.520167305564041271e+01 7.950513502290527867e+01 6.908069829067095213e+01 6.084565495846018024e+01 4.272608596380096913e+01 6.323722934179522071e+01 8.162924545414087163e+01 8.896042650531747142e+01 6.632317510457771448e+01 5.075148516103870122e+01 4.637506069803162490e+01 6.621839627632384406e+01 7.587852155647257746e+01 8.399558893677435378e+01 9.244918728655083839e+01 9.577596573313873307e+01 1.042263156194685081e+02 1.116260373055577588e+02 1.139554265559930712e+02 1.082506332039227601e+02 1.102710397337095998e+02 1.185948831569252633e+02 1.225233818106690933e+02 1.053471568896395496e+02 1.225233818106690933e+02 1.173169092853269291e+02 1.316966627452755176e+02 1.270739640368822734e+02
