LEM/sinusoidal_perturbations/elevation_000541.asc
nrows	100
cellsize	150.0
xllcorner	0
ncols	100
yllcorner	0
NODATA_value	-9999
[rows 51 to 67 of 100, columns 37 to 73 of 100]
6.311097247926807796e+01 4.757706119980007742e+01 5.341273292191392130e+01 6.247364054596664573e+01 7.401103259215014418e+01 9.366918209732483547e+01 9.864936199879119272e+01 7.830758056570397230e+01 6.412307752705898167e+01 7.691055923287112250e+01 8.531381707814118442e+01 9.084439171757364306e+01 7.066221448189173771e+01 5.679260378601095738e+01 7.060076713602143172e+01 7.894869438312228738e+01 6.988286817336671675e+01 5.018950760103957265e+01 6.401341566548147455e+01 8.405298002160795079e+01 9.017872436301932737e+01 8.428096667773539252e+01 1.044171709544218345e+02 1.216437264579818418e+02 1.099267986229544505e+02 1.015373680905342297e+02 8.304031451840053535e+01 7.822527921058484424e+01 9.865595268013943553e+01 1.036138674465330780e+02 1.120044568475211832e+02 1.208560333945182919e+02 1.126532070369574683e+02 1.126531796433459363e+02 1.073005336285606290e+02 1.025558351595404645e+02 8.238448524346003410e+01
4.311129383969985440e+01 6.297462989502109565e+01 7.341216506760936511e+01 6.765373170052018281e+01 8.742358020588542900e+01 9.800678520184024478e+01 8.656650259785919843e+01 7.834107652926111598e+01 7.691055476031455385e+01 5.702973337793350339e+01 7.098273469331000740e+01 9.122159362452796927e+01 8.023147513059799962e+01 5.888969643171267165e+01 5.085727931172335303e+01 6.522726953307801523e+01 6.448893756887643747e+01 4.793064469765112534e+01 5.918358266120784350e+01 7.320184417946617828e+01 9.340111663353192739e+01 1.044171709544218345e+02 1.126709924370489233e+02 1.132771764378856716e+02 9.294323190915152111e+01 8.112136360639222232e+01 7.390604521154799045e+01 7.208551561251231021e+01 8.920089742605435390e+01 8.323084976949539282e+01 1.036138674465330780e+02 1.177127031032452464e+02 1.260813580272412082e+02 1.251976130008728347e+02 1.152065175896592422e+02 1.069457939115634133e+02 9.262307188010318271e+01
5.466740698085285999e+01 5.310910534357567769e+01 7.310876737948012760e+01 8.742358020588542900e+01 9.555009346586400909e+01 8.986510703358653984e+01 6.983103329045029284e+01 5.845911941084487040e+01 6.687498886385031938e+01 5.283757470398631284e+01 7.257221378662956113e+01 8.656695975306467972e+01 7.826167838247383202e+01 7.729155325704702761e+01 6.522726953402207073e+01 4.553754080512482005e+01 4.480120990836702077e+01 4.997877086167834904e+01 6.918294063707104158e+01 8.473322625014608889e+01 9.324976388348954970e+01 1.051648993911926766e+02 1.090120288370959969e+02 1.030759003292007776e+02 1.099267986229544505e+02 1.015362700382524110e+02 8.660247364913037416e+01 6.631125985515853927e+01 6.886056589183375820e+01 8.920089742605435390e+01 1.033610275472368585e+02 9.741636888915978432e+01 1.177127031032452464e+02 1.169530600892575904e+02 9.693852773386906563e+01 8.685539646517376866e+01 8.007285829885809392e+01
6.885923457415650262e+01 6.731985024854670030e+01 6.731985024855134725e+01 8.708500712224899587e+01 8.943464586505130853e+01 7.784098389104975979e+01 6.948086845615183904e+01 6.199845945361894195e+01 4.726484064923511852e+01 6.687530667945394214e+01 8.094948561973079393e+01 7.826167838247383202e+01 5.840056257444084054e+01 6.421774871268235074e+01 5.917072490182574995e+01 4.193853995211559038e+01 5.580500470635251276e+01 6.914597276853967855e+01 5.789757504167998547e+01 6.447892790601355273e+01 7.597889718120217140e+01 9.669186215141191099e+01 8.870561089144881350e+01 8.275324211110519457e+01 9.711026614961089365e+01 8.719135348782481287e+01 7.879804787326148130e+01 6.269628595161405826e+01 8.276872534018333738e+01 7.679333134768748437e+01 8.295477664321624900e+01 9.477396201643254869e+01 1.150911772062773792e+02 1.251976130008728347e+02 1.152065175896592422e+02 1.069457939115634133e+02 9.021644028568674401e+01
8.861340577912908145e+01 8.708500709833039366e+01 8.708500712224899587e+01 9.520180643529852205e+01 8.102642638464750746e+01 6.103608977843914118e+01 4.980892200280075599e+01 4.246382359371200010e+01 5.777259642634584935e+01 6.603582056912776466e+01 7.361797725425802241e+01 7.684152187150922941e+01 6.421774856235228413e+01 4.452760878455759297e+01 3.948013312243352146e+01 4.689931866756246137e+01 6.662476440697084001e+01 8.371261689580271081e+01 7.157535186054818155e+01 8.473322625014608889e+01 9.324976388348954970e+01 1.007219684253408900e+02 8.047541822872439354e+01 6.854583838297597254e+01 8.345761479003139982e+01 7.508986847128109332e+01 5.900176120427983051e+01 6.255680311156469031e+01 8.837334275133751760e+01 9.720831139937442344e+01 1.033610275472368585e+02 1.117488634582274614e+02 1.234598131398713434e+02 1.283630529826774307e+02 1.200060837250275085e+02 1.185432114496279183e+02 1.044336524690864962e+02
8.236618413132367778e+01 8.175549058097567467e+01 9.012927134887483760e+01 8.407749784985318797e+01 7.571940862625942259e+01 7.784098389104975979e+01 6.914897001122339759e+01 4.944450466152259338e+01 3.819008088574844351e+01 5.381633084593228489e+01 5.381633084593219252e+01 6.278208946313100824e+01 4.872265705487640730e+01 3.711643808660218724e+01 5.679174601091187213e+01 6.662896745691689659e+01 6.077809516164276715e+01 8.075422270561928428e+01 9.205004417413707074e+01 8.753778606891431480e+01 9.596620835172849695e+01 9.681428009223034792e+01 8.047541822872439354e+01 6.061743326397177611e+01 7.159465737325322721e+01 5.547302137162277802e+01 6.919647431902232881e+01 8.577133293160025573e+01 9.733799096018822183e+01 1.143296670773118962e+02 1.225549055365451068e+02 1.254273869649087061e+02 1.336643368215558212e+02 1.165661669050789158e+02 9.946670153881795784e+01 1.165661669050789158e+02 1.244060523913769174e+02
7.855064830180825197e+01 6.176611678831643104e+01 7.855064830181291313e+01 7.255644628179238964e+01 5.585680020781211397e+01 7.255644628179238964e+01 7.748176714179251690e+01 6.603571282919753571e+01 5.381633084593228489e+01 3.423901755629118071e+01 5.075566290355774868e+01 5.229430846807948541e+01 3.486437441614295807e+01 5.451984493900882711e+01 5.098784857587135377e+01 7.080359496460289392e+01 8.075422270561928428e+01 8.913299258573158568e+01 8.430661937672289241e+01 6.740616475238441296e+01 8.430661937672289241e+01 8.778485035370911760e+01 6.845009108717397339e+01 6.845011339039346865e+01 5.208325590236673008e+01 7.159465737325322721e+01 8.345761478996793414e+01 9.771875526029526782e+01 9.820493462912651239e+01 9.458098370883539019e+01 1.114091072761298165e+02 1.056025457078984715e+02 1.254273869649087061e+02 1.081476658908308508e+02 8.745872545043323498e+01 1.081476658908308508e+02 1.206351495373762361e+02
6.484356043644338286e+01 5.044034957790434248e+01 7.021464234320748687e+01 6.425172630906075710e+01 4.456394567115525263e+01 6.425172630906075710e+01 6.904647842519328549e+01 6.072703377976682049e+01 5.115219595997933766e+01 3.156642587482613749e+01 3.110366610897797202e+01 3.265012813305531836e+01 4.650355688186555625e+01 6.278195031684452232e+01 7.080359476264223417e+01 7.914005294432867288e+01 7.770531609365761483e+01 8.606111263130232203e+01 7.591467988025792124e+01 5.636667505570543568e+01 7.591467988025792124e+01 7.370691536896755736e+01 5.962664708934465807e+01 4.896268507151854976e+01 6.845011339039346865e+01 7.993194267207107373e+01 9.921524097064393288e+01 9.103220767577502670e+01 7.856161287324695763e+01 8.474787320414777980e+01 9.166494876244237844e+01 1.114091072761298165e+02 1.095533481389811499e+02 1.008330208503459744e+02 8.023482064655803470e+01 1.008330208503459744e+02 1.123038145920295108e+02
4.511356459064179347e+01 4.303734963842934036e+01 6.274066909900591327e+01 5.729104471127264731e+01 3.762524211152193487e+01 5.729104471127264731e+01 5.993112730504523000e+01 4.138142306258612990e+01 4.673464765161410384e+01 2.890634298396090074e+01 4.859505095991121948e+01 4.650354730150367288e+01 6.054669461929149321e+01 7.459355453181555617e+01 7.741387298766174752e+01 7.451706710498577024e+01 5.778479920843066253e+01 6.859499985759727281e+01 6.039030029752413498e+01 4.974895256953826106e+01 6.900237861721777222e+01 6.249937347916342389e+01 4.590816443098744060e+01 6.542508041153971021e+01 7.675833115910265292e+01 9.299162754193129388e+01 8.482773906758069415e+01 7.141195520286565568e+01 9.103220767577502670e+01 1.044284930892046646e+02 1.114091072761298165e+02 1.095475196530516939e+02 9.507435599665636516e+01 8.059536385433175099e+01 7.417649723730524158e+01 9.462242981101994133e+01 1.045634427691366710e+02
3.372462012761622674e+01 5.325112781698314990e+01 4.987116315572059477e+01 5.129945557236107589e+01 3.165548348100450937e+01 4.363434419956978161e+01 4.426319891808765306e+01 3.296184161247383315e+01 2.698831799274267240e+01 4.673464765028119672e+01 5.683416272855296114e+01 6.627320563621323402e+01 6.424715800905079277e+01 6.507502290556432456e+01 5.748903782446566879e+01 6.620349671648487799e+01 4.644142472462801408e+01 5.479578371083002253e+01 4.119199767445313398e+01 6.039028016191366532e+01 6.249933039031834880e+01 4.293273258492876465e+01 6.249937347916326758e+01 7.370739552202248035e+01 8.744357701838416119e+01 7.928460900614312834e+01 6.523410890235727777e+01 8.482773906758069415e+01 9.921524097064393288e+01 1.045875357305917959e+02 9.520552569705739643e+01 9.183519498962195371e+01 8.059199070047728242e+01 6.633370310640916045e+01 8.022768184690883686e+01 8.867769724263996522e+01 8.996659591022411462e+01
3.977723030621609723e+01 4.038760877446968323e+01 3.214471835089371154e+01 4.764975033993878384e+01 4.106933982903078828e+01 2.375180823912485906e+01 2.441038314738077730e+01 2.506931933125241585e+01 4.489186024376963502e+01 5.413873773069902740e+01 6.733829309735047275e+01 5.702002078037057231e+01 4.448581598833388284e+01 4.530947869750934132e+01 4.358513015204752605e+01 5.276223874754765575e+01 5.351638443340586804e+01 3.513173666276702534e+01 3.597225917679161711e+01 5.564892636326989361e+01 5.775709015055596041e+01 4.087974729295885368e+01 5.479247196926429808e+01 7.515806277757957332e+01 7.415486349165858826e+01 5.974774957176929036e+01 7.928580936439900029e+01 9.299823727318369038e+01 9.715131398172316324e+01 8.868913260352404393e+01 7.170381149801941945e+01 6.895259269158668758e+01 7.589575854313281411e+01 6.171473416216426244e+01 5.984869628096340222e+01 8.022768184690883686e+01 6.950697639994545796e+01
1.979290751130696435e+01 2.039493899999015625e+01 2.101394934975353834e+01 4.099913402092946058e+01 2.282749438724453483e+01 4.275020229952153983e+01 4.426310297306891073e+01 4.489197762814534798e+01 2.613125707630567263e+01 4.588942545192502109e+01 5.463794464087855118e+01 4.066937528404299940e+01 3.062204809000733974e+01 3.145527605002091320e+01 3.228712214955731241e+01 3.311894893865494538e+01 3.394956371285872621e+01 5.359980367800128676e+01 5.466076746612976223e+01 3.717918857947928046e+01 3.804596032237808600e+01 4.951460798912655292e+01 5.911544525443379428e+01 6.833818070130158162e+01 5.468522973213065086e+01 6.920978372610080953e+01 7.734312166783367104e+01 8.951272397555263183e+01 8.116695778326558752e+01 6.823992358326896124e+01 7.199235915991732782e+01 5.407845084538844560e+01 5.558694350959019204e+01 5.718526067952315373e+01 7.760157243703170593e+01 6.256426315909733660e+01 8.294904359826993812e+01
3.892253175556135147e+01 4.038760876006647749e+01 3.164084963612468826e+01 2.190705925642057039e+01 4.179263671927009938e+01 5.092515851219749834e+01 5.657683493164401511e+01 3.677126121466435649e+01 4.263491259482537998e+01 2.719380519925534045e+01 4.692727994511511724e+01 2.943990163369027258e+01 4.910887659155303453e+01 4.531810586500252924e+01 4.613656521535711619e+01 5.276223913067165228e+01 3.728631693659609425e+01 5.896591488044636975e+01 4.484759596898394562e+01 5.687577901945068959e+01 5.775709029699633845e+01 3.942316089411550450e+01 4.040570929757492280e+01 6.012765815062839891e+01 6.514053104093795810e+01 4.977457867033417926e+01 6.787120897268641784e+01 7.673283387367750663e+01 5.996112494313404540e+01 6.980540992918894005e+01 5.206769366948891076e+01 6.489094632478260394e+01 7.542608837153014179e+01 6.320976294445965493e+01 8.349141802614578012e+01 8.294904359826993812e+01 6.554205935724920096e+01
4.407380002909549432e+01 4.612295389200257745e+01 2.636966254942186438e+01 4.186615724679141692e+01 3.776689188140231579e+01 5.670776581607898237e+01 5.292898290621736379e+01 5.069287769340948557e+01 5.396108683918966165e+01 4.424126503344190553e+01 2.825087104165632468e+01 4.793496146801088997e+01 5.726915866415413348e+01 6.523186145199380803e+01 6.591262567168267594e+01 6.745741557826860912e+01 5.282967420585013940e+01 5.514476226964327310e+01 6.440907579895707613e+01 5.306929430091754085e+01 7.026968432432681766e+01 6.319820308422283972e+01 5.428997982617437401e+01 4.181737444097227296e+01 4.508597019330826328e+01 6.187003284491885324e+01 6.511582075412198378e+01 6.636982774165335286e+01 4.869922963254588666e+01 5.012318669020775275e+01 6.384241303547358370e+01 7.807579893252133729e+01 8.225870082298233399e+01 7.016937466934948020e+01 9.057737078374475459e+01 9.439725271712667620e+01 8.513423694823379151e+01
4.407532839510122358e+01 5.193302840983256630e+01 3.813615073929513954e+01 3.099980990175115991e+01 5.211298695362422251e+01 6.481257363322984588e+01 6.695375281141672019e+01 7.043423970544802160e+01 6.288297219602016952e+01 5.081294762202386295e+01 3.122024015472664260e+01 3.081715564371078742e+01 5.040910326251518825e+01 6.126280648098381221e+01 6.899228036058546820e+01 7.730665110619136726e+01 7.377913003282294824e+01 7.010968412094790381e+01 8.086096037942111536e+01 6.417756788778893906e+01 6.417756788778893906e+01 8.195840674365437906e+01 6.968294373324775393e+01 6.110155800721785369e+01 4.331763029257999875e+01 4.441704195505909780e+01 4.552269114780089154e+01 4.663327573214182564e+01 4.828850754508903265e+01 6.726538558895103392e+01 7.792847242928127116e+01 9.266151068071266650e+01 9.674596324908875999e+01 8.462296026263044268e+01 8.475976846474529225e+01 1.059891544877075376e+02 9.680867592518764297e+01
6.418316242393605364e+01 6.087102701006142524e+01 5.224255847065957425e+01 3.431381482768050972e+01 4.812105236545870923e+01 6.796508915712755083e+01 8.694056198285431947e+01 6.920233670544310201e+01 4.938327458051983854e+01 3.550209211839518275e+01 5.088560312476165137e+01 5.047604986526815907e+01 3.337829162172218389e+01 5.303480615526005693e+01 4.921166803964318603e+01 6.584044672983732482e+01 7.992638816051339745e+01 9.011154736270897558e+01 9.237079930198181899e+01 8.400542346084920098e+01 7.395993746874330554e+01 9.237079420768766624e+01 7.895724980169370610e+01 5.889534013074477770e+01 4.763405696264877065e+01 6.441160339943836277e+01 5.973508609160807481e+01 6.016768262649890886e+01 6.801116254190267796e+01 5.061552102213028803e+01 7.038849796362596578e+01 8.138780513078518197e+01 9.471764527490675789e+01 1.052816729149515282e+02 1.060039104745787313e+02 1.148316168357053613e+02 1.052347118388185976e+02
7.755711905905562276e+01 6.893205344201703610e+01 4.906722067686036581e+01 3.780960325907786057e+01 5.746308689765044164e+01 7.150090171010197082e+01 8.152084660192521426e+01 7.242277205748651170e+01 5.257016726234066084e+01 3.867882342769849657e+01 5.838486058262224532e+01 6.129013176991776390e+01 5.303480592174300767e+01 3.597839589030449758e+01 3.788484764966059970e+01 5.176680186062877453e+01 6.763611006268642711e+01 7.655794802452776082e+01 8.571048878184237196e+01 1.024400250804321217e+02 9.405090938710523574e+01 1.024400250804321217e+02 8.752934425716108535e+01 7.210626311190421234e+01 5.235046237000425862e+01 7.161302734562056571e+01 8.069367491690940142e+01 7.896245376745183364e+01 7.396101539639283828e+01 5.422640043568303270e+01 5.320654048245190637e+01 6.702453830988935124e+01 8.397379356259031624e+01 1.009019102829052912e+02 1.093397699566989161e+02 1.247337528280257715e+02 1.154503437515363800e+02
