LEM/sinusoidal_perturbations/elevation_000053.asc
nrows	100
cellsize	150.0
xllcorner	0
ncols	100
yllcorner	0
NODATA_value	-9999
[rows 51 to 67 of 100, columns 0 to 36 of 100]
6.455108993161302530e-03 2.000645510899280666e+01 3.132572356133639246e+01 3.799239084384431209e+01 4.627667374838920722e+01 5.627668042158415318e+01 5.186996691914387014e+01 3.187014976976609404e+01 5.186996691914687574e+01 6.144931599914657028e+01 7.144783604563832569e+01 7.599975580953268661e+01 6.465479194172040422e+01 4.966327801967486266e+01 4.812458593729738965e+01 6.224316492710106985e+01 8.223628875000869698e+01 7.237941336414498039e+01 6.978533355947726591e+01 8.652989238479166545e+01 9.013686658144392538e+01 6.976335434530740542e+01 5.556483560540850419e+01 4.547203157358231351e+01 4.007750987771589024e+01 5.312325076038531790e+01 5.746416366855309832e+01 4.835133555430082453e+01 2.912516872070357365e+01 2.729478204712093259e+01 4.635843879912597743e+01 2.730522272650827631e+01 2.765483943177897785e+01 2.797176779032492533e+01 2.827589377343170440e+01 2.858702601654051279e+01 2.891062257938052582e+01
3.995603441288198172e-03 1.600184465042463700e+01 3.367981693619260142e+01 4.574145735991154993e+01 5.975149913435490134e+01 4.820670178164958486e+01 3.992442915373592882e+01 2.609666652423534217e+01 3.316771517113312484e+01 4.316775073882268998e+01 6.316727632933195480e+01 6.711868594160422674e+01 3.569045077980423741e+01 3.820180132324022537e+01 5.225982198269294798e+01 7.223972683855485855e+01 7.498222126637618601e+01 5.824399042719931430e+01 5.824399042719931430e+01 7.823746475726842675e+01 9.315454833773772236e+01 8.415974468598199110e+01 7.412298760088368965e+01 6.564945774425962099e+01 5.312137541397788709e+01 3.298652668439244451e+01 4.647863503631807447e+01 3.000718627547429662e+01 2.601211962525725596e+01 2.637966559674775979e+01 2.676787595468164938e+01 4.671922065091560938e+01 4.491674631428458042e+01 4.776281350316540397e+01 3.342959853077184107e+01 4.577776937555235293e+01 2.970146670852637172e+01
4.804567899273937473e-03 5.701695141446030846e+00 1.664339079283734080e+01 3.738877819065166364e+01 5.147120535404899755e+01 3.147154107878645135e+01 1.992465908469691271e+01 3.992442915376959434e+01 5.316751353407734371e+01 6.144931599914657028e+01 7.144783604563832569e+01 6.651739446137989376e+01 5.293292988106560415e+01 3.287999929055774118e+01 5.205744953983079881e+01 5.583679866153931215e+01 5.983610584441009195e+01 4.669972366575994727e+01 5.486347825500546094e+01 6.485921202963892540e+01 8.485496927476732765e+01 8.507180407027678370e+01 7.507226871196704110e+01 6.686928919197043797e+01 6.007077704655373651e+01 4.658878863867447961e+01 2.682443000419525703e+01 2.550915133898911336e+01 4.563151042176731664e+01 4.641753180851683425e+01 3.030653513724076475e+01 4.858980334855230154e+01 6.462039378969512882e+01 5.865036336728891797e+01 3.883114048401993301e+01 5.797113224597610071e+01 6.027502738197929943e+01
9.707512844716031236e-03 1.325590067311265718e+00 2.131942468257076584e+01 3.147056138600663999e+01 4.055629067320189307e+01 3.614467837319065069e+01 1.614541611761956474e+01 3.614484685135942499e+01 5.240676524382285351e+01 5.934714861351324089e+01 5.349014042331641150e+01 5.282885215531026546e+01 3.953172062500610906e+01 2.845283496710323234e+01 3.205439050594244321e+01 3.583850637030142394e+01 3.983973171646249511e+01 4.983915407058085378e+01 6.397646016416403825e+01 8.315050531868979533e+01 9.316208452056957867e+01 7.685975889952078433e+01 5.681516001959406026e+01 4.661648634469431585e+01 3.985767583055470453e+01 3.406292841687664463e+01 4.518008363238752167e+01 2.515593757443192402e+01 4.535778604534501568e+01 5.635838113828931029e+01 4.284771582305980786e+01 4.278792103743024455e+01 6.270647945112164479e+01 6.536481864329242342e+01 4.493272989851090671e+01 6.492750437427540078e+01 7.578702710461772085e+01
5.001202446392439237e-04 2.000050012020818002e+01 3.194299846634101936e+00 2.318785065297807790e+01 2.055734016310804790e+01 2.777226804394532422e+01 1.255438970865658099e+01 2.410006607848293925e+01 4.410690759580478471e+01 3.934838441067719828e+01 3.349068344953272458e+01 4.146156950949551145e+01 2.455955847017271765e+01 4.454546972381269399e+01 5.205744953983079881e+01 5.583679866153931215e+01 5.983610584441009195e+01 6.812202411666406476e+01 7.812452644596542939e+01 9.228699874307552875e+01 9.016666839707821168e+01 8.491012086266066206e+01 7.509346245989982549e+01 6.688687114092483910e+01 5.999904497090165023e+01 5.395175971943152149e+01 4.480591379772290850e+01 2.480254355966034652e+01 4.385888549092275923e+01 5.981519006137150285e+01 6.346300104109249673e+01 6.272650944409739537e+01 7.109750156985566605e+01 7.394647000944138426e+01 5.664722130602859806e+01 5.932416926102342813e+01 8.004445615873399333e+01
5.279685921607564676e-03 2.000527968592125205e+01 2.318779950820189484e+01 5.078896866038362212e+00 6.420128117555419678e+00 7.776479888912692040e+00 2.764852005436301141e+01 3.764170792866963922e+01 4.444124476977798821e+01 3.644724946753076722e+01 1.933354055611861355e+01 2.148021955262735716e+01 4.146156950949551145e+01 2.999325580490223686e+01 4.998710668517145450e+01 6.060906420643843262e+01 6.693172976059918255e+01 7.521714352444486451e+01 8.676287218326812933e+01 9.016666840401330774e+01 6.908945947757382555e+01 7.292977255508317569e+01 6.630909214060980617e+01 7.147327990695096389e+01 5.665014289438707351e+01 5.392253179246036865e+01 4.462027129208904341e+01 2.444827411409734097e+01 3.443559288683753294e+01 5.264401775293355001e+01 6.841468463562007685e+01 7.691362501225086135e+01 8.874080910394171440e+01 8.588122052356173697e+01 7.733996014284055320e+01 8.004445615878952935e+01 8.856877092377270344e+01
5.738623160518319517e-06 2.000000573861618136e+01 3.335635308260107479e+01 2.507296706312224543e+01 2.055303495955317317e+01 2.777240875161103517e+01 9.894541743723797467e+00 2.964925112229288118e+01 3.357723220438700906e+01 1.643876798808423345e+01 3.644727387867869339e+01 2.306803350773228445e+01 4.811042769178443024e+01 4.998710668517145450e+01 3.576350364525535497e+01 4.061352993700543124e+01 4.693770581598050740e+01 5.848172308838999101e+01 7.847465352119191095e+01 8.515668640402942913e+01 6.402687127340421114e+01 5.195427307330661648e+01 4.521436364771475525e+01 5.782538830144722652e+01 5.536109354446614361e+01 3.955147262163556832e+01 4.272531862002825420e+01 2.409500798659962228e+01 2.970913361752391424e+01 5.035957446927786663e+01 4.784865395442343328e+01 5.967025437477786909e+01 8.030729222639199349e+01 8.606650250871187779e+01 8.940297572555424210e+01 8.646560938288436660e+01 8.757948563295353495e+01
4.532054705376768917e-03 2.000453205470502027e+01 3.374673607371655493e+01 4.203100732819397223e+01 4.044870571264370795e+01 2.623360558248870333e+01 2.995585838368964460e+01 1.205612377681025649e+01 1.360778154069156010e+01 3.360589218679735524e+01 4.025908584523884315e+01 4.713936704594757998e+01 6.186362206229050287e+01 6.404366088779975996e+01 4.470667988678907534e+01 6.060906420643843262e+01 5.475295516312203148e+01 6.107562470018748257e+01 8.106961743247615004e+01 9.377424786122362832e+01 8.162993222346153743e+01 7.295738195043591645e+01 5.782538830144722652e+01 3.647710102442793101e+01 4.776171693418217501e+01 3.235295327071099791e+01 3.652851022456776775e+01 2.374702641778986845e+01 4.427770853649213478e+01 3.763911687484206681e+01 5.739036646744906989e+01 7.677773297530842456e+01 6.985649694594985704e+01 6.453715259273060667e+01 6.826393307714785408e+01 6.529737011191784291e+01 6.728562014486816167e+01
9.001595176218036079e-03 6.675668261842913509e+00 1.374673607370845119e+01 2.529374145750117009e+01 4.529374145752034764e+01 4.042152471140355630e+01 3.216744242569883738e+01 2.626097107517906792e+01 3.343812220562396931e+01 1.719087955067900708e+01 2.029541096354331486e+01 4.025908584523884315e+01 4.490530395893372173e+01 6.489903870120755869e+01 5.625104859623854026e+01 7.298653689175598913e+01 6.629560226780380106e+01 8.106961731675615113e+01 8.935863060353493381e+01 8.686452203432182273e+01 7.818088837534311608e+01 7.023060566665375859e+01 6.365326109805050692e+01 5.012829601717267280e+01 2.886008556791583857e+01 2.624103711192501365e+01 2.575666363513710877e+01 2.340702327120852644e+01 4.650678476225234448e+01 5.589307410028190759e+01 6.587320369139260379e+01 6.356220525779693986e+01 4.834892648279962657e+01 4.888798511430822202e+01 5.255363803631025377e+01 4.962185391556248959e+01 6.077317822549937176e+01
5.674351268809080251e-03 2.000567435126845339e+01 3.374673607371655493e+01 4.203100733476922102e+01 5.357801272794386449e+01 6.071756091726700078e+01 5.266242914774451833e+01 4.699940443319173511e+01 4.164141002984988660e+01 2.165106149348623177e+01 4.025908584523884315e+01 2.492116538899794875e+01 4.490530395893372173e+01 5.818630315149037813e+01 7.624456131995421515e+01 8.453231593492719753e+01 8.629173369720018627e+01 9.458237332372807771e+01 9.312489215968980716e+01 7.199087932301554815e+01 5.714641747229871527e+01 4.943121587181030208e+01 4.280350989020437424e+01 3.666761921775540856e+01 4.963393640871463219e+01 4.174451691205401005e+01 2.293831295786349855e+01 3.902623873018245604e+01 4.875648781345167038e+01 5.345423866172785665e+01 5.689642001687067818e+01 5.024307723092397282e+01 3.356019889313073890e+01 3.662772259698816413e+01 4.001795315572444878e+01 6.181054147979754276e+01 7.509532574955996154e+01
9.518805923843161668e-03 2.000951880592348786e+01 3.017304004974961629e+01 3.594654274164626884e+01 4.261320940831305393e+01 5.089748065577525438e+01 6.089748065577560254e+01 6.049248185563656222e+01 4.049813368485175147e+01 2.635907537049152793e+01 4.635434267866978075e+01 4.490530395893372173e+01 2.991026308591187544e+01 4.990365137074002888e+01 6.005836196403528504e+01 6.522047962281450850e+01 7.277604754370092621e+01 8.106047851195513942e+01 9.105759420548804428e+01 8.686452203432182273e+01 7.818088837534311608e+01 7.023060566665375859e+01 6.365325820324774497e+01 5.787031300997823990e+01 4.843870334709875181e+01 2.764225795955200127e+01 2.341771335951537836e+01 2.248786858934256117e+01 4.203214535467922275e+01 3.673096799732145712e+01 4.579206522547021763e+01 2.960304433990835449e+01 5.024286971115641620e+01 5.813828419113731627e+01 6.181054147979754276e+01 4.689496844514370366e+01 5.302417283664856029e+01
9.062254805971973678e-03 5.009062254805992431e+00 1.017304004974925924e+01 1.594654274164556718e+01 2.261320940831235049e+01 3.261320940831269866e+01 5.261320940831340209e+01 6.583590614764558779e+01 4.584263531233150246e+01 3.170241311738445589e+01 5.169852876189580115e+01 5.818630284784702411e+01 4.990365135816630726e+01 3.535051092738935807e+01 4.006395600333480900e+01 4.522768389935690436e+01 5.278589381221242860e+01 6.278148142546021404e+01 8.277061366307655987e+01 9.622834861342589363e+01 7.555154492257965160e+01 6.079050327704092638e+01 4.874912453038472648e+01 3.841152644519035420e+01 3.382574690680468876e+01 4.843869388859916825e+01 4.525655486951321649e+01 4.091220865353844260e+01 2.205490786110340551e+01 2.224328544163993371e+01 2.605025716160816529e+01 4.634408223653150571e+01 3.945994526488612308e+01 5.468298809430334728e+01 7.634048158625991221e+01 5.688793184165941597e+01 7.509532574955996154e+01
3.063233560239582431e-03 2.000306323355988525e+01 3.017304004974961629e+01 3.594654274164626884e+01 4.261320940831305393e+01 5.089748065577525438e+01 6.089748065577560254e+01 6.802298397048984668e+01 4.802969117550256328e+01 5.169852876189580115e+01 4.324825795735002032e+01 6.324180670688405570e+01 6.241446040817184837e+01 4.242081322085247308e+01 6.005835622996928436e+01 5.936535405576845648e+01 5.936535405576845648e+01 7.935600317617445398e+01 9.105759434482604320e+01 9.384114076308344465e+01 8.530716193256252211e+01 6.759187618071776171e+01 4.657058428371976788e+01 5.306932304410293710e+01 4.837245753468845066e+01 6.299364996814918527e+01 5.277913792746076638e+01 3.992251907780575948e+01 2.176104564139327380e+01 2.415673182534890273e+01 4.586930288235154052e+01 4.242589577733673423e+01 6.102644252120191481e+01 5.468298986595556244e+01 7.634102499018398191e+01 6.986441882846391138e+01 8.720924917093961426e+01
5.666595628964066558e-03 1.155267197942137969e+01 2.569480760315207846e+01 4.569480760315136791e+01 4.770599025978987129e+01 4.895986189437710578e+01 5.724417787919262679e+01 6.137235719857443428e+01 6.802298397048984668e+01 7.152480976057427142e+01 6.324180670688405570e+01 6.324179577838575739e+01 7.069794846661146437e+01 5.241904475833302257e+01 7.069795928547152641e+01 7.935600317617445398e+01 7.935600317617445398e+01 8.764220112122697515e+01 9.994578202856089888e+01 7.924364695437090234e+01 6.426042589981908293e+01 5.612598780248517016e+01 6.759187618071776171e+01 7.389489766230018120e+01 6.902841033221284306e+01 5.848757579511235605e+01 3.980518532717929503e+01 3.002667271555164419e+01 2.147770320985764769e+01 4.276405296922110466e+01 6.021789747920842473e+01 6.378031338678260198e+01 7.248871078802281431e+01 7.634103636408333671e+01 8.487826826238377009e+01 9.089179645028283971e+01 9.917541204227642027e+01
2.110006612196471242e-03 2.000211000661184002e+01 2.654177566820434109e+01 2.997174747992749033e+01 2.770598889029042056e+01 2.895986044319413111e+01 4.188499199302717813e+01 4.137235148587404154e+01 5.389688580803022688e+01 6.218127922997412327e+01 7.112571391578582336e+01 8.323562421405674172e+01 8.069503026717138994e+01 7.240989683781496922e+01 8.069550848438944968e+01 8.523614136211014625e+01 8.416818389221626262e+01 7.961166938429144579e+01 8.771928966287566709e+01 9.384114076308344465e+01 8.530716193256252211e+01 7.735224343938261882e+01 8.408720067978839552e+01 7.718417039706214666e+01 7.711733286384242092e+01 6.548053017084455973e+01 4.816393660130287913e+01 3.164945505965883399e+01 2.120200273752916331e+01 3.624872320171589024e+01 4.643422157644610593e+01 5.522180952788416874e+01 6.720731927061244448e+01 8.000685899095616094e+01 8.025984726284623605e+01 8.868160240410394124e+01 9.264550520327985339e+01
9.367352646185668139e-03 3.253795775261442813e+00 6.541775521368602853e+00 9.971747224218809436e+00 1.356385326475433928e+01 1.741285505935191225e+01 2.188499101435157002e+01 2.723021585260014987e+01 3.389688251926705220e+01 4.284115442926822936e+01 5.698329015021037236e+01 7.698334145418581898e+01 7.772654853053428781e+01 8.581095390477287310e+01 7.965866329331903728e+01 6.593297660042766495e+01 6.487238970524848014e+01 6.033384039260112530e+01 7.653922681470133682e+01 8.771928966316848175e+01 9.246815345670603392e+01 8.175383464670899514e+01 7.398986762023872643e+01 5.994708721081829594e+01 6.175404716340127464e+01 5.152692364925382407e+01 5.361359919488975123e+01 4.178839118687591991e+01 2.093347951693588627e+01 3.386499231611773553e+01 3.169860940473105515e+01 3.778546424027771877e+01 5.733659749787220505e+01 5.923291877269826955e+01 5.925457067333104533e+01 8.025991286826877058e+01 8.383002270589540217e+01
3.648181865326004768e-03 2.000364818186497118e+01 2.654177566820434109e+01 2.997174747992749033e+01 3.356385366767656109e+01 2.895986044319413111e+01 4.188499199302717813e+01 3.821492268863747199e+01 4.723021753535426370e+01 6.218127922997412327e+01 7.112571391579595570e+01 7.461205972198212066e+01 5.837915400130206223e+01 7.461205972198307279e+01 7.158674411394903814e+01 5.220959352223541572e+01 5.113812511376719527e+01 4.907143526834926917e+01 6.033384039260112530e+01 7.961166938429146001e+01 8.463119775330216044e+01 6.619742181388829749e+01 5.572013051700687214e+01 4.926321539374367120e+01 4.326762911037970127e+01 3.806061320066222464e+01 4.928832413958678416e+01 4.804292844936789209e+01 2.067163179666139072e+01 2.508557401328384628e+01 2.485302325362827247e+01 4.838357272559006361e+01 5.571701611480108340e+01 4.368016493109025333e+01 5.925456763411369820e+01 8.025959067766855526e+01 7.540288223953075430e+01
