LEM/sinusoidal_perturbations/elevation_000693.asc
nrows	100
cellsize	150.0
xllcorner	0
ncols	100
yllcorner	0
NODATA_value	-9999
[rows 34 to 50 of 100, columns 0 to 36 of 100]
2.064481644892168701e-03 1.154906986543730696e+01 3.154906986543695169e+01 4.684267692768511893e+01 5.512694817514731938e+01 6.758381312099750460e+01 6.505576876243651441e+01 5.677323087629247311e+01 6.505576876243651441e+01 6.855389447758673782e+01 5.973845772023366152e+01 3.996219219962650016e+01 5.973845771796840864e+01 6.353711534898688029e+01 4.679109510651792192e+01 4.340586352295888162e+01 5.097200073021750910e+01 6.512712580611085400e+01 8.512750072960896830e+01 8.282136863104560121e+01 9.110882998316323267e+01 9.165860363401681354e+01 9.994643962071556587e+01 1.011189405612109198e+02 9.223997005511537850e+01 7.512230085445642658e+01 7.318017862996741485e+01 7.384232908071122381e+01 7.742619443865569906e+01 8.032410072410478108e+01 6.396138296822385882e+01 4.500378547477965441e+01 5.293631999758664364e+01 6.223849374169189730e+01 7.431341857575519327e+01 9.025885988481569200e+01 9.913190375341642380e+01
2.905961989428186391e-03 2.000290596198907167e+01 3.051274530912995786e+01 2.684267692768441549e+01 4.586808436845810633e+01 4.758381312099609062e+01 5.505549104260652626e+01 3.677071200467443646e+01 5.505549104260652626e+01 4.855276586594901289e+01 5.377552717298183182e+01 3.394184886401897927e+01 5.377568931854705170e+01 5.525014805873839663e+01 3.523412107220053002e+01 5.525014883533231824e+01 7.098572061226025198e+01 7.926621498342272787e+01 7.955860455224346595e+01 6.281667130573541158e+01 7.955860456151646076e+01 7.165782145546519644e+01 8.839765961517305470e+01 9.759154844103120752e+01 1.006230851269850177e+02 9.295414382885556392e+01 9.098300247061240498e+01 9.028362550962044963e+01 8.270009834118626202e+01 7.433265256192507309e+01 5.814212825627799219e+01 4.670580053277058852e+01 6.405076785895171554e+01 6.761009973469420231e+01 8.419931933670247304e+01 8.456501879695490231e+01 8.129118615494790845e+01
3.542675937824442140e-03 5.167520470881068917e+00 1.051274530912960259e+01 1.758381312099520244e+01 2.758381312099538007e+01 4.758381312099608351e+01 4.677197144048343347e+01 2.676405368161522347e+01 4.677194837640107039e+01 3.440537254944001688e+01 4.847478411361324646e+01 2.859217015001862094e+01 4.144526915626733654e+01 4.967078985866898932e+01 3.063975732743698899e+01 4.479620775640515262e+01 6.481025326423255706e+01 6.800723679254659260e+01 5.971933051577870089e+01 5.126209496183696501e+01 6.856073450949975268e+01 6.010524596753859328e+01 8.011114665922691813e+01 7.759206575141185169e+01 9.759154844103120752e+01 1.038704084059695845e+02 8.709412098713333705e+01 7.524035351129953142e+01 6.493938044081696148e+01 6.662030706727395568e+01 5.040761184518735405e+01 6.557617634566298648e+01 4.967106561562239619e+01 6.832590936525348013e+01 7.333683385162549939e+01 6.662908864581049784e+01 8.356878854765052722e+01
3.411803931810562015e-03 2.000341180393145635e+01 3.051274530912995786e+01 3.758381312099590588e+01 4.586808436845609549e+01 4.151535079636658310e+01 4.010265912219807660e+01 2.008771191338219353e+01 3.156841075245138128e+01 2.284593563117614323e+01 3.420424053140742160e+01 3.556424227854584785e+01 2.150573030862619817e+01 4.067713441483564907e+01 2.636703461065379983e+01 4.639026587296455517e+01 6.283959373848129104e+01 5.455099035728353130e+01 3.970333731121932885e+01 4.407375644417554383e+01 4.854998004844340187e+01 5.458483108610765555e+01 6.125674447473882367e+01 7.280934431700549680e+01 9.280863515157371069e+01 1.030605310283587812e+02 9.175523711147074835e+01 8.480081362714204829e+01 7.283328918377323191e+01 5.418199941007222264e+01 6.912847244656683188e+01 7.540744131071349443e+01 6.643081445659926487e+01 5.268422682259449630e+01 5.487031575294771812e+01 7.333683786863392129e+01 6.587084220410099533e+01
3.327314952832964925e-03 1.414572645521633198e+01 3.415199127447954197e+01 3.438650246897253027e+01 2.616492642085333387e+01 2.150731638870465545e+01 2.857932026367338096e+01 2.979027080743972178e+01 1.154344919262284463e+01 1.282608667315625262e+01 1.417426657678124258e+01 1.553212580066626458e+01 1.690303637361578026e+01 2.069471651832463266e+01 4.072686800639056059e+01 5.467906453824281954e+01 5.042065164734999883e+01 3.452803624810557181e+01 3.988481946257306987e+01 5.990045665444312561e+01 6.856073448455408936e+01 7.459360762800238831e+01 8.126203920463416353e+01 8.954821046513006877e+01 1.010963198818851652e+02 9.457945381313234634e+01 7.656050290219995702e+01 6.676288692442693673e+01 6.100379773299049191e+01 7.283326000727602434e+01 5.933472304730821634e+01 7.787503921086759817e+01 7.083969605827643079e+01 6.589442231444022013e+01 7.156556477135737282e+01 5.815078283984241381e+01 7.449733359219646900e+01
6.779948344387334673e-03 2.000658476708993661e+01 3.271540523343835360e+01 2.439973039101904462e+01 6.151328704115111456e+00 7.351388289604347648e+00 8.560471430268229653e+00 9.776581734651301758e+00 2.979813726590318623e+01 1.755133190042547753e+01 3.419960941861850756e+01 2.970253714771240894e+01 3.693904256970396460e+01 1.911199096369634987e+01 3.915276309959427437e+01 4.969263377436822537e+01 3.038964445311641427e+01 5.042065164734999883e+01 5.990045655215045173e+01 4.842232834417296061e+01 5.509438837470980843e+01 6.265905082908559365e+01 7.266355574565915276e+01 8.680554844977395135e+01 1.068042339285859441e+02 9.642190310528536656e+01 7.968979173915138858e+01 8.480081362714204829e+01 7.019404270948014357e+01 8.157418273629689054e+01 6.311468714137715352e+01 8.157419431159519263e+01 8.856787485314893615e+01 8.413716805089312345e+01 7.305031235115306743e+01 7.649732455801097331e+01 6.195170253462352861e+01
9.516927588586143695e-04 2.000095168542244650e+01 2.280190831264230411e+01 4.463583238570351774e+00 1.601745811935160546e+01 2.736749004739385427e+01 2.857932026367338096e+01 1.581716105912588155e+01 3.577594329829567243e+01 2.241271469698008190e+01 4.242591204970861440e+01 4.972850212669229109e+01 3.915276309931090282e+01 3.915276309959427437e+01 2.135618034351853467e+01 4.140155618465662712e+01 2.755707715005440406e+01 4.206738089739225472e+01 6.151934082782261726e+01 6.843306243469737637e+01 7.510239938852934927e+01 8.266329177838078124e+01 9.094854678011279248e+01 1.009489404446904359e+02 9.529606232228920248e+01 1.027119200633576099e+02 9.298012182824601268e+01 8.847660498840403420e+01 8.847660498840403420e+01 8.063994940309599713e+01 6.768167327413310375e+01 7.483486957938747253e+01 9.317094948149393474e+01 9.862716302030362669e+01 9.089536167175309345e+01 8.320675160402498705e+01 6.513187222932093334e+01
1.945935296826602993e-03 2.000194592297320995e+01 2.796765609842576605e+00 2.280241310053072468e+01 3.274842711793133532e+01 3.602238537078104486e+01 4.241821588574531887e+01 2.249353076138844543e+01 4.241841250346137571e+01 4.242622641300638264e+01 2.998182094647560803e+01 4.412962895340302083e+01 5.916980777110749301e+01 4.969266078820539434e+01 3.553711078136112178e+01 2.364468562887352121e+01 4.369455798248576883e+01 2.865214200273305067e+01 5.663348708525857234e+01 6.620117026962466866e+01 7.448064003897181351e+01 8.710571044774535210e+01 9.043450577037080507e+01 9.000506927107716137e+01 7.364435174594518685e+01 9.000506927107716137e+01 1.083705834526975167e+02 1.071763644772483275e+02 1.069804829435845761e+02 9.089505014762356438e+01 7.266362791806378141e+01 9.089505014762356438e+01 8.974219632422523318e+01 1.084271514852965055e+02 1.025824015157939471e+02 8.630480185100115875e+01 6.839013732140421098e+01
5.600688922766023682e-03 1.141524777079016006e+00 2.114364769348307149e+01 3.108757409873750888e+01 4.800934512271406618e+01 5.601369768213798039e+01 5.064181389988954862e+01 3.661304015152067137e+01 3.878476159031765036e+01 5.601835620139599570e+01 3.601617747319564700e+01 5.601835620139599570e+01 7.240574516824288764e+01 6.384821079504837371e+01 4.983810526002737618e+01 2.941634412200473747e+01 2.668582405481763331e+01 2.888252984952486813e+01 4.889053370051462366e+01 4.622765420446434348e+01 6.620117026962466866e+01 6.710367120197732049e+01 7.037005623197060800e+01 7.037005623197059379e+01 6.077677165512122315e+01 7.874293544520641319e+01 9.700503981635276318e+01 1.052982186086290568e+02 1.060413302740738999e+02 8.749100136854347909e+01 7.911622429653527888e+01 9.733710391114145466e+01 1.084271514852965055e+02 1.076662199060197622e+02 8.949496685171294530e+01 7.721555053200123098e+01 7.235425814459871674e+01
8.215197286175309616e-03 1.998029759021342144e+01 8.213419166721251941e+00 1.976198088994595281e+01 3.975787605987253670e+01 5.096638473055058682e+01 5.924051125449917521e+01 5.645543139484820472e+01 5.282298965047437633e+01 6.429559301121908277e+01 4.756568845449148597e+01 5.016097864305373832e+01 7.015535993793893965e+01 6.623672185478999097e+01 4.576646632260951009e+01 3.680895310396875431e+01 4.670483519956595586e+01 4.889053370051462366e+01 3.205739931083328997e+01 5.207776161581135455e+01 5.805353425855638250e+01 5.294060042137171251e+01 6.496383397105005031e+01 5.017733518852361385e+01 7.037005621116584564e+01 8.285044631604468179e+01 7.698742173177207349e+01 9.700503981635276318e+01 1.141011283718576550e+02 1.052782765232262250e+02 9.185690268014980120e+01 9.388688512067697900e+01 1.126888170249274594e+02 1.078419249173476828e+02 9.031480354359887031e+01 9.469737481049600092e+01 8.052312523513420217e+01
2.613274238814250559e-03 2.000261327423845970e+01 2.821491841749116247e+01 1.674275651329796233e+01 2.341019643585784848e+01 3.096994125346967763e+01 4.511154177452214498e+01 6.510122600055896669e+01 7.261794367769691405e+01 7.583751984445369487e+01 6.756491507341689839e+01 7.015729578726232774e+01 7.841636004951880068e+01 7.472938062588426078e+01 6.425546101571745794e+01 4.636729859148422861e+01 6.425546101571745794e+01 6.035405370628264876e+01 4.622765415560323277e+01 3.543786061605700866e+01 3.801901347500810147e+01 4.133487887802820637e+01 4.484998090543034266e+01 6.496383397105005031e+01 5.736034594068893711e+01 6.277591837993983859e+01 7.438876972563905099e+01 8.855009717812387748e+01 1.085547062477129856e+02 1.076567452863210406e+02 1.105674799664891310e+02 1.126888170249274594e+02 1.076921719860801971e+02 1.152728266407756337e+02 1.078419249173476828e+02 9.461049353276172269e+01 9.737445590465921441e+01
7.532853315450405325e-03 1.414966847704652508e+01 3.414966847704722852e+01 3.674544362251747742e+01 4.340843070702875650e+01 5.096638473055058682e+01 5.924051125449917521e+01 6.355874518188782929e+01 6.626269235777625966e+01 5.803844141196385209e+01 6.170681235957520272e+01 6.172427383449632998e+01 7.001731732933068031e+01 8.321047024178287188e+01 7.403882190668895191e+01 6.580545255431133000e+01 7.403882190668895191e+01 7.447974508252004000e+01 6.212797878380442285e+01 4.213944221114356026e+01 5.805353425855638250e+01 4.422578872332328359e+01 6.422561448618030511e+01 7.326098082389898991e+01 7.748530306414519941e+01 8.285044632554323130e+01 7.698742173177207349e+01 9.700503981635276318e+01 1.019869551457068013e+02 8.810593102044080638e+01 1.019869551453641208e+02 1.022570066818331043e+02 8.685510841683594663e+01 1.022570066818331043e+02 1.199393433473583883e+02 1.119668354590408370e+02 1.135594857866381631e+02
6.101047412966256744e-03 2.000610104741260997e+01 3.645607906626446493e+01 4.800308445005718028e+01 5.772008476675215860e+01 6.118877161291167255e+01 5.783086170485559308e+01 4.387122391857345605e+01 5.462980504056123721e+01 3.803895386909254483e+01 4.170017217893279593e+01 4.170148072865281108e+01 6.172427383449632998e+01 6.320404625262615639e+01 6.751622049562406858e+01 7.580237333014086687e+01 8.580526498040477179e+01 7.625380376537709992e+01 5.627688833816719693e+01 5.627688829442055152e+01 7.040769298779019891e+01 5.577890640170126346e+01 5.130703588564398387e+01 6.284354909539034395e+01 7.697442164048679558e+01 9.696825284422985192e+01 9.700503981635276318e+01 1.052982186086290568e+02 9.320747157045197184e+01 7.422379778939371420e+01 9.320747157045192921e+01 9.351763349394762770e+01 7.389000010723026435e+01 9.215456396091235547e+01 1.030698179884738721e+02 1.033445763419869508e+02 9.517326547861718211e+01
6.842009524227352091e-03 8.171807818801559264e+00 1.971881320259427994e+01 3.971881320259498693e+01 3.771602427013576886e+01 4.118633778171344062e+01 4.118644947398195910e+01 2.976539165293108269e+01 3.563020724938857597e+01 2.649599013136993619e+01 2.755237348020738608e+01 4.756602105105910994e+01 6.579818323184466067e+01 4.905398571576744615e+01 4.750602552425463188e+01 5.751239965960245826e+01 7.752001314178822611e+01 8.453902143984340967e+01 7.625380376537709992e+01 7.625377672114568384e+01 8.404907401502428854e+01 7.576403230793007992e+01 6.284354909539034395e+01 6.072658149110184667e+01 7.226297473647643699e+01 9.225464114335107979e+01 1.071079970811565119e+02 9.577891186286410630e+01 8.506307355447223983e+01 6.534722049637969121e+01 8.506307356007899045e+01 8.534803886259679473e+01 6.519915371506135671e+01 7.520325664564101942e+01 9.489769496693455153e+01 9.517326547861718211e+01 7.554650991378167646e+01
1.934550753332892102e-03 2.000193455075297777e+01 3.645607906626245409e+01 4.357507790959478200e+01 2.357097204859848105e+01 2.943009543286572693e+01 2.118229765500698036e+01 3.298039497745607207e+01 1.562709029286095230e+01 1.755159121145237933e+01 3.755582500821451930e+01 4.509518322445555327e+01 4.994788788941005464e+01 3.750067803499394614e+01 5.751112502795911752e+01 7.580237333007835332e+01 8.580526498039132832e+01 8.431486506776639089e+01 8.086236137266874380e+01 8.914929391317382112e+01 9.915199575638422402e+01 9.111758214775026943e+01 8.283047922100421090e+01 7.071691691487949072e+01 8.899884398885745895e+01 1.005448858533872283e+02 9.893397986394791133e+01 7.935751136694715058e+01 6.794710979177699528e+01 5.903252505187028021e+01 7.299089625010341820e+01 7.881725341369782711e+01 5.877060502564503963e+01 7.304505003328006296e+01 9.275258510155630631e+01 8.304249083220254590e+01 7.488408420264696019e+01
4.364784840791047053e-03 1.414650040857186575e+01 3.414650040857257096e+01 3.529011181224605309e+01 2.700446369261868895e+01 9.427856510233931786e+00 1.118197254892387882e+01 1.297802556946893127e+01 3.298072716544184146e+01 3.755582500821376613e+01 2.050043075855835895e+01 2.508877278378356124e+01 2.993967195815531568e+01 4.994788788941005464e+01 5.954445344826392983e+01 7.369255690153603666e+01 7.845527076991901083e+01 6.430857341257646453e+01 6.085556816135242997e+01 7.086008254229903969e+01 8.500526032774929774e+01 1.050104345650573805e+02 9.899756191780726056e+01 9.070797740870602865e+01 9.899756191780726056e+01 1.129717569187704385e+02 9.339401774859513239e+01 7.955356913826193477e+01 6.967377363340017382e+01 7.299089617659302576e+01 5.310820180330798479e+01 6.747642902351172722e+01 5.385772651287596346e+01 6.810445897202063747e+01 8.784442156980387040e+01 7.488408420264696019e+01 5.505877980220773793e+01
5.219006137575642711e-03 2.000521900613722082e+01 2.313471338206743866e+01 2.471585411372299390e+01 7.002500259839927743e+00 2.700446591598676349e+01 3.118442910123903289e+01 2.053741575366272087e+01 4.054150414171567718e+01 4.878664502810449477e+01 4.050539913583785534e+01 2.388105283518290278e+01 4.388702514066292082e+01 3.124791812340032493e+01 4.539585146529258708e+01 5.828262269297087528e+01 6.199886153265401134e+01 5.015737243064505435e+01 7.016828057198581803e+01 7.854619538821293645e+01 8.561870676626132592e+01 9.390565659370186324e+01 1.054556145339108468e+02 1.074319031432931126e+02 1.027336023881438081e+02 1.110052007049124825e+02 1.073028080749904660e+02 9.749199950336954146e+01 8.934088782813375929e+01 7.396689240378378827e+01 5.410940551363970030e+01 4.747866812304784645e+01 6.747642902351172722e+01 7.715189135899767336e+01 8.531816658147567978e+01 7.083726206376239531e+01 5.096707218866212230e+01
