LEM/sinusoidal_perturbations/elevation_000319.asc
nrows	100
cellsize	150.0
xllcorner	0
ncols	100
yllcorner	0
NODATA_value	-9999
[rows 68 to 84 of 100, columns 37 to 73 of 100]
6.685975820514478585e+01 4.991189339551674919e+01 6.360952890864479770e+01 8.376127613267868810e+01 8.698143223934295065e+01 7.257713418671620786e+01 7.998952555464614989e+01 8.561062565706379246e+01 6.946992295123310157e+01 4.551665481163965410e+01 6.165603053443228276e+01 3.781768025825611090e+01 3.888870287217594779e+01 6.432919998656123539e+01 6.584256519999330237e+01 7.772976323173340063e+01 6.535871860652109433e+01 4.857486595037243404e+01 6.167298397289919620e+01 7.969113231739328285e+01 9.287073731256725750e+01 9.982815458176196444e+01 7.944516354872520481e+01 8.390537665918944299e+01 8.300031752815979758e+01 6.627496895714948266e+01 8.534725433539588835e+01 8.700802408566701729e+01 7.015611130608348844e+01 7.185783506864792969e+01 7.361554429188805670e+01 7.540826451720769796e+01 7.774425192582333466e+01 9.732351381513994681e+01 9.721184505353394911e+01 1.171063587985519803e+02 1.120966970868788763e+02
8.015966467836750553e+01 6.527227553851859909e+01 5.707176271765478504e+01 7.781591269183218174e+01 9.142155605855421641e+01 9.372104148213148278e+01 9.170335548090953637e+01 7.128373033752343702e+01 5.534791698037207652e+01 6.946992295434030495e+01 7.281847197978333952e+01 6.352640868548635922e+01 3.779085498356594996e+01 6.750583521481082983e+01 8.645099040195205475e+01 8.469750801857438205e+01 6.438087454843915225e+01 7.189938223065651357e+01 5.511099438307429210e+01 6.449404867725765200e+01 7.605427719152281441e+01 9.626367446209536638e+01 9.629074219409338298e+01 9.686311367699727271e+01 7.061764461719593555e+01 6.871570762239232977e+01 8.811056733952099762e+01 9.762032596047322386e+01 8.945956988625593453e+01 8.543949686592588932e+01 8.724472052657711174e+01 8.652019719554475330e+01 9.732351381422803627e+01 8.114072476584532012e+01 1.008625563465251531e+02 1.076732260104316623e+02 9.204244459390456257e+01
8.574485234327084981e+01 7.572178212052007495e+01 7.781591269183218174e+01 6.401530129290391358e+01 7.797360138308864919e+01 9.673836784089968432e+01 9.760415940078101471e+01 7.726450007273396636e+01 6.311399665886299459e+01 8.385006223216632293e+01 8.521856148196208380e+01 6.472437702420788241e+01 4.727665781537295686e+01 7.072651952366325645e+01 8.461051720787527586e+01 9.327457333244133508e+01 7.892132359620440241e+01 7.964338560664712929e+01 5.936920485405283898e+01 7.964338560664704403e+01 9.306943092830495345e+01 1.050295052999334473e+02 1.188900120982164736e+02 1.059237817287983745e+02 9.433778070753062650e+01 8.811058103035419720e+01 7.223247176547867809e+01 9.181047430930080111e+01 1.054639046744543975e+02 1.051744292447610292e+02 1.070272171044033058e+02 1.005215411654050399e+02 1.090417597308109237e+02 8.983260347033190385e+01 8.492052216560230704e+01 8.770235450794540100e+01 1.076732260104316623e+02
9.700578762215731388e+01 9.370244828864265685e+01 8.287405091984284411e+01 8.358728873082779387e+01 7.138863038498206492e+01 8.481574093406885595e+01 1.036334330195031299e+02 9.148737883785757674e+01 7.077903529745039179e+01 9.148737883785757674e+01 8.969726318231043649e+01 6.960647259574318468e+01 5.426084874806299752e+01 5.504342178186103496e+01 7.044464487559551458e+01 9.049895944549143678e+01 9.915062445183197326e+01 8.299789229772871124e+01 6.315234673446042279e+01 8.299789229772871124e+01 9.607244869540078014e+01 1.045178336627594007e+02 1.146987167641336640e+02 1.115167870014590221e+02 9.143452660974161006e+01 7.746428248066440858e+01 9.181047430930081532e+01 7.736438845340536830e+01 9.721242587305808058e+01 1.113675337924925657e+02 1.229189651734077131e+02 1.203871901618040141e+02 1.097821306093626532e+02 1.039687091121138565e+02 9.895822942873105887e+01 9.923810221689340949e+01 1.158400734143354640e+02
9.175573761860650279e+01 1.010840432989503199e+02 1.005965440221203409e+02 9.555271828168149284e+01 7.687017335298727971e+01 9.009830277448467939e+01 1.087208421739739492e+02 1.001658861981473763e+02 8.278763573389096564e+01 1.001658861981473763e+02 9.622808257728404158e+01 8.043073867195379023e+01 6.028219329395198400e+01 6.023195094828294316e+01 7.192451422596296595e+01 9.186068932956308686e+01 9.941190198588833482e+01 7.930892780134296061e+01 7.062659125816574601e+01 6.913903039633061098e+01 7.601266180890115720e+01 8.590287322647691326e+01 1.062420249455255998e+02 1.131255055750343956e+02 9.297915376462273684e+01 8.145932421456784311e+01 1.014940039323293064e+02 9.721242587305808058e+01 8.305472316733400362e+01 9.462385249137440724e+01 1.147573381283977341e+02 1.266201105977179111e+02 1.295313881494786301e+02 1.238169716318122227e+02 1.188824475907325535e+02 1.191958193939069446e+02 1.272937388461611192e+02
6.845460453818829194e+01 8.547829654917541120e+01 9.592816454419337902e+01 1.016393124217256059e+02 9.555271828157326297e+01 8.731857294637907785e+01 1.051000835889452674e+02 1.123508892613239141e+02 1.041300830003903997e+02 1.051849559259431999e+02 8.793056548667487959e+01 6.808726983874062455e+01 8.043073867195379023e+01 6.489158548983931496e+01 8.467856052388815158e+01 1.001478698120637461e+02 1.078411711601192025e+02 9.893181833304672068e+01 7.937208469360530216e+01 7.451919407807753259e+01 9.453033469110980036e+01 1.045177198796871210e+02 1.146987275895936733e+02 1.212981985291868057e+02 1.062507678452898858e+02 8.606952772914257821e+01 1.062507678452898858e+02 1.113675337925012769e+02 1.031332647761368406e+02 9.007740624662004336e+01 9.836735639115234164e+01 1.101086771293470861e+02 1.299342450208674222e+02 1.307706185772918559e+02 1.226170340344904872e+02 1.273703705934973840e+02 1.192141045656027103e+02
5.562701319402214750e+01 6.601791589151206097e+01 8.066411586985850590e+01 1.005755601235403986e+02 1.130906783570243590e+02 9.905421445925969692e+01 1.131683651605072782e+02 1.116717341933891703e+02 1.111364824415200161e+02 9.098981491092651197e+01 7.685154650095967099e+01 8.793056548667487959e+01 9.297478931858117335e+01 7.468761143098869582e+01 7.228470672087978244e+01 8.630540180268640427e+01 1.064640800104259029e+02 9.577793620750537684e+01 9.952952638861856371e+01 8.331860829680078950e+01 8.593727780364287128e+01 9.759865772428862840e+01 1.181121248434762521e+02 1.225938666259528134e+02 1.025777402116897434e+02 9.241774994562261725e+01 1.062507678446342112e+02 1.261997294638794784e+02 1.169927226494216512e+02 9.683580742867482627e+01 1.169927226494216512e+02 1.266201105977179111e+02 1.380113146752763669e+02 1.226170340344904872e+02 1.027366337772055118e+02 1.085594681998614419e+02 9.928110513496974932e+01
6.644109143942483797e+01 8.104732424575986727e+01 9.111892106046897766e+01 1.034959373434221135e+02 1.225814044306724639e+02 1.167515701304315741e+02 1.055815754671925362e+02 9.144558232350597393e+01 1.055737278049444541e+02 1.051849559259431999e+02 8.680304753134919338e+01 1.051849559543439057e+02 1.029763790128552046e+02 8.876581478359257460e+01 7.879052518871668553e+01 9.220940680767786546e+01 1.123335244953074863e+02 1.102230205851945470e+02 1.120604465489635118e+02 9.493631375851639120e+01 1.062686690802007803e+02 1.147233398785465681e+02 1.265376229664535401e+02 1.307162733440201805e+02 1.208218279165117934e+02 1.026310665902067427e+02 1.068117602120626799e+02 1.267386014522085702e+02 1.251342498092346318e+02 1.070394591013347849e+02 1.251342498092346318e+02 1.353665083817216441e+02 1.239697768626207335e+02 1.158080277718032534e+02 1.085594680212225143e+02 8.852332188678070679e+01 1.085594681998614419e+02
5.273263249292330102e+01 5.938950466315195342e+01 6.952300979597421815e+01 8.995888407359717576e+01 1.128014988814207413e+02 1.011904678996598221e+02 9.289500352937965033e+01 7.783449861514775137e+01 9.669581348433868584e+01 1.152383554988001322e+02 1.069829477644205440e+02 1.152383554988001322e+02 1.171869432421178914e+02 1.072234768432677043e+02 9.037764258787167648e+01 9.300720021218678824e+01 1.131908269582086035e+02 1.307031323387188877e+02 1.238743506318519536e+02 1.154367371217387870e+02 1.155662310377044122e+02 1.072665307245686535e+02 1.155662310377512085e+02 1.255848555674949836e+02 1.307706856469871752e+02 1.169048474540737601e+02 1.267386014522052164e+02 1.348318956064215115e+02 1.350306194610531065e+02 1.269459861975084891e+02 1.350306194610531065e+02 1.272249047382444900e+02 1.074502932697449182e+02 9.591869681245471213e+01 1.033861574719290246e+02 8.337794447906549067e+01 9.494522253228693387e+01
6.784581899607825051e+01 8.174137519354431447e+01 9.147522969341832777e+01 1.033493287176682998e+02 1.043811581448294277e+02 8.515252534085234970e+01 7.391320478229604873e+01 6.947180101522776852e+01 8.851049280197402425e+01 9.835685337635358394e+01 9.033739367831202571e+01 9.835685337635358394e+01 1.080371975608999975e+02 1.188453833369005253e+02 1.105863506660954840e+02 1.131908269582086035e+02 1.214397534746575502e+02 1.287732659043195440e+02 1.121147828421235317e+02 1.038051457910066375e+02 1.038051457910066375e+02 8.707285242896909949e+01 9.716969157676892621e+01 1.131166723037544983e+02 1.247030015319368914e+02 1.365723554503699972e+02 1.246820594840089171e+02 1.163631355765186015e+02 1.189775383296809395e+02 1.162992783641138175e+02 1.246346725543277785e+02 1.252100211697794947e+02 1.067468062262194195e+02 9.408928572106539434e+01 8.443071111202986856e+01 7.898185994639655405e+01 9.411445862542836949e+01
9.004122850253365584e+01 9.325146385186421583e+01 1.013400901322638816e+02 9.517333998701541020e+01 1.040835748968489014e+02 9.622431162140503602e+01 8.176324054692901200e+01 6.289637069297687333e+01 8.176356809197861253e+01 8.711798252814452326e+01 7.132525040771282931e+01 8.083132204301253410e+01 9.598887485816572962e+01 1.056006803752839005e+02 1.097701545531756722e+02 1.013326964140107123e+02 1.097701545531756722e+02 1.087083900677462935e+02 1.038051457910066375e+02 8.350504317874045057e+01 8.350504317874045057e+01 7.674743881787004796e+01 8.458888492960147687e+01 9.632240693099514317e+01 1.164139849322843645e+02 1.207326955282058947e+02 1.129979294771402181e+02 9.606190288502909880e+01 9.870432741743155702e+01 9.577080542968030841e+01 1.128510481445143796e+02 1.319131582126092894e+02 1.215816903594223248e+02 1.125179672668196957e+02 1.043249171989205450e+02 8.826305349055455451e+01 7.429057107869125787e+01
9.018452010855124001e+01 7.357051213418380087e+01 8.245864375237736965e+01 7.653297479036008610e+01 9.599831714882607514e+01 8.814322956149533184e+01 6.911195761837063856e+01 5.819584081686333121e+01 7.715818589832490204e+01 6.809753927655397376e+01 6.187163006100028184e+01 6.902938101389699455e+01 7.843558395997911248e+01 9.755206492626213333e+01 9.991704888429813991e+01 8.190136321633208638e+01 9.991704888429813991e+01 9.441651749673457061e+01 9.811754999552728407e+01 8.945080557509044183e+01 6.883271064888778312e+01 8.945080557509044183e+01 1.048141069647956414e+02 1.131166723037544983e+02 1.147749259497438601e+02 1.005080649920472808e+02 1.046422134172050988e+02 8.419333371645896591e+01 8.419333371645896591e+01 8.356694002198882743e+01 1.007785270058927836e+02 1.192337087866163614e+02 1.274961177975629880e+02 1.192443505424515138e+02 1.164382735728746496e+02 1.023506640090627258e+02 8.971026253701637643e+01
8.140554411836859572e+01 6.210463051887467856e+01 6.275574360153908060e+01 7.662831478168385502e+01 9.648987260488705431e+01 8.654887529062527562e+01 6.751312227421222190e+01 5.402616165086375588e+01 6.777875562574304524e+01 5.458463264442892893e+01 6.564267200764098220e+01 8.472336641379214939e+01 9.598462672186434474e+01 1.055826942294454938e+02 9.161702981517139222e+01 7.275481890457979262e+01 9.161702981517139222e+01 9.811754999552728407e+01 7.771029684692611283e+01 8.515163559258013493e+01 6.448231858378902359e+01 8.515163559258013493e+01 9.816763232261804717e+01 1.065078911189676347e+02 1.064317221290956326e+02 8.609253316985461879e+01 9.356808955474528489e+01 9.283604721735274268e+01 7.222180251070803081e+01 9.283604721735274268e+01 9.058309496852251641e+01 1.108983748017317623e+02 1.192443505424515138e+02 9.896177348120914985e+01 1.049024027625083590e+02 9.580379170259044486e+01 8.757461727625427272e+01
7.315672934260125260e+01 5.299273893602762087e+01 7.315672934260130944e+01 9.066756944478456148e+01 8.860766085628196720e+01 8.020767616547166767e+01 8.076878443933468077e+01 6.771024881677806206e+01 4.871613442213470080e+01 6.777875562574304524e+01 8.161314614407739043e+01 9.291647899160257396e+01 9.659864145132144131e+01 8.858773500030946479e+01 8.532962617830757779e+01 6.668486005807557149e+01 8.532962617830757779e+01 9.892323291431432608e+01 8.633541689676164310e+01 6.570336887213382226e+01 6.039387754709319722e+01 8.109804902487014999e+01 7.774283359470527444e+01 9.816763232261804717e+01 1.079415160622750847e+02 8.761442135755352467e+01 7.313946132250715948e+01 8.393794185250891360e+01 6.745129932575639486e+01 7.385199006958094969e+01 8.835527570250894769e+01 1.086894527754537592e+02 1.192443505424515280e+02 9.896177348120916406e+01 8.494990505490466148e+01 8.757462768899318917e+01 6.846897441951885810e+01
6.222064142877324144e+01 4.780263372797422505e+01 6.178232124344235388e+01 8.259873012441013884e+01 7.790390468143237968e+01 6.290877621019344446e+01 7.767071072337472515e+01 6.498185746112505967e+01 4.621727775517770453e+01 6.296505089497504315e+01 7.032795440931153053e+01 8.949901868933953608e+01 8.804095919077424526e+01 6.990661715932765219e+01 7.507442534567401538e+01 6.126658777879656981e+01 7.138643219408585594e+01 9.059665304062426117e+01 7.904088636277117530e+01 5.829726499980866095e+01 5.641352845788376413e+01 6.304908762257147004e+01 7.507433081053800095e+01 9.554231457244850390e+01 9.651628729866747847e+01 8.812291320232635883e+01 8.393794185250891360e+01 6.343205481051157335e+01 6.280992296757442972e+01 8.337520770307968121e+01 1.026922691862918953e+02 1.050486333500089842e+02 1.133404157050299972e+02 1.132289456036844939e+02 9.549670514206854932e+01 7.609163528986087499e+01 8.172988563309804988e+01
4.114629680750267937e+01 6.222064142877041348e+01 7.674506786533353875e+01 7.445924958285088735e+01 6.478932818434869034e+01 5.314236892631006270e+01 6.166814186444725010e+01 5.910303543349723299e+01 4.386794924374143534e+01 5.253822885789192298e+01 7.174413704094156685e+01 8.525175778106853386e+01 7.715095856652460782e+01 7.440676798360810551e+01 5.714639546429582850e+01 5.584131611796890127e+01 7.822933323358758173e+01 7.690827134807945242e+01 6.842246978827107284e+01 5.158770152118178487e+01 6.644352810478312676e+01 8.371908106192391585e+01 9.212536235683640484e+01 1.038888340414024043e+02 8.812291320232554881e+01 6.766411417244820825e+01 7.365635767336624440e+01 5.744704895240733578e+01 7.799951462635684152e+01 9.174730759911329869e+01 9.621630174491372145e+01 8.530017226224131832e+01 1.018930342553209556e+02 1.070539284239610254e+02 9.854142058018918249e+01 9.549670514198494686e+01 8.942692119719565369e+01
3.707453945220801472e+01 5.825048910791107204e+01 7.283234573879227014e+01 5.957557133753094547e+01 4.102516203919729065e+01 5.488786022027488087e+01 4.875048712905576309e+01 4.071737222397801048e+01 5.628258715554441949e+01 6.471715670131911224e+01 7.507324326712999607e+01 7.723218214050915265e+01 5.772260520874844048e+01 6.346774256942818226e+01 4.901776297142270522e+01 6.887281303609660199e+01 7.305375125655913848e+01 6.454712898862148052e+01 4.755312089834552580e+01 6.842246978826867121e+01 8.092534992792842274e+01 9.528406885816951899e+01 1.004160288258201064e+02 9.165446443013989608e+01 8.812291320229726921e+01 6.766411417244820825e+01 5.306966907831447600e+01 7.365635767336624440e+01 8.643154271395772525e+01 9.076600348614938696e+01 7.706295728016891644e+01 7.463930762015917253e+01 9.364685402490543709e+01 9.456719213840358407e+01 7.646779598413743884e+01 9.456719208128784260e+01 8.381911811899628617e+01
