LEM/sinusoidal_perturbations/elevation_000303.asc
nrows	100
cellsize	150.0
xllcorner	0
ncols	100
yllcorner	0
NODATA_value	-9999
[rows 51 to 67 of 100, columns 37 to 73 of 100]
4.439747448402411578e+01 5.276026753521638568e+01 3.674172858591526136e+01 4.456356068691911787e+01 4.414300174423958367e+01 2.935663585568468292e+01 3.055715347566881590e+01 3.277437655918307513e+01 5.238266273726222266e+01 5.527362246106218890e+01 5.683313774433091226e+01 4.482585895774970908e+01 6.458412692607959116e+01 8.183634111295575053e+01 7.927428392764656451e+01 7.089578929106258443e+01 5.505752634521390121e+01 6.916616250785155273e+01 8.358925113702349563e+01 7.933275471333936935e+01 9.503480250535723428e+01 9.125578788850016565e+01 1.115166425579053993e+02 1.313894714963855961e+02 1.117091653560195965e+02 1.152768672361068099e+02 1.000746583934836451e+02 8.638244292283160064e+01 1.058076990698572644e+02 1.209105218831169282e+02 1.283537880852766477e+02 1.084521649864780528e+02 9.865314353674656900e+01 9.045854187000554703e+01 8.928012272013145889e+01 9.150834437756583384e+01 8.034130846889786426e+01
3.310128238990639460e+01 4.240840832411020500e+01 2.541615953252086513e+01 2.659100464226720817e+01 2.774639984534745807e+01 4.579663472779382971e+01 5.012849652174268300e+01 3.259299233884562597e+01 3.410179433334612753e+01 3.562790041720758438e+01 3.717986946416985461e+01 5.683292361709935392e+01 6.745556117726187040e+01 7.538181102681610923e+01 6.702453826660612890e+01 5.097397087354709555e+01 6.240602933056060664e+01 8.249301706914043564e+01 9.777353415456917674e+01 9.957604238093307458e+01 1.080709103075249544e+02 1.116422339505865864e+02 1.111351038558047151e+02 1.196792986951245297e+02 1.313904536977325961e+02 1.277999945524340433e+02 1.111738329320261727e+02 9.172306851294401042e+01 1.022136839356460456e+02 1.217992325449376239e+02 1.237397779224594245e+02 1.084521649864780528e+02 7.950645187651706181e+01 7.931715125770820407e+01 7.562478757613301639e+01 7.221300275862013507e+01 6.917146900075977101e+01
4.189996878482681808e+01 2.371996478448801327e+01 4.345659597597671819e+01 3.785933535844824860e+01 4.727866653339024339e+01 5.484403822897971281e+01 4.023377322467263184e+01 5.220475419826942698e+01 5.373397476321650146e+01 4.946662746754724793e+01 5.683313819935677458e+01 3.950347141686541619e+01 5.916843530939060258e+01 6.331126273004679206e+01 4.720332939945541995e+01 6.702453826660612890e+01 7.927428392765497733e+01 9.091165816992143789e+01 9.249615248400608891e+01 9.588824095148713411e+01 9.685332930282015695e+01 1.053396581212858507e+02 9.075292906510796342e+01 1.078701577443444251e+02 1.196792986951245297e+02 1.307552545469353902e+02 1.111738329320260306e+02 9.815858627193047425e+01 1.176092892792301399e+02 1.299521200038159634e+02 1.155197725975639571e+02 9.576128460640904905e+01 8.607898050217742991e+01 9.875158680986729109e+01 9.500681349908485629e+01 8.077020093095396192e+01 8.823199683039082686e+01
2.198642392362345888e+01 2.961852443999633877e+01 4.896723375996421623e+01 5.747423445297268785e+01 6.561064550330124234e+01 5.992501746525320527e+01 5.410200858036840543e+01 5.000823457644064973e+01 6.984180035401885789e+01 6.929294882374003350e+01 6.738140973501737108e+01 5.914008292854106230e+01 4.185842308734612516e+01 4.358151565978889863e+01 4.779440392216190503e+01 6.585851454275031358e+01 7.191204308992966787e+01 7.501585939680536796e+01 7.227845449240361120e+01 7.563192275406805720e+01 7.657114941981213008e+01 8.920589686919949202e+01 7.904434398467319056e+01 9.075292906510796342e+01 1.111351038558047151e+02 1.227470952865161422e+02 1.257006823906645820e+02 1.117381181110301611e+02 1.118995393410031198e+02 1.313938450178567336e+02 1.237397779224594245e+02 1.115861322606504018e+02 9.193076582492884086e+01 1.115861322606504018e+02 1.082160045370436734e+02 9.192040638425606858e+01 9.311181571689131431e+01
2.915461189397684194e+01 4.743132961065967379e+01 4.179029664056425730e+01 5.552372960702348337e+01 7.529896697627101787e+01 7.985650394570873800e+01 7.398300448898901038e+01 6.398525330194112826e+01 6.398525330194112115e+01 8.398075567584785972e+01 7.559091604669436038e+01 5.570791114376378772e+01 4.998328829527799400e+01 6.330735008966571797e+01 4.648082392585114775e+01 4.899990938141478125e+01 5.177358418683328978e+01 5.493584620055863610e+01 5.809811753702593506e+01 6.141723203620991001e+01 6.494648200316667896e+01 6.895339948472359026e+01 7.607927446699497409e+01 8.374828784888863709e+01 9.291823855059705295e+01 1.081168480471785642e+02 1.308260910900730778e+02 1.305458899128221617e+02 1.313938450178567336e+02 1.395018254406628557e+02 1.256142830764497518e+02 1.057754854243566598e+02 1.032055399966381657e+02 1.198039744104275712e+02 1.192562489715388239e+02 1.113423488332086606e+02 9.512980224351993286e+01
4.990926670966463519e+01 5.913601348529704893e+01 6.131576253290261747e+01 6.955364892368555729e+01 7.163010036604906361e+01 7.163010036604833886e+01 7.990404491604473947e+01 8.398075567658064244e+01 8.398075567585213719e+01 9.231979272072672416e+01 8.384973643610913996e+01 7.559484184284247021e+01 5.966980921614493383e+01 7.759968678848680668e+01 6.783399556806638486e+01 6.336544487189426178e+01 7.191204308992966787e+01 5.969156263534971885e+01 7.820008113416223239e+01 8.156486099221977781e+01 7.657114941981213008e+01 8.324662622192413153e+01 8.173109020244476142e+01 1.020682393591546457e+02 1.130344842865479080e+02 1.227470952859643631e+02 1.228949998240050547e+02 1.145324286569100707e+02 1.156399658326589446e+02 1.240051781886747051e+02 1.338331151050855397e+02 1.256142813868892745e+02 1.230342132488726321e+02 1.312537409353969338e+02 1.166751636139833579e+02 1.085588636647430434e+02 9.718641983217908376e+01
4.630374939225256270e+01 5.602512567989976588e+01 6.425899608088897708e+01 6.584882654928507861e+01 5.179360818252565224e+01 5.179360818252565224e+01 7.163010036604833886e+01 8.768168504959362508e+01 8.356150713002423913e+01 7.527806359473363784e+01 8.255108334660769742e+01 8.788093025528495161e+01 7.963332816306424888e+01 8.788093027036624960e+01 8.935449918354376564e+01 8.350581145557421792e+01 8.651739009138853476e+01 6.636137523588719489e+01 7.608918551111622719e+01 9.630424733680770544e+01 9.088931269066975460e+01 1.035928488876953537e+02 1.020682393591545178e+02 1.020682393591546457e+02 1.225469452110748847e+02 1.191495722976349896e+02 1.107925531571440843e+02 9.446213965108813682e+01 9.556721242479581235e+01 1.097487743778568898e+02 1.298625601413782533e+02 1.434484491892826270e+02 1.320393241809391043e+02 1.238634181780006855e+02 1.085588700289228399e+02 9.053900413411994919e+01 8.415423994422351939e+01
3.861941816977395092e+01 3.612999640951605329e+01 5.158256143346442713e+01 4.918836353123840155e+01 3.786814502900557500e+01 5.179360818252565224e+01 7.163010036604833886e+01 6.776633411722964695e+01 6.776633411722963274e+01 5.545881321431521371e+01 6.267466221475250165e+01 7.397637976048629582e+01 8.025997601475330612e+01 8.856132898516632679e+01 9.751392015264963220e+01 1.030561800732390054e+02 8.280038186394496336e+01 8.058943372633140712e+01 8.651739009138853476e+01 1.047731336088236986e+02 1.112517390940907234e+02 1.123050316806474029e+02 1.097238877242514405e+02 1.179647338535468890e+02 1.255749730596061511e+02 1.107925531540892905e+02 9.071349991778900801e+01 8.286335599925295980e+01 1.029448418967079704e+02 1.097884422294764732e+02 1.181449933956299674e+02 1.352854490974823136e+02 1.155019145062543231e+02 1.039750522900532417e+02 9.621568563059334167e+01 8.995902989936168126e+01 1.020101284298479243e+02
1.919405004579686036e+01 3.978082065350253060e+01 3.338265182208483850e+01 2.935792070419831745e+01 4.918836353123840155e+01 6.584882654896497911e+01 7.250880090506778686e+01 6.607989569750424153e+01 4.788610252587695726e+01 4.390516652123086061e+01 4.872173454010323468e+01 5.421778360630073479e+01 6.038949995436621521e+01 6.920334110309840980e+01 8.333297136976835873e+01 1.033812681958339823e+02 1.030561800732390054e+02 1.008287427450653411e+02 1.068043803753983951e+02 1.067657870806543770e+02 9.857951045326927897e+01 9.237954338948661359e+01 8.979308887563996677e+01 1.064637079517615490e+02 1.172045476628616569e+02 9.711902187027747857e+01 8.552729144939451089e+01 7.651048308745718884e+01 9.558950071226804823e+01 8.970810656450375120e+01 1.097884422294754927e+02 1.229693262761209525e+02 1.320393237107603568e+02 1.163463219272900488e+02 1.103434860553741572e+02 1.163068552232132191e+02 9.907158000125997432e+01
3.389536465807075416e+01 2.051500836506201608e+01 2.144960240318448186e+01 4.175962939511382643e+01 5.114578251797848196e+01 5.846221753066993898e+01 5.268805547872214134e+01 5.272421482035490925e+01 3.773961045071704490e+01 5.782621832155327724e+01 6.267466221475250165e+01 7.397637976048629582e+01 8.025997601475376086e+01 8.856132898516632679e+01 9.751392015264963220e+01 1.035526159265367454e+02 9.543197640801770376e+01 1.001514700301375882e+02 1.082505989066539058e+02 9.530209721170619730e+01 7.868559633221836691e+01 7.827164712789479495e+01 7.827166105044878464e+01 9.821683564384132126e+01 1.068976247671960209e+02 9.855443774858528627e+01 9.140884283781356601e+01 7.133930140873832215e+01 7.551407364660742871e+01 8.449095488623433425e+01 9.453148968273836772e+01 1.087144016375032152e+02 1.288273100247761249e+02 1.361466219199483589e+02 1.303459398740885717e+02 1.261123020628832023e+02 1.146639653540943442e+02
4.895381776214492220e+01 3.253828315568858898e+01 4.175962939510779393e+01 2.276264537712221525e+01 4.292735142017452432e+01 3.909310737947348002e+01 5.259494952994084116e+01 3.293966011874052668e+01 5.272421480586502440e+01 5.782621832155328434e+01 7.772400958341160049e+01 9.084935688643948026e+01 9.434731624161496200e+01 8.603973585496133580e+01 9.434731624161496200e+01 9.214530927628211998e+01 7.561053529395562123e+01 8.035541899623783024e+01 9.189608317509498647e+01 8.361488504287348178e+01 6.733724139763580752e+01 6.693035095040860938e+01 8.670148372331208009e+01 1.009341789261649325e+02 9.259816340843495652e+01 7.848601317453615422e+01 8.216863769926820282e+01 6.698824516368503623e+01 8.702930984915698787e+01 9.727759698256892307e+01 1.033321714974727143e+02 1.104271172717675000e+02 1.187803742549945270e+02 1.303965930031330345e+02 1.390006677689904677e+02 1.194409023532089549e+02 1.055151613071985395e+02
6.064292795471314435e+01 5.241807744348083276e+01 5.095061853263378282e+01 4.158412790652067059e+01 2.404026239703541279e+01 2.492619757650840029e+01 4.491967336928451004e+01 3.005475433424527765e+01 4.944746889758971520e+01 6.875489467051366432e+01 6.986388947214466327e+01 7.814119871514853344e+01 8.435275088225958484e+01 6.607841647916572470e+01 8.435275088225958484e+01 8.398806204508763074e+01 6.408533302334625148e+01 8.398806204508763074e+01 8.053123364926975114e+01 6.413549086635734398e+01 5.911881549800349944e+01 6.989504738990862620e+01 8.968030122604344001e+01 9.259816340843495652e+01 7.255334214818364558e+01 7.842433436763893440e+01 6.217954689143061131e+01 6.685195199305174185e+01 7.183889846663333856e+01 7.719358820793178211e+01 8.325141956642704599e+01 9.035958019593478241e+01 1.019427855826339169e+02 1.220169298949809900e+02 1.411123297320377503e+02 1.215868288036576672e+02 1.251698250050732923e+02
5.533308729298951079e+01 6.917406124022080860e+01 6.116560407500139718e+01 4.084596261530520422e+01 4.409372690712764609e+01 3.225450873151851994e+01 2.614991138482214339e+01 2.701075350094285810e+01 4.113837412313335307e+01 5.584058727902969110e+01 5.008394040270651715e+01 6.986388947214466327e+01 7.605907616706355157e+01 5.620020511352151260e+01 7.605907616706355157e+01 7.769426650890385133e+01 5.723205428892356394e+01 7.548941051384197465e+01 6.743636117423761789e+01 5.393561723089088389e+01 7.236102177422591808e+01 8.646794263336651909e+01 9.781718751991313354e+01 8.326686001330980957e+01 7.495550085308290988e+01 5.849740588398461227e+01 7.255333404862089708e+01 8.689203921732352853e+01 9.190991985485125326e+01 9.727759698256892307e+01 1.033321714974727143e+02 1.104271172717675000e+02 1.187803742549945270e+02 1.185204769328222483e+02 1.269981167535534752e+02 1.411123296985601030e+02 1.325052754492059250e+02
4.148390584512524271e+01 5.728311620822518790e+01 6.553970960279522728e+01 6.135716461647519537e+01 5.524363214538082190e+01 3.533800151681234780e+01 4.609121918400023077e+01 4.693255247787487150e+01 2.826634024614283192e+01 3.609272417918905518e+01 5.514458238280494840e+01 6.781608039217388750e+01 6.943945248254946989e+01 4.971520958742087970e+01 6.102900705292536543e+01 6.695453434214300614e+01 5.018474511878545741e+01 6.499627726021626017e+01 4.943964605141849233e+01 6.743636117423761789e+01 8.053123364926975114e+01 9.263444057874559689e+01 7.994744690427891953e+01 7.162948674359978440e+01 5.510280427502053868e+01 6.909356303275521327e+01 8.674157259261032493e+01 1.009224738954447815e+02 1.056589380774341151e+02 1.056588938651736242e+02 1.139812447869867356e+02 1.172756901656581050e+02 1.088708738117443744e+02 9.792256650478444158e+01 1.151280696304227575e+02 1.254990802190726953e+02 1.389896180310707337e+02
3.096081249293747462e+01 3.791052106875019945e+01 5.150001999286946130e+01 7.124538592068050491e+01 6.351571030077747793e+01 4.424383539582535008e+01 6.351571030063883683e+01 5.439348783483956140e+01 3.467094503311923859e+01 2.954602941220324652e+01 3.833247585527423951e+01 5.614543006488156607e+01 7.036380702424116862e+01 6.102813520971892558e+01 4.152157288037167149e+01 4.100171389914513753e+01 4.829067595888097486e+01 4.836543466951531656e+01 4.626576819592271050e+01 6.427316822443765432e+01 7.286031322279762890e+01 7.282138696681468559e+01 7.164661232951021930e+01 5.187677341429813538e+01 7.164668170980206696e+01 8.326426988057923495e+01 9.754103356695163995e+01 9.974579514894710996e+01 8.551309895368751768e+01 8.551309884746956413e+01 1.056588938651736242e+02 1.055033481842930598e+02 8.844034855258216510e+01 8.584413139837974427e+01 9.540254855265955314e+01 1.086024754754816826e+02 1.319396680024777879e+02
3.289705914557331567e+01 5.203629137013774653e+01 5.728330377611553814e+01 7.711502248424100969e+01 7.242847634371537424e+01 5.575914364074068885e+01 6.492938914430438047e+01 4.521852266386420638e+01 5.439348783089793926e+01 4.940120346461352341e+01 3.083825050693612724e+01 4.325547058143209256e+01 5.897484153765476833e+01 5.361300555761537368e+01 3.634635340644842216e+01 3.736051155431550086e+01 3.845018287533010692e+01 4.173486131400667176e+01 5.379344909217445547e+01 6.124518425799695365e+01 5.310111630743219990e+01 6.412618864813417474e+01 6.629506310551747106e+01 4.968717595360616457e+01 6.355203898509132898e+01 8.347545233391065267e+01 9.024194985465747720e+01 8.190365334679400178e+01 7.123988958775635183e+01 9.141367862033962410e+01 9.708269011086235878e+01 9.707527862999383217e+01 7.654677408772190006e+01 9.707527862999367585e+01 1.029521272524269335e+02 1.113179892107854414e+02 1.229818646924584016e+02
3.499178567037849064e+01 5.416691485779526971e+01 6.600626156100955200e+01 8.005957855428276559e+01 8.392861477930570402e+01 7.565361855439157068e+01 7.317394668888763931e+01 5.502319601262474436e+01 5.644643185590798851e+01 3.678145435770404248e+01 5.064545567709221530e+01 3.217024703582340095e+01 5.192306921317190671e+01 3.492941581789097683e+01 5.457564992387285940e+01 4.043102631648142875e+01 5.799125174016231909e+01 4.007039755771396727e+01 4.120716482871825548e+01 4.233751842797803988e+01 4.347228091804087313e+01 4.461359125670905712e+01 4.668491871401315763e+01 6.629503542394537874e+01 7.624618185879717203e+01 8.159806470275078993e+01 7.435375126225191877e+01 6.182737143783515421e+01 7.828271950881787689e+01 8.049616159566666340e+01 7.684467167848306701e+01 8.511502989808673192e+01 7.161583223070783788e+01 9.123537155436704893e+01 8.265811089941463763e+01 9.441132136064879887e+01 1.146190855107498692e+02
