LEM/sinusoidal_perturbations/elevation_000853.asc
nrows	100
cellsize	150.0
xllcorner	0
ncols	100
yllcorner	0
NODATA_value	-9999
[rows 68 to 84 of 100, columns 37 to 73 of 100]
7.412301042369220738e+01 6.579449314204892119e+01 5.674592105483569782e+01 3.709852678448199725e+01 5.674592105482225435e+01 7.095829776057935590e+01 8.091043202126260780e+01 8.476440815696085451e+01 7.635047459955845284e+01 7.394933364948809640e+01 5.524655143591876083e+01 6.173928723908228733e+01 4.708948553966621375e+01 6.228083729706996508e+01 8.452885140633726735e+01 9.743565021159639628e+01 8.977239005742931965e+01 8.381236979109731067e+01 6.057344762901924184e+01 4.537885645922922606e+01 6.118299778776617615e+01 4.999784989583337591e+01 6.976030086975001154e+01 8.606056526524540118e+01 9.132859914859048445e+01 7.628340994157272803e+01 5.709625907362720199e+01 4.590886991031828046e+01 6.552116781621246844e+01 6.395356224993626881e+01 8.376597393260287561e+01 9.854953315611398068e+01 1.067734731538201345e+02 9.895986290891623582e+01 9.070136153979888149e+01 9.331196223925385880e+01 7.737500383928846759e+01
7.652290945806512923e+01 6.925505393194023895e+01 4.943930450031106005e+01 3.555928923502175110e+01 4.296686750763809215e+01 5.276154575473815811e+01 7.264278583359849506e+01 7.336154886283419785e+01 5.683322129381357257e+01 6.437017173979856466e+01 4.322518342704309191e+01 4.054940353189851976e+01 6.173928723906465876e+01 7.779480320348216082e+01 8.891959905436989686e+01 8.669806887883130742e+01 7.118879330173778897e+01 8.672965749684809111e+01 7.385642693814753557e+01 6.214458430166190084e+01 4.297371564766667262e+01 5.675223324843702954e+01 7.660750145356162477e+01 8.169288651779176291e+01 7.156114115131668996e+01 7.032139723557757804e+01 6.213716340967130947e+01 4.462522038426979520e+01 5.579069452312618438e+01 7.608884492623911910e+01 9.194985108692860365e+01 9.925532204233482503e+01 9.091417347278067496e+01 9.070136153979888149e+01 7.085207638491228010e+01 7.602378286651320138e+01 7.215309805260676512e+01
6.061293584934507095e+01 6.757204841436175968e+01 5.377936206024125454e+01 3.404074617636764799e+01 5.377936207949807113e+01 7.095829781802054015e+01 8.091043202575798432e+01 6.508218069120550808e+01 4.631225929695539634e+01 5.429101040174485604e+01 3.481256718958142216e+01 5.545234353870674227e+01 6.922112836360740573e+01 7.008056527554371939e+01 7.006152521422740165e+01 7.903043843106623001e+01 6.005945574587673264e+01 7.903417676352057697e+01 6.690079758089753170e+01 5.867219011727912914e+01 4.139522748166319843e+01 6.095348369768348107e+01 7.190408582200801391e+01 6.012148899496378363e+01 6.809070324852314116e+01 5.190817726677177291e+01 4.286960119318392515e+01 6.213656967302997458e+01 7.229683948341482846e+01 8.406740620204733716e+01 9.791787482882973848e+01 9.091417347278067496e+01 7.075139349721696647e+01 7.665693502448725383e+01 7.666579740507307861e+01 5.680370562322971040e+01 5.221965696080867048e+01
4.152396502491833985e+01 4.818539596389374680e+01 5.232276332182391343e+01 3.251925893487351260e+01 4.396841667793053432e+01 5.795208366335017303e+01 7.827401240675182237e+01 6.966756193203970327e+01 5.347215630384311424e+01 3.600943533568511867e+01 3.192907163458754383e+01 5.216219486222618684e+01 5.698780748943121210e+01 5.165532207772464801e+01 7.001340019023449202e+01 7.221698231421758862e+01 5.315272069953935130e+01 6.455652875101021948e+01 5.642635160005747963e+01 3.915784442857650305e+01 5.864259625753611260e+01 6.387857387898431227e+01 5.514396092510227021e+01 4.691633302029184449e+01 5.672289789559519591e+01 4.113883358452067540e+01 6.021435741965699151e+01 7.003477521339861767e+01 8.032745332629551172e+01 7.353960511850884529e+01 8.623958297099342474e+01 9.292299757966465279e+01 7.135780441254456719e+01 5.652097653574372771e+01 6.640894889244415822e+01 4.929110948306073681e+01 6.921226907917848337e+01
5.386401849804665432e+01 3.506113341519841953e+01 4.884934035287331255e+01 3.101191470064140887e+01 4.508717504025870682e+01 6.496970263148082836e+01 6.135543905512724194e+01 5.635322794373329458e+01 3.340783530211354702e+01 2.870508478332958191e+01 2.915329698363826338e+01 4.911623534741960384e+01 3.976642971589029685e+01 5.632721932062853654e+01 6.063144059600967495e+01 6.477215824573825387e+01 4.686650026955629045e+01 5.639084595970849279e+01 3.689678592117031997e+01 5.640224452720460135e+01 6.305495967926145084e+01 3.649767108269715266e+01 3.664256527142842401e+01 3.801795354217586009e+01 3.936051132807217101e+01 5.831495513282280285e+01 5.937199869601413837e+01 5.420119896752507316e+01 6.697189110361003372e+01 6.052492484155331454e+01 7.758496860256369132e+01 7.840019617012396225e+01 7.214096773524541106e+01 5.660330796528094055e+01 4.652614761589747161e+01 6.640894889199162776e+01 7.590957353926128803e+01
3.874758440482771960e+01 3.372054492138965998e+01 2.890677723405222110e+01 4.885760928035951167e+01 5.853954585605702476e+01 5.264958051262222227e+01 4.122242893816024178e+01 4.709148702213203563e+01 2.807484924724148456e+01 4.640035119128638996e+01 4.817513948936826296e+01 2.979666280617200869e+01 4.724807473348934650e+01 5.008951849308019177e+01 4.021955892780633235e+01 5.644490657558443303e+01 4.073406832589434856e+01 5.305969229369454609e+01 3.527100487454652722e+01 5.356662984221331669e+01 5.443716831463299144e+01 3.573443462260068770e+01 5.534084030457512426e+01 3.770827971590451710e+01 3.845941973894037602e+01 3.919169008702224488e+01 3.990672504084967898e+01 4.061056666660528691e+01 4.837711304541252133e+01 6.186292124887467025e+01 6.288504977759120607e+01 5.770074553267974693e+01 6.420407134551827255e+01 4.545753037147873243e+01 6.530287193530628542e+01 4.771577670671889848e+01 6.762555375859002993e+01
5.969389502620445143e+01 4.755221224438984962e+01 2.756722094109139931e+01 4.753965746863035946e+01 5.203456127831017852e+01 3.254546964260368469e+01 2.701534988297313333e+01 2.744827978799003532e+01 3.007188237089885163e+01 4.945109344121513573e+01 5.531189841429073084e+01 3.707584040852514562e+01 3.044536900950170022e+01 3.090575552236624901e+01 3.136773689053488567e+01 4.932004539246560171e+01 3.533753454665781391e+01 3.315112056427249598e+01 3.361926879799808887e+01 3.410672657374284711e+01 3.478307080592451683e+01 4.989866740379866172e+01 6.260034692536991230e+01 6.382515553045671197e+01 5.237936488672438173e+01 5.863864589172521136e+01 4.840623448468016932e+01 6.010183134662253934e+01 4.159313713844761651e+01 4.228486167189839051e+01 4.297760651348956884e+01 4.368807520825406243e+01 4.441009833419590791e+01 6.420407136223950317e+01 7.358166844857828437e+01 6.762346102010225479e+01 4.892070769460242019e+01
5.784109886035058423e+01 4.616391743825850824e+01 2.624519809054171660e+01 4.523243259460063825e+01 4.575424459724158766e+01 2.640407010541698796e+01 4.528988902902490565e+01 2.977484814933777457e+01 4.570651817662933070e+01 3.381818244934625994e+01 5.317980402343987834e+01 5.752139004344923734e+01 5.177298546523437039e+01 5.119594892552131427e+01 4.510610733777842540e+01 3.202385895262042226e+01 3.248910820032051561e+01 4.964706854692494176e+01 5.324791512204948418e+01 5.376997672928695238e+01 3.508411758073906128e+01 5.459696948319425758e+01 7.047357713424123915e+01 7.923573467339390675e+01 7.366044227888313856e+01 6.671352490491817377e+01 6.208830946995158229e+01 5.756837386769286979e+01 5.575168793503882370e+01 6.106536091215758688e+01 4.704741420349377279e+01 6.339482760055501132e+01 5.568445691197319292e+01 7.201063743121019911e+01 7.612825694682261712e+01 5.618542215748693991e+01 6.884778865022423133e+01
3.871113104622627787e+01 2.902605486806319490e+01 2.493585031141892117e+01 2.536428704548997715e+01 2.579430347151777525e+01 3.572027152301610897e+01 5.234516867352336789e+01 3.373937270740361072e+01 5.409998317901604281e+01 5.319392964465821905e+01 3.754614165501946133e+01 5.683190850783515202e+01 6.861078710304572326e+01 6.394861700571740926e+01 4.454568965377533374e+01 5.232026787461933282e+01 3.836654309928320572e+01 5.379380065202771277e+01 6.170961333293606543e+01 4.358203003753015281e+01 3.575882723881896652e+01 5.514717530840843551e+01 5.090073817459060024e+01 7.101054893180921113e+01 8.603940950180395930e+01 8.434888805957515956e+01 8.136898787945987976e+01 7.178508551787891179e+01 7.724376403271102731e+01 7.123743895264460946e+01 5.133165445300658547e+01 6.991707898009438793e+01 7.448056562898281641e+01 8.295665935479286190e+01 8.166272770405760184e+01 6.170287373332453740e+01 7.846640606133941276e+01
4.351075740056429453e+01 2.436119821089381432e+01 4.438968302791525389e+01 4.544814355375978465e+01 2.644631458319917172e+01 5.053316696916595419e+01 5.974719361212552116e+01 3.863254881916194705e+01 5.993699591590767284e+01 6.474435056286220913e+01 5.683190852538054827e+01 4.129821275328918517e+01 6.061346796727495700e+01 7.140003949392686877e+01 6.396556925052450993e+01 5.796553349988477066e+01 5.951213549086559595e+01 6.970724784468545465e+01 5.829323276083077587e+01 6.178034956437291925e+01 5.523594743165202914e+01 3.667030523340172721e+01 5.607396465498755589e+01 6.527925055694620937e+01 6.341877597808365863e+01 7.749952767741515913e+01 8.798860386770589059e+01 9.232870563509595740e+01 8.373458232720804517e+01 6.392829148754071866e+01 7.127911429977373814e+01 5.943848117620011351e+01 7.315088786971699619e+01 9.072873557458311211e+01 8.768761766841846850e+01 6.770531825384657054e+01 8.768761766705841865e+01
2.378792439991656238e+01 2.792716186092089004e+01 5.118556954428735395e+01 5.961191791039786381e+01 5.120915931978239399e+01 5.959900832258612269e+01 5.997172348280836474e+01 5.997174064953022565e+01 4.674088193664154289e+01 6.801114406603423390e+01 5.707257684979287404e+01 6.061346796728080477e+01 4.530880603533663731e+01 6.469161011366288960e+01 7.695165081248565286e+01 8.043878848177806162e+01 8.774808715340368792e+01 8.531511740838533342e+01 7.731332709806942205e+01 7.535162481993677375e+01 6.402477533417618361e+01 5.603900234511866785e+01 3.756441120264644695e+01 5.711300662612128320e+01 4.861731692381828651e+01 5.727291741715337992e+01 7.272917452246133507e+01 9.439498256728775516e+01 9.177805522796806770e+01 7.801208561815828091e+01 8.773409662340833393e+01 7.974188496975796170e+01 7.003154042656824174e+01 8.929559706568139177e+01 9.475602530632247067e+01 7.476354941451158709e+01 9.475602530632247067e+01
2.753769326494246172e+01 2.652065589476424989e+01 4.654162869149175918e+01 5.757121234257497377e+01 6.837992241939389260e+01 7.665743901279584804e+01 8.048130069365939221e+01 7.407747507574370616e+01 5.306308802704887029e+01 7.407747507574370616e+01 7.073713663253629136e+01 7.267723349207361139e+01 6.469161011367562253e+01 4.958202559595154923e+01 6.897474539882132660e+01 8.792080741372281238e+01 9.751078007083204113e+01 9.358121726315356170e+01 8.232755226143400762e+01 6.732057764945741951e+01 4.768607404327504895e+01 4.335887164452416442e+01 5.616671538200088065e+01 3.848858523918958241e+01 4.104187750483242780e+01 6.964837007980565886e+01 8.575767804562823926e+01 8.575874159651797868e+01 9.411294500922913642e+01 9.754991161553068935e+01 1.033618251214359702e+02 9.717146834025442104e+01 8.128706144511259879e+01 9.717146834025442104e+01 1.030460926130810151e+02 8.630701312856868412e+01 1.030460926130810151e+02
4.286609458584312904e+01 4.654162869149175918e+01 2.933632231980222826e+01 4.932730593180931322e+01 4.852642246500945333e+01 6.764829171187658119e+01 7.592539255215154981e+01 8.088711222446774229e+01 6.045820077829560546e+01 8.088711222446774229e+01 8.996424631139021244e+01 8.316441125554239022e+01 6.402279108917525718e+01 5.276754225747583149e+01 6.077747132760590176e+01 7.038624128189005091e+01 8.948044661878385853e+01 8.553176843157066855e+01 6.601548027272332320e+01 5.462497333561933743e+01 6.732036093037056901e+01 6.296347371506335122e+01 6.276320844867039739e+01 5.024538056325625490e+01 3.944270064515360730e+01 6.091438137470596814e+01 6.495520614066219878e+01 6.495523046631655006e+01 8.575874159411685582e+01 9.746556932480437752e+01 8.344438101277833653e+01 9.746557466863001196e+01 1.002354604906763029e+02 1.081300889642491256e+02 1.145943492101725809e+02 1.062975905780183155e+02 1.018177547900138364e+02
4.900571793145424948e+01 5.757121234257498799e+01 4.932730593627827886e+01 3.227604397635234079e+01 5.216918490229163297e+01 4.781240035438321456e+01 6.180233094533080873e+01 8.176168948187842034e+01 7.519974144194117116e+01 7.519974144194117116e+01 9.461763990188777029e+01 9.116662501455317624e+01 7.612236123159935630e+01 5.689410044221774854e+01 6.507738540475348543e+01 8.421957610059033073e+01 9.751078007083204113e+01 8.347548372388432369e+01 6.393504847530122959e+01 7.426403420947785605e+01 8.232755226142549532e+01 6.976013629816458206e+01 5.129380796468868908e+01 4.544418718968893955e+01 4.012188897035394319e+01 5.968921466822228439e+01 5.032575672066693073e+01 6.495523046631912223e+01 8.575874161692473763e+01 8.279032128652686140e+01 6.894297512421651675e+01 8.927806532830015840e+01 1.029057891085531651e+02 1.109573668238321176e+02 1.221711209185850748e+02 1.060182054263189855e+02 8.565786011779927378e+01
4.654557949514656912e+01 5.923282438731546762e+01 6.041355383845393590e+01 5.216918491898330501e+01 3.531349339514287067e+01 5.510297249029066080e+01 7.417928953924773339e+01 8.246847985602806830e+01 9.461763990188777029e+01 9.461763990188777029e+01 1.024636499604070110e+02 9.380667710021198502e+01 7.469392372331806484e+01 6.118460283298131230e+01 7.222618992437004692e+01 8.069663798208286210e+01 9.989485312334919342e+01 9.152380415450025453e+01 7.273777652129469118e+01 9.152380415450025453e+01 7.959223119011568315e+01 6.119806597450222085e+01 6.975835597276643796e+01 6.383491677618381033e+01 5.487527650560124215e+01 4.107530951025429999e+01 6.127961189332309999e+01 7.458637132575495343e+01 7.680513406138014432e+01 6.213586257858033690e+01 8.279032130094523723e+01 7.705772020363768604e+01 8.343755493225914677e+01 9.470314529249644409e+01 1.141108089410456046e+02 1.146341633074739121e+02 9.643312190386330940e+01
3.109693526843741296e+01 5.099489957568592047e+01 6.396896826508156408e+01 5.725659598807749973e+01 3.751831036048046997e+01 5.725659601669598686e+01 5.425750153794609076e+01 7.095139774533480193e+01 8.506529075842981058e+01 8.581363889395136368e+01 9.410597839973489442e+01 9.875353717108802698e+01 7.959443050056661662e+01 6.617383997503657156e+01 8.520600292288595767e+01 9.130991119027041236e+01 1.079772451528545645e+02 1.002118778368332954e+02 8.398234724741884349e+01 9.288251647504903019e+01 7.408721477728862226e+01 7.959223119011568315e+01 7.463420277785192525e+01 6.152732279469469034e+01 4.203944714989928855e+01 6.077308065135782300e+01 4.558062316535541925e+01 6.608367559856104378e+01 5.601977923551461913e+01 7.680513406138014432e+01 8.849264015746379641e+01 9.058384690391577010e+01 1.029057891092140125e+02 9.871197876305579655e+01 1.151727419137571076e+02 1.281785705134806221e+02 1.098916936228652474e+02
5.099489957568670206e+01 3.594955721350571309e+01 5.572123442800994297e+01 6.547340431490832202e+01 5.718264985389276944e+01 4.066419985839566209e+01 4.292126279306887682e+01 5.683751009297802881e+01 7.314857829094538033e+01 6.578841978916904054e+01 7.994434750392792921e+01 9.998336176926549967e+01 9.194583741483113215e+01 7.288270672151340079e+01 8.168519426894818025e+01 1.008718049148841942e+02 1.187573800214548356e+02 1.114085976965075702e+02 1.033367286362312427e+02 1.009694280251976437e+02 9.288251647504903019e+01 8.181434414151679846e+01 5.838911052424838033e+01 4.299920710897831100e+01 5.592949338301450268e+01 6.616788930096225840e+01 6.608355078822009432e+01 5.050516588205793056e+01 7.123346456867513155e+01 8.518563439214221944e+01 9.796605772059633921e+01 1.058935107351343703e+02 1.169640311221970137e+02 1.172715426581257674e+02 1.141357250218684243e+02 1.224308269010274870e+02 1.203828312284826012e+02
