LEM/sinusoidal_perturbations/elevation_000592.asc
nrows	100
cellsize	150.0
xllcorner	0
ncols	100
yllcorner	0
NODATA_value	-9999
[rows 51 to 67 of 100, columns 0 to 36 of 100]
6.455108993161302530e-03 1.414859073286623747e+01 3.414859093158090531e+01 3.516023992689775213e+01 1.840944106132874936e+01 2.849627317488718603e+01 1.281901650552568483e+01 2.696238154500712980e+01 4.695621312422404969e+01 5.194821007911153288e+01 5.434816180929921359e+01 4.313148087062243974e+01 5.992380764369662671e+01 5.778162841549738715e+01 3.763948067291685362e+01 5.778162985341499791e+01 7.346772539098223831e+01 8.419515362630693289e+01 9.413012786499143658e+01 1.025791156709688323e+02 9.313488345878998587e+01 7.264885401886587601e+01 6.030636450636431078e+01 4.834072146395294567e+01 6.899159665870443803e+01 5.796710350121917799e+01 7.783094564335894461e+01 9.227634693034498525e+01 9.347163209552869034e+01 7.347251348727438369e+01 5.910728686516642938e+01 5.237801135309626943e+01 5.084439388198763510e+01 7.105187238685873297e+01 6.974510260480441559e+01 6.145413189960105171e+01 4.524069363294076140e+01
3.995603441288198172e-03 1.414613122717211269e+01 3.414613122717140214e+01 4.672364382161345020e+01 3.841925617792617942e+01 3.596478855944010178e+01 1.598130744437633233e+01 3.598068789825405389e+01 4.742700740354968048e+01 5.498278385726120376e+01 6.326443058760159488e+01 6.318721511248004674e+01 7.150915172956580079e+01 6.450133320620724930e+01 4.433763760777594598e+01 4.663296828012970252e+01 5.565036925632914944e+01 6.992315412840430611e+01 9.009610390769857702e+01 9.762554386110981852e+01 8.720184016586506459e+01 6.662080978377390750e+01 5.193199081177704102e+01 4.415364255866978027e+01 5.933149241486418646e+01 4.871779409415219675e+01 6.334524485228350699e+01 8.166591167297526965e+01 9.173525870414982819e+01 8.753620494080038839e+01 7.933011970987794825e+01 6.466170465816036028e+01 4.455757924225022037e+01 5.897539865908775170e+01 5.775855684146913660e+01 4.141492032389385969e+01 6.144984399679150044e+01
4.804567899273937473e-03 2.000480456789891903e+01 3.051937685897632591e+01 3.880543897717273438e+01 5.035780557186705408e+01 4.423863596092832040e+01 3.598068789825405389e+01 2.076236532067028051e+01 2.743007006622817556e+01 3.499207928467829731e+01 4.654082874852931440e+01 6.651471253472210776e+01 7.875634918149229691e+01 5.859671448029957475e+01 5.597825154781893531e+01 5.827773628932874317e+01 7.516850162842031580e+01 8.419515388197612538e+01 9.159663127886508960e+01 7.728457402930244768e+01 9.159663127886508960e+01 8.109030636972745754e+01 7.264885401884657767e+01 5.964998558083427582e+01 3.900585254705919169e+01 4.561122537423802470e+01 5.290411835387502748e+01 6.325484443269356660e+01 8.353285457222877142e+01 8.748064221891659997e+01 6.826642256227344774e+01 5.721792530877676342e+01 4.755848125773292168e+01 3.897639519956663889e+01 3.775669980808807935e+01 5.775855684146913660e+01 6.971329366914596903e+01
9.707512844716031236e-03 5.173685307788811194e+00 1.051891014607653574e+01 2.206594067581177043e+01 4.207125842656350301e+01 5.949922659016277038e+01 4.904308737813662589e+01 4.076136265191534136e+01 2.666082933574429603e+01 4.665829281569271814e+01 6.326443058760159488e+01 7.480203690463211785e+01 8.708262322716468873e+01 7.875634918149229691e+01 7.024349409883093642e+01 7.849263081414677856e+01 8.700662639855531211e+01 8.783066868192484833e+01 7.954332790408226117e+01 6.265305277680636920e+01 8.244398645642043277e+01 8.254837718190405838e+01 7.068132145849824610e+01 5.653522195558082331e+01 3.587860127053476589e+01 5.645580842628533702e+01 7.335594197517916371e+01 8.166591167297526965e+01 9.173525870414975714e+01 9.548221211027468769e+01 8.078728530304211120e+01 6.755817668852610325e+01 5.482112392981271398e+01 3.517603089269884720e+01 3.522668617081568954e+01 4.944484156449053103e+01 7.037628095031305975e+01
5.001202446392439237e-04 2.000050012024428270e+01 3.051937685897632591e+01 2.120936318261639997e+01 3.120938839455929781e+01 5.121132884172875777e+01 6.514815034515051195e+01 4.517023502849003336e+01 3.102630350982003549e+01 5.102163095076932109e+01 6.434286579323597266e+01 7.099734605706404977e+01 7.928586911316746466e+01 8.927452281327130379e+01 9.033277419658149654e+01 9.033197969779159564e+01 8.197364953835217705e+01 7.418424503597839248e+01 5.893915908964357442e+01 5.336706783294136613e+01 7.403445628743028806e+01 7.413343777464329776e+01 5.348065868312688309e+01 4.154889003550814408e+01 3.310565350382787386e+01 5.377486490658121454e+01 6.903418345295345659e+01 7.746935098123395846e+01 8.676917870837380065e+01 7.810013425415408506e+01 7.326596568689053868e+01 4.992424807969894829e+01 3.921932351897151392e+01 3.177635803399780556e+01 5.165174504357305807e+01 5.462623097930922711e+01 7.266028244662240354e+01
5.279685921607564676e-03 1.155228506971402247e+01 3.155228506971366542e+01 4.121035861814402779e+01 4.949725837677207352e+01 5.949922659016277038e+01 6.030731385106119546e+01 5.930276539055041951e+01 4.517023502848985572e+01 3.858912437123247940e+01 4.436562103717484007e+01 5.103391963821801625e+01 6.102234374820089613e+01 8.097235395546199754e+01 9.637100066940281806e+01 7.601007143762339524e+01 6.136486292479156646e+01 5.351883795790837439e+01 4.698532620166759699e+01 4.606300540416518885e+01 5.983921589770529437e+01 8.039170659359601245e+01 7.068132145853087422e+01 5.119121340733305203e+01 3.052542288890384725e+01 5.119121340733283887e+01 4.839436252113953429e+01 6.903418345295345659e+01 7.475840199033733313e+01 5.734864808352472210e+01 7.459472214104465593e+01 6.617770407028152135e+01 4.995535093034180818e+01 2.985641007162934457e+01 4.651560828231085054e+01 5.497712818445043581e+01 6.664721965638834433e+01
5.738623160518319517e-06 2.000000573862280362e+01 3.983655631717491730e+01 3.924365109781602001e+01 3.144120169192943948e+01 4.061088921715521849e+01 4.107881677765203676e+01 5.473988636315742440e+01 6.514815033902357300e+01 5.857593533941737007e+01 6.434287154574332135e+01 7.099734879570752355e+01 7.928586911316746466e+01 8.927452281327130379e+01 9.725899620803772905e+01 9.033197969779159564e+01 8.197364953835217705e+01 7.418426036659820966e+01 5.983930880133528518e+01 3.918755181426472944e+01 5.421872333122556142e+01 6.270840413182690298e+01 6.327001564854629834e+01 4.261750481999702345e+01 2.802462044026749766e+01 3.378373657461482793e+01 5.371405627702341690e+01 6.573738778723328835e+01 6.611926172137121682e+01 4.560976447818500645e+01 6.611926172137121682e+01 6.860567450053537186e+01 4.947972761029517841e+01 4.711950751548239680e+01 2.716546546535979800e+01 3.865717495454719455e+01 5.865584445570802075e+01
4.532054705376768917e-03 2.000453205020779635e+01 2.455333543713846822e+01 2.651685979073729627e+01 1.069202657723110406e+01 3.074510454504042656e+01 2.731429266859487370e+01 4.504347775053044955e+01 6.051280381889712601e+01 6.462819284737602743e+01 7.274819568846601214e+01 7.395272658670292287e+01 8.214282612258934080e+01 9.131038973493291167e+01 7.695959111023431376e+01 8.178610875227687416e+01 9.019176600750375883e+01 7.801908633794508319e+01 5.742403381212474756e+01 4.280059272204628940e+01 3.356919162905156639e+01 4.935165458302392949e+01 5.785240246540798381e+01 5.717378330042208034e+01 4.520203148240486968e+01 2.461850083836402092e+01 3.647830087374675401e+01 5.719993744036752759e+01 5.885877285374530743e+01 3.852802957019523689e+01 5.885877285374530743e+01 6.485766538781143709e+01 5.097284369537702275e+01 4.252678195215323598e+01 2.527801150835200161e+01 3.942386168053367612e+01 5.944783410630743958e+01
9.001595176218036079e-03 2.273555663465414156e+00 4.552767192658182971e+00 6.978123443021523542e+00 2.557907945170563835e+01 1.457710203411518179e+01 1.737751504644272060e+01 3.701250298505998870e+01 4.122597108162231905e+01 4.548716407383169269e+01 6.032925006322996353e+01 5.468622132053599216e+01 7.395272658670292287e+01 8.290514920932817233e+01 6.255190083995979933e+01 6.142847717879830327e+01 7.844920251506647446e+01 8.397689339682992227e+01 6.345618503804439570e+01 6.270840416469307144e+01 4.935165458319340814e+01 2.872490901730030544e+01 4.479602836514399655e+01 5.330389221864630400e+01 4.292870910711734211e+01 2.239725956582168109e+01 3.679578485432047330e+01 5.681067603154350820e+01 5.272317797020506447e+01 3.256587997020655934e+01 4.481245348431681919e+01 5.313816656830578466e+01 3.686157450976039485e+01 2.259938916386158780e+01 4.273868022419316048e+01 5.358112592197200286e+01 5.455847203028886128e+01
5.674351268809080251e-03 1.999808936250772717e+01 1.211205660729985922e+01 2.697883452650265923e+01 1.851389002840380726e+01 3.426305034218041357e+01 3.701250298505998870e+01 2.168896052975035715e+01 4.122597108157843593e+01 3.437689674492246183e+01 4.123131147870524416e+01 5.468621938626370849e+01 7.395232272232513537e+01 8.442052515693933401e+01 6.407296117299583216e+01 4.969894385639441481e+01 7.003262468326575174e+01 8.188513124113619313e+01 8.137968646209924373e+01 7.663529493918439073e+01 5.785240246543629183e+01 4.479602836514399655e+01 2.423320575388445874e+01 4.050843366621222685e+01 3.764555380298496345e+01 2.024222048893511072e+01 3.469385077366817427e+01 5.543555719220520928e+01 5.024706845528119459e+01 4.481244586714271350e+01 2.511711927494291174e+01 3.820379864195873409e+01 3.877505930118783084e+01 2.073215403886295505e+01 4.051450539772276471e+01 3.918635700927896437e+01 3.367649915431928065e+01
9.518805923843161668e-03 2.000951880592348786e+01 3.210846619527089985e+01 2.476098916956241425e+01 3.837676539354466598e+01 3.258142670005213404e+01 4.924601354034123091e+01 4.122597108162668178e+01 2.632888744550454874e+01 3.379042825603801248e+01 4.243768352403251498e+01 5.341234676886258370e+01 7.264748071168419585e+01 7.614026649703799876e+01 5.579379174419890575e+01 4.412697190513782175e+01 5.165961814807177177e+01 6.585374809766456394e+01 6.234262172968300320e+01 5.682926536489846825e+01 7.080112251008478097e+01 5.330389221850398229e+01 4.050843366621222685e+01 2.004444108530014645e+01 1.735248877175473226e+01 3.522312264763544931e+01 3.753437174919852737e+01 3.576468315392999386e+01 2.944881439127289013e+01 3.568856986028396960e+01 3.561921582200562142e+01 1.957746240776091895e+01 2.149132956764426083e+01 3.740212133985347265e+01 1.817874288549918305e+01 1.875171476390900338e+01 1.932866620055192541e+01
9.062254805971973678e-03 1.415119787853862654e+01 3.415119790503643316e+01 4.474397099446538562e+01 4.108365081165302257e+01 5.238302417858231763e+01 5.238728379231083920e+01 5.041127498449772304e+01 3.114568795419954128e+01 5.041127498449772304e+01 6.103295507129636377e+01 6.963373293871538294e+01 8.083215713428943161e+01 8.455363890927166892e+01 7.179979638034858169e+01 5.149459069519081567e+01 3.727613018089606811e+01 5.148514070928963804e+01 5.984645163212126562e+01 4.272040754412095254e+01 5.120544702726871122e+01 5.949171560396200675e+01 4.901801996369865577e+01 4.038026844141496241e+01 3.407157856389952855e+01 1.405532112915422260e+01 1.453910175529241755e+01 1.489607960778899454e+01 1.525215180798792503e+01 1.560709183034831860e+01 1.596091548110472225e+01 1.631428247991915370e+01 1.686164326224538357e+01 1.740803193662218717e+01 2.082476569783076314e+01 2.368277222802954540e+01 3.932979859353255137e+01
3.063233560239582431e-03 2.000306323355988525e+01 3.645490365236919672e+01 4.800190903616191918e+01 6.100570994063936325e+01 6.913697181575365391e+01 7.228897655632729879e+01 5.843542384560208802e+01 4.085611909256735430e+01 4.031126031579170643e+01 4.983826956847509138e+01 6.329794228464276529e+01 8.276698622898905455e+01 8.060136215919612823e+01 7.216380943596919906e+01 6.447222339898708299e+01 5.148514070928963804e+01 3.140840012708562412e+01 4.709763579540123146e+01 5.120544702726871122e+01 3.119773174039875485e+01 4.229219690062095083e+01 4.981091862019599859e+01 3.997982090869724203e+01 2.798532739278371295e+01 1.403325228150763593e+01 2.712047251408504422e+01 3.230894365983356664e+01 3.438632595967335703e+01 3.275954229875242163e+01 3.578546922387144491e+01 3.629905544752451618e+01 1.695790822333539793e+01 3.676500901037285018e+01 2.777379190913944740e+01 4.004245293913362502e+01 3.154179836999661291e+01
5.666595628964066558e-03 8.170632404906296387e+00 1.971763778869901529e+01 3.971763778869971873e+01 4.902304146258167350e+01 5.730731271004327709e+01 6.730731271004192706e+01 6.804986474550182152e+01 5.432480634508933548e+01 5.130643783847569495e+01 6.749917206230317390e+01 7.716288788362045636e+01 8.392180938741893215e+01 6.355971712405792573e+01 5.182983094810239777e+01 4.422000943960464525e+01 3.868010717519109676e+01 4.709763579540123146e+01 2.706283001020834078e+01 4.291442027938928305e+01 4.229219690062117820e+01 2.245066525104456900e+01 3.477588139604480943e+01 3.208003546174711573e+01 1.353768474704557079e+01 3.276012544467427290e+01 2.223868186879107611e+01 2.792869421070652436e+01 3.949580319143251472e+01 4.970171606855624447e+01 3.876002928591646679e+01 1.757055337331113876e+01 3.381880074491801480e+01 4.284693812107796163e+01 4.717703154975563251e+01 4.492862068584992130e+01 5.127256723261837834e+01
2.110006612196471242e-03 2.000211000661184002e+01 3.645490365236719299e+01 3.833259178608488327e+01 2.902304146258238404e+01 3.902304146258202877e+01 5.316517708631248240e+01 7.316517708631106132e+01 7.358651733251582527e+01 7.050021776960092268e+01 7.867050631085140822e+01 9.292096361273938498e+01 9.238966420176750205e+01 8.061988765681211078e+01 6.074226132549456736e+01 6.445553093273021261e+01 5.880694309177764723e+01 5.542216237979567239e+01 4.291442027938928305e+01 2.290193107490090441e+01 3.912954355213025082e+01 3.479003619581092011e+01 1.612678449726256247e+01 1.304131953231553176e+01 3.307688792886534657e+01 2.348517471557221015e+01 4.077608089756616039e+01 4.435163443986141374e+01 3.785659436720781912e+01 5.275082110513150724e+01 1.799374648314634229e+01 1.799004915915852010e+01 3.559021466853248938e+01 4.354619512898471356e+01 5.586299841009356726e+01 6.353626355398689185e+01 6.740850601712718060e+01
9.367352646185668139e-03 2.000936735264583177e+01 3.016762597680812519e+01 1.833259178608559736e+01 2.987959716987790770e+01 4.402173279360835778e+01 6.402173279360694380e+01 6.419722118900959629e+01 6.466391213307721841e+01 7.294818338053970308e+01 8.697786569891060537e+01 7.277627066568140890e+01 8.697786569891060537e+01 8.952793360381846810e+01 8.107825992450410979e+01 7.789067179537056518e+01 5.780919894811331972e+01 4.356488009662842842e+01 3.356415813901926271e+01 3.912954579394686050e+01 1.912116337499692875e+01 3.547329487673073345e+01 3.266779527157122232e+01 1.269002894410195914e+01 3.270765609254972617e+01 4.280653560542256741e+01 3.477262897094048100e+01 5.377852942283924165e+01 5.004855629083426294e+01 6.231403321029161191e+01 4.755043729082947124e+01 3.808365397140647701e+01 1.859932292364560169e+01 3.061997776483903166e+01 4.850716749569382813e+01 5.787983190356155916e+01 6.681384693252421414e+01
3.648181865326004768e-03 5.003648181865303357e+00 1.016762597680848046e+01 3.016762597680812519e+01 3.385199635075951363e+01 3.885199635075959890e+01 4.419722118900818231e+01 4.419722118900818231e+01 4.466391213307579733e+01 6.466391213307721841e+01 7.793109028069494570e+01 5.836944999006113477e+01 7.793109028069494570e+01 7.383197502636832610e+01 6.550978531394403603e+01 6.550978531394403603e+01 7.182802970977810730e+01 6.185061654094365480e+01 5.363189805566693735e+01 4.745751968136364951e+01 3.547393807905287844e+01 1.545288219382724648e+01 3.190430212744833938e+01 1.231012234515855219e+01 2.392456907157646384e+01 4.393100018601545287e+01 4.588708511406550627e+01 6.149711716244426185e+01 6.941781558593534385e+01 5.962259024050323575e+01 4.096201233897704697e+01 2.922084546289627482e+01 1.905518271067744607e+01 3.437261222263581573e+01 2.956448528159491218e+01 3.856211021815739315e+01 5.265999121799078608e+01
