LEM/sinusoidal_perturbations/elevation_000702.asc
nrows	100
cellsize	150.0
xllcorner	0
ncols	100
yllcorner	0
NODATA_value	-9999
[rows 68 to 84 of 100, columns 0 to 36 of 100]
5.009162696260268353e-03 2.000500859847709734e+01 3.451607910338441343e+01 2.780139432764574181e+01 2.278837438976465180e+01 1.910464623919312288e+01 2.244825001514377139e+00 1.973579795293842665e+01 3.117168086692982953e+00 2.129229774846890422e+01 2.775909428024881365e+01 8.817055727113480401e+00 2.527983437341601203e+01 3.367103484288408310e+01 3.974368086901497321e+01 3.974738525128065447e+01 5.974628725783914263e+01 5.665232848651304209e+01 4.449870718011765547e+01 4.787416015413716508e+01 4.962792572893333443e+01 6.949273943454066682e+01 8.004736990823096221e+01 8.235455094957148958e+01 6.513387732191465318e+01 4.490746348759745388e+01 5.014467321557064139e+01 6.725945448123061965e+01 7.778287003473957384e+01 6.628618874409303885e+01 4.811630805191839499e+01 2.188298914264412787e+01 3.139254012306412278e+01 2.927529010010701427e+01 3.515101818959437452e+01 5.376953315636583142e+01 7.034855571974269139e+01
4.695337527364121070e-03 1.999853335682874800e+01 2.224639263704441561e+01 2.994591931103616211e+00 1.496969013569707352e+00 1.806854296174938312e+00 2.028302164490968451e+01 2.538886858184808659e+01 1.437293841972678266e+01 3.557224623945816067e+00 2.104445705013243284e+01 2.133332805332072368e+01 4.647753183938037047e+00 2.520275087881043419e+01 1.956016266497296385e+01 3.967173149063740567e+01 4.974068970515963883e+01 4.137175425834114861e+01 2.779745546728253203e+01 3.291486307778118459e+01 4.002263353814186786e+01 5.032071646353827532e+01 7.130280578914843659e+01 7.959462083553017919e+01 5.912580715440361701e+01 5.874100057688942655e+01 3.860457183661559100e+01 4.781394209786338934e+01 6.175496705149059551e+01 6.689369001319187191e+01 4.575674792446695704e+01 4.156023907614211765e+01 2.138351883455893088e+01 4.025938427405408504e+01 3.678527225951887658e+01 4.714041042550513083e+01 4.832024869981184878e+01
7.614146464036155443e-03 1.099583852057491029e+01 1.283958292124057721e+01 1.058827975711561065e+00 1.509905950280649201e+01 1.651550734560587541e+00 2.615008176501997994e+01 2.864122503559820032e+01 2.725948297879697080e+01 7.346664809687559305e+00 3.999975493840846053e+00 4.313764412748652077e+00 4.629432167276259058e+00 7.512948826836152172e+00 2.677330520510593814e+01 3.198321660781907383e+01 3.563756797077082439e+01 2.141744084209338439e+01 4.137176488116755735e+01 5.342964077036242543e+01 6.077327046525710585e+01 6.948341326182828936e+01 8.020519141790401818e+01 8.814718674071608007e+01 7.961601932382849611e+01 6.725945448123061965e+01 5.326237072123552707e+01 3.317375789186750268e+01 4.830505148758931000e+01 5.676516566451458345e+01 5.461136864110649469e+01 3.777241616876474239e+01 3.659582157423966464e+01 2.088962586944452227e+01 2.199498477682058351e+01 2.688056668998584797e+01 3.215023584037940907e+01
2.352828262072654761e-03 3.116229614909917789e-01 6.209300778116718655e-01 8.072663579197087103e+00 1.604883484834351037e+01 9.162689866271835015e+00 2.950526366849357984e+01 4.215095850772384267e+01 2.640821662285053861e+01 7.678188435613505725e+00 7.501437930330363102e+00 1.997308587852739237e+01 2.439339505767688365e+01 5.076617148450115913e+00 8.690564510542785115e+00 1.227369883516296412e+01 1.589310754318932339e+01 3.563754345290925585e+01 4.137170685160057815e+01 6.175352485738297759e+01 6.797090085758445355e+01 7.625916570775787307e+01 8.780973759176399085e+01 8.794712364666719395e+01 7.763438335402288715e+01 6.903493405896549007e+01 6.175496705149061683e+01 4.830505148758931000e+01 2.826928500436708092e+01 4.429164536641937389e+01 5.261436083389017426e+01 4.794151884496319127e+01 3.955463341150355205e+01 2.054814848118676807e+01 3.805687386602636479e+01 3.904283022886426835e+01 5.301205311567292711e+01
6.786455232800275850e-03 2.000573681447024299e+01 8.007758685450816927e+00 2.144458317012561466e+01 2.173797245574766279e+01 2.378869291547687936e+01 1.958689470389356657e+01 3.927880705522725435e+01 3.956821015411102849e+01 4.160661123025468555e+01 2.222948095504998633e+01 3.106890240954438553e+01 2.555164128410247670e+01 5.395637634691565765e+00 2.234432349886333213e+01 3.106043211287506622e+01 3.563756548255266665e+01 4.400626082207318746e+01 5.129962398866486240e+01 5.644445545346091819e+01 4.800547515839836876e+01 5.951673023861111034e+01 7.952189541696573372e+01 7.929157884544233070e+01 5.877828927248881996e+01 4.874814637860438182e+01 4.209983547696503337e+01 3.608672139500744436e+01 4.429164537049084771e+01 2.423111923965778658e+01 4.045837087221071471e+01 3.924688065086694166e+01 2.007762487674396112e+01 2.572397199925582711e+01 4.354554622081685977e+01 5.989099503213931541e+01 7.008372108083879937e+01
3.257643153035955173e-03 1.521186545861481854e+01 3.292895547526713074e+01 4.071796595962715770e+01 3.854561398001811767e+01 4.309706504551954964e+01 2.859316817438012848e+01 4.742335816913270463e+01 6.278947167427775611e+01 6.278218955010236613e+01 5.073120724956353911e+01 3.872822425466053886e+01 1.980846623365101777e+01 5.716912243162389551e+00 2.170985996040027288e+01 3.490381006313763379e+01 5.274350728376492015e+01 4.447400452439126894e+01 3.139968184776076399e+01 3.651847481553183172e+01 4.541216382594365797e+01 5.691736906008102892e+01 7.691595699419706023e+01 8.794712364666719395e+01 7.763438335402288715e+01 6.903493405896549007e+01 6.227221256471481325e+01 5.619030533863599430e+01 5.272780243296068647e+01 4.046055494133990749e+01 1.995336975090305387e+01 1.962937728228364165e+01 3.930214871352505668e+01 4.346810281569626255e+01 4.354599190327063241e+01 6.323313048825745142e+01 7.334895072283791251e+01
1.880098487986705483e-03 2.000188009848763215e+01 2.985361257262329460e+01 3.813792766741919849e+01 4.968496383689962670e+01 5.613204501478936237e+01 4.216878134973588743e+01 5.613204116873951222e+01 5.957549656811514893e+01 5.119584044234417775e+01 4.834269582552462197e+01 3.443611074869490096e+01 2.598299580596076197e+01 6.041625833042027161e+00 1.015318208762808894e+01 2.821426987489982707e+01 3.835279789996880595e+01 2.463883832466439827e+01 4.447404122598817366e+01 5.644445545346091819e+01 6.472705978539232774e+01 7.365972200322448771e+01 8.521023695271043152e+01 9.425915227774264338e+01 9.312838378661606953e+01 7.688314297498165217e+01 6.539893633396589223e+01 5.712457998872086762e+01 6.060448009533181590e+01 4.045288908704333863e+01 3.910385099983444945e+01 1.932970469539985103e+01 3.310813326904632703e+01 5.151874732924497380e+01 6.170593392322904691e+01 5.525641230224606915e+01 5.349183444612652494e+01
2.900726248362994839e-03 4.853613226975044270e+00 9.853613226975086903e+00 2.140061861708165480e+01 4.140062738407876708e+01 5.911308956023100336e+01 6.181711321560440098e+01 5.057970737618907009e+01 4.210082209622339633e+01 3.038662889558865032e+01 3.357087394945796177e+01 2.074135460216931648e+01 6.516652634235473585e+00 2.559314242194468392e+01 1.012748586853289723e+01 2.981182297040765405e+01 1.862239897150691803e+01 2.364713211819646332e+01 4.347138161311508497e+01 5.824005439510391824e+01 6.652559612991109361e+01 7.651761409502925915e+01 8.819555931744028499e+01 7.373410068050615962e+01 7.260237098999849081e+01 6.853742958088848525e+01 4.877070682758004949e+01 3.772417151612161490e+01 4.588723835832971787e+01 4.097757351756632715e+01 3.823287238693916379e+01 1.904053362358293100e+01 3.853426663015580544e+01 4.996808480079604919e+01 4.947066142520276344e+01 3.533164194983930173e+01 3.940358424998967024e+01
5.081304048347549951e-03 2.000508130404799090e+01 2.985361693742170530e+01 1.928170364300310524e+01 3.082870906007386225e+01 5.082872558840630006e+01 5.764844180533036422e+01 4.209133132548265621e+01 2.220364916265972610e+01 2.799444164851367844e+01 1.523155069675726558e+01 7.009213207627665199e+00 2.062034098849906982e+01 3.446023374437165643e+01 2.952421397590287810e+01 1.416676754678334405e+01 2.545054101857404305e+01 4.347138161311508497e+01 3.169489494543359243e+01 3.830760473408451361e+01 4.825591945153772144e+01 6.822418933867007240e+01 7.974574910913294445e+01 5.932887680608916980e+01 5.820831723430050886e+01 7.528598644138318718e+01 5.969560010513425397e+01 4.021902312897044141e+01 2.648344879940303542e+01 2.155656275003067179e+01 1.863592117499205258e+01 2.399449022812736132e+01 2.231348373690917697e+01 4.221866006118583670e+01 2.987946596707937630e+01 4.939204206351988091e+01 5.924317409206403084e+01
4.469920835086939326e-03 2.000446992083473319e+01 3.828659602346808555e+01 3.928171066188749450e+01 3.342383957414732265e+01 5.342386248854315056e+01 4.935608326745214924e+01 2.947749701527181188e+01 1.811917874357641622e+01 7.699376320708567256e+00 7.518968290861368864e+00 2.343248274260777464e+01 3.433463398495072738e+01 4.749075421525741802e+01 4.198353587848715307e+01 2.392463754709486423e+01 4.206939325396270135e+01 4.526792595325949264e+01 4.575018873871231762e+01 5.824005439510382587e+01 6.652559612991109361e+01 7.651761409502925915e+01 8.117726722401484096e+01 6.683298527424781810e+01 4.656116957378477395e+01 6.683298527424781810e+01 6.187428677047748948e+01 4.233933490484194095e+01 4.372464851668764396e+01 2.478469358948808932e+01 1.834181299672843934e+01 3.778795330140217601e+01 4.221262385150000540e+01 2.589017425744476952e+01 4.593915053690507477e+01 3.620952099538814650e+01 5.636168632238135956e+01
2.324776005098761877e-03 1.000232477600518521e+01 2.414446039973638847e+01 4.414446039973709190e+01 5.342386248854315056e+01 6.170823965151798518e+01 5.441229634438401774e+01 4.465433597832217316e+01 2.789084379390182278e+01 8.021275164260929458e+00 2.744139163788743829e+01 1.253337157484186548e+01 3.167107319439568158e+01 5.006752345243592828e+01 5.198826283732737608e+01 4.372666588910082197e+01 5.198826283735554910e+01 6.521423663057815645e+01 6.570787704335344870e+01 6.863085777180666014e+01 6.161850032255580345e+01 6.863910205166604328e+01 7.272377088481995600e+01 5.238474344430620278e+01 4.071969636635439826e+01 5.403145827134774493e+01 6.246142643171835829e+01 6.187388023017816607e+01 5.161987419184008274e+01 3.462400335496943882e+01 1.803781791161525305e+01 3.754756406617174491e+01 5.424709432040290835e+01 4.593909449415391322e+01 3.842083568046594877e+01 5.616629306889280571e+01 4.304157806685167742e+01
8.699724428260374037e-03 2.000869972442790612e+01 3.089306047934650223e+01 3.721599356545489456e+01 4.477170385144525255e+01 5.302953407688510623e+01 4.642446467472564819e+01 2.688604201106294411e+01 1.746112911451301741e+01 1.283917482469173343e+01 8.557376284096665842e+00 8.921575556225953108e+00 2.278837322235817098e+01 3.714828575624849094e+01 4.490686877028434765e+01 5.284130359030171320e+01 4.957688764813746474e+01 5.109413071185252164e+01 5.745229421835389161e+01 6.037177056680332754e+01 4.528748050854932927e+01 6.037923981889446878e+01 6.666581772386074078e+01 6.942276830691812961e+01 5.403145827134774493e+01 3.377204835420017304e+01 4.792302285618338686e+01 5.552091807254017652e+01 5.223079855819084116e+01 3.302792447732279868e+01 1.772608870811950865e+01 3.715507819413070223e+01 5.236921461637557940e+01 6.358539100088882634e+01 4.969668023659332334e+01 6.585057959040881315e+01 5.725770538687469013e+01
2.249585233037712084e-03 5.347474423473069116e+00 1.089447638537756902e+01 1.721903168687548202e+01 2.477832014552741668e+01 3.891929982692671786e+01 5.435757085783253473e+01 4.465506900629061704e+01 3.518182769295825807e+01 1.602751156451357772e+01 2.806844241334621870e+01 2.845038670883276311e+01 9.425437298772477490e+00 2.904900518626469363e+01 2.573221191203064606e+01 3.876423021245950196e+01 2.720302274040005841e+01 2.925750183676355931e+01 4.487850380280285378e+01 5.344192711913981952e+01 3.703097026829296112e+01 5.345100902761717521e+01 4.850748371438994866e+01 6.155032179979750140e+01 6.246142626543833387e+01 4.792302285618338686e+01 2.770836547724341870e+01 4.227086175119921307e+01 4.245532290698196931e+01 3.601555920268602762e+01 1.937191632899890337e+01 1.727878360142414849e+01 3.277409267033100093e+01 5.544904726436394782e+01 6.898004984778044957e+01 7.699442239044145708e+01 7.794435395628201491e+01
2.739267172789772273e-04 2.000027392671692539e+01 3.089306047934650223e+01 3.721599356545489456e+01 4.477170385144525255e+01 5.302953407688553966e+01 6.706740675481100311e+01 5.469039907174099824e+01 3.519097806534671946e+01 2.300635327816861420e+01 3.375867157829783594e+01 1.434140599050394904e+01 2.906726997900581821e+01 9.917579246667589388e+00 2.953400631771543416e+01 1.851035512232302693e+01 1.405412000847190157e+01 2.628794421165440909e+01 3.779838179758509398e+01 4.494677178866096767e+01 3.126574089817676594e+01 4.302338745840776824e+01 3.545558090714644095e+01 4.858393961864778277e+01 6.735311248504100945e+01 5.634494736709429930e+01 4.240946084533487692e+01 2.232742251129073807e+01 3.612225056639780263e+01 3.343746239880130133e+01 1.682704908198099147e+01 3.757979080091157442e+01 5.259984099249777501e+01 6.419456669781924063e+01 6.149361938262828176e+01 6.634825247776451818e+01 7.152706546086719186e+01
8.327778614586212741e-03 1.155533316240700081e+01 2.569746878613770136e+01 4.569746878613698726e+01 5.123915084102335982e+01 5.952604229169210015e+01 6.854470133284429778e+01 4.931705547604395434e+01 3.539518646239948652e+01 4.258157073471924292e+01 3.736429040926115164e+01 1.782334818635810336e+01 3.301438982163561775e+01 1.156242430983974145e+01 1.039676185972219358e+01 1.073026885842247857e+01 1.105913423367433523e+01 2.940285972196051034e+01 2.140450818869986449e+01 3.472695423716535146e+01 2.556045521564261946e+01 2.442536505974964456e+01 3.452214927210508222e+01 4.310321502057113463e+01 5.528425281880168995e+01 4.972531786897670258e+01 3.888363248903333869e+01 1.888565789352558255e+01 3.551612174834369284e+01 1.637320549837022554e+01 2.010201328173740620e+01 3.406835242427791144e+01 5.614669349581409108e+01 5.500985158986367907e+01 4.150926499054538965e+01 4.633208745199409861e+01 5.146960902656962134e+01
6.510866554257996840e-03 2.000651086655390287e+01 2.953050343014086465e+01 3.486269244525645661e+01 3.118216740925027608e+01 5.020626392353776168e+01 6.014038823101250131e+01 6.281472651962420173e+01 5.494870254171831903e+01 5.455285304106731559e+01 4.101035402436076538e+01 2.140959877791164345e+01 4.030418160689179530e+01 3.243156453700333230e+01 1.578324328003218646e+01 2.896493126420807229e+01 2.216445197765398234e+01 1.151993273317653887e+01 2.162174638352185951e+01 1.762738617083951098e+01 3.009140206682186047e+01 3.165344650557246098e+01 1.589844127671356766e+01 2.604243454768014487e+01 4.651309309345051446e+01 3.874780589208613435e+01 1.766225834928495786e+01 1.559351141897596094e+01 1.591681558239582017e+01 3.330540737565235077e+01 3.985281784804968197e+01 5.047426907495228221e+01 5.036987071984201947e+01 3.505023123733318613e+01 4.002894412977106953e+01 6.000221118325232794e+01 7.152706546086719186e+01
8.953482861371391335e-03 4.613826248568932975e+00 9.381755406843961254e+00 1.465384231756540601e+01 2.155731732302004389e+01 3.113605173068859600e+01 4.893976800861641152e+01 7.101894121417268479e+01 5.451733876682623503e+01 3.940615978319728896e+01 2.686656870777777328e+01 4.101077732751231508e+01 4.321733218033409685e+01 2.405818031055164852e+01 3.506085135267726116e+01 3.591819486848272192e+01 2.194150775830857114e+01 3.075935719327545215e+01 1.198010401468949837e+01 1.230979804555244428e+01 1.263987399906226550e+01 1.296908258284607918e+01 1.329679946747507024e+01 3.285393949711176731e+01 4.060593375535351157e+01 3.393821041283419504e+01 1.513360601985970533e+01 3.370500016258902320e+01 2.025062994004715833e+01 1.953001947774278690e+01 3.932156213052734017e+01 4.611552676434001086e+01 3.041326048859159670e+01 5.036987071984201947e+01 6.000221118325232794e+01 4.783142409141905205e+01 5.383810883685733728e+01
