LEM/sinusoidal_perturbations/elevation_000890.asc
nrows	100
cellsize	150.0
xllcorner	0
ncols	100
yllcorner	0
NODATA_value	-9999
[rows 34 to 50 of 100, columns 0 to 36 of 100]
2.064481644892168701e-03 1.414420010537571670e+01 3.414420010537500616e+01 4.783286734800092432e+01 4.674989071252948492e+01 5.290696178697341878e+01 4.462268876760359859e+01 4.095262037423992751e+01 6.046625189789915567e+01 6.941052493395635281e+01 8.095753277441083640e+01 8.335924391437664838e+01 7.509745045228346783e+01 7.667038285770286166e+01 6.592900523748285480e+01 4.616265314292941468e+01 6.592900523748285480e+01 5.861566010346994915e+01 4.631645197569206829e+01 5.753773609903514341e+01 7.777017068308030900e+01 8.631066320650968748e+01 6.665770750615484985e+01 6.665770750589310012e+01 5.633531178656123473e+01 3.863134781976248178e+01 5.633214474404994832e+01 6.674090994067407223e+01 7.491019320987096819e+01 8.466361681442523945e+01 8.425343520381801454e+01 7.276563385727737909e+01 6.450600927439845123e+01 6.727966014168713116e+01 5.905317512819527792e+01 4.869962788245867102e+01 2.955904258595838741e+01
2.905961989428186391e-03 2.000290596198907167e+01 2.884003378135243167e+01 2.783288450704267802e+01 3.946424170962175282e+01 4.613089893883647363e+01 5.441475666728839400e+01 6.095262043918839368e+01 6.923689584227984994e+01 7.800100929472151279e+01 6.974576518220573007e+01 7.187819757443546109e+01 5.523653866827250880e+01 7.187819757443546109e+01 7.438474102406408406e+01 5.737906822773959448e+01 7.438474102406408406e+01 7.454531904462315595e+01 5.753773609903514341e+01 5.753773609903514341e+01 7.777017068308026637e+01 8.154192798991105917e+01 6.181773444043138710e+01 5.140778067610231972e+01 4.391310434332781654e+01 5.633531178665756300e+01 4.213398254524929598e+01 6.000658835057954832e+01 6.774910769091692941e+01 7.603853321366125328e+01 8.747121757267206021e+01 7.934347626134312748e+01 5.949312273192158074e+01 4.813910757967080656e+01 3.953991100964901761e+01 3.330029260993330098e+01 4.869962788245916130e+01
3.542675937824442140e-03 4.367900480657653794e+00 8.840036435657193437e+00 1.369074893638381063e+01 1.946425162827996758e+01 2.613091829494651819e+01 3.613091829403452238e+01 5.027305259254649172e+01 7.027278472546966270e+01 6.651649701387074742e+01 4.986981426191034927e+01 6.363074768743337017e+01 4.373962225243737123e+01 6.363074768743337017e+01 7.478997855942721174e+01 7.760843639354891366e+01 8.611691980007874747e+01 8.627881562874540577e+01 7.777017068308030900e+01 6.912069479416993545e+01 8.627881562771196400e+01 8.994016284729237043e+01 7.845922962018340741e+01 6.637402526373361411e+01 4.819024560827273262e+01 6.543348529037506012e+01 4.451520923639037619e+01 4.639948773558948858e+01 4.949612202453796073e+01 5.946697450279720698e+01 7.906271208384448812e+01 8.761182427750436830e+01 7.613202767355686262e+01 6.716877418312731152e+01 5.560608138804794720e+01 3.623334847481649490e+01 5.561394235785908080e+01
3.411803931810562015e-03 2.000341180393145635e+01 2.884003378135243167e+01 2.783288450704229788e+01 3.946424170962175282e+01 4.613089893883647363e+01 5.441475666728839400e+01 6.441408515394341805e+01 6.533010525087490805e+01 5.761130458856762004e+01 3.835580594202488669e+01 4.878428639580462800e+01 3.667659310090799352e+01 4.665724081704294690e+01 6.653910487730585999e+01 8.476537936073643209e+01 7.648054955723796411e+01 7.907536683054235027e+01 8.736048246355620961e+01 8.958557447675273977e+01 9.811616799107903830e+01 9.306919179627738004e+01 7.279463126648673210e+01 5.921209384762556738e+01 5.423966862220579088e+01 7.273819002159603997e+01 6.678972025526215361e+01 4.920744320589728460e+01 6.771907968899684249e+01 5.529701646732877407e+01 6.864984181162250820e+01 8.882611546628449162e+01 8.219938641243041388e+01 7.220667200781598183e+01 5.882490403175932414e+01 3.929454349123012946e+01 5.046153191169988617e+01
3.327314952832964925e-03 1.414546293868390769e+01 3.414546293868460936e+01 4.783286734009519847e+01 4.707442430007557732e+01 5.551318732422674174e+01 6.148675826423802704e+01 5.950704023763812245e+01 4.542631809433018475e+01 4.936431149386436346e+01 2.941660039578770380e+01 2.883452960621318795e+01 4.037015023106282285e+01 6.027821014774328745e+01 7.478997855942721174e+01 7.321887276231903741e+01 5.648232988292854628e+01 5.907726306204025235e+01 7.907536683054235027e+01 9.325882120047452872e+01 8.508748957962326642e+01 9.325882122747844960e+01 8.717427569760560857e+01 7.872911251582694092e+01 6.210440315243603493e+01 8.143171227641975918e+01 7.249876147881587940e+01 5.323542643702315047e+01 7.249876147881587940e+01 7.455935092658373264e+01 6.272164058718981750e+01 8.272563772565399631e+01 7.387063986723289588e+01 5.399245708129893018e+01 4.420274903105968178e+01 5.880198326351923299e+01 6.701300083973508492e+01
6.779948344387334673e-03 1.414891557336305539e+01 3.414891683454904125e+01 3.270310912184936569e+01 2.686063509455663834e+01 4.690938785613838746e+01 4.149158310207230471e+01 4.516173237723091916e+01 3.131644646862161707e+01 3.715657466513975749e+01 2.234586127706165826e+01 4.231173060056408985e+01 5.703144444605793950e+01 6.852603714528167700e+01 6.164210814604100364e+01 6.422401092489397456e+01 4.493552368360905547e+01 6.493457204496209556e+01 7.092327696473370224e+01 7.929469625956905077e+01 6.516854495321007334e+01 8.332740878074390878e+01 9.748977295010212174e+01 9.030983272808440177e+01 7.604621658611085877e+01 9.028893857976110837e+01 7.759328367866137910e+01 5.785961330684239812e+01 7.759328367866137910e+01 8.916009004284902062e+01 6.881407077427572005e+01 8.916008794282072358e+01 8.228852683738446672e+01 7.223965293274146404e+01 6.391571914724254810e+01 5.006679035948147316e+01 6.149103580137607850e+01
9.516927588586143695e-04 2.000095169275850182e+01 2.270184089267318583e+01 1.270176453548502060e+01 2.682092114401084260e+01 4.649081057166353759e+01 2.734994383013706098e+01 2.516223732628235510e+01 3.253179018158496660e+01 1.718188846625679034e+01 3.715655696329285718e+01 5.055180722743428845e+01 6.375331433242478596e+01 5.548235061034903026e+01 4.164302478636724913e+01 4.422499635833944609e+01 3.861098159507898941e+01 5.611386900931000810e+01 5.086471450493883850e+01 6.446715230654722006e+01 5.517093085606828140e+01 7.512801726640034872e+01 7.785487761724368738e+01 9.748943461658208776e+01 9.628515070493887151e+01 8.668497727879562831e+01 6.638542400118640785e+01 7.732197053642990170e+01 8.592559245031182513e+01 9.759724947282515473e+01 7.783191285902928769e+01 9.759724947282515473e+01 9.536112193304515472e+01 7.552723233702923267e+01 6.406671562584062940e+01 5.533524980925538017e+01 7.518851443163789838e+01
1.945935296826602993e-03 1.350345660223312150e+00 2.701820417022286591e+00 2.265135590614247363e+01 2.606623822601261864e+01 2.748892658223556396e+01 2.891336212970153952e+01 1.102012514194003856e+01 1.253198303397693536e+01 1.425330896562466165e+01 3.425310916898600766e+01 4.499877763859205260e+01 5.221757567472911887e+01 3.548447313275793391e+01 2.750096978986922736e+01 3.008295868300351472e+01 3.306438263153986412e+01 3.611435395450253338e+01 3.931691672097215928e+01 4.448089078415125641e+01 5.264577986098918672e+01 6.158909652499981036e+01 8.145584699008790608e+01 9.117880680112612879e+01 9.928367048252255245e+01 9.540922203886323416e+01 8.663362088244436165e+01 7.797195138105651324e+01 9.795902170993804248e+01 1.067382293654151937e+02 9.234611745673559824e+01 1.067382293654151937e+02 1.034941171144087804e+02 8.406631183679384378e+01 6.421344586075723271e+01 7.518369505225912519e+01 8.340717841194441462e+01
5.600688922766023682e-03 2.000557191160283921e+01 2.270183961157994545e+01 4.667713165754239668e+00 6.071437978441426964e+00 7.489200388458092661e+00 8.917771817029509052e+00 2.891760956847317487e+01 3.253179633594072584e+01 3.425310916899083225e+01 1.671513878521127339e+01 3.671491792964212664e+01 4.115028979700695544e+01 2.393748656618600990e+01 4.393718934153081790e+01 5.008257210805998483e+01 5.306395095382005422e+01 5.025420827995054651e+01 5.931669867011191855e+01 4.580576445548103237e+01 5.080574518325714450e+01 5.713020229499204561e+01 6.379636761930907340e+01 7.135252068849840157e+01 8.542422103504156894e+01 1.050716058034465448e+02 1.059942131432126899e+02 9.224719245200284945e+01 1.059942131432126899e+02 1.116771588585543640e+02 1.127585410264395449e+02 1.105433175728029056e+02 1.021588003776246723e+02 9.232263440960466028e+01 8.406719584470340578e+01 7.567364617159320517e+01 9.552477167904066846e+01
8.215197286175309616e-03 1.999447574581654408e+01 3.296828959466309072e+01 1.883477752970500774e+01 2.020440384534574108e+01 2.748886476391268374e+01 1.524232594272555730e+01 2.889873583959596814e+01 4.882232563899209765e+01 4.499873849504555068e+01 3.085723893243417493e+01 1.923490193860581954e+01 2.115055450904725731e+01 4.115028979700695544e+01 2.878819903341043585e+01 4.878780668409962828e+01 6.215163012501490414e+01 7.020178682589016717e+01 7.408576085778022957e+01 6.585734109378310563e+01 7.084441272239909893e+01 6.493921535387258359e+01 8.368517501883667364e+01 9.117880680112612879e+01 9.928367048252255245e+01 9.324771510419665788e+01 1.016447198620175101e+02 1.118006207543669461e+02 1.058368594266974014e+02 9.160391779710347748e+01 1.058368594266974014e+02 9.896005380054209866e+01 8.216481207407741749e+01 9.896005380054209866e+01 1.037094349891419540e+02 8.971127068917742520e+01 1.037094352431070661e+02
2.613274238814250559e-03 2.000261327423845970e+01 3.829179246188753893e+01 3.919659744860759076e+01 4.007103982136934661e+01 4.344998665936119409e+01 3.521518241239119362e+01 2.593173900135249355e+01 4.587547628039166625e+01 5.914008693850619380e+01 4.423460253085637106e+01 2.423490192659438591e+01 3.529263955915958206e+01 4.943319074911178035e+01 4.878780668409962828e+01 3.386820373652561500e+01 5.386767830415049474e+01 6.544439832163578785e+01 7.211056979860289573e+01 8.039464172567475941e+01 9.039384581780218753e+01 7.904031117507743431e+01 9.306913107290849041e+01 9.807807434144223180e+01 9.002494057117252169e+01 7.318218967568840583e+01 9.002494057117252169e+01 9.886892173098947012e+01 9.748323398361023351e+01 7.786699549391344988e+01 8.615779341109586653e+01 9.061541074399339379e+01 7.091005805895932212e+01 8.316753285607605051e+01 1.031238515540603089e+02 1.095691632755742262e+02 1.121505306761980449e+02
7.532853315450405325e-03 1.000753285331560427e+01 2.414966848040798197e+01 4.414967184091327823e+01 5.039722426049051762e+01 5.868149550795271807e+01 5.409553715375023586e+01 3.746920426599174192e+01 5.409553715375023586e+01 6.056382516171321129e+01 4.056469707451746132e+01 3.026512844434599359e+01 5.026460111030718281e+01 6.357038885316701737e+01 6.215163012501490414e+01 5.386767830415049474e+01 3.941520326906262994e+01 4.544542020698283835e+01 5.211205536770155078e+01 6.211182573775594307e+01 8.210931385944972760e+01 9.888070379727831494e+01 9.221470879543673504e+01 7.795308893310470921e+01 8.166287859619438905e+01 6.174126075215233556e+01 7.045789728975741184e+01 9.048650239806944739e+01 9.898071530470453183e+01 7.935309857397678002e+01 6.691120995816788763e+01 8.316753285661589246e+01 6.354335805043088214e+01 7.735015978009974447e+01 9.721191383532523389e+01 1.063416700306193405e+02 9.231245052055479050e+01
6.101047412966256744e-03 2.000610104741260997e+01 2.906729264193462825e+01 3.406729264193570828e+01 3.039722426048981418e+01 4.901823055606468671e+01 5.796250246606400225e+01 5.735865839513628828e+01 6.556601010503447924e+01 6.884892066297510382e+01 5.854935140800245819e+01 5.026471275602651900e+01 4.095555113248295953e+01 6.095471607612484632e+01 7.890009373655006186e+01 5.890219383689075983e+01 4.476042069211921870e+01 5.890219383689075983e+01 7.211056979860289573e+01 8.039464172567475941e+01 9.039384581780218753e+01 9.807807438337286499e+01 7.795308893310912879e+01 6.388367167982882222e+01 7.232140400383553924e+01 5.424589583724132069e+01 6.827427562869908684e+01 8.827794523026005891e+01 8.234253950936007982e+01 7.935309857397678002e+01 6.011467234843844665e+01 7.607788325738157198e+01 5.806979004133726363e+01 7.193295356478530778e+01 9.169890081134198567e+01 9.750379301364104379e+01 7.827885658300051830e+01
6.842009524227352091e-03 4.478977964523787492e+00 9.067292641934983521e+00 1.406729264193500128e+01 2.073395930860178638e+01 2.967823121860110192e+01 4.382036684233255386e+01 6.382036684233325730e+01 6.699280748587334244e+01 6.549835034459644589e+01 7.379015161699982173e+01 6.923978814486042666e+01 5.250237270117075639e+01 6.923978814486042666e+01 7.890009373655006186e+01 5.890219383689075983e+01 5.476032309009224974e+01 7.304340894207886947e+01 8.718462404726712123e+01 8.665878112091589003e+01 9.506631921875643343e+01 9.466684654236847507e+01 7.459160120752007117e+01 7.232140399240927309e+01 5.242222231639747321e+01 4.871730472517891286e+01 6.861746493913126699e+01 7.672502126643875897e+01 6.286691953842268532e+01 7.428862905644196246e+01 5.445370159879834659e+01 6.324841851293283668e+01 5.325671335063201894e+01 7.523639536473224609e+01 8.867752652059334650e+01 8.042740719744307398e+01 6.947733251497830054e+01
1.934550753332892102e-03 2.000193455075297777e+01 2.906729264193462825e+01 2.820942826566570005e+01 4.073395930860249337e+01 4.901823055606468671e+01 5.796250246606400225e+01 6.113201385818778988e+01 4.697946293107546012e+01 4.548569511973929735e+01 5.963486691391762662e+01 7.965405156569114808e+01 7.250083184782117485e+01 8.078689672360202678e+01 8.718462404726712123e+01 7.890009373655006186e+01 6.890155436740809591e+01 8.304276062776513356e+01 8.346118138279283016e+01 6.663965312597875368e+01 8.346118138279283016e+01 8.874757814545394297e+01 6.872809874199164426e+01 5.468334016622835492e+01 4.577409602629431618e+01 4.355776049846246423e+01 6.347926566613045196e+01 6.725989581214869872e+01 4.911498006547790141e+01 6.725989581214869872e+01 6.691430519591590098e+01 4.698088252062864711e+01 6.691430519591590098e+01 8.165448204324405879e+01 7.461032618087412516e+01 6.067772762290449862e+01 6.690319120857188295e+01
4.364784840791047053e-03 1.414650040857186575e+01 3.414650040857257096e+01 4.820942826566498951e+01 4.555787484768787721e+01 4.835924530254527554e+01 5.134166019494774957e+01 5.284123583695288318e+01 3.283485736433944169e+01 5.284123583695288318e+01 6.266200668714613187e+01 7.161231512600129179e+01 8.316977790463593578e+01 9.540568853859882381e+01 8.748293339906011568e+01 9.540568853859817011e+01 8.889863310569216992e+01 8.101614035216897491e+01 7.509997343300328509e+01 5.524748964301029730e+01 7.510070158399695117e+01 8.625279271922693169e+01 7.790329758909436464e+01 7.399559001973184991e+01 5.864759095546397560e+01 3.873057404286662830e+01 5.864758484549005857e+01 5.899279347309099109e+01 3.925936832071252525e+01 5.901670385420205633e+01 5.919746942570600368e+01 4.377119770848813829e+01 6.366559354781590940e+01 7.461032618087413937e+01 5.484250600040808621e+01 7.461032618087413937e+01 8.666280290868692759e+01
5.219006137575642711e-03 1.414735462986865144e+01 3.414735462986935488e+01 2.873896388178783923e+01 2.555280249175333651e+01 2.835345869734651458e+01 3.133501221860975150e+01 4.031877331836455625e+01 2.680459930319094752e+01 3.436397585350893991e+01 4.330895469819331112e+01 5.485989137577178809e+01 7.487783576603044366e+01 8.575491679023014058e+01 6.810918395078113008e+01 8.575491679023014058e+01 7.522590354973742421e+01 6.105287742074035151e+01 6.807463452630994993e+01 4.831800940724223636e+01 6.808124773140620789e+01 7.470494911580894382e+01 5.796527496878390195e+01 7.470494911580894382e+01 5.532808435862522600e+01 3.544116289664547992e+01 5.532119545636513180e+01 4.999668228886226018e+01 3.258900147277568493e+01 5.248392277871917599e+01 3.934960966108518932e+01 5.919746859102973957e+01 6.332536409555192591e+01 6.564225904016234381e+01 5.102179074337561815e+01 7.082182280607416658e+01 7.952040549328539498e+01
