LEM/sinusoidal_perturbations/elevation_000301.asc
nrows	100
cellsize	150.0
xllcorner	0
ncols	100
yllcorner	0
NODATA_value	-9999
[rows 68 to 84 of 100, columns 0 to 36 of 100]
5.009162696260268353e-03 2.000500916269590590e+01 2.425525907022637995e+01 1.797193540107074128e+01 2.990568105604828020e+01 1.507048658938845698e+01 3.506948942803612113e+01 4.651320431329072846e+01 5.254259066915003729e+01 5.920789728470473534e+01 6.748823640157048942e+01 7.748420949395034540e+01 7.360826298876324358e+01 5.362691755838230989e+01 4.361045679762183624e+01 3.691599377805252402e+01 4.796365512431972888e+01 4.178382252569249999e+01 2.517825128865486661e+01 2.166221183089374946e+01 5.284866356939118504e+01 6.252315620601862634e+01 6.442275913396538556e+01 7.271401843489280736e+01 8.168137380027505401e+01 9.323637132415196049e+01 9.638974318861214385e+01 8.815457411190885750e+01 9.072801608283603514e+01 9.896688220843853401e+01 9.480378183802109504e+01 8.064314552883953979e+01 7.802841376395161888e+01 8.169640639809776417e+01 7.848019585912452101e+01 5.858760642221513137e+01 4.443243385326861272e+01
4.695337527364121070e-03 1.414683238907808871e+01 3.414700436712589493e+01 3.211356308420689487e+01 4.334539218995571730e+01 2.661742862564732448e+01 2.096816450416827848e+01 2.651516440236613192e+01 3.254537841067645587e+01 3.921197743804073355e+01 4.921132806123029013e+01 6.920446650817896739e+01 8.178780141220408950e+01 7.183142544335750301e+01 6.361759027357277319e+01 5.404233292497033858e+01 3.421678752312069349e+01 4.182157366624917927e+01 2.228501053528310649e+01 4.177381471982709371e+01 5.521655040514182389e+01 4.250150024644180036e+01 5.669544075171798170e+01 7.027194023518525512e+01 6.853853774125063580e+01 7.682066688357441819e+01 8.491786767964116223e+01 6.829023659471600638e+01 7.086945591977185188e+01 9.072801608283603514e+01 1.050898576360775252e+02 1.006571972113597013e+02 9.801710200033572562e+01 8.161238674749006350e+01 6.172951073202374772e+01 5.179700646765321892e+01 6.441401108043247348e+01
7.614146464036155443e-03 1.414974977019511115e+01 3.414974977019581814e+01 5.210466828823656726e+01 5.489118459416913254e+01 4.661471523285305096e+01 4.096674598193577310e+01 3.096810648204837690e+01 4.510923892443113914e+01 5.920789728470473534e+01 6.748823640157048942e+01 7.748420949395034540e+01 8.460887430306725321e+01 6.460063660073710423e+01 5.299514387644289570e+01 4.400146235339710898e+01 4.518233301782311884e+01 2.669015773416609605e+01 2.272406078759178172e+01 4.230683739353177941e+01 4.306517764602799758e+01 3.044033038143984626e+01 4.209660670188815601e+01 5.435543061527486941e+01 4.848059528710524546e+01 6.853853774125063580e+01 7.668586979945787618e+01 5.672881109178479875e+01 7.037490755653531949e+01 9.026603217735335249e+01 8.516300423393438734e+01 9.924858860752213729e+01 1.016169732114096149e+02 8.161238674749006350e+01 7.795027937470359802e+01 5.809329238700146192e+01 7.795027937470359802e+01
2.352828262072654761e-03 1.414448845199381921e+01 3.414448846600868137e+01 3.931574877073811791e+01 4.643677168391245402e+01 5.474165846456860152e+01 5.924639048200278779e+01 4.251458614887886966e+01 5.924639048200278779e+01 7.338354203957445065e+01 7.635371872637496438e+01 8.464124588472039079e+01 9.283364721524496588e+01 8.130756889722411529e+01 7.235439398238325737e+01 6.408512758889877148e+01 5.347460357440548506e+01 4.485578705869924931e+01 3.132901880767375857e+01 2.333689339484875802e+01 2.376520854165411123e+01 2.418193920865266122e+01 4.366596678074500204e+01 3.438214559592213249e+01 4.848059410683391945e+01 6.853841117053580945e+01 7.037490755653509211e+01 5.037404601556903572e+01 7.037490755653524843e+01 8.223041988064395014e+01 7.100010063312669217e+01 8.926123990504123640e+01 1.064681909246652367e+02 9.425503717097244305e+01 7.428586868071012361e+01 6.952269128976418244e+01 8.623527939002654819e+01
6.786455232800275850e-03 2.000678644943117845e+01 3.030350696719069603e+01 1.916376347163418004e+01 2.629547732035091201e+01 3.794621556996118983e+01 5.803508702782716711e+01 6.250939205290980283e+01 7.078962796707591565e+01 6.951067640251740443e+01 5.632606205992836124e+01 7.308162049407917493e+01 8.309329304636872848e+01 8.370525375563430259e+01 7.368713724812683097e+01 6.540199501726455367e+01 5.870045308927345218e+01 4.756051043178338489e+01 2.779967065395402415e+01 4.290583986103748515e+01 4.274316481371076293e+01 4.368464523644746578e+01 2.474895383821441541e+01 4.436676498103263810e+01 5.051090775804620847e+01 5.967913560946407614e+01 6.521020456351536154e+01 4.517576402637154587e+01 5.388895163785722531e+01 6.805968576001126280e+01 6.094814532713257194e+01 8.099977255041930846e+01 8.654470811798933028e+01 1.006288761103667611e+02 9.425503717097244305e+01 8.946257879136186375e+01 9.776525963546967546e+01
3.257643153035955173e-03 5.003944793159153193e+00 1.017298089609863254e+01 3.030350696866353744e+01 4.643677168391245402e+01 5.474165846456860152e+01 6.632880006265843065e+01 6.788934391244441713e+01 5.959690463192352894e+01 4.947805690626755393e+01 4.475430140917314503e+01 5.477600683539586868e+01 7.480548468213348201e+01 7.543424874759612919e+01 5.536974128693294261e+01 4.529736923329131315e+01 3.859709184093025414e+01 3.264478563073779327e+01 4.756051043178338489e+01 5.579811399689277351e+01 5.493985538971740823e+01 3.507580904013047984e+01 4.429036861225203126e+01 2.530450970347006034e+01 2.884701929847238944e+01 5.072050453518274793e+01 6.035123713493952380e+01 4.026815508673936250e+01 3.963242741180535234e+01 5.976684159013984754e+01 5.334689838940921902e+01 7.342096983399223120e+01 7.238797328363953909e+01 9.238016112721113871e+01 1.005627484625598811e+02 9.907802986958716929e+01 1.073191408626298369e+02
1.880098487986705483e-03 2.000188009848763215e+01 3.030350696866353744e+01 3.840194657222267693e+01 4.855572051127962396e+01 5.373348925704239321e+01 6.185374710532380504e+01 5.632801481760881757e+01 3.956998688170385492e+01 3.532315671139653546e+01 4.947805690626755393e+01 6.951067640251740443e+01 8.309329304636872848e+01 8.370525375563430259e+01 7.368713724812683097e+01 6.540199501726455367e+01 5.725036282655906916e+01 3.715016681991638592e+01 5.725036282655906916e+01 6.941991501585732749e+01 4.923477080718102172e+01 5.514655784652556747e+01 4.497310220474184206e+01 4.498042309659228266e+01 2.586012574345426174e+01 4.559329703521100186e+01 5.578159970482954577e+01 3.561260186885057522e+01 5.578161647586145477e+01 4.385805531602909468e+01 5.146772474272410847e+01 5.967798571872122437e+01 7.736122185413739771e+01 8.173880997345341370e+01 8.061994756076232704e+01 7.912884684960249615e+01 9.325275550830468774e+01
2.900726248362994839e-03 2.000290072624800786e+01 2.440089123004345595e+01 2.292229092758215714e+01 3.767433749402379561e+01 3.456659099320265227e+01 5.015551461670248301e+01 4.186460275507918993e+01 2.804206542014794579e+01 4.803435827779571810e+01 6.363918079911045567e+01 6.597895392220601707e+01 7.426964990705114644e+01 8.582905802566699549e+01 8.042178246725539736e+01 6.037854051978182923e+01 4.875897717973678880e+01 4.349821365247223781e+01 6.361039208062621952e+01 7.771563089689954040e+01 6.941991501585732749e+01 7.321521061314072654e+01 5.645595905857117458e+01 4.596318764500713883e+01 2.625653203762600540e+01 4.602749742893123397e+01 5.019613822013815962e+01 3.328240692561114855e+01 5.342101148492854179e+01 6.395796180433364952e+01 4.924187747933215320e+01 5.318371844255062797e+01 5.728667532414593921e+01 6.167818105565545039e+01 6.642625408871498394e+01 7.464056992288811898e+01 8.878792931291910406e+01
5.081304048347549951e-03 2.200366461152258424e+00 4.408996361443086265e+00 2.021699594859641635e+01 1.886283487923691027e+01 3.244343628766051069e+01 3.621633653822065924e+01 2.189496603564141708e+01 4.186460275507918993e+01 5.023374259789424201e+01 5.440929632215114964e+01 4.593971913273564667e+01 5.751440640647318503e+01 7.754174086023762413e+01 8.868717757584094841e+01 7.713022489234279533e+01 6.884981133344881243e+01 5.062808149956416770e+01 7.071065350497153190e+01 8.474127344871575929e+01 6.471006758376725543e+01 6.141938321311288007e+01 4.820755277219828372e+01 2.789550732903486718e+01 2.666000289874114060e+01 3.100248372310530698e+01 3.018932621717260290e+01 5.018947749742579845e+01 4.973341861716846068e+01 6.982567342482090567e+01 6.932554737174528725e+01 7.326352220283645522e+01 7.736122185420616404e+01 8.173880997345341370e+01 8.061994756076232704e+01 8.646105870904568746e+01 9.096511290169723907e+01
4.469920835086939326e-03 2.000446992083473319e+01 2.440089123004344529e+01 7.653389072594482201e+00 9.994133483835909715e+00 1.247457605989288432e+01 1.625202492604687876e+01 3.621633653822065924e+01 2.632656245510624160e+01 3.023029941065003712e+01 3.438404388800937994e+01 5.440929632215114964e+01 6.831315620200665251e+01 7.539449891374648871e+01 8.368163988638271178e+01 8.705413985611504302e+01 6.703753876689361846e+01 6.484528071486695922e+01 7.898813906763008674e+01 7.115601290518476674e+01 6.286420902316741888e+01 4.463577247027852479e+01 3.286626382037553640e+01 4.820755277219736001e+01 4.596104218837732702e+01 2.724636862383135849e+01 4.707599732253190439e+01 5.406364757014594602e+01 6.304669054592890376e+01 7.809957342729950369e+01 8.720172318124615174e+01 7.893528168136172951e+01 8.720177117904674446e+01 9.718018129698081964e+01 1.005627484625598811e+02 1.063883299211784106e+02 1.108605284217782270e+02
2.324776005098761877e-03 1.154933015979751332e+01 3.154933015979715805e+01 2.261090305491532604e+01 2.411351561197652060e+01 3.244343624961127404e+01 1.732074810988848412e+01 2.090528051153572875e+01 4.087173636675875343e+01 5.023374259788050722e+01 5.440929632215114964e+01 4.222809956341434656e+01 4.827232779129178653e+01 5.536543710823809050e+01 6.693591487966260445e+01 8.694913958435044776e+01 8.705413985611504302e+01 8.487091604321614113e+01 7.824839990629408248e+01 6.286420902316757520e+01 4.278301048006122187e+01 3.851158578810409949e+01 5.312016789620273727e+01 6.141398088823161316e+01 4.353715615156414032e+01 4.633172451770010980e+01 2.785144073780097074e+01 3.718715500999181955e+01 5.428806226643689570e+01 6.825657179815364373e+01 7.719216518153444895e+01 5.889018529813025538e+01 6.891273228311760590e+01 8.598793672287504819e+01 9.424348976121667931e+01 1.021936171410423242e+02 1.104326426288077982e+02
8.699724428260374037e-03 2.000869972442790612e+01 3.983360140336152000e+01 4.531868390357408316e+01 4.409719850058613844e+01 4.557351495300775213e+01 3.728564773600527360e+01 4.087173924968065108e+01 4.916166315129564879e+01 5.375228899744315925e+01 6.197089403025092480e+01 6.227061908143983970e+01 6.831315620200665251e+01 7.539449891374648871e+01 8.368163988638271178e+01 9.523448121561241919e+01 9.980109939852974321e+01 8.826419583396247504e+01 6.996613665570396279e+01 4.987885190185355810e+01 5.698746234606250738e+01 5.009735774994372548e+01 6.687862184977443292e+01 7.231172086040662350e+01 6.384856217376986365e+01 5.579849346894491191e+01 4.773347453789953221e+01 2.846159526971620224e+01 3.989469980256780701e+01 5.995979396569787667e+01 5.945519950194338321e+01 4.885028440963137086e+01 6.891271400796657076e+01 6.596399046281379697e+01 8.598793705847111823e+01 8.224354861841695197e+01 1.021936171410423242e+02
2.249585233037712084e-03 2.000224958523268270e+01 3.607567772930179473e+01 4.547836259064888509e+01 4.341064966028385186e+01 4.555338483525900983e+01 4.529672064685409794e+01 3.693577977998246098e+01 3.948063381926357351e+01 3.355505069712944533e+01 5.373402990455703332e+01 6.063554254996110160e+01 6.892340092148234021e+01 7.578201293711008191e+01 7.578201293711008191e+01 8.406158165125242476e+01 9.154739118521955277e+01 7.154157245364353912e+01 5.993524695622266307e+01 5.887356325084787301e+01 7.705193055366511601e+01 7.017432631274242283e+01 7.845598153453869372e+01 7.256270969588575781e+01 6.427324395292707493e+01 5.782791407902428205e+01 4.882772529839409970e+01 2.889564102205189045e+01 4.882683280363809786e+01 5.458520794614879890e+01 3.937750511823546873e+01 4.357025394931613960e+01 5.177034709354712305e+01 7.182886788458850447e+01 6.806533301516915913e+01 8.808668747324233550e+01 9.709004978341411629e+01
2.739267172789772273e-04 9.141914051652689110e+00 2.037488380814344779e+01 3.650555990421786134e+01 2.307138049322503903e+01 2.522470452458026458e+01 3.337407509341923628e+01 1.645749098630905394e+01 1.901777109153194090e+01 3.930106549685984163e+01 4.609218624575773759e+01 4.053317887958120735e+01 5.733314607793307260e+01 5.576381940773094215e+01 5.576381940773094215e+01 7.578201293711008191e+01 8.886433203085657340e+01 8.826419583396247504e+01 7.414119494950448086e+01 7.308275423206578125e+01 7.894021705158412772e+01 8.481414974656753714e+01 6.477740509085720078e+01 5.318239426225255073e+01 4.408331927872677625e+01 3.744704525846970711e+01 3.248527974252126427e+01 2.933228961437594862e+01 4.670872244897707759e+01 3.453051954901102505e+01 5.458564692484602432e+01 6.364000202448603005e+01 5.090526274378952110e+01 5.647067710818591024e+01 6.806533301968673300e+01 8.808682282872358371e+01 8.887270457201582019e+01
8.327778614586212741e-03 1.401005103667317542e+01 2.318788662550247182e+01 2.605043715438184293e+01 8.665979150517671314e+00 1.077976167672317587e+01 1.294883839509144074e+01 3.335695420350904072e+01 3.947506227794342237e+01 2.293055909403456383e+01 2.578735882305102933e+01 2.875816743958024446e+01 4.902943755816872340e+01 4.155134022053722731e+01 5.055421270025732383e+01 6.058342909879701210e+01 7.473489733857678630e+01 9.471441471057703154e+01 9.413425395375021765e+01 9.308138323156171623e+01 9.891760014516371768e+01 9.308018820261638382e+01 8.152562538187378038e+01 7.256270969588575781e+01 6.427324395292707493e+01 5.782850698159660396e+01 5.214849375649066587e+01 4.928657283244249498e+01 2.995739657697819425e+01 4.716353956886287335e+01 5.030262523883543224e+01 7.001557364445379505e+01 7.096474767716370025e+01 7.066708420269611679e+01 8.479615401537023445e+01 9.633871309795480897e+01 8.974741257652793536e+01
6.510866554257996840e-03 1.904831544445626079e+00 3.811800867400030324e+00 5.745499570207666551e+00 1.211254737156216166e+01 3.117883515927851690e+01 3.337262681733607650e+01 2.042414589440792838e+01 4.079552372203708188e+01 3.773965524496139778e+01 4.023897502057951669e+01 4.902943755816872340e+01 3.325995651141979437e+01 5.343115363885109304e+01 6.408157346213113215e+01 6.925363674723978136e+01 7.503175766073468367e+01 8.169819614350402048e+01 8.997397302248593576e+01 9.996290325465555782e+01 1.028681168188214912e+02 9.288631916485516626e+01 8.462898198296461771e+01 7.794682252732613392e+01 7.215418110010757857e+01 6.027702236636308442e+01 4.016896435193885395e+01 3.578968832705239578e+01 4.993531179175003842e+01 3.059677217096388802e+01 5.059561372590162165e+01 6.718235007378541468e+01 7.542643595274917345e+01 9.067548702832610275e+01 9.042268992244453329e+01 8.217699307945184728e+01 8.150012082646188105e+01
8.953482861371391335e-03 2.000895348286101694e+01 2.408282878033050167e+01 2.605043716016867350e+01 3.249685537091374243e+01 2.232243753963832589e+01 4.266890445571070245e+01 2.614594307135839202e+01 4.638360481839529115e+01 5.946250768612762272e+01 6.036428495043100639e+01 6.172545074300311541e+01 4.339769382461695102e+01 3.926586132244354843e+01 4.402912722417011082e+01 4.922232177848287904e+01 5.501575967183595139e+01 6.169888069519583951e+01 7.170994203878976236e+01 9.168645024821830702e+01 9.462263438531414295e+01 7.463532958061500722e+01 6.458250361604922318e+01 5.788052400338468573e+01 5.208177461906002748e+01 4.688805103520051887e+01 6.027702236510280187e+01 5.544002665812362096e+01 4.108603977662808404e+01 3.105051841729468265e+01 4.610053137085029817e+01 4.707386453461950282e+01 6.697756576489018698e+01 8.402784792489066490e+01 7.884648786319831970e+01 6.206695065556425561e+01 7.884648169392805528e+01
