LEM/sinusoidal_perturbations/elevation_000367.asc
nrows	100
cellsize	150.0
xllcorner	0
ncols	100
yllcorner	0
NODATA_value	-9999
[rows 17 to 33 of 100, columns 37 to 73 of 100]
3.840725541247204688e+01 3.632661592410145346e+01 3.668564092844592750e+01 5.598887162669723949e+01 5.942395097671025184e+01 4.287244443080981426e+01 4.925704336532565009e+01 3.875337165692082664e+01 3.910783396940728096e+01 3.946355498992721067e+01 5.942636441628887667e+01 6.277939256638548216e+01 4.151645845194379802e+01 5.658919392112716196e+01 6.659599001188732359e+01 7.296090612157570376e+01 6.936337593261887946e+01 7.884223753513077781e+01 9.451269603549565090e+01 1.044468979057591724e+02 1.078342688978597721e+02 9.956287066235150007e+01 9.118448441827081297e+01 1.078342694658511078e+02 1.015553264310137394e+02 8.240416336781065354e+01 9.534089326436713918e+01 8.712226644008632093e+01 7.127688453974866434e+01 7.931849876576612246e+01 9.009355059366714613e+01 1.088417743369864326e+02 1.193961346420878868e+02 9.977443391732626310e+01 8.603598362293919877e+01 7.720943641424354098e+01 6.898137862132449527e+01
5.845483821519563605e+01 5.619672972624920249e+01 4.270793518056461835e+01 3.719357809364377943e+01 3.754981855719476869e+01 3.790213798135177825e+01 3.825319825090063830e+01 4.636295557143987622e+01 5.892453164114493802e+01 5.946843636742911343e+01 3.997086612090600255e+01 5.999188929425134376e+01 4.107926465729590149e+01 5.688630291959934482e+01 4.867963150505946146e+01 5.368074279949385641e+01 5.942727852250713028e+01 6.658406359904243743e+01 7.634873187320134491e+01 9.041838428675825412e+01 1.102341870406541631e+02 1.109435629172969726e+02 1.110080975060342894e+02 1.193205518708826389e+02 1.104123473221939946e+02 9.379677583196112778e+01 1.080122774225292517e+02 8.829752420651442435e+01 7.432570399545552675e+01 9.407184173406578509e+01 1.068629421268918520e+02 1.169642687555589049e+02 1.252419438485299992e+02 1.055214970009410109e+02 9.373733905409693534e+01 7.405795488994436937e+01 8.880651191309600279e+01
7.356586511878013823e+01 7.107985584452588057e+01 5.377586931864608744e+01 4.085130916389937994e+01 4.299240393870532273e+01 4.211973304622318892e+01 3.959385791901371476e+01 6.236642965744570688e+01 7.193011289679549236e+01 6.079866531152432430e+01 4.143354211306203894e+01 4.048214526814840752e+01 4.103059396618763799e+01 4.166757985555336319e+01 5.766995718804801641e+01 6.878024929417654221e+01 7.864693236218236905e+01 8.628551520596035118e+01 8.851973826535029843e+01 8.996152739245511043e+01 9.814731250398983775e+01 9.123841197969278483e+01 1.052181239077184927e+02 1.167249253174323940e+02 1.218756725364214475e+02 1.135737905847972371e+02 1.129147491956871647e+02 9.722669423474080475e+01 7.752464661004826496e+01 8.635169497051742837e+01 9.767154904658988812e+01 1.174354428758994402e+02 1.251785322498520259e+02 1.153107859682671830e+02 9.732070990696171009e+01 7.774085708737324296e+01 9.732070990696171009e+01
8.255889011771110120e+01 7.745944714636675599e+01 6.240034341625371184e+01 4.429562309559501188e+01 5.827235915139786471e+01 4.296439971749166631e+01 6.137438929884239514e+01 7.362062824351099266e+01 8.388202066298509862e+01 6.891263225065020492e+01 4.994013806021445134e+01 5.477914121765459754e+01 6.570381658531587732e+01 6.162064272215354777e+01 4.254962211082007428e+01 6.118519122069017868e+01 7.099026748407187881e+01 8.285113051135805051e+01 6.901607806865976613e+01 7.042594113278092038e+01 8.314610940207782619e+01 7.740353547189158689e+01 8.878739593662398022e+01 1.039225828016777058e+02 1.137870631961058194e+02 1.186456705556078646e+02 9.886626978800204313e+01 8.499410776330164197e+01 8.219971048764860200e+01 1.018608751992809829e+02 1.142865741122840433e+02 1.257492458203233809e+02 1.168750719249997161e+02 9.726833101321606989e+01 8.756971834461835158e+01 9.437695931026972573e+01 8.433628740112484934e+01
8.305485103559566085e+01 6.362785178380036655e+01 5.037341257017935447e+01 6.240034345435100960e+01 6.988924995663346351e+01 6.181312706577857341e+01 4.712856473118687717e+01 5.653989784236953398e+01 7.584866941354572134e+01 6.957381210321541687e+01 6.385692926523931590e+01 7.434282480519532044e+01 6.909142421279786106e+01 4.953184283711446056e+01 6.255498139910681488e+01 4.339421555307310996e+01 6.333948390827089980e+01 6.956374250825865602e+01 5.540403530071670701e+01 5.931167772216502954e+01 6.369034760081977709e+01 6.924540924792675867e+01 7.611209386422092393e+01 8.588609927698571767e+01 1.055533922634833459e+02 1.245084002897818749e+02 1.046595221450273385e+02 9.192862919950566436e+01 1.018608751992809829e+02 8.937327173072844744e+01 1.090433850474476429e+02 1.257819574970592811e+02 1.251785324505214163e+02 1.153107860111896770e+02 1.070717014690208515e+02 1.072492580499932728e+02 8.921874582616020177e+01
8.158740327572522233e+01 6.218759894740684757e+01 6.362785178380048023e+01 6.362785178380048023e+01 8.078675452841676474e+01 6.138128418722558877e+01 5.040725609041587063e+01 6.958172289329822036e+01 8.403880234880561773e+01 8.922660449246166081e+01 8.360325671597877317e+01 7.616275177673075802e+01 5.679132569116898566e+01 6.886627141334328428e+01 5.961723773579880969e+01 4.399079400435426379e+01 6.376037557392702126e+01 5.015769482290171766e+01 6.956384190227929309e+01 7.868265142094439568e+01 8.314610940207782619e+01 8.878739476206263248e+01 9.571974577023452468e+01 1.039225828016751905e+02 1.137870631960987424e+02 1.278642257560688478e+02 1.079719843959965573e+02 1.017175558575019352e+02 1.173189481526389244e+02 1.090433850474476429e+02 9.771333090434342239e+01 1.090495870427281631e+02 1.289628336442256682e+02 1.285400790036753165e+02 1.086247097733957645e+02 9.744475567556729345e+01 1.086856697837568646e+02
8.981482474518310255e+01 7.582986969264382537e+01 8.305485103677324332e+01 7.475351213692070473e+01 8.899529775122198316e+01 7.328835128267742505e+01 5.403454794690608765e+01 6.757091059386159770e+01 8.709172409123250702e+01 1.020017273222416350e+02 8.408481286455608483e+01 6.467252622446871158e+01 7.616275177673075802e+01 7.835736897711893789e+01 5.846464217267536867e+01 6.389268204925551942e+01 4.485255281907483749e+01 5.267729278234332924e+01 7.167666781882905980e+01 8.522461791003352971e+01 8.867123802913415886e+01 9.235390600461471422e+01 9.373035505457752947e+01 1.021776810665421493e+02 1.010790982110452774e+02 1.096000332800643378e+02 1.278642257560688478e+02 1.156692428769245424e+02 1.298603610291873451e+02 1.257819574970593663e+02 1.075197760167212238e+02 1.257819574970593663e+02 1.373255855479879415e+02 1.369606308495253018e+02 1.245267447632156887e+02 1.047238000947353100e+02 1.245267447632156887e+02
1.000483187398898934e+02 9.548733930053303709e+01 1.027003074596806158e+02 9.439469085934628367e+01 8.861488613139130166e+01 6.905230627191249937e+01 5.798330366940439262e+01 7.158050732817207518e+01 9.117790672029668997e+01 9.384595190210748683e+01 7.432439597648220797e+01 8.408481286455608483e+01 9.221335853428176677e+01 8.697094473356861499e+01 7.838258361379398309e+01 7.218878485149551238e+01 6.441319325319697953e+01 4.573872396417476693e+01 6.554346178096642461e+01 6.568390460458255120e+01 6.899713667372347459e+01 7.258157968177722807e+01 7.391623555244004251e+01 8.693726594624406800e+01 8.107952722535802081e+01 1.010790982110452774e+02 1.171037497755002050e+02 1.356688819483367183e+02 1.321255650216105266e+02 1.357698762022542667e+02 1.274120547001020469e+02 1.357698762022542667e+02 1.337124385124069761e+02 1.358911400177117628e+02 1.329313149676836758e+02 1.186188690440700526e+02 1.329313149676836758e+02
8.038903824176280466e+01 9.432125899618236531e+01 9.881991928531255098e+01 1.070215712161086543e+02 9.686494852635021857e+01 8.252140901898269476e+01 6.306121216120369155e+01 7.371904466640735620e+01 9.334488657112026999e+01 9.384595184241565846e+01 8.809667112662003774e+01 1.020383311371021620e+02 9.425717737608005109e+01 8.300027082040357129e+01 7.432437285048622755e+01 6.970686705891567669e+01 6.456265915826644175e+01 4.636902512984347879e+01 4.962300882489448384e+01 5.257494244407045159e+01 5.557646361388633949e+01 5.893731656233560301e+01 6.272708348752179575e+01 6.726009647326489471e+01 7.698576744545208328e+01 8.836375393570570225e+01 1.085325617052521494e+02 1.264174389415611159e+02 1.124013523462216426e+02 1.196508776000469112e+02 1.162146415987036789e+02 1.244449431731699178e+02 1.139931767890180225e+02 1.161454049264677337e+02 1.358911400177117628e+02 1.387896184491917211e+02 1.394296178235371144e+02
6.658624239802178124e+01 8.276192775575587746e+01 7.915297651463841078e+01 9.836527037437421939e+01 1.022718672859128475e+02 8.252140856895404397e+01 6.912838838220490345e+01 8.871534675481213128e+01 1.016186970498601170e+02 1.135282619428231214e+02 1.077259436882204113e+02 9.923055608700778407e+01 8.611675780508694800e+01 6.668663683286594335e+01 5.571881523219725096e+01 6.683584528075684261e+01 4.727476741043662400e+01 6.604578917511209113e+01 6.831121696061556747e+01 7.141677287031488675e+01 7.475954754697184512e+01 7.837275998190312976e+01 7.391623555244004251e+01 8.693726594624406800e+01 7.767013102751222675e+01 8.908723807518683202e+01 1.094603127767101398e+02 1.181784404852750328e+02 9.849357929595775829e+01 9.996186196380973854e+01 9.652845859796063621e+01 1.092578034551285526e+02 1.001045131552838114e+02 1.197688148278063807e+02 1.306731239361416215e+02 1.405663977504211744e+02 1.405785354643490734e+02
5.787249696542262001e+01 6.322249919395284223e+01 7.055105523084839092e+01 8.185840119568777595e+01 1.015512075683504349e+02 9.696663813145434574e+01 7.885905472129218197e+01 8.508529278907221283e+01 1.048672347637962190e+02 1.145197314603881864e+02 1.072350575313328562e+02 9.107991340095614419e+01 7.153995024258186675e+01 6.050822189022791520e+01 7.095136224678182657e+01 5.120290263073779613e+01 4.791316258194816413e+01 6.741440045885316579e+01 8.351764171315593899e+01 8.069844902492118877e+01 8.668525079543900347e+01 9.491088640080076289e+01 9.373035505457751526e+01 1.021776810664831032e+02 9.182672446271209310e+01 1.062828085044903474e+02 1.181608007059070076e+02 1.187465146215121194e+02 1.057286411287756493e+02 8.599075835624046249e+01 8.510526951726988898e+01 8.954022350861067991e+01 9.580843463122269554e+01 1.027797031437918349e+02 1.125839937415718168e+02 1.322612590449621450e+02 1.489541985049935136e+02
7.734266543237210101e+01 8.276192775575587746e+01 9.018156143301132488e+01 9.836527066963381571e+01 1.097532150935070234e+02 1.068700274777625054e+02 9.275389585935904790e+01 1.048672347994547209e+02 1.087397322186237432e+02 9.480639491765757043e+01 9.548642803054146100e+01 7.943643707973848223e+01 6.575089599602752344e+01 7.979851041151344759e+01 7.774593340377080608e+01 6.524469590017451992e+01 4.855853997332066996e+01 5.978925822099220255e+01 7.035335032903726926e+01 6.206075690719212901e+01 6.805355013582783386e+01 7.644215310226768167e+01 8.771791466266711268e+01 1.088229276463805206e+02 1.131037700821695893e+02 1.146578183887082503e+02 1.226344796282840974e+02 1.105317300713061712e+02 9.081686405761530523e+01 7.942785566770416494e+01 9.914934687126425672e+01 1.092578034551285526e+02 1.154778042772515647e+02 1.224226263932669667e+02 1.306731239361416215e+02 1.405663977504211744e+02 1.513840777273625520e+02
7.667823843108671156e+01 8.839062653963478056e+01 9.402369945117173700e+01 1.005164907038182491e+02 1.084518645823054754e+02 1.180750134631734625e+02 1.126169147066876803e+02 1.180397086107800249e+02 1.005802975112164432e+02 8.085182581342532160e+01 7.583187403248017233e+01 7.151922232147347813e+01 8.518992777845154762e+01 8.498486775847516128e+01 7.232625321907038085e+01 5.313503927987525088e+01 6.798921666091688110e+01 4.947686916734417650e+01 5.428928755298075259e+01 7.386150757422237234e+01 8.668525079543900347e+01 9.491088640080079131e+01 1.041750000856706748e+02 1.167061379779155885e+02 1.103231512114580255e+02 9.548800018921794219e+01 1.117697292880363307e+02 1.085701405134929303e+02 9.595009854140488414e+01 7.631825202119284768e+01 9.595009854140488414e+01 9.730559592978777061e+01 1.112316327434272978e+02 1.309802852931154575e+02 1.295857805948362227e+02 1.378782456986375848e+02 1.365457420256177556e+02
6.388807528027663807e+01 6.888969931723077877e+01 7.451016248012793142e+01 8.103811694587881220e+01 9.085663814305542019e+01 1.101763432645810070e+02 1.237767515320081202e+02 1.041396458639082283e+02 9.013976944443921013e+01 1.005802975112164432e+02 8.714701660097659897e+01 9.109105837683897278e+01 8.984527815258017824e+01 7.685392146817851255e+01 5.764465159011960083e+01 7.220768806657514460e+01 5.732703744218856201e+01 5.012458683848413443e+01 6.580818537650648636e+01 7.285099596403337330e+01 9.179564924498026812e+01 1.029074501454002615e+02 1.111246861522000700e+02 1.103231354572239837e+02 9.170908632145709305e+01 8.431542367959710305e+01 1.036838128936487493e+02 8.890580393410046156e+01 8.890610688124000660e+01 7.339591838873990071e+01 8.123256830051860788e+01 9.515123053722851409e+01 1.148555780083654980e+02 1.196881501001785892e+02 1.098931381097103070e+02 1.264533733670107267e+02 1.168232251929137959e+02
8.335538103691818890e+01 8.839062653963478056e+01 9.402369945117173700e+01 1.005164907038182491e+02 1.084518645823054754e+02 1.180750134631734625e+02 1.259196932732980230e+02 1.062889041591533044e+02 1.041396458640276990e+02 1.150300340309716063e+02 1.068777320423887431e+02 9.516614628500060746e+01 8.168835814980759835e+01 6.235061104239792940e+01 7.685392146817851255e+01 7.896794977316157826e+01 6.168440369873358264e+01 5.076559921338053982e+01 6.699128756240118321e+01 7.004966028049858551e+01 8.805844598361272801e+01 8.314392124948957985e+01 9.970158671479727275e+01 1.095676383080428877e+02 9.011483933761751075e+01 7.650459553417645964e+01 8.834424512184550338e+01 8.622102674167459213e+01 6.965126868310673558e+01 8.890610688085781987e+01 9.566548255261125178e+01 9.867213690883056643e+01 1.021644765150388423e+02 1.000049351103651105e+02 9.853703773089576146e+01 1.145831399170777019e+02 1.029630492488254561e+02
9.006715347943313077e+01 8.135908702380443458e+01 8.444429197882614346e+01 9.271964293529302381e+01 1.041232476280668635e+02 1.072704876921146990e+02 1.154854030410633641e+02 1.259196932732980230e+02 1.237767519737501232e+02 1.110845674469782267e+02 1.012250561371195516e+02 8.698717991149851514e+01 6.751806514114575464e+01 8.168835814980759835e+01 8.984527815258017824e+01 8.710947521689762141e+01 7.725178754498480771e+01 7.002818245121234497e+01 5.165815717999776524e+01 7.085781924050895952e+01 8.098004001305007193e+01 7.182157690508503833e+01 8.570834232575309386e+01 1.054718307906154564e+02 1.039201184680040200e+02 8.834425445767671192e+01 6.918911018886619502e+01 6.711691088534584537e+01 8.622301009929240934e+01 7.331826163771584959e+01 7.604175837337626831e+01 7.895618580476772763e+01 8.240882037298912621e+01 8.602166603131192346e+01 9.036100601073255234e+01 9.491567205401241836e+01 1.088210488805788287e+02
8.012706139261814542e+01 6.287982119141236836e+01 6.504053684637842991e+01 7.619023490236334339e+01 9.587163440248100699e+01 8.757194065606650213e+01 1.040897709832567841e+02 1.139901743075039775e+02 1.168205600636785846e+02 9.706717626397374943e+01 8.319775865134974424e+01 7.345959377454963146e+01 8.123701852897706033e+01 9.516614628500060746e+01 1.019815319727799761e+02 9.064469189948894723e+01 7.473490965115372830e+01 5.554490577653200489e+01 5.228139707911743272e+01 7.144352160257763273e+01 6.155940749953396107e+01 8.089873409630693857e+01 8.180671878187702362e+01 9.016382402364791915e+01 8.725083680300097910e+01 8.122866175070780059e+01 6.459814678108618580e+01 7.790737627879043714e+01 9.437294335568914505e+01 8.703433907055570273e+01 8.989127652495174914e+01 9.289805801258559370e+01 8.949303492068817434e+01 1.057700153053286982e+02 1.100711133438968545e+02 1.088210488805788287e+02 1.227995879522311355e+02
