LEM/sinusoidal_perturbations/elevation_000459.asc
nrows	100
cellsize	150.0
xllcorner	0
ncols	100
yllcorner	0
NODATA_value	-9999
[rows 0 to 16 of 100, columns 0 to 36 of 100]
8.271705653423140972e-03 1.415040726964133100e+01 3.415034787640196612e+01 4.466176669567124691e+01 3.642568507311249704e+01 4.469004265055187375e+01 4.822883239750064632e+01 5.656634086408067219e+01 6.190026967618658205e+01 5.045855053217263730e+01 4.225003388779703783e+01 2.703726516246743117e+01 3.026221530615539734e+01 3.355845865255359683e+01 3.697126653805256069e+01 5.656495369101300952e+01 6.545499817308972013e+01 6.952329766548577084e+01 7.390309797705000960e+01 7.865799405355332397e+01 8.387681372882012454e+01 8.970392317857681519e+01 9.640850407757038454e+01 1.046777471268896846e+02 1.146731043240393859e+02 1.202468260522989709e+02 1.121043781782590401e+02 1.117969128226969531e+02 1.036781428566837917e+02 1.117969128227968127e+02 1.171839717670204237e+02 1.090472232944273827e+02 1.135665248237865228e+02 1.054427138756288969e+02 1.046086182915372405e+02 1.127296656236430010e+02 1.240111475018555467e+02
7.813061968023241044e-03 2.000781306196766707e+01 3.172482546010467885e+01 2.508240450978595248e+01 1.643591251888176075e+01 3.401711097419497065e+01 2.814659528702012636e+01 4.822883239680157885e+01 5.062457262332578978e+01 3.591911852790190096e+01 2.252567880207072903e+01 4.225069821197284625e+01 4.988818524147884403e+01 4.735208056179298808e+01 5.656495369103434001e+01 4.196585760770628326e+01 4.566527698208620478e+01 4.959278191113606482e+01 5.383233152051585790e+01 5.848467849635611771e+01 6.366441203965236184e+01 6.951822392209041368e+01 7.629476138058971912e+01 8.640196490609415036e+01 1.064150432490465477e+02 1.089536386213956831e+02 9.258427927698487281e+01 1.020110405085161460e+02 8.411828613091334717e+01 1.020110405088585992e+02 1.058968879566471060e+02 8.953637574757678408e+01 1.003130702457903709e+02 8.591325583512625030e+01 8.507484265312764649e+01 9.637727335777937299e+01 1.158528445783630190e+02
2.526786264046545528e-03 2.000252672923596720e+01 1.623636042216371322e+01 5.089066127603865120e+00 6.437574592226479098e+00 1.399642291849725950e+01 3.402854602107177584e+01 3.272402746619889058e+01 3.184546244708905860e+01 2.956623543336086968e+01 1.955382818628481800e+01 3.602247051051734417e+01 6.117043754892936391e+01 6.716151856470561654e+01 6.994104277309939732e+01 6.164646455417279469e+01 6.545499817309756452e+01 6.952329766548577084e+01 7.390309797705000960e+01 7.865799405355332397e+01 8.387681372882012454e+01 8.970392317857681519e+01 9.640850407757038454e+01 1.046777471268896846e+02 1.146731043240393859e+02 1.008344438230004130e+02 8.130990421652262512e+01 8.956194562539685933e+01 7.440646060165465769e+01 9.389821449379856233e+01 9.778263021113541242e+01 7.828566774269876305e+01 8.081528443605482437e+01 7.468575016526472155e+01 9.416737601881719399e+01 1.127296656236430010e+02 1.063952358325848451e+02
4.163169627051843593e-04 2.000041631696235100e+01 3.194958935576456938e+00 2.319406118876484157e+01 2.643251711058840314e+01 8.403925680891244809e+00 2.839721410185961048e+01 1.249933929036065905e+01 1.398424653987966515e+01 1.548446781108629722e+01 3.550915138450989872e+01 4.277521107580020043e+01 5.516547192680723555e+01 6.344880353558912134e+01 7.209881437375105406e+01 6.384032416716308234e+01 6.923115634713109046e+01 6.956501753271936650e+01 7.781428028195630020e+01 7.918902160962527148e+01 8.043638725226732333e+01 8.870431058226779442e+01 9.331368607242298197e+01 9.370064817305706129e+01 1.019717033814902294e+02 1.033661493556822109e+02 8.384405722255139892e+01 7.015017627460871097e+01 6.763440851181317726e+01 8.700683881662148167e+01 8.923410669524061234e+01 8.115586641166079573e+01 6.717030659928938974e+01 8.652605368160351418e+01 1.022771250334286748e+02 1.007517814946020280e+02 8.695099512035913847e+01
5.883922493566802643e-03 1.321787312413103432e+00 2.132144514893619913e+01 2.319072859844762036e+01 3.536828661038161670e+01 1.429261606274467944e+01 1.040934397986688786e+01 2.989441421861684844e+01 3.389656032690343324e+01 3.550915138450989872e+01 1.800623552678228378e+01 3.803919564328284508e+01 3.510033963539227386e+01 5.516547146176870342e+01 6.055491679991357756e+01 4.382218122678833794e+01 4.926016790723473804e+01 4.962359560016442828e+01 6.153524158894733631e+01 5.929664506047624428e+01 6.055794093877037909e+01 7.340928799282397677e+01 7.340928799282397677e+01 7.385841796817616967e+01 9.370064817305706129e+01 1.082833616738919176e+02 9.210280426510608720e+01 7.266561612307495466e+01 6.159820712884387461e+01 7.542681499421257740e+01 7.625791339385830270e+01 6.187845445037545744e+01 8.115586641166079573e+01 8.297443775792513065e+01 1.026896376127135824e+02 9.206985251822865735e+01 7.329711144544810963e+01
1.256007409845548732e-03 1.154819101384336832e+01 2.957930389195468734e+01 4.315942499221994666e+01 4.362273768850759836e+01 2.446230986067847724e+01 3.038613942492846220e+01 1.824184879312428720e+01 3.817966693589995941e+01 4.175887064876801702e+01 2.170851794277605862e+01 2.092926677740283381e+01 4.097728081300709135e+01 4.622373301840254101e+01 4.846739334860522774e+01 3.220844091642704399e+01 3.504945249759690995e+01 3.801781843626688584e+01 4.152878359221270443e+01 4.515240394828634152e+01 4.902849861362307138e+01 5.351479199716512625e+01 5.982434155194856373e+01 6.870710941639991631e+01 8.015073177268240556e+01 9.999828830660919721e+01 1.002119222461844288e+02 8.896618986283067443e+01 7.542681499421257740e+01 5.615132000854774219e+01 5.699087847419632169e+01 7.625516230025634457e+01 8.916655893198482374e+01 1.026203680528539337e+02 9.949738296835943174e+01 8.399295896079101453e+01 6.474098560800732116e+01
9.594114293757748102e-03 2.000525570964110500e+01 3.153611361085046738e+01 5.148582918174349032e+01 5.258837900570559043e+01 4.441531262175376327e+01 2.765526220917143263e+01 3.818901269262746467e+01 4.643211151027296069e+01 4.562142489505464482e+01 2.555100429037654308e+01 4.097728095172222140e+01 2.397149858863564020e+01 2.615028169901729882e+01 2.838569588059959869e+01 4.846739334805263866e+01 5.510953499444200787e+01 5.805183221193487242e+01 4.803004788403685410e+01 6.512022799217454860e+01 6.055796377521013341e+01 7.340928799282397677e+01 6.611943241626701706e+01 8.618889128287699464e+01 9.679826361046079342e+01 9.261713697665095424e+01 8.435903273658922785e+01 8.425523174018923100e+01 7.178408884276298352e+01 5.245277590156451453e+01 7.178157680139766228e+01 7.268095025727220104e+01 8.628783363408476248e+01 1.051807824850062616e+02 9.137247305192086344e+01 7.201432644109948455e+01 7.491727290862107225e+01
7.711341127313004785e-03 2.000771134112695648e+01 3.374349401962400918e+01 4.205733637347297815e+01 5.365582805193055549e+01 5.460210575617315243e+01 3.471739223996668500e+01 5.460210575617315243e+01 6.380908738602020236e+01 4.376871168217608243e+01 2.955351716204968682e+01 4.963840182830590209e+01 4.403497386189670948e+01 4.035025448842891649e+01 4.846736993811860117e+01 3.458401440594082032e+01 5.310055891676681483e+01 6.945950388701065492e+01 5.550168417118178610e+01 7.472178583676283381e+01 8.044328981495088726e+01 8.874258984459295618e+01 8.027123081904619539e+01 9.474781598827878781e+01 9.732119718990715285e+01 8.436271477168217814e+01 6.489691880412554781e+01 6.489319271649311816e+01 6.624789090438164862e+01 5.005278105759425245e+01 5.977906688458329398e+01 7.340688332287304263e+01 9.279115949954048403e+01 8.801928217099488450e+01 8.924222839680332697e+01 6.990198696570340076e+01 5.627135846657326823e+01
2.297228869525369630e-04 6.666896389959019231e+00 1.373796426546848082e+01 2.528510431541840475e+01 4.530661739688328993e+01 6.278485367425373198e+01 4.622931900601181354e+01 6.278485367425373198e+01 6.231790859608194921e+01 4.226984809923597197e+01 4.963840182830590209e+01 3.689246986448884513e+01 5.696949478659219324e+01 6.040359519719730486e+01 5.472411274001868264e+01 5.472411728627807292e+01 4.173062150127915260e+01 5.278532662023970801e+01 7.217673077647823732e+01 6.769061199732675504e+01 8.106469917336758613e+01 9.968677265192995662e+01 1.007754505663998543e+02 1.030266002874577396e+02 8.323026056642541448e+01 6.950174843871197083e+01 5.988378738018683123e+01 5.119539095039424836e+01 4.675904249520469591e+01 6.331273976514589918e+01 7.130714901210731682e+01 8.696720872406606873e+01 8.234866598969401252e+01 6.854189979487304640e+01 8.234866692430126989e+01 7.808652803260146413e+01 5.877322939465859974e+01
9.647730019007896146e-03 2.000964773001865282e+01 3.374349401962400918e+01 4.205733637347296394e+01 5.119952259344585599e+01 5.943882180930003045e+01 6.603954515736339204e+01 7.420648307913211283e+01 7.058160768083141079e+01 5.646728773484242225e+01 6.523933228918532734e+01 4.589729937764486323e+01 4.765100744831489976e+01 6.767020711846789993e+01 7.475464246094799137e+01 6.807273014211510542e+01 4.785759868318624655e+01 6.646641034358583511e+01 8.107613675364832773e+01 8.604440659291751103e+01 9.353323542502592147e+01 9.392680907010381475e+01 8.591380055619967493e+01 9.486072771530041337e+01 9.313022849769028255e+01 7.352339153107860170e+01 6.238929484391487534e+01 6.489652302180537902e+01 6.341352392667162974e+01 4.385668810810550866e+01 6.064779026946954588e+01 6.872120516547865066e+01 7.363294903803117109e+01 5.482134579019446363e+01 7.363294903803117109e+01 7.586585297255605553e+01 5.651888244508730708e+01
3.582433992925927561e-03 2.000358243399256963e+01 2.956082170913914098e+01 3.490040551115488654e+01 3.123726253869893910e+01 4.949402238549927091e+01 5.769069087832111364e+01 6.914776218254556284e+01 8.125107694172366735e+01 7.644255682758929993e+01 7.418454467640258088e+01 5.749044339588383679e+01 6.767020711846789993e+01 6.182827014259096643e+01 8.177389059615907740e+01 7.635272689386913214e+01 5.958188429910952522e+01 6.219421760709981584e+01 8.226283769623375974e+01 9.023744774472474717e+01 8.065983120439038601e+01 7.795246755639205105e+01 6.535287720187466221e+01 8.418906378834601867e+01 1.014506730176385787e+02 9.004940809349194808e+01 8.181021589705999020e+01 8.435717483764629776e+01 7.148377258759795438e+01 6.064779027031288905e+01 4.102473875126530345e+01 5.810385889111734059e+01 5.635179485382143838e+01 4.603013629671209372e+01 6.555358696447359534e+01 6.526102728045054846e+01 5.719652836505802895e+01
1.813270376062421294e-03 4.715858478087027628e+00 9.566570972662242767e+00 1.491179564307081051e+01 2.198285031507925069e+01 2.954197927747817687e+01 4.108378354043397707e+01 6.098262229975328808e+01 6.118075496973382599e+01 7.538680372174522404e+01 7.615710668730963562e+01 7.745176130660567537e+01 8.570177090355612393e+01 8.177389059615907740e+01 9.002461388549622257e+01 8.792289679556009219e+01 7.967144126327822562e+01 8.226067742175378328e+01 9.050004723188432365e+01 7.552008685600037552e+01 5.806583978791271505e+01 5.848847010811773828e+01 5.524059729821990317e+01 7.558985974545805675e+01 9.510990727894140662e+01 1.037676303172738557e+02 9.246829886880686900e+01 8.376267797057133180e+01 6.775517332812205495e+01 4.829080292265957297e+01 5.810383313977236241e+01 3.843687301479814522e+01 3.667144521326142126e+01 5.387808692811837830e+01 6.201494204672305699e+01 5.439769811412957523e+01 3.754770541795583938e+01
2.372884694381488524e-03 2.000237288469402586e+01 2.956082170913914098e+01 3.490040544796487154e+01 3.908110197960081678e+01 4.717123201070888427e+01 5.769069087772960813e+01 6.537099513472999490e+01 4.705781903825041468e+01 6.537099513481436475e+01 5.611086804533579198e+01 6.458340541112650612e+01 7.290646213564676259e+01 9.277117159161990401e+01 8.446063106339840942e+01 8.706635825306798893e+01 9.537569717247808398e+01 8.457954709438658369e+01 7.280857548782158517e+01 6.435423920746536908e+01 4.588155365076252679e+01 4.444425032485857230e+01 5.454213187565596854e+01 6.621798947419702586e+01 8.659667282191716708e+01 9.561187845743569369e+01 7.609003383394680498e+01 6.493870838442151694e+01 5.629141570428443941e+01 6.775517332812205495e+01 6.618117496186732751e+01 4.987123278377787017e+01 5.397376940880993601e+01 3.429387102829827683e+01 5.163819516536327825e+01 3.472820284213422326e+01 5.439769811412957523e+01
8.175220331382775790e-03 2.000817522033102591e+01 2.380581489331979839e+01 2.574121170627741151e+01 1.925637965161188703e+01 3.586835833204127510e+01 5.014009987447511918e+01 5.705851760649136395e+01 3.711107482090206133e+01 4.708479621385293257e+01 4.200903293342842915e+01 4.459676789165686728e+01 6.458340541112650612e+01 8.115123426476817770e+01 6.430825429742324673e+01 6.692701551679832050e+01 8.706625834686282417e+01 7.609838243664049173e+01 5.575977867122745835e+01 4.406530421719632784e+01 3.679499395061466060e+01 5.707777993679073347e+01 7.249457039144860460e+01 6.410597002825693380e+01 7.249457039160003546e+01 8.262050677541165555e+01 9.156093695930859155e+01 7.209123995965873632e+01 7.566399614285327857e+01 8.376267797057133180e+01 7.743294127279516204e+01 6.934968040722881710e+01 6.206212878654354625e+01 5.163819514522859322e+01 3.198001104047073895e+01 4.003306278803476204e+01 5.392607504691431330e+01
9.124702163186202558e-03 1.907440332336253652e+00 3.814361299806813488e+00 5.756907126696741095e+00 7.727460647640634228e+00 2.185135237723093482e+01 3.888489411915725213e+01 5.117613802083859298e+01 4.288861653267936447e+01 2.718046163585848518e+01 3.053751708767680029e+01 5.045071848799207004e+01 6.005568356130363128e+01 6.458092502528697310e+01 5.262990144501995360e+01 6.692695803260501464e+01 8.706157440868378217e+01 7.517226668626554442e+01 6.501114662641890618e+01 5.263911998942548820e+01 3.237040929556336977e+01 5.263911998942548820e+01 6.237535935681934518e+01 4.387311942074706650e+01 5.398954472450202502e+01 6.952996381044262364e+01 7.965230232939209998e+01 9.156093695930860576e+01 8.531677614757360573e+01 7.716566064297290950e+01 7.501630603651867091e+01 7.065422310607590362e+01 6.275420477074622738e+01 5.039735027898432662e+01 3.075850507514793719e+01 5.040067475220705973e+01 5.604299216670946748e+01
2.239863785106879172e-03 1.996162633046801460e+01 1.791596912068959568e+01 2.574091636199201005e+01 2.770498856676756105e+01 1.062853647905055432e+01 3.059390100268606361e+01 3.924283639458943895e+01 2.298829780889221297e+01 2.896872166254198078e+01 4.868836012351466280e+01 3.604143822458308932e+01 4.009306538641222062e+01 4.443321753037101018e+01 6.458092502528697310e+01 8.114966128666247869e+01 8.111232175727222682e+01 6.077601780315693247e+01 4.645180626625223397e+01 3.632947526137122907e+01 2.867126842928298913e+01 4.427607359715676694e+01 4.683476379522782196e+01 3.375276879565593191e+01 4.091179306977375774e+01 5.102239365988115338e+01 7.126162140019225433e+01 8.597959542853766379e+01 7.630284442998632244e+01 5.786894929694842915e+01 5.576259366030021170e+01 5.637615740541190235e+01 4.346483660562532236e+01 4.744398536331519978e+01 2.954255950694314947e+01 4.918833226018432470e+01 6.407122399976572069e+01
1.766589122093755728e-03 2.000176658912173977e+01 3.754317514573989456e+01 4.317960487600035435e+01 2.418292349861179957e+01 1.271246140267503044e+01 3.266964076361684022e+01 1.932081812741728655e+01 3.339656149354364345e+01 4.868836012351467701e+01 3.870534549370086808e+01 5.598087155485585242e+01 6.005568356130361707e+01 5.772906923253274414e+01 5.881595021209498242e+01 7.916474681061278318e+01 7.739104377951997549e+01 6.572166235779188526e+01 5.735003435858043019e+01 5.658965886675196089e+01 4.427607359715676694e+01 2.403701908384951480e+01 2.659728366669642341e+01 4.683476379522782196e+01 6.114200549482376346e+01 6.952996381038133222e+01 7.965204710356637463e+01 7.781772888868664495e+01 5.860927718655673146e+01 4.897016915603690279e+01 4.199945665694434638e+01 3.688334064210138052e+01 3.211565529872429892e+01 2.785754245276512719e+01 4.747799186082033174e+01 3.791726721815567913e+01 4.450730618541181371e+01
