LEM/sinusoidal_perturbations/elevation_000523.asc
nrows	100
cellsize	150.0
xllcorner	0
ncols	100
yllcorner	0
NODATA_value	-9999
[rows 68 to 84 of 100, columns 37 to 73 of 100]
6.604225404940601152e+01 6.789524797453843519e+01 6.168444069600990787e+01 4.132329175121007125e+01 5.508984278203980978e+01 7.615942939380748555e+01 6.337008616458085442e+01 4.347885300707998368e+01 5.556810264464224502e+01 4.081806359930157413e+01 6.070215233700978530e+01 7.428111440648530106e+01 6.014742891504221944e+01 6.891057338358118045e+01 6.063128605466551591e+01 4.348424294345856111e+01 6.343936042542080855e+01 6.193889680492944905e+01 8.192457311056890035e+01 9.161237910460526734e+01 9.990468160897486882e+01 9.807569043562686772e+01 8.121529792890046906e+01 9.807569043562686772e+01 9.806414358160145639e+01 7.806813312014197948e+01 7.508195869351777674e+01 5.516976567344696747e+01 6.994012626580784797e+01 5.283933277362029202e+01 6.167469031811166502e+01 7.806685059542009242e+01 8.085932731446794719e+01 8.374294805946311726e+01 6.920424919438221423e+01 7.356257176799468311e+01 9.372560445477498092e+01
4.842019211610071494e+01 6.957766421027037040e+01 6.938490228717125774e+01 4.842121140789731726e+01 6.938490228717125774e+01 8.338176270803432999e+01 6.337008616458086152e+01 5.009252319732299696e+01 6.452806109759806930e+01 4.464805602221253622e+01 5.867500678839065387e+01 7.865858419219298980e+01 8.012813167816698012e+01 7.502871220352653836e+01 5.506937905025316837e+01 4.615617995118282124e+01 4.784366637969591096e+01 6.779256731647075185e+01 7.620797982065852239e+01 7.159224657994779761e+01 8.834620883022967064e+01 9.990500371054319828e+01 1.013123520594005242e+02 1.097076406378770912e+02 1.061856040295538861e+02 9.806414358160145639e+01 7.885396789927294492e+01 5.889654489778821045e+01 7.884071756876782899e+01 7.254779602053966414e+01 5.571754720814908524e+01 5.830192849655208676e+01 6.095491198739363625e+01 6.368995783275990163e+01 6.802324045053637747e+01 7.260394505011790045e+01 9.275336487789941486e+01
6.604225404940601152e+01 7.819967842653126411e+01 7.823774757526615531e+01 6.033438922981894592e+01 7.823774757526615531e+01 8.417277358949964139e+01 6.414198571115062464e+01 6.000912592998638928e+01 6.867669343984991315e+01 4.878055167424373906e+01 6.281292916056492714e+01 8.283307268945873147e+01 9.132408221885022215e+01 7.135749092218276246e+01 6.892604250447367065e+01 4.897999882370513802e+01 6.779256731647075185e+01 5.260798268347229367e+01 5.624166851115172960e+01 6.007053419119507964e+01 7.159224658012512066e+01 9.161239236978961742e+01 1.087614261395154358e+02 1.170410002897345834e+02 1.083805311700179601e+02 9.997208344279421510e+01 8.285647990013728759e+01 6.284431455698165081e+01 8.285601230261534056e+01 7.898800327883705563e+01 5.904466878561904508e+01 7.825337475002469034e+01 8.096159299298653877e+01 7.520808926066435163e+01 8.813077094104504283e+01 9.275336487789941486e+01 7.967418256693815692e+01
5.876994856105051213e+01 6.708946302961332719e+01 7.857565575258868762e+01 8.174813304079728482e+01 9.058923777006445732e+01 9.250669038403647448e+01 8.417277358949964139e+01 7.151589883947885085e+01 7.324971546003622791e+01 5.331637460745808710e+01 6.737374110017343298e+01 8.743557245177360926e+01 9.952658863795184629e+01 8.333365197325825591e+01 6.335532454818218895e+01 5.185662454548820222e+01 7.180563977012876364e+01 6.256767245581053061e+01 7.620764340674456605e+01 8.005375580657371870e+01 6.671538163375848285e+01 8.672295349305849754e+01 8.870363198668975713e+01 1.087614261395154358e+02 9.997208344279421510e+01 7.977722487796802397e+01 7.222337532134777405e+01 6.834836981579657333e+01 8.842463364209635301e+01 8.248425693129925662e+01 6.247535494291174984e+01 8.248425693129925662e+01 9.643304106748608717e+01 9.540178199653587399e+01 1.038927484695860528e+02 1.084216922220516182e+02 9.990660721058294769e+01
3.984303739198802674e+01 5.043322213354007744e+01 7.015947781528261373e+01 8.231531373288714803e+01 9.067428801502093449e+01 1.023261193430028300e+02 9.994904243798801247e+01 9.160986769324011902e+01 7.902125798738777007e+01 5.902804819655303703e+01 6.956616205213252613e+01 8.963964856549785054e+01 1.033096759214963782e+02 9.153487640522459401e+01 7.636607507852660603e+01 5.642006208241472365e+01 5.759929169709532459e+01 7.757096517982512296e+01 7.888184969978006222e+01 9.501605490021290734e+01 8.085306744402625156e+01 7.455082548673330223e+01 8.610089521335271456e+01 1.061589433961854922e+02 9.997208344279422931e+01 9.997208344279421510e+01 9.233914436784384350e+01 7.436103464835609600e+01 9.449536164789587644e+01 9.085276676327109158e+01 7.397730090038821515e+01 6.797911962930197660e+01 8.805126974236758031e+01 1.001667573048045767e+02 1.073325625806724872e+02 1.157391473207215142e+02 1.175724120584346082e+02
5.876892675193880677e+01 6.403336787761021753e+01 7.070756012766065624e+01 6.221009472689397057e+01 7.378507802047140274e+01 9.396783241631634098e+01 1.022071740579886665e+02 9.914605794813465423e+01 7.902125798738778428e+01 6.605211042308435765e+01 8.611432031881849980e+01 9.797760697718887002e+01 9.501949756791289303e+01 7.499018002419002471e+01 6.345893771553371465e+01 7.638569031538951037e+01 6.184134170528590602e+01 8.183325613378606533e+01 9.891166271874075733e+01 1.071900971606278858e+02 1.008941120022166018e+02 8.455043988501709862e+01 1.028723161382121702e+02 1.144428850286525119e+02 1.202854682576270022e+02 1.088321897330200869e+02 8.855685301362584028e+01 8.855685301362584028e+01 9.077327135144714987e+01 1.024951160430114641e+02 9.410497497840097481e+01 7.613044449662351099e+01 7.482495707494700810e+01 7.998652674700558407e+01 8.706460456775852208e+01 9.872662678898309707e+01 1.190884894954579778e+02
5.895504332470518705e+01 4.403318588018008484e+01 5.069169115107187196e+01 7.070756012766065624e+01 8.011121794251447170e+01 8.569985262570783391e+01 8.198991679339017935e+01 1.022071740579886665e+02 9.445841989965441599e+01 7.604452984966508211e+01 9.445841989965441599e+01 1.061713231341369692e+02 8.612001837525365033e+01 7.197106431898576773e+01 8.345556615113531507e+01 8.630751209168602145e+01 6.629803115049057283e+01 8.630751209168602145e+01 1.011970610655587848e+02 1.094910743874559955e+02 1.128928829987800810e+02 1.046064078718000729e+02 1.128928829987800810e+02 1.216324356585188440e+02 1.298469458564725585e+02 1.172404962877617436e+02 1.088321897330200869e+02 1.088321897330200869e+02 1.110567642436568150e+02 1.194622835885963212e+02 1.046723264371989899e+02 8.615056107719780698e+01 9.495624235751978404e+01 9.421778034271879676e+01 9.643953329278085107e+01 1.073325625806726293e+02 1.274760503353454908e+02
3.895148719640427970e+01 5.895504564672075531e+01 5.035099307374565569e+01 5.504635418040518147e+01 6.001970384468068431e+01 6.554974371561799273e+01 7.977824763971649702e+01 9.999587169390404995e+01 1.045293107767219851e+02 9.618411078797203118e+01 1.045293107767219851e+02 1.061713231341369692e+02 8.612001837525365033e+01 8.351860125793690770e+01 1.002854742041827620e+02 9.460373185382289307e+01 8.630751209168602145e+01 7.359384544279659224e+01 8.115016608862021030e+01 9.531741568841383128e+01 1.153917806770063947e+02 1.184668413375545697e+02 1.182812603222626535e+02 1.015169177721697054e+02 1.182812603222626535e+02 1.298469458564725585e+02 1.270674365672035293e+02 1.186475285757340714e+02 1.175703033906392108e+02 1.259920155314004262e+02 1.148023091968440923e+02 1.064002814800019792e+02 1.148019485170484444e+02 1.145288581689173242e+02 1.167510023153594148e+02 1.251417362170330563e+02 1.360344382190253896e+02
5.424021146419202921e+01 6.728037164018189742e+01 7.036439820142778956e+01 7.508833941805607992e+01 8.011121794251447170e+01 7.977824763971649702e+01 7.977824763971649702e+01 9.999587169390404995e+01 1.073775583861856830e+02 9.900069570237161543e+01 1.073775583861856830e+02 1.144509300331117743e+02 1.061713231341369692e+02 1.035690299978469824e+02 1.118529054535074891e+02 1.078043838930982048e+02 8.774470224336556612e+01 8.514249747962325898e+01 1.011970610655587848e+02 1.094910743874559955e+02 1.090527437349916227e+02 9.835972916364875118e+01 1.005200449170337578e+02 8.986896937754571013e+01 1.015169177721697054e+02 1.216324356585188440e+02 1.153221274904925906e+02 9.829742245798179567e+01 9.722694181727169394e+01 1.142487233625404457e+02 1.095601163595072620e+02 1.114539434996150646e+02 1.198813413039575977e+02 1.178319912701931571e+02 1.178319912701931571e+02 1.382146892169263310e+02 1.391461603925601480e+02
6.255953434142360692e+01 7.473523873928927230e+01 6.638549238730500690e+01 7.218220291531935118e+01 8.054020134818165388e+01 9.999587169390404995e+01 9.999587169390404995e+01 1.083516798060964277e+02 9.725703809883513884e+01 7.875240428889944155e+01 9.725703809314198622e+01 1.004740936678574030e+02 9.697970050709292877e+01 1.053567515886727790e+02 1.170409339086294409e+02 1.160885938338004451e+02 1.078043838930982048e+02 1.052005949359993053e+02 1.134891000979893789e+02 1.090527437349661426e+02 8.891934375244647981e+01 8.409642581570018649e+01 8.036322960784073643e+01 9.462454543515502792e+01 1.147530397231489161e+02 1.212939289706279453e+02 1.009355615740383882e+02 8.665668494616582507e+01 8.559418618958139291e+01 1.036397595289312079e+02 8.929833243555444255e+01 9.117340139802496424e+01 1.049611012724154051e+02 9.748132731696468056e+01 1.178319912701931571e+02 1.312650285090785474e+02 1.307061536246229423e+02
6.739110759086739222e+01 5.904821879764551085e+01 4.629154110908795872e+01 5.210180861273873631e+01 7.218220291531935118e+01 9.061630253672083768e+01 1.007154082734308815e+02 1.006398856413848364e+02 8.887654999563550007e+01 6.868807591655138367e+01 8.887654999562985836e+01 8.024045791410162565e+01 7.675052733693100038e+01 8.842064916308709144e+01 1.086715820753019273e+02 1.123594038465302702e+02 1.042622758253356352e+02 1.123594038465302702e+02 1.091239754564589930e+02 1.008392648201357673e+02 9.261389148668850169e+01 7.239666334321209717e+01 9.261389148675851857e+01 1.082414716112936048e+02 1.119436212569164439e+02 1.201964174363442339e+02 1.153221274904925906e+02 9.677753713838906435e+01 7.657633508044817461e+01 8.940110110137568711e+01 7.503102645937686077e+01 7.956636353790338489e+01 8.475911988013831433e+01 9.233145686430263765e+01 1.024259095006900822e+02 1.228444739305263482e+02 1.391461603925601480e+02
5.298628306256291154e+01 3.894305246112938335e+01 5.055299897434678513e+01 7.065290488700466653e+01 6.211678462336909945e+01 7.215082367204026070e+01 9.234441874249897353e+01 9.226412674331277231e+01 7.210586632145573560e+01 6.209163249672640461e+01 7.795186976725462102e+01 6.604448133624300965e+01 8.616675261847160527e+01 1.053567515886727790e+02 1.033378381795507721e+02 9.520559619574527233e+01 8.445561947789077806e+01 1.024939262726141607e+02 1.008392648201468660e+02 8.065398149337573841e+01 8.656611409955357317e+01 6.801969959430650192e+01 7.977600219517239566e+01 9.995242997199542856e+01 9.179464423489886826e+01 1.086014420675896730e+02 1.154358739132889156e+02 9.512787033664824321e+01 8.085452070147259462e+01 6.912636323445259734e+01 8.940110110137568711e+01 9.974497210623671606e+01 1.049611012724154051e+02 1.126351917156082720e+02 1.210688602019398985e+02 1.312650285090785474e+02 1.269041383415018345e+02
3.297319018297876170e+01 5.298628306256291154e+01 6.739110759086739222e+01 7.900768418297876394e+01 8.224762120726964554e+01 9.061630253672083768e+01 1.007154082734308815e+02 9.059847161599083165e+01 7.580497603141581919e+01 5.599712515347039954e+01 5.806609345205607298e+01 7.795186976725462102e+01 9.454461513618078072e+01 1.025163467205041883e+02 9.178627892079633455e+01 7.504241226207975046e+01 7.416415425312487741e+01 9.435894765161312137e+01 9.890586718420254897e+01 8.656611409960734704e+01 6.624931389780459767e+01 6.397662161178415374e+01 8.432557090565079250e+01 9.652111449779177121e+01 8.011395462872906137e+01 9.959290755289849528e+01 1.138158707563497103e+02 1.006942429526095992e+02 8.044903884458469179e+01 6.604606138740969357e+01 8.637872163182906604e+01 9.344809571424569583e+01 9.954254025155937313e+01 1.067005692187563710e+02 1.151253648449684448e+02 1.268728027011468669e+02 1.166939679949090447e+02
3.430943055039293199e+01 5.480475219126374498e+01 7.036368117066795946e+01 7.902204259081968019e+01 7.620517496031271776e+01 7.620517496031271776e+01 8.457895107361655107e+01 8.222859845775592191e+01 6.224421783644004336e+01 5.119164267334363672e+01 7.069061092645128497e+01 8.380610371547317072e+01 9.386244142901166754e+01 9.435836601269467394e+01 7.413775426280768954e+01 6.295478991055359330e+01 8.356437652392354209e+01 9.778864501120233399e+01 9.059337625740492683e+01 7.031748577157969748e+01 5.846735358108763592e+01 7.888708542734892148e+01 9.055433071883693685e+01 7.628819177726110468e+01 7.101042134782467485e+01 8.536996390508764421e+01 1.000137428644163720e+02 9.160658996234973017e+01 8.347405588127647036e+01 6.308377440101365607e+01 6.772076430049777684e+01 7.320331368706382591e+01 7.932955441565852084e+01 8.645460592821747525e+01 9.809757416845505418e+01 1.184524790060998498e+02 1.082423981404246831e+02
2.812837613089097744e+01 4.220800648219182705e+01 5.678721949058107299e+01 5.972146564984753070e+01 5.613928383916393727e+01 5.613928383916393727e+01 7.620517496031271776e+01 8.416848345891857264e+01 6.739468373008244839e+01 4.810576844475041725e+01 5.571335556722551274e+01 6.541882707185808954e+01 8.548838907386954133e+01 9.219338047106425904e+01 7.190638111331587368e+01 5.713618262767423772e+01 6.923570630894433009e+01 8.961333498846852308e+01 9.000725630000950162e+01 6.971496905302493019e+01 5.523204007063527854e+01 7.564800203985163307e+01 7.477748097751170064e+01 6.184777121090621677e+01 8.221427763888104323e+01 9.959290755840572729e+01 9.160658996284405475e+01 7.128302929956264222e+01 7.723566239916996778e+01 6.017926762503359583e+01 8.061884537998270162e+01 9.344809571424569583e+01 9.954254025155937313e+01 1.067005692187563710e+02 1.151253648449684448e+02 1.152172893898365373e+02 1.014497408297503256e+02
4.671395686548181203e+01 2.878225342302905787e+01 4.025207261911833712e+01 5.742901541127362464e+01 4.254651925159233627e+01 5.465765020704685639e+01 7.452363124890740664e+01 7.582470433257118714e+01 5.612859745656673738e+01 4.529167446118123053e+01 5.866371402950353797e+01 7.843009073117356422e+01 9.386243652008609217e+01 8.786817678921396180e+01 6.745299870680193521e+01 5.272558090661361518e+01 7.343246592701245845e+01 8.059605599156132882e+01 8.874972481360336474e+01 7.260346943552799814e+01 5.217605627206459218e+01 6.828763146995864020e+01 5.437432518072406396e+01 6.883119066183006396e+01 8.913309570343810151e+01 8.759995286521426294e+01 8.243873480191628289e+01 7.401846227621051355e+01 5.676152617913053433e+01 7.723566230366938612e+01 7.316169307001366917e+01 8.751107427516279813e+01 1.077905970652472973e+02 1.013174883855611057e+02 1.099074679506241239e+02 1.067727979330100680e+02 8.638026247216241416e+01
5.667287420026484313e+01 4.288843879006038406e+01 2.944256769812177055e+01 4.943486082177490459e+01 3.603687113728189217e+01 5.465745020814731703e+01 6.762893578787561921e+01 7.571992080804379555e+01 6.171577016045476682e+01 4.258879864459107267e+01 5.596215407034483746e+01 7.560632263206746018e+01 8.774850537313055554e+01 8.386415418955672862e+01 6.336834556408370389e+01 4.871704519541143696e+01 6.398843191491483395e+01 6.022081931837657720e+01 7.615616262398462766e+01 6.767707759489312025e+01 6.832451676268942720e+01 4.798011836106195460e+01 6.832547976078181762e+01 8.314232835406879474e+01 8.758516017181307234e+01 6.715188821781680417e+01 7.087940425676745804e+01 5.355430767655765578e+01 7.401846227621051355e+01 8.564838347177767730e+01 9.345080897657093999e+01 1.018577085246734129e+02 9.776990737390728725e+01 8.017663781554661284e+01 9.776990737390728725e+01 1.045398598668676726e+02 8.415045488463869106e+01
