LEM/sinusoidal_perturbations/elevation_000257.asc
nrows	100
cellsize	150.0
xllcorner	0
ncols	100
yllcorner	0
NODATA_value	-9999
[rows 0 to 16 of 100, columns 37 to 73 of 100]
1.011871384973579211e+02 9.293913622943252051e+01 9.077077887889252850e+01 9.827343444695175378e+01 9.010542131244332609e+01 9.415268420661313087e+01 1.021108092474595566e+02 9.706570702044196253e+01 9.852285774347851088e+01 8.991822511807568219e+01 9.852285774347851088e+01 1.095931951124100436e+02 1.014443828415927271e+02 1.051149990280135285e+02 1.132498463112488167e+02 1.073883992521480053e+02 9.886786403405966439e+01 9.985917360405181853e+01 9.129802597885868920e+01 9.129802597885868920e+01 9.985917360405181853e+01 1.118579098336847153e+02 1.159424362088914791e+02 1.079702639683982852e+02 1.075842199371353303e+02 1.053109316394409234e+02 9.726192669498786358e+01 9.972389187414789546e+01 1.077912949234943341e+02 1.162604713652430064e+02 1.082369393547010077e+02 1.162604713652430064e+02 1.146371250146425069e+02 1.066170968407689230e+02 1.146371250146425069e+02 1.174334598729306975e+02 1.254731367733708254e+02
8.899706726521954181e+01 7.329212263333347721e+01 7.115088207513753105e+01 8.508194357921449580e+01 7.065885303879043988e+01 7.516036084614503920e+01 9.060278151575425909e+01 7.609927166873713134e+01 8.331840260917905994e+01 6.970114483896351487e+01 8.833284342338131978e+01 9.816862727452193838e+01 8.160883337777249835e+01 8.528539371089946997e+01 1.018334063433984653e+02 9.886786403405966439e+01 7.807692430906116954e+01 8.416644956727236604e+01 7.059816162592240119e+01 7.059816162592240119e+01 8.246712851283788837e+01 1.033612562556588017e+02 1.079862308515924383e+02 8.805054502365946689e+01 8.799566399181853171e+01 9.447196348065466509e+01 7.880229720147659123e+01 8.115576215328481169e+01 9.972389187414789546e+01 1.066272244766321933e+02 8.901353456611933268e+01 1.066272244766321933e+02 1.030687895578485893e+02 8.740309626879775351e+01 1.037984811498669018e+02 9.815068804010526549e+01 1.174334598729306975e+02
6.958780403115066804e+01 7.672157136013608181e+01 5.738763445349342618e+01 7.689741680277707303e+01 5.943617229323740503e+01 7.887793988483431917e+01 8.222210532373786407e+01 6.179980695951979897e+01 6.323702484326292250e+01 5.980872882287213343e+01 7.980968497851962695e+01 8.932331682633871139e+01 7.019729964697835101e+01 7.385999577864529897e+01 8.687984499255615845e+01 9.506371156675359657e+01 8.416644956727236604e+01 6.381120890878941765e+01 5.924542832437077067e+01 7.934695372250224921e+01 8.682574647582106309e+01 9.541301475759190964e+01 9.144071464606466293e+01 8.318262872647245842e+01 7.386070942023374641e+01 8.659392055554701528e+01 6.866158079168464212e+01 8.659424143457408718e+01 9.902322950711331373e+01 9.862523696041014887e+01 7.939198297100185187e+01 9.745396411954058635e+01 8.382823204134541584e+01 7.777038513239897100e+01 8.459803002792335747e+01 1.037984811498669018e+02 1.067455470688464487e+02
7.672157136011870193e+01 5.737759077943094610e+01 5.041604793173785026e+01 6.333870888443193081e+01 5.247306541699450833e+01 7.202591077882682669e+01 8.294658328001673908e+01 6.321380179434716240e+01 4.919443211510333924e+01 6.911872421533095689e+01 8.431396893772593160e+01 8.113971944386538837e+01 6.134070192249179598e+01 7.337390585225298878e+01 6.710092408687259535e+01 8.364795138148781461e+01 8.915342136600116874e+01 7.328611577164753044e+01 5.350244349740334826e+01 7.328611539951971565e+01 6.638525712523727407e+01 8.356243102231726994e+01 8.319941418313305803e+01 6.319623808430021938e+01 8.319941440123399445e+01 8.118585191796886136e+01 6.324865658041009908e+01 7.286395841217371583e+01 9.109712567628317004e+01 9.182525479943166147e+01 7.252355350058077477e+01 8.319327166313377120e+01 7.013702336680884741e+01 8.946366086411933338e+01 1.037984811498669018e+02 9.914540007125714283e+01 9.736751178533404527e+01
6.747751453151856538e+01 7.482255197971511507e+01 6.333870888443193081e+01 4.350126598278650647e+01 5.758063602373787404e+01 7.723992234992418560e+01 7.714812832457606362e+01 6.438947750909920842e+01 4.440881146684260727e+01 5.597324163284586263e+01 7.588288900637051881e+01 8.737664399022051498e+01 6.757378180197257223e+01 5.339880819224293163e+01 5.561678885210389467e+01 7.478371947596582459e+01 8.060788838476241835e+01 6.044868096274415592e+01 4.928436677708808134e+01 6.348510285000136832e+01 5.505035130841308444e+01 7.501540549926147605e+01 6.988867311730845699e+01 5.748019226363066281e+01 7.742618924068447939e+01 7.620980694565450619e+01 5.807940842571519369e+01 7.089356279808271211e+01 8.904435566760872689e+01 9.682632076624862805e+01 7.754627466518030587e+01 6.378306316676298593e+01 8.319327166313377120e+01 9.745396411954058635e+01 9.326881561028488932e+01 7.903221801042793970e+01 8.949369138926860501e+01
4.489825980324833665e+01 6.392905499793518942e+01 5.985317739372577250e+01 3.985165832715573231e+01 5.985317739372577250e+01 7.313142935411809731e+01 6.296794895892548283e+01 4.878776958757891435e+01 4.011717693848393651e+01 5.439716385824263511e+01 7.463382242035797276e+01 7.354758359089414910e+01 7.916808237499088818e+01 6.658611135873515252e+01 4.607854484061790856e+01 6.658611135873515252e+01 7.598073612879942118e+01 7.678652099175735657e+01 6.345716579835128357e+01 4.368063812737325691e+01 6.300213966350818140e+01 6.974180917259054979e+01 5.002712906307458240e+01 6.987011768610112483e+01 7.282804747147922342e+01 6.683095522460047277e+01 5.385121916845829304e+01 6.690708973176003838e+01 8.563797518718260449e+01 8.327611661790561470e+01 7.540201332505183984e+01 6.041315026109356978e+01 7.420820556541005431e+01 9.351982619059538138e+01 8.492319402781610904e+01 6.502228583826932606e+01 7.233677206254996861e+01
3.433314374126634760e+01 5.492926457564482234e+01 5.646320047773407680e+01 3.635174479742909881e+01 5.626295300219447881e+01 5.796985184328035956e+01 4.372685028957276643e+01 3.450400460835485461e+01 5.462952461165937734e+01 6.547604501408432043e+01 5.827791290022439341e+01 5.508288032947185542e+01 6.385920821945577330e+01 6.258447921548170001e+01 4.097733030431199097e+01 5.685504872214090000e+01 5.527476785492117273e+01 5.499084001165817170e+01 5.558016394697530416e+01 4.020544469989866343e+01 5.794660783450675723e+01 6.464578810695485345e+01 4.532030749810030557e+01 5.896675908089570584e+01 5.896094744480569005e+01 4.853193850658328756e+01 6.536351460914914924e+01 7.752609371740850008e+01 7.912870034673255759e+01 7.079298772593978128e+01 5.589693337417325836e+01 7.540187507873838513e+01 8.786326590857403573e+01 9.142625824874714624e+01 7.896586091647641581e+01 7.067394926793103593e+01 5.257460120812197601e+01
2.781772870276820342e+01 4.750282290380143735e+01 5.324222477228259010e+01 3.298155968766881330e+01 4.874491458227036844e+01 4.800786427185239802e+01 3.017946701350192740e+01 4.946597178904083592e+01 5.570467497266547952e+01 5.060800586572393911e+01 3.327627783091198665e+01 4.571589943527877864e+01 5.891531260155012717e+01 5.547603615629098783e+01 5.328729416029678845e+01 3.368169617067215427e+01 5.419899589783348404e+01 3.509070087579259933e+01 3.556428894553225462e+01 5.188556812991201639e+01 5.669267172413063349e+01 5.755755764518463025e+01 4.902386660373304750e+01 3.876500337939755525e+01 4.731459476216279825e+01 5.897231998409023390e+01 4.410237749662905316e+01 6.735815798553855416e+01 7.117656451333238010e+01 5.164076923282364362e+01 7.119284691409396260e+01 8.341069198052028355e+01 8.750638610284406127e+01 7.667735891718380969e+01 6.320372925696104005e+01 5.091360519261991158e+01 7.067543959618005545e+01
2.575548980075874894e+01 3.115225937482194496e+01 5.268568017212270860e+01 4.869340174474582028e+01 2.869503421110587382e+01 2.784368124696953828e+01 2.816737323013470728e+01 4.600039827468695819e+01 2.936189859950660974e+01 2.988197385004951201e+01 3.040516715017342975e+01 4.793361568246804438e+01 5.162523243808412587e+01 3.241661227907342635e+01 3.294363825386302835e+01 3.621940999438010778e+01 3.440073031164835982e+01 5.082456687276420126e+01 5.497342979365233617e+01 3.625573249803395015e+01 3.676577614269365313e+01 3.730551406427809269e+01 3.789441020734354026e+01 5.814360180683615198e+01 3.966102442269845341e+01 4.029865218892182099e+01 4.093833538918426029e+01 6.099420399357003220e+01 6.444734321822281231e+01 4.877796904270025635e+01 6.835349970526389995e+01 8.033694970497613497e+01 7.820630755764402409e+01 6.038628755081504096e+01 4.927361255700373732e+01 6.902861997628998836e+01 7.896852241547010465e+01
4.570802110832818954e+01 2.620229623011321607e+01 4.620485737610594157e+01 4.699058968580735751e+01 2.739182753243093416e+01 4.746906800336041954e+01 4.830949564938406127e+01 2.863490624447546651e+01 3.519698250185050625e+01 4.806420984864415402e+01 5.049900751477449035e+01 3.114703556642356830e+01 3.167141058459843705e+01 3.740719580641763997e+01 5.255549017870146855e+01 5.394829099355321489e+01 5.431632686535313326e+01 3.920382665346319584e+01 5.728134529186486645e+01 5.760161095001366505e+01 5.703325403721080278e+01 5.757178407988165958e+01 3.918389280817385156e+01 5.959147163769891620e+01 6.179102567069913476e+01 5.567051784831614469e+01 5.950995799738488756e+01 4.185322605259640483e+01 4.475641311499551733e+01 6.319435555108822200e+01 6.390176427434538198e+01 5.918689675061003896e+01 6.379379163918983409e+01 6.631430467500638315e+01 4.813068160044725374e+01 6.205850611246707871e+01 8.193436799170950735e+01
4.941307527473692573e+01 2.895550335825171828e+01 2.664124747007749150e+01 2.695053783980329243e+01 4.001118191414654035e+01 5.531425488498358334e+01 5.699579301935493447e+01 4.883025396351813896e+01 2.926688494754133529e+01 4.934707030958471563e+01 5.803739572273460823e+01 4.587426867472021996e+01 4.837287807091954761e+01 4.457272609026006904e+01 4.507412145889252741e+01 6.196669343622305348e+01 6.266731548936216001e+01 4.289048564158539989e+01 6.241727637708265775e+01 7.486770369297485672e+01 7.296748788938967323e+01 5.347028470265819777e+01 4.134735158423699630e+01 6.185282381091702320e+01 7.334254389021309350e+01 7.810888723416769608e+01 6.848362373538279257e+01 5.063336517992957653e+01 4.278371959795121882e+01 4.343712926182095657e+01 4.408399944278551885e+01 4.472468955975528360e+01 4.535829791913178610e+01 4.651550650326606728e+01 6.540958225806851090e+01 7.503044830915293062e+01 7.823662081908570087e+01
5.765791755507319039e+01 4.927402057793594992e+01 3.098671757376834535e+01 3.011247066978728881e+01 4.824353272325362951e+01 6.515202986342850977e+01 6.372768982984319308e+01 4.985500224785384660e+01 2.971901031694585527e+01 4.420780641610019757e+01 6.507384749829233783e+01 6.731372407395730306e+01 6.835971039846681663e+01 5.600044665343033756e+01 6.196672632661095292e+01 5.308688103008778825e+01 6.969559588141518702e+01 6.267147337842356336e+01 4.854252181581981063e+01 6.809559612581689692e+01 8.103250375925216531e+01 6.988643694463213762e+01 5.605273205991846197e+01 4.522661862075978689e+01 6.511240106371445791e+01 7.668979649626560047e+01 7.965857538126894610e+01 6.926476737708757980e+01 5.542326989485214739e+01 6.332260908707043967e+01 5.298414360853795557e+01 5.871794545664655374e+01 6.511939455912884966e+01 4.640020731845472568e+01 6.611262851766974791e+01 6.790653966798797114e+01 5.994389917771719922e+01
5.788157692697012635e+01 3.775581120649523825e+01 5.118461383249650254e+01 4.935616354147206408e+01 4.348287472569214174e+01 6.353671238810133559e+01 5.543096518534426309e+01 3.651710048013129750e+01 3.017452295879742508e+01 5.031151254167749443e+01 5.857469676543929893e+01 7.213524735180205028e+01 7.663478617814473637e+01 7.501339763244507708e+01 7.687335152259632309e+01 5.912700560698080920e+01 7.687335165563091266e+01 7.213770115571777808e+01 5.269397126178943580e+01 7.213770115572360453e+01 8.863200861420041576e+01 8.411447054824127179e+01 7.334261071766414375e+01 6.511240853857222532e+01 4.879818250669039514e+01 6.844700054361773311e+01 7.832220612223795797e+01 8.493271823046370628e+01 7.722983033140552322e+01 8.095295753638320946e+01 6.436651094133839024e+01 7.848739410416936835e+01 7.268565709304294842e+01 5.379836620908315581e+01 4.742894533908997801e+01 4.817820122091869450e+01 4.892571426668232704e+01
5.423157110635307987e+01 5.788157706282758852e+01 4.607717032254546297e+01 6.602541288860589930e+01 6.353803696530046352e+01 7.178699801837672112e+01 6.376787064098547120e+01 5.534766095990669754e+01 5.031341792333993368e+01 3.082034238580989083e+01 4.503020740993978421e+01 5.358585283670443289e+01 5.435663682768365845e+01 6.958950657344931301e+01 7.996401519461605290e+01 7.147674305254177796e+01 7.687335165718317853e+01 7.864282905924152089e+01 5.912744534869100477e+01 6.090489859163646713e+01 8.040234106577327111e+01 9.896624839480449509e+01 8.245427660602912567e+01 6.264499682694017224e+01 6.844700054381381449e+01 5.232219073664202114e+01 5.874820379923715308e+01 6.593070441386154812e+01 8.539307500897747616e+01 9.238190934545383470e+01 8.416736755811076875e+01 7.982462877222772590e+01 6.002299570099385306e+01 5.126291201776087547e+01 6.715805364414947576e+01 6.790715469772143820e+01 6.788767787974980195e+01
7.412936670204489076e+01 7.352306162871549589e+01 5.368615331325946727e+01 6.238553610071794253e+01 8.222100736414985533e+01 8.359591970387498350e+01 6.375025518218033227e+01 4.965832561197162676e+01 3.797462438051294953e+01 5.096288108457839883e+01 3.146832297704845516e+01 3.222695355932124528e+01 4.076155957054980661e+01 5.086659769159270184e+01 7.153356090153370417e+01 8.990191734146236513e+01 9.542289806826555321e+01 8.611477619598886690e+01 6.634586226279759558e+01 8.040234106577327111e+01 7.117932207156827928e+01 9.079199522309650661e+01 9.073489792599660575e+01 8.245427660602909725e+01 7.476355606733133641e+01 5.503135203452043811e+01 7.476355770292144598e+01 8.539307500897747616e+01 7.958032795342836607e+01 9.942628778512853671e+01 9.607193935913164751e+01 7.617312914156606496e+01 7.388151612567141058e+01 5.413216101101829025e+01 7.388151612567141058e+01 8.373215090800867699e+01 6.394830699682633224e+01
7.126078261575695194e+01 8.174819168103276468e+01 6.514770443623309859e+01 8.174819471080881783e+01 9.045294207098869776e+01 8.059482507073379054e+01 6.075796511766896657e+01 4.663947073224194639e+01 5.807161340971731534e+01 5.871227512443091001e+01 5.162008107070952434e+01 3.210491708813124490e+01 5.226791958791543635e+01 6.895476281126252616e+01 8.031387121999019030e+01 8.579214821042302219e+01 9.385157672426785780e+01 9.440781980963261333e+01 7.764168873993436648e+01 9.440781980499309611e+01 8.501765478701508982e+01 9.028535158071451860e+01 1.018588842160297361e+02 8.003550990128495357e+01 6.554244116153421373e+01 6.195389955138802662e+01 5.984490954148014907e+01 7.965137937814931490e+01 9.942628778512853671e+01 1.077306815448876023e+02 1.043436159694395258e+02 9.095253305928699206e+01 7.107988200054349193e+01 5.710483708778811263e+01 6.850727922510624524e+01 8.835685526173176640e+01 7.794480986757443475e+01
5.689103067920672885e+01 7.712893945752045965e+01 8.496401212782517121e+01 9.320077496924615446e+01 9.119641975557246383e+01 7.135248029966442118e+01 5.733710462718506307e+01 6.656804688047654395e+01 6.076525493666231625e+01 3.815866990516791191e+01 3.276269119082826364e+01 3.468834930548992901e+01 5.374588350635266210e+01 6.561056875149326117e+01 7.861209510412462009e+01 6.645622158975848492e+01 8.267568857357242962e+01 9.386546203249434939e+01 9.768922890949176008e+01 1.059747392398491854e+02 1.047324862177009663e+02 1.090018871596421377e+02 1.021980113264079222e+02 8.189255826495576684e+01 8.561286248165883705e+01 6.938896809611051708e+01 6.336743389643342539e+01 8.319599350661476933e+01 1.021632598838963304e+02 1.121845545310548289e+02 1.016065775762567398e+02 8.167468539394617721e+01 6.765907790966279833e+01 6.069464776562762864e+01 8.051439174986403202e+01 9.657755240926708495e+01 9.786016770099027440e+01
