LEM/sinusoidal_perturbations/elevation_000300.asc
nrows	100
cellsize	150.0
xllcorner	0
ncols	100
yllcorner	0
NODATA_value	-9999
[rows 17 to 33 of 100, columns 37 to 73 of 100]
6.442889883623186620e+01 7.964650062427593014e+01 8.633352616447540129e+01 7.341504669423801488e+01 5.274695391582480397e+01 7.341504669423801488e+01 8.628393082042911999e+01 8.033264414238945506e+01 7.197772571899764671e+01 6.217961063180845827e+01 4.169378900074016769e+01 2.718945975586879271e+01 4.688802993522630658e+01 5.101689289502034796e+01 5.889341032123600428e+01 6.792318980624027347e+01 7.839117627745913808e+01 8.273259434245984778e+01 8.498160914777849939e+01 7.664064681116278166e+01 7.664064681117808675e+01 8.498160918906584982e+01 9.661213267814717653e+01 8.943268916542369595e+01 6.927439995270074746e+01 5.766921645388640627e+01 7.664454268746091259e+01 6.472417643708824642e+01 8.486837890835222709e+01 7.787172781959901613e+01 9.216433256386017092e+01 8.596893089152845846e+01 6.594776604218246518e+01 5.201773900904574077e+01 7.181183308103445029e+01 8.085576088878364942e+01 6.664754625920222963e+01
5.186601304042061145e+01 6.545810161471976585e+01 8.540252609351770730e+01 8.072004757375084694e+01 6.004071020863081998e+01 8.072004757375084694e+01 8.623805623597920089e+01 6.607081047021794973e+01 5.185772440061958832e+01 5.920225443753419370e+01 4.778593523551153766e+01 2.767474056747791877e+01 4.178923912440495059e+01 5.313356311131733634e+01 5.682368001150276626e+01 6.024346926696190252e+01 5.845908735519108745e+01 6.275039299275626092e+01 7.448627377078433653e+01 8.273572742488047993e+01 9.144424200892046883e+01 9.985305543250645144e+01 1.100390327819142584e+02 9.778474451137941514e+01 8.267894225866906766e+01 6.253902757246218158e+01 8.267894225866906766e+01 7.108160836070968003e+01 9.124441969136678665e+01 9.806050501201052327e+01 1.041431041927990009e+02 9.253102372143239052e+01 7.523366496353285982e+01 5.528112768434509405e+01 7.522899928735637332e+01 9.086794507798687448e+01 8.666058956388953050e+01
6.138815613071994903e+01 6.206181612029747185e+01 8.190782556265590131e+01 8.882791026117877209e+01 7.215073873943994442e+01 8.882791026117955369e+01 8.000395742893786633e+01 7.163134564510274060e+01 5.924990421516002925e+01 3.911158515190672347e+01 4.803946323456441547e+01 2.817463086333803801e+01 3.054338957879235394e+01 3.311327065285364313e+01 3.638128382678029737e+01 4.001210281762344323e+01 4.423573887742732325e+01 4.864395420838279449e+01 5.784697992667602762e+01 7.473124616962961397e+01 7.098392908899134568e+01 8.122873815479873372e+01 1.016597458630420903e+02 9.915814760091244295e+01 7.897532537339110092e+01 6.860447934198091957e+01 8.875435981238049976e+01 9.124441969136678665e+01 8.183975367902752396e+01 1.020440937038266469e+02 9.577125107114115110e+01 7.569982205752330628e+01 6.417167070023101871e+01 6.339313145296817709e+01 6.253118024643556083e+01 8.254925985081968065e+01 9.927357741426851589e+01
7.528377122009830202e+01 7.181864493053683418e+01 9.033131551172134266e+01 1.001669069399231091e+02 9.230742354268762995e+01 8.578873678135771286e+01 7.163188379114296822e+01 5.218667885225034553e+01 5.740563788351870755e+01 4.867263290806817366e+01 2.890383508842091942e+01 4.849979171401570710e+01 5.050181658876472568e+01 5.355039196835809889e+01 5.096459221422703223e+01 6.024346926696190252e+01 5.078037674505540622e+01 6.860302964019510341e+01 5.577551516880556903e+01 6.109170445650702419e+01 8.121408558962843927e+01 9.985305543250645144e+01 1.100390327819142584e+02 1.075015797807711522e+02 9.547822690635635468e+01 7.530662562442883257e+01 9.547822690635635468e+01 1.103876558099659633e+02 9.349382060124376892e+01 1.103876558099659633e+02 9.839436632795444382e+01 7.829646507024530422e+01 8.418300406101063516e+01 7.232859745550631203e+01 6.831631271149370832e+01 8.830944991956671686e+01 1.067160395127050236e+02
9.551593422379241360e+01 8.601604379121802424e+01 1.004561076885870960e+02 8.926246459757220464e+01 8.061885997781469371e+01 7.451036572812024872e+01 5.547355602812449860e+01 5.490162748776530321e+01 3.856569284921094720e+01 2.963616988319481038e+01 4.917334282279571056e+01 3.574516680822967629e+01 5.588751662838408407e+01 7.155167675260331350e+01 7.096898694232992000e+01 7.862761711796875375e+01 6.456116558939399397e+01 6.576496528871938096e+01 7.973206113622077851e+01 8.121408560462363369e+01 8.964629399101065133e+01 1.050768020966380192e+02 1.109898213266457958e+02 1.173835826028663263e+02 1.038328530509741512e+02 8.955371295609781157e+01 9.176720865095457214e+01 1.119903645690475997e+02 1.137239839712496376e+02 1.220426780637171760e+02 1.067657947896630475e+02 9.839436632795444382e+01 1.006813529024504561e+02 8.383845610699346196e+01 8.241342647744585292e+01 7.826723435566749743e+01 9.835165307150683134e+01
9.209692742532502052e+01 1.064363029415581394e+02 8.901215073087598739e+01 7.732835119592363071e+01 6.039381532515808004e+01 6.621931253532639516e+01 4.528715593800834682e+01 3.248493936657529702e+01 3.035659523763376555e+01 3.621990680340107360e+01 5.641290116463640913e+01 5.588746228595831411e+01 4.312972967415705483e+01 6.322543176294779244e+01 8.053129001456893832e+01 8.951741283679768912e+01 8.436529771129146127e+01 8.473534183494309957e+01 9.297294055375874677e+01 9.330703878104296223e+01 8.577276108400648980e+01 8.487419996025249702e+01 9.079140512838608856e+01 9.716473415462438368e+01 1.145597580074347803e+02 1.097812688355392794e+02 1.119903645690475997e+02 1.188228703852484074e+02 1.106702664561277771e+02 1.188228703852484074e+02 1.221977198256994086e+02 1.141085450532464733e+02 1.123012328493875032e+02 1.039829245146942895e+02 1.025437096776046246e+02 8.824155538575755031e+01 1.067160395127050947e+02
8.343458065911516996e+01 9.682714864679694244e+01 8.053974376010843628e+01 6.039312133311135966e+01 4.891028652646346586e+01 5.889973448174792026e+01 5.119985748566890749e+01 3.105991039986937352e+01 5.052588432697550047e+01 5.680743754049408523e+01 6.724193793725406465e+01 7.154960715135609917e+01 6.322543174730404303e+01 5.213535577188309844e+01 6.110079726552970669e+01 7.527496228255876076e+01 9.541863088079749389e+01 9.296989015282768776e+01 8.463747508066241210e+01 7.322179322692835512e+01 6.576835424144189801e+01 7.071682895096219568e+01 7.701049815404824983e+01 8.597706976898024323e+01 1.002855386742188841e+02 1.205325287540131853e+02 1.216744466573234860e+02 1.088946786451784305e+02 9.074170356795349335e+01 1.088946786451784305e+02 1.107741357271081739e+02 9.421576775037941331e+01 1.077934463117951935e+02 1.159276407345900282e+02 1.168200703908907911e+02 1.084617715512242455e+02 1.168200703908907911e+02
6.733676090141037207e+01 8.821745980207333560e+01 7.999023213549695299e+01 6.037385584519959281e+01 4.624564105418691184e+01 3.956476465687514832e+01 3.607145470983991942e+01 4.004664278569877212e+01 3.175188840557278525e+01 5.678008966193760187e+01 7.386967654241080083e+01 8.327144092556152088e+01 8.053122074324653568e+01 7.219749177646308169e+01 8.053129001456893832e+01 8.951741283679768912e+01 9.079350255751101884e+01 8.141147712134464598e+01 6.465578070893363360e+01 5.919477915983810590e+01 7.910462546864017952e+01 9.079140512794054985e+01 9.716473415462438368e+01 1.055211183590325703e+02 1.145597580074347803e+02 1.151588588683854084e+02 1.133365166598556613e+02 9.371293407702665945e+01 8.092665006271550965e+01 1.007059850120406708e+02 1.019398222769349758e+02 8.282602678315087985e+01 8.796441757209328216e+01 1.077934463117951935e+02 1.139085181689068378e+02 1.220468166999332738e+02 1.319387859187068557e+02
8.640072206950516431e+01 9.682714864679694244e+01 8.306965669611233238e+01 6.099420383642480203e+01 6.493407609193606334e+01 4.859542136543353763e+01 5.443971582231333883e+01 4.608099873350387554e+01 3.223562152680543136e+01 4.462979988303674617e+01 6.147826827436826136e+01 6.028215451411063697e+01 6.263700988654442625e+01 6.843077989017470486e+01 7.769504911936761005e+01 8.388259520608569630e+01 7.556411915111222299e+01 6.251135064660639529e+01 5.325119637877232037e+01 6.022140906095902579e+01 6.768646359772041876e+01 7.764172961867089384e+01 9.186757845642138420e+01 1.120938780803843287e+02 1.092964021627112174e+02 9.530875872582713271e+01 1.051650133196153405e+02 8.532943021914692849e+01 7.407937247473330444e+01 8.629214531272172906e+01 8.576016499385767133e+01 7.414102796546545449e+01 9.377220562560901840e+01 1.032418697620994976e+02 9.395304626718107954e+01 1.039600718631733116e+02 1.181055059503933506e+02
8.292810553225893955e+01 1.039396603347969972e+02 9.244739296271713158e+01 8.308791052959422530e+01 7.644096534978660884e+01 6.244904730057326958e+01 7.322324994110633156e+01 5.449995167097838333e+01 3.271779593389980789e+01 4.729611724235687120e+01 5.379695248548893716e+01 4.712120196586452181e+01 3.812508135709970247e+01 4.887812727399310830e+01 6.934211193021764075e+01 7.236024441754094028e+01 5.565871513679553573e+01 4.848906991286124679e+01 5.840157070326127808e+01 7.243325011002686153e+01 8.771672679289449093e+01 9.606642273502191642e+01 1.061432218456337750e+02 1.108279145634666207e+02 9.941928980793753112e+01 8.135970966430359397e+01 9.941928980793753112e+01 1.002441836903897894e+02 8.051302179394164682e+01 6.677659995943506033e+01 6.625135806361184621e+01 6.966705056296881082e+01 8.921595587085217005e+01 8.340891208733145845e+01 1.032418697620994976e+02 1.104023859657782651e+02 1.170860860653423998e+02
9.771253360856164250e+01 1.031774845440981068e+02 9.407127335444006633e+01 8.563339925019980114e+01 7.917111848960131226e+01 8.227504850169228234e+01 8.025792090280393154e+01 6.121125687640314084e+01 4.033714517064930760e+01 3.340157738758072270e+01 3.389496718304995682e+01 3.438821480336711289e+01 3.488002249558980594e+01 5.494610937748210233e+01 6.391548692730795267e+01 6.015925480108771950e+01 4.412194759874738992e+01 6.407172878511829595e+01 7.665559998473172243e+01 8.663906000468301727e+01 1.008448695811683535e+02 1.030157120835648783e+02 1.051928560411005691e+02 1.026592860345301546e+02 8.288260524553588482e+01 7.163646227752701634e+01 8.247370252499842991e+01 8.647463351498041106e+01 7.832694920462375876e+01 6.221723702828498404e+01 8.169229815630465907e+01 8.921595587085217005e+01 7.473752245417506401e+01 7.956083143256900314e+01 8.473544028899705438e+01 9.038972130879434985e+01 9.703498576665015207e+01
1.091498864286291166e+02 8.879919573810634859e+01 7.438111633026746006e+01 6.517411850117566985e+01 5.861490569134458184e+01 7.077198711922268615e+01 6.615501857624938964e+01 5.150914040081148926e+01 3.707392164411122337e+01 4.354620513801610571e+01 5.395767669757305640e+01 5.286836141529887811e+01 4.943391040878587717e+01 3.557356616943445715e+01 5.561963851225178246e+01 4.011708450393453518e+01 6.015925480108771950e+01 6.041121810484767707e+01 7.448111318718558493e+01 9.454993199183186903e+01 9.721881610064184542e+01 8.318394358880429706e+01 8.535159482639303974e+01 1.051928560411005691e+02 9.638411484642755056e+01 7.671182108326068771e+01 6.297324063163092234e+01 7.510322072203526034e+01 5.885144660655775084e+01 7.255408685334138852e+01 8.964015144679476066e+01 1.025678391207909783e+02 9.437230145096795297e+01 9.930945812376761239e+01 1.046252273023226138e+02 1.104023859657782651e+02 1.170860860653423998e+02
1.033864016594258572e+02 1.031774845440981068e+02 9.407127335444006633e+01 8.564616180669440837e+01 7.077972058748336792e+01 5.015363245208121157e+01 4.555527857699172500e+01 4.121618621864886478e+01 4.381402441658620717e+01 6.406695130552760986e+01 6.406692386040617748e+01 6.890158493333780143e+01 4.883925422403702044e+01 4.927515934374971351e+01 3.626650259191003300e+01 5.164161275842891285e+01 6.385816808460661775e+01 7.554079943960527999e+01 8.308466026615060684e+01 8.535655978331884342e+01 8.899102938111529681e+01 6.932301444235159238e+01 7.914521222286467150e+01 8.734726126253742962e+01 8.216399541679513163e+01 8.034014056299618289e+01 7.220827541734739441e+01 5.557711951106130499e+01 7.510322072203526034e+01 8.638847690523742529e+01 9.964993839883155147e+01 9.485211645188358887e+01 1.029890127465947529e+02 1.113177603954485733e+02 1.111373750608383943e+02 1.192450116994443050e+02 1.222985242843970326e+02
8.384145104744328592e+01 9.770586243489957212e+01 9.817188133639449177e+01 7.777729023160144095e+01 6.324176470797171135e+01 6.785233641850814479e+01 4.723806465284858547e+01 6.177351933843288379e+01 5.107514586230309561e+01 7.166960246523044020e+01 8.449934622309011445e+01 6.949063407569485662e+01 6.927607557315793940e+01 6.342421778651967657e+01 5.634686474893438657e+01 3.697226170877266327e+01 4.819545301546094862e+01 6.467754472811051869e+01 6.441061390460383507e+01 6.090289150731678802e+01 7.466364670086092303e+01 7.913682406716837647e+01 5.951453702910284704e+01 7.624302868680416623e+01 6.223892248546879813e+01 6.935496226732053060e+01 5.256196382589268268e+01 7.220827541734739441e+01 8.318603529338027158e+01 7.919541937613357163e+01 8.127402019743652772e+01 7.512909531740548630e+01 8.346582596472826765e+01 9.711258801629684001e+01 9.130340671680279740e+01 1.111373750608383943e+02 1.123911110844591548e+02
7.013436086383394752e+01 8.956603454373680506e+01 1.000854485794115050e+02 9.218243361857115303e+01 8.375072766654101031e+01 6.408879585719847682e+01 6.785233641972723717e+01 5.432161602101447073e+01 6.141522599419724315e+01 7.167024859648414292e+01 9.210148663027518978e+01 8.973038425420068620e+01 8.611553455901909615e+01 7.200996702791755411e+01 5.972522776402587397e+01 3.977422577562263939e+01 3.769326408254725891e+01 5.779580344682815252e+01 5.923778014373242939e+01 4.317649113546119111e+01 6.461751995132493676e+01 7.345349446867386689e+01 5.374032857509855177e+01 6.601004683499621706e+01 4.808533632178320261e+01 4.953064693494476955e+01 5.164633908211420277e+01 7.127532917573185500e+01 7.622906587965637470e+01 5.965097583616356758e+01 6.174919508223960207e+01 6.388517902386255543e+01 8.346470733955759158e+01 7.734930083490696973e+01 9.156668537395712804e+01 9.415679710602776709e+01 9.697904925949623589e+01
6.279349547894369721e+01 7.246945530045154271e+01 8.504203983716621451e+01 9.316634229734225414e+01 9.304097348250174093e+01 8.459817154851448606e+01 8.005284074191884258e+01 5.950640186732479719e+01 8.005284074191884258e+01 7.818717905160650616e+01 9.855787386515780213e+01 9.048110647456846323e+01 7.634104600471248148e+01 5.791130502134968339e+01 4.390628715799876147e+01 5.970922056509045461e+01 5.493722958486136321e+01 3.841943160071234331e+01 3.893623836559041962e+01 3.947321792946110008e+01 5.965162829516192744e+01 6.807804730531917414e+01 6.586088089409483359e+01 4.618725196107384079e+01 6.410045691069699103e+01 6.936228243918995418e+01 7.139057924099229524e+01 5.461056837480228410e+01 5.668975662201442844e+01 7.624907323634799639e+01 7.552957027329247808e+01 8.346592664379548410e+01 6.706184386598047809e+01 6.937733235667371900e+01 7.186810478875067076e+01 7.443109382680555086e+01 7.722328417440074588e+01
5.627854485525203643e+01 5.871598494275993119e+01 6.561078086769914819e+01 7.680763515783263529e+01 9.629044581417733184e+01 9.671265576675523334e+01 7.630863275675429236e+01 6.606324202074478080e+01 8.652268444991810270e+01 9.855787386515780213e+01 9.132111392846709919e+01 8.130539211133354627e+01 6.220098553485675552e+01 4.830085854313286120e+01 5.791103921669724741e+01 7.178760057891807378e+01 6.592341512223468669e+01 5.260677096756680982e+01 4.107153622531235726e+01 5.947922930881822623e+01 4.024272558731556160e+01 5.985368154698398513e+01 6.687143440086457247e+01 6.267718931884267164e+01 4.444594499094884554e+01 6.430916979639545161e+01 8.233647083574255987e+01 7.428934839279361313e+01 7.624907323646370116e+01 8.439974238563249287e+01 9.524471457794230389e+01 9.486697009681131476e+01 8.090261465947341435e+01 8.324700516820878704e+01 9.156668537395712804e+01 8.182813156513100239e+01 9.697904925949623589e+01
