LEM/sinusoidal_perturbations/elevation_000397.asc
nrows	100
cellsize	150.0
xllcorner	0
ncols	100
yllcorner	0
NODATA_value	-9999
[rows 68 to 84 of 100, columns 0 to 36 of 100]
5.009162696260268353e-03 6.544106234743437334e+00 1.750840631186586549e+01 2.970094210684387193e+01 2.970316757154537513e+01 3.204707243994293719e+01 5.201183871817707427e+01 3.792601606365610678e+01 1.780351992726617993e+01 5.287392020547902582e+00 4.070547850362368436e+00 2.427164633089234869e+01 8.053541304897514408e+00 2.743349837332826979e+01 3.958614163903114758e+01 3.377294907636013477e+01 1.411621763961502651e+01 2.770332444799641181e+01 2.764433490244499936e+01 2.601311731848893771e+01 9.035270697669536943e+00 2.387183628630343080e+01 4.323943904789383197e+01 3.340533170036813715e+01 1.323417037808624031e+01 3.049180626787949322e+01 1.114885623018485816e+01 2.894071484836054253e+01 1.206713308805984752e+01 1.264518393201464264e+01 2.957963007509362896e+01 3.534957345617074509e+01 3.091707625460186648e+01 4.128983354356540048e+01 2.953352857760456374e+01 4.857244954671200787e+01 5.118756441817657077e+01
4.695337527364121070e-03 2.000467123619359455e+01 3.107972212377522325e+01 4.455673748914025367e+01 4.967616683380370546e+01 5.201184306187270323e+01 5.956494937994522587e+01 4.620173677383635180e+01 3.460795251287220964e+01 2.574605259737261420e+01 6.311460606422063968e+00 4.526382527832396363e+00 4.848719416844713415e+00 1.829148908262539308e+01 3.313242875852837699e+01 2.900424451748986598e+01 1.146254921311036767e+01 7.012811011647009707e+00 7.345881355830201187e+00 7.680989682273988706e+00 8.018456356692693632e+00 2.800630252520798180e+01 3.650867955898178963e+01 3.285093543706386754e+01 1.086427615632171495e+01 1.031557953686825435e+01 1.067242183055871330e+01 1.125342724045313503e+01 3.144227703301986310e+01 2.947111670636439129e+01 2.723171709893198056e+01 4.751998712651523959e+01 5.497888188869784187e+01 5.604428019487410495e+01 3.650368386272607779e+01 5.604483427904018811e+01 6.542894575073674446e+01
7.614146464036155443e-03 2.000761414646368053e+01 3.052382024040876374e+01 3.656782218794121064e+01 4.375195433193817252e+01 5.224240704240293809e+01 6.410801430274825918e+01 5.946926247844630353e+01 4.794377590915998155e+01 3.150744092065982116e+01 1.120891321887496339e+01 2.473002693004538344e+01 2.446755399835862832e+01 5.304315789072611587e+00 2.517877132518955108e+01 2.551304384177014484e+01 6.545154090259314827e+00 2.588693265600518600e+01 2.710444300700490317e+01 2.789677207857427277e+01 2.815618331087454607e+01 8.499941203533373013e+00 2.842133767452572357e+01 2.951417685999783203e+01 9.818496048162144163e+00 2.879664948193567753e+01 3.078436799270525626e+01 1.106967792114284066e+01 3.131733373471938364e+01 3.961306471482504321e+01 4.737680903525689757e+01 5.584854288657785304e+01 6.462668800222157017e+01 6.433565776084486743e+01 5.604486542887528344e+01 5.240291214548520315e+01 7.224969920701497017e+01
2.352828262072654761e-03 5.166330667114564790e+00 1.051155647403337312e+01 1.654180115261408091e+01 2.361342240854154539e+01 3.519094152125299502e+01 5.561895151098372025e+01 5.118130508646660104e+01 3.123772825807902720e+01 1.968042421019622523e+01 3.150744092065982116e+01 3.006878082642791128e+01 1.001975963043625306e+01 1.039216112742679599e+01 5.761655414217556448e+00 6.084932185757724987e+00 2.591134853713407438e+01 9.862153229392884413e+00 2.985716345273539929e+01 4.065964905710449528e+01 3.214652337494484868e+01 1.396190770053682684e+01 8.984306315528673537e+00 9.328892740707692255e+00 2.838243905960035462e+01 3.421470691080812543e+01 3.761090034981057784e+01 1.847945834413204835e+01 1.170275757401620886e+01 3.185947135737022506e+01 3.881703192777889910e+01 4.795108403978019140e+01 4.409577904594764419e+01 5.861389425486130733e+01 7.047610621180093915e+01 7.224969920701497017e+01 7.622172108755083286e+01
6.786455232800275850e-03 2.000678645523244370e+01 3.052382024040876374e+01 3.656782218794121064e+01 4.375195433193817962e+01 5.224240714308434264e+01 6.272078724361666247e+01 4.273381736087757332e+01 3.123772825807853692e+01 3.966687551556536562e+01 3.499293941837784416e+01 1.499112110716279922e+01 3.006768362514510073e+01 2.260171261515379015e+01 2.587047837039981246e+01 7.941273005223758119e+00 2.694798867889597105e+01 2.959689839321006488e+01 1.326273708912141025e+01 3.172633711400409595e+01 4.002250210455183321e+01 3.218699717924891956e+01 2.319179024315826609e+01 9.330886015210738904e+00 2.429006375596799572e+01 3.578668739452331238e+01 4.624701034453376280e+01 3.824838981340892730e+01 3.191635021842852282e+01 1.247178048487699265e+01 2.293947567036369151e+01 3.734005002913795579e+01 2.827647592309221736e+01 4.141973969655738586e+01 6.197884183037190553e+01 6.533213222580972968e+01 5.584916578581866275e+01
3.257643153035955173e-03 2.000325764315267918e+01 3.645111715522822493e+01 4.645111715522839546e+01 6.059325277895985096e+01 6.929853093975469847e+01 7.101498035806007181e+01 5.946924391213044458e+01 5.118130480153224227e+01 5.350083525709690235e+01 3.857604264472862354e+01 1.862637754870521434e+01 3.857490764816897411e+01 4.233079396220790613e+01 3.601239544295822981e+01 2.742526309369377557e+01 1.254159541530514410e+01 3.248868978441244337e+01 3.314141777963688185e+01 1.672001896025166090e+01 3.646097864463668969e+01 5.088193147424216534e+01 3.993083105391546184e+01 2.819400895360277204e+01 1.722789239526095173e+01 3.386578493730586104e+01 5.499177782676099469e+01 5.104833711281471409e+01 3.220430516445781421e+01 3.239134017741285732e+01 1.316313031106038167e+01 1.489822377573178613e+01 3.843902574373757375e+01 5.440793667622701690e+01 5.943879727171984229e+01 4.508906978606729865e+01 4.161489673655712096e+01
1.880098487986705483e-03 8.166845907765319268e+00 1.816684590776549513e+01 3.230898153149694707e+01 4.101425969229079271e+01 5.515639531602224821e+01 6.733881501262962388e+01 7.260514418478170739e+01 6.104774623544547296e+01 4.521424329629576278e+01 2.529964134159432376e+01 2.495970509133856652e+01 4.487326249602252659e+01 5.239155482786418361e+01 3.237335113667906228e+01 1.824309259767309044e+01 3.258147466098356659e+01 4.089178261359877098e+01 3.883515879420813377e+01 1.917250036413590664e+01 2.712555096594433834e+01 4.320062548781024958e+01 5.896898199211906189e+01 4.248907334648001211e+01 2.231106865149433460e+01 3.665934338506807677e+01 5.658845064383746148e+01 5.244556304596376606e+01 4.428087156581868555e+01 3.522906774660445706e+01 2.122562907326323867e+01 1.378641682645152144e+01 3.608672311903712426e+01 3.425499841712782967e+01 4.281370328545362725e+01 3.091606583300404765e+01 5.101812550268510194e+01
2.900726248362994839e-03 2.000290072624800786e+01 2.825785248982888476e+01 3.272998844482884806e+01 2.687212406855934432e+01 3.905454376516572523e+01 5.489810447281259798e+01 6.430272805687366144e+01 4.429541645461926436e+01 3.280979102598237063e+01 4.521424329629576278e+01 3.198539407910268295e+01 5.192187198865966735e+01 5.405138069986186622e+01 3.402659919126282517e+01 2.253820421820604025e+01 4.249006770540874101e+01 5.328714889930856913e+01 4.136712774707496010e+01 2.175456918825507913e+01 4.136712774713443963e+01 4.071510702828165051e+01 5.988234370515522187e+01 4.829611533850975036e+01 2.818015623307403317e+01 4.829611533850975036e+01 5.881186018555760597e+01 3.862517730535713412e+01 2.472121204086918667e+01 2.493095703608336322e+01 1.440101512915800441e+01 2.325345208802812635e+01 1.735038325199323239e+01 1.993761184330814729e+01 2.264811124877637027e+01 3.862148157166139839e+01 4.970924672705580605e+01
5.081304048347549951e-03 4.087564208686996103e+00 8.257852489828527709e+00 1.272998844482814462e+01 1.905454376516501469e+01 2.661383322534969409e+01 3.816083860914261550e+01 5.816083860914331893e+01 5.941273913923535588e+01 3.942902567418332893e+01 5.941273913923535588e+01 4.087079563692281425e+01 6.021741987047488465e+01 6.239964329073145421e+01 4.733126272585073480e+01 2.737054915829820345e+01 4.733126272585073480e+01 4.528036893810106278e+01 2.571414926385786259e+01 2.922193699748716611e+01 4.874685208350051369e+01 5.988234370515522187e+01 6.781548644342689158e+01 5.495329818051872905e+01 3.498205775866085787e+01 5.495329818051872905e+01 6.097679154915566357e+01 4.082920262989232185e+01 3.477014473838648456e+01 1.502331645614139966e+01 3.408252261360507873e+01 2.283514164443473859e+01 3.757625472850639170e+01 3.393228478174816587e+01 4.281370328545362014e+01 2.710839177005422940e+01 3.121020986922043150e+01
4.469920835086939326e-03 2.000446992083473319e+01 2.825785248982888476e+01 3.272998844482884806e+01 2.905992006338295752e+01 4.661383322535039753e+01 5.489810447281259798e+01 6.644510985660652125e+01 6.771475706002996731e+01 4.939487945739617913e+01 6.771475706002996731e+01 5.239101802419248344e+01 6.916478887053602875e+01 7.051980715596504012e+01 5.267840931624174772e+01 3.267127385505389725e+01 5.267840931624174772e+01 4.813053055568880723e+01 2.859079230618646150e+01 4.813053055511841194e+01 4.163469299478477836e+01 5.535912192782004837e+01 7.456763674928532737e+01 6.303558693292533377e+01 4.514769140916328638e+01 6.303558692969513544e+01 6.914305931233575109e+01 4.939020398395022227e+01 2.939015141117584662e+01 1.547067801109261254e+01 3.514097629519431365e+01 2.893728870414063437e+01 4.804674527559637198e+01 5.316221949094293819e+01 5.728269551966616291e+01 4.911102935084814192e+01 3.442863362925869808e+01
2.324776005098761877e-03 8.946596686004333776e+00 2.049360206979705268e+01 4.049360206979775967e+01 4.905992006338366451e+01 5.734419131084585786e+01 6.403358902205638969e+01 7.231507445823166336e+01 7.773423082230884518e+01 6.943059882107448288e+01 7.773423082230884518e+01 7.243447963638831766e+01 8.073701742165488326e+01 6.215854304879772485e+01 4.204814080204305071e+01 5.267840931624174772e+01 6.102767346596625941e+01 5.147545436230824123e+01 3.196938025059779420e+01 3.739752034733343322e+01 5.681371821472873762e+01 6.098516566250491167e+01 8.020520231779916287e+01 7.282590877410819985e+01 6.475970605662445223e+01 7.282130495490952171e+01 6.713391506071590698e+01 4.522009126914520039e+01 3.562491127717670736e+01 1.592413357572144861e+01 3.559652557327763844e+01 4.804463345534824015e+01 3.985294353948423662e+01 5.350068292439694062e+01 7.265950407866736782e+01 6.353733378293421907e+01 4.614140008299612816e+01
8.699724428260374037e-03 2.000869972442790612e+01 3.723086793346723766e+01 4.877787331725995301e+01 5.340758900761230166e+01 4.997671228726269277e+01 4.415416329910426185e+01 6.403358902205638969e+01 6.751094352324987824e+01 6.751094352324987824e+01 7.580288481372194553e+01 8.167623859746733217e+01 7.865234526533241421e+01 5.845164719833885414e+01 5.624172376263728523e+01 7.051980715596504012e+01 6.851973682448354452e+01 4.928133931754902619e+01 3.545500374494092455e+01 5.491613548771167075e+01 4.718654838389483075e+01 6.083162469855320609e+01 7.998284769283486639e+01 7.500266202490124101e+01 6.496216333430166401e+01 5.663933765069328530e+01 4.996767224867890889e+01 4.276846133863961796e+01 1.984834308955421278e+01 1.637982150255365710e+01 3.024926253924511954e+01 5.015268295660326459e+01 5.896863926917365006e+01 5.856030090610232719e+01 7.578275361711779112e+01 7.548369755421720129e+01 6.720524075291841370e+01
2.249585233037712084e-03 1.414438520896411333e+01 3.414438520896482032e+01 4.774067947852707761e+01 3.381010844454174702e+01 3.047026495251288480e+01 4.997671228726269277e+01 5.750053626777533111e+01 4.749012901230084083e+01 4.749012901230084083e+01 6.751094352324987824e+01 6.166990644649043674e+01 7.581587634579604185e+01 7.865234526549409111e+01 7.644301287438962333e+01 8.062884193041480785e+01 6.148266569206912635e+01 4.784116809752641331e+01 3.957123304593056901e+01 5.895870227213843862e+01 6.644088804556255923e+01 6.083162469855320609e+01 7.998284769283486639e+01 6.667483211895557815e+01 4.660384318243088586e+01 3.662434145947197806e+01 3.018571144519160399e+01 2.523050665260038983e+01 2.333822716957678267e+01 1.683520261593791645e+01 3.648736356874701414e+01 4.496281757440984705e+01 5.482759336301510444e+01 6.496245718991372087e+01 6.804506273863363219e+01 7.664209206144143138e+01 8.539972970717867895e+01
2.739267172789772273e-04 1.819657815273177093e+01 2.967310126856823871e+01 3.182312960643050559e+01 2.062299773582018148e+01 3.955007760729353805e+01 5.163282307921192427e+01 3.747283215533376222e+01 3.332353193886067544e+01 5.335408981767977821e+01 5.486783878400534320e+01 4.750958288453878708e+01 6.752962546667944821e+01 7.315397692614588721e+01 8.143947245708174876e+01 8.627324993740035097e+01 6.709045086330213792e+01 5.756773871062944892e+01 4.387531774585621491e+01 5.756773871062943471e+01 7.669133049749183328e+01 7.998284769283486639e+01 8.800162873549284370e+01 7.500266202490124101e+01 6.496216333430166401e+01 5.663933765069328530e+01 4.996767225361943332e+01 4.424456484516854715e+01 3.959333569015603871e+01 3.647366737095601508e+01 1.746991683397747863e+01 3.439888702840544710e+01 3.317451577745292468e+01 5.603307340539821269e+01 4.795499174025933797e+01 6.472753748950120212e+01 7.463521783962377754e+01
8.327778614586212741e-03 2.000832777861423040e+01 8.491381016205261645e+00 1.322963632720105664e+01 2.619652652702790263e+01 4.540695106958258975e+01 4.333880975622073350e+01 2.335351351783308971e+01 4.091276752434114883e+01 4.415797801670768052e+01 3.483152395841700155e+01 5.195488844105389603e+01 5.681512657404211808e+01 5.314305375297515610e+01 7.088087066563504379e+01 8.088365642174295544e+01 8.468959501770478937e+01 7.112866710915581336e+01 6.316890906516562865e+01 5.125873023399868345e+01 6.234252413534389348e+01 8.142052030172911259e+01 9.012759357251459846e+01 8.182547537669611870e+01 7.884113572730154829e+01 7.010369922835229772e+01 6.705408331668367339e+01 5.301471170487889140e+01 4.085098861636688383e+01 2.119674213912659866e+01 3.710260366560167711e+01 1.810672425474790259e+01 3.646248605181069280e+01 4.487460049196099021e+01 3.649462748661643019e+01 5.640505325888810262e+01 5.287854207453894162e+01
6.510866554257996840e-03 1.958311102768404810e+00 1.621782787688338345e+01 2.604129508686325067e+01 2.934508380546600748e+01 3.163973448589876014e+01 3.399854023874112841e+01 1.788272434298181679e+01 2.095455288168537322e+01 2.415315701499011070e+01 2.790580962674838617e+01 3.190562521575194310e+01 3.677585138607727089e+01 4.257288599633098158e+01 5.259150586614303080e+01 6.674025909994030314e+01 8.674164967663003267e+01 8.390916388893114686e+01 6.481257173524274151e+01 5.986575970988097595e+01 7.837608510215690671e+01 8.943760585072247693e+01 8.182547537669611870e+01 6.174212208985652950e+01 6.653305478148855912e+01 3.855988599588557975e+01 5.652474711838496546e+01 3.950208067029060288e+01 2.497302434359647094e+01 4.085099158306234557e+01 4.586695947320750122e+01 3.187516557848494614e+01 1.874226597000460970e+01 2.518824653326536378e+01 4.487746645196234851e+01 4.450005208545983493e+01 3.545427220412557290e+01
8.953482861371391335e-03 2.000895348286101694e+01 5.025708570506428607e+00 7.219896733530835498e+00 9.466713807052846263e+00 1.176747667133222919e+01 1.412288967762203029e+01 3.399816550326426068e+01 4.091187643297529775e+01 4.415797801670768052e+01 4.207857482618078393e+01 4.609072768543688881e+01 4.609072768543688881e+01 6.259501831641755132e+01 5.524197117731281281e+01 6.938963457493235865e+01 8.939080573669340879e+01 9.193959846907071665e+01 8.390916388893114686e+01 7.085390445968685924e+01 8.693665330912556044e+01 9.496617070570250974e+01 8.337837069751519437e+01 6.762440007860671187e+01 4.765362166602766081e+01 3.984266349188978751e+01 3.561171595981888771e+01 3.099457202493039887e+01 2.868684747335539953e+01 4.763762394513410214e+01 5.932282932540586984e+01 4.601606445160165748e+01 3.608875502092895715e+01 1.937865637075763203e+01 2.003060065541338375e+01 2.069938429014368353e+01 4.054756275150687372e+01
