LEM/sinusoidal_perturbations/elevation_000178.asc
nrows	100
cellsize	150.0
xllcorner	0
ncols	100
yllcorner	0
NODATA_value	-9999
[rows 34 to 50 of 100, columns 0 to 36 of 100]
2.064481644892168701e-03 2.000206448164453832e+01 3.115303164526345014e+01 2.380485293137536118e+01 3.794591234812396152e+01 5.792440687725557069e+01 7.165308175074592612e+01 6.341927003491830561e+01 4.927032221384706645e+01 6.341927003491830561e+01 7.425624380033713123e+01 6.596225979159234498e+01 7.425624380033713123e+01 6.402746961945237558e+01 5.822543429948930793e+01 7.221356932918489235e+01 5.779390125979488602e+01 3.788519282547267863e+01 4.929736386559657291e+01 3.322938677427372056e+01 3.632670322771640770e+01 3.957998895330388223e+01 4.343347780571357930e+01 5.501297746524150512e+01 7.484600663924780406e+01 8.503382868789512372e+01 9.384805384575912512e+01 1.052016126292689933e+02 1.021615217395196424e+02 9.996429951475836617e+01 1.031113080536228921e+02 1.029059162478015423e+02 9.919554116254214193e+01 8.520931533421975246e+01 8.780284616098325046e+01 1.018129271441234920e+02 8.271465500507076740e+01
2.905961989428186391e-03 1.414504158572050407e+01 3.414504158572120929e+01 4.379747791780827271e+01 5.205218270869954011e+01 5.511779510822949391e+01 5.140157423833402106e+01 5.513156240695603572e+01 3.517683620893216556e+01 5.513156240695603572e+01 6.425088192912237162e+01 4.595680689089159188e+01 6.425088192912237162e+01 6.402746961945237558e+01 4.413799387926922435e+01 5.339609764483559218e+01 5.537307337406652863e+01 4.715923691610744584e+01 3.016389595708489324e+01 4.999179374269502318e+01 5.044705003968248036e+01 5.955372782235656359e+01 4.960798624216266006e+01 6.949946940240901938e+01 8.300794079535943126e+01 9.313229611552615950e+01 1.012951380644067854e+02 1.021615217395196424e+02 8.205910030135474642e+01 7.985936412718777433e+01 8.300745803291491143e+01 9.721022800990023427e+01 1.088091569096224305e+02 1.049243424839332306e+02 1.075663941784331143e+02 1.106774031000799141e+02 9.669602863174017671e+01
3.542675937824442140e-03 1.181415279003964613e+01 2.774666485931914295e+01 5.090999701328968996e+01 4.903610567084707128e+01 3.459674459607707320e+01 3.684816486186971218e+01 4.758938483547652254e+01 2.768503179749911425e+01 4.758938483547652254e+01 5.595953334124200040e+01 3.596899239304919860e+01 5.595953334124200040e+01 6.016736439761983490e+01 5.339609764483559928e+01 3.353617020270147719e+01 4.451446808702885249e+01 2.736759926516010211e+01 4.715923671366969216e+01 5.820571446982879849e+01 7.032806798707620999e+01 7.767052341900810575e+01 5.960571011015296961e+01 7.767052341900810575e+01 8.980142968270152437e+01 7.314141727687871253e+01 8.980142968270152437e+01 9.785279245382757551e+01 8.574796336688987708e+01 6.567780229221048671e+01 6.881504270237007859e+01 8.039769956151037889e+01 1.005042776450205935e+02 1.167545570051862995e+02 1.084585053058558088e+02 1.167545609662575714e+02 9.905162854988275001e+01
3.411803931810562015e-03 1.981281448874795359e+01 3.254458175901010719e+01 4.322314961522150867e+01 4.054504414390412848e+01 1.943970932246741512e+01 3.314956440080514000e+01 3.317726054434681515e+01 2.141057069907070698e+01 4.129507574026648342e+01 4.929601969184437849e+01 2.931290904153463828e+01 4.929601969005417317e+01 4.033139973332444583e+01 4.033139974257554883e+01 4.202219457531499813e+01 2.473266035329086421e+01 4.451446808707101610e+01 3.616485234335480925e+01 4.610661926581939696e+01 5.762747788723736875e+01 7.743978118616013262e+01 7.362526080391560868e+01 8.755049788687909995e+01 8.159055683669585335e+01 6.159356196023839658e+01 8.159055683669585335e+01 8.954164866652497778e+01 6.947405369446897794e+01 5.813963739831980604e+01 7.816215551298121511e+01 9.464823776412772816e+01 9.874873337432099163e+01 1.067104039043975519e+02 8.834541554465977242e+01 1.067104092905943560e+02 1.073262885562042896e+02
3.327314952832964925e-03 6.903430405699738870e+00 1.738491550841806088e+01 3.178570149603488915e+01 2.439975449585462997e+01 1.181769006855965820e+01 1.702334334524903525e+01 1.328565889972291103e+01 3.317726055047822342e+01 4.307662658659975818e+01 3.597599640773061935e+01 2.354827634097762967e+01 4.352739252651947055e+01 3.797303152783238289e+01 2.052948262656235912e+01 2.223197385169049412e+01 4.202219457531499813e+01 5.272680482924285172e+01 5.605388091222752678e+01 5.023541710882366118e+01 7.010089513858208932e+01 8.560436910837407254e+01 9.331833500384553304e+01 8.817280004568566198e+01 7.449715435708553457e+01 5.454247432752266889e+01 7.452055149644793630e+01 8.734376127225210951e+01 6.727998071559194670e+01 5.317197879855083897e+01 6.627603079285242416e+01 8.046213461934839017e+01 7.864478285593185092e+01 8.940588766552868094e+01 7.828613020638908893e+01 8.990282993085739349e+01 1.100119885717217159e+02
6.779948344387334673e-03 8.739874891740004870e-01 2.034134640918008330e+01 2.293511815517005203e+01 4.220895052560611482e+00 5.102317545241350949e+00 5.993174460430829242e+00 2.597650798300519170e+01 2.818922117250927428e+01 2.326191739369175693e+01 1.599876499375254113e+01 3.592157033231647034e+01 3.564531173580382983e+01 1.815316335566456374e+01 3.797303158680580282e+01 3.620834476718144401e+01 3.363375387683229434e+01 4.508328472084122041e+01 6.495053537741794969e+01 7.010089513858208932e+01 7.827739382660139711e+01 7.552417187112908437e+01 8.140217253027056188e+01 8.003193734736453280e+01 6.004952920895862434e+01 4.816742238103230989e+01 6.108912487771299027e+01 6.942650095631779550e+01 6.301232213254841241e+01 4.894394098208535127e+01 5.217435957371440480e+01 7.215119255937972298e+01 6.446882656079745288e+01 6.931484318166150160e+01 8.090457301670578261e+01 1.010188994413742165e+02 1.183059223333375769e+02
9.516927588586143695e-04 2.000043640251601573e+01 2.105357588205599484e+00 2.977788914266806142e+00 2.256533588076011654e+01 2.506339227707962536e+01 2.124459005090603014e+01 7.278609191791029609e+00 8.209870078550547845e+00 9.144121089543610026e+00 2.912109202403841834e+01 3.526118632325270141e+01 1.580734783074628069e+01 3.564531173580382983e+01 4.618231196037977782e+01 5.604471781235546501e+01 5.347581547689402015e+01 6.167874757923479478e+01 7.312792336123270331e+01 7.053346654874653154e+01 6.966485202289177892e+01 5.550331502329976274e+01 6.136713286895996333e+01 7.262389941011130645e+01 6.320169092833114632e+01 5.493101072819739983e+01 3.553972805151040149e+01 5.907926910154102984e+01 4.309818063067952920e+01 4.677903335569974530e+01 6.671418728227345696e+01 5.816567606213671127e+01 7.818821528019303457e+01 8.940588766375546470e+01 9.772186334490251625e+01 1.093240774368938020e+02 1.042431327555440390e+02
1.945935296826602993e-03 2.000186739258998969e+01 2.234724351906251982e+01 1.717096329843516855e+01 1.918500898517132214e+01 3.327114133296258558e+01 1.344044530943176419e+01 2.726028147848283112e+01 2.818922117250678028e+01 2.912057371989272170e+01 1.049822148367049657e+01 3.046804140536589145e+01 1.417015702366246366e+01 3.415108809976793935e+01 4.889373581266531232e+01 5.718632243757625844e+01 6.196725427556498289e+01 5.365121652971608768e+01 5.760512610943298029e+01 5.052947920687734751e+01 6.136639685091056151e+01 4.141549659872895006e+01 6.136705904730086303e+01 5.274177832895134088e+01 5.275540839052408160e+01 3.507180088834481069e+01 3.677841317235151308e+01 3.925160895910238423e+01 5.917992322169641284e+01 6.417838855136135123e+01 6.677543254425638963e+01 6.946483318984533639e+01 7.694379992668915236e+01 8.067354266696787590e+01 9.782089244152237484e+01 9.835620332252564424e+01 8.393794763870364761e+01
5.600688922766023682e-03 1.414774742240203409e+01 3.414898352382531499e+01 3.748123669975897343e+01 3.298174425846406876e+01 3.782862118175143706e+01 1.801048031021751328e+01 3.794099476716088049e+01 4.045563279217798680e+01 2.048690179741845441e+01 3.047137204682777778e+01 1.186969639978277158e+01 1.308409458583049201e+01 3.305330931296087016e+01 2.892358864746857705e+01 4.889373581385518719e+01 5.041334666940907283e+01 3.369183210135611262e+01 3.764538231510906030e+01 3.643924917336465086e+01 4.626596165160533758e+01 3.438812734208109845e+01 4.912024649433674028e+01 5.058352929596378544e+01 3.285466307628171734e+01 5.275550319340461414e+01 5.654643831410133714e+01 3.977451867926246365e+01 4.199629897350759933e+01 4.450096793943843920e+01 4.699691853983933498e+01 4.951968714024390295e+01 6.131179962577358822e+01 7.624668726577272082e+01 7.850906280032967288e+01 8.308226227360546545e+01 7.070008534728530947e+01
8.215197286175309616e-03 2.000821519728582132e+01 3.645185033097689598e+01 4.645185033097672544e+01 5.211941351153315338e+01 4.292997631415401827e+01 2.297405012624868448e+01 4.292997631415401827e+01 4.872993062932119557e+01 2.941638575023814894e+01 4.014552314577307612e+01 3.184539819562727203e+01 3.305330933040740149e+01 1.481078825000268573e+01 3.477270933019418209e+01 4.483982009878022268e+01 4.021386221112666703e+01 2.218181034526142525e+01 2.355363727769975313e+01 2.493833069060349317e+01 2.633975262760084846e+01 2.775132176628964231e+01 2.920639459549730077e+01 3.067586389698069382e+01 5.058352929596465231e+01 6.103911254507070083e+01 6.773652605548790007e+01 5.942564351669213352e+01 5.165167987343548361e+01 4.950054348411539706e+01 6.677543254320795540e+01 6.946483318984537902e+01 5.337297750690423470e+01 5.623920719621406050e+01 5.929756453126126559e+01 6.278578670706090747e+01 6.739759531302486550e+01
2.613274238814250559e-03 8.167579083516004701e+00 1.816757908351582884e+01 3.230971470724627892e+01 5.230971470724556838e+01 4.847905646026467252e+01 2.847156346180336328e+01 4.847905646026467252e+01 5.766196800586195081e+01 4.353506364518580796e+01 5.766196800586195081e+01 4.262529360631595665e+01 2.320926977454173823e+01 3.477270933019220678e+01 1.659807458110765310e+01 3.655719297619583585e+01 2.026370845731140946e+01 2.602650705677038445e+01 4.349126731704625115e+01 4.487051161703393376e+01 4.626596117280763565e+01 4.394796282902024842e+01 3.866685286979868863e+01 3.667965156203855770e+01 4.691145432434447571e+01 6.098445444712521635e+01 8.090600673183918445e+01 7.161467164169185651e+01 7.161467164169185651e+01 5.798699317909093764e+01 5.984218108970765826e+01 7.969280549536539127e+01 7.424760788677008350e+01 7.655259969567799772e+01 6.768834980600061613e+01 8.308226144192603613e+01 8.759954562324742255e+01
7.532853315450405325e-03 1.414966847704652508e+01 3.414966847704722852e+01 4.401462756433777912e+01 5.401462756433795676e+01 5.678503957488898379e+01 4.259768576813828389e+01 3.913226112272047885e+01 5.921227575875958138e+01 6.351336342586331796e+01 5.856675006068636691e+01 3.904253302568240969e+01 3.097403537967413456e+01 4.398010273551860649e+01 2.968602777521918767e+01 1.840394154968895535e+01 3.836155613625864191e+01 4.597095937293144630e+01 3.493902049505951624e+01 4.384844285396543739e+01 6.379748137094036764e+01 6.254881224453190924e+01 5.954130663211002172e+01 4.808183717147196745e+01 4.725367365858905089e+01 6.121720134206017150e+01 8.103413648187823526e+01 9.179418617303332439e+01 8.478760353541382244e+01 6.827762204793543788e+01 7.969280548272283227e+01 7.383481009817113261e+01 9.383525332295127441e+01 9.621589002400696700e+01 7.940625785827334937e+01 9.621589086300473070e+01 1.028005959639259999e+02
6.101047412966256744e-03 7.565390507597543390e+00 1.573035631687487523e+01 2.573035631687505287e+01 3.987249194060650126e+01 5.987249194060720470e+01 6.267794135053985372e+01 5.921227575875958138e+01 5.333068649470175870e+01 7.341168832835612079e+01 6.678174582732424369e+01 5.661344027862897832e+01 3.958424948527832754e+01 5.398426943120027488e+01 3.554163447187291069e+01 3.836162098131731568e+01 2.907115769484953205e+01 4.903010824750262486e+01 4.644556321455566916e+01 6.315375249441263605e+01 6.016092358585339639e+01 8.019823406434591107e+01 7.618621554899205250e+01 6.787471159177002278e+01 6.702144727856070006e+01 6.338450858192423709e+01 8.320372777596053027e+01 7.943348448915611471e+01 8.836600572835023115e+01 8.296395548358395899e+01 9.361295103694054376e+01 9.383524855479974747e+01 1.021312612631074757e+02 1.078127838222245316e+02 9.951428661502137629e+01 9.361290169129736682e+01 8.554571744993577909e+01
6.842009524227352091e-03 2.000684200952387215e+01 2.905089823703596252e+01 3.404021448844112285e+01 3.956918055035421844e+01 4.707847330608137781e+01 5.524217612333421101e+01 6.639740627814710194e+01 7.341168832835612079e+01 8.169193938371822128e+01 7.228323046451444611e+01 5.571917017198085631e+01 5.517097534811578896e+01 6.387779940965604197e+01 5.687893625201846248e+01 5.732067549953241326e+01 4.058351313332354948e+01 5.732067549953563912e+01 6.643542377648381603e+01 7.470270527257633830e+01 8.021832061303163641e+01 7.534805111274626199e+01 6.924605037233975224e+01 6.100278636298174462e+01 6.924605585985864309e+01 8.320380563965265708e+01 7.453852591144246276e+01 5.641510876503267724e+01 7.453854399653990015e+01 9.252248829514566353e+01 1.020524008307851744e+02 9.973942836845066040e+01 9.164033676848828236e+01 9.336156218923915162e+01 8.529862915321622552e+01 8.401441734501788972e+01 6.646432157021789067e+01
1.934550753332892102e-03 4.474070502170562236e+00 9.062385092901941164e+00 1.406238351657655450e+01 1.960936448955655820e+01 2.716809946341035698e+01 3.869825019496983032e+01 5.829017454932207443e+01 5.981141006228565260e+01 6.886862188211088665e+01 6.643409615630396559e+01 5.577920278367106732e+01 6.341426290030632629e+01 6.733903099100743361e+01 5.967949144955580465e+01 5.927575929491334250e+01 6.056837174895110820e+01 6.886760947572707892e+01 6.870609895292409419e+01 7.458904540397880112e+01 6.954738176862080934e+01 5.542897599794905261e+01 5.927105794505830261e+01 4.103251722142365310e+01 5.927105795282540868e+01 7.045359052990606585e+01 6.500117891476600107e+01 4.481330165869572113e+01 6.003076695935132534e+01 7.100039783393987136e+01 8.383100015465018373e+01 8.859659702337664555e+01 7.244546734374888786e+01 8.225731129151739651e+01 6.616181351397887056e+01 7.600501927593809626e+01 5.690609076178378700e+01
4.364784840791047053e-03 2.000436478484043690e+01 2.905089823703596252e+01 3.404021448844112285e+01 3.956918055035421844e+01 3.591920733387743070e+01 5.524217612333421101e+01 5.664238363245181773e+01 3.958139523631833612e+01 5.672943818920855819e+01 4.970432019608021079e+01 2.782707496559494942e+01 4.923304707100711397e+01 5.677393917554878300e+01 4.219846677119541312e+01 4.098083358814739086e+01 5.400694263044820076e+01 6.271921586181101560e+01 4.845367144517881286e+01 5.438546983341449703e+01 5.955515682025083635e+01 4.132208310631310866e+01 5.101765176540197899e+01 3.089144529194200928e+01 5.101765176541783120e+01 5.033834276404147090e+01 5.227249444135500056e+01 3.842815553624382119e+01 5.774418785755409544e+01 5.541436109205417893e+01 7.556677238546950548e+01 8.055817159678308315e+01 6.142253245926876559e+01 6.951020428796252304e+01 5.504206785524581136e+01 6.210183098887146258e+01 5.070369687074899900e+01
5.219006137575642711e-03 1.414735462986865144e+01 3.414735462986935488e+01 4.244354163286280368e+01 5.072985400849410098e+01 5.580969893850290475e+01 6.400868580493407478e+01 4.802753824726681131e+01 2.806645006374058582e+01 4.802753824749423472e+01 3.909473328415723614e+01 1.629214974992750342e+01 2.275200235418576966e+01 3.932524343645469855e+01 4.576305685402937939e+01 2.773651444954739276e+01 4.633929326622607192e+01 4.386576474915934654e+01 3.470490336087544136e+01 5.438547012670844794e+01 5.128665936287016791e+01 3.123021984660494610e+01 4.430891626222299351e+01 2.408239879369886793e+01 4.145849587998527852e+01 4.337242139262406937e+01 2.991867770747735022e+01 3.592760092655422710e+01 4.226218131433844860e+01 5.406996372828456288e+01 7.358690588896791951e+01 8.305379060062669794e+01 6.390026715298227344e+01 5.020423495055355545e+01 6.127811096498220422e+01 4.252918860599658757e+01 4.646906405910977611e+01
