LEM/sinusoidal_perturbations/elevation_000150.asc
nrows	100
cellsize	150.0
xllcorner	0
ncols	100
yllcorner	0
NODATA_value	-9999
[rows 0 to 16 of 100, columns 37 to 73 of 100]
1.113891662496259727e+02 1.030929423408434360e+02 9.782956829982556712e+01 9.197240151133533459e+01 9.238802189211186544e+01 9.824549244630505029e+01 9.931301883119577667e+01 9.132331685745990058e+01 9.132331685745990058e+01 9.697184944858570077e+01 9.979656139704111695e+01 1.054235855657302068e+02 1.022017202926765123e+02 9.389788021703162713e+01 1.022017202926765123e+02 1.036303112137944709e+02 9.549285900632507662e+01 1.036303112137944709e+02 1.092024573374363428e+02 1.071000944753686639e+02 9.896339262579745366e+01 1.071000944753686639e+02 1.044188135834570232e+02 9.604228468084335191e+01 1.044188135834570232e+02 1.058951307109789894e+02 9.996563627270015218e+01 9.996563627270015218e+01 1.083574442285282657e+02 1.114391613899225604e+02 1.031364537488201876e+02 1.031364537488201876e+02 1.050313881056733578e+02 1.133302452340426072e+02 1.239352317320172006e+02 1.156573023126678805e+02 1.239352317320172006e+02
9.430277495741823657e+01 8.311658636617298157e+01 7.788862581522836592e+01 7.205493491248024895e+01 7.246810719330350992e+01 7.830251512792686697e+01 9.132331685745990058e+01 7.157175224829718729e+01 7.157175224829718729e+01 7.735685158327683553e+01 8.032164152448083883e+01 8.602571349208909623e+01 9.232095049642889251e+01 7.425468298759687968e+01 9.232095049642889251e+01 9.391368901256133483e+01 7.614755341891547857e+01 9.391368901256133483e+01 8.973549135020147105e+01 9.738417363072268529e+01 7.961932041648528013e+01 9.738417363072268529e+01 9.431853979500559149e+01 7.585092523283792332e+01 9.431853979500559149e+01 8.566838467955714975e+01 7.974626916501699725e+01 7.974626916501699725e+01 9.996563627270015218e+01 1.031364537488201876e+02 8.295769635622586691e+01 8.295769635622585270e+01 8.486354615980079075e+01 1.017087640018341972e+02 1.139031234593360296e+02 9.556014457517521521e+01 1.139031234593360296e+02
8.280458446635509517e+01 8.678231598812986647e+01 6.689542019070006518e+01 5.804804649336252709e+01 5.845978035721326194e+01 7.768229952569875252e+01 9.043351683651917483e+01 7.051948531635400741e+01 5.684475278125798781e+01 7.446653679986617647e+01 6.600463216749290041e+01 8.602571349208908202e+01 8.407628160231423919e+01 6.470609938063179811e+01 8.407628160231423919e+01 8.582020621262027760e+01 6.653968253172887160e+01 8.582020621262027760e+01 7.610938188519453718e+01 7.965610877263131329e+01 7.002086102412125967e+01 8.929135652114139532e+01 8.594660495684058787e+01 6.587696578528785096e+01 8.594660495684058787e+01 8.566838467955716396e+01 6.559280293834029862e+01 8.566838467955716396e+01 9.719551214461328925e+01 8.886578775214039183e+01 8.886791756059861314e+01 6.867565654954869103e+01 7.319418480686817929e+01 9.338747912925008166e+01 9.551612860898471524e+01 8.542353377404786841e+01 1.056087234439215479e+02
6.773614854849553524e+01 7.598797597733080522e+01 8.615766997897263479e+01 6.942857436656406378e+01 4.957444442618709957e+01 6.942857436619736688e+01 8.469977602121838345e+01 7.051948531628137573e+01 4.957667075655078293e+01 5.377190463953239430e+01 7.446653679986617647e+01 7.790185042515618363e+01 6.977739730890897363e+01 5.841027134109771879e+01 7.761955419508676357e+01 7.939336498565650402e+01 5.998307122923847601e+01 7.939336498565650402e+01 7.257902176387301552e+01 6.027413336312994119e+01 7.400128784932890369e+01 9.329995213479195115e+01 7.925672523298975136e+01 5.929941560954305402e+01 7.074689981649065373e+01 7.206687262903405156e+01 5.964515092035561139e+01 7.961536903558203448e+01 8.886572889458729207e+01 6.871014362566171485e+01 7.461351870043516499e+01 6.160360784440979387e+01 8.172887521639755448e+01 8.725786214120182649e+01 7.528758960298002023e+01 8.961421116342762616e+01 1.097646177500550380e+02
4.785824662301703114e+01 6.174273682408886543e+01 6.999073455078351458e+01 6.498905594847884970e+01 4.508676600637642906e+01 6.498905594847884970e+01 7.658768524464659322e+01 5.601665196549266312e+01 4.354982381147022608e+01 6.471099364337730719e+01 7.129635536653101724e+01 6.322248105666302820e+01 5.066669663815008562e+01 6.977739730890897363e+01 8.581206766794991836e+01 7.379009582299764247e+01 5.401962778656256603e+01 6.631803713838583292e+01 5.274943667543960402e+01 6.686008190044253752e+01 8.582040588070289289e+01 8.336599214725553963e+01 7.484281564175643098e+01 7.074689981649065373e+01 5.091154060083160715e+01 5.221013548390371284e+01 7.206687262903405156e+01 8.797599710002378970e+01 7.894066139154774930e+01 7.060908116912587218e+01 5.459324044810610843e+01 5.832406237658210557e+01 6.221728631843598833e+01 6.706128666376089598e+01 7.871531384782952045e+01 9.892720012300354426e+01 1.113824090497294748e+02
5.334492223115958609e+01 4.180905460566921761e+01 5.650789542540240973e+01 6.083914162281215710e+01 4.089653636958067295e+01 6.083914162281215710e+01 7.522996392561347534e+01 5.459500659748500340e+01 3.949570934805445432e+01 5.517946827821886302e+01 6.253423067014858105e+01 4.403901737827967366e+01 6.322248105666078288e+01 7.790185037544463853e+01 8.245242213344799609e+01 8.012329343269000503e+01 6.058061137574063792e+01 4.585886784642844560e+01 6.631803713838583292e+01 8.062758362081011398e+01 8.347869936700787719e+01 7.482755202907294745e+01 5.485988287268884989e+01 6.068616191489458345e+01 4.557336646445003936e+01 6.544567707873453344e+01 8.033109220481493651e+01 7.496024845931115976e+01 6.683059953724131219e+01 5.066284923808620988e+01 6.471727931978247739e+01 7.840926526245648631e+01 7.381964319845782541e+01 7.493440608163540162e+01 9.513622558836252097e+01 1.072375730330150105e+02 1.030639649624467609e+02
6.999012040687753711e+01 5.649702361407366880e+01 3.657089919084065599e+01 5.159988239530682819e+01 3.699137938045538476e+01 5.692807495596589717e+01 7.195723187845977975e+01 5.832011209303419719e+01 5.015494057944602702e+01 3.434488602103193244e+01 5.365051062841020268e+01 3.976915884276748869e+01 5.343333282286432251e+01 7.269343455330962911e+01 6.269463376432990742e+01 6.671373832934530412e+01 5.850076002391082142e+01 4.244616970773894593e+01 6.281029790085179343e+01 7.646802606802900470e+01 6.331630257969624154e+01 7.287091734538086030e+01 6.063986055759975358e+01 4.063221292941666007e+01 6.069445356505983113e+01 7.375454311976902488e+01 8.051192219724025279e+01 6.091734011339656263e+01 4.692439601132425508e+01 6.683990400354670669e+01 7.894114077354558390e+01 9.316500222730861935e+01 8.812233960676394418e+01 8.923572878015446008e+01 1.034549785420528849e+02 1.007397210048346921e+02 9.229345735393903283e+01
7.553619462661714579e+01 6.475752918802233182e+01 5.159988239530682819e+01 3.177451257979294752e+01 5.159988239319351777e+01 6.243752214264353029e+01 5.455566950436222839e+01 4.388786765867198625e+01 3.008409974339340209e+01 4.817683178997368287e+01 3.435883144572596848e+01 5.364951684860768921e+01 6.699855659159192101e+01 6.848154020396702890e+01 4.830657932597453907e+01 5.421568666217300603e+01 3.812413315941584102e+01 5.850076002101595662e+01 6.829988032584883229e+01 6.072909082127979019e+01 4.968996598980537982e+01 5.336435998326695795e+01 5.354313060046599304e+01 3.758826646083953449e+01 5.179052320216739957e+01 7.176202155705655628e+01 6.919556255000797762e+01 6.088516108611420208e+01 4.433868739543982684e+01 5.430667258247993345e+01 6.841808246541744154e+01 8.854500873645615400e+01 1.082756161805262280e+02 1.093812850074776719e+02 1.069622691012454538e+02 8.621743658430699497e+01 7.127474171960130889e+01
6.723027536924472258e+01 4.731440604076263412e+01 3.736734319390085801e+01 2.942951478157332801e+01 4.585930904267708996e+01 5.044100707292010100e+01 3.509958972612702155e+01 4.353258059500704036e+01 2.759360063635175564e+01 2.948603177255744257e+01 4.783473600032655071e+01 5.861071849063258554e+01 6.633714372973643947e+01 6.022620416631114892e+01 5.251719688410961595e+01 3.454182084658430085e+01 5.193840663013617132e+01 5.938650198586299922e+01 5.055804608547663292e+01 4.182399138032908326e+01 3.977444928743909713e+01 5.129076444817130920e+01 3.402236862727178135e+01 5.352637587879345915e+01 5.759988612935801910e+01 7.745415363553374277e+01 6.088514052621449935e+01 4.083435297266799324e+01 6.088516108611415945e+01 7.262490965873087134e+01 8.264348618751448328e+01 8.843250540959006400e+01 9.681978345886720660e+01 1.063622030379680155e+02 9.796797917670541267e+01 9.384208501479426445e+01 7.285228399049944414e+01
7.555357828235825934e+01 6.553749578328014991e+01 5.283349796465672910e+01 3.350532294171009795e+01 2.618295099145633031e+01 2.364315687781850173e+01 2.389204105406981782e+01 2.436687445401803132e+01 2.484219588111688637e+01 4.354316553097932285e+01 4.523587068641824516e+01 2.792988331665044655e+01 4.951766787452243079e+01 4.986275007082161181e+01 3.980487553468289974e+01 4.831265317144571014e+01 3.138464162921875555e+01 2.939837198730184298e+01 2.978483386829481105e+01 3.034137400604812740e+01 3.089401749644870421e+01 3.137665803639891493e+01 3.182301861088739514e+01 5.136221099917658250e+01 6.062808736429317236e+01 7.270159998180496075e+01 5.267189881768054960e+01 3.861574389184519163e+01 5.267190094993134153e+01 7.270249611241986543e+01 7.416573295046610781e+01 6.825624230660609726e+01 8.843250540959006400e+01 9.449027481113712668e+01 7.728203661928776569e+01 9.449027480984238991e+01 8.755782396183167293e+01
7.897805651298972407e+01 5.931473759360356723e+01 4.571557573002468189e+01 4.868797304785313429e+01 2.768334053961395114e+01 2.326142151028959759e+01 4.282415582156908584e+01 4.340518102167754222e+01 4.120274356201417731e+01 2.550204765248805572e+01 2.596313062261536331e+01 2.642108935148753091e+01 4.338736351843004968e+01 4.447802792684098705e+01 4.697560418514296998e+01 2.858115895761788039e+01 2.901789445371028719e+01 2.991149830307903201e+01 4.674467756022296072e+01 5.021696248263764062e+01 5.063029429639154699e+01 4.419378068533933401e+01 5.182772015096925600e+01 3.245519463805409544e+01 5.253330293659423944e+01 5.484714867939916871e+01 5.432364307338773557e+01 3.660477526764193357e+01 5.628297170589153353e+01 6.413479758210378634e+01 5.411484815091888123e+01 6.826249909285753859e+01 8.856116292552459868e+01 8.602494467273919554e+01 6.495165484581467297e+01 7.476079745209040084e+01 8.330148175226334217e+01
7.003901891542726332e+01 7.331745348830158093e+01 6.507801788574454349e+01 5.576344325447244898e+01 2.648973858189100739e+01 2.279692075348373237e+01 3.393697378687244282e+01 5.264923317375197342e+01 3.919391524721908837e+01 4.546741053994884396e+01 4.100731986359773629e+01 3.023287287578206417e+01 2.706251562819176826e+01 2.751182759718511051e+01 2.795781033846265373e+01 3.542639463677891598e+01 4.915361024115323829e+01 4.898904773304646909e+01 3.550553484825709205e+01 4.610369855278485574e+01 6.053083616933795952e+01 6.260342419135321279e+01 6.067756889920728014e+01 5.217284874963229413e+01 3.309531099394450138e+01 3.355644494425515489e+01 3.402697443585641679e+01 3.451164893966610947e+01 5.483175641236050524e+01 4.408911093414533866e+01 6.413392069327645117e+01 8.058007121263327122e+01 8.836813697209845486e+01 9.005097446784168369e+01 7.470804727273460344e+01 5.319455380690201451e+01 6.554939959400947203e+01
5.022737668698628966e+01 5.603006248335621819e+01 4.973133032172507484e+01 4.407745998348514860e+01 4.133374485921943631e+01 2.233554125682867308e+01 4.166326748848942430e+01 5.985017519413305109e+01 5.978056663049085984e+01 5.978060268546143163e+01 6.029221571983288896e+01 4.241392778786087092e+01 4.115546661371951842e+01 4.789620326434550179e+01 2.917981811583194940e+01 5.057842745274462004e+01 4.662740291529615178e+01 5.942356441722834148e+01 4.044179606892384982e+01 5.971397887060351906e+01 7.262154960091137923e+01 8.357266018779992578e+01 7.293233324550752172e+01 5.761380581709092041e+01 3.834888424246993566e+01 4.152033845173308890e+01 3.898796773221084067e+01 5.483951341867815898e+01 3.524527837012168163e+01 5.558388720836996555e+01 6.443242925767950169e+01 6.099595675332830780e+01 7.739215016782452494e+01 7.760763294888340624e+01 6.226820706969195385e+01 6.393240867369495106e+01 4.499736029520533265e+01
5.022737668698687941e+01 3.631058066283377883e+01 2.981973630161398248e+01 2.413006835049743515e+01 2.169847006790691779e+01 3.644342401677568688e+01 3.487022306504693603e+01 4.911475022698338222e+01 6.918355227609690417e+01 8.147838998463606686e+01 7.369769581367732769e+01 6.484847322777379475e+01 6.292154908312944173e+01 5.142417775524214107e+01 3.802932019200702740e+01 5.872008323650212702e+01 5.491621725611689442e+01 6.714319828724610772e+01 5.974918104357081461e+01 4.882289678174861081e+01 6.222927670253829291e+01 8.149973086712405745e+01 6.533723628920385806e+01 4.650593501719276190e+01 5.763304485021796353e+01 5.799292173658490412e+01 4.477356318428793713e+01 6.300422471034746508e+01 5.557907348718139673e+01 3.601285696964713878e+01 5.632152894591244774e+01 4.964910986660150627e+01 6.775154868264205277e+01 6.048450003389914542e+01 5.176518171506695865e+01 4.046015013543956940e+01 4.104918979949008673e+01
6.426264642335208066e+01 5.602998067662942816e+01 4.926521626421605049e+01 4.058339149709905058e+01 2.126910563874215399e+01 3.936971477827879795e+01 5.395743061544408192e+01 6.325373976823159694e+01 7.493122593313435686e+01 8.293374215947994799e+01 9.191645812159033824e+01 8.366975013955679685e+01 8.123795894130606143e+01 6.771527333040384633e+01 4.846757552442150541e+01 6.771023109980052368e+01 6.517246719297943969e+01 7.898041769094719200e+01 7.599544145070922241e+01 5.977342936991449562e+01 6.222912771460639192e+01 8.149047225172206765e+01 7.157780432967800266e+01 5.285761751987858759e+01 7.157780432967800266e+01 6.935309495978276573e+01 5.063409781126824782e+01 6.935302626521453817e+01 6.459085804300445943e+01 5.045987469389427105e+01 3.680730271459864866e+01 5.702447783683336979e+01 5.835024808644936911e+01 3.903380405537942011e+01 3.961848711921923893e+01 4.791469147235149961e+01 5.721944976905822244e+01
6.090996881343152580e+01 6.464902708560160249e+01 3.876551856220746117e+01 2.065215764887943806e+01 3.008629942303735305e+01 4.243783212842568275e+01 5.223023235662051889e+01 6.630328958829861108e+01 5.567186663924697143e+01 7.180412772075932537e+01 8.047619749563450853e+01 6.389365706362864472e+01 8.044936492800732708e+01 7.824549549752751432e+01 6.950384552404567273e+01 7.824106824064256216e+01 8.150518039617496413e+01 8.853335413903658946e+01 8.718697430671527115e+01 7.893265170379305573e+01 8.149052884178834688e+01 8.975765457263611324e+01 7.984459556160017257e+01 6.200291833697927757e+01 7.984459556160017257e+01 7.505772427471829644e+01 5.657081474365687512e+01 7.505772427471829644e+01 7.856255382822548938e+01 6.432582219252248024e+01 5.189664449317925232e+01 3.762036984742054813e+01 3.820298431071309153e+01 5.472954723710808622e+01 4.175331878605463487e+01 6.006488544640976102e+01 6.658036432703923424e+01
5.076320412438195007e+01 5.869851231913194312e+01 5.200244615534917614e+01 2.009007189899438828e+01 2.167268810440407023e+01 2.953380556325374329e+01 4.479399679043982019e+01 4.659358568869814832e+01 4.399207599244749645e+01 6.381182964979710448e+01 7.225201747659066598e+01 5.239890698555103654e+01 6.474840327312338673e+01 8.458558124038161452e+01 8.567078167448399029e+01 7.627912815596680218e+01 6.789619097977565332e+01 6.816813755734507652e+01 7.882376477353145106e+01 8.952383776342097121e+01 8.375399636943492965e+01 8.606320366217025253e+01 8.960253285270084689e+01 8.115273831017773887e+01 8.960253285270084689e+01 8.252217431046042861e+01 6.309931115054209272e+01 8.252217431046042861e+01 7.520499648462791242e+01 5.621262937448576480e+01 4.511370803849541034e+01 5.784051208549165324e+01 4.135503793799061611e+01 5.919120559301717321e+01 6.151454524038096849e+01 4.453599736995997205e+01 6.459034911409172253e+01
