LEM/sinusoidal_perturbations/elevation_000612.asc
nrows	100
cellsize	150.0
xllcorner	0
ncols	100
yllcorner	0
NODATA_value	-9999
[rows 34 to 50 of 100, columns 37 to 73 of 100]
4.963784955805066090e+01 6.780670807806372125e+01 6.781353427089460695e+01 7.613114055933168345e+01 9.102366390015916409e+01 8.314600178345190784e+01 8.560489175216130775e+01 9.348774740629367841e+01 8.192592507165902305e+01 6.259445974587245587e+01 4.920590358093625127e+01 6.825651486037264704e+01 8.504355929348082554e+01 6.496328232560935589e+01 5.051927741153427576e+01 6.175487217549621732e+01 4.178568131449291911e+01 5.655043033678100528e+01 7.691471760130586688e+01 8.178625107839805253e+01 7.153620379493779069e+01 6.052166671255319130e+01 4.086965342551183511e+01 5.637865853955697304e+01 5.959564173612549354e+01 3.690625912734747516e+01 3.424350019106377374e+01 3.481265191288927952e+01 5.452117097704461202e+01 4.367075598169004991e+01 6.326893054002230343e+01 7.997788992533752150e+01 8.815046922377463545e+01 9.182551993270773494e+01 7.767429747465654089e+01 7.767429747465654089e+01 9.759428990226729184e+01
4.964734699354800540e+01 4.787534544299008843e+01 4.787542632184218405e+01 6.781344323468815105e+01 8.450807884791817060e+01 7.728712721349509707e+01 8.561504059217992335e+01 9.563282625523555680e+01 8.403988031946065007e+01 6.470928443534245389e+01 5.432934885165493455e+01 7.360601645528306847e+01 8.244744078686183286e+01 6.235083371032208532e+01 7.084465928142336111e+01 6.533547471644270388e+01 4.460924413719058634e+01 5.675622229882642245e+01 7.705562644252412952e+01 7.296337291420877591e+01 5.330368770031103764e+01 4.535773965036397470e+01 6.052166671255319130e+01 6.867263028134148328e+01 7.078959927997208013e+01 6.011464625292234842e+01 4.231510943822312498e+01 5.453485850938483992e+01 3.562010064332933723e+01 4.775834882319673369e+01 6.283671737493097709e+01 7.714844556069050441e+01 8.294902457758337277e+01 7.467485040271722596e+01 6.375557697060965268e+01 7.767429747465654089e+01 9.759428990226729184e+01
3.207110802956386664e+01 3.377737134316533485e+01 5.371155670785032754e+01 5.624831364261436306e+01 6.665703096269730565e+01 5.740003813416385725e+01 6.729824987075519971e+01 8.727600455647593947e+01 9.206415388723593196e+01 7.360833615242525241e+01 6.067265997434031988e+01 8.001432939073120565e+01 9.067894991311943897e+01 7.398116104762827661e+01 8.255877886364345386e+01 6.236670310703282638e+01 4.766334781314706959e+01 6.828082516991155160e+01 8.542739367216735502e+01 7.005313571934355821e+01 5.050202608634934620e+01 6.496091081341995732e+01 5.920755515955774229e+01 7.885074006213021391e+01 7.639797988768931702e+01 5.626925014492451282e+01 6.203865784893741875e+01 6.340120634231621466e+01 5.531533970899234731e+01 3.643565533561022818e+01 5.621092687584437897e+01 5.747628296405486736e+01 6.751015272573324921e+01 5.505351772577238734e+01 6.887132569304154117e+01 8.868579846638360209e+01 9.608640883363588614e+01
5.198610672991252812e+01 5.371436947265921447e+01 3.628653895625309644e+01 5.624637435377152883e+01 4.674838838610375547e+01 5.824830124009655208e+01 7.814356937732732433e+01 9.563282622177182191e+01 1.012538000510590308e+02 8.800431906388827485e+01 6.934078904699532586e+01 8.800431906389174230e+01 1.021987201968537136e+02 9.401259398620030083e+01 8.464476691427564958e+01 7.132636958822251927e+01 5.089614847087955241e+01 6.282619448341341695e+01 8.293627098204927961e+01 7.382307364163868613e+01 5.423390157325133032e+01 6.804017351200407404e+01 7.885074006213021391e+01 8.702803887440461494e+01 8.517371332750514057e+01 7.627620572723056114e+01 7.355025628000721838e+01 5.940103145799123752e+01 4.065789887222828014e+01 3.701524781711261625e+01 5.250896913871306992e+01 4.361538471158693397e+01 4.793329783508585962e+01 6.173584034126481157e+01 8.145057599743238086e+01 8.296912127765138223e+01 7.649766752111023038e+01
6.701987231697870584e+01 6.451556403228367742e+01 5.624574772347170892e+01 3.887475532323389160e+01 5.884950174137242129e+01 7.495077199505632848e+01 8.647377230473455256e+01 8.607535571735711244e+01 9.447942366209942122e+01 9.669844432555662195e+01 8.305147777396736331e+01 9.669844463936203738e+01 1.018893701358178987e+02 9.285030240909144084e+01 7.628387014498562735e+01 5.614640768791152681e+01 5.882356390853793471e+01 7.892697613716308069e+01 9.129987321264098910e+01 7.792403425241803916e+01 5.825651807937889259e+01 7.792403425241803916e+01 9.597716174672029865e+01 9.892482870023577846e+01 8.761485348391381933e+01 7.952579597587097737e+01 6.609441014235235912e+01 4.634365471712203544e+01 5.967653134029033879e+01 5.667920958940893428e+01 3.785111888664853552e+01 5.760907141423025735e+01 6.751006502213107296e+01 7.574643567951144973e+01 7.696242151679480514e+01 6.270594171183528687e+01 7.315056344549003597e+01
7.501446550670617341e+01 7.311084166605549228e+01 5.488137422622614991e+01 4.084393532141377392e+01 5.505680261268653908e+01 7.579936489155916490e+01 7.638002129350293501e+01 6.667074174714537094e+01 7.598091241140696184e+01 9.001931589883116658e+01 1.024317062385754440e+02 1.052317135058003004e+02 8.490011453224815341e+01 7.330532274070567667e+01 6.442549381134706721e+01 6.100054529907557566e+01 7.892921544511339960e+01 7.301922723796684522e+01 9.319718912827148927e+01 8.234050523162507318e+01 6.258944657130100353e+01 7.654485359436002057e+01 9.633385569327066378e+01 9.087013911883882145e+01 7.122116041672306608e+01 5.987081400814354026e+01 5.354190793587288510e+01 6.609441014235235912e+01 6.728644643903670897e+01 4.939119659685942310e+01 3.845333876705164755e+01 5.818871438179956357e+01 6.460627402259548546e+01 6.072764212230134717e+01 6.137082533962689013e+01 5.017444770899180639e+01 6.326907451489039858e+01
8.241181935832003091e+01 6.323972521163717175e+01 5.184958935389220613e+01 4.287347039841349527e+01 6.288258917467943121e+01 6.884770784966831059e+01 5.729703932982555159e+01 7.638002129350293501e+01 9.460205703512940545e+01 1.047241369900668957e+02 1.192315814394833637e+02 1.136102227242517273e+02 9.877570010026386171e+01 7.853722859240916421e+01 8.446493965794765302e+01 6.583602913348261154e+01 8.585159113978167511e+01 9.319718912827148927e+01 1.016102621743890353e+02 8.783406894311377755e+01 6.802693879367306806e+01 7.871028284778509487e+01 9.848869328503968745e+01 9.340971126173423045e+01 7.377488996562735224e+01 7.331075995425564429e+01 7.328992667106587078e+01 8.141900396073762636e+01 7.533061491773921148e+01 6.523927718554760702e+01 5.716766760512246037e+01 3.931487474986855801e+01 5.528123317787328972e+01 4.116105857305534244e+01 4.182589110774843277e+01 4.249056324746781144e+01 4.390045910976216703e+01
9.014506768418594618e+01 7.942952976494674999e+01 6.745352328021309063e+01 4.750781506284128852e+01 4.624200341304854334e+01 4.892329526494466307e+01 5.199904741777224615e+01 7.187943916945168610e+01 8.476774853188888414e+01 1.016379904296036898e+02 1.039020392125920580e+02 1.124213204786149731e+02 1.071633826370468796e+02 9.877570005953093357e+01 8.585159107615442053e+01 7.279570809410100196e+01 7.840154334247166901e+01 9.867132957686166606e+01 9.925720909803928294e+01 7.947174996772814382e+01 7.793757768391381546e+01 9.601966965391072506e+01 1.066635616713874555e+02 1.014548170022003006e+02 9.340971126173423045e+01 9.292194134147776197e+01 9.042437973831778208e+01 8.254881268944241413e+01 7.306773653797078794e+01 6.194350151280925587e+01 4.231075963739028367e+01 4.792861208257085082e+01 4.022109711083982830e+01 5.998453714386990754e+01 6.137072090870483265e+01 6.201537527198332356e+01 4.355480569892112186e+01
8.876724606248328087e+01 6.858508979965685626e+01 5.458065132250032292e+01 6.745505909261957811e+01 5.162385494289088683e+01 6.884770784966831059e+01 7.187943916945168610e+01 5.644845255142710272e+01 7.632367373227312157e+01 8.110048796306331553e+01 8.334315821073720087e+01 1.011898137336682737e+02 1.097340783322222677e+02 1.145113534410720604e+02 1.006872854052387822e+02 8.032771463377017085e+01 9.271553568522381283e+01 1.070641726960732996e+02 9.925720909803929715e+01 9.347833249021736890e+01 9.195097157632315543e+01 1.059199897214281947e+02 1.063368209685566939e+02 9.814124813448455598e+01 9.814124813448455598e+01 9.338178503764994787e+01 7.935061547262047554e+01 6.296155255103950310e+01 6.491326756256435715e+01 4.532676760101562508e+01 6.194350151280927008e+01 6.667196824587901460e+01 6.030825318034952431e+01 4.373787335450561642e+01 6.383105510741443567e+01 7.113720620886191170e+01 6.304639201245237956e+01
7.408181405089193561e+01 6.263911741482321105e+01 7.449630651007207405e+01 6.047626638044965830e+01 7.152946703823585040e+01 7.152946703823585040e+01 8.131393978429748870e+01 6.135287557620003440e+01 6.249719434037883303e+01 6.697507931022038008e+01 7.353143265950930640e+01 8.059361664760044164e+01 9.240991954460500324e+01 1.131833722384680527e+02 1.090804101901640450e+02 9.207441202980484718e+01 1.090804101901640450e+02 1.214128097069228147e+02 1.189979131560818502e+02 1.132086513799237508e+02 1.116837124039620193e+02 1.088303818351830472e+02 9.814124813448455598e+01 7.839783462526878566e+01 7.839783462526878566e+01 7.965885117348773292e+01 6.551277474655736910e+01 5.169566681868236202e+01 4.903918265333294357e+01 4.903918265333294357e+01 6.861222240842295150e+01 7.821919597729218765e+01 5.787419561742408547e+01 6.383310815677690186e+01 4.741974260882174974e+01 6.757603457365772215e+01 7.063195282125714414e+01
7.321920323485814208e+01 8.267655694253240029e+01 8.719129208397056630e+01 6.703249846992243022e+01 8.719129208397056630e+01 9.176108752863548546e+01 8.669280963964402531e+01 6.656692151289070125e+01 8.249518881093294453e+01 8.110048796306331553e+01 8.711578316687752022e+01 1.011898137336682737e+02 1.097340783322222677e+02 1.216859799402686946e+02 1.208128134341538242e+02 1.124526894851382934e+02 1.082069898362101554e+02 1.164663114563755357e+02 1.233357050194777713e+02 1.150681667401324972e+02 1.145826479462140526e+02 9.485914460196406139e+01 8.089068466142411751e+01 7.101493003088053513e+01 6.447093373252678816e+01 5.999632652200396876e+01 5.575160381410083943e+01 7.127780674701915586e+01 6.861239134392512540e+01 5.286342779533184455e+01 7.245430787308472986e+01 8.653205268325801569e+01 7.821919626676110227e+01 7.027912308080411208e+01 5.005106616470543202e+01 7.027912308598172331e+01 7.703067885531635284e+01
8.484783596945204920e+01 1.020400238283771728e+02 9.570093481205645958e+01 7.696723922302997778e+01 9.570093481205645958e+01 1.034725834235241848e+02 8.292164153860591114e+01 7.311728579416131879e+01 9.348057156238535015e+01 1.016379904296036898e+02 1.076919881842111266e+02 1.114335733811264788e+02 1.114335733811179381e+02 1.196968758409933571e+02 1.166178352804829359e+02 9.669960653311403576e+01 8.827561729307808491e+01 1.049575087572197418e+02 1.118447899145536439e+02 9.518882633477370803e+01 1.118447899145536439e+02 1.047208962740890144e+02 8.498195185527555395e+01 8.418054655834799860e+01 8.418054655834798439e+01 7.938112588379127033e+01 5.972157371475427112e+01 7.938112588545457982e+01 7.646064926234173242e+01 5.683365271222665172e+01 7.068677320590032309e+01 9.039974828912065163e+01 8.578882649152221518e+01 7.307139408460241725e+01 5.274331559595789543e+01 7.307140117512550148e+01 8.548627403608323050e+01
1.054059891981813024e+02 1.139008789634492587e+02 1.059467331463088584e+02 9.741534494491112639e+01 1.059467331463088584e+02 1.119927866476009228e+02 9.348057156238535015e+01 8.742478603129769965e+01 8.968564645361784926e+01 1.103660519084758391e+02 1.056528010398482138e+02 9.160872622847851687e+01 9.160872622847851687e+01 1.114335733811178812e+02 1.085643263028503327e+02 9.669960653311403576e+01 7.661441568671483537e+01 9.669960653311403576e+01 1.035908242057863617e+02 8.362210973272921422e+01 1.035908242057863617e+02 1.129224624792268372e+02 1.047208962740890144e+02 1.039260550844688566e+02 9.933427249612198295e+01 8.368123543870913750e+01 6.397565791431736670e+01 8.368123543870913750e+01 8.085985739543906448e+01 6.118600052988799121e+01 8.085985739543906448e+01 9.192314445551816959e+01 7.144655290787738977e+01 5.693538740395425179e+01 6.279293565661673426e+01 7.307140990340980125e+01 9.342831269560683438e+01
1.066972695723332407e+02 1.056072124883060610e+02 9.732563697418277116e+01 1.056072124883060610e+02 1.071331967247757859e+02 1.154197598358797450e+02 1.141537705435158756e+02 1.081005311223604792e+02 1.103660519084756828e+02 1.102463544315611443e+02 9.036092873765710465e+01 7.746253540520702074e+01 9.372623393827396399e+01 1.019698796317773173e+02 1.002972188429003779e+02 8.022363693048275479e+01 6.978197025873926407e+01 9.000454291764771142e+01 9.653081749804798051e+01 7.644156349943384043e+01 9.653081749804798051e+01 1.073319508026930151e+02 1.149640904355160984e+02 9.524036853840267725e+01 8.127312367889565792e+01 7.139737585015033972e+01 7.533580888947983567e+01 9.186782280334050199e+01 8.564241422370683665e+01 6.592342726024000399e+01 8.564241422370683665e+01 9.515289233243817080e+01 7.472205210924323637e+01 6.007356295563117499e+01 8.070608242182412084e+01 7.963391557845052660e+01 9.988359810709131636e+01
9.724255482383480853e+01 9.560602707849348292e+01 7.731958839557631791e+01 9.560602707849348292e+01 8.716024837277259962e+01 1.038828625917221444e+02 1.154197586724583999e+02 1.210811728533136744e+02 1.103908954032641958e+02 1.021386872714346197e+02 9.036096500703348511e+01 7.024733442034715836e+01 7.367487167740043219e+01 9.041883931624718684e+01 1.019711635194810668e+02 8.390720784443871594e+01 6.356868244398597767e+01 8.390720784443871594e+01 9.047367951336165959e+01 7.026062660937623150e+01 7.898620273686816518e+01 9.322657027138984631e+01 1.131653570244201745e+02 1.092122427869713448e+02 9.812847277114313727e+01 7.837684642112475331e+01 9.508130011037340523e+01 1.032732252880227435e+02 9.092032207544345113e+01 7.117219917528088047e+01 9.092032207544345113e+01 9.886449005691254399e+01 7.853523207611893042e+01 6.376684956831753226e+01 7.203317486067132336e+01 9.255354157290533124e+01 1.080277795503996856e+02
8.895301195254019433e+01 8.732261268487943084e+01 6.722980745419118875e+01 8.559403800018796460e+01 7.558626640106157879e+01 8.716024837277259962e+01 1.071331967177977447e+02 1.126636579645988974e+02 9.294351865190486706e+01 8.219416825003339966e+01 8.585405568221258932e+01 8.045191021861315051e+01 6.185484808871586893e+01 7.367487167885875010e+01 9.372627591521653301e+01 7.897439087412254821e+01 5.857133551639069680e+01 7.897439087412254821e+01 7.827518881668386541e+01 6.454845052297669383e+01 8.486758730728578826e+01 9.748498246598643391e+01 1.057426008236982682e+02 1.157100655538682190e+02 1.063200811877876930e+02 8.826535551499920018e+01 1.063200811877876930e+02 1.048728093275155402e+02 8.514101262679743343e+01 7.863655797670689651e+01 9.838424692007293970e+01 1.027483431004482384e+02 8.256725069884537049e+01 6.775266831022646841e+01 8.847815581152256925e+01 8.668618417398079146e+01 1.067186903660940231e+02
8.257197461591600529e+01 7.426385086789525758e+01 6.002474454112226709e+01 6.548148934626644291e+01 7.973520528975909372e+01 9.973851127147672457e+01 1.067099447604875735e+02 1.044141582694501977e+02 8.454642765654884329e+01 7.289148928854407927e+01 6.564107820390908898e+01 6.014138193009019062e+01 5.725282128509583401e+01 7.761154952157107800e+01 8.953889685734741022e+01 7.441196437068197156e+01 5.397891694285111441e+01 7.317266806820099134e+01 5.786510582275229808e+01 6.407633970706369553e+01 7.058769114896765018e+01 7.741245244473942932e+01 8.751781794610485576e+01 1.074521469858679126e+02 1.161945385442956251e+02 1.079915900272872022e+02 1.161945385442956251e+02 1.130680966366711431e+02 1.048728093275155402e+02 8.852584140756147235e+01 1.065701105957170967e+02 1.043735586332199432e+02 8.428768030078367701e+01 7.216057619765572895e+01 9.277697137107780634e+01 1.067186903660940231e+02 1.148122098928693049e+02
