LEM/sinusoidal_perturbations/elevation_000041.asc
nrows	100
cellsize	150.0
xllcorner	0
ncols	100
yllcorner	0
NODATA_value	-9999
[rows 0 to 16 of 100, columns 37 to 73 of 100]
7.950917546103362099e+01 8.261131697124119455e+01 8.586353264165084909e+01 8.934404300025570933e+01 9.298883675621226530e+01 9.689575139957430849e+01 1.012248913144387217e+02 1.070844516258316048e+02 1.134954160492962956e+02 1.206551247656915962e+02 1.291135573843450572e+02 1.409439608965430750e+02 1.551650582075133116e+02 1.636006845382887036e+02 1.679033751857581933e+02 1.594367418801636234e+02 1.594367418801622591e+02 1.570426072002310889e+02 1.655265793569995481e+02 1.666638105764891122e+02 1.750829633677646768e+02 1.595717898448044991e+02 1.510240060818622965e+02 1.510240060818622965e+02 1.535711540732491187e+02 1.535711540732491187e+02 1.621058884257280965e+02 1.716690300799035924e+02 1.629557616262938211e+02 1.544164116563725315e+02 1.544164116563725315e+02 1.629557616262938211e+02 1.749299847935707533e+02 1.740030479620915287e+02 1.620315511735479959e+02 1.527690289509064030e+02 1.442143367967071583e+02
5.912117002142907296e+01 6.226988821486147430e+01 6.555420201673206293e+01 6.905022656328907260e+01 7.269645189606050906e+01 7.659710036723453186e+01 8.092110983521686762e+01 8.678884369652922715e+01 9.322531131276149097e+01 1.004153977959355899e+02 1.121092060882034360e+02 1.323568815477773626e+02 1.342842444687955492e+02 1.516428871212729064e+02 1.594367418801636234e+02 1.386367310267433766e+02 1.386367310267433766e+02 1.362289812392623674e+02 1.519619754106577716e+02 1.458722758932004240e+02 1.666638105764891122e+02 1.510240060818622965e+02 1.301570952674522630e+02 1.301570952674522630e+02 1.327029561918767229e+02 1.327029561918767229e+02 1.535711540732491187e+02 1.574985013643182583e+02 1.423829938929224284e+02 1.335739207013751582e+02 1.335739207013751582e+02 1.455992479675294078e+02 1.664608812446581396e+02 1.655415737293295990e+02 1.446789893727923868e+02 1.327408840720756587e+02 1.235494648370567177e+02
7.950917546103362099e+01 7.666872335657485849e+01 7.728835911859823682e+01 8.934404300025570933e+01 8.704943351887870051e+01 8.832389729383167776e+01 1.012248913143124582e+02 9.178841631486406527e+01 1.061376766466395480e+02 1.206551246558611012e+02 1.291094695230416960e+02 1.310581563381711305e+02 1.222324928645908386e+02 1.431108582846466959e+02 1.511497673258829195e+02 1.426079087856051615e+02 1.239386406431022607e+02 1.242347915356950097e+02 1.311536131252459256e+02 1.519619754106602443e+02 1.527623341055335686e+02 1.423520608236389933e+02 1.337532059735546852e+02 1.153961581819294651e+02 1.179443455313359266e+02 1.388151098401879437e+02 1.460828279262393892e+02 1.428106451285390222e+02 1.281227888927597007e+02 1.215753236253916754e+02 1.423829938929224284e+02 1.567703068833579039e+02 1.652955185048097633e+02 1.573749882771609521e+02 1.488437985417105551e+02 1.488437985417105551e+02 1.442143367967071583e+02
9.563964712611669938e+01 9.695800707144006481e+01 9.757743751600030180e+01 1.059601590803690812e+02 1.073278246029169907e+02 1.086008119737999067e+02 1.169754665020512761e+02 1.035118586632102620e+02 1.204557940673699363e+02 1.348405042574700019e+02 1.310581563381711305e+02 1.102062062086438203e+02 1.310581563333520592e+02 1.362775824174576940e+02 1.391726041127894007e+02 1.218118288877704032e+02 1.160768776700465281e+02 1.368709287625384263e+02 1.519619754106577716e+02 1.604776196304826215e+02 1.441887771681067534e+02 1.233176347790025318e+02 1.128635350679141993e+02 1.074699864291203397e+02 1.283797276857619920e+02 1.399427290606892598e+02 1.252463079747635675e+02 1.342215541447261842e+02 1.133758440467873498e+02 1.342215541447267810e+02 1.420336097769721277e+02 1.359294699709226961e+02 1.567703068833579039e+02 1.488437985417105551e+02 1.281276526126078181e+02 1.281276526126078181e+02 1.427513204448842146e+02
1.040184553247764825e+02 9.780871316000104798e+01 9.086941820052251728e+01 9.650340679038917813e+01 1.029295395127303010e+02 1.113698398287278906e+02 1.205142940613228859e+02 1.237428540627506663e+02 1.321456087136147914e+02 1.391813522689074318e+02 1.183477011378340507e+02 1.036278065862575488e+02 1.244648079420009168e+02 1.154794888678215870e+02 1.251383216480185041e+02 1.097989362173233587e+02 1.306012864585014484e+02 1.408527295857334991e+02 1.322495620212151550e+02 1.408527297528282247e+02 1.527623341055335686e+02 1.423520608236389933e+02 1.233083705207344138e+02 1.023959283665715532e+02 1.233083705207343996e+02 1.295273172328975022e+02 1.104834957385578633e+02 1.242197256135688832e+02 1.085612416248085594e+02 1.146168661611107495e+02 1.212287581122024562e+02 1.359294699709226961e+02 1.567703068833579039e+02 1.488437985417105551e+02 1.281276526126078181e+02 1.135183999266117638e+02 1.249482932957033512e+02
9.185827321078373586e+01 7.750333596544007264e+01 7.055535188220611076e+01 7.619340683096720568e+01 8.261490613373877068e+01 9.170367796773211921e+01 1.060667827567246491e+02 1.264658698869141062e+02 1.357773234594792200e+02 1.263496096105841247e+02 1.187260055581723890e+02 9.806363431804706465e+01 1.167355023789404669e+02 1.007723770787095816e+02 1.043380787934003706e+02 1.251383216480185041e+02 1.391726041127894007e+02 1.304223053594904229e+02 1.113510358137064742e+02 1.304223053594904229e+02 1.438260701079614705e+02 1.352419507634173499e+02 1.193562904316673325e+02 9.846775723471749586e+01 1.193562904316673325e+02 1.165626154433790305e+02 1.000366121902061565e+02 1.033272777154727038e+02 1.242197256135685706e+02 1.354545379447436630e+02 1.420336089534340545e+02 1.506124926006335158e+02 1.549632950178191209e+02 1.464176709058420158e+02 1.395792564358547736e+02 1.188879499324717983e+02 1.042429771366958704e+02
7.701469682781062431e+01 6.310064541653514425e+01 8.345064325117633075e+01 9.650340674036368682e+01 1.029295393205230340e+02 1.113698397969870655e+02 1.205157635316380293e+02 1.323671017183285414e+02 1.261040076566177959e+02 1.042259170902652983e+02 1.099565242370500044e+02 9.283603325506072679e+01 9.592631858270851808e+01 1.167355023787787758e+02 1.251383216478681675e+02 1.337180509220894180e+02 1.352955906110403816e+02 1.144168232990133163e+02 1.009166762058950724e+02 1.218002989165222232e+02 1.352419507634173499e+02 1.143758960730603889e+02 1.156045991179329491e+02 9.475492784903588017e+01 1.124744037246227606e+02 9.571674409163128416e+01 1.165626154433790020e+02 1.242197256135688406e+02 1.181137874175288260e+02 1.389607644174611210e+02 1.534966299798806233e+02 1.449517314427124006e+02 1.429531816802991955e+02 1.255446455879010301e+02 1.370740128149051884e+02 1.335070592952433799e+02 1.249482932957033512e+02
5.658253449830344550e+01 6.386278082892745545e+01 7.298160448698746450e+01 8.471254780403180007e+01 9.907027265791050752e+01 1.193382556108982016e+02 1.324178113687767109e+02 1.119079078752312881e+02 1.118914557425081284e+02 1.064488229194738267e+02 8.909435065374104568e+01 1.099565242765965110e+02 1.106438202991876523e+02 1.106438202991876523e+02 1.314421238735723989e+02 1.374364835205982729e+02 1.254168550914628355e+02 1.144168232990133163e+02 9.357839569250884892e+01 1.082964351357242663e+02 1.291737893541802293e+02 1.204874219769923087e+02 9.962133678086959776e+01 9.116675759364326836e+01 9.167101472727961209e+01 1.124744037246228174e+02 1.127348515328950782e+02 1.335942117008721937e+02 1.389607644174611210e+02 1.475368032660207405e+02 1.415040380477433075e+02 1.241209386680248201e+02 1.343666241197269073e+02 1.135255683979753911e+02 1.162285362638341866e+02 1.309394088653588994e+02 1.257630041497718594e+02
7.701469682781062431e+01 8.420771849372766837e+01 9.261029974398825004e+01 1.016880704833971549e+02 1.031798718541708126e+02 1.115701084213474843e+02 1.238768675181812000e+02 1.155823717206315990e+02 9.493766699651970953e+01 8.558905114248400992e+01 1.064488229194738267e+02 1.185553645731010732e+02 1.314421238735448014e+02 1.314421238736028670e+02 1.400055771141486787e+02 1.288429559256638299e+02 1.079945269883512822e+02 9.598956111421411208e+01 8.805701528016122381e+01 1.088350861737270776e+02 1.242697324284103217e+02 1.214830225706427314e+02 1.019947154423888804e+02 8.790668847234462646e+01 1.086762447659392308e+02 1.048074088014480907e+02 1.256673846684740283e+02 1.421783792399654658e+02 1.433323227444836618e+02 1.347611781831992346e+02 1.322116124694243808e+02 1.121188571383800792e+02 1.322116124038593341e+02 1.223340349869174304e+02 1.015481530429782282e+02 1.134709051469087200e+02 1.171637975012414188e+02
7.358260974729614645e+01 7.719219340893441483e+01 8.097165421473287950e+01 8.660940544227271687e+01 8.288527809963196091e+01 9.397558074769966652e+01 1.123921154381935423e+02 1.209129072502848743e+02 1.041171986400660927e+02 8.328909979134054709e+01 1.041171987703411475e+02 1.091377136439891729e+02 1.177375804171114169e+02 1.184411601944853061e+02 1.392317681349865097e+02 1.347505883865752594e+02 1.183623928338513736e+02 9.754258912295324535e+01 8.290382566997278957e+01 9.484374576577839377e+01 1.156572533435837187e+02 1.124061552859300548e+02 1.037894454235683099e+02 8.588231453710659480e+01 1.066392259758812457e+02 1.256673846684740283e+02 1.256672957923530021e+02 1.464922098561271753e+02 1.313368213558883610e+02 1.139494651336003699e+02 1.236202471059016261e+02 1.028267002942319976e+02 1.236202471059016261e+02 1.281854717435309396e+02 1.073759320961596870e+02 9.271278518947686109e+01 1.061317975658730859e+02
5.309103932542043225e+01 5.677134987825960621e+01 6.061648049403341076e+01 6.629929812268957789e+01 7.348662853436596265e+01 8.363650440459852575e+01 1.039680957373168582e+02 1.122874954280041635e+02 9.141630162276806004e+01 8.104863331471696597e+01 9.873477429825673823e+01 8.833183495252436046e+01 9.763802128253978196e+01 1.123481246733552013e+02 1.331510491856186036e+02 1.222413595424501693e+02 1.055212123944030793e+02 9.964827671940365406e+01 7.895268870140252204e+01 9.755347251522404406e+01 9.932183396172655421e+01 1.011117622349903513e+02 8.304820062235386047e+01 8.927045489703637315e+01 1.099181959992086206e+02 1.287823742797351372e+02 1.390894238856573963e+02 1.340401537176831539e+02 1.220447377985284021e+02 1.019524470421895614e+02 1.170447502072758823e+02 9.625920252576355551e+01 1.170447502072758823e+02 1.318742364857495772e+02 1.220776118673018260e+02 1.061318014537841492e+02 8.540917701493484060e+01
6.153028238631023328e+01 7.719219340893441483e+01 8.097165421473287950e+01 6.863427666099347846e+01 8.892094811519596931e+01 1.022254351610946088e+02 1.123921154381940823e+02 1.209559056200152867e+02 1.077081117348457866e+02 8.308585015606834645e+01 7.797404563311854986e+01 9.590996672184078875e+01 1.045166646665868484e+02 1.164520816889568664e+02 1.217611033479887084e+02 1.100485117383534970e+02 9.315148688252978104e+01 8.480309960802082969e+01 7.516495899748656484e+01 7.688160364336030739e+01 7.862379171402739075e+01 8.039225476594553754e+01 9.501757979911442931e+01 1.099181959992086064e+02 9.960953313234972484e+01 1.099382174419338440e+02 1.305156469276398923e+02 1.254538665691681274e+02 1.046566148749671754e+02 9.267473930729757114e+01 1.041571057657864543e+02 9.051360983613105304e+01 1.024913055413062608e+02 1.232852876753525209e+02 1.259851489003952310e+02 1.110013790544271046e+02 9.226451088351227270e+01
8.189740350550762571e+01 7.595326173370683875e+01 9.624783118765772372e+01 8.297432046304815856e+01 7.820969053719605313e+01 8.992552985819749267e+01 1.101539045935974883e+02 1.237219104497717694e+02 1.025942322570436716e+02 8.863427492318425038e+01 9.590996672184078875e+01 7.520060472381209138e+01 8.706829052634496691e+01 1.017601866918011240e+02 1.129968646020015228e+02 9.306885371512278482e+01 8.193578589647435706e+01 7.297078521940048290e+01 9.356751791899991133e+01 9.755348218853295350e+01 9.931777792831972818e+01 8.691050065835528926e+01 1.076766871973272970e+02 1.244347263903790122e+02 1.202268933079927109e+02 1.287823742797351372e+02 1.390899415848448086e+02 1.308622454480793067e+02 1.100597639082343875e+02 9.537549389502932229e+01 8.346842178250719257e+01 1.041571057657864543e+02 1.134759330539875322e+02 1.074509943425897234e+02 1.085005099857931015e+02 9.663232038496512644e+01 9.663232038496515486e+01
8.836619894277620801e+01 9.624783118765772372e+01 1.046245519124686894e+02 1.028616195778258060e+02 8.992554202317285217e+01 9.847852779017910052e+01 1.185182957816311955e+02 1.238397311757729540e+02 1.030412950946389827e+02 1.091330160684912585e+02 1.045166651301734646e+02 9.315518203755776483e+01 7.250854057497137717e+01 9.054386446404926403e+01 9.877987598524093471e+01 9.725353707268880044e+01 8.995100319546160961e+01 7.147947343734847436e+01 9.203875036158024159e+01 1.099051115294477938e+02 1.162663718305846885e+02 1.015760944190662798e+02 1.000212837615951145e+02 1.147486616935765795e+02 1.355792277741186069e+02 1.305000601932524660e+02 1.273405276655713863e+02 1.187378655959350908e+02 1.152352082750468014e+02 9.447542504775114480e+01 7.996539754230580854e+01 9.576851748837964351e+01 9.277336333451550843e+01 8.672231032375124471e+01 8.783209763763073852e+01 9.502028693807855575e+01 7.617790899508140967e+01
6.797458394895393496e+01 7.708105698684229878e+01 8.885601981423421591e+01 1.096208112374562944e+02 1.101617156179440400e+02 1.185720463608582378e+02 1.271541016795555379e+02 1.324246115822406580e+02 1.238397312835257225e+02 1.189711119851594106e+02 9.816586198151725284e+01 8.348515486793992579e+01 9.054386446399232113e+01 6.996640566751875667e+01 8.955762756210681630e+01 8.313103843373882285e+01 6.944424309720720601e+01 8.995108671752483076e+01 8.059869640944666003e+01 9.520246845629282006e+01 1.159996475521745083e+02 1.224048210174099012e+02 1.208497932426129040e+02 1.294393472350650711e+02 1.243780592078020248e+02 1.096671777198728819e+02 1.187378655959350908e+02 9.781282157839503100e+01 1.039416250745055237e+02 1.091511984921802849e+02 9.576851724676728850e+01 7.533035694014728278e+01 9.120373495359976346e+01 7.242276439677395672e+01 7.352122599396992086e+01 7.462261755842033040e+01 9.502028642972796035e+01
8.792545036975482731e+01 9.686399604705917454e+01 1.061757723407417586e+02 1.185918124361148642e+02 1.239629769523251781e+02 1.299302243091759692e+02 1.235581118253176811e+02 1.149708774306632506e+02 1.235788324302871501e+02 1.212468776954889620e+02 1.004417702780334736e+02 1.042595786233021329e+02 8.873857513462566260e+01 6.821391516281414624e+01 8.625658463008208798e+01 8.648037052571331174e+01 6.802938478740590256e+01 8.849678711505556805e+01 1.012938211839239244e+02 9.365164713825778620e+01 1.083412375045967906e+02 1.291779272525141096e+02 1.231603912292312799e+02 1.273901505881435838e+02 1.139666338146619466e+02 9.493010121857342654e+01 1.139666338146619466e+02 1.039416250745055237e+02 8.257721785802310421e+01 9.252186906370579322e+01 8.892969014116286530e+01 8.895215193526279052e+01 7.088042839463268763e+01 9.119446337429084792e+01 9.222414667334962246e+01 9.486853932088973806e+01 1.035821497732964076e+02
8.043921064396398890e+01 9.483978907997321528e+01 1.152374428819063326e+02 1.178828753452186220e+02 1.035624031868991040e+02 1.095328359878681539e+02 1.133014720549530381e+02 9.454984828114986328e+01 1.133048058035278842e+02 1.298343998435593960e+02 1.156450024637190523e+02 9.529053778074367642e+01 8.099583604965654615e+01 8.622161260267888849e+01 6.580541416203222127e+01 6.606586610712891172e+01 8.647414829628266375e+01 8.089760918904278242e+01 1.015732752918349320e+02 1.144441626342815823e+02 1.230544482215915423e+02 1.170583295789978280e+02 1.023704824263844131e+02 1.170583295789453615e+02 9.792916441908231207e+01 8.437312664488003122e+01 1.053471523008156794e+02 1.010854628043793042e+02 9.252186694105215281e+01 7.185437693896615485e+01 6.841811048076311863e+01 6.943260314295432067e+01 8.972734206089620557e+01 9.826282973652230623e+01 1.077846281530193124e+02 1.043396172678324376e+02 9.588715574965227972e+01
