LEM/sinusoidal_perturbations/elevation_000388.asc
nrows	100
cellsize	150.0
xllcorner	0
ncols	100
yllcorner	0
NODATA_value	-9999
[rows 17 to 33 of 100, columns 37 to 73 of 100]
5.336267024589548669e+01 5.932987856388576375e+01 5.329974204022648365e+01 3.401491569246931590e+01 5.171329739769764444e+01 5.649097251597811464e+01 6.393568517129081386e+01 5.899886500053835192e+01 5.656732095009504491e+01 7.529757727536913592e+01 7.078016784222390356e+01 4.981181504978718522e+01 3.647523576997075168e+01 3.385516282517394160e+01 5.378773455031266337e+01 4.881872500685344818e+01 6.839309088929466895e+01 8.406625934842436720e+01 6.720915679624067707e+01 8.406625934842436720e+01 9.441509822237566141e+01 9.441509822237566141e+01 1.027154569046695940e+02 9.236723285732361433e+01 7.215662621567877011e+01 6.551758707237802071e+01 8.570707745762604191e+01 7.429388865265691777e+01 5.414002312544782569e+01 7.429389966962720848e+01 8.757104914309687160e+01 1.012139056228143659e+02 9.279067499705551825e+01 7.569982671814399566e+01 9.279067499705551825e+01 8.326315831022169789e+01 7.485449385819482870e+01
3.894460661255974543e+01 5.013540834749107233e+01 4.305169185337410909e+01 4.817255454141245963e+01 2.980372752522379187e+01 4.028882199450288226e+01 5.570613931254583662e+01 4.535964941059582856e+01 5.566728364754384728e+01 6.185664994893277679e+01 6.433560016779833290e+01 6.622371617076599648e+01 5.343363991518464928e+01 3.331938058501109623e+01 5.147449047452428061e+01 6.139062317272439628e+01 6.868899134285005914e+01 8.835465463221309790e+01 8.737006901338126852e+01 9.569593981778473335e+01 1.003512983751476497e+02 9.193221793697760802e+01 1.003512983751476497e+02 1.007814005409802007e+02 9.236723285732361433e+01 7.559574900882185489e+01 9.411074271983849826e+01 8.265558337410111278e+01 7.428962757822608864e+01 5.901002919760375676e+01 7.326470138861358805e+01 9.349184731642993995e+01 1.045816161637693256e+02 9.613422346629192816e+01 9.855732867422231891e+01 8.459594195138359396e+01 6.449641562257947669e+01
4.020337840396385332e+01 4.574345782972934416e+01 2.795918350436994260e+01 2.831869090499385777e+01 2.867873472028248116e+01 4.359553431817029434e+01 5.162901946889805771e+01 5.087214418321926246e+01 3.606803063320415248e+01 4.763968854948858223e+01 4.631765954491398674e+01 5.114407896776933171e+01 5.181713008464468828e+01 3.278894434169581729e+01 3.826256936161323807e+01 5.393065734366540198e+01 7.081212850412838122e+01 8.531255821691452468e+01 7.688644462965197590e+01 8.376959438890182241e+01 9.015577124922474184e+01 7.151399290110208540e+01 9.015577124922474184e+01 1.003512983751521688e+02 1.042363599656935520e+02 8.988319004454628214e+01 9.920044278317902808e+01 7.898461749189249304e+01 6.468459224905252825e+01 7.918779364417177646e+01 7.326481670723799766e+01 9.350124327732619633e+01 1.116811819748096752e+02 9.184481564183427338e+01 8.031611169476191492e+01 7.020338750114240156e+01 7.459548853253983225e+01
2.708480201155183309e+01 2.744857394524848360e+01 3.649441763913925740e+01 4.654187847432129388e+01 4.812035097395453676e+01 2.919230205450175575e+01 2.955555528166379275e+01 2.992374539171707681e+01 3.029273599782067095e+01 3.230813246432438035e+01 3.735592526273259040e+01 3.169340502471181154e+01 3.205843708065561515e+01 3.261796199150611386e+01 3.319881339419083588e+01 4.538592662125514465e+01 6.062741788526449938e+01 7.359598031541477781e+01 5.661294503679724244e+01 6.343747845991303080e+01 7.403803428426613209e+01 6.139031838858754497e+01 7.151399290110208540e+01 8.595288245368762148e+01 1.063676107547150735e+02 1.101472304048326833e+02 1.034983698981468905e+02 8.330241391801673956e+01 6.898149794092701370e+01 8.922036207247809614e+01 9.349906703079118131e+01 1.019577437890513636e+02 1.200474648313153097e+02 1.063316946379789272e+02 8.647720150651406357e+01 7.486057918754023888e+01 8.877177472919065337e+01
4.180954656623837451e+01 4.386432323525215793e+01 3.304638932009395091e+01 4.648936432186032164e+01 5.332375887504198886e+01 3.338822937720069461e+01 3.165540765466773010e+01 4.381761322767780342e+01 4.964940027525206290e+01 3.081428767116076983e+01 3.118019248010667255e+01 4.930545386550385700e+01 5.094495052577507010e+01 3.728649169871405888e+01 5.271300002455576106e+01 3.402724317910445961e+01 5.351073862900950218e+01 5.981336127346812503e+01 4.509567087764319382e+01 4.919697197857698256e+01 5.378913129516390512e+01 7.403803428426613209e+01 7.797744399290868955e+01 9.838938751454922738e+01 1.031513834073396367e+02 9.473716327883957433e+01 1.032005720242957381e+02 9.758500372226133379e+01 8.068206950532902511e+01 7.664927752876495504e+01 9.094268034361074626e+01 1.111363651091275528e+02 1.248299051582616244e+02 1.146767360602004970e+02 1.000172171711841145e+02 8.010471893319369485e+01 1.000170720492145904e+02
5.784189499280289226e+01 3.897367975634151804e+01 5.232490190857411960e+01 5.129991484915965572e+01 6.348756797794406737e+01 5.532082120445117113e+01 5.029020046332383487e+01 3.417720481045775216e+01 4.353186951853876252e+01 6.100567590625657033e+01 6.217286971111189331e+01 6.118911623629164609e+01 4.371121384112804265e+01 5.528026822828267228e+01 4.703875276211812206e+01 3.460689508632090394e+01 5.138677903059884500e+01 4.002920437554566746e+01 5.981336131409529600e+01 6.939261720330551952e+01 7.403803400611165841e+01 8.246786834703435431e+01 9.838938751454922738e+01 9.776086599491458173e+01 8.916636239223258542e+01 7.436402849746384902e+01 9.296786458879761028e+01 1.092550055771460364e+02 1.008852522769214062e+02 9.094239232059923950e+01 8.619248107326988873e+01 9.626470315586792026e+01 1.164764834404801519e+02 1.162763897155848269e+02 9.636305152875918623e+01 8.681184520243041902e+01 1.066199031555609906e+02
5.405210976188697458e+01 4.485291257563429923e+01 6.494656131814549838e+01 7.285163653166280540e+01 6.013558124086319623e+01 4.692681969386537588e+01 3.685292311885203986e+01 4.680045674161058855e+01 6.108103947726085181e+01 6.278143861096438627e+01 7.173804034912328120e+01 5.210805203042705358e+01 6.248437511262130073e+01 6.964691028935817485e+01 6.114836666121281894e+01 5.404616664230035639e+01 3.539788343028285311e+01 5.480296889483867062e+01 6.393399976548709418e+01 7.061011768189094084e+01 7.903235860214360287e+01 7.887147010537429992e+01 8.213423170679452312e+01 8.579103164683665739e+01 6.879615229416494060e+01 6.427180014699511901e+01 8.453687817979684382e+01 1.024995832908239919e+02 1.115803797966535740e+02 1.111229933527264393e+02 9.782334818063758064e+01 1.147305811373335445e+02 1.248299051582616244e+02 1.247076021878824577e+02 1.141024936895500730e+02 9.430541997408897714e+01 1.141024936895500730e+02
7.372657169315583303e+01 5.446572612630968990e+01 7.372657169315947101e+01 8.808528139341883900e+01 7.372737760038788224e+01 5.849816332652842021e+01 3.896120378712385701e+01 5.849816333278240421e+01 7.536180142626369616e+01 8.360489253180170977e+01 7.988879118787264133e+01 6.077141780841958507e+01 7.988879118787264133e+01 8.547018422459221654e+01 6.483261722148931483e+01 5.841964266055392585e+01 3.906361708810784705e+01 3.616527049410773031e+01 5.555878688585845282e+01 5.044941910123244355e+01 7.061112989284903563e+01 5.861946006669268172e+01 6.188820167968082586e+01 7.128201663257924281e+01 5.716634777269999290e+01 7.737060353016983072e+01 7.378347802997969040e+01 8.285729808428439469e+01 9.727909929318471427e+01 1.176105888556552515e+02 1.180456691945180268e+02 1.263916902770890545e+02 1.286398899579254760e+02 1.316631976162438775e+02 1.225247734080035826e+02 1.082168500726475600e+02 1.225247734080035826e+02
8.425323669804885185e+01 7.543262530883386319e+01 8.428748741254371168e+01 8.627337506544718337e+01 6.204678997925483230e+01 4.627000040727059371e+01 4.144560424935509957e+01 6.119036465180164441e+01 7.405718572498555829e+01 8.602015335541247509e+01 8.873010409322304781e+01 7.484211469996834865e+01 8.873010409271596188e+01 8.115687565303369411e+01 6.483262011145082226e+01 4.462399983225355271e+01 5.838703219599371153e+01 5.336103728559943704e+01 3.689194799944596070e+01 5.635386452534716994e+01 6.010194158482844529e+01 4.442287315923532276e+01 4.763893511202994802e+01 5.109367935865072496e+01 5.780579674756661746e+01 7.802012657508558391e+01 9.412082541598080354e+01 1.024995832908239919e+02 1.115877913734949516e+02 1.142382869073187521e+02 1.059148576014799374e+02 1.085273956605391419e+02 1.085273956605391561e+02 1.115544975896119979e+02 1.257552705434045492e+02 1.283116943327708270e+02 1.288759473287672961e+02
8.973297970423506342e+01 8.128107620215563145e+01 8.981827328311456426e+01 8.655839019979971738e+01 6.522717726239505964e+01 5.237748437587721639e+01 6.119036465180164441e+01 4.545222800633136018e+01 5.671698685049183553e+01 7.734597363889508870e+01 9.643438746573660580e+01 9.453567291510954362e+01 8.728302895119831817e+01 6.662512917290905534e+01 5.192488096153553556e+01 6.483262011145082226e+01 7.275273412433439546e+01 6.415145925651249570e+01 5.630097847301917113e+01 3.758620507166678948e+01 4.021777237068933175e+01 6.009349167784601775e+01 6.781767031605640739e+01 7.128201663257924281e+01 7.802012657508558391e+01 6.943597885393128877e+01 8.113392776489867231e+01 1.015109966219142024e+02 1.084146029063598462e+02 1.000816917795509511e+02 8.570817845636936738e+01 8.833402447131534529e+01 1.047132382707296472e+02 9.731478237553378108e+01 1.174441994665664168e+02 1.336353633175238826e+02 1.297013070595732813e+02
7.949177566514778448e+01 6.096143464864625372e+01 7.949177569399124366e+01 8.914487265811699501e+01 6.827485145081375606e+01 7.210457637398934594e+01 6.875118539676644502e+01 4.847333801590782798e+01 5.642597107618412622e+01 6.661245740985205543e+01 8.777543222996361294e+01 9.751507543541754330e+01 7.705098246697856723e+01 6.230659933919328353e+01 7.267568793289791529e+01 8.115687565303369411e+01 8.655035356673148783e+01 7.263271666618972233e+01 5.992585215366782592e+01 4.015551848907676202e+01 3.828456323468479638e+01 5.723281899653522942e+01 6.555428859798465169e+01 7.064937355619692028e+01 7.954352721810013804e+01 8.974629043202081391e+01 9.816161523959632973e+01 1.099089818970833790e+02 9.674196944467713877e+01 7.982260697076206668e+01 7.393703548515495072e+01 7.905068591606928408e+01 8.451290696208744180e+01 9.358283512743160770e+01 1.052155996040402499e+02 1.253323140937423972e+02 1.379220365573175968e+02
7.107733821534453966e+01 5.117433605916879458e+01 7.107733821565733479e+01 8.650347123490023193e+01 8.914487265811699501e+01 8.709553234062934735e+01 6.489607223240376754e+01 5.185522574705941423e+01 7.242800085820056211e+01 8.589074030144483629e+01 9.643438746573660580e+01 9.751507543541809753e+01 7.705098246697856723e+01 8.304477652660250442e+01 8.414128877138739426e+01 7.568611120218751864e+01 6.612117877971147095e+01 6.424044389256638965e+01 4.423971336291499057e+01 5.992686151143297479e+01 5.795531247408948161e+01 3.897805675244709533e+01 4.258927044259628047e+01 4.970141186070728168e+01 6.185445235921668683e+01 8.344426268088514576e+01 1.024942218021853932e+02 9.414811723768549712e+01 8.838510371166128721e+01 6.805992240473113952e+01 8.838510371166128721e+01 9.931447263813942072e+01 1.047132382707296472e+02 1.130362975720770322e+02 1.220330433661073215e+02 1.209812020217133579e+02 1.288359684945395145e+02
5.605410872694084645e+01 4.466226628326540293e+01 5.816979681224991339e+01 7.767578265645111912e+01 8.591093372917232784e+01 9.477472181187128797e+01 7.688025968676663524e+01 5.599726644638261064e+01 6.465376228826212923e+01 7.681123548937419798e+01 9.809211517865064422e+01 1.058818857379572762e+02 9.751507543541809753e+01 8.970214222481214961e+01 7.568611120218751864e+01 5.542684764149323939e+01 5.194765313137764196e+01 4.869649355400439106e+01 6.424044389256638965e+01 6.476374205470611400e+01 4.455877528933144305e+01 5.823449566922791831e+01 3.969215208118498595e+01 5.990577060509136231e+01 7.954350515080101047e+01 9.231188458962365928e+01 9.414811723768549712e+01 7.387482459161434178e+01 7.981273453066928880e+01 6.444124944770840102e+01 7.879974946816766135e+01 9.906257405413369099e+01 1.071519078020300526e+02 9.881950008242047545e+01 1.071519066608054658e+02 1.008523785681982901e+02 1.150679786501991941e+02
3.618216707389412079e+01 3.836453666926679062e+01 5.816980718340258960e+01 5.774454162600553531e+01 6.787297703791170989e+01 8.695095816800697719e+01 8.161022460717968841e+01 6.045567452464059954e+01 8.161064251038607154e+01 9.447883936199262678e+01 1.066676846428337058e+02 1.076813947033026011e+02 9.588404470106495125e+01 8.124995030697051845e+01 6.080710008047761050e+01 7.568611120218751864e+01 6.612117878394114712e+01 6.879093994581938887e+01 7.097526406599583026e+01 5.087152439857408126e+01 6.392273286892460504e+01 6.011677013344331755e+01 4.020727850905878142e+01 6.025645284767378485e+01 7.170330535716981046e+01 9.108795846263369356e+01 8.371728965310433068e+01 7.534443691079752625e+01 5.958228246931847849e+01 7.981069419630395601e+01 8.985213760265401106e+01 9.824269875198881152e+01 9.703841042381999671e+01 7.854661807337559765e+01 9.245976695187144401e+01 8.654139762200126995e+01 1.018842793872016728e+02
3.786389478429592259e+01 5.770465252484814300e+01 4.169363188413926480e+01 5.101513896803594861e+01 7.038126879648008583e+01 8.481963273650478641e+01 8.732112050788619229e+01 6.595443914477550607e+01 7.770184576521066333e+01 9.900279353466119403e+01 1.135473890791091520e+02 9.928647902369060319e+01 7.878390688079811355e+01 6.688835190075145931e+01 8.124995030697051845e+01 8.970214222481214961e+01 8.655036020448520162e+01 7.786237688368017018e+01 5.778316491830052115e+01 7.097523280595706296e+01 7.250023258807179616e+01 5.430135400271585411e+01 4.105551128829636554e+01 4.081824615377561116e+01 6.659722468184578759e+01 7.584138517298805482e+01 7.534443691079752625e+01 5.516014627312658547e+01 7.293164553657412341e+01 7.514893563184422476e+01 6.953586576078896542e+01 8.086084415080998156e+01 8.382118755907947616e+01 6.834439131090179842e+01 7.212157261250581541e+01 7.682057086324715556e+01 8.165339991077891568e+01
4.061607069313495089e+01 6.039641666782076612e+01 6.142024641189273382e+01 4.520342222999170900e+01 5.644907280417130124e+01 7.644953230805639066e+01 9.351678144570782081e+01 7.205434831644065241e+01 9.351678144570782081e+01 1.075724398893657963e+02 1.051705893291251925e+02 8.473606567413689561e+01 7.440273873850080122e+01 8.744931347791187193e+01 9.588404470106495125e+01 1.032574846191201061e+02 8.571808854591205318e+01 6.568987476123237457e+01 7.786237688368017018e+01 8.607703296687134298e+01 7.522071802433893595e+01 5.492705793872933384e+01 6.082212704863234620e+01 4.141531984098735109e+01 4.831650894450850586e+01 6.680573795673834070e+01 7.233544796830891244e+01 5.214839168270926706e+01 5.274456555337959429e+01 5.528933668971241389e+01 5.790022218441815482e+01 6.061551575676277537e+01 6.352609688467408944e+01 7.179748153422903556e+01 9.211631767917292279e+01 8.654139762200126995e+01 1.018842793872016728e+02
4.342236139533454775e+01 6.316027779068079440e+01 6.744673720916283344e+01 4.773734941417782807e+01 6.155108303565840089e+01 8.168010547389783937e+01 9.684309081686194531e+01 8.170294603135074851e+01 8.729967881884149961e+01 1.085268344685394908e+02 1.135473890791091520e+02 1.014286686251985117e+02 8.095184204817157081e+01 1.014286686251985117e+02 1.090704902786166599e+02 8.932375152947864194e+01 7.518962065992532473e+01 8.571808843416879142e+01 9.390152976449330424e+01 8.777467235117444488e+01 8.381805088635337597e+01 7.531463912129477478e+01 7.003991306320168064e+01 6.168177008667126415e+01 4.230629311531498615e+01 6.254441565862560992e+01 6.679251073975369479e+01 4.918123826330943871e+01 6.939076561680209920e+01 6.954048150066792289e+01 7.810580407130295555e+01 6.963543390393952848e+01 8.382118755933804266e+01 8.010335344336493790e+01 8.619606238578312229e+01 1.064090783030330130e+02 1.030553408177481458e+02
