LEM/sinusoidal_perturbations/elevation_000928.asc
nrows	100
cellsize	150.0
xllcorner	0
ncols	100
yllcorner	0
NODATA_value	-9999
[rows 34 to 50 of 100, columns 37 to 73 of 100]
7.739379848398982631e+01 5.767598473539916881e+01 7.545653000717950931e+01 7.400511980280352020e+01 5.371727355828075900e+01 5.375123985493916479e+01 6.800240454464885431e+01 5.858701894875914462e+01 3.940238010458091367e+01 3.602479253249914848e+01 2.460709410990470403e+01 4.468202557878704084e+01 2.949603278506994286e+01 4.596533099699278324e+01 2.685788442716718549e+01 4.636694134642690557e+01 4.881127907355386952e+01 3.068720643574958729e+01 5.037794208408657681e+01 6.007281046331627294e+01 7.055397490831211371e+01 6.267897250490378980e+01 6.736989683263405482e+01 4.815600178147253985e+01 5.520519908625063721e+01 4.815298282793531826e+01 6.449838528743907773e+01 5.603102798422627018e+01 3.894948037556946474e+01 5.964671812559968345e+01 7.005185027009952137e+01 7.230606927202583734e+01 6.194190537734575486e+01 6.492080461446549577e+01 5.978649533915673686e+01 4.535435350737336080e+01 6.380908316816423564e+01
8.558429251873786825e+01 6.752481405038139428e+01 8.558429251873786825e+01 8.286835258100522594e+01 7.404571313034621483e+01 7.438706070575794627e+01 7.757338835974235280e+01 6.704684277845005624e+01 5.779000291877659379e+01 4.645933751053154026e+01 2.609220037995003239e+01 4.668373782283967444e+01 4.993475650163200186e+01 3.283677729785406285e+01 2.719783638159653805e+01 4.669029223435415332e+01 2.918115289625529485e+01 4.881127907156589885e+01 5.801252204003039026e+01 5.375498532146475839e+01 5.046899084513596279e+01 4.181164344767176289e+01 5.062556019625726123e+01 3.750365350144528520e+01 3.752208012727254527e+01 5.520264354954430530e+01 5.447381004874848287e+01 3.541143046092307856e+01 5.359517295275510662e+01 5.455008641372211287e+01 6.031922726721852968e+01 5.897235592580297947e+01 5.985225735536986491e+01 3.646501164471607126e+01 3.649623601340359613e+01 5.702979658295225107e+01 4.634437158094281983e+01
9.546134926545596500e+01 8.726278291759849992e+01 9.546134926545596500e+01 8.494267006130168340e+01 7.672905445655631240e+01 6.976631131984910894e+01 5.805215139442687899e+01 7.202587780957217944e+01 5.841389463798165593e+01 4.814804564670778575e+01 2.775126309032526351e+01 4.236771341612011810e+01 5.912327836950863968e+01 5.062201765004569864e+01 3.945646785861175943e+01 2.768257023594147981e+01 4.090156387501693303e+01 5.051519186708262055e+01 4.909886065097524011e+01 2.959536251721236511e+01 3.000726284471447158e+01 3.041584360270938348e+01 3.082067928323087713e+01 3.122192839938191256e+01 3.990854179975726623e+01 5.175347955288062707e+01 3.274104137716340546e+01 3.313471434885320832e+01 3.353318995430063154e+01 4.902780245672222037e+01 4.414036565479496232e+01 5.361161879726558510e+01 5.552489539509756611e+01 3.590092612965797514e+01 5.207942721850159984e+01 3.713029805000059724e+01 3.759410042673923158e+01
8.880482971318210161e+01 9.877078970878304176e+01 8.813567604062500038e+01 6.837882791430624252e+01 5.703544290885403711e+01 5.010490648799144964e+01 4.373076170206955737e+01 5.650187712958154407e+01 5.020952597736802403e+01 3.021995280305103293e+01 4.814804564681284660e+01 5.635706482398912698e+01 7.033896756100084247e+01 6.405654914522442311e+01 5.024109849566048069e+01 3.089780099488840293e+01 2.821434325934096066e+01 2.859807336683897105e+01 2.901032610716849902e+01 3.995627162191349413e+01 4.307401705949028781e+01 4.987507806739776584e+01 4.554422125498843599e+01 5.107126010648394043e+01 3.178531788124077906e+01 3.218171828908175058e+01 3.638738708650343767e+01 4.764112249732595217e+01 5.342859363100780001e+01 3.409596714630563952e+01 3.449468021507028226e+01 3.489619450325195515e+01 3.530689482001145763e+01 5.474064822401131636e+01 6.085329891419697645e+01 5.686701486740209788e+01 5.471493835327050448e+01
7.058279813308975292e+01 9.050954308951985183e+01 9.637003077872968504e+01 8.494267006130168340e+01 7.672905445655631240e+01 6.976631132083932130e+01 5.650187712958154407e+01 3.377873613682599796e+01 3.261708634896443471e+01 5.020952597736802403e+01 4.106655645849554759e+01 6.070868572305801791e+01 7.200255266753441674e+01 5.182595287886683622e+01 3.690558809223396253e+01 4.944876950532789550e+01 3.760629096205705935e+01 2.977535574119793083e+01 4.604170377889963817e+01 4.224477080721324995e+01 5.308533233503103332e+01 6.294079499368049824e+01 6.635600576462562117e+01 6.317560359569941397e+01 4.348131486118362687e+01 5.210796752941063659e+01 4.524444908399499354e+01 4.213185370509071959e+01 5.789323713812791539e+01 5.719160581563915002e+01 5.219543460719648209e+01 5.156006868755042660e+01 3.607169409441939933e+01 4.405340303547353642e+01 5.162692654641224976e+01 6.833843774612931554e+01 6.602810615103989278e+01
8.880482971318210161e+01 9.877078970878304176e+01 9.246070977171429206e+01 8.418441396596634263e+01 8.418441396596634263e+01 6.690334612360069855e+01 5.450292835642534328e+01 3.489662649073464706e+01 5.230166782833400418e+01 6.050830544816962231e+01 6.070868572353020909e+01 5.489706338964986543e+01 7.473918328176627313e+01 6.344635271422777834e+01 4.269786472802405797e+01 6.030683844150162543e+01 5.246460944943760296e+01 4.257462421207055314e+01 3.141863550223877510e+01 3.257282881718211343e+01 5.173075656783831278e+01 6.122901081508801013e+01 7.199911631532117440e+01 7.328999326494589184e+01 6.514935430161095553e+01 6.256160579681731804e+01 6.263066676989213022e+01 5.880345765037563410e+01 4.781501556441435241e+01 6.481256971951424362e+01 7.345454287862368403e+01 6.116847838473744048e+01 3.996013991216364047e+01 6.060123704905132769e+01 6.965548228136675846e+01 6.426551843998288405e+01 8.143560879834953425e+01
9.462016544756093595e+01 9.985904740268387059e+01 8.418441396596634263e+01 6.418779615223176904e+01 6.418779615223176904e+01 5.865851402640905832e+01 3.916708983768904062e+01 5.450292838167206355e+01 3.766692072160051907e+01 5.713295214035780845e+01 6.804950780390235821e+01 7.473918341838451340e+01 8.301212318477797680e+01 6.951653992048002806e+01 4.938400654510715526e+01 6.951653992256233039e+01 6.920722284572596550e+01 5.971976508396006267e+01 5.416074230011900426e+01 5.173140984524188468e+01 3.422417100229183262e+01 5.342624143223295619e+01 5.205605219967105768e+01 7.268800974652714331e+01 8.277630192650890706e+01 8.189377884596844126e+01 7.972837102882596128e+01 6.146035911728559142e+01 5.259776788457875085e+01 7.008528844570278693e+01 7.676722011391206024e+01 5.520416515239664079e+01 6.139884918306773898e+01 4.558435176776852416e+01 6.678338947196827746e+01 8.154681856288469533e+01 8.883883111586266068e+01
1.028773328937958951e+02 9.158376542547685517e+01 7.159829524908533926e+01 6.004418324834901455e+01 5.016245059915920024e+01 4.553049534142250820e+01 4.315368113714381337e+01 6.274321381392151409e+01 5.714045090507915603e+01 4.035569950413872675e+01 5.981276482369003133e+01 7.872385293176120058e+01 8.699886361242290889e+01 7.645665312375029998e+01 5.682704871710735972e+01 7.645665312375029998e+01 8.285045528168066653e+01 6.319689646673623429e+01 4.951857190479216086e+01 4.276403321626769838e+01 5.340807368308697534e+01 3.595357986222155944e+01 5.521010972366630654e+01 6.671297802350271411e+01 6.310280271399894048e+01 8.277630192650745755e+01 8.779481076860825794e+01 7.611473233245149572e+01 5.802640413520514784e+01 7.611473233245149572e+01 8.568435374316237585e+01 7.682049738510177406e+01 7.074342484067238956e+01 4.941812402571627416e+01 6.448667078460570679e+01 8.584854588562559741e+01 9.080076435232457754e+01
1.056746787785185546e+02 9.312984672824251220e+01 7.314406715209803167e+01 6.159214073861647876e+01 6.936429721062198439e+01 4.950104743401674767e+01 6.274321395175358163e+01 6.274321390421463462e+01 6.173474962771102525e+01 4.222634349200092885e+01 6.173474962615717487e+01 5.873273494145243490e+01 7.872385293189790900e+01 8.462691172234522696e+01 6.821513837792623747e+01 8.462691172255358651e+01 8.285045574013422254e+01 6.319689646686699547e+01 6.895328304747327763e+01 6.207473672713690860e+01 5.645709263684666013e+01 3.720892362050253155e+01 4.062589904898707260e+01 4.733145388022071387e+01 5.842494083566700880e+01 7.223401882407996766e+01 9.203860363491673979e+01 8.417040682115060690e+01 6.667619715675051850e+01 8.417040682115060690e+01 9.326490527192275692e+01 7.708699224396737293e+01 5.557490743850896564e+01 7.074342484067238956e+01 7.945548100199711428e+01 9.011864617029543467e+01 8.181947449286649032e+01
1.030876208525411357e+02 1.014063382457504332e+02 8.986793637531603451e+01 8.159104581264354294e+01 7.436416443993208247e+01 5.436469552269156935e+01 7.436416443993208247e+01 8.269331097003396280e+01 6.999981388182040121e+01 5.178673430975221947e+01 4.492072549638719181e+01 5.354018067202280662e+01 6.507016501552786281e+01 8.509845844871472309e+01 8.771477164252850400e+01 9.594936045998822749e+01 9.106439585741554765e+01 8.285045566840751974e+01 7.040704324629504640e+01 6.013326893895306569e+01 5.510670101008943078e+01 3.858438420559950544e+01 5.782064687740766828e+01 4.621489448069664263e+01 6.556731583625357018e+01 7.995611349982563354e+01 9.394928037593720660e+01 9.373859429445447233e+01 8.555327618179386207e+01 9.373850687511155400e+01 8.468634946774982097e+01 6.319209061677400285e+01 6.639053231364425756e+01 8.574672596408768754e+01 9.336427138069433340e+01 7.336810060134948230e+01 6.190671935226332323e+01
1.113434840211509851e+02 1.094645196025726079e+02 8.947027612297277699e+01 7.535165386839500457e+01 6.379030027900129340e+01 6.591184819175856546e+01 8.264291294024782530e+01 8.800863205747680240e+01 6.801361004137042698e+01 6.673624171473068145e+01 4.692721626323176309e+01 6.673624171473068145e+01 8.181946401256752210e+01 9.340764430628101422e+01 9.828910987825588563e+01 9.001446176789188769e+01 8.852453980342492912e+01 7.461429725989094663e+01 6.314759623427512736e+01 4.391660065632913046e+01 4.171231524143280467e+01 4.035520194670871774e+01 5.956719007564516488e+01 6.556731582183378748e+01 5.222278528651373364e+01 6.596294662371398942e+01 8.436865532219853492e+01 9.062006608940855301e+01 9.891291457133370102e+01 1.053179569886608959e+02 8.450669725120108922e+01 6.927242251833706632e+01 8.165607707073654353e+01 9.633297979311591064e+01 1.016748847705992205e+02 9.011868852497343596e+01 7.690649760141755564e+01
1.001863041524715499e+02 1.084773330119255661e+02 1.001076650890962441e+02 8.012758493750557420e+01 7.794246932469992828e+01 8.591024315575718617e+01 9.418564018739881760e+01 9.628114925858487538e+01 8.123721703733572497e+01 6.893919331104022774e+01 4.898771798707742420e+01 6.892507889853604297e+01 7.429948553512983267e+01 9.420885993442144013e+01 9.001446176789188769e+01 7.033120154565601467e+01 7.609628650506114411e+01 6.070348852391832395e+01 4.709651817541623586e+01 6.314759657545812388e+01 6.090943444095793069e+01 5.956719013899088111e+01 4.284329409732417560e+01 6.207033612069430717e+01 7.173886734252511133e+01 5.927540750784002199e+01 6.467836352589471005e+01 7.085136947572425470e+01 8.476317384262824817e+01 1.047598547849434851e+02 9.725916154396900026e+01 7.620791887622631577e+01 9.725916154396900026e+01 1.110098825154954341e+02 1.053905115380426309e+02 9.245954494812548319e+01 7.958933540526487604e+01
8.023805653986043751e+01 9.187163455551821301e+01 1.001535618591740331e+02 1.001076650890962441e+02 9.792083774738271984e+01 9.965776743079644007e+01 9.138808119868649271e+01 8.386660807494432390e+01 7.296011544189379094e+01 5.285559443040636296e+01 6.893537650072528322e+01 5.420858242349157763e+01 7.431106862340266161e+01 8.848783736654813481e+01 9.001446176789188769e+01 7.033120154565601467e+01 5.653404148229827086e+01 5.043965255937909831e+01 6.644102395053151611e+01 7.461441715662745366e+01 7.250306095544327434e+01 5.298720155731545134e+01 6.204906527399915461e+01 4.539085776759277024e+01 6.470663175543025147e+01 7.890734447023916687e+01 8.436865532219853492e+01 9.062006608940855301e+01 8.476317384262824817e+01 1.047598547849434851e+02 1.057164348705738632e+02 8.580322842498515001e+01 1.057164348705738632e+02 1.053905115380426309e+02 8.530524826810861327e+01 8.415507922988116718e+01 6.425346223966053572e+01
6.874505909371050905e+01 7.193682781278978666e+01 8.602630102101566933e+01 1.059835180511083763e+02 1.029085730258432108e+02 8.295449585307856921e+01 7.148813382039753606e+01 6.387424131899985014e+01 5.707915592037404195e+01 7.296011544189379094e+01 8.120977857653790011e+01 7.430246680168414741e+01 6.016559888504447429e+01 8.022238841330836578e+01 9.585989258220701004e+01 7.609629498888948262e+01 7.262066460845687743e+01 5.307498438968017496e+01 7.262066460845687743e+01 8.864345979185564772e+01 6.887558909474485347e+01 6.672079530742766451e+01 6.657742261683050344e+01 4.719320208071479783e+01 6.656934572135288875e+01 7.751344076755634660e+01 8.635748648400752359e+01 9.780592403000447632e+01 1.047598547849434851e+02 1.130626553000391539e+02 1.149258009073287354e+02 1.005424560185780791e+02 1.149258009073287354e+02 1.027569432446303779e+02 8.899096275110812826e+01 6.905210481030736958e+01 8.415506310187159045e+01
6.131003097153124060e+01 8.121603214082668387e+01 9.187163455551821301e+01 1.118445922195961089e+02 1.111813202264483209e+02 9.965776743079644007e+01 8.220822465998723771e+01 6.218526892287928831e+01 7.135662770386136344e+01 8.546937838567703238e+01 8.685370853164575067e+01 6.692977403639497425e+01 8.021954857538764827e+01 8.850534441144894515e+01 9.959372580199178060e+01 7.979492309122770166e+01 7.541841969031106885e+01 5.583413411733165788e+01 6.965837735488599947e+01 8.932439201633734172e+01 8.864345979185564772e+01 8.644927582402276300e+01 7.477762882068813610e+01 6.658051287417292485e+01 4.981484644317055910e+01 5.846207430083055101e+01 6.976309369019111273e+01 8.952476281151000137e+01 9.390716667156679875e+01 1.022075721335364307e+02 1.122164437949777351e+02 1.209756709947272384e+02 1.086682918285054598e+02 8.854215165818968103e+01 7.442708402714350768e+01 8.899096275110812826e+01 9.730448140220929076e+01
6.530985566298292611e+01 7.525699890684340687e+01 8.934903137167545140e+01 1.093131933405935996e+02 1.116148070767482352e+02 1.033393794212053649e+02 8.584685341281250714e+01 6.591726253480779008e+01 8.584685341281250714e+01 9.958212906749294291e+01 9.503410229998290504e+01 7.586685566364769784e+01 7.586706458014289467e+01 9.574735454636029885e+01 9.373153597414294325e+01 7.402218902158078606e+01 6.022260487480983926e+01 7.541841969031106885e+01 6.965837735488599947e+01 8.932439201633734172e+01 1.004188696945943349e+02 8.063276089096908095e+01 6.713799848232217471e+01 5.604850306742554977e+01 5.199199089074700453e+01 7.159986967222404530e+01 7.939333141241907299e+01 8.332574185949064827e+01 7.411113351621790457e+01 8.390707969995688131e+01 9.800884611151450088e+01 1.181472691025200561e+02 1.102591504518416059e+02 9.010331722339302019e+01 7.855059790667809239e+01 9.010331722339302019e+01 1.102591504518416485e+02
8.522669898229108298e+01 9.350281301118987187e+01 1.034817790343779365e+02 1.149012750688407039e+02 9.487548437532676360e+01 8.337695552750908234e+01 7.589941443138735622e+01 7.054646629210286335e+01 8.455762641429039661e+01 1.045116771916933089e+02 1.037982245650854765e+02 8.731960498914098423e+01 8.287561129741811783e+01 1.027811808887844762e+02 9.447385789753181484e+01 7.477163935151018848e+01 6.355291546550043336e+01 7.731100035565303585e+01 8.932439201633734172e+01 9.759628351369518384e+01 9.852594016247374498e+01 8.229343183665119454e+01 6.311623452584559146e+01 7.471246768739439403e+01 5.525179181224920910e+01 5.643879027550480032e+01 5.971479175858719657e+01 6.366368962413254451e+01 8.332574185949064827e+01 9.804459640734152970e+01 1.063599535169951906e+02 1.164051093754332129e+02 1.185610085841648811e+02 1.036566407651257293e+02 8.351877655124518185e+01 1.036566407651257293e+02 1.185610085847076505e+02
