LEM/sinusoidal_perturbations/elevation_000791.asc
nrows	100
cellsize	150.0
xllcorner	0
ncols	100
yllcorner	0
NODATA_value	-9999
[rows 0 to 16 of 100, columns 37 to 73 of 100]
9.999747558927413138e+01 1.013620248566169124e+02 9.328985489638755269e+01 1.013620248566169124e+02 1.015848668815635421e+02 9.329783595312649425e+01 9.329783595312649425e+01 9.915702928559116458e+01 1.017120985991875557e+02 9.343941577553245281e+01 9.394809909848315499e+01 9.930016651720579546e+01 9.515929052217570927e+01 1.034314984043507053e+02 1.134297174710935963e+02 1.316116980250483550e+02 1.231890767833586722e+02 1.258365389535408667e+02 1.342538925572085020e+02 1.341072631188469302e+02 1.258850528230968280e+02 1.258850528230968280e+02 1.316756185803633059e+02 1.327420580283520621e+02 1.301779628969571547e+02 1.384223199068288181e+02 1.231025440063198317e+02 1.148312014071599805e+02 1.148312014071599805e+02 1.117649274577892271e+02 1.200310361081383093e+02 1.222110650734857842e+02 1.139583199874544874e+02 1.222110650847432680e+02 1.231954919082846516e+02 1.149409767980234420e+02 1.123841058350641333e+02
8.659184737327957748e+01 9.155661674629439517e+01 7.362814258817437008e+01 9.155661674629439517e+01 9.329783595312649425e+01 7.326128117880077184e+01 7.326128117880077184e+01 7.912985220058514813e+01 9.015863403196567560e+01 7.341200564816891472e+01 7.392448748361562139e+01 7.927523869849228788e+01 7.512173159938595290e+01 8.515048346356347508e+01 1.051680975807879292e+02 1.197944712091604202e+02 1.026655221513882879e+02 1.053350498611123385e+02 1.258365389535408667e+02 1.258850528230968280e+02 1.063517857980420729e+02 1.063517857980420871e+02 1.120729472509530211e+02 1.131320313175531851e+02 1.106018262980700797e+02 1.270646509511922773e+02 1.148312014071599805e+02 9.505057510564419943e+01 9.505057510564419943e+01 9.199793328827027494e+01 1.085865698024236821e+02 1.125349129131067087e+02 9.484277402220369879e+01 1.125349129742510854e+02 1.119073652512653752e+02 9.554534144667852047e+01 9.306178554964637328e+01
6.667238488422363218e+01 8.073065145684780930e+01 6.360400600609508359e+01 8.345899874228088322e+01 9.132840566592430775e+01 7.912985220058514813e+01 5.907232502222824166e+01 7.912985220058514813e+01 8.120429644069763242e+01 6.184253228408339709e+01 5.975358269450590853e+01 6.511849337317094921e+01 8.514051106078076714e+01 1.034314984043507053e+02 1.134297174710935963e+02 1.113397969918626416e+02 9.077347305967884949e+01 1.048361543196095340e+02 1.253283916755642053e+02 1.256353047814518646e+02 1.120729472509530211e+02 9.255930766730003256e+01 1.120729472509530211e+02 9.936329749709069858e+01 9.936329749709069858e+01 1.188756751618968224e+02 1.148312014071599805e+02 9.505057510564419943e+01 8.116910742990459937e+01 8.067786660094135698e+01 9.609782611545583109e+01 1.024665812177963318e+02 8.587697267788711031e+01 1.044005470048246877e+02 1.037429015068207150e+02 8.459041316936330190e+01 8.212529083352715986e+01
5.242385815540414029e+01 6.750859066516220253e+01 5.646975200401016792e+01 7.643919874019759675e+01 7.126936120723239299e+01 7.308228021213369630e+01 5.297471524784496921e+01 6.519544440876198621e+01 6.723505013226629501e+01 5.282542959620346323e+01 7.291708433444696880e+01 8.514051106078076714e+01 9.342248436355060903e+01 1.072698391629678270e+02 1.158386132469129137e+02 1.048361543196095198e+02 8.432179589411842358e+01 9.882291474359452366e+01 1.193533988578236205e+02 1.174532834282163094e+02 9.794360189373554704e+01 8.661510094611531940e+01 9.926881663317352888e+01 8.804792379288859649e+01 1.076101986645903850e+02 1.121886777743071804e+02 1.203630510588861995e+02 1.064602284885751970e+02 9.156926523357572023e+01 7.183450812269809660e+01 7.497539846579863365e+01 9.484059807257159491e+01 7.965054392759601853e+01 9.806631130405308738e+01 1.001371171862019764e+02 9.206470046419322273e+01 7.359422708695082349e+01
4.778105883665486431e+01 4.742622071404085204e+01 6.739964656702002799e+01 7.139129877361395415e+01 5.702444765294884377e+01 6.071656088797065820e+01 6.250578128478241524e+01 4.500284828371290047e+01 4.707254318369911061e+01 4.952658853977408171e+01 6.964441006210584817e+01 8.139477971839905024e+01 7.935321018305420182e+01 9.910124383311254803e+01 1.013689975970302157e+02 8.689938194714771669e+01 7.927820145587018885e+01 9.970756471323670667e+01 1.176944405703449803e+02 1.095330463053301457e+02 1.143302143120820915e+02 9.926881663316039806e+01 7.963438122009362985e+01 9.926881658628218474e+01 1.090396271115929636e+02 9.262645099495749434e+01 1.090396314995074931e+02 9.821591474197350635e+01 7.836163889395990623e+01 6.675508059745617118e+01 8.675304323616460067e+01 9.253164685979122339e+01 7.396753956518853101e+01 8.530207063739197793e+01 8.902475083545029122e+01 7.291748979170516520e+01 6.841986940500306957e+01
6.223939506790014775e+01 4.182752220079117933e+01 6.137732127168451512e+01 5.074967585121870428e+01 5.823339285421661771e+01 4.048891298163965047e+01 4.228490645508880164e+01 6.250578325330547358e+01 6.723505013226629501e+01 6.964441006210584817e+01 5.306683381130501687e+01 6.311357358187290600e+01 8.026887636437083984e+01 8.370924637182807260e+01 8.727234467531910411e+01 7.261499240889702378e+01 8.424482512484176766e+01 1.047179289863978369e+02 1.095330463053346790e+02 8.995978029515698893e+01 9.569265717956675132e+01 9.574236792984331146e+01 7.609986534086367271e+01 9.574236792986889100e+01 9.041513013632291518e+01 8.128946307794257109e+01 1.008944208773012008e+02 9.846969178702585168e+01 8.266138737691883875e+01 6.263135745396171927e+01 8.266138738022823418e+01 9.550481111987299698e+01 7.842296539313559833e+01 6.640646223573405393e+01 7.901445283896987348e+01 6.168371384794198065e+01 8.101005322820175536e+01
5.905957059783375485e+01 3.859837243322803602e+01 5.399285771672850842e+01 3.639091690738226959e+01 3.800264388078937117e+01 5.823355054555275956e+01 4.816098713086064009e+01 6.832594920701805563e+01 8.607897804862354008e+01 8.139477971839905024e+01 7.311555266043647805e+01 5.682595352401455813e+01 6.017963733095049150e+01 6.360612829645603483e+01 6.711641689585658810e+01 8.129658340904771308e+01 1.013689975970302157e+02 1.131829290563232178e+02 1.095330463053274599e+02 8.995978029515698893e+01 7.606266913496422433e+01 8.767874811852523464e+01 7.273328639188677869e+01 9.041513013632284412e+01 7.077203567815392660e+01 9.041513013632291518e+01 1.037751573666908342e+02 9.024633609880540064e+01 7.041918606814014936e+01 5.866834647235846489e+01 7.879913855790516664e+01 9.031671431313353082e+01 9.251232153782119383e+01 7.901445283896987348e+01 5.975511926225082249e+01 5.746936539980320902e+01 7.698023289645877298e+01
6.054517423463259718e+01 5.200336460409838679e+01 3.411420010615860576e+01 5.432241561817181008e+01 4.221836468125273001e+01 6.205554927034774693e+01 6.832594920701805563e+01 5.771092625841389889e+01 7.192311099469939961e+01 9.196241883837400621e+01 8.505540181343566530e+01 7.669158720829592824e+01 6.329381590777514788e+01 8.290349100249339642e+01 8.727234467531910411e+01 9.572987322979035696e+01 1.101631630505329440e+02 1.233777939140582305e+02 1.037983640781586985e+02 8.995978029515698893e+01 8.767874811853172901e+01 6.803976940549972596e+01 8.386404693796889376e+01 8.142512563536489267e+01 6.481262367429829396e+01 8.449250956550797298e+01 9.554439414743133341e+01 7.578155152537043193e+01 6.423565798434928809e+01 5.496741960416964901e+01 7.064094964589932601e+01 7.048582706028146561e+01 8.463487967311132820e+01 7.778242555970840044e+01 7.307805929333490269e+01 5.333065641440241933e+01 7.305520143462032934e+01
5.037853834143557918e+01 3.206819541278251506e+01 5.233455726579688871e+01 6.266315281522472702e+01 4.662613846231626979e+01 6.636072520059934732e+01 8.128554783637039804e+01 7.779248837182693421e+01 7.192311099469939961e+01 9.196241883837400621e+01 9.669395476404480405e+01 7.721516043912082239e+01 8.290349100249339642e+01 7.126764096721380781e+01 9.056104288797891400e+01 1.084418698700882260e+02 1.191304706365237536e+02 1.153152102992576573e+02 1.176944405607633541e+02 1.036074293859031314e+02 8.407472668458744636e+01 8.386186918061960682e+01 6.419946940580544492e+01 6.170852342493658682e+01 5.923400986504493204e+01 7.594214444693827204e+01 8.408849202643858689e+01 9.234745579985538200e+01 8.345752407205426948e+01 7.064094946726071100e+01 5.022314250953504455e+01 5.751436684489323881e+01 6.966609983117329818e+01 5.775398401815405691e+01 6.626993717092965142e+01 5.031000146983416244e+01 6.757917683399784892e+01
3.002367614988888533e+01 5.037853834118750740e+01 4.642478754415159869e+01 6.660200347838055279e+01 6.636387750825548437e+01 5.322562642621873863e+01 7.293300304927382172e+01 8.946465320083821382e+01 9.196241883837400621e+01 1.002348451027065437e+02 1.047751410101221978e+02 9.671269410283733237e+01 9.848810117544805109e+01 8.247173307419808452e+01 8.215612696267398007e+01 9.747247314113607786e+01 1.062731926830805662e+02 9.140313018471672990e+01 1.086391506888860334e+02 1.113624611214633404e+02 9.367834978106475319e+01 7.404973090098769717e+01 8.386404693796680476e+01 8.142512563535521508e+01 7.594217775762032829e+01 5.598674418873311254e+01 7.300005083102649905e+01 8.115941986479163006e+01 8.222523494722054238e+01 7.887819032402717312e+01 6.625645097955299434e+01 4.595621747753750697e+01 4.869027186746505720e+01 4.344719489891539155e+01 4.614535126120252073e+01 6.529645330214628984e+01 4.735679153598463387e+01
2.864938325484398263e+01 4.907750074903719195e+01 6.660200347834148715e+01 7.493191424684886215e+01 8.128554783637055436e+01 6.704577336355866635e+01 6.113140109739433115e+01 8.107490402555751530e+01 9.192611379781558867e+01 1.122155335138308345e+02 1.159382925339301948e+02 1.077413898699065555e+02 1.095377600198475960e+02 1.016112455881743415e+02 9.530943274387676922e+01 1.084418698700882260e+02 9.850716361048330327e+01 7.786257717079517704e+01 9.850716399189998640e+01 1.096716249712369944e+02 9.008391185259637268e+01 8.794192196624496205e+01 1.018147815959870712e+02 8.731102088542368733e+01 6.761960689395229451e+01 7.300005079325336510e+01 5.282649102693264354e+01 7.011741054663866635e+01 6.231346495963029497e+01 7.634488625944440798e+01 7.299293315926918524e+01 5.891899375751206236e+01 4.224875105792777674e+01 6.223038088427230008e+01 4.482166478819706157e+01 4.584138243177882543e+01 6.621488045545711998e+01
3.134337552722389120e+01 5.158308574185863193e+01 6.494246518524170142e+01 7.323607662506859128e+01 8.217432184613167578e+01 8.714603280133292174e+01 7.512495612657738775e+01 7.162535919791419303e+01 8.596379413960053739e+01 1.063204267798820268e+02 1.045251235104609293e+02 8.798185207829141063e+01 1.014677899657476132e+02 1.096666608113629309e+02 1.138046734871204677e+02 1.019855013167235569e+02 8.986439698219798800e+01 6.916386466606599015e+01 8.986439698219798800e+01 1.019989724935945787e+02 1.096716249712369944e+02 1.075273116111766711e+02 1.033238545534463526e+02 8.371221851924583746e+01 8.731102088526660054e+01 7.290892956848527717e+01 6.946223828852538418e+01 4.962979735303843398e+01 4.735738829355579327e+01 6.536766671800737072e+01 7.320275737830564822e+01 6.128150387993732551e+01 4.147351676176783997e+01 6.107389537218607245e+01 6.591268696196389953e+01 6.663479167861872554e+01 7.556522883568304394e+01
5.158308574185863193e+01 3.819745405253492265e+01 4.494277438923269585e+01 5.390910866255600808e+01 6.800328322913483703e+01 8.802885743572961985e+01 9.543934893868873814e+01 9.192611379781558867e+01 1.003042581174426857e+02 9.901136470955871971e+01 9.081301854621533209e+01 7.649504657860833845e+01 8.165975318127276239e+01 1.014678046925918409e+02 1.076868941701846012e+02 9.368217934803865887e+01 7.356316777714231137e+01 6.291934471196665868e+01 7.356319440788057307e+01 9.368342706776572015e+01 9.704632287775619659e+01 9.516854635998744527e+01 1.033520672746804649e+02 1.033238545534463526e+02 1.004525416425567386e+02 8.627828917727256908e+01 6.652307681985647037e+01 6.016836041657698786e+01 6.536766672080376850e+01 4.416163073527756922e+01 6.256087803242813550e+01 5.971296460080259294e+01 4.067348518536047663e+01 6.054823909682880156e+01 7.687708881863308363e+01 6.858632619710205347e+01 7.688890216519574494e+01
6.656728137009437773e+01 4.722599768117697039e+01 5.827590158662754050e+01 7.323607662506859128e+01 8.217432184610750312e+01 8.862001015682047012e+01 8.943469847380838189e+01 8.121748923843483681e+01 8.943469847380838189e+01 8.709528757001739052e+01 7.091627362793980183e+01 6.753300327230607536e+01 8.165975249243322764e+01 1.014675969646778384e+02 8.792339842331992372e+01 9.521833355433463453e+01 7.725507471479208732e+01 5.705134188434478659e+01 7.725507518677667917e+01 9.123145796149448472e+01 7.723342383403790734e+01 7.534189550514706468e+01 9.191694862051286918e+01 1.090641236708244861e+02 1.008992200459653503e+02 9.426520720121797581e+01 7.976308015974140631e+01 7.989831867260841136e+01 6.536874721603835781e+01 6.260631862485033139e+01 4.123010554493829716e+01 3.948631922754177026e+01 4.287270048567623348e+01 5.972000333184000453e+01 5.868453914502420332e+01 4.038682961017446615e+01 6.692690077289161366e+01
6.109912488857916202e+01 5.877024008301953018e+01 7.551214768473755612e+01 8.658444306383594835e+01 8.278958849139910114e+01 6.878658928610975920e+01 7.945615998574767502e+01 6.121112954885356316e+01 7.945615998574767502e+01 6.715091086308368062e+01 5.929846869634351236e+01 7.091627362793980183e+01 9.081301857895053331e+01 9.371199230689576609e+01 7.384052790415549339e+01 7.966074507340898947e+01 6.688743068917385415e+01 5.272574048269571989e+01 7.276368466727603845e+01 8.130033381695912453e+01 6.313940791646388107e+01 6.382804124166451487e+01 8.372162402903269651e+01 9.771656369392576380e+01 8.126839190179417471e+01 9.771656369392576380e+01 9.868067651076059121e+01 9.353722407998161259e+01 7.548830647695152152e+01 5.512981943303621080e+01 6.260631812549632258e+01 5.871450380601349650e+01 3.837312835092966168e+01 5.578163634740192833e+01 3.856062578898662707e+01 3.949647045534231182e+01 5.963811590146328712e+01
6.109912617432830473e+01 7.875184881358312339e+01 8.706235655073616897e+01 7.739855752626857566e+01 6.915115727449803273e+01 5.458605061867144315e+01 6.046972140739357826e+01 5.111302589034549726e+01 6.718860658722388735e+01 5.288726467296536526e+01 7.299248355400563071e+01 8.754159180506118787e+01 9.901136888292791127e+01 9.371194771806472090e+01 7.384052782411613691e+01 5.972195549021441252e+01 6.869342486309012941e+01 4.885839255925640146e+01 6.869342491112408311e+01 6.585254438922484610e+01 5.327276096979048248e+01 7.308805670474387739e+01 9.191694862051286918e+01 8.956535613251284644e+01 6.976331873954235618e+01 8.465017568882771570e+01 9.281292263290808364e+01 9.531207982622075292e+01 7.548610070592683030e+01 7.547642474512480248e+01 7.784025709389497649e+01 6.474165916055639514e+01 5.648999373085975861e+01 3.724556066877294569e+01 5.735997584563385487e+01 5.890967746821898032e+01 4.081954561303693652e+01
8.109106149241235073e+01 8.957857511768899883e+01 8.328107241263637661e+01 6.329847990718431561e+01 4.905241640426496730e+01 5.613198392504385481e+01 4.032608630119353421e+01 4.363169708816104020e+01 4.703776009005781589e+01 5.420200956787262214e+01 6.324617916246091198e+01 7.483246461609313371e+01 9.469376323126124362e+01 9.113613737304858375e+01 7.125259555580642257e+01 5.972195113022644364e+01 4.989022838908866220e+01 4.527705451249047996e+01 6.076912255367412286e+01 4.626434433694762305e+01 6.585254438922484610e+01 8.130033381695912453e+01 9.602543236556314810e+01 7.630487073073618376e+01 6.202267889585978367e+01 6.466302525342199203e+01 7.798800301426197734e+01 8.618198753366344533e+01 8.201544038503607226e+01 7.044915065038486546e+01 6.187153338759033971e+01 4.973999606356326808e+01 3.638891402445700862e+01 4.268838728097292545e+01 6.224811295812962442e+01 5.731038876600302245e+01 6.099975319436959609e+01
