LEM/sinusoidal_perturbations/elevation_000409.asc
nrows	100
cellsize	150.0
xllcorner	0
ncols	100
yllcorner	0
NODATA_value	-9999
[rows 34 to 50 of 100, columns 37 to 73 of 100]
3.096091517948748262e+01 4.239350937797001961e+01 6.207202657297389692e+01 6.135909284878647441e+01 4.163951550301344184e+01 6.135909284878647441e+01 7.026417300242783881e+01 6.945632143962720306e+01 7.180803169983761336e+01 9.174886738676337927e+01 1.022618617172547886e+02 1.015189363083014200e+02 8.307418910982735838e+01 9.864253128423062833e+01 1.070304598607095414e+02 1.056640802642540109e+02 9.727253872084480690e+01 9.472703187321924645e+01 8.632247570524729952e+01 6.673559322980007380e+01 5.357035104535954417e+01 6.049117428808592933e+01 5.764333098507938047e+01 4.799856357465103684e+01 3.636034063462875565e+01 3.451678030906332140e+01 5.697319329819467271e+01 6.431047803286863029e+01 7.146884534061754835e+01 7.660184532493858001e+01 8.484746596474431612e+01 9.491739209331012717e+01 8.070535367755974221e+01 8.290189279797790789e+01 1.029908680303863093e+02 1.026442795940018016e+02 1.109421565022230851e+02
3.334518219438302822e+01 5.304798660939195543e+01 7.032991913192591937e+01 6.767276792994798029e+01 5.736972272746297818e+01 4.538985627577908133e+01 4.985755694160586415e+01 5.503350785590021133e+01 6.205019643830033260e+01 7.252662339058998953e+01 9.371532417743490839e+01 1.116067035202620161e+02 1.032085135626156358e+02 1.116067035202620161e+02 9.818803830681073919e+01 8.980634047872860037e+01 7.710048190594329753e+01 8.666399037209168910e+01 8.575103186079256545e+01 7.142789634699379064e+01 6.054016134395956072e+01 4.243964601068526576e+01 4.064406081507122792e+01 3.888095253964832665e+01 5.417669915125034663e+01 3.513371086968871992e+01 4.675477400695194063e+01 5.944255591497989144e+01 6.413445292653426577e+01 5.688916722616175292e+01 7.081734923001990012e+01 9.056685427711964564e+01 1.007909493258844975e+02 1.029908680303863093e+02 9.949141197398614622e+01 8.289367523307602426e+01 9.949141197398614622e+01
5.286096440651770934e+01 5.299646208412296744e+01 7.255946198681550641e+01 6.901316890589984610e+01 5.012550675011316059e+01 6.549080899934334354e+01 7.026417300242783881e+01 6.595543809561512205e+01 8.312097378401249159e+01 9.174886738676337927e+01 1.022618617172547886e+02 1.132543075302392452e+02 1.048531638174868590e+02 1.026361086612473628e+02 8.980634047884899474e+01 6.968575853497684136e+01 6.553168478742239245e+01 6.650469131896005592e+01 6.527154490346808302e+01 6.328649648369684400e+01 4.506942859528785306e+01 6.054016134395956072e+01 4.937752841407316140e+01 6.054950755312152921e+01 5.701298639945664348e+01 5.452671358738093232e+01 3.599242639899036789e+01 4.008158318483068427e+01 4.448395721779512968e+01 6.413445302135350801e+01 7.992166052453845282e+01 8.817335312988157625e+01 9.961827823381923963e+01 1.052303541619015732e+02 8.544679150271738877e+01 7.149560826323812535e+01 8.136843555640076886e+01
5.893828778232825272e+01 7.006008876618210479e+01 8.004895641999900135e+01 7.278992040452277479e+01 5.390242507819757378e+01 5.994705995223016259e+01 6.709000760371769445e+01 7.533335414633100413e+01 8.585094457089459752e+01 1.060957846200283541e+02 1.186969981128992089e+02 9.844524827059854033e+01 8.464602417250942779e+01 8.243803910334645479e+01 8.440231000196746436e+01 7.557894054216332336e+01 5.528416435199685708e+01 5.157760608458968221e+01 4.918448432842514961e+01 4.772603646481358197e+01 6.328649648160667596e+01 7.143069603864142891e+01 6.230795535544101682e+01 7.623713520216743689e+01 6.845502689312388611e+01 4.241842369390275280e+01 3.659751294329020510e+01 5.516086321439453855e+01 6.379816644851523932e+01 5.324142238085533307e+01 6.019462415508679953e+01 7.158405156950041714e+01 9.131104616393628248e+01 9.507708413756040500e+01 8.679293450163886803e+01 8.123696211020707381e+01 6.154861223463704079e+01
4.299865938015866362e+01 5.275817109422117568e+01 7.246305365208134219e+01 8.091034737483762740e+01 6.468614369871549741e+01 5.996988419615344412e+01 7.894453938894491785e+01 9.407640279972098085e+01 1.029120204255581115e+02 1.144650872576679319e+02 1.142247479192274113e+02 9.844524827059854033e+01 7.826245007766414119e+01 6.820406098691388763e+01 6.431202936028745398e+01 6.062166646037907469e+01 5.845726486235647457e+01 6.931686282537386035e+01 5.182916367964402582e+01 6.608994699147703500e+01 6.043374985825098378e+01 7.994056137022720065e+01 8.183438025453192211e+01 8.300933268504189755e+01 7.248753146280633075e+01 5.978039494807160992e+01 5.138464193623682519e+01 3.743858690692680113e+01 5.890339781091714144e+01 7.294709992976255819e+01 7.992166052453845282e+01 8.817335312988157625e+01 9.437927607683124620e+01 8.682949548716003108e+01 6.703389109427992310e+01 7.198442693539837478e+01 5.565575645464829790e+01
4.572383618804285987e+01 6.512745408917325562e+01 8.000678198956130416e+01 9.210339220795948734e+01 8.385988525125219439e+01 7.073020283657155005e+01 6.695066945430581029e+01 8.042728049318024830e+01 1.002335019836057626e+02 1.133870551951171421e+02 1.058220531595083003e+02 8.562096347161978827e+01 7.554490405262602337e+01 8.835405295504901346e+01 8.440231000196746436e+01 8.067163854413885815e+01 6.304942605799464417e+01 7.748546620131462248e+01 5.827826943285117522e+01 7.741055525548034666e+01 7.993838957629118624e+01 8.828325674799671674e+01 8.275962932529704119e+01 7.121562582046423984e+01 5.581653059002625383e+01 5.847174857495414102e+01 3.826783814540116424e+01 5.068463302061447706e+01 5.630557399886067316e+01 7.750223741416043310e+01 9.236884898416082024e+01 8.864048366974608939e+01 7.461997928650362155e+01 7.854496242774872883e+01 7.034257107852951663e+01 5.317840745844748795e+01 6.816795314251777427e+01
4.852000983867023365e+01 6.812409646089130888e+01 7.281133795725683910e+01 9.275383449851720741e+01 9.846653938733737732e+01 9.016553179472188617e+01 8.622838845804312768e+01 7.535467113037941544e+01 8.503462254653909724e+01 1.050161985897657360e+02 1.142247479192273829e+02 1.021044743231938554e+02 8.191979465307387898e+01 1.021044743231938554e+02 9.960544496646134860e+01 7.942280640199125230e+01 6.802853159461761834e+01 8.630369230253334933e+01 7.207692733592094214e+01 8.630369235436822350e+01 9.353663691605180475e+01 8.521375435446297786e+01 7.444780095613194248e+01 5.448271118047795625e+01 4.342418737257540329e+01 4.111259717656828627e+01 3.885011460133670624e+01 5.816722127260860020e+01 6.336439970698405233e+01 7.237163449135582027e+01 7.262250732651234841e+01 8.040603057786745467e+01 6.071494669003723033e+01 6.795165054606481192e+01 5.078404027576660695e+01 6.335068025355472798e+01 7.126938518511042275e+01
6.812720301089423458e+01 5.316872645980931367e+01 7.282730213166121302e+01 8.376320434854069674e+01 9.010760562821582198e+01 9.849771186378967514e+01 1.033629565006450264e+02 8.656988636161385386e+01 1.033629565006450264e+02 1.133870551951171421e+02 1.164249130232520741e+02 9.617275439449728935e+01 9.617275439449728935e+01 1.105034115807441282e+02 1.079979000446216020e+02 9.336623853151597530e+01 7.319872494418113718e+01 9.336623853151597530e+01 9.214790120446009780e+01 9.353659700010257438e+01 8.195242915885052071e+01 6.516126951770037579e+01 6.665971044882968499e+01 4.687938282432769910e+01 6.292095099979849238e+01 6.049445427202373793e+01 5.838946172733464124e+01 3.970468947496834033e+01 4.641079731324506241e+01 5.292818977477394071e+01 7.255300837875847719e+01 7.381218344134913423e+01 6.564655407456004355e+01 4.841373117577020224e+01 6.218287156619705058e+01 7.136524714549051396e+01 8.797783536876490018e+01
8.114374854873011600e+01 7.282730212177209239e+01 5.825578064867143269e+01 6.385707601274960865e+01 7.004484719435545514e+01 8.417976453952417160e+01 1.044186799801277061e+02 1.065758714365982200e+02 1.149484611395300959e+02 1.207571015841540856e+02 1.248340687669908675e+02 1.164249130232520741e+02 1.164249130232520741e+02 1.193613435768678670e+02 9.909364731560917505e+01 8.744565827472602848e+01 8.031890332414793932e+01 1.005020631047867141e+02 9.820378720513832604e+01 8.521375387251656264e+01 6.516126951769925313e+01 5.350146040266047009e+01 5.063371587377323380e+01 5.818255504023628077e+01 7.493157945717939583e+01 7.344957096316817058e+01 5.374709786872930550e+01 5.001702221580075758e+01 4.057365702232632287e+01 6.002540692691720636e+01 6.186317435596125591e+01 6.340772914484000466e+01 4.607328978933697528e+01 6.558497653961508433e+01 7.588745208692783706e+01 9.010563745903137089e+01 1.022282286062807799e+02
9.333696044133390046e+01 8.298834426956523203e+01 6.310216747908254575e+01 8.298834426956523203e+01 9.010760562821582198e+01 8.417976453952417160e+01 1.044186799801277203e+02 1.190077041474876722e+02 1.106433142265287728e+02 1.005295135091217276e+02 1.148215725112439429e+02 1.147122478888453969e+02 1.230690709189883023e+02 1.277678910834366803e+02 1.133016158181424515e+02 9.306374601534639623e+01 1.005020631040992498e+02 1.018938252395610249e+02 8.986801407510927220e+01 6.986117142795116308e+01 5.819012708962312530e+01 7.363644683603716601e+01 6.218359916179216640e+01 7.823288550849488843e+01 8.652099516116361144e+01 8.177461473642752310e+01 7.303788791730715957e+01 6.545765936394546713e+01 4.704221774069714002e+01 4.146605132025183593e+01 4.212317667901433538e+01 4.373434813679453725e+01 6.190507352042764921e+01 5.330526514322411202e+01 7.104624949699422132e+01 8.696072906630666921e+01 8.937125446938549089e+01
9.460765810384945951e+01 7.448241619378127609e+01 7.708667586433857366e+01 7.558729849053729311e+01 9.572376203188508725e+01 1.044186799801277203e+02 1.128156591883390973e+02 1.106433142265287728e+02 9.043085261364132066e+01 8.624785027747955723e+01 1.004163474908897626e+02 9.449479165972151407e+01 1.147122478888453969e+02 1.251052841647434946e+02 1.217092497988350601e+02 1.073540469389160563e+02 1.051089084308967330e+02 8.508620068929054980e+01 7.358733329253071531e+01 6.537085033845968951e+01 7.831705808714170303e+01 6.537084888309189523e+01 8.225577233924329335e+01 9.057441600640611057e+01 9.258691896620280204e+01 8.416238961296231480e+01 7.703702010610376760e+01 6.579755856150900684e+01 4.603333849591272298e+01 6.122942886227082937e+01 6.050272945802903735e+01 4.318121688165519600e+01 5.016947502234612699e+01 4.543685885995565599e+01 5.885483728408980397e+01 7.398933989331980854e+01 7.118167722327112301e+01
1.030006976563501837e+02 8.604877478786110601e+01 9.723623217409219421e+01 8.978960482303349977e+01 1.041170513632509653e+02 1.087897535237961080e+02 1.171535495319386655e+02 1.098264079339131598e+02 8.963221645457312547e+01 7.619477237125515501e+01 8.024094842510959324e+01 1.004163474908897626e+02 1.191912867399906162e+02 1.051214047900012503e+02 1.191912867399906162e+02 1.276603172695187851e+02 1.134893718667567697e+02 1.018938252449861324e+02 8.543165454294717165e+01 7.298346226581817575e+01 9.055215830444105052e+01 7.058854791090620040e+01 9.055215830444105052e+01 9.585027838765940089e+01 7.560626119667008993e+01 6.400880124314164732e+01 5.698517383620868060e+01 5.079820715094775352e+01 6.579755857454962609e+01 6.715640747063051208e+01 4.738164017379552462e+01 6.333109026383116458e+01 4.430276121504130060e+01 6.300980186816141781e+01 4.656226592870836356e+01 6.571508036671743014e+01 6.001513002629983617e+01
1.057761711958126227e+02 1.062993101415163864e+02 1.146957944674111616e+02 1.100500848467487174e+02 1.054920782679287043e+02 8.858889528498534105e+01 1.054920782679287043e+02 1.039058110852307664e+02 8.371989997473896494e+01 6.954436007993706426e+01 8.963221645457312547e+01 1.053485030936708853e+02 1.102417036354519269e+02 9.089022002068765005e+01 1.086395746738853632e+02 1.168014514416670551e+02 1.207843771017846990e+02 1.142584132029374757e+02 1.013560098594023913e+02 8.189789567253794189e+01 9.630635595479820665e+01 7.637323264374644793e+01 9.630635595479820665e+01 1.043018399265457106e+02 9.258691896620280204e+01 8.416238961296231480e+01 7.496323676477064168e+01 5.494842362317684348e+01 7.496323676477064168e+01 7.017993522958556696e+01 5.036781400167563305e+01 7.017993522956651020e+01 7.720206860735845567e+01 7.324077650540660045e+01 6.471505871210210614e+01 4.765532476423958030e+01 5.254073426150417703e+01
9.745481982190730719e+01 9.620341607778637183e+01 1.045028903666917586e+02 1.114133713597667423e+02 9.120908374985847900e+01 7.698904851655898085e+01 8.705791554915811048e+01 9.541473545715101068e+01 8.534947527611545581e+01 6.535284972601262155e+01 7.683515195696038802e+01 9.698051802863554371e+01 1.019925632193490657e+02 8.190225233588672893e+01 8.861549543761195480e+01 1.046285379179527268e+02 1.009883256747058340e+02 1.207843771017846990e+02 1.104326300891312087e+02 9.338434220057979473e+01 1.029614941415483571e+02 8.299608239261486631e+01 1.029614941415483571e+02 1.036668223196435861e+02 8.335957017997745311e+01 6.911073143053371837e+01 6.154217932800771251e+01 7.496262722112354027e+01 7.482480395053045186e+01 5.484698229650964407e+01 7.017926315210809207e+01 7.017998483196944903e+01 9.041881918954258879e+01 7.755731864387112751e+01 5.821062987455474769e+01 6.679639207184212069e+01 4.871853503113114670e+01
8.991648836134751832e+01 7.637412771507939624e+01 9.301937110130725728e+01 1.029560489354382042e+02 9.868932440439078846e+01 7.854313330352128730e+01 6.705675837551328300e+01 7.949818871844672685e+01 7.645281579416104023e+01 6.162591796422847068e+01 7.561019492101880246e+01 9.572308110373596435e+01 9.488956568842803563e+01 7.483509402284310852e+01 7.703929640077134877e+01 8.460658869827751971e+01 9.880373057939492298e+01 1.184902650206606722e+02 1.223209641247332087e+02 1.137345870658930380e+02 1.113426156529075968e+02 9.290555891648538989e+01 1.113426156529075968e+02 1.036668217409970794e+02 8.335957017985069228e+01 8.805830977749012334e+01 6.786879888557888307e+01 8.805822101466250729e+01 8.326069585821014130e+01 6.888574658972711973e+01 5.970788445391683297e+01 7.390528470489005031e+01 9.424617489124109682e+01 8.584326755996148961e+01 6.920464576525841949e+01 8.162351382205616801e+01 7.210613943484679567e+01
7.021171032710692828e+01 6.514048487067111637e+01 7.485087988276019644e+01 9.465906232474222293e+01 1.070544191718037723e+02 9.369251181879670298e+01 7.361870758156655370e+01 5.969909695166847285e+01 5.675411354472668535e+01 7.645281579350945833e+01 8.984825038835316491e+01 1.029755326283555377e+02 8.854778491497214077e+01 6.858799536880344760e+01 8.854778491497214077e+01 9.477637196795086538e+01 1.034520362194721059e+02 9.993858299877553009e+01 1.082539044656924858e+02 1.199073096863690751e+02 1.214263794698255765e+02 1.130174365246470813e+02 1.214264254687397511e+02 1.121306218427124577e+02 1.036668217409970794e+02 9.649339269077101733e+01 7.686664650732149084e+01 9.649339269076692460e+01 9.761526285214596044e+01 7.765720276797895849e+01 6.337035301956397149e+01 7.765719466955721373e+01 9.802963040969355291e+01 9.732221860293725513e+01 8.897933242378626062e+01 9.431574484350961995e+01 7.918800807648567286e+01
5.656348015542993579e+01 7.598310619149422962e+01 9.301937110130725728e+01 1.029560488776465945e+02 1.041985749565312318e+02 9.583804107000189276e+01 8.783571341486866402e+01 7.307451291706567531e+01 5.344977718839306391e+01 6.313364309545871578e+01 7.452466419416232668e+01 9.461393563758807090e+01 8.447686530716129027e+01 6.465241960338276783e+01 8.447686530716129027e+01 7.421616582941501861e+01 8.840856425327108070e+01 7.991263699674031784e+01 9.147482011740444818e+01 1.115102736848151466e+02 1.300618105549942527e+02 1.213319320770284122e+02 1.130465598028015393e+02 1.130458482670057379e+02 1.152240439762364161e+02 1.055702779331257517e+02 9.114290926032298046e+01 1.055702779331252685e+02 1.064996657537670188e+02 8.777164856177468266e+01 6.745506762445215543e+01 7.915574470010560049e+01 9.954144181058691743e+01 1.127625746801473809e+02 1.002853867121283002e+02 7.994981124274367801e+01 6.575209740611815334e+01
