LEM/sinusoidal_perturbations/elevation_000370.asc
nrows	100
cellsize	150.0
xllcorner	0
ncols	100
yllcorner	0
NODATA_value	-9999
[rows 51 to 67 of 100, columns 37 to 73 of 100]
7.259017503890737544e+01 8.082490559465580304e+01 8.960199701898339697e+01 8.141627315790034913e+01 6.548875668186900612e+01 6.809721081537045961e+01 8.807580432916508073e+01 1.016074434527042314e+02 9.353807541251075008e+01 1.016074434527044019e+02 1.052397597536160987e+02 1.039357201486760971e+02 8.962849255474344545e+01 8.962849255474344545e+01 1.098403807013455662e+02 1.057386592876408429e+02 8.557552165347784978e+01 7.561015086649044292e+01 6.854697859302049778e+01 8.039529666790811291e+01 6.670784806771000319e+01 8.672526916462183522e+01 8.185150635449181777e+01 6.177927718650492039e+01 8.185150635561430477e+01 9.196042165147611058e+01 9.721783324170220908e+01 1.033364151514885663e+02 1.107257260011954259e+02 1.192122298228152459e+02 1.239181314583213833e+02 1.094798528183023620e+02 1.239181314583213833e+02 1.190169065762256508e+02 1.274420973436700422e+02 1.291762817026518064e+02 1.089502520799379397e+02
7.805045677008565974e+01 8.632360769657047683e+01 9.633350055671468226e+01 9.367082060287690126e+01 8.550544681178179474e+01 8.807580432916508073e+01 9.623387155539363391e+01 1.002208209418155462e+02 9.191990870149346904e+01 1.002208209418155462e+02 1.090434828690012097e+02 8.886429453532208811e+01 7.549604856876722181e+01 9.554841753229921153e+01 1.059028590134531527e+02 1.141615655274373182e+02 1.040548727921508316e+02 9.041146942161864786e+01 7.037867564275707366e+01 6.034991071223773673e+01 7.580096004616608241e+01 8.334606796229557801e+01 7.499680473535936187e+01 5.890392564914456841e+01 7.882888956109545120e+01 9.323557158679666657e+01 8.955317662969233083e+01 1.037933704669787431e+02 1.242098691966727131e+02 1.299686056076734815e+02 1.094798528183023620e+02 9.510767785272463470e+01 1.045909405308915296e+02 9.861550974458033636e+01 1.190169065762256508e+02 1.311227205029913421e+02 1.111520125803003083e+02
5.792987101835340269e+01 6.802124807527964379e+01 8.222644362442616739e+01 1.022105930157217131e+02 1.021534074686144464e+02 9.397768451539488410e+01 9.397768451539488410e+01 9.021267613034628141e+01 7.191351268866755220e+01 9.021267613034628141e+01 9.948364798397464881e+01 8.886429454376825277e+01 6.884042873815668884e+01 7.742573492188601847e+01 9.159636582708127150e+01 1.118146756890123470e+02 1.106078028380523648e+02 9.041146942161866207e+01 8.637937930059203495e+01 6.721103050864550710e+01 5.575771686450161013e+01 7.152775524730763834e+01 5.495006787206362731e+01 6.050072120903592321e+01 6.656391574551039980e+01 7.323622312678914170e+01 8.735021097643921451e+01 1.075398677893623045e+02 1.174450242065199603e+02 1.258160830685713591e+02 1.196714249966834132e+02 1.045909405308915296e+02 8.461102410245376859e+01 9.861550974458033636e+01 1.190169065762256508e+02 1.289329297324069330e+02 1.311227205029913421e+02
6.799016389421950635e+01 7.804953043805502944e+01 8.632195715372169786e+01 9.633059234754807676e+01 9.397768451539488410e+01 7.412173677643308167e+01 7.412173677643308167e+01 8.191671069508052483e+01 6.189395562918024751e+01 7.116348801960879200e+01 9.118551132292878947e+01 8.331067339821802875e+01 6.326974874247358827e+01 8.331067339821802875e+01 9.878071016365186097e+01 1.084226554081971159e+02 1.000847060973281373e+02 1.011312124808837325e+02 9.452709355102662414e+01 8.374598542707398963e+01 7.152775524711952926e+01 5.156761469364079886e+01 7.150733206648169471e+01 8.049836156256640152e+01 8.657426478202042119e+01 9.326362454579957273e+01 1.016867239426755418e+02 1.141899688425675237e+02 9.733803552354939370e+01 1.141899688425675237e+02 1.112332975105096011e+02 9.104377102268738042e+01 7.979869411661124445e+01 9.901952051188082748e+01 9.917190299908396867e+01 1.144235977521199317e+02 1.245607830706260017e+02
5.117825840142901939e+01 5.792982306518989333e+01 6.802189708364026899e+01 8.807716379246994620e+01 9.397768451539488410e+01 7.412173677643308167e+01 6.007743295961229535e+01 7.057532662926080036e+01 5.479908505999731005e+01 7.483759775153581018e+01 7.546794267310801274e+01 7.882938641212271591e+01 5.876329721728889410e+01 7.035196792047429426e+01 9.040975543022648253e+01 9.694299662208307211e+01 8.030334896096006503e+01 8.133741600004192662e+01 9.540625236949418309e+01 8.930050304204043243e+01 6.973446957970956817e+01 4.978825743941150250e+01 6.692090167347485874e+01 7.516805480209737311e+01 8.472635332457947754e+01 9.311625824359472858e+01 1.031966226163731335e+02 1.058362488778141426e+02 8.588122207605907477e+01 1.058362488778141426e+02 1.108182199397811445e+02 9.512382740093156031e+01 7.544597310992755013e+01 7.922518022974435326e+01 8.607295542136446898e+01 9.588849314718451922e+01 1.101692284343381658e+02
6.127750145925828917e+01 7.804953043805502944e+01 8.632195715372169786e+01 9.633059234754807676e+01 9.056334427609418469e+01 7.906839109263994203e+01 7.057532662926080036e+01 5.070960062029946869e+01 4.927644638302921010e+01 6.174863428041989977e+01 5.542603696031039817e+01 6.961962539333710254e+01 5.474010815910043704e+01 6.893683443027700264e+01 8.901013679892636787e+01 8.866393422970998017e+01 6.891972169321796571e+01 6.739433084980396416e+01 8.550254253917503888e+01 8.094744039662407431e+01 6.097618315041774650e+01 6.464041992402977144e+01 4.732763994193774693e+01 6.706483756352270120e+01 6.478238341247420351e+01 7.468504659708146676e+01 9.476766005207770149e+01 9.878108149267399085e+01 7.889962458050288774e+01 9.878108149267399085e+01 1.024087971404283053e+02 8.252433014815692047e+01 7.122657604994554958e+01 9.092849476974821243e+01 1.060152293685311520e+02 1.144235977521199317e+02 1.143413072906150347e+02
8.137969311757143487e+01 8.964707454792828401e+01 8.923809550553099257e+01 8.092789359444856245e+01 8.230367258441403067e+01 6.240657435945006171e+01 5.096029397718798037e+01 4.502670346078950558e+01 6.172031047330665388e+01 4.184694493236438007e+01 4.142430983650129406e+01 6.129617523390404443e+01 5.096375926247796428e+01 6.514259940151262640e+01 8.521651945371849024e+01 8.543896771841437499e+01 7.726460780682907625e+01 5.758651499560630782e+01 7.726460780682907625e+01 8.279081988624065502e+01 6.464094922047108582e+01 4.506283462477856716e+01 6.092464775905627761e+01 5.491028738336972026e+01 7.475436836852686895e+01 9.311625824359472858e+01 1.031966226163731335e+02 9.278659668692040441e+01 7.290803314626435849e+01 9.278659668692040441e+01 9.307175540153133397e+01 8.777251629158676849e+01 6.799326490401026035e+01 8.194440527180668710e+01 1.018352451762740856e+02 1.110392846701191019e+02 9.411283556842023756e+01
8.245333183686770440e+01 7.414278500797524885e+01 7.194887551664096748e+01 6.086800919741333615e+01 7.765605626992974919e+01 7.906839109263994203e+01 5.935233556693233226e+01 3.962026366946994216e+01 5.332611337559208664e+01 3.714155964941591748e+01 5.690746606760920656e+01 4.601886561210765336e+01 6.600755319358050599e+01 7.935940975485777926e+01 8.543896503723767921e+01 6.574619927937297348e+01 6.935983923775852134e+01 5.253569082722929551e+01 7.200541628363369284e+01 7.445604412048372467e+01 5.458903264304424852e+01 4.351093536054924726e+01 6.298503490300966234e+01 7.475392917550207983e+01 7.475436836852686895e+01 9.483027916769152910e+01 1.015718448095838227e+02 8.163423697287601044e+01 6.751573113387836145e+01 8.062825672163806701e+01 7.301572888206874268e+01 8.068957236473606542e+01 6.485895350229284873e+01 8.475451068612757410e+01 1.007451510069193432e+02 9.239696619540175959e+01 8.260593722011418549e+01
7.315012561077161024e+01 5.406193990545254735e+01 5.186416942291170074e+01 4.925544204039820784e+01 6.934631393790746756e+01 7.659549141542963469e+01 5.757809660792226225e+01 4.461055257132352381e+01 3.358524856248828172e+01 5.332611337559208664e+01 6.521717753912015780e+01 6.600755319358050599e+01 7.433974854045617064e+01 8.284232973548975565e+01 8.048787238734887239e+01 6.889603856166586127e+01 5.002751845926411534e+01 4.807553427929243384e+01 6.713798491953265568e+01 6.745078222270473134e+01 5.918974917194440621e+01 4.198038526876231913e+01 4.968980530183125666e+01 5.840893722719571457e+01 6.987716169850260428e+01 8.992895546273371110e+01 1.062687855028390658e+02 8.628874091766513743e+01 7.220051876215143238e+01 6.048065026333376437e+01 5.863110388887263014e+01 6.047066071697955181e+01 6.284535067368668848e+01 8.298030202294329172e+01 8.870132949631737063e+01 7.245246379151322458e+01 7.512577595268712116e+01
5.307443840993192907e+01 5.774684363962619926e+01 3.766218152653956963e+01 5.774684363962619926e+01 6.535014743159578643e+01 6.729989876029127061e+01 6.257051336808411435e+01 4.529473882025549614e+01 3.146230497209046817e+01 5.119981975701242760e+01 5.934381538354367791e+01 6.543334592522772653e+01 7.389879953592355832e+01 6.131222773515989388e+01 5.753488151425744235e+01 5.787046133864672015e+01 4.251985930465142616e+01 6.077924053000751314e+01 6.528651882587936939e+01 5.704880362212252010e+01 3.987578647101007334e+01 5.918954987791661182e+01 5.408587838188663710e+01 7.391239148013006854e+01 8.670493649930357094e+01 9.831438381314906394e+01 9.438828517292007803e+01 8.239494164546269417e+01 7.406435399346861459e+01 5.611778916880604839e+01 7.637068064068343176e+01 7.482128348121658235e+01 8.298030202294108904e+01 6.624243945893093155e+01 6.873426515088380029e+01 8.870132697020900991e+01 9.508176601529135041e+01
5.895447105407788513e+01 3.888599694326426714e+01 3.233533860010592065e+01 5.237866015343252002e+01 4.710903543705573071e+01 3.373259191604678620e+01 5.041351214637449374e+01 4.914602603241364420e+01 2.938393623152584411e+01 4.630295113539673935e+01 4.126069946691599455e+01 5.266711809957433843e+01 5.604209978826550298e+01 5.085947881955134164e+01 4.052441864848588438e+01 5.283760073719962236e+01 3.942561770931846610e+01 5.424149518775056578e+01 5.493481610730569287e+01 3.774586507034265992e+01 5.704558646756208873e+01 6.739543510225556133e+01 7.391238428127769566e+01 7.391239148013006854e+01 9.399320911490613639e+01 8.856849167995979144e+01 7.918948843092564971e+01 6.594790000798292340e+01 5.391042257971252383e+01 7.406435399346743509e+01 8.470146546254710529e+01 9.485687497524546075e+01 9.459415158003386637e+01 7.522672719367494665e+01 7.765492064477246004e+01 9.703572845215192899e+01 1.069060826607561552e+02
5.001222354028934802e+01 4.736793212397461872e+01 2.738858842558516216e+01 4.165437592931238697e+01 3.416358304419749459e+01 4.247163374522006762e+01 2.396645721581730371e+01 4.407469947381673592e+01 3.577697168754068713e+01 2.650954074276287287e+01 3.770620290700512101e+01 5.120615327518911641e+01 4.857268883995664055e+01 3.069407583191064504e+01 3.150901250821871358e+01 3.730427691686869451e+01 5.189115083799668326e+01 3.470043356756586661e+01 3.556104277246164003e+01 5.099487516517014285e+01 5.311215848533192485e+01 6.460401403463069414e+01 6.851640780378625095e+01 8.820029920476261509e+01 9.394088373042751527e+01 7.465531332982335755e+01 6.148872597284045582e+01 5.184940871289501274e+01 7.184020282985346739e+01 6.556020200359361638e+01 7.979973045078817506e+01 9.988046575175143005e+01 9.519796026381310128e+01 8.930199878494319421e+01 8.912473778724488227e+01 1.059988433015705880e+02 1.152903488418738505e+02
2.955926645149106236e+01 4.008338007211980170e+01 3.396610941802232020e+01 2.169405734049308876e+01 2.235736193384557424e+01 2.301819488405936553e+01 3.540418680109097949e+01 2.490856957533684124e+01 2.557139641874929836e+01 4.531691307601595753e+01 2.751183413280081425e+01 4.061317995300068873e+01 2.955530056812634143e+01 3.142503262673377407e+01 5.085674820493818515e+01 3.267988567549011236e+01 3.351327692576493433e+01 5.168588668312663259e+01 5.479352704165231813e+01 3.699416716909111358e+01 3.799612866875436623e+01 4.896964214843712426e+01 6.679557632596569761e+01 8.091918299938478754e+01 9.119092747318602221e+01 8.264807790036608992e+01 7.032017586154707089e+01 5.045469789634447011e+01 5.841721569312171169e+01 7.853200366346845840e+01 8.199443227718566618e+01 1.020856621337192962e+02 1.153560126618856856e+02 1.094320704293319153e+02 1.092674010813004060e+02 1.176395184443434658e+02 1.254234951623021459e+02
2.290480788268314427e+01 2.011432806983924237e+01 2.076662692593225401e+01 4.073227424831628696e+01 4.168747962147693187e+01 3.518093180143667098e+01 2.724445465283339729e+01 4.464645896948798054e+01 3.445967607927664034e+01 4.940523196679858131e+01 4.970438380269249734e+01 2.852570378516034566e+01 4.848041890291009537e+01 5.082138690008383008e+01 3.411667507522834342e+01 5.287953519904825583e+01 5.315164713514467820e+01 5.994782164111200728e+01 5.610463480062922059e+01 5.054104240647225765e+01 5.727202453696209972e+01 3.938352322340715261e+01 5.287743882320412325e+01 6.831165473402820965e+01 8.170812992553140930e+01 6.181500996307959639e+01 6.678544092228582940e+01 4.907740734191143872e+01 6.884473620848280007e+01 7.265000482586252417e+01 9.273240503109457222e+01 1.104376882648980569e+02 1.075142420796743465e+02 1.028399825305523621e+02 1.103475580001625076e+02 1.185192773462734692e+02 1.299357156404515194e+02
1.919709705009178435e+01 3.916972698219947091e+01 2.423312532689379850e+01 4.690409092267038460e+01 6.121814883218920045e+01 4.339913012656153768e+01 3.028207430340578910e+01 4.998166305684229371e+01 5.314534453105224543e+01 6.145121209875917145e+01 6.356697976221146007e+01 5.420558561718429758e+01 5.651887236103262069e+01 3.766211673494126444e+01 5.344010460908832982e+01 3.809056485935521863e+01 5.732616793522615239e+01 6.950447554209443979e+01 7.528655246220398567e+01 7.020283380471175860e+01 5.503070273810208590e+01 5.865912088704447314e+01 4.075051370546267293e+01 5.886218967397231694e+01 6.915564704443657718e+01 5.933800175722708303e+01 4.707548961598882897e+01 6.642746576883588716e+01 7.709533046178910354e+01 9.273240503109040844e+01 1.010758653076410809e+02 9.973985996232229922e+01 8.769337901842979477e+01 8.302428981131595265e+01 9.048438035852497308e+01 1.019712671397449242e+02 1.217897841049803134e+02
2.199752037445057695e+01 4.597352146836723108e+01 4.165857143796460349e+01 5.629851261087974024e+01 7.006232170310167362e+01 5.813726830832356995e+01 4.012303869772355824e+01 3.514413825586480300e+01 4.904044377824850187e+01 6.880277616497492943e+01 7.420762672479875732e+01 5.473059262071016917e+01 4.121405898718240479e+01 5.118267379288428032e+01 6.496671283975379652e+01 5.732616793522615239e+01 4.206515337587268277e+01 5.562024840908843970e+01 7.517135421454011635e+01 8.310976172837639808e+01 7.480373017703313110e+01 6.753262594273492425e+01 4.783689563494163366e+01 4.211432007067266881e+01 4.343779133760807554e+01 4.495218060667730953e+01 6.476981596224602811e+01 7.506069909273132623e+01 8.197043268554554629e+01 8.951529886990088869e+01 9.394586348320916613e+01 7.996542974901052503e+01 7.376162034589196992e+01 9.349877540009833865e+01 1.103475580001625076e+02 1.050020923743529551e+02 1.084529630780162677e+02
2.465511886451869117e+01 4.323620354704112856e+01 5.596398289159903783e+01 7.093842819896485707e+01 7.596379773671917235e+01 5.621493555053622515e+01 5.841916175702200320e+01 3.873121012906210581e+01 5.006022052033886638e+01 6.983734408511929814e+01 7.429764310257284876e+01 5.479155978370803837e+01 4.374984982772958375e+01 6.303580064759019308e+01 7.875198317732274234e+01 6.433536812418689976e+01 4.496616191374724991e+01 6.433536812418695661e+01 7.719338566315683181e+01 8.856922698483059264e+01 8.166312925191358829e+01 6.167957982893061342e+01 6.743416505319525811e+01 5.993280216797281668e+01 4.379878520406349907e+01 4.508003928923103842e+01 6.451876833992888294e+01 6.870746906726688508e+01 6.214011861633608191e+01 7.451044142421488914e+01 7.924189601183320519e+01 6.602605044131431100e+01 8.373046130358954997e+01 9.760271880032149738e+01 9.162578493813380476e+01 8.494207093705577449e+01 8.833110201296858577e+01
