LEM/sinusoidal_perturbations/elevation_000320.asc
nrows	100
cellsize	150.0
xllcorner	0
ncols	100
yllcorner	0
NODATA_value	-9999
[rows 51 to 67 of 100, columns 0 to 36 of 100]
6.455108993161302530e-03 7.565744569177790702e+00 1.756574456995208777e+01 3.756581618221945718e+01 4.823741810424879617e+01 2.921268497462958891e+01 8.795352004569348736e+00 1.153177961858705025e+01 1.160812048236959626e+01 2.613253010553133393e+01 4.784129371337893133e+01 4.705231660512914260e+01 2.830023072216361868e+01 4.024342817926233806e+01 3.674768819023825017e+01 5.438993404129845999e+01 4.637776313890442026e+01 3.285180658750073235e+01 2.437452674844389122e+01 3.442917564891475735e+01 5.217144198497958740e+01 6.166437998450373925e+01 4.771283867665660949e+01 3.161563788669341335e+01 4.464856807089542201e+01 6.776241518662712338e+01 6.760565476001795560e+01 6.065792812831723779e+01 7.726908784978554934e+01 9.860421697659111828e+01 8.409818543738953167e+01 6.346549296938465545e+01 6.073951045809939586e+01 6.190183505084630156e+01 8.259590810899580049e+01 8.878359899549519696e+01 6.981566957634608173e+01
3.995603441288198172e-03 2.000399560344093430e+01 3.585032089778129460e+01 4.584981812167965387e+01 4.755027958661352727e+01 2.624207134256527851e+01 9.025735487885874875e+00 1.164303000487051953e+01 2.524509430399518450e+01 3.700218430711768036e+01 5.413754935046235772e+01 5.136417847974484374e+01 3.400064283644798024e+01 5.211336090846701552e+01 5.501297581204593001e+01 6.222229918229776047e+01 5.982884292942326709e+01 4.858787414619661860e+01 2.903603767809434899e+01 4.858770463680380658e+01 6.075662658089174073e+01 5.782715803035959112e+01 3.958366420339717706e+01 3.134004517837421844e+01 5.353596387164951409e+01 6.531957592573853333e+01 8.345979062584756036e+01 8.233208468985941408e+01 9.018494782632863860e+01 9.176620496442197350e+01 8.365889647291054132e+01 6.950866867912672831e+01 4.781800306926344746e+01 6.950866867912672831e+01 7.141447132618799287e+01 7.442758570226294523e+01 6.678336413739955901e+01
4.804567899273937473e-03 1.155180556183251284e+01 2.569373349053635636e+01 4.568892699685014236e+01 4.829483299021570986e+01 2.611142521571407826e+01 9.258745535782166414e+00 1.957491771922589407e+01 1.492155208738113892e+01 2.887380308871870227e+01 5.143099885088911805e+01 5.939241220895829798e+01 4.700986944284102265e+01 4.454745864137463229e+01 5.409677703395935566e+01 6.960938969951391186e+01 6.434833784215828700e+01 4.517320058558173912e+01 3.548176267588723221e+01 4.513371592373896846e+01 6.396398668649458585e+01 5.395904437156885791e+01 3.133609851103824084e+01 3.109192529666728078e+01 4.885957865921862719e+01 6.457102823430557237e+01 7.179303059803933706e+01 6.999837187356210677e+01 8.576976944776950518e+01 8.365889631288261796e+01 6.432407558413883919e+01 6.390828834054062213e+01 4.214140217316777637e+01 5.799527222857374653e+01 4.833129721020805647e+01 5.401983900261669191e+01 5.704076687474417895e+01
9.707512844716031236e-03 2.000970751284436133e+01 3.724106047148877963e+01 4.879880760304227749e+01 5.304929779195123274e+01 3.281745580917738891e+01 9.492531447348337537e+00 2.192832132200338435e+01 1.708538092331312441e+01 3.597812533243781274e+01 5.110702505752977487e+01 5.945154018973249777e+01 6.441693244395668216e+01 5.904311345130464872e+01 6.813083427044000473e+01 7.299080804811832479e+01 7.230401468512908991e+01 5.568376067361925408e+01 4.295268093868528325e+01 6.154619003215929496e+01 7.185398170364740622e+01 5.628951949188982695e+01 3.075066788547189489e+01 4.530606383279999960e+01 5.442021773213903657e+01 4.465112595306738541e+01 5.319643868029513811e+01 6.675777978545539781e+01 8.452780521016680382e+01 7.608507597128755151e+01 6.773697668879077582e+01 5.084476326026135951e+01 5.130167627781028727e+01 3.568203827894112123e+01 3.317840467106017854e+01 5.426100427786771974e+01 3.583720438741158176e+01
5.001202446392439237e-04 8.944772106124295519e+00 2.049179222773565456e+01 4.049658961170479898e+01 4.569383350461352933e+01 2.239700402935162771e+01 9.725818678229344982e+00 2.361310330847180694e+01 1.909045822555720662e+01 3.263196726206810894e+01 3.244151201775889604e+01 4.272253068336211612e+01 5.079075481575592477e+01 6.673733288739825298e+01 7.274121734319078314e+01 7.757139876742300544e+01 8.443368427478600324e+01 6.951417114682756448e+01 5.372554825269998702e+01 6.951592362648388246e+01 7.648419842982491446e+01 6.062024597261719805e+01 3.126734257057034583e+01 3.036292200731932667e+01 3.510343689878926909e+01 5.627008529970528627e+01 7.164737003424538386e+01 7.930306248800077640e+01 7.299047144404484300e+01 6.447340947634890540e+01 4.670247817777176635e+01 5.057100587230040389e+01 3.863939265268263767e+01 3.185693405107952714e+01 5.229301297650022917e+01 3.451715864440242854e+01 4.944494381516638271e+01
5.279685921607564676e-03 2.000527968592125205e+01 3.584454522693934564e+01 4.584492460916933254e+01 4.662929551668293016e+01 2.489609980113351639e+01 9.957815497649390224e+00 2.490231147547647694e+01 2.863354325612577966e+01 2.181407245945517204e+01 2.375741765240712766e+01 2.587354154218595781e+01 3.818534001129911104e+01 5.135304421487905557e+01 5.081380129797805978e+01 5.594136764675611317e+01 6.881855263758340868e+01 7.722900638126141359e+01 7.244396061063076786e+01 8.062288765056439388e+01 6.771014570182373404e+01 4.562714731519312750e+01 3.967097731377263159e+01 4.524101698107647707e+01 2.996427881825185224e+01 4.965683396001242045e+01 5.804946690150006816e+01 6.795455052933202467e+01 6.425824746543861465e+01 4.318427253744552985e+01 4.919059786789592437e+01 2.974712904523618207e+01 3.060466689591784117e+01 5.151331569939097221e+01 6.076004412857759007e+01 5.550502781753306891e+01 6.410401534171414539e+01
5.738623160518319517e-06 7.559295198807872929e+00 1.755929520093681617e+01 3.755954440633412617e+01 4.477676154943189601e+01 2.203283559438915518e+01 1.018845253221078728e+01 1.927971653022330756e+01 3.535712042860395599e+01 3.571019435257785801e+01 3.816030063126346761e+01 4.272252990941206008e+01 2.932714301207295193e+01 3.238849581564221580e+01 3.604926908857767387e+01 4.081136635629334819e+01 4.845267956915532181e+01 6.027340839879558843e+01 8.049131423841321009e+01 8.294851939518204631e+01 6.247886099178934671e+01 6.010287218332895520e+01 6.007023358640829258e+01 5.712959475512442253e+01 5.019748263900189045e+01 2.955659775461325012e+01 4.923030989897048926e+01 4.896573526393015641e+01 5.929124897600783584e+01 4.201411347074098757e+01 2.851888531018342476e+01 4.885099861871277227e+01 5.149720329410614283e+01 5.993575552947678631e+01 7.117403876103708171e+01 6.828076556855262425e+01 6.995639726180704088e+01
4.532054705376768917e-03 2.000453205470502027e+01 3.584454522693934564e+01 4.584637761139040890e+01 5.453813548376626841e+01 3.239566168963879988e+01 1.041804448049403931e+01 2.722419217582201867e+01 3.218534701163245160e+01 4.203743619793968378e+01 5.464705987771126416e+01 5.492201978882570756e+01 3.541509974878502476e+01 5.135304421487905557e+01 4.990710790235210936e+01 5.517396523000164166e+01 5.739534429674155547e+01 7.722900638126141359e+01 8.892484165072444569e+01 9.064544889357895840e+01 8.294848077556855515e+01 8.128303503114086936e+01 7.728554351836324088e+01 5.488735691557693031e+01 3.937099560646935714e+01 4.977843677169131098e+01 2.913907943889867980e+01 4.798643813630607724e+01 4.694802938204433929e+01 4.497062851995769961e+01 2.760959564576609182e+01 2.731511833099537156e+01 4.847603969768809407e+01 5.897444257364342945e+01 5.133989691702953451e+01 4.752738157519684137e+01 5.081038597372145205e+01
9.001595176218036079e-03 2.000900159517586374e+01 3.622436998846157508e+01 4.565176481132088782e+01 5.046558213756033240e+01 2.613737225281767351e+01 1.064620759109354253e+01 2.801816676768524417e+01 3.982569389728601550e+01 4.783455944895974454e+01 5.694523378055264828e+01 6.214616544444934476e+01 4.644890139615927183e+01 6.344254584379989126e+01 7.014724897970219786e+01 7.547838766721204706e+01 7.769822800255028028e+01 8.612648156225064611e+01 7.932373370057145223e+01 6.584016191364648307e+01 7.923570090438825275e+01 8.107042789237704028e+01 7.376178267054049797e+01 5.611924449560817152e+01 5.448169889752776385e+01 5.803261717973876443e+01 4.325184213744157091e+01 2.870962023531599172e+01 2.839447921885567894e+01 2.806956169690047531e+01 3.174062848374050816e+01 2.769367248919262181e+01 2.689773899491030917e+01 2.659046359641621748e+01 4.658571458771073992e+01 3.549647423615195407e+01 3.740015673469357438e+01
5.674351268809080251e-03 8.543204817446556021e+00 1.873631303557579386e+01 3.292010357837757084e+01 4.747526148324077155e+01 1.064433991904438415e+01 1.087229377260895724e+01 1.083850812078294013e+01 2.294098394093695603e+01 3.418405623788837033e+01 4.719586590912109614e+01 6.387092662601221349e+01 6.672132127934141010e+01 7.516644413260564761e+01 8.410501628656746220e+01 7.730937231178010904e+01 6.906978128635793723e+01 7.730937231182785752e+01 6.489410633136910178e+01 4.266206865343572474e+01 6.636047773867096566e+01 5.444955039321970958e+01 7.034028116296387623e+01 7.515135221965552148e+01 7.537213046043844145e+01 6.971588103539770032e+01 5.116484084093425366e+01 3.015472105599523189e+01 4.613084119461147026e+01 5.002664869786154611e+01 5.228345804537190133e+01 3.304946637722394343e+01 3.377617835389681034e+01 2.996966923105384595e+01 2.615504154516251134e+01 2.886606820420779940e+01 3.931952302219344375e+01
9.518805923843161668e-03 2.000951880592348786e+01 3.411065226312401677e+01 4.218855746961867936e+01 4.419005718240320846e+01 1.118697940208730124e+01 1.616566375250352650e+01 1.440499298152685093e+01 3.414658905159084412e+01 4.534873949399306525e+01 5.332788997634076367e+01 6.139160030134294033e+01 7.122460875983277617e+01 7.903792784149540296e+01 6.669662344046713542e+01 6.717636781191728801e+01 4.864890752914506322e+01 6.717636781191065154e+01 5.503647819390117490e+01 3.188015170539865650e+01 4.423014808326337288e+01 3.580382225991253620e+01 5.861112730405152149e+01 7.354925273489057247e+01 7.845088285573777398e+01 5.569458012581388573e+01 3.966953172829825292e+01 4.447441985988735524e+01 4.471992130947181465e+01 6.713797039894598129e+01 6.079251408724119443e+01 4.191527632534336334e+01 3.365558335226526765e+01 2.961935958312474426e+01 3.838564351138728625e+01 2.571857150464474628e+01 4.562977233635169227e+01
9.062254805971973678e-03 7.485699094333755355e+00 1.543620139008284298e+01 3.054890280194058505e+01 3.687468726231468708e+01 1.140859954678739641e+01 2.097475452597231893e+01 1.904059723183211617e+01 2.003631526202027757e+01 2.526973295637513317e+01 3.232029682971591455e+01 4.338880686194020342e+01 6.360111340327924268e+01 7.035083935488782458e+01 5.447477450708306179e+01 5.885934409827975600e+01 3.865744540695283860e+01 4.888552240139145511e+01 4.400381346728315179e+01 3.804326316315656697e+01 2.176106695032409988e+01 3.634424783314815244e+01 4.186037733158222807e+01 5.724882575715832189e+01 6.919494251115699512e+01 6.903572802298994304e+01 5.179577846673274877e+01 6.742474376766915611e+01 6.681777403468120724e+01 7.693298866654592416e+01 6.901570946337788826e+01 5.799620822287766941e+01 4.985774415729360243e+01 5.384722484602170312e+01 5.172947065298148317e+01 4.294871104503171466e+01 2.529564230066567987e+01
3.063233560239582431e-03 1.999799549826993683e+01 3.410952677983551951e+01 4.218856408648984058e+01 3.714369753319842715e+01 1.163213367535419884e+01 2.442537644175983758e+01 2.366388098856012334e+01 3.745306114863258529e+01 4.583716740215624696e+01 5.336085257516089797e+01 6.136468846728597271e+01 7.120882024289863921e+01 6.313259170900666817e+01 4.577510587617599924e+01 5.385246985545106924e+01 4.789507281620488044e+01 2.923896325184278666e+01 3.746317122923043286e+01 1.694901292091882539e+01 1.701003426007900998e+01 3.271552274262729298e+01 2.820071837602029063e+01 3.363639504736089236e+01 5.622028630040905739e+01 8.204377757565704599e+01 7.444454144852579702e+01 8.343353210579796553e+01 8.975391284579276885e+01 8.301464880325242746e+01 7.628501662249998105e+01 6.704380323744891257e+01 4.561128584235679284e+01 4.527154768470185786e+01 4.305742726150965183e+01 2.489455544168226808e+01 2.523040346278308022e+01
5.666595628964066558e-03 1.191247522209899046e+01 2.541239196646988674e+01 4.155744785425588361e+01 3.570333502191738972e+01 1.185995099205517178e+01 2.710502144959402671e+01 3.134053262002701956e+01 3.519345196625869221e+01 4.914803366588582634e+01 5.709608770600877392e+01 5.657946368279196747e+01 5.730045582096914814e+01 5.824334833512664034e+01 5.378264734686473503e+01 3.596273937526363085e+01 4.372166850793935566e+01 3.398216380065944264e+01 2.169258917414941479e+01 1.673738675063352233e+01 3.535926795190138705e+01 1.729275390972898663e+01 1.777329879604251772e+01 4.306975927075002630e+01 6.332646784385286054e+01 7.041903332115914793e+01 8.061811560994911474e+01 8.902290175107717118e+01 7.995052939320144958e+01 6.846035808575544479e+01 5.912846430251128282e+01 6.146014207882112146e+01 3.958501038979894560e+01 2.462261142202189390e+01 2.451825307780538310e+01 4.477806809598632753e+01 4.837333045910648366e+01
2.110006612196471242e-03 1.414424563034302196e+01 3.414424563034231142e+01 4.230924092129412628e+01 1.218982090089432901e+01 1.506465021801121473e+01 2.947103392322761195e+01 3.173306990092713065e+01 3.717470104572727507e+01 4.138895896379595030e+01 3.781189698205886174e+01 3.887824201211248010e+01 4.204995459056005558e+01 4.036368222188134780e+01 4.094814604341709696e+01 2.982552929039797718e+01 3.585277652566561102e+01 1.667722678668991776e+01 1.647732152996725574e+01 3.546538360386667676e+01 4.174276223339171565e+01 3.322982272455049468e+01 1.758170399272432505e+01 3.209810345423849753e+01 4.718194294858089677e+01 4.571602945778669636e+01 6.833026082894346587e+01 7.889189410819858495e+01 6.765328665466326186e+01 5.678555066783338390e+01 4.881309092514630521e+01 5.880233462687444046e+01 5.151890941484685982e+01 4.425225566460743210e+01 2.425813665184406176e+01 4.475306366591804164e+01 5.463865941434676898e+01
9.367352646185668139e-03 2.000936735264583177e+01 3.613480046322250416e+01 3.337833381514320052e+01 1.242486627909418750e+01 1.619040352513313863e+01 3.051386937622754303e+01 1.602186950931617204e+01 1.951011406814331295e+01 2.398801866768274493e+01 2.972058079076161263e+01 2.848873044623273643e+01 3.592519855826051867e+01 3.808402318169130751e+01 2.158673022786005191e+01 3.692909713089652257e+01 4.106828054471439771e+01 1.879778542492230997e+01 1.629986356735067332e+01 1.724673003450137898e+01 4.469675727843520008e+01 2.933649269364433110e+01 1.778957385347293041e+01 2.247801820923860916e+01 2.709294510352297891e+01 3.446098645249998782e+01 4.799783561558172096e+01 7.533039432435298011e+01 7.995051189774969203e+01 6.913673495481774012e+01 5.139042084417593514e+01 4.030825264393422458e+01 5.159626987809932785e+01 4.364719261327157795e+01 2.400124243423180914e+01 4.491150874161046147e+01 5.798662543226748056e+01
3.648181865326004768e-03 9.920643678743768845e+00 2.674168700970868784e+01 3.736137949673660330e+01 2.472199085185612333e+01 1.275427077901347950e+01 1.298410315433684659e+01 1.615523857670358865e+01 2.160881682659338665e+01 2.551115486000034949e+01 2.816551109478688275e+01 2.119208263974219975e+01 3.038151329243987320e+01 1.526190407766987533e+01 2.090090432165774104e+01 2.807494824935669087e+01 3.877412322037726966e+01 3.468224535418199395e+01 1.612121796751992520e+01 3.551414631454903770e+01 4.529930392656140015e+01 3.502237241114281829e+01 1.800342097125902541e+01 3.895219464756074501e+01 4.899683107115563274e+01 5.793895668663036247e+01 6.834885676594210224e+01 8.319716886410357404e+01 7.803162825037820483e+01 7.638127690868762443e+01 6.606755703879989028e+01 5.280514711771849790e+01 3.342955490580546041e+01 4.246268788940596295e+01 2.374698774027826076e+01 4.546358241359745733e+01 6.574267265486125211e+01
