LEM/sinusoidal_perturbations/elevation_000333.asc
nrows	100
cellsize	150.0
xllcorner	0
ncols	100
yllcorner	0
NODATA_value	-9999
[rows 68 to 84 of 100, columns 0 to 36 of 100]
5.009162696260268353e-03 2.000500916269590590e+01 3.374138266345958925e+01 4.202565480438730816e+01 4.480666808392259526e+01 2.507073340787088611e+01 1.000218221408866981e+01 9.286557739151135138e+00 2.834354619556206245e+01 2.205102890867062015e+01 4.153181769138668500e+01 5.650978212649983590e+01 4.826603131345392939e+01 3.883097085987893848e+01 5.910056064736914294e+01 5.176551438188791820e+01 6.474460751465596786e+01 4.988807032278118214e+01 3.028551705644345660e+01 4.346482156668445640e+01 4.289851937457625297e+01 2.693794177178656923e+01 4.670213968558365991e+01 4.733088348741169682e+01 6.706709675063338238e+01 6.441989778289158153e+01 7.348074625594222198e+01 6.293152115966574911e+01 4.257672557957989312e+01 4.399341697847232524e+01 4.862077390985063374e+01 4.147348800273954339e+01 2.617170058714718195e+01 4.381293457402272651e+01 2.407044035784187841e+01 4.308469624096084516e+01 6.002706512781858095e+01
4.695337527364121070e-03 2.000469533752700713e+01 3.299883613346825229e+01 4.128310738093045273e+01 5.128310738093062326e+01 3.902107179277474103e+01 2.250378841566011801e+01 2.859389419757763307e+01 9.731134604564804391e+00 1.572872948481081323e+01 3.603258741587423941e+01 4.825798161606989822e+01 2.612446115628321053e+01 4.826602532608911389e+01 5.442006533141032776e+01 3.561287168341304721e+01 5.442013145403316798e+01 5.591830931428263085e+01 4.346482156668445640e+01 2.373982297794040264e+01 2.310677984323563550e+01 4.289851937457625297e+01 5.492116432797265446e+01 6.706709675075006771e+01 6.064135415108524541e+01 4.203078699152383280e+01 6.064135415108524541e+01 6.955225935807970927e+01 4.942326577266548071e+01 2.982972363093281842e+01 3.203749591572677957e+01 2.126152106550867771e+01 2.441562640579612520e+01 4.150855623110383874e+01 2.348727155385439147e+01 4.348493806450988330e+01 6.059821144892536182e+01
7.614146464036155443e-03 6.332169466800821489e+00 1.299883613346754707e+01 2.299883613346772293e+01 4.299883613346842992e+01 5.046283008580645202e+01 4.227793647125884036e+01 3.624173619328841767e+01 1.710526692901709467e+01 1.016874040762704290e+01 2.973695031997785421e+01 3.706217487326647131e+01 1.802658866823475847e+01 4.104648027261760745e+01 3.455198474594553915e+01 2.431798748955030476e+01 4.574011771396766335e+01 3.614626917938491601e+01 3.614627183593922410e+01 1.944636472343235312e+01 3.922328682735614080e+01 5.111316262332827165e+01 6.168927176647839872e+01 5.315688664941442454e+01 4.202435567723951948e+01 2.928897020408167506e+01 5.146942906067162227e+01 5.055316461858756583e+01 4.771414296285059464e+01 3.959092595275561877e+01 2.044738826970858980e+01 3.942497548306200628e+01 2.208675195616897113e+01 2.266864022281512803e+01 3.875905998128144603e+01 3.250842409236118868e+01 4.655055051722106185e+01
2.352828262072654761e-03 2.000235282826171712e+01 3.299883613346825229e+01 4.128310738093045273e+01 5.128310738093062326e+01 6.694730080576563580e+01 4.980426218028225804e+01 3.064967516571426742e+01 3.588173097049866556e+01 1.117307568311006882e+01 1.059697119034481716e+01 1.089525807000693369e+01 1.119257640849610880e+01 3.164931556731927031e+01 1.184136070010749542e+01 3.376809983707044438e+01 4.746421436978880593e+01 3.611685534271828146e+01 1.649786896669309399e+01 3.613253009405230642e+01 4.718881800353435807e+01 5.004301985602499059e+01 3.650712080905643830e+01 3.803633654254101515e+01 1.715117426737005601e+01 3.129159351906016440e+01 4.877621807036571511e+01 4.683262641053804032e+01 3.063509439348215935e+01 1.964957111025989533e+01 3.847251418094531772e+01 4.742924100815570654e+01 3.498999064193964870e+01 3.881848141446747746e+01 4.244160543529138607e+01 4.652236275715243607e+01 4.655055051722106185e+01
6.786455232800275850e-03 8.171752264509990482e+00 1.711602417450898983e+01 2.711602417450881219e+01 3.866302955830173715e+01 5.866302955830244059e+01 5.794611505252085948e+01 4.980426218028228647e+01 5.092890350313655290e+01 3.394116861732661050e+01 1.319035129548338148e+01 1.366157641230723030e+01 1.728161344306943548e+01 1.162428840878765079e+01 1.193786051243339053e+01 3.008040416313604837e+01 2.805725880810505757e+01 2.965426515654631245e+01 1.487119823066293378e+01 3.157129188229236405e+01 4.939094044564340180e+01 3.454824099831825635e+01 1.985965200126213759e+01 1.600827296353264018e+01 1.635851739559324258e+01 3.099561378719581484e+01 4.278954883521210917e+01 3.785701063813422707e+01 1.886567102855087796e+01 3.852860636802016359e+01 3.607958397673901629e+01 5.569323239938333359e+01 4.676939773395272937e+01 6.099659023770942667e+01 6.249403097811966745e+01 6.634492779584201116e+01 6.641008828528208596e+01
3.257643153035955173e-03 2.000325764309758725e+01 3.151789475265999130e+01 4.298208793118821802e+01 5.123294584020021603e+01 5.508019667624702720e+01 6.024371747167744928e+01 6.800974802762718241e+01 4.669315441401857925e+01 2.579163923612151166e+01 3.196260335085895221e+01 2.084965250054755970e+01 2.003762747668569943e+01 2.933632687505524927e+01 1.268037697093777361e+01 1.239232615032644524e+01 1.272105912414600049e+01 1.305991330024298946e+01 1.341030181686415723e+01 3.325738777707665150e+01 4.074057274847979215e+01 2.906055938873771893e+01 1.550421829725073763e+01 3.170016018068755059e+01 3.384983231340727627e+01 1.684141328115957847e+01 3.645305104304232913e+01 1.809054508943343009e+01 3.790028755948124228e+01 4.416765507040167904e+01 5.208768500462590367e+01 6.386088176358722279e+01 6.574264083350210797e+01 7.372084116486074379e+01 7.523099911342043811e+01 7.593286403949203134e+01 8.360593762369387605e+01
1.880098487986705483e-03 3.275969901556814889e+00 2.324186575784235131e+01 2.305402821743935249e+01 3.523652526959433828e+01 3.522951862800251632e+01 4.121431211603275813e+01 5.537070481129739363e+01 5.683757426696941906e+01 4.200650249819346982e+01 4.365385063534350962e+01 3.599744419364899528e+01 2.622039867740228303e+01 2.001432157423126412e+01 1.687663745788839265e+01 3.201251258286706047e+01 2.429666903062070560e+01 3.295735323722654897e+01 3.331075910463172818e+01 1.393229640115568557e+01 3.373477263875290078e+01 1.498833341732486879e+01 3.433601000127474379e+01 4.027533999831365463e+01 3.168546571706948711e+01 2.989565231227597053e+01 1.731512566978873124e+01 2.010236598450378054e+01 3.992722155522286442e+01 2.391392837603461174e+01 4.422662483688156954e+01 5.557658746709198994e+01 5.601309558812828016e+01 5.894015664098932916e+01 5.652815934948134924e+01 5.733489398344254795e+01 7.114043860099141625e+01
2.900726248362994839e-03 2.000290072608828140e+01 8.074938720756675181e+00 1.156270183227526438e+01 1.535069486317698662e+01 3.515211313844719143e+01 2.927762892172336251e+01 3.581181724767530028e+01 5.537070481129739363e+01 6.371880275715587771e+01 5.709520684978898686e+01 3.888099161488745636e+01 4.223414484444478489e+01 2.625467093912321559e+01 2.075351150294071090e+01 4.014278272733737651e+01 4.400253938211994154e+01 5.132535370451023482e+01 3.435904260637575902e+01 1.492071935686844242e+01 1.446317218940939497e+01 3.402264183326042257e+01 2.540647654476808270e+01 4.450701299628099150e+01 4.636852105327240992e+01 4.038271461747925173e+01 3.067002767699201726e+01 1.789969866463668424e+01 2.028743135613917303e+01 4.052568860152394592e+01 2.775278111645998180e+01 4.751428055723879140e+01 3.613580480212539214e+01 3.926900775224959261e+01 4.257563335141284711e+01 4.601631156521660415e+01 5.234032609466496666e+01
5.081304048347549951e-03 2.000508130400211471e+01 2.800868482803546300e+01 3.147661728911958789e+01 3.520603985130933467e+01 2.139590140658842188e+01 4.122746406689187637e+01 5.537070481129739363e+01 4.821610863120425705e+01 6.731420950843718742e+01 6.537189122911567551e+01 5.529085625779357827e+01 3.606787848029726007e+01 3.318396305036020522e+01 4.026337977969424742e+01 2.715480606272179998e+01 4.655761679693704735e+01 5.157657456532566442e+01 3.163674513610290617e+01 1.763171042537756961e+01 3.428239757591052239e+01 3.053042735569140831e+01 4.449346485862128731e+01 3.854279328064259857e+01 5.685741677119857229e+01 4.099965090602639606e+01 1.849085652028057680e+01 3.031812862806769715e+01 3.361703142470231143e+01 4.779138964186427074e+01 4.805849660499615794e+01 3.181247607340885963e+01 5.186059309144865637e+01 5.092361541790362622e+01 6.200609428793342914e+01 6.519532102249419836e+01 5.219150789287737524e+01
4.469920835086939326e-03 2.000446992083473319e+01 3.374005925860669208e+01 4.202433252041556244e+01 4.939411743991649928e+01 3.541276433127820411e+01 3.541276433127872991e+01 5.527527462063173402e+01 6.181310437925405665e+01 7.340306493659828391e+01 6.882773837100189951e+01 4.968538498199145437e+01 4.968535919318865979e+01 4.290542304841815024e+01 5.123100024146715725e+01 3.196780751665479769e+01 5.123100024146715725e+01 5.467814954900251934e+01 3.479253807893658745e+01 2.076216682823625348e+01 4.057237582360615846e+01 4.971963872846750832e+01 5.747794330109926619e+01 5.151827327765906261e+01 6.145043841812685770e+01 3.700654900645538703e+01 1.890958301207091097e+01 3.204238167791184111e+01 4.480205466675454318e+01 5.632784480094114343e+01 5.934253636023877476e+01 5.240154184713805563e+01 6.065630749127385712e+01 6.989095560220958703e+01 7.758735716282981798e+01 7.860669361001600919e+01 6.997725246496663942e+01
2.324776005098761877e-03 6.668991442671794445e+00 1.374005925453733212e+01 2.528706463833005103e+01 4.528706465795487901e+01 5.527527461286467059e+01 5.527527462271925884e+01 6.361054759155672400e+01 8.059505211575361727e+01 7.806587193907250821e+01 7.691076432121452910e+01 6.882742497511871704e+01 6.882392711715840505e+01 5.391247120923407721e+01 5.123100024146715725e+01 5.123100024146715725e+01 4.031766069294274502e+01 5.934360105973193811e+01 4.880286449566128226e+01 4.057238000226153929e+01 2.565031045394083620e+01 3.966159630083645027e+01 5.940182161662963267e+01 6.994810128489008605e+01 5.942161020609970024e+01 3.561700859501966221e+01 2.224097567139089904e+01 1.950774205623909907e+01 4.335651286672434424e+01 5.670350216401545396e+01 5.811463054006646445e+01 6.649218616025775930e+01 6.542913212347954754e+01 7.356679483651218732e+01 7.473383200179925723e+01 7.382221248693471694e+01 8.159413139598196096e+01
8.699724428260374037e-03 2.000869972442790612e+01 3.374005925863878019e+01 4.202433262809349657e+01 5.357133823480155854e+01 5.667927583639288258e+01 5.530584401164070130e+01 5.530614836316621563e+01 6.360777697242530593e+01 5.575284453346784375e+01 6.368462663662938184e+01 7.208124952145530528e+01 8.101566457525056819e+01 7.293894072693046837e+01 7.035216552118285449e+01 6.564846139468436093e+01 4.673364030433402405e+01 6.564846139468436093e+01 6.388122249249177997e+01 4.904938067039327620e+01 2.929855837770498539e+01 4.904938067039327620e+01 6.718559577109812153e+01 6.632470493789622878e+01 4.854402187964297610e+01 4.766629528238670588e+01 3.922557999100105519e+01 1.993412282148196013e+01 3.128297503474538743e+01 5.004684166802499590e+01 3.830336135903336725e+01 5.160063740101816165e+01 4.603354197514707380e+01 6.542902767162793509e+01 5.502093154506568595e+01 5.365348045640894270e+01 6.787001332798236319e+01
2.249585233037712084e-03 1.414438520896411333e+01 3.414438520922865905e+01 3.837313274602466606e+01 4.667909062684549326e+01 3.669997840376358056e+01 3.527741549987435832e+01 3.527742122913689826e+01 5.530614836316621563e+01 4.083223180082157455e+01 4.340327418808488602e+01 6.368462663662938184e+01 6.708865608166875916e+01 6.708865608166875916e+01 7.543523199644789656e+01 7.374325402665022011e+01 5.615034789378722024e+01 7.374325402665022011e+01 5.561339743762245291e+01 3.592149536117073438e+01 4.904938067039327620e+01 3.919802106666269026e+01 5.890074027412384083e+01 6.297317039297513475e+01 4.395351151205364459e+01 2.969028103044747979e+01 2.240627123804773646e+01 2.036404841187991366e+01 4.011601247528992786e+01 4.118855500640639633e+01 2.818137174678321344e+01 3.224306475686537965e+01 5.171420836568263013e+01 5.190725697825347140e+01 4.111642737522520008e+01 5.502093151011975181e+01 7.473380330030511232e+01
2.739267172789772273e-04 2.000027392663677261e+01 2.478950609612818567e+01 1.835690265134921617e+01 2.888870489139526754e+01 2.255455962833582717e+01 2.112859611117708525e+01 3.633424850893850788e+01 3.917213745970274630e+01 2.915615984698791152e+01 4.568383036425762356e+01 4.913001964461274440e+01 4.696595805747153918e+01 4.696595805747153918e+01 6.708865608166875916e+01 8.335777315369557527e+01 6.944643096534062465e+01 7.472247572668449322e+01 5.488790028525873055e+01 4.101146486444020667e+01 6.069595797729228792e+01 4.902029761188022405e+01 6.718559577143327033e+01 6.352454366648851902e+01 4.430066113568182828e+01 4.932164269478364815e+01 4.296836180574335629e+01 3.273054153400809696e+01 2.097803598246492740e+01 2.141844892898509300e+01 2.186039397313714971e+01 4.012156122036502381e+01 4.491866159805759651e+01 3.231020081036622571e+01 4.213922163858764947e+01 5.594961660657820346e+01 7.549829458311133124e+01
8.327778614586212741e-03 2.000832777843767829e+01 4.778324170056408526e+00 6.799838547391815702e+00 8.875900539299038883e+00 1.099902256645562026e+01 1.356418887276653784e+01 1.631562049028326911e+01 1.914660286252897237e+01 2.234918049776059945e+01 2.563495199760666310e+01 2.906204479415646347e+01 3.277449414308325260e+01 5.285975985298978941e+01 5.921962212220371669e+01 7.935352322992747531e+01 8.890339825058299539e+01 7.691570198184059848e+01 5.705065369698638023e+01 4.794061317556437274e+01 6.767208769506727606e+01 6.293581678742724961e+01 7.712052722902394919e+01 7.147164117464706123e+01 6.327827625375201848e+01 5.644663245124546336e+01 4.484080329278452837e+01 2.518666213623423999e+01 4.074080231746869885e+01 3.547303224144413747e+01 4.163525410159184048e+01 2.249310954885411817e+01 2.604309568309617262e+01 3.922644044318937517e+01 5.872224985664507813e+01 6.983084993435981858e+01 7.932933631771453520e+01
6.510866554257996840e-03 1.949126054872337477e+00 2.195789565282933609e+01 2.681223073702459914e+01 2.302870313040176597e+01 3.101133512212752663e+01 1.690399204452479154e+01 3.633189949332992796e+01 3.917213745970274630e+01 4.238380815875125762e+01 4.568383036425762356e+01 4.066777223892054138e+01 5.285975985298978941e+01 3.910797174652068264e+01 5.921962212220370958e+01 7.541429289515254197e+01 8.376229002097190346e+01 8.529916915070889161e+01 7.600630380047186918e+01 5.774447359095919552e+01 7.600630380047186918e+01 8.289314517017520245e+01 8.214924356531422234e+01 7.091453871446655910e+01 5.906481920531246743e+01 4.187216519805355830e+01 2.973581508859273725e+01 3.653676333093917350e+01 5.251797543344881092e+01 5.487722900722548758e+01 5.022195653698934592e+01 4.223137628213066108e+01 2.313739453640990007e+01 4.255524051059806112e+01 6.036539918716888309e+01 6.387868940267583184e+01 6.014590773763188025e+01
8.953482861371391335e-03 1.354029782510235869e+01 1.645451865534784730e+01 3.634298593769790386e+01 4.303600185551201207e+01 3.322894031004796034e+01 3.689402882599839018e+01 2.357202271907706859e+01 3.355645070223443582e+01 4.500368118759545411e+01 6.388701788371452039e+01 5.531817728204385531e+01 6.756342861600033700e+01 4.915366925761996697e+01 4.767213874076580993e+01 5.527878133069923905e+01 6.951918679908810361e+01 8.964633798389935748e+01 8.599403038927282239e+01 7.759970179917527844e+01 8.599403038927331977e+01 8.400204141315056461e+01 7.396500258029060149e+01 5.464004999751618641e+01 4.356449776445680300e+01 3.486791621589274115e+01 3.854892260751340416e+01 5.523134716630739405e+01 6.346888954372108316e+01 5.904225720201380767e+01 3.962769140129242373e+01 4.341516161055373146e+01 2.359691994709071494e+01 3.518496787469841536e+01 5.354394296551388521e+01 4.480758269529960103e+01 4.685530844849353826e+01
