LEM/sinusoidal_perturbations/elevation_000366.asc
nrows	100
cellsize	150.0
xllcorner	0
ncols	100
yllcorner	0
NODATA_value	-9999
[rows 51 to 67 of 100, columns 37 to 73 of 100]
8.195503187957898206e+01 9.037571311777418259e+01 9.309835770006122857e+01 8.521564388844592486e+01 7.020180722528820638e+01 7.277762689452936229e+01 9.221790139255502083e+01 9.791899006103248837e+01 8.956288819859747719e+01 9.822455994180417349e+01 1.092835540712243017e+02 1.010149482317495568e+02 8.806029741923474319e+01 8.806029741923480003e+01 1.081000827540627967e+02 1.064397480751025427e+02 8.642822746174552151e+01 7.641353391237142034e+01 6.880087249591132093e+01 6.508741761829526240e+01 8.518756871572612965e+01 9.901454182084016509e+01 8.252910478916295745e+01 6.238766677850706799e+01 8.252910478916209058e+01 9.186181045992400129e+01 9.720717658274485018e+01 1.035365995496630660e+02 1.106178388064846700e+02 1.188685936262723430e+02 1.258678792207724797e+02 1.117531972452331814e+02 1.258678792207724797e+02 1.210556810146793083e+02 1.293128645271565915e+02 1.226547424980834933e+02 1.034475261468471103e+02
7.946167828212149686e+01 8.754960442662085995e+01 9.732073379335193408e+01 9.791549143115959453e+01 8.994820576655814648e+01 9.235980399289016418e+01 1.002169087539535894e+02 9.882549974326494180e+01 9.074109003017896669e+01 9.882549974326494180e+01 1.010149482926846218e+02 8.095394797852335955e+01 7.384759853803871010e+01 9.392981465028323385e+01 1.039298059998852892e+02 1.146947160056857200e+02 1.047010031408098456e+02 9.102429106872841658e+01 7.096850360782222822e+01 6.083454470661460789e+01 7.066231593394797983e+01 8.423374054077913797e+01 7.593719351534443263e+01 5.943976614505673695e+01 6.558493485659359123e+01 8.568121351584146339e+01 9.202430938084954448e+01 1.061747862379198892e+02 1.261250500246859332e+02 1.317380159447163805e+02 1.117531972452331814e+02 9.754282230312369961e+01 1.068820667492873753e+02 1.010111634927173441e+02 1.210556810146793083e+02 1.226547424980834933e+02 1.034475261468471103e+02
5.979701300298717825e+01 6.968380645307908594e+01 8.354134042737449306e+01 1.029962452110140845e+02 9.835014163606109605e+01 9.010394551002268315e+01 9.010394551002268315e+01 8.921876550762266334e+01 7.112722229114595507e+01 8.921876550762266334e+01 9.858544604565874181e+01 8.682967891546111616e+01 6.671781782826822393e+01 7.557319654865990799e+01 8.978743730265883016e+01 1.098151574659753891e+02 1.110154663997413564e+02 9.102429106872841658e+01 8.814131239487944924e+01 6.805114302869422716e+01 5.633987722753970928e+01 7.241937709626654396e+01 5.572887671693135303e+01 7.005450261940183054e+01 8.568104550549278997e+01 7.566919179218173497e+01 8.983522299273765555e+01 1.098357278541850803e+02 1.179586140717123470e+02 1.262060214039222785e+02 1.217170961015389707e+02 1.068820667492873753e+02 8.681450019492899628e+01 1.010111634927173441e+02 1.210556810146793225e+02 1.307963071458754882e+02 1.226547424980834933e+02
6.962934564104971003e+01 7.946811752863905554e+01 8.754879226008502258e+01 9.731406948311604310e+01 9.010394551002268315e+01 7.004958696151271624e+01 7.004958696151271624e+01 8.111843898748276160e+01 6.103895960741908056e+01 7.035910008406088423e+01 9.037354083996325471e+01 8.145455804268748068e+01 6.131156825268307387e+01 8.145455804268748068e+01 9.695582266586507103e+01 1.160174156732264379e+02 1.077440287730568258e+02 1.087919726383116199e+02 9.640679459035921184e+01 8.481383478008689281e+01 7.241226120533490018e+01 5.222933948452284625e+01 7.241937709626654396e+01 8.423204260872746829e+01 9.840117740567370674e+01 9.569323523950114918e+01 1.039615246137325357e+02 1.146390901630297350e+02 9.787294197387778638e+01 1.146390901630297350e+02 1.134484133462976132e+02 9.338565620606426876e+01 8.183099334242120904e+01 1.016603802442342328e+02 1.083464008732232173e+02 1.166226565892692690e+02 1.266324172756716422e+02
5.317552116149661146e+01 5.979853457750571266e+01 6.969369450493452689e+01 8.924254055234348471e+01 9.010394546647444258e+01 7.004958696150869457e+01 5.581206173688153882e+01 6.644280973289245651e+01 5.393144410258025090e+01 6.816402473599494272e+01 8.819792514256077709e+01 7.705899730842008921e+01 5.690726386080029897e+01 6.855962725938059066e+01 8.866935271157257148e+01 1.044608995639818971e+02 8.770984800132356440e+01 8.876024530769679188e+01 1.029123742407949607e+02 8.479635906655479971e+01 6.466637518409351060e+01 5.040692413180523346e+01 7.056070706849203589e+01 8.625899794832031375e+01 8.210582778527869152e+01 9.039235115521771036e+01 1.004127552249677251e+02 1.063621458791729850e+02 8.605015505420129784e+01 1.063621458791729850e+02 1.129670540981007889e+02 9.738539587995246904e+01 7.738128023439223568e+01 8.163259540382399848e+01 8.828833898623574328e+01 9.832053855461940373e+01 1.125208337939117200e+02
6.306724053716110490e+01 7.946811752863905554e+01 8.754879226011800597e+01 9.731406948311779104e+01 9.034231399370605686e+01 7.876009376711033383e+01 6.644280965951755036e+01 4.643847481560725043e+01 6.644280973289245651e+01 7.264545370017766857e+01 7.567044466720625451e+01 7.310691722888655875e+01 5.298110385412927315e+01 6.721564693626349651e+01 8.732970186894267783e+01 9.617728911150294380e+01 7.610032609795426595e+01 7.454429581828694040e+01 9.288274392990132355e+01 8.296908890104535317e+01 6.284055954028650604e+01 4.863176515567604241e+01 6.873606846968955608e+01 6.615449975426172102e+01 6.198011410072093241e+01 7.207077255316966102e+01 9.214088301738770781e+01 9.918077265330481396e+01 7.885826459038972303e+01 9.918077265330481396e+01 1.046872098074506425e+02 8.465308783600475806e+01 7.312497300957727475e+01 9.312050409425854980e+01 1.083464008732232173e+02 1.166226565892692690e+02 1.174755527319937443e+02
8.270314944316208994e+01 9.079048824519765049e+01 9.655574912954809008e+01 8.834363440232519338e+01 8.206192649503616110e+01 6.197181056809562705e+01 5.043725762250310396e+01 4.269041288500310571e+01 6.259525789281327945e+01 5.262298900767609666e+01 5.560492759572940002e+01 6.463606391075084900e+01 4.936776727882732985e+01 6.092681917656549473e+01 8.105139997435213672e+01 9.760093213013378488e+01 8.458584911112046711e+01 6.443419134297928963e+01 8.458584911112046711e+01 8.682562084598565377e+01 6.694503859429518400e+01 4.690065677959423596e+01 6.443948257880447272e+01 5.192604613035938854e+01 7.204297094301008997e+01 9.039235115521771036e+01 1.004127552249677251e+02 9.305330592206281892e+01 7.294027556893568942e+01 9.305330592206281892e+01 9.383354037180311025e+01 8.987680062543805093e+01 6.985882026694478952e+01 8.401157519180573274e+01 1.040367074136887311e+02 1.141732967143326505e+02 9.742190775415167536e+01
8.687327967002912033e+01 7.856036087607705554e+01 7.951227306532679506e+01 6.852893209579656286e+01 8.511384951282634859e+01 7.876010285591635807e+01 5.890108704063952416e+01 3.907453052859867171e+01 5.440182343177984592e+01 3.868170736042520730e+01 4.161839585005949971e+01 4.468789605251543406e+01 6.463184056066077687e+01 7.773064824189246735e+01 8.934964479444970209e+01 7.752229735664931809e+01 7.752230338163577983e+01 5.907350777373225981e+01 7.920009202941290027e+01 7.853286906259347688e+01 5.845035976175430648e+01 6.213556888200901085e+01 4.448854608694066570e+01 6.443948823959482297e+01 7.204297094301008997e+01 9.212150987067850849e+01 1.019571948470965168e+02 8.176318345341196903e+01 6.781529661933136310e+01 8.105701383093919787e+01 7.377530563835657063e+01 8.255814974277525664e+01 6.672421128265069967e+01 8.678795919664786140e+01 1.062817013888485889e+02 1.058975753467064322e+02 8.584164776935332952e+01
7.110028724104641640e+01 5.842164906764920573e+01 5.951571806648880880e+01 5.690768288182069057e+01 7.690361069281756556e+01 7.786789057699988348e+01 5.855865633433125339e+01 5.274330828902110824e+01 3.462904021976378033e+01 5.440182369808665896e+01 6.148198147795057622e+01 6.463606391075084900e+01 7.294429052164693417e+01 7.955975687348515635e+01 8.700472315148697078e+01 7.580544531530490815e+01 5.747673373272503738e+01 5.416166924005469241e+01 7.416844596549269397e+01 6.822290463115643888e+01 5.992158649368399637e+01 4.227132209990010381e+01 6.193778423135136535e+01 5.704531454613069030e+01 6.866349602327733237e+01 8.871289655151186082e+01 1.042629995459926278e+02 9.601118737024623329e+01 8.105701382465557003e+01 6.132162064981576322e+01 5.944841246354176434e+01 6.241146704571808357e+01 8.255814974277517138e+01 9.507533835577216053e+01 8.625437427202197682e+01 9.472248921709990555e+01 7.879810226501592751e+01
5.083154872539323321e+01 4.660297938871320156e+01 4.508863301050527639e+01 6.537257341947035627e+01 6.160514303989197771e+01 7.056941829896149443e+01 7.013001926981601741e+01 5.231224555185229974e+01 3.253096111255630518e+01 5.231224556873260667e+01 6.477955392275273994e+01 5.829098002317209648e+01 6.418868344915264856e+01 6.255908021163435251e+01 7.018758352087968433e+01 6.097853592224783625e+01 4.774064229885583899e+01 6.749907699938272287e+01 6.600329853373692401e+01 5.774848346254341891e+01 4.012367566916974226e+01 5.992158649368399637e+01 5.475394730254888742e+01 7.484348107818078688e+01 8.541200926098058233e+01 9.696678794586235028e+01 8.422047894019429748e+01 8.313946034515883809e+01 7.483000381798190404e+01 5.690556872978424252e+01 7.714390107302075705e+01 6.273524240150853615e+01 8.287454122809195667e+01 8.852910962511204218e+01 7.212563587068295590e+01 7.473431549113033157e+01 9.472248929645340354e+01
5.676812479053108973e+01 3.629762962614339017e+01 3.856900765997481528e+01 5.704363571783698461e+01 4.018462218315973900e+01 5.773552888022322804e+01 6.193012518269797795e+01 4.193631310420133929e+01 3.045841345981198245e+01 4.742567699082154320e+01 4.758860790690328457e+01 3.829487074591081353e+01 4.795452788261037824e+01 6.246744015710636688e+01 6.188408590833680023e+01 4.220910492056789565e+01 5.674576772298937755e+01 5.477747908588400350e+01 5.557764707522424885e+01 3.798706297837483703e+01 5.774848346251505404e+01 6.822290455357675398e+01 7.484505954327600818e+01 7.484505954327600818e+01 9.492121666431161486e+01 8.870671053934397321e+01 7.944613902149808382e+01 6.407253135566472224e+01 5.459029002397346630e+01 7.483000416431077895e+01 8.544675616135049268e+01 8.287370232226412270e+01 6.608086005544338093e+01 6.850082598770973163e+01 8.852910962511204218e+01 9.471990563626515325e+01 8.539508330837449535e+01
5.025705451891870013e+01 3.015337939648889432e+01 4.784894838852633114e+01 4.233653566775647192e+01 2.975925941702670485e+01 4.871161618743627031e+01 4.990645286629175814e+01 5.324694038439532306e+01 4.473304290898285984e+01 2.758262531351556390e+01 2.831667843044786537e+01 4.645393737649127530e+01 4.980115556377074171e+01 4.442194875243712460e+01 5.846943702325725667e+01 5.674576622945544102e+01 3.402020227998952606e+01 3.494784936680925824e+01 3.584388269178910491e+01 5.551922345436233996e+01 5.800787767033302345e+01 6.631543360543975041e+01 6.956534976938991122e+01 8.964760019285292003e+01 9.452460315218738174e+01 7.420702800119777010e+01 6.150073289490442363e+01 5.236877902487000824e+01 7.258805598517068347e+01 6.632368741271858426e+01 8.644984893962268302e+01 9.443293885405276455e+01 8.028845042031096568e+01 8.266546436042310120e+01 8.266569881158177679e+01 1.026859160390129659e+02 9.956694975568795769e+01
3.540585281507301119e+01 2.938172291573978967e+01 2.491280121659745816e+01 2.215083162483877999e+01 2.281197189549512672e+01 4.265246664817619404e+01 2.469120285668564918e+01 4.488467685456657819e+01 2.660750713485035845e+01 4.645939579896646165e+01 4.740968076719572366e+01 2.936253804941750900e+01 3.010406469383876882e+01 3.084712349516107466e+01 5.065398943711705471e+01 5.247358162075817489e+01 3.383399749513515786e+01 5.360931706555617637e+01 5.560658166031969785e+01 3.725776959308408465e+01 3.825484487451434035e+01 4.955902403935334632e+01 6.775130471911286634e+01 8.193086447565089259e+01 9.007204628528948831e+01 8.175368139746331053e+01 7.104847811318970230e+01 5.086033819829884095e+01 6.514970158455341220e+01 8.528938441003144533e+01 8.057897725078768758e+01 1.006233869937603060e+02 1.003165317893231787e+02 1.026706774492332244e+02 1.026857295921127076e+02 1.109674770147707363e+02 1.195966766311794487e+02
4.694152474788880625e+01 4.015598585162758383e+01 2.121358668456081986e+01 4.105962448369020734e+01 3.935206382300380312e+01 2.375018832523665324e+01 3.705713071613051568e+01 2.563552465031650840e+01 3.490116957119321484e+01 4.905261532158891669e+01 4.959222880855518412e+01 5.000671239370818455e+01 4.992920167637337414e+01 4.447168744748969260e+01 3.190228258822460106e+01 3.269732264264221300e+01 5.247357845773706231e+01 5.512186184967460179e+01 6.520623256653237831e+01 4.948009986215228651e+01 5.801469222352497468e+01 3.966427060207950461e+01 5.357174508460583695e+01 6.920282579345399654e+01 8.178668146031667163e+01 6.159035725570044661e+01 6.741922860434361553e+01 4.938155823360414587e+01 6.101053581268391213e+01 8.117072012301656514e+01 1.006233869937603060e+02 1.089022915023895877e+02 1.046141217006415474e+02 9.990690298518148893e+01 1.074560794037463722e+02 1.157067548875770626e+02 1.272203168155339910e+02
3.819094532385897622e+01 2.028873918983159186e+01 4.035666755231580538e+01 4.925810121809408315e+01 4.067638439765616454e+01 4.381884639717743113e+01 4.705838674289070411e+01 2.862306975552881028e+01 4.815473066639692945e+01 6.344496907083842530e+01 7.051629853027796457e+01 6.942093253208878423e+01 4.945428184656931592e+01 3.556170219431088242e+01 5.169848180074259147e+01 3.237960194806661463e+01 5.482372156596923674e+01 6.679547769298903859e+01 7.383389546827946504e+01 7.127056574214678619e+01 6.102060540198856131e+01 5.202798788658616758e+01 4.107484298195782912e+01 6.089097488982233841e+01 7.067418847129721371e+01 6.536426912982743431e+01 4.733732325709522115e+01 6.151860064056021571e+01 7.784303526866783329e+01 8.947095687161116473e+01 1.001847498855162257e+02 9.375533085686336676e+01 8.463361849830211270e+01 7.992047524157251814e+01 8.748347705665116791e+01 9.901796497302572675e+01 1.189830551879203995e+02
1.936385262316588651e+01 3.473336136753394499e+01 3.800776866410278387e+01 6.081210112587769601e+01 5.447316630719564756e+01 5.266781559022560089e+01 3.309482598927114338e+01 4.827306114764000711e+01 5.645068589775550549e+01 7.301072636744457611e+01 8.291163170601963373e+01 7.018180055659999539e+01 5.794130087748438740e+01 3.819037401881224980e+01 5.794087454293562445e+01 5.482423664651827266e+01 3.904316735727653764e+01 5.310881583991577770e+01 7.358003529761015216e+01 9.076253650772940773e+01 7.844303937273605243e+01 6.802330098880803178e+01 5.085879153002041875e+01 4.248955939204110877e+01 6.235771811699477496e+01 4.536543582031106325e+01 6.536426906730405051e+01 7.573672792660357800e+01 8.993299545262703987e+01 9.057601449566210761e+01 8.646571739421095515e+01 7.330930260212376481e+01 7.040755288937694445e+01 9.048577239474793998e+01 1.074550450500268397e+02 1.063572835223438346e+02 1.098345640065359419e+02
2.154527023982142708e+01 4.200414869652082928e+01 5.520940494220280925e+01 7.083046723613006179e+01 6.982038010823121965e+01 5.045035586596819854e+01 5.266873395726476303e+01 3.789312014635899573e+01 4.522583255600765995e+01 5.491127938264673958e+01 7.466143326858312435e+01 6.186953804041088034e+01 4.203131671742602293e+01 5.794130087925363171e+01 6.623577866551333670e+01 5.596769889368087547e+01 4.227698035706318080e+01 6.182760620673225560e+01 7.474513243250225969e+01 8.891370361806255573e+01 8.710936663713643213e+01 6.719780596858528554e+01 7.042684486790585652e+01 6.182222953587798742e+01 4.390842098558553630e+01 6.383891916786715370e+01 4.759389793958642656e+01 6.768407337249558964e+01 7.203449948523045521e+01 6.878090527226160589e+01 7.189358405159578069e+01 6.237487319943377173e+01 7.679084065200740383e+01 9.693089319313570229e+01 1.004107631931302791e+02 8.628769052211708868e+01 8.976355497734694211e+01
