LEM/sinusoidal_perturbations/elevation_000188.asc
nrows	100
cellsize	150.0
xllcorner	0
ncols	100
yllcorner	0
NODATA_value	-9999
[rows 51 to 67 of 100, columns 37 to 73 of 100]
7.773834348818496665e+01 8.337052143449805897e+01 7.180724322159306894e+01 5.504639005903908355e+01 5.079767586485449726e+01 7.083018099930399103e+01 6.706922602381392551e+01 4.590127033470729145e+01 4.210908973172396941e+01 5.856299059914933736e+01 4.304525102716004881e+01 6.299195246940934112e+01 7.605342113908908175e+01 7.590394705629412897e+01 6.585752645175865894e+01 8.008347895029621100e+01 1.001142899523698304e+02 9.601344695392062079e+01 7.769557735312451996e+01 9.379954447457375011e+01 1.008842761338735698e+02 1.091372870425682891e+02 1.063598768985079346e+02 9.221409160785285053e+01 9.980429705823617326e+01 9.146599100212674216e+01 9.366902169198812089e+01 7.932084602907316651e+01 5.919601531612076428e+01 5.661581900022041225e+01 7.221790728463712128e+01 9.352146740302896433e+01 9.571341064101697782e+01 8.754750597561007908e+01 8.308754860385046470e+01 6.291923815447969304e+01 5.836693529176010742e+01
6.921148275863237131e+01 7.508415109986465552e+01 5.504639005903908355e+01 4.352476698265532207e+01 6.351529009937082293e+01 6.204878438168020693e+01 4.917223459101261795e+01 5.492973368761990116e+01 5.609960084773075550e+01 3.878497513502875904e+01 5.856299059907460247e+01 7.132542606555406905e+01 7.590366094446881107e+01 5.580257385388723890e+01 7.590315998659248464e+01 8.876218643758480198e+01 8.910578638223395842e+01 8.080503977450223374e+01 6.753243279094617435e+01 7.368301589727882117e+01 8.084562893716183396e+01 9.244879240126316233e+01 1.124073612058298437e+02 1.123115409335466808e+02 1.138100064664279500e+02 1.014587189854889999e+02 8.168087424077141634e+01 6.750340954196191490e+01 7.883439363322665372e+01 5.868630174092773188e+01 7.007886440135958139e+01 8.888273424550351365e+01 1.059024219472218959e+02 8.624580911818706852e+01 7.470237340976711948e+01 8.066713994795460962e+01 6.036873913050818174e+01
6.923222500922723555e+01 7.359368471051728022e+01 5.356997032893188759e+01 3.947594155168218322e+01 5.943427072829426550e+01 5.212732362524084806e+01 3.383526520738991650e+01 3.499042845149247682e+01 3.614921764452925146e+01 3.764072887590539551e+01 5.760424254579930903e+01 6.128602566419402109e+01 6.286285286082910773e+01 5.002627310141048866e+01 6.041538268589700778e+01 7.319740186213506661e+01 7.454701847504495049e+01 6.052673311105436937e+01 8.080503977450223374e+01 9.379954447457375011e+01 1.008842761338735698e+02 1.091372870425500707e+02 1.206506452600819586e+02 1.195669148278994953e+02 9.985713435843339880e+01 8.591204958941760594e+01 7.700256718536179790e+01 8.195269091468647105e+01 6.186448561979618432e+01 6.597903507691387404e+01 8.554263280852183016e+01 9.671636312373659905e+01 1.139811187735918452e+02 1.026667811281599114e+02 9.455361207842595661e+01 8.268988202976339608e+01 6.246861593345811769e+01
7.051841927008665323e+01 6.222120311559355343e+01 5.566289852278136863e+01 3.572901676069124477e+01 5.052577818734197734e+01 3.220523699650392757e+01 5.213259291524988015e+01 5.492973364882415410e+01 5.023043510917438681e+01 5.760424258682963483e+01 3.976995101078534134e+01 4.128976833026855076e+01 4.285200202875841313e+01 4.450413668247441024e+01 4.625072712302177536e+01 5.017716502296707404e+01 5.427611160366706144e+01 7.454701847504495049e+01 8.139274973064860319e+01 8.675958526685064953e+01 9.242718536234283988e+01 9.880297322485907330e+01 1.070579439185523540e+02 1.159901408705085828e+02 1.138100064664279500e+02 1.049878978875797628e+02 9.103748835159076691e+01 8.417905131937772012e+01 6.414177825281629453e+01 8.417904877231997318e+01 7.781207533698344037e+01 9.198444547490814216e+01 1.117534886404616685e+02 1.049730228365109070e+02 8.534560998881399030e+01 7.384053176469885216e+01 6.468543831579466996e+01
6.213233422662152350e+01 4.212625424777126426e+01 4.793831078589803241e+01 4.801468853843217488e+01 3.059461441429181505e+01 5.052577798596171732e+01 4.282455159912909437e+01 6.282131055139214482e+01 7.026902037722335592e+01 6.805117261969348874e+01 5.975254633544279415e+01 4.881006116417882623e+01 4.798459058668991162e+01 6.453306717871220144e+01 6.629813857693130785e+01 4.906022291696611859e+01 5.275162779416164227e+01 5.635242559131132367e+01 6.047988517591841173e+01 6.597392061330609181e+01 7.199236260922124586e+01 7.864096170125112906e+01 8.774405399311322640e+01 1.019184473894025160e+02 1.218280221381202750e+02 1.189383074241263074e+02 1.055656423430721986e+02 8.932223114608791548e+01 6.940277924456691494e+01 6.778032287534267653e+01 8.773434298399557463e+01 9.414748131022909661e+01 1.139136153577608894e+02 1.130741208566122111e+02 1.017540036977276969e+02 8.695264035920392587e+01 6.697751814348308130e+01
5.441693557811829862e+01 4.508606610069007559e+01 2.798608993355304264e+01 2.905929115650648598e+01 4.899987839272262136e+01 5.881410151949265952e+01 6.282131055078232151e+01 5.694846474003907133e+01 7.699961455888664830e+01 8.130335938874834767e+01 6.147063689148553323e+01 6.879937380836376803e+01 5.332150061187865475e+01 7.339764756438685822e+01 7.720673633539101388e+01 6.892234323888246195e+01 5.229007027658764173e+01 7.219196107286440167e+01 8.139274973064860319e+01 7.765541809865206346e+01 9.242718536234283988e+01 9.880297322485907330e+01 1.070579439185523540e+02 1.159901408705085828e+02 1.247097283979699682e+02 1.148543889247108041e+02 9.739475223927807690e+01 7.762119462310784002e+01 8.932223114608784442e+01 7.038635316571178180e+01 8.450478522113304791e+01 1.042286019755752591e+02 1.221003442916378248e+02 1.158159086793246075e+02 1.070670453857634783e+02 8.914730585951652131e+01 6.927376906928610367e+01
4.059518382053633445e+01 2.647493049374511642e+01 4.644925006572227488e+01 4.284919647805357812e+01 4.018271323419819652e+01 5.069707848297988306e+01 6.985777002603300900e+01 7.699961455888664830e+01 8.528453780915577909e+01 8.931511653806522588e+01 7.555378452522674593e+01 7.919555004348661953e+01 5.911102670122584612e+01 7.919555004348661953e+01 8.934495664889333000e+01 6.876897272055390431e+01 5.458699334843513640e+01 6.868043269952478624e+01 8.876352208929597509e+01 9.802196849259692613e+01 1.062956915301001857e+02 1.113279334025512668e+02 1.113279334025513947e+02 1.195731026518327980e+02 1.165162237633803528e+02 9.683461890822194107e+01 8.698814917950139147e+01 9.413039196057887636e+01 7.431792398903681374e+01 9.028167795274593743e+01 8.450478440206910591e+01 1.042283327111757814e+02 1.189874111892442698e+02 9.947990776130933455e+01 8.814941458316474154e+01 7.928715246757541024e+01 7.173122563705101129e+01
4.397057832428625090e+01 2.389200378442335193e+01 4.540406773062863977e+01 6.159246803731159048e+01 5.974146063065365553e+01 6.800134743409080329e+01 7.220611723354458888e+01 8.893387638558104413e+01 8.657306554151456623e+01 9.513264682395410432e+01 9.486275531752637846e+01 8.588391798445293546e+01 6.581881416155408715e+01 8.588391798445293546e+01 8.821895461940705729e+01 6.851553308992430402e+01 5.697207446260300401e+01 7.703233530352012792e+01 8.919679668859852484e+01 1.015424765666417386e+02 9.327843428521694591e+01 9.136180530825885171e+01 9.136180530825885171e+01 1.113279334025513236e+02 1.247097283979699682e+02 1.148543889247108041e+02 1.009052045832478228e+02 9.689704314931429963e+01 7.713920169821825823e+01 9.689704314931429963e+01 1.042283327111757814e+02 1.124050463328899525e+02 1.270860822002827462e+02 1.102226457037008487e+02 9.065356457018562253e+01 7.666612345533815187e+01 7.559444449981756975e+01
2.389146115736858533e+01 2.527658744581146166e+01 4.532408444228079247e+01 5.554371638463367589e+01 6.768317214681660232e+01 5.935390520562166472e+01 6.415551945581837856e+01 6.653467698329734503e+01 6.582017793249950444e+01 8.507392363092286303e+01 9.525271191496813117e+01 9.412525372467398199e+01 7.588757867419907654e+01 9.412525372467398199e+01 9.620343751034255320e+01 8.504970713082336431e+01 6.492410466102519706e+01 6.077295816125984373e+01 8.090716460856467052e+01 8.800530380124371277e+01 7.319895536827928595e+01 7.716389224340412056e+01 9.136180530825885171e+01 1.113279334025484815e+02 1.224963553500860058e+02 1.288035732656731795e+02 1.136462478911399643e+02 9.398238136268513188e+01 8.003277885747429821e+01 9.974179452452223416e+01 1.123885855664387918e+02 1.237884577242441111e+02 1.225611455418530653e+02 1.030503506051570923e+02 8.919019570475410319e+01 8.065472336762378802e+01 9.532880311860078848e+01
3.150940347269414232e+01 4.531157886517568301e+01 2.722846419531116169e+01 4.724944160216323752e+01 5.311521420288790551e+01 3.945934907000451375e+01 4.416562700208937287e+01 4.930296850448186063e+01 5.634420351614281230e+01 6.646275103532573780e+01 8.689234811667228087e+01 1.040997694183234046e+02 9.588025729470690806e+01 1.040997694183234046e+02 9.938031399200873750e+01 7.935320866054414068e+01 8.521901200459285519e+01 8.090716526781673679e+01 6.479186198668207908e+01 6.787847443692800198e+01 8.800530177555323519e+01 9.720974807033434217e+01 8.428008755170736777e+01 9.430698944530720951e+01 1.142554413531187407e+02 1.234966663115463206e+02 1.037958294707347022e+02 8.991751806268641189e+01 9.974179452452230521e+01 8.478644583880144125e+01 9.613211948312327593e+01 1.157195325779263158e+02 1.282865203640856464e+02 1.087649525186879487e+02 1.043102261557215513e+02 8.471667995699876030e+01 1.043102261557215513e+02
5.109103849335784275e+01 4.720056023364586650e+01 4.724944160216323752e+01 2.919244039320386008e+01 3.328302640181934891e+01 5.311521420537070526e+01 6.415551946688484009e+01 6.948862660038042804e+01 7.667754957599900933e+01 8.507392363092286303e+01 9.525271191496813117e+01 9.993541671618325495e+01 9.173452843516648159e+01 9.993541671618325495e+01 1.076010167983885424e+02 9.938031399200873750e+01 9.910973891803443792e+01 7.906503251534863352e+01 7.906503251534863352e+01 8.800530380124379803e+01 7.692031451440978174e+01 9.697324847449144158e+01 9.033291188475602951e+01 1.103021746726036696e+02 1.224963553500860058e+02 1.234966663115463206e+02 1.037958294707347022e+02 1.095660709863586391e+02 9.087022808982777633e+01 1.044398588170574698e+02 9.461779363862149239e+01 1.142587842686059076e+02 1.278139662642399657e+02 1.083556784350329281e+02 9.456557332151487572e+01 9.020648449944000902e+01 1.097231950136850287e+02
6.336563804251759535e+01 6.714914049538637641e+01 5.749637071430738189e+01 4.920056633777694799e+01 3.128378765904234271e+01 4.281734618253805280e+01 5.698896281077201564e+01 7.726272227196207609e+01 8.099193255484537701e+01 8.923481613859844686e+01 9.171318562446086275e+01 9.002309071329800361e+01 7.189912498029583787e+01 9.002309071329800361e+01 9.956416207899010828e+01 1.078248445987353676e+02 1.073683123491025668e+02 9.910973891803446634e+01 9.910973891803890012e+01 1.040459850051575188e+02 8.404126515709201328e+01 1.040459850051575188e+02 1.044727853826810104e+02 1.010326816494684010e+02 1.209466252901905392e+02 1.316995346109043226e+02 1.234966663115463206e+02 1.148861737546033055e+02 9.525597677213038139e+01 1.148861737546029502e+02 1.033745958602947184e+02 1.224450093874874455e+02 1.278139662642399657e+02 1.083556784350329281e+02 1.140548789899280280e+02 9.612874541873260625e+01 1.155914225425856188e+02
8.299725061693187911e+01 7.229660159475041326e+01 5.300249205863707402e+01 4.167554835865903584e+01 3.277400995736208245e+01 5.277347425852966722e+01 6.323577477365977728e+01 7.698523420777782178e+01 6.092292248988625403e+01 7.768728356625722142e+01 7.184790588458179172e+01 7.184790588458179172e+01 6.187898059932709316e+01 8.181682670772963206e+01 7.948446359496495006e+01 9.346962751955756232e+01 1.017415840294421372e+02 1.028582259738162605e+02 1.111155142170099737e+02 1.122958497869936849e+02 9.561697476696761555e+01 1.122958497869936849e+02 1.243755653566873605e+02 1.110106238490912887e+02 1.291854090202848795e+02 1.387977583079948829e+02 1.189909819277333867e+02 1.076358061650797282e+02 1.008965240247246697e+02 1.205635572049994124e+02 1.147088541332279732e+02 1.312646045221365512e+02 1.359052362606032034e+02 1.278139662642399657e+02 1.220714624505352219e+02 1.026313820804320756e+02 1.220714624505352219e+02
8.288717032705939403e+01 8.049187300116705046e+01 6.926938022546929119e+01 6.052687840608796677e+01 4.170192983309480894e+01 3.495502408032730557e+01 4.908971468699430574e+01 5.880091261960811977e+01 4.936048462807263348e+01 6.239778180595799739e+01 6.437144418997276318e+01 5.188242899654083828e+01 7.184789287885300268e+01 7.434631587576579648e+01 6.783562751310300598e+01 7.335237308323770833e+01 8.647855294234955181e+01 8.279731865380014710e+01 9.953923191073637611e+01 1.077974308815184656e+02 1.155602271288273926e+02 1.238025714475421353e+02 1.391255290968321674e+02 1.308826267312898040e+02 1.391255290968321674e+02 1.470138827720033703e+02 1.355735814084762296e+02 1.205635572049999951e+02 1.078049892063891804e+02 1.275414497476856468e+02 1.344787590410269900e+02 1.426863827547112749e+02 1.542217829736862313e+02 1.460019016133078367e+02 1.301545523434091365e+02 1.123456652343658533e+02 1.301545523434091365e+02
7.285997483226088889e+01 8.100421093617948998e+01 7.810222760675563336e+01 5.805028997577968397e+01 6.172988909006051728e+01 5.496320185489232557e+01 3.716809575606756511e+01 3.878000976251787790e+01 4.041141951033857538e+01 4.236655817202670704e+01 4.434357083662533228e+01 4.634920554422802752e+01 6.638154487001060033e+01 5.426000862482779752e+01 5.778155912035517616e+01 6.170593750700898994e+01 6.632461798118561092e+01 7.271580219375653087e+01 7.945202446837060961e+01 8.953229155642884507e+01 1.037141175230916019e+02 1.236259979195678369e+02 1.427225926327367063e+02 1.440535711143071183e+02 1.498159276380377491e+02 1.524421393720305389e+02 1.485781500077856379e+02 1.357567922175318813e+02 1.176315676160362926e+02 1.357567922175318813e+02 1.497460181931729153e+02 1.415235024338367964e+02 1.427681890971557266e+02 1.261663222551210879e+02 1.398956438440574175e+02 1.317973579995831415e+02 1.398961479914913184e+02
5.331949771848888275e+01 6.970198520412098731e+01 8.100426620018885160e+01 7.810222760676549569e+01 6.790644824556270009e+01 4.785704014176447885e+01 5.718958882670237642e+01 5.880732122298670106e+01 6.044268415681739981e+01 4.500665383437041100e+01 6.437144418989691985e+01 6.638155007870723523e+01 4.943215853575317453e+01 6.947467144544249606e+01 7.790338607782368285e+01 7.335237308352408547e+01 8.647856041864298504e+01 8.279731850865088916e+01 9.953923191073637611e+01 1.077974308815184656e+02 1.177869672857062824e+02 1.146903393143351906e+02 1.250936771076283094e+02 1.242806288888213118e+02 1.300719895826562720e+02 1.327248502728625397e+02 1.524421393720305389e+02 1.456698067184581475e+02 1.374513318793351289e+02 1.456698067184581475e+02 1.415235024338367964e+02 1.216292637354142130e+02 1.274561513436382825e+02 1.145965151500948878e+02 1.289961678423428566e+02 1.372262395428778632e+02 1.487062608758127453e+02
4.188197053588994123e+01 5.331949771849031805e+01 7.285997550479096674e+01 8.517574552087233997e+01 7.623115367179886448e+01 5.942090128556745299e+01 7.623115367179886448e+01 6.990573976249866917e+01 4.985424353077926440e+01 5.915977596376978198e+01 7.331178085431338332e+01 7.237186838299680858e+01 5.230512053427344199e+01 7.237187577071577493e+01 8.507368880644496301e+01 9.346963642759791924e+01 1.017420876388855504e+02 1.028582085378569388e+02 1.111150449317204334e+02 1.226920892737306588e+02 1.144762927939126200e+02 1.004965387155186107e+02 1.051175013911244065e+02 1.101587396825448621e+02 1.165122368461272941e+02 1.264706883191813773e+02 1.404508745718182752e+02 1.601321686869427481e+02 1.449474538844099811e+02 1.367458498373403302e+02 1.449474538844099811e+02 1.274561513436382825e+02 1.073553035883025899e+02 1.054898180617788199e+02 1.089209362313875005e+02 1.205860679259720030e+02 1.404845779839949671e+02
