LEM/sinusoidal_perturbations/elevation_000371.asc
nrows	100
cellsize	150.0
xllcorner	0
ncols	100
yllcorner	0
NODATA_value	-9999
[rows 51 to 67 of 100, columns 0 to 36 of 100]
6.455108993161302530e-03 2.000645510899280666e+01 1.134030114511534038e+01 1.668552598336392023e+01 2.245902867526027791e+01 2.912569534192706300e+01 3.912569534192741116e+01 5.912569534817173178e+01 5.674230787240097129e+01 3.454530601130729650e+01 1.887225780190086510e+01 4.104666234594112240e+01 5.788075385120148297e+01 6.648788709821751297e+01 6.324364316111802964e+01 4.668196382932286070e+01 3.561301753859344643e+01 4.339235414359779952e+01 3.496461149082319508e+01 1.590646079058078932e+01 1.567383896569917923e+01 1.597056328556016247e+01 1.627469704794639682e+01 1.692254821142934773e+01 2.597657669192603080e+01 3.808237050933461632e+01 3.894685966216355411e+01 1.897520565745428556e+01 3.546694561792278932e+01 3.539007393979765936e+01 4.644726429459977624e+01 6.448256652843913628e+01 6.357712243035476263e+01 4.689597338152764650e+01 4.950694296659307270e+01 6.956594866446128833e+01 8.261606934763537424e+01
3.995603441288198172e-03 2.000399560344093430e+01 3.134030114620021479e+01 3.668552598484451721e+01 4.245902867734171338e+01 4.912569534504924462e+01 5.740996694240920561e+01 6.740996713573933619e+01 5.386743761687812793e+01 3.166120247283566513e+01 4.104666234594112240e+01 2.644936093733006643e+01 3.765077944440741931e+01 6.037178672496949616e+01 7.039482229445496841e+01 6.113045400276420338e+01 5.430882489489270171e+01 4.034289640352132267e+01 2.062307214503592689e+01 3.604991413861957028e+01 2.760176650736870130e+01 2.834597514026683029e+01 3.623312331396336816e+01 1.671041871412221269e+01 2.653530364297137112e+01 3.713614047587059019e+01 3.841459191869732592e+01 1.866006982508687528e+01 2.517148058666646904e+01 3.515087321538813114e+01 4.679176164937965865e+01 6.430254522370675829e+01 7.514579315885360700e+01 6.707635445286000220e+01 6.956594866446128833e+01 7.784175847925583014e+01 8.748732757223028500e+01
4.804567899273937473e-03 2.000480456789891903e+01 3.093232175284301277e+01 3.921012162597460105e+01 5.073679517703261155e+01 5.697865999888911404e+01 6.527797062118101223e+01 7.684161514861442299e+01 6.291896529207075872e+01 4.449298046574811849e+01 5.546858868476906679e+01 3.318371892264472933e+01 5.546858868476906679e+01 7.028480013733150145e+01 7.355118906304493009e+01 6.223092052267130470e+01 5.417450600520163562e+01 4.375941641682870653e+01 2.385368171267863602e+01 4.349297789781216039e+01 4.336696093636258809e+01 3.820103413828102390e+01 1.990927643029732863e+01 1.701900705154286086e+01 2.820004542995654617e+01 3.575383163066651093e+01 1.821470892020701626e+01 1.931806928426722791e+01 2.140367121316340970e+01 4.056267488498743035e+01 5.144631401236419066e+01 6.023903463585807572e+01 6.837540107891832974e+01 6.569110317456237169e+01 7.386464781258595735e+01 7.757917226661710686e+01 6.938487779250755239e+01
9.707512844716031236e-03 2.000970751284436133e+01 1.093118112047937807e+01 2.247820619601380798e+01 4.247634348365595258e+01 3.696797201345192008e+01 4.851658648947859120e+01 6.853806738143518373e+01 7.563101442388648366e+01 6.667318432695590502e+01 6.336342832782080592e+01 4.103344973589189948e+01 6.336342832782080592e+01 8.171871594870299305e+01 6.571224078096814480e+01 4.582230738784857493e+01 3.416413156962437370e+01 2.903966138733410318e+01 4.378676906720471607e+01 3.555149361680528841e+01 5.417124474103395215e+01 4.935550758826100548e+01 3.387012778409445701e+01 1.982806937303128336e+01 1.745926425167252560e+01 1.777310449776300416e+01 3.377427120643335456e+01 3.528067224297262072e+01 4.057824246920093714e+01 2.469663167892054645e+01 4.363605995248351377e+01 4.116792243380773897e+01 5.182167261480697107e+01 4.635343389862589447e+01 5.786806164761122062e+01 6.136651556429792720e+01 4.974398176058799237e+01
5.001202446392439237e-04 4.264514447356895666e+00 2.426479496817766091e+01 1.909614787769180211e+01 2.542070620335458386e+01 4.542548390382736301e+01 5.870631669923814400e+01 6.698317035800079111e+01 6.864835821450253661e+01 7.692329345595958046e+01 7.241946771683601014e+01 5.390869729116084841e+01 7.241946771683601014e+01 7.399903531209788810e+01 5.440649352056625787e+01 4.425480034824161635e+01 5.422878238228685177e+01 3.454844814762757466e+01 5.462034515231962928e+01 5.014179903877146671e+01 5.583284735804956966e+01 5.924350266844656687e+01 4.397779415556460236e+01 2.230920325583882757e+01 3.857052136812804832e+01 1.794735399166208367e+01 2.624583214118922569e+01 4.361356007377082022e+01 4.348770762456737060e+01 4.358541032964400586e+01 2.794973485454691797e+01 3.049882474310334501e+01 3.312076164538603962e+01 3.578693811267836367e+01 3.896530396564714493e+01 4.220469429868192890e+01 4.687618465345131114e+01
5.279685921607564676e-03 2.000527968592125205e+01 2.426375678325502250e+01 3.909915464417582598e+01 4.542547993132254902e+01 5.369243856799667469e+01 3.871048735447720901e+01 5.232507681435340174e+01 4.865650303538821220e+01 6.726754787039570260e+01 7.620680574418626918e+01 7.627883110984737414e+01 8.519001025971199681e+01 8.171871594870304989e+01 7.206238710459760455e+01 5.852319984631180461e+01 6.068416880982194073e+01 4.060830794913828612e+01 6.068416880982194073e+01 7.011519794974680053e+01 7.489007116625401750e+01 6.423678710175423134e+01 4.904335675758809288e+01 2.583414138584744535e+01 4.611929133633039157e+01 2.681062286906297842e+01 4.358446476675567993e+01 5.381906224316947629e+01 6.236964544512127162e+01 5.158467814169064525e+01 3.283724689789391959e+01 4.922832286952986891e+01 4.617693728224121941e+01 5.452649461260050145e+01 4.350325642774842549e+01 6.136651556429792720e+01 6.641016850783999814e+01
5.738623160518319517e-06 1.414214136235423602e+01 3.414214136235494124e+01 5.251623779133897330e+01 4.894620611807491173e+01 4.065726732543391364e+01 2.716355310911910692e+01 3.232753061458592470e+01 3.899419375959028145e+01 4.793839027141396514e+01 6.207847406782536837e+01 8.206324438965349088e+01 7.614087945373820787e+01 6.790153417283372050e+01 7.614087945373820787e+01 7.791444622964866085e+01 6.776773456594744971e+01 4.779386263391854328e+01 6.776773456594744971e+01 8.398020465038564453e+01 7.152782543336462595e+01 5.531966917827839580e+01 3.148696040341002345e+01 4.904335675758809288e+01 5.433941243814783917e+01 4.748325114439607120e+01 3.439900803404241714e+01 5.352737267291713863e+01 6.878748955702275225e+01 5.683450373185035431e+01 3.792430113106389200e+01 5.683450373185035431e+01 6.544926921193138014e+01 7.089093865762473001e+01 5.289316156574992789e+01 5.548475909648760762e+01 7.517267649222701209e+01
4.532054705376768917e-03 2.000453205470502027e+01 3.687405706472789291e+01 4.515755143292045659e+01 4.067349062341073562e+01 2.067469634834185044e+01 4.067349062341073562e+01 5.232507681435340174e+01 5.899051834173502584e+01 6.726754787039570260e+01 7.620680574418628339e+01 7.103950449843351578e+01 6.627556160534619778e+01 4.823754685710358103e+01 6.627556160534619778e+01 7.908237188988377397e+01 7.566697341700286472e+01 5.953625646101883007e+01 7.566697174643822166e+01 7.595889706328040347e+01 5.347822954946964558e+01 3.903887102903924244e+01 5.531966917833045727e+01 4.664083849110882340e+01 6.939357170260613827e+01 6.173994327459270437e+01 4.802032018701349614e+01 4.157300580410967683e+01 6.042329889393707276e+01 6.496156741619601860e+01 4.713342454264049763e+01 4.967780852579717532e+01 6.914945299279781921e+01 8.073424980100607229e+01 6.674775884934889802e+01 6.937394208695414477e+01 8.335479974097658840e+01
9.001595176218036079e-03 2.000900159517586374e+01 1.687435484213104075e+01 2.812769318187032042e+01 3.104487838056532922e+01 1.659221344450222801e+01 3.659143598403631614e+01 4.949511844717626019e+01 5.777415613770828173e+01 6.777042903941455165e+01 6.530991993633394088e+01 5.131752827228597624e+01 5.806954051496866498e+01 3.850395273350050473e+01 5.115206061588031616e+01 6.627564556578579413e+01 7.614131864831520602e+01 7.925227332271583691e+01 8.685976438211406503e+01 7.262365442776859936e+01 5.649885355443789337e+01 4.696130136483347428e+01 7.013988536934066076e+01 6.333539617461948268e+01 7.435871059015767059e+01 7.652334783239811600e+01 6.593985235949024570e+01 4.685875360930546663e+01 6.594639343674356269e+01 7.471253444907324592e+01 6.075397786834248848e+01 6.336488982567951211e+01 7.732638809645787603e+01 8.391990050345960128e+01 8.655350256216264881e+01 8.917205973803635288e+01 8.206376964619121850e+01
5.674351268809080251e-03 2.654739065398891373e+00 5.327351484523124014e+00 8.127911652579120627e+00 1.104521148253698648e+01 1.639043632066132261e+01 2.193743827940294366e+01 2.949672721110585627e+01 3.949669961786325700e+01 5.949353727648930601e+01 5.669266004683441196e+01 3.784136448846895462e+01 4.476962280351555279e+01 3.148006780428585216e+01 3.850395273350050473e+01 4.823754685713284118e+01 6.209766380598002655e+01 8.191342560011486285e+01 9.904752389432098880e+01 8.623191047323705050e+01 7.748862054820443745e+01 5.702450952480682389e+01 7.748862054820443745e+01 8.402732800435228455e+01 8.466124844721926479e+01 8.288779535092258755e+01 6.234323599203149513e+01 6.006192614593708612e+01 6.006280503017619310e+01 8.014136553661984408e+01 8.049376005070521956e+01 8.311462384325852781e+01 7.813212754221090961e+01 6.409810191361476939e+01 7.813212754221090961e+01 8.256406571397951666e+01 7.368826096888741972e+01
9.518805923843161668e-03 2.000951880592348786e+01 2.532722360279923990e+01 2.227002502159506392e+01 2.518730614501231813e+01 2.737506512973671846e+01 4.193643704304976438e+01 3.607945834363375326e+01 5.607643445372697499e+01 6.777042903941455165e+01 5.268545078304380525e+01 3.032208942327376633e+01 2.475649449583719530e+01 4.476962280351555279e+01 5.806954287239380363e+01 6.627564556578579413e+01 6.949822366758917269e+01 7.800359634385813479e+01 8.737719260692875878e+01 9.277128605043604637e+01 7.618482654340076010e+01 7.251548853004864270e+01 8.556612200454883066e+01 7.682754096519569487e+01 6.344995233301707316e+01 7.683290433949126452e+01 8.299454364026858855e+01 8.009477154643410302e+01 8.013197157329040010e+01 8.877409295421479385e+01 8.491277242809512416e+01 7.361996610413471842e+01 6.542883216655530987e+01 5.002794749174525890e+01 6.924480546911722456e+01 6.267209578426590610e+01 6.267209578426590610e+01
9.062254805971973678e-03 1.415119787853679689e+01 3.415119787853608813e+01 4.226926520063023673e+01 4.518521269249843186e+01 4.737460421749901940e+01 5.566230804685560685e+01 5.607643444733741944e+01 6.435393347597614877e+01 6.645181811990123322e+01 4.740730843854434795e+01 3.718023416275138260e+01 2.066901802740265737e+01 3.499447334708560930e+01 5.489217592376120081e+01 6.256778709490298240e+01 4.922689536451153458e+01 5.785362003534407904e+01 7.800359634385813479e+01 8.633153794042733864e+01 9.031340153726009135e+01 9.202505352880720579e+01 8.082599071106461963e+01 6.750350790155520997e+01 4.858707427961888925e+01 6.750746929432236243e+01 7.645109307128355169e+01 8.358535224182111278e+01 7.489122382092698160e+01 8.348802135879579112e+01 7.669630105662648134e+01 5.706541813421715403e+01 4.553796496508615377e+01 4.105626615522052703e+01 6.101503322688428455e+01 6.267209578426590610e+01 4.280310206311584409e+01
3.063233560239582431e-03 1.414107495860936048e+01 3.411987767313559061e+01 4.971484730357053650e+01 5.326730440869489769e+01 6.134038834659041584e+01 6.144650062449728267e+01 6.367879948900045406e+01 5.542132910405445756e+01 6.468203273233687867e+01 5.152884980874956256e+01 3.157003453834355611e+01 1.727187873653246442e+01 3.157003454153224808e+01 5.152885532602240914e+01 4.237102771580945415e+01 3.763363066568322068e+01 4.922689536451153458e+01 6.949822366758917269e+01 6.093501199190327355e+01 7.940085679646392691e+01 8.047615506045626432e+01 6.826295793900659703e+01 5.241238513885360106e+01 3.972634923587116162e+01 4.873742774290275293e+01 6.823059021935696933e+01 7.320846390838666196e+01 5.468598408928838239e+01 7.322395096311132079e+01 7.792720490511014475e+01 5.804385756954268771e+01 5.395854345663622809e+01 3.395016040109376121e+01 5.395854345663622809e+01 5.791722550018040039e+01 5.010268983928975928e+01
5.666595628964066558e-03 1.415884487699748462e+01 3.430217715543277279e+01 3.172979202035620006e+01 3.340033232943833497e+01 5.353615724432840040e+01 4.250540834328969453e+01 5.229797297248066457e+01 3.280245774098307265e+01 5.297232461704691531e+01 4.837308356349247873e+01 2.837286970511302897e+01 1.415588701878584565e+01 3.423079671905118460e+01 4.828652157995292526e+01 2.817353192585019883e+01 4.828652157995292526e+01 6.021249986073869565e+01 5.520332621564516273e+01 4.695786493197416434e+01 6.949607793414783430e+01 7.167892572878545820e+01 5.152639831829573325e+01 4.021647268241941475e+01 3.267710148654016677e+01 4.661043533147419993e+01 6.609261101605309818e+01 6.469827349653321846e+01 4.470795680333586120e+01 6.472508255585682946e+01 7.210845368062958016e+01 5.221830878643130092e+01 3.806239669467228026e+01 2.911570863283938593e+01 4.321255488329406802e+01 3.736262328851536552e+01 3.863736679182039069e+01
2.110006612196471242e-03 1.998550182873840342e+01 3.820847070899047537e+01 1.925729855887000497e+01 3.876093628439958394e+01 4.545393246258805675e+01 2.863351980540270958e+01 3.294274331979372761e+01 2.245500890643481284e+01 4.385318680507867128e+01 4.535793747687625910e+01 2.534179881140282120e+01 1.117326308450723005e+01 3.120439009330492652e+01 4.290965346781338496e+01 2.280392449327455040e+01 4.290965346781338496e+01 3.975282658712630734e+01 3.452475107158387857e+01 4.924155536284222023e+01 6.978345496916381308e+01 6.695565860858941676e+01 6.112723295185268313e+01 4.166242858343554900e+01 2.767017667842405970e+01 4.736412619802667479e+01 6.276577690900897011e+01 5.801678189297789601e+01 3.804734666710434254e+01 5.802935727229364460e+01 5.820220446336210784e+01 4.994284176426241828e+01 4.974980129688551500e+01 4.321457776683865148e+01 2.327432165307476808e+01 2.589575272079250468e+01 1.864563904008760886e+01
9.367352646185668139e-03 1.855588167059253024e+01 2.650071035637073891e+01 1.398405454713203966e+01 3.183881045218855022e+01 2.608485185758168257e+01 2.770862788026652979e+01 1.330422832164198788e+01 3.224774507986253980e+01 3.759072787391573911e+01 4.054395343478661573e+01 2.810002013174312196e+01 8.282416983714059100e+00 2.831314584712581350e+01 3.803222626708775067e+01 1.792623506823656143e+01 3.803070339574288994e+01 2.532147766632897401e+01 3.975282658712630734e+01 6.021249986073869565e+01 5.652309865844634373e+01 4.522849120373713561e+01 5.718341662890509269e+01 3.769329771423343090e+01 2.364234611477081316e+01 3.515555193101487674e+01 5.466604490745899625e+01 5.225253032678914877e+01 3.227960913505017970e+01 5.225253032678914877e+01 4.981653521241864979e+01 2.987179501371629087e+01 2.980104390289484684e+01 3.625570694126054150e+01 3.665017865164828947e+01 1.775581166412308676e+01 3.774759772854172724e+01
3.648181865326004768e-03 1.902539988731186327e+01 8.635160070423607337e+00 1.756729493588472479e+01 2.344039928498602521e+01 1.903025298450835479e+01 7.335863386742711434e+00 1.917701640593033829e+01 2.434461006754396806e+01 1.774112760273955303e+01 2.066265989698298000e+01 1.846639241967547562e+01 5.928712976438506921e+00 2.544639545673733494e+01 2.902843910654270587e+01 1.341412128122498792e+01 1.792886675186569079e+01 3.219686406032342774e+01 5.236090120400715620e+01 5.054614506214822001e+01 3.618490817887875721e+01 2.999589499294004824e+01 4.872002345177254057e+01 3.983450610098977052e+01 1.999295940191319332e+01 3.411606726490732910e+01 5.364064990437295677e+01 4.709129172306884215e+01 2.712241552097157893e+01 4.023748850660346932e+01 4.256058831567879253e+01 3.251872440689974297e+01 1.575884823706445559e+01 1.631878577482146042e+01 1.689763283210793787e+01 3.687018551839609160e+01 4.457898870760918442e+01
