LEM/sinusoidal_perturbations/elevation_000608.asc
nrows	100
cellsize	150.0
xllcorner	0
ncols	100
yllcorner	0
NODATA_value	-9999
[rows 51 to 67 of 100, columns 0 to 36 of 100]
6.455108993161302530e-03 2.000645510899280666e+01 2.318248864166190515e+01 1.893101179266469458e+01 2.642189766103772186e+01 1.807144077559391704e+01 2.986022813688441957e+01 1.567163170804533223e+01 3.507790975022683710e+01 5.095501787417603623e+01 4.817900321954751064e+01 2.819803686732555903e+01 4.818268686969251036e+01 5.745451060320700520e+01 3.747878825588526297e+01 5.745783084705695387e+01 6.398850635096263773e+01 7.030033978431444552e+01 6.445578948406200936e+01 8.440715304362366567e+01 9.818005553914922245e+01 7.802134607006031786e+01 7.505145698684341937e+01 5.484821908477264429e+01 5.933529359478286125e+01 6.696647903078478237e+01 8.721389560214946357e+01 9.265238179948499919e+01 9.594367818034793061e+01 7.726894592386723559e+01 5.642790796296457501e+01 5.078631912218622091e+01 4.808356051469008463e+01 6.022593429184672686e+01 6.397543025777939363e+01 4.351515853725729954e+01 6.256981158111584307e+01
3.995603441288198172e-03 2.000399560344093430e+01 3.383607777761243796e+01 3.893110241531466897e+01 4.635647270871572800e+01 3.221357946904792868e+01 3.932466736788821038e+01 1.986458179036557681e+01 3.932469439177591397e+01 5.530936390451029894e+01 5.484412847378054323e+01 3.486449566331517502e+01 5.484746752281798621e+01 6.377306435457264655e+01 4.380254251500929996e+01 4.642031630250978225e+01 6.638736768865632598e+01 8.533699520207193245e+01 8.440524186865550860e+01 9.267169009986085371e+01 9.230004110763583469e+01 7.210691693279557057e+01 5.782831364391956441e+01 4.931554369423676576e+01 6.944808696608268406e+01 8.450474362950500051e+01 7.617307828505632017e+01 7.247023495544534910e+01 9.265238179119201334e+01 8.568663947792234126e+01 6.770125849191930456e+01 6.458076541004069782e+01 4.433049306727352956e+01 4.044361356000540297e+01 5.553948591902754828e+01 3.951207975147320184e+01 4.237206933128643982e+01
4.804567899273937473e-03 5.551806530151541352e+00 2.555180653015189662e+01 4.156714625201526303e+01 4.985141749947686662e+01 5.221378114978819696e+01 4.772360777631133288e+01 3.082306271416622678e+01 2.691756819465244632e+01 4.088479388011580085e+01 6.134764958067349738e+01 4.380619220661828450e+01 6.313920375908604399e+01 7.083008522266561613e+01 5.086981597945194267e+01 6.638736768865689442e+01 5.709785297665452930e+01 7.120749882608880910e+01 9.117146740032380592e+01 9.588174933867816208e+01 8.419256960241899890e+01 7.584020702417693371e+01 6.525015100381747857e+01 4.516386031344064378e+01 6.525015100381747857e+01 6.665674480765913756e+01 5.598485195339665665e+01 6.763158442224525402e+01 8.784252307939169668e+01 9.660079300945837133e+01 8.828251343799081496e+01 7.304977411988750191e+01 6.387629881464452097e+01 5.457862914066660665e+01 3.630827311479681896e+01 5.553961690866365331e+01 6.256981158111584307e+01
9.707512844716031236e-03 2.000970751284436133e+01 1.449607844015062241e+01 2.156714625201597357e+01 3.311415163580807786e+01 5.311415163580736731e+01 5.938369018704584335e+01 5.095961325538680597e+01 3.416731183941069361e+01 4.312565410640583963e+01 6.357525371023377403e+01 5.534009761205521016e+01 7.208024399220620637e+01 7.910768527037964759e+01 6.085353874046548839e+01 7.910768526838724313e+01 7.120749882608862436e+01 8.533699782299892433e+01 9.889227874995356160e+01 8.751744488403402045e+01 6.729691757108511752e+01 5.565502939374199798e+01 4.809050324768238482e+01 4.158112954612558099e+01 6.164254000882687734e+01 4.654905406408470014e+01 6.665674480801902746e+01 8.083359905510984333e+01 9.614552995141592362e+01 8.574971812911800839e+01 7.658610008387235268e+01 6.816421524716726310e+01 6.224227398467628802e+01 3.361688821578593434e+01 3.955482507492059341e+01 5.324420440235574148e+01 5.795705175781605334e+01
5.001202446392439237e-04 2.000050012024428270e+01 3.449607844014990832e+01 4.156714625201526303e+01 4.985141749947686662e+01 6.139842288326897091e+01 7.501683442594224971e+01 5.460169444321443422e+01 4.592124601267862971e+01 6.302571118603945877e+01 7.196145379494487315e+01 7.530933290061160790e+01 8.362923664177039029e+01 8.909120951526750787e+01 8.080663170486582203e+01 8.909120951526750787e+01 9.117146739558769752e+01 9.292794280157208675e+01 7.864037442925949506e+01 8.719656626906126462e+01 8.419256960240478804e+01 6.977741708486155403e+01 4.964260507304378223e+01 3.809619270428934357e+01 5.396867720367800558e+01 4.078335361692483474e+01 5.233556178763026878e+01 7.248740900739603887e+01 9.180719728178539185e+01 7.140527808529942888e+01 5.677181349832163448e+01 4.763501335072453458e+01 5.848665666495230653e+01 5.187027930285932342e+01 3.070316372593927667e+01 4.091603924910553047e+01 3.795297926162871960e+01
5.279685921607564676e-03 1.000527969251539240e+01 2.414741985964500870e+01 4.414775563145467174e+01 5.586027770864650677e+01 5.732774644646264051e+01 5.950648274255269854e+01 6.777467255178822825e+01 6.645940024450236194e+01 7.482516205110444218e+01 6.960745862400676742e+01 7.791648565615366806e+01 7.930419904102399187e+01 7.098475822527727530e+01 7.930419904107779416e+01 8.934665246503698199e+01 9.889227874995356160e+01 7.864037442925949506e+01 6.432677120160447259e+01 6.695334866511673511e+01 8.125156339062171185e+01 7.814317122578607666e+01 6.648877680514283384e+01 5.396867764248903399e+01 3.390251517035541440e+01 5.396867748884736216e+01 6.919337474315231873e+01 7.382339093774224636e+01 8.215533959115916218e+01 8.574971812911800839e+01 7.658610008387235268e+01 5.848665666495230653e+01 3.815499019053360996e+01 3.292014909143519930e+01 4.579493070650644171e+01 2.770501143479330963e+01 4.840124903170471526e+01
5.738623160518319517e-06 2.000000573862253717e+01 3.828945194061001445e+01 3.625685775968257474e+01 3.625667894597241769e+01 3.770461457760585944e+01 3.984394552667247780e+01 5.828796321048486107e+01 6.414641831327492127e+01 6.633372121156595824e+01 4.955543143039613341e+01 6.633799335757372262e+01 6.755122446235007772e+01 5.088689073589260659e+01 6.093582448058493384e+01 7.685165983109715171e+01 8.690012387366810742e+01 8.457201987284962286e+01 6.432677120160447259e+01 5.279843963522008465e+01 6.500550638436192230e+01 7.335537211712515671e+01 6.902767726321907560e+01 5.151716041292439741e+01 3.143086672152818650e+01 5.151719026810060598e+01 7.052470821227342412e+01 5.366622732648612271e+01 7.052470821227342412e+01 7.532651136141201675e+01 6.701076384922554041e+01 6.693394811653816134e+01 5.848665649535692523e+01 4.579493057272213008e+01 2.652320385081415566e+01 2.587447084420218602e+01 5.571810119626636748e+01
4.532054705376768917e-03 2.000453205347326247e+01 2.378986419406259500e+01 1.720640024730947459e+01 3.331455681847387496e+01 2.448795942431954842e+01 4.345209450071883595e+01 3.822944398691677037e+01 4.410371435830055020e+01 4.730338338015127420e+01 3.796233409955920735e+01 5.803040431222257212e+01 4.745827551120324017e+01 4.084807402033199963e+01 4.843565592926946550e+01 5.847877561362369647e+01 7.858370864237502929e+01 9.292794280157208675e+01 7.399598127990650198e+01 5.389266826346344175e+01 4.503866027246082382e+01 5.884362667261741819e+01 6.071681164176548151e+01 4.062420958145364835e+01 2.900653183432062221e+01 4.911643144408906636e+01 5.212950455793515658e+01 4.207335343240887227e+01 6.218560360107129270e+01 6.371340612043547225e+01 4.688388942819759819e+01 6.371329657579735795e+01 5.843625251319942038e+01 3.797065034014013918e+01 2.360834893918459088e+01 4.396077609219540250e+01 5.769212631059963314e+01
9.001595176218036079e-03 1.890443957323897139e+00 3.780273225984582375e+00 1.463949656315465475e+01 1.488616373630675405e+01 3.070894749450009442e+01 3.287030051710592460e+01 2.402813592922521124e+01 3.783416310949236561e+01 2.721636135744398644e+01 4.397381171414863843e+01 4.728486986434715789e+01 3.324959776115696286e+01 4.745827552906935409e+01 6.755123964311225393e+01 7.685165983109715171e+01 8.690012387366810742e+01 9.052563941874353759e+01 7.028102538734673033e+01 7.041712003000128561e+01 5.037124151395155280e+01 3.889992964146643573e+01 5.351189773279990902e+01 4.678898513203323972e+01 2.666484172828113230e+01 4.355447185942011146e+01 3.201926386579348360e+01 5.212950455793515658e+01 7.052470815433730422e+01 5.539042392261136172e+01 3.523385119077396865e+01 5.129939102737638024e+01 4.296452445859089408e+01 4.182092600023865714e+01 2.193791155176128882e+01 4.124553028912188779e+01 4.163096114354436139e+01
5.674351268809080251e-03 2.000567435126845339e+01 2.378986419406760433e+01 6.555228339018690065e+00 8.548117503485878288e+00 1.067346262634173293e+01 1.283504863381554628e+01 1.508416002220000074e+01 1.776929687468437891e+01 2.077233640282604910e+01 2.386146911877506938e+01 2.717117697879890059e+01 4.728486986434715789e+01 4.965614557406892970e+01 6.386340088181370334e+01 8.396024038454824279e+01 9.506136681702109570e+01 9.088598307670966392e+01 9.052563941874353759e+01 7.877744031504710165e+01 5.884362667261742530e+01 4.764831036960475785e+01 3.353479109828985827e+01 3.006519332472811357e+01 2.668626646981554984e+01 2.341323841448374665e+01 4.103681465041479726e+01 4.919848372381245838e+01 6.267593048665472821e+01 4.774905520174235107e+01 2.753091972491142059e+01 3.868344923558166215e+01 2.056921613513725688e+01 2.999312337015664198e+01 2.036716630279938656e+01 2.089546980949814170e+01 2.143509842235807383e+01
9.518805923843161668e-03 1.756070727129266373e+01 3.443957534043688895e+01 3.087086161419430397e+01 2.271124995697611482e+01 3.070894749450059535e+01 2.177799704442009698e+01 3.512622815671431198e+01 2.193531540206881658e+01 4.086680586472462551e+01 3.548296687948722195e+01 4.728486620161685750e+01 3.576085595152667906e+01 4.581672570992210325e+01 6.008786927768921515e+01 8.039267159576732524e+01 7.489316191496303077e+01 7.071758913082015852e+01 8.498634813676990518e+01 8.730803283770401890e+01 7.602418563448829048e+01 6.183624800203391203e+01 5.351346416638163106e+01 5.009043696624853936e+01 4.675144467177943852e+01 4.103681465039966980e+01 2.092246170641863401e+01 3.510165784718290638e+01 4.928101367677449929e+01 4.121862688315951573e+01 1.812202922810660866e+01 1.856320586202841838e+01 1.911968461369478334e+01 1.965293880003835625e+01 3.763972841079650067e+01 3.364201728300012917e+01 4.130549065324092339e+01
9.062254805971973678e-03 2.000906225480561673e+01 3.535840214392990788e+01 4.430267427286478465e+01 4.276323120330948768e+01 5.014626800829812936e+01 3.336437155237317853e+01 4.701924671567665825e+01 2.694968935933035326e+01 4.701924671567665825e+01 5.557252791091649158e+01 6.388531707695527473e+01 4.475686630119253095e+01 6.431899949829642082e+01 7.444609175861383221e+01 8.080029236650146629e+01 6.065624255956132771e+01 5.648871825395710999e+01 6.917800314986686772e+01 7.753599401008543168e+01 8.200509712375108506e+01 7.293132708303973288e+01 6.526055973210115724e+01 6.240205468460456473e+01 5.365178876368412375e+01 3.341178691516613952e+01 1.920871894595815377e+01 3.692044693226023355e+01 3.338589387679181897e+01 1.767821257228614229e+01 1.804254542710136988e+01 3.816894844258949604e+01 1.929919344253389824e+01 2.089162922974285408e+01 3.968706833622844243e+01 4.855950994161636203e+01 3.513468563034441416e+01
3.063233560239582431e-03 7.074131045425684938e+00 1.601840295542499959e+01 3.016053857915620284e+01 5.016053857946614158e+01 6.172406394613064862e+01 5.342777243196426440e+01 5.529840926538883394e+01 3.700312642310191080e+01 3.700278959362961473e+01 4.857956257532427458e+01 6.828737624868665534e+01 5.647896755941074076e+01 7.377777147822075676e+01 8.630696705788837164e+01 7.805841324011034033e+01 6.655674660280325838e+01 4.645856971537030944e+01 4.907008923246712584e+01 6.183280270992975147e+01 6.183280259990313965e+01 6.535625352474605165e+01 4.827033040074295656e+01 4.698626352163927322e+01 4.931145960146109530e+01 3.828808170042479020e+01 2.128167237819473812e+01 1.680568449848735568e+01 1.716598434757542080e+01 2.442596575705865192e+01 3.748786433435772381e+01 4.066232449499264590e+01 1.985940180925912202e+01 3.804640006957864529e+01 3.344830876826791410e+01 5.204455619103164565e+01 5.463703888356830163e+01
5.666595628964066558e-03 2.000566659562829841e+01 3.535840212808644623e+01 4.430267418876645280e+01 4.521243091317650453e+01 5.349670169134050468e+01 6.349670143228445340e+01 6.530443170657669327e+01 5.118259452635729900e+01 4.858204164214600240e+01 6.524023566282278352e+01 7.654412098246288565e+01 7.788130883893242640e+01 8.670579461164223289e+01 7.763753748031744806e+01 5.808459142157129662e+01 5.051212353302858560e+01 4.383278916149995297e+01 3.747504228232997292e+01 4.172004802087926834e+01 6.012788171396887549e+01 6.533092994176111290e+01 4.824646335197420655e+01 3.579344430555729417e+01 3.869501831532771519e+01 1.756275432083403132e+01 1.630709479496428216e+01 3.641319382634080881e+01 3.506775991161551786e+01 2.517361177225059521e+01 4.163789868339672751e+01 4.091403116149626840e+01 2.045167864049266626e+01 4.055206317068191879e+01 5.104795892181063266e+01 5.919882687801788279e+01 6.859586546968289156e+01
2.110006612196471242e-03 2.000210997744012076e+01 3.971984471981843257e+01 3.452198123897193227e+01 2.521243091754337584e+01 3.521243091754302412e+01 4.935456654125250964e+01 6.935456651150737173e+01 7.116520971152424124e+01 6.851730953912037592e+01 7.673268954434618649e+01 8.913182407765546600e+01 9.778660205991438659e+01 9.794562739949644481e+01 7.805841324011032611e+01 7.805841324011034033e+01 7.054381439844532053e+01 6.076977654832598574e+01 4.066003201650019605e+01 3.164498458897507049e+01 4.703597054010941036e+01 5.539089064053065670e+01 5.651488571075309864e+01 4.520729261272393984e+01 2.664840959048017055e+01 3.457054632175751152e+01 1.595490366515162073e+01 3.663684064190577772e+01 4.864815739292804864e+01 3.541238733469087663e+01 4.711363303802722413e+01 2.464121635332662663e+01 2.103925034791076953e+01 4.122160888681805346e+01 4.864131350821877930e+01 5.724761547817605134e+01 4.859564163555492655e+01
9.367352646185668139e-03 2.000936735264583177e+01 1.971984495474765708e+01 1.452198124104658916e+01 3.452198123901385429e+01 5.015722007425424778e+01 5.844149211279504641e+01 6.399126630460765597e+01 6.480006854876501166e+01 7.308434109568052861e+01 8.565621261620910332e+01 6.807333754159273553e+01 8.565621261620910332e+01 8.492024218478253772e+01 7.659770334386033142e+01 7.851903103721575405e+01 7.723011929634154171e+01 5.707039893436169109e+01 6.012792922105343507e+01 4.113765597996626155e+01 2.688297079822319446e+01 4.258872347043227791e+01 3.486731734162442109e+01 4.634037516556604430e+01 3.551731576293344261e+01 3.259523908917524437e+01 1.560264051498868909e+01 3.201672916369467714e+01 5.618312215903515749e+01 5.300359406899622172e+01 5.750727608934145252e+01 4.754383672411861994e+01 4.129642993151701802e+01 2.179638495117935548e+01 3.174921197607273271e+01 4.420053769953997858e+01 3.444348758044353787e+01
3.648181865326004768e-03 2.777149162991477294e+00 5.577709331047508989e+00 2.557770933231532240e+01 3.382728844690564074e+01 3.015722006348372375e+01 4.399126624345581860e+01 4.399126624345581860e+01 4.480006853023805036e+01 6.480006854876501166e+01 7.697370120733357624e+01 5.617370328075342201e+01 7.697370120733357624e+01 7.327351175828314922e+01 5.639169546850497028e+01 5.831715908872981657e+01 7.257697597049579485e+01 7.723011929634154171e+01 6.964412935877712130e+01 5.422121778506183176e+01 3.407314661336734929e+01 2.245069676077245902e+01 1.947437207472569298e+01 3.565160746443260109e+01 3.468227651178396798e+01 1.510479825068347282e+01 1.738044459408446230e+01 4.038856794467554323e+01 5.585585771584364778e+01 6.422816302168034497e+01 6.951498188518712595e+01 4.899487517623543908e+01 3.461205395853944822e+01 4.153729159142784511e+01 2.250125829674689371e+01 2.702311221541265240e+01 4.747034097028400623e+01
