LEM/sinusoidal_perturbations/elevation_000578.asc
nrows	100
cellsize	150.0
xllcorner	0
ncols	100
yllcorner	0
NODATA_value	-9999
[rows 51 to 67 of 100, columns 37 to 73 of 100]
6.682497025551577963e+01 5.284481606103526730e+01 5.928920852363008720e+01 6.613769291984966969e+01 7.590523767657118981e+01 9.574137144879198047e+01 9.989469641677611378e+01 8.041673539694420469e+01 6.835719690983569308e+01 7.220982710241793257e+01 9.162758061379629737e+01 9.568555379245670167e+01 8.046288851883632276e+01 6.109329460693302138e+01 8.046300541729439715e+01 8.430958922788349241e+01 7.903364963371811314e+01 5.968325173765113334e+01 7.903375215889816729e+01 8.827242937760286168e+01 9.639296574347621060e+01 1.051424905271295387e+02 1.153038565400665618e+02 1.240856380257021527e+02 1.221823029625874995e+02 1.131869067528479178e+02 9.545912757377311664e+01 1.131869067528479178e+02 1.173192216801189858e+02 1.173192216801189858e+02 1.254217645909866974e+02 1.357473692414705795e+02 1.273828815810807669e+02 1.098300735467991416e+02 9.129894515846834224e+01 9.501927712273550242e+01 8.991130166711481309e+01
4.732607342654848992e+01 5.704934443830693880e+01 7.660059607235656642e+01 8.582330456268154251e+01 9.410255789040262187e+01 1.040550027910204847e+02 9.416101655184601782e+01 7.472366773751495828e+01 6.110091266916042940e+01 8.041671052637502726e+01 8.408948703892137644e+01 9.214234588390179681e+01 7.613181016405039259e+01 5.682519305185794423e+01 7.613177509646702390e+01 6.491158376414294651e+01 7.277365166875124203e+01 5.696254369590005240e+01 6.272355954083901253e+01 6.880543564471527418e+01 7.747420490722707598e+01 9.126928870131133920e+01 1.108637747161535714e+02 1.185721271783829565e+02 1.140912132018994356e+02 9.470766793078995249e+01 8.571853986582607376e+01 1.051262909676050015e+02 9.794657786590040871e+01 9.794657786590040871e+01 1.173192216801189858e+02 1.229517809566166591e+02 1.310739495270037196e+02 1.199319100296620775e+02 1.115728560374910074e+02 1.127891796711778341e+02 9.684695713172958165e+01
5.855237751974127747e+01 6.682497025502885890e+01 7.660059607203994858e+01 9.641862892689523790e+01 9.490990734064016010e+01 1.031092548836903262e+02 8.970176771672416294e+01 7.030386212938098822e+01 5.671761301903904950e+01 7.042324818606168435e+01 6.475709297196323178e+01 8.408948126306852089e+01 7.210616444490867138e+01 5.284360262097577987e+01 6.756818818683990457e+01 5.134423790027938139e+01 5.351522766352063343e+01 5.954578017052570971e+01 7.887122164861871454e+01 8.827242937760286168e+01 9.639296574347621060e+01 1.051425832838009171e+02 1.129319132172245617e+02 9.918265959556927669e+01 1.063091511424447617e+02 9.826461476178076282e+01 7.875898189239730129e+01 9.322828201109031454e+01 8.417827157122803783e+01 1.028193059817678829e+02 1.092706343213688029e+02 1.036037178362340683e+02 1.229517809566166591e+02 1.244005177809814739e+02 1.042890902309408148e+02 9.258110740097670543e+01 8.480997518331601270e+01
7.812554208689994084e+01 8.636719666357589631e+01 9.477670679720766600e+01 9.168942361524091211e+01 7.513649532581041512e+01 9.168942361524091211e+01 9.542610866070417330e+01 7.598537713509739433e+01 7.042324818606168435e+01 5.118533868335809700e+01 7.042140976826289034e+01 8.196954955536779153e+01 6.257999721231419699e+01 4.897856422623949157e+01 4.828841905115539390e+01 6.755738417919950223e+01 6.206247707148853010e+01 7.887053986962371255e+01 6.982964226075462477e+01 7.952111752322308291e+01 9.328275598239019928e+01 1.127575327859867258e+02 1.048617031669785717e+02 8.541935215838667261e+01 8.687238318566173234e+01 9.285472557170866992e+01 7.327317927286901522e+01 7.365197758494205971e+01 7.844996376154865914e+01 8.338293143940623509e+01 8.991664930256590083e+01 1.011018707963741718e+02 1.204293728140190609e+02 1.327609637822314426e+02 1.211373700786137420e+02 1.127891796711778341e+02 9.505916066507231221e+01
7.546732585007511318e+01 7.929036815828824558e+01 8.743456728149283208e+01 8.349372259108093886e+01 6.356081606780081472e+01 7.806576319969757094e+01 8.627495842027643391e+01 8.068254341905583260e+01 6.136431230562156713e+01 4.772928010126685194e+01 6.702249119821748025e+01 7.015864161697840018e+01 6.210822131253546985e+01 4.522544639458595839e+01 6.461089427279799224e+01 7.562733600159103275e+01 7.320112992108225569e+01 8.952378340745124774e+01 8.925395178464613366e+01 9.733298599905873516e+01 1.070746203441016746e+02 1.106870624398051604e+02 1.026093784362283401e+02 9.256528071585398720e+01 7.298799802012442228e+01 8.383274346446350478e+01 6.816785307369278257e+01 7.563871815365709494e+01 9.518755962093702294e+01 1.028193059817678829e+02 9.715157185308623866e+01 1.165024265831558097e+02 1.285406810669395838e+02 1.284267562404940293e+02 1.341084875924171627e+02 1.235939644092608631e+02 1.152433319047815985e+02
7.611539841068228895e+01 5.970827381149400992e+01 7.611539841068228895e+01 7.595979208146719941e+01 5.583021253363091319e+01 5.798238134732898885e+01 7.472456219742846883e+01 7.746299968553938697e+01 5.815050732688263224e+01 4.439048025666902220e+01 6.380700537711981468e+01 5.963963409103855184e+01 4.259220776526656493e+01 6.210824115635343645e+01 5.750499516585193760e+01 7.683843567787563700e+01 9.267337721671285067e+01 1.007425620286517045e+02 9.991641815596454990e+01 1.080375704520329094e+02 1.031215094843856690e+02 9.504574751076994232e+01 8.312036959819040760e+01 8.603951981727715292e+01 6.641181106399530165e+01 6.419491626435308262e+01 8.383274346446350478e+01 9.518755962093702294e+01 8.950226913421531094e+01 1.089130650200111461e+02 1.165024265831558097e+02 1.245991538239008349e+02 1.228144524492423386e+02 1.091592040717699348e+02 1.148025394451236139e+02 1.179875943255191402e+02 1.260652374485944307e+02
6.798464126664966045e+01 4.827494218355358413e+01 6.798464126664966045e+01 7.715940071571809256e+01 6.647061728099451727e+01 4.602478434872752899e+01 6.647061728099451727e+01 7.440954667866111549e+01 5.507367187724928925e+01 4.118441480971318214e+01 5.722488374059495442e+01 4.002212724805266220e+01 5.963963409103855184e+01 7.015864161697841439e+01 7.114095859813886591e+01 8.492676235399210327e+01 9.773024212280068923e+01 9.673805691180476174e+01 8.035952793680415596e+01 9.673805691180476174e+01 9.504574751076994232e+01 7.550610690246188028e+01 8.122913513468722613e+01 6.709911263030315354e+01 6.051283355968026001e+01 8.012154296009553889e+01 7.811359332780864406e+01 9.763999328962350432e+01 1.089130650200111461e+02 1.169908796961151580e+02 1.153240388697649479e+02 1.234406836928427822e+02 1.148025394451236139e+02 9.554211498548404791e+01 1.057958567706633204e+02 9.871076467134088261e+01 1.123238848114396689e+02
5.840371349317204874e+01 4.117044584338084690e+01 6.101621047231419936e+01 6.284161165373431146e+01 4.852382259175062273e+01 4.041643757552157012e+01 6.110056192299733624e+01 7.063217767497876309e+01 5.774352310564821522e+01 3.812184169241434262e+01 3.756511289251333352e+01 5.722488316784011175e+01 5.396268508793620811e+01 7.334500173666708633e+01 9.059336211517199899e+01 8.699646390272033614e+01 7.816764504987762052e+01 7.816764504987762052e+01 6.906086928019126958e+01 8.862524232342028085e+01 9.320256487499965203e+01 8.122908212052382737e+01 6.164164533248992228e+01 5.734601542272778829e+01 7.689789099230216607e+01 7.292945882297489391e+01 8.679867004265015851e+01 9.763999328962350432e+01 1.170786522935971874e+02 1.122303765011839971e+02 9.598115121342617329e+01 1.122303765011839971e+02 1.075227832643018928e+02 8.820056849962458045e+01 8.645213757667043808e+01 1.057957490742849842e+02 1.161111444435728828e+02
3.865036905520477717e+01 3.499845813788230231e+01 5.474065426261573464e+01 5.449300307449332337e+01 3.389180700847138183e+01 4.838198628787059619e+01 2.785967529753590455e+01 4.956121085939044946e+01 5.373404880378207338e+01 3.514041219244099779e+01 5.484141446280879961e+01 6.528450506319383351e+01 7.334500155181338243e+01 8.142338609146045769e+01 8.699646390272033614e+01 6.746346428684880436e+01 7.104783650109865789e+01 5.866925056837018104e+01 6.989900265434272342e+01 8.946285806708453947e+01 8.512808909946720348e+01 6.555138394131955693e+01 5.434672662251215058e+01 7.382561014782183406e+01 8.498778507819446304e+01 9.249738805046513335e+01 1.005671313348418607e+02 1.143355926270335630e+02 1.182389125127292004e+02 1.041564174743765108e+02 8.480633777010069707e+01 9.381336480851825854e+01 1.010820450094094411e+02 8.171146107841443040e+01 7.956652197329354692e+01 9.895647199281101791e+01 9.696043777266822872e+01
2.762011844176009845e+01 4.699606892923639379e+01 6.288844927714166033e+01 5.828528397232234681e+01 4.762309910695705639e+01 2.746825731158925166e+01 2.809121751252441612e+01 4.847655737441414203e+01 5.275740570211123526e+01 3.361091250201889125e+01 5.338949424710590108e+01 6.925092357931274023e+01 6.119658819942989680e+01 6.925129074751228586e+01 7.327406988457565262e+01 6.518239316608054423e+01 5.159436454877865685e+01 7.104783650109865789e+01 8.627706327424445476e+01 9.757691310939625851e+01 8.563256914941499076e+01 6.607906458164030994e+01 5.237496783861105598e+01 7.180574462955910064e+01 8.089446931620302905e+01 8.742651071165700216e+01 9.549841257711122466e+01 1.052497739032694852e+02 1.102961952600578712e+02 9.117183370890781191e+01 9.378552509411530025e+01 7.440732158039267574e+01 8.514852678303599021e+01 8.709212715078173517e+01 7.340882495735841928e+01 9.282439241765689530e+01 8.349142274536134778e+01
2.319622215780485774e+01 4.350827246370263168e+01 5.258898638824472727e+01 4.695453492886228730e+01 2.660168997619324927e+01 4.145282716710216420e+01 4.823792304958128341e+01 2.898228301320819256e+01 4.693391877268614820e+01 3.206335895033001293e+01 5.272852840184487633e+01 5.296499811163675275e+01 4.309602915081902097e+01 6.041976152035021386e+01 5.981881234074419496e+01 4.562949476491319700e+01 6.518239316608054423e+01 7.914870378330292056e+01 7.870466201986184274e+01 8.680925337688096022e+01 8.731573161880140788e+01 6.983284811676838899e+01 5.043654368929320952e+01 5.574003599159015465e+01 6.131239780903523240e+01 6.783038652529513968e+01 7.766875902516252950e+01 9.718426239815143219e+01 1.102773120930872182e+02 9.466478018026673169e+01 7.538177544913838801e+01 8.136197612581483440e+01 6.566870003756888252e+01 6.764700283013017668e+01 6.995705161881890888e+01 7.534137347883748248e+01 9.460986187079841159e+01
4.349194808087707287e+01 2.403923555692470515e+01 4.437105027698546422e+01 2.574037954013776286e+01 4.121390141095320558e+01 5.137406665625077551e+01 5.566566863674697174e+01 4.092304559432693623e+01 2.988809819830435544e+01 3.060678488656764529e+01 5.068049840428921016e+01 3.273157428079070996e+01 3.349745504286335773e+01 5.367325150599943129e+01 4.004582156551326477e+01 5.981881277496617599e+01 7.232132325394975680e+01 6.504442840414746740e+01 5.903841977065214763e+01 7.860764090052575170e+01 7.353248482582208112e+01 5.974550427098592564e+01 4.861420980813341686e+01 6.228390264206950633e+01 8.089446931619723102e+01 8.742651071165700216e+01 9.549841257711122466e+01 1.052497739032694852e+02 1.024093861680443212e+02 8.304232756808292493e+01 7.178071989510195294e+01 6.303812767562020980e+01 8.253445551941958058e+01 8.709949096225747667e+01 8.936447544955700550e+01 7.360762612105966696e+01 7.624434363638928858e+01
4.788953588705992104e+01 3.081039638395810343e+01 2.488360930463217358e+01 4.336880681765113366e+01 3.985906035149302085e+01 5.791783483153645307e+01 6.695340705797600833e+01 5.702074318004565612e+01 5.028819815403819860e+01 3.398088111807137324e+01 3.165188746519170948e+01 5.197566356612589544e+01 5.367391054421963759e+01 3.458323351490903974e+01 5.467723134488019099e+01 6.286081850913338087e+01 5.784607591869676213e+01 4.687484250446210154e+01 6.374294530310011453e+01 7.068768518138615775e+01 6.297920411649339201e+01 4.604219300770828482e+01 5.974550395285967141e+01 7.608202821958330730e+01 8.988187669169650462e+01 9.979433560248700985e+01 1.022510449289180485e+02 9.421329630213764972e+01 1.022510449289180201e+02 9.920066354648542983e+01 8.078234190610450582e+01 6.129252361733209398e+01 7.833458584535169678e+01 8.638915846901996076e+01 1.009664331118011802e+02 9.296096520488971748e+01 8.992572052507360070e+01
5.396795724112519110e+01 3.381968057805030270e+01 4.523237497084608094e+01 3.195657220378351226e+01 5.119461940167443714e+01 5.810796716183608623e+01 7.600951996841712344e+01 7.130966602586569536e+01 5.728337854428332321e+01 3.703581973337212219e+01 5.201769696790721298e+01 5.201769622218193945e+01 6.278640471785444532e+01 5.467165039932077519e+01 3.568735617491620360e+01 3.655278346672059087e+01 3.747848279649942072e+01 4.923379762947421057e+01 5.906912721260125920e+01 6.032916803203815448e+01 4.346766643915102435e+01 6.297920411649339201e+01 7.353209761662400012e+01 8.731666873172936505e+01 9.408548415809832477e+01 8.032130091730108745e+01 9.250805863696329823e+01 7.469371822472271560e+01 9.250805863696309927e+01 9.555099561095256888e+01 8.406120940892859039e+01 7.600047593467435547e+01 5.884865129213203261e+01 7.833461297278681457e+01 9.557761928978939636e+01 1.043023934943971085e+02 1.091925884799735371e+02
6.103991537932827072e+01 4.107083069499023509e+01 5.971837432199193785e+01 5.182958432760552370e+01 4.005338702935327433e+01 5.145285739888474552e+01 7.032587666024788575e+01 6.301888774358404532e+01 4.315017878196023560e+01 5.728337854428392006e+01 6.556238683775028164e+01 7.193309723664916078e+01 6.791061571810318753e+01 5.708363450671364347e+01 3.755656992492979640e+01 3.860774809058710844e+01 5.683910797905043921e+01 3.887976679672658520e+01 3.986332573710425464e+01 4.080217256461912001e+01 6.053066524665877779e+01 6.983819484136272138e+01 8.246247379176972458e+01 8.195891469229405857e+01 7.933780687925585084e+01 6.647658578885126701e+01 7.467256457108673828e+01 6.489183442182424244e+01 8.445320185575465644e+01 8.173858707113701882e+01 6.796405717469509966e+01 5.630983081216453456e+01 7.592231727361841820e+01 6.803198424453520943e+01 7.677535811527181409e+01 9.054483101281672930e+01 1.099989388722615473e+02
6.919697741173276029e+01 5.118301502040625905e+01 6.919697741180011974e+01 6.576137295180379283e+01 4.676585519494399534e+01 6.576137294958573420e+01 7.817497656223997637e+01 6.731400705223440184e+01 4.763093134377967885e+01 6.731400705223440184e+01 8.451866080521631375e+01 7.362115640985832954e+01 5.407481188840891662e+01 4.012294519279871707e+01 5.708370748659582006e+01 5.691061057100966991e+01 4.969728864329510287e+01 6.317041138263845568e+01 5.982341033513537099e+01 6.053066524603580234e+01 4.218570426265529960e+01 6.176498383306620354e+01 6.300169921954511665e+01 6.046995383339671548e+01 6.064077652751869607e+01 5.677025975255277501e+01 5.520365511026713534e+01 6.949994437127811864e+01 7.051495096131888829e+01 7.151657829074149220e+01 5.240602550336929255e+01 7.368327484775301173e+01 8.402377038025282729e+01 8.752205565007420773e+01 9.557761928978939636e+01 1.043008422707851537e+02 1.015345854608953715e+02
7.904913890978069446e+01 7.089681575561543525e+01 7.904914409822258392e+01 7.358765432956646180e+01 5.640795215647844429e+01 7.358765432956646180e+01 8.728653179542132534e+01 6.731400701731421066e+01 5.564044746164353228e+01 5.639937441190983236e+01 7.614352774817483294e+01 7.556582142787939915e+01 5.603791304161426012e+01 4.208806840925237935e+01 6.175728951062441752e+01 7.327832219336868036e+01 6.332563783525638712e+01 6.901887247891652066e+01 7.407806591056916545e+01 5.460945450000642865e+01 6.176480844082416866e+01 4.352164377865671696e+01 6.300407990638062472e+01 4.624012600785806626e+01 4.722652256628975209e+01 4.820685619072921213e+01 4.918356646109693031e+01 5.016838645645211159e+01 5.115027307015927249e+01 5.213525129427358706e+01 5.341596889356951294e+01 7.284812580073523236e+01 8.282802019777034275e+01 9.260036155065348851e+01 1.005869593900809491e+02 9.451708736022253277e+01 8.044600454866035477e+01
