LEM/sinusoidal_perturbations/elevation_000008.asc
nrows	100
cellsize	150.0
xllcorner	0
ncols	100
yllcorner	0
NODATA_value	-9999
[rows 51 to 67 of 100, columns 0 to 36 of 100]
6.455108993161302530e-03 2.000645510899280666e+01 3.238103251572803032e+01 4.067140570559880786e+01 4.962583022498094465e+01 5.517008010822593889e+01 4.692560617982619675e+01 3.343702328598246964e+01 4.497561730720291706e+01 6.491626189757073462e+01 6.351986717682539307e+01 5.529961630921727789e+01 4.177005923883454130e+01 6.143327341477088765e+01 7.088231212995631836e+01 7.867736035854049703e+01 8.603742404028477608e+01 7.427967963086963721e+01 6.444289795816537492e+01 5.528725018623147491e+01 4.802222629224953465e+01 3.852452693182896581e+01 1.570513289788029532e+01 2.731614010387620795e+01 2.758715310611081151e+01 3.207289304553169274e+01 5.045360482546844594e+01 5.844864807267743601e+01 5.171976058723451786e+01 4.003878009564747487e+01 5.924979112544597371e+01 7.722874032768069696e+01 7.096732012743748896e+01 5.741088590796618263e+01 3.678893317884587333e+01 5.738136288529391038e+01 5.957770533821643966e+01
3.995603441288198172e-03 1.155100857561539662e+01 2.569371398889089519e+01 4.571813133545912677e+01 4.941016578368610368e+01 4.115919071431687115e+01 2.694998612188358678e+01 4.692560617982619675e+01 6.163947993274123149e+01 7.313584457312983034e+01 5.529961630921727789e+01 3.557476276202736187e+01 5.529961630921727789e+01 4.508824473199912575e+01 5.170881921172924223e+01 6.096317433761454652e+01 7.783838368861646018e+01 8.781837715146420464e+01 7.376392848601101093e+01 6.315815325143123715e+01 5.388459096550685956e+01 3.759419424510667795e+01 1.544428565005906506e+01 2.604093739139637975e+01 2.264542788262382444e+01 4.005719181913993054e+01 5.042092684411839798e+01 4.520381253696039181e+01 3.222455369136532966e+01 5.171981419894965626e+01 5.045709155573933913e+01 6.136368041567600784e+01 8.015887914821868776e+01 6.613566577569210381e+01 4.666684393042292811e+01 6.584948200878129398e+01 6.030645272091550879e+01
4.804567899273937473e-03 1.414709009308047349e+01 3.415790157692736528e+01 4.402934936237944896e+01 3.581910004387984259e+01 2.117822610574841846e+01 4.115919071431687115e+01 5.517008010822593889e+01 6.563586733451916189e+01 5.736369842787866702e+01 5.139784347448340895e+01 3.164463676791218560e+01 3.613128821008212554e+01 5.568512726834732263e+01 7.088231212995631836e+01 7.867736035854049703e+01 8.688692867137797293e+01 7.892091723953195981e+01 5.472853365171992834e+01 4.050482753482035747e+01 3.011856567298025666e+01 2.241410133309262420e+01 1.568369735340679938e+01 1.506569455159763571e+01 3.338747841798252125e+01 4.035268728499369217e+01 3.866641702007201076e+01 2.560885796168108541e+01 4.520984418579685382e+01 5.966765702062942722e+01 6.927585614562239869e+01 7.722874036608763504e+01 8.809733809662503745e+01 7.675107139528539335e+01 6.607893993662762000e+01 7.641384648185932349e+01 8.022975340541867695e+01
9.707512844716031236e-03 2.000502364199293837e+01 3.898224247423708277e+01 3.088411352591260695e+01 1.583509041621538138e+01 3.581910004387984259e+01 4.294792636235001027e+01 5.125847120606190543e+01 5.736369842787873097e+01 3.745465040236139487e+01 4.328587556206654341e+01 2.785648100176792497e+01 4.763496271756402933e+01 6.012022744752459857e+01 6.717643658900338721e+01 7.545596266848663447e+01 8.700301693982760298e+01 8.015205091647825952e+01 7.120517845439455584e+01 6.315815332419278150e+01 5.388459096668425019e+01 3.960523228604095181e+01 3.877950480384755849e+01 2.192967546781227028e+01 1.466596549816753203e+01 3.328646677671174103e+01 1.980438567142179451e+01 3.967298673713679591e+01 4.951983871779626867e+01 6.245313755233951269e+01 7.219284419585389401e+01 8.470100837251848702e+01 7.706781332491534897e+01 7.910915170016335196e+01 8.652896687990391911e+01 8.311345259327160306e+01 7.481027373230683963e+01
5.001202446392439237e-04 2.000050012024428270e+01 2.603014271792185497e+01 1.083750816013269791e+01 3.059528204246854344e+01 2.950642498265280622e+01 2.298325226392660170e+01 3.971118287377834832e+01 4.797192480475274579e+01 3.970388629866871355e+01 2.344347765966077191e+01 2.872886450152534366e+01 3.421851150561216315e+01 4.019684797918861818e+01 4.721845990446691133e+01 5.871801298439140737e+01 7.873084414875827974e+01 6.829712148380573922e+01 5.265726447068792027e+01 6.829713014482337030e+01 7.174235361282417500e+01 5.423722792971123141e+01 3.356079865201247259e+01 3.357727365271563968e+01 2.364598055366965568e+01 1.423821317939156827e+01 3.197577678845310700e+01 4.126134431392957680e+01 4.348564171273393697e+01 4.075823979039383715e+01 5.973485202842412889e+01 6.852661596478552042e+01 5.971403565658032164e+01 6.189989852964855288e+01 7.637785900554182206e+01 7.178642952765247287e+01 5.536720470101011671e+01
5.279685921607564676e-03 1.981376147739783633e+01 6.125633334926394724e+00 2.481506175204561515e+01 2.681875173185359174e+01 9.557847508564281114e+00 1.148525573965151914e+01 3.142093758937479109e+01 3.646627106013545472e+01 1.982799774570247209e+01 2.580473957656651507e+01 4.570317346148046767e+01 5.411310031616034166e+01 6.012022744752459857e+01 6.717643658900338721e+01 7.545596266848663447e+01 7.456247925553367395e+01 5.992952608612748833e+01 4.000386951696793858e+01 5.992952608612748833e+01 7.080962277357352264e+01 6.327542577253198175e+01 5.358630509372927264e+01 4.848419233298688624e+01 3.931872779942870721e+01 2.086829623336497974e+01 1.377493046306154234e+01 3.051096396257841548e+01 2.318508273938218522e+01 4.187448219308245001e+01 3.680803637834308262e+01 5.948451683714510096e+01 5.027480834096466822e+01 5.187740403868016870e+01 6.879005477892549436e+01 6.308851233925213364e+01 4.428287968277766140e+01
5.738623160518319517e-06 1.538457122953335032e+00 3.292441769483528624e+00 5.059669594600912923e+00 6.854292568009594078e+00 2.681535966685213168e+01 3.141950220342138778e+01 1.430019936058887353e+01 1.656565616454622258e+01 3.646627090788864933e+01 4.570318374269363915e+01 3.573376246171575588e+01 4.981665218416168273e+01 6.979052936805756246e+01 7.305682718588143132e+01 6.464097911686916120e+01 6.574621882102204040e+01 4.588171218424717068e+01 3.266902560355968177e+01 4.215746373112722267e+01 6.243715815977328276e+01 5.905352964488755418e+01 6.751096659708356640e+01 5.420908451883658330e+01 3.400698171153040050e+01 3.849670765643114123e+01 1.341890090063300889e+01 1.607022657294767498e+01 1.602840922659557421e+01 2.158676440740360292e+01 4.238266579783603305e+01 5.209534321715774752e+01 4.218050121929329066e+01 5.884878220038037000e+01 6.709280447985669582e+01 5.495041488230384630e+01 3.558225733135748214e+01
4.532054705376768917e-03 2.000453204293075160e+01 2.330353467528886213e+01 1.918095287493266810e+01 2.682099177306757909e+01 1.536180414921549620e+01 3.533928146266640624e+01 3.421837981935195927e+01 2.043511205012604393e+01 3.449391933707305213e+01 5.432116525807143148e+01 4.981680509185292749e+01 5.200273925620734872e+01 7.199226084871229148e+01 6.127288029256632029e+01 4.421723664209496718e+01 5.735702648751045984e+01 3.709869259695511801e+01 2.585952827642920226e+01 4.588171885718631415e+01 4.467625616816498990e+01 3.872464842208648150e+01 5.905317491641207539e+01 6.271184630675894311e+01 5.427204062554508823e+01 4.218183516521226295e+01 2.472357035722297169e+01 1.289116285312651478e+01 2.030238602639641243e+01 4.022215694558352084e+01 4.624503358252342622e+01 3.537019001305088040e+01 4.705921724942484019e+01 6.425362699712685810e+01 5.906945221199907792e+01 3.974808715399973380e+01 4.325007185246589358e+01
9.001595176218036079e-03 2.000900159517586374e+01 3.828994329851322220e+01 3.917768150906992730e+01 4.200376830103100900e+01 2.201274515317995650e+01 4.200368997727788667e+01 4.498233694321969978e+01 2.512259660215008239e+01 3.917858665743434443e+01 5.897714566960107163e+01 6.980510978953309120e+01 7.199226089016032404e+01 6.572504254725498640e+01 5.215770649502464096e+01 3.250223796455514957e+01 5.214940630309771308e+01 4.081698335155129342e+01 2.111569544289621447e+01 3.468952381220864112e+01 2.470202290707068471e+01 3.872458440203923402e+01 5.904642710734993472e+01 6.843016144441024551e+01 4.750038187474039830e+01 3.315456624392830776e+01 3.118722297993306114e+01 1.250521250184699440e+01 3.288805908699791303e+01 4.136794260868039430e+01 2.970825167490415808e+01 4.638983167061334711e+01 5.942200532654062783e+01 6.127329143693074798e+01 4.943294456593847741e+01 4.138100865689280994e+01 2.369832319019016964e+01
5.674351268809080251e-03 1.000567435126872162e+01 2.414780997498795045e+01 4.414780989088923491e+01 5.031675077667285478e+01 3.199668346562184240e+01 5.031305561017079242e+01 4.134170639062363506e+01 4.498420716645582473e+01 3.402389301289291978e+01 4.806044347035111741e+01 6.797483233100932409e+01 6.547087054815393969e+01 5.359159404628378098e+01 3.707351468024770469e+01 2.372905401667204472e+01 4.374388648534888091e+01 3.904648724618858324e+01 3.005362821545442387e+01 1.568361047549371534e+01 3.468952572531483725e+01 4.816794254181697710e+01 5.550606545836457428e+01 6.821801534859406502e+01 5.803452945691244480e+01 3.217632610007152039e+01 1.709879314006842677e+01 1.212563197073938603e+01 3.113486685734379478e+01 2.440082487374145614e+01 3.420565633154279794e+01 4.559943674736365438e+01 5.985086828406696924e+01 4.753144236689962554e+01 3.378748564531560561e+01 2.166683501505610110e+01 3.570408596211304797e+01
9.518805923843161668e-03 1.155652418971646078e+01 2.569865981344766226e+01 4.569865981344836570e+01 6.034823074786265806e+01 5.201281324606958378e+01 6.033257235331626589e+01 5.532465968239822729e+01 6.196387395231347028e+01 4.395715988238100635e+01 5.378702430618673702e+01 7.327849428306680579e+01 5.701915741380367564e+01 3.640927958294825117e+01 2.470049601774092096e+01 1.734171340305961095e+01 3.067582536104591284e+01 2.771199306249080863e+01 1.148640410518744837e+01 2.878246478120902907e+01 3.622647926745060687e+01 2.778547422327793370e+01 3.968614424025162890e+01 6.003221909647802335e+01 6.726503879425678178e+01 5.087086503345213373e+01 3.266854073344761389e+01 1.176445634793210537e+01 2.976775527684765166e+01 2.109269704677935309e+01 3.240079109657125400e+01 4.751840834913306111e+01 4.594780418732126748e+01 3.663074542260282129e+01 1.952783545721202785e+01 3.943921728554008865e+01 4.939392441565902914e+01
9.062254805971973678e-03 1.155606763859858965e+01 2.569820326232979113e+01 4.569820326233049457e+01 5.027034401228513616e+01 5.257777602287094254e+01 6.102210255729399790e+01 7.491973459644025013e+01 7.192857288553447859e+01 6.372326698951701474e+01 7.140421211000948176e+01 5.963093687554093947e+01 5.109086454232811292e+01 5.296898612502629078e+01 4.474555754604590163e+01 3.061095302622539904e+01 1.092000210814639338e+01 1.206622152439500972e+01 1.077961436551333385e+01 7.036537736883828664e+00 1.554696471382360556e+01 3.595862102286653084e+01 4.657078135353840764e+01 5.761789431160136132e+01 6.014179637837195713e+01 5.727495595321719435e+01 3.472045485433073253e+01 1.142844865343792371e+01 2.565597976182593953e+01 1.812591560776754562e+01 3.548770889640431392e+01 3.514202121984484961e+01 3.627476455012601519e+01 1.764328681039745916e+01 3.787967992394035832e+01 2.271798196130740166e+01 4.233913776457721667e+01
3.063233560239582431e-03 2.000306323355988525e+01 2.772416500192498745e+01 3.185178545004144013e+01 3.044063224129841672e+01 3.262071988753203300e+01 4.933908373367042799e+01 5.759022270797645859e+01 6.753815567872898384e+01 6.909497040247124744e+01 5.658654545348751697e+01 4.727885138021783717e+01 3.023586790322848117e+01 4.636031236424575042e+01 4.396317289005790485e+01 3.107172997048122198e+01 6.219997881159922137e+00 6.226184266455200955e+00 6.475370264445918345e+00 6.728689190087880689e+00 2.690021549558278124e+01 1.983930565094706466e+01 3.127349459427992073e+01 4.999736112074209871e+01 4.193471293473091066e+01 4.561310578849799668e+01 4.151068895285992255e+01 1.111798939200704872e+01 2.037979093061676750e+01 1.523701629208683528e+01 3.244305868756682543e+01 1.462768908902794252e+01 1.579965602066456221e+01 3.627476453289759206e+01 4.594780466745095993e+01 4.233913776457721667e+01 2.576363577579713748e+01
5.666595628964066558e-03 3.854598279445886622e+00 7.776313246940486756e+00 1.194363376313846992e+01 1.640597166911983251e+01 2.268921658210285841e+01 2.940242210966729886e+01 3.941195632990503128e+01 5.926818125239168467e+01 5.989095470754713801e+01 3.724474307614238455e+01 2.549864991890800425e+01 1.825700947030261290e+01 3.077576384608413562e+01 2.235423782667074732e+01 2.252077451759759086e+01 5.877398035642008800e+00 1.412307700384935849e+01 2.986646573862350351e+01 2.591927294608163379e+01 7.081447259431918440e+00 2.665957268016506276e+01 3.466995688083289195e+01 4.520307926372949936e+01 2.802709572472598154e+01 4.525573863047834067e+01 4.401743086158915474e+01 1.082819243679330157e+01 1.342361673619311624e+01 1.199820788433950014e+01 1.308552747960007068e+01 3.346647006071343355e+01 3.028908148047425186e+01 3.056497790984861851e+01 5.018323729654374432e+01 5.306318056447040732e+01 3.942061675634340645e+01
2.110006612196471242e-03 2.000211000661184002e+01 2.772416500192498745e+01 3.185180479885467975e+01 3.626333724143688642e+01 3.261479263285479391e+01 4.727125377119818239e+01 5.759114023350721823e+01 6.752807574878842445e+01 6.428353410977909732e+01 5.345543122044284701e+01 4.599408907675862679e+01 3.087455031365343672e+01 1.046804877137708445e+01 5.558075357514115744e+00 5.528863671757010323e+00 2.387756291687731292e+01 3.214104059111468104e+01 3.241155226105548337e+01 3.199008243399616447e+01 1.912673371797987087e+01 7.431598690082124925e+00 2.690758160243899866e+01 3.440148621904315718e+01 1.939240295234768752e+01 2.870686072115168130e+01 3.185363303921845457e+01 3.040272748943218772e+01 1.043742793302501504e+01 2.849630993136046442e+01 2.238658076513462092e+01 3.596258089233647581e+01 4.885087004708720571e+01 5.013205170415292855e+01 5.825807324422235212e+01 6.544854073398620642e+01 5.572527919369466076e+01
9.367352646185668139e-03 8.174333161923588165e+00 1.711860507194356629e+01 2.866561047415906671e+01 4.866571468180853799e+01 5.250109664832847756e+01 6.080557106990569594e+01 6.676228408648582047e+01 6.948319820511996170e+01 5.590544919274955049e+01 4.576907131182360189e+01 3.750223463930417722e+01 3.721888148694218046e+01 2.954213634369586217e+01 2.469372843573422216e+01 5.305965564656967004e+00 1.116848927753103560e+01 3.799177171472361891e+01 5.232873313038395935e+01 4.510853980258751506e+01 3.030555994523919594e+01 2.580382019378051695e+01 7.781474067414022144e+00 2.673692836144473617e+01 2.786146404310582270e+01 8.566535592906076246e+00 2.835664764793391157e+01 3.205731805828753522e+01 1.017769130112942300e+01 2.650265230276563599e+01 2.199997507883094983e+01 3.608639262386147806e+01 4.828957589745743206e+01 4.954575766711236895e+01 4.815930451644696575e+01 5.660965010656228458e+01 5.279414489829134993e+01
3.648181865326004768e-03 1.414578380559640181e+01 3.414578380559710524e+01 4.540355064171627220e+01 5.695099606311413964e+01 5.909490032588740149e+01 5.834028510215814833e+01 4.325463456129659079e+01 5.494039897899291702e+01 6.178684397028978736e+01 5.839247837073413194e+01 4.233715801782274468e+01 2.652187377455138773e+01 3.400882379971390179e+01 2.409496812203589400e+01 5.110903643208435376e+00 2.424903897479743620e+01 3.068394258838385369e+01 5.216601232612951833e+01 5.560856710824764804e+01 3.250799435941862470e+01 1.895888237996905090e+01 8.917253829010036270e+00 8.131216461591980860e+00 8.378129659662606699e+00 8.624537601287453725e+00 2.800126410125340826e+01 3.126441570728518826e+01 9.917235636607191651e+00 2.214404448897185773e+01 1.769045573971227370e+01 3.192589500156278248e+01 2.784779209032434721e+01 2.910007059596948409e+01 2.772040795522596568e+01 3.763942981375092955e+01 3.507683000110102256e+01
