LEM/sinusoidal_perturbations/elevation_000073.asc
nrows	100
cellsize	150.0
xllcorner	0
ncols	100
yllcorner	0
NODATA_value	-9999
[rows 68 to 84 of 100, columns 0 to 36 of 100]
5.009162696260268353e-03 2.000500916269590590e+01 3.828897108300282071e+01 4.937652310234992825e+01 3.523510869522897337e+01 3.523510869522897337e+01 5.523502823374840887e+01 5.738755654630839587e+01 6.116491674274197976e+01 4.116493857097253084e+01 6.116491674274197976e+01 6.612885770460049173e+01 5.767589732195762764e+01 7.767581632445035211e+01 7.188878539888200692e+01 5.227159355749598291e+01 4.995276113841386234e+01 5.541857129834905038e+01 6.731989171390857507e+01 8.787790281355169952e+01 1.017992683901666311e+02 8.480578047474165260e+01 8.867803126545736347e+01 8.275458404536045975e+01 7.063486500811453084e+01 5.075884483999773522e+01 6.410742059510677393e+01 6.050978255766515446e+01 5.641259761987578969e+01 3.798777661688906448e+01 4.414516540888433838e+01 5.037624874617235804e+01 5.746554740932959504e+01 6.786400990251817689e+01 8.689658837246179246e+01 9.822731940667978279e+01 7.863919205796642586e+01
4.695337527364121070e-03 1.000469533752745122e+01 2.414683096128949202e+01 4.414683108452749849e+01 5.523502823374840887e+01 5.523502823374840887e+01 6.351793750947089734e+01 6.920192491530325185e+01 6.944881899232628086e+01 5.530707378418044584e+01 5.530707378418044584e+01 7.530700065955295486e+01 6.922290205580833344e+01 8.595914561534814879e+01 8.096125223515295488e+01 6.404005601663236291e+01 6.178128255101175625e+01 7.600872957110891548e+01 6.654220054881598401e+01 7.933785361900559963e+01 1.011146764900470316e+02 1.017992683901666311e+02 1.000418396552327351e+02 9.028519734581477962e+01 7.867124884057928114e+01 6.411282750045231182e+01 4.433643851665498659e+01 4.106207760039041688e+01 4.060097980247513760e+01 3.741772489667205548e+01 5.891040588970651726e+01 6.783813481236406062e+01 7.557395240461708852e+01 8.390745970728929137e+01 9.497580281537670999e+01 9.247188239305502577e+01 7.290950411953114951e+01
7.614146464036155443e-03 2.000761414646368053e+01 3.463271010031147767e+01 4.291698134777308127e+01 5.446398673156580372e+01 6.116399183679497753e+01 5.288383406899594519e+01 4.921642684038634741e+01 6.920192491530325185e+01 7.530700065955295486e+01 7.530700065955295486e+01 8.359056420047221536e+01 8.922271195142725730e+01 9.750544597750862863e+01 9.263515087425592753e+01 8.430313557922401912e+01 8.221309494223314118e+01 9.058672959440309569e+01 8.156830801707758383e+01 9.636011332164302701e+01 1.124384785610501325e+02 1.057031577332632821e+02 8.635886541811960626e+01 7.244588790082873686e+01 6.235921973445206845e+01 5.410474115583415511e+01 6.411282750036629352e+01 5.871511139970480286e+01 3.661454661427801227e+01 4.454956351157461825e+01 5.737041227048756298e+01 7.195435330515546468e+01 7.538019694996408759e+01 8.584126578384125139e+01 1.002002620952806780e+02 9.242817854996879134e+01 8.037199722803005386e+01
2.352828262072654761e-03 7.073420640127578096e+00 1.463271010031218999e+01 2.617971548410491067e+01 4.617971548410420013e+01 5.288383406899594519e+01 3.291580277973475432e+01 4.533662764571859327e+01 6.531667722673313392e+01 6.138967048579165464e+01 6.967198963850279370e+01 7.861276192928572470e+01 9.015806859131575379e+01 8.997481230644818595e+01 9.588278238006411414e+01 9.463387626560836452e+01 9.463387626560836452e+01 1.030051928076549217e+02 1.026565589443266617e+02 1.062858264932886954e+02 1.042120461028240470e+02 1.089159295293948873e+02 9.551446129167740651e+01 8.605367150238973295e+01 7.820557688249115813e+01 7.412091378880083425e+01 7.549273153972758621e+01 6.707509320577682388e+01 5.191537010709688360e+01 3.582805533945867893e+01 5.483925355406664437e+01 5.592143983309338040e+01 5.862711633338484774e+01 7.859962191167352330e+01 8.899755788581552451e+01 7.275935832436259432e+01 7.854411652650861697e+01
6.786455232800275850e-03 2.000678645523244370e+01 3.463271010031147767e+01 4.157018080555310746e+01 3.329599706869644393e+01 3.682500531719536241e+01 2.537510389003348621e+01 4.533662764571858617e+01 5.139982762549331596e+01 4.140998476519495597e+01 5.033955744949052047e+01 6.187795834538692219e+01 8.187428334086719417e+01 6.988633794042895886e+01 7.577011585854376108e+01 7.450846217012383477e+01 7.450846217012383477e+01 9.463387626560836452e+01 1.062858264933100259e+02 8.734731793176295866e+01 8.527650842458218960e+01 9.409057546921961546e+01 8.211299284192186576e+01 6.875530668674409185e+01 5.931100669087456367e+01 6.810600413861862990e+01 5.659032395778384483e+01 5.979516151309219651e+01 5.455148756268323496e+01 3.527508959420296719e+01 5.262844133166068161e+01 4.407422581981288801e+01 6.310243227182602510e+01 7.746714294754988828e+01 8.107237989353853891e+01 6.014306032113778855e+01 6.844778014682580647e+01
3.257643153035955173e-03 2.000325764315267918e+01 2.561581163307235798e+01 2.852275372809589982e+01 1.332810486953345830e+01 1.686190041124283923e+01 2.144470510564099541e+01 2.628525660135523978e+01 3.143488242952441425e+01 4.554682217247577825e+01 6.553023277081194919e+01 7.144155877058842918e+01 6.312649805206419273e+01 5.577880079197497309e+01 7.185864938427108939e+01 6.036464158824063730e+01 7.190063610665707472e+01 9.201758581237342582e+01 1.066599980985376703e+02 9.082259900503242989e+01 7.192001618323807577e+01 7.517994932207925274e+01 7.614134461953054256e+01 7.257256152831705265e+01 6.810600429289473823e+01 4.919782085086833234e+01 4.318541235021677238e+01 4.080554968828690221e+01 3.848477063403912979e+01 4.445388813247064519e+01 3.451638967368111821e+01 4.721757550720608521e+01 6.058639774823768676e+01 6.023711975709576905e+01 7.180255043680244853e+01 6.894619611806083981e+01 4.663841106759214483e+01
1.880098487986705483e-03 2.802439838157698926e+00 5.630861371079566524e+00 8.548121503185969416e+00 1.609488686949516989e+01 3.590322906772035338e+01 4.140397612579106834e+01 4.624490094126037576e+01 4.554682217247542297e+01 5.967986138862210055e+01 6.637306933625428940e+01 5.807059901489201792e+01 4.322140363708633259e+01 4.735869397096917766e+01 5.190285843357571594e+01 7.185864938427108939e+01 8.875682748888934270e+01 1.003858793439693784e+02 9.878837340499158870e+01 7.985829339449796294e+01 6.896751440907992503e+01 6.184564447014858501e+01 5.725711951808806077e+01 5.367370463707745643e+01 5.027108266965682049e+01 4.692273960921821185e+01 6.212671166616846108e+01 5.425682836598108594e+01 5.734929533573318139e+01 5.219924856359519794e+01 3.398095572186306867e+01 5.240396117912070650e+01 4.263001730353354901e+01 5.163868109801381934e+01 4.780251649600922548e+01 5.414650778465379233e+01 3.947913992959325213e+01
2.900726248362994839e-03 2.000290072624800786e+01 2.561581163307235798e+01 2.852275544522134609e+01 2.852275446210541787e+01 2.853574430769232606e+01 4.223150004122962287e+01 6.167905289166803584e+01 6.553023276172541500e+01 6.167249250302817387e+01 5.337989075628909319e+01 3.816960930508169270e+01 5.807059901489201792e+01 5.881989205040342483e+01 7.185864938427108939e+01 6.597941744790277596e+01 8.015257477489521420e+01 1.002957385597460984e+02 1.033195904415590860e+02 8.438441767101126345e+01 8.623804927846974522e+01 6.734884450342684659e+01 7.060632049003046973e+01 7.257256152831705265e+01 5.383822674617909598e+01 5.784917901595891720e+01 7.367465997229646746e+01 7.316600117075205389e+01 6.870723487861172885e+01 5.162583876815012474e+01 4.336118109198850590e+01 3.322298090832951090e+01 3.269277338894179508e+01 3.216518389900419805e+01 3.164075403179537105e+01 3.112094766586877626e+01 4.979496905222525527e+01
5.081304048347549951e-03 2.000508130404799090e+01 3.374220439936802052e+01 4.202647564627763899e+01 4.849265769668944159e+01 4.665127378725085805e+01 5.604826582514706956e+01 5.659869322580444617e+01 5.721291327797997184e+01 4.892737516841753376e+01 3.346763570518705677e+01 5.337989075628909319e+01 6.637306933625428940e+01 7.883785087393862057e+01 8.718748789822745948e+01 8.605237085292664290e+01 8.695450896927313522e+01 8.546885526978857683e+01 9.369913828817207957e+01 1.033195904415590860e+02 9.409488459334764343e+01 7.677911243054259671e+01 8.950407420575312756e+01 7.778447284018606922e+01 5.889705554030293655e+01 7.674578645807642374e+01 8.459139274931904140e+01 8.202943901243247637e+01 7.057400614000691519e+01 5.761991119336878597e+01 3.857455177929622891e+01 4.551769291896297887e+01 5.195041527465416209e+01 5.071857733597612850e+01 4.676438404705427843e+01 3.398742766993613174e+01 3.040036351957886751e+01
4.469920835086939326e-03 6.671136587501782067e+00 1.374220439936731886e+01 2.528920978316003954e+01 4.528920978316074297e+01 5.727054064933621191e+01 4.799739129532707693e+01 3.666298018665794700e+01 4.505581830713004621e+01 2.899731641131744553e+01 3.531363170876559820e+01 5.522339519879218983e+01 7.419908715500990581e+01 8.577319449934641682e+01 8.371665462533293578e+01 7.548559364473757682e+01 6.707800653644733302e+01 6.559527471053958436e+01 7.963991215032140758e+01 9.954116880587683625e+01 1.035651962777857591e+02 9.014970860276235953e+01 9.322359790810803304e+01 7.431460891347251163e+01 6.519290044147363972e+01 8.408026220232854087e+01 8.742671034784969208e+01 7.420287274691376922e+01 5.539344327492605657e+01 4.430737742022314762e+01 5.764277189864714757e+01 6.261207965006563114e+01 5.939989303516868802e+01 4.324554815652970774e+01 3.920636558188815002e+01 5.225682656505330925e+01 4.892400588841546494e+01
2.324776005098761877e-03 2.000232477600474468e+01 3.374220439936802052e+01 4.202647564755770304e+01 5.357348103185265842e+01 4.632819600847414421e+01 2.955954127228686801e+01 2.254720723447798747e+01 2.510982221147288485e+01 4.505581830713004621e+01 5.522339519879218983e+01 4.594504518331789455e+01 5.742253727752267167e+01 7.742841610711917610e+01 7.226568166870886500e+01 5.566761382316465756e+01 5.309703289483795885e+01 6.707800653643849387e+01 8.695450884057427743e+01 8.984840826887271703e+01 9.807617054809210799e+01 1.090892988417511873e+02 1.010913492828908744e+02 8.408029781252503199e+01 7.462346003510913306e+01 9.193514683993983283e+01 7.957725319052093482e+01 6.080857185725228931e+01 5.119582944570735350e+01 6.334324700203735858e+01 7.110449964080852681e+01 5.955964948097674494e+01 4.879319550170885833e+01 5.940030988850440963e+01 4.808941588641186371e+01 6.428838588734679149e+01 5.163484062460391044e+01
8.699724428260374037e-03 2.000869972442790612e+01 2.816761085998308545e+01 4.817087935112947861e+01 4.390647191350954159e+01 3.563118856934688949e+01 1.900958650689182861e+01 3.898974482597564872e+01 3.663444638910986129e+01 4.505581769688295424e+01 6.501309961760394174e+01 6.587801657947663614e+01 7.419908715500990581e+01 7.672752537376084092e+01 6.404367765995259276e+01 4.429558387687341536e+01 6.352184123942208771e+01 6.831691253025041988e+01 7.361079957295874010e+01 6.996148034037769037e+01 8.886791693155659289e+01 9.881673393523701066e+01 1.109022770118108667e+02 1.014032792205839826e+02 9.353707338885703848e+01 1.014032461145456381e+02 8.742809968389859421e+01 7.019290037247033354e+01 5.773372064411937288e+01 7.676920988675786361e+01 8.343463341315333537e+01 6.825298661175104087e+01 5.273504824158612792e+01 6.825272662528196577e+01 5.843682315843525288e+01 6.088025434077071196e+01 4.153906265805581910e+01
2.249585233037712084e-03 8.167215394693734254e+00 2.230936386516983561e+01 4.231061193965507528e+01 3.563000718240812859e+01 1.565194602665178181e+01 3.563118856934688949e+01 4.727189376353776140e+01 5.655962229950829112e+01 6.486020800079820958e+01 6.053195911593464018e+01 6.880250992272237909e+01 7.040601086732065994e+01 6.272619910752847971e+01 4.872487270960609607e+01 3.937079898694054947e+01 4.377652461170330156e+01 4.854632714223478729e+01 5.380288803949289900e+01 6.077281738988761361e+01 7.067723498465055343e+01 9.058701546053019626e+01 1.017541612996100753e+02 9.332327684958015368e+01 1.017541381701202567e+02 1.019109812356848579e+02 9.690435992831825729e+01 8.462616944875259151e+01 6.671465564079859689e+01 8.462059122739267991e+01 8.885345456956767407e+01 7.252766777214631588e+01 5.687535655292894887e+01 7.252763077370818223e+01 7.195604814479877120e+01 6.880473584399507558e+01 5.276861501430167323e+01
2.739267172789772273e-04 2.000027392671692539e+01 3.644602446166034326e+01 4.744375300373869209e+01 2.749188971539856396e+01 1.335830889421114342e+01 2.749189900794160479e+01 4.744530956876435823e+01 5.173915399959209083e+01 4.716503805586025067e+01 4.112459879894511516e+01 5.913758224139836983e+01 5.057955124291390803e+01 5.451816107677716872e+01 3.477377585996166687e+01 5.451816107677716872e+01 6.352184124179785130e+01 6.831691253025041988e+01 7.361079957295874010e+01 8.063212519176815363e+01 8.886791714688035881e+01 9.881673179113599303e+01 9.067896529591968147e+01 7.042830049036858497e+01 9.066415909757411384e+01 7.995107392564177928e+01 9.510530850789969293e+01 9.394123305244130506e+01 8.044794219617389786e+01 9.210755720036588912e+01 7.785356703471425988e+01 6.551393482438896854e+01 6.597000054409043912e+01 7.984198556285005566e+01 9.157879047480459178e+01 7.986693640673966854e+01 7.196255552971821601e+01
8.327778614586212741e-03 1.415046340234566102e+01 3.415046340234636801e+01 4.522234111530853085e+01 2.526943750976945324e+01 1.113771025585318775e+01 3.111336789477991616e+01 4.443900765680908904e+01 3.434922469990769400e+01 2.612055256866836217e+01 3.360243382721532868e+01 4.264651073851895546e+01 3.658701126409916071e+01 4.734123762930104107e+01 3.174604686853674096e+01 5.150717055851983872e+01 6.248943861907913799e+01 6.854460268733264172e+01 7.566507212216170331e+01 8.362327603402093246e+01 9.427101491516248188e+01 9.538733282985511153e+01 8.138282581087969447e+01 5.692062373879883097e+01 7.975882861254750367e+01 6.196683970890537552e+01 8.338602429684644335e+01 9.677869912615483372e+01 9.939195361674650542e+01 9.513467901549336148e+01 8.887252073193106128e+01 7.867771754309168841e+01 8.027428643546916476e+01 8.847342641788823414e+01 7.842767921796151143e+01 6.904078972466990649e+01 7.086783470025605425e+01
6.510866554257996840e-03 1.414864654034585456e+01 3.414868579711792762e+01 3.423941212064394790e+01 2.593517448931503111e+01 8.971030848978474026e+00 2.894391940940976937e+01 3.330877134218629720e+01 1.626421615697791978e+01 1.835149680198567523e+01 2.053665273304485339e+01 2.277629465278057808e+01 2.512235957442071665e+01 2.755396415386080378e+01 3.247409363323802012e+01 3.764595808380149577e+01 4.314775853790236226e+01 4.939744684836779953e+01 5.684663892949698294e+01 6.838702410799545817e+01 8.556855451511678723e+01 8.667968651536314439e+01 6.230816004777771155e+01 4.640980320586746188e+01 5.452118750772869760e+01 4.816463946777358274e+01 6.397734104993576665e+01 8.810389035707788707e+01 8.715600205014847290e+01 7.394774515855453956e+01 8.708803768458075467e+01 9.185397787911890077e+01 8.668857221062175711e+01 8.536587695653156516e+01 6.081745876702631648e+01 4.535851024126395714e+01 4.762953006926691302e+01
8.953482861371391335e-03 2.000893717434440333e+01 2.261724661875760489e+01 2.392811471136936419e+01 5.942914200494691990e+00 7.855245812195111199e+00 2.783390689628133430e+01 1.335903939113232219e+01 3.295725544633899773e+01 3.645964458898107097e+01 4.042906347843372572e+01 3.184594111913275327e+01 4.495529654295244626e+01 3.724641584056202248e+01 5.209670872545554943e+01 5.712643164097291759e+01 6.248943861907913799e+01 6.854460268731932615e+01 7.566507212215874745e+01 7.247981671844155471e+01 6.163644165568308608e+01 7.554107524871835722e+01 8.032235019487377770e+01 6.191313260823805820e+01 3.588172420150932140e+01 6.191313131417454940e+01 7.040655437184939558e+01 7.987895241966745630e+01 7.801747149341836973e+01 5.956812484383951301e+01 7.801679395952632490e+01 7.751825014428195004e+01 6.019745093565995830e+01 7.751140918425062409e+01 7.107070005299512161e+01 5.443587191144749937e+01 3.209092216733684211e+01
