LEM/sinusoidal_perturbations/elevation_000824.asc
nrows	100
cellsize	150.0
xllcorner	0
ncols	100
yllcorner	0
NODATA_value	-9999
[rows 0 to 16 of 100, columns 37 to 73 of 100]
1.011774271856398286e+02 1.009511569233903430e+02 9.290940495982533776e+01 1.009511569233903430e+02 1.057308500803280396e+02 9.766120143248340923e+01 1.001524189843937620e+02 1.001524187113442110e+02 1.082435329441961755e+02 1.067182357332060718e+02 9.864089923745065391e+01 1.032456808763939193e+02 1.113636757869171134e+02 1.203293122338983352e+02 1.236963506936963313e+02 1.319871481400057860e+02 1.250815269022267699e+02 1.250815269022267699e+02 1.333845253183637851e+02 1.370856080586802648e+02 1.288865666741389191e+02 1.288865666741389191e+02 1.346407101846827175e+02 1.386971212224868850e+02 1.303466720392659965e+02 1.386971212224868850e+02 1.310070963498961021e+02 1.228022043661873539e+02 1.228022051442744669e+02 1.228022059606586112e+02 1.310072206150772161e+02 1.305650952952342152e+02 1.192131423905899936e+02 1.110470779438549727e+02 1.192131712750973804e+02 1.177490933072405426e+02 1.128585845476998202e+02
9.019946072809277382e+01 9.144634375125633596e+01 7.406748553168158367e+01 9.144634375125633596e+01 9.469589784628466589e+01 7.870084777093661899e+01 8.114824139782668055e+01 8.114824139771535272e+01 9.159266097875685375e+01 9.572220798048603285e+01 7.978357854155915163e+01 8.427185884114581427e+01 9.295149748620873709e+01 1.073135328419585335e+02 1.041779335257443080e+02 1.194433707260018025e+02 1.055022161336397346e+02 1.055022161336397346e+02 1.250815269022267699e+02 1.288865666741389191e+02 1.095499906023289327e+02 1.095499906023289327e+02 1.152135426088325829e+02 1.288316613356203675e+02 1.107933868803780797e+02 1.288316613356203675e+02 1.228022043661873539e+02 1.033002248857827823e+02 1.033002248860361760e+02 1.033002248862217129e+02 1.228022057784332759e+02 1.223697543505646905e+02 1.027582862507981787e+02 9.127514233288466983e+01 1.004785292917247119e+02 9.805036246968141711e+01 9.311456089863709451e+01
7.477822562096106651e+01 8.188349025642793322e+01 6.455657040283875858e+01 8.348844524575183357e+01 8.671443614205881545e+01 6.771937587166083006e+01 6.771937587166083006e+01 7.018361860995356949e+01 7.268625194593744254e+01 8.195019218697609631e+01 6.894836446214951309e+01 7.421028389336002817e+01 8.040136382186729236e+01 8.867911531311375484e+01 1.077596298109424851e+02 1.112368634868001607e+02 9.201850267054521737e+01 1.112368634868001607e+02 1.236634906815606598e+02 1.277341833968101952e+02 1.152135426088325829e+02 9.576488171296990970e+01 1.152135426088325829e+02 1.108132262978848672e+02 1.010564231359476537e+02 1.205700294598220239e+02 1.227791394065947514e+02 1.032979394787439134e+02 8.933230103274016187e+01 1.080904034911901164e+02 1.161981984674525421e+02 1.254678762429968515e+02 1.144321499025569722e+02 9.469874631951343247e+01 8.043686087065189838e+01 8.386081186808891630e+01 8.144449724837029692e+01
5.536859977721665871e+01 6.268534327482279167e+01 5.760299067451549604e+01 7.679499066333509916e+01 7.640334897367972644e+01 6.845218253201176140e+01 5.644568546791862218e+01 7.318751576070640397e+01 5.904617021496869711e+01 6.294930151274958519e+01 8.195019218697609631e+01 9.295149748620873709e+01 9.922656431837937419e+01 1.073135328419908774e+02 1.033127522305290427e+02 1.051594841793703381e+02 8.618230464051009676e+01 9.614098627977398337e+01 1.154335861663819855e+02 1.195878283233457466e+02 1.001106375764014444e+02 8.972617009946452526e+01 1.024297864099756339e+02 9.115231701199401471e+01 1.108132262978848672e+02 1.250793596004319994e+02 1.173004014827250501e+02 9.780960190665062726e+01 8.370083082166466681e+01 8.839798435335691806e+01 1.048488131477875385e+02 1.057539782588353603e+02 1.057539784974877080e+02 1.086535010521033513e+02 9.229655315110451852e+01 7.201178166858716168e+01 7.223000442444954672e+01
6.830835033971291637e+01 4.864215577246880429e+01 6.459779447807561326e+01 6.964138859700167927e+01 6.173160865300913969e+01 4.885851081983385313e+01 6.833408009658383264e+01 5.377377315414925363e+01 7.318751576070640397e+01 8.195019218697609631e+01 8.987967633439534154e+01 9.072359746451472517e+01 9.871537606571564538e+01 9.791855728798361724e+01 8.440431248652161855e+01 9.359360427387103698e+01 8.091787754363919305e+01 9.157997068543612329e+01 1.107477899119873399e+02 1.174605842349559026e+02 9.797863903362292604e+01 8.387072579641537118e+01 8.252933939337759739e+01 1.024297864099756339e+02 1.127808497765312694e+02 1.056337081656904644e+02 1.194438692020185329e+02 1.116203046246692736e+02 9.672098021707256521e+01 7.665023561440746391e+01 9.080244057206152775e+01 9.896900446514889893e+01 8.581798430756633422e+01 9.165710253701411148e+01 8.489517973663613759e+01 8.533893374807969678e+01 6.490029509822811349e+01
5.918902563050090748e+01 4.511615062064393555e+01 6.483123212678664515e+01 5.941724067325729663e+01 4.191771596557798318e+01 4.529555788614565870e+01 4.872072499782805721e+01 6.833408011471551902e+01 7.669471875340094869e+01 9.000520654430803802e+01 8.777552692971657677e+01 7.191860742075928670e+01 8.246850788930653664e+01 8.512737870927273320e+01 7.129371234859792139e+01 7.497638032432637090e+01 8.558839159041436062e+01 1.045289281621536475e+02 1.189451551199193773e+02 1.185707293605864550e+02 9.942071469424429608e+01 8.538233715651541900e+01 7.702387499436434837e+01 9.711116822570726015e+01 9.318088452998213711e+01 9.171102808506041981e+01 1.113292076063364107e+02 1.131564402035870387e+02 9.344035114287252952e+01 9.080240316768447428e+01 7.050827850115116746e+01 9.080244060397522787e+01 9.165710239226089584e+01 7.137133363504999295e+01 6.449013361677241107e+01 7.619443902581092232e+01 6.101947037325237488e+01
5.591828642230930058e+01 4.178662023660132974e+01 5.721967068775900600e+01 3.955734563310348761e+01 5.942015469697418695e+01 4.492231841796903069e+01 4.707121097575388546e+01 4.924376161038583177e+01 6.323787089416546792e+01 7.407327037986495100e+01 7.632198471727716083e+01 6.077856516685805133e+01 6.352583119058521532e+01 6.632632574010293069e+01 8.512737870927273320e+01 9.359360427387103698e+01 1.016122939016833158e+02 1.126671512177105683e+02 1.230223757164586260e+02 1.206263864368963823e+02 1.015243317914490859e+02 9.390140025097193188e+01 7.372159046362540380e+01 8.949780473381356671e+01 7.893073220036681903e+01 9.892158143967577644e+01 1.078378673079351984e+02 1.041607422552229849e+02 9.002722310858838739e+01 7.325358421166330913e+01 6.656706909764177738e+01 8.696726699588656118e+01 9.987680459233314423e+01 9.165710253701411148e+01 7.619443902581092232e+01 5.577109102481325209e+01 7.184016660891219885e+01
6.949787138816856213e+01 5.716838428751214707e+01 3.732109339599244180e+01 5.721967068775900600e+01 4.748837440748140182e+01 6.465732074747477043e+01 6.674246895164547766e+01 6.883121600762450498e+01 5.240483070290357404e+01 5.469459307813207261e+01 5.704300697268582354e+01 6.406964370194228309e+01 8.246850827278065310e+01 8.512737870927263373e+01 7.306442961866569874e+01 7.923427901924942773e+01 8.616800922063956136e+01 9.549032887984996876e+01 1.147923588914582069e+02 1.284142956501034689e+02 1.133367943367569097e+02 9.374588076716474916e+01 7.951168296556832615e+01 6.913416845518618459e+01 8.568334617165905343e+01 9.389133833957039599e+01 8.800398872422339025e+01 8.800398728346534938e+01 7.589490787775775971e+01 6.133923790345734517e+01 8.178556651370280406e+01 9.516639322400806122e+01 1.004039613783039755e+02 8.028896957647600630e+01 8.028293664499557281e+01 7.182952268105248095e+01 5.148273172190802427e+01
6.193837607890919372e+01 5.391916030065559085e+01 3.592509460799919907e+01 5.583991632008297756e+01 6.712051032438056097e+01 5.603588548889232612e+01 7.536059019739100506e+01 7.984868675147777140e+01 6.632427650735206726e+01 6.852208853425251789e+01 6.512120778560891665e+01 8.302301311129754424e+01 7.507492410496925572e+01 9.388030460551810563e+01 8.060983073719948777e+01 9.797009744776477191e+01 1.051413438856541234e+02 1.132883272074319052e+02 1.230223757164586260e+02 1.278298210194293318e+02 1.083593373426284785e+02 1.076028992321923283e+02 9.153749121882576389e+01 7.125813790568460604e+01 6.519642649482486263e+01 8.226885955885336443e+01 8.003013764660660456e+01 6.766885074066482275e+01 7.572337969884917186e+01 5.813754462322896899e+01 7.851147674755380024e+01 8.102320829951852943e+01 8.927391738460534043e+01 8.028819769434005593e+01 5.992907801530406431e+01 6.707002876299681304e+01 4.854141549353949614e+01
5.201606905430056571e+01 3.398715761181048123e+01 5.391906455625589700e+01 4.864183263869580287e+01 6.259415918385235500e+01 7.536056342835142630e+01 6.583992256782569541e+01 8.488125694208808625e+01 8.560503473920412887e+01 8.740551025525608964e+01 7.465266952059182870e+01 9.198592197298144413e+01 8.829801127593178478e+01 9.388030460551814826e+01 8.984196286496596429e+01 1.074781307947540085e+02 1.166018272160987834e+02 1.085103428817490538e+02 1.166018272160987834e+02 1.220988968542096416e+02 1.026682254518993318e+02 8.869405152624000266e+01 8.100933968336126156e+01 9.153749121882576389e+01 8.226885955885336443e+01 6.175455774036611700e+01 5.956780033179597211e+01 5.745838984518845649e+01 5.543626845274823012e+01 5.506107925808170478e+01 7.090669345011518487e+01 6.075972081474679243e+01 7.763152907749054066e+01 8.135291551971809554e+01 6.140954122620084377e+01 4.707383498079563822e+01 6.741098435266940214e+01
3.207776981014686157e+01 5.201864338288250877e+01 6.196972307559380511e+01 6.822610050931479009e+01 7.620178763881928319e+01 8.980727811633279600e+01 7.931558258621910795e+01 7.931558256330229995e+01 9.831797602256466462e+01 1.014657925523423927e+02 9.344608474093416817e+01 1.014657925523423927e+02 1.073571528709484539e+02 1.130814102516952744e+02 1.032336848756351628e+02 1.171236713202830799e+02 1.068575048831561247e+02 8.904072161733370194e+01 1.068575048831561247e+02 1.158808568496954763e+02 1.164606210761016172e+02 1.083593373426284785e+02 1.009265579524614367e+02 9.309015870497329104e+01 7.285832759647483670e+01 7.636092999513456903e+01 8.003013764660660456e+01 7.783641727974330138e+01 7.277990554640912535e+01 5.260115727504697958e+01 5.076197368265836474e+01 4.918543977286334723e+01 6.712012333058420666e+01 7.543022627000715374e+01 6.638992653386677034e+01 4.604374437748232651e+01 6.638961517808485269e+01
5.201859309123328501e+01 3.860814571774330517e+01 5.845916641893983012e+01 7.236216532216872110e+01 8.031285599336392522e+01 8.989136966890497149e+01 9.831800145659934742e+01 9.831797602256466462e+01 1.063936493658192433e+02 1.053532805837715358e+02 9.713662598101299750e+01 9.971201453985423768e+01 9.971201453985426610e+01 1.079278256654777124e+02 1.227302937086249415e+02 1.104675789734672122e+02 9.877553224954128552e+01 7.920587847487172439e+01 8.827844732630737212e+01 1.077776342981525062e+02 1.038608341300185742e+02 1.119573802854735760e+02 1.092391410024898022e+02 8.946075775541275732e+01 8.728690888839406625e+01 9.620495856574173388e+01 9.611613351623861945e+01 7.997956133190392336e+01 5.961956929843524478e+01 6.419289887826646179e+01 6.504978757016273505e+01 6.712009031899761169e+01 4.696904496713858634e+01 6.494717798760834171e+01 6.395173590599979718e+01 4.501579202436506222e+01 5.144716203313157621e+01
6.647575630393265556e+01 5.275807876681938779e+01 4.623550314224403479e+01 5.293538682099493542e+01 6.279924177427628251e+01 8.192508887006104601e+01 8.928491609920320116e+01 8.102621385048426816e+01 8.928491609914790672e+01 9.382263992275730402e+01 7.710909455737441931e+01 7.971745417973694714e+01 7.971745417973693293e+01 9.971201453985426610e+01 1.152642778890524085e+02 1.023695328783949634e+02 8.283630933308099031e+01 7.225722687372983444e+01 9.185661480477041607e+01 1.006850932250185906e+02 8.434602875318141457e+01 9.979315748384183848e+01 1.078941863860163011e+02 1.092391410024898022e+02 1.070741272972416880e+02 1.020505056696355126e+02 8.211329933583817819e+01 6.762972260736493979e+01 7.997956133190392336e+01 7.856565473273469991e+01 8.591466213577812994e+01 7.542579314989255579e+01 6.494699651621897374e+01 4.476516679772704066e+01 4.358228389918364343e+01 6.362141413511407961e+01 7.180680125234688660e+01
7.703125010192781019e+01 7.222280945709138678e+01 5.622333847208875568e+01 7.236216532216872110e+01 8.031285599336392522e+01 8.989136966890747260e+01 7.921754631199333119e+01 6.081009431878621996e+01 7.921754631106429656e+01 8.482683070106422463e+01 6.537539338613328255e+01 6.537539338613328255e+01 7.710909455737441931e+01 9.713662598101296908e+01 9.577676565459101710e+01 9.577676565459101710e+01 8.642072263914907637e+01 6.681909888086656224e+01 8.642072263914907637e+01 9.193290267845917185e+01 7.300823657877016615e+01 8.024843205135303492e+01 9.719129061486898991e+01 1.052890268052122877e+02 1.144800856730188627e+02 9.482719408803154693e+01 8.061262762569045037e+01 7.950038301374586069e+01 9.615478351788740952e+01 9.831123255800454785e+01 9.021264225239887935e+01 6.881082737659380655e+01 6.716414274930474448e+01 6.139073634302553018e+01 4.257617758032876765e+01 6.308135437385102051e+01 8.308393632813248075e+01
6.895585146792051034e+01 8.350569388520264624e+01 7.554980650479942028e+01 8.350569388520264624e+01 8.744303615995305279e+01 7.897466822447722734e+01 7.067533731069900682e+01 5.063565905264038491e+01 6.658786213871967163e+01 7.012666546194078876e+01 5.625761932368264695e+01 6.802020871225616361e+01 8.818004164405915901e+01 1.053532805831897434e+02 9.577676565459101710e+01 7.621240463677018795e+01 8.192380173958810019e+01 6.230613683408455472e+01 8.192380173958808598e+01 8.383495599302906953e+01 6.422197068056776459e+01 8.336171549381568013e+01 7.763331791681807204e+01 9.719129061486898991e+01 1.114896843606801298e+02 1.087286517640044252e+02 1.005833927633502896e+02 9.949894977762360782e+01 1.076446202601070752e+02 9.531177243748612682e+01 8.701822503434340206e+01 6.907006071015315740e+01 4.795269947312316106e+01 4.139771044620937346e+01 4.976771962065536314e+01 5.408622744799085069e+01 6.870684186404554339e+01
6.327317604029060050e+01 8.267504355586885367e+01 8.443385574293419893e+01 7.626937454822167695e+01 7.766130041862885491e+01 5.897581126306091193e+01 5.041116375959810370e+01 4.296791317348114347e+01 4.629716172251535511e+01 4.982797098207926467e+01 5.701866898517811677e+01 7.730890115370634419e+01 9.642168473330998779e+01 1.069787309409061749e+02 8.748364385834790369e+01 7.361273193132551285e+01 6.378986429979248385e+01 5.807630403556370879e+01 7.304046800729865652e+01 7.235928135664114791e+01 5.825669409292572709e+01 6.374722992205785488e+01 7.253363380656296044e+01 8.387170462734079024e+01 1.033916814935846986e+02 1.093527373017358002e+02 1.030172902199648348e+02 1.113095358948803693e+02 1.012007953131784319e+02 8.114361207554142652e+01 6.684822807746304818e+01 7.392109953694856017e+01 6.091848991756380371e+01 4.057380484565516809e+01 6.093951734064663839e+01 7.471061206642909269e+01 8.356037072238044061e+01
8.267504355586885367e+01 9.078932416356683177e+01 7.626937454822167695e+01 5.625470852740907901e+01 6.211686848172107744e+01 4.910786228800103004e+01 3.870947894026714664e+01 5.897581126537789231e+01 6.069407014839200798e+01 6.157105007962288568e+01 7.726284592716483246e+01 6.989848349891470036e+01 8.420613944431786990e+01 1.041939911161812802e+02 1.012825852305966947e+02 9.149981477944011488e+01 8.340317729816565873e+01 6.729734700020212301e+01 5.328466047995237886e+01 5.258891282562548497e+01 7.235822755616482027e+01 8.335934078220110166e+01 9.146117236101518699e+01 1.002146913484787660e+02 1.033569834843678308e+02 8.908717350807167179e+01 8.263850393600691291e+01 9.960463611183547528e+01 9.580360069068123607e+01 8.833789777032373536e+01 7.426159887786172931e+01 5.402597873726551114e+01 4.665813656017095212e+01 3.975131268013750230e+01 6.008849620965808214e+01 7.696812391150756127e+01 6.855133312256138822e+01
