LEM/sinusoidal_perturbations/elevation_000170.asc
nrows	100
cellsize	150.0
xllcorner	0
ncols	100
yllcorner	0
NODATA_value	-9999
[rows 34 to 50 of 100, columns 37 to 73 of 100]
7.433893981319025102e+01 8.286850023968220569e+01 6.951579886398553754e+01 7.537221246579773037e+01 9.225771457187404678e+01 1.038362832570904288e+02 9.823794525676440514e+01 7.846315364696906158e+01 8.425505601292728386e+01 7.678274683773028642e+01 6.207925812193303727e+01 4.211980586623575817e+01 5.961925040140290832e+01 6.786935812032446336e+01 7.451512747633476863e+01 5.786842077684034535e+01 7.451512747633476863e+01 7.215065938841853210e+01 5.228729826051864649e+01 3.834153140323423514e+01 5.196172022239869648e+01 3.392443668329794804e+01 3.460261507656061042e+01 4.307245258831244428e+01 6.122215433021104047e+01 5.726576453212427964e+01 7.705829512394677749e+01 7.754588784526666245e+01 8.306402893001964571e+01 8.935657365011982733e+01 9.768137865722110291e+01 1.068059443875189203e+02 1.130273640196912623e+02 1.175377796956942689e+02 1.039492120463142442e+02 8.453444393174538618e+01 1.040543439293237071e+02
8.601025244405137471e+01 9.804817587706556026e+01 7.963725362079732406e+01 9.558037022239049918e+01 1.039069878352049017e+02 1.089881542689104208e+02 9.905263954116689717e+01 8.425505601292728386e+01 6.448539787379830557e+01 5.691576582852073329e+01 5.020909012095120261e+01 4.386847352505994024e+01 6.385258804841486580e+01 7.557252214092908105e+01 8.599965627854014372e+01 7.774366314997982386e+01 7.827331184111504570e+01 5.843226043158541927e+01 4.435237882191800196e+01 5.810514203772333275e+01 6.148735405019395728e+01 4.528270740805326966e+01 5.422033135974133700e+01 3.555862784634087603e+01 4.339805269546275213e+01 6.306286250031230622e+01 7.026658354542017548e+01 5.764586773032748113e+01 6.320898952638365387e+01 6.951099949926198462e+01 7.834916788096668938e+01 9.249058324892770599e+01 1.134107805745473598e+02 1.096173641477937934e+02 9.015380204284232946e+01 7.894563104581234825e+01 9.156177818785687350e+01
1.061447595807689765e+02 1.081174436138498862e+02 9.979648664974851613e+01 1.081174436138498862e+02 1.147817497695325244e+02 9.482271373940959336e+01 8.088627491464536945e+01 7.103515352910521585e+01 6.291609374355672912e+01 6.792980968651230000e+01 4.795247767597808064e+01 6.385230822344946233e+01 4.734819047019318816e+01 6.733132586189893232e+01 8.559314259192599650e+01 9.550137093566476665e+01 8.492286733336830196e+01 6.893799127600169641e+01 4.902206827372108933e+01 6.893799127600169641e+01 7.324372169631665486e+01 6.500936847457001022e+01 5.594214248311603654e+01 3.623603246026804925e+01 5.594214247968699993e+01 6.378424973848046164e+01 5.031359797296043723e+01 7.026204958068473161e+01 8.306336915082285088e+01 8.935657365006302655e+01 9.768137874667574749e+01 1.068059452197048671e+02 1.105011748229436961e+02 1.015210484543767251e+02 9.402232864277790725e+01 8.714505124592136553e+01 7.205842580460975455e+01
1.120128548170146843e+02 1.037780658838257324e+02 1.120146398930516511e+02 1.234953392456037449e+02 1.076660778029138186e+02 9.774576332487463048e+01 8.947917723031977744e+01 8.291192589723328865e+01 7.213328594840817232e+01 5.219444733134591985e+01 6.792980968651230000e+01 6.984688881813998762e+01 4.987862235519926912e+01 5.749040313165131977e+01 6.747666942206116403e+01 8.723350535783255566e+01 7.672291053910429071e+01 5.687556539712288384e+01 6.893696734744085575e+01 7.714460357138185032e+01 7.573371538167506856e+01 5.450250143087822607e+01 3.974275431849095952e+01 3.691527982136318542e+01 5.665715107408995976e+01 4.384609857625418528e+01 6.378424973969281808e+01 7.849509516922273633e+01 9.046475601021901980e+01 8.214720185184701506e+01 9.047006338646320955e+01 1.008942934698022924e+02 1.026440059048648266e+02 8.319261438571383849e+01 7.262054440198366478e+01 6.771743914949432508e+01 8.730490005496110939e+01
9.311264806868592814e+01 8.382505069155892841e+01 9.537090634817850798e+01 1.152621501223912048e+02 9.935116321342418644e+01 7.960719124721549633e+01 6.977742323106249955e+01 6.314391950903522854e+01 5.708503321983258871e+01 7.213328594841009078e+01 8.036331585187797089e+01 7.256063721989180237e+01 5.261919205244409170e+01 7.256063721989197290e+01 8.559314198693044773e+01 9.550137079599730328e+01 8.493417800542762564e+01 6.837595038972045813e+01 6.837594928194000943e+01 8.812259529934054569e+01 8.381761658090478306e+01 7.184977096731205393e+01 5.874081922902880848e+01 3.872585857467111481e+01 3.796660902407668914e+01 5.775966564280805926e+01 6.679325179892623510e+01 7.839115592708063218e+01 7.246903994728272380e+01 6.170925996822668225e+01 7.211814662866770220e+01 9.241134345900739788e+01 1.001870250430289815e+02 8.059997177157082149e+01 7.290013023226977396e+01 6.469619978913564751e+01 7.615635607568090393e+01
7.312779387749220916e+01 8.207775637171329208e+01 9.621450847903852832e+01 1.161041338303060684e+02 1.076660778029138186e+02 9.774576332487463048e+01 8.947917723031977744e+01 8.117133477670208208e+01 6.137924806459934501e+01 8.117133477670208208e+01 8.513338575394979557e+01 6.667424664751143837e+01 5.544522001178833648e+01 7.536349728290717565e+01 8.749611654622667345e+01 9.575846471726129039e+01 9.635669459638509693e+01 8.812474220571458261e+01 7.977824071867358668e+01 9.632872994221749252e+01 8.597219906681712587e+01 6.613612928243877320e+01 5.204827368487470807e+01 4.057968865177798534e+01 5.776557882418821777e+01 3.904906983791966013e+01 4.405525528656330181e+01 5.865498459495826467e+01 5.138018356173827783e+01 7.246903994728272380e+01 9.047006338638679779e+01 1.004488685388923557e+02 9.708483341587010784e+01 8.059997177170249927e+01 6.084778598925405646e+01 8.059997177150543735e+01 9.255434889072051874e+01
8.581525944131171002e+01 1.013592796973595682e+02 1.020399504658639387e+02 1.219187547520533883e+02 1.150262653182290222e+02 9.506555287087773820e+01 8.114475227212749076e+01 7.131433832266097284e+01 6.740421324332477582e+01 8.711408458699085600e+01 9.299427808022780084e+01 8.070758419377766302e+01 6.182261428281974247e+01 6.020454622359842745e+01 6.776478900381341930e+01 7.914764172661894293e+01 9.890034523326664839e+01 1.077468785051492688e+02 9.952119563471680408e+01 9.259963118754549782e+01 8.121689725114303826e+01 7.302883995295398734e+01 6.239750992065258828e+01 4.249396084211220170e+01 6.237989357004521906e+01 5.784093516815608638e+01 4.014700932486272933e+01 4.365564866587519788e+01 6.417394851779772580e+01 8.078886306938051121e+01 9.157979010903775929e+01 9.708483341587010784e+01 7.830784406148504218e+01 7.807144125489499231e+01 5.826583545635865846e+01 7.794849752612427096e+01 9.442542040043052509e+01
7.560485727397279732e+01 9.557090951161423220e+01 1.113294420830115143e+02 1.120558456451139477e+02 1.203290718683394118e+02 1.092334913756313171e+02 9.102833123086013245e+01 9.102833123075986066e+01 7.398918588284738007e+01 9.367653393907345105e+01 9.237453977036059882e+01 7.249707243076129259e+01 8.174958655586218015e+01 6.400946086627573095e+01 8.377341128144055915e+01 9.575846477293272585e+01 1.072182376315316787e+02 1.092003970499179388e+02 9.779763117341407508e+01 8.440716414465995854e+01 6.471774116549772771e+01 5.328920739348035340e+01 4.874396329998006649e+01 4.469199742653874097e+01 6.461555336835915853e+01 6.788913196200230971e+01 5.421995412312712403e+01 4.127487865894872243e+01 6.120532394990533476e+01 7.059580474734570998e+01 7.181923772476952195e+01 8.580854873278956063e+01 8.021944481748060696e+01 6.236986429868802873e+01 5.574874002444417442e+01 6.730897776932501131e+01 8.673774877739020894e+01
6.901070415288980087e+01 8.315013445684844839e+01 9.790290773874231434e+01 9.204062844043100711e+01 1.120558456451139477e+02 1.192785289918043787e+02 1.077123716918136438e+02 8.786269958262002433e+01 8.786269958262001012e+01 1.019629699439567077e+02 8.653009870088689581e+01 9.237453977036059882e+01 8.807280849404786238e+01 6.837049532459286638e+01 7.651899438136497622e+01 8.786532999038033154e+01 1.077190893710099289e+02 1.009666197044259093e+02 8.126943899606362720e+01 6.999663942818389728e+01 6.128183470816298239e+01 7.303947048745223469e+01 6.686185770877892764e+01 4.693636018694329692e+01 6.686185770877892764e+01 8.225639455173480030e+01 6.864134944572482766e+01 5.371442192970636142e+01 4.241760712952942214e+01 6.237604104747752132e+01 5.773691531053004411e+01 7.719149690607923731e+01 6.901897128979490503e+01 5.230519583012394946e+01 7.225054727248644326e+01 7.137241189802838903e+01 7.269289474859391476e+01
7.570099831327031836e+01 8.719718771365366194e+01 7.787435522832021206e+01 9.790294983276088203e+01 1.140657326290909026e+02 1.223358343806288815e+02 1.160632403823860699e+02 1.077123716918136438e+02 1.077123716918136296e+02 1.148510350218034972e+02 1.005972265743180714e+02 1.066055225144781247e+02 8.677956431916193480e+01 7.291193262719647805e+01 9.258645303104913182e+01 1.045603801442631351e+02 1.160782608807487009e+02 1.035727377045746636e+02 8.401288183056826142e+01 7.309454747597317237e+01 8.080924907262451029e+01 7.068258389915575890e+01 5.031161303916135097e+01 6.580526748834027728e+01 6.109649247698310148e+01 8.094404644687605810e+01 8.003993802045806660e+01 6.792242808384844466e+01 4.738028255169032121e+01 4.357639304213573439e+01 6.355681240477562000e+01 6.584795353147019625e+01 4.903915039206138715e+01 6.812918985465739752e+01 6.950519174112572784e+01 5.138112670709027441e+01 5.270937928053395893e+01
6.085729476678326222e+01 6.718133334425478154e+01 8.719718771365366194e+01 9.991394119353627445e+01 9.405207724894873422e+01 1.140657326288450690e+02 1.106370768208490603e+02 1.023975720962403386e+02 9.983873930555644449e+01 1.080672149396847317e+02 1.206968455215203164e+02 1.066055225144781247e+02 8.677956431916193480e+01 9.258645303104913182e+01 8.167219005075293126e+01 9.556812568180411915e+01 1.155349641257716229e+02 1.118035105499988759e+02 1.004580338843753964e+02 9.126724644716306045e+01 6.848705220619061151e+01 5.380771198376990583e+01 6.938754708570658636e+01 7.702186802351279482e+01 8.074783451273412993e+01 8.912243249977119319e+01 8.796065242226333680e+01 6.608333731496713881e+01 6.498583675440528395e+01 4.534552573947406984e+01 4.490488511464528187e+01 4.585097153627344113e+01 4.690530589235255121e+01 4.820439012610596308e+01 4.951166852125348328e+01 6.951279445878783747e+01 7.269290056847705728e+01
8.086760714551854790e+01 6.752330587167008957e+01 7.355080809626221594e+01 7.987876594529018348e+01 9.405207724894874843e+01 1.140657326293453480e+02 1.023975720975470267e+02 8.292134971328907511e+01 8.041736422239786464e+01 9.677921119557983332e+01 1.102386297489316291e+02 1.149611247523205861e+02 1.066055225144781247e+02 1.097490167056649994e+02 9.556812568180411915e+01 9.556812568180411915e+01 1.155349641257716371e+02 1.181626177418969235e+02 1.101584306981155805e+02 1.004951308091877138e+02 8.255074480619667554e+01 7.365433424356092473e+01 5.748563623772188436e+01 7.700993818155882309e+01 8.130882173090564891e+01 1.003210447903968259e+02 9.631709427686239167e+01 8.098622649585799138e+01 6.117275270741917836e+01 4.713623908794380668e+01 6.489478641617317578e+01 6.479609916243589396e+01 6.177278294790321667e+01 4.951808684469529709e+01 6.950260103803839229e+01 7.773032783440920923e+01 8.786260290710551146e+01
9.582641681498216712e+01 8.167455362034961297e+01 8.386565187337038196e+01 9.991394119353429915e+01 1.081939559819279282e+02 1.088691793360704168e+02 9.758549592159512542e+01 8.862580317177183531e+01 6.956303991683702748e+01 8.259762813495534317e+01 1.011974398518340195e+02 1.028109326892949156e+02 9.867333413979775969e+01 1.069770619458567182e+02 1.155349641257716371e+02 1.155349641257716371e+02 1.239299077295139568e+02 1.101584306981155805e+02 9.123780192570501413e+01 9.480471439093248875e+01 7.694894867194506105e+01 6.413605096316184984e+01 7.700993690030922778e+01 6.202152516890709677e+01 7.574535193369405306e+01 9.474023441068563045e+01 9.115564648979523099e+01 7.930693320776457256e+01 6.880153970804623498e+01 4.896011814611221524e+01 5.388387291890839492e+01 7.686941064871233209e+01 7.599412835227504104e+01 6.951548570533763893e+01 5.217216163827718844e+01 5.981635825533894035e+01 7.964712359301059053e+01
9.285570210464442198e+01 1.016996132166062807e+02 1.038876543386809317e+02 1.121651255729202603e+02 1.079373085761116613e+02 1.006430885979499976e+02 8.122991255150081713e+01 7.032872617313663000e+01 6.368096438656627356e+01 7.382836638913204297e+01 9.302541033002218285e+01 8.309173370773579848e+01 7.906152279009209849e+01 9.558059080813841035e+01 1.069770619458560930e+02 1.091392080114632392e+02 1.174176009902234910e+02 1.076817293081786318e+02 8.879855889821266146e+01 7.790673943883433594e+01 7.151432084668921618e+01 8.331895558600150764e+01 8.452586301922012524e+01 6.542241960829622371e+01 8.452586450171914123e+01 9.390543211704928694e+01 8.153150758851198532e+01 6.511453674456681995e+01 5.162740073650270745e+01 5.687019871432594442e+01 7.418436725100789886e+01 8.732124065221852049e+01 8.806540830171894640e+01 6.830281050791448649e+01 5.412276256190271795e+01 7.409114138728179455e+01 7.387822285998667837e+01
8.321241653604185728e+01 8.832658492049098697e+01 9.652758105086060425e+01 1.019759333774583752e+02 8.748799814871638603e+01 1.019759333774583752e+02 9.257961701512323316e+01 7.735108958836606519e+01 5.839865441635860321e+01 7.735108958836606519e+01 8.258834630705042912e+01 6.982901285796786794e+01 6.840087294191671674e+01 7.906152279009209849e+01 9.867333413979775969e+01 8.954540139698512746e+01 1.060388231548153897e+02 1.156707261979208994e+02 1.047002098352058539e+02 8.701686442233520324e+01 9.050249898905121881e+01 9.397422623712910195e+01 7.507750259219092470e+01 6.948264959246557737e+01 8.835822566735269845e+01 8.570130085168050016e+01 6.593474017754583372e+01 5.435240069808477159e+01 7.150838479342046128e+01 7.641373999779133896e+01 7.066711714203856332e+01 9.028731483409201530e+01 9.130381188334278875e+01 7.216910581909581879e+01 5.611894249543189517e+01 7.606067018735139129e+01 9.359666878768183551e+01
7.474610733439432408e+01 6.912088933472928431e+01 8.832658492049098697e+01 8.869656325449794565e+01 7.343646389219823334e+01 9.295096069718836418e+01 8.447107091938970314e+01 6.543820379004553445e+01 5.436198920095437614e+01 7.347920315369799482e+01 6.210856739618425593e+01 5.944111473572842641e+01 7.787566125983286724e+01 9.208886112972126625e+01 9.530399657589052254e+01 7.849310470076764545e+01 9.732810214088748069e+01 1.060388231548413955e+02 1.139460558776155494e+02 1.059455785213221191e+02 1.048565072935362537e+02 8.600784360159451580e+01 9.231533665666187005e+01 7.364430442077519956e+01 9.231533665666194111e+01 9.115454883087328142e+01 7.280177216987087263e+01 6.252309632781565796e+01 5.730880070814357907e+01 8.068724780037123878e+01 9.028731483404398261e+01 9.849862685028071496e+01 8.834696729162472195e+01 6.916125534119943552e+01 5.816445704144753392e+01 7.807493576267367530e+01 8.109032143836813589e+01
5.591917415958967297e+01 7.474610733439432408e+01 8.297448295833001453e+01 6.879500711959464354e+01 6.473322045421470250e+01 8.451485545647180686e+01 8.343504773022269205e+01 6.433738287716825255e+01 5.058224670906937348e+01 6.509264459721026697e+01 6.703687734083133876e+01 5.419132829708816246e+01 6.497633939148776960e+01 8.390032706177933619e+01 7.601577197988235923e+01 7.002012934524677235e+01 7.849310470076764545e+01 9.207325134146832113e+01 1.117168169043193728e+02 1.204220275431662373e+02 1.013582364468899328e+02 1.048565072935363105e+02 9.652536609305761317e+01 7.804778784413022663e+01 9.652536609305761317e+01 9.019889319069200440e+01 7.338270521996322771e+01 7.816200153825418795e+01 5.946047517706508501e+01 7.353365627273218763e+01 9.319436718286608823e+01 1.019588459392085582e+02 8.265022586778397340e+01 6.901328167271121572e+01 7.807489005891812894e+01 6.125876564823928305e+01 8.109035704663536137e+01
