LEM/sinusoidal_perturbations/elevation_000950.asc
nrows	100
cellsize	150.0
xllcorner	0
ncols	100
yllcorner	0
NODATA_value	-9999
[rows 34 to 50 of 100, columns 0 to 36 of 100]
2.064481644892168701e-03 1.414420010537596717e+01 3.414420010537666883e+01 5.020127202527418575e+01 5.089506225128525330e+01 5.089506170173497424e+01 5.917928627603193092e+01 6.748787448630461938e+01 4.789890155934759264e+01 3.381972510779416297e+01 4.103342042039487580e+01 3.420993351722441389e+01 1.925391414130919543e+01 1.305292175791027809e+01 2.309499067212456680e+01 3.167937787112142090e+01 3.093655896708604658e+01 3.439244476520124749e+01 1.486028555627897418e+01 2.333587112543026265e+01 3.788190649255092524e+01 3.957784674493517940e+01 3.460380376711504624e+01 4.524216076903589823e+01 3.171767390226106187e+01 5.172629249551510355e+01 5.069993997561850563e+01 6.059333220345418880e+01 7.437561411806055389e+01 9.379707817738074027e+01 9.010895645276285393e+01 9.420414635621320087e+01 8.016516979079338512e+01 6.353309362612189659e+01 7.348703407604052984e+01 5.337042696995054314e+01 7.348703407604052984e+01
2.905961989428186391e-03 2.000290596198907167e+01 2.191700279702309828e+01 3.203888148689748050e+01 3.089506233202624941e+01 3.089506233185635509e+01 5.089506115315906953e+01 6.105253695488583077e+01 6.178772501626001201e+01 5.363637867753605093e+01 4.712355626291728328e+01 2.878153809805193930e+01 3.549122246755184307e+01 1.531073467258412002e+01 1.349710671035991894e+01 1.380702896034076765e+01 1.411413794186891835e+01 1.441929170272632987e+01 1.535090330592610819e+01 1.655178523771099819e+01 1.800188815170432122e+01 1.953477728114404499e+01 2.109918794762178962e+01 2.534616733257798771e+01 4.531739653743974827e+01 3.997032130739530942e+01 5.154579067808052883e+01 7.116229320199563801e+01 8.813461144739785880e+01 8.445427279013766508e+01 7.072371160798101641e+01 8.445427279438322898e+01 9.163960501703782313e+01 8.345669934192885364e+01 7.950025868169429089e+01 5.955664888460783857e+01 7.950025868169429089e+01
3.542675937824442140e-03 3.852544470535321786e+00 7.774867173298986245e+00 1.203888150041115956e+01 1.675292670832139308e+01 2.382399452018699293e+01 3.276826643018646479e+01 4.691040205430084598e+01 6.691040275384004588e+01 6.041407534684080360e+01 4.161844302601605960e+01 4.161843831721292020e+01 4.696616897903911081e+01 3.708516886793326961e+01 1.953815468430337532e+01 1.882447938601265136e+01 3.414804460014629939e+01 1.834737803618723007e+01 1.833488038119028829e+01 3.644584593089253843e+01 3.810943672980923935e+01 3.958808738856922815e+01 4.110351352126329516e+01 2.349499105906037855e+01 4.342345281457428996e+01 5.433287798424001380e+01 6.792935786101561746e+01 7.923234725235765552e+01 8.202472548355910931e+01 7.405349060005616479e+01 5.702540762504302307e+01 7.578103122467216224e+01 8.824784529424223933e+01 9.632148752402392233e+01 8.648568916347927882e+01 6.672790811076980333e+01 8.648568916347927882e+01
3.411803931810562015e-03 2.000341180393145635e+01 2.777486716608165551e+01 2.618101712412840243e+01 2.829993209211370342e+01 4.382399454616849255e+01 5.210826809538281879e+01 6.105255620777476366e+01 6.848208168971751775e+01 6.867596970561660896e+01 6.041407534684079650e+01 6.041334737158085488e+01 4.979131653203159402e+01 2.918020337645583240e+01 4.007514890346433845e+01 2.406650197781801737e+01 4.401168007104046609e+01 3.257864633791989917e+01 3.686106554456615925e+01 2.311698103918488556e+01 3.469058227554801732e+01 5.414355089468185867e+01 4.641242713426433397e+01 2.653603186557321436e+01 2.633609391030852720e+01 4.622032039904774336e+01 5.717205381436350820e+01 7.102220287406856869e+01 7.094655170447337866e+01 5.480245231192203192e+01 4.826574343991125460e+01 6.773645732471798908e+01 6.887766800577907134e+01 8.511759512204143618e+01 9.463234096343600754e+01 7.817865528167416755e+01 9.463234096343600754e+01
3.327314952832964925e-03 1.414546293868390769e+01 3.414546293868460936e+01 4.618101707803661782e+01 4.829993203609949859e+01 5.658419822010128541e+01 6.679640609252858496e+01 5.851218416544201517e+01 4.854228664116680392e+01 6.266110108465687745e+01 7.547697123031673527e+01 5.574453742558937819e+01 4.120237180010635569e+01 4.979131663788192697e+01 3.416723021690518181e+01 3.416723021691049667e+01 5.219758915223877693e+01 5.564392035688022986e+01 4.639352079929736306e+01 2.670270826878732606e+01 4.639352081122587634e+01 6.209501193291092136e+01 4.943709690186047823e+01 2.961970502805529648e+01 4.622032039904875234e+01 2.920945150131542434e+01 4.332190475825209575e+01 6.008296755309614667e+01 5.893341117635613813e+01 4.343844625860225506e+01 6.301551145981387236e+01 5.372433002306950556e+01 5.771245424171678451e+01 7.706446822249725415e+01 9.176583257634123925e+01 9.783330847612319303e+01 1.059837049614792051e+02
6.779948344387334673e-03 2.000677994834403250e+01 3.983222832401217062e+01 5.396143242732200918e+01 6.224569236835899488e+01 6.289179387470502292e+01 5.851218416544201517e+01 3.858429929768821154e+01 3.445956588607972293e+01 5.269035269510807495e+01 6.418647806248925747e+01 6.959278413230404681e+01 5.574453742558937819e+01 6.142351740497375090e+01 4.174608906392411711e+01 5.396180244187837616e+01 5.396180357689289053e+01 6.360484840557644048e+01 4.440879197092214525e+01 3.044177059454066381e+01 5.003118352189320461e+01 6.636865562437301946e+01 4.681146391545222940e+01 3.277783513330811616e+01 5.253963270721224887e+01 4.907248592259299613e+01 3.216246388842198201e+01 5.199691640020459005e+01 3.924837013485240078e+01 5.893341117635614523e+01 5.480802603897195979e+01 7.311425490227000523e+01 7.706446822249513673e+01 6.435445615082851134e+01 8.369990112446072317e+01 9.938359419415766638e+01 1.106285883374462600e+02
9.516927588586143695e-04 1.154795707655127401e+01 3.154795707655091874e+01 3.396143213361127522e+01 5.069869148048820762e+01 4.308415710392907982e+01 4.308859545951484904e+01 3.659247487913896890e+01 2.446508918900413221e+01 3.600011449663402630e+01 5.592084003798789382e+01 6.871504568097027743e+01 7.547697123031622368e+01 6.953602426722730456e+01 5.316719851644047168e+01 6.953602426722683560e+01 7.351208777464907485e+01 6.742259954813845013e+01 4.833378924606065397e+01 3.445682825445183539e+01 5.392477233875518294e+01 6.957985611775002610e+01 5.008400176710993890e+01 3.611263400647298027e+01 5.579420530138713730e+01 6.008258198226887004e+01 5.199671037295509279e+01 3.521343469758526368e+01 5.499640296444372467e+01 6.699316734228999337e+01 7.422714503355867066e+01 6.854597786227780887e+01 8.794269586857508614e+01 8.369990112446072317e+01 7.191737585881470807e+01 8.308409052580380205e+01 1.025324523670856678e+02
1.945935296826602993e-03 2.000194593529647236e+01 3.086742141831469510e+01 2.241442674951062486e+01 4.241442687395552724e+01 4.116344521019676961e+01 2.315846779508877162e+01 1.660425896295673809e+01 3.657540593603909684e+01 4.339496300885483038e+01 4.054020025277544903e+01 5.462762355842495765e+01 6.583741126788304143e+01 7.410766253325439834e+01 7.273630107186676241e+01 8.082854936877332364e+01 7.695768026141284679e+01 5.798562965413645287e+01 4.690497011629300772e+01 3.946211201235257704e+01 5.874565911420885556e+01 7.297114817773517359e+01 5.353091077618773141e+01 3.964585273854417835e+01 5.922482448322467974e+01 6.880318495975622284e+01 4.927747090935390872e+01 5.499640296444372467e+01 4.041558476059773142e+01 5.437457202607562579e+01 7.382527773628477519e+01 8.794269586857632248e+01 9.602119452380583198e+01 9.938359419415766638e+01 8.308409052580525156e+01 8.560564247162079710e+01 1.050608315476536063e+02
5.600688922766023682e-03 2.000560044497077072e+01 1.086742136570285311e+01 2.578642804748723805e+01 2.781712042540256746e+01 2.990589823868964459e+01 1.314635785779891997e+01 3.313925332910498867e+01 2.057302493624844431e+01 2.343927895812140605e+01 2.643240982384091353e+01 4.637166861415844465e+01 4.592702545585312635e+01 6.186209315846686962e+01 7.012978920591747567e+01 8.010253845303991227e+01 8.497113615127918251e+01 7.395434915821545019e+01 6.384504558292506005e+01 4.476488853391931855e+01 6.384504558303731869e+01 7.658148268404967496e+01 5.718577418357302378e+01 4.339987993678368383e+01 6.286664567744511345e+01 7.686227333347483182e+01 6.880320633950817921e+01 6.383574217860444833e+01 4.427643344643678347e+01 6.383574264307664947e+01 7.950823366285831639e+01 9.431635193905779602e+01 1.024061516882243694e+02 1.106286310041779757e+02 1.025324529049560169e+02 1.050608315476536063e+02 1.131615459166944788e+02
8.215197286175309616e-03 1.898037562332313355e+00 3.796353553837315431e+00 5.786427934257302397e+00 7.817120264524549000e+00 9.879965645579533273e+00 2.990589823868964459e+01 3.546001870336797168e+01 4.054927353649254229e+01 3.756601688507454639e+01 4.637166861415842334e+01 3.097236344042116585e+01 3.445264069179028610e+01 4.196615944811846077e+01 5.189534393676491675e+01 6.598050638207021734e+01 8.594797452940690619e+01 7.932105084892776858e+01 6.036689276990026087e+01 5.163508429422871160e+01 7.052289515306433998e+01 7.794294647656934671e+01 5.859398056917618192e+01 4.741310094405248066e+01 6.109977927680419896e+01 8.046532330533783295e+01 7.299013138533885581e+01 5.357074028663338083e+01 5.815065753709254892e+01 5.202773630273142658e+01 7.145622145928169289e+01 7.490347009321519067e+01 9.431635143095287788e+01 9.895720984116847774e+01 9.070309356633349296e+01 9.895720984138803544e+01 1.149521727453739999e+02
2.613274238814250559e-03 2.000261327423845970e+01 2.379635362611215754e+01 1.992856355863990103e+01 2.781712042540256746e+01 1.781866608178712852e+01 1.887121324489929464e+01 2.719745489449887188e+01 4.812675858390773698e+01 5.748208885009461255e+01 4.722512123190696798e+01 4.504801713221935699e+01 5.434213701195916002e+01 4.058990130935966789e+01 6.048051306549246675e+01 7.615474623654210973e+01 8.443034913836628164e+01 8.734725168070416146e+01 7.848181750208561880e+01 6.108749526103648719e+01 7.848181750208519247e+01 8.604033328542952574e+01 7.164450731219331203e+01 5.241557100454443940e+01 6.321537777609943731e+01 8.259615031579110678e+01 8.031281991444134860e+01 6.093880713860051657e+01 7.756075220918893365e+01 7.145622145928169289e+01 6.121503423706557356e+01 8.058937167175326977e+01 8.978428060676296241e+01 8.150428488500145363e+01 7.058349085203492734e+01 8.892558528804991624e+01 1.034540167323443285e+02
7.532853315450405325e-03 1.414966847704652508e+01 3.414966847704722852e+01 3.992856438440280442e+01 4.446733992381866329e+01 2.690932806861015791e+01 4.022164806245920943e+01 4.003307774029494226e+01 4.201150073516818395e+01 6.289029701974326514e+01 6.129814335902056399e+01 6.495903741836986001e+01 6.874715240531351412e+01 5.051627976820531529e+01 4.808980591994749432e+01 5.620285121456814892e+01 6.771250425952584351e+01 8.768706324204102032e+01 8.799508824365054238e+01 7.995829504509973162e+01 8.799508822725336188e+01 7.875609372369284245e+01 6.315727342896889240e+01 5.965702545855061345e+01 7.892840359290681818e+01 9.070866142392877407e+01 8.837777759771165620e+01 7.211324847336506139e+01 8.837777759771165620e+01 8.865482602989521865e+01 8.058937167175326977e+01 8.865482602989521865e+01 7.816539578920014719e+01 6.132394142356392308e+01 6.045679981550151183e+01 8.064329220918403962e+01 9.360449617698422742e+01
6.101047412966256744e-03 8.950372957412046304e+00 2.049737834120431046e+01 4.049737818681677481e+01 5.407013546988449093e+01 4.569224965065959765e+01 5.407013546988449093e+01 6.159846743628516208e+01 6.289029701974326514e+01 7.132173966461439818e+01 8.124814798485328993e+01 7.702824857007936998e+01 7.871794773329726524e+01 6.459700087033630211e+01 6.216271244592155654e+01 6.067319319687060641e+01 8.063329774157691077e+01 9.596395602180473361e+01 9.318324300297697960e+01 9.536896439825216021e+01 1.034527113722811436e+02 9.016743868952040941e+01 7.394796649799104671e+01 7.323886816984955317e+01 7.535992846771557652e+01 9.480629705982246946e+01 8.879095382154721960e+01 9.151364280309690002e+01 9.959864287483802059e+01 8.857872220589834455e+01 8.028355073592075541e+01 8.077565770826096525e+01 6.985299270526853377e+01 4.964819020844476682e+01 6.985315815520142735e+01 8.649878992601857419e+01 7.350652387627452811e+01
6.842009524227352091e-03 2.000684200952387215e+01 3.723463976873830461e+01 4.878163191643881902e+01 5.295308816266634722e+01 4.709458798361947629e+01 5.001204187147541802e+01 5.302734002459812501e+01 5.618984377999294821e+01 5.751699795526526060e+01 6.580237481813827571e+01 5.702482818097588080e+01 7.116911697270806769e+01 8.456245283992966222e+01 8.212461794879091315e+01 7.478212203146968307e+01 8.890937819100997785e+01 8.725750860327299563e+01 7.306688878401105569e+01 7.386683009402297273e+01 8.978518380243002639e+01 1.013572192811279677e+02 9.321872513526027149e+01 9.266415717485413950e+01 9.480629705982246946e+01 8.293813677809799856e+01 6.878320266585244269e+01 7.354123860095964460e+01 8.183534412424030791e+01 7.695227875284317065e+01 6.011081849884663342e+01 6.062655593628874584e+01 6.062677294356581115e+01 4.421111676802995305e+01 6.445314560674563609e+01 6.634544825299617798e+01 5.918437262971786339e+01
1.934550753332892102e-03 2.000193455075297777e+01 3.595614011122165010e+01 4.424041135874912101e+01 3.295180590297376710e+01 2.709367375988744442e+01 3.001098560599740495e+01 3.302611483730620989e+01 3.618841382822611763e+01 3.751553032550047106e+01 5.023333339149986188e+01 4.288171741462393527e+01 6.288369436601769280e+01 7.203015938822497333e+01 8.203179603946841780e+01 9.475928549674586066e+01 8.187987599193635901e+01 7.356767406939509613e+01 5.860970798121599756e+01 6.063027992245803688e+01 8.144795277250356946e+01 8.950814341884166936e+01 8.120997959015488732e+01 7.858813808758502262e+01 8.689736880201688507e+01 7.464333730306245229e+01 5.463073524310158291e+01 5.352742239236503963e+01 7.027868347061736642e+01 6.863640474147194936e+01 4.838909103174437121e+01 5.694639840413144327e+01 4.029662834659313830e+01 6.062776069859425832e+01 4.876635438662837885e+01 5.204650944142090196e+01 7.224822536545504192e+01
4.364784840791047053e-03 2.000436478484043690e+01 1.595614011122094489e+01 2.668834625662145044e+01 2.902942161883474981e+01 1.295149190293238561e+01 1.586879173180565239e+01 1.888390517287171733e+01 2.204618281047440931e+01 2.596850528463858510e+01 3.023251805955303340e+01 3.557773113662892683e+01 4.374264900084106955e+01 5.374289564323581203e+01 7.374637941331050683e+01 8.782166956647851919e+01 6.766395224389692942e+01 5.321680902029262228e+01 4.819597201074069659e+01 6.878427185986450354e+01 8.274228476249911068e+01 8.120997959015488732e+01 6.069146653644491352e+01 5.799935714803029896e+01 7.509976509267362133e+01 7.613694997362367189e+01 5.612485098956882723e+01 4.179107022088926726e+01 5.406505245155734229e+01 5.162577691352577602e+01 5.348594936763454655e+01 3.647135357243360687e+01 5.694639840413144327e+01 6.772589387652843129e+01 6.897105118482510022e+01 7.224787875277604599e+01 5.897045680549756952e+01
5.219006137575642711e-03 2.200504205931387069e+00 4.409134727428327238e+00 6.688346256621096053e+00 9.029169200543687879e+00 1.387988708929769288e+01 3.389677524442468126e+01 3.888433806262440839e+01 4.204669702767085226e+01 3.099044591940146276e+01 5.023333339149986188e+01 5.557885990607135085e+01 4.712482102758892921e+01 6.712729177865965369e+01 8.203179603946841780e+01 9.367123187677971430e+01 7.356730217344546929e+01 6.268975838906222009e+01 4.209868562368973954e+01 5.409361056279541202e+01 7.443231469442913806e+01 7.980649836728825619e+01 6.670119987001194772e+01 4.591437828158684908e+01 6.012782638740152663e+01 8.064448341291732447e+01 7.027864592126056209e+01 5.406505242721571847e+01 3.354913820912170763e+01 3.088638097984496866e+01 3.283642847868759418e+01 3.591611827149578318e+01 3.901842819844623733e+01 5.938543209928492672e+01 6.703182153793400744e+01 7.536179567454439621e+01 7.918005560262461984e+01
