LEM/sinusoidal_perturbations/elevation_000622.asc
nrows	100
cellsize	150.0
xllcorner	0
ncols	100
yllcorner	0
NODATA_value	-9999
[rows 68 to 84 of 100, columns 0 to 36 of 100]
5.009162696260268353e-03 2.654073876826353207e+00 5.326686295950608496e+00 8.127246464006651294e+00 1.107608558710461999e+01 1.419956082487712656e+01 1.905027332785152083e+01 3.905094992900193063e+01 5.169363988302642099e+01 5.836101492638609045e+01 6.664734907141610165e+01 7.664948160240287223e+01 7.211272426232142152e+01 5.207368953902633990e+01 4.048550435966500061e+01 4.448744157450227732e+01 5.862584154995747099e+01 6.691648885237925981e+01 6.583462371908137811e+01 5.806833190761298624e+01 6.205870614448095779e+01 5.544758686609054621e+01 3.667568332526886365e+01 3.488823843150156989e+01 2.944124608619690520e+01 1.564738259012012023e+01 1.223688460092094310e+01 4.653095879038171034e+01 5.660565222514269124e+01 6.190368525920674614e+01 4.151099226426105560e+01 6.190397708892442097e+01 7.404555290620912444e+01 6.037376465045957730e+01 4.030258525474573617e+01 2.784795381680708815e+01 2.081692559906074536e+01
4.695337527364121070e-03 2.000469533752700713e+01 1.687292046241896770e+01 2.810111813243706891e+01 2.262311066126374115e+01 3.420007332915319864e+01 3.905094992900193063e+01 2.660956465087436840e+01 3.327624082146667917e+01 4.327640660305427645e+01 5.482429143429512663e+01 7.482905816294065460e+01 7.349971779248112114e+01 5.346223051764638257e+01 4.187582781348655203e+01 3.290166957509489265e+01 3.856996312267571625e+01 5.534409563239761098e+01 6.450559636838413269e+01 6.404064799433345456e+01 5.565500447045732813e+01 4.237153637877450763e+01 3.406001687528745947e+01 3.082192107109476709e+01 1.135503858730307059e+01 1.172538483541233667e+01 3.411695214243274421e+01 4.959323341924324779e+01 6.291721495680299370e+01 7.020878059881815147e+01 5.326141200791821717e+01 7.021388540228817021e+01 7.613534749574333205e+01 6.448483361814881221e+01 4.789382595970171508e+01 2.792142813622719899e+01 4.072025218096892729e+01
7.614146464036155443e-03 1.998111711169351068e+01 3.680673432129464828e+01 4.495826123417020881e+01 4.262408729540165808e+01 5.090977457020593278e+01 5.489649096747789514e+01 4.661064937720081502e+01 4.661064937720081502e+01 4.741895501443809735e+01 6.742248621384581497e+01 8.311569177846524781e+01 8.178150086661281648e+01 7.022020715946329972e+01 5.862589521076026244e+01 3.856996312757352285e+01 2.701901714728727910e+01 3.616897523451873298e+01 5.033719058570287075e+01 5.565500447045732813e+01 3.561516184825047304e+01 3.406001673543554631e+01 1.520273763994682703e+01 1.082034636346338452e+01 2.998587241673205739e+01 3.143325688366877202e+01 2.150597262389944930e+01 3.351253710294688659e+01 5.435465641883699561e+01 7.438008093644845076e+01 7.371007164990014360e+01 8.190936212018353046e+01 6.781189456300188567e+01 4.759753325442237326e+01 3.593944529926789500e+01 4.748866642929193205e+01 2.400487725152461849e+01
2.352828262072654761e-03 1.414448845199314775e+01 3.414448845199385119e+01 3.228370192531411931e+01 3.622882055321578321e+01 4.317937344233877184e+01 5.193893869970970911e+01 6.486837296396751640e+01 6.661395095437549685e+01 6.742248621384581497e+01 7.570899198889122772e+01 8.657600659552188915e+01 6.653741309312273700e+01 6.653741309312273700e+01 6.691721209017947558e+01 5.534447281519338446e+01 4.203154369372163757e+01 2.206736859823932306e+01 3.745781676469637489e+01 4.575166665467521199e+01 4.147121824244278088e+01 2.153376679396136240e+01 2.998168975788354729e+01 1.043388987322731865e+01 3.047286224623678308e+01 3.985899023186848922e+01 4.232117594790122439e+01 3.465873990031109031e+01 4.504369959209510910e+01 5.988142154315214327e+01 8.057848971105784130e+01 7.944214709654313822e+01 5.929795880357927018e+01 4.759753325442237326e+01 5.614112761999714252e+01 5.095551602022771931e+01 2.884554711985179765e+01
6.786455232800275850e-03 2.000678645523244370e+01 2.691478246511753269e+01 1.226015250148517488e+01 1.618284942818991468e+01 2.598232255633827137e+01 3.900950443545227131e+01 5.318918618159680278e+01 5.944866381058987770e+01 6.774213192391464133e+01 7.667758324177547991e+01 8.070668254753412896e+01 6.066830951618665324e+01 4.648864837520826399e+01 5.582089757848310541e+01 6.411733896001713617e+01 5.033719058570287075e+01 3.745781676469637489e+01 1.752465024044247599e+01 3.315898695788033024e+01 3.747008606381312035e+01 2.795770580646776438e+01 9.888451492656709974e+00 1.348905150067832892e+01 1.588514922451778411e+01 2.000487689350527276e+01 4.003801533355761677e+01 5.195193564601696323e+01 5.957973130946615470e+01 6.791732157435737349e+01 7.802259400820470603e+01 8.775142738382221808e+01 7.613534748738241831e+01 6.781189456299746610e+01 6.191753683436535738e+01 4.777157869801531120e+01 2.766341835864018250e+01
3.257643153035955173e-03 3.433229346003205507e+00 6.914782465117177424e+00 2.587557521068876198e+01 3.622882055321578321e+01 2.284132424503659564e+01 2.798094579008005311e+01 3.346069572842307593e+01 3.965445754010121959e+01 4.842120515578255890e+01 6.249286250266642639e+01 8.255888788979905257e+01 7.484112893870467076e+01 5.582089757848310541e+01 3.576876149601536525e+01 4.763412589962057098e+01 5.593437124138744565e+01 4.574845084768113423e+01 3.315898763865813947e+01 1.318630890061788641e+01 2.899505735505992021e+01 9.352667869065051320e+00 1.617839700958470672e+01 3.311360634929526725e+01 3.578771677423195285e+01 4.003660152188017918e+01 2.646212204107328603e+01 3.179753565313096431e+01 3.940327591243525518e+01 4.949796415222903789e+01 6.967611602364331702e+01 8.549520523737365352e+01 7.543660020826153811e+01 6.711294801608019611e+01 5.357229777291166073e+01 3.333633999054455899e+01 4.748411146753451106e+01
1.880098487986705483e-03 2.000188009848763215e+01 2.691478246511682215e+01 3.519905371240297853e+01 5.042619222598319340e+01 4.500730443155000415e+01 4.771748741879527245e+01 5.318918618159680278e+01 5.944866381058987770e+01 6.774213192391464133e+01 7.667758324177547991e+01 7.763728932360663748e+01 6.935222811045740343e+01 6.412489856401833777e+01 4.763412589962057098e+01 2.761604537041413110e+01 4.055632778852186249e+01 3.787960381238244878e+01 2.956922640948041803e+01 2.845021970903388464e+01 8.836897878489232028e+00 2.891141397234469679e+01 3.565271673693255394e+01 2.669796367690375760e+01 4.597226376022899075e+01 5.447927202554916448e+01 3.804445059920834638e+01 5.195253838617981046e+01 4.604739989307002190e+01 6.620880382393707464e+01 7.805437001026717780e+01 7.718072209623633739e+01 5.704517393592422536e+01 4.692115704826787237e+01 3.972988468488313885e+01 5.357229777291221495e+01 5.976329224381239413e+01
2.900726248362994839e-03 2.000290072624800786e+01 2.645207280276500583e+01 2.988204450561592296e+01 3.347415054615180452e+01 3.732315234074937393e+01 4.203719754865977620e+01 4.703719754865986147e+01 5.459648700884466876e+01 6.288075825630730975e+01 7.288075825630821214e+01 6.935222811045740343e+01 4.931330039401073861e+01 5.518256643445091925e+01 4.913430796740839668e+01 4.055632778852186249e+01 2.061255484847865560e+01 2.956963746093873269e+01 8.759810631811150827e+00 8.343188722494765841e+00 2.064470187844313287e+01 2.172275868709470004e+01 4.052535963668714913e+01 4.611654018564207291e+01 4.045606784438905379e+01 5.978262525668444738e+01 5.820429645369638649e+01 6.652194530748509749e+01 6.620880382393707464e+01 7.452659320772626472e+01 9.000432129745024667e+01 8.549520523737365352e+01 7.543660020826153811e+01 6.606424193958407898e+01 4.586543286706560707e+01 6.606424193958407898e+01 6.797736720844946490e+01
5.081304048347549951e-03 3.207644380150096897e+00 6.452072802765361104e+00 9.882044505615567687e+00 1.347415054615109753e+01 1.732315234074867050e+01 2.203719754865906921e+01 2.703719754865915803e+01 3.459648700884396533e+01 4.459648700884431349e+01 6.459648700884572747e+01 6.935222811045740343e+01 4.931330039401073861e+01 3.512276246418078074e+01 2.909384949953703625e+01 2.378913941237278351e+01 1.885953520404067518e+01 1.410528834741606019e+01 2.797651924681189683e+01 7.999921649987431493e+00 2.795223876268826757e+01 3.855674495841812188e+01 3.803557616373360872e+01 5.672608862365408555e+01 5.978283440397157023e+01 6.748072863299147173e+01 6.434541050271826634e+01 6.434541050271826634e+01 8.435148755307920965e+01 8.413554372223597966e+01 7.000677873708524146e+01 8.413554372223597966e+01 8.617541707102820681e+01 6.606424193958407898e+01 5.492914954895343982e+01 7.438898012675210225e+01 7.622295967352739865e+01
4.469920835086939326e-03 2.000446992083473319e+01 2.059420842649656436e+01 2.988204450561592296e+01 2.761628616988230078e+01 3.146528796447987375e+01 2.997226298142241063e+01 4.703719754865986147e+01 3.858420293245207944e+01 5.858420293245278287e+01 7.288075825630821214e+01 7.521260483843357747e+01 5.518256643445091925e+01 5.518256643445091925e+01 4.913430796740839668e+01 4.377827014879074596e+01 3.878096968922265830e+01 3.408034578532522829e+01 2.961600022564386947e+01 7.658608513518199601e+00 1.004967017397559914e+01 3.161540761409193578e+01 5.579452036996486441e+01 5.360310812271199410e+01 5.613466079605511538e+01 5.165930830839496224e+01 4.428691886658349830e+01 6.434541050271826634e+01 7.258413600797193510e+01 6.430339316570618280e+01 5.584049764414329786e+01 7.586392334320534303e+01 9.153240069839584692e+01 8.338867102504447359e+01 6.918686838063212008e+01 8.338867102504447359e+01 7.582609560761176226e+01
2.324776005098761877e-03 1.414446039973617353e+01 3.414446039973687874e+01 4.887847967395946824e+01 4.761628616988300422e+01 5.146528796448058074e+01 4.151926836521533204e+01 5.825653422888562716e+01 5.013120831624500084e+01 6.686847417991597808e+01 7.086781531979060844e+01 5.928446249359126341e+01 5.097887736937037317e+01 5.928446223140458926e+01 5.748439806080732950e+01 4.973260545872751237e+01 2.958376202945274258e+01 2.956370819646334169e+01 2.684870391118885280e+01 7.316775280536741199e+00 1.032989589017041077e+01 3.421168284039148233e+01 4.768047326092446525e+01 3.348833258284314951e+01 3.603659437885651329e+01 3.154456859276286451e+01 5.165930830800171236e+01 5.333145583750480512e+01 5.672649503538843874e+01 4.425680510867800876e+01 5.323293813114953821e+01 6.325147063067676356e+01 7.741632124319311004e+01 9.739413696003158805e+01 8.928242593826924178e+01 8.244109872361457292e+01 6.991663225195911480e+01
8.699724428260374037e-03 2.000869972442790612e+01 3.089447638573424371e+01 3.721903170607146194e+01 4.550330295353366239e+01 5.444757486353297793e+01 6.151926836521603548e+01 6.980353961267923069e+01 7.013120831624641482e+01 7.841547956371033479e+01 6.256873683905568839e+01 4.249451138497740033e+01 3.088715101353520609e+01 4.023939789314617599e+01 3.740061300451838378e+01 3.740083729168687654e+01 2.958377914815259402e+01 7.232069682609760797e+00 6.839024949480090321e+00 1.856833213643025715e+01 1.027975624575747382e+01 3.032673423527701928e+01 3.588559683634092323e+01 1.915621938810436831e+01 2.173450083342798322e+01 2.438894663734583901e+01 4.454767627408793373e+01 3.322575103141303998e+01 3.664117098319152177e+01 4.139743299644497654e+01 6.145383343920733665e+01 7.480534930877834654e+01 8.188469391750712134e+01 9.015080806947653969e+01 8.838595120180639242e+01 6.812546013800336198e+01 5.375922670869864106e+01
2.249585233037712084e-03 5.347474423481548556e+00 1.089447638573388843e+01 1.721903170607075850e+01 2.616330361607007404e+01 4.030543923980152243e+01 6.030543923980222587e+01 5.785920899914001581e+01 6.386845220324708805e+01 6.666252999182913186e+01 5.837085077245389186e+01 5.444265594163290700e+01 3.435621577957810757e+01 2.014504445614410599e+01 3.203573931430652522e+01 1.723587830698082257e+01 2.576347667834698996e+01 2.608670043441534148e+01 6.502332063275396479e+00 2.652490949193990488e+01 3.032558674065447590e+01 1.335477897312320650e+01 1.563411056614592631e+01 2.580311895856473825e+01 4.192318386557829513e+01 4.454766785774437210e+01 2.852560594662052296e+01 3.755512816783216579e+01 5.672649505618103660e+01 6.145383343920733665e+01 4.873739642618083678e+01 5.478159138488633317e+01 6.186127882519481602e+01 7.343240390033348319e+01 9.343072159709566904e+01 7.825564147023331429e+01 5.796699897740344198e+01
2.739267172789772273e-04 2.000027392671692539e+01 3.089447638573424371e+01 3.721903170607146194e+01 4.550330295353366239e+01 5.444757486353297793e+01 5.196895660321316512e+01 3.762410808485341107e+01 4.355083192465382069e+01 5.837085077245389186e+01 3.827710085704413245e+01 4.416242394780106650e+01 4.855128750327816078e+01 3.203591245443981705e+01 1.187076971492519917e+01 6.983977446332743533e+00 5.723548423152839959e+00 6.045823786321766313e+00 8.000194619974628552e+00 8.107765764805680675e+00 2.812466373065947067e+01 3.356243436424685456e+01 3.588559683636391640e+01 3.588559074039584118e+01 4.228410712145535655e+01 5.695289243690756109e+01 4.277989473523532382e+01 4.865697468082489507e+01 5.177045997873530325e+01 7.180539702436131222e+01 6.030695491419247389e+01 7.480534930877834654e+01 8.188469391750712134e+01 9.015080806947723602e+01 1.016843918399566604e+02 8.663354888661841358e+01 7.825564147023331429e+01
8.327778614586212741e-03 8.173293587891917511e+00 1.817329358789209337e+01 3.231542921162354531e+01 5.231542921162424875e+01 5.200049303428376390e+01 4.346316747829337146e+01 2.419929309771915982e+01 4.346316747829337146e+01 4.409441928918414533e+01 4.416242394780106650e+01 2.403891478467392773e+01 3.340593412836425813e+01 3.259197111507140932e+01 1.966278917467641918e+01 5.267919297732901462e+00 2.530859374271375017e+01 7.419676121912594624e+00 2.709209771166407776e+01 2.812466372925738511e+01 9.745769189979487379e+00 2.979210784153291414e+01 3.979710050976952118e+01 5.600014313039809366e+01 6.235962908051683939e+01 7.064009444388315728e+01 6.284550079265058287e+01 6.870617257696225977e+01 7.180539702436099958e+01 8.008019905921864279e+01 8.032590838800753374e+01 8.859357517591152487e+01 8.386721931927853291e+01 8.386721931927853291e+01 9.215086172639966833e+01 1.027724734880213333e+02 9.169025772657293771e+01
6.510866554257996840e-03 2.000651086655390287e+01 3.645756483535482317e+01 4.645756483535298997e+01 5.200049172243326723e+01 3.013437083307972841e+01 3.330077294360540918e+01 1.753412438137969076e+01 2.770843351101801133e+01 2.598295712263930923e+01 3.523071306131866720e+01 3.335139680340924428e+01 1.330701631460368795e+01 2.437305220218884116e+01 4.815153293598192441e+00 1.852290174895956909e+01 3.310988725438485858e+01 1.974651945585771529e+01 3.658359191604507288e+01 2.980504461227165791e+01 2.980504461866086530e+01 1.143159287214440312e+01 3.150123460368743977e+01 4.144650499489663531e+01 5.515042419980393618e+01 6.252680238766554766e+01 6.839701002533730900e+01 7.599044413206244997e+01 6.772492018176431827e+01 6.373104390617356074e+01 7.199093235350675002e+01 7.389525762131805209e+01 6.392329592335764232e+01 6.392329592335764232e+01 8.386721931927853291e+01 9.490593054932462280e+01 7.562669965304344544e+01
8.953482861371391335e-03 1.415110615445573750e+01 3.415340101499384673e+01 3.685776862247692520e+01 3.470882639831505401e+01 2.929010806143260481e+01 1.143253358716187584e+01 2.296032049288703547e+01 8.276334168874148745e+00 1.690126789285951503e+01 1.699608537758448534e+01 2.360439153083730091e+01 2.390844900629997483e+01 4.367934605187596020e+00 2.318227054027659761e+01 3.256757853395615143e+01 4.500887027006297814e+01 3.989221209735786289e+01 4.819930081838640490e+01 4.988626570905987734e+01 3.121324722320374434e+01 2.176450513396334685e+01 1.315012087520360140e+01 2.731644765351199666e+01 4.312461091105622302e+01 4.245369360804852477e+01 4.833297105007985550e+01 6.450906442644743777e+01 4.786692242241283424e+01 4.388044605164096623e+01 5.596162882652997439e+01 5.403187287188178090e+01 4.993471129279064513e+01 6.976473584255781191e+01 7.913943639806856822e+01 8.806397789167334622e+01 9.169025772657293771e+01
