LEM/sinusoidal_perturbations/elevation_000403.asc
nrows	100
cellsize	150.0
xllcorner	0
ncols	100
yllcorner	0
NODATA_value	-9999
[rows 68 to 84 of 100, columns 37 to 73 of 100]
4.605660693170190711e+01 3.357229344876139976e+01 5.269487525323855692e+01 6.426543350767052232e+01 7.357013033427841719e+01 8.164421008350649345e+01 7.966391877231721708e+01 6.133962826928349443e+01 7.966391877231721708e+01 7.592930908406215451e+01 5.631728319404526673e+01 7.592930908406215451e+01 7.726046188703121231e+01 6.041397419204336217e+01 3.995904291123802921e+01 6.041397419204336217e+01 6.929506878750015630e+01 4.969490379026223081e+01 6.929506878750461851e+01 8.341237513615480736e+01 8.512529758275188385e+01 9.084265788261052421e+01 7.854795404830966277e+01 5.877085416932018802e+01 7.504327079617266349e+01 6.690766311897637308e+01 4.925284712185661107e+01 6.901482653714381854e+01 5.405906443312903065e+01 7.389395757296252043e+01 7.827734886974202766e+01 6.147920542285837797e+01 6.377928374960823987e+01 6.611449911580869809e+01 6.850472121949199789e+01 7.146013006631898179e+01 7.448358880895438006e+01
5.497434558081361899e+01 5.269487525573734388e+01 3.730441264920539624e+01 5.635463489229340439e+01 5.479608622046639255e+01 7.357013033427841719e+01 8.968436941918734817e+01 8.135203284896590503e+01 8.968050778491351593e+01 8.405286844792031786e+01 6.766040346042738918e+01 8.405264193427674968e+01 6.895102178920518554e+01 4.892986524531752224e+01 4.345035273769271100e+01 6.359989684947042576e+01 7.744064119895654130e+01 6.929506878750461851e+01 5.539902607104970400e+01 6.951006228902488715e+01 8.925539785453599961e+01 9.811232516551434912e+01 7.854795404830966277e+01 6.628177230986338486e+01 8.600119540739615331e+01 7.292663405473807359e+01 5.113529862909614110e+01 5.149338593303752987e+01 7.130066247119872003e+01 8.199357685164410725e+01 8.952945531183513594e+01 8.140959850725509739e+01 6.795553761854353070e+01 8.583611566720212238e+01 7.483224383271193858e+01 9.108188128575494602e+01 9.402837410504197635e+01
6.539974069960342717e+01 5.070041594858025036e+01 5.635463489229340439e+01 4.139814583881403820e+01 6.029487634913699168e+01 7.003173505464005189e+01 7.644317866148332996e+01 8.472091353242053913e+01 9.443048629655331183e+01 9.536357177463796120e+01 8.722500334061329852e+01 7.896586206216403525e+01 5.893617458226806605e+01 6.682611031595840245e+01 4.693839482700871457e+01 5.836728642166487901e+01 7.838107864170218875e+01 8.341329412729868409e+01 6.951006396452302738e+01 6.266107844364425006e+01 7.426419239812987882e+01 9.389051641140149229e+01 9.406530374977539566e+01 7.774100573583181983e+01 9.406530374977539566e+01 7.694272363687304050e+01 5.548323132590200402e+01 7.052492378450166655e+01 5.709436553634584754e+01 6.940921626886853346e+01 9.091532031063076147e+01 9.567754543050952520e+01 7.941774987325806023e+01 7.549322886104600627e+01 9.436589964279134790e+01 8.471307169399243264e+01 1.040187275362840751e+02
7.689163401316208990e+01 6.360252143840250483e+01 6.822014043694939289e+01 5.094676058234689009e+01 4.604904900457062666e+01 5.199516821746440343e+01 5.828270974074488464e+01 6.696696046995552365e+01 8.604196346072860990e+01 1.032444163575193556e+02 8.318941533412184697e+01 7.158551066767891768e+01 7.896586206216403525e+01 7.028095725113270476e+01 5.043437257532924178e+01 7.028095725113270476e+01 8.670035460272747230e+01 9.731652429007408500e+01 8.851558966499794678e+01 6.876066012191904520e+01 8.851558966499794678e+01 1.019316894699065159e+02 1.053274033326267443e+02 9.728482433847081268e+01 9.425934841103672568e+01 7.481768957718340118e+01 6.041362130538591657e+01 8.021563867376841017e+01 6.144464767501213487e+01 8.108250851900525902e+01 9.809277684089481397e+01 1.068951450294076295e+02 9.887417096122678117e+01 8.099901748176455385e+01 1.004043699740903293e+02 9.840624121822138193e+01 9.840624121822138193e+01
7.328183616644705012e+01 8.210139991695790229e+01 6.964299211592708616e+01 6.964299211592707195e+01 6.477005353967291512e+01 5.165142219615469799e+01 7.021592806790204122e+01 8.472091353242053913e+01 9.443185926541431741e+01 1.115648622802613801e+02 9.998063457335173609e+01 8.874962717021861636e+01 6.861807774385513881e+01 5.966702390968384861e+01 5.527061245493163710e+01 6.289810162416038963e+01 7.449087874524356323e+01 9.458836083770513881e+01 9.656425331255422861e+01 8.027994024512419458e+01 8.281727535046223920e+01 1.022725373658147845e+02 1.115202208322712067e+02 1.019193758105230216e+02 8.687811852682787617e+01 6.725648377042307402e+01 8.051201961210369973e+01 8.678688163709945513e+01 6.718637965879638330e+01 7.185649559508266293e+01 8.535637669405922168e+01 1.041703767258581763e+02 1.062191035706863431e+02 8.693381397490816198e+01 1.062191035706642310e+02 1.175684681239844451e+02 1.175684681239844593e+02
5.985242985756479328e+01 7.869827721415541077e+01 8.879802410937826096e+01 8.777173998590235726e+01 6.866927564032636155e+01 5.571247997116181239e+01 7.426425790977192776e+01 8.841660110068136191e+01 8.841660110068136191e+01 1.083247261628221736e+02 1.051204677821365863e+02 8.507036449497802266e+01 7.974652462811387466e+01 7.974652462811387466e+01 6.032864682737623951e+01 8.049006001811595468e+01 9.130387942832935266e+01 1.029031341086715514e+02 1.077987674914179479e+02 9.976569598920804083e+01 1.022725373658147845e+02 1.103112312746461043e+02 1.035661141337675986e+02 8.436493087027079696e+01 7.455586720772865306e+01 8.687811852682251867e+01 9.485415271949221960e+01 9.304193055197906403e+01 7.346515669220590894e+01 9.086686972212910973e+01 8.730366749597074261e+01 1.056684952507871458e+02 1.130035863813091908e+02 9.381417117236907188e+01 1.130035863813091908e+02 1.264193095487827634e+02 1.182208471860891734e+02
7.328175876968185776e+01 7.474485463073445146e+01 8.274507519108823317e+01 8.993220829992895915e+01 7.074296641436546906e+01 7.426425790977154406e+01 6.283490004699128662e+01 6.925052563821677154e+01 8.262353299743840296e+01 1.024023046832810877e+02 1.025717173956097241e+02 1.051204677821365863e+02 9.983422025540072298e+01 8.762189389058347899e+01 6.745002151651262068e+01 7.309636908531172139e+01 8.734607845045162833e+01 1.073763933696547497e+02 1.181575629533894016e+02 1.145690735254600838e+02 1.062263519453002942e+02 1.145690735254337085e+02 1.115202207922265387e+02 1.019193758216348584e+02 8.585833760806907833e+01 8.691931514834394079e+01 1.060903481127262609e+02 1.010809173615923982e+02 8.482295534857840380e+01 8.691868996785287038e+01 1.045653723699117137e+02 1.133066626205940537e+02 1.210458338828366749e+02 1.048951644022825320e+02 1.210458338828366749e+02 1.165768200424498104e+02 9.858054527677595047e+01
5.944983489585916914e+01 5.601237438850876771e+01 7.230302198530041835e+01 8.173346095353520013e+01 8.993220829992924337e+01 8.984710212877683944e+01 7.345169650174491949e+01 8.841660110068136191e+01 9.671262762895059950e+01 9.667949449038628984e+01 8.259469074227769170e+01 9.667949449038628984e+01 1.039851730121328330e+02 8.394433082886615693e+01 7.914774618858545807e+01 9.321282186098420652e+01 1.015229698521214345e+02 1.122085139555131406e+02 9.799355576111774724e+01 1.044106198294815613e+02 8.583662754623618696e+01 1.021119608551918105e+02 1.104706668872228477e+02 1.129998567873659852e+02 1.050401430328334129e+02 1.005050686973954868e+02 1.140546399517981655e+02 1.118754331910500497e+02 1.039904088976389005e+02 1.052993109835664711e+02 1.127884907876392333e+02 1.245607173930764731e+02 1.321881476252873995e+02 1.240798967892637421e+02 1.158304334141989358e+02 1.076457628129512329e+02 8.863603781245970481e+01
4.087711359868300320e+01 4.588742392351110055e+01 5.506015158954762256e+01 6.815183993987191968e+01 8.720759393557847261e+01 1.011582584770302304e+02 9.282630634428286953e+01 9.956370664982823371e+01 9.133834188390510178e+01 8.770693441697881099e+01 6.830580111122047526e+01 8.770693441697881099e+01 1.010140685056763630e+02 1.039851730121328330e+02 9.919779492693423606e+01 1.075084979294440757e+02 1.177197079477084429e+02 1.038994567318396776e+02 8.356122166345882363e+01 9.103642745104099276e+01 7.557527525976165350e+01 8.170247520519708928e+01 1.021119608551918105e+02 1.042309963246795377e+02 1.125795170765649118e+02 1.195744034771312840e+02 1.201103657108111520e+02 1.118779764237640251e+02 1.118779747486391614e+02 1.117186968338080248e+02 9.792401065422251349e+01 1.117186968338091759e+02 1.231637476016817061e+02 1.215644038623666319e+02 1.018804729204804431e+02 8.783455101239620433e+01 8.150066143665770824e+01
5.944984856066123058e+01 6.439664632706950442e+01 5.569597415602605395e+01 6.490479252645847907e+01 7.820848979184148675e+01 9.754154849182395992e+01 9.956370608721974236e+01 8.800707544927355741e+01 7.125585787843681373e+01 7.943893293059021232e+01 5.931440154521909847e+01 7.273075576966731148e+01 9.158442780185410470e+01 1.006926869775963382e+02 9.247361678326146261e+01 1.006926869775963382e+02 1.094279727122447241e+02 8.915704463855193751e+01 7.734689002904997324e+01 7.060842309844647957e+01 6.722250428377275000e+01 8.760353885315109324e+01 8.995783344907707146e+01 8.404569580815750385e+01 1.042309963246246696e+02 1.208483325557212282e+02 1.118779764237246468e+02 9.178261620025972434e+01 9.178261619941639538e+01 1.030814994325955212e+02 8.391165094431372040e+01 9.505479427637365575e+01 1.130263198843059911e+02 1.175496919909520983e+02 1.061335179310984387e+02 9.511605231339933653e+01 7.507871330015747446e+01
5.460741130552914058e+01 7.333466223028338504e+01 7.438790205522361987e+01 8.239388305963247205e+01 9.195898428596750307e+01 1.003809249392865439e+02 9.133834188265753085e+01 7.125585787843681373e+01 5.965435576707680099e+01 7.027349988713621087e+01 5.270594863265465335e+01 6.326852667771296979e+01 8.333117834263910595e+01 9.068066095216543943e+01 7.237440099360260604e+01 9.068066095216543943e+01 1.006926869775963382e+02 9.772454693217470378e+01 7.734689002904997324e+01 6.293565006470841894e+01 6.139330706809762717e+01 8.003859310641888669e+01 6.965434840338464539e+01 8.404569580815729068e+01 1.042309963197302665e+02 1.008389115322132881e+02 1.066995352609885970e+02 9.766841044810865924e+01 7.732027400480222923e+01 8.749434206893194244e+01 7.474405112744273083e+01 8.461248257127277839e+01 1.047886492774485987e+02 1.093642352297892160e+02 8.958589072951336618e+01 7.796449808654614344e+01 7.031409106416906241e+01
7.333466223028338504e+01 8.132409751840373247e+01 8.325922459013077059e+01 7.474391029951421217e+01 8.325922459013177956e+01 8.104460889755091557e+01 9.489361871593426656e+01 8.800707544927355741e+01 7.027349988713621087e+01 5.029076080072321275e+01 4.701689237338424476e+01 6.695009185388295236e+01 6.897832512116326598e+01 7.383933426665292643e+01 6.229116231895756783e+01 7.237440099360260604e+01 9.247361678326146261e+01 1.036342145974045934e+02 8.331536755128242078e+01 7.611004933457104471e+01 5.589909737268419576e+01 6.013911676513624371e+01 8.053349275391455819e+01 9.831260625411684373e+01 1.066995352618488369e+02 8.647130408273430646e+01 8.647130408273426383e+01 1.007167738948939899e+02 8.749434206893194244e+01 6.705218825356067214e+01 6.790320663451690564e+01 7.816944078790402273e+01 9.259605546133052201e+01 1.126178784754567062e+02 1.061335179310984387e+02 9.794520270842987486e+01 8.482426165838379006e+01
8.107111939568818570e+01 7.255189538226655088e+01 7.277805455544388735e+01 5.361399896494459227e+01 7.277805455544375945e+01 6.790971313980433877e+01 7.872398293520609514e+01 7.732832789473499702e+01 6.905338146921373266e+01 6.211558045868361688e+01 4.220909490252002172e+01 6.211558082816237913e+01 4.901329459486370865e+01 5.379688011270568637e+01 6.533608184390828910e+01 8.545499309091367479e+01 1.006926869775963382e+02 9.865616229949722538e+01 7.826468185293838076e+01 6.388659783429127970e+01 5.241155994524886808e+01 7.238599338968253960e+01 8.858928806441402060e+01 1.044981661126544594e+02 1.054235187841182722e+02 8.517686341943760908e+01 7.197716934741930572e+01 8.477481707198336380e+01 7.639432043299055408e+01 6.095170661979395277e+01 7.112838532020252558e+01 9.153305038121526138e+01 1.067133391360526531e+02 1.105629428680911417e+02 1.024223531100166298e+02 1.006961702218075345e+02 8.128086052726916932e+01
6.908868909108247180e+01 5.172027927094411837e+01 6.417895463222939156e+01 4.271862631958288858e+01 6.417895463222939156e+01 5.867094105914234348e+01 6.005245564466946462e+01 6.905334679086222138e+01 4.907846705628504935e+01 5.492893670376885495e+01 3.867618694629741327e+01 4.259303909442616742e+01 5.249698242277933957e+01 6.662525448427946628e+01 8.212090504737797403e+01 9.370072014233815594e+01 9.514641542983862621e+01 8.674643107042045642e+01 8.397483412273678027e+01 6.367367480080061881e+01 4.965249617981047692e+01 6.961974670024720524e+01 8.416631786447278785e+01 8.416631786447267416e+01 9.954777554085222846e+01 7.922423671507682741e+01 6.477817782346404840e+01 7.639432043298957353e+01 5.615017389151698524e+01 7.639432043298938879e+01 8.968985446594635391e+01 9.153305038121526138e+01 1.116578075704073711e+02 1.024223531100166298e+02 8.258402383663353419e+01 8.083575423955490180e+01 7.785473411194588778e+01
6.052475621273709550e+01 4.013556954895755524e+01 4.875305380384641296e+01 3.533370890546866860e+01 5.702508816746495057e+01 5.669047891853026044e+01 4.678835141531189379e+01 6.552121937295797238e+01 5.492893674102708701e+01 3.499565961271017045e+01 5.492893674102708701e+01 6.250081387136030031e+01 7.078236195292721789e+01 8.078296809285818370e+01 9.494068170143646057e+01 9.358025796734989399e+01 8.342134698955385375e+01 6.642598055193053597e+01 8.118625542955703622e+01 6.094996028716992953e+01 4.698614772317712607e+01 6.687703390828265526e+01 6.386246905262934348e+01 8.416631786447278785e+01 1.008137169650022003e+02 9.157622776672090481e+01 7.121100501321797083e+01 5.693213244285180963e+01 5.304388252718650421e+01 7.315625828409669396e+01 8.932815248565933075e+01 1.066944535233469225e+02 1.125218531558039103e+02 1.024223531100166298e+02 8.258402383663353419e+01 6.839587932395008352e+01 6.091855257001040513e+01
6.155190441662431056e+01 4.875304850174520510e+01 2.945161832127694979e+01 2.913040805677584899e+01 4.860728514540785739e+01 3.762955126438462372e+01 5.650713813600213342e+01 5.385126657593188071e+01 4.926059156279625029e+01 3.256348406585730260e+01 3.960995360038681667e+01 4.849666882982572247e+01 5.999683867171560081e+01 7.418909435331310931e+01 9.421334593683208425e+01 8.517080376318514823e+01 6.485833067369318883e+01 5.488809589239735232e+01 6.601359723499217580e+01 6.424242167202059761e+01 4.438342928191389092e+01 5.129237685903492405e+01 6.537622022609616579e+01 8.568674895709266082e+01 8.180623372660842563e+01 8.775312736300611505e+01 7.893243292803394695e+01 6.996182449411178084e+01 5.003921525820921090e+01 6.134259631682897407e+01 8.113218177591798508e+01 8.660834101565336596e+01 9.249142716148089960e+01 9.163529461305832058e+01 8.339697354194768764e+01 7.944818513280418415e+01 7.121329324413814277e+01
4.049058759018896581e+01 4.275687792002708676e+01 2.341366245907636312e+01 2.411332836345022201e+01 2.950517537653670530e+01 4.508012579716434232e+01 4.564975252297094244e+01 3.416737693655394992e+01 2.934112792408048875e+01 4.926056517509964294e+01 5.954002770365278252e+01 6.781632157277165618e+01 7.674991069428955370e+01 8.332475036146121283e+01 9.110474406285557336e+01 9.356577040686156010e+01 8.342093319147373620e+01 6.601359723499217580e+01 4.608141141897893078e+01 5.847990915747555363e+01 4.194657776271591132e+01 5.592395544982745292e+01 7.604154021436292510e+01 8.417128082579156967e+01 6.813964293150479534e+01 7.898069965046968832e+01 5.822764096309679616e+01 6.360819467285958950e+01 4.759093168436796617e+01 6.223833611776102259e+01 8.470667643512409484e+01 7.251540974159794928e+01 9.183215669273312187e+01 8.338798657934293601e+01 6.351214939077323152e+01 6.933052812201754023e+01 5.155692545135245553e+01
