LEM/sinusoidal_perturbations/elevation_000272.asc
nrows	100
cellsize	150.0
xllcorner	0
ncols	100
yllcorner	0
NODATA_value	-9999
[rows 0 to 16 of 100, columns 0 to 36 of 100]
8.271705653423140972e-03 1.415040732938449786e+01 3.415040732938520307e+01 3.838412130226262775e+01 4.505221073622830374e+01 5.334890617447943839e+01 6.230072572624944627e+01 7.386357177395690599e+01 7.671862119614559106e+01 6.841583598921032205e+01 7.101613095673458531e+01 7.931918979751678478e+01 9.011539740514886887e+01 8.179324523732351793e+01 8.179324523699344240e+01 8.179324523693651372e+01 9.011539752579315632e+01 8.546081312214417380e+01 7.714915243583617155e+01 8.546081331543527426e+01 8.660806060993029121e+01 9.159134353646248883e+01 8.571161051717437829e+01 8.790531366536667690e+01 9.624117831032086201e+01 9.841980553503920248e+01 1.067779182013834429e+02 1.058502747448614656e+02 1.000482678503377798e+02 9.821591842339952905e+01 9.002093983045973857e+01 8.905355562755227083e+01 8.085926724665738163e+01 8.342393539787067880e+01 9.161955566297000075e+01 9.837542304274138871e+01 9.018454000735620468e+01
7.813061968023241044e-03 2.000781306196766707e+01 2.985487773119145771e+01 1.838126884438321085e+01 2.504793861876602890e+01 3.399225766761036738e+01 4.553999052084855492e+01 6.555629782518025195e+01 6.515409832374712096e+01 4.839161825362440794e+01 5.098904303574720132e+01 7.101613095673101839e+01 8.179324523685427550e+01 6.187639656227063512e+01 6.187639656227063512e+01 6.187639656227063512e+01 8.179324523686939585e+01 7.549534097781865682e+01 5.727420165040697242e+01 7.549534083246146565e+01 6.664897189745146022e+01 7.159418123961398805e+01 6.574655056774345496e+01 6.792833788103784798e+01 8.425583511895275990e+01 7.838892647559187310e+01 9.841980553465846526e+01 8.608046530305401234e+01 8.029481205329213367e+01 9.002093982845741493e+01 7.022992653766945637e+01 7.602658012339280447e+01 6.095349675177455850e+01 6.354395336557396945e+01 8.342393539786580448e+01 9.018454000735620468e+01 7.002873132775675913e+01
2.526786264046545528e-03 4.853239286992482526e+00 9.853239287064786467e+00 2.985487772957944586e+01 4.505221073588378289e+01 4.785165482890123201e+01 5.614220874375600090e+01 5.784344743733937833e+01 4.954726637388295529e+01 3.684222563198490263e+01 5.098904303574791896e+01 7.101613097164427302e+01 8.179324523169701422e+01 6.187639656227047880e+01 4.795760576586662438e+01 5.996241672739401452e+01 6.821947438409252129e+01 6.721167704300827950e+01 4.747006833205053766e+01 5.734087268750506183e+01 5.267921214053355783e+01 6.516274102592895190e+01 5.177115118215530032e+01 5.768478611170292680e+01 6.428336543111140600e+01 8.425583511911693790e+01 9.862080415003707401e+01 8.541631719161058811e+01 6.625019793571507876e+01 8.541631599312273693e+01 7.602658012003240628e+01 5.604683563120924106e+01 4.924561939945814970e+01 6.246520348841158210e+01 7.070923236112899701e+01 8.223829031041191229e+01 7.593223100971277972e+01
4.163169627051843593e-04 2.000041631696235100e+01 2.985051842933098243e+01 3.811462294886581503e+01 4.459070028509859895e+01 2.784563244955592509e+01 3.968299337862020337e+01 4.322014289696996769e+01 2.953915520542113526e+01 4.954726637388317556e+01 5.098904303574695973e+01 7.101613095028513101e+01 8.029598013427937531e+01 6.038900350110019133e+01 4.903524814364453022e+01 4.029506924648919153e+01 5.389294152497598134e+01 6.106141575774619668e+01 5.283262731149086733e+01 3.768988668075780168e+01 4.140474249580124422e+01 4.545929097336404112e+01 6.516274102592919348e+01 7.759834522310380578e+01 8.425583511903977296e+01 9.258342248244466077e+01 8.871881995575246549e+01 7.055642287941570601e+01 5.724506837315507823e+01 7.721210013300988351e+01 8.422292150537211342e+01 7.602658012350588024e+01 6.246520348845285042e+01 4.224211701422139953e+01 5.399798115545355870e+01 7.403164429482666264e+01 8.420207718524912366e+01
5.883922493566802643e-03 2.609662142110048766e+00 2.259828409922029024e+01 2.905125413533443535e+01 3.182780121869766177e+01 1.629844177989373932e+01 1.967905881469238594e+01 2.321459278931230585e+01 4.322014526054449135e+01 5.784397525226592762e+01 7.101613095078050719e+01 7.931918780823087900e+01 8.861486794608040896e+01 7.709170642023558173e+01 6.528324032093830454e+01 4.555466409507185688e+01 3.418764509976742971e+01 4.852983913905500657e+01 3.311477481195827011e+01 5.283262731149140023e+01 6.105428768331148603e+01 6.516274102578418592e+01 6.913261794909638525e+01 7.741945706150339390e+01 7.219855269866035030e+01 8.049337738716428703e+01 8.051574733370669890e+01 6.059709842537411362e+01 5.046387419415518139e+01 6.366473553624518900e+01 7.190951995807144215e+01 7.252330459704914745e+01 5.246109938758368685e+01 3.815880163495081945e+01 5.246109938758368685e+01 7.252330459745824953e+01 7.568527289223767696e+01
1.256007409845548732e-03 2.000125600730077480e+01 6.356005388439736947e+00 9.052804838300188450e+00 1.182630581945588943e+01 3.182780121870359480e+01 3.968300692095424154e+01 4.322014525747704994e+01 3.321486304860630412e+01 4.321699426664177679e+01 5.739653671875949215e+01 7.775690612829157544e+01 7.843950205566477507e+01 8.675687146749885414e+01 7.355831182005692881e+01 6.212586953419972957e+01 4.852983913905275415e+01 2.870108972073056464e+01 4.524775674585854546e+01 5.346634717376274892e+01 6.430048420493473316e+01 6.595786990892383983e+01 4.934441797551670561e+01 5.818608236887605756e+01 5.238192711622823339e+01 7.219855269865182379e+01 8.871881927689859992e+01 7.877628953888543606e+01 6.366473553623561088e+01 4.348758902235341139e+01 5.758109696085978868e+01 6.584994383735984513e+01 5.459015185053571884e+01 3.455996719604645762e+01 5.459015185053571884e+01 6.905022696130781412e+01 5.382119215353937136e+01
9.594114293757748102e-03 2.000625116627446687e+01 2.636100524068491069e+01 2.905379442210204743e+01 3.182780121835566334e+01 2.182633790432159415e+01 3.596942251311990191e+01 5.597617461332234257e+01 4.736455464031375584e+01 6.156752664670243291e+01 7.170287650127589529e+01 7.510750731420591819e+01 5.807252562975691745e+01 7.510751008698406395e+01 7.379452403270158811e+01 6.534692669650490870e+01 5.674040741272516186e+01 4.524408836509618226e+01 2.534487475437607529e+01 3.626408090410220098e+01 5.028228244204672137e+01 5.710907068963135202e+01 3.797551061019574092e+01 3.845191070645449116e+01 4.982057893899555268e+01 6.377861955852637266e+01 8.370039531350339246e+01 8.573443536811949173e+01 7.190951951984079926e+01 5.758109696084225249e+01 3.746700640624612078e+01 5.758109696085845997e+01 5.104928200116417258e+01 3.122999604575448274e+01 5.104928200116918191e+01 5.952722355268311816e+01 3.868849103275771029e+01
7.711341127313004785e-03 2.000771134112695648e+01 3.089245652460204639e+01 3.721701184669934293e+01 4.550128457970771478e+01 4.182926452922338001e+01 3.596942251312191274e+01 5.597617464879888871e+01 6.742676125283601607e+01 7.174278885877937739e+01 6.327113827844078031e+01 6.435548809563998418e+01 4.662266853558421786e+01 6.669672343483836130e+01 6.234810481003824378e+01 4.575663733948960754e+01 6.234046731138882791e+01 5.346313867921507779e+01 4.206075280709870867e+01 2.210566687797117424e+01 3.896312991991327124e+01 4.208158684015641882e+01 2.905306000878294981e+01 4.888330463240681212e+01 6.318497273051593055e+01 7.146062512778932785e+01 8.141742994658208943e+01 7.752604877739511835e+01 5.753703439803695119e+01 5.371013842867503030e+01 3.376089128337181933e+01 4.847123824275772108e+01 4.546866985352275492e+01 2.805163295102041232e+01 4.769921123102025007e+01 5.094518414577005672e+01 3.165360587258938452e+01
2.297228869525369630e-04 5.345454561135462690e+00 1.089245652338780168e+01 1.721701184372467353e+01 2.721701184372485116e+01 4.135914746745833526e+01 5.597617464677066579e+01 6.426535268046599469e+01 7.130186221463380036e+01 6.007442162182479706e+01 4.316124737244911813e+01 4.437064540258048595e+01 3.953829791675283190e+01 5.911460159013216042e+01 5.403646786303419702e+01 3.485148059081939209e+01 4.378135248982049887e+01 5.195290099028834874e+01 4.467111110118987227e+01 3.644011545362371152e+01 1.894596277768123116e+01 2.212475484778084578e+01 4.208158684017402607e+01 5.330733636590480984e+01 4.342970000118488372e+01 5.325533314459647016e+01 7.311461231661841964e+01 7.277816919660003236e+01 5.273300263044603753e+01 4.106798097865905106e+01 3.451997675911533747e+01 2.878208061526038364e+01 2.582371074823576507e+01 2.484173823991932295e+01 4.446032976421064831e+01 5.270961295928163537e+01 3.657135876845212863e+01
9.647730019007896146e-03 2.000964772947392945e+01 3.089245652432934008e+01 3.721701184660542339e+01 3.721701185022664760e+01 5.550128622823945790e+01 6.964342556929709360e+01 6.176054066481263050e+01 5.334282516420940112e+01 4.292904703443583969e+01 3.213618611488876553e+01 3.099452191218591679e+01 5.022407032700320428e+01 6.643010712662686501e+01 5.618011835212875837e+01 4.378135248982000149e+01 2.437807912971237556e+01 4.217396716214931729e+01 3.395688697744013496e+01 1.634280334821137615e+01 3.592436974002753658e+01 4.206257068822598200e+01 2.851650909912391896e+01 3.354824387563235177e+01 5.330733636590313296e+01 7.146062509385110673e+01 8.141742992428613945e+01 8.099089972127841008e+01 6.945466155060923086e+01 6.120503881959951542e+01 5.449269246012470802e+01 4.847123824275700343e+01 4.132714883269014194e+01 2.158584255089787263e+01 3.835446125629176350e+01 3.848910720491968362e+01 2.631107274759760983e+01
3.582433992925927561e-03 1.414571805772400204e+01 3.414571805772470725e+01 4.401034080445815988e+01 5.401034198275283416e+01 6.550129097280571955e+01 6.242284858364242695e+01 5.243233570301396185e+01 3.362905017442911770e+01 3.724554384297640297e+01 2.369667212680713675e+01 4.292906495283279611e+01 5.305336074416247527e+01 4.163773823825991371e+01 4.321613815706511730e+01 2.579175165197430886e+01 1.793556970597663280e+01 3.155394967387497118e+01 1.378547999344936947e+01 3.395688697744038365e+01 4.453078859420341473e+01 5.626570760236806024e+01 4.257327953082786109e+01 4.750923542960365609e+01 4.967119285900832182e+01 6.948628603332416276e+01 7.091132763601748934e+01 7.913727360966704794e+01 7.503820654410257873e+01 6.333561799308309048e+01 5.434837721967821267e+01 4.595975779922030569e+01 3.938732800096225617e+01 2.075011249987215933e+01 1.851778689170889081e+01 1.886717586525727697e+01 1.921525441745488649e+01
1.813270376062421294e-03 7.561102730560573804e+00 1.572606853983776354e+01 2.572606853983758768e+01 3.986820416355944019e+01 5.986820415772604775e+01 5.397002381649926406e+01 3.416541689175893737e+01 2.443767125706192189e+01 1.759283776567046687e+01 3.702517581281150427e+01 3.798245333665062162e+01 3.042077990267959819e+01 1.921594526187021756e+01 2.917163373489477962e+01 8.649297571338440349e+00 2.443675086954686293e+01 1.138447737264914217e+01 3.155394967387514171e+01 2.553721592587626432e+01 3.708865230319286610e+01 5.689193927700335962e+01 6.235620261103224493e+01 6.730519028231678647e+01 6.948629611318541777e+01 6.753310382385718924e+01 5.071361048164437335e+01 6.753297865934692368e+01 6.658453143239430005e+01 4.637199885743781635e+01 3.490938916628994804e+01 2.639510095793040989e+01 2.136227896502028401e+01 1.802846518677927179e+01 3.793172734275395896e+01 3.606065157379941155e+01 2.089899377768316313e+01
2.372884694381488524e-03 2.000237288469402586e+01 3.180347345404753412e+01 3.886353434924177463e+01 4.711005688334968511e+01 5.851648543319006279e+01 6.242283432603853299e+01 5.243232782757603871e+01 3.357504075664111554e+01 1.361524916568164123e+01 2.879395248656602035e+01 8.696341039266124895e+00 7.588955399208947128e+00 7.900038311980713601e+00 8.210864936003734016e+00 1.118986697699081212e+01 9.087328453451572585e+00 2.339019141978571170e+01 3.565767000148125732e+01 4.545829306994615138e+01 5.369035540403716311e+01 6.514383634913934884e+01 6.737205084561396973e+01 7.595769880964448362e+01 7.153958702794326996e+01 5.925013673948345172e+01 3.885564798473242121e+01 5.723520297329655193e+01 6.301226452271488654e+01 6.016076469030565477e+01 5.434837721967821267e+01 4.591203119836499980e+01 3.757246304194615050e+01 1.768322241982694720e+01 3.743325416632148261e+01 4.755428556220976333e+01 4.261164499878127288e+01
8.175220331382775790e-03 5.781677885952837492e+00 1.181190411051430900e+01 1.888295404528862775e+01 3.042774431143093139e+01 5.034955727394837766e+01 5.820469066357065202e+01 5.044327697023819468e+01 4.118720924246860449e+01 2.896504458021526673e+01 9.371698224967804691e+00 7.149067842441467313e+00 2.191264895270530744e+01 2.103520628241201962e+01 2.702420926805891455e+01 2.816523905735563105e+01 9.401410415728394199e+00 1.956589921999943726e+01 3.502754998510956597e+01 5.077056139112810484e+01 5.971536099153619404e+01 5.355137335544026911e+01 4.782666128908093128e+01 6.737205082349520069e+01 6.327724089530345708e+01 4.295075180334584530e+01 3.121273452978704910e+01 3.692456313640218468e+01 4.285258208869608154e+01 3.978534673034118896e+01 5.287206784211817023e+01 4.869533059796825825e+01 3.855532054224991612e+01 1.733878371129499385e+01 2.080117422022946627e+01 3.592685956812815107e+01 5.982449867336149651e+01
9.124702163186202558e-03 2.000912470216283268e+01 3.180347345404753412e+01 3.886353434926194694e+01 4.711005764372910676e+01 5.027651078113235883e+01 4.157563728375513534e+01 3.160807582074914279e+01 3.349324021759218084e+01 2.541264833742207685e+01 6.710026221307284544e+00 2.583378074558330084e+01 3.144905582299213620e+01 3.682634704744894094e+01 3.489927623297680270e+01 9.837241773554541879e+00 1.502296903616859858e+01 1.899385496460309142e+01 2.805151400166738540e+01 3.942701462524893685e+01 5.209072519827614656e+01 3.406930051683172422e+01 5.353700395126206502e+01 6.092496907214479762e+01 6.082561610662866514e+01 5.286792681101481151e+01 4.287341774245103920e+01 2.294667163019328626e+01 3.610835996351831767e+01 2.547859056729020821e+01 3.640857942860050400e+01 2.995125406455561645e+01 3.641271290148252859e+01 1.699393016941057510e+01 3.675203455423957166e+01 3.939726314120908057e+01 6.014813112848974441e+01
2.239863785106879172e-03 2.000223986369849527e+01 3.373208216640375667e+01 4.198687937109301060e+01 5.342789543299255683e+01 4.166283020730603681e+01 2.132151786294783591e+01 2.715098043699201824e+01 1.584952592756024181e+01 6.274954961758490768e+00 2.624802234661583711e+01 1.959688621132658781e+01 3.328030355987792888e+01 4.660009783095439673e+01 3.348601367101451842e+01 1.013764524369612730e+01 2.175254231930152926e+01 3.321875336606860429e+01 3.936427492023165797e+01 3.715658012873188909e+01 3.855964990166017259e+01 2.716718339730919851e+01 4.647515845600155870e+01 4.239863542134347085e+01 4.291712585477155528e+01 3.492324162273320098e+01 4.832828518255294625e+01 3.580499993135907744e+01 1.513865567377725796e+01 1.545929774072773810e+01 1.579447109437804286e+01 1.614688263929135914e+01 1.650297701051332666e+01 2.820104414345278343e+01 2.145628021460444756e+01 4.101427702478638082e+01 5.222045795846961624e+01
1.766589122093755728e-03 6.668433221837232416e+00 1.373950002237978474e+01 2.528605714881025435e+01 4.522035852356646046e+01 3.904987900745614127e+01 1.870056873099052552e+01 7.054765861777881675e+00 5.838299970267453176e+00 2.592887385073525763e+01 3.378291368481186652e+01 3.825938549273141831e+01 4.472677018822599848e+01 4.498762161924291547e+01 1.296494810405302189e+01 1.042658750059156958e+01 2.335842209166230177e+01 3.049879926074593328e+01 3.047173483550021444e+01 1.330614382717251054e+01 1.827942966888278420e+01 3.540911382344551583e+01 3.598778399170325315e+01 3.283091032179159896e+01 2.493043963031864507e+01 2.417631607297171570e+01 3.377492323148713638e+01 1.468195937044297317e+01 1.569628912196860782e+01 3.491710983342477448e+01 2.121210016230071105e+01 3.593137449245514148e+01 1.699697279738721534e+01 3.810287666583683830e+01 4.105518914573787725e+01 2.593491837463028915e+01 3.231969480520491800e+01
