LEM/sinusoidal_perturbations/elevation_000393.asc
nrows	100
cellsize	150.0
xllcorner	0
ncols	100
yllcorner	0
NODATA_value	-9999
[rows 17 to 33 of 100, columns 0 to 36 of 100]
5.222468517465790779e-03 2.000522246851711117e+01 4.312975254018116544e+00 6.131157072178644363e+00 7.972306307897975231e+00 2.796189906092358513e+01 3.266858878477203376e+01 1.595264561858593311e+01 3.594793962742114957e+01 2.325955096878206163e+01 2.603590873061540378e+01 2.889807412062520697e+01 3.195589603348085106e+01 5.188618328100248078e+01 6.495120082418750940e+01 8.244977471012268211e+01 8.648177623563080374e+01 7.214327288400660620e+01 5.782830124945783012e+01 5.910764048087533240e+01 3.772621677648506733e+01 4.871986133023687415e+01 7.052390379588362634e+01 7.628976756405124604e+01 6.584725188704291554e+01 4.699581788039677832e+01 3.223886038518414665e+01 4.833966521558225082e+01 5.362989361392263987e+01 6.645507121901891878e+01 5.167069441859108281e+01 4.174835187398245040e+01 2.137926668492367099e+01 4.123619010311492161e+01 5.271743232893821585e+01 4.622285522329106300e+01 4.056429016915744512e+01
7.333276091007126865e-03 2.000733327609065171e+01 2.431017657096526108e+01 2.612592647020520786e+01 1.553152116112341652e+01 3.552366226228224377e+01 4.351864035177998602e+01 2.595730264715111346e+01 1.940852608701083781e+01 3.939602626673163854e+01 4.600296937418764998e+01 4.045172314218689991e+01 5.188618277992183181e+01 4.349641199681003201e+01 5.495352732586662370e+01 7.447681265273234885e+01 6.819220853502534396e+01 5.973707952887821904e+01 4.264718234719855872e+01 5.239637638543491249e+01 3.017626935759559004e+01 5.239642377074790858e+01 6.643896230128173386e+01 7.575300857749510897e+01 7.519182316278998712e+01 6.109382069814661520e+01 4.833966521558224372e+01 2.715109682204793984e+01 4.402946651805659428e+01 5.062430337293430682e+01 4.265136064252823900e+01 3.836793695298170803e+01 2.053546511724269052e+01 3.054524181703527219e+01 4.298172937922717551e+01 3.176849286000825145e+01 5.191450007271993172e+01
6.343274376862209282e-03 2.000634327437650839e+01 3.644488241413967700e+01 4.380978264152187052e+01 2.707652313640513242e+01 4.381513649650486997e+01 4.577681431990731653e+01 4.579887047586311155e+01 3.096538047198873045e+01 2.941650853519789521e+01 4.930518233970708764e+01 6.027930163573059730e+01 6.802819702372967470e+01 6.316428958979448538e+01 7.007555102641065048e+01 7.563962541530636940e+01 5.973713564531659870e+01 3.819958728870803100e+01 3.117191002457960280e+01 3.927058775415950009e+01 2.419824413296142751e+01 4.625728538846857418e+01 4.545886268854656009e+01 6.257119489442580118e+01 7.931966124480447888e+01 6.844024312881690264e+01 4.833960003985649223e+01 4.402945121784447480e+01 2.256843989416105600e+01 4.004652740069334982e+01 1.907129382408837870e+01 1.939432231862802780e+01 1.973024739618187340e+01 3.385494618549120815e+01 2.064003049803062950e+01 4.137756470444411860e+01 4.165185890324181628e+01
3.497053469895897767e-03 8.168462831580152184e+00 1.971544224162819603e+01 3.970231504479589546e+01 4.707672884730702378e+01 5.542281133137910132e+01 6.532008331103682508e+01 5.919575285594518732e+01 5.092764132782551201e+01 4.094390931149978030e+01 4.560995369196528770e+01 6.502475828282466352e+01 6.449521406119490052e+01 5.540906106604653303e+01 6.431736824163566268e+01 6.741152644661471527e+01 4.562845463102463128e+01 3.292641528636223569e+01 2.213583431467387186e+01 1.663480426711968718e+01 3.927058775415950009e+01 4.239990147947710852e+01 3.414697398542639917e+01 5.399372426795513036e+01 5.930512868651317859e+01 5.930725159801534119e+01 6.256048226846851179e+01 4.347918203272038795e+01 3.851809033854340925e+01 1.861265761335419811e+01 2.426738773964599005e+01 3.703251331370150012e+01 3.952351123252129383e+01 2.020528425473113998e+01 2.147689540157457699e+01 2.102181971583392794e+01 2.128503835424763579e+01
9.635555453094322986e-03 2.000963555545273920e+01 3.644488241413985463e+01 4.796312437606477630e+01 4.927602517500790924e+01 5.608695771817139075e+01 4.790328769756955296e+01 5.616091393747061744e+01 6.887820773916210726e+01 6.072689370425067068e+01 6.502475828282466352e+01 6.534567067462697310e+01 5.336814618508457642e+01 3.381781595578365085e+01 5.140792175698636868e+01 5.996575582073656108e+01 6.276519186439696085e+01 5.250332238324423173e+01 3.482860716700852066e+01 1.254371457364008791e+01 3.304371325192393982e+01 2.315169699883604792e+01 3.664377198767326149e+01 5.617060371056944490e+01 5.930726328743699582e+01 3.924954854130941584e+01 4.662120240486478195e+01 4.454385820806898977e+01 3.729192709507167791e+01 1.828884236963585153e+01 3.767438255349743059e+01 3.306541432677978776e+01 4.758932772918631571e+01 4.116803502902632772e+01 2.861072633111322006e+01 2.570369230282840789e+01 4.036884172075712485e+01
8.845047570523793118e-03 2.000884504757016913e+01 2.711257063217554375e+01 3.087429262568568689e+01 2.937805709746665173e+01 3.987531296815831183e+01 2.812352765480292405e+01 4.789806710035247050e+01 6.632625477686126203e+01 7.694710166141291552e+01 6.046176391538708117e+01 4.918258380872043034e+01 3.447974494423936420e+01 2.292625540459656008e+01 3.100886086573801137e+01 4.846222814626806752e+01 3.830481333813906275e+01 3.429167878014104787e+01 2.863558871287374075e+01 8.951682530538448646e+00 1.487411750879128647e+01 3.404329227310633854e+01 4.840186580720111209e+01 5.529441689495045864e+01 6.326878707038371630e+01 4.654515013265119450e+01 2.664481264556869533e+01 3.043212904475189262e+01 1.782882125630720793e+01 3.782031276463008140e+01 3.791562793378976437e+01 4.235924860771232403e+01 5.650421228133493656e+01 5.442404912565437769e+01 3.776927512711244361e+01 4.472798427473297522e+01 3.298104476970260635e+01
8.023991185656003874e-03 3.543556610959934350e+00 7.135645917463751431e+00 1.091516594781776384e+01 1.527868927210548478e+01 1.998929840468739272e+01 3.986626290141537510e+01 3.868774495367286193e+01 4.992553028486707944e+01 6.901153671138301604e+01 5.204710460764492552e+01 3.148163401488132962e+01 1.905907112551617288e+01 1.425843671423583459e+01 2.976697783433235855e+01 2.435873609307203225e+01 7.707241262851718844e+00 7.996769520713844059e+00 8.307802269772141202e+00 8.639235527363698708e+00 1.952484339267938296e+01 3.325551833446939298e+01 4.009484116173000956e+01 3.421401679140205943e+01 5.536118330924678332e+01 4.083530602713697277e+01 2.206363702003186233e+01 1.736641458562444029e+01 3.735152032695938118e+01 4.606263514586198227e+01 5.659371801188766682e+01 5.916961288690906429e+01 6.535706732514510975e+01 6.281222102258151097e+01 4.987347547794299629e+01 5.918660775696029219e+01 4.381173605815245509e+01
4.598823041778624977e-03 2.000459882304142312e+01 2.711257063217554375e+01 3.087429262568568689e+01 2.503415683374044676e+01 3.987531296815831183e+01 3.987591841421913585e+01 5.823151905704225584e+01 6.632625477686126203e+01 6.542201242496122404e+01 5.356779213932910721e+01 4.310538843515761442e+01 2.853914723836898659e+01 7.408942698658263382e+00 6.990988476474093716e+00 7.296496635846658307e+00 8.161062069049403789e+00 1.969342015783789179e+01 2.521477835262733080e+01 2.670440414550315822e+01 9.098160941150503334e+00 1.005479068330581782e+01 1.797206254871713682e+01 3.418109399845888419e+01 5.505695183414753302e+01 4.868578163774382261e+01 3.364349788695639631e+01 1.703883100368922854e+01 3.616822729737343423e+01 4.427912610118357861e+01 5.041611421027749884e+01 4.787520675743363086e+01 5.621970062242487387e+01 6.704259224163567410e+01 6.840037136220915670e+01 7.067640432338031076e+01 6.213694475339625001e+01
7.340434288523949372e-03 1.151490098530064543e+01 2.531527880040956546e+01 4.408469508933674774e+01 3.913199390524063404e+01 5.324384150900510804e+01 5.975452807352687756e+01 5.852012932875913265e+01 6.702538019874198483e+01 5.107280604117119793e+01 2.661411514393615718e+01 2.706229126671937735e+01 1.841386311759167427e+01 6.555996029876103748e+00 2.122311731481400088e+01 2.489445814671640633e+01 9.973576952305082344e+00 1.726958770752377248e+01 3.260058093370675891e+01 3.350825768558318174e+01 1.761411082093431801e+01 9.542052924562995031e+00 3.080644178803601108e+01 4.018302944032728874e+01 6.004775378837612720e+01 5.754668781038228076e+01 3.365998539834910730e+01 1.945973569194211095e+01 1.657481222911128782e+01 3.568215304455155490e+01 3.159269967135954715e+01 2.756837167532928135e+01 3.778761218669174582e+01 5.872931204943434835e+01 7.822911784959849513e+01 8.417129893424706211e+01 7.303542756494987032e+01
3.515918393995972821e-03 2.000351591839364218e+01 3.618853010626505551e+01 4.680527596927581868e+01 5.907660775136842801e+01 5.532830574278746383e+01 4.687845886130699569e+01 3.835484258853977479e+01 5.532467809167671646e+01 4.171218268651325900e+01 2.016844780004210591e+01 5.866627209677580446e+00 6.118132561161833571e+00 2.578756862526185500e+01 1.819817685232734661e+01 2.672020791852784072e+01 3.341926776926959519e+01 2.910088731478250068e+01 3.736530765075698923e+01 2.792050071972942504e+01 2.589616031842963650e+01 9.852332159702896774e+00 3.112688849762901810e+01 4.687477677537683007e+01 5.822841032748326029e+01 6.452051572831375381e+01 4.793760295174519115e+01 3.957908385630123860e+01 3.606270668776741672e+01 1.611002373746629601e+01 1.760375149939838835e+01 3.827927614283852620e+01 5.418707192826934715e+01 6.705818518224714353e+01 5.812689587608838337e+01 6.379783541785258905e+01 8.191123272125147992e+01
4.608085242692564441e-03 7.566128980321131792e+00 1.761536745387797609e+01 3.826510815730220116e+01 4.709356873385038256e+01 3.867973051524221262e+01 2.679532036518455840e+01 2.679532000036381234e+01 4.687803353278500396e+01 4.971063086524217312e+01 2.697784412545464505e+01 1.824710360319937053e+01 5.808731395050697799e+00 2.516977833406656018e+01 3.456709057135211083e+01 4.004105980433985223e+01 4.647165418503636403e+01 4.748499675327188640e+01 4.511145994470409448e+01 3.569995324100766965e+01 2.848099877193958562e+01 1.016428867079661380e+01 2.075968405474325706e+01 3.008337667715406027e+01 5.039652022694693301e+01 5.419705628470350689e+01 4.420735352560878795e+01 3.978101074995959152e+01 3.464482454590321225e+01 1.578116301307802516e+01 2.990218228936854672e+01 3.775364629498415070e+01 5.849752691412625438e+01 6.401470036178851331e+01 4.416357349239303431e+01 6.401470037417443848e+01 7.455031991558674065e+01
1.610643649003322799e-03 2.000161063864075928e+01 3.621298615750291106e+01 4.691068933142182118e+01 3.546531752455921094e+01 1.861129524172442018e+01 1.522136086076373651e+01 2.939477105756734332e+01 4.949999032883916072e+01 5.421225039780273391e+01 3.798547556082531429e+01 2.613319847187265665e+01 5.499668682655036278e+00 2.368085756247421969e+01 2.385664925384978119e+01 3.202879892787443339e+01 4.223695317908740066e+01 5.812086062607667714e+01 5.328228535089201046e+01 4.366669284810201646e+01 2.983240317520896667e+01 1.048136477509878084e+01 1.536839854986708787e+01 4.292445663380603094e+01 5.646750790244703211e+01 3.722591419813425517e+01 2.832413811426127381e+01 3.414961154372020502e+01 1.531622521682356108e+01 1.851811807614936001e+01 3.895971850200943720e+01 5.735959477136136542e+01 5.508402694678819245e+01 5.653604782072542179e+01 3.695398417780691602e+01 4.639357589612902188e+01 6.618560873833288838e+01
2.022278438842990342e-03 1.966920614896737618e+01 3.098176175588799808e+01 3.292718896384273819e+01 2.693141813529432937e+01 7.027315876147102180e+00 2.707966190410680696e+01 4.072674661392856166e+01 5.459149829052417857e+01 4.630840977572115236e+01 3.785170142500022195e+01 2.589679193950575709e+01 5.191240919378583563e+00 1.249526423560253008e+01 2.442218863737785739e+01 4.040202728484941730e+01 5.067639190083346534e+01 5.769144112116224221e+01 4.862312712147533489e+01 3.869577823899496849e+01 2.243941779027640848e+01 1.080326922668367473e+01 2.681050983510842656e+01 4.444715379138895628e+01 5.794773312304326396e+01 3.816212264153048750e+01 1.619474023132771379e+01 1.485556609607768053e+01 3.438422293479341363e+01 3.883473916647587032e+01 4.842956894385245192e+01 4.945468582271257674e+01 3.552596094174345609e+01 4.269435379911515582e+01 3.059516244271080510e+01 5.002548159272767947e+01 5.938663890784337696e+01
6.642187732006160465e-03 1.475690242619137571e+01 1.380025800939560554e+01 1.458316936504303918e+01 1.812250876299401270e+01 3.120444907735913986e+00 1.245467783717632138e+01 2.662882751711861573e+01 4.606434051206466762e+01 3.517399310329609108e+01 2.009567435059192775e+01 1.139275039719286120e+01 4.883835209222940676e+00 1.390726433615045465e+01 1.887568261985150997e+01 2.816366027926828863e+01 4.679298225874861572e+01 5.100509997466630097e+01 3.003519144662774565e+01 1.953459945042759216e+01 1.259792811293226933e+01 1.112710023124278713e+01 3.086335408382048584e+01 2.839689197840447221e+01 4.924585943950319944e+01 4.457409421488679868e+01 3.150140517008000174e+01 1.453900937724366749e+01 1.577883212903877030e+01 3.532854843107850229e+01 3.740748450172301176e+01 3.923954693554128426e+01 2.168823917642355070e+01 2.312643820757116231e+01 4.269432981942296834e+01 4.633004718711866587e+01 4.828515804080216611e+01
1.591255364720534126e-03 3.029314325460167323e-01 6.043058198854729390e-01 9.059543085888539515e-01 1.207740128730582674e+00 1.509670026084891870e+00 2.139494670600724291e+01 1.829396273837977560e+01 3.814387875612234069e+01 2.746082057548099797e+01 1.273315939928849083e+01 1.227260467769787766e+01 4.577247448701255550e+00 7.054240002933343412e+00 3.183289710865187061e+01 4.459482751938141831e+01 5.523762874896405606e+01 6.009793043420717851e+01 4.886731341546295226e+01 4.010011870184758465e+01 3.268961617591494218e+01 1.536559124507964214e+01 1.158679791813613136e+01 3.112955426345262566e+01 3.806758756619441186e+01 4.165158539857696240e+01 1.407912098521373245e+01 1.931555836337601306e+01 2.768842001794266139e+01 1.748755467429683819e+01 1.865187753257634995e+01 1.979408098622869261e+01 3.923948805365152026e+01 4.269434351173822506e+01 2.538846285253765700e+01 2.700800703123685054e+01 2.905860361506857714e+01
6.189296070378335485e-03 3.061452415053394382e+00 7.545847131051838019e+00 2.092440657421682815e+01 9.791404920982307303e+00 2.153353506626160652e+01 1.938061070065828728e+00 2.193455410354338042e+01 3.033589324593959446e+01 3.493968461391278879e+01 2.450738493884790259e+01 8.242811783864517849e+00 4.271514265788847631e+00 3.036845763166671830e+01 2.287789571179996173e+01 3.573953581136057522e+01 5.574311044092768697e+01 6.608881930500514557e+01 5.607453191374082024e+01 4.115104146533432328e+01 2.141715500433381081e+01 3.467004914372023450e+01 1.191168638189199847e+01 1.426776381134106408e+01 3.220681907547916722e+01 2.406237799982208969e+01 1.363988945262708619e+01 1.379966396913867577e+01 2.061788385357109377e+01 3.653864653396657047e+01 3.795650566485186062e+01 3.922669399543246982e+01 2.400427491907559130e+01 4.352206756685751543e+01 4.482393937262861527e+01 4.633005021282784242e+01 3.045914033259861142e+01
2.247884206357958405e-03 1.940148982365488806e+01 2.687689697996155402e+01 2.286835181289072594e+01 3.219961096228848163e+01 2.935262799406271128e+01 7.267904479929588213e+00 2.366930004768865281e+00 2.221670244253330040e+01 2.305559955795118299e+01 2.339562982481592712e+01 3.839144245954872581e+00 1.959099378906739020e+01 3.742799539833084310e+01 4.421058652702346592e+01 5.248466726993167697e+01 6.393473235790942510e+01 5.777497870660011614e+01 3.776410824906593433e+01 2.791321891139159206e+01 4.115104198951458869e+01 4.623451448625552729e+01 3.315431845041732117e+01 1.236836889803910822e+01 1.268887410091990553e+01 1.300233303319620681e+01 1.338408509983376504e+01 1.398279246346500138e+01 3.577810451790252699e+01 3.024023971183978787e+01 4.845348696687710799e+01 5.167116993933061053e+01 4.352206807209652339e+01 2.856519319600293372e+01 4.800459367765267160e+01 5.788001916599801433e+01 4.960015179601299451e+01
