LEM/sinusoidal_perturbations/elevation_000148.asc
nrows	100
cellsize	150.0
xllcorner	0
ncols	100
yllcorner	0
NODATA_value	-9999
[rows 17 to 33 of 100, columns 37 to 73 of 100]
4.448601003119078712e+01 3.739397552818417125e+01 2.113769866676148013e+01 4.041055608478253447e+01 3.166418989127704009e+01 5.115070593816483324e+01 5.089021886397627981e+01 3.822356183362746407e+01 3.429345769085897189e+01 5.317938760094871498e+01 4.442478514194429806e+01 3.836913270485246130e+01 5.756117290494314886e+01 7.253022311839079350e+01 7.253005157801977987e+01 7.118929234944792483e+01 5.466279489513123480e+01 5.721965083715454625e+01 7.694447153914428839e+01 7.015423053899029071e+01 7.054920569180001166e+01 7.633479895992049080e+01 8.551052233211490261e+01 9.375206260875931719e+01 9.400215983614759807e+01 9.826029351934514011e+01 8.418439006517947121e+01 9.826029348026266064e+01 8.755283129232968520e+01 7.341737140725203403e+01 5.307526703189888195e+01 5.294120847154741227e+01 7.328786072326809631e+01 8.531927568737461343e+01 6.605002147363627785e+01 5.231112109306383218e+01 7.169385536443272144e+01
2.752985427181583944e+01 4.407133287281203593e+01 2.065560853441665401e+01 2.189249360775946229e+01 4.070415380292247676e+01 4.184879887776511254e+01 2.299962461638365241e+01 2.353138173768564556e+01 4.322825176455805263e+01 3.295441869335054719e+01 3.114915034072582856e+01 5.015428964148578928e+01 6.303251910158100912e+01 5.280701675705367393e+01 7.084484733002442169e+01 6.299691704975134598e+01 4.303480871758815596e+01 5.918304268675836255e+01 6.172312840215838747e+01 5.627453918660798848e+01 5.670716431368462906e+01 7.078369572806356302e+01 6.582129009944772235e+01 7.784416713762830398e+01 7.421274114665327204e+01 9.400215983614759807e+01 1.040510505141956941e+02 9.555131787977451552e+01 7.494428856772999836e+01 6.318089885523696836e+01 7.341737140725203403e+01 5.748236015182062175e+01 7.783995798448232506e+01 8.563658491174338394e+01 7.371144918092917919e+01 5.468163041946110070e+01 7.391432400097731659e+01
1.924570438922294713e+01 3.904329921623143917e+01 2.020359788519721533e+01 2.074861943171005407e+01 2.859980761248042569e+01 2.225521951290164324e+01 2.593369399029466749e+01 3.747594436146857078e+01 2.430126021487656374e+01 2.485357338079136014e+01 4.303492165248481172e+01 3.875903666881365695e+01 5.321928343500783853e+01 4.274804282339882633e+01 5.119189463024343922e+01 5.340728261621297435e+01 3.648313760517959992e+01 3.903795393907045508e+01 4.172247452083766461e+01 4.475164301170791958e+01 4.784909191177262500e+01 5.115680148568736740e+01 5.455535597038500129e+01 5.825911005854008096e+01 7.784416713762830398e+01 9.050145071796360696e+01 9.801945942805348011e+01 1.040040867296233813e+02 9.214047380878452032e+01 7.494428856772999836e+01 8.266576079439387570e+01 6.219161344504887268e+01 8.266576079439387570e+01 7.767832248867605927e+01 5.821694260165342172e+01 7.327307098106270189e+01 6.432280849345045226e+01
1.981905465777933273e+01 1.972355935415315642e+01 3.954211453164525381e+01 4.063223162196035076e+01 2.150865801185406312e+01 4.156894156530221807e+01 4.265567040836150170e+01 4.690888924821928896e+01 2.928188765059526943e+01 4.429565953880277362e+01 2.564061518456329480e+01 2.988998769679584200e+01 4.578073152703686333e+01 4.773314373136367550e+01 3.141740465234926560e+01 3.334609361973917174e+01 4.757404845110969660e+01 5.918304268675790070e+01 5.594951043046723527e+01 5.082622610801329444e+01 6.755705389861776666e+01 7.078369572806356302e+01 6.836703322100967739e+01 7.784416713762830398e+01 6.425355118381995112e+01 7.072831314410515802e+01 7.812867802673837048e+01 9.801945942805348011e+01 1.040040867295888916e+02 9.555131787977451552e+01 8.799464930166219290e+01 6.735595285921586139e+01 8.799464930166219290e+01 7.976421224306159274e+01 6.071727551958453972e+01 7.962039793453308789e+01 8.346618875851805797e+01
2.121658985790248053e+01 3.314429865601677250e+01 4.750114208908443914e+01 5.232178791364469106e+01 2.937488321846129224e+01 5.233273454136236325e+01 5.686782172892299769e+01 3.723192821843921507e+01 4.886273805853439711e+01 4.524502447195109767e+01 4.566843480216674322e+01 2.642333376596053895e+01 2.697305589917291968e+01 2.886408760247181249e+01 4.824034360978993874e+01 5.340727134592827952e+01 6.163507175946617167e+01 7.569609566053716776e+01 7.566187521337620581e+01 7.053890754416508457e+01 6.070121304274515950e+01 8.037660204558495991e+01 8.808720839214117859e+01 8.026419622983819124e+01 8.391040486001081433e+01 7.468152573522134219e+01 9.450822909358224422e+01 9.216817206467965207e+01 1.121457167380530819e+02 1.048469185070257055e+02 8.420718822644634827e+01 7.416440336846274306e+01 9.490977226826180413e+01 8.788405382702988788e+01 7.409249589987122420e+01 6.435300783653846679e+01 8.343691969703004929e+01
2.279042104665836632e+01 4.194930072387125364e+01 5.874025764305365271e+01 6.101630896036237317e+01 4.070396889948485608e+01 6.098495413282418554e+01 6.305813671438252754e+01 4.350321897815676664e+01 6.306014277460410256e+01 6.531599244102095270e+01 6.244783646628927443e+01 4.988781950499410556e+01 3.183691687623559829e+01 2.776933367675288267e+01 4.617345214641901663e+01 4.790116503860539154e+01 6.748945284679594181e+01 7.251315323199793283e+01 8.073464397626258915e+01 8.860191204101413120e+01 8.037660204558495991e+01 7.457738313305456757e+01 9.437715499538660424e+01 9.428920128840967152e+01 1.027700502049892179e+02 8.607927724667733571e+01 1.027700502049892179e+02 1.121457167380530819e+02 1.204039878220640247e+02 1.132782941929140605e+02 1.033803473808398934e+02 8.348220003276178147e+01 1.033803473808398934e+02 1.016755343930802979e+02 8.609212479035875276e+01 6.694520589179226988e+01 7.461067542042962941e+01
2.435999964189943867e+01 4.425074208532312525e+01 5.573815156638321611e+01 7.042757138870926781e+01 6.217175863132670344e+01 6.216942275835990017e+01 7.040608561508184948e+01 5.102126851595338763e+01 7.040831099470466370e+01 6.434966554108005710e+01 4.538277092413252234e+01 3.943676201333874332e+01 5.112758191180152068e+01 4.719821740150441514e+01 2.854250716645375263e+01 4.800709472907011133e+01 5.634473626343589814e+01 5.271096747174730268e+01 6.891400699595489243e+01 7.713018265480725688e+01 8.703244269225088203e+01 9.437715499538660424e+01 1.026264409489739649e+02 1.142451821584356395e+02 1.142859251937782119e+02 1.060224260347511205e+02 1.055771879508357216e+02 1.137505488125939479e+02 1.112088764784136714e+02 1.195547082182185221e+02 1.125827489570226732e+02 9.816210512976353186e+01 1.125827489570226732e+02 1.002963227237507908e+02 8.071775587793032969e+01 6.975284500925830855e+01 7.687429513440102369e+01
2.654028150637951455e+01 2.754289398596766247e+01 4.745187121782922901e+01 5.906332840121775973e+01 6.908777965101565144e+01 8.221538993916072968e+01 7.835758450474165215e+01 6.232780523693568142e+01 7.415493195282856220e+01 5.542213514913120065e+01 6.434966554107852232e+01 5.864538917120069783e+01 5.708873307826157628e+01 3.822006014032071874e+01 2.907692557899353503e+01 4.239048980241971520e+01 3.654918091800901436e+01 4.250410540932580972e+01 4.912963787791171910e+01 5.902462180605473918e+01 7.880339218585491778e+01 9.603220458053939979e+01 1.042244447513425740e+02 1.116286367308625813e+02 1.060178402134270783e+02 9.748620545743399646e+01 8.637139588058505524e+01 1.025733776340897805e+02 9.066213680917536522e+01 1.077593653333715480e+02 1.195547082182185221e+02 1.186226924582882560e+02 1.209135759032323278e+02 1.085636375623010537e+02 9.236255688423884180e+01 7.300381137543662646e+01 9.236255659904432491e+01
4.643704152191227053e+01 4.745314796092645793e+01 3.076830216286734299e+01 4.073503903089427070e+01 5.494770896115220893e+01 7.491691412170155218e+01 8.942051356639481696e+01 8.147185414896313205e+01 7.317213117303133174e+01 6.858733584951875173e+01 8.213710832270362516e+01 7.327762502794354305e+01 6.252910129901913905e+01 5.111755542620595349e+01 3.150121397781352428e+01 2.983220812127855481e+01 4.941885072231137599e+01 6.231921728994053922e+01 6.891400699595489243e+01 7.713018265480725688e+01 8.703244269225088203e+01 7.644209011653119035e+01 9.288234596661993692e+01 8.652097464892409562e+01 9.397744637818333047e+01 7.652501901492760794e+01 7.561178664352887324e+01 8.904294081190400334e+01 7.873967082439824594e+01 9.066213680917536522e+01 1.112088764784136714e+02 1.267816502915357262e+02 1.067303452716681562e+02 9.274202253662868145e+01 8.404757628501720035e+01 7.684738060036798402e+01 9.634184839352855079e+01
5.790039696542276459e+01 5.322034199698619972e+01 3.314631956739471974e+01 5.322034109381239375e+01 6.606663091658801079e+01 7.384566080086277395e+01 8.244505304569848647e+01 9.299851337315683963e+01 8.938490927435823608e+01 8.759628298896380727e+01 7.904684253538661665e+01 5.928439511252474148e+01 4.523709146204426190e+01 3.521428741447300581e+01 5.001768880631325942e+01 3.036518964470521809e+01 5.001768892060751881e+01 6.291061896651505236e+01 7.111134114075829871e+01 8.251609318365530044e+01 8.472184672128865657e+01 6.521004211487402813e+01 8.472184672128865657e+01 6.959619062868223693e+01 7.384967259224364966e+01 6.469525597552154750e+01 6.717050959151450229e+01 6.858385074985424978e+01 8.301617192644859244e+01 1.035928479924585019e+02 1.108128883334615580e+02 1.190349772480347781e+02 1.209135759032323278e+02 1.088579573489245576e+02 8.906825147798345199e+01 9.634184839352855079e+01 8.361666677695241390e+01
7.023901463632405751e+01 5.023545551812010501e+01 3.596026567992588241e+01 4.046456081597394672e+01 4.589596028191771637e+01 5.357574127277631248e+01 6.371083699173939152e+01 8.447500107495778821e+01 1.000186509991412436e+02 8.718284261156114212e+01 7.774614810808958509e+01 6.947512890732618018e+01 5.807293773735437981e+01 3.811397355166356249e+01 4.906851605840949304e+01 3.089906738982030987e+01 4.981910114608844964e+01 4.307836911876256636e+01 5.458027003559359258e+01 7.431069053523691537e+01 7.734707777576615229e+01 5.782933153038111129e+01 7.543855371870837700e+01 6.816762981084249873e+01 5.206507036513217912e+01 5.601493827381428758e+01 6.078829891830839927e+01 8.282903786192491680e+01 9.749935394574302450e+01 9.691047940603235133e+01 9.115191307863447889e+01 1.108128883334615580e+02 1.193013824384870247e+02 1.171594042930167348e+02 1.029982991272883623e+02 1.095697832429879810e+02 8.974767127584803461e+01
7.225059718739994707e+01 5.908135724220682761e+01 3.891721288558272818e+01 5.654245411095543261e+01 6.575405185845161782e+01 6.018070729336716340e+01 8.027653685091496527e+01 9.316750909181709517e+01 9.165962004465679058e+01 7.035082161440516302e+01 5.848565976964680857e+01 4.954860809183722381e+01 4.243848422302746570e+01 5.807293773735437981e+01 5.869687774255249479e+01 5.061943768675139665e+01 3.166737967149271427e+01 5.147628025779251715e+01 6.911511339794677156e+01 7.729014635907147124e+01 7.087806421336033225e+01 5.125679065436229820e+01 6.255121449970465619e+01 4.730081739459913592e+01 6.753357070260177863e+01 7.228848710164791669e+01 7.850868402094236842e+01 8.913128223282345175e+01 9.691047940603235133e+01 7.751997211756666672e+01 9.691047940603233712e+01 1.031530193091130059e+02 9.952375751441712737e+01 1.193013824384870247e+02 1.230044236984696937e+02 1.166236730924977962e+02 9.667225970717547057e+01
5.811456791135431388e+01 4.386673339387058235e+01 5.908135724167475900e+01 4.906730052398867059e+01 6.898059971959338554e+01 8.027653685091496527e+01 8.863918927795293712e+01 1.021755683802077925e+02 9.393745078956594341e+01 8.058969045050550051e+01 6.719381428756813079e+01 4.740722775246615583e+01 6.232292475239643181e+01 7.052970243057045252e+01 6.256473532913980762e+01 4.498538890268422108e+01 3.222063782750221606e+01 5.207668498402927781e+01 4.936227652764109308e+01 6.632754205507798417e+01 5.819578788539144654e+01 5.996815646781587361e+01 4.270699622408019280e+01 4.522734865372424906e+01 6.169460866134480881e+01 6.807726880401227731e+01 7.710890057491486971e+01 8.952580048996534856e+01 8.143025425081660273e+01 7.076960605670197424e+01 9.005489980875137235e+01 8.363473537385375778e+01 1.031530193091130059e+02 1.142474887155031382e+02 1.224830755395282296e+02 1.249502038920490747e+02 1.081250203903098281e+02
6.177072845070289731e+01 4.760395982745253463e+01 6.760815299947734047e+01 6.316461768953519140e+01 6.316435518152326978e+01 8.302352904479765527e+01 1.021755683802077925e+02 9.071425641444020016e+01 7.410120228122175945e+01 7.237568359867309198e+01 5.264264579326056293e+01 6.719381428756813079e+01 7.540161234579586846e+01 7.550156698205096006e+01 5.575416286599198656e+01 5.353310344204697202e+01 3.359636277760807133e+01 3.308850704395987918e+01 5.231509189292137307e+01 5.569209991705444196e+01 3.817794465122874925e+01 4.001540354388185960e+01 5.996784975338015045e+01 6.490134307762949106e+01 4.881240625678632483e+01 5.138356821574569722e+01 7.079211854577816609e+01 7.717991131381801040e+01 6.218600812625409446e+01 6.583472069412626126e+01 7.259474367526601668e+01 9.188413282497155876e+01 1.028388697100418625e+02 9.448718095384835181e+01 1.084205573648070384e+02 1.283149454093706936e+02 1.282330485816278269e+02
6.565771575567767115e+01 5.159693599522984897e+01 7.152459404234959095e+01 8.303424057923906787e+01 8.301040190251563899e+01 9.132757737627589734e+01 9.393745078956594341e+01 7.410120228122175945e+01 6.273954141811709206e+01 5.834275495671558787e+01 7.237564622663411740e+01 8.058955668700809838e+01 8.006646936494368560e+01 6.637817908126571353e+01 5.586939687815523570e+01 3.559767084776905222e+01 5.355776266771872685e+01 5.302234870920769083e+01 3.397577975949936047e+01 3.565504041392664192e+01 5.569120896641771878e+01 5.996800275077898590e+01 5.438487429902549763e+01 7.469648478963597427e+01 6.261642357802253400e+01 7.079211843774062629e+01 5.514496096530882596e+01 5.789132478184004071e+01 6.754142988102955769e+01 8.506430388795654096e+01 7.220966092622515475e+01 7.696927586236837726e+01 8.331948619732219186e+01 1.028388697100418625e+02 1.224830755395282296e+02 1.183690704784277017e+02 1.183690704784277017e+02
6.310809624715570720e+01 7.091518353890377568e+01 5.891156070948490964e+01 7.034414457887258720e+01 9.043617037991981533e+01 1.050017811381755308e+02 8.510403785217349082e+01 7.111937479586309507e+01 8.248498737356116806e+01 7.226556685699090110e+01 8.629242311039473634e+01 7.867313618326788571e+01 6.869998026759911625e+01 5.242593563517227295e+01 3.793349941564325434e+01 5.586939687815523570e+01 6.331717131744121474e+01 3.488965209581134985e+01 3.466731264422934089e+01 5.468767376242639955e+01 5.569344379357489316e+01 7.544414092108931413e+01 7.480119291888745181e+01 8.323392093952652715e+01 8.194318034580678045e+01 8.254468414305375745e+01 6.881898308723215507e+01 7.151733524296332689e+01 7.717991131412718175e+01 8.323980641413550075e+01 9.149162537007981655e+01 9.057420382048876206e+01 9.057420382048876206e+01 1.102339444658127690e+02 1.124610358287495586e+02 9.830915025709242627e+01 9.830915025709242627e+01
7.453524653381974474e+01 8.490953772426200885e+01 6.488854297221051581e+01 8.462742203256631512e+01 9.897516494648078833e+01 1.035057863992929299e+02 8.361932620139195649e+01 8.510403756789078500e+01 9.916354214062188532e+01 9.208352331860452011e+01 8.441268845131347121e+01 6.470344786829167560e+01 5.075342594542803454e+01 4.050893435358300110e+01 5.822866123879219913e+01 6.642777202164984374e+01 7.517415055228998710e+01 6.227394442962238230e+01 4.631012830025368743e+01 3.567033407582242432e+01 5.573001057949466741e+01 6.497763722665952457e+01 7.289058596326430006e+01 6.822551087306716511e+01 7.299064135088893579e+01 8.165548421139935442e+01 8.814338360821012941e+01 9.085057926451305832e+01 9.659185763184292739e+01 1.027412759224656469e+02 1.109333709180120451e+02 1.102339444658077952e+02 1.102339444658127690e+02 1.184593144081098899e+02 1.041845648598604583e+02 8.406497739467491215e+01 1.041845648598604583e+02
