LEM/sinusoidal_perturbations/elevation_000101.asc
nrows	100
cellsize	150.0
xllcorner	0
ncols	100
yllcorner	0
NODATA_value	-9999
[rows 17 to 33 of 100, columns 0 to 36 of 100]
5.222468517465790779e-03 2.000522246851711117e+01 2.653974144769191668e+01 1.198305198433164520e+01 1.598305198433168073e+01 3.598305199566382839e+01 4.961057442869356748e+01 5.668164261509447499e+01 6.496591940782677455e+01 7.233496310197011780e+01 5.551435091197506466e+01 6.924654313690116680e+01 7.755688779805598188e+01 6.715297426196225672e+01 4.879138301812501766e+01 5.516444355010791867e+01 7.525973654755091502e+01 5.689458300110947420e+01 3.728414859819563532e+01 3.760802076281632367e+01 1.799610059579162780e+01 1.435592864204599906e+01 3.222800543145570629e+01 4.141338951868603857e+01 5.280991821149544307e+01 5.975980408114079268e+01 5.158410786663922210e+01 5.031678399874027008e+01 3.139117612442962724e+01 4.107403828040663285e+01 6.048223434732366854e+01 6.613117092507194172e+01 5.800715379414348405e+01 5.132420409091675850e+01 3.849371648956332592e+01 1.809319402418738676e+01 3.255729273110066657e+01
7.333276091007126865e-03 3.251761698706264081e+00 6.539741444813423676e+00 1.548401335481265839e+01 3.548401335595985273e+01 2.328601941773402473e+01 2.961057473807089480e+01 3.668164254993661899e+01 4.822864793373026515e+01 6.822864808789275060e+01 7.563620594965053101e+01 8.393946894531434566e+01 8.457290429036532942e+01 7.719526197216347896e+01 6.303518595137252589e+01 7.525973654755091502e+01 6.522328884929893889e+01 5.693185952965450269e+01 4.302791185279508568e+01 2.348621662044621061e+01 3.760802076281632367e+01 3.407673396169293056e+01 1.687047792676024471e+01 3.655390643888129887e+01 3.328427562343428292e+01 4.706762834210283586e+01 6.667391088686083833e+01 5.686846415961292678e+01 3.833752242163215840e+01 5.686846434467842215e+01 6.898226121023377289e+01 5.800717125413078890e+01 3.799576740568819133e+01 3.107425168436217433e+01 2.516141528990195297e+01 1.958851021182262286e+01 4.002852865115474401e+01
6.343274376862209282e-03 2.000634327437650839e+01 2.068187706854630292e+01 3.482401198727411185e+01 3.181394497344829020e+01 4.328601941597087688e+01 3.961595103624900815e+01 5.668164261509447499e+01 6.496591940782677455e+01 7.651292866224150657e+01 7.957172546969766813e+01 7.128971313361954287e+01 6.457647032251104235e+01 7.871535001915827934e+01 8.310198059792791980e+01 6.835429410149653506e+01 4.857005707696041696e+01 3.735746854732903444e+01 3.001686524343609008e+01 4.302791185279508568e+01 5.123298313774226642e+01 4.478233455620464554e+01 3.655463712924917985e+01 1.942166987724058913e+01 3.906891455582590567e+01 5.011694429615024404e+01 6.413040514656526625e+01 6.472791570753959434e+01 4.909068821408943961e+01 6.472843777392624531e+01 7.194437292540590079e+01 5.223344871132894696e+01 5.800371184053356899e+01 5.132426839962741383e+01 4.214046346269669385e+01 2.114855362209336676e+01 2.602167625782794502e+01
3.497053469895897767e-03 1.000349705346980933e+01 3.000349705346945228e+01 4.896614934291460486e+01 5.181394497925786879e+01 6.009821368462885260e+01 5.961595102685633663e+01 6.790022155426076722e+01 7.426688570254651722e+01 6.841036468902845513e+01 6.802705559394837564e+01 5.129317502523192474e+01 5.043678104551828767e+01 6.457647032251104235e+01 8.457290429036532942e+01 7.671231928587360471e+01 6.522328884929893889e+01 4.953343515747462789e+01 3.688493193619558497e+01 5.645113127458672864e+01 5.612262370403229284e+01 3.659948605424839485e+01 2.618541246070226336e+01 3.906987540783453028e+01 2.225651591564413678e+01 3.609881064805070139e+01 4.881563768715044915e+01 6.213373977372955892e+01 6.749312853019004876e+01 7.551717827323656707e+01 8.020733570435749016e+01 7.194237806344906971e+01 6.746202533238948718e+01 5.054457779619788482e+01 2.894256690252569797e+01 2.280834066908739999e+01 4.298752600917516986e+01
9.635555453094322986e-03 2.000963555545273920e+01 3.000349705346945228e+01 5.000349705346874174e+01 5.212628757752700182e+01 5.212628757752700182e+01 6.053362214499957616e+01 7.185184277228714222e+01 5.427222604633646341e+01 4.841601727382231957e+01 5.218872830362672488e+01 3.975346732356140222e+01 5.974470647388132960e+01 7.871534999724522663e+01 7.710594680338097362e+01 8.538770853157436136e+01 7.767474873476631103e+01 6.473946945162333577e+01 4.657921950464484695e+01 6.473946945162333577e+01 5.325654887480070698e+01 3.378735536756919799e+01 4.579638270986496451e+01 4.187210282881453338e+01 4.187210282881796530e+01 2.518181109291439768e+01 3.577618558756361011e+01 5.189762833525833940e+01 6.121973351365313931e+01 7.010441240175882172e+01 8.170423998662910492e+01 7.329932292394313720e+01 5.344593455787151726e+01 3.884348799360495974e+01 4.402274908616639948e+01 2.455180186094219508e+01 4.542138900018350256e+01
8.845047570523793118e-03 1.415098067130159976e+01 3.415098067130230675e+01 4.628940748621977974e+01 3.204519282744000463e+01 3.204519282744000463e+01 5.212628757752700182e+01 5.771455593823456809e+01 4.357726910417593302e+01 3.428291684745950363e+01 3.220024533748036077e+01 5.218872830362652593e+01 6.802705547684786325e+01 6.296572141410609902e+01 5.710864828285609462e+01 7.710594680338097362e+01 8.571766220250097490e+01 7.467163995007797439e+01 6.046194729517189614e+01 6.948987614501579912e+01 4.960819182519863091e+01 4.056281152958870706e+01 6.019898435577400875e+01 6.167757307120356813e+01 5.304004962188137284e+01 4.477705469478194544e+01 2.819424278374522785e+01 3.327331936768393916e+01 4.200943562391366726e+01 5.329087481046992281e+01 7.327623737535883208e+01 7.329273735060354511e+01 5.344585909107736654e+01 5.925878556410929576e+01 5.344026351863439572e+01 4.545221697138806860e+01 2.708364861406029078e+01
8.023991185656003874e-03 2.000802399118530062e+01 3.746285555003417755e+01 2.919585921530435257e+01 1.840484132872168743e+01 3.204550123681584495e+01 5.214397569451229231e+01 4.771789489546537766e+01 2.943994187902503157e+01 2.533745267587842065e+01 4.521008637129350660e+01 4.822312563842316280e+01 5.142301817853316948e+01 4.297317295342291033e+01 6.072055576034171054e+01 6.572021858552334095e+01 6.572021858552314200e+01 8.003292198443469374e+01 8.047297989299264032e+01 7.789467478108717557e+01 6.019898435577401585e+01 5.175430974679181162e+01 6.856368446623997670e+01 6.517110787959359186e+01 4.533103410123347032e+01 3.155088211626873118e+01 4.778220734924957469e+01 5.291492249737814291e+01 4.455230960392818673e+01 5.586886988059570314e+01 7.590850405568923520e+01 8.149680076679885588e+01 7.329273735060354511e+01 7.642236765316236813e+01 6.199597126359604715e+01 4.999352082768739791e+01 2.890155963772262382e+01
4.598823041778624977e-03 2.000459882304142312e+01 2.305928947630802384e+01 9.749675147561381650e+00 2.341825193514650039e+01 4.314423706912815248e+01 4.451460126009692431e+01 3.622693860350686634e+01 1.942682804237988137e+01 2.229225052093717352e+01 2.521713250007691087e+01 2.823688418282422319e+01 3.143969567065201787e+01 3.602180766592849892e+01 4.072778428089147695e+01 4.572156728482068644e+01 5.174945274634068682e+01 6.589389279140051769e+01 8.589087747413314844e+01 8.875785691811071842e+01 8.016043760170705923e+01 7.173462439833718918e+01 7.353141343254463891e+01 6.594150456511906100e+01 5.357315970040102115e+01 3.397298450126262992e+01 5.357315962948288046e+01 6.632184786708579338e+01 6.433854019006007263e+01 7.271972400761072208e+01 8.434663108290064315e+01 8.027482014142749733e+01 7.120024475176010981e+01 6.286965754013651519e+01 4.751307126817457060e+01 3.240358409817164187e+01 3.184878165802786398e+01
7.340434288523949372e-03 1.532326137614568928e+00 3.061764363418311152e+00 4.604797924159812261e+00 2.461607557858092932e+01 3.521088875741978796e+01 3.623234454912729063e+01 1.621648518804028072e+01 3.623234454914187097e+01 4.229381432485097747e+01 4.521008637129350660e+01 3.977436189746680384e+01 5.142301817854914958e+01 3.995635916208614447e+01 5.994709775591203993e+01 6.572021858552334095e+01 7.175087400168935403e+01 6.329881346567358236e+01 7.744067163293114220e+01 9.743407332042283997e+01 8.526021043035376579e+01 6.494533812013824559e+01 5.345040209964694355e+01 4.607025718225422395e+01 3.995348824782679031e+01 5.356319895133713516e+01 3.831182605292980980e+01 4.953797723762858851e+01 6.355837944880386203e+01 8.378927276124284163e+01 8.358949142328756921e+01 6.354334300942621638e+01 5.156605112610664321e+01 4.195007502990119974e+01 3.613717192655641242e+01 5.357138113174509186e+01 5.301764405643523759e+01
3.515918393995972821e-03 2.000351591839364218e+01 2.306176431448098896e+01 2.461607557858092932e+01 6.914219930006695769e+00 2.692693811037957374e+01 3.096484089793592531e+01 1.401807902833514596e+01 3.403533063933123515e+01 4.515101367345814509e+01 5.669591112598359928e+01 5.976435153924518318e+01 6.804666449510192194e+01 5.408996753522986722e+01 5.063863143659650490e+01 6.063734082904726108e+01 8.063526444351010980e+01 8.329660340821081377e+01 8.329660340821081377e+01 1.032895114765742619e+02 9.379773444691628015e+01 8.201879297072325414e+01 7.353141343254463891e+01 6.594009159619884031e+01 4.607025718608423404e+01 6.127558777374333232e+01 4.157552535322248843e+01 6.130282801678915661e+01 7.558662814040302180e+01 8.727647664974429631e+01 9.181629088659330762e+01 7.462795095218500308e+01 5.426579367059866144e+01 6.025795566284392635e+01 3.920145594660092314e+01 6.025795566284392635e+01 6.581898675285272304e+01
4.608085242692564441e-03 2.000460808524233869e+01 3.645084904860289043e+01 3.521088357413718484e+01 2.692693791224436950e+01 9.263268074399892527e+00 1.094786463213132777e+01 1.386726899716104633e+01 1.685356692232949882e+01 2.841680166788724549e+01 4.841387790719689832e+01 6.381786223297980598e+01 7.046969772758926354e+01 7.408746097126812913e+01 7.063630263627878492e+01 7.891845109734929054e+01 8.063526444350993927e+01 1.006291301197791483e+02 9.709217610232840912e+01 9.554918641691875791e+01 8.734294462296249151e+01 9.554918641691875791e+01 8.023327800759534512e+01 6.002332775998354464e+01 5.482437909925315012e+01 6.793978978911924571e+01 4.802090246915162908e+01 4.727024449661854533e+01 5.864270195975488065e+01 7.882167970219370545e+01 9.094051180059220485e+01 7.096178656224219594e+01 7.462795095218500308e+01 6.330865503495158464e+01 4.239410610827033565e+01 6.330865503495158464e+01 7.762097991821052290e+01
1.610643649003322799e-03 8.166576452926335605e+00 1.971358183671905451e+01 3.971358189836222152e+01 2.927748067020602818e+01 2.927748069970852995e+01 1.851572404503511393e+01 3.385462510132675362e+01 3.686856056938173509e+01 2.139403590000762279e+01 3.554305296433904005e+01 5.116862679574795436e+01 5.047292062292014236e+01 6.235845587127005984e+01 6.942919756204139503e+01 7.771185350782998569e+01 8.925722056603690646e+01 9.143550116460554023e+01 7.752511824438998644e+01 8.579312139450631491e+01 6.795486747673980688e+01 8.579312139450631491e+01 8.874393341379440869e+01 8.023327800759534512e+01 6.477876670694664085e+01 7.555174780334947116e+01 5.542527032707475598e+01 6.717134147065009131e+01 5.396938410308758449e+01 6.810941634206467654e+01 8.843827438203956604e+01 9.094051180059220485e+01 7.471802431948731282e+01 5.442843200068450926e+01 4.569810644610198125e+01 5.790171615894500690e+01 7.809128723904780145e+01
2.022278438842990342e-03 2.000202227843848846e+01 3.645084904860598130e+01 4.799786026492436974e+01 4.927664513411995983e+01 4.641546840497442616e+01 2.848234531229577371e+01 4.641546840497442616e+01 4.968045759835986530e+01 3.554305296433904005e+01 2.632727909087379459e+01 3.118050345634689435e+01 3.634054425016193335e+01 4.236380245379854870e+01 4.943011997179061723e+01 6.097696238290753712e+01 8.097516553549935736e+01 8.169335827465967270e+01 6.388055996152957050e+01 7.692197270884923910e+01 5.831808241804527881e+01 7.764890604985117761e+01 8.865060671955554028e+01 9.361039202107464519e+01 7.908554573332992277e+01 8.400440021633114895e+01 6.539802465261612952e+01 8.080996879796101950e+01 6.057086542866201739e+01 6.659705996438337650e+01 8.691172035126054141e+01 8.881157217220884093e+01 6.888028565693596761e+01 6.995443497064769645e+01 4.943179433727028282e+01 6.995443497064769645e+01 8.633300243881571134e+01
6.642187732006160465e-03 1.000664218773209235e+01 2.414877781146329383e+01 4.414877781146400082e+01 5.303367400388754049e+01 5.622341910215985905e+01 4.805886666811223762e+01 5.622341910232826478e+01 6.381786222582508117e+01 5.264175604005520626e+01 3.265312153943828122e+01 3.897301120178431688e+01 5.632984103096459449e+01 6.235845587127005984e+01 6.942919756204139503e+01 7.771185350781827594e+01 7.758474868249795975e+01 7.356836838232013065e+01 5.415386331305187895e+01 5.750327363295674843e+01 5.137811550633714575e+01 6.114063141289968684e+01 7.477227961571473713e+01 9.428773517439769591e+01 9.958849214823395357e+01 9.418056493322158929e+01 7.971502971415335992e+01 8.850242658189708322e+01 6.815009631473927243e+01 8.691172035126054141e+01 8.691172035126055562e+01 9.704627295471024695e+01 8.881157217220884093e+01 7.360146517928711773e+01 5.329564890552178724e+01 7.360146517928711773e+01 9.123644796037862648e+01
1.591255364720534126e-03 2.000159125536436378e+01 3.829091343519298363e+01 3.303378189804319476e+01 3.303374887262944526e+01 4.940635967549209084e+01 5.607299150652792719e+01 6.435505159538239184e+01 7.435378512286487762e+01 5.971003156993432270e+01 3.971792933604483977e+01 5.896454638187140773e+01 5.529522467384783369e+01 7.529109693702574191e+01 7.080801292837951166e+01 6.266678569799026377e+01 5.801254436843148454e+01 7.188890151518913285e+01 6.319087748068113797e+01 4.352629081635662800e+01 5.498595091235070953e+01 6.870407525756854739e+01 8.814782939299280429e+01 9.101705456746165623e+01 9.979563712348912929e+01 1.061634978137938816e+02 1.001676754402209184e+02 9.697869653049110639e+01 7.985397426916819086e+01 9.697869653049110639e+01 1.073721139728045415e+02 1.044545558508584548e+02 9.453840278622033111e+01 7.820598749692909735e+01 5.813532170645834896e+01 6.305297923820974404e+01 7.719863428968687913e+01
6.189296070378335485e-03 2.000618929607002272e+01 2.636708862047610324e+01 1.303375528714306952e+01 3.303371025883875234e+01 2.940642934686236742e+01 3.607309601342040395e+01 4.607309600062413324e+01 6.607288701243176376e+01 6.799285390352216041e+01 4.971130255403916465e+01 6.799285390352216041e+01 7.529109699498535235e+01 7.335579469394019725e+01 5.942165326156035121e+01 4.291725796420606542e+01 4.401136063596964476e+01 6.374510999242770737e+01 5.940642718414949286e+01 3.959954473840258515e+01 5.940642718414958523e+01 7.512708603966579801e+01 8.649215219999682347e+01 6.952889082202349869e+01 8.743928971882540679e+01 8.681751536143953274e+01 9.499408963721346311e+01 1.031432774265056338e+02 1.003164321445030112e+02 1.087930072881799219e+02 1.102660804016478409e+02 9.039427295408604834e+01 7.640743954970076857e+01 6.645783315700086291e+01 6.723386265285515151e+01 8.300866625404077581e+01 7.719863428968687913e+01
2.247884206357958405e-03 3.164525544374730881e+00 6.367088620476460292e+00 2.636705190464266124e+01 2.087840069267008758e+01 4.087838352013320531e+01 5.607299150652792719e+01 6.435505159538239184e+01 7.435378512286487762e+01 7.799136634192227291e+01 6.970876058582966550e+01 7.799136634192227291e+01 6.728468016296395149e+01 5.921888300504777902e+01 4.548950511320100532e+01 3.122937027548942268e+01 5.126439039154450938e+01 5.916610427199847777e+01 5.102326310316716729e+01 3.585758970082848407e+01 4.761624160782938020e+01 6.593910744597602047e+01 6.714781765062144814e+01 5.754655142352200414e+01 7.861085744468223879e+01 7.363546984218041302e+01 7.605442026533083322e+01 9.499408963721346311e+01 1.039317070043466060e+02 1.041017661642102610e+02 1.123468352801499179e+02 1.003301766778669872e+02 8.050408820651868780e+01 8.050408820651868780e+01 8.127465626428771373e+01 8.708243947386630168e+01 9.703532422020523995e+01
