LEM/sinusoidal_perturbations/elevation_000781.asc
nrows	100
cellsize	150.0
xllcorner	0
ncols	100
yllcorner	0
NODATA_value	-9999
[rows 0 to 16 of 100, columns 37 to 73 of 100]
9.784271350867001615e+01 9.402243776462771052e+01 8.572036312472326358e+01 9.402243776462771052e+01 1.035102727249870611e+02 9.526568503352839912e+01 9.526568503352839912e+01 1.010828500360601794e+02 9.960476317297590754e+01 9.133106497273780633e+01 9.176961042248615286e+01 9.707796598338612171e+01 9.310391062886847635e+01 1.014386409750199221e+02 1.114667930493553030e+02 1.287868183736320873e+02 1.204689690915359108e+02 1.230873021155334897e+02 1.313977212055738164e+02 1.351704918676022089e+02 1.266313508749541086e+02 1.182626527489927355e+02 1.209992789196798952e+02 1.293668749654009673e+02 1.249086383171794949e+02 1.332739290803981476e+02 1.248083756827451083e+02 1.164413148313528694e+02 1.164413148313528694e+02 1.185798159000605239e+02 1.195484291296268395e+02 1.111992530354513065e+02 1.085838841387083420e+02 1.169330139883073798e+02 1.122223171308038161e+02 1.038718965412732018e+02 1.122223171308038161e+02
8.406986127814599286e+01 8.416878173920412110e+01 6.615208978440128362e+01 8.416878173920412110e+01 9.526568503352839912e+01 7.563683059068313241e+01 7.563683059068313241e+01 8.138598895006887801e+01 8.818237292208497990e+01 7.164991650537672285e+01 7.215510687501144105e+01 7.737594591145709444e+01 7.330921086312909551e+01 8.310289571122551422e+01 1.031049255465115095e+02 1.171660276183015981e+02 1.003218106154202616e+02 1.029343340310292092e+02 1.230873021155334897e+02 1.261487955196589894e+02 1.066022413186566098e+02 9.806622771449357856e+01 1.007942671290130363e+02 1.177021566621012738e+02 1.046970326550253674e+02 1.216074599679768653e+02 1.164413148313528694e+02 9.638951310395827932e+01 9.638951310395827932e+01 9.850359584516023403e+01 1.111992530354513065e+02 9.110514096727141009e+01 8.850367524773139394e+01 1.053267850484491532e+02 1.021834968291840227e+02 8.382824548924969577e+01 1.021834968291840227e+02
6.450108590618320648e+01 7.593622645456233045e+01 5.647233222583371770e+01 7.593622645456233045e+01 8.194456642969028337e+01 8.135595813777133856e+01 6.189866156231684613e+01 8.138598895006886380e+01 7.940978051734886378e+01 6.043173307650992854e+01 5.840992911977397739e+01 6.359451496525304037e+01 8.323124027159437333e+01 1.014386409750199221e+02 1.114667930493553030e+02 1.088370017219444463e+02 8.886110078336552931e+01 1.025200671939640102e+02 1.226098160372107628e+02 1.118770357694036619e+02 9.760527601914844809e+01 8.647940787213414637e+01 8.919069852825180078e+01 1.015979464597835147e+02 9.307576535294239761e+01 1.132394623473801545e+02 1.164413148313528694e+02 9.638951310395827932e+01 8.240547979032108117e+01 8.449646846201147810e+01 1.012011228590082226e+02 9.699057013011889694e+01 7.702247370456554165e+01 9.699057013011889694e+01 9.385007101526139195e+01 7.392162811281588120e+01 9.385007101526139195e+01
5.075097837785638433e+01 6.391195940687291710e+01 4.996020672446265110e+01 6.944826171165269102e+01 6.207253805890111664e+01 7.550838787809193775e+01 5.603985935863246937e+01 6.787353665676309333e+01 6.571505543526087934e+01 5.172974147819164870e+01 7.123124131950729065e+01 8.320096166643983793e+01 9.146303440150637698e+01 1.045061921678317987e+02 1.135202268871120594e+02 1.025200671939639960e+02 8.269016688477206856e+01 9.664059279003197389e+01 1.167143740395621165e+02 1.035150659979212833e+02 8.344062030979152667e+01 7.836340256902158785e+01 8.027779921070727198e+01 8.153697712737033498e+01 1.015979464597835147e+02 1.017524644101711999e+02 1.101945324050482498e+02 1.067371107641208141e+02 9.290183725679544580e+01 7.314768550319797669e+01 9.290183725679544580e+01 9.096996252819187134e+01 7.109117212043950929e+01 9.096996252819187134e+01 8.720725671444624538e+01 6.738887012777689733e+01 8.720725671444624538e+01
6.391195940687291710e+01 4.435171252623549520e+01 4.400534211981954513e+01 6.354785420743746727e+01 4.820516187303828559e+01 6.472405657180411254e+01 6.787353665605773756e+01 4.836755362259248869e+01 4.615917199677530647e+01 4.840822996699962744e+01 6.792471951178673351e+01 6.536679086446014253e+01 7.661114209203665837e+01 9.631091831797370162e+01 9.943435383487249624e+01 8.534848078263301829e+01 7.784730996103056100e+01 9.170837241100713300e+01 1.116959287271795773e+02 1.053929309911278125e+02 9.081887176995401489e+01 7.094063785968860714e+01 7.223634121414519882e+01 9.214111482503363959e+01 9.850010815190876201e+01 8.154916014922810064e+01 9.850010815190876201e+01 9.367574620807459951e+01 8.061438165202851280e+01 6.826156038863453546e+01 8.796329931839606786e+01 8.565713231609917955e+01 6.587400437144194143e+01 7.887157541169534625e+01 8.148618129908743413e+01 6.178203612295720148e+01 8.148618129908743413e+01
7.207696014053989586e+01 5.814395728096508975e+01 3.847239672224519325e+01 5.403473745601895928e+01 3.675151552139670486e+01 5.649163742681502498e+01 6.055528517000793443e+01 4.340280463287744794e+01 6.301654595668193792e+01 6.792471951183634360e+01 5.162011711684411353e+01 7.110664092599968455e+01 8.264082209980273319e+01 9.417019542815299360e+01 8.593124674479254566e+01 7.157904540118137504e+01 8.127027332992336994e+01 9.519414452513574076e+01 1.152280737670272117e+02 9.704093102513229496e+01 7.706217401640736853e+01 6.584345533457687338e+01 8.550619028807074073e+01 1.004852886540247852e+02 9.008808125659567168e+01 7.048848326651311424e+01 9.008808125659567168e+01 8.458073974277530738e+01 6.722023103764601615e+01 6.367842715822049371e+01 8.409994352192011036e+01 9.396277609783068385e+01 7.887157541169534625e+01 5.922256536361535950e+01 7.280775926398023046e+01 5.680032450200177152e+01 7.639859289119290509e+01
7.205750790579277520e+01 5.495208976428683201e+01 3.521868539510980867e+01 3.438660016960281496e+01 5.414697534266830559e+01 3.916709041640594080e+01 4.088736153695435860e+01 6.055528517000793443e+01 5.728692109723382941e+01 7.684908399967167725e+01 7.110664092599968455e+01 5.496565296126259881e+01 7.444767251233437833e+01 8.119837999411116414e+01 6.641713721900073608e+01 8.014412339504816885e+01 9.943434666509131148e+01 1.093686193021237472e+02 1.034017927686293490e+02 9.445541079510256566e+01 8.227365657406284072e+01 6.290680581772294033e+01 8.191390961071198262e+01 8.131663025001302003e+01 8.241813465777752867e+01 6.404512561765926648e+01 8.315857693293709474e+01 7.719171135102982362e+01 5.755646415564140739e+01 7.193497546550112531e+01 7.864562543173039444e+01 8.689037261328608963e+01 8.715024829066807399e+01 7.280775926398023046e+01 5.327044207188041725e+01 5.212854257757911114e+01 7.164534239294607687e+01
5.808579074654188901e+01 4.418392310476625795e+01 3.204595078887591342e+01 3.590708394296807882e+01 5.565948863279878367e+01 5.885998816602626960e+01 4.880815390256467623e+01 5.501092428872401996e+01 7.428815120457007026e+01 7.684908399967167725e+01 8.174308094877042663e+01 6.268822589003237056e+01 5.853999565185298337e+01 6.172528179939484261e+01 8.119837999411116414e+01 9.417019542815265254e+01 1.081962674242903120e+02 1.092789270872612235e+02 8.916144157384057678e+01 7.511085182114103986e+01 6.651055783891104056e+01 6.024318033062800026e+01 7.423822529962630767e+01 5.412534663216629838e+01 7.042606069395624502e+01 5.830170358757171556e+01 7.727989393459026246e+01 8.547462287507637768e+01 7.193497546550112531e+01 5.239309256311471330e+01 6.712409645950457104e+01 6.712409645950457104e+01 7.932382005804048219e+01 7.108499026587031722e+01 6.716784056046152784e+01 4.768187669990630440e+01 6.306121012365272094e+01
4.723678605959435117e+01 3.010851168831485936e+01 4.994811306894443703e+01 5.565948863279878367e+01 4.167839084398827509e+01 6.133140398921371883e+01 6.923267725452417665e+01 7.363756780244902700e+01 8.250368577822999328e+01 9.660454045750310570e+01 9.051521416903625550e+01 7.316754862333398535e+01 7.799702237131653249e+01 6.466133903985786446e+01 8.416162722876330804e+01 9.814655150968226849e+01 1.064261688230673002e+02 1.164031191640042664e+02 1.034017927686276295e+02 9.445541079510229565e+01 8.088438911908703233e+01 6.172533138847133927e+01 5.700917701370612889e+01 5.935537281783365415e+01 5.101030696132853848e+01 5.292415238469477146e+01 7.193810523531776369e+01 8.653237680457745284e+01 8.018039972220434208e+01 6.712409645950457104e+01 4.760474408246479783e+01 6.270383357592499607e+01 6.790037204769645030e+01 5.150237039676041206e+01 6.073491681195513792e+01 6.152036513975250642e+01 4.352918324620953427e+01
2.820443941363546259e+01 4.807352460733480370e+01 4.418392310476625795e+01 6.386409865655819118e+01 6.133140398921371883e+01 4.779763500179166158e+01 6.736975629788933873e+01 7.450119044622411479e+01 9.421457815153890181e+01 1.084645622158133449e+02 1.002306976764217126e+02 9.202414823149517531e+01 9.217067374525350942e+01 7.584497887799537352e+01 7.196815449487174021e+01 7.841962900773219758e+01 8.818404219745237071e+01 1.081090608219119673e+02 1.017699166028119180e+02 8.174799755392298550e+01 7.042710458358764924e+01 8.078690448814445801e+01 6.706579355035852075e+01 7.397635927533569600e+01 6.720604173283658156e+01 4.766486735631053051e+01 5.863856183752483986e+01 7.258546932105113569e+01 8.378391752408516879e+01 7.534325042620265833e+01 6.270383357592464790e+01 4.312784193369536467e+01 5.834812925737571732e+01 4.012428487138531352e+01 4.112031100344899670e+01 4.211671168904477724e+01 6.169372393879525873e+01
2.695809225150679111e+01 4.682505709958357443e+01 6.386409865655819118e+01 7.205750790579277520e+01 7.554764926318910057e+01 5.909776390810668545e+01 5.496322413215747815e+01 7.450119044622411479e+01 8.064989745650763098e+01 1.002451630728026117e+02 1.053723106224975083e+02 9.669143539800374754e+01 1.036896539702826914e+02 9.550685645384380962e+01 8.167443294506726659e+01 9.814651922729633782e+01 1.064261688230673002e+02 1.164031191640045364e+02 1.100921361702086614e+02 9.852069003544056613e+01 8.020480104732862969e+01 9.391901937179233073e+01 8.590790988891026814e+01 7.766809634973859033e+01 5.809538438065679600e+01 6.438551616115417175e+01 4.457766396158931599e+01 5.586763896663737228e+01 6.982577824536127764e+01 7.345902163943337371e+01 6.457091356406903060e+01 5.714912701912753334e+01 3.872034957362792085e+01 5.843226359928934244e+01 5.501971345893639409e+01 5.590150463768856781e+01 5.619684448075813776e+01
3.046451640201539135e+01 4.969757515437414952e+01 6.632799020638148590e+01 7.525953612653917446e+01 8.689639142367430225e+01 7.866950804224404692e+01 6.621201281090617385e+01 6.470418607208462447e+01 7.850496087500576436e+01 9.823736894308942169e+01 9.339404107656486076e+01 7.641367534343871171e+01 9.339404107656486076e+01 1.097499872431640995e+02 1.014669671638580297e+02 1.097499872431640995e+02 1.124217024060742887e+02 1.041044259369658391e+02 1.124219726139016018e+02 1.085379823520015492e+02 1.002157114531573683e+02 1.085379823520015492e+02 9.170850410070245573e+01 7.185236903804113240e+01 7.766809634973859033e+01 6.438551616115418597e+01 5.586763896663737228e+01 4.161196401076674789e+01 5.892675358399220897e+01 5.626027313476853209e+01 4.909734492852235377e+01 3.738523110905654079e+01 5.714912728550856258e+01 6.661691355620240529e+01 7.479757864641364051e+01 7.510386629338790954e+01 7.584839027901408315e+01
4.969689975144117255e+01 3.844674229620837735e+01 4.701550799245642764e+01 6.115658607657539392e+01 8.109829654999924742e+01 9.407265243438203584e+01 8.582441767255004095e+01 8.428444938900737782e+01 9.250117512822993149e+01 8.865271198170900391e+01 8.034137057911711111e+01 6.498744636024180465e+01 8.490315271060931934e+01 9.723696328381892329e+01 1.037869801445019675e+02 1.122195414704746952e+02 1.025650449241144599e+02 8.454309906269674002e+01 1.025650449241144599e+02 1.150696376905198406e+02 1.067525976908802505e+02 1.078031152423823187e+02 1.000349886049629902e+02 9.170850410070245573e+01 9.238190745049855934e+01 8.378391752408508353e+01 6.982577823745357648e+01 5.314918841566377949e+01 3.904070654818532660e+01 3.747536652530759227e+01 3.605920320716054306e+01 5.586902485517685335e+01 6.523547497442145016e+01 7.020258501894760172e+01 7.535326102347869437e+01 6.733828095891897192e+01 7.535598423317375705e+01
5.483830429234899384e+01 4.961754607389396909e+01 6.632799020638148590e+01 7.525953612653917446e+01 8.074474219341554715e+01 7.856912390274854374e+01 7.875293476704152340e+01 7.050178561792608889e+01 7.875293476704152340e+01 7.647979557429842146e+01 6.051023911250261023e+01 5.752982009975720246e+01 6.893025062686540139e+01 8.885353927983787514e+01 8.295902625547734033e+01 1.002739861558745247e+02 9.432375571714311491e+01 7.500467071738557934e+01 9.432375571714311491e+01 1.035343428776881467e+02 8.681405136650863597e+01 8.785786871940953802e+01 1.019896546766338048e+02 9.547494536476339988e+01 8.720930537619253187e+01 9.547494536433873691e+01 8.112220475779265882e+01 6.690674546234411935e+01 4.905511848446158041e+01 5.496592646813351024e+01 3.512645390867970718e+01 5.404182175163697366e+01 5.489057774072877294e+01 5.009689056321241907e+01 5.685774426819509841e+01 4.782988476166001135e+01 6.570629020530110154e+01
7.448745150722132280e+01 6.959547885000320377e+01 7.785649133285484425e+01 8.074474219341554715e+01 6.091771840082540734e+01 5.875163774819473161e+01 6.883300003558476021e+01 5.069512229687747151e+01 6.883300003558476021e+01 5.665978886556530369e+01 4.909203458752303817e+01 6.051023911250261023e+01 8.034137057911711111e+01 9.176195536000452080e+01 7.103023506924637331e+01 9.176195536000452080e+01 8.788405892130836605e+01 6.864939320928824884e+01 8.788405892130836605e+01 9.524107260325446589e+01 7.539498827023474803e+01 7.386616476890021943e+01 9.204649946443883834e+01 8.555726871754616525e+01 6.742351972151460870e+01 8.555726871722576732e+01 8.746291514131910105e+01 6.847698599636069616e+01 6.847698521772387892e+01 5.800332387117777699e+01 4.723745997789865925e+01 3.394706803277889406e+01 3.490206343441425929e+01 3.585784530233134859e+01 3.681908946545215144e+01 3.778535628691241754e+01 5.780134433285198980e+01
7.711665133555122509e+01 6.903972832275314886e+01 7.365467793736698354e+01 7.856912390274854374e+01 5.875163774819473161e+01 4.470912586105614395e+01 5.463258545892453810e+01 4.071624148221538064e+01 5.660989031854901299e+01 4.261710739501862832e+01 6.246493442739036084e+01 7.716359554342977844e+01 8.865271198170900391e+01 8.392610162573333810e+01 6.340866668601748302e+01 8.392610162573333810e+01 8.233148806128734520e+01 6.310517215173057082e+01 7.531102314774737749e+01 8.340565806428207907e+01 8.378293047122551229e+01 6.402564925919303107e+01 7.603348720694148710e+01 7.731641254885357739e+01 5.759108392664305853e+01 7.243535606253333015e+01 8.066612483073845397e+01 6.861621029289038631e+01 5.623119255265871885e+01 5.221018216098060094e+01 3.305573968072812363e+01 5.268306292717849715e+01 5.498090278220814042e+01 5.008320727365579472e+01 5.685774658417949468e+01 5.775363979258984415e+01 3.916625155674213232e+01
6.603487684124347368e+01 5.000807512940704669e+01 5.454366048689087165e+01 7.365467793736698354e+01 6.834042490496415212e+01 5.463258545892442442e+01 3.464527062852744166e+01 3.306401077052891679e+01 3.666804446947426044e+01 4.564998698279398326e+01 5.710459255141380197e+01 7.691306564901981346e+01 9.193752910351730634e+01 7.743791901035126557e+01 5.712731502136202977e+01 7.743791901035126557e+01 9.047149535032872336e+01 7.531102314774737749e+01 5.602225346585567678e+01 6.921137422618254220e+01 7.728242741538269911e+01 7.603348720694148710e+01 5.632291500154847341e+01 6.927272925331193676e+01 5.060122984025627346e+01 5.269179184501749091e+01 6.924565117540434755e+01 6.105574535821467208e+01 4.233939491398847821e+01 3.216720695737198099e+01 5.220535272207693822e+01 4.384750738444027007e+01 6.364335076348292830e+01 6.999922434954096673e+01 6.977898254019422097e+01 4.988308676304232137e+01 5.914528732116984600e+01
