LEM/sinusoidal_perturbations/elevation_000335.asc
nrows	100
cellsize	150.0
xllcorner	0
ncols	100
yllcorner	0
NODATA_value	-9999
[rows 51 to 67 of 100, columns 0 to 36 of 100]
6.455108993161302530e-03 1.418239170878325695e+01 3.447266741116801114e+01 2.710841056635561586e+01 1.132091063880461546e+00 1.344440439489213324e+00 1.622044021095814248e+00 1.999278373661985242e+01 2.375216152426954253e+01 1.552299646986310400e+01 2.935399649619619922e+01 2.844792726721834697e+01 1.413378043362575909e+01 4.156282213693866190e+00 8.087631968891244583e+00 1.925105671590587519e+01 2.233196864991117536e+01 9.741508227378586682e+00 9.838199669937141678e+00 2.551972150498220060e+01 2.613031522961400555e+01 2.171309064483494211e+01 2.500399686099674668e+01 2.716614616827557427e+01 7.589242991263709825e+00 1.674942371421190401e+01 1.313485727802799374e+01 3.391936249869158360e+01 4.804632584732035383e+01 5.722078189073625509e+01 6.282999346296247722e+01 7.442240205171931677e+01 6.742663169375218502e+01 7.609650800136418525e+01 8.451968930270656699e+01 7.921915195212451977e+01 8.756705662774237453e+01
3.995603441288198172e-03 2.000398212957801647e+01 3.577904504141026365e+01 3.751876490498330696e+01 2.556776796698297360e+01 3.497443462487359600e+00 1.456113086362279541e+00 1.325282055629316247e+01 2.938135091569289159e+01 2.177324555544949192e+01 3.648043949193836966e+01 3.611454977031723956e+01 2.785288181629539750e+01 6.904720400116846513e+00 4.563574068532485484e+00 4.848339045972682726e+00 5.130618582040593623e+00 5.411700570765055396e+00 5.693132709294738802e+00 6.015394386422287631e+00 6.343601818224387401e+00 7.583374073418452710e+00 7.014072620833738725e+00 7.235800831094709729e+00 1.541687615245650989e+01 2.979396585052036173e+01 3.356006699853634245e+01 1.971326153508116619e+01 4.008378945467354271e+01 5.127298661053144713e+01 5.723418939377225456e+01 6.396491481558891934e+01 7.234377669357523644e+01 8.491221659349972128e+01 8.887654080362845832e+01 7.988278054380759841e+01 7.236789311845514305e+01
4.804567899273937473e-03 8.497977880169852227e+00 2.007594092833059563e+01 3.773402231855587274e+01 2.929992625735055256e+01 2.058782386916521379e+00 1.273566018654370069e+01 2.370096203022286119e+01 3.669418249157661904e+01 3.778299448515041803e+01 3.267144139028788885e+01 4.826708041361560930e+01 4.335455767832281992e+01 2.567220374891876489e+01 1.245588420686754638e+01 2.869096304598823366e+01 2.679297004259878534e+01 8.782480048812821849e+00 1.703299888396163198e+01 6.299144066032194900e+00 2.651172906545033214e+01 6.704024560258349474e+00 2.695585591579611062e+01 7.581397714147627198e+00 2.750043238944847346e+01 3.602990972287427951e+01 4.271598263804515483e+01 3.909748942877231315e+01 2.677566330078681744e+01 3.194239092899748300e+01 3.833771916216058173e+01 4.531490604280372736e+01 5.624172332877784442e+01 7.590735173437346361e+01 7.583747552613212406e+01 6.324456244415033268e+01 5.305420415733824768e+01
9.707512844716031236e-03 2.000970749122312498e+01 3.577909069052478230e+01 4.404050137295034517e+01 2.260292223530165856e+01 2.417934422500322533e+00 5.804266284312546098e+00 2.318972558380435700e+01 3.217022485724791636e+01 4.037076394612653019e+01 4.828699862141997556e+01 5.112631827626865544e+01 5.970909777219928571e+01 4.619803335894799545e+01 2.399116156539151135e+01 4.619803335140350242e+01 3.903316992168788602e+01 2.298262918676065425e+01 1.166429695338460881e+01 3.134783293918821556e+01 4.565003278858302593e+01 3.746719878376784152e+01 3.015612038924871641e+01 9.911038457727686435e+00 2.965724467190807800e+01 1.970315546093503301e+01 2.430648137926565511e+01 4.304339911348044012e+01 4.528157258360312909e+01 5.122597170196171135e+01 4.861032659836358505e+01 6.399660186928792882e+01 7.228172755983675302e+01 7.276161452106235572e+01 6.588550440337377267e+01 4.964849882660305269e+01 6.906597884442341240e+01
5.001202446392439237e-04 2.000050012024428270e+01 3.863254012388246394e+01 4.343351069258541486e+01 1.868990091316014812e+01 2.722810930147418151e+00 2.047264992707879117e+01 1.075919094704942225e+01 1.431754232642842162e+01 3.270726527363477487e+01 4.139467875992578882e+01 4.097626026061930560e+01 5.814473236418150748e+01 5.914777737912353928e+01 5.015624830466701667e+01 5.929756103332612582e+01 5.280780591701669380e+01 3.534898651360488486e+01 1.536399343992811950e+01 2.314234429682890948e+01 3.305420040515203794e+01 5.286804407905935221e+01 3.833411973404952278e+01 2.403396706996649002e+01 1.343331281453578541e+01 2.708773087586767758e+01 4.351128512532752524e+01 3.160933924572724507e+01 4.476445016201800087e+01 5.923149262448116303e+01 6.745006902244642788e+01 7.652139971675437380e+01 7.955180740174192522e+01 6.022464703948814702e+01 4.638546890638212261e+01 6.588552268781815258e+01 7.708133272656856150e+01
5.279685921607564676e-03 1.137466677293879513e+01 2.873685126953557045e+01 3.655182305713145752e+01 2.421354701544476384e+01 3.049996199398409047e+00 2.212359627720764621e+01 2.922934692490669661e+01 3.265772334428496038e+01 1.959379535602647593e+01 2.334988801970960282e+01 4.139616944479184468e+01 5.272536429998525875e+01 5.855113660683584698e+01 6.503625816900122913e+01 6.605015171696197740e+01 4.274102880092706869e+01 2.873972657818543652e+01 1.952545625057388889e+01 3.935855147250996566e+01 5.124320560627329968e+01 5.275555108636324775e+01 5.088408594435029642e+01 3.606439813013409434e+01 1.638573171749373714e+01 3.623182443980752510e+01 5.302425858734750364e+01 4.533378891227096119e+01 4.049865823513445662e+01 5.023792965272880906e+01 6.417089205387102879e+01 8.518067443770863179e+01 8.004660148678210874e+01 5.881622176352271225e+01 4.417617696679329242e+01 5.804022583643789091e+01 7.741021057730370103e+01
5.738623160518319517e-06 1.391937767173767071e+01 3.208193275752339702e+01 2.947089440985546105e+01 4.105074264558957964e+00 3.376478770183878098e+00 2.291037180833282250e+01 2.530402601875143986e+01 3.443729010978223926e+01 3.771747962468221971e+01 4.139556122851551834e+01 2.929079891109484635e+01 3.444004102531872746e+01 4.017081067707909625e+01 5.350287378065856814e+01 6.875662169828812864e+01 5.859610484771538097e+01 4.382663662851001618e+01 2.391577526821852473e+01 3.784783059459299892e+01 5.839462492390155290e+01 7.189874279806376478e+01 5.334400813356744209e+01 3.347154232164897536e+01 1.938237323688663949e+01 3.347149216248732984e+01 5.333945953809116958e+01 6.339520811754967156e+01 5.022742469702513546e+01 6.758642811175461418e+01 7.836328020249973747e+01 8.531550649740269421e+01 6.861012022046814707e+01 6.159904284686907516e+01 4.203945494573996911e+01 5.610842320612487555e+01 7.651586775320987499e+01
4.532054705376768917e-03 1.414666767843645268e+01 3.414666767843715434e+01 3.885362301731212398e+01 2.723994020899116109e+01 1.077363463029200297e+01 3.823308925694258065e+00 4.436228570372755087e+00 2.002184481794170878e+01 4.252422744764939466e+01 5.520233780915351218e+01 4.744976954882761078e+01 4.400397840405477012e+01 5.855113660683584698e+01 5.413740591665578705e+01 7.207885257178888594e+01 6.464178634849525906e+01 4.341396866251763242e+01 2.931791436103620896e+01 4.006393688373180595e+01 6.056873054807358159e+01 7.162907372007686035e+01 5.675697706408953280e+01 3.670631311950921116e+01 2.254851510991438701e+01 3.150279560756261077e+01 4.307205976652193158e+01 6.296848661433072181e+01 6.416099500617120555e+01 7.765269075023722678e+01 8.195261263083632741e+01 7.427654561700661873e+01 6.692190408422183623e+01 5.114820795467868919e+01 3.995356972619548941e+01 5.952903114427485320e+01 6.823110832717209462e+01
9.001595176218036079e-03 1.147971421993939600e+01 2.509118552221893950e+01 4.374938178957443569e+01 3.799504042532749537e+01 2.211738013898358091e+01 2.227892097867366772e+01 4.266424199762656855e+00 2.445966568660878693e+01 4.126682489887640770e+01 4.522641088183178937e+01 5.368692659772694498e+01 6.272271764886900769e+01 7.049827419462118883e+01 7.460443201100413546e+01 8.162776000942989185e+01 7.116505188172608598e+01 4.961867341866235392e+01 3.621852841419813984e+01 5.657677741820522499e+01 6.932884884134895742e+01 6.351212680600674076e+01 4.351894711317657993e+01 3.199049539921042751e+01 2.679195712688521169e+01 4.704706473131799527e+01 5.991828123695528063e+01 7.154049534557537982e+01 8.487372615227826600e+01 8.290812426261673806e+01 6.685195712703516335e+01 5.627525431030372260e+01 4.763992606119344941e+01 4.270260554636308825e+01 3.792048229219735589e+01 5.748140299521497809e+01 4.955270770466970731e+01
5.674351268809080251e-03 2.000567435126845339e+01 2.895379071592272169e+01 4.895379071592201115e+01 4.516391689711927171e+01 2.864644407940242843e+01 4.723097344202373371e+00 1.268360939386967345e+01 7.956194913841502903e+00 2.849614690180751353e+01 2.503825042967780590e+01 4.523919856903411585e+01 5.632942588405244067e+01 6.011180990785511824e+01 6.418453920106060195e+01 6.640929565400701051e+01 7.482215418453617417e+01 6.532327604373824670e+01 5.657677741820516104e+01 5.045618242476982118e+01 7.135320086114973037e+01 6.887203220726085817e+01 4.660376121214834910e+01 5.185242547895008158e+01 3.584222515855995539e+01 3.417458621498765581e+01 4.875205510156580146e+01 7.034770949328124345e+01 8.563305133292561777e+01 9.108155148058817474e+01 7.710849968826092038e+01 5.806245165525437102e+01 6.692190968432311138e+01 4.997120255044385573e+01 3.605764666835330701e+01 3.972044331687230567e+01 5.910414614435499203e+01
9.518805923843161668e-03 8.953790715923078736e+00 2.309592633965428021e+01 4.309592633965498720e+01 4.075059221908491480e+01 1.903137668710190411e+01 5.052290291451222437e+00 2.080086647457912363e+01 1.823821896056853475e+01 1.152828518648883538e+01 3.095638209567831112e+01 3.832284814496581760e+01 3.595564469807018071e+01 3.974305328782012481e+01 4.382089828340907900e+01 4.604910624993524237e+01 6.088879028512488389e+01 6.807313550488912313e+01 7.648603353740342925e+01 7.135320086114973037e+01 8.019036966270650169e+01 7.968006621159035774e+01 6.935549417058386723e+01 6.574839597642892386e+01 4.789674595250929912e+01 4.878600411036951101e+01 4.341172200693844019e+01 5.422440345422364771e+01 7.887571928265934673e+01 9.057473133801980225e+01 7.154570616211422873e+01 7.711917859676644582e+01 7.799094191007064580e+01 6.388183987979261502e+01 5.303571745773513157e+01 3.345137126850975307e+01 5.276104160407763288e+01
9.062254805971973678e-03 1.415119787853704736e+01 3.415119787853775080e+01 4.983433986481394129e+01 4.127949498770169612e+01 2.606661319320404502e+01 5.384703210981187205e+00 2.411929888763355478e+01 2.613659030633299096e+01 3.037886940629560684e+01 1.529192080727818670e+01 1.811449553205668295e+01 2.155819640254456715e+01 2.532103105256109998e+01 2.940353904319717770e+01 3.484100754108940379e+01 4.050767273496332876e+01 4.775274202685223912e+01 5.792059442523385115e+01 7.226204197232750914e+01 9.262323488628128132e+01 9.048485786260584973e+01 8.242789494613118961e+01 7.897575466537612954e+01 7.064879365084647134e+01 7.060626447925058358e+01 5.458131307044377678e+01 7.670043257774533174e+01 9.033684023538040719e+01 9.858668806588153188e+01 9.057473133801980225e+01 7.774333688732943415e+01 6.948390169754937062e+01 6.521825425243336838e+01 4.566834000648850633e+01 3.168217136137163337e+01 4.874080468641724195e+01
3.063233560239582431e-03 1.000306323356032578e+01 2.155006861735304469e+01 4.155006861735375168e+01 3.374721324314747051e+01 1.676462448219156798e+01 1.238352575695595448e+01 5.858738874777381866e+00 1.376868258196992123e+01 3.375779950744232849e+01 3.520333736280630177e+01 3.832296661612653565e+01 2.884228991197217695e+01 4.570892397748986014e+01 4.978527061854142488e+01 4.382089829530147540e+01 6.088879028512488389e+01 6.088879028514146796e+01 7.648603353778482017e+01 8.664007262180778923e+01 9.602107588396516746e+01 7.713616023858634207e+01 6.335913190562552444e+01 6.969588228854389911e+01 7.405637294619327804e+01 8.364606587736064114e+01 8.065198075782997478e+01 9.205559107628121751e+01 9.519313332497904412e+01 8.674542318676428465e+01 7.846633094095255956e+01 6.948390169958928198e+01 4.957253215226455723e+01 5.539755705123019425e+01 5.439662203798134499e+01 4.679293800654217250e+01 2.918352977132235893e+01
5.666595628964066558e-03 1.414780221935978943e+01 3.414780221935907889e+01 4.969814907747625199e+01 3.790636292010809427e+01 2.104388094427738665e+01 2.459634088296004961e+01 6.196549404103929959e+00 2.655735816860639886e+01 2.185932725601924176e+01 4.314029769776756496e+01 5.768929177307089162e+01 4.927438092194933006e+01 4.328560846697431685e+01 6.373255660471633632e+01 5.822778454198054021e+01 7.259949013938981466e+01 8.121422218418402394e+01 8.147300696403904396e+01 8.994286952426300275e+01 8.501434241982930473e+01 7.663930445821836202e+01 7.050960668462514036e+01 5.044797940810484249e+01 6.415493822512721067e+01 8.450153777871339855e+01 8.485848502801015059e+01 9.353657287905876672e+01 8.674542318819383979e+01 6.693205469928604145e+01 5.848837846185140421e+01 7.164080243784270863e+01 5.540419606728925572e+01 3.546476133850433854e+01 4.368101883487725701e+01 2.689863565676538926e+01 4.602476401559982833e+01
2.110006612196471242e-03 1.000200880093412259e+01 2.154672114697540763e+01 4.143053017323141773e+01 4.393993930339494369e+01 3.036170684933706099e+01 2.637306763001202370e+01 8.762280688573010679e+00 6.679403020479668385e+00 3.976758765241540061e+01 3.491694215180703509e+01 4.636353567211455129e+01 6.515226419202411989e+01 6.373255660471642869e+01 7.216302600187184169e+01 7.856548119137890751e+01 7.517901935658230173e+01 7.784602681420844306e+01 6.031177736037355430e+01 7.784602681420844306e+01 7.307056527288091274e+01 5.575818280833902918e+01 6.417859689377208099e+01 4.337678147683286056e+01 6.417859689377208099e+01 7.183792944688127591e+01 6.590601732491134612e+01 8.555623316868521044e+01 7.846633094095284378e+01 5.848837846185140421e+01 4.696603508099723712e+01 5.167094777865639088e+01 5.213553683553307394e+01 4.382917999649281171e+01 2.460437535668709330e+01 2.530961375472192643e+01 2.601524151910247795e+01
9.367352646185668139e-03 2.000936735264583177e+01 3.573602997379970958e+01 4.548759293966664075e+01 5.156269793755755160e+01 4.294761336836718613e+01 2.606336435439188293e+01 1.335931974595468930e+01 7.022561009500768670e+00 3.930955917905482977e+01 5.430458672332360237e+01 6.219514781233694833e+01 7.311734455022069312e+01 6.688046635396132444e+01 7.519676290918607720e+01 7.517901935658230173e+01 5.387517583075003813e+01 5.778450688098563859e+01 4.779518001743486622e+01 6.925556535598310859e+01 6.369358085793846413e+01 4.341793693780667240e+01 5.300194422885596879e+01 3.775466032859677767e+01 4.411060926815770955e+01 5.122828894866087523e+01 7.183792891924373691e+01 7.918758414069780827e+01 7.081393680367368404e+01 7.164080243784275126e+01 5.167094777865639088e+01 3.750278377918832007e+01 4.389489438014048517e+01 2.369437778062291144e+01 4.303046156006347189e+01 4.588977973817031142e+01 4.617767342829665012e+01
3.648181865326004768e-03 7.562933084309628740e+00 1.756103206598688260e+01 3.732556567857869112e+01 4.844774815001210300e+01 3.759398516359721754e+01 1.304689843801619276e+01 7.506034143504919598e+00 2.290039513721398023e+01 3.762678401267983475e+01 4.217022976197087303e+01 6.220797124348010954e+01 6.368967730971470331e+01 4.701027476395301363e+01 6.368967730971470331e+01 7.339684823563975158e+01 5.157269896051943903e+01 3.633904027187323038e+01 4.967064962136577577e+01 5.841053061675932412e+01 5.511801846312462061e+01 3.399359853927567343e+01 3.200232684414689999e+01 5.300194422885596879e+01 6.500869892086571156e+01 7.183792944688127591e+01 8.005075772110372156e+01 6.758213687484881405e+01 5.076019445438144828e+01 6.183929237244061738e+01 6.579494570617134741e+01 5.021073495321538616e+01 3.009867548411357063e+01 2.768404119565605725e+01 2.279893743405016338e+01 3.365435218249943716e+01 5.215530327793459975e+01
