LEM/sinusoidal_perturbations/elevation_000716.asc
nrows	100
cellsize	150.0
xllcorner	0
ncols	100
yllcorner	0
NODATA_value	-9999
[rows 17 to 33 of 100, columns 37 to 73 of 100]
4.656987387007764312e+01 5.546486152473691789e+01 6.844450552787115782e+01 8.624039879408864806e+01 8.428445035788909934e+01 9.036253853675863468e+01 8.642812335307102956e+01 6.724472511236515970e+01 6.473488353826300568e+01 8.077471432341597790e+01 9.440803032465350952e+01 7.983269353417867364e+01 6.053825884856426853e+01 7.983269353417867364e+01 8.371573311341521162e+01 6.359556975280541735e+01 5.207905476757586882e+01 4.471935993236543538e+01 3.799773669004398613e+01 4.911384750489047946e+01 6.902058358826954532e+01 5.993722289011100912e+01 4.044413440329315534e+01 5.258931515909715415e+01 6.035027590798667063e+01 6.161217909584285479e+01 4.198656929458663001e+01 4.986467234423075467e+01 4.198296854465929329e+01 5.389182696614837198e+01 5.469542903572239112e+01 3.593523100438155637e+01 5.551600745765648526e+01 7.139304413033734420e+01 7.985241694606617102e+01 9.671261619193312242e+01 7.651164269450204358e+01
6.552115212036503067e+01 7.300923088267597905e+01 8.112237017623600366e+01 7.835091348667133104e+01 6.378254890731728466e+01 6.978571522734483779e+01 8.597902542526107084e+01 6.671680617274462577e+01 5.340687538296805315e+01 7.286341237086584499e+01 7.836077223209528597e+01 7.044527505325666539e+01 5.641702469077523574e+01 7.023483775122618056e+01 8.926802428755162566e+01 8.037912877277439350e+01 6.925791475566747124e+01 4.939064913884515562e+01 3.577660556144532222e+01 5.205718814114823090e+01 5.486800922159324756e+01 4.955792797374147085e+01 4.953721922903270070e+01 3.130572405059472985e+01 5.048222932504498317e+01 5.150648987331554451e+01 5.191410897506323607e+01 3.344895777179111462e+01 3.401345370938227575e+01 3.457654269958073456e+01 3.513653716130697546e+01 4.859441189833187735e+01 6.254509843553148585e+01 7.509461034714128402e+01 8.412618213853214399e+01 9.573968964444347307e+01 9.671261619193151660e+01
6.504403546359803556e+01 7.367040187018936592e+01 7.384153721452354091e+01 6.977866294204726216e+01 4.962697130980563998e+01 6.973258756251429702e+01 7.417325622839280186e+01 6.671760149893522396e+01 4.726866671371512041e+01 6.671760149893522396e+01 6.551078373008387246e+01 5.097544395650703564e+01 7.044527508607608013e+01 8.035806874282016565e+01 7.254091505632513304e+01 7.120071723011903941e+01 7.510998819602960452e+01 5.520896513106438874e+01 5.205696557135495794e+01 3.270343397164358379e+01 3.609434350725699403e+01 3.017298896656716778e+01 3.057126700940393249e+01 3.098601538461351268e+01 3.155098270535308558e+01 3.209704398284495142e+01 3.265247355130794205e+01 5.206963941895998715e+01 5.537505400783113885e+01 5.412606109167468560e+01 4.157358344687006735e+01 3.951586253665441717e+01 4.672725723252305841e+01 5.556584441347473557e+01 6.729252212655586618e+01 8.752864004275188847e+01 1.038723854786382503e+02
4.606149759102844854e+01 6.490518813841886470e+01 5.375343729177043883e+01 5.375343729177043173e+01 4.279196211579522213e+01 6.262089261405353824e+01 5.485609634537227208e+01 5.485609634537228629e+01 4.235079537152022766e+01 6.087200465150403517e+01 4.606747275345194481e+01 6.551078373008387246e+01 7.836077223213845855e+01 7.242843812295821238e+01 5.079062014406738967e+01 5.057165662522336191e+01 6.437574923190040010e+01 5.881268809337036174e+01 5.643138537169609492e+01 4.823012337531734772e+01 2.960646708293291596e+01 4.900465658119980361e+01 4.937132624258224922e+01 5.033621145517027884e+01 3.177881716870730600e+01 5.102069330655627510e+01 3.577522536490985772e+01 4.598672488619767051e+01 6.611089017074844776e+01 6.848070163939186727e+01 4.999776385043178806e+01 5.921186513214605895e+01 4.456997193336948015e+01 6.455239136617186091e+01 7.559082499304930991e+01 7.559082499303244163e+01 9.102005447887236755e+01
5.146667323590354215e+01 5.389235944234883391e+01 4.663154144305470794e+01 3.424880899959554625e+01 5.375343729177043173e+01 5.940224023909483719e+01 5.142044077579466688e+01 3.570340896312534085e+01 3.858179075048712292e+01 4.153395639963505914e+01 6.087200465150403517e+01 7.346154135210079517e+01 7.361768394335011578e+01 7.161124099608791482e+01 5.653089531029117865e+01 3.644958486227539396e+01 4.721860054682550611e+01 4.088520166882679518e+01 4.772205913945036571e+01 2.904354354912689828e+01 4.172963882547217906e+01 5.332342281145280083e+01 6.731220192562902582e+01 5.156545663332511253e+01 3.232176162391061780e+01 5.156549591398412247e+01 6.140693335995148772e+01 6.544354773281733628e+01 7.440436670680817599e+01 7.858989787665704796e+01 6.424469735609154952e+01 7.287692287611550057e+01 5.598606189530248400e+01 5.041618003248394331e+01 5.523768471556878268e+01 6.243704579049019543e+01 7.270191439671010869e+01
5.188952556986077269e+01 4.660146480563859228e+01 2.693573041120783174e+01 4.355215003400651597e+01 4.597392632818624492e+01 4.810108905217731490e+01 3.231400268491250216e+01 5.142044077579528505e+01 5.781917073193651646e+01 6.072408099393995684e+01 6.873414632211431297e+01 7.361663710832840479e+01 5.374379320543886251e+01 5.738835511459058836e+01 4.500765458829599908e+01 3.151754012921681891e+01 2.766691224846679020e+01 2.807162027330052823e+01 2.847479604976373579e+01 4.611953432640574135e+01 5.580042907403927899e+01 6.636734522793922508e+01 6.220310792806673561e+01 4.319475751628475280e+01 3.286649996658911732e+01 5.210955869646404182e+01 6.737201019754182596e+01 7.567542720034579418e+01 7.993557055139901024e+01 8.822613687896603096e+01 8.470110329684644057e+01 8.452988891485729539e+01 7.625421498111829521e+01 6.049298135955667277e+01 7.559082499304930991e+01 6.967162506797109245e+01 8.278486572047958703e+01
3.977962572337437308e+01 4.031497035394515649e+01 2.213787146051996757e+01 2.389872082844971501e+01 2.642336492368730561e+01 2.891932256456902550e+01 4.810108900662189058e+01 5.558394463323433143e+01 4.829298590851311701e+01 5.417542874488990634e+01 6.430403976449153447e+01 6.824950177872484858e+01 5.738947929921027225e+01 3.781314724252418102e+01 4.046822180397118984e+01 2.709236018187524309e+01 4.644450392266003291e+01 4.740813167299705810e+01 2.976798463215425272e+01 3.571696348324460502e+01 5.537919447838794440e+01 7.365037416583871277e+01 5.982863337600834086e+01 4.247203698956517570e+01 3.341730910406419497e+01 5.265160456745245909e+01 4.753907871676261010e+01 6.682359890543094139e+01 5.918196551808318162e+01 7.636890357270915786e+01 8.559092805660016268e+01 9.728201005113525923e+01 8.906484056356275403e+01 8.081594542882686483e+01 8.906484056356275403e+01 8.404553592074061896e+01 9.807697955788144384e+01
1.992507196832536209e+01 2.028132822299260596e+01 2.064351315504058348e+01 4.045146895752410643e+01 4.295971692646300966e+01 4.239891279588135831e+01 4.255958745688253231e+01 4.293736257836699366e+01 2.928106126379895358e+01 3.993939209013461777e+01 5.520882258198260217e+01 4.456917765179233726e+01 4.690723044773601202e+01 4.552297265019603856e+01 2.651410412757724089e+01 4.608829710844030814e+01 5.139369886431784806e+01 3.604329361237346063e+01 4.971490115272845856e+01 5.537853298116391443e+01 4.544791667342711605e+01 6.531047229599741399e+01 6.802022957832606664e+01 5.776007824875042473e+01 3.866051308203242343e+01 3.419873141942001382e+01 3.813737807823224557e+01 5.802639295660704022e+01 4.735228714951201567e+01 5.642832604924238638e+01 6.864482462348442482e+01 8.906997588625148410e+01 9.550427741273657034e+01 9.550427741273657034e+01 1.038305412216475503e+02 1.039691853431165782e+02 1.073712177825481859e+02
3.227866988941903514e+01 3.436291146383705097e+01 4.042276350855471634e+01 2.117935050660303276e+01 2.157541395655208305e+01 2.197900847931845192e+01 2.238784551158356351e+01 2.279971259779565074e+01 2.321214392329850540e+01 4.223055059425526991e+01 4.612202971249078587e+01 3.025987632356158485e+01 2.551670641853900534e+01 2.593225172662413058e+01 3.937227986851576844e+01 5.379183446407529345e+01 5.537108329091282144e+01 5.556883792317573523e+01 4.268192834346325526e+01 6.217096575376432810e+01 6.531047229599741399e+01 5.940390514490060525e+01 7.957018681924233761e+01 6.671055599648177292e+01 4.770842083347672968e+01 5.343192884588069802e+01 3.497578359185296648e+01 3.960301572805695258e+01 5.858250270873633525e+01 6.974975226742876089e+01 7.831275282994523934e+01 8.961116788723271043e+01 7.539179455281772846e+01 7.539179455281772846e+01 9.550427741273657034e+01 1.010378590825768015e+02 9.273206932602471397e+01
4.540982121166127428e+01 5.261348268778411352e+01 4.281836863104224733e+01 2.300968835309345550e+01 2.625184576816286608e+01 3.937760681887697700e+01 4.177531042239606052e+01 4.243387889337119390e+01 4.292989060924918476e+01 2.379176474935104579e+01 4.155242177720040786e+01 2.492597860864236026e+01 4.064573903748675576e+01 3.694749814847938296e+01 5.111543444868910768e+01 6.501879962471875274e+01 7.460920130282534046e+01 6.189511901554789830e+01 6.217096573749128652e+01 5.051094522506038231e+01 7.003260099333736832e+01 7.957018681924233761e+01 8.789684427729046945e+01 7.565193452703876176e+01 6.736338924940389461e+01 5.923000094009557159e+01 3.970360090607162107e+01 3.574800294885738339e+01 4.968188464727581533e+01 5.012770274028076045e+01 7.005945605590140701e+01 7.227132451103678079e+01 6.113277000895850932e+01 7.539179455281772846e+01 9.550427741273657034e+01 8.940438678110409398e+01 7.254178800716707087e+01
5.887830355283569617e+01 5.246314401124219984e+01 4.386089312175661092e+01 2.483276815068662202e+01 4.259764147735270257e+01 3.102579183039562238e+01 3.450101353806766014e+01 5.027329828560812075e+01 4.528657048657851192e+01 2.454808062029043114e+01 2.436033761712628731e+01 4.400104204141261022e+01 2.688492627518170153e+01 4.621676577590992707e+01 5.598124967930174023e+01 6.940124144660589423e+01 7.898363638512505247e+01 8.053410429960722183e+01 7.788434778635607358e+01 6.432967042446281880e+01 6.091648305163869992e+01 7.459038009647292711e+01 9.335702966795383873e+01 8.500920087386712964e+01 6.734567337848409352e+01 4.746649070907023571e+01 5.923003063483179176e+01 5.499496481858301422e+01 3.650344682430699095e+01 5.578564137869404504e+01 6.440241786074476238e+01 5.220954937497880621e+01 7.227132451103678079e+01 8.031670707456558489e+01 8.286160483531760690e+01 7.452465742818579031e+01 6.088506146979816691e+01
5.284341838418404791e+01 3.337126633090075956e+01 2.734203267324209818e+01 4.386109743654659354e+01 5.155114322801802018e+01 3.837762382638457126e+01 5.032230364215115515e+01 3.967921568987394210e+01 3.443275618209713684e+01 4.652754438769612477e+01 3.987538014103927253e+01 4.426130712246163057e+01 4.623522949034271079e+01 2.880327719136765197e+01 4.395811391421798220e+01 4.899848602894723371e+01 6.379557888212938366e+01 7.216970930134687023e+01 8.272265976565398660e+01 8.332946881643796644e+01 7.194523033119695299e+01 8.775892367792397408e+01 9.089747364270452579e+01 7.093868883117991686e+01 5.676174574757520475e+01 6.734567337848409352e+01 6.548354582687416325e+01 4.742513750672472383e+01 3.702942152747762350e+01 5.522914638082246341e+01 4.455325316840694683e+01 6.126860136602833506e+01 6.364112569631034688e+01 6.017783499774049005e+01 6.859313931388574304e+01 5.440990085215164385e+01 7.452465742818579031e+01
3.562668569170215704e+01 2.976794312172676626e+01 4.585290669301657829e+01 5.393475353537570527e+01 6.502960563265234839e+01 5.107029632670354147e+01 5.937623790697463733e+01 4.180339547212876283e+01 5.637429592574191162e+01 5.075569695308263363e+01 6.405706915303187543e+01 6.428822669986665517e+01 5.612122889658856906e+01 4.803511005195004913e+01 3.069657148474424346e+01 4.528130859338737224e+01 4.553772857754986347e+01 5.281719160990326145e+01 6.883469487303015910e+01 9.246322117988415812e+01 9.021919425072293564e+01 9.766302651404771495e+01 9.089747364270452579e+01 7.093868883117991686e+01 7.678448155823242871e+01 7.466894551774048239e+01 6.119431018889459040e+01 4.155928156230282866e+01 5.632533263402955015e+01 3.776775424428230821e+01 5.589797149262210496e+01 4.149379136419943848e+01 4.372203782923513415e+01 4.607019573562239145e+01 4.853931289239854152e+01 5.178209614988340093e+01 5.618325987325739135e+01
5.468850882777203992e+01 4.846843922257699688e+01 3.213917857515340160e+01 4.504331440833465194e+01 6.437034183609661397e+01 7.095292313807753715e+01 6.364569210730837767e+01 4.620569014034993671e+01 6.364572683534697006e+01 6.545004087508364421e+01 7.934468070617433000e+01 7.259861805744094454e+01 6.134876774570346214e+01 5.116157701360662458e+01 3.202991271550533270e+01 3.759728291928383470e+01 5.826337545938664420e+01 7.217014888890219027e+01 8.237569072435853457e+01 8.970852871659513994e+01 9.038316484182976751e+01 9.862829141210021078e+01 9.907971291655255186e+01 9.089747364270452579e+01 8.052475622464450566e+01 6.640761372651343208e+01 4.653275099496387668e+01 6.119430820882000432e+01 6.520753029519265453e+01 5.646987239033854422e+01 3.850114199007513349e+01 5.798811462109421200e+01 6.364077365861554370e+01 6.607637406359413035e+01 6.859313931388574304e+01 7.187482418904903625e+01 5.907894208316007933e+01
6.666986593044592269e+01 4.680734417607028774e+01 3.376585008132538945e+01 4.174302980016494047e+01 5.547612595703800764e+01 7.555595174613847576e+01 6.832348519551875654e+01 5.082100904860814694e+01 6.832348519551875654e+01 8.536938226738583069e+01 7.712741391789124634e+01 6.441331782519068838e+01 4.503640612032150869e+01 3.412049066780606665e+01 5.116157701340002717e+01 3.665077346463303343e+01 5.572117791856065594e+01 6.497828726650924125e+01 6.814917559568971228e+01 6.980167964203013753e+01 7.048889074179898273e+01 9.038316484182978172e+01 9.880320817273538125e+01 7.896580141464859537e+01 7.229418238267237484e+01 5.228187298881271516e+01 6.062281905173102814e+01 7.466881473473875985e+01 6.956721071827843161e+01 5.183330428703276738e+01 3.903588874500255201e+01 4.077361967597344972e+01 4.988741292397585880e+01 5.943418220228477367e+01 7.967869641688979243e+01 8.755078869652753326e+01 7.332918696012248461e+01
6.860182478437826603e+01 4.861300572079142768e+01 3.540557570003717558e+01 5.426457459481300560e+01 6.127195156304046009e+01 8.102712370223076732e+01 7.366070754417884814e+01 5.595926836179223329e+01 7.366070754369580698e+01 8.037679843830494519e+01 6.052818246122152601e+01 4.938038153526720464e+01 4.224270804235148091e+01 3.560131140969567554e+01 5.471275269197246871e+01 5.572117791855927749e+01 4.140638281482610239e+01 4.568172154421242936e+01 5.035137781249441247e+01 5.665575387177428723e+01 6.791093018332082920e+01 8.789104782596299970e+01 9.515288984919816073e+01 7.896580141464859537e+01 5.888855289566904361e+01 7.229418238267237484e+01 8.052475622464450566e+01 8.972490159633466078e+01 7.553606473432377300e+01 6.631258988295105894e+01 5.857964047488261627e+01 3.980068012919337406e+01 5.943571541416710602e+01 7.780976720736993002e+01 7.602042110563154154e+01 9.595610168223782921e+01 9.348080989768146765e+01
4.993942384356722641e+01 4.309533066066466489e+01 3.706796335452144575e+01 4.530828035011822408e+01 5.674196872509013900e+01 7.703389327217739435e+01 8.004824619106712191e+01 6.198203673603049424e+01 8.004824596554671245e+01 8.856804830083758873e+01 7.712741535045724106e+01 6.891513550249057118e+01 5.624200412235001778e+01 3.711174306777108001e+01 5.624268829234235767e+01 6.645833835366956066e+01 4.703545808112991011e+01 6.497828726650924125e+01 6.980167964109830336e+01 6.983512926382462638e+01 8.455859107687679455e+01 9.621250073552239712e+01 8.700801337002255309e+01 6.709408543093789490e+01 7.896580141464859537e+01 8.713578156399864838e+01 9.031632806947253300e+01 8.208543742401104737e+01 6.802017997171263630e+01 4.797936948153414249e+01 5.391058088001040005e+01 4.034658770086707591e+01 5.297211731148452429e+01 7.087700459514698537e+01 8.659095079801664951e+01 1.041447706607663832e+02 1.054357446406219623e+02
