LEM/sinusoidal_perturbations/elevation_000316.asc
nrows	100
cellsize	150.0
xllcorner	0
ncols	100
yllcorner	0
NODATA_value	-9999
[rows 68 to 84 of 100, columns 37 to 73 of 100]
6.079120309319097970e+01 4.452883598174697255e+01 5.628783487473979363e+01 7.611255052490120931e+01 8.177065960167445269e+01 6.799793507866330344e+01 8.177065960167463743e+01 8.224445139511608716e+01 6.465544382962319503e+01 4.895613765752313640e+01 6.252053397450036698e+01 4.622942095030433762e+01 6.598617316760734752e+01 7.766067400496346806e+01 7.380937759819326516e+01 5.975672657902907048e+01 4.773808939573660837e+01 6.551216729695956076e+01 5.065298147861100375e+01 5.172427026588037791e+01 7.114597895184421361e+01 7.386579043797142674e+01 5.869994419537117381e+01 7.629506710088095645e+01 8.619539541128104077e+01 7.999504487823701027e+01 6.242995525244948851e+01 8.168438811421152934e+01 8.638126757695462743e+01 6.940792684571141535e+01 7.133417952650768257e+01 7.329697173263585341e+01 7.579149653505460549e+01 9.533921819745816606e+01 9.528095569094836037e+01 1.148351791136132931e+02 1.099562810689696448e+02
7.287721246542609776e+01 6.466674560767266655e+01 4.887791668259855982e+01 6.877021302444421735e+01 8.124539972784296538e+01 8.741311835687019993e+01 9.079581128255387057e+01 7.084502392411192773e+01 5.666989225637257022e+01 6.883654038776997197e+01 7.411170765156869322e+01 6.598617447858084972e+01 4.994731942325531548e+01 6.908283670512604147e+01 8.495289290661294501e+01 7.496330272757973034e+01 5.839769196193044820e+01 7.288034366440523115e+01 5.384331496288167074e+01 7.128090660399452361e+01 6.412109346141424737e+01 8.363931350762099726e+01 7.844899545752099357e+01 6.328946147631059915e+01 8.269148175935731615e+01 8.566503822988578065e+01 6.590375641486693326e+01 8.544412236758483914e+01 9.641844766902623576e+01 8.336084400317204768e+01 8.524958074982227174e+01 8.464276799866811984e+01 9.533921819510851492e+01 7.937406405025485867e+01 9.886922254631048190e+01 1.055756579064039329e+02 9.036543062481291599e+01
8.963025390188417418e+01 7.697569460357686921e+01 6.877021302444421735e+01 5.324707086303876480e+01 7.303855406295760133e+01 8.611730901717297115e+01 9.658526683315925254e+01 7.668847425138875451e+01 6.373603068344569067e+01 8.377240086385407380e+01 8.597935241083114022e+01 6.633911827299017716e+01 5.255755485667333460e+01 6.633911827205275813e+01 8.597935073057863065e+01 8.697002820405809587e+01 7.645503053998575638e+01 7.259005996255645243e+01 5.708333387805022596e+01 7.659893358780333017e+01 8.366787016960087442e+01 8.366755119958777698e+01 9.072549681888364148e+01 8.269148175930631339e+01 6.825757922401945166e+01 8.760594290934299977e+01 6.955182487849099005e+01 8.921533120895887237e+01 1.024072609188727654e+02 1.030351391411930422e+02 1.047937546831855542e+02 9.843655485832417185e+01 1.052188349604613933e+02 8.462447133783331310e+01 8.325657002856162592e+01 8.605778867902203899e+01 1.055756579064039329e+02
9.784604508656515520e+01 8.446117496733501184e+01 6.467661520535493480e+01 7.303855406295760133e+01 5.813032090213893355e+01 7.211034097560596479e+01 9.190248017881917519e+01 9.196198532427369798e+01 7.381910705320609623e+01 9.196198532427369798e+01 8.867587107500482091e+01 6.901674321977479565e+01 5.523110725948880173e+01 7.477476982432219188e+01 8.833761588475441329e+01 9.816142434679120754e+01 9.803542059248540852e+01 8.000714351182585915e+01 6.045761635513041199e+01 8.000714351182585915e+01 9.440415562018817752e+01 1.030763129941287986e+02 1.012298443044997214e+02 8.196279105644563856e+01 8.760595684371438097e+01 7.392625593846616994e+01 8.925068025057952070e+01 7.497012841649234360e+01 9.459322839563382956e+01 1.085840955112285826e+02 1.199692860977223035e+02 1.180102617218790755e+02 1.056229582680397527e+02 9.932514486214265048e+01 9.698633446631048116e+01 9.728050528039713640e+01 1.137125542610142759e+02
1.006284109242594269e+02 8.082767160143862384e+01 8.446117496733501184e+01 8.158156042809632424e+01 6.179514021543254643e+01 7.578399374656572718e+01 9.557805041298414039e+01 1.018846549376913657e+02 9.372569467450189507e+01 1.018846549376913657e+02 9.322267905522440401e+01 7.886395071636003706e+01 5.925292672295258001e+01 6.059044266777645049e+01 7.037550299393289777e+01 9.004664388908685169e+01 9.590528337631488398e+01 7.643248965314953125e+01 6.738419363652168670e+01 6.681173527325699979e+01 8.065326182767769581e+01 1.002068973850502545e+02 1.093278979234380301e+02 1.012298443778517765e+02 9.148654712064411854e+01 7.799185740536510991e+01 9.715295853749451283e+01 9.459322839563382956e+01 8.078385707178783548e+01 9.205097741318836313e+01 1.117204969384525413e+02 1.236656932162151463e+02 1.267329429600766986e+02 1.208272248065065924e+02 1.165919885136873120e+02 1.169070471217972482e+02 1.250489911411969501e+02
9.937601658479452738e+01 1.006284109242594269e+02 8.934448790083915526e+01 6.955282856777861866e+01 7.578399385299131552e+01 7.064116397431094185e+01 8.463356578963804111e+01 1.044324588231080355e+02 1.063940322619186674e+02 9.827406844214486625e+01 8.508811004798710087e+01 6.540559148026549963e+01 7.886395111412288372e+01 6.493785986432845903e+01 8.460258195765815969e+01 9.816142396261410852e+01 1.039308109751556799e+02 9.425556344411427290e+01 7.481012148745290347e+01 7.249408784248882398e+01 8.277227061638495798e+01 9.650502919139159985e+01 1.158259113585446158e+02 1.189770017820311523e+02 1.015450988054599293e+02 8.240020050776730898e+01 1.015450187600870038e+02 1.085991051914837016e+02 1.003683929587541286e+02 8.768389418645810451e+01 9.563342381414813076e+01 1.069574479885096281e+02 1.268367752530933927e+02 1.264931406305375816e+02 1.183406209821243920e+02 1.230894663972332665e+02 1.149308215247517637e+02
9.110599802876157582e+01 1.091563838317077142e+02 8.934448790083915526e+01 7.615275397343769725e+01 9.557812428244569958e+01 7.812306531217366512e+01 9.791206817676160767e+01 1.121634495207261892e+02 9.252089842640262418e+01 7.859568839369562454e+01 7.235657408293783988e+01 8.508811004798710087e+01 9.271364582007444710e+01 7.477429572234963473e+01 7.264990017639377129e+01 9.229204257615303675e+01 1.079768438700291142e+02 8.857202301514126930e+01 9.425556345582776885e+01 8.123339267464642433e+01 8.375706109989401682e+01 9.495507315041172092e+01 1.143572076854627682e+02 1.174456717494188212e+02 9.797153281535247515e+01 8.764457096314870910e+01 1.068800855706610946e+02 1.254914366224365381e+02 1.138751425285118870e+02 9.416950979040322522e+01 1.138751425285118870e+02 1.236656932162151463e+02 1.351926773227904164e+02 1.183406209821243920e+02 9.843095483265339851e+01 1.042623610366732976e+02 9.497195952938932351e+01
8.270283142844434110e+01 1.025796430461448239e+02 1.029373231688318953e+02 8.314690822598295483e+01 1.029373231688318953e+02 8.801192115835682728e+01 1.061389574762057606e+02 1.121634495207881770e+02 9.252089842640262418e+01 9.827406844214486625e+01 8.221662228013316565e+01 1.001781336106613480e+02 1.025250021648849383e+02 8.869271290437968958e+01 7.922455638781794107e+01 9.228277283958264832e+01 1.117602460805792646e+02 1.022991776336366030e+02 1.085932306412939568e+02 9.242822916769314645e+01 1.031553800887977133e+02 1.111517367218224024e+02 1.223257816932005113e+02 1.256108926404142352e+02 1.150228517102246286e+02 9.861945363698296774e+01 9.778870969216546882e+01 1.173198784426886192e+02 1.221766006443204020e+02 1.039540565969625447e+02 1.221766006443204020e+02 1.285743801945600921e+02 1.204276919241425929e+02 1.183406209821243777e+02 9.843095483265338430e+01 8.426793973966464080e+01 1.042623610330980028e+02
8.379632947562964773e+01 1.036780898319680233e+02 1.111705121089878219e+02 9.456296089662461668e+01 1.111705121089878219e+02 1.020028810324650550e+02 1.160529628377075966e+02 1.202671660974347674e+02 1.121634495207881770e+02 1.100016103505513030e+02 1.018858142810579182e+02 1.100016103505513030e+02 1.163572913784546756e+02 1.066821394917906360e+02 9.055425898230903670e+01 9.311418667302012864e+01 1.126724002910781053e+02 1.216839427005558605e+02 1.196563800599634533e+02 1.117744121059637905e+02 1.144257768756735345e+02 1.063715173776544418e+02 1.145050570885994716e+02 1.241633305461825074e+02 1.263392342981682646e+02 1.181641543938136607e+02 1.089877526060932382e+02 1.254926881909981375e+02 1.321428409175756826e+02 1.237962284600612719e+02 1.321428409175756826e+02 1.204276919241425929e+02 1.005450714094949944e+02 1.063685561304764775e+02 9.926375571250926555e+01 7.931522305491655800e+01 9.342357282550119635e+01
9.787636560415808162e+01 9.993533807526185342e+01 1.081372050497108859e+02 1.143769147731610190e+02 1.226280276209464546e+02 1.218371885191190245e+02 1.089481290469253594e+02 1.007037385195386321e+02 1.076844562697558700e+02 1.039167160813911011e+02 9.554618375071497383e+01 1.039167160813911011e+02 1.158690112872999549e+02 1.163003596715206100e+02 1.096369962145591472e+02 1.126623965874952091e+02 1.207737121246480996e+02 1.270809236248306604e+02 1.111320506951862654e+02 1.030900365485914989e+02 1.030900365485914989e+02 8.724118272002243657e+01 9.679186192237955311e+01 1.120611042393923924e+02 1.232215489574386567e+02 1.368724114211244398e+02 1.287014235022606954e+02 1.228797327787475382e+02 1.217922479469096828e+02 1.192280808507423444e+02 1.273666956284811675e+02 1.178698867678950108e+02 9.794899774923770508e+01 8.636888868494268934e+01 8.038061683365901899e+01 7.489639114576274892e+01 8.997503528969372155e+01
9.674668213388247295e+01 8.023623600245208820e+01 9.674668213388247295e+01 9.728594916084243494e+01 1.054883163365011995e+02 1.084758657276364886e+02 9.749393946645216147e+01 8.089120915766228848e+01 8.763282198858057370e+01 8.763282198858057370e+01 7.546370306727300203e+01 8.585443856399984952e+01 1.029265757543806217e+02 1.147783521222206105e+02 1.113361295503810027e+02 1.033114416622745608e+02 1.113361297702172976e+02 1.077209501568296020e+02 1.030900365485914989e+02 8.395961900935556343e+01 8.395961900935556343e+01 7.767257608263760460e+01 8.492538969941335836e+01 9.588415409568580117e+01 1.150917272048894944e+02 1.231491970900272008e+02 1.169657407295629099e+02 1.029272158336124363e+02 1.018193047288063582e+02 9.920759000902533842e+01 1.158707888983469303e+02 1.260194330096794602e+02 1.145597258020275575e+02 1.063685561304764775e+02 1.003384295078654986e+02 8.413761539325857086e+01 7.009501561038482009e+01
8.856205619072667901e+01 6.855603679263776939e+01 8.327377777936024472e+01 7.746974635485416627e+01 9.728594916084243494e+01 9.970620441447981364e+01 8.026728127619868758e+01 6.914552716535334298e+01 8.589559012384124514e+01 6.751990906048197871e+01 6.533811269216147366e+01 7.440486538706394981e+01 8.598734761202028665e+01 1.062362303218179989e+02 1.014660677362523415e+02 8.341937933578705611e+01 1.014660677220616662e+02 9.418775156264949544e+01 9.771167847080958779e+01 8.956278857966763951e+01 7.030619990369737593e+01 8.956278857966763951e+01 1.040022296998113944e+02 1.120611042393923924e+02 1.172358118239547622e+02 1.031928499748967738e+02 1.087712521009550954e+02 8.850304164311710053e+01 8.737532266892453947e+01 8.737532266893165911e+01 1.076692447140138427e+02 1.217116049704254124e+02 1.275171586915854931e+02 1.194033546904167622e+02 1.122644549892326182e+02 9.817886529298992571e+01 8.546656768576369245e+01
8.100049161190747782e+01 6.070716261871784525e+01 6.306480100378175280e+01 7.488598512850488476e+01 9.473171562210505670e+01 9.145797336474872452e+01 7.166800685020956507e+01 5.979509788702946338e+01 7.130160324378731218e+01 5.727183031241649758e+01 7.757636552453129752e+01 9.385705685765515227e+01 9.188686640347799539e+01 1.000935527796212767e+02 9.336541049842954010e+01 7.290655769600198255e+01 9.336541049842954010e+01 9.771167847080958779e+01 7.854395746409713297e+01 8.554664042673906010e+01 6.615448401200983142e+01 8.554664043488985214e+01 9.777129758034546114e+01 1.057821520563191058e+02 1.090379287172059151e+02 8.874610162335717689e+01 9.620425041663040133e+01 9.595254320760942335e+01 7.520676602352442330e+01 9.595254194325347896e+01 9.334497716528478861e+01 1.135345158426700323e+02 1.194033546082082182e+02 9.962299585919944889e+01 1.054165287656873033e+02 9.784882218067214410e+01 7.793816147536293215e+01
7.384949641870421999e+01 5.373987128944515490e+01 7.423604861417864242e+01 9.147903134567762606e+01 1.029265398912105098e+02 9.260879577482747038e+01 7.329509473201279945e+01 6.129178714624872271e+01 5.080175418251509001e+01 7.130160324378731218e+01 8.589559012384124514e+01 8.912353524939807414e+01 7.322260736118768421e+01 8.912353524939807414e+01 8.654579289738217085e+01 6.544372099985618263e+01 8.653770425535228128e+01 1.004610643659244431e+02 8.664518958823346395e+01 6.725172821492895991e+01 6.215647383523281633e+01 8.174280351381509035e+01 7.857930849768642645e+01 9.777129758149146710e+01 1.105276949578785803e+02 9.027128542774656239e+01 7.544440010415449649e+01 8.641796312838420135e+01 6.991287628473460813e+01 7.632007308600520901e+01 9.112251119898371599e+01 1.113596396252126937e+02 1.194033542012219868e+02 9.962299585911452482e+01 8.551300469328538156e+01 9.546476674192061296e+01 8.209057608607021450e+01
6.392927548892832590e+01 4.925814216517880340e+01 6.987243923712517812e+01 8.538290050499894335e+01 9.467434805203095038e+01 8.637640482057742020e+01 8.452821825851147253e+01 6.439870482425973819e+01 4.730118253105109005e+01 6.192144945491597241e+01 8.204527551127563356e+01 8.111105142118677236e+01 6.286700969028803598e+01 8.000262677788863641e+01 7.300346406894843199e+01 5.873208704108657940e+01 7.172553745153312832e+01 9.236573607743221714e+01 7.978856559811211469e+01 6.002540438722103744e+01 5.816378131338508695e+01 6.472144469454002547e+01 7.608680995240993639e+01 9.528403539649598031e+01 9.890457508684644949e+01 9.054428465249648639e+01 8.641796312838420135e+01 6.526882365139650233e+01 6.480432908384405266e+01 8.596930827024836219e+01 1.053341917826379728e+02 1.022432761340680401e+02 1.105466165886620047e+02 1.091195647054990872e+02 9.546476674192061296e+01 7.557465298103505802e+01 8.050882428654911394e+01
4.311703768560143857e+01 5.846943544690960692e+01 5.801895225914947929e+01 7.648311339814237897e+01 8.306326354425328873e+01 6.623311564764088644e+01 8.306326354184857053e+01 6.468513149820525143e+01 4.393287144601303851e+01 5.876786749036892132e+01 7.897067051806786253e+01 7.443380623888438663e+01 5.571020441359327435e+01 7.243981130011464131e+01 5.067343796813857182e+01 7.300346406894843199e+01 8.875068176438931289e+01 7.759118808504936737e+01 6.958249947306396166e+01 5.317384265236371022e+01 6.782836732310605043e+01 8.420051190387717099e+01 9.218073199787004057e+01 1.032839215560493358e+02 9.054428445070278997e+01 6.962703569027587491e+01 7.575355611946358181e+01 5.917269480852625207e+01 8.031273244330022010e+01 9.436794810870033245e+01 9.332505555478950043e+01 8.231560079270573738e+01 9.902134961767706045e+01 1.009516468941373688e+02 8.106081857381585110e+01 6.961319510555054535e+01 7.894524049863336757e+01
5.846943544691323780e+01 3.741743042065326108e+01 4.956528847930495374e+01 6.910480253361366465e+01 7.474667139421774209e+01 5.435078389504821672e+01 6.384461094835155848e+01 5.740848827009918409e+01 4.064229244001432306e+01 6.165632308830578978e+01 6.982376941273609816e+01 6.231314442818642618e+01 4.885960497142989567e+01 6.156160364809678498e+01 4.571836983212512706e+01 6.815254325843365280e+01 7.389363047363102055e+01 6.574001980104783627e+01 4.871384436522685490e+01 6.380240999949219116e+01 8.157460191072702571e+01 9.532079160151535291e+01 9.862257453385424810e+01 8.996179969009580191e+01 9.054428482966302738e+01 6.962703569031771167e+01 5.481374411706784144e+01 7.575355611946358181e+01 8.878100766657109943e+01 8.753678173064551515e+01 7.346065272307777150e+01 7.089006623167676935e+01 9.073802724006678488e+01 8.989128036773360009e+01 8.587580680611581840e+01 8.222283717539727377e+01 6.243641452378901846e+01
