LEM/sinusoidal_perturbations/elevation_000535.asc
nrows	100
cellsize	150.0
xllcorner	0
ncols	100
yllcorner	0
NODATA_value	-9999
[rows 51 to 67 of 100, columns 37 to 73 of 100]
4.687635420216711424e+01 4.720520272925245564e+01 5.446228980315982682e+01 6.314422788486473337e+01 7.454268644070529604e+01 9.456608939358184784e+01 1.048405801080726434e+02 8.498416869299903453e+01 7.088040734669971243e+01 8.381290195863178383e+01 9.214760588820392684e+01 9.175487000596106668e+01 7.211580546359931532e+01 5.916949506137436998e+01 6.727865364191040953e+01 7.792521719798229185e+01 7.335746231795425842e+01 5.377042035860072389e+01 6.757528235150076057e+01 8.731687961304828605e+01 9.240067717705534278e+01 8.652946935080328217e+01 1.065750267387041248e+02 1.244321166584820020e+02 1.127786793475510905e+02 1.044368002914564642e+02 8.600209051110937253e+01 8.489377622470081519e+01 9.917438864311890256e+01 1.194021504022314275e+02 1.278885579086910980e+02 1.259089804918407367e+02 1.175437774439468797e+02 1.175437774439452312e+02 1.120006880212228708e+02 1.096577412676099783e+02 8.973909811137124848e+01
4.273963102884388121e+01 5.005000851193748446e+01 5.871111050497201944e+01 7.006923685575300453e+01 8.995954361836260205e+01 9.851789454381955125e+01 9.020336210518551923e+01 8.597424753758168947e+01 7.768830587495254747e+01 6.390421084831153564e+01 8.381900816655692665e+01 9.760418217451949374e+01 7.786793686678380766e+01 7.293919946802681409e+01 5.518992957343557748e+01 5.264609134583322714e+01 6.829508633969001608e+01 5.159929537275340294e+01 6.291559283489632293e+01 7.676885161651249234e+01 9.665943835364687686e+01 1.065750267387041248e+02 1.149055552145715779e+02 1.161158513981135911e+02 9.588714149718994406e+01 8.426824218530343558e+01 7.709026988740370712e+01 9.125303935553584722e+01 1.114716187573452117e+02 9.934489055245039424e+01 1.124269371165381131e+02 1.207602874086054783e+02 1.308529856073640758e+02 1.333105304570547673e+02 1.232634979404284366e+02 1.148996294265513995e+02 1.001330588010486906e+02
4.525073686053065813e+01 6.480939410578653792e+01 7.780924750871331241e+01 8.663887683472677281e+01 9.807023746454305524e+01 9.020336210518551923e+01 7.012215551401349956e+01 7.600380475015984416e+01 5.793265256836719601e+01 7.769296883140918908e+01 9.206412128200457801e+01 9.175030909968251080e+01 8.348398201133124985e+01 7.017853427255161591e+01 5.475767767190431101e+01 6.570220222778283414e+01 4.860746908090363405e+01 5.373542191572567361e+01 7.306562041897129234e+01 8.821643909130919781e+01 9.657515865958912116e+01 1.081787011953014002e+02 1.168588683221697408e+02 1.109514852724847600e+02 1.090371228223927318e+02 9.279247783970239993e+01 7.282696303721016307e+01 9.193274708459547639e+01 9.666056320260065604e+01 8.507814278304724098e+01 9.218603469646646431e+01 1.023065242601184366e+02 1.225473499729576901e+02 1.249060276892802932e+02 1.048932311638225485e+02 9.496256033306731581e+01 8.836147585945120397e+01
6.480855720724980529e+01 5.494162512823513111e+01 6.625582478531653408e+01 8.618092513229831297e+01 9.656231275321334806e+01 8.495422073265602592e+01 7.600380475015975890e+01 5.625122648848066831e+01 5.412165010698131340e+01 6.791140662602686007e+01 8.795319611650951686e+01 8.348398201133124985e+01 6.388088052373498016e+01 6.690306006139934425e+01 5.140208128838160917e+01 4.625946679658672878e+01 6.570220222778283414e+01 6.734771782553457342e+01 6.197494366065221527e+01 6.868265213678908765e+01 7.975594277412579913e+01 9.977369198920631277e+01 9.666960817131706563e+01 9.075386097986771006e+01 1.006921550563731103e+02 8.058834467288254189e+01 6.923770381977848842e+01 7.200303737264233916e+01 7.660219042406160384e+01 8.812108711162878194e+01 1.083261951076590179e+02 1.207602874086054783e+02 1.308529856073640758e+02 1.333105304570547673e+02 1.232634979404284366e+02 1.148996281142724172e+02 1.023959909445371750e+02
7.847493539675396335e+01 6.625582478531653408e+01 8.292741805411696987e+01 9.442911604943303416e+01 8.820317773453564314e+01 6.812841041618898430e+01 5.683820944427622379e+01 4.903051539595898589e+01 6.429655777454051702e+01 7.257450600997722745e+01 8.021949866111030758e+01 8.080360438732770945e+01 6.912850146205430235e+01 5.019469113890100687e+01 4.397239304490530287e+01 5.118382841663298422e+01 7.046469354178987032e+01 8.686985840837463968e+01 7.550915334496154685e+01 8.821643909130919781e+01 9.657515865958912116e+01 1.078299566996229544e+02 8.762875037588582927e+01 7.645363556582398701e+01 9.024089578454328375e+01 8.193696572887618856e+01 6.591218635797123682e+01 8.563040486055409417e+01 9.666056320260065604e+01 1.050120181659859497e+02 1.166666069197780615e+02 1.346683566612027505e+02 1.365852962117435254e+02 1.289227440468079351e+02 1.205592740243460526e+02 1.289102755144506318e+02 1.223912165332421580e+02
7.767881180090247994e+01 8.618092513229831297e+01 9.442911604943303416e+01 9.683258435602864722e+01 8.850178902470752007e+01 8.495422073290684750e+01 7.535744875246338381e+01 5.593105667454184271e+01 4.482246360819446096e+01 6.037232602347259558e+01 6.037232555434425052e+01 6.700816690814039589e+01 5.321307551733812602e+01 4.173768076814729255e+01 6.100038039620130093e+01 7.046469354178987032e+01 6.471933263621954779e+01 8.433522176074582433e+01 9.531517398603742208e+01 9.853679622175417308e+01 1.069709303249040317e+02 1.033787601351637733e+02 8.761387566663711368e+01 6.707279950632937471e+01 7.842643936682650008e+01 6.239058721414724573e+01 8.193696501460031811e+01 8.563040485988835826e+01 1.057217030948709038e+02 1.064862362070228841e+02 1.064828843120998414e+02 1.166146534574735227e+02 1.166154613134240066e+02 1.188355794972804205e+02 1.004287174915217378e+02 1.188356179539182307e+02 1.343492446108039076e+02
6.940228753774083259e+01 8.194730688424110099e+01 9.019926089872365083e+01 8.529972896067964427e+01 6.858297336011929701e+01 8.529972896067964427e+01 8.347907185602559821e+01 7.239415947579759347e+01 6.037232327753217476e+01 4.084614210324325967e+01 5.663353541057352203e+01 5.889075842932493288e+01 3.955267144846725813e+01 5.889077954857823727e+01 5.743176741893709902e+01 7.687888715805395634e+01 8.433522176074582433e+01 9.260711404320674944e+01 9.529044193237355387e+01 7.835969381670298617e+01 9.529044193237355387e+01 9.441795525749198248e+01 7.471245023872663182e+01 6.020084367925709756e+01 5.906314103645203062e+01 7.842643936682650008e+01 9.024089554711028427e+01 1.005600831896410341e+02 9.225154916626071611e+01 8.635578825296349237e+01 1.039193912841957115e+02 9.654037706380819372e+01 1.166159481835938010e+02 1.104925553609436406e+02 9.020239932591937304e+01 1.104925553609436406e+02 1.141557343869313144e+02
6.940374698698694544e+01 6.209515846903729397e+01 7.872580912678293430e+01 7.700165543881887231e+01 5.735463248011454596e+01 7.700165543881887231e+01 7.367898775459798344e+01 6.553612196636615295e+01 6.585913293509210575e+01 5.635107728785337855e+01 3.701783304894308202e+01 5.536122185777600180e+01 3.801610971810222139e+01 4.924616386261867973e+01 6.858436929465287335e+01 8.510653216690931799e+01 8.129070175708443458e+01 8.960382611386926044e+01 8.688754071673122326e+01 6.731333043877553735e+01 8.688754071673118062e+01 8.040653476142759359e+01 6.639511426603971245e+01 5.578205977431793627e+01 7.522486741467423599e+01 8.670431453055090287e+01 9.418596884122293034e+01 8.586406282509452126e+01 7.205243744137631268e+01 7.767303051492571342e+01 8.377804536134296143e+01 9.804111778886829143e+01 1.181107988799534070e+02 1.037285717070438977e+02 8.312466080601599572e+01 1.037285715743604015e+02 1.141557340386715254e+02
5.909463858541856496e+01 5.075571928567985935e+01 7.048566365273075007e+01 7.005538385670516277e+01 5.055659666607101599e+01 7.004510219678951444e+01 6.533909905339564261e+01 4.588365942650242602e+01 4.943613930524801248e+01 4.426055719409178124e+01 3.434003086679803829e+01 3.585797961345942753e+01 5.536120350155101022e+01 6.553182277335697847e+01 7.676741980967071299e+01 7.813102520497774606e+01 6.150132320367264782e+01 7.813102734302577801e+01 7.996701230477424360e+01 6.070299752563762041e+01 7.135188299163223746e+01 6.920210203179844655e+01 5.259605590437984546e+01 7.216980133605831327e+01 8.348413867354553020e+01 8.848312137259672738e+01 8.015248885287439862e+01 6.567051488192232966e+01 8.586406282562042236e+01 9.784663210493071972e+01 1.039193912841957115e+02 1.122013961039827734e+02 9.833997867485518896e+01 8.988367645576951759e+01 7.688792934686503600e+01 9.778054829983867080e+01 1.069989459256507445e+02
3.939935159166969925e+01 5.909463850813504138e+01 7.453390312868260992e+01 6.417496890431618795e+01 4.471346736348989026e+01 5.653825027489558153e+01 5.771641124839103298e+01 4.747253526521800637e+01 3.176245044544369023e+01 3.247039189967251360e+01 5.029473031144013362e+01 5.283279076373118244e+01 6.253459738733207729e+01 6.984186052163988734e+01 7.065704652310428457e+01 6.982804766706235000e+01 5.045511395152234968e+01 5.969338918748926659e+01 6.785972062009767569e+01 7.135188294626676964e+01 5.193982674324462323e+01 4.922450044790806345e+01 6.920210203179860287e+01 8.040653476176569825e+01 8.329359507972458232e+01 7.496404113776311817e+01 6.005764541369254061e+01 8.015248885287439862e+01 9.418596884840431471e+01 1.057316053653289458e+02 9.737836918367560202e+01 1.057316053653289600e+02 8.987786343711944426e+01 6.911537051706883972e+01 8.377906414804901658e+01 9.215298645601879457e+01 9.320737518670827626e+01
3.277635157581578795e+01 4.674840316341053637e+01 5.814752699571118910e+01 6.596820653236284215e+01 5.654008594935557852e+01 3.698072598101835951e+01 4.962355947233435671e+01 3.077399934459633002e+01 5.052243652699768006e+01 5.217626911661454159e+01 3.367115241553601379e+01 4.940668525236416286e+01 5.501974763258134260e+01 5.037650827919897978e+01 5.119070782092532568e+01 5.770886587987536132e+01 4.910271304674611770e+01 4.033740801385864927e+01 5.969338861001806862e+01 6.624567781332702054e+01 4.581631421746693889e+01 6.624598837568318288e+01 7.742513884393586920e+01 8.028714827396004239e+01 7.496404113765277089e+01 5.507181740234153011e+01 7.496404082879381292e+01 8.848304080383907433e+01 1.057320043358770363e+02 9.562113787009640475e+01 7.713488485794843541e+01 9.562113787009640475e+01 8.499256816773848300e+01 6.491929857369841272e+01 6.346876365949961496e+01 8.377906415971926890e+01 7.295148293746966317e+01
4.446795086158734733e+01 5.108681784852154095e+01 3.864696085884062882e+01 4.748354522007062428e+01 4.814453390628710139e+01 4.875496767046688262e+01 2.986918944065333292e+01 4.961827510741073155e+01 3.335002622663477467e+01 5.300590556104820195e+01 4.250575009889203670e+01 3.487544290401568503e+01 3.572684013378823664e+01 3.657781917956414475e+01 3.742945769222839658e+01 3.828161343929083671e+01 3.913260680949647963e+01 5.852696488068855984e+01 4.154642299818212337e+01 6.086656546657189182e+01 4.388310931525008129e+01 6.392024133421660537e+01 6.518658028845270280e+01 6.031026832097049351e+01 6.714865547175278948e+01 5.187126592739635811e+01 6.311899288359401794e+01 7.728761292371356717e+01 8.613632206041434358e+01 8.725645048162431294e+01 6.700339742826346878e+01 7.713158502833833552e+01 7.875510874090986135e+01 6.088067941557404339e+01 8.116207319217427596e+01 6.614811227431472673e+01 8.645101873291181960e+01
2.551920944197669883e+01 4.196328790948464871e+01 2.722091370099427721e+01 2.781891941410854940e+01 2.841430830152408404e+01 2.901151593567086096e+01 4.875605737199468592e+01 3.379945856235866586e+01 5.300590550229920694e+01 3.596305860145655942e+01 5.542458956775683276e+01 5.629520084476796171e+01 5.526525837739033165e+01 5.037650819201043362e+01 5.119070782052563828e+01 5.770886831368115111e+01 4.561137745433652668e+01 6.347584744896872877e+01 4.333210389869935852e+01 4.273806435793434133e+01 4.673221915776958468e+01 4.507277740434410873e+01 4.589994309950306217e+01 4.673480406903451012e+01 4.761691116647703126e+01 6.655702143227695444e+01 6.964026537887649226e+01 7.078107318629631095e+01 6.597547083684835911e+01 7.338855173143589639e+01 7.486302619810187764e+01 5.705986804820425107e+01 5.857720086846371998e+01 7.875510874090986135e+01 8.953944515934132653e+01 8.645736970287981649e+01 6.913250892168508699e+01
3.174244799127771799e+01 2.636733957793915195e+01 4.620588559803640294e+01 4.753427645334499374e+01 4.814185763118118899e+01 4.218857129767708614e+01 5.583706638754645724e+01 3.661456003758059552e+01 5.617150712770293808e+01 5.550507377283697252e+01 3.858603083019044533e+01 5.802074660639491555e+01 6.873243288917704774e+01 6.984180847570809192e+01 7.065704550818783503e+01 7.205889441987196165e+01 5.590742061236596783e+01 5.975986049959527691e+01 6.121782968285802440e+01 6.204131535969857225e+01 6.205361474604380589e+01 4.890600608158965912e+01 6.469367823412328278e+01 5.773385890349827321e+01 6.714865182280021827e+01 4.902176095322747784e+01 5.004043835858613676e+01 5.109264491537646791e+01 5.214327975529685943e+01 5.357311801238350313e+01 5.500306542583884806e+01 7.492169550685684953e+01 7.151186931251554313e+01 6.863692520624287852e+01 8.894995920746441698e+01 9.778216097065730139e+01 8.941599356661622267e+01
3.902980450157760117e+01 4.659446707395139242e+01 3.084409783389881810e+01 5.121938387446352436e+01 6.370814158267575067e+01 5.942842284154140486e+01 6.385849251869250054e+01 5.617150712770310150e+01 4.073982230347666444e+01 6.018215254821581794e+01 5.802074660639491555e+01 4.120785742598221191e+01 6.055742326581038526e+01 7.132488894012087144e+01 7.909600710933739265e+01 8.455507550048628218e+01 7.662075683390582981e+01 7.408256348494666099e+01 8.162227818995850726e+01 7.222166806004031514e+01 5.475735830892545408e+01 6.641584183800866015e+01 7.419026745306811677e+01 7.171280281887578667e+01 7.760596497859346243e+01 6.880671703352365398e+01 5.449470259323218357e+01 7.078084654622310268e+01 7.188035020696860045e+01 5.431402855728507717e+01 6.524103646225469788e+01 8.235722879287101250e+01 8.966213075512207809e+01 8.295501348994741875e+01 8.302240644810157733e+01 1.032603428247655160e+02 1.000981604903432611e+02
5.352910909715199494e+01 5.971824112516851812e+01 5.122167882649861070e+01 3.564203620624080315e+01 5.006321085693980422e+01 7.078991342733245062e+01 7.060933844124596703e+01 5.110185988132651858e+01 6.018215254743140719e+01 4.529236864922837924e+01 6.469261718749160650e+01 6.055742326581038526e+01 4.383562122102879499e+01 6.313166224844201224e+01 6.112283418824873849e+01 7.554465491184502923e+01 8.994292427065285267e+01 9.432667626537921990e+01 8.742858771345325408e+01 6.880399085825530392e+01 6.004379678256594843e+01 6.880398967235497310e+01 8.742843964729003403e+01 9.167661306634138896e+01 8.172324001975890440e+01 6.158386961535530446e+01 7.436938213778404361e+01 8.250678754196165698e+01 7.589045898157355907e+01 5.586692485329930236e+01 7.584888766280032257e+01 8.390918362587643742e+01 1.035404138231173761e+02 1.030996308221070592e+02 1.032603440868738858e+02 1.116034810662429635e+02 1.084564205130475472e+02
7.448823873494255565e+01 7.183630267778501377e+01 5.103670430817641801e+01 3.925751385763391710e+01 5.374234034764542400e+01 7.451888347106752519e+01 7.885215338141343011e+01 6.075236512880515249e+01 6.797475694911040023e+01 4.855734935009449771e+01 6.797475694916936106e+01 7.075285843495043991e+01 5.939307360389010171e+01 4.648247161082785794e+01 4.840749363029954822e+01 6.193484743833536754e+01 7.881982018838370152e+01 8.872874282787054767e+01 9.562434320274265076e+01 8.401066544225969324e+01 6.553955758246350172e+01 8.401066544227563782e+01 9.562359415171792421e+01 9.125901393470144285e+01 7.103058360236944679e+01 7.317468245130011439e+01 9.008183735862937169e+01 9.242528786874929381e+01 7.168758282405009652e+01 5.744522113238535610e+01 7.164152741015820425e+01 9.195441397912526327e+01 1.054105843291667952e+02 1.085543864518003261e+02 1.168586188003074966e+02 1.250097840653794776e+02 1.185619169601299632e+02
