LEM/sinusoidal_perturbations/elevation_000306.asc
nrows	100
cellsize	150.0
xllcorner	0
ncols	100
yllcorner	0
NODATA_value	-9999
[rows 51 to 67 of 100, columns 37 to 73 of 100]
4.579278975652112393e+01 5.293927992046834419e+01 3.739436233536499543e+01 4.728270930049340137e+01 4.836681918083769460e+01 2.941202067860324831e+01 3.071334065985000805e+01 5.141919021974730697e+01 3.443039088990510521e+01 4.736354585462454736e+01 5.010486550009787976e+01 4.632031370219636557e+01 6.693007225864646159e+01 8.461906922928137931e+01 8.133109301702248217e+01 7.289310350115921722e+01 5.616437085573367227e+01 7.086590848207377746e+01 8.470716259572307649e+01 7.986815269547979312e+01 9.464125066632821870e+01 8.872612633673541893e+01 1.030640427452353549e+02 1.230630762648562353e+02 1.384259652344012750e+02 1.205310412955060997e+02 1.006072940252817887e+02 8.928658841120623890e+01 1.090280604457742442e+02 1.244426145399290249e+02 1.336778140932515555e+02 1.136915812784471171e+02 1.001391641326365942e+02 9.796930242394007848e+01 9.421121166940093872e+01 9.648034551486695420e+01 8.299458098583605192e+01
3.373831173050302112e+01 3.774585069741101506e+01 2.534554245209959689e+01 2.650372828864134434e+01 2.768492041845134821e+01 4.846817304218453870e+01 5.141919051522425121e+01 3.255407110142126470e+01 5.323857683707208821e+01 3.667196937270941248e+01 3.826227561186259152e+01 5.895051576895618695e+01 6.981665091959240499e+01 7.760033811394727365e+01 6.914506660439813857e+01 5.219389318595142413e+01 6.417569561293434788e+01 8.480130413162531511e+01 9.972471550909247640e+01 1.002221846242909038e+02 1.084944527780853747e+02 1.089216240459547578e+02 1.149141625660167847e+02 1.231208542562220600e+02 1.314946893041406213e+02 1.287915377795007146e+02 1.145309361326184359e+02 9.469003568119767067e+01 1.053683691346038387e+02 1.253118193965799350e+02 1.290107667053592024e+02 1.136915812784471171e+02 9.388347079904637837e+01 8.416119529040237524e+01 8.035598103688431593e+01 7.674317706109378889e+01 7.342809968187026470e+01
4.286738000986283481e+01 2.373367620530457955e+01 4.449680133262701531e+01 4.729699444276204190e+01 3.468349189003431121e+01 5.526835408286772378e+01 6.158949690995577697e+01 5.295528272673445969e+01 4.100645034742303352e+01 5.724005747197219307e+01 5.895015345648864269e+01 4.063835051456150893e+01 6.133322626101294617e+01 6.551633392224134411e+01 4.845813006426819669e+01 6.914506660439813857e+01 8.133109301702248217e+01 9.316656649277673807e+01 9.737094313341313523e+01 1.006731247000250278e+02 1.015439338755168706e+02 1.098089483157162078e+02 9.481547224459208678e+01 1.033101782985852140e+02 1.231208542562220600e+02 1.345160886958125559e+02 1.145309361326184359e+02 1.012180057184420150e+02 1.211874013397065823e+02 1.335642922297244297e+02 1.207492989030729973e+02 1.007870589347847101e+02 9.102391096418560323e+01 1.037875260387473162e+02 1.000104369251600787e+02 8.559462826001842473e+01 9.324708114667170378e+01
2.213815162334276110e+01 2.999592549044120560e+01 5.058008017728134575e+01 6.364123692740352567e+01 4.929970166523818165e+01 4.930927408980058857e+01 6.974527348346418876e+01 6.894026761568825634e+01 6.116507165627554343e+01 5.070276604982209534e+01 6.894280144077583827e+01 6.133322593542915513e+01 4.306201734987061513e+01 4.482738744795197050e+01 6.551633789827894816e+01 7.160486497512674475e+01 8.004964592212334651e+01 9.130299198542806494e+01 7.694473138949562951e+01 8.031711041046473554e+01 8.122046071454032301e+01 9.375270345351933088e+01 8.303571247668980959e+01 9.481547224459208678e+01 1.149141625660167847e+02 1.257296835733536682e+02 1.294527323447422873e+02 1.153213177961241769e+02 1.153213177961241769e+02 1.353493797886369805e+02 1.290107667053592024e+02 1.167678910663942418e+02 9.686909702311412218e+01 1.167678910663942418e+02 1.135308771162841737e+02 9.689335925310312803e+01 9.552485880433859222e+01
3.414340249149439899e+01 5.055871410873483285e+01 4.461705373817088827e+01 6.497609947740683367e+01 6.967795570261706928e+01 6.978437745511078560e+01 7.818270189216146093e+01 8.379758395029345763e+01 6.483845116593269609e+01 6.233586325694672325e+01 7.816590642138292822e+01 7.157536025403086910e+01 5.088541867240093097e+01 6.551633789828034082e+01 4.835166237006127687e+01 5.091221629406329896e+01 7.160486468886827538e+01 7.840931839044249330e+01 6.222284073513421987e+01 6.561725105874383246e+01 6.922153358215669527e+01 7.326670480372106908e+01 8.062079696639514736e+01 8.838200307135493006e+01 9.747119613369220303e+01 1.117094643533647087e+02 1.315989158080769812e+02 1.353493797886368952e+02 1.353493797886369805e+02 1.435841468933606677e+02 1.309447933034096820e+02 1.108956258873849094e+02 1.082905267122055761e+02 1.250377577802472899e+02 1.250090665590480228e+02 1.167533066087360680e+02 9.786274402944719952e+01
5.477040866372682615e+01 6.310601398616337576e+01 6.497609947845231204e+01 7.334187053820140534e+01 7.816923056877908493e+01 7.816923056877908493e+01 8.657828793900031883e+01 9.149383756159890879e+01 8.379759566286001871e+01 8.139559777691698628e+01 8.908720979483094027e+01 8.001853291809059954e+01 6.125596155220096506e+01 7.749413894031931704e+01 6.300080856383090122e+01 7.160486490705834228e+01 5.467432112252124199e+01 5.768486394269831408e+01 7.840931844168152054e+01 8.627924895794670590e+01 8.122046071454032301e+01 8.783477522909490176e+01 8.519733866994991445e+01 1.054395490865404099e+02 1.167935652191294480e+02 1.257296835733536682e+02 1.241969741432878749e+02 1.159230196037054412e+02 1.185153201264037790e+02 1.267890390911144323e+02 1.391798896731100683e+02 1.309447933034096820e+02 1.283481861313526906e+02 1.365916381380923212e+02 1.258127548753024740e+02 1.058134921867148819e+02 9.188091438497957597e+01
4.883394321630107271e+01 5.540904720970502240e+01 6.416879143554446330e+01 7.204323835748431293e+01 5.750818877596815071e+01 5.750818877596815071e+01 7.816923056877908493e+01 8.891099976150903217e+01 8.450469044850795797e+01 7.608285651359518909e+01 8.348229821020434827e+01 9.028026348346698171e+01 8.189486424760771399e+01 9.028026348346698171e+01 8.361394958720674708e+01 8.381122447156712951e+01 7.538634616553083845e+01 6.397098092650917067e+01 7.840931844136184736e+01 9.882053411624184491e+01 9.565827317386609252e+01 1.080398460340754383e+02 1.054395490865404099e+02 1.017668953600579727e+02 1.217809841714912551e+02 1.201307025743734584e+02 1.118569165958810885e+02 9.594847909043672018e+01 9.854010953475872725e+01 1.185153201263707388e+02 1.200233646149114719e+02 1.282967988622210953e+02 1.421725787466565123e+02 1.305919548890898341e+02 1.223097556086823516e+02 1.152136104951252662e+02 1.027166391774637759e+02
2.944060055768431283e+01 3.526200559338131768e+01 5.583673830814086614e+01 5.471674781417353017e+01 4.282118215341209577e+01 5.750818877596815071e+01 7.816923056877908493e+01 6.837116421203725736e+01 6.837116421203725736e+01 5.535438454725554891e+01 6.283394846559490787e+01 7.443802224451789584e+01 8.134650834915586870e+01 8.972986057684545358e+01 9.885456980971915186e+01 1.012425921739045833e+02 8.088608106413620646e+01 7.864859256219406802e+01 7.864859256219408223e+01 9.904161468650676170e+01 1.157531757649684891e+02 1.175126870138770698e+02 1.185676221488649276e+02 1.217809841714851871e+02 1.263249130837065906e+02 1.118569165958810885e+02 9.184609431847523808e+01 8.433995887635896338e+01 1.043907132614305624e+02 1.058903552252704969e+02 1.000362710589892998e+02 1.200233646149393536e+02 1.339261634839796500e+02 1.138059593311368758e+02 1.022388430711270502e+02 9.531596433309407246e+01 8.995709546389429079e+01
1.885011177912924296e+01 3.426020642852822817e+01 4.857252378714571961e+01 3.397208501988529861e+01 5.471674781243864061e+01 7.204323835748431293e+01 6.401393621287220981e+01 6.650852166013832800e+01 4.762530488418283170e+01 4.337142546369010887e+01 4.810529827706055528e+01 5.364824583307458994e+01 6.062040487537976219e+01 6.999970564707068377e+01 8.460290707668644927e+01 1.048265145547711228e+02 1.012425921739045833e+02 9.904161468528926093e+01 9.904161468664749179e+01 1.073250848793943959e+02 1.082757268845592620e+02 9.858789600922040108e+01 9.962373169475381474e+01 1.131199288103452858e+02 1.180514009713791523e+02 9.805902856763175635e+01 8.641393475232283095e+01 7.747395102441517167e+01 9.515624639842960164e+01 8.580867643409872869e+01 1.058903552252629225e+02 1.205825694938598502e+02 1.321160055746997273e+02 1.223097582002059056e+02 1.152136136830392275e+02 1.152136104953708013e+02 1.038339819343796648e+02
3.949545385010417675e+01 1.996176344158110538e+01 4.065692862406615404e+01 2.839550719561943382e+01 4.917245849774028699e+01 5.768669833019153259e+01 4.329765779732554165e+01 5.282021840007318758e+01 3.728618487424862593e+01 5.799823526625741010e+01 6.283394846559490787e+01 7.443802224451789584e+01 7.443825033803284441e+01 8.972986057684545358e+01 9.885456980971915186e+01 1.109792020271830211e+02 1.028050939173877509e+02 1.105634806816066344e+02 1.083140063180592136e+02 9.909305818406933497e+01 8.980550820458577732e+01 8.514067860466302307e+01 8.619005834464716997e+01 1.051722687467295145e+02 1.078073972223776735e+02 9.951168761557241282e+01 9.229958433542796570e+01 7.182964621163203844e+01 7.479772927565615248e+01 8.325676218436115050e+01 9.231171422613553545e+01 1.038649722273194556e+02 1.238426188519837012e+02 1.423560557014092467e+02 1.352685718092677405e+02 1.321170586499843580e+02 1.216078555154726644e+02
4.920551071268203458e+01 3.457966444461242617e+01 2.107842535908418213e+01 4.182671894927353407e+01 4.386568437235563067e+01 4.452181537073148121e+01 2.858582698668399402e+01 3.209080813126080756e+01 5.282021840007318758e+01 5.799823526625741010e+01 7.864109339302223134e+01 9.186214825686565177e+01 9.490128142294737756e+01 1.019510698467557717e+02 1.101126890801583045e+02 1.005963894590363026e+02 8.284822768043068208e+01 9.808706334777943425e+01 9.502956312596573696e+01 7.855379207445103873e+01 7.620523402646701072e+01 7.366591219259214540e+01 9.316686476771455716e+01 1.019736222363760731e+02 9.365737166009385817e+01 7.918157293433689858e+01 8.291221848847494869e+01 6.703313588981119153e+01 8.772236702142642173e+01 9.742503397156163203e+01 1.029914506698587928e+02 1.093095566882977749e+02 1.175829788892715584e+02 1.265136803918326223e+02 1.380494955608156715e+02 1.364919790920281173e+02 1.164027515783685942e+02
6.382116722396168029e+01 5.021687211471106593e+01 3.569105731799944436e+01 2.222439664038664020e+01 2.304689395133094010e+01 2.388219671052014093e+01 4.471836440341083829e+01 5.282021303094543185e+01 5.975152888641708415e+01 6.799775810450496749e+01 7.099140657175588842e+01 7.941177666071205010e+01 9.864816339154732816e+01 8.202697906791010496e+01 9.864816339154732816e+01 9.256610328741193428e+01 7.260862962288932465e+01 9.256610328741193428e+01 8.565146630867296551e+01 6.654449019228522388e+01 6.436272335402131262e+01 7.879035564941798953e+01 9.809916049104445790e+01 9.365737166009385817e+01 7.315992427278878552e+01 7.916348761551597590e+01 6.204016832817493565e+01 6.684247225509179202e+01 7.189754128838725933e+01 7.718304893192321003e+01 8.292144984355005022e+01 8.932995117161429732e+01 9.827232255676294415e+01 1.097926346397736097e+02 1.297766341933586318e+02 1.447336708368586926e+02 1.364919790920331479e+02
5.734343850778170548e+01 6.403360800291044086e+01 5.134028285881623788e+01 3.368913671012496991e+01 3.779215040068806530e+01 4.471836436127981784e+01 2.513138326397296396e+01 4.596926446573166203e+01 3.935895424953977795e+01 5.605917845816434664e+01 5.010771797685139006e+01 7.099140657175588842e+01 9.044796974797019118e+01 7.019645514613416992e+01 9.044796974797019118e+01 8.592232161785854316e+01 6.564369203630941740e+01 8.005270208221193684e+01 7.191113068421927323e+01 5.714526414717852987e+01 7.758209563351232418e+01 9.240852789942694301e+01 9.525635996691507046e+01 8.408544144495749606e+01 7.565051708746894121e+01 5.823255002189995366e+01 7.315992427278878552e+01 8.754042039118127150e+01 9.236453771165190574e+01 9.742503397156163203e+01 1.029914506698587928e+02 1.093095566882977749e+02 1.175829788892715584e+02 1.169879303995388682e+02 1.252610244752560646e+02 1.337026143088764627e+02 1.451948852061167372e+02
4.905164045761786440e+01 6.030546162495810592e+01 6.347323257832670151e+01 5.335886724426434569e+01 5.853299190214551828e+01 5.221630124838376474e+01 3.210588925450247189e+01 2.641113267416541532e+01 2.733032739735917005e+01 3.526953623807039406e+01 5.622440540589722957e+01 7.253159350660652649e+01 8.328799889908393084e+01 6.282366562475056071e+01 7.413609207697741965e+01 7.145883472346861254e+01 5.932703736434472575e+01 7.191113068308885659e+01 5.138277954079676846e+01 7.191113068421927323e+01 8.565146631046195580e+01 8.737233264507285924e+01 8.074092962299917531e+01 6.622549930195567924e+01 5.473746936203193769e+01 6.961681747959885058e+01 8.756677325458120720e+01 1.019736222363692235e+02 1.081570353458966025e+02 1.081571246974383627e+02 1.164115679850404916e+02 1.171025944080088692e+02 1.088285563401344263e+02 9.700176818447972948e+01 1.054489142646088879e+02 1.218828009218962904e+02 1.318788870654746006e+02
3.176260799815779379e+01 4.130574821154760201e+01 5.630413797787835506e+01 7.494231101974246201e+01 6.384519601905584096e+01 4.370335949173785650e+01 5.221630127895445384e+01 3.383277968242354206e+01 4.812966094292862351e+01 2.865031051959106634e+01 4.334943744932418497e+01 5.922625475625012115e+01 7.267762969004527918e+01 7.413608925563131891e+01 5.349788242242132696e+01 5.082629173792437172e+01 6.366746895402129525e+01 6.316633719348471487e+01 4.769195568064542101e+01 6.822260580100815730e+01 8.115185283773010383e+01 6.618158677967143433e+01 7.227290261043948760e+01 5.143005834038743274e+01 7.228007426648555622e+01 8.408544144495607497e+01 9.855406541037594081e+01 1.022696766441905822e+02 8.812868874192282931e+01 8.812868915569826811e+01 1.081571005080235608e+02 1.055471264183079683e+02 8.880344759235138952e+01 8.540759204442440478e+01 9.362370684099538209e+01 1.036106228165688492e+02 1.177499793805354216e+02
3.400494843253223820e+01 5.420459180309131142e+01 6.103798669210051031e+01 8.096677854718723211e+01 7.230619166259472763e+01 5.519766371770840152e+01 6.239183456928597593e+01 4.166499639065261107e+01 5.794131185964211284e+01 4.941364582834624031e+01 2.997408922988411817e+01 5.070159193419002719e+01 5.202173265321953721e+01 6.060464123792443303e+01 4.775531156218520579e+01 6.366726474271739988e+01 4.303318411792216835e+01 4.263725958634118030e+01 6.097386827627772732e+01 6.223538100306418386e+01 6.343945544371489831e+01 5.307882531511942403e+01 6.672142739391861710e+01 4.919090416570735158e+01 6.392858107745861673e+01 8.462778167258012729e+01 8.792994727702699720e+01 8.380527349739459453e+01 7.361570297958306242e+01 9.344211652644762012e+01 1.017508311685268723e+02 9.726659554082483794e+01 7.701433928038289878e+01 9.726704884204377777e+01 1.035743856162741707e+02 1.118510052721960477e+02 1.233908494147571560e+02
3.627735279562683957e+01 5.641498537331397500e+01 6.833534781631557564e+01 8.243889728419544838e+01 8.410932999459568293e+01 7.565794482491251927e+01 7.088304332426756105e+01 5.202717226776759674e+01 6.956717818318942648e+01 4.890395818142454942e+01 3.432702652768001883e+01 3.132378785681892452e+01 5.202138768383671419e+01 3.996201831757036871e+01 5.612374073955349019e+01 5.715536495062251277e+01 3.804321072163070738e+01 3.916059707470578388e+01 4.034113267665480151e+01 4.152720918057252675e+01 4.272382471863483033e+01 4.392672241114800613e+01 4.609195047650732846e+01 6.683712330489882447e+01 7.846529472560177965e+01 7.325528121301165640e+01 6.854652263596709361e+01 6.301081150108916518e+01 7.941813371375627639e+01 7.293657127977704135e+01 8.385802801652928906e+01 8.614391188557949874e+01 7.213919573811834596e+01 9.196707429340295903e+01 8.347016926709234497e+01 9.512411955423715426e+01 1.151176668099514160e+02
