LEM/sinusoidal_perturbations/elevation_000528.asc
nrows	100
cellsize	150.0
xllcorner	0
ncols	100
yllcorner	0
NODATA_value	-9999
[rows 17 to 33 of 100, columns 0 to 36 of 100]
5.222468517465790779e-03 2.000522239767658306e+01 3.584843111174776453e+01 4.478913790206777890e+01 5.633197668134870639e+01 6.010532294042536705e+01 6.839368600138011800e+01 6.764539935880800670e+01 5.939545824171788269e+01 4.650972503613814979e+01 4.650972503613814979e+01 6.644293343574500454e+01 6.677342381218980449e+01 5.807212513818942767e+01 6.683031232809338462e+01 6.410083973816109904e+01 4.134043843576782962e+01 3.138162855683768626e+01 5.319085687906179771e+01 5.272160477269351020e+01 3.124983409940898937e+01 4.892547398624312649e+01 2.907338177800768975e+01 4.893079149278238305e+01 5.038393579005864353e+01 3.081049693049467919e+01 5.038420821742941769e+01 6.319368898466868956e+01 7.466139224641899830e+01 7.287244646418569971e+01 5.083687811686584723e+01 5.729094548514775909e+01 5.132711819773834350e+01 3.271724550629166117e+01 5.324548104500847501e+01 6.862025714461752557e+01 7.699307622388040784e+01
7.333276091007126865e-03 7.566622736267636817e+00 1.651089463491409148e+01 2.805789688908850721e+01 4.805645110935430608e+01 4.010465713014615119e+01 5.067682459271087936e+01 5.896370454661106209e+01 7.051269200852595986e+01 6.644293343574500454e+01 6.644293343574500454e+01 7.469078958834143123e+01 5.656389802422903301e+01 3.792860414334292329e+01 5.651354221907799769e+01 5.542124132060050101e+01 4.317182693665161253e+01 2.345683741878664819e+01 4.463846882213670142e+01 4.351784400510047846e+01 2.186894405556952137e+01 3.858754535676402497e+01 2.458477122730274544e+01 4.448351280184279943e+01 4.334559100189112968e+01 2.807190566840736423e+01 3.545723698777558752e+01 4.657141158705296391e+01 6.636538757651577214e+01 7.365462851550202572e+01 5.729094673169382190e+01 3.430977891869796537e+01 3.077607229241571218e+01 5.132639436359416152e+01 4.159947208062515500e+01 4.846806453674290083e+01 5.857593836296435086e+01
6.343274376862209282e-03 2.000567089492478701e+01 2.691485946071875190e+01 3.056657501437719304e+01 3.441559350419874619e+01 2.855764468073354223e+01 3.067655811752779726e+01 4.222356568103396768e+01 6.222419101082877546e+01 7.607597733890595748e+01 7.042119313251545520e+01 5.866335376039871363e+01 4.798596126160228437e+01 2.878654504497712807e+01 4.709191188926859439e+01 3.323580840618286203e+01 3.448634572224793970e+01 1.789911151570455061e+01 3.322991961543023365e+01 3.345807604067682917e+01 1.414489834292991866e+01 1.847689406119377509e+01 3.806432538849174563e+01 4.096128876732205981e+01 2.450647870628734992e+01 4.162109163972638015e+01 5.229827870706328952e+01 6.319369659146004636e+01 6.787975722928554489e+01 5.385755762243480405e+01 6.009900231963274564e+01 4.999281493188331638e+01 2.944474448507317277e+01 4.999281492645101110e+01 6.190285904292582586e+01 6.862025718082712444e+01 7.699309095753328336e+01
3.497053469895897767e-03 3.433468756320079862e+00 6.915021875434051779e+00 1.056650559213519003e+01 1.441550738673272924e+01 1.912955259464312974e+01 2.729451840415433850e+01 3.623879032898530994e+01 4.778579775027988319e+01 6.778660849943931055e+01 6.182776558248730936e+01 4.162048619322318643e+01 3.079317586288070530e+01 2.268719501041520559e+01 3.441584287553263266e+01 1.325723443876012020e+01 1.223771094386509617e+01 1.255364197379298474e+01 1.286789998830877835e+01 1.318093468688438819e+01 1.349620890677042340e+01 1.759119611693281371e+01 3.341156330530999696e+01 2.669845300738088767e+01 3.737274693811218640e+01 2.087636016337408051e+01 4.271569065140509736e+01 5.936969684453449503e+01 5.459655951654088568e+01 3.958366661297978339e+01 4.046122707216068193e+01 4.685589445215408233e+01 2.815505604356605929e+01 4.271825402210357936e+01 6.304695807500919358e+01 6.686104236117492405e+01 8.711051452240116078e+01
9.635555453094322986e-03 2.000963554032471237e+01 2.691507877941106130e+01 3.056657519011463009e+01 2.596251285283325672e+01 3.912966535939965951e+01 3.327169072379732029e+01 5.327206717270852465e+01 6.452655988493368966e+01 6.583754522077860827e+01 6.038273557144842840e+01 5.199867266976970370e+01 4.951913236690749187e+01 3.479301887938264315e+01 1.598968765600935882e+01 1.178830308719793685e+01 2.517041662423519810e+01 2.515809440081175197e+01 3.196460566122476621e+01 3.297879213937982712e+01 3.355801420912198552e+01 1.394609791592010595e+01 1.501325690986146988e+01 1.607890903601006727e+01 1.714627004921691622e+01 2.656403288312605326e+01 3.922111981193404517e+01 3.710714715485162429e+01 3.580227155753755852e+01 4.270852129489787785e+01 2.518659140038975153e+01 2.639933009721494628e+01 4.684684229692184942e+01 3.739256420962756522e+01 4.661975699259151895e+01 6.686104257024285857e+01 8.274658452834491129e+01
8.845047570523793118e-03 2.000884504757016913e+01 3.463838126323486932e+01 4.292265251069647292e+01 4.596271657785593590e+01 5.424918048112259328e+01 5.327206717270852465e+01 6.155936002587636580e+01 5.983137199317567934e+01 4.541635936400329143e+01 5.199867267066787946e+01 3.226212849155832174e+01 3.792914722033918196e+01 3.008253130827329613e+01 1.133760196411663301e+01 3.152951796819546004e+01 2.061002477526311694e+01 3.431007103870580721e+01 4.091434771929087333e+01 3.759576532193692344e+01 1.677802357810892886e+01 1.428066538990627876e+01 3.357950303798180869e+01 3.554026882280171407e+01 3.735763733961549349e+01 1.879374438732228825e+01 1.996042425029536815e+01 2.113260992792074688e+01 2.231151640219049170e+01 2.349392723997222632e+01 4.383290654753701432e+01 3.823907619602302788e+01 5.479015546012884386e+01 4.926135221747488657e+01 6.620945678415246505e+01 7.526925554751896641e+01 7.436985736215808629e+01
8.023991185656003874e-03 7.079091803051101195e+00 1.463838126323557987e+01 2.878051688696627863e+01 4.878051688696556454e+01 6.261795905518759042e+01 7.090223030253059733e+01 6.583754522077860827e+01 4.541635936400329143e+01 3.103998967475178716e+01 3.963849423048525722e+01 3.742597783208931617e+01 1.856567392731312438e+01 1.088773282502540773e+01 3.094835223588115625e+01 3.991786569908532556e+01 4.047343069861693010e+01 3.088414570212400179e+01 4.804547648409165816e+01 3.822955835048745143e+01 3.825320067108698652e+01 3.347130210046418597e+01 1.475343768856688165e+01 2.176176790336018740e+01 4.200192752760360548e+01 4.435482577424541972e+01 3.367817883696769599e+01 3.544169236969440817e+01 4.261300101509159788e+01 3.360675138618964297e+01 4.375740267471094569e+01 5.853056333512818554e+01 6.668658292106054830e+01 6.955696652461291762e+01 7.814623041722660446e+01 8.023018435751035327e+01 8.274650693424126757e+01
4.598823041778624977e-03 2.000459882304142312e+01 3.463838126323486932e+01 4.292265251069647292e+01 4.847582343145713679e+01 4.261795905518830097e+01 6.261795905518759042e+01 6.682374495947048842e+01 5.374842718805720665e+01 3.964412237521570148e+01 1.944394418377750711e+01 2.501056670067029941e+01 1.043912889944853539e+01 1.513769389121818776e+01 3.473596063130955969e+01 5.021168336123886178e+01 5.889004246987577318e+01 4.439046425767674009e+01 5.840173212284344828e+01 5.945158929453121743e+01 5.355947092264902665e+01 3.476522688612973866e+01 2.817332958698983703e+01 1.522483692198955296e+01 1.787582894667422551e+01 5.015625723812523518e+01 5.107925895482863154e+01 5.580016102331994432e+01 6.172784220078705175e+01 5.355768844533343298e+01 6.173142381507270215e+01 7.254028255975227069e+01 7.859583047589912042e+01 8.702746448179792083e+01 7.423680346739337210e+01 5.997026482055359509e+01 7.007957258303149217e+01
7.340434288523949372e-03 1.414947605801959973e+01 3.414947605802030495e+01 3.778537375496035366e+01 2.847582343145785089e+01 4.847582343145713679e+01 6.082612001880654162e+01 4.642901733240908868e+01 3.939235999006333344e+01 2.503623842040412484e+01 2.965330199224740682e+01 9.994637202230679307e+00 3.005404681679227963e+01 3.479140521840863443e+01 2.213584563763239288e+01 4.207571000580963272e+01 5.924936463997416070e+01 6.500694446062152565e+01 6.944884162055500099e+01 5.998976391107836292e+01 5.090368288110210671e+01 4.664960277533385380e+01 3.476744987844418944e+01 1.555775658892799918e+01 2.497180857643471086e+01 3.900794667916877501e+01 6.317046824301095143e+01 6.560413883331564477e+01 6.369041232671429498e+01 6.549224179990396522e+01 7.358667009933635939e+01 6.902469389968321423e+01 5.724851153803503223e+01 7.482411305136177759e+01 6.414863014388610907e+01 4.560659153589747206e+01 4.981331000437391765e+01
3.515918393995972821e-03 2.000351591839364218e+01 2.884110184496170604e+01 1.778537375496106421e+01 3.778537375496035366e+01 5.468466255237211726e+01 5.240249475392272416e+01 3.201915778353671271e+01 3.098078810912693726e+01 1.181736897733791736e+01 9.551944862712677065e+00 2.964676746847723976e+01 2.514137887393846071e+01 4.646763580478541655e+01 4.207571519146271299e+01 3.037846449917430292e+01 4.475645928446590460e+01 6.529550871083078789e+01 6.189890480647272852e+01 4.246361114518946778e+01 3.213960273518603117e+01 4.117091140022047568e+01 3.520892930628058792e+01 1.589048360636242130e+01 3.649446652249270784e+01 5.150089191736770999e+01 6.545700644924386324e+01 4.524884281416901644e+01 4.302854271073852743e+01 4.521454969388943113e+01 6.225156305309633353e+01 4.743552665915723310e+01 4.460515192593535971e+01 6.627802502476262703e+01 5.574916396171766308e+01 3.520366257199530935e+01 5.564400422203551244e+01
4.608085242692564441e-03 4.368965889962521665e+00 8.841101844962061307e+00 1.640039130514647425e+01 2.640039130514629662e+01 4.640039130514558252e+01 5.127810790506457295e+01 3.089677614611814960e+01 1.933382706760212599e+01 2.364041114095824980e+01 9.227827024687455193e+00 2.892725515376743672e+01 4.526150876033409531e+01 5.506628762113072639e+01 5.925925652352731277e+01 4.475643584650596551e+01 4.475643622781935704e+01 6.529299037773695602e+01 6.978086491098515864e+01 5.997989046353561804e+01 4.273387039501812268e+01 2.198147832178146288e+01 1.833006594395284239e+01 1.622317381124238622e+01 3.569962785938556493e+01 4.524032439185201326e+01 4.835786585125539716e+01 3.994313330218692926e+01 2.848964120382459697e+01 4.901934891043477194e+01 5.374497623342563202e+01 3.208366650823728605e+01 4.837873820627554267e+01 4.826848599998102429e+01 4.857162569110460737e+01 2.894621705710011028e+01 4.218367857963751533e+01
1.610643649003322799e-03 2.000161064364864671e+01 2.884110184496170604e+01 3.640039130514576016e+01 4.468466255251505004e+01 5.468466255195994563e+01 5.970358575934793066e+01 4.794325464516514046e+01 3.947258107306618768e+01 2.908660629676339937e+01 8.913328615565095703e+00 2.383911250058866926e+01 3.407009909833576700e+01 5.524625230930183051e+01 7.031639956556232107e+01 6.529286165714485435e+01 6.529299056001867996e+01 7.376211530078008138e+01 6.550677739631451857e+01 4.437025477702405141e+01 3.216849517130557956e+01 4.274033502095298331e+01 3.814910705745709407e+01 3.641597930602432598e+01 1.669512333915796276e+01 3.689004363588853153e+01 3.727087846131735915e+01 1.801324352479361934e+01 3.353634430890582507e+01 5.211873166640680921e+01 4.960048509058290023e+01 3.362278729130818533e+01 2.449095139342767169e+01 2.706148466086836635e+01 4.120249545411524394e+01 2.380489760036216396e+01 2.167038902093434061e+01
2.022278438842990342e-03 8.960033426164654813e+00 2.070270980019263973e+01 4.171072075168858362e+01 6.004281954897102480e+01 6.751810013358701212e+01 6.617290199131217321e+01 5.650989872042496387e+01 4.385595480383925349e+01 8.585181503134231562e+00 8.929869743883532607e+00 1.673423098416949628e+01 3.956374099253540777e+01 4.157550681553960459e+01 6.217979319127843496e+01 6.094292510580473277e+01 6.268048757246388902e+01 7.097306395555546032e+01 7.397426893090080569e+01 6.191839400561133999e+01 4.713217355350585791e+01 6.191638979479144922e+01 5.277442733955112431e+01 3.251196575129159783e+01 1.759393845877480800e+01 1.716490395379184264e+01 1.749542782146123443e+01 1.782789515986237916e+01 3.754995615326384240e+01 4.572815110929451521e+01 4.606736785715821725e+01 2.558381722174346606e+01 2.012520457911627858e+01 2.047500672274258804e+01 2.082454037076803388e+01 2.117393924574373187e+01 4.164147176178362031e+01
6.642187732006160465e-03 2.000664218773165004e+01 3.714483687702013270e+01 4.914711672962219069e+01 4.134237591053533833e+01 5.670852058439218979e+01 5.899826782696301564e+01 3.873065842569981498e+01 4.090622644719501722e+01 2.835673849416767212e+01 8.370007361696513826e+00 2.842658068550040085e+01 2.498414391577730953e+01 4.564075899594105579e+01 5.520707504254164633e+01 4.118827483748989238e+01 4.286135864774016824e+01 5.692254432408816456e+01 6.320985996620660785e+01 7.150808257135791735e+01 6.822250966499684921e+01 5.790093404709947578e+01 3.712969060334581428e+01 2.527134268324110167e+01 3.865001257091670794e+01 2.613915616430510624e+01 3.787591150842339260e+01 3.782030737189961656e+01 1.830436783707294524e+01 3.753349539814154667e+01 3.871047290662112772e+01 1.963073705632764288e+01 3.917538335775109459e+01 3.872339171624263798e+01 4.106060202374437296e+01 2.340468157718194320e+01 3.521112527212882526e+01
1.591255364720534126e-03 1.998806024334895781e+01 3.072089459788161747e+01 3.817103191584636335e+01 2.998774938064226703e+01 4.886618772603500105e+01 5.717476789494243405e+01 3.809498358626693459e+01 2.471293683070773284e+01 2.814570801697120217e+01 8.084482084677174996e+00 1.421036741651334978e+01 3.284795184868871587e+01 4.963684900527122323e+01 4.144260837281333210e+01 2.741679564874054620e+01 3.169973615330095740e+01 3.723040299265350228e+01 4.332762790794720331e+01 5.734447867460671233e+01 7.737014794619371116e+01 6.653386035713927527e+01 5.195320068884504394e+01 3.116500836312582834e+01 5.195323676805048052e+01 3.794926905926688931e+01 5.531425820261630122e+01 4.237537723670570955e+01 2.194273182142820744e+01 1.878251199075869948e+01 1.913505107267778982e+01 3.933195124405671095e+01 3.576600755841896984e+01 5.537036902476202727e+01 4.261438439073986473e+01 3.523019905864715895e+01 5.272620532145284500e+01
6.189296070378335485e-03 5.779413653421911157e+00 1.180934692697403676e+01 1.847785568957600333e+01 3.817050787223319475e+01 5.133842672700467347e+01 5.740189714903332430e+01 3.892094516251365377e+01 2.602636134167217108e+01 1.455285714981144274e+01 7.803048591692244074e+00 9.228818612697681445e+00 3.386989196714624484e+01 3.632003553077246494e+01 2.160311520318823852e+01 4.144260837281333210e+01 4.542353044055102629e+01 4.759128854943146081e+01 6.320986221081349754e+01 5.734447848023097549e+01 7.736999160777430973e+01 6.675817802267827972e+01 4.582124238753119272e+01 4.152414031342261325e+01 6.064321990339752944e+01 5.874104147587691926e+01 6.751401596460868859e+01 5.212721668409111686e+01 4.251031763339243952e+01 3.920669216047895134e+01 1.924426708003008812e+01 3.991522700290196468e+01 5.805593015710005744e+01 6.428613426287499522e+01 6.071800598506590063e+01 5.613913844578878098e+01 6.472606467957824350e+01
2.247884206357958405e-03 1.992395436913706774e+01 2.308877084794858803e+01 3.067846186602807990e+01 2.793517943361539224e+01 4.067810524947073247e+01 5.072815647550361717e+01 4.424110709630980409e+01 2.856710978495986097e+01 2.058750784440180226e+01 1.764759397057044765e+01 7.409902259806114166e+00 2.919294865625730750e+01 1.586764734991766446e+01 3.632003553077271363e+01 4.964906322906466585e+01 6.527506546548022470e+01 6.746351700813384866e+01 7.575943561368771384e+01 7.737007132720165714e+01 8.567166763562224219e+01 7.547877170425933002e+01 6.675801858277921497e+01 5.685831208536146164e+01 7.169986428795179734e+01 7.380903848537958822e+01 6.526957852285900685e+01 5.046692445918865388e+01 3.009558831746234020e+01 2.522133915529166259e+01 2.058328156480233062e+01 4.110335140665507936e+01 5.142330712738370124e+01 6.689070548985230857e+01 5.944929046636882219e+01 5.084713440959913555e+01 5.241552237470035891e+01
