LEM/sinusoidal_perturbations/elevation_000793.asc
nrows	100
cellsize	150.0
xllcorner	0
ncols	100
yllcorner	0
NODATA_value	-9999
[rows 34 to 50 of 100, columns 37 to 73 of 100]
5.245643235623288092e+01 3.277205315573164768e+01 4.660906543445570804e+01 6.657999110171246571e+01 7.680001191387407289e+01 8.377486888473596593e+01 7.224136411720238016e+01 5.437687335161003688e+01 7.224136416869291111e+01 7.448222190824628797e+01 6.614549221732600870e+01 6.419213642824556132e+01 5.384332902656154829e+01 4.540505743708644815e+01 2.607108220776714447e+01 4.685143890855385251e+01 3.457156478064660377e+01 5.522734237160464943e+01 5.303142644428638164e+01 6.319248466206903458e+01 8.336155547788420961e+01 9.574751450655909935e+01 7.541862981750175265e+01 8.137282228603719147e+01 6.328356108733895269e+01 8.348174321182777646e+01 8.524583309045388546e+01 6.502384080862488247e+01 5.344942790811421673e+01 7.357066037744728249e+01 8.357826738257577404e+01 6.725366008356472491e+01 4.711757779648734612e+01 5.942720660150579448e+01 5.071639631104587664e+01 6.970027343037874346e+01 5.799042588675617793e+01
5.429115889837304820e+01 3.454406977958988989e+01 4.843245532362440997e+01 6.842682539601281633e+01 7.921221032617920343e+01 9.153439416372194160e+01 8.201892789453542321e+01 7.394512249027221173e+01 8.200889374644818020e+01 8.106917740789674554e+01 7.467809848009819973e+01 6.023927111510963073e+01 4.934541122754303899e+01 2.854619662027075933e+01 4.686838537187662013e+01 2.789178507563602594e+01 4.869673021112563305e+01 6.360214235542535732e+01 7.327702006997668605e+01 8.158392118723442366e+01 9.164253182380467422e+01 1.041786823130142778e+02 9.574751450655909935e+01 9.065544039895475237e+01 7.036516079077938457e+01 9.065544025946792317e+01 9.366685923312701334e+01 7.860968427483940957e+01 5.845358869837642146e+01 7.860968427484043275e+01 7.892815149422504817e+01 5.870884065657546813e+01 5.714423046903521453e+01 7.528343313890158583e+01 6.188993719147917716e+01 7.770193177108991733e+01 7.816982253725373653e+01
3.732470431379793041e+01 5.429115889837363085e+01 4.165342331143688881e+01 5.048587066432408221e+01 6.205257590543817514e+01 8.282602434275482040e+01 9.134312130399450780e+01 8.303787934607341015e+01 8.106899262876102341e+01 6.088308835723332635e+01 5.439234199969713757e+01 5.184521141317597426e+01 3.107929665390867413e+01 4.934540534181221005e+01 5.004826346291785200e+01 2.924146292536834579e+01 5.004831214980113430e+01 6.037187754545314533e+01 7.212233044059490794e+01 8.178615831126205649e+01 9.006800222153937341e+01 9.054102747341438828e+01 9.885027725179479319e+01 9.909831283919778855e+01 8.202492477606188004e+01 9.909829971089307321e+01 9.518797630617461891e+01 7.488379824207677871e+01 6.478751902387793393e+01 8.500209422018160410e+01 8.730645151840471385e+01 7.038604651701660941e+01 7.144487686537846116e+01 8.574255560965771394e+01 8.088808162302258609e+01 8.873805782785596818e+01 8.765545722564689868e+01
5.715332804547241352e+01 6.551079125213665577e+01 6.158450097861219774e+01 5.153590036477224601e+01 6.568919427080703599e+01 8.598296326185669614e+01 8.303815407078714372e+01 6.288163723181217790e+01 6.878533833193390024e+01 6.267789268434201233e+01 4.419555312712569162e+01 3.370000076306939718e+01 5.184521141357689800e+01 5.184520872935434710e+01 5.845519442730052617e+01 5.004833322695223785e+01 3.120261608793108721e+01 4.334029266512920486e+01 6.377569021066977228e+01 6.164645136211495213e+01 8.178615831126205649e+01 7.040695187739552807e+01 8.308596762554910242e+01 9.140274138912413093e+01 1.024449439858019701e+02 1.108772075596417039e+02 1.036077924278363298e+02 9.217906057908888329e+01 7.187953426699165504e+01 9.217906057813988241e+01 9.897981979668162467e+01 9.059688398000551501e+01 9.165683844251013568e+01 9.788553855406210857e+01 8.350338485326381033e+01 7.489828647334731215e+01 7.219495309825732932e+01
4.350003272799444431e+01 6.345275207113605376e+01 7.553513750775076119e+01 7.163310159245217790e+01 6.568919427080703599e+01 8.598296326185669614e+01 8.042573880439161371e+01 6.026391591828294736e+01 4.853015002787549292e+01 4.227215730322809861e+01 3.642075067499901309e+01 5.439210326126259787e+01 6.276895056449492216e+01 7.217942209055667035e+01 6.511148688087801872e+01 4.473287255587739253e+01 3.261869184835023106e+01 5.324466133247200617e+01 4.726438763275743327e+01 6.187739390708586740e+01 6.529187359841783689e+01 5.880378369544923345e+01 6.296769218960258030e+01 8.308596764176614613e+01 9.895801397410666311e+01 1.011555211350544994e+02 1.094567610517194112e+02 1.006111262539135254e+02 8.355289138650640268e+01 1.006111234021151120e+02 1.108942719438256290e+02 1.024856605917706247e+02 1.024856598149318501e+02 8.786512345093214549e+01 6.912123115246633631e+01 5.491268688832609257e+01 5.202381988580410166e+01
4.975445463272579616e+01 4.713491982417254889e+01 6.122420683037253042e+01 8.140514064973861252e+01 8.598296326185669614e+01 9.445589617890692580e+01 8.873424526738041607e+01 7.711207751281037304e+01 6.878533906056794933e+01 5.898428249682197588e+01 3.845958214255020380e+01 5.898428246974994948e+01 6.309540728550922495e+01 8.323110545732548360e+01 7.340083555261536219e+01 5.335125350640274178e+01 4.473295393808803055e+01 3.467540064483667095e+01 3.793027052713615888e+01 4.142523786264835195e+01 4.499661279264564939e+01 4.868161636377119095e+01 6.886019860942707282e+01 7.967740940238249436e+01 7.880756319886981487e+01 8.101333324058326468e+01 9.975144572090050588e+01 1.087690945188301015e+02 1.039626268510906186e+02 1.123795656709690149e+02 1.024856608664257891e+02 8.195624899686208664e+01 8.195624899663496876e+01 7.942411333658716899e+01 5.925215141941080077e+01 7.507399959633036701e+01 6.023561813901858386e+01
6.978790918589970715e+01 5.015487216667173698e+01 5.523719099366866203e+01 7.534338470825694856e+01 9.284323399686390133e+01 1.046104353989639293e+02 9.579756416313239242e+01 7.568153680435301567e+01 7.392750360677595722e+01 6.168985099723076360e+01 4.126350229608659248e+01 4.272035077916300594e+01 6.309540736761957191e+01 7.572042514658448908e+01 8.194734700892701085e+01 6.512966300286119292e+01 6.371079849583957611e+01 4.938707250372243607e+01 3.699092380689028658e+01 5.746055139932840206e+01 6.472322620903395318e+01 6.885630954487122324e+01 5.495938005400447679e+01 5.957366819748219200e+01 6.458190870763949931e+01 7.127003061092780456e+01 8.028061626822572805e+01 9.456251884830909660e+01 1.146929963237826229e+02 1.193125487541863095e+02 1.032316130760355009e+02 8.796917435028710486e+01 6.767304473460623626e+01 6.383913557774481973e+01 7.942411333658624528e+01 8.786461510344152259e+01 6.919833263986642180e+01
7.328776285627054676e+01 5.321480308742057730e+01 7.328776285627054676e+01 6.415937337611929081e+01 7.578679626325603635e+01 9.614560179587537903e+01 9.511301013517324066e+01 7.568153680435301567e+01 5.551232204678776583e+01 4.529561287392404267e+01 6.168972359951495577e+01 6.309540736761957191e+01 4.716145221888528738e+01 6.741216710201217666e+01 8.027461944917919823e+01 8.530955309977207435e+01 7.803452448770647720e+01 6.591971875083876853e+01 5.756501858347137102e+01 3.932193549611567818e+01 4.819572001917493509e+01 6.786293819490222745e+01 7.506515008819901880e+01 7.967740940240453540e+01 8.470949358672801566e+01 9.142991792447357113e+01 9.975144572082093930e+01 1.087690945186437261e+02 1.193125487541863095e+02 9.880941505355427523e+01 9.478744733683161883e+01 7.432966060885757997e+01 8.796917435028710486e+01 7.014359844662874366e+01 9.050122367178897775e+01 9.799197615921396221e+01 8.087381231347130495e+01
7.650903468652064987e+01 5.639212180715424694e+01 7.650903468652064987e+01 8.439143994123843129e+01 7.842499192579440148e+01 9.879571965931724264e+01 8.681353083031424944e+01 6.666878395502527610e+01 5.659383759682274473e+01 4.829175866475721079e+01 6.851601359597715657e+01 7.571978677286166715e+01 6.741216710141645763e+01 5.181304114822642504e+01 6.608881828635948352e+01 8.619471827008986509e+01 8.071339504949926891e+01 6.055555615533479852e+01 5.038857498447965355e+01 5.981258651859430131e+01 4.172266175201585270e+01 6.211600716023395563e+01 7.661378116888371892e+01 8.333075383072468867e+01 8.915318661125193955e+01 9.562249315406077699e+01 1.034691254177431716e+02 1.130053781548345313e+02 1.171103824455672253e+02 9.655315861236407216e+01 8.196865238370706663e+01 9.478744733683161883e+01 9.775660431361991698e+01 7.723528890487884269e+01 9.775660431360749669e+01 1.098017622946009482e+02 1.013881727027680597e+02
7.391117532693995429e+01 5.970173176422040484e+01 7.127850890411622231e+01 9.160795147176801834e+01 9.879571965931724264e+01 1.072614760679333159e+02 9.511300611183573039e+01 8.505644228275552621e+01 7.170465052036821874e+01 5.153851762575813922e+01 7.170465052036823295e+01 8.958948583082909067e+01 6.949276510898563686e+01 5.525253847986173383e+01 6.949276510898640424e+01 8.958948584849812846e+01 8.071339504865493097e+01 7.895356679823903789e+01 7.063447560474384090e+01 6.376011021820508518e+01 4.342524203673232108e+01 4.824040786463150710e+01 6.826743874963014491e+01 6.350632304483460189e+01 6.950668250711672158e+01 7.621457352846832123e+01 8.603278613635171723e+01 1.052122001790374242e+02 1.193114808005383480e+02 9.880934739572771264e+01 9.225933284045009941e+01 1.109757816275091642e+02 1.061989218072601915e+02 8.904174977353591203e+01 1.061989218072601915e+02 9.829619873221520265e+01 8.986550390762664620e+01
7.495261721299146984e+01 6.333406547221482441e+01 8.356390119182158571e+01 1.000753894004361371e+02 1.167251928577916260e+02 1.048556567487087534e+02 9.324343852711295710e+01 8.493207345385199858e+01 7.501466338472653206e+01 5.488102654228205779e+01 7.501466338472653206e+01 9.065585820289554420e+01 7.055301405268413362e+01 5.894016163717722634e+01 7.904947572104664744e+01 9.323800752478608445e+01 1.008006112558919085e+02 8.787031731999584849e+01 7.766930033851068060e+01 6.542375544912381713e+01 4.524796806532212656e+01 6.552037033924926845e+01 5.563289985419041273e+01 7.558197451564149105e+01 8.776317424189477379e+01 9.562249315406077699e+01 1.034691254033015326e+02 1.130053768267244010e+02 1.145788416795491429e+02 1.193114808028946499e+02 1.069173312059587317e+02 1.211828086450633322e+02 1.180356185374122617e+02 1.096613170023366877e+02 1.042779164019411837e+02 8.389568719352146786e+01 6.972230975131984110e+01
8.810373167754714530e+01 6.780073277594189562e+01 7.607321197625238085e+01 8.781390187279879456e+01 1.082584366228379054e+02 9.657117783693121282e+01 7.641165771354431513e+01 6.478959809998316643e+01 5.991885878984455616e+01 7.501466338472653206e+01 8.333355752812896355e+01 9.890398008129471918e+01 8.732974689517816103e+01 7.904947572000679656e+01 6.486793273384969893e+01 8.497753642858808121e+01 9.379830953408239225e+01 7.365562966016278779e+01 5.940618888631109229e+01 4.928952080090340360e+01 6.552037400623169106e+01 4.859119856151847472e+01 5.096019992979817204e+01 6.364659034864430254e+01 7.829791144605420072e+01 8.379135109551502580e+01 8.883470359726223364e+01 9.442874882427712180e+01 9.443716394220970756e+01 1.098511183875741608e+02 1.199036661883580734e+02 1.353548212135951303e+02 1.201353640726013481e+02 1.117329393711116126e+02 1.037940509211145752e+02 8.945257618684287593e+01 7.712582932924597401e+01
8.691485461215452801e+01 7.253426329393576566e+01 9.289950774802402123e+01 1.048867343063693482e+02 1.081801871856588662e+02 8.805866085176701574e+01 7.378466995372238557e+01 8.493207344400491365e+01 7.152941611217033824e+01 6.848724139417168999e+01 8.274282554118383359e+01 1.028994286077680727e+02 9.167767908880333039e+01 7.156896772375264959e+01 8.497753642756752868e+01 9.323800836575270523e+01 9.416342154667508169e+01 7.400858170636706745e+01 6.237925559628068584e+01 5.229711786131172602e+01 7.245313741674755192e+01 6.878059620458417101e+01 7.111206822464325228e+01 5.435278448126161521e+01 5.886080763683410311e+01 6.361586085177852112e+01 6.866462552133359054e+01 7.426331810517999088e+01 8.139549134103566530e+01 9.149761354151155501e+01 1.116275934116747948e+02 1.201353643665968605e+02 1.083113048500742224e+02 9.117245228896042875e+01 9.364661020459674035e+01 7.511110145257116244e+01 6.107660676198722882e+01
8.209519243039009950e+01 9.290552682093809267e+01 8.691488986658802673e+01 1.073700308496229070e+02 1.081783782980743496e+02 8.805862894494134707e+01 8.543928044686316525e+01 9.997985032569785346e+01 9.168165413166934741e+01 7.560336527337406665e+01 9.577081688610833510e+01 1.032469089571707030e+02 8.320689157559542082e+01 9.167767908880333039e+01 8.107072991385291516e+01 1.011237229550151113e+02 1.024542994242069227e+02 8.988757628374243325e+01 6.973582265035386740e+01 5.549885389427089422e+01 7.563813463677271898e+01 7.954889696451610348e+01 5.938769609076686606e+01 7.450859625355114702e+01 6.125997522886071778e+01 8.142521718069062331e+01 8.883470359653577475e+01 9.442874882143807724e+01 1.015569735118603489e+02 1.098511247896414318e+02 1.199346779316219198e+02 1.117329393715703958e+02 9.117245228896042875e+01 7.945157022708119143e+01 8.521424483941920869e+01 6.520104914475645330e+01 8.104120758510191536e+01
9.655417897566005081e+01 9.879297922203427618e+01 1.073709266871162669e+02 1.158536935732262378e+02 1.164599368196135742e+02 1.081782142801916535e+02 1.055776466595794432e+02 1.138395790152351594e+02 1.040602538980787983e+02 8.569981690048463463e+01 1.040602564663289513e+02 1.114171279621482995e+02 9.483679339888412585e+01 1.086616170900388596e+02 8.869948702058943013e+01 1.086616170900388596e+02 1.043426205245941247e+02 8.420073668109461096e+01 7.899002609016203280e+01 5.885797701039496843e+01 7.899515680207048263e+01 8.323148750397977835e+01 6.306111053340188732e+01 8.323148750397977835e+01 8.142521718069075121e+01 6.887420436566736726e+01 7.650277293113293808e+01 8.554534895072747247e+01 9.982283199243046568e+01 1.198263804678845759e+02 1.172805345118523377e+02 1.088594853603823367e+02 1.015633765668218587e+02 8.965695342319096994e+01 6.954172119478683101e+01 8.521424483941920869e+01 9.364661020459674035e+01
1.170123749364461219e+02 1.192463671744159797e+02 1.277172915968382654e+02 1.257905829300385250e+02 1.176223816823518291e+02 1.176221231801519309e+02 1.182130610785201270e+02 1.203618976437522576e+02 1.141019196160236220e+02 1.058418169529275872e+02 1.141019214687167818e+02 1.228558668487537915e+02 1.147353404586839503e+02 1.167633226477952491e+02 1.003117481277402021e+02 1.120009724012535060e+02 1.016384707175392066e+02 8.412284339139785061e+01 6.404598595876015565e+01 7.309061121340569400e+01 8.732201467632405922e+01 8.711527777398579531e+01 6.693451391439563736e+01 8.711527777384013405e+01 9.735112672448344995e+01 8.315453318260632898e+01 8.536011342244002265e+01 1.049554137039010442e+02 1.056817356910147510e+02 1.207329940849413958e+02 1.001674984424005572e+02 8.822296410413471790e+01 8.106245757636635574e+01 7.478765411302281052e+01 8.366778873516055626e+01 9.810784777274510304e+01 1.095706707376895679e+02
1.120203147897368865e+02 1.305705912541031353e+02 1.223797709402292782e+02 1.176223816885611058e+02 9.814516917626288262e+01 9.814516870891283418e+01 9.873229529127036130e+01 1.008592831088159869e+02 1.203618976447010596e+02 1.225908801502833541e+02 1.143424156960766709e+02 1.225908565080889332e+02 1.218569858554266858e+02 1.281091843177863154e+02 1.200673641451804201e+02 1.037367326278281325e+02 8.361862526796487316e+01 7.353167500326236450e+01 6.891872002710579181e+01 8.909272567454630121e+01 1.015534175032932751e+02 9.123600248619133879e+01 7.104865931759603370e+01 9.123600248619133879e+01 1.074504924849666025e+02 1.032881365678773875e+02 1.054764452091868208e+02 1.137311570487135839e+02 1.256363013866081957e+02 1.290867825933259496e+02 1.172805345118523377e+02 1.088594996401799619e+02 1.000436556198816334e+02 7.957966735158051108e+01 1.000436556198816334e+02 1.125479068103296925e+02 1.179633146033480813e+02
