LEM/sinusoidal_perturbations/elevation_000759.asc
nrows	100
cellsize	150.0
xllcorner	0
ncols	100
yllcorner	0
NODATA_value	-9999
[rows 34 to 50 of 100, columns 37 to 73 of 100]
3.763271548231760733e+01 5.468485281321467539e+01 6.287654927476882705e+01 7.087248920311867550e+01 5.844583788235896549e+01 7.504209264508359922e+01 8.681436822961104838e+01 9.480373744519192769e+01 8.270051332777357800e+01 6.255159230984384067e+01 6.227405964378656478e+01 5.420185848317998278e+01 3.569072663345666285e+01 5.643803622727347857e+01 6.797016772623562986e+01 7.729239547808695932e+01 8.136106656820031446e+01 7.130252461842731293e+01 8.819355183814526811e+01 8.170693984189819048e+01 9.852351942819200303e+01 8.794508467346099678e+01 6.783833334672753779e+01 7.200777437206836851e+01 6.677556566848130615e+01 8.618513297023562814e+01 9.185619433923670840e+01 7.179191063822281649e+01 7.179191063822281649e+01 8.595722726336420294e+01 8.867890952134634119e+01 8.047477845590100287e+01 7.722977449913237535e+01 6.423368110013591092e+01 5.600469776086230667e+01 3.683666659556282497e+01 5.693747466288172632e+01
5.718842340614924069e+01 4.076678437423556289e+01 5.488324432811850073e+01 7.469744051262833295e+01 7.823537240995524655e+01 8.653529495026943152e+01 1.004950410261730127e+02 8.894255921360382899e+01 8.068752985302110403e+01 7.401934171025671105e+01 7.034703842448102762e+01 5.869932704335160167e+01 3.797508247893975408e+01 3.889784851056761283e+01 5.957434927846282591e+01 7.118712104804369289e+01 8.551887057271154902e+01 9.153221919435104326e+01 9.984663686604305610e+01 1.018293213738562599e+02 1.101252431865154335e+02 9.621933042865001084e+01 7.684224560540849325e+01 9.209678381376679113e+01 7.840073925101874863e+01 9.516157834508302926e+01 1.001225438885055468e+02 9.185619433923670840e+01 9.185619433923699262e+01 9.255651003144991762e+01 9.064152281231078234e+01 7.647151577280479273e+01 6.817564254943904700e+01 6.098783054113666680e+01 4.094678163870236176e+01 5.693894744228235538e+01 3.781579732309958075e+01
4.642944474051936510e+01 4.348636307209421403e+01 6.339606453376639905e+01 7.392361373227912225e+01 7.393126255026891158e+01 9.369377680758049109e+01 9.228544674864964747e+01 7.219735532253177723e+01 6.042010072069234639e+01 5.356906767082154630e+01 6.194381742215695397e+01 4.129686995413948125e+01 5.869932704335160167e+01 5.957434927747940634e+01 4.221193569502401033e+01 5.685537152337587230e+01 7.458610286767985542e+01 8.996981651915200473e+01 8.732705325649050110e+01 9.565154602068739109e+01 1.057113301067459901e+02 1.051807534596462546e+02 9.107576098519110985e+01 1.051807534596462546e+02 9.847437947224986488e+01 1.067248468521658396e+02 1.095027078332969381e+02 1.012246988349205736e+02 9.254065244318751127e+01 7.242380814143956513e+01 7.610508699902538865e+01 6.230150873334600448e+01 4.817353863366786726e+01 4.515029260477863460e+01 6.098785554154051169e+01 6.619373641654135554e+01 5.790024810249619946e+01
6.622802586729783059e+01 6.339606453376639195e+01 4.745719498455704155e+01 5.413695141828709012e+01 6.815087650738612979e+01 8.789043773188872422e+01 9.676842016196044938e+01 7.697731719015980900e+01 7.944319582763263554e+01 5.930536718087428483e+01 4.472314545901823379e+01 6.194381742389445122e+01 7.034768496026137541e+01 5.685537152337587230e+01 6.280710652712921416e+01 4.571956509802782165e+01 6.621969875120149140e+01 6.976927775827832079e+01 6.713600136801335339e+01 7.725796392864796758e+01 9.151079667225468484e+01 1.116046245045294398e+02 1.110547458310861799e+02 1.171491311568447031e+02 1.089243668783270778e+02 1.013597497354952708e+02 9.465724929800953191e+01 8.112596613444355853e+01 8.532126601627025764e+01 7.608016551980063014e+01 5.607496886392295465e+01 5.275463177931167991e+01 6.817564286464570955e+01 6.516021292820003907e+01 7.308115752425750600e+01 6.180397341362080965e+01 4.178132280169619861e+01
8.024954824656207109e+01 7.042935208644925638e+01 5.059565092964407285e+01 7.042935208644925638e+01 7.030918558633885596e+01 9.007493727838073028e+01 1.047914905831199803e+02 9.248401218791063627e+01 8.125504590272359451e+01 6.788186509211450925e+01 4.739025085280989202e+01 6.788186509211450925e+01 8.551886994646662288e+01 7.126267941182281618e+01 7.458610286767985542e+01 6.028223768174299835e+01 4.935197644397611327e+01 5.623886917478790792e+01 7.653448205002230509e+01 8.613549834622151025e+01 9.284968281663071821e+01 1.011685290824899255e+02 1.112205009409082805e+02 1.089243668783270778e+02 8.891027115497827538e+01 8.125224842303796891e+01 7.450323580757230957e+01 6.947108905730367212e+01 6.520669360273841164e+01 6.129990989736511153e+01 7.610379727938007477e+01 7.276673397650831987e+01 7.838660811110345605e+01 7.009069285674756600e+01 6.478754292647248292e+01 4.478251766427812441e+01 6.180397342387444581e+01
8.762294354753758796e+01 7.353261758164060780e+01 5.385193509460770400e+01 6.530507005529908326e+01 8.502374981176565427e+01 9.838948981959893558e+01 9.518051365060446756e+01 8.440501764503210325e+01 6.461414217389105374e+01 5.282980498943646808e+01 5.118316464422780854e+01 7.161156335459477873e+01 8.551098840816381141e+01 9.145156088879461720e+01 8.888996805361674092e+01 7.563130427730797578e+01 5.532464874443586211e+01 5.384830720171574825e+01 5.979361917072482413e+01 6.594894446114528819e+01 7.270712940540926184e+01 8.278923107937252723e+01 1.029101345538888950e+02 1.089243668783270778e+02 1.089243668783270778e+02 9.098662896435652669e+01 8.879299055754307801e+01 8.374079931494458151e+01 7.943831305391090325e+01 8.138054825019482053e+01 8.967228490043257239e+01 8.165404799567666316e+01 7.009069285674756600e+01 5.009505802527745999e+01 4.785700323596473993e+01 6.478751305488309242e+01 7.296292352803035897e+01
7.966003222841551690e+01 5.972769410932357914e+01 6.015015725685597658e+01 7.980310839956793245e+01 9.323666008323407084e+01 9.851147549830247385e+01 7.838540177284480137e+01 6.662390420535875535e+01 5.888738917710797693e+01 7.324830068711952435e+01 7.161156335459477873e+01 5.678169086506629526e+01 7.122574511125405650e+01 9.147641029417103198e+01 9.578877798322449166e+01 7.563130427921836940e+01 6.255960028689703023e+01 7.420179181656881440e+01 5.930756293999346696e+01 7.961203927742866426e+01 9.284968281663071821e+01 1.011685290824899255e+02 1.112205009409082805e+02 1.287775835126699917e+02 1.192210110068372728e+02 1.109896368222497927e+02 1.088148222825087146e+02 1.038093643512672628e+02 9.953036242434133385e+01 9.924728851037868083e+01 8.506304871181606586e+01 7.335657976636466060e+01 5.335718855087740309e+01 7.009069285674756600e+01 5.938332041465829292e+01 7.614959768409342189e+01 7.138735878823608516e+01
7.807359236018312743e+01 6.415972853303652812e+01 7.980343109309447414e+01 7.070145777856828317e+01 9.025563434382071648e+01 1.067475941242113748e+02 9.518051365060446756e+01 8.689322129744482481e+01 7.925893117375477459e+01 6.662408641161123057e+01 8.195066626176193836e+01 6.161297992247457245e+01 6.970921354111591484e+01 8.145281677788668162e+01 1.016116030272429498e+02 9.040076458804006165e+01 7.023932468533730855e+01 8.357408980761533712e+01 6.330578753110899726e+01 8.357408980761533712e+01 9.636472565880498564e+01 1.046813836788525975e+02 1.162840462538406996e+02 1.273908425543707494e+02 1.191730146311781482e+02 1.186743691859477678e+02 1.105144223059420625e+02 1.119579465228468109e+02 9.195715516747513618e+01 8.863542303187330162e+01 7.087880891311912990e+01 5.674576206285123448e+01 6.747597110957735822e+01 8.165404771581638954e+01 7.942779669823465838e+01 8.771723823131695497e+01 7.880278830677262647e+01
8.022032896900454091e+01 6.943461784593027630e+01 8.907311113491660137e+01 9.025563524868027798e+01 8.456275249672208361e+01 1.039994699974574814e+02 1.102177335602515882e+02 9.010488296881067072e+01 7.839359337034200337e+01 7.434168842794966281e+01 8.702398505706838705e+01 6.673070987596226189e+01 8.702398505022505049e+01 9.829489017456823774e+01 1.099142026254171611e+02 9.872172208790361481e+01 8.033760593714440290e+01 9.190272867053646166e+01 7.349759002863325463e+01 7.005041491267014919e+01 7.621377499367289943e+01 8.786344328743284393e+01 1.079776933428441481e+02 1.191730146311781482e+02 9.926128031533824014e+01 1.050932922712628113e+02 9.057557089884213042e+01 9.526013655708935346e+01 8.729632887640134697e+01 7.183339066689411823e+01 6.028058096000082600e+01 7.676485679031912923e+01 8.506304789163495172e+01 9.583212212748658487e+01 8.874767030956330416e+01 6.847639140084378084e+01 6.079596387850450157e+01
9.601040766770729817e+01 7.638886507919397673e+01 8.332286764894499242e+01 1.029555399470964971e+02 1.039994699974574814e+02 1.120476983189863631e+02 1.185097895097877085e+02 1.069135349736480975e+02 9.860557385711246070e+01 8.265064377769023451e+01 9.534977396006190986e+01 8.702398505821314245e+01 7.543236490083765489e+01 8.714446891567558851e+01 1.072473783723704770e+02 1.087763290787685122e+02 9.458083521754548428e+01 1.019688332435900548e+02 8.776158966403929185e+01 7.812980617117311510e+01 9.636472565880498564e+01 9.047620077205567668e+01 1.105808823027667955e+02 1.166010243896523662e+02 9.666904768070955356e+01 8.500784018839264888e+01 7.888425816773194299e+01 8.656913234943419866e+01 6.706802498060562812e+01 6.413490740103920018e+01 8.033869431513130621e+01 7.444888628301788458e+01 9.455794875345988260e+01 1.030509683791209739e+02 8.282305026240628365e+01 8.874767030928813938e+01 8.097410961239208405e+01
1.041954131100764300e+02 8.516363282595786188e+01 1.029555399470964971e+02 1.111646127776320441e+02 1.194645832704250807e+02 1.186367815106748651e+02 1.107073979288315684e+02 1.186367815106748651e+02 1.111232053447884880e+02 9.434063301723787731e+01 1.111232053447884880e+02 1.032514376136587373e+02 8.311600169251444470e+01 1.032514376136587373e+02 1.155396595851140091e+02 1.190747052200120208e+02 1.146669541288782455e+02 1.161760768231410879e+02 9.849091854073478203e+01 9.187083169137628147e+01 1.068116582015113778e+02 1.105808823027667955e+02 1.188865665856494189e+02 1.248177010529187072e+02 1.133260614348544664e+02 1.050932922712628113e+02 9.199558146577895457e+01 7.149417795167894951e+01 8.633223952718273608e+01 7.417395772702082013e+01 8.424527805692035543e+01 9.455794875416431466e+01 1.028219623135718876e+02 1.113117766485841713e+02 1.030509683791209739e+02 9.173936958445351308e+01 7.159613417205044072e+01
1.129972412375824575e+02 9.902110545982507972e+01 1.129972376801277250e+02 1.138015746759626552e+02 9.996071215908490615e+01 1.090665548232265678e+02 9.156809275792632263e+01 1.080492104538228801e+02 1.160607998749411962e+02 1.144150987743709464e+02 1.227014657349108973e+02 1.115454661010341795e+02 9.738481005598870865e+01 1.115454661010341795e+02 1.134646587913717894e+02 9.966910534984242531e+01 1.093719052849272089e+02 1.175052828441745589e+02 1.185924206683364019e+02 1.126572987065623863e+02 1.198556305869992116e+02 1.199227711272395709e+02 1.280679068981310422e+02 1.270261217384412191e+02 1.067926633642278631e+02 9.247053565848128187e+01 8.232367107921784566e+01 7.639385131891032188e+01 9.617683558646203323e+01 8.845102901090571379e+01 1.025793191021153064e+02 1.125540000375470839e+02 1.098859033443475965e+02 9.970024881303741893e+01 9.128764701304513096e+01 8.349724441925097551e+01 7.604880857183468379e+01
1.231788943005627317e+02 1.187024596580952220e+02 1.185847518288594955e+02 1.056732628256392417e+02 8.617650330871390452e+01 9.334242928076929502e+01 8.178952306012220674e+01 8.891981123344422144e+01 1.052046222628148087e+02 1.169162985318693160e+02 1.087753202759281521e+02 1.134442923874006652e+02 1.174147294293529740e+02 1.150981378348607080e+02 9.568438218671666107e+01 8.601589041461105012e+01 9.001482448414284931e+01 1.093719052849272089e+02 1.128050608327873334e+02 1.144564314856585270e+02 1.017698328416598201e+02 1.008449560667137774e+02 1.199227711272368424e+02 1.265144419847494817e+02 1.210897678348709405e+02 1.109713412621225075e+02 1.025628754940308909e+02 8.468236711587032062e+01 8.595984526515474045e+01 1.059385734238552459e+02 1.167065955693297070e+02 1.158198186365192015e+02 9.556680863088384115e+01 8.107652178469669479e+01 7.073273754490328713e+01 6.303690297409637822e+01 5.641596475710057490e+01
1.117590552733113043e+02 1.198835048199625675e+02 1.104411144279122823e+02 9.100429253296285026e+01 8.119633318168126834e+01 7.365347636488594674e+01 7.365332983859016736e+01 7.759516500743211509e+01 9.719259512457509231e+01 1.056785911720363913e+02 8.938965147930053945e+01 9.401825487252011726e+01 1.134442923874006652e+02 1.093719052849272089e+02 9.001482448414284931e+01 7.615937121596637382e+01 9.568438218671666107e+01 1.128050608327873334e+02 9.358221080429879635e+01 9.710966950883999971e+01 8.769345408309709455e+01 1.051996258478713742e+02 1.133871342519806547e+02 1.070647691884521748e+02 1.208970833638285569e+02 1.184924498761628513e+02 9.887293358761489515e+01 1.046193568649306798e+02 9.360518376657216777e+01 1.134326476701574506e+02 1.203862954856603835e+02 1.087117642048084321e+02 1.003369495589994216e+02 9.443928754074016751e+01 8.143957647508379694e+01 6.100276598813357509e+01 7.668811813446035330e+01
9.244818579632880073e+01 1.117590552754286222e+02 1.185847700379182328e+02 1.088335807266206245e+02 1.007227033188892733e+02 8.590070457221604272e+01 6.605417523925571288e+01 8.002999802755648773e+01 9.859427317961601034e+01 9.758299917552697877e+01 7.808647491867317569e+01 9.758299917552697877e+01 1.098061123033165529e+02 1.041985078303103904e+02 8.477795539133249747e+01 7.077502559460954501e+01 9.046610350632015241e+01 1.051937038538487457e+02 9.710966950883999971e+01 7.788094080394570540e+01 9.239905117966645776e+01 8.723557806812961246e+01 9.902239381432436005e+01 9.353368264651129493e+01 1.127614464586256275e+02 1.265639174946806094e+02 1.184924498761628513e+02 1.215642458564195181e+02 1.051343656194282516e+02 1.215642458564195181e+02 1.120127767136375354e+02 9.178965086141214158e+01 7.990684903601101041e+01 7.389535248287852198e+01 6.838413577610781147e+01 6.547111550665806590e+01 8.603860052957099924e+01
9.244818580100123029e+01 1.117590602180197834e+02 1.118051214732616074e+02 1.005223709093001645e+02 9.241685774472409776e+01 8.232410360580639974e+01 6.246041711153413445e+01 7.663959829094967802e+01 9.659911514893545359e+01 9.141765686439053695e+01 7.177471900261508608e+01 8.216517431874189015e+01 1.016855452875628600e+02 9.962103972231365390e+01 8.011031212575819893e+01 6.602416491440747848e+01 7.756871669167804839e+01 9.710298973001107470e+01 9.198504548975091666e+01 7.246920672228188209e+01 7.273263862430073345e+01 7.687112723315480878e+01 8.129407052961751390e+01 9.496219746156720021e+01 1.142133888284806460e+02 1.224948654002548381e+02 1.307021488645615932e+02 1.328991865270423318e+02 1.247683135684997211e+02 1.273921732818334078e+02 1.072139254714598167e+02 9.290589952328373613e+01 1.003369495589994216e+02 9.330921552812361597e+01 7.274478121485142879e+01 8.603860052957099924e+01 9.446532645553203622e+01
8.507282648378399870e+01 1.044187342329626063e+02 1.036848168866192168e+02 8.416813915454685002e+01 7.272953710810826067e+01 7.896652777481412500e+01 5.910015608180566460e+01 7.896652777577249083e+01 9.160257310322020885e+01 8.574722913307964234e+01 6.598945194359355071e+01 8.574722913307964234e+01 1.025591154752919465e+02 9.744129698110583604e+01 8.178306953776694854e+01 6.194571815427993045e+01 8.178306953776694854e+01 9.226132036704909467e+01 8.711745714796475681e+01 6.734874127927811571e+01 8.711745714796475681e+01 9.641409333691230188e+01 1.006007408670162420e+02 8.960088883313913755e+01 9.597366303614300875e+01 1.031412229292102012e+02 1.167312371324796771e+02 1.364094908997281834e+02 1.341667259685030729e+02 1.261224181074643838e+02 1.214989773429526281e+02 1.131239974226556910e+02 1.050567343640250186e+02 8.470943284713435162e+01 8.010467417327490125e+01 1.005309889225176079e+02 9.296734272843038127e+01
