LEM/sinusoidal_perturbations/elevation_000900.asc
nrows	100
cellsize	150.0
xllcorner	0
ncols	100
yllcorner	0
NODATA_value	-9999
[rows 34 to 50 of 100, columns 37 to 73 of 100]
5.128358155327592272e+01 6.199566167086119606e+01 6.992059800541059644e+01 5.523899410568738233e+01 3.687348980600102522e+01 4.588088495320665317e+01 2.529269124848015338e+01 2.292431191667991897e+01 2.330224793806815597e+01 2.367968804686896078e+01 3.441815128383267819e+01 4.193771475631447743e+01 4.434049266815669910e+01 2.550086014881771135e+01 2.587712398281945880e+01 2.625419518329103852e+01 2.961905745016622404e+01 4.118318923914960550e+01 4.600266936058203271e+01 4.758101703123831783e+01 2.859249984127452038e+01 2.900302173119356297e+01 2.941395739432721257e+01 2.982729126696296618e+01 3.024396232960108577e+01 3.066789058817932201e+01 3.957146054503027699e+01 5.085337579528828655e+01 5.169022017469022501e+01 3.891535970680669010e+01 3.313199741347645499e+01 3.354384817228843474e+01 3.395196439264129395e+01 5.323103207492604838e+01 5.482804029055629513e+01 3.590571580989760037e+01 5.571508966549454556e+01
7.044418278698660174e+01 7.044422319215148320e+01 6.840528553968812275e+01 4.978533762756755010e+01 5.523899410568737522e+01 6.167127096740603776e+01 4.676554107900784629e+01 2.429104157213528126e+01 3.295371833405317119e+01 4.171804026254466180e+01 2.421566770128037760e+01 2.459312094110361002e+01 2.496890743342629548e+01 4.011565332926080174e+01 4.402237014305988794e+01 4.688760209381668176e+01 2.681847517415022608e+01 2.721708270086622505e+01 2.761422084355922024e+01 2.800857900951918467e+01 3.683809233831009777e+01 4.815639684096328921e+01 5.035750755729386441e+01 4.973108294701878407e+01 4.995340607880396533e+01 4.208180059450484123e+01 3.126710011768365405e+01 3.169269182718588240e+01 3.211696184121629472e+01 3.254044262368276463e+01 3.427276227946345699e+01 4.001331132906116039e+01 4.185260741720370703e+01 5.098698008537083126e+01 5.121773275987518304e+01 3.654265245554935149e+01 5.454787310316579863e+01
8.674622172103657647e+01 8.945443088545029298e+01 7.646246577069382511e+01 6.840528553968812275e+01 6.763654915272778112e+01 5.945099884519697753e+01 4.526075526285151795e+01 2.565260971420139668e+01 4.429072934409115447e+01 5.041461898374256378e+01 4.746365960332726530e+01 3.615182095399953965e+01 2.987274675157689430e+01 3.117708628654856540e+01 4.947606299967846866e+01 5.919294967401524588e+01 5.699861530713569380e+01 4.384460748936626828e+01 4.714272050988628138e+01 3.905588596537340607e+01 2.967515837351595920e+01 3.890557465997328279e+01 4.954797690565705182e+01 6.783075311384634176e+01 5.593451446133217786e+01 3.604949503673130096e+01 5.166985139256178172e+01 5.161725014569862680e+01 4.598592890587315907e+01 4.643415761473232806e+01 5.258496002701077288e+01 3.875426361667521746e+01 5.583054319943512667e+01 5.598419195788351033e+01 6.074224499979938230e+01 5.610204390052269474e+01 3.739927875448711347e+01
7.809564531289463218e+01 9.556900063362535036e+01 7.964337125682818908e+01 5.998110836749794572e+01 4.852414151616971338e+01 3.966117558980565150e+01 3.354633703276756762e+01 4.304967759695001206e+01 2.762989130679192229e+01 4.835999188132526427e+01 6.315663918263643950e+01 4.840653562847216307e+01 4.602526340812458727e+01 4.966062212427688394e+01 3.782557601588944607e+01 4.839343058182925716e+01 6.724471467944266578e+01 6.809033871358069234e+01 5.924387772317926704e+01 4.692530730353522728e+01 3.086677017510141141e+01 5.029880352324568094e+01 6.442265457331330936e+01 7.294413726977394674e+01 6.432492523633096937e+01 5.593452452201059799e+01 4.113143114112889265e+01 6.120659625270485549e+01 6.599209903101881025e+01 6.665428119872500190e+01 6.257655467227855439e+01 4.333957058565781750e+01 6.262954202730021791e+01 7.344102968122543018e+01 6.961446227992949787e+01 5.718271387398029049e+01 3.798820383166420100e+01
9.281939314200074875e+01 1.029772765643663774e+02 8.785478827234665289e+01 7.647540610225523494e+01 6.763654915272877588e+01 5.945099884519697753e+01 5.282669120437972765e+01 4.631523735508086048e+01 2.901960047244887519e+01 4.861901596481638421e+01 5.911128519427981587e+01 6.903987548182611533e+01 6.737016907030476887e+01 6.172114313351438852e+01 4.331251614154304264e+01 6.172114334967030658e+01 7.624325394404702649e+01 7.214493303429313187e+01 5.277098188341098250e+01 5.116895687527357239e+01 3.206306402152363688e+01 3.921157839718355120e+01 5.325377747156919384e+01 7.765444456480813074e+01 7.409657754750661240e+01 5.371574455373746559e+01 6.120659702204623187e+01 4.716193427043072717e+01 6.747566805996656569e+01 7.701469541475113090e+01 5.685022123411507522e+01 5.685005370109860223e+01 7.115998614628281871e+01 7.427763444161612938e+01 6.171668657043334605e+01 4.187098738191203751e+01 5.766374144885072894e+01
9.335453156196605562e+01 9.561269631174276640e+01 8.732279461385761010e+01 8.237823105246529565e+01 6.246249447378158948e+01 6.246249447378158948e+01 5.343319400848052680e+01 3.357746794761172282e+01 4.861901596481639132e+01 3.115012022570345351e+01 5.080590957909046779e+01 6.135791717645062704e+01 7.297064146468234469e+01 6.855159107959308074e+01 4.961045190063845922e+01 6.855159107959343601e+01 7.858256305703751821e+01 6.838004842970327957e+01 5.294977302009986886e+01 3.376194608526492402e+01 5.123040038119837192e+01 5.355439711548982729e+01 5.816428742869193513e+01 7.955184373173050005e+01 8.248330971701773251e+01 6.813131813172535090e+01 7.257888968497036331e+01 5.213013376387240072e+01 6.372897017147347043e+01 8.412572746855660455e+01 7.106088928165955565e+01 7.702388249753234106e+01 8.016939751364108702e+01 6.008707370696564709e+01 4.602552812299340701e+01 6.171707473502245733e+01 6.690643939756664338e+01
1.008077065097356524e+02 8.732279461385761010e+01 6.749940101762118161e+01 7.330553857582887645e+01 6.246249447378158948e+01 4.219377408929626938e+01 3.844518785783823489e+01 5.343319400848052680e+01 5.798864664387865986e+01 5.080999191758188971e+01 3.325294627835666006e+01 4.454665779191070385e+01 6.467049172635104526e+01 7.706520646108371864e+01 6.013549961312943282e+01 7.706520646108768346e+01 7.003457940401700910e+01 5.066221200039863248e+01 4.144991187605663185e+01 3.495547824660339131e+01 5.051061342989028446e+01 4.800371404866878322e+01 6.440348013206269684e+01 7.827508848942271413e+01 8.685527351876835667e+01 8.849801981985235955e+01 7.806029545154557070e+01 5.755075307513435945e+01 7.806029545154557070e+01 9.248767021486065687e+01 9.143230362914552245e+01 9.414744884723050689e+01 8.254586318457614880e+01 6.913298824083213390e+01 4.912249016779983890e+01 6.913298824083160810e+01 8.106013221432127125e+01
9.416360824916580441e+01 7.331700550839653374e+01 6.005495701531489772e+01 5.319563718126648411e+01 4.841409727844591515e+01 6.246249447378158948e+01 5.859617275444224305e+01 6.686164957978027701e+01 6.622601303169282971e+01 5.467416847859127671e+01 3.474232028656861360e+01 5.467416476515476376e+01 6.139351796102747727e+01 8.171008810212956064e+01 8.019953093102427033e+01 8.875242714276060951e+01 7.858819034165543371e+01 6.865988623706110161e+01 6.033021076631197843e+01 4.149589186746282365e+01 3.666342722396822040e+01 5.594063230224252692e+01 4.859698810620785281e+01 5.641697376664576069e+01 7.212704607656975497e+01 9.311777586457752420e+01 8.528814130070793453e+01 6.484470604745280298e+01 7.434009724834885446e+01 9.461327919778977957e+01 9.983106335508381335e+01 8.584868521882403058e+01 6.572948376638386492e+01 5.415465251061678487e+01 5.802466059950947397e+01 7.744662238463983783e+01 8.944158863309824881e+01
9.106202678866539202e+01 7.254353416503576568e+01 7.330553857583471711e+01 6.749940101762118161e+01 6.862902972990769968e+01 7.687597302641317754e+01 7.352571222011042096e+01 6.838283003141940242e+01 5.755102968609305947e+01 3.704777826162560217e+01 5.330550382312652147e+01 4.101793224582999642e+01 6.139352227481572299e+01 7.995654918798298638e+01 9.008950888518641875e+01 9.260356202693765226e+01 7.221053223251104214e+01 6.058205424131656258e+01 5.175857149023726578e+01 5.747183268110347854e+01 3.867809338038094324e+01 3.873377464253609759e+01 6.447723716737043276e+01 7.827508848942271413e+01 7.214911642547508563e+01 9.334986364007346538e+01 9.359770957094598032e+01 7.517016536530807969e+01 9.359770957094598032e+01 1.028965130269240120e+02 9.154191100273374104e+01 7.141333105215181831e+01 5.981122636462173148e+01 7.423285884437748905e+01 6.961533375523106315e+01 8.642879982997008881e+01 8.766545238032469456e+01
1.011152916217005355e+02 8.690486481722150813e+01 9.317646176519565415e+01 8.732279461390535857e+01 7.923236713471226267e+01 5.946393464607577783e+01 5.360741516589949640e+01 4.825037817010076679e+01 4.334888282251405656e+01 3.873221536141473109e+01 5.882382743572942729e+01 4.871443323937401715e+01 5.121539092690940009e+01 6.142917067933186104e+01 8.171411894696839795e+01 1.009308074036176492e+02 8.920936939245233077e+01 8.016200116631351591e+01 7.108128438924840964e+01 5.960721035584273864e+01 4.066536400724859135e+01 4.023919396667524495e+01 5.370186271014251389e+01 7.383847613708290680e+01 9.332569578771629892e+01 1.019893870554987814e+02 1.036760681537066233e+02 9.540611723610780359e+01 1.036760681537066233e+02 1.017509370144030072e+02 8.163855116844915472e+01 6.739882328239480103e+01 6.879241672613127889e+01 7.992065334170695223e+01 8.973715025234987763e+01 9.802837536932422324e+01 7.933773806411574014e+01
1.043150348451636660e+02 1.069926965221264652e+02 1.026960892346185403e+02 8.270487012913338276e+01 6.877292028217341624e+01 7.923236713471226267e+01 7.352571222011042096e+01 6.838283003141867766e+01 6.098557138018926338e+01 4.064209244599432225e+01 6.098557137151887986e+01 5.706411052033516285e+01 7.157164479116755729e+01 7.995654918798298638e+01 9.008950911787380278e+01 9.437736263731432018e+01 8.539702872500964759e+01 7.389562218469883703e+01 6.273912753077215143e+01 4.348546150814208033e+01 5.960721065631363302e+01 4.174640095922342198e+01 6.125380357903313921e+01 7.278445639101252596e+01 9.241545206570731352e+01 8.626411269400541926e+01 9.274292351855406480e+01 1.000151827948160559e+02 1.084471463826117628e+02 1.039411001760793170e+02 8.384082000745198116e+01 7.450980126195250364e+01 8.042008125661757845e+01 9.721669571862383918e+01 1.082875056212699008e+02 9.361867698139263894e+01 8.197210280136246752e+01
9.508925325647061300e+01 1.043215168046609307e+02 1.026960893025391499e+02 8.270487012913700653e+01 8.856016264778286029e+01 9.685966169623770838e+01 8.862174825896362051e+01 6.873141061605379321e+01 5.455929796437945356e+01 4.264897243919876502e+01 6.301138719326571902e+01 7.687032298301018329e+01 7.114462922994043481e+01 9.069337037128325107e+01 9.670568392002869018e+01 8.496872415372804710e+01 6.548725848695964658e+01 5.081569247884703344e+01 4.643777296885832584e+01 6.273912753077215143e+01 6.297637748166155092e+01 4.327487251941320778e+01 5.291857163595584268e+01 7.292897655360611964e+01 7.794714612523631558e+01 6.589177812024041714e+01 7.225511063657934585e+01 7.944611203613047223e+01 1.000151045569345456e+02 1.122035098369644999e+02 1.022565132272572299e+02 8.213100742729741910e+01 1.005394435524886205e+02 1.088046458789100086e+02 1.002217336872194267e+02 8.530037613975704858e+01 6.509051298884543257e+01
7.690273710207280544e+01 9.614899789235944638e+01 1.110144659422375923e+02 1.026960893043913359e+02 1.006857450768891766e+02 9.236646497041851944e+01 8.534469092860874184e+01 7.064450799577214468e+01 5.059837753572466568e+01 4.476704768719093863e+01 5.924985188617201004e+01 7.914920959040898651e+01 9.069337043886166327e+01 9.880860549697986528e+01 8.829763494047384143e+01 6.795613088325167439e+01 5.645689306312768707e+01 4.965693655826949993e+01 6.601094263143231444e+01 7.393196690984801478e+01 4.561530670703823631e+01 4.489687633263910271e+01 6.474634136736646894e+01 7.155098235542240559e+01 5.772295743186190720e+01 6.667893669474156582e+01 7.839169043612248799e+01 9.890898337460234302e+01 9.401495244922662664e+01 1.145010203721509612e+02 1.105195079704495384e+02 9.378012137546031113e+01 1.105195079704495384e+02 1.004580581151313368e+02 9.037223391178021359e+01 7.171254946959108167e+01 5.743730669067367955e+01
8.043449176142263468e+01 9.395187037559551868e+01 1.035714519427959317e+02 1.039461621425419082e+02 8.388953830598930494e+01 7.250588881129920082e+01 6.556907549373970312e+01 5.928209631113145406e+01 6.734435020192454147e+01 4.713004234729324082e+01 6.733761950037144572e+01 7.909990549435794094e+01 8.738070415780956068e+01 9.732431206878540308e+01 9.316725820439258143e+01 7.281629461479931820e+01 7.214767818017359957e+01 5.220282806804704023e+01 7.214767818030817637e+01 7.887005898085902800e+01 5.863627649037851342e+01 6.474790917986662464e+01 4.734187709625452101e+01 5.142821617103290066e+01 7.155169819640748585e+01 8.640204990962230625e+01 9.552350378872090175e+01 1.073427066757337087e+02 1.145010204404495084e+02 1.228794078507064285e+02 1.220679764424288862e+02 1.138354798292431269e+02 1.064021677569559756e+02 8.625489660542689307e+01 7.193103936295143797e+01 6.182388957392790729e+01 6.566301123801986250e+01
6.686445595951870757e+01 7.636316650941782314e+01 9.542276241870497699e+01 1.122734144103638130e+02 1.006857455140148545e+02 9.236646497041851944e+01 8.453758794790171294e+01 7.175324328367550208e+01 5.178346651134248191e+01 6.734435020192454147e+01 5.215746659178974198e+01 5.934006443178375889e+01 6.919954173555790078e+01 8.900826359388098297e+01 1.015238257873646859e+02 8.767802698935884109e+01 7.493658856159005666e+01 5.490136914168248694e+01 7.493658856160595860e+01 8.750517885025307407e+01 7.904877955621542185e+01 6.363355845837747893e+01 6.736108009384611250e+01 5.024821268904754845e+01 6.441002075083744671e+01 8.476229364646968634e+01 9.671123462091412648e+01 1.051831023715500066e+02 1.056014848839741234e+02 1.140410232298651749e+02 1.229591741992983316e+02 1.114003603801122182e+02 1.024025582930196379e+02 8.695057577054267028e+01 6.671821562491719249e+01 7.612638935584551803e+01 8.588783711046370684e+01
8.589296446406137875e+01 9.395187037559551868e+01 1.035714519427959317e+02 1.172529319242415653e+02 1.037273372009992869e+02 9.497834731404792308e+01 7.628977188860073966e+01 5.650731892618992447e+01 7.175324330059568467e+01 7.599727662161605224e+01 5.620275026182549283e+01 7.599727662161663488e+01 8.738070415780332212e+01 9.732431206877457441e+01 9.383375670314218553e+01 7.329754537355182720e+01 5.913967912311697006e+01 7.479802703573814426e+01 6.899459481994090027e+01 8.936200071297298564e+01 9.240761379517587670e+01 8.394664915286536200e+01 7.254174426759493599e+01 5.236791039833356365e+01 7.254174426771605511e+01 8.104175653549374658e+01 7.612635618873866861e+01 9.101645009553791965e+01 8.497513087848619762e+01 1.056014848839741234e+02 1.147241883964199616e+02 9.464597831046167187e+01 8.294681184948285591e+01 7.386936934246043052e+01 7.176886054880382915e+01 9.201087441581624660e+01 1.046021962091725754e+02
7.809860399510552043e+01 8.447754321152166312e+01 9.273465070151011957e+01 1.024133241076436036e+02 8.979484152355455251e+01 7.585300127305509932e+01 6.708908990674456163e+01 6.031359127082040317e+01 8.001212774182552323e+01 8.425505333664276009e+01 7.599727662161663488e+01 6.236789201642934444e+01 7.624970505446395919e+01 9.615836825444017677e+01 9.416138528767251614e+01 7.384669388294609860e+01 6.230313235069431244e+01 7.615885656773187407e+01 8.934669119416454919e+01 9.784203872650560641e+01 1.028891154256175042e+02 8.989481332055791540e+01 6.942698768127453945e+01 5.518537305327780729e+01 5.720546712903522035e+01 6.073689235969622757e+01 6.444481555129236483e+01 7.048687238647679010e+01 7.959819871177067796e+01 9.422753647997819826e+01 1.148032024359505670e+02 1.041926369047047984e+02 8.401721335457311568e+01 9.410492512963887179e+01 7.718610680363018162e+01 9.152847658883698045e+01 1.116382487251948277e+02
