LEM/sinusoidal_perturbations/elevation_000027.asc
nrows	100
cellsize	150.0
xllcorner	0
ncols	100
yllcorner	0
NODATA_value	-9999
[rows 0 to 16 of 100, columns 0 to 36 of 100]
8.271705653423140972e-03 1.415040732938449786e+01 3.415040732938520307e+01 4.326066159938399380e+01 5.154493284683657350e+01 4.774388310714667227e+01 4.407381472570133241e+01 5.821595034943178604e+01 7.821595034943037206e+01 7.602195529779177718e+01 7.523868269661564057e+01 6.666799936868147824e+01 6.934671712314302283e+01 7.792099361474475927e+01 7.853339253734239378e+01 7.017718756724488571e+01 6.754636717940900326e+01 7.590908393512611951e+01 8.227183068559730827e+01 8.586746479780518371e+01 7.757071511150333265e+01 8.586746479780518371e+01 9.337216991087247209e+01 8.508818709296362215e+01 9.337216991087247209e+01 1.051133536961595354e+02 8.846922800464820114e+01 8.025674985668607064e+01 8.025674985668607064e+01 7.671002783109689460e+01 7.918118195409626026e+01 8.172864387097955330e+01 8.440794076860278494e+01 8.590202827300740296e+01 7.761886116883975717e+01 8.101131685387198900e+01 8.450446093707245154e+01
7.813061968023241044e-03 2.000781306196766707e+01 2.763117331095344298e+01 2.326066159938470790e+01 3.774388310714684991e+01 2.774388310714738637e+01 4.188601873087783645e+01 6.188601873087712590e+01 6.561428656407771598e+01 5.549400417023631604e+01 5.549400417023631604e+01 4.604864489921278192e+01 4.872280571975583996e+01 6.934671712314302283e+01 7.017718756724488571e+01 4.999564781185551254e+01 4.738584444453013589e+01 6.212381340328748536e+01 6.212381340328748536e+01 7.582439869827096857e+01 5.746138422626353304e+01 7.582439869827096857e+01 8.333200330988437088e+01 6.497429035966686683e+01 8.333200330988437088e+01 8.508818709296362215e+01 8.025674985668607064e+01 6.029107738748193412e+01 6.029107738748193412e+01 5.660154909976478166e+01 5.910543094097852190e+01 6.166990866369989988e+01 6.435791869531195175e+01 7.301434478899248859e+01 5.754823979045359295e+01 6.094127818110126782e+01 6.443787594495661608e+01
2.526786264046545528e-03 3.782171516356310992e+00 7.631173310953800026e+00 1.171365621559239578e+01 1.774388310714756400e+01 3.774388310714684991e+01 5.602815435459748983e+01 5.970598261818680896e+01 4.526958514762171859e+01 5.380239915532682460e+01 3.512672207697414706e+01 3.392588171809917696e+01 5.177062240359384759e+01 7.275724276342479868e+01 7.197095250212343842e+01 5.023833042297479778e+01 3.608800545535761017e+01 4.198051302214643954e+01 6.212381340328748536e+01 6.515895270802053574e+01 4.746542834935419108e+01 6.751604966888349679e+01 6.681363880258970767e+01 5.490231200285381163e+01 6.497429035966686683e+01 8.508818709296362215e+01 7.845355851426290883e+01 6.613888746276222719e+01 4.590146865417520416e+01 4.207230650023416274e+01 4.472172484459514408e+01 4.739150098985799531e+01 5.013430656472480251e+01 5.293927990968960984e+01 6.053261188271780213e+01 6.952056794070075796e+01 8.450446093012101301e+01
4.163169627051843593e-04 2.000041631696235100e+01 2.763117331095344298e+01 3.171365621559203873e+01 2.171365621559221992e+01 3.326066159938432776e+01 5.326066159938162770e+01 5.122841020686863800e+01 3.101311011846190979e+01 3.844313184815608508e+01 2.489804035383513181e+01 4.531036312360524221e+01 6.236779120973103119e+01 5.837374958359869481e+01 6.605515300917210197e+01 4.710257725711187504e+01 2.896645862729924659e+01 4.432844470983717855e+01 4.762476486765359596e+01 4.515260522371113439e+01 4.045537154622380882e+01 5.971855955128147286e+01 4.674572419596546524e+01 6.681363880258970767e+01 8.333200330988437088e+01 7.845354931218960814e+01 6.416416655922786560e+01 4.987477599020498786e+01 3.839618979835064749e+01 4.889910447443699582e+01 6.498548227530797305e+01 5.906362067936061777e+01 7.023043419763892814e+01 6.714361872619842586e+01 6.933754946892760529e+01 8.887805658490681537e+01 8.370845129897682568e+01
5.883922493566802643e-03 8.950155832492802332e+00 2.049716121628552301e+01 4.049716121628623000e+01 3.326066159938432776e+01 4.999792745919178572e+01 6.154493284031927658e+01 5.274716589272824763e+01 3.251820623314644365e+01 1.825083551514068958e+01 3.844313184815608508e+01 5.321929796092226184e+01 4.551873036100491987e+01 4.502851110711225147e+01 5.755221482243743480e+01 4.445178985381607362e+01 2.375458092178881842e+01 2.373058902117233160e+01 2.730484464147297174e+01 3.097118918907356999e+01 3.534331962003749084e+01 3.977107123542101164e+01 5.971855955128147286e+01 7.512505834533837401e+01 7.336999015654788536e+01 6.505186457336344574e+01 4.987477599019997854e+01 3.521063341841515637e+01 5.581464122224020485e+01 6.734130647960985527e+01 6.545045174657713005e+01 7.913072326159721115e+01 8.741211376942297306e+01 8.718753132969811759e+01 8.937420791251197727e+01 9.764676832248642313e+01 1.036897702473254981e+02
1.256007409845548732e-03 2.000125600740949139e+01 3.723442707998277967e+01 4.878143246386754583e+01 5.326066159938162770e+01 6.154493284031927658e+01 5.194696462246881197e+01 4.367369868262882449e+01 3.460537889572422898e+01 1.449907340472897310e+01 2.943235579790619028e+01 3.780194783254683699e+01 3.086374840570951861e+01 3.838120236554518527e+01 3.838103274603499671e+01 3.972257054799658249e+01 1.919004117788375652e+01 3.972263263567266733e+01 4.762476486765359596e+01 5.101232873509091803e+01 5.525817658808708899e+01 5.971825841289734171e+01 6.420993143691018190e+01 7.255609722674429918e+01 6.505186457965973545e+01 4.471350424933216061e+01 5.067047205963490342e+01 3.326561613685728247e+01 4.768877468205387515e+01 6.801704805444303759e+01 8.551087961955467165e+01 9.378888202623676307e+01 9.112566318345078287e+01 8.279190015623925092e+01 8.617167156371742465e+01 9.451243472200279427e+01 9.371086880852725187e+01
9.594114293757748102e-03 1.155659949808637599e+01 2.569873512181757746e+01 4.569873512181828090e+01 5.736059337123633384e+01 4.862093303951938594e+01 4.031483387595591239e+01 2.367660949966484907e+01 2.735072539508810152e+01 2.285927562253980838e+01 9.396745513110360548e+00 2.940990343054806999e+01 3.143885820108101825e+01 1.917818758358680142e+01 3.331221179801202936e+01 3.424987626630716875e+01 1.715485575222205128e+01 3.711845192038980201e+01 5.075052635879772112e+01 5.905895694364173920e+01 6.274014389750733045e+01 6.136730793903056025e+01 4.333220799826076330e+01 5.214192606853094958e+01 4.682039809399464048e+01 4.813294775246254176e+01 3.064368897547857884e+01 5.067047205962852985e+01 6.200607638490797768e+01 7.352865647737708343e+01 8.511752302800174164e+01 8.659388187616166022e+01 7.827036558552890710e+01 6.282535246465656087e+01 6.617667428752216097e+01 7.825282257620219184e+01 7.356577449657898171e+01
7.711341127313004785e-03 2.000771111898996679e+01 3.983142850496416543e+01 3.741853317753304964e+01 3.741853317753304964e+01 4.031780861412713790e+01 2.029631995628876240e+01 2.608382124495416576e+01 7.344364385314589683e+00 8.191792012584100391e+00 2.803677259292209811e+01 1.064190091938333715e+01 1.152407501488518093e+01 1.241941565327300268e+01 1.332386663355757328e+01 1.423109535677690829e+01 1.521039023374952670e+01 3.519000004273044624e+01 3.070863299672926416e+01 5.075052223690042297e+01 4.255009414977624971e+01 4.255033878520200119e+01 3.474712897026972769e+01 2.505418166641893762e+01 2.650480358169114226e+01 2.793091316577905658e+01 2.978414123145985570e+01 4.993492353224989699e+01 4.512815710053035900e+01 5.673071328176360595e+01 7.681900308296805235e+01 7.503444460878039024e+01 5.827908638031026101e+01 5.123460272565083073e+01 5.472973104759226715e+01 5.839641158339131266e+01 6.219301175062339837e+01
2.297228869525369630e-04 1.154723510667793995e+01 3.154723442636386110e+01 1.752766661962190042e+01 2.342322116520113084e+01 2.420635769726918696e+01 2.501012048572268753e+01 6.151264196183100275e+00 2.615703521115495533e+01 2.194445453673127133e+01 3.484742801490576625e+01 3.064338067382218966e+01 1.707093602692913592e+01 3.249118166880426628e+01 3.334152959741601308e+01 2.838040006355688050e+01 3.518991372543891316e+01 1.659836556267547181e+01 3.657875102618560703e+01 4.425196729755028002e+01 4.089629284633233652e+01 2.182069540079320191e+01 2.303007153921750572e+01 2.561972195499998861e+01 4.516217102809522288e+01 4.812837782372544382e+01 4.993521316510575048e+01 3.237741071322906095e+01 5.251319288608109304e+01 6.180961450235542287e+01 6.046434938897990463e+01 6.258299586942876402e+01 4.634302150010840649e+01 6.672839595974497229e+01 7.462755450386021039e+01 7.825282257620219184e+01 8.208009318467354376e+01
9.647730019007896146e-03 2.000964639766949915e+01 2.154715843737736236e+01 2.068966225749935006e+01 3.420313272678330296e+00 4.201182082121363237e+00 5.007005046146746352e+00 2.501240523907299362e+01 1.051835346979626884e+01 3.051349086575921987e+01 4.786253821408902098e+01 4.520934295654856072e+01 3.701791693122405036e+01 2.601615841234275806e+01 4.591852527755922608e+01 4.842149059472900063e+01 4.476185995750554980e+01 3.067443370759429655e+01 1.799726714996021570e+01 1.907603251042214865e+01 2.016960126320444147e+01 4.089827419486717730e+01 4.372399754388712267e+01 4.520159249204412077e+01 2.906633928552185253e+01 4.853343432121297951e+01 6.028947132656686136e+01 5.251319288608109304e+01 3.506138895457543470e+01 3.707794653949016350e+01 3.920904710361504186e+01 4.150303960648740542e+01 4.477817046714948646e+01 6.548247507062013995e+01 7.290864333153353982e+01 7.631320149371727268e+01 8.060532462314182567e+01
3.582433992925927561e-03 7.750991838033851611e-01 1.547190620285567420e+00 2.321013852819702628e+00 2.086971935271981238e+01 7.445610175513698969e+00 1.888490480368517765e+01 3.309070331465899528e+01 1.368588870140242797e+01 3.370853162821074989e+01 4.671252028960568481e+01 5.992691940231586756e+01 5.408628338632352239e+01 4.012532950202815840e+01 3.864388354236190537e+01 5.843659853990047282e+01 5.837756797905312567e+01 4.017894828288027753e+01 2.046185132718193955e+01 2.482869280547598478e+01 2.349120699335829343e+01 4.358066482971891986e+01 5.963186307148530574e+01 5.680581725425679451e+01 4.047678962319822915e+01 3.243037225494403231e+01 5.207980272630777563e+01 6.332092350260497682e+01 5.462968889113178506e+01 4.140135780616373040e+01 5.826334047481055478e+01 6.258297196240145155e+01 6.548247506935666706e+01 4.930083788581702464e+01 5.272078928670723030e+01 5.617467394521252544e+01 6.047348265376136567e+01
1.813270376062421294e-03 2.000181326990691133e+01 2.154715851461202902e+01 1.627848237580685264e+01 2.960178249566694575e+01 1.073358440647920098e+01 2.483339351614368340e+01 4.177173614243861977e+01 3.370853162821074989e+01 1.841357033135030719e+01 3.842535087520371917e+01 3.991798601247925404e+01 5.992691940231586756e+01 5.990453709265651128e+01 5.267635325830148219e+01 6.658160183832377754e+01 6.237241226252915993e+01 4.268707251006622982e+01 2.296308256938750603e+01 4.022006824242901502e+01 4.358066482972075306e+01 3.019579675110884409e+01 5.124408964790896448e+01 6.821981202816162693e+01 6.001546209396931886e+01 5.207980272630777563e+01 3.591219922213476679e+01 5.576666667197558525e+01 6.627030897095191619e+01 5.845406656994330774e+01 5.276852817167929288e+01 7.218014925035184604e+01 7.635320636793997551e+01 5.619341822568480893e+01 7.290864333153353982e+01 7.042303098174598119e+01 6.567445876446124942e+01
2.372884694381488524e-03 1.421881042982145438e+01 3.450833147410433810e+01 3.524135839795895464e+01 3.404143716189454238e+01 1.416350350394597868e+01 3.405551443580781523e+01 5.289483572737023565e+01 4.671252028960568481e+01 3.256579885613167136e+01 2.358826651454133483e+01 4.358969370158312984e+01 4.948776023703748450e+01 6.950047300871366929e+01 7.234385433364712981e+01 6.565380382748359978e+01 4.566825774342692057e+01 3.421088516261715284e+01 2.550025503149333517e+01 4.523479008488070008e+01 5.963186310559549241e+01 5.124408964790896448e+01 3.977362288831974269e+01 6.044065154624036040e+01 7.221121505131243623e+01 3.878405240561841794e+01 3.858528033470139462e+01 5.843550426093953831e+01 6.717096586442987416e+01 7.547803718602879997e+01 7.218018149559944163e+01 8.046348695881698632e+01 8.466303972701958003e+01 6.629283427497006187e+01 7.635320636960054230e+01 9.053333102840844049e+01 7.992293935721926346e+01
8.175220331382775790e-03 2.000817522033102591e+01 3.829339577687365903e+01 5.162791823716412409e+01 3.182346027292348367e+01 1.775527702246978734e+01 3.762405171552762795e+01 5.156517909956765777e+01 6.085924172307981905e+01 5.187729358106842170e+01 4.358969370158312984e+01 2.948642611688375226e+01 4.948776023743244679e+01 5.635091719026644341e+01 7.636354092327454168e+01 7.389657272313320391e+01 5.786985089753182621e+01 3.794194174251456531e+01 2.815681725092706955e+01 4.208759204516552899e+01 6.212709372161826593e+01 6.760448366878169679e+01 4.734210657626043428e+01 6.760448366878169679e+01 6.493621195682894154e+01 4.467272531568158200e+01 5.843550426093621297e+01 4.340890798745765267e+01 4.710263127085654133e+01 6.717096586442987416e+01 7.297086991660125932e+01 9.303853317716072979e+01 9.471003918775220143e+01 8.641357846423115063e+01 9.471003918775220143e+01 1.047247531869622463e+02 1.000308380278284517e+02
9.124702163186202558e-03 1.000912470216309913e+01 2.415126032589379790e+01 4.415126032360244324e+01 3.762405171475761989e+01 3.762405171552762795e+01 2.352246143175825210e+01 4.334686371205358313e+01 5.629906761404042470e+01 6.453672562360766563e+01 5.777596213859185070e+01 4.948776023743244679e+01 3.634124651823075425e+01 5.635106249194090111e+01 7.407335332709547515e+01 7.733388739440830761e+01 5.772861276519655860e+01 5.065937338691225733e+01 3.098394280825263891e+01 5.089040322913911041e+01 6.385987708548685049e+01 7.590181215965358774e+01 5.910685706318366783e+01 7.590181215965358774e+01 6.980874909950031793e+01 4.971876379449671646e+01 6.980874909949881157e+01 5.756186460169639929e+01 6.717096586442987416e+01 5.287941292181198349e+01 7.297086991660125932e+01 8.614183778364549937e+01 9.324295502242036093e+01 1.015174673133711565e+02 1.130625408118068691e+02 1.124759585858714672e+02 1.046168281545066208e+02
2.239863785106879172e-03 2.000223986378475161e+01 3.645100364586031816e+01 4.799800902965504434e+01 5.743987964908168919e+01 5.156517909945169720e+01 3.345698793994831277e+01 3.056023001539222506e+01 3.653542745088166299e+01 5.049108856836474502e+01 7.032076939608936073e+01 6.463901049211129646e+01 4.789097138802039666e+01 4.577016678832397645e+01 5.732746970004344433e+01 7.734331353120406050e+01 6.358199974497027540e+01 4.351482276006272798e+01 5.089040322913911041e+01 3.551463187055885129e+01 5.554808691986328739e+01 6.913190734033281615e+01 7.921245748390310837e+01 8.748861722680904052e+01 7.517991804594959149e+01 5.508284408063567383e+01 7.517991804594959149e+01 7.764599323930441699e+01 8.127407263228934653e+01 6.447668275783952652e+01 5.997321816367049507e+01 6.603540999501021247e+01 7.315796240822876939e+01 8.478300154945507927e+01 1.047994663812041267e+02 1.028645345210704392e+02 8.529074619161063708e+01
1.766589122093755728e-03 8.166732398399425108e+00 1.971373778219214401e+01 3.971373778219285100e+01 5.513125930365569616e+01 6.146887770154720698e+01 4.743243749473542437e+01 4.045038020832342340e+01 5.629906761404042470e+01 4.901405851490891763e+01 6.883481418956381503e+01 7.619344831236990956e+01 6.790776185822694799e+01 5.732746970033012701e+01 7.407335332709547515e+01 8.562601856697190783e+01 7.188946111751427281e+01 5.769954075224726608e+01 6.385987708548685049e+01 4.550517163267757326e+01 4.074115554978805420e+01 6.082142367722410370e+01 7.492806993316251862e+01 9.379083490154557978e+01 8.348063541031505963e+01 7.517991804594959149e+01 6.455460187715996767e+01 8.465563676270538451e+01 9.286255709583997486e+01 8.457414535823190249e+01 7.003402550951756211e+01 8.614183778364549937e+01 9.324295502242036093e+01 1.015174673133711565e+02 1.073281856732625528e+02 8.807340108312409654e+01 7.549311652677828022e+01
