LEM/sinusoidal_perturbations/elevation_000718.asc
nrows	100
cellsize	150.0
xllcorner	0
ncols	100
yllcorner	0
NODATA_value	-9999
[rows 0 to 16 of 100, columns 0 to 36 of 100]
8.271705653423140972e-03 2.000827170565306901e+01 3.668446797975745710e+01 3.302103628391126477e+01 4.714009147308197356e+01 6.709541267993049019e+01 6.620814804988764024e+01 6.034549725036715984e+01 6.280919525938869441e+01 6.867140127959271467e+01 6.647150655237737737e+01 6.647150655237737737e+01 7.475877739823688728e+01 8.666247977579716633e+01 7.838412125449514178e+01 7.683618264292177003e+01 8.511546425987496889e+01 9.406129356677800502e+01 1.056017250918188495e+02 9.516155066517666228e+01 8.684003798773767357e+01 8.684003798773767357e+01 8.566320544315588847e+01 8.566320544315588847e+01 9.398224953084766753e+01 9.405807618025289685e+01 8.575558242555241861e+01 8.809405599593924308e+01 7.980996980302374766e+01 8.641923127873329236e+01 9.472525914766336541e+01 1.036552272742062257e+02 1.152421256858213923e+02 1.159237943626744567e+02 1.043261752356031877e+02 9.602057632593961500e+01 9.602057632593961500e+01
7.813061968023241044e-03 2.000781306196766707e+01 1.668052659697484330e+01 3.668446797975745710e+01 4.838942068146468500e+01 6.165113007150607416e+01 4.619029506663250118e+01 4.032701834399635743e+01 4.279101425456909880e+01 4.865420372386097370e+01 4.645376610674276918e+01 4.645376610674276918e+01 6.647150655237737737e+01 7.511146834679618678e+01 5.836839576168821964e+01 5.681989086347314810e+01 6.577209739787879528e+01 7.733355644393962791e+01 9.733512884107824448e+01 8.684003798773767357e+01 6.690141943227297361e+01 6.690141943227297361e+01 6.573199421034783541e+01 6.573199421034783541e+01 8.566320544315588847e+01 8.575558242555241861e+01 6.591671268231765168e+01 7.172738309903448339e+01 6.001175657644638761e+01 6.659144685160494248e+01 7.541618856162389761e+01 8.686013687589942833e+01 1.068784696324028118e+02 1.076386648080456752e+02 8.751554527020722674e+01 7.581365733663237449e+01 7.581365733663237449e+01
2.526786264046545528e-03 5.049384929517934495e+00 1.194379042060412921e+01 1.995847961198122178e+01 3.326054828048345513e+01 5.273551403932253834e+01 4.452155350530539835e+01 2.617060153235222586e+01 2.863633255478850259e+01 4.230791807485244505e+01 3.229900961135086135e+01 5.231682653923692072e+01 7.192908314313091012e+01 6.682803675319739511e+01 4.681359334948182038e+01 6.682803675319739511e+01 7.436710286063866704e+01 8.264780431179474363e+01 9.265032623947023183e+01 8.395433324561857091e+01 7.274130559967669285e+01 5.286359234960788456e+01 5.169445336474688446e+01 7.156971082317583921e+01 7.818778338200628752e+01 8.575558242555241861e+01 6.591671268231765168e+01 5.193215815522552248e+01 6.591671268231765168e+01 8.575558242555241861e+01 9.472525914766336541e+01 9.113978384803361621e+01 9.113978384803361621e+01 9.946564963493244704e+01 9.602057632593961500e+01 7.581365733663237449e+01 6.412242692560386104e+01
4.163169627051843593e-04 2.000041631696235100e+01 3.214107862093218415e+01 4.019795192365118197e+01 4.838942065491746547e+01 4.185396910766194623e+01 2.879581797996538484e+01 1.719863952412277541e+01 1.967788663631559487e+01 2.229041004516236057e+01 4.230791803489167080e+01 4.362700492143044073e+01 5.278041854052106174e+01 5.621301423173567713e+01 4.164561468573334224e+01 4.768032191328875768e+01 5.435071777926713565e+01 6.435892190336430474e+01 8.437528381791319987e+01 7.565738318101988114e+01 5.576956218472814442e+01 4.580985981461758172e+01 4.463440794289946467e+01 6.135478372664881164e+01 5.773264265749959634e+01 7.808784030636071805e+01 6.750702696059393304e+01 4.768839464094330793e+01 6.178588060824124284e+01 7.002824295938934540e+01 8.535262372535311215e+01 7.123959781578999184e+01 7.123959781578999184e+01 9.113978384803361621e+01 1.043261752355922880e+02 9.099894732521426022e+01 7.078743543543511407e+01
5.883922493566802643e-03 1.414801954622464208e+01 3.414801954622534907e+01 3.919228903242041895e+01 4.092790606564651767e+01 3.391572830160515650e+01 1.387243683018144225e+01 3.391572830207094569e+01 3.970193958756470920e+01 4.230791807584591169e+01 2.641950904869321093e+01 2.947150241657731939e+01 3.276267629075725552e+01 3.619664752940938257e+01 5.621301423048252843e+01 6.769497450018158702e+01 7.436710286063866704e+01 8.264780431179474363e+01 9.265032623947023183e+01 8.395433324561857091e+01 7.198204668462639688e+01 5.207640635099595272e+01 3.791051559006145055e+01 4.132766118263056399e+01 6.063098030446890618e+01 6.992065979350122973e+01 6.454909753524381699e+01 5.647300942583610350e+01 4.190693690369845115e+01 6.178588060823476269e+01 6.819578612667825723e+01 5.722884563868889529e+01 7.123959781578999184e+01 9.113978384803361621e+01 9.420765769084563601e+01 8.585856133674055002e+01 8.505205559427888318e+01
1.256007409845548732e-03 2.000125600740949139e+01 2.334333896862185043e+01 1.919829330159068803e+01 2.093460664503377444e+01 2.855408522845855757e+01 1.164500638869346894e+01 2.579013917938914346e+01 4.581837705370170966e+01 5.472634386066530965e+01 4.057417082923318929e+01 4.102962029056897109e+01 5.278041854052106174e+01 4.775360920834098977e+01 6.449878569939049555e+01 7.149513160628941932e+01 6.310286147284511316e+01 6.570069276094992006e+01 7.411119820806011660e+01 8.017050753952131004e+01 7.193960899661753672e+01 6.617388261051154075e+01 5.236070817861365612e+01 3.225827898812127614e+01 4.177218586465862415e+01 5.548880762964274993e+01 5.607539298146458151e+01 3.649437590430798650e+01 3.915607016385285277e+01 4.366057322534643959e+01 4.836175766861941128e+01 5.980661390095440311e+01 7.965828266079887499e+01 9.509458594349217719e+01 8.253386345866167062e+01 6.561281845974956184e+01 8.253386345866167062e+01
9.594114293757748102e-03 1.681937318486920185e+00 3.359564898612184436e+00 5.078797831739866098e+00 6.822082111286827732e+00 8.590297355687523506e+00 1.103956327889731348e+01 3.196380766969491205e+01 3.805814151346201868e+01 5.816761652771113944e+01 6.059269217577595867e+01 6.104634427186354628e+01 6.933275367671097911e+01 6.773349223293693910e+01 7.600114941754458187e+01 5.990298224600004318e+01 4.310028140418246778e+01 4.569476628394006923e+01 6.570069276094992006e+01 7.193960899661753672e+01 5.249467161196145781e+01 5.818996191217939895e+01 6.062977326830494462e+01 4.755279802520727372e+01 2.737927293751827307e+01 4.676445779566891758e+01 4.921773299843060556e+01 3.287835471043879920e+01 5.294137105406318966e+01 6.340573554893077102e+01 6.178542996477617066e+01 7.644899041218759805e+01 8.795756212118193673e+01 8.500141462020579297e+01 6.651685272567252127e+01 5.392220839894472562e+01 7.416967623676579535e+01
7.711341127313004785e-03 2.000771133542266611e+01 1.229171607727779048e+01 2.505439906813581530e+01 2.679050846685597165e+01 1.328323140053949203e+01 3.195936914223979031e+01 1.713270130848706430e+01 3.805845046813920618e+01 5.050353585702883663e+01 5.720780870448696476e+01 6.546389398283552907e+01 7.556423738349820951e+01 7.259805811880225690e+01 6.094581139109870804e+01 5.155436648513674669e+01 3.140397707065648802e+01 5.155436648513674669e+01 6.320617628973086966e+01 5.496032308456735649e+01 5.809432729718940891e+01 3.863921979204079804e+01 4.775087339645888562e+01 4.165446686365827844e+01 2.417474442453912431e+01 2.659324628681585523e+01 2.907805164801012765e+01 4.601382014336218873e+01 4.894628613394487360e+01 6.801555935542627651e+01 8.047363693862895673e+01 8.499774260215764343e+01 8.278453030512721966e+01 7.664281300492621085e+01 5.637225554817930373e+01 4.619959639904970317e+01 6.009197214786407670e+01
2.297228869525369630e-04 2.000022972159583290e+01 3.228428970158466882e+01 2.861414322267465948e+01 4.152120959315875126e+01 3.325497822553282390e+01 2.056777330019067662e+01 3.805845046813920618e+01 2.448961750912701518e+01 3.066631514269461078e+01 3.754483803714609280e+01 4.814506565089631351e+01 6.734646788121506233e+01 6.414074336782029206e+01 4.411280051477633890e+01 3.243830932066712336e+01 2.520322060291006849e+01 4.479176240794519970e+01 5.070203038841968635e+01 3.319905565029540639e+01 5.055484921658119646e+01 4.775088236738559999e+01 2.787398444597038605e+01 2.146277596812787181e+01 4.165471375201462223e+01 4.676445824552165931e+01 4.325681362660911589e+01 4.395992788206051216e+01 6.493381966357578960e+01 7.605710635062321501e+01 7.515032797149966370e+01 6.174432907439922502e+01 6.245666200683596259e+01 7.680612959246843729e+01 6.009197214799333864e+01 3.965812967857539917e+01 6.009197214799333864e+01
9.647730019007896146e-03 2.000964773001865282e+01 3.723212551750555832e+01 4.861456881896906879e+01 5.689942595304997042e+01 4.589412724272938959e+01 2.590681399913601624e+01 4.589412724272930433e+01 3.285052548003230299e+01 5.050353585702772108e+01 5.720780870448696476e+01 6.546389398281851868e+01 7.483600138735567953e+01 5.545276309187567421e+01 4.680825237825302310e+01 3.983024101067336176e+01 1.961211270155736486e+01 3.863556666227862024e+01 3.957248716518743237e+01 2.158247639478234348e+01 4.100874163249857673e+01 4.563159775605836899e+01 3.732952472061715099e+01 1.964812027551992912e+01 3.134611874462761705e+01 5.144386264521291707e+01 6.258615833302174281e+01 6.561240670515417150e+01 7.447786361900473651e+01 7.420827686231824316e+01 6.392595625728978348e+01 4.545447840972434506e+01 4.799297846527787215e+01 6.841241364001299985e+01 5.527566928937667967e+01 3.480830496761777226e+01 4.932134642824577497e+01
3.582433992925927561e-03 8.947854343992162285e+00 2.049485972778488119e+01 3.463699535151633313e+01 5.463699535273933350e+01 5.191972741091773003e+01 3.193507251635727684e+01 5.191972741091772292e+01 4.698320195512016539e+01 4.917072071364662378e+01 6.916792550831837616e+01 6.616805102343217015e+01 5.776881872393546757e+01 4.374933613423475265e+01 2.601999594519332248e+01 3.270701709476274743e+01 1.823776662473871468e+01 1.415524777259766864e+01 2.027874353150840747e+01 1.506678430613377273e+01 3.334195884064657633e+01 3.487690389004476543e+01 1.715368403255247998e+01 3.144398004558212634e+01 4.813351169123352946e+01 5.971736387651849753e+01 7.682114003489090237e+01 8.440155112907598323e+01 8.031488985865784969e+01 5.977249061381215256e+01 4.527891276904239248e+01 3.493316049988207084e+01 4.814688039854355850e+01 5.656172790401409145e+01 5.091201255405982096e+01 3.049693395868655443e+01 4.515825345127574053e+01
1.813270376062421294e-03 2.000181327037570611e+01 3.463273015674520394e+01 4.291700140420954313e+01 5.291700140421287557e+01 5.898206924871497137e+01 3.900675003049123291e+01 5.898206924871497137e+01 6.698111851201701938e+01 6.916799552121766226e+01 6.876708619755126506e+01 5.436974003076537798e+01 3.727109538794622523e+01 4.650597287501258847e+01 2.979670689106836434e+01 1.072917997519098954e+01 1.113326646608276072e+01 1.145705081690663008e+01 1.177863546892970703e+01 1.209668542774849875e+01 1.484346570574319912e+01 1.479465468093841629e+01 3.487690389004476543e+01 4.563097502931896798e+01 5.991683377070401662e+01 6.311026879955512925e+01 5.741333251660224590e+01 7.682114003511352962e+01 7.125730977504380803e+01 6.287948541977740291e+01 6.392595625713593677e+01 4.814688039854355850e+01 2.762016441601607397e+01 4.814688039854351587e+01 5.016638937322222347e+01 3.060376746724988095e+01 2.469507222496590160e+01
2.372884694381488524e-03 7.073440696559886831e+00 1.463273015674449873e+01 2.463273015674467459e+01 3.877486578047612653e+01 5.877486578047682997e+01 5.314439808289387202e+01 5.532601379572005129e+01 7.524965048627393571e+01 5.911529855452957349e+01 5.081326796521675959e+01 3.994118652852532847e+01 2.577361393670862455e+01 3.514283259858450492e+01 2.044996402893353249e+01 1.067197354855994185e+01 3.071264125463273587e+01 3.149382862857310883e+01 2.017658545176388074e+01 3.212030351145320850e+01 1.253903738457996120e+01 3.253843588134127174e+01 4.303640331759839199e+01 6.131370946149218781e+01 5.311800648333278474e+01 4.334586138641864039e+01 5.944971364206887898e+01 7.555522093601491918e+01 6.287948504679663131e+01 4.257323894298536970e+01 4.852075861622459030e+01 4.362991045308868365e+01 2.317129308986142533e+01 4.051536283590378673e+01 4.170596123381042020e+01 2.300153939938922676e+01 4.341610463117806518e+01
8.175220331382775790e-03 2.000817522033102591e+01 3.374685918069612001e+01 4.203113042815832046e+01 5.097540233815763600e+01 6.252240772195055740e+01 7.307545414991430732e+01 7.524965048632371634e+01 5.756580344471031196e+01 4.748066791723560698e+01 3.061303230169962220e+01 4.689415820571773708e+01 3.494994742535376275e+01 1.581990562631565389e+01 1.020763962053947793e+01 1.342157261563492021e+01 2.235251606089904541e+01 4.227652025602596808e+01 3.940009007271429908e+01 2.487287743213785518e+01 1.285338227519619281e+01 1.984515345654287799e+01 3.936751679132282078e+01 4.450825727236144047e+01 3.217287297567832383e+01 5.311800081061497281e+01 6.425114720385971623e+01 5.058716538149489850e+01 4.979727813328812402e+01 4.835707067798682601e+01 2.827581843292215780e+01 3.771630434020892864e+01 1.896148672749769304e+01 2.012183981631986640e+01 2.132377037819349397e+01 4.170596123381040599e+01 5.181582480262619583e+01
9.124702163186202558e-03 6.675791368829881556e+00 1.374685918069541835e+01 2.269113109069473211e+01 3.423813647448765352e+01 5.423813647448835695e+01 5.920656020310439516e+01 6.749083145062475353e+01 4.925910109094966316e+01 2.904240879994576474e+01 1.889236568068888644e+01 3.046225328391827603e+01 2.785231885869583124e+01 9.742235531350701194e+00 1.949892270122060722e+01 3.598377974943884539e+01 3.585383601800300113e+01 4.235818173701695599e+01 3.568602699883700069e+01 1.513618341447015503e+01 1.316435460890401110e+01 3.304981039813316812e+01 2.982236545020665375e+01 2.292131753600036248e+01 3.909638651015787048e+01 3.954894765121458278e+01 3.961442006177382069e+01 2.819989215348807932e+01 1.613803873838567782e+01 3.761591803257132227e+01 3.208518259844732512e+01 1.764385252566132678e+01 3.771366491260121023e+01 4.051536283590393595e+01 2.310316326048399915e+01 3.516858934866569797e+01 5.603986794799008919e+01
2.239863785106879172e-03 2.000223986378475161e+01 2.883826034884193490e+01 3.368897284956898375e+01 3.903419768781756716e+01 4.506442457937294677e+01 3.920656020310369172e+01 5.920656020310439516e+01 5.756514929619011411e+01 4.748056212385397856e+01 3.046972221205763631e+01 1.049506794114454600e+01 9.278071565127380183e+00 2.900440751059861100e+01 2.800017751590947768e+01 4.501657743204370377e+01 5.637657037234281177e+01 6.185193166342477866e+01 4.394190319214308005e+01 3.568154115591607223e+01 3.241804307719807099e+01 1.359985268169914896e+01 3.367509728213858722e+01 3.571771006908872437e+01 1.477781594923414765e+01 1.508903814623648998e+01 1.540213738843839941e+01 1.571753201821565860e+01 1.706721408956461516e+01 1.651239735525417629e+01 1.676482441999982598e+01 1.704547550333011685e+01 2.456279066421041080e+01 4.303747148957847202e+01 5.388547402542113929e+01 5.545526135590289130e+01 6.443298866077599030e+01
1.766589122093755728e-03 4.366124393841960938e+00 8.838260348841577851e+00 1.368897284956828031e+01 1.903419768781686017e+01 2.506442457937223978e+01 3.661142996316516474e+01 5.661142996316586817e+01 5.453972396167299763e+01 3.467951050071781793e+01 2.304620698187132177e+01 2.905178703634006254e+01 8.952615074319803412e+00 2.316902843767912401e+01 4.284649270130591958e+01 5.451957102913986830e+01 5.810476028266053561e+01 6.597120469884049498e+01 5.836696138134847445e+01 3.790424616088171206e+01 2.348924522727189412e+01 1.663926044785630154e+01 1.403379719397132774e+01 1.434038919327190165e+01 2.557116094342279311e+01 2.926649046225329442e+01 2.767748096566148419e+01 2.409824214166808432e+01 3.447008297935675358e+01 3.336627928453594905e+01 3.582285529329509188e+01 3.626496607026911789e+01 1.750275193118428518e+01 3.225081649641780501e+01 5.419954048357448784e+01 5.151780873653120096e+01 5.653248461334707997e+01
