LEM/sinusoidal_perturbations/elevation_000916.asc
nrows	100
cellsize	150.0
xllcorner	0
ncols	100
yllcorner	0
NODATA_value	-9999
[rows 68 to 84 of 100, columns 37 to 73 of 100]
6.398786883743818521e+01 8.413978671464244030e+01 8.467192275489024667e+01 6.456330004416948043e+01 7.045297896215093658e+01 6.288561309048199632e+01 5.506608316524415869e+01 3.519624273802481440e+01 4.944376928288808415e+01 3.184139584395956390e+01 5.173312698527944775e+01 6.687199972165319650e+01 7.520749212251027416e+01 8.527005491472026222e+01 8.525678327696215320e+01 6.509845270422394492e+01 8.525678327696215320e+01 7.799456394855745600e+01 6.671010862678866715e+01 4.853156766472821460e+01 4.259454193786925913e+01 6.238506283044264933e+01 7.185907530423364165e+01 6.335856941804785691e+01 5.277526562449929770e+01 7.279681949185045653e+01 7.575987411558702433e+01 5.581768091105693941e+01 4.443415809904941227e+01 6.436262601962332042e+01 5.631787125605016797e+01 6.530831340880237690e+01 7.709023530070835761e+01 9.739135557350920180e+01 1.004178342500740371e+02 7.997737761646152421e+01 8.151813343770297138e+01
6.502799556747328324e+01 6.936720677635319987e+01 7.768763960035649063e+01 7.045297927581779618e+01 5.043067423385308956e+01 4.295546950193230629e+01 3.633507657044629013e+01 4.733971016547701538e+01 2.948382941060337359e+01 4.943377052351826251e+01 4.331236878525678691e+01 5.476089114968069538e+01 7.481046461768515599e+01 9.312308906420703636e+01 7.298236261249699908e+01 5.879056904298032293e+01 7.888215943331621816e+01 6.972645215323454693e+01 4.957548096337911403e+01 3.998049864960940170e+01 5.699129037483242399e+01 6.297167003741118663e+01 5.598395747078399154e+01 4.455708737201298675e+01 6.335835024607843025e+01 6.748483409837376712e+01 5.957574925015536138e+01 6.093306618686567333e+01 4.300626354959167941e+01 6.293445121393069286e+01 7.656423283349019471e+01 8.492896855470519313e+01 9.400303684266734194e+01 1.056711439308102030e+02 1.019003507955204668e+02 8.151750750000182677e+01 6.649683229410536001e+01
5.522069040097574799e+01 4.936101145825592340e+01 6.936720677639199550e+01 6.402673329392744961e+01 5.566209515085290604e+01 5.358829836853153239e+01 4.530661484035474018e+01 2.731388170713178809e+01 4.733990625334739377e+01 5.771691558682353929e+01 6.323491315359197529e+01 7.153946799634127274e+01 8.310938148051889129e+01 8.222581323899929373e+01 7.351134240471584747e+01 5.352384676408903630e+01 7.351134240471584747e+01 7.822617168291252199e+01 6.787142628018501966e+01 5.296132518601553585e+01 3.744737880119285478e+01 5.080052756722103169e+01 3.918862080231847500e+01 5.551556210392734414e+01 5.689038031388916039e+01 5.672618877986925412e+01 3.960129559488409257e+01 4.100235528988923051e+01 5.914156187573221501e+01 5.812678712090831823e+01 7.261317896956451534e+01 9.246461771754550796e+01 1.032577339924407624e+02 9.511228702809890478e+01 1.032577339924407624e+02 9.238902203184800044e+01 7.198549526345126992e+01
3.535174958034235715e+01 5.060125549165036318e+01 5.889278255051025468e+01 5.241588848225050867e+01 3.566172320399537909e+01 4.328804790372947053e+01 2.521961421012383298e+01 4.530661406711088546e+01 5.562025550592892387e+01 6.887061465449306752e+01 6.078604518540802104e+01 6.887407034037363474e+01 7.656765293587911003e+01 6.221875359837699904e+01 6.221883303030413259e+01 4.879927184002440299e+01 6.866367852081583578e+01 7.836448793610811947e+01 7.890858024089700962e+01 6.177603850219929882e+01 5.336688808975035414e+01 3.488690876751101655e+01 3.555428668347780530e+01 3.624223885887380447e+01 3.693967964198892417e+01 3.763497587595418992e+01 5.757121116862712995e+01 6.083651933083613272e+01 6.877342435080707617e+01 7.732884312279855976e+01 7.141480754437348821e+01 7.631282946722973293e+01 8.494118579740350583e+01 7.476977255157895286e+01 9.318569811826192506e+01 8.272554757715116125e+01 7.362301867862758797e+01
5.060125549165036318e+01 3.069000877190250520e+01 4.625626521278307024e+01 4.407827142333222525e+01 2.405491789167318828e+01 2.314423408832228546e+01 4.328270914383502799e+01 5.218083553023813437e+01 5.947813955955426479e+01 5.435036733369815209e+01 4.288012256213904294e+01 6.004238617528795885e+01 5.664815591291502983e+01 5.664815591291507957e+01 4.252352328883860366e+01 6.221883303030413259e+01 7.391126781129310075e+01 5.850779482954033739e+01 5.703338073553375409e+01 5.272750250630890889e+01 3.401956127034874555e+01 5.359995048313941624e+01 6.003520991618149338e+01 4.480546444657851168e+01 5.688350655138505374e+01 5.754821955779495113e+01 3.874754052499881851e+01 5.865440988545643819e+01 6.057944844538594964e+01 6.137845946550437048e+01 5.328888425378676175e+01 5.651299731990008013e+01 7.666714750768423414e+01 6.450791461979409291e+01 7.314424828456162686e+01 7.487266397842169852e+01 6.014781994364250295e+01
5.889278255051025468e+01 4.625626524049960864e+01 2.624291735247718549e+01 3.414263236349398056e+01 2.251921458595764491e+01 4.268536755234462277e+01 2.379836282824074800e+01 4.384626209343333159e+01 4.501554409429371617e+01 3.237594146126673422e+01 3.928220257811383931e+01 5.187544116948699013e+01 5.159818025413783005e+01 3.703313829447133543e+01 5.664815590937666201e+01 7.050395770275930829e+01 6.548462354634025928e+01 4.875908294344804972e+01 4.055357014735118071e+01 3.316278958618429584e+01 4.691123188370539765e+01 6.188673716750107445e+01 6.607011629281115006e+01 5.861844099312493483e+01 7.255222495342056277e+01 5.703489759426662431e+01 4.892341098039423741e+01 3.986174452637590093e+01 4.065623635693285820e+01 4.146204433542997236e+01 4.227261499298714398e+01 6.216710494541478482e+01 7.088833972359691415e+01 7.302011945840423834e+01 5.268151077211138755e+01 6.986007625673006771e+01 6.370055250913222267e+01
5.449642202783815748e+01 4.929835336277896829e+01 3.252396254129154585e+01 2.189397952489056465e+01 4.207403277650480078e+01 5.062882194083993426e+01 4.210659931458575045e+01 2.445377594473683303e+01 3.679832916634765638e+01 2.576021947571219783e+01 2.622273120495925625e+01 4.612658161614499619e+01 3.190374644362591283e+01 5.159776012038881277e+01 5.586660566665210581e+01 6.196729154052346189e+01 6.021043248248302859e+01 4.085027166204857707e+01 3.229321489816507551e+01 5.185361914090125168e+01 6.096123756601360810e+01 7.511216232147199889e+01 8.267938459040654209e+01 7.927587913057585922e+01 8.282370667921549057e+01 6.649007496124715999e+01 5.910073051320232196e+01 5.980084049999614138e+01 4.871608738199656585e+01 6.134048257674389504e+01 4.671749541230683178e+01 4.342050672652828069e+01 6.263546755006144195e+01 6.510744143137254980e+01 4.648552995220484263e+01 5.762127371017516708e+01 4.876969435954559628e+01
3.621716294744914677e+01 4.027093619791987322e+01 4.092548004895972014e+01 2.145632578927420653e+01 4.168163766368655132e+01 5.762963455802004376e+01 5.051157867026908832e+01 2.591842330597266297e+01 2.510793967428572415e+01 4.529453657704397784e+01 4.612695024202672300e+01 2.688123495326743750e+01 4.676148647832178540e+01 4.843378736744778479e+01 3.429159634669982637e+01 5.032830623422228911e+01 6.379764301298735774e+01 5.129636883865381236e+01 3.166258844105344039e+01 4.863655166995086887e+01 6.462717969107926308e+01 6.812278316433467751e+01 5.952210553677787885e+01 6.729173647164290628e+01 7.636062156013512947e+01 8.599850764408608939e+01 7.926552198618460920e+01 7.708851195814563084e+01 5.864082608189364265e+01 7.384877621030388184e+01 5.360887918347566483e+01 4.655227013928008262e+01 4.455833288150738269e+01 4.535349912130533312e+01 6.526651738686142323e+01 4.762517357745802116e+01 6.773250703101267334e+01
2.195432043720172999e+01 2.040504884670129471e+01 2.083913919603619291e+01 3.070433276645904286e+01 2.937181971053028917e+01 4.938246892725317849e+01 6.256161629989480844e+01 5.274768977272572812e+01 3.645574081900187480e+01 5.751408727995774228e+01 5.346043892723108826e+01 3.656131135818239386e+01 2.754761341857841472e+01 2.802080089283745323e+01 2.849377974129336266e+01 4.654950974560148325e+01 4.926171431084294738e+01 4.984110864933394680e+01 3.102430903378553850e+01 3.976188780168792647e+01 5.722217467825477399e+01 5.038633377690717907e+01 4.020345237030132068e+01 4.850799682295611603e+01 6.802868402443182561e+01 8.013147923554390673e+01 8.232693664084931129e+01 8.716664012648720927e+01 7.295697894698972163e+01 8.203743037199494381e+01 6.363154160482017829e+01 7.343223425763002865e+01 6.465281182567768781e+01 4.946105014843890757e+01 6.893486976214045114e+01 7.364590434189337032e+01 7.862009760962456539e+01
1.979518508245603314e+01 4.002658581987699193e+01 2.615928742755544434e+01 4.515053928254695847e+01 4.938246892727266868e+01 3.876114218587091642e+01 5.290498489413470651e+01 6.904440729675903299e+01 6.019762164833306883e+01 6.904640188941817769e+01 5.603459240879094949e+01 3.515878515927368397e+01 3.882832697689929802e+01 4.617571882084207857e+01 3.778803274097062825e+01 2.916347527342444224e+01 2.964078849116025438e+01 3.011882900184786749e+01 3.083990037800298722e+01 4.065865469637822827e+01 5.076100452386046413e+01 3.362033315331462546e+01 3.434558702691010268e+01 5.398539189154868723e+01 6.324672727289987506e+01 6.003129531963875820e+01 6.223087482267386150e+01 8.232693664084931129e+01 9.319074216466195537e+01 9.243586543305156056e+01 7.824718098773531949e+01 8.199177547540526234e+01 6.134711275462327507e+01 6.893494433130740617e+01 5.713741465253557550e+01 7.770498436412594856e+01 9.294540365489056910e+01
1.936797693221954475e+01 3.959010955890244077e+01 4.663689824862557742e+01 5.594764518520821639e+01 6.732845145929270814e+01 4.873654598741863708e+01 6.732845145929270814e+01 8.173033486292050043e+01 7.936960267145667558e+01 5.942397402440750653e+01 4.741233944446896231e+01 4.313873320656673371e+01 5.481861577570825972e+01 5.360812281567535820e+01 3.460809205930653576e+01 4.917371228898178970e+01 4.948195313850271759e+01 3.676080251694606460e+01 5.067475287652872140e+01 3.186278127350401945e+01 3.259104477783574083e+01 5.235917746728441813e+01 5.398539832592821597e+01 3.536842163302635811e+01 5.496926241545013170e+01 4.601217358422896098e+01 6.002948888436063157e+01 8.011409116774909478e+01 8.590766763977480025e+01 9.417970825849121752e+01 9.847101104502415581e+01 9.054322540365195948e+01 7.592105596787160948e+01 8.467580407255070440e+01 6.376334494726560820e+01 8.467580407255780983e+01 1.011195031912636182e+02
1.893591897659013057e+01 2.730947835091106413e+01 3.731019231830644856e+01 5.105461344386767308e+01 7.041462177145737655e+01 6.296816361678240526e+01 7.747780325775822519e+01 8.716238545634537616e+01 8.749629607290896161e+01 7.603618168067526994e+01 6.785400190332659065e+01 5.219175103412064942e+01 7.072855492049872339e+01 5.802745456216705122e+01 3.848921240846377145e+01 5.771165151997249154e+01 6.352528486086242054e+01 5.528090988648144588e+01 4.129415498486572744e+01 5.517165668428367553e+01 4.706487093516128084e+01 6.212067876378905851e+01 6.325045742220874700e+01 5.497280200009073781e+01 3.638157231964424909e+01 5.558520637747677995e+01 6.511236945597339343e+01 7.317505751657462554e+01 6.577607956906594211e+01 8.003897198169046590e+01 1.000759522909620074e+02 1.030516461286480592e+02 9.664778885606087044e+01 9.321099998554045385e+01 7.431572540324314957e+01 9.321099998554045385e+01 1.011882254849436436e+02
2.466904355039622487e+01 4.465659076639094849e+01 5.520481602306903568e+01 6.477425537764347041e+01 7.596517425155808212e+01 8.343840790642744309e+01 8.127020989297777476e+01 6.709148274100058984e+01 8.127020989297777476e+01 8.706887717365613355e+01 7.911637042375942031e+01 6.557885644069088471e+01 7.911637042375942031e+01 6.223269818193932679e+01 4.257021066073973969e+01 5.386109428868547866e+01 7.372181624705326897e+01 6.914663539967597217e+01 4.846091767480952939e+01 6.914663536345057082e+01 6.980723682350767945e+01 6.525081699340805130e+01 4.538185594397663181e+01 4.157321646500989232e+01 5.595679390821417343e+01 3.740323573109465372e+01 5.697784015308872796e+01 5.306024141824321561e+01 6.728185318553266825e+01 8.740345324911339731e+01 8.867195582955859834e+01 8.304932081087521567e+01 9.718596233553333263e+01 1.035451688055968305e+02 9.503588274187241325e+01 1.035451688055968305e+02 1.093005429228553140e+02
2.000549352685216320e+01 4.028470611313404959e+01 5.022198910162912000e+01 4.573759398957430022e+01 6.087076269265485706e+01 7.656532998709533899e+01 6.826753264205557059e+01 5.294873382520757588e+01 7.068363736567529543e+01 6.700113875231022575e+01 8.706887717365613355e+01 8.449159925465161791e+01 7.835835128303857289e+01 5.858862635184222256e+01 4.773847152660624715e+01 6.754841620213176157e+01 8.216127591024519461e+01 7.773864169079386954e+01 5.889675660445604422e+01 7.773246911858367980e+01 7.122079419578882664e+01 5.128343307626602154e+01 6.525081695258225523e+01 6.125538996788690582e+01 5.130918401700937181e+01 3.811739070998654455e+01 4.381328838669480064e+01 6.366130856385556314e+01 6.484316823275258912e+01 6.857413964066005008e+01 6.857413964066006429e+01 6.880576203063429830e+01 8.890786625695150747e+01 9.629795677772486329e+01 1.045640041901413468e+02 1.145424665826477195e+02 1.113982565398911930e+02
4.028465357102333400e+01 2.178015556776623995e+01 4.201551563351256391e+01 3.249465384070537510e+01 5.133316459797769227e+01 6.502950737366184342e+01 4.830845258066228354e+01 4.410073645782608764e+01 5.068156832891968833e+01 6.480438041544252314e+01 8.487741923160356805e+01 9.471701041066221194e+01 8.657149584760060179e+01 7.584453494962272657e+01 5.913714435605310626e+01 5.760395461712745657e+01 7.183879348698391709e+01 8.857493467620324168e+01 7.975702990534674086e+01 8.820902183615351078e+01 7.566564289186244707e+01 5.573447667504183300e+01 7.566564289186244707e+01 7.756687500868962104e+01 6.526514353396591162e+01 5.769498421583485026e+01 3.911659813101389460e+01 5.793291667531266143e+01 4.488901694125823383e+01 4.848224370410719786e+01 5.603344949038003620e+01 7.619417923349968191e+01 8.628015341567505914e+01 7.626235005362514130e+01 8.631911288842303520e+01 1.062768006670267482e+02 1.194642832928616656e+02
4.743800121767806388e+01 4.201298251075273527e+01 2.358361982943037916e+01 2.485746147661810213e+01 4.499309232939589975e+01 5.075425417011822304e+01 3.687790736652740975e+01 5.674415239583444048e+01 7.068363736567529543e+01 7.898548190777988509e+01 8.867578089877959258e+01 7.425721242368570074e+01 8.867578089877959258e+01 8.740402219490890445e+01 7.903842722201207494e+01 6.755298476438849775e+01 8.617595490983669038e+01 1.018638183827776800e+02 9.608620997726214341e+01 7.732250485401594631e+01 6.332774078990303934e+01 6.988264490967654297e+01 8.381728279932420378e+01 7.824948937079427935e+01 5.801199549062934580e+01 4.396513556335539619e+01 5.872374847962309019e+01 4.011777083648263442e+01 5.978033860269466970e+01 6.857413964066003587e+01 5.532765093422321456e+01 6.053152081532697082e+01 6.614665634961436069e+01 8.628015341567505914e+01 1.045640041901413468e+02 1.145424665826477195e+02 1.168633677993221909e+02
5.159935885900480912e+01 4.375441271339951044e+01 4.375474948059435576e+01 4.499309233419864285e+01 2.668266219463254529e+01 3.080595465765794216e+01 5.075425417030867692e+01 6.502950809884065109e+01 8.338164729104506989e+01 8.326969336387280407e+01 7.967675597660908693e+01 6.021836542410132154e+01 7.967675597660908693e+01 9.133132502494295579e+01 9.627443384454504383e+01 8.784544599024809486e+01 9.671571267882963241e+01 1.034848969824235070e+02 8.410824903137152830e+01 7.274851411222041975e+01 7.737535842684070531e+01 8.962703505163189277e+01 9.374944389797390443e+01 7.369351895475647041e+01 6.780270049956081380e+01 4.767164927995006707e+01 6.054726260459598564e+01 4.083353282662685757e+01 5.748753339569115894e+01 7.296297144100803678e+01 7.548964735062861564e+01 8.069612601965025078e+01 8.628015317500276637e+01 9.455785516129246560e+01 1.109387179956013654e+02 1.110469547201639955e+02 9.683567430804701814e+01
