LEM/sinusoidal_perturbations/elevation_000359.asc
nrows	100
cellsize	150.0
xllcorner	0
ncols	100
yllcorner	0
NODATA_value	-9999
[rows 34 to 50 of 100, columns 0 to 36 of 100]
2.064481644892168701e-03 2.000206448164453832e+01 3.723079104166632902e+01 4.877779642545864647e+01 5.327467589677188897e+01 4.501968661086402790e+01 4.180037812948805254e+01 2.358630004399904934e+01 4.180037623846831707e+01 4.369602439966028840e+01 5.271607981157463740e+01 3.354219729054546661e+01 4.333660359505105220e+01 6.287977241763197611e+01 6.137546907476843217e+01 6.811196951714140368e+01 7.490370620718421435e+01 6.886139336569615921e+01 7.901698473629024022e+01 8.971049569058482120e+01 9.361178173373616573e+01 8.319869860507417059e+01 7.359100976012670969e+01 5.829210507556799570e+01 3.874525789868707193e+01 5.239578952223128283e+01 4.567975872723400954e+01 2.348058502399359071e+01 2.002157206732984918e+01 3.949995272794415513e+01 2.570942450819466885e+01 4.637888676400759635e+01 6.048172121359348807e+01 6.810935000361256186e+01 7.653392654628976288e+01 7.098039483134773775e+01 5.893498894881594907e+01
2.905961989428186391e-03 1.415649161886774010e+01 3.434924632274870504e+01 4.979762013232901552e+01 4.743262956515494011e+01 5.580182734947891987e+01 5.175726513353232150e+01 4.346030181255291325e+01 5.176764410448161868e+01 6.352979606932903778e+01 5.899794923346802733e+01 4.024043296856044805e+01 5.899795078048239816e+01 7.099160946104751702e+01 7.579527626029570797e+01 7.063218206369681695e+01 6.569706576362220574e+01 4.523239028951310559e+01 6.476889305399031116e+01 6.237481187002637739e+01 8.517411834366359358e+01 9.041469518560332119e+01 7.843239549082611006e+01 5.829210507556799570e+01 5.239579619148325662e+01 3.342184592767793561e+01 4.713162783070750095e+01 4.224904398574344100e+01 3.700423745067441672e+01 1.952990674470911259e+01 2.313485744305334180e+01 3.704392725951993981e+01 5.530634185078614706e+01 7.706631037979173016e+01 7.369568049331434167e+01 5.482145232132399570e+01 4.534210421719978967e+01
3.542675937824442140e-03 1.990766957145918070e+01 2.152983039041242108e+01 3.144866373268747495e+01 2.722662980764636131e+01 4.086581634211515990e+01 4.657400969142513247e+01 5.506133831708392989e+01 6.595872156206675641e+01 7.362643754192328061e+01 5.531714692521514110e+01 5.759847336667661466e+01 6.174461772780049529e+01 7.671209975925269475e+01 6.320500546164377198e+01 4.569994741482191358e+01 5.600856911164260055e+01 3.466156124481383927e+01 4.007841047151158875e+01 6.659751714469916806e+01 7.893075587254628545e+01 7.267223543567398281e+01 8.016040690109616662e+01 7.274083805906992950e+01 6.065968926724187327e+01 4.713169254399910102e+01 2.884604198049576596e+01 2.600548892448162164e+01 3.467812740862902388e+01 1.918583256732353348e+01 3.688475373393227841e+01 5.264713916158952856e+01 5.695737601441192055e+01 6.542208084369056564e+01 6.071551568606455618e+01 5.234619372841405749e+01 3.600223234846430387e+01
3.411803931810562015e-03 3.654897820584165569e+00 7.368833628544488867e+00 1.136906376526408025e+01 1.563424728774152683e+01 2.063976241332964534e+01 2.620508165657680166e+01 3.636271276507246597e+01 5.154430618505242734e+01 7.424748509112397699e+01 7.362372877080522926e+01 6.715158409394959449e+01 6.053935461910379701e+01 5.897665997302091512e+01 4.528719157888178160e+01 3.152933164859534543e+01 4.774630132401817662e+01 2.680618715679051434e+01 4.185251707227750018e+01 6.402392812272371714e+01 7.712605927615220480e+01 5.980094173168628657e+01 6.693450154640642324e+01 5.302844409823291016e+01 6.874657860141681454e+01 5.506595228108401585e+01 4.606276436089460447e+01 3.309184895569669749e+01 2.175750869331330506e+01 1.884085084432413737e+01 3.677991360666147358e+01 5.168902461176038088e+01 3.729351856858259140e+01 4.750122732133097259e+01 4.946137078201876136e+01 3.293670411394858633e+01 4.014761320457502336e+01
3.327314952832964925e-03 2.000332731495247884e+01 2.741177619952550870e+01 3.144866373268747495e+01 2.984656564117153721e+01 4.086592476397527918e+01 4.657656974863572685e+01 3.906090116362922515e+01 5.371919221446408699e+01 7.488864628509854526e+01 6.526569636438192390e+01 5.406488121215091525e+01 3.609251474549687799e+01 4.923199014327787637e+01 2.693159366356972839e+01 2.178424094868658045e+01 4.121014971788539327e+01 2.186190525170718146e+01 4.182276166250645844e+01 5.568167038061560703e+01 6.749809591466494396e+01 6.675620470587303146e+01 4.772577151197393164e+01 4.107750065567982034e+01 5.398881725818816335e+01 6.024182399369226459e+01 5.238202580926304108e+01 3.935089914228200314e+01 1.834913706604989159e+01 3.263824209193641934e+01 4.055753379283750348e+01 4.295372347758229381e+01 2.575559970620816586e+01 2.782342719180803314e+01 2.991066034451526079e+01 4.946204274416975721e+01 5.975836017584607163e+01
6.779948344387334673e-03 1.414891557207521267e+01 3.414891557207450035e+01 5.019011330588453745e+01 5.005880286864067585e+01 5.632462782959523651e+01 6.164442403052979103e+01 5.991345185461272393e+01 6.811464169406467306e+01 6.813676596571184518e+01 5.439995402098204380e+01 3.006108184620124035e+01 2.375281105544095794e+01 4.108352443416278987e+01 3.346372221964046645e+01 1.322607489955998616e+01 3.158318006167151637e+01 1.721358671845370836e+01 2.642023525878634516e+01 3.827863150768114053e+01 5.932956313932768211e+01 7.430344507818028887e+01 6.693450153508321421e+01 5.398881797652363446e+01 3.277406936173991170e+01 4.719719147116338576e+01 4.754568776488778070e+01 3.747697915949755298e+01 1.799864249845709452e+01 1.977526399099194165e+01 2.138798776341533525e+01 2.303432138080818348e+01 4.295301729434971350e+01 4.421561870879175160e+01 3.587895773233145036e+01 4.805400910827112426e+01 6.826197175684612262e+01
9.516927588586143695e-04 2.000095169275850182e+01 2.205413888273047007e+01 3.221887118594212751e+01 3.701689937755752169e+01 3.673690690835515937e+01 4.239935472691429652e+01 5.757764616704864125e+01 6.599108043409638924e+01 5.813818259498606267e+01 3.644528101088131677e+01 3.256822898496095320e+01 1.365945791839194179e+01 2.093463843166272653e+01 7.462537622128492920e+00 8.337733595978709999e+00 1.154177824110056783e+01 3.178850889301263294e+01 3.882665005222407473e+01 4.729758038121584462e+01 5.670433948880578612e+01 6.848034640586401167e+01 6.787756910699754087e+01 4.894694851322277174e+01 3.665555672711634827e+01 2.513836220051377524e+01 3.145751356414212196e+01 3.062330279344889661e+01 1.765169182182036423e+01 3.764391877603190295e+01 4.105256070272751145e+01 3.322276081297074768e+01 5.125281322909609827e+01 5.182647654332550502e+01 4.998799303476591405e+01 4.860322252377998353e+01 6.972100231965700345e+01
1.945935296826602993e-03 3.924268548813441448e+00 7.924266937838572389e+00 1.228860366991444941e+01 1.713911708694453750e+01 2.268464354326046717e+01 3.022978302232275283e+01 4.160082475059949303e+01 6.025987263603541066e+01 4.848863091208603038e+01 2.724416153005434893e+01 1.547766133100062014e+01 7.732568935174512603e+00 6.625202500676987682e+00 6.908576406123294156e+00 7.194168257212441020e+00 2.626566546848108885e+01 2.916182957969388312e+01 1.961747794167053627e+01 2.746549024354249369e+01 3.921546587658476568e+01 6.051649135400564461e+01 7.524680740106137478e+01 5.971567557032671658e+01 4.002383780384761280e+01 2.815604401919850730e+01 1.986865935967324859e+01 1.974197078470300326e+01 1.730394826027128019e+01 4.650000310866271747e+01 5.805514930798234019e+01 5.349280624441077947e+01 6.206347324842805335e+01 6.985308552800803739e+01 7.354357165212877590e+01 6.972100231965700345e+01 7.867276378881652477e+01
5.600688922766023682e-03 2.000560068892241006e+01 2.788705045512474712e+01 2.640604540455502658e+01 3.122974832192700489e+01 4.247401753819679016e+01 4.980757701549738670e+01 5.757764616704864125e+01 4.825739787463724184e+01 3.984560036557260077e+01 3.258256116194378649e+01 2.564134823647973604e+01 6.229385206974628275e+00 2.030026599757930583e+01 2.679014743143217814e+01 2.720894574104405805e+01 7.603085733498137877e+00 1.238810455893174911e+01 2.963511563484361844e+01 4.651568287748587949e+01 5.305148456164585724e+01 6.122243907248805073e+01 7.093335422482483921e+01 5.156135235438895847e+01 3.819306856761902225e+01 2.791286339130928695e+01 2.701318884115904240e+01 1.681350080361765720e+01 3.640652875729396953e+01 4.371831888429704094e+01 5.332121713706223431e+01 6.609304576807123510e+01 6.254258877583623644e+01 6.262952729572523225e+01 7.091808704973750821e+01 6.926262082181577284e+01 7.726899852172634553e+01
8.215197286175309616e-03 1.415035082101699970e+01 3.415035082101628916e+01 4.625227402307891822e+01 5.089067494998673169e+01 4.932352884695800554e+01 5.181578720200764110e+01 4.807859848657753332e+01 3.946065406057000047e+01 1.989782697794454336e+01 2.535288491764855934e+01 5.842808292464628295e+00 2.578093661310668239e+01 3.401394801516185140e+01 4.263552896307385964e+01 3.247682246142594664e+01 7.894521561254409292e+00 1.533685289506056471e+01 2.690262319090772181e+01 3.960504754219649470e+01 3.344860535815104186e+01 4.731382290704433302e+01 6.690779440147723278e+01 5.975357757096119826e+01 4.064623787793847498e+01 4.153912269625244136e+01 2.654008805130354531e+01 1.647308971072520123e+01 2.589474273421083339e+01 3.500806456133270217e+01 4.484148688657319326e+01 5.362400220742561174e+01 4.153615565044386670e+01 4.237231206904171188e+01 6.262952729572522514e+01 4.913248282275132084e+01 6.333439648881515183e+01
2.613274238814250559e-03 2.000261327423845970e+01 3.643366614050080443e+01 4.791445229873045975e+01 4.341216343814254941e+01 2.928568331337821817e+01 3.101835824609571901e+01 2.467160837457943501e+01 2.731017711733694853e+01 1.730671101864716732e+01 5.466350806839330723e+00 2.541390558595426086e+01 1.596644375898482870e+01 3.150719436713376354e+01 5.115338787533499243e+01 1.130055215418165737e+01 1.149005837992629786e+01 8.311391553472866178e+00 1.363636379476630012e+01 2.105232027545768148e+01 4.065424366234870490e+01 5.669557401453661072e+01 6.651750537435496824e+01 6.765483626618238588e+01 5.975435353022010787e+01 4.321799553166135155e+01 1.599930013230357950e+01 2.872595131037888194e+01 3.693534887712189629e+01 3.785590657990436370e+01 4.602311516395499780e+01 3.329420573577675668e+01 2.769818574971842651e+01 4.201368686150514975e+01 4.341805006955220847e+01 3.467150681837883042e+01 4.630485756024051369e+01
7.532853315450405325e-03 8.172498596245468150e+00 1.971943208913801016e+01 3.969287907992593745e+01 3.352090271770270391e+01 1.562000514560186204e+01 2.401437820024763425e+01 4.572976274978031164e+00 4.836985824299270043e+00 5.097312157705468749e+00 8.529236319419757351e+00 3.221652117640892499e+01 2.608505082190754365e+01 4.400484233595587824e+01 4.734041528231427520e+01 2.515667509195463225e+01 1.977345046150953678e+01 8.608636533123188883e+00 2.434225971740156425e+01 2.302902439098199849e+01 2.948627361360027876e+01 3.873688830565734520e+01 5.828649552212858964e+01 7.696856323639374864e+01 5.652305607910171403e+01 4.740137181571871139e+01 1.638639093817793935e+01 1.553363162995294822e+01 2.983011991106203453e+01 2.698024300554151012e+01 3.721765768268527097e+01 1.874462525017045067e+01 2.016969777561467581e+01 2.159905290841739145e+01 2.301868586622209278e+01 2.444827408317377859e+01 2.588492370643612261e+01
6.101047412966256744e-03 2.000610104741260997e+01 3.643366614050080443e+01 3.356591212634138088e+01 2.461366347145174771e+01 8.197963552007719201e+00 4.191967222786969316e+00 6.271130717062264104e+00 1.215492741485911843e+01 8.453574853212977303e+00 2.123227079139592277e+01 4.025620246024383420e+01 4.033856202153243942e+01 5.309242186416194187e+01 5.599550925265436518e+01 3.809011952589721517e+01 2.035127678821642760e+01 8.907072945582331869e+00 2.121757256668695391e+01 3.889421456060539128e+01 4.851168653637969186e+01 5.669557401453661072e+01 6.651750536589879914e+01 7.128446550097064005e+01 5.040867719566922034e+01 3.362836231528538633e+01 2.944221836538067194e+01 3.088599051595114275e+01 1.507312930827825959e+01 1.567853865851994399e+01 1.674833763163223921e+01 3.732432062247297466e+01 4.061815840844020187e+01 4.201368252054389529e+01 3.135062256220333765e+01 4.484997440496604781e+01 4.630485756024051369e+01
6.842009524227352091e-03 1.414897763325505231e+01 3.414897763245153328e+01 2.528287405479948191e+01 5.130050223895827877e+00 3.800938131183570157e+00 2.363887886722492127e+01 2.255753619302056379e+01 8.992700969750984541e+00 2.604081410769178362e+01 3.810898103800241898e+01 4.941202732507307616e+01 5.981073237787699526e+01 5.951089267597882326e+01 4.808499440493154964e+01 3.875754501541302943e+01 2.928436937452123345e+01 9.205931550540306318e+00 2.840338545274068949e+01 4.451685915305735364e+01 5.477987656884826606e+01 6.709454925759685295e+01 5.894794426040927249e+01 6.709417840196707061e+01 5.818164324990024738e+01 4.830547610306135198e+01 3.959637964090124740e+01 3.384811785741397472e+01 1.475072109649621588e+01 2.962734645098876385e+01 3.682854839254604684e+01 2.523811096952797683e+01 4.566257186161907100e+01 6.006106594020691603e+01 4.583366209137095382e+01 5.174325935347096816e+01 5.781840113571671225e+01
1.934550753332892102e-03 1.414407053443783546e+01 3.414418464263006570e+01 3.200418097081639246e+01 1.519860233408822303e+01 3.517709806250522320e+00 9.074455357050245752e+00 3.028653248054828140e+01 2.605975280983236431e+01 1.209200098565502479e+01 3.016263696094521052e+01 4.128981197839094364e+01 4.950130691347430201e+01 5.156174633416828357e+01 3.131872333161269140e+01 1.970144163204928134e+01 1.158689424124994893e+01 9.504626705269824782e+00 2.924429957225471810e+01 2.553573302813595802e+01 4.645149884353302383e+01 5.709791131855279644e+01 3.882093438651644846e+01 5.709704049715233509e+01 4.401784613526955070e+01 2.778994110527951378e+01 2.865040150683092435e+01 1.431057107500718573e+01 1.572542151865247995e+01 2.837011931861344038e+01 4.753806082431416513e+01 4.566257186161070791e+01 3.492246122556960586e+01 5.524066516490766787e+01 6.601061369182613703e+01 7.186933668431467481e+01 6.341012078827603915e+01
4.364784840791047053e-03 1.977794755360371326e+01 3.804342074842804067e+01 3.852422925740544457e+01 2.228699246601574302e+01 3.231845651681523268e+00 1.808951377535417393e+01 1.603134070438898107e+01 3.635378809015652024e+01 3.016263696837669883e+01 1.578767426404530916e+01 2.168500866517157277e+01 3.548813706844268268e+01 5.529635637037182505e+01 4.486734264722283427e+01 2.491218525956050556e+01 3.075681706745976030e+01 2.947561931378524136e+01 9.927097525678346912e+00 2.942142698330661688e+01 3.779077103227390921e+01 3.923396659216501092e+01 2.863465645742337529e+01 4.888305625141571653e+01 3.572305841330921794e+01 1.528962314275603696e+01 1.387308012631167387e+01 3.347177993073373869e+01 2.601888741254964899e+01 4.446703131747513282e+01 5.780337032781666551e+01 6.354762566073015506e+01 4.934481138429972447e+01 4.934481138429972447e+01 6.947451532382021355e+01 7.753981548685159453e+01 5.755745021381032700e+01
5.219006137575642711e-03 1.020053286359596534e+01 3.062045121650762525e+01 3.459719389254003374e+01 1.610744613197415731e+01 2.944437824046225671e+00 1.196425358295840979e+01 3.171661587303665897e+01 4.786941035292651492e+01 3.871734899427363530e+01 1.926170990052840537e+01 3.871734899430028065e+01 3.548813695636814458e+01 5.529629476046320491e+01 5.309997970332584316e+01 4.486734264722118581e+01 3.854926787450910552e+01 1.851392912114306100e+01 1.991042518632915659e+01 1.034993198739833531e+01 1.262853429740588496e+01 1.861784533008912845e+01 3.919963297307660355e+01 5.394841669220586056e+01 4.368043630427324331e+01 3.348277087975666433e+01 1.356314932543965668e+01 2.516286540996085463e+01 4.276438541754136224e+01 4.191940478596920627e+01 5.572407104970461234e+01 7.563587391570682428e+01 6.947451532382021355e+01 6.947451532382021355e+01 7.775062703787401119e+01 8.580556047562009780e+01 7.753983708868479141e+01
