LEM/sinusoidal_perturbations/elevation_000755.asc
nrows	100
cellsize	150.0
xllcorner	0
ncols	100
yllcorner	0
NODATA_value	-9999
[rows 17 to 33 of 100, columns 0 to 36 of 100]
5.222468517465790779e-03 2.000522246851711117e+01 3.713949356086573772e+01 4.863549693970943366e+01 5.351309761076445426e+01 4.731120754636037873e+01 4.319974820620868172e+01 3.905125332142932137e+01 4.657311262978467425e+01 3.023728815037394924e+01 2.648022143300611830e+01 4.477200896793446816e+01 3.492626384371532566e+01 1.375184574334958221e+01 3.174417333931983620e+01 1.705091506955834291e+01 3.636131438172369457e+01 5.338850665313783139e+01 4.360415454495021947e+01 2.944831884140374001e+01 2.074155032894812933e+01 3.432910702987496165e+01 5.439493656807459843e+01 5.642570690434214242e+01 4.383069418589916211e+01 3.516875487717639004e+01 1.970402347656464670e+01 4.021841678963778577e+01 4.065725392168582175e+01 2.099780788009416099e+01 4.067837263249458601e+01 4.001871755329641189e+01 2.595421014599878973e+01 2.494485792794941048e+01 1.217970429290991952e+01 3.073671480816127755e+01 3.810256288896214016e+01
7.333276091007126865e-03 1.414946889982183187e+01 3.414946889982112310e+01 4.283811401814875808e+01 5.112163821657878060e+01 5.191633521825409048e+01 6.019872697082001167e+01 6.165837988439628248e+01 5.784387074894828373e+01 4.965318617607640306e+01 3.719632781085540785e+01 5.302466451412851711e+01 3.927514911870972014e+01 1.787734765140428195e+01 3.871533923359990581e+01 2.057097996900617431e+01 3.405512223909363456e+01 5.350655926277060104e+01 5.775999024849677710e+01 4.390410296201248030e+01 2.433569781059722459e+01 3.797412530972453482e+01 5.822043375943824373e+01 6.585805877605862690e+01 4.816082541889783641e+01 2.714956339440425737e+01 2.437919756659399795e+01 4.529122657321892831e+01 4.938414625697825500e+01 2.825264628133916744e+01 4.938414625697825500e+01 4.208871131407565258e+01 2.335693346962958827e+01 1.268117235212077176e+01 2.062573159307252268e+01 1.632166593304309643e+01 1.906009117738819825e+01
6.343274376862209282e-03 2.000634327437650839e+01 2.736886356433706169e+01 2.283821552384993581e+01 3.565549449290156758e+01 3.191661826567954563e+01 4.591640880027529903e+01 5.224080645413511803e+01 5.979976127007815734e+01 6.395026661453132277e+01 5.597196189500727570e+01 5.874459191334162966e+01 3.775423572614113255e+01 2.237514845040628231e+01 4.288872704622905019e+01 2.420327866176097942e+01 4.332892464204645222e+01 5.700988723852680096e+01 6.239141002544294423e+01 4.195739725997449199e+01 2.815893765427855300e+01 3.932354944528188412e+01 5.971592393069893490e+01 5.720180702352326563e+01 3.599882672844820775e+01 4.816082541889783641e+01 2.959021354388457681e+01 5.075628193111403874e+01 5.886558909466454281e+01 4.376132058118720636e+01 5.886523656134655624e+01 5.321812096199539610e+01 3.807250793432638858e+01 1.706900657399852861e+01 1.318548416377688604e+01 3.094462774363876534e+01 3.321689580903213113e+01
3.497053469895897767e-03 3.654980770170995541e+00 7.368887533712017657e+00 1.129121023647566524e+01 1.565556804119547607e+01 2.036961324910571136e+01 2.591661521135702628e+01 3.224117053159739754e+01 3.980045998260829521e+01 5.134745961359376309e+01 7.134582005328506682e+01 6.098588608982057480e+01 4.006269084906907807e+01 2.792360140463319951e+01 4.940195462441063512e+01 4.332895508005631058e+01 2.951388774195326903e+01 4.300321510825441607e+01 6.271799599967492611e+01 5.268604069248847566e+01 3.256039467579996227e+01 5.268604069248847566e+01 6.823736951022738140e+01 6.469957871679204686e+01 4.349267788439641436e+01 5.747371780975288402e+01 3.623132039711970975e+01 4.687519021235552685e+01 6.802515972453090853e+01 6.547640440538704354e+01 6.583167791762609511e+01 4.584968566496692688e+01 4.294960342708145618e+01 3.333900059031967800e+01 1.354223203188754887e+01 3.345579506694672745e+01 4.473725500135736866e+01
9.635555453094322986e-03 2.000963555545273920e+01 2.736886356433706169e+01 3.129116723870012606e+01 3.565549449290156758e+01 4.036949324610365153e+01 4.591640880027529903e+01 5.224080645413827284e+01 5.979976127007815734e+01 6.807878885711552641e+01 7.962169857884721580e+01 6.941150952349063630e+01 5.524813744418369765e+01 3.396376977611495818e+01 5.524813744418369765e+01 5.301809739695296031e+01 3.358543028430418786e+01 5.301809739695296031e+01 6.851626103854580663e+01 6.120791731891930709e+01 4.398943597940873218e+01 4.090045996229494563e+01 6.144724144286058731e+01 7.331352011539732416e+01 5.302538060501590422e+01 6.497681165073110776e+01 4.375485751139233059e+01 6.497681165073110776e+01 7.661833262541956913e+01 7.013540824694189268e+01 6.013654450641011806e+01 4.584968931237927592e+01 2.602595908615597509e+01 1.713219675676682030e+01 1.389793660492111371e+01 3.407646785655031607e+01 3.492018068762158123e+01
8.845047570523793118e-03 2.000884504757016913e+01 2.630164493326337904e+01 2.959102328275418259e+01 3.302202497119917268e+01 3.661516896757745343e+01 4.046571172715721332e+01 4.518519601616973347e+01 5.018880020035845035e+01 5.846706440328764387e+01 7.000048536716913361e+01 6.972451540765428035e+01 4.863968484857727503e+01 4.378774163526900054e+01 6.369659858442193467e+01 6.128394319412022639e+01 4.720688832918025923e+01 4.050602857453081640e+01 6.021468301388516409e+01 7.308401874397337394e+01 6.456527503331651019e+01 4.766388420823167138e+01 6.833895433518989648e+01 8.269628343211307708e+01 6.530421466339458902e+01 7.359124767522250465e+01 5.606539077984245978e+01 7.359124767522308730e+01 7.599683716910452347e+01 5.592928504421491454e+01 4.185435082651734007e+01 3.194159103110782638e+01 2.498501591480425432e+01 3.576812501459841798e+01 1.904032918797268437e+01 1.440104011350589808e+01 1.476392184793467344e+01
8.023991185656003874e-03 3.164087252730010569e+00 6.348344322658584282e+00 9.650260162382757301e+00 1.308974871624958247e+01 1.669030977458428211e+01 2.055076836229473614e+01 2.530281133924509618e+01 3.033267415364834463e+01 4.174948901694208558e+01 6.171711366734744075e+01 7.778901777547423535e+01 6.375601610317601597e+01 5.591468431054654786e+01 7.290395308653150153e+01 7.536099805904952120e+01 5.654516213159579507e+01 4.919884062106833511e+01 5.436217046831168176e+01 7.434443359285661757e+01 7.685433619505508318e+01 5.692278108873386344e+01 7.685538637039778109e+01 9.469503599680837169e+01 8.621985254768905804e+01 8.568230039400860676e+01 7.715003894417976937e+01 7.825354895717383386e+01 6.991571259568422647e+01 6.824896702499344769e+01 6.013654450641011806e+01 5.183064267578988904e+01 4.479879702383129825e+01 3.706905818963105048e+01 1.695522137029053056e+01 3.457601055473363516e+01 3.493239056938404730e+01
4.598823041778624977e-03 2.000459882304142312e+01 2.630164493326337904e+01 2.959102328275418259e+01 3.302202497119917268e+01 3.076142569671856464e+01 3.461252725018661636e+01 3.312129113471150532e+01 5.018880020035845035e+01 3.988455378469183898e+01 5.026225915649681752e+01 6.968424033904888404e+01 8.413374737554023852e+01 7.627458869002752806e+01 8.462481476257426039e+01 8.486908625665851957e+01 7.654217854056064141e+01 5.909904911731531030e+01 7.434440061132234234e+01 8.267682849589904492e+01 8.607372390327313383e+01 7.154336410081346287e+01 8.607372390404290741e+01 9.006145211476651014e+01 8.171157953602468638e+01 7.460470071228483846e+01 6.855272717830646911e+01 6.319459281019062047e+01 4.987014166818110539e+01 4.822797023143515105e+01 5.019630872950941836e+01 5.052000114923383478e+01 3.963825419860850019e+01 1.957219243316870205e+01 3.706905818963105048e+01 4.533344019225603461e+01 3.796638468144376333e+01
7.340434288523949372e-03 2.000734043428816733e+01 3.463387319044321089e+01 4.291814443762979181e+01 5.291814443715784222e+01 5.074735536273450975e+01 5.459654907453136730e+01 4.465183091482634836e+01 6.138747609369718816e+01 5.120452922365363690e+01 6.790721031197726631e+01 7.794405903394977031e+01 8.595767606130770844e+01 7.765001521645933735e+01 8.595767606130770844e+01 1.042793598603470144e+02 8.748535704059395357e+01 7.915417952449948302e+01 8.748560723732163069e+01 9.041990616836713457e+01 9.873326333227797136e+01 9.213608531827593140e+01 9.334939446705597277e+01 7.319210771744671717e+01 6.161029069869229602e+01 5.453257525891978474e+01 4.850442414052039197e+01 4.318847624552994802e+01 3.840619554490566401e+01 3.422785254104103103e+01 3.036587010500764094e+01 4.223941575353609323e+01 2.225951539164827153e+01 3.963825419860850019e+01 4.791840881697764587e+01 4.016758061216310693e+01 2.012314726561377753e+01
3.515918393995972821e-03 7.074583730259440983e+00 1.463387319044391965e+01 2.463387319044374379e+01 3.877600881417419743e+01 5.877600881417348688e+01 6.031197248533564448e+01 6.464914700573422124e+01 7.293336337037371209e+01 7.114767164093059648e+01 7.943035573021259665e+01 9.221297624873888310e+01 7.594383042329826594e+01 5.763424343573207409e+01 7.594383042329826594e+01 9.010062624161409417e+01 7.592123914956854946e+01 8.801820610775581599e+01 7.971013647223850285e+01 7.038375966601999778e+01 8.194663553250471466e+01 1.019946107035094940e+02 1.016995782306021709e+02 9.006145211476400902e+01 8.171157953602468638e+01 7.460470071228483846e+01 6.855272717830646911e+01 6.319459281019062047e+01 5.834239680571369746e+01 5.409198270390430707e+01 4.489639862022511352e+01 2.501334963708653092e+01 3.640657456329697084e+01 5.052000114768234340e+01 5.579724930903797286e+01 3.589682774383337005e+01 2.177358552925313617e+01
4.608085242692564441e-03 2.000460808524233869e+01 2.736698149571087058e+01 3.128928861854586430e+01 3.545955449678221072e+01 4.062346610336655317e+01 4.031271553670055852e+01 5.445323046269777478e+01 6.599911035463615860e+01 8.048032236479608059e+01 7.217560956065659639e+01 7.217560956065659639e+01 6.764212932609578388e+01 4.763994724689445093e+01 6.764212932609578388e+01 8.008308699867015434e+01 6.176637073740266715e+01 7.117257843719279720e+01 5.968778710893316486e+01 7.971013647223850285e+01 9.873326342466494054e+01 1.103143236311034059e+02 9.677385531882944747e+01 8.670240607763368246e+01 7.835493057024082475e+01 7.165978621671571602e+01 6.586817831189186734e+01 6.069503064673168780e+01 5.584928327482656130e+01 4.804935430721537415e+01 2.823328482035732634e+01 3.906140806381145580e+01 5.318166037955291614e+01 6.463342772536611847e+01 6.301643501574002215e+01 4.329758456804569988e+01 2.341195765413466390e+01
1.610643649003322799e-03 3.653094360350102932e+00 7.367001123891125047e+00 1.128932382665477263e+01 1.545961210779623229e+01 2.062358990273936499e+01 2.617059186498779511e+01 3.771759598786407963e+01 5.771705576320182729e+01 7.152515948299404158e+01 5.216161083851862657e+01 7.152515948299404158e+01 6.097473521479830794e+01 4.094552067388178074e+01 5.774430791189498535e+01 6.063366695986899657e+01 5.177834948875875654e+01 5.117371607558544611e+01 7.117257843719279720e+01 7.814765443193770977e+01 8.645552657131170804e+01 9.802941121729466545e+01 8.842236591523507627e+01 6.828749522530245031e+01 5.826949750968725539e+01 5.159706791938643988e+01 4.583266367897392968e+01 4.071550682308626534e+01 3.595581976261168933e+01 3.146876297811213874e+01 4.804936592536534334e+01 5.634441616606676462e+01 6.730191270227442146e+01 6.885735352371864337e+01 4.894757165846482394e+01 3.495120295566950830e+01 2.505488552732557039e+01
2.022278438842990342e-03 2.000202227843848846e+01 2.736698149571087058e+01 3.128928861854586430e+01 3.545955449678221072e+01 2.810872239808656659e+01 4.617036227826351080e+01 3.881969735670383415e+01 5.881846896115157364e+01 6.322507723179786865e+01 4.319104789473252026e+01 5.378094523264514493e+01 5.135587445342355295e+01 3.484398858606358118e+01 3.768681916446296754e+01 4.061559942075596297e+01 4.362290251387818785e+01 4.798767364931659785e+01 5.297019373938649522e+01 5.812234548853954408e+01 6.967929921768356394e+01 8.971564278234092171e+01 9.677385526543855576e+01 8.670240607761100193e+01 7.835493057024082475e+01 7.165978621671571602e+01 6.586817831189186734e+01 5.729056874463144311e+01 3.737371700022418253e+01 5.128541152007969117e+01 3.635989600055237503e+01 5.038976638128114871e+01 7.043398989510187391e+01 6.602977726259624092e+01 4.603977677341394070e+01 3.206680027740403460e+01 4.488534111779708979e+01
6.642187732006160465e-03 8.171607997009337154e+00 1.711587990700865092e+01 2.866288529080136982e+01 4.866288529080207326e+01 3.965572597048060288e+01 5.639789729372174776e+01 5.296169287027133521e+01 6.709630326666260203e+01 6.525076217375486465e+01 5.378060410395506352e+01 3.369252558796904395e+01 3.125301820074116321e+01 4.027283639955250294e+01 5.774430578165189587e+01 6.063366695986899657e+01 5.515721675067045737e+01 6.797540722334908025e+01 6.430033077596932856e+01 7.814765443193770977e+01 6.813007359806530872e+01 8.229338138915942125e+01 1.023411445322256981e+02 9.119792590879328031e+01 7.105273331427673611e+01 5.947267169073644766e+01 5.130426620514257507e+01 4.377434638257286537e+01 5.729056874477268479e+01 5.996894388268202647e+01 3.999881273038484863e+01 5.996894388268202647e+01 7.160920642444433781e+01 5.156354143230650777e+01 4.009444109542055656e+01 5.189479582498288579e+01 5.560225939303633425e+01
1.591255364720534126e-03 1.414372687909579618e+01 3.414372687909649784e+01 4.540015115447155125e+01 5.694715653826427371e+01 5.965716255766486142e+01 6.795808528322309883e+01 7.295617528008125419e+01 7.111783830580220922e+01 5.109189658658750943e+01 3.688775892463709027e+01 2.793075643578292855e+01 4.798188610764309203e+01 5.965613910913668150e+01 5.445912570090858651e+01 7.447703176680906267e+01 7.516552367979721794e+01 8.347157940467211290e+01 8.432761088677376904e+01 9.263899068187423325e+01 8.816523526586192361e+01 8.229338138915942125e+01 1.023411445313131338e+02 9.954810984348472402e+01 7.956713545579592051e+01 6.861535933723767755e+01 5.443837829515588567e+01 5.529651363313009682e+01 7.211389419875078488e+01 6.389591442158432955e+01 4.387221560738674242e+01 6.389591442158436507e+01 7.994329591467406715e+01 6.711449027296208669e+01 4.709303349684287099e+01 6.711449027296208669e+01 6.390664728206971290e+01
6.189296070378335485e-03 8.171155105347709835e+00 1.817115510535289502e+01 3.231329076518522925e+01 5.231330982815384090e+01 5.956631722095010417e+01 6.802484690780588039e+01 8.110472391029151140e+01 7.279342097875074558e+01 6.523685980580748378e+01 4.586755440237466530e+01 2.588251820798526026e+01 3.999493816810035440e+01 6.004785231424040859e+01 7.447703176680906267e+01 8.278175085493258223e+01 8.010916772625600402e+01 7.180609132475821355e+01 8.010916772628142724e+01 8.368376517286219496e+01 9.200270363381773109e+01 1.023411445313130059e+02 1.106627179212353127e+02 1.080728080508073674e+02 9.709332761886544461e+01 8.285408554699672834e+01 6.600667827089647233e+01 6.947638763344733093e+01 7.967806615431473460e+01 5.958475414803038461e+01 4.802450860409187783e+01 5.958475414803038461e+01 7.967806615431472039e+01 7.544540171900345626e+01 5.862603152676424401e+01 7.544540171900345626e+01 7.223692095304498650e+01
2.247884206357958405e-03 2.000224788420600319e+01 3.645548862323283856e+01 4.645553863254879445e+01 5.630448093806254661e+01 3.931283639045786060e+01 5.630469855346096608e+01 6.646606782038070094e+01 5.276236130775453148e+01 5.643811318210752859e+01 4.380630909521415361e+01 2.388389923545614835e+01 4.380692264266953373e+01 5.623158016295077033e+01 6.454265684621410060e+01 6.570201847164706521e+01 7.009340436999364954e+01 5.178031097490152490e+01 6.735663995559282569e+01 6.368720229852778658e+01 8.272866809562825097e+01 9.272985902894910737e+01 1.053653045583359642e+02 9.695287449094790588e+01 9.695280051550722078e+01 9.447714116448257471e+01 8.612880742237524601e+01 8.960893507182598228e+01 8.802512469491144032e+01 7.309378776951737677e+01 5.302738589756862808e+01 7.309378776951737677e+01 8.802512469471770373e+01 8.704905071064403899e+01 7.870994055924464305e+01 8.180912309584412867e+01 7.421497956084783709e+01
