LEM/sinusoidal_perturbations/elevation_000449.asc
nrows	100
cellsize	150.0
xllcorner	0
ncols	100
yllcorner	0
NODATA_value	-9999
[rows 0 to 16 of 100, columns 0 to 36 of 100]
8.271705653423140972e-03 2.000827170565306901e+01 2.895208490630926690e+01 4.895208384819316905e+01 5.111325486346333946e+01 4.281345722533070841e+01 4.283928716589088026e+01 4.283928716589088026e+01 5.112531588733101984e+01 5.040225809214835806e+01 4.212255335934025169e+01 4.530519171725259753e+01 3.020740538700109923e+01 3.367347441028287136e+01 3.723414991670776431e+01 4.089449870533211140e+01 4.473872078797629115e+01 6.465433379055076557e+01 7.507760161632181450e+01 7.998161897747317539e+01 8.539497857963932859e+01 9.150321533245222838e+01 9.866135137313081316e+01 1.070206471533337407e+02 1.186830074677637725e+02 1.119916918937757657e+02 1.039606639581557772e+02 1.046636837954437027e+02 1.039848758388255021e+02 1.120587152758343024e+02 1.101293635565359494e+02 1.021488334986467095e+02 1.042557722609252124e+02 1.102913222616218150e+02 1.037652672223917989e+02 1.104637478670656634e+02 1.218264803952344693e+02
7.813061968023241044e-03 8.952084971967103399e+00 2.309422059560958118e+01 4.309422037174170583e+01 4.237618623065615253e+01 2.248154453706979083e+01 2.283691036923383066e+01 2.283691036923382711e+01 4.283928716589088026e+01 3.777978648560683439e+01 2.216157349926538700e+01 2.536512405092094724e+01 4.099630366682104210e+01 5.212617006373029938e+01 5.705698094902347606e+01 5.486903631838746520e+01 6.465433379055076557e+01 5.051987947388253275e+01 5.492976259661224958e+01 5.976183740758352059e+01 6.514004163693049065e+01 7.124448589271288768e+01 7.841508523305229517e+01 9.011617550092590534e+01 1.103342786943687202e+02 1.010211143681008821e+02 8.511937477222728887e+01 8.698882611370797235e+01 8.532318819925008313e+01 1.027844003114114457e+02 9.928569135862987594e+01 8.356789973366196023e+01 8.573844459281578168e+01 9.184537573410105438e+01 8.071465539232431752e+01 9.329876501575770931e+01 1.127298211178691076e+02
2.526786264046545528e-03 2.000252678626369018e+01 2.263521735870587648e+01 2.397148831997085239e+01 2.531684119312277659e+01 1.052820297853097031e+01 8.708539254675210728e+00 2.869547089312622390e+01 3.362416891142117237e+01 1.779541798003236508e+01 3.777978648560683439e+01 4.530519171725259753e+01 5.163762610556550214e+01 5.748450629345142460e+01 6.648996257210531269e+01 7.493329154361808264e+01 7.877760138944934454e+01 7.057240785154252194e+01 7.507760161632181450e+01 7.998161897747317539e+01 8.539497857963932859e+01 9.150321533245222838e+01 9.866135137313081316e+01 1.070206471533337407e+02 1.064457174642952850e+02 8.754747289210881434e+01 7.434338272340035303e+01 7.541305312368484692e+01 7.541218009055373273e+01 9.727433561589850797e+01 9.136625158476577724e+01 7.299808229452153796e+01 7.296017086461952772e+01 7.004227144264206117e+01 8.870931113065201146e+01 9.455726256549210973e+01 1.081603376493382598e+02
4.163169627051843593e-04 1.316319706882244533e+00 2.635080653673821161e+00 3.971386863235945697e+00 5.316732451228576295e+00 6.677351184167401144e+00 2.667890756518289308e+01 1.077722434584647004e+01 1.362649551232321699e+01 3.362416891142117237e+01 4.606110901059349061e+01 4.048498462981675772e+01 4.259900776027982516e+01 3.712224926247525758e+01 5.800752890022458530e+01 6.459539012608432529e+01 6.596533416937180050e+01 7.456878789000369068e+01 7.668549560566295042e+01 7.786597930493219621e+01 7.927446133563009312e+01 8.659627878855509664e+01 9.410575939780845545e+01 1.028145291667778309e+02 1.121028935016928330e+02 9.308264057478048414e+01 8.424886970737094316e+01 6.539363800243077662e+01 7.822284143294389480e+01 8.606735684855804891e+01 7.971858041719579546e+01 7.486802349459023276e+01 6.229547807959717431e+01 8.118808788247091002e+01 8.247222429360438412e+01 9.425923447401922317e+01 1.066263722628099373e+02
5.883922493566802643e-03 2.000285592450250505e+01 1.263508069513054721e+01 2.397147803343289496e+01 2.531683590513985038e+01 1.138325380895743777e+01 3.097595157786989972e+01 3.077470871127884067e+01 1.321308515002826667e+01 3.322145877636471312e+01 3.752830333121059425e+01 2.046042207439215588e+01 2.257126945950167496e+01 4.259890975292051252e+01 4.797765197233430712e+01 4.520792965611170899e+01 4.600576078457497431e+01 5.787345444310253129e+01 5.592217248842437982e+01 5.943401207283676513e+01 6.122573452907990799e+01 7.254594630975421410e+01 7.406788422444067521e+01 9.282965365822305159e+01 1.045825054646197430e+02 9.741436939335054035e+01 7.869238957416230562e+01 6.786164020933796337e+01 5.931624375773095181e+01 7.322195544423335889e+01 7.168547773533813938e+01 5.733141350271716163e+01 7.448886340342838253e+01 7.247700236522675254e+01 8.816863246113881303e+01 9.989941644112049346e+01 9.247775296082319585e+01
1.256007409845548732e-03 2.000125600740949139e+01 3.263462855913794414e+01 3.263515858056681651e+01 3.585379458306275069e+01 1.633850689412603430e+01 3.585381266195202699e+01 4.148970339631788562e+01 3.319902056072427854e+01 1.569137088943047331e+01 1.750942426590342649e+01 3.752811748036788231e+01 4.259897485716567189e+01 2.570099954997338543e+01 2.795662322208991668e+01 3.112712268593271858e+01 3.442293230193067899e+01 3.791115251874992254e+01 4.156772203102723751e+01 4.549364470068780975e+01 5.066120601777421228e+01 5.606917373093966006e+01 6.338587993079104166e+01 7.405174531752807354e+01 9.579450112945239937e+01 1.053837555706230518e+02 9.448705103242267000e+01 8.606735684855806312e+01 7.322195544423335889e+01 5.430092154262931814e+01 5.274356088963952516e+01 7.168547773533813938e+01 8.308370266321459496e+01 8.582896242945817278e+01 9.536591198537556124e+01 8.808953661672070723e+01 7.208626186206895170e+01
9.594114293757748102e-03 1.415172973803531420e+01 3.415172977186793446e+01 5.263489592087110935e+01 3.586676521786223049e+01 3.586678184407386993e+01 2.498718709658355408e+01 4.466844472410893729e+01 4.277907031641056079e+01 2.276894889275891742e+01 3.752830333121059425e+01 2.317313043153993490e+01 4.318989839068287750e+01 3.986640610888247238e+01 4.797765227247057851e+01 3.268228723059596774e+01 5.271341529773358303e+01 5.787345444310253129e+01 6.103060861456351205e+01 6.549035352419006983e+01 5.952269569374038127e+01 7.706361495532752315e+01 8.492312322349017961e+01 9.378825169722558996e+01 1.045825054646197430e+02 9.919635208588562136e+01 9.128082906843489752e+01 8.920913778895449298e+01 8.105306978315867639e+01 6.863587853093331148e+01 4.967055791710690471e+01 6.308284277019722452e+01 8.204209277684537938e+01 9.872996717039107750e+01 9.378582611001185398e+01 7.438360846953642636e+01 6.048383414295660288e+01
7.711341127313004785e-03 2.000771134112695648e+01 3.535556878228431543e+01 4.429984069247915812e+01 5.580698090643436871e+01 5.172521128470995677e+01 3.176666483982139511e+01 5.172521128470995677e+01 5.107318023095672999e+01 3.172461781546191162e+01 4.736262210876269307e+01 2.735095093479456452e+01 4.736262210876262913e+01 5.987108624236219612e+01 6.095147953226956616e+01 4.678915499893003727e+01 3.777212340362384424e+01 4.249244412470352472e+01 4.749639949084768631e+01 6.755733233494540002e+01 7.928004793734400835e+01 7.928004793734400835e+01 9.927378700949626023e+01 1.052083210785030474e+02 9.574029697503348757e+01 8.785218084703348040e+01 7.234199585082706108e+01 7.027027078079915157e+01 7.119872274449134864e+01 6.644906133505776324e+01 4.752613713884978353e+01 6.644906133505776324e+01 7.130466822572601870e+01 9.193733696223279139e+01 9.102332481032300393e+01 7.999667325678274210e+01 6.939045802773163985e+01
2.297228869525369630e-04 7.071297534752457814e+00 1.601556944475177247e+01 3.015770506848297572e+01 5.015770506848367916e+01 6.009940140541377929e+01 4.315254334803838532e+01 6.009940140541377929e+01 5.173053522920888270e+01 4.587183637530332447e+01 5.183574045576531830e+01 3.183135551205266012e+01 4.597936286295637132e+01 6.597423763950176578e+01 7.419242226589904021e+01 6.353565465195467965e+01 4.355270362362637826e+01 6.262299802367931534e+01 6.755733233494542844e+01 5.534512582332494190e+01 7.543866800886057433e+01 9.383893949434430226e+01 1.039112064068757633e+02 9.727565680756816846e+01 7.842870488649867866e+01 6.893369403531447404e+01 6.254612958394108091e+01 5.677430414367609757e+01 5.218065094369649870e+01 6.430949348533005150e+01 4.544151746033791994e+01 5.397993703684905853e+01 7.349585200698594178e+01 8.260233191134496167e+01 8.310288113679614241e+01 6.401365493268191642e+01 5.294635084081937748e+01
9.647730019007896146e-03 2.000964773001865282e+01 3.535556878229289168e+01 4.429984069198818020e+01 4.827334615468127055e+01 5.655752279150800632e+01 6.343569346441166346e+01 7.179100401367753648e+01 7.173839570423147904e+01 6.587468546016739879e+01 5.890542005019282357e+01 3.890934617430254860e+01 4.183818958935157184e+01 5.597703963807470728e+01 7.597147547218189345e+01 7.009928295372965579e+01 4.988174467450789251e+01 7.009928276883979947e+01 8.377215835245758058e+01 6.953645700222396897e+01 6.536582030371646113e+01 7.542253346378839751e+01 9.560049796422099178e+01 1.052083210785030474e+02 9.574029697503348757e+01 8.785218084703348040e+01 8.154601857646044039e+01 6.564119241400494786e+01 6.559059932728435172e+01 4.667860765353906771e+01 4.345483998029597217e+01 6.226022915548644221e+01 7.706297433676971309e+01 6.362469705792499752e+01 7.706297433676971309e+01 7.999667325678274210e+01 6.207570283768390595e+01
3.582433992925927561e-03 2.000358243399256963e+01 2.777313596522130368e+01 3.194342377149541790e+01 2.827335746565182362e+01 4.283564854848281556e+01 4.916020187976121747e+01 5.744439057673554316e+01 6.638862140026179759e+01 7.523099916831553458e+01 5.523632987089708024e+01 5.045537179038561959e+01 6.183328748009357412e+01 5.597703968021612297e+01 7.597151472932395677e+01 7.865426363192412396e+01 6.410084607630240328e+01 6.410084607620208885e+01 8.458079037939744182e+01 8.968786586907027925e+01 8.551151571400465912e+01 9.383893949434430226e+01 1.039112064068757633e+02 1.129594255190724255e+02 1.049616330573235246e+02 1.035858963735050509e+02 8.461578784165148193e+01 8.461578784165148193e+01 7.257301944859332821e+01 6.024148030398248466e+01 4.148584489336702319e+01 5.775590203518817134e+01 6.561840950340321399e+01 5.022978250541523693e+01 6.857757402883807174e+01 6.509243819286160715e+01 5.721510869504796659e+01
1.813270376062421294e-03 3.850815064973559743e+00 7.773137767737224202e+00 1.194342604887868475e+01 1.728865088712707987e+01 2.283565284937927231e+01 2.916020816971591856e+01 3.810448007963523764e+01 5.224661536818558716e+01 7.224657766396711622e+01 7.523099916831553458e+01 7.044840045720336263e+01 7.873673213518556224e+01 7.597151829750093555e+01 8.426175746859378535e+01 8.888630616236125093e+01 8.458079087531602624e+01 8.458079039661720344e+01 9.320765662166404297e+01 9.872231095545481594e+01 9.049090776393154556e+01 9.310491913732866465e+01 1.013155605479203132e+02 1.049616330573235246e+02 8.610093757529276104e+01 9.162510738408508359e+01 8.898222854493663192e+01 7.804818694093133047e+01 6.471809733482542981e+01 4.585211497729778074e+01 4.239122673782676998e+01 3.902339446276001667e+01 5.556927793053448994e+01 4.187809456639695327e+01 6.070690489617766161e+01 5.456854761122730224e+01 3.840774027977084160e+01
2.372884694381488524e-03 2.000237220841586705e+01 2.777307991507555940e+01 3.194342377149556711e+01 2.827335746565182362e+01 4.283564854848284398e+01 4.916020187976121747e+01 5.744439057673554316e+01 6.638862140026179759e+01 7.304686514399637076e+01 6.473686069168316237e+01 6.733906800596899700e+01 7.564964893518542510e+01 8.392984926070536744e+01 7.561714685876999908e+01 6.856836630077958716e+01 8.289245916428201610e+01 9.439225402018031730e+01 9.454158602151998991e+01 8.626195296112067012e+01 6.987584508596779642e+01 7.257602060870480898e+01 9.310491913732866465e+01 1.088067638038948246e+02 9.162510738408508359e+01 7.283075061373430970e+01 8.111430311842906349e+01 6.219940578876087756e+01 5.122545377567503522e+01 6.471809733482542981e+01 6.115278877849186756e+01 5.556927793053448994e+01 3.678904945779625990e+01 3.518360448134356488e+01 5.195213222172717593e+01 3.570073519891803215e+01 5.456854761122730224e+01
8.175220331382775790e-03 8.952447130336340209e+00 2.309458343688690363e+01 4.309483330868962980e+01 4.827334615468140555e+01 5.655752279215834477e+01 5.680398636384941113e+01 5.099251459618702143e+01 5.685976422377230222e+01 6.147308768242228183e+01 4.469701596661543874e+01 4.729652642965915277e+01 6.733906800596899700e+01 7.234901662763127206e+01 5.556272179767779562e+01 5.382653130459893731e+01 6.483990683352921280e+01 8.598733586734618939e+01 8.626195296112067012e+01 6.552059845060291821e+01 5.760921005232173542e+01 7.858879577744814071e+01 9.454158602151998991e+01 1.008392129546235054e+02 8.203838344434180385e+01 7.118939619173191602e+01 6.267456600881953932e+01 5.773516429286932805e+01 7.019378205345101662e+01 7.804818694093133047e+01 7.449672427231058691e+01 5.556927706539379130e+01 5.554279736933212064e+01 5.034470583316362990e+01 3.293099453777887220e+01 3.911393473434893053e+01 5.797278073682591071e+01
9.124702163186202558e-03 2.000912470216283268e+01 2.895246537007758647e+01 4.895266197495986660e+01 5.656842486028299533e+01 5.588685860493921354e+01 3.682871135107294691e+01 3.097470972276513379e+01 3.683778902572128544e+01 5.316685094510471998e+01 3.314281506722381465e+01 5.031978708388983534e+01 5.391630885595427713e+01 5.770158532434449938e+01 4.399894243519825210e+01 6.403871915130525849e+01 8.289245048561681983e+01 9.439223149339242980e+01 8.692747708032452181e+01 7.159560053573935079e+01 5.055580856405101997e+01 6.552059845060291821e+01 8.296514682449823397e+01 9.126682529547059630e+01 9.787861828362085248e+01 8.943874520477552892e+01 8.157910112130687708e+01 7.669797114407634808e+01 8.231956500921569386e+01 7.442683061661601585e+01 7.253484679350916053e+01 6.861466174912548865e+01 5.041080630789350181e+01 3.118821355642304738e+01 4.948192741447660126e+01 5.716906698383449026e+01 4.914891536035172237e+01
2.239863785106879172e-03 1.414437548751618223e+01 3.414437548753841156e+01 3.655960010560861662e+01 3.655958974176525800e+01 4.186292352103317427e+01 2.780906203593042036e+01 1.683001537236737022e+01 3.683778902410443123e+01 4.256708821508076568e+01 2.681784556803424380e+01 3.029945619917316790e+01 3.389172309907515057e+01 3.767178493151926233e+01 5.770158531546292835e+01 5.585303239616978743e+01 6.808442508745370958e+01 8.677397460813406838e+01 7.856828965653610908e+01 5.765275733291912985e+01 4.550763006080664752e+01 6.649270143925154741e+01 6.220082219941728852e+01 7.699823308887488338e+01 9.737055089055021995e+01 9.524077372813555087e+01 8.426814068479373532e+01 7.637189381409969258e+01 6.919390560974433413e+01 5.546320047195872149e+01 5.359757474662703203e+01 4.966419139225418178e+01 5.343778183221704126e+01 2.996655818410613747e+01 3.884948386756224892e+01 5.092927334660182481e+01 6.151315472718223987e+01
1.766589122093755728e-03 2.000176658911283312e+01 3.484195301192008998e+01 1.655583654738424926e+01 2.856858797754961188e+01 3.062148862022737816e+01 1.366773761923190555e+01 3.367320019838023626e+01 2.016334948044852737e+01 2.255380811720803180e+01 2.740456310134262452e+01 4.743225510544694856e+01 5.391630885595427713e+01 4.922897899083501727e+01 5.770158533137379919e+01 7.505860971944709092e+01 8.329462860570286864e+01 8.289420161135471687e+01 7.827837705746937047e+01 6.201866918859341382e+01 4.104265117098618987e+01 4.888095438750527677e+01 6.710426008738797066e+01 7.408402855732443015e+01 8.247873462833015878e+01 8.731167025569378382e+01 6.836342163540751926e+01 5.738072211162033653e+01 5.023907000581460380e+01 4.458879965788382549e+01 4.025678627170416490e+01 3.622884627527223245e+01 4.991534271176772819e+01 4.759614701863337416e+01 2.825660999958789432e+01 3.493203999417347205e+01 4.181495626260646503e+01
