LEM/sinusoidal_perturbations/elevation_000518.asc
nrows	100
cellsize	150.0
xllcorner	0
ncols	100
yllcorner	0
NODATA_value	-9999
[rows 17 to 33 of 100, columns 37 to 73 of 100]
6.133892989143859609e+01 8.096218002429662874e+01 7.275461635661058324e+01 5.302481890519589314e+01 4.143350720655610075e+01 4.357242092021890301e+01 6.345880100799805490e+01 7.353374621713159343e+01 7.234556464996661873e+01 6.044322044088868040e+01 5.003863456658152842e+01 3.105865273948350946e+01 2.765290505194482407e+01 4.768839184691459820e+01 4.877720901448967794e+01 3.337393422855991787e+01 5.415347973222021949e+01 5.786754740074217551e+01 4.859748065434651920e+01 6.713519517702296469e+01 5.699448572132477864e+01 7.659959626076287975e+01 8.555395113152077613e+01 7.631730612747273312e+01 5.638802576497008090e+01 6.185362022148891725e+01 8.177579917993443814e+01 8.945602331647430105e+01 7.031210954631738730e+01 5.692994501622480641e+01 7.591923207114584216e+01 9.362591150057730260e+01 8.700184274344600510e+01 7.177390301810780215e+01 5.240067919203831792e+01 7.163113587885393940e+01 6.358654112030975369e+01
7.491206884652774534e+01 8.907785760946271125e+01 8.094807297390259748e+01 6.954845085752965872e+01 5.593932487272852683e+01 3.584714532431791412e+01 4.543993939606798449e+01 5.948661188013885237e+01 6.400630053941733877e+01 4.325381377723067544e+01 3.094870744357996628e+01 2.691307224003471887e+01 4.695338794951499750e+01 5.584819983204928917e+01 6.224253454684482278e+01 4.546506292123537207e+01 6.261558170979348859e+01 7.496244243493556780e+01 5.794078575599370140e+01 7.496244238444185726e+01 6.868244922844492351e+01 8.589111373306077724e+01 9.122181096756843033e+01 7.048752992377914950e+01 7.036066882497551944e+01 7.585317007238184317e+01 9.019344284867426609e+01 9.627766426655796295e+01 8.026478131440292429e+01 6.132297130886541936e+01 8.026478131440292429e+01 9.281705095062524435e+01 7.283055285340886087e+01 5.914968113602633792e+01 7.177787438733881231e+01 7.324243256084264431e+01 5.359679640755479824e+01
8.308143919319608983e+01 8.914158234258069058e+01 7.781742793774139955e+01 6.965867865959754113e+01 6.413772815914772707e+01 5.126799148358693969e+01 3.107320658450021966e+01 4.689442636801864950e+01 5.474200418101411003e+01 5.798127805847008176e+01 4.642167278006704834e+01 2.638243207183150218e+01 3.645733344904499518e+01 5.060049161612680280e+01 7.045802835752334659e+01 6.606397943082106394e+01 7.443003292432169360e+01 8.427189529445060145e+01 7.632966164352998817e+01 8.427189618551706474e+01 8.927537504341300689e+01 9.776333580909492582e+01 1.006849967775450239e+02 9.185795355849705857e+01 9.092993790333122206e+01 9.607429069629367291e+01 1.018685193885688420e+02 8.227673268089029079e+01 6.903086932231695982e+01 7.218199243998414261e+01 8.841219206875182124e+01 8.714900442439316919e+01 6.729789427060950402e+01 7.868446261391149221e+01 8.073530704664899815e+01 6.091102470410098135e+01 7.324243256084264431e+01
7.881276934120016620e+01 8.093589643193234906e+01 6.140318228222972863e+01 4.993962700971302837e+01 5.827387875030839126e+01 5.518393383061903279e+01 4.535160870126541965e+01 2.662439853358191755e+01 4.507867967800529385e+01 4.288546724967534374e+01 4.519245525429333554e+01 2.584588593892815567e+01 4.592169085826127883e+01 6.457261568966846710e+01 7.542999946173998183e+01 7.546877548468938812e+01 8.316605642657735586e+01 8.573958373178035686e+01 7.750688571816807837e+01 8.573958376796342407e+01 9.066611822594101966e+01 8.235154494830740646e+01 9.066611822594101966e+01 9.075665822262423887e+01 9.664347238035497867e+01 9.631656525534209834e+01 1.046614085654699409e+02 9.480442867766154791e+01 7.560112104070215366e+01 9.130607625028525831e+01 9.960937349730346568e+01 9.384785805364417399e+01 7.375129716589098905e+01 9.384785805364417399e+01 8.648990589684413521e+01 6.655539090386858447e+01 8.648990589684413521e+01
7.543235533096741108e+01 8.161799931660198126e+01 7.035265536823558818e+01 5.827387869900993422e+01 3.725681142715901473e+01 4.615244827952690798e+01 2.370574652615380629e+01 2.366160966386189912e+01 3.297019534598921808e+01 2.469327891362886973e+01 2.513518318028568643e+01 3.234005445495965603e+01 5.153413349372350183e+01 6.422256893183651982e+01 5.687710274595086446e+01 5.688153381871828174e+01 7.546877548723763596e+01 7.563668008576456714e+01 5.716425700110214336e+01 7.563668008628610551e+01 8.071570204775518675e+01 6.252209120396132391e+01 8.071570204775518675e+01 7.082529045970939308e+01 7.666305291914417808e+01 7.630810150328771613e+01 9.308621942833711671e+01 1.031698453418431285e+02 9.480442867766154791e+01 8.895234432107844214e+01 1.089326100994761788e+02 1.022166453822620866e+02 8.370464752820646481e+01 1.022166453822620866e+02 9.315575020028980191e+01 7.315821753346341438e+01 9.315575020028980191e+01
5.316337288794935034e+01 5.968580634835740995e+01 6.210028370817649801e+01 4.199515853219530470e+01 4.537103986644675757e+01 2.480074451197677732e+01 2.315691203272517740e+01 4.337724056238788961e+01 2.417589214431259137e+01 3.217869260081891980e+01 2.526321139541027705e+01 2.580456856731697357e+01 4.591096350755977085e+01 4.606590489568672808e+01 4.331842505857668613e+01 6.232561085412817192e+01 7.671350557483573596e+01 6.733557135963016549e+01 4.667314886246044381e+01 6.733557135963022233e+01 7.243681779363649298e+01 5.268751303213939252e+01 6.414684394849814453e+01 5.687318891020763800e+01 7.220754260677185243e+01 6.491010635369661941e+01 8.389406917075180559e+01 9.221857621433272811e+01 1.037962215589036958e+02 1.089326100994761788e+02 1.173873463626079285e+02 1.123411931990777930e+02 1.039910685790819969e+02 1.123411931990777930e+02 1.014551522055045325e+02 8.314118804538932750e+01 1.014551522055045325e+02
3.702048026815309356e+01 5.968579530757564555e+01 5.992242421230887572e+01 3.978832297916552818e+01 2.675043899604603936e+01 2.264425267523006369e+01 4.284171639792715780e+01 4.137145897527276617e+01 5.268388857180121931e+01 5.285398763099600217e+01 4.664549525029534038e+01 4.517797179626169424e+01 2.660708339825099955e+01 4.571448900958983330e+01 3.650829253062725854e+01 4.965955405203424533e+01 6.040795426634433340e+01 5.845360061416226216e+01 3.966994262731439846e+01 6.033468540385376855e+01 6.545438418617186471e+01 4.565249299607490485e+01 4.432938035531162058e+01 4.834681782360486579e+01 5.249335572123036542e+01 5.815455598269706883e+01 6.404924617204105175e+01 7.543689804179548730e+01 9.544677977705856620e+01 1.127702725294497412e+02 1.044118287619333074e+02 1.127702725294497412e+02 1.188265423449293223e+02 1.104592473399710570e+02 1.114713886218301013e+02 1.031703129803545522e+02 1.114714363508751376e+02
4.065802145216562735e+01 4.902205626578817288e+01 5.480746092815969917e+01 5.327359904316163863e+01 4.244387017965685516e+01 2.228247876853623666e+01 3.101293698215092220e+01 5.000592435086348075e+01 6.833670366255581996e+01 7.079514627299104745e+01 5.418384792931590255e+01 3.422313604086421890e+01 4.641113328667853466e+01 2.736569475187409139e+01 4.652130005226388221e+01 4.866358897189976318e+01 2.944190605543555606e+01 4.572166789727580749e+01 3.450716832344627250e+01 5.413999915714299505e+01 5.509732384303167407e+01 3.934048118736576072e+01 5.082582920395011428e+01 6.809685047972148197e+01 7.220754260677185243e+01 6.855614699788746691e+01 8.389406917075180559e+01 7.802578851377850810e+01 9.806135192062863837e+01 1.026944439394639517e+02 8.427152564124071432e+01 1.026944439394639517e+02 1.071493338317802397e+02 9.022333986763024427e+01 1.071491101030467945e+02 1.022691589307518285e+02 1.106403654593195682e+02
1.982691819620222873e+01 3.972955823625928673e+01 3.592307181642180325e+01 4.061466983629941296e+01 4.160802529432626073e+01 2.192130770388286365e+01 3.623650492450951077e+01 4.635718900652240393e+01 6.602805799200172032e+01 6.262652799929971081e+01 4.279640797720274747e+01 5.418384792931590255e+01 5.451627631919742356e+01 3.267647490073125027e+01 2.812181718962582266e+01 2.866395707535764004e+01 3.584197824470025040e+01 3.022264266781001396e+01 3.077422337468681590e+01 4.884149979225726668e+01 3.535059377380941470e+01 5.509732384303167407e+01 6.743517743027490496e+01 7.062153310303217779e+01 9.054403045826809660e+01 8.845438991534633999e+01 9.678124860212470537e+01 9.806135192062863837e+01 1.064113639148868771e+02 9.434167720158697534e+01 7.433335450573478909e+01 9.434167720158697534e+01 9.877604071351865400e+01 7.840436441409795520e+01 8.788692200397926513e+01 8.192960667566310917e+01 1.022691598788442491e+02
3.653939154730894501e+01 2.033150256949564749e+01 2.069232314694350805e+01 2.105215037344319029e+01 2.141195671770421782e+01 2.689618649317440457e+01 4.648161619170009828e+01 6.440395421675670207e+01 7.429734995873664616e+01 6.957934559297366661e+01 4.987372102098981941e+01 6.957934559297366661e+01 6.740379256637440619e+01 4.927196802630510319e+01 4.798578301559833648e+01 3.016147314745095898e+01 4.954881084630326171e+01 4.987882839486128717e+01 5.043378544601885949e+01 3.155226106173610390e+01 5.118580243046896783e+01 6.217047495952311209e+01 6.720903188657115379e+01 7.568807800062693047e+01 8.776063443293971034e+01 7.945459160816096755e+01 7.945459160816096755e+01 9.947561524280889955e+01 1.018771801287688845e+02 8.178755246822611014e+01 6.776674460729080351e+01 8.767223630296962256e+01 8.854608320964719326e+01 8.000920917255298548e+01 6.631291699295339015e+01 8.788692201539660687e+01 9.978801020047819748e+01
4.331087261262391053e+01 2.623561507841045781e+01 2.753670097318849130e+01 4.104058790757891018e+01 2.137812815060837934e+01 2.590661767772896340e+01 4.614281705338321160e+01 5.113057529206756158e+01 7.115863625592741926e+01 7.767747449207185184e+01 6.128148742304038166e+01 7.767747449207185184e+01 7.436722658987974910e+01 5.463751412472588243e+01 4.209642410039190707e+01 5.364252457743396008e+01 6.124088526171266977e+01 6.042163683695268617e+01 4.269620249145459212e+01 3.210792611492914972e+01 5.172765581332146922e+01 4.983518253813179655e+01 4.732580696374186147e+01 6.733950027427606244e+01 7.886723614653938341e+01 5.963723970887616588e+01 7.886723614653938341e+01 9.036361649319046307e+01 9.630343713762746916e+01 7.628804443215135223e+01 6.234967792508505369e+01 7.514979871089238372e+01 7.437362805623702400e+01 5.735569577345756187e+01 8.000920921092701121e+01 9.628478982379380113e+01 7.968994047658567581e+01
3.729823912496737393e+01 4.707343726865197198e+01 4.131630980578362511e+01 5.045152713506683284e+01 3.158963111533747181e+01 4.614281705338324713e+01 3.094260647971820077e+01 5.113057529206781737e+01 6.335646860624603249e+01 7.176657070366239566e+01 8.072777559972163886e+01 8.789394601984811572e+01 8.247068377590940713e+01 6.304266642562259904e+01 5.463760310949372467e+01 7.114924286934218856e+01 6.833193990956142727e+01 5.580447046940912514e+01 3.607652202124875629e+01 4.397484148445295205e+01 3.289235700872789181e+01 3.343758933668252098e+01 5.289042678346121562e+01 6.203957926128241240e+01 6.215200862202128462e+01 5.079846246934422993e+01 6.220335075493458987e+01 8.205111367903533903e+01 8.957232403321621916e+01 8.922692718234294773e+01 6.931886117861822072e+01 5.550480712108327452e+01 5.474440881805910664e+01 5.786268075355858542e+01 7.757068918453029482e+01 8.588061925855622292e+01 7.372069312068951774e+01
4.887427558897125834e+01 5.169093537857710174e+01 6.528654746232227524e+01 5.979190430855905447e+01 4.061541237868272702e+01 5.694369628403001116e+01 3.681187258271951634e+01 3.791869315744260405e+01 4.318335736389556700e+01 5.742935248049369079e+01 7.766579274279779099e+01 9.213288101854321610e+01 9.156643040886892493e+01 8.254058926696788490e+01 7.438404973903735140e+01 7.294644606759206340e+01 6.007954911300355150e+01 4.025869609785763714e+01 5.580447046940912514e+01 5.938724519789879963e+01 5.250893177962609570e+01 5.306220204943284102e+01 3.418931474422571171e+01 5.384851965034199850e+01 4.227989336515508967e+01 6.215196885799456794e+01 7.794141792272449720e+01 6.967542264123208895e+01 6.967537741952583019e+01 7.595618748853485158e+01 6.770176458886523108e+01 5.117923558115823823e+01 7.075972295844128723e+01 7.757068918453029482e+01 6.248875681927946601e+01 6.599200325404828504e+01 7.144710434075409466e+01
6.741662778535338418e+01 6.983338364174481683e+01 7.737412177541185088e+01 6.867130728032265097e+01 5.210455221625210243e+01 6.327619092913384691e+01 4.325769623295995814e+01 5.810411214507402633e+01 6.335646860624603249e+01 5.269518803059709455e+01 6.278805981829243166e+01 8.359831108004674149e+01 9.683198348379295339e+01 8.612249813469153992e+01 7.807333191594322841e+01 6.468136985728135357e+01 4.489038697551969648e+01 6.007954911300355150e+01 6.007954911300355150e+01 7.780159393021729386e+01 5.795816222801442308e+01 4.392698307412898373e+01 5.384857435405543669e+01 3.492435200994486166e+01 5.464100149378045046e+01 6.341028779779675517e+01 6.673116731599688478e+01 4.987548497385206758e+01 6.281459872758164664e+01 6.480733484916183329e+01 4.807078695890839981e+01 6.770176458894576399e+01 7.903201172736217472e+01 9.063874632422795230e+01 7.644027285658881965e+01 7.740316213213635876e+01 9.142014367845833078e+01
7.122051680265130358e+01 7.327940731875970926e+01 8.152417399947128729e+01 8.007703314689101148e+01 7.183201607934979904e+01 7.157970736923880395e+01 5.484255148087363096e+01 5.743427422624598222e+01 7.753897206599022240e+01 6.452191436627168741e+01 8.178004950360173098e+01 9.236562446961669082e+01 8.889115087392744385e+01 6.972580942134298709e+01 5.843056206164263244e+01 5.040872974452283017e+01 5.190670911966767420e+01 7.166806381118274771e+01 7.994786936827289026e+01 7.780159404657241851e+01 5.795816222806808327e+01 6.377016884552772069e+01 6.267183698898670485e+01 5.394978724163166106e+01 3.564961538193141166e+01 5.328272898057408469e+01 5.603241855360569446e+01 4.028543227668301796e+01 4.267632309568246285e+01 4.498090703853746675e+01 6.480733484916183329e+01 5.936113203800148597e+01 7.066944556494924257e+01 9.060518515731241962e+01 9.647571632276054743e+01 9.746104105251538385e+01 1.058290727644887426e+02
6.294841810356677314e+01 5.290238403905686226e+01 6.151767372640123455e+01 8.181209662217126777e+01 9.135455223245573109e+01 8.302332300393270259e+01 7.475899738002431150e+01 7.752560671287450589e+01 8.608968509636609667e+01 8.681440470110192109e+01 9.627525952222843841e+01 1.020239286763221429e+02 8.118491553817149509e+01 6.682644218547252990e+01 5.696228668098294179e+01 7.016036503950614645e+01 7.166806381118274771e+01 6.435595850117809391e+01 8.425043644139475418e+01 8.609840836125550823e+01 7.780159404657241851e+01 7.257143989639800452e+01 5.275351684681275799e+01 3.859567801319607128e+01 5.544246537996212965e+01 3.639583334087988931e+01 3.745621730684032968e+01 5.829215659769495517e+01 6.281465586464935313e+01 5.647806120124870688e+01 7.303994078295883696e+01 7.909528053716722695e+01 8.740508222469223654e+01 9.895096362436414950e+01 1.048420467012982868e+02 9.646961122283266832e+01 9.758693870370132117e+01
5.367021843731334485e+01 4.111333168941450822e+01 6.151093175948017233e+01 6.269808768125631815e+01 7.701729217429476648e+01 9.317064872454226077e+01 8.747713107262948995e+01 8.838436652036989472e+01 8.019047099164855297e+01 8.614493796450200591e+01 9.587692126616623511e+01 1.056980662797228376e+02 9.595829652202421300e+01 8.515538404245695858e+01 6.575317853754272335e+01 6.748578014140998960e+01 8.748496732890063754e+01 7.837526996892815134e+01 9.258337706411211343e+01 8.629332307197115881e+01 7.799842539117194917e+01 7.230507988702748889e+01 6.080381168301284589e+01 4.083928416252418003e+01 6.080376233378844830e+01 5.627430435097244299e+01 3.718144328479081651e+01 5.715864546544136715e+01 6.628290163707089278e+01 7.620055867499978319e+01 8.453212404954621206e+01 8.472043080236001344e+01 9.303535798034391746e+01 9.676612986969524854e+01 9.316704174349398215e+01 7.624424181099347209e+01 7.735713706988099148e+01
