LEM/sinusoidal_perturbations/elevation_000034.asc
nrows	100
cellsize	150.0
xllcorner	0
ncols	100
yllcorner	0
NODATA_value	-9999
[rows 34 to 50 of 100, columns 37 to 73 of 100]
7.315314183044503693e+01 8.676114141795397927e+01 1.056294618444122335e+02 9.917668841367735411e+01 8.027051720990263561e+01 9.918065066034397148e+01 1.173188287734535464e+02 9.719564194130205692e+01 8.337668199572645733e+01 8.230335451776846867e+01 9.895904685487316499e+01 1.012203439080061997e+02 8.430340865730138944e+01 1.008965610865684823e+02 9.381920133056748057e+01 8.652574042295555046e+01 7.669549895557709362e+01 5.361226214086430986e+01 6.053806899763563365e+01 7.133162404760356878e+01 9.230743458903526744e+01 9.614885663905120339e+01 8.038874941694467680e+01 7.607255239731867391e+01 9.570291797474058626e+01 1.116563963840247879e+02 1.149048145714744891e+02 1.132653110861943162e+02 9.394657618884122030e+01 9.394100017599619434e+01 9.389457197981805336e+01 7.466359419077444670e+01 8.925305081910862270e+01 9.022707483579384302e+01 7.715950635169195948e+01 9.232065132545488950e+01 9.743196938270099849e+01
8.374849483691367880e+01 1.001691402217661846e+02 9.423760402434830041e+01 8.552827602118613015e+01 7.057624494494110934e+01 9.042107120283000654e+01 1.026380319881741627e+02 1.115590083247298736e+02 1.030903621466852655e+02 1.019870629296265605e+02 1.104497436262327170e+02 1.128986618694692083e+02 1.042843942785898150e+02 9.990751095310470475e+01 9.162245701049918978e+01 8.438596291286648921e+01 7.415017541612265006e+01 5.407675179481236682e+01 7.366662152224995452e+01 8.306036835910208538e+01 8.817243923020009788e+01 8.325955724143047121e+01 6.874227110016886400e+01 8.898515204762135511e+01 1.035622370785590078e+02 1.095387254287268775e+02 9.607240738721608864e+01 1.036303417124514112e+02 9.561921821353377027e+01 8.035383176910380598e+01 9.425143281506218784e+01 8.491018763589219986e+01 6.983813481490918207e+01 7.090386714833027781e+01 7.195976955919257989e+01 7.302958795110073709e+01 8.811148314595139652e+01
8.314230905710978448e+01 9.560680832425620679e+01 8.249402361192655064e+01 6.586928382694725315e+01 6.383446438820593727e+01 7.410423974700944427e+01 8.852770795070151166e+01 1.003733756148477738e+02 9.427502195762521353e+01 9.156826505636389868e+01 1.002743805410788269e+02 1.123532039974975447e+02 1.029771380427620358e+02 8.336061013593358382e+01 7.188835551712796246e+01 6.410584445680716215e+01 5.763453121608727514e+01 5.454423637754927512e+01 7.462962057336653743e+01 8.077695639961449103e+01 8.019475323928028843e+01 6.269344603711191866e+01 8.325955724143047121e+01 8.898515204762135511e+01 1.081307657698418438e+02 1.015882917454191698e+02 8.282403644077399463e+01 8.972073467349629539e+01 7.633561147572957850e+01 7.295349720434329299e+01 8.636497295087677628e+01 6.837771968423277258e+01 8.208846566736124828e+01 9.021554120368926988e+01 9.126191092171313812e+01 8.921502364769800408e+01 7.454183507988808799e+01
1.011228646076473865e+02 8.748251829870636698e+01 6.613167029375526340e+01 5.493746209569880534e+01 6.767447648091308565e+01 6.059264658318797103e+01 7.996589496061001512e+01 7.974386900763447272e+01 7.373439724291490904e+01 7.110011651502971119e+01 8.277100477772656006e+01 1.035857047793002863e+02 1.114926371313708273e+02 9.990942945504275485e+01 9.161313236411706384e+01 8.089336664455348114e+01 6.099612213889250967e+01 7.102290816454527089e+01 5.521566852981201379e+01 7.152792711046022589e+01 7.192406698432417045e+01 5.953776390349237602e+01 8.086637533640171682e+01 9.138318442339314629e+01 9.861197237058202347e+01 1.009836345166369398e+02 8.972073272393427601e+01 7.056820033344151000e+01 6.480026726609145271e+01 6.584556047036146254e+01 6.689518983153266163e+01 8.641310985380502530e+01 9.530058802115993899e+01 1.065035065792287838e+02 1.033367434677607548e+02 8.364383226774121738e+01 9.590765001164383818e+01
9.508613023575337309e+01 8.763050842474059721e+01 8.242232801927104902e+01 6.767447496598074963e+01 4.873265822268806602e+01 6.201758015793693346e+01 8.135159560539963763e+01 7.974995209799170937e+01 5.969216501279174025e+01 7.975093868476258763e+01 9.041295878226200955e+01 1.023493101223474611e+02 1.183680267046984795e+02 1.014267030558841611e+02 8.232766830712762385e+01 6.855014841946515958e+01 8.089336659256227335e+01 8.157215140169374479e+01 6.489272017315907704e+01 5.589165911097673956e+01 5.637219819665933329e+01 5.685499258382392895e+01 7.699010252327659032e+01 7.353316938073396614e+01 8.787086184431292679e+01 8.169396546789162983e+01 8.178672988580431991e+01 6.332623251600988823e+01 8.312951986497775181e+01 8.544562891985667363e+01 7.823985335904768590e+01 7.624034980513674498e+01 9.013038598111656086e+01 1.101700247188581159e+02 1.114107673501679301e+02 9.214310626182995634e+01 1.033191752186696277e+02
8.573507942994083919e+01 7.141724074276710610e+01 7.917681624979294952e+01 5.885043056107593173e+01 4.525344907975039632e+01 5.845564280606786411e+01 7.757700866069183121e+01 7.418806757124804108e+01 5.435138939564937743e+01 6.167292315925675439e+01 7.311867823317328430e+01 9.363405402825554802e+01 1.105880541644984305e+02 9.182711465479701474e+01 8.086959943737485901e+01 7.629882766267076022e+01 9.496302658522668594e+01 9.218332530221846355e+01 7.139829729438238815e+01 7.726704161898659606e+01 7.675393541783773799e+01 6.213654592663836240e+01 5.755297777568672757e+01 7.603056094224027106e+01 7.132871546914861938e+01 8.153437421304448662e+01 6.188331507335142589e+01 8.178673069174217858e+01 7.748328426817110426e+01 9.682433192562663749e+01 9.153337836126259219e+01 8.993717643747112334e+01 8.994516777130994001e+01 1.092762045394337207e+02 1.119265543440403547e+02 1.061725505577832536e+02 1.193164511191790069e+02
7.802688034363289660e+01 6.074943060552257634e+01 7.802688032381119854e+01 6.076639039654723717e+01 4.212242147468668207e+01 5.519570507951597449e+01 7.421706281557300144e+01 6.906657167510049078e+01 4.943883508962849049e+01 6.906667143547419130e+01 8.244028550906358532e+01 9.109294879132373524e+01 9.280344795902929889e+01 1.015422574915356790e+02 9.976106498270952727e+01 8.598973942365755363e+01 1.025768862269356703e+02 1.015199794035307974e+02 9.279724946811919040e+01 8.925820255312510199e+01 7.002685448611710228e+01 7.719318260241686858e+01 6.639246065123701612e+01 5.825916338950257511e+01 5.876417959610876807e+01 7.671304003204464550e+01 6.088245594272429173e+01 8.195379991285923893e+01 9.683278332946697731e+01 1.048711571613211362e+02 1.098425906284034426e+02 1.092243126338699710e+02 1.092762045394337207e+02 1.174246336668019950e+02 1.316698090686130342e+02 1.258179483227682738e+02 1.263509471259463339e+02
6.679484417650232331e+01 5.174068121935158615e+01 7.122859311061402821e+01 5.767881779686739918e+01 3.931442954493900288e+01 5.767881777399058052e+01 6.784654971374314414e+01 5.948121783894860926e+01 4.555445736801398482e+01 6.497421290171320152e+01 6.225412006319084668e+01 7.931954623873112098e+01 7.048126915845371343e+01 8.864715027632496458e+01 1.056170667768788576e+02 9.925665366600621553e+01 1.110467412872690289e+02 1.110735230865745393e+02 9.221655663017892834e+01 7.877455451775310280e+01 8.925820255312510199e+01 8.584561116122586100e+01 8.622367443079288307e+01 6.444701494453560997e+01 7.889520373522576335e+01 5.948679106225271340e+01 7.892257760884125162e+01 9.030062341844222829e+01 1.085766608902595181e+02 1.063817726699935662e+02 1.145148460074870940e+02 1.133798641648428855e+02 1.133798641648428855e+02 1.215571586631919132e+02 1.275710984492163078e+02 1.193749521691591582e+02 1.165977559051872561e+02
4.640387916688076331e+01 4.471008906543972472e+01 6.179941064010230889e+01 5.468751993162869240e+01 3.678708475789518673e+01 5.475553728872112202e+01 5.948175918895520908e+01 4.051986169447588537e+01 5.450237511200963780e+01 5.831263933823444745e+01 5.106400284342678475e+01 6.829040940715385943e+01 5.832971072022591841e+01 7.171696574775165800e+01 9.636609246268892548e+01 1.153089426618108320e+02 1.119490738487266981e+02 1.131635668390660499e+02 9.427313416754357434e+01 8.978279188815996292e+01 1.056499572935605329e+02 1.057088333061004874e+02 9.052647200400075178e+01 7.101165558628905217e+01 7.116242643919022726e+01 6.009275282636043869e+01 8.012734259874943632e+01 8.101703433797138132e+01 9.254524418587118362e+01 8.681422309922589875e+01 1.063817726699935662e+02 9.393888872233209497e+01 9.393888872233209497e+01 1.133798641648428855e+02 1.193749521691591582e+02 9.993066308766898942e+01 1.056257635042858993e+02
5.529204080655074449e+01 3.751523616167815334e+01 5.206102533465782756e+01 4.700692742007210256e+01 3.440624797996844819e+01 4.867161567988092230e+01 4.910138146205779464e+01 5.105156555937060148e+01 3.631278845637002206e+01 3.942658671274578097e+01 4.364244786450765190e+01 4.844169957874380117e+01 5.938202290665010707e+01 7.234416591655069340e+01 9.145696277982148104e+01 1.022629468408480449e+02 8.840877860635444563e+01 1.045216357328989432e+02 1.131635130421748983e+02 1.086088837057762220e+02 1.165966821561551541e+02 1.009399012883349513e+02 8.145815793668631954e+01 9.042426948708664725e+01 8.524144344415643104e+01 7.437846802238257737e+01 6.095959621263744310e+01 8.097816842925639946e+01 7.277528354021495716e+01 9.204382177162732148e+01 9.094694963993030967e+01 8.021037795232824408e+01 9.393888872233209497e+01 1.133798641648428855e+02 1.171792064008592860e+02 9.770467199199308084e+01 8.622313044197458964e+01
3.729735958410869046e+01 2.946458657952569382e+01 4.977138403550884505e+01 5.070736916468157318e+01 4.690151146894379508e+01 3.086360972207602060e+01 3.175009681289039420e+01 3.319217936550698056e+01 5.105161030670998201e+01 5.831263933823444745e+01 6.309055852752896953e+01 6.829074184637740075e+01 7.689195324796622799e+01 8.000182627366973520e+01 7.342087263405512942e+01 8.784190852689991402e+01 7.419203376325256727e+01 9.371196506375903823e+01 9.995249183991491293e+01 1.085942233489902122e+02 1.169021247782831665e+02 9.735247115483386438e+01 1.009399012883349513e+02 1.090773641973930381e+02 1.012874087066079056e+02 8.895270504257321420e+01 8.102872886483029902e+01 6.183634772352323949e+01 8.186037733976058917e+01 8.092818661126999302e+01 7.139727503470858494e+01 9.094694963995085857e+01 1.077480236927619330e+02 1.134800988612233965e+02 1.026982612621513624e+02 9.460074914618343200e+01 7.819681617303263010e+01
4.189548202086379547e+01 2.927938400147382225e+01 2.894186357540612065e+01 2.859970764620907602e+01 2.826149622009608109e+01 2.796482364569271084e+01 2.774125579852436019e+01 3.748912193055144115e+01 5.191605495192335695e+01 6.350499958071308981e+01 6.737640827704906599e+01 5.952254398220075871e+01 6.266078984230716742e+01 6.010457020569787545e+01 5.946776408402428871e+01 7.328288799992017744e+01 6.448272812734660420e+01 8.326193177058775063e+01 7.951089539826297425e+01 9.858715675223723451e+01 1.077944237468231563e+02 1.169021247782831665e+02 1.179421220088148772e+02 1.097823922427934065e+02 9.909993145724517660e+01 8.632138895054551142e+01 6.662528547026245462e+01 7.866379938623713031e+01 6.274031027533202121e+01 6.338480718611243248e+01 8.330569764768594609e+01 9.157752756453980680e+01 1.031947836218989778e+02 9.968401917190139727e+01 8.588793948257948330e+01 7.507222169775165810e+01 9.460074914618343200e+01
2.975141781892761017e+01 4.727215453915731302e+01 4.376842540297272421e+01 3.639638732186652703e+01 3.745996672695640228e+01 4.694342477421687931e+01 2.799105928847269098e+01 2.747009076041964448e+01 5.047850921719469852e+01 4.583904616629049400e+01 5.517956100442624034e+01 3.991789060583956683e+01 4.302579154340824630e+01 4.626377454456156357e+01 4.969269112947176836e+01 5.348290135883402030e+01 5.823621828324267113e+01 6.327277463807585178e+01 6.979529511412739851e+01 7.867964018658847181e+01 9.307224403449561123e+01 1.138224578537086984e+02 1.097823922427934065e+02 9.033573328016935022e+01 9.099864046890549218e+01 7.148265336099306921e+01 8.061103276776263726e+01 9.000874479941376194e+01 8.270723864053780972e+01 8.330569536487151083e+01 6.431018145550939380e+01 7.751994575077448246e+01 9.224298808031707608e+01 8.868773018745226011e+01 7.202787175446034951e+01 8.588793948257948330e+01 1.026982612621513624e+02
5.284407202500398881e+01 4.894666083112056043e+01 5.570576620302563953e+01 5.091699292737513360e+01 5.048919530388533161e+01 4.599973991785969929e+01 2.712154365747857909e+01 2.950577218148801606e+01 3.073755338760935985e+01 3.273621387000056160e+01 3.568374446622610208e+01 5.524620780415108356e+01 6.266077422874538172e+01 6.593234158100133868e+01 6.941020919664308053e+01 7.328288799992017744e+01 7.810074838253279950e+01 8.326193177058775063e+01 8.999524126469836460e+01 9.858715667223157197e+01 1.077945728362524989e+02 1.195338229878470884e+02 1.108231269565843178e+02 9.603152781889977518e+01 7.659687286466149203e+01 9.099864046890549218e+01 9.909993145724517660e+01 1.082354513073607052e+02 9.459200788595805420e+01 7.506534985816044525e+01 8.409065703995500485e+01 6.524258398276492699e+01 8.500613710824775637e+01 6.909489817019826319e+01 8.868773018745226011e+01 9.968401917190139727e+01 1.134800988612233965e+02
7.139459367742976781e+01 6.663346962806518547e+01 5.795522736092796379e+01 5.066499697892994902e+01 4.577508981068286431e+01 2.666150893145062284e+01 2.965703487691979490e+01 4.829588986564856867e+01 4.481139355910470812e+01 5.233113598346758977e+01 3.603555493787281705e+01 5.557902316532583598e+01 6.720888429299709799e+01 6.675793633490368961e+01 7.508907112426123831e+01 8.922134435325627067e+01 9.182861607872007426e+01 1.003796336842665369e+02 1.023159953827890973e+02 1.109441722679162012e+02 1.252076762525949931e+02 1.056440505762560775e+02 9.197332102717044222e+01 8.336453084588711704e+01 8.631993962739647941e+01 9.245968805030791771e+01 1.119243922316138082e+02 1.083547431011707687e+02 8.889129674444497198e+01 9.459181431422739195e+01 9.304964434742178980e+01 8.500632752364074918e+01 6.617266387665691241e+01 6.918256185498806587e+01 9.347640416525548801e+01 1.061675759741416414e+02 1.170893769319560107e+02
5.115215336212251884e+01 5.491702923622703736e+01 4.647671614238988980e+01 2.814398294901963027e+01 2.621455255670923279e+01 3.273957431773611404e+01 4.875684786675672910e+01 5.818552264346588032e+01 6.445698382225189960e+01 6.382419341109356736e+01 5.557884928512768852e+01 3.937772786634155864e+01 5.893922314736291668e+01 4.715481871266582203e+01 6.095679479900111630e+01 7.544481992706153051e+01 7.176263057145449409e+01 8.569768782126158158e+01 8.196280868204833325e+01 1.013776475755671669e+02 1.116389443416616842e+02 1.195363143597581654e+02 1.088344241109590342e+02 8.960847450202633979e+01 1.057431160100017848e+02 1.057431160099471867e+02 1.200930653472202039e+02 1.165010274819281051e+02 1.083547431011707687e+02 1.053028722103360053e+02 9.720965992216116547e+01 9.335576470940561933e+01 8.585581411961641152e+01 6.713563341079273528e+01 7.898611073279317907e+01 9.780561515736859235e+01 1.018751125134463393e+02
2.577441500440960453e+01 4.709417356766487472e+01 4.279806272484045593e+01 4.023667749806310923e+01 2.590864725784467026e+01 4.679718563807985987e+01 4.176507985518684052e+01 6.007277267241988739e+01 7.776065780632326607e+01 7.239367392432163228e+01 5.204500510545192782e+01 5.893941927033510098e+01 4.296188410880346709e+01 6.253859262992507695e+01 5.160971092673065641e+01 5.571800836670354329e+01 6.053074310876652930e+01 6.569461989178405759e+01 7.251386871393273736e+01 8.222986194551549488e+01 1.017270843714460682e+02 1.225757137354520694e+02 1.036036320415200720e+02 1.006027676562839019e+02 1.169854954608598234e+02 1.253162754301739881e+02 1.251374848692223907e+02 1.169535628219762202e+02 1.096456036612267440e+02 9.720965992576176973e+01 7.761090447753554145e+01 7.381108532311134240e+01 7.286100009456390580e+01 6.781687685440134317e+01 6.945849722423928085e+01 9.449396332086355699e+01 8.234499079956012224e+01
