LEM/sinusoidal_perturbations/elevation_000810.asc
nrows	100
cellsize	150.0
xllcorner	0
ncols	100
yllcorner	0
NODATA_value	-9999
[rows 51 to 67 of 100, columns 37 to 73 of 100]
5.033592615078769938e+01 5.471720433032326980e+01 5.950575481545452305e+01 6.480132433467512953e+01 7.254918682646186312e+01 8.266280514083373987e+01 1.026254197012930121e+02 1.125815426516197562e+02 9.820466209219502218e+01 8.929421331662292971e+01 1.080030348604758075e+02 9.791589807759180530e+01 1.149286049794465043e+02 1.081372210291785336e+02 8.740571549645773075e+01 9.347783131131302525e+01 7.828791036941382231e+01 8.383241239661387567e+01 6.941970269473230815e+01 9.049151095507484399e+01 1.023520902031092419e+02 8.857695382873009748e+01 6.775675511675548535e+01 6.933979791083898192e+01 8.410714015940992283e+01 1.047899044192955813e+02 1.062778880399230985e+02 8.562459286093964295e+01 9.897597048854188984e+01 1.165567359412805928e+02 1.206168227935266657e+02 1.005001611719110315e+02 9.632736073407733102e+01 9.337467576263358637e+01 1.128226070167512773e+02 1.183634937223514783e+02 1.165651197074520695e+02
6.569117599079666547e+01 7.503267480568666770e+01 7.982103142253593830e+01 8.504894445854016283e+01 8.504894445854017704e+01 1.009026348969728986e+02 1.108783290382809952e+02 1.269584232110444191e+02 1.182352291276931737e+02 1.098738478852323794e+02 1.182352291276931737e+02 1.183368309181377356e+02 1.266656365704312890e+02 1.165202165483894987e+02 1.081372210291785336e+02 1.076566472700156254e+02 9.921387571761307811e+01 9.546145891456248478e+01 7.440201681832159863e+01 8.940441749227460377e+01 1.100844504641055011e+02 9.594999180305146069e+01 7.511292486119208434e+01 9.016498155744770315e+01 7.978555242462529407e+01 1.005448433760725493e+02 1.146493584705836213e+02 9.606590936248359469e+01 1.146493584705836213e+02 1.277186342252463191e+02 1.289123688671168679e+02 1.206168227935266657e+02 1.079639633435265580e+02 1.050139257098456227e+02 1.218167947718073947e+02 1.198734139808010184e+02 9.980110402302457828e+01
5.307287354600803297e+01 5.982912699867755890e+01 7.003678516470306192e+01 8.174132783206442809e+01 1.017765286604281414e+02 1.133046778214883403e+02 1.199171921249994739e+02 1.116470422094904222e+02 1.146609994882818597e+02 1.064062676770489162e+02 1.146609994882818597e+02 1.162286556415617440e+02 1.162286556415617298e+02 1.245043702702412105e+02 1.267441145430002223e+02 1.064644002368415983e+02 9.450543210220048707e+01 8.506867917015212299e+01 8.940441749227460377e+01 8.940441749227460377e+01 1.100844504641070358e+02 1.044080039759234069e+02 8.561680423489420377e+01 1.044080039759234069e+02 9.454037176143006604e+01 9.454046715508056309e+01 1.150469321851470852e+02 1.105746256338682656e+02 1.248076165182571913e+02 1.274761601595758691e+02 1.357310188728078799e+02 1.363442078488113509e+02 1.280587728166235877e+02 1.251199053547195632e+02 1.334090596675206370e+02 1.281305797377098941e+02 1.165651197074520695e+02
6.744002044812486929e+01 7.335837074409485581e+01 7.422745947045673631e+01 9.435606869613413039e+01 1.100379985391679867e+02 1.151708624252771926e+02 1.116470422094904222e+02 9.186386123308085416e+01 9.765822078763046932e+01 8.666856308388113916e+01 1.047641786865394238e+02 9.641167027837225589e+01 9.641167027837224168e+01 1.162286556415617298e+02 1.350303485715832892e+02 1.233683489984460238e+02 1.142410932687212437e+02 1.058542386589641211e+02 1.100844504640780883e+02 1.100844504641062969e+02 1.184497572438697262e+02 1.146852523752204291e+02 1.062831793712088171e+02 1.146852523752204291e+02 1.150380339310750202e+02 1.150470497769461815e+02 1.234592483767211775e+02 1.307683054316644302e+02 1.243023260818897171e+02 1.077365531080339025e+02 1.243023260818897171e+02 1.288399014065016388e+02 1.242184201494393108e+02 1.160214258153892644e+02 1.242184201494393108e+02 1.280039592446578069e+02 1.080893665977748554e+02
8.764653114056069683e+01 9.351475077976614614e+01 9.435606869613413039e+01 1.026278187160755948e+02 1.074155527503210408e+02 9.530274996895612105e+01 1.093820853012599912e+02 9.765819316901823299e+01 7.790127993312654553e+01 7.676839801674407227e+01 9.235558110450851643e+01 8.249523130044126162e+01 1.022159309085759844e+02 1.115962328347644785e+02 1.198697325633834794e+02 1.313827879497788729e+02 1.269916457506177068e+02 1.188126885088515365e+02 1.162539363041002787e+02 1.244312169309224601e+02 1.254047958526517732e+02 1.172332854780175069e+02 1.254047958526517732e+02 1.289183154237336169e+02 1.207210070075048236e+02 1.181656706290373222e+02 1.263567663657178741e+02 1.277942243221779961e+02 1.080871271612848830e+02 9.650227527107868752e+01 1.091219836814744042e+02 1.091219836814744042e+02 1.143995376741218735e+02 9.644642662155655444e+01 1.143995376741218735e+02 1.248801180808283249e+02 1.221563298113026690e+02
8.683941142671129398e+01 9.508022189851833161e+01 1.050565934282063552e+02 1.074155527503210408e+02 8.761001890098411593e+01 8.136681877974251620e+01 9.947719277193328935e+01 9.019085688212243213e+01 7.029057055889626326e+01 6.852456809595939546e+01 7.252634439130815736e+01 7.833097327867035631e+01 8.491942497722610028e+01 9.183905260101114720e+01 1.031816768727088061e+02 1.230907300404984568e+02 1.188126885088515365e+02 9.917213473695355219e+01 9.663115762328565950e+01 1.130818902437856792e+02 1.155778701244019402e+02 9.761005257000373092e+01 1.155778701244019402e+02 1.207210070075048236e+02 1.011354042556781536e+02 9.860427654355940774e+01 1.141924727568959383e+02 1.223698204610552978e+02 1.080871271612848830e+02 8.863979088000741058e+01 8.965804427860170733e+01 1.075374446564266151e+02 1.062339262184729591e+02 8.681596636016854518e+01 9.666459320316273818e+01 1.106280094107828802e+02 1.204705109818978457e+02
6.666145044935782948e+01 7.683915359618075058e+01 9.683966925724382691e+01 1.026569207585622081e+02 8.288985856304034883e+01 7.142272486831517142e+01 8.346970062589279848e+01 8.355738533907830856e+01 6.348096972700999174e+01 8.355738533936690260e+01 9.235558110450851643e+01 8.872860796795673366e+01 9.804715150878115537e+01 1.115962328347644785e+02 1.198697325633834794e+02 1.224277718060516804e+02 1.177662271011932944e+02 1.049247197504834901e+02 8.535311374724825839e+01 1.049247197504834901e+02 1.074216690240105549e+02 8.785445357520359266e+01 1.074216690240105549e+02 1.229310683242270272e+02 1.068718944880622956e+02 8.744881276705092432e+01 9.468348315371922297e+01 1.141924727568959383e+02 1.131950386173849950e+02 9.367178554635415821e+01 7.996533911211263046e+01 9.308781725588234224e+01 9.933559845090417184e+01 7.994363984535891632e+01 8.295271395781988133e+01 9.263171256279893839e+01 1.121830371144645966e+02
7.071312620296579610e+01 9.082371001959707257e+01 1.050565934286824756e+02 1.109207607212842248e+02 9.947719283420323677e+01 8.346970062589552697e+01 6.348229928374895792e+01 7.645640515717597907e+01 6.043875470209328427e+01 7.474106818294347931e+01 9.462374707560113052e+01 1.084937608729460692e+02 1.167496206194687289e+02 1.261419235716436447e+02 1.166812267512158456e+02 1.027583283267922241e+02 1.096031085267889722e+02 8.996191765424310915e+01 7.934630770919372367e+01 9.902365850890174670e+01 1.008992638744082200e+02 8.126156760186526640e+01 9.515558836469730863e+01 1.145638822101601448e+02 1.003975339143917438e+02 8.095021802731008620e+01 1.003975339143917438e+02 1.059116322332898363e+02 1.116569454534269710e+02 1.075374446564266151e+02 9.308781725588234224e+01 7.344912448736208432e+01 8.708384169049726609e+01 7.359185360254042507e+01 9.324682211246310715e+01 1.106280094107828802e+02 1.204705109818978457e+02
8.239559494661831707e+01 9.905585723800193421e+01 1.152350346133915906e+02 1.069859438694226554e+02 8.861576605935562156e+01 8.022189582596907087e+01 7.264354944700421868e+01 5.631261756029981314e+01 7.645635968257192872e+01 8.559694554891601115e+01 9.261157040811083618e+01 1.008419430215664789e+02 1.122859186129452098e+02 1.159614331311894517e+02 1.068565247823243709e+02 8.889277320985603126e+01 1.068565247820177575e+02 9.356614333400612793e+01 7.366505937060570375e+01 9.356614333400644057e+01 9.545274211727590341e+01 7.563099397079764685e+01 8.672193180307399984e+01 1.064101586938263182e+02 9.553570494262133650e+01 7.593761776676056741e+01 8.900300921733445136e+01 8.638473779966307120e+01 9.210403276375846815e+01 9.807634240201484488e+01 8.876155508375335046e+01 8.344582326522566973e+01 6.713186889499058907e+01 7.296146371464234903e+01 9.261893015109023963e+01 1.081925434669019239e+02 1.164053001258903492e+02
1.023367293153045523e+02 1.105497380152427951e+02 1.069859438694237070e+02 8.717177101610353418e+01 8.037756865823871522e+01 6.027693168195079210e+01 7.086034430048979971e+01 5.390304842654194317e+01 5.947597364876421722e+01 6.560880510646559571e+01 7.277130420898885177e+01 8.425401778504013350e+01 1.040281996046906841e+02 1.078010690875117490e+02 8.810855139252682022e+01 7.895268309933999262e+01 9.870607407477888273e+01 8.900052155172316759e+01 6.883980242349360879e+01 8.292104904321294612e+01 8.427883269015750045e+01 7.024945474556490410e+01 8.200526356663407057e+01 1.017131317590399391e+02 1.002859143537817630e+02 8.074334940047511111e+01 6.906328587750061843e+01 7.229889724360016601e+01 9.139253496213525807e+01 8.699500603324435133e+01 7.023815927474248610e+01 6.313701348443538564e+01 7.767817009263526984e+01 9.260395563209424097e+01 8.187735506033763500e+01 8.873529776671033176e+01 9.989036297671323439e+01
9.303252682092667669e+01 1.012771800733960248e+02 9.465345868821508191e+01 8.640988874699678490e+01 7.305659133836043395e+01 7.086039052295046758e+01 5.083267499526495925e+01 7.086037561163212217e+01 7.957031626203396968e+01 8.559697692179487660e+01 9.261157040811083618e+01 1.008419430212435230e+02 1.119094606440385036e+02 1.020642353160283307e+02 9.172219571969779395e+01 7.169725627151807146e+01 9.172219571969779395e+01 9.708475903403289919e+01 8.291747865111992155e+01 6.242663246824672996e+01 6.385997548748944297e+01 7.586599263632898271e+01 9.577098591686406337e+01 1.098616446073533695e+02 1.084173559102800795e+02 9.711949006236650916e+01 8.324690689842456948e+01 6.293731753971928100e+01 7.839198644606084088e+01 7.637733579890343094e+01 5.933335232218500011e+01 7.984230116873663974e+01 9.154679718982538361e+01 1.052057740005431867e+02 1.013081067380564946e+02 1.081738354499222652e+02 1.163989373320193721e+02
7.313129652399749148e+01 8.978667123075913992e+01 8.313974717688039107e+01 6.645074045019043751e+01 7.420391183612129282e+01 6.593822045315741320e+01 4.883605496752920061e+01 6.880559026563794589e+01 8.199864009011342603e+01 8.863505816551618466e+01 9.684447121606790176e+01 1.067422887086906513e+02 1.037531104880313961e+02 8.406295827708093782e+01 7.396507839772377224e+01 6.608056419324842068e+01 8.025271834085289413e+01 8.840052015177339229e+01 7.874701807957097799e+01 5.820742350143414257e+01 7.882166932475834642e+01 9.246856368525328662e+01 1.039226427146385419e+02 1.078663476955039187e+02 1.131455856559262685e+02 9.359051774233063270e+01 7.963499664392330146e+01 7.839198644715911257e+01 5.788068757081378379e+01 5.581680745743557992e+01 7.637733755814905123e+01 8.802946262931583021e+01 1.050502648989698855e+02 9.693001028555740106e+01 1.050680841787834652e+02 1.148452662048343740e+02 1.180641737379151266e+02
6.155414476677000835e+01 7.085829619578096583e+01 7.488646910503926790e+01 5.490241341814209619e+01 6.334866917470829151e+01 4.604749966465244881e+01 5.064580995974612421e+01 5.614686997299246940e+01 6.196712847595696161e+01 6.872580397961547760e+01 7.874705645472131721e+01 9.852305998094291795e+01 1.119094606440580293e+02 1.020642353160283307e+02 9.184669603443805386e+01 7.176533760426605113e+01 5.973263110038679002e+01 7.486348619487043266e+01 7.606674486793215806e+01 5.546450068302815595e+01 7.015801176459940791e+01 9.033168846244392114e+01 1.021862780527762311e+02 8.822356593634769695e+01 1.021862780527762311e+02 1.048526146792407445e+02 8.526500988431064343e+01 7.106153195179248883e+01 7.396442386687556336e+01 5.346793168100060711e+01 7.397082863482708603e+01 8.191691270104436740e+01 8.709898317406033641e+01 7.726704792873673000e+01 8.716418877448246860e+01 1.066925729091354924e+02 1.099551859157219695e+02
5.980123541943983412e+01 5.088713758208638183e+01 6.330990775497220824e+01 6.089794246735628036e+01 4.351443056532406217e+01 6.334866917470829861e+01 7.064985427311415833e+01 6.698714973857740063e+01 8.199864009011342603e+01 8.863505816551618466e+01 9.684447121606790176e+01 1.067422818601204995e+02 1.073566301183787175e+02 1.154472733415567944e+02 1.000177864437112163e+02 8.848377284861794578e+01 7.486348619487043266e+01 5.431981248570001242e+01 6.980565935722005122e+01 5.287509591959282318e+01 6.481458832186770280e+01 8.514468204310567501e+01 9.397680351223708328e+01 7.435566650931932031e+01 9.397680351223708328e+01 1.105808739240557657e+02 9.100208650153490453e+01 8.630338568160549073e+01 6.618809309265476770e+01 5.167265718249055340e+01 7.209133538610193170e+01 6.159447953755326921e+01 6.702988462060443453e+01 7.879491251746573255e+01 9.843426422137508780e+01 1.147629444475403204e+02 1.025090656335942754e+02
7.425437687560692268e+01 6.330927039484347318e+01 4.346357534403558276e+01 4.109452479825549176e+01 6.089794246735628036e+01 5.749761168637539299e+01 7.747437151726629168e+01 8.694702053038105305e+01 9.517233204029020044e+01 1.007828990573872403e+02 1.088542021468855268e+02 1.039296325191367316e+02 8.723491109757118522e+01 1.039296325191367316e+02 1.002280657806283273e+02 9.203965397151392835e+01 8.314341890378693734e+01 6.980565935306516678e+01 4.942737628921197057e+01 6.980565935722378867e+01 8.169954991459638904e+01 9.334845350987436063e+01 8.656071080508749560e+01 6.671042241061613254e+01 8.656071080508749560e+01 9.553428919256364793e+01 8.727496261548220957e+01 8.457625316790132786e+01 6.434000390791914015e+01 4.993046323287840238e+01 5.447648100698661011e+01 7.494608583780582478e+01 8.709898317406033641e+01 9.524234572944838817e+01 1.065809079571622959e+02 1.107431165146322201e+02 1.071468058989073171e+02
5.496688434856110206e+01 4.612351972888311025e+01 3.870052528507861922e+01 5.849642533281683399e+01 6.089794246735628036e+01 7.747437151726629168e+01 8.572619619531576518e+01 9.513849739887028534e+01 8.709323653283516364e+01 8.142279265085510076e+01 1.007828990573872403e+02 9.573935027501498496e+01 7.494239778202850744e+01 9.573935027501498496e+01 9.203965397151392835e+01 7.194679216033618729e+01 7.783185513138587908e+01 6.778790866619370092e+01 4.752023490534531902e+01 6.778790865167199797e+01 7.510166078573018922e+01 9.503194978709805696e+01 8.028349845131391760e+01 6.020920886099756331e+01 8.028349845131391760e+01 8.393461659911714889e+01 6.721167008154124289e+01 7.454253628781106045e+01 6.625647989280673755e+01 4.833707479259160067e+01 5.537091851267292242e+01 6.975876050854948573e+01 8.982069593383981498e+01 1.069018694425757019e+02 9.875142593132636648e+01 9.094003927730624071e+01 9.094003927730624071e+01
6.899651265317707782e+01 5.694110449527073570e+01 3.713743857397844295e+01 5.110905190044934443e+01 7.102092497368566626e+01 8.909618416900480042e+01 8.527887177440757682e+01 7.717225068774223473e+01 6.725126484264914950e+01 8.709323653283522049e+01 9.683873253877169418e+01 8.838651722008022205e+01 6.716976634595960149e+01 8.838651722008022205e+01 9.203965397151392835e+01 7.194679216033618729e+01 5.746058907762586188e+01 6.580998525267800403e+01 4.564543092336415242e+01 5.520464426499802357e+01 7.510166081284097572e+01 9.022667350964289312e+01 7.471589226389860983e+01 5.454727323721358090e+01 7.471589226389860983e+01 7.568928966770216960e+01 5.545897472260909922e+01 6.400778390398809847e+01 4.615222133554899386e+01 6.031367460376021228e+01 7.550191865338310038e+01 6.988245848472747923e+01 9.081406194445533231e+01 9.875142593132636648e+01 7.870151815843873067e+01 8.457400018295263067e+01 7.063359369497248963e+01
