LEM/sinusoidal_perturbations/elevation_000147.asc
nrows	100
cellsize	150.0
xllcorner	0
ncols	100
yllcorner	0
NODATA_value	-9999
[rows 68 to 84 of 100, columns 0 to 36 of 100]
5.009162696260268353e-03 2.000500916269590590e+01 2.930600806718950579e+01 3.446998586213531723e+01 4.050021275369584117e+01 4.757128056558244822e+01 5.585555188878743138e+01 6.740255740509978466e+01 7.475930115412887744e+01 6.978411220302791662e+01 7.775496282337486775e+01 8.255449217404154183e+01 7.562423330509588482e+01 6.373864578553686755e+01 5.518961139583997522e+01 4.731105191347616312e+01 3.241755017233397496e+01 1.067880959455636969e+01 2.794988812955480384e+01 2.065943509061126804e+01 2.938366739993715626e+01 3.908302241902545404e+01 5.733281678186934727e+01 4.645503229093392861e+01 4.645503229093408493e+01 6.668171231966738333e+01 7.034704732752545908e+01 6.199911819270156599e+01 7.034703984620854555e+01 7.821138081984089752e+01 6.979115526076384413e+01 7.821138081948114973e+01 7.628770192682866025e+01 5.922445099455779172e+01 7.104031511231185902e+01 5.072577195207117740e+01 4.655346890914721314e+01
4.695337527364121070e-03 8.948967247526599778e+00 2.049597263131931868e+01 3.463810825505076707e+01 5.463810825505147051e+01 5.460255896461429614e+01 5.679354592945073676e+01 6.509115811542780250e+01 6.574640884508551153e+01 7.406684078019640083e+01 8.255449217404154183e+01 6.339854985275039212e+01 6.691373072479200346e+01 7.074039097542640775e+01 5.324278929634414226e+01 3.120299279134510329e+01 1.899444272120808108e+01 2.119548641538424505e+01 1.118568059689244087e+01 3.336335696387052252e+01 3.202614336078377022e+01 4.959289012397387353e+01 6.508306689428519576e+01 6.668171231497613860e+01 6.668171231985192549e+01 7.507433020105338528e+01 7.349203461752966859e+01 7.701585252621072186e+01 6.867585453262725537e+01 7.701585252621291033e+01 8.145513196337350337e+01 8.978663999062902690e+01 8.808892621087250063e+01 7.959699044744934326e+01 7.963074090393774895e+01 7.106783634293167040e+01 5.813682959611217882e+01
7.614146464036155443e-03 2.000761414646368053e+01 3.723323849498950011e+01 3.171340918156176869e+01 3.597743536563277189e+01 3.458970902601380004e+01 3.677850943202764711e+01 5.157900608175838642e+01 4.571067571358624804e+01 6.574640884508551153e+01 8.040047952853416291e+01 6.130508160537117845e+01 4.761438196693789848e+01 5.161536639437527185e+01 5.800728754413663069e+01 3.688432303989506522e+01 2.766957568938399703e+01 2.875776034619774180e+01 1.154281901694706036e+01 3.219481100393262807e+01 4.958230889899594729e+01 4.959767947252498743e+01 6.811709418965207874e+01 6.251494166251278983e+01 5.418040592053618809e+01 6.251494166251657703e+01 5.337528508722424903e+01 6.696538332684639272e+01 4.858881688845069391e+01 6.696538332684652062e+01 6.128756728823039879e+01 7.538692149468957382e+01 8.362693309194652613e+01 8.469974918244155049e+01 9.300227649513560380e+01 8.676317469611424826e+01 7.843420533358759883e+01
2.352828262072654761e-03 2.000235282826171712e+01 2.593758169100617650e+01 1.171055224728963218e+01 1.597456659429389525e+01 2.044670263921874209e+01 2.579192830985720519e+01 3.156543756288337121e+01 4.156599051440367276e+01 5.572526600107066486e+01 7.594331156155489282e+01 7.488015364952758546e+01 5.726750393458703314e+01 3.760742590766967908e+01 4.960451300083767023e+01 5.139158632678368122e+01 4.267466272620397660e+01 3.059694772108597505e+01 1.189788028595354064e+01 3.199667966376306794e+01 3.519825979201044674e+01 4.351477954062463027e+01 5.772087110899454387e+01 5.248479972153590012e+01 3.414651176983079495e+01 4.591553108904245306e+01 3.923396128133727245e+01 4.952163691279803714e+01 3.863567032447566163e+01 5.863233578748037189e+01 4.971882019033115085e+01 5.525497595016814500e+01 6.825070926740640687e+01 6.455358635631402819e+01 7.943282628903146758e+01 8.612317813468641248e+01 9.425067845717998694e+01
6.786455232800275850e-03 2.955625578330749459e+00 5.937049548330481485e+00 1.110102734394673618e+01 1.644625219855248943e+01 3.644683191444261183e+01 4.579997905179826034e+01 5.157900608175824431e+01 5.988875824667958625e+01 6.997573012233267775e+01 7.378243549459099881e+01 7.154763831613229286e+01 6.525559976681449825e+01 4.960454196247088987e+01 2.972457839555620751e+01 4.283048397800291696e+01 4.310163629856062073e+01 2.510807332416768389e+01 1.225074471385861763e+01 3.169995897986864009e+01 1.527795875023650929e+01 2.932628950929210632e+01 4.558571020243652328e+01 4.173974976899987155e+01 2.410119565106236195e+01 2.585892780984892170e+01 2.765513926512811693e+01 2.949185029125465718e+01 3.155598863956374345e+01 5.156317626813862631e+01 3.978220124264695556e+01 4.374686432570473471e+01 4.817259761308081067e+01 5.348857907486043928e+01 5.927752054830653350e+01 6.601028293628513666e+01 7.588234557424259208e+01
3.257643153035955173e-03 2.000325764313982901e+01 2.593758169099329436e+01 2.226713769259112397e+01 3.644683191443994730e+01 2.497428657240602234e+01 3.497437956947788251e+01 4.652202398239892034e+01 6.652480728806369825e+01 7.378243549459099881e+01 5.343480591589621298e+01 5.121269996580129913e+01 6.558657773067034213e+01 5.768203538255335872e+01 4.283048236035747180e+01 2.312375209498438977e+01 3.661921697248458685e+01 3.262597556518572617e+01 1.260307626896209854e+01 1.368564388571903656e+01 3.322263629567481757e+01 1.720858540994246866e+01 3.726442391384473751e+01 2.167426165150596873e+01 4.173981914569000651e+01 3.744733534820917953e+01 4.770106535208770993e+01 4.952163691279723423e+01 3.555477009045327463e+01 3.463073814854160304e+01 5.460909592038116500e+01 6.376513314931632692e+01 6.825070919631279764e+01 7.362378672823926706e+01 7.943282628903146758e+01 8.612317813468641248e+01 9.425067845717998694e+01
1.880098487986705483e-03 1.753587676796693984e+01 3.877114051023485786e+01 4.226816966213741722e+01 5.054985368649024480e+01 3.911684007712835864e+01 3.911684007712835864e+01 5.911882992292289885e+01 7.479937613105451533e+01 7.154763831613229286e+01 5.121269996580129913e+01 3.712856097090415375e+01 4.772166963504982107e+01 4.358726529881725753e+01 3.961186957593946545e+01 3.659397755508842920e+01 1.718969481826072965e+01 1.311771189407656379e+01 1.837019832200788372e+01 3.327539936695339406e+01 4.162608337718701534e+01 3.648892629014669353e+01 1.928318841114719717e+01 3.935040154056390094e+01 5.006126289041983313e+01 5.748330159524036276e+01 6.582118324361204031e+01 5.991566081326086390e+01 3.991248170246383609e+01 5.460909592038116500e+01 3.851459008197022627e+01 5.848050320767124788e+01 6.676965058822966625e+01 7.127599988220309513e+01 7.603833058707390080e+01 8.187976765889750652e+01 8.902999800519438622e+01
2.900726248362994839e-03 1.937937490738815782e+01 2.135928936356776120e+01 3.401787221209008294e+01 5.291487237112332309e+01 5.911882992292289885e+01 5.911882992292289885e+01 6.739599414540158762e+01 8.209138543506247743e+01 7.185315776257243670e+01 5.360209110015760103e+01 3.375773839688203992e+01 2.788880426874640506e+01 2.369985965579985177e+01 1.965888479373859354e+01 3.298338106558718152e+01 1.363168480454430309e+01 3.314406500022509050e+01 3.791942276658895139e+01 2.796605017235325263e+01 4.885844866115108687e+01 4.593424544750618566e+01 2.598343161834050363e+01 2.423091631464439644e+01 4.428962432711298192e+01 5.780082804529157414e+01 6.940148853698850928e+01 6.451477033825126739e+01 4.446771668854550086e+01 6.451477033825143792e+01 5.848932366675984440e+01 4.248184197590330768e+01 4.669716006650106266e+01 5.112974611679612025e+01 5.583347257307142542e+01 6.164443606366787520e+01 6.880609254554495635e+01
5.081304048347549951e-03 7.388029609250715168e+00 2.389126885971333536e+01 4.608430400260049709e+01 5.465592520334713811e+01 5.206117409085057091e+01 6.033902478077088460e+01 7.188097292748940959e+01 7.360269856978131031e+01 5.313330457686443964e+01 4.336048270751415146e+01 5.360209108120168509e+01 4.708307770079378685e+01 3.801403661321381833e+01 3.335497813328659333e+01 1.414424841977881364e+01 3.284796511006965858e+01 3.289196175234385322e+01 5.087442669341623258e+01 3.781091351853254423e+01 5.722419416716602569e+01 5.363211781006343415e+01 3.357413892247432585e+01 4.428962432711298192e+01 2.942650448910284666e+01 4.098578965294845489e+01 6.104760748544239135e+01 6.954357354830656845e+01 4.942836070808594684e+01 6.954357354830656845e+01 7.084033618976356195e+01 6.249140224545334377e+01 4.808003936831605785e+01 6.817516093765085827e+01 7.603833058707390080e+01 7.232999721844429075e+01 8.187976765889750652e+01
4.469920835086939326e-03 1.973053862740177067e+01 3.499866271993387556e+01 4.879501836614488042e+01 3.465721694556991395e+01 3.206209947752127931e+01 4.360908933036700574e+01 6.360693658861045918e+01 8.209138543506247743e+01 7.185315776257243670e+01 6.336800157332287853e+01 6.771014020602207495e+01 4.001231227000582180e+01 1.613199333432728722e+01 1.466183375288389534e+01 1.798078924140024526e+01 3.724771431377891417e+01 3.865183880966586116e+01 5.513177516000115475e+01 5.180040277311117336e+01 6.733768723474572937e+01 6.194673865255240486e+01 4.358343072241591898e+01 5.347094207028356294e+01 3.344730372152952924e+01 4.758209421179192589e+01 6.768787843700602025e+01 7.514108379772918056e+01 5.495897357850048337e+01 7.514108379772918056e+01 8.404987488573668486e+01 6.383448079362467098e+01 5.221994974360357844e+01 6.645874122549544438e+01 8.667010174585912807e+01 9.253852187361195547e+01 1.008698678483215332e+02
2.324776005098761877e-03 2.000232477600474468e+01 2.833539621295176403e+01 3.198684160628341644e+01 2.051509528850478148e+01 4.051470297930145392e+01 5.014160094367933596e+01 5.842027623729227770e+01 6.841685199529297279e+01 7.174171926680160993e+01 6.252445419538065607e+01 5.733637338612221868e+01 4.008567776710285102e+01 1.517974434677682005e+01 2.980845484781722732e+01 3.607590110223582514e+01 2.370865323167694072e+01 4.149019459590898862e+01 5.642474305527419887e+01 7.065770619330938018e+01 8.121663642586517540e+01 7.194837724406713164e+01 5.777783008440198387e+01 5.784265294421388148e+01 3.781677551414139060e+01 4.933488369020522413e+01 6.946448172103684726e+01 8.153585850784541833e+01 6.131380530023526632e+01 8.153585850784541833e+01 9.239408876836843376e+01 8.073467764867510255e+01 6.120221920268524229e+01 6.078134327139628823e+01 6.982516252275142676e+01 8.151019213490344839e+01 1.016917604241458974e+02
8.699724428260374037e-03 2.000756165603412384e+01 8.335582918566409205e+00 1.198706663526754745e+01 1.715104443021085956e+01 2.347559975055254355e+01 3.014226641723923450e+01 4.014226596678345516e+01 6.014093592057524518e+01 6.252445419538067028e+01 4.093567762925347608e+01 3.959922598807014538e+01 1.961138721031913335e+01 1.776032524778760902e+01 1.569719219597509685e+01 4.077429191409177633e+01 2.825370315910406660e+01 4.699862486779337445e+01 5.823177756498788682e+01 6.358847200368037988e+01 6.979975959407981634e+01 7.746969631839483839e+01 7.782084681314967156e+01 6.286125811397691621e+01 4.279723471276180646e+01 6.286125811397691621e+01 7.784072212694967163e+01 8.988517930572021442e+01 7.561786854433232463e+01 7.561786854433232463e+01 9.582315013974641715e+01 8.976795717324399959e+01 7.288022583231874307e+01 7.245900711734239508e+01 8.099960924148790298e+01 9.837651338665659750e+01 1.100125538179381977e+02
2.249585233037712084e-03 3.335582918566364352e+00 1.747767867810153675e+01 2.612918714045022028e+01 3.715074107533435210e+01 3.348093173605847284e+01 5.014160094367933596e+01 5.842027623729227770e+01 6.841685199529297279e+01 6.252445419538065607e+01 4.093567762925347608e+01 2.647509528988578253e+01 2.957634389652057294e+01 3.136720777246701175e+01 1.606186665312443296e+01 3.668748266499309096e+01 4.695586178819907275e+01 3.518772070960025644e+01 4.033224298151387899e+01 4.594670768546439632e+01 5.226583476373902215e+01 6.227486387865641149e+01 8.019599162159519778e+01 7.052338828437261498e+01 5.032396696450531692e+01 5.432795456959196656e+01 6.595071593082398920e+01 8.622111372249348449e+01 9.582315013974641715e+01 9.582315013974641715e+01 1.041524900671082463e+02 1.014187683811239111e+02 9.308631079121506957e+01 9.266628870668466789e+01 1.009993156551373517e+02 1.095020589688410837e+02 1.050577629525642323e+02
2.739267172789772273e-04 1.999987278966476012e+01 3.162191974568136033e+01 4.573509075368738053e+01 5.439736770794692688e+01 5.347952008841194527e+01 6.175651685340284303e+01 6.289967564298832059e+01 7.114542995598458219e+01 6.476335639787966159e+01 4.226875751044764939e+01 4.724332272168773983e+01 4.387233421161759850e+01 3.642463615387936926e+01 1.642554372820302788e+01 3.113296405415743706e+01 4.986659441152779237e+01 5.346235187396683131e+01 5.826419503591511528e+01 6.358847200368037988e+01 6.979975959407981634e+01 7.747429490126135931e+01 8.820416508743842599e+01 7.901819463034334490e+01 6.036031707210408825e+01 7.451798132505199135e+01 8.290789448062662359e+01 9.460663599827569215e+01 9.436022984406687897e+01 9.436023026976047845e+01 1.145890540409888985e+02 1.114100294353283118e+02 1.030343964659424927e+02 1.040980238143221754e+02 1.124753534067718164e+02 1.139040691295239327e+02 9.377200942889152202e+01
8.327778614586212741e-03 2.000832777861423040e+01 2.779901155443577210e+01 3.197328353343527496e+01 3.644807694599348480e+01 4.130111505491467483e+01 4.664872517559833653e+01 4.299640740281378015e+01 6.195483924654914176e+01 7.159627593741036833e+01 6.476335639787966159e+01 6.036511831063973688e+01 4.281163566015376176e+01 2.101478103210821402e+01 1.837062603341796674e+01 1.693799430330851052e+01 4.663855523130668246e+01 4.659231078163737294e+01 5.478503643245436905e+01 6.816257141505546713e+01 7.650234415205579808e+01 7.466188152361328889e+01 8.297009485786850291e+01 8.930258015855726228e+01 8.077360652676928510e+01 8.934731464376464771e+01 9.193363473884450343e+01 8.355219529700141834e+01 7.414047618999845213e+01 8.844122145230394949e+01 1.086499816326699630e+02 9.973533295549597710e+01 8.281298015787218958e+01 8.388418453890766102e+01 1.008030575941026399e+02 1.124753534067718164e+02 1.022808190420221592e+02
6.510866554257996840e-03 3.920012562595552197e+00 7.890951672447669374e+00 1.209863024897524220e+01 1.660251832031420349e+01 2.148777105018631772e+01 2.687920969438054186e+01 3.411714813523273193e+01 4.460212156052126176e+01 6.371533740196921514e+01 7.148610859468358569e+01 4.669586253167756951e+01 3.073887760342017472e+01 2.464270206693959864e+01 3.006357635883971824e+01 1.729773871967718080e+01 3.726705582717848841e+01 2.698123492428800674e+01 4.659461005952706358e+01 4.852998125319665945e+01 6.211875862988681263e+01 5.478099008912472812e+01 6.876729225118269540e+01 8.885116066734330786e+01 8.873641272862720086e+01 8.035291544887530790e+01 7.560965614992906580e+01 6.330241892119075686e+01 8.355231862868387793e+01 1.027459067371873829e+02 1.021336903103685785e+02 9.066277664997424779e+01 7.104553008186714180e+01 7.212213694669887332e+01 8.388418453890766102e+01 1.040980238143221754e+02 1.106787743647166877e+02
8.953482861371391335e-03 2.000895348286101694e+01 2.779901155443577210e+01 3.197328353343527496e+01 3.644807694599348480e+01 4.130111505491467483e+01 4.664872517559833653e+01 5.373741771582497506e+01 6.195483924654914176e+01 7.192105237892576497e+01 7.039284217725992221e+01 5.073518369645431392e+01 4.670296091984490516e+01 3.000571163482610970e+01 3.733307780365228723e+01 1.765520585975721701e+01 2.142923398098757559e+01 4.144425599737505195e+01 3.298693599904277818e+01 3.739975483004632650e+01 4.258961760637426153e+01 5.218234995247608055e+01 6.611001548909791836e+01 8.640803345715572448e+01 7.705395512787630707e+01 6.012035268690693357e+01 5.538203333399464157e+01 7.560965614992906580e+01 8.355231862868387793e+01 1.037763115265559719e+02 9.375353662203646365e+01 7.348181960673146307e+01 6.198362190782598447e+01 8.227318226181293426e+01 9.195893461098965815e+01 1.009858069215609504e+02 1.126030989476601860e+02
