LEM/sinusoidal_perturbations/elevation_000510.asc
nrows	100
cellsize	150.0
xllcorner	0
ncols	100
yllcorner	0
NODATA_value	-9999
[rows 34 to 50 of 100, columns 37 to 73 of 100]
3.283709350683351857e+01 2.055637570848601214e+01 4.062585539167469761e+01 3.671127901895945911e+01 5.672567665493007638e+01 6.466148582914310339e+01 6.648240563040930340e+01 6.647840514021079628e+01 5.346683987136531613e+01 5.242111628980507732e+01 6.128677731609268164e+01 7.265410071558383720e+01 9.247494068585434945e+01 1.021703315776697991e+02 8.227537351863394122e+01 7.128313713510634386e+01 9.051420404111004814e+01 9.856567148536723266e+01 7.901704400964590036e+01 6.504375728612056662e+01 5.529917763155902577e+01 4.886949731628218530e+01 4.298177980105781870e+01 5.926552947168356411e+01 6.742335061206786406e+01 6.397696778811963014e+01 5.581560667260277597e+01 3.705335207910299289e+01 5.669605487344339423e+01 6.573341287511307485e+01 7.453621472807793680e+01 6.129673107559791845e+01 6.668038728947527716e+01 6.864194782030045872e+01 7.228454655156323838e+01 6.059981373298055018e+01 7.450360641021687513e+01
4.892692706542455738e+01 4.062622344055491652e+01 2.249147230185042545e+01 3.671127857399752514e+01 5.672559742099531377e+01 5.051277665647933190e+01 5.418946211762104070e+01 4.644663145699157525e+01 4.352403819623310000e+01 6.335534485797418114e+01 7.724560101019274327e+01 8.559008238820115366e+01 9.317532673976695889e+01 1.015713318640439837e+02 9.940809739230438424e+01 8.533541050670541495e+01 9.940809739230438424e+01 1.070714158246456122e+02 9.304422991715711078e+01 8.314456788023673539e+01 7.493541678383294879e+01 6.483182432431699738e+01 4.545495158708907013e+01 5.908147404189005414e+01 7.871446798029738545e+01 7.056514369350267657e+01 5.095171479277900062e+01 5.669601147231647076e+01 3.792122661084293611e+01 5.757090476038784033e+01 5.908186654910087299e+01 4.928588135658643665e+01 6.667647850312673086e+01 6.624902400368165445e+01 5.273458260717346491e+01 6.391660293958564409e+01 8.377714266158686485e+01
5.549509821476758731e+01 3.551762364183604603e+01 2.389329843301842971e+01 4.397324786828365006e+01 4.898200656898746530e+01 5.108206660218861117e+01 3.420353102937344403e+01 3.647598514904276357e+01 3.914568070984070403e+01 5.913237589525515148e+01 5.714223044056083012e+01 7.724560101019274327e+01 7.271089082883763410e+01 8.978910614938747869e+01 1.008535010412722670e+02 1.052500711329179950e+02 1.086897216102886290e+02 9.947460607426387469e+01 9.134856002885449300e+01 9.057714873714428450e+01 7.885136152205973303e+01 6.732461974098492874e+01 4.797395728871308762e+01 5.902075937302482345e+01 7.866785869304304413e+01 7.876951899781991528e+01 7.056569736581425900e+01 6.544468240064213660e+01 5.644173695257343581e+01 3.880188381768964234e+01 3.944323494449260181e+01 5.314316932094734369e+01 6.032941362670045038e+01 4.675102320611677698e+01 6.624829624201902334e+01 8.045550296099455068e+01 9.195932472519986334e+01
6.363273559658393452e+01 4.588853989561289382e+01 2.585142016169426071e+01 2.684925306732046479e+01 2.895246911770000864e+01 3.107523866126315326e+01 5.108227826557832429e+01 5.645539696797175822e+01 5.913237589525515148e+01 4.301296709651754924e+01 6.303037135569992699e+01 7.159117459648616943e+01 6.094626585787913342e+01 7.122269710239285700e+01 8.698120180346285224e+01 1.100757364552758162e+02 9.919979417925077314e+01 8.151113376310625824e+01 7.174942319414923020e+01 8.050948720886225374e+01 6.460999069254704352e+01 5.170884489132961903e+01 6.155865493950680190e+01 7.551682443818157253e+01 8.689698384129206943e+01 8.400992723767902248e+01 7.404218216688664711e+01 6.270790026880271029e+01 4.316450825315168771e+01 5.844788113001526142e+01 5.727249277395230109e+01 4.036214793651348032e+01 4.101555769472128077e+01 6.061853601143083381e+01 6.918397527674800074e+01 7.046627263550334419e+01 7.913843401864735938e+01
6.229336357255186840e+01 4.224426375648011600e+01 4.591264950156062241e+01 2.870614561449397328e+01 4.873052256242085178e+01 5.104701700409422926e+01 4.522155780224887422e+01 6.523478603722070090e+01 7.136613918567307735e+01 5.453857066926860142e+01 4.730632786439364423e+01 5.146478687832949106e+01 7.159117459648616943e+01 8.735287561760127062e+01 9.570388732135913301e+01 1.058067485758963642e+02 1.086897216102877479e+02 9.507507090021088914e+01 7.523149485860599839e+01 6.127612017530442756e+01 5.576870663660078975e+01 6.277701345845865433e+01 7.112260829861919831e+01 8.947576351494232938e+01 9.021450988912295088e+01 7.530181376658522652e+01 5.682284127118719397e+01 4.769382382530324804e+01 6.270771873549917785e+01 7.080133154943867169e+01 6.991484737547192196e+01 6.106301649075302151e+01 4.401586225992624435e+01 4.198079191888972872e+01 6.151930621487957751e+01 5.104580543516784985e+01 6.926431203181884655e+01
7.070067664777630512e+01 6.137249600382273940e+01 4.138378089695466144e+01 4.873052230503473226e+01 3.167301701568175787e+01 5.166187410077542808e+01 6.523291447017352596e+01 7.356539221342768542e+01 8.297543373969088520e+01 7.463038608306780475e+01 6.146921528003797164e+01 5.415514490330760111e+01 6.000880096784910478e+01 6.712276188790721676e+01 7.723154176601873644e+01 9.747420946918366269e+01 1.064831193651488235e+02 9.826307758914838075e+01 8.925242903687708917e+01 7.895042918410923960e+01 5.922115075589908884e+01 7.895042918410963750e+01 8.252290285997084140e+01 9.915856126188938902e+01 8.196768006215954472e+01 6.223541495575931748e+01 5.260664231846091354e+01 6.717791748873010249e+01 7.537001289756661038e+01 8.036343520556684439e+01 6.769316885989422872e+01 4.826820874684604945e+01 6.347767546821495444e+01 5.836991396781257890e+01 4.295056580846197392e+01 4.363809945258007161e+01 6.315393000548396429e+01
8.143700964814956933e+01 6.137249600381495895e+01 6.137249597748703422e+01 5.375516670439456135e+01 3.378711452486584221e+01 4.133597279438964733e+01 5.129241182058982673e+01 6.542276584782521809e+01 8.552491019072485301e+01 8.996768530965636046e+01 7.930645167112055560e+01 5.915850687234544125e+01 7.930645167112055560e+01 8.020045031638018429e+01 9.570388732109476848e+01 1.058067485758948720e+02 9.826307758915152135e+01 7.834245357164218149e+01 7.128657485213008727e+01 6.480590945882750020e+01 6.475875456530619090e+01 8.709297473574538628e+01 1.024057247952321603e+02 1.005904335524295590e+02 9.021450988912290825e+01 7.594798216086613252e+01 5.635856658694494570e+01 7.594798216086613252e+01 8.528376854797006956e+01 7.216129656400732983e+01 5.268520231946550325e+01 6.769316885989422872e+01 6.747455597917213765e+01 6.990296261543285539e+01 6.250734886365250276e+01 6.162530004398558958e+01 4.461381341555398450e+01
8.335834441432550079e+01 7.093004705310863756e+01 5.689045294120365526e+01 3.693804160405132819e+01 5.375516674929993144e+01 6.130099208189265880e+01 6.961440645129540883e+01 7.963655966761096749e+01 9.146062555099443614e+01 9.982168376402007937e+01 8.765652631392759986e+01 6.814452851982086656e+01 6.990607430419204604e+01 9.010120090057806408e+01 1.087369786796074607e+02 1.123032693441129339e+02 9.244743974592749680e+01 9.607555109926622094e+01 7.615700630551773997e+01 8.457557390072749115e+01 7.439702334666463912e+01 9.449728966441027467e+01 1.064400855367614867e+02 8.649828704632886911e+01 7.240936405067195381e+01 6.546936118676184435e+01 6.147601514568303571e+01 8.122679344590666517e+01 7.706386752444635135e+01 5.745360835524245857e+01 6.637737430524450133e+01 8.036394563958856452e+01 8.699719331809026812e+01 8.540812521685401748e+01 6.565047524654643496e+01 5.196277482343813148e+01 6.409343768831779187e+01
6.337665971050719804e+01 6.277629823765908412e+01 4.281267467258567905e+01 3.960567346261878896e+01 5.955648341610139340e+01 7.175759168192260518e+01 7.311294870994680650e+01 7.716018262247519033e+01 7.130535123547659282e+01 9.146350435230604603e+01 9.668034326100072917e+01 7.979528220116014836e+01 9.010120090057813513e+01 8.418517178361018694e+01 1.043837586301564357e+02 1.205187989843700080e+02 1.123032693441129339e+02 1.042992928178590688e+02 8.767436193980746850e+01 1.027600338540191274e+02 8.458652439123319766e+01 1.027600338540191274e+02 1.064400855367614867e+02 8.649828704632886911e+01 8.971936529879236843e+01 6.980345498167362450e+01 8.122679344590666517e+01 8.243953460404051725e+01 6.268810187887965668e+01 7.706386752444635135e+01 8.528376854797012641e+01 9.435051697393257086e+01 9.431189190094019636e+01 7.441944765584243271e+01 6.055714265288687415e+01 7.144076734324191591e+01 7.334498534118792179e+01
5.590164662196260537e+01 4.926570216223132093e+01 6.277629823765908412e+01 5.955648341610139340e+01 4.346968838965151605e+01 6.343484503074217429e+01 5.308711084537816305e+01 5.715042765237019040e+01 7.720797355081543856e+01 9.104365345543295973e+01 9.939964026256926388e+01 1.000043450885115135e+02 1.083293122475108134e+02 1.043837586301564784e+02 1.126991254081368794e+02 1.266013410806159527e+02 1.183344779932824622e+02 1.157687985360060594e+02 1.075517889130935885e+02 1.126994562224707437e+02 1.044821055869023354e+02 1.126994562224707437e+02 1.146825800585303057e+02 1.064400855367614867e+02 8.972552445542375210e+01 7.730007544591768465e+01 9.726368601072275055e+01 8.711489594376024570e+01 6.728083485902732264e+01 7.319525805923731809e+01 8.722845199287442597e+01 1.071061753742678349e+02 9.431189190094022479e+01 7.441944765584243271e+01 7.441944765584243271e+01 8.849423448742494713e+01 7.418649425095776451e+01
7.593489059296111066e+01 5.923116119345941399e+01 7.759835076800334264e+01 7.172958431387438338e+01 5.755849781702782764e+01 4.756987046876046321e+01 6.755881957767722668e+01 7.720797355081543856e+01 6.420297902818931846e+01 7.087461679340758280e+01 8.093864056976808286e+01 9.523165901183473636e+01 1.154335856840665713e+02 1.173485639380513845e+02 1.256330790205002188e+02 1.151463120880331559e+02 9.854236504799497709e+01 1.151463120880331559e+02 1.143227046463903065e+02 1.060431700248331310e+02 1.143337823675505405e+02 1.301475302195233326e+02 1.219219052506949055e+02 1.180615522922617089e+02 1.055150163263934928e+02 8.883682656409642675e+01 1.055150163263934928e+02 9.208366086266975969e+01 7.221066078609850081e+01 9.208357356678907024e+01 8.722845199287442597e+01 1.071061753742678206e+02 1.025696823728409015e+02 9.431189190094022479e+01 9.431189190094019636e+01 8.802288928704722082e+01 6.645119804714337874e+01
8.764370030693757485e+01 7.930269910898387309e+01 8.764370030693757485e+01 8.574730806234279612e+01 6.625857017960603912e+01 5.213282406441422978e+01 7.215224159348773014e+01 8.997652992886544610e+01 7.238130630827542689e+01 9.104365345543295973e+01 9.939964026262738628e+01 1.094962962591705633e+02 1.141046744725723414e+02 9.739437032900647750e+01 1.141046744725822464e+02 1.069074962564907310e+02 8.720081933447401923e+01 1.069074962564907310e+02 1.043405161000574282e+02 8.618164850252692588e+01 1.043767547795278858e+02 1.186477089869039361e+02 1.019540908005160844e+02 1.186477089869039361e+02 1.170243881429191646e+02 1.087754686531559969e+02 9.688516928313794097e+01 8.282471548504821612e+01 8.108901929873061931e+01 1.002992949256537969e+02 1.071061753742678206e+02 1.153067152003324196e+02 1.143891824710753014e+02 1.085328801067411462e+02 1.103019483890755197e+02 8.802288928702044757e+01 8.584400656251382600e+01
9.897540272185517551e+01 9.070861917404941721e+01 9.897540272185517551e+01 9.466480671950940007e+01 8.049470587947077149e+01 6.104691086215449047e+01 6.153105778069917875e+01 8.162427505278576234e+01 9.255756390766869401e+01 8.663893305234051923e+01 1.068464027892819530e+02 1.170462016132633067e+02 1.058280048864074416e+02 8.596019885350355594e+01 1.058280048864074416e+02 9.994013380943424352e+01 8.025997723350771196e+01 9.113890772173553501e+01 9.610983248388988898e+01 7.633501856597003155e+01 9.611204382221116305e+01 1.103947615956954138e+02 9.048590889162564110e+01 1.028701305313811076e+02 1.228128067861974699e+02 1.250561932017743914e+02 1.109641368760568128e+02 9.430108769249621048e+01 9.254858401315782146e+01 1.090794001469414667e+02 1.202219061911529963e+02 1.102214561935916066e+02 9.437353936545284228e+01 8.850854838600561436e+01 1.003579774374152294e+02 9.702017435172477633e+01 8.376450031526940165e+01
8.891178705863038090e+01 7.051119920696957877e+01 8.724227885856603848e+01 9.552334199805042658e+01 8.948883063034610075e+01 7.261368447650514213e+01 7.571575936507817062e+01 7.571575936507817062e+01 9.588869375954392638e+01 1.068464027892819530e+02 1.151859936538783700e+02 1.087715888022473507e+02 8.889310042634622278e+01 7.899895049929796187e+01 9.880367469982472528e+01 1.050747650809702662e+02 8.536591193684191126e+01 7.144690026424015628e+01 8.394851272592961777e+01 6.974499559007666960e+01 8.951927828135663390e+01 9.441280924574510891e+01 8.303408260382188644e+01 1.028703249072223542e+02 1.114175575576842050e+02 1.313950922984608098e+02 1.224877217295312448e+02 1.142192330667771643e+02 1.123314473173767709e+02 1.204676428574673253e+02 1.119538700865788456e+02 9.193636215840632531e+01 8.191260699072850571e+01 7.434484972875965525e+01 8.033113315197178395e+01 7.700941672050767295e+01 7.550714698022828486e+01
8.060990919050726689e+01 6.015074115559100676e+01 6.692680640830717209e+01 8.724227885856448950e+01 1.011309593483715616e+02 9.277922058236075031e+01 9.588869375954392638e+01 9.588869375954392638e+01 1.042373004926500073e+02 1.092787134649821894e+02 1.175553252442237095e+02 1.073008911415623885e+02 9.254087100931258192e+01 7.275988181640411767e+01 9.254086993446405529e+01 1.036174581942211432e+02 9.933648815982535041e+01 8.394851272592961777e+01 6.416224759734031124e+01 6.371064689033325124e+01 8.355971741991214685e+01 7.464444647780270259e+01 8.267602889128723120e+01 9.149941437323303717e+01 1.055652412352707188e+02 1.255472142515303062e+02 1.190163833075026076e+02 1.107237949591809922e+02 1.190163833075026076e+02 1.290264229382473786e+02 1.202219061911544458e+02 1.102214561935916066e+02 1.009778691787687279e+02 8.619686109404185004e+01 6.623828386042289651e+01 6.300022777150327613e+01 6.001404815830322548e+01
6.970387924917250189e+01 5.212508248925006882e+01 7.287707052597981772e+01 8.292577835333332814e+01 9.123004561861469597e+01 9.297025485412432033e+01 1.012323859616101203e+02 1.034702909337210741e+02 9.521191523092909392e+01 8.938525662321839604e+01 1.092787134649821894e+02 9.903824558525400334e+01 7.921903988848360711e+01 6.778547593892791667e+01 7.552469561568182144e+01 8.956406365028604455e+01 8.406156732020326672e+01 7.582896685538284487e+01 5.938689841532411151e+01 7.932648185679796882e+01 6.880417023336018190e+01 8.858357409154400841e+01 8.859025375592482021e+01 1.084697016769390103e+02 1.139355504595239097e+02 1.056431367356210700e+02 1.090451853705096852e+02 9.081357659506333846e+01 1.007686857771223856e+02 1.205635250398824070e+02 1.191518674982643944e+02 1.091507460352053016e+02 9.269453675915038104e+01 7.266735533077718401e+01 8.619686109404185004e+01 7.700941671970019797e+01 7.976722704645700901e+01
4.886844019405892681e+01 4.620579944399018757e+01 6.621365715090533399e+01 6.245769362058497620e+01 7.870178586150200317e+01 7.279159249045780200e+01 9.297025485412432033e+01 9.521191523092909392e+01 7.540175677918361430e+01 9.521191523092909392e+01 1.097621233231486855e+02 9.828301889153939896e+01 9.003587049196755743e+01 8.133110169598286632e+01 6.143107739392370092e+01 8.133110178938281365e+01 7.582896685538280224e+01 5.580980547867615371e+01 7.582896685538284487e+01 8.755392364083337498e+01 7.764201952265065643e+01 9.682072195194670883e+01 1.084697016769390103e+02 1.167330303669809837e+02 1.024437721051488666e+02 8.579385507550924217e+01 9.232800268480298200e+01 8.097352927717739135e+01 9.234947016614749771e+01 1.122695481816526382e+02 1.108827734751854308e+02 9.086442427435166280e+01 8.083907011697542089e+01 8.422905383186216000e+01 1.009778691788311846e+02 9.702017292135161597e+01 9.164002112671880695e+01
