LEM/sinusoidal_perturbations/elevation_000021.asc
nrows	100
cellsize	150.0
xllcorner	0
ncols	100
yllcorner	0
NODATA_value	-9999
[rows 17 to 33 of 100, columns 37 to 73 of 100]
8.229105018979241493e+01 1.029962381827393330e+02 9.258120446881254395e+01 7.290134272690043815e+01 6.108106749314121942e+01 7.550846201969096683e+01 8.366441720073991917e+01 6.664769623513898011e+01 8.679071202734904489e+01 9.867596644215947777e+01 1.000837606194383511e+02 8.063434541891953700e+01 7.832418310121592242e+01 7.009653391180262361e+01 6.717610362869626783e+01 4.702716716824453869e+01 5.163612754644339731e+01 5.629308251924766182e+01 6.111869164789199971e+01 6.630343865101920642e+01 7.350875105173538770e+01 8.497858035539870514e+01 1.048800504692566875e+02 9.567047311404677146e+01 7.602241249261226130e+01 6.477338831050607837e+01 7.024984725925951068e+01 7.755824623955602704e+01 6.397958197170834183e+01 7.033750562773676052e+01 5.148867280894162946e+01 7.108846999135559486e+01 5.339107734378640657e+01 6.529736129707470127e+01 8.006653054042513418e+01 9.053139494614870841e+01 9.523838761253247753e+01
7.999236378680713244e+01 1.008127815876821103e+02 1.006780519232437001e+02 8.732165180028833618e+01 6.856971385812806830e+01 5.474163718768679132e+01 7.026755166791302543e+01 5.852654032626364256e+01 7.064439796380813164e+01 9.051554286186690490e+01 9.431600395179731322e+01 7.496721689884392958e+01 6.136666889917017897e+01 7.033535061940908406e+01 6.485695877075521310e+01 4.600253374076999791e+01 6.620574768336986438e+01 7.550755659219947802e+01 8.031332049539307150e+01 8.587553140042655286e+01 9.338992476245373098e+01 1.016157196345098441e+02 1.006886973190515846e+02 9.094977501717947632e+01 8.282560093806796431e+01 7.598911695181449488e+01 5.638005972251595921e+01 6.815040600993316389e+01 4.985251117897467310e+01 5.053207417790524403e+01 6.460796320707819973e+01 7.909132317286066893e+01 7.301095027240697277e+01 5.460016341829571473e+01 7.415873057696101966e+01 7.492279386324307211e+01 7.690239230832665385e+01
8.098596584444091206e+01 9.668477454680129313e+01 8.869843721717734297e+01 9.429367525637269409e+01 8.362480686415763387e+01 7.026755166795602747e+01 4.874494994183432794e+01 6.169088714076485758e+01 7.619384580784179661e+01 9.578801978301008546e+01 1.000837606194383511e+02 8.063434541891953700e+01 7.033535062397473325e+01 5.067016034310127282e+01 4.459605391738767111e+01 6.020724339872228370e+01 5.446205673577803452e+01 6.078164298825935674e+01 7.051638792878627271e+01 8.182152239138160610e+01 1.016344119015376606e+02 1.064323701167709544e+02 8.674063517958809655e+01 7.314299370738473272e+01 6.317864186339009080e+01 7.232384323180318120e+01 6.795083508981659293e+01 4.888779293503995405e+01 6.883386208014211149e+01 5.632742224184421076e+01 7.540247307492681728e+01 9.214067365745113136e+01 8.219334189711969429e+01 7.395219343004842472e+01 5.580233951744570930e+01 5.666934646759558802e+01 5.753559288452723308e+01
7.470444769653452965e+01 8.344664292174974207e+01 6.361320351542071450e+01 8.373220523209870692e+01 8.163469455085919435e+01 6.118034413705704111e+01 4.540603060692818360e+01 6.717128466849362667e+01 7.468992723764411323e+01 9.457612493599049230e+01 9.366616568649232022e+01 8.968769982328251444e+01 7.033534767678972344e+01 6.391630714195866858e+01 4.364516266865320659e+01 6.391519913158422384e+01 7.416216963496809456e+01 8.035591136910537102e+01 7.458006664120613038e+01 9.430003404536110168e+01 1.098672075705879791e+02 1.040633036133762204e+02 9.596358241722646198e+01 8.618423670239873502e+01 6.658270300575439649e+01 4.884901769198923915e+01 4.792556366515255917e+01 6.795245972122947364e+01 7.696281646732886372e+01 6.684774096923719355e+01 7.541083103266427656e+01 9.550037943426590914e+01 8.059937678795529337e+01 6.116094248499326369e+01 7.531019142938512800e+01 6.788902971141841647e+01 7.698089444092794054e+01
7.225007853758044973e+01 7.399682525200972805e+01 5.092664394912684145e+01 7.399682516203976945e+01 7.881049143497108389e+01 5.809671748532169744e+01 4.256615808489645758e+01 5.366089367118802045e+01 7.471949299850332693e+01 8.949004092659403398e+01 7.782330418273460282e+01 8.624467413416886075e+01 7.713220384570634280e+01 5.644321908791214781e+01 4.272254586912682583e+01 6.164257572002156849e+01 6.676294171675047551e+01 7.903129349094399458e+01 9.430003404536110168e+01 1.025260029713167143e+02 1.013300598468529614e+02 9.275742231939150884e+01 7.636956150893212225e+01 9.275742231939150884e+01 8.021350358812117065e+01 6.716076051851614181e+01 4.724297311317461379e+01 6.730554545623408558e+01 7.915046620342391748e+01 8.708214005042894712e+01 9.526970767430749731e+01 9.841758202507922704e+01 7.873141333893659066e+01 6.502111444459652034e+01 8.449405861679073837e+01 8.166042008369781513e+01 8.445823373145609025e+01
6.339390574168069037e+01 6.350317393788841258e+01 4.346925603660417892e+01 6.159017551123343992e+01 6.248654111963504221e+01 5.761875107924650763e+01 4.039807423042651635e+01 5.524576432456147757e+01 7.612350980363537190e+01 8.103310643834635130e+01 6.792203890241606246e+01 6.905862404802547871e+01 7.938925699566199512e+01 7.109876427538071653e+01 6.165512298573945316e+01 4.146230133297468257e+01 5.248518027850463596e+01 7.121985126824191070e+01 8.938127626334078002e+01 9.759394895285734606e+01 9.323326883346824445e+01 7.366628335675997619e+01 6.509178912282250451e+01 8.465017590481572540e+01 7.399152638349416122e+01 6.583767821517382401e+01 4.656426836097866584e+01 5.132974973887420589e+01 6.539221212658800653e+01 8.493999711710544887e+01 9.757211052195619061e+01 1.027107360624594889e+02 8.298955905126857147e+01 6.919093840649503591e+01 8.876563228745838785e+01 1.013281768327750854e+02 8.853122692108912872e+01
5.576489808049653618e+01 3.572638997084360568e+01 4.126399546833096821e+01 4.925238727241171688e+01 5.113133140126639375e+01 3.790056741418490560e+01 5.704967172511314999e+01 6.470344012430281566e+01 6.376733842477767666e+01 6.208639327126329022e+01 6.734302326725790522e+01 5.832768611730283226e+01 7.304704815248753391e+01 7.466033625716259792e+01 5.490134766707210190e+01 4.061385434344789758e+01 6.075752581263509455e+01 7.562476950428643363e+01 7.015272052879413422e+01 8.938127626334078002e+01 8.593550880138849379e+01 7.715044480185888176e+01 5.762612485005414698e+01 6.924845269892770716e+01 6.496374570287269989e+01 4.561412143154925758e+01 5.768805699228879291e+01 7.086012216841677969e+01 5.870775910184931234e+01 6.994153358472490822e+01 8.943346089299113544e+01 1.063323686731015982e+02 9.354367519624895522e+01 7.384342686315652315e+01 8.776441895943081306e+01 1.074960339836808174e+02 9.292792324583606955e+01
3.439500640333253756e+01 3.463624641508139490e+01 4.191824682650828038e+01 3.524127432136983629e+01 3.551797459036093585e+01 3.904693410143824650e+01 4.829725390207808999e+01 3.764908304490523250e+01 4.335306192124244973e+01 4.762254741350102449e+01 5.062275043504585170e+01 6.430574008767659677e+01 6.509686754547622911e+01 6.010625854175771110e+01 5.855162927215020829e+01 3.978968687547716598e+01 5.967203782596426720e+01 5.747385687552548461e+01 7.578303711779742002e+01 7.990443305996042511e+01 6.621214794432107453e+01 7.620656899811370977e+01 6.924749861980336618e+01 4.928681493087491106e+01 4.467135879270658450e+01 6.496374304397727428e+01 7.288680327640061307e+01 8.342390019409155855e+01 7.817945250111850441e+01 6.742168835110666691e+01 7.860095940061388831e+01 9.819557520732163880e+01 9.980156467825095490e+01 8.001260654898048585e+01 8.992553234310157961e+01 1.096425647093735591e+02 9.772918647304473438e+01
4.825719142360061653e+01 5.054552480877803333e+01 3.497317611420626093e+01 3.528178890971810944e+01 4.384184522089788771e+01 3.588820752184297902e+01 3.613206699660489107e+01 3.763087193508373218e+01 4.827665640257531265e+01 4.186537663753037464e+01 5.187785270181979058e+01 6.103389578807982474e+01 5.866131455276210716e+01 3.848948104197256015e+01 3.864184490208852196e+01 5.537655493066490209e+01 4.785642152813374395e+01 6.512582011941310611e+01 7.013945870497164492e+01 6.378917460265092387e+01 5.208157168884229549e+01 5.680882994931827312e+01 6.323658556837866485e+01 4.376181189084655188e+01 6.410097826187585213e+01 4.994811105272687968e+01 6.986757825756883733e+01 8.308531409434813497e+01 9.501106822401339969e+01 8.688261849664135639e+01 8.114001021879764153e+01 1.007465012844075858e+02 1.067911503535216724e+02 8.702287541949070260e+01 1.067911494048295964e+02 1.177813326279002411e+02 1.030382976934304793e+02
4.551126779760077312e+01 5.859550836131470675e+01 5.088469661087125928e+01 5.541056992508041645e+01 4.077695113092737245e+01 4.724127506472319737e+01 5.452457757927516013e+01 3.648177888028487814e+01 3.673057116595765592e+01 3.697989672592814259e+01 4.564146353705935155e+01 5.450566724654021300e+01 5.589767271917728664e+01 3.825814967655860954e+01 5.514159865843642905e+01 3.906281495297179163e+01 4.620417031093176519e+01 5.400585903622429385e+01 6.025515906663080301e+01 4.125514812079004656e+01 4.179246349291319973e+01 4.233290094751089327e+01 4.289904115400319995e+01 6.324363834336627832e+01 7.226845126891267057e+01 6.986757825756883733e+01 5.528223617201082618e+01 7.494430176309801084e+01 8.752314389393154670e+01 9.449970473493584677e+01 1.007465012844075858e+02 1.088821262369731357e+02 1.149277436720855405e+02 9.849913794018623037e+01 1.149277436720855405e+02 1.191199340836514580e+02 9.942403248928637538e+01
5.794609064907706397e+01 6.656389021749519941e+01 6.907274330320240097e+01 6.458313301336616519e+01 4.500991526935122522e+01 6.152038170363379521e+01 6.712349753792524609e+01 6.081179138855606681e+01 4.622864345145839593e+01 5.800106891091819961e+01 3.733862132422420643e+01 3.759896215974151801e+01 3.786775036881079615e+01 5.461626628868331323e+01 6.375702948806067383e+01 6.020338691000674203e+01 3.948104234345168351e+01 3.962986552605109836e+01 4.037750983109143732e+01 5.229483763580922329e+01 6.178151175109010040e+01 6.268169172251788979e+01 4.990558989996491590e+01 6.224928574882310528e+01 8.162087204455121991e+01 8.169320680468268847e+01 6.229565131680491419e+01 6.172956062248562148e+01 6.789123045158869729e+01 7.476701081535192372e+01 8.460687644336361757e+01 9.861850349898443824e+01 1.183322734247313122e+02 1.181199041116984603e+02 1.262709960853314612e+02 1.272549677540444151e+02 1.181718857275131285e+02
4.759084377746325600e+01 6.762088578067987044e+01 8.011881247930068639e+01 6.476349868515453068e+01 6.492999696732472614e+01 5.286009867004861462e+01 7.325680506941181136e+01 7.133543808836681421e+01 6.266482223599910384e+01 4.294875159440730528e+01 6.192427768007095068e+01 5.853082912554419437e+01 3.814324190567366202e+01 4.973306930589308195e+01 6.668578074499301067e+01 6.405279459020148636e+01 4.350503941026907029e+01 3.994966870083506194e+01 6.013054244330079712e+01 6.072427824630454296e+01 7.285913641448213696e+01 7.661729452801318985e+01 6.287418207809226800e+01 6.284094061818292687e+01 8.216270499718288534e+01 8.965111413162691179e+01 7.097512566937494682e+01 6.968292769836450873e+01 8.131498776338662537e+01 9.449970473493584677e+01 1.026734048071087813e+02 1.125543174497729524e+02 1.238859112220022354e+02 1.269738571536471312e+02 1.186556690869381612e+02 1.269738571489166929e+02 1.279887125027732822e+02
6.774958018051918884e+01 5.661341310865142162e+01 7.559083887027581738e+01 8.429100334264009575e+01 7.973076822243426420e+01 5.925831137549963756e+01 7.973076968511348639e+01 7.322816689173083660e+01 5.026324596746686524e+01 5.971582180344006474e+01 7.490058854907670138e+01 6.773527798097478581e+01 4.482691409712757036e+01 6.465997309080476896e+01 7.414698750627614743e+01 7.058442551268394993e+01 6.022195606373310284e+01 4.034933155893173762e+01 6.047421248669990490e+01 6.862749136751322965e+01 7.481510981211948774e+01 8.162701660338262855e+01 8.254563560743056883e+01 8.216797585359645950e+01 9.056096343125665271e+01 9.825540393391055716e+01 8.208089773700280034e+01 7.945741163075123836e+01 9.748157939293596996e+01 1.091896602962451510e+02 1.205793657503379706e+02 1.122482177566718775e+02 1.037288348571376844e+02 1.070063367813245918e+02 9.847722926588328107e+01 1.127655210803457777e+02 1.328799206640003945e+02
8.320368257056396999e+01 7.559084606905518910e+01 6.716991028777464123e+01 8.526085629323630144e+01 8.737749529354216804e+01 6.714611308854385641e+01 8.737755054771545815e+01 7.832539894643194600e+01 5.600384759091835463e+01 7.832539894643194600e+01 9.008484711865722261e+01 7.541009571923261490e+01 5.263611309049303344e+01 7.541009571923204646e+01 8.032085543698249808e+01 5.905203375916249797e+01 4.341190254367879220e+01 4.072711986198893896e+01 5.400280207404718880e+01 4.899078642631189240e+01 5.496092670613008835e+01 6.175262562856664061e+01 7.330418256209463834e+01 8.726504041956746960e+01 1.068518491467868046e+02 1.094141625780740696e+02 1.012894428800482132e+02 9.340891462229623698e+01 1.073393240731852103e+02 1.148916751520016390e+02 1.122482177566718775e+02 9.209981089627569872e+01 8.948624740178203751e+01 8.686992127480299075e+01 1.010991849210983702e+02 1.212674613497815130e+02 1.223887428603678558e+02
8.401789209452446983e+01 9.296772222513125428e+01 7.993291107335912216e+01 8.526087773403141057e+01 9.545738261645979605e+01 7.902106136574813888e+01 9.100199045218809601e+01 7.060573960741936617e+01 7.227477234133563400e+01 6.721599130658682952e+01 8.823283328881959164e+01 8.401242831117393450e+01 6.459005014809757483e+01 8.401242831117393450e+01 8.420048212177947278e+01 6.467880334106527584e+01 6.463158827006357399e+01 6.092953451075778304e+01 4.125621906860898491e+01 6.162289562937780829e+01 7.500255105474846573e+01 8.162676624091115229e+01 7.802055594475642408e+01 9.767467657225563471e+01 1.057985304027739488e+02 1.043177930490692660e+02 1.125530886374317845e+02 1.131115741808144435e+02 1.148916751520016390e+02 9.478320303323067719e+01 9.847317641934456844e+01 9.187098376078317585e+01 7.813706545953139937e+01 9.209981089610386107e+01 1.122482171867573726e+02 1.164679542454762782e+02 1.021461881624633605e+02
8.051841038821427787e+01 9.958295162819848656e+01 9.812375695980371404e+01 1.036411935391126491e+02 1.067980617302049922e+02 9.879291044131994681e+01 9.900029412619703351e+01 8.502784904738999217e+01 9.293290375731085362e+01 7.566000478085337022e+01 9.589213868900445448e+01 9.463487954993036055e+01 8.623014129000272021e+01 9.463487954989199125e+01 8.841721460928204124e+01 6.868373262211801489e+01 6.864999481672920467e+01 6.198023047577814992e+01 4.163502761645654715e+01 6.114416444696367847e+01 7.508664088901262801e+01 8.418592638261831951e+01 9.767457994564537671e+01 9.735332075494044091e+01 8.599275818916835590e+01 8.451551786791857523e+01 9.850813902900375751e+01 1.183435385770066830e+02 1.126889846287142234e+02 9.258479585892884245e+01 7.864270778928580796e+01 7.228673517062857456e+01 9.187098376078317585e+01 1.063395883233068986e+02 1.055158888500654939e+02 1.064298552174996644e+02 8.807619982904387257e+01
7.430918326486730052e+01 8.225661361758602652e+01 8.546472959220881194e+01 9.337605925544954744e+01 9.484667183092940945e+01 1.027526190383204039e+02 1.048513844058643514e+02 1.036217480880072088e+02 1.039391309320706114e+02 8.759564641356026016e+01 1.039391322739905092e+02 1.069943571983775996e+02 9.706164466553792636e+01 8.881359262862254411e+01 8.182898996916490830e+01 6.871137767648643546e+01 4.860592251946514608e+01 4.506797449177550874e+01 4.201793504009400237e+01 5.376609284118166698e+01 5.574952445380009891e+01 7.009389172169406379e+01 9.007480617521163424e+01 7.758517982797953039e+01 7.205036677938116441e+01 8.599275818916835590e+01 1.057985304027739488e+02 1.062556585367008068e+02 9.859658445828219442e+01 9.859139913877389461e+01 8.787338227764350052e+01 6.840791626221981403e+01 8.787338234949218929e+01 9.376235012800552227e+01 8.636005392074706322e+01 8.723559320260766015e+01 7.830682909119143176e+01
