LEM/sinusoidal_perturbations/elevation_000465.asc
nrows	100
cellsize	150.0
xllcorner	0
ncols	100
yllcorner	0
NODATA_value	-9999
[rows 51 to 67 of 100, columns 0 to 36 of 100]
6.455108993161302530e-03 2.000645510307860064e+01 2.246833487820252628e+01 1.840617834167495559e+01 2.702133772183243821e+01 1.200528203621968615e+01 3.134725168932558859e+01 4.423682450868105320e+01 4.276689979836541511e+01 5.013959020011434831e+01 4.204397044300110764e+01 2.222946910349578786e+01 4.204397044300147002e+01 5.532346824643903460e+01 7.409211779230705019e+01 7.914618672958373224e+01 7.321163570618915628e+01 6.203919935156392995e+01 7.897657406669219426e+01 7.914599769219611858e+01 5.958175002540573928e+01 6.133948088198766158e+01 7.561054761309137007e+01 9.592106815782756257e+01 1.013670982161992526e+02 9.306432095811712202e+01 9.529582933770576858e+01 8.621853119975138213e+01 7.780322791447792952e+01 6.476478309533530364e+01 4.482144731242198077e+01 4.382353040889567097e+01 5.492639029987363841e+01 7.500092500141099094e+01 8.225599221116928561e+01 6.313662136571582550e+01 4.322083763212179264e+01
3.995603441288198172e-03 1.414955807540230381e+01 3.422779006494141640e+01 3.786781072463662667e+01 3.957625450797324618e+01 3.134725168932558859e+01 1.628016870028328000e+01 3.576928893267174203e+01 4.945867901044616133e+01 5.854159220366042859e+01 5.035513439233545085e+01 4.204397044300147002e+01 2.721832777093482036e+01 4.698585133369034850e+01 5.788590463210946524e+01 6.366889496982376784e+01 7.210655056640628402e+01 8.226096948856877589e+01 9.066163413659423043e+01 7.978780159221103929e+01 7.384093663235405813e+01 8.155936135121588393e+01 8.155936135121591235e+01 1.018711614353720023e+02 8.981485594171797970e+01 7.306999925871129165e+01 8.981485594171797970e+01 9.121100706432149252e+01 7.092802350657569832e+01 5.676143965010390247e+01 4.531081177999698895e+01 3.869209213905283917e+01 5.458608350527559594e+01 6.292060007918464493e+01 6.549816874164996250e+01 5.385598450865815323e+01 3.980056443414238032e+01
4.804567899273937473e-03 2.000480456789891903e+01 3.723825067002448463e+01 4.878525605462603210e+01 5.010402187120338624e+01 3.014861321095143154e+01 3.599341708615620661e+01 2.140523078871537876e+01 3.026868428827189916e+01 4.440005392596729905e+01 6.440223137122302433e+01 5.532327144014539755e+01 3.857228719270865014e+01 3.280529554965909966e+01 3.802771792117096794e+01 4.363602880062177292e+01 5.507163550613349656e+01 6.942121820278067901e+01 8.987833776889229398e+01 1.000962714095495727e+02 9.414480363189889545e+01 9.312372772987903602e+01 8.486655698203111342e+01 9.312372772957368738e+01 8.152059394270122539e+01 6.174091796854683167e+01 8.152059394270122539e+01 9.644652260644971875e+01 7.950062104728833390e+01 5.936105622434058660e+01 6.525979819083592304e+01 5.458608350527559594e+01 3.466318089000773739e+01 5.078693486240700850e+01 4.552493671377002471e+01 5.371027795391863435e+01 3.720031099023827181e+01
9.707512844716031236e-03 8.953979422843952207e+00 2.050098480663667289e+01 4.050098480663737632e+01 5.837855823460017035e+01 5.010402187115096240e+01 4.567823736804031398e+01 2.570084862258434555e+01 4.567823736849163652e+01 5.854159220366042859e+01 6.784611730513529437e+01 6.687944273486479574e+01 5.847896993325564807e+01 4.154084826561151544e+01 4.520595442713871392e+01 6.366889496982376784e+01 5.618871705671233485e+01 7.054957333093580019e+01 9.100380840952306016e+01 1.051482212345494531e+02 9.242353726174987116e+01 8.325024229704932566e+01 6.519729371775943605e+01 8.325024229483145177e+01 7.452742243720264526e+01 5.493493497358873867e+01 6.833173389587102520e+01 8.746986590299337649e+01 8.790832253934439677e+01 7.950062104728833390e+01 7.465593777863156788e+01 5.458608350129209441e+01 5.078693504101462253e+01 3.085183191605054986e+01 3.144862473476201004e+01 3.377324732787364070e+01 5.370950401138743047e+01
5.001202446392439237e-04 2.000050012024428270e+01 3.132578434007931989e+01 3.799245100675738485e+01 4.627672227020247675e+01 5.627672227165977858e+01 5.396165371815425260e+01 3.722432827397756938e+01 3.323678346116815874e+01 3.955889755565669930e+01 5.370607789852263636e+01 7.370701084518648827e+01 6.993064947724388958e+01 5.294268414292844938e+01 5.667950525151551489e+01 7.369264531076503033e+01 7.654048008147027815e+01 8.498434838937956215e+01 9.464857854400027293e+01 8.550518841859474151e+01 8.417845961102700869e+01 6.453407653510660680e+01 5.553547152371370998e+01 7.503192534989527473e+01 6.833173389587102520e+01 4.884759099935234161e+01 5.951134958504017192e+01 7.920050906214608233e+01 8.620616182389457549e+01 7.786841434231203607e+01 7.653046336983146603e+01 5.644089565524512153e+01 4.816890248342091496e+01 2.822513214120031577e+01 4.816932776204524913e+01 4.364880192649269475e+01 6.014295214362086028e+01
5.279685921607564676e-03 5.552281648173922335e+00 1.132578434007023027e+01 1.799245100673701359e+01 2.799245100673719122e+01 4.799245100681030607e+01 6.550870043084364625e+01 5.722649195288217072e+01 4.478329336901652624e+01 5.956421552854301638e+01 5.221267486028951765e+01 7.221444691505774927e+01 8.165061191153951370e+01 7.320913503976679237e+01 7.699323136001241608e+01 8.542997573614799478e+01 8.885439779602506860e+01 8.069401248240804136e+01 7.491384196266538709e+01 7.149415403273749803e+01 8.200818416224392138e+01 6.239403742210479464e+01 4.867989638285242648e+01 6.078408048508805450e+01 6.312437766774837655e+01 4.363915817076240700e+01 5.736752186519964880e+01 7.702265702288765681e+01 7.786841434231203607e+01 5.793683535777385174e+01 6.377465968258976403e+01 5.644146116613900688e+01 3.649937887247978097e+01 2.652402068075457819e+01 4.558524609148656026e+01 6.139192475745503685e+01 6.338034818614129051e+01
5.738623160518319517e-06 2.000000573862280362e+01 3.132578434007931989e+01 3.799245100675738485e+01 4.627672227020247675e+01 5.627672230413243426e+01 5.811656801192066979e+01 6.637161626712882878e+01 6.478729321137636532e+01 7.306814500689044678e+01 6.635839147404318794e+01 8.049383792359832057e+01 8.571134161569518994e+01 7.739634151829888253e+01 8.571134161569518994e+01 8.885439779602506860e+01 7.742154016308859354e+01 6.084973029344679674e+01 6.084973029344679674e+01 5.999686234301749721e+01 7.810535197185406275e+01 7.459473352608161179e+01 5.506352069027934704e+01 4.126318786494856994e+01 5.887235417833089457e+01 3.932936759851354225e+01 5.313085685010040038e+01 7.273355489647377681e+01 7.786841434231203607e+01 5.793683535777385174e+01 4.393324829712689450e+01 5.442132779598135528e+01 4.480783588568506559e+01 2.486058001607247547e+01 4.480783588061058964e+01 5.297875687848504356e+01 4.488613156538752236e+01
4.532054705376768917e-03 1.470202211055066144e+01 3.638671553279318971e+01 4.558751807080064822e+01 3.836537339419619030e+01 4.197666934030633001e+01 3.834930988908111260e+01 5.449286651333744658e+01 6.274196783343436579e+01 7.266494049652651199e+01 8.635221538276428532e+01 8.850036051181099594e+01 7.545882609411796693e+01 5.671284861758484652e+01 7.545882609411796693e+01 8.069401248240804136e+01 6.084973029344679674e+01 4.935450960643638751e+01 4.935450960643638751e+01 5.004185291064688812e+01 6.992220583934057743e+01 6.999118250887796933e+01 5.046340974849913152e+01 3.658134044254477146e+01 5.013377041927146394e+01 3.535251757890900137e+01 4.922720619399225228e+01 6.881301528719900773e+01 6.901400409870775832e+01 7.207135983793213541e+01 5.442132779598135528e+01 3.456797577501778562e+01 4.316223395962722265e+01 2.321554522589962843e+01 4.304215154641278929e+01 3.504322053674894022e+01 5.414762420315975078e+01
9.001595176218036079e-03 2.000900159481701834e+01 2.568727048268725355e+01 3.071195451197222326e+01 1.721941750738156429e+01 2.220748593307790131e+01 2.820053660385922711e+01 3.478419382189984788e+01 4.459853668629136081e+01 6.438719634203042119e+01 8.249860517606310850e+01 6.823371550325731505e+01 6.705459506794184676e+01 4.572147027332329827e+01 6.705459506794184676e+01 7.906987234748685012e+01 7.334263296867143822e+01 5.347728429740872969e+01 3.931366075542742777e+01 5.347728429740872969e+01 7.334263296830430079e+01 7.526317175408409810e+01 5.569375721633406329e+01 4.186763779431228016e+01 3.043537727259095504e+01 3.158818739499261952e+01 5.315617896553046506e+01 6.315866205344037354e+01 4.883319064364237505e+01 6.315861680516483290e+01 6.267969401670112717e+01 4.663401052810371539e+01 2.674138215789377782e+01 2.158759790127878020e+01 2.646510158291258819e+01 3.537472425888816474e+01 4.895610732219003580e+01
5.674351268809080251e-03 3.487224231227651128e+00 7.022719898379500059e+00 1.073637941132599316e+01 2.065693597657473290e+01 3.415462119488044124e+01 4.792330894918841722e+01 5.449286651333744658e+01 6.274196714305085010e+01 7.266493893453269948e+01 7.219610009275444895e+01 5.335872034559754695e+01 5.994355346973568999e+01 3.841328996548054420e+01 4.958346586060977756e+01 7.066464751053179327e+01 6.928763565139084335e+01 4.938859836507701573e+01 3.508934121125713546e+01 4.938859836507701573e+01 6.928763565152479487e+01 7.031073145490096010e+01 6.032110904675872121e+01 4.646761607621949253e+01 2.653234035251835010e+01 4.554387611879318598e+01 5.989346213403590014e+01 5.474401767124543028e+01 3.464562780423725741e+01 4.314020785724882501e+01 5.136165989793295239e+01 4.605173975348170501e+01 3.794116517028932378e+01 2.011354343539304779e+01 2.798025683957264675e+01 4.925462308708392811e+01 5.442725534265457554e+01
9.518805923843161668e-03 2.000951880592348786e+01 2.699599508599706610e+01 2.227050044672559537e+01 3.806167728327123001e+01 4.715600343101539238e+01 6.015738627363582225e+01 6.530927269417475145e+01 5.770463162506305110e+01 6.530927269417475145e+01 6.366653028981056650e+01 4.246270550037539948e+01 5.345193477145414107e+01 3.214605689590256787e+01 4.725104328970807899e+01 6.842221108548923780e+01 6.769073855179034638e+01 5.147929919942384203e+01 3.119911825085652879e+01 5.147929919942384203e+01 6.769073855179034638e+01 6.201488849556108107e+01 4.205587200431485684e+01 3.209311187268037457e+01 2.396528244800813923e+01 3.804917249915001776e+01 5.800460396261117069e+01 5.824077430194005700e+01 4.313503434619568111e+01 2.310074385613602388e+01 3.451758886144087057e+01 3.580048862929259457e+01 1.805578633798047150e+01 3.792643321834948722e+01 4.680332326116998587e+01 5.870839252214133808e+01 5.592101475064347227e+01
9.062254805971973678e-03 1.415119787926567341e+01 3.415119955266415985e+01 4.224347205968670238e+01 5.052663159061855680e+01 6.193081192883983022e+01 5.431906465496791014e+01 5.231241263906404271e+01 3.931198231238916208e+01 5.611784283893721437e+01 5.538046890263157707e+01 3.405572602926695680e+01 4.843009119647578586e+01 2.756916666446894482e+01 4.221604782510623721e+01 6.343211898081089828e+01 5.948392462124090940e+01 3.940999479318351462e+01 2.749288847816148973e+01 3.940999479318351462e+01 5.948392462124090940e+01 7.031073145490096010e+01 5.560225232218782310e+01 3.565137182224546564e+01 2.156962913745187294e+01 3.826014769223490219e+01 4.649299927438774915e+01 4.964443865416496493e+01 2.911606936012402258e+01 1.909353315948928298e+01 1.458151403571171301e+01 1.601668388399261644e+01 3.591068548573242936e+01 3.360269048397130831e+01 4.425238519946007898e+01 5.256221373569812982e+01 3.565694325733620218e+01
3.063233560239582431e-03 1.991997608329920766e+01 2.275683766808553088e+01 3.123069206807946685e+01 4.284852245789372205e+01 5.338795879357672192e+01 3.581656515467312119e+01 3.378526179665330886e+01 2.991519899216249812e+01 4.850830697098933797e+01 4.827222127817668706e+01 2.743747345234485735e+01 3.976646606052575095e+01 2.357233994598531979e+01 3.779890788069506158e+01 5.890147435945846865e+01 5.885532161300036336e+01 3.873401002749342581e+01 2.416363196452171636e+01 4.462740574452102038e+01 5.726652589911979874e+01 6.807536631983839470e+01 5.579229566416506003e+01 3.568096003083121559e+01 3.773000439304563969e+01 1.833574096325095226e+01 3.510508594095173152e+01 4.105176421487985294e+01 3.236445893053899425e+01 1.375800125661704598e+01 3.369062860496269707e+01 1.548558627501086349e+01 1.612467219894248416e+01 1.676342358012011857e+01 3.670240359255529228e+01 3.824286337274977399e+01 2.531855276459400272e+01
5.666595628964066558e-03 1.959347935136253227e+01 2.034666081192749942e+00 1.411458409422531801e+01 3.423328509259975760e+01 3.989169745046274329e+01 2.701410554653845253e+01 2.024295041013485275e+01 3.921173863806306770e+01 5.611307911689626593e+01 5.692355934971325127e+01 3.976646606052575095e+01 1.965630619489800779e+01 1.982634803329322182e+01 3.989965227810478154e+01 5.384984480912729055e+01 4.578355219289149858e+01 3.745779039091674179e+01 2.103013430980182008e+01 2.885138128892705822e+01 4.060442516504476629e+01 6.008536698405629295e+01 6.413247486774010042e+01 5.572381257161568158e+01 4.640594279292459134e+01 2.928907070111344879e+01 1.518980016717331338e+01 3.209199879349245776e+01 1.293755114705458809e+01 3.290376967937479691e+01 4.190931684954182401e+01 2.971070257827940608e+01 3.606650444641955033e+01 3.577642920583394925e+01 1.766778676866961106e+01 1.830912484624441916e+01 1.895328627455842252e+01
2.110006612196471242e-03 3.224895608336716402e-01 6.429279410400556838e-01 2.057252773109925670e+01 2.862716128056634801e+01 2.655487193795810796e+01 1.322861781822591709e+01 3.250435893833829226e+01 4.684377078587507270e+01 4.719115264499378526e+01 4.669734668475916806e+01 3.457404265711110014e+01 1.472410941035918519e+01 3.457404265852077430e+01 4.819143293444528098e+01 3.359785601694095192e+01 3.359785601694095192e+01 1.700529575243970726e+01 3.745779036202538492e+01 4.907425884799125271e+01 5.726652589911979874e+01 5.721229177381877662e+01 5.634014515685110069e+01 5.337053377167801926e+01 5.734007902928824763e+01 4.063267904922015816e+01 2.330464630766170941e+01 1.212480462689015148e+01 2.170988714443452139e+01 2.341840869313241313e+01 4.340814034217291351e+01 5.050884982965690284e+01 5.173953319016859353e+01 3.178402295072984174e+01 3.176733896763610332e+01 3.824622854684564999e+01 2.083784834771143224e+01
9.367352646185668139e-03 1.993103501060383564e+01 2.047993699709817861e+01 1.096672835446129035e+00 2.083785049764708219e+01 7.206456793891768520e+00 2.458715297212862083e+01 3.803690124476050727e+01 4.146023222810651987e+01 2.877309363320394198e+01 2.720869769561271312e+01 2.760142605341432898e+01 1.182419586809802325e+01 3.164639320460352323e+01 3.747077658081978768e+01 2.991238832548136983e+01 1.319741726370870616e+01 3.359785601694090218e+01 4.578333327159865007e+01 4.392515525553974243e+01 4.322683185427045771e+01 3.106239930750659894e+01 3.481905423484438700e+01 3.735122299719652972e+01 4.641556054835376699e+01 3.852665524347689541e+01 3.075664695998330700e+01 1.157380680071072732e+01 3.153794352799983614e+01 4.335486252778861171e+01 3.752792706697648129e+01 5.760505814637980393e+01 6.011681307090206161e+01 5.179030370450713150e+01 5.166249589004305420e+01 4.634931499327350224e+01 2.613285895589133645e+01
3.648181865326004768e-03 1.980757900156894280e+01 2.780938405169067451e+01 1.787500616344033588e+01 1.550689321146014876e+00 1.971116312055589859e+01 2.517496568043672411e+01 2.919015439798208789e+01 2.964057130468918544e+01 1.401645524938451537e+01 2.443270171828689641e+01 7.771108546703052511e+00 2.699817791118903898e+01 3.396154860302112866e+01 2.706638579643298570e+01 9.507329178891895438e+00 2.976750171416360402e+01 3.842695244413627620e+01 3.258196178800640297e+01 2.246116436039291742e+01 9.162366126186226367e+00 1.602822792962017928e+01 2.375912152442351299e+01 3.717203297285634278e+01 3.017514680086839363e+01 2.319123080631853639e+01 1.079721660832032804e+01 1.937161708985644282e+01 2.638031484769433277e+01 4.582820588119079019e+01 5.760505815329457135e+01 6.590612641086271140e+01 7.401686372791021995e+01 5.406489655336541489e+01 4.262120116608480203e+01 3.372817427837999560e+01 4.634931500866825616e+01
