LEM/sinusoidal_perturbations/elevation_000032.asc
nrows	100
cellsize	150.0
xllcorner	0
ncols	100
yllcorner	0
NODATA_value	-9999
[rows 0 to 16 of 100, columns 0 to 36 of 100]
8.271705653423140972e-03 1.415040732938449786e+01 3.415040732938520307e+01 4.349114494855699320e+01 5.177541619287624997e+01 4.797436645631926666e+01 4.430429807487560367e+01 5.844643369860605731e+01 7.844643369856257209e+01 8.178247164210372944e+01 8.013729509425094477e+01 7.196195904396255116e+01 7.453527075799948420e+01 8.270339782371122794e+01 8.245250032334396906e+01 7.414773199389672698e+01 7.155862936483173087e+01 7.985723617652693918e+01 8.708111453324966078e+01 8.914353459631894339e+01 8.082458579408914545e+01 8.914353459631894339e+01 1.040786842778498311e+02 9.571633586521410564e+01 1.040786842778498311e+02 9.501789472298884220e+01 8.368611843023521146e+01 7.549211518544220212e+01 7.802642767930981904e+01 7.368562000124734368e+01 6.627210111238456136e+01 7.425342453098851081e+01 7.230929470693483552e+01 7.506694281399633439e+01 7.790946691506492527e+01 8.099411175664631912e+01 8.424233668146128196e+01
7.813061968023241044e-03 2.000781306196766707e+01 2.777385128362476152e+01 2.349114494855897917e+01 3.797436645632056695e+01 2.797436645632165764e+01 4.211650208005210771e+01 6.211650208004400753e+01 7.217845854927739424e+01 6.194886816995608569e+01 6.194886816995607859e+01 5.208452469918492511e+01 5.466620125166865307e+01 7.453527075799948420e+01 7.414773199389672698e+01 5.420960853509928512e+01 5.162397221304795636e+01 6.709854084297160171e+01 6.709854084297160171e+01 7.916003100449253793e+01 6.090592223719597342e+01 7.916003100449250951e+01 8.917947432201751212e+01 7.572947613757750673e+01 9.405572561922224395e+01 8.673626678521137023e+01 6.726082492640425414e+01 5.602216058155899958e+01 5.854521721430196379e+01 6.105422641619878732e+01 4.528858914310445982e+01 6.519520506842754060e+01 5.300325187060361287e+01 5.587995204698151497e+01 5.884071306909046228e+01 6.217836911538829980e+01 6.558270511081555298e+01
2.526786264046545528e-03 3.851528580861543816e+00 7.773851283625208275e+00 1.194413956476666883e+01 1.797436645632183527e+01 3.797436645632056695e+01 5.625863770012493603e+01 6.633574445431284516e+01 5.232087044075571214e+01 6.022613035020119554e+01 4.209003751328241805e+01 4.063056761704949338e+01 5.466620125166865307e+01 7.453527075799948420e+01 7.295130117129406244e+01 5.299278656641960339e+01 4.009037514003972547e+01 4.714999183756950174e+01 6.604875863265999669e+01 7.086525401564254878e+01 5.093559646038053046e+01 7.086525401564254878e+01 6.922983874625980150e+01 6.579866595635641602e+01 8.572290600139587013e+01 8.064852873604726824e+01 8.041116874190666408e+01 6.425113165378041913e+01 4.458910521870780030e+01 4.171831551883994393e+01 5.989560291650749946e+01 4.900730240561292561e+01 6.845274082415727435e+01 7.376424058387023308e+01 7.790946691506492527e+01 6.911853447698325681e+01 8.424233668146128196e+01
4.163169627051843593e-04 2.000041631696235100e+01 2.777385128362476152e+01 3.194413956476579486e+01 2.263458924126345551e+01 3.418159462505555979e+01 5.418159462504331714e+01 5.813702333230079944e+01 3.829572616911578820e+01 4.558828518143539554e+01 3.219726285167999436e+01 5.201945284161927674e+01 6.868479953768994051e+01 7.734458138718619580e+01 6.709854084297160171e+01 4.714999183756950174e+01 3.303178602627846061e+01 4.841341897853595100e+01 4.609856783144144288e+01 5.571496414674567887e+01 4.427118562791919487e+01 6.422203483055521644e+01 5.515798444217390539e+01 7.507295172419881624e+01 8.064868243220497845e+01 6.082098501019163450e+01 6.445869691060137541e+01 5.236825438731703741e+01 3.824907217612923915e+01 5.810100762048250544e+01 6.857580746147043271e+01 6.286564454930037016e+01 6.286568050435601407e+01 8.196663873308916948e+01 9.372220164000982834e+01 8.658524419734729349e+01 8.230683748645459730e+01
5.883922493566802643e-03 1.155288930628598187e+01 2.569502493001662202e+01 4.569502492389663928e+01 3.677672486499390914e+01 5.091886047911703628e+01 6.246586585628023869e+01 5.961941657870935529e+01 3.977640004639854965e+01 2.578648871140274323e+01 4.558828518143539554e+01 6.022613035020119554e+01 5.739152247215645275e+01 5.739152247215645275e+01 6.337531153640095027e+01 4.815153282398353696e+01 2.819901171938840179e+01 2.846043918154220265e+01 3.198206057175953276e+01 3.574948598587521786e+01 4.108871048590791730e+01 4.663745222335653295e+01 6.658118114274628851e+01 6.861570785684364182e+01 7.615298749882647655e+01 6.445918888701324079e+01 4.455263623065169298e+01 5.296568948609069594e+01 3.593554404250252077e+01 5.015911258137519724e+01 7.010593507983728045e+01 8.196698043287088353e+01 8.196840539342426268e+01 8.997138812978022315e+01 8.891794371470240321e+01 9.727172661214103755e+01 1.013558754666505877e+02
1.256007409845548732e-03 2.000125600740949139e+01 3.536493351130084761e+01 4.430920615438890309e+01 5.677672486495595194e+01 6.150669393880287572e+01 5.332878000981936850e+01 5.593466152908907674e+01 3.610246933967160743e+01 2.214618604251206335e+01 4.191118388402227879e+01 5.569978129615180507e+01 3.748782271865782434e+01 5.569978132993536235e+01 5.509434355254231264e+01 3.514071468088030770e+01 2.362563012122111772e+01 4.357411055211085937e+01 5.194184343096842582e+01 5.571496414674567887e+01 5.463840459061411536e+01 5.415652285706790536e+01 6.204241638341873966e+01 5.167030130650951492e+01 6.615797271484133546e+01 5.830984267738455173e+01 5.004079585048459222e+01 3.235689382077853082e+01 5.296602070164749421e+01 4.867436468991189713e+01 6.279119932666773707e+01 8.323191190117798044e+01 8.931162872898215710e+01 8.039370494631718600e+01 6.479763723550517796e+01 8.261580051259440438e+01 8.980052754665925363e+01
9.594114293757748102e-03 7.080661926159263153e+00 1.602493383615857780e+01 3.016706945988996225e+01 5.016706947027441998e+01 5.009055752836146524e+01 3.354298230042399354e+01 4.203147472105581528e+01 3.383717345941711585e+01 1.881282588670033817e+01 3.847053938935822970e+01 4.743967259513633650e+01 2.755362349971710145e+01 4.742615244694938070e+01 4.705050507409635685e+01 4.095474108542855163e+01 2.100153013002638147e+01 3.733568126826153133e+01 3.838033669842505446e+01 3.945796063447307489e+01 3.470256721957643009e+01 3.336585816808696592e+01 4.799288602053189123e+01 4.160201567240738285e+01 5.505032544164431130e+01 4.739949351030904978e+01 2.831302076895284969e+01 5.003973783499973393e+01 6.074043435162083426e+01 6.868808626140354079e+01 7.725701128487565938e+01 8.341077035804914885e+01 7.514215649012787424e+01 6.203049759435707244e+01 5.269431006353104863e+01 6.242615120026033537e+01 7.563909459458014339e+01
7.711341127313004785e-03 2.000771134112695648e+01 3.536493361616156506e+01 4.430920581002199299e+01 4.436370524788393510e+01 3.607748437498626970e+01 2.230400677457012293e+01 2.951156432458381573e+01 1.449245390727974048e+01 3.383716352462359112e+01 4.667454788735006588e+01 4.080779382756686147e+01 2.090212808695227409e+01 3.235900604983253714e+01 2.738644187977841327e+01 4.124706203400901217e+01 3.579920532729700966e+01 1.734439161987322464e+01 1.842558465789688071e+01 1.950956800003026714e+01 2.059838329518602151e+01 2.169403894463783189e+01 2.976967372183630189e+01 4.413000919465787319e+01 4.558937767110877815e+01 2.746463528521227104e+01 2.916306424656659146e+01 4.836746277233780944e+01 5.941120118328578315e+01 6.990484273475216526e+01 7.321519652250111676e+01 6.855961766414553438e+01 5.521329224364609445e+01 4.802514631191348116e+01 6.574374078726663129e+01 5.807133965302021750e+01 6.202743497305556275e+01
2.297228869525369630e-04 1.415381537086744501e+01 3.435690178720675192e+01 3.772655512402034361e+01 3.270841721830736759e+01 1.607877694337580010e+01 2.567755620475440992e+01 1.067494512591558831e+01 2.910715188176614276e+01 3.642632906017215078e+01 2.937982884646404358e+01 3.024620353782017190e+01 2.865694858252992816e+01 1.236332028537963801e+01 1.325008443089869559e+01 3.313175119413293856e+01 1.593399838446431183e+01 3.578335443391155479e+01 3.832387457013390275e+01 3.362501151176255121e+01 3.470256721957313317e+01 4.069389194563219547e+01 2.326976261086278441e+01 2.438973867101910997e+01 2.565967971477898146e+01 4.558988155014863963e+01 4.910582383629439107e+01 3.159065839249560526e+01 5.154745851759923880e+01 4.996479131030500298e+01 5.381963189729484043e+01 5.156370142945973356e+01 4.363400810673150687e+01 6.363622135277842773e+01 7.497317633098501233e+01 7.722536241338814023e+01 8.093367851504466159e+01
9.647730019007896146e-03 1.990928161905585725e+01 2.356129047716767744e+01 1.688182125747241358e+01 2.305635107752528512e+01 4.536128113272943629e+00 7.207943114837863874e+00 2.206556736395513951e+01 2.355490472701935900e+01 2.759193963169859387e+01 9.437594173977196021e+00 1.028417217085790547e+01 1.113558981616185761e+01 3.111689500976614653e+01 1.724966771120649511e+01 1.452722825655083660e+01 1.675156432974735310e+01 3.669660701703970318e+01 4.801483709133856337e+01 5.369746950184515555e+01 5.463840454001923064e+01 4.365222165176989932e+01 4.426182686099698316e+01 4.431906525343344327e+01 2.758547862006851048e+01 4.727660959638021154e+01 5.892810940582676693e+01 4.977097605670261515e+01 3.405696222606617596e+01 3.582334106050574007e+01 3.765124158714397140e+01 3.951437646042821683e+01 5.954422586374813875e+01 7.138288612624215546e+01 7.140794623225711746e+01 7.469245601220765707e+01 7.904023690825314929e+01
3.582433992925927561e-03 2.000358238342836614e+01 1.861927940572629891e+00 2.634288957091189598e+00 3.408701109176277111e+00 2.340366221366638300e+01 5.715515561772753550e+00 6.549834535016898052e+00 7.383953098208731802e+00 8.237966868856952729e+00 2.818088076064092107e+01 3.024620370371519584e+01 1.378896412082579559e+01 3.764518014784544420e+01 2.992472759030141560e+01 2.867354818777435099e+01 3.669607394987350801e+01 1.993158899433064235e+01 3.984674347570757647e+01 5.130648371998231738e+01 6.123706431250021609e+01 6.457075604045181194e+01 6.004242996174595248e+01 3.985795728587660847e+01 4.727660959638021154e+01 3.080003234489209518e+01 5.092616817826015563e+01 6.154123727302626889e+01 5.402870490958191141e+01 4.477177868645974712e+01 5.764121318483501710e+01 5.954422586419088503e+01 4.308429995366903853e+01 6.311881818146428458e+01 5.140018342561283049e+01 5.471356299231440801e+01 5.911620184704160863e+01
1.813270376062421294e-03 7.708655555517527347e-01 1.704980439053582231e+01 2.218840137028450599e+01 6.779857124446368566e+00 2.632738632919446786e+01 3.320122706652863087e+01 2.919641907332360375e+01 1.578838248178625214e+01 1.008009802286053969e+01 3.143507755529041248e+01 4.518604985444346056e+01 2.906524639327728110e+01 4.662978307537821365e+01 4.474797118320083911e+01 4.861616575574522869e+01 4.806108619311357444e+01 3.984674347580688902e+01 2.320053428196089484e+01 3.314914318990815900e+01 4.723828571987881730e+01 6.706370064626784711e+01 6.831288250224785941e+01 5.418741514859411978e+01 5.923148455954984826e+01 5.092616817826015563e+01 3.435822911671039748e+01 5.479263640262519175e+01 7.298774204115977682e+01 6.473123733466508156e+01 6.473123177489634372e+01 7.138266735497295201e+01 5.727491720527545027e+01 4.684432403575319626e+01 6.103757312592391315e+01 7.469245601192493211e+01 6.260448868642419740e+01
2.372884694381488524e-03 1.598049559758086602e+01 1.680764677199595170e+01 3.156534340453895027e+01 2.632485418638860963e+01 1.175553089910844307e+01 2.834949922278503109e+01 4.363422855281950774e+01 3.673817005890299470e+01 2.261302126228549980e+01 1.650196533736563254e+01 3.773832854952016902e+01 5.067551604790497066e+01 5.905750164301767313e+01 6.467055552874391822e+01 6.687978049712798168e+01 4.705720282635144258e+01 3.554907631359749587e+01 2.560551435205599446e+01 4.549214740877748397e+01 5.627921915030574951e+01 6.445692114051495025e+01 7.434391939287468176e+01 7.417818971407309903e+01 7.458375992922861997e+01 5.277274539581716795e+01 3.711511816150630239e+01 5.758159604870591863e+01 6.733411438161388674e+01 7.555238630279180256e+01 8.464495735604788251e+01 8.548957152962006489e+01 7.208400722223778700e+01 5.204028431074053884e+01 7.208401587969628110e+01 8.924387164922963223e+01 7.667324194950788296e+01
8.175220331382775790e-03 2.000817522033102591e+01 3.513559494079731138e+01 4.184487319864394550e+01 3.484108614258180836e+01 1.531932888504897861e+01 3.484303643267404738e+01 4.891401886251657771e+01 5.199517683487293596e+01 4.348623045715945068e+01 3.773832854952016902e+01 2.389697652627510394e+01 4.438209297393225938e+01 5.178389523141717632e+01 7.231881870136915325e+01 7.504664675839283916e+01 5.696849996590903942e+01 3.709087291650174478e+01 4.549214740877293650e+01 2.937643838487909420e+01 3.639705706041797839e+01 4.636905787137559543e+01 6.618932732388736895e+01 8.204568481777324962e+01 6.536764795281227691e+01 5.302478235946524165e+01 4.181350367155428671e+01 4.299635759615107844e+01 4.737998232624673278e+01 6.733412252716711066e+01 7.392380822998823930e+01 9.372734056025460347e+01 8.036654350994717788e+01 6.364527155099474243e+01 6.211973722079188320e+01 8.229229340099274737e+01 9.654522833245624724e+01
9.124702163186202558e-03 1.154931657637504649e+01 2.563235847562518543e+01 4.540218433462950998e+01 3.484303643267404738e+01 3.484303643267404738e+01 2.091473618471950147e+01 4.066763324295519055e+01 5.426165519075763655e+01 6.248806450827271419e+01 5.286954913370055920e+01 4.438209297393225938e+01 3.151012623363597243e+01 5.178389523141717632e+01 7.121501064621803323e+01 7.312153803737484736e+01 5.333818783362161042e+01 5.696850023155507614e+01 5.214873073446283769e+01 3.228738176339175681e+01 5.214873073465258813e+01 6.445692186710464000e+01 7.434858649676803566e+01 8.531643540680737203e+01 6.381572006714949197e+01 4.862916190597808708e+01 6.221007442122864717e+01 5.736837090110608983e+01 6.733412252716711066e+01 5.415411864178720691e+01 7.392380822998823930e+01 9.098437218245911140e+01 9.190251473773821544e+01 8.361155500876181179e+01 7.115280876856607506e+01 9.066896653124983629e+01 1.101052617857116758e+02
2.239863785106879172e-03 2.000223986378475161e+01 3.721890326388134440e+01 4.875806780504517235e+01 5.471749078238849506e+01 4.891398127879777746e+01 3.069667590073380481e+01 2.801030730607597974e+01 3.429176370815137176e+01 4.843256035693995187e+01 6.833433499491930263e+01 6.029573299600904335e+01 4.314574563606868907e+01 4.227768296571583306e+01 5.397911985126174983e+01 7.459665690129835980e+01 7.312153803618325298e+01 5.927940492186871069e+01 4.523718992010834228e+01 3.529534490558718574e+01 5.514290575232594449e+01 6.832328330482962997e+01 8.224354468940559570e+01 8.729082615284252711e+01 6.769577161603767479e+01 5.375309358293793593e+01 7.343503053689859428e+01 7.718832643806096883e+01 8.214921643405008922e+01 6.558250511008250783e+01 6.302378704111454510e+01 7.437548753008150015e+01 9.415512638485324715e+01 1.001579723148273331e+02 8.611122219032031921e+01 1.001670175715085236e+02 1.093775171846827163e+02
1.766589122093755728e-03 8.946038149233679349e+00 2.049300262117710858e+01 4.048816719045181145e+01 5.551963700171868510e+01 5.887733657088466543e+01 4.480299397691679530e+01 3.797076517067227286e+01 5.426165519075763655e+01 4.843237659688831087e+01 6.832593874171828929e+01 7.212747409340407501e+01 6.358382702035336820e+01 6.266834775199332341e+01 7.121501064621803323e+01 8.310601634720468667e+01 8.712195024401799515e+01 7.320067777707488688e+01 6.263913700028702181e+01 4.280597424416376384e+01 4.038323177100254213e+01 5.440302197275855178e+01 7.387590062688322234e+01 8.774227703145066926e+01 8.159162823582632029e+01 7.343503053689859428e+01 6.273572807197175649e+01 8.221017731908021631e+01 9.357855659078532540e+01 8.531824019244589863e+01 7.285250728633029382e+01 9.098437218245911140e+01 1.024036915648722896e+02 1.083585447169691633e+02 1.080805111778569199e+02 1.060769913684569019e+02 9.031612356980890866e+01
