LEM/sinusoidal_perturbations/elevation_000736.asc
nrows	100
cellsize	150.0
xllcorner	0
ncols	100
yllcorner	0
NODATA_value	-9999
[rows 34 to 50 of 100, columns 0 to 36 of 100]
2.064481644892168701e-03 1.996055256833966851e+01 3.706160981746226213e+01 4.613180266781369454e+01 3.674425745385626385e+01 1.812780246852406307e+01 2.568244846268486725e+01 1.473838417220737540e+01 2.040135942504797839e+01 3.029558108282292039e+01 4.536453681660132986e+01 4.909194841287879285e+01 2.951478338805360835e+01 4.909195918855381535e+01 4.357806193021539798e+01 6.140089162416639823e+01 6.331290498958134094e+01 7.264191135778712294e+01 8.598477281322087151e+01 7.791851242855793203e+01 7.761226229563449408e+01 5.978932136552612064e+01 7.761226229563449408e+01 7.152549782424004832e+01 5.185931885338703040e+01 7.152549782424004832e+01 8.319818770687649589e+01 9.445603518549029332e+01 8.953481806760380834e+01 6.936608118814412194e+01 7.677889941647929106e+01 7.377993589932660257e+01 5.783354762697069162e+01 7.816958088342421718e+01 8.866187391352956126e+01 6.891147757708243660e+01 5.480844155093532777e+01
2.905961989428186391e-03 1.898749324679988604e+01 2.911894543933082247e+01 3.846771784832959895e+01 4.543149953190348356e+01 3.147411877974242600e+01 3.966077628525572862e+01 2.397923615380348394e+01 3.026171425441277307e+01 3.064663699743067937e+01 4.693069259937393412e+01 5.721323305170408702e+01 3.929496084890810437e+01 5.721323305170408702e+01 5.724303977312391822e+01 7.114852085845973306e+01 8.007131240160751418e+01 7.175979224276152024e+01 7.870805417053024655e+01 8.400633922881397098e+01 8.580249599180855569e+01 7.679763220444105798e+01 8.580249599180855569e+01 7.845020588599653877e+01 5.886416663631653279e+01 6.175205654774291730e+01 7.561235081632793253e+01 9.502781843360972402e+01 8.953479068040267919e+01 8.953481809609895947e+01 9.493520250209003564e+01 8.137099856888757188e+01 6.109045566940606875e+01 7.288063161871265550e+01 9.297115592051346766e+01 8.285402236156764388e+01 6.633912831909829322e+01
3.542675937824442140e-03 1.211786862598181802e+00 2.121212519134560637e+01 1.904347699977923725e+01 3.847054648298713886e+01 5.179235003233473122e+01 5.031609446006964959e+01 4.210623984596882252e+01 4.687555557102815129e+01 4.693539949981953185e+01 5.444733211078107615e+01 6.701306152738550281e+01 5.888895752819960450e+01 6.701306152738550281e+01 7.691105432218520832e+01 7.400282723377776506e+01 6.589165026231606248e+01 5.163574190597303470e+01 5.855686035688664504e+01 6.379820757445464352e+01 7.563296525033224782e+01 8.400125877725547241e+01 9.677901365393924493e+01 8.651379391286748444e+01 6.769173916844820837e+01 8.129894612177885449e+01 7.561235058647976359e+01 9.502775123815133895e+01 1.094413457646385694e+02 1.034680961042372047e+02 8.676384657913391152e+01 6.656671924493831227e+01 6.882814225588124657e+01 8.899378152653478935e+01 1.011602390853462765e+02 9.424761388209752511e+01 8.611228435346801291e+01
3.411803931810562015e-03 2.000341180393145635e+01 2.929933981009132271e+00 2.293062539037709158e+01 3.295453324020724040e+01 4.309015343540664134e+01 4.002632247373377083e+01 4.300926457838321681e+01 3.838949651195671464e+01 3.838998208240754195e+01 5.984705451480780880e+01 6.609839549677107584e+01 6.594280770733035979e+01 5.773110151896065645e+01 6.594291177487986033e+01 6.271312719418595094e+01 4.604203560493641589e+01 4.002405839225738760e+01 4.430396935897634592e+01 4.949693278322183687e+01 5.532208257556624886e+01 6.721858766045222922e+01 8.838660778479442115e+01 9.521852924410764274e+01 8.147885814364141766e+01 9.521852924410764274e+01 9.502774293274684680e+01 1.031190648749169867e+02 1.140309258622829560e+02 9.530727467308152256e+01 7.527115925880653435e+01 7.203244566526653614e+01 8.899378152653477514e+01 8.316265692206742699e+01 1.030713616305273348e+02 9.159219565348561787e+01 7.185520952032628372e+01
3.327314952832964925e-03 2.000332731495247884e+01 2.293062539038157510e+01 4.667422953278999032e+00 2.466903767610148890e+01 2.367550205033164445e+01 2.043548910180576073e+01 2.838299892177495565e+01 1.863191725451293479e+01 3.773787450474405603e+01 4.608809268310216822e+01 4.608795901882056967e+01 5.598106140610777715e+01 3.778719791011253903e+01 5.598624030166296706e+01 5.454054766381706543e+01 3.446088850131906156e+01 5.454061625685746861e+01 6.445900837589846333e+01 6.076251478031797859e+01 7.563296525033224782e+01 6.817402312112396601e+01 8.255187084074498216e+01 1.027508289260655800e+02 1.008549644709222548e+02 9.676593828722188562e+01 1.050720685202857823e+02 1.197749462955146385e+02 1.001505240107384651e+02 8.608423038586209941e+01 9.530727467308152256e+01 7.769205785314139234e+01 9.764148622593999960e+01 1.030713616305273348e+02 1.112314354286549190e+02 9.979651928768137736e+01 8.838952734183743587e+01
6.779948344387334673e-03 2.000677994834403250e+01 3.271530801815799094e+01 2.382100185091210776e+01 6.421539004042651655e+00 7.676450637977965563e+00 8.951602007267323913e+00 1.024258018991231900e+01 1.154165982860586759e+01 3.155426092843098829e+01 2.607271778298054343e+01 4.608754876170635839e+01 3.879354148256255286e+01 2.777330348448914776e+01 4.325198252272682709e+01 4.635696484192101252e+01 3.097134835545957898e+01 4.255281047528225713e+01 6.261973946988576500e+01 8.090651871369733783e+01 8.922073622158578132e+01 8.846800869103246612e+01 9.681253378938124854e+01 9.242398963763349684e+01 9.326378045539613026e+01 7.679902347128897588e+01 9.352964621282509938e+01 1.050114845384579070e+02 1.140309256324524654e+02 1.001505240149736835e+02 1.041515885993282069e+02 8.445790206780908704e+01 9.762780043729623003e+01 1.171570939025328926e+02 1.148928359779444861e+02 9.542448803498596988e+01 8.393759375975871251e+01
9.516927588586143695e-04 1.415066126256492041e+01 3.419405644638827368e+01 3.372355046775381027e+01 1.610311495576470975e+01 1.631521949355752810e+01 1.931941370177286998e+01 2.951093456382970359e+01 3.155348841028190066e+01 1.341461243455828445e+01 3.342926243018232668e+01 3.677422372247890792e+01 1.876913911451303818e+01 2.020250959485415976e+01 2.322144680309475717e+01 2.631226806428166753e+01 3.788409731053032914e+01 5.786987378428677431e+01 7.092205692381364202e+01 7.560270070352819971e+01 8.146910687188047007e+01 8.342245066908509443e+01 8.340084986362515451e+01 6.903838527220442245e+01 8.091305382105063870e+01 6.537058618740132943e+01 7.703590388050660920e+01 9.294836563244277272e+01 1.045351283868073011e+02 1.197749517691862309e+02 1.121290065438808199e+02 9.596300198001318904e+01 1.006119141563656143e+02 1.199013329372875631e+02 1.230740288314346316e+02 1.053519617977623568e+02 8.980269844653480504e+01
1.945935296826602993e-03 1.414408155868098937e+01 3.414408061612616763e+01 4.253638578569366047e+01 2.913468063147841391e+01 2.581162873448151984e+01 3.926538858842118884e+01 4.587151536626668502e+01 3.788691721802601364e+01 1.945724645553085352e+01 1.536624675951758867e+01 1.675305800282994895e+01 3.677465355485625054e+01 4.022864273754021980e+01 2.257894852902986571e+01 4.260570236135829703e+01 5.330953903268554939e+01 6.608172513441705576e+01 6.973935879838539620e+01 5.558054476242273978e+01 6.144489846318133175e+01 6.343749978795951705e+01 6.960308289216602873e+01 5.362209090714189585e+01 6.788064543944820173e+01 5.726902357827093937e+01 6.459779088396662416e+01 7.615347307531963850e+01 9.621720587011688508e+01 1.127438462829922088e+02 1.228822683851114022e+02 1.148427055791337210e+02 1.199013329372875631e+02 1.173151644667454860e+02 1.083839989832139281e+02 9.721756490738685841e+01 7.735861409395333510e+01
5.600688922766023682e-03 2.000560068892241006e+01 3.463853289548874415e+01 4.292197500188537163e+01 4.785140617158921117e+01 3.964245248098979602e+01 5.376765256224978629e+01 4.939604785245578711e+01 2.951475147053841752e+01 3.965407146959007889e+01 3.538293541105537088e+01 2.365738463833707073e+01 4.270929465871973463e+01 5.087094597858131806e+01 3.153792595921439101e+01 2.502583311374814912e+01 4.503010594517409970e+01 4.933571326504561938e+01 5.129027135919583458e+01 4.142836960370865995e+01 5.533853716506303044e+01 4.928743757797565195e+01 6.023260652187430253e+01 4.453356553351434144e+01 4.786819069975041430e+01 5.195066383019098311e+01 7.199407912328517511e+01 8.424041387641300105e+01 8.424041387780165735e+01 9.794385964951406720e+01 1.065561929261065330e+02 1.188024252633953211e+02 1.234775609602324380e+02 1.033217157522464760e+02 8.935188406684275719e+01 8.037249200884775746e+01 7.363485176078290806e+01
8.215197286175309616e-03 7.079283009151621009e+00 1.463857246933518752e+01 2.463857246740303353e+01 3.618557768944364739e+01 5.618539081838748928e+01 6.789285264384126606e+01 5.761211081627430275e+01 3.952149553351901545e+01 5.761211081627800468e+01 4.272089394362036785e+01 3.690307979017445916e+01 4.271942968868767565e+01 4.788527329795070386e+01 5.155647772317067279e+01 4.503912541802167624e+01 2.751053750757958483e+01 2.930981870605652517e+01 3.126562847646581389e+01 3.325046585033506830e+01 3.531824727052573110e+01 3.773128855342147858e+01 4.021635952300542272e+01 6.018417808966162141e+01 6.785913951111196241e+01 7.188249530139967192e+01 5.901892230873355061e+01 6.418005022188114594e+01 7.050280218220619588e+01 7.758247130805960978e+01 8.926390818689795026e+01 1.101272742308589443e+02 1.195749349260896111e+02 1.173151712764017134e+02 1.083839989832139281e+02 1.002132204500479133e+02 8.525079463346860109e+01
2.613274238814250559e-03 7.561902734423265215e+00 1.650617464436380288e+01 2.805317999761302161e+01 4.805314266486985275e+01 6.446757827827570964e+01 7.574279084402745355e+01 6.750477401749685669e+01 5.927022765969795159e+01 6.750477401749685669e+01 6.278889736131930022e+01 5.676633978472994357e+01 6.277577819433767559e+01 6.203216140293250191e+01 6.169418774658360149e+01 4.167379413121287257e+01 4.753706005643866206e+01 3.417073432451334725e+01 5.129027135938370208e+01 5.327318477543350639e+01 5.533853716545262813e+01 4.135793919524569873e+01 6.023260652187430253e+01 4.688741214578652006e+01 5.188833876924898192e+01 5.791917907290055467e+01 7.789600577947736326e+01 8.424041387802617464e+01 9.061260272948194938e+01 9.794385964951406720e+01 1.065561929261065330e+02 1.140959694708255938e+02 1.007581654920784331e+02 1.062694696592766093e+02 1.250882442224902746e+02 1.131288467055184412e+02 1.049759291315167076e+02
7.532853315450405325e-03 2.000753285246810265e+01 3.584624279748643261e+01 4.479027904674756400e+01 5.633716873057782948e+01 5.946082053625963226e+01 5.578912713412345425e+01 5.983793506215089053e+01 5.141678800122278403e+01 5.982469940524433127e+01 6.027115528162129721e+01 6.028833412879443188e+01 6.856734738163922316e+01 8.198622705600436689e+01 6.999361735744194846e+01 6.169525017349398865e+01 6.248381670346238792e+01 5.419145007261841585e+01 4.174121874560734113e+01 6.175652460318643477e+01 6.574108037290628204e+01 4.572602283334546769e+01 6.574108037290628204e+01 6.691611657324530427e+01 6.603682884221154836e+01 7.187351477145141132e+01 6.735412890785300988e+01 7.736640901912399215e+01 9.147504794139877049e+01 1.111175946624868516e+02 1.179754160120257325e+02 9.899297091526307213e+01 8.701766356734295016e+01 1.062694696592766093e+02 1.176110827371193182e+02 1.184370728486378255e+02 1.102035665401068343e+02
6.101047412966256744e-03 2.000610104741260997e+01 3.633113268135192442e+01 4.797882256604757600e+01 5.360145352301719157e+01 3.946655371441668336e+01 4.165319166030096198e+01 4.973204415785349397e+01 3.136289243222466538e+01 4.968532326142669575e+01 4.029225480738607246e+01 4.029266020593423292e+01 6.028833412879443188e+01 6.649938790227909635e+01 6.649938851807992535e+01 7.479936754729602910e+01 7.591247277741878463e+01 5.589293888116876730e+01 6.175652460318643477e+01 5.243867228406308101e+01 7.245650772251941873e+01 6.574108037290628204e+01 5.258774321960191855e+01 7.260795707318689551e+01 8.598674374516131991e+01 9.173991410494558352e+01 7.891228921077498626e+01 9.541331887710506976e+01 1.052835016225541693e+02 1.084496725584586727e+02 1.011405508503642352e+02 9.168268882116639418e+01 7.945846499678438590e+01 9.090858640156781689e+01 1.098901825183630905e+02 1.069506182467597455e+02 9.030112012039261060e+01
6.842009524227352091e-03 8.171807370699301742e+00 1.971868814869469588e+01 3.971166459726577358e+01 4.532273888168129616e+01 2.531826235005185310e+01 4.532273888168129616e+01 4.137748438844641896e+01 2.135302430262318296e+01 3.609241693871962298e+01 2.614351179797199265e+01 4.614925750354495904e+01 5.707002886685670973e+01 4.649682835835095318e+01 4.649682835888412313e+01 6.649938851807992535e+01 8.420612416158743940e+01 7.591247277741878463e+01 8.075033366401541457e+01 6.399324418805474579e+01 8.075033366401541457e+01 8.090520244728804755e+01 6.414139856959029373e+01 6.111880592396804701e+01 7.527983259634045510e+01 9.531759335104939623e+01 9.875146814702037545e+01 1.067973453929780874e+02 1.030488897555127181e+02 8.928705820007550642e+01 9.194056117320802457e+01 7.157182257544063475e+01 8.398877370145743271e+01 8.471097803801900739e+01 1.045556938216540601e+02 9.871288374215271233e+01 7.871219632602414151e+01
1.934550753332892102e-03 2.000193455075297777e+01 3.644428914988912993e+01 3.916852339918947479e+01 3.865507661540141982e+01 1.864578838242741554e+01 3.012367400226800385e+01 3.175793745156330772e+01 1.427677040424272725e+01 1.613391979547491317e+01 3.614718962542008285e+01 4.090488167184600599e+01 3.706829243307234378e+01 3.235402475932038158e+01 4.649683022239988617e+01 6.649987739495433914e+01 7.980999978867180289e+01 7.980923883140236796e+01 8.789064605938607144e+01 8.401754070937242602e+01 9.231101519918632903e+01 9.247051635251756352e+01 8.417349107172695710e+01 7.527983259634045510e+01 7.267964149125809570e+01 8.424888634786815089e+01 1.042865122884882965e+02 1.087812862497637951e+02 8.932088312818461873e+01 7.526273601184267648e+01 8.368492520320749861e+01 8.476892087058152470e+01 6.467287580218759047e+01 7.889765449930064278e+01 9.894812366584629615e+01 9.115333446309345788e+01 7.110480072664833529e+01
4.364784840791047053e-03 2.000378205105170082e+01 3.317804189201211784e+01 1.908214440040564241e+01 2.641274788662473938e+01 2.790465838906857243e+01 1.011384880442447098e+01 1.174684780404306039e+01 3.175792255417354326e+01 3.614757961237200590e+01 1.890852486508293495e+01 2.089027889089833323e+01 2.291303301667828762e+01 4.292666899358057719e+01 5.430448203136488416e+01 6.909558404860158021e+01 5.999697966746919064e+01 5.999697599492727562e+01 7.980923883140236796e+01 8.349564042938784780e+01 9.179847680519992537e+01 9.737636614697213133e+01 9.525396759018431680e+01 9.531759335104939623e+01 9.271778355775023783e+01 1.010134944574108147e+02 1.125793632005404277e+02 1.091419882292961319e+02 8.939625361819483373e+01 7.527020601041365921e+01 6.367912531019711508e+01 7.518234751444251174e+01 6.058260495208087804e+01 8.066192114870162300e+01 9.860943284882253579e+01 7.861394795074463104e+01 6.440395459637490205e+01
5.219006137575642711e-03 1.999783351849922752e+01 2.287458018447363273e+01 4.937443666825102717e+00 6.411863228374085288e+00 7.898451523090507465e+00 2.790716009461910119e+01 2.586120382275239393e+01 1.807408377442150638e+01 3.807937373434337758e+01 3.892337841087179129e+01 3.504610856064164182e+01 4.292666899358058430e+01 2.600506067992317227e+01 4.601420987204624424e+01 4.919654313289223069e+01 4.588174595077322238e+01 6.579985342898629597e+01 6.934400906798664721e+01 6.348221280757072549e+01 8.349563977015549199e+01 7.735197337199494427e+01 7.523150768263151633e+01 8.939702458620367054e+01 9.835373053796330112e+01 1.099229493408144833e+02 1.067674853243696589e+02 9.679356617599009383e+01 8.855247253531229035e+01 8.221213473895656421e+01 7.518565566362934760e+01 5.514703621891725760e+01 7.518565566362934760e+01 8.894063406073533429e+01 8.298910367316707948e+01 7.471588505344934106e+01 5.992508674429454629e+01
