LEM/sinusoidal_perturbations/elevation_000226.asc
nrows	100
cellsize	150.0
xllcorner	0
ncols	100
yllcorner	0
NODATA_value	-9999
[rows 17 to 33 of 100, columns 37 to 73 of 100]
3.213585391253786838e+01 2.156637154686006141e+01 3.075753952881388642e+01 3.856529564428982582e+01 1.930624386311054863e+01 3.497867862403658989e+01 4.546718378171458852e+01 5.523493980065347131e+01 5.316538498226225329e+01 5.797332658437694874e+01 6.621840408527930322e+01 7.768220154865724680e+01 8.791719203602333721e+01 9.623756223460769377e+01 8.472810498565455362e+01 6.407922163683943495e+01 7.407290990327859959e+01 9.463201810774023670e+01 9.514581045407817328e+01 8.193222211290924406e+01 6.230806576852825174e+01 6.506984865325151191e+01 8.491822154395480027e+01 8.880019685037191834e+01 8.044421507122243042e+01 7.384041830407824136e+01 5.944283276654699222e+01 6.677428216826301366e+01 7.669000154060429963e+01 9.688827460529510915e+01 1.071936577214803066e+02 9.516942923395700404e+01 7.929623177511450649e+01 5.915123000429830569e+01 6.147971729837316701e+01 7.423954230329890436e+01 9.263795810611166814e+01
4.912202374437121932e+01 5.114686040912451404e+01 4.759653856830328067e+01 3.165061698552649005e+01 3.904295993593462555e+01 1.994033863782066618e+01 2.950084385679046051e+01 4.634282462220250665e+01 6.226677295083009511e+01 5.397012026104796689e+01 5.895746175937829037e+01 6.449389428237330435e+01 7.081482951744564502e+01 7.914956912404240086e+01 8.812905631339488366e+01 7.197091814231455942e+01 9.247871951968424753e+01 1.030786044611727164e+02 9.649594672647715754e+01 7.589972985930256755e+01 7.589972985930255334e+01 7.884295400886942673e+01 7.884295400886942673e+01 9.958521482220294274e+01 9.566655952933874119e+01 7.552890531134315211e+01 6.425791000785311269e+01 8.421300827832347125e+01 9.517571290246588944e+01 1.052858841910239107e+02 9.853107286090309458e+01 7.774043337641066387e+01 6.607421739945787920e+01 7.325072817290373450e+01 8.135696381989107806e+01 6.916490645946295501e+01 8.919755327314472027e+01
5.141679848167140676e+01 5.969244405927633323e+01 5.940555063925275903e+01 4.298604465839667199e+01 4.796321834004208284e+01 3.969638060639201882e+01 2.056040780555757053e+01 4.035003650768818062e+01 4.749547035220411573e+01 3.401471415016872868e+01 3.900906617119362352e+01 4.453322124702029328e+01 5.082791367052325171e+01 5.974453193361518544e+01 7.388717734539575588e+01 9.247564432517830824e+01 8.647880832372283066e+01 1.069637865020086025e+02 1.052021067937535008e+02 9.649594672647715754e+01 9.649594672645278592e+01 9.958521482220294274e+01 9.958521482220294274e+01 1.082863096261023088e+02 1.040542172678577941e+02 9.027548666908224106e+01 7.016852055694037915e+01 8.050289618909955891e+01 1.007211139280515795e+02 1.133758791367517915e+02 9.238215277064540487e+01 7.774043337641066387e+01 7.506287952164238675e+01 9.389136856294686595e+01 9.636269782327727285e+01 7.613315874769901370e+01 8.542450589248024073e+01
3.149522346645039050e+01 5.141679924280997227e+01 7.075385526461577967e+01 6.257006154670763465e+01 4.540005981836043247e+01 2.715555169986421546e+01 2.099336623130963631e+01 4.081378148487571167e+01 2.752293776566521188e+01 4.749547035220411573e+01 5.895746175937829037e+01 6.449389428237330435e+01 7.081482951744564502e+01 7.914956912404240086e+01 8.814421668660847331e+01 1.023452254291347003e+02 1.069637865020086025e+02 1.153664007363378232e+02 1.000500834997333328e+02 9.171126604587927034e+01 1.000500834997333328e+02 9.900816447364826445e+01 9.900816447364826445e+01 1.073527840192583369e+02 1.046129326732502989e+02 8.433672208436385631e+01 8.014998251930948925e+01 9.867111142799559786e+01 1.091115554389796642e+02 1.135580946276698882e+02 1.071936577214803208e+02 9.238215277064540487e+01 8.694182490260838847e+01 1.044682117551383413e+02 1.050299305076374594e+02 8.604067024026687704e+01 1.050299305076374594e+02
3.991492916317213968e+01 5.141679919310948321e+01 7.138194071370882909e+01 5.933893950251311367e+01 3.962710618283389152e+01 4.540006396782651166e+01 4.081013428404980203e+01 2.160206244807670117e+01 4.146250379639963057e+01 4.881430669630637453e+01 5.669321633674818628e+01 6.555163999286584442e+01 7.342718345288426463e+01 7.342718345288426463e+01 9.348098918385207412e+01 9.122442649327336994e+01 9.017071660190686089e+01 9.850695266711335307e+01 9.000631352496274928e+01 7.164201206838066582e+01 9.000631352496274928e+01 7.892009804853967125e+01 7.892009804853967125e+01 9.900816447364826445e+01 1.130055081837811883e+02 1.046129326732502989e+02 9.444440552444223158e+01 1.088006589023075605e+02 1.076934593959670821e+02 9.350303763455340800e+01 1.076934593959670821e+02 1.133758791367517915e+02 1.079069714111887350e+02 1.165596300903086160e+02 1.154155018057041673e+02 1.066891847795531874e+02 1.154155018057041673e+02
4.147479872501331499e+01 5.674021105883117855e+01 6.501059867465663444e+01 6.764775887302492663e+01 5.933893834794084654e+01 6.341369773498747264e+01 4.617937094209856497e+01 2.378549469654510773e+01 2.221838366535720155e+01 3.294666353800035807e+01 3.747749901318979227e+01 5.727556839748534401e+01 5.340234092474014460e+01 7.172249703543273824e+01 8.536522167074902256e+01 7.116904999004292165e+01 7.011881429068246518e+01 8.691754370548376585e+01 8.167663905713004624e+01 6.163600453684469471e+01 8.167663905134917002e+01 6.475408765484772289e+01 8.480375648349962603e+01 9.138946071540134142e+01 9.972811369719468644e+01 1.113412529793393873e+02 1.147814598218909623e+02 1.084132268251844380e+02 9.871299597672521031e+01 7.929474054733938715e+01 9.871299597672521031e+01 1.095362388006894889e+02 1.130595248420572290e+02 1.047188840904713629e+02 1.040856730668246684e+02 1.124260645606535149e+02 1.209363224081374426e+02
2.976025717121040870e+01 3.681926307761874284e+01 4.831794443021025387e+01 6.824603502670807131e+01 6.929887842716576074e+01 4.929631364606239430e+01 3.410602657528253445e+01 4.617938318350074667e+01 4.213969965653563321e+01 2.284150395972732994e+01 4.281036626890202967e+01 5.269469635718444067e+01 4.336754882335671368e+01 6.341476218881229698e+01 7.302112501319096793e+01 5.702918772525163860e+01 5.857542156460566218e+01 7.859374540475739934e+01 7.499642741594098538e+01 5.498295585290531307e+01 6.876025766847159559e+01 5.769142915374018088e+01 7.771512808925270122e+01 7.132106450011163190e+01 8.289498742621326244e+01 1.029931270202007028e+02 1.044019019468358351e+02 1.000933481146392126e+02 8.003659518741639545e+01 7.035932191739834707e+01 9.039595592887536668e+01 8.938947844430504119e+01 9.308647785293123889e+01 8.457096547277083687e+01 8.391663044217511924e+01 9.244107087818622404e+01 1.090184101319193104e+02
4.838213325380878160e+01 5.674021106336717679e+01 6.501061984484648804e+01 7.652699205792811199e+01 6.671929975456836814e+01 4.668921793044332702e+01 5.515492922932436670e+01 4.819692103945631345e+01 3.004436779051871298e+01 2.328730956050105405e+01 3.222316655341399638e+01 3.272763305927899324e+01 5.269907590694234756e+01 6.594489005861305486e+01 5.301303520014074167e+01 4.704124120946928400e+01 6.703616074692065752e+01 8.162751199542704228e+01 6.896213872754050556e+01 4.898931012469736856e+01 4.878884970036787649e+01 5.375422183239253116e+01 5.976824096656708463e+01 7.132106450011163190e+01 9.138946071540134142e+01 9.849575009541891291e+01 8.424989757251280764e+01 9.849575009541891291e+01 8.371707792504966505e+01 6.375892711107908895e+01 8.371707792504966505e+01 7.519713215182794386e+01 7.300156853951696689e+01 7.300156853951696689e+01 7.232950293813577503e+01 8.050444343384070578e+01 9.059223948038615504e+01
3.695378041361244215e+01 4.359621528290391979e+01 5.767384372286343108e+01 7.764028631047666806e+01 7.498429080618278419e+01 5.831994954831098710e+01 6.194307785128602717e+01 4.250307645723917460e+01 4.819692103947823369e+01 4.328607628397107021e+01 2.393233837796667984e+01 4.396189848704327119e+01 5.317701691569362055e+01 4.596331806222677585e+01 3.891780948621350689e+01 5.887326902779363991e+01 6.674394312705894095e+01 6.747490673610899137e+01 5.332230147679091914e+01 4.350367781893197616e+01 5.756063290565930401e+01 7.376226964667301900e+01 7.008047245371083989e+01 8.813098442536262667e+01 9.972811369719468644e+01 9.015228299925092870e+01 7.007618663979991425e+01 9.015228299925092870e+01 7.856390554347599675e+01 5.868273281687348231e+01 7.856390554347599675e+01 7.313545683194317348e+01 5.896971748350519249e+01 6.422670175105936607e+01 8.423055764801189582e+01 9.223047808388722046e+01 9.831716047393803137e+01
5.687999133801370988e+01 6.352187936060344242e+01 5.618563189187871387e+01 7.614579483302482288e+01 8.648098617534283505e+01 7.819303638066935491e+01 7.024255271294804004e+01 6.194307785210672535e+01 5.317273711241687550e+01 3.595966525053612628e+01 2.439775034593527181e+01 4.444170452977679275e+01 3.434148900187866360e+01 3.191434281354881364e+01 5.181794864602110806e+01 5.824599395926490786e+01 4.677204548117273220e+01 5.527106609228310674e+01 3.926495215600999700e+01 5.073448240249412322e+01 7.070716219805063929e+01 8.589980257033352018e+01 9.014438849176596591e+01 9.848118804629915246e+01 9.597852399821123015e+01 7.590934041773437002e+01 6.259955761586591194e+01 8.256423181866861682e+01 7.387784231161342063e+01 5.411463201211020646e+01 6.910128634664437186e+01 5.337219979938377890e+01 5.748697998552808031e+01 6.187305814584706809e+01 6.680727894037036663e+01 7.210565239607059596e+01 7.812991876819205572e+01
5.895326216015271825e+01 6.714241617855880406e+01 7.614579483302480867e+01 7.614579483302482288e+01 9.619509132448786204e+01 8.068171614107257028e+01 7.067575345703684775e+01 6.237070722143412382e+01 4.971033444645466659e+01 2.979956370586290504e+01 4.202694283961806576e+01 2.507874161590630635e+01 2.556817039693723714e+01 4.561077097129660984e+01 5.413140293417019677e+01 4.010657524446494193e+01 3.264051755059533377e+01 3.526863119855394046e+01 5.527106609228310674e+01 6.747490673609905798e+01 7.902409114180579763e+01 8.378408252159282199e+01 8.378408252159282199e+01 9.251785821592341108e+01 9.008135028885803308e+01 7.003910172302958870e+01 5.610475157031221727e+01 6.842390943085398192e+01 6.945864076756760142e+01 4.989691808041741439e+01 4.954093306006674169e+01 6.326024774918235494e+01 7.737579580397797940e+01 7.334209774645324842e+01 8.685189217726606614e+01 9.223047808388722046e+01 9.831716047393803137e+01
3.922163234489475769e+01 5.895326216015274667e+01 7.083255564555875594e+01 8.053540763775787070e+01 8.879617764047452511e+01 7.236083457453152334e+01 5.238057987634797996e+01 4.246222099489429525e+01 3.545642502821831243e+01 4.971033445823372432e+01 4.487245552360663225e+01 4.512653843936082154e+01 4.561060552110311050e+01 2.627451048312470760e+01 4.613044806719997837e+01 2.949158381232025761e+01 4.899649900672510938e+01 5.527106602948116887e+01 6.356288658582508333e+01 7.476941996588165296e+01 7.731348217062209471e+01 6.211058892344974680e+01 6.211058892344974680e+01 8.378408252159282199e+01 7.994853479051431577e+01 7.163831196231994625e+01 6.842390943085398192e+01 4.891853254095246228e+01 6.218659740338353714e+01 4.596943779941412345e+01 6.530239112477046604e+01 7.739695073101695755e+01 9.153375513668491692e+01 9.345190799480916155e+01 1.018029334445830187e+02 1.029149377491421689e+02 1.111935688804459232e+02
5.895326216015280352e+01 4.294272488125741205e+01 6.263488036642846879e+01 6.085608543946059967e+01 8.053694494974421048e+01 8.068171614107257028e+01 7.067575345703684775e+01 6.030505296311925889e+01 4.041281877499803699e+01 6.030505296311925889e+01 6.452994164221443896e+01 5.679387215169057868e+01 3.680038124645432873e+01 3.393430780311575035e+01 2.698678772988372998e+01 2.749098380517138551e+01 4.748437038338722971e+01 5.647183264813604353e+01 6.195574025138536456e+01 5.034149067038852365e+01 6.605983265685986794e+01 4.729534851275634111e+01 6.845860822634269027e+01 7.374912154300312750e+01 7.159550909829532372e+01 5.199510225692669252e+01 5.771075984401397818e+01 4.440338558972531757e+01 4.295947825404567055e+01 6.218659740338353714e+01 7.175064250056423987e+01 8.579773715874877382e+01 8.571671352214360695e+01 9.160958204750457412e+01 9.954033454935733971e+01 8.274928562092529205e+01 9.382504314851223626e+01
5.688279230314624613e+01 6.264421802400099892e+01 4.694907700000810991e+01 6.661856675793157478e+01 7.138233448162701222e+01 9.113586869188264927e+01 7.663438231360083819e+01 5.663511993833436975e+01 4.666908779313228450e+01 6.661134998554956610e+01 7.097817236076473080e+01 5.091854653813296494e+01 5.673348074589613788e+01 5.291544591158025668e+01 4.699225865588073958e+01 4.747545189246685737e+01 2.821753033850246339e+01 4.818923804134773548e+01 4.704928790092984769e+01 3.325709097334892306e+01 5.576142980669416716e+01 4.056844517028511632e+01 5.258482065051580179e+01 5.251746643162194061e+01 6.291252733496226313e+01 5.517169443976650456e+01 3.859011346336201598e+01 3.994363582365063792e+01 4.210030604380271768e+01 4.427040334905699837e+01 5.770325893171174414e+01 6.910500942635555077e+01 6.571278765717588044e+01 7.157156019571488059e+01 9.051974795181723721e+01 7.117333718599458336e+01 7.365644270654347281e+01
7.077378760195473717e+01 7.306503899998722318e+01 5.352780949648345654e+01 5.174882309936099034e+01 7.138233448162701222e+01 8.716606048765440562e+01 8.495929498705241656e+01 7.368028920528229264e+01 5.368630977301312157e+01 7.368028920528229264e+01 7.929344385369526549e+01 7.097817236076473080e+01 7.612037691857229049e+01 6.198048757454234448e+01 5.091540002355687022e+01 3.099575422965374472e+01 4.047264605184573583e+01 2.896792795785445307e+01 2.949787405501533044e+01 3.340209478383645347e+01 5.007952673794284948e+01 3.248416324523399368e+01 3.203269842801949352e+01 5.202765772754134588e+01 5.254622048666693956e+01 3.676481315177648668e+01 5.573241290515371560e+01 4.940479282322843346e+01 6.117998286411592801e+01 6.349600061101214976e+01 4.732246169052959317e+01 4.952599074439503823e+01 5.183746888541423914e+01 7.156154803000912068e+01 7.802889587607543831e+01 6.231227693512990129e+01 6.555566502865734435e+01
8.450574972747143931e+01 6.484870285328506156e+01 7.317625829975921192e+01 5.616190826515533274e+01 6.025733446876775901e+01 7.315359446934957077e+01 9.267307267970257101e+01 8.200377162830950795e+01 6.520579562575466070e+01 8.200377162830950795e+01 8.657621131019548955e+01 6.652998509135841232e+01 6.484411099079538587e+01 4.784039383990611327e+01 3.378264127468501243e+01 5.091540002355687022e+01 5.550962925204670029e+01 3.790001411194460701e+01 4.450675776503796754e+01 3.024401235607503935e+01 3.076834485442215339e+01 3.129514366661023317e+01 4.881513386320695957e+01 3.276911170544104834e+01 4.291025711464177306e+01 3.545654913294559663e+01 5.850509487253737717e+01 6.745418522612678203e+01 7.643964347829597727e+01 7.501415353968785382e+01 6.090459940250978832e+01 6.325995472495605298e+01 7.157153956975375309e+01 5.542712885187648908e+01 5.810934473200589423e+01 7.802905947032006395e+01 8.558118331828893588e+01
7.872930987660491553e+01 8.231125775728214933e+01 6.269118645625157171e+01 7.576985639402151662e+01 7.315359446945691957e+01 7.315359446934402854e+01 9.267307260917631595e+01 9.359266081630313749e+01 8.525666271912990624e+01 8.633615934006770942e+01 7.801142467689062698e+01 6.652998466504982389e+01 4.656489882773840350e+01 3.663777111971027267e+01 5.368894161747296323e+01 6.198052110246671731e+01 6.575910251764314296e+01 4.938187884661540750e+01 6.170158784726088896e+01 5.281879718452872652e+01 3.425684097428759856e+01 3.593615748124950215e+01 5.446210712384874597e+01 5.268643717085735290e+01 3.351235897909801764e+01 3.408465338412589318e+01 5.296177874463997171e+01 5.474774574233286728e+01 7.454325523094811956e+01 8.482566366597792751e+01 8.079617370342258198e+01 8.321621995277446615e+01 8.362068259613241139e+01 6.941950353359297310e+01 7.214622635262355743e+01 7.214622113102878131e+01 9.223285701423753835e+01
