LEM/sinusoidal_perturbations/elevation_000282.asc
nrows	100
cellsize	150.0
xllcorner	0
ncols	100
yllcorner	0
NODATA_value	-9999
[rows 34 to 50 of 100, columns 0 to 36 of 100]
2.064481644892168701e-03 1.416991210674383517e+01 3.446850504604991272e+01 4.829199843899505851e+01 4.632555105201824830e+01 3.161872357765064478e+01 2.731033240010964036e+01 2.226623320718509547e+01 3.604691089403385007e+01 4.692060619716653491e+01 6.008424896906741708e+01 5.543063636329986821e+01 5.707535434258348772e+01 4.386198203391214179e+01 4.415167780039210754e+01 6.324971816583275341e+01 5.943389951523088399e+01 4.107710615218967831e+01 5.026456691469833515e+01 4.250920816777944822e+01 6.085932919957141252e+01 6.682765055211993399e+01 6.551155392305267355e+01 4.905229381504873487e+01 2.829821752433613469e+01 4.319414209235070956e+01 6.319495301090019979e+01 5.881459814576346190e+01 5.730671328831765976e+01 3.695360016124909919e+01 3.815450603135585794e+01 5.259749390653852430e+01 7.273596722984623852e+01 8.548920676258629214e+01 8.277332805259247550e+01 6.277024116182674618e+01 7.122454045161877900e+01
2.905961989428186391e-03 2.000290596198907167e+01 3.234367331772469356e+01 3.988224840617048983e+01 4.811095875641374420e+01 5.385147887756370721e+01 5.037934141800827348e+01 5.247598243206870450e+01 5.402830363482332388e+01 5.253612662557063828e+01 5.543063636345056722e+01 3.681660070868942825e+01 4.092651690956296306e+01 2.998818912818398275e+01 4.933083512376077095e+01 6.116130382680884736e+01 5.339810260807810494e+01 5.026456692772880785e+01 3.148543845841598454e+01 5.026456692852676156e+01 6.085058252491088382e+01 4.662133124234916437e+01 6.084336578188320743e+01 4.541584827893640153e+01 2.431865255598597386e+01 4.034083498712089266e+01 4.711750876999478521e+01 3.852914705440259979e+01 4.761237542565218916e+01 3.187797318821250059e+01 5.221844300850727905e+01 6.680188768084123296e+01 6.591625072500532667e+01 6.591656876183874658e+01 7.419098595952138453e+01 7.122452421170652315e+01 5.105181086352983044e+01
3.542675937824442140e-03 6.033769349647953639e+00 1.235831985097821573e+01 1.991749831414430361e+01 3.404258176070031539e+01 5.384631482337119479e+01 5.438284382114010640e+01 5.443181313911648544e+01 3.474628326674987733e+01 3.137462413388307070e+01 4.103443358478133263e+01 3.377659317328460986e+01 2.033401187877020533e+01 4.092651689817208194e+01 5.729897167827562043e+01 5.338985384961546998e+01 3.449390589845307886e+01 3.992964412780515460e+01 2.708547192838273432e+01 4.583990324919693649e+01 5.185911957659759253e+01 3.259709381580416476e+01 4.587578087537381322e+01 3.938240499395168115e+01 3.661292064702468707e+01 1.979919863388239776e+01 2.163808403630838839e+01 2.419742432011724631e+01 2.725087949039317081e+01 4.761237541754925218e+01 5.834062734956751228e+01 5.004392358193982915e+01 4.585326176261661146e+01 4.585326303375497048e+01 6.591651225558906901e+01 6.019535216224451091e+01 4.424628207076349184e+01
3.411803931810562015e-03 2.000341180393145635e+01 3.234367331772469356e+01 3.988224840617048983e+01 4.811095875641374420e+01 4.829845646855753216e+01 3.287638027831565068e+01 4.511234632701162894e+01 3.556355119412636867e+01 1.573681737684785453e+01 7.431244582288541345e+00 1.246839377699975770e+01 3.346423112196271887e+01 3.978993553690752805e+01 4.476018907614463416e+01 4.155427927030263646e+01 3.510799857688056846e+01 2.136824108440712422e+01 3.981407902504739837e+01 4.733280093883406181e+01 4.357737864874041378e+01 2.381401199095037668e+01 3.119254228869167278e+01 1.572307828188917433e+01 1.698354135770196294e+01 1.836812124630445453e+01 2.476716471775911899e+01 4.098661681417923575e+01 4.443678470910076328e+01 4.602332898143095008e+01 4.763500230528425305e+01 3.011745401718010129e+01 3.176795810410315823e+01 5.172956392848364260e+01 5.603843491403520005e+01 3.999262042860039656e+01 6.019535216224451091e+01
3.327314952832964925e-03 1.155033269874524748e+01 2.569246832247594625e+01 4.569246832247523571e+01 5.374283065166568463e+01 3.280557820977288230e+01 2.005070279318513826e+01 2.781265083110553960e+01 9.393990157312350320e+00 6.217899969653033487e+00 6.523305373648733863e+00 2.479998736678362903e+01 1.851402335068820904e+01 2.692553689703036923e+01 3.285873235789424740e+01 2.784719035652324592e+01 1.643277516427158957e+01 3.412506047845872814e+01 3.771759543035446427e+01 2.629575901939927363e+01 3.944915931191859215e+01 3.197575311011821952e+01 1.383765750578203146e+01 2.511414649774430430e+01 3.583221560469488054e+01 3.790696589059862021e+01 2.050098833355733419e+01 4.003611593003774516e+01 2.472520251364201016e+01 2.625286994751008152e+01 2.781160174947354591e+01 4.758956830227583623e+01 5.172324724233771320e+01 3.419525544526886307e+01 3.593556372692144407e+01 5.603844697487888027e+01 6.763233316422220298e+01
6.779948344387334673e-03 2.000677994834403250e+01 3.645018874949694521e+01 4.799719413328925555e+01 4.768336351210092516e+01 2.704338109214644348e+01 2.573657619532135143e+01 1.152260233421266555e+01 5.783847551032312850e+00 1.571325345692930853e+01 1.884612872877506362e+01 6.950524967077013727e+00 2.115187500012152100e+01 2.357856802915796735e+01 2.570065010934365901e+01 1.156547607923238097e+01 2.720808412904531082e+01 2.812685219039232365e+01 2.864865647685864758e+01 9.602157278492905235e+00 3.013929320228164954e+01 1.187231720142461810e+01 3.199771236827211141e+01 2.777657206033984494e+01 4.485422363291797865e+01 4.795478120180811743e+01 3.388527031240019483e+01 2.259573704350041723e+01 4.221400584136377887e+01 4.016877786077188972e+01 4.762857296672976304e+01 3.762855213926793851e+01 5.761573888326400095e+01 5.424247715307890871e+01 5.603844697487888027e+01 3.919300015696470751e+01 5.935144356985913561e+01
9.516927588586143695e-04 8.165917502036048603e+00 1.971292288582835894e+01 3.971292288582764485e+01 4.367802456958727930e+01 2.144872393503018415e+01 7.147076698275100171e+00 5.344628565189499803e+00 2.481953184166899362e+01 1.695908964529472840e+01 2.455593036810736862e+01 8.291868004717244389e+00 7.371419512356302661e+00 7.664468971854703661e+00 7.953017185988590754e+00 8.237877931173464674e+00 8.522248686577629684e+00 8.807652639546857287e+00 9.096027670154491318e+00 9.388805038614961518e+00 1.018420342025618908e+01 3.029502208617789449e+01 4.020156458785180575e+01 4.631114524996682036e+01 5.438462510013056317e+01 5.957534945940274440e+01 4.982579153045718101e+01 4.221372871109738156e+01 5.047603599926312512e+01 6.015762331721222012e+01 6.580686241388033864e+01 5.757096056294850683e+01 5.177165352822215993e+01 7.168874420530667635e+01 6.763233314551725073e+01 5.348363882774513911e+01 4.263656750269147011e+01
1.945935296826602993e-03 2.000194593529647236e+01 3.645018874949694521e+01 4.547924729032963853e+01 3.718032265329992470e+01 3.034691224313704083e+01 2.436643888379474276e+01 5.023672668070514824e+00 2.482279161443038973e+01 3.045371069526497010e+01 1.291781777194730374e+01 3.050023576284139892e+01 2.933733595733997745e+01 1.932453249196502654e+01 2.899988373405942710e+01 2.891145201108520979e+01 1.972618213561403167e+01 2.890914024160705864e+01 1.505536710148899893e+01 2.926545229603761200e+01 9.824419774478290179e+00 2.972309930706358116e+01 3.746799999385095248e+01 4.737881130893413228e+01 5.185994373098795052e+01 5.045350394697418750e+01 4.713812201507899857e+01 4.432014796426818037e+01 4.367408647368910835e+01 5.334956355036732845e+01 5.740276460049272345e+01 6.594485054863250184e+01 7.168874420530667635e+01 7.953023634728708657e+01 8.208647015233880495e+01 6.916844892346057350e+01 4.906400917064215150e+01
5.600688922766023682e-03 2.000560068892241006e+01 3.829248644474715491e+01 3.373974324890073007e+01 1.714138076184762127e+01 1.937076829674117207e+01 4.543984357919664596e+00 7.677868603510442647e+00 2.651615812736153188e+01 3.292804484896131356e+01 3.292816781908145884e+01 1.848717471841556659e+01 3.848380146592367623e+01 4.123182943023597602e+01 4.856334438752278260e+01 4.628600708586686352e+01 3.833763681073252627e+01 2.398903164059350246e+01 3.510933755251537747e+01 3.393611773764656192e+01 2.852085318333388742e+01 1.026576487576653030e+01 2.407274013794121714e+01 3.588913413571120259e+01 3.764144051669818225e+01 3.360020817086073919e+01 3.090739634643921718e+01 2.286469859776152802e+01 2.486280626066443133e+01 4.350612656741753170e+01 3.737115454302718121e+01 5.203248851476786285e+01 5.938267073276592356e+01 6.814749750613054857e+01 8.031775012223600640e+01 7.624524464910955146e+01 5.624948386171393366e+01
8.215197286175309616e-03 1.000821519728626185e+01 3.000821519728661713e+01 2.546593083029112137e+01 5.565301262918075587e+00 4.023700171947821147e+00 2.382593529125679765e+01 2.052642857679969168e+01 3.498509727441823003e+01 5.269984593774080395e+01 3.486746126476601404e+01 3.848471782231270311e+01 2.490369856850932351e+01 3.923370128037437610e+01 5.951558288101124106e+01 5.513568365288460171e+01 3.411920281197879490e+01 4.380524379819753733e+01 4.796500070728022536e+01 2.881131914933791194e+01 1.637136694575043450e+01 2.964109219631526315e+01 1.071866683277763777e+01 2.183150001999205969e+01 2.913093084828320301e+01 3.131227011131462490e+01 1.640645325303849944e+01 1.829642333213369909e+01 2.357986513860321409e+01 3.766651938360395491e+01 2.757524202001200564e+01 3.241978209131183064e+01 3.886114847022270880e+01 5.053055578690138105e+01 7.156369524636441781e+01 8.454771296352033971e+01 6.783047828212069419e+01
2.613274238814250559e-03 2.000261327423845970e+01 3.829248644474715491e+01 3.317638396479242857e+01 2.206757001763127590e+01 3.652360164982805024e+00 1.919056326877569418e+01 3.640918592962815836e+01 4.861207880925309155e+01 6.280083397934966172e+01 5.457966377213168130e+01 5.005257853745777652e+01 3.035405192475312219e+01 4.118020894670826237e+01 6.084042521206396970e+01 6.433121932899625506e+01 4.582937663376822712e+01 6.332238083880831425e+01 5.727253228014335207e+01 4.056160930671734377e+01 2.108588731735314070e+01 3.448914255498934978e+01 1.338796506918222207e+01 1.118610994685934124e+01 1.152370133475277392e+01 1.360837572683622732e+01 2.774907999606745435e+01 3.141725878383040182e+01 2.056286225493716913e+01 2.300078486930252453e+01 3.095728700785601006e+01 4.976560546082525605e+01 5.937039879986949131e+01 6.805820183786438804e+01 7.232694772381533710e+01 8.054735395880862825e+01 8.776436272126581173e+01
7.532853315450405325e-03 2.000753285331509446e+01 3.843177208584974380e+01 3.791877688455338813e+01 1.834598878324004900e+01 3.310185001566942287e+00 4.190112767387633497e+00 3.390660907685860082e+01 5.094438878264853088e+01 4.938938385467343295e+01 5.813344890100172790e+01 5.568860345978610127e+01 3.616484042339200755e+01 5.568860345978610127e+01 6.910601466976130780e+01 7.709560264843148047e+01 6.805597982288669812e+01 6.937420156445155328e+01 5.885615023227353504e+01 3.976203641145588819e+01 2.602384710964950187e+01 4.278470464935862339e+01 3.511776951537022740e+01 2.013441005334479783e+01 3.233855225393488553e+01 1.201576671513640626e+01 2.059010169427414993e+01 2.283134892957812667e+01 2.204097209469296814e+01 3.612816903531583534e+01 4.581117686993312077e+01 5.815028212040120792e+01 6.688724637089644887e+01 5.869855184895222067e+01 5.338959207529880047e+01 7.232700810285091109e+01 7.737767568039511445e+01
6.101047412966256744e-03 1.000739624281848528e+01 3.008072868227898056e+01 3.886390547946817975e+01 2.213202546861166198e+01 2.994094373303487711e+00 2.213527927285248964e+01 2.194425404928439960e+01 3.415739402585780482e+01 2.818304638856607269e+01 4.932296696275277270e+01 6.170702770719026375e+01 5.568860345978610127e+01 4.590738887519621159e+01 5.964236301149827568e+01 7.953853901886864719e+01 7.238860949581511761e+01 5.360951161623057715e+01 4.254579266607544241e+01 3.521663058828167436e+01 3.716999401818969773e+01 5.284370619926605173e+01 4.968185820688664478e+01 3.171100062815983733e+01 4.496362918830619293e+01 3.812526442900741586e+01 1.251098474086661128e+01 2.392399041890516287e+01 3.341550416203061502e+01 2.377498834744000789e+01 3.858470873063261308e+01 4.783494536773170580e+01 4.904431641278345211e+01 4.039551479878652174e+01 5.691038230720416635e+01 6.171089797414065714e+01 5.818987003342793685e+01
6.842009524227352091e-03 2.000684200952387215e+01 3.802890215730425183e+01 3.209742991827842218e+01 1.449729134453367507e+01 2.686685887718787580e+00 5.541494639232441344e+00 8.254440927431975439e+00 1.367641965851724351e+01 2.265913270069371066e+01 3.311327012110770340e+01 4.758399309946950950e+01 6.759940612550865069e+01 6.546981804437588437e+01 5.964236301149828279e+01 7.953853901886850508e+01 8.025022882053747253e+01 6.937420156479122113e+01 6.154649121112841215e+01 5.436490061274066221e+01 5.557454101639522293e+01 6.323814036764917290e+01 6.164208237121395229e+01 5.234665179642748001e+01 5.589634904699441620e+01 3.456045124106265831e+01 1.286176854988613982e+01 2.893484820592424001e+01 4.116212621651666126e+01 3.827925345599238938e+01 2.570761647621920432e+01 2.782808957015997109e+01 3.061115881706789210e+01 3.441590030032060810e+01 3.848133741801238727e+01 4.317024181927052240e+01 4.953000301455877974e+01
1.934550753332892102e-03 1.997490088421555399e+01 3.416504309513300086e+01 2.304448624528140854e+01 1.739177898078886741e+01 2.381823965181896874e+00 2.240394896445584649e+01 2.786559666493048226e+01 1.275399520789621022e+01 3.316328390050793473e+01 4.708389686026595200e+01 6.050241810694138422e+01 5.965197407339928048e+01 6.785603324285958138e+01 7.953853901886850508e+01 8.790638495980039124e+01 7.594191461315458014e+01 6.667934164566577238e+01 5.829994515368173325e+01 5.194744385228270289e+01 6.027594610547617293e+01 5.329773765097427685e+01 6.145272863819638332e+01 5.968667791111318621e+01 4.683001913811386885e+01 2.532873591388076306e+01 1.321280847052561569e+01 3.346167039997431658e+01 4.515383146552923677e+01 4.843232670767384462e+01 4.157242220470198646e+01 2.948451307749368056e+01 4.518452151343267076e+01 5.289829807811066331e+01 5.692288594694565518e+01 5.343999696930421806e+01 6.171087733268990405e+01
4.364784840791047053e-03 1.860679755796462231e+01 2.797578660694799169e+01 8.694800638199781773e+00 9.654450061697611218e+00 2.077648595860721148e+00 2.571835188662490168e+01 4.054221116676857406e+01 3.316328390050793473e+01 1.799656780274999335e+01 3.273229118006413785e+01 5.006955367112851718e+01 3.936119005132650983e+01 5.442944624067819603e+01 7.621200533757334483e+01 8.303523409281332590e+01 6.157527068325168074e+01 4.720446494364055923e+01 3.829607401967268743e+01 3.186301130372223156e+01 4.404471014389630312e+01 3.409502471653770783e+01 4.667109552309487697e+01 3.205239913283854492e+01 3.964390784040858051e+01 3.200409256663331803e+01 1.356400104300588794e+01 1.850382022257413439e+01 2.820382059564122201e+01 4.745501459530490962e+01 5.282647144101458991e+01 4.518467455183328241e+01 3.464625331957230969e+01 4.634111452176018986e+01 6.462270633138101061e+01 7.241973639308385202e+01 8.056940251265513098e+01
5.219006137575642711e-03 1.994898389328639254e+01 2.779969203618849249e+01 1.634256483253948744e+01 1.647906655396999209e+00 1.476387864001148564e+01 1.770756940856383466e+01 3.174116446598436525e+01 4.686551217920524692e+01 3.877677388414458903e+01 2.444824775832800867e+01 2.948093011482552939e+01 5.017765553467763340e+01 5.357564700526931034e+01 6.711332428411766671e+01 8.539327987462291958e+01 7.594191461104423979e+01 6.667934164490858961e+01 5.829994515368107244e+01 4.404471014389640260e+01 2.361193981139832943e+01 2.399645309288606754e+01 3.615138433988015265e+01 1.502254403133506955e+01 1.459917551830784177e+01 1.417197068001907390e+01 1.416605132825255886e+01 1.887008680599260657e+01 3.665620243050321392e+01 4.353606865273955151e+01 6.096198587002111680e+01 5.978046984126754637e+01 4.408417138972725269e+01 4.361222318450243307e+01 5.628340118355296084e+01 7.652148392313326042e+01 7.986157465146457923e+01
