LEM/sinusoidal_perturbations/elevation_000030.asc
nrows	100
cellsize	150.0
xllcorner	0
ncols	100
yllcorner	0
NODATA_value	-9999
[rows 68 to 84 of 100, columns 0 to 36 of 100]
5.009162696260268353e-03 1.157358969821768113e+01 2.600346594754768859e+01 4.710068174630163895e+01 3.710125094224229514e+01 4.425429202348436064e+00 2.774814805902372061e+00 1.711995529915825642e+01 3.404580710116393760e+01 3.851381555568578818e+01 3.230252706459583578e+01 1.685530429578584233e+01 3.720899981252002675e+01 5.039186495148820910e+01 4.285742557503930783e+01 4.040059768215771641e+01 2.637122714112668476e+01 1.638136222012990828e+01 3.618526075484576410e+01 4.273783470906250415e+01 5.736819844515803624e+01 6.539961805256557170e+01 7.685906149828444711e+01 6.862779619433270284e+01 5.800189819318629958e+01 4.913659969745923206e+01 3.649552005269892874e+01 1.844788690774716144e+01 9.836757721139077759e+00 2.142483226414143260e+01 3.759295649989903154e+01 5.117780057404229410e+01 5.917978177471761114e+01 6.034050780671105940e+01 6.859649450901780199e+01 7.345902231650066483e+01 7.930417668856790669e+01
4.695337527364121070e-03 1.912435415182977394e+01 3.634972798190481313e+01 4.694522402585948129e+01 2.508891246970507893e+01 1.888690321331597133e+01 3.043556708776823605e+00 2.061526023481687986e+01 3.353096483364847558e+01 2.860875409249559809e+01 1.336593151531025825e+01 3.230065814651708678e+01 4.581859839387976052e+01 4.261796014264832166e+01 2.362338435005860404e+01 2.842679644283510498e+01 1.241242637224009471e+01 3.219197626378085886e+01 3.037856418578600781e+01 5.019903741611007320e+01 6.821469946821255803e+01 6.151375731842615124e+01 7.011967161738414234e+01 6.865818773640432937e+01 6.733634667224755788e+01 4.223227045524601664e+01 2.711944006494094239e+01 1.757056743351952477e+01 9.608190903639512115e+00 2.019777339849020947e+01 3.527229536290845147e+01 3.078218227809929530e+01 4.543853315927779590e+01 6.505193690171104492e+01 6.854959799254578456e+01 5.988636148834488182e+01 6.854960028869285793e+01
7.614146464036155443e-03 1.101325403722822927e+01 2.991474190884420636e+01 4.349157595466375881e+01 1.936544132797937223e+01 3.344302785814740719e+00 3.276769087427762628e+00 2.206542274320295149e+01 2.346481298074396094e+01 1.002513731230410876e+01 1.742186436386382908e+01 3.192261519229696631e+01 3.510802919937644617e+01 3.419205353385235924e+01 9.267199889865334939e+00 8.731242944557740415e+00 2.842676334267840943e+01 4.038073036023443052e+01 5.019389517869963413e+01 5.832356849130177068e+01 5.775067293151566616e+01 3.864163906199748055e+01 5.170562545962898326e+01 4.753765443255449696e+01 6.866522751719092810e+01 5.660733851462411081e+01 4.452759915069933783e+01 3.110801364660313695e+01 9.373033128787970014e+00 1.427621654437536236e+01 1.801697672631788549e+01 3.826480276743726705e+01 5.550697132402846989e+01 6.225302342490312668e+01 5.798623484967433939e+01 3.977695203747894936e+01 5.837693204474169306e+01
2.352828262072654761e-03 2.000235282826171712e+01 3.549305311732737067e+01 4.601666145341204128e+01 2.866266728555191534e+01 1.453108325153055880e+01 1.146019575758719533e+01 3.592875544998833437e+00 6.405125906727612062e+00 1.436491633116328259e+01 1.714670611501399122e+01 5.233630378673852057e+00 1.922362429746687695e+01 5.092097589297195803e+00 5.308058073607616834e+00 9.670102099221962177e+00 2.116591043970332464e+01 4.070730213778648476e+01 5.177603515662038802e+01 6.097179158456123105e+01 3.920390076090340159e+01 2.654983786251276001e+01 2.988361146541491564e+01 5.169048447226039400e+01 5.345717367064819570e+01 4.383310833738236312e+01 3.337727067140708925e+01 2.911747522582476932e+01 9.126968649369636921e+00 9.567746483135033841e+00 2.925300916502931159e+01 2.957740704403004983e+01 4.215078222321415069e+01 4.235587567946208054e+01 4.970737500341245863e+01 2.957113298006116509e+01 4.976660322157695049e+01
6.786455232800275850e-03 7.596937669045344066e+00 1.770094470692476918e+01 3.775987981823677586e+01 3.788039777087438154e+01 2.827886017574697419e+01 1.176314107053246083e+01 4.221251113026918134e+00 3.911951094440169197e+00 4.138795697372804838e+00 4.365404110065837173e+00 4.880900366427842307e+00 4.797334704440799236e+00 8.139445769492603233e+00 9.716284379144820349e+00 5.583531251007432417e+00 9.266688340298944837e+00 2.222211192599644392e+01 4.300634746227785143e+01 4.047726497860141848e+01 3.155336602255161438e+01 1.795828342407859424e+01 3.921148918145144791e+01 4.344413763483754565e+01 4.369397632430348466e+01 2.294797881416942076e+01 2.170351448416992213e+01 8.803379211576690011e+00 2.243504047630291964e+01 2.865413956096502091e+01 1.017975407921663766e+01 3.027854544060316044e+01 2.146372677295584097e+01 3.218299535000245726e+01 3.933369220627461971e+01 2.237907662055983948e+01 3.439737358675000678e+01
3.257643153035955173e-03 2.000325764315267918e+01 3.600583980296061526e+01 4.601666145341208392e+01 4.116720121594903503e+01 2.316028338077639503e+01 2.277628170320368284e+01 2.740737443424566067e+01 1.156692752383940537e+01 1.796879480953368358e+01 2.280940369424745739e+01 4.580926241090963025e+00 1.806929199665646024e+01 1.946735316989039788e+01 1.188804407828132703e+01 9.008324763650291445e+00 5.860628311876558527e+00 2.451455270522218655e+01 2.801313069051547444e+01 2.784552778642686732e+01 1.129117292085946822e+01 2.795351265032848787e+01 2.805842973799711260e+01 2.203004810759230025e+01 2.820614421486593670e+01 2.733873478048451133e+01 8.454984465707756414e+00 2.799677769656294046e+01 3.319482794951061777e+01 3.637609405686619368e+01 3.001185049112748970e+01 1.082081045894612537e+01 1.129546230549760111e+01 1.179113954451063684e+01 3.093707006442013352e+01 1.472268293466769862e+01 1.377058265085900324e+01
1.880098487986705483e-03 1.414401572221906278e+01 3.414401572221976977e+01 4.885211826527693546e+01 4.974838365416827912e+01 4.117051331180487495e+01 4.103025737545477369e+01 4.063329539121726697e+01 2.055289358217892115e+01 3.548917880041852868e+01 3.364796847922979595e+01 1.444818456756282998e+01 3.275634686179434141e+01 3.456335112266025789e+01 3.284612479366263926e+01 1.556327394765110128e+01 9.337376168931209364e+00 6.154610604297402254e+00 6.369913009435106410e+00 6.597924463698995545e+00 6.830195518118834741e+00 7.067293990082934130e+00 7.310184537550504125e+00 7.560554455427835663e+00 7.819079580525900575e+00 8.085497663826686221e+00 2.809345574382154709e+01 2.095756325083780425e+01 3.219467365605538589e+01 4.960451810641497161e+01 3.834308189905426190e+01 2.195630430975818825e+01 2.896292966038663863e+01 1.782670052066227839e+01 1.251700514439350265e+01 1.303857246414884230e+01 3.249340668074681560e+01
2.900726248362994839e-03 9.992214213476149354e+00 2.144194632785828958e+01 4.025396661716508362e+01 5.125349149431227858e+01 4.356613669514376852e+01 5.256581102355996649e+01 4.925025231976889728e+01 3.251541075068201536e+01 4.925064748455726971e+01 4.029898965627614871e+01 2.037686129164625370e+01 4.029898965627614871e+01 5.084498537194225065e+01 3.006078814377237407e+01 3.551169641123741627e+01 2.085200793379307882e+01 8.131618468426101032e+00 7.145257154093403784e+00 2.381483602963576018e+01 2.469944621585877087e+01 1.714702132412159230e+01 2.566748895212339221e+01 2.623328023684990029e+01 2.678955497625078408e+01 8.121346086796116026e+00 2.842472386615206403e+01 3.840353138582621995e+01 4.691846056178493285e+01 5.378492916599854112e+01 4.831507713617618549e+01 3.841687467043833948e+01 3.800710031643829012e+01 1.891214853628983761e+01 3.287692056979816613e+01 1.683461380255232953e+01 3.393035004175002456e+01
5.081304048347549951e-03 2.000508130404799090e+01 2.760863572702248803e+01 3.167128204989506557e+01 3.600657909988532168e+01 2.313781313098246883e+01 4.292930266751083934e+01 5.582017247430492546e+01 5.379012297476249671e+01 6.303045400180799618e+01 4.816192237028793954e+01 2.696357905311220193e+01 4.816192237028793954e+01 5.920039843534106438e+01 5.084498537194225065e+01 4.753403943360756045e+01 3.613359439672420592e+01 2.689262523077385225e+01 7.811534833364547126e+00 1.259051578620152156e+01 2.899946466051629201e+01 3.338222764175990420e+01 3.406399800253558396e+01 3.536370556820036626e+01 1.626740740041183031e+01 2.700432455799232656e+01 1.065890487971887168e+01 3.091830023866397426e+01 4.194730841583247383e+01 5.364589610409429810e+01 6.107476015020731808e+01 4.629428027153422676e+01 2.633784122640370029e+01 3.906804649093705706e+01 4.597993967057825415e+01 3.335595522529354895e+01 3.899947610390083241e+01
4.469920835086939326e-03 3.784114597729140606e+00 7.633115345070526914e+00 1.171558573821198124e+01 1.607984359773777783e+01 3.440069274926703713e+01 3.153017566097612701e+01 3.793965173771569255e+01 5.056566079106205081e+01 6.719125140364933202e+01 5.759719891882235743e+01 3.839477289459236431e+01 5.753251982697778999e+01 6.508998548597865863e+01 5.409257555603910106e+01 3.510746840822289272e+01 2.878260826049424637e+01 8.846316052261141039e+00 2.774246072084477888e+01 3.252499814356698948e+01 2.052417448482418649e+01 3.916190912275502001e+01 4.797657516418772872e+01 4.174570907240373430e+01 2.267229323527509166e+01 3.762593687770759487e+01 3.091784477601035874e+01 1.324051815949670718e+01 3.361131560087650172e+01 3.134904284109628847e+01 4.722273665031173095e+01 5.423832906598146053e+01 4.065694995351326213e+01 3.555703416068062950e+01 5.498065407997444964e+01 5.704096380903535390e+01 5.996977940826974418e+01
2.324776005098761877e-03 2.000232477600474468e+01 2.760863572702248803e+01 3.167128204989506557e+01 3.600657909988532168e+01 4.341731412386611311e+01 4.993066679870413083e+01 5.582018144778179902e+01 5.066064399780351835e+01 6.832274667018482717e+01 7.198655943532166646e+01 6.212939508688684498e+01 6.438587219127204264e+01 4.796257558450489000e+01 5.052079682213279455e+01 3.514495877671767232e+01 1.531702742768228198e+01 9.682995254780841776e+00 3.018835299988109711e+01 4.730477437627298087e+01 3.946828462954802319e+01 2.967629122927523255e+01 4.815066286469281209e+01 4.179884136932054162e+01 4.180147363911832770e+01 3.512181261570981405e+01 3.780133697619711342e+01 1.736815959369015872e+01 1.627547664185592069e+01 1.846998231573538618e+01 3.890939555794089699e+01 5.045500024887502377e+01 5.990443003616343276e+01 4.943264915360745704e+01 4.696761820384031694e+01 6.592549952500189647e+01 7.303380093387274030e+01
8.699724428260374037e-03 1.155570510822067476e+01 2.569784073195137353e+01 4.569784073195066298e+01 4.817192624081813790e+01 4.402979239800168898e+01 5.231789068196292902e+01 6.126664500151607484e+01 6.832448102037857041e+01 7.607115188314202214e+01 7.901612150353476238e+01 7.017910318789661517e+01 6.348667183968363048e+01 4.515015693521375795e+01 3.180145202511654645e+01 2.459571224414375834e+01 3.087681233167414518e+01 1.062188565316885480e+01 2.505387464433954392e+01 4.508714368882006340e+01 5.506839375877281384e+01 3.670860855614171925e+01 5.506839398476737557e+01 5.985336729097905817e+01 5.003702474908888576e+01 5.329330584841451923e+01 4.212216801918484066e+01 2.174545142628218386e+01 3.669811682131373942e+01 3.890939556036460090e+01 2.174643761322227320e+01 4.215583974770052578e+01 5.380200810377400700e+01 6.837472263134868911e+01 6.592549952434575289e+01 6.245707260616545398e+01 8.135197961180675463e+01
2.249585233037712084e-03 2.000224958523268270e+01 2.671425753730211028e+01 3.024981664690435679e+01 2.817154157645599000e+01 2.402940294335952487e+01 3.297367506401374015e+01 4.452068936084172179e+01 5.866311023025800608e+01 7.867394373002775865e+01 7.017897647389901294e+01 4.950926685786539849e+01 5.556300067593220149e+01 4.989790038327673471e+01 5.052079147473159537e+01 4.382453738638706398e+01 3.185991983877770650e+01 1.159979445796078146e+01 3.185140494150082802e+01 4.794858736863695725e+01 5.976631629141581925e+01 4.716989399619392742e+01 6.299815904884015083e+01 7.561669097302535647e+01 6.778827501732287431e+01 5.829408113324707585e+01 3.814436334669625239e+01 2.636463137896045339e+01 4.666050168070599824e+01 5.045504686706230757e+01 3.624561867723662800e+01 2.518392627341911094e+01 4.552102167271564781e+01 5.227556817638674858e+01 6.052486315433205277e+01 7.468677441372733483e+01 8.936450156518480981e+01
2.739267172789772273e-04 3.333607260050619026e+00 6.714224278964699977e+00 1.024975818489746793e+01 1.402940291498977388e+01 3.402868641445935793e+01 4.710646108182603342e+01 5.377380048989815009e+01 6.207165943485606618e+01 7.208295499119103056e+01 7.016841620054329098e+01 4.950913690654244448e+01 3.544789224998510235e+01 2.991511636241144956e+01 4.250485026016266232e+01 3.747435795456750895e+01 3.276367054191170780e+01 1.257396884136058723e+01 1.981992102474220729e+01 3.154571587933433463e+01 5.158377900702608088e+01 6.586093854360747457e+01 7.392144343333330880e+01 7.133274927287708067e+01 7.965245601066406778e+01 6.656485896707518179e+01 5.187730167825627348e+01 3.167273335835334080e+01 5.187730390988168239e+01 6.466447701025850847e+01 5.042653738356803927e+01 3.020048100359595011e+01 2.921142540375256402e+01 3.209561989246588354e+01 4.640317268244327664e+01 6.474731731217589470e+01 7.884085521049286172e+01
8.327778614586212741e-03 2.000832777861423040e+01 2.671425753730211028e+01 2.439187720784905977e+01 3.402951861830821656e+01 2.133237034846734659e+01 2.710587304064734226e+01 3.377253971043673886e+01 4.377254088310520785e+01 6.377597842073632251e+01 7.018333074047004061e+01 4.950939429159361538e+01 5.556300067593220149e+01 4.264567979803499043e+01 2.247602576513780193e+01 1.759616701374852710e+01 1.393536060203764038e+01 3.280167779413149276e+01 3.266639042401666160e+01 3.674508356869985448e+01 5.694329416632206176e+01 6.554693818047093146e+01 5.725557189092964450e+01 5.142345797046674249e+01 7.133277171163848607e+01 6.087731677990435486e+01 4.075267194396856496e+01 5.187730614363881188e+01 6.015703240464299029e+01 6.679841302872355868e+01 4.674704531045605194e+01 3.609368505984273412e+01 4.945104985474310411e+01 5.227556818481881606e+01 3.638673287309418924e+01 5.065702644429427437e+01 6.522199757185379099e+01
6.510866554257996840e-03 1.414864649028533350e+01 3.414864649028604049e+01 4.439012032503842420e+01 4.961968221314169369e+01 4.133278875585339307e+01 4.710657901028435646e+01 5.377380048989815009e+01 6.207166556290329140e+01 7.208999300177235625e+01 7.904974176998857160e+01 7.018828822699362036e+01 6.505199654428827216e+01 4.643748829438931125e+01 2.634763769616147400e+01 3.514166898228749147e+01 1.492331716166874500e+01 3.514165597569593302e+01 5.230108502823818384e+01 5.679147076970320285e+01 5.235690217721695205e+01 4.795014236826113319e+01 3.751550400349171355e+01 5.142356312490292680e+01 7.134219053898948459e+01 6.087730449308877212e+01 5.501622152057818482e+01 5.501622140669620364e+01 7.502729258497858211e+01 7.499766772695195982e+01 6.230620622191054281e+01 4.219748192511634954e+01 6.230621405582986228e+01 6.474737426731094558e+01 5.065702571121342146e+01 4.102262876326010144e+01 4.514172524410361831e+01
8.953482861371391335e-03 1.415108910659244756e+01 3.415108910659315455e+01 4.101052606329307793e+01 4.929580414549481304e+01 4.838245803424884173e+01 5.666918580127478577e+01 5.753040821089120271e+01 6.581980295430821570e+01 6.824602230550586057e+01 7.656442030745499494e+01 7.096604722070246396e+01 5.050048363814478591e+01 3.638066452804702067e+01 4.615910041286971222e+01 3.533076949685151646e+01 1.591444505513313956e+01 3.613554763764091149e+01 3.862281058065678963e+01 3.967267681943479118e+01 3.429779810203321944e+01 2.814914324472999496e+01 3.807568736056261116e+01 5.198361595616554354e+01 7.189562425494544584e+01 8.083903835471637933e+01 7.502734800972416451e+01 7.502729240627665774e+01 8.324531775326012450e+01 7.642086496520012417e+01 5.645976059828227989e+01 5.385470054444446220e+01 7.052022735743132387e+01 7.883772281901100598e+01 6.669374698232216758e+01 4.662215650052124261e+01 6.522199760919639289e+01
