LEM/sinusoidal_perturbations/elevation_000261.asc
nrows	100
cellsize	150.0
xllcorner	0
ncols	100
yllcorner	0
NODATA_value	-9999
[rows 17 to 33 of 100, columns 0 to 36 of 100]
5.222468517465790779e-03 3.032986337189194082e-01 6.014093397691635534e-01 1.948673146688595281e+01 2.204707004327227793e+01 3.203606075187420998e+01 3.182332473958904373e+01 3.552600468671496969e+01 2.261882970190196573e+01 1.823577834415661769e+01 3.739731583481035404e+00 4.192261608825460506e+00 2.430885121521006553e+01 3.671440134631625796e+01 4.533534947040676144e+01 5.376432701596214514e+01 2.150349124983384641e+01 1.665471041006950514e+01 3.523040283371160086e+01 3.746432989884256415e+01 2.023074058832451527e+01 2.857142712010861274e+01 3.587839461531389418e+01 3.779135515059298456e+01 4.032251577488395355e+01 2.560773610853695814e+01 4.743124934143246918e+01 6.059275427224288535e+01 5.299457055983641851e+01 3.823258787390885516e+01 4.205038791240848184e+01 2.201261938109730210e+01 2.296983688079904340e+01 4.592025021545867958e+01 6.134713252819879159e+01 5.316361005511693349e+01 3.887246950674252588e+01
7.333276091007126865e-03 1.647317810192133791e+01 2.023572318776907153e+01 1.024113262199960461e+00 1.988000740764007546e+01 1.865109619331016599e+00 5.328028168412517473e+00 2.087139846947083299e+01 1.635250831954486372e+01 3.313393338370012930e+00 2.270051393436911980e+01 2.406608758752749111e+01 3.329628854427503626e+01 4.944406847293441842e+01 5.747752747759425063e+01 4.966248102833150568e+01 2.871969856665718268e+01 1.840276402065301298e+01 1.713419075397821700e+01 1.746945899317758233e+01 1.779466832157076439e+01 2.995561102133135023e+01 3.544039766701152416e+01 1.898465608423850526e+01 1.929851300466978969e+01 3.970817484434699907e+01 4.426752495081045424e+01 4.151012216613309391e+01 3.288527355193320290e+01 3.702170405769637540e+01 2.152344979283841298e+01 4.143729988188607649e+01 3.130783043257565623e+01 4.525328088279243133e+01 6.510504796345203715e+01 6.696580042458501225e+01 5.879995375178917527e+01
6.343274376862209282e-03 2.000628940189606908e+01 2.314122271780315288e+01 1.667485979656110784e+00 1.444176623653804059e+00 7.333403865312861036e+00 2.288829043047877043e+00 2.588963231929741315e+00 2.888829561382198374e+00 1.163006250985485757e+01 7.703583846099011367e+00 2.752817706056635672e+01 3.630531226436273329e+01 3.024962060287473165e+01 4.791800389173255326e+01 5.656704707857743841e+01 4.369496002271424118e+01 2.889165106115716242e+01 2.012800991382801641e+01 3.531168298138548067e+01 3.735937424175198629e+01 1.823735553899151540e+01 1.854580373698520646e+01 3.027980304788186317e+01 3.458981065660341869e+01 1.974942206301454206e+01 2.007145840977770135e+01 2.039414831825773433e+01 2.071708769379216619e+01 2.104850707386577824e+01 4.044468368380150736e+01 4.204983281132507500e+01 5.162407072073751380e+01 4.325582240301049097e+01 5.474637141207646351e+01 7.440553239136131936e+01 7.179560709075002478e+01
3.497053469895897767e-03 1.954902153599304526e+01 3.131600535046846190e+01 2.307519023796277935e+01 1.270898552346393728e+01 2.170863877856070090e+01 1.224675806770109254e+01 2.233717231078873411e+01 4.002629284032785506e+00 2.372577946705984431e+01 1.510533312702592923e+01 1.266911791616960947e+01 1.639040560554210657e+01 3.047459691988882469e+01 5.038225273334201404e+01 5.920416323104896605e+01 5.349984374190412240e+01 3.878188091359072587e+01 3.864545091135720867e+01 2.459614921552871891e+01 4.098744809311350679e+01 4.099688277723821983e+01 3.728217762002604729e+01 4.188069977491691986e+01 2.396244919695828557e+01 2.302793066614843909e+01 2.279684935011855274e+01 3.305949078373743788e+01 3.980096725019506465e+01 2.148500730408116510e+01 3.396700355646329683e+01 5.454202409975066956e+01 7.002427091973055440e+01 6.305531050792897929e+01 7.123154993363768028e+01 8.260464077725252707e+01 8.003444522910247372e+01
9.635555453094322986e-03 1.415177117960020325e+01 3.415177236815210904e+01 4.003463257189077495e+01 3.167296445261521143e+01 2.967958300335764221e+01 3.039376206449442464e+01 1.266050329766697757e+01 2.375566656518651953e+01 3.204434502456361145e+01 2.321224990155568690e+01 2.672018899166966222e+01 3.630547413053038497e+01 2.285203995628986817e+01 3.099491510783265724e+01 4.247930563485496691e+01 6.242614141110401960e+01 6.039287404095795608e+01 5.159932960067398255e+01 4.374853268792116978e+01 2.922291484954829244e+01 4.749780143264130317e+01 4.797932532491009994e+01 2.863943627869796060e+01 4.433504913903042421e+01 4.476060396943974951e+01 4.391745653454045595e+01 4.365394287469477064e+01 2.372770280306539448e+01 4.234130090805872726e+01 5.096990675367850088e+01 6.272156494256220327e+01 6.509758054083540912e+01 7.330538045877881359e+01 8.495932400138265450e+01 8.082506506772314481e+01 8.299639353790961138e+01
8.845047570523793118e-03 2.000884504757016913e+01 3.089992246837180190e+01 3.918401024112864661e+01 4.812808942648232602e+01 4.774178539908719188e+01 3.901403848675350616e+01 1.925744169758023006e+01 3.901403854033124929e+01 5.147655213088438586e+01 3.321667807616956480e+01 4.665575374949975185e+01 4.910244862997548410e+01 2.916334034739295333e+01 4.277959462453883077e+01 5.920431577200967865e+01 7.074369148906184535e+01 7.142989997271004654e+01 6.138103704710960784e+01 5.055641367212872694e+01 3.248961741886049026e+01 5.055641366969361883e+01 5.663644703632949273e+01 4.856500698437673691e+01 3.386427398575084879e+01 5.355548097166448684e+01 5.716612676882980537e+01 3.723301709185437858e+01 2.539632861379707762e+01 4.565822602063678914e+01 4.996911608260484172e+01 5.181351180466157302e+01 4.530393879557726677e+01 6.188077056384459951e+01 6.510274857881877608e+01 6.097242125172103044e+01 6.314417619976214979e+01
8.023991185656003874e-03 5.353248829434120282e+00 1.090025079168636246e+01 1.984452270128672779e+01 3.139152792480082610e+01 5.139139627380799880e+01 4.725029907994910161e+01 2.911664513688903000e+01 4.725030600333689534e+01 6.146320886310143550e+01 5.319301990770115651e+01 6.146320886310143550e+01 5.629806836766631761e+01 3.620349917266150896e+01 5.629807026095539868e+01 7.105374796459167897e+01 7.755821237370409449e+01 6.289873792407716024e+01 4.361795453047547255e+01 3.747156907391654812e+01 5.055641367212872694e+01 4.522736979243091326e+01 6.343267065539416194e+01 5.716510473945727711e+01 3.768808074138360098e+01 5.716510473945727711e+01 6.538964190520833597e+01 4.896981173619432326e+01 2.892333568914198239e+01 2.797434719714005880e+01 2.988616428046614004e+01 3.183446058507485432e+01 3.380081403515329441e+01 4.530394755699156661e+01 6.051319617917000215e+01 4.694721801774912961e+01 5.222212499897629101e+01
4.598823041778624977e-03 2.000459882304142312e+01 3.090021988071734071e+01 2.504238574414781482e+01 4.504228269189736267e+01 5.967464350713675003e+01 5.716795042875616417e+01 4.891143732939725908e+01 5.716800694834886798e+01 6.684793546692077371e+01 7.224998575518213784e+01 7.803078880364023462e+01 6.493785583216549639e+01 4.773682381086715054e+01 6.493802763635648034e+01 8.047995604402714775e+01 6.170200294565001542e+01 5.130674760526726885e+01 4.347446378548868751e+01 4.773299728712062517e+01 6.318630374450342657e+01 6.343267065539416194e+01 7.125861418365745692e+01 6.094137965734896767e+01 4.164296204230430476e+01 6.094137960581172564e+01 6.565325000189410787e+01 5.239397773411540271e+01 3.253123138364233569e+01 3.444477439431613419e+01 4.996910051168676858e+01 5.181351180466157302e+01 5.367190550649444702e+01 3.662895759873445911e+01 4.076098579038044534e+01 6.051319619419695783e+01 7.209960629465105342e+01
7.340434288523949372e-03 1.414947605801959973e+01 3.414947605802030495e+01 4.504228292920920040e+01 5.332575709123005936e+01 5.565231417499082767e+01 4.716153186729700764e+01 5.565224587912688747e+01 6.066320794477656619e+01 4.627084263931947561e+01 5.195577081581867418e+01 5.789980818831380560e+01 7.315299902458279746e+01 6.852939190734468866e+01 7.776979023979053807e+01 8.849730309596191091e+01 7.461605096827791783e+01 5.614348842706538534e+01 4.976053058163702048e+01 6.599203220422171512e+01 7.384750816786883831e+01 8.121787223448812654e+01 6.684676592640431636e+01 4.766340740274739574e+01 6.094137965734896767e+01 6.893252146852174178e+01 5.742994030300620523e+01 3.771552886440095875e+01 5.239397773411540271e+01 5.418611775966270017e+01 4.405490180149264035e+01 6.355314466865524281e+01 6.461991384091879809e+01 5.639578998627862916e+01 3.978034032414491605e+01 5.953216603991332079e+01 7.168120950172526307e+01
3.515918393995972821e-03 2.000351591839364218e+01 3.645384514198305226e+01 4.800085052577686184e+01 5.467351433962161167e+01 4.499877806300929706e+01 2.551955965597058196e+01 4.063756703668664017e+01 4.517980207885385369e+01 3.092149230760852774e+01 3.691070854159740122e+01 4.461136610048773576e+01 5.508807825982933082e+01 6.932793064019102758e+01 8.840814511809372789e+01 8.229131198084920129e+01 8.255867189370346182e+01 7.461601968468752943e+01 5.649623982139422651e+01 7.501609467201059545e+01 8.442044241689140449e+01 6.530647924312208374e+01 5.427596229281748919e+01 6.684676603628656721e+01 7.477638227894657064e+01 6.316358164498374350e+01 4.344686273652845188e+01 5.742994030301198194e+01 5.379601217026839066e+01 7.176445819924997238e+01 6.355314466865524281e+01 5.692025829615279520e+01 7.532704976032847810e+01 6.206031420170192803e+01 4.226348153959020948e+01 4.670494462399661018e+01 5.179885011667143857e+01
4.608085242692564441e-03 8.169573894520024027e+00 1.971657927831274293e+01 3.971657927831344637e+01 3.960757235330832771e+01 2.454163036650640350e+01 1.444307171594922501e+01 1.871031266636984824e+01 2.337770995853537670e+01 4.517980207024579897e+01 5.789980876267863863e+01 6.514213978432350416e+01 7.315299908062145562e+01 8.279792239172937229e+01 7.642951393729342158e+01 6.226387027168104282e+01 7.642962258861311398e+01 8.303579265149892308e+01 6.702548772403260102e+01 8.303735927434973974e+01 9.219513779321671620e+01 7.883827245109679893e+01 5.990426387434567346e+01 7.883827245109539206e+01 7.890712775590046135e+01 5.899790892311487767e+01 4.764213970589173641e+01 6.741253490352765709e+01 7.359906625566708271e+01 8.185055567387993847e+01 7.615993724463709214e+01 7.615993724745786153e+01 6.849236064117623357e+01 4.710808862876620395e+01 4.509749898105425103e+01 6.495714066686429078e+01 7.168120950172567518e+01
1.610643649003322799e-03 2.000161064364864671e+01 3.645384514197756687e+01 3.461426101984611137e+01 2.583045251140253384e+01 9.182937106038272290e+00 3.086965449776923265e+01 4.063756745228103995e+01 4.517980159191913003e+01 5.367558488997186572e+01 5.958587443444433518e+01 5.110335263428043362e+01 5.958591742990217455e+01 7.150048302524395183e+01 6.745141062695162759e+01 4.803944527458009617e+01 6.745141262703715768e+01 7.973857690814175214e+01 8.598052608934963814e+01 9.413102808117206166e+01 9.152435744459081945e+01 7.396910495464490509e+01 6.936950638684129444e+01 8.637260208119562321e+01 8.719030082232687562e+01 6.869421146976200987e+01 5.584657857002491710e+01 5.689477507472227558e+01 7.094320543205985530e+01 9.091338039798728232e+01 9.591975286706802706e+01 7.887917069960106176e+01 5.684541921806777509e+01 6.849236064117623357e+01 6.495714066713459545e+01 4.928692857785755166e+01 6.920333218296786981e+01
2.022278438842990342e-03 1.575103104139074439e+01 3.403760081503703816e+01 2.495471803614656991e+01 4.471568337086590184e+00 2.214319673721195869e+01 2.309423327674827675e+01 2.657805980697974846e+01 3.811547220827181093e+01 4.919089385736497633e+01 4.064418201882025983e+01 3.018501155163394145e+01 4.231587516166011653e+01 6.310727010104012180e+01 5.914505681321092112e+01 3.907754451972011367e+01 4.963866914978244438e+01 7.074524408684862919e+01 6.755861724480726593e+01 7.721284390739185710e+01 9.125592715581764480e+01 8.802512571654261819e+01 8.243297311202053379e+01 9.246514611008674933e+01 9.876513468704199283e+01 8.337448742673970514e+01 6.576267206716619285e+01 7.094320543205913054e+01 7.094320543205913054e+01 9.091338038264018451e+01 9.344914922127448165e+01 7.284408799243928456e+01 7.284408799243928456e+01 8.729359788639528972e+01 7.623374000732306399e+01 5.634874381470377358e+01 5.412462414715714942e+01
6.642187732006160465e-03 1.955276790819910460e+01 2.108246019608451860e+01 1.017366611458815573e+00 1.315106299113833588e+00 1.614236082822109397e+00 3.193905712890728665e+00 7.864840732941284607e+00 2.640534595117297911e+01 3.257920345530401107e+01 2.008244157548308806e+01 4.064418202274906378e+01 5.958591591073177796e+01 6.265411924747751016e+01 5.245588364343443288e+01 3.253095406671102552e+01 5.245588421783710942e+01 5.609078457956288588e+01 4.747809736537794123e+01 5.845398491783907247e+01 8.016791770530218741e+01 1.030184560571819077e+02 1.002469231990932030e+02 9.463945419057144193e+01 8.603201358698187562e+01 9.317891334608620468e+01 7.919262934700911671e+01 9.091338038264018451e+01 9.091338038264018451e+01 9.920443538717627519e+01 1.017431077920929283e+02 9.344914922127448165e+01 9.344914922127448165e+01 8.877380577604294842e+01 6.894622085849353255e+01 7.623374000807127970e+01 6.046400579254705576e+01
1.591255364720534126e-03 2.990011075788961969e-01 5.964306469787855614e-01 5.177593867398349481e+00 1.319904020583153148e+01 1.708376963802353643e+01 2.037424885074054615e+00 3.988903041964252161e+00 2.293379538471687695e+01 1.271908177490052161e+01 3.257920381670858490e+01 4.919111275153566964e+01 4.805431715529712022e+01 4.866566345537416538e+01 3.467713258093252904e+01 2.760727803441357864e+01 4.725536042207613008e+01 3.684212702508722970e+01 5.684847594476597976e+01 6.911763141026602852e+01 7.880173914239463784e+01 8.861189068483905373e+01 8.743272011684089762e+01 7.897548850569990009e+01 6.451885041302887203e+01 8.232466513898347671e+01 9.902713872458461708e+01 9.194630709989833406e+01 8.354600431283634521e+01 8.168985124707431567e+01 9.008826958258993045e+01 8.194100987291635363e+01 9.033968924654119803e+01 9.702566449206123878e+01 8.295380215074665387e+01 8.690500020254118851e+01 6.710815340642649574e+01
6.189296070378335485e-03 1.733925475551077255e+01 1.914555979749865955e+01 2.081679787268455684e+01 1.312072190576535746e+01 2.241290313143630542e+01 2.339751156698154588e+00 1.601953379487350304e+01 6.546197775324375634e+00 2.545211480662287329e+01 2.985175968548526271e+01 3.204595234100459322e+01 2.859980937122015021e+01 3.664278876557788323e+01 2.121004596872963788e+01 2.452302883931318078e+01 2.799701482460890389e+01 3.266010219689704286e+01 5.248262437020670745e+01 5.084619341848878094e+01 6.086550189559403634e+01 8.044211417638233286e+01 7.897548873750048415e+01 5.842282651532905646e+01 5.274761238430104271e+01 7.292772307123065900e+01 8.249903374112525967e+01 8.025738873141951046e+01 6.331442047048832222e+01 6.145795060533426835e+01 7.839999072911098210e+01 6.170791207924424526e+01 7.865081516505004799e+01 9.296895197970505365e+01 1.028245374612938292e+02 9.515306059610895772e+01 7.699279090132824876e+01
2.247884206357958405e-03 1.059992218905760275e+01 2.339851807157572949e+01 3.037852823038464578e+01 2.911667274453419196e+01 6.615211326634335975e+00 2.641582459096085689e+00 2.063408866665281138e+01 1.943240924241728251e+01 9.220465388947506113e+00 1.113285249279739908e+01 1.316162211655440828e+01 1.531337781699959422e+01 1.758391114125572585e+01 3.664278876325078471e+01 4.398139053345821026e+01 4.767472652961444624e+01 5.248285797685752385e+01 4.011607780963105085e+01 5.163811513051694391e+01 7.147302455330073201e+01 8.861127058465574180e+01 7.613800477819943069e+01 6.444256154063869246e+01 4.345073260113484537e+01 6.202926915476216152e+01 6.202926915476216863e+01 7.119567213146001450e+01 5.160172286311974688e+01 4.973832914198688115e+01 5.942426401525366231e+01 4.998869457070166078e+01 6.433267835039490024e+01 8.223158421306862920e+01 9.391609279115573372e+01 1.050852418949952636e+02 9.681720950375422774e+01
