LEM/sinusoidal_perturbations/elevation_000505.asc
nrows	100
cellsize	150.0
xllcorner	0
ncols	100
yllcorner	0
NODATA_value	-9999
[rows 0 to 16 of 100, columns 0 to 36 of 100]
8.271705653423140972e-03 1.155527708944583765e+01 2.569741271317653641e+01 4.569741271317582232e+01 4.859348198696581278e+01 4.943510272741012557e+01 4.949784229644716760e+01 5.775936079133386869e+01 7.289809956248589629e+01 6.467534955985165368e+01 6.725499197878767177e+01 7.547552517983150722e+01 8.102686593069070398e+01 7.285647356830924082e+01 8.102686593069070398e+01 8.393231008345638600e+01 7.573635311684759586e+01 8.393231008345638600e+01 8.536263473085671194e+01 7.718040983546625000e+01 7.565457488786913132e+01 6.749881341839720506e+01 7.148558881281449828e+01 7.575029737970984911e+01 8.036461527994018184e+01 8.543285023058153627e+01 9.111796136727181761e+01 9.770499053678300072e+01 1.059374350004824947e+02 1.158618291385071188e+02 1.329515779919263991e+02 1.247962675623927566e+02 1.294733799615735848e+02 1.376504214481481085e+02 1.420029361512478943e+02 1.353769411729271042e+02 1.271234503600573476e+02
7.813061968023241044e-03 1.414994868569909947e+01 3.414994868569980468e+01 4.301402369717710883e+01 2.931833221593197081e+01 2.953792559439316889e+01 2.954704403275502500e+01 4.949784229644716760e+01 6.142636369572775834e+01 4.479820022494382670e+01 4.737720221331367298e+01 6.725499197878754387e+01 7.119932507836644220e+01 5.323038281442531172e+01 7.119932507836644220e+01 7.408768281860967875e+01 5.608749929454812388e+01 7.408768281860967875e+01 7.402857139017253019e+01 5.759996690819090048e+01 6.218099748151310990e+01 4.795991025371309746e+01 5.195445794200380618e+01 5.620694755498499262e+01 6.078772241311979485e+01 6.580366067208144898e+01 7.142415869642530879e+01 7.794390302824983507e+01 8.779140356378961485e+01 1.076185775097765003e+02 1.217063706800738174e+02 1.054065580265607451e+02 1.100345154397305691e+02 1.224179528437303759e+02 1.224179528437303759e+02 1.255530485524371613e+02 1.075907768145390975e+02
2.526786264046545528e-03 2.000252678626369018e+01 2.268690348305283422e+01 2.404029153201110347e+01 1.540368431963800155e+01 1.541914032695822812e+01 3.539049755410567144e+01 5.331149627821639569e+01 4.507874049505262093e+01 3.330733159244926611e+01 4.737705444080885542e+01 6.724655663147498785e+01 6.304342819136722653e+01 4.340953951310559233e+01 6.304342819136720522e+01 5.609311178461693004e+01 4.627465993788070620e+01 6.591131059574196627e+01 6.523361386665590089e+01 4.631435229682217170e+01 4.260914463776848038e+01 6.218099754123630873e+01 7.148558881281449828e+01 7.575029737970984911e+01 8.036461527994018184e+01 8.543285023058153627e+01 9.111796136727181761e+01 9.770499053678300072e+01 1.059374350004824947e+02 1.158618291368448325e+02 1.136016135423713109e+02 9.412865567015859369e+01 1.101279601565102553e+02 1.029857681845158766e+02 1.224179528437303759e+02 1.173571135872981301e+02 9.783926490527700537e+01
4.163169627051843593e-04 1.349556965382330054e+00 2.700300690266655312e+00 4.059434924271999812e+00 5.427397706801911248e+00 2.540319265812131277e+01 3.565935592954738098e+01 4.507874047708300225e+01 2.516034657426911281e+01 4.507874049505262093e+01 6.142636369359816939e+01 5.950750531317152081e+01 5.184031091578250283e+01 3.681991686603191738e+01 4.769967402218245667e+01 3.640901788434752007e+01 5.609311178461678082e+01 5.048750330518594609e+01 5.261784508320857157e+01 3.750304850831184922e+01 5.712756702271215659e+01 6.597219282891155956e+01 7.045924495768277040e+01 7.520724084041449942e+01 8.027315204631671008e+01 8.595590074552228543e+01 9.254294348759769662e+01 1.007783248601805042e+02 1.107072580571860385e+02 1.204294111981037503e+02 1.008949519071226462e+02 8.745493524606732194e+01 9.054179192483026384e+01 1.044339584027043060e+02 1.238744964147248879e+02 1.108511640266245024e+02 9.122138769796102054e+01
5.883922493566802643e-03 2.000588391384531661e+01 2.268690348188892258e+01 2.404029153199767066e+01 2.540319265812127369e+01 7.433207543124313865e+00 2.740008825350175670e+01 3.378031373291454287e+01 2.031282435153549315e+01 4.024795824336197114e+01 4.750648725232707648e+01 3.713843376386128625e+01 3.290044963667511269e+01 4.188325112522356619e+01 2.794138319204174081e+01 4.559025676890353651e+01 4.749660992849944563e+01 3.079265099998929855e+01 3.294817050574337713e+01 5.262539344701934851e+01 5.993372573678797011e+01 4.640533574490180513e+01 5.090059398494060616e+01 5.563075230579757857e+01 6.065296231249201497e+01 6.627028179818231024e+01 7.278181526137144886e+01 8.262399408362908559e+01 1.024618928915665066e+02 1.163830396275828036e+02 1.008949519071226462e+02 8.098977388387019971e+01 9.517251408412157332e+01 1.147101389092484425e+02 1.196025764022893441e+02 1.051845357028815187e+02 8.538165208662761074e+01
1.256007409845548732e-03 8.945527917408924168e+00 2.049253330120123451e+01 4.049253328996459800e+01 3.565914742793873415e+01 2.155766719517530561e+01 9.469702100472977335e+00 1.382727157199873957e+01 3.312647969276778070e+01 3.468765796991550587e+01 3.563721253213847007e+01 1.868251741164419499e+01 2.036663625601191896e+01 2.206854464137436977e+01 2.395144579568869148e+01 2.585547094344367380e+01 2.778367563000136897e+01 3.419309142026199311e+01 5.248996930380612724e+01 3.723088123264761151e+01 4.032662451487798450e+01 4.555693643015725769e+01 5.088736034058482005e+01 7.021550880498199376e+01 8.027315204631671008e+01 8.595590074552228543e+01 9.254294348759769662e+01 1.007783248601767951e+02 1.107072580565317423e+02 1.082748410567880768e+02 8.859714216134588582e+01 7.681111911825024663e+01 9.691391630247218814e+01 1.127958956894176765e+02 1.114271183312710036e+02 9.175311158578016091e+01 8.005573213291201284e+01
9.594114293757748102e-03 2.000959411429340307e+01 3.722979807809892350e+01 4.877680116349677064e+01 4.975958466517924705e+01 3.635254219534279940e+01 1.312706528936835682e+01 1.163748267756437293e+01 1.317275352021924384e+01 1.473233956393295152e+01 1.632911537665471258e+01 2.523043278106232989e+01 3.994256649992396291e+01 4.188228009893757076e+01 3.767971578976473523e+01 4.559026758649068256e+01 3.477245540224230780e+01 5.304342795900945617e+01 4.387986001539507441e+01 5.684823910919518397e+01 5.993372573678797011e+01 5.639838750886080021e+01 7.021550880435921727e+01 5.942705227052248773e+01 6.622875157496383736e+01 7.494998575611045055e+01 8.634864429889933035e+01 1.062365028512803065e+02 1.196671374016596161e+02 1.115619530346775576e+02 9.324366447355559728e+01 7.295099448942376341e+01 8.487007442420477332e+01 1.046822012018453165e+02 1.095333621034219931e+02 8.979850573663914304e+01 7.535596839210754183e+01
7.711341127313004785e-03 1.986131530379316601e+01 3.582230605125799627e+01 4.587738793954414973e+01 5.717750981353155737e+01 5.282929758237388995e+01 3.799685554848490909e+01 3.158100482279312260e+01 3.312673893126957125e+01 2.886749816468995888e+01 3.045661526686392051e+01 3.573137679645593323e+01 3.855081469208100486e+01 5.619414355457910659e+01 5.575380512572599656e+01 4.667763467864974558e+01 5.431933915192959716e+01 6.230616613411969951e+01 5.458064761744757476e+01 5.614855751050156840e+01 7.216724370955503787e+01 7.638258775136785061e+01 8.495809958679863882e+01 7.894355348466061173e+01 8.589750955869158133e+01 9.413172989611699393e+01 1.030028129446023115e+02 1.144924902204898842e+02 1.083403152607787234e+02 9.192220274543662129e+01 8.981357719817746954e+01 6.935694142164481946e+01 8.398856323431687088e+01 1.038764049107423233e+02 1.142746500627190329e+02 1.037402957441459534e+02 8.974086325429342992e+01
2.297228869525369630e-04 8.962657308584210725e+00 1.933605627851147801e+01 2.711729244961547280e+01 3.998716206381430283e+01 3.678790159353226130e+01 3.893541417637916879e+01 3.857449348368650277e+01 4.645559660816275738e+01 4.873876680224378077e+01 5.035147375148924453e+01 5.438494344847725870e+01 5.619630368095832296e+01 6.365302486489039779e+01 7.150128361900509333e+01 5.908894112512533781e+01 6.903600243316472529e+01 7.778275691974323536e+01 7.129445279476283304e+01 7.135351210703339575e+01 7.347905373792596606e+01 8.237906240925154577e+01 8.159314929758922119e+01 7.818676264661924336e+01 7.736415559177332568e+01 8.864968272148345818e+01 1.068629971970848231e+02 1.169277529821620760e+02 1.002229379169550896e+02 8.027897167374388232e+01 8.653789387811222866e+01 6.596060034746244582e+01 8.067515925748895711e+01 1.006929343590384605e+02 9.453473913137014506e+01 1.015160576384554787e+02 8.148582874264297971e+01
9.647730019007896146e-03 1.992284739806049032e+01 2.789686230348065266e+01 2.309816108839681803e+01 2.348340846564798134e+00 2.936584729715968223e+01 2.335982024737779383e+01 2.317502833715662192e+01 3.689161680822569878e+01 4.066616706685687888e+01 4.066616706685688598e+01 6.077511411070213398e+01 5.625449424219736017e+01 5.633155269979340574e+01 6.452143623410100304e+01 7.633544834008445434e+01 6.858515813129763217e+01 5.890608655695568530e+01 6.959977837671726775e+01 6.981871413225589151e+01 6.071740632373401070e+01 6.751474937396334042e+01 5.627008549761335843e+01 5.210624399257025630e+01 4.929638399760723644e+01 6.596980884713056525e+01 9.503920973796485328e+01 1.089556070507959333e+02 8.950047799323760955e+01 7.820674224868575664e+01 6.843821399482425250e+01 6.276102357553762090e+01 8.339988395007155475e+01 1.003164251817072739e+02 8.022092617483804133e+01 8.610672035437471550e+01 8.503003099812266896e+01
3.582433992925927561e-03 2.952230686121567471e-01 5.869039953746406635e-01 8.787794116758038676e-01 1.170771650051611656e+00 1.939966484719062478e+01 1.437552975793640897e+01 1.329281532556169765e+01 2.669659230516855786e+01 2.141048135516432538e+01 4.066616706685687888e+01 5.067390847749634730e+01 3.699480080343030863e+01 3.726386879448733680e+01 5.612592261570478769e+01 7.073702443071080381e+01 5.798063379640686321e+01 3.783853675872538957e+01 5.777093727626357378e+01 5.731345557123583490e+01 3.727685177847330777e+01 5.731353159561429322e+01 5.802612166028816176e+01 3.546598073680308261e+01 5.933380243813179078e+01 6.928911175518931032e+01 8.187477714308640486e+01 9.317759869914497983e+01 1.053004401348453598e+02 9.205569026953415346e+01 7.339580072278177170e+01 5.968594972699543177e+01 7.659702117847739089e+01 8.408618506260114600e+01 7.573946660856238111e+01 6.550210731081807580e+01 7.972970974824728785e+01
1.813270376062421294e-03 5.765657576022178432e+00 6.877017908615167485e+00 1.313825811781738651e+01 1.421975325905235188e+01 1.584137737887345354e+00 1.401649331006348831e+01 3.334817756674560929e+00 1.029391925264494922e+01 2.820108122333734357e+01 3.675429766575006596e+01 3.377596225713256928e+01 2.342143482800543453e+01 3.686416173279132380e+01 3.351009604261074770e+01 5.075234601391068878e+01 4.870099857292859014e+01 2.744611943616433081e+01 4.851641628772593151e+01 4.795990528309905443e+01 2.622602125937234163e+01 4.313124474858113899e+01 4.534599382816974611e+01 2.950258409396769110e+01 5.082117800872222801e+01 5.182400778608714376e+01 6.174008609705061446e+01 7.421848629594272495e+01 8.701842091017539360e+01 9.591061386324687987e+01 8.852610887096726344e+01 7.062803773137204644e+01 5.598988909366230615e+01 7.301961029280958826e+01 5.511541747551371628e+01 5.699925007456626957e+01 5.898033638233317077e+01
2.372884694381488524e-03 1.757708333996247418e+01 1.638003359320859431e+01 2.140256406353556429e+01 1.191063156224635300e+01 1.826509250253002925e+00 1.983897318343530669e+00 2.284365532701874812e+00 1.495010903473738395e+01 2.147596210746899814e+01 1.903742985412189626e+01 1.340051946727371224e+01 2.768662212738086481e+01 3.008766470844076935e+01 7.032745499963747093e+00 2.819564597775313786e+01 4.154635772305985597e+01 2.031907018989058500e+01 4.150017014772675594e+01 3.600474851928446185e+01 1.843781737389168995e+01 2.145712242918845902e+01 2.463134142719839303e+01 4.357631383427654015e+01 3.555700516302018599e+01 4.100102396896667045e+01 4.746555782945957702e+01 5.430846317719277749e+01 6.665580798484634784e+01 9.389825084745433514e+01 9.921807403877845388e+01 8.492384796916515199e+01 7.301960577237795746e+01 5.250430224410884250e+01 7.301963768414276501e+01 7.769504245584965929e+01 6.948856090033613953e+01
8.175220331382775790e-03 1.971337845787199683e+01 3.305778732536908393e+01 3.418723472975685240e+01 3.301578189148149534e+01 1.951354299742500942e+01 2.736812146715746863e+01 2.414130204207140196e+01 2.705448335381994696e+00 1.452922368246457907e+01 1.241807775793313340e+01 2.484139944507910513e+01 4.124639466547484368e+00 4.419964331925833712e+00 4.716119904761618464e+00 2.478473733537518697e+01 3.347624683245566501e+01 1.413575596784505528e+01 3.211261415850517409e+01 1.458974196863478134e+01 3.600390329424681823e+01 4.312972608647346107e+01 4.007370984694907179e+01 4.590406215060981054e+01 5.036183657664356161e+01 4.991489853402752175e+01 6.184743231489622417e+01 7.587339262820181318e+01 8.811202541479404715e+01 1.011563898094452725e+02 9.283618581611054310e+01 8.457584859992249449e+01 7.151290419705608770e+01 5.104604848920949678e+01 6.551564551283159688e+01 8.600263402946623614e+01 8.996391085433130286e+01
9.124702163186202558e-03 2.000912470216283268e+01 3.049290927571601273e+01 3.753284079647113458e+01 4.576038103547096370e+01 4.355406454340062083e+01 4.147590387475263185e+01 1.866231308577892989e+01 2.533952942809424513e+01 3.120344374797328069e+00 3.413739099683810174e+00 3.708013543516162525e+00 1.449992831065340226e+01 1.535617832646933323e+01 2.011286359356692799e+01 5.137896708916094290e+00 5.776724988831350771e+00 8.296279566963560725e+00 1.088486264376905055e+01 2.044463249270156169e+01 3.548305988035812675e+01 5.618024875838932530e+01 6.145716695794998685e+01 6.650514128599890284e+01 7.098228988113464766e+01 6.474349544744636376e+01 8.171475081529634110e+01 9.334419033827356316e+01 1.048930773803479752e+02 9.705634039768074217e+01 7.819305578865852624e+01 6.440254592756114960e+01 5.669091740924866230e+01 4.959883244754530551e+01 7.002570462280871766e+01 8.440629861054409844e+01 8.440527974363779151e+01
2.239863785106879172e-03 5.166217361010132514e+00 1.051143665762284130e+01 1.758229217869236649e+01 2.911621762127272817e+01 4.890659164996925057e+01 5.017035732331374476e+01 4.147590387475263185e+01 3.645559112239916288e+01 2.360574525298499537e+01 8.693446560981179516e+00 4.423168462353300079e+00 2.140047884895047758e+01 2.757422067998962589e+01 2.673503172289249008e+01 1.252906124559083700e+01 5.562146067901386992e+00 2.639747838599124563e+01 3.136986670832217783e+01 4.036314933094924129e+01 4.154475237369751284e+01 6.218681205502956999e+01 6.302702550733955178e+01 7.135094638107409537e+01 8.569354760980088770e+01 8.945248805712618889e+01 9.430286619637956846e+01 9.914906893939442512e+01 8.598373502224765730e+01 9.920311213408460560e+01 9.283618581546529924e+01 8.457586151954639320e+01 6.858033256450322313e+01 4.818724781614963604e+01 6.855041554086071187e+01 6.423905717640747071e+01 7.870542145666229317e+01
1.766589122093755728e-03 2.000176658912173977e+01 3.049290927571601273e+01 2.683153271382167304e+01 3.753284079647113458e+01 5.700462678594627164e+01 5.329549479770661691e+01 3.318952553431684294e+01 2.277217279835711494e+01 1.592066960137993625e+01 2.642431721468368266e+01 2.422158097366061824e+01 1.650357401203474339e+01 3.159995196171613685e+01 1.953785571141775534e+01 1.823236361459274946e+01 5.862752088527874328e+00 2.758501412527559893e+01 3.485922107899862254e+01 3.941995842231925451e+01 4.436281950538448626e+01 4.982291786374918274e+01 4.216689032921102154e+01 5.712272116389691234e+01 7.652628436269654344e+01 8.612140971008402346e+01 7.661778338109344588e+01 7.948574905200284491e+01 7.118382819241216453e+01 9.109347463482596652e+01 1.006835686656626194e+02 8.022299686333371938e+01 6.728672408011222217e+01 4.678860852371756351e+01 5.240539580477726389e+01 6.137642303507708164e+01 7.577115381149940276e+01
