LEM/sinusoidal_perturbations/elevation_000417.asc
nrows	100
cellsize	150.0
xllcorner	0
ncols	100
yllcorner	0
NODATA_value	-9999
[rows 0 to 16 of 100, columns 0 to 36 of 100]
8.271705653423140972e-03 2.000827170565306901e+01 3.000780383387495931e+01 5.000769588225703188e+01 4.746734239159223989e+01 4.747335393947067672e+01 5.575882552244331691e+01 6.581008382567888759e+01 5.957062452666986729e+01 5.128814394202144200e+01 4.406033864976031822e+01 2.860083030620903344e+01 3.184410608578294699e+01 3.522304925343845383e+01 5.520558064488576377e+01 6.391124957751317481e+01 6.782978861383890035e+01 7.199615908819207277e+01 5.867372658919164508e+01 7.673655645023026750e+01 8.985536026073472726e+01 9.740431220282587788e+01 1.046231952614886467e+02 1.130891697842254899e+02 1.248896094570983593e+02 1.170311466362186081e+02 1.083138382064379073e+02 1.083138382064379073e+02 1.083138382217085791e+02 1.170311496525706900e+02 1.128256076168364359e+02 1.040885505618732481e+02 1.068613294708985251e+02 1.155846314876082914e+02 1.172959534247407021e+02 1.172959534247406879e+02 1.259683705494861243e+02
7.813061968023241044e-03 1.000781306195287712e+01 3.000778146077442798e+01 4.053270278879297450e+01 2.728555115860818958e+01 2.747346008464711531e+01 4.747335393947067672e+01 4.582295994009088957e+01 4.582295939139078200e+01 3.130299016020527247e+01 2.407278504374360750e+01 4.406033864976031822e+01 4.597496681394165563e+01 5.520558064490678873e+01 4.021959551535505284e+01 4.393045419207115287e+01 4.784908160276147271e+01 5.201494823086193975e+01 7.138589634503460957e+01 6.574154766622072543e+01 7.109308921072684484e+01 7.715079998822612595e+01 8.428226874749786646e+01 9.598455351806452995e+01 1.164237993371987869e+02 1.083138382064379073e+02 8.694067628973584760e+01 8.694067628973584760e+01 8.694067628973704132e+01 1.083138382167282856e+02 1.005236994322972350e+02 8.269220970214752242e+01 8.548520115841228062e+01 1.032965905117778505e+02 9.599564123166572926e+01 9.599564123166572926e+01 1.172959534247406879e+02
2.526786264046545528e-03 2.000252678626369018e+01 2.259988969597240072e+01 4.949799445393001207e+00 1.322741328117004933e+01 3.333047483942944211e+01 4.953183135153484073e+01 4.411007326994528910e+01 2.583582026370158502e+01 1.975991220887553013e+01 3.974971201227536710e+01 5.234142206824535037e+01 6.595818653319105351e+01 6.848513033697166463e+01 6.020090902140643863e+01 6.391124957752055735e+01 6.782978861383890035e+01 7.199615906296489243e+01 8.028484250675545297e+01 8.619686410876401794e+01 9.129160038811041034e+01 9.743159172465871620e+01 1.046231952614886467e+02 1.130891697842254899e+02 1.217460023412497918e+02 1.130527981016086017e+02 9.320073047973986036e+01 7.175696610077903870e+01 9.320073045369514375e+01 9.203419972953915362e+01 9.097860151933666373e+01 7.033944953802193822e+01 7.312380282307697144e+01 9.451981603545266353e+01 8.081191946392398506e+01 1.022343582316268567e+02 1.157319466022735526e+02
4.163169627051843593e-04 1.299555921885965803e+00 2.601445031694199717e+00 3.930148883053416142e+00 2.390983176336991534e+01 2.132553521102015281e+01 2.966220496657123817e+01 3.217942456780559013e+01 1.583770714188940509e+01 3.582938974200931170e+01 3.389622196331435333e+01 4.802759066277676681e+01 6.801336034586796586e+01 7.578589244160544069e+01 6.753214720566310802e+01 7.481987480786374078e+01 7.666250629221160295e+01 6.840079428000211692e+01 7.476976546495723142e+01 7.876102974652013700e+01 8.094092214681703013e+01 8.919702086261753493e+01 8.923065321177867304e+01 9.748780018159723681e+01 1.130527981016086017e+02 9.171918118286718880e+01 8.725330032251137879e+01 6.589506800711220080e+01 8.095510121745346055e+01 7.071847535116019401e+01 8.216682204713636395e+01 6.098768728255480909e+01 8.101252878446797467e+01 8.590756067267415119e+01 7.322043540122390937e+01 8.562168623990052652e+01 1.070074709020549335e+02
5.883922493566802643e-03 2.000345919605339873e+01 2.259974760827318718e+01 2.390981057718262193e+01 5.824208291804824356e+00 7.187222951573288832e+00 9.666634908937920656e+00 1.218625441930844744e+01 3.217942456759438841e+01 4.411007256302242752e+01 5.388128707571473797e+01 5.490670822880176161e+01 5.696423919291792259e+01 6.427963054302661305e+01 4.760142194325988640e+01 5.439867351427566433e+01 6.123159896288591852e+01 4.835694593325106183e+01 5.477229023978533462e+01 5.880470836728891726e+01 6.098842882886718542e+01 7.514444501631037099e+01 6.930974653933631657e+01 8.923065321177867304e+01 1.008914091486498847e+02 9.796765291113052854e+01 7.653894773389220063e+01 8.095510121745346055e+01 5.982404243176638658e+01 5.607234070256110670e+01 7.165580225577951978e+01 5.564299155382280304e+01 5.987719362345847429e+01 6.457061134657436696e+01 7.963767205569317298e+01 1.010444108063583144e+02 9.464686670024278214e+01
1.256007409845548732e-03 1.414347658720892120e+01 3.414904261824974441e+01 3.409396627544242619e+01 1.582308005040350984e+01 2.718037273196481962e+01 9.534829098564667760e+00 2.952543054416133472e+01 3.365447740849834446e+01 4.192292526350719584e+01 3.885968364868732294e+01 3.495495085490895804e+01 3.701580672797405214e+01 4.496339400527018881e+01 3.607650086539124601e+01 4.368147944297389529e+01 3.372526173813466244e+01 3.691283309764402532e+01 4.051934644192019164e+01 4.454795735460803030e+01 4.981037991215735161e+01 5.520323685569709937e+01 6.275523343538077370e+01 7.271164356836519005e+01 9.263324125233245354e+01 1.067325917620584335e+02 9.796765291113052854e+01 8.976821922868330716e+01 8.095510121683027194e+01 7.165580225632997724e+01 5.112749048075424696e+01 7.165580225829572214e+01 8.101252878446797467e+01 7.963767205569317298e+01 9.471599627966394053e+01 8.837772282057662210e+01 7.319651727226255389e+01
9.594114293757748102e-03 1.415173302707542646e+01 3.415237231931796202e+01 4.441762904562356340e+01 3.013261145189265022e+01 3.671081664935245925e+01 1.953345943001816565e+01 1.194239595734870996e+01 1.367012009238153247e+01 3.365447752899258660e+01 1.888202691271069966e+01 2.082455121155659583e+01 2.288729110713904191e+01 2.499527681512805444e+01 2.713914457673504543e+01 2.938869973658710677e+01 3.340654318562777547e+01 3.729464400097831600e+01 5.650433432469549189e+01 6.464977957172771994e+01 6.098842882886718542e+01 7.514444501631037099e+01 8.267244241034880758e+01 9.092835748161651566e+01 1.008914091486498847e+02 9.439938860071396221e+01 8.562991684418152261e+01 8.651028250506264783e+01 7.474045350242744234e+01 6.623463037120635022e+01 4.894863030641572266e+01 6.036066567424612117e+01 8.136115660776057723e+01 1.010444108063577886e+02 9.258079987557053414e+01 7.947917916089701862e+01 5.845627135898318727e+01
7.711341127313004785e-03 2.000771134112695648e+01 2.816519553872500126e+01 4.816519564041364987e+01 5.118020789427230000e+01 3.950699636073252918e+01 3.950952059553905826e+01 2.348636008884571780e+01 3.163190341498286884e+01 1.616040366789691163e+01 3.614120674036737313e+01 2.748952791716487098e+01 4.285856732291372140e+01 4.496339400527018881e+01 4.126314405538288099e+01 4.934961440472896754e+01 3.605051147907175135e+01 5.599910719206660303e+01 4.323947695104405398e+01 5.705427952195513797e+01 7.692715520406414953e+01 8.094092214681704434e+01 1.008702790341718725e+02 9.982875774787159173e+01 8.922175233145242146e+01 8.044515872245698063e+01 6.460555435275489344e+01 7.785546701648142687e+01 5.760945771032913143e+01 4.835872984496917582e+01 4.701572999505094685e+01 7.616409117040977605e+01 9.015467058908922127e+01 9.016678876257647346e+01 7.757812604223266817e+01 6.257545220874567349e+01 6.618312482214264492e+01
2.297228869525369630e-04 8.165195532164284842e+00 2.230733115590857807e+01 4.230733122013788972e+01 6.191527339146651343e+01 5.942212879351699684e+01 5.173067844363709611e+01 4.346247724487317043e+01 3.022974808590432616e+01 3.614191563974551968e+01 2.371695186704171121e+01 4.361982359951026211e+01 3.747490132904803772e+01 5.725620269697634512e+01 6.120818073374068291e+01 6.098381352985350645e+01 4.104498674693437010e+01 6.098381352985350645e+01 6.287491004756762436e+01 5.027936078366791151e+01 7.011950720817182514e+01 8.775565740247084534e+01 9.771683288312941329e+01 9.106270152917190330e+01 6.982761591574212900e+01 5.958416905705869482e+01 5.313487470185361872e+01 6.546098417445978157e+01 6.389924183488046339e+01 4.443404186184970683e+01 5.882889093177143280e+01 7.815414844331587574e+01 8.419447086864676066e+01 6.973291136992143890e+01 6.875843060772700710e+01 4.823217111510377464e+01 5.577648423966355296e+01
9.647730019007896146e-03 2.000964773001865282e+01 3.644946982080288933e+01 4.191527339146721687e+01 4.191527339146722397e+01 5.184881290712871760e+01 6.013308415459091805e+01 5.827875432348143647e+01 4.421432164569130663e+01 5.184197467618891864e+01 4.361984106720969834e+01 3.263710189604454115e+01 5.237491210513233142e+01 4.895141779832140116e+01 6.844825162334157653e+01 6.651086421858123288e+01 4.658280614737979164e+01 6.651086421858123288e+01 7.837037360988396983e+01 6.170689089542440087e+01 5.959980602471058830e+01 6.954237395927810894e+01 8.945970177826893632e+01 9.982875774787159173e+01 8.922175233145242146e+01 8.044515872245698063e+01 6.550697191210947778e+01 4.582711044893475361e+01 5.886860756571152109e+01 4.245654685213852275e+01 6.188237410720026332e+01 7.843480390408265635e+01 7.421433512009960509e+01 5.596638420988197282e+01 7.421433497595712936e+01 5.577648423919753640e+01 3.569766852813705071e+01
3.582433992925927561e-03 2.000358243399256963e+01 2.777313776773686982e+01 2.191527339146792741e+01 3.770667728339751790e+01 3.184881290712801416e+01 5.184881290712871760e+01 6.200628825272479361e+01 6.405856906532943640e+01 6.563608499225126991e+01 4.651492694666789163e+01 4.407390456606171369e+01 6.053112333797524514e+01 6.030316480725102224e+01 7.633049638107560497e+01 7.476241591015916299e+01 5.809278194907011539e+01 5.809278194907011539e+01 7.801017844988069783e+01 7.577610843081687619e+01 7.366630920110040393e+01 8.775565740247085955e+01 9.771683288312985383e+01 9.885864903876084497e+01 9.008526156788990136e+01 8.632627344049883789e+01 6.550697190982241125e+01 5.894843180337312560e+01 3.961236802038244065e+01 5.894843180337312560e+01 5.832430217598806621e+01 5.537789045081876793e+01 6.057817066192026800e+01 4.666091372605949061e+01 5.558937891780965401e+01 5.026521226769202144e+01 3.331537616363298326e+01
1.813270376062421294e-03 3.850815064973559743e+00 7.773137767737224202e+00 1.236145244514841934e+01 1.770667728339681446e+01 2.477774509526241431e+01 3.372201700526188972e+01 4.786415262899333811e+01 6.786415262899475920e+01 7.353184085523957947e+01 6.474365220739412052e+01 6.384165295080210711e+01 7.227582741915352926e+01 7.893754791382231417e+01 8.687077960062636350e+01 8.626276218310437116e+01 7.801017844988069783e+01 6.959119423890656719e+01 8.626276218310437116e+01 9.569888573682123933e+01 9.358731895103700538e+01 9.205333953020945614e+01 1.008900111344375716e+02 9.008526156788990136e+01 6.894421546994624350e+01 7.513628451065657998e+01 6.863744144287028348e+01 5.712134548218895702e+01 3.774869205357278190e+01 5.335695805457492469e+01 3.292872679912112233e+01 5.074017930559374179e+01 4.205646556855988649e+01 4.749511276186569830e+01 3.660355338079017429e+01 3.015573618541677803e+01 3.711931019440348223e+01
2.372884694381488524e-03 2.000237288469402586e+01 2.777313776773758036e+01 3.236145244514912633e+01 2.869138406370323224e+01 4.477774509526312130e+01 5.306201634272531464e+01 6.200628825272479361e+01 6.410478583298295518e+01 7.241632236431991032e+01 7.425315999482855034e+01 6.685044767339415728e+01 7.687500212739787742e+01 8.627320414300291418e+01 7.835990477241878693e+01 7.912520529328378416e+01 8.722221985995648197e+01 8.951072475613160861e+01 9.776444270702900496e+01 8.587917385089808420e+01 7.707328027572057749e+01 7.086833656735863940e+01 9.205333953020945614e+01 8.731744295635132858e+01 6.615742250050735151e+01 5.487935920434934900e+01 4.864228226167976743e+01 4.403267350614225251e+01 5.473706072517260424e+01 3.530185696831871667e+01 4.334683597167724400e+01 3.058262834184701973e+01 2.892604122928210941e+01 2.724762241001090857e+01 4.033506872788294118e+01 2.799330752082642348e+01 5.029229866682543104e+01
8.175220331382775790e-03 1.155518060412379810e+01 2.569731622785449687e+01 4.569731622785378278e+01 4.869138406370393568e+01 5.697565531116613613e+01 5.890159953852258212e+01 6.084238426249571319e+01 4.406607970033226707e+01 6.084238426249571319e+01 6.420986482054706812e+01 4.442682009153025291e+01 6.420986482054706812e+01 7.487932086975342827e+01 5.855892255146442693e+01 5.962265867844881484e+01 7.343945810086852077e+01 9.285181327743781310e+01 8.964764244476054955e+01 7.707328027572057749e+01 5.657476527311760606e+01 6.982596079442313908e+01 9.081331316581000124e+01 9.609998419759463673e+01 8.294857996606465633e+01 4.987934297853153254e+01 6.863744144371788991e+01 6.364823873719335268e+01 4.563059745086130192e+01 4.888907844351158616e+01 5.531859244949207266e+01 5.074017976165686861e+01 4.910645707044850639e+01 4.527367310413064416e+01 2.486188261909980568e+01 4.379865764099465508e+01 5.769854068031190053e+01
9.124702163186202558e-03 2.000912470216283268e+01 3.983114611214998746e+01 4.860697107249944082e+01 4.031339760730690358e+01 4.510008687128077298e+01 3.888851512127504151e+01 4.966857447767071676e+01 3.254188613558866194e+01 5.253543326242940026e+01 5.494047546325478493e+01 3.427400987864316306e+01 5.494047546325478493e+01 5.833527631859934104e+01 4.701169776186644356e+01 6.679071179798680191e+01 7.303837403829898278e+01 9.251760462694514331e+01 8.086148829835705953e+01 6.029618602286867457e+01 4.988669066010176323e+01 6.982596079442313908e+01 8.074656234905106089e+01 9.281836955818201318e+01 9.373047680458989817e+01 8.466199595477277740e+01 7.978995486608411625e+01 5.945091540136128572e+01 5.927621554754999522e+01 6.884616557720016772e+01 6.481718581542646973e+01 5.609885256637988959e+01 5.717629193128932741e+01 4.402147956658365047e+01 2.343921216701688692e+01 3.245331080824167458e+01 4.371647498228306716e+01
2.239863785106879172e-03 1.154924519538201366e+01 3.154877476991740792e+01 3.705808104975579909e+01 2.032547734009738605e+01 2.511020295578336459e+01 2.476448743894384208e+01 2.967612909420410361e+01 2.500489732083252647e+01 4.062704808306337156e+01 4.341403515326060614e+01 2.762301922080888161e+01 4.772076953896096541e+01 3.842322992151711958e+01 4.513679363289772084e+01 5.336138637009991470e+01 6.733776651059051233e+01 8.680085315691682979e+01 8.092301032228098734e+01 6.406998930467564435e+01 4.456993208887504210e+01 5.196942408294835047e+01 6.324860162255976093e+01 8.401243564099509342e+01 9.537152413471228840e+01 8.671103408661940648e+01 8.861018258530431524e+01 7.986874511564992929e+01 7.986235141342902466e+01 7.073883224021861338e+01 5.003478859260714984e+01 3.591183121694845681e+01 3.949631568562407580e+01 4.098576518816651770e+01 2.200244955905402477e+01 4.279607415292052508e+01 6.178031319302779423e+01
1.766589122093755728e-03 2.000176658912173977e+01 2.382243936767083525e+01 2.576188534334820801e+01 8.785470699171938236e+00 1.098072274041915897e+01 1.323080051924674194e+01 1.555548875301672851e+01 1.794531350638430922e+01 2.066533733586973298e+01 2.346262490632045328e+01 3.994816360524657028e+01 3.238980337659975106e+01 5.234373313880654877e+01 6.485984997311581424e+01 6.943201429581532125e+01 8.085935254172848374e+01 8.092301032228098734e+01 6.043680994909801285e+01 5.934053073959717040e+01 4.009335527083744921e+01 5.934053073959717040e+01 7.611450135537481287e+01 8.482913186047917975e+01 8.671103408661940648e+01 6.605218575782609491e+01 7.210302234182520920e+01 8.071185494626921297e+01 8.819980554184412824e+01 6.681456804117277670e+01 5.228285276881493360e+01 4.624339709604759463e+01 2.552604318569912678e+01 1.997566593790619649e+01 4.101626617535372077e+01 5.134154641245687145e+01 6.807454939054558452e+01
