LEM/sinusoidal_perturbations/elevation_000942.asc
nrows	100
cellsize	150.0
xllcorner	0
ncols	100
yllcorner	0
NODATA_value	-9999
[rows 51 to 67 of 100, columns 37 to 73 of 100]
8.798526809086760636e+01 9.785706931527982988e+01 9.555276299759928804e+01 1.037725667414994888e+02 1.136649719332194337e+02 1.070278947631335171e+02 8.744400488370658309e+01 9.723594982342055459e+01 9.364563092267729871e+01 1.132110369455961205e+02 1.168368433861705995e+02 1.087086048303418124e+02 9.896362183877033658e+01 1.153246163158555078e+02 1.238342600013141919e+02 1.112601395403186757e+02 9.161640579605042944e+01 8.687239570431074753e+01 1.064421979379801826e+02 1.052129849623282922e+02 8.540097381971318669e+01 7.041950416738453100e+01 8.334806060438236841e+01 8.064181165284426811e+01 6.046168154973852182e+01 7.226686873854593784e+01 8.136096127418421986e+01 8.489506244830590731e+01 7.145459432215848494e+01 7.723157105542209422e+01 8.690421771991192657e+01 1.003173266845180081e+02 1.196295545757571261e+02 1.073556478799044527e+02 8.717747029994951902e+01 1.009699162498183114e+02 1.201000826231878591e+02
6.993539896204951845e+01 8.389810152426225898e+01 1.035960942794824149e+02 1.177364929872257875e+02 1.229791395967176442e+02 1.034429342944739290e+02 1.013105577711846337e+02 1.151668653175974697e+02 1.132110369455961205e+02 1.163369661669573389e+02 1.079816054831994308e+02 1.163369661673391420e+02 1.184535878219141267e+02 1.266120328420014687e+02 1.275508817444847836e+02 1.075985314631561636e+02 1.112601395403186189e+02 9.421672264960930931e+01 1.138706917365143028e+02 1.005824892401936523e+02 8.068723730240176906e+01 9.120377753444172697e+01 9.595242728363798790e+01 7.582401053428971238e+01 6.412322757378777283e+01 8.433128045504264492e+01 9.980756025094935069e+01 9.767471416134954154e+01 7.849674962745028495e+01 9.643897614029172871e+01 9.083282637288060357e+01 1.099734325889921820e+02 1.214699503110817176e+02 1.015093123894753120e+02 9.890897467326578862e+01 1.155761851496277899e+02 1.290420613182964189e+02
7.828855362915065541e+01 8.980462126872357942e+01 8.980462126872357942e+01 1.067956341419026529e+02 1.181886279942707887e+02 1.229791395967176442e+02 1.208307672697465307e+02 1.145524245228924087e+02 1.061984950673383281e+02 1.062417275090896283e+02 8.778331932015250061e+01 1.019102985192797490e+02 1.102675732412911884e+02 1.219256216006746882e+02 1.247828933418619641e+02 1.275508817444847978e+02 1.222246059645262335e+02 1.054521737911548769e+02 1.222246059645302125e+02 1.087886490526351082e+02 8.974240590927439598e+01 1.087886490465318303e+02 1.043051014849859115e+02 8.908713183085195908e+01 6.890976328193286804e+01 7.496075896776666525e+01 9.509174523811110191e+01 1.057322739063107377e+02 8.813494797283391335e+01 1.057321398243785211e+02 1.099734319637550897e+02 1.181407121545047829e+02 1.296571914185657590e+02 1.214699503110817176e+02 1.188940180576382488e+02 1.270868015591828595e+02 1.308607931674066265e+02
6.511292464871047514e+01 7.009160867131197392e+01 7.893610374978862865e+01 9.028160641330327962e+01 1.099570719955385130e+02 1.199511313063104012e+02 1.116312228109232194e+02 1.028840762636203578e+02 8.597092520611272448e+01 9.788246240165430834e+01 7.762370569253035057e+01 8.167141227532584935e+01 9.336935172351468282e+01 1.135774488146660985e+02 1.051917386997376127e+02 1.190915596684625370e+02 1.253886209533221461e+02 1.253705391101154731e+02 1.337947624575073178e+02 1.175970659806704646e+02 1.010411884852873357e+02 1.092554022720537148e+02 8.916489346482822498e+01 7.756003236092615793e+01 7.797863125111156535e+01 9.509174523811110191e+01 8.920359387015604113e+01 1.093070001279337191e+02 1.015479477761630562e+02 1.153565710386993999e+02 1.247539341619470292e+02 1.331581959632936503e+02 1.290443352126497700e+02 1.206702734860330395e+02 1.232891496078124334e+02 1.191111184634661839e+02 1.274831700597951567e+02
8.487636811937063896e+01 8.404252365327566565e+01 8.257590525425203509e+01 9.646791412390777509e+01 1.161870011662186215e+02 1.116312228109232194e+02 9.160109406216304251e+01 9.452010216289551181e+01 7.417412862430310838e+01 8.277334886345923337e+01 6.981716597453838347e+01 9.022537209823472892e+01 9.971798263503792725e+01 1.080049777573847507e+02 9.155551741853882675e+01 1.093532647794290966e+02 1.051307353180104514e+02 1.194305339304132474e+02 1.311093219946920101e+02 1.290189319018656704e+02 1.207054915338789698e+02 1.176297813483046752e+02 1.052450651683658975e+02 8.516666069849398468e+01 9.807409758189561444e+01 9.438368645451014061e+01 1.093070001279337191e+02 1.176824705587136606e+02 1.208947001409253375e+02 1.215098075614265412e+02 1.046255880529657816e+02 1.215098075614265412e+02 1.174171631219980156e+02 1.005636222132576592e+02 1.031684873872582244e+02 9.901226892509313871e+01 1.158599733435874271e+02
1.009908508879105256e+02 1.037155554796555919e+02 1.022435009997928574e+02 1.104524443732788512e+02 1.147605829418091474e+02 1.065281732461066895e+02 9.736905615374774925e+01 7.734248698738583983e+01 6.895264225236013544e+01 6.220815657480098082e+01 7.955160834313650753e+01 8.301066145281411934e+01 7.848261059425266239e+01 9.048329758257924027e+01 8.185340031636921765e+01 1.002446417957580849e+02 9.092299283168851787e+01 1.025022557365472835e+02 1.227596403238180613e+02 1.342142278234389607e+02 1.257147971232754458e+02 1.173850166684380838e+02 1.136111487215456890e+02 9.935057812664577170e+01 1.052450651683659402e+02 1.144945440398501688e+02 1.228802204313041244e+02 1.307251102661767561e+02 1.256898652724552932e+02 1.055447237294478242e+02 9.305659098417642383e+01 1.131328281175846797e+02 1.090616935576178577e+02 8.899087803274530017e+01 8.899087803274599651e+01 8.744056346639317212e+01 9.901226892509313871e+01
8.309822380882084758e+01 9.124222279488215293e+01 1.001097415064614751e+02 1.114950632830567088e+02 1.065281732461066895e+02 8.689451041961645217e+01 9.200233304427766257e+01 8.261801670670061526e+01 7.842823427826866123e+01 5.790008586255550682e+01 5.905236813888731717e+01 6.254667085876723576e+01 6.623340376995672329e+01 7.025791434877518782e+01 7.514411927091727250e+01 8.023878082746257689e+01 8.917602570967304132e+01 1.007371489441203494e+02 1.209880604917762952e+02 1.234165033926230279e+02 1.057816361707870669e+02 9.728737210695251747e+01 1.141093494580719891e+02 1.194756157277189885e+02 1.254006838832856943e+02 1.307143990448651323e+02 1.223016838804439601e+02 1.103789470859966286e+02 1.247553055496194787e+02 1.055447237294478100e+02 8.549085131983221686e+01 1.055447237294478100e+02 1.116724759210431728e+02 9.159251782160039568e+01 7.745509013726230307e+01 9.747380286923893777e+01 1.017446675690045623e+02
6.329669319267571836e+01 7.218658016758135432e+01 8.358159235802207832e+01 1.032596856819098718e+02 1.065281749095298238e+02 8.689451042020243676e+01 7.283753671664963747e+01 6.592978352324276159e+01 5.990933487555223991e+01 5.429529037905133748e+01 7.478562224527559010e+01 8.301066145281411934e+01 8.661337363918205767e+01 9.048329758257924027e+01 9.525514378905651824e+01 1.002981796890089612e+02 1.086553248436240438e+02 1.176640186136050801e+02 1.293418263267410850e+02 1.150881973615103107e+02 9.497427503589634057e+01 8.565345240412933947e+01 1.057816361707869390e+02 1.178385234925048053e+02 1.231813375997021893e+02 1.147634331497664419e+02 1.019437843997425546e+02 9.597247382098983337e+01 1.145790378010868267e+02 9.975566941245482155e+01 7.973038008399178977e+01 9.244346762194382450e+01 1.007789101820193878e+02 9.310536148447901894e+01 7.316300443979874046e+01 9.278925659573607732e+01 8.171975986632870104e+01
7.159170441818966424e+01 7.731352846542351642e+01 9.701438125897639964e+01 1.077458690043082470e+02 9.980570562855308481e+01 9.306030369178796491e+01 9.264470696040099540e+01 8.594397365966541713e+01 7.233373058697691249e+01 5.189493939361371844e+01 7.233373058697691249e+01 8.623835436117850861e+01 7.962511965947520309e+01 8.545572971403193208e+01 9.214502709727108254e+01 1.004292333558626780e+02 1.104200205348676604e+02 1.258904863114779005e+02 1.199968801229330069e+02 1.130294447617937976e+02 9.866524855360070489e+01 7.851246864406985537e+01 8.938247744049633070e+01 1.095095990310717582e+02 1.147634331718974465e+02 9.448678138437912821e+01 9.030330513665059300e+01 8.599171476057205155e+01 1.061553370656666289e+02 1.081052771306045486e+02 9.244346762194382450e+01 7.247789112648952425e+01 8.596577923611948790e+01 8.894709259051924732e+01 6.911846403707949094e+01 7.288296558533737368e+01 9.278925659573607732e+01
8.300736003862508028e+01 9.700615322845060007e+01 1.051515271600682979e+02 9.544077686253848469e+01 8.223496244124780219e+01 7.587755541401106996e+01 8.485792911649976134e+01 8.757994391593521755e+01 6.513011321768594541e+01 4.973029794380727964e+01 7.014245944664182275e+01 6.604208122244486390e+01 5.933832675685206937e+01 6.525790400680347147e+01 7.207713494755415695e+01 8.216180708785435627e+01 1.021282471066891304e+02 1.057769696738547083e+02 9.988688991011549945e+01 1.047001557737273174e+02 8.456630752664355555e+01 7.292270454742862285e+01 9.307587306845030639e+01 1.055482723896650015e+02 1.171649959619102219e+02 1.004256752009394660e+02 8.068530492829864897e+01 7.891427927232794559e+01 9.259036383659226033e+01 1.114464087212955121e+02 1.001178080085354765e+02 8.010381698349056023e+01 6.610253067630252133e+01 8.119227286023149759e+01 6.522110718597929235e+01 6.983262935709389296e+01 7.469067027116628310e+01
1.027265315531357004e+02 1.109185645178677220e+02 1.209738594782266858e+02 1.077759746144022301e+02 9.980570562855308481e+01 8.485792911649976134e+01 6.768893875495473367e+01 7.786143066352630626e+01 6.799950583117436054e+01 4.761176552357499503e+01 6.518226628727607874e+01 5.162082618191180217e+01 7.195743267157158130e+01 8.545572971403193208e+01 9.214502709727108254e+01 1.004292333558626780e+02 1.104200205338460279e+02 1.051087252499397806e+02 8.565290137622304201e+01 1.051087252499397806e+02 8.867809115222262051e+01 6.854397798093631877e+01 7.707843228645697309e+01 8.870995072694802275e+01 1.088351861305666546e+02 1.030622311694804978e+02 8.320475713084515235e+01 7.287214255645879746e+01 8.628525342269038845e+01 8.938658617510954230e+01 8.434193691317783248e+01 8.149227720095103678e+01 6.207951772665855117e+01 6.147970630107042922e+01 6.506511687618379369e+01 8.591220604710032660e+01 9.476308062178961222e+01
1.026391351207037133e+02 1.104070192371163301e+02 1.017420122347928242e+02 9.146572794873098644e+01 9.864199076870114880e+01 8.865621273809527736e+01 7.786006620501598263e+01 6.001290444397374557e+01 5.484177176747765259e+01 6.518227112525381983e+01 4.485373485767541979e+01 5.922382362160079339e+01 7.922388746261277959e+01 8.827241800366590496e+01 9.654199810875279297e+01 1.106555155089971976e+02 1.088059565114135978e+02 9.677721273438409355e+01 7.664287209481888397e+01 9.677721273438409355e+01 8.447983834175300899e+01 6.437847486062396740e+01 8.447983834175300899e+01 8.986972383266301279e+01 1.099968159819526363e+02 1.114731575672363277e+02 9.993263443042945937e+01 8.628525341722034625e+01 6.836153197321095831e+01 7.945199326204696888e+01 5.991914766772507761e+01 6.698239558400899796e+01 5.826381166337085915e+01 7.786050446554509108e+01 8.591220604710032660e+01 7.459366904780127072e+01 9.600614312404870532e+01
1.004748625971304534e+02 1.018963158854377866e+02 8.176016399778262667e+01 7.175652541952960917e+01 8.929648241148500176e+01 7.688951872415105981e+01 6.579949675405603671e+01 6.721687062247778499e+01 6.916010670050027898e+01 6.101079924289754075e+01 4.307384312561012507e+01 6.338358647243676813e+01 7.556759015519762102e+01 6.818436845966178339e+01 8.242848079226409652e+01 1.014503678026071185e+02 1.004751295121429848e+02 8.034522083526586300e+01 7.029369757028162269e+01 8.329792631022674243e+01 8.086952688257487409e+01 6.080456531022891653e+01 6.974467164137961106e+01 8.397354560706077109e+01 1.041043572710809428e+02 1.054133917857839862e+02 9.698016048410394774e+01 9.450897536814116506e+01 8.160611189308585267e+01 6.420525389512440029e+01 6.723383781772599832e+01 5.554666788827503154e+01 7.507260733183710499e+01 7.786050446554470739e+01 9.781933541651893904e+01 9.600614308973642608e+01 8.731497285624799076e+01
1.070369029498523901e+02 9.355548777976216002e+01 7.312538769764832125e+01 6.074713237663460319e+01 7.240394479326981525e+01 8.075803253255628533e+01 7.040283296449155159e+01 5.400786782967971789e+01 6.069816703626713661e+01 4.071255013391156297e+01 6.078999376961125023e+01 5.004570783029692649e+01 5.529997872384037549e+01 6.302565091274907161e+01 7.319133340898729045e+01 9.318553981823907861e+01 1.088059565868289553e+02 9.874356697843944630e+01 8.329792631022674243e+01 6.322766155623766338e+01 7.678627256850188587e+01 5.758380118972039696e+01 7.761456030137478024e+01 8.342640555150413206e+01 1.035494501204870801e+02 9.698016048415274781e+01 7.723219669359268380e+01 8.301624137313449125e+01 8.968177790045970710e+01 7.927519118973094692e+01 7.106406399181045686e+01 5.390337459956808175e+01 7.328841365706698241e+01 8.821430188058241129e+01 9.652477450139686255e+01 1.065220909903607378e+02 1.078785024771035665e+02
8.707599088343845040e+01 1.012044801342668023e+02 8.415417899814111991e+01 6.380217635447021962e+01 5.165469451248574018e+01 6.509148058685251215e+01 7.317963767548943110e+01 6.257173731403126027e+01 4.378370625103030278e+01 3.906129799228833832e+01 6.022095378390107356e+01 7.033439736886897720e+01 7.556761994178776831e+01 8.318843661361289321e+01 9.145929037645785797e+01 1.014503678023346964e+02 9.931294987303115818e+01 9.098102115240588716e+01 8.338102625746468277e+01 7.669277239949408909e+01 5.677093463563985409e+01 5.444701327593467965e+01 6.334878169741346454e+01 7.753233255713543315e+01 9.765595651212592543e+01 9.698016048385636623e+01 7.723219669359266959e+01 6.382884441693207833e+01 7.401890590162673789e+01 6.889486229695611996e+01 5.166825055290394175e+01 7.106403668206014856e+01 6.206530363783734572e+01 6.846572390347365911e+01 7.824541621790650936e+01 9.818318756142591042e+01 1.172601281409806404e+02
7.295657066967976334e+01 9.292240666902273460e+01 9.248078593731283092e+01 7.683211145130673003e+01 5.649674228116064256e+01 4.448141428811250364e+01 5.900801530716870502e+01 5.707180414326519013e+01 3.674030483586712137e+01 5.707183254546517048e+01 6.787562688431792424e+01 7.454675523384588587e+01 8.084282116109834249e+01 8.909182595047501252e+01 9.798987006655364951e+01 1.052091307476423765e+02 8.508754519112818571e+01 7.087332469503103027e+01 6.331624367328247871e+01 5.667805674033467511e+01 5.243696816500355595e+01 5.152727107912606641e+01 7.149852022549151798e+01 8.696226278345488936e+01 9.930408845088120984e+01 9.348138991743466875e+01 9.132279419177253033e+01 7.401890590162673789e+01 5.499402855676365931e+01 4.947638328755758153e+01 6.889486229695611996e+01 6.531218817413675026e+01 8.163144255147648209e+01 8.821430188058246813e+01 9.652477450189222452e+01 1.065220911799478500e+02 1.057175507840850770e+02
6.533569702658095935e+01 7.952884332061326234e+01 9.949238733988666183e+01 8.515792836830377155e+01 7.345704814556106044e+01 5.900801534185249864e+01 3.849822330934046732e+01 5.332861810106767564e+01 3.514803587769986137e+01 5.551660663230816795e+01 4.902777600782625456e+01 5.460669257966593904e+01 6.093291253240074212e+01 6.985178393908552152e+01 8.390899095297901056e+01 1.037994006051255980e+02 9.931294987678187169e+01 9.098102115240588716e+01 7.720067913139206439e+01 6.771486363724945079e+01 4.823388837954627917e+01 4.869250440434705496e+01 5.859935046581967555e+01 7.863248694985529141e+01 7.970484643106999556e+01 7.399841527641217453e+01 8.788044280632577454e+01 7.356935600464666436e+01 6.539146670496022296e+01 4.799211564676068775e+01 6.742292464326297363e+01 8.495031905193742716e+01 8.495031905193744137e+01 1.049009739580879170e+02 1.154592275668937020e+02 1.071498085612219029e+02 9.742375780171380484e+01
