LEM/sinusoidal_perturbations/elevation_000352.asc
nrows	100
cellsize	150.0
xllcorner	0
ncols	100
yllcorner	0
NODATA_value	-9999
[rows 68 to 84 of 100, columns 0 to 36 of 100]
5.009162696260268353e-03 1.853870653439458493e+01 8.829647663774236932e+00 1.076740164537842936e+01 2.132545744563100598e+01 1.799225621973914890e+00 1.624110591283748306e+01 3.737026157325690434e+01 2.968632585197794427e+01 2.375706075927682903e+01 4.216517997757879499e+00 1.408686744295325077e+01 2.530160002819616238e+01 4.469448433021848643e+01 3.776662628064586613e+01 5.494402052260816305e+01 4.882949716945643104e+01 5.733244514050048224e+01 6.519801776890086842e+01 7.031720564173302535e+01 6.884295221530602760e+01 6.023370905548880927e+01 6.466870739663042400e+01 5.864863199901277113e+01 4.331106643709976112e+01 5.009675343533918834e+01 3.245126959496028007e+01 4.129613196541839670e+01 3.075829576048232994e+01 5.056381018723821086e+01 3.603219186417393161e+01 3.624986363712180548e+01 3.687754242166847263e+01 1.728935047809425640e+01 3.777106499887383251e+01 4.708512500394918021e+01 5.122034472906577207e+01
4.695337527364121070e-03 3.356476547256305176e-01 6.666485926665689510e-01 9.978514597975324252e-01 1.329363292438285216e+00 3.148233755598377925e+00 1.562580717099375072e+01 3.610888405543772706e+01 3.840550109630433440e+01 5.217534998871193430e+00 4.554428950061652159e+00 2.085485213694686379e+01 3.583780010456469967e+01 4.801837368723027311e+01 2.740856433079641263e+01 4.543138975315065409e+01 2.837495507196537048e+01 4.549332036206045160e+01 4.597232631993414742e+01 5.143766439258693168e+01 5.690016718960260533e+01 4.062819448187202909e+01 5.690645059024525665e+01 4.927831311304306894e+01 2.770836855490369999e+01 3.551474406419797702e+01 2.083181599417094532e+01 2.060082124110207147e+01 3.961126232503681877e+01 4.298088657578791327e+01 3.324999939273062211e+01 1.580578660545691605e+01 1.641845200750679368e+01 3.687769905068213916e+01 2.528252581780547814e+01 4.583073959371517958e+01 6.333768761109241296e+01
7.614146464036155443e-03 1.999403141909367321e+01 2.066524496313668635e+01 2.424643501160402170e+00 3.171021493840755934e+00 2.265595846176144335e+01 3.250925703503760644e+01 4.470402527479271271e+01 3.107182169935271787e+01 1.246265409338820795e+01 1.271745259884122703e+01 5.031362661394374491e+00 2.937753110677189028e+01 3.500470803586924973e+01 2.010462587110214727e+01 3.639041679646189209e+01 1.657377449990631746e+01 3.682309116841202012e+01 3.295518088570063497e+01 5.146141193639122235e+01 4.851985913852749377e+01 3.009603562974812618e+01 4.851985913961600971e+01 4.747879142098766891e+01 2.859470075425809554e+01 1.210877911579381028e+01 1.202275701922583195e+01 3.106580002745268843e+01 3.375537179738403637e+01 3.443667240667036111e+01 1.493803516391199260e+01 3.536466580978748198e+01 2.343589452987070487e+01 4.282195140512149578e+01 4.583073959371517958e+01 3.450272043549269796e+01 4.905612094831642622e+01
2.352828262072654761e-03 1.176116002009682049e+01 3.147320472376757650e+01 2.244125189285930944e+01 2.300174185906842794e+01 1.238458070394397303e+01 2.403576930742445938e+01 4.385574917151445362e+01 3.396448108787982534e+01 2.404908530330472516e+01 2.130829024613023748e+01 5.368078458775484840e+00 1.997431367040302064e+01 1.151801026803251027e+01 1.886900597188748563e+01 2.616219673574249782e+01 9.195212290086800522e+00 2.933625607236336563e+01 2.534224439813232266e+01 3.426404255729841708e+01 3.378349742004049716e+01 2.332980419348602652e+01 4.189096384636662407e+01 3.898462222658406517e+01 3.061839720034474510e+01 1.114245294360968863e+01 3.139482423959588431e+01 1.283440182497597526e+01 1.344010631576131587e+01 1.406254574615336672e+01 2.848319537447911642e+01 4.379173576266433798e+01 3.703211349402853614e+01 3.703211349402853614e+01 5.679985661712679246e+01 4.905612094831642622e+01 4.905612094831642622e+01
6.786455232800275850e-03 2.000674415014291085e+01 3.975032987893554548e+01 4.294340608318691466e+01 4.066394758662907805e+01 2.403901261181004401e+01 4.071530853864253174e+01 5.206850218795720764e+01 3.729089628995557604e+01 1.995004829579670158e+01 1.353923856201075537e+01 7.594612012086842334e+00 5.845089493951558524e+00 6.183472703927082037e+00 7.374964909533525237e+00 6.968770855199124092e+00 7.232012833783176831e+00 2.679880114667119884e+01 2.987778330623656231e+01 1.501947539133081655e+01 1.449956970099380982e+01 2.879850834397805670e+01 3.000748536335887096e+01 2.994887306716795905e+01 9.947454845916187338e+00 3.064334142890106705e+01 3.971873611637793999e+01 2.919241345266205911e+01 3.386071958186973063e+01 2.204431241629067273e+01 4.080046895379862093e+01 5.733712500310967641e+01 5.679985661712679246e+01 5.679985661712679246e+01 6.510743056618045443e+01 6.933374526842229102e+01 6.933374526842229102e+01
3.257643153035955173e-03 1.498864159456105583e+01 3.552507228330284050e+01 4.154504579243972273e+01 4.989810694615739095e+01 4.394068772746635432e+01 5.222027543919714532e+01 4.739991450216069779e+01 2.990121112605649500e+01 3.727592560979024228e+01 3.025626466471873499e+01 1.109680003947578086e+01 1.635578136472755872e+01 2.613796758442746082e+01 6.603733979881566185e+00 2.690431810833664628e+01 1.353192671342541509e+01 7.673290066926758080e+00 8.013414277915464012e+00 8.364879621087172978e+00 8.714708050932442163e+00 9.062107980332672952e+00 9.408235882767639779e+00 9.754116308361489018e+00 1.017869954471022709e+01 3.052052760206753490e+01 3.791726468836813524e+01 4.766099511300702574e+01 4.977105805447568088e+01 4.125978867333740396e+01 4.977164214161052769e+01 5.572397252141707469e+01 6.405210369466411180e+01 6.154131835656961158e+01 6.984597181940779365e+01 6.950330722813278328e+01 7.778849195037652464e+01
1.880098487986705483e-03 2.000188009848763215e+01 2.552907619707020714e+01 2.154329707064907140e+01 3.577220567810366703e+01 5.576482118629898110e+01 6.271122298170919152e+01 4.395877652477139463e+01 4.739991456558923488e+01 3.683083782704655107e+01 1.720240990115182100e+01 3.094136019300094631e+01 3.661951405640341761e+01 3.623953140376970339e+01 4.049044973640889822e+01 3.343300046269061454e+01 1.392542772407951013e+01 1.863485717811440168e+01 1.067471872883741213e+01 2.838750526849803535e+01 1.704394708415953019e+01 2.386743157036988805e+01 2.298976027431310953e+01 2.979954266778595340e+01 3.051893861258271556e+01 1.078002746984430082e+01 1.586960416237858240e+01 3.795440688986227684e+01 3.671056535864853743e+01 3.853629263576389974e+01 4.120353608158192316e+01 3.532010330784463292e+01 4.681569882349938894e+01 4.121500985151450180e+01 5.300376613442058726e+01 4.929549329072889918e+01 6.898787938652708362e+01
2.900726248362994839e-03 4.366762686431451712e+00 8.837646952785734200e+00 2.303548769236116911e+01 4.312667634057457633e+01 5.329614162098258845e+01 6.330065574414914664e+01 6.271122298170919152e+01 6.051194575356345240e+01 4.269769425620971504e+01 2.323953276368780152e+01 2.656115147527994225e+01 4.599086394109291120e+01 5.594252576080940287e+01 4.037543497254907976e+01 2.073030504229078730e+01 3.343801977146472382e+01 2.653647871397114599e+01 2.961665778064168109e+01 1.449376201477783077e+01 2.754123559405710608e+01 4.087135446098998415e+01 4.092628980001710914e+01 4.066249084264837421e+01 2.031932835658036396e+01 3.108962096574575540e+01 1.138403324100687897e+01 2.938470485086522643e+01 1.553186997721945772e+01 1.808383472840971962e+01 2.071612620897556312e+01 2.343766770432448965e+01 2.630627912481748254e+01 2.930610115241740843e+01 3.252767387227211771e+01 4.034876834809448098e+01 4.954657812722389565e+01
5.081304048347549951e-03 2.000508130404799090e+01 2.892006060532467870e+01 1.780306822605706785e+01 2.491736339926491794e+01 3.500361824997656868e+01 4.919808076446381051e+01 6.914450922153672252e+01 5.238696936963702200e+01 3.300841902990578092e+01 4.269769425620971504e+01 4.029960829266379108e+01 3.885315123039336527e+01 5.827689585542935191e+01 4.567356235321477698e+01 2.589393520291768525e+01 4.567356235321477698e+01 4.453250821131943127e+01 3.592990168214878821e+01 1.719413590926873425e+01 3.592384542499916478e+01 5.449457863309861239e+01 5.392822596600861118e+01 3.333819375497980531e+01 3.488112407620697297e+01 3.939757161516534723e+01 2.417543391600438696e+01 1.198924948097283938e+01 3.108214466230406003e+01 3.824708575391515808e+01 4.120353608141201107e+01 4.394379313845108470e+01 4.086088178233337231e+01 4.386393220768329826e+01 5.300376613442058726e+01 3.806166219538042839e+01 4.229262752394909342e+01
4.469920835086939326e-03 2.000446992083473319e+01 3.720626929985843390e+01 3.791389636895006277e+01 4.502193627802430598e+01 5.329614162098258845e+01 5.727424729102511236e+01 6.555479633615297530e+01 6.051194563710076579e+01 4.416643458362347019e+01 6.051194563710076579e+01 5.973077083436309209e+01 5.003090846184614549e+01 6.211180234686164425e+01 4.197915230191851776e+01 3.276670963625252853e+01 5.273255449032537712e+01 5.004904073212338744e+01 3.034705657471249296e+01 1.986088957396609089e+01 3.287338447731613655e+01 5.267824858964527124e+01 6.230923896242662607e+01 4.795365756187935347e+01 5.544910630683481401e+01 5.106664384813882407e+01 3.987331854929583841e+01 3.236145549072163163e+01 1.260434177168523284e+01 3.160771716784248397e+01 4.002348607322095830e+01 5.211060566340392342e+01 6.119189888573290403e+01 6.415075247876426090e+01 6.676616114133162228e+01 5.255578417775643629e+01 5.672067619585730114e+01
2.324776005098761877e-03 8.946592672539857460e+00 2.049333548942735561e+01 3.463165107576882917e+01 5.459688617455393000e+01 4.986945442941722462e+01 3.727817528496442634e+01 5.401090321868665001e+01 6.555479958482784753e+01 6.361642891066721717e+01 7.178867621030666157e+01 7.779473395149283022e+01 6.954542713415422384e+01 7.051323976073689437e+01 6.112984311107102542e+01 4.263752642523611769e+01 6.112984311107102542e+01 5.843467498534187143e+01 4.194701899374636156e+01 2.286275357503724948e+01 2.952261635162250997e+01 4.325127474761529811e+01 6.350353814655903761e+01 6.835211003662465146e+01 6.569473230383374585e+01 4.530976715402238852e+01 3.069875931286198778e+01 1.882543548091603114e+01 3.298700228781485322e+01 1.322285648309203765e+01 2.134672716020930139e+01 4.115465651500021238e+01 5.191912313436650095e+01 6.422762390392063026e+01 7.632909216828463173e+01 7.270371641848853983e+01 7.678985128962656859e+01
8.699724428260374037e-03 2.000869972442790612e+01 3.537084813898820812e+01 4.348403241401064179e+01 4.186651221277226398e+01 2.987327625393212571e+01 2.573134097963432154e+01 3.727817528496442634e+01 5.727424732509967242e+01 6.871955728850144851e+01 6.683214621079125095e+01 6.902105549729026279e+01 7.730705530294973471e+01 8.155427633013411537e+01 7.124362693956342696e+01 5.686086925444667628e+01 6.786834290950397985e+01 4.750978361093475399e+01 3.350965864250775894e+01 2.626759356195909589e+01 4.577218386056809862e+01 4.325127474761529811e+01 6.350353814736404701e+01 7.571024040243818831e+01 6.133757823198565262e+01 4.078871034951954044e+01 2.607333089597837272e+01 3.926919199001866900e+01 3.124777310894313587e+01 3.123022032005264137e+01 1.384212730024621685e+01 2.207349316727853150e+01 3.407747185859570038e+01 5.551997653306482050e+01 5.615864099641506613e+01 7.037357333808049020e+01 8.037563461760309735e+01
2.249585233037712084e-03 1.991415345288035255e+01 1.542253825813967438e+01 2.584075882016722403e+01 2.202064161949592958e+01 1.573134393597690561e+01 2.987333925838257542e+01 4.987068199094047571e+01 4.871032840435152167e+01 4.871032809793779705e+01 4.682120963337847286e+01 4.901022061426487397e+01 6.154356923024462134e+01 6.154356919866475550e+01 7.983453052365369729e+01 7.723250272940367722e+01 7.009407565575767762e+01 4.973709135251576186e+01 4.983570485226077551e+01 2.992859887481609249e+01 4.983570485226077551e+01 6.350353814738256375e+01 7.188506750267220013e+01 6.740904825946984147e+01 4.698976172007944285e+01 3.495251068537209704e+01 4.680733440658745081e+01 5.319649368812548573e+01 4.743103129477906776e+01 3.454025528685385638e+01 1.428042715223747372e+01 3.470334769551926257e+01 5.186994825095003847e+01 5.187160325481132617e+01 4.167414113428019817e+01 5.195406181548856495e+01 7.217915867024707666e+01
2.739267172789772273e-04 1.933746904808608225e+00 3.876318629523140658e+00 5.866393009943127623e+00 7.886698099047557697e+00 2.788720990726516291e+01 3.340816853271309128e+01 3.603462558286594231e+01 2.870491946031320651e+01 4.156524780599006874e+01 3.267580721863453874e+01 4.794545897355464348e+01 4.153364657407256999e+01 5.153860790685630633e+01 6.877458250169878795e+01 8.032766369574764553e+01 7.845423251505158646e+01 6.609917862553560042e+01 4.561177054693047239e+01 3.403856904096115699e+01 4.827694748116572754e+01 6.878209657937652821e+01 7.905795747885018443e+01 5.888145485812606950e+01 4.698976172007944285e+01 5.561996767929271357e+01 5.135883961398049280e+01 4.294424404737338108e+01 3.997478625556972531e+01 3.513615352199121133e+01 1.471862014085099801e+01 3.513947949659218040e+01 4.349406377059317919e+01 3.134990996305890221e+01 4.591660409445935187e+01 6.624824299163222463e+01 8.043580988942882470e+01
8.327778614586212741e-03 2.000832777861423040e+01 2.387642788652588166e+01 2.586645843707334436e+01 2.757509705791158794e+01 1.104897575922045405e+01 1.340599836318882687e+01 1.603212702046866767e+01 1.870473944011036593e+01 2.156188230122272387e+01 2.451072145110074985e+01 2.794069344268706701e+01 3.153280146577337462e+01 4.047761364505984005e+01 5.202852977643991750e+01 7.204181713862784875e+01 8.805383341249064699e+01 7.449451048223514249e+01 6.018743061061235267e+01 3.973307448331645730e+01 5.052218306859690244e+01 7.101544446506404995e+01 8.732038502615873199e+01 7.571024040243818831e+01 6.740904825946984147e+01 5.578027778309880347e+01 4.294426919475343141e+01 2.239113358858203284e+01 1.974782821717874270e+01 1.747646508587849823e+01 1.515663502201565294e+01 3.558927364165890594e+01 2.295526873759010655e+01 3.750653997340275225e+01 5.794924193171277693e+01 6.883091988881666623e+01 6.327294249248997460e+01
6.510866554257996840e-03 1.414864154405601937e+01 3.414785103347130502e+01 4.369138731784911300e+01 2.369898889366478656e+01 2.519163299897127217e+01 3.340816853271309128e+01 2.193405889912889606e+01 3.284782243859086748e+01 4.156522059925415391e+01 3.345519418727112537e+01 4.794545902527701742e+01 5.153860795058177047e+01 3.819961008799734969e+01 4.820171954622303900e+01 5.975558147615338100e+01 7.976958389172237673e+01 7.471153899943992371e+01 5.417134793511036861e+01 4.881622475904440961e+01 6.861795844280992185e+01 7.938691962302263505e+01 8.486417427392012769e+01 7.063305585734468650e+01 6.047391238755324139e+01 4.738698237729833096e+01 2.678696880738528563e+01 4.294426919475343141e+01 3.997767677424310762e+01 2.850173143636803630e+01 3.557729223601181445e+01 1.578393214408731104e+01 3.621775358411822054e+01 4.515304972725697752e+01 5.158213265367506750e+01 4.737497259698686491e+01 4.146618245852756957e+01
8.953482861371391335e-03 2.000895348286101694e+01 3.586415047872809225e+01 4.590032674338684870e+01 3.524920196681983242e+01 4.519638830447551214e+01 4.826400784585402448e+01 2.825869921083832992e+01 4.826399594512724178e+01 6.113812540808515905e+01 4.760086827497732997e+01 5.346201174665301181e+01 6.528337846631819730e+01 4.527148839191106333e+01 5.085246286935399951e+01 6.240694982469788243e+01 8.241985574874698273e+01 8.306456895050926903e+01 7.471153899943992371e+01 6.070827329172511355e+01 7.777577108109215942e+01 8.115050831051831892e+01 7.214300134879920279e+01 5.640193740848860671e+01 4.189865888090971424e+01 3.154040547617758605e+01 4.738698237729833096e+01 5.578027778309880347e+01 5.734156506383241947e+01 4.895259799862433425e+01 4.303684435182749723e+01 2.568721610068149630e+01 1.641378333424538738e+01 3.647083140012362890e+01 3.303607623265605042e+01 3.876300796941757909e+01 2.858809673012459385e+01
