LEM/sinusoidal_perturbations/elevation_000845.asc
nrows	100
cellsize	150.0
xllcorner	0
ncols	100
yllcorner	0
NODATA_value	-9999
[rows 0 to 16 of 100, columns 37 to 73 of 100]
1.123129496653225630e+02 1.065507935853096626e+02 9.841363720348144284e+01 1.065507935853096626e+02 1.086092460576189040e+02 1.004277918699896475e+02 1.004522790321301784e+02 1.062342959055271905e+02 1.094504298336194239e+02 1.060821242930148713e+02 1.118544914988567598e+02 1.144740393028539103e+02 1.226472744333626963e+02 1.314584525706933391e+02 1.378096740578845640e+02 1.351241913326649069e+02 1.270911745903505903e+02 1.264945471456378101e+02 1.344871402690904461e+02 1.426425162368654185e+02 1.492718192213861812e+02 1.434293111798925224e+02 1.492718192213861812e+02 1.509145359348827640e+02 1.426204388639840488e+02 1.509145359348827640e+02 1.341312275483049348e+02 1.259528285922158375e+02 1.259528285922158375e+02 1.277905624932105013e+02 1.359759151129067334e+02 1.339586338958438034e+02 1.224581798852751149e+02 1.141776217582627027e+02 1.141776217582627027e+02 1.224581798852751149e+02 1.178520540997493953e+02
1.009074391997699109e+02 9.668926571987208263e+01 7.865818067926569768e+01 9.668926571987208263e+01 9.716547466051117965e+01 8.057784540164787757e+01 8.057410641472709756e+01 8.639350948854117007e+01 9.031938765068508701e+01 8.631868733264138882e+01 9.210786528767231118e+01 9.475552868489832292e+01 1.035950607872485136e+02 1.232753178034186021e+02 1.184935288686318273e+02 1.184935288686318131e+02 1.077681820002596282e+02 1.072093982703434278e+02 1.153602612511245695e+02 1.343029327583797965e+02 1.295517653208673039e+02 1.238034976136044065e+02 1.295517653208673039e+02 1.410472315548251174e+02 1.230055845782001001e+02 1.410472315548251174e+02 1.259528285922158375e+02 1.063722352962842166e+02 1.063722352962842166e+02 1.082145125527567586e+02 1.246423699768462541e+02 1.256375257866683057e+02 1.057883897596065594e+02 9.424178219605536810e+01 9.424178219605536810e+01 1.089405818846653773e+02 9.794401461971298772e+01
8.383887450846974332e+01 8.853590894137352052e+01 6.859365849013120453e+01 8.853590894137352052e+01 8.896741993309282748e+01 6.899001309213167588e+01 6.637310990532880339e+01 8.566014782551768292e+01 7.644027742402785464e+01 7.222633066275189151e+01 7.855886586089619072e+01 8.745635701975423615e+01 1.072064552379367939e+02 1.210384551061385991e+02 1.184935288686318131e+02 9.902379040954775746e+01 9.642453052895814380e+01 9.586110781451230878e+01 1.072070659430461461e+02 1.264110306939329860e+02 1.295517653208673039e+02 1.100909016327554184e+02 1.295517653208673039e+02 1.230660459727678244e+02 1.133190802244436952e+02 1.328130117210920105e+02 1.231244790038162193e+02 1.121072582930067227e+02 9.238918366938268889e+01 9.682528964106231228e+01 1.164883247904200232e+02 1.249649184034210521e+02 1.167546237779726397e+02 9.683264773096992428e+01 8.258995185105158043e+01 8.893222153160299115e+01 8.632592225281730691e+01
6.381028048415117127e+01 7.652546601364814194e+01 6.180031398208308246e+01 8.173291014399352150e+01 7.688148205071205155e+01 6.980793658535246493e+01 5.726581907721025289e+01 7.743345865920812798e+01 6.484860697661858353e+01 8.485198192412593698e+01 9.837394280230610377e+01 9.915362503846040454e+01 9.345903827074447179e+01 1.018636976727574250e+02 1.099222461602630290e+02 1.061797850729352746e+02 8.650817016419820504e+01 1.061242703806155276e+02 1.175377845535327452e+02 1.277370118195488544e+02 1.230648107345434141e+02 1.035735297566076270e+02 1.147544092346945206e+02 1.035735299996746761e+02 1.230660459727678244e+02 1.288212160189819713e+02 1.092388708661129328e+02 9.529732533781637471e+01 8.527469643907143393e+01 9.869205180095423202e+01 9.710687043124970330e+01 1.110358944173354416e+02 1.208862995304713763e+02 1.109388837656027107e+02 9.479253459859096154e+01 7.463463812727111701e+01 9.479253459859093311e+01
7.652546601364814194e+01 5.635447681326970581e+01 5.562391676938546681e+01 7.501772325174130174e+01 6.403305246986035115e+01 4.952339776742218191e+01 6.980793534173626824e+01 7.417765118174848737e+01 6.027724808109112331e+01 7.850386150246463046e+01 8.639104865706897840e+01 7.943019296120741046e+01 7.946016423880503510e+01 8.217204685247125440e+01 9.332198031650173675e+01 9.671078707663255614e+01 8.217494198068169453e+01 8.968117472448719241e+01 9.958340696498794387e+01 1.193958510728235609e+02 1.283230132293905967e+02 1.090297513744182112e+02 9.512977135582103472e+01 1.147544092346945206e+02 1.212955831840184118e+02 1.129914024173796179e+02 1.129128233139785493e+02 1.126549576773866903e+02 9.290842681398844149e+01 7.871756604346809638e+01 8.297627724096783197e+01 9.292591443645157767e+01 1.125602665650032179e+02 1.048563924301040942e+02 8.480486471797688353e+01 7.046228662633001250e+01 8.536896174219207012e+01
8.474673580097143599e+01 6.998113294625066771e+01 4.971218784449411743e+01 6.506644569271004741e+01 4.712404601006107185e+01 6.741799200833034433e+01 5.210128513029527397e+01 5.394322366352012921e+01 5.613432301367252109e+01 5.835393973050774008e+01 7.823563999177471828e+01 6.526338354832083155e+01 6.791432182631767489e+01 7.066662626380130519e+01 7.353572250861820692e+01 7.695749413382202420e+01 8.841511120077021246e+01 1.080428910629702273e+02 1.175635616818423159e+02 1.277974616223999220e+02 1.234419675941565231e+02 1.109683733673905977e+02 9.125333501847680395e+01 1.109683733673905977e+02 1.129529608989066958e+02 9.317777063553104711e+01 9.317503466056400896e+01 1.071285777873272025e+02 1.068598387033028558e+02 9.292591443645157767e+01 7.286617612596693050e+01 8.452599132976426688e+01 1.044004227900223896e+02 1.106978183966332381e+02 9.067782121170897369e+01 8.536896174219208433e+01 6.502950060094001117e+01
7.144204924092431952e+01 7.822166319524343692e+01 6.506366195791660800e+01 4.478474961314626057e+01 6.506645175553806837e+01 7.568975804854716216e+01 7.236046555295096994e+01 5.963937733989683210e+01 7.633081777322429673e+01 7.850386150264765206e+01 6.158646517650387153e+01 8.167780936408036041e+01 8.779589576466401013e+01 9.049471777087718749e+01 9.332198031650173675e+01 8.166021348525434576e+01 1.013639652994536959e+02 1.160879561538220059e+02 1.288498610909800846e+02 1.265153763216330276e+02 1.071359510517546596e+02 9.575986597528249433e+01 8.755975969318339480e+01 1.027648168649892284e+02 1.108540753762154054e+02 9.889364611484337786e+01 7.900304011181775365e+01 8.955049160858943935e+01 8.722881097865834477e+01 8.953519980008287860e+01 6.940483145368216356e+01 8.370890408677318817e+01 1.036011219295515247e+02 1.127010910862636024e+02 9.627762655096398703e+01 7.611829335390896745e+01 6.157597340023164634e+01
5.714303086573926294e+01 6.981061583894833689e+01 6.151572752144544154e+01 4.332700398164240596e+01 5.505372144420581293e+01 7.523473621185689808e+01 7.975852660643366221e+01 7.975852660643366221e+01 6.921405257908060094e+01 8.916408082859953765e+01 8.170189902017311567e+01 6.877367160340277508e+01 8.291646145840397253e+01 1.029105031275594371e+02 1.094092199194549409e+02 1.013639652995382363e+02 9.157827531565102674e+01 1.014464363086482592e+02 1.208528742582024478e+02 1.345271478660162074e+02 1.234419722689858503e+02 1.141243228119560200e+02 9.444873274726940338e+01 8.285187417327557569e+01 9.852007229021668877e+01 9.577354665215787577e+01 8.953196864679904365e+01 6.944135911856446342e+01 6.705151637293633371e+01 8.397738130445603133e+01 6.608626251874542845e+01 8.631176108135808533e+01 8.974116067644303030e+01 9.466264024800756260e+01 8.570258240469389932e+01 8.389973533123040283e+01 7.577045156933212411e+01
4.700791754115063270e+01 5.952984827162435977e+01 4.131342254450117224e+01 6.148527376885490980e+01 7.183158813900188022e+01 8.347308682705538274e+01 9.962431233301322209e+01 9.736340618409916203e+01 8.078198370979011145e+01 8.553034016277059948e+01 9.711148570993074713e+01 8.877258067997316004e+01 7.732478601756263004e+01 9.728263551205128579e+01 1.172636951907250449e+02 1.191612873453189962e+02 1.111496552834254317e+02 1.191612873453189962e+02 1.288498610909800846e+02 1.284601606910913461e+02 1.201812663607411054e+02 1.222481998207946816e+02 1.109005857315181629e+02 9.852007229021668877e+01 7.854174094737894052e+01 7.576804828544473480e+01 7.310750796373446292e+01 8.955049160815620723e+01 8.397373618565319475e+01 6.368581663519565694e+01 6.281687718779181040e+01 7.871477386644210128e+01 7.047558317980212905e+01 7.117893667936260726e+01 8.163736500212557701e+01 6.580181004725163518e+01 5.534265791378978605e+01
3.812303213527603418e+01 3.940247809376167254e+01 5.952984827162435977e+01 4.991031785167344736e+01 6.165397045139952326e+01 7.590977182731107575e+01 9.581251370591184013e+01 1.088028955332759153e+02 1.006191900533357568e+02 1.053437773539158684e+02 1.135276749738922319e+02 1.056524738063765056e+02 9.141041574578258633e+01 8.882246896235463396e+01 1.029254587536691901e+02 1.231170448634492516e+02 1.215814360047092464e+02 1.132843453759661685e+02 1.215814360047092464e+02 1.169191808926981366e+02 1.001906490532594916e+02 1.169191808926981366e+02 1.124730321856374502e+02 9.274056706628559255e+01 9.274056706628559255e+01 8.740035598743821765e+01 8.735002299645277901e+01 1.013580458296309814e+02 9.220457104244802338e+01 8.078928298909966088e+01 6.037758618725676740e+01 5.823024752758343681e+01 5.647047091581298162e+01 5.475069557287251598e+01 7.294916013466657034e+01 5.383662794610538782e+01 7.443117623735032851e+01
5.817852121958946299e+01 4.420941078928738222e+01 6.369985903006821104e+01 6.426823209913379742e+01 6.276619402889907207e+01 7.701037058312043371e+01 9.690566357777557016e+01 9.706206860946006998e+01 8.913319559281572424e+01 8.913327497648806741e+01 9.706346710701792802e+01 1.080926337207270933e+02 1.114593831012303866e+02 1.088394372477440442e+02 1.172636951907250449e+02 1.124124256341866186e+02 1.041106053277720918e+02 9.321851942988963913e+01 1.115536306825675581e+02 1.086396780769997861e+02 8.858196715480197270e+01 1.086396780769997861e+02 1.206106090291114299e+02 1.124730321856373934e+02 1.124730321856358586e+02 1.014624018587017105e+02 1.073310438151105757e+02 1.061862033662608127e+02 8.866239241292748829e+01 6.871826544609767495e+01 8.078928298860563473e+01 7.871524763466142360e+01 7.627623298384743578e+01 7.182646887805630342e+01 5.237057618113875890e+01 7.294995077868638589e+01 6.582515362745952814e+01
6.928579599284746848e+01 4.912340048757420163e+01 6.928579599284752533e+01 8.426742231755251566e+01 8.283694561605247486e+01 9.105167221622895113e+01 9.232926074191897214e+01 8.594117798393257601e+01 6.982156109161695667e+01 6.982156110448293873e+01 8.108193021378134802e+01 1.001317698319764133e+02 1.051658482307852438e+02 1.131359312861629860e+02 1.116371689759353956e+02 1.008116735208114676e+02 8.399650232390403914e+01 8.313308343845164927e+01 1.032514324029279464e+02 1.015482063729169795e+02 8.143878945062176911e+01 1.015482063729169795e+02 1.082835052038042818e+02 9.998461675837437213e+01 1.082835052038042818e+02 1.210140072730003453e+02 1.119148480961487735e+02 9.231623028381154938e+01 7.846918696934309878e+01 8.776110700390105990e+01 9.682756167161900862e+01 9.412259556742036182e+01 7.916229349916046942e+01 7.080710730963477317e+01 5.150420936680607298e+01 7.205495700172163254e+01 8.618727646112756702e+01
7.779467430068810074e+01 6.055580460182559221e+01 6.055580460182559221e+01 7.541256872544525436e+01 9.577503217727095830e+01 8.665656089698451581e+01 7.306321034847046292e+01 7.798148925997571723e+01 5.830726035097434590e+01 7.798361821502601288e+01 9.623939027565184290e+01 9.177594497639064741e+01 8.622987934783841979e+01 1.051658482307852438e+02 1.033320985391708717e+02 8.321264245084907429e+01 7.233154575474692649e+01 9.249772254398099847e+01 9.589372780584817235e+01 8.758485794255369683e+01 7.534352773018774485e+01 9.548498903800091853e+01 9.823626793885418351e+01 7.986562679485875549e+01 9.823626793885418351e+01 1.112072182402065152e+02 1.140569195533005455e+02 9.446052739602053805e+01 9.400000054829867224e+01 1.001811153033889781e+02 8.738853076710108780e+01 7.793852423134386243e+01 6.384389889738208979e+01 5.029353531685435286e+01 5.704196139612752603e+01 7.745618826915622890e+01 9.380578508978076968e+01
8.968773514152820781e+01 8.137659618882172197e+01 7.541256872544525436e+01 8.968773514152654514e+01 9.232928810155028998e+01 7.306321081438747456e+01 5.904102294542649076e+01 6.818651082718825762e+01 5.265490744417687097e+01 7.252627429298776462e+01 7.714141427091492176e+01 7.259718149663697773e+01 8.377274488979236367e+01 1.027088774650536891e+02 1.011371038608862705e+02 8.100934832717022971e+01 6.674656267255910791e+01 8.690463143293060000e+01 8.758485794255369683e+01 6.743373748929357703e+01 8.758485332658224820e+01 9.900346370739178781e+01 8.992512177661659223e+01 6.977360837853383657e+01 8.280048601407312958e+01 9.826623380068687652e+01 1.085137618548202170e+02 1.140569196775072669e+02 1.114040636706150167e+02 8.909316496538872343e+01 6.944188046791344959e+01 5.781075956739403665e+01 4.911565217121069793e+01 6.835876860176995251e+01 7.524015383662836598e+01 6.731246182345148554e+01 7.550096527150783743e+01
7.827997034779336616e+01 8.653970303736156211e+01 9.577503217727095830e+01 9.054751777545045854e+01 8.255612528857564314e+01 8.663089670011100907e+01 6.819688986361187233e+01 4.808053370633067658e+01 6.819688986200701208e+01 5.820257089909696191e+01 6.325182652848707221e+01 7.315228383059846351e+01 9.231788004093039035e+01 1.106592923569386926e+02 9.663640090009752726e+01 7.649905948243552700e+01 6.227810575705462526e+01 7.646436768289589736e+01 8.283519356156894276e+01 6.271937698441586662e+01 7.058151244834560600e+01 8.479287901239329983e+01 7.659180966487346609e+01 6.268346688928240695e+01 6.931294567366678905e+01 8.021711845477776137e+01 1.001200653643962255e+02 1.100758023354906214e+02 1.001028313160595786e+02 9.186588746748489598e+01 8.512873352565172524e+01 7.166907844840039843e+01 5.167055713122209681e+01 4.796888059459492837e+01 6.386685406081982563e+01 7.483126470914335471e+01 8.050316992255169168e+01
5.817952516843838140e+01 7.496170890512260598e+01 8.740612081807751110e+01 8.255612530530250126e+01 6.299189716981580744e+01 6.871797176653343797e+01 6.176291067468219609e+01 4.493119274243147743e+01 6.543721342724732892e+01 7.786427205943265051e+01 6.763373256272953427e+01 8.686348915259556236e+01 9.231788004093040456e+01 1.113028550124631693e+02 9.709322661032420854e+01 7.695658516145077499e+01 6.533609271593809353e+01 5.645051838901429875e+01 7.138084490768103763e+01 7.647401313472572326e+01 5.646431405947012649e+01 7.081441553042714077e+01 5.657954271792100087e+01 7.659180966487346609e+01 8.608216366551442889e+01 8.674864997922776411e+01 1.082905650480991113e+02 1.018638230248818957e+02 8.186798058982392945e+01 7.165440254224382954e+01 6.455686878659317074e+01 5.837526825222983007e+01 7.108720127549129586e+01 6.716370692350216132e+01 4.686081248420895662e+01 6.598029236843234457e+01 6.001682366527744961e+01
4.666251610432176733e+01 5.911097522147743888e+01 7.770751437188980049e+01 8.255612458416990762e+01 6.299189716958560581e+01 4.904182613961567228e+01 4.320376363943516651e+01 4.175092469346063950e+01 5.861176871806836175e+01 7.798845222783698716e+01 8.603568305321782361e+01 7.888091308239397392e+01 8.984238846392587163e+01 1.085943284521775780e+02 1.054031489676450803e+02 9.378988792419514198e+01 8.479200783078802317e+01 7.138084490768103763e+01 5.153249443088664350e+01 6.663618164961474122e+01 6.706734014571405567e+01 5.098789751687012739e+01 6.078465313614471910e+01 7.495286546700184260e+01 9.504085317331521310e+01 1.086663342211432877e+02 1.182536583593213351e+02 1.100758023354906214e+02 1.001028313160595786e+02 9.186590180735291256e+01 8.512873352565172524e+01 7.325133238200062635e+01 8.569787887928070802e+01 7.458913364602958040e+01 6.561575823817932474e+01 4.576477103754587716e+01 6.000925265107000683e+01
