LEM/sinusoidal_perturbations/elevation_000071.asc
nrows	100
cellsize	150.0
xllcorner	0
ncols	100
yllcorner	0
NODATA_value	-9999
[rows 34 to 50 of 100, columns 37 to 73 of 100]
8.420013254780826628e+01 9.650291192553454778e+01 1.186567692785963288e+02 1.118012922711414774e+02 9.048782663110476676e+01 1.029644130889151370e+02 8.932155034953447625e+01 1.022880126125199496e+02 1.253374322359149460e+02 1.153942940151497254e+02 1.247860104471662623e+02 1.336290390334683309e+02 1.510703401446319560e+02 1.427233115998492963e+02 1.510703401446319560e+02 1.497059951657005570e+02 1.414712627309734216e+02 1.414712637182699950e+02 1.379893028165386113e+02 1.390370469271350942e+02 1.314396978766646953e+02 1.164213984823434629e+02 1.237474959242875627e+02 1.310579227834956839e+02 1.430971387017677614e+02 1.594501734968524431e+02 1.481102966264139695e+02 1.362639998925384646e+02 1.262754865868017475e+02 1.183508629125289673e+02 1.060093843777993072e+02 8.302402170765903122e+01 7.965659625089186591e+01 9.775410580453151965e+01 7.494962109706392539e+01 9.439809070808965430e+01 7.647338189059972535e+01
9.565273570711053708e+01 1.118443100578358553e+02 1.170320735364508806e+02 1.028123493998037645e+02 8.116385103670529588e+01 8.097135681978073762e+01 9.634771227410990946e+01 1.189381493255826143e+02 1.179818756686570254e+02 9.940091861181957711e+01 1.023347123300088413e+02 1.247860104471665892e+02 1.325813478533754051e+02 1.237303886275761329e+02 1.325813478533754051e+02 1.300406195446755930e+02 1.208677762924230876e+02 1.300407569718851732e+02 1.329874644225968723e+02 1.421633714744895371e+02 1.450299576276821369e+02 1.380648744105166372e+02 1.290186204858481460e+02 1.485389480901799288e+02 1.574368716005491251e+02 1.642426010660110194e+02 1.482564548378675511e+02 1.249763129911224411e+02 1.110614906713988432e+02 1.005742660043776056e+02 9.256390412477017549e+01 1.060093866132518627e+02 9.775466101738958002e+01 7.452576477822812251e+01 7.074846775463376503e+01 7.240738736623498539e+01 9.439808785107123867e+01
8.159994342142519486e+01 1.029920840563247992e+02 1.080333166239669538e+02 8.598328923373193788e+01 7.387487947478621209e+01 9.531641343599459049e+01 1.073169427430207747e+02 1.161862521929190848e+02 1.089105453020810899e+02 8.689565084881614609e+01 1.089105453020786456e+02 1.232105436743323850e+02 1.214333046432344361e+02 1.010499200499703392e+02 1.214330009225795806e+02 1.185795272317132429e+02 9.762403151221883491e+01 1.185795814544839999e+02 1.087357285913673479e+02 1.284976640177149250e+02 1.461961939465962246e+02 1.529564195981646719e+02 1.471947670462849658e+02 1.443808050812246790e+02 1.619524747174760932e+02 1.701526749445731070e+02 1.580000906880608511e+02 1.442619250539399900e+02 1.337465165526376154e+02 1.243373589103798338e+02 1.159630225462692295e+02 1.254829327631735651e+02 1.072292895058293141e+02 9.775466253536711747e+01 9.146925114653127764e+01 6.967795601485272527e+01 9.146925114653127764e+01
9.961437192751274949e+01 1.013130168299631180e+02 1.069468881943814011e+02 8.496697632877641126e+01 7.017393759357645422e+01 9.134219402125694387e+01 8.572804118093156944e+01 1.073169427430205900e+02 1.022718907222290170e+02 8.071094006378494612e+01 9.225245680163391171e+01 1.142618364078445836e+02 1.123901543387732858e+02 9.006850834587496024e+01 1.123901543387732858e+02 1.091875279628622906e+02 8.655348581860525314e+01 1.060980114597331294e+02 9.520271155663010632e+01 1.119838275367117006e+02 1.320322720000408765e+02 1.288718155372606020e+02 1.520511681293011179e+02 1.619368381731132729e+02 1.671255018849689691e+02 1.528890152776544937e+02 1.365770775655854834e+02 1.445192614240776834e+02 1.356474472652431018e+02 1.357113986644110923e+02 1.362036454813119803e+02 1.229410184604110299e+02 1.127168303543025445e+02 1.032646812463644892e+02 8.971718556712504267e+01 6.808378528045832923e+01 8.028244433502236177e+01
8.289922859275154110e+01 7.842980742006891148e+01 9.475911961811748085e+01 8.774303918017994874e+01 6.673331235535870576e+01 7.103261998690464907e+01 9.159980280345671133e+01 1.024514061747473335e+02 9.629125321103312274e+01 7.520521923725664237e+01 8.985197487915311854e+01 1.118370462917531398e+02 1.049496058540176620e+02 8.309032914612345166e+01 1.045116220708724768e+02 9.544759474362327012e+01 7.919450103894345716e+01 8.345964313518956601e+01 8.938672753116566128e+01 9.631983018524422846e+01 1.056123291770515209e+02 1.260053470811532037e+02 1.529209995579563213e+02 1.699281133658003569e+02 1.522802243400681164e+02 1.343085267300506587e+02 1.173076003532016927e+02 1.355630626824673470e+02 1.126724670023078829e+02 1.126760648864222674e+02 1.270327189766154987e+02 1.037169763064852646e+02 9.060929645595724935e+01 8.087691837562573483e+01 7.338791386132531613e+01 6.652997614330696763e+01 8.146942286119885068e+01
5.528060720335447087e+01 6.493509250573607972e+01 8.557976903829298010e+01 8.731866901553372884e+01 7.852953795483577437e+01 6.202490346636241725e+01 7.213424822354892285e+01 9.341603901542340793e+01 9.157591095315798668e+01 7.093859355565280111e+01 8.522023066820807458e+01 1.069198804951915207e+02 9.836532028142370621e+01 7.700170366662567289e+01 9.112795450945127129e+01 7.424272089630770211e+01 9.544916956046371581e+01 1.060086958875892975e+02 1.129658956491448691e+02 1.208319206121164768e+02 1.300156808917045339e+02 1.399963742760500907e+02 1.534327249534260034e+02 1.573086466631133931e+02 1.352609768021599734e+02 1.158900513135303498e+02 1.043596017487545851e+02 1.185125313604869461e+02 1.122227478016787074e+02 9.639334324880896077e+01 1.194229579829106740e+02 1.196318334784950537e+02 1.083188227797467107e+02 9.895629209968728901e+01 8.636615794929916490e+01 6.504116133587027093e+01 7.986421197583207743e+01
5.211187698636302912e+01 7.017149363770407433e+01 7.991248785521079867e+01 7.456410590324024668e+01 5.794593398445287136e+01 7.227961039546113398e+01 9.163558511508111337e+01 1.024680245447004978e+02 8.736306407535369090e+01 6.715408568466187944e+01 8.736306407535369090e+01 9.632255871668277791e+01 9.244513396817038142e+01 7.162781663968254975e+01 7.041239408918116283e+01 9.088732681769070609e+01 8.206350396763646415e+01 8.818955091913494471e+01 9.500387486665235315e+01 1.027545606592594396e+02 1.129850862178197417e+02 1.249345542459943346e+02 1.453527287571101567e+02 1.372441919891592192e+02 1.497294542498357828e+02 1.352388706747414346e+02 1.115410204281354964e+02 9.456886619238201774e+01 8.894884354162846307e+01 8.856611214808152965e+01 1.112864253178690603e+02 1.102787770389738995e+02 8.763380716040157381e+01 7.689110651402513952e+01 6.995842095260202598e+01 6.357638221483964003e+01 7.828954832691832166e+01
7.157736146008186040e+01 5.131146232806235474e+01 7.078823812619904743e+01 5.414411536350393561e+01 7.456410590537755922e+01 8.741914034692244684e+01 1.020207295623931856e+02 1.005999182179275948e+02 8.347361835942680841e+01 6.356966659909905815e+01 7.934905965069813760e+01 7.537282147945703059e+01 8.373065815021131186e+01 6.684575062556737635e+01 8.707410538329742167e+01 9.997996116139992751e+01 1.034357542593051420e+02 1.095816678320184678e+02 1.163051309034498644e+02 1.237803758352477530e+02 1.322328687030781964e+02 1.337550793108251810e+02 1.282676133342912408e+02 1.216190707008183551e+02 1.426931866083788805e+02 1.340852771559231087e+02 1.227571655824515346e+02 1.134948650088416429e+02 1.041057190126170440e+02 8.158201477501826560e+01 1.041057190130793089e+02 1.196318334745727583e+02 1.083188227786995554e+02 9.895629209968709006e+01 8.321509837907298390e+01 6.216557603739631332e+01 8.321509837907298390e+01
7.959192460395071578e+01 7.079116490476083356e+01 5.051373007911738711e+01 5.358363944077568419e+01 7.739648105732607064e+01 8.430337790898548178e+01 9.328133341690751479e+01 9.165937907278541275e+01 7.107791024417784342e+01 5.991648704603783671e+01 5.946966856923940270e+01 6.169104671164709686e+01 6.383390591878438158e+01 8.373065815021131186e+01 8.079230349627833618e+01 1.024460324306483727e+02 1.227526910508277354e+02 1.247492128057402567e+02 1.331369621160179122e+02 1.308407107499726010e+02 1.268745710271502816e+02 1.113187723509695246e+02 1.059411288353377927e+02 1.218269531406335062e+02 1.438167676258386223e+02 1.249418014525440555e+02 1.020480721249286375e+02 9.093784695834371234e+01 8.366268527658461096e+01 7.763598979301441716e+01 9.778180087218315464e+01 1.214107099154547882e+02 1.131055607155132918e+02 9.714708737897437629e+01 7.529396644896115731e+01 6.076731828119011425e+01 8.169459737927286369e+01
8.110431832426584720e+01 6.048582443768565753e+01 7.002078903306697555e+01 4.974083320121636120e+01 6.903421075763601777e+01 6.409402455827472522e+01 8.349129700785194075e+01 7.883786026757250909e+01 7.379419776382107443e+01 5.624616046564339911e+01 7.632121370948166827e+01 8.150885745212836753e+01 7.485481807121935560e+01 9.262492916360974959e+01 1.024460316720319355e+02 1.116425524561815479e+02 1.008746149423356826e+02 1.032254536965101153e+02 1.151829758795875023e+02 1.084817836889400553e+02 1.178894141383984078e+02 9.562973292311154694e+01 1.178894142120533246e+02 1.369002037944519259e+02 1.486437925889055975e+02 1.340838498178990790e+02 1.227499878644586033e+02 1.134948366018395518e+02 9.599706277855223391e+01 7.390676006824354261e+01 9.599706277855230496e+01 1.131055607155144003e+02 9.201114121244779653e+01 9.766394113600911453e+01 8.019844837433620910e+01 5.938347704561896023e+01 7.814736022783557701e+01
7.486496654158518993e+01 7.486496660818538373e+01 7.877950209723466912e+01 6.925087839824861646e+01 4.897618942111547824e+01 6.826990757028751489e+01 7.359644170587947087e+01 5.202419464042369412e+01 5.364283134983494961e+01 7.379419776382107443e+01 6.880618541807633903e+01 8.298977343449952571e+01 9.585527128913966521e+01 1.048844385239207924e+02 1.038119078973277709e+02 9.482078859976742535e+01 8.559319147694310459e+01 9.553072204463377659e+01 9.239646456965431298e+01 9.283482976603099246e+01 1.060296278710165438e+02 9.020070198658133620e+01 1.121969665793304500e+02 1.192361619072500929e+02 1.406030709761652417e+02 1.280967303474000119e+02 1.189841734584089750e+02 1.084665177932797633e+02 8.616400103084929185e+01 7.078932793469407159e+01 9.269601934266228227e+01 1.130118552669499792e+02 9.132228814712755138e+01 7.647546493417888769e+01 6.909874851673961871e+01 7.810278746514484283e+01 5.747319426866444303e+01
9.620294832581946309e+01 9.620300212502628767e+01 8.394166198000729651e+01 6.316680149686706613e+01 6.848465000007870174e+01 4.822139586161932812e+01 4.982867964591854104e+01 6.938561600161737886e+01 5.931891330369131765e+01 7.366649896414011778e+01 8.925276676013957911e+01 9.815662451150677725e+01 1.133232888411215953e+02 1.085653425571852324e+02 9.482078859832557782e+01 7.356991769441566476e+01 9.106280707420033593e+01 7.426506727886848580e+01 7.737984795970137952e+01 8.067760521466441048e+01 8.433323883538852783e+01 1.059181215552005142e+02 1.009220526534430462e+02 1.168853114319678781e+02 1.387677499754352368e+02 1.189841734697446896e+02 9.654908230315082562e+01 1.031198323753580723e+02 8.955979745145994286e+01 6.785436445244332049e+01 8.307127169161533686e+01 1.052244843406841852e+02 1.016143227511552851e+02 9.060298606303332747e+01 8.092560142244815324e+01 7.422267226259272377e+01 5.622176977600663150e+01
1.064999318079281352e+02 9.736816693808123091e+01 9.284737059895036282e+01 8.394165152922009554e+01 7.035660444642805089e+01 4.771705696290020882e+01 6.242912102434497967e+01 5.769246337422386262e+01 7.153556897991171581e+01 8.188255909485143036e+01 8.999494514491094321e+01 9.191180295869021677e+01 9.386430389519934181e+01 9.332496034132459783e+01 7.808457734803188544e+01 6.720368541723739497e+01 7.000354625103163642e+01 9.106274096869019274e+01 9.878282684448861062e+01 9.283482977947016934e+01 1.060296278710165438e+02 1.020650854238252379e+02 1.229170219997975124e+02 1.319692801972672385e+02 1.185450082516924937e+02 1.093969685199888175e+02 1.031201682916148883e+02 8.111594890526347967e+01 8.657251946701862266e+01 6.508184917098898836e+01 8.012710464763682694e+01 1.021331384429435190e+02 9.226142149209084664e+01 7.053121016759332917e+01 6.123263341154760298e+01 5.447636991446834287e+01 7.496297536834006792e+01
9.350216422381012649e+01 7.474550483971496817e+01 9.353624064654516701e+01 9.071765833061027706e+01 7.225199094553737211e+01 4.721438654590807005e+01 5.889452302208360379e+01 5.716859657030562403e+01 7.487328213502132712e+01 7.309752852989278438e+01 6.875034779574646393e+01 7.064270086439773877e+01 7.255433792238424928e+01 8.079615883776968133e+01 6.359221622145789610e+01 8.437707140738480405e+01 9.106280707443750089e+01 9.106269511792235960e+01 1.129060645575942061e+02 1.150306411550274674e+02 1.240114133613220844e+02 1.249657454208543896e+02 1.339439892941241510e+02 1.218975856476422308e+02 1.089876961338436701e+02 8.730501902653369939e+01 9.135896714691061504e+01 8.539743119243848923e+01 6.975578470981945145e+01 6.244866837496120837e+01 8.372076894119204837e+01 1.027585467256196665e+02 1.020681707133815763e+02 9.067514300882736222e+01 7.368738131682772519e+01 5.326772363783219078e+01 6.743629871616863625e+01
8.391459475449686067e+01 6.232120396106761007e+01 8.418906022801617439e+01 8.086492203784298738e+01 6.366339897598362541e+01 6.626897853985879294e+01 4.650532586077726904e+01 6.669684128816534496e+01 7.046335764679932367e+01 5.198452573713268521e+01 5.388321193912099005e+01 5.584956364638401283e+01 5.785674619125366291e+01 6.001907343807884843e+01 6.376899261668121710e+01 8.454502260542354009e+01 9.554792455937116813e+01 1.018166826550995410e+02 1.103156885185378400e+02 1.195458554903697461e+02 1.323736210167743650e+02 1.266360581244234851e+02 1.175963580078082202e+02 1.127234563047359757e+02 9.027494383066266437e+01 7.780032511777373827e+01 6.986434358174901149e+01 6.417525155833109807e+01 7.764817193980580612e+01 6.004214260249031554e+01 7.197994366128730803e+01 9.360074072723412542e+01 1.027130064183312186e+02 9.187135630768983674e+01 7.242780030606375874e+01 5.206792907771956180e+01 7.068325735129276666e+01
7.451963774345175295e+01 5.497610663503385808e+01 6.751956058177474063e+01 7.307963761974525596e+01 5.558817745808886457e+01 5.356939024670266747e+01 4.600502253499741556e+01 4.767980962351283125e+01 4.939023763636300401e+01 7.046335748384881015e+01 7.497274627437350603e+01 7.687227663806699240e+01 7.879588223340222441e+01 6.312016191108943275e+01 8.369893637316093304e+01 6.912098105212803034e+01 7.416622224989588119e+01 8.010105860252460275e+01 8.809412346707567565e+01 1.009520706712813052e+02 1.235923032109293445e+02 1.136290999552698509e+02 9.477562936402993898e+01 1.136291236048889601e+02 1.089876961338436701e+02 9.966953600741841512e+01 9.135896714722485967e+01 7.764818900354391928e+01 5.682349390181535398e+01 7.764818075046768797e+01 7.712132677447108620e+01 9.890063376231867665e+01 9.349708391086586801e+01 7.204819074753484642e+01 6.195459476706938773e+01 6.816715736261298275e+01 5.040244613048525935e+01
6.044528446036070335e+01 6.273533969102026475e+01 4.677375909321013125e+01 6.681356991161167969e+01 6.547892863513135353e+01 4.532623542993535892e+01 5.340087201871256184e+01 6.856062689686089584e+01 6.424817898971281238e+01 6.424817899008917266e+01 8.546812628391616329e+01 9.469014909683787096e+01 7.163031146608436472e+01 8.490154883978128453e+01 9.419371487343555316e+01 7.522556884230992580e+01 8.907470138472437782e+01 1.018166905266125042e+02 1.018166905178052701e+02 1.195458554903699735e+02 1.078545014441807695e+02 9.868182158517286950e+01 8.204126289856347398e+01 1.042927213945581002e+02 1.114311163479854656e+02 8.927731150935797189e+01 7.413294191931568378e+01 6.378919846654301296e+01 5.479925246468710753e+01 6.922129477137404763e+01 9.061127820830304813e+01 1.080493945798988307e+02 1.027130063909393840e+02 9.187135677332038597e+01 8.277084044544724861e+01 6.948515879052877153e+01 4.925629963607408257e+01
