LEM/sinusoidal_perturbations/elevation_000938.asc
nrows	100
cellsize	150.0
xllcorner	0
ncols	100
yllcorner	0
NODATA_value	-9999
[rows 0 to 16 of 100, columns 37 to 73 of 100]
9.909763319160828132e+01 1.074497136192776168e+02 1.054000730423167909e+02 9.703740834775365443e+01 9.703740602189533604e+01 9.703740602189535025e+01 1.053999656495645212e+02 1.111914906779794308e+02 1.027644929335984898e+02 1.111914906779794308e+02 1.173150630913955581e+02 1.176129090910796862e+02 1.092145528878364189e+02 1.123551491023624749e+02 1.123552367519309172e+02 1.207514125734293629e+02 1.375894596853698317e+02 1.316824581797896201e+02 1.375894599563415852e+02 1.421177124321087319e+02 1.337897383861203195e+02 1.329239143377801042e+02 1.412540772745965967e+02 1.513431524862138531e+02 1.655271575941638389e+02 1.526418727431055231e+02 1.445443781100960905e+02 1.526418727431055231e+02 1.567635431379584645e+02 1.486640894223527312e+02 1.461287731314808411e+02 1.542272775036999235e+02 1.460074632223563071e+02 1.378939937875330770e+02 1.353405291093131382e+02 1.434598587685504754e+02 1.418554464694948365e+02
7.854112229954240831e+01 9.722898314091000316e+01 9.703740771082502192e+01 7.645660262661554896e+01 7.645660262522916639e+01 7.645660262522916639e+01 9.703740602189535025e+01 1.009302258804039525e+02 8.216825099031386515e+01 1.009302258804039525e+02 9.686488209593683507e+01 1.058115302720185866e+02 8.870555272309077566e+01 9.187100048260664664e+01 9.187100105777321346e+01 1.123552367519309172e+02 1.172980496449818020e+02 1.113398326267876399e+02 1.172980496623843152e+02 1.304126610024303830e+02 1.134462918974050893e+02 1.125702878085298266e+02 1.228067495102967115e+02 1.371588209153081550e+02 1.518887182783355740e+02 1.428012144742477858e+02 1.248082879701109675e+02 1.428012144742477858e+02 1.486640894223527312e+02 1.289822242304667554e+02 1.264148063073451311e+02 1.428728836842124679e+02 1.378939937875330770e+02 1.179920341205079666e+02 1.153884366344912848e+02 1.278389978423535638e+02 1.220331947246861404e+02
6.813532180944677918e+01 8.541144174274712952e+01 9.383931900907032286e+01 8.248457286006704692e+01 6.178177269791324733e+01 7.645660262568219423e+01 9.703740736320921201e+01 9.246637193170309388e+01 7.171378609023491890e+01 9.246637196174835083e+01 8.223749186684229073e+01 8.602080196379081656e+01 7.669813615207078783e+01 7.720231297269194215e+01 9.187100101710436206e+01 1.123552309216643437e+02 1.172980492666566761e+02 9.686018168929123817e+01 1.172980496995131858e+02 1.220444441266779450e+02 1.016064129153698303e+02 1.220444441266779450e+02 1.396253004013168209e+02 1.479391802444984592e+02 1.437775935695676992e+02 1.239839935219303300e+02 1.147072120890786806e+02 1.346763325753000800e+02 1.339882784065801786e+02 1.258162138760116449e+02 1.147772670789766636e+02 1.347469090745053393e+02 1.368433611190347108e+02 1.238211831480784895e+02 1.036017776351101531e+02 1.077133401619625914e+02 1.278389978423535638e+02
5.969611998920813534e+01 6.474927954836195454e+01 7.813364649936534079e+01 6.965623428714835086e+01 5.631588943748897691e+01 7.695152185242874054e+01 8.980305407357066372e+01 8.554884251542192430e+01 6.473419360456419724e+01 8.108982128065443362e+01 8.311381045135848922e+01 6.515819836334831905e+01 6.727095059435011137e+01 8.812637302141818907e+01 9.985558221016377445e+01 9.858567467261777040e+01 1.013323311996060454e+02 9.001848264396939214e+01 1.076551144451704403e+02 1.110172952814136806e+02 9.613556429805056780e+01 1.165821506173584510e+02 1.193487162414112532e+02 1.396253004167531628e+02 1.416342721659284507e+02 1.218096995418495396e+02 1.074501963794882471e+02 1.199941589818925394e+02 1.186683885947973209e+02 1.055991109676784134e+02 1.199982204660918086e+02 1.398620646905497438e+02 1.286898316177058632e+02 1.085834058883522317e+02 9.676374481415011530e+01 1.170813813104224010e+02 1.293928646503776747e+02
6.743742622853615387e+01 5.288613652373482665e+01 6.753035944605467478e+01 4.910550445325947777e+01 6.959318284456311687e+01 7.356558782430826682e+01 6.908652029797401894e+01 7.681986902704292675e+01 5.852971283459863372e+01 6.029496052357623626e+01 6.227455393196041911e+01 8.311381045331768291e+01 8.812753204338726221e+01 7.059444877821489683e+01 9.139598127371344560e+01 7.796754443556689296e+01 8.077777757556877702e+01 8.395786137185567100e+01 8.718792007570331748e+01 9.056594622838552766e+01 1.110172951624754774e+02 1.048715209271471878e+02 1.193487162421075567e+02 1.396253025274589561e+02 1.416341794292249006e+02 1.218096989142035653e+02 1.074501963794871386e+02 9.962374819521944858e+01 9.826381159137582699e+01 1.186683885947973209e+02 1.339881515573735271e+02 1.327100538104226644e+02 1.268843882767843638e+02 1.067506841235436497e+02 9.233754688963389867e+01 1.009854292261306199e+02 1.132756025035349268e+02
6.417682183760612702e+01 6.555793023381539797e+01 4.697336208596108520e+01 6.753661277284292908e+01 5.134301074292467604e+01 5.292294822302418567e+01 5.453063005679445041e+01 5.615088535530917113e+01 7.681986907062218961e+01 8.108982128065443362e+01 6.654541958880336949e+01 8.735710112812712680e+01 9.974863304688457788e+01 9.110371611143557402e+01 7.403933533292847358e+01 9.475683542531297121e+01 1.013323078566806430e+02 1.044586759135384568e+02 1.016779983533874656e+02 1.008040281915571512e+02 1.072784405464310851e+02 1.252875901423230971e+02 1.215707839046928598e+02 1.418254287446885087e+02 1.437769938899572253e+02 1.239839806101647213e+02 1.276161548470299181e+02 1.080829363434909567e+02 9.350410634846996061e+01 1.097162271431427598e+02 1.180091634682943891e+02 1.126567752842046843e+02 1.267615515642088155e+02 1.209018060207870064e+02 1.069030950508508084e+02 8.669519302179119791e+01 9.304639508071578291e+01
4.359403449782734441e+01 4.497995099695816634e+01 6.555466410120092746e+01 7.602556571449645162e+01 7.186743134973878000e+01 6.124602799032257394e+01 7.512386650883470907e+01 6.338407533870917376e+01 8.415300127712988854e+01 9.199913884892649207e+01 7.124238928714790120e+01 9.199913884892649207e+01 1.078803787358667705e+02 1.029471256552051273e+02 9.475693550767915951e+01 8.196853846821969114e+01 1.025274842607286985e+02 1.200793321045388780e+02 1.220851494258424736e+02 1.126330087897096917e+02 1.276532893065749619e+02 1.360052654966252987e+02 1.418254287095468840e+02 1.347751079233473774e+02 1.430034181537066047e+02 1.437769938899572253e+02 1.364111547417450936e+02 1.222470455426180536e+02 1.097162271431427598e+02 8.923168187824768438e+01 1.056596843000575632e+02 9.818010195672761142e+01 1.185302445795113613e+02 1.136688320541650228e+02 1.053651103892782857e+02 1.015962641524775307e+02 8.160498959485400405e+01
6.223196787089010940e+01 6.548063064810273204e+01 6.558328081179300284e+01 8.629134987114071009e+01 8.988370240313682302e+01 7.587676666107098811e+01 8.178227401435123056e+01 7.811385377192267754e+01 7.811468217621090560e+01 9.875528186115948870e+01 8.599001175680082554e+01 7.891439180494165839e+01 9.952916444784493422e+01 1.175480198383524026e+02 1.109509703031272068e+02 1.025274842607286985e+02 9.121255680273984012e+01 1.057130442259181677e+02 1.260903609842669653e+02 1.329750385922134228e+02 1.413074985555902572e+02 1.315102414874483543e+02 1.232766078824404161e+02 1.148595966192014401e+02 1.315122078332386479e+02 1.465623373394428484e+02 1.351277019961950714e+02 1.269596588956919305e+02 1.180091634682943891e+02 1.056596843000575632e+02 8.528518427828511506e+01 1.019084360743849658e+02 1.102438752469103633e+02 1.020770613843496761e+02 8.527633211502704569e+01 1.020702446795437766e+02 9.674765598706980541e+01
6.088564801047386510e+01 6.970905647236466507e+01 7.542277299564847226e+01 8.195805601000168394e+01 8.976740132890738266e+01 9.603943008310565688e+01 1.016864301058716933e+02 9.873279308937286203e+01 9.875948525481831552e+01 1.072156178202171617e+02 1.065070293568660702e+02 9.088421508420458395e+01 8.870518996939860301e+01 1.032296827505592063e+02 1.235523256466795061e+02 1.200793321045388780e+02 1.014760320847492636e+02 1.200793321045388780e+02 1.268203996403612308e+02 1.185767364716120085e+02 1.268196112063709649e+02 1.199849072001432120e+02 1.032790533685471104e+02 1.032790533980969201e+02 1.232767363338125648e+02 1.384429377270037946e+02 1.185533153536913602e+02 1.067778833349035068e+02 9.946401950750467336e+01 9.257551388494242417e+01 8.695551816097479048e+01 8.176943440760831550e+01 9.876325321525362710e+01 9.376683319814330275e+01 7.424642611219597654e+01 9.098936120314915854e+01 9.883752982309430024e+01
4.410751077268040632e+01 4.919984937577784478e+01 5.483239619687145705e+01 6.129267819005735163e+01 6.910581570635238791e+01 8.109655512372928854e+01 1.016119975174885752e+02 1.122322637904738372e+02 1.040021996417648040e+02 1.122322637904738372e+02 1.196962187202324515e+02 1.113383848930090210e+02 1.091820470431761834e+02 1.032296827468351523e+02 1.235523165268006380e+02 1.302538147339035390e+02 1.218868598219243182e+02 1.302538147339035390e+02 1.168237586277627287e+02 9.855102749457095968e+01 1.168170454869254939e+02 1.117310144007098671e+02 9.166774838923063840e+01 1.117310144007098671e+02 1.233990034692119195e+02 1.374932184483922981e+02 1.351277019961944461e+02 1.269596588956919305e+02 1.130375556478234103e+02 1.130375556478099242e+02 9.329749647274537949e+01 9.876325321525362710e+01 7.890453949470453665e+01 7.698645664584826420e+01 9.099140097893436518e+01 7.147555964196629930e+01 8.889627723460402819e+01
5.848943238955708068e+01 6.971216472961990007e+01 7.542308974959632906e+01 8.195805601000168394e+01 8.976740132890738266e+01 9.817427582607834324e+01 1.099561603046522436e+02 1.022156142868862929e+02 8.390090063545136445e+01 1.022156142868862929e+02 1.138976504776861702e+02 1.056724850690819011e+02 1.138976504642583762e+02 1.235523214032006081e+02 1.318662066039220235e+02 1.329299188943221282e+02 1.245145781888827230e+02 1.162685818105994855e+02 1.085637894362925095e+02 8.849506534327439056e+01 1.085637894362925095e+02 1.061664548077994112e+02 8.609248484526318634e+01 9.511524270670510361e+01 1.093047884900319247e+02 1.246324619017435111e+02 1.328649232082363199e+02 1.412635768066417938e+02 1.279219314463913690e+02 1.077683513861974660e+02 1.136711983206422332e+02 9.876325147975435925e+01 9.017914541984319499e+01 9.662489026839359951e+01 8.899451007697011562e+01 6.944412245712092613e+01 6.917760399031551799e+01
4.823221975397017758e+01 6.004703527728474199e+01 7.461423663452156063e+01 9.513964560051913111e+01 9.780639523699029780e+01 1.060575149163470314e+02 1.055331528743714671e+02 9.395155013860801319e+01 7.376853528031179508e+01 9.395155013860801319e+01 1.038886343738591336e+02 8.558787784881569394e+01 1.038886343738591336e+02 1.119122858155475200e+02 1.201190703401301221e+02 1.245145781888827230e+02 1.047037593465609149e+02 9.623770914506836505e+01 1.018742109619560381e+02 8.179001157438112557e+01 1.018742107840376150e+02 9.478457347762208940e+01 8.089694524921812047e+01 1.009833694392085590e+02 1.182847834579718125e+02 1.046497783630553471e+02 1.213461385600008811e+02 1.313258174890005705e+02 1.361019429379193184e+02 1.279219314463913690e+02 1.272244137004075526e+02 1.187723054658925292e+02 1.104893520138376743e+02 9.630021753489508285e+01 7.630144273470860128e+01 6.739457735614161038e+01 8.722211378427189743e+01
6.765888352370625114e+01 6.272016653265201569e+01 8.328929520877325388e+01 9.447012391852800306e+01 7.767431952157119213e+01 9.447012391852800306e+01 9.727868219471464784e+01 7.714015151194210773e+01 6.702249692540075898e+01 8.133351241931978848e+01 8.554602258078291754e+01 7.546186370262093135e+01 9.563018145894677957e+01 9.188680943623603525e+01 1.119122858155475200e+02 1.162685818105994855e+02 9.623770914506836505e+01 8.462775184911278359e+01 9.523983412219732259e+01 7.596371599293487975e+01 8.920406354743212773e+01 7.466377724711263397e+01 8.890985300650285694e+01 1.089652094466444652e+02 9.826626526991044841e+01 9.304709077336760004e+01 1.030990229099599560e+02 1.230918854531415576e+02 1.308526923229830459e+02 1.226358597863797542e+02 1.212767418762908846e+02 1.153795728953595301e+02 1.144564306002074119e+02 9.974503129023052850e+01 8.364621051484267866e+01 6.633166518575653470e+01 8.620705477950623674e+01
7.613426224172906132e+01 8.328929520877325388e+01 9.171181342536480940e+01 8.618313590334719265e+01 6.603217287109069389e+01 8.618313590334719265e+01 9.628297709635984347e+01 8.083564074732279892e+01 6.068210699869948854e+01 6.117569516290039644e+01 6.534353355616353554e+01 7.117730344065147108e+01 7.759295433253217311e+01 8.927762521566151577e+01 1.093285322382097320e+02 1.157852400172700698e+02 9.575162871939816966e+01 8.414118631971867046e+01 7.512254260842853171e+01 7.033342517459395538e+01 6.902532355102283645e+01 8.920406354743212773e+01 1.030658342597314459e+02 9.679707106665546235e+01 8.404872334740716155e+01 1.041295534978875139e+02 1.213461385600008811e+02 1.313258174890005705e+02 1.226358597863797542e+02 1.021119810816954185e+02 1.005610240503414161e+02 9.442298014772934778e+01 9.552528725676975796e+01 8.450383603925499187e+01 7.223961937774454611e+01 6.528553030844270211e+01 7.680837133665994543e+01
8.187931594260405177e+01 9.328221987433759921e+01 9.290324967516832544e+01 7.905869459957310141e+01 5.900619301101598779e+01 7.905869459957310141e+01 7.619988454943516842e+01 7.563202070894631390e+01 5.560492418501994649e+01 7.563202070894631390e+01 8.554602258078291754e+01 9.137724279177578524e+01 9.775213567124529845e+01 1.060029398881832208e+02 1.175417001697201016e+02 1.240319151846156274e+02 1.124865365813622020e+02 1.035229497911579699e+02 9.523983427962849646e+01 8.545696273637484808e+01 6.523671458489693009e+01 8.545696273637484808e+01 9.027107385110920745e+01 7.668259675723062685e+01 9.679707106665546235e+01 1.123971938980301530e+02 1.186660178539412982e+02 1.269107059778996813e+02 1.200305885424317438e+02 9.940653551963994516e+01 8.673397921376118802e+01 7.861075625214679974e+01 7.340956336586744158e+01 6.875790854985817191e+01 8.338319008111307085e+01 6.426210126997445116e+01 8.419329158243677114e+01
6.535092365561425254e+01 8.502553883995548745e+01 8.461509508804086011e+01 6.451904971706248659e+01 5.315043062353888104e+01 6.575998524472527151e+01 6.209167677160601784e+01 7.257791712113436233e+01 5.267983623239810242e+01 7.257791712113437654e+01 9.031956668574410685e+01 8.508852901977640215e+01 9.222357476269512233e+01 1.004933991959507154e+02 1.094624350391337089e+02 1.209829724152920818e+02 1.206207207522381566e+02 1.105785634202039205e+02 9.052497029308142373e+01 8.292943059502638903e+01 6.269702549011719128e+01 6.594803456040229150e+01 7.010234738049200587e+01 9.027107385110920745e+01 1.050776502758324824e+02 1.086060743443792802e+02 9.865625406128992836e+01 1.153758742849502141e+02 1.282628968533714158e+02 1.153795728594974008e+02 9.442298014772656245e+01 9.442298014773113835e+01 9.552528725676975796e+01 8.457286941190255902e+01 6.283873178346705402e+01 7.361375280370219798e+01 8.380685307900986913e+01
8.187931594260405177e+01 9.011673704631694193e+01 7.857448617363478149e+01 7.029143583243690330e+01 6.575998006271787233e+01 4.623519419155292809e+01 6.353291795390862262e+01 6.561338361084622761e+01 4.989768301309108267e+01 6.964410515117070588e+01 7.016334610591005116e+01 6.491570180726969852e+01 7.204261784711910366e+01 8.109985335898679182e+01 9.276353428104172849e+01 1.127785006261669309e+02 1.006171408325752594e+02 1.006171408325752594e+02 9.052497029308142373e+01 7.035301494190706251e+01 6.021609769460292227e+01 8.043853675575232387e+01 9.027008934379612981e+01 9.855952706233161109e+01 1.019188980999878567e+02 8.854454561120489586e+01 8.704406870641504668e+01 1.007764958933611581e+02 1.207781618451688814e+02 1.236675127316056404e+02 1.153795728641501768e+02 1.153795729093899354e+02 1.091844548477743899e+02 9.333525364180150063e+01 8.177588182481859747e+01 6.148846729675475586e+01 6.434486844094384139e+01
