LEM/sinusoidal_perturbations/elevation_000891.asc
nrows	100
cellsize	150.0
xllcorner	0
ncols	100
yllcorner	0
NODATA_value	-9999
[rows 34 to 50 of 100, columns 0 to 36 of 100]
2.064481644892168701e-03 1.414420010537571670e+01 3.414420010537500616e+01 4.783288455934701489e+01 4.644617371946704054e+01 5.232241803540826197e+01 4.403337919180035698e+01 4.036264799001249770e+01 5.866775357683329162e+01 6.697785178906870840e+01 7.700756440605645992e+01 8.337678268558130412e+01 7.511666816499787558e+01 7.906829089468307359e+01 6.823635028654783241e+01 4.865079818079168206e+01 6.823635028654783241e+01 6.098981241601185133e+01 4.880286278815774637e+01 5.991757916347125956e+01 7.997516009908653700e+01 9.025650674458849210e+01 6.988752044167816280e+01 6.988752044167814859e+01 5.867781010767458838e+01 3.878113127596271426e+01 5.867780996745276667e+01 7.020649903702258143e+01 7.864514576376880939e+01 8.882741051679285249e+01 8.436885114354717530e+01 7.264785344174723036e+01 6.422764222706229020e+01 6.703568076707803414e+01 5.866405472862679460e+01 4.794772903809302278e+01 2.755184872783660666e+01
2.905961989428186391e-03 2.000290596198907167e+01 2.884003643553966256e+01 2.783288456011451117e+01 3.946425162784080243e+01 4.613091829408953970e+01 5.441518917933420596e+01 6.036626002266953606e+01 6.865976774083898704e+01 7.803607735075928531e+01 6.978920838379811187e+01 7.193210643249170744e+01 5.534316559416412673e+01 7.193210643249170744e+01 7.661736137980523154e+01 5.976061336313338757e+01 7.661736137980523154e+01 7.677662306021588279e+01 5.991757916347125956e+01 5.991757916347125956e+01 7.997516009908653700e+01 8.562500387489934894e+01 6.525073355410367526e+01 5.352542275060938692e+01 4.457116098904863577e+01 5.867781010767459549e+01 4.273419655789954419e+01 6.287796730366343922e+01 7.149919380577077277e+01 7.993790525616772413e+01 9.169763250705513258e+01 7.931530689157489178e+01 5.909316508243363586e+01 4.756911703631988075e+01 3.863501481300134088e+01 3.181455046921706042e+01 4.794772903809302278e+01
3.542675937824442140e-03 4.367900480657653794e+00 8.840036435657193437e+00 1.369074893638381063e+01 1.946425162827996758e+01 2.613091829494651819e+01 3.613091829494616292e+01 5.027305391867613338e+01 7.027305390661877027e+01 6.659639986894612207e+01 5.001470469831034649e+01 6.370043113290527259e+01 4.392824655738845507e+01 6.370043113290527259e+01 7.483374269948785695e+01 7.981442223972590000e+01 8.824679725584317680e+01 8.840764285920644738e+01 7.997516009908653700e+01 7.138346459869299565e+01 8.840764285920555210e+01 9.406674361946146234e+01 8.230265677236829447e+01 6.984712497871271353e+01 4.952737661868323471e+01 6.984690545331315548e+01 6.287648582030775657e+01 4.695938256878000061e+01 5.114466822847199268e+01 6.289230122807852297e+01 8.325642771454477042e+01 8.772902845270893124e+01 7.603848586311306690e+01 6.703358446791209246e+01 5.514945050686871753e+01 3.510625011063005729e+01 5.514945085491548582e+01
3.411803931810562015e-03 2.000341180393145635e+01 2.884003643553966256e+01 2.783288456011451117e+01 3.946425162784080243e+01 4.613091829408953970e+01 5.441518917933420596e+01 6.441518861610128965e+01 6.479522053511504964e+01 5.773364206572347967e+01 3.856989886032726389e+01 4.893963574991809651e+01 3.689952271853545795e+01 4.682495675868506169e+01 6.659485971490542511e+01 8.523857649388325797e+01 7.700636565223749130e+01 7.958640915833612439e+01 8.781790434158855874e+01 9.171163441420446816e+01 1.001525885169947969e+02 9.715734521087435382e+01 7.675208860902576191e+01 6.236117155735881568e+01 5.668873546479010628e+01 7.704363963092799850e+01 7.192394952962553134e+01 5.156987828677136321e+01 7.149918732531874355e+01 5.834106406153185986e+01 7.272396716731175559e+01 9.311244450472912604e+01 8.201488478977780971e+01 6.409290950758007455e+01 4.014349494081213976e+01 4.795030298192075691e+01 4.996860679476337452e+01
3.327314952832964925e-03 1.414546293868390769e+01 3.414546293868460936e+01 4.783288455934660988e+01 5.027966653048881085e+01 5.799937389394411724e+01 5.983687012532777061e+01 5.910929728493046298e+01 4.512392372002612007e+01 4.951644859376708752e+01 2.966069553193546682e+01 2.908018707466999686e+01 4.057188924011609288e+01 6.037019005473632660e+01 7.483374269948785695e+01 7.373817901892738291e+01 5.706847084104925472e+01 5.965845369626695316e+01 7.958640915833612439e+01 9.388337188751852125e+01 8.565772356673350885e+01 9.388337188754115914e+01 9.117103693112490248e+01 8.272864972760763180e+01 6.578413466786257402e+01 8.548600372572853701e+01 7.686084093263674788e+01 5.650589107227594354e+01 7.686084093263674788e+01 7.869561392205399386e+01 6.664578335547130905e+01 8.700876728713757302e+01 7.358296152791940870e+01 5.350102135045845131e+01 4.375307611019525922e+01 6.126318354859384385e+01 6.876426753476293641e+01
6.779948344387334673e-03 1.556569061518348640e+01 3.746925297985718117e+01 3.746520098804619892e+01 3.215728470173948494e+01 5.027965922345111949e+01 3.943639617406741849e+01 4.513204818940584317e+01 3.132135031197353570e+01 3.735900930823429178e+01 2.259942950951670326e+01 4.249637977597375738e+01 5.715656925448469394e+01 6.859830597386584827e+01 6.219598984456766999e+01 6.477647776825244819e+01 4.551036445936465213e+01 6.549521671592346195e+01 7.141053177695462750e+01 7.964735944372600329e+01 6.575690977151495531e+01 8.393916584100385592e+01 9.831394017885769188e+01 9.459700527698979045e+01 8.017164688749247148e+01 9.459698775201377430e+01 8.229734409428274944e+01 6.195430836699871691e+01 8.229734409428274944e+01 9.345768607487148927e+01 7.306441432683894277e+01 9.345768607477843659e+01 8.201495955634793233e+01 7.194339162978182856e+01 6.355208131126686055e+01 4.960765188727431507e+01 6.099247346319990015e+01
9.516927588586143695e-04 2.000095169275850182e+01 2.489139326084569959e+01 1.890737893409795944e+01 3.730819913927654596e+01 4.532488383016847422e+01 2.517256274590013021e+01 2.513909504806770556e+01 2.143736083392354530e+01 1.743775839003935602e+01 3.735900930745057025e+01 5.071539635589556383e+01 6.429732613491530913e+01 5.604179694098515085e+01 4.219645703273518933e+01 4.478804601924933593e+01 3.916395826643458378e+01 5.668245937718645422e+01 5.144911828288254441e+01 6.504621175524118826e+01 5.576221514248847910e+01 7.570731666912421076e+01 7.845644828177677255e+01 9.831394016387795887e+01 1.005924483555389912e+02 9.190203814058907028e+01 7.152517202349427805e+01 8.229733208181251314e+01 9.073377219937461291e+01 1.011839563016491468e+02 8.074250823512960551e+01 1.011839563016491468e+02 9.573680264165975018e+01 7.530644041182875981e+01 6.361913533876055737e+01 5.479539785881851799e+01 7.496079755143222201e+01
1.945935296826602993e-03 1.347291522696326460e+00 8.410273564239712840e+00 2.447360042923566681e+01 2.606525572319891282e+01 2.747571816504631315e+01 2.823528665926637160e+01 1.100326187139489065e+01 1.251503402699634293e+01 1.423619388531656504e+01 3.422657419074845819e+01 4.497172665039949635e+01 5.275229480594309450e+01 3.601788010883858249e+01 2.799571736022783242e+01 3.058921800964100157e+01 3.358750326308466327e+01 3.665623061433803542e+01 3.987459027373346032e+01 4.506003358115256674e+01 5.323702711349987027e+01 6.218365445054337926e+01 8.210036584606631038e+01 9.180932579977822172e+01 1.000308184308603074e+02 1.003290884968666745e+02 8.592019405310836078e+01 8.591836145597851271e+01 1.063267606189604493e+02 1.096210766817553406e+02 9.519265629981961752e+01 1.096210766817553406e+02 1.041456306087145265e+02 8.408199636194990489e+01 6.368637571859754587e+01 7.496079733805269996e+01 8.340172017938297699e+01
5.600688922766023682e-03 2.000560068764862365e+01 3.294460800144515034e+00 4.677889127540262315e+00 6.074747840488234907e+00 7.485433735939335698e+00 8.906758433377216733e+00 2.889852614584587087e+01 3.250607619040502527e+01 3.422657419074845819e+01 1.669763312656059995e+01 3.668710852124623756e+01 4.107605577411186459e+01 2.442329955068079173e+01 4.448098319510673093e+01 5.064252213324784435e+01 5.362936630495971713e+01 5.083535890941548274e+01 5.988580318213264064e+01 4.637450663266849915e+01 5.138027714113119515e+01 5.772590580272002114e+01 6.439401178041042328e+01 7.194189941842273583e+01 8.600186874139157567e+01 1.058297673930346008e+02 1.063947989482521024e+02 1.063145018874233614e+02 1.146672756726501063e+02 1.143309089861477048e+02 1.156483982734657019e+02 1.123865313648729369e+02 1.042280915014221847e+02 9.251961250395882530e+01 8.408199640108962569e+01 7.543095577112362093e+01 9.589953730657499875e+01
8.215197286175309616e-03 2.000821458896787419e+01 2.418872148387431764e+01 1.881479346045003354e+01 2.021125546227107606e+01 2.747571816230928476e+01 1.445262029358739753e+01 2.848046411996964622e+01 4.820562996715623427e+01 4.496854762966977859e+01 3.083085096185412866e+01 1.921686538331254468e+01 2.101979519171503696e+01 2.436145373907806899e+01 2.780107221982842702e+01 4.788172060988905088e+01 6.131110845611286209e+01 7.079860603451535894e+01 7.461013105303794646e+01 6.636854640683193907e+01 7.115566490890400075e+01 6.552977446070829615e+01 8.430014445749959862e+01 9.180932579977822172e+01 1.000308184308603074e+02 1.004378079069169729e+02 1.006269854197641394e+02 1.091194749645672459e+02 1.085622728876954568e+02 9.463400470093007755e+01 1.085622728876954568e+02 1.010031652431794527e+02 8.450308826566293874e+01 1.010031652431794527e+02 1.043089584377238879e+02 8.992602503177363360e+01 1.043089584379369228e+02
2.613274238814250559e-03 2.000261327423845970e+01 3.975832108365671047e+01 3.880100629127917244e+01 4.019805604240765717e+01 4.255244065034359124e+01 3.429032014412675267e+01 2.441459772104268211e+01 4.431994223915410913e+01 5.909289622578407375e+01 4.639731560380888453e+01 3.608293838979791701e+01 2.601138847055459635e+01 4.428514522309233570e+01 4.788172060988905088e+01 3.290968972456143860e+01 5.298219950563492375e+01 6.593581911867967449e+01 7.284004226166331364e+01 8.082740760109105338e+01 9.022693496189613427e+01 7.961824581201446449e+01 9.366041001874285143e+01 1.035185508482625067e+02 9.462682533095218673e+01 8.063179542476019890e+01 8.064073171344918478e+01 1.005794943672043615e+02 1.004030943976879513e+02 8.063655266165376645e+01 8.899087620544065658e+01 9.283985557990565951e+01 7.299536201231488519e+01 8.533934202850429074e+01 1.050999628246802047e+02 1.103208720697605401e+02 1.148702321501851458e+02
7.532853315450405325e-03 1.155423623827750745e+01 3.148563750394867000e+01 4.951812377239446761e+01 4.631448820201156025e+01 5.452726917236471849e+01 5.270004963038853418e+01 3.433587668055176323e+01 5.270004963038853418e+01 6.239989876184901618e+01 4.423390546471998164e+01 3.364222765516139191e+01 4.623533787471090761e+01 5.647332729550021924e+01 6.131110845611286209e+01 5.298219950563492375e+01 3.849077935686745633e+01 5.472272811503855650e+01 5.520487037605966663e+01 6.369161390059523598e+01 8.204457822179365678e+01 9.947399461125947084e+01 9.768379467381572567e+01 8.379267775288880671e+01 8.644471487767492590e+01 6.643277912461326196e+01 8.627706516348534649e+01 9.789582156929553491e+01 1.017494843432046281e+02 8.194706528969140891e+01 6.906797034975213023e+01 8.533934202850430495e+01 6.534535999572970866e+01 7.954429746634642129e+01 9.932981720502249345e+01 1.089666335465283709e+02 9.492200324489090235e+01
6.101047412966256744e-03 1.150768817028240676e+01 2.181745029176774153e+01 3.373205889208205122e+01 2.661708920457304828e+01 4.631180484736128022e+01 6.251088104511832455e+01 5.463177145591424022e+01 6.323356933854970663e+01 7.031060687323575564e+01 6.005757842767625476e+01 5.215494107108963107e+01 4.352728957426786849e+01 6.206234486053728716e+01 7.831151891524481812e+01 5.839967961745269776e+01 4.516301026686569742e+01 4.638828456331947336e+01 6.665675426227653588e+01 8.082740760109105338e+01 9.023006055195655506e+01 1.035185508482644110e+02 8.379267775288880671e+01 6.964256762514833099e+01 7.806499815386408159e+01 5.998115135539108422e+01 7.034971599807619214e+01 9.007827503677768277e+01 8.605330147413799580e+01 8.194706528969140891e+01 6.187529808012700272e+01 7.979393623382631517e+01 5.967497154191016051e+01 7.397501598554539726e+01 9.384230098916194152e+01 9.994944477119537396e+01 8.045168247485158020e+01
6.842009524227352091e-03 1.994298505279928690e+01 1.193741812200481966e+01 1.732498725348326474e+01 3.695021440003033319e+01 3.907952343643223259e+01 5.273877651004060851e+01 7.139960920805567923e+01 6.642336361849190496e+01 6.489167702443185703e+01 7.331088846131504511e+01 7.010179880427472199e+01 5.404062647204472825e+01 7.010179880427472199e+01 7.862471425818694115e+01 5.905548572677015784e+01 5.501879466950929043e+01 6.690696049867395345e+01 7.835320269434910756e+01 8.807269178578292212e+01 9.626905872193530911e+01 1.001089631479944018e+02 8.033624049601436923e+01 7.806499815386364105e+01 5.792482693814190498e+01 5.381345739908394421e+01 7.402810455367125542e+01 8.012586406686833129e+01 6.600968795009895018e+01 7.615286684775995241e+01 5.596899101711743896e+01 6.852392197492500259e+01 5.470636548166894642e+01 7.491452667703579493e+01 9.084615562393308608e+01 8.250441665108478162e+01 7.116222011257679014e+01
1.934550753332892102e-03 4.570841584933812207e+00 1.600516010502193254e+01 3.585420656451398003e+01 4.515604031384222594e+01 5.819871532829025540e+01 6.585118743828746801e+01 6.030895295588972260e+01 4.578373228894219693e+01 4.423767683211580959e+01 5.888212431314402551e+01 7.940002068381876654e+01 7.302021596122287406e+01 8.118236864769470174e+01 8.687255108348136901e+01 7.862471425818694115e+01 6.875785003175128907e+01 8.275425928072078818e+01 8.475621612167302033e+01 6.806846886231555516e+01 8.475621612167302033e+01 9.437068361839614283e+01 7.452298381858373943e+01 6.024238037965957915e+01 5.112448011022638639e+01 4.872140421719020509e+01 6.897411678569095272e+01 7.006506324971120137e+01 5.166891874302197607e+01 7.006506324971120137e+01 6.852408428314970479e+01 4.825275427772439230e+01 6.852408428314970479e+01 8.313663238873213857e+01 7.642123733841877709e+01 6.187535091032699341e+01 6.843755664586838350e+01
4.364784840791047053e-03 1.998027483976580498e+01 3.269230683488537181e+01 4.421061798395102471e+01 4.555241384596088494e+01 4.835297405999899212e+01 5.133439808750539868e+01 5.175567717523995981e+01 3.190735218696583075e+01 5.175567717523995981e+01 6.182441058957695645e+01 7.104260695458222585e+01 8.289748739463507832e+01 9.133783654390036588e+01 8.285253719836637742e+01 9.133783654390036588e+01 8.844843474457982779e+01 8.232942304581278847e+01 7.652324826239575373e+01 5.631656181979143128e+01 7.652324829463483979e+01 8.296597333817445019e+01 7.465996834191855669e+01 7.955834411984079679e+01 6.420023818998159015e+01 4.396409579791107802e+01 6.419790648789012266e+01 6.174104625770366539e+01 4.157346691478113598e+01 5.762809480694351549e+01 6.070590591949066805e+01 4.497805843589343056e+01 6.523563965363285888e+01 7.642116637064816587e+01 5.578503072247115568e+01 7.642116637064816587e+01 8.900999103882439556e+01
5.219006137575642711e-03 1.414735462986865144e+01 3.414735462986935488e+01 2.873766557786255760e+01 2.555241356349925397e+01 2.835297373162117296e+01 3.133439770170981475e+01 4.031573744974947004e+01 2.647743152863062122e+01 3.330776744405903145e+01 4.189211052248057143e+01 5.385907935480488362e+01 7.453551509584757184e+01 8.114122298276680567e+01 6.249745816703524781e+01 8.114122298276680567e+01 7.639513924351022922e+01 6.223816519393598412e+01 6.937910547344689860e+01 4.914107665488153032e+01 6.937910576624855707e+01 7.132301362467475769e+01 5.444666194344473098e+01 7.132301362467475769e+01 6.087326114079019135e+01 4.068538505189145837e+01 6.046513765141443741e+01 5.208567619647046598e+01 3.458093983423392359e+01 3.749229030835459753e+01 4.050298560480892007e+01 6.070590591945370562e+01 6.461322529120720048e+01 6.705151970252846638e+01 5.183822800936020059e+01 7.244972748756228498e+01 8.245650751130050082e+01
