LEM/sinusoidal_perturbations/elevation_000524.asc
nrows	100
cellsize	150.0
xllcorner	0
ncols	100
yllcorner	0
NODATA_value	-9999
[rows 17 to 33 of 100, columns 0 to 36 of 100]
5.222468517465790779e-03 1.414735809224854179e+01 3.414735809224924878e+01 4.411085874589074507e+01 4.996872302154821455e+01 5.524292660733219407e+01 6.352719451806311213e+01 6.976170456805117226e+01 6.129617748347587991e+01 4.716061664708303169e+01 4.716061664708303169e+01 6.715353975401058051e+01 7.677964947357658332e+01 7.025450481285835735e+01 7.549148875603017927e+01 7.233652705911885050e+01 6.251869678759794624e+01 4.563425583145813391e+01 4.819249157428254193e+01 6.826137120412769832e+01 7.452513868007150677e+01 5.457250711594388548e+01 4.052107268196949263e+01 3.366992619288188848e+01 4.715153581513166614e+01 3.281959757138391609e+01 5.255790151928759713e+01 6.370737138695624679e+01 7.581550887369940028e+01 7.203265990935457808e+01 4.839957994135563979e+01 3.578531666603861083e+01 2.755811624709454577e+01 4.562089619332144963e+01 4.999766190143787981e+01 3.963746670707234898e+01 4.687875290338693191e+01
7.333276091007126865e-03 2.000733327609065171e+01 2.653875143909017353e+01 2.411085876967373309e+01 2.996872313897689111e+01 3.524292667415105029e+01 5.212745191979077219e+01 6.041171745996145859e+01 7.195871886208928458e+01 6.715353975401058051e+01 6.715353975401058051e+01 7.543173831985517097e+01 7.239280121298088488e+01 6.427019668944740260e+01 6.788799463733982975e+01 6.380459505627928962e+01 4.413592223925375890e+01 3.509449943581559239e+01 4.774519512963343004e+01 6.757220240080684448e+01 7.134886980433216763e+01 6.337757646973331305e+01 6.041673824720079722e+01 4.715153581513170167e+01 2.743962140506655700e+01 4.715153581513170167e+01 5.730621184595796080e+01 5.022201485182134206e+01 6.920641306241124369e+01 6.655272074161804596e+01 6.541438794111800803e+01 5.587979018674093368e+01 4.577501533248495491e+01 2.575277045209934812e+01 3.069513630263913839e+01 3.917650179476776628e+01 5.027612427177336230e+01
6.343274376862209282e-03 3.250771696992106552e+00 6.538751443099238614e+00 9.968723145949386577e+00 1.891299505594838593e+01 3.891299504333503023e+01 3.212745198384756407e+01 4.367445736763504982e+01 6.367445721608689979e+01 7.752091307549730459e+01 8.117021529370599353e+01 6.978328981294637856e+01 6.096549845041773352e+01 4.442468589077204655e+01 4.804936200617326847e+01 6.201913038114449961e+01 4.774519086721610250e+01 2.940597127994386284e+01 4.201803989881934598e+01 6.157207022791634188e+01 6.023997086777920629e+01 4.430749150093165412e+01 6.008763474567602003e+01 4.428163589911568465e+01 2.445951098919034195e+01 4.437406060665789198e+01 3.797685350918045089e+01 5.730621184595796080e+01 6.072795508208793791e+01 4.666674185490219884e+01 5.398356979145134460e+01 4.993334842412185992e+01 4.277172569942843694e+01 2.454127345145258587e+01 3.118490239395879726e+01 5.115033986990535197e+01 6.696623847699753185e+01
3.497053469895897767e-03 2.000349705346954110e+01 2.653875143909017353e+01 2.996872313897689111e+01 1.586640139214522094e+01 2.058044660005545623e+01 2.874541240933257313e+01 3.768968431933141261e+01 4.923668970311946680e+01 6.923668910566756551e+01 7.312744382083111816e+01 5.327805812663493867e+01 4.184781147339426610e+01 3.334519483628730541e+01 3.437264968162246959e+01 4.887570903559694813e+01 4.151055762967367713e+01 2.506333793830537360e+01 3.880597133591781756e+01 4.470307880942956302e+01 4.116298500752297684e+01 3.215344693934599718e+01 4.608235869076837332e+01 3.813748604289089172e+01 2.141905882900762492e+01 2.813323564504402796e+01 4.778694472659692849e+01 6.157401193800397721e+01 5.246390742666341822e+01 3.257808015435887228e+01 3.406568205039324226e+01 4.107831171979042750e+01 2.287107760599536022e+01 3.686765625673611169e+01 5.107831057353885029e+01 4.273378855303273127e+01 5.424140181456318999e+01
9.635555453094322986e-03 1.415177117918391936e+01 3.415177117918320704e+01 4.415067050630582912e+01 2.741340677593753128e+01 4.058044657298160018e+01 3.472258222375491243e+01 5.472258212606928396e+01 6.597393561500126680e+01 6.272321837650960674e+01 6.109268789073818340e+01 5.365586043022187823e+01 5.655012014244726970e+01 4.411628901905194056e+01 2.512229583350233497e+01 3.748526059401661570e+01 2.818493089458434042e+01 3.398885407998524499e+01 1.848877952667449520e+01 3.273133900660617712e+01 1.967196829968117910e+01 3.503644507601555347e+01 3.432959540735092219e+01 1.741360696784116868e+01 3.810830450665827840e+01 4.450764009276186783e+01 3.121274940494150840e+01 4.489500343909002567e+01 4.624097406012155886e+01 3.726205346576932698e+01 2.005463479676392780e+01 2.122013992875572441e+01 4.107831171558454741e+01 5.085846210533330236e+01 6.411581406536200234e+01 6.265476858629377688e+01 7.089834389206531284e+01
8.845047570523793118e-03 2.000884504757016913e+01 3.463838126323486932e+01 4.292265251069647292e+01 4.741340673762460511e+01 5.569767441833812427e+01 5.472258212893377305e+01 6.300684585333102916e+01 5.727284926121512854e+01 4.376723443633956379e+01 5.113557629560823869e+01 3.658056670758042372e+01 4.031864864870263432e+01 5.029041922941796372e+01 3.754370110738476995e+01 1.847634533773042165e+01 2.012100884919863475e+01 1.938278611894226344e+01 2.694274813193386819e+01 1.189676330947974847e+01 1.221886486679776240e+01 2.068850478390075409e+01 1.395135214329788731e+01 3.365533614604541413e+01 3.397305752866709128e+01 3.426745516230362654e+01 1.679099616390117333e+01 3.642392204244988108e+01 3.662821896009928935e+01 1.840438220672167446e+01 3.825709129256077290e+01 3.165884720585761158e+01 4.021008264159273438e+01 5.960807348642588011e+01 7.585758643282002822e+01 7.646904904349877086e+01 7.062233873451562260e+01
8.023991185656003874e-03 7.079091803051101195e+00 1.463838126323557987e+01 2.878051688696627863e+01 4.878051688696556454e+01 6.019788401057854799e+01 6.847816053730441865e+01 6.272321815106748488e+01 4.376723443626864452e+01 3.019300586214082216e+01 3.827508870211140390e+01 2.618216372882286791e+01 2.878896029074467933e+01 4.186000237388307710e+01 3.743489848762614258e+01 2.284718574071281338e+01 1.183342251959737368e+01 1.113521128836912055e+01 1.144882180593690535e+01 1.781367207607835113e+01 2.533893636684889117e+01 1.268591055885592667e+01 1.384495961355652049e+01 2.081321481981075650e+01 1.394519939438783318e+01 1.429733419166324815e+01 1.465417267127451417e+01 3.258599880448678476e+01 1.675089219301208487e+01 3.662821896009948830e+01 4.650118279395107379e+01 5.040461202287730202e+01 5.780217773613768628e+01 5.034345558795076414e+01 5.850279549418461755e+01 5.649097892845156821e+01 5.066576858984757337e+01
4.598823041778624977e-03 2.000459882304142312e+01 3.463838126323486932e+01 4.292265251069647292e+01 4.608401636035163307e+01 4.023786084177519484e+01 6.019788373064842091e+01 5.764314438895307546e+01 4.818746763872422179e+01 3.827652369722020609e+01 1.850767925525556379e+01 1.734243506281681135e+01 1.829963214766647894e+01 2.833010144899725802e+01 2.914289609629448208e+01 2.962092392432286658e+01 1.069127031526766736e+01 3.097547004233199530e+01 3.318208795557013957e+01 1.742807197177360123e+01 2.693799411061122129e+01 3.534047585722397855e+01 1.314780818486713088e+01 1.346868710059343677e+01 3.296899215947917838e+01 3.394714469590778805e+01 2.738735688274486790e+01 1.514630216717473843e+01 1.613819594273264713e+01 3.846592251043531974e+01 5.932587365942807622e+01 5.691466893975943719e+01 4.924896853493596183e+01 3.726151951207702240e+01 3.611820511989790816e+01 4.661420518046581662e+01 3.684673149368065737e+01
7.340434288523949372e-03 1.414947605801959973e+01 3.414947605802030495e+01 3.611028579833184438e+01 2.613655516704575277e+01 4.023786084184168743e+01 6.019788430088062370e+01 4.944811509945308359e+01 2.860750584714210021e+01 2.180553736615471294e+01 1.159124909976767626e+01 9.007800355537089132e+00 9.316491475698484237e+00 9.626207710953861962e+00 9.937009749354508870e+00 1.024903502877022632e+01 2.218152162269498717e+01 2.000159635031503313e+01 3.970964681248732120e+01 2.237826436199515712e+01 4.283606797910545794e+01 5.146038249893126704e+01 4.389059223616897043e+01 2.127153941345618904e+01 4.431780700689513708e+01 4.750120054483554100e+01 3.219806725639972456e+01 3.299476375191691346e+01 1.564415449095098687e+01 2.844740530116535737e+01 4.909090677460716279e+01 4.140388462610425080e+01 2.994108844205105413e+01 3.809460728621425574e+01 2.110498569553444881e+01 2.690836585645849866e+01 4.660429581650355857e+01
3.515918393995972821e-03 2.000351591839364218e+01 2.760178954505332527e+01 1.615609328628060126e+01 3.611028579833184438e+01 4.724222270349850561e+01 6.537302780898878041e+01 5.764313816896311238e+01 4.120686082274865214e+01 8.419196821372777251e+00 8.572279002798943282e+00 2.119707393956031183e+01 2.914624068298150306e+01 3.039373471598148058e+01 2.132652052827218725e+01 1.057421632379831244e+01 3.252726971261682110e+01 3.974766849002210733e+01 3.109864254504402581e+01 4.406131863405359894e+01 3.456808772538096264e+01 5.675760582660603859e+01 5.292590331777171286e+01 3.120923005674132966e+01 5.292590340650311731e+01 5.478451758344260014e+01 3.883706022852137352e+01 1.613396147469957143e+01 2.651958002411362258e+01 3.854214353851493513e+01 4.141437803772513604e+01 2.329316705886773065e+01 1.868793631319413251e+01 1.904966897312516139e+01 1.941153361877398709e+01 3.268216315160439223e+01 3.678195506621309363e+01
4.608085242692564441e-03 3.784247855648234626e+00 7.633191340987707463e+00 1.317867490115726525e+01 1.920011635950843853e+01 3.902378884171426421e+01 4.577808695644404935e+01 6.537302765748437139e+01 5.107112019813845194e+01 3.554123592084374650e+01 8.264708383929676216e+00 1.761199259142539830e+01 2.937880569554280896e+01 4.269998088271226067e+01 3.917646363282774757e+01 2.279297291528184033e+01 4.304238396172493708e+01 6.022305829190973014e+01 4.533327340131155836e+01 5.154547876215551128e+01 5.055021023841133143e+01 5.638996825822407999e+01 6.183755726363548177e+01 4.408025434782900476e+01 6.197950873524703752e+01 5.311289230103760417e+01 3.708399941203404637e+01 1.647846703408793800e+01 2.802703035926660391e+01 3.595819766808879336e+01 3.696472826390240840e+01 1.817736702873730792e+01 3.772799934743241579e+01 3.312680110364253494e+01 3.882837984243244023e+01 1.992174453572784287e+01 3.937880308094783999e+01
1.610643649003322799e-03 2.000161064364864671e+01 2.760178954505343540e+01 3.309012554098154624e+01 3.902378884171429263e+01 2.979222650960657504e+01 4.837916177934466333e+01 6.032130328637237682e+01 4.953244745398767890e+01 3.792720053717977891e+01 7.955600449425690002e+00 1.172892724703877398e+01 1.132388607977383543e+01 3.754570509153035829e+01 5.158884700452242100e+01 4.566903836373348469e+01 5.465336676811282501e+01 7.032134629086469602e+01 6.654879376334093877e+01 7.269785497487654879e+01 7.174359047224314168e+01 7.575290534635907136e+01 7.423025801456287809e+01 6.588851225859612271e+01 6.166849077530580558e+01 4.442275947679893022e+01 2.361732368628502954e+01 3.706115966199119782e+01 1.696520922373423446e+01 1.730838069231518617e+01 1.766836162639500074e+01 3.596494590269625036e+01 4.570158016507119214e+01 5.420534676190523982e+01 4.168883421806096834e+01 2.280591933149825223e+01 2.042640348053939903e+01
2.022278438842990342e-03 7.561311738623478718e+00 1.650558364869467454e+01 2.805258909462403949e+01 4.805280795202085642e+01 4.937382575406035556e+01 5.753321003168827730e+01 5.200058748884256943e+01 2.907291803771149930e+01 1.825437309010304432e+01 1.544510326194021843e+01 7.510872021285903699e+00 2.264352355309038600e+01 3.671974240833768022e+01 4.453158412906138608e+01 5.216670338058663248e+01 4.196641096457088338e+01 5.565399576755427802e+01 5.857536756425985658e+01 5.998944216961686493e+01 6.791170624800075473e+01 7.297729193611054654e+01 8.186358674175238548e+01 6.509586335930868017e+01 4.409473201378121132e+01 3.203229291973348580e+01 4.442275947679891601e+01 4.795677256550531098e+01 3.824934545520876839e+01 3.582860518846484155e+01 1.844254049819852526e+01 3.225071234836927658e+01 5.290212324456739879e+01 5.147677024678056057e+01 3.181111118363100942e+01 4.169759443396375787e+01 3.500732328009191008e+01
6.642187732006160465e-03 2.000664218773165004e+01 3.584590217492466735e+01 4.479091790720067223e+01 5.633849766034715145e+01 6.614367282593376274e+01 7.446490778558427337e+01 6.149879090007459581e+01 4.951317333466932524e+01 4.003698820229597999e+01 2.766275097956048512e+01 7.182268169440097161e+00 2.637397271426212697e+01 3.478566626740159506e+01 3.040580153047427103e+01 3.483990245850957734e+01 2.681317719287627455e+01 4.101885611298697398e+01 3.911645581759179180e+01 4.065438816713037085e+01 5.450089924001328967e+01 5.186993872696642427e+01 7.126388985371961837e+01 7.379178625147956438e+01 6.158613666736567893e+01 4.137363176106562435e+01 6.158613666735968906e+01 5.312412589547928832e+01 3.336130692375311213e+01 1.965921848000470007e+01 3.767952440081560894e+01 3.189928514103870327e+01 5.178555996415147433e+01 5.973189053272820814e+01 4.163035692839119406e+01 5.950127201816923872e+01 5.651703753095748084e+01
1.591255364720534126e-03 1.154859685739847919e+01 2.569076507916618368e+01 4.569402243558034371e+01 5.165046357941901078e+01 4.564671075107469278e+01 6.614204562531826070e+01 6.320894650725571751e+01 4.066163220495391073e+01 2.538428428748470722e+01 1.513806961387785499e+01 6.852119560837012457e+00 2.379823257261729097e+01 2.055445356899408083e+01 3.022025210029670461e+01 1.511174366578939043e+01 1.768944225247078350e+01 2.112712543401443455e+01 2.475929061511875418e+01 2.881413820122953595e+01 3.513995750585569766e+01 4.352156992929290880e+01 5.531418413056336902e+01 7.583350658095586994e+01 7.077990215304252786e+01 5.340041212449928310e+01 6.863954509076629051e+01 5.648299882714206888e+01 4.022014980046741783e+01 2.065638279364829444e+01 4.022014310443382357e+01 5.178641643240618464e+01 6.010153135610818964e+01 6.969311939073507745e+01 6.134111242691705002e+01 6.964768690249192673e+01 7.050714992970431183e+01
6.189296070378335485e-03 1.414832493807650415e+01 3.414834236884226470e+01 4.081426919706029111e+01 3.137727748326080857e+01 5.165055169362577203e+01 5.702660328190145833e+01 5.921171205606650290e+01 5.649664511206782436e+01 4.539124004119370426e+01 3.125448270648828242e+01 6.544453223827638944e+00 1.825450711411651383e+01 1.065846992693171558e+01 1.112603784313222555e+01 3.139954665856488347e+01 3.738106648771431395e+01 2.321287560456912047e+01 4.313090298702463343e+01 4.882634353813157446e+01 3.852356859396132194e+01 5.773808514204157660e+01 7.126388927143258911e+01 8.405680124817834553e+01 8.276997682869276218e+01 7.423298860330510252e+01 6.011553897977543670e+01 3.886678028041219335e+01 2.861656472894234327e+01 2.171748914764269855e+01 4.130018483270853125e+01 5.115123604022483050e+01 6.520473738193302893e+01 6.230130321189648868e+01 6.366642694905367961e+01 6.582150045365521862e+01 7.404350460554782387e+01
2.247884206357958405e-03 2.000224784659623367e+01 3.201506770994974715e+01 2.113783717599778456e+01 4.081426650105746745e+01 4.545571491585181434e+01 3.698779552816075267e+01 3.918110885437514668e+01 5.921163416250952594e+01 5.606503877131089553e+01 3.104147978766908622e+01 6.259853218027444655e+00 6.737586557437203361e+00 7.194479558694492738e+00 2.976784852593773678e+01 3.878625691409713028e+01 4.738514407768099090e+01 2.743112926881159197e+01 4.738514414648927442e+01 6.199092452967972378e+01 5.773808514204157660e+01 4.967969634742809149e+01 6.010969129215973794e+01 7.795497821168493147e+01 7.821431348209905821e+01 6.664087177225403025e+01 5.833618017863553007e+01 4.689624897108506474e+01 2.725517272937361213e+01 4.130018483312768751e+01 2.328403026706964596e+01 3.710035181029265061e+01 5.278182259373024721e+01 4.236842899407029961e+01 4.374548003434319554e+01 4.591902485046168891e+01 6.334855119254824984e+01
