LEM/sinusoidal_perturbations/elevation_000760.asc
nrows	100
cellsize	150.0
xllcorner	0
ncols	100
yllcorner	0
NODATA_value	-9999
[rows 17 to 33 of 100, columns 0 to 36 of 100]
5.222468517465790779e-03 1.974474193662991794e+01 2.053871418123986459e+01 1.170405346559566073e+00 1.271691373981793838e+01 3.277863987816869695e+01 3.651521141337713772e+01 3.651521141337713772e+01 5.690190430394538623e+01 4.938016064785610837e+01 5.502793619198197206e+01 6.422237538095102138e+01 5.560037563736123190e+01 4.924115869719366856e+01 2.810011203409329639e+01 1.309820590822194220e+01 3.429213140753333278e+01 5.039178418390114444e+01 3.042824853047554257e+01 3.408704559276053914e+01 1.830740488853111358e+01 3.874872968049717770e+01 4.568277465907866741e+01 2.887257538166068471e+01 3.468250572936039333e+01 1.689802397324914196e+01 3.522460129607615897e+01 3.494964328062928871e+01 2.114307504101990176e+01 1.992661404486527132e+01 3.899770006134001932e+01 4.606951362320393173e+01 3.072440113892840330e+01 3.321393206676289367e+01 1.371753512990619583e+01 1.660402490243431828e+01 1.954847088334561533e+01
7.333276091007126865e-03 1.972656620855405052e+01 7.399431027888652146e-01 8.039021229239020627e-01 2.304246931849560909e+01 4.125512602759334868e+01 5.690190430393981558e+01 5.690190430394660126e+01 6.517664439251625197e+01 6.866287250785138951e+01 7.449256895290695013e+01 7.043733743948483550e+01 6.226242324406359785e+01 5.130212353318203355e+01 3.701002989945140342e+01 1.567850546604105055e+01 3.693099648878439467e+01 5.097565337572495281e+01 5.042176700209222417e+01 3.976104395550573400e+01 2.189861458169052000e+01 4.200932980691256091e+01 5.531672890374856877e+01 4.725628171108118636e+01 4.137489218020191117e+01 2.098010695556754612e+01 4.137424764919385467e+01 4.917960964444584704e+01 4.096661342742826406e+01 2.927712108839911309e+01 5.328597755545683867e+01 5.537320306757716537e+01 4.091064228564672334e+01 2.639656577076474520e+01 1.405966041452512627e+01 2.570657670609458378e+01 3.765091344574113208e+01
6.343274376862209282e-03 3.097211508243729039e-01 3.461539234570695012e+00 2.288664799845675901e+01 3.146257095112984103e+01 3.926956142150883977e+01 4.467050961827837341e+01 5.077490704046855541e+01 5.797092760257406496e+01 6.647257608262695783e+01 7.646452024902488631e+01 5.637972205049033647e+01 4.151037751797667141e+01 4.284753864026576053e+01 2.141868403104494689e+01 3.677245215440218118e+01 2.102668173563581888e+01 3.810796434653831710e+01 6.165322958279027432e+01 4.555637714650467274e+01 2.568147753548463186e+01 4.555607180157382885e+01 5.903608788517959738e+01 5.057699526576593030e+01 3.104661918688409372e+01 4.137489218020191117e+01 2.843076004892764885e+01 4.550150884905977478e+01 6.009099894992168345e+01 4.682857624118636863e+01 6.313805614902835828e+01 6.628269277201994214e+01 4.827506415562267250e+01 3.558084408274717703e+01 1.441076676461925388e+01 3.291656278212522579e+01 4.565138670081257999e+01
3.497053469895897767e-03 1.131033765449699802e+00 8.086147161712906595e+00 9.330481847074892698e+00 1.409923931021894283e+01 1.909250004238041853e+01 2.448577151216086634e+01 3.052891121985101819e+01 3.761750785448346335e+01 4.929088182323261691e+01 6.982809064316637659e+01 6.114955037168424212e+01 4.034437561190760846e+01 2.782959158181941817e+01 4.284753864027031511e+01 4.651804124887681979e+01 2.519357275734738977e+01 4.052683395281795953e+01 6.128843421636010191e+01 5.369965476556855322e+01 3.985826385659987636e+01 3.140186474687059004e+01 5.085554307020073139e+01 5.781428757577138811e+01 3.866664186559197702e+01 5.353455039304743224e+01 3.435459155306753587e+01 4.452147129911615764e+01 6.346552551499297579e+01 7.036522784419292975e+01 7.284301807915863947e+01 5.211478752261253078e+01 3.801802984319245837e+01 1.851115706713495968e+01 1.476570058950020048e+01 3.376167502663592046e+01 3.448316908807935022e+01
9.635555453094322986e-03 2.000963555545273920e+01 2.570163381212575970e+01 2.973010029590394510e+01 3.438086329424442766e+01 3.927591144436035364e+01 4.467050961827837341e+01 5.077490704046855541e+01 5.797092760257406496e+01 6.647257608262698625e+01 7.832619170491061311e+01 6.933699500920505443e+01 5.479004566900879780e+01 3.367930125718181245e+01 5.471623090081385499e+01 5.007669948577355257e+01 2.978209562838576829e+01 5.102444383037585851e+01 6.638584625036295961e+01 6.748897554889011019e+01 5.477588316031171445e+01 3.552616198070967357e+01 5.478200067692191055e+01 6.553838467435099346e+01 4.837727536791607719e+01 6.025306671401110492e+01 4.125016286729576365e+01 5.353461314440988161e+01 7.119368217955253897e+01 8.076380659652387806e+01 6.904063586726550739e+01 5.211478752261253078e+01 3.149260746205811756e+01 2.300618971676492208e+01 3.177602503370649956e+01 1.526567488978959020e+01 1.684953022609640172e+01
8.845047570523793118e-03 2.000884504757016913e+01 2.621760496305659416e+01 2.946206137801379654e+01 3.284271541551684237e+01 4.112241175122334624e+01 4.377986605975400636e+01 4.863050616559229411e+01 5.379438006428690500e+01 6.207275182171282779e+01 7.361540776171152345e+01 6.777141518373262841e+01 4.724606777633156440e+01 4.334270754639243961e+01 6.293870528997296532e+01 5.885731547932876850e+01 4.501684776064483628e+01 3.729411805841125727e+01 5.819276234279252691e+01 7.709127409173692058e+01 5.897477100661918570e+01 3.976110477392369091e+01 5.897477100663478211e+01 7.492410696855503716e+01 6.182877425291359685e+01 6.797391279571077405e+01 5.085078522947461721e+01 6.797391279571077405e+01 8.003048180290473113e+01 7.236056834896970713e+01 5.204678034634039818e+01 4.044069169475344694e+01 3.287710283923424726e+01 4.244917690189295456e+01 3.727786349872197746e+01 3.319749126011223694e+01 1.576242722872484769e+01
8.023991185656003874e-03 3.094090990427500465e+00 6.217566228199634892e+00 9.461994650814913754e+00 1.284261166972900980e+01 3.284162527176825108e+01 2.378009215658036979e+01 2.863080465736374691e+01 3.379478245272752446e+01 4.534179043220923688e+01 6.534083222947003833e+01 7.587897032389609819e+01 6.195429763703144488e+01 5.554143334372715657e+01 7.219915783637790696e+01 7.364083070878828607e+01 5.451211740220892210e+01 4.801526534003071589e+01 4.873552548112918004e+01 6.905407384196156784e+01 6.352943042688789177e+01 4.420567243794986467e+01 5.770430929355672589e+01 7.759251686981259866e+01 8.034359124879190972e+01 7.733886222929193366e+01 6.965534819854759974e+01 7.733886222929193366e+01 7.528402478937951514e+01 7.050771425649092805e+01 6.904063586726550739e+01 6.063244492654155238e+01 4.950737240998115851e+01 3.867904239530576405e+01 1.846996822976934638e+01 1.701196747547235333e+01 1.611881999776613128e+01
4.598823041778624977e-03 2.000459882304142312e+01 2.621760496305659416e+01 2.946206137801379654e+01 3.284271541551684237e+01 1.800658946467232369e+01 3.800642325094147367e+01 3.642920430644855401e+01 5.379438006428690500e+01 4.379478328479734728e+01 5.534180183242433770e+01 7.533986262651566790e+01 8.181517925889731657e+01 7.567560778296846991e+01 8.369128779147921193e+01 8.260566149458958307e+01 7.456975425274610814e+01 6.002903023902526058e+01 6.072370386314232604e+01 7.711876285016361976e+01 6.943848482025069302e+01 4.984040877657799484e+01 5.987101871111426021e+01 7.980756512412153825e+01 8.860525307294473407e+01 8.046477999390205582e+01 7.308456709737302504e+01 6.686358487959712704e+01 5.559078578310374041e+01 5.071119440756872621e+01 5.212570814273810527e+01 4.792697005241646480e+01 4.126217545296699285e+01 2.108726015427706812e+01 3.867904239530576405e+01 3.772319828300287980e+01 3.614140190735182756e+01
7.340434288523949372e-03 2.000734043428816733e+01 3.644795933607715455e+01 4.643640677756110335e+01 4.629794155214416662e+01 3.214882600155611669e+01 4.630009830670016413e+01 4.797621678117327093e+01 6.470575216721725553e+01 5.534180183242433770e+01 7.206930475485347642e+01 8.360957470551235815e+01 9.008605957044994739e+01 8.209396240221381902e+01 9.008605957044994739e+01 9.973337425813208768e+01 8.775015052254251202e+01 7.976459020384471899e+01 8.043357085596292677e+01 8.842968043947281842e+01 7.607828711515506370e+01 5.615898004299943125e+01 7.607828711514689246e+01 8.821251030998260489e+01 7.474355524024316821e+01 6.093856792690349522e+01 5.341209102921782659e+01 4.701580541179355777e+01 4.136445448776704126e+01 3.642058083340889141e+01 3.198926628253747850e+01 2.777615476897559077e+01 2.374574760128641771e+01 4.126217545296699285e+01 4.950742234305943157e+01 4.841377164828202240e+01 2.876718998265773308e+01
3.515918393995972821e-03 8.168481726017471800e+00 1.816848119607203316e+01 3.231045209280342334e+01 5.229913040345233810e+01 5.215767994424809473e+01 6.031272748872130052e+01 6.797473481616357560e+01 7.624742431035475931e+01 7.533986262651566790e+01 8.360957470551235815e+01 9.627873213333914748e+01 8.030823113168256100e+01 6.243018439312543677e+01 7.226207339766959592e+01 8.901258867219625870e+01 9.464581483124901240e+01 9.402907740848706908e+01 9.402907740847749096e+01 1.019873153227273406e+02 8.449272113330414413e+01 6.596462579656504488e+01 8.449272113995478151e+01 1.024662740949895579e+02 8.860525307294473407e+01 8.046477999390205582e+01 7.308456709737302504e+01 6.686358487959712704e+01 6.135880194451443970e+01 5.650946082742390786e+01 4.693488927190649207e+01 2.678253169335878070e+01 3.803477135073528359e+01 5.213169955470382888e+01 6.461306730327964942e+01 4.477442451755845099e+01 4.517744047095538207e+01
4.608085242692564441e-03 2.000460808524233869e+01 2.736700112389076978e+01 3.128932382665441736e+01 3.545961210779552175e+01 4.062358990273865089e+01 4.031272748872201106e+01 5.445486311245245048e+01 6.600186849624356000e+01 8.487332290493253595e+01 7.683804139042521797e+01 7.683804139042521797e+01 7.226207339766959592e+01 5.244855303072576191e+01 7.226207339766959592e+01 6.948867931158422095e+01 7.520709996803599040e+01 7.460866377309821473e+01 7.460866377309821473e+01 9.402907740847743412e+01 9.462642469974180415e+01 8.619215148310688335e+01 9.462835295157245241e+01 9.108626561928731746e+01 8.293896363873123789e+01 7.604674170521826682e+01 7.013585816587885802e+01 6.577577285848421695e+01 5.761015313900716706e+01 5.004438113629564100e+01 2.989256932395204203e+01 4.693488927190649207e+01 5.515635378413343659e+01 6.622862775867237417e+01 7.282141351341662983e+01 5.459099983885087681e+01 3.465816036425049163e+01
1.610643649003322799e-03 3.653094360350102932e+00 7.367001123891125047e+00 1.128932382665477263e+01 1.545961210779623229e+01 2.062358990273936499e+01 2.617059186499155743e+01 3.771759724878366171e+01 5.771759724878295117e+01 7.608852476770742612e+01 5.709335200649687891e+01 7.608852375863351369e+01 6.599648811418374805e+01 4.615998853850763339e+01 6.325987657812034115e+01 5.542548951037230864e+01 6.976509571178284830e+01 6.059381047807007548e+01 7.840716872859232467e+01 8.348475508669562828e+01 8.348466349545125809e+01 1.027627143681499149e+02 9.420787892387882323e+01 7.468951478671195332e+01 6.344480315236908297e+01 5.644254909378426532e+01 5.037618413192732447e+01 5.761015313898290913e+01 3.753022818747944456e+01 3.431379896485276504e+01 5.004438109888419461e+01 3.448153570582909566e+01 4.878998538025398091e+01 6.862801225617866407e+01 6.178838600259487635e+01 5.321716320375432474e+01 4.208147180032283075e+01
2.022278438842990342e-03 2.000202227843848846e+01 2.736700112389076978e+01 3.128932382665441736e+01 3.545961210779552175e+01 2.810872274846952479e+01 4.617059186499084689e+01 3.881970250566462965e+01 5.881970250566391911e+01 6.800794785900875183e+01 4.819758791031860312e+01 5.866925462015382209e+01 5.656224070624482181e+01 4.047517946443747405e+01 4.342849321838674115e+01 4.650684467129619293e+01 4.991302421948945778e+01 5.417396264462363575e+01 5.865233267143550222e+01 6.381933119423328549e+01 7.781816442248427279e+01 9.716511512065602574e+01 1.023975156630732073e+02 9.108626561928731746e+01 8.293896363873123789e+01 7.604674170521826682e+01 6.238547962861095897e+01 4.240885248666644003e+01 5.761015313897392076e+01 5.443523867748205447e+01 5.794591800891937083e+01 3.787286214744971602e+01 5.794591802046998907e+01 6.802224526345939637e+01 4.720840937519653124e+01 3.158110859872306975e+01 2.708478929508100919e+01
6.642187732006160465e-03 8.171607997009337154e+00 1.711587990700865092e+01 2.866288529080136982e+01 4.866288529080207326e+01 3.965572813226162907e+01 5.639299399593242867e+01 5.296183812939508329e+01 6.710397375312452084e+01 6.979772504560673951e+01 5.865878109081203462e+01 3.889775981649759018e+01 3.682109548966847967e+01 5.625568654629956455e+01 6.325987657812034115e+01 6.636049483048464026e+01 6.144499894321381106e+01 7.398985590427996328e+01 7.015822823889995163e+01 8.348475508669808676e+01 7.376823194415662499e+01 8.759556633835823902e+01 1.067346639029613584e+02 9.841985131210650195e+01 8.864061945419423694e+01 8.050192504574111751e+01 6.682470861304719278e+01 4.697187305922874856e+01 6.682470861303413301e+01 6.301551872132129972e+01 4.305648080302179892e+01 5.794591802046998197e+01 6.610994783847179690e+01 6.383301092114469100e+01 4.277627060758484134e+01 5.321716320401825584e+01 4.744578198198281171e+01
1.591255364720534126e-03 1.414372687909579618e+01 3.414372687909649784e+01 4.540015115447155125e+01 5.694715653826427371e+01 5.965572813226233251e+01 6.793999937972553482e+01 7.296183812939366931e+01 7.563896404368848891e+01 5.602385222078311955e+01 4.202393640390714324e+01 3.328663191723222070e+01 4.984438340674793722e+01 5.821445165662368026e+01 6.017652400334706897e+01 8.087026954213267516e+01 8.113055925959305625e+01 8.912856099498300466e+01 8.967543099181825994e+01 9.763073450513913087e+01 9.320127822923954852e+01 8.759556633835822481e+01 1.067346639029613442e+02 9.024384342474513687e+01 7.076000666673706974e+01 6.099133387418430630e+01 5.435244632642632467e+01 6.682470861304719278e+01 7.495313404630628895e+01 6.670282328947435246e+01 4.684608049587016154e+01 6.096622568669576481e+01 8.055219502397953590e+01 7.218652453992217488e+01 5.368225439272368504e+01 7.218652453992217488e+01 6.250759631978480257e+01
6.189296070378335485e-03 8.171155105347709835e+00 1.817115510534788569e+01 3.231329072907933408e+01 5.231329072908003752e+01 5.927171531358754208e+01 6.755598656105074440e+01 7.599765518557369148e+01 6.740521360880008217e+01 6.979772504560673951e+01 5.475883003993757114e+01 4.666398529156182207e+01 3.023670496194812429e+01 3.994670865070902011e+01 6.054564275064804946e+01 7.496058761999540820e+01 6.910142739725988292e+01 7.128922386907126452e+01 7.957964639967327969e+01 8.179378661576245690e+01 9.008944542652847076e+01 1.067346639029613442e+02 1.146820128951372055e+02 9.841985131225887073e+01 8.864061945450214353e+01 8.050192504574113173e+01 6.424755813836853235e+01 8.212362034469978767e+01 8.358401606301615061e+01 6.793776343632717385e+01 5.091612501087681864e+01 6.239751831682072947e+01 8.192191154541923481e+01 8.230684593324943421e+01 7.398376744956578932e+01 8.230684593324943421e+01 7.082445689324036664e+01
2.247884206357958405e-03 2.000224788420600319e+01 3.645542635281061195e+01 4.645542635281078958e+01 5.600898117725682113e+01 3.927171531358683865e+01 5.600898117725682113e+01 6.600898117725816405e+01 4.727116406634711865e+01 5.095875879026003474e+01 4.395890323627289575e+01 2.734070891695176542e+01 3.134696606734635438e+01 5.294306686055179512e+01 6.241617999903326819e+01 5.501253867712193113e+01 4.917672989047557053e+01 5.135443715697594769e+01 6.546162263379255819e+01 6.179105254011837189e+01 8.082189032224967207e+01 9.082930621985904907e+01 1.093266725752853858e+02 1.010382290800967411e+02 1.010382290800967411e+02 9.190036340700257256e+01 8.374923117207573853e+01 9.190036340697811568e+01 8.135741088954569022e+01 5.949245584383675833e+01 5.695257552975453308e+01 7.596168946332934979e+01 9.006682433616703065e+01 9.162402288833682462e+01 8.168257019106489736e+01 7.344478647125693271e+01 6.680999353582416234e+01
