LEM/sinusoidal_perturbations/elevation_000363.asc
nrows	100
cellsize	150.0
xllcorner	0
ncols	100
yllcorner	0
NODATA_value	-9999
[rows 34 to 50 of 100, columns 37 to 73 of 100]
6.373710579182362324e+01 5.224289144599202928e+01 7.228166916739057513e+01 8.639369570154977396e+01 9.374754668326227147e+01 7.412845444546290707e+01 8.534983581458936897e+01 1.016775301298085878e+02 1.116642381883871025e+02 9.113391824707105116e+01 7.918900291098347566e+01 7.319446740668807649e+01 9.387480617100908376e+01 1.048742880815763101e+02 9.671379549701462963e+01 7.883849753220692946e+01 5.824271083773401614e+01 7.076015770202357658e+01 6.722450711311871885e+01 4.823229331385033447e+01 6.393190968117522743e+01 7.634566873416865462e+01 9.161662430969521154e+01 8.871332930527042038e+01 6.790992370595944294e+01 5.536847936670628911e+01 7.670260817938186904e+01 8.793231954035560705e+01 9.688319416629138914e+01 1.055044549233785318e+02 1.072316870658354162e+02 1.104423591036159991e+02 1.007191437907170126e+02 1.007191437907261076e+02 1.216078343486146025e+02 1.272949893204890088e+02 1.168850376075906468e+02
4.369275651483198430e+01 6.162358981236473454e+01 5.793861582685277511e+01 7.801984552325657774e+01 8.534983581458936897e+01 6.515590640601716643e+01 7.303099298708826836e+01 8.734156048989720489e+01 1.076418959829688049e+02 1.082781328915842636e+02 9.981105244371913443e+01 7.979187821769123445e+01 1.003878124387707231e+02 1.026416374048583577e+02 8.234550033837076910e+01 6.824022200053367726e+01 7.883849753220692946e+01 8.328226574019259942e+01 7.060777897007378101e+01 5.050043894335497185e+01 4.910237898169339843e+01 6.309438813102006094e+01 7.825905994443442637e+01 8.411743411029274853e+01 7.401834350491199643e+01 5.370223624080182390e+01 7.484278252078262028e+01 8.797704139488777741e+01 9.637719254124343138e+01 1.031064044546517238e+02 1.031064044546517238e+02 1.115176038889555628e+02 1.216078342807008994e+02 1.216078343486146025e+02 1.301299000472660339e+02 1.197626860405294309e+02 1.084675432451671924e+02
3.889055547136145918e+01 4.157916786205412762e+01 6.162359023299408278e+01 6.866195843329089143e+01 7.186155736408039729e+01 5.887534155122578738e+01 7.896395463061483611e+01 8.826942831224579322e+01 9.666960869135832013e+01 1.083937112005856278e+02 1.076527665920044967e+02 8.710437320496077973e+01 1.076527665920044967e+02 1.026416374048583577e+02 8.234550033837076910e+01 8.829010125325336844e+01 8.774126906977689089e+01 7.486418592622634094e+01 5.423051086683666711e+01 7.060778337548019579e+01 6.898452808230345568e+01 4.997152236417787208e+01 6.988408339820536241e+01 6.802021406120307745e+01 5.236246044852873638e+01 5.304981400199922348e+01 7.290610549894806525e+01 6.805782813815903864e+01 8.801568993091439097e+01 8.259359166378743566e+01 8.259359166378743566e+01 1.031064044546517238e+02 1.076697596212327994e+02 1.161033489365092350e+02 1.111706229148090301e+02 1.027806692953404450e+02 9.135688961339701564e+01
5.311631317201439373e+01 6.162358931514621929e+01 4.559687529134862416e+01 4.869540390149762032e+01 5.188007954097624719e+01 5.698394535902113489e+01 6.227532550247845933e+01 6.802486163521878382e+01 7.967564236089503993e+01 1.000087582364769361e+02 1.161028109336597396e+02 9.899372236453034191e+01 1.161028109336597396e+02 1.110820906556584191e+02 1.026416374048583577e+02 9.513711074119439104e+01 7.933509195052742768e+01 5.884682666914024907e+01 7.486418592622651147e+01 8.328274654295518076e+01 7.674931233183450274e+01 5.974396094383145339e+01 5.084147028729582729e+01 5.146884954977073079e+01 5.972969944348184157e+01 6.868635529056032851e+01 5.402548756812712583e+01 7.390575248343147052e+01 8.323912659831012206e+01 6.819997052967457307e+01 8.835619200804167406e+01 9.358111418018445704e+01 8.774540616303627871e+01 1.076697596212327994e+02 1.027807522173191472e+02 8.301930441541165351e+01 8.880535353679445620e+01
7.317588542875242297e+01 7.265504921448911091e+01 5.264695155842697005e+01 6.866195843329089143e+01 6.595316614408081080e+01 6.595316735498857952e+01 8.242532530181695449e+01 8.826942831224579322e+01 8.079673783498191142e+01 9.518303739335708258e+01 1.154808509799961485e+02 1.194812409792270671e+02 1.279063360391755140e+02 1.143763287839549889e+02 1.042043111316876178e+02 8.672141334637971966e+01 6.649313911892298279e+01 7.933185101588996702e+01 6.506871929452650249e+01 8.530352123980794943e+01 8.763980106474983245e+01 7.384275184685023419e+01 5.405631989107701685e+01 7.143930819099033158e+01 7.383760989527212359e+01 7.174284978156518378e+01 7.390753620779092614e+01 5.501473223694623726e+01 7.491591926454361783e+01 6.210176971891726794e+01 8.118272871024160509e+01 7.390177395568208851e+01 9.358111418018445704e+01 1.009651349257618733e+02 9.165267460482878903e+01 8.633272973206067036e+01 6.963978865721077227e+01
7.336163751195013560e+01 8.102974424038647783e+01 6.258391169190713299e+01 8.102973158546586774e+01 8.612532474080551026e+01 8.612568353626011231e+01 8.612569324910762703e+01 1.063977309574208476e+02 1.011281293496231939e+02 1.095110309636862240e+02 1.109552842894473628e+02 1.109552842894473628e+02 1.194195253613640801e+02 1.059432827412247491e+02 8.560551814288488970e+01 7.553130589669677875e+01 8.078046805134796671e+01 8.970316896230878001e+01 6.952626032621401464e+01 8.970455270463949660e+01 9.176152559302560974e+01 7.155808706442431344e+01 5.741801882932887935e+01 7.747553720616595285e+01 9.169634641904745820e+01 8.963318395397715221e+01 8.308247900974032518e+01 7.438905812786100569e+01 5.601926093757394653e+01 5.673771345531185517e+01 6.337693982829561890e+01 8.306206436334916532e+01 8.914021558282013302e+01 8.660756709768124040e+01 7.306939118715098402e+01 6.710103700049781139e+01 7.286449527044143792e+01
8.172791736841195132e+01 9.112255054449371983e+01 8.272660813998211893e+01 9.111769294807345432e+01 8.615130937445107406e+01 8.114599315886519548e+01 8.976288494378474070e+01 9.179950412048937380e+01 1.003711587754426091e+02 1.047419544041861883e+02 9.006438344700669063e+01 9.006438344700669063e+01 1.109552842894473628e+02 1.143763287839549889e+02 1.042043111316726964e+02 8.717560959208412896e+01 1.010641240509620076e+02 9.447048052940125729e+01 7.425036122819342665e+01 9.447048052940125729e+01 9.772615949576389482e+01 7.747553720616595285e+01 6.634425141119167790e+01 6.318410282594216909e+01 7.733528162453835364e+01 9.761610491061988171e+01 9.009457261769242109e+01 7.008465581357683050e+01 7.592796908486658936e+01 7.664686797432989351e+01 5.777224623819490290e+01 7.767650637624349486e+01 7.105320128517709577e+01 8.300288921051495095e+01 6.465637782093270403e+01 8.398740378977049659e+01 9.214567537807263875e+01
6.830626500306462390e+01 7.693599346111244586e+01 9.415138430790987911e+01 8.615126177837690591e+01 6.518004445209969333e+01 6.015834550410754389e+01 7.695741634823778554e+01 7.080962230556009729e+01 9.179950411415779854e+01 9.618318663866173779e+01 7.504387622029433658e+01 9.332288030496683007e+01 1.018998530856904949e+02 1.123381016386574771e+02 1.159523773903548403e+02 1.075205671849439426e+02 9.716612680104880440e+01 8.280782350580288664e+01 8.586984268870479298e+01 1.029019616057704809e+02 1.030806126806169232e+02 8.275024451396623704e+01 8.648093658354473234e+01 6.763849570898335628e+01 8.181980553902896247e+01 1.021655348063719799e+02 9.852191710072406750e+01 9.012463703759895850e+01 8.494270307520896779e+01 6.503859035945724543e+01 7.747808035490595557e+01 5.881863966813519795e+01 5.955876115843999230e+01 7.268352420109189893e+01 6.296649366896718192e+01 7.844229518499179221e+01 1.012717384906748350e+02
4.759575476008399164e+01 6.830626500306220805e+01 7.277305189739720959e+01 6.976234531068621436e+01 6.110462279341909664e+01 4.806386448462189520e+01 5.598016895689396932e+01 7.695741635327080132e+01 9.726498498293226191e+01 8.913674983253926598e+01 6.803236092458456596e+01 7.222419400785290122e+01 8.281427629660304035e+01 9.776350089071372906e+01 1.184808921884673936e+02 1.259855673424151234e+02 1.103494536941065576e+02 8.995877756725124641e+01 1.062191703085424308e+02 1.146523855062268780e+02 1.115191016186596755e+02 9.863978910092103547e+01 7.832098539044554286e+01 7.467581063821953080e+01 8.777893167324809554e+01 1.081445750698837429e+02 1.073872710790184470e+02 8.718545979680037306e+01 7.311525776830022494e+01 8.494270307520896779e+01 8.693734355201111441e+01 7.871881044048650722e+01 7.909791681384353979e+01 6.060707451647672173e+01 8.054126528825703701e+01 9.007132568243109461e+01 1.042315084532528005e+02
4.759575476008399164e+01 6.830626500311232974e+01 5.855925958834761502e+01 6.068692658195190148e+01 4.023418555472285618e+01 6.110479191725174530e+01 7.397689208014170958e+01 8.261364292492363859e+01 7.628984335791570004e+01 7.628984336214064399e+01 6.176396803214244358e+01 8.277353715640984433e+01 1.018998530856904949e+02 9.533223759024545529e+01 1.039047420606917456e+02 1.186014682626517072e+02 1.187815369061918886e+02 1.103494536941058755e+02 1.043734760348464619e+02 1.247767400075307620e+02 1.130853599620917009e+02 9.265623773400261598e+01 9.863978910092103547e+01 8.631565773645556305e+01 8.896380043983843677e+01 1.093858030838765814e+02 1.047519110494555008e+02 8.457442375617726782e+01 8.718545979680037306e+01 1.014909393569832048e+02 1.013244707706575412e+02 8.642946826094795654e+01 6.648155740304305539e+01 8.055067377374197690e+01 6.180570338891136117e+01 7.586922062461862026e+01 8.831923292890196819e+01
5.472492551256297588e+01 6.428287647282796513e+01 6.136676897265943609e+01 4.289657076638048494e+01 3.574881144773887343e+01 5.629125307103657150e+01 5.302088246306070118e+01 7.397689208014170958e+01 7.628984336214064399e+01 5.536804716987054320e+01 7.457614660077989299e+01 7.822011657131889706e+01 8.199144865517061476e+01 7.423859818104119768e+01 8.920801585873185502e+01 1.030382832295459963e+02 1.109453349359796874e+02 1.194072708946651886e+02 1.247767400075307620e+02 1.331895977775370739e+02 1.215182815957189888e+02 1.130853599620917009e+02 1.151767128039197559e+02 1.067335313640238468e+02 1.093858030838765814e+02 1.178246723834498937e+02 1.131616087667054558e+02 9.617066723710175324e+01 1.073872710790184470e+02 1.072366101854846079e+02 8.699595325614730257e+01 7.290587494732011464e+01 8.053098194512074315e+01 8.881196189644741423e+01 7.199513105970321192e+01 6.301511130060306698e+01 6.917023912075021030e+01
4.618211850189152301e+01 4.362658269899526431e+01 5.123244946528702570e+01 3.346799414852548438e+01 5.370476339844249480e+01 3.837000902054375473e+01 5.915875557329319889e+01 6.429027098706038146e+01 6.649200148841667612e+01 5.126290891159620600e+01 5.367101442265877154e+01 5.728892393595457122e+01 6.099575781888729153e+01 8.199144865517061476e+01 9.309353849681612303e+01 8.194229390996011375e+01 9.002524250881833723e+01 1.049239361881004697e+02 1.254822774575869602e+02 1.266681475467201636e+02 1.184102873258151760e+02 1.266681475467201636e+02 1.251009675957946996e+02 1.168440588255576671e+02 1.251009675957946996e+02 1.302908859756117579e+02 1.248836244720249198e+02 1.164741080931987796e+02 1.155356050885107067e+02 9.520730219813856365e+01 8.098482863193270020e+01 8.437868583916339560e+01 1.006696739220894727e+02 9.910674321782255447e+01 8.945378656667358541e+01 8.295786528263784021e+01 6.424288818536668089e+01
2.859627432104662148e+01 2.992776395656654032e+01 3.130884451607680319e+01 5.123244946528703281e+01 6.204062323670120094e+01 4.056685969430075289e+01 4.114171802736077410e+01 4.324850985658527236e+01 4.548883111614006935e+01 4.864484938182126683e+01 5.527147199435550107e+01 6.218637400378974434e+01 8.199000334574219551e+01 6.724239886406603262e+01 7.191583495593697251e+01 9.309353849681612303e+01 1.109453349359608580e+02 1.194072574938949458e+02 1.259347649101156463e+02 1.167140415918830456e+02 9.851368426146103729e+01 1.167140415918830456e+02 1.151498461854336313e+02 9.695494587708707002e+01 1.151498461854336313e+02 1.103301113878141706e+02 1.244430456686201723e+02 1.284088857669173649e+02 1.080544418157160464e+02 9.369090306504912746e+01 9.100319239506579549e+01 9.864145778213766391e+01 1.098128888416474354e+02 9.390847249723569234e+01 7.278537565084563710e+01 6.627046155118893012e+01 6.512930294169294143e+01
4.819406627209106375e+01 3.445282477638544805e+01 5.119222055273527161e+01 3.641680590599651879e+01 5.691761518328491576e+01 6.947311934390762644e+01 6.213143184711275779e+01 5.814648114193717987e+01 6.649200148841667612e+01 5.320106995253874516e+01 7.412019431951439685e+01 8.318644682811886071e+01 7.338404902467067359e+01 8.835806003415711984e+01 9.309353849681612303e+01 8.328832234968581361e+01 9.557110746033660575e+01 1.163497064124992306e+02 1.176778449813317025e+02 9.779180541155385242e+01 8.860353063621184333e+01 1.084619857936381351e+02 1.068995023513223828e+02 8.707863123270945493e+01 1.068995023513223828e+02 9.613812876046740996e+01 1.135457024147810330e+02 1.218186420517650106e+02 1.224324785818460413e+02 1.140161204217414053e+02 1.027142897737597877e+02 1.189778067178554437e+02 1.014516097943454440e+02 8.149434440097709853e+01 9.387114130514810029e+01 8.880133588245425358e+01 7.654865926569395640e+01
4.245798206110087847e+01 5.475509840522175864e+01 5.474446590645563049e+01 5.691787290790473008e+01 4.223659482864580639e+01 5.066588936788447484e+01 7.160674070703464622e+01 7.912269175552700062e+01 7.993190051778225325e+01 5.898181399279347659e+01 7.379013716765929587e+01 9.485808485220347563e+01 8.833848670139990134e+01 8.833848670139990134e+01 1.091549346058321532e+02 9.828377828797887616e+01 1.128613903533083658e+02 1.247899210511334473e+02 1.184375292656459351e+02 1.014409616407855879e+02 8.160543932475090401e+01 1.014409616407855879e+02 1.002925453117847070e+02 8.056357772930225281e+01 1.002925453117847070e+02 8.601821093532966245e+01 9.346616638473483363e+01 1.120360801310051215e+02 1.202704350066909313e+02 1.314829989653373730e+02 1.230743319867386560e+02 1.178728742484417609e+02 9.776101482652231311e+01 8.856704131511246203e+01 1.084984152207951666e+02 9.633776618548888848e+01 9.445425910574310535e+01
5.165748527807711099e+01 7.180975092685893912e+01 7.558580986389311818e+01 6.828779238164177912e+01 4.736732167054793763e+01 6.828779238164177912e+01 6.545854840959303544e+01 8.644978993559594471e+01 8.854340957721399263e+01 7.105061326722405113e+01 7.221329794633801669e+01 9.321640411017399686e+01 1.091549346058321532e+02 1.091549346058321532e+02 1.175280872496088733e+02 1.190059999516011118e+02 1.183267147569435878e+02 1.096426541473955893e+02 1.013980497483616716e+02 9.032168704356895717e+01 7.628715203556784274e+01 9.613969531131996860e+01 9.459728293949491729e+01 7.491338756689165734e+01 9.073696976993507235e+01 7.694040034884645252e+01 9.603698006585396740e+01 9.244126743499850818e+01 1.090916095010095574e+02 1.173297475724792633e+02 1.287952656211957674e+02 1.262760549099032659e+02 1.168948729480456592e+02 9.840585504640687020e+01 1.168948729480456592e+02 1.160727522298778354e+02 1.089456741852211366e+02
6.371932126557484821e+01 8.112221386030333292e+01 8.541484942561164928e+01 6.443857414897836122e+01 5.395608424861704577e+01 7.491585333654661838e+01 8.644978993559594471e+01 9.503980273753023766e+01 1.006116538659951800e+02 9.206626644819436933e+01 8.711971178174032104e+01 1.017547474066326316e+02 1.117402274016675676e+02 1.117402274016675676e+02 1.199917918356950963e+02 1.142041268957626556e+02 1.042665338075416059e+02 9.020646781490275146e+01 8.151291813063431846e+01 8.516190777119260247e+01 7.154280579260282025e+01 9.146040598574421665e+01 9.015751965658543554e+01 7.655518992095355202e+01 6.730704509935402768e+01 7.216167947321176257e+01 7.695592989039182896e+01 8.281023209363445403e+01 8.946916549960444343e+01 1.007105967653572094e+02 1.205402858073517649e+02 1.320198217903307807e+02 1.270068526115530432e+02 1.185909762111606511e+02 1.270068526115530432e+02 1.217362535178316705e+02 1.013460062817467389e+02
