LEM/sinusoidal_perturbations/elevation_000069.asc
nrows	100
cellsize	150.0
xllcorner	0
ncols	100
yllcorner	0
NODATA_value	-9999
[rows 51 to 67 of 100, columns 0 to 36 of 100]
6.455108993161302530e-03 2.000645510899280666e+01 2.956997671477497036e+01 3.491520155302384865e+01 4.094542844457922826e+01 4.801649625644483166e+01 5.630076750662401253e+01 6.439507759746757642e+01 7.261994266695944589e+01 7.264568637184272859e+01 6.436951050481533798e+01 7.264568637184272859e+01 7.243253887757046527e+01 5.852038319965672031e+01 5.852038319965672031e+01 7.821034483533375692e+01 7.986284097474019461e+01 6.340280906751854673e+01 6.231576321274965835e+01 7.063110142557059135e+01 8.622517647744211899e+01 9.604115012582343525e+01 8.587278811114389043e+01 6.595613962395587748e+01 5.931854034418353194e+01 5.364248572131938175e+01 4.860341754284840476e+01 4.369090433530308815e+01 3.883186748775835895e+01 5.297109537560659476e+01 3.561615741801330870e+01 5.445383063779596000e+01 6.061612027110320611e+01 5.974142295722784723e+01 5.218380532587325860e+01 5.796854295551324299e+01 3.899057662454498541e+01
3.995603441288198172e-03 2.000399560344093430e+01 3.463981847911552592e+01 4.292997951714004756e+01 5.448387937140296344e+01 6.288352597920637521e+01 6.120228590336238028e+01 4.465250953790908284e+01 6.120228590336238028e+01 6.266896973211675004e+01 4.442727041213507277e+01 6.266896973211675004e+01 6.428743925564236861e+01 4.446242254012253170e+01 6.175185797725561798e+01 6.991809521336479349e+01 7.103058000165566455e+01 5.193277941077790416e+01 5.083800544631760943e+01 5.836940398435183397e+01 6.827738400294792598e+01 8.788585202225992532e+01 9.399587860926412475e+01 8.587278811114389043e+01 7.923390528208123840e+01 7.348483462812882294e+01 6.661314972271603096e+01 5.819365246496654720e+01 4.790580736704843900e+01 3.498251898399828974e+01 4.029613000570333270e+01 3.625396612758263615e+01 5.168023550783924236e+01 3.751736011617048661e+01 3.795745619554727313e+01 3.839149567359415727e+01 5.785993833760260685e+01
4.804567899273937473e-03 7.075872789274706420e+00 1.463517149644291671e+01 2.618272018904066911e+01 4.619242958565961032e+01 4.312577981970494534e+01 4.312577981970494534e+01 3.325485902562290619e+01 5.299670061378697028e+01 5.439839045847520538e+01 3.445148080545044422e+01 5.439839045847520538e+01 5.767913258505229379e+01 3.781479151858552257e+01 4.190776860220839950e+01 5.352160962476787631e+01 5.688185318496706344e+01 4.301509950686902073e+01 5.708773729004975905e+01 7.682145863462490354e+01 8.622517647744211899e+01 9.604115012582343525e+01 9.112770256826951254e+01 8.114835983220952187e+01 7.289790234857848361e+01 7.315568406832021253e+01 5.329743046761019087e+01 4.024765643343040011e+01 3.435450417767984277e+01 5.441127801543521514e+01 5.108652249680154256e+01 3.641405402319874440e+01 3.686248626859468658e+01 4.549448719825593201e+01 5.646655743292463825e+01 4.254937084914657675e+01 6.199600959780970300e+01
9.707512844716031236e-03 2.000970751284436133e+01 3.463700931941468042e+01 3.635546768324061873e+01 4.440466386873420390e+01 4.312577981968319563e+01 2.333044417524040526e+01 4.312577981970494534e+01 6.120228590336203922e+01 4.774942057413363017e+01 2.779589998231422143e+01 3.938854654901916064e+01 4.765421613016339819e+01 3.179927807737628953e+01 3.039333515967223676e+01 3.363181183993795287e+01 3.700351172743651063e+01 4.330864119181698157e+01 5.036059353290180951e+01 5.926772631672670144e+01 7.068691139232767284e+01 9.028492753517768676e+01 8.286110938078418542e+01 6.293811376256612533e+01 5.302315243139442913e+01 6.295917673536412451e+01 6.362523850304950912e+01 4.537306506056464173e+01 3.390809363591599634e+01 5.392872691245406713e+01 6.866029713324333272e+01 6.677816788676385329e+01 3.631246138989856576e+01 6.030438022256074504e+01 4.881928599716199102e+01 6.258654302767241262e+01 6.238680932150884928e+01
5.001202446392439237e-04 2.000050012024428270e+01 2.242840185087021965e+01 1.655827909178802315e+01 3.633296970847322882e+01 3.783512330334202289e+01 1.799623687678135298e+01 3.783512330610177088e+01 5.608010513521172413e+01 4.458615889383228392e+01 3.623137050758619893e+01 1.927491440450166849e+01 3.926828206884592731e+01 2.603377943241171621e+01 4.595180654309371704e+01 5.352160962476787631e+01 5.687863737542465259e+01 6.315912841339139305e+01 7.015887956960226290e+01 7.830851200502237930e+01 8.711440499418311845e+01 9.844769913003055706e+01 9.110067577371860637e+01 8.112964939982988710e+01 6.295917673567356587e+01 4.285662492466500595e+01 5.535995946090037023e+01 5.297358523430021648e+01 3.345821740757979512e+01 5.356978080172351753e+01 6.917751225654346570e+01 7.755195356494797920e+01 8.044339560745281403e+01 7.363817717556615605e+01 5.394596823595838941e+01 7.363817717556615605e+01 8.287446200566330390e+01
5.279685921607564676e-03 1.215734751259211155e+00 2.428412876440873891e+00 2.227044702997290671e+01 2.539492177073442747e+01 2.666170393208000178e+01 1.314914521717752116e+01 3.302349179883044883e+01 4.206021225849199396e+01 2.794834121908313307e+01 1.651522435522838705e+01 3.617112660731238094e+01 2.225568948524691137e+01 4.218808791449632167e+01 5.100749291645565364e+01 3.758050797727678116e+01 4.228076473511814015e+01 6.213962789389328378e+01 7.464495125403709608e+01 8.234494591252483531e+01 9.307288989422306713e+01 1.055758759104638926e+02 9.319561584739096816e+01 7.336353091388615155e+01 5.930950443379958159e+01 5.536038294310644403e+01 3.530101393060635218e+01 3.281694914660507578e+01 4.654205850815818479e+01 4.248842964495975849e+01 4.941888622910810369e+01 6.052597373816857385e+01 8.006475904277621680e+01 8.232675316467536675e+01 6.320217320426109353e+01 8.232675316973998747e+01 9.391530546286023196e+01
5.738623160518319517e-06 2.000000573564328832e+01 2.237931424553984883e+01 4.169189435997845194e+00 5.411928962608847371e+00 6.661928880606897252e+00 2.430978554155748839e+01 2.958277093098626054e+01 3.116534466565269312e+01 1.381888023319111269e+01 3.380043382324035406e+01 4.437733776865431423e+01 4.197373233056773500e+01 2.733250970125861201e+01 3.110741642282782493e+01 5.020869632011194028e+01 6.093363411886059566e+01 4.955835815761550833e+01 5.555566917892140566e+01 6.679396559185427407e+01 8.536952310688235457e+01 9.567290339367627894e+01 7.707222476104328734e+01 7.707215911078455406e+01 7.057354386614740349e+01 5.791921056439332460e+01 3.742317362444683937e+01 3.235976302777856972e+01 5.253148675250024979e+01 6.189486723281142133e+01 6.894512693746952436e+01 7.755404416640595855e+01 8.846124014149255288e+01 9.264444088882771666e+01 8.436627709476216808e+01 9.323836411783024403e+01 1.018460626459949054e+02
4.532054705376768917e-03 2.000453205470315510e+01 3.259263089096621968e+01 1.640829705206206413e+01 2.540919175946236663e+01 2.285935743661151065e+01 8.514888065177201426e+00 9.842323993208470512e+00 1.118159506373431711e+01 3.116534388456385329e+01 3.594547205990844674e+01 4.422798567479057397e+01 5.518995815283417983e+01 4.724700100194970531e+01 4.516080086319526998e+01 4.515130069088196763e+01 6.414384627627059388e+01 6.092177028373579617e+01 7.464495125403709608e+01 6.921906976065355366e+01 8.774418794319302606e+01 8.747460174351478202e+01 6.666971658760439823e+01 5.652175223602444731e+01 5.026836034320339053e+01 4.477029873510448965e+01 5.235797981107190679e+01 3.190353239188951662e+01 5.091862974652768514e+01 5.564307403310670708e+01 6.503125163149053378e+01 7.731587212796016217e+01 8.522596027895149007e+01 8.241871113648686276e+01 9.081874789963188732e+01 1.008346069980273825e+02 1.088586895853549805e+02
9.001595176218036079e-03 2.000900159517586374e+01 3.828994507411071879e+01 3.805275011742252644e+01 4.084809558050552170e+01 2.614602694891263823e+01 2.302106936732297626e+01 2.402877387849786572e+01 3.050192544399477157e+01 1.395483621732877388e+01 1.596459386330153407e+01 3.594547219401911775e+01 3.897455968079930955e+01 5.896020820827786935e+01 6.465401059368520009e+01 6.504892100085967854e+01 7.288160615398236075e+01 7.969715029711456111e+01 8.733559430493430398e+01 8.774418794319302606e+01 9.547082327176607919e+01 9.567291171927820415e+01 8.541872599055943738e+01 7.707215909339177529e+01 7.056392559049631075e+01 6.384688349556353870e+01 5.258818573507359417e+01 3.144870613675261950e+01 3.927102653377700392e+01 4.147834272170997849e+01 5.966328701217558006e+01 5.712334719201196975e+01 6.918664621190164610e+01 6.329157720838164636e+01 8.290991186130402468e+01 8.088707591366879512e+01 1.008346069980273825e+02
5.674351268809080251e-03 1.000567435126889571e+01 2.414780997500040272e+01 4.414780998183480420e+01 5.535613578835665294e+01 4.789921435510871817e+01 4.475012568101170274e+01 4.428374785329810237e+01 3.024241063091852411e+01 3.393731873422153456e+01 2.303253753568692019e+01 1.899635559204996582e+01 3.897455968079930244e+01 5.037869240776663560e+01 6.451512538167227717e+01 6.353828400046766234e+01 7.183882194733922688e+01 7.317918592074840944e+01 8.148611836640809258e+01 8.280416539171780244e+01 9.111699676726027519e+01 8.492060725960216416e+01 7.454382812564887217e+01 6.656698894523894694e+01 5.894826172372994932e+01 6.548482000112123558e+01 5.836854807879863216e+01 5.035151964357196164e+01 3.080797441011501903e+01 5.129594930040607892e+01 6.073932946571099478e+01 4.558851342336139112e+01 4.934921056773968218e+01 6.917008258561257605e+01 6.674136465873115753e+01 8.672957250034801291e+01 9.571781739111317222e+01
9.518805923843161668e-03 2.000951880592348786e+01 2.985977475553305283e+01 3.540677671778573909e+01 4.173133203812260916e+01 5.001560328558480961e+01 5.895987519558412515e+01 5.835431756613411380e+01 5.010648215305802466e+01 3.456387203273886399e+01 4.300779063973018168e+01 3.897455968079930244e+01 2.211913870761645740e+01 3.624225943386085191e+01 4.861933559542309524e+01 4.354488250537566074e+01 5.684056104053679093e+01 5.316853889311819614e+01 6.864510222588020838e+01 6.278022623209299979e+01 8.280416539171780244e+01 7.661669465706154369e+01 5.650709945927783195e+01 4.653347057945376974e+01 3.892969011196990436e+01 4.617415035394097345e+01 4.982628350703762976e+01 3.017284452265948502e+01 3.148167500561538290e+01 5.220860996050389247e+01 4.046640779251903552e+01 6.074994190799026939e+01 6.922276033126252059e+01 5.540138607151796890e+01 6.098171640269540461e+01 6.873664512921567393e+01 7.833302843894216494e+01
9.062254805971973678e-03 4.859774755532653145e+00 9.859774755532695778e+00 1.540677671778503566e+01 2.173133203812190573e+01 3.067560394812122126e+01 4.481773957185266966e+01 6.481773957185409074e+01 6.283461479067354816e+01 4.609274712989167000e+01 6.283461479067354816e+01 5.016143155593650249e+01 4.150932170135709498e+01 2.536247514269937042e+01 2.864809209932504785e+01 3.202385853127972837e+01 3.686216498201594760e+01 4.261867941156772588e+01 4.863619784767707444e+01 6.018292404166412268e+01 8.020465259687004789e+01 8.460167912180547489e+01 6.885130119974387242e+01 4.896296321806978114e+01 5.221957614431963890e+01 3.268446030137965153e+01 2.955500535804773676e+01 4.993428197786707301e+01 5.063170650216019197e+01 3.568924913819652289e+01 5.627165779835104331e+01 5.485024770064553223e+01 7.499316673569587977e+01 6.933960834194040501e+01 7.485473248776683874e+01 7.703521668028709257e+01 9.571781739111317222e+01
3.063233560239582431e-03 2.000306323355988525e+01 2.985977475553305283e+01 3.540677671778573909e+01 4.173133203812260916e+01 5.001560328558480961e+01 5.895987519558412515e+01 5.929037365116516867e+01 6.757464490086250919e+01 6.608483565737216736e+01 7.438479494485378041e+01 5.793675911001755452e+01 3.797849344551732997e+01 4.509417016033365400e+01 3.035702547307998955e+01 5.032914602820890337e+01 3.956352193267780137e+01 5.954882147452638463e+01 6.864510222588020838e+01 7.694861149967661618e+01 8.851522488310133951e+01 8.305190050291312787e+01 6.306571952655674806e+01 6.306571952655674806e+01 6.071443809574184058e+01 4.366880074218067875e+01 2.913160870152450244e+01 4.883823649216862606e+01 5.675054296548327670e+01 5.627148203701039364e+01 6.462837093072023720e+01 7.499314711970522751e+01 8.329207091362768267e+01 8.937638091689213127e+01 9.477093215929617998e+01 9.694130703262358395e+01 1.050882257725008913e+02
5.666595628964066558e-03 1.155267197942137969e+01 2.569480760315207846e+01 4.569480760315136791e+01 4.404531388711556872e+01 4.427861077192266492e+01 5.256288202060300563e+01 3.929037365116265335e+01 5.602763951615602167e+01 5.855899967877940782e+01 6.684327092867594899e+01 6.641517117254483082e+01 5.202337289036687906e+01 5.397566361005691959e+01 3.400163164681289629e+01 5.397589670714990007e+01 5.368748254748107485e+01 4.849010048935699757e+01 5.742973086964079954e+01 6.898336405225717272e+01 8.901072283912741057e+01 9.122996538094292873e+01 8.305190050291312787e+01 8.305190050291312787e+01 7.204680993365892050e+01 5.340244618018067513e+01 3.407263153287088642e+01 2.854293005787910786e+01 4.836544935994930228e+01 5.304574185872940717e+01 6.149903553964875869e+01 7.327676738336599271e+01 7.540232313692179389e+01 8.350253397982312720e+01 8.542057574768288930e+01 9.349229866333908490e+01 9.269848578206499212e+01
2.110006612196471242e-03 2.000211000661184002e+01 2.484244066472452772e+01 2.734244066472451706e+01 2.404531388711397355e+01 2.427861077192165595e+01 3.571302935812933299e+01 2.774336826736973194e+01 4.222906806022123760e+01 3.855899967877563483e+01 5.239304585516483570e+01 6.067731710415510094e+01 7.175647051087209150e+01 5.782122488141276051e+01 3.784031357261500261e+01 5.782122488141276051e+01 7.369934540586442040e+01 6.003395827136466067e+01 7.679898206677482619e+01 8.575678223922166410e+01 9.732872903669088771e+01 9.580996251081809589e+01 8.757663410420276762e+01 8.539198123379289029e+01 7.339359129954081595e+01 5.333696316898488021e+01 4.405747014494936309e+01 4.820706240499596618e+01 2.796586959074237555e+01 3.157673090230131407e+01 5.315833062663669750e+01 5.340071302024826139e+01 5.557324656016425735e+01 7.137531756166765717e+01 6.555758113398836429e+01 8.542057574768288930e+01 8.421012109868249240e+01
9.367352646185668139e-03 2.417084414361564182e+00 4.842440664724883881e+00 7.342440664724873223e+00 9.903178263382770297e+00 1.273160538812893705e+01 1.571302935812863133e+01 1.879909635737041640e+01 2.222906806022053416e+01 2.722906806022044535e+01 3.239304585516348567e+01 4.653518147889493406e+01 6.653518147889916179e+01 6.190201167859054010e+01 4.191032087424633801e+01 6.190201167859054010e+01 7.706884137935809065e+01 8.005421570768351103e+01 8.836513759073150709e+01 1.020431230204163882e+02 9.205424771740453593e+01 8.380645606515180646e+01 6.759566819949779415e+01 6.540972402493490279e+01 6.711865408740584371e+01 7.217133711606776103e+01 6.403203180832721841e+01 4.795519089123961010e+01 2.756232753601601360e+01 4.794109131129174273e+01 5.272114041785343375e+01 3.920521259614767473e+01 4.484498062368052729e+01 5.149943011844925422e+01 6.555758113365605766e+01 8.542057485716647136e+01 8.195757738257228198e+01
3.648181865326004768e-03 2.000364818186497118e+01 1.898457628845558176e+01 2.734244066472107093e+01 1.697424607524812146e+01 3.273160538812057752e+01 3.571302935812933299e+01 3.294123198110186479e+01 4.222906806022123760e+01 3.039403386949793884e+01 5.039403386949920360e+01 4.133731776516295753e+01 6.133731776516521705e+01 7.020195392123943634e+01 5.344296011364853882e+01 4.875593907030552998e+01 6.290015895860707928e+01 8.292430595155536821e+01 9.604770295374889599e+01 9.382259497243126134e+01 7.379031716767039484e+01 6.380080528183286503e+01 5.631362301128287129e+01 5.138972563167714469e+01 4.726925047232578692e+01 6.150437137160243140e+01 6.005711169181373776e+01 4.755097846697024977e+01 2.716014921316537212e+01 4.692130255492507018e+01 3.257250961305039283e+01 5.273850734741584034e+01 6.470252702606524053e+01 6.411368149567221053e+01 7.930849489682370290e+01 8.793308213894810876e+01 7.718282307336379233e+01
