LEM/sinusoidal_perturbations/elevation_000280.asc
nrows	100
cellsize	150.0
xllcorner	0
ncols	100
yllcorner	0
NODATA_value	-9999
[rows 34 to 50 of 100, columns 37 to 73 of 100]
5.154349520308129229e+01 6.308299074747820612e+01 8.297235746491524822e+01 9.683998789772412863e+01 1.080948381158228813e+02 9.984731082051729345e+01 8.687642707161836597e+01 6.709711274454092234e+01 8.687642707161836597e+01 9.059044611442568851e+01 6.998734878261760173e+01 5.808378163009967210e+01 4.988096921340730461e+01 6.533336940512404567e+01 7.376149750092666579e+01 8.369228426166147017e+01 8.316448442303033062e+01 6.898201262206598017e+01 5.763587456049270941e+01 3.751836676618182054e+01 3.695968135229767881e+01 5.706955093695519565e+01 5.808299923577642687e+01 3.910645796110457439e+01 5.452971225420295553e+01 6.679071627947848810e+01 7.927466596208424221e+01 8.538878916280397391e+01 6.857697730306330186e+01 8.527473533753081369e+01 8.900766994598789950e+01 8.900774591354661425e+01 9.721040476691774757e+01 9.696369764279221215e+01 9.943748607482436341e+01 9.945899761560811214e+01 1.075484391234182340e+02
6.580437462704965412e+01 7.971578593204435492e+01 9.119071720863922792e+01 1.028141375123319250e+02 1.028141375123318539e+02 1.110309855057290633e+02 9.503537980588102130e+01 7.700162162655705345e+01 9.503537980588102130e+01 9.885583207750185863e+01 8.707032311900013610e+01 7.422899206217215351e+01 5.371089093943447779e+01 6.819558592071099667e+01 8.879492299619293760e+01 8.259542060102612027e+01 7.242913857822941281e+01 5.494014014156567072e+01 4.049446218273624254e+01 5.766249858162522202e+01 5.537160666661942088e+01 6.718623726190816114e+01 5.175047438062614447e+01 5.887705697240364344e+01 3.995492485732835775e+01 5.161761319698291572e+01 7.109847584736550630e+01 6.626372336767272486e+01 5.688309292854639665e+01 7.693256446875747656e+01 6.924959128400124087e+01 6.924959162641761168e+01 8.900774591354661425e+01 9.320124753400314432e+01 1.013595723471448196e+02 1.052546130904896557e+02 9.713604141673800996e+01
5.252737898294255103e+01 6.658535971472878146e+01 8.638426842647827186e+01 8.304287442988963619e+01 8.304287442988963619e+01 1.028141375123318113e+02 1.048983696607289744e+02 9.675123251667986324e+01 1.048983696598705677e+02 9.715202884874449296e+01 7.668138378355837403e+01 6.198355074234726914e+01 5.977957517374597529e+01 8.046432798522539542e+01 8.856173108363225310e+01 6.846324651182605692e+01 5.406535862769942469e+01 4.390710760582786065e+01 6.088227459571532307e+01 6.922541518986088249e+01 8.060143742946027601e+01 6.665634649828875524e+01 6.985822531908625876e+01 5.770726122335043584e+01 4.055603645334750240e+01 6.023324056240804225e+01 6.159460563843855851e+01 4.710769526336701318e+01 6.609705892536150884e+01 7.476091251324446318e+01 5.598490402973136781e+01 7.486390921963327116e+01 7.939485326783662344e+01 7.367605751532032343e+01 9.320124753400314432e+01 9.647092719168095698e+01 7.747815939846165634e+01
7.066722334735403876e+01 8.058823366213509587e+01 8.883374331411376090e+01 6.906046438198008275e+01 8.547643491146382644e+01 9.367842946686829464e+01 1.025261717856605088e+02 1.139532131249750790e+02 1.046592341390527707e+02 8.443070168932916886e+01 7.237390833188553074e+01 8.267709690788971955e+01 6.663738829305764000e+01 8.737508206609675199e+01 9.241186722714857638e+01 7.248326237362951474e+01 5.809883151968878678e+01 4.637020881624108171e+01 6.667459553430234109e+01 7.923198329523161476e+01 9.203745234023580224e+01 8.432838374535720050e+01 7.858891992606386623e+01 6.360216077030423065e+01 4.473559597036006608e+01 4.141151473289605889e+01 4.201691570299841771e+01 4.262294928958274198e+01 6.212337774110342536e+01 6.352454435287651080e+01 5.029376301465939036e+01 6.775734371279507684e+01 5.993438801774973967e+01 7.939485326783662344e+01 8.663900420952685977e+01 7.850340942953457102e+01 6.866204953963833191e+01
7.475546421234274419e+01 8.295348113618167929e+01 8.184283350451126182e+01 6.207803271401832745e+01 6.570887449806801328e+01 7.454715390801742103e+01 8.596279257396483331e+01 1.057323932538599678e+02 1.127970623016520335e+02 1.012165440755532870e+02 8.443070168932916886e+01 9.515410087918442628e+01 7.456593083109441977e+01 9.515308030177948240e+01 9.001072988615575809e+01 7.386883426883538561e+01 5.352048808565163540e+01 6.667458397346953802e+01 5.052674417077604829e+01 6.398127631520174674e+01 8.507442301986209543e+01 8.297180271505578730e+01 6.311928461839711701e+01 5.168261679304514900e+01 6.364981338064214356e+01 5.530634206621855498e+01 6.157741848319762568e+01 5.697728502644621784e+01 4.348212731280170118e+01 4.409345737473971383e+01 4.470126144847546357e+01 4.579584190103645369e+01 6.899279704597296359e+01 8.177560994478314171e+01 7.361485037703828027e+01 5.887593512401513607e+01 6.311703502488354189e+01
5.495692996533571772e+01 6.628395405155583830e+01 6.934104520462054211e+01 5.582332964235989436e+01 7.559265470476586302e+01 8.566719514820826475e+01 9.265928145856931053e+01 9.265928145856931053e+01 1.124424076381822744e+02 1.127970623026043171e+02 1.046592341390529270e+02 1.033286097078715926e+02 8.665263847995774427e+01 9.578707483661878541e+01 7.593073407281623588e+01 6.155710579456905407e+01 7.386879614791669724e+01 7.406463264377241273e+01 5.365265281360952798e+01 6.815969263776737819e+01 8.832040467352058499e+01 9.115348258438764617e+01 7.854752014956565631e+01 5.864839732267145678e+01 7.854236739207840401e+01 7.482834350703976156e+01 6.864093614080096017e+01 4.925722728731858524e+01 6.226834959662312485e+01 6.352641187400006118e+01 6.409579470214264063e+01 4.553847721655598946e+01 6.490379208756704088e+01 6.989081723585758255e+01 5.408585583029151422e+01 5.836286876747858798e+01 7.800753021654692532e+01
4.343990631654978785e+01 4.643317840837961796e+01 4.952883015021118496e+01 5.422956299572106076e+01 5.994449366981544358e+01 6.589586872794107819e+01 7.288267487977789472e+01 8.686904954237328980e+01 1.066381378799350159e+02 1.072599377147024740e+02 1.154185728014980157e+02 1.148333280481988652e+02 1.067673144858461569e+02 9.600269875025752242e+01 7.594711838514318458e+01 7.177586420820621527e+01 9.009286370232868535e+01 7.737198888009871212e+01 5.698376963526298766e+01 6.886660815387203627e+01 8.314613739489155364e+01 1.031007583621030790e+02 8.675193928823473755e+01 7.018244138515267139e+01 8.674663369462366802e+01 7.534996581861591380e+01 5.580665728385212532e+01 6.035264917680147789e+01 7.634149251465362340e+01 7.443867475646642617e+01 5.670447542587918122e+01 4.612625517060713776e+01 6.547795964746794084e+01 5.049243755181361593e+01 6.989081723585758255e+01 7.800753021654692532e+01 6.505003963349432183e+01
4.814323044209675118e+01 6.628395405155583830e+01 6.355080788045292906e+01 7.400128470291789995e+01 6.821143032281887031e+01 8.566719514820826475e+01 9.265928145856931053e+01 1.008642065456253363e+02 1.040707732394249092e+02 8.762225417104063752e+01 1.040707732394249092e+02 1.086132482665150576e+02 1.167794511355606772e+02 1.042743270468525054e+02 9.600945184102266694e+01 8.341952603602690886e+01 8.474730202508951038e+01 6.454935254374545650e+01 7.737205461869891110e+01 6.409527441525860070e+01 8.430337642480917282e+01 1.001122503537630593e+02 9.818320190018474136e+01 8.997622840326518201e+01 8.339948215377293650e+01 6.368189813663934729e+01 6.700614164173177301e+01 7.997641549835061880e+01 8.815733042715166334e+01 8.232206561931170086e+01 6.849726008842092995e+01 5.302823411009018173e+01 4.696555076096917958e+01 6.562003931551210201e+01 7.500146473180946316e+01 8.659633800401989845e+01 8.477216257879993577e+01
6.218902738689143206e+01 5.663285010236687356e+01 7.641992994283347684e+01 9.152164870967145305e+01 8.218718764819874423e+01 9.618369238710428704e+01 1.066651104027393444e+02 1.148245986808914694e+02 9.592211583450860246e+01 7.615022903600771542e+01 9.592211583450860246e+01 8.894881653474824645e+01 1.014821889677433973e+02 1.096364987628110157e+02 1.116291398750241655e+02 1.033863935990898000e+02 9.031089405947405169e+01 7.025107770373591620e+01 9.031089405947405169e+01 8.430337642436508361e+01 7.183925264778179098e+01 9.187689235841413904e+01 1.062425205591403596e+02 8.647590207035734977e+01 7.503157342511232741e+01 7.349832259154241854e+01 8.674784160895057994e+01 9.492868331137420057e+01 1.014409194022817360e+02 9.381717527524942568e+01 8.488377265242839087e+01 7.230284487252012582e+01 6.629021404427734865e+01 4.781501453560077408e+01 5.884844577767066909e+01 7.843459107350277293e+01 9.282580053183957602e+01
8.196983141597293354e+01 6.549074168232210980e+01 7.062905878418078487e+01 9.040032963200853544e+01 1.019624560780524121e+02 1.034674782954435130e+02 8.700544878918286429e+01 1.034674782954435130e+02 8.893169821847210699e+01 6.904163893856114953e+01 8.327466784548299472e+01 7.748176050488778799e+01 8.177145273482550181e+01 9.573316436180643052e+01 1.153615621418130246e+02 1.044035468316331787e+02 8.447352615143080357e+01 8.188369335408179950e+01 8.665500099686012447e+01 9.789372823991102734e+01 7.793814119587861455e+01 9.789372823993520001e+01 1.144000908359695217e+02 1.030000885098181698e+02 9.483025805367292094e+01 8.751237574725287516e+01 1.014722796932711901e+02 1.039272958490749659e+02 9.381717671865399666e+01 7.474117329989294944e+01 7.731958891346452845e+01 6.910219817473367243e+01 4.842668820778342820e+01 4.842745581475823968e+01 6.773073837480366421e+01 6.501037933825888615e+01 8.466258553121065233e+01
9.346401650948538986e+01 7.690621571821202451e+01 9.040032963200849281e+01 9.860712182557654160e+01 1.092119941830856789e+02 8.955810285727430653e+01 7.552489665186949708e+01 8.541974521455472313e+01 8.008890538783654733e+01 6.265118071756462115e+01 6.329409825799360334e+01 6.912738090873801866e+01 7.914933828727062348e+01 9.313426965255845857e+01 1.127606771092223141e+02 1.126232598332033774e+02 1.044035468316331787e+02 9.599696061875857822e+01 1.007562760685823235e+02 1.049348525229564615e+02 8.501954561226031615e+01 1.049348525229614637e+02 1.228795589364014376e+02 1.130247532442193972e+02 1.048571154720637111e+02 1.072747520810974322e+02 1.037676166609664108e+02 8.422740370769793117e+01 8.422740370769793117e+01 7.670769745091234881e+01 6.101292617099271354e+01 5.229238680107529547e+01 6.909482128053488736e+01 6.772942985464706567e+01 4.927590558086915706e+01 6.861662638815177218e+01 7.638187238522026234e+01
8.225420015307147992e+01 9.667580896053470951e+01 1.048872093095647813e+02 1.011938816871294762e+02 9.293369871027381635e+01 9.938441286997135649e+01 7.963512473197758368e+01 6.547356840169904046e+01 6.005886379053117707e+01 5.653018336840901981e+01 7.661447798298146949e+01 8.901602479677461588e+01 9.717487133944709399e+01 1.070333627222290289e+02 1.119309036876249337e+02 1.119309036876240384e+02 1.201949826935364598e+02 1.158871571575237880e+02 1.206320406808738426e+02 1.131545743217998847e+02 9.652753813920361381e+01 1.131545743277183504e+02 1.147082717346782061e+02 9.500595920944918760e+01 8.509760302711387681e+01 9.497735924958874421e+01 9.561504834362798988e+01 7.589106925664778203e+01 6.451592083780835196e+01 5.727493063511191451e+01 5.532832240855533001e+01 7.171576880230260542e+01 7.183818303466448185e+01 6.844651056674562994e+01 6.861662637024112144e+01 5.012660338129791171e+01 5.205173032574646896e+01
7.343702159396805484e+01 8.348553535015570048e+01 9.485041814043395902e+01 8.658469534711618110e+01 7.294329127205176633e+01 8.966062644557922567e+01 9.358703239504571059e+01 8.541974521455472313e+01 7.300723176191529262e+01 5.286286167918150625e+01 6.301514398082449020e+01 7.462497333792011034e+01 9.443888047241776462e+01 1.060483555073959678e+02 9.190172831815650056e+01 9.190172831815650056e+01 1.119309036876228873e+02 1.163699382411002716e+02 1.079340668818888673e+02 1.163699382420586232e+02 1.164194575489055978e+02 1.246255325161646823e+02 1.228795589364716676e+02 1.130247532447804701e+02 9.497735924958874421e+01 7.520021709857910253e+01 8.775576713037693821e+01 7.994672037644647844e+01 6.026990805631891135e+01 7.554188128119692180e+01 7.486903297717539374e+01 7.579960285654247798e+01 9.148147409234285021e+01 8.731115099474698127e+01 7.766223908173043355e+01 6.950815521980781853e+01 5.097574217530220153e+01
5.506404647912899009e+01 7.514975172010625215e+01 8.658469534711618110e+01 6.653216435319079380e+01 6.129709811996028890e+01 8.069129113967798617e+01 8.645125833543060878e+01 6.649181890002542161e+01 6.649181890002540740e+01 5.005496886361386544e+01 6.439131006342158514e+01 8.436066967476952527e+01 1.025988614526649059e+02 9.776813796229924947e+01 7.767933809097655740e+01 9.776813796229924947e+01 1.112751380147587525e+02 1.062162138092827490e+02 8.765086864334588768e+01 1.062162138089997825e+02 1.226905294476134713e+02 1.249204669411993223e+02 1.228539463947364823e+02 1.031695947652453640e+02 8.919593024852649421e+01 8.775576713632717940e+01 6.800499568796857375e+01 6.361096234176333297e+01 7.994672048389136876e+01 7.076100479090038675e+01 8.974206265749724309e+01 9.771686475847668873e+01 1.015808236583518323e+02 8.092189054172978047e+01 6.669649055240995494e+01 7.070785341517603229e+01 5.157880309648625428e+01
7.343702159341226832e+01 8.348553535012185023e+01 8.657964494202489902e+01 6.653174740921708974e+01 5.221200990746629600e+01 7.240541470054962758e+01 7.120591825831715482e+01 6.294570387794122013e+01 4.627585288624907633e+01 6.062565751477343667e+01 7.023628221490335477e+01 9.012050851331183310e+01 9.237097993320158196e+01 8.407068480722891479e+01 7.130089231012659923e+01 8.293383710273334941e+01 1.030016709045810472e+02 9.779246774099348727e+01 7.757279699341530943e+01 9.779246774099347306e+01 1.023236522224766105e+02 1.045511205644243233e+02 1.249204669412651754e+02 1.171066916469937382e+02 1.074905242256612752e+02 8.775246139671398282e+01 8.622492811667899559e+01 6.650350036900573514e+01 8.622492811667899559e+01 9.029566887910965534e+01 8.478704780095064564e+01 1.045481327774759563e+02 1.008427107756664327e+02 8.084158793758405182e+01 7.616390846385088764e+01 5.719728978827811972e+01 5.218427148078870914e+01
8.225420590405498444e+01 9.275516881853305051e+01 7.276572160175832948e+01 5.850113479169979769e+01 4.678923907856521680e+01 6.044585529397585333e+01 5.950815717570268504e+01 4.275468872546676380e+01 6.294570387794122013e+01 7.472100898720034934e+01 8.872861626859882733e+01 8.600947363951590319e+01 7.769894011432110403e+01 6.392145890855032064e+01 8.407068480722891479e+01 9.970485036790246625e+01 9.432472622361078152e+01 8.592001800983187820e+01 7.084566987807123439e+01 9.105257746669339269e+01 8.800365690949820419e+01 1.082889724499962085e+02 1.243804988086313301e+02 1.192958012644275954e+02 1.076634173472728975e+02 9.078651424450860929e+01 7.099233781535335197e+01 8.548090771317190217e+01 8.035347752282874012e+01 9.985237990434302446e+01 1.045481327774759563e+02 1.126720146735351165e+02 1.090687245633145466e+02 1.008427107756658216e+02 8.468826409890569096e+01 7.607624764625474256e+01 7.167507592077978984e+01
9.488564599163710511e+01 8.441546527574338654e+01 7.608864989032619519e+01 7.529854896400399866e+01 6.044585529520549727e+01 4.030188538930214293e+01 3.940529440389435223e+01 5.908986542065832737e+01 6.064375266702531064e+01 6.220853647221288441e+01 7.061418530541162397e+01 7.769894004554093669e+01 5.750656249860707447e+01 7.769894004554093669e+01 9.237097993309926380e+01 8.955609872639753632e+01 8.115715760104288279e+01 6.571291179541084659e+01 8.592001737718669574e+01 7.722818277046997082e+01 8.394362257571033581e+01 9.559967744139173362e+01 1.159416694048182563e+02 1.108485702731493916e+02 9.080239620359280650e+01 7.936786703366774987e+01 9.078651424450292495e+01 7.661069603097644176e+01 8.887464983251267370e+01 9.949211476899078832e+01 1.182376377874264506e+02 1.146851056672108626e+02 1.032961050394983857e+02 9.445371822468240453e+01 8.623912709544630673e+01 8.241507579929320570e+01 7.493879034885729595e+01
