LEM/sinusoidal_perturbations/elevation_000103.asc
nrows	100
cellsize	150.0
xllcorner	0
ncols	100
yllcorner	0
NODATA_value	-9999
[rows 17 to 33 of 100, columns 0 to 36 of 100]
5.222468517465790779e-03 2.000522246851711117e+01 8.218973888713728471e+00 1.181108321621558233e+01 1.559074196034175230e+01 3.564187575526027274e+01 4.874475878469742440e+01 5.589490766216977846e+01 6.430369612007100955e+01 6.816804720171842291e+01 5.057793313579963268e+01 6.514171870070384784e+01 7.374924720351835106e+01 6.709163835492492467e+01 4.885574681657329421e+01 5.515812318951655158e+01 7.510286208122126084e+01 5.868226483813030114e+01 3.842120761233442749e+01 2.646089644069898839e+01 1.693316674065729899e+01 1.325580029172255614e+01 3.429564239469075915e+01 4.537485405889270140e+01 5.076123892093287537e+01 5.651614431501462121e+01 5.092358174128073500e+01 5.431127529395339337e+01 3.312034711753304350e+01 4.388145636724694043e+01 6.454960516333552789e+01 6.669984207388334596e+01 5.842958361533331413e+01 5.178819590475806223e+01 3.891030930781638375e+01 1.881310117739762688e+01 3.679413564410788950e+01
7.333276091007126865e-03 3.295313022198146147e+00 1.735975452357730120e+01 3.138868384774093911e+01 3.564040248800869648e+01 2.225813661543156385e+01 2.858607944460975858e+01 3.567123263115340848e+01 4.730761346372510445e+01 6.762536968701593310e+01 7.179769055828089108e+01 8.030343081067303501e+01 8.409418480256654505e+01 7.706517861340419984e+01 6.293155705212292617e+01 7.510286208122126084e+01 6.758256243385007167e+01 5.835453479796688470e+01 3.808089434192685729e+01 2.341301183748046100e+01 3.780608917016591164e+01 3.429565255715156979e+01 1.595313933850090926e+01 3.693971223728382114e+01 3.961819520703714659e+01 5.999540096556351898e+01 7.158412207670626515e+01 6.164376669542915010e+01 4.090434943307938909e+01 6.164376669542915010e+01 7.289360640167575411e+01 5.842958361533332834e+01 3.850642446959625431e+01 3.176327156654352990e+01 2.589806239546446420e+01 2.024560528083434008e+01 3.456766520241882290e+01
6.343274376862209282e-03 2.000634327437650839e+01 3.138055835166965224e+01 4.437956331225490914e+01 4.222625614630741353e+01 3.646301119033069682e+01 3.865709542239497409e+01 5.589490766216977846e+01 6.430369612007100955e+01 7.602925867818302663e+01 7.908188780123977324e+01 7.075820624941621872e+01 6.401867205556945351e+01 7.822182760954260061e+01 8.290060274151861108e+01 7.086484189460270500e+01 5.079012982851053692e+01 3.903930333658827578e+01 3.062102987033901513e+01 4.401903154742001334e+01 5.237691138604730412e+01 4.537571449663455070e+01 3.693971223728526354e+01 1.878441257880390225e+01 3.961820614617190728e+01 5.095438897908167064e+01 6.532511352579516029e+01 6.998557079542921144e+01 5.305013636553559309e+01 6.998557079579646256e+01 7.249701463905239507e+01 5.260266289755944769e+01 5.842752763619428436e+01 5.177038308240872766e+01 4.202124029150878215e+01 2.185894793880897424e+01 3.356058625902142012e+01
3.497053469895897767e-03 8.947773768004871897e+00 2.309360739277542152e+01 4.318834307030389397e+01 6.187955951540147481e+01 5.691431454710546234e+01 5.889066517007576351e+01 6.729164886761024889e+01 7.375513903919988934e+01 6.787313510092771196e+01 6.749754283686704071e+01 5.070615363414660948e+01 4.984803711200610365e+01 6.401867205556945351e+01 8.409418480256654505e+01 7.916762723954934700e+01 6.758256243385007167e+01 5.101364544800048151e+01 3.792089767218210739e+01 5.817430697977237486e+01 6.104327634545995096e+01 4.070498047241142103e+01 2.612612362974753211e+01 3.961820614617377601e+01 2.190527011807178326e+01 3.658366442908084792e+01 5.396501370460320146e+01 6.830038605787459005e+01 7.338288414935968262e+01 8.166929226735243219e+01 8.079702137574204812e+01 7.249701463904854393e+01 6.634213805266455211e+01 5.810398821042019790e+01 4.363130444291999765e+01 2.350285404945040213e+01 4.363618302356140788e+01
9.635555453094322986e-03 2.000963555545273920e+01 2.895569821544198419e+01 4.899289953436683476e+01 5.371219076787978963e+01 5.371219076787978963e+01 6.196745984201741919e+01 7.133851829555165125e+01 5.369680441121393955e+01 4.782477597484850662e+01 5.160861685294632650e+01 3.914611333836375451e+01 5.918114827418573043e+01 7.822182760954258640e+01 7.659672160026438803e+01 8.492348124257470943e+01 7.945219005822818303e+01 6.648383719895262800e+01 4.812504664264892540e+01 6.648383719895262800e+01 5.466375911417044620e+01 3.426301624258152145e+01 4.666192942266823707e+01 4.255293784677664348e+01 4.255293784677664348e+01 2.506545696349617458e+01 3.961808332984738712e+01 5.396405776787150899e+01 6.232927772815455114e+01 7.139202638283344982e+01 8.303554865459000212e+01 7.216438751990050093e+01 5.229233806555726005e+01 3.818299893263171185e+01 3.177868842220916790e+01 4.351016881038070494e+01 2.591538809585722802e+01
8.845047570523793118e-03 1.415098067130159976e+01 3.415098067130230675e+01 4.792254866059310814e+01 3.387763747916883261e+01 3.387763747916883261e+01 5.371219076787978963e+01 5.715888938045119261e+01 4.297926046535077660e+01 3.367122094466941462e+01 3.158651107264599389e+01 5.160861685294632650e+01 6.749754283686692702e+01 6.241051063668139420e+01 5.653438965687935536e+01 7.659672160026438803e+01 8.524549430070683798e+01 7.652459316227947284e+01 6.236394830646139553e+01 7.119471611155383073e+01 5.094851130981367504e+01 4.152541346587276649e+01 6.184935895048960930e+01 6.288551132415342693e+01 5.396765102754461907e+01 4.557723444255660894e+01 2.825090409183803430e+01 3.355627048859818728e+01 4.273309877301569060e+01 5.451486028026110375e+01 7.471024907254953007e+01 7.216438752345035823e+01 5.229233806555768638e+01 5.811269945249510727e+01 5.180943847711989747e+01 4.779074529416103445e+01 2.767948678916908989e+01
8.023991185656003874e-03 2.000802399118530062e+01 3.890271827947468353e+01 3.064717455000787893e+01 1.970341562272433222e+01 3.804089365430544945e+01 5.204467482364183439e+01 4.418051188570330368e+01 2.883071306634803577e+01 2.472904345088785050e+01 4.461713959219588332e+01 4.763433020091025583e+01 5.083993055735368216e+01 4.236967806624148380e+01 6.015867280364444269e+01 6.517033927856709852e+01 6.517033927856709852e+01 7.953941270493459115e+01 8.236993900222600473e+01 7.952841760800461657e+01 6.184935895048961640e+01 5.330687771041562684e+01 7.019526352914883205e+01 6.651631519733557241e+01 4.622941721265971182e+01 3.175213097655279526e+01 4.869491757502625262e+01 5.396424652181665493e+01 4.538874705895127448e+01 5.714959842776666932e+01 7.732942486255694803e+01 8.044656090275572069e+01 7.216438752345035823e+01 7.511798841141053629e+01 6.105636696463732704e+01 4.959194236811313061e+01 2.947820379144091163e+01
4.598823041778624977e-03 2.000459882304142312e+01 2.304603297493624936e+01 1.063856350497688474e+01 3.010624979279877778e+01 4.646502399325046184e+01 4.279334031733897348e+01 2.559054562128834931e+01 1.883367080139773364e+01 2.168953254026716948e+01 2.460622868675278596e+01 2.762055186073083490e+01 3.082096274769939370e+01 3.540513802631803486e+01 4.011835515359436499e+01 4.512367337887635443e+01 5.116550672315199222e+01 6.533624880445560734e+01 8.540995087676066078e+01 9.034405955321960846e+01 8.184652625992583808e+01 7.351860533578262391e+01 7.533615396203705927e+01 6.771491417325960072e+01 5.468364075876804264e+01 3.427327935106227841e+01 5.468365270244924403e+01 6.753197365288095000e+01 6.567859663823068672e+01 7.401651508512098587e+01 8.565296628658697387e+01 8.042172599185875015e+01 7.150355333092232968e+01 6.320166658817075245e+01 4.699474547811356473e+01 3.291686686801929085e+01 3.237659432195240328e+01
7.340434288523949372e-03 1.523536521446332337e+00 3.044108363985746468e+00 2.304461759883252725e+01 2.343940049459789066e+01 3.502794029835955314e+01 3.563146903555377776e+01 1.561261264729671261e+01 3.563174278468505207e+01 4.169824824310826727e+01 4.461713959219588332e+01 3.916664073956916070e+01 5.083993055735368216e+01 3.934695703052652505e+01 5.938357180303337657e+01 6.517033927856709852e+01 7.121570001791531013e+01 6.273430298682445994e+01 7.691358003128286214e+01 9.701620929165662233e+01 8.694659333804524692e+01 6.683672244060070966e+01 5.517226240372944090e+01 4.746116743024388995e+01 4.061409482248227221e+01 5.468365270242970411e+01 3.880880470156751016e+01 5.063475784110863032e+01 6.496617731526541206e+01 8.509514511272642778e+01 8.369009200988425334e+01 6.359126936969710897e+01 5.221998780790186601e+01 4.350582488451478724e+01 3.647256805638048149e+01 5.279757391059727922e+01 5.244490624276016177e+01
3.515918393995972821e-03 1.995077037754560223e+01 2.303972693275735750e+01 5.315940485611270638e+00 6.943481168359821432e+00 2.694407133053536896e+01 3.096844599619509708e+01 1.343197666583937178e+01 3.344378490927496017e+01 4.596758328748730094e+01 5.753619928519490401e+01 5.920140911645997051e+01 6.751788186565543981e+01 5.350896047301602465e+01 5.005009006375449587e+01 6.006847278601302520e+01 8.013453256911401468e+01 8.280150382196715952e+01 8.280150382196715952e+01 1.029130184866288573e+02 9.526316653154626124e+01 8.365811932745120316e+01 7.533615396203705927e+01 6.707290846680548668e+01 4.681085054396564260e+01 6.257231591186521058e+01 4.224073029728840112e+01 6.257231591191864339e+01 7.686648691190923444e+01 8.848131052826578014e+01 9.203302348767546448e+01 7.522306145179150860e+01 5.527699751407634920e+01 4.658463072397535853e+01 3.915933622364476463e+01 5.885238854915735374e+01 6.486576619818394818e+01
4.608085242692564441e-03 2.000445994175838749e+01 3.353539328616648874e+01 1.945800697381206490e+01 2.694407103760434907e+01 9.284034946580343117e+00 1.096200199028228006e+01 3.096844576874749677e+01 1.764574237516865551e+01 2.919899306061158839e+01 4.922742696573094179e+01 6.467690784158111228e+01 7.138618039092791889e+01 7.356613814963199616e+01 7.010150267756348796e+01 7.842471729894523946e+01 8.013453256911401468e+01 1.002399707667216973e+02 9.742098985700428670e+01 9.576054855277844524e+01 8.726442796983697292e+01 9.576054855277844524e+01 8.131418952933711353e+01 6.117397678018684815e+01 5.592860143174409870e+01 6.896962671552509505e+01 4.873955364400283941e+01 4.830387294052856362e+01 6.003091921603847680e+01 8.016235960815302519e+01 9.167605703575729592e+01 7.152533507526682399e+01 7.461750384256141899e+01 6.168677551761889077e+01 4.204956847052180535e+01 6.168677651107368121e+01 7.637624452369355765e+01
1.610643649003322799e-03 1.414374778790011078e+01 3.414408474881902578e+01 3.951408309501029947e+01 2.927851929894433525e+01 2.928755525834566598e+01 1.803021982682852808e+01 3.798453282714007884e+01 3.766400525916364472e+01 2.217415395341531337e+01 3.633106651760977712e+01 5.206848500067316365e+01 5.137800885672039186e+01 6.327022349629107367e+01 7.033887228866873897e+01 7.864914253578636760e+01 9.021889448633928055e+01 9.146484415339419627e+01 7.700329028152546584e+01 8.558057232073875298e+01 6.696722764880588841e+01 8.558057232073875298e+01 8.963340732974722869e+01 8.131418952933711353e+01 6.603334661396860383e+01 7.609243881618823480e+01 5.594608386981442294e+01 6.853946707859073229e+01 5.530064857628857311e+01 6.956333420980028848e+01 8.966498177172215378e+01 9.167605703575729592e+01 7.273057552033105821e+01 5.284747550793984061e+01 4.498139697160247863e+01 5.617749512062011519e+01 7.613690404856525618e+01
2.022278438842990342e-03 2.000202227843848846e+01 3.538375753243902722e+01 4.439487057237410284e+01 4.924625272946592247e+01 4.621055533780309332e+01 2.803026057344995081e+01 4.621055533780309332e+01 4.959961021097468858e+01 3.295670994577338320e+01 2.717791238657623154e+01 3.203726536754784604e+01 3.721578850497287050e+01 4.326448578585060289e+01 5.034571430900348332e+01 6.187890575691420025e+01 8.189540148621152582e+01 8.131081795746946739e+01 6.274492103545708233e+01 7.636612330566646278e+01 5.695728127256401763e+01 7.711582780932144487e+01 8.856221832678529893e+01 9.446120663698167164e+01 8.025920741261009539e+01 8.441295570241744883e+01 6.497852350400903276e+01 8.215387586091064520e+01 6.204515968117419789e+01 6.806226098942727276e+01 8.816516042665917041e+01 8.698161942816733472e+01 6.682759985573085260e+01 6.794417351904728264e+01 4.823866985673937791e+01 6.794417351904728264e+01 8.448906466927873282e+01
6.642187732006160465e-03 7.077710048601633552e+00 1.602199408805298120e+01 3.016817070618119700e+01 5.026399708882371442e+01 5.615368871090745273e+01 4.793880523532316573e+01 5.615368871090745273e+01 6.055249769219604872e+01 5.128837179140403180e+01 3.385334616676968267e+01 3.985208486439815800e+01 5.723826661994609566e+01 6.327022349629107367e+01 7.033887228866873897e+01 7.864914253578636760e+01 7.683372292029497430e+01 7.286420853320530000e+01 5.274220958933098302e+01 5.620286648674988328e+01 4.989816650883607707e+01 5.988912668685154017e+01 7.411740503964442439e+01 9.450326088611944897e+01 1.003523003379334426e+02 9.340090207764428953e+01 7.659023417187825089e+01 8.975028220015605029e+01 6.965208016871838481e+01 8.816516042665917041e+01 8.816516042665917041e+01 9.533505043370153942e+01 8.698161942816733472e+01 7.145309116222351520e+01 5.160366541981203170e+01 7.145309116222351520e+01 8.930245660227062388e+01
1.591255364720534126e-03 2.000159125536436378e+01 3.538377984439515700e+01 4.427375125653841081e+01 5.331671861906596632e+01 4.522035105321107551e+01 5.189702005233110782e+01 6.026187379090166019e+01 7.032197496672982595e+01 6.077471549053618105e+01 4.091827308557621734e+01 5.987174616695665463e+01 5.619749336956942898e+01 7.622029630132367117e+01 6.985287097443897153e+01 6.144841152562242570e+01 5.664666214532842048e+01 7.096758482423881276e+01 6.210854767820461575e+01 4.206054391932153891e+01 5.359968872140275664e+01 6.778567925230309754e+01 8.808722785831187707e+01 8.751440187271177251e+01 9.600723136559309978e+01 1.049985500864971044e+02 9.668619166436793932e+01 9.806593825970621481e+01 8.125713416442528114e+01 9.806593825970621481e+01 1.082504143215875700e+02 1.012735280543014369e+02 9.223012350995669806e+01 7.593643697421822480e+01 5.588633517181440169e+01 6.080494960411566296e+01 7.502691791032418678e+01
6.189296070378335485e-03 1.417881088234494058e+01 3.450871116293347285e+01 4.500577024511072466e+01 3.704023452561779806e+01 2.520042665708303886e+01 3.186701305497108194e+01 4.186771192332651026e+01 6.192632818133571959e+01 6.904249119558951975e+01 5.084614642934322148e+01 6.904249119558951975e+01 7.622029630132367117e+01 7.247948486028033699e+01 5.822965649858038262e+01 4.138192633766587392e+01 4.248471119559822284e+01 6.255931535409119704e+01 5.825030755590265130e+01 3.821010123719448615e+01 5.825030755590265130e+01 7.460751815543129339e+01 8.424863552543304479e+01 6.720467309771575515e+01 8.424863619174635687e+01 9.886538386787195520e+01 9.886538391448321761e+01 1.073788177214139381e+02 1.013521381750660026e+02 1.096622977227309406e+02 1.045815614241757174e+02 8.439074791526084596e+01 7.267792238474959277e+01 6.364361008749851578e+01 6.475430633545046533e+01 8.094819836531819135e+01 7.502691791032418678e+01
2.247884206357958405e-03 1.999205898018376715e+01 2.637494050211274299e+01 2.996393563206067512e+01 1.703550700866529510e+01 3.704605374238395399e+01 5.189702005233110782e+01 6.026187379090166019e+01 7.032197496672982595e+01 7.899440260620808374e+01 7.070328455172914062e+01 7.899440260620808374e+01 6.571308661514554217e+01 5.730838878423178784e+01 4.397982813828264170e+01 2.983130268536532270e+01 4.986302090066604364e+01 5.809762957837908459e+01 4.973222319428919747e+01 3.455623141434995205e+01 4.610302491149275994e+01 6.618693286687508248e+01 6.500498279418386005e+01 5.561432171249904144e+01 7.578857449582052652e+01 7.841191940149781203e+01 7.841191940150031314e+01 9.886538391448321761e+01 1.079095782309372282e+02 1.125334741104951206e+02 1.129234615973775675e+02 9.816932390275458431e+01 7.794676933893539683e+01 7.794676933893539683e+01 7.906141212616583402e+01 8.498296829447731682e+01 9.524343394637963911e+01
