LEM/sinusoidal_perturbations/elevation_000430.asc
nrows	100
cellsize	150.0
xllcorner	0
ncols	100
yllcorner	0
NODATA_value	-9999
[rows 0 to 16 of 100, columns 0 to 36 of 100]
8.271705653423140972e-03 2.000827170565306901e+01 2.817277888115202344e+01 4.817277905529149962e+01 5.813696778300988655e+01 5.624607343043720675e+01 5.047137393803448191e+01 5.624607343043720675e+01 5.874228556720363770e+01 5.047697469586824326e+01 4.325728412999095696e+01 4.641003105969544862e+01 4.969072289505511719e+01 5.311378222683977413e+01 5.669773642082115828e+01 6.046691306828019208e+01 4.625984879643112890e+01 5.058377681114697566e+01 6.400782988068057477e+01 7.899707425599061139e+01 8.761952906369131711e+01 9.373568140666282034e+01 1.009108805857597559e+02 1.092094515890017448e+02 1.208103096497984694e+02 1.136172375386610014e+02 1.054173036978483680e+02 1.056606872295996737e+02 1.056606872295996737e+02 1.138592736254859119e+02 1.116912518127973328e+02 1.034996141447556397e+02 1.065694377429760493e+02 1.147734705851304540e+02 1.182243476946943161e+02 1.156474953815291826e+02 1.238894119022128564e+02
7.813061968023241044e-03 8.172778871245355958e+00 2.231491449498309976e+01 4.231491452878339032e+01 3.820746869233314413e+01 3.669131672819644763e+01 3.098343014160434450e+01 3.669131672819644763e+01 4.719313861082725481e+01 3.043782629673698636e+01 2.318935176510924023e+01 2.630451686924756061e+01 2.955569300692366497e+01 3.295895391693053256e+01 3.652933059608229627e+01 4.028597170562044028e+01 5.457811487008412854e+01 7.081719303973176238e+01 5.718629803384186516e+01 6.210284992659239833e+01 6.743652149465688694e+01 7.345069892437325620e+01 8.061635260214556808e+01 9.239412682239320418e+01 1.125449825842950560e+02 1.023347722094264185e+02 8.598094194718468941e+01 8.622242718959709862e+01 8.622242718959711283e+01 1.056606872295996737e+02 1.004259151398259888e+02 8.409692518335475597e+01 8.710655073392571524e+01 1.034784978534754885e+02 9.854054076392692707e+01 9.600309292361404800e+01 1.125048698556183666e+02
2.526786264046545528e-03 2.000252678626369018e+01 3.645704654540953982e+01 3.872669414497458007e+01 2.408347423149685085e+01 2.775907936840877355e+01 1.747087038654765578e+01 3.669131670807330892e+01 3.497520158366716458e+01 1.890016845694057679e+01 3.891257423836206897e+01 4.641003105973489085e+01 4.969072289506338791e+01 5.311378222683977413e+01 5.669773642082115828e+01 6.046691306828019208e+01 6.877485069343643431e+01 8.297158651672432939e+01 7.669260731106378159e+01 8.222539339526336732e+01 8.761952906369131711e+01 9.373568140666282034e+01 1.009108805857597559e+02 1.092094515890017448e+02 1.079732441696537819e+02 8.848887585531801392e+01 7.490554376133034964e+01 7.264421506229243164e+01 9.191576174084636364e+01 1.038962996808272123e+02 9.175494807571863021e+01 7.300590970094322074e+01 7.601325134397536942e+01 9.479322430914551489e+01 8.490744965852006487e+01 8.490744965852006487e+01 1.043057943343848279e+02
4.163169627051843593e-04 2.000041629297616907e+01 2.318175754357778473e+01 1.863393242594618471e+01 2.562022604842149676e+01 7.758906292088068923e+00 1.983823465973950562e+01 3.026195573834133157e+01 1.500099792498407147e+01 3.497520158366716458e+01 3.523421007826789264e+01 5.527941783828015332e+01 5.702633597064712490e+01 5.656797336580362412e+01 6.485613517655814064e+01 6.434044612924365936e+01 6.704231149270857770e+01 7.017646506236849291e+01 5.998364359789827915e+01 6.597080453133607136e+01 7.422927566067610883e+01 8.832032421926137999e+01 9.200567974260543735e+01 1.002646354854737467e+02 1.137661682396769862e+02 9.419571490951069848e+01 8.510224109170103191e+01 6.574086736626448157e+01 7.882058196527857774e+01 8.689404283127494466e+01 7.633777851999104769e+01 6.427073250208427169e+01 6.732042577293977104e+01 8.524785386573634582e+01 7.385732724561044904e+01 8.740916848888605273e+01 1.068598964645405687e+02
5.883922493566802643e-03 2.000587677847030932e+01 3.161364033130046991e+00 4.483001234040220773e+00 5.816334567373548481e+00 2.581642025884423219e+01 9.768901342818287148e+00 1.119728115792469225e+01 3.115468078981352207e+01 4.185688562653660227e+01 5.527941783828015332e+01 5.116684619711708848e+01 3.701793300459920744e+01 3.656467081516971263e+01 4.759480896230463998e+01 4.436087823394154839e+01 4.707397733472340207e+01 5.653853105248447974e+01 4.203844871574720798e+01 4.609882495289728155e+01 6.013822710203555033e+01 7.791428854611082500e+01 7.207744319981792103e+01 9.200567974260543735e+01 1.036706460100709535e+02 9.863993063492122815e+01 7.929285013877196775e+01 6.812945105974908699e+01 5.928406652600928339e+01 7.350341594547700197e+01 7.177640840589505444e+01 5.671858068060954139e+01 6.122283821478548305e+01 6.591472266509563838e+01 7.958500929906574584e+01 9.891917002020305461e+01 9.291315373036805170e+01
1.256007409845548732e-03 1.300395612333108630e+00 2.125676527727653919e+01 2.447857511210001036e+01 1.214082489777352869e+01 3.204513448582644486e+01 3.376885587366662378e+01 2.529833600929613269e+01 1.361968056934563620e+01 3.357123893145985960e+01 3.786327884221489626e+01 3.991952607622028637e+01 2.288457384283504936e+01 2.501340016660498833e+01 2.758886637918220330e+01 3.021891363848912704e+01 3.294937881479190622e+01 3.660786002255100158e+01 5.653146652758233159e+01 6.596786984872336745e+01 5.271076670275991916e+01 5.801000808788663221e+01 6.551919040653663728e+01 7.547973578580783283e+01 9.541198973745605372e+01 1.068032736922305048e+02 9.557219555881877682e+01 8.472344537564799793e+01 6.528978434017034260e+01 5.378639810644891384e+01 5.199977773947470183e+01 7.177640840589505444e+01 8.069098787120815075e+01 8.524770082220251766e+01 9.333299273003748908e+01 8.725533144520758810e+01 7.345509986291743587e+01
9.594114293757748102e-03 2.000959410426410656e+01 1.544667530296330682e+01 3.545516336112714839e+01 1.921060446482588091e+01 3.905990845415102086e+01 5.358081557895147995e+01 4.185092946470963682e+01 2.771347516162625979e+01 1.609070331856633018e+01 1.790442215462866571e+01 1.994785139070907931e+01 3.991952607491555227e+01 4.501906125357940880e+01 3.104375680861655695e+01 5.021275818527188761e+01 5.292256700059829910e+01 3.927613239699999070e+01 5.918499798488393537e+01 7.423169950658808602e+01 6.417442678566892766e+01 7.791428854611082500e+01 8.544586276163202854e+01 9.370365411637212105e+01 1.036706460100709535e+02 9.835416240763836981e+01 9.023002715728263468e+01 9.281943200553588724e+01 8.158050039450225199e+01 6.864944901136830424e+01 4.878363143347664277e+01 6.544772659461190756e+01 7.352637373645728758e+01 8.462143111656865813e+01 9.291337612715815908e+01 7.345510056258260079e+01 5.957279584118660409e+01
7.711341127313004785e-03 2.000771134112695648e+01 3.546826601507377319e+01 4.373371495226619032e+01 3.328684117277971666e+01 3.328684117277971666e+01 5.303668856734557835e+01 5.596051114317683073e+01 4.269504964319825291e+01 2.271392131191270636e+01 3.777882263451915179e+01 2.375988793678224908e+01 4.378049480756611445e+01 5.933866843180913975e+01 5.105167318956569034e+01 3.754176770986138223e+01 5.753993223701819204e+01 5.918360176988237953e+01 4.611777848287668036e+01 6.601542793691724853e+01 8.204804801562590910e+01 8.401220185935808615e+01 1.037302732465582977e+02 1.033290311451591492e+02 9.360384654077384425e+01 8.550185233956345598e+01 7.083319345279005574e+01 8.514284419919198399e+01 8.811364428462893272e+01 6.864321237558985445e+01 6.544522195587403246e+01 4.551533661823355459e+01 5.714297080851367383e+01 7.667483943863179263e+01 8.823645627030386152e+01 8.083390827476685558e+01 6.784887043244745541e+01
2.297228869525369630e-04 1.000022964655076940e+01 2.414233279974665081e+01 4.414046524130043991e+01 5.303668856734557835e+01 5.303668856734557835e+01 6.124635076146526558e+01 5.534269214077509957e+01 3.534845361896059046e+01 3.684158958785430116e+01 4.950376355307462006e+01 2.951997601841639352e+01 3.317941423732325035e+01 5.321866795644888981e+01 6.582793940558437384e+01 5.753993223701819204e+01 4.484563672626092057e+01 6.483937403145384337e+01 6.601541500352422531e+01 5.393395301349789861e+01 7.382503248359280690e+01 9.206421568115102616e+01 1.020420218248564197e+02 9.518164946217531508e+01 7.582205521695154005e+01 6.609007684849333941e+01 5.947349088855778376e+01 6.565101612486562033e+01 7.945105370335546979e+01 6.835791246639136887e+01 6.024710149366869416e+01 4.331177323907418497e+01 5.755672220104722925e+01 7.766487588103002793e+01 6.868978873543871089e+01 6.691493932242727283e+01 5.299406863532156109e+01
9.647730019007896146e-03 2.000964773001865282e+01 3.827952878448538598e+01 4.427372579494727489e+01 5.255799704240887849e+01 5.203283382982854732e+01 6.031710507729015092e+01 6.362171389860999682e+01 4.949164051562191702e+01 5.683398072179828375e+01 5.587513170781279115e+01 3.585230230978226729e+01 5.321411414277620366e+01 4.474223024578730445e+01 6.479769720280900458e+01 7.313120833193805481e+01 5.378500270183222653e+01 5.553069573924936719e+01 7.553293493135949177e+01 6.800103798438362901e+01 6.388955416246663077e+01 7.382052428254080212e+01 9.370049732689730604e+01 1.033290311451591492e+02 9.360384654077384425e+01 8.550185233956345598e+01 7.136007290711891926e+01 5.159262025408533248e+01 6.477092204982875501e+01 6.026395610812877379e+01 4.027008305839701308e+01 6.026395615190873656e+01 7.143062792295187080e+01 7.537886241343750271e+01 6.868881062420696537e+01 4.887601933677395039e+01 3.879965666350179987e+01
3.582433992925927561e-03 2.000358243399256963e+01 2.825458445615577929e+01 2.427372579494798543e+01 3.789069820609809369e+01 3.203283382982925787e+01 5.203283382982854732e+01 6.219030917542389147e+01 6.946838032836498655e+01 7.001974801657755165e+01 5.001623979815868637e+01 4.741765682295712736e+01 6.413583970905692411e+01 5.630685992438285581e+01 7.315757652764408192e+01 8.207835049896168300e+01 6.532916383556450057e+01 6.552831278640869073e+01 8.382525255355150762e+01 8.788539899077005657e+01 8.376051080471904697e+01 9.206421568115102616e+01 1.020420218248564197e+02 1.016821653618000028e+02 9.354454429038429453e+01 8.988386537171162161e+01 7.041869144661164626e+01 5.646288706671078472e+01 4.484864169533180700e+01 5.819066274192023513e+01 3.817377358825609690e+01 5.819067199898456977e+01 6.626698342455512147e+01 5.559680892568818678e+01 6.833750211713251588e+01 5.358644591448157257e+01 3.639414088454570617e+01
1.813270376062421294e-03 4.084296175014674901e+00 8.254584456156134564e+00 1.272672041115567509e+01 1.789069820609880779e+01 2.496176601796415895e+01 3.390603792796299842e+01 4.804817355169345205e+01 6.804817355169203097e+01 7.825543961995514053e+01 7.001974801657755165e+01 6.742825725239435997e+01 7.566967978577170584e+01 7.639639662453896563e+01 8.478285134394322142e+01 9.363358001803153741e+01 8.533841645711103752e+01 7.967418714733754825e+01 9.383218119703379045e+01 9.540377041951050785e+01 8.683864516211788498e+01 8.952508133224969811e+01 9.808825848514209156e+01 9.354454429038429453e+01 7.416381935286308646e+01 7.984030226275181974e+01 7.333401085155166754e+01 6.855250865741207633e+01 5.889616224217045470e+01 3.888699713772606259e+01 3.610370942432545149e+01 5.383319945627115999e+01 4.641259684934001228e+01 4.092183126638364143e+01 5.873126909336311030e+01 5.122152578915656562e+01 3.401956643814365577e+01
2.372884694381488524e-03 2.000237288469402586e+01 2.825458445615577929e+01 3.272672041115496455e+01 3.789069820609809369e+01 4.496176601796344841e+01 5.324603726542505200e+01 6.219030917542389147e+01 7.145272151218132706e+01 7.154105947795649456e+01 6.325475662691000167e+01 6.585021141482197038e+01 7.413669695627118017e+01 8.860333125137685784e+01 8.031573004331349352e+01 8.141825642078013914e+01 8.970586922385855644e+01 9.969304410062713373e+01 9.080578940196265592e+01 8.225365510391091561e+01 6.630272975813352332e+01 6.895838215242538638e+01 8.952508133224969811e+01 9.101929547136634824e+01 7.165671125657864593e+01 6.032142802915134894e+01 5.361937225599138657e+01 4.870530734586974830e+01 4.438871653598279465e+01 5.889616223387392324e+01 5.383319901944121710e+01 3.375797887555690124e+01 3.214130861285193674e+01 3.055501223589773829e+01 4.831862223825434199e+01 3.114571878082358936e+01 4.540338544590282766e+01
8.175220331382775790e-03 1.415031084406220785e+01 3.415031084388054694e+01 4.034539947869109966e+01 3.913365702227567056e+01 4.724467141416061366e+01 6.112010288083457255e+01 6.559478188526398412e+01 5.146582534473814263e+01 5.999591491079985417e+01 4.326134628175741881e+01 4.585513286532864896e+01 6.585021141482197038e+01 7.705250220699818442e+01 6.030969398652935354e+01 6.141208042990503913e+01 7.555808217730584886e+01 9.556596855724514228e+01 8.225365510391091561e+01 6.176660104370798621e+01 5.457481993499063577e+01 6.776712025140606954e+01 8.830317147316031878e+01 9.914506631938655801e+01 8.708430264454399605e+01 6.763845350430682402e+01 6.763845350430682402e+01 6.028429455944720416e+01 5.857120873339463429e+01 6.432106590787302025e+01 6.177849482902490763e+01 4.541241934241327982e+01 5.212052587734896036e+01 4.844684566918736124e+01 2.836928505492143771e+01 4.186039954314562550e+01 5.766593533328537546e+01
9.124702163186202558e-03 2.000912470216283268e+01 2.379037822096237420e+01 1.992754238787278709e+01 1.927491427033695359e+01 3.595918853595404130e+01 4.112101983061170074e+01 5.124409177432072937e+01 3.733515109643147412e+01 4.318990947429409744e+01 3.172652371118946846e+01 4.585513286532864896e+01 6.585021141482197038e+01 6.023694895542883643e+01 4.876462498915669386e+01 6.876523974051181654e+01 7.446457856579201007e+01 9.447227878515067800e+01 8.582560968481375596e+01 6.776712025140606954e+01 4.734765532051995507e+01 6.776712025140606954e+01 7.932462640139347343e+01 9.079104070634863888e+01 9.519602900514769317e+01 8.708430264454399605e+01 8.708430264454399605e+01 7.415682567716061158e+01 7.820244934853080565e+01 8.391467945341882739e+01 7.280393169768042583e+01 6.493124790546838199e+01 6.176910537149660740e+01 4.143826753393696549e+01 2.717591183902994345e+01 4.541470610709773581e+01 6.528887541442604459e+01
2.239863785106879172e-03 1.892062228831244974e+00 3.790378220336247050e+00 5.742178366233321896e+00 7.732252746653291986e+00 2.773200158289594697e+01 2.697931925490811622e+01 3.125532788421098118e+01 3.955202426627884904e+01 2.320319901927200590e+01 4.318990947429409744e+01 5.062032918662387004e+01 5.420950230066979714e+01 4.024616995771038575e+01 4.690406567076220057e+01 5.445955558617126258e+01 6.860457967763163367e+01 8.861186735708008655e+01 7.698385220293405951e+01 5.682094346216123881e+01 4.235585908537360211e+01 4.975420669023864662e+01 6.039385796450453370e+01 7.696449219266098396e+01 1.006222912927428439e+02 9.657239617192034586e+01 9.582293484390565652e+01 9.358671245404919148e+01 9.158423830352074901e+01 8.013649195782967638e+01 7.192184335553476160e+01 6.582894362894454332e+01 4.471262852773515561e+01 4.440364103680243346e+01 2.600196445593758909e+01 4.392347466959697044e+01 5.749378219120548295e+01
1.766589122093755728e-03 2.000176657605884500e+01 1.379037822033633454e+01 2.574217836692749728e+01 2.773200158289594697e+01 1.064955257660975363e+01 3.064925852033808340e+01 1.711275070685638866e+01 1.957861477977093401e+01 3.957079958619619475e+01 2.751635863936251170e+01 3.063796262956943650e+01 3.422583271460210597e+01 5.420950230066979714e+01 6.690339059776211172e+01 7.446457856579199586e+01 8.275207646127087457e+01 8.296398264559628899e+01 6.245392523063378576e+01 4.801870362370605960e+01 3.774969786262823135e+01 5.823994279432847776e+01 7.576524193530147500e+01 8.468588494791561061e+01 9.657239617192034586e+01 7.801327466969375735e+01 7.643708554027904256e+01 9.022068807799368528e+01 8.336741819424494793e+01 6.354310105176696055e+01 5.197983958307057861e+01 6.040832210932199331e+01 4.471262847191949419e+01 2.439475358294704677e+01 4.205161639936901707e+01 4.721625835778166902e+01 3.732502662052358744e+01
