LEM/sinusoidal_perturbations/elevation_000007.asc
nrows	100
cellsize	150.0
xllcorner	0
ncols	100
yllcorner	0
NODATA_value	-9999
[rows 34 to 50 of 100, columns 37 to 73 of 100]
2.585771616988147414e+01 4.495353092211172452e+01 5.498408715223658305e+01 6.595773207704148433e+01 5.410886646886923756e+01 6.974604243929462655e+01 6.220937509282993005e+01 6.291189355091797353e+01 7.639695490188850613e+01 8.072327739721697526e+01 6.247196007324285461e+01 8.219372554015915000e+01 8.737479247336082722e+01 7.660798450660772119e+01 6.045937843974503778e+01 4.152435225117712747e+01 3.472973355281544627e+01 3.501857601733451730e+01 5.316344896904904971e+01 4.971937872835334105e+01 7.019071570402525140e+01 5.663686266915983936e+01 6.231191598458978120e+01 4.905347060023508732e+01 6.844361928707394327e+01 7.550781229889520318e+01 9.493752053969581084e+01 9.567930523092415740e+01 8.592741045374548037e+01 6.867206790534407901e+01 4.845793312454424040e+01 6.541286057059664927e+01 6.554446128194358323e+01 7.519539193787990428e+01 7.177964263862891414e+01 7.721084777667623200e+01 8.255349685660836201e+01
2.558657125153268197e+01 4.415299190051261746e+01 5.447714176600155156e+01 5.966540167206972001e+01 4.361948278205613860e+01 5.751573918815329733e+01 4.863993669242919538e+01 6.093977972940061960e+01 7.924333146140132556e+01 9.187791512177416564e+01 8.824479835241928072e+01 9.474481041142729509e+01 8.649714138079276893e+01 6.850207905772826678e+01 4.924774380334685020e+01 6.045645261200798615e+01 5.578262781134080939e+01 5.113747371200605585e+01 3.545417266698941461e+01 5.334646834385277003e+01 6.270506301441491104e+01 5.711778309343540627e+01 4.300137156445368447e+01 6.231191598458978120e+01 7.650412569562296028e+01 7.975191575709956737e+01 8.812989886581240739e+01 9.265072570100372218e+01 7.364929298384035405e+01 7.137901965195577247e+01 6.326236629213116203e+01 4.494124961367084126e+01 4.610628894928487398e+01 6.652172433925875339e+01 5.848199745440966524e+01 7.618976730642205553e+01 7.059454162719447368e+01
2.531843132641176908e+01 3.655763354854677516e+01 5.271957095453895192e+01 5.016473717342883987e+01 3.657133383087102629e+01 3.962918846964387853e+01 4.321504222488764668e+01 6.149356093051877536e+01 7.542872984888644794e+01 8.375089106739112310e+01 9.452166168999308127e+01 8.845996606552644437e+01 6.977551316842297524e+01 5.928705084325255825e+01 6.850207905772826678e+01 7.321709574471827864e+01 5.960108096933554833e+01 4.041553178871181018e+01 5.432509139699013900e+01 3.589570477506716628e+01 5.488924611399158948e+01 3.858318575699376396e+01 5.711187917811901826e+01 6.948331894102916806e+01 6.408585773367374827e+01 5.759676403144698043e+01 7.975191575709956737e+01 8.302872256960786501e+01 7.038739873599095631e+01 5.393753938031184703e+01 4.351756342642303821e+01 6.323102794558469952e+01 6.614725924679224534e+01 4.784375345285712200e+01 4.910805955464429218e+01 5.836427942455992479e+01 7.233363213881160902e+01
2.505278721048400214e+01 4.165445532053464461e+01 4.211803590786065854e+01 3.253473415850884010e+01 5.037928862866414192e+01 5.751469325694908719e+01 6.149356093050536032e+01 4.898753997007672467e+01 5.722056266569632754e+01 6.823391640590011775e+01 8.687863693651458163e+01 9.651475180221484607e+01 8.649714212185944007e+01 7.839384686424419613e+01 7.935260274699024308e+01 6.518061490746742948e+01 4.585578287102506323e+01 5.960106066159801941e+01 5.750924204890715430e+01 3.950831541937357372e+01 3.635321567845623036e+01 3.668621819972675979e+01 5.440064040116065769e+01 6.002848252038728560e+01 4.185445541663177949e+01 6.388353194045978256e+01 8.085340447375716622e+01 6.887113904492171912e+01 5.508657793848385609e+01 4.218633893196054885e+01 6.234640721715948075e+01 5.387257227775402413e+01 7.342783477417567894e+01 6.818408042949074854e+01 6.423132846254267747e+01 5.098222481174494902e+01 5.234892147479069990e+01
2.478923896015270145e+01 3.766513628030962479e+01 2.848191870680051352e+01 4.662002265356383646e+01 4.653888764249803245e+01 6.273679719551418543e+01 7.548352158093405251e+01 6.774702292610596999e+01 5.769118662799217390e+01 6.624543721157250786e+01 7.722262417340843399e+01 9.550273624806349915e+01 9.819292769567817913e+01 8.498442262589682628e+01 6.562490868688566081e+01 5.195880156399276473e+01 6.518061490746742948e+01 6.975236763069700885e+01 5.040050807804851729e+01 5.184334579332650605e+01 5.538190726244674522e+01 4.076055466697845020e+01 3.717459397729614068e+01 3.752629482190602772e+01 3.787933474705769754e+01 5.757598463159020952e+01 6.239705839301074519e+01 5.362484013423194540e+01 4.093953646473912755e+01 5.508657793837797101e+01 7.050054403788496415e+01 6.297779246501809780e+01 8.170597198995612587e+01 8.064138486071475143e+01 6.131204133436246906e+01 7.110268279562971827e+01 7.085857623560487184e+01
2.635867533691551046e+01 2.441884633501922863e+01 4.260560650358636536e+01 4.633776758798497752e+01 5.689470982757485729e+01 6.085402835914668174e+01 7.854446252634761549e+01 8.439941519691483052e+01 7.671497500953458371e+01 8.431027646652212582e+01 9.250106225139812466e+01 1.030483566421457056e+02 9.009274106523096748e+01 7.071144002727457689e+01 6.107876037249783252e+01 5.927896200070748023e+01 7.859702164284954051e+01 6.975344213881763267e+01 6.975254101806932283e+01 7.119450383983092934e+01 6.100163875808051017e+01 4.184792798879142595e+01 4.498523473720697297e+01 4.599484701746692394e+01 5.243831571107553913e+01 3.837445930313182174e+01 3.854744425887139414e+01 3.970324491971392433e+01 4.915715871787271851e+01 6.795476626002846388e+01 8.302868081160501390e+01 7.677525323681878433e+01 8.243383278814738446e+01 8.874441959330627583e+01 7.098715996815269591e+01 8.874441959330667373e+01 7.932399837716576485e+01
4.713588873441304372e+01 3.469232601423743745e+01 2.405266795677023595e+01 3.572707521555249599e+01 3.915680602652766140e+01 5.543880237848455295e+01 7.163910508519039411e+01 8.660369140735768667e+01 7.815003502232767119e+01 8.304604130564472086e+01 9.148874150865361798e+01 9.730240329360871954e+01 9.819292769567817913e+01 8.848426942923332206e+01 7.220564415163089222e+01 6.891018039161616571e+01 8.667891775795736464e+01 8.920157523359976892e+01 8.061210045905752963e+01 6.648703246191475102e+01 4.709346924356317032e+01 6.100169028975310681e+01 5.495464314952382523e+01 5.954805896641432383e+01 6.066054995016692430e+01 4.928493083183301593e+01 3.886166951579870954e+01 5.831842583815985392e+01 5.559188192102142523e+01 6.454030391431014380e+01 8.315989432545774207e+01 9.609485228473185714e+01 1.017858200066153955e+02 9.845618736617751665e+01 9.032740776978710073e+01 9.845618736617906563e+01 9.759204366366955696e+01
5.558902259842643900e+01 4.163501302858008302e+01 4.190551233350302596e+01 2.368788712001096286e+01 2.513631699290656130e+01 3.664535994534760732e+01 6.222628603504780642e+01 7.466515927496728011e+01 5.736077262834315604e+01 6.234944917789908914e+01 8.285601378766348546e+01 7.687212332697662021e+01 9.129332730961341724e+01 9.971535917929185189e+01 9.160655958819235423e+01 8.257404550367492391e+01 9.639696291592828459e+01 8.631317226162997258e+01 6.677430979253311705e+01 5.302229194590933048e+01 6.648703246191475102e+01 7.459549355546371885e+01 7.332355124670861812e+01 7.026755168992205824e+01 5.793790136601162288e+01 3.939809512999485719e+01 5.791456804307861006e+01 6.587511542375241902e+01 7.445339925290804217e+01 8.221508173947680120e+01 9.121258275088888468e+01 1.021897887352110956e+02 1.021897887352110956e+02 1.106228961856539570e+02 1.058680044603832613e+02 9.757937697593747828e+01 9.757937702098786303e+01
6.388768605023759051e+01 5.353604065560780612e+01 3.681389774253970160e+01 2.343028199296432845e+01 3.821298563628926104e+01 4.481958916634901868e+01 6.621339758600565517e+01 6.614734459648465759e+01 4.491810203144645897e+01 6.352008945064712009e+01 6.219961050999188501e+01 6.219961050999188501e+01 8.079623102933079792e+01 8.852746598641722642e+01 9.694812067905850483e+01 1.020711198213229238e+02 9.808171416552828248e+01 8.015484835318092394e+01 6.063136999500049740e+01 6.424184884061052969e+01 8.061752270510412188e+01 8.948754637357977515e+01 7.045859565470445318e+01 5.100125499161089238e+01 5.881062629661918351e+01 3.975483535876411878e+01 5.869879707915353606e+01 7.260662199402689509e+01 7.257998189826943758e+01 9.083344430053125507e+01 9.586493019814655270e+01 8.245030343689282404e+01 8.245030343689282404e+01 1.021897887352110956e+02 9.757937697593747828e+01 7.793437276305935768e+01 7.793437276306283934e+01
6.024312576015273635e+01 5.311945223215874279e+01 3.653460877020853559e+01 2.317232349621768961e+01 4.172799234532875801e+01 6.296971906495140558e+01 6.242463234205290235e+01 5.378889756254558563e+01 3.761521408281618051e+01 4.218266911621796567e+01 4.709813112878524777e+01 5.340196453565256718e+01 6.017543158415298876e+01 6.807254133725321310e+01 8.256186203505718879e+01 1.029297081080959941e+02 8.992843023124589763e+01 7.038126647511582235e+01 7.189181439075689184e+01 8.377400672610431798e+01 9.191506651047197352e+01 8.104640480547263337e+01 6.137914691560406055e+01 6.177457353944903673e+01 4.319844180704392045e+01 4.010062562851049250e+01 5.912214995791936900e+01 5.347384671032880021e+01 6.597016473002993564e+01 7.402044299868013866e+01 7.958502564165732451e+01 6.892666509063688807e+01 8.823186482363800565e+01 9.726413984479802366e+01 8.902395515652365532e+01 8.360254151351753649e+01 6.448343810295614276e+01
4.695424719987669704e+01 4.854596652387051847e+01 4.007000459758025102e+01 2.291406323466412687e+01 4.397286778970190824e+01 4.666037896121877537e+01 4.880417168238935233e+01 3.234355415475008044e+01 5.378889756254558563e+01 6.352008945064712009e+01 6.824973095509791676e+01 7.427536168730098609e+01 8.079623102933079792e+01 8.852746598641692799e+01 9.694812067905850483e+01 1.059287537255808758e+02 8.633243958528763073e+01 8.419233615761261547e+01 9.144236265818561549e+01 9.959990937185907001e+01 9.844278668205120653e+01 7.752674943415063069e+01 8.104640480547263337e+01 7.014702016774903370e+01 6.162574652926216601e+01 5.626090279269853767e+01 4.058577106349927277e+01 4.198788719705305539e+01 4.644323646215004686e+01 6.599259165466568788e+01 6.050760944404397179e+01 7.958502564165732451e+01 9.653659981127336209e+01 8.904531088481462575e+01 6.969678989316398088e+01 7.485151494163014263e+01 5.909854731156285368e+01
4.042928795633130079e+01 3.588688228421062831e+01 3.694839718659777361e+01 2.264943739547988955e+01 2.445958241752309092e+01 2.615153588052583800e+01 2.782659037590381601e+01 3.026381343469588714e+01 5.166383478167030319e+01 6.446644408689583372e+01 6.729033677319304729e+01 7.253098946875449826e+01 7.827540288575929139e+01 8.476420114458542798e+01 9.248220140129608069e+01 1.009121991993062721e+02 1.059287537255807479e+02 1.037765863388592038e+02 1.060198712576264199e+02 9.811141080570365602e+01 9.758141754788691458e+01 9.833046780178958102e+01 8.849023268957463983e+01 7.494840371580085048e+01 6.701312193172175569e+01 6.476777681760376026e+01 5.953345188448104608e+01 4.107190621528047103e+01 6.029120145540679232e+01 5.326036116237339968e+01 7.236670309712179971e+01 8.776697450780605436e+01 9.181296755320434499e+01 8.078253407508982775e+01 7.271817124151526457e+01 5.633555032862712864e+01 7.535072595382821703e+01
4.966018395890203863e+01 4.349785277536626182e+01 2.808965650628516997e+01 2.238828751181343080e+01 3.774804589169590940e+01 4.584782354677701477e+01 4.880417099664921921e+01 5.166383476484514148e+01 3.431990661685541966e+01 5.584522916047048824e+01 4.609162807524276673e+01 5.156837868650880097e+01 5.756362576328521641e+01 6.424481936935991655e+01 7.206229210330729984e+01 8.651210814378296732e+01 1.068952815122168829e+02 1.105129994522708756e+02 9.811141080570115491e+01 7.907883752568976377e+01 7.900138506773093638e+01 9.254935439551967136e+01 7.805211627375835803e+01 6.153383072592523462e+01 4.782723924164552898e+01 4.553009188270251428e+01 6.062902061972830126e+01 4.141619031954207486e+01 6.066929588159763398e+01 7.236476292749576089e+01 8.045900288455439409e+01 8.924365861242497999e+01 7.817206539137306720e+01 6.453116322954187467e+01 5.365960403868958650e+01 7.271817124151526457e+01 6.969221876948749639e+01
4.724117686474883726e+01 3.918567348270273243e+01 2.204542382655628074e+01 2.225942616100899230e+01 2.705991620710380019e+01 4.697246145491786962e+01 6.105400890013414994e+01 6.446643691425792611e+01 5.584522916047048824e+01 3.877179349429846411e+01 6.022410054054296324e+01 7.253098946875446984e+01 7.827540288575929139e+01 8.476420114458541377e+01 9.248220140129608069e+01 1.009121991994229575e+02 1.097369936018526886e+02 1.025440957564536149e+02 8.337314654980572470e+01 7.245716066116494858e+01 6.581057536106018802e+01 7.563155468832511019e+01 7.014274537090449257e+01 5.109619250187778050e+01 6.709932584228448604e+01 6.204703996981196212e+01 4.278294590498478556e+01 4.176589801327043716e+01 6.102690140904012139e+01 6.954361454879018822e+01 8.294840607591181936e+01 7.563713164744582684e+01 6.203060468246680870e+01 5.098958731025047086e+01 6.453116322954187467e+01 8.078253407508982775e+01 8.901157074104943945e+01
3.957189909348059587e+01 2.169772884191132079e+01 3.212957070513011359e+01 4.341107302281108815e+01 4.697246045503182899e+01 3.281434181858460164e+01 5.273072844437625406e+01 6.791361320289844627e+01 6.880017272533751793e+01 6.022410054054296324e+01 4.486680877827853919e+01 6.611795344823441667e+01 7.974610576088693392e+01 8.819013942674222051e+01 9.840420807521563518e+01 1.097369936018526886e+02 9.050398379560081707e+01 9.403330685134447720e+01 8.766161973500784654e+01 7.803036174073564268e+01 5.924930652854324364e+01 5.681149349113172775e+01 5.438703578787390569e+01 6.458602524154512992e+01 7.805189570794097165e+01 7.030642680807345357e+01 6.210482130620781049e+01 6.094571571114182262e+01 4.227986116571088360e+01 5.600655304134162549e+01 6.860856272280523172e+01 6.517730188848352668e+01 4.835977592155789750e+01 6.203060468246680870e+01 7.817206539137306720e+01 9.181296755320434499e+01 9.456752207428037593e+01
2.136211860938459139e+01 4.031486068080523211e+01 4.639669580165632823e+01 5.437122987672673702e+01 6.091288328799328156e+01 4.431996506790392942e+01 3.963088835662075127e+01 5.956967628153486061e+01 7.645040344596925763e+01 7.463746546946019578e+01 6.611795344823443088e+01 5.147426411878372932e+01 5.907793054352431028e+01 6.951445925869516884e+01 8.997775226307884111e+01 1.051329406899028385e+02 8.590781094087923009e+01 7.491824550062435151e+01 6.869512320299540420e+01 6.312797004882602891e+01 7.803036174073564268e+01 7.563155468833518569e+01 6.154836702449092911e+01 8.041706056965797700e+01 9.151591101468183354e+01 8.865513737572214836e+01 6.955427223732132802e+01 6.939898525240512583e+01 6.162232444980297430e+01 4.280643110496257719e+01 5.586543400469187048e+01 4.579969982502991854e+01 6.517730188848352668e+01 7.563713164744582684e+01 8.924365861242497999e+01 8.987305475068838234e+01 8.184645546223521251e+01
2.219929754871345651e+01 2.627675265896010970e+01 4.628216070899486567e+01 6.231006304254523087e+01 7.258411368612809156e+01 6.461540665348526602e+01 5.112893878548997861e+01 4.813707329573640692e+01 6.217519777004191184e+01 8.229598293775400464e+01 7.818290780838351850e+01 5.747116721363635605e+01 7.818290780838351850e+01 8.819013942775752923e+01 9.840420807554295379e+01 1.131237875147482725e+02 1.020129116051619178e+02 8.672943930092367282e+01 6.781127203619942634e+01 8.194300588770687455e+01 8.194300588770687455e+01 8.836893137730979220e+01 7.235769871432722766e+01 8.836893137730979220e+01 9.348202028208332592e+01 7.423786869665941879e+01 6.957099302448800415e+01 5.046616566321120700e+01 4.721718381640791762e+01 6.218695787402580066e+01 4.335377467953527741e+01 6.277321807925775232e+01 6.514894007491795946e+01 8.432218589243022677e+01 8.571182358462594664e+01 7.774426486588562568e+01 6.346554692900929950e+01
