LEM/sinusoidal_perturbations/elevation_000196.asc
nrows	100
cellsize	150.0
xllcorner	0
ncols	100
yllcorner	0
NODATA_value	-9999
[rows 34 to 50 of 100, columns 0 to 36 of 100]
2.064481644892168701e-03 2.000206448164453832e+01 3.373998236273769891e+01 2.638909300341169839e+01 4.053122862714214847e+01 6.053122862714143793e+01 7.187958090225198760e+01 6.991854927591120372e+01 6.141871985016259572e+01 6.991854927591120372e+01 7.024073456176699892e+01 6.216787822803847519e+01 7.024073456176699892e+01 6.108808154796096090e+01 5.519594826351629990e+01 6.944640760945820546e+01 5.528661045956911835e+01 3.527496022726467828e+01 4.730641645028748599e+01 3.052496798507226927e+01 3.629577714935434329e+01 4.231067093791978806e+01 6.202318580362172895e+01 6.713949807763310673e+01 6.713949807763310673e+01 8.315397893634826687e+01 9.220446038692595891e+01 1.039056174556409644e+02 1.018316675924870935e+02 8.789169483498518787e+01 9.117084715664570638e+01 7.214955863302827765e+01 8.032023578900653149e+01 6.064966030612800552e+01 8.032023578900653149e+01 9.342338365751842844e+01 7.368649110822866533e+01
2.905961989428186391e-03 1.414504158572050407e+01 3.414504158572120929e+01 4.638909300341098429e+01 5.467336425087259499e+01 5.929278302111366372e+01 6.756770398879139350e+01 5.939960253720638406e+01 4.016647499639806540e+01 5.939960253720638406e+01 6.051072099203343413e+01 4.272010025698408953e+01 6.051072099203343413e+01 6.108808154796096090e+01 4.104899754822487523e+01 5.037674059484725575e+01 4.950974463531383662e+01 2.950296695946227388e+01 2.729998084139775827e+01 4.730641645028748599e+01 4.676490289535296085e+01 6.201700724551049149e+01 5.220111409514326795e+01 6.348722924374371246e+01 8.326253645222367084e+01 9.575293584125348900e+01 1.073331856494978780e+02 9.895207708034962479e+01 1.073331856494978211e+02 1.075588334938127417e+02 9.996772318880913133e+01 8.348876608774283170e+01 8.686893863269744998e+01 6.722283010162468031e+01 8.686893863269744998e+01 1.016082141687704734e+02 9.342338365658079624e+01
3.542675937824442140e-03 8.947814585937059917e+00 2.049481996972977882e+01 4.049481996973048581e+01 5.603297041722217386e+01 3.931349241949590123e+01 5.603297041722217386e+01 5.079259742328032701e+01 2.981708535386558623e+01 5.079259742328032701e+01 5.244398924251127170e+01 3.320021243689967605e+01 5.244398924251127170e+01 4.951411913116465513e+01 5.037674059484090350e+01 3.036570527630155780e+01 4.142753354117676423e+01 2.415662913701901715e+01 4.416270838698997636e+01 5.563628955810307275e+01 6.659248645322398374e+01 7.491600027899592362e+01 6.348722924374371246e+01 8.017565646396539591e+01 9.168896816783291115e+01 1.031236265160803498e+02 9.724204575070642420e+01 7.879113184014772742e+01 9.551523475897282367e+01 1.038901797450030244e+02 1.113365218871875015e+02 1.031357750538566052e+02 9.503279516288779405e+01 7.705477558798327209e+01 9.503279516288779405e+01 1.014900340537900547e+02 8.179623902333827346e+01
3.411803931810562015e-03 2.000341180393145635e+01 3.723208583339996380e+01 4.877909121719267915e+01 4.775773421405190078e+01 2.777494815393489347e+01 4.775773421405190078e+01 4.380076006680870648e+01 2.309155246793410399e+01 4.380076005626670366e+01 4.602930980800113048e+01 2.682132432843204484e+01 3.803559237094363255e+01 2.950348985483992337e+01 3.709368403006635617e+01 3.884511150554479286e+01 2.142417868655054747e+01 4.142753354117676423e+01 3.309967380581800711e+01 4.309085564829464232e+01 5.463517834574102494e+01 7.474579981638299842e+01 8.326253645222367084e+01 9.168896816783291115e+01 9.720192090594382250e+01 8.288883894426921017e+01 8.887160446024867611e+01 6.873042333126251435e+01 7.535380852289249276e+01 9.551523475897282367e+01 9.795590225745856117e+01 1.063306224548162362e+02 1.048653005614281000e+02 9.668310167741147154e+01 1.048653005614281142e+02 1.096838691096845224e+02 9.829879180184504150e+01
3.327314952832964925e-03 2.000323356136828323e+01 3.983247045588151281e+01 4.854848656803088858e+01 4.069275244899750987e+01 2.070976391561260499e+01 4.035112333484108404e+01 3.782252677215654302e+01 1.730922376914694993e+01 3.006960050159245057e+01 3.084443617301442941e+01 3.153471827100523583e+01 1.849245068781969081e+01 1.538099917821498863e+01 1.710429743244903733e+01 1.884693048772246371e+01 2.795691615935878360e+01 4.850742620867545440e+01 5.311289137251588954e+01 4.723485848088938610e+01 6.730371809955572360e+01 8.313107057725569859e+01 9.479986787042045648e+01 8.887371952452686230e+01 8.712010119726723190e+01 6.868622509920538732e+01 8.125895352590499954e+01 6.112291555255318798e+01 8.125895354904807277e+01 8.148658450022637112e+01 7.778518979896996655e+01 9.268255647754973836e+01 9.939870592267075722e+01 1.077827994056988103e+02 1.178992924065074703e+02 1.118172916203286746e+02 9.213714866373163659e+01
6.779948344387334673e-03 1.155378527704379366e+01 3.155361675086134099e+01 2.855230288529644156e+01 3.437357348818722613e+01 1.438804050136436707e+01 2.036171085183240947e+01 2.723529043944623851e+01 2.823575844849673544e+01 9.746908767820350761e+00 1.081642485830659339e+01 1.189037451490164266e+01 1.296810692155402656e+01 3.295801225478830077e+01 3.708654658785999203e+01 3.503367394299218063e+01 3.596597244114012426e+01 4.614712576802249089e+01 6.800926190056024723e+01 6.730371809955572360e+01 7.567383212500205047e+01 8.697753902251980662e+01 7.464230165619815693e+01 6.874749792356618627e+01 7.875084806276130678e+01 5.870346728562734029e+01 7.587737095540835242e+01 5.577440947890747935e+01 7.495372982384952820e+01 6.135097407856171969e+01 6.672757379072839967e+01 7.254667614349533267e+01 7.925025758730750169e+01 8.928552919570996949e+01 1.095118826496317865e+02 1.084137795257349524e+02 8.874678559520354781e+01
9.516927588586143695e-04 2.000095169266595718e+01 2.190487441142388292e+01 1.441313806254751562e+01 2.382944849721748426e+01 2.468741341926022415e+01 6.221184418377337266e+00 7.241811564080856911e+00 8.268333893850035921e+00 1.641129431137675354e+01 3.052746683103172032e+01 3.185518479767124589e+01 3.275824311937854816e+01 1.500651420273202596e+01 3.379339619199011935e+01 4.477553990565657926e+01 5.581294789927823530e+01 6.449681761189475537e+01 7.600592683876566014e+01 7.888337294119170906e+01 8.615814726765087528e+01 6.568169957094772826e+01 6.699844040474158646e+01 5.461956750662629645e+01 6.197880193120299452e+01 5.118230654117585487e+01 6.642222229781914677e+01 5.079663147112781729e+01 5.485763008017114828e+01 7.495372982435068820e+01 8.686982851193151589e+01 9.268255647754973836e+01 9.939870592267075722e+01 1.077827994056988103e+02 1.178992924065074845e+02 1.166213509022198025e+02 1.052416072682038930e+02
1.945935296826602993e-03 9.543260913321847116e-01 1.907781775950387226e+00 2.868889878443318331e+00 3.835536379728496037e+00 4.805488622444895164e+00 2.480283010964736690e+01 2.003776587281534205e+01 1.885647429461516111e+01 3.510563955355470966e+01 2.866231240675654490e+01 4.680109969541542370e+01 4.285321661296327989e+01 3.479591768526598372e+01 1.706307252350962500e+01 3.712598129130133628e+01 5.596521133616511889e+01 6.426459976412996866e+01 6.067274816075422450e+01 6.068247029918271096e+01 7.460565353698265767e+01 6.479026737801402192e+01 4.653205783088149872e+01 5.908322661975632428e+01 4.201479746705904716e+01 4.414570462381538363e+01 4.640396781444935925e+01 6.642222231144162947e+01 7.495372982434480491e+01 8.331180509304326165e+01 9.664714702897830989e+01 1.050309377813877205e+02 1.065353163788483357e+02 1.149231556108179859e+02 1.280726873535750769e+02 1.155787832441039882e+02 1.074013443708975473e+02
5.600688922766023682e-03 2.000555301542074105e+01 1.085065945373000673e+01 2.286442152556534424e+01 2.382944941489655122e+01 8.691671374136403116e+00 2.813305832406109275e+01 3.809654505445313788e+01 3.390760713639690493e+01 4.799772343913225825e+01 4.165160778153482823e+01 5.420527940079614382e+01 3.908044957482796633e+01 1.914041984102559724e+01 3.703080510812431214e+01 4.278759103701203514e+01 3.594349060436558574e+01 5.252580721875397529e+01 4.463906678891073909e+01 6.316641734524537810e+01 6.242398953361746550e+01 4.827196148779722051e+01 3.712562842248179606e+01 3.910975552682094047e+01 5.908320944893255700e+01 6.410564074750706709e+01 5.992523413530044962e+01 5.132567771976395932e+01 7.139744828508514729e+01 8.076998586586589113e+01 7.654619170436140507e+01 9.005147171194718680e+01 8.634681216224554134e+01 1.060389090609627090e+02 1.077624165064441968e+02 1.041219623532149257e+02 8.751541992117344648e+01
8.215197286175309616e-03 2.000821157344330814e+01 3.084774239798229090e+01 2.717824714813710685e+01 3.648356657565889805e+01 2.813305832406095419e+01 1.447807739394541038e+01 2.607801138860961743e+01 4.639677266339262474e+01 6.169991605925547162e+01 5.930286003355135449e+01 5.857353209416481121e+01 3.900872521947452753e+01 3.883712597683684464e+01 2.124641149199697665e+01 2.282663286296196503e+01 2.442232088937904422e+01 4.430199487077803866e+01 3.622444405826764324e+01 5.005440770090115166e+01 5.180294414888385290e+01 3.441308330960058726e+01 4.196689420213203192e+01 5.908323297399175544e+01 5.560037836619586216e+01 7.582131562416751080e+01 6.936826972430166904e+01 7.139744828514359654e+01 5.669532771978889940e+01 6.071976664680752123e+01 6.500501246308127179e+01 7.001300510947150713e+01 7.754875807892504724e+01 8.753445512228255154e+01 1.077624165067598199e+02 9.592020053554878700e+01 7.607617977473310589e+01
2.613274238814250559e-03 2.000261327423845970e+01 3.723886267478047074e+01 4.717356215662633190e+01 5.543019582341607077e+01 3.996551837245011995e+01 1.944164473207131039e+01 3.996551837245127103e+01 5.466718606719632589e+01 6.926960231566246762e+01 7.004169740130188870e+01 5.096313375227197895e+01 3.731515872654137667e+01 2.958017135795257602e+01 2.829109982802091849e+01 4.275820317412715355e+01 4.438405925725682266e+01 2.673247440311414636e+01 2.838901602467566221e+01 3.010023586910049431e+01 3.183167318284461800e+01 4.594696782578334648e+01 6.193844015065285191e+01 5.457707355139508820e+01 7.460557961137811844e+01 8.416489528410086507e+01 8.866277091578230340e+01 8.510451793181088931e+01 7.675994202214246798e+01 8.076998586589698448e+01 7.914723076189173412e+01 8.414290465493152738e+01 9.005147171194718680e+01 1.060389090609627090e+02 1.053033066501620425e+02 8.890427971197935619e+01 6.915320116915778215e+01
7.532853315450405325e-03 8.951804765414596687e+00 2.049881149092560406e+01 3.464105474124084338e+01 5.464812103960727541e+01 4.826023519610359358e+01 3.407655582940972749e+01 2.928010619385534241e+01 4.108848224751637446e+01 6.098599356687044803e+01 7.015735936165377495e+01 5.166308266018455697e+01 4.855000521833274973e+01 4.368964463612955029e+01 4.788965321951547338e+01 3.962371155999409211e+01 5.459627058370794117e+01 4.094443888851857594e+01 4.249961227205299252e+01 5.006513466338294904e+01 3.849214068260283739e+01 5.830611798489950104e+01 7.427795867346834768e+01 7.460557961137828897e+01 7.460557961137828897e+01 9.476312996174752357e+01 9.000129352770997571e+01 8.168438161712123247e+01 7.981430926796058145e+01 8.815114709619869870e+01 9.927273699016902242e+01 1.043160144351854086e+02 1.102565461514277416e+02 9.947760011477883779e+01 8.547619968492487885e+01 8.294910546352996050e+01 6.334080269933909335e+01
6.101047412966256744e-03 2.000610104741260997e+01 2.447820830269174763e+01 4.447380939298709279e+01 5.320342773822729754e+01 6.145201448589678961e+01 5.418273161216944800e+01 4.367156635557299182e+01 4.584552560877074967e+01 6.575051660064808345e+01 7.715872704398914550e+01 7.015735936165371811e+01 6.586976011095691774e+01 6.439614038323963996e+01 6.247764810945441383e+01 5.304357125073239132e+01 5.818910445614633176e+01 6.163768468615695895e+01 6.257522675118944733e+01 6.652152617861302986e+01 5.253039735088314188e+01 5.253039735089021889e+01 7.224994107604572946e+01 7.709925508308674580e+01 6.878740495414831457e+01 7.709925508308673159e+01 7.837385615005848649e+01 6.152000493629903133e+01 5.963073553265648741e+01 7.399391754563647794e+01 8.074461713511755079e+01 8.911987135759738976e+01 9.939416836516795684e+01 9.128342486372226006e+01 7.156974350942515173e+01 7.751074076793516099e+01 5.808617136718959983e+01
6.842009524227352091e-03 4.478977964523141786e+00 2.447820830269174763e+01 3.688985453680353288e+01 3.322346262571232955e+01 5.218375233305355465e+01 6.207701285146691106e+01 6.362515893450936488e+01 6.575051660064808345e+01 6.628525973846763009e+01 5.531876640726655836e+01 6.628528739122359070e+01 7.039277726653395462e+01 6.168354248160621012e+01 6.791891667523884735e+01 7.132683338419656138e+01 7.570945660229371299e+01 7.031969590055891217e+01 6.187161163085035298e+01 7.034920505304054927e+01 7.224994102096584925e+01 7.224994107606603677e+01 8.051265480903867910e+01 6.705299774964464632e+01 4.868414833899895910e+01 6.705299774964444737e+01 6.937235878608224482e+01 4.990862212789151897e+01 4.802904564768382301e+01 5.380890564797839204e+01 6.051936988570715670e+01 7.063029012934583761e+01 9.092742266546002838e+01 9.276354316575394421e+01 7.303788715110918872e+01 5.937276693110419501e+01 5.325492887709022227e+01
1.934550753332892102e-03 2.000193455075297777e+01 1.155004572215534075e+01 1.689527039361930605e+01 2.396633526424939831e+01 3.396606043215167148e+01 5.388988904041036676e+01 6.004340088219355920e+01 5.132984960028396415e+01 5.546170109941447635e+01 3.489174199763122886e+01 5.546170109941447635e+01 5.689270926991782318e+01 3.583068120213781782e+01 5.622000280832518371e+01 5.913138036556019728e+01 6.635296240314670513e+01 6.007978370896830000e+01 4.160569676477039991e+01 6.007978370896830000e+01 7.680814926659958530e+01 6.850416037074700171e+01 7.408262908588572770e+01 5.873577664657361197e+01 3.867708384535647781e+01 5.873577664657361197e+01 6.103834133291897501e+01 4.097039487909093936e+01 6.103834133291897501e+01 7.399391754563647794e+01 8.074461713511755079e+01 8.911987135759738976e+01 9.933199000295481085e+01 9.184011459511302178e+01 8.215994740616777392e+01 6.909408248283304488e+01 4.994597259130160438e+01
4.364784840791047053e-03 2.000436478484043690e+01 3.154706378158529745e+01 3.688985453680353288e+01 4.395467707082269015e+01 5.216699100385829269e+01 6.207179614089304920e+01 5.132984960028395705e+01 2.888449476400356275e+01 3.545301019575130397e+01 2.382108635359675120e+01 4.669339942187690440e+01 4.647332644843892524e+01 2.534674434754063199e+01 4.629125759616631086e+01 4.356601088361868790e+01 5.743129695199469609e+01 5.170334904993055147e+01 3.150615028118930638e+01 5.170334904993055147e+01 6.521855003681260143e+01 4.841954483026824363e+01 6.459130863893005881e+01 4.571146600893557377e+01 3.200740176785573965e+01 4.857500864895347803e+01 5.156363588844318713e+01 3.697266359765362864e+01 5.702292267196177278e+01 7.093544143551355319e+01 7.925284568288930132e+01 9.086452522550727906e+01 9.744925151938440422e+01 7.800324087523199523e+01 6.426376779145256535e+01 5.475174898033989024e+01 4.705868933839353474e+01
5.219006137575642711e-03 1.414830322920655981e+01 3.418294098623118060e+01 4.603732481996222248e+01 4.849904942452695167e+01 4.025790474781616979e+01 4.628413919947470134e+01 4.818009685706262246e+01 3.545261414108496467e+01 1.303610475874176622e+01 3.545018761084376280e+01 3.524346206827152628e+01 3.217260016611153617e+01 1.939039322358514639e+01 3.747509751621699792e+01 3.413203144923473076e+01 4.443762620211826686e+01 4.496172798650007962e+01 2.477076211688571661e+01 4.496172798650007962e+01 5.690830218188143874e+01 3.685440967827973680e+01 4.533017013536605333e+01 3.624163700260686483e+01 2.568927342649987011e+01 2.853617543794322131e+01 3.152031289035706862e+01 3.707624054793623003e+01 4.373535079251403346e+01 5.080451375315186624e+01 6.242183528937918169e+01 8.256524370894823051e+01 9.335448032354008774e+01 7.408950720424661540e+01 7.408950720424616065e+01 6.349873993610913203e+01 4.436816866327067288e+01
