LEM/sinusoidal_perturbations/elevation_000365.asc
nrows	100
cellsize	150.0
xllcorner	0
ncols	100
yllcorner	0
NODATA_value	-9999
[rows 51 to 67 of 100, columns 37 to 73 of 100]
8.660781998684936411e+01 9.499829561355956287e+01 9.405017885818904233e+01 8.386653811821710747e+01 6.685907418394931767e+01 6.798247523632414868e+01 8.239579664011726834e+01 1.027246482523880928e+02 9.844285235156480951e+01 1.067886640785684449e+02 1.096565675689752908e+02 1.013359093635082502e+02 8.835009419283545640e+01 8.835009428926851172e+01 1.084539160236907378e+02 1.063654815396160558e+02 8.608323674564098837e+01 7.582660788415280706e+01 6.814948200098973530e+01 6.444560583744514304e+01 8.476337221964337232e+01 9.884095496728492947e+01 8.210528302476258489e+01 6.188691620559048800e+01 8.210528300411678515e+01 9.161981246522439903e+01 9.708519997227720921e+01 1.035192674395762396e+02 1.106638491639698003e+02 1.189656913626797063e+02 1.266894659071649301e+02 1.125445318717085712e+02 1.266894659071649301e+02 1.218498070207213289e+02 1.301418348656983426e+02 1.217892522855297699e+02 1.018454461787456040e+02
7.714770570185889653e+01 8.524571037809720053e+01 9.494320549934617759e+01 9.559995259661951650e+01 8.722904845130933893e+01 8.834997878282176487e+01 9.671704820030139160e+01 9.521311713375887109e+01 7.843443484007151767e+01 9.521311713375887109e+01 1.013372856402447297e+02 8.127845876736333253e+01 7.420715364116941259e+01 9.423836734751533584e+01 1.043462632751536319e+02 1.146849126600420163e+02 1.045726931638554618e+02 9.070991362401626645e+01 7.034373473238497354e+01 6.035868461650969863e+01 7.018283439522991785e+01 8.390579665771518592e+01 7.552079117567089384e+01 5.909781390145297308e+01 6.522884520668296204e+01 8.537475102455373133e+01 9.182540542754861690e+01 1.061487272220342675e+02 1.262330391372453420e+02 1.325353473797800348e+02 1.125445318717085712e+02 9.830693997027046294e+01 1.076596708752065439e+02 1.017819240318136309e+02 1.218498070207213289e+02 1.217892522855297699e+02 1.018454461787456040e+02
5.804523490599974878e+01 6.751454724809437380e+01 8.104444784571521154e+01 1.006297982104147621e+02 9.831710011006288141e+01 8.998534361155320482e+01 8.998534361155320482e+01 8.689098728442553465e+01 6.676484007570964252e+01 8.689098728442553465e+01 9.817574207456802071e+01 8.715315348524310934e+01 6.699192744368433239e+01 7.587875728832320021e+01 9.008402787096520115e+01 1.102233479598940704e+02 1.109526646640759395e+02 9.070991362401628066e+01 8.891875734526868769e+01 7.018283439522991785e+01 5.610154201125494211e+01 7.203834639720484745e+01 5.551566898266376171e+01 6.203848908872655699e+01 8.289325528558951817e+01 7.521624845361903056e+01 8.960957983456236775e+01 1.098342671281894951e+02 1.187028241118630376e+02 1.270084517622528040e+02 1.225299828627426564e+02 1.076596708752065439e+02 8.738667269571695329e+01 1.017819240318136309e+02 1.218498070207213289e+02 1.298826430472593074e+02 1.217892522855297699e+02
6.759643631923556484e+01 7.676301391890751802e+01 8.485774897074658440e+01 9.454426205660716676e+01 8.998534361155320482e+01 6.985316274517515467e+01 6.985316274517515467e+01 7.977531974306582185e+01 5.951577744983063667e+01 6.967212370200594762e+01 8.982663327574668699e+01 8.176706524004647747e+01 6.147145843521800401e+01 8.176706524004647747e+01 9.733994848211571593e+01 1.154558503673454339e+02 1.073450171720675570e+02 1.083782632378126181e+02 9.884095496728001251e+01 8.451189219211633485e+01 7.203834637970076926e+01 5.205012211562765145e+01 7.203834639720484745e+01 8.202036676688058492e+01 9.481569013399584378e+01 9.553325359548836104e+01 1.038812350113737608e+02 1.153410687538912640e+02 9.842931675814838854e+01 1.153410687538912640e+02 1.142345584471944164e+02 9.406805340125555404e+01 8.221655481399251642e+01 1.023625171472113919e+02 1.091126935945288494e+02 1.174159422030391795e+02 1.274517693003948153e+02
5.136892266047004085e+01 5.771639022631424609e+01 6.714666582631336667e+01 8.637936201151114801e+01 8.998437405868878614e+01 6.985315684460719865e+01 5.545094884507000899e+01 6.618077949683379302e+01 5.303854199651492962e+01 6.746483978206589427e+01 8.762184600508601307e+01 7.733821773772230301e+01 5.697572954171889847e+01 6.881140222297220532e+01 8.898606434425437328e+01 1.040092138525611603e+02 8.741743163501388381e+01 8.846450922159858976e+01 1.024742786576988038e+02 8.447071697189990402e+01 6.428644473068354159e+01 5.016974201525924570e+01 7.019828120404947924e+01 8.595251655237737509e+01 8.175844926112107203e+01 9.011231511550953144e+01 1.002238895713268647e+02 1.069979091837780771e+02 8.656570421852029540e+01 1.069979091837780771e+02 1.137254155273046479e+02 9.803546267397133818e+01 7.758203884286567131e+01 8.198796259878878345e+01 8.886216378517647740e+01 9.906606426889193528e+01 1.133015353950637092e+02
6.087401857714630182e+01 7.676301391890767434e+01 8.485774901010344706e+01 9.454426205874806044e+01 9.048182321244691195e+01 7.881291622081363357e+01 6.617912225389262915e+01 4.581754139160107542e+01 6.618077949683379302e+01 7.281194570156880275e+01 7.588114696653190094e+01 7.334481763917968067e+01 5.296595222685633786e+01 6.742296404725981063e+01 8.764143689518036240e+01 9.583982029795035373e+01 7.585710915780022390e+01 7.430848055002559249e+01 9.251616523796533897e+01 8.264331886126538507e+01 6.247898616006265371e+01 4.832029844710980626e+01 6.836634791004911449e+01 6.575557633934775481e+01 6.158379938007421828e+01 7.162403810660265435e+01 9.189286041563948970e+01 9.977403384101441475e+01 7.941678034370990247e+01 9.977403384101441475e+01 1.054084726276360016e+02 8.508511747816874049e+01 7.316863305658240790e+01 9.367477806125468476e+01 1.091126935945288494e+02 1.174159422030382984e+02 1.182588406829167411e+02
8.004256849759497072e+01 8.815097161549917359e+01 1.003611143374725430e+02 9.200368908632020748e+01 8.214475259267939578e+01 6.193021374031199855e+01 5.014120010442682940e+01 4.199582799241504460e+01 6.239746049016615359e+01 5.249018750766359886e+01 5.557740307989701023e+01 6.475060105064214611e+01 4.924832797029966258e+01 6.106126237224394515e+01 8.156689186366773470e+01 9.637669447101541209e+01 8.430279664204614676e+01 6.435053826530810284e+01 8.430279664204614676e+01 8.658525143941095337e+01 6.666667160125247449e+01 4.652391531965341898e+01 6.396161989960192784e+01 5.160108975804369891e+01 7.167112455406541471e+01 9.011231511550953144e+01 1.002238895713268363e+02 9.363609096713182112e+01 7.339490017633093544e+01 9.363609096713182112e+01 9.434591087604658810e+01 9.034824209555273455e+01 6.981992816462798146e+01 8.439168896713408685e+01 1.047286334431769319e+02 1.149594002829537658e+02 9.816850831693491841e+01
9.090566580324167489e+01 8.255341469738434057e+01 8.299845762636616087e+01 7.188071704891892466e+01 8.873466610906262986e+01 7.882375234744610282e+01 5.873845487904823415e+01 3.825696426330182476e+01 5.420604804245869701e+01 3.795395487141566804e+01 4.110081158060096129e+01 4.436722554260310147e+01 6.475060105064214611e+01 7.800001634435109565e+01 8.994268408265939740e+01 7.710492144684059213e+01 7.724100153537051483e+01 5.909724713495450032e+01 7.897033128932156387e+01 7.821546575639969490e+01 5.807907793827934739e+01 6.177417395068744099e+01 4.404833716754879447e+01 6.408947427191088764e+01 7.167112455406541471e+01 9.186501483297979576e+01 1.025840511390787242e+02 8.227927349801281309e+01 6.802774418862927064e+01 8.149329953954581640e+01 7.389184862531075737e+01 8.284995684582841591e+01 6.663835472615392064e+01 8.718065450320921173e+01 1.069950234533887965e+02 1.066583471198886173e+02 8.636658330351932022e+01
7.513419035424043102e+01 6.250457076986209159e+01 6.294833868483383554e+01 6.035481754624230888e+01 8.038571013309062607e+01 7.900236221325651798e+01 5.873518132505422074e+01 5.420917060016450506e+01 3.362944998779293826e+01 5.421206283729901543e+01 6.152423198094538748e+01 6.475060105064214611e+01 7.300537084731949733e+01 6.966852322693297594e+01 7.716743253889558218e+01 7.562957715621473653e+01 5.751493835125842224e+01 5.425400077955584521e+01 7.400206025072989746e+01 6.789432030655481753e+01 5.954743205253640781e+01 4.179547637587029385e+01 6.052735352926556089e+01 5.667068521510793744e+01 6.819082051401396427e+01 8.830407770217865959e+01 1.048822650988303167e+02 9.659757170354170341e+01 8.149315761819573822e+01 6.125304047128270923e+01 5.933095460475869487e+01 6.229223409738256834e+01 8.284995684423267903e+01 9.556827173031577161e+01 8.668892498632926902e+01 9.530876313956618162e+01 7.903489986141597967e+01
5.511769941969785691e+01 5.098257849883388815e+01 4.883145274586182438e+01 6.882075137193506009e+01 8.427818882898156971e+01 7.271491598576547233e+01 6.441563323403494223e+01 5.206482950392686604e+01 3.147747073069928447e+01 5.206521076159345540e+01 6.345503132046781047e+01 6.072473271965551334e+01 6.114148434752515016e+01 5.168792233776623846e+01 6.581979824929149459e+01 6.188632015663591801e+01 4.784159575784806862e+01 6.738907033617826414e+01 6.569700238038781492e+01 5.735660876741549430e+01 3.958811205201213568e+01 5.954743205253639360e+01 5.438821277660017728e+01 7.452037311251812923e+01 8.505079366578748079e+01 9.669886088599216123e+01 8.455308015452381198e+01 8.341274285275228806e+01 7.497775903176143686e+01 5.681879027914742153e+01 7.733077365872090070e+01 6.261387925111142749e+01 8.317040500052220864e+01 8.894360822947368206e+01 7.207233100870153919e+01 7.477720892695981547e+01 9.531055541181140711e+01
6.098039387886512230e+01 4.088040517126528073e+01 4.242111325432369284e+01 6.249966558787452442e+01 7.597104700580892711e+01 5.595666541911907643e+01 4.439644174703472146e+01 3.667319001843225834e+01 2.943355628800737023e+01 4.711129022547707024e+01 4.494109442199888349e+01 3.579313866860080395e+01 4.556471423750340222e+01 4.051400308453879262e+01 5.749480753328180072e+01 4.230914789809533261e+01 5.712501218147092175e+01 5.546591194298304828e+01 5.540148478910094809e+01 3.733817711941583184e+01 5.735660812756046312e+01 6.789422781228384451e+01 7.453125035744659499e+01 7.453125035744659499e+01 9.477563504511667247e+01 8.914602807580500610e+01 7.979824860332490744e+01 6.406440625493942775e+01 5.456940831020244786e+01 7.498558119896711105e+01 8.559303798371558969e+01 6.801589491232994078e+01 6.596487175261378866e+01 6.837685110150329137e+01 8.894360822947368206e+01 9.531055541181140711e+01 8.585562080792095685e+01
4.887944738176349802e+01 3.431312656831070029e+01 5.462421935289752639e+01 7.081692680296755782e+01 6.573398447602239969e+01 6.730107314481755054e+01 6.436183523092952896e+01 5.401154824224718709e+01 4.545921726174960042e+01 2.679399913332190053e+01 2.746133782684626112e+01 2.813248886676685956e+01 2.881772519366070995e+01 4.919995538384847578e+01 5.823217933083656561e+01 5.709127928701568067e+01 3.675713400643810758e+01 3.416267810633558355e+01 3.505312714458881374e+01 3.612537033934518860e+01 5.642510132434232162e+01 6.621110400925165607e+01 6.945263356478500327e+01 8.963304918559694556e+01 9.494775222596058484e+01 7.460915401075908449e+01 6.166799757224147527e+01 5.243458522516571207e+01 7.272408609099083776e+01 6.631859103044598669e+01 8.682490994351694269e+01 9.234515885071441232e+01 8.052599919544546481e+01 8.297631954043180258e+01 8.297631954043180258e+01 1.033499175131543666e+02 1.002832702803554668e+02
2.822789083583769454e+01 4.887944738176349802e+01 5.443332495185094899e+01 5.507989923697564905e+01 4.403356459102910492e+01 4.094849416779795348e+01 4.468669207452344239e+01 4.480153634478892144e+01 2.589879039830049479e+01 4.251784572516728389e+01 3.657210965429946015e+01 4.830947721048487864e+01 4.919866557701980980e+01 2.983181006263031065e+01 5.009491972680705629e+01 5.215522688882673918e+01 3.291458688194186522e+01 5.133546841737106092e+01 5.527555033280642505e+01 5.642548973246692867e+01 3.764477787493989780e+01 4.939809794978360458e+01 6.766869458546520377e+01 8.188345207842544937e+01 9.047927116220546395e+01 8.205619223957928909e+01 7.117941027559409406e+01 5.097279470467865536e+01 6.518968949064878871e+01 8.563987542926950880e+01 8.085875595729348220e+01 1.012284798122639273e+02 1.009320169968202237e+02 1.033499175131485543e+02 1.033499175131542245e+02 1.116701624452614681e+02 1.203800926682970811e+02
2.430322941427062489e+01 4.062294617683735964e+01 3.713244420208730645e+01 2.189614191981117486e+01 3.913788984991812470e+01 2.368110464588878727e+01 2.433157396529692207e+01 2.498060164653501403e+01 4.499341264439647858e+01 4.514812673542029131e+01 5.006735064357881271e+01 5.541885729561231244e+01 5.752269234982860979e+01 3.184557313739338724e+01 3.093178981098709102e+01 3.172474795561955219e+01 5.208378702793284987e+01 4.428979619906211695e+01 6.357998374182414381e+01 6.621259614586598730e+01 5.787413902502460417e+01 3.917144112866849781e+01 5.345408258409560176e+01 6.913492256604035902e+01 8.209003396779630179e+01 6.164341854546731270e+01 6.754865753604556744e+01 4.950998371557520272e+01 6.102686040321459160e+01 8.145492789309119530e+01 1.012284798122639273e+02 1.095693418423770851e+02 1.033065551187204107e+02 9.902064492221536796e+01 1.074938028977055779e+02 1.167478683359459239e+02 1.285004210532852369e+02
3.808050079903589591e+01 2.052558466329734443e+01 2.107714617123048484e+01 2.732542644515977059e+01 2.277018973093119669e+01 3.653728781642970347e+01 4.318078019013656643e+01 2.698927984273448288e+01 4.919996956062391291e+01 6.415197483855583016e+01 6.756201971531612571e+01 7.230209224881936336e+01 5.470461416492257456e+01 3.443533526510291409e+01 4.418009226459280825e+01 3.471114029853497840e+01 4.504130301444564566e+01 5.933169262779867381e+01 5.722812035486481363e+01 7.578040697419304195e+01 6.766870968046501389e+01 5.345408258410035529e+01 4.070493672336711199e+01 6.079623400033759140e+01 7.060961958805673078e+01 6.548724083689927511e+01 4.743672863289568653e+01 6.157829797044072251e+01 7.808781433852404064e+01 8.986129506785481169e+01 1.063125198221553092e+02 9.709926385360047618e+01 8.244771298549065364e+01 7.809360787714700791e+01 8.748394590656383230e+01 9.971266720326731559e+01 1.201583522671366921e+02
1.973263117579588055e+01 3.962067741544906596e+01 4.126358849094185643e+01 3.836045563377513190e+01 2.668893088687342541e+01 3.644768958513974155e+01 3.115153687449014086e+01 4.722917781454778208e+01 5.702535270005505197e+01 6.857392531215388942e+01 7.931382594511660500e+01 6.999756110175850665e+01 5.778684360198849390e+01 3.740783799107724406e+01 4.817229708227026208e+01 5.667489045743250387e+01 3.897813618105740119e+01 5.904350631216022549e+01 7.578040740202398240e+01 7.783693052899509723e+01 8.188346141741759254e+01 6.839918527032304496e+01 4.837825349508604234e+01 4.225105364405932562e+01 6.227531365876888003e+01 4.536725086029153431e+01 6.548582868546677105e+01 7.541114182690705547e+01 9.035775251277414100e+01 7.815234150615377473e+01 9.015401117160357103e+01 8.374670832274576071e+01 6.840168881980530102e+01 8.855712639861373248e+01 1.019297366043981299e+02 1.132815780258024745e+02 1.191742668318686071e+02
2.230655720602424807e+01 4.197853457748507111e+01 5.460536815206398131e+01 5.588456936068097747e+01 5.411121359154537203e+01 4.347186967263348123e+01 5.007351478474195972e+01 3.620287935451869288e+01 4.322325989171967819e+01 5.304043591737061547e+01 7.133527104375123429e+01 6.172438974760844843e+01 4.164794463867859520e+01 5.778688356254286163e+01 5.956393329602654774e+01 4.801059428658899009e+01 4.208750873710429374e+01 6.220568551611153651e+01 7.421229633729588215e+01 9.215152375218625025e+01 8.265964788690425280e+01 6.250648357100297403e+01 6.818423816130565740e+01 5.902110687573692616e+01 4.379533399855149867e+01 5.381935215696631758e+01 4.770032327436598507e+01 6.716191203375252883e+01 7.137073192495029161e+01 6.450047698989020262e+01 7.539031345932616546e+01 6.167612806142285820e+01 6.761691426927104942e+01 7.509195420749421146e+01 8.547535890237119816e+01 1.050016942758286973e+02 1.075333158702803757e+02
