LEM/sinusoidal_perturbations/elevation_000626.asc
nrows	100
cellsize	150.0
xllcorner	0
ncols	100
yllcorner	0
NODATA_value	-9999
[rows 68 to 84 of 100, columns 37 to 73 of 100]
2.037718024937359473e+01 2.486777112307491322e+01 2.950096634301912957e+01 3.512391812302990246e+01 4.122725120973439772e+01 5.276107400571313377e+01 7.245332619257941076e+01 7.406902107980687333e+01 5.419164903203598271e+01 4.422832364809698902e+01 6.413391565728015564e+01 5.990239622196737201e+01 3.991864065580101339e+01 5.341947789108950673e+01 5.540497534430303972e+01 3.903308730702779883e+01 3.643091050575359446e+01 6.316700339870752146e+01 7.799184189137672263e+01 8.441248979891490478e+01 7.582134996529025273e+01 5.552192858746497706e+01 6.146488132576698860e+01 4.422944642671618709e+01 6.430853983574652943e+01 7.570106449442238272e+01 8.744431348131716675e+01 8.143022841880284091e+01 6.268483092437007542e+01 7.568219697696588355e+01 5.538671422339747608e+01 6.929526441676965476e+01 7.052036178112348352e+01 7.172275291779089912e+01 5.443087097202464264e+01 7.480703400612435416e+01 8.640775511459904124e+01
2.087919243763935384e+01 3.935587993729663481e+01 4.897804617162651653e+01 5.509696433875664923e+01 6.108399909154215379e+01 5.531255773505603202e+01 7.501749108881190864e+01 8.226753067687815246e+01 7.118461286373383246e+01 5.124222963662833052e+01 7.118461286373383246e+01 6.478337755506657913e+01 4.465857666385990399e+01 6.478337665190436212e+01 5.541641057358403089e+01 5.539276128664485555e+01 3.845297044809902332e+01 4.945484277501981296e+01 6.961828803012441824e+01 8.516125370997103516e+01 8.422458634137001354e+01 7.582039715626883947e+01 6.059024933311269479e+01 6.432213246888558444e+01 4.709812648774613564e+01 5.867934660438514527e+01 7.908252721243287908e+01 9.164403214776460516e+01 7.716340911177938722e+01 7.569596954166728153e+01 7.569596953667196715e+01 6.265898920089245649e+01 8.315826881864789755e+01 8.320701116984764667e+01 7.480703365836565411e+01 5.736744819402215256e+01 7.794867792193902289e+01
2.138159692168887460e+01 4.155320705766946787e+01 5.544535564305559205e+01 5.616278356783741543e+01 7.682719544491460795e+01 7.501749108881190864e+01 8.335113258293016258e+01 8.955817336268940210e+01 7.937924444686174752e+01 6.280261002457277897e+01 7.937924444686174752e+01 7.018895465965613312e+01 4.996313715649258569e+01 7.018895465965613312e+01 7.491269639578192141e+01 6.075567086576744913e+01 4.091140257794805279e+01 4.500582976301510030e+01 5.648337527758607735e+01 7.680200961316390362e+01 9.187691794322837779e+01 8.924414902786766390e+01 8.091734818618948566e+01 6.947873012769602497e+01 4.919399811449010684e+01 6.947873012582620333e+01 8.686183276496142014e+01 9.519644007732549085e+01 9.772121538259163742e+01 9.612779226595083060e+01 8.881898351349617826e+01 6.833963545384511917e+01 8.881898360373250512e+01 9.476440186095044282e+01 7.419466059295208993e+01 5.955277237059872419e+01 7.419469176259937626e+01
2.188699918483235152e+01 4.199425682413284733e+01 3.548228787514604221e+01 5.615787962896065011e+01 7.130886006432750435e+01 6.295855791903222354e+01 7.130886006433937041e+01 6.936156142637827315e+01 8.955817336268940210e+01 8.263464167662098703e+01 9.081543052877209732e+01 7.630091045337195510e+01 5.602984635037769579e+01 7.630091045337195510e+01 7.799623317655523635e+01 5.766883803717141888e+01 4.355413005501617363e+01 6.362259410873672039e+01 5.305386861466261195e+01 6.318364080535564398e+01 8.353968502855603617e+01 9.261037638381135650e+01 7.226049336764613429e+01 6.038094014087794648e+01 5.133364505209221562e+01 7.170245128886584496e+01 6.657262369441043859e+01 7.865427624092474446e+01 9.856979307579537419e+01 1.003563602205445875e+02 8.023225406491097544e+01 8.024484763588839087e+01 9.712267035631410295e+01 9.454094651722789422e+01 7.386739214098872708e+01 6.186577587778946707e+01 8.251166218081388593e+01
4.208969972878001187e+01 2.261022863431490748e+01 4.269920485218373329e+01 5.122018235164602373e+01 5.286668774691560202e+01 4.277525176124647999e+01 5.284940706758719386e+01 6.954336884271477004e+01 7.608737440003017127e+01 8.406932363297399036e+01 9.371530529329700698e+01 8.345778207580575270e+01 6.321509225058796488e+01 8.345778207580575270e+01 8.103085257892666959e+01 6.067400677029492329e+01 4.641923984560553151e+01 6.663638886407444772e+01 6.069148601590632097e+01 8.106038192503415019e+01 9.187691794249850830e+01 1.009151128545687754e+02 8.921691343392535600e+01 8.009932919855101829e+01 7.170245129742045265e+01 5.457152664550545751e+01 7.504852148622717323e+01 8.698498451237138340e+01 1.055721940905272049e+02 1.084473524497694825e+02 9.195555550444403536e+01 1.005314711536288286e+02 1.087666459861119819e+02 1.029750963057998945e+02 8.875748615916988626e+01 6.813869681604937512e+01 6.559836594205813753e+01
5.118249788040636616e+01 4.283551796292888980e+01 2.333655441236743044e+01 4.014906023509001898e+01 3.268121295367416934e+01 5.283221673573745392e+01 6.110038518484406467e+01 4.974281703829895918e+01 5.645535772822847775e+01 6.643234912133500814e+01 8.574239967872527757e+01 9.159168951440457818e+01 7.499625481933296101e+01 9.159168951440457818e+01 8.836135128895101332e+01 6.981052239462087527e+01 4.948615105233081124e+01 6.981052239462087527e+01 8.106038192504078665e+01 7.512319265291615977e+01 9.539402478818027475e+01 1.089595366093700193e+02 9.732350923179585322e+01 8.153901736958148661e+01 6.101426724043474081e+01 7.504852147226344528e+01 5.877358917574103714e+01 6.041572050063796695e+01 9.107777557038590999e+01 1.030501468806533154e+02 1.109992194907291747e+02 1.192918111807434087e+02 1.131943100966687723e+02 9.308012132660364557e+01 7.852764909370790747e+01 8.875615797028476095e+01 6.838638255605646066e+01
5.439212712930562788e+01 3.414667723807578170e+01 4.356894203388662845e+01 2.406679740466745443e+01 4.393086101367924812e+01 3.606102598483973054e+01 4.113262288526064481e+01 6.110038518484406467e+01 7.608737440003017127e+01 8.406932363069816461e+01 9.371530529168266810e+01 1.030408458661640339e+02 9.501644326296197107e+01 9.435719774688412542e+01 7.406579313222822236e+01 5.961203684517987966e+01 5.313656775852080472e+01 7.353469361552431849e+01 8.778652324432414389e+01 9.539402478818027475e+01 1.036904155694254541e+02 1.006718452864906510e+02 8.045720690125783392e+01 6.856566085461632554e+01 7.293633281962618753e+01 8.771444610086602722e+01 7.933642986263784280e+01 6.312636292542126171e+01 7.524737533935802958e+01 9.539324600926565267e+01 1.088310571006651912e+02 1.229244438416081522e+02 1.131946922257559436e+02 9.308012272354177696e+01 9.897109053844299353e+01 9.280648669836365627e+01 7.219184391824782665e+01
4.847026532228681361e+01 5.439193048419207344e+01 4.496417331838856768e+01 2.458600692131511423e+01 2.909865055220753405e+01 4.924618512231966605e+01 6.110038518484406467e+01 6.917325737346915560e+01 7.572186437521159519e+01 8.406949638284069692e+01 9.409707367692136870e+01 8.577429130277471359e+01 9.409707367702479530e+01 9.655740602225301927e+01 7.628984034624082256e+01 8.000900794406095429e+01 6.333654015788940228e+01 5.900637572052720259e+01 7.943068337736897888e+01 9.421034612423112264e+01 1.058654909822212744e+02 9.854626104338173320e+01 7.829753145248751878e+01 8.900091837320549359e+01 8.739583316720886330e+01 9.035212970007276567e+01 6.985132391282591868e+01 8.386188784077279479e+01 7.086950804112473179e+01 7.908155461145430820e+01 9.248985860714952878e+01 1.134262049222987656e+02 1.212764986479919003e+02 1.131945172181706454e+02 9.839996422737007720e+01 7.784941306484313372e+01 9.280681264062323521e+01
6.868877298607168314e+01 5.566782258958443919e+01 4.254628172316321866e+01 2.510950069454163724e+01 4.534844972578127908e+01 5.742083967102670528e+01 7.161246260727496349e+01 7.238876109942042092e+01 5.545765511826645167e+01 7.238876109942039250e+01 7.731022401551892642e+01 6.548178581882534388e+01 8.232687269702476840e+01 9.066089776469374328e+01 9.655740602225301927e+01 9.207094730488977063e+01 7.780032677945683872e+01 7.943068337736897888e+01 6.548213685445011834e+01 7.731633320192233327e+01 9.758183375019471839e+01 1.068364985786197536e+02 8.744142903116443222e+01 1.068364971144820430e+02 1.075214947829816197e+02 9.515973991855960890e+01 7.478844732008823826e+01 9.515973991855960890e+01 9.136819978437448242e+01 8.209990504189218541e+01 8.344136694548382138e+01 1.093519542498945043e+02 1.196970961416051011e+02 9.947472861262906463e+01 8.761090853507346310e+01 9.244349085165460167e+01 8.568422951412340183e+01
5.430697583351027902e+01 4.835670994832295122e+01 2.706905291420477511e+01 2.563689787334208248e+01 4.587035223076153301e+01 4.293174687570588333e+01 6.321289026033068836e+01 6.402231340187630337e+01 4.378699239848695868e+01 5.961474940239038034e+01 5.704872808477128387e+01 5.534662770232830553e+01 6.203024019929139143e+01 7.897248075876183293e+01 8.645835212952403026e+01 9.477941197297941756e+01 9.805521802526888564e+01 9.421034612423112264e+01 8.588154155338712314e+01 7.353300484907246926e+01 8.533253626024641392e+01 1.054871066510080766e+02 9.908824728492700729e+01 1.158062391002626299e+02 1.093924958862140073e+02 8.926433936681051762e+01 9.515973991855960890e+01 8.400431069449541610e+01 1.041670791364515196e+02 9.247521634023740944e+01 1.074351611317107000e+02 1.179873901725883343e+02 1.279679131835683279e+02 1.163356192926110708e+02 9.789922757516787044e+01 1.127801630349365496e+02 9.490924803481544814e+01
4.838359052754558576e+01 3.370120189248795128e+01 4.835213956317629425e+01 4.555146747487787451e+01 2.638641002987844431e+01 4.661133864103658908e+01 5.575692280957969160e+01 5.218257474861557910e+01 3.605503896862440882e+01 3.937677525194985861e+01 4.277258544899041226e+01 4.633617432896866006e+01 5.035515649672363026e+01 7.060860646081543734e+01 6.614984205153217545e+01 8.645835212952403026e+01 1.064160176438929710e+02 1.102662418476130171e+02 9.016158713067478914e+01 8.269077573901707012e+01 1.021462257478154498e+02 1.137459556329577026e+02 1.190622611328266629e+02 1.273399473576491374e+02 1.176858830726695118e+02 1.093924958862140073e+02 1.005456140136646610e+02 9.835125370414125712e+01 1.005456140135309937e+02 1.116979073445393027e+02 1.200372186167129911e+02 1.321196560459421789e+02 1.403943691450022300e+02 1.264188173666155279e+02 1.122711134341244019e+02 1.152012038153177400e+02 1.093187027701774525e+02
4.104547531825703999e+01 5.430697583351027902e+01 6.257306431029286387e+01 5.487709987668905143e+01 4.664630158528257908e+01 2.713423350683475377e+01 4.740289472578220398e+01 3.177174643472699245e+01 5.218248031799004849e+01 5.961454581993839241e+01 6.298317695019317597e+01 6.655791588897092481e+01 7.060860646081543734e+01 5.707360279806406567e+01 7.737611031829811736e+01 7.791227141217730434e+01 8.964020994485072436e+01 1.097332206066075315e+02 1.102662418476130171e+02 9.441092429378456075e+01 1.111438907411648671e+02 1.148164425784406291e+02 1.229854972656723930e+02 1.311956510312127477e+02 1.229786450892031269e+02 1.288747166706269525e+02 1.205846247112230856e+02 1.183981066532732314e+02 1.205846246571887548e+02 1.288747101018172430e+02 1.266050416041497328e+02 1.123087474441568645e+02 1.233062920119491395e+02 1.315596110478809919e+02 1.323230375748188976e+02 1.352392873507554043e+02 1.294028176191690136e+02
5.266706000430834678e+01 6.960048323986866592e+01 7.348861685695949575e+01 6.512570178930974407e+01 5.205784785852239338e+01 3.203722073819248095e+01 2.788558284935342257e+01 3.018583413860165621e+01 5.480075414819815904e+01 6.459773169630133793e+01 6.529932143555683410e+01 8.551166720537078447e+01 8.572535096463506932e+01 7.737611031829811736e+01 7.144036572630217563e+01 9.170626541507792240e+01 1.064160176438929710e+02 1.179896129608428765e+02 1.226879299664793592e+02 1.144479264107977343e+02 1.114700313169822579e+02 9.477848154098747102e+01 1.114700313169822579e+02 1.196957135057350428e+02 1.030266720199079060e+02 1.196957135057350428e+02 1.284260907958067151e+02 1.201873540289947471e+02 1.284260898583117694e+02 1.208074780279085871e+02 1.067475953205627661e+02 1.007965808943277324e+02 1.034359776375922308e+02 1.174984374594915835e+02 1.373276932349806430e+02 1.215815772280986948e+02 1.130219731327436961e+02
7.292796077469635918e+01 8.128297588983129174e+01 6.512575680208733786e+01 4.534137544047706569e+01 3.963279296038642485e+01 5.200584592599940947e+01 4.808323883402682242e+01 2.865012716661663816e+01 3.601334413126451750e+01 4.501685228731834343e+01 5.937168060038455764e+01 7.961239270261155809e+01 8.234398628749504212e+01 9.031244350252113406e+01 9.170626541507792240e+01 1.000115283430930759e+02 1.133752081078546894e+02 1.123316491696450612e+02 1.205659326896527261e+02 1.131739167234205183e+02 1.032475203794558496e+02 8.296205336525252960e+01 1.008480045201265938e+02 1.090169716468663239e+02 9.131522383190642245e+01 1.114593680667813800e+02 1.184924163419936463e+02 1.003294208469131377e+02 1.184924163419936463e+02 1.108081620295705108e+02 9.252512419055025816e+01 9.066615671743865335e+01 1.049205910224409877e+02 1.247865707217917333e+02 1.203061659787649802e+02 1.112270922288818582e+02 9.229467099353637138e+01
8.877103446876591875e+01 7.584534949293018258e+01 5.579083464129254821e+01 6.512576267412360664e+01 5.458389081437154289e+01 5.391796773405866361e+01 2.941648309056630595e+01 4.081422189327642513e+01 5.265659664541604457e+01 6.137113021012071101e+01 6.620407084059516478e+01 7.149351824895927621e+01 6.355027840667109018e+01 7.439394963334709132e+01 9.320406603164511239e+01 1.074310124483114635e+02 9.325393344278018048e+01 9.219660262078055268e+01 1.089842021874305971e+02 1.049144242806535772e+02 8.465222866596913320e+01 7.517088413688600212e+01 8.057127653809669710e+01 9.422942291269289683e+01 8.354938498377882183e+01 1.038455972068250901e+02 1.102583874328967113e+02 9.020090240385705727e+01 1.002296449160176479e+02 1.025444154390814191e+02 8.225331474931093112e+01 9.596111305961719040e+01 1.040497768085062660e+02 1.150934155191427095e+02 1.117536524112362457e+02 9.109812940484123089e+01 8.210127465043422035e+01
9.020699696330019890e+01 6.989655410489031340e+01 7.584534047846111093e+01 8.142926616235966719e+01 5.843491225350364715e+01 3.769036632906945528e+01 2.995930435375906598e+01 4.523696291231221522e+01 5.268593734411563645e+01 4.190144494308371748e+01 4.691933638328254119e+01 5.242214667770205239e+01 6.355027851030865804e+01 8.234427176550016725e+01 1.012945797671694947e+02 9.730820980795404296e+01 7.879940288238613277e+01 8.038397861753439599e+01 1.007066746245124307e+02 1.006885306750689040e+02 8.837041083917502249e+01 6.793558185521860082e+01 6.873048790799055041e+01 7.383754603417352769e+01 8.571662357821566047e+01 1.059727524897623852e+02 1.143664926062828613e+02 9.437397087350620950e+01 7.991540455426566325e+01 9.193639101497430488e+01 9.593042715371093720e+01 7.551921217084544935e+01 8.742010720561766846e+01 1.072116581222621932e+02 1.093997196005116166e+02 9.488848841888287211e+01 7.454646497624332824e+01
9.858692309073040860e+01 9.020700359395547707e+01 8.222756114077103007e+01 7.008642408353424003e+01 5.599831992207058562e+01 3.496515088566312102e+01 5.032725167385268605e+01 3.074543347879524191e+01 3.513082922107806638e+01 5.491799698896762294e+01 6.620407084059516478e+01 7.149352295327271634e+01 7.938909072343999185e+01 9.031617262056106199e+01 1.033145707753172644e+02 8.303303686465733335e+01 6.856366106778318681e+01 8.897336061422475950e+01 1.006885306686740194e+02 8.634949740803862994e+01 7.201046414112822447e+01 6.235097862674796687e+01 7.674230692282098687e+01 9.427787100994711977e+01 1.025902673801167140e+02 1.142313596121156678e+02 1.129166063258589219e+02 1.043757071561983309e+02 9.193639101249041801e+01 7.146962184462520895e+01 8.656989053673922285e+01 7.146962184400403828e+01 8.613696262508842949e+01 1.071338376723368810e+02 1.008405060568141920e+02 8.036029740495969520e+01 6.882144410801046774e+01
