LEM/sinusoidal_perturbations/elevation_000258.asc
nrows	100
cellsize	150.0
xllcorner	0
ncols	100
yllcorner	0
NODATA_value	-9999
[rows 17 to 33 of 100, columns 0 to 36 of 100]
5.222468517465790779e-03 1.121158625575804457e+01 2.656280843410829817e+01 3.025332741297530603e+01 2.190698117073925477e+00 1.742847118473589640e+00 2.042052657068227806e+00 2.341372940737621811e+00 4.086077539878189668e+00 2.424403017877136080e+01 3.439573373638925347e+01 4.109443116662333750e+01 4.972511939765483646e+01 6.003713450646873184e+01 6.594202860438655023e+01 4.592790322463211794e+01 3.668852798993366093e+01 1.712692337354508254e+01 1.568363264328896278e+01 3.546229644583473117e+01 4.013442267650997053e+01 3.668272986530114110e+01 3.692816411981885238e+01 2.833722102649489116e+01 3.369782318124194376e+01 2.012440383518357834e+01 3.132174619339692612e+01 4.645354936340245899e+01 5.650425453228387340e+01 3.778930764051681024e+01 3.992740042904831910e+01 2.070816748266569718e+01 4.062402686172008970e+01 4.816293801582637002e+01 5.565801070716347709e+01 4.829389270538492696e+01 3.321623609066169536e+01
7.333276091007126865e-03 2.000697170485510412e+01 3.533372597564116546e+01 3.287825305684074095e+01 1.262823662290658078e+01 2.368157469027717354e+01 2.198227547761596412e+01 4.399565233644834983e+00 2.038253212898377953e+01 8.311827024345465276e+00 2.882077047363097577e+01 4.298458578040226996e+01 5.872596544891295878e+01 6.749341663982342254e+01 6.037523792204819983e+01 4.050470020536030091e+01 2.881471308673742016e+01 3.658693580949519486e+01 2.162842367371103691e+01 1.612321027784850003e+01 2.831718597578278107e+01 3.312875693074214212e+01 1.734127717108223621e+01 1.766250623610815396e+01 1.798079460695126741e+01 1.829502053829615349e+01 3.376296721902004094e+01 3.541387760161627796e+01 4.672483796450565308e+01 3.505848619401147204e+01 2.029696067571089557e+01 2.568565007948812706e+01 2.950568922744942313e+01 4.383883094598348151e+01 6.398582580264053377e+01 6.305178485489134488e+01 5.442898449397730332e+01
6.343274376862209282e-03 1.414848324291386206e+01 3.414934280746367534e+01 4.244969235803334584e+01 2.783822565393208848e+01 3.279298892016100808e+01 3.617523842459876704e+01 1.786795998860844747e+01 1.729072786186334199e+01 2.882077219241497801e+01 1.342027919089876065e+01 3.418174103191712732e+01 3.727490138518471241e+01 5.644889736701063043e+01 6.867393671836384783e+01 5.713776585483313397e+01 4.840371485430960519e+01 3.002398221274725287e+01 3.879772461850719623e+01 1.870928617513980186e+01 1.656806763278635231e+01 1.688540096224764753e+01 1.965271238655530439e+01 3.721225535589953637e+01 3.792559826581442195e+01 3.805671492649403831e+01 1.873155020550430194e+01 3.406474281087600531e+01 3.916796274180660475e+01 1.988332726087334379e+01 2.581481868488341647e+01 3.895311466611845219e+01 4.974181431672931808e+01 4.121289997989634202e+01 5.291772133141096646e+01 7.296934191620107413e+01 6.985220689437164765e+01
3.497053469895897767e-03 1.414563267720072126e+01 3.414563267720001249e+01 5.294988648541265519e+01 4.918176019838629998e+01 5.184082981531521028e+01 5.348571784534135531e+01 4.259298581972186781e+01 2.837563325551196414e+01 4.119403307042443885e+01 2.015715637920881775e+01 2.015715639414995763e+01 2.634110597356911043e+01 4.131902311096339986e+01 6.278850277582090911e+01 6.066693626892995184e+01 4.041549611079098980e+01 4.897561437408709395e+01 4.839865813174139930e+01 2.906432730172979717e+01 3.730788413136846060e+01 1.807623298898475639e+01 3.724280717622875159e+01 2.353902544290990662e+01 4.251609432055780502e+01 4.520865247624562500e+01 2.233450959875430897e+01 1.915877008433584550e+01 1.946281293597649054e+01 2.637863934224008844e+01 3.548507357463677181e+01 5.340706208086008644e+01 6.834980006154226828e+01 6.139253333899247878e+01 6.968068798997578028e+01 8.124541868969305369e+01 8.188535563951049312e+01
9.635555453094322986e-03 2.000963555545273920e+01 2.466582802891537440e+01 3.568766216162600813e+01 4.123459562136517320e+01 4.755920677263321750e+01 5.511848356686446948e+01 5.679202973775006313e+01 4.826802250325337695e+01 4.924499938396232324e+01 2.794414469948108604e+01 3.216609003468118289e+01 4.760729238530866070e+01 3.853320728927982941e+01 6.000272061650993294e+01 6.909518830625862051e+01 5.185639431835551250e+01 6.225472922504457784e+01 4.505566422374857893e+01 4.314797524861786115e+01 2.194157860535900184e+01 3.870912161150755537e+01 4.721984612680640225e+01 4.260651356817022162e+01 2.753489808501835867e+01 4.664698126804871947e+01 4.353683446510760291e+01 3.308889299405723960e+01 2.007875767935405875e+01 3.999383752675939974e+01 5.345191845836405520e+01 6.259044698713143617e+01 6.160504239818618544e+01 7.000330669006920914e+01 6.983596026082167896e+01 7.824427946725313632e+01 7.921292213414692185e+01
8.845047570523793118e-03 2.000884504757016913e+01 1.052369245244976170e+01 1.568767024739293880e+01 2.123467220964513302e+01 2.755922752998177927e+01 3.511851699015449668e+01 4.666552232448222526e+01 6.666544342068492313e+01 5.807833206996424735e+01 3.850945327140405539e+01 5.352942163702902434e+01 6.235426497061698115e+01 5.091900173600276958e+01 6.880896671366815553e+01 8.098737963520103733e+01 7.270288602558115088e+01 6.946536738772768160e+01 5.951061609708037992e+01 4.705049008993334780e+01 2.517211423484736699e+01 4.078005564853295084e+01 6.218865665478671900e+01 4.963165194205820541e+01 3.038363462404882753e+01 4.963165194204236030e+01 6.030135398279013970e+01 4.154246742803668013e+01 2.122474090793132717e+01 4.155125526574159522e+01 4.584938845386682260e+01 4.775658658270410228e+01 4.097281693731722640e+01 5.391585053934375082e+01 4.936940899712911346e+01 6.264942548477638695e+01 5.892686457270572475e+01
8.023991185656003874e-03 3.857025785783153360e+00 1.202199159506034398e+01 2.202199159499480530e+01 4.123465803387993844e+01 4.755920677263321750e+01 5.511848358887109356e+01 6.340222277165050002e+01 7.494884003803734629e+01 6.878090816152585774e+01 5.998054556084063904e+01 6.878090709662140512e+01 7.199002715527076646e+01 7.241130721938691295e+01 8.115107596993037475e+01 8.876828300021563223e+01 7.709794121250546084e+01 6.782102261398740950e+01 5.284224956530114525e+01 3.076894771290676900e+01 4.705049008993334780e+01 4.314284575990150472e+01 6.443739803005389888e+01 5.274907741651893645e+01 3.328076405106065749e+01 5.274907066538695943e+01 6.050861869639349067e+01 3.888710924071813224e+01 2.234480098680334592e+01 2.348528131257643992e+01 2.524715233398227454e+01 2.712699043877719163e+01 2.901531113922554539e+01 3.299740352084019435e+01 3.722398727982436384e+01 4.194851118673048518e+01 4.764039174335952254e+01
4.598823041778624977e-03 2.000459882304142312e+01 2.385702486487696916e+01 4.030622723819154629e+01 3.835192283511707956e+01 5.835190793669517006e+01 5.854305568667504645e+01 5.753870189661017776e+01 6.557325143074852747e+01 6.799407722174231594e+01 6.635118292464868262e+01 5.833101201994303864e+01 5.267342118521511196e+01 6.633529187492142398e+01 8.564266773790077991e+01 8.047655318563958815e+01 6.017878615213078319e+01 4.775999347960425467e+01 3.755291080942424742e+01 4.384583997692566726e+01 6.140806157873782922e+01 6.443739807377033912e+01 6.945842328979999536e+01 5.604515883281406730e+01 3.626867332028547253e+01 5.604515883281406730e+01 6.312190596103474860e+01 4.886320952511076143e+01 2.724290140476634647e+01 4.404883851296386865e+01 3.123306227611569952e+01 4.775658212143967773e+01 4.969325240980909797e+01 3.215511530308170762e+01 5.290052629957578034e+01 6.264942548477638695e+01 6.812386358628000949e+01
7.340434288523949372e-03 1.414947605801959973e+01 3.414947605802030495e+01 5.214121278729732012e+01 5.835190793669517006e+01 5.277984496045681340e+01 3.897383992711933587e+01 3.797478938183342478e+01 5.430622647984766616e+01 4.857464190738699727e+01 4.857464190738699727e+01 3.881834047286780986e+01 5.833101202092208126e+01 6.632040214911665998e+01 7.434405660567037444e+01 8.398455129728468194e+01 6.828012915352761070e+01 4.704738859494020176e+01 4.890298654187753158e+01 6.513157360587202049e+01 7.352420223392505250e+01 7.510002426174688139e+01 6.118482382091984562e+01 4.094994601046905558e+01 5.604515883281406730e+01 6.433860589436397959e+01 5.465404911064708671e+01 3.371455804829047054e+01 4.886320952511076143e+01 5.732221342264123365e+01 3.750507147952054510e+01 5.802032318363634289e+01 6.132142290944783980e+01 5.290052629957578034e+01 3.541956373678657854e+01 5.620824359070367393e+01 6.491330829431150562e+01
3.515918393995972821e-03 2.000351591839364218e+01 3.645587939415526790e+01 4.800435296157341725e+01 5.129747099381766873e+01 4.227594330887320950e+01 2.488784823826766868e+01 2.645600181545450980e+01 4.015601140188508111e+01 4.299407191047161092e+01 2.884448324164092980e+01 3.440274284034261854e+01 4.042077906033986778e+01 4.700469113169517499e+01 5.671036563763797744e+01 7.593202690239853325e+01 7.509234886673326059e+01 5.427353037980338968e+01 6.390994267039206278e+01 7.816882162851490534e+01 8.120468569701492356e+01 6.095160416330093511e+01 4.633638485802693907e+01 6.118482382091984562e+01 6.945901047144712948e+01 6.120745642490953031e+01 4.048376287703348453e+01 5.465404911064708671e+01 5.397201912447196293e+01 6.639135044302054212e+01 5.802032318363760766e+01 4.877268268864478529e+01 6.890507969395139298e+01 6.460355194830441405e+01 5.620811396534620030e+01 3.883229117875452374e+01 4.433317357542699000e+01
4.608085242692564441e-03 8.169573894932975477e+00 1.971658002513169095e+01 3.971706816555602870e+01 3.863286908501149952e+01 2.514010285607661288e+01 1.485573056244888512e+01 1.748387602241876237e+01 2.028835201933417309e+01 2.317844093277849993e+01 4.299407191047161092e+01 5.401384944154017376e+01 5.988159458152945547e+01 6.632040214911665998e+01 7.434405660567037444e+01 8.400378169119250060e+01 8.267762252396403255e+01 6.213726006163978610e+01 8.267762252396403255e+01 9.242770058663759869e+01 8.841858989569986704e+01 7.128472985339134027e+01 5.064157478326639961e+01 6.540205700441585179e+01 8.548675842839183758e+01 6.605946963273379424e+01 4.547412098277860082e+01 6.605946963273379424e+01 7.507539902115937025e+01 8.303825861822339505e+01 6.342935614944049405e+01 6.890503849121547830e+01 6.957226285394898468e+01 4.921554540479985462e+01 4.278248942383171283e+01 5.959952900096853057e+01 6.491330829431150562e+01
1.610643649003322799e-03 2.000161064364864671e+01 3.644656684955239712e+01 3.607224258345915047e+01 2.790881997723292685e+01 1.132037811527096594e+01 3.128812692725083622e+01 3.739423323772556529e+01 4.015601140188508111e+01 4.299407191047161092e+01 2.963098278854398515e+01 4.923306767739309464e+01 6.096154766564771421e+01 6.653302506838480213e+01 7.293901275802286932e+01 8.093651660644394497e+01 9.036242219073021431e+01 7.419815463057446436e+01 9.098573725846362947e+01 9.425923962305797943e+01 7.464337534044085487e+01 6.003156807818273677e+01 5.921221074188072464e+01 7.128472985339135448e+01 9.114962483331940746e+01 7.375114995518174510e+01 5.340087665777522119e+01 5.590345118301527805e+01 7.621548808245223938e+01 9.146812943662256146e+01 8.310925169176763916e+01 7.958865714852265683e+01 5.955586458210778034e+01 6.957226285394899890e+01 6.343448075334227809e+01 4.730074385740084608e+01 6.774437765083276020e+01
2.022278438842990342e-03 1.626620028398562923e+01 3.704817375502129551e+01 2.788718054049002859e+01 7.914745067901061581e+00 2.789529151343997526e+01 3.290032456336410860e+01 2.495161477045213871e+01 3.435072271151847190e+01 5.189155693618648968e+01 4.923302154900820682e+01 3.657485743998851291e+01 4.176144671967648492e+01 4.751247675138569804e+01 5.409249587694225170e+01 6.414644819605352666e+01 8.260821396795506644e+01 9.426079107692368098e+01 1.025674560920527938e+02 9.425923962304014481e+01 7.464337534044085487e+01 7.464337534044085487e+01 7.385754424455902267e+01 7.602035888791525053e+01 9.560134082577337722e+01 8.216218169544507077e+01 6.365434377079579775e+01 7.029449943898264053e+01 7.029449943898264053e+01 9.051001916817348558e+01 9.370594762402653544e+01 7.374110477365819349e+01 7.374110477365819349e+01 8.778801332623237386e+01 6.774437727528056996e+01 5.523262925970106352e+01 5.244717872096113354e+01
6.642187732006160465e-03 1.424263668063820809e+01 2.951866111280279625e+01 2.513702161278795799e+01 5.621177569258632545e+00 2.250985542775909920e+01 2.224213011488486202e+01 2.878054493191810170e+00 2.442666763438679567e+01 3.223838009749602662e+01 4.687349042408415301e+01 5.594596480029638030e+01 6.096154766564771421e+01 6.653302506838480213e+01 7.293901275802286932e+01 8.093651660644394497e+01 9.062740332215408046e+01 8.845774196300723702e+01 9.701911756088118466e+01 1.021938044371826066e+02 9.425923962304977977e+01 9.425923962305797943e+01 9.350972943711242635e+01 9.560134082577337722e+01 9.451318721857404626e+01 9.228445437132126017e+01 7.791959920729742350e+01 9.051001916817348558e+01 9.051001916817348558e+01 9.897097147328688038e+01 1.020922618173543697e+02 9.370594762402653544e+01 9.370594762402653544e+01 8.796052202706508183e+01 6.801652595629526843e+01 7.534683151175426019e+01 5.897833128756600729e+01
1.591255364720534126e-03 1.876298156429694330e+01 2.146506163767032405e+01 2.608043730208570565e+01 2.213537509035075246e+01 2.838936939449109076e+00 2.042640932043649382e+00 2.343484650813469017e+00 1.356822480462605185e+01 1.998461023291192973e+01 3.581369586663852544e+01 4.829034864003963889e+01 5.055019679130701604e+01 5.897757392288130518e+01 6.035210079350220269e+01 6.868122212923807979e+01 8.526019212573750394e+01 6.821550927907634332e+01 8.526019212573750394e+01 8.434561024836719412e+01 9.289402333245070054e+01 8.770622256812914941e+01 9.627180017071775353e+01 8.865936013707451480e+01 7.454778650834506948e+01 8.865936013707451480e+01 9.816027584804324135e+01 9.412383339216562206e+01 8.585898013128065998e+01 8.325594190514536308e+01 9.152353893524103512e+01 8.612437961501646555e+01 9.438829139614901464e+01 9.631936816580771676e+01 8.209630770409803802e+01 8.559337577139449138e+01 6.569855269591931801e+01
6.189296070378335485e-03 1.045695648785552301e+01 1.646336067715397888e+01 1.954360797617952983e+01 2.054238875420509558e+01 1.616803760163473491e+00 2.072114400870294304e+01 2.175742655348448551e+01 2.767755121899786896e+00 5.197093729843930809e+00 2.832205674102873516e+01 2.673547001229524867e+01 2.913995849936596727e+01 4.579105296549631277e+01 3.975966947277294850e+01 6.035210079350220269e+01 7.677088529021389718e+01 5.665682306279391156e+01 7.677088529021389718e+01 6.414398729526637055e+01 7.337910254796236131e+01 6.744461512586204321e+01 8.770622256812914941e+01 7.968067859294467326e+01 6.026627612648100296e+01 7.968067859294467326e+01 8.690363749438297702e+01 8.253831607695502726e+01 6.574522756372026322e+01 6.310976941884825209e+01 7.992366610453946407e+01 6.601595078641797443e+01 8.280533184576779604e+01 9.697792704922726159e+01 1.021179880000287881e+02 9.393715689597642893e+01 7.563329508096236964e+01
2.247884206357958405e-03 3.002247844425369738e-01 5.982347619836118069e-01 8.963440375707170116e-01 1.194552784879244323e+00 2.133568660527602745e+01 2.895160914095277249e+01 2.854243758030305145e+01 1.814596763713701577e+01 3.192299013931314544e+00 7.059979996008634018e+00 1.105928495128501154e+01 1.696696111645957217e+01 2.409230665919284320e+01 3.704765742114523164e+01 5.773475339441554866e+01 6.965949087455467748e+01 4.958571677506007802e+01 6.965949087455467748e+01 5.259111208841132168e+01 5.328182333208346222e+01 7.337910254796236131e+01 8.457362329725397387e+01 7.139344680719034386e+01 5.114045408775758261e+01 6.682009486199814319e+01 6.682009486199814319e+01 7.424629967198609393e+01 5.398499952592629114e+01 5.132974214109439970e+01 6.368610816016975207e+01 5.425619626520099104e+01 6.863273664230864313e+01 8.637479053899537007e+01 9.793160673624502977e+01 1.039478713331487398e+02 9.555345646182664154e+01
