LEM/sinusoidal_perturbations/elevation_000304.asc
nrows	100
cellsize	150.0
xllcorner	0
ncols	100
yllcorner	0
NODATA_value	-9999
[rows 0 to 16 of 100, columns 0 to 36 of 100]
8.271705653423140972e-03 8.173237514930754344e+00 1.817323751493093198e+01 3.231537313866238037e+01 5.231537313899249853e+01 5.718822323902146110e+01 5.937399288404985498e+01 6.764879957222986206e+01 6.307606029007384763e+01 5.498001091099592230e+01 4.889120852472498058e+01 5.273978927085260437e+01 5.681942791016144412e+01 6.117899668701761584e+01 6.783712522679482504e+01 7.538662089158833624e+01 8.366203493750579412e+01 9.364940437690550823e+01 1.090376243728636467e+02 1.006932275991131291e+02 1.033035961532723377e+02 1.116500997688675056e+02 1.061906604981409288e+02 9.783646356673284572e+01 9.522392707785624566e+01 1.035758973511197354e+02 1.071950244484101802e+02 9.900635939021685772e+01 9.900635939021647403e+01 9.720033546660572199e+01 1.053956989688179391e+02 9.949168102262574109e+01 9.127369072510627745e+01 9.127363523671299106e+01 9.360739917140891464e+01 9.360739917140890043e+01 1.017854498926584341e+02
7.813061968023241044e-03 2.000781306196766707e+01 3.645750878941749562e+01 4.645750883505589002e+01 5.132824268718822935e+01 3.719317850107882606e+01 3.938076602839321083e+01 5.004916447798309065e+01 5.179789731827082022e+01 3.518166023630256234e+01 2.888684262308160910e+01 3.274429636699088064e+01 3.683377510020724088e+01 4.120094276970819180e+01 4.786273960746334666e+01 5.541253283858429057e+01 6.540085774964622090e+01 8.537238403353043736e+01 9.742491461235002248e+01 8.059241092856721878e+01 8.319972945583226931e+01 1.033035961532723377e+02 9.783646356673284572e+01 7.769358152952992214e+01 7.507908154310800342e+01 9.194212101383531888e+01 9.900635939021675824e+01 7.903475361010441702e+01 7.903475361010441702e+01 7.721819774014257121e+01 9.389228226266781974e+01 9.127369072510627745e+01 7.132123636150201662e+01 7.132123521595102034e+01 7.367300091668531081e+01 7.367300091668529660e+01 9.360739917140890043e+01
2.526786264046545528e-03 1.414466240999487212e+01 3.414466240998574165e+01 3.966411178087464151e+01 4.304959136699581990e+01 2.303981077743523542e+01 3.304491260202726011e+01 3.004469246776865532e+01 3.885502753218217720e+01 2.362441052180044565e+01 4.363924670384627547e+01 5.263295878882456691e+01 5.681855364088126237e+01 6.117899668701761584e+01 5.062074380113229921e+01 6.215366252125485858e+01 8.212586371603843816e+01 9.364940437690550823e+01 8.908801568344208022e+01 6.892242616249828302e+01 8.908801568344208022e+01 1.024061476663104315e+02 9.522392707785624566e+01 7.507908154310800342e+01 6.339271189462944278e+01 7.534644153150490808e+01 8.370061649061621267e+01 8.488430151191485606e+01 6.474991327096580562e+01 6.554091701376820822e+01 8.492679337083377789e+01 9.244851293016249372e+01 7.716517494328651594e+01 5.728962893030887926e+01 5.962136683063149434e+01 7.367300091668531081e+01 9.360739917140715249e+01
4.163169627051843593e-04 2.000041631696235100e+01 2.366502277478319627e+01 1.966411178040227625e+01 2.742029214820265537e+01 2.934867646878005942e+01 1.303512503217371332e+01 1.589116224696154056e+01 1.883933022379922306e+01 2.591884188078788043e+01 3.487647243593412583e+01 4.642773911073802395e+01 6.644946257772608078e+01 7.887004978275595590e+01 6.215366252125485858e+01 7.887004978275595590e+01 9.040265106174385323e+01 9.724205227408373275e+01 7.711186687630204517e+01 6.280805386411490332e+01 7.391121367820177568e+01 9.406354812468005377e+01 1.035758973511197354e+02 8.961316641002946426e+01 6.943697059617431933e+01 5.515960269751213474e+01 7.534644153150490808e+01 7.776572028180601137e+01 5.744970104041844650e+01 5.632035427807064565e+01 7.666448628927527409e+01 8.289787749181144250e+01 6.430542952201474804e+01 5.052840257014980807e+01 7.013806199808483655e+01 8.154892409863306568e+01 9.150228002447137499e+01
5.883922493566802643e-03 1.831625780844122309e+00 3.665022774900548619e+00 5.521976156671074776e+00 7.420292148176081071e+00 9.353725408694751664e+00 1.236833767793956973e+01 3.238777954996349706e+01 3.885502753218217720e+01 4.593269033740885732e+01 5.421661635457397921e+01 6.317656919951767236e+01 7.477175759356886431e+01 8.023545722373962974e+01 8.212586371603843816e+01 9.040265106174382481e+01 8.961928723064964686e+01 8.127417869867053923e+01 7.760923595141899511e+01 5.741800667917051015e+01 7.760923595141899511e+01 8.898047923486771538e+01 9.732504879608249837e+01 8.619057366744094395e+01 7.058835798809278117e+01 5.046262307275086556e+01 7.058835798809278117e+01 7.134123090274849233e+01 5.098858890347640482e+01 4.910844113896674656e+01 6.947174943802589553e+01 6.896802079105775363e+01 5.503816409027216849e+01 4.654886891510476943e+01 5.358973026824700270e+01 6.335248107461761435e+01 8.327439468050671678e+01
1.256007409845548732e-03 2.000125600740949139e+01 2.366502277491198214e+01 1.966411178040227625e+01 2.350610007709075333e+01 2.109457777089369657e+01 3.222493549562325654e+01 1.678780853535243978e+01 3.682762099429626090e+01 4.562102263485341780e+01 4.979070537543387331e+01 5.449820833467128978e+01 6.025937330471077757e+01 6.025937330471077757e+01 7.559578902403150380e+01 8.558669154629185982e+01 8.127417869867463196e+01 6.111457233171366710e+01 6.701918433052281898e+01 5.294532849238104433e+01 7.309433983121587630e+01 6.882696411425342831e+01 8.898047923486771538e+01 7.783755697248851391e+01 5.767476322613782713e+01 4.614468892913910736e+01 6.619656257541802802e+01 7.733393425486632111e+01 5.709251179718626190e+01 4.329125454822710140e+01 5.755756591137262745e+01 5.638466524182580031e+01 4.184908060943761399e+01 5.251485446780819899e+01 7.207771769059519329e+01 8.154982315462301301e+01 9.150228001377095666e+01
9.594114293757748102e-03 1.415172973802458323e+01 3.415172973802387446e+01 3.966411178044510422e+01 4.326734356113761493e+01 3.877070198267558254e+01 4.427151855519142742e+01 2.837037602363557554e+01 2.158176276392653037e+01 2.560063836781382207e+01 2.979360944594532512e+01 3.452596474507640067e+01 4.030211242692199392e+01 4.735623250623143576e+01 5.732815185163541827e+01 7.730451882273391107e+01 8.127417869871989353e+01 6.111457233171366710e+01 4.695605700296378160e+01 6.200340249862572506e+01 5.460760337616142124e+01 7.199145003979681690e+01 8.033603179137443817e+01 7.849680432204151259e+01 6.226406661363058959e+01 4.227716991664627955e+01 6.226406661363058959e+01 7.856284978233711058e+01 7.136340072409268487e+01 5.755756591134360889e+01 3.890473181240695055e+01 3.762748120636860705e+01 5.638466524182525319e+01 6.895077232332283756e+01 8.028797981011182117e+01 9.687074293204932474e+01 8.219486524445149200e+01
7.711341127313004785e-03 2.000771134112695648e+01 2.930258960797141654e+01 3.446656740268576868e+01 4.024007007516332379e+01 4.852433942654337784e+01 5.665711002684007269e+01 4.838043246807585973e+01 3.161917454095130253e+01 3.426953619619878566e+01 4.135195674119531617e+01 5.449820833467128978e+01 5.083413982038569401e+01 6.731633533718459717e+01 7.559578902403150380e+01 8.558669154629185982e+01 8.717477405936101320e+01 6.701918433053349133e+01 6.200340249864322573e+01 4.202206622032864658e+01 5.779096694309479432e+01 5.190893425219091739e+01 7.199145003979681690e+01 7.014616755662495962e+01 5.006550750871645050e+01 3.861102421495553472e+01 5.006572339831728868e+01 7.017305328459286784e+01 7.397035482396951522e+01 6.586149180657365321e+01 5.341886851549072901e+01 3.455619124984512069e+01 4.777815108933727117e+01 6.703676502720092856e+01 6.906091779150763443e+01 8.298089140576247758e+01 7.411627808823710950e+01
2.297228869525369630e-04 4.588544400298168568e+00 9.302589608208444716e+00 1.446656740315162182e+01 2.024007009504777699e+01 3.438220571877922538e+01 5.438220571812377102e+01 5.989021390692467151e+01 4.576501034892319097e+01 4.427425859078189774e+01 6.131825038595493993e+01 6.959514654736631201e+01 7.080144360583962282e+01 7.908108160314556301e+01 9.528254508991717842e+01 8.700441978896516559e+01 8.898047923484557487e+01 6.882696411425342831e+01 5.460760337616142124e+01 5.779096694309479432e+01 3.785919870047636238e+01 5.391907800192744560e+01 6.224022234832179379e+01 5.903069365529749035e+01 5.071619156695645358e+01 3.530285459146247717e+01 5.522878911439268990e+01 6.925399260529184176e+01 5.641931653151883808e+01 6.661502762759934626e+01 5.117071759532378650e+01 3.213401867081052643e+01 5.122618188118672578e+01 6.248380783608573097e+01 5.529684965376636541e+01 7.484871903804362603e+01 7.175418706225849519e+01
9.647730019007896146e-03 2.000964773001865282e+01 2.930258960797141654e+01 3.446656740268576868e+01 4.024007009485600861e+01 3.178707547884049944e+01 4.333408086263342085e+01 6.333408086155954919e+01 6.573715820783577612e+01 5.839486191905103851e+01 7.252378714218855293e+01 8.120215492205922203e+01 8.703175971294963631e+01 8.241227670512053294e+01 8.372324342891366200e+01 6.696815423755252539e+01 8.372324342891366200e+01 8.307600644098477005e+01 7.472979202832924273e+01 6.612248302178258541e+01 5.391907800192744560e+01 3.399867366531822910e+01 5.036977666699424816e+01 4.800284874281597070e+01 3.077496903140152540e+01 5.071619156717650867e+01 6.355608918394437978e+01 6.155989663050747396e+01 4.530140708790295179e+01 5.038516812725462302e+01 3.902241841812588774e+01 2.966891264406340056e+01 4.904904682084226408e+01 4.334765042983408989e+01 6.248380752722424347e+01 7.175418192734778700e+01 4.998961955565544457e+01
3.582433992925927561e-03 2.000358243399256963e+01 3.180554288108682570e+01 3.847220956141872961e+01 4.675648804478971243e+01 5.178707547838664738e+01 6.007134644342708896e+01 7.161835163206474419e+01 8.140499199820759202e+01 7.837148224315876632e+01 7.539877439870967635e+01 6.133152541027602211e+01 6.715149804739351680e+01 6.231930331472786122e+01 7.543647647930224309e+01 5.530102473447364986e+01 7.543647647930224309e+01 8.665602475153990270e+01 7.709467510453501404e+01 5.697595913857144723e+01 4.545653331433759092e+01 5.036977666699424816e+01 3.042569920170842224e+01 2.803371570848261030e+01 2.770240918076089542e+01 4.767502418196097835e+01 5.448035955284341725e+01 4.641976358292392035e+01 4.355455724403879003e+01 3.438507466046494443e+01 4.631475451319224845e+01 2.725566899906853635e+01 3.382575579430044854e+01 5.291317585682400448e+01 5.654339427016836339e+01 5.429397309685113981e+01 5.260856349668047471e+01
1.813270376062421294e-03 5.775315962272294712e+00 1.180554285382751445e+01 1.847220952049406506e+01 2.847220952049424270e+01 4.261434514432033893e+01 6.261434542344665743e+01 7.554155639115256804e+01 6.142073819306899196e+01 7.554155639115256804e+01 6.715149804783173693e+01 4.708700598916357904e+01 5.711925201856639234e+01 4.797449022812999431e+01 6.067218508417503386e+01 4.808986636746039522e+01 5.826332293246912286e+01 7.837171555511257282e+01 8.543941023157498194e+01 7.381925498215456116e+01 6.547912902583628636e+01 5.036971396103631093e+01 4.192056095674099225e+01 4.469753432491626199e+01 2.469899522300553230e+01 4.212637800878337657e+01 4.309832586644181163e+01 3.124833990193095090e+01 2.393409365486725093e+01 3.977626796034446244e+01 3.997815220874108633e+01 2.506408485998721858e+01 4.333051313165962171e+01 4.350288453440931136e+01 3.983480638600908463e+01 3.065153917048587928e+01 4.148058108021238155e+01
2.372884694381488524e-03 1.154937826848679627e+01 3.154937812181151102e+01 3.847220956141872961e+01 4.675648804478971243e+01 5.675649202462241050e+01 6.623176422084738135e+01 6.727399061564098304e+01 4.713074021076958786e+01 6.727399061564098304e+01 7.539877439870967635e+01 5.711925201856639234e+01 3.688694257890538353e+01 3.618711838493634048e+01 4.035451707229175611e+01 6.067218508417503386e+01 7.661768875530364653e+01 8.665602475153990270e+01 9.021528850983538916e+01 8.210085014767643941e+01 7.874654747703189628e+01 7.024090918063036781e+01 6.191121185594757748e+01 5.300128265123797888e+01 4.212637800878337657e+01 2.204772439663424066e+01 2.028171922804643401e+01 2.014817515205250231e+01 2.084370182702869911e+01 2.932514726676747685e+01 2.912822071363441978e+01 3.737300861781314154e+01 2.208712098144319569e+01 2.242770584140003010e+01 2.276623333238410751e+01 2.310338566074425870e+01 2.343956112094731381e+01
8.175220331382775790e-03 2.000817522033102591e+01 3.983362620542330745e+01 4.960221563821814073e+01 5.788641065098813954e+01 6.029547606064884491e+01 4.608275988673905488e+01 5.012980385431014696e+01 3.944277579915048904e+01 5.966055759167087302e+01 6.665246646993549007e+01 5.109306771309867656e+01 3.075920305608457639e+01 5.109306771309088191e+01 6.067218508417241907e+01 5.214204255615504735e+01 6.384205396245783959e+01 8.391191771613952710e+01 8.210085014767643941e+01 6.281365172449979184e+01 6.846274135255784188e+01 7.651404007459763079e+01 6.537578259556804028e+01 4.525023572554542284e+01 3.108916317507999239e+01 2.027101685672859688e+01 1.968576086385784052e+01 3.971588752038311299e+01 2.055848785570809056e+01 2.087293216402385099e+01 2.123581348280924175e+01 2.160101720877695541e+01 2.848383818534244938e+01 3.788876481338745350e+01 4.091345751821371834e+01 4.311256689985614088e+01 2.455722974412160298e+01
9.124702163186202558e-03 2.000912470216283268e+01 3.546008275333164050e+01 2.960221951152909625e+01 4.960221563821814073e+01 5.019992849621109343e+01 3.174095549022779039e+01 2.987939989356917891e+01 5.012980385431014696e+01 6.292627044312267515e+01 5.234191128111517344e+01 3.803135609229489944e+01 2.764913569405908689e+01 3.439978716056288022e+01 5.473345168793552773e+01 7.232457647535233036e+01 8.061896064051600774e+01 9.219331414088800614e+01 8.210085014767643941e+01 6.281365172449979184e+01 4.944674178467190728e+01 5.949851225854236247e+01 6.748644055898505201e+01 5.940805245963186110e+01 4.914546836650473693e+01 3.880371736319143849e+01 1.935879249094471888e+01 3.568251338985209031e+01 5.035162158096628815e+01 4.652208200753263156e+01 3.773471767332237903e+01 4.189654155796551294e+01 2.567446521874454035e+01 2.877707908196527242e+01 4.633111884294713434e+01 5.572364148079167734e+01 4.843960240700445041e+01
2.239863785106879172e-03 2.000223986378475161e+01 1.546008389649761661e+01 2.960221951152909625e+01 4.960221563821814073e+01 4.186261105613502309e+01 2.165562916568339347e+01 4.186261105613502309e+01 5.691386055130713117e+01 4.861432735306287611e+01 3.430238426300299892e+01 2.370996809664222837e+01 3.803133349746772751e+01 5.473309461560372569e+01 4.617312794041968260e+01 5.791432219131341697e+01 7.805570305538245179e+01 8.414366917700904480e+01 7.451356173881960387e+01 6.647577745312690922e+01 5.949851225854236247e+01 4.041708466303929015e+01 5.949812939766064090e+01 6.782352181838676586e+01 4.874133470746778585e+01 3.906530810335812021e+01 1.903673822966792883e+01 3.857682152925866603e+01 4.951882563004370041e+01 5.906958280752612467e+01 6.272226274567405113e+01 6.448447327290737974e+01 4.913869719543269099e+01 3.323910243645428864e+01 3.334586684737107021e+01 5.205068029715985745e+01 6.044185175055314119e+01
1.766589122093755728e-03 6.031993480677341424e+00 2.603199287640461890e+01 4.374431508125861257e+01 4.025930938162669293e+01 3.734409507700129893e+01 1.717784495914847298e+01 3.734409507700129893e+01 3.666793709012239333e+01 3.666793709012239333e+01 2.002249888402599964e+01 4.024233363318864320e+01 5.233995460886078632e+01 6.663426370557610312e+01 6.642707139166149943e+01 7.474038228321579425e+01 8.634864662293686877e+01 7.604594282123957782e+01 5.690561208501434010e+01 4.749342189209694709e+01 4.107907249636239300e+01 3.521242800969315567e+01 4.907718919061149876e+01 5.693706089602751774e+01 4.873388610614688332e+01 2.887680848012315948e+01 1.871397292919210642e+01 3.323312110848495138e+01 3.132729366475649613e+01 4.410761862856998050e+01 6.567034582787923114e+01 6.328961692706183584e+01 4.360492842929635060e+01 4.374002823452951105e+01 5.205068057212125865e+01 3.863712931062537592e+01 5.803788235080262581e+01
