LEM/with_lateral_4open/elevation_000250.asc
nrows	100
cellsize	150.0
xllcorner	0
ncols	100
yllcorner	0
NODATA_value	-9999
[rows 51 to 67 of 100, columns 0 to 36 of 100]
6.455108993161302877e-02 2.006455108993125691e+01 3.831897206845513182e+01 4.221758557153749791e+01 2.926543758841545539e+01 2.926552956828155772e+01 4.905053828138242977e+01 5.995288187314979211e+01 7.427113632359298379e+01 7.673514635703985221e+01 6.855165518741418396e+01 7.115488300448167536e+01 7.931513723439022101e+01 6.792192325678378495e+01 4.835683629622025848e+01 3.881255882468495599e+01 4.107647671868161865e+01 5.250599428796140700e+01 7.199167716378130422e+01 8.214808455520027053e+01 6.256433047137275594e+01 4.866650527553505157e+01 6.042945453057664196e+01 6.735752413193843324e+01 6.159151077268892749e+01 4.150100974092508466e+01 5.622209807528023617e+01 5.038511180493877362e+01 7.031382993849256025e+01 6.727534834133167863e+01 4.667986499028398129e+01 3.162909780475237653e+01 4.339313139711170209e+01 5.768543943761993376e+01 7.757910086764297830e+01 8.302211382876669177e+01 6.637206992101529579e+01
3.995603441288197999e-02 1.003995595693955245e+01 2.418205978864776995e+01 4.418037076440543132e+01 4.904470781622168829e+01 4.905053828261582538e+01 5.761012037132982755e+01 6.539268613084317394e+01 7.334549189823150073e+01 6.485837339910943911e+01 4.764311281922478258e+01 5.040160956382870694e+01 7.115488300448167536e+01 6.741768398287753428e+01 5.194709664793002446e+01 3.213943047823203614e+01 5.194709664793002446e+01 6.879856378029104746e+01 8.003877404976566368e+01 7.054041118905256269e+01 6.243127281506107806e+01 6.042945453057664196e+01 4.053877141945114460e+01 4.743715318253705249e+01 5.963180055341810970e+01 5.140291094352360091e+01 3.606199080418342362e+01 5.622209841908443195e+01 5.555951239826814714e+01 6.383715157499121773e+01 5.008577300354671991e+01 2.985263653823283292e+01 4.419688733701497085e+01 6.433723004548528479e+01 7.266306659710434701e+01 6.725946110972046199e+01 5.481320857898153776e+01
4.804567899273937126e-02 2.004804550523164508e+01 2.968707446763639979e+01 3.817116625839643262e+01 4.933309284032286257e+01 5.358568214269935481e+01 6.149192689566697823e+01 4.725507731212644558e+01 6.294961874455421480e+01 5.648010262277726667e+01 3.452522697400586082e+01 5.648010262277726667e+01 7.109149913650867347e+01 5.935247750084320728e+01 3.966440477714384372e+01 2.811401200497031994e+01 4.222988481147472584e+01 6.188100075684446466e+01 6.474931892688250912e+01 5.678432547202697833e+01 4.378250901571554721e+01 5.961577408883672291e+01 5.327167847345279483e+01 3.321201648501445902e+01 4.683875780955894186e+01 3.124815682155969654e+01 5.140291094142450135e+01 5.206783167222414477e+01 3.539116477288879281e+01 4.486781014163224057e+01 4.582691215426562792e+01 2.812747849108525244e+01 4.408942141616759613e+01 6.199100755267800622e+01 5.027324413603504638e+01 4.710942916068624697e+01 5.436069427836102363e+01
9.707512844716031930e-02 6.228366871334060306e+00 1.382801658380426879e+01 2.346504286773238945e+01 3.436254560199435559e+01 3.178599999091382244e+01 4.492100571013322963e+01 3.678509802525653782e+01 5.517376037427289504e+01 4.986045854587858628e+01 2.742729819299322358e+01 4.294604101930033835e+01 5.521527555922725128e+01 5.533693640474011488e+01 4.441652742143279653e+01 2.449435392503445641e+01 3.864444953318552223e+01 5.835155614231316434e+01 5.678432668004654005e+01 3.874653684554508715e+01 3.360393839385569237e+01 5.146837780834921006e+01 5.147253501741761994e+01 4.321470463541945861e+01 2.674914057538399348e+01 4.683875780955894186e+01 5.078022648371319292e+01 4.228884091020066904e+01 2.402530378249921128e+01 2.488494459962171845e+01 2.576152554328245969e+01 4.452047227884945357e+01 4.851654955647619261e+01 4.984492896064802636e+01 3.140530940231676027e+01 3.269502272015248678e+01 3.398891729981146881e+01
5.001202446392439237e-03 6.175670127098378259e-01 1.493028632512416642e+01 1.216945784598606473e+01 1.385743809499544987e+01 3.436147209821169213e+01 2.633645370106690464e+01 3.587606195674808163e+01 3.941320367666920532e+01 3.603983456493387649e+01 2.142332140829200782e+01 4.306475261656535736e+01 3.282655511203850551e+01 3.582852387371342928e+01 3.647054329910967851e+01 2.109174997384310402e+01 3.526192971404972099e+01 5.502044714249462487e+01 5.393319934380430425e+01 4.382100054254824073e+01 2.620173333713800545e+01 4.395819038640492238e+01 3.971430379098346464e+01 2.318872679046916829e+01 4.321470463541948703e+01 4.956388886236906899e+01 4.125918501983222342e+01 2.282023170223285291e+01 4.257938772945318107e+01 3.890401521528530537e+01 4.583020437529606284e+01 2.730729340022589469e+01 2.842987425924702904e+01 2.958767462302499140e+01 3.610374590374424741e+01 5.159234761850833451e+01 5.435482213666875140e+01
5.279685921607564503e-02 2.005266356253444116e+01 1.485525296005329343e+00 2.099869184051771587e+00 2.209500409458740933e+01 3.113318067435022485e+01 3.587243812309584001e+01 1.700595890934086896e+01 2.893606303123817369e+01 1.412878332651759905e+01 3.002142951258569070e+01 2.863468055347384222e+01 1.959861202630039401e+01 3.205045551546302107e+01 1.648464493921752450e+01 3.647054329910833559e+01 4.379097964121964282e+01 4.319245442172950078e+01 3.612864220490583733e+01 2.828828817687251274e+01 2.085218162094275840e+01 3.590727057009269885e+01 1.975273137329983086e+01 3.823040965654930545e+01 3.904782232056023616e+01 3.996038036695521356e+01 2.160453878282593365e+01 2.877837310450717823e+01 4.884201171685221254e+01 5.864964839723558754e+01 5.715017116914940232e+01 4.804516625635911709e+01 3.605415690335024692e+01 4.984638933811888961e+01 3.368916794114255708e+01 5.384107556746406686e+01 6.569807149225601961e+01
5.738623160518319517e-05 2.000004988105228065e+01 2.404388424639966715e+01 2.198292268856024734e+01 2.973691244218258145e+00 2.293109185842153508e+01 3.017668050846094729e+01 1.114361400460725093e+01 2.626659742643286322e+01 2.691977126995044145e+01 7.861835850783842616e+00 8.522599858733226341e+00 9.184494686078840786e+00 1.216651190094222379e+01 3.079799279190193673e+01 3.149870342237234411e+01 2.755691641232708378e+01 1.330495659726708801e+01 1.407258758236197416e+01 1.483981794050203540e+01 1.560618711263006375e+01 1.637684882465495662e+01 2.344167140336658051e+01 1.866418112062315515e+01 1.947191235488064009e+01 2.036678130743409554e+01 3.995457557961640305e+01 4.884157263543623628e+01 4.295104241169836712e+01 6.306406970887824315e+01 7.039128714592267499e+01 5.041150993269057068e+01 5.040548890516778613e+01 5.680841405220763107e+01 3.668912708135400891e+01 5.680830191089364689e+01 6.961589591873043048e+01
4.532054705376769438e-02 1.419196346030187250e+01 3.425660135236056192e+01 3.095519433351136840e+01 1.695634138891514908e+01 3.850030152719745136e+00 2.333576306705244363e+01 5.639476755168868927e+00 6.288682782856008124e+00 6.938893468591799341e+00 2.214546235285597575e+01 2.798585777698636434e+01 1.243072290828253124e+01 1.015382862900461802e+01 1.084258553061363628e+01 1.153134305683449412e+01 1.222062260553569857e+01 1.389939437867241701e+01 1.554176080726905163e+01 3.431080752311534354e+01 3.738937550831536782e+01 3.655010594349499797e+01 1.752087880601349568e+01 3.393343712212768537e+01 3.904731667956355778e+01 2.199559998438743946e+01 4.145981050540171253e+01 5.246554361319706317e+01 6.306406970887824315e+01 7.132722764514689118e+01 7.866620882322939678e+01 7.034946224633397094e+01 7.024773200329507006e+01 5.099156875066769601e+01 5.680845237887404409e+01 4.140855741003985457e+01 5.559390252869443572e+01
9.001595176218035732e-02 2.008969258802933311e+01 3.833151901005847861e+01 4.393937882476130596e+01 3.109433563150513180e+01 1.593260652590827497e+01 4.728013136526161730e+00 2.473398595690601454e+01 2.626866704413916764e+01 1.379880488759008195e+01 2.607713835659895096e+01 3.669613727282732896e+01 1.725888492423404230e+01 3.019781778052343668e+01 2.496631363553851912e+01 3.149870333497727870e+01 1.647600193781263300e+01 3.278952579091190245e+01 3.384871805277326473e+01 1.775333050927777379e+01 3.674001151021914779e+01 4.649411314858588185e+01 4.689182805341597060e+01 5.071635174082219066e+01 4.973790459896769534e+01 3.560925866076073021e+01 2.452851706214455874e+01 4.417081833789331569e+01 5.528089872130913562e+01 6.159078895665760456e+01 6.992451597028518506e+01 8.162486678558759934e+01 7.085165172483578999e+01 7.085165172483578999e+01 6.479965348341099229e+01 4.493715110387685030e+01 6.479965348341099229e+01
5.674351268809080251e-02 1.005674344035681322e+01 2.419882697926044202e+01 4.419517701078300576e+01 3.924687309061342688e+01 1.943640860762213052e+01 7.070426159280057021e+00 2.713176846469288250e+01 3.879309446559920360e+01 3.801426525157586411e+01 3.882165431029861935e+01 4.345212199826256949e+01 2.332545953411348094e+01 4.365954204948206296e+01 4.491869789696279014e+01 4.087490024217647999e+01 2.083207062366179230e+01 4.072931109813674055e+01 4.447625622245418953e+01 3.674022965635859350e+01 1.995107222286887350e+01 3.339938613057497463e+01 5.286315586915740283e+01 6.878779526299345548e+01 6.387060684831981661e+01 5.246682449308483598e+01 4.417081830143154519e+01 2.714433132834501450e+01 4.697545963134387392e+01 4.140195057760789155e+01 5.310502480812987613e+01 7.322398839966795947e+01 9.073189297015876775e+01 7.878645288483269837e+01 5.900613147715017703e+01 6.479965348341099229e+01 5.054533205737169510e+01
9.518805923843161321e-02 2.009518805923807605e+01 3.593418325570719674e+01 4.487845516570651228e+01 4.793190412044960169e+01 3.552916056292199443e+01 2.122948418532097037e+01 1.058880570397569443e+01 3.065669199569150649e+01 4.277470712224511118e+01 5.446914174362948557e+01 5.182411589184660272e+01 3.519675164787898325e+01 3.631077490724947410e+01 5.630547230578689977e+01 4.560391656175417552e+01 2.554039982046089108e+01 4.560391657326069748e+01 5.580635767697584981e+01 3.526467931755859553e+01 2.153998017229405448e+01 4.080280342103708335e+01 5.272568379758700985e+01 4.911580662286460353e+01 6.878779526455397786e+01 6.119733822424156955e+01 4.108456466457910494e+01 4.697545960541177124e+01 2.991545111210291807e+01 4.992251806720424412e+01 6.146786904217688630e+01 6.924788866972656365e+01 7.750957379551827842e+01 8.705394266466201714e+01 7.878645288483269837e+01 6.864777649300029339e+01 5.477984813206558101e+01
9.062254805971975413e-02 7.649912008244297290e+00 1.659418391824361194e+01 3.073631954197481519e+01 5.073631954197551863e+01 4.982883995012696943e+01 3.906505517046965537e+01 2.474744949124264437e+01 1.428032948671675229e+01 2.582374410553817512e+01 4.600235381939815937e+01 6.329530273755761272e+01 5.522005596127158356e+01 5.055448259219987506e+01 6.438256592547105583e+01 5.079002266441532498e+01 3.070431999893062169e+01 5.079002271231169630e+01 5.350942860523939260e+01 3.428520655866567779e+01 2.319795549237767318e+01 4.253907051894551472e+01 3.327081008637171067e+01 5.272568379758700985e+01 7.142447925718576585e+01 6.947724062168794035e+01 6.119733822970347603e+01 5.756553827434110104e+01 3.735310655901832888e+01 3.299815632003787869e+01 5.316829573552882238e+01 4.915086837046170132e+01 6.341173871519603011e+01 8.333936117630042872e+01 9.681002671085285272e+01 7.925451081975745637e+01 5.951886610179884229e+01
3.063233560239582431e-02 1.417276795933322120e+01 3.417276795933251066e+01 4.487845516570651228e+01 4.822368632226266527e+01 5.650795756972427597e+01 5.338266084969664149e+01 4.277470714373850313e+01 3.435222806925118277e+01 1.820129293027695994e+01 3.829242280044395841e+01 5.156415631634130392e+01 6.597495681772251430e+01 7.019241672627946116e+01 6.730194509409436421e+01 4.707905284019018666e+01 3.737706521121277348e+01 5.749650146286113284e+01 6.151338476415065770e+01 5.066073211606521198e+01 3.430547298061577521e+01 2.571497227243708750e+01 4.509485564443576777e+01 4.359270504641236244e+01 5.486918760406477702e+01 7.461173697114861625e+01 7.174804954320072170e+01 5.169094977258332335e+01 5.756553828446202914e+01 5.317828516956289064e+01 3.624452086113367955e+01 5.653721378081293381e+01 6.796831444476521256e+01 7.621824671289870423e+01 8.771073849311675019e+01 8.753334511641467941e+01 7.083273246195335560e+01
5.666595628964066211e-02 2.005666595628928661e+01 2.908155069853236441e+01 3.408155069853196295e+01 2.822368632226337937e+01 4.822368632226266527e+01 6.057949399645222854e+01 5.786554825270837199e+01 3.753850686294600791e+01 2.335366606269119671e+01 2.297126880006695160e+01 3.715335581495995854e+01 5.679906993923987812e+01 6.699901888679175954e+01 7.575138763249482565e+01 6.592659647206775730e+01 4.633084611343061709e+01 6.592659647206775730e+01 7.348628275982979119e+01 5.378647236061452475e+01 4.703317435757388409e+01 2.764998722620087079e+01 4.703317435757388409e+01 6.321337077957326755e+01 7.142447925718576585e+01 8.284594100643084857e+01 8.000871324763510017e+01 7.174804954320072170e+01 6.076768394852501842e+01 4.047981985180075526e+01 5.653689215011144853e+01 4.287669732597343852e+01 4.788670158863975956e+01 5.955999775845278776e+01 7.945428868543571355e+01 9.554731077576055043e+01 8.489739995326483779e+01
2.110006612196471329e-02 4.493236021121524537e+00 9.081550698532719679e+00 1.408155069853267705e+01 2.074821736519922766e+01 3.229522274899133549e+01 5.229522274899062495e+01 5.212559512228074254e+01 3.187839374015044669e+01 4.349215944454773819e+01 4.310540097117503677e+01 2.812626714128545657e+01 3.814920661187559148e+01 5.247617064232966300e+01 7.300585752721235622e+01 7.498914691117796849e+01 6.055748538729312003e+01 7.498914691117796849e+01 7.659575131030240414e+01 6.839455387706135525e+01 4.900105379877977896e+01 2.961968901127404052e+01 4.899479227827475825e+01 5.186395822075341044e+01 7.157431235671759850e+01 8.767710683155750928e+01 9.573867420658682192e+01 7.585066224652848632e+01 6.381489825985294573e+01 4.360060444719792372e+01 6.381481027721112298e+01 6.309780790612741441e+01 6.214195430512589979e+01 5.744871061786646038e+01 6.742059419007706822e+01 8.727892244488754159e+01 1.049097241444515021e+02
9.367352646185668485e-02 2.009367352646150096e+01 2.908155069853236441e+01 3.408155069853196295e+01 4.074821736519851356e+01 3.489035298892967774e+01 5.489035298892896719e+01 5.890814887643946918e+01 3.856048761396335323e+01 5.890814887643946918e+01 5.679906993923987812e+01 3.971285353328828904e+01 3.445226904229037501e+01 5.473230080135641629e+01 6.928493165779002538e+01 7.781284174005341470e+01 8.094792334548515100e+01 8.238506245664370908e+01 6.259949547890116861e+01 4.866502129981591196e+01 5.712211680685332738e+01 4.898719419983912360e+01 3.245616269811137045e+01 5.187366729717134461e+01 5.956683834708957193e+01 7.936974390369076104e+01 8.989579718293457233e+01 7.003297687122297077e+01 5.595636304331907951e+01 4.685577230545035121e+01 6.113014458346338387e+01 8.101287389329760913e+01 8.203439194607838658e+01 6.895414823456154352e+01 8.560301476058347703e+01 9.554731077608229839e+01 1.026428932724061696e+02
3.648181865326004941e-02 2.003648181865290567e+01 2.456439919741632139e+01 3.875739175683611393e+01 5.890826886174068733e+01 5.489035298892896719e+01 6.317462423639057079e+01 6.741995363411506048e+01 4.865605503093879491e+01 6.741995363411506048e+01 6.858681731320402264e+01 6.007566818792174246e+01 4.451074602071116715e+01 4.203967590505529728e+01 4.876411601675952312e+01 6.323871537320338376e+01 8.388178901308010893e+01 7.981399904784359478e+01 6.003493981780167132e+01 5.998185291959935483e+01 4.037690620056406487e+01 3.545044695162969361e+01 5.186304156665782727e+01 4.356674899568344017e+01 5.740546707525930259e+01 7.719176384412722314e+01 9.440620257983948704e+01 7.453176621518672107e+01 6.050754046656122398e+01 5.045901836826783438e+01 7.043019716070473635e+01 8.365384870082102964e+01 9.191520474825067311e+01 8.881837497102061718e+01 9.708903362281586169e+01 1.019365834202971257e+02 9.277112719383084993e+01
