LEM/with_lateral_4open/elevation_000308.asc
nrows	100
cellsize	150.0
xllcorner	0
ncols	100
yllcorner	0
NODATA_value	-9999
[rows 34 to 50 of 100, columns 37 to 73 of 100]
8.753334212137426107e+01 6.722054877955605434e+01 5.282974060899086055e+01 4.116126609572658879e+01 5.018297337895653953e+01 7.052280808254805322e+01 8.092715705059846698e+01 9.112725357094498690e+01 8.806555348874557865e+01 6.775714349192963937e+01 5.599152525554890047e+01 5.863114649732955286e+01 5.602170270501283511e+01 5.636391468690282380e+01 3.619311834208051692e+01 5.395303300345106123e+01 5.518340531600048138e+01 5.733006384014796453e+01 5.954642854575120481e+01 4.274294659036550570e+01 4.755385362702180885e+01 5.327289024567068765e+01 5.930440185698687827e+01 6.608694203264175826e+01 7.637960569969034452e+01 9.669753670700872306e+01 1.028261280216437825e+02 8.656659174275877433e+01 6.634170336403764168e+01 5.621875860033809857e+01 7.080024222516080101e+01 5.664156278316688287e+01 7.692048797690443962e+01 7.375584540766702446e+01 7.115411202736042640e+01 6.388827370304726827e+01 5.620649976865342268e+01
8.605077376134254052e+01 7.768215754796393924e+01 6.459739368533546156e+01 4.429413662135067398e+01 6.459739079109746740e+01 6.679512786199146035e+01 8.710907454293328556e+01 9.798359208557066324e+01 7.779859019575452805e+01 7.707609535647810617e+01 6.459331372060887588e+01 4.430998343004813478e+01 4.173058596050903901e+01 3.941037320454997683e+01 5.636391468535743599e+01 3.986880090732639559e+01 6.008619758761022922e+01 7.214896333166960574e+01 7.121575478407054050e+01 6.282598800553488871e+01 4.652876192971003633e+01 6.666626316518164685e+01 7.908807214972814847e+01 8.653857120334957642e+01 9.483991830709560134e+01 1.049361985238789998e+02 9.450839795215738093e+01 7.432669990723374553e+01 6.261050733934347789e+01 7.645414755339820090e+01 8.333160823879946122e+01 6.302472505390333879e+01 8.337628676526097138e+01 9.181840302230686746e+01 7.982748668958662108e+01 5.977638575124930043e+01 5.262816807929997509e+01
7.173673639612354691e+01 5.730889501429631849e+01 5.167213330225889223e+01 4.849268926682769631e+01 6.023593530772249238e+01 8.059367364825581603e+01 9.545186284732865545e+01 9.211886628219647832e+01 7.186695085117342785e+01 5.744089279328346009e+01 4.836321715512552544e+01 6.459331372057371823e+01 4.777925682987468292e+01 5.962124594112517428e+01 6.792127887804394959e+01 5.994700753615875755e+01 4.364533685584476075e+01 5.781267163973186740e+01 7.755309267698456210e+01 7.506398378542209571e+01 6.070467923786104336e+01 5.048230654310943066e+01 7.071266650658832020e+01 8.194284458501040547e+01 8.194284458501121549e+01 1.022439685475804367e+02 9.932131791277231514e+01 7.915610333116609354e+01 6.824616465208606542e+01 8.846387237331076392e+01 9.184337660583206286e+01 7.210787920826493291e+01 9.181063613154783809e+01 8.370169238483306628e+01 7.536979100054639957e+01 5.977638575169063273e+01 4.018588224636389583e+01
6.822167352730322420e+01 7.768215754796393924e+01 7.203163118537717935e+01 5.313712671976266932e+01 7.351517219474989417e+01 8.895414595713371853e+01 9.799458588049898822e+01 8.630368521315222097e+01 7.320341998239972270e+01 5.282386571318121327e+01 6.870239668088851204e+01 5.862735817628723112e+01 6.810210796353793228e+01 6.810210796351378804e+01 7.854235681482062148e+01 5.813455324952739289e+01 4.642212049919527317e+01 5.814614471057075207e+01 7.854222838638477810e+01 8.942328833298324753e+01 7.526501739156714166e+01 5.490535404627735971e+01 5.587844124584760408e+01 6.145564806099378075e+01 8.194284458501120127e+01 1.011829295854852404e+02 1.076316494068639287e+02 9.454538817026866582e+01 7.437528211514012355e+01 9.454538817026866582e+01 1.009704413002370558e+02 8.385382304405722209e+01 8.699952376759688377e+01 6.684838547665046349e+01 5.528668433161832496e+01 4.834736240854383738e+01 5.712912983885893681e+01
8.262347501698768326e+01 9.688418468690102259e+01 7.896233404820887358e+01 5.858092066230155126e+01 6.978814369545048635e+01 9.009854727350254677e+01 8.967328015876192637e+01 6.935784461193591710e+01 5.755374331640334873e+01 7.320264273343967432e+01 8.157007225374874793e+01 6.775059869747245500e+01 8.733409622678129836e+01 8.839718314872368410e+01 8.700413051433802991e+01 6.976947667426846067e+01 4.941740574801431762e+01 6.976921712574456080e+01 8.686560209907490560e+01 9.441442549164263198e+01 7.411348772769424897e+01 5.961713177699282795e+01 6.145564806099848454e+01 8.194171642651228638e+01 7.243292205456361899e+01 8.694103839673397260e+01 1.071612046443091515e+02 1.016617383180734464e+02 8.153366053083107090e+01 1.016617383180734464e+02 1.127791611214027228e+02 1.042943723294039557e+02 9.528733490400462358e+01 8.370073211907620703e+01 7.536979100054639957e+01 6.237561357779952687e+01 5.948748671311488323e+01
1.028439982059691289e+02 9.921092408840219434e+01 7.896233404820887358e+01 6.504695305832383667e+01 8.539785398453442156e+01 9.843363660051292641e+01 9.229396763166960227e+01 7.200046993751041668e+01 7.794403064200542985e+01 6.312110132037349075e+01 8.348639654303040913e+01 8.806886737291772249e+01 8.436501010782407661e+01 1.045491422826846843e+02 8.614805055748117013e+01 7.291451241644827519e+01 5.253244169680578324e+01 6.431324456867298522e+01 8.466275390792131361e+01 8.783746920709791084e+01 6.734224846867955705e+01 8.010926314387745606e+01 7.172238280531438193e+01 7.172238362732095140e+01 9.216106624563126104e+01 8.915793806930329879e+01 1.093507493169605169e+02 1.099720962048454709e+02 9.315830702805037333e+01 1.099720962048454709e+02 1.092290954578281656e+02 1.001846548818402880e+02 9.180824612461179868e+01 8.466609639955227351e+01 9.082788689378698166e+01 7.463327919202448868e+01 6.215535048892473213e+01
9.217741882782353002e+01 1.037214234972883986e+02 9.374484829024406451e+01 7.683252731414710013e+01 7.946810283719237589e+01 9.971353962594504594e+01 1.006116843112449999e+02 9.229387719214442143e+01 8.755286060580102969e+01 6.721906157706538920e+01 8.163383858737738308e+01 1.018434750181147876e+02 1.045491422826846843e+02 9.310728599920336990e+01 7.778970537761681214e+01 5.739531001636601815e+01 7.291451241640726266e+01 8.128325147929550099e+01 9.298681940492612341e+01 9.373540343287444898e+01 7.330435995538564953e+01 9.373540343287444898e+01 8.359764485123696431e+01 8.623776124993042913e+01 8.623776124993042913e+01 1.064611895003244939e+02 1.176093734768820696e+02 1.215718948653800595e+02 1.132776414795801685e+02 1.125453171462395545e+02 9.229398349532559109e+01 8.062806307566120267e+01 7.160719611325498590e+01 6.447685363741939568e+01 7.563719255347733395e+01 6.627535738464662529e+01 4.630290189238498755e+01
7.544450246879310384e+01 9.543456110467157316e+01 1.054126238369850199e+02 9.709830780799590855e+01 9.971353962594504594e+01 1.080215937432958384e+02 1.178206927321130024e+02 9.776695908340366259e+01 8.344560394671853487e+01 7.168705138518180320e+01 8.607365257436734396e+01 1.062464637016031332e+02 9.908385212246689377e+01 7.884506586408572559e+01 6.441362319948405002e+01 7.778970537761681214e+01 6.512909295706194257e+01 7.692119693169462380e+01 9.717772428831526099e+01 1.005058726781820582e+02 8.019446494225955746e+01 1.005058726781820582e+02 9.798457780595948918e+01 1.064611895003244939e+02 1.064611895003244939e+02 1.147141178650104507e+02 1.210834233123282218e+02 1.127380138940281711e+02 1.210834233123282218e+02 1.209125944593355371e+02 1.039829718079155185e+02 8.375069444163899846e+01 7.209952553335789105e+01 6.308025851400505957e+01 5.547843194204394734e+01 5.091465180005258162e+01 5.326799602128924249e+01
7.803768851739556567e+01 9.802998084992911743e+01 1.063087519696457122e+02 1.010586783818985168e+02 9.948710193610068586e+01 1.077750917051553330e+02 1.162685218053988621e+02 9.620666711464758691e+01 8.187626647530984769e+01 9.198118275486353923e+01 8.344560606055696894e+01 1.036432490847577270e+02 9.342418082877155427e+01 7.313505642883043834e+01 7.884506586408572559e+01 9.265818022347454530e+01 7.236261059166564280e+01 8.548261276612662130e+01 1.054692659393399339e+02 1.087669762449767461e+02 9.043632807523020745e+01 1.087669762449767461e+02 1.180381504018362904e+02 1.169876568787575764e+02 1.086551960393709209e+02 1.169876568787575764e+02 1.110905561494601841e+02 9.281932677488715910e+01 1.110905561494601841e+02 1.252515657329630727e+02 1.123565711726250242e+02 1.006782708999799638e+02 9.164087809712897581e+01 7.837713719596847284e+01 5.820809867171265495e+01 7.101245518562640768e+01 6.223398012246235567e+01
8.242962377700196441e+01 8.662456285864358563e+01 8.660705471471702310e+01 8.098989850793587664e+01 7.949503079217953427e+01 9.362724654488484077e+01 1.136571606924526776e+02 1.103405245948230800e+02 9.620687179824886925e+01 1.020854782415590876e+02 9.515219011877510980e+01 1.119030468302355530e+02 1.001684066253184398e+02 7.993572923567775490e+01 9.908385212246689377e+01 1.009652172416200386e+02 8.255339349731087850e+01 1.009652172416200386e+02 1.139296790613403232e+02 1.187923406260106702e+02 1.105754172811338805e+02 1.187923406260106702e+02 1.107264654815393214e+02 1.024221644706315857e+02 8.882726673954866214e+01 1.017497766890101474e+02 9.348707388784411876e+01 8.306821776810994606e+01 9.692954656595752283e+01 1.149803398408602817e+02 1.114084284203643023e+02 9.116613913683713122e+01 7.687991180503506428e+01 6.679450170667404052e+01 7.837713719596847284e+01 8.674850445926773546e+01 7.387301280379695356e+01
7.253515880204008681e+01 6.668770074628621103e+01 7.790042493392670053e+01 6.686025628045675262e+01 8.098684504273150253e+01 1.009746837550283658e+02 1.107769498402477097e+02 1.190307810940160493e+02 1.162811508133353442e+02 1.220884733067495631e+02 1.152422513373215764e+02 1.234594285120384001e+02 1.084492492456505346e+02 8.902796018786111176e+01 1.084492492456505346e+02 1.110349780185857043e+02 1.027629669496381695e+02 1.110349780185857043e+02 1.172415312418345366e+02 1.090199497537793860e+02 1.172415312418345366e+02 1.165247541758950547e+02 9.658068055012827813e+01 8.280902633384785361e+01 7.923488202585113527e+01 9.348707388784411876e+01 7.404879953812955762e+01 9.178877660549191830e+01 9.871526791717084848e+01 9.505977197735307982e+01 1.149803398408602817e+02 1.054703153873906132e+02 9.536194936089555085e+01 7.687991180503087207e+01 9.536194936089555085e+01 1.024565193853258478e+02 9.408162829217884848e+01
5.254381012111656446e+01 7.252322269204340444e+01 5.791890760618926492e+01 7.790242823825136043e+01 9.029302344401160951e+01 9.662697589052477554e+01 9.076586477332354264e+01 1.107769498402477097e+02 1.175384237664678722e+02 1.092729057821520797e+02 1.084189682481179346e+02 1.166841664359284749e+02 1.174311156431609362e+02 1.033212423797587718e+02 1.174311156431609362e+02 1.159030342043081987e+02 1.076825082736567651e+02 1.006994786540358149e+02 1.073485205324297169e+02 8.925993072853907506e+01 1.073485415061324630e+02 1.118984915034871648e+02 1.002953185265173772e+02 9.001772675548203040e+01 7.102447450069963963e+01 8.809586658981092455e+01 6.878937614080723506e+01 7.238456943268020893e+01 7.912418972473068379e+01 9.288843393545595006e+01 1.127824860273378818e+02 1.224534249565450494e+02 1.054701113465314108e+02 9.709495331189562251e+01 1.054701113465314108e+02 9.937254805890805187e+01 9.049025507903526488e+01
4.945160281613115671e+01 5.274865830123567179e+01 7.274609461954250378e+01 6.477820477234068619e+01 7.032033858086086298e+01 7.663575760850335428e+01 9.076586471210927698e+01 1.107769480873782015e+02 1.060528910383226417e+02 8.940472915847571755e+01 8.855645561444660530e+01 9.999181130282288166e+01 1.199306787170693980e+02 1.233284476067219515e+02 1.216985859541693173e+02 1.018768588089562428e+02 8.793151554332914088e+01 8.102925507267165983e+01 9.190268668569608224e+01 7.948737145147738659e+01 9.913994023537894407e+01 1.035512713400093645e+02 8.347663831266058310e+01 7.227460653634921073e+01 6.586192666329462497e+01 7.810942756095535344e+01 6.374012991965473418e+01 7.488213338687781118e+01 9.435172772048480283e+01 1.070053929312469450e+02 1.093773404741404960e+02 1.084747134905321104e+02 9.449600202451922826e+01 1.084747134905321104e+02 1.051663642937941745e+02 8.530497508724005229e+01 7.128427139758569808e+01
6.363076205047369172e+01 6.275246066534985090e+01 8.105766516987058878e+01 7.631223112594113900e+01 9.029302344401160951e+01 9.651138669847432539e+01 1.047754794358986743e+02 9.857544383653868181e+01 9.034584182539911978e+01 7.807484548156612902e+01 9.780200866016554073e+01 1.166841664359284749e+02 1.282001879988727921e+02 1.379017664766597022e+02 1.180570042315075199e+02 1.040445872586516316e+02 9.884959590500913862e+01 7.920076990691980257e+01 7.233498300037861384e+01 7.262067022231457258e+01 9.219170781922463220e+01 1.009862332026762601e+02 1.002953185265173772e+02 8.598608875716764999e+01 6.244145668980233665e+01 5.839229374504895276e+01 7.810942756095535344e+01 9.129130390390118066e+01 1.026119569811118026e+02 1.036160649502661499e+02 8.961632105032023787e+01 9.965871791889318843e+01 8.059608764219476029e+01 9.965871791889318843e+01 1.109077977560948085e+02 9.937254805890805187e+01 9.049025507903526488e+01
8.399805018204328633e+01 7.686950668585606650e+01 9.097401641459779853e+01 9.631038352105416323e+01 1.045728204735398066e+02 9.688372735063370556e+01 8.867248359517047618e+01 9.034584182539911978e+01 7.077246986931621109e+01 9.034584182539911978e+01 1.060528910383226417e+02 1.166629354573973387e+02 1.166629354573973814e+02 1.249194901778020608e+02 1.217058714441793086e+02 1.018836868684537933e+02 9.049548191354675453e+01 9.190268691316641991e+01 8.600280228362471746e+01 6.644862065720779754e+01 8.132845882122184378e+01 8.132845882122184378e+01 8.796525913635316840e+01 8.470160179736264183e+01 7.515999133278963029e+01 5.526571446939843923e+01 7.515999133278963029e+01 8.240468747999815946e+01 1.021997856805475351e+02 9.540418730403590075e+01 7.574856017369482686e+01 8.297287658875549710e+01 7.176697778179436682e+01 8.308290830325643128e+01 1.026841435164304386e+02 1.072299570385328025e+02 9.892104352951980673e+01
8.412747771173229694e+01 9.572234381123233504e+01 1.050785261433394737e+02 9.595425126479216260e+01 8.767806329050806369e+01 8.552050263950141584e+01 6.911912714903000676e+01 7.998601143199834951e+01 6.638883496466102940e+01 8.007774918050948543e+01 9.980389093506909148e+01 9.682380647875518775e+01 9.682380647875518775e+01 1.166629354573973814e+02 1.299363334718422038e+02 1.184838884529577427e+02 1.102615278434576709e+02 1.116459292241757453e+02 9.417533873873074413e+01 8.132845882122184378e+01 6.170457402804176184e+01 7.694042478320433531e+01 7.009890937014937151e+01 5.778502547297966174e+01 7.041602177386911876e+01 5.253552483711853682e+01 6.265954099230915375e+01 8.240468747999814525e+01 9.175407551383976568e+01 8.356856605859127285e+01 7.729429419948569091e+01 6.330169033655497657e+01 7.117187976144991524e+01 8.153000155755562162e+01 1.012346806097659311e+02 9.892118925902737203e+01 7.883954661990692614e+01
6.732083823156267499e+01 8.743760221580133418e+01 9.370294169638471260e+01 8.769160826863164004e+01 6.812014861828049561e+01 7.382048092257794281e+01 5.801028840512152129e+01 6.063267289150579842e+01 7.998601143197306840e+01 8.879598773574674908e+01 9.278954339316619837e+01 8.294453396256741939e+01 1.026345528237649205e+02 1.145676910298940072e+02 1.260483503843429105e+02 1.232796844448024558e+02 1.118407277218991140e+02 1.030120870194685949e+02 9.481409816246626576e+01 8.788380802407912995e+01 7.694042478320433531e+01 5.717913222529961814e+01 5.484834839460738465e+01 5.254935739852778909e+01 5.035374647220747590e+01 4.991503116601139567e+01 7.000853954899201881e+01 8.607760965814968301e+01 8.021134286702145744e+01 6.384047237177832557e+01 5.748108620794628365e+01 7.729429419948569091e+01 8.969913982864925117e+01 9.824170135592318331e+01 1.097710687637113125e+02 9.893282374130484413e+01 7.883968345018406865e+01
