LEM/with_lateral_4open/elevation_000489.asc
nrows	100
cellsize	150.0
xllcorner	0
ncols	100
yllcorner	0
NODATA_value	-9999
[rows 0 to 16 of 100, columns 37 to 73 of 100]
8.884754177262699226e-02 6.929726548558100274e-02 7.395023591448830758e-02 4.828361932999872264e-02 4.897713358561925356e-02 8.568734790590110117e-02 1.075183056328203948e-02 6.823539046102447547e-02 7.194897206013613211e-02 1.557559815681563986e-02 7.704183385687686514e-02 1.685416958384493638e-02 9.680445094065920353e-02 7.639902522890137937e-02 4.559330980047965332e-02 5.839666421669215124e-02 9.739037529851846120e-02 3.670263267501718690e-02 2.041064012308905357e-02 6.895211126444661387e-02 9.031524355919069713e-02 1.560024811392830661e-02 7.641644294168103979e-02 3.888124420523987601e-02 6.873285589001959517e-02 4.772367030474261584e-02 9.504926490987847254e-02 5.760415539182907330e-02 9.666222459857021221e-02 9.627991409191682948e-02 1.286757495974483190e-02 9.381044340810595905e-02 7.584058927755046864e-02 1.435327048224320848e-02 5.777975670406795827e-02 2.716720951219454838e-02 4.735230246529398453e-03
2.008884754177227094e+01 5.842799957381862974e+00 2.007395023591413263e+01 1.419042505359761819e+01 2.004897708234970821e+01 2.006383111717021350e+01 6.400686060908347130e-01 2.006823526293310778e+01 2.003841287832310769e+01 1.415771122188789022e+01 2.007704183385652286e+01 6.341409489920630804e+00 2.009680445094030432e+01 2.007639902522854669e+01 4.409951114520309190e+00 2.005839666421633538e+01 1.423952599902959371e+01 2.003670263267466112e+01 2.002038552655226411e+01 1.735618777931114964e+00 2.009031524355883391e+01 2.001560024811357152e+01 1.421855206667275695e+01 2.003888124420488381e+01 7.628022316074597242e+00 2.004772367030438573e+01 1.423718488864095377e+01 2.005760415539147345e+01 3.578215343724415298e+00 2.009627991409156067e+01 2.001286757495939028e+01 1.423594606713918154e+01 8.240806398554882506e+00 2.001435327048188739e+01 1.422419353970398070e+01 2.002716720949307572e+01 1.064733110252888082e+00
3.187302684921670348e+01 1.187302684893718840e+01 3.187302684886348558e+01 3.419139615630792406e+01 3.101904046138044890e+01 2.089945675722805873e+01 1.273000813324848268e+00 2.781407787175992574e+00 3.334717642343015598e+01 3.415771122188859721e+01 3.300807615658806071e+01 1.300807615658735550e+01 3.300807615658806071e+01 2.888208706951949267e+01 8.882087069519849720e+00 2.888208706951949267e+01 3.423952599903029892e+01 3.470807830950765549e+01 2.340836372319906289e+01 3.408102797945300022e+00 2.340652932791674345e+01 3.564857499263567320e+01 3.421855206667346039e+01 3.591229356353750291e+01 1.762802231607477310e+01 3.591229356353750291e+01 3.423718488864165721e+01 2.711698221227457140e+01 7.113749249994872237e+00 1.866100766300334612e+01 3.866805723157136754e+01 3.423594606713988497e+01 1.824080639855505837e+01 3.652507764601778462e+01 3.447557774782628570e+01 2.212621619464514922e+01 2.126222895121436807e+00
3.894409466123513397e+01 1.894409466080279003e+01 3.894409466123513397e+01 3.735762607892196741e+01 1.643541484122233953e+01 2.168804572178475443e+00 2.003940107877204113e+01 1.028688433360247423e+01 3.033807372735001451e+01 4.947570048733521020e+01 4.129234740555072136e+01 2.300807615658753136e+01 4.129234740555072136e+01 3.373279957024575282e+01 1.373279957024646691e+01 3.373279957024575282e+01 3.797093015680744088e+01 1.797024299519994983e+01 6.423216243723061325e+00 2.340836703456914591e+01 7.368692969973700713e+00 2.736997005305305564e+01 3.978627850216762596e+01 4.591229356353566970e+01 3.762802231607548009e+01 4.591229356353767344e+01 4.512171500572364380e+01 2.510638058381341153e+01 1.096275105350934709e+01 3.096873630827438006e+01 4.695988696294870124e+01 4.652507764601796225e+01 3.824080639855576180e+01 4.652507764601796225e+01 3.775490906664219182e+01 1.836453127518247896e+01 2.205291587163337041e+01
4.722836599761635057e+01 3.049110004459550893e+01 4.722836599761635057e+01 3.663156433042851745e+01 2.280638827192566609e+01 2.803309362020193873e+00 2.272095224542879421e+01 3.018430345802479664e+01 2.211421979188592601e+01 4.149880638267040922e+01 5.129234740868328402e+01 3.715021178031898330e+01 4.316088998606622340e+01 2.316088998606693394e+01 2.787493519397716568e+01 3.006273118880070072e+01 4.625619991875264958e+01 2.861885213589725296e+01 8.618501443517207150e+00 2.861885213589725296e+01 2.736997005305305564e+01 1.149437795889456204e+01 3.149707285435303916e+01 3.910234167616149392e+01 4.739676268493226985e+01 5.895379040873622500e+01 4.670266965339389742e+01 2.668105693205684403e+01 1.513303948979406854e+01 3.514318615977355620e+01 5.103861989306665237e+01 6.581877160714083175e+01 5.565524663813364725e+01 4.728305812817574605e+01 4.039558544066373003e+01 3.750517214859515747e+01 2.471346070488376867e+01
5.877537144305262018e+01 5.049110004561850218e+01 4.705920740714692130e+01 2.846714298156265954e+01 9.385792360491361563e+00 3.438851696467059682e+00 2.343667653863756684e+01 3.245042879084719090e+01 4.147406026085378272e+01 4.149880638266935762e+01 6.063682331004341819e+01 5.715021178032503002e+01 5.072017944625063279e+01 3.072017944625134689e+01 4.787493519397645514e+01 4.420486681253115080e+01 4.276193637878450460e+01 2.276071953557020322e+01 2.861817227804040087e+01 1.188448776725608091e+01 3.188512908395255607e+01 3.149622254004873056e+01 1.580768894803928326e+01 1.909566884824584676e+01 3.064333265943025708e+01 5.065740645649973573e+01 5.500811988685676823e+01 4.344364500867883550e+01 2.668105693205684403e+01 2.269241224112255750e+01 4.271860381497976533e+01 5.749410643137888854e+01 3.707201066648842414e+01 2.714535671264266625e+01 2.080724854809526292e+01 3.212342307301401689e+01 2.580146241052431577e+01
5.593207082202304292e+01 5.021535462663616300e+01 3.043167445041150287e+01 1.947488005626454921e+01 2.846712833168512091e+01 2.343734228091205551e+01 4.344563173748874796e+00 2.407979687351518905e+01 3.326365693377785959e+01 4.600348547014741740e+01 4.620402328686277826e+01 5.462429133811208004e+01 5.900445069370870499e+01 4.486231506998179697e+01 5.072017944625063990e+01 6.420486681252972971e+01 5.104903564084736445e+01 4.276155422651729054e+01 3.422491606853058244e+01 1.422531071124539714e+01 3.422580084329112537e+01 4.410025400018027852e+01 2.580787066031603416e+01 3.910234167616149392e+01 2.425965031504715697e+01 3.840508109550779636e+01 5.843238627551945541e+01 5.500812013529168354e+01 4.670266965494138134e+01 2.872291135638974069e+01 4.876921690983338920e+01 6.581881078168936483e+01 5.565524663813364725e+01 4.728305812817574605e+01 3.219382424771885809e+01 1.266107467068692571e+01 7.374437877996610879e+00
6.421645198235904672e+01 5.853050828355655000e+01 4.705920740714691419e+01 3.879324155133140550e+01 4.322264960112136123e+01 3.252488474472181679e+01 2.434383934007030348e+01 5.252963672154285391e+00 1.041257721205697706e+01 2.519472192863254278e+01 2.496746912099915860e+01 4.620402353874247581e+01 5.966333764240339121e+01 6.486231506998038299e+01 7.072017944624921881e+01 6.714232643797900835e+01 5.714155419988776430e+01 4.129707611611618745e+01 2.129638020418439126e+01 1.694696598138870058e+01 3.694753331774964522e+01 5.411156144864771278e+01 3.995342774049643708e+01 4.812439124419047687e+01 2.810866043744741560e+01 3.965780214497967648e+01 5.968996703711684404e+01 6.147869144413053277e+01 4.138324776758972234e+01 4.028145589679245830e+01 5.711063971364262670e+01 5.572234253088002731e+01 4.737757109278541634e+01 3.982705729967108965e+01 2.898721546894224943e+01 8.988706471867605075e+00 2.737386792347479769e+01
6.643929912257939918e+01 5.705052674849318350e+01 4.918507503662830516e+01 4.488722211746754454e+01 3.537248311031385128e+01 1.615458949353747542e+01 2.820924276995939550e+01 1.892640375930796637e+01 6.163688705209882990e+00 9.963534385189561249e+00 1.932862654933579805e+01 3.024238748130339971e+01 4.536111232487384370e+01 6.570846900199133245e+01 7.300167705444432897e+01 5.299904940711878254e+01 3.885587097138662926e+01 2.885568816674697246e+01 3.972112564086994269e+01 1.972046696438250635e+01 3.386279528883689238e+01 5.386438622961033218e+01 5.997258643307430503e+01 5.239512820084778610e+01 3.237270554645036924e+01 5.239512820084778610e+01 6.800228535317158673e+01 6.983437234472870614e+01 5.557445940345920121e+01 5.453915904206946408e+01 5.898063754982405271e+01 3.888353692263490302e+01 2.739817356741381715e+01 1.992101081767721737e+01 2.446153908863157156e+01 1.013390306578334688e+01 3.013223215533269084e+01
5.296285418681341639e+01 3.988356565232204787e+01 3.045117320444129305e+01 2.601047879417565767e+01 2.184406393548694680e+01 3.015798540588433241e+01 1.073845549797622034e+01 7.088484083499326793e+00 2.644103476157274812e+01 3.118751168759443360e+01 1.753853641991546652e+01 3.903128409196682469e+01 5.467262080754998266e+01 6.294920297404343046e+01 7.300773598002918163e+01 6.040488979315888685e+01 4.040297202850779001e+01 4.299831202768127270e+01 4.260798809422161071e+01 2.260721831955003935e+01 3.415432965138110433e+01 4.829720730202423340e+01 6.830003633223725501e+01 5.774846919755260188e+01 3.771810131331227467e+01 4.502969465899546009e+01 5.660860469145311669e+01 7.693160371326645475e+01 7.573276867753979502e+01 7.528668722164576366e+01 6.733939997615489403e+01 5.572234253088002731e+01 3.615022788333585169e+01 3.182555790268967044e+01 1.180056826990524499e+01 3.008633530757786190e+01 1.797720370770938914e+01
4.718120714172620467e+01 3.890774628324570728e+01 4.371440056114317940e+01 4.488722211746754454e+01 4.086268617703522210e+01 3.623673327226794783e+01 2.740513326060156274e+01 7.753600188101080981e+00 1.775177684673880663e+01 3.910756321238790889e+01 3.903128409196682469e+01 2.643628839966376276e+01 3.381639573139904087e+01 4.455790839074439447e+01 6.478733322435554953e+01 6.868946770168966509e+01 5.195077902640704082e+01 6.300036323078158063e+01 4.565809800511566863e+01 2.565718977206374873e+01 3.382218441419708910e+01 4.796498203756698331e+01 6.796779568054323306e+01 6.353402199433482878e+01 4.349227920653679291e+01 6.353402199433482878e+01 7.355959847502637672e+01 8.541340396210485153e+01 8.259625819917337708e+01 7.457520891026470622e+01 7.624975140379490313e+01 6.476843455922809767e+01 5.625625404721701983e+01 4.014482912212813659e+01 3.180330066709400327e+01 1.351554438885052001e+01 3.351386864720851833e+01
6.544131307887283810e+01 4.957684756050136343e+01 6.239242586876609664e+01 5.102941595879190118e+01 4.199322744137503349e+01 2.868719467521254529e+01 8.697958996037186807e+00 2.706446371311558607e+01 2.376462599101551731e+01 4.084837262671703684e+01 5.608253445517465252e+01 4.772054578216632592e+01 5.467262080754998266e+01 6.294920297404343046e+01 7.300773598002918163e+01 8.023745468029545691e+01 7.195341986694941738e+01 6.318269494638336425e+01 4.318034791247725934e+01 2.903780704851678607e+01 4.903889971906173884e+01 5.015305008633029615e+01 7.015605843904093319e+01 7.185555182767133431e+01 5.244210238381216271e+01 5.984885609573502308e+01 7.993112986060914693e+01 8.827403399657519856e+01 6.900261120863272879e+01 5.495608165860781469e+01 5.644724804475785618e+01 7.033813388643345377e+01 6.039506186359795947e+01 4.042100752446147993e+01 2.627965874704498717e+01 1.473268944268048308e+01 2.951732330972399865e+01
7.638647327189579528e+01 6.832230591425749822e+01 5.672759375691380512e+01 3.691562088119109575e+01 2.229569347147567626e+01 1.188438975609689052e+01 9.367334343743724645e+00 2.917986362444977999e+01 3.595143707443394732e+01 3.764453078456317314e+01 5.837717630491342646e+01 5.779763159136318507e+01 5.946669718933927840e+01 6.777607873865663635e+01 6.348711636396006242e+01 7.179214724789258639e+01 7.677939220807503773e+01 5.677355017955085970e+01 4.263009497036318862e+01 3.262991430318887609e+01 4.677259151704111417e+01 6.677528469616966333e+01 7.844358979995921288e+01 8.083379259733604272e+01 6.401361254099981579e+01 7.993112986060914693e+01 7.748956500927818070e+01 6.910551573564792704e+01 6.165137841491038273e+01 5.335786920719969117e+01 4.231129277954335777e+01 6.224606270797443841e+01 6.017733138534286041e+01 4.620419742274289376e+01 3.596332320771789881e+01 1.596356837631961056e+01 3.275638474699040614e+01
6.635103025277047095e+01 6.930701067427443718e+01 5.940935019995320943e+01 4.977723331438104282e+01 4.200545813603262246e+01 3.424766681684103986e+01 2.914905890114345155e+01 1.032094212638381592e+01 1.583511973532779926e+01 3.720258833665521081e+01 5.193747536330483427e+01 3.777088655309191267e+01 3.940427098231008785e+01 5.272635941972567508e+01 4.335558351012326739e+01 5.497843138355303694e+01 7.511019619999507313e+01 7.091947269887587879e+01 5.671740232532952319e+01 3.671240328174062739e+01 4.825978290191133624e+01 6.240066873517844215e+01 8.233991155197955436e+01 9.243800031255578631e+01 8.411053985289591139e+01 8.394001198285585019e+01 6.910551573564792704e+01 4.813923410115598500e+01 5.279345170782843866e+01 3.331547930446895833e+01 4.628271891326849641e+01 4.985979967067540031e+01 4.172146005178841222e+01 3.204994998822715502e+01 1.789686502661422907e+01 3.596332383260714494e+01 2.013366495786678811e+01
4.620661022080564351e+01 5.627882023678807144e+01 4.218051296945455420e+01 3.280532925750463136e+01 4.149822844013836232e+01 4.970377911575802443e+01 3.837868989618210946e+01 3.014702894710000081e+01 1.127819702675733993e+01 3.109186354995189205e+01 3.806954817230985810e+01 2.356434990790480910e+01 2.796314636815411347e+01 3.275935704313978647e+01 5.272635941972567508e+01 7.179214724789068214e+01 8.339189532999567689e+01 7.085037788063604580e+01 5.085525494112502543e+01 4.671265438785268742e+01 4.524062439545994607e+01 5.938857473974793777e+01 7.947339256980960442e+01 9.030672449068637775e+01 8.213814637256768947e+01 7.574782431594812238e+01 5.575754335472685597e+01 5.428011581563172427e+01 3.489960184030574908e+01 2.791761302021183511e+01 2.627327337979937383e+01 4.164401454608887576e+01 2.169256132544736815e+01 2.011183111689179270e+01 2.081358579085720706e+01 4.080672105633771451e+01 3.782523322958061840e+01
5.627882023678807144e+01 3.622067895149817218e+01 3.028457451345504126e+01 2.461844021998641452e+01 2.172318054127815046e+01 3.751662338457116874e+01 4.008548250953923286e+01 3.176923754857098459e+01 1.195542014795881691e+01 1.478785452014662916e+01 1.787717919311052839e+01 3.806954817230987231e+01 4.788365001811427391e+01 5.272635941972567508e+01 4.421776520573310876e+01 5.584285453350152295e+01 7.596935673270297684e+01 7.911611770824423218e+01 7.084955572121145906e+01 5.825967520541520628e+01 5.524181094428293193e+01 5.938881825555191085e+01 7.948588069861575889e+01 8.213814637256768947e+01 6.217809796909119058e+01 6.802426079365773148e+01 5.942582825932633028e+01 3.938192779913625685e+01 3.043842836064649759e+01 4.794952242922480679e+01 4.399979245982731157e+01 2.396389875122697077e+01 4.169788923096849942e+01 3.426702343244439675e+01 4.120041714738292171e+01 2.507725579591160070e+01 4.456046186137744769e+01
3.809041805853426155e+01 3.378841657129242293e+01 2.986339866453583980e+01 4.447300781414148929e+01 3.751933668854002235e+01 1.777893706268646312e+01 2.868318278010329081e+01 1.299039565376568994e+01 3.176428979964800448e+01 1.488193389195189198e+01 3.462875621968262152e+01 4.511526253796126440e+01 5.314040627975793996e+01 6.170788774015478140e+01 6.434931526834940030e+01 7.265261603718894889e+01 8.424963727102836231e+01 8.842110017283650336e+01 8.642278576723730055e+01 7.821720787561665134e+01 6.679586919149549828e+01 7.948588069861575889e+01 8.794191054325077062e+01 8.213814637256768947e+01 6.217809796909119058e+01 4.796503079959560267e+01 4.087787484549527051e+01 3.421628511191537569e+01 5.046192346668151174e+01 3.400048160285755472e+01 5.229521544575879943e+01 4.405094943740152758e+01 5.236101711534908532e+01 5.432900901249976044e+01 4.815534462644345126e+01 2.816368557467450628e+01 4.815862310228362020e+01
