LEM/with_lateral_4open/elevation_000536.asc
nrows	100
cellsize	150.0
xllcorner	0
ncols	100
yllcorner	0
NODATA_value	-9999
[rows 0 to 16 of 100, columns 37 to 73 of 100]
8.884754177262699226e-02 6.929726548558100274e-02 7.395023591448830758e-02 4.828361932999872264e-02 4.897713358561925356e-02 8.568734790590110117e-02 1.075183056328203948e-02 6.823539046102447547e-02 7.194897206013613211e-02 1.557559815681563986e-02 7.704183385687686514e-02 1.685416958384493638e-02 9.680445094065920353e-02 7.639902522890137937e-02 4.559330980047965332e-02 5.839666421669215124e-02 9.739037529851846120e-02 3.670263267501718690e-02 2.041064012308905357e-02 6.895211126444661387e-02 9.031524355919069713e-02 1.560024811392830661e-02 7.641644294168103979e-02 3.888124420523987601e-02 6.873285589001959517e-02 4.772367030474261584e-02 9.504926490987847254e-02 5.760415539182907330e-02 9.666222459857021221e-02 9.627991409191682948e-02 1.286757495974483190e-02 9.381044340810595905e-02 7.584058927755046864e-02 1.435327048224320848e-02 5.777975670406795827e-02 2.716720951219454838e-02 4.735230246529398453e-03
1.423098316550345110e+01 1.433568482180947257e+01 1.954434563814799830e+01 6.807391513152142304e-01 1.414001627780563375e+01 9.425661090781471074e+00 1.699869598572039564e+01 2.003687085876208585e+01 1.037682131270737607e+01 2.001557559815645959e+01 6.491287934956508465e+00 2.001685416958348895e+01 1.423894007467173495e+01 2.007639902522854669e+01 3.527146428914444076e+00 2.005839666421633538e+01 1.423952599902959371e+01 1.417883825640609174e+01 2.002041064012273353e+01 1.747314827857822994e+00 2.009031524355768639e+01 2.001560024684861716e+01 1.421855206667275695e+01 1.418101686793631444e+01 1.421086847962084398e+01 8.991995580303978386e+00 1.009504926743569619e+01 2.005760415539147345e+01 2.009666222459821583e+01 3.810186674841489651e+00 2.001286757495939028e+01 1.423594606713918154e+01 1.421844610510476414e+01 2.001274675478028442e+01 1.083758108789223185e+00 2.001574604336893159e+01 1.414760040377110073e+01
3.423098316550274234e+01 3.518968150480171886e+01 2.195106475567521898e+01 1.313511147711805771e+00 1.995386635125138497e+01 2.710738466075270026e+01 2.462479553193333714e+01 3.783267797662909260e+01 2.599867140098123031e+01 3.375650517873850731e+01 1.339685170556148996e+01 3.375650519867910759e+01 3.423894007467437461e+01 2.706268033486828983e+01 7.062680334847196484e+00 2.706268033486947289e+01 3.423952599903029892e+01 3.417883825640679873e+01 3.002651020577751595e+01 2.174649756140297541e+01 4.146355403474056622e+00 2.414594175851846813e+01 3.421855206796500681e+01 3.418101686793701788e+01 3.421086847962013167e+01 1.899199558030415602e+01 2.423718666184172577e+01 3.837949767356422370e+01 2.758198062117966032e+01 7.589831345185647393e+00 2.758198062117966032e+01 3.423594606713988497e+01 3.423632565189069510e+01 2.211210995472076135e+01 2.111089102664253314e+00 2.210826695888225046e+01 3.417264014076423706e+01
4.421879311856115180e+01 4.709582762438406434e+01 3.059474033662097980e+01 2.143181252173877027e+01 2.210633705872834476e+00 1.954645792187996989e+01 3.971097790044817089e+01 4.561554311974742859e+01 4.850697511756640523e+01 4.213761266623741619e+01 2.433662977205831979e+01 4.213761266974508146e+01 4.509108528968133101e+01 3.077658709842760487e+01 1.077658709838826567e+01 2.232359248218098458e+01 4.232359248227437121e+01 4.854320030140210207e+01 2.854998026148035706e+01 2.585399261638470492e+01 5.855070718907492200e+00 2.585406140299076583e+01 3.611527705517563192e+01 4.439769802407807475e+01 4.727626682776705991e+01 3.313413120403560441e+01 4.423731858307688469e+01 3.374161674342337136e+01 1.376193690487279042e+01 2.758107405254273559e+01 2.391553084866543344e+01 4.389571175337353282e+01 3.467571205490190778e+01 1.468946270976270085e+01 3.142510348923048813e+00 2.314199454704112924e+01 2.900321313223722086e+01
4.533756970762741645e+01 3.886448299325245870e+01 1.977013406224137171e+01 1.029998301052944853e+01 2.845954537708786258e+00 2.290157683525595544e+01 3.113824606809241047e+01 4.211602683133052238e+01 5.282162574463254145e+01 5.369615849255433915e+01 4.253997625654638881e+01 5.094894961397169908e+01 3.094894961367484854e+01 1.680681398994364528e+01 3.077658709842770790e+01 3.906085837327252364e+01 5.060786377647606571e+01 4.268936260926000870e+01 2.269349220428644998e+01 8.551870168744631684e+00 2.585406126343217181e+01 1.175274816394870392e+01 1.611710375980461407e+01 3.611527706839818563e+01 5.146755802347580300e+01 5.313413120403630785e+01 4.785283571284991666e+01 2.789655846467036682e+01 3.374149632140474608e+01 2.132058171742819397e+01 4.126966856815143814e+01 5.216719199467058843e+01 4.292915882803366401e+01 2.422408448251166035e+01 4.180858612225383020e+00 9.070082275107203884e+00 2.900321791321541909e+01
5.362180205999180060e+01 4.716465072588267304e+01 3.744530666612276093e+01 2.930105265364307243e+01 1.509726012211955037e+01 3.749004931285393916e+00 1.724626298877554831e+01 2.684216627451418802e+01 4.455326079194075817e+01 4.815777501909138181e+01 6.426128345675371634e+01 5.306786458290007147e+01 3.306786458164696541e+01 2.152085919785404400e+01 3.566299482158549239e+01 5.566299482206539295e+01 5.805040363134992987e+01 4.814663080042814869e+01 3.050135547983152406e+01 1.050367031460160661e+01 3.050135545762991640e+01 3.175131788025154123e+01 3.611527706839818563e+01 2.318812342466493348e+01 4.318537216199288054e+01 5.999365091986913257e+01 5.611813700242318248e+01 4.785283571284991666e+01 4.700895317801283824e+01 2.709257742471660180e+01 4.674777736600757549e+01 5.239331982111636421e+01 3.114764126007715461e+01 1.680608170540327251e+01 5.246752193386683416e+00 2.520585315079390654e+01 1.696756134194815857e+01
5.990340576838161013e+01 6.195176416429569599e+01 4.277872734600251192e+01 2.745980775946427954e+01 2.628407256152229365e+01 4.388869409986503101e+00 1.292882762056224344e+01 2.967876403067743851e+01 2.808284145653841080e+01 4.620487825643315460e+01 6.275318346068225850e+01 6.135213641741346891e+01 4.980513053140807500e+01 4.152085919799468172e+01 3.046513110785336309e+01 5.046513110810802516e+01 4.988373026224491724e+01 3.003830391931867894e+01 2.004314072339121111e+01 1.248396540041000868e+01 3.248185031591246030e+01 4.421527157930536589e+01 5.146755802346550723e+01 4.318537216199288054e+01 3.171579973878917968e+01 4.585547238293862193e+01 6.584960248604416222e+01 6.104227877809960745e+01 4.119615938925930010e+01 3.707688617128872011e+01 5.521728630102563784e+01 4.796520173847341795e+01 3.964884185941744477e+01 2.632700560191786820e+01 6.320015899046157237e+00 2.632391753090805153e+01 3.672315927921136591e+01
5.161917003280984773e+01 5.599343267156415749e+01 4.424105940090125699e+01 3.388372493177785572e+01 7.696669131184952661e+00 5.031239864265248940e+00 2.486656459504882122e+01 1.368082020648356334e+01 3.295504983082322070e+01 3.547754653177928930e+01 4.652360038339514148e+01 6.585477426714250271e+01 6.460726673245524410e+01 4.460726673158481503e+01 4.201213649164628805e+01 5.874940247877994182e+01 5.805040363175768903e+01 4.814663080048995170e+01 3.638876388900368397e+01 1.640628801674793635e+01 1.593943908002220766e+01 3.593565889829962146e+01 4.777132824141234835e+01 5.930355756963384550e+01 5.171161750621214992e+01 4.326107504807437465e+01 6.325527317978712460e+01 6.923841321279209637e+01 6.104227877809960745e+01 4.856917803382878418e+01 5.121563458909581357e+01 3.118145038337420161e+01 1.963394561629781165e+01 2.739966807707439855e+01 7.400712436448016796e+00 1.076059084255376597e+01 2.874717409550460090e+01
5.990348853973515730e+01 4.757212756650827146e+01 2.748618805803572229e+01 1.495825775621877085e+01 1.422677035092248410e+01 2.120037444571767438e+01 5.953291020540254941e+00 2.720928965342566741e+01 2.336898371240427252e+01 3.690780997588426970e+01 5.613874463978361717e+01 7.394993923782880074e+01 7.289153823386961051e+01 6.460726673245504514e+01 6.201213649224531110e+01 7.029640793610624883e+01 5.319211052657485084e+01 3.905354812461646929e+01 2.905482562632473176e+01 2.099460025075435965e+01 3.593564913159126917e+01 1.950292201720970908e+01 3.104893851601178412e+01 5.103610216011223599e+01 6.308306709301462689e+01 6.325527317978644959e+01 5.958630763553286158e+01 7.958029773557339581e+01 7.656981119313900308e+01 6.837716923935076352e+01 5.954427736744094091e+01 4.796431235675745341e+01 2.895059455660441472e+01 8.946304012792369420e+00 2.740722805159485631e+01 3.399130536605790098e+01 4.410866615821743864e+01
5.894498236574371930e+01 3.902507737558617862e+01 2.486152173254760456e+01 3.582150954645805285e+01 3.135223153375283189e+01 2.663952608895762353e+01 6.611057211101238451e+00 2.683352495421865669e+01 3.421160495231738707e+01 3.855036537786436668e+01 4.687221535735664446e+01 5.696786863988432970e+01 7.111747841981481599e+01 7.248760823479327087e+01 8.074626739444272516e+01 8.146658862592802564e+01 6.732934957867719561e+01 4.785056698329747604e+01 2.785444845105399381e+01 4.099195491005417580e+01 4.777410998946738374e+01 3.949697371499046028e+01 2.328256435709387517e+01 3.482792126532043397e+01 5.481061589324555428e+01 6.941683551322026346e+01 7.958029773557311159e+01 7.764109154622691733e+01 6.601797395110848754e+01 5.705577511114564260e+01 4.872724095410138290e+01 4.168025401194367419e+01 3.005643777596031185e+01 1.005264583663879385e+01 1.454784091850163108e+01 1.917238223935434505e+01 3.407862363490271207e+01
4.771772342538236700e+01 3.649049840415673884e+01 4.485948250344991095e+01 4.781822879403820536e+01 3.132506333658026421e+01 1.192329627820980953e+01 7.269929177435258794e+00 1.725396041756744836e+01 1.395127197286666920e+01 1.819980030877894706e+01 2.841304905289954164e+01 4.281825885905693951e+01 5.840454950773725784e+01 5.257115558329393679e+01 7.248760823479327087e+01 7.353182402513192528e+01 5.353828400275136090e+01 4.199442337272047610e+01 3.388437061319022803e+01 5.387924993111505501e+01 4.768563938661372248e+01 2.769980435837436161e+01 4.327360177067887292e+01 3.222625509727970439e+01 4.116796927728309896e+01 5.529658674293969511e+01 7.526489120948032507e+01 6.927374287701043443e+01 4.917038421813128934e+01 3.767701277379412517e+01 2.879852872786847229e+01 2.175888254953904521e+01 2.835531586985397823e+01 1.119614992102481565e+01 2.662305152377527406e+01 3.812460434688500044e+01 2.677402357753977213e+01
6.500288342150800247e+01 5.629172735214880419e+01 5.845608870272070590e+01 3.965622890628355890e+01 1.936059765520335318e+01 2.539417445658931882e+01 2.749911429029039311e+01 8.210270223091299613e+00 2.845052758748584409e+01 3.855035726930642426e+01 2.590737028784895557e+01 3.186071903342364209e+01 3.835731851251733104e+01 5.257115558329393679e+01 7.248760823479327087e+01 8.181267716734237183e+01 6.542254612643037603e+01 4.542897062932778596e+01 4.802327057220497863e+01 6.216056987091974406e+01 5.088361047882457200e+01 3.090232966213213928e+01 5.088361047882417409e+01 4.376852538798790704e+01 6.048375965124450460e+01 6.941683551478114111e+01 7.069178608811459696e+01 6.234489599850300579e+01 5.525710638753584192e+01 4.921917224429024884e+01 4.387056627376122009e+01 3.282977065384563531e+01 1.282887734209737296e+01 3.119313189534686970e+01 2.911644370527755754e+01 4.501121213090740980e+01 4.799344069665406920e+01
7.466204418937721243e+01 5.432454795882637200e+01 3.980524686631577680e+01 2.941224516645067766e+01 3.965622890622387331e+01 4.564259386916634753e+01 2.913263303925333148e+01 8.884209132196549064e+00 2.598070561890816421e+01 4.677756022394081725e+01 4.623256803906080847e+01 5.206505843529537003e+01 5.840454950773727916e+01 6.665871148886836295e+01 7.581430654342884168e+01 8.405772320035747214e+01 7.370366586376597695e+01 5.697226927319617573e+01 6.801683472037277056e+01 5.901523576284312611e+01 3.906584551977328346e+01 3.498466165523790039e+01 5.496133104197269148e+01 6.374385476542684614e+01 7.201556548539409164e+01 7.394856093193686775e+01 5.385042371322444410e+01 4.229759960834954313e+01 3.523154432551434923e+01 2.920652120571705979e+01 2.386495874083912838e+01 1.915288248125183657e+01 3.282962883488949757e+01 1.456118897352549446e+01 3.194764503821459911e+01 1.718589115569713499e+01 4.638580510249777689e+01
6.265878305724830710e+01 6.865657281498401687e+01 5.845608870272067747e+01 4.963616017348365261e+01 4.868770193633840648e+01 3.890346480079993086e+01 2.981639607817626825e+01 9.559119985999780411e+00 2.232638486270354150e+01 4.095093380639225700e+01 5.893967021982798116e+01 5.831950175732413300e+01 6.655304153852374327e+01 6.172950927801840493e+01 5.589539522740987820e+01 7.581430654342884168e+01 8.524662204808745969e+01 7.696583897696002907e+01 6.836949751723039981e+01 4.848546551811654837e+01 5.901523576284312611e+01 3.983480028345292112e+01 4.762571032927386483e+01 5.915449024099691400e+01 7.909932200753733866e+01 8.231060744302813248e+01 7.069178608811461118e+01 6.234489599850300579e+01 5.525710638753584192e+01 4.921917224429024884e+01 3.800120529079500642e+01 3.915512447467018120e+01 4.253483400294322792e+01 3.456387988615248474e+01 1.630764203299539261e+01 1.852785601856039222e+01 3.851974928949208987e+01
4.249554895024749612e+01 5.257716600374793359e+01 4.774717275042055320e+01 3.911573550613925221e+01 3.698383681687332114e+01 2.445738457020483381e+01 1.058131056707294171e+01 1.147344311280359186e+01 3.159124766658165484e+01 3.078239863868892812e+01 5.076219740459406893e+01 3.833923796328281242e+01 5.107590036367160025e+01 4.179843203293514620e+01 6.172950927801840493e+01 7.133102457377162864e+01 8.232236275417712079e+01 7.973321032366365557e+01 5.999190280684154430e+01 6.836949751723039981e+01 6.479523704126239636e+01 4.483331675036667008e+01 6.479523704126239636e+01 7.584661604539394375e+01 8.736247939308327659e+01 9.306042613938295460e+01 7.288844265837812486e+01 7.288844265837811065e+01 6.844970838663545010e+01 6.013440502177189728e+01 5.805033253923220116e+01 4.658465578016510733e+01 2.831488990066589295e+01 1.842993459434199011e+01 3.631281122489240687e+01 3.851974928949965715e+01 2.174263447561166984e+01
5.257716600374793359e+01 3.232551227312549003e+01 3.931484576550835186e+01 1.852988967494469463e+01 3.190408720437264023e+01 1.160702932329575177e+01 3.073821145291597645e+01 3.173565233016021025e+01 1.422629677059830655e+01 3.452380252262764770e+01 4.117182490532746897e+01 2.657346460411440603e+01 3.097325242821014513e+01 3.687553405964712283e+01 4.324339782012295075e+01 5.469164650495456925e+01 7.426527697933903482e+01 8.784978715462727905e+01 7.396381986125985009e+01 8.784978715462727905e+01 7.144542576172382553e+01 5.149485960033931065e+01 5.895387045139157323e+01 7.889754348532139261e+01 9.065171766326179181e+01 8.228847757962014953e+01 7.118989036553310257e+01 5.280407858311160396e+01 5.688260413805097926e+01 4.009829494612678502e+01 4.617968071415203468e+01 4.057716763228036427e+01 2.058592863226563097e+01 3.256631785498944964e+01 4.674480685802980418e+01 4.410048086455127248e+01 2.409760450668580134e+01
5.387076021918715441e+01 4.394183183823898275e+01 2.324932105875178223e+01 3.506384055141328560e+01 1.476132865678930628e+01 1.233478403166726878e+01 3.263343728152829470e+01 4.146986566217051262e+01 3.452380252190319254e+01 1.707660555038220451e+01 2.085965027684809669e+01 4.117182490532746897e+01 5.107590036367160025e+01 5.686136926259114688e+01 6.319119208415827416e+01 5.722308031495683167e+01 7.111831279033673070e+01 9.123262907283523759e+01 9.331065641202265226e+01 8.295639268278171130e+01 6.301881313126482809e+01 7.144542576172382553e+01 7.889754348532139261e+01 8.716023790295156459e+01 8.228847757962014953e+01 6.216253091864562208e+01 6.284626062074488573e+01 4.280117639874175950e+01 4.856864294156355299e+01 2.856863791462788527e+01 2.618530274641828015e+01 2.384906260811119338e+01 2.263725331113119665e+01 4.263042603004515740e+01 6.092328224282319837e+01 4.664117019074006976e+01 2.663576089426418037e+01
