LEM/with_lateral_4open/elevation_000498.asc
nrows	100
cellsize	150.0
xllcorner	0
ncols	100
yllcorner	0
NODATA_value	-9999
[rows 34 to 50 of 100, columns 0 to 36 of 100]
2.064481644892168788e-02 1.416278044017999704e+01 3.416278044018070403e+01 3.744133818415262027e+01 4.276294480656806485e+01 2.949773111605179921e+01 3.515689903307181652e+01 3.206770463469234755e+01 1.688806722226447832e+01 3.683622683851424995e+01 5.080012554381434597e+01 4.887684778825272502e+01 4.772600753937769724e+01 3.950194427219524584e+01 2.281427207166521853e+01 4.322924874641442727e+01 5.055883573967575018e+01 5.873152440163221399e+01 6.722533225244204402e+01 7.539560394170817403e+01 8.675830657856933215e+01 7.968585506046943578e+01 6.165891654901552243e+01 7.968585506962305942e+01 8.072630989316107275e+01 6.304441998621881282e+01 6.456367193573453278e+01 8.424065165444534387e+01 9.426603092165063913e+01 1.041514725583964349e+02 1.086775376732118872e+02 1.003123144043239989e+02 1.003123144043239989e+02 9.487534223797759125e+01 7.483645449782321180e+01 6.328377646035134774e+01 5.511721573994434209e+01
2.905961989428186565e-02 1.417119524362535721e+01 3.417119524362605887e+01 4.726397034804621455e+01 5.697011701845156750e+01 4.310958345162019612e+01 4.678837416561918161e+01 2.688407951140604268e+01 3.683622683851424995e+01 2.266206466994202628e+01 4.258849049578230250e+01 5.724611371359507928e+01 5.939339093892691324e+01 3.959644068821092588e+01 4.322924874641402937e+01 2.717355563638393079e+01 3.069046279782857312e+01 5.055883573965823530e+01 4.753073895072910915e+01 5.892548293807398352e+01 7.856313726351305604e+01 8.954511512796945283e+01 8.134057780272125626e+01 8.954511512796945283e+01 9.092294770751665567e+01 7.693642575252103200e+01 7.590406584971759685e+01 9.245159774182111789e+01 1.067968167548358878e+02 9.851104784134496128e+01 9.696470190328120964e+01 1.052570480193795390e+02 1.017546509738610609e+02 1.032049591251588367e+02 9.162356560803284822e+01 7.513189342131254023e+01 6.406337798593651200e+01
3.542675937824442400e-02 8.979698669377480513e+00 1.897969866937765815e+01 3.312183429310911009e+01 5.312183429763748421e+01 6.260179503358390463e+01 5.499527715615099055e+01 3.581226009710026403e+01 5.080012554546487991e+01 4.258849049578230250e+01 2.914870268619787197e+01 4.323844190831052714e+01 6.305671002429207306e+01 5.939339093893880062e+01 5.165578553885026025e+01 3.179827233978071632e+01 5.055883573967575018e+01 3.603976461058409342e+01 5.585465350811566765e+01 6.968654092084408092e+01 7.785806782300599593e+01 8.768897490538692807e+01 9.502900534844356173e+01 8.674922017199176594e+01 9.502900534844356173e+01 9.666866304599987814e+01 9.562863964453237031e+01 1.038677060478589880e+02 9.523997855457173500e+01 7.848845106668781568e+01 7.693999752532950254e+01 8.540343339509740872e+01 8.172858122469814646e+01 1.017546509738610609e+02 1.035063289025853379e+02 9.240506910474195479e+01 7.821503300286346416e+01
3.411803931810562102e-02 2.003411803931775026e+01 3.092549995002868002e+01 3.725005527036496744e+01 4.553432651782576812e+01 5.447859842782400364e+01 6.386694868998157659e+01 4.987175130750718210e+01 6.386694868998157659e+01 4.837546010964497611e+01 3.430715637371752536e+01 4.837546010964497611e+01 6.816681619110933354e+01 5.913027415587636426e+01 3.935463609784275008e+01 5.165578553885046631e+01 5.165578553885047342e+01 5.585465350812380336e+01 4.252050096029519466e+01 5.003428341123910172e+01 5.988297101199760419e+01 7.949011083017674650e+01 8.501274313127620985e+01 6.669873760483716296e+01 8.501274313127620985e+01 9.436342946140861443e+01 8.608919020894973073e+01 9.436342946140861443e+01 8.695080764993899436e+01 6.698223187910781462e+01 6.544176646877923531e+01 6.544176646877923531e+01 7.953803024878503436e+01 9.956376955823643016e+01 1.008156290159818269e+02 1.030042382012971984e+02 9.826151854039746070e+01
3.327314952832965272e-02 5.378497987776793998e+00 1.092549995002903529e+01 1.725005527036568154e+01 2.619432718036468088e+01 4.033646280409513452e+01 6.033646280409442397e+01 6.966219130218999567e+01 7.636371913011102208e+01 6.118024649254792280e+01 4.135853757396004227e+01 5.417221409702826662e+01 7.395651346759677836e+01 6.481927056037093848e+01 4.511200892704850673e+01 6.481927056037093848e+01 7.136945870262141511e+01 6.969029154519404301e+01 5.003428360912715078e+01 5.650556293733847468e+01 7.614795293053319369e+01 8.768897480804302802e+01 7.672397888841449287e+01 5.658018969204103144e+01 7.672397888841449287e+01 8.435026268134497229e+01 6.604191693606952640e+01 8.435026268134497229e+01 8.951250667415739315e+01 6.956955111824794358e+01 5.553097005741182102e+01 7.542259999151488614e+01 9.369668616979967624e+01 9.494788081489998888e+01 8.080033930441719292e+01 8.299000097178127078e+01 1.030042382012971984e+02
6.779948344387334846e-02 2.006779948344351894e+01 3.092549995002868002e+01 3.725005527036496744e+01 4.553432651782576812e+01 5.447859842782400364e+01 6.300853974411640479e+01 7.129280052175489857e+01 7.069397330972331872e+01 6.937327363299716865e+01 6.118024649254792280e+01 5.539238264532989575e+01 7.515338588967071587e+01 7.298225730299049019e+01 5.500590713201096094e+01 5.906821003399127790e+01 7.870355888118500332e+01 7.774173880314425844e+01 5.988301870287404682e+01 7.614795293053319369e+01 8.433813403832535016e+01 8.402332764249972286e+01 6.390715644001112139e+01 4.977058829821439900e+01 7.000938248962330590e+01 7.606555357250958593e+01 5.594172929396191307e+01 7.606555357250958593e+01 8.528236115961745156e+01 6.533723463574160917e+01 5.123123489765028182e+01 7.118073385243918949e+01 8.601234188507625333e+01 7.773117517302529222e+01 6.669122567555368164e+01 8.080033930441719292e+01 1.008156290159818269e+02
9.516927588586144779e-03 2.000951692758822986e+01 3.830373058503690942e+01 5.244586612372028611e+01 5.745089711055128134e+01 5.974579900563500701e+01 4.300853874811746635e+01 5.974579900563500701e+01 5.069396666756905745e+01 6.081584785101703972e+01 6.910018382179467267e+01 7.515338588967071587e+01 8.335416462475446053e+01 8.281384967420676446e+01 6.887547679441985338e+01 7.870355888118500332e+01 8.689630457198977354e+01 8.776755186956421539e+01 7.951224335935359022e+01 8.778503396261008618e+01 8.404789505805497640e+01 7.574289579501467529e+01 6.390715644033901555e+01 4.358281371010740912e+01 6.390715644033901555e+01 6.935761214632704252e+01 4.914822001275754815e+01 6.935761214632704252e+01 8.137534215510827096e+01 6.142499333798404848e+01 4.715500528774695965e+01 6.597683137140046483e+01 7.045365435018980804e+01 5.780086358612255282e+01 7.773117517302529222e+01 9.494788081489998888e+01 1.052489354474608518e+02
1.945935296826603253e-02 1.001945935296817858e+01 2.416159497669887912e+01 3.745089711035909374e+01 3.745089711035909374e+01 4.699265940211054726e+01 3.146153336408209356e+01 4.108250376675540139e+01 3.655183101951131874e+01 4.081584534667421593e+01 5.755315099238112708e+01 6.910018382171966778e+01 7.758018494557830991e+01 8.586458939784670008e+01 8.853164096795036642e+01 9.176017316868532703e+01 8.347326428187220415e+01 9.176017316868532703e+01 9.043109411364727634e+01 8.218420501143968693e+01 7.574289579501467529e+01 5.547849189310898055e+01 5.882607075779461780e+01 3.846143757700163235e+01 5.882607075779461780e+01 6.352366315208949743e+01 4.324178735092591808e+01 6.352366315208949743e+01 7.976555279990313352e+01 6.353336732984930535e+01 4.308041336023424606e+01 4.568929285383696737e+01 5.043269334257737313e+01 7.045365435018980804e+01 8.601234188507625333e+01 9.252977235001885958e+01 9.686791904827774147e+01
5.600688922766024203e-02 2.005600688919112784e+01 2.495089711034653845e+01 1.745089711035139146e+01 3.007702576755840340e+01 2.699266237123488565e+01 2.329656755480468888e+01 2.108250293286859289e+01 2.500482563563233995e+01 2.926883996274462518e+01 4.081584534667421593e+01 6.081584785101703261e+01 5.758017633880761821e+01 7.758018494557830991e+01 9.100960430530479073e+01 8.173404399598163650e+01 6.340199746040084960e+01 8.173404399598163650e+01 7.886942050416902816e+01 6.208942466748733580e+01 7.886942050416902816e+01 6.141379837927399166e+01 4.100701747036029587e+01 3.379901124284855740e+01 4.870482606776239720e+01 5.131876228727544031e+01 3.797145141365465548e+01 5.828690533823928632e+01 7.148724702092117411e+01 5.134810551479600349e+01 3.884772596282669355e+01 5.985990835479676520e+01 7.045365435018980804e+01 7.872816951016035603e+01 8.109761453578698820e+01 7.445738513147271931e+01 8.743276742688445324e+01
8.215197286175310309e-02 2.507508223225088262e+00 4.950897110351203168e+00 7.450897110351212937e+00 1.007702576754568646e+01 1.285052674867185551e+01 1.573727809462000948e+01 2.329656755480468888e+01 4.329657130411340660e+01 4.926884102134148691e+01 3.711348536827226496e+01 4.343804068860924872e+01 5.498504607334684380e+01 7.498505209827887086e+01 8.272024782490535699e+01 6.262278105297325936e+01 5.327972504858697533e+01 7.343763087113650556e+01 7.058516017257178987e+01 5.008006916127609287e+01 7.058516017257178987e+01 6.976318912644333636e+01 6.119957124170203855e+01 4.865964368914385574e+01 2.843122255994493486e+01 3.102684275351989385e+01 4.538799436443500213e+01 6.563690110951669965e+01 6.167666639720025756e+01 5.327377943976266295e+01 3.579251666118816644e+01 5.116173804567188199e+01 7.143931947373766889e+01 7.580266394981278211e+01 6.282067777432907008e+01 6.144718054638975246e+01 7.974919077896969100e+01
2.613274238814250472e-02 2.002613274238778729e+01 2.495089711035420876e+01 2.745089711035506141e+01 2.007702576754551060e+01 3.285052678357095601e+01 2.468155000461932502e+01 4.329657068197840175e+01 3.743870320420013798e+01 5.743871591768926521e+01 5.125562100663413645e+01 6.343804323594142147e+01 7.172238286832710230e+01 8.326943728654924826e+01 7.823873100455659824e+01 6.631073492031424621e+01 4.606710347960964214e+01 6.631073492031424621e+01 6.333578165965461437e+01 4.267045355901557713e+01 5.409423914976824221e+01 6.250483362708874324e+01 5.177910546613271947e+01 4.239180168089961853e+01 2.489550091464577264e+01 4.505532623725127195e+01 5.478860048920711279e+01 4.950420690862135586e+01 5.023490332292168858e+01 3.238796965974346165e+01 5.327377951373869536e+01 6.544223363218821987e+01 6.861512580541013051e+01 6.024844872138101692e+01 4.874335836697396473e+01 6.472638454480131998e+01 6.768287817849289922e+01
7.532853315450405152e-02 2.007532853315414911e+01 3.186474005758075734e+01 4.014901130504200921e+01 4.007702576769720793e+01 4.007702576593719357e+01 3.622855538854816615e+01 5.296586235738791260e+01 5.743871591761500639e+01 6.572321322125613108e+01 7.125562690351945605e+01 7.670467254394495171e+01 8.501056416491988443e+01 8.413687066758426170e+01 6.405255638893338244e+01 4.973286999275563147e+01 4.060800016530698286e+01 5.448337757288408056e+01 6.282556782053316624e+01 5.409423914976824221e+01 3.381018708172200604e+01 4.642775695008798209e+01 4.247029444609542992e+01 2.365686923571384526e+01 4.375849026733776270e+01 2.622510744500318225e+01 4.643638422802904842e+01 2.895137430547880797e+01 2.993081683428229667e+01 3.100838197705023802e+01 5.133230856493776884e+01 6.124332339539688519e+01 5.718387725839631486e+01 3.980221995119775613e+01 4.180177612231160822e+01 4.406989838545582217e+01 4.656538323211339758e+01
6.101047412966256744e-02 5.834513166025894648e+00 1.186474005758111439e+01 3.186474005758075734e+01 5.169601668883431955e+01 6.007702573122885781e+01 5.622855766586332038e+01 6.451290146018924077e+01 7.113699034050922876e+01 7.941460933648011178e+01 7.344323887685753505e+01 5.667651952037466856e+01 7.344323887685753505e+01 8.591031166405576869e+01 7.823873100455659824e+01 6.616939997026977949e+01 4.592861543958247950e+01 3.418402707432932885e+01 4.895859414717801883e+01 5.731350073644096454e+01 4.642775695344358411e+01 2.693803627823961477e+01 2.243793224846255185e+01 4.247029428836210485e+01 5.146447467342318305e+01 3.477510834760474268e+01 2.757567733208132310e+01 4.725830824926107709e+01 5.019246419944868620e+01 5.133230856493776884e+01 3.254502184232197237e+01 5.289294673631879107e+01 3.702346412336272152e+01 5.718387723812762147e+01 6.330596254896390462e+01 6.519871725453508304e+01 6.768813941147378443e+01
6.842009524227352091e-02 2.006842009524191894e+01 3.186474005758075734e+01 2.341174544137342650e+01 3.755388106510388013e+01 5.755388106510316959e+01 6.787561612549809809e+01 5.959739205121103112e+01 5.114981747735748030e+01 6.787555637967643918e+01 6.514141300441563942e+01 4.515510970045997396e+01 5.758730040873349765e+01 6.734147028448127514e+01 7.563111350035262603e+01 7.448274055430090357e+01 6.282556780383503536e+01 4.895859414717801883e+01 2.873370807007087890e+01 4.390237262790261497e+01 4.869074266582386912e+01 4.033503614476421006e+01 2.160001614730102304e+01 2.851211679494863915e+01 4.872750871821266827e+01 5.395775434201788556e+01 4.782672408699908573e+01 3.923886211703108273e+01 5.928101353431809883e+01 5.630074991810881357e+01 3.631460621701840807e+01 3.416208466893844076e+01 3.553658905806378243e+01 5.591560035312331678e+01 5.931545373024879808e+01 6.763918268291268987e+01 7.559291720044834051e+01
1.934550753332892059e-02 1.416148113126415353e+01 3.416148113126344299e+01 4.341174544137271596e+01 5.169601668883431955e+01 5.987461763597763564e+01 5.631878502257043095e+01 3.956727687979916652e+01 3.956727687978217745e+01 5.959739070762901747e+01 5.758730040873349054e+01 3.763918599260482267e+01 5.758730040873349054e+01 4.736207525569015786e+01 6.409032696391159334e+01 6.943915388051969728e+01 6.111193787119429288e+01 5.731350073644104981e+01 4.390237262790261497e+01 2.383409849167366801e+01 3.910512307165078738e+01 2.042737623342393860e+01 4.027052898320398100e+01 4.871780454357080714e+01 4.127938209118642732e+01 6.153883077985585004e+01 6.736428898865985104e+01 5.094628594776808228e+01 6.201008818612277196e+01 4.182110586073575575e+01 5.630074991810881357e+01 5.452601784048090394e+01 5.591129062537679317e+01 3.750480133619939949e+01 3.892365526736490722e+01 5.931633565684334997e+01 5.544839266528426691e+01
4.364784840791047227e-02 8.208613657685242870e+00 1.820861365768541873e+01 3.235074928141686712e+01 5.235074928141757056e+01 3.982801963909903975e+01 3.982801963909903264e+01 2.793498459186591987e+01 4.803299966509720775e+01 5.640281027391325352e+01 5.182877574506263585e+01 3.192732498972128141e+01 4.430673443129027333e+01 3.588468072209108328e+01 5.580549077104026168e+01 6.111193787119429288e+01 4.089745268260561772e+01 4.681813831614824295e+01 4.626834944047624276e+01 3.792263987742794740e+01 1.926058835093763832e+01 3.910513760589223864e+01 3.441628674392078580e+01 5.462796536493071642e+01 5.563536484027127926e+01 6.985714406289847034e+01 7.870906789410864235e+01 7.069307001022031045e+01 6.629186845745748258e+01 4.587354327744282045e+01 6.629186845745748258e+01 7.217970975200304906e+01 5.197935276884330591e+01 5.789578168703636152e+01 5.931633565684390419e+01 4.097133735703682333e+01 6.134858729785430853e+01
5.219006137575642884e-02 2.005219006137540205e+01 3.649288490514613414e+01 4.649288490514832262e+01 4.454158861335534425e+01 3.982801963909903264e+01 1.974292465925158169e+01 3.982801963909903264e+01 5.026203849605270335e+01 3.590546648815190878e+01 5.027706950972733324e+01 4.430673443129027333e+01 2.450080389478362264e+01 3.846024970117309749e+01 5.826126528948772432e+01 6.111193787119139387e+01 4.089745268260562483e+01 2.672959710000933597e+01 3.677386770803517635e+01 1.812457024323051158e+01 3.652815615450928277e+01 4.699308698051413558e+01 5.463080761891738035e+01 6.297895734728860617e+01 7.580168927096619313e+01 7.330617367699376530e+01 8.157075097277254372e+01 8.524330120230446539e+01 6.495394740208284645e+01 5.034648457300270508e+01 7.089656154427466106e+01 8.047787857111832466e+01 7.217997580617111453e+01 6.987297117131886637e+01 4.975635631007121873e+01 6.134858267926581732e+01 4.313261606785494706e+01
