LEM/with_lateral_4open/elevation_000034.asc
nrows	100
cellsize	150.0
xllcorner	0
ncols	100
yllcorner	0
NODATA_value	-9999
[rows 17 to 33 of 100, columns 37 to 73 of 100]
5.755010363973151044e+01 6.366539020198485588e+01 4.362834866535757783e+01 4.949706213524460452e+01 4.569985176010795414e+01 3.598762335782671329e+01 1.614081574440847078e+01 1.518516223356658124e+01 1.999129512664291752e+01 3.942412797687770620e+01 5.472857739418169842e+01 4.596314888932097631e+01 2.597948037507114449e+01 3.331015193109099215e+01 1.489077362806907878e+01 2.011173374274936876e+01 3.337715920148710325e+01 5.114477707065389467e+01 4.622885912604516534e+01 4.009767451530523630e+01 4.732799392303413555e+01 5.924740925934377600e+01 7.969216880000347203e+01 8.967457609603573587e+01 8.141145647946753172e+01 8.594704386853427991e+01 6.598877009701919860e+01 5.189593040003315139e+01 6.369456164928402586e+01 4.982232809410704988e+01 6.981275777942771299e+01 8.627348010245104604e+01 6.798275871264381465e+01 8.627348018496307702e+01 8.369560599710440840e+01 6.540880574849275320e+01 8.369560599710440840e+01
4.335729082511369370e+01 6.016724948667209105e+01 4.949357597141747789e+01 2.948623998507432731e+01 3.739388625528405896e+01 1.750605584096133072e+01 3.598762335782792832e+01 2.915179554761725100e+01 3.367196595890562349e+01 3.115307809163661190e+01 5.072259225238119740e+01 5.423041081965740773e+01 4.008892273121552563e+01 2.993897662744658561e+01 1.586556539962008117e+01 3.574622338516071096e+01 4.499746257687950646e+01 4.524198843606495046e+01 3.183238710552259221e+01 5.224083442215033557e+01 6.788838137568643560e+01 7.625534753785832720e+01 7.400377729740181110e+01 8.236180506155606906e+01 9.593780098686562496e+01 7.595628675020306275e+01 6.186008951609082374e+01 7.183441314391838262e+01 7.557417646641016518e+01 5.561691048995099607e+01 6.615452605733973712e+01 8.609139691057788468e+01 8.211747275453433303e+01 9.627700793007795710e+01 9.369698915376156378e+01 8.540568920204700021e+01 9.369698915376156378e+01
3.179367797749410585e+01 4.648446413811330302e+01 4.286484345309093413e+01 3.807745433441078120e+01 1.888088889213796406e+01 3.739368717427603173e+01 4.569870121880062896e+01 4.915643998553991878e+01 5.331107558399384061e+01 4.231220610006482019e+01 5.902668356167048103e+01 6.818754285722958741e+01 5.852420748154695218e+01 4.269431347669301857e+01 2.383429666646430434e+01 1.725789573211188355e+01 3.732357716480437659e+01 2.495430504599178079e+01 4.524198843606495046e+01 6.066214872358654020e+01 5.908432092613036701e+01 6.743878697302203307e+01 5.343364676358071108e+01 7.055193389013959404e+01 8.079008018411823855e+01 9.008901410525135134e+01 7.595628675020306275e+01 8.180873677174595571e+01 8.262643034102946160e+01 6.267964419145956612e+01 7.557417646641016518e+01 9.433278248083382778e+01 1.021410594690381544e+02 1.008258877741747170e+02 9.264269783757043797e+01 9.264269783757043797e+01 8.787614103192463233e+01
4.648446413811330302e+01 2.644911069413653948e+01 2.287428388791512290e+01 2.031014424799808538e+01 3.880996414635661296e+01 2.610239626640955990e+01 3.163567049522496077e+01 5.168212561159059959e+01 6.897205050237174362e+01 6.221139339208200880e+01 7.055796727362886145e+01 7.938982984918527563e+01 5.898686129484819674e+01 5.427585877805017134e+01 3.965617807956928687e+01 3.735379033422847073e+01 1.867158810544027858e+01 3.882758748311091068e+01 4.334844021270009051e+01 4.532482705473430684e+01 3.870849539777603354e+01 5.295368379675845460e+01 4.162097788900369011e+01 5.183222949910939548e+01 6.645180338685113952e+01 8.683869022260098802e+01 9.593780098686562496e+01 1.017946233356835819e+02 9.086844396802810309e+01 7.266119713876284436e+01 9.086844396802810309e+01 1.037314263709515387e+02 1.081400961933203604e+02 9.264269783757043797e+01 7.283593828158821282e+01 7.283593828158821282e+01 7.969218382071377960e+01
4.844410336571708342e+01 2.840382303987930612e+01 4.141583578248599906e+01 2.142131443190659468e+01 4.141474974502532547e+01 4.612228532045100593e+01 5.168212561159055696e+01 4.058775554726434365e+01 5.477426018527587814e+01 7.486144253148748362e+01 8.333353899697596034e+01 7.346429209380821135e+01 5.299011310960103316e+01 3.852895731761264386e+01 4.325357654722369460e+01 2.046789086568878346e+01 2.962376539060088021e+01 2.130635302650002316e+01 2.321158847493979849e+01 2.516948251284838634e+01 2.715805218981964941e+01 3.267845279687982440e+01 5.295669925593117711e+01 7.054755104951031797e+01 7.369993635057953441e+01 8.205685116599389062e+01 8.314563751731314767e+01 9.144655631639621163e+01 1.008263179149008550e+02 9.259166354329626358e+01 1.008263179149008550e+02 1.016975561438527649e+02 9.995732120508905894e+01 8.020349455958908891e+01 6.872196361062351855e+01 5.865760260219831679e+01 7.011787324846675062e+01
3.430280273157930537e+01 4.844410336571708342e+01 4.255803047564354813e+01 2.254516514437403885e+01 3.668309975859805405e+01 5.674442618232535551e+01 6.897197766340303815e+01 6.065765967955054094e+01 5.477426018527587814e+01 7.486144253148748362e+01 7.501330570476611115e+01 5.456609361080572995e+01 5.831822693120559364e+01 4.604815184293698849e+01 2.581363788921956015e+01 2.175474342106502590e+01 4.102054573661185088e+01 3.546659035051924036e+01 3.475655207378329692e+01 4.532482705473430684e+01 4.733227075808484585e+01 3.025576566137539558e+01 5.046896338231766777e+01 5.766548090632712587e+01 5.305164707690591541e+01 6.641032277226277358e+01 6.264914661218872993e+01 7.994276272867320188e+01 8.824806802249558757e+01 9.833862585911458609e+01 1.016975561438527649e+02 8.199371937116025322e+01 8.560944078779122890e+01 9.378171093637315892e+01 8.419706718553301528e+01 6.428608017245278461e+01 4.991244285257896252e+01
4.847532887722406514e+01 6.197624594952884536e+01 4.370847776658035144e+01 2.368276158000836773e+01 4.370847776861540268e+01 5.361998271169134966e+01 5.898190716871914674e+01 6.729704192485596081e+01 7.486144253148748362e+01 8.316984081946777962e+01 7.279921183107835247e+01 5.232000660236394651e+01 3.782835241064433518e+01 3.264693193345774347e+01 4.335639093942850764e+01 2.312558891419417151e+01 4.335639093966495494e+01 5.579172575880417639e+01 5.508517709864670309e+01 6.351224728171250433e+01 4.671303316080285128e+01 5.047014940277573913e+01 3.345846232736931825e+01 3.726042049347402951e+01 4.121324654427302647e+01 4.569681209749880679e+01 5.192112317091670803e+01 5.935748104027008054e+01 6.979821837020128328e+01 9.008730708714502100e+01 9.954055005107346688e+01 7.983898639203837888e+01 6.582014671864411071e+01 7.628067810033225271e+01 8.067729958354827602e+01 7.831694177614770069e+01 6.297110103463074182e+01
6.856030717594578050e+01 5.375974951643705424e+01 3.377935350948455806e+01 2.483098513238093119e+01 4.477517865941439368e+01 3.356944996085711352e+01 3.891942291681336741e+01 5.898190716872005623e+01 7.676273799988024393e+01 8.366763606226156469e+01 6.333467615866184985e+01 4.876363794890268366e+01 5.831822694054310574e+01 5.258530943813230607e+01 4.476087062765912350e+01 2.450793451519402311e+01 4.476087062766949742e+01 5.903781189922219141e+01 6.757049493878210455e+01 7.558096587965367519e+01 6.718748293763272272e+01 5.700183919292824442e+01 3.662286295737547448e+01 4.238613989121238745e+01 6.177864098011878724e+01 6.641032277226277358e+01 6.264914661218872993e+01 7.266476659142060157e+01 8.824806802249558757e+01 9.833862585911458609e+01 1.065835921693368391e+02 9.378171093637315892e+01 7.628067810033225271e+01 5.631841552835137321e+01 6.204752703060691488e+01 6.528160474008896585e+01 6.248545272830038755e+01
7.361810498934448788e+01 5.375974951152603865e+01 4.117715513489141443e+01 4.486521090212624330e+01 2.649186178985383577e+01 4.653242127969382125e+01 5.898190716872005623e+01 4.836564977480787064e+01 6.256726211563559303e+01 8.265063969338899597e+01 7.763820850174546706e+01 6.067680908074621016e+01 7.008614298495679407e+01 4.913917000453563588e+01 3.482790481387205972e+01 2.589799864748005831e+01 3.757243603114147135e+01 3.858290662182025699e+01 5.303848859316271103e+01 7.371695053266438435e+01 7.494601616601747196e+01 5.433801649982969906e+01 3.986215064217421400e+01 6.037395985536595333e+01 5.202335631658816339e+01 7.264320953807211367e+01 8.314563751731314767e+01 9.144655631639621163e+01 1.012098272090365896e+02 1.004040198213141792e+02 9.222600288333086382e+01 7.862461641846299187e+01 7.862461641846299187e+01 6.815525125991840127e+01 4.790833626155554725e+01 4.492275856547439616e+01 4.201123008179337859e+01
6.922616787948092565e+01 6.948400057139254216e+01 6.120111454825428154e+01 4.774995027980636308e+01 2.770689252951255099e+01 4.774995027980591544e+01 6.732604518301651808e+01 6.844954721902965389e+01 6.256726211563558593e+01 8.265063969338899597e+01 8.933984316694258609e+01 8.105598484780777824e+01 7.493118266910556713e+01 5.483837261714911193e+01 5.045577680161954248e+01 3.012965450717790716e+01 2.801052253368438372e+01 4.835553135854852513e+01 5.909504993755304270e+01 7.967730385489157641e+01 7.853054121837261903e+01 5.793901250952092141e+01 4.331169757068546033e+01 6.397013163255813595e+01 7.264320953807211367e+01 6.400390462573763273e+01 7.591088690670508754e+01 9.610215165989274055e+01 1.036182808015299770e+02 8.388627663326404615e+01 7.245404544357403154e+01 6.540272867171111670e+01 5.869181659930562489e+01 5.302581078938811743e+01 6.815525125991840127e+01 6.528160474008727476e+01 4.992997303419976163e+01
4.927047837855081269e+01 6.168362128561040691e+01 5.686253862842183082e+01 4.897435060119185835e+01 2.893005263323332699e+01 3.894210750832423429e+01 5.312261175653541301e+01 7.321178268839607028e+01 8.265063969338899597e+01 9.095821388412483088e+01 9.339520669949769172e+01 8.168291311869394633e+01 7.252371340759856366e+01 5.703241438600271351e+01 3.647841499046631952e+01 4.993342060322212461e+01 2.954106140071491993e+01 4.993319683748214999e+01 5.221412538571323125e+01 7.273140911335136138e+01 8.234237129513503817e+01 6.181503799700209356e+01 4.705557266439620179e+01 6.782735472753365968e+01 8.257803007967309838e+01 8.444471951936084508e+01 9.273584767420211961e+01 1.043433535922440569e+02 1.117995769615353652e+02 1.004040198213141792e+02 9.222600288333086382e+01 8.013567818897153927e+01 6.022517543803324713e+01 6.728354893528951663e+01 8.129847321012097439e+01 6.646832628735866422e+01 6.169887546483747087e+01
6.168362621372607890e+01 4.180569809827396455e+01 3.697717049172492665e+01 3.239047205532124707e+01 3.036478927235284786e+01 5.040980382589337694e+01 6.077391601717040004e+01 6.612360173721616263e+01 7.444360902059648311e+01 8.604389330747731890e+01 8.511393768552922268e+01 6.470606370885377601e+01 5.271898048727609165e+01 4.346920333869007180e+01 5.703241438600271351e+01 5.838872827934629584e+01 4.391164876945558149e+01 3.175274525333009024e+01 5.221421054465450595e+01 6.956866273711592896e+01 8.139012660560170787e+01 7.622867210928622228e+01 5.912337281374607301e+01 5.348162285642194291e+01 7.423064062889243075e+01 8.890852958676728690e+01 9.716090101926857869e+01 1.071630432935900075e+02 1.158290689274598577e+02 1.059611706111293188e+02 8.790619690188427171e+01 6.809518362794408119e+01 8.013567818897153927e+01 8.712936005109172299e+01 9.452501454150662141e+01 8.633799711965231438e+01 8.161040679351957294e+01
6.842166981637873846e+01 5.644805509873820171e+01 3.656067807499542965e+01 5.230128946324312267e+01 5.040980382589341957e+01 3.240936903630440469e+01 5.245576424274540983e+01 4.604155245417076969e+01 5.762911593339378413e+01 7.772728565621714836e+01 8.878992641517278628e+01 6.845423443651279172e+01 5.381612182362061247e+01 6.411327126968727441e+01 7.252371340648920750e+01 7.285901657554774147e+01 5.385041142801263447e+01 3.334489906343623034e+01 4.052208779098854308e+01 5.243357233884642454e+01 7.303321862650842888e+01 8.802958601070166367e+01 7.971721513758741651e+01 6.560197187710642197e+01 6.119225515382259317e+01 6.860442459446521468e+01 7.887271277932872238e+01 9.894434639420576616e+01 1.076451454414940940e+02 8.791843766531351889e+01 7.803060225036477959e+01 8.212334791557329083e+01 9.608622346598384922e+01 9.904247567227116633e+01 8.756835417011738798e+01 7.933869663683719864e+01 8.277121956598186614e+01
4.847746187697205045e+01 4.337690863726313495e+01 4.039922431416948001e+01 6.027270901350765087e+01 6.077402099615002129e+01 5.245578218049180919e+01 3.447998069961131051e+01 5.452922561671012858e+01 6.791721985859594213e+01 7.635348054545040952e+01 8.636070566789051384e+01 8.275523540675220602e+01 6.579441616605393506e+01 8.275523441765244570e+01 8.088175618769987807e+01 6.889929930983160489e+01 5.554484398690470925e+01 3.500182316572379904e+01 5.554484399682861806e+01 5.737455619005930885e+01 7.195400267918120107e+01 9.223559443641414646e+01 9.428977521113787930e+01 8.601762133470704441e+01 7.161193657263407886e+01 8.172994442377704161e+01 9.716090101926857869e+01 1.071630432935900075e+02 1.158290689274598577e+02 1.059611706111293188e+02 9.778179155340370698e+01 1.018672293537917568e+02 1.028278592011109254e+02 9.081599275435981156e+01 7.093673274529753314e+01 5.969108305319256402e+01 6.306469925836647406e+01
6.842167807183473371e+01 6.327207360609029507e+01 4.436845924628452309e+01 6.424877145689021063e+01 6.656294733446809175e+01 5.603273495679059835e+01 3.597578868627653037e+01 4.197914790530619911e+01 4.849699712644123650e+01 5.805599868869407487e+01 7.792650402863692705e+01 9.445646980674995064e+01 8.618010181257611180e+01 8.733364268402772268e+01 7.238599145216275588e+01 5.153084863523886838e+01 4.031429661935666786e+01 3.687124135656693369e+01 5.744702496541476222e+01 6.817057505446021537e+01 8.073562201154089735e+01 8.506648596093955916e+01 9.335250498562207611e+01 1.000904605834058998e+02 9.184795227462682021e+01 1.000904605834058998e+02 1.100400484367071243e+02 1.081186186600903625e+02 1.162440153176070510e+02 1.100687954368063828e+02 1.019552293712877713e+02 9.714865717372794052e+01 8.335455555883768852e+01 9.714865717372794052e+01 8.756835417011738798e+01 6.883660542287663020e+01 4.926787085457614523e+01
7.026848938297230518e+01 5.030334368547490698e+01 6.424877145689021063e+01 6.957649235804593957e+01 5.824169212019087638e+01 3.817783330994090107e+01 5.603273495679059835e+01 6.143693763692788679e+01 6.791721985859594213e+01 7.635348054470689760e+01 8.636070566782154856e+01 1.005853292571317468e+02 9.033820653765243947e+01 7.890649004499722707e+01 5.778455859178988874e+01 4.608508529524762309e+01 6.034526914198688274e+01 5.744702496541476222e+01 3.955941203379020976e+01 5.364645254092977211e+01 6.811986094759042487e+01 6.460873567943481532e+01 8.175655908054177701e+01 9.004783876579625712e+01 1.001222564088163551e+02 1.100605130171113615e+02 1.019514873994208415e+02 8.867909214111853089e+01 1.049906825540378463e+02 9.880495821086839214e+01 8.247814168749218311e+01 8.905815414355483028e+01 6.950307445952938679e+01 8.905815414355483028e+01 7.744674156512192553e+01 6.317051659830753607e+01 4.338189704615636799e+01
5.668972302676835540e+01 7.026848938297230518e+01 7.270810832422630199e+01 6.127277489405467747e+01 4.122694545672821675e+01 4.047131237203111453e+01 6.054421295916937851e+01 6.632364304293096779e+01 7.464325776921721456e+01 8.415400392767297433e+01 9.246676953526700515e+01 9.230983464539845329e+01 7.160208940675371991e+01 6.074097196359537065e+01 5.325287871031231646e+01 6.671173729176094014e+01 7.527029000499318556e+01 6.861696830188832052e+01 6.017794126467080673e+01 4.232364101738779993e+01 4.761750828052954887e+01 5.420821181810887879e+01 6.121373619465021676e+01 7.162750028127668145e+01 9.188561787980694362e+01 1.019514873994208415e+02 8.250631771479395127e+01 7.745588604252749576e+01 9.628341536590168914e+01 9.006218857680366341e+01 7.115789310906680498e+01 8.166702875612871537e+01 6.196173023957750559e+01 7.237786195188967042e+01 6.924115313276719519e+01 4.940248058586008284e+01 3.798469411300059306e+01
