LEM/with_lateral_4open/elevation_000108.asc
nrows	100
cellsize	150.0
xllcorner	0
ncols	100
yllcorner	0
NODATA_value	-9999
[rows 0 to 16 of 100, columns 37 to 73 of 100]
8.884754177262699226e-02 6.929726548558100274e-02 7.395023591448830758e-02 4.828361932999872264e-02 4.897713358561925356e-02 8.568734790590110117e-02 1.075183056328203948e-02 6.823539046102447547e-02 7.194897206013613211e-02 1.557559815681563986e-02 7.704183385687686514e-02 1.685416958384493638e-02 9.680445094065920353e-02 7.639902522890137937e-02 4.559330980047965332e-02 5.839666421669215124e-02 9.739037529851846120e-02 3.670263267501718690e-02 2.041064012308905357e-02 6.895211126444661387e-02 9.031524355919069713e-02 1.560024811392830661e-02 7.641644294168103979e-02 3.888124420523987601e-02 6.873285589001959517e-02 4.772367030474261584e-02 9.504926490987847254e-02 5.760415539182907330e-02 9.666222459857021221e-02 9.627991409191682948e-02 1.286757495974483190e-02 9.381044340810595905e-02 7.584058927755046864e-02 1.435327048224320848e-02 5.777975670406795827e-02 2.716720951219454838e-02 4.735230246529398453e-03
2.008884754176620646e+01 3.231574925653953656e+00 2.007395023591413263e+01 4.898996124040238875e+00 1.984306790364313144e+01 1.426635309964064824e+01 2.001075183056292772e+01 5.615237352713339902e+00 2.007194897205977924e+01 8.180541407434146706e+00 2.007704183385652286e+01 1.380817524289341236e+01 2.008835439454967187e+01 2.007637047232542216e+01 6.561558206731429310e-01 2.003859058879350385e+01 1.009720573671700272e+01 2.003670259017672706e+01 2.002041064012273353e+01 6.099313327793032258e+00 2.009031524355883391e+01 2.001560024811357152e+01 2.007641644294132632e+01 1.747596564900206983e+00 2.006873285579057153e+01 2.004772367030438573e+01 1.164205464870229356e+01 2.005760415539147345e+01 2.009666222420150206e+01 5.096279912272451362e+00 1.155538473437972513e+01 2.009381044340775091e+01 1.421366753147593087e+01 2.001435327048188739e+01 1.772765608129154735e+00 2.002716720951183760e+01 2.000473523024617251e+01
7.819889602869291245e+00 2.323111695275787625e+01 2.992468937156834485e+01 9.898996244237652675e+00 2.979755090846964549e+01 3.463519082205890953e+01 3.138874004461000311e+01 1.138874004460964784e+01 3.138874004461000311e+01 1.818054140743432256e+01 3.646481265489504153e+01 3.142565288795007916e+01 3.091443493640597140e+01 2.082346211135595482e+01 1.267003042454668549e+00 2.126444260065046521e+01 2.422391735400963952e+01 3.820199367999656914e+01 3.254105886866551600e+01 1.242534689524462799e+01 3.254105886866551600e+01 3.675569859996389965e+01 1.744580441431438445e+01 3.462582499837771444e+00 2.292816483551255402e+01 3.486792151010519092e+01 2.578419027243299411e+01 3.265209110719126073e+01 1.265556670079475232e+01 2.509411529791311324e+01 3.141386994048146875e+01 3.952568394488148584e+01 3.413202412831456911e+01 2.349407836639972658e+01 3.494091539776892130e+00 2.349407836639972658e+01 3.828824278599812203e+01
1.115322293568335965e+01 3.115250975376893905e+01 3.750552864887752946e+01 1.745833593535070349e+01 2.144666009187183420e+01 4.138227716175436655e+01 3.805540671127713637e+01 1.805540671127643293e+01 3.805540671127713637e+01 3.232267703116577451e+01 4.646481265489722290e+01 4.103903861379816931e+01 1.754880747526884477e+01 2.133299206103086654e+00 1.980390212184081733e+01 2.125060186854576472e+01 4.100172576602555097e+01 5.184692628325459651e+01 4.093206344574132061e+01 2.139330350875199471e+01 4.093364018246762015e+01 3.903156784655473643e+01 1.928693410160311572e+01 2.147847453847410648e+01 5.962589357317573224e+00 2.689854792921456550e+01 4.578419027231787908e+01 4.092969974078607720e+01 3.265209110719116836e+01 2.159976972832496145e+01 4.159360692997073983e+01 4.776828064313724553e+01 3.621912400440641733e+01 2.523486968657605445e+01 5.234868099333863434e+00 1.678174045542765214e+01 3.676047936400982508e+01
1.718344967132949108e+01 1.747777800243891733e+01 3.747673536236960956e+01 2.640366139597720974e+01 3.299679805980625957e+01 4.959257280522962219e+01 4.633967795873933682e+01 2.805540671127661057e+01 4.633967795873933682e+01 5.232267703116647795e+01 4.765702366614840457e+01 3.863297920921829132e+01 2.300739794353223999e+01 2.747015618035296924e+00 7.455650606564739213e+00 1.888481225832835975e+01 3.260792574536934296e+01 5.149545019476080654e+01 5.030927354004293051e+01 3.596777891623674606e+01 5.029824638014549265e+01 4.607756000474249447e+01 3.353719998075681019e+01 1.482244485523409594e+01 7.751458946446885712e+00 2.776441885587603409e+01 4.688038704802993095e+01 5.791085719402499166e+01 3.792638861787332871e+01 3.159918655534386644e+01 4.986931479825497604e+01 3.948136952061242511e+01 1.947878956333288158e+01 7.931667549187574551e+00 1.008558021926057613e+01 3.006235301432893436e+01 4.496591104903202307e+01
3.718242885874876436e+01 2.219182250922264288e+01 4.219045924606536602e+01 3.641144075655974177e+01 5.301747855889208694e+01 6.136200752934171732e+01 5.633967795873951445e+01 4.805540671127731400e+01 5.633967795873951445e+01 5.378504613427237757e+01 3.250632928933504928e+01 1.902570879923598923e+01 1.107092359614421895e+01 3.366593828844069769e+00 2.315970372006033529e+01 1.492772604125080527e+01 3.429989042183355963e+01 4.834963087158111250e+01 5.587577014831001065e+01 5.760577718152386240e+01 5.946647683112944804e+01 4.011330226264673371e+01 2.629325211473103963e+01 2.963341445770960192e+01 9.616515458261702065e+00 1.856610302734204510e+01 3.272234803806490788e+01 5.274591555190229997e+01 5.791085719402430954e+01 4.314319848113316169e+01 5.807728375295966572e+01 4.403172437277855522e+01 2.402619900193495539e+01 9.883467695086586957e+00 2.988044135327330153e+01 1.738842535668598543e+01 2.738510867121731707e+01
4.719000579203385826e+01 2.719181960815992127e+01 4.719000579203385826e+01 5.060860085696057808e+01 6.490480267271281889e+01 6.679804403308379790e+01 5.855531705403262777e+01 6.050071852833146124e+01 5.216279310345404241e+01 4.411254703360093998e+01 4.439708955805030399e+01 2.972335786046995665e+01 1.592451955954028087e+01 3.988564242415146843e+00 2.541879616700284217e+01 3.409192242520201432e+01 2.317657844921283683e+01 2.989718145440791019e+01 4.294890897769380445e+01 6.058780952061331959e+01 6.517262123133276930e+01 4.578169079265138208e+01 4.578169079256941387e+01 3.156283783635972995e+01 1.154114526672179863e+01 3.156283783636295226e+01 4.688038700085871824e+01 5.894966393061728382e+01 7.139555663631246318e+01 6.312387800803633553e+01 4.976773660738891181e+01 2.974610717947630079e+01 1.819810225123154623e+01 1.187354207551413054e+01 3.187644742186670399e+01 3.735141161144564137e+01 2.681356585055848996e+01
3.661979755590100893e+01 3.873855888992402186e+01 5.547182877918514521e+01 7.080668181194495503e+01 7.254983287897340460e+01 5.275859880049723927e+01 3.890844006631029828e+01 4.612954101596253764e+01 3.300484184864705384e+01 2.487248763247763605e+01 2.511576064306087375e+01 3.090654944864794373e+01 4.870185910615297153e+00 6.439116544992908864e+00 1.869193781474909599e+01 3.718839694539459373e+01 4.200078646891685707e+01 4.523051965244901851e+01 4.456188580018429235e+01 6.190827827378593895e+01 6.295458219681219703e+01 4.288031553446834465e+01 4.288030389146642563e+01 3.352019237175621669e+01 1.349324865322013345e+01 2.166703627849596359e+01 3.062508279909579301e+01 4.478876751694737379e+01 6.481926340143647280e+01 6.402220017607830016e+01 4.390584713745533918e+01 2.974660321989632195e+01 3.399717200466025702e+01 1.399353783556413156e+01 3.399717200467040357e+01 4.579370290347126371e+01 4.652336525888239294e+01
4.417880739474270513e+01 5.873489695905124819e+01 6.701607734843085495e+01 7.378154351295279412e+01 6.231897954602015233e+01 5.401069961025294219e+01 4.600683967727926671e+01 2.674706795107581669e+01 3.301535286190894425e+01 1.392356908579162145e+01 1.157881416242090467e+01 1.872357051376858195e+01 5.486161968655177468e+00 2.482930102489447677e+01 1.168925857158156134e+01 3.157129561013049468e+01 4.736616099582189321e+01 5.965787784514912317e+01 6.190827827378593895e+01 6.739968698853189721e+01 5.762956463848546207e+01 4.288031553446835886e+01 2.277490690019180164e+01 1.884414501415264809e+01 1.590186928543491796e+01 3.593147334322328135e+01 4.771375900418018290e+01 5.894966393059817733e+01 6.781738456768148637e+01 6.994770386161060571e+01 4.979779052972542530e+01 4.978914739415561996e+01 3.991487022910840210e+01 2.002376824015456691e+01 1.725952416513413112e+01 3.146865429421097460e+01 5.217138874260794523e+01
5.572419815217792660e+01 7.245496553077526869e+01 7.386026581262038349e+01 6.547670994254971788e+01 4.570411064995468564e+01 3.453685572852223373e+01 3.782879015366899722e+01 3.638099938318367776e+01 1.734550700271542922e+01 3.301535286190894425e+01 2.766072687459654844e+01 8.295499777224453197e+00 6.095413057967087767e+00 2.908750356936034720e+01 3.157124036296012193e+01 1.881609806841855104e+01 3.127486112391639850e+01 5.257753610063476657e+01 6.803467112068219080e+01 6.021206472747546457e+01 3.938175885202718973e+01 2.913253739166578526e+01 4.288030389146649668e+01 3.891301004976887157e+01 3.593147334322328135e+01 1.938667366423687710e+01 3.941858077789034809e+01 3.949538351993358276e+01 5.952499874209524222e+01 7.081450121799815633e+01 5.111252921139423222e+01 3.701003376885849150e+01 2.945166131233278506e+01 3.960379696327719756e+01 1.963308749630898475e+01 3.377678205973597159e+01 5.378405684052792424e+01
7.571683938208364850e+01 6.809161994634638404e+01 5.401857271633370061e+01 5.517517536984871640e+01 5.076795725530021031e+01 4.288876810234945935e+01 2.364822895038597039e+01 2.098827846201109182e+01 3.638099938318367776e+01 3.952779569762480349e+01 2.055040339068696653e+01 2.666775140107126063e+01 6.733918488771981181e+00 2.723265804783246224e+01 4.735940993200115656e+01 3.321991282607695695e+01 2.973839400673035271e+01 3.987135723559799061e+01 5.979775365477364346e+01 6.865456488547133063e+01 5.470825255607842053e+01 3.452306285390877605e+01 5.470825255607842053e+01 5.208744478897449426e+01 3.205650074861465271e+01 3.941858077789034809e+01 2.313903654607483062e+01 3.730427997714909338e+01 5.733412717716132789e+01 7.294206202862169164e+01 5.327393457486795825e+01 5.688310320934490250e+01 4.937178899129341403e+01 4.208067922996971788e+01 2.207647643758845390e+01 3.622049653388285151e+01 5.622841157985415350e+01
6.543236178056915264e+01 5.145338216100137174e+01 4.008102440786705500e+01 3.546549677825086633e+01 3.115917326220563055e+01 2.788880545440069625e+01 4.288876810234945935e+01 3.185084962706702782e+01 4.826079541952570651e+01 4.712919711677901802e+01 3.383802460089275854e+01 2.774505095994337367e+01 7.387114749428826066e+00 2.186698919043168488e+01 4.229187042563582111e+01 5.327086587636213721e+01 4.983455060905263423e+01 5.807752555185889065e+01 6.803515591495852277e+01 6.893271912205474905e+01 4.881628395522292863e+01 4.217008575104009083e+01 6.232675890071425329e+01 6.038467526602578772e+01 4.622036696279365486e+01 4.597461184674649104e+01 2.594523676804174883e+01 4.597571684078840093e+01 5.927689570041957268e+01 7.083986235765893014e+01 7.294206202862169164e+01 7.030140778578655159e+01 5.029248613100440224e+01 3.614445635840107940e+01 2.459623978975090353e+01 3.874066820323084670e+01 5.874925711407269091e+01
6.243700442555360297e+01 4.847661477419720200e+01 5.959625832435692416e+01 3.985557700811197179e+01 5.076795725530021031e+01 4.157368217130228061e+01 4.735450610164068053e+01 5.151031863042424419e+01 5.953436348659923283e+01 5.861891587113129276e+01 4.397044002555949049e+01 2.275404594978886763e+01 8.057735180173326128e+00 2.850235816338286554e+01 4.198900289851977874e+01 4.200326671973203929e+01 6.302732824822344071e+01 7.347130896920418763e+01 8.175716559566983221e+01 7.721129785690106928e+01 6.893272123695686560e+01 5.227973917930397363e+01 7.061644069138401392e+01 7.454591018652280354e+01 5.668182837706843458e+01 3.665250016040914005e+01 3.262376056363374488e+01 3.095504076609920219e+01 4.251649413460724247e+01 6.254752569184720556e+01 7.957206513527098934e+01 5.956521776831782233e+01 4.541361356847959740e+01 3.541067894961353346e+01 2.724530525667886494e+01 4.725084175866527403e+01 5.578261855093115429e+01
6.095488737052381367e+01 5.986217753957928522e+01 6.659239790575783502e+01 4.680432694521329751e+01 6.659239790575783502e+01 6.131064963595461137e+01 6.714022706918059669e+01 5.951134933004744454e+01 5.111335406776827028e+01 4.436381712149245971e+01 3.842235927075148538e+01 2.918008479667045307e+01 8.738615584803820724e+00 2.891069046152806976e+01 2.049380468648361031e+01 4.200326680841212834e+01 5.973952290229817663e+01 5.198052423281843915e+01 6.741620927807439045e+01 8.808961276505114313e+01 8.064511575527274090e+01 7.237377862212450452e+01 8.064511575527274090e+01 7.084564442729731581e+01 5.081498676241150037e+01 5.668182656039785883e+01 3.970303057718205508e+01 5.098260423012884246e+01 3.650925566399270394e+01 5.653741664254572186e+01 7.268753406921796056e+01 7.370878788270613313e+01 6.370500296488511793e+01 5.049634815213968153e+01 3.048973831783943567e+01 3.577382847482177652e+01 4.992182273995189945e+01
8.085753750638748727e+01 7.389367024413876095e+01 7.487556343372612844e+01 5.819044866165127416e+01 7.487556343372612844e+01 7.541340102559716740e+01 5.522679235923936147e+01 4.108739498708005300e+01 3.086818387253388707e+01 2.379550726013202322e+01 1.774016302353221519e+01 1.447721780036817663e+01 9.427067568570278056e+00 1.094134988637889094e+01 3.380120514670593224e+01 3.098447816835569313e+01 3.834714292781620770e+01 5.918005988114357763e+01 7.190997775864413200e+01 7.381454423334535875e+01 6.581863295595799457e+01 7.381454423334535875e+01 8.007628447432479390e+01 7.913505499229641771e+01 7.084564442729731581e+01 6.730571175384527294e+01 4.727115846511797059e+01 6.257756373751097101e+01 4.254466214495614906e+01 4.436150430454331683e+01 6.439532930466164373e+01 7.131582523390036954e+01 5.130519354589117853e+01 3.715669615617815680e+01 3.520384928206360797e+01 5.521240904906692748e+01 4.732495024515861104e+01
9.655009548297522315e+01 9.390649320354781082e+01 8.638658988641277858e+01 7.806967401451476007e+01 7.718694132124150542e+01 7.500819549906036343e+01 6.958774455171911200e+01 5.951134933004744454e+01 5.111335406776827028e+01 4.436496400269012952e+01 3.085396256010609761e+01 1.039184111483808692e+01 2.975483265755508100e+01 3.360777171098687433e+01 4.223441280963269406e+01 4.553550946249805520e+01 5.081103966890594847e+01 4.829603221548933334e+01 6.083545625579013461e+01 6.412907652833048644e+01 4.641990466062807030e+01 6.412907652833048644e+01 6.083898480200790004e+01 7.446081778111225447e+01 8.365636090315361173e+01 6.363099993949801814e+01 6.143971686589336656e+01 6.925663724657302112e+01 4.921941671938699869e+01 5.069470551090250865e+01 7.073152934323212548e+01 6.473018429974271726e+01 4.471768850076472290e+01 5.716617187148263213e+01 5.521241247209069058e+01 4.250783661424444659e+01 6.251971858935775828e+01
7.649014750689815401e+01 8.236557118386626541e+01 9.068102222361845577e+01 7.718694132124150542e+01 5.733179818936122984e+01 5.516266292577334696e+01 6.921993442217976167e+01 6.915758896040100012e+01 6.090099301393543385e+01 5.120522064851333965e+01 3.085396256010608695e+01 3.084321360357373720e+01 1.135905933096722897e+01 3.164992239131565910e+01 3.391994123667764427e+01 2.599123943013714211e+01 4.232098443941085719e+01 3.525898869841181238e+01 5.215885754210678726e+01 5.609658010387897065e+01 3.643764967609379823e+01 5.413481543576281751e+01 4.696435030343208439e+01 6.647345942431174137e+01 7.782264163950968339e+01 8.365636090315361173e+01 8.146751164501399955e+01 7.682928674278970504e+01 5.679393940994165035e+01 5.778040695604033061e+01 7.781473337795114276e+01 7.050766803987703213e+01 5.049387728424567001e+01 7.050766803987703213e+01 6.807057364615046424e+01 4.805668111621568528e+01 6.807057364615046424e+01
