LEM/with_lateral_4open/elevation_000401.asc
nrows	100
cellsize	150.0
xllcorner	0
ncols	100
yllcorner	0
NODATA_value	-9999
[rows 34 to 50 of 100, columns 37 to 73 of 100]
8.225909719488359428e+01 8.243703517668089376e+01 6.584843243465346063e+01 4.556088970765698321e+01 4.987423937563103493e+01 7.066524975108239914e+01 7.904195599115547566e+01 9.837506908406609796e+01 9.011361448357973813e+01 7.007753031299237989e+01 5.853304318949393092e+01 5.250155152736142838e+01 6.208140989500502371e+01 4.209194547012323540e+01 5.621897259214550502e+01 7.621401435895101883e+01 6.947957929160000390e+01 5.532874079462749251e+01 4.424352116308386940e+01 6.423976554884859524e+01 6.738328358995183009e+01 7.500570567131131838e+01 9.176648408795523437e+01 8.517804393660372853e+01 8.517804393660372853e+01 1.052458814393155819e+02 1.052474318356445195e+02 8.537464583081995784e+01 7.126902470494752606e+01 6.309563985074890979e+01 5.808612933499207998e+01 5.436902851792899583e+01 5.077979613048353968e+01 6.605691949533031959e+01 5.944365911799508240e+01 3.949276026934410311e+01 5.670631802720391335e+01
9.234697158664010885e+01 8.698080296646344323e+01 6.972459234411573448e+01 4.941693771796074941e+01 6.972459234412531259e+01 5.897932558774738254e+01 7.414169456982591555e+01 9.509615920012089418e+01 9.271597555194860263e+01 7.267628702480989489e+01 7.854577590154259781e+01 6.466307984858853786e+01 4.466558653399759748e+01 6.208141454640242074e+01 5.621934226739620044e+01 7.623341924172204642e+01 8.363041778857257214e+01 6.423976554884859524e+01 6.423976554884859524e+01 4.737805727713449500e+01 6.738328358995183009e+01 6.345635177360892953e+01 8.209463871181313266e+01 7.101806206646583064e+01 8.257178168040996979e+01 1.026451312143643406e+02 1.070686823690265470e+02 8.720011946878904041e+01 7.310131847108165459e+01 8.306040263671471280e+01 6.809847916091526088e+01 7.435844664747804700e+01 6.233108391518393887e+01 7.902245488668829410e+01 6.770534087007717972e+01 5.670631802206868599e+01 3.675220911261889256e+01
9.309765555641881463e+01 7.240845780398150566e+01 5.796264457892810640e+01 5.494990831342500570e+01 7.526517598796402808e+01 7.414169456982591555e+01 7.414169456982591555e+01 9.509615920012089418e+01 1.009972619573199069e+02 9.271597555194860263e+01 8.077186459666233986e+01 6.075150035632528045e+01 4.661072546888666324e+01 6.661532928049365410e+01 7.623414083115102358e+01 8.452333918395801504e+01 9.254358800080325409e+01 7.739035112998782040e+01 5.737621604991588242e+01 6.738328358995183009e+01 5.080413819226196637e+01 7.081514251826249051e+01 6.208322173281334955e+01 7.622248506933848944e+01 9.627127167581896572e+01 1.109145387317780234e+02 1.092411597665949898e+02 8.937374900741420447e+01 8.720011946878904041e+01 8.803994469519696509e+01 8.803994469752504415e+01 9.053779686803183324e+01 8.229361234630189870e+01 7.701414482965239472e+01 5.713379811939351072e+01 4.301486216595782963e+01 3.488474298022260456e+01
8.167494194873876268e+01 6.971993370227269793e+01 7.846818353285043202e+01 6.093662977176375506e+01 8.127910478289076934e+01 9.509615920012083734e+01 9.509615920012089418e+01 1.035546011528691253e+02 9.997412687791887720e+01 7.994970007185571603e+01 7.994965258221222371e+01 6.860650347805200511e+01 4.859545045257693374e+01 6.860650347805527360e+01 8.479819402649739857e+01 9.307002052141925219e+01 1.030726810978652992e+02 8.568096718814453538e+01 6.631934055603848321e+01 7.081514251932345871e+01 7.081514251932344450e+01 5.452034579823938287e+01 6.007271846611295985e+01 8.008007685030486300e+01 9.530528089208070242e+01 1.035901584064028782e+02 1.136149947275364838e+02 1.092411597665949898e+02 1.070686823690265470e+02 1.079215127146682676e+02 1.039036955046441619e+02 9.567911880519082501e+01 9.316406934936834716e+01 7.338453212065756759e+01 5.931098364541931289e+01 6.256444556174089655e+01 5.130422931205820447e+01
9.888904143681351400e+01 9.041851504265147810e+01 8.975847348325466157e+01 7.439119007037838571e+01 7.257588949026509795e+01 8.445640055564531679e+01 1.050680720569481394e+02 1.067758247675469789e+02 9.676414914586368354e+01 7.994970007185571603e+01 5.994319581867595303e+01 5.508735107238965867e+01 5.084321493138135395e+01 7.085828180948369948e+01 6.478712463685980083e+01 7.478088460381565028e+01 9.481550401396238215e+01 9.463524118762639148e+01 7.787057869010851618e+01 9.084173084225270145e+01 7.818378030054012129e+01 5.817686506027904159e+01 7.818378030054012129e+01 6.859263876922683778e+01 7.524824769263324242e+01 8.526047575570152048e+01 1.053500860284598559e+02 1.058699637557017041e+02 9.766257588467044570e+01 9.758840744718808935e+01 9.567911880519082501e+01 7.576836404275296388e+01 8.160008909412869116e+01 8.085926232429065408e+01 6.609631037387033814e+01 5.502637323362699817e+01 3.508425978086593489e+01
9.387533130269078185e+01 9.514434233342751668e+01 1.005635036091071441e+02 9.383594740966942993e+01 9.316791796722282015e+01 1.016127072962863025e+02 1.134488081215257864e+02 9.851610164174162776e+01 7.845852987501761788e+01 6.846483217468592386e+01 7.994965258221338900e+01 7.509738245911900378e+01 7.085838658778034471e+01 5.409151544484296181e+01 7.410500379030506224e+01 8.909308864023077490e+01 1.030726810978652424e+02 1.062011474529084296e+02 9.792597568008554276e+01 9.360604478764899739e+01 7.356212146340411095e+01 6.202901325520092257e+01 8.203368026077993136e+01 8.861960315893162488e+01 9.530528089208070242e+01 1.035901584064028782e+02 1.136149947275364838e+02 9.766257588467044570e+01 7.767691293746591441e+01 7.766071320703328240e+01 8.621403276866901422e+01 8.160008909412869116e+01 6.163338367064962142e+01 6.089941625032613359e+01 5.783504974208709370e+01 3.787565299961622856e+01 5.502637323362699817e+01
7.569337681872610801e+01 7.417753551813304114e+01 9.483611949491617565e+01 1.060325198933058886e+02 9.780391330383316983e+01 1.060325198933058886e+02 1.095646026059882985e+02 1.067758247675469789e+02 9.676414914586368354e+01 8.001001842788551244e+01 9.676414914586362670e+01 9.114377655851093607e+01 7.696162622181132917e+01 5.695520329754074140e+01 6.076700603144738011e+01 8.079438112995032384e+01 9.588838180771725206e+01 1.041410699590472859e+02 1.141315985667775550e+02 1.018914489389194102e+02 8.781220666772712491e+01 6.779480400830537690e+01 7.095913101104106602e+01 7.989515844646237497e+01 9.148379834306720682e+01 1.115663085735112929e+02 1.091328247187601761e+02 8.926577095882228718e+01 7.507237653188055049e+01 6.345292222300980001e+01 6.814401479358069480e+01 7.082275536990464104e+01 5.406685445995721295e+01 6.089941625506314438e+01 4.092219071325226309e+01 4.339348967607514851e+01 6.337766185722355772e+01
6.541357613199100740e+01 7.650326618170790027e+01 9.378862874092079949e+01 9.607423242982885370e+01 7.786622951558749151e+01 8.966438798147288480e+01 8.966438798147289901e+01 1.078563693492641562e+02 1.083227895580465656e+02 1.000675192672685796e+02 9.703196374269786872e+01 7.698945299977934553e+01 6.285819492831095090e+01 6.104472221277137578e+01 8.067505820875553013e+01 6.831921206243127642e+01 7.586451610387382516e+01 8.587411646212071048e+01 1.059053396652654584e+02 1.078652383768933305e+02 8.781220666772712491e+01 7.484754453914895578e+01 8.250727647811810073e+01 9.928277074585275841e+01 1.082490624744888947e+02 1.198153838057611580e+02 1.050508337148560827e+02 8.512351026839925794e+01 7.350949472045877542e+01 6.345135848530190970e+01 5.447830658754099886e+01 5.082388574736145870e+01 4.739582716727446154e+01 4.407007893490299466e+01 6.089941625499459832e+01 6.337766185722355772e+01 5.232886159615641475e+01
5.963739791237939869e+01 7.779540680064444302e+01 9.313617316855129502e+01 8.489237942203551768e+01 6.785775288761202262e+01 6.969434256855046783e+01 7.970006428575352686e+01 9.380678595800534936e+01 1.136840837075812374e+02 1.145707817014750844e+02 9.453728002253289731e+01 8.745013869367912207e+01 6.744117883788662482e+01 6.521423006358411101e+01 8.520744163981864006e+01 8.831874077956460667e+01 8.096229767715105652e+01 9.513380901639671094e+01 1.141315985667775550e+02 1.091043489123781995e+02 8.902034822489164867e+01 8.640991727030099412e+01 1.025851369666896318e+02 1.108561498271863002e+02 1.193394189949849391e+02 1.111896198699628968e+02 1.132471330559761071e+02 9.467209918024632032e+01 7.464660117390978655e+01 6.303277169480391251e+01 7.454925476002648566e+01 6.497805702803786687e+01 6.739297752519337337e+01 4.791128705535309962e+01 5.406685445995721295e+01 7.405338380445037672e+01 7.231632903588126737e+01
5.486533289159824278e+01 6.777593763517984371e+01 7.714815566030442540e+01 6.495647288833789901e+01 5.976646632407599213e+01 6.969434254126313988e+01 8.124425731739660250e+01 9.534510812759759801e+01 1.152177818414996864e+02 1.087301752986519148e+02 8.865839030982344582e+01 7.449181725109323793e+01 8.745013869367912207e+01 6.956798975394777074e+01 8.958316886906976606e+01 1.047448507004705363e+02 1.009774080748611738e+02 1.092097032951982101e+02 1.232855975739997803e+02 1.173607660048399595e+02 1.091043489123781995e+02 1.065043310211773360e+02 1.147674861190989049e+02 1.131113764480681425e+02 1.049667715411561772e+02 9.159294784122262456e+01 1.080119695800565438e+02 1.028897932652763103e+02 9.069239303473887048e+01 7.063225230685122824e+01 9.069239303473887048e+01 8.493310537484580891e+01 7.183046169107761614e+01 5.183283641011342979e+01 7.183046169105890044e+01 6.562122801977763231e+01 8.557192281498117836e+01
6.164404566947726494e+01 4.827838943463553534e+01 6.733531456002688742e+01 5.366624610933362760e+01 7.338237841826594376e+01 8.792883640018759195e+01 9.142527312257317362e+01 9.963297726566064227e+01 1.095521753607332158e+02 1.145707817014750844e+02 9.453728002253289731e+01 8.114687799732271856e+01 9.787108913337435467e+01 8.958316886906976606e+01 7.640360571402148082e+01 8.534934338159469291e+01 9.958386632338074662e+01 1.196307775954380617e+02 1.228204564388243227e+02 1.168666160417987925e+02 1.087609918499417176e+02 1.013457916985302205e+02 1.087609918499417176e+02 1.049667715411561772e+02 8.522910206277853717e+01 8.005196329723544579e+01 9.917023925542333984e+01 1.131113764480681425e+02 9.891969576930290486e+01 8.485402567661699891e+01 9.891969576930290486e+01 9.363641575329513955e+01 7.599884184887915239e+01 5.600799288694346245e+01 7.599884184887915239e+01 7.715924252450109577e+01 9.380421200873746557e+01
4.227095772221468195e+01 4.473130568187241352e+01 4.835039057907163595e+01 6.782472223689651969e+01 7.646708491138478792e+01 8.073622014867747509e+01 7.142764812690370491e+01 8.148630121497848222e+01 9.557052341228505554e+01 1.153427114303897980e+02 1.083417068603619242e+02 8.823377970035231499e+01 1.083417068603619242e+02 1.028208533866283148e+02 8.271788690728293147e+01 1.028208533866283148e+02 1.054554706931213275e+02 1.186137954716192837e+02 1.024366682717296868e+02 9.645958820103174958e+01 9.983049756854808265e+01 8.350173848583945357e+01 9.389836309650759461e+01 1.020607260359390267e+02 9.101013160817662140e+01 7.085550608918319426e+01 8.522910206277852296e+01 9.730072767152282154e+01 1.054593793473145098e+02 1.047874586928329848e+02 9.689690937019125272e+01 7.699330979049355506e+01 6.545089652843437023e+01 6.205006888345598526e+01 8.202000376663762893e+01 9.706385780569365807e+01 1.052875423096589316e+02
5.720843424320590032e+01 6.410554996974867947e+01 4.935744886141208809e+01 5.283588438040668223e+01 5.656351478296687674e+01 6.071227741178712733e+01 7.488948718916724090e+01 9.484597939258276256e+01 9.769833675920881433e+01 1.174845375929652960e+02 1.165831438556208752e+02 9.987133809856865696e+01 1.165831438556208752e+02 1.110887738874270951e+02 9.170224129067254637e+01 1.110887738874270951e+02 1.254491858241056406e+02 1.101920892965318188e+02 8.978992947609648922e+01 8.201052832381671465e+01 8.896363345414602009e+01 7.370003266069244319e+01 7.382954871188300672e+01 9.053602422484195245e+01 8.562358136168981559e+01 6.525350653508266419e+01 8.466889614965135991e+01 7.732804835721049130e+01 9.153458745498818416e+01 1.112214215848256771e+02 1.051184604146426693e+02 9.363641575329515376e+01 7.699330979049355506e+01 8.202000376663762893e+01 7.205749659479482716e+01 9.198251093848040227e+01 9.936673432234766778e+01
7.933953793053370873e+01 7.713753913600908163e+01 6.307214793954945975e+01 6.671755313988865055e+01 7.061492817881439521e+01 7.488951831603890241e+01 7.015737195266284232e+01 7.777926793589485044e+01 9.190355146891435822e+01 1.116881859980776284e+02 1.175169554350290468e+02 1.199124457683937095e+02 1.281125843640880930e+02 1.200545662802713309e+02 1.059602349181326986e+02 1.200545662802713309e+02 1.203598278165931532e+02 1.079616434077939147e+02 8.755758530503105419e+01 7.305739522060775926e+01 6.893922144054660350e+01 6.532582467085823907e+01 6.182287708342653332e+01 7.808516702160645195e+01 7.542902985552255757e+01 6.001164721348849440e+01 6.428820371135537926e+01 7.621668315212575351e+01 9.044633324261383223e+01 1.101412261569107756e+02 1.138639101487129182e+02 1.051184604146426693e+02 9.689690937019125272e+01 1.002066686028047258e+02 8.204210552204320095e+01 1.002066686028047258e+02 1.077359610424524732e+02
7.004534898596975268e+01 7.840891588854924521e+01 8.296986269962097538e+01 8.667436033417504859e+01 9.059544106428940324e+01 9.484978508204294201e+01 9.017177839615615653e+01 9.769831769771809604e+01 1.058967130636609397e+02 1.117523984027110799e+02 9.766101786437998555e+01 1.109490584295081987e+02 1.192563905865731329e+02 1.292392884946721665e+02 1.259530658607854292e+02 1.260389442175722081e+02 1.119382126983289254e+02 9.151770590187081211e+01 7.976076240784571780e+01 9.353379555960603398e+01 8.951804306357944085e+01 8.622116615291305664e+01 7.808516702160645195e+01 5.751081700273885389e+01 5.483398737153947167e+01 5.496055096020204900e+01 7.551692108954779314e+01 8.153411278675079643e+01 1.008429640609689528e+02 1.081361381967718813e+02 9.425731830832866365e+01 1.040606142285208620e+02 1.122011504272302460e+02 1.101411980324548665e+02 1.019229163549176036e+02 1.101411980324548665e+02 1.170769479416170640e+02
5.000760337242290632e+01 7.010318808131734158e+01 8.483322300912261937e+01 9.254309445185074878e+01 1.019720333402194115e+02 1.108492041018101304e+02 1.053883600317065543e+02 9.712988047286225424e+01 9.109254468731738541e+01 9.505269286904471926e+01 8.372066913713592839e+01 9.117902280153154493e+01 1.010033892678328442e+02 1.208947275911835391e+02 1.294108995078838973e+02 1.090056330483588312e+02 9.717165009921070862e+01 8.807088433649218473e+01 9.416814648954908762e+01 1.085850808515574641e+02 1.016913242454572099e+02 8.183372751237226339e+01 6.736005648466121443e+01 7.808516701747159061e+01 7.173009535840787976e+01 5.112939601249409094e+01 6.149750225538314652e+01 8.153411278977917220e+01 9.103945567389250471e+01 9.824316211443246516e+01 8.015457630101765574e+01 8.428517380163465589e+01 1.040606142285208620e+02 1.016765071647270275e+02 9.350555881150749826e+01 9.606663676608496871e+01 1.042367373476864572e+02
6.973176390876005826e+01 5.864048273033458969e+01 6.534931408546648868e+01 7.530337622743591908e+01 9.437597424788809519e+01 9.099293171997872776e+01 9.099293171997872776e+01 7.732189647320092263e+01 7.125605338286554513e+01 7.525195195858827901e+01 8.099923010397712630e+01 1.007559733973717897e+02 1.183759657575682525e+02 1.292392884946721665e+02 1.377901906503392695e+02 1.229262395804161798e+02 1.024971614841584113e+02 1.024971614841584113e+02 1.145861033718660451e+02 1.141183853889117756e+02 9.446947647116525104e+01 8.034227966192355552e+01 8.764988293742183600e+01 8.502925305869419503e+01 6.963696872867868137e+01 4.905148421359418620e+01 6.963696840873825522e+01 7.249949845565942042e+01 7.087720275959036087e+01 8.147495191973990813e+01 6.990305096201829826e+01 9.007726620171901288e+01 9.764614879145004522e+01 8.946950390637111639e+01 7.370206204350982659e+01 7.627523818694344016e+01 9.606663676608496871e+01
