LEM/with_lateral_4open/elevation_000293.asc
nrows	100
cellsize	150.0
xllcorner	0
ncols	100
yllcorner	0
NODATA_value	-9999
[rows 17 to 33 of 100, columns 0 to 36 of 100]
5.222468517465790605e-02 2.005222468517430201e+01 2.823791042655316730e+01 2.426766196939891529e+01 3.779627661703555219e+01 4.583536616212587234e+01 5.460658588365286192e+01 4.683077623813997548e+01 3.965270138554971169e+01 5.273451038507225519e+01 3.249279791966998943e+01 5.289773783675081376e+01 4.509304310466391996e+01 5.308551372339106678e+01 5.756782623394574472e+01 4.487650484452320399e+01 5.489615490888827765e+01 6.899774469196209736e+01 8.894056872958222471e+01 9.063319845464273783e+01 8.222654611612971109e+01 6.231288205480306885e+01 4.814869019164888897e+01 5.371982976123026532e+01 3.348611957511284487e+01 4.423626523956527024e+01 5.838966663833181059e+01 6.149586732632239716e+01 4.288465481164609372e+01 5.286629388879440228e+01 3.686530917374849281e+01 5.691743345946257193e+01 5.293683551608165061e+01 6.698107248696243232e+01 8.685862934221584908e+01 7.166719686591518723e+01 5.163028060571431155e+01
7.333276091007127906e-02 1.421546838464114693e+01 3.421546838464185214e+01 4.417649709053836204e+01 5.243127906438571273e+01 5.011557818676760689e+01 4.115282061542500713e+01 2.450699831703953890e+01 2.598975429807381943e+01 3.979488472249514786e+01 2.691420243272343527e+01 4.443910079225786802e+01 3.574558161984976579e+01 3.299494558250427900e+01 3.752231529394959608e+01 5.756782623394574472e+01 5.902641493083967106e+01 7.896915671077218235e+01 9.063319845464273783e+01 7.076219653281563637e+01 7.440859332550304828e+01 6.775706591134344592e+01 5.745673657052190464e+01 3.733287753357673466e+01 5.371982976123780418e+01 6.197949444305727695e+01 7.254306803709830831e+01 7.036443693545493261e+01 5.047763673045248822e+01 5.983074109769339799e+01 3.985810985650287108e+01 5.983074109810155505e+01 7.280307324074026099e+01 6.698107248696911142e+01 8.685862941413198257e+01 8.002709395893550948e+01 6.009887786935824749e+01
6.343274376862209629e-02 2.006343274376826713e+01 3.452113575300705151e+01 4.280621330108649403e+01 4.006458847129219691e+01 2.993690988178745727e+01 2.993694160186205977e+01 1.274390141016683131e+01 1.462458322245406173e+01 1.928494129143939162e+01 3.979490015007124271e+01 2.412703890418044494e+01 2.681046227264844362e+01 4.708003092622226404e+01 5.756782623394574472e+01 6.583710315210386455e+01 7.896915671077218235e+01 8.723931229899450557e+01 8.846735215475725056e+01 6.858526474880203239e+01 5.445401118425763798e+01 4.776815402539038047e+01 4.168594541174890367e+01 5.745673657053219330e+01 5.160575942848571884e+01 7.158224493999577476e+01 8.441877733289966557e+01 6.454293853278682036e+01 7.036443692798464156e+01 6.283270780263028854e+01 4.291992330399166633e+01 5.701485380386800728e+01 7.687799055883647270e+01 8.685862937591200250e+01 9.507320562411031517e+01 8.855725467053711952e+01 7.879001569093438206e+01
3.497053469895897854e-02 2.003497053469860489e+01 1.451918641544431132e+01 2.444003154681024270e+01 2.006010483772772091e+01 2.741446366765205767e+01 1.011202182928114190e+01 2.993693305922614201e+01 3.490627236571200598e+01 1.789590634335017683e+01 2.038152969859418562e+01 4.084840161702282302e+01 4.708003092622226404e+01 3.195305090740895793e+01 5.212235759916005406e+01 6.413654278717640977e+01 7.120244174017952332e+01 7.945481650340009594e+01 8.941310425315056420e+01 8.262423615046493808e+01 7.440859309289797352e+01 6.526635286114536427e+01 4.526275081199781170e+01 6.526635288749297104e+01 7.158224493999577476e+01 7.980409468933066819e+01 9.263609808292275716e+01 8.441877733235109815e+01 6.795973877715486822e+01 4.810283322029103203e+01 6.283270780855863080e+01 5.233649303239693040e+01 6.637157768493005960e+01 8.624813143032217511e+01 9.644218017052754988e+01 8.811174431842117372e+01 8.416542120581597430e+01
9.635555453094322986e-02 1.532271871766420990e+00 2.971903373263841797e+00 4.438374523477990330e+00 5.916817065394463171e+00 7.411687250963315599e+00 9.802144494867766511e+00 2.980535896706363630e+01 4.154564600951671594e+01 3.836642888720066225e+01 4.084840161702286565e+01 4.915792680041771945e+01 5.961674243963011577e+01 4.179389399043901676e+01 3.768427855240023661e+01 4.407644488719846976e+01 5.121706148078969534e+01 6.124681306572902173e+01 8.115807041463007465e+01 8.783696757780921871e+01 6.795178450382717017e+01 5.381908213124738438e+01 6.526635288749297104e+01 5.214961842596233765e+01 6.628715859845506486e+01 8.618165149598279129e+01 1.007772033781859164e+02 8.929977621321638992e+01 7.170854600535371048e+01 5.187172272748575352e+01 7.170854600535371048e+01 6.225625323979063097e+01 7.219328818345151433e+01 9.206270212406855080e+01 8.478717009846592134e+01 6.789335457684772734e+01 7.581902452248988311e+01
8.845047570523793812e-02 2.008845047570488163e+01 1.451566371823516910e+01 2.438064592943915088e+01 2.591596788191482048e+01 1.741225068697574230e+01 2.980508592691003145e+01 1.325762145002787662e+01 3.326107305958381488e+01 4.516405741541441898e+01 4.688430676808245323e+01 6.687722199722517757e+01 6.896043785558281058e+01 5.504286536759393300e+01 5.779298284218732817e+01 4.561069693038988504e+01 6.565500878837062260e+01 7.945481650340009594e+01 8.941310425315056420e+01 9.363484607746640620e+01 7.377601964590890304e+01 6.198899965881330587e+01 7.744371623131326032e+01 5.750219559291749505e+01 7.162512366430388511e+01 9.149104132051063232e+01 9.256629585216929001e+01 7.266336326405183854e+01 6.120537790677825285e+01 5.682570269161997345e+01 7.666949377659841502e+01 8.213032312711231953e+01 8.213032312711231953e+01 9.381887106972797596e+01 7.643865155513250897e+01 5.624860233200133308e+01 6.478192119975558683e+01
8.023991185656004221e-02 2.008023991185620361e+01 3.439906633638844369e+01 4.237048666874478187e+01 4.563949558044020449e+01 3.155698382571818073e+01 3.325982743227372396e+01 3.326107305958381488e+01 1.687907884611850662e+01 2.688077963134009352e+01 4.688430676808245323e+01 5.803013699408918313e+01 6.957271514322549422e+01 7.442732139491809562e+01 7.391261030683537570e+01 6.565500878837062260e+01 5.510630772405254163e+01 6.665002764369788224e+01 8.655391839373625373e+01 9.809858764128189534e+01 7.826907767777008473e+01 7.609710007917431085e+01 8.448233437382666011e+01 6.457411589881118630e+01 7.744371623131326032e+01 9.728398815632124297e+01 9.731293586086047753e+01 7.742601425531732673e+01 8.107533236475673277e+01 6.278028159960886967e+01 7.301927377720869572e+01 9.291111022278455778e+01 1.019950811210247821e+02 8.548389018073316947e+01 6.525812173351006606e+01 5.362688220038474185e+01 4.475473792458431177e+01
4.598823041778624804e-02 8.210946454700852826e+00 1.821065632691117031e+01 3.234648917738657303e+01 5.229927711562257997e+01 5.154285128168188379e+01 5.325438975978892131e+01 3.688272582773485198e+01 3.688272582773485198e+01 2.080153982793566669e+01 2.974794846490552302e+01 4.129928836164285855e+01 6.129560715815470218e+01 7.831795094355857145e+01 8.655872430224169989e+01 8.331576159822692773e+01 6.665002764369788224e+01 8.331576159822692773e+01 9.481341726464711428e+01 9.726253188523872950e+01 9.809858764128189534e+01 9.593627730208177695e+01 9.268062912041904156e+01 7.609798901934257742e+01 8.448233437382666011e+01 1.042854450966801636e+02 1.055196366861957387e+02 9.525911078029993462e+01 7.534598708125538735e+01 7.270292670016401360e+01 9.089052169708814688e+01 1.011232183163284901e+02 9.584827203506907267e+01 8.750133349137526295e+01 8.215899397885006294e+01 7.313634801140322850e+01 6.478192119975558683e+01
7.340434288523949025e-02 2.007340434288488495e+01 3.646206733475285233e+01 4.644415750462952985e+01 4.797997950189797223e+01 5.625901400702009880e+01 6.516370005163477686e+01 5.530061117729844966e+01 3.530146102574327216e+01 2.375060128588423680e+01 4.375409645452388929e+01 5.710810398349212136e+01 6.203623418536082568e+01 5.837700184650541502e+01 7.620796389459979991e+01 8.440611210917543872e+01 8.655391839373625373e+01 9.481341726464711428e+01 9.144005167357070718e+01 7.741949140413676389e+01 9.144005167357070718e+01 1.016347023394535114e+02 1.041209585078046445e+02 9.593556312215392268e+01 9.187160029386717497e+01 9.402626965328251174e+01 1.022120064862265423e+02 1.034663143709465203e+02 8.944606233566314302e+01 8.680924486467982604e+01 1.008376476999628295e+02 9.713401374273146871e+01 8.695768391837964373e+01 6.707745716491000110e+01 7.082530830152572321e+01 7.923743432497788319e+01 7.131330699124946193e+01
3.515918393995972474e-02 2.003515918393960504e+01 2.867445198218233671e+01 3.383846178897123025e+01 2.798056368946302541e+01 4.797997950189797223e+01 6.033798334397234697e+01 6.357709359798639781e+01 5.007950982401338536e+01 3.007679644217630965e+01 2.883171314416767927e+01 4.883331436897213962e+01 4.205427988899450042e+01 4.872402560028430685e+01 5.628394628107070474e+01 7.039588524667038882e+01 9.023956299200979458e+01 9.487735219999176195e+01 8.250536400028852313e+01 6.318608844376850442e+01 7.352340807522256227e+01 8.757905520733814342e+01 9.052365499233326318e+01 8.235013916639775289e+01 7.216833295583170127e+01 7.432381935349908986e+01 9.235257446308033025e+01 1.021985738079359152e+02 1.092930511740737671e+02 1.066721817133407484e+02 1.031071068431635354e+02 8.287253027873762790e+01 6.835100643717117919e+01 5.807115499948936588e+01 5.041805539271076242e+01 6.282092516299721296e+01 6.289715299491207645e+01
4.608085242692564615e-02 4.310095179539116472e+00 8.674452984258927302e+00 1.383843077920219500e+01 2.050509744586938865e+01 3.205210297587480284e+01 5.205229245214490419e+01 6.076765657839034418e+01 4.077196495172539414e+01 5.007950981929516132e+01 4.038352762192621981e+01 3.449090640705620103e+01 5.448759144099720686e+01 6.868467883834223642e+01 7.620796389459979991e+01 8.398122557579036140e+01 8.751879626153022684e+01 8.624649041569365693e+01 6.668403648787895577e+01 5.420460302820802667e+01 5.932099718164973723e+01 7.935405426170846965e+01 7.911393329798774232e+01 6.257565873400092471e+01 5.812347077818239427e+01 6.443830536235360285e+01 7.434988219071315996e+01 8.825315544410717905e+01 1.079302084914525892e+02 9.779008376225000632e+01 8.941662304060216115e+01 8.941662304060216115e+01 8.695768391837964373e+01 7.726411824446984156e+01 5.683835870467792972e+01 4.265557702246841387e+01 5.590426781298359060e+01
1.610643649003322755e-02 2.001610643648967880e+01 2.867445198218233671e+01 2.500434936513495643e+01 4.050499157883775325e+01 3.464723533191068583e+01 5.464750416744515604e+01 6.904265211889830312e+01 5.077480543899770282e+01 6.864627167290855425e+01 6.037593632924527753e+01 4.604260817507756087e+01 4.604260817507757508e+01 5.758760791212334595e+01 7.754750517380986707e+01 8.137369682670325233e+01 6.707478829392694308e+01 7.801442440474473017e+01 5.804827870018215918e+01 4.679642934702148693e+01 6.668403648787894156e+01 7.261965964931835060e+01 6.530871130194702801e+01 5.104728070208177115e+01 6.257565873400092471e+01 8.235013916639775289e+01 7.842205664594276016e+01 9.809168196778007598e+01 1.053233015315734775e+02 8.941662304060216115e+01 6.890859430782053607e+01 6.890859430782053607e+01 7.006678157699552401e+01 6.580123179485131857e+01 6.189483688965512442e+01 5.590426781298359060e+01 3.610657956831149562e+01
2.022278438842990689e-02 1.416235840811950553e+01 3.416235840812021252e+01 4.500280087328350476e+01 5.327617562316092403e+01 5.464750416744515604e+01 6.293343180325518915e+01 7.903366922461772504e+01 7.076050771778295712e+01 7.903366922461772504e+01 7.428545758836069979e+01 6.602365311492714284e+01 6.602365311677789350e+01 7.428545769860394898e+01 8.580527001160389489e+01 7.123529391952403955e+01 5.292518785057699660e+01 6.634512709811866671e+01 6.171213470266457790e+01 4.198603727394720408e+01 6.171130457301639183e+01 6.282920454842098223e+01 4.538331227155310188e+01 6.530871130194702801e+01 7.911393329799771834e+01 9.052365499236543656e+01 9.809168196778007598e+01 1.062830922802178293e+02 9.697989172027023130e+01 7.657140780797904256e+01 6.463346567001072174e+01 5.434491837042350681e+01 4.960992346752843929e+01 4.550300844416709367e+01 4.178925787070916442e+01 3.827768732330218171e+01 3.490180821576858250e+01
6.642187732006160639e-02 2.006642187731970495e+01 2.885240633861389981e+01 3.370311886468235940e+01 4.198740462043068078e+01 5.353443150511353821e+01 6.386059534327677767e+01 7.214496438788172838e+01 7.091584924424623182e+01 6.267383556115642307e+01 7.091584924424623182e+01 7.522021928466938334e+01 6.712151264238428894e+01 6.458624913421026292e+01 7.268409614228767168e+01 6.292688676993777364e+01 4.312198070099702107e+01 4.652186658703681843e+01 5.183624418489965535e+01 3.786586151682531920e+01 5.750625967945730821e+01 6.165467910415111419e+01 4.173091989762077247e+01 6.165467910415111419e+01 6.746419706996054799e+01 7.344474135642855117e+01 8.003384939195159120e+01 8.820698256807733628e+01 9.806183188172619225e+01 8.677564976412473641e+01 6.623284664758973861e+01 7.491525685488373654e+01 6.137962025127959009e+01 5.979469934826782662e+01 6.106357647542622402e+01 3.848318719903878105e+01 4.027792432590054261e+01
1.591255364720534082e-02 4.380270358367072348e+00 8.852406313366689261e+00 1.370311881409339172e+01 2.525012419788611240e+01 4.525012436942272132e+01 4.386059416008583867e+01 6.386059525746823340e+01 6.094665079700313015e+01 4.271869794408642917e+01 6.094665079700313015e+01 6.712151264238428894e+01 4.745539803383719146e+01 4.489148133392581741e+01 6.133780865925329095e+01 5.484578070019986029e+01 5.231332992948041749e+01 3.269775610198360027e+01 3.222523624709567969e+01 4.938308365550702916e+01 5.183797755741728963e+01 5.435026023480533297e+01 3.825218644427070558e+01 4.272189554249412424e+01 4.757542182424127475e+01 5.360951991611072032e+01 6.026652528538200215e+01 7.018810877271582171e+01 8.987959001118754543e+01 9.515797201961930796e+01 7.815927603327610029e+01 9.033711779094767280e+01 8.193366463469729410e+01 8.030228389022734348e+01 6.182373429821603850e+01 4.127695370737666991e+01 5.786233980118763043e+01
6.189296070378335485e-02 2.006189296070342820e+01 2.885240633861389625e+01 3.370311886300918758e+01 2.264739072409270904e+01 2.971845853595830889e+01 4.971845878983716460e+01 6.557964255370683304e+01 4.563648571223031780e+01 3.272819093564133652e+01 5.269626675262141902e+01 4.920632311712229523e+01 5.310299306531678099e+01 3.338864126808373101e+01 4.435665804774305343e+01 3.492608328286089403e+01 4.210288141160719277e+01 2.672786531953130051e+01 4.582019981289547417e+01 2.943568503575866657e+01 3.189392084496076052e+01 3.440921393460047994e+01 5.435026019589387403e+01 5.683748189236225556e+01 6.746419706996054799e+01 6.383726607404898346e+01 8.003384939195159120e+01 8.820698256807733628e+01 9.806183188172619225e+01 1.068853375087352902e+02 9.854583516896482820e+01 1.048099841502436789e+02 9.310074991419362789e+01 7.862160564109044003e+01 6.509049029510843809e+01 4.445592319542551962e+01 5.892081271474108917e+01
2.247884206357958492e-02 2.002247880042161299e+01 3.646697966255084111e+01 4.800320130865641488e+01 4.264739084063398167e+01 4.971845877119947232e+01 5.800276123550499818e+01 6.475973049659597791e+01 4.563648584483836146e+01 2.566410356701521067e+01 4.249884763027749557e+01 2.828150742690303332e+01 4.271503187917517863e+01 4.435665804774305343e+01 2.445629740219422033e+01 2.080140346949322350e+01 2.214654676424448709e+01 2.363689742846884201e+01 2.600928758693057574e+01 4.596220063771698250e+01 5.183797755741728963e+01 4.853038960554813741e+01 4.853038960508521882e+01 6.840067025321542360e+01 8.483170455977248992e+01 8.360218933405822384e+01 9.178462693380913606e+01 9.804107290881749748e+01 9.804107290880119763e+01 1.062504657113038746e+02 1.053509550341481997e+02 9.359517414182519701e+01 7.599041894612911108e+01 6.414246136798715270e+01 4.956291515116624424e+01 5.906651490734329712e+01 7.323373454699452623e+01
