LEM/with_lateral_4open/elevation_000342.asc
nrows	100
cellsize	150.0
xllcorner	0
ncols	100
yllcorner	0
NODATA_value	-9999
[rows 34 to 50 of 100, columns 0 to 36 of 100]
2.064481644892168788e-02 9.996600907237910505e+00 2.140235350220068611e+01 4.053523195875829543e+01 3.859211852350647831e+01 3.230066534983716053e+01 1.343916759066889455e+01 8.627021725915156480e+00 9.791412917347130929e+00 1.095967951344613667e+01 3.045227052617632069e+01 3.348157663189824262e+01 3.471663674419347245e+01 3.595103048688635994e+01 2.494933296717130844e+01 3.897155090570199576e+01 2.197949295610714415e+01 4.155358262636036670e+01 5.249452771677289320e+01 6.113456084391295775e+01 6.947254926885729276e+01 7.020885022692792177e+01 7.018757142786012082e+01 7.855367467271562987e+01 8.605915918736057790e+01 9.440493075718946159e+01 9.509653824544508893e+01 8.085890990885189922e+01 8.085890990886780116e+01 1.009798352981527074e+02 1.098889961831921909e+02 8.998982218010736744e+01 7.576648024697898620e+01 6.402556932663694056e+01 6.249655520562794919e+01 8.273412975735965347e+01 8.535285138588673703e+01
2.905961989428186565e-02 1.874629454545204510e+01 2.182598111729253532e+01 2.697776346806302072e+01 1.864913973553097648e+01 2.532588187622501863e+01 7.004833832060483267e+00 8.985042271808756809e+00 2.868397762437406584e+01 2.952900893975211005e+01 2.229878079619192022e+01 3.356164549940290698e+01 5.302457228398442624e+01 3.722615413009202001e+01 4.442022681367328829e+01 4.975775599354896173e+01 3.572139820532410681e+01 2.454671986679236539e+01 4.419037412802769182e+01 4.110123450913061305e+01 6.113456084391370382e+01 7.460692774461766419e+01 7.796097795284293852e+01 6.961822300462937108e+01 6.592320768409828702e+01 8.257929898836248128e+01 8.675217411847344806e+01 6.664368852641521812e+01 8.004935493455437268e+01 1.001763261505410441e+02 1.098889961831921909e+02 8.998982218010736744e+01 7.576648024697898620e+01 8.424131531280217189e+01 7.021413320813766745e+01 9.034159539633478175e+01 9.363093224599877828e+01
3.542675937824442400e-02 9.856554356694047225e-01 1.936958423978399679e+00 1.663137659932157320e+01 4.650806189272925550e+00 5.616415179611942143e+00 2.537417626668758430e+01 2.867803919942175739e+01 1.182492504649790632e+01 3.147574912732445895e+01 4.185630695770122145e+01 4.988117484224228093e+01 6.092004395162395980e+01 5.104069336399786039e+01 5.679226897304049260e+01 6.401544641934884794e+01 5.170603535308604393e+01 3.182146481339110622e+01 2.722400928875258330e+01 4.696885979675159462e+01 4.617924486676711382e+01 6.626578390292156939e+01 6.961822300462748103e+01 4.945841749766275086e+01 6.510889535199575562e+01 6.244010947765054453e+01 7.215064494439471332e+01 5.991151654932927784e+01 8.004935493455435846e+01 9.368366642720179982e+01 1.026805171039815434e+02 1.040579540220596613e+02 8.998982218010736744e+01 9.034159539633479596e+01 8.449972245682337757e+01 9.858892975931379965e+01 9.777142606895429822e+01
3.411803931810562102e-02 2.003411803931775026e+01 2.198625913092941531e+01 3.289978604663980732e+00 2.229822118674358933e+01 1.161290846569585078e+01 3.087623979679913688e+01 3.967183350106327566e+01 3.147708087392056342e+01 1.471387444055088345e+01 3.432193623726995924e+01 4.545607432385582314e+01 5.948213751265623017e+01 7.068468336031239119e+01 7.649570192679730951e+01 6.590531455595461807e+01 4.582450133133561110e+01 5.170603535308604393e+01 4.695188213010161604e+01 3.000924097612358210e+01 4.986519345136426296e+01 5.523932588960268220e+01 5.797200886613047999e+01 4.186591384099945401e+01 4.495144097522740623e+01 4.816836008545266168e+01 5.197994639960447927e+01 5.759008553190469826e+01 6.522865147116895912e+01 7.422997719692976659e+01 8.842825783098152215e+01 1.085749272887710788e+02 1.098889961831921909e+02 1.102605408013931907e+02 1.044451242765638170e+02 1.010522906177642568e+02 8.104246668816355736e+01
3.327314952832965272e-02 2.003327314952797522e+01 3.380073488049490038e+01 2.800893358957786816e+01 3.261441330364643676e+01 1.894141249423771001e+01 3.084304042938130763e+01 5.034359470226750233e+01 4.254053941604981759e+01 3.432193623749628131e+01 1.764364327861899184e+01 3.143001128309937897e+01 4.852983011752564835e+01 5.756321863662756044e+01 6.584056625466490686e+01 7.424525893836140256e+01 6.590531455595461807e+01 6.630227952439174999e+01 4.618148149947867864e+01 4.979851644057294635e+01 3.296794628270723848e+01 3.521545235123922168e+01 3.789097210608169775e+01 5.207192414448125106e+01 6.510889535199575562e+01 6.833874123946363000e+01 5.896197209784102711e+01 7.773892852553333910e+01 7.184766039848246066e+01 9.196170793743584682e+01 1.026805171039815434e+02 1.062214640583337228e+02 1.144868893166911334e+02 1.104598853816738000e+02 1.021491885841147678e+02 1.093127008272491310e+02 9.777142606895429822e+01
6.779948344387334846e-02 9.992704972625622517e+00 2.383364646830378675e+01 4.344645478821205131e+01 4.601181575396900314e+01 3.803194549111663036e+01 3.229491403955534423e+01 5.188236464367911083e+01 5.121481803235975150e+01 3.143001128309938608e+01 3.722484701521671724e+01 2.069578825645838904e+01 4.028401390342484945e+01 3.766215487142660834e+01 5.756321863662756044e+01 6.688476541073967496e+01 7.516071418619988265e+01 7.472609878075587631e+01 6.297374137732458621e+01 4.287503394268851764e+01 5.292716813605682091e+01 5.523932589015052486e+01 4.182603729929294190e+01 6.176235297974709226e+01 8.056012672710548372e+01 8.744852670928115401e+01 6.904724440520681128e+01 8.744851088243568427e+01 9.196170793743584682e+01 1.003098271843491318e+02 1.029822988993374935e+02 8.630651309446180619e+01 1.029822988993374935e+02 9.894053231647872337e+01 8.224334820498049226e+01 9.894053231647872337e+01 9.875575735769724872e+01
9.516927588586144779e-03 2.000951692758822986e+01 3.775125294582460356e+01 3.484641926105422982e+01 3.946525590256904081e+01 4.770861807010782485e+01 5.188236468532187473e+01 6.014276370080884249e+01 5.948213775191731401e+01 5.121481803230829399e+01 3.664001425432369530e+01 4.028401390314727593e+01 2.385208851684376086e+01 4.349104149542805686e+01 5.422707333805050922e+01 4.687119697536208207e+01 6.102913059380436067e+01 8.102151840208875910e+01 7.130627752498007510e+01 5.290890776657861494e+01 7.130627752487015414e+01 6.673968135635425369e+01 4.682760698533743238e+01 6.673968135635425369e+01 8.563886555604656792e+01 9.751252643171885381e+01 8.916551641512275239e+01 9.751252365490918805e+01 1.011387319392175499e+02 9.288911765598750492e+01 9.472356175844407744e+01 7.494091794397070316e+01 9.472356175844407744e+01 9.065654628277593474e+01 7.092386823827355613e+01 9.065654628277593474e+01 7.891190391440215990e+01
1.945935296826603253e-02 2.001945935296791035e+01 2.782733138659430594e+01 1.449407744409824517e+01 1.949429442481954666e+01 3.946525590256904081e+01 5.461018642799842127e+01 6.284065007603556552e+01 7.277481067576995599e+01 6.477162063560453475e+01 5.649795296489990903e+01 4.920385718545537657e+01 2.941408312658981927e+01 2.745164279821437248e+01 3.431756710035991631e+01 5.422707333805050922e+01 7.134673403899225264e+01 7.961807165266519348e+01 8.136813315460682361e+01 7.303891491746023235e+01 8.136813315459431806e+01 7.491684824300762102e+01 5.502326051407870722e+01 5.752354450191609914e+01 7.151243997667711483e+01 9.138530253712654883e+01 9.014089871800395315e+01 9.848345661276225371e+01 9.288911765598750492e+01 7.314517432657471829e+01 7.892804143768933045e+01 6.804903693414547661e+01 8.772934096293796813e+01 8.367999105465661103e+01 6.403580256666164416e+01 7.489484289026145802e+01 6.506565175745167551e+01
5.600688922766024203e-02 3.905008683825173410e+00 7.827331386588871176e+00 2.706757918471956259e+01 3.913761864659713297e+01 2.802379112285497342e+01 3.469144694426473308e+01 4.467676137389624103e+01 6.454361148210055887e+01 7.228760827223800334e+01 5.227742618580634115e+01 4.076267663300290423e+01 3.922108605655247970e+01 4.718799990270275657e+01 3.142977786916148020e+01 5.128351268377900141e+01 5.130881501899862229e+01 6.686912095428239411e+01 7.514384186365992946e+01 8.408960925535104991e+01 9.561043395670073153e+01 8.341032299176349341e+01 6.654685255491251894e+01 7.151243997667711483e+01 8.563886555604656792e+01 8.666858104489645598e+01 6.954304009701527889e+01 8.666858104489645598e+01 9.402129706728732117e+01 7.892804143768933045e+01 5.931817561829176810e+01 7.314517432657423512e+01 9.288911764674489291e+01 8.883383063604971142e+01 6.912112512020362942e+01 5.526601890119680860e+01 6.912112512020362942e+01
8.215197286175310309e-02 2.008215197286139642e+01 2.782733138659430594e+01 2.199826135204202160e+01 4.209916933292954866e+01 4.797060660008719424e+01 5.461018642799842127e+01 6.284065007603556552e+01 7.277481067576995599e+01 8.056030285370627553e+01 6.901386680463576795e+01 6.073472425810321340e+01 5.072767476811767295e+01 5.835018439385134315e+01 3.836257902973385114e+01 3.596333376911563562e+01 3.975456766449811852e+01 4.681193851973118569e+01 5.580060887954392967e+01 6.739029202234173965e+01 8.734403311825703042e+01 9.504439665169235241e+01 8.660635697190832616e+01 9.138530253712654883e+01 9.108349236516063741e+01 7.824871949844637697e+01 5.745503595639598160e+01 7.824871949844637697e+01 8.578754706141992870e+01 6.611436426739331296e+01 5.479917140578589851e+01 7.442922967947191637e+01 8.487546803479699520e+01 8.669013941951580193e+01 7.088812597158560891e+01 5.122955991020768352e+01 7.088812597158560891e+01
2.613274238814250472e-02 1.416826836611896745e+01 3.416826836611825513e+01 4.222352164954416054e+01 5.066149886841947136e+01 5.865468620294033286e+01 6.694606255698131747e+01 6.621941577591719863e+01 6.621941577591719863e+01 7.451671886503875442e+01 8.400411647356924050e+01 7.901491731905358051e+01 7.074177374808887464e+01 6.663225789572929614e+01 4.727332261486062492e+01 4.256564058739089518e+01 5.977783609879899984e+01 4.730254385384730398e+01 5.629147122084017241e+01 6.787873295490138048e+01 8.783030614544443893e+01 9.891526820400190445e+01 8.711090635560201179e+01 7.869437113630635849e+01 7.055191330551603812e+01 7.055191330551603812e+01 5.022228057045617788e+01 7.089704217923087981e+01 8.433821034531560201e+01 6.465808578397071926e+01 5.078090182924244544e+01 6.517288681831773545e+01 6.517288681831773545e+01 7.845581419140889068e+01 5.879533834504191248e+01 4.745765765079021037e+01 6.488269479391347261e+01
7.532853315450405152e-02 1.162233391694712203e+01 2.576446954067832351e+01 4.576446954067903050e+01 5.539040437245668613e+01 3.864059636287987587e+01 5.539040437245668613e+01 4.619013955925240111e+01 4.619013955925240111e+01 6.621941577591719863e+01 6.391398224771340608e+01 7.811665028567469449e+01 8.362930718686081377e+01 6.364413742240583360e+01 6.731148440492316354e+01 4.964283998706924450e+01 6.969225053262029235e+01 5.440813533743273922e+01 7.444073006258028613e+01 8.457697913452336991e+01 9.609706491833830455e+01 9.057027662015204328e+01 7.000060493624542346e+01 5.799931213838743105e+01 6.674607325296260285e+01 5.002448513188419810e+01 4.405784230619696018e+01 6.435910850275737971e+01 7.801160399410007074e+01 7.861154499773581961e+01 6.517288681831773545e+01 4.555807781298576487e+01 6.041559685614974029e+01 6.679554890895458641e+01 5.867588953558541931e+01 4.397526931382760296e+01 4.523936759869862811e+01
6.101047412966256744e-02 2.006101047412930782e+01 3.889545832764915190e+01 4.134103973693397194e+01 3.640450287880619129e+01 2.709095241163083756e+01 4.709954604619601071e+01 3.203936173789334418e+01 5.205657874085510173e+01 6.126245051071187220e+01 4.972939428227606840e+01 6.685233769184267771e+01 7.518936565569333652e+01 8.362930718686081377e+01 7.796361334763355444e+01 5.969355567556036846e+01 7.796361334763355444e+01 6.859650839878322870e+01 6.859650839878322870e+01 8.854992926483353699e+01 8.736780440073893317e+01 7.894122489232793782e+01 7.894122489232795203e+01 6.674607325296260285e+01 4.632446141273673135e+01 4.041572393688401377e+01 3.878768287243790525e+01 4.931635584700827479e+01 6.956364417181285376e+01 7.490845352097565524e+01 7.335204775789588894e+01 6.041559685614974029e+01 4.083739701927925836e+01 5.581805589837377823e+01 3.910533533081573410e+01 4.159694052987705248e+01 6.116045884634779384e+01
6.842009524227352091e-02 2.006842009524191894e+01 1.889237443385044202e+01 2.133598271432752469e+01 1.639999584770110275e+01 3.259501255813785292e+01 3.554578207275434920e+01 2.496764769101903880e+01 4.299558967056210435e+01 4.121288201242384019e+01 3.971726367439251248e+01 4.676744919082737795e+01 6.685233769184267771e+01 7.916904721745765983e+01 8.795583968512524109e+01 7.969094538968033703e+01 8.795583968512524109e+01 8.854992926483353699e+01 8.854992926483353699e+01 9.681757779313565493e+01 7.894122489232793782e+01 5.870004364201435720e+01 5.870004364201435720e+01 7.303318983799606201e+01 6.674607325296260285e+01 5.303180248155204879e+01 3.403490503051578742e+01 5.303180248155204879e+01 6.063228067615428785e+01 5.742378404618077781e+01 7.490845352097565524e+01 6.159985851329661699e+01 5.347194415378206145e+01 3.620145149493680492e+01 5.586569496891277709e+01 6.116045884634779384e+01 5.705598286053559320e+01
1.934550753332892059e-02 2.376368111488492474e+00 4.749931427876237677e+00 7.193320315003242982e+00 9.733322855022668918e+00 1.259046571257645297e+01 1.553930484068892071e+01 1.913141100784321580e+01 2.298041418044638107e+01 2.706290682191073316e+01 3.261004612324730800e+01 4.017184974722372459e+01 5.020090357047922680e+01 7.059001364862936612e+01 8.443542878325361301e+01 8.272464962788988885e+01 7.449872907903360897e+01 7.711607783785557046e+01 8.531827552698642592e+01 8.862271550137657528e+01 8.019743306304282271e+01 6.462854837100522332e+01 4.462933238043679296e+01 6.462854837100522332e+01 6.385243812502493199e+01 4.394232563964765603e+01 3.113543279000490571e+01 4.903343295043293182e+01 4.388091972661364082e+01 5.900230630997954506e+01 6.676724884789723546e+01 5.350614595007159124e+01 3.370607026624139024e+01 5.350609713881824803e+01 5.586555584109063233e+01 7.553348935912438833e+01 7.588531595235494365e+01
4.364784840791047227e-02 2.004364784840755576e+01 2.475114206170070119e+01 2.133598271432752469e+01 2.128063152533393065e+01 3.259501255813785292e+01 2.553965969051407470e+01 3.067971544007724205e+01 4.299558967056210435e+01 3.861360233753446636e+01 5.265017672967876905e+01 6.031968146790848806e+01 6.879761474078446781e+01 7.893852183232621655e+01 6.402490637806195650e+01 6.402490637806195650e+01 5.369593320084243260e+01 5.642917601738864875e+01 7.711607783785557046e+01 8.019743306304282271e+01 5.993862712407870674e+01 5.830423277448790031e+01 3.839796010660254666e+01 5.017752231567504140e+01 5.614638475673925910e+01 4.688919342513517563e+01 2.823641723934309411e+01 3.441190875279871619e+01 5.098236165212338733e+01 4.818950935259805135e+01 4.275941055304610217e+01 5.185624006886941118e+01 3.196507123885957924e+01 5.174545263364905878e+01 6.030519166000692621e+01 6.536888125600975741e+01 7.096630891428532095e+01
5.219006137575642884e-02 1.419432568510683090e+01 3.419432568510753612e+01 4.134103973693397194e+01 4.128703807595736208e+01 4.957725199344561418e+01 3.708969179943471062e+01 5.070044785615702665e+01 5.900158478085194247e+01 5.865777061827715499e+01 6.697402545301297039e+01 6.374159650002680877e+01 5.529947006720107794e+01 6.366476277797295324e+01 6.120785831707313918e+01 4.273482290504296088e+01 4.112722075833309532e+01 5.642917601738864875e+01 7.711607783785557046e+01 6.972004152468039706e+01 6.587229400485905728e+01 4.584904730658075067e+01 3.780095329586495723e+01 3.032254017110263078e+01 4.212023425880740746e+01 4.011126195464468935e+01 2.521567158291395927e+01 4.275563300177567072e+01 4.444703915419821527e+01 2.555895168181126920e+01 2.651331720389459434e+01 4.681331438395753253e+01 3.025604241170217534e+01 5.021178487334992724e+01 4.083559328255019949e+01 4.596997330540884263e+01 5.157625072263605404e+01
