LEM/with_lateral_4open/elevation_000504.asc
nrows	100
cellsize	150.0
xllcorner	0
ncols	100
yllcorner	0
NODATA_value	-9999
[rows 34 to 50 of 100, columns 0 to 36 of 100]
2.064481644892168788e-02 2.000149344628313841e+01 2.935496877950079408e+01 4.261019329313077719e+01 3.756617802085013125e+01 5.170862237148451612e+01 5.210381301099931761e+01 3.284102723213265307e+01 1.894244201256655913e+01 3.188117641559937354e+01 1.719184158002781260e+01 3.116139573955099351e+01 4.773817893857931693e+01 3.942065695486243726e+01 2.323591400327882539e+01 4.304800020279927963e+01 5.530218469145082594e+01 6.958854810281357572e+01 7.044526202463197251e+01 7.871758348671633598e+01 9.024667954002060810e+01 8.409413942497269545e+01 6.735739714005072187e+01 7.799093549931274083e+01 6.125501580959803505e+01 6.551910390883880098e+01 6.466287669487917356e+01 7.880097861893021616e+01 9.564957774460485496e+01 1.056517429471003311e+02 1.109690931066086819e+02 1.025330241952527501e+02 1.025330241718633602e+02 9.796209260204628322e+01 7.778558678424073491e+01 6.607099013919078345e+01 5.776101105388974588e+01
2.905961989428186565e-02 2.002472119714402865e+01 3.646253881863331259e+01 4.650365450713695026e+01 5.756664774085580660e+01 5.764902806056018392e+01 3.834703098326827586e+01 2.705916228905911325e+01 3.848296817871987940e+01 3.753563269411814929e+01 2.159125386093401744e+01 4.284786023488820916e+01 5.859020474351491004e+01 4.069363961864701906e+01 4.304800019699603553e+01 2.684739777480105616e+01 4.101582128008806905e+01 5.883810176576201911e+01 5.034107072472756528e+01 6.200627701388982871e+01 8.197312993146184112e+01 9.564078359284991393e+01 8.735741445180613596e+01 8.953701216047825540e+01 8.125322117488188667e+01 7.965764517523793131e+01 7.620545977664733073e+01 9.294489825824339846e+01 1.070888178975566802e+02 1.125216590181679379e+02 1.086604927837803132e+02 1.028799486349905834e+02 1.050345649619224417e+02 1.063107700045915607e+02 9.466541271971486537e+01 7.804934146504611192e+01 6.686256991708407327e+01
3.542675937824442400e-02 8.200392696174558793e+00 1.820040440323046838e+01 3.234327751451591126e+01 5.235629365233776156e+01 6.575732205147245679e+01 5.350517861471013248e+01 3.403118559340312999e+01 5.316008829088806209e+01 4.573915514314268904e+01 2.638731065516982355e+01 4.437892490039221371e+01 6.716532583181825089e+01 5.983812431481092631e+01 5.189712653677155174e+01 3.151533584762649198e+01 3.166673959985912745e+01 3.847232045250859045e+01 5.883810176579238771e+01 7.215449619093159583e+01 8.042141768456569650e+01 9.039410360194625582e+01 9.537120159610046244e+01 8.709935819438743465e+01 9.537120159610046244e+01 9.966227932026363590e+01 9.620969502427189468e+01 1.044934025266864239e+02 1.068222966958689426e+02 9.288144867450436948e+01 8.904433046109510030e+01 8.331342976965191838e+01 8.545060726468528856e+01 1.050345649619224417e+02 1.065975243251361348e+02 9.545153528535357168e+01 8.119169957046617014e+01
3.411803931810562102e-02 2.003411803931775026e+01 3.092549995002868002e+01 3.725005527036496744e+01 4.553432651782657814e+01 5.447859842782557394e+01 6.164688054340560086e+01 4.526789989029163053e+01 6.164688054340560086e+01 5.306202655018937264e+01 3.186408027159615131e+01 4.677639945676354216e+01 6.805380534464862308e+01 5.958734016542430822e+01 3.924094737763716978e+01 5.189712653774957118e+01 5.204950761958882310e+01 3.795953899156914702e+01 4.487221290144432828e+01 5.212172440775318449e+01 6.218708824665284851e+01 8.212190413521040000e+01 8.545590326501559275e+01 6.732650284650939909e+01 8.545590326501559275e+01 9.478552306801708482e+01 8.673740322650344581e+01 9.478552306801708482e+01 9.863393310023327842e+01 7.903767959370199492e+01 8.624017416289329674e+01 6.937998660160036479e+01 8.209193501577867380e+01 1.017251320841668445e+02 9.947922531787430955e+01 1.016450888450472405e+02 1.013626349475471926e+02
3.327314952832965272e-02 5.378497987776793998e+00 1.092549995002903529e+01 1.725005527036568154e+01 2.619432718036468088e+01 4.033646280409513452e+01 6.033646280409442397e+01 6.475751096920210159e+01 7.294670569543771421e+01 6.062992360831901095e+01 3.922467829181830723e+01 5.306202655018937975e+01 7.424018483232985943e+01 6.541650769882267014e+01 4.522367903146883350e+01 6.541650769882267014e+01 6.663510212422589518e+01 5.833863481167465181e+01 4.769079823539627228e+01 6.198522236832181420e+01 8.042132310200950940e+01 9.039410360194625582e+01 7.721293052044845240e+01 5.746486053965791285e+01 7.721293052044845240e+01 8.536057309081132871e+01 6.812773890311240166e+01 8.536057309081132871e+01 1.012264103320624855e+02 8.624017416289329674e+01 6.653228235537277158e+01 6.232678702458004238e+01 8.209193501577867380e+01 9.368557025457400300e+01 7.966713191582205411e+01 8.183468240968078078e+01 1.016450888450472405e+02
6.779948344387334846e-02 2.006779948344351894e+01 3.092549995002868002e+01 3.725005527036496744e+01 4.553432651782657814e+01 5.447859842782557394e+01 5.607099447337922982e+01 6.435191276700065544e+01 7.861806377265585866e+01 6.927363980047110203e+01 6.062992360831901095e+01 5.441292793035714226e+01 7.563907889126939210e+01 7.369106766954500642e+01 5.541568517993310650e+01 5.956364811041371610e+01 7.954656069582507882e+01 7.610749222946981263e+01 5.784294096308953215e+01 7.610745310051996171e+01 9.022900526002744925e+01 8.713278961440130388e+01 7.062970434919240859e+01 5.082919464825516087e+01 7.063024052685157983e+01 7.743257106480788821e+01 5.904942885853204615e+01 7.743257106480788821e+01 9.046411147222944749e+01 7.537647574180927279e+01 7.537647612446539824e+01 5.658665410870270307e+01 7.638622825913311942e+01 7.656745639693808414e+01 6.556335711504100061e+01 7.966713191582205411e+01 9.947922531787430955e+01
9.516927588586144779e-03 2.000951692758822986e+01 3.830373060042906985e+01 5.244586622415977217e+01 4.526295611075082803e+01 5.280714100306059322e+01 3.607311274845661586e+01 5.280714100306059322e+01 5.862524566528673375e+01 5.862524566528673375e+01 6.690628808995874977e+01 7.563907889126939210e+01 8.413435167058511865e+01 8.368620624645105011e+01 6.957771647340076981e+01 7.954656069582507882e+01 8.781848722867637491e+01 8.609670701368810342e+01 7.782593961927368298e+01 8.609670701368810342e+01 8.746185394673247515e+01 7.602363390346684469e+01 5.911795168988676608e+01 4.503913075292033596e+01 6.491419141233916434e+01 7.130485699604938077e+01 5.281493189867600080e+01 7.130485699604932393e+01 8.235634245863336389e+01 6.269018912611663552e+01 5.639889456451889060e+01 5.235387345259165670e+01 6.903520510518526976e+01 5.663899266651532116e+01 7.656745639693808414e+01 9.368557025457400300e+01 9.383416028184997515e+01
1.945935296826603253e-02 1.001945935296817858e+01 2.416159497669887912e+01 3.938959578273436080e+01 2.523122550847380552e+01 3.383526765719494023e+01 2.452615732604213150e+01 4.452521207627284383e+01 4.707947262441245329e+01 3.862738014583345603e+01 5.862524566528673375e+01 7.161926462872830257e+01 8.009770620079068237e+01 8.837715456543935488e+01 8.951540491824935941e+01 9.001397361504422179e+01 8.177280661462641831e+01 9.001397361504422179e+01 9.051725593425113914e+01 8.227031986716218626e+01 7.923836271916107421e+01 5.943780234690419917e+01 4.794583270272176634e+01 4.000979193784644394e+01 5.994524745494855011e+01 6.596727537991705503e+01 4.724096210565991072e+01 6.053426397463720576e+01 7.908372429134787751e+01 6.640069283480546858e+01 4.647722728783320179e+01 6.239423569046612528e+01 4.911229686102785053e+01 6.903520510518526976e+01 8.479254561801009515e+01 9.594845011700094517e+01 8.564826182367110619e+01
5.600688922766024203e-02 2.005600688922730512e+01 2.488033046312589036e+01 2.733517396421953194e+01 1.108849931915934839e+01 1.383571059813310633e+01 3.383518223849637252e+01 4.153270129206742922e+01 2.708040369713655693e+01 3.179444889833493448e+01 4.334140539611119181e+01 6.333863877414626842e+01 6.010499382322691986e+01 8.009770620079068237e+01 8.927743866678133600e+01 8.007165810173204079e+01 6.189285873440736907e+01 8.007165810173204079e+01 7.900801605145734641e+01 6.232549089411677556e+01 7.900801605145734641e+01 7.100548555728515510e+01 5.524382243611586318e+01 3.527347017483280212e+01 5.524639948045162896e+01 5.512907376657599201e+01 4.230970971985883722e+01 5.583437202679431266e+01 7.444635969555216093e+01 6.287868843265101759e+01 4.290484769214474881e+01 4.241459423588252520e+01 6.239423569046612528e+01 7.726819209194572124e+01 8.472986019459847284e+01 7.615607044337728837e+01 7.902172312560641387e+01
8.215197286175310309e-02 2.472609191530545036e+00 4.880326253245939050e+00 7.342156072832604075e+00 2.731834304771927791e+01 3.382990436768404408e+01 1.820006840285243399e+01 2.153340173618409281e+01 4.153272889527156053e+01 5.179323070028993214e+01 3.963909252642677217e+01 4.596364149383429520e+01 5.751033607195351038e+01 7.750416788191857620e+01 8.103344186121059067e+01 6.112415830556268759e+01 5.187756438144663917e+01 7.183283267451693632e+01 7.075516749063334032e+01 5.072411409661732051e+01 7.075516749063334032e+01 6.281943762540841902e+01 4.291696935470645258e+01 3.134219675593287135e+01 4.931768061094746969e+01 3.584697338980318904e+01 5.512907376611676113e+01 5.725730255929573786e+01 6.530379259926816360e+01 6.254070491845182289e+01 5.427716126559113263e+01 3.779206986739639973e+01 5.219613306692249921e+01 7.212895172794881660e+01 6.474007535109430478e+01 6.203387877150574781e+01 6.568912893159743760e+01
2.613274238814250472e-02 2.002613274238778729e+01 2.488033046312589036e+01 2.148427940645588663e+01 2.148443160493688708e+01 4.148370509192336897e+01 2.714433964339301042e+01 4.153272889527156053e+01 3.308039211060898310e+01 5.307899074192307154e+01 5.378078880276751050e+01 6.596072370430306364e+01 7.424107419433322264e+01 8.578357610280123424e+01 7.660883083722292497e+01 6.477757990930349763e+01 4.475711488238439273e+01 6.477757990930349763e+01 6.367312064602408839e+01 4.361645135244202010e+01 5.470350545748767246e+01 6.298128390449181069e+01 4.895610080619204751e+01 2.768529636534796623e+01 2.981004485100081070e+01 4.890577618593019338e+01 4.496830853819541574e+01 3.742806947087847647e+01 5.405460296943692811e+01 5.050448725289032126e+01 3.322797001934011263e+01 5.338213224751940800e+01 6.464740803393326019e+01 5.689415874972669940e+01 5.054376714890425859e+01 6.120432599448519539e+01 4.570308552665567703e+01
7.532853315450405152e-02 1.421751405929078516e+01 3.422207837481393966e+01 4.148272798928808669e+01 4.148892980914359896e+01 4.978325749426603863e+01 3.869130054553321685e+01 5.542565150860721701e+01 4.462726086839145268e+01 6.136281834896262666e+01 7.377545542901650322e+01 7.765879201609470783e+01 8.578997057864556552e+01 8.243498529838269917e+01 6.253825961972798808e+01 4.837768616719208126e+01 3.937294934682518033e+01 5.308527411319818867e+01 6.135140619185338551e+01 5.470350545748767246e+01 3.465961403551835218e+01 4.712762659912886676e+01 4.462990773809656275e+01 2.414113245778944972e+01 4.072859257641294306e+01 4.308915068857822206e+01 2.486164073996706492e+01 2.584502672901140485e+01 4.595307167402260973e+01 2.872969158110073451e+01 5.050448725288533325e+01 6.186904785174156274e+01 5.393834286368219466e+01 3.685473109313964102e+01 3.897997311131140918e+01 4.117083420285637629e+01 4.426535187114210146e+01
6.101047412966256744e-02 2.005905553977864741e+01 3.096020588511377625e+01 3.728529883873650874e+01 4.557244711593121878e+01 5.451818685205149961e+01 5.868903384987039118e+01 6.697064563476585874e+01 6.462473841213125070e+01 7.291570927096753962e+01 7.440783330204173751e+01 5.790954206865441023e+01 7.440783330204173751e+01 8.664882142952822619e+01 7.660883083722292497e+01 6.464124376683163575e+01 4.462571719485713118e+01 3.301439533738840026e+01 4.762267281431036992e+01 5.589794591023512993e+01 4.712762659912886676e+01 2.711040368783937993e+01 3.460924560360827229e+01 2.152962803229052824e+01 2.249962961415117135e+01 2.347418748624765072e+01 4.146062625777306465e+01 4.387883841992899647e+01 2.724607503278741305e+01 2.833539600258345104e+01 4.845166082936552954e+01 5.115500905242085139e+01 3.390677575745770156e+01 5.393834286464542771e+01 5.900558113965524853e+01 6.120432599448519539e+01 6.429529935465683366e+01
6.842009524227352091e-02 5.413644933490783906e+00 1.096064689574317264e+01 1.728520221609342045e+01 2.622947415135323723e+01 4.037163404408717327e+01 6.037305943320232160e+01 6.666123134792466942e+01 6.666073589035100611e+01 7.491050951312274719e+01 6.625655724264679236e+01 4.630320581767040977e+01 5.871489928653772949e+01 7.143139750849636016e+01 7.957180768129984472e+01 7.289042401182112485e+01 6.135140596565693727e+01 4.762267281431036992e+01 2.755407600014702041e+01 4.260552361076957339e+01 4.694623927102853145e+01 3.905750334531298762e+01 2.024680921447854942e+01 2.920748181191515158e+01 4.291552148214813656e+01 4.388987956300346838e+01 5.200925495186245229e+01 4.138957159629234894e+01 4.735773408797864903e+01 4.541017342683637992e+01 2.987909434389670693e+01 3.101787380326804922e+01 3.240138910649132242e+01 5.255133114721122212e+01 5.547527196642946024e+01 6.403333279053335048e+01 7.703395857243569367e+01
1.934550753332892059e-02 2.001929256345402663e+01 3.096080552003093089e+01 3.728544169259875218e+01 4.557244711593121878e+01 5.451818603661010343e+01 6.125647030341847454e+01 4.759850311276444756e+01 4.759850196141814394e+01 6.666093449053693121e+01 5.871489928653772949e+01 3.851135814501832755e+01 5.871489928653772949e+01 5.154284607350197689e+01 6.812903202143927217e+01 7.159300034620605402e+01 6.337184193777817143e+01 5.589794591023512993e+01 4.260552361076957339e+01 2.254326932056854460e+01 3.671837548410361762e+01 1.899753222247879947e+01 3.905724927616215325e+01 4.835706803101485463e+01 4.327464083301147468e+01 6.279925183348473894e+01 6.922866061418109496e+01 5.540422447616135315e+01 5.556125888431491688e+01 3.543135303798771218e+01 5.000728802855361010e+01 4.367731304585021235e+01 4.849037367929840059e+01 3.437501385978597312e+01 3.578968290969573474e+01 5.592202249861525587e+01 6.619865695092724422e+01
4.364784840791047227e-02 7.602937308592487398e+00 1.654720921859180294e+01 2.809421460238452184e+01 4.809421460238522883e+01 5.286009127186774492e+01 4.491777873451747638e+01 3.470275981222980022e+01 5.318184956997754398e+01 6.702065699493282125e+01 4.702672853115520013e+01 3.246599371840905235e+01 5.288263925704120538e+01 3.976562631837823147e+01 5.915973906450158637e+01 6.337184193777817143e+01 4.376748735029877935e+01 4.945891141623679488e+01 4.256611743895737732e+01 3.661446360081124851e+01 1.775802874941893705e+01 3.781397850213055278e+01 3.318342038595437060e+01 5.323940042996251520e+01 6.279912973300083223e+01 7.084000396317253490e+01 8.246331996723154134e+01 7.078088487361412717e+01 5.114639346959430100e+01 3.953190715520658216e+01 5.972989892232114784e+01 6.281032377254592092e+01 5.035938243416364912e+01 5.454308475189822758e+01 5.596959091567732258e+01 3.782004703444184912e+01 5.212533662332938889e+01
5.219006137575642884e-02 2.005219006137540205e+01 3.588720855626112183e+01 4.483148046645293761e+01 5.637848585077917107e+01 4.491777873451747638e+01 2.658979410134066512e+01 4.491777873451747638e+01 6.125647030341846744e+01 6.202979933283475589e+01 4.187884309687836293e+01 2.724054382239207683e+01 4.128356714452590381e+01 3.047515250252467212e+01 5.092257561658584564e+01 6.337184193771621210e+01 4.376748735029877224e+01 2.992800833878048650e+01 2.288701395037168851e+01 1.655924583195850630e+01 3.661447227819650152e+01 4.610361674370093255e+01 5.323941865478101931e+01 6.150908977186011128e+01 7.099035181831177965e+01 6.950703188400083832e+01 7.774919323464206400e+01 7.879428294554696777e+01 6.408201974580835270e+01 4.415897309715743546e+01 6.435862562391287156e+01 7.766750544973432113e+01 6.959823627997126039e+01 6.661340662366772847e+01 4.644610517965445240e+01 5.801404039402140000e+01 3.994460495677555656e+01
