LEM/with_lateral_4open/elevation_000042.asc
nrows	100
cellsize	150.0
xllcorner	0
ncols	100
yllcorner	0
NODATA_value	-9999
[rows 0 to 16 of 100, columns 37 to 73 of 100]
8.884754177262699226e-02 6.929726548558100274e-02 7.395023591448830758e-02 4.828361932999872264e-02 4.897713358561925356e-02 8.568734790590110117e-02 1.075183056328203948e-02 6.823539046102447547e-02 7.194897206013613211e-02 1.557559815681563986e-02 7.704183385687686514e-02 1.685416958384493638e-02 9.680445094065920353e-02 7.639902522890137937e-02 4.559330980047965332e-02 5.839666421669215124e-02 9.739037529851846120e-02 3.670263267501718690e-02 2.041064012308905357e-02 6.895211126444661387e-02 9.031524355919069713e-02 1.560024811392830661e-02 7.641644294168103979e-02 3.888124420523987601e-02 6.873285589001959517e-02 4.772367030474261584e-02 9.504926490987847254e-02 5.760415539182907330e-02 9.666222459857021221e-02 9.627991409191682948e-02 1.286757495974483190e-02 9.381044340810595905e-02 7.584058927755046864e-02 1.435327048224320848e-02 5.777975670406795827e-02 2.716720951219454838e-02 4.735230246529398453e-03
3.868492271864891752e+00 2.006929726548522552e+01 2.007395023591413263e+01 5.821786311226280652e+00 2.004897713358526445e+01 1.163269273169851914e+01 1.415288745430070527e+01 1.422349222637595823e+01 2.004280444605363343e+01 6.351538089656056929e-01 1.924855232396716787e+01 2.001685408806881128e+01 2.009680445094030432e+01 1.008181583381976232e+01 2.004559330980012533e+01 3.650502704752182748e+00 2.009739037529816486e+01 2.003670263267466112e+01 8.185376449400420640e+00 2.006895211126409251e+01 2.009031524355883391e+01 1.156260563190634372e+01 2.007641644294132632e+01 1.546437967092982202e+00 2.006873279483402328e+01 1.159472905405098153e+01 2.009504925674589160e+01 1.419973977962325584e+01 1.423879784832939599e+01 2.009627991409156067e+01 2.001286757495939028e+01 2.003706132682631136e+01 1.731052366525587916e+00 2.001435327048188739e+01 2.005777975670371305e+01 2.002716720951183760e+01 1.000473523024644251e+01
7.717494066462380786e+00 2.771749406644288882e+01 3.185201320278196135e+01 1.185201320278160608e+01 3.185201320278196135e+01 2.577482835542972239e+01 3.415288750395883000e+01 3.430914467575345839e+01 2.142047252015075998e+01 1.255029536339349994e+00 2.095102248723606309e+01 2.877162912153233520e+01 3.797545720872825825e+01 2.429956170160057027e+01 2.730194750754180077e+01 7.301986421453274367e+00 2.730194750754180077e+01 3.646964769686332630e+01 1.973238183319314132e+01 3.646964769686332630e+01 3.984687687935932132e+01 3.156260563190598845e+01 2.305637624482878678e+01 3.058295859103303815e+00 2.305637623733628416e+01 3.159472519185487016e+01 3.987833152800309477e+01 3.419974126167078765e+01 3.423879784832868722e+01 3.848401047452953350e+01 1.870184379502104832e+01 1.115508496623229107e+01 2.038184676874918466e+01 4.165374936038483078e+00 2.488003750901246747e+01 3.828900436493690762e+01 2.414687085396750632e+01
1.179997697110097654e+01 3.179997697107152632e+01 3.892308101464791292e+01 1.892308101464720593e+01 3.892308101464791292e+01 4.577482835543042938e+01 4.922634615280237824e+01 3.070314153405932345e+01 1.063824134153480117e+01 2.082421418178363837e+01 2.137191719121868783e+00 2.224413830181821794e+01 3.728296779859912391e+01 4.457122006506192946e+01 3.166626293958710292e+01 1.166634422617308431e+01 1.884899173255395155e+01 3.884889983324151785e+01 3.973238183319384831e+01 4.801665308065604165e+01 5.352402184208909119e+01 3.352680446331419972e+01 1.938685510059464789e+01 2.305635719407130679e+01 5.240474743550339376e+00 2.523688476215474097e+01 4.182194450084337944e+01 5.141693173160949470e+01 5.239442322147134945e+01 3.272212885653862458e+01 3.848322606210085439e+01 3.101269218049137066e+01 2.570241544789137578e+01 5.899595098668022786e+00 2.510726765851984155e+01 4.249647276665896811e+01 4.414687077939934312e+01
1.616433477582074829e+01 3.616433477579182210e+01 4.720735226211010627e+01 3.047008639843992484e+01 4.720735226211010627e+01 5.482669053132204340e+01 3.556766925950482516e+01 2.192234721051284652e+01 2.980753915711832747e+01 2.228499145528857639e+01 2.761886766676431293e+00 1.018584958367729953e+01 2.101150096660851929e+01 4.032129587818646854e+01 3.625395810697865073e+01 1.625465890358423948e+01 3.625451653788954332e+01 3.299112173798937420e+01 5.299082715617142014e+01 6.063759712777510913e+01 4.066622804562637583e+01 4.066622804561936988e+01 3.456765130600008717e+01 6.857821025101753953e+00 6.925494407091142612e+00 1.484681642471318064e+01 2.427850404739930568e+01 4.314938200828396475e+01 6.056417538403112388e+01 5.239442322147134945e+01 5.064573469052735533e+01 3.342316241489520223e+01 1.342759952628635922e+01 7.653711901223848812e+00 1.577321457011798422e+01 3.000534081697589173e+01 5.181005934021273163e+01
2.171133673807294073e+01 3.249426639437469078e+01 5.249426639421879059e+01 5.047008639844062827e+01 5.875435764590282872e+01 6.049890791505191601e+01 4.120850598758109840e+01 3.961670545700978607e+01 2.366274379772695724e+01 3.649680289918178389e+00 2.277400533270513705e+01 2.915715010064151969e+01 3.738387398651531868e+01 4.869695341237641628e+01 4.125351719441250964e+01 2.125465890358415066e+01 4.125443791484826761e+01 5.299082715617142014e+01 6.127375355444761595e+01 5.478500522860128541e+01 3.481803905231564045e+01 2.069972753053426828e+01 1.467891910271780098e+01 9.053784357789222526e+00 2.679124851538488983e+01 1.579638459829941866e+01 3.713586994271665986e+01 5.141736782139709305e+01 6.804003610916598177e+01 4.804529606512748074e+01 3.391581308031871345e+01 2.237315182135098723e+01 2.954608790320915901e+01 9.552030963857399470e+00 2.806063316518133277e+01 3.481896504195928088e+01 5.369702618600219068e+01
2.878240454993829189e+01 4.878240454987271590e+01 6.077853763573828871e+01 6.896142693121001344e+01 5.750629091205883725e+01 4.921502124787498644e+01 4.982848878923229563e+01 3.242558801804067770e+01 1.350154945046013211e+01 4.278064513535318802e+00 2.429258820024166710e+01 3.315468185144101199e+01 3.680402739487977470e+01 4.510650673870765814e+01 4.953656823681595966e+01 4.125443791484826761e+01 2.978268755072650364e+01 4.392480257163771284e+01 6.392355757158881602e+01 5.478500522860128541e+01 3.481803905231564045e+01 4.066622804562402393e+01 3.082509864244661202e+01 1.085782116347451343e+01 2.781806507865703892e+01 2.944542934634867493e+01 2.798592835973461845e+01 4.377556788373199481e+01 6.585214208057396945e+01 5.649606756236380534e+01 3.650862151775463360e+01 4.236280892562042055e+01 3.147215150677384798e+01 1.147654218632448853e+01 3.147215150677384798e+01 4.278261184851500332e+01 5.110056824599103464e+01
3.878240454993793662e+01 5.706667578906152727e+01 6.355151147678691359e+01 4.891557167308012311e+01 4.891557167308011600e+01 2.916790798728943557e+01 3.284662180900870965e+01 2.150578777546081000e+01 7.382035401338341352e+00 2.429192833662322215e+01 5.208548724322728418e+00 2.367228080872671825e+01 1.682955585339016835e+01 2.836386711533188176e+01 4.835436785177132180e+01 5.806357734434558893e+01 4.132969032278801080e+01 4.392480257163771284e+01 6.392355757158881602e+01 6.306339658456846564e+01 5.478500522860128541e+01 4.559468898998389363e+01 3.257441172790300499e+01 1.261395228961028003e+01 3.257429100841846292e+01 4.753008433355480378e+01 5.008879205368572229e+01 5.024164676061853640e+01 7.203403694573320593e+01 6.478288880243785286e+01 5.649606756236380534e+01 4.775997652473142807e+01 2.777480105833563684e+01 1.363323766837619822e+01 1.796827093789579166e+01 2.268796852430860866e+01 3.437134708217503487e+01
5.878240454980673491e+01 6.706667578450058897e+01 5.526381939685604294e+01 3.520239696948020480e+01 2.885178671439706122e+01 3.284662181017062466e+01 1.284981544144719123e+01 1.056076740840479644e+01 2.732560966725312923e+01 3.350291347045553891e+01 2.521893959320363265e+01 6.141560747136947107e+00 2.615811911409060642e+01 4.510076109567849301e+01 5.665776486987267191e+01 6.960825167189663887e+01 6.132878497934978412e+01 6.392355757158881602e+01 7.220235211705342238e+01 6.216245799295526098e+01 5.065719778582519695e+01 3.733928736756888611e+01 1.739410060996813101e+01 1.469907902764463792e+01 3.465245806104958604e+01 4.589508444786559949e+01 5.096193317954148227e+01 5.096196146631915269e+01 7.113203786115118987e+01 6.901757846924004980e+01 4.903451004423582305e+01 4.730792690785968801e+01 3.582164573301539434e+01 1.582863937716761704e+01 2.996995796269562362e+01 4.278260207688096273e+01 3.125161801252618332e+01
7.305340884326589901e+01 5.301289170018849717e+01 5.127577717619465858e+01 3.888367113888107696e+01 1.885484430804678979e+01 1.624110229458175425e+01 3.284662180517685215e+01 3.055283080797447326e+01 3.880446703572714995e+01 4.108199820228841048e+01 2.095772083963002075e+01 6.804554301306636965e+00 2.095370884477612350e+01 4.098620007499303597e+01 5.638946808864653093e+01 6.219690464139318209e+01 6.229210077937126044e+01 7.072309715160061216e+01 6.637419604968064846e+01 5.390647356022905967e+01 3.398023192723799468e+01 2.246991553304447464e+01 3.733928736756888611e+01 3.465245806104958604e+01 1.769702093291707712e+01 3.763351152695214097e+01 3.080556365660702056e+01 4.262071484757488093e+01 6.374163164161892325e+01 6.247612303569400183e+01 4.903474959607397921e+01 2.905485515531610829e+01 1.905258448200970633e+01 3.582292990124065568e+01 4.410133071488339596e+01 5.823444040995813253e+01 4.554437474759151172e+01
6.603087756553838972e+01 5.301289170018849006e+01 3.294075853711560598e+01 2.292486400075950570e+01 3.888373534003813603e+01 3.037917999552647075e+01 2.622646102118184075e+01 4.628116253751240805e+01 5.323144061712118713e+01 4.272739304962012596e+01 2.748688174891166014e+01 7.469376824853410035e+00 2.748699454969474232e+01 3.626574561049510237e+01 3.496740791813674321e+01 4.077112602922169771e+01 4.082640007271621840e+01 6.229210077937126044e+01 5.811746729059163386e+01 3.818929272275092757e+01 2.823020957997959002e+01 4.240205614691272018e+01 5.065729165635609377e+01 3.763848493562074538e+01 3.763848493562074538e+01 2.080078051422215779e+01 4.072814413089339070e+01 5.930489236097104566e+01 7.179328838663550982e+01 5.419253345459723903e+01 3.421801561081319676e+01 2.421959847814762057e+01 3.904500108715976836e+01 2.352726990608427826e+01 4.351421846105478863e+01 5.644116526242633114e+01 6.578951159455614572e+01
5.187194365988283806e+01 3.766873319797827691e+01 2.763918436605587559e+01 3.188128295699390335e+01 5.127598511091897393e+01 5.043642734949403206e+01 3.518670438334224571e+01 5.457695000410131314e+01 4.472095790390407188e+01 2.355182138370283340e+01 1.456686519904582688e+01 8.141335543208313652e+00 9.706559448373983656e+00 1.513070628546266327e+01 2.013024588378437940e+01 2.560514039586651336e+01 4.082640007271621840e+01 6.229210077937126044e+01 6.637419604968064846e+01 5.272376754893881667e+01 3.280191021830422926e+01 5.272376754893881667e+01 6.584783695365132417e+01 5.454427720304109783e+01 3.463900210012926806e+01 2.314023167788112900e+01 4.305196129116335158e+01 5.163711056593890447e+01 6.502377559600613210e+01 6.247612303569400183e+01 4.820094984335626265e+01 2.822257684268234357e+01 4.820094149565736785e+01 4.351413092537868721e+01 2.818070463869733899e+01 4.230787993527557234e+01 6.228575039014823034e+01
4.303409443379865706e+01 3.299642268343968254e+01 3.922247597813075970e+01 5.195330729048200169e+01 4.827304782405114025e+01 6.354447252672470370e+01 4.938369695413275196e+01 6.354447252670813384e+01 5.323395912287850251e+01 4.038924040933467552e+01 2.467785541597009313e+01 2.525853071486534063e+01 9.092643206996051219e+00 2.967785938948644286e+01 4.124177640489483565e+01 4.711355824677459481e+01 4.082640007271621840e+01 6.229210077937126044e+01 6.681954773920956825e+01 4.688510428296775245e+01 4.275700217821432148e+01 4.275700217821432858e+01 6.269053295040353646e+01 6.281121574104712835e+01 5.057285490361037006e+01 3.067444090843812177e+01 2.675560961698247553e+01 3.817095777348927754e+01 5.741989917913699770e+01 7.014649143896018302e+01 5.245863784329628743e+01 3.248831223944984714e+01 5.245863226988518591e+01 5.163552099068643741e+01 3.166428277043763728e+01 5.163539278320523351e+01 6.535330914769623689e+01
3.950658290994231692e+01 4.303409443379865706e+01 5.929662531691599980e+01 6.758043255237549829e+01 6.832858405037583793e+01 7.660030936890250075e+01 6.943561654866125821e+01 6.458691578485104401e+01 5.291254376754111632e+01 4.381470028006988571e+01 3.924581430466163567e+01 2.756438246794181524e+01 9.766380672000096297e+00 3.020487364409692432e+01 3.858116502604284648e+01 5.887163052561830767e+01 6.229210077937126044e+01 7.072309715160061216e+01 7.507591177971839613e+01 6.681954771316716801e+01 5.426334225505307529e+01 5.166759663135606928e+01 7.094725440091360724e+01 6.466206327058800696e+01 4.473691374420489097e+01 5.057285492432659879e+01 4.664006078634422892e+01 3.055630867433090714e+01 4.201855431194559998e+01 6.188836535630012747e+01 5.703902277287753719e+01 3.707358808267809991e+01 5.703902230131046736e+01 5.991674797635803884e+01 4.578388360198317031e+01 3.710397722836630408e+01 4.862380082281929106e+01
5.958739417349305256e+01 5.724204372704736699e+01 7.138955613494128727e+01 6.726080415774805488e+01 5.894587826561053134e+01 6.043294926825284108e+01 6.101912607591810200e+01 5.631557343811129357e+01 3.599230611218963105e+01 2.419899660197397750e+01 3.250879513082110606e+01 3.035739404634036376e+01 1.047216947389559394e+01 1.117806233866503796e+01 3.257637112248625755e+01 5.379759427068440658e+01 6.410368829902535026e+01 6.410368829902535026e+01 7.238909511689850262e+01 8.245743938550617713e+01 7.420228924113000346e+01 6.577099959719610922e+01 7.160827555503209396e+01 7.293638038228712617e+01 6.466206327058800696e+01 5.820612213634198184e+01 3.834658664865384736e+01 3.378379124982919990e+01 5.362709906899013390e+01 6.659233410290912047e+01 6.203106464941920706e+01 4.206289714325254181e+01 6.203106464941920706e+01 7.405166771542964455e+01 6.260819802838634018e+01 4.263864865210477006e+01 4.650904781501134266e+01
7.573418877507445757e+01 7.727835336708201908e+01 7.314389103375162904e+01 5.306486881830011981e+01 3.888630542346783869e+01 4.038193493477098173e+01 4.135169768960759740e+01 5.526842608318644068e+01 4.225119273457420377e+01 3.259014000429878166e+01 1.269874700909328169e+01 1.180489939930163601e+01 1.146998622577399018e+01 3.136783073071891792e+01 4.101479584480279073e+01 5.531344449617476045e+01 4.428797670290084199e+01 4.428797670290084199e+01 6.410368829902535026e+01 6.821313804969145167e+01 7.651191049637139940e+01 8.570070633975390706e+01 9.153487699535386923e+01 8.119048952443718292e+01 6.126077876450363391e+01 4.721508755426899029e+01 5.820612213634198184e+01 5.362733689330556786e+01 3.852838153369402363e+01 5.835299650612176947e+01 7.031897692729876326e+01 5.617369834796598127e+01 5.098143501615315643e+01 7.097040280428041115e+01 6.863335983150335551e+01 4.865015882938309488e+01 6.648764042500170035e+01
7.991470654684619035e+01 7.335356109588398965e+01 6.504482489099487452e+01 6.044480235573322346e+01 4.038317618864601855e+01 2.622528067532860163e+01 2.727761421474504644e+01 3.632418768062937176e+01 3.394585977825499867e+01 1.392889710351356314e+01 3.259014000429934299e+01 3.164853660340575559e+01 3.144543411364399788e+01 1.284475171681640759e+01 2.698056488963571198e+01 4.017744229980550585e+01 3.026302167701230417e+01 5.009186425536884002e+01 6.219687054185337871e+01 4.796018183816566705e+01 6.419278062742097291e+01 7.250181047109134624e+01 8.411363224287912033e+01 8.119048952443718292e+01 6.126077876450363391e+01 6.126077876450363391e+01 7.536329991424071295e+01 6.379747677670623318e+01 4.402246509773091532e+01 4.495512629056106135e+01 6.478745292952680757e+01 7.617199781417471627e+01 5.803739767683620698e+01 7.804369818062178865e+01 7.530045018784356614e+01 5.529917911882273529e+01 7.530045018784356614e+01
