LEM/with_lateral_4open/elevation_000213.asc
nrows	100
cellsize	150.0
xllcorner	0
ncols	100
yllcorner	0
NODATA_value	-9999
[rows 51 to 67 of 100, columns 0 to 36 of 100]
6.455108993161302877e-02 1.420667746557124111e+01 3.420537434186469028e+01 4.525186390279458948e+01 5.339417219257068581e+01 5.724326920541999897e+01 6.240467071299060109e+01 4.826806531349274820e+01 4.895843841855247547e+01 5.114576417588126844e+01 7.113935314951730504e+01 7.589854931717377440e+01 6.764389980124815338e+01 7.589854931717377440e+01 6.555154144085636858e+01 4.571549584418995948e+01 6.555154144085636858e+01 5.365522075871472651e+01 7.020017472857691132e+01 8.114898517059351946e+01 7.271135052427086976e+01 5.052484558393519620e+01 6.325103485350181387e+01 7.203667502315266802e+01 5.763911712660849673e+01 3.806459615805140118e+01 5.181956847813149380e+01 7.155722056679434218e+01 7.379942367823755944e+01 5.405782175816961654e+01 4.031015273921897801e+01 5.110550496405849685e+01 3.403909456159323099e+01 3.962899055993449338e+01 4.622137028202285336e+01 5.559196611816994960e+01 6.921548287015747292e+01
3.995603441288197999e-02 1.418211636116832430e+01 3.418481794022552833e+01 4.480218687043601733e+01 5.302686458157346294e+01 6.308312297647373157e+01 7.133613005220361458e+01 6.826267822358056492e+01 6.895281629196648510e+01 7.113935314951730504e+01 7.882122066643414371e+01 6.594743190324169291e+01 4.775253890207404339e+01 6.594743190324169291e+01 5.853844026419222502e+01 3.868358775055292398e+01 5.853844026419222502e+01 4.218209684572780560e+01 5.315414161264489934e+01 7.277300268408289696e+01 7.868944986696523358e+01 5.685623397338087415e+01 4.101651301013132667e+01 5.539378112592089565e+01 5.412343485662756137e+01 3.468173424869229393e+01 4.357554732047761803e+01 5.756676576252171884e+01 5.773139719995909758e+01 5.700340218936687364e+01 4.883292696926737619e+01 3.162249583932990404e+01 4.535971635736524377e+01 5.912585892672392163e+01 5.993439594479337984e+01 7.367082485296454308e+01 8.162368013403607847e+01
4.804567899273937126e-02 2.004804567899238421e+01 2.851443532075403908e+01 2.485079871904235915e+01 4.173335717735700712e+01 4.318612711954932593e+01 5.984393947825717675e+01 7.133612714446606162e+01 6.845189655810891338e+01 6.031913446918169086e+01 6.845184476075816349e+01 5.068139533327193647e+01 3.785164992137574558e+01 5.769821935166104510e+01 5.255197698641161708e+01 3.251526870742834063e+01 4.497881307603107359e+01 3.313026356403217676e+01 4.476817718992026585e+01 6.460730001387135246e+01 5.998617496974729590e+01 6.626044636943031207e+01 5.539378112592089565e+01 3.359811025647250915e+01 4.832560922041314200e+01 4.933721385137880588e+01 3.010484727891326884e+01 4.524869261620968786e+01 3.798435111978027123e+01 4.880548174455233124e+01 2.929672425569540550e+01 4.883292696926737619e+01 5.924640449363594996e+01 7.297991726081833974e+01 8.131812603872167244e+01 8.836427064138861454e+01 7.240470378753704495e+01
9.707512844716031930e-02 4.267363251563514481e+00 8.531374892837572332e+00 1.353132720547575474e+01 3.349586835658447370e+01 3.168006769654159527e+01 4.318612711954931882e+01 6.308312296277348707e+01 5.855309945438459351e+01 4.045406057844716941e+01 5.855308933228402424e+01 5.068139701011642728e+01 3.081717943981055896e+01 5.068139743793892649e+01 6.073907513622960153e+01 4.497881307603107359e+01 2.416729252103206704e+01 4.497881307603107359e+01 6.134008055156986217e+01 5.619465056947354498e+01 4.096931743274750204e+01 4.201706553865950866e+01 3.920423272356038069e+01 4.287574562005442402e+01 2.702942013186169135e+01 4.690831258032184792e+01 4.360902158264988770e+01 2.572946874735213996e+01 2.392910298524885349e+01 4.371920462376103700e+01 2.764853275668245658e+01 3.754931537743975412e+01 5.213529576194787296e+01 7.449218196069857356e+01 7.766636527183486294e+01 7.618753733146151319e+01 5.836904581372139234e+01
5.001202446392439237e-03 2.000500120244603863e+01 2.851443532075403908e+01 3.311452284037242322e+01 2.169417891769802154e+01 3.580617081777191402e+01 5.571669174915726330e+01 6.076680079327115180e+01 5.038659646226233946e+01 3.046373671005181194e+01 5.038659646226208366e+01 4.517205472364744168e+01 2.521023319690851139e+01 4.517205472364743457e+01 6.003623029151127355e+01 4.117915880543306173e+01 1.955175115990728685e+01 4.117915901727302241e+01 5.849521060491084512e+01 4.763422110347507044e+01 2.817710206679636187e+01 3.489784512103360470e+01 1.700184412742045836e+01 2.093548722300201703e+01 4.174961296705303226e+01 4.163002463100301753e+01 4.112870299298548815e+01 2.253857650683510627e+01 4.237706973364669949e+01 2.532452357252669017e+01 4.503402982493511786e+01 5.482943290827030580e+01 6.653445979542271971e+01 6.984685425657757207e+01 6.217585595926699682e+01 6.315598525118668505e+01 4.980582540820930149e+01
5.279685921607564503e-02 1.419493248294715038e+01 3.419493248294785559e+01 4.608822914896646239e+01 4.163782738161799557e+01 4.184984774358826343e+01 4.963430114007216076e+01 4.088395164771723245e+01 4.374561426282476617e+01 2.373155797628555774e+01 4.374560198528298116e+01 4.018159739299701982e+01 2.001268688803862972e+01 4.018159845892589033e+01 4.440744979281740967e+01 3.138098973337563891e+01 1.520894040279922521e+01 3.741430257080428134e+01 5.050359151181267947e+01 3.099633099903039124e+01 3.328981916887673265e+01 1.598118893416315878e+01 3.268997725819760802e+01 1.805891389635810640e+01 3.793135121033214574e+01 3.989686174365137106e+01 2.122346622990715304e+01 4.114860806567311613e+01 4.239997238796730272e+01 4.503429245701313732e+01 2.704863631615353015e+01 4.585765051492914068e+01 5.191953953573982972e+01 5.222609879278284239e+01 6.209119724089696746e+01 4.440855583039500232e+01 3.670177580673389173e+01
5.738623160518319517e-05 1.538521995545546694e+01 3.709522062587009117e+01 2.778261280772350261e+01 2.870102009880995197e+01 2.327970374459829728e+01 4.178871313648760832e+01 2.670230989414589828e+01 3.037391092550216598e+01 1.787234851377810330e+01 3.796762301179108334e+01 3.555164898481990576e+01 1.507733886334320950e+01 2.940080068523034384e+01 2.422036949707110765e+01 3.064506359722442497e+01 1.158466037372381230e+01 3.196120300906490996e+01 3.291093916822051568e+01 3.365574090584537004e+01 1.495867941663212974e+01 3.471551981862580050e+01 3.995319399116419135e+01 3.068542616625625641e+01 1.914941316947017214e+01 1.994054901084428266e+01 3.986582482034368979e+01 4.928908257738057586e+01 6.200335486505962024e+01 5.480249583784824807e+01 4.650954555495225407e+01 2.876455031808227858e+01 3.742537084712811435e+01 5.036458224358111124e+01 5.242469292139196568e+01 3.483831491697548444e+01 4.850558852029519130e+01
4.532054705376769438e-02 2.003945568674931721e+01 2.394116579720313354e+01 1.885712986330916863e+01 1.082241902374988030e+01 2.851428041639759670e+01 2.861253716614394804e+01 2.911792216225580532e+01 1.022661015556545472e+01 2.648052314681724440e+01 2.713953646892453619e+01 2.779562351436758405e+01 1.084715590818209918e+01 9.293726462461643578e+00 9.960205241115058783e+00 1.063345684344833408e+01 1.678747899118322096e+01 1.255442802295218385e+01 1.323798082949438459e+01 1.391743833092283822e+01 3.365919376817826247e+01 4.293248387885092399e+01 5.412179290971772616e+01 4.638248404027660143e+01 3.905362440868523066e+01 2.762740565211252175e+01 2.269081195354990754e+01 4.770025875558699369e+01 6.198507449548409198e+01 6.455911167437419351e+01 4.474964369690109578e+01 4.576100926555638182e+01 3.048246436118879998e+01 3.169116003732409581e+01 3.299820328670586633e+01 5.231183402942753702e+01 6.237169135956498423e+01
9.001595176218035732e-02 2.008989305191226293e+01 1.518793245417857429e+00 2.125411148704987152e+00 1.552139571666457663e+01 2.216077143961801710e+01 1.461953649500868657e+01 2.064872190714678979e+01 5.744234711233063173e+00 6.394147375103364617e+00 7.045091902943959816e+00 7.697419906840063497e+00 8.351164897183940283e+00 2.845320625961938177e+01 3.005074874740713042e+01 1.225017571103731306e+01 3.171148465667003791e+01 2.703533638484988089e+01 1.576744471791060498e+01 1.772818836068631043e+01 1.584929508582581370e+01 4.367671306461173231e+01 5.679833066414382614e+01 5.555105083469364047e+01 3.901303815646185313e+01 4.251117838586631592e+01 2.465972683168632429e+01 3.434619692688207948e+01 4.801182684246037269e+01 6.769182311242427375e+01 6.457809400921975396e+01 6.041692070239990642e+01 5.411077286463451230e+01 5.113632034628086842e+01 3.598632726441593377e+01 5.517923895324639005e+01 6.745092065205933807e+01
5.674351268809080251e-02 6.616941167069939622e-01 1.421277881476994231e+01 2.182732100107802609e+01 2.988474852697939443e+00 3.603059936535320862e+00 4.218517391350450119e+00 4.835143807070958921e+00 2.495040997636202107e+01 2.649373175543883008e+01 2.128185052665662980e+01 2.780759349983799567e+01 1.319960878045588792e+01 3.274916113327019218e+01 4.041932494610496462e+01 1.884507191599570319e+01 4.044165013675043241e+01 4.601281882382850341e+01 4.211285646468667210e+01 3.494296978670742249e+01 1.713824997382697291e+01 2.855412402483662504e+01 4.857888533835075862e+01 6.335491391537684791e+01 5.100918619357906181e+01 3.576745589315599716e+01 2.665148257611881988e+01 4.597701794197880076e+01 5.694290830355728872e+01 6.150389567904885979e+01 6.974999374638338168e+01 7.966293513259475390e+01 6.655267505675394091e+01 4.707785189197080200e+01 5.530882972207691495e+01 4.079512568118409632e+01 4.804691703842868122e+01
9.518805923843161321e-02 2.009503101667453606e+01 1.733898465886352369e+01 1.070062858336287626e+01 2.490020240501669235e+01 2.468283808937267665e+01 2.769817374125513609e+01 2.544748014689347571e+01 7.998961125517052295e+00 2.869081540889265014e+01 4.131644011711464515e+01 4.118086218618783789e+01 3.275712750966464171e+01 2.320458546771076769e+01 4.371625483050384275e+01 4.048847273029373639e+01 2.854474817486013194e+01 4.872842375370113643e+01 4.037405300212489578e+01 1.926299139958602780e+01 3.569351347170620414e+01 2.699303210301474820e+01 4.108403181742063026e+01 6.069129335439384931e+01 6.335893909120420631e+01 5.257278709448291920e+01 4.597701794268031961e+01 2.946080241139342704e+01 4.875991844881993131e+01 4.189515769697941749e+01 5.162490282981549683e+01 7.138289945186029684e+01 7.486910435771150674e+01 5.820638883666818231e+01 6.408369790591835624e+01 4.470919729558764999e+01 6.408492351019563671e+01
9.062254805971975413e-02 2.009061684873047327e+01 3.350289933729583680e+01 2.972344490680955786e+01 1.881336041531753622e+01 3.782291340665474877e+01 4.314358064063937093e+01 2.218520802968064487e+01 1.026704311293881489e+01 3.104325857114588061e+01 4.310866332951047752e+01 5.779433674450745428e+01 5.209739855954810395e+01 3.783029890918579952e+01 4.372741441518152072e+01 5.501834248302915142e+01 3.512787300105109267e+01 5.501834248302915142e+01 4.874010421597381537e+01 3.907261423810044221e+01 2.171975612239060993e+01 4.177542812586451504e+01 3.962008488685747665e+01 5.095148939043275504e+01 7.053392468316224040e+01 6.114680314535745964e+01 4.156617989894078136e+01 4.876292965246621947e+01 3.232998731580440932e+01 5.169963310258528111e+01 6.974999374638338168e+01 7.966293513259475390e+01 8.636675232807199620e+01 7.795412030226538036e+01 6.995589125730070634e+01 5.048404194673219081e+01 5.327988894389096686e+01
3.063233560239582431e-02 1.417276797037580138e+01 3.417278160520498886e+01 4.421442613219778650e+01 2.503988795577155457e+01 4.421442613187278425e+01 5.163517665241854360e+01 3.961227700771839011e+01 3.104325857114588061e+01 1.364759027450975992e+01 2.842298991451347590e+01 4.737553316572135742e+01 6.202257291205690137e+01 5.796431064863699589e+01 6.386365287326285056e+01 6.328015817364918405e+01 4.403167808785831028e+01 6.328015817364918405e+01 5.732758882299151537e+01 3.779717314268950190e+01 2.357858120650805489e+01 3.759345098758006287e+01 5.601418668869270334e+01 6.739968299693482834e+01 7.874725802352287474e+01 6.114680314535745254e+01 6.114680314535455352e+01 5.391591980979021770e+01 3.446712787159944469e+01 5.391591980979553256e+01 6.730315521001325862e+01 7.390078058648586534e+01 8.219342585151760261e+01 9.217606866368691954e+01 7.650028850720184437e+01 5.686724440185437857e+01 7.282635048244024745e+01
5.666595628964066211e-02 2.005666595628928661e+01 3.375883454465490274e+01 4.204310579213182564e+01 4.421442613219778650e+01 3.703253998525646296e+01 5.657272293694044407e+01 5.413578005708044572e+01 3.326556068096769536e+01 1.833975515941841650e+01 1.781379177417643689e+01 3.272849341938570689e+01 5.129816865861803876e+01 5.966352853399145317e+01 6.986987469504433079e+01 7.218210469068056057e+01 5.807135076662046203e+01 7.218210469068056057e+01 5.791816024841246247e+01 3.937821033281280592e+01 2.551118557177933255e+01 4.528087015183510999e+01 4.461752946948105603e+01 5.898996838434767653e+01 7.984014121713730106e+01 8.099594243826869899e+01 6.779973379445252135e+01 4.808517878877695040e+01 3.687812338212060581e+01 4.198726862807595239e+01 4.759623316887184075e+01 5.410790179050400894e+01 6.394010725303994036e+01 8.386142045857539529e+01 8.482180436606705598e+01 6.549998797279292262e+01 8.482182301300262850e+01
2.110006612196471329e-02 6.687766732788659851e+00 1.375883454465419753e+01 2.790097016838539901e+01 4.790097016838610244e+01 5.079948346583631036e+01 6.472895591665026416e+01 4.706687672312069992e+01 2.601085974959670821e+01 3.937830641138020127e+01 3.884463453926853305e+01 2.229387595159452928e+01 3.033353766932905771e+01 4.100196836857317351e+01 5.570350235372549008e+01 7.581617897629155323e+01 7.799461818549731618e+01 6.860921094397313880e+01 4.762213997019723166e+01 3.371265678761121620e+01 4.337063720180193371e+01 2.836097154840252799e+01 4.367806427631473554e+01 6.663037834899037648e+01 7.287491303035726276e+01 8.108630955001147811e+01 7.606933828032116196e+01 5.901472651369655864e+01 3.940503359123621152e+01 5.322269405996824787e+01 6.730315521001325862e+01 7.390078058648586534e+01 8.219342585151760261e+01 9.217606866368691954e+01 9.375827815209949279e+01 7.949371093082440609e+01 9.375852781796348268e+01
9.367352646185668485e-02 2.009367352646150096e+01 3.375883454465490274e+01 3.375883454465490985e+01 5.375883454465561329e+01 7.051055596690774507e+01 6.736709290795737104e+01 4.687663414949430063e+01 3.192530474158006015e+01 5.287815057039588140e+01 5.188870179444980124e+01 4.339553546923006166e+01 2.750605772361065959e+01 4.254258362549495587e+01 6.316900277294993771e+01 8.012724805727548016e+01 8.154509697792906309e+01 6.246525147937131095e+01 4.922924014337899479e+01 4.157290320874128753e+01 4.952111162422321655e+01 3.036338576712379478e+01 4.827665381599609162e+01 5.906055010049848875e+01 5.339459732749743637e+01 7.287491304562801986e+01 7.571780893759994058e+01 5.591288287429501480e+01 4.206416135155301106e+01 6.171359333179403706e+01 8.128183809534591830e+01 8.943706288871698007e+01 9.773796829368713190e+01 9.944439034449503367e+01 1.077179399893594933e+02 9.965848325215729631e+01 9.775583537962275216e+01
3.648181865326004941e-02 2.003648181865290567e+01 2.235698754573954616e+01 3.390325631058029643e+01 4.804098096529133954e+01 6.801320131715533535e+01 7.326030648366611331e+01 5.287815057039588851e+01 4.001076117523980713e+01 6.069670086329073655e+01 6.464747508283059574e+01 4.409563377591815936e+01 3.179216267124522233e+01 4.098709215314563892e+01 5.148553175517830738e+01 6.594604783698012795e+01 8.602467585145160456e+01 7.232942034493039785e+01 5.448563904194422491e+01 5.971196158357913930e+01 5.793624394126053545e+01 4.983045698644291832e+01 3.316507300303002381e+01 3.964245075783824035e+01 5.087827473960361147e+01 7.033167636568555281e+01 7.855110784304139315e+01 5.871221594745346550e+01 4.485608492335602193e+01 6.452292978373976950e+01 7.314197586298442388e+01 6.947699193777387450e+01 8.530598112840638692e+01 7.944966028072177266e+01 9.944439034449503367e+01 1.008972524061692724e+02 8.943113213209585410e+01
