LEM/with_lateral_4open/elevation_000459.asc
nrows	100
cellsize	150.0
xllcorner	0
ncols	100
yllcorner	0
NODATA_value	-9999
[rows 51 to 67 of 100, columns 0 to 36 of 100]
6.455108993161302877e-02 1.981114830769926272e+01 3.124125873998440284e+01 3.795111074856011868e+01 3.012149895825596602e+01 9.879681915917407409e+00 2.879881289036418224e+01 3.723628146423052243e+01 3.668822285296523233e+01 3.941217901094012888e+01 2.102608461068440704e+01 2.019366767969400556e+01 3.340266681756045841e+01 5.302784714651667031e+01 4.735708033326413613e+01 3.334169079279789827e+01 1.331254442038854080e+01 3.334923403870483583e+01 4.545497554841004018e+01 5.330711448991640111e+01 6.642936380275661179e+01 7.496603787885869963e+01 7.821343754834745710e+01 6.138558833015148508e+01 7.821343754834745710e+01 7.405958604903219111e+01 6.574129225409834021e+01 5.319689649386104691e+01 7.336358095604678908e+01 8.466033582751377651e+01 9.291198365501696799e+01 8.582207308613429575e+01 6.570945053192737362e+01 5.138420987333579859e+01 6.486160415151799441e+01 6.884973767833815828e+01 6.051292165989808325e+01
3.995603441288197999e-02 1.955466365634098125e+01 1.267236607917284807e+01 2.138913037338753043e+01 2.166125329296498947e+01 6.732479405416024854e+00 1.902522899026929082e+01 1.927621089586966363e+01 2.555192442492944238e+01 2.593707310604561656e+01 1.131525637123047900e+01 2.431512495212361458e+01 4.221722325082104987e+01 5.322312972070748316e+01 4.489530104951435874e+01 3.256895460937857223e+01 1.253075615373460039e+01 2.953848686196110052e+01 3.854562785268299763e+01 5.987517273625663705e+01 6.674932074696607742e+01 6.781326332915129740e+01 7.721284487284974318e+01 8.151453385299936372e+01 8.982293620260129785e+01 9.343612610361414283e+01 7.336358095604599328e+01 6.035321953011981577e+01 7.336358095604678908e+01 9.343612610363911131e+01 9.401385410444990498e+01 7.394817052495984910e+01 5.967828890769415295e+01 7.160030129060905324e+01 7.991263539759033563e+01 7.809748233356167191e+01 5.797117162793643530e+01
4.804567899273937126e-02 6.290596240884649415e-01 1.210375846137835110e+00 1.792994833911833119e+00 2.376659424593500436e+00 1.411095318986630964e+01 2.254365698093380743e+01 2.435356626098157662e+01 5.288548764130734270e+00 5.909306535587223408e+00 6.530968605197184473e+00 2.655764235668632267e+01 3.576764871775419863e+01 4.489537589608776358e+01 2.481377305293529290e+01 3.069537273237823882e+01 1.175181463699059847e+01 1.929570359778042032e+01 4.137175952358208519e+01 5.792509285999651780e+01 4.624044969345705169e+01 4.635320958029471683e+01 6.793419764686557016e+01 8.310214784620571038e+01 7.477726836484143291e+01 8.310214784602871418e+01 8.877430138837380014e+01 7.460376921281415719e+01 7.460376921281415719e+01 9.466368971168803625e+01 9.401385410444990498e+01 7.394817052495984910e+01 6.978494769283652488e+01 8.812428802002685302e+01 8.778830156884845337e+01 7.126559494865246336e+01 5.104025590137008805e+01
9.707512844716031930e-02 2.009706795520231992e+01 2.192294830916729254e+01 1.613778215357932666e+01 2.017611985091935978e+01 3.218783089430420574e+00 3.815588670737359855e+00 4.413197747655719816e+00 6.787082621061868437e+00 2.588431189551964451e+01 2.655705668884938575e+01 7.418750819045182965e+00 2.744656968143656073e+01 2.896774132072324903e+01 2.960575017889673077e+01 1.065723845485435461e+01 2.714071188751925234e+01 3.793324712509845398e+01 4.552677424112004445e+01 4.248303323194454606e+01 3.205383249279964986e+01 5.242384473929266164e+01 7.041936654068642554e+01 7.307864451182481957e+01 5.475139913055918583e+01 7.307864451182481957e+01 8.556446619288099953e+01 9.466368971168803625e+01 9.466368971168803625e+01 1.029448335696484662e+02 1.023004055150937859e+02 9.401385410444990498e+01 8.139741328807703269e+01 9.367766568982189312e+01 7.361507540695123453e+01 5.934256035898071957e+01 7.126559494865246336e+01
5.001202446392439237e-03 1.408615997196171854e+01 3.322939765651632626e+01 3.752476853648024502e+01 3.562344170267110854e+01 1.694848075015110211e+01 2.279679439893241621e+01 1.516850285332589365e+01 2.668664912901766328e+01 1.019042011890695854e+01 3.010456027566920056e+01 2.459916892905858887e+01 8.308287873421123848e+00 8.938373441752759163e+00 9.569429920389119104e+00 2.705476075677790249e+01 3.205098068545195389e+01 3.341323625195184377e+01 3.455442401393514729e+01 2.268936417620536261e+01 4.247516625224985631e+01 4.358779532362660092e+01 6.265812419332815608e+01 6.374175916873058156e+01 4.489171799307037247e+01 5.725319100668671268e+01 7.701505708683086482e+01 8.641745297584921559e+01 8.383391934088986375e+01 9.209071171292853819e+01 1.035903723230894968e+02 1.097150214026029147e+02 1.014333550012010647e+02 9.107975479497007143e+01 7.100791390261362324e+01 7.949127205263671669e+01 8.778830156884845337e+01
5.279685921607564503e-02 2.005279685921572153e+01 3.399091267084085644e+01 4.221507696784887997e+01 5.007055294852268901e+01 4.187276177155841594e+01 4.112283504216787833e+01 3.422620027487565153e+01 3.256915003727329605e+01 1.263124152251897847e+01 3.257112249142720373e+01 3.592030684055549727e+01 2.793202277289389457e+01 2.075657446769459469e+01 1.452986003867738951e+01 1.115018931768192623e+01 1.227016380791144634e+01 1.339272227367744073e+01 1.456859444748794985e+01 3.355945544626888477e+01 2.749809213834210553e+01 4.561593107756439025e+01 5.788647796581335569e+01 4.370791560276101251e+01 3.740655180576209204e+01 4.875131568701224438e+01 6.868185825869265670e+01 6.654121787565919988e+01 6.396541385817142356e+01 7.542207161301271867e+01 9.532471702993625229e+01 9.169355213508727331e+01 9.995766350963796754e+01 9.936505659576886273e+01 8.521561377828078321e+01 9.936505659576886273e+01 8.934888967665111181e+01
5.738623160518319517e-05 7.030878539896994184e+00 1.443285279559044731e+01 2.527429594196181739e+01 3.856496534045093938e+01 5.805356488949160365e+01 5.588308641943540778e+01 3.661606002768451873e+01 2.267961533419989451e+01 1.512744232693446378e+01 3.508146807057546823e+01 4.720690074445531081e+01 4.626324950523762425e+01 3.294879722764131458e+01 2.911235658913118485e+01 3.240638105995137153e+01 3.228715911358509061e+01 1.714878236030636671e+01 3.459906568051820130e+01 1.627639306106316042e+01 1.749245289162150030e+01 3.755493682546246959e+01 4.332846315073278731e+01 2.954808609667302122e+01 3.764864044682640554e+01 5.961581021343656062e+01 7.236283235204680864e+01 5.250401145459088070e+01 7.236283235204680864e+01 8.609437806257950854e+01 8.846306492045385994e+01 7.180176216802129829e+01 8.846306492045385994e+01 1.008582510201333662e+02 1.052370435691296677e+02 1.051989607537367277e+02 8.519519060121223220e+01
4.532054705376769438e-02 2.004532054705341082e+01 3.399091267084085644e+01 3.937507339384085014e+01 4.765934464130246084e+01 5.920635002509477118e+01 5.647245835446226181e+01 3.668883589836752179e+01 3.242856479523195645e+01 3.506384182162684482e+01 1.905040142397256631e+01 3.321232973080407191e+01 5.304978438847078337e+01 5.406695121785561753e+01 5.028520677140366502e+01 4.287693067607823849e+01 2.280291879727760929e+01 3.131467231007994556e+01 4.475157394273593070e+01 3.683562522114474547e+01 3.755493682863126992e+01 1.924878751170732372e+01 2.334600794115600664e+01 4.332846315085208744e+01 5.627343620224988285e+01 6.544997894591892873e+01 5.912361018589207617e+01 4.651595111007404881e+01 5.797989166503050029e+01 7.784333953804465978e+01 8.020901808313092829e+01 6.032410994191439357e+01 7.269322982071271610e+01 8.984114122231568444e+01 1.013381969989124514e+02 9.935010146447562818e+01 7.933203454746640659e+01
9.001595176218035732e-02 2.009001595176182420e+01 2.782806801004889508e+01 1.937507339384156424e+01 3.092207877763387458e+01 5.092207877763316048e+01 6.493301652261143886e+01 5.627039362390822674e+01 4.697279215107618455e+01 4.176049966606824171e+01 2.194559116766121676e+01 4.192622895165303731e+01 5.478591407775604694e+01 6.618001662971830967e+01 5.867531206474120609e+01 3.856511276044201963e+01 2.698092238758168193e+01 4.706426461851467025e+01 5.971336941363043138e+01 5.573307059993404522e+01 3.563406999258704388e+01 3.932228028124049501e+01 2.112275371143818958e+01 3.530866665480588296e+01 5.540798171119638482e+01 5.912361014804097437e+01 3.926419371888957954e+01 5.912361018589207617e+01 7.036507600080048519e+01 6.212712185020947686e+01 6.541402808497609556e+01 5.275826427569894150e+01 6.170139942594954618e+01 7.317627680193265860e+01 9.307343985301615419e+01 1.051711727250144151e+02 8.518673843606256924e+01
5.674351268809080251e-02 3.905745307285588108e+00 7.828068010049252123e+00 2.782806801004889508e+01 4.318340706937556206e+01 5.411678663757312790e+01 6.239907153503451553e+01 7.116092210107093763e+01 5.002419038290585718e+01 3.231384699901985869e+01 4.188322670602624953e+01 2.668709985496385784e+01 3.826716112626110800e+01 5.804534000714375708e+01 6.699257709858218846e+01 5.180174043403756201e+01 3.170414782267554088e+01 5.180174043403756201e+01 6.869760606205413467e+01 6.405386561328327844e+01 5.250846898997031786e+01 3.248260027350214330e+01 2.245941528074260063e+01 4.252682634204858658e+01 4.674081653582544504e+01 4.853325187581931033e+01 3.469831188016818402e+01 5.461839042550423073e+01 5.764853245681401717e+01 4.212413039176942675e+01 4.542055799953407558e+01 5.003430234713468394e+01 6.999282786322402217e+01 8.453678008589048432e+01 9.279603740976551762e+01 1.027547392641905475e+02 9.821091776576213306e+01
9.518805923843161321e-02 2.009518805923807605e+01 2.782806801004889508e+01 1.489913582191466546e+01 3.489913582191395136e+01 3.411760978714374204e+01 4.566455950545363862e+01 6.566274361860443776e+01 6.060932964134214274e+01 4.256195252918976024e+01 4.661468095735219208e+01 4.662659463869347576e+01 3.206293527228354634e+01 4.617740769476558427e+01 6.584728810312921610e+01 6.012389545227411247e+01 4.329847840959600092e+01 4.026074804878890490e+01 6.038112693976363943e+01 7.199256013128224652e+01 5.242072514882893586e+01 4.511179480627228600e+01 2.456573901664618376e+01 2.496057539122741531e+01 2.674078141331015956e+01 2.853976477035062231e+01 4.853325188057576156e+01 5.343728987732272628e+01 3.765127494860710300e+01 5.180963658381777748e+01 6.541402808497609556e+01 6.999282786322402217e+01 5.713105106630978725e+01 6.466821187349297873e+01 7.458727681187460234e+01 9.448628335990640892e+01 1.065299369843787645e+02
9.062254805971975413e-02 1.423275817179079539e+01 3.423275817179150238e+01 2.904059137124149004e+01 2.342716443564476236e+01 4.342677695302921848e+01 6.239907153503451553e+01 7.394417705433829724e+01 7.044075821400451787e+01 5.663280898839245481e+01 6.625335189996874874e+01 5.590246085403796883e+01 3.608306798997649878e+01 5.015855725903288231e+01 6.976947081406278528e+01 7.173171615362760178e+01 6.341741237446026247e+01 4.737151762985560310e+01 6.749631853467832343e+01 7.279435931950777672e+01 6.083579960159805466e+01 4.682084779214723369e+01 2.669238881692951892e+01 4.496943866027014991e+01 4.674095471943194724e+01 4.853325187349202707e+01 3.138185129305911758e+01 3.344211142409011472e+01 5.343729219285328469e+01 6.591427569857584956e+01 8.001891656109351914e+01 8.527855982463589157e+01 7.120143643271389067e+01 6.971844213657423950e+01 8.960372316368317058e+01 1.027547392641905475e+02 1.165505469744827280e+02
3.063233560239582431e-02 1.417276795933322120e+01 3.417276795933251066e+01 4.901222298744931294e+01 4.342677590546153965e+01 5.170968374956251523e+01 6.475142418438740322e+01 6.475142418438740322e+01 7.303737276093066555e+01 7.616209438508347773e+01 7.403588130365534425e+01 5.448473228016092662e+01 4.046632301623073147e+01 6.021113124986958098e+01 7.549609511142988083e+01 8.389785182791443674e+01 6.381015804406506220e+01 6.161121125903191853e+01 7.580781815184805339e+01 6.431348157155336764e+01 4.384909177936086877e+01 3.224220794085518804e+01 4.681342967051036652e+01 3.034662963894967191e+01 5.050455037181862394e+01 5.964007710716179389e+01 4.292990646368070884e+01 5.343729219285327048e+01 3.765127494860710300e+01 5.765430017709536514e+01 6.960611572831416538e+01 8.049719047781519521e+01 9.109172533366781010e+01 8.960372316368317058e+01 8.960372316368317058e+01 1.095461254496981951e+02 1.087377322229838512e+02
5.666595628964066211e-02 2.005666595628928661e+01 3.919996837043797200e+01 4.748423961727816334e+01 5.903124500064103586e+01 5.889423355212379363e+01 4.475109434425831978e+01 4.475109434425831978e+01 6.475142418438740322e+01 6.616710724202917504e+01 7.445498016533019836e+01 6.833642549617528061e+01 6.021113124986958098e+01 4.776681392720171004e+01 6.736874415364718516e+01 8.470869980728951987e+01 8.389785182791443674e+01 8.170422433556436204e+01 8.391502016959790922e+01 7.119393116997696325e+01 5.087798823400657255e+01 3.660769216051346575e+01 5.314791748016295259e+01 3.297177319607175150e+01 4.720473635255387279e+01 6.750176677128767722e+01 5.707171268891614346e+01 6.591427745549097494e+01 4.766879284505153436e+01 4.224070549918989315e+01 5.316088620100288153e+01 7.138789689269876249e+01 8.011300197314872662e+01 8.832012748314724604e+01 9.819887088422457566e+01 1.053132524548584570e+02 9.701740948250667884e+01
2.110006612196471329e-02 2.002110006612160831e+01 1.919996837043868254e+01 3.074697375423099288e+01 5.074697375423028234e+01 5.060905532846423682e+01 3.060895441092887381e+01 5.060905532846445709e+01 6.290628165610735323e+01 4.616656248874400603e+01 6.169149931142184329e+01 6.998441256434020374e+01 7.549609511142988083e+01 6.165822729981750427e+01 5.707088571971074487e+01 7.083291046003105862e+01 9.036058584942131233e+01 9.219997084728052528e+01 7.554818514970200738e+01 5.518980314798024267e+01 4.349489942346119875e+01 5.683164235948471088e+01 5.589955519035401466e+01 3.569117221223219616e+01 4.994857475078436693e+01 7.026671569151483254e+01 7.700858113236621705e+01 6.763980750913917461e+01 6.763980750913917461e+01 5.640520805097276735e+01 4.734018653812512412e+01 5.369926217465275897e+01 6.037211019394474221e+01 7.025756509021006480e+01 8.996843885608738844e+01 9.701740948250667884e+01 7.695892380603432059e+01
9.367352646185668485e-02 7.652962986646368648e+00 2.494170572714777023e+01 2.746147228054355693e+01 3.574586320809085294e+01 4.428446809520058025e+01 2.428439909058344170e+01 4.251096957590255698e+01 4.677501838659230060e+01 3.461955613186199798e+01 4.169062394806832117e+01 5.323763442214552555e+01 7.324056290592183416e+01 8.115515139032302727e+01 7.083291046003105862e+01 7.296416030001644515e+01 9.251842189851093678e+01 8.386013823157253455e+01 6.350009569543431098e+01 5.174756726759170533e+01 6.379426804169292353e+01 6.892960605181028200e+01 4.859555809580847807e+01 3.851839035088723762e+01 5.016721440571142665e+01 6.454790801112298482e+01 8.488352091716964765e+01 8.755861038135982710e+01 8.459130745313532884e+01 6.598392645854491434e+01 5.184025894738600471e+01 7.180491660297576573e+01 8.011300197314872662e+01 8.832012748314724604e+01 9.819887088422457566e+01 9.701737271587582256e+01 7.695892374208951026e+01
3.648181865326004941e-02 2.479870705779369633e+00 4.941700525366035102e+00 7.461463678760894780e+00 2.746147228054321943e+01 3.392261249096343789e+01 1.851089639868708403e+01 2.251089639868715508e+01 2.677491072579944031e+01 4.677501838659230060e+01 6.169149931142184329e+01 6.998441256434020374e+01 8.154295544275134944e+01 9.104912124404280860e+01 9.036058584942131233e+01 9.251842189851093678e+01 9.819393268802711816e+01 7.792288616744093588e+01 6.350009569543431098e+01 7.210526219262095537e+01 8.048329588001239188e+01 6.892960635526233659e+01 6.189252624294621796e+01 4.160816548715367702e+01 6.189252624294545058e+01 7.453336558529444744e+01 8.291583035149227499e+01 9.306969592202516139e+01 9.410125206227641570e+01 7.755069352258446713e+01 5.764673841514666464e+01 6.598392645854491434e+01 8.003748408156050687e+01 9.991007074683012945e+01 1.066853255248923915e+02 9.183841173147132508e+01 7.176742872264128437e+01
