LEM/with_lateral_4open/elevation_000264.asc
nrows	100
cellsize	150.0
xllcorner	0
ncols	100
yllcorner	0
NODATA_value	-9999
[rows 68 to 84 of 100, columns 0 to 36 of 100]
5.009162696260269221e-02 8.994363536961838435e+00 2.313649916069253720e+01 4.313649916069182666e+01 5.255475910693500197e+01 5.474255510175849082e+01 6.302682634922009441e+01 7.247039742256060890e+01 7.289075558609899019e+01 8.115021205757867051e+01 8.059919309332161674e+01 8.280861563636273104e+01 7.449924589275457265e+01 7.560442445562193825e+01 8.391393497694936343e+01 8.624966530651651908e+01 8.191801027798008761e+01 7.198463345209781039e+01 5.277892845996902338e+01 7.198463345209781039e+01 7.474207675322141142e+01 5.769167519801204946e+01 3.802063521271551849e+01 4.537720259314473736e+01 5.420254438290998422e+01 6.563482393915462865e+01 8.554673529290299427e+01 9.255064633629828563e+01 7.833002791293800726e+01 5.852608343495310805e+01 6.146843591193302103e+01 7.545595746781705770e+01 9.533306601474463093e+01 9.772972030924711362e+01 1.017593832695135347e+02 8.137770084809304194e+01 6.984880950894401508e+01
4.695337527364121244e-02 1.418908899900446663e+01 3.418908899900375786e+01 3.382430880579339316e+01 3.255475910693571251e+01 3.474255510175920136e+01 4.418612617510071061e+01 5.954146523442766181e+01 6.954146523442631178e+01 7.492617166170893483e+01 6.097370547938191976e+01 7.492617166170893483e+01 6.852451507404313702e+01 7.434055117542833102e+01 7.478821568751341431e+01 6.639785223801247582e+01 8.045523827910605519e+01 8.086679754504459083e+01 6.677127352092915658e+01 8.086679754504459083e+01 6.816203760812517487e+01 4.792690558434876635e+01 4.053768581730253118e+01 6.034368670948195046e+01 6.992481533779464087e+01 7.437649597072218910e+01 8.264372363139975164e+01 9.415641877458087095e+01 8.430949293897974428e+01 6.447785100054666430e+01 8.127782777083113785e+01 7.287939407966560168e+01 8.432664140766742378e+01 1.040250754381913794e+02 1.103592570027298194e+02 9.842305495392785986e+01 8.993303620863487424e+01
7.614146464036156137e-02 2.007614146464000626e+01 2.765217480731012500e+01 1.382430880579410371e+01 1.841262348320525888e+01 2.418612617510141405e+01 3.125719398696676521e+01 4.125719398696641349e+01 6.125719398696570295e+01 6.616631194427451135e+01 4.722506297105658746e+01 6.275468542061992139e+01 4.874889955495004301e+01 5.454104323833362855e+01 5.499250405073249226e+01 5.242921053920599661e+01 6.639785223801247582e+01 8.624966530651684593e+01 8.667778051152032504e+01 8.109098525335372187e+01 6.152839924290370988e+01 6.288159584501948274e+01 4.460604387711773455e+01 4.596971714208694237e+01 5.001311633642102095e+01 5.446725698638126545e+01 6.595834995960059643e+01 8.587639565541563513e+01 9.093712996788536884e+01 7.105421888116863727e+01 9.093712996788536884e+01 9.271555702342482164e+01 1.008955215593003771e+02 1.121686130532430639e+02 9.810753097133486733e+01 8.977847952880779303e+01 8.758273308618693420e+01
2.352828262072655108e-02 3.803173012712991241e+00 7.652174807310480276e+00 2.179431043104117904e+01 3.841262348320454834e+01 4.418612617510070351e+01 5.125719398696605111e+01 5.954146523442766181e+01 6.954146523442631178e+01 5.800263709389792410e+01 3.844874245147106961e+01 4.822568977268449686e+01 3.476894910073405498e+01 5.195614212446579216e+01 4.103623353504828941e+01 6.079053375073215904e+01 7.143150459023293308e+01 7.967325811791887702e+01 9.114221572469367061e+01 8.956499521385116225e+01 8.071703135980128252e+01 6.885719691238323037e+01 4.892289162649085910e+01 6.586035718888395252e+01 6.408988295802348034e+01 7.437670661120556304e+01 6.227855770865191687e+01 7.375517834586294441e+01 9.369901003805330220e+01 8.508874236021354420e+01 8.508874236021352999e+01 1.050563866483413449e+02 1.047775361359438335e+02 9.474065030106554275e+01 8.641230040839080573e+01 6.980861125687268043e+01 6.762876983990763335e+01
6.786455232800275850e-02 2.006786455232764865e+01 2.765217480731012500e+01 3.593644605477137333e+01 5.007858167850207565e+01 5.432687343729882912e+01 5.621220118386577269e+01 5.621220118386577269e+01 6.458441206500289411e+01 6.104015750577229227e+01 4.822568977268449686e+01 2.852345653237069456e+01 2.661720118034803306e+01 3.217398696050905471e+01 5.195614212469055815e+01 6.001419446165265725e+01 5.165614336176102483e+01 6.304912170648380254e+01 8.288205255368245616e+01 9.111606412418190359e+01 7.114883613949089636e+01 5.705848825031882399e+01 5.645501218877921445e+01 7.639307711507413501e+01 8.401158822544674365e+01 8.882462484419929183e+01 6.890405063728525192e+01 8.882462484419929183e+01 1.019863320143628300e+02 1.050563866483413449e+02 1.050563866483413449e+02 1.133249906951885890e+02 9.643566482418806629e+01 7.638893599259348832e+01 6.644967353308278746e+01 5.988336265582214679e+01 5.369765767727599126e+01
3.257643153035955086e-02 1.978353008086206088e+01 3.010389142868346823e+01 4.281761677468752225e+01 3.469286907729394898e+01 3.469286907729395608e+01 3.615482292310090884e+01 3.615482292310090884e+01 5.621220118386577269e+01 4.701472760622298352e+01 3.298929770667363925e+01 2.245262227866449933e+01 4.237676334233724873e+01 3.207100479380880387e+01 3.605055971399264791e+01 4.026912561526066980e+01 5.013028705302816945e+01 6.151943359150904911e+01 7.551475581311659369e+01 9.541559134001819587e+01 8.364474072377689140e+01 6.370182399454750310e+01 7.639307711507413501e+01 7.054539803129267739e+01 9.051062326754455967e+01 9.710897659354786526e+01 8.297139995056211603e+01 8.515649857967356695e+01 1.051459150334401187e+02 1.033954444270142403e+02 9.512941347876467546e+01 1.033954444270142403e+02 1.047775361359438335e+02 9.474065030106554275e+01 8.641230040839080573e+01 6.980861125687268043e+01 7.347315036319569970e+01
1.880098487986705744e-02 1.337561931671439996e+00 2.139051387123671688e+01 2.451642749814741506e+01 1.483391208760769153e+01 3.397159574717029074e+01 2.294047430816876698e+01 3.976596339187352669e+01 4.076396710790683642e+01 3.544638465600390020e+01 1.882704881512771777e+01 3.879828196897969406e+01 4.237676334178185300e+01 5.185373725416503987e+01 5.001246296897315347e+01 5.421829612515632846e+01 5.013028705302816945e+01 5.894802004981226418e+01 7.035607481565608623e+01 9.023265044026558712e+01 9.119059842501026480e+01 7.122613551886530558e+01 9.119059842501026480e+01 9.051062326754455967e+01 9.880082324677597683e+01 1.029031584966395201e+02 1.029555597660381778e+02 1.051459150334401187e+02 1.056249409699072288e+02 9.343388829126027417e+01 7.521990884796632315e+01 9.343388829126027417e+01 9.634699363158371455e+01 1.046119956091580292e+02 9.810753097133486733e+01 8.977847952880779303e+01 8.883684479818606405e+01
2.900726248362994752e-02 1.923489907001388843e+01 3.214854949527164774e+00 4.548188282860487597e+00 5.890500393311048910e+00 2.585804365436987950e+01 1.607880197329205174e+01 2.218065402486296733e+01 2.417996414320382215e+01 1.544871907624756169e+01 3.544638465600390020e+01 3.298929770667363925e+01 5.282241055865084434e+01 7.041137980333820678e+01 6.978782237679085654e+01 7.400673083175786360e+01 6.989810187027711663e+01 7.813728964021412082e+01 8.701185276588944362e+01 9.850263980537023656e+01 9.948360979455230790e+01 8.532776042821799933e+01 9.948360979455230790e+01 9.918555973259050518e+01 9.110950560182065772e+01 8.535758717455745170e+01 8.674100432137541361e+01 9.551679809998536541e+01 9.405240575334158848e+01 7.797081632174031540e+01 6.530046200867374750e+01 8.517466116336558457e+01 7.647350630040639885e+01 8.641024996599512065e+01 9.466353730787628251e+01 1.061540371984840050e+02 1.039699701789749611e+02
5.081304048347550645e-02 2.005081290403018457e+01 2.318521154727626765e+01 2.451642749814737954e+01 2.133623314639278945e+01 7.828506884058699988e+00 9.246269773333802178e+00 1.070105839544157078e+01 1.217150285025381784e+01 3.220882757227510496e+01 4.318659679710456345e+01 5.282241055865084434e+01 6.104015750577229227e+01 6.632176435954160354e+01 7.034621476659189909e+01 7.465549140482605139e+01 7.682801257742362111e+01 8.507395688331676809e+01 8.248295608173910409e+01 9.074232806427656328e+01 1.022415068870383266e+02 1.053447414308625554e+02 1.093900377979538803e+02 9.110950560182065772e+01 7.134670793857443982e+01 7.616064103439465782e+01 6.742784850338476588e+01 8.656858658046476762e+01 8.564010429255624501e+01 6.820132798941190799e+01 5.829523532407075948e+01 7.814807066689824921e+01 6.503646821452340987e+01 6.656874077398163081e+01 7.800817557698927374e+01 9.788769702586375843e+01 9.757525752459272894e+01
4.469920835086939326e-02 1.418683483216494068e+01 3.418683516149519619e+01 3.580036241817493448e+01 1.596653359724949439e+01 2.779697375442014717e+01 2.923174798669605678e+01 3.070746933851423321e+01 3.220882902740395792e+01 1.492026371235892412e+01 3.496173671987001086e+01 4.605547459729515936e+01 6.058408556420811664e+01 4.662284308641341113e+01 5.063049255185791964e+01 5.490790957155138585e+01 5.706532088236715339e+01 7.104182507897652954e+01 6.266633588890265116e+01 7.407438631025387110e+01 9.396927599908188711e+01 1.051034684363362999e+02 9.710499102529270488e+01 8.125262607875414744e+01 7.713509735892158403e+01 5.704797969186515871e+01 5.890881529072667888e+01 7.951444742653590936e+01 8.566027927371901285e+01 7.232370424731288949e+01 5.256649147866257010e+01 6.685977991549741262e+01 5.512620483486977463e+01 7.495474929285762755e+01 8.159660592678505964e+01 8.979026787011198962e+01 9.432669224821896137e+01
2.324776005098762310e-02 1.416538338378817485e+01 3.416538344140425920e+01 4.404033017215202506e+01 2.740783364354298612e+01 2.740783364354298612e+01 4.726476993279528926e+01 4.755015752833541143e+01 2.764611715639248857e+01 3.496173583903015469e+01 1.780085651223357956e+01 3.783905538383133660e+01 4.712061887325388199e+01 3.266686609027020438e+01 3.674758755987257075e+01 4.104749429097288527e+01 4.609781253441590110e+01 5.132241044642391614e+01 6.523289114685169920e+01 8.506583216084111143e+01 1.002990204676685266e+02 9.218349330296940991e+01 7.809448083392508977e+01 7.991188705881971543e+01 6.109618101991311789e+01 4.932344470768511968e+01 6.970498811006589790e+01 8.629459518271204388e+01 7.744451780287532472e+01 5.766735477356549211e+01 4.774093658328784073e+01 4.701117081007937770e+01 6.685977991549741262e+01 7.843452670914992098e+01 6.197449637463486738e+01 7.559336413703429969e+01 8.979026787011198962e+01
8.699724428260374731e-02 2.008699724428224798e+01 3.985377248358368973e+01 5.551505702484870142e+01 4.726476993279528926e+01 4.143494843284057083e+01 4.726476993279529637e+01 4.755015752833541143e+01 4.755015739994651369e+01 3.990478615997055556e+01 1.987677449433890331e+01 3.990478637687905916e+01 2.723906003885648630e+01 3.232275654441046697e+01 3.765071295953937636e+01 4.357387251616216872e+01 6.323430118727927862e+01 7.104182507897652954e+01 6.740022158753956205e+01 8.724510246140800973e+01 9.218349330296940991e+01 7.259267937704115070e+01 7.833069592698170425e+01 6.236276215349176510e+01 5.235308422691988284e+01 4.473060914939981103e+01 5.915303666615908895e+01 7.875158176397499687e+01 8.566027927711985512e+01 7.576321528934636262e+01 6.173488687420813648e+01 4.186053637928763749e+01 5.735491276162672136e+01 6.111947120411026901e+01 5.063508440066605232e+01 6.197449637463486738e+01 8.159660592678505964e+01
2.249585233037712170e-02 1.156950123612279313e+01 3.156950123612243786e+01 4.484751201295514278e+01 5.313178326041733612e+01 6.133920406420026694e+01 6.717487619447493330e+01 6.734915303015043264e+01 5.597240849011959796e+01 3.614708231490784840e+01 3.069995053276909758e+01 2.295916100478367383e+01 4.297502744444462053e+01 5.205323983193003556e+01 5.152986399055018296e+01 6.323430118727927862e+01 5.336559111350564422e+01 7.310301126105291303e+01 8.724510246140800973e+01 9.077654487983443232e+01 8.266871980701421307e+01 7.833069592698170425e+01 5.839339671140601240e+01 6.767376122951294803e+01 6.087315012267905701e+01 4.023596967942935976e+01 5.501477579497667136e+01 7.501651687807652991e+01 8.576922296503353493e+01 7.749340237567970746e+01 6.996470706703118481e+01 5.735491276162672136e+01 3.744751338915659034e+01 4.128319989960533576e+01 4.940418560061959141e+01 6.083112174895775581e+01 8.064038735765934973e+01
2.739267172789772165e-03 2.000273926717243356e+01 2.851758039439997816e+01 2.484751201295443579e+01 3.983808504854902566e+01 4.650475171521581075e+01 5.478902296267801120e+01 6.478902296267935412e+01 6.420598018536892937e+01 5.312660345697815956e+01 3.342608834396130391e+01 4.297502744444462053e+01 2.816372900619398223e+01 4.801802321698341558e+01 6.260687384893015661e+01 7.948757372480906724e+01 6.729078230600208599e+01 6.729078230600208599e+01 8.713497323195436195e+01 8.266871980701421307e+01 6.301366444858289384e+01 6.877049687847035386e+01 6.767376122951294803e+01 4.673809196187966108e+01 5.723580255180050358e+01 3.633118507104284589e+01 5.142698127150217857e+01 7.156287519999568758e+01 7.749340242918340493e+01 5.753785072972652870e+01 6.338269603163382726e+01 5.435983901200592072e+01 3.443422811008780826e+01 5.435983901200592072e+01 6.920232193315214886e+01 7.743205455532356041e+01 8.888500404256207332e+01
8.327778614586213435e-02 4.253566067287375851e+00 8.517580394399622890e+00 1.406458235665196277e+01 1.983808504854832222e+01 2.650475171521510731e+01 3.650475171521545548e+01 5.650475171521615891e+01 6.729864282153616273e+01 4.733894008052630653e+01 5.318500166290036901e+01 3.816995190557921092e+01 4.224598013057041612e+01 3.470714593947820958e+01 5.441070044264604633e+01 6.980550456016105443e+01 8.713497323195436195e+01 8.713497323195436195e+01 9.539818697112431778e+01 8.266871980701421307e+01 6.301366444858289384e+01 4.882652227252272326e+01 5.879850946664026168e+01 5.266171406940328126e+01 3.543762243977516846e+01 3.271016892698636980e+01 4.794925383228976301e+01 6.827569348323198994e+01 7.582214831933316646e+01 6.338269603163382726e+01 4.342941627514427694e+01 5.187680308395616180e+01 3.193613368085436832e+01 5.187680308395616180e+01 6.737639214260613585e+01 7.563036686843199163e+01 8.556375079836300301e+01
6.510866554257997707e-02 2.006510866554222616e+01 2.851758039439997816e+01 2.484751201295443579e+01 3.983808504854902566e+01 4.650475171521581075e+01 5.478902296267801120e+01 6.478902296267935412e+01 7.556834825637589859e+01 6.729864282153616273e+01 6.530776635269089070e+01 4.561895336702664139e+01 6.195296791879948017e+01 5.441070044264604633e+01 4.192532770006646814e+01 6.159192724148213216e+01 7.969173541129322302e+01 8.961245374508303030e+01 9.162875880746395296e+01 8.193572796807644920e+01 7.389365409478993740e+01 5.879850957549659540e+01 3.844506157516682521e+01 3.213224637877844714e+01 2.824220261142531996e+01 3.368349462398283833e+01 4.512692439998129146e+01 6.516014447189022007e+01 5.587241789408970050e+01 5.587246112704161760e+01 5.271721919028718162e+01 3.275396756372823148e+01 2.949518549622613861e+01 4.944782786280671871e+01 4.756228366740444358e+01 5.746789825042808530e+01 7.145045889535553840e+01
8.953482861371392376e-02 1.423167045234478856e+01 3.423167045234549022e+01 4.484751201295514278e+01 5.313178326041733612e+01 5.279372889945487657e+01 5.715809183601532339e+01 5.934589844494612976e+01 6.763035454432311155e+01 7.413478426962545598e+01 7.353020513576772998e+01 5.695346468263420547e+01 7.353020513576772998e+01 6.980550456016105443e+01 5.324994907352329676e+01 5.172925191044848958e+01 6.155242491282500339e+01 8.135678023220661714e+01 8.357458072924119108e+01 6.421272746033864109e+01 5.436156030008213236e+01 4.761424060679559744e+01 4.104260214235978310e+01 4.773341061665976781e+01 3.149065455149833781e+01 2.530108573808527339e+01 4.709953870053642078e+01 5.898713759888156005e+01 5.573607469431480155e+01 3.593827232758543033e+01 4.327229451104074798e+01 2.609569048346753206e+01 3.025978480389185776e+01 3.691942624460664746e+01 5.678530566566630711e+01 7.153397304077694230e+01 7.979732174705054604e+01
