LEM/with_lateral_4open/elevation_000636.asc
nrows	100
cellsize	150.0
xllcorner	0
ncols	100
yllcorner	0
NODATA_value	-9999
[rows 68 to 84 of 100, columns 37 to 73 of 100]
1.001731202920013999e+02 8.333814044608199367e+01 8.871942619122994245e+01 6.863579356016907695e+01 7.232120881502193299e+01 5.636795403834045715e+01 5.625216122468007995e+01 7.302985880312054690e+01 6.472383279084439778e+01 5.472737977286303845e+01 7.472028145260578924e+01 8.621284512395926924e+01 7.462448052137278864e+01 6.265836178352625296e+01 4.269209961209056559e+01 6.265833716652272045e+01 4.611354706684663540e+01 6.608800467077878693e+01 7.722229056950942550e+01 8.726375561631542155e+01 1.014097497566247341e+02 8.965313099334410651e+01 7.382470770584313868e+01 5.378948314130719410e+01 7.382470770584313868e+01 9.134725998368080013e+01 7.712528865601643702e+01 7.933001387594839571e+01 9.946567290400930972e+01 1.009740033105275927e+02 8.810388760959168053e+01 7.111101986697686073e+01 7.898967979090062386e+01 5.871917528270446951e+01 7.558337721287441013e+01 5.536538737148168821e+01 6.698479118661906284e+01
8.333814044612209671e+01 7.171894992961470905e+01 8.178448582524607957e+01 7.232120881399191603e+01 5.235612955225885656e+01 5.065322201690734261e+01 7.060022121402933237e+01 6.472383276301142985e+01 4.478299900890267793e+01 6.472364087777357611e+01 7.074660033064189690e+01 7.905856548529469308e+01 7.438159378285585888e+01 5.431649029330210965e+01 4.020023390476769976e+01 5.675496362788017990e+01 4.185127071843459134e+01 4.890490534157042646e+01 5.886398792804320124e+01 7.893243722220388747e+01 9.288008642725533548e+01 8.517985705953068987e+01 7.028189757082797939e+01 5.028615291112484442e+01 6.896231339042877551e+01 7.296699683331401332e+01 6.290901751384627261e+01 8.302497615286404198e+01 9.247249043523636658e+01 1.025395077642655934e+02 9.982723260495026807e+01 9.145346100471088846e+01 8.618564308049882072e+01 6.583238532329274051e+01 8.065994502560008073e+01 6.035367373303238026e+01 8.065994503991900899e+01
7.886318501369387945e+01 6.987405829113131972e+01 6.171695333236743153e+01 5.774724329500739373e+01 6.740614614159439100e+01 4.748010986079063400e+01 6.417343363425611358e+01 5.919322763288358402e+01 3.916210759358110494e+01 5.660583229584301534e+01 5.075053177484927858e+01 7.074666429449229099e+01 7.380413097486135143e+01 6.217448024437716469e+01 5.399585424037723413e+01 3.672956990645746345e+01 5.675497972901594324e+01 6.889814377057292916e+01 7.722276705141587172e+01 8.726533862412991027e+01 8.517981473646536017e+01 6.518668336746368652e+01 6.685169905435347459e+01 4.688067157459154544e+01 4.897449688686243263e+01 5.294343033845155588e+01 5.825031773346771047e+01 6.400777882451740197e+01 7.406568252300716892e+01 8.834048565885815663e+01 1.084571338170559756e+02 1.005927435842194910e+02 8.021802665788099773e+01 8.021802665788099773e+01 8.710037905822925097e+01 6.673393843709766315e+01 7.692410834906306150e+01
9.340780411107630243e+01 7.327562628743095274e+01 7.327562628743095274e+01 7.777097940592864234e+01 6.732921989789674910e+01 5.827788567642132733e+01 4.425095486693888347e+01 4.200005954515111739e+01 5.660722215852170081e+01 3.637466002238384988e+01 5.407815220546461887e+01 6.236579710881300542e+01 6.554189826840365640e+01 4.554046234418181172e+01 3.391138290862133431e+01 4.818246213699685399e+01 5.058166627642742696e+01 6.452595381863497437e+01 8.476800849121556780e+01 8.847744265673355812e+01 8.526148554644389321e+01 6.519196407027287421e+01 5.107640597559328199e+01 4.355773979127300777e+01 6.352210042987022831e+01 7.296691855984929020e+01 7.833480069195432804e+01 8.414909900634251017e+01 7.674019234565544423e+01 9.100980617906522241e+01 1.111135057390722523e+02 1.089412522267500236e+02 1.005927435842194910e+02 1.005927435841483941e+02 8.336547461165621087e+01 7.690642172610178307e+01 9.548670959753705745e+01
9.340780411005758310e+01 8.751284920925046151e+01 8.751284920925063204e+01 9.514995523843575143e+01 8.587188939880098815e+01 6.780910353412673430e+01 4.788724221489489707e+01 6.194603319047466528e+01 6.490411053609453518e+01 5.407815220547172430e+01 3.350889208160909760e+01 5.405928595415722526e+01 6.618831868097221616e+01 4.623674654680910123e+01 3.195525600342859107e+01 4.209744141858930533e+01 6.211102731687212497e+01 7.884230638832940485e+01 8.257539126036728305e+01 6.837522916533913531e+01 7.739545729796883222e+01 6.631677583558578704e+01 5.801093499103923534e+01 4.119319869497701347e+01 4.873205838194767381e+01 5.868962474422331610e+01 7.286828799732133177e+01 9.299703423403370550e+01 9.689804345325289603e+01 1.052001869473282483e+02 1.093925870431791054e+02 1.011048530027910743e+02 1.093925870431791054e+02 1.120446245134912573e+02 1.037187980931178686e+02 9.134220401172908055e+01 1.056486064650508183e+02
1.083024353698472311e+02 1.076394841846420860e+02 1.076394841865518686e+02 9.908444917938773244e+01 8.752203584193419772e+01 7.216164360741350947e+01 5.221566640252060409e+01 7.216164360741349526e+01 6.650957553633040220e+01 4.640654390023262721e+01 3.151927289927720466e+01 4.979352651544994046e+01 4.806996298904649478e+01 4.771708416789960694e+01 3.004368055222634837e+01 5.026485357970469181e+01 6.211102731687212497e+01 8.217640550803980659e+01 7.426303118010886806e+01 5.422331024932084631e+01 6.158879881702097236e+01 4.905875918578113470e+01 3.799946583520772947e+01 5.801092825474586334e+01 6.872674033888480949e+01 7.704679228239918132e+01 8.708666058675727584e+01 9.159197332046943529e+01 9.990139763798291028e+01 1.002485279659652804e+02 9.196207994793658713e+01 8.110619779395202045e+01 9.939183821647377215e+01 1.122242347951852111e+02 1.063703018134267779e+02 1.116640551158915997e+02 1.077922523089114861e+02
1.000326945198626305e+02 1.169663816821526439e+02 1.054341286997859157e+02 9.080706464888247353e+01 7.076243630748139424e+01 5.923038507404848474e+01 7.216184359606111798e+01 8.044912535187773983e+01 7.223710371567166533e+01 5.227059166078743146e+01 4.386441578343260517e+01 2.903890068036938743e+01 2.762822432333585709e+01 2.740097637090690341e+01 4.762806547922328093e+01 4.439437277702929663e+01 5.855363771369439263e+01 7.857474786101990105e+01 7.576287416797889307e+01 5.571730547480029117e+01 4.159264903799464719e+01 3.484597475456197202e+01 5.492309839131096538e+01 6.024617729805515864e+01 6.509398321454716552e+01 7.026043351026054040e+01 7.735646706863241207e+01 7.145992731187523361e+01 9.159197332046954898e+01 8.870681281221943948e+01 7.197721429366568202e+01 7.112187008799935484e+01 9.110552539837156871e+01 9.223072961823493188e+01 8.637392704883303907e+01 1.005088026705054034e+02 9.626726660434610494e+01
1.083024367110382400e+02 1.087026756497061086e+02 8.871824020855048332e+01 7.711963199735752994e+01 6.815176197264722191e+01 7.923429308016858386e+01 7.518000381580735336e+01 6.687038346686514956e+01 7.102419847237736406e+01 7.199610850896804948e+01 5.808489760112441047e+01 4.387181426748996671e+01 4.592874605049087222e+01 2.556896405700693009e+01 4.004216640678998118e+01 6.015528710944001034e+01 7.270885749739214532e+01 8.123277950413265103e+01 6.110448639775142254e+01 6.108050468743911665e+01 5.265315471988071039e+01 3.273939134774509085e+01 3.625199947956080848e+01 4.023860786328907579e+01 4.510596755651967271e+01 5.025085755595418391e+01 5.728585327402464600e+01 7.145992731187523361e+01 9.159197332046775841e+01 8.042381239155329808e+01 6.045147497815541726e+01 8.042367907565849805e+01 7.578382408903132728e+01 8.154917564485646153e+01 7.224737234217674597e+01 9.223072961823493188e+01 8.800841343678422390e+01
9.573276493009733201e+01 1.040294845304522511e+02 1.045377007359861352e+02 8.452849039980283408e+01 8.820024902810945377e+01 8.105238875551927435e+01 6.099600453465769334e+01 4.684336002183199810e+01 5.098857362898387890e+01 6.516153150357718005e+01 5.944407595214052265e+01 6.407904556283783393e+01 4.471201067748685176e+01 2.434715126195367318e+01 4.471200993518881006e+01 5.253449058994966236e+01 7.261604062150112782e+01 7.050790556833445066e+01 6.110448639775138702e+01 4.099078518212344591e+01 4.836963928167424598e+01 3.062812698499314834e+01 5.085990713053053724e+01 6.024617734350163545e+01 5.178137481567097211e+01 7.026043351026054040e+01 6.437289029294990428e+01 8.447422019454951680e+01 8.923443081113066455e+01 6.923374239020184007e+01 5.510814701005869409e+01 6.823311797889607533e+01 5.580692953242633791e+01 6.157700014209467554e+01 8.154611030195798094e+01 9.375101600212734354e+01 8.093619369888553194e+01
7.569076580638346741e+01 9.246024914629708746e+01 9.861754168037633406e+01 1.045377007406529088e+02 9.744567329773958875e+01 7.736807506964549930e+01 6.318944607087859566e+01 5.685687228688981776e+01 3.676395207463849601e+01 4.897578086648648110e+01 3.932422215094878482e+01 5.014925995871182351e+01 4.181108310580419385e+01 2.315198931207785549e+01 3.233941926529507782e+01 5.253686576125655705e+01 6.462775210365774115e+01 5.043448468944777119e+01 5.426836166502260284e+01 4.594402166010362265e+01 2.800311551917496189e+01 4.836963607582014646e+01 4.498846489932674331e+01 6.503482347517808648e+01 6.592329239409241382e+01 6.812136145389654018e+01 8.447422019454951680e+01 9.279103005002102122e+01 9.370834924751987671e+01 7.378197622426307589e+01 6.823319404763503826e+01 4.824872633449339077e+01 6.823340527288765145e+01 8.154917564485646153e+01 8.982698604997169411e+01 8.546510916369648214e+01 6.545579706785252938e+01
6.410177436793267702e+01 8.416151132467868479e+01 7.857551761507514243e+01 9.274498068525986127e+01 9.066302406710809692e+01 7.059043717894540748e+01 7.059040075595257235e+01 5.455627153807323282e+01 3.443552739589841849e+01 2.872638365485597589e+01 2.491830750522760241e+01 4.014371083517538352e+01 2.151016536968901249e+01 3.354967302616378788e+01 5.029111222981502749e+01 6.086930151931147037e+01 5.631385354305286484e+01 3.610319006435843647e+01 4.353150761999472707e+01 2.540218647790153028e+01 4.594402166010429056e+01 5.668367419141464580e+01 6.503482319328374217e+01 7.334659462471850588e+01 8.601942252911500475e+01 8.821881358747327795e+01 9.652893082716887818e+01 9.267330874257388018e+01 8.793096236531560805e+01 6.793825831478815758e+01 5.381078210023507324e+01 4.487591088608408540e+01 5.900320132661257588e+01 7.898369755243804491e+01 9.242103683720100094e+01 8.327288122978681884e+01 6.326659841410983631e+01
5.698737660021456719e+01 7.706932327948615580e+01 6.438168003002941475e+01 8.271701793341006237e+01 8.478261190587960527e+01 6.471185275948312210e+01 5.056956408799184288e+01 4.348641194265592702e+01 5.455627153807323282e+01 4.885831073159209836e+01 4.014286577012133250e+01 1.991466244987350009e+01 4.014362253845770567e+01 4.922344630736808568e+01 6.052146898626139659e+01 6.121318694729799148e+01 4.963906770373427690e+01 4.134240835139003423e+01 2.276388808423703836e+01 2.694612790487511589e+01 4.739612056807155227e+01 5.797132796801186316e+01 6.313779396906623731e+01 7.070657459490250574e+01 7.902480568331770883e+01 8.906743642331728950e+01 9.267330874257388018e+01 7.268658580450235718e+01 7.635295322304530430e+01 6.969488602570847036e+01 6.180852411717977191e+01 4.183768587562717300e+01 6.180852411717977191e+01 6.416344012367450489e+01 8.414550143976167362e+01 8.912435001794034406e+01 6.912630298448574706e+01
5.089794187533933467e+01 6.366890074736038230e+01 5.431203461890363116e+01 7.441368491189835765e+01 9.069538187909004989e+01 7.890402667147786531e+01 7.059043643846304406e+01 6.351197737824231382e+01 6.390414111678879294e+01 4.330245000262178934e+01 2.892160869227840081e+01 1.885325478387768783e+01 3.748011450343522455e+01 4.581660534068992519e+01 5.853892619637503714e+01 5.300830087684504832e+01 3.275203616490440339e+01 2.034601461727748983e+01 4.134240835139004844e+01 4.739612056807155227e+01 3.291978101906622811e+01 3.790902874455715477e+01 4.312815718823591737e+01 5.068146333093587685e+01 6.066258723449254120e+01 8.075056195531243475e+01 9.048585207549814413e+01 7.050070322415206192e+01 5.637673699214592204e+01 4.971792374089495326e+01 4.395711306228025705e+01 3.890064730974555118e+01 4.782925494709585479e+01 6.782557291749607487e+01 8.033115362411028570e+01 9.192405411108761371e+01 7.361364034529920275e+01
6.366890078878464010e+01 4.348482865436596967e+01 6.366890077854925067e+01 7.431540921589446214e+01 7.063409437012272463e+01 9.069538187909004989e+01 8.884101408563525126e+01 7.886725969088760735e+01 7.060376777399038417e+01 5.766716411950604027e+01 4.738260537230839020e+01 3.748090406329027502e+01 1.735174665452022680e+01 3.003283223965381410e+01 4.428623023196741570e+01 3.722997730307588427e+01 3.765099611626838794e+01 1.868273458809802889e+01 3.384506565575134118e+01 5.420031575106042254e+01 5.310550568618533163e+01 4.463381032430146433e+01 6.313779396906623731e+01 5.576723844500460814e+01 7.582074534403083987e+01 8.906743642331728950e+01 8.869777661607547259e+01 8.463450284919676392e+01 7.635421779968875455e+01 6.969488602570847036e+01 5.609486343038093281e+01 3.613583594373523766e+01 4.411705894040219533e+01 5.256483631155171565e+01 6.352736327913058290e+01 8.353073127851753554e+01 7.045048979261660804e+01
4.847752554466038788e+01 3.947356375512674731e+01 5.971047856307573198e+01 5.419755624320752929e+01 7.431540921901014940e+01 8.932070630482292017e+01 8.057655879159541712e+01 6.063097675646648099e+01 5.067098289620301443e+01 4.358916025874468403e+01 5.414439798140309534e+01 4.582487317030281559e+01 3.594410594571214546e+01 1.583624498847665585e+01 3.441973024015766924e+01 2.134674439135092427e+01 1.642949195412724706e+01 3.765093996947943822e+01 3.980697219830540234e+01 6.008812313361940483e+01 7.298984298462774234e+01 5.620011626652436121e+01 7.298984298462774234e+01 6.993190771155676089e+01 8.413713002265706109e+01 8.281658591068871544e+01 6.866104628726851900e+01 8.281658591068871544e+01 7.430680459197641596e+01 6.671875676042216696e+01 5.372730038362772120e+01 3.379971993044674861e+01 4.261721307610159215e+01 5.608306994426098413e+01 7.504732908071905229e+01 7.908768065589181617e+01 5.909270332192485142e+01
4.579912744160433391e+01 3.560030666933588606e+01 4.249019304253369711e+01 6.270036138689623328e+01 6.061392630920045832e+01 8.093054280838613579e+01 8.884101406367808806e+01 7.886725967336056442e+01 6.164450466351603808e+01 4.171783203975408583e+01 3.405631413228742588e+01 2.923647732028809898e+01 4.287980385385024817e+01 3.441596088338106085e+01 1.431452784633463260e+01 3.316618232881792494e+01 1.492720264378571393e+01 4.149969175437050950e+01 5.066162153514768107e+01 5.895129350347795594e+01 6.896528435824345138e+01 7.625913885447648966e+01 8.457304100427373328e+01 9.003765702296281859e+01 8.542281285383732836e+01 7.383384614083433917e+01 5.441066860937196026e+01 7.383384614083433917e+01 6.671866745654833153e+01 4.867223541208964832e+01 5.115560082602989667e+01 3.156683384889197441e+01 5.149933641613667135e+01 6.163757284515063617e+01 8.072792505491266013e+01 7.511041884975060157e+01 6.357605802442629539e+01
4.668461551079420246e+01 3.228435747792251220e+01 5.259527721406183787e+01 4.392593339362696270e+01 6.217520433864076068e+01 7.167728519411394927e+01 8.427513023393113656e+01 7.504682821569551265e+01 5.580169971193780754e+01 6.164450466351603808e+01 5.001869051869899607e+01 2.983024903126096206e+01 2.264837571692137175e+01 1.913357408038882568e+01 3.315817341052762401e+01 1.287100107898452173e+01 1.664223163706914121e+01 2.203631576197880548e+01 2.968267137619659124e+01 4.064144099766438956e+01 5.485027490368602798e+01 7.476038952720870157e+01 7.973865062371562829e+01 8.776270292813332219e+01 7.713850470877520138e+01 5.703575776088017335e+01 4.536092374271036221e+01 5.693112648412349586e+01 6.441408889200836541e+01 5.040808876318810405e+01 3.519482779450608945e+01 2.937564363278631063e+01 5.033914578399672735e+01 6.440375018676769514e+01 7.268453606776013487e+01 6.682938300891611050e+01 4.685712031855861426e+01
