LEM/with_lateral_4open/elevation_000384.asc
nrows	100
cellsize	150.0
xllcorner	0
ncols	100
yllcorner	0
NODATA_value	-9999
[rows 51 to 67 of 100, columns 37 to 73 of 100]
6.131805226355687921e+01 7.721099323554315674e+01 8.536947131133855748e+01 9.672874301797662611e+01 8.574823108339806765e+01 8.574823092174057138e+01 7.034211117269798308e+01 6.503591886659965837e+01 6.859081431417959607e+01 7.256999200392840521e+01 7.829334250505910120e+01 8.453734136430031754e+01 9.142484370471373722e+01 1.025004183426285067e+02 1.219778429759424370e+02 1.224489738304095710e+02 1.143215503678368066e+02 1.143215503678368066e+02 1.050375400495091185e+02 8.960942135502460815e+01 6.899958256951946112e+01 8.324908702146042572e+01 9.157981184085581106e+01 8.269660583781934804e+01 6.212221005953356467e+01 4.773841742178520064e+01 6.814831106417756246e+01 7.226022035816353650e+01 5.813797347806208649e+01 6.314448923853945672e+01 7.784176257247708008e+01 9.818945124443564509e+01 9.046075538335746558e+01 7.055727354454026568e+01 6.052747044369795759e+01 8.053729153572916744e+01 8.312519609548469646e+01
6.945908362551611503e+01 8.129847939638032983e+01 8.537302343101316637e+01 9.350931995486563153e+01 8.404565250827808143e+01 6.604937823422608290e+01 6.027476005903695722e+01 8.013248466302498230e+01 8.471843584514722636e+01 8.159497374525646762e+01 9.682921743371693424e+01 1.039062427902358081e+02 1.107325466207780238e+02 1.189292632976317066e+02 1.302634897292435028e+02 1.300111383958650322e+02 1.201840757482617619e+02 1.120571261255939390e+02 9.682416000659871713e+01 7.641779750653181225e+01 8.960942135502460815e+01 9.788260441376478127e+01 9.657433326224281700e+01 8.089211195070846827e+01 6.033812015732093670e+01 4.604674817064118741e+01 6.620375062806327549e+01 5.172173223670090891e+01 7.226022035816353650e+01 8.380146260469615527e+01 9.212595770200239542e+01 9.890881824971523884e+01 8.900091987160378437e+01 7.420963051340179106e+01 5.417048232078366254e+01 6.689236818120578221e+01 6.322143200653663797e+01
5.340997451577101174e+01 7.316274243159458024e+01 6.546055100201061805e+01 8.205840382442588066e+01 7.589880024637416511e+01 5.573346744753649062e+01 7.589880454626870687e+01 8.826539997465036436e+01 1.037464215283676197e+02 9.881756187805693514e+01 1.073699789030938234e+02 1.139296136958334813e+02 1.057035901656782073e+02 1.139296136958334813e+02 1.237802575015773243e+02 1.218982444043840303e+02 1.022160078468040041e+02 9.212120245058835621e+01 8.527197448921010903e+01 9.682416000659871713e+01 1.050375400495091185e+02 1.025842337053653353e+02 8.235663870989428403e+01 6.777347996776873629e+01 6.459701483406992395e+01 4.438975387461386646e+01 4.591104491438809987e+01 6.619763978166554352e+01 7.673063434788687687e+01 9.300358946498225521e+01 1.012036565720174650e+02 9.080903240272809285e+01 7.088505175894763966e+01 6.083982911003345606e+01 5.263317169810333240e+01 4.684993623994108702e+01 6.157362497475106267e+01
5.707574251156551526e+01 6.199172599934771455e+01 5.328527665332562435e+01 7.387393588918439491e+01 6.919683775829619776e+01 5.261752324662705149e+01 6.731728558539859364e+01 8.706881788354307616e+01 9.569242345734352284e+01 9.873838767151920592e+01 1.032082481798615703e+02 9.653415898409360807e+01 8.625228926131269702e+01 9.591842936519829266e+01 1.154887509661581504e+02 1.300111383958650322e+02 1.201840757482617619e+02 1.120571261255939390e+02 1.054118182339254162e+02 1.047318604555404420e+02 9.879122024186760598e+01 9.999347701599492666e+01 7.970715600074403540e+01 6.509144748250882628e+01 5.324616565960725012e+01 6.222372508568128069e+01 4.216698149965173315e+01 4.798916730103987760e+01 6.834827385740290140e+01 7.266428657918349643e+01 9.300358946267229499e+01 9.890881817142428645e+01 8.678345596766918391e+01 6.683679346752836636e+01 7.267913158567988319e+01 5.602009743225676175e+01 4.188122298703273572e+01
3.899111870989788997e+01 4.064522125234357475e+01 6.192540297618431566e+01 6.635728274460691978e+01 4.820594935853951313e+01 5.141875974009167294e+01 7.202769236621223570e+01 7.893348988876698513e+01 7.615681226998052011e+01 7.923470038537824678e+01 8.372457793227383149e+01 7.708193980475951435e+01 9.653415898409360807e+01 1.139296136958334813e+02 1.237802575015773243e+02 1.202994378868155252e+02 1.119193968744604319e+02 1.173450232061193930e+02 1.029839022661461172e+02 8.429898475904956001e+01 7.829610427296179864e+01 8.815658275108107489e+01 7.968939801353279506e+01 8.217390661500584770e+01 7.378004155470698322e+01 6.074504764858351535e+01 4.078823470949106422e+01 6.074504764858351535e+01 5.807502722804744621e+01 7.266428657918363854e+01 9.300358946705514995e+01 9.246278178243734658e+01 9.490439002583379136e+01 8.678363171319411151e+01 8.416311361997426843e+01 7.009160675327989054e+01 5.722716489991108091e+01
4.143581265660893820e+01 6.056520211624454930e+01 4.318396688970121744e+01 4.507603069288904862e+01 6.636642695485654997e+01 7.202769236609208292e+01 5.590380633660367238e+01 5.901611100392414500e+01 6.212185649621527261e+01 6.529896923686705179e+01 6.988584592142422025e+01 8.943121282538973560e+01 9.294634065778123500e+01 1.124981198259897042e+02 1.225090637001410130e+02 1.119193968744604319e+02 9.163619474597830106e+01 9.757700710523324972e+01 8.862278132617275617e+01 7.401865458327472425e+01 6.359110456839813708e+01 7.453719642117745536e+01 5.908949435204230838e+01 6.286964710656043565e+01 5.995037359251151798e+01 5.725882566456525069e+01 3.942495004539277659e+01 5.331671673065438455e+01 7.369608728298587152e+01 8.693294989507575110e+01 7.953593991939858654e+01 7.202419686422780387e+01 8.640739105490563077e+01 9.342331701072352246e+01 8.523909137473667386e+01 7.717387612942314945e+01 5.722716485006947096e+01
4.393849446710171947e+01 6.128867298888295068e+01 5.977168520854249323e+01 6.636642695445732443e+01 5.182818043765263383e+01 7.244641158121368107e+01 7.605866387358432235e+01 7.893348988876698513e+01 8.187866031213542328e+01 7.923470038537824678e+01 7.212576083405573968e+01 9.164080204758219850e+01 1.074536283855612879e+02 1.207648801448347200e+02 1.141330557816085047e+02 9.390991079356537341e+01 8.364226022464279708e+01 7.706587370496677636e+01 8.573489871520504835e+01 8.097685622226026680e+01 7.453719642117745536e+01 5.383756636370774373e+01 4.803863866115197112e+01 4.264432691665133035e+01 3.992016633380005430e+01 3.751241167055151493e+01 5.635111842786275815e+01 6.520126823532083904e+01 7.611580721665123406e+01 7.346870028954971588e+01 5.901928492467971665e+01 5.748426420642980617e+01 7.801034242902512972e+01 8.523909137507129685e+01 6.555660582831295358e+01 7.132147229947888434e+01 7.543450477045010416e+01
4.641799238406682804e+01 6.553619243767511193e+01 8.243912690784982544e+01 8.063152283269627674e+01 7.244641158122387026e+01 5.890760085920013722e+01 6.429279096682907380e+01 7.832486598468834416e+01 9.787098441579736630e+01 9.873838767151829643e+01 8.593143696366726658e+01 7.982292048413242469e+01 9.354068192878928301e+01 1.130937877547992088e+02 1.225090637001410130e+02 1.123977362219257401e+02 9.225553336632077617e+01 7.163547607897800162e+01 6.499507231938612506e+01 6.019824439098573521e+01 5.579055996571435116e+01 5.164248038995402368e+01 4.774326672310565556e+01 6.286964710656043565e+01 5.767027476325425539e+01 3.615440235791379564e+01 4.569531007310315118e+01 4.902927470107476182e+01 6.787639328003243122e+01 6.502843049661558439e+01 4.475561768785409100e+01 6.502845620087292389e+01 8.347463301280890846e+01 8.237699951366460027e+01 7.132147237308755905e+01 5.156759207041484672e+01 7.132147237359043856e+01
4.887781796020999536e+01 6.805421538641931534e+01 7.725962903111857827e+01 8.539284625721458610e+01 8.709909024870127325e+01 7.320107664086351917e+01 7.832486598468834416e+01 7.324215592628183913e+01 8.454712606087026927e+01 1.040579065060034196e+02 1.054244286657053493e+02 8.716590655856276726e+01 9.926765403196907300e+01 1.189168415869405919e+02 1.177772929509756352e+02 1.156059988073197786e+02 1.006583623045602991e+02 9.225553336632077617e+01 8.573489871520504835e+01 8.097685622225496616e+01 7.654684129490688349e+01 7.230998311042989712e+01 6.825675235433556054e+01 7.676363935182486387e+01 6.662787413839902229e+01 5.164284915085851679e+01 3.442783144767891201e+01 5.239671001390392746e+01 6.078676932600804150e+01 5.891594157711665503e+01 3.892510402864916585e+01 5.891594158047728769e+01 6.353604834541344815e+01 7.420032353147179549e+01 5.444427854906736286e+01 4.451676846738310900e+01 6.433742102329362922e+01
6.805421538642093537e+01 5.390478085999197333e+01 5.768767181574564518e+01 7.153138678184910759e+01 9.108882915787114598e+01 9.282419850945642281e+01 9.787098441577246888e+01 8.304408373665921772e+01 9.279335216390606433e+01 1.122784456860013904e+02 1.148534303860890304e+02 9.682825384614400832e+01 1.148534303885000298e+02 1.177772929509756352e+02 9.772257984996383584e+01 9.551948441839944337e+01 1.096764215940443705e+02 1.031694823380459951e+02 9.483606766373947039e+01 9.447159908353980029e+01 7.989420223218233730e+01 7.139188153862845354e+01 6.842377351690286957e+01 6.557059282222908791e+01 7.386302320119477827e+01 6.245652050787142429e+01 5.227636767094310954e+01 3.269449500873867009e+01 5.066279852709666187e+01 4.963531070377357679e+01 3.378027382058628802e+01 5.342561981132090665e+01 4.979576253794053287e+01 6.937592436096946358e+01 5.806958035068426227e+01 3.819606192673832368e+01 5.081857524172338714e+01
7.795971244157240676e+01 7.334523756203832079e+01 7.725962903112088043e+01 6.402240124856328407e+01 8.361693545974529229e+01 9.847525968915908834e+01 1.066640208653324180e+02 1.025426199253173394e+02 1.025426199253173536e+02 1.206664102220654797e+02 1.247117267889421868e+02 1.164137081235754607e+02 1.247117267889421868e+02 1.130276933185818251e+02 9.289259394054609231e+01 8.088265704030877146e+01 9.222587062804457503e+01 8.743153494842748330e+01 7.406365412171160756e+01 7.929253913685688815e+01 6.531660288928145519e+01 5.104356948242918435e+01 4.824875009259358905e+01 4.554118149720409292e+01 6.150204219229028269e+01 6.371288838788346709e+01 5.256265220010753580e+01 3.287163882224735545e+01 3.095216611011070995e+01 2.991479609367504011e+01 2.888319784421815228e+01 3.617465318513303885e+01 5.294560024634682094e+01 5.963043723664215179e+01 4.975830266296114957e+01 5.081697577578884761e+01 3.089379565619653434e+01
7.223261264604710163e+01 9.178615444099425247e+01 9.175518858220540608e+01 7.385730493926520523e+01 7.206234824010000750e+01 7.899634068992762082e+01 9.021911300486105745e+01 1.097533657972811341e+02 1.222638979025715003e+02 1.172695398170627215e+02 1.121011266380543816e+02 1.121011266380543958e+02 1.204802596934279535e+02 1.212555498611209259e+02 1.024674808355891571e+02 8.198429126241602205e+01 7.132803287231737954e+01 6.640469688256332859e+01 6.183780810904081449e+01 5.843594706308149966e+01 5.530234009678164142e+01 7.139188153862845354e+01 6.842377351711641609e+01 6.167954652201774479e+01 4.184146890742626113e+01 5.531470459593762001e+01 3.556531748581705443e+01 5.256170626580870220e+01 4.475730747824675149e+01 4.375839223066679295e+01 4.719854233408548794e+01 2.745798432600139805e+01 4.579948930580648891e+01 4.464156643714029116e+01 2.382506240417631105e+01 4.279694464912641649e+01 2.619244636678984861e+01
9.178615444099425247e+01 9.995389614823744751e+01 1.015438661842316321e+02 8.765277352601721361e+01 8.334659658710333474e+01 9.847525968915908834e+01 1.066640317874538084e+02 1.180093475197450914e+02 1.112718893594498724e+02 9.690586670775037703e+01 9.170052001460196323e+01 9.170052001460196323e+01 1.121011266380543958e+02 1.224639261813056237e+02 1.024670326309420574e+02 9.222555651391110132e+01 9.222505170932477370e+01 7.315993416857504883e+01 7.406365370480880017e+01 7.321126621054014549e+01 7.595281223573906004e+01 8.055225101982709646e+01 7.212280334180685770e+01 6.155001400841757686e+01 4.146483663378381124e+01 3.827272444477139857e+01 5.530740940307244813e+01 6.370124807519032828e+01 6.471471868686781193e+01 6.398170116961612308e+01 5.555037941277158353e+01 4.579948930581556255e+01 2.605138357519644998e+01 2.512827090001979258e+01 3.455491117979436666e+01 2.252457858617128039e+01 2.162670399153395451e+01
1.031365532277058605e+02 9.481777804748084293e+01 1.031365532277058605e+02 1.071950233513832700e+02 1.028469641185433687e+02 1.110617674776190427e+02 1.074057703724508315e+02 1.157373380095715021e+02 1.028702484716018120e+02 8.242710954072123286e+01 7.721123725607682786e+01 8.994087216263339712e+01 1.103411292197731512e+02 1.231355565460581971e+02 1.206998442164665306e+02 1.083324130902081350e+02 8.800874620367994794e+01 8.800890097581027760e+01 8.888871876064747823e+01 9.397478893522293220e+01 8.971645140055527179e+01 7.212282788094837827e+01 5.159459682016104409e+01 4.629093013691485226e+01 6.155006088577194134e+01 5.218727809184366606e+01 5.218732471344569035e+01 7.256409925951415119e+01 7.588487516951687439e+01 6.156584385425241379e+01 4.943334782476004818e+01 2.969634762712640708e+01 4.569411055619654149e+01 4.326861447557548246e+01 2.835158808916626683e+01 3.999497380432335092e+01 2.974393991957395755e+01
9.080535645914483212e+01 7.483357383199555102e+01 9.312993889846089246e+01 9.503589441451678965e+01 1.033515397367901016e+02 1.041588556066533613e+02 8.737596412662786349e+01 1.041588556066533613e+02 1.079830679419754773e+02 8.994087216258040485e+01 6.953406497691534582e+01 8.395567260624474670e+01 1.043904237780068911e+02 1.027982047825172600e+02 1.136160160751493180e+02 1.165687013215681418e+02 1.083323679339225976e+02 1.083448196221139597e+02 1.091925446814521052e+02 9.577601000738634696e+01 7.535410541349759228e+01 6.073522832721816656e+01 7.161311830001390888e+01 5.109374254286131389e+01 7.161311921222915089e+01 7.256249602964219036e+01 7.256479351363107355e+01 8.098365591198256652e+01 6.599178088414674903e+01 4.724681308397063617e+01 3.339673370911896910e+01 4.943334782476004818e+01 5.357677404798709375e+01 3.452722928505627209e+01 4.806706070392619523e+01 5.285300847027611582e+01 3.955688013338858156e+01
7.087879330786081766e+01 6.495902223889144977e+01 8.091802492056376650e+01 7.507021190435509084e+01 9.503589441451678965e+01 9.584155634460893225e+01 7.591275978964756632e+01 8.518916651041091370e+01 9.348283485183030450e+01 7.914847006274126784e+01 6.481149994760623656e+01 8.513094156964615422e+01 1.017943629238997545e+02 8.838557287784165339e+01 9.325908795582576261e+01 1.136160160751493180e+02 1.107795570295992746e+02 1.024553296023965743e+02 1.085448146616416096e+02 8.835489536594263882e+01 7.381956868508515868e+01 8.133553297254779579e+01 7.712266797058492784e+01 5.650751793374798382e+01 7.712279045421918511e+01 8.863728104783358219e+01 7.840279618774772530e+01 6.997273765217953212e+01 5.756914949361088674e+01 3.765195643962454142e+01 3.920628513717540642e+01 5.919786581622916088e+01 6.142640672751479514e+01 4.807100693139745573e+01 4.157854237560280097e+01 6.047268133800851331e+01 5.294633339938318528e+01
7.671514852912994797e+01 5.698205943915600358e+01 6.111936783965679609e+01 7.507021190435510505e+01 9.503589441451680386e+01 9.930089461008364538e+01 7.934389734300492592e+01 6.538224119772790743e+01 7.710302311215637872e+01 8.079882205062345690e+01 6.057656906537938113e+01 8.079882205115546867e+01 8.143051923395528036e+01 7.663060879466144115e+01 9.103034010463315440e+01 1.113937744288195546e+02 9.920067054999196898e+01 8.241854570485737952e+01 9.920067054999196898e+01 1.025752064584918912e+02 9.426854294289360325e+01 9.382460410355722047e+01 7.336920440603631732e+01 6.379951246271829035e+01 8.440953314753285497e+01 8.025568884259659796e+01 5.968978646176250180e+01 4.954203725228419586e+01 4.211472609327582006e+01 5.756914949361088674e+01 4.567773154071014119e+01 6.595793295398871692e+01 7.473028430376632514e+01 6.567830530099972464e+01 4.690914523217917775e+01 6.567831739383959189e+01 7.169484597877749366e+01
