LEM/with_lateral_4open/elevation_000165.asc
nrows	100
cellsize	150.0
xllcorner	0
ncols	100
yllcorner	0
NODATA_value	-9999
[rows 0 to 16 of 100, columns 0 to 36 of 100]
8.271705653423140625e-02 2.127631151761726416e-02 9.425194436011796739e-02 4.939197167322698090e-02 3.975871534419905817e-02 6.171646774684565184e-02 1.696294146011132625e-02 1.936121709489252440e-02 4.216450047424835645e-02 2.297044857093000214e-02 6.704298068806634203e-02 4.162315340452049650e-02 3.835349583220235004e-02 2.777463300387698203e-02 2.207885817162396139e-02 7.161913568127860341e-02 9.025521335945362045e-02 3.502399586135773735e-02 8.040414306008919487e-02 3.131346976591601466e-02 7.604099264847130613e-02 2.387740603804927586e-02 5.687112022313325910e-02 4.074439634684711570e-02 8.709178300582484655e-02 7.612946965408906586e-02 1.077918208624280109e-02 9.929772718869623455e-03 4.600412614040166881e-02 2.152795518990661267e-02 2.378824418737431057e-02 9.511189423522797837e-02 9.406546861214974686e-02 1.749038473908382007e-03 2.223905489293687143e-03 6.269637160239108220e-02 9.476101746191394060e-02
7.813061968023242432e-02 2.002127631151726206e+01 1.423638756809119421e+01 1.419152759540430253e+01 1.418189433907527430e+01 2.006171646774648920e+01 5.180940736403355729e+00 2.001936121709453786e+01 6.366719820811034047e+00 2.002297044857057529e+01 1.420917860441914193e+01 2.004162315340416356e+01 7.109421304031231514e+00 2.001586208518654075e+01 2.331479934930132281e+00 2.007161913568092260e+01 6.414810533696185146e+00 2.003502399586100324e+01 1.008040414306000265e+01 2.003131346976556060e+01 6.400596312985256553e+00 2.002387740603769473e+01 1.419900674395395868e+01 1.997443524245561264e+01 1.062991112785998782e+00 1.187909937836719010e+01 2.001077826788815628e+01 1.415705686154619514e+01 1.418813975003019223e+01 2.002152795518955131e+01 3.109855243429206606e+00 2.009511189423486854e+01 8.259031277889340217e+00 7.561038498661211804e+00 2.000222390548893969e+01 1.420483199533346585e+01 2.009476101746155763e+01
2.526786264046545702e-02 2.002526786264010994e+01 3.423638756809189942e+01 3.419152759540500597e+01 3.418189433907598129e+01 3.052616557465224645e+01 1.052616557465188940e+01 3.052616557465224645e+01 1.303338648747775963e+01 3.303338648747846662e+01 3.420917860441984715e+01 3.466513020348060792e+01 1.466871061567344015e+01 2.465479470658547001e+01 4.656432709806527903e+00 2.465704131629269469e+01 1.308147720036279260e+01 3.308147679754960535e+01 2.162740952685231477e+01 3.306726298116809204e+01 1.306726297965198214e+01 3.306726298116809204e+01 3.419900674395324813e+01 2.310860100718005583e+01 2.040048512544347048e+00 1.143818916583449941e+01 2.901359934649275019e+01 3.426194627993259445e+01 3.418814024295908638e+01 2.623332065190842144e+01 6.233330481201314832e+00 2.623332065190831131e+01 1.720330318788834134e+01 2.756109091741975803e+01 2.021014966078045916e+01 3.420483199533416752e+01 3.768072505643988279e+01
4.163169627051844027e-03 2.000416316962669683e+01 3.305006121193988378e+01 4.133433245940208423e+01 5.133433245940225476e+01 3.655639246620797422e+01 1.655639246620726723e+01 3.655639246620797422e+01 2.059267594766243903e+01 4.059267594766314602e+01 4.879949848760008990e+01 2.881051613781251675e+01 3.466515351904705966e+01 2.703068252736543897e+01 7.029996026194244685e+00 2.703068382227862898e+01 2.064076666054720377e+01 4.064076601297455937e+01 3.576954515058276485e+01 4.135153463397749363e+01 2.306726297965215977e+01 4.135153463397749363e+01 3.769995097306850340e+01 1.731169867105900551e+01 3.024159023917502687e+00 2.285238093222077893e+01 2.711513022892634694e+01 4.362941967309117786e+01 4.361983838007673597e+01 2.361989399390871114e+01 9.477758903816537739e+00 2.947774198945449342e+01 2.875030857168065168e+01 4.548757443417229496e+01 3.175715917729985804e+01 4.849543251984902525e+01 4.594094573074043808e+01
5.883922493566802470e-02 6.383394545272453868e+00 1.305006121193917856e+01 2.305006121193935442e+01 4.305006121194006141e+01 4.362746027807357052e+01 2.362746027807286708e+01 4.362746027807357052e+01 3.059267594766261666e+01 4.887694719512533936e+01 5.705400562289399602e+01 4.879949848760008990e+01 4.360005724859627918e+01 2.359753054954578388e+01 9.455352276557595914e+00 2.945613497883268650e+01 3.218777204429756722e+01 4.064076601297455937e+01 5.576954515058205430e+01 5.135153569783172145e+01 4.306726298599316038e+01 5.135153416045209696e+01 3.869823118810172247e+01 2.416126858499730901e+01 4.013038008674444157e+00 2.418738273940004291e+01 3.376742634978440094e+01 5.041997821408920544e+01 4.704977764420161179e+01 2.704986534580699953e+01 1.290773060666668570e+01 3.290770400527991768e+01 4.875030857167993759e+01 5.703457981715192915e+01 4.589937585613549231e+01 5.836620352477640949e+01 4.681709953663619928e+01
1.256007409845548775e-02 2.001256007409810067e+01 3.305006121193846980e+01 4.133433245940208423e+01 5.133433245940225476e+01 5.191173152553577097e+01 3.517446566186578849e+01 5.191173152553577097e+01 4.473481157139406861e+01 5.887694719512551700e+01 6.217593814403610963e+01 5.046129877754799509e+01 3.045751413043191747e+01 1.631529568343373526e+01 1.237265210651551151e+01 3.237356845366456781e+01 5.218777051222389929e+01 6.047198387373170902e+01 6.892491942503855284e+01 6.534543692733151943e+01 5.411990900931856174e+01 4.532525698565311956e+01 3.047003189887402286e+01 1.022512819598475708e+01 2.400162522755889682e+01 5.456335934187834802e+00 2.388864192015462606e+01 4.402105394801466787e+01 5.121907471037428650e+01 3.122014541163690637e+01 1.707801888780810984e+01 2.359818026293800131e+01 3.774031234517377698e+01 5.774012946743351904e+01 6.590197292367680859e+01 5.008090352809685442e+01 3.007993618409888015e+01
9.594114293757748102e-02 1.164294652417828502e+01 2.578508158560322627e+01 4.578497501732859121e+01 4.975566648768634082e+01 5.804267982347791133e+01 5.517446566186649193e+01 6.345873690932869238e+01 6.473481157139548259e+01 6.802835383352265808e+01 4.801730645360625260e+01 3.387459406361205083e+01 2.387458521407783607e+01 3.535515293255931368e+01 1.535407607651525730e+01 3.535515208256649089e+01 4.478419932939726067e+01 6.479593704184206615e+01 7.205354425985123612e+01 5.743017475310623610e+01 3.784862506572601148e+01 2.625772289363409939e+01 1.718739532525810176e+01 3.027190677154907306e+01 2.668120743540703188e+01 6.482334472013340232e+00 1.553507484370607550e+01 2.984778346594698206e+01 4.992486031690385317e+01 4.155009628434128643e+01 2.155015484280761129e+01 4.155009628434128643e+01 3.774031234517377698e+01 5.774012946743351904e+01 6.422267204374900018e+01 4.422207987494465442e+01 3.267506753889455950e+01
7.711341127313005306e-02 2.007711341127277649e+01 3.154188849279638873e+01 3.820855221583346406e+01 2.975547788803350358e+01 4.130248412874081509e+01 5.544464778812600514e+01 7.544606867603509670e+01 7.803820389127027113e+01 5.801850377577503792e+01 4.387467488279445149e+01 3.387459406361205083e+01 4.387650029807524277e+01 3.883693299345303984e+01 1.883562919562927362e+01 2.478216712781861020e+01 3.892450510757419835e+01 5.893076712413068918e+01 6.397566941770829629e+01 4.435004554241513830e+01 3.436245004391813751e+01 2.674501823866532391e+01 3.733290452065044462e+01 3.726777582547413914e+01 2.370511763359115776e+01 7.518127463943939937e+00 2.774451992557079194e+01 4.402345455253764328e+01 5.528024161901325328e+01 4.640078951482059466e+01 2.640086734353418763e+01 4.640078951482059466e+01 5.774012946743351904e+01 6.602367674711648249e+01 7.251086786413853247e+01 5.524415879365346882e+01 3.524391361339952056e+01
2.297228869525369793e-03 2.000226747991650456e+01 1.154180578437681959e+01 1.820847245105938228e+01 3.820855221583346406e+01 5.760473924339446228e+01 5.577344781294807063e+01 6.405602815190601973e+01 7.076348183289955784e+01 7.218523138495883984e+01 5.387840653253847734e+01 5.387840653253847023e+01 4.473515649579199760e+01 2.473330744224836053e+01 2.590669701998891128e+01 4.478420209742045444e+01 4.111266579904602025e+01 6.112066615154359539e+01 7.205367119691021571e+01 6.225889752392375698e+01 5.416058478583072855e+01 4.694359100663882600e+01 4.258616910034084668e+01 3.065487820818380982e+01 1.038025944181340599e+01 8.675650751963260632e+00 2.891299708726471707e+01 2.688649502770176625e+01 4.699049960099519296e+01 5.468443824553600763e+01 4.640078951482059466e+01 3.456583315065247319e+01 5.456570006130284867e+01 7.284849927705674588e+01 8.284762303994415333e+01 6.353095796098146764e+01 4.679092159034951948e+01
9.647730019007895452e-02 3.013777130147964112e+00 2.301378997362220247e+01 3.139987624022933588e+01 2.932180362307498811e+01 3.944364967419026158e+01 3.577361129164451370e+01 5.076412320665472322e+01 5.076412320665472322e+01 6.660606989095224151e+01 7.389718724112063342e+01 6.324733508389830661e+01 4.324002496319195643e+01 2.909766524817114686e+01 4.590871382042252691e+01 3.745373292454339520e+01 5.745843251270554930e+01 6.942261164477801572e+01 7.051620699189282959e+01 6.055908178599763403e+01 5.229624345792201012e+01 4.476832878602132126e+01 3.412397358356947308e+01 1.341278569980409330e+01 3.065485464998593557e+01 2.891342191204903145e+01 1.032480334733098992e+01 3.057486791010104454e+01 3.226090394514093163e+01 5.232957382380181599e+01 6.284898329605253764e+01 5.456567650420161186e+01 4.456583289089203248e+01 5.456583016462017355e+01 7.456530371628343801e+01 7.507987471184397066e+01 6.679149555758236545e+01
3.582433992925927735e-02 2.003573791170448004e+01 7.864489630874603954e+00 1.140002353680731062e+01 1.517966826689955084e+01 1.944368259401168686e+01 2.499068455626387930e+01 3.076418724816003447e+01 3.832347670832836428e+01 4.987048194709777960e+01 6.987023869675982723e+01 6.543758260539058824e+01 4.542824936043959383e+01 3.426164305339770522e+01 5.426483146300972749e+01 4.900102698293635228e+01 6.575756334197082253e+01 7.635916082578224007e+01 5.639427233651920801e+01 4.235029342953531994e+01 3.237942556646057568e+01 2.453869609587059486e+01 1.720584238486521755e+01 2.832221994757884076e+01 4.258508875065805199e+01 3.057552829482531820e+01 3.057553087637372613e+01 1.200484132699738105e+01 3.207749654383490423e+01 4.262116438450768641e+01 5.413558963388320677e+01 6.273991862849923251e+01 6.456556691864226138e+01 7.284849927705674588e+01 8.284762303994415333e+01 9.068333311816952857e+01 7.947179585201126883e+01
1.813270376062421294e-02 2.001813270376026921e+01 2.786447174038221419e+01 2.554215896448996403e+01 2.672667364248240318e+01 3.944364967419026158e+01 3.577361129164451370e+01 5.076412320665472322e+01 5.832337375361542797e+01 6.660606989095224151e+01 7.815191768130645755e+01 7.374175538765008753e+01 6.029643459913442172e+01 4.029187011227782023e+01 5.426483146300972749e+01 6.901146331647723287e+01 7.731786340098331323e+01 7.646026802856189875e+01 6.620189135545605552e+01 5.470955537345770381e+01 4.218785208562501765e+01 2.179293685578073436e+01 3.214869176446686083e+01 4.631244785000412634e+01 5.684779846823007432e+01 5.066195777956338731e+01 3.986150390277160938e+01 3.162910291127723283e+01 1.371479790235449236e+01 3.423054843219406251e+01 3.198817221667335531e+01 4.793343523321476596e+01 6.910891490390895342e+01 7.001283648555209993e+01 7.841166476566380084e+01 8.267205866265086911e+01 6.322078758388318676e+01
2.372884694381488524e-02 1.416586447067489019e+01 3.416586447079660616e+01 4.554208791345877927e+01 4.672661237879594154e+01 5.500981592274816734e+01 5.577344781294807063e+01 6.405602815190601973e+01 6.474891577625255934e+01 6.474891577625633943e+01 7.303318519378083806e+01 7.444810497816733630e+01 5.443462079790540287e+01 5.029191839464108682e+01 6.859636746179280919e+01 8.259255076423917785e+01 7.646026802856189875e+01 5.649276848813335761e+01 5.793172912189907464e+01 3.806141597137815324e+01 2.642548586651198761e+01 4.218830870094571850e+01 5.044895120363010932e+01 6.047722680925590311e+01 6.843691965573361813e+01 5.640973463539336308e+01 3.689434239165991869e+01 3.510179757182730498e+01 1.494171647530491676e+01 1.846319279089865617e+01 4.012832884599973937e+01 4.862424469778925840e+01 5.341648266157911706e+01 4.968653725584098879e+01 6.752517369373397571e+01 7.918884988283886628e+01 7.947179585201126883e+01
8.175220331382776484e-02 1.422388782704490318e+01 3.422388782704560839e+01 4.202291378750302187e+01 4.225621067428911459e+01 5.054048122230197038e+01 5.121338189449713241e+01 5.474891579674923037e+01 4.474891581735582236e+01 4.474891581735582236e+01 6.474891577625633943e+01 8.275811412568022263e+01 7.444810497816733630e+01 6.443598912474175222e+01 7.860740307782403136e+01 8.241982287717790712e+01 7.413586460539846712e+01 6.015687292412601295e+01 4.029655054457009555e+01 3.142038243337691839e+01 4.645959847556365219e+01 4.063596020097845241e+01 6.051910498042227005e+01 7.415467276302707944e+01 5.458327366720413210e+01 4.060756712440677774e+01 3.702586548291832713e+01 1.682397311216113422e+01 3.520152667545492164e+01 2.782635476390728613e+01 2.386549855155676525e+01 2.795362204562053776e+01 3.269534289678490779e+01 3.873067369512216374e+01 5.061879469448202684e+01 7.079888236166567594e+01 8.454116312181000126e+01
9.124702163186203252e-02 2.009124702163150644e+01 2.520816575232568724e+01 2.202291379779106961e+01 2.225621068260184998e+01 3.369062926468032515e+01 3.121338191144741003e+01 3.474891581737781365e+01 3.060678019365574087e+01 5.060678018158710501e+01 6.152372743217305384e+01 6.908301687866561736e+01 7.736728620687532043e+01 8.446022083159279248e+01 8.828157055118570895e+01 6.827652135331149452e+01 5.415081931924874681e+01 5.699927498855868180e+01 3.717003596658090459e+01 4.287209927974899415e+01 5.953525047822573413e+01 6.051910498042227005e+01 6.879122057315323957e+01 7.128642596014074684e+01 5.134873992371678497e+01 4.637991577581904323e+01 2.649074072763162491e+01 1.817434778410630614e+01 3.832691824901014144e+01 4.275832775173729061e+01 4.418863076768938214e+01 4.862424469778925840e+01 5.341648266157911706e+01 5.914790331474691953e+01 5.014393698215162232e+01 6.412352317243696120e+01 8.419064504780034497e+01
2.239863785106879432e-02 2.604387535322674196e+00 5.208165754939140690e+00 7.880778174063372887e+00 1.070920529880953964e+01 1.369062926880923392e+01 1.707124628772324115e+01 2.060678019365591851e+01 4.060678018762098418e+01 5.209563702697508347e+01 4.152372745470643167e+01 4.908301691489071317e+01 6.322515253845517691e+01 8.322515241534323138e+01 9.413751003424802377e+01 7.413586460539846712e+01 6.345340855969362082e+01 4.356043287822549814e+01 4.857416259291708371e+01 6.275373376965126226e+01 7.103112430590593362e+01 7.825387790674879795e+01 7.000758896088824201e+01 6.768805179361619651e+01 5.134873992371677787e+01 3.138283606782596635e+01 2.131510347610981881e+01 3.832691824843148254e+01 2.062080062586812446e+01 4.068209416198756401e+01 4.778333518612729591e+01 5.293491267948147794e+01 5.958469001650129115e+01 6.783192851577986460e+01 7.000104709083402099e+01 6.736752821676040526e+01 8.657412267050284527e+01
1.766589122093755945e-02 2.001766473529798773e+01 2.520816546404113012e+01 1.942778355785568323e+01 3.070920529529612608e+01 3.369062926468032515e+01 2.438107894530602238e+01 4.060678018762098418e+01 2.709563703888630570e+01 3.209563703888613162e+01 4.364264242267823590e+01 6.364264239449709493e+01 6.908301687866561736e+01 8.908301639271847705e+01 8.828157055118570895e+01 6.827652135331149452e+01 5.415081931924874681e+01 5.500603665341290593e+01 6.850819255074419800e+01 7.679082675961794280e+01 8.518775651764468648e+01 7.000758896088572669e+01 5.005020679408548290e+01 4.774527330126623070e+01 4.450689763168321633e+01 2.451742626301960115e+01 4.136578799577137744e+01 4.894912343879451555e+01 4.069002131555908619e+01 2.307481575582260191e+01 2.782436534824442376e+01 3.298578944179001837e+01 3.963535800544192256e+01 5.374400766772404836e+01 7.368534455643235503e+01 8.552357882328787753e+01 7.918508031981150452e+01
