LEM/with_lateral_4open/elevation_000388.asc
nrows	100
cellsize	150.0
xllcorner	0
ncols	100
yllcorner	0
NODATA_value	-9999
[rows 34 to 50 of 100, columns 37 to 73 of 100]
8.082102618927785898e+01 9.371339977302291402e+01 8.122614688883722067e+01 6.701305416544596483e+01 4.686531493153562877e+01 5.446943677785599647e+01 6.458465141943642607e+01 8.468509343483187024e+01 8.876507133529293014e+01 6.866531593773669329e+01 5.688675131576226107e+01 5.075086195181921056e+01 4.535934289092670468e+01 4.018349702571809701e+01 5.446652758766393987e+01 7.469359343836445930e+01 6.796751123361360669e+01 5.964182706528308842e+01 4.258713328937668052e+01 6.279838386044981036e+01 6.264545075604515745e+01 6.264545081158600226e+01 8.283679514248404985e+01 8.092767859875843328e+01 8.092767859875843328e+01 1.008578551212439294e+02 1.068682531146188239e+02 8.697885478459629383e+01 7.294150167456801626e+01 6.478755983497221393e+01 6.015063411241022351e+01 5.649851012487906843e+01 5.310668911106221657e+01 4.997456486632219708e+01 4.699465417103283471e+01 6.302161031063196361e+01 5.475564968587533343e+01
8.903461891507168957e+01 8.715267965684958540e+01 6.708263501642582582e+01 5.279049846367788490e+01 5.223311950163773787e+01 7.240393004013779432e+01 8.289357450724438081e+01 9.290706081853848275e+01 9.134564464979899867e+01 7.128478130729915563e+01 7.716047214386071573e+01 7.104765461109805358e+01 6.230222640268999612e+01 4.207416897712086268e+01 5.637794426282968629e+01 7.660470869138070782e+01 7.935692789626692445e+01 5.909814735154245824e+01 6.279822717666934295e+01 4.583639588322272118e+01 4.828770653259380907e+01 6.855935862624684773e+01 7.774908660134521199e+01 6.660469085528269773e+01 7.832827144434862987e+01 9.829000356570688268e+01 1.072297658668427829e+02 8.733929419351117929e+01 7.330183066530828739e+01 8.469536114527549842e+01 8.012819829792285020e+01 6.812381131211097340e+01 6.735959596597867005e+01 6.424935669327928167e+01 6.713216286820477308e+01 6.463904893876758706e+01 4.454982351439801391e+01
9.002334552776150645e+01 6.998253544233071466e+01 6.232235781007001663e+01 5.917643216075996548e+01 7.240393004030703139e+01 6.085045019024164503e+01 7.253665525976273898e+01 9.254351808444654637e+01 9.954972305358434426e+01 9.134564464979899867e+01 8.052709586391709706e+01 6.519182307683745137e+01 4.482198141670777858e+01 6.166935402115387888e+01 6.998950364924532153e+01 8.128975749299675613e+01 8.772323070633504472e+01 7.887292264754186988e+01 5.864993208010953651e+01 5.753013294107326914e+01 6.855935862624684773e+01 5.203254367329982699e+01 5.746582833087561681e+01 7.186902576514674479e+01 9.194480921967441134e+01 1.064775309083463100e+02 1.072297658668427971e+02 8.733929419351117929e+01 8.733929419351117929e+01 9.316507846563101225e+01 9.628486160810807348e+01 8.803701584764067434e+01 8.729948151772082099e+01 8.422268805685739324e+01 7.770971715174859185e+01 7.291590201485358591e+01 6.133543381954908824e+01
8.420589480286187722e+01 9.002334552776150645e+01 8.244863130514356442e+01 6.593770402322739699e+01 8.603521400720546808e+01 6.991376919761215447e+01 8.099255044771865641e+01 1.007417477430854547e+02 1.003452819985629674e+02 7.976073691839916080e+01 7.201206135836561373e+01 5.155134651378124033e+01 6.513043012921849595e+01 4.789923793451621492e+01 5.312836044896615562e+01 7.333786657522740882e+01 8.957169606797802430e+01 8.713230329357220683e+01 7.299906585979252327e+01 7.188778084567773874e+01 8.061638441293155211e+01 7.232815995523193919e+01 5.651768101163745683e+01 7.680997864296392663e+01 9.579755823400836334e+01 1.047090115166047184e+02 1.154922550309348850e+02 1.072297658668427971e+02 1.072297658668427829e+02 1.130685705266404710e+02 9.873071559150689325e+01 9.047891497928968363e+01 9.181405021814489942e+01 7.186751110742000037e+01 5.767769897328865625e+01 6.354494125619397948e+01 5.328296961308481627e+01
1.040679139662512114e+02 1.058984939953456603e+02 8.603521400720548229e+01 7.605716075692144784e+01 9.424986218270005622e+01 8.155018137184282523e+01 9.815899062941261377e+01 1.091069497534582524e+02 1.001557734680212945e+02 7.976073691839916080e+01 5.925966839642634909e+01 7.201206135836561373e+01 7.056794002056876991e+01 5.032370153661218382e+01 7.056794002055156056e+01 6.147353598472441405e+01 7.576741617174290866e+01 9.540736545800308477e+01 9.305368984897667417e+01 9.195699665669084766e+01 9.469433605096743634e+01 8.039276078196049014e+01 6.012548441397224508e+01 6.743236366711721530e+01 7.652852188144566981e+01 9.071745638920928911e+01 1.105227113798943464e+02 1.122704196958799656e+02 1.040106033615282399e+02 1.061006233036178230e+02 9.047891497928968363e+01 7.054919979323884149e+01 7.638647821938410232e+01 7.004888198200276861e+01 6.354493785690301166e+01 4.343254627552045122e+01 3.585909260936508502e+01
9.782564359394018538e+01 1.060467859260220820e+02 1.041997809842513476e+02 9.601326725748936042e+01 1.041997809842513476e+02 1.014373143130101482e+02 1.096173740641783780e+02 1.062177566502263488e+02 8.557840199337267961e+01 7.107657038548752837e+01 6.949284936952146552e+01 8.524648864899955925e+01 6.476968171656001516e+01 5.281573430417063264e+01 7.306001615289133611e+01 8.151982413552863704e+01 7.233736751941331988e+01 8.639006054009037427e+01 1.057377645277596372e+02 9.799976045761884791e+01 7.803905675617556881e+01 6.630146882161611188e+01 8.039276078196049014e+01 7.104298888961560010e+01 9.112939815202713589e+01 1.047090115165993751e+02 1.122704196958799656e+02 1.007800746674860193e+02 8.412493740778923268e+01 9.784547715240971399e+01 7.794794345071393593e+01 6.641532573470726675e+01 5.634522605067596857e+01 4.994559173417059839e+01 5.877240822038855583e+01 3.866689857801334540e+01 5.594317076829814539e+01
7.789055279759382699e+01 9.609205423713157757e+01 1.052984066045137155e+02 1.046270744825909418e+02 9.640201641347206873e+01 1.046270744825909418e+02 1.047700442861615926e+02 1.129898227298838549e+02 1.001557734680212945e+02 9.162352901305096964e+01 8.131390396272109911e+01 9.283597760801352194e+01 7.564622732820805595e+01 5.542355730601374120e+01 7.564622732820805595e+01 9.272050122086264423e+01 9.204363347659871408e+01 8.851267150970740261e+01 1.078267548434103276e+02 1.061847790690821540e+02 9.134534802884850535e+01 7.126621439335602304e+01 9.134534802884850535e+01 9.112939815202713589e+01 8.531045205827570044e+01 1.051775767302797107e+02 1.040106033615282399e+02 8.412493740778923268e+01 7.265010898326683275e+01 8.258985887669449255e+01 7.725932443858093279e+01 7.347447507182610593e+01 6.992398258624064056e+01 6.184173743051576366e+01 4.171475089277583947e+01 4.422727306032117411e+01 6.435477203607558749e+01
6.785782645935746871e+01 7.712675729593149754e+01 9.707285439398897608e+01 9.466784914952236818e+01 7.645813140908035166e+01 9.466784914952236818e+01 8.487857515125543273e+01 1.015134539631024637e+02 1.114545583545701533e+02 1.104607340815955183e+02 1.019331540633810107e+02 8.877641624884449811e+01 7.112399333998246220e+01 5.811302870391114084e+01 7.830729571924904064e+01 7.295222096719902538e+01 8.056405645532454685e+01 1.001065596019275006e+02 1.156939075348772263e+02 1.111577261054320331e+02 9.134534802884850535e+01 7.845667619757351474e+01 8.553167807199005779e+01 1.053807888858569015e+02 1.051775767302797107e+02 1.133573985081770275e+02 1.040106025948260111e+02 8.412493740752033489e+01 7.265010898326525535e+01 6.264482663028453402e+01 5.723178409003397604e+01 5.338986615619332099e+01 4.980308134794455555e+01 4.638839459708430724e+01 4.510631422387891831e+01 6.435477203607558749e+01 5.325951125651101847e+01
6.077045289613273837e+01 8.078693431057257612e+01 9.287751021523925488e+01 8.463504577819905705e+01 6.641543042048559187e+01 8.387319049623009448e+01 7.331875297299359318e+01 8.333686904380908800e+01 9.742158759421677416e+01 1.172682123765038682e+02 1.067778653834308500e+02 9.569788228473674963e+01 8.242556028573018523e+01 6.240836247585703234e+01 6.333810838748429717e+01 8.341161054178986944e+01 1.001065596019275006e+02 9.444869329507434941e+01 1.137658571740260385e+02 1.123671810513219071e+02 9.260667994640665768e+01 9.003620504866916008e+01 1.053807888858569015e+02 1.135561680923525643e+02 1.204935126120698925e+02 1.122558619353152949e+02 1.122704091518331353e+02 9.723170405666093075e+01 7.735086426687342964e+01 6.583285501522375682e+01 7.725932443858093279e+01 6.763452279716032933e+01 6.992398428139516398e+01 6.652293090000456743e+01 4.856554243546888472e+01 6.869879332014264151e+01 7.333102656376522077e+01
5.543812233339291851e+01 6.836652591931617451e+01 7.662874354546497102e+01 6.462852577769940865e+01 5.883936953422615090e+01 6.384142743856119040e+01 7.544001986657214331e+01 8.957169832379349828e+01 1.094472608601382859e+02 1.124083976437202779e+02 9.311307926748349928e+01 7.914739540839929077e+01 6.894650495367780252e+01 8.255360614420372656e+01 6.793197041346175524e+01 8.785968643440313031e+01 1.063838124765356383e+02 1.137658571740260385e+02 1.217922251902354418e+02 1.205393308076678665e+02 1.123671810513219071e+02 1.098118988736650863e+02 1.179817099992690714e+02 1.127870036059136964e+02 1.045866291015190939e+02 9.268855103124930395e+01 1.091421845802864823e+02 1.054849987727407381e+02 9.326643178992897276e+01 7.338907511383442284e+01 9.326643178992897276e+01 8.757336705693592194e+01 8.834070327964134606e+01 7.225250404630806145e+01 5.214968042353250866e+01 6.640939807851717092e+01 8.635900972013234878e+01
6.188489352794142206e+01 4.838878576878896354e+01 6.783516330322395049e+01 5.309625867978525804e+01 7.308427607039433838e+01 8.387319049623009448e+01 9.211522029973282599e+01 1.011548337333071856e+02 1.093566625153123510e+02 1.081513210717988187e+02 8.881711636710184621e+01 7.731259540321821078e+01 8.323784950682785677e+01 9.380800384442306949e+01 7.407966722427930506e+01 7.873495059449423650e+01 9.266753887486504482e+01 1.120273891854658643e+02 1.184525189759293085e+02 1.133723199206295646e+02 1.051735369376267499e+02 1.133723199206295646e+02 1.184909034681783737e+02 9.882729008389212311e+01 8.514493691557282773e+01 8.157632875488248203e+01 1.004250955742767673e+02 1.142607697752699920e+02 1.015168424403556315e+02 8.743977405219766297e+01 1.015168424403556315e+02 9.416391505569717424e+01 7.426523275180217354e+01 6.010292538875356172e+01 5.801448675942290123e+01 6.859288320631266345e+01 8.853594943634361414e+01
4.185149876361359844e+01 4.432903731956496074e+01 4.787538954700149674e+01 6.783516554339638560e+01 7.741790528337244837e+01 8.190496722675520402e+01 8.707951037609399236e+01 8.124932054674950166e+01 1.011548337333071856e+02 1.161685762577485548e+02 1.038531039963502423e+02 8.443767297495504920e+01 1.027607385329687872e+02 1.003146933666839402e+02 8.079462446848165769e+01 9.833790745626285457e+01 9.833790774808350932e+01 1.128169083347549844e+02 9.891332818992924558e+01 1.036678382378963050e+02 8.592390069758388904e+01 1.036678382378963050e+02 1.084666968650919330e+02 1.024672594646217760e+02 9.229062332642148192e+01 7.294490773171058606e+01 8.658942137328347144e+01 1.005971733691092851e+02 1.087761340808554564e+02 1.073332424265174581e+02 1.015256937838844493e+02 8.163938734088462468e+01 7.014251431804152048e+01 8.009342186193632074e+01 6.410893202839071137e+01 8.404017890692477977e+01 9.678660660455913956e+01
6.188489352794142206e+01 6.337494307471077803e+01 4.918275481631071244e+01 5.324009701090820101e+01 5.738155032472364780e+01 6.184569009723967525e+01 6.703859086300357717e+01 8.707951033985938238e+01 9.773467699636579198e+01 1.175368304870936100e+02 1.118572823319060063e+02 9.424891492926664682e+01 1.118572823319060063e+02 1.083502139523387910e+02 8.963418502391346010e+01 1.083502980754163048e+02 1.177098612633209740e+02 1.046362246717566507e+02 8.539137728508589475e+01 9.246471447912624342e+01 7.640709224320502813e+01 9.554867345990361116e+01 8.794622907250642641e+01 8.193142134446034675e+01 8.729558103850278883e+01 6.788105338519358156e+01 8.729558103850278883e+01 8.118579228501428702e+01 9.485668432708561681e+01 1.144559398690172998e+02 1.097833465469525294e+02 9.829362331419072518e+01 8.163938734088462468e+01 9.066646256936448367e+01 7.078761158204514459e+01 9.066646256936448367e+01 9.833156078793473398e+01
7.882782887024502827e+01 6.904758739096997999e+01 6.915756593751684989e+01 6.070003428905005904e+01 7.741790528337244837e+01 7.346140711701013970e+01 8.707951035672229523e+01 7.780068506934036066e+01 9.193032240679562506e+01 1.117476300961718323e+02 1.214876182443003643e+02 1.134572930634339372e+02 1.214876182443003643e+02 1.170061256060227493e+02 1.033093915859155629e+02 1.170061358441339934e+02 1.184233742377049623e+02 1.060948496605119402e+02 8.681892762527105845e+01 7.332202306883456799e+01 6.956207065837645587e+01 8.425079077860293353e+01 8.123035553781058127e+01 6.766209522080926320e+01 7.776412582061371381e+01 6.321007546610805861e+01 6.891858026083653499e+01 7.863123855731650735e+01 9.228067782501912575e+01 1.118398867305426592e+02 1.150605194667043634e+02 1.097833465469525294e+02 1.015256937838844493e+02 9.891531177190329061e+01 8.072809346446561563e+01 9.891531177190329061e+01 1.066121706423249975e+02
8.486162788263399648e+01 8.885340565253861200e+01 8.894800700059822418e+01 7.227135736036237290e+01 8.894800700059822418e+01 9.343725467969601084e+01 1.016473828197059817e+02 9.773467737335937500e+01 1.059378195461717524e+02 1.176028272459004427e+02 1.093884646887909895e+02 1.093884646887886873e+02 1.176028272393112530e+02 1.290535828291142764e+02 1.225861043848601071e+02 1.249168950617451230e+02 1.101990588816190098e+02 9.085057572154060779e+01 7.989250240795169589e+01 9.246400880194099159e+01 7.861768554334568648e+01 6.491056574210956853e+01 6.180009612540963104e+01 5.874546440987856499e+01 5.813433679384277042e+01 7.776412582057237444e+01 8.832033801796410444e+01 9.643735812526452378e+01 1.061758482881796937e+02 1.095391423054678768e+02 9.584879593848059187e+01 1.054546577025925842e+02 1.135489519195658517e+02 1.088622317564567084e+02 1.006048316742634228e+02 1.088622317564567084e+02 1.179437714429733717e+02
6.418882735922836957e+01 7.712459429182121085e+01 8.544107703435498991e+01 9.223921974542311375e+01 1.004531933761946476e+02 1.080547232100193611e+02 1.009080219944288075e+02 9.267874774818028527e+01 1.009080219944288075e+02 1.061344295679317469e+02 8.951110476860533538e+01 8.951110476860533538e+01 1.010050744675261427e+02 1.208403887008716566e+02 1.306649218360868758e+02 1.108411550521487641e+02 9.714136650905432191e+01 8.762626297411559051e+01 9.902820692073689202e+01 1.059432779316711617e+02 9.228450547589808650e+01 8.168057163995106862e+01 6.253694723629728713e+01 5.855078830330316464e+01 5.466601976700022192e+01 7.178704912611635791e+01 7.947751070065774570e+01 9.042483271985715021e+01 9.273777006581578064e+01 9.999024598052393742e+01 8.253078492860733206e+01 8.643154004148217950e+01 1.054546577025925842e+02 1.001440340097321524e+02 9.173878314131992795e+01 9.437662778199083391e+01 1.027790573078448375e+02
4.989160122467750824e+01 5.699202500130279248e+01 6.861427921854807721e+01 8.874990087612192724e+01 1.039056351116238375e+02 8.815639563947512158e+01 8.815639563947512158e+01 7.270858156286797680e+01 8.612670457076528407e+01 8.977555562533525801e+01 7.798147799431676219e+01 9.791226558809263736e+01 1.079376628554767024e+02 1.161509867076187703e+02 1.260691649515821098e+02 1.207530394477321352e+02 1.011539416730340974e+02 1.011539416730340974e+02 1.150969110912022728e+02 1.014410595384402853e+02 8.734270082676870572e+01 6.842439113667400363e+01 8.168053988670962440e+01 7.787639306367034919e+01 7.178704912687206274e+01 5.191303648045409602e+01 6.349584448229425959e+01 8.237410245448130297e+01 7.368688948832452468e+01 8.391752146269834611e+01 7.304049239692290030e+01 9.200328220511180177e+01 9.858875325308794402e+01 8.844718698700805248e+01 7.149272720466571229e+01 7.411531666617118219e+01 9.437662778199083391e+01
