LEM/with_lateral_4open/elevation_000354.asc
nrows	100
cellsize	150.0
xllcorner	0
ncols	100
yllcorner	0
NODATA_value	-9999
[rows 17 to 33 of 100, columns 0 to 36 of 100]
5.222468517465790605e-02 1.419436030890573264e+01 3.419436030890643963e+01 4.518882401612606969e+01 5.347309526376722744e+01 6.013462113245434182e+01 6.599282292991316012e+01 6.189802253817137512e+01 4.728251585285142511e+01 4.728251585285142511e+01 4.023150622994355530e+01 2.444810569295002267e+01 4.438538561082089728e+01 3.495365647204688742e+01 3.912020476384015666e+01 4.664660486561075459e+01 5.473092279019044781e+01 6.460058067426177786e+01 8.452696603480754334e+01 7.314722329124116129e+01 5.375075306296953670e+01 4.249565902156189168e+01 3.637514067290688757e+01 5.209174094856292925e+01 4.839332345315541062e+01 6.051149644183941945e+01 5.803165321093265305e+01 3.987467719296894586e+01 4.656720666086172145e+01 3.022633914931735433e+01 4.018757869650959691e+01 6.009992847539496097e+01 7.165804654075245139e+01 9.150699150628369694e+01 8.521315708583543369e+01 7.346710341780143949e+01 6.047745591434721035e+01
7.333276091007127906e-02 2.007333276090971452e+01 2.822839855304545509e+01 4.822839855304474099e+01 5.427794756293353373e+01 4.013515679326026486e+01 4.599286427811167499e+01 5.361231103711224222e+01 3.361270551800775763e+01 2.728288716868665986e+01 2.023173956948197016e+01 2.321316353871452876e+01 4.321288932123292170e+01 5.483548238509519024e+01 5.897562341662070651e+01 5.059197634109165875e+01 6.201524588436321750e+01 8.191979523964866416e+01 9.285142570119184313e+01 8.126706602659797340e+01 7.003357829932784284e+01 6.082030827741555612e+01 4.135791030131800028e+01 4.144452532386274157e+01 6.090596252171852143e+01 7.623134876568873608e+01 6.747602379959758423e+01 5.348872691966523263e+01 5.280511951819308081e+01 3.288929354978333208e+01 4.179751072613773033e+01 5.176281802345221195e+01 7.165804654075245139e+01 8.631099194276826836e+01 7.675476279196568896e+01 5.644131912165978804e+01 4.468154731321330075e+01
6.343274376862209629e-02 8.228398553045812136e+00 2.237053417677651268e+01 4.237053417677579858e+01 4.599286427811167499e+01 2.599322221783944542e+01 4.599286427811167499e+01 4.282024524462034520e+01 3.453551755781305133e+01 1.728290044645786239e+01 3.728270151088425166e+01 4.321288932123292170e+01 2.757752126912466295e+01 4.757716995616037536e+01 6.039142552403446018e+01 7.042789831127636546e+01 7.871410484294543153e+01 9.023461338170774582e+01 9.223745636133649839e+01 7.270750076710146459e+01 5.904241588281907127e+01 4.934796538562545720e+01 6.082030827741555612e+01 4.522231479588322145e+01 5.896209055339178917e+01 7.835993742690858710e+01 8.146332070735788022e+01 7.081285981288175435e+01 5.612434088384341635e+01 3.620901100215505153e+01 4.070172026570088519e+01 4.670935696404246329e+01 5.821842016909710082e+01 7.809510151555824109e+01 7.827926649373004864e+01 5.795867757229051875e+01 4.355943994855200430e+01
3.497053469895897854e-02 2.003497053469860489e+01 3.651266980041595644e+01 3.875803498179786999e+01 3.892192301109986374e+01 1.892216271581249032e+01 2.997775866442611914e+01 3.185091637233134065e+01 1.453568916748735873e+01 3.453551755781305133e+01 2.993196493907996825e+01 4.993154924102023529e+01 4.757717060312954516e+01 3.210662866232362234e+01 5.210617630263829625e+01 6.531523274731020479e+01 7.945842930849903496e+01 8.182785234116275319e+01 9.011656821401469131e+01 8.655945955444869355e+01 7.605414010408702552e+01 5.668965872250367966e+01 6.859678082393348575e+01 4.923017205154935994e+01 6.291156992634303435e+01 8.232209407784750965e+01 7.664557152313484778e+01 5.676229845967983323e+01 4.266988253527245689e+01 4.134984213688773735e+01 6.061622804324604630e+01 6.661929418644623979e+01 5.821842016909710793e+01 7.809510151551785384e+01 7.406357149069073387e+01 5.375730904994791359e+01 6.391044026967608715e+01
9.635555453094322986e-02 2.009635555453058942e+01 2.309083539771544480e+01 1.875792773360023347e+01 2.615885968040527843e+01 2.772048174864707093e+01 9.977893323468004283e+00 1.185106494663137688e+01 3.185091637233133710e+01 4.282024524457136749e+01 4.993154924102023529e+01 4.993154924102023529e+01 6.039145504492381633e+01 4.624850979153340091e+01 3.703028327832430477e+01 5.117203618612140303e+01 6.768607939242923521e+01 6.182836524106285481e+01 8.182785234116275319e+01 9.491912300105754241e+01 8.417702242536641677e+01 6.632929899092025039e+01 7.291836740626503399e+01 5.359164466877591337e+01 6.722180511292918936e+01 8.667108253017782715e+01 7.881631054819614235e+01 5.893828947190376510e+01 4.842309606932748522e+01 4.735743933241282377e+01 5.761847273735080677e+01 7.750055868487531541e+01 6.970794057347286810e+01 8.631099190317308967e+01 8.251734602202789404e+01 6.389856113029147622e+01 8.251734561491012698e+01
8.845047570523793812e-02 1.587513853696959298e+00 3.090805909702613707e+00 4.615791613028654261e+00 6.158825112649567224e+00 7.720562731535621559e+00 2.772049588922263297e+01 1.505789831928249356e+01 3.504001153921929301e+01 4.038775833091883527e+01 6.032871481548983894e+01 6.993173821870109919e+01 7.453440029831426727e+01 6.531523259396702485e+01 4.857705352847213476e+01 4.268710959308940289e+01 4.768704610998692317e+01 5.663092999791238213e+01 6.663011878350168615e+01 8.662964747239291796e+01 8.577898121725392855e+01 8.577898121725392855e+01 7.774998383159091020e+01 5.842352948268983681e+01 7.203374180684237160e+01 9.155016585128483086e+01 8.703382349241250893e+01 7.433124787814041667e+01 5.443949470261578938e+01 5.441203635650839487e+01 6.727109727104894432e+01 8.571856115402148646e+01 8.955217642779207665e+01 9.776540288403681700e+01 9.270029760907617344e+01 8.422858185108975704e+01 9.270029760907617344e+01
8.023991185656004221e-02 2.007935493588788489e+01 1.463781040039892822e+01 2.461582352122577788e+01 2.032458073104190177e+01 1.926683579273263547e+01 3.599962620421713666e+01 3.431217899707835528e+01 2.040314004155364813e+01 4.038775833091883527e+01 5.495796919596305230e+01 6.387595035307452918e+01 7.537052951849567251e+01 7.686286777841834805e+01 6.857620579282870210e+01 4.975804039495079678e+01 6.768607939242923521e+01 6.182836524106285481e+01 8.182785234116275319e+01 9.491912300105754241e+01 1.054394127007031727e+02 9.155021270719444715e+01 7.203374186746307828e+01 6.802047455048908375e+01 7.203374187985033927e+01 9.155021904887352946e+01 8.836317846000099507e+01 6.851903192485600869e+01 6.335637970491477944e+01 6.195138400127461153e+01 8.180968265828494168e+01 9.534455643437473782e+01 9.930461625693408223e+01 9.095023086960740955e+01 9.357865638654728002e+01 1.019264037883935572e+02 8.679388900438401322e+01
4.598823041778624804e-02 2.004598823041743216e+01 3.463665416765092431e+01 4.288698673348911683e+01 4.064689262420301930e+01 3.921818887576363011e+01 4.740331277642782482e+01 4.808348722480013748e+01 3.195053883208695567e+01 2.672797887409009832e+01 3.567391908278663948e+01 4.721460103785906881e+01 6.712430679416733881e+01 7.981664296053621399e+01 7.804367125176608511e+01 6.130435134643612827e+01 6.608693455203217582e+01 8.182785234116275319e+01 9.011656821401469131e+01 8.960267343979302268e+01 9.784625030637096188e+01 9.972787494004819564e+01 9.155021270719444715e+01 7.918151867651155840e+01 9.155022092797931066e+01 9.972805506945924492e+01 9.657717361924241573e+01 8.836317846000099507e+01 7.329566833353183597e+01 7.189466616443199598e+01 9.002338943275744043e+01 9.774372994280544447e+01 8.756843168916225295e+01 7.055695275784887599e+01 7.321045952050488381e+01 9.357865638654625684e+01 7.839461823890174230e+01
7.340434288523949025e-02 1.421553996661783259e+01 3.421553999162512838e+01 4.548065252127123159e+01 4.984192671648411732e+01 4.984073063554935601e+01 5.812737281113557941e+01 6.016352251196056500e+01 5.191321488631685810e+01 3.827522723815593508e+01 3.567391908279952162e+01 4.274618337768426812e+01 5.168249186902100689e+01 7.156912971425050785e+01 8.959209371468666916e+01 8.130360982858563546e+01 8.608709600322586653e+01 9.437687732996441525e+01 8.633651357044055885e+01 6.965326822957459285e+01 8.326810752204912092e+01 9.151631978170199488e+01 1.070097959792957028e+02 9.881473699246994613e+01 9.456362782221282259e+01 9.456362782221282259e+01 1.028235334072267051e+02 1.013384053094544583e+02 8.731799706947677464e+01 8.591823506487901341e+01 9.993831856534876579e+01 8.938097460356495105e+01 6.897178241319575420e+01 5.867475583414558571e+01 7.142738420247185616e+01 7.984668859673041652e+01 7.469645109547023765e+01
3.515918393995972474e-02 2.003515918393960504e+01 2.741152568671184397e+01 2.547597917517947153e+01 2.984029896028550866e+01 2.984029267643380123e+01 4.984073063554935601e+01 6.292988382479832410e+01 6.646725791931713445e+01 5.822043493019256744e+01 5.562945533489357786e+01 6.267554691615371354e+01 7.091948756411268562e+01 7.156912659990177872e+01 9.144788929154056234e+01 8.665570173015734667e+01 7.841954930364143195e+01 8.665570173015734667e+01 7.739716293471308006e+01 5.806780475839431688e+01 6.327800608777615565e+01 8.326810752204912092e+01 9.267385816603042770e+01 8.440291240492136637e+01 7.454912924675325314e+01 7.454912924675325314e+01 9.456362782221282259e+01 1.062429188634578452e+02 1.071427649597130767e+02 1.057427437016046810e+02 9.921609521271751930e+01 9.773151701141328829e+01 8.754913049652364521e+01 7.142738420247246722e+01 5.085829241129875555e+01 6.457103614347518317e+01 5.415298843456133682e+01
4.608085242692564615e-02 3.697564569128040990e+00 7.411471332669094636e+00 1.133379403543280972e+01 1.569815184015269516e+01 2.464242376116352418e+01 3.464242424713184221e+01 4.878460653007032732e+01 6.878609271139406189e+01 6.609661878983409622e+01 5.784971662183226471e+01 5.743854599448373222e+01 6.568402556276109294e+01 7.409815958165026473e+01 8.188380152768044695e+01 7.364829956371166020e+01 5.854762845179142516e+01 7.007632857956122052e+01 6.179740414832914297e+01 4.904369339679227124e+01 6.327800608777615565e+01 8.326810752204912092e+01 8.112262352823829303e+01 6.437922740427706003e+01 6.038552817039122544e+01 6.795502604020234116e+01 7.797281344001882530e+01 9.798708652452228307e+01 1.033775457665140891e+02 9.322794506724316932e+01 7.889802520790817653e+01 8.963728270266216214e+01 8.482748106533011878e+01 7.906717223225770397e+01 5.856653997349534535e+01 4.392844506645908353e+01 3.946308660005610136e+01
1.610643649003322755e-02 2.001610643648967880e+01 2.741152568671184397e+01 2.547593314747020798e+01 2.984029267643374439e+01 2.638860167953797387e+01 3.638860313614790698e+01 5.053080442442641385e+01 7.053252612462898696e+01 5.483604801408033325e+01 3.851433995323545645e+01 3.812370691421740787e+01 4.628712219366698122e+01 6.414994964084939966e+01 7.364829956371166020e+01 5.373516629386953980e+01 4.854680481413267756e+01 6.179740414832914297e+01 4.164782733212754806e+01 6.179740414832914297e+01 6.913297124126775373e+01 8.910368703079183206e+01 7.284223247963102210e+01 5.281335666567542120e+01 7.284223247963102210e+01 8.797994998227055419e+01 9.624792723857171950e+01 1.062429188634578452e+02 9.502722955446918718e+01 7.467013984335329724e+01 6.439425285500229279e+01 6.922884059294666770e+01 6.437682896677169708e+01 6.587700564870280573e+01 6.157780834721864238e+01 5.744261260997988217e+01 5.442696606596276609e+01
2.022278438842990689e-02 1.416235840811950553e+01 3.416235840812021252e+01 4.547625519658338789e+01 4.984073063320851560e+01 4.638888810557471487e+01 5.467513881558116395e+01 6.467637727455000629e+01 5.447255119146065283e+01 4.319371097789787228e+01 2.831904547014010021e+01 2.795971148580499843e+01 3.666531510379154213e+01 5.590892494801648382e+01 7.362229844255556088e+01 5.372749557034742907e+01 3.950113022798412743e+01 5.145523374730804989e+01 3.707328769868912843e+01 5.141182904388951158e+01 7.148738005996345635e+01 8.145367399879003756e+01 6.847157345571088172e+01 4.843507753427869034e+01 6.260694922842924370e+01 8.263002880343634615e+01 8.770742195981236478e+01 9.597490819562298725e+01 1.033775457665140891e+02 9.322794506724316932e+01 7.520633489342921507e+01 5.467279977448573902e+01 4.979300977652349047e+01 4.525882403504578377e+01 4.090191331522228779e+01 3.669297748999902353e+01 3.416926059117681547e+01
6.642187732006160639e-02 2.006642187731970495e+01 3.984681561353067281e+01 5.625057407420332112e+01 4.804455244262613434e+01 5.625067160139144562e+01 5.734827038108629438e+01 5.148937185273382511e+01 4.518335812902919457e+01 2.399384404350466582e+01 2.083823932386734157e+01 3.847228399790380848e+01 5.443247100955090190e+01 6.414977674345674075e+01 6.309316382434650450e+01 6.274951616783602759e+01 4.461247151759985741e+01 3.106988666162071766e+01 5.145523374730804989e+01 6.558138785921993019e+01 6.667099000032773404e+01 6.729603571564049957e+01 5.313839743249116054e+01 4.441267572587828738e+01 6.446427427142454292e+01 7.354388667875565488e+01 6.767715827419212360e+01 8.770742195981236478e+01 9.939731928772940250e+01 8.963728270266216214e+01 6.922884059294666770e+01 7.520633489342921507e+01 6.881696692453213871e+01 4.822621289616007090e+01 4.128248172294805585e+01 5.744260926364520969e+01 5.496176170656835325e+01
1.591255364720534082e-02 1.156291793688281011e+01 3.156288356234966486e+01 4.637530110352110313e+01 2.831956987150527283e+01 4.637529608104506451e+01 3.734879715865924510e+01 3.149164672713312640e+01 3.947532915780690388e+01 3.026376605324140456e+01 1.651863519465824126e+01 3.334475109671586779e+01 4.254319703643380279e+01 5.715079968091470874e+01 4.292471933907275172e+01 5.715133079228759527e+01 4.823055373221026088e+01 2.774498382719617595e+01 4.752531926529518813e+01 4.998191974085449374e+01 4.660042293655724421e+01 5.506409565386746152e+01 3.890943378365820138e+01 4.332789824211526053e+01 4.794301900501553604e+01 5.350687997580399724e+01 6.108005850148447280e+01 7.110077389666774650e+01 9.113367210023362475e+01 9.800329491101689428e+01 8.963728270266216214e+01 7.977189193669642009e+01 5.927710389003673441e+01 6.559870478097843716e+01 4.497764801067723539e+01 6.559869226007580778e+01 6.285007437367303140e+01
6.189296070378335485e-02 1.420402863072015265e+01 3.420404643144733114e+01 3.818204171678971193e+01 1.839577400427050691e+01 3.613767972849556998e+01 2.882807239792145992e+01 1.735711612520424296e+01 2.956840090630618434e+01 1.123885637480345068e+01 1.242158495662382833e+01 1.365971873053592844e+01 3.414362292882321270e+01 4.431813882168417962e+01 2.837588920649292845e+01 4.103578666512130013e+01 4.240028600860762253e+01 2.449890781283443886e+01 2.700535595043172066e+01 2.958015494033091741e+01 3.219742555027249864e+01 3.488233694321599643e+01 5.413140608188771807e+01 6.331033615243286050e+01 6.211911784676738790e+01 6.431114358793669794e+01 8.111722299845064299e+01 8.939297972264313330e+01 9.939731928772940250e+01 1.084794736974992588e+02 8.824436535472796095e+01 7.380754824399069491e+01 7.977189193669642009e+01 6.942059251409649789e+01 4.883909719688996631e+01 6.942059251409203569e+01 8.330837113631486091e+01
2.247884206357958492e-02 2.002247884206322581e+01 3.197601969116287179e+01 2.370255601611843943e+01 1.133664085962230139e+01 2.565365607276734039e+01 7.267298613358090797e+00 8.414403134056819056e+00 9.574965446710521633e+00 2.955965525434476149e+01 3.551736853348860024e+01 3.414090828492338403e+01 1.542870998403608063e+01 3.595002726052498332e+01 1.906758029751495087e+01 2.039702884032620389e+01 2.175001558699264237e+01 4.240028615969659853e+01 4.752531926525887940e+01 4.998191974085448663e+01 4.707889384390330889e+01 4.885117501245441929e+01 4.933352846506346623e+01 6.982410017167491390e+01 8.215202636138400294e+01 8.434061952061419731e+01 9.261128407655317574e+01 1.016062191239207380e+02 1.016062191239207380e+02 1.098505092975100865e+02 1.025243855585204642e+02 9.188382869213199911e+01 7.547496118643785223e+01 5.494359809878020684e+01 6.342857912135946918e+01 7.784861099590330014e+01 8.511580026880818650e+01
