LEM/with_lateral_4open/elevation_000569.asc
nrows	100
cellsize	150.0
xllcorner	0
ncols	100
yllcorner	0
NODATA_value	-9999
[rows 51 to 67 of 100, columns 0 to 36 of 100]
6.455108993161302877e-02 1.413857680533608807e+01 3.367095343043612132e+01 4.054626149470456653e+01 3.251597064933618952e+01 2.067663469688777411e+01 4.002321775131988346e+01 5.704926445516974098e+01 4.719909984749432397e+01 2.390403292958829695e+01 2.708363592545149601e+01 4.529230959361193243e+01 6.005882249606921874e+01 5.826026132508922473e+01 5.784033306303186350e+01 3.771347370585201730e+01 2.346433385438750463e+01 3.460032212445153732e+01 1.565389876991108409e+01 3.574738986890819348e+01 4.009583726859070651e+01 2.470978770899234078e+01 4.483367560857696787e+01 5.817927737763064755e+01 7.022507000781348552e+01 6.175303105947389071e+01 6.997973840173716553e+01 7.385825736937430008e+01 5.550937668079676257e+01 6.411646139624595264e+01 4.357240535006364723e+01 6.411646139624575369e+01 6.334099835154624714e+01 4.274918272639273908e+01 6.334099819974334622e+01 5.730751896397131162e+01 3.876022897958738156e+01
3.995603441288197999e-02 2.002914290116349605e+01 3.533948064574537540e+01 2.675659310439710126e+01 1.220892692199821283e+01 3.250980435981174566e+01 4.786110338161411448e+01 4.619520848088114917e+01 4.010447984918312159e+01 2.191691853629623665e+01 4.010447987039139406e+01 5.334624745801588830e+01 5.101137411238097030e+01 3.623035991127868272e+01 5.172580215445835705e+01 4.856415756620628343e+01 2.868393004620016029e+01 1.451300665422436609e+01 3.441127451515608016e+01 4.346805794109556587e+01 5.268034830882108110e+01 4.483367560857696787e+01 2.979372375226917669e+01 4.995111794718125964e+01 6.006813085113208928e+01 6.840897201930796712e+01 7.830171876973142275e+01 8.389359344607171920e+01 6.987314254474576103e+01 6.999917358096303133e+01 4.962086080049380854e+01 6.999917358096303133e+01 6.861959837676108975e+01 4.817566840212663237e+01 6.861959835900880478e+01 5.942799085151535365e+01 5.942799123944016770e+01
4.804567899273937126e-02 2.004778539163215711e+01 2.129514368569360272e+01 8.484241611892899826e+00 6.792214681800604836e+00 2.888853698441296913e+01 3.935727591180760498e+01 2.493063514812866899e+01 3.593619936719620966e+01 1.852951784643983757e+01 3.683789612564245175e+01 4.760304342384274179e+01 4.121815250921815021e+01 2.152344613252746086e+01 3.066768956343304353e+01 3.884098867720987158e+01 3.476480759739991555e+01 1.371604799714046763e+01 2.247213388349579688e+01 3.290672701685542734e+01 5.034700940314115059e+01 5.817927700606544761e+01 4.147652519567820661e+01 3.561752214638195824e+01 4.015996342712168854e+01 5.032080552258920392e+01 6.443739458186546187e+01 8.405577513240619680e+01 8.974278783428722761e+01 7.670923825895026482e+01 5.657904422498857144e+01 7.670923825895026482e+01 7.445354510506655288e+01 5.424416082093910774e+01 7.445354510506655288e+01 7.958198312237858829e+01 7.444099826726656488e+01
9.707512844716031930e-02 6.946894331143569357e-01 1.292570708670307322e+00 1.891255048759556523e+00 2.491287685181780454e+00 2.249402784301889469e+01 2.396082907199777168e+01 9.083523520790038219e+00 3.023214312661795233e+01 1.515644342875183170e+01 2.926094809875734981e+01 2.918682960267787152e+01 3.410504711700861691e+01 1.404768254925736670e+01 1.024810841589025756e+01 3.024878204564507200e+01 3.171620140861667991e+01 1.292345682316620525e+01 3.136028390985365988e+01 4.717096526102989884e+01 5.858707142141162194e+01 6.970247065289566990e+01 6.152762692914830467e+01 4.733495550287457831e+01 5.445545873082735255e+01 4.884014382085333494e+01 5.889918271441086972e+01 7.031457922416144868e+01 8.985185762591632397e+01 8.490426416932177744e+01 6.678666848271747369e+01 8.490426416932177744e+01 8.110424798041185568e+01 6.115213935442032067e+01 8.110424798041185568e+01 8.699971002956030475e+01 6.714264320635977867e+01
5.001202446392439237e-03 1.985909219010568449e+01 2.127993210229092469e+01 2.189063771796431013e+01 2.157365710660486968e+01 3.348473721500020872e+00 3.956929486036083965e+00 4.566391517462951910e+00 2.456976574797553425e+01 2.677478321252448268e+01 1.037476675317455665e+01 2.745288889351494532e+01 2.842086403018321050e+01 9.340460877520875727e+00 2.879624671777872891e+01 1.116002147348205575e+01 1.180500685762596902e+01 2.952888542060239274e+01 4.026698045228979339e+01 4.643384062031819326e+01 5.490000903086016137e+01 6.644236085977806283e+01 7.541666313796602594e+01 6.727556394623698566e+01 7.424658485713578671e+01 6.298532228969035174e+01 6.298532228969035174e+01 8.261797691899660379e+01 9.796551135515971964e+01 9.481310627814761460e+01 8.663180803518305595e+01 9.481310627814761460e+01 8.925898329388886054e+01 7.124369396112462027e+01 8.925898329388886054e+01 8.699971002955440724e+01 8.699971002956030475e+01
5.279685921607564503e-02 1.422119771685140677e+01 3.448670102775175650e+01 3.489461075644308607e+01 1.489708977986640548e+01 2.335299410666322117e+01 2.396092833308395242e+01 2.399919020695521610e+01 5.432286360460056862e+00 2.022920358422858200e+01 7.175945913040218116e+00 7.805601338090346175e+00 8.436061739954029193e+00 2.835979340181554775e+01 3.691100532181885541e+01 2.866958663284714603e+01 2.050436848288911307e+01 1.339289056142689383e+01 3.335990572144688571e+01 2.652663648546353059e+01 3.810673496714657915e+01 5.817972464072863659e+01 5.656213866462499595e+01 6.482191169955807197e+01 7.373958597178604180e+01 8.261797691899660379e+01 8.261797691899660379e+01 9.072687953285664264e+01 1.001525827097807166e+02 1.000514473348083726e+02 9.419881429636765802e+01 9.256549187610605145e+01 9.911187218823089040e+01 9.096480199980864256e+01 9.911187233571659760e+01 1.066796102591537192e+02 9.461461292648813526e+01
5.738623160518319517e-05 2.000005738623125140e+01 3.585656332268629143e+01 4.323689537524276716e+01 3.491754443182162504e+01 3.491754219850431440e+01 3.582766439015638582e+01 1.607060686102919789e+01 2.543524679797664234e+01 6.302471928425211090e+00 2.334537126727323653e+01 2.781765586643726351e+01 1.258553256955762478e+01 2.040751115652878056e+01 3.963361483567987165e+01 4.562326846011406900e+01 3.912588059397615581e+01 3.335990572192757497e+01 1.498822857174349998e+01 3.485084302190075789e+01 4.141153973451305603e+01 4.657515488740050102e+01 3.658817111017599188e+01 4.553942384005517141e+01 5.964804858424172096e+01 7.955855972968136314e+01 9.263224818889696621e+01 9.435089746037255054e+01 8.025511559035172127e+01 8.015954912691508127e+01 7.434429508797560970e+01 7.272181188910010974e+01 8.424885464123464374e+01 9.085328108433164118e+01 9.913405293816992980e+01 1.091034745868104920e+02 1.027645815427931808e+02
4.532054705376769438e-02 7.604601520844902041e+00 1.760385557039942128e+01 3.172790133528011580e+01 5.159973571273251025e+01 5.504418262855913468e+01 4.406259060088250123e+01 2.594646632611978632e+01 3.796278901200462741e+01 2.938803017469973611e+01 2.081778098704134905e+01 1.877368557127405069e+01 3.279058608943850572e+01 3.196646569316692066e+01 3.624409552939154366e+01 5.608916132642151098e+01 5.367799094896415113e+01 4.322036659374495571e+01 3.495336688900645328e+01 1.660971673760871781e+01 2.144807910791624295e+01 2.659250321815994056e+01 3.813548527247787234e+01 5.810395798093247777e+01 7.373958597178594232e+01 7.300117374748319321e+01 7.300117374748319321e+01 8.441888849133997041e+01 6.625893388913671345e+01 7.953869213142738204e+01 6.034813457489604360e+01 5.872201128698934269e+01 6.445164053426545081e+01 7.104000175544076967e+01 8.090569197776378019e+01 1.008008701908996585e+02 1.041394144468525553e+02
9.001595176218035732e-02 2.009001595176182420e+01 3.585666133012801282e+01 4.575955005804677000e+01 4.887196038715034518e+01 5.715623163461194878e+01 5.397062796785026251e+01 4.571418612687240568e+01 5.397062796785030514e+01 4.990848996312722363e+01 3.554313398044561723e+01 2.340693648961496365e+01 4.337948821801849419e+01 5.257346124556186595e+01 5.619438424314761704e+01 5.918314842215634286e+01 4.516513408808051366e+01 2.489206859202985100e+01 2.131782513944669688e+01 1.779180538810920709e+01 3.775286029273974009e+01 4.657515488740049392e+01 5.483977698505146492e+01 6.636403356964858347e+01 7.129747719875268785e+01 5.327357179913747842e+01 7.129747719875452105e+01 7.617094133516640397e+01 5.633471683604049929e+01 6.556803334618642509e+01 5.144483247872523890e+01 7.129961551012327448e+01 8.424885464136804103e+01 9.085328108433164118e+01 9.913405293816992980e+01 1.091034745868104920e+02 1.122997880457046307e+02
5.674351268809080251e-02 2.005674351268773492e+01 2.817767096387665404e+01 3.254202876859611138e+01 2.887196038715105573e+01 4.325300852579143651e+01 4.957756384612807921e+01 5.786183509358968990e+01 6.680610700358752752e+01 6.427152478234161492e+01 4.943999306111489034e+01 2.933957350199304770e+01 3.969987690363886657e+01 5.975188251937926509e+01 6.267030947572666122e+01 4.201039049568571215e+01 3.032020576387835931e+01 4.469306850560703026e+01 3.731370509147575376e+01 1.905076775735487971e+01 3.900438902878572378e+01 4.906429279254047060e+01 6.258060517105850096e+01 6.089586059697693798e+01 6.313274584834312009e+01 4.328556739722921520e+01 6.313274583671672957e+01 7.858873614438147115e+01 6.556803334618642509e+01 4.566384356331560213e+01 6.556803334618642509e+01 7.953870759158834858e+01 8.666862481692641040e+01 8.788463325910670676e+01 9.584721534139504229e+01 9.670768104864801273e+01 1.047682572645880157e+02
9.518805923843161321e-02 4.095188059238415335e+00 8.177670963877011090e+00 1.254202876859682192e+01 1.770600656353995461e+01 2.325300852579214705e+01 2.957756384612879330e+01 3.852183575612763633e+01 5.266397137985808996e+01 7.266397137985667598e+01 5.701877189662225476e+01 3.696720070672979119e+01 4.944000124739201851e+01 6.801956722848504455e+01 7.118857527067736157e+01 5.514413343071625917e+01 3.459078673122282055e+01 5.434169161053540620e+01 4.634166618210907984e+01 3.315917676248498225e+01 2.085031256248683107e+01 4.080350810520030791e+01 4.263552768738260568e+01 4.094135367181061014e+01 4.842342494532575614e+01 3.660139871119527299e+01 5.072695538895859357e+01 6.580917770905982422e+01 5.756877647674791376e+01 4.226843324343065689e+01 6.220361120980398795e+01 7.110463645484831829e+01 6.792093252599610764e+01 6.924745911475119442e+01 8.141765097191868961e+01 7.798129512875065927e+01 9.343667743002261261e+01
9.062254805971975413e-02 2.009062254805936476e+01 2.817767096387665404e+01 3.254202876859611138e+01 3.770600656353924052e+01 4.325300852579143651e+01 4.957756384612807921e+01 5.786183509358968990e+01 6.680610700358752752e+01 7.708689634470272267e+01 6.528910650571879160e+01 4.856095070533508817e+01 6.528910650573186558e+01 7.771064564629949700e+01 6.828580843984677529e+01 4.750698930601982539e+01 3.998069903523397528e+01 6.067488710601523394e+01 6.137168804553317614e+01 4.700720681461157113e+01 2.787096219652189433e+01 2.268337403107005201e+01 4.263558983985071649e+01 2.680744574397553137e+01 2.843350055132998477e+01 4.767229458169759226e+01 5.250986014500902144e+01 5.439057675692184546e+01 3.759410097012218444e+01 4.081463593923606226e+01 4.411937572544235309e+01 6.207994344454056090e+01 5.429889499137243547e+01 5.819459421201721483e+01 6.270404685438943204e+01 6.876073230578512607e+01 7.494013465937776175e+01
3.063233560239582431e-02 2.003063233560203926e+01 3.600797232250055657e+01 4.423085710327224973e+01 4.784806436234883620e+01 5.621234102176751435e+01 5.731162306180311106e+01 6.299335827347221795e+01 6.441605682528016530e+01 5.705253997075917738e+01 7.121067361983855903e+01 6.857237050476024365e+01 7.682982697499201663e+01 8.520996651371090991e+01 6.448219970304504045e+01 6.668820436563613896e+01 4.585745918002739785e+01 6.668820437033559756e+01 6.142457724603554681e+01 4.103533645316993272e+01 4.694878475236284743e+01 4.155703148769183741e+01 2.453170066532882743e+01 4.449409889925956207e+01 4.842342302072780313e+01 3.087522465670252814e+01 3.262001583244315839e+01 3.439726902801456987e+01 5.439057675694120064e+01 6.076308475725342362e+01 6.403762472102422976e+01 4.905599638231218051e+01 6.832284619856689289e+01 6.924745911475119442e+01 8.141765097191868961e+01 7.798129512875065927e+01 9.343667743002261261e+01
5.666595628964066211e-02 2.005666595628928661e+01 1.686233343650959426e+01 3.300121931197480052e+01 2.773577558593196102e+01 4.778202324194155182e+01 3.792136019868470953e+01 4.360063670230126576e+01 4.437167363402171105e+01 4.287490039949231146e+01 6.292046709596184684e+01 6.688325919396025654e+01 8.689058287375581813e+01 9.364379390740593578e+01 7.784881832869569962e+01 5.696921639139298321e+01 6.668820434890643867e+01 7.522676261882706683e+01 6.990196290843955751e+01 6.142457724603554681e+01 5.153286487613760158e+01 3.157585420437851198e+01 4.449411343389809304e+01 2.815816261730680026e+01 4.814279008460297149e+01 5.127004563137359838e+01 4.678395637398152473e+01 5.439057674015627697e+01 3.868169807389311643e+01 5.864724584395375473e+01 7.133990358811720967e+01 7.017840479378868679e+01 7.865559211582946375e+01 8.788463325910670676e+01 9.584721534139504229e+01 9.670768104864801273e+01 1.047682572645880157e+02
2.110006612196471329e-02 2.117749191198478709e+00 9.587237753406379070e+00 1.444807666048571271e+01 2.967918068417347754e+01 3.229787884606406578e+01 2.387076327142910870e+01 4.070038911632899215e+01 3.018760596910248140e+01 5.024253754603967081e+01 4.686781934052767440e+01 6.240384040760096696e+01 7.069076024467183572e+01 7.964058531938692909e+01 8.632032830016886749e+01 7.179957495006070189e+01 7.784880419132041141e+01 8.814737645318420789e+01 7.338598585869559088e+01 5.353078425958533160e+01 3.942597208046178281e+01 5.153286487613760158e+01 5.076834622810731901e+01 3.077270398342535174e+01 5.076834622810731901e+01 6.343349563182210460e+01 6.669756634537398554e+01 6.688681692392884770e+01 5.864724584395375473e+01 4.317612615799539810e+01 6.310303901751345990e+01 7.342786427551563122e+01 7.939954609590668611e+01 8.599872902132744912e+01 9.426672005736251947e+01 1.042176418805944991e+02 1.096388948314792913e+02
9.367352646185668485e-02 2.009367352646150096e+01 5.168343645101334261e+00 7.341803910286472501e+00 9.614992329671313342e+00 1.217395995965782518e+01 1.481744747625353931e+01 2.067826912859138844e+01 4.078855213651829104e+01 4.715627340780203980e+01 3.531239676446131170e+01 4.238847359312345020e+01 5.133874568658480086e+01 6.289813870298731047e+01 8.290892004526519088e+01 9.245298297079024508e+01 9.840342372630391310e+01 7.987716605696535055e+01 6.004197513009202680e+01 5.010386566153216137e+01 5.353078425958533160e+01 6.758683686109976918e+01 5.610934436523619695e+01 3.612515923270204610e+01 3.519370755513022431e+01 5.518267769488932117e+01 6.806868574107942038e+01 7.956366730215042082e+01 7.133990358811720967e+01 5.728903787179934426e+01 4.804208344012450027e+01 5.358869293542904444e+01 5.959371813028302967e+01 6.620118024506507481e+01 7.607218467953640584e+01 9.592527336311849240e+01 1.037340483677503897e+02
3.648181865326004941e-02 1.474054769914023844e+01 2.894584161823200930e+01 2.148332347595136227e+01 2.967918068417360189e+01 1.745846918634657641e+01 3.497430347853048005e+01 1.947761508049805812e+01 2.291406100695665771e+01 2.712576750009694848e+01 3.381302200360402566e+01 4.382015830095725306e+01 5.537643183251234547e+01 7.539113306067393694e+01 9.119116368177819254e+01 9.409408655625561835e+01 9.690069238226064385e+01 8.814754663064357487e+01 7.821033048607347382e+01 6.995955821487989112e+01 7.338598585869559088e+01 6.460762894658670064e+01 4.467738498067137698e+01 5.610934436523619695e+01 5.518331012197604224e+01 3.986117230337756467e+01 5.141658425066186311e+01 7.131051897287204611e+01 8.539076930443488322e+01 7.616251839677453006e+01 5.954554879871328410e+01 5.510528475627085498e+01 7.493705928342691891e+01 8.599872902132744912e+01 9.426672005736251947e+01 1.042176418805944991e+02 9.868555523119633222e+01
