LEM/with_lateral_4open/elevation_000236.asc
nrows	100
cellsize	150.0
xllcorner	0
ncols	100
yllcorner	0
NODATA_value	-9999
[rows 68 to 84 of 100, columns 0 to 36 of 100]
5.009162696260269221e-02 8.994363536961682115e+00 2.899435627028952567e+01 4.346999091326819809e+01 5.908236252682959844e+01 5.923446568374344423e+01 6.751867898463395079e+01 7.733116621203350860e+01 6.907403217502897519e+01 7.733116621203350860e+01 7.728911073141362920e+01 6.318802565636363511e+01 6.369455993130172544e+01 5.784722912671046657e+01 6.369455993130172544e+01 6.491506355787298332e+01 8.486443217996308874e+01 8.599571883533806727e+01 7.450083033980325808e+01 6.623845228632598037e+01 6.123303523047109564e+01 5.296802227867315338e+01 3.615257002433516931e+01 5.492613615244096081e+01 6.735433291609652429e+01 8.135170294018217874e+01 8.960264180597900463e+01 9.111383530503074724e+01 7.838545877050891875e+01 5.840069417450850153e+01 7.421532587370461442e+01 6.153685752430742895e+01 6.971025528959407325e+01 8.382006965637502560e+01 1.037130559795445635e+02 9.561465005528103234e+01 7.534469880563304400e+01
4.695337527364121244e-02 3.639059415809132059e+00 1.518606479932029529e+01 3.518605723878665259e+01 3.908236933264743129e+01 3.923446941979619851e+01 5.435412833373505492e+01 6.191341635404388910e+01 7.019762623329427242e+01 8.174458665459725637e+01 8.252373810675943844e+01 8.314045307380098393e+01 8.364750942157273528e+01 7.781126526342801242e+01 8.364750942157273528e+01 8.486443217996308874e+01 9.311246062487326469e+01 1.006431217424289741e+02 8.913586684008329541e+01 7.803527452869489878e+01 5.805841760793009598e+01 4.394860320813968713e+01 5.608019428337586731e+01 3.984410079211642852e+01 5.978383319658246364e+01 6.136872185645700029e+01 7.807617875445701827e+01 8.960256265096934669e+01 8.414692980873242334e+01 6.418860867965240402e+01 8.414692980873242334e+01 7.567376453349841370e+01 7.308613594832223725e+01 8.718739138137229361e+01 1.070723843835044420e+02 1.038845857795621299e+02 9.379421197278075795e+01
7.614146464036156137e-02 2.007614146464000626e+01 9.082369955327258992e+00 1.908236995532531211e+01 3.908236933264743129e+01 2.768746403674925816e+01 3.435413070341569153e+01 4.191342016359696032e+01 5.346042554229203603e+01 7.346041654085335892e+01 6.221890805464887109e+01 7.654192181818834229e+01 7.655176825261818863e+01 6.826458592177046114e+01 7.655176825261818863e+01 7.825273622888342118e+01 8.653854466091735276e+01 9.239364615105132827e+01 7.245621761122497162e+01 6.090352376171831139e+01 5.334462625794908774e+01 6.390950353603127354e+01 6.336917313927494888e+01 4.340684524927295485e+01 4.557445451766831468e+01 4.981390882793122898e+01 6.136872185668011781e+01 8.135170313102415207e+01 9.079031881145697014e+01 7.086015180328270446e+01 9.079031881145697014e+01 9.559177832088957416e+01 8.718739138137229361e+01 1.012348769310221712e+02 9.956020680676417101e+01 9.126560313039743733e+01 8.906291703552142280e+01
2.352828262072655108e-02 2.002352828262037221e+01 2.908233662498963668e+01 1.525450395381088242e+01 1.984281863122203760e+01 3.138982401477542439e+01 5.138982174361652966e+01 6.191341635404388910e+01 6.644398557771923208e+01 5.807334974411542561e+01 4.798064440119094343e+01 6.644398534773372944e+01 6.654802798590982604e+01 4.825691793334463853e+01 6.654802798590982604e+01 5.823781801381763756e+01 7.498482138835385058e+01 8.913447399197130494e+01 8.913586684008329541e+01 8.088276641771636832e+01 7.333132249871351860e+01 6.969347428433934510e+01 4.969427700047266683e+01 5.003617709369291333e+01 6.555037854637194528e+01 6.981452451841605011e+01 5.765909498359852847e+01 7.181937093237051783e+01 9.175785740094570997e+01 8.496512968413898648e+01 8.496512968413898648e+01 1.048535694060159784e+02 1.070723843835044420e+02 9.798120520810799405e+01 8.891187932386723958e+01 7.088907936020875411e+01 6.864920261681118063e+01
6.786455232800275850e-02 1.421000020984691226e+01 3.421001632503784862e+01 3.525450321393921627e+01 3.984281767107822247e+01 4.812706350084675222e+01 5.967405068678846902e+01 6.228986910924745501e+01 5.492149197368100744e+01 3.821975568334272566e+01 3.821975568334272566e+01 5.585988384091179171e+01 4.757516850180321200e+01 3.826985584429568377e+01 5.600179281243303819e+01 4.668799692100204624e+01 6.083517235254026190e+01 7.639340179975995682e+01 8.794759240067772055e+01 8.807433772627209123e+01 6.812201101647295332e+01 5.655066041311798131e+01 6.969347428433934510e+01 5.710548761591930855e+01 7.710742320951855788e+01 8.471914548615593787e+01 6.475065627340971730e+01 7.765921841996423325e+01 9.758765261344736075e+01 1.048535694060159784e+02 1.048535694060159784e+02 1.130656301388211205e+02 1.013312386733954327e+02 8.116630743097438483e+01 6.930147857158739555e+01 5.998362265126458226e+01 5.400046147924838635e+01
3.257643153035955086e-02 1.417471207123166366e+01 3.417472789963091628e+01 4.544510959451903886e+01 4.544496722862357529e+01 5.373094491820339158e+01 5.586651073022429159e+01 4.110255979186109698e+01 4.659333547589356073e+01 2.710908794222676121e+01 3.986701284701513259e+01 4.266049297376208216e+01 2.761166214204109082e+01 3.176463263573056750e+01 3.601411207871196041e+01 4.177293318927521426e+01 4.809036324663793494e+01 5.964571858313701824e+01 7.966210913101872393e+01 9.632169624731467650e+01 8.209752593400060050e+01 6.211314564019016871e+01 8.209752593400060050e+01 7.126682696237183734e+01 7.126682696237183734e+01 9.120786988176672594e+01 7.888808559136224119e+01 7.888808559136224119e+01 9.879656936717735505e+01 1.040339088051386511e+02 9.560174437578137940e+01 1.040339088051371732e+02 1.095817686897425602e+02 9.492117729911812773e+01 7.462756845809538220e+01 8.057142887288377153e+01 7.462824114084581595e+01
1.880098487986705744e-02 2.001879441818972083e+01 3.958379671811313472e+01 2.544476126338517830e+01 2.544476088688497128e+01 4.544496722862357529e+01 4.498266301258026800e+01 2.508506469440250441e+01 4.067997725012104837e+01 2.141668620902130016e+01 1.991728652465935312e+01 2.271105458224400309e+01 2.785102264460524779e+01 4.781522884955962382e+01 5.600179281243303819e+01 6.177625419790899741e+01 6.810564066269955674e+01 6.224339178046957244e+01 8.225836142526510741e+01 9.618106436269924586e+01 7.626392885442552938e+01 7.107951396802339161e+01 9.034615121564206675e+01 9.120786988176672594e+01 9.120786988176672594e+01 9.945581850570707161e+01 9.879656936717680082e+01 9.879656936717735505e+01 1.070440958937547720e+02 9.394570702574286258e+01 7.550016525238675058e+01 9.394570702573490451e+01 9.975744950411267098e+01 1.031961901896391538e+02 9.492117729911812773e+01 9.975428959092486991e+01 8.966499729053332146e+01
2.900726248362994752e-02 2.002890479201596463e+01 3.130240699042455788e+01 1.130262371538712785e+01 2.602269897614857896e+01 2.743691223268205803e+01 2.886185290573915907e+01 1.571591406349204689e+01 3.237061940758676570e+01 1.602333804408939599e+01 3.015073230208614419e+01 4.266049297376208216e+01 4.195860752390719739e+01 3.635042902068251180e+01 4.633467691253837728e+01 5.788253022006845327e+01 7.789590044004383174e+01 8.225836140628699411e+01 9.054341470426497551e+01 1.044272761757301993e+02 9.618106436269924586e+01 8.260415238968471385e+01 9.925649497118683939e+01 9.896303732866178393e+01 9.555431126422745081e+01 8.726868688834544230e+01 9.555431126422745081e+01 1.053559943182094969e+02 9.695736333068349211e+01 8.555095481408405078e+01 6.549613899465514066e+01 8.555095481408405078e+01 7.960984391892020540e+01 8.812522399597536094e+01 9.653115133895977351e+01 9.146951024953831677e+01 7.121746157900430774e+01
5.081304048347550645e-02 2.005033815644670980e+01 2.271986789410865626e+01 4.635957048720156237e+00 6.022707539283234546e+00 7.436921101656335686e+00 8.861862101414541115e+00 1.030297407464575343e+01 1.264072915258267571e+01 3.264425368535266614e+01 4.428186688172102947e+01 5.840548326404928758e+01 6.195436348363297441e+01 5.047763062647297261e+01 5.047763062647297261e+01 7.048593174085850421e+01 8.618172097673215148e+01 8.836509745257717441e+01 9.663813757186943576e+01 1.050823738510509742e+02 1.107449119571931391e+02 1.024956413843620737e+02 9.310432200857782448e+01 7.896134459946669892e+01 8.555113507865402767e+01 6.726105640733655378e+01 8.555113507865402767e+01 9.371620536043600680e+01 7.684445065590918489e+01 7.886601620760774267e+01 5.882718352696843311e+01 7.032142924272278606e+01 6.544814644157428063e+01 6.804686634853443650e+01 8.812522399597536094e+01 9.975428959092486991e+01 8.799402842617968190e+01
4.469920835086939326e-02 1.381005417912992694e+00 2.720304478277845384e+00 2.271977607718550729e+01 1.418767334857174411e+01 2.743691223268205803e+01 2.300399762884393695e+01 3.031724533037489877e+01 1.300008608005240696e+01 3.299986909617005182e+01 4.405970642516253122e+01 5.299644252883344109e+01 6.454340902897939714e+01 7.048593174085850421e+01 7.048593174085850421e+01 7.877278096035288968e+01 8.154490163067643493e+01 6.840248185110709755e+01 7.683969411716630304e+01 9.663813757186943576e+01 1.066930674962799657e+02 9.493942354140838802e+01 8.310123831797905325e+01 6.481132876711426150e+01 7.726487164784099093e+01 5.725298201310632606e+01 7.726487164784099093e+01 8.534516778371542500e+01 6.528667424951072462e+01 7.376439114220396220e+01 7.032142924272278606e+01 5.029701599887614805e+01 5.389698094625075697e+01 7.392768114838116844e+01 9.116346769112261939e+01 9.960313449017414200e+01 9.629321864235029693e+01
2.324776005098762310e-02 2.002324776005063356e+01 2.272061303901837093e+01 3.100800500695352468e+01 2.832980912956296393e+01 3.051760558535096379e+01 4.300396657191367922e+01 4.127523994032043930e+01 2.195614806103332839e+01 1.580168576004453129e+01 2.474177768240099695e+01 3.627243751419168660e+01 5.625588701951613757e+01 6.505427555151453589e+01 7.332723198122421593e+01 7.569563553468718453e+01 6.157433540578470854e+01 5.686512022169878122e+01 6.840248185110709755e+01 8.836509745257717441e+01 9.255048934829081020e+01 7.840791120034072037e+01 6.664602495296375650e+01 5.480441063965666615e+01 7.059419300757842564e+01 5.058268261007366107e+01 6.456052415998107108e+01 8.456856442759348624e+01 7.376439114220396220e+01 5.373578241976444758e+01 6.432281444529135683e+01 4.495262304318963942e+01 6.496967969060466430e+01 8.228900884374607472e+01 7.106439775503544354e+01 8.795224400605550841e+01 9.532345955601562082e+01
8.699724428260374731e-02 1.163400261754150833e+01 2.577613646669257363e+01 4.577589696865869229e+01 4.832977173985342034e+01 4.465974346462321165e+01 5.606294613827378726e+01 3.608220257544623877e+01 3.782283453527507078e+01 1.785027593633770948e+01 3.197103207093525512e+01 5.195033621385211120e+01 5.018422711876950615e+01 4.506839729040020615e+01 5.704930782578956894e+01 6.076160415906347367e+01 4.743765608892308450e+01 5.743662770048147337e+01 7.156364546506343061e+01 9.152615779628939663e+01 8.426639608280554228e+01 6.425840584411457712e+01 6.664603041543479378e+01 4.663651261488804778e+01 5.769737766609435425e+01 4.455155723836359982e+01 5.869978670744113458e+01 7.870959600341124940e+01 7.549623920521197817e+01 6.432281227098404486e+01 4.430800433458759358e+01 4.103226620462140062e+01 6.104401190407159561e+01 6.798417571527384951e+01 5.951062332859412862e+01 7.955926425306158478e+01 8.701731887619403949e+01
2.249585233037712170e-02 2.002249585233002094e+01 3.299375317300736299e+01 4.193465644179286045e+01 5.347464216121608871e+01 6.465963735277595958e+01 6.433748971531551319e+01 5.606294613791672532e+01 3.990462424699337873e+01 1.993680608109135832e+01 3.990462424860929502e+01 4.560145602724141156e+01 3.020747230833531560e+01 3.352974808443428856e+01 3.705864597137981065e+01 4.077027736327629270e+01 6.076160415906347367e+01 7.569563553468718453e+01 8.568181851517671532e+01 8.858511015658567089e+01 8.028256339534301844e+01 7.161223197146961184e+01 5.160193995147398027e+01 4.404126163501123159e+01 3.769285151133848188e+01 5.769750118383691273e+01 7.284779837318876616e+01 8.134033956069841054e+01 6.127887410311834060e+01 4.713142219844563385e+01 3.853701616610446479e+01 3.725466260614260250e+01 4.241601651633241232e+01 4.796131622566871044e+01 5.951062332859412862e+01 7.955926425306158478e+01 8.545610494677887914e+01
2.739267172789772165e-03 4.716784473709799030e+00 1.366103861461224511e+01 2.520756745576269253e+01 4.519907990739247339e+01 6.298718543454486962e+01 6.396306362331505824e+01 4.385233316755567756e+01 2.971382719845470177e+01 2.797376685081968262e+01 2.310987008106410201e+01 2.563878078603689659e+01 2.998416841439581759e+01 4.996069053967192986e+01 5.704930782578956894e+01 6.076160415906347367e+01 5.146084071228641932e+01 6.559361105276822457e+01 8.556113559755834785e+01 8.028256339534301844e+01 6.021582965657831465e+01 6.609323989239771890e+01 6.819297539776248129e+01 4.818491281043594654e+01 3.404271032647366013e+01 5.404516853809985832e+01 5.851995446731682904e+01 7.852780108009272908e+01 7.038593219480168273e+01 5.299640256116611425e+01 3.299193418636394881e+01 5.299640256116611425e+01 6.241787301945410604e+01 6.797580087603429888e+01 7.632903556436750137e+01 8.795224400605550841e+01 9.376683291997588299e+01
8.327778614586213435e-02 2.008327778614550851e+01 1.324478626804729586e+01 2.324421191253215468e+01 3.478659040683075432e+01 5.474057355821390303e+01 6.396306362339104368e+01 4.385233316755567756e+01 4.971578781543605174e+01 4.639630759794634685e+01 2.806777109578883511e+01 4.560145602723086711e+01 4.996069053966924400e+01 3.663555160104342434e+01 5.662326000898646328e+01 7.245123484775248812e+01 7.144196358842850714e+01 6.777789298417602026e+01 8.774520815888307368e+01 8.382529296477676439e+01 6.609323989239771890e+01 4.604574596150734322e+01 5.537740364201364685e+01 5.095868881427789887e+01 3.095769192412688398e+01 3.851481016380156319e+01 5.265947009851173988e+01 7.266841533457241553e+01 6.205119956195484576e+01 4.203649366992375747e+01 3.049172980350999751e+01 4.463167816539723276e+01 6.463572726071316765e+01 7.955601500134382320e+01 7.133730237071200975e+01 7.958324867389218582e+01 8.955604710182910821e+01
6.510866554257997707e-02 2.006510866554222616e+01 3.323217396372423593e+01 2.589078180086394099e+01 4.000836546420617879e+01 5.986306050829564640e+01 7.225045710010668643e+01 6.396306362339104368e+01 6.421634237267049627e+01 4.427923473343463456e+01 3.377330489468920405e+01 5.369058800926203645e+01 6.489822276907975152e+01 5.662326000898646328e+01 4.419045143646471985e+01 6.417774803456757127e+01 8.312860895474082668e+01 8.774520815888307368e+01 9.019718316895603039e+01 7.595558839706264109e+01 5.676089502474030724e+01 4.533698575888164584e+01 3.535230604051957215e+01 3.118355418211470464e+01 2.815847209039085897e+01 4.815801509298992755e+01 5.851995446360790964e+01 7.852780099725968910e+01 6.225884663202661073e+01 4.224176294115755326e+01 2.810129910763517103e+01 4.224176294115755326e+01 6.225884663202661073e+01 6.133857399647977360e+01 5.134082397447822643e+01 6.134871351862622646e+01 7.548925242376799360e+01
8.953482861371392376e-02 1.423167045234478856e+01 3.423167045234549022e+01 4.582367100422906248e+01 5.361886993591414097e+01 5.708911868926900013e+01 6.234027511819957112e+01 6.453021217115502850e+01 7.244335375247675302e+01 6.194940254614247976e+01 4.370738671882961057e+01 4.635139048403718220e+01 6.631957981860701068e+01 7.245123484775248812e+01 5.573483707287406475e+01 5.487893241244935894e+01 6.641716120219385289e+01 8.638336228598554101e+01 8.194561716793828055e+01 6.221084804307743354e+01 5.230662451518396239e+01 4.477093950336064410e+01 5.537698490314209465e+01 4.540983427822921925e+01 2.541394110494184133e+01 4.541086667746751715e+01 5.446325485954339030e+01 6.277905127188650880e+01 5.994750851090172006e+01 3.993263539657615979e+01 2.579325516707515575e+01 4.579485600493068631e+01 6.133857398989453458e+01 4.133875436715980101e+01 6.133857399647977360e+01 7.088771078900667533e+01 8.086798946747767047e+01
