LEM/with_lateral_4open/elevation_000494.asc
nrows	100
cellsize	150.0
xllcorner	0
ncols	100
yllcorner	0
NODATA_value	-9999
[rows 17 to 33 of 100, columns 0 to 36 of 100]
5.222468517465790605e-02 1.005222468517474432e+01 2.419436030890909350e+01 4.419436033471534131e+01 5.652115280348413506e+01 5.027951243825722116e+01 3.675576073353097684e+01 4.112608300799895744e+01 4.844294599044435046e+01 3.464216816954134970e+01 2.472834363040617944e+01 4.404670847597515859e+01 5.168154996244751942e+01 4.770291948963617301e+01 5.928830322238243866e+01 4.654438121799026362e+01 5.430696061236952232e+01 6.588306864092082549e+01 8.592081858946927753e+01 8.554817306879873229e+01 6.559562456925212359e+01 5.406191758947393566e+01 4.773919453340567287e+01 4.195761415848200926e+01 3.676653267238170031e+01 3.369864609961110347e+01 4.958511488566286118e+01 4.811693965801389794e+01 3.173349243197810310e+01 3.779617456055593294e+01 4.448838322638938081e+01 5.449010779516762426e+01 7.445417492815853677e+01 8.017162734188951845e+01 5.979159030142971432e+01 4.985966653469959908e+01 4.238602784867691753e+01
7.333276091007127906e-02 2.007333276090971452e+01 3.833649516534723745e+01 5.066343856931391798e+01 3.652275840907186222e+01 4.048882849710668097e+01 1.811667864238939529e+01 4.048882948423117512e+01 4.032888731283854611e+01 2.091434129073914150e+01 4.032888389975728671e+01 4.404670014025869307e+01 6.358970695333778167e+01 6.656408531539133833e+01 7.439035953104588828e+01 7.761756961496993767e+01 7.422017694641994012e+01 8.263697510928578538e+01 9.419546081212052968e+01 9.031980137271034437e+01 7.036719173332468813e+01 7.402856382156639370e+01 6.244043893409055812e+01 4.245119690439086924e+01 5.678662749809862476e+01 4.788026681504108240e+01 6.192847834257175776e+01 5.466812758244639525e+01 3.463244079351598970e+01 5.466812757950869184e+01 6.447214135887877262e+01 7.273492296336510776e+01 8.271334371706625177e+01 8.872937199907369177e+01 7.849832115097203200e+01 6.237622950861040749e+01 6.237622950771090302e+01
6.343274376862209629e-02 1.420556836773213050e+01 3.420556905901744926e+01 3.859362665414735005e+01 2.237512113767301969e+01 2.823445953283186682e+01 1.058011823952183583e+01 3.073809660813962807e+01 3.435096067224964855e+01 1.833475612029448953e+01 3.213582130785469815e+01 5.155123989456872380e+01 5.920683112303235163e+01 5.952089470108656144e+01 6.774943927090230034e+01 7.614557224598807750e+01 6.890607987240763066e+01 7.593431966977074410e+01 8.421104762041751712e+01 9.419570569396113058e+01 9.031980137271034437e+01 8.380473348639277731e+01 6.660591316801730954e+01 4.662900052740434376e+01 6.660591316801712480e+01 6.786442360481979108e+01 7.097710029834584589e+01 5.100276960699532935e+01 5.466812758252802240e+01 3.908408222963562650e+01 5.908575895142683265e+01 7.507630256278422110e+01 8.333510909773438868e+01 9.484925011726504351e+01 9.128809301374367635e+01 7.508320796262175634e+01 6.685248866442019278e+01
3.497053469895897854e-02 2.003497024938896942e+01 2.298996358945549190e+01 1.859205998493253276e+01 2.592817951610827620e+01 8.222074514356723540e+00 2.456544712880416270e+01 1.302564312946184799e+01 1.476854009543453117e+01 1.723392977054592734e+01 3.675367456194503291e+01 4.271123212865711594e+01 3.973460892947659318e+01 4.004247393295209179e+01 4.827502322721554862e+01 6.007338635721895770e+01 4.915557674802424515e+01 5.605545558768839243e+01 6.595482796743436893e+01 8.591381137210696295e+01 8.964223751334426993e+01 6.969066324453049788e+01 5.556976566236470205e+01 5.816912148755360334e+01 5.731380966803352095e+01 7.727632810788736606e+01 7.923800391515439401e+01 6.442551575098518413e+01 4.444597527832458894e+01 5.908575895110526233e+01 4.804447843040708221e+01 5.511337696801905395e+01 6.664547979296551716e+01 8.659302064116134545e+01 8.250634465765919856e+01 6.685248866442019278e+01 4.708948516532151274e+01
9.635555453094322986e-02 1.539731341103590001e+00 2.986881912895941849e+00 4.445540149412559039e+00 5.919993935207692459e+00 9.921318069997697719e+00 2.992286536990811285e+01 3.264652973644182765e+01 3.435096067243070195e+01 3.675367456055880666e+01 2.079473774378285356e+01 2.336478934350481751e+01 2.615750264641234324e+01 2.903265466397063577e+01 4.827502322721583283e+01 4.056427894723567107e+01 5.426996737539713678e+01 7.408407917126677944e+01 8.421104762041751712e+01 9.419570569396113058e+01 8.964223751334426993e+01 6.969066324453049788e+01 6.969066324453049788e+01 7.228712526619062828e+01 6.730062938744657686e+01 8.554731444022331743e+01 7.986431223559371517e+01 5.990776635801096006e+01 4.837015086262599795e+01 5.836310743236888499e+01 6.801834253259292495e+01 7.507630256278422110e+01 8.333510909773438868e+01 7.675457958649425905e+01 6.271093798425138033e+01 6.998663019820610032e+01 5.287793487359375888e+01
8.845047570523793812e-02 2.008845047570488163e+01 2.298996359204021900e+01 2.445038190414488355e+01 1.404348330001322509e+01 2.981449058645580763e+01 1.595703633284208323e+01 3.594133980878921619e+01 4.896163025666503188e+01 4.833055964692062645e+01 4.021361710481382801e+01 3.023573010372594894e+01 4.543789076519746573e+01 4.827502322721583283e+01 3.341319318349952283e+01 5.269963685612424342e+01 6.531737264955789612e+01 7.192861856879135019e+01 8.020228907087525272e+01 9.018066229785883081e+01 9.791880372825475831e+01 8.964223751334426993e+01 8.964223751334426993e+01 9.223862734415212117e+01 8.140841964428447852e+01 9.552675786775924394e+01 8.812177935595717315e+01 7.304859615807201578e+01 5.308187607189773871e+01 7.304859615807201578e+01 7.466241665675667605e+01 9.460354980568355643e+01 8.137339509967334550e+01 6.850887836254703700e+01 4.875737597065360518e+01 5.023049270798598798e+01 5.134746404467731651e+01
8.023991185656004221e-02 2.008023991185620361e+01 3.833025947787526633e+01 4.151023511220545004e+01 2.520892622090979174e+01 4.151024141122108091e+01 3.594067443983462340e+01 2.245345494538613096e+01 2.912318921622510715e+01 4.896163025690694326e+01 5.687671185152531450e+01 3.745054450992117268e+01 5.687671185152531450e+01 6.089649896215033920e+01 4.291366820981755126e+01 3.989569720762614224e+01 4.563895301458023823e+01 5.209488081109100932e+01 6.195756080181730141e+01 8.189967633576543449e+01 9.080026707734835156e+01 8.241055647202965417e+01 8.504987737814622051e+01 9.343305017321955575e+01 1.013597425452268936e+02 9.522364463780373001e+01 7.528587927735651419e+01 6.376210136790690086e+01 6.014826960248797150e+01 8.010401902999807078e+01 9.460354980568349959e+01 9.044652821683651212e+01 7.311273425125357051e+01 5.339030273839753704e+01 4.194924789538762155e+01 3.619877546002448554e+01 3.186671458650220146e+01
4.598823041778624804e-02 1.004598823041769862e+01 2.418812385414839738e+01 4.418812385414768329e+01 4.444677562284747552e+01 5.275857164343764794e+01 4.902287235192262926e+01 2.912376160470923381e+01 4.896163025690694326e+01 4.166131668941891775e+01 6.116389324372701708e+01 4.855144959821844708e+01 6.509426712094420964e+01 7.073163567792801132e+01 5.667397498904759345e+01 5.358355508624582342e+01 5.574642991015055316e+01 7.192861856879135019e+01 8.020228907087525272e+01 9.018066229785883081e+01 7.901925102587287597e+01 6.194278909969525415e+01 6.460545187852615356e+01 8.504987737814622051e+01 1.009117134834605594e+02 1.034785923560779679e+02 9.196896543815172720e+01 7.787308553077772899e+01 7.426409868802338110e+01 7.426409868802338110e+01 9.420283392277207213e+01 8.215247056453088703e+01 6.237773302189228275e+01 5.254821615434892834e+01 6.172598310823224921e+01 4.579327410928321740e+01 4.579327410928321740e+01
7.340434288523949025e-02 5.397177577448620589e+00 2.528606553046666505e+01 4.127869902079058306e+01 4.127869899777392959e+01 6.125141533625379253e+01 5.726080452588176684e+01 4.063024464932944113e+01 4.537804905352732732e+01 6.116389324372701708e+01 6.072347859892899180e+01 6.824923158271015211e+01 7.650712299321943988e+01 7.485096805270953269e+01 7.651612270733517107e+01 7.338787429685527286e+01 7.556990782947524110e+01 8.384156646666804136e+01 8.137761635444201147e+01 7.296173250353454875e+01 7.059348546990166540e+01 5.012375056538840568e+01 7.059348546990166540e+01 7.216049115644298695e+01 9.235609446897657904e+01 1.088311655813452603e+02 1.004697178524313301e+02 9.781033410480996793e+01 9.420283392277183054e+01 9.420283392277214318e+01 1.024577827119776430e+02 9.044652822273009463e+01 8.052271049973303718e+01 7.226510179320770533e+01 7.380895605501986267e+01 5.977195606423720164e+01 6.556902355814608541e+01
3.515918393995972474e-02 2.003515918393960504e+01 1.341428125080827805e+01 2.141447252254952005e+01 3.543149069983945765e+01 5.539510865125156158e+01 6.873419366806351150e+01 6.048768053341900242e+01 6.524108781991282058e+01 7.349295036807654924e+01 7.925006235443473201e+01 7.765211518963526771e+01 6.629781622904002347e+01 5.798153008668268882e+01 7.020199110201976112e+01 7.396742580446669990e+01 8.199435580956615865e+01 8.085449779516196145e+01 6.959341631191614397e+01 5.251233922336989224e+01 5.779618119724516134e+01 4.400062911075990968e+01 5.168538427897045295e+01 6.351441763801285845e+01 8.397124722560650412e+01 9.224176028159034502e+01 8.015188005730543352e+01 8.873920873206432702e+01 1.090001926188233057e+02 1.047525037327241648e+02 9.638549769320106009e+01 9.548686761289022229e+01 8.715892125381655831e+01 8.542069642922427875e+01 8.146022470919672287e+01 7.956438252388259968e+01 8.456629818306267055e+01
4.608085242692564615e-02 2.004608085242657012e+01 3.316916251529527671e+01 2.666915481220511097e+01 4.018571904973361342e+01 5.992920785493421931e+01 6.594829895771196959e+01 5.778899011482110382e+01 6.594829895771376016e+01 7.011577040019875540e+01 6.228994507677031578e+01 6.265937662540341080e+01 4.577241618773909693e+01 4.587552247349989187e+01 6.292247407120629532e+01 5.487630350794564293e+01 7.092345731674865306e+01 6.750321028236160714e+01 5.192477977199929029e+01 4.051526664601211536e+01 3.703764238294656508e+01 4.915640246999553398e+01 6.959833842174464280e+01 8.058152920862441704e+01 8.622063712291158311e+01 7.182135813706864269e+01 6.827822979781740287e+01 8.873920873206431281e+01 1.081338287488377432e+02 9.638549769320106009e+01 7.647857565611944608e+01 8.230917812822863766e+01 6.734920010809226198e+01 6.561833782908611568e+01 6.168711810590752975e+01 7.572525057873811249e+01 7.639149567277168273e+01
1.610643649003322755e-02 1.415824206022110943e+01 3.415824206022181642e+01 4.596845303649620007e+01 5.296765892046374091e+01 5.349807677913145909e+01 5.613570698250519797e+01 3.819409765097287845e+01 5.613570698250519797e+01 5.959959853279956121e+01 4.355206003908436685e+01 5.376004894287367364e+01 3.409081859446057194e+01 4.387973049156931182e+01 5.181813081107335961e+01 4.367257922399150516e+01 6.294516120717810992e+01 4.716323539081668059e+01 4.716323539242083029e+01 2.764726248421778365e+01 5.192477977199929029e+01 6.623821190822934568e+01 7.802291719730227726e+01 7.874452179346907599e+01 7.030345360276913880e+01 5.726576695765496794e+01 6.756749810821186486e+01 7.944674929572295241e+01 9.977200416073756628e+01 9.378379356519840826e+01 7.390917663105263102e+01 6.254696399682617880e+01 5.600084662514892386e+01 5.171937720611662570e+01 4.780590341437731183e+01 6.231224290331964966e+01 5.961612077585854053e+01
2.022278438842990689e-02 1.416235863186964217e+01 3.416246000934360438e+01 3.847070529547735873e+01 3.001551024315925531e+01 3.255944269769272381e+01 3.817418802271904354e+01 2.835683215884404973e+01 4.799154388289699824e+01 5.164379993523067469e+01 3.244992525814453188e+01 4.073320475131059482e+01 3.934720845554056723e+01 2.569408967848954717e+01 3.229214000554544128e+01 5.181813081112102282e+01 5.307972271844759149e+01 4.466346910528137215e+01 2.708713945966648140e+01 2.914606448532520133e+01 4.927312458326714051e+01 6.075964064646557006e+01 7.246403259634956839e+01 7.030345360276913880e+01 4.980923641507741451e+01 7.030345360276913880e+01 7.874883514395131101e+01 8.716370276687906937e+01 9.736059222725464224e+01 1.021412252996824179e+02 8.630561422086599066e+01 6.650506116017771774e+01 7.572177341776121295e+01 7.141831437957885953e+01 6.231224290331964966e+01 4.268418450218253923e+01 3.999980786119149911e+01
6.642187732006160639e-02 2.006640285799620926e+01 2.216425604161290153e+01 2.199684876550501400e+01 1.256772250466930174e+01 2.960089796810202500e+01 1.842230408435635525e+01 3.817115892917979636e+01 4.186231243097137877e+01 4.457973507003058700e+01 3.523368409260790202e+01 2.116764680130507514e+01 1.971707820814158296e+01 3.710515457193707789e+01 3.889028991473254848e+01 4.054455821088130563e+01 4.221679120463546298e+01 2.463654729749105954e+01 4.466346911528023611e+01 4.927312458326714051e+01 3.211589896860694893e+01 5.231883121650586332e+01 5.201659440159642855e+01 6.061233968162011365e+01 4.528693675137004959e+01 5.139749851731771457e+01 5.821325665100258817e+01 6.851943348948982759e+01 8.897823679841276601e+01 1.004172539959300821e+02 8.046038163871085658e+01 8.630561422086599066e+01 8.268597400522044438e+01 6.290305923915591535e+01 4.901714403572807299e+01 5.653176409024001714e+01 5.384177283936212177e+01
1.591255364720534082e-02 1.089507540449736744e+00 2.164444424192303984e+00 3.252358024587148844e+00 4.345617427028285462e+00 9.895151670177993353e+00 2.709416012910442717e+01 2.822242251555539738e+01 2.296903814619544448e+01 3.061448742710224380e+01 1.268193024557651327e+01 1.414535906169518498e+01 1.564512919793575740e+01 1.726748290742139602e+01 1.890471142059944754e+01 2.055595834404654809e+01 2.221979340695089533e+01 4.221679120463546298e+01 5.307972334944346215e+01 6.074287280177494353e+01 5.228291360410712230e+01 3.519421930799490639e+01 3.768708754424336860e+01 4.025235200892655740e+01 6.061233968162011365e+01 7.190364231296845787e+01 7.874883514395131101e+01 8.716370276687906937e+01 9.736059222725464224e+01 1.087994275150387011e+02 1.004172539959300821e+02 9.290777311149444984e+01 7.615334866359160060e+01 5.642660614271774477e+01 6.290305923903198249e+01 7.626740990392241315e+01 7.355669128822310654e+01
6.189296070378335485e-02 2.005774831330867514e+01 9.473547333254344949e+00 2.325232393533526931e+01 2.435008487585577797e+01 5.943432997871784806e+00 7.085711182394431873e+00 8.235112870656118744e+00 9.390200969651100849e+00 1.062873918902014481e+01 1.305542250364328360e+01 3.261133990615719824e+01 3.596120662543596325e+01 3.725300754571392048e+01 3.889028991763984067e+01 4.054455821088130563e+01 3.629094532110642746e+01 3.629094545227368940e+01 5.652304946798226837e+01 6.991751777884235253e+01 4.948402398339762698e+01 5.546570754245157531e+01 4.307118048663063803e+01 6.061233955095514148e+01 4.595220513295887343e+01 6.639421243229946867e+01 7.921741415671557718e+01 8.646228529536804785e+01 9.485056436025492133e+01 1.050059492277082285e+02 9.868929577347292081e+01 7.875103617467844686e+01 6.480319949369187782e+01 7.615334866359160060e+01 8.268597394332431350e+01 8.617398700947232726e+01 7.415044224153943730e+01
2.247884206357958492e-02 2.002247884206322581e+01 2.913517348306966426e+01 2.108535176148502543e+01 3.422795637208100317e+01 1.587639392860402587e+01 2.123407134826025100e+01 2.824314649956064116e+01 1.272531837582087810e+01 3.063948238788268341e+01 2.866280602836110702e+01 1.655830865580182731e+01 3.602310654743564555e+01 4.209631777286228527e+01 4.546624692075323537e+01 5.368227423275133958e+01 5.652297394846929990e+01 5.652304708910216391e+01 6.495427919419174145e+01 7.837512019099587235e+01 6.992176377461744607e+01 5.594114732099186682e+01 5.072933336310980224e+01 7.120304238380838058e+01 6.039479709835969601e+01 5.221331953145355698e+01 5.868318788388196339e+01 6.597069525151252378e+01 7.628218320636652550e+01 9.664238738436957021e+01 9.868929577347292081e+01 7.875103617467844686e+01 7.875103617467844686e+01 9.290777311149444984e+01 9.096745710000011798e+01 7.784219711279448006e+01 5.803448254489328662e+01
