LEM/with_lateral_4open/elevation_000279.asc
nrows	100
cellsize	150.0
xllcorner	0
ncols	100
yllcorner	0
NODATA_value	-9999
[rows 0 to 16 of 100, columns 0 to 36 of 100]
8.271705653423140625e-02 2.127631151761726416e-02 9.425194436011796739e-02 4.939197167322698090e-02 3.975871534419905817e-02 6.171646774684565184e-02 1.696294146011132625e-02 1.936121709489252440e-02 4.216450047424835645e-02 2.297044857093000214e-02 6.704298068806634203e-02 4.162315340452049650e-02 3.835349583220235004e-02 2.777463300387698203e-02 2.207885817162396139e-02 7.161913568127860341e-02 9.025521335945362045e-02 3.502399586135773735e-02 8.040414306008919487e-02 3.131346976591601466e-02 7.604099264847130613e-02 2.387740603804927586e-02 5.687112022313325910e-02 4.074439634684711570e-02 8.709178300582484655e-02 7.612946965408906586e-02 1.077918208624280109e-02 9.929772718869623455e-03 4.600412614040166881e-02 2.152795518990661267e-02 2.378824418737431057e-02 9.511189423522797837e-02 9.406546861214974686e-02 1.749038473908382007e-03 2.223905489293687143e-03 6.269637160239108220e-02 9.476101746191394060e-02
7.813061968023242432e-02 2.002127631151726206e+01 2.009425194435976181e+01 1.419152759540430253e+01 1.003975871534428599e+01 2.006171646774648920e+01 2.001696294145975585e+01 4.101844121733504878e+00 2.004216450047389131e+01 8.967242358570166161e+00 2.006704298068770953e+01 2.004162315340416356e+01 1.158535887962461786e+01 2.002777463300352068e+01 2.084921350689215025e+00 2.007161898488446639e+01 2.009025521335909659e+01 1.417715961959274296e+01 2.008040414305973442e+01 4.619628147177171407e+00 2.007604099264811737e+01 2.002387740603769473e+01 9.001143030222213071e+00 2.004074439634649352e+01 6.775462045731628358e+00 2.007612895980967238e+01 1.536307585972708090e+01 1.056777617899298027e+00 2.004600412614004767e+01 1.416366357913000407e+01 2.002378824418702052e+01 4.809157102145564799e+00 2.009406546861179521e+01 1.414388466220498408e+01 1.414435952862146806e+01 2.004735327296884151e+01 3.218236258550778217e+00
2.526786264046545702e-02 1.416740348637129010e+01 3.416740348637058133e+01 3.419152759540500597e+01 2.418189433907548747e+01 3.832402996280718810e+01 2.827213240287532159e+01 8.272132402874964541e+00 2.827213240287460749e+01 2.051424774236288684e+01 3.725151360603307182e+01 3.986963012708551446e+01 3.158535887962426258e+01 2.415882475194071333e+01 4.158824740150074639e+00 1.830096036376072988e+01 3.830095976279672954e+01 3.417715962947613662e+01 2.933367335509747775e+01 9.333673355087530155e+00 2.933367335509747775e+01 3.728541416005920439e+01 2.054814841401452341e+01 1.961518851644105155e+01 2.160792445708657183e+01 3.275851475471966268e+01 2.129668373602336828e+01 2.105062454621321688e+00 2.221373515527437803e+01 3.416366397683466261e+01 2.965986960292687158e+01 9.659869602872266370e+00 2.965986960292687158e+01 3.414388466220568574e+01 3.414435723648314536e+01 2.648882323334974842e+01 6.380514009047660196e+00
4.163169627051844027e-03 2.000416316962669683e+01 3.468919649698649010e+01 4.297346774444869055e+01 4.418189433907619446e+01 4.460206402143047910e+01 2.460206402142977566e+01 1.312284490360166700e+01 3.312284490360095646e+01 4.051424774236359383e+01 4.879851898982578717e+01 4.170610560192366734e+01 2.170598669568498806e+01 7.563850863185083817e+00 9.322802535093250853e+00 1.680793538032942891e+01 2.835494075957912585e+01 4.835493042870358948e+01 3.449765115005045857e+01 1.449765115003079785e+01 3.449765115005045857e+01 4.883241915474195594e+01 4.054814841370122025e+01 2.981294553545828308e+01 4.338553512534515733e+01 3.813007378601810160e+01 2.326941417988772898e+01 3.157694033571796677e+00 1.736363919690639435e+01 3.752879732406987046e+01 3.569009649455826860e+01 1.569009649442759269e+01 2.598980122142722848e+01 4.598980122172243767e+01 4.450068114087598303e+01 2.387895081186848500e+01 9.668495139722001142e+00
5.883922493566802470e-02 7.129907036801173881e+00 1.468919649698578489e+01 2.623620188077850557e+01 4.623620188077921256e+01 5.288633526889267955e+01 3.312284490360237754e+01 1.944740022393853707e+01 2.945277652215647990e+01 4.945277652215718689e+01 5.741622497014028426e+01 4.416777865717227058e+01 2.416781624553225782e+01 1.002568068277176039e+01 1.466802737334169215e+01 3.466801503683606001e+01 4.509204349891435726e+01 5.663890881486020135e+01 4.116431781670654289e+01 2.116431781669758294e+01 3.082758276858580260e+01 5.082758276918804796e+01 5.009052865244380115e+01 5.009052865245743646e+01 5.038973766838418555e+01 2.866888223685104009e+01 1.369853170073559312e+01 4.216206281671003531e+00 2.416279171956864147e+01 3.466438170316508405e+01 4.235676316117256590e+01 2.235676316109437778e+01 4.235676316136644459e+01 5.427407253626896022e+01 4.790964188202340779e+01 2.785491914053593021e+01 1.366853147125233470e+01
1.256007409845548775e-02 1.415469569782928083e+01 3.415469569782857207e+01 4.297346774444869055e+01 5.452047312824140590e+01 6.140711615106528143e+01 4.611406689060602559e+01 2.611406689060532216e+01 4.611406689060602559e+01 5.773704776961938023e+01 4.913197582138923991e+01 2.913197552727207196e+01 1.758497014295643623e+01 1.288282353991464291e+01 3.288282252588102494e+01 2.283299318261687816e+01 4.283296556846494241e+01 6.054400512485191399e+01 4.944858907395412473e+01 3.010858972669689848e+01 4.944858907395412473e+01 5.911185444327266225e+01 7.022403812199875972e+01 5.675023297736724714e+01 4.854346881484948995e+01 4.032543076157072193e+01 2.373136080087565247e+01 1.584835929090482409e+01 5.732407046497892900e+00 2.007483736856778123e+01 4.086724042267467638e+01 3.649889878482582617e+01 3.649889878482582617e+01 5.649889878575428526e+01 4.998067755896047970e+01 2.953408912358633387e+01 1.793287974826417752e+01
9.594114293757748102e-02 1.009594114293766509e+01 2.423807676666886834e+01 4.423807676666957178e+01 5.976659623295945067e+01 6.804837288059430023e+01 5.439833813806822604e+01 3.611406689060567032e+01 5.439833813806822604e+01 6.067137838258812366e+01 4.067137770364817584e+01 2.652924205296077531e+01 3.580012453002782280e+01 1.580012336987255850e+01 3.580012453002782280e+01 4.283296556846494241e+01 3.226108359795178870e+01 5.226102006252729382e+01 5.839286098848321416e+01 4.425072535042834687e+01 5.839286098848321416e+01 6.299053004855980475e+01 5.479826642686100513e+01 4.522796351392446468e+01 2.852654898050074195e+01 3.453140621289051637e+01 3.049276910186144107e+01 1.843286707787438417e+01 6.810746214110433350e+00 2.117144837289338710e+01 4.148274774950473187e+01 5.649889878575427815e+01 5.649889878575428526e+01 6.478317028357896845e+01 5.859000164156164203e+01 4.303211854141989079e+01 2.278597862898832105e+01
7.711341127313005306e-02 2.007711341127277649e+01 3.838021239040056543e+01 5.218871354163382392e+01 3.976673651567661949e+01 5.650305322839066235e+01 6.439833813806957608e+01 5.611406689060637376e+01 6.439833813806957608e+01 6.652924076258919683e+01 4.652924227877412022e+01 3.547351396305921867e+01 3.881523975665565018e+01 1.881523681565024830e+01 3.036224216931484676e+01 5.036218810531978107e+01 4.640321803034323267e+01 4.640321803034323267e+01 6.640300517432260108e+01 6.425072535048354894e+01 7.078594318204794433e+01 5.479826642686100513e+01 3.482725443100005691e+01 3.698669477239718617e+01 1.704190825033028389e+01 1.463383503583290413e+01 1.225594799776166077e+01 9.988022786046176549e+00 8.048776932849662558e+00 2.836268998105964556e+01 3.858830674236249081e+01 4.802245881428597585e+01 5.631624098799973410e+01 6.635256160737208120e+01 6.291749916459028924e+01 4.247596710692703681e+01 2.814208322225696435e+01
2.297228869525369793e-03 2.000229722886917116e+01 3.218949357172517267e+01 3.218944421633329966e+01 2.821973116540067039e+01 4.236186716064096913e+01 6.236211145167958847e+01 6.816124763777229134e+01 7.644958235493679410e+01 7.180344674749244405e+01 5.180344581967722917e+01 5.547351437137997010e+01 4.201780275526171238e+01 2.201779989175204477e+01 4.201772448925854064e+01 5.864345248646164066e+01 6.640300517432260108e+01 6.640300517432260108e+01 7.468479301160292039e+01 7.078594318204794433e+01 5.102016442175761313e+01 5.287443259261586803e+01 4.067662841742981072e+01 2.063515881088803638e+01 3.698669477239717196e+01 3.453166126242819445e+01 2.031155597967865134e+01 3.301034678278233514e+01 2.831143276966993838e+01 9.810574815508301683e+00 3.018631402742002834e+01 2.776504160234157936e+01 3.796556013488982728e+01 5.807935749368211731e+01 6.291749920003417884e+01 4.247596710694015343e+01 4.247596710694015343e+01
9.647730019007895452e-02 2.009645004166860716e+01 1.218950427405805037e+01 1.821973116561321859e+01 3.821968393812655052e+01 5.650008206517521359e+01 5.920915034527106968e+01 4.816068844656162895e+01 6.490068977772911296e+01 8.008765121082663541e+01 6.193345174183674118e+01 4.193343829428246750e+01 2.779130258364840600e+01 4.201780275526169817e+01 3.054582854598072572e+01 4.209283393789955596e+01 5.623497022322332128e+01 7.623500822614232675e+01 7.209189822782546742e+01 5.232805156876954555e+01 5.232805043973537806e+01 3.466788243015892590e+01 2.455480998233955958e+01 4.067662841742981072e+01 4.890889223818875564e+01 3.664142082949879153e+01 4.030417369506565706e+01 4.835493096734455065e+01 3.144085020738611647e+01 1.106461678361492673e+01 1.749963814523954397e+01 3.789375020831374741e+01 5.631624098799973410e+01 6.635256160737208120e+01 7.133941317655619230e+01 6.291749920003417884e+01 6.291749920003417884e+01
3.582433992925927735e-02 4.886536840655899105e+00 2.488654318668861620e+01 3.821973553526223810e+01 3.582027455669666693e+01 3.990277271899968525e+01 3.920881349318212017e+01 3.661368126538241796e+01 5.661391940478378615e+01 7.151943558038827575e+01 6.193345174183639301e+01 4.193343829428246750e+01 4.779130660924884921e+01 3.486237039551412664e+01 5.054583353815747415e+01 4.209283393789955596e+01 6.209284573028966037e+01 7.550842310159637805e+01 6.564114583392525049e+01 5.232805156876954555e+01 3.229601746395790229e+01 2.890359893813068481e+01 4.465756763724105838e+01 5.287443259261586803e+01 6.483698866837907815e+01 5.660155500888649271e+01 5.730542054369968952e+01 4.913274784056013544e+01 3.275410509404121484e+01 1.235132679465822214e+01 3.275410509404121484e+01 4.191446697113282482e+01 4.675214083832357659e+01 5.228117468070649210e+01 6.053019874125287458e+01 6.947329803246056201e+01 8.092805126036050467e+01
1.813270376062421294e-02 2.001779138209873921e+01 2.673760585565000270e+01 3.027325609507550652e+01 1.582021506737634375e+01 1.990269797201504431e+01 2.506667576695835820e+01 3.323164157645399541e+01 4.323164163201864341e+01 6.323198208253172226e+01 7.021780829437537363e+01 6.193345174183638591e+01 6.002635658526008200e+01 4.002634819045778869e+01 6.002635658526008200e+01 5.363983944095401313e+01 7.037720041365400903e+01 6.734134778812247646e+01 4.759954843032430460e+01 3.755402702427802097e+01 5.232804634186303616e+01 4.898937820940392385e+01 4.168894101190009138e+01 6.155167704066305845e+01 6.220352849367169767e+01 5.387915661899538122e+01 4.574136351102824705e+01 2.897773258468533086e+01 3.409469140467786730e+01 1.374248454182655976e+01 1.607495102396346454e+01 1.988758819592430882e+01 2.518158520865752337e+01 3.159342436263147391e+01 4.119273493120620344e+01 5.286975072250692875e+01 7.270215459172570149e+01
2.372884694381488524e-02 3.357062180277154972e+00 6.737679199191235924e+00 1.027321310512400387e+01 2.441534930590357888e+01 3.990277271899968525e+01 3.144970341917433743e+01 5.144988012251147325e+01 6.151819011753830324e+01 7.151943558038827575e+01 8.681766717403117184e+01 6.681759646792478691e+01 5.267545889960929628e+01 4.758563765067423645e+01 6.758565114631950621e+01 7.363986705987180414e+01 8.192427141353562092e+01 7.550842310159637805e+01 6.564114583392525049e+01 5.747044738017751797e+01 4.364615851746749087e+01 6.343786671600373239e+01 5.577791257083703158e+01 6.972665842150537685e+01 5.389347405901146004e+01 3.368386243065619823e+01 3.734367873931679327e+01 1.715301305115395536e+01 1.573197185459869729e+01 3.408529246496873810e+01 2.343108818625881895e+01 4.191446697113282482e+01 4.675214083832357659e+01 4.304654565857118342e+01 4.382477318388517773e+01 6.383283394996512783e+01 7.839325741577421525e+01
8.175220331382776484e-02 2.008175220331347077e+01 2.673771458952021973e+01 3.027325609507550652e+01 3.855839516975859027e+01 5.270144103443814743e+01 5.144988012251147325e+01 4.777966336495850896e+01 6.192193731222405262e+01 8.192422569071224814e+01 8.116906717796166504e+01 8.095987597525400759e+01 7.267548155353293282e+01 6.758565114631977622e+01 6.172777386249227050e+01 8.172781793165310660e+01 9.921063215495125576e+01 8.428411613853997153e+01 6.464492454694767787e+01 5.071341204733099062e+01 5.512771778384377797e+01 7.160084610216583201e+01 7.549079683819142872e+01 6.669444014103576990e+01 5.405443288360011422e+01 3.571945659297856679e+01 1.920980213379331403e+01 3.753214587249210865e+01 3.610178928032099321e+01 4.442339731110842393e+01 3.866474028888505643e+01 3.866474798381599243e+01 5.903671785475079758e+01 5.741980267476567690e+01 5.545520124635346804e+01 7.205523756304640415e+01 7.009643207539295418e+01
9.124702163186203252e-02 2.009124702163150644e+01 3.208631354496205290e+01 4.208631114391877759e+01 5.622842873171030220e+01 6.189479028565524033e+01 5.361051964490725652e+01 6.189479320210379143e+01 7.189479447235061116e+01 7.535994385034749143e+01 6.129721917094470029e+01 7.535994385037511734e+01 7.647946959839828196e+01 8.474452446987217513e+01 8.172781793165310660e+01 9.001226415526248559e+01 9.099402849049329234e+01 7.134043324397360664e+01 6.002499900386311538e+01 6.058553072604324541e+01 7.478974840427301274e+01 8.296555278050465176e+01 7.288976136699027109e+01 5.217689215282651816e+01 3.715326036915423202e+01 2.724030414675311107e+01 2.069458155603305727e+01 4.107276326890116280e+01 4.599394423352107708e+01 5.428887798113599672e+01 5.903627364718801118e+01 5.903671785475079758e+01 6.730436782363909742e+01 7.729170660737229070e+01 7.527689304667389081e+01 8.350756856389858740e+01 7.839325741577438578e+01
2.239863785106879432e-02 3.802043367943349406e+00 1.380204336794326281e+01 2.794417899166629482e+01 3.901845142402039812e+01 4.418242922141015327e+01 3.361051963317297009e+01 4.361051963317331825e+01 6.361051965664193375e+01 6.649801634805683648e+01 4.733606848385135635e+01 6.649801634806463824e+01 5.663481595350537390e+01 6.655761772728978087e+01 7.481212600125017786e+01 8.629653492746425059e+01 9.572373843282376527e+01 7.603385996427492444e+01 7.388477563311685969e+01 7.444516816407964654e+01 8.839589349666134410e+01 7.776244003016755357e+01 6.950302225164426773e+01 5.841452769242888365e+01 3.832509789967843261e+01 2.393368423754028029e+01 4.107258391676077025e+01 2.361358973278008833e+01 2.570571189007202406e+01 4.599843882539022388e+01 5.725350060478502456e+01 7.212113206348570316e+01 6.847007328346242616e+01 7.671151337877935816e+01 8.666998310262148664e+01 8.875613703339494975e+01 8.058660014632368984e+01
1.766589122093755945e-02 2.001766589122058093e+01 9.832270259498676168e+00 1.430440621449829308e+01 1.901845142240869180e+01 2.418242921735200568e+01 4.418242922141015327e+01 6.189479320250913474e+01 7.189479447247406085e+01 5.827100180683822828e+01 3.852009082104935089e+01 5.827063307211202670e+01 4.525825924023747149e+01 4.678242899304044045e+01 5.816559306077509461e+01 7.802133661093446904e+01 8.788670039321229410e+01 9.572373843282376527e+01 9.355830844687733361e+01 9.412306390928911526e+01 8.360771544606888028e+01 6.373786314938134723e+01 4.960723984666380915e+01 5.695016246617112898e+01 4.649952460277420840e+01 2.626964154749505909e+01 4.649949042668368548e+01 4.394856176972064077e+01 4.599843882539022388e+01 2.874085728494070580e+01 4.896412229550118411e+01 5.214506886782324813e+01 4.849815547616956479e+01 5.850317721474285548e+01 7.843696935218196131e+01 8.058660014632368984e+01 6.086047595545083766e+01
