LEM/with_lateral_4open/elevation_000390.asc
nrows	100
cellsize	150.0
xllcorner	0
ncols	100
yllcorner	0
NODATA_value	-9999
[rows 68 to 84 of 100, columns 0 to 36 of 100]
5.009162696260269221e-02 2.005009162696224578e+01 2.196886942217087579e+01 3.120735031226087486e+01 2.894159247874159746e+01 3.286391517894956849e+01 3.463314275243372009e+01 4.911636284768692917e+01 4.325849986120432789e+01 6.325849511624339527e+01 7.789184567171042772e+01 7.833371398239691530e+01 6.998914988827539219e+01 7.833050181501329234e+01 8.140764868914317276e+01 8.357926849702622007e+01 9.179230920313759157e+01 9.826754961201048388e+01 8.995233173865587162e+01 8.028056014594793055e+01 6.017967637797856639e+01 5.249450689853352969e+01 7.259202437576747968e+01 7.491486040178089922e+01 6.659430197157197995e+01 5.338976696623392115e+01 5.550592529887821769e+01 5.952693637830731177e+01 6.403207198982630644e+01 7.825479468461597321e+01 9.832778306816594238e+01 1.060752835097649864e+02 9.313007846959666836e+01 7.305650956220105741e+01 5.897282044014844615e+01 6.262889956286366555e+01 8.093439755990593198e+01
4.695337527364121244e-02 2.004695337527328647e+01 7.826733802219950853e+00 1.120735082113398917e+01 1.479945686166945684e+01 1.872177956443307068e+01 2.308613736915284420e+01 2.911636426070801065e+01 3.806063617069727201e+01 4.960764154978262752e+01 6.960763551296741980e+01 6.825767658963069096e+01 5.003884737542836803e+01 6.825767658963069096e+01 6.154818050537314633e+01 6.372275322737250747e+01 8.281835173494687297e+01 9.103139306470440317e+01 1.003694049446745566e+02 8.028056014594793055e+01 8.028056014594793055e+01 6.069263132863144250e+01 6.253892492985968232e+01 8.264512382566303472e+01 7.851575815954696225e+01 5.840435431953230960e+01 7.561877019348251849e+01 7.114939027429643659e+01 8.413722519524417010e+01 7.303372354483839501e+01 8.723926364414985812e+01 1.073179686169052758e+02 9.906225226372424686e+01 7.893592177256178388e+01 7.261297835961008218e+01 5.274436791810665426e+01 6.732729075528858687e+01
7.614146464036156137e-02 3.238419124808734395e+00 2.323841879896110996e+01 2.534948643989746486e+01 2.894159247874159746e+01 3.286391517894956849e+01 3.722827297955641512e+01 3.722827297955641512e+01 5.722826965530754251e+01 6.634486769180253418e+01 6.705078990978728370e+01 5.882040576753561822e+01 4.004229053126573490e+01 5.671311811506399181e+01 4.743513082766066447e+01 6.736649166985807824e+01 6.295880039187677824e+01 8.281835173494687297e+01 1.024723920634470034e+02 9.720505632016198660e+01 7.711475163229775376e+01 7.491664873500648980e+01 7.153742528997291572e+01 9.096093238771656786e+01 8.388922364957512912e+01 6.378355680734190258e+01 8.388922364467995862e+01 9.124230724960138161e+01 9.955096013392115140e+01 8.063005041607345902e+01 1.007094514097369995e+02 1.073480726938383327e+02 9.723801535986613942e+01 8.697968362808965992e+01 6.675870076961936661e+01 5.264846048487530084e+01 4.746114075849548186e+01
2.352828262072655108e-02 1.002352828215230929e+01 3.002346827257946416e+01 4.534948471945603643e+01 4.894159038371330439e+01 5.286391257599568405e+01 5.722826965530754251e+01 5.722826965530754251e+01 6.551250152243437697e+01 6.258988600590772933e+01 5.554394345400100974e+01 3.886488701897738451e+01 3.248315549763216126e+01 3.674715329007037923e+01 4.252060327191279043e+01 4.884464558239366028e+01 6.037671157628394525e+01 7.444777809181171335e+01 9.379974654625833352e+01 9.450146026212314609e+01 9.720505632016198660e+01 9.500841638172043702e+01 8.314246142231488079e+01 9.994382450362762427e+01 9.099259716146785593e+01 7.090122284322654878e+01 8.020346050606852373e+01 1.002889889626332831e+02 1.090130550299850540e+02 9.222269658799477554e+01 1.090130550299850540e+02 9.901165867790977870e+01 7.875251229769241945e+01 6.861472389170218378e+01 6.151316621976389598e+01 7.268128949178040443e+01 5.543924114043239371e+01
6.786455232800275850e-02 2.006786455232764865e+01 3.002345809218479999e+01 5.002276425153924322e+01 5.164129216192525007e+01 5.164129216192525007e+01 6.026019825716615941e+01 6.417999765896082920e+01 6.069538313935198914e+01 4.265369194748546278e+01 4.265369194748545567e+01 2.731930084769665257e+01 4.729908164697905448e+01 5.671311811506399181e+01 6.247282979021066751e+01 6.877552830893966984e+01 7.699509672829066176e+01 6.577376849922882229e+01 7.978675985523298664e+01 7.471323999046578024e+01 8.870410269284668914e+01 1.004718493754009074e+02 1.032276020650892434e+02 1.115350504263806215e+02 9.930404248636018849e+01 8.095128910437721004e+01 9.930404248636018849e+01 1.085954771687591176e+02 1.079747280921277337e+02 1.123025740919268145e+02 1.205966888746447694e+02 1.073480726938383327e+02 9.723801535986613942e+01 8.888208548780114882e+01 8.171649107712042337e+01 7.181669231813143028e+01 7.552883166735540499e+01
3.257643153035955086e-02 1.417471184371198412e+01 3.417461268831950605e+01 4.546247808904476528e+01 3.077944581651370370e+01 3.077944581651370370e+01 5.164129216192525007e+01 4.425367947570180149e+01 4.425367947570180149e+01 3.249635450578499274e+01 2.267000002435884198e+01 4.265369194748545567e+01 5.554394361954810222e+01 6.108943566521205781e+01 6.388120859224346049e+01 6.678801799385328763e+01 6.984562126209723942e+01 5.166897478358929874e+01 6.646210923462021469e+01 6.064366528883512331e+01 7.246661228427028334e+01 8.768742243064970410e+01 9.654553332095363771e+01 1.105188504266438656e+02 1.093414966094118341e+02 1.010339052185585444e+02 1.093414966094118341e+02 1.021130618186528807e+02 8.799319730123880845e+01 9.798396269668323555e+01 1.062486743863680090e+02 1.046756422199042902e+02 9.640981046376732877e+01 1.046756422199042902e+02 1.003954287711814999e+02 9.204595762550941629e+01 7.976648435033217766e+01
1.880098487986705744e-02 1.415767250983143022e+01 3.402378105233617589e+01 3.667844639950584451e+01 1.488112072947871845e+01 3.659556632648267538e+01 4.355533902866841345e+01 4.251594368000619539e+01 2.427481261573147719e+01 1.835894136576236235e+01 3.834375174742331183e+01 5.090240567177696107e+01 5.522717667165986910e+01 4.114453332509640404e+01 4.394409064223211914e+01 4.686007599770563559e+01 5.574187030383948382e+01 4.167194818804262013e+01 4.652258303821734842e+01 5.255211683489270058e+01 5.961900368387735227e+01 6.854168113233006920e+01 8.257221621526348088e+01 1.012809275493690677e+02 9.542383971955354127e+01 1.012743861478001719e+02 1.083285664893827800e+02 9.211965096461928226e+01 7.384742749037127396e+01 7.799062754287045607e+01 9.798396269668323555e+01 9.468385470783746882e+01 7.641459939607447893e+01 9.468385470783746882e+01 9.060052416027463096e+01 8.225171924238635768e+01 7.159204024803415223e+01
2.900726248362994752e-02 2.002898463677986385e+01 2.261427261286697998e+01 2.390532117147762037e+01 8.622860022742122155e+00 2.946558928623167972e+01 2.324830293964118155e+01 3.045323494281050003e+01 1.428276655449589505e+01 3.426424604571668198e+01 4.659586882256846252e+01 5.142181529727604783e+01 4.317626070175448660e+01 2.700649084785912635e+01 2.980701994015267786e+01 3.272431336479982633e+01 3.577428454586341644e+01 4.062499920247577023e+01 4.956797475605097958e+01 5.955750761694442730e+01 7.942829500097406026e+01 8.768742243064970410e+01 9.653731093172751798e+01 8.127049849398291315e+01 7.541007340017687000e+01 8.126984707526185048e+01 8.834061602976122174e+01 8.384653983088678331e+01 6.383657813263990022e+01 7.531426349425770184e+01 8.238651971833979815e+01 7.640872960541028647e+01 6.640525428089972593e+01 8.641220492992090385e+01 8.225171924238635768e+01 6.205672331001237296e+01 6.797170067256996617e+01
5.081304048347550645e-02 1.331181839812436429e+00 2.614182438011607434e+00 3.905176886747415477e+00 5.233998095631442915e+00 2.511432572571044730e+01 9.092846280056587460e+00 1.048102836364589763e+01 3.045331366955718977e+01 4.103746423332083282e+01 4.822581001900498165e+01 3.997652449305741840e+01 2.319281436188040502e+01 4.317625227719727832e+01 4.978353592441835929e+01 5.269683507328506522e+01 5.574187030384084807e+01 6.058220326516168086e+01 4.956797475605097958e+01 6.949290130896116580e+01 7.942829500097406026e+01 9.920442931622214644e+01 9.652738169823436465e+01 8.126793579622176367e+01 6.125919204779815885e+01 6.833455514522646013e+01 8.834183829557572665e+01 8.945877594242185182e+01 6.945541460507301679e+01 5.529506711916599215e+01 6.237524086211950447e+01 5.639071346813946661e+01 7.055025731194012906e+01 9.055233287109288653e+01 7.962924942344305634e+01 5.943778269521974522e+01 4.790102285263785831e+01
4.469920835086939326e-02 2.004469920835051511e+01 2.261427493014279122e+01 1.805145203371450791e+01 2.515974578452109611e+01 7.141400378392350312e+00 2.711917060704731952e+01 3.045382746733826806e+01 1.280489833282008227e+01 3.278418333722462563e+01 3.687431575712538034e+01 1.999090679031294826e+01 3.997652449305741840e+01 2.968147668027493324e+01 3.453214959930254224e+01 5.449580434106416504e+01 7.024235899470384936e+01 7.769903639954961250e+01 6.367998232791708091e+01 6.219543216918462747e+01 8.205008861430684419e+01 9.641534083764052809e+01 8.485711233651097984e+01 6.833406835249044775e+01 5.417912594426854866e+01 7.312842908201817238e+01 7.312842908201817238e+01 9.312234822177941851e+01 8.359198364625831346e+01 6.823640873889144132e+01 4.821291795764917509e+01 6.237524086211950447e+01 8.238651971833979815e+01 9.435728205322010353e+01 8.798158031798315903e+01 7.632862373514342380e+01 5.792777361729890373e+01
2.324776005098762310e-02 1.416538338378206241e+01 3.416538338378276762e+01 3.815413339176221541e+01 2.712684023386598042e+01 2.714955487132006695e+01 1.781080698239610882e+01 3.785780803150079521e+01 3.278417277052842138e+01 1.516368702804278890e+01 1.688839176645858942e+01 3.687431575712538034e+01 4.822580999200262397e+01 4.965511576225976853e+01 5.449580434106416504e+01 4.209092477415501321e+01 6.202969282474129642e+01 7.910597675716630306e+01 8.352652914997381117e+01 7.625729310471508882e+01 9.024171569597830000e+01 8.813734526398523883e+01 6.813497678252747392e+01 5.657742629272470225e+01 4.900983054335205225e+01 5.311655261253145710e+01 7.140374636340150971e+01 7.368815218535131351e+01 8.196531725151082526e+01 6.480240840029436811e+01 4.478198105953513419e+01 6.480240840029436811e+01 7.735898608775484320e+01 7.435985515946552482e+01 9.435728205322010353e+01 8.642476400624306621e+01 7.807465406520019258e+01
8.699724428260374731e-02 2.008699724428224798e+01 3.537783491165878758e+01 4.432210682165810312e+01 4.718122787343055080e+01 4.640056974600589967e+01 2.780649104238620595e+01 4.582564013061936947e+01 2.584871150163407094e+01 3.514752292784422849e+01 2.505077440617414553e+01 2.125045961374308590e+01 4.123544159642992213e+01 5.060760800271904714e+01 5.884402382063952786e+01 6.145831519076402571e+01 5.103021532872340771e+01 6.511763449757901867e+01 8.491129529482363125e+01 9.603513409761718833e+01 9.632995387770858997e+01 8.805971613555209387e+01 8.486993055844497746e+01 7.658897243678546829e+01 6.312249084727478277e+01 4.311199684796245890e+01 5.803983567313053271e+01 5.367883419193787375e+01 7.041740889920518498e+01 6.151107042005303782e+01 4.149759985588702449e+01 4.905750160251436398e+01 5.801378421580568556e+01 7.802945136711724672e+01 8.390934015367831478e+01 9.218177402290763212e+01 7.901355933662352982e+01
2.249585233037712170e-02 7.093563664195882801e+00 1.603783557419519923e+01 3.017997119792640248e+01 5.017997119792710947e+01 5.657000907009206969e+01 4.200143685109816261e+01 5.406602377042419505e+01 3.584689588578836350e+01 4.136447586523848230e+01 3.918510815821657900e+01 4.123544159679920540e+01 2.577902418175509069e+01 3.062963649193636329e+01 4.478033614876948576e+01 6.479220992800036072e+01 7.091494961548653464e+01 6.363734810440147527e+01 7.765882207291538464e+01 9.739105545963218447e+01 8.805971613555209387e+01 6.809043452043550815e+01 7.393930169007931852e+01 6.641326470742494337e+01 7.140374636340150971e+01 5.803983567313053271e+01 3.804007510316959895e+01 4.213062296000033768e+01 6.147234177385393394e+01 5.856024517062393642e+01 3.855555739153674466e+01 5.856024517062393642e+01 6.476360608633693516e+01 6.976716347427488074e+01 6.390928209218949974e+01 8.390934015367831478e+01 8.734706064875044262e+01
2.739267172789772165e-03 2.000273926717243356e+01 3.537783491165677674e+01 4.432210682165609228e+01 5.728615996783069875e+01 6.879242156959031718e+01 6.242603985883364714e+01 6.403039568224696154e+01 4.997412937901918895e+01 5.545213018017771844e+01 5.907581985425826332e+01 5.012032362007985853e+01 3.014328204570623981e+01 5.012032362007974484e+01 3.879462428514554517e+01 5.875736123586833770e+01 7.636010503029451968e+01 8.343825942392913930e+01 9.162036021692814813e+01 8.624559793508281302e+01 7.798119829916214485e+01 7.393930169007931852e+01 5.402727947610068782e+01 4.652875002540486804e+01 5.703961459258501066e+01 6.529491228140412318e+01 5.318919463608623488e+01 3.320064877811326198e+01 5.013974736579751834e+01 5.232050143240543605e+01 3.570644597019517619e+01 4.016773384386814882e+01 4.475084666263478539e+01 4.975293392252319080e+01 5.732225032527851027e+01 7.147337801246929700e+01 9.146574436712198519e+01
8.327778614586213435e-02 1.422541340987668690e+01 3.422541340987597636e+01 2.906281431725292563e+01 4.060795179830004997e+01 6.057094565912206008e+01 6.001068193051981581e+01 6.830023540921551728e+01 6.987986548414863819e+01 7.519938989010888974e+01 6.639055642822097525e+01 4.646367224010301555e+01 3.530725932317788818e+01 5.527631045044439162e+01 5.875736123586833770e+01 4.822164963285869277e+01 6.233776340001196559e+01 8.219280376328843829e+01 9.362969530230081716e+01 7.798119829916214485e+01 5.805728434979799601e+01 6.389286363778947475e+01 6.907095310543529365e+01 5.703961459258501066e+01 3.709824343526884149e+01 5.703961459258501066e+01 5.010490194394260044e+01 3.011573959670726097e+01 3.015058531756907811e+01 3.233356026920995419e+01 3.898563450955712284e+01 5.880820542558831221e+01 6.476360608633693516e+01 6.976716347427488074e+01 6.976716347427489495e+01 7.147337801246929700e+01 9.146574436712198519e+01
6.510866554257997707e-02 2.006510866554222616e+01 1.641408372164083218e+01 3.640969068071964188e+01 5.415085665041491580e+01 4.588507164666570048e+01 4.003405229029652190e+01 6.001068193051981581e+01 6.094818834590328294e+01 6.922793044895632875e+01 7.460169523523524049e+01 6.350424106995561147e+01 4.685202787626345611e+01 4.473487738823072846e+01 6.467722172683288306e+01 6.815317008168293000e+01 6.233776340001196559e+01 8.219280376328843829e+01 8.536309969126723729e+01 6.542252839282140542e+01 5.393532179126438564e+01 4.395314099645692352e+01 4.913704086138144334e+01 5.070490333464825738e+01 3.166278277173087474e+01 5.033694252470164088e+01 4.463816766222509358e+01 2.708567604499602410e+01 4.709142873144538299e+01 4.386544704995999666e+01 5.880820541152582592e+01 5.047657684696203972e+01 6.187370757226553053e+01 8.154889849378453448e+01 8.976195023601987089e+01 9.146574436712198519e+01 9.973501393914872892e+01
8.953482861371392376e-02 6.414090147909401907e+00 2.641314412502481446e+01 4.467888761370017647e+01 4.587547806106275061e+01 2.589461735207039794e+01 4.588323840540095233e+01 4.940205183264245647e+01 4.094969327380933066e+01 5.509159585891693922e+01 7.508725335727822880e+01 7.499256879121151087e+01 6.678409445543410072e+01 5.627226725669362395e+01 5.885711386490661567e+01 7.872820506156956810e+01 8.219280376328843829e+01 9.038244666057708798e+01 8.503046548211300149e+01 6.509212697227157207e+01 5.102244172732444838e+01 4.208040501763071717e+01 3.494444680888449284e+01 3.062513351733946720e+01 2.656569067975853571e+01 3.536200133122166278e+01 2.459341268513233203e+01 4.463816766222509358e+01 5.537400661429166604e+01 6.387032042186720560e+01 7.215146841243952736e+01 7.018942171888831183e+01 7.840729182822884979e+01 8.981377768870646605e+01 8.298297274306821691e+01 9.117129930204170307e+01 8.973773698148718836e+01
