LEM/with_lateral_4open/elevation_000056.asc
nrows	100
cellsize	150.0
xllcorner	0
ncols	100
yllcorner	0
NODATA_value	-9999
[rows 34 to 50 of 100, columns 37 to 73 of 100]
7.592942201008624181e+01 8.353639416839729392e+01 7.424891395857279974e+01 6.257711438710762764e+01 4.265448647340085131e+01 6.257711469502070400e+01 6.820651727476689530e+01 7.069379110705064306e+01 6.480845036265444037e+01 8.085856053861236603e+01 7.494569188363229273e+01 9.513351340544089396e+01 1.007547484223660916e+02 8.075363265192819995e+01 8.661182382979222893e+01 9.075419053706920636e+01 7.808164157534186245e+01 6.548323403865468606e+01 4.503188404439827508e+01 4.813598466025195677e+01 6.860397532939693122e+01 8.181757668123303517e+01 8.861667238551389403e+01 9.665379413922605067e+01 1.077824311460431801e+02 1.003946973147837127e+02 8.061138061816583900e+01 7.074565583931095603e+01 9.048326781378104045e+01 8.940735668223769039e+01 6.996951864679287780e+01 7.553278602695115751e+01 7.321732671539238879e+01 5.344258238747075751e+01 6.546103385351692339e+01 7.366487310226209217e+01 6.015938134146580296e+01
7.821257605924220968e+01 7.396009947990845035e+01 6.596563574476999747e+01 4.606292671375558001e+01 6.257711469502427093e+01 4.590295907372139794e+01 4.823768178513897453e+01 5.076216854356120223e+01 5.334356902610166884e+01 6.083585617994329908e+01 8.085856741208866083e+01 9.746273953560130110e+01 1.089900377080808624e+02 1.007547484223660916e+02 9.414603004646947682e+01 8.251803362089302141e+01 6.975014331689480684e+01 4.928868799714689430e+01 4.895836149110481728e+01 6.846707351555156151e+01 5.651097527356802885e+01 6.374305048716939837e+01 7.547786501826571737e+01 8.998707002720470882e+01 1.106522309549957583e+02 9.822279311458157736e+01 7.845052305017347294e+01 6.449208597391790931e+01 7.725914851199937061e+01 7.386628679987791202e+01 6.832122689017651851e+01 5.611110083940099003e+01 6.530567001632057611e+01 6.546103385351692339e+01 4.569709226913073508e+01 5.868206036894606825e+01 5.197136516657402439e+01
5.826669289325504053e+01 5.404210776047899856e+01 5.068881688484828629e+01 4.976048733614069874e+01 6.965697400585166577e+01 5.994438865463946087e+01 5.485184218230324404e+01 7.064849228561452321e+01 7.329068434017574418e+01 5.742852571736710132e+01 6.891112248351984704e+01 8.902727730103211456e+01 1.076102026729203232e+02 9.888022465978725961e+01 8.588197031257202241e+01 6.566337066734406847e+01 5.377893480976764806e+01 6.975014331689480684e+01 5.298957460004289999e+01 7.341768175808439878e+01 7.694691125980853030e+01 7.694691125980853030e+01 7.814035374542653756e+01 9.872119473048864791e+01 1.085521584818584842e+02 9.864502685765607737e+01 8.235979188371550208e+01 6.260508505011576830e+01 5.747553508275666445e+01 5.406776140360963012e+01 5.076288402589887028e+01 4.804775732664935362e+01 4.552497441552028334e+01 6.178090352504407434e+01 5.868201269204848813e+01 3.897677930401834345e+01 3.465410052107349514e+01
6.291660534896357149e+01 7.396009947990845035e+01 7.059334439044383203e+01 5.357881373720623941e+01 7.349394010632855156e+01 7.963214829403200667e+01 6.186546466986952453e+01 8.167216679284076974e+01 8.079728285486132222e+01 6.077683727438471095e+01 6.736446978532701735e+01 7.890884268796534684e+01 9.914571191409872597e+01 9.062777178875445827e+01 7.049879339154458080e+01 5.865451870521273037e+01 7.420875636772906603e+01 7.757441859849578236e+01 5.721065009042092697e+01 7.757441859849578236e+01 9.189434078048098797e+01 9.747143033089784581e+01 9.872119473048864791e+01 1.071991233521695506e+02 1.003054895445568775e+02 8.053055866753358316e+01 7.067946693248370593e+01 8.235979188371550208e+01 7.725914851199937061e+01 5.826289609188445695e+01 7.056653256716654710e+01 6.784865126022290838e+01 5.598824864024629733e+01 4.202685951528465580e+01 3.967903553865572519e+01 3.736314910552687962e+01 3.868218919389866528e+01
6.954732548086937527e+01 8.956804812324949694e+01 7.748208053687332608e+01 5.754137838414958850e+01 7.748208053687332608e+01 8.968653548463072411e+01 7.181375254006300679e+01 8.968653548463072411e+01 8.428922613248749940e+01 6.422953921600631588e+01 8.428922613248749940e+01 8.152617610737628695e+01 1.017921758990603394e+02 9.676063755687394519e+01 7.672226984061003918e+01 6.231394496703747876e+01 8.259137186079415471e+01 8.585451877003174559e+01 7.168991025824549013e+01 6.409752848016056248e+01 7.183563774298011140e+01 8.088033102711895594e+01 9.242216796612498797e+01 1.122558346408075636e+02 1.085521584818584842e+02 9.041802410604522322e+01 8.205605944709795097e+01 9.864502685764162493e+01 8.352205637740080135e+01 6.376535159974817901e+01 8.352205637740080135e+01 8.395691672327183142e+01 6.997727261433810497e+01 6.178089434908670086e+01 4.248278342442716848e+01 5.704535224841679053e+01 5.837860692249233097e+01
7.847812920588614816e+01 9.591572136782419022e+01 7.586862272521693740e+01 6.176754684287546127e+01 7.327026541274173610e+01 9.331053976838637709e+01 8.584778670431471426e+01 9.946148505888747593e+01 8.795925642557602941e+01 6.785767264305721369e+01 8.795925642557602941e+01 1.017921758990603394e+02 1.102596669427727676e+02 9.795797485592125042e+01 7.795293472296827986e+01 6.621526521980105429e+01 7.795293472296827986e+01 9.795797485585933373e+01 9.178087844137689899e+01 7.323617001531462734e+01 7.696426723190241148e+01 9.695802871176303483e+01 1.090248262682580673e+02 1.204789661714865616e+02 1.185067684782756885e+02 1.100897214428730422e+02 1.018406802557149149e+02 9.339984109652731092e+01 7.364427165827430599e+01 8.352205637740080135e+01 9.173749050061525168e+01 8.639438998908283907e+01 7.818415747028245733e+01 6.596888715215276022e+01 4.619331333969805087e+01 6.596888706904016431e+01 6.942002241491077541e+01
9.005162240852888544e+01 9.811178773515382545e+01 7.806087001786089274e+01 6.727811873009733290e+01 8.729080150588130493e+01 1.016220717406486500e+02 1.052500602165712706e+02 1.039725388930465755e+02 8.367782141585496447e+01 7.210478057451493328e+01 8.051469216754377101e+01 9.214964392536134596e+01 1.125445819985418439e+02 1.062015312754103888e+02 9.079576431450415441e+01 7.069312092965091665e+01 9.079576431447851803e+01 1.062015312079355454e+02 9.327409705580829780e+01 8.745124029467984883e+01 9.114001229845793262e+01 1.051847577009656334e+02 1.132401656489718533e+02 1.049880359061169912e+02 1.132401656489718533e+02 1.163095676758078554e+02 1.095918149567123834e+02 8.976077801374410114e+01 8.759462824372806722e+01 1.016330004706132826e+02 9.216321973028009040e+01 7.239384029293991318e+01 5.841735137954308499e+01 5.244307486431348053e+01 5.608176560494658958e+01 7.417167344484124669e+01 7.470160481307129885e+01
1.101352944573258696e+02 1.064215298836191579e+02 8.729080150588130493e+01 8.141263686093974172e+01 7.795144697098970710e+01 9.213252184032586456e+01 1.122181847313283498e+02 1.124534269146643624e+02 9.701794037644110347e+01 7.681210071250765736e+01 9.701794037644110347e+01 1.092407455821825408e+02 1.210318615537963041e+02 1.095862912487933727e+02 8.968788513942547524e+01 7.549487296652756640e+01 8.968788513942547524e+01 1.095862912486553711e+02 1.131407957827221935e+02 1.073317168202806045e+02 1.110039628428734062e+02 1.120338497578450045e+02 1.033204530021490797e+02 8.518298132901070119e+01 1.033204530021490797e+02 9.644145809929743507e+01 1.104969189072103575e+02 1.095918149567123834e+02 1.074148646982179258e+02 1.046959934739968503e+02 8.487993825914658430e+01 7.092005634606660180e+01 7.818415747028693374e+01 5.944759529669882170e+01 7.006446595189615323e+01 8.406537256747149911e+01 8.065345508475441250e+01
1.009033915196821738e+02 1.091633113315317587e+02 1.073612415681239582e+02 1.014819463135610391e+02 9.213252184032586456e+01 9.801547629647345161e+01 1.180932780095294845e+02 1.174411296883130404e+02 9.701794037644111768e+01 8.314680252245362624e+01 9.327412246372074378e+01 1.136760197779381087e+02 1.189520649762294937e+02 9.908425863504263020e+01 8.498969839161684092e+01 9.551599335405548175e+01 9.187595635311676290e+01 1.118860386895852486e+02 1.109425035896828291e+02 1.058405267632173405e+02 1.000335958596272405e+02 1.037875682056617705e+02 8.397479559756099832e+01 7.530851358519650773e+01 9.083102014078012587e+01 8.246391913925032213e+01 9.644145809929743507e+01 1.163095676758078554e+02 1.157024062635533852e+02 1.074144741174029178e+02 9.891338890466299461e+01 9.068392645520921747e+01 8.667748218360739543e+01 6.692572809442519599e+01 8.667748218360739543e+01 9.806627918305220248e+01 8.762562430476434372e+01
8.104882008303022189e+01 9.922333762581914129e+01 1.080106034286270784e+02 1.162689643996257729e+02 1.122181847313283498e+02 1.084854645197044363e+02 1.084854645197044363e+02 1.167471480456038222e+02 1.102261621331872306e+02 8.984667259987129739e+01 1.102261621331872306e+02 1.221643800432565143e+02 1.189520649762294937e+02 9.908425863504263020e+01 1.049034043850752340e+02 1.131521167004638215e+02 1.118885970722177632e+02 1.109425035896828291e+02 9.124062902871672520e+01 8.604117703730764788e+01 8.024532751024301547e+01 9.424559896910302825e+01 8.761050711244898537e+01 6.776379041516916857e+01 7.101940389596984460e+01 8.382655604429473328e+01 1.036511292630256094e+02 9.666823942630465183e+01 1.042263656544860311e+02 8.759196250387968519e+01 9.745220322529733892e+01 1.022939071611831565e+02 9.490017374775747783e+01 8.087950067239435725e+01 9.490017374775747783e+01 1.073920659275346168e+02 8.762562425416197698e+01
7.114273742425504565e+01 9.097610580135622627e+01 8.811333829512811633e+01 9.652295814872429958e+01 1.026677653121255958e+02 8.858838257864734089e+01 8.858838257864734089e+01 1.084854645197044363e+02 1.187246198349364050e+02 1.102261621331872306e+02 1.042111952575543086e+02 1.247475767415650267e+02 1.272199747658883524e+02 1.189520649762294937e+02 1.222739967065053719e+02 1.169662464917264089e+02 1.087193493490291161e+02 1.067534460358271247e+02 9.487496793479931512e+01 7.510694333968397984e+01 6.616370304681187520e+01 7.756852434955355591e+01 7.481058402364863014e+01 6.191339469752601588e+01 6.390211738008803621e+01 8.382655604429473328e+01 9.086189418639746407e+01 7.681459813629233224e+01 9.086189418640547899e+01 7.629646992719399634e+01 7.775948077895760946e+01 8.253823117575791457e+01 9.655195021020142576e+01 1.006750477823664767e+02 1.005351911515675880e+02 9.230450776435644400e+01 1.005351897902475997e+02
6.450987067183254453e+01 8.436498300898921343e+01 7.666756243376690350e+01 7.666756258349580833e+01 8.554501182573417850e+01 7.457974015739515039e+01 8.858838257864734089e+01 1.084854645197044363e+02 1.154133953538317456e+02 1.236761171174260170e+02 1.247475767415650267e+02 1.332380444123182599e+02 1.284002279233205002e+02 1.168974027404485128e+02 1.023787105665566628e+02 1.023787105665566628e+02 8.890499183572673303e+01 8.695604463009651397e+01 8.895516308582256215e+01 8.545616005184301400e+01 7.756852421214475157e+01 5.748881509055740935e+01 5.464269378253522547e+01 5.622035880793642093e+01 5.800216646398538245e+01 7.807484159086126851e+01 8.193597789669482268e+01 6.263566850694878241e+01 8.193597789670181442e+01 8.352734564346593515e+01 6.380299375890881919e+01 6.862769959763153338e+01 8.253823117576189361e+01 1.022939071998787597e+02 9.061167884157731578e+01 7.246727228174140123e+01 9.061167884157731578e+01
5.873929792115212933e+01 7.585121713953193989e+01 7.846977356541782456e+01 6.261911733862239515e+01 6.570138221512306131e+01 8.554501182573417850e+01 9.481009557820645739e+01 9.913961600530112150e+01 9.548216755856050497e+01 1.129152356389637362e+02 1.218316411768326191e+02 1.333733162825238310e+02 1.201501942275921522e+02 1.002241756248665894e+02 8.882730248735929024e+01 8.262964864516159480e+01 7.755570116150843774e+01 7.301227569692623831e+01 6.916181325397886326e+01 6.559084489673811902e+01 6.219568422235965244e+01 7.756852441625257200e+01 7.096534755139701645e+01 5.065456650935658445e+01 5.246177365081863542e+01 7.271019943035217636e+01 7.368803926637956181e+01 5.343711819311965883e+01 7.368803926637956181e+01 7.695256168509605743e+01 5.701225910298573041e+01 7.695256168509605743e+01 8.855936333749023959e+01 9.998564310320914217e+01 8.238589000118878403e+01 6.242666961430644079e+01 8.238589000118878403e+01
5.338451162699125518e+01 5.593992063997914244e+01 5.857499262055348055e+01 7.007939656230375647e+01 8.554501182573417850e+01 7.101609026727992102e+01 7.498127998103873892e+01 7.929926092528260995e+01 8.478444015403208311e+01 9.363549113542811142e+01 1.051021014965971432e+02 1.251119299015809077e+02 1.227394172847745608e+02 1.028081768606704003e+02 1.086459020234311339e+02 1.023787105665566628e+02 8.695604463009651397e+01 9.275456925196287727e+01 8.060091924391220175e+01 7.966122687127214874e+01 8.214527437436183277e+01 8.508731480807770708e+01 6.511583718629503892e+01 6.764881908609574168e+01 4.716006037355895586e+01 6.466036051232509863e+01 6.299984243809945639e+01 4.669630451910103375e+01 6.728408852099937576e+01 7.225258157090412681e+01 5.208753040898547937e+01 6.042116380617936500e+01 7.199708904176806357e+01 9.174513256189133870e+01 7.573281653313952688e+01 5.563350874750470609e+01 6.600885303322318975e+01
7.332247990177049246e+01 7.089277718732546418e+01 6.971276679419860045e+01 8.588071343128602564e+01 8.993165160242199363e+01 8.502244285925029033e+01 8.898261978873918565e+01 9.072658842043637151e+01 1.046490742095778756e+02 9.731655599332820827e+01 1.114020411101816705e+02 1.314248038426044900e+02 1.309866286202422998e+02 1.227394172847745608e+02 1.266514136520333551e+02 1.067534460358271389e+02 1.067534460358271247e+02 1.086012247772712840e+02 1.003672724032817456e+02 9.944636654061258696e+01 9.573248795444216341e+01 9.331896775147254175e+01 8.508731480808000924e+01 7.592013598811480790e+01 6.466036051227595749e+01 4.392452345584305817e+01 4.208129305048066726e+01 4.024114420120671554e+01 5.906535907105295280e+01 6.246120588340907176e+01 4.728516482075744420e+01 5.931629829071758309e+01 7.925537318631661776e+01 8.461309701350833734e+01 6.967264721344508871e+01 4.943753706588432806e+01 6.967264721344508871e+01
8.174269338502824667e+01 9.169021959790769927e+01 8.796504069290509165e+01 9.599127364793682204e+01 1.098336504220124681e+02 1.048996172885794778e+02 1.088788666635395401e+02 1.106320254089656316e+02 1.189001349619892665e+02 1.172665725364189768e+02 1.255348325620935128e+02 1.240336108051043027e+02 1.229782297286831323e+02 1.313035678134768887e+02 1.205014143549865224e+02 1.105563910009542923e+02 1.023043017414922673e+02 9.483390580231889544e+01 9.018153277653719613e+01 8.586515706831625039e+01 7.592207616358130906e+01 7.844282527453684395e+01 7.527174534319138388e+01 6.845707323774675501e+01 4.801010406087723936e+01 6.452251656570280147e+01 6.299984243809945639e+01 5.906574262730246261e+01 3.776232599752446362e+01 4.155746300696287676e+01 6.246121198281969811e+01 7.597557783457308744e+01 8.746878061631070977e+01 7.637138499590324159e+01 5.626838428439084794e+01 4.443037582335220748e+01 5.291324650543435837e+01
8.998352036786850761e+01 8.619737238293080850e+01 9.447681236747868638e+01 9.737152490110329950e+01 9.461963752147200069e+01 1.029071553494719211e+02 1.051183674233478911e+02 1.027708501932823140e+02 1.110707990691685580e+02 1.144154691984290793e+02 1.181695275026395109e+02 1.039814135185391137e+02 1.029315007563592843e+02 1.197207199404825104e+02 1.122359629387771065e+02 9.237264054420739967e+01 8.253949189125263786e+01 7.509555871148177175e+01 7.040141436574589306e+01 6.600683864934653400e+01 6.176330207789462179e+01 5.838715482351848607e+01 5.511715222708496498e+01 5.213357715926226632e+01 6.258996888669991421e+01 7.655788387352737345e+01 7.166799201356613480e+01 5.142189798388863409e+01 3.608609486323005200e+01 5.744239012715488713e+01 7.051202309086338005e+01 7.456343186157241121e+01 8.279495196929727285e+01 7.457616084441586679e+01 5.442558569452541661e+01 3.994068048407324056e+01 6.032755251111922234e+01
