LEM/with_lateral_4open/elevation_000338.asc
nrows	100
cellsize	150.0
xllcorner	0
ncols	100
yllcorner	0
NODATA_value	-9999
[rows 17 to 33 of 100, columns 37 to 73 of 100]
4.051503547762941082e+01 5.157248720891714555e+01 4.206442028758802110e+01 4.480034260683874692e+01 3.766707363378689166e+01 1.742701043529386595e+01 1.539694803117773780e+01 1.259809141123445464e+01 2.212717405548897887e+01 4.135872837999920648e+01 4.659425460859515766e+01 3.822354826709603515e+01 2.952971768262704089e+01 4.418703541461438533e+01 2.913841555493596402e+01 3.680261354172396437e+01 4.684031251772232451e+01 6.698197940967504849e+01 7.718275697081728026e+01 8.623068092923121242e+01 9.538413658129799444e+01 8.711191939034307552e+01 8.487426656250129042e+01 7.659842302901651578e+01 6.952531098782515073e+01 5.330376819358158968e+01 3.915840266089988830e+01 5.534739820807497779e+01 3.970966294245705797e+01 4.291701024477317361e+01 6.291432084757609999e+01 7.604060482229881757e+01 9.017369384771569685e+01 7.924125776408583022e+01 5.922447317889489682e+01 4.774148074304677891e+01 3.953167069178592641e+01
3.629816596046894972e+01 3.159330707736424770e+01 2.793096423496679037e+01 2.475979747902385242e+01 2.164168839135549405e+01 3.390636424572313956e+01 1.372467707898861811e+01 3.273940723209289416e+01 3.925900446174453151e+01 4.026614475492949197e+01 5.981395612317834320e+01 5.810436695708538934e+01 4.122889094694733103e+01 5.767020217974768315e+01 3.925252531034536219e+01 3.590620579399674739e+01 4.196541433978943303e+01 4.864477349162864783e+01 5.761863312463656683e+01 7.188963170208882048e+01 9.218340107670084649e+01 8.815255141356180957e+01 6.814021401435572045e+01 5.659279034943803310e+01 4.952897650400131369e+01 4.320485244065700670e+01 5.916191938657350846e+01 6.744177957689007030e+01 5.385411567724968762e+01 6.291432084757609999e+01 4.776946189265422049e+01 6.190407674226299406e+01 8.147808074069547501e+01 8.759495518458514596e+01 7.599183718578720459e+01 6.539595686430118349e+01 4.548731420669026448e+01
5.628294474099047306e+01 3.861649252966869739e+01 4.792347405314455955e+01 4.480034260683874692e+01 3.332351440587444813e+01 4.220119574613477198e+01 3.390620694815806502e+01 1.486731301107279180e+01 3.146605935491498229e+01 3.559700604000582302e+01 5.543855226081468857e+01 6.974672325137059659e+01 6.137052545143494342e+01 6.774316413736430320e+01 5.345787413588445247e+01 4.410465126540178460e+01 6.207703005454744982e+01 6.879315833600689700e+01 7.718275697081728026e+01 8.623068092923121242e+01 9.883055536591618306e+01 9.641905508650602030e+01 8.487426656250129042e+01 7.659842302901651578e+01 6.644530018866043974e+01 4.645190148929259522e+01 6.644530018866011289e+01 8.089489489285799095e+01 7.385502461050307943e+01 7.604060482229881757e+01 6.190407785038205191e+01 5.320687616718849000e+01 6.734609482865826635e+01 8.734124283598617922e+01 7.537896855743989022e+01 5.541294517116252649e+01 6.539595686430118349e+01
6.692263463015812874e+01 4.859937679025077273e+01 6.692263463015812874e+01 6.162996447286593593e+01 5.332793074685270795e+01 5.447009988767638333e+01 4.253362836323627505e+01 3.478817478369042249e+01 1.597436651657315920e+01 3.094384278928590248e+01 5.308851670650463461e+01 6.555299383666545054e+01 7.511782353741035934e+01 8.202845413985164669e+01 7.261112479846420342e+01 5.569183817742499798e+01 7.261112479846420342e+01 7.985727324278236949e+01 8.517389804745249648e+01 8.259355201720144635e+01 7.894436878780970801e+01 9.883055536591618306e+01 8.954774748500827286e+01 6.953811323687621382e+01 5.799020151713865801e+01 5.351591474347861777e+01 5.261795070288428633e+01 6.675644030143574525e+01 8.676633797057594677e+01 9.017713179421559744e+01 8.148114504319403295e+01 7.320657238086251084e+01 5.937196066593269705e+01 7.938170502124202699e+01 8.364255219139516839e+01 6.539471843320947642e+01 8.364255219139516839e+01
7.694395903068888742e+01 6.862257101716257068e+01 7.694395644198648654e+01 6.822669691369407019e+01 4.907743862852184691e+01 3.593459612380629409e+01 3.515705784897004804e+01 1.706273954587817343e+01 3.603398618388106911e+01 4.421817795927994865e+01 3.845655231754247438e+01 4.806439976991730134e+01 6.143216751977569601e+01 8.064497749442283236e+01 8.428370596071901844e+01 7.589050302913017276e+01 7.403187121493090217e+01 5.996649234978539766e+01 6.528090897378370983e+01 6.269900609808006209e+01 8.259355201720144635e+01 9.819017293192474938e+01 9.781197836716921756e+01 8.626922126292132020e+01 7.799517976546319176e+01 6.106863554460249333e+01 5.746186062692463992e+01 7.160880072236253113e+01 9.161969199224850513e+01 9.779677631602501719e+01 7.779185398652346350e+01 6.623153357034424005e+01 7.938170502124012273e+01 8.765225906825232016e+01 9.362262386678074222e+01 8.536321868167016191e+01 9.362262386678074222e+01
8.946317831280447308e+01 8.122172808386982013e+01 8.122172917209468324e+01 7.405370659330360184e+01 5.468612626279295341e+01 4.518588722803619362e+01 2.487867385270594411e+01 1.782644986965181388e+01 3.784645593054603552e+01 2.714730307082361449e+01 4.671780511896429289e+01 6.234966257819878166e+01 6.313063301926007398e+01 7.142103916827184662e+01 7.649412445527404714e+01 6.740197625106038970e+01 5.916276704554010024e+01 4.590356651607181249e+01 5.122028422318864216e+01 6.010913554973463135e+01 7.005985431306729083e+01 8.412788730093367917e+01 1.040079471062847318e+02 9.373587934374094743e+01 7.372568727923112419e+01 8.108032267548591676e+01 6.501893389006302471e+01 6.815336294420289676e+01 8.816827625318090611e+01 1.060455873700546476e+02 9.291807578252368671e+01 7.290463550686217786e+01 8.038953199237482750e+01 1.003879363778465290e+02 1.060659189868185734e+02 9.591905519907808753e+01 8.755393640358281004e+01
8.122172808386982013e+01 6.100952226568475822e+01 6.100952226607225981e+01 6.577091002894574956e+01 5.742042940925129813e+01 4.938969854022675321e+01 3.954286911889532519e+01 1.911025468437076569e+01 1.917316948002566335e+01 2.012597049383963821e+01 3.419218007550409766e+01 4.962292294752200661e+01 4.090602196880999486e+01 5.896333556324986347e+01 6.242439777853355309e+01 4.835467110179315142e+01 3.924454312883509033e+01 4.527061835946015833e+01 5.190071054166619291e+01 5.941244394142486129e+01 6.936327108679972753e+01 8.343226480989372362e+01 1.033121210023847567e+02 1.019961463286702923e+02 8.788211350120293730e+01 9.330536574552917273e+01 7.397192421686671082e+01 7.816458816832252410e+01 9.643492425453682415e+01 1.070496014749209479e+02 8.706460618370871885e+01 8.446791858358555771e+01 1.003879363778458611e+02 1.086325660364214372e+02 9.774161858869706521e+01 7.736625421846864015e+01 6.727276382680551592e+01
8.010274199051012545e+01 6.692954028444712833e+01 4.650972804638921332e+01 5.742042943284460677e+01 3.706958912250593841e+01 4.115976886549785263e+01 2.094393160937796949e+01 2.872088294231281225e+01 3.906889648779934987e+01 4.002453551186916769e+01 2.148960404963865756e+01 4.137607512525262621e+01 2.844570689088576287e+01 4.979359367732547526e+01 4.954460415739264789e+01 3.423180838079895238e+01 5.418321106297551637e+01 6.515948653402051605e+01 7.178887464500968463e+01 7.930910547777335751e+01 8.754849050060860804e+01 9.749431724477243222e+01 9.516492573110060960e+01 1.033890295237313239e+02 1.078681202317483212e+02 1.022466048309651683e+02 8.553469932472761172e+01 9.232088136041316773e+01 1.064273028617785144e+02 1.152839227415941252e+02 1.070496014749209479e+02 1.044612051822449104e+02 1.126999382124664493e+02 1.076976689182911997e+02 1.060659189868185734e+02 9.591905519907808753e+01 8.755393639348478985e+01
5.987702768015525123e+01 5.971004639809020631e+01 3.928486495793089261e+01 5.057562753746037743e+01 4.303021222125743606e+01 2.279827598911051467e+01 4.115976897037134563e+01 3.948113981496188529e+01 4.278900395656417288e+01 4.848657252045038035e+01 3.072384442285630257e+01 2.286102860323303432e+01 2.383101164657892923e+01 4.364903139786882491e+01 2.960523470099317223e+01 4.954460347374386942e+01 5.231924357622607147e+01 6.055419663857471591e+01 6.836201566102495519e+01 7.659342500166057732e+01 9.064664896962892726e+01 9.191662129430157790e+01 7.528748324966186090e+01 9.191662129430157790e+01 1.006286751895696199e+02 1.137761141561907294e+02 1.055303300701890663e+02 1.122977282171944609e+02 1.074833030942872938e+02 9.922282684816603648e+01 9.817139587253802802e+01 1.064313303704585962e+02 1.018697231038429010e+02 8.777672829446778735e+01 1.018697231038429010e+02 9.558694911301617481e+01 7.527517858828056774e+01
4.959755917536428882e+01 5.821748888763970342e+01 5.057562753024179614e+01 3.023944262599670907e+01 2.468296937730347551e+01 4.303020532891445527e+01 5.142018787242729871e+01 5.746476015648793378e+01 5.464084727577200340e+01 4.958095376705659874e+01 4.911003343117651099e+01 4.273736442819689074e+01 4.370466931668697441e+01 2.520724384669767559e+01 4.508617922212757634e+01 4.893488788103837805e+01 3.236698454432906402e+01 5.231924357622607147e+01 4.849555294859464993e+01 6.254020103369218475e+01 7.907850456308418075e+01 8.368867896363722991e+01 6.379027057382264587e+01 7.251906064937850260e+01 9.240276245254749199e+01 9.952358081252285160e+01 1.077469757422399539e+02 1.074833030942861853e+02 9.597239730085391329e+01 7.928745742313046208e+01 7.823404641221598865e+01 9.491983739878315873e+01 9.295044503673800307e+01 7.366448932740736666e+01 9.295044503673800307e+01 1.039204903810461076e+02 9.222608761095777652e+01
5.306935070482246886e+01 3.777208655385796732e+01 4.695810487210600570e+01 2.667985655329765393e+01 4.493540072166820920e+01 3.367513216699052947e+01 4.808215735921501732e+01 6.844108550926505075e+01 7.250442108465617252e+01 7.022976550553569552e+01 6.390531644861773231e+01 5.023516622199375092e+01 3.029412063188421911e+01 4.508640792860460067e+01 2.670921528356432972e+01 2.899403447114966426e+01 4.893517604691894007e+01 3.588923584947007583e+01 5.579736141660763593e+01 6.222079365182084842e+01 5.920253181851568769e+01 6.804944120967762444e+01 5.628198142219639521e+01 7.616778664064976567e+01 8.547418525745352724e+01 7.965473514873460203e+01 9.952358081252285160e+01 9.922282684816603648e+01 7.928745742313046208e+01 6.775398703525929989e+01 6.669918227766332564e+01 8.499799498802956066e+01 8.469089065486187451e+01 6.472541689679103172e+01 8.469089065486187451e+01 1.025423020752205616e+02 1.107960652535589219e+02
3.269091274668389957e+01 3.064869147039643238e+01 2.869610947278730251e+01 4.695818726844257185e+01 5.534774208044552068e+01 4.808215735955187853e+01 4.655586070494705808e+01 6.693241219063132519e+01 7.694001378260891499e+01 6.869765904089230446e+01 5.566283329763779619e+01 3.572032169969764936e+01 5.023516622197924164e+01 4.785082990716958307e+01 2.790172874876487086e+01 4.777234768625891093e+01 5.701886468027742438e+01 5.579735973090009082e+01 3.965211504097953110e+01 4.239643461423527526e+01 4.520173046728191224e+01 4.821075193235753886e+01 5.193532058133305895e+01 5.853726606676493560e+01 6.557246292959422362e+01 7.965473515242152303e+01 9.952358405220422810e+01 1.033478891186512527e+02 8.341773520419600629e+01 6.929917907343846650e+01 5.775782399736208106e+01 6.503487865524293454e+01 7.837725349087928350e+01 5.840246049563655362e+01 7.837725349087928350e+01 8.262420688803921109e+01 9.104258456121443999e+01
5.244724657262355549e+01 3.207925709975724970e+01 3.306717499334065735e+01 4.747934413777097973e+01 6.787458981116803614e+01 6.844108590823586269e+01 6.101315012505721569e+01 7.524230834866139617e+01 6.869765904089230446e+01 4.880705102555294417e+01 4.175744626497095169e+01 5.566283329763779619e+01 6.390328494079925292e+01 4.906423009894703569e+01 2.909812553650779776e+01 4.905930607258704157e+01 5.904135386517031492e+01 6.772572534151086643e+01 5.262451422567067283e+01 6.222079365182084842e+01 5.508782536617043490e+01 6.804944120967762444e+01 7.180433131124537738e+01 5.872955152435796577e+01 7.022370355036362355e+01 8.429624547619962982e+01 1.041581844681942499e+02 9.838170282447319437e+01 7.844479488538927114e+01 6.691018213949425331e+01 5.796889440300101626e+01 5.090231117885285528e+01 6.554215962897805525e+01 5.285883492629264424e+01 7.283724269386952699e+01 7.110105047406456436e+01 7.110105047407270717e+01
5.492287275616634190e+01 3.450833943942554782e+01 3.781352201630680554e+01 5.827603349168597902e+01 7.097347157218780467e+01 7.925727171301622320e+01 8.122277503824058442e+01 8.276586467987822004e+01 6.287041746697083511e+01 6.718170692310080483e+01 4.729190041308661563e+01 6.718170692310080483e+01 6.138656141554154289e+01 4.073803862592269098e+01 4.906441425167744796e+01 3.083779056256284434e+01 5.084009899213505435e+01 5.918516391908678997e+01 6.897470031788439826e+01 7.958930208340277090e+01 6.913598863763644431e+01 8.318010171775780748e+01 8.686094180118378461e+01 6.868338107188942843e+01 6.868338107188957053e+01 8.018050457163322164e+01 1.000468574715090995e+02 1.066417143466331652e+02 9.513037018023304370e+01 8.620636315953515805e+01 7.794431923251640626e+01 6.554215962897805525e+01 4.556540354044339125e+01 6.142126949676084990e+01 6.968946350557234837e+01 6.969468658684787954e+01 5.697488343617341400e+01
5.147160414785172122e+01 3.697884815556521687e+01 5.744167269534356279e+01 4.503814541981675745e+01 5.055376294646705304e+01 6.507480175978585635e+01 8.521412019358591294e+01 9.100961009875442187e+01 8.276586467987822004e+01 7.347233615582516109e+01 5.357961986477867100e+01 7.347233615582516109e+01 6.994245062731751261e+01 5.292473512095210708e+01 5.909975884283180392e+01 5.084009900194513421e+01 3.262261446238353813e+01 3.985988358981081348e+01 5.950195410561895670e+01 6.982981853228717739e+01 8.128336281172634870e+01 9.718655917160381819e+01 9.680255418763947262e+01 8.275909801143291133e+01 8.018050457160224198e+01 9.680265392210428388e+01 1.082704477994977879e+02 1.048665125773807461e+02 9.657348981544382127e+01 9.385394403867353219e+01 8.561825324865745301e+01 7.380925205878345707e+01 6.142126949675893854e+01 4.144479562265377837e+01 5.746550979041512619e+01 4.971719973545378934e+01 6.383929599457125903e+01
5.142191233616555479e+01 3.953815694454836915e+01 6.004619675696561387e+01 6.551607472359133055e+01 7.097347156664770296e+01 6.086952699183353843e+01 7.522723313809481738e+01 9.520100732838552915e+01 8.754166809699324858e+01 6.764462805226419562e+01 6.764462805226419562e+01 8.171522841521044711e+01 8.452019525002764055e+01 7.561330273593904394e+01 7.255340317968631325e+01 5.263436736363628654e+01 5.263434731776847286e+01 3.446329527699099060e+01 4.197749369715707957e+01 5.325711483841112681e+01 7.301081404649040962e+01 8.979042041386030348e+01 9.793675325016702971e+01 1.026226944615847430e+02 1.000468532214387949e+02 1.082701649339486778e+02 1.048744318246112641e+02 9.333426421131638051e+01 7.662516308695202838e+01 8.561556465184381182e+01 6.566007091236382109e+01 7.150659566911866705e+01 6.011155473287418971e+01 4.013435451031928380e+01 3.747394597654056270e+01 3.555248671684862671e+01 5.292842688857037814e+01
6.839810425924547133e+01 6.004619618526410108e+01 4.342303957801529180e+01 5.802088630794779789e+01 7.830859071067875732e+01 8.107741615254215617e+01 7.522723313809481738e+01 9.520100732838552915e+01 9.578582877815661334e+01 8.754166809699324858e+01 8.754166809699324858e+01 9.372429434590458186e+01 7.411886036354813712e+01 7.242821426423674325e+01 6.644410983877853027e+01 5.629550356712432091e+01 3.635299717686109489e+01 5.443956087161275548e+01 6.160185330772601731e+01 6.982952007969616659e+01 7.598641513248031742e+01 7.026863933575211263e+01 8.979042041386030348e+01 9.806350901649582852e+01 9.847734810601419042e+01 1.067882139130565093e+02 9.657426613551407968e+01 7.662516061389968058e+01 6.508825458598687419e+01 7.507133262072774471e+01 7.150649705468168804e+01 5.152827114159354238e+01 4.398030413062958388e+01 6.011155473413616335e+01 5.746550176485116879e+01 4.293397952651331195e+01 3.286053952382138732e+01
