LEM/with_lateral_4open/elevation_000629.asc
nrows	100
cellsize	150.0
xllcorner	0
ncols	100
yllcorner	0
NODATA_value	-9999
[rows 68 to 84 of 100, columns 0 to 36 of 100]
5.009162696260269221e-02 2.005009162696224578e+01 2.848473148996525595e+01 2.461228135015534235e+01 4.155259833857941487e+01 3.452041103773336772e+01 1.886877971169590396e+01 2.230422269220797205e+01 2.590496635665392233e+01 2.983877512546997579e+01 3.421432936360633903e+01 5.420005722233080547e+01 6.978469729566755575e+01 7.807283630213753156e+01 8.962474818014609923e+01 8.573717275437864771e+01 7.752843912183261921e+01 8.573717275437864771e+01 8.655031298325418732e+01 6.989122648849081543e+01 8.655031298325418732e+01 7.692594300756275061e+01 5.723109808523006592e+01 4.621891410841875114e+01 5.944050310106709389e+01 4.870080304520113401e+01 5.647750452132925858e+01 7.616751682151586067e+01 9.244303101644996445e+01 7.854495515657735893e+01 5.933736644337476207e+01 5.638895448674107769e+01 7.319985284424652150e+01 6.221074939815171945e+01 7.365222083110165840e+01 9.361675136043878354e+01 1.030777926456831182e+02
4.695337527364121244e-02 1.441301030365771751e+01 3.553416815605508106e+01 4.266899244836698557e+01 4.266899240589373932e+01 4.645181066765110955e+01 2.644312494432247007e+01 4.232230896546790433e+01 3.746811960393011987e+01 4.139284044897269865e+01 5.420005722233080547e+01 4.685521939371722766e+01 6.098024827910296608e+01 8.098244013716404766e+01 8.668556964056303116e+01 7.819093514301836478e+01 8.668556964056303116e+01 8.327424347326130771e+01 9.154912851910184202e+01 8.977574286957369054e+01 9.804338258081902779e+01 8.514077199252149342e+01 7.044110550483047462e+01 5.089719736145760010e+01 7.044110550483047462e+01 6.812910296075222050e+01 6.812910296075222050e+01 7.034934756158244795e+01 9.021381995702958534e+01 8.742799042047994362e+01 7.072175185489390969e+01 6.514605993154025043e+01 8.442500012733910353e+01 7.105833266579604413e+01 9.037434913801222081e+01 1.019109111524506659e+02 9.486227757457528753e+01
7.614146464036156137e-02 2.007614146464000626e+01 3.830779953008153171e+01 5.244993515381223403e+01 6.060454741828591807e+01 5.473472717427522127e+01 4.059641012039969610e+01 4.645181245356108235e+01 5.160164313902468081e+01 6.137622808535428476e+01 6.966116385618745710e+01 6.683875463573474462e+01 7.512532669150162690e+01 8.612285332933359427e+01 7.639563798992811883e+01 5.758124784812277852e+01 7.639563798992811883e+01 6.328626080091036243e+01 8.001086108954382325e+01 9.154912851910184202e+01 9.440619087737435677e+01 7.451298830374270210e+01 6.054263857161923568e+01 7.044110550483047462e+01 6.463445927261057022e+01 8.445958959055840864e+01 8.791954256548167734e+01 9.021381995702958534e+01 9.841850845251511259e+01 9.895359013497575518e+01 9.066208952207816196e+01 7.920204618294853560e+01 8.505408687873162421e+01 8.256609591213697286e+01 9.930752956531780740e+01 1.040783215387235998e+02 8.418330804944200452e+01
2.352828262072655108e-02 1.002352828262063866e+01 2.416566390635133743e+01 3.771292452681420571e+01 4.599719577429457473e+01 5.494146768432472072e+01 6.058800417943030681e+01 6.644565239250951549e+01 7.159363960665798743e+01 6.751213805693366510e+01 5.924028420742637024e+01 6.751213804297543675e+01 6.982627910044097064e+01 6.616370762160970287e+01 6.776305015188110303e+01 4.817000633983152369e+01 6.164646316542884108e+01 5.155875003403583179e+01 6.328626080091036243e+01 8.327424347326130771e+01 8.806318567972803635e+01 8.855854623066149145e+01 7.451298830374270210e+01 8.033957243804168513e+01 8.445958959055840864e+01 9.267239490190753770e+01 1.001529361592189673e+02 9.850627191338922728e+01 9.033876367585280320e+01 9.142521676875706760e+01 9.959278779074244881e+01 9.918216289405044961e+01 1.050472657905780096e+02 1.025569194170971059e+02 1.108574102985442238e+02 1.122815774474048283e+02 1.008105070006933914e+02
6.786455232800275850e-02 5.614866514580318047e+00 1.138836920647662687e+01 1.771292452681349872e+01 2.665719643681281426e+01 4.079933206054426620e+01 6.079933206054496964e+01 6.217013009939903867e+01 6.802884690415228874e+01 5.752362113734298532e+01 3.926034625749741025e+01 5.752362112313479514e+01 4.986029082340146346e+01 5.204453450587543273e+01 6.083392579195329120e+01 4.239820832771697212e+01 4.125714597471136358e+01 5.992987085764427491e+01 6.503003907010106843e+01 7.176935737242985169e+01 6.810740302502945553e+01 8.806318567972803635e+01 9.440619087737435677e+01 1.002158002818140545e+02 9.721331194487353855e+01 8.902139559151792980e+01 8.041154743508775482e+01 8.041154743508775482e+01 7.061993438648968890e+01 7.170663758087152928e+01 8.565015089363841128e+01 1.053674591280666988e+02 1.004237467303412927e+02 1.084409426849838525e+02 1.135957644894289018e+02 1.055882102819644359e+02 1.024395656116846851e+02
3.257643153035955086e-02 2.003257643153000345e+01 3.138836920647698392e+01 3.771292452681420571e+01 4.599719577429457473e+01 5.494146768431807004e+01 5.630902984198332462e+01 4.216239362316361650e+01 4.802252396085948050e+01 4.925031523228522445e+01 2.925982664718505788e+01 4.925031523228317099e+01 3.572317541784629213e+01 5.570819339674244475e+01 5.657877033802548539e+01 4.352527722828580181e+01 3.479297678910897673e+01 3.946290094318820252e+01 4.462936622027410039e+01 5.155140246544340954e+01 6.177496194580185573e+01 7.593594906431822267e+01 9.583331561431454304e+01 9.907564323745091883e+01 8.902139559151792980e+01 6.926314492025811376e+01 7.505020255748654279e+01 6.062666701883129861e+01 5.916509362854927900e+01 7.317869344863034087e+01 9.289713845838934958e+01 9.720628193283577900e+01 8.092175640894834032e+01 9.097349360131543961e+01 9.901161904300717254e+01 8.612750886477104473e+01 1.023818960886379159e+02
1.880098487986705744e-02 2.001880098385984397e+01 3.831250732208983578e+01 5.245176178923504295e+01 4.941734372964461386e+01 5.770171121082567822e+01 4.802252396085955866e+01 2.798038225825242264e+01 4.802252396077552987e+01 4.258671295361389042e+01 2.259303434225176588e+01 3.880790834323265415e+01 2.816328339985868112e+01 4.352921851332570924e+01 4.602832418499189515e+01 3.029952398436197214e+01 5.029039144902895941e+01 5.992987085764427491e+01 6.503003907010106843e+01 5.914796257987627826e+01 7.923062790771760433e+01 9.002146564644671400e+01 9.330061118399450493e+01 7.933196382096080868e+01 8.902139559151792980e+01 6.926314492025811376e+01 5.519529961569998733e+01 5.060551435776228857e+01 7.051910722695954803e+01 7.519639376215114623e+01 8.109491766586523909e+01 8.846743029169415706e+01 6.957160661012235892e+01 7.139542781895136159e+01 8.457789953822756956e+01 7.480322999632630854e+01 8.865914998477437337e+01
2.900726248362994752e-02 1.002900726231995243e+01 2.417114216466993426e+01 3.308739775468760769e+01 2.941732504559824690e+01 4.109980061040570831e+01 4.092821707490825389e+01 2.053831007379042362e+01 3.200529126215674580e+01 3.360066213133621460e+01 1.656444755421448534e+01 1.881308843296342204e+01 2.109210794122034827e+01 2.353547957390977174e+01 2.603547929905761649e+01 3.158259301528131857e+01 3.735666132475944323e+01 4.442929751489145218e+01 6.440373715615824324e+01 7.923062790771760433e+01 8.749446331961291889e+01 9.256803617534883699e+01 8.342081367161070204e+01 6.535632391296839216e+01 8.342081367161070204e+01 8.323822843256581905e+01 6.569051155086117433e+01 4.570697136997050336e+01 6.035047559020613051e+01 5.503120470244623874e+01 6.090676025341367961e+01 8.040216310536357014e+01 6.070788700609816146e+01 5.996623392764855254e+01 6.494666959193857281e+01 8.457789953822756956e+01 1.023818960886379159e+02
5.081304048347550645e-02 2.005072813137565646e+01 2.276950918607401420e+01 1.308739307165820343e+01 2.554340437792902208e+01 2.109975050758788129e+01 2.838615738395043309e+01 1.274933188002542117e+01 1.204086114639619964e+01 1.361072245133437519e+01 1.611948831822321182e+01 3.612056035449271008e+01 4.108659453654929194e+01 4.352921851332570924e+01 4.017653009167941036e+01 4.236244667696993815e+01 5.734170629578768796e+01 5.734170629578768796e+01 5.597053637490434141e+01 7.008032985345799659e+01 9.003085594887321008e+01 8.438050706739979034e+01 6.458663366147436591e+01 5.538942259180828387e+01 7.523553877472295426e+01 7.594286556423294599e+01 6.773106753184143258e+01 6.035047554260031433e+01 4.031805195311522994e+01 4.081215226367046256e+01 6.084761660333304434e+01 6.832202131948157842e+01 5.362049524130046763e+01 7.343918501518817266e+01 8.457789953822756956e+01 7.886153500136448713e+01 9.837842433059117297e+01
4.469920835086939326e-02 1.405526843230414213e+00 2.769515522171363653e+00 4.143121161658259943e+00 5.543401245686275125e+00 6.957614808059376266e+00 8.386186236630816637e+00 9.852559482731104268e+00 2.982900965227096535e+01 3.360064728960447411e+01 3.612056013685989342e+01 1.976910799329703394e+01 3.977269986311237915e+01 5.183966666928348843e+01 6.015565922046582159e+01 6.233981114010225610e+01 7.061478079579802625e+01 7.730455188721558102e+01 7.008032985345799659e+01 8.419694257323619979e+01 8.472621667535419476e+01 7.654177207883790857e+01 6.821887710814544903e+01 4.827654246753191103e+01 6.821887710814544903e+01 6.773106755838973925e+01 4.777963076500346773e+01 5.362327082104250309e+01 3.671077521084465900e+01 5.662800182026833085e+01 4.521168080747462170e+01 4.840600369923801338e+01 5.601977263460157275e+01 6.597901920376106943e+01 7.990131052792740718e+01 9.837842433059117297e+01 1.064011953659582446e+02
2.324776005098762310e-02 2.002324775742983931e+01 2.276951823613262960e+01 1.828525680387645380e+01 1.968553688993965167e+01 2.695761818021225764e+01 2.838615654683253453e+01 1.419440852073149806e+01 2.572713066778954172e+01 4.559863634372721464e+01 4.805906824209979789e+01 3.977269986311240046e+01 2.354860760650142026e+01 3.769328408088717453e+01 5.770034099963714880e+01 6.980267877368052609e+01 7.808724200667087700e+01 8.963515709865539804e+01 9.003085594887321008e+01 8.794535434884755887e+01 6.819377046890383554e+01 5.671061003299492853e+01 4.960628760790228142e+01 4.288822048891598371e+01 5.711525878001391021e+01 5.351700173919851977e+01 5.065212979013301009e+01 3.358182615097407364e+01 5.362327129349141330e+01 6.480524582117006105e+01 6.517302243948081752e+01 6.832202131948157842e+01 7.579717786444716410e+01 8.387781208062799010e+01 9.366698635554098473e+01 1.074326621831547044e+02 1.088784693783648549e+02
8.699724428260374731e-02 1.422913286801378341e+01 3.422913287439293839e+01 3.828526668131462429e+01 3.968554751401735814e+01 4.140849686768510196e+01 2.149263114057620072e+01 3.413626699024101896e+01 4.235320726568067329e+01 5.377854528102957232e+01 6.047487826532226052e+01 4.046740551109517270e+01 2.632210620538872092e+01 4.632745860640322633e+01 5.825125454784772216e+01 4.979502511475615734e+01 6.134865753030832991e+01 8.135108655626034135e+01 9.235015183852382847e+01 9.613191740877405778e+01 8.472621667535419476e+01 7.654177207883790857e+01 6.862338195052400636e+01 4.868921913353867126e+01 3.708101902898427227e+01 3.348089625027112248e+01 3.061634926601439233e+01 5.065212979013301009e+01 5.362327129349141330e+01 7.353909333255015213e+01 7.585848726179241908e+01 6.771081726740858642e+01 7.431891350924040296e+01 8.244690224187677074e+01 9.228168802576567487e+01 9.930085392431233515e+01 9.100845021446586713e+01
2.249585233037712170e-02 2.002249585233002094e+01 3.744039430934046919e+01 4.572467735938477773e+01 5.727169100995023143e+01 4.965453741841194812e+01 3.301411495986884859e+01 3.090722909843252353e+01 4.495900973313336380e+01 6.481122342648747292e+01 6.246924440576675863e+01 4.246076617063997816e+01 3.091050067579535110e+01 3.157450152327867698e+01 3.824220982927751322e+01 5.825125454784772216e+01 6.992330545373904727e+01 6.406513136428738164e+01 7.820944381156525083e+01 9.820562195249672754e+01 8.797394526293938100e+01 7.972191855468749111e+01 7.680737629104825714e+01 6.533212659923512433e+01 5.711525878001373968e+01 4.858559681833762056e+01 2.855670053755576987e+01 4.858559681833762056e+01 6.322979175291184362e+01 6.775887844944867311e+01 5.958251298154642939e+01 4.780061929296863354e+01 5.449462478374479701e+01 6.446471314854622392e+01 8.417311386993466726e+01 9.100845021446586713e+01 7.100813629430292906e+01
2.739267172789772165e-03 2.000273926717243356e+01 1.744039412930972333e+01 2.898739951311280905e+01 4.898739993904503365e+01 6.113473073567659100e+01 5.287543580283059441e+01 4.495900973313336380e+01 4.495900973313336380e+01 6.481122342648747292e+01 7.075459735200237787e+01 5.608354982504513941e+01 3.607491773759657860e+01 5.158157297499096217e+01 3.824220982927751322e+01 4.324384017942852410e+01 4.991456710448203893e+01 6.146940698952487026e+01 8.147154551686989521e+01 9.055449803635472961e+01 7.649746039742214521e+01 5.986241330164862973e+01 7.168281295251522067e+01 6.722810907768219124e+01 6.096114032742578814e+01 4.097520002083345503e+01 2.680857138390620875e+01 4.682893587322900686e+01 4.329432175069629807e+01 5.272943470737772031e+01 3.960252810740287543e+01 5.958251298154642939e+01 7.431891350924040296e+01 8.244690224187677074e+01 9.228168802576567487e+01 9.100845021446586713e+01 7.100813629430292906e+01
8.327778614586213435e-02 6.749944452812557394e+00 2.674994448813706782e+01 4.572465827794564319e+01 4.442216558621746003e+01 4.442216744061318678e+01 5.270644044882122614e+01 6.481122342648747292e+01 6.481122342648747292e+01 7.309737342367006363e+01 7.023081906556318188e+01 5.022355201289067139e+01 4.274360892759077757e+01 6.275352041958607430e+01 5.825125454784748769e+01 5.739449140047111797e+01 5.739449140047111797e+01 7.739916964892066176e+01 8.975531532971345428e+01 8.001814594284986981e+01 6.244042275848957502e+01 4.831257221150025316e+01 5.176077158499764863e+01 4.727438338166944476e+01 5.923537346246676094e+01 3.924447386716902031e+01 2.508936709049308433e+01 4.427959142010821836e+01 2.917741001817960722e+01 3.276873096130208296e+01 5.272943470737772031e+01 6.775887844944196559e+01 7.643683307044528874e+01 8.526367027792210251e+01 9.660421908975007455e+01 9.127032117828170499e+01 7.972245817408283131e+01
6.510866554257997707e-02 2.006510866554222616e+01 2.507022951763823571e+01 2.763096711448340059e+01 2.442216745627593610e+01 2.442216745694665292e+01 4.442216750782346679e+01 5.408269318822281235e+01 6.236696454232984621e+01 7.650910027062190011e+01 7.851503834327341735e+01 7.023081906556318188e+01 5.429789795893341164e+01 5.689420876515028169e+01 7.689915008189582579e+01 7.739916964892066176e+01 7.739916964892066176e+01 8.568330858577417075e+01 8.580153154113745018e+01 6.597143801082208370e+01 5.187302164523102732e+01 4.427624322810407875e+01 3.757356639476975602e+01 3.308735814146479015e+01 4.721177940538989759e+01 4.343013225324048676e+01 2.338948799532887435e+01 2.433963839807343277e+01 4.371943236006689659e+01 5.229791801523386852e+01 4.169503144609030443e+01 4.838791587730255372e+01 5.735076016677496114e+01 6.882566109764547946e+01 8.850076917996548787e+01 8.298013495397944439e+01 6.298394919843124740e+01
8.953482861371392376e-02 2.570229520397877998e+00 5.070229520397867340e+00 7.630967119055775960e+00 1.028003183318584135e+01 3.028003183278082489e+01 4.143358254890259218e+01 3.408269319036245548e+01 4.822482881403437460e+01 6.001529480711762687e+01 8.001529477956546543e+01 8.258829115806067023e+01 7.430411539030797030e+01 7.689915008189582579e+01 8.518336911224672292e+01 8.469292202292328398e+01 8.688226680750497621e+01 9.514721780550590324e+01 9.162650159311246512e+01 7.177953793428797269e+01 7.177953793428797269e+01 6.425558199564501649e+01 5.759580240646462812e+01 4.721177940538989759e+01 2.718111227166157562e+01 4.165627553442471509e+01 4.099189449924053719e+01 2.099941972812164792e+01 2.293312619719090506e+01 3.650321332616433523e+01 5.292421796665610856e+01 6.829072376416414158e+01 7.643683306627015384e+01 7.874296979719673573e+01 8.688440878836865977e+01 7.847108502141401232e+01 7.018593796691837383e+01
