LEM/with_lateral_4open/elevation_000455.asc
nrows	100
cellsize	150.0
xllcorner	0
ncols	100
yllcorner	0
NODATA_value	-9999
[rows 0 to 16 of 100, columns 0 to 36 of 100]
8.271705653423140625e-02 2.127631151761726416e-02 9.425194436011796739e-02 4.939197167322698090e-02 3.975871534419905817e-02 6.171646774684565184e-02 1.696294146011132625e-02 1.936121709489252440e-02 4.216450047424835645e-02 2.297044857093000214e-02 6.704298068806634203e-02 4.162315340452049650e-02 3.835349583220235004e-02 2.777463300387698203e-02 2.207885817162396139e-02 7.161913568127860341e-02 9.025521335945362045e-02 3.502399586135773735e-02 8.040414306008919487e-02 3.131346976591601466e-02 7.604099264847130613e-02 2.387740603804927586e-02 5.687112022313325910e-02 4.074439634684711570e-02 8.709178300582484655e-02 7.612946965408906586e-02 1.077918208624280109e-02 9.929772718869623455e-03 4.600412614040166881e-02 2.152795518990661267e-02 2.378824418737431057e-02 9.511189423522797837e-02 9.406546861214974686e-02 1.749038473908382007e-03 2.223905489293687143e-03 6.269637160239108220e-02 9.476101746191394060e-02
7.813061968023242432e-02 2.002127631151726206e+01 2.009425194435976181e+01 2.004939197167287190e+01 6.706425382010894332e+00 2.006171646774648920e+01 1.415909856519093601e+01 2.001936121709453786e+01 3.964487203237921253e+00 2.002297044857057529e+01 2.006704298068770953e+01 1.004162315340460765e+01 2.003835349583184566e+01 2.002777463300352068e+01 2.118648531615464847e+00 2.007161913568092260e+01 2.009025521335909659e+01 1.003502399586144556e+01 1.422253976679116505e+01 2.003131346976556060e+01 3.998363695412160190e+00 2.002387740603769473e+01 1.419900674395420914e+01 1.418288002160266537e+01 1.910015433181057176e+01 2.007612721112817766e+01 1.187048176876491778e+00 2.000992977271851458e+01 2.004234553254123696e+01 2.002152795518955131e+01 6.356049052746372219e+00 2.009511189423487210e+01 1.423620109234322584e+01 2.000174903847355168e+01 3.653707622190408788e+00 2.006269637160203700e+01 1.423689664119273957e+01
2.526786264046545702e-02 1.416740348637154057e+01 3.416740348637224400e+01 3.377749319387713456e+01 1.377749319387643112e+01 3.377749319387713456e+01 3.415909856519022725e+01 2.210662282691667713e+01 7.964487203237904822e+00 2.796448717256186711e+01 3.832589440086550070e+01 2.418375877713581090e+01 3.422683364644664294e+01 1.422683363839447956e+01 4.226833638394393411e+00 2.422683364242047688e+01 3.831929524332233683e+01 2.417715961959264703e+01 3.422253976679186849e+01 2.799836369541591807e+01 7.998363695412177066e+00 2.799836369541591807e+01 3.419900674395491080e+01 3.418288297293098310e+01 3.890353761080879025e+01 2.413515675620620016e+01 9.515504766924582469e+00 2.858757851697172114e+00 2.760740728468636362e+01 3.326380014662215245e+01 1.306476609404218792e+01 3.326380014662215245e+01 3.423620109234393283e+01 2.736761438573110539e+01 7.367614385731462434e+00 2.150975000946216298e+01 3.423689664119202547e+01
4.163169627051844027e-03 1.414629879335787699e+01 3.414629879335716822e+01 4.206176444133933501e+01 2.532449857766915002e+01 4.206176444133933501e+01 5.039088848363584816e+01 3.232884495006820202e+01 1.232884500795771565e+01 2.387585039174936341e+01 4.387585025478327339e+01 4.418375877713651789e+01 3.422683364644665005e+01 2.640901254741120496e+01 6.409012540754326359e+00 2.055114816449589910e+01 4.055114818718772085e+01 4.417715961959335402e+01 4.214049931915612035e+01 2.214049931914337677e+01 1.271240890332253493e+01 2.685454452705373640e+01 4.685454452740766840e+01 4.809022099958278318e+01 3.088477661350376380e+01 1.284831550800690181e+01 2.313038485546260148e+01 4.045186574512316113e+00 2.405546139882445544e+01 4.095189803163442832e+01 2.320812416176310933e+01 4.154214537812353569e+01 4.550975000946198890e+01 2.550975000946269944e+01 1.136761438573149796e+01 3.136761438573185501e+01 4.979402125692305958e+01
5.883922493566802470e-02 1.420097484866674264e+01 3.420097484866744963e+01 4.408878926739608062e+01 4.532449857766985701e+01 5.360876982513205036e+01 4.886380743059170584e+01 2.982141803578559447e+01 1.772210176149195249e+01 3.784468859003487751e+01 5.216011309733682566e+01 6.251110691554750787e+01 4.278721617541540923e+01 2.278721614200121337e+01 8.645080518254134816e+00 2.279059134547264520e+01 4.284643568653320500e+01 6.214049931943752370e+01 4.214049931915612035e+01 3.787638669827645543e+01 1.787638669826584703e+01 3.787638669827645543e+01 5.384123296692263239e+01 3.408193609592436957e+01 2.081817350241964348e+01 2.901562407834893520e+01 5.741107403313660207e+00 9.877291281471311635e+00 1.729640163221404237e+01 3.500752662369500001e+01 3.747903656869769407e+01 5.156894804462366722e+01 4.205806406222936999e+01 2.205806406222866300e+01 1.803428105239828128e+01 2.401672502640523632e+01 4.401672502640594331e+01
1.256007409845548775e-02 2.001256007409810067e+01 2.994665364366381866e+01 2.408878926739537363e+01 3.823092489112682557e+01 5.823092489112752901e+01 5.344154788480125262e+01 2.685387515732985975e+01 2.626792929911822938e+01 3.784468746010085027e+01 5.787180720373838483e+01 5.769961089292870327e+01 4.355483356227160385e+01 3.095512445133419632e+01 1.095448159501261820e+01 3.081313397126543308e+01 4.437444780912570508e+01 5.613908767903512143e+01 5.201852232203349047e+01 3.201852232199729542e+01 2.494745451013144688e+01 4.494745451014785687e+01 5.384123296692325056e+01 3.408193609592436957e+01 3.985982590940141534e+01 2.697783081359606783e+01 6.961314177279076532e+00 2.566797523595993624e+01 3.337102385048065400e+01 4.314160003485437755e+01 5.741948734011116784e+01 5.620019968596081839e+01 3.620019968596011495e+01 4.205806406222936999e+01 2.510534886426388113e+01 4.401672502640594331e+01 4.401672502640594331e+01
9.594114293757748102e-02 4.946653643664216560e+00 9.946653643664173927e+00 2.994665364366452920e+01 4.823092489112725190e+01 5.823092489112742953e+01 5.761524810592323576e+01 3.810650505593422821e+01 3.912046176746438420e+01 5.306456117542825979e+01 5.988544535045301842e+01 4.833627090060824827e+01 2.941005623161447602e+01 1.526779252315298407e+01 3.095512445133419632e+01 1.629970646777960752e+01 2.784689897522216739e+01 4.785135329809205729e+01 6.030279359349409418e+01 5.201852232203349047e+01 3.389172642013092229e+01 5.323172577361663116e+01 6.209861029581716707e+01 5.384123296692295924e+01 4.178489185467415723e+01 2.228397920661309328e+01 8.177293489545183647e+00 2.822080819613715263e+01 2.654636931607911166e+01 4.073225865310269711e+01 6.074522677115867708e+01 6.448447093342402070e+01 5.620019968596081839e+01 5.338962011172678501e+01 3.404962077426335298e+01 5.338962011172678501e+01 6.401672502640735729e+01
7.711341127313005306e-02 2.007711341127277649e+01 2.994665364366452920e+01 1.994665364366435156e+01 2.994665364366452920e+01 4.994665364366523619e+01 6.686178270104448984e+01 5.853927471093646062e+01 5.873939940637705348e+01 6.305686789021578420e+01 5.159819047264620195e+01 3.159576213927903154e+01 2.004870696084786630e+01 2.681482708501377132e+01 4.355483356227160385e+01 3.630179664957474017e+01 2.232993472509774691e+01 4.233292520463675146e+01 6.062383794473647924e+01 6.217599769102645979e+01 4.803386204386237068e+01 6.217599769102645979e+01 6.106137778666157345e+01 5.097495278656006690e+01 4.260062710534388231e+01 3.092225947342319614e+01 1.083319705645200060e+01 1.013272043139267709e+01 2.435180502272762126e+01 4.440485745970489262e+01 5.200342442427616163e+01 5.907351279453292392e+01 6.735098862757304516e+01 6.233389202172625687e+01 4.819175639799480138e+01 6.233389202172625687e+01 6.971048381835774421e+01
2.297228869525369793e-03 1.000229722886943762e+01 3.000229722886908235e+01 3.994665364366505855e+01 4.823092489112725190e+01 5.823092489112742953e+01 6.214186370995940933e+01 6.432973410034904305e+01 6.891584410558124318e+01 4.890947910362932305e+01 3.476649764327775216e+01 2.582220969674538580e+01 2.821367508821470693e+01 4.681669731342413598e+01 5.510372968975659091e+01 4.810763772931102267e+01 2.810344674563067713e+01 3.233012324065605014e+01 4.387863106484829245e+01 6.388833528861241717e+01 6.803386204396365144e+01 6.699457756749428938e+01 4.686693858512130362e+01 3.253265972465642619e+01 2.241459550287484603e+01 1.477404718833773600e+01 3.093151128139183825e+01 1.154982133811211042e+01 3.166571394058884437e+01 4.305587654021222477e+01 3.199622090954174070e+01 3.907628311991479819e+01 5.062573970361780340e+01 7.061338544212956947e+01 6.819175639799621536e+01 7.190672089201393646e+01 6.139228837240013803e+01
9.647730019007895452e-02 2.009647730018972211e+01 3.000229722886908235e+01 5.000229722886837180e+01 4.863118251344794629e+01 5.628432729575081339e+01 4.214167817092021551e+01 4.432948230323970051e+01 6.432973410034904305e+01 6.305686789021578420e+01 5.053823595934557034e+01 3.053625507771058878e+01 4.821549139445875198e+01 4.235626305079739495e+01 6.236091992676699647e+01 5.443410290775486970e+01 3.442806340612859373e+01 4.647485252931359412e+01 6.062383794473647924e+01 7.217632181932768276e+01 7.375151637158042206e+01 5.374558796157544549e+01 5.202568363250498606e+01 3.920148637905055011e+01 1.913581421036233010e+01 3.487401218731025665e+01 3.311406634411622463e+01 1.299315254975806155e+01 3.296794195852584863e+01 2.301902549650324303e+01 4.305593172569520277e+01 5.907351279453292392e+01 6.735098862757304516e+01 7.888970354930900442e+01 7.780744215374114958e+01 5.769996162120303040e+01 4.346899289604314731e+01
3.582433992925927735e-02 1.417795996366033506e+01 3.417795996366103850e+01 4.277353215709147349e+01 2.863110264859622589e+01 3.857147949683838561e+01 2.799953966206377842e+01 4.214167817092021551e+01 6.214186370995940933e+01 6.968557801652467276e+01 4.967914835914622529e+01 3.553625602200001055e+01 5.553889593846064088e+01 6.236091992676699647e+01 7.064899840913984974e+01 6.150829535590194297e+01 4.149945754988809199e+01 6.150829535590194297e+01 7.477282336015936437e+01 7.916422762797630241e+01 7.088125038470492711e+01 5.374558796157544549e+01 3.373156200160573093e+01 2.370333419803500519e+01 3.920148637905055011e+01 4.749045262291996039e+01 2.943785528402526097e+01 3.311407276556427348e+01 1.509573805184964712e+01 3.501702364597578310e+01 4.553413202426873596e+01 5.158092661553418878e+01 5.824919413400430557e+01 6.653215657396130212e+01 7.653207658026035176e+01 6.775370188967100660e+01 4.763714713278920954e+01
1.813270376062421294e-02 2.001813270376026921e+01 2.602027008620387249e+01 2.914375914337452755e+01 1.448896633874187323e+01 1.857144924338057379e+01 2.411845120563296163e+01 4.411849307024493783e+01 6.013390807007491645e+01 6.841889723517198263e+01 6.382662951019295861e+01 4.967914835914622529e+01 4.496444598522175795e+01 5.910855310699513154e+01 7.911823030922494127e+01 6.979674771222853735e+01 5.304961165557529768e+01 6.979674771222853735e+01 7.746573956828251539e+01 6.918243351332459667e+01 5.087413578364971301e+01 4.899544792887735412e+01 2.897787212250596767e+01 3.527995321053484901e+01 5.202568363861447409e+01 5.775675379499880790e+01 4.947136293747642810e+01 4.348888635004706060e+01 3.519870704194402578e+01 1.730648987026612673e+01 3.738263700531358324e+01 3.157083512053027974e+01 3.824439157859401206e+01 4.824803158915195667e+01 6.825035667885656210e+01 7.606778454710568838e+01 6.775370188967100660e+01
2.372884694381488524e-02 3.005152816943540195e+00 6.020266262721189143e+00 9.143741500493337782e+00 1.808801341074001456e+01 2.808801342844975224e+01 4.411849307024481703e+01 3.306272311861133062e+01 4.013379094153330584e+01 5.168079779076234814e+01 7.168107145260724167e+01 6.968557801652467276e+01 5.910855310699513154e+01 5.910855310699513154e+01 7.911823030922494127e+01 8.135056252191260739e+01 7.306307217312563296e+01 8.073228006674494850e+01 6.072735901659653734e+01 4.917382150154438847e+01 4.161052271597577601e+01 3.453447735346406944e+01 4.899544792887735412e+01 5.529326720185345323e+01 6.357852869360739589e+01 7.252706637310240012e+01 5.426809514873863094e+01 3.393862643265608625e+01 1.972929164424498438e+01 3.734831141763239515e+01 2.301653918312906555e+01 4.304859493338189935e+01 5.824919413400430557e+01 6.653215657396130212e+01 7.653207658026035176e+01 8.599515705285487854e+01 7.767994385055079931e+01
8.175220331382776484e-02 2.008175220330745958e+01 2.602027008619253223e+01 2.328586407055475149e+01 2.328587891230344553e+01 4.328609322722120822e+01 4.441795841451487092e+01 5.306279884701640270e+01 6.013390807007491645e+01 6.841889723517198263e+01 7.996647770460702986e+01 8.410580012828398822e+01 7.911823030922494127e+01 7.911823030922494127e+01 8.740688943836191527e+01 9.594541445652292566e+01 8.766449025325267996e+01 8.901351397305089108e+01 7.746573956828251539e+01 5.811841614324094962e+01 4.396881826757733336e+01 5.454550971871413623e+01 4.868535089279853167e+01 6.869318463389993212e+01 7.478925074039550225e+01 5.481807596015597284e+01 4.475996775138766282e+01 4.149085585478440663e+01 2.145655628328458420e+01 4.144952869067923018e+01 4.304752818689024707e+01 3.157083512053027974e+01 4.052286562093540567e+01 5.207340061212072158e+01 7.207503472334978767e+01 7.767994385055079931e+01 5.757828560037273746e+01
9.124702163186203252e-02 2.009124702163150644e+01 3.586540639443793310e+01 4.328398344552925892e+01 4.328602565633455868e+01 5.157164735106401565e+01 6.441823322526541062e+01 7.270347671293249903e+01 6.733260806155901435e+01 7.318466990582639653e+01 7.824382283929864457e+01 6.410204341518419824e+01 7.092185754243753593e+01 7.092185754243753593e+01 7.920573118445946648e+01 7.871176899451347708e+01 6.766307228663339401e+01 8.439919661535138573e+01 8.640557204794696133e+01 7.226199409559400522e+01 5.397430557000999585e+01 7.226199409559400522e+01 6.869318463389993212e+01 7.697652007971147725e+01 6.816652374472067777e+01 5.481807596015597284e+01 3.482392883645745485e+01 2.481029995935463361e+01 2.859470909751845724e+01 2.494030232100767464e+01 5.278288898037445875e+01 4.312639467999138532e+01 5.158092661553419589e+01 6.880977146590019800e+01 8.035615938421389615e+01 7.767994385055079931e+01 5.757828560037273746e+01
2.239863785106879432e-02 7.581688098034341294e+00 1.758168809251298370e+01 3.172381890959024631e+01 5.172328719221852111e+01 5.021957634843555951e+01 5.605414048326520060e+01 6.150950660990958596e+01 4.740391899052134761e+01 5.324089687927004633e+01 6.144989332603282151e+01 4.995148384486368087e+01 5.091026993863994932e+01 5.091026993863994932e+01 7.092185754243753593e+01 5.870197210474069038e+01 5.610461996819522312e+01 7.611666620605078037e+01 9.439897331495780008e+01 8.226386306705892082e+01 7.398142369255350559e+01 8.226386306705892082e+01 8.227178496238421701e+01 7.400516403137245902e+01 5.989700430383253860e+01 3.990865189215631403e+01 2.835566078002111468e+01 4.482099057200650094e+01 4.467467517834552382e+01 2.741755211801002190e+01 4.761683165909626325e+01 6.313003201659249441e+01 7.141236576091357335e+01 7.986338341341138403e+01 8.304117257269248853e+01 7.299111510846309159e+01 6.467044568248992675e+01
1.766589122093755945e-02 2.001766589122058093e+01 3.586540639918865736e+01 4.586374868515279957e+01 4.433519057794306661e+01 3.019539907437140869e+01 3.606034481026325267e+01 5.324089687927004633e+01 3.330539535225935310e+01 5.324089212810294214e+01 4.144123055905379260e+01 3.994752735411751132e+01 3.676258987058903216e+01 5.286138711011789582e+01 5.671208232576908159e+01 4.454746446401023974e+01 5.455595717107149767e+01 6.611533365638624105e+01 8.611799875571522023e+01 9.364164938471425614e+01 8.366676548470296382e+01 7.540228521454589838e+01 6.785504330036813769e+01 5.403418600357937862e+01 5.769891580203640302e+01 5.093838086896393946e+01 3.094097842773642171e+01 5.093836648452946037e+01 5.032610128726397392e+01 3.005178339102909391e+01 5.032610136046342575e+01 6.719429857105032511e+01 6.786364645498032644e+01 8.786707841547334397e+01 7.472557392937163456e+01 5.461531743560826868e+01 4.455821660285143793e+01
