LEM/with_lateral_4open/elevation_000582.asc
nrows	100
cellsize	150.0
xllcorner	0
ncols	100
yllcorner	0
NODATA_value	-9999
[rows 68 to 84 of 100, columns 37 to 73 of 100]
7.136681860993338944e+01 5.718287882365861208e+01 6.876993495970127412e+01 8.879258565996771324e+01 8.068363766903486578e+01 6.061707450118820617e+01 4.625924908945758318e+01 5.539387585281803439e+01 6.960494173355586156e+01 8.964649095635000720e+01 8.138761766901086503e+01 6.134086468355473443e+01 4.716123205752587211e+01 3.967665280068272438e+01 5.614488314376291811e+01 4.143430961670055268e+01 4.892606540092355516e+01 5.893895080494306171e+01 7.311933930838584672e+01 9.323216056780673000e+01 8.997915056541789625e+01 8.153360913318672942e+01 6.815791909708798357e+01 4.835134539405709830e+01 6.815791909708798357e+01 8.325520329027486355e+01 9.189286256363517680e+01 8.345820891242578909e+01 7.972292851389116208e+01 9.707278294633809423e+01 1.088306743448541596e+02 1.056157451638610638e+02 8.662776826790629059e+01 6.662079275401842438e+01 5.661614740956675718e+01 7.662427380816660616e+01 7.802224376440405251e+01
7.305186727437990157e+01 5.295528864354656662e+01 6.737015891106179311e+01 7.569215676219418754e+01 7.485544108309083811e+01 6.333422970645713690e+01 4.292117736609561973e+01 6.333421991105258542e+01 7.891549422417361370e+01 8.711298145517989155e+01 8.267562458739340059e+01 7.552129065596052726e+01 6.721242268808151721e+01 5.614488314359966381e+01 3.641068976481557939e+01 5.612639146609988217e+01 6.896043968949948066e+01 7.731146830820297566e+01 8.735973178932491123e+01 9.598743443345898640e+01 7.554663866564264652e+01 6.111871829146856072e+01 6.494486856325164581e+01 4.510361311763252701e+01 6.494486856325164581e+01 7.944849751216193567e+01 8.345820891230384575e+01 6.323202509241480129e+01 6.836200233047540564e+01 8.002983996743046191e+01 1.003911516648694970e+02 1.066367432066739696e+02 8.662776826790629059e+01 8.033933264989521206e+01 6.033316492442201451e+01 8.033933264989521206e+01 9.593501707134335277e+01
7.183359484272996553e+01 5.154354872511831331e+01 4.708643507505975379e+01 6.331341414386125166e+01 5.459266730414366720e+01 5.771746026061725132e+01 3.962187092968917312e+01 6.025641554021769508e+01 5.887773229513119588e+01 7.557812680677338335e+01 6.258829014357360165e+01 7.679003863654321549e+01 6.826366252637124887e+01 4.831201463870967672e+01 3.460456574322147105e+01 5.415150272848487134e+01 5.517128490124804330e+01 6.935052627440398965e+01 8.946862320863411355e+01 9.344721064441917235e+01 7.397740649721087891e+01 5.992993858567750465e+01 4.833455069492207912e+01 4.195483030176951189e+01 6.133868002590840263e+01 5.926812405673730666e+01 6.927990568678698935e+01 5.567575560941013890e+01 6.462428334539082186e+01 7.626599631863365403e+01 9.661297126641697730e+01 1.034337163808187228e+02 8.342726349978292433e+01 6.927938546279435172e+01 8.033933264989521206e+01 6.763727812395791261e+01 8.764518888242281491e+01
5.829254565579391567e+01 6.567545772491655498e+01 6.331341414384835531e+01 4.247289713887928286e+01 3.876167378329680702e+01 3.557344061479969355e+01 3.849262822361794179e+01 5.735511272378849412e+01 4.718660318198330827e+01 5.572264493576565059e+01 4.831242610304326490e+01 6.847204963495586583e+01 5.788353085441479351e+01 4.964318963744015889e+01 3.288150934234850098e+01 3.904274100432422756e+01 5.037907978197888781e+01 7.043565456266591696e+01 8.542526432513948009e+01 7.709412299044964811e+01 7.590247925174676880e+01 6.691668446604791143e+01 5.685381319853468085e+01 3.883767627294284353e+01 4.127616124312257995e+01 4.508692562639057400e+01 4.918876415538240110e+01 6.927990568678698935e+01 8.423293158764877830e+01 9.330144697929890185e+01 1.050541694428296609e+02 1.034337163808197033e+02 8.342726349978292433e+01 8.083150393019987234e+01 9.471871036382292175e+01 7.471177033835601833e+01 8.178543823416283942e+01
6.727956001466404246e+01 8.459342753626035005e+01 7.164655677965050984e+01 5.741844953975438415e+01 6.052848288757678574e+01 5.434830378159798414e+01 3.422683166989288850e+01 5.165743610944320352e+01 3.820959068506364531e+01 3.571206152223033570e+01 5.571732803880914986e+01 5.538433172998922771e+01 4.717951166661329410e+01 3.060820530047933374e+01 4.128632622387489448e+01 5.877399821769795807e+01 6.719079142982572250e+01 7.878915680740051641e+01 7.384383074136680136e+01 5.705666155496366798e+01 6.762914157410925498e+01 4.735555027720918986e+01 5.168735229495407424e+01 3.608220072922039634e+01 5.653431393898612356e+01 6.517881859495419405e+01 6.927990568678698935e+01 7.768146609976730588e+01 9.169872505369393423e+01 9.991244646411503538e+01 1.112525059339352822e+02 1.117270683054813958e+02 1.034337163808192912e+02 9.497706907937428866e+01 1.030095442112834263e+02 8.366058211537968248e+01 1.017918783695766649e+02
8.722553620215916226e+01 9.534302414613468102e+01 8.587414694196435505e+01 7.324415531583042593e+01 6.492371791511394008e+01 6.050919929214941106e+01 5.165945985796417972e+01 3.184139228280367462e+01 3.053426851500570294e+01 2.927516028387426772e+01 4.663202321962411645e+01 4.525366919946571898e+01 2.844641225052978584e+01 4.717951166661329410e+01 5.776656561897717523e+01 6.067864209409046339e+01 8.001588428877364834e+01 7.972633431610199750e+01 6.552548923679506743e+01 4.548141988951628889e+01 5.395304040348812435e+01 5.015591587481964098e+01 3.307920714934515871e+01 5.041853501603227983e+01 6.353522197817189010e+01 7.271171445715744142e+01 7.613481185756553771e+01 6.620203479185565243e+01 7.273184465141790156e+01 8.347514658001391297e+01 1.029323421587557448e+02 1.001973327624990162e+02 1.085539579987359247e+02 1.149857114254354684e+02 1.119579611756416000e+02 9.780451425875844507e+01 1.119579611756416000e+02
9.727863788189473837e+01 8.569964544782149574e+01 7.737609455158889205e+01 6.492370853200077363e+01 4.469385324505165613e+01 4.022541758318325833e+01 3.609394661581934116e+01 3.666775673105025390e+01 5.012858280790152321e+01 4.663202326011661114e+01 2.753765725537020970e+01 2.630769209194872360e+01 3.472041025288922356e+01 4.755218349082112184e+01 4.853180301447525125e+01 6.232475528996847913e+01 8.186448023613300506e+01 6.554050939121898978e+01 5.135468446633601047e+01 5.395304040348812435e+01 3.397917686527480186e+01 3.028642652411098268e+01 5.015585112095895681e+01 5.919586990469220211e+01 4.631164175187013399e+01 5.164945763137171042e+01 5.730967552912326113e+01 7.613481185756549507e+01 9.169872505369362159e+01 9.991244646314225974e+01 9.696070049203278529e+01 8.015639265105147615e+01 9.696070049203278529e+01 1.028730400261413536e+02 1.112341601478504884e+02 1.178132048244668368e+02 1.026450809211946193e+02
8.893251793533436000e+01 6.891621815370592685e+01 5.733912412898541788e+01 5.171627157014228260e+01 6.421465245432297309e+01 4.398450445788227370e+01 5.627973722024319159e+01 5.669346611147506110e+01 4.455907214888330259e+01 5.444760769823449920e+01 3.808248623817551959e+01 4.361993374914472810e+01 2.492177873385416831e+01 3.289232388899594639e+01 5.211305669708843169e+01 6.187945478217741169e+01 7.002767814475133434e+01 5.722569230743614810e+01 3.728441375847422279e+01 4.461372037332066753e+01 2.763585969625603767e+01 4.729508589075845748e+01 5.364626019589467631e+01 3.896641461850150279e+01 4.533590704355258794e+01 5.197517952402328234e+01 5.881157866519011179e+01 7.165164339357994550e+01 8.982023349449772809e+01 9.992085741677870203e+01 8.862669059434155372e+01 6.863891047585138949e+01 8.862669059434155372e+01 8.281640829943211202e+01 9.963266153690749150e+01 1.107618589535447313e+02 9.436680794527482874e+01
8.893251912038026319e+01 6.891621815371676973e+01 7.737610186831176406e+01 6.335476207584708419e+01 7.028726353415818551e+01 5.014668360684307657e+01 7.028726699999444349e+01 7.024515463097995394e+01 5.042850514264675610e+01 6.515351973894451021e+01 5.707714550132746467e+01 4.258471853270656027e+01 2.392544978334006700e+01 4.114153092492485086e+01 4.812167272233942583e+01 4.342768021169834469e+01 5.870182022818444523e+01 4.808584481310387559e+01 4.244706772951306561e+01 2.517412454025526003e+01 2.780391395430487833e+01 3.055102621091560877e+01 3.354078590344137467e+01 4.059210463230824217e+01 4.809966595269634837e+01 6.693960985238139472e+01 7.697310020335156366e+01 7.165164339357994550e+01 8.982023349449777072e+01 9.158181765809986530e+01 7.157684505154146848e+01 6.159927582747232577e+01 8.155994316301654123e+01 7.129221458562058444e+01 8.234856384948069774e+01 9.751771297896476653e+01 8.751629700818915580e+01
9.727869818102666954e+01 8.045881597952231346e+01 8.338098973483758414e+01 8.185891087978411917e+01 6.181623574734938131e+01 7.028726700945412631e+01 7.860770156044235080e+01 7.647484487726860891e+01 5.677482989642039257e+01 6.521560833866817575e+01 4.540430797717097988e+01 3.437342321976462500e+01 4.058099795291048650e+01 2.250689202079731288e+01 2.961955973538855247e+01 4.812167272236622040e+01 4.672868977967346638e+01 2.669712543815854389e+01 2.314623717789631385e+01 3.662686493996298509e+01 4.749643856638768824e+01 4.199403256662343153e+01 5.364626127759686369e+01 4.977937093334995922e+01 6.693960993259391046e+01 6.147546623045508341e+01 8.013121984842472045e+01 8.982023349449777072e+01 9.779357547202329215e+01 8.974066845356389877e+01 7.524782592329206921e+01 5.530629977287668453e+01 7.293649200860980386e+01 6.238254437839633937e+01 8.234856384948068353e+01 8.923744999574405767e+01 6.922943676135326996e+01
1.088828407750104930e+02 1.005078154286696730e+02 1.034589140392361486e+02 9.019209154801838224e+01 7.598756130145609688e+01 9.019209150234590311e+01 8.704543223248887784e+01 6.726967409084194571e+01 7.647484487726860891e+01 7.350233103237920318e+01 6.203020598999356849e+01 5.377098826396544951e+01 4.013669032863025876e+01 2.149385826193523741e+01 3.872537020574427657e+01 4.646823667090904308e+01 3.826420933838669924e+01 2.109764826654153325e+01 4.034339645558949883e+01 5.071857898197128378e+01 6.481029301356339545e+01 6.208556694591159442e+01 7.039435089081398189e+01 6.941294883951803740e+01 7.757213301977000697e+01 8.013121987149283143e+01 8.816252077927680375e+01 9.542334460822823416e+01 9.154068742437920037e+01 8.142032899293636206e+01 6.145269290035065524e+01 5.017045129952665405e+01 5.300016789463634126e+01 6.708263563891740944e+01 8.706895140649673692e+01 9.751771297896476653e+01 8.351549379741157964e+01
1.051624941399520310e+02 9.622181380241912052e+01 8.801356958008538811e+01 9.622181380241912052e+01 9.603360266771019838e+01 1.012274727790224915e+02 8.117103869615422695e+01 8.704543218198794818e+01 8.697726406023117818e+01 7.737806702831478844e+01 6.934074954225150123e+01 5.657426576660780881e+01 3.669368547885369480e+01 3.826932370094205993e+01 2.005097320841614206e+01 3.732080567568510787e+01 1.902800551775375482e+01 3.816088845500269855e+01 4.218098887639347794e+01 4.612616582605444648e+01 5.043267354240031608e+01 5.599988823077070776e+01 6.190531590467782053e+01 7.037556341362602552e+01 7.094577479359628569e+01 9.140434035731239248e+01 9.542334460822823416e+01 7.539915762683331479e+01 7.153098141161309798e+01 7.153098141164633716e+01 6.511682243202355380e+01 4.520195242861045415e+01 5.668553203630175830e+01 7.077549280061045067e+01 9.077828031211072357e+01 8.773576121624442692e+01 7.523202394340934518e+01
9.687520295439693996e+01 8.635317470453493627e+01 6.830908513279079841e+01 8.635317470453493627e+01 9.550058144832618723e+01 1.096426634348803333e+02 1.012274727790797186e+02 9.249129366476032033e+01 7.320645743494968372e+01 5.982664396886370639e+01 5.030179382351040118e+01 5.982127167666132550e+01 5.651379824439835176e+01 4.676668631107717289e+01 3.732080990755303418e+01 1.858822597512235220e+01 1.754278799800724187e+01 3.619106805588052111e+01 2.134335823462989978e+01 2.506096929924103023e+01 2.933198837165741679e+01 3.516927826827316039e+01 4.144831436141701175e+01 5.073069417018233196e+01 6.498395549201983101e+01 8.533887980788004768e+01 9.322505301087919349e+01 7.321192321449076701e+01 5.911758558670947394e+01 5.159784937431753349e+01 6.184283765778992858e+01 4.193598255224473803e+01 6.184283765779084518e+01 6.760476770802002022e+01 8.759885077387016850e+01 7.945348414823345706e+01 5.944761139560126395e+01
9.051240467060760864e+01 7.816132736456820851e+01 5.839416010496198339e+01 6.755020026346576856e+01 8.729031253593973361e+01 9.788975515294052343e+01 8.971566091711011381e+01 8.855027242543620503e+01 8.035362767199194423e+01 7.737806702831478844e+01 5.982127167666132550e+01 4.065093041926005668e+01 5.164701069519542642e+01 5.957079700212669593e+01 4.539571087320141629e+01 3.662680793231253773e+01 2.601839180126139084e+01 1.632042256449669537e+01 3.694390643715153288e+01 3.735278346457532450e+01 5.043267354240031608e+01 4.084800540886735831e+01 6.142764842784905710e+01 5.596940151950207820e+01 7.024451183183821001e+01 9.070032542454690372e+01 8.763140299461686311e+01 8.738919664341396754e+01 7.454566175687152452e+01 5.460249602301875171e+01 4.311818316546259666e+01 3.878834005419283670e+01 4.768256416383556484e+01 6.175620377106184122e+01 8.172445483832072455e+01 7.726511835727733057e+01 5.725914290006961949e+01
7.077318800993518266e+01 7.117257835833531487e+01 5.134296574270263847e+01 7.117257835833531487e+01 8.549035604868446114e+01 8.642939319677635979e+01 6.981771609273386048e+01 7.706264925652590136e+01 6.041145730423184546e+01 7.706264925652590136e+01 6.517090468273426040e+01 4.604523038946090452e+01 3.239697175768540660e+01 4.504276914452477598e+01 4.094263688993395789e+01 3.456669138893293081e+01 1.512357088531769556e+01 3.452048995455141522e+01 4.538464211643115931e+01 5.815828869302460191e+01 6.674392966538064798e+01 6.142764842784905710e+01 5.548077016530460526e+01 7.578468258306564564e+01 8.478172530775002258e+01 8.179827326359075812e+01 6.762954869370742017e+01 8.179575696610559987e+01 8.285373943348025705e+01 6.985451532789549844e+01 4.992209852839356188e+01 3.583676538272462864e+01 5.576016824355683354e+01 6.910259259310740276e+01 7.908492250781634425e+01 8.312395078316578179e+01 6.311875744723413817e+01
5.676491322762969105e+01 6.587289146440880927e+01 4.600182396802886586e+01 5.751154216245700468e+01 7.729470702079039768e+01 7.822757711643615153e+01 5.827706277129541235e+01 6.670914228879766483e+01 4.887142430387574876e+01 6.814523582947434477e+01 6.430655824404570353e+01 5.961784895088878500e+01 4.504414055574665099e+01 2.583764771684000294e+01 2.177232189799191531e+01 3.368449862374094295e+01 1.427003922453326723e+01 2.801836074907335927e+01 4.771863382837814527e+01 5.805291618741523507e+01 6.665953359624745644e+01 7.579280062183384814e+01 7.578468258306564564e+01 8.429276387944844373e+01 8.603793823061602097e+01 7.348783810372619030e+01 5.351948394853941693e+01 6.195911339585602207e+01 7.025402831538630721e+01 6.738220405211016839e+01 4.745136765238429177e+01 3.333290426061833500e+01 4.089989608304628632e+01 5.085062980888829998e+01 7.078315208446504414e+01 8.360172732708565491e+01 6.359129047070970842e+01
4.679826962400196066e+01 5.729698054687671060e+01 4.141452318295326762e+01 5.551338760633919378e+01 7.531844949658341193e+01 8.080718390627325221e+01 6.086954224793893076e+01 4.673883859264605434e+01 4.074737294376117092e+01 4.819888669195063358e+01 4.438667851474292547e+01 4.661078899560911282e+01 5.300975668659867068e+01 4.504411064044240476e+01 3.541306726552984685e+01 1.616630386778774664e+01 1.341165925865756670e+01 3.342690903825482707e+01 4.756654479631875887e+01 3.612458933994648191e+01 4.541751544909070759e+01 5.834472747740240806e+01 8.052394088028562180e+01 9.019658095640390627e+01 7.772253363117449965e+01 5.774271233062842867e+01 6.140894610345561233e+01 4.198965381658150164e+01 6.195914588608679452e+01 5.608170612273970335e+01 4.780189631658146254e+01 3.098748261210402788e+01 5.098464615591627336e+01 6.910259259310740276e+01 7.908492250781634425e+01 7.096754047746566130e+01 6.267912283035125398e+01
