LEM/with_lateral_4open/elevation_000022.asc
nrows	100
cellsize	150.0
xllcorner	0
ncols	100
yllcorner	0
NODATA_value	-9999
[rows 34 to 50 of 100, columns 37 to 73 of 100]
7.612821607275232338e+01 7.642820635589775691e+01 6.516189588529984178e+01 4.535863425865583309e+01 6.217584636752694394e+01 6.165084764472707235e+01 4.519796454780860984e+01 4.771937335559537274e+01 6.755571738671899595e+01 6.543290342281876804e+01 8.523814309543850243e+01 9.508164900448970513e+01 8.502963232303127938e+01 7.448188939745715231e+01 5.482775983432497924e+01 7.448228102652082327e+01 8.224524744933319198e+01 6.472987211555781073e+01 4.439612093655831870e+01 6.472988307440601830e+01 5.508015874637698772e+01 7.536796868412517370e+01 8.469970381220657885e+01 9.303578349590699759e+01 1.031195974528513375e+02 1.051640252917916456e+02 8.494332386528650147e+01 7.016935492688529052e+01 9.086583019276150708e+01 9.070425106750104760e+01 7.073995765859247342e+01 5.641330970334390571e+01 5.026212991834483290e+01 4.464027575110437596e+01 5.904468596112085521e+01 5.255874352228877200e+01 3.246294661912799029e+01
7.709540325268311278e+01 6.823021365050756515e+01 4.846417891493614150e+01 6.516192998554194560e+01 7.335909301049602504e+01 7.327154427105094214e+01 5.668475942472745999e+01 6.755571738671903859e+01 5.142703663208008180e+01 7.123372381990411384e+01 7.527211816698675761e+01 9.510004177370421985e+01 8.303198539792606425e+01 6.298162606245265493e+01 6.859882382314458482e+01 8.279891689064697857e+01 7.962784517645479809e+01 6.712484463937245494e+01 4.680374801682918218e+01 6.712484463937245494e+01 7.536796868412517370e+01 6.594241666616221664e+01 7.609097366678091134e+01 9.039961766316380931e+01 1.106449479289486817e+02 9.975981551801042713e+01 7.935928848122912882e+01 6.451785675567002443e+01 7.819442695534813481e+01 8.661597378416672655e+01 8.483276100690559929e+01 7.658736381646390612e+01 7.050465763523254736e+01 5.904468596112085521e+01 3.884794929021828835e+01 3.502472082408894494e+01 3.628324966708506594e+01
5.741601772917108093e+01 5.297917780253534659e+01 6.823021365050756515e+01 5.292265527001848113e+01 7.263889999605606818e+01 8.471472531115077231e+01 7.649268055192766269e+01 6.759814107215828471e+01 7.123372381990415647e+01 5.548672109757316662e+01 6.946933680920821530e+01 8.928246809620090119e+01 8.975203783506088939e+01 6.959049125033226346e+01 8.868457731769039754e+01 8.558423226264227424e+01 6.533775269436752353e+01 5.097347428836818750e+01 5.126018957462920156e+01 7.155393928648429380e+01 8.667422455556918237e+01 8.619708614539689506e+01 9.456306516552757557e+01 1.047073266710059727e+02 1.108361541714236864e+02 1.006911402336946821e+02 8.376494073066487545e+01 6.291634709523273727e+01 5.733235693558187052e+01 7.313523785697869073e+01 6.971437713529627445e+01 6.691681119422061386e+01 6.494270656902412497e+01 5.814992996328696506e+01 3.796610475078735192e+01 5.515782217787152319e+01 5.643741417554038975e+01
5.976602977907734981e+01 7.269495887399793332e+01 7.583238929897034097e+01 5.614639912269642963e+01 7.583238929897034097e+01 9.545692187705726894e+01 9.564012914730139414e+01 8.741021188146322629e+01 7.828856889404384845e+01 5.851067659399814858e+01 7.248259911379462039e+01 9.230541993039140891e+01 9.737283684889324320e+01 7.721010109294851986e+01 9.737283684889324320e+01 8.863309493791138038e+01 6.839813396750038521e+01 5.404361665367333956e+01 7.155393928648429380e+01 5.803583966829194907e+01 7.831471885148580725e+01 9.272474683038757348e+01 1.011148019406959975e+02 1.111830157083861366e+02 1.026474841611815378e+02 8.242808858610756317e+01 7.193095689795019609e+01 8.376494073063410895e+01 7.313523785690736645e+01 5.232456594426306395e+01 4.896551918175349272e+01 4.623208815533994454e+01 4.358790347618268157e+01 4.100364067850423311e+01 5.223872858075708336e+01 6.646251753930653194e+01 6.659403116289398383e+01
6.468414867430519166e+01 8.436485754430685802e+01 7.948375126110911992e+01 5.982056532247931813e+01 6.749915388943841776e+01 8.139975656573885487e+01 1.012569729047091727e+02 9.548172592447410523e+01 7.564570134912662525e+01 6.167782008002703975e+01 7.564570134912662525e+01 9.548172592447410523e+01 1.056754211884800156e+02 9.148928434732022197e+01 1.056754211884800156e+02 9.179137667138678580e+01 7.156850635497305291e+01 5.721403485503268627e+01 7.749164793559441478e+01 7.831471885148580725e+01 6.571280290828809711e+01 7.248797966315460428e+01 8.263314574632300946e+01 1.028398747653820777e+02 1.108361541714236864e+02 9.255698578368776452e+01 8.401422975086614997e+01 9.188973150239775123e+01 7.128463984682792898e+01 5.649072051176877807e+01 6.971437713529627445e+01 6.608815387669622510e+01 4.752263036610337110e+01 5.016849832885210247e+01 6.948458849997243192e+01 8.068295056329961312e+01 7.123708352649485676e+01
7.058290960284996629e+01 9.031400735865494767e+01 8.326672452999022767e+01 6.360981881272627447e+01 8.326672450919305390e+01 8.721580055440436752e+01 1.071002098949087866e+02 9.930274218741996606e+01 7.944815927551273660e+01 6.547703674344175795e+01 7.222944370534776226e+01 8.622642363413989131e+01 1.061098808768987709e+02 1.115769890931249648e+02 1.067355418547352315e+02 8.660514339220988234e+01 7.227804511524885811e+01 6.054721086926767271e+01 8.082535415642827559e+01 9.433346698345977188e+01 7.743623581463846506e+01 9.272474684492641472e+01 1.011148029328731326e+02 1.113464613139336024e+02 1.207801866099208183e+02 1.124199611571938107e+02 1.042266075426857697e+02 8.659842603404894135e+01 6.585167233197329040e+01 7.732042398623750046e+01 8.573477153272963847e+01 7.129406554097542426e+01 5.225817800044993078e+01 7.029597881487437405e+01 6.714708306213523770e+01 8.737357395185468079e+01 7.644707715850026375e+01
7.797166058952034007e+01 9.781352851118604974e+01 8.728297349048841625e+01 6.760745222517751074e+01 8.728297349048845888e+01 1.030276165411291345e+02 1.133768946073384996e+02 9.347303737618358355e+01 7.944815927551273660e+01 6.988715752302017847e+01 8.969190903964670269e+01 8.622642363413989131e+01 1.061098808768987709e+02 1.163249564376415464e+02 1.047274013170944045e+02 9.641587738707080746e+01 8.480127439829642810e+01 6.452797931156788991e+01 7.227804511520747610e+01 9.250119543967120705e+01 9.763859006280155484e+01 1.059908327133989587e+02 1.186029365159540845e+02 1.102741743978994435e+02 1.054712545892093232e+02 1.137971988432312429e+02 1.009990624358145084e+02 8.063348712967211895e+01 8.063348712967211895e+01 8.659832642130199076e+01 8.314309392630497086e+01 6.440884855531659525e+01 7.129451680294710059e+01 6.095280733229277104e+01 7.966113551559480754e+01 9.551566849177216056e+01 8.224389271544613678e+01
8.782987392468169219e+01 1.013325381200195778e+02 8.146345327549930460e+01 7.889584398534965715e+01 7.497495893323791449e+01 9.476163352645812665e+01 1.119464114302736562e+02 1.075427415988143309e+02 9.436609143446644055e+01 7.453521502718743363e+01 9.436609143446644055e+01 1.061098808768987709e+02 1.143488198704229575e+02 1.080254350627895832e+02 8.791710337353126192e+01 7.621951281773863229e+01 7.096285058707411508e+01 7.469693077794900660e+01 9.250119544036984109e+01 8.880893637808958374e+01 1.089298642656843867e+02 1.174621596604263658e+02 1.091389365019635278e+02 9.030234262953639757e+01 8.554572037035144660e+01 1.022635810174045332e+02 1.092778062311172533e+02 1.009990624358224665e+02 1.009990624360948175e+02 1.068549746136922209e+02 9.110548592417349312e+01 7.759780194016592247e+01 8.758971725812141074e+01 7.172903691855978536e+01 7.414423449880850114e+01 9.298011277259010399e+01 8.889915083994166878e+01
1.019375812339989977e+02 1.095970052208477341e+02 1.013325381200195778e+02 9.288800447549489547e+01 9.476163352645812665e+01 8.374271018016882806e+01 9.781362088603212612e+01 1.178294782385467130e+02 1.001016441160421238e+02 8.023310680808813800e+01 9.071372866659201861e+01 1.106172421070468914e+02 1.206523497752127554e+02 1.006011708456094738e+02 8.635774351477859057e+01 9.641588434904210203e+01 8.112238369482574285e+01 9.490561801864406277e+01 9.490561801864406277e+01 1.089298642656843867e+02 1.117788555033374678e+02 1.034475899177309230e+02 8.918902187082257171e+01 9.284989941583690154e+01 7.420407317838851213e+01 9.396724204416723580e+01 1.074579427162305478e+02 9.914214466246677659e+01 1.007899766293795523e+02 9.249115357644559765e+01 1.007899766293795523e+02 9.653061304656066000e+01 9.853196808709756738e+01 9.049658370446758227e+01 9.298011277259010399e+01 1.010352000174342209e+02 9.711409433619492404e+01
1.219435133871207313e+02 1.156771425258001784e+02 1.073623421837027223e+02 1.128679856015527179e+02 1.119464114302736562e+02 1.036761297733210228e+02 9.781362088603212612e+01 1.178294782385467130e+02 1.063970304992016622e+02 8.648927077760816928e+01 1.063970304992016622e+02 1.188561619500278539e+02 1.206523497752127554e+02 1.006011708456094738e+02 1.064740251833053861e+02 1.095861132853217441e+02 1.012800231606198196e+02 1.095861132853217441e+02 1.149977503809632822e+02 1.075007831265628084e+02 1.002479088876914233e+02 8.353392004373284863e+01 9.284989941583690154e+01 7.308492554737316027e+01 6.767567456237576096e+01 8.737951908890175901e+01 9.914214466246677659e+01 7.928058935272947849e+01 8.509790421803995741e+01 7.270595778008355126e+01 9.086077654372557788e+01 8.702576799110198635e+01 9.106477138981757946e+01 9.290411969976958062e+01 1.012046274022215613e+02 1.071108385128282805e+02 1.070318251031978747e+02
1.082350000452697572e+02 9.991672805680612157e+01 8.725175126595981112e+01 9.730704672483122408e+01 1.056272490669431647e+02 1.172316244613724621e+02 1.178294782385467130e+02 1.260792019745151009e+02 1.146419314700804932e+02 1.005578934998413985e+02 1.005578934998413985e+02 1.204939542356114686e+02 1.289473328828831598e+02 1.206523497752127554e+02 1.175908644329017676e+02 1.092433821667895160e+02 1.070404206363466528e+02 1.048338447755717482e+02 9.651633179272776886e+01 8.753822240192234005e+01 9.195042725542477058e+01 7.217909385907393016e+01 8.053544259680377593e+01 7.520682595714954743e+01 6.173202949810340812e+01 7.564064991140715222e+01 9.543604341500025612e+01 8.509790421803995741e+01 6.531050931273279048e+01 6.281290287306899955e+01 8.126144932616703898e+01 6.722006107279716502e+01 7.127777659736784699e+01 7.313503540700858707e+01 8.717925246065965439e+01 8.717925246065965439e+01 1.024750477101699744e+02
9.991672805680612157e+01 7.980932522721926148e+01 7.564580722413009539e+01 7.720070889083459065e+01 8.880682596131248374e+01 1.089185642255738742e+02 1.058254802347801586e+02 1.141430843853800354e+02 1.176774607395840775e+02 1.204939542356114686e+02 1.204939542356114686e+02 1.287259694403193748e+02 1.237221950549446063e+02 1.120985789226857605e+02 1.037496743807181758e+02 8.925294080392245633e+01 8.707290530594360689e+01 8.850877280224261767e+01 7.671281634658728876e+01 7.361836565989280246e+01 7.903868219057213196e+01 7.625083199467105999e+01 6.081379704621370763e+01 5.544017349862959065e+01 7.504383231138758958e+01 7.941003710231038326e+01 9.914049210691074165e+01 8.594726533486819164e+01 6.615656054581802437e+01 5.460717439655857675e+01 6.769067838425927164e+01 5.307671251726332429e+01 5.722143769493297327e+01 6.173620241406554499e+01 6.747260572458755234e+01 7.440564633699945318e+01 8.420392982477046928e+01
1.007217698735906026e+02 8.569864716235235846e+01 6.556187761891322907e+01 8.377370463095459741e+01 8.703809287613336210e+01 9.048579475501659886e+01 8.571902054561319062e+01 9.871000942349328966e+01 9.755390104529588768e+01 1.117688915647840133e+02 1.207611983856089353e+02 1.323677319902404861e+02 1.153600813742122568e+02 9.525026656492754284e+01 8.381353816588726602e+01 7.839285650135191474e+01 7.318803421688858180e+01 6.882786680407826907e+01 6.541348005198783255e+01 6.229025632057945217e+01 5.932561251018695714e+01 5.649783345209395691e+01 5.376834958975398138e+01 5.126075666499402672e+01 5.973719414212503409e+01 7.631998446318924323e+01 9.035244139204479552e+01 9.422151849080141517e+01 8.173239991143336169e+01 6.187437767631743668e+01 4.770380520420121684e+01 6.769067838425874584e+01 7.707325319277327935e+01 8.149043356171158337e+01 7.785188319801420676e+01 9.416536962703760594e+01 1.024750477101699744e+02
8.527897596046355488e+01 7.694884887400650086e+01 6.048354917320499879e+01 6.362346256509408704e+01 6.691505226642576076e+01 7.038241095148082138e+01 7.412379956815782123e+01 7.861670659050999177e+01 8.334655361640444937e+01 9.232502740555162291e+01 1.039376469695946241e+02 1.240700290719506285e+02 1.153600813742124558e+02 9.525026656492754284e+01 1.037496743807181758e+02 9.736967576705900740e+01 7.755609439570011432e+01 8.850877280224261767e+01 7.671281634658728876e+01 8.197277951225966319e+01 7.069346040554766830e+01 7.046194601853707695e+01 7.356279125859343537e+01 6.809999376686134553e+01 4.824512288055442610e+01 6.230583303379593474e+01 7.725767944222499750e+01 8.551112865616791225e+01 7.892413996455944414e+01 5.904026333098058643e+01 4.495237367057854527e+01 6.486410718794459740e+01 7.469916419966253329e+01 8.295810171118910148e+01 9.768012608358351656e+01 1.059919253916756219e+02 1.057699883135309165e+02
7.337496208177437040e+01 5.673192389180335482e+01 7.694884888448868310e+01 7.788399515297065534e+01 8.114963162221862092e+01 8.198960601936997250e+01 9.421701032078922822e+01 8.832723778475647691e+01 1.034479552181405637e+02 9.338651022337919017e+01 1.050009532199873803e+02 1.251321549519816472e+02 1.237221950561543622e+02 1.068208283085871386e+02 1.115336019337005666e+02 9.150278545238489869e+01 8.737754407026370984e+01 1.048338447755717482e+02 9.651633179272776886e+01 9.873082730691052689e+01 9.043846714913087226e+01 9.022644294231686501e+01 8.006929202024466008e+01 6.027634433585852491e+01 4.621688603631754688e+01 6.325191960872047758e+01 5.745054401376832232e+01 7.725767946666125852e+01 7.621826132697503908e+01 5.632904765218914633e+01 4.235161689753947201e+01 5.847717334277871970e+01 5.483135914280561707e+01 7.289319913729040934e+01 8.114603259673873481e+01 9.262811929715964254e+01 9.747877143550147139e+01
5.313202322396305988e+01 7.337496759220708498e+01 8.527968731777360745e+01 9.799272113114061256e+01 1.012540958968426565e+02 1.020918044032570293e+02 1.104108219551272470e+02 1.084361790565714756e+02 1.084361790565709072e+02 1.050009532199873803e+02 1.218225497660342853e+02 1.334277347263988247e+02 1.353824133039530579e+02 1.270249179912013346e+02 1.198855842391166959e+02 1.115336019337005666e+02 9.885405486232671990e+01 1.117519366245057029e+02 1.017445287225409061e+02 9.343728026970961764e+01 8.681279827099018576e+01 8.109396924394476969e+01 7.598229519744128879e+01 7.102084038645068631e+01 6.219668143062973797e+01 4.340944788953531486e+01 6.052936515272713081e+01 6.875936534181956006e+01 7.075815910589243174e+01 7.040109916740709650e+01 5.847712945114731298e+01 3.881935456125322759e+01 5.847714527699846343e+01 5.300951647002859346e+01 6.450286570303491374e+01 8.435460775470633621e+01 1.004611617308259639e+02
7.337496759220589126e+01 8.171121280700681666e+01 8.718301114875616520e+01 9.254671235406404151e+01 9.859398756526684338e+01 1.056903437132707921e+02 1.140206413910267287e+02 1.230159576641456880e+02 1.285376229807820891e+02 1.251321549519802545e+02 1.334277347221697880e+02 1.392890491494808600e+02 1.309711399982168700e+02 1.392890491494808600e+02 1.346312545628604198e+02 1.273420730538889813e+02 1.189836136466539074e+02 1.034278478732299646e+02 8.344671266618901484e+01 7.356383427355122251e+01 6.700219340170579585e+01 6.129654079059618255e+01 5.615656691461524019e+01 5.130590613689121682e+01 4.672614569334398738e+01 4.367415382203925844e+01 4.071931900306093155e+01 5.826443522836120792e+01 5.094513725266746462e+01 5.525179079820072303e+01 5.377007097909984878e+01 3.644215301088524228e+01 4.250309894928201260e+01 6.226493396581881967e+01 8.114603259644248112e+01 8.069292889778871825e+01 8.069292889778924405e+01
