LEM/with_lateral_4open/elevation_000478.asc
nrows	100
cellsize	150.0
xllcorner	0
ncols	100
yllcorner	0
NODATA_value	-9999
[rows 34 to 50 of 100, columns 37 to 73 of 100]
6.072407092664955286e+01 7.483676003450626979e+01 6.377767984869670670e+01 4.379416178951803573e+01 4.193973420240758543e+01 6.191838250580107683e+01 7.650904174173562922e+01 8.649773352822265338e+01 8.891088600710179435e+01 8.064472706027525817e+01 7.219254386961961245e+01 8.402046777619912632e+01 6.999462007615174741e+01 5.915112383178887256e+01 3.915921651135398207e+01 5.662264608872946781e+01 3.946927781997435858e+01 5.944910945783628620e+01 5.858525692872977686e+01 5.513091527156925764e+01 7.514445134656996572e+01 7.740976014386880877e+01 9.153071997964532613e+01 8.218955740207113081e+01 8.218955740207113081e+01 1.021811031891083701e+02 1.015286393159253180e+02 8.186569924929062836e+01 6.801240716198670100e+01 6.101865922386341623e+01 5.667419927336936070e+01 7.031375085498768840e+01 6.982045746724314483e+01 5.838515668119969604e+01 3.849139180208617717e+01 5.838515668117324964e+01 5.829218560720254771e+01
8.070075105558119333e+01 7.026502135010372285e+01 5.027022870223969875e+01 6.377785505747669248e+01 6.191838250580107683e+01 4.824636469457303178e+01 5.824544673820547303e+01 7.238742086049488478e+01 9.236001835964026441e+01 1.004448359510187458e+02 8.436500475772353980e+01 6.438321449061942303e+01 5.586890975171652940e+01 4.171670364359062688e+01 5.915112383178887256e+01 6.742804341520921696e+01 5.944132062264208827e+01 4.233238925786373130e+01 4.443312855715877419e+01 6.444697994085801440e+01 7.009718845496182382e+01 6.325436272001424953e+01 7.860885481152115517e+01 6.802797425131259956e+01 8.218955740207113081e+01 1.021811031891083701e+02 1.008095174856679677e+02 8.115518873065883554e+01 6.984889165642303510e+01 8.069079855546566193e+01 7.639798581409489486e+01 7.955870815231563142e+01 7.139293932826474531e+01 5.617494617543069779e+01 3.627699531283655432e+01 5.309659128202210354e+01 5.078474581945202004e+01
8.180535853542639302e+01 6.181690819397109493e+01 7.026502135010372285e+01 5.921401447178769217e+01 7.650904174227457588e+01 6.824135298414537942e+01 5.641030222948203487e+01 6.795799781341237633e+01 8.794043764473894953e+01 9.487993892144352515e+01 8.341495642264226262e+01 6.438762607190668064e+01 4.435632154449460529e+01 6.173495478768943912e+01 7.001639275736438606e+01 7.672828010916924768e+01 5.651331995422378895e+01 6.233731833978068693e+01 6.444697989396243543e+01 4.763628326146572078e+01 5.008304030285271580e+01 5.324995473233134646e+01 5.859870821646715910e+01 7.014977964004536659e+01 8.431149031184047260e+01 1.042937763515463701e+02 1.090598745007882826e+02 9.766783423920165319e+01 7.964215650444093342e+01 9.766783423920165319e+01 8.303907297764844486e+01 6.286737778517828446e+01 5.153685178927483435e+01 4.485855636264696500e+01 3.846372486157650172e+01 3.320624694370875574e+01 3.122711496545172949e+01
9.006256664136277834e+01 7.336427427574875537e+01 8.586776181357970472e+01 6.588089753168839025e+01 8.586776181357970472e+01 8.347075428983616519e+01 6.348174032812541157e+01 8.347075428983616519e+01 9.619224412390066448e+01 8.671741230372791165e+01 6.679658188944276276e+01 5.522586395005559012e+01 4.626216564579190305e+01 6.629791253803639961e+01 7.759146453222997764e+01 8.491179489881209008e+01 7.672903781926011391e+01 7.708640106333211861e+01 5.707316496996043753e+01 6.765207109501655225e+01 7.009718845496182382e+01 5.586274997059334879e+01 5.942550804321497537e+01 7.943524517245511163e+01 9.435638886779547363e+01 9.505819576213518474e+01 1.149765796009595107e+02 1.075264047508717766e+02 9.928201447200312657e+01 1.075264047508717766e+02 9.135681060690852462e+01 7.972604836115203852e+01 7.139293932826474531e+01 5.422640635703335477e+01 5.785724892450351575e+01 5.167391060003068048e+01 3.180806636567933765e+01
1.015826842887989159e+02 9.333609406963110189e+01 9.412147061186425390e+01 7.588223610766486615e+01 9.412147061186425390e+01 9.172696833747694711e+01 7.502957102309127890e+01 9.172696833747694711e+01 9.615584244479482834e+01 8.621385546965022684e+01 7.194882529560420892e+01 5.192984697409857375e+01 6.629791253803639961e+01 4.949030989089848021e+01 6.875100466369609364e+01 7.272615068477536227e+01 9.237111657274692789e+01 8.535856628488109266e+01 6.602251928989809926e+01 8.535856628488109266e+01 8.004833317656083125e+01 6.003488355917352948e+01 7.943524517245511163e+01 6.609153864541326584e+01 7.504293366762685480e+01 8.921317674289547028e+01 1.091693199507124916e+02 1.110097423323483383e+02 1.026742134887062576e+02 1.010558621214295130e+02 9.498511917155144602e+01 8.674206168574373521e+01 8.230820797170596848e+01 7.401264568612232608e+01 5.459970618604352666e+01 3.444179111169827223e+01 5.114069563327838353e+01
9.981584315770396643e+01 1.020300547368410378e+02 1.040968391990760864e+02 9.585328751949444381e+01 1.040968391990760864e+02 1.032464684909065085e+02 9.500162507020986880e+01 1.020207761094555821e+02 8.214854328224578239e+01 6.800031983859106788e+01 5.797626657995963484e+01 7.196332666993527027e+01 7.780097884636978733e+01 6.952597359813294986e+01 5.283085178630098966e+01 6.700678526016758951e+01 8.701345131524752219e+01 9.430101033412363165e+01 8.018141396051935033e+01 9.430101033412363165e+01 8.441665700397682315e+01 6.439848242932581002e+01 8.441665700397682315e+01 8.610709843597605584e+01 7.504293366762685480e+01 8.661666663255022058e+01 1.065895389999349874e+02 1.026742134887062576e+02 8.295608191635608364e+01 8.133334036807217160e+01 8.133334036807217160e+01 6.713408518828568106e+01 8.361458894218489490e+01 6.761812051826237280e+01 4.782777285483663121e+01 3.631718034562504727e+01 5.610865267191594086e+01
7.978520703235867018e+01 8.197117072260563475e+01 1.020300547368410378e+02 9.981163244883977370e+01 9.632616798915807976e+01 1.047199647118081032e+02 1.099456540986160604e+02 9.000147340223927017e+01 7.585771205700649489e+01 6.584159843762525099e+01 7.214634311221408325e+01 8.626799772456421067e+01 7.718646527967528925e+01 5.715608322393163121e+01 5.692448792228357490e+01 7.109845797201728601e+01 9.109528693457968984e+01 1.030754080252698657e+02 1.001745551643789440e+02 1.032836280686585866e+02 8.327711484442063750e+01 6.911064751957019325e+01 8.913688689991094805e+01 1.032883847681034695e+02 8.506690801954611914e+01 1.032883847703789257e+02 1.147901689125814215e+02 1.026742134887062576e+02 8.295608191635608364e+01 6.915799222892026421e+01 6.172562312055429601e+01 5.574212255684473405e+01 7.071709304440646804e+01 7.579971400991220776e+01 5.813562268309815551e+01 3.824581263940255127e+01 5.805182071786649800e+01
6.583421732713955521e+01 8.565204452199209584e+01 9.399787676301930617e+01 7.978337935085674815e+01 7.635198646395018329e+01 8.780222312116268313e+01 1.079700932192976097e+02 1.040933013408953229e+02 8.585156739860522634e+01 7.402115512697494637e+01 9.213715261648430044e+01 9.444767141491072948e+01 7.445919717815630179e+01 6.028978257950410580e+01 7.695539357292429372e+01 6.326910955742668818e+01 7.483670273049732202e+01 9.482549835000260430e+01 1.103601431132572657e+02 1.017936243417676536e+02 8.178156531027356380e+01 8.913688689991289493e+01 7.912580293899202388e+01 9.914797092880409934e+01 9.922315492804885650e+01 1.132540413197818054e+02 1.137851911746808184e+02 1.048969424550063394e+02 9.567324367249783279e+01 7.602818799127604166e+01 6.217709618187576126e+01 7.071714573911164337e+01 5.097266190867881619e+01 6.624590791434411585e+01 6.007637744168972205e+01 4.021183578958800808e+01 5.168581470849726145e+01
5.926587462997691347e+01 7.904610211344308368e+01 7.787986449779721454e+01 6.584070924433213179e+01 8.564951886793551239e+01 1.047199647118081032e+02 1.163914799294057474e+02 1.140656890142598456e+02 1.022700441295932023e+02 8.557593574383525947e+01 1.022700441295932023e+02 9.681599118046540298e+01 8.356028344716641243e+01 6.354587095394040119e+01 8.356046877472590495e+01 8.328496181830482215e+01 7.058870416088133481e+01 8.214648543594923069e+01 1.021181013982618282e+02 1.100662895520924422e+02 9.594761382515061143e+01 1.074206091782387347e+02 8.915512925343064410e+01 1.074207585335356185e+02 1.191154849733767094e+02 1.195817598004833968e+02 9.956617429835687005e+01 8.567808081043382629e+01 7.697743598410890797e+01 6.960562716528177418e+01 7.602818799127591376e+01 7.890359583565017942e+01 6.624590791434411585e+01 4.644415231095139518e+01 4.335570136712229328e+01 4.506381654016838922e+01 6.472748485772068250e+01
5.353732406131000943e+01 7.089221377285903714e+01 5.811580369951509795e+01 7.787986449779721454e+01 9.399787676301930617e+01 1.046324084295591348e+02 1.130727790378839188e+02 1.199897064995583662e+02 1.137872752579098119e+02 1.055390593340700889e+02 1.026813438488004095e+02 8.271169383958617516e+01 6.855988963807736525e+01 8.356038560902585743e+01 8.356045997591671437e+01 9.884196559876357924e+01 9.058748354626888499e+01 8.002695618010770318e+01 9.157730911934511653e+01 1.115184412203815612e+02 1.159071422167647398e+02 1.174106125735003019e+02 1.091408134903283269e+02 1.174106250102187374e+02 1.166498330764459155e+02 1.144254091103731383e+02 1.137851911746808184e+02 1.031286989622411738e+02 8.340341675254531140e+01 8.340341675289744217e+01 9.567324366844934502e+01 8.169537952940183345e+01 6.202972314424651756e+01 4.800769649104139347e+01 6.319043530588434976e+01 6.472775584316606512e+01 5.258689380456498697e+01
4.836138488655917911e+01 5.109188844085290526e+01 7.089221379068477802e+01 8.398029606180440965e+01 9.806383466352474443e+01 8.450380762246818733e+01 9.969071908971029927e+01 9.969071908971029927e+01 1.182400798795649166e+02 1.094997329090432885e+02 8.954912693079239716e+01 7.799718570843913312e+01 8.856066919976569807e+01 7.523400970625274908e+01 9.522395867851348328e+01 1.117668887615482731e+02 1.082494703080914746e+02 9.157730911934511653e+01 1.082494703080914746e+02 1.197515601102133047e+02 1.167529215985010183e+02 1.145284679293411756e+02 1.204868496846381447e+02 1.166498330764459155e+02 9.645469934294750658e+01 9.425188799855493471e+01 1.085519064237630431e+02 1.114668149577025673e+02 1.031286980961539399e+02 1.031286999182306801e+02 9.681773355181799445e+01 8.506407319897917318e+01 6.542159103907000883e+01 5.143656288052840608e+01 7.117457844067088502e+01 8.011168229014140252e+01 6.633966290984821512e+01
6.239007871666377980e+01 7.089221379068477802e+01 5.592448721080980079e+01 6.986364957731778702e+01 8.519990624048412542e+01 7.310419886564605463e+01 7.964948051401086104e+01 8.957786491464686662e+01 1.098035732647738314e+02 1.177350317129660482e+02 9.798124517700405534e+01 8.954912693079239716e+01 1.015423103041128741e+02 8.156192810939138838e+01 8.678730396846357564e+01 9.833121644533588324e+01 1.182470623017242559e+02 1.115184412203815612e+02 1.197515601102133047e+02 1.167529215985010183e+02 9.655678306193829030e+01 9.435382843578659617e+01 1.002628435354548486e+02 1.009059472805025166e+02 1.001605755318316113e+02 8.014431348937351629e+01 9.308375781079602973e+01 1.132337677275460948e+02 1.100377596584975635e+02 1.001260942339179252e+02 8.856206813665140487e+01 6.895378096011242519e+01 5.758384158301213773e+01 7.117326890610254964e+01 6.135737398550809729e+01 8.099208351157354002e+01 8.566817070811295309e+01
8.221864322047110818e+01 8.398215233601820273e+01 6.730144352153389775e+01 6.140729558977454161e+01 6.542093867374055094e+01 7.234438580907229266e+01 9.223427173618270558e+01 1.081064565968048896e+02 1.182400798795649166e+02 1.261380564779683624e+02 1.177350317129660482e+02 1.094997329090432885e+02 9.788684864969329169e+01 9.051415649799368168e+01 1.067486433353992936e+02 1.149841903644449985e+02 1.264730429086055494e+02 1.241223380456005003e+02 1.158767376917568868e+02 1.145284679293411756e+02 9.435382843578659617e+01 8.024497697571518984e+01 9.172719655455985333e+01 8.083765154950916099e+01 8.522318527156586754e+01 7.304315077885014773e+01 8.719810074413706502e+01 1.072929929671131504e+02 1.017007757708433076e+02 8.200341265528876988e+01 7.226246548057474683e+01 6.533353397763352177e+01 6.895377195714210927e+01 8.543189898315991115e+01 7.523345623635100310e+01 7.523349246463793349e+01 9.489609195921401863e+01
8.395524444217173254e+01 9.549011941180005181e+01 8.713665741604982884e+01 8.116458952751020206e+01 8.520259189677638290e+01 9.223427173618270558e+01 8.483650453504903055e+01 9.901656377573938528e+01 1.193225445823849498e+02 1.261387425719816235e+02 1.302739762262063152e+02 1.260343080265700308e+02 1.178072494405903399e+02 1.020545628213094460e+02 1.186948975732551190e+02 1.242410315381921890e+02 1.250075616431212069e+02 1.126178314331793473e+02 9.594216710269358828e+01 1.126178314331793473e+02 1.086544370265705766e+02 9.172719655455985333e+01 7.168048746536089766e+01 6.656383285947158868e+01 6.504023961253992070e+01 8.522318525741667372e+01 9.890861619445892927e+01 1.082801236470703117e+02 1.100377529399101917e+02 1.001260942339179252e+02 9.185209371625975905e+01 7.511552279334358673e+01 8.855819881720157127e+01 9.680003570734565699e+01 9.489241823026070222e+01 9.489627189071545388e+01 1.031966252888289262e+02
7.582753894098941316e+01 8.473126191915628169e+01 7.890935785535631908e+01 8.507043664444694286e+01 9.241966063522730224e+01 1.005715334971147001e+02 1.049640478553619545e+02 1.133792993563868237e+02 1.204065877429560203e+02 1.063770680042268282e+02 1.104522586143591241e+02 1.245157389376391563e+02 1.301750303819180203e+02 1.219521534631164030e+02 1.184054698030242605e+02 1.043242969906175404e+02 1.142826642644048292e+02 9.682674526328513309e+01 8.441652510952287969e+01 1.043675079959814980e+02 1.073846379715659083e+02 1.000886625279089372e+02 9.172719655455985333e+01 8.017744886288760142e+01 5.987580353159833635e+01 7.737134028199389491e+01 7.913363502299129948e+01 9.970570823047002307e+01 1.044692526058985464e+02 1.124601643008355154e+02 1.030279305373672258e+02 9.473649583971446475e+01 1.030278733205729509e+02 1.008778762022094071e+02 9.605314745291289569e+01 1.044212183778973753e+02 1.012044132347721472e+02
6.999244913727513051e+01 6.521052372894315852e+01 5.935914179681856950e+01 6.558739482716828206e+01 7.297544162631277231e+01 8.670307890810664730e+01 1.062207097712561534e+02 1.151969119733766149e+02 1.069852772890809831e+02 9.264264691842036825e+01 9.666536571878161510e+01 1.092890608668915178e+02 1.290777724295182054e+02 1.216603144005061239e+02 1.017373291109323930e+02 9.021500815190665890e+01 9.434752317504536734e+01 9.682674526328511888e+01 7.684613843261179511e+01 9.682674526328511888e+01 8.741506748085197387e+01 8.741506748085197387e+01 8.874423814186657467e+01 7.692040343727477136e+01 5.655318209982164035e+01 6.484599303163864192e+01 8.670836513548751157e+01 9.122406914525271304e+01 8.617702058994721881e+01 1.042455350057600612e+02 1.169487731653430558e+02 1.096446536145494122e+02 1.008778762022094071e+02 8.076981537599441197e+01 7.597273216474091839e+01 9.280717251509148014e+01 8.109267229011197742e+01
6.186863020092657450e+01 5.125902353082702945e+01 7.092801557125908118e+01 8.507043664444694286e+01 9.241966063522730224e+01 1.005715334971150270e+02 1.096611913433195440e+02 1.014791871238736860e+02 8.751830882086818519e+01 8.299302816001686267e+01 8.981485031734042934e+01 1.035158811202226303e+02 1.232267497093170192e+02 1.299047858727518019e+02 1.184054698030225978e+02 1.001863908162082026e+02 8.022907489792319780e+01 9.105884089715448226e+01 7.101809309355304833e+01 8.348415021485540422e+01 8.037427730499558720e+01 6.731144603950943406e+01 6.864422214248048704e+01 7.180404648981331661e+01 5.356771286333197679e+01 7.383842043219723905e+01 8.149763500969659447e+01 7.263067379835082704e+01 8.955715253157788425e+01 8.368326361791275758e+01 1.022542822228853652e+02 9.540158389659990235e+01 8.115851417862862149e+01 8.445971428084739330e+01 6.442900483210209472e+01 7.801544019459028334e+01 6.954015565022091039e+01
