LEM/with_lateral_4open/elevation_000090.asc
nrows	100
cellsize	150.0
xllcorner	0
ncols	100
yllcorner	0
NODATA_value	-9999
[rows 68 to 84 of 100, columns 0 to 36 of 100]
5.009162696260269221e-02 2.005009162696224578e+01 3.302770380565588937e+01 4.131197505311749296e+01 4.793007489717634684e+01 5.621437967304841976e+01 5.730130742216205419e+01 6.558563995134791469e+01 7.233296125767679996e+01 6.035418080327185919e+01 4.026443187345426367e+01 2.906277986725383045e+01 4.554434162415435594e+01 6.822948294094440769e+01 6.719708629763871954e+01 5.045871575763243300e+01 6.719708629763871954e+01 5.654178520800285668e+01 3.678657707115805664e+01 2.266606481256832950e+01 4.257278599443741030e+01 5.554927864773254953e+01 6.250199818305492272e+01 7.065178403003756102e+01 8.046184345010550487e+01 8.283840865333164061e+01 6.272916351549645952e+01 6.638357870024275087e+01 4.965917509376320993e+01 6.655358542894171592e+01 6.528277539428947307e+01 5.962792430498306118e+01 7.126487724679998337e+01 9.133835670585889943e+01 9.764181958997180288e+01 7.773634122490244636e+01 6.779991744413428023e+01
4.695337527364121244e-02 1.418908899900471710e+01 3.418908899900542053e+01 3.221278748656913393e+01 2.793008426330764493e+01 4.097138838929034677e+01 3.730132283641253821e+01 5.681497749204401515e+01 6.575926012228778461e+01 6.840264888774646579e+01 5.656212817750227373e+01 3.630218807327655384e+01 4.747190779802993177e+01 7.149534369815889079e+01 6.984429054908235912e+01 6.725921196987694373e+01 7.477278539706392735e+01 5.779007052274789658e+01 4.417692460441946167e+01 2.427962340995145851e+01 4.417713063733123136e+01 3.578689940117958201e+01 4.283673765831277080e+01 5.271480481649145844e+01 6.654752116492112179e+01 8.615081006130165520e+01 8.285047553739076420e+01 7.807462916704730560e+01 5.971220744947451209e+01 7.807462916704730560e+01 8.538063832893787719e+01 7.126487724679998337e+01 7.387269581919645134e+01 9.393540721008393746e+01 1.059214521359115366e+02 8.691679509679180171e+01 7.285750994364880739e+01
7.614146464036156137e-02 2.007614146464000626e+01 2.655593414620857118e+01 1.221279070083543417e+01 1.638307898197676948e+01 2.097139365938719990e+01 2.853068311862554651e+01 3.747495497443583901e+01 4.902195842663139302e+01 6.902192697214353245e+01 6.403952879191336933e+01 4.655748086249577966e+01 6.575918826936539574e+01 8.002192346030592773e+01 7.894297012131784186e+01 6.933658317758283829e+01 6.110591627615650623e+01 4.867007971670554412e+01 2.970046274488020543e+01 4.417713063733135215e+01 2.683803142145477949e+01 4.671127396935143850e+01 5.755371531075157066e+01 7.065178403003756102e+01 7.238990502482347722e+01 7.238990511975843845e+01 8.056047229373595542e+01 8.811736136926670326e+01 7.982269324317324788e+01 8.811738118697604705e+01 9.962060115307266983e+01 9.133835670585889943e+01 9.393540721008393746e+01 1.022161548677466527e+02 1.151448877379350222e+02 1.010308414173634191e+02 9.275761483772946292e+01
2.352828262072655108e-02 3.267956705235970816e+00 6.555936451343102433e+00 1.550020836044992656e+01 2.550020832157778727e+01 4.097138838929034677e+01 3.251839887315981770e+01 4.406540258516351827e+01 6.406537799003882583e+01 7.730629022649466719e+01 7.602685473235942482e+01 6.759821979184077634e+01 7.693023359708865883e+01 8.704526848695151386e+01 6.589151003794090400e+01 5.131780561662206708e+01 4.120782665263356392e+01 3.564154095072763795e+01 4.961709079422062985e+01 5.487175036310769372e+01 4.671127396918961949e+01 2.955318014169567675e+01 4.939961422205508512e+01 5.567132476842061095e+01 5.281462416687320172e+01 5.281462416689264217e+01 7.238990509259689077e+01 8.832658846237544026e+01 8.564043644185558435e+01 9.247415202787226463e+01 8.923099929914064887e+01 9.874839043532696792e+01 1.038408382866933266e+02 1.121518136349983763e+02 1.073838280103926337e+02 9.587295084940704726e+01 8.702003335363733072e+01
6.786455232800275850e-02 2.006786455232764865e+01 2.655367790654480586e+01 2.069807428336213206e+01 4.069830719047810419e+01 4.183013517215078281e+01 5.251838680624815936e+01 6.080269904213709964e+01 7.234972553216398694e+01 8.007943292948986880e+01 7.179880735395028069e+01 7.439299919231325475e+01 8.267350547750615419e+01 8.765150633469392005e+01 6.782950140779404080e+01 5.382464425856146306e+01 6.110591627615650623e+01 4.232446552607824941e+01 6.211513355205810427e+01 5.388134783773942615e+01 3.409054806589638531e+01 4.939961422195037954e+01 3.304138072326725961e+01 3.590384824813619247e+01 3.882597426178827504e+01 5.854809098540715695e+01 6.059674496077384021e+01 6.985914192466350414e+01 6.701536165753942953e+01 7.839152212866126490e+01 6.437724398633874046e+01 8.652983283123360536e+01 8.409068034055410124e+01 1.038408382866933266e+02 9.904899136776973023e+01 7.918805247412176129e+01 6.787756762522023735e+01
3.257643153035955086e-02 1.417474322827364475e+01 3.417683074981114544e+01 4.069820508480095356e+01 4.898377307639776035e+01 6.183011614743276141e+01 7.011446967307392697e+01 7.812454620295241625e+01 7.065422209278167998e+01 6.237307069173902363e+01 5.180380041936552971e+01 5.439840311338812739e+01 7.439299919231325475e+01 8.217922721438755218e+01 8.188600537877746888e+01 7.363523223416986241e+01 5.634788513683164979e+01 5.634788513683164979e+01 7.030301294635009413e+01 5.712714455311363082e+01 3.738373392367021353e+01 5.712714454453070090e+01 5.284739955151940194e+01 4.034335845276456212e+01 5.854809118511534649e+01 4.341298637590035980e+01 4.673648948610063059e+01 5.024576056748427533e+01 5.435566778781728914e+01 5.873763501681125376e+01 6.994184456473607270e+01 7.112661341821853966e+01 8.409068034055410124e+01 1.038408382866933266e+02 9.660771957336815774e+01 7.679316506564988742e+01 6.548905095017758526e+01
1.880098487986705744e-02 1.004368946015896924e+01 2.180806104906719511e+01 3.708145238838724822e+01 6.011948336779976643e+01 6.172138892635821605e+01 6.987244217300307980e+01 5.813090564525058568e+01 5.813090564525058568e+01 4.237769725718183622e+01 4.025922891427303085e+01 6.025468471781933033e+01 6.953406890922987316e+01 6.218547640554102429e+01 7.632299488467755566e+01 8.425814086914390089e+01 7.025964447818790859e+01 7.603850289381260552e+01 6.874470560875255387e+01 4.964456491524361326e+01 4.110073451817816448e+01 6.081555328309760711e+01 6.003936370158065472e+01 6.003936383855125314e+01 4.880685456437219472e+01 6.305406327503227004e+01 6.631757800557390681e+01 6.136716459889296971e+01 6.354020983389863630e+01 7.837678220794117578e+01 8.463229029681903626e+01 8.987536767347289413e+01 8.987536767347290834e+01 1.097063904122293110e+02 1.049368256484609532e+02 9.344722432813313162e+01 8.460607361891086953e+01
2.900726248362994752e-02 1.417114288621470486e+01 3.417114288621540652e+01 4.633256125849960227e+01 5.500995584717951914e+01 4.179268837885345533e+01 5.840893068989537085e+01 5.813090564525058568e+01 3.813549744805717268e+01 3.083317966427924617e+01 5.082873645675036300e+01 6.367724282769477639e+01 4.953895323267315121e+01 4.804623365876155816e+01 6.804151043609816440e+01 8.261644749066094562e+01 8.998990125584789723e+01 8.288309680888970377e+01 6.443071612289014638e+01 6.463506250365071537e+01 4.494747510048033945e+01 6.463506250365071537e+01 7.964323805250060673e+01 7.654631978776255607e+01 6.012735227198595567e+01 6.012735227198582066e+01 7.967552285741507490e+01 7.444978978182076901e+01 7.621872331569798575e+01 9.107907105759107935e+01 1.015731565715296938e+02 9.338644616049536751e+01 8.973346117327123750e+01 9.804079750545012928e+01 1.065173269663506659e+02 9.487364952454100830e+01 8.657384757976586798e+01
5.081304048347550645e-02 1.569268540793702904e+01 3.160337109586117776e+01 2.584249287205435763e+01 3.868858953618907037e+01 3.025028400481969726e+01 5.021554830065691988e+01 5.981320144063541733e+01 4.548271993494940801e+01 2.548866512333954759e+01 4.440857188720764981e+01 4.783781406537420366e+01 3.539992846069863219e+01 4.434212725004273636e+01 5.434012024519309136e+01 6.847946846532461507e+01 8.847219947139676322e+01 9.094924086205161018e+01 7.654471446346205710e+01 5.470678231313931406e+01 4.958565896928359962e+01 6.904935728718174914e+01 8.503470146592687229e+01 8.787373666847474851e+01 7.967552295852127031e+01 7.138092357613261640e+01 8.787373507645673953e+01 9.287839605616063920e+01 9.451929350372941485e+01 9.531200809913855210e+01 8.711217002542164778e+01 7.346796524520668470e+01 6.977720785246309276e+01 7.821171294648628702e+01 9.670656146695024802e+01 8.657384757976586798e+01 6.655002981255466921e+01
4.469920835086939326e-02 2.004469920835051511e+01 6.119659394607971592e+00 1.878942462674878655e+01 1.870663187005535733e+01 3.868856834339720763e+01 5.066015469570940155e+01 4.571381550724304788e+01 3.158277245851546411e+01 2.112461145173494259e+01 2.441239715923727260e+01 2.784206788871057370e+01 4.783781406537421077e+01 6.045303615681262954e+01 6.677622938312273959e+01 7.433379580339304482e+01 8.261499827453913269e+01 9.330097753035080643e+01 7.304950922131477853e+01 6.199249873336710692e+01 6.339403105402415406e+01 5.768014306898371757e+01 7.119934719603884332e+01 9.063853999011537610e+01 9.925209275210838200e+01 9.100615621165005109e+01 9.431082003145820636e+01 1.025804445549501054e+02 9.456661777294303306e+01 8.385929854026241514e+01 6.720739249831092366e+01 6.198233689783248224e+01 5.829580041683672675e+01 7.671909679812698357e+01 7.671909679812698357e+01 8.657384757976586798e+01 6.655002981255466921e+01
2.324776005098762310e-02 1.481956658894267864e+00 2.968481105863799208e+00 9.285317926786319731e+00 2.667766922206488900e+01 2.238916149543066680e+01 3.652669996925820328e+01 3.393183418945341145e+01 1.744264195692057839e+01 3.743951834973213977e+01 4.440857188720765691e+01 4.783781406537421077e+01 3.491182233841047378e+01 4.045750520540035922e+01 4.678053670263430774e+01 5.433835453850513630e+01 6.847801246113844797e+01 8.847090736658255139e+01 8.846577479588704307e+01 7.470779142236879977e+01 8.270252257891502268e+01 6.721838148660637557e+01 7.119934719598342099e+01 9.063853975072889568e+01 9.980694695678035089e+01 9.104714712353883499e+01 7.432975079624051773e+01 9.104714712353883499e+01 8.644166012312797420e+01 6.684330028702817117e+01 5.571755345840433193e+01 5.203100733487770668e+01 5.016617733221072228e+01 5.680638948944950783e+01 6.828691354982845496e+01 8.823767332466844948e+01 8.071183966851485536e+01
8.699724428260374731e-02 2.008690011308542367e+01 2.295450803675059959e+01 5.142198837022482927e+00 6.691868181495557621e+00 8.255029800857663247e+00 2.824580336290267368e+01 1.393540859105915253e+01 3.393183418945341145e+01 4.572157449217229441e+01 6.418730924504122015e+01 6.318914278327202538e+01 5.490727368562458821e+01 6.045303615681262954e+01 6.677622938312273959e+01 7.433379580339304482e+01 8.261499827453913269e+01 8.532783550340029421e+01 9.351512382489704578e+01 9.398155142884225199e+01 8.656752826144519020e+01 8.656752826144517599e+01 9.063853974946898973e+01 9.887013142935839483e+01 9.153829644254140874e+01 7.156853989415208162e+01 6.282131895278404699e+01 8.277474432980886832e+01 8.430058544981586977e+01 6.470146724392014903e+01 5.080581614963678305e+01 4.311161068744418401e+01 6.303793632306083339e+01 7.671909679812698357e+01 8.501091367728140824e+01 9.654876705684188209e+01 8.363518338610631986e+01
2.249585233037712170e-02 1.156950123461241198e+01 3.156946579529542518e+01 1.927278632694433469e+01 2.668000507688209311e+01 2.824580336290267013e+01 1.050830949213064969e+01 3.050247549142121173e+01 3.591714677916156973e+01 3.591712612773130786e+01 5.431522986482569593e+01 4.603354034777999004e+01 4.894894656641259445e+01 5.716706997932789847e+01 5.947565247678183198e+01 6.406233057685270182e+01 6.905856105891217567e+01 6.540212506625117328e+01 8.481447706895308158e+01 9.475449521772183914e+01 1.063059490666172024e+02 9.441623534225116998e+01 8.616582316705704159e+01 9.441623534225116998e+01 8.911479595531645259e+01 7.523305835757665250e+01 5.528910138820627651e+01 7.523305842995387138e+01 8.497018167223436080e+01 7.643446676993133337e+01 5.927190129299101784e+01 3.933773403253177747e+01 5.927190129299101784e+01 7.474557846436552211e+01 8.301399606370226536e+01 9.518171973094685256e+01 7.535136071439558236e+01
2.739267172789772165e-03 2.000272719942515209e+01 3.985247313814633685e+01 3.929070179955156306e+01 4.482117545202067532e+01 2.485781086234277737e+01 2.266505860104074088e+01 1.363488110578275858e+01 1.593369767122825742e+01 3.591703059078020743e+01 4.203752389643079113e+01 2.605358929482306252e+01 2.896188238758603717e+01 4.890686809347503328e+01 3.948011146249377390e+01 4.406946425209265072e+01 4.907363913067437977e+01 5.663829786989290227e+01 6.663987826527498726e+01 8.657097412092736022e+01 9.366911002418167698e+01 8.443077917814461841e+01 6.617310027472831280e+01 8.443077917814461841e+01 8.084577606475347977e+01 6.088978396442164609e+01 4.975642035901316262e+01 6.970159998064191598e+01 7.644948998904587256e+01 5.552177033624441549e+01 5.600292183779122013e+01 3.605408771770959930e+01 5.600292183252189204e+01 5.479184861770733050e+01 7.426124384270821110e+01 8.423853172820754764e+01 6.689859738958674029e+01
8.327778614586213435e-02 1.163028316993827715e+01 2.577241879366897592e+01 4.577241879366826538e+01 5.306375412490472598e+01 4.451333644102376752e+01 3.944429150167587750e+01 2.363325322933136263e+01 3.591684681989472949e+01 1.931722066450145192e+01 2.206279532590533421e+01 4.203751883513768206e+01 4.894894348645823356e+01 3.331405365562700638e+01 5.331458771253424800e+01 6.406233057685270182e+01 6.905856105891217567e+01 6.540212506625117328e+01 8.481447706895308158e+01 9.475449521772183914e+01 8.541935240653918981e+01 6.543188700730398466e+01 5.617302932244537317e+01 7.616946172089261324e+01 7.866099899929413652e+01 5.870754553348871951e+01 4.460247439276260195e+01 5.839528839858726172e+01 6.666171116963320742e+01 6.124029574138082666e+01 4.106186798074804756e+01 3.289494198566696070e+01 3.849796388948866621e+01 4.604423732829719285e+01 5.601850004145987327e+01 7.596862477599727015e+01 7.535136071439558236e+01
6.510866554257997707e-02 2.006510866554222616e+01 3.189326441206567964e+01 3.896433222393162765e+01 4.724860347139382810e+01 5.879560885518654345e+01 5.190767640681410455e+01 3.776037194322214674e+01 3.929379676068164429e+01 3.929384460868985229e+01 2.714847025275341608e+01 4.713197814867449154e+01 5.790492453415452445e+01 3.789593380024714975e+01 5.790494792346485298e+01 7.314820992844535397e+01 8.145759997153463416e+01 8.532783550340029421e+01 9.351512382489704578e+01 9.172615274213825387e+01 8.323548539955761782e+01 6.324440268191659698e+01 4.910663695814033503e+01 6.909965524665236103e+01 6.788498231012364670e+01 6.476330876046532126e+01 5.839528174305478103e+01 3.843993644311552771e+01 5.275106256176877650e+01 4.904427576897369789e+01 4.994170399538420213e+01 2.997942381260955713e+01 3.996709466203995476e+01 5.992168238568259397e+01 7.426124384270821110e+01 8.423853172820754764e+01 8.363518338610631986e+01
8.953482861371392376e-02 5.863037520509996270e+00 1.189326441206532259e+01 1.896433222393092421e+01 3.051133760772364312e+01 5.051133760772435011e+01 6.378958313672339386e+01 5.775588703837100013e+01 5.928634366445558612e+01 5.316051597000325302e+01 3.316612430157966429e+01 5.316051597000325302e+01 6.620435409117553149e+01 4.944790458080694151e+01 4.606384315919897432e+01 5.314022618908262530e+01 6.469132777214733210e+01 8.470052579075978372e+01 9.172615274213825387e+01 7.174434298098211116e+01 7.541107339140600629e+01 6.393748012186392771e+01 4.394896121240275022e+01 5.708147469773012972e+01 4.789643047399927411e+01 4.477608577602148898e+01 5.890317853094812506e+01 5.275106261597213120e+01 3.278940468454475621e+01 2.907769495091493539e+01 4.396049254808899320e+01 2.748014995373937452e+01 4.745623861117719855e+01 5.992168238568259397e+01 7.987850028668910340e+01 8.802108428783967042e+01 7.974359217939030486e+01
