LEM/with_lateral_4open/elevation_000114.asc
nrows	100
cellsize	150.0
xllcorner	0
ncols	100
yllcorner	0
NODATA_value	-9999
[rows 34 to 50 of 100, columns 0 to 36 of 100]
2.064481644892168788e-02 2.002064481644856642e+01 2.726606708197372342e+01 3.554856471570575138e+01 4.968985899241167203e+01 5.039145919559562969e+01 4.209775670445921492e+01 5.039117928622385989e+01 5.773028466843574336e+01 4.944058035516466987e+01 3.402573187949857925e+01 3.157283609218170639e+01 4.317234071081396962e+01 6.319622177449938505e+01 8.086972898384387065e+01 6.925371836679818216e+01 5.304459589846582901e+01 3.301657063799340364e+01 4.716887276420598596e+01 6.722984637794540674e+01 8.037748171875050218e+01 7.947670258550955680e+01 6.143852012786909711e+01 7.947670258550955680e+01 8.691170400015576547e+01 6.711591732575756453e+01 8.680649894891566021e+01 9.648808386594913600e+01 1.025237699404944465e+02 1.072208742519903666e+02 1.117089606087106972e+02 1.034735583875041129e+02 1.117089606087106972e+02 1.039906711365996017e+02 8.370008596551447511e+01 7.466010007944306892e+01 6.754750978602487521e+01
2.905961989428186565e-02 1.417119524362535721e+01 3.417119524776758510e+01 3.728757021426216056e+01 3.824225971859121387e+01 4.056907715350821064e+01 2.261198407720224779e+01 4.056606455709408721e+01 4.614287366143958025e+01 2.934704024074870432e+01 2.392034741209347715e+01 4.405248083509341228e+01 5.992262609437172216e+01 7.147875384783769448e+01 6.695537081976526395e+01 5.860715649044573894e+01 5.039181914801748263e+01 3.035293998641509106e+01 4.037284132805226022e+01 5.192405229628315055e+01 7.200390585342357497e+01 7.132243213097110868e+01 5.147291282416634317e+01 7.132243213097110868e+01 8.023564406609574462e+01 6.048981165285236727e+01 7.024552823206455798e+01 8.806739573586644099e+01 8.042912203301432328e+01 9.239373278291071756e+01 9.696349139107347526e+01 8.359457361779669782e+01 1.017690237636216182e+02 1.123531123451916898e+02 1.005740844817152038e+02 8.030493055648165068e+01 8.037610657007836323e+01
3.542675937824442400e-02 2.003536041914046351e+01 2.210143512722935100e+01 1.711331882581545827e+01 1.807209131929439394e+01 2.494355126895197472e+01 1.279959750022457321e+01 3.235483641274093713e+01 3.243854444035076767e+01 1.763409268844246469e+01 3.783956956114224113e+01 5.234582268650854786e+01 6.525469113706887470e+01 7.111274481994715302e+01 5.860715619803735166e+01 3.855294938882845202e+01 4.442668965527060720e+01 2.780595637046982205e+01 3.939618121813162333e+01 5.943872673427819819e+01 7.618242245780744781e+01 6.470592568821894019e+01 4.481423927716880939e+01 6.284522621745816906e+01 6.727009026795707314e+01 5.448252617957349742e+01 7.422573078403029001e+01 8.228364495828249403e+01 6.565409078477696880e+01 7.245202579067448312e+01 7.704437542172107101e+01 7.359941982556118489e+01 9.353406600265049065e+01 1.052889466056628862e+02 1.089403432622972758e+02 9.463851183461534333e+01 8.875314638725342320e+01
3.411803931810562102e-02 9.696784824661569546e-01 1.906263246659771537e+00 2.852225032939736948e+00 3.802433422175506283e+00 4.756929301609611471e+00 5.714652863475286892e+00 2.591110281993278264e+01 1.220181495914673597e+01 3.243522496397901733e+01 4.606559093547940620e+01 5.938752716989620239e+01 4.523619742329319848e+01 5.109947806366180600e+01 6.245048990653568666e+01 4.442668937625718684e+01 2.431446031195029533e+01 4.442669003969156449e+01 5.619699299544709703e+01 6.778783675441474088e+01 6.215718928219261841e+01 4.813194841298141569e+01 3.878696550232769624e+01 4.295586601021396689e+01 4.742495338272215832e+01 6.727009026795707314e+01 7.682290921481502721e+01 6.857330288931431994e+01 5.402795688920591033e+01 5.829488394105585769e+01 6.288980323564463504e+01 6.957233663696696624e+01 7.714665217383691243e+01 8.866642991345634073e+01 1.085189598295922195e+02 1.149038244667943189e+02 1.004311502257463928e+02
3.327314952832965272e-02 1.255773402204527578e+01 9.262681650826941393e+00 2.301610398577593486e+01 2.398007520368367551e+01 2.494355122961867721e+01 2.591094782198534219e+01 7.086437231741745890e+00 2.729538615134898905e+01 2.962920579557001943e+01 3.805461047276732955e+01 4.036681416078281615e+01 3.102050196490409206e+01 5.109947847053476977e+01 5.402646118478860160e+01 3.390232155687323967e+01 2.195516949031465614e+01 4.211965906866894471e+01 5.515738286089243303e+01 6.318806062615247754e+01 5.391959353763859752e+01 3.400349815473012427e+01 5.395414746135016060e+01 6.284522621745816906e+01 6.727009026795705893e+01 7.230501856032510943e+01 6.464849791570145499e+01 4.858376911213458271e+01 5.413169418359067464e+01 5.991024057619660681e+01 7.988099369377816572e+01 8.953165580237129006e+01 9.705709633841611605e+01 1.052889466056628862e+02 1.167567867714647178e+02 1.148820111943442299e+02 1.128435809650447510e+02
6.779948344387334846e-02 1.538836814576879597e+01 2.799827859312456368e+01 2.093975315095681111e+01 4.015877316668963459e+01 3.563856734802941162e+01 2.015100376877271415e+01 1.134785145867055967e+01 8.556999961691326817e+00 9.601551477529504552e+00 2.983507761445881812e+01 2.018260323085240415e+01 4.036681416075767714e+01 4.520793164887685123e+01 3.687404021247026975e+01 3.381935965430943014e+01 1.966073907911910723e+01 3.987555359304725044e+01 3.505891540909109239e+01 4.504288653487716232e+01 4.642913940160900665e+01 3.086854423338908759e+01 4.502118399413576810e+01 6.510955445964373212e+01 6.892237482453342068e+01 5.998868922091096323e+01 4.466251555490419634e+01 6.464849791839347404e+01 5.801668857105340038e+01 7.798775336242319156e+01 6.886620060529861576e+01 7.885933428738432838e+01 9.034593185598478726e+01 1.101709315744428324e+02 1.090019215122833884e+02 9.484144856725697537e+01 1.090019215122833884e+02
9.516927588586144779e-03 1.580270790834439509e+01 3.621636088782413765e+01 3.634188788370194345e+01 4.015879575521071132e+01 3.794335143246877351e+01 1.752703111747980103e+01 3.390071030100369143e+01 2.287504197525413829e+01 2.983507761371851785e+01 1.109144894656267155e+01 3.134016066178379489e+01 3.399064571481544306e+01 3.509629094946676275e+01 1.659787167468675761e+01 1.785553621673274804e+01 3.790273701911701210e+01 2.184998370300974457e+01 2.340429831798080329e+01 2.497959467744698969e+01 2.656516282699782039e+01 4.659968945713493582e+01 5.745809169763744251e+01 6.572079528044420726e+01 5.746991912780377021e+01 4.091767437002545194e+01 6.089987727131057937e+01 7.289838593307567294e+01 6.558346642333181364e+01 8.552491105184981279e+01 8.879214846884553936e+01 8.297689927503373042e+01 1.028314017844093655e+02 1.184060161452500495e+02 1.000272068041464735e+02 8.062138168435755858e+01 9.327998664481789604e+01
1.945935296826603253e-02 1.283833561184359517e+01 3.123489298792786428e+01 5.339615616323344227e+01 5.966353401195805617e+01 4.312318701932417042e+01 2.240384463960695882e+01 4.312318703745230408e+01 4.304491825631808410e+01 3.844364283014681405e+01 2.308792222191542010e+01 1.261595835556424383e+01 1.372151336725873172e+01 1.483830670148193676e+01 3.506992430862047172e+01 3.809209214938316990e+01 4.609797915281722425e+01 4.198909998290096013e+01 3.765296752275664005e+01 3.919480780807411691e+01 4.659968945713493582e+01 2.920137019585182969e+01 4.920531867837484441e+01 5.415989043808895786e+01 3.748882844582885809e+01 5.746991912780377021e+01 5.160682645841785643e+01 7.157138004041271984e+01 8.552491105184981279e+01 7.970440702291963930e+01 9.957685081834023322e+01 1.028314016033213107e+02 1.110606770603826874e+02 1.057684295057246686e+02 9.172675650396840297e+01 7.162627426087027516e+01 7.318218487371483150e+01
5.600688922766024203e-02 2.005600688922730512e+01 3.307337396004737684e+01 4.135764532426453144e+01 5.135764536610614783e+01 4.885552539124520877e+01 2.818728552605433180e+01 4.885552539235039404e+01 5.224018954442770735e+01 3.225730174349630630e+01 2.066419676328160548e+01 3.287989679841415835e+01 2.809957123989249794e+01 3.510799582051117085e+01 1.871162641655271841e+01 3.892712444897790647e+01 4.900034326623892156e+01 5.567026055755177794e+01 5.763027709185373482e+01 5.916139751095063559e+01 5.745862684246242935e+01 4.920531381046703245e+01 3.187778787486215037e+01 3.417739962902196993e+01 5.415989043808895786e+01 6.572079528044453411e+01 7.157138004041271984e+01 6.573874915503918714e+01 8.565259662819779862e+01 9.957685081834023322e+01 1.078061037334433792e+02 1.015587965855361858e+02 1.057684295057246686e+02 8.594160964272403191e+01 8.957989887691475417e+01 8.167651538241936748e+01 6.160967433395107662e+01
8.215197286175310309e-02 6.406707293198539155e+00 1.307337395986526474e+01 2.307337395986544237e+01 4.307337396064475854e+01 5.530661909507703911e+01 3.490646959529160398e+01 5.530661909507703911e+01 6.054937215556135754e+01 4.752125643421703671e+01 2.748224846573837254e+01 4.752125643868359361e+01 4.821331864975371673e+01 3.524930428552170270e+01 3.892748721295966874e+01 2.281854603236862999e+01 2.894937625186912555e+01 3.566103122761204247e+01 4.981558067799918632e+01 6.980470812612047382e+01 6.001916794119206600e+01 4.004785502029361055e+01 5.186591870699116669e+01 3.539966416139113647e+01 5.686215905520177216e+01 7.222989674251469694e+01 8.133354226484328819e+01 8.565259662819779862e+01 9.388105485311204745e+01 9.294553934177613996e+01 9.569704707979370539e+01 8.156901870586425218e+01 9.569707501533846994e+01 8.890786111215226128e+01 6.965905295294899702e+01 7.631342648972933773e+01 5.628635885552292706e+01
2.613274238814250472e-02 2.002613274238778729e+01 3.307337396004737684e+01 4.135764532426453144e+01 5.135764564132247045e+01 6.361181500810089773e+01 4.942003359431857490e+01 4.942003359431857490e+01 6.951809364707708028e+01 5.580158575211456906e+01 3.753133575011239742e+01 5.580158575211456906e+01 6.357504409508661070e+01 5.529666146523342007e+01 4.621206187363208073e+01 2.613450053235899162e+01 4.621206187363208073e+01 5.567026055755177794e+01 4.981558067799918632e+01 6.980470812612047382e+01 6.633102419983738685e+01 4.637116756844118726e+01 6.534200850151877660e+01 5.686215905520209191e+01 4.220705408970400896e+01 5.254528741107541379e+01 6.723852798223019533e+01 8.720613769179996666e+01 8.708331568999082606e+01 7.295064931242342254e+01 7.587849605634438888e+01 6.742668206147092747e+01 8.742388875724405750e+01 8.067102574585734942e+01 6.066577594087848269e+01 7.066840085280269079e+01 5.183335171171998468e+01
7.532853315450405152e-02 1.421746415688557974e+01 3.421746415688628673e+01 4.523484547351727514e+01 5.351911672097946848e+01 6.253440994067390335e+01 6.951809364707708028e+01 6.951809364707708028e+01 7.780359642188331293e+01 6.579391727833730386e+01 5.751117712768776613e+01 6.579391727833730386e+01 7.172816116271040698e+01 5.188746814374352567e+01 3.775429881670824983e+01 2.989981484011181578e+01 4.407561925575743089e+01 6.407072177419132686e+01 6.980470812612047382e+01 7.807594915689536208e+01 7.338113656487493586e+01 5.344040751909416542e+01 7.338113656487493586e+01 6.990050627543578798e+01 4.911557899807969818e+01 6.990050627543578798e+01 8.133354226586722291e+01 9.035242632367074123e+01 7.035519080330911379e+01 5.881850411272194634e+01 5.589357802864907399e+01 7.403251586367147752e+01 8.230912388377088007e+01 8.213049477725697045e+01 6.756996976144930045e+01 5.055706396597767593e+01 4.748031081972946055e+01
6.101047412966256744e-02 2.006101047412930782e+01 2.890491385496211407e+01 2.523484547351656815e+01 3.425013869321099946e+01 4.764576182541346583e+01 5.593003307287566628e+01 6.747703845666958955e+01 7.096770737585444522e+01 7.011219921685196255e+01 7.011219921685196255e+01 7.838038487783090602e+01 7.385326445258138506e+01 5.405805709411658455e+01 4.407244043181922422e+01 4.993204919288651666e+01 3.610214082892628085e+01 5.610509480959642303e+01 7.123357761265657473e+01 8.016885367793626926e+01 8.160989222489075701e+01 6.497343496306028499e+01 8.160989222489075701e+01 7.750972079372974122e+01 5.737763150613739072e+01 6.990050627543578798e+01 8.986940106376647464e+01 9.862401473251169648e+01 8.708331568999082606e+01 6.881276056283176956e+01 4.883287007007258040e+01 5.404819748740472107e+01 6.896653136347548241e+01 5.768900015824166871e+01 6.166502239686973041e+01 4.446984247809563584e+01 6.445717420770905903e+01
6.842009524227352091e-02 4.432777899962140111e+00 8.904913854961757025e+00 1.425013869321029070e+01 2.057469401354716254e+01 2.764576182541276239e+01 3.919276720920568380e+01 5.919276720920638724e+01 5.098253383942420669e+01 5.012625384442586096e+01 5.012625384442586096e+01 7.011219921685196255e+01 8.199927527131653449e+01 7.215053969873187611e+01 5.819313094559706201e+01 6.437843442499116975e+01 5.610509480959639461e+01 4.296909817087611572e+01 5.191302978966437109e+01 6.345792751343216764e+01 8.343792138200547015e+01 8.486627054039300333e+01 9.308734996108314874e+01 8.573775914717828073e+01 6.909982573306318443e+01 8.573775914717828073e+01 8.467218428683798948e+01 9.297082757418620247e+01 8.880106584257032409e+01 6.881276056283176956e+01 6.249456441205568069e+01 4.252262400932079345e+01 5.722149589952004334e+01 3.981877251278584851e+01 4.167778552253141555e+01 6.166502239686973752e+01 7.275931154038930515e+01
1.934550753332892059e-02 2.001934550753297515e+01 2.890491385496211407e+01 3.425013869321099236e+01 4.057469401354786953e+01 4.764576182541346583e+01 5.593003307287365544e+01 5.356912331824831597e+01 3.684210189632226928e+01 3.598559367300724432e+01 5.530309676134314145e+01 6.130451155459650181e+01 6.839992186814060915e+01 7.666777466780669670e+01 7.801019471740815447e+01 7.709409561537592026e+01 5.710959351397853112e+01 5.710959351397853112e+01 5.710959351397853112e+01 7.709409561537599131e+01 9.169768735731082643e+01 9.390381614290171797e+01 1.022090303234415813e+02 9.721623527779823348e+01 8.899785108989954097e+01 8.139680965297145576e+01 6.462038939338191312e+01 8.139680965297145576e+01 8.345077411443354265e+01 7.190464025011840477e+01 5.851605816825809825e+01 3.855642642533276643e+01 3.725202385003832717e+01 4.677020786200905889e+01 6.103789123939183980e+01 5.165580552692714633e+01 6.579826186480772776e+01
4.364784840791047227e-02 1.159065323220032617e+01 2.573278885593102672e+01 4.573278885593031617e+01 4.370500498045535664e+01 4.624449367628908902e+01 4.832070666299349426e+01 4.004137479356818830e+01 2.529520583420464419e+01 3.014591821445590014e+01 3.530989516379864313e+01 4.134011410733856451e+01 4.841111039554060369e+01 5.995639534384133640e+01 7.993399359786111802e+01 8.535756171096987543e+01 7.709409561537592026e+01 7.709409561537619027e+01 7.709409561537599131e+01 8.535756171158526229e+01 9.063226306697808354e+01 7.385185767414026259e+01 8.753835497905238583e+01 9.584357703446231369e+01 8.433952129679498455e+01 7.309527510736602096e+01 5.306983693578992956e+01 7.309527510736602096e+01 7.519647094644471963e+01 5.516863746996978080e+01 4.363046494408170162e+01 3.479944174847190652e+01 5.469344066221510303e+01 6.227391779895105373e+01 6.083478226461134852e+01 7.167424201468375600e+01 6.579826176586541919e+01
5.219006137575642884e-02 2.005219006137540205e+01 2.473015388656111924e+01 2.712050010363423169e+01 2.370625856534221754e+01 2.624623858840784862e+01 3.511842590474289949e+01 2.004294853887919103e+01 4.004137479356818830e+01 5.014160083195861972e+01 4.945074772949891440e+01 6.133280979807311439e+01 6.839992186814060915e+01 7.666777466780669670e+01 8.819692098096216171e+01 9.081134700925665015e+01 8.250784282945238601e+01 8.511785496456738542e+01 9.342074732354110722e+01 9.341140632054560911e+01 7.336590937122112166e+01 6.228962393560391320e+01 6.749549018846231263e+01 8.753835497905238583e+01 7.604025448075465476e+01 5.602242123470694679e+01 4.603135334851121030e+01 6.601521354368937011e+01 7.187276853378271824e+01 6.357065133863170558e+01 5.311574958602722063e+01 3.331225279515754778e+01 4.206452472312594182e+01 6.205822702702307936e+01 7.821095054381056855e+01 8.611262752531513343e+01 8.586011322361753173e+01
