LEM/with_lateral_4open/elevation_000206.asc
nrows	100
cellsize	150.0
xllcorner	0
ncols	100
yllcorner	0
NODATA_value	-9999
[rows 68 to 84 of 100, columns 0 to 36 of 100]
5.009162696260269221e-02 1.419222725069367819e+01 3.419222725069437985e+01 4.993673838288933808e+01 5.090433304656130531e+01 5.309212985601663348e+01 6.137639976601285241e+01 6.594804501082521142e+01 4.919449220931830524e+01 6.594804501082521142e+01 6.984761705655009223e+01 5.568519593661263656e+01 3.554962879691159827e+01 5.306845792656169891e+01 4.452012309383512445e+01 5.620457483818348265e+01 7.641309505553134329e+01 7.922245712992705080e+01 7.072363045461354147e+01 7.094489771537642753e+01 5.571776600566586524e+01 3.712181339162899718e+01 5.571776600795116252e+01 7.250182589936841282e+01 8.075681520746516640e+01 9.169020704332081095e+01 7.711825626106156051e+01 5.702603095836688141e+01 6.291090740940537529e+01 4.721812996664939277e+01 5.114873308199712909e+01 5.533076001881792649e+01 6.242185527626231334e+01 7.662831744922742416e+01 9.675384806025824957e+01 9.700955588046437583e+01 7.712125576582039344e+01
4.695337527364121244e-02 1.418908899900471710e+01 3.418908899900542053e+01 3.259192665183594073e+01 3.090433126877310599e+01 3.309212732055843986e+01 5.021044537874735880e+01 6.175745124581598589e+01 6.922180984264815606e+01 7.750628671962000737e+01 7.210688425655283140e+01 5.199450570711491082e+01 4.225802357070293169e+01 6.239878211956753518e+01 6.474570046812152668e+01 7.308705755408911386e+01 8.473424774633537027e+01 8.839945182182762551e+01 7.985787226713463838e+01 6.304467504037080516e+01 4.454172890637389060e+01 3.918506912714983059e+01 4.616091323988998596e+01 5.428662053335327897e+01 6.490897818318457269e+01 8.367478688907203832e+01 8.544200311521812807e+01 7.711825627222860646e+01 7.247159609571464500e+01 5.239388208249909695e+01 7.122804804058156947e+01 7.541613908838724001e+01 6.430175934652636727e+01 7.590072999836816336e+01 9.602881849098467626e+01 9.778661107554448506e+01 7.789346025037221466e+01
7.614146464036156137e-02 2.007614146464000626e+01 2.693505310498667171e+01 1.259190735407731232e+01 1.676219563521888034e+01 2.192617343016219422e+01 3.347317881457419020e+01 5.347318051011925633e+01 6.719782598888046721e+01 7.874483235627992883e+01 8.040685966512664606e+01 7.070892007565340975e+01 5.651161746558213395e+01 5.651161746558213395e+01 7.073877022898025757e+01 9.079005262450311875e+01 9.393344011341045530e+01 7.479080724956595816e+01 6.138860561347090794e+01 5.311895016140717729e+01 6.062151793587776893e+01 4.216530583953814215e+01 4.424270463990227142e+01 6.271338255682596241e+01 7.240447498610413390e+01 8.034539032210669518e+01 9.136812161378739461e+01 9.205480791408157870e+01 7.237085090967012491e+01 5.844103069635964687e+01 7.853575848869699882e+01 9.272983825968424298e+01 7.434376709820000428e+01 9.272983825968424298e+01 1.043402055361381571e+02 1.060603019074105333e+02 9.456123695315838518e+01
2.352828262072655108e-02 3.453499985470910527e+00 6.935053104584882888e+00 2.693500081595373530e+01 3.090433119465590650e+01 4.192617414740333004e+01 3.135426384599407967e+01 3.891355330622391762e+01 5.046055869948277461e+01 7.046056383797581191e+01 6.616537726275615228e+01 7.444514268672614321e+01 7.661165487114243433e+01 7.661165487114243433e+01 7.566660251211688148e+01 7.784998684437803718e+01 8.612444002879459504e+01 8.839945182182762551e+01 7.985787226713463838e+01 7.189649418016662707e+01 6.361741381464413081e+01 4.514947131119320289e+01 6.271338255682596241e+01 4.947115402365309933e+01 5.360851805613567933e+01 6.436805523241329752e+01 8.338242856393117108e+01 9.540637094947267371e+01 8.684003250357142178e+01 6.847490864348300477e+01 7.264088404610542682e+01 9.276724431648803204e+01 8.857901434619682846e+01 1.027855144814185735e+02 9.868361821866508876e+01 9.042479514954649744e+01 8.340570611651727972e+01
6.786455232800275850e-02 2.006786455232764865e+01 2.693505308826302880e+01 2.107718876095518823e+01 4.107720038168535126e+01 5.918729248426397049e+01 5.135426520285379581e+01 5.891355548747295501e+01 6.719782598888046721e+01 6.304068587801081947e+01 4.651004271176417149e+01 6.304068587801081947e+01 7.385106117546685311e+01 6.559960195580072195e+01 5.585043238345347305e+01 5.801459134402755069e+01 7.688797389740265942e+01 8.685347015185732289e+01 9.317896256505777330e+01 8.210235852948270008e+01 6.671128492805409849e+01 4.814805824759408637e+01 6.671128492805409849e+01 5.863665418001529872e+01 7.240447500387305979e+01 6.116012940276691978e+01 6.831368069330912363e+01 8.739343864581464061e+01 9.692327081844729264e+01 8.269843836362926481e+01 9.276724431648803204e+01 1.010896278004709217e+02 1.086987731527350576e+02 1.045017748824248258e+02 8.459391922693704657e+01 7.057181333751820773e+01 6.355758540732022510e+01
3.257643153035955086e-02 1.417471205526118361e+01 3.417471205526047129e+01 4.107720768786663967e+01 4.936186232523554196e+01 5.261072371204670617e+01 6.129338830344016742e+01 6.070312829347500383e+01 5.247023055402143399e+01 5.481736456872876317e+01 3.625296996572601671e+01 4.963725369721499447e+01 5.855063221478690849e+01 4.607906543446794956e+01 4.227422191465335999e+01 4.891692360285080099e+01 5.866679023420132211e+01 7.857489189179383970e+01 8.515619045605573945e+01 6.604693459504564146e+01 5.522605285017944965e+01 5.213298566477372020e+01 7.090993943128262345e+01 7.754396954398399089e+01 7.754396954398399089e+01 7.458231805290337491e+01 8.017204512660084958e+01 8.178463491475622504e+01 1.009342886820244587e+02 1.028360502692200384e+02 1.031748544184912078e+02 9.491076701619816447e+01 9.750175427843966247e+01 1.057645647763263952e+02 9.042479514954649744e+01 9.042479514954649744e+01 8.340570611651727972e+01
1.880098487986705744e-02 1.416093660861094250e+01 3.416093660865197990e+01 4.593009094047253882e+01 3.702331123730485274e+01 3.056679361165478781e+01 5.261072371204670617e+01 5.247023055402087977e+01 3.291547147803762385e+01 3.864292780692348828e+01 3.538661451101792466e+01 2.824621985024653270e+01 4.652640326599708942e+01 3.528264489228859446e+01 5.432941494048331066e+01 6.862084106299751340e+01 7.688797389740265942e+01 8.685347015185732289e+01 8.433615683179328926e+01 6.522994390314931934e+01 7.412345644068818729e+01 5.639148728829731283e+01 6.977817221428009020e+01 8.892891109742551237e+01 9.663926409702838782e+01 9.366684003788526525e+01 9.932994827211885536e+01 1.009342886820244587e+02 1.091021779915980829e+02 9.870337179665247618e+01 9.043706407157011995e+01 7.492568384010175464e+01 7.751979286940280645e+01 9.750175427843966247e+01 1.103489572909566760e+02 9.416675155315344625e+01 8.269495064956078068e+01
2.900726248362994752e-02 2.002900726246661733e+01 3.501559894664622163e+01 2.606165267904000515e+01 1.513671743485536325e+01 3.698096177710057475e+01 4.151986607568223775e+01 4.311510781327866937e+01 3.516487051609470171e+01 1.927792437118561963e+01 2.189144979756170883e+01 2.501567263615642034e+01 2.893377663247177622e+01 3.546100381775682564e+01 4.203377197452476821e+01 5.054161877091971888e+01 6.189699078040466418e+01 8.184102880569791694e+01 9.235446315361265590e+01 7.476644675110109972e+01 8.337385091845959550e+01 6.977817221447213569e+01 6.405579403562478547e+01 7.129835015230095507e+01 8.088357692916522979e+01 9.434325839661852342e+01 1.136414739333787622e+02 1.041508933690303991e+02 9.592122167688515333e+01 9.043706407157011995e+01 7.044885175084129969e+01 6.337791063227966504e+01 8.250219977655773107e+01 9.077222312944930138e+01 1.023050174478026975e+02 8.591664775007353683e+01 6.606669290855263910e+01
5.081304048347550645e-02 2.005081304034452572e+01 2.285561911040585414e+01 4.886310848891903369e+00 2.502899278121982363e+01 2.807748803034900220e+01 2.348496663615100033e+01 3.182343299484952936e+01 1.573022458755407627e+01 3.516487051609817627e+01 4.135135747408178730e+01 4.478938064374381156e+01 3.370717409517546059e+01 5.302766612659835488e+01 6.147833984431425591e+01 6.972647376446258249e+01 7.859899524815089933e+01 9.012167386723275797e+01 1.019736687344491202e+02 8.827034344406524724e+01 9.696948927664911366e+01 7.968625872181128500e+01 8.320487283560439096e+01 9.043957589378209150e+01 9.847757481955689229e+01 1.081000517847429165e+02 1.043979242303682895e+02 9.270797657308666828e+01 7.591770919326788203e+01 8.834148131997802977e+01 7.630326359578643292e+01 5.630687547721637998e+01 6.250879833707221422e+01 7.405555605936783081e+01 9.404052967095552162e+01 9.217897162114275034e+01 7.231592516887685917e+01
4.469920835086939326e-02 1.448424021038060783e+00 2.855619110498641700e+00 1.857982086873192173e+01 6.982869155904952052e+00 8.473557177952587338e+00 9.981043576168776355e+00 1.233718869412405539e+01 3.185499648334286960e+01 3.157918753271698620e+01 5.111933017152517067e+01 5.302766612659836198e+01 4.730516802783414221e+01 4.585864395584323461e+01 5.956031662792063486e+01 7.937474087885436802e+01 8.779023013380243867e+01 8.779023343028302406e+01 9.605072036320083839e+01 1.075112241010170635e+02 1.069602917551933103e+02 9.886090892724685375e+01 9.285172471291950558e+01 8.435291285174051268e+01 9.285172471291950558e+01 9.807783057272916949e+01 9.599593430907046354e+01 7.591841615013456135e+01 6.436523036749723303e+01 6.850150133225750437e+01 6.936218513945001973e+01 5.096461773835154219e+01 7.095900407345453687e+01 8.910340170807897664e+01 8.571985072975877529e+01 9.398815139855241796e+01 8.637608857656549333e+01
2.324776005098762310e-02 2.002324776005063356e+01 2.285561911041859418e+01 1.663575569484296679e+01 2.661641328899723646e+01 2.236671060033750180e+01 2.955438422924792263e+01 1.251624557623334510e+01 2.622776526364006600e+01 4.600961901448039981e+01 5.934124038371071919e+01 7.266213329788507735e+01 6.684299864728920682e+01 6.536382712571197828e+01 7.360333549854793489e+01 8.195388585914406576e+01 6.785775549282841723e+01 6.785775550069604378e+01 8.779023079080332082e+01 1.034279471050727324e+02 9.585971993433835792e+01 8.779741486890807778e+01 8.268271529716689372e+01 6.408942264960526813e+01 8.268271529716689372e+01 7.763443708777619179e+01 9.211304092356988349e+01 8.590413066959487765e+01 6.591277129721257211e+01 5.436580807677252380e+01 4.937022823390311999e+01 4.670625118645994434e+01 6.084059731451885966e+01 7.158534798133896970e+01 6.573064524554369825e+01 8.571985072975877529e+01 8.421000242738894315e+01
8.699724428260374731e-02 1.422913286805682453e+01 3.422913313019447656e+01 3.563689716073708524e+01 3.563689708046396021e+01 4.186452538959012770e+01 3.403424281968079157e+01 1.421607087732446040e+01 2.567280050013637549e+01 3.967006913104696508e+01 5.941999581818980403e+01 6.319047763568416798e+01 6.659055433017196890e+01 6.974788914040782117e+01 6.149099065098607753e+01 6.555442564111167769e+01 5.375353730691765719e+01 6.372716605311631355e+01 7.524503818096484054e+01 9.516571203424807379e+01 8.456334905203245000e+01 6.818937532745550811e+01 7.422116775067284777e+01 5.407691418325259747e+01 7.080747106925979040e+01 6.336035284932876976e+01 8.362216840905401227e+01 9.412530819243293934e+01 8.269175625445696198e+01 7.438494293866659746e+01 6.269819950426776245e+01 4.271391658559172555e+01 6.269819950379675788e+01 5.159380658249627771e+01 7.158534798133896970e+01 8.229821975311836013e+01 7.596479848425852310e+01
2.249585233037712170e-02 2.002249578160005683e+01 3.328700761256941831e+01 4.483401665226396915e+01 5.485521737505571593e+01 5.007433123512011974e+01 3.034717024963619991e+01 1.607010981792893034e+01 3.612512242225101744e+01 4.741024265737475218e+01 5.742303860586098807e+01 4.339778521795371091e+01 4.673604498681068975e+01 5.608773865948803916e+01 4.163817515471520636e+01 4.564772996268450811e+01 5.558373228240260033e+01 6.710067269453273298e+01 8.703312979924776016e+01 8.559697940927388515e+01 7.575493407459565276e+01 5.670869514739151640e+01 6.709909860094072087e+01 4.701103767299991176e+01 5.068592087091602139e+01 7.080747106925979040e+01 7.618783662300526771e+01 8.447606701265630136e+01 9.369567349467038753e+01 7.388678510279100919e+01 5.389672456244820609e+01 3.977072234153907715e+01 5.587023383971548185e+01 4.404381555889735012e+01 5.403340758693967416e+01 7.402510353561912382e+01 7.338521475685274709e+01
2.739267172789772165e-03 5.002739267172810145e+00 1.654974465096552905e+01 3.654974465618841606e+01 5.336204563189198780e+01 5.007433291085716576e+01 3.034717025023704906e+01 3.612512242225101744e+01 1.927803824035714797e+01 3.922084667189001550e+01 4.472832894329708608e+01 2.967347983060868089e+01 3.292253672777228246e+01 3.633361896011204095e+01 5.608773865948803916e+01 6.555442846771526888e+01 5.822585208095011211e+01 7.816514577783198092e+01 9.529215889835828079e+01 7.751289632845271171e+01 5.775947142142980084e+01 4.778018067765208343e+01 5.916955566369851738e+01 4.069406745157298388e+01 6.074669597008793431e+01 7.292861959539460770e+01 5.619071300874571051e+01 7.292861959539460770e+01 8.542729360868996480e+01 6.543854653129223209e+01 5.389672456244820609e+01 5.587023383971546764e+01 3.588986426515891281e+01 5.001601329952573849e+01 7.000357191842236659e+01 8.229821975311836013e+01 8.162878122919613588e+01
8.327778614586213435e-02 2.008327778614550851e+01 1.353076792139730422e+01 2.507777330519002490e+01 4.507777331429549861e+01 5.829749621428554462e+01 5.007433297536081085e+01 3.560809346816011356e+01 3.922084667188686780e+01 2.274758156670680265e+01 2.527203376550847835e+01 2.950277850000604118e+01 3.864699136622792253e+01 5.441524525002166257e+01 6.363206577700798761e+01 7.500933977278604914e+01 7.816514593589057824e+01 7.816514593589059245e+01 9.809517869614576568e+01 8.559697940927388515e+01 7.316545976871661594e+01 5.337226236572647053e+01 3.926133929795869193e+01 3.622513618821476200e+01 5.629666681395447370e+01 6.464249192129427968e+01 4.465148900222953898e+01 6.464249192129427968e+01 7.740472851167859858e+01 7.765787212263350625e+01 6.764277930981431552e+01 5.348212290419304082e+01 3.349751788883524739e+01 4.762825830783668124e+01 6.761460250861510701e+01 7.290480267688489846e+01 8.117553982478543162e+01
6.510866554257997707e-02 2.006510866554222616e+01 3.353076792524576888e+01 2.507777330519002490e+01 3.921990892893752090e+01 5.921990895996909643e+01 6.353227827854064458e+01 5.529575499509861913e+01 5.060579939884874534e+01 3.303310246283466967e+01 4.472832894329709319e+01 3.499701619142716424e+01 3.528639513685943285e+01 4.008699324341692716e+01 4.636544813124949371e+01 6.679020987811459520e+01 8.519468248721643988e+01 9.524190465976091957e+01 9.077080932401487701e+01 8.076927046209216599e+01 7.248221425338353185e+01 5.729257604112416402e+01 3.730547769779207812e+01 3.195888277911656061e+01 4.803016287541150575e+01 4.941377698400376772e+01 3.758474039827578395e+01 4.912441029783602175e+01 6.911778576707099830e+01 6.933327797353065591e+01 4.932318963223180930e+01 3.933331197184641326e+01 3.116761202693129817e+01 5.115895975992979317e+01 6.026293304372205739e+01 5.291625171502899150e+01 6.705169027296355466e+01
8.953482861371392376e-02 1.423167045234478856e+01 3.423167045234549022e+01 4.507777331429549861e+01 4.507777331429549861e+01 6.507777346011644681e+01 6.239117114643536866e+01 6.824881680548550378e+01 6.195222945666368730e+01 5.370019552455943312e+01 4.486513185803474357e+01 5.326901183460244482e+01 5.118160659667835688e+01 5.465888593162643616e+01 6.062622232093065122e+01 5.670125193855448487e+01 6.682406893858481567e+01 8.693426669676480856e+01 8.248224298901780571e+01 6.248218551774917984e+01 5.248620355258767489e+01 4.582561874548798642e+01 5.729257604112416402e+01 4.803016287541150575e+01 2.802967215039252125e+01 2.941595025462138224e+01 4.941377698400376772e+01 5.507906259164738572e+01 6.336536216309501413e+01 7.755659773155284142e+01 6.303970544300862855e+01 4.309615822573888977e+01 2.895257662062847359e+01 3.450817257640944291e+01 4.027931660744543052e+01 5.181468561358427394e+01 7.180345365074688857e+01
