LEM/with_lateral_4open/elevation_000324.asc
nrows	100
cellsize	150.0
xllcorner	0
ncols	100
yllcorner	0
NODATA_value	-9999
[rows 68 to 84 of 100, columns 37 to 73 of 100]
7.206081986888351310e+01 5.223373081205907198e+01 7.206081986888364099e+01 8.924447585218335632e+01 8.599093601819767230e+01 9.429814188162021082e+01 8.910269370132759548e+01 7.271526159311117965e+01 5.299797939681823777e+01 6.564508963896662408e+01 4.990955612038582956e+01 6.973470574623148366e+01 8.773783731486076931e+01 9.669127440847945820e+01 1.052510800001048636e+02 1.019124951846680318e+02 8.988671673249058358e+01 6.987762828169833540e+01 8.281243566803220801e+01 1.028365583991085401e+02 1.035510952814465924e+02 9.533224213614010978e+01 1.035510952814466066e+02 1.044626883396181398e+02 9.432273325245452611e+01 8.588636533060514466e+01 8.338633289382276814e+01 7.444510110137497350e+01 6.611860472264550026e+01 5.631034136319880190e+01 3.603284761064743691e+01 5.631034136319880190e+01 6.217349419627027629e+01 5.850064236099358794e+01 7.851749702603069636e+01 7.477385511322994205e+01 6.891247330690418949e+01
5.640222789430921324e+01 4.775954494702079955e+01 6.707880042184639535e+01 8.117009160835793580e+01 6.610225832094435816e+01 8.278722061985614289e+01 9.052510808731933878e+01 7.574928143842046779e+01 5.762535750074881946e+01 4.600147729560178078e+01 6.564508963925352703e+01 5.949366318891389227e+01 6.837802585802390354e+01 8.251617459152586775e+01 1.025488691375457364e+02 9.360531183708162928e+01 7.359171269464144416e+01 6.280826379654055813e+01 7.695003227155272896e+01 9.696553567956482311e+01 1.018050954428618127e+02 9.349809712198113232e+01 1.018050980289366265e+02 9.599016633383396879e+01 7.578256432737627790e+01 6.582849463367196563e+01 7.585742998213851251e+01 7.139964764692209087e+01 6.716199180250224288e+01 5.884995839580461308e+01 3.885368776302085791e+01 5.301787053964871177e+01 7.291604610904207107e+01 7.851748910722896824e+01 8.379351502959423215e+01 7.400367495051114020e+01 6.584621939533964508e+01
4.808348421428543418e+01 4.450021396046134470e+01 4.204902172817809003e+01 6.288633545845793549e+01 5.479418041263802763e+01 7.450820259586286909e+01 7.056690765691536171e+01 7.056690765691534750e+01 6.321892510700622125e+01 4.374696852154742999e+01 4.971262905948087507e+01 6.946525336309545651e+01 8.773784151387209818e+01 9.669127882965106835e+01 1.040929229974400840e+02 9.141422910943560964e+01 7.140317431447188312e+01 5.726955079591687792e+01 7.726427656522118070e+01 9.524211752915675788e+01 9.179288172814042923e+01 7.348627931605420827e+01 9.179288214088431630e+01 1.044626883396181398e+02 9.432273325245452611e+01 7.585742998213851251e+01 5.592162132125485385e+01 5.152327988954765914e+01 4.734115887865830530e+01 4.383352917060616960e+01 4.369831738180479164e+01 5.044656306825168457e+01 6.186802267925435928e+01 8.182132804259832426e+01 7.558877184159651108e+01 5.610366695164785966e+01 4.631251725196189994e+01
5.069367287012423873e+01 4.542831774584071525e+01 4.064747159950641020e+01 4.383441664659430614e+01 6.312630044408106045e+01 7.438855887203639838e+01 7.056690765691534750e+01 5.087679140867835059e+01 5.811378470933166795e+01 4.169419313920118952e+01 4.875197838778567672e+01 6.242908668968315311e+01 8.218633597528517498e+01 9.824030691981153041e+01 8.407288603860347109e+01 8.693962110224390472e+01 6.693373012340313721e+01 5.281800267923763670e+01 6.693373012056817117e+01 8.178711870679870799e+01 7.349235452525017820e+01 6.349252084211813951e+01 8.349218821422719827e+01 1.002168247614609129e+02 7.995049467930712694e+01 6.582849463367196563e+01 7.585742998213851251e+01 5.787180401628090465e+01 6.716199180250224288e+01 6.365813046019784593e+01 4.849736988861761944e+01 6.831188456171368273e+01 7.028536309404996985e+01 8.986266721296865967e+01 8.379351532013865267e+01 7.400367495051114020e+01 6.584621939533964508e+01
6.455688166698102748e+01 6.491997044431980157e+01 5.666025540435450836e+01 3.758623615412932395e+01 5.625395351744988659e+01 5.382245173563576657e+01 5.351329813354733744e+01 5.537387029604992250e+01 3.893438381636619283e+01 4.746875278997630687e+01 6.569073961306887099e+01 6.242908668968315311e+01 8.218633597528517498e+01 8.993661910424134476e+01 6.995287466825294587e+01 7.729778938495336149e+01 6.879825630297452221e+01 4.885698439233988921e+01 6.337092012324177404e+01 6.620094702329966196e+01 5.352401339423478532e+01 6.763311982086757723e+01 8.763779841369785117e+01 1.002168247614609129e+02 7.995049467930712694e+01 8.588636533060514466e+01 7.412740240849311135e+01 7.192819366692981475e+01 8.622954941473679469e+01 7.538438993450114367e+01 5.545231137059144544e+01 5.903638203087985659e+01 7.900184511440529889e+01 9.829629663659778771e+01 8.617045762155585464e+01 7.637248476017677490e+01 6.820241198385097903e+01
8.443813417902568119e+01 6.835898175771416163e+01 4.885490075874564297e+01 3.554190370640906593e+01 5.166831415430257834e+01 4.974714116127697139e+01 3.447049917403798247e+01 3.630867895038743143e+01 4.711206304235339104e+01 6.497680296942392886e+01 7.622520531107547015e+01 8.218633597528517498e+01 9.046402301306362403e+01 9.143113987130521991e+01 7.144356393173397635e+01 5.739690668321935618e+01 6.839784407828803126e+01 6.337092930595179041e+01 4.350317811333417239e+01 4.629803920363154646e+01 6.620094702329966196e+01 7.349235452525016399e+01 9.350511256869000931e+01 1.086949718256017547e+02 1.002168247614609129e+02 1.027613896655994523e+02 9.430579732987523300e+01 9.207892718318312575e+01 9.185014645065145089e+01 7.168379560391375094e+01 6.689267039830845363e+01 7.900184511440529889e+01 7.310190847974769213e+01 9.324555215493745663e+01 7.794721855479782846e+01 5.845760541290415802e+01 4.872566236987255905e+01
7.368198118242018779e+01 6.750221998759940334e+01 5.600120008864324461e+01 3.666353882754442850e+01 3.263756317915598260e+01 3.185980845122361416e+01 5.093272388900013681e+01 5.537387028608996076e+01 6.356932466820827443e+01 6.665970888553006546e+01 8.657164645890657084e+01 9.173336831519961265e+01 8.345705203032282782e+01 8.345705203032282782e+01 8.558978263513066054e+01 6.839784407828805968e+01 4.864080072561228718e+01 5.974359086637511496e+01 3.994745453474602215e+01 5.974359086304356481e+01 7.448965560342973902e+01 7.994667735827934507e+01 8.824033449108384275e+01 1.008767010383444784e+02 9.256462294355395670e+01 1.008767010383444784e+02 9.463413599151805045e+01 8.630329596403666415e+01 9.463413599151805045e+01 9.185014645065145089e+01 8.698398256842028786e+01 9.545593434958892942e+01 9.324555215493745663e+01 1.016585571836586865e+02 8.617045762155585464e+01 7.637248476017677490e+01 6.634934851972390391e+01
5.413986041086310053e+01 4.808341397065254341e+01 4.267191742676357080e+01 5.435426664649180140e+01 4.910073562700144123e+01 2.997801192173314178e+01 4.733574025403679286e+01 5.543181958946743038e+01 6.725929529915208605e+01 6.596237555655972074e+01 7.429504652496329697e+01 8.345705203032282782e+01 6.350735823874767760e+01 6.350735823874767760e+01 7.762036327697367710e+01 7.328370484857367728e+01 5.769958396554901725e+01 4.107011280587984459e+01 3.725372810225075426e+01 5.699836068946112277e+01 6.585972796886257186e+01 6.002472247930284510e+01 7.994667735827934507e+01 9.085896633818296664e+01 7.254226848389662052e+01 9.085896633818296664e+01 8.460258041847737331e+01 6.626061210533117674e+01 8.460258041847737331e+01 8.149652747241520956e+01 8.982239621087653347e+01 8.752188884393007129e+01 9.585368752855103480e+01 1.043551775595544626e+02 9.629144917684332938e+01 7.653135305081711692e+01 6.276026221709552999e+01
7.368198118242018779e+01 5.617317849543010055e+01 5.617317849543010055e+01 6.188922967526703900e+01 4.346874818034901722e+01 4.667133921808552088e+01 2.807353345019028978e+01 3.988408362222055814e+01 5.011353829805517535e+01 4.656486330231808779e+01 6.509546859427102561e+01 7.501280905141862831e+01 6.935048826770497499e+01 4.950037049376683029e+01 5.999305301083605713e+01 6.469385672733606896e+01 4.442282298257872242e+01 3.609710137575632416e+01 3.459618232349999545e+01 4.012952162158033786e+01 4.606792759625520262e+01 5.744564684187450609e+01 7.735357653783161425e+01 8.255344571372532414e+01 6.254152764824654298e+01 8.255344571372532414e+01 7.628195403468397728e+01 5.625797768237018914e+01 7.628195403468397728e+01 6.146196885801893472e+01 7.824430022724787648e+01 6.747500215439093552e+01 7.594781341731068380e+01 9.153658657956535194e+01 9.987222483063959544e+01 8.635799300872955087e+01 6.674999072704639502e+01
7.571379836618881143e+01 7.571379836618879722e+01 7.571379836627183124e+01 7.130391471820752258e+01 6.357375192551786114e+01 5.543540484217526654e+01 4.555112262313532057e+01 2.615919212563454721e+01 3.163539788629088534e+01 3.803266142865476240e+01 4.696233429708232165e+01 6.664486229564209907e+01 7.405267618857745049e+01 5.416936640876046738e+01 4.028341005199680325e+01 4.959876640463051700e+01 4.796828767863027565e+01 3.121021601140628121e+01 4.160671848789409211e+01 5.830072264499242607e+01 6.585972796886257186e+01 7.413252848519321958e+01 8.564477389886060621e+01 7.588280635856575884e+01 5.587444625015933042e+01 7.588280635856575884e+01 6.960729525057938361e+01 4.959063072748597278e+01 6.928494852349598432e+01 4.991234974944459424e+01 6.524430882376510965e+01 5.592338990390638997e+01 7.594781341731068380e+01 7.148074537676876616e+01 9.153658657956535194e+01 9.462131611680250387e+01 8.635799300872955087e+01
9.023634355571292076e+01 6.986314038339669708e+01 6.986314038338849741e+01 6.320041737077764310e+01 5.670680382761747751e+01 4.807324613165621230e+01 4.317505044543243287e+01 2.484093938124570755e+01 4.432139029343628778e+01 5.670507385050758842e+01 6.509546859426755816e+01 7.501280905141786093e+01 7.227990228476642187e+01 6.824703234923677542e+01 5.254350819669839723e+01 3.290893230003388936e+01 2.820059309384576096e+01 4.796828767863027565e+01 5.663139887348934565e+01 6.371112357107082858e+01 7.219123251684861486e+01 8.207267911981961106e+01 8.479638063574014950e+01 7.010689031125001236e+01 5.010052896245779408e+01 7.010689031125004078e+01 6.357204382119174824e+01 4.356032314012973927e+01 5.572280117615053285e+01 4.096793130882647205e+01 4.523165538155986809e+01 5.100557737678234105e+01 5.733082608680192749e+01 6.888163703113154668e+01 8.892974688154899354e+01 9.631211536658122441e+01 8.798116687998415841e+01
8.433601196699787295e+01 6.386828068698499550e+01 4.879376024475152462e+01 4.189180772977540101e+01 4.807384879711605663e+01 2.696835122328497647e+01 2.298632932353541136e+01 3.505916333603177293e+01 4.205069707987989602e+01 4.761095749228419294e+01 6.741799928020681421e+01 6.647508399647566080e+01 5.238399874043842175e+01 6.321620068973989248e+01 4.337763220025808408e+01 4.337763220025807698e+01 2.607183862981922928e+01 3.170849159608958701e+01 3.756201157223755871e+01 4.427066786094809459e+01 5.412372751624535283e+01 7.381659372703818178e+01 7.649403778450246705e+01 5.648405705372931607e+01 4.493653123000242999e+01 5.845087571037569774e+01 6.674513838715752456e+01 5.572280118380036384e+01 3.571739965149664187e+01 5.572280118380036384e+01 6.524430882376510965e+01 7.102277646467319983e+01 7.735496526266733497e+01 8.567648510370422343e+01 9.726321633529244082e+01 8.798116687998415841e+01 6.788088003197840692e+01
8.654113966595986085e+01 6.611484557956748631e+01 6.986314038339654076e+01 5.450121391268390170e+01 3.318405543373296496e+01 4.807324613023278914e+01 4.128907712092097171e+01 2.124874452229824229e+01 2.955773509599906390e+01 4.707843415286334476e+01 5.912969123135582095e+01 5.821137397073857755e+01 3.839319806391693390e+01 4.567725898365271320e+01 4.098794326746359218e+01 2.345559372301671530e+01 2.930645489189013020e+01 4.908065814356724843e+01 5.733159901918317303e+01 6.397016062164171757e+01 7.219123251684861486e+01 8.207267911981961106e+01 7.294496223885315089e+01 5.293740890913838371e+01 4.477222704352818283e+01 3.844890219312009094e+01 5.345038233106179604e+01 5.277316564821331468e+01 3.277131038187096124e+01 5.277311235320787119e+01 6.190654678837515945e+01 6.896313240640181164e+01 7.721954567307464856e+01 8.872563739901256952e+01 9.232098812080305095e+01 8.404779843996193733e+01 7.376811774596450277e+01
9.487724125647633855e+01 7.867148295492989973e+01 5.797446504404688739e+01 4.555493798976372233e+01 4.833085206354822105e+01 5.530745165498395721e+01 3.548271014448127403e+01 3.961968835705733483e+01 1.956756894956307491e+01 3.123121364388986265e+01 5.100664439315526977e+01 5.869649137707650510e+01 4.567725898365271320e+01 2.579678588857211352e+01 2.099936909942779906e+01 4.098794326746359218e+01 4.908065814350902656e+01 3.862958930617477193e+01 4.743096672887103438e+01 5.886373522389786928e+01 7.876715663579858528e+01 8.710056136528621096e+01 6.708152109716782263e+01 6.477691279563246951e+01 6.477691279563246951e+01 5.345038233106179604e+01 3.345240147727810864e+01 4.880094622326885911e+01 2.991844874639663487e+01 3.561342159065025470e+01 4.193469214272619894e+01 4.900437407071808593e+01 6.054158373680529337e+01 8.046718182827780197e+01 8.404779843996193733e+01 6.400009748137136967e+01 6.795575902865425633e+01
9.050108193035005399e+01 8.703634180540419152e+01 7.517188029692798068e+01 6.672205409265853859e+01 6.939778517361675370e+01 6.356260916323252985e+01 5.530721139462680469e+01 3.846168937186097736e+01 1.841364508841913761e+01 3.683410397628587418e+01 3.572557810766783604e+01 4.395880299350741893e+01 3.056402752154789937e+01 1.861521122475864942e+01 3.864205066125776256e+01 3.518088319407524978e+01 5.500914070825283630e+01 5.258206924975072383e+01 6.664289138910604038e+01 7.552793192489866669e+01 8.702452704326344701e+01 9.540901803766868738e+01 8.710056136528621096e+01 8.479657784829115030e+01 7.346207184680659452e+01 5.345038233106180314e+01 4.880094622326885911e+01 2.880899965944480101e+01 2.709562394622205517e+01 4.121483685832765786e+01 6.098287225960512359e+01 6.896313240640181164e+01 7.721954567307464856e+01 8.473908518473021445e+01 8.404779843996193733e+01 6.400009748137136967e+01 4.984274798561558129e+01
9.263484960501048704e+01 9.850501734394383391e+01 9.072140632198450305e+01 7.922078208942328104e+01 7.095361346115072365e+01 6.349608397674652593e+01 5.467865941797215612e+01 3.438806911846845082e+01 1.939979993783755674e+01 1.678855127600220598e+01 1.569326584684977277e+01 3.415913727471317429e+01 1.622894780675721549e+01 3.638736814168408529e+01 4.688083031453248140e+01 5.500860303248603600e+01 6.327029384915713450e+01 7.244908034969218136e+01 7.616706287767178196e+01 8.446676631593192042e+01 9.219676968407407003e+01 8.388919996358953313e+01 8.341893887802591223e+01 7.755012816942108600e+01 7.560229872013925956e+01 5.559044822939080888e+01 4.144905445834183411e+01 4.458627790214291053e+01 2.460061414893975851e+01 3.870953612764379415e+01 5.847153132167549927e+01 7.302872139030222343e+01 6.473553732973027763e+01 6.473553732973027763e+01 8.302760160264357125e+01 7.816054280108723162e+01 6.856328249134192276e+01
7.257689074694600606e+01 7.845173087971237180e+01 8.243214493130160747e+01 6.255074522872196496e+01 5.121761811384185847e+01 4.379521838131038436e+01 4.691533663108165086e+01 2.609534478376384925e+01 4.033102475014988642e+01 3.683356991283333315e+01 3.416606022021107947e+01 1.420678044104958992e+01 1.435092380983326166e+01 3.862996847344360418e+01 4.701638557950084163e+01 5.148758214187857618e+01 5.647780829948196413e+01 6.223609059899415996e+01 5.646569294412228857e+01 7.616706287767178196e+01 8.063311319232326468e+01 6.387171171846227935e+01 6.339921795216113765e+01 5.753771902024814722e+01 7.169589975012807770e+01 6.974762035798329407e+01 6.145178293036834560e+01 4.270617041412040038e+01 2.272141519392567588e+01 3.685186278762937917e+01 5.688456621739015162e+01 5.531853111381560240e+01 4.475905046848296109e+01 5.474649759296944751e+01 6.886289652754669532e+01 8.887592572190885676e+01 7.680984545783962858e+01
