LEM/with_lateral_4open/elevation_000474.asc
nrows	100
cellsize	150.0
xllcorner	0
ncols	100
yllcorner	0
NODATA_value	-9999
[rows 34 to 50 of 100, columns 0 to 36 of 100]
2.064481644892168788e-02 1.071821478904199765e+00 2.124453057851862336e+00 3.181485903022437167e+00 4.269342489595002732e+00 2.430280585231429669e+01 2.706645350148553675e+01 1.971120000311265130e+01 3.105389829989282902e+01 1.504584363408782721e+01 2.670123197754166711e+01 4.690552406499391935e+01 4.644278431655704509e+01 3.237346681593993480e+01 2.171604865845075949e+01 2.486592438340028011e+01 4.580050006500683679e+01 5.936846993564629571e+01 6.943390450253512824e+01 8.135357344282398628e+01 7.294439737877651453e+01 5.998820165471050814e+01 6.426809884846731791e+01 8.476485541404431956e+01 8.154703455530193423e+01 6.298227980022341654e+01 6.456883714667064567e+01 8.493345262926541750e+01 9.514674517758255945e+01 1.052127999626752910e+02 1.127959643164744961e+02 1.045213441411306547e+02 1.045213441411306547e+02 9.459431086289808377e+01 7.455302317888990160e+01 6.296543248971062212e+01 5.475955486887724533e+01
2.905961989428186565e-02 1.552151083151370337e+01 2.173996216447381613e+01 8.034056036200464490e+00 2.439408512029841347e+01 2.075879617517176357e+01 4.114923586887506701e+01 3.381826916435494468e+01 3.814461727511374534e+01 1.808866844640929372e+01 3.831069042593427554e+01 5.520479257785936511e+01 6.122231366682762399e+01 4.757596734045939257e+01 2.670758613139570059e+01 4.580050006500683679e+01 3.033181182415670918e+01 4.096455635118863370e+01 5.532365129003022020e+01 7.528466029358247624e+01 8.892438358325489389e+01 7.460068469919778522e+01 8.476485541404431956e+01 9.311969785472089711e+01 9.170043607938812613e+01 7.745532682553135828e+01 7.639542309192864877e+01 9.326025811770635698e+01 1.057985485782281927e+02 9.737975544851541088e+01 1.057985485782281927e+02 1.002922147646693531e+02 1.025106821469225764e+02 1.028771650603534766e+02 9.131388255839001999e+01 7.483480930684358157e+01 6.480716848759493587e+01
3.542675937824442400e-02 1.237580310742623269e+01 2.845590725052280590e+01 2.817387573022778113e+01 1.536646173469784671e+01 3.556970660013510610e+01 4.967503245764322628e+01 5.380816739543314497e+01 4.150963622170409195e+01 2.127773469349364532e+01 4.150963595972618947e+01 5.467706622520143611e+01 6.623356747825978630e+01 5.308034004776791193e+01 3.248482682835241064e+01 5.308034545178026065e+01 5.106732590951676798e+01 3.659960854296686961e+01 5.693872231527787164e+01 7.188431899284699966e+01 8.339097290024615461e+01 9.492902612889119496e+01 9.726630352854125761e+01 8.938801474468434094e+01 9.726630352854125761e+01 9.764789459851331799e+01 9.659661787552934697e+01 1.048952732047363128e+02 9.573139790964084739e+01 7.732434655828916448e+01 9.082180831193677761e+01 8.020244889470903615e+01 8.239537799869123091e+01 1.025106821469225764e+02 1.031576931415140166e+02 9.315169248222478871e+01 7.899405070629563852e+01
3.411803931810562102e-02 2.003411290214117102e+01 3.572952812408784240e+01 4.361522612924981956e+01 2.966461362148642422e+01 2.440287836415967249e+01 3.871883732671983580e+01 5.881177439586742395e+01 4.979422422151080241e+01 3.561999064227861567e+01 2.620556688823113589e+01 3.792279300299647815e+01 5.800335103729568687e+01 5.918268063731095907e+01 3.894349818443866695e+01 5.918268063731095907e+01 6.520816759934699292e+01 4.848187410313877876e+01 4.355980745741612026e+01 5.520554218031598026e+01 7.513371662335531198e+01 9.403714412642808895e+01 8.765750119525642958e+01 7.008850637275389772e+01 8.765750119525642958e+01 9.665436469147299192e+01 8.851916184408777610e+01 9.665436469147299192e+01 8.735205100340222373e+01 6.737146110962461876e+01 7.081092420883381067e+01 6.611516186589612687e+01 8.020244889470903615e+01 1.002922147646693531e+02 9.854403251566355948e+01 1.007617891183008254e+02 9.903001959478714866e+01
3.327314952832965272e-02 8.300231476483917348e+00 2.264718953496084808e+01 4.270472067277241024e+01 4.982375759840520146e+01 3.610009021149299713e+01 3.871883732671983580e+01 5.881177439586742395e+01 6.396837893565272992e+01 5.015787544260987829e+01 2.998971683895321405e+01 4.426542049469870221e+01 6.394555601347786933e+01 6.626033119760447221e+01 4.624143542753528635e+01 6.626054038618757147e+01 7.674760316933735282e+01 6.849099180900897466e+01 5.182835770819662002e+01 5.435106721570239330e+01 6.587002264693948916e+01 8.577150801305560890e+01 7.973826055871916196e+01 6.018263570701233789e+01 7.973826055871916196e+01 8.677342787375377497e+01 6.870685497833287059e+01 8.677342787375377497e+01 9.082180831193677761e+01 7.081092420883381067e+01 5.669291352462234812e+01 7.667197646509463027e+01 9.446094308072358103e+01 9.271019018922213206e+01 7.845197104939344968e+01 8.064536744903772103e+01 1.007617891183008254e+02
6.779948344387334846e-02 2.006779948344351894e+01 2.852179755610382372e+01 4.856473600617684383e+01 6.443747225210658769e+01 5.622031443089112912e+01 5.881177439586742395e+01 6.701933086388694960e+01 6.834699244562344234e+01 4.832831886430470547e+01 3.406422935381974781e+01 4.572068509825624005e+01 6.566973598909436305e+01 7.450789516006385327e+01 5.784325678670676041e+01 7.451498222665387061e+01 8.802296839866291123e+01 6.811582363143362784e+01 6.593945994178686476e+01 6.845083036589987557e+01 8.253796493513881671e+01 8.684239312352870854e+01 6.738182137957012685e+01 5.357187707828384760e+01 7.321971894148344973e+01 7.861300841121038729e+01 5.879765099377692650e+01 7.861300841121038729e+01 8.830795532322822794e+01 7.241242593407210393e+01 5.239409050276839963e+01 7.241242593407210393e+01 8.375149190185109660e+01 7.541198109540228245e+01 6.438029873088011357e+01 7.845197104939344968e+01 9.854403251566355948e+01
9.516927588586144779e-03 1.415165255131966227e+01 3.415165255132036748e+01 4.251245102815889254e+01 5.080381305159252037e+01 5.701839240705035650e+01 4.869120753683986180e+01 5.701839240705035650e+01 6.861039362028067501e+01 5.879596976761161642e+01 3.872125884636586335e+01 5.873714214338505712e+01 7.368563262940358527e+01 8.378367355580645892e+01 7.775865951924238573e+01 8.601581797466434409e+01 8.651371571447033659e+01 8.802296839866291123e+01 8.584225196276830161e+01 8.835757227469341046e+01 8.626759016291342164e+01 7.819236946307863434e+01 6.746896891360808013e+01 4.769483492327734098e+01 6.746896891360808013e+01 7.200788927206581036e+01 5.235804164303884534e+01 7.200788927206581036e+01 7.995353583639291628e+01 5.995739553011760137e+01 4.836183640912854287e+01 6.314417909733342782e+01 6.787422376168845517e+01 5.546894974724218486e+01 7.541198109540228245e+01 9.271019018922213206e+01 9.935541688563741047e+01
1.945935296826603253e-02 2.001945935296791035e+01 2.718416095287131640e+01 2.251030532314825905e+01 3.513767939789759964e+01 3.973577870294133874e+01 2.866625989658108509e+01 4.021590555014284973e+01 6.026868535541270688e+01 5.879596976761161642e+01 5.879596976761161642e+01 4.662869527122387581e+01 5.560454602171298433e+01 6.975711158332129003e+01 8.964790736192709630e+01 8.061201392372689156e+01 6.645843186271534364e+01 8.061201392372689156e+01 8.606332213705276502e+01 7.672996888038902341e+01 7.490272863681326498e+01 5.842947842658163182e+01 6.252543541602543797e+01 4.282121062600512573e+01 6.252543541602543797e+01 6.633546686298895168e+01 4.702777298740827661e+01 6.633546686298895168e+01 7.907193073549991880e+01 5.902306588172830715e+01 5.902306588172830004e+01 4.309536724449698397e+01 4.784833478619143676e+01 6.787422376168845517e+01 7.801396029931594001e+01 8.018786594600854301e+01 8.842199775860140676e+01
5.600688922766024203e-02 3.591540795160390598e+00 7.183646835695871147e+00 1.096329156578747721e+01 1.513357984691965719e+01 1.972189452979195323e+01 3.973577870294133874e+01 4.500810023570738139e+01 6.507915569479877149e+01 7.874563849062322163e+01 7.420193655312192504e+01 5.421695837805750529e+01 7.420193655312192504e+01 8.378613416608610009e+01 7.723540437694904881e+01 6.895287685475240380e+01 5.225767821131044144e+01 7.164558568449793086e+01 7.375066674148820312e+01 5.565596107714195995e+01 6.635645960732654203e+01 4.666096733054062895e+01 5.523132955876763361e+01 3.812719496949607390e+01 5.800497622547239729e+01 6.135024174073598857e+01 4.249895938080763358e+01 6.135024174073598857e+01 6.353888978090711959e+01 5.522489260474038986e+01 3.909693734278190647e+01 5.100265025360465643e+01 6.649926663611553579e+01 7.212058763221067181e+01 5.800984005882491346e+01 6.020130984562518250e+01 7.522426564700454321e+01
8.215197286175310309e-02 2.008215197286139642e+01 2.718416095287131640e+01 3.096420682100087873e+01 2.927201664866361597e+01 3.385809819679588628e+01 3.386796835964774033e+01 5.392858455678270246e+01 7.342475661997831082e+01 8.726854580952857532e+01 8.240800423742614100e+01 6.837292538696735278e+01 8.240800423742614100e+01 8.313137057573182176e+01 6.307995246150095880e+01 4.895986385354254367e+01 4.342403588559269423e+01 6.335476041417781090e+01 6.344827394406117094e+01 4.396345334430017715e+01 6.298778120911261169e+01 5.526204882451170164e+01 3.422158466407906019e+01 3.334286733641376088e+01 4.930291102878626219e+01 5.107996872446241809e+01 3.848041296130045197e+01 5.690695187714673864e+01 5.160213975943229059e+01 3.537467396389572372e+01 5.522489260474038986e+01 6.604499046274490581e+01 6.892262591911401159e+01 6.068226222935651037e+01 4.346512106859346858e+01 4.929301374005524394e+01 5.526693832706970966e+01
2.613274238814250472e-02 2.002613274238778729e+01 2.479732867443212641e+01 4.483473829648674069e+01 4.917741755097650724e+01 5.372952192714626563e+01 5.392064039965062250e+01 6.228357449979004912e+01 7.550237556905307201e+01 6.688894114252023826e+01 8.125342772240809097e+01 8.827441436567639244e+01 8.259260466515517862e+01 7.256761140851411085e+01 6.427753302099856114e+01 5.630818518011603402e+01 3.657812141709881359e+01 5.630818518011603402e+01 5.502270381524061804e+01 3.423315312856584569e+01 4.511799458434524723e+01 4.181120869385554784e+01 2.667457704771409510e+01 4.352467622256301638e+01 3.468137283009419036e+01 3.300998584329369834e+01 4.780437102784109982e+01 4.808329281245632814e+01 3.184551543560103326e+01 5.160213975943229059e+01 6.353888978090711959e+01 6.590254119581146597e+01 5.760548560354101255e+01 4.036568090926189711e+01 6.068483779789219312e+01 4.724887642396222986e+01 4.999299338964042505e+01
7.532853315450405152e-02 4.789373741067878498e+00 2.478889649752225210e+01 3.866324387667850004e+01 4.567385172500415536e+01 4.584796080682084352e+01 6.603754770268962204e+01 6.950260775127557622e+01 5.511585537951934555e+01 5.246991473383157256e+01 6.688894114252023826e+01 8.726854580952857532e+01 7.431742422932325098e+01 5.423764181267393525e+01 4.432629434236041277e+01 3.785829390277136497e+01 3.176798195659096535e+01 4.603913216438679967e+01 5.425476600343290556e+01 4.521816417736877725e+01 2.417803831004263415e+01 2.215094736125967145e+01 2.303188983856345473e+01 2.394010907423243850e+01 3.320548831282854252e+01 4.504887757333241893e+01 2.745835515570562180e+01 2.840697731999707898e+01 4.807791653859815995e+01 5.779289972160577094e+01 6.295989108597514416e+01 5.465920948091416420e+01 3.761139442029764268e+01 5.760548560354096992e+01 6.896669521564852801e+01 6.750285269512447428e+01 7.009521201698235870e+01
6.101047412966256744e-02 2.006101047412930782e+01 1.234866317917815515e+01 1.867321832594862130e+01 2.574496717634499987e+01 3.993483289633478250e+01 6.016208643256094746e+01 6.108692889823738170e+01 4.079813791409254264e+01 6.108692889823738170e+01 7.271168585739495427e+01 8.444977500694612615e+01 8.259260466515517862e+01 7.256761140851411085e+01 6.427753302099856114e+01 5.744130431727370478e+01 3.769214099430877951e+01 2.649351031342617091e+01 4.127826998620765409e+01 3.936538633047639024e+01 2.090296613716294871e+01 4.058767709195244322e+01 4.268121699363179289e+01 3.705040846855195014e+01 2.522551271228667602e+01 2.614816164391724840e+01 4.129717739591603731e+01 4.767332012607158731e+01 2.985636766365717421e+01 4.954619431075210656e+01 5.212845972230929448e+01 3.502403123599007273e+01 5.465598497533998312e+01 6.587981502632574404e+01 7.264314927955793166e+01 7.264370900963488964e+01 8.100854088218898141e+01
6.842009524227352091e-02 2.006842009524191894e+01 3.234612722948398300e+01 3.234429193213802023e+01 4.584242419633134347e+01 5.425244408385269423e+01 5.707582771616309003e+01 4.867056347709015540e+01 3.501197246206034919e+01 4.399660231085169926e+01 5.569744603524606674e+01 7.608663633555380557e+01 8.982847235312416956e+01 8.158650513915968361e+01 7.940227376360358846e+01 6.571431070142220676e+01 5.353613141964126498e+01 4.118437188397916060e+01 2.172167395067970475e+01 1.967086034284904628e+01 3.937612281079435661e+01 4.058769221713706798e+01 5.307853124460192618e+01 3.292123290490888365e+01 4.859828900312498945e+01 4.584683564080492602e+01 4.454011818959326519e+01 5.655552171159018826e+01 4.938831851764249592e+01 3.130606798515700007e+01 3.236992498535971663e+01 3.364558910705130046e+01 5.344652292789150039e+01 5.778193462147490322e+01 5.230467631614681778e+01 5.232461903179606111e+01 7.239331979356616387e+01
1.934550753332892059e-02 1.416148113126415353e+01 3.416148113126344299e+01 5.231979884817576476e+01 5.550726234921102531e+01 4.710668411222189889e+01 4.867056347709015540e+01 2.852238726432986837e+01 4.867056347709015540e+01 6.363598867976006801e+01 7.185287106732427276e+01 6.366585091342517444e+01 7.186693555475581263e+01 6.161455312308767418e+01 5.942988684670580568e+01 5.987890546200274144e+01 4.146981055206580891e+01 3.294831447223581478e+01 1.844306942060497434e+01 3.816901408537829354e+01 4.758686088448742879e+01 6.038841318044448059e+01 6.132169892663350907e+01 4.719861770241777066e+01 4.278356752082638792e+01 6.252180502793558503e+01 6.270946979795463960e+01 5.664843374246894570e+01 3.678796170996882609e+01 5.103322749633603195e+01 5.212923318398102879e+01 5.344651873708495771e+01 3.546923312613677837e+01 3.678230837924571972e+01 3.811214435637402431e+01 4.150785751100525545e+01 5.577240293505165880e+01
4.364784840791047227e-02 1.418578347213898638e+01 3.418578347213968982e+01 5.067865074393099434e+01 4.228449436217810131e+01 2.693304861283352736e+01 3.907886283501951397e+01 2.442612444937992322e+01 3.862743595894453819e+01 5.887528268389108632e+01 6.193433093150790825e+01 4.380781927768898498e+01 6.193433093150790825e+01 6.527966353818368361e+01 4.536982641643788838e+01 5.463800405863262455e+01 4.766100109651129202e+01 2.587353684032067491e+01 1.760609582444628174e+01 3.734491382826603711e+01 4.601255349533934691e+01 5.441776067693409402e+01 6.469219023626519061e+01 6.727420104697571901e+01 5.678528823474032805e+01 5.604968391254515581e+01 7.468921577471199669e+01 5.664903541190572867e+01 5.664910324001682795e+01 4.301510040028072268e+01 6.295449325864588275e+01 6.094996872593983994e+01 4.522907857174455870e+01 5.210213757747376917e+01 5.792445371560508960e+01 4.006217364498927225e+01 6.028046413789157754e+01
5.219006137575642884e-02 1.419432568510683090e+01 3.419432568510753612e+01 3.901418474750209953e+01 2.212486736633801954e+01 1.532018636148939272e+01 1.892625592733417506e+01 3.907886278693348459e+01 4.991380914913582956e+01 4.160225136272208601e+01 4.987556405918286373e+01 3.384245551619100212e+01 4.622454647968066155e+01 6.612607240423068333e+01 5.463800405863262455e+01 3.482748430061496947e+01 4.577883881321116633e+01 3.652371638118869868e+01 1.677392958803019241e+01 3.536906851814938335e+01 2.617878433547239680e+01 3.602288642550517750e+01 5.014809667453659614e+01 7.106726387013401336e+01 7.610994367405697858e+01 7.411353199307515638e+01 7.672433209863889658e+01 7.658121666272256789e+01 6.765974939690021017e+01 4.769703951847090906e+01 6.765974939690018175e+01 6.435209776526494352e+01 6.432882871379418077e+01 6.455876316399013604e+01 4.734437763740898930e+01 6.028046413789157754e+01 4.212259270444251769e+01
