LEM/with_lateral_4open/elevation_000542.asc
nrows	100
cellsize	150.0
xllcorner	0
ncols	100
yllcorner	0
NODATA_value	-9999
[rows 51 to 67 of 100, columns 0 to 36 of 100]
6.455108993161302877e-02 2.003023487164329808e+01 2.123587138666426100e+01 2.184526698054296645e+01 6.989889084335938030e+00 2.396884848032452808e+01 3.664210385929559521e+01 3.361617973799575765e+01 4.026776839268823949e+01 2.500911626923615572e+01 1.935621960850478729e+01 3.933258233040094609e+01 4.544059335401794897e+01 5.384298699876618599e+01 5.607734251810985171e+01 3.627573916327806813e+01 2.221190418741299410e+01 3.319222686075935513e+01 1.441394666489519771e+01 3.432733817569783241e+01 3.836547456966900427e+01 2.274406267037105778e+01 4.259844261869766768e+01 4.530225390206342695e+01 5.928811955003461520e+01 7.327398519800578924e+01 8.107251628246582698e+01 8.688227718366745478e+01 7.971915414361147612e+01 6.503792033264646477e+01 4.537534280143356824e+01 6.503792033264646477e+01 7.370420354180288314e+01 6.389843444619251756e+01 4.420264404391488711e+01 5.579414110029992457e+01 3.849843315739180127e+01
3.995603441288197999e-02 6.378376161702002944e-01 1.235988807997142613e+00 1.835221219720525765e+00 1.272603505085447217e+01 2.255497479260396787e+01 2.389598443964658259e+01 1.574605855469945581e+01 2.793060417305518328e+01 1.341380694882393421e+01 3.344188030610428086e+01 4.205160917742988858e+01 2.496360485559011622e+01 4.205271416889329572e+01 4.153037462941246361e+01 3.406566427396050045e+01 3.207251780883341752e+01 1.327964939261894983e+01 3.319222686090483876e+01 4.254400049512056370e+01 4.959706693987043735e+01 2.980196800097321130e+01 2.766537583020873825e+01 3.130728614457055414e+01 4.530225390206342695e+01 6.436707153926685976e+01 7.258732328598411243e+01 8.248607990026962966e+01 8.446954490190420017e+01 6.470283255008941126e+01 5.082607580709303363e+01 7.049236855619885489e+01 7.273220207099313939e+01 5.297929716450127557e+01 6.389843444619251756e+01 5.814596998934931094e+01 5.820360291455867241e+01
4.804567899273937126e-02 2.004804567897616963e+01 1.537828026584651653e+01 1.787969648916148557e+01 2.695552830376997555e+00 3.305066324609560180e+00 3.916332229448106883e+00 4.528505393154552472e+00 8.126354288071256704e+00 2.602743607920943347e+01 3.254515926288863881e+01 2.774896979094342342e+01 1.446690856696058702e+01 3.350537403733243025e+01 2.838791825471486874e+01 1.137047240298246642e+01 1.216003991130858353e+01 3.207251780896105942e+01 2.738098893118350219e+01 4.722179628516788341e+01 5.779910427528642458e+01 3.867857850849352985e+01 4.168876876503145468e+01 5.108648234798201315e+01 3.716495301256820483e+01 4.463368391655161815e+01 5.448816818128248229e+01 6.844313207955931944e+01 8.825527672802624579e+01 7.706242957314537989e+01 5.735224652230553488e+01 7.706242957314537989e+01 7.973439206752678388e+01 5.992920794870458678e+01 7.973439206752678388e+01 7.776918912643058945e+01 7.051618798839608360e+01
9.707512844716031930e-02 2.009686917810479656e+01 3.533865707100868292e+01 2.480212056110211805e+01 2.706961664229140041e+01 1.330679608829696647e+01 2.391051153687780584e+01 2.355160013381981443e+01 5.408882339307863774e+00 6.035670918373362781e+00 2.390763757864208827e+01 7.816089839252046367e+00 8.446630854620764239e+00 2.814663997886331614e+01 1.025543802731144893e+01 2.429987203302410492e+01 2.447196907136165578e+01 3.905190902911211737e+01 4.722179628516615679e+01 5.543912705068224511e+01 6.664187505902012276e+01 5.008187073897116193e+01 6.144526214880784920e+01 6.511639891375668299e+01 4.856387259371954457e+01 4.558823903743127914e+01 5.544331701989991501e+01 6.683464151243251195e+01 8.663762017322963516e+01 8.530868971362367859e+01 6.716881609137951159e+01 8.530868971362367859e+01 8.799194530456070140e+01 7.134287009326307327e+01 8.799194530456070140e+01 8.043206225454420633e+01 6.060031372224784008e+01
5.001202446392439237e-03 2.000500120244603863e+01 3.833503153286878273e+01 4.576737767790905309e+01 3.368752383462734912e+01 3.379273218625948516e+01 3.416007667204628717e+01 1.432821532904736550e+01 2.542928072429754494e+01 8.018791352196142697e+00 6.925382293315798243e+00 2.695403193944596509e+01 2.267026305396031560e+01 9.343219872662270831e+00 2.927644466568114723e+01 1.184389420865405640e+01 3.168552175818754080e+01 3.999355373255768598e+01 4.532638116638468517e+01 5.371541151104484157e+01 6.531899854496836610e+01 6.983448952231019291e+01 7.806658806751086388e+01 7.653595286538019593e+01 6.830759625832860138e+01 5.953119872889003972e+01 5.953119872889003972e+01 7.930851675918667354e+01 9.490723048642330184e+01 9.522971603003330188e+01 8.695604305491127661e+01 9.522971603003330188e+01 9.947810813820007070e+01 9.119742426078626352e+01 9.450368120621070034e+01 7.460340684021774393e+01 7.460340684021775814e+01
5.279685921607564503e-02 1.005279685315151461e+01 2.419492308170980621e+01 4.419370789486427498e+01 5.461821830483235374e+01 4.475701787575319202e+01 2.493242081077050543e+01 3.416032501312602676e+01 4.055916532387244899e+01 1.973675538442720523e+01 2.135909777396508957e+01 3.448564993082352004e+01 1.458303715947540802e+01 2.931062596507682372e+01 2.929137357574003531e+01 3.168716964894108301e+01 1.343762999787205104e+01 2.059091665541984639e+01 2.535311214390776158e+01 3.689613112588073562e+01 5.700294362027128869e+01 6.957443915943659363e+01 6.138464796166813642e+01 6.957443915943659363e+01 7.836029164261144331e+01 7.930851675918667354e+01 7.930851675918667354e+01 8.756074690505759861e+01 9.110778284550396222e+01 8.649743270372280790e+01 9.259179374218791736e+01 9.686317013639396123e+01 9.065666044991155559e+01 9.886430368034264404e+01 1.028023832370453903e+02 9.450368120621070034e+01 9.450368120621071455e+01
5.738623160518319517e-05 2.000005738623125140e+01 3.303651658487864751e+01 4.132032486126633586e+01 5.131921128999476167e+01 5.306971131211027881e+01 3.634812992638517670e+01 5.306971131211020776e+01 4.212336363942382178e+01 4.212332454770105983e+01 4.297118787577106502e+01 3.831430233232747895e+01 1.841835616271423248e+01 3.831430233141347230e+01 4.924195932082174920e+01 4.144933777969515631e+01 3.327424463888962691e+01 1.504492991980997019e+01 3.487626472708099357e+01 5.329158639360144178e+01 6.059617284298383311e+01 5.270781672114113547e+01 4.198266347855602731e+01 5.057698660953268899e+01 6.431887518913784163e+01 8.415325202924205428e+01 8.618273390519935617e+01 8.538616375897956345e+01 7.140952531639793222e+01 6.636962395770463274e+01 7.226492264898747919e+01 7.718941906683777177e+01 7.101294315265403156e+01 8.585642205720512266e+01 9.405066869991141232e+01 1.039099115786140857e+02 9.629791608957896187e+01
4.532054705376769438e-02 6.369875867390499380e+00 1.303654253405710683e+01 2.303654253192674162e+01 3.717867574470776759e+01 5.717834537277410334e+01 5.624377243218522437e+01 6.460589600674492772e+01 6.467812112100376964e+01 6.188549094180053345e+01 4.494840062489223698e+01 2.504365376514718022e+01 3.831430233248337913e+01 3.097622392902304611e+01 5.094136840232701502e+01 4.525786476626941379e+01 2.697396409894240676e+01 1.620028506747103592e+01 3.602320354068196195e+01 4.387002213314881516e+01 4.534888559401295538e+01 3.330771347978787134e+01 5.270781672114113547e+01 6.957443915943659363e+01 7.836029164261142910e+01 7.493122832456047888e+01 6.647753782166108749e+01 7.009350869522381799e+01 5.761578921242451656e+01 5.256059468174262150e+01 6.739027115188460471e+01 6.336179720918095626e+01 5.975076130358037574e+01 6.623322082695489144e+01 7.602376159103076247e+01 9.568908252337952547e+01 9.848405973414917014e+01
9.001595176218035732e-02 2.009001595176182420e+01 3.303651658487864751e+01 4.132032486126633586e+01 4.719382630718601490e+01 5.547614542801504456e+01 5.752421664183979999e+01 6.581002255801125500e+01 6.773195977374984977e+01 4.754569287178823345e+01 3.349773748739145418e+01 3.495645217753916967e+01 5.333373074154589943e+01 4.503479627370433036e+01 5.936675543821154832e+01 5.112510059741599378e+01 3.906734312841278722e+01 1.945506933871701705e+01 1.796803498695747336e+01 3.763210922277998804e+01 2.586052626180324410e+01 4.535380948473178364e+01 5.660364545535423986e+01 6.482608728842731693e+01 6.917040318914075669e+01 5.515285587954026170e+01 5.268483928202427080e+01 5.055110139224221655e+01 5.836618016922960095e+01 4.389319705485353040e+01 4.793995691578670204e+01 5.216028547567452023e+01 7.164148998553979197e+01 8.585642205720512266e+01 9.405066869991141232e+01 1.039099115786140857e+02 1.067908596898111995e+02
5.674351268809080251e-02 2.005674351268773492e+01 2.746058244715070629e+01 3.138290826695364899e+01 2.719392096393561076e+01 4.119386409531553284e+01 3.752386176419889097e+01 5.655033822622880990e+01 6.655092972614862390e+01 6.103414296790220561e+01 4.098485333307691292e+01 5.494034907224524744e+01 5.494034907224522613e+01 6.520109494260414351e+01 5.985885022583190818e+01 4.399291845523555367e+01 2.425793651843557086e+01 3.925093107021256600e+01 3.772982516617381066e+01 1.975212649235194817e+01 2.102106303312858060e+01 4.078055072095251177e+01 3.688151497480675545e+01 5.657675610226576879e+01 5.930443573444834726e+01 4.127179805221148712e+01 5.315626599107259409e+01 3.679882762637921445e+01 3.909959686479052010e+01 4.234883883818298500e+01 6.179476868471599005e+01 7.164083844394787093e+01 7.164143329066314436e+01 9.128231320325645015e+01 9.570354293412388813e+01 1.039186595110562052e+02 1.126647927632679114e+02
9.518805923843161321e-02 3.746671775939546922e+00 7.460578539480600568e+00 1.138290124224431565e+01 1.564691556935656180e+01 2.119391753160894964e+01 2.826498534351820524e+01 3.826498542719549079e+01 5.826522575996803255e+01 6.949665532027992754e+01 5.246264765234165850e+01 6.949665524105294878e+01 7.526092775819643066e+01 6.912181093665969911e+01 5.169345215807327776e+01 3.205861828902789767e+01 2.884722723783791309e+01 4.850294761184844106e+01 4.783055727329854534e+01 3.958932248438187429e+01 2.913299912511482503e+01 2.290980320908765222e+01 4.194933797600251779e+01 5.236090239802851443e+01 4.878731170991652988e+01 3.149130911926206622e+01 3.366949059947704370e+01 5.315626605732682464e+01 5.856948874029234986e+01 6.179476868471599005e+01 4.713018136846198303e+01 6.658394348257488105e+01 7.553490424763559474e+01 7.962032758898300244e+01 7.600570742467604646e+01 8.469423655583592847e+01 9.986073425119377589e+01
9.062254805971975413e-02 2.009062254805936476e+01 2.746058244715070629e+01 2.552503696757631246e+01 2.978905289723968153e+01 3.197685592148295797e+01 4.826510559359089569e+01 5.655033822622880990e+01 6.655092972614862390e+01 7.388116370253291620e+01 7.272903217052549962e+01 8.119781710973173006e+01 7.487710202099479773e+01 5.517481889720077248e+01 4.131725125744342364e+01 5.169345215807327776e+01 3.365239530433812831e+01 5.325811782648734294e+01 6.272904908511249289e+01 4.304334091921297301e+01 4.880915134854555504e+01 4.264104536784121535e+01 2.482478244290971148e+01 4.452832397202638504e+01 2.915101774441446381e+01 4.878786491413875837e+01 3.520540556055110670e+01 4.952382018034769118e+01 6.204702756398339147e+01 7.472952396873233738e+01 6.658394361219863811e+01 5.220975685997412796e+01 5.599677969153837154e+01 6.002732576215181126e+01 6.504307162704219536e+01 7.196428842815149096e+01 8.076160437850420237e+01
3.063233560239582431e-02 1.417276795933347167e+01 3.417276795933417333e+01 4.552506060454643233e+01 4.978925430007500097e+01 5.197713907754189222e+01 6.026289683801226005e+01 6.879213644519381887e+01 6.048979284115158350e+01 5.377276574178324609e+01 6.796238840446108043e+01 7.954514619357453853e+01 7.487710202099479773e+01 5.517481889720077248e+01 6.093578689055286901e+01 5.254579822829676772e+01 3.871728813541665204e+01 5.832892721341131193e+01 7.092753675556907922e+01 6.272904908511249289e+01 6.537927205912363604e+01 4.873002621087334774e+01 2.836801364918603241e+01 2.682301543832208424e+01 4.073134192577782642e+01 5.698005126658345887e+01 5.564482476692297297e+01 3.899509008467297377e+01 5.857375958435013530e+01 7.097192792490345425e+01 7.986497342311248815e+01 7.170316288359641987e+01 7.553490429344208223e+01 7.130292298264110684e+01 8.469423655583591426e+01 8.107565565545978359e+01 9.986073425119377589e+01
5.666595628964066211e-02 1.005666595736624203e+01 2.419880338272880849e+01 4.419908112412910839e+01 6.110348030138938924e+01 5.524961553058083297e+01 6.111170325175666562e+01 5.723443158044546664e+01 4.048165692887773304e+01 3.962506998024953475e+01 5.117329979599912093e+01 7.120558335652660276e+01 8.306880297611873232e+01 7.487710202099479773e+01 8.018174631014238685e+01 6.488066535375287458e+01 4.522001928908911594e+01 5.832892721341131193e+01 7.810775509558460783e+01 7.530226103384633518e+01 5.716839481872676743e+01 3.649869746796627368e+01 4.842423749079632245e+01 2.960133304423565548e+01 4.924086518634564413e+01 6.863687446910444123e+01 6.687808980845866813e+01 5.263679624093983023e+01 4.298881478399645317e+01 6.263579513361534623e+01 7.215590701856379496e+01 7.738049938738389244e+01 8.574966621627623908e+01 9.098211357480032291e+01 9.918655367350402230e+01 1.007950751554901672e+02 1.090207039519000887e+02
2.110006612196471329e-02 2.002110006612160831e+01 3.834150301310412345e+01 5.099205222784230074e+01 4.110158258992820635e+01 3.524313171383774090e+01 4.110237105516713996e+01 4.893808762791599065e+01 2.893451649355236199e+01 4.893808762791599065e+01 6.777774650042228188e+01 6.306099995290726667e+01 7.062317298783921160e+01 7.891600545893662400e+01 8.892490031793501259e+01 7.313165756041205157e+01 5.652734743634813697e+01 6.124909978098435914e+01 8.106063660701335039e+01 6.710097977827012983e+01 4.723580985918336239e+01 5.716839481872676743e+01 5.207655060150412396e+01 3.241830696446164239e+01 5.207655060149963333e+01 7.129552336651491373e+01 8.011132427991066152e+01 6.933855797635897034e+01 4.987678138701936348e+01 4.748663508563674895e+01 5.212509350424629417e+01 5.714574015222094516e+01 7.144671943906945444e+01 9.170591141474025676e+01 1.024469679119670502e+02 1.125109229260567787e+02 1.117027435130024884e+02
9.367352646185668485e-02 2.009367352646150096e+01 3.047115739904355536e+01 3.100074866335499735e+01 3.100202038359071466e+01 2.110080690138521575e+01 3.628960636830134234e+01 3.911831239554217632e+01 2.358929162599249096e+01 4.359109722627398043e+01 4.776954197379894396e+01 4.305494914201613454e+01 5.061439548083520634e+01 6.061547061001149928e+01 8.063088313152614717e+01 8.458693705220203185e+01 7.630078269505501964e+01 8.106063660701335039e+01 8.100767237198958526e+01 6.134063909819810334e+01 6.710097977827012983e+01 6.897840920087513439e+01 4.922150689262540624e+01 3.532937970896988134e+01 4.334339240800803594e+01 5.725116060496598891e+01 7.706901394939218619e+01 7.756414844504708128e+01 5.855792917017355137e+01 6.729772114288253704e+01 5.409384531996713719e+01 7.419098223586659913e+01 6.615574025878969167e+01 7.387718749056830347e+01 8.404575958198005026e+01 1.041703969005856720e+02 1.058445485475821215e+02
3.648181865326004941e-02 2.193137282722032566e+00 2.219132865946480848e+01 2.752016152556236150e+01 1.100151472688359533e+01 1.354151726688743906e+01 1.628872854586142793e+01 1.911715567060867116e+01 3.911808706915159206e+01 2.936279438459166613e+01 3.362680888928002076e+01 4.362688269719589584e+01 5.517471760805489112e+01 7.518602849146489575e+01 8.892490031793501259e+01 8.637305471474924445e+01 8.384214956012766606e+01 9.192295216834568805e+01 8.926388296949440360e+01 8.100767237198958526e+01 8.531495109228373508e+01 7.228300746984515968e+01 5.249269515892358129e+01 3.858732508982070897e+01 5.828914343414103882e+01 6.305567546097795173e+01 8.290691538917499770e+01 8.637183905718119092e+01 6.990573933445377008e+01 8.185388117597730684e+01 6.157975625862404456e+01 6.405685934920069258e+01 8.432510512253261936e+01 8.646152028018182989e+01 1.024469679119670502e+02 1.125109229260567787e+02 1.003305650004644889e+02
