LEM/with_lateral_4open/elevation_000599.asc
nrows	100
cellsize	150.0
xllcorner	0
ncols	100
yllcorner	0
NODATA_value	-9999
[rows 51 to 67 of 100, columns 37 to 73 of 100]
4.221163150544779796e+01 4.413188862860155837e+01 6.329611503513920923e+01 7.438310034485664346e+01 8.441647670946503013e+01 9.265831692387592966e+01 8.209681383428403478e+01 8.792057266863537279e+01 1.006650447349894364e+02 1.024216468597925882e+02 1.106558167038707268e+02 1.000098137576639488e+02 1.166441721988345819e+02 1.198564250665060200e+02 9.971102055175403223e+01 1.048794176371466307e+02 8.473499438858516442e+01 9.324902945887713202e+01 8.937865089520464323e+01 8.564955338192069689e+01 8.266151919664073944e+01 7.980358025999812810e+01 7.703530139728836446e+01 7.146604450051073343e+01 5.165890421090359297e+01 5.937920546563112367e+01 7.973084351969035311e+01 8.282487451175113335e+01 7.457564977473829515e+01 6.227484396594284277e+01 4.275756659154163941e+01 4.918305558116519904e+01 6.572077332943220540e+01 6.671509049087195820e+01 4.698684671199093543e+01 3.314319995365167415e+01 4.832165813433746848e+01
4.837711054994196047e+01 6.338309426125580615e+01 4.681998412801535636e+01 5.792497941696518637e+01 7.197308978346200092e+01 9.195545585351257500e+01 1.019803702305162716e+02 1.078008924883932167e+02 1.135303497942862805e+02 1.120484333527079457e+02 1.202775305418954304e+02 1.198772939804725297e+02 1.281201819629539216e+02 1.281807193509289107e+02 1.198564250675510152e+02 1.132135282576078907e+02 9.897961922304534710e+01 1.132135282575576696e+02 1.029125176951807248e+02 9.132794592998527605e+01 8.239302108583329698e+01 7.409264816940235221e+01 7.507778551883109230e+01 6.681703372702168053e+01 4.975548046638535737e+01 6.746194413157319048e+01 8.424452109505425312e+01 8.326324682069228800e+01 8.107184975626104517e+01 7.051945640052973374e+01 5.749541914891643302e+01 3.798259951671177959e+01 5.309642134255140888e+01 6.130589850697101184e+01 6.098273955568118510e+01 4.832165813433736190e+01 2.867909950896489946e+01
7.121102644848116370e+01 6.834845003211495396e+01 4.873379930272624705e+01 6.834847462127640938e+01 7.977313309007675457e+01 8.151244731051976089e+01 1.014730717883666102e+02 1.077030091015896289e+02 9.364588886708129678e+01 9.216004581684315156e+01 1.062341531964896717e+02 1.260853473612869067e+02 1.299571104697448902e+02 1.183261998083201689e+02 1.099801353489895490e+02 1.125937008127724823e+02 1.191227909126750575e+02 1.124506448651790436e+02 9.457952815047283934e+01 7.453625516356812852e+01 6.307323865104737592e+01 5.427634466073662622e+01 6.418449656792085989e+01 4.710768233698323115e+01 6.682136062376478947e+01 7.781960060882371977e+01 8.326324682069228800e+01 6.335526076854762323e+01 6.118319105851283268e+01 6.837870163751702535e+01 6.036355994285992921e+01 5.309357147861810233e+01 3.353899250983873515e+01 5.309642134255140888e+01 5.902406705550000510e+01 5.652513026981149125e+01 4.413387670788431905e+01
7.648980204419996198e+01 5.654770335927109670e+01 6.834847462127640938e+01 5.168751474444206906e+01 6.148961720521197805e+01 8.151244731051976089e+01 9.726158624858194912e+01 9.946991263242065884e+01 7.952159239032933158e+01 9.946991263242065884e+01 1.107048943820858256e+02 1.189345036145158048e+02 1.216088654256670196e+02 1.014673141053573886e+02 8.986071188761094675e+01 9.247012062128804644e+01 1.067052130274708759e+02 1.039533031210236658e+02 8.404715410555965605e+01 8.404715402971164906e+01 7.739542416717020501e+01 6.418449656876741471e+01 4.451783749146940750e+01 6.180508027510217772e+01 7.006098328617865434e+01 8.154005745827058149e+01 7.925552568412301468e+01 6.700844133442645045e+01 4.731552193215102875e+01 5.747956147468130439e+01 4.122098671185720775e+01 4.838482305586364163e+01 3.054250289800169327e+01 4.618010457073653185e+01 3.935807697160006313e+01 4.454814064714922495e+01 4.952724363994200729e+01
8.282437977071251112e+01 6.279268613956176637e+01 7.977313309013597120e+01 7.150103225786591565e+01 5.487348463727914805e+01 6.899061752071978049e+01 8.217412122614067016e+01 8.561434371936712751e+01 7.346475539416610445e+01 9.345526777415996378e+01 9.080940702009012000e+01 1.107048943820858256e+02 1.200171397073788313e+02 1.116708993622622330e+02 9.836418079762260902e+01 7.827640612592956870e+01 9.836418079762260902e+01 9.562562166147912990e+01 7.557112744946616090e+01 6.409196445298690037e+01 5.752916302382585911e+01 5.187872806224655164e+01 6.177276367962709713e+01 4.218194188408403988e+01 5.343835309685548651e+01 7.323443323830269946e+01 7.096862701933210360e+01 5.121733039888457029e+01 3.995962540979083855e+01 4.955303524774892310e+01 2.990918504296014291e+01 2.873243286833892185e+01 2.756135672398573533e+01 2.647748738064365526e+01 2.539873357877103288e+01 2.432686241581398434e+01 4.133745793657195122e+01
8.990080597163718323e+01 6.988565015867727936e+01 8.990080597163718323e+01 7.933909825943952399e+01 5.951414945099890019e+01 5.879947688306049258e+01 6.209021203065626082e+01 6.555457185379925988e+01 7.060595505910697511e+01 7.667216972243839734e+01 9.080940702009012000e+01 1.107048943820858256e+02 1.116708993622622330e+02 9.154943030025292217e+01 9.256533974056128500e+01 7.249848555131458738e+01 8.498078177196963168e+01 9.331099321768790844e+01 9.236632842346530481e+01 8.404715402971164906e+01 7.739542416717020501e+01 7.166052855543105693e+01 6.016982026846574882e+01 4.056788788558885983e+01 5.787360973025264599e+01 5.659546446932799313e+01 5.534843149021599373e+01 5.412319499400422274e+01 5.120535141070669738e+01 3.159113857933593650e+01 4.955302959232954407e+01 4.839848147206544127e+01 3.894605470542234116e+01 4.618009838710225523e+01 4.503615206781179836e+01 4.154867229745804025e+01 2.281668248475801519e+01
8.990080597163718323e+01 8.406163003103229414e+01 9.814757231827222483e+01 8.427703899386429498e+01 6.452191416362281018e+01 6.459993879691050722e+01 8.217412122614067016e+01 7.717473671906253685e+01 9.061713993945380707e+01 8.696220223609321920e+01 9.080940702009012000e+01 1.107048943820858256e+02 1.090574338471745222e+02 8.894042160012635634e+01 7.735769461526047053e+01 7.028300555678218586e+01 6.499279475741144552e+01 7.990382821118811307e+01 7.665297637521594254e+01 8.495889520869553735e+01 8.274175547606657233e+01 7.328817998236183939e+01 6.837874080997629278e+01 5.784754482553260146e+01 3.829889294020529178e+01 3.704365431738222014e+01 3.578981090244950991e+01 3.455238137188775482e+01 3.331716043013132378e+01 5.119981883427702485e+01 5.120443082795377165e+01 6.681629360949507657e+01 5.858336508710559798e+01 6.413764604461758267e+01 4.593055046303210531e+01 4.410615955449761572e+01 2.439823885750688959e+01
1.098201679466023961e+02 1.039978237205279896e+02 1.036256712621234897e+02 8.374241035457180260e+01 6.985432567638987678e+01 7.068196442007452163e+01 9.067952156161469190e+01 9.714306127974013805e+01 1.053797980000607168e+02 1.010599777005435840e+02 1.107048943820858256e+02 1.189345036145158048e+02 1.174031128143036682e+02 1.045566842733794175e+02 8.445356186491378025e+01 9.034169011885886391e+01 7.403100156545411892e+01 6.012966841357264514e+01 5.719812914156416639e+01 7.230274027265275549e+01 6.832387807257913437e+01 4.797017474812147242e+01 6.103841215751275229e+01 4.145532447298848666e+01 4.278281165444420253e+01 5.659130825973617362e+01 4.314382005322121927e+01 5.412319582558743747e+01 4.713690687642387189e+01 4.567425835441547122e+01 6.535391228018262666e+01 7.919056865230942321e+01 7.645872455069253704e+01 5.631905411774649650e+01 4.648103063986432915e+01 2.675817220052974932e+01 4.208083538419469960e+01
1.123874940924541761e+02 1.163406567741702844e+02 9.630102806514300084e+01 8.227941462097047065e+01 7.786219748832922960e+01 9.067952156161469190e+01 8.071196222118098262e+01 9.223926844647517953e+01 1.121323663066168024e+02 1.209299155710797322e+02 1.144746380940931658e+02 1.062474797967090581e+02 1.144746380940931658e+02 1.128978246315549256e+02 1.045566927892276681e+02 1.024192146062567730e+02 8.822489656892280152e+01 7.990382820632579808e+01 7.230274022684376689e+01 5.343468723593163361e+01 5.111959350814530012e+01 5.442407538982538995e+01 4.466920843698629540e+01 6.102222620098103079e+01 4.717430660451839941e+01 6.640056447363647862e+01 5.695459067655797014e+01 5.695459066295264705e+01 6.682825897573539464e+01 5.953139833769378697e+01 7.365825927011907481e+01 8.266296865398462046e+01 7.059092836204399646e+01 5.045211697309657950e+01 3.653115115563677762e+01 2.845086376427437358e+01 4.813736233713649426e+01
1.031321451315119191e+02 1.111327862635741468e+02 1.104642383401727557e+02 1.021704994215565137e+02 8.767844784308361739e+01 1.059750970514059958e+02 9.223926844647517953e+01 1.088832533844545196e+02 1.203659044489739927e+02 1.152131081524035210e+02 1.045524316002133958e+02 8.641040010947041594e+01 1.045524316002133958e+02 1.100931441548605392e+02 1.018666422210437190e+02 1.100931441548605392e+02 9.442183453512551239e+01 7.439124133368873970e+01 6.311164339974880733e+01 5.815596077556863008e+01 5.882653566627924846e+01 5.369287092576125531e+01 5.947666566741806804e+01 7.149848815557432147e+01 5.172063573602047626e+01 7.152256798687203343e+01 7.679003916565365273e+01 7.093451662493724541e+01 8.509461811222610095e+01 7.944709010409823691e+01 7.675742050871066624e+01 6.272077014955146268e+01 6.469428318839219116e+01 6.475601004816101636e+01 4.985009821910475836e+01 3.019356347623454440e+01 4.410101878007798604e+01
8.342085902789287388e+01 1.031321451315119191e+02 1.209723648646923948e+02 1.159818667829925687e+02 1.076844479573039592e+02 1.159818667829925687e+02 1.121323663066168024e+02 1.203659044489739927e+02 1.126381879219033948e+02 1.011699663739946686e+02 8.712682459558598680e+01 7.640434369263780923e+01 9.632893995308974411e+01 1.001568298977077518e+02 8.198900338992729075e+01 1.001568298977077518e+02 1.027581182137399622e+02 8.285716616705605020e+01 8.285716616705605020e+01 6.632397832337657917e+01 7.605257262002375285e+01 6.952197612077740985e+01 7.078221960129053514e+01 7.797165545714960899e+01 5.757785022141892028e+01 7.152256798687203343e+01 9.191053553949930688e+01 9.092648485349610610e+01 9.312713459845778630e+01 8.313514973912130301e+01 6.856170504947905897e+01 4.884103742263845049e+01 4.504962731054149572e+01 5.944417872676682890e+01 5.158455320726910287e+01 3.196130582443558410e+01 5.158455320726910287e+01
8.919416106173476066e+01 9.306272248910312328e+01 1.128248907163606987e+02 1.128191168002612699e+02 1.045380579854828511e+02 1.045380579854828511e+02 1.103872298015923974e+02 1.148103019237355227e+02 1.044085242082998093e+02 8.454689687233606321e+01 7.300625055859703139e+01 6.932833959241933997e+01 8.928453138900488284e+01 8.252741682408452562e+01 7.198655035941990832e+01 8.611163244135538264e+01 1.059693484639120697e+02 1.029235461323573730e+02 9.535642672447778523e+01 7.844093321454246848e+01 9.535642672447778523e+01 9.235691859582463792e+01 9.004220837764601981e+01 8.640109991103953746e+01 6.931427585440923167e+01 7.198411496999149506e+01 9.242685690650469610e+01 9.902201354182227533e+01 7.895315254851951181e+01 6.484350096375555950e+01 5.498864506123656071e+01 6.856170507108657830e+01 5.944417872676682890e+01 3.986998334688588130e+01 3.656019558641072820e+01 5.144819591504172251e+01 3.497509131094518864e+01
7.657073618763158152e+01 8.830689008736770518e+01 1.081395250772131789e+02 1.045380579854828511e+02 8.457640854737593372e+01 8.457640854737593372e+01 9.042304030412881843e+01 9.485144402030819322e+01 1.089765292458132393e+02 1.011699663739946686e+02 8.297382943896707275e+01 6.303967388116631554e+01 7.667009596521270964e+01 6.259501555173117282e+01 8.252741682408452562e+01 9.574749088332268343e+01 1.051928465941620487e+02 9.707661894239019773e+01 1.051928465941620487e+02 9.868384640257764318e+01 1.070263909958055848e+02 1.138426759547829050e+02 1.062361191910260771e+02 9.818926477505691253e+01 8.979785592469806943e+01 9.242685690650469610e+01 1.008180848520876225e+02 9.584907377162549835e+01 7.577744537306136863e+01 6.427426292643818329e+01 6.484350067409147300e+01 8.312966286595552390e+01 6.768931875472028992e+01 5.109420143945654047e+01 5.613561131029016593e+01 5.679875308183122229e+01 3.726936327129234883e+01
9.668838185681887865e+01 1.048587253261975007e+02 1.162778025023147137e+02 1.026668115211519421e+02 9.042304030412881843e+01 7.044558855685258436e+01 8.806999795999570324e+01 8.073180674282140501e+01 1.006972581554833255e+02 1.007012279067937186e+02 8.081191190903963673e+01 6.670283400351813441e+01 5.678959882394462966e+01 5.689199224352815776e+01 6.760704734613538847e+01 8.751001520671945855e+01 9.534424499852529777e+01 7.733679470024442537e+01 9.534424499852529777e+01 1.080441767280315446e+02 1.091921127918726597e+02 1.014732430614700007e+02 8.771411212245808997e+01 1.030694628430250219e+02 1.065779909323188264e+02 9.852409505381569943e+01 1.065779909323188264e+02 1.041742531218334733e+02 9.257438365581089101e+01 7.422755559515873358e+01 7.895307191590964635e+01 9.311943329753562182e+01 7.913817299077165046e+01 7.085045305147131955e+01 7.105029393072254607e+01 5.914649774438858998e+01 3.959176337811786084e+01
1.102075401563194106e+02 1.019262851306404656e+02 1.102075401581905965e+02 9.438873811271534464e+01 7.441619300032839135e+01 6.412496734304491497e+01 6.809244781408460767e+01 8.806999357981975152e+01 9.993503983024216097e+01 9.166460225560820163e+01 9.487218031598419543e+01 8.491287608389771435e+01 7.125930999216832618e+01 5.141632553611439960e+01 6.542909925175555941e+01 8.533468380938791142e+01 8.720670682131736839e+01 6.736525617287543355e+01 8.019169467027151654e+01 9.822883362068267843e+01 9.867508152722639636e+01 8.255823971510776005e+01 7.604521484278166099e+01 9.442323006343737291e+01 9.677195362817779767e+01 7.884232903501319356e+01 9.677195362817779767e+01 1.065779909323188264e+02 1.025966288270595612e+02 8.840467045323403283e+01 9.901849853145370162e+01 9.478970608117909080e+01 8.659428662707740898e+01 7.489164347755922790e+01 6.278562151287142967e+01 4.318828845913856185e+01 5.914649774438858998e+01
1.002167890490958655e+02 8.194942872233239939e+01 1.002167890490958655e+02 9.220483563265176485e+01 7.223103154478083354e+01 5.810031344892813365e+01 7.264310852674374530e+01 8.091844499722188289e+01 8.840538722433238661e+01 7.169356374944590016e+01 8.840536777078121133e+01 8.243115469283846153e+01 6.253848474566966331e+01 4.852307533824220087e+01 6.836491323496203165e+01 6.871911635269849228e+01 7.294517608508412820e+01 6.034628620783374231e+01 7.028585218867888784e+01 9.009753715186432999e+01 9.105320876437839672e+01 7.120060001791766524e+01 6.696319849353140796e+01 8.651207203096311105e+01 8.023566272147988343e+01 6.887195280632526817e+01 7.884232903501319356e+01 9.282068632220264703e+01 1.122933417654330839e+02 1.085009995628967658e+02 1.006785069266868220e+02 8.076041156352876271e+01 6.665853446103997726e+01 6.660761561495205285e+01 4.693351153336129045e+01 6.276502120635795734e+01 7.104922913872097467e+01
8.120904171579296360e+01 7.196007957352269102e+01 9.193785692647702490e+01 9.805330463178258071e+01 7.808122331602667998e+01 7.264310852674374530e+01 5.266270947931784718e+01 7.264310852491526305e+01 8.013431370952854138e+01 6.015504784166599705e+01 8.013431371796241365e+01 7.910132700319056198e+01 5.968747904261455517e+01 4.573688100916258747e+01 6.299738495794670712e+01 4.889851087960241216e+01 5.312310177077486628e+01 6.456552010442162270e+01 8.439199905291994241e+01 9.822883362068267843e+01 9.316735394173819884e+01 7.376304722547850190e+01 5.978936130354271228e+01 7.298350589279635869e+01 6.035872431595137044e+01 7.445525698217608124e+01 9.419079665332624529e+01 9.377266000811182778e+01 9.377266000811181357e+01 1.020816996446000502e+02 1.064545785165672243e+02 8.659428662707740898e+01 7.593817886237054893e+01 5.610696832339985463e+01 4.994524388042631813e+01 6.969610280970979943e+01 8.304199225183840838e+01
