LEM/with_lateral_4open/elevation_000283.asc
nrows	100
cellsize	150.0
xllcorner	0
ncols	100
yllcorner	0
NODATA_value	-9999
[rows 0 to 16 of 100, columns 37 to 73 of 100]
8.884754177262699226e-02 6.929726548558100274e-02 7.395023591448830758e-02 4.828361932999872264e-02 4.897713358561925356e-02 8.568734790590110117e-02 1.075183056328203948e-02 6.823539046102447547e-02 7.194897206013613211e-02 1.557559815681563986e-02 7.704183385687686514e-02 1.685416958384493638e-02 9.680445094065920353e-02 7.639902522890137937e-02 4.559330980047965332e-02 5.839666421669215124e-02 9.739037529851846120e-02 3.670263267501718690e-02 2.041064012308905357e-02 6.895211126444661387e-02 9.031524355919069713e-02 1.560024811392830661e-02 7.641644294168103979e-02 3.888124420523987601e-02 6.873285589001959517e-02 4.772367030474261584e-02 9.504926490987847254e-02 5.760415539182907330e-02 9.666222459857021221e-02 9.627991409191682948e-02 1.286757495974483190e-02 9.381044340810595905e-02 7.584058927755046864e-02 1.435327048224320848e-02 5.777975670406795827e-02 2.716720951219454838e-02 4.735230246529398453e-03
2.008884754177227094e+01 1.421143288921665615e+01 2.007395023591413263e+01 6.078510510885297258e+00 2.004897713358526445e+01 8.921791482761081582e+00 2.001074788441699326e+01 1.397850773719289741e+01 1.922249492586588815e+01 6.436225889493004670e-01 2.007704183385652286e+01 2.001680675355517991e+01 2.009680445094030432e+01 8.241364834506233805e+00 2.004559330980012533e+01 1.420053228794776778e+01 2.009739037529816486e+01 3.518255751788981645e+00 2.002041064012273353e+01 2.006895211126409251e+01 1.163732062735180861e+01 1.415773587184500393e+01 2.007641644294132632e+01 2.003888124420488381e+01 1.879447776740388321e+00 2.004772367030438573e+01 1.009504926490979138e+01 2.005760415539147345e+01 2.009666222459821583e+01 5.869782605988199009e+00 2.001286757495939028e+01 1.423594606713918154e+01 2.007584058927719539e+01 1.281801771531200229e+00 2.005777975662907409e+01 2.002716720951183760e+01 1.414687085397760491e+01
2.630434792814148537e+01 3.421143288921736314e+01 3.240306583122281836e+01 1.240306583122211137e+01 3.240306583122281836e+01 1.995003778601343924e+01 3.689806531674261691e+01 3.198965509863988288e+01 2.124632097413196874e+01 1.271907008086482271e+00 2.119650409535096358e+01 3.430882345029442604e+01 3.652563608169598552e+01 1.978837021829895448e+01 3.652563608209268153e+01 3.420053228794846945e+01 2.119592528145293642e+01 7.053789657721734052e+00 1.860079504151404350e+01 3.860079504151332941e+01 2.577945625108301186e+01 3.415773587184570914e+01 3.477999456397034095e+01 2.367902342942065275e+01 3.697629594922202667e+00 2.369740074909882210e+01 3.009504926490943433e+01 3.009504926490943433e+01 3.190000949754388060e+01 1.190000949754352533e+01 3.190000949754388060e+01 3.423594606713988497e+01 2.255187853821556843e+01 2.551803041533107663e+00 1.669395138985172622e+01 3.669400170049436127e+01 3.414687085397830657e+01
2.369090312601481685e+01 4.369104334510606691e+01 4.068733707868501170e+01 2.134733774122142691e+01 4.068733707868501170e+01 3.379225102525456492e+01 4.674978011533951161e+01 3.214285483535946497e+01 2.096918906862737586e+01 1.902498915339855268e+00 1.471617451701834112e+00 2.620722693479375565e+01 4.244833648701021644e+01 3.978837021829966147e+01 4.807264146597128729e+01 4.948019652891584030e+01 3.097611236048580352e+01 1.097611236048544825e+01 3.097611236048509298e+01 4.688506628897494011e+01 4.577945625108371530e+01 4.066292244737439887e+01 2.058910556144948600e+01 6.444840873895971711e+00 1.002218367435106749e+01 2.368074067541197181e+01 4.358926771385244336e+01 5.009504926490872379e+01 3.897107730940982862e+01 1.897107730940912518e+01 3.897107730940982862e+01 3.797466103393225723e+01 1.797432830615832344e+01 3.832171840862069967e+00 2.383229013613604153e+01 3.406757943457255777e+01 5.406691533074673117e+01
2.023919557032499483e+01 4.023933022275104321e+01 4.963160898868432724e+01 3.548947336495287885e+01 4.963160898868432724e+01 5.484303406009434667e+01 3.897887226738803435e+01 1.618935415263736743e+01 2.799216044140957926e+00 1.885224821134190520e+01 2.549538025319102630e+01 1.448175602851949328e+01 3.429417875596967491e+01 5.239328564636846153e+01 6.227758151330196768e+01 4.928853626535696719e+01 2.928853626535768129e+01 1.514640064162698074e+01 2.669340602541970142e+01 4.669340602542040841e+01 5.937221397042888071e+01 3.937805126769453068e+01 2.842431126984688561e+01 8.425135959849303191e+00 2.841405040185525976e+01 1.944983310878523852e+01 3.936472206470919843e+01 5.873818250949396713e+01 4.725534855687202906e+01 3.051808269320184408e+01 4.725534855686887425e+01 3.926579424593687406e+01 1.926533144362295502e+01 5.123166289597881118e+00 1.406743917149847256e+01 2.820965361882682387e+01 4.821081669278134285e+01
3.794037330208817593e+01 3.288838051895983483e+01 5.288854470171883548e+01 5.548947336495358229e+01 5.372912247754948112e+01 4.544778923315589481e+01 3.717402290017457034e+01 6.673482576398603427e+00 3.435462243688040651e+00 2.279578504346711654e+01 3.153717675113976782e+01 3.429417786928472367e+01 2.426472169004233947e+01 3.432057097425062153e+01 5.432670066954347021e+01 5.413924876608346892e+01 3.413924876608417946e+01 1.999711314235372583e+01 3.999711314235442927e+01 5.497767727288260176e+01 5.351741914169024739e+01 3.352133333090313982e+01 1.937948098461381363e+01 1.043521159036771095e+01 3.043441979418147270e+01 3.936472206470919133e+01 3.098766675768341017e+01 5.076625699881598308e+01 5.880235394066538390e+01 5.051808269320255107e+01 5.060630176811822878e+01 4.224000682438452259e+01 2.643644783472400661e+01 6.436230618195112108e+00 2.402318620922957138e+01 3.982901063230843874e+01 4.866554496745862224e+01
4.274632514586996734e+01 4.703065088858613763e+01 6.117282585717373422e+01 6.442062447309913864e+01 4.544778923315589481e+01 2.530372701548970582e+01 3.621308717993638737e+01 2.790264840158039661e+01 2.182382704265791062e+01 4.339223161552029140e+00 2.442903838722293131e+01 3.571874473924165727e+01 4.432363582189707785e+01 5.239328564636846153e+01 6.227758151330196768e+01 5.413924876608587766e+01 3.413924876608517422e+01 3.999711314235442927e+01 2.999711314235390347e+01 4.999711314235460691e+01 5.457280189709102558e+01 3.457700010956360615e+01 2.043520456734400170e+01 3.043441978229731859e+01 1.353981369319099137e+01 3.353912188623389312e+01 5.076625699881598308e+01 5.069703245821182236e+01 6.977287966898796867e+01 5.645297118253017743e+01 3.647067812287346555e+01 2.234129862167474911e+01 2.488205338964023383e+01 7.757867820997205399e+00 1.354240168432003344e+01 1.992653713027705464e+01 3.432334886275583585e+01
4.802893143132146037e+01 6.703075139232510082e+01 7.029070451204438541e+01 5.028367950076006565e+01 3.613356905112401307e+01 3.685892044469785844e+01 1.659795076968202565e+01 2.940812156835583835e+01 2.493453675509010026e+01 4.979468288113047869e+00 7.571630258645759781e+00 2.747072989254998632e+01 4.105680378920301621e+01 5.483692856986338882e+01 6.316966498447100520e+01 6.242352001354807811e+01 5.413924876608587766e+01 5.828138438981680736e+01 3.999711314235425164e+01 5.828138438981680736e+01 5.457280244897682309e+01 3.457700010993539053e+01 4.043363501977191277e+01 3.576142874043505770e+01 1.576203591540817328e+01 2.989699340155450713e+01 4.976223764495360058e+01 6.479723060267915002e+01 6.375760764266374991e+01 5.325301735878981191e+01 4.491739944959467579e+01 2.969568051835949163e+01 9.691341406307927286e+00 2.776026541611485143e+01 3.371037119907938262e+01 4.026309644952415567e+01 3.432334886275583585e+01
4.223095759028547747e+01 6.202647851263507306e+01 7.613841398546898631e+01 5.614360145519639644e+01 5.614360145519639644e+01 4.516213570942380073e+01 2.941436368749390695e+01 9.805524735817174431e+00 5.904105733470199624e+00 2.484515961037077858e+01 2.746905089400992495e+01 1.215412008442398850e+01 3.268641422388297002e+01 3.461351449483227327e+01 4.893729277946486889e+01 5.729201918588531584e+01 6.634819851619323572e+01 6.828138438981815739e+01 5.999711314235495507e+01 6.828138438981815739e+01 6.285182236040041204e+01 5.457280244897679466e+01 4.657666068325882236e+01 3.804113320700086120e+01 1.804124744458246710e+01 2.698546638784852547e+01 3.698386061291400750e+01 5.698549237979984383e+01 5.521108518562490985e+01 3.489990266930610829e+01 2.488877669020807204e+01 1.822038384299682079e+01 2.969515845570447965e+01 1.171682590894740272e+01 2.586201005576010914e+01 4.587237359334353926e+01 5.460593023071817242e+01
6.202647851263507306e+01 7.025676296489106676e+01 6.650849758858987570e+01 5.536458704288229882e+01 4.731819096614583486e+01 4.000137704024036367e+01 2.684925047128201570e+01 6.839557393124808371e+00 2.591940652866101047e+01 3.413466470685484211e+01 4.100620202060266450e+01 3.268641422386324535e+01 1.799588387438382142e+01 2.335842263635987948e+01 2.871947666663672649e+01 3.771004493348185349e+01 4.946066857004958450e+01 6.971303806869605069e+01 7.937118511060367609e+01 6.937159884169554402e+01 6.108780477070748560e+01 4.657666068326422959e+01 2.657678125451704787e+01 2.157678134961778937e+01 3.800711779697338244e+01 3.068991262474285264e+01 5.062510600182598353e+01 6.516286747176432925e+01 6.366663066442547603e+01 5.207229347227305993e+01 4.491803688816615647e+01 3.823588108495039961e+01 3.316533409651775344e+01 1.316021185638251367e+01 3.316391870481240289e+01 4.085784265872622711e+01 6.252192403806324705e+01
7.830488566427398212e+01 7.017173889367248307e+01 5.839311671085982880e+01 3.921160301238570867e+01 2.796914784279376320e+01 2.029659321365910074e+01 1.415497747003567319e+01 7.501705382115821941e+00 1.718241192422485142e+01 2.826484988489700356e+01 4.760742038246676344e+01 4.668276379289797973e+01 2.977757200039377850e+01 3.461351449483227327e+01 4.893729277946486889e+01 4.148004445616236069e+01 6.176942158803583993e+01 7.799887078222647574e+01 7.108752547003055611e+01 5.108808407138444352e+01 4.108808212388508707e+01 3.442142312874490528e+01 4.449402766807053666e+01 2.449408117627832127e+01 4.449402766806680631e+01 4.482836800585496917e+01 5.901273256246987131e+01 6.571065885428102149e+01 5.740139309788907696e+01 4.892272314490850960e+01 4.066269592386147735e+01 3.886723803997656290e+01 3.462984458243479224e+01 1.461523987371628408e+01 2.060876532758847901e+01 3.442718515142420443e+01 5.639337695933599548e+01
7.017173889367248307e+01 5.112484108877735167e+01 5.670354829526397111e+01 5.536458704288229882e+01 4.475605203376734664e+01 3.141303837154264400e+01 7.980972241840635917e+00 8.175158523303339919e+00 2.857748113734349360e+01 4.171966786441959840e+01 5.568565892519360006e+01 5.834562096321679547e+01 5.000001034463063121e+01 5.483692856986338882e+01 6.316966498447100520e+01 6.176942158803583993e+01 6.176942158803583993e+01 8.189291228251502730e+01 7.937118511060367609e+01 6.937159884169554402e+01 6.108780477070611425e+01 4.596842109468149573e+01 4.750949235223484379e+01 2.750919460739517675e+01 4.164953499590694008e+01 6.159112879871145907e+01 7.303755304283778571e+01 5.740627241550618720e+01 3.739923819046063613e+01 4.061032254277967724e+01 2.066563291600750674e+01 1.886314943487061058e+01 1.709035174666466261e+01 1.747831852597085955e+01 3.708770701668507996e+01 3.975483444919873932e+01 6.065772894563610862e+01
6.728996046986581803e+01 5.670354829526397111e+01 3.764005746562298782e+01 4.651368382663202539e+01 3.676049376302174920e+01 1.675210638360781701e+01 2.993256634583067566e+01 1.763016536536567358e+01 9.129305023225617433e+00 3.672013402505683644e+01 5.140978109952321518e+01 5.236776469175503479e+01 5.621523744586998816e+01 4.879699449494523833e+01 5.402755085170521454e+01 5.989879622654022029e+01 6.669417153673718701e+01 7.504642845021899689e+01 8.517749057341610808e+01 8.596658378749272345e+01 6.596798300919834901e+01 5.229050045665297830e+01 3.229010863439371803e+01 4.750949235585636643e+01 4.165153691782180800e+01 6.165466215067444722e+01 6.894097413993966939e+01 4.893796973014741525e+01 3.480512757735976237e+01 2.326533833300298326e+01 4.066305916380947139e+01 3.301136062749554156e+01 3.124283423858747000e+01 3.739689549439998473e+01 2.165540970611003146e+01 4.148907746648543338e+01 5.435984191389434983e+01
4.979875535120331165e+01 4.031102051328250013e+01 3.342763821078497699e+01 2.716580456080953354e+01 2.289199043803994016e+01 3.675992605681852154e+01 2.979632644751178816e+01 1.008725949042472081e+01 2.937031825417079389e+01 3.469834207844260021e+01 3.120317138579085992e+01 3.331457275858775091e+01 4.159504548582471273e+01 2.864182378139357965e+01 3.376969316529761755e+01 3.956020564078087176e+01 4.630804560625095689e+01 5.652251967740733107e+01 7.686582339633390859e+01 8.406110306692774259e+01 7.405929126229564474e+01 5.577213633938223580e+01 3.577166089871717958e+01 4.731867189808320262e+01 6.165679703165869086e+01 6.994997323082097296e+01 6.929245961366632400e+01 4.928831129937715616e+01 3.515580235729350278e+01 2.516604171105699805e+01 4.515150219157676759e+01 5.300457670878259364e+01 5.123741184969136953e+01 4.898044549766431288e+01 2.916014873458087919e+01 2.628521179364437899e+01 3.616445151068091945e+01
6.728996046986581803e+01 5.926793969131536954e+01 5.256565664071922583e+01 3.845851355988941833e+01 4.238870210712277498e+01 4.170281961559000905e+01 2.381830683340328747e+01 1.076525631551206352e+01 2.945956684492428224e+01 1.499963020718226403e+01 1.731306150022332346e+01 1.966754533038676200e+01 2.211549047187274297e+01 4.205823761735865673e+01 5.402755084433348998e+01 5.989879622654022029e+01 6.669417153673718701e+01 7.504642845021899689e+01 8.517749075115793289e+01 7.577353084788971671e+01 5.577170857617790034e+01 4.577165296776163927e+01 4.024379288059444804e+01 6.024441036897265178e+01 6.731978351618514012e+01 8.732397376719229953e+01 7.666044544651185788e+01 6.343515964087326608e+01 4.710178524550194368e+01 2.711732446573834565e+01 4.710178524550194368e+01 6.443133543928166773e+01 6.306594944703866190e+01 4.314603872897943404e+01 4.898044549766431288e+01 2.984333615599545197e+01 4.965252162390754620e+01
7.975271892516632022e+01 7.141412347090891899e+01 6.553580763266130305e+01 5.751725104274532185e+01 4.968036822191832869e+01 4.128504887909372911e+01 3.751355849357423011e+01 3.046759196193609043e+01 1.172619440952737513e+01 3.141940553889204324e+01 3.705805425058898095e+01 3.359994689091249853e+01 4.205823762788849507e+01 2.652163006212172291e+01 3.804758796282177258e+01 5.235553853322802098e+01 7.264567003345942453e+01 8.166935271490352477e+01 8.997880258372620688e+01 8.406110426143858660e+01 7.405929186104721396e+01 6.577261971086311121e+01 4.780306240871130541e+01 4.877180367996405153e+01 6.877291132435031784e+01 8.589753207431296289e+01 6.837498227195133893e+01 4.837349084432107560e+01 4.907829606102624354e+01 2.909496075426468664e+01 3.615679326407796879e+01 5.614835697224555844e+01 7.135868544926628942e+01 6.306594944703866190e+01 4.748807512086700910e+01 3.350895677701515751e+01 4.490587388148045989e+01
6.670075579343100003e+01 5.113658605938829282e+01 5.485758350476824319e+01 5.063941973569582444e+01 4.131955794398096771e+01 2.141395002183106655e+01 1.807592287092170480e+01 3.065177258585582720e+01 1.243697710900659636e+01 1.955570220237703083e+01 3.825486477187261158e+01 5.374726352559469689e+01 5.001427132790692553e+01 2.985249870512775772e+01 5.001459339142276406e+01 5.985622573386266509e+01 6.511000337896636836e+01 6.138837454182798581e+01 7.873466229651387494e+01 8.705031842557592370e+01 8.780817461176738448e+01 6.780408714189375985e+01 5.780311473888286145e+01 5.543847416233920455e+01 7.544012990535587448e+01 7.760777607473706041e+01 5.759744024684702168e+01 5.204403754659591641e+01 3.205508367938038816e+01 4.908067372821805208e+01 5.614835697224555844e+01 5.028971148624052745e+01 7.029239177337817068e+01 7.574629837731090731e+01 5.747462762848511630e+01 3.761652015999351306e+01 5.747462762848511630e+01
