LEM/with_lateral_4open/elevation_000447.asc
nrows	100
cellsize	150.0
xllcorner	0
ncols	100
yllcorner	0
NODATA_value	-9999
[rows 0 to 16 of 100, columns 37 to 73 of 100]
8.884754177262699226e-02 6.929726548558100274e-02 7.395023591448830758e-02 4.828361932999872264e-02 4.897713358561925356e-02 8.568734790590110117e-02 1.075183056328203948e-02 6.823539046102447547e-02 7.194897206013613211e-02 1.557559815681563986e-02 7.704183385687686514e-02 1.685416958384493638e-02 9.680445094065920353e-02 7.639902522890137937e-02 4.559330980047965332e-02 5.839666421669215124e-02 9.739037529851846120e-02 3.670263267501718690e-02 2.041064012308905357e-02 6.895211126444661387e-02 9.031524355919069713e-02 1.560024811392830661e-02 7.641644294168103979e-02 3.888124420523987601e-02 6.873285589001959517e-02 4.772367030474261584e-02 9.504926490987847254e-02 5.760415539182907330e-02 9.666222459857021221e-02 9.627991409191682948e-02 1.286757495974483190e-02 9.381044340810595905e-02 7.584058927755046864e-02 1.435327048224320848e-02 5.777975670406795827e-02 2.716720951219454838e-02 4.735230246529398453e-03
2.008884754177227094e+01 5.069297403854468698e+00 2.006998613338950577e+01 8.216741062464020473e+00 2.004896727030304859e+01 1.874696554947139049e+01 6.416321284397941138e-01 2.006819426930275796e+01 2.007194897205423345e+01 2.001555828547264326e+01 2.007704183385652286e+01 1.001685416958393127e+01 1.423894007467173495e+01 2.007639902522854669e+01 4.309607636912670792e+00 6.725063330883330082e+00 2.009739037529816486e+01 2.003670263267466112e+01 1.156389065069201294e+01 2.006895211126409251e+01 2.009031524355883391e+01 1.736903335706665441e+00 2.007641644294132632e+01 1.418101686793631444e+01 2.006873285588966382e+01 8.991995580303978386e+00 1.423718488864070331e+01 2.005760415539147345e+01 4.187678063051087030e+00 2.009627991409156067e+01 2.001286757495939028e+01 4.458168248127935662e+00 2.007584058927719539e+01 2.001435327048188739e+01 7.128847568569574022e+00 2.002716720951183760e+01 1.947915357634385103e+01
3.029544611779150642e+01 1.023327823073008602e+01 3.030029234294864793e+01 1.824396788918729939e+01 3.630846709823499197e+01 2.852639240619016903e+01 1.478373423411940202e+01 1.535612440975143489e+00 1.616209302390383229e+01 2.944334273945052516e+01 3.830112541526224845e+01 2.415898979331513274e+01 3.423894007467244194e+01 2.281610106535832116e+01 8.673965441632480733e+00 1.379613114274874341e+01 3.379613114274803110e+01 3.960153424006608702e+01 3.128273872908586384e+01 2.892578032832800616e+01 4.198559671543202754e+00 1.171636454365351732e+01 2.556579107598048139e+01 3.418101686793701788e+01 3.727626747083101577e+01 2.053900096409669729e+01 3.423718488863999454e+01 2.849740092268751823e+01 8.388182473048845011e+00 2.849740092268751823e+01 2.893030420312535611e+01 8.930304203127475304e+00 2.893030420312535611e+01 3.541311886789218022e+01 1.607311947856888779e+01 3.541311886789218022e+01 3.238251587373835605e+01
3.613000703025812044e+01 1.600683466546892575e+01 3.614202159493498812e+01 3.246929404726595436e+01 4.667160829108092912e+01 4.303537073606981522e+01 2.980266301122150097e+01 2.153558811180426602e+01 2.431384299027685714e+00 1.657296513333595556e+01 3.657284343389601844e+01 4.415898979331583973e+01 5.110036982035031627e+01 3.338801063640137556e+01 1.338801064954275688e+01 3.338801063640137556e+01 2.534313652654105553e+01 4.534313652654034144e+01 3.788106880698379086e+01 1.745695086891436532e+01 5.951812474905984196e+00 2.455805341919186091e+01 2.551959087836537776e+01 4.386221772515600748e+01 4.882327405252484454e+01 4.053900097404724079e+01 4.465609646958370860e+01 2.459933114648864105e+01 1.292312762356870159e+01 3.307631761122172520e+01 3.378101670385004240e+01 1.378101670385409250e+01 2.792315232758479127e+01 4.435739092488093149e+01 3.021525510230009104e+01 4.435739056690128734e+01 2.455126551432158521e+01
4.293763279174827119e+01 2.267429006571355288e+01 4.296368384575654886e+01 5.256818402290603842e+01 5.593825123788430886e+01 3.701926467836892698e+01 2.388724034985714439e+01 3.329863786144022342e+00 2.100937635492130440e+01 2.938395143893605521e+01 4.070526898752725486e+01 4.868612739504087727e+01 5.269412385548205435e+01 3.269412406819288464e+01 1.855198844448607076e+01 3.855198846711330418e+01 3.948527215027150561e+01 4.534313652654034854e+01 4.691255773988306998e+01 3.444366133802078167e+01 2.590273007692022134e+01 8.492280518937294076e+00 2.844478859495777456e+01 3.580568998520217150e+01 3.580568998733609476e+01 5.572408325010824370e+01 5.294310654736889177e+01 3.840732019212867243e+01 1.819864987882977658e+01 3.840732019212867243e+01 3.932801866609879937e+01 1.932801866610628494e+01 3.932801866609879937e+01 5.620742356232362624e+01 5.021525510330488373e+01 4.384178994729575152e+01 2.479683164651094884e+01
5.162967468466592180e+01 3.269937802191737575e+01 5.175961323444818873e+01 5.593590908056781785e+01 3.497327963305834686e+01 2.827061732089723378e+01 8.061482096053044444e+00 3.965827318741280916e+00 1.074248906414944393e+01 1.393061973437995071e+01 2.098723234089036183e+01 3.504388925388291653e+01 5.437317328379445058e+01 4.458221536742820490e+01 2.458221533604145037e+01 4.458221536742820490e+01 5.948527215027079507e+01 6.534313652653892746e+01 5.366681615640555947e+01 3.398242996777577218e+01 3.073514359548992658e+01 1.076570870755368148e+01 1.275785937910453782e+01 1.584221391497392162e+01 3.580568998733609476e+01 4.873859753856541488e+01 5.845606601480606201e+01 3.840732019212777004e+01 2.473080839292897792e+01 4.504470759110699163e+01 4.639908647796006136e+01 2.639908647797163610e+01 3.932801866607347563e+01 5.932801866523440282e+01 4.985833658286696135e+01 2.949637820093800400e+01 1.495780938285998474e+01
6.219572909458688059e+01 5.340374749600213278e+01 6.237905838456794072e+01 5.379796799826341669e+01 3.269116601038258807e+01 1.769496765354366019e+01 2.825111576909183242e+01 4.832067042713855898e+00 4.957841557905553920e+00 2.486100799740133738e+01 4.069773280690984052e+01 4.070530534243742693e+01 5.998517002948597110e+01 5.286648693434804613e+01 3.352648724604092223e+01 4.458221536742820490e+01 6.458221581889560525e+01 5.732865488381874286e+01 4.580860115966129342e+01 3.404704774730213757e+01 1.403542613460069788e+01 3.073514359548992658e+01 3.271364504226764325e+01 3.580568998733609476e+01 2.058437203305800622e+01 3.469711279377163038e+01 5.460190816284533355e+01 4.504470759110611766e+01 3.768912468438668384e+01 4.135864564863991433e+01 5.468335771053357774e+01 3.639908647797128083e+01 5.468335771053357774e+01 5.709412089617691777e+01 4.744302045306835680e+01 4.277143579957492392e+01 2.700280025203854350e+01
6.893046574744352029e+01 6.069530765325234256e+01 6.001744859267009957e+01 5.177693203769216979e+01 4.756661839375026801e+01 3.884117008182002451e+01 2.622911916331362647e+01 5.746731018071692176e+00 2.391979530939125453e+01 1.488715363490029553e+01 2.381910351338455811e+01 3.525732482108575994e+01 5.490473686823506227e+01 6.181075814301884463e+01 5.352648729018665108e+01 5.352648728734186534e+01 6.693784350407506167e+01 4.910928446402001413e+01 2.911038237857790989e+01 1.751939694021935168e+01 3.404704774729650296e+01 3.037952041303117312e+01 5.036567300252404777e+01 4.406378993310377723e+01 2.415693000774610510e+01 4.406378993310377723e+01 6.198455498028073407e+01 6.511836333636195207e+01 5.595931254980824576e+01 5.558257016373081427e+01 6.468335770238421389e+01 5.639908647794812424e+01 6.468335770238421389e+01 4.800717637330615872e+01 2.573982935633191715e+01 2.818193145458247884e+01 2.811939410864918543e+01
5.529936704887942511e+01 4.075229186316656893e+01 4.441190344725966099e+01 3.177800459064699012e+01 3.644398974968596860e+01 3.285729399780724691e+01 2.643245807702427186e+01 6.436731865445977974e+00 2.635555153075041446e+01 3.444328699957314655e+01 4.196557222496752360e+01 5.143373479164592510e+01 6.320729082600406912e+01 6.193102799414140947e+01 7.016461714537190630e+01 7.352648775685929650e+01 5.874004358337723630e+01 3.879727925627656049e+01 2.721593414027043423e+01 2.010088275126880930e+01 2.909618854700725521e+01 4.909530318439023944e+01 5.858310346085805520e+01 4.841869621938452894e+01 2.850136525207387095e+01 3.451798627232827954e+01 4.695823425391379402e+01 6.192762339242089809e+01 7.794795749826981535e+01 7.560089716836299090e+01 6.807244956801234537e+01 6.005126510614950064e+01 5.420734168585586588e+01 4.344754800292239594e+01 3.213994809769622663e+01 1.097935415322951513e+01 9.792594690471240426e+00
3.533380326982268116e+01 2.974400207882258229e+01 2.435881707655821771e+01 2.019397413340862357e+01 1.645788233247130350e+01 1.291382173954765555e+01 1.673320511324924453e+01 7.086572017809210422e+00 1.029282634309217492e+01 2.962011977880925073e+01 3.838322030091290316e+01 4.300331354546219842e+01 4.785828408886101926e+01 4.202916302954488259e+01 6.193102799081913901e+01 7.461472696513460789e+01 6.131665311576955446e+01 4.138957813221001913e+01 4.310593020978062384e+01 2.306751510939530547e+01 4.310593036178801185e+01 4.544312727388211215e+01 6.534562243703959439e+01 5.300050753228809697e+01 3.307235557465826759e+01 5.297638731220774133e+01 5.032698738951516759e+01 6.945152878816962527e+01 7.520474912540261414e+01 6.674029867029130969e+01 6.005126510614950064e+01 4.156367736439982252e+01 4.334984666357659933e+01 2.424697570867647656e+01 1.268165568711936864e+01 2.833434434175466876e+01 2.978424277827125977e+01
5.529936704887942511e+01 4.075229186316656893e+01 4.441190344725966099e+01 4.023054589263622915e+01 3.644236592926930740e+01 2.800715312097649345e+01 8.024962201178666987e+00 2.707420173706976385e+01 2.962072557518106208e+01 1.476607045421035380e+01 1.827678595976114195e+01 2.286748554790447585e+01 2.784072696818683568e+01 3.497814935738164621e+01 4.649886661396749332e+01 6.638246483797071562e+01 6.950948720408715076e+01 6.131665310276900271e+01 4.615824394620858584e+01 2.614288525947854325e+01 4.615824394620858584e+01 6.534562243703959439e+01 6.921288606402723076e+01 4.935685860422066185e+01 3.860595341221074506e+01 5.852507895624290057e+01 6.945152878816962527e+01 7.344169548108678214e+01 6.368108474888921222e+01 4.720517089142575884e+01 6.110574666602798999e+01 4.658892676761795570e+01 2.835834645805653054e+01 3.769795686483404040e+01 3.264201384924272276e+01 1.440225948737769279e+01 3.402970184399592313e+01
6.893046574744352029e+01 6.069530765325234256e+01 5.675016167049791704e+01 4.784220877564014529e+01 3.953970202524958921e+01 2.855828138609406253e+01 8.701706335374778334e+00 2.859906557222991097e+01 4.242274639278448234e+01 2.871673261601928573e+01 2.991964555495061262e+01 3.252463190635123169e+01 4.785828432535361543e+01 4.785828432535361543e+01 4.908017670171114588e+01 6.895939197614426064e+01 7.809034070359551549e+01 6.817117900423278343e+01 4.931912124155233812e+01 2.932797792635437162e+01 4.931905148638424663e+01 6.901573111085662049e+01 7.737169943553540463e+01 6.670873183026499476e+01 4.753532129604791834e+01 5.122829626754128185e+01 7.108108504457216270e+01 6.532803022458574560e+01 4.572613707697405516e+01 3.612871092909885107e+01 4.676424148431672023e+01 3.352169104436475777e+01 1.958935221067515187e+01 1.804730686301508769e+01 1.653250334183951509e+01 3.404073084380947023e+01 1.736135683926262629e+01
7.391807767411405905e+01 6.260339648678159818e+01 4.263536015858446859e+01 2.856832126343577372e+01 1.971577185668703436e+01 2.370652971327096381e+01 9.379507597883005587e+00 1.913566910223067197e+01 3.776686602322705966e+01 4.874860129179130297e+01 4.411549195699849690e+01 4.670050750269908946e+01 6.076854444574370007e+01 6.775085103266890485e+01 6.895939197614426064e+01 7.719277341288558603e+01 6.991591210890956631e+01 5.003471469837457875e+01 4.003944762897894805e+01 3.342774166943074476e+01 4.089530988318743709e+01 5.501348953673426223e+01 7.485927140358900544e+01 7.557596053424377658e+01 5.904933626273985681e+01 6.529957988054216855e+01 7.923266728083483201e+01 7.383663752811712300e+01 6.368108474888921222e+01 4.676467367043657219e+01 2.737658798249317371e+01 2.184015718556270969e+01 3.921218641786186510e+01 2.956935678994310024e+01 3.620243098998698628e+01 3.286578064633138752e+01 1.949805737311177367e+01
5.417162842196167816e+01 6.810576926589018854e+01 5.675016167294743497e+01 4.783395821082275035e+01 3.032491595267164897e+01 1.034199976390472386e+01 2.936360233634426464e+01 3.609098953889319716e+01 3.776687729328763510e+01 5.688133690736426473e+01 6.402256757726478043e+01 6.660094982076101644e+01 6.797719338691550206e+01 6.281364429417104134e+01 6.984267121150807611e+01 7.807680105227126433e+01 7.809034070359551549e+01 6.816899197801535593e+01 5.755420121861575211e+01 3.760589351070025543e+01 5.755422870676569147e+01 6.082604494520239058e+01 8.063469925568071517e+01 8.697764471572065759e+01 7.884502710257814329e+01 8.503887322250349712e+01 7.770052654137944614e+01 6.633460867011507389e+01 5.810978813639991358e+01 4.373445755736059937e+01 2.421648739763914548e+01 4.141680097457664544e+01 4.953632952055845351e+01 4.731930380827584059e+01 4.912117149827821549e+01 4.204334943901532284e+01 2.253517387398962768e+01
4.007882124502103238e+01 5.184071981145073238e+01 6.001508627155531883e+01 4.981503891794374539e+01 3.023790197731194596e+01 3.003072147711023376e+01 1.131200848941814918e+01 2.554525069794678771e+01 4.643689149336645272e+01 5.801189237216480166e+01 6.624682602556168831e+01 6.215130137623222595e+01 4.808930428013496794e+01 4.291417735556591850e+01 4.996158081794087735e+01 6.145159107961734435e+01 8.130509983686188491e+01 7.160600624103030043e+01 5.173418669755605492e+01 4.654994985674205310e+01 4.613416236567122297e+01 6.024082142141732277e+01 8.005431331115866556e+01 8.987707767363662015e+01 8.146416203313306426e+01 8.146416203313293636e+01 6.937944636902408035e+01 4.985982729638562461e+01 3.880121280491308511e+01 4.538156193700025653e+01 2.590934237506917626e+01 3.967443794001250268e+01 5.866320303559528782e+01 6.864524885910226715e+01 6.292815308851634626e+01 4.203452832159658925e+01 2.564877978238000722e+01
5.184071981145073238e+01 3.190855418111113195e+01 4.479363507097744446e+01 4.476134111253648484e+01 3.655645440670311785e+01 3.183672486909252441e+01 1.199905889418513993e+01 3.203027160113442307e+01 4.402686001403191796e+01 3.823406994106669288e+01 5.801189237216480166e+01 5.391432938576711820e+01 3.403904736106531459e+01 5.391432938576711820e+01 6.984267121150807611e+01 7.807680105227126433e+01 8.954649930672853486e+01 7.977951046947264047e+01 7.160605722971129694e+01 5.653586582111565662e+01 5.612096471547929610e+01 6.024082151428321197e+01 8.005434766314895967e+01 8.146416203313306426e+01 6.158839835368495841e+01 6.158839835368495841e+01 7.209463718046376357e+01 6.633460867011507389e+01 4.778892488395516835e+01 2.839155356944339204e+01 4.538169981708136191e+01 3.829746376414056641e+01 5.222465666746573021e+01 7.315637292798588476e+01 6.101315993663360615e+01 4.822939272155058887e+01 2.888384975561175949e+01
3.641745452820505591e+01 3.038333814145379819e+01 2.493440645201553352e+01 3.658661388986432428e+01 1.703453446063775090e+01 1.486682752815748287e+01 1.268740996568781476e+01 3.198957569747432927e+01 2.469673526341792780e+01 3.814896667818789666e+01 4.021834897025878064e+01 4.236455125577838743e+01 2.920244792979120163e+01 4.894550940086818258e+01 6.722554297235473086e+01 6.563144623977768788e+01 7.381594423098134428e+01 8.370282695807901518e+01 8.453930126318896043e+01 7.059950008717009950e+01 6.761876276050146828e+01 8.005434766314895967e+01 8.820894404162041269e+01 8.146416203313306426e+01 6.158839835368495841e+01 4.798091026901034439e+01 5.251673963056855854e+01 5.559314190893208973e+01 4.954814633171970684e+01 3.020777623933836153e+01 4.939157391615439252e+01 5.798438193201849344e+01 6.648704652915189683e+01 6.622372654121758728e+01 5.294493970278156780e+01 3.374756762889311545e+01 4.822939272155058887e+01
