LEM/with_lateral_4open/elevation_000551.asc
nrows	100
cellsize	150.0
xllcorner	0
ncols	100
yllcorner	0
NODATA_value	-9999
[rows 34 to 50 of 100, columns 0 to 36 of 100]
2.064481644892168788e-02 1.416278044017999704e+01 3.416278044018070403e+01 3.741944728374370044e+01 3.526687502125756879e+01 3.526687502125979989e+01 2.208952223171964135e+01 2.025132671758359493e+01 4.006142857208808294e+01 5.763965520008141397e+01 5.941889051550047895e+01 3.928360162512493758e+01 2.510243559198975305e+01 2.413857746100103085e+01 3.570287675906329383e+01 5.583103340971592843e+01 6.832782088550000310e+01 7.338859637797683888e+01 7.176968962029577881e+01 6.356118282308445089e+01 4.891757078965541439e+01 6.874751271246772433e+01 5.535135694498922732e+01 7.432588743705616707e+01 5.997867605998369100e+01 5.514059574418621423e+01 6.085907523201607461e+01 6.787571933520497680e+01 7.781074397285340183e+01 9.759867515977110486e+01 1.029023454600036303e+02 8.658855853194739893e+01 8.760456945953478680e+01 1.013956652012497841e+02 9.210442444375382820e+01 8.085727450003959405e+01 6.158526740950067335e+01
2.905961989428186565e-02 2.002905961989392836e+01 3.726396991692558203e+01 4.881097530091549430e+01 5.486619030530577845e+01 5.027735892478564494e+01 3.617398542517457116e+01 4.006142857208808294e+01 2.959731898542355566e+01 4.939338232354336355e+01 5.307409240997963451e+01 3.295080881464361511e+01 4.518109119996579892e+01 4.421045027451512510e+01 2.825492206673457218e+01 3.984336930761811146e+01 5.998739205279679965e+01 7.659301628471229151e+01 8.492418146760503816e+01 7.696728354506473124e+01 6.036714462658051161e+01 7.696728354506473124e+01 6.675640356085128246e+01 8.315833289857188504e+01 7.398153165406182552e+01 6.916460056004386558e+01 7.133319790244115666e+01 8.069410283806340090e+01 9.589639941052655558e+01 1.057877728171552576e+02 1.141571935948596774e+02 1.060091070445526640e+02 1.070354712179091621e+02 9.518590573983927072e+01 7.589548820450175981e+01 6.482491452116401831e+01 5.617016434692465765e+01
3.542675937824442400e-02 8.979698669377480513e+00 2.052670405317019942e+01 4.052670405317090285e+01 5.082954244848730241e+01 5.911381374621839768e+01 5.610819846109434650e+01 5.763965520008029131e+01 3.947512504481156270e+01 5.763965520008141397e+01 5.914836096503866969e+01 3.900229129205355605e+01 5.914836096503866969e+01 5.142573355568839588e+01 3.130424355948683157e+01 5.142573355568503501e+01 6.044245715092247906e+01 5.643032220959320711e+01 7.329212571613373939e+01 8.336897317376771355e+01 8.020591642404306754e+01 8.841968533068225611e+01 8.640952407145195480e+01 9.465241323868723100e+01 9.354543718473051683e+01 8.897940896586216297e+01 9.114223301542176614e+01 9.933745561178966454e+01 1.086808434899648859e+02 1.102398453977274499e+02 1.019607944141845763e+02 9.937021979239321468e+01 1.076478253360494648e+02 1.032869363034991039e+02 8.906884732180253650e+01 6.981100203373524948e+01 7.545149432756885233e+01
3.411803931810562102e-02 2.003411803931775026e+01 2.933563303486303653e+01 3.449961082981892702e+01 3.082954244834802182e+01 4.945054877939660543e+01 5.839482070580216799e+01 6.757416662218219017e+01 5.931163960227519283e+01 6.757416662218234649e+01 5.062890749592325079e+01 5.914836096503866969e+01 6.748849017161752784e+01 5.976846853731803577e+01 4.135007620425334096e+01 3.610002000585814841e+01 4.028887148741342372e+01 4.478451867205117054e+01 5.486852435491894653e+01 6.914021241962788622e+01 8.926867057393363325e+01 1.010280132115345708e+02 9.281810235280650545e+01 1.010280132115345708e+02 1.020601197501301414e+02 1.042479834842394553e+02 9.598386167702854266e+01 9.857325169802147968e+01 1.068370385564610814e+02 1.019607944141845763e+02 8.197393042954314524e+01 7.937841749774332811e+01 9.610688791363529049e+01 1.057635497474758211e+02 9.714476989206276869e+01 8.906884732180253650e+01 8.816799825987330053e+01
3.327314952832965272e-02 4.621587826939585142e+00 9.335633034849943002e+00 1.449961082979321070e+01 2.116627749645999401e+01 3.011054940645930955e+01 4.425268503019076149e+01 6.425268503048245350e+01 7.285668179975819214e+01 7.911988167310006759e+01 6.227345052630297317e+01 7.911988167310006759e+01 7.795316351699885615e+01 5.780393938775174689e+01 4.771928008665096854e+01 4.509503528220854918e+01 6.044245715092510096e+01 6.495211283960064463e+01 5.380235008509179551e+01 6.546132659629738271e+01 8.559888537015649490e+01 9.109177742346803086e+01 7.292409438491732487e+01 8.218430780058142204e+01 8.218430780058142204e+01 9.272733249990592697e+01 7.602826706792960465e+01 7.861762644335070149e+01 9.857325169802147968e+01 9.342751505207185403e+01 8.514779811654602781e+01 6.782562090667165933e+01 7.749194191200776061e+01 9.748373995455796148e+01 1.015479462386530543e+02 1.037329808477298485e+02 9.782530366492085250e+01
6.779948344387334846e-02 2.006779948344351894e+01 2.933563303486303653e+01 3.449961082976216886e+01 4.116627749647787482e+01 4.945054877939660543e+01 5.839482070580216799e+01 6.699877291545236346e+01 5.285670513108459545e+01 6.699877291545236346e+01 8.241471570015015402e+01 9.074219996177600933e+01 8.628587496602870033e+01 7.621718655770624196e+01 5.780275479197638333e+01 5.673747550530300998e+01 7.359565100408879346e+01 8.230627571327255509e+01 6.390129772061693814e+01 8.230627571327255509e+01 9.392757155261450919e+01 8.287109836886375547e+01 6.298994331036505656e+01 6.230404017079538903e+01 8.047028250366035707e+01 8.446249375762616296e+01 6.454058038631517036e+01 8.446249375762616296e+01 9.797918134284830671e+01 8.190700039082088324e+01 6.520813255775433959e+01 6.125154839956114472e+01 8.116050520621809028e+01 9.360525827420572398e+01 8.156273986676036714e+01 8.374917449851635354e+01 1.037329808477298485e+02
9.516927588586144779e-03 2.000951692758822986e+01 2.475004480643269389e+01 2.717540075539472255e+01 3.545965288811784433e+01 4.960176879333042166e+01 5.545179423540739094e+01 4.716756142158874354e+01 3.871456982993327500e+01 5.871456267376636617e+01 7.533309451988634464e+01 8.361717538257521198e+01 8.925274088070526091e+01 8.628837370895023184e+01 7.206331951327112506e+01 7.689423963452024680e+01 8.522607169282750306e+01 9.237229242433529919e+01 8.404362306187709919e+01 9.237229242433529919e+01 8.841322386012195977e+01 8.019256445509260800e+01 7.224417398568844817e+01 5.230706254933693344e+01 7.224417398568844817e+01 7.845581087048050506e+01 5.861924205301269808e+01 6.980267753429384925e+01 8.389092943857099272e+01 7.363562683862657821e+01 5.393772424028232848e+01 7.363562683862657821e+01 6.542900165392532585e+01 7.674524010256045869e+01 6.745259995679383280e+01 8.741627128967517990e+01 9.079235684462801714e+01
1.945935296826603253e-02 2.376481956923420125e+00 4.750045273311116922e+00 7.175401523674437065e+00 2.131753713966287123e+01 3.905171563292515913e+01 3.863953405134585495e+01 2.716756444979428764e+01 4.130970001067723274e+01 6.130968988631327221e+01 5.533311774519560089e+01 7.207025720473349395e+01 6.925280196313308068e+01 8.339474110317246414e+01 9.218548918289603478e+01 8.929837608769531698e+01 8.104584991270780847e+01 8.929837608769531698e+01 9.666051850696142367e+01 8.845072562913999548e+01 8.019256445509260800e+01 6.025324184443105935e+01 6.609333422482755793e+01 4.697519363662664915e+01 6.709643394805709704e+01 7.295413656273815661e+01 5.324279883735124486e+01 5.587808912683819074e+01 7.398689476620997141e+01 6.933719209154180874e+01 4.976763599011566441e+01 6.431801235146500062e+01 5.163060278963657623e+01 5.695709584535776315e+01 7.089647667644644002e+01 9.086540408899681154e+01 8.247167018142943107e+01
5.600688922766024203e-02 2.005600688922730512e+01 2.475004480643269389e+01 2.717540075573159797e+01 1.076750756420990562e+01 3.076750596500751556e+01 1.863953579557174933e+01 3.863953405134585495e+01 4.721467620406296106e+01 5.113699818778112416e+01 4.378611247987903710e+01 6.246155002513122412e+01 5.511066776559610503e+01 7.511064844877334679e+01 9.222625901084188627e+01 7.936547308286988311e+01 6.120388380137410422e+01 7.936547308286988311e+01 8.517954971765045968e+01 6.853800322033026760e+01 7.598504264126526664e+01 6.609333422482755793e+01 4.584083514810081539e+01 4.177065595485538552e+01 6.221631635261811510e+01 6.819741722802486095e+01 5.999669643425350785e+01 4.622415637270258060e+01 6.575657368887175380e+01 6.525665756771225290e+01 4.575162725841938993e+01 4.482904897731629745e+01 6.431792368247094771e+01 7.674517422487578244e+01 8.502040317753733234e+01 8.397615874931676672e+01 7.538207405215696610e+01
8.215197286175310309e-02 2.008215197286139642e+01 3.831119196293521156e+01 3.905170437255706162e+01 3.076742455342914084e+01 1.451385081053664905e+01 3.451384913064286764e+01 2.356319543474497280e+01 2.721467915144601690e+01 3.113700185420962896e+01 3.613700185420945132e+01 4.246155717454598744e+01 5.400856254392525102e+01 7.400854566233047649e+01 8.283833653021287091e+01 6.412476954972380838e+01 5.132560175716215412e+01 7.112486685704097056e+01 7.624602423156603948e+01 5.692926164646091536e+01 6.773458021931359951e+01 4.735518018535817220e+01 3.766737761155394537e+01 3.668729703425859157e+01 5.752573853335969289e+01 5.470891537455315756e+01 4.056808439089619611e+01 5.999166062001657451e+01 7.397061630451192116e+01 7.348887970397194636e+01 5.984693549773027854e+01 4.035362313260804967e+01 5.984693549773027854e+01 7.658567024599221895e+01 8.281098848531416934e+01 6.399338103663800581e+01 6.399337868436317223e+01
2.613274238814250472e-02 1.002613274259117304e+01 2.416826953944200440e+01 4.416861265493793098e+01 4.158492068485006854e+01 2.158491862240200021e+01 4.158492388254995120e+01 3.770533102012729643e+01 4.135681472348030496e+01 4.268400723430596599e+01 5.613699696563483599e+01 5.027913736727756344e+01 7.027912105447607871e+01 8.229264885384930039e+01 7.459545972103502720e+01 5.477254636109994834e+01 4.432863844503621209e+01 6.412476954972380838e+01 6.799872555883209202e+01 4.770169852106970154e+01 5.785021205609052686e+01 5.109486977023058074e+01 2.983028049657578151e+01 5.109486969417393709e+01 5.470853475299229274e+01 3.523581271827474382e+01 5.470891537455315756e+01 6.022976361023921754e+01 6.844755923240809636e+01 7.091859483167044687e+01 5.128184839749383883e+01 3.753874083545333207e+01 4.875080294987685647e+01 6.834744153759864105e+01 6.873011264331732662e+01 5.464599730010739620e+01 4.436302026841516266e+01
7.532853315450405152e-02 2.007532853315414911e+01 3.469136774618048236e+01 4.297563899364268281e+01 4.986942806681806672e+01 3.572705428178986864e+01 4.158492512741040770e+01 5.770532292530564433e+01 6.135680483698269683e+01 6.268399856818365379e+01 7.096816026209820905e+01 7.027912105447607871e+01 7.856323887761334390e+01 8.234563140235039214e+01 6.249835771174476662e+01 4.850874788958525130e+01 3.859666649488350743e+01 5.214455499850290465e+01 6.036507964838146023e+01 5.785021099365029329e+01 3.706481190290065086e+01 4.750049719626665023e+01 2.624523303037959110e+01 4.750049701129477597e+01 5.121145180370022132e+01 3.116004072600085095e+01 4.627535594883418213e+01 4.049609463530285325e+01 6.023009818310911356e+01 5.887128326762478281e+01 5.070856428057777521e+01 3.492662904856513961e+01 5.438044236388765285e+01 6.540350330333863837e+01 5.715390779618406469e+01 4.089464348463058485e+01 6.046127167406608294e+01
6.101047412966256744e-02 7.132078285995167910e+00 1.469136774617977892e+01 2.623837312997249782e+01 4.623837312997320481e+01 5.572707644864549081e+01 6.158500494220869825e+01 5.814662130348884972e+01 5.555166855295032491e+01 6.383094487276130735e+01 7.537475777327802007e+01 8.075550971577665393e+01 7.252236003786929075e+01 8.075550971577665393e+01 7.654787264902279276e+01 6.358226376021921311e+01 4.377157106275091536e+01 3.230835402688911273e+01 4.674582490601694218e+01 5.496556426396045936e+01 4.898728765812120400e+01 2.789474161147561659e+01 2.293923475525268429e+01 4.405222049938655005e+01 4.293903528956217741e+01 4.272048284936266782e+01 2.455422774169543487e+01 4.627542905867744594e+01 4.637065807012951524e+01 4.733888672080978210e+01 3.137088159348262195e+01 5.070744411148412922e+01 6.178990015089845400e+01 5.396158678174560919e+01 3.760501420380282411e+01 5.715390779618406469e+01 5.647431605559059875e+01
6.842009524227352091e-02 1.421055571897334957e+01 3.421055571897405656e+01 4.297563899364268281e+01 5.452264437743539816e+01 5.566892898736764295e+01 4.738883539624773533e+01 3.815113761655489100e+01 3.555689246355717614e+01 4.709830648203825376e+01 6.709917588920424691e+01 7.078793795555489510e+01 5.256295938131108869e+01 6.850318278896706659e+01 7.674173208498422127e+01 7.181291586657010839e+01 6.036508478810471701e+01 4.093980223536436114e+01 2.689639795432989544e+01 4.185923378750232615e+01 4.637464366276817174e+01 3.840684529176184014e+01 1.977295279823215779e+01 3.986915779414068339e+01 2.240839009513687685e+01 2.334435664155833834e+01 2.431580160171078120e+01 4.363853153691805886e+01 2.705224427353825689e+01 2.801830584946539204e+01 2.897625814537440547e+01 4.828562887884648092e+01 5.091004753115879566e+01 3.446103417869459662e+01 5.396158678173667766e+01 6.540350327109068473e+01 7.559185523916971761e+01
1.934550753332892059e-02 1.001934914446928282e+01 2.416201539656001884e+01 4.417529845415167955e+01 6.025348596934517786e+01 4.416159729299450021e+01 2.748183803519685142e+01 2.413704097406909099e+01 3.815113761655489100e+01 5.814662130348884972e+01 6.633363229679314088e+01 5.808383877306324194e+01 4.256528194574302404e+01 4.853978578161443380e+01 6.850318278896706659e+01 6.966565762097364711e+01 6.899132629254435756e+01 5.496556426396045936e+01 4.185923378750232615e+01 2.199740847012898115e+01 3.658922522070776040e+01 1.853097414230973072e+01 2.900003143568995867e+01 2.108576434621006257e+01 3.808698737077971685e+01 4.255174707319699223e+01 3.919419196553320006e+01 2.567904041062763554e+01 4.498205685898404482e+01 4.733804135612808039e+01 4.773449259305785120e+01 3.042696664165097431e+01 3.148042238214948085e+01 3.271762772748336090e+01 5.234816919188606477e+01 6.249050190711522390e+01 7.654861759442988500e+01
4.364784840791047227e-02 2.004364784840755576e+01 3.828443150263942130e+01 4.120058550215131987e+01 4.120064821928690435e+01 3.589552465059566089e+01 1.610835993531911470e+01 3.589552511108779953e+01 5.228811131185988614e+01 5.985748495867066765e+01 5.160176983450802624e+01 3.810476050654315117e+01 3.440382900288550161e+01 5.438692938954876865e+01 6.386546821499114657e+01 4.982576781051842829e+01 5.711780955537730620e+01 5.712127432108660940e+01 4.421545005806893869e+01 3.599239819602862411e+01 1.729449156737415905e+01 3.717995789510838733e+01 4.170990932150791508e+01 3.547799117746395581e+01 3.456157598941950937e+01 5.282128748368799620e+01 4.114906218560198425e+01 4.499300451510552534e+01 3.779383074649504692e+01 5.596153376432804549e+01 3.628744248607058864e+01 4.989991094359258739e+01 4.267006899599770264e+01 5.233777876925717720e+01 3.451214124797043326e+01 4.843238661827088265e+01 6.441619049071434233e+01
5.219006137575642884e-02 2.005218995180971930e+01 2.943689006835372268e+01 2.262532374274274005e+01 4.120062086795713441e+01 3.135153115369228871e+01 1.077449902090023670e+01 2.538561916245222250e+01 4.532016787860244023e+01 4.832914210559575707e+01 3.161892834829856014e+01 2.656313759269002261e+01 4.654891255772724890e+01 6.264075893329914635e+01 5.563673699800688155e+01 3.579644699880338976e+01 3.727756180525950214e+01 4.308111389579849515e+01 2.904082827330479688e+01 1.610143393795375744e+01 1.904817958476829887e+01 3.892891864360476717e+01 5.143937939156551664e+01 5.678386101616124648e+01 5.315957227936405616e+01 6.094718471118873282e+01 5.479950437860112089e+01 5.734873462909946795e+01 5.158231363788329560e+01 6.049908421993858809e+01 4.075668478939731898e+01 6.049240866462645982e+01 5.658849960169459337e+01 6.238905793279734269e+01 5.423752730001076827e+01 3.637775646719165223e+01 5.615883556480850558e+01
