LEM/with_lateral_4open/elevation_000464.asc
nrows	100
cellsize	150.0
xllcorner	0
ncols	100
yllcorner	0
NODATA_value	-9999
[rows 0 to 16 of 100, columns 37 to 73 of 100]
8.884754177262699226e-02 6.929726548558100274e-02 7.395023591448830758e-02 4.828361932999872264e-02 4.897713358561925356e-02 8.568734790590110117e-02 1.075183056328203948e-02 6.823539046102447547e-02 7.194897206013613211e-02 1.557559815681563986e-02 7.704183385687686514e-02 1.685416958384493638e-02 9.680445094065920353e-02 7.639902522890137937e-02 4.559330980047965332e-02 5.839666421669215124e-02 9.739037529851846120e-02 3.670263267501718690e-02 2.041064012308905357e-02 6.895211126444661387e-02 9.031524355919069713e-02 1.560024811392830661e-02 7.641644294168103979e-02 3.888124420523987601e-02 6.873285589001959517e-02 4.772367030474261584e-02 9.504926490987847254e-02 5.760415539182907330e-02 9.666222459857021221e-02 9.627991409191682948e-02 1.286757495974483190e-02 9.381044340810595905e-02 7.584058927755046864e-02 1.435327048224320848e-02 5.777975670406795827e-02 2.716720951219454838e-02 4.735230246529398453e-03
2.008884754177227094e+01 5.842799957381813236e+00 2.007395023591413263e+01 1.994153043756680788e+01 1.226251889431840603e+01 7.194115984303793843e-01 1.995971621757930947e+01 2.006823539045209870e+01 1.421746315241068537e+01 1.415771122188789022e+01 2.007704183385652286e+01 6.683520836250482766e+00 2.009680445094030432e+01 2.007639902522854669e+01 3.967916012564152606e+00 2.005839666421633538e+01 2.009739037529816486e+01 1.417883825640584128e+01 2.002041064012273353e+01 1.759260620721481816e+00 2.009031524344459640e+01 2.001560024811357152e+01 1.421855206667275695e+01 2.003888124420488381e+01 7.628022316074597242e+00 2.004772367030438573e+01 2.009504926490952315e+01 1.005760415539174168e+01 2.009666222459821583e+01 3.476573298037172854e+00 2.001286757495939028e+01 1.164081582720052133e+01 2.007584058927719539e+01 2.001435327048188739e+01 9.000540522906209873e+00 1.961011665466145004e+01 1.063247478400592971e+00
3.187302684893667859e+01 1.187302684893703386e+01 3.187302684893667859e+01 3.586504653406630183e+01 1.929477184870831863e+01 1.941395680713328886e+01 1.617438108564277055e+00 2.206511092390586626e+01 3.429688557833677010e+01 3.415771122189119779e+01 3.375458864808342696e+01 1.375458864811589521e+01 3.375458864808342696e+01 2.833227382107792991e+01 8.332273817283963879e+00 1.811005163629089409e+01 3.811005164108238574e+01 3.417883825479803761e+01 2.345563848017143727e+01 3.455638480081427044e+00 2.345563847997437179e+01 3.573990964505878054e+01 3.421855206667346039e+01 3.591229356353750291e+01 1.762802231607477310e+01 3.591229356353750291e+01 3.005760415539138464e+01 3.005760415539138464e+01 2.683974163111506073e+01 6.904482931234387166e+00 2.683974163111506073e+01 3.164081582720016428e+01 3.992508707466141260e+01 3.691694191181066742e+01 2.051146258733458438e+01 2.210149713143950123e+01 2.123245360339533594e+00
3.894409466080167448e+01 1.894409466080238502e+01 3.894409466080167448e+01 4.444265624405658599e+01 3.353197195105537531e+01 2.219540524761110944e+01 2.253079834728061837e+00 2.225219928752769150e+01 3.624180907108689809e+01 4.467855190084660677e+01 4.203885986115669482e+01 2.530159403190820555e+01 4.203885986115669482e+01 3.292058850193076580e+01 1.292058849469515991e+01 3.292058850193076580e+01 3.811005164108239285e+01 3.975442956885444090e+01 1.975442956787991733e+01 5.612293944150186675e+00 7.455638480081445252e+00 2.745563848169216925e+01 3.991019820635143844e+01 4.591229356353566970e+01 3.762802231607548009e+01 4.591229356353767344e+01 5.005760415539067054e+01 4.640629901870946838e+01 3.129609007266725129e+01 1.136669397919532898e+01 1.535341552271091636e+01 3.505065694418957634e+01 5.259186417357997101e+01 4.785019442299698511e+01 4.000167440080940651e+01 3.044132540081270477e+01 2.213555995327361359e+01
4.722836590826327807e+01 3.049110004459469536e+01 4.722836590826327807e+01 4.366032121960337520e+01 2.662311524934688833e+01 7.338099888069868904e+00 2.889686859126500806e+00 1.647778266439445360e+01 1.643247865188956425e+01 3.053855970891217453e+01 5.053448275729057571e+01 3.944372965563865563e+01 4.925052092137395476e+01 2.925052011796378082e+01 1.846759045694735235e+01 3.846759045933819010e+01 5.811005173937184054e+01 4.726156264681494434e+01 2.780757914311768175e+01 7.807579143943984334e+00 2.745563848169216925e+01 1.162592676122297775e+01 3.162592676505681055e+01 3.923472131539471519e+01 4.751903618963191889e+01 5.906607738081812187e+01 4.965374628945562563e+01 2.970102157555186650e+01 1.819817045069139638e+01 3.129609007266725129e+01 3.505065694418957634e+01 2.507504922770260691e+01 4.444224044218218239e+01 5.106857255663917527e+01 4.246522632103185657e+01 3.450968409669256687e+01 2.472254265463013212e+01
5.877537129205558841e+01 5.049110004459398482e+01 4.952604967505480005e+01 2.955337260824248702e+01 1.534767918339495552e+01 2.662311488710327723e+01 2.288942710608605680e+01 3.797842090997034958e+00 1.794074371378557586e+01 3.793902639225962048e+01 5.374625218041673236e+01 5.944372965509079165e+01 5.753481606310706553e+01 4.449781734166109004e+01 2.449781734850251880e+01 4.449781734166109004e+01 5.311633675304832281e+01 3.312255440683065189e+01 1.911264200855523754e+01 1.002980136616618800e+01 3.002980136479328266e+01 3.162368828486255978e+01 1.599028456594286318e+01 1.923471298855816869e+01 3.078171842350026211e+01 5.078173800398588611e+01 5.793123565681342058e+01 4.389178504210474330e+01 2.394635487760661263e+01 4.389178504210474330e+01 5.259184396057908373e+01 3.583544013554733709e+01 5.253190544417115859e+01 4.240120944500216638e+01 2.206537171786287388e+01 2.617069458028380424e+01 6.248101098101023432e+00
5.599426162624835968e+01 5.933552195985821243e+01 3.960631905922426199e+01 2.805335775914969432e+01 3.540323427942036005e+01 4.012337137374417040e+01 2.444312670388122299e+01 4.442672511892188147e+00 2.444312670663939002e+01 3.741271765226099433e+01 3.374184039498494059e+01 5.374625218041669683e+01 6.082774263580770935e+01 4.082774892104291808e+01 3.449781734850216708e+01 5.278208509927166148e+01 5.936362120361942374e+01 4.724576737822501116e+01 3.235450038325428324e+01 1.234757061458249616e+01 3.235450038325428324e+01 4.426582643079912316e+01 3.013242056963441584e+01 3.923472131539471519e+01 2.431471806856587747e+01 3.586172354368727611e+01 5.586174973713620773e+01 5.054330074911722903e+01 3.058875362807977183e+01 5.054330074911722903e+01 6.238720310205649611e+01 5.178559713028337086e+01 5.299449961000306075e+01 3.348313604984247860e+01 1.941982133920322795e+01 7.875706910312382014e+00 9.840576999576127193e+00
6.427846732775117289e+01 6.747804395970176472e+01 5.609945991680266530e+01 4.507240360697403503e+01 3.666839665879004428e+01 3.021283995199408778e+01 8.360424089814294746e+00 5.088519156747567607e+00 2.508327025144682665e+01 1.748118650002964358e+01 3.732236976121303229e+01 4.689390169669439246e+01 5.517263614334218147e+01 6.082774160921493234e+01 4.863995297102307092e+01 6.278206321478717200e+01 5.107448271587902155e+01 3.059208595126304431e+01 1.900924057824944313e+01 1.477345673906499890e+01 2.887270608735608945e+01 4.887048821593486991e+01 5.013244309007622945e+01 4.816373368519825959e+01 2.816371986316345044e+01 4.816373368519825959e+01 6.414610165397326114e+01 5.882122332188416181e+01 4.056052707323526363e+01 5.882122332188416181e+01 7.335307645557246303e+01 6.070669334159125441e+01 5.067001272760311537e+01 4.211602596148156152e+01 2.906843293865551203e+01 9.042173620158733272e+00 2.906921040400854039e+01
6.576204151461985248e+01 5.843808435742517560e+01 5.108431623022418222e+01 3.666839665920650759e+01 1.659245974704860060e+01 1.313577140790301634e+01 1.805496276067489703e+01 2.509019233309118491e+01 6.021606439691836954e+00 1.756156012770199126e+01 3.291512555836156650e+01 2.696494119861933214e+01 4.104177150850507161e+01 6.102219565516785593e+01 6.863995179129462088e+01 7.109099166285621152e+01 5.107448271587902866e+01 3.844416400479764917e+01 1.850218987808163007e+01 3.472992449376480550e+01 2.473146497438797553e+01 3.887054658219250314e+01 5.887045447915598828e+01 5.224622013487601180e+01 3.224620276780222383e+01 4.638833987781922019e+01 6.638839409822023185e+01 6.880832972689523785e+01 6.052607442499918733e+01 6.880832972689523785e+01 6.652482482333908820e+01 4.197453455661946009e+01 2.914782242610632679e+01 2.115206731336727586e+01 2.956208458606404932e+01 1.021467746237413010e+01 2.967693672679221706e+01
4.504676243073059538e+01 3.784166712429047408e+01 4.250727951288533291e+01 2.210870876065678559e+01 3.649669153856639525e+01 2.649595377208703439e+01 3.263417026062320048e+01 3.353439843739373316e+01 2.602374097435318134e+01 6.959919963033195600e+00 1.426514884296292074e+01 3.428972032676156800e+01 4.361920167209092369e+01 4.994298701861467293e+01 5.822354822163663357e+01 6.693192586972659797e+01 4.693193406958424418e+01 3.279022633403134535e+01 2.125507307133644375e+01 4.124303907620458176e+01 4.472838417549991163e+01 3.887054658275854280e+01 5.887045513807505870e+01 5.724622592389989251e+01 3.724620276780451888e+01 4.638833987781922019e+01 6.053048828587716201e+01 8.053062975748284202e+01 7.618227344144527535e+01 6.777746300345297925e+01 7.138827709957519119e+01 6.005265428325802901e+01 4.359374610104111269e+01 2.344773050917061141e+01 1.188743747244508420e+01 3.024562968877096125e+01 3.852474204502436095e+01
6.576204151461985248e+01 4.922708655217795837e+01 2.875771528123254583e+01 3.645809100147592829e+01 4.974317412773736180e+01 4.355056816027840227e+01 3.534290898618298371e+01 1.839425656260044306e+01 7.914792208132119811e+00 2.696104480555423777e+01 1.313387876192460801e+01 1.784855091127321103e+01 2.362169235968324443e+01 2.994542193356483040e+01 4.408601154845932513e+01 6.408297661317232041e+01 5.833375961344475513e+01 3.833379142057349043e+01 2.419321807516190859e+01 4.419164648075018675e+01 5.732661085828470959e+01 5.887045513807505870e+01 6.715474214738625847e+01 6.259145920815450381e+01 4.259142760609323375e+01 6.259145920815450381e+01 7.467277948859499759e+01 7.461648766423205359e+01 6.452560379783140831e+01 4.762938071440107990e+01 5.943069252220060861e+01 4.730862796536939641e+01 5.193755422108847597e+01 3.993666116936121568e+01 3.192176006603725114e+01 1.360929116632266656e+01 2.839330132877875812e+01
6.384518831226337454e+01 4.317207054700057967e+01 4.197140094356934981e+01 5.711131245847240478e+01 5.503744407292491303e+01 4.247463504740711926e+01 2.887191805526310517e+01 8.871963105077220746e+00 2.791382718359194115e+01 3.619718055975548765e+01 2.727573909287258047e+01 3.198933060583839350e+01 3.417690011498603297e+01 4.994298691079937669e+01 4.408601154846082437e+01 6.408297663314668569e+01 6.419162434818899499e+01 4.419164648053974531e+01 3.235664464866281520e+01 2.904242756669633252e+01 4.904233702156452068e+01 6.801706094224020660e+01 7.801706311799540572e+01 7.087582716640125113e+01 5.153569957083329456e+01 5.524053978113401087e+01 7.524062158808958145e+01 6.621476651658754520e+01 4.607515802384079251e+01 3.606384130554285861e+01 4.714367316166985944e+01 3.233139503079888755e+01 4.004546668926268893e+01 3.850529170333106777e+01 3.486901808069138298e+01 1.483378276104574489e+01 2.839069207445983167e+01
7.244640601982129624e+01 6.384518831226337454e+01 6.153155968823830335e+01 6.797483456965784399e+01 4.277448220370747833e+01 2.458884425616241032e+01 1.695564396141542929e+01 2.429868759119673882e+01 9.838073253318734501e+00 3.210632673110926305e+01 4.727352477503325190e+01 5.198654781247943646e+01 5.417425755604325843e+01 6.245729361110763733e+01 6.408297663314668569e+01 7.236108489481246409e+01 6.649872519269557358e+01 4.649872575315217205e+01 5.235658996526724707e+01 3.312482344465733064e+01 3.973278745870172202e+01 4.973278571656860692e+01 6.973278592947688992e+01 7.982015839260576229e+01 6.308270779875028467e+01 6.938269588129770682e+01 8.352504037301780215e+01 7.461648766423205359e+01 6.452560374326743897e+01 4.716441196192560881e+01 2.712625903230105706e+01 2.158340522020841945e+01 2.002156243529613633e+01 1.847341539323149462e+01 1.696083879122507554e+01 1.699164506374533801e+01 3.693152245062526617e+01
6.498601708113024245e+01 7.330476373703342574e+01 7.193723673898220738e+01 6.372317420399988208e+01 4.853434098768577343e+01 3.027645951678301373e+01 3.005037391753230480e+01 3.003658442837167541e+01 1.052201347297246059e+01 3.060534899068326453e+01 4.815080214651352719e+01 5.933254566567006094e+01 6.838965645987912012e+01 6.318649277605466352e+01 7.026257660090905688e+01 7.854840192381718111e+01 7.478300113574634622e+01 6.649872519269557358e+01 5.729510728822354793e+01 3.729510736379965152e+01 5.729510728822354793e+01 6.801706094224020660e+01 7.801706311799540572e+01 9.136729122137477077e+01 8.308283609769421219e+01 8.938290527680041464e+01 7.231553336917137642e+01 6.393201160018544016e+01 5.468183342160043736e+01 4.394881502796150130e+01 2.392333854417150718e+01 4.160501033467858889e+01 4.004288746972761714e+01 2.663790833507005473e+01 3.698266951364847444e+01 3.695685703763788155e+01 2.009800522163343572e+01
4.489646055573262373e+01 5.551570931437084511e+01 6.043835524038694018e+01 4.377084444761813131e+01 5.671002735854158061e+01 4.867623369739680328e+01 4.781051955006023491e+01 3.118869925408250765e+01 1.120712539992743828e+01 2.014901330216012454e+01 3.168016395645135219e+01 5.140900383427697307e+01 4.837447812692784055e+01 4.317434482323800893e+01 5.024838917371605618e+01 6.179864774667208849e+01 8.182451843162100147e+01 7.143724312369265306e+01 5.143724282424967242e+01 4.623937911080257379e+01 4.582313585513264798e+01 5.996527147788309975e+01 7.996527200095644616e+01 9.082558123382666793e+01 8.240898927350170311e+01 8.240898927350170311e+01 6.393201160018544016e+01 4.382523297179832866e+01 4.632604501777657191e+01 2.629514899383998383e+01 4.394881502804412321e+01 5.229967624452217478e+01 5.493705959417677320e+01 3.818999534522005490e+01 5.492574830190299906e+01 4.231594415234122408e+01 2.236332891196389383e+01
5.551570931437084511e+01 3.544848782823095235e+01 4.731674371803099888e+01 3.222532652688366284e+01 4.103117013362508203e+01 3.882292359074513399e+01 3.664645164233566277e+01 3.187562978100440603e+01 1.189501461162178586e+01 2.600491460669357480e+01 4.542036542818802047e+01 5.402180634728256337e+01 3.422338421868216329e+01 5.423678813644439600e+01 7.026257660090905688e+01 7.854840192381718111e+01 9.010402296945764533e+01 7.972152079966672034e+01 7.143724312369265306e+01 5.623937910865449652e+01 5.582313585287995750e+01 5.996527147788309975e+01 7.996527200095644616e+01 8.240898927350170311e+01 6.221204009215553299e+01 6.221204009215553299e+01 6.393201171927181292e+01 4.382523297181370481e+01 2.969181716402544069e+01 3.970059559194513099e+01 2.969861087892743257e+01 5.366244840328219112e+01 6.646367729815739267e+01 5.823890309867566373e+01 5.867721913906338926e+01 4.555227944978490484e+01 2.560261997969194070e+01
3.963908350854052998e+01 3.331076787884728674e+01 2.728306504596397986e+01 2.328787364857111797e+01 2.102657981170436230e+01 1.882012549315371785e+01 1.665140371610212000e+01 3.208884893917565506e+01 1.258448488898534023e+01 3.238005029064179752e+01 3.725680307935729019e+01 4.217441562911055541e+01 2.905628250556249270e+01 4.906062649925032559e+01 5.858779678164231086e+01 6.587819083202570880e+01 7.378804749994890244e+01 8.331615285219501743e+01 8.452365796922160257e+01 7.038151473707723937e+01 6.737014123690906331e+01 7.996527200095644616e+01 8.824955235835209066e+01 8.240898927350170311e+01 6.221204009215553299e+01 4.799351195343633236e+01 5.863629431312913454e+01 5.224171024764643079e+01 3.222013795592024366e+01 5.073007862667066092e+01 3.214079284259814528e+01 4.624072665424248640e+01 6.639620041596872113e+01 6.388350194026875073e+01 5.032934085517056388e+01 3.034594702463760996e+01 4.555227944978490484e+01
