LEM/with_lateral_4open/elevation_000123.asc
nrows	100
cellsize	150.0
xllcorner	0
ncols	100
yllcorner	0
NODATA_value	-9999
[rows 0 to 16 of 100, columns 0 to 36 of 100]
8.271705653423140625e-02 2.127631151761726416e-02 9.425194436011796739e-02 4.939197167322698090e-02 3.975871534419905817e-02 6.171646774684565184e-02 1.696294146011132625e-02 1.936121709489252440e-02 4.216450047424835645e-02 2.297044857093000214e-02 6.704298068806634203e-02 4.162315340452049650e-02 3.835349583220235004e-02 2.777463300387698203e-02 2.207885817162396139e-02 7.161913568127860341e-02 9.025521335945362045e-02 3.502399586135773735e-02 8.040414306008919487e-02 3.131346976591601466e-02 7.604099264847130613e-02 2.387740603804927586e-02 5.687112022313325910e-02 4.074439634684711570e-02 8.709178300582484655e-02 7.612946965408906586e-02 1.077918208624280109e-02 9.929772718869623455e-03 4.600412614040166881e-02 2.152795518990661267e-02 2.378824418737431057e-02 9.511189423522797837e-02 9.406546861214974686e-02 1.749038473908382007e-03 2.223905489293687143e-03 6.269637160239108220e-02 9.476101746191394060e-02
7.813061968023242432e-02 2.002127631151726206e+01 1.423638756809119421e+01 1.419152759540430253e+01 2.003975871534384368e+01 2.006171646774648920e+01 5.016962941460088921e+00 2.001936121709453786e+01 8.986435416782432739e+00 2.002297044857057529e+01 1.420918093976396968e+01 2.004162315340416356e+01 2.347754572590710520e+00 2.002777463300352068e+01 1.416421448190269849e+01 1.007161913568136491e+01 2.009025521335909659e+01 2.003502399586100324e+01 3.731887859761188864e+00 2.003131346976556060e+01 1.421817661637954622e+01 1.157088280961629501e+01 2.003583237037106457e+01 5.397219718902663388e+00 1.056280395945211836e+00 2.007612943391233529e+01 2.001077918208588713e+01 1.155693499621303744e+01 2.004600412614004767e+01 2.002152795518955131e+01 2.720587694040348392e+00 2.009511189423487210e+01 1.423618078938535980e+01 2.000174903847355168e+01 6.032450797044592861e+00 2.006269637160203700e+01 1.423689664119299003e+01
2.526786264046545702e-02 2.002526786264010994e+01 3.423638756809189942e+01 3.419152759540500597e+01 3.766607358213266821e+01 1.766607358213338230e+01 1.134151826179679290e+01 3.134151826179714817e+01 2.312873331218925443e+01 2.896571177337261105e+01 3.420940727863467856e+01 2.467269835135575562e+01 4.672707347467106587e+00 2.467269835136741918e+01 3.416421448190340016e+01 2.421375475941256639e+01 3.835589038314427057e+01 2.744579462330185393e+01 7.445794623302210979e+00 2.744579462330185393e+01 3.421817661638024788e+01 2.571302309170163269e+01 3.438839451051951102e+01 1.519184335460229640e+01 2.085447084880930646e+01 2.432312103581056650e+00 2.249976982083989796e+01 3.155603706281537058e+01 3.983745140197870427e+01 2.544225849000564565e+01 5.442242963799446720e+00 2.544225849000564565e+01 3.423261347651897069e+01 3.235700611738211308e+01 1.235700611738140609e+01 3.235700611738211308e+01 3.423689664119369525e+01
4.163169627051844027e-03 2.000416316962669683e+01 3.541417828426407510e+01 4.696118366805679756e+01 3.766607358213267531e+01 3.766607358213266821e+01 1.841258607366214406e+01 3.841258607366285105e+01 4.313766622724500621e+01 4.880256888260289827e+01 4.859658077330007586e+01 3.067713011410471680e+01 1.070293424636598090e+01 8.324191064168244836e+00 2.833665223811286538e+01 4.421375475941326982e+01 4.744567078398478799e+01 2.744578529200606098e+01 1.561076043257915025e+01 1.411246128996882021e+01 3.411250947472749573e+01 4.571383065565729709e+01 4.322129258959520115e+01 3.493753174339837386e+01 2.339138852911926136e+01 3.406986988382769255e+00 1.754578537087868284e+01 3.754633262059849841e+01 4.238504997341003389e+01 2.238494009014941355e+01 8.242803131855490406e+00 2.238484897689530229e+01 4.237915377512236859e+01 4.064127736484430642e+01 2.130127802738072162e+01 4.064127736484430642e+01 4.322776337054894924e+01
5.883922493566802470e-02 7.129907036801173881e+00 1.867691242059389367e+01 3.867691242059459711e+01 5.766607358213196477e+01 4.669685732112504439e+01 2.841258607366232170e+01 4.669685732112504439e+01 6.105691721561032637e+01 4.118944199128999628e+01 2.964699183405483041e+01 2.070291515396209547e+01 3.067593416067921908e+01 1.095031972136271925e+01 3.095161363279907363e+01 4.993632523606459728e+01 4.975278533076357945e+01 2.975289578079389230e+01 3.561072780699801399e+01 1.911246128996873139e+01 3.911244814338747489e+01 5.546182111460164776e+01 4.721020976062375496e+01 3.877188841014643117e+01 1.854376732231342473e+01 4.386119090578430857e+00 1.859716308284964015e+01 3.905486200621078297e+01 4.273874256837727614e+01 2.273864779374315503e+01 1.119164225495345910e+01 2.013591416976174742e+01 4.013601548658197515e+01 4.958554927484362196e+01 3.544341365111217357e+01 4.958554927484362196e+01 4.647219082830980597e+01
1.256007409845548775e-02 2.001256007409810067e+01 2.345983865535598767e+01 3.760197427908743606e+01 5.760197427908813950e+01 5.669685732112522203e+01 4.841258607366302869e+01 5.669685732112522203e+01 6.912988041744618783e+01 5.775704813437272378e+01 4.890051603641990852e+01 3.780200615657128793e+01 1.781026316012035693e+01 1.448585362729570214e+01 2.164077882490054705e+01 4.164353832315953241e+01 5.803516444327307511e+01 4.975278533076357945e+01 4.445766818651401309e+01 2.445768612821712651e+01 4.445766818651401309e+01 4.721641304909876879e+01 2.723870639579964958e+01 3.307353128842259338e+01 2.534228271154869105e+01 5.370995740812358754e+00 1.945694534986540702e+01 3.895193618581530615e+01 5.102354623972585301e+01 3.447967012387302788e+01 1.447962200106063335e+01 3.447967012387302788e+01 3.646586962169482860e+01 5.646631691659032981e+01 5.544341365111287701e+01 5.834726728390958783e+01 5.006290443639834109e+01
9.594114293757748102e-02 1.164294652672989550e+01 2.578508215022037575e+01 4.578508170485375928e+01 5.227542588697389903e+01 4.968029556501664246e+01 4.968029556501664246e+01 6.968029874691093539e+01 7.359497911131762748e+01 6.361580234702089598e+01 4.536566827383151690e+01 2.536955360405779203e+01 3.780820298786380818e+01 1.807795966783488950e+01 3.807987552906479323e+01 3.578337568215739850e+01 5.579122244877908798e+01 5.514809726208274299e+01 3.514813580289042960e+01 3.600469150438701860e+01 5.274153405122853400e+01 4.738634447470927569e+01 2.724532077525456941e+01 1.309809689174011105e+01 6.775555080704803501e+00 2.536753798227123013e+01 2.511006792049793646e+01 4.429580316588883449e+01 5.205192045007248680e+01 3.205173230555197961e+01 1.790959370391086836e+01 3.205173230555197961e+01 5.205192045007248680e+01 6.475187651161826352e+01 6.160991494199278407e+01 4.160990773981837521e+01 3.006290235555947277e+01
7.711341127313005306e-02 2.007711341127277649e+01 3.757374542295897157e+01 4.585795652068834727e+01 3.227542558731354205e+01 2.968029534724900387e+01 4.382243097168581158e+01 6.382243171278102523e+01 6.535392001947772656e+01 4.536960486854381713e+01 3.536957410365219800e+01 3.536957410365219090e+01 4.179421918865620711e+01 2.179186643142138280e+01 4.179421918865620711e+01 5.579122244877908798e+01 6.408927478997182448e+01 6.343172650622188513e+01 4.514813578359285628e+01 5.600464907189700625e+01 6.428824738960994978e+01 5.311816851036457621e+01 3.310007362576440215e+01 2.778058500072113546e+01 7.782453580161567075e+00 2.778059224353656731e+01 4.214642477622034988e+01 4.994005774113123408e+01 5.576586987654103211e+01 3.576564012964522732e+01 2.162350046745197218e+01 4.162357179722208400e+01 5.580614535170276014e+01 6.735362984323414537e+01 6.989437543873174263e+01 5.834729400124084009e+01 4.827711565335359012e+01
2.297228869525369793e-03 2.000229722883533512e+01 1.757374577707933128e+01 2.918901770196490375e+01 1.813328996345548560e+01 3.813329005549594086e+01 5.643744554293127180e+01 6.472174437695757376e+01 7.359497911131762748e+01 6.361580234702089598e+01 5.536176244401077895e+01 4.691650256193511836e+01 4.615923371527129149e+01 2.615622423747582204e+01 3.444110769663831917e+01 4.598882145838653202e+01 6.600145014276388622e+01 7.343135431483190700e+01 6.514805874057263679e+01 7.343135431483190700e+01 5.762056979837272763e+01 4.933727477626852220e+01 4.019241346928649961e+01 2.877317797272408129e+01 8.793260761676853221e+00 2.879210165898639318e+01 2.303242030551671959e+01 3.941366019977770918e+01 5.355154866685600012e+01 4.990832210670148328e+01 4.162357179722208400e+01 2.752117871365612700e+01 3.906818502627999123e+01 5.906842217650403626e+01 6.890792308917053788e+01 6.827711678348349267e+01 4.827711565363487267e+01
9.647730019007895452e-02 3.045316423288028318e+00 6.026740393287759900e+00 9.189018053456166513e+00 2.918901811191832607e+01 4.229530960586571098e+01 3.643744509980923851e+01 5.643744554293127180e+01 6.385324852416952979e+01 7.213755349392454264e+01 7.513661501082060568e+01 6.689820198448769872e+01 5.074844435875914428e+01 3.074453893317414455e+01 5.074844435875914428e+01 6.274428851635386195e+01 7.430385086675376272e+01 8.811754270396060917e+01 7.983228058112477754e+01 6.326301504763576133e+01 4.933727477626889879e+01 2.934024110674926789e+01 3.195304679427260197e+01 1.195460393755164930e+01 2.814767359028248350e+01 1.040683772849645017e+01 1.155738566842654258e+01 2.568720918474176074e+01 4.104919764787577208e+01 5.145927369867423806e+01 5.580614535170276014e+01 4.752127987396588082e+01 3.459224652725238514e+01 4.062247342755144786e+01 5.476463318405615155e+01 7.476531564109829731e+01 6.412069016525467191e+01
3.582433992925927735e-02 2.003582385325035631e+01 2.602674030503882108e+01 2.918901811189672202e+01 1.473602001570850639e+01 2.229530947589318401e+01 4.229530960586571098e+01 3.678218020564745672e+01 4.385324801751318091e+01 5.540025340133766463e+01 7.540025460002377145e+01 6.144326828951885489e+01 4.143508480913202163e+01 3.968883460167941735e+01 4.488730763787608424e+01 6.489848012123859178e+01 8.154804156470984822e+01 7.326343567932057965e+01 5.983655544580994956e+01 5.497953283500087451e+01 3.498298740237960658e+01 3.519723666492851777e+01 1.519870719804175963e+01 3.195304679073560195e+01 3.839795538190841739e+01 2.195325693555987456e+01 3.155752089673438476e+01 1.320673736618361716e+01 2.467520229857231939e+01 4.374505738222340767e+01 5.743619758142674669e+01 6.287744495949214496e+01 4.613925430277524953e+01 6.062269744736583732e+01 5.216948379910238032e+01 7.217000203451101470e+01 7.566770511816334022e+01
1.813270376062421294e-02 1.001813270376053744e+01 3.001813269616053503e+01 4.302030146771998176e+01 3.473602009651219191e+01 2.180708782757410447e+01 2.735408978982649231e+01 4.735408996295549144e+01 6.385324852416952979e+01 7.213755349392454264e+01 8.368458249217701450e+01 6.974321586318038158e+01 5.143563865653662504e+01 4.968915855421041528e+01 6.489848012123859178e+01 7.320018841925036668e+01 7.000317062865607909e+01 5.326899862502786220e+01 4.829341490579074048e+01 5.058660063820106245e+01 3.865242185889995596e+01 1.865409172180174480e+01 2.934024110674926789e+01 4.348040508250084457e+01 5.023816674115443703e+01 4.195355109847400854e+01 3.438482253668698263e+01 1.438312911808369421e+01 2.145244586415593346e+01 2.900216615260691455e+01 4.053364586195043984e+01 6.069945957712491946e+01 6.613961888910102971e+01 7.442508835611187124e+01 6.371653002849550518e+01 8.045573801801423031e+01 8.661404218184841852e+01
2.372884694381488524e-02 2.002372883517278623e+01 3.001813269018559893e+01 5.001813242318262098e+01 5.009137282290043203e+01 4.180708795292162705e+01 4.735408996295549144e+01 5.563837815176331247e+01 6.280570985995594668e+01 6.020912926150950994e+01 6.850778025066043142e+01 7.975596231537689107e+01 6.558339355031520768e+01 6.383584828536898215e+01 7.800666925618132552e+01 7.260542302734937437e+01 6.106080922724157745e+01 4.172494087103664384e+01 3.829521431237606777e+01 4.230353693569114171e+01 2.230555605968816835e+01 3.865242185889995596e+01 4.693553347523046426e+01 5.762056978179803224e+01 6.325562476973099280e+01 4.972927035600228152e+01 2.972329770076810007e+01 1.558046193755004794e+01 3.558226395940101838e+01 4.899428592297883256e+01 5.743619758142674669e+01 6.909723333806530832e+01 7.823885289610024074e+01 8.652398960788066518e+01 8.371765954490875572e+01 9.200408327044605983e+01 8.367813980181090017e+01
8.175220331382776484e-02 1.422388782704672749e+01 3.422388785570499437e+01 4.175770470481391783e+01 4.450516405746485304e+01 4.736260693254610032e+01 5.052527743698121299e+01 5.385910536497903678e+01 4.280049405339308066e+01 4.020525332999865498e+01 5.434799103219532412e+01 7.435916866566320493e+01 8.561630655511515897e+01 8.386603673073680909e+01 7.850187365893739866e+01 6.432165159434893553e+01 4.432700993925497102e+01 3.278130821887368285e+01 2.935134642254845616e+01 2.622787430491162652e+01 4.230353634836707499e+01 3.644680346219269040e+01 5.644294236988459090e+01 7.376487591940886546e+01 5.497244571769257249e+01 3.496736558478622214e+01 3.678595749835785966e+01 1.678649276111696764e+01 3.450919127875315695e+01 4.847514111011406612e+01 6.151571707306975156e+01 6.979821225091255599e+01 5.824976558132487980e+01 7.498108598484692777e+01 8.787604185039629101e+01 9.598608399689463511e+01 7.652551551153834453e+01
9.124702163186203252e-02 2.009124702163150644e+01 2.496533644504890859e+01 2.175614225096251175e+01 2.450335805373483211e+01 2.736050680686937397e+01 3.052279287214347647e+01 3.385613779750298136e+01 2.865822506709953643e+01 4.865988610403498171e+01 6.850777615221559813e+01 7.155397582513059263e+01 7.985952536266275104e+01 8.557177259802242020e+01 7.021758998965418641e+01 5.022349011143286646e+01 3.867883042480426070e+01 5.277773985243030808e+01 4.934838011927478618e+01 3.255237521654355959e+01 5.254878946468847545e+01 5.644294234645312258e+01 6.472640102523635619e+01 6.551893721277141935e+01 4.581662695466541635e+01 3.863857457097502390e+01 1.863548737664502397e+01 3.678928750972289663e+01 2.143667907505180636e+01 4.144841741219224218e+01 4.151745875829343646e+01 5.405403950610545394e+01 4.670605711520362036e+01 5.960070638864726078e+01 7.494966281137290309e+01 8.388906878549872204e+01 9.033263397714299003e+01
2.239863785106879432e-02 2.484228457437728466e+00 4.964923149221907472e+00 7.613987863352005725e+00 1.036119914232580896e+01 1.321834199946869148e+01 1.638061965963712652e+01 1.971395299297051906e+01 3.971487132252186569e+01 5.073855304596209237e+01 5.740609651593768348e+01 5.154585303087841908e+01 7.155397582513059263e+01 7.728673279985952149e+01 5.729217752768152394e+01 4.574905931365376688e+01 5.867399104275882848e+01 5.867399104275882848e+01 5.961809903236510877e+01 3.962307249004514631e+01 5.961809903236510877e+01 6.809156411407651888e+01 5.968523762625250839e+01 5.428032263949937430e+01 4.907802179181486935e+01 2.969937957298700226e+01 1.995712323246389630e+01 3.996043031019644332e+01 4.144841741219224218e+01 2.636213447838436252e+01 2.995698326024498570e+01 3.404502856938007227e+01 3.960191453572455345e+01 4.668045318615764927e+01 5.562018497834514363e+01 6.974733771647029812e+01 8.974361196165421006e+01
1.766589122093755945e-02 2.001209165272903334e+01 1.312988895494488872e+01 2.761446425936936322e+01 3.036175139624953090e+01 2.138330782267210495e+01 3.638138496060523863e+01 3.971487135416212055e+01 2.588608699165722271e+01 3.073679949312602133e+01 3.740346619516587623e+01 4.895051813079315650e+01 6.895663139789174068e+01 7.988173419345969251e+01 5.988636200906156404e+01 5.281819216464226230e+01 7.281161246915334573e+01 7.866991534528260388e+01 6.790150924226922768e+01 5.116747183650397091e+01 6.790150924226922768e+01 5.968523762625250839e+01 3.946189754118268667e+01 3.447005851670770227e+01 2.992917768889351748e+01 2.556767646360793478e+01 2.129849236089598463e+01 4.131502439577759134e+01 5.161314562105211223e+01 4.637532411760638951e+01 4.151745875829363541e+01 5.405403950610545394e+01 5.038542902928211475e+01 5.960070638864726078e+01 7.494966281137290309e+01 8.388906878549872204e+01 8.689304137119799520e+01
