LEM/with_lateral_4open/elevation_000238.asc
nrows	100
cellsize	150.0
xllcorner	0
ncols	100
yllcorner	0
NODATA_value	-9999
[rows 68 to 84 of 100, columns 0 to 36 of 100]
5.009162696260269221e-02 8.994363536961053285e+00 2.899435309008771000e+01 4.352960863193695218e+01 5.924522939314149284e+01 5.999579509216616202e+01 6.827805036777357373e+01 7.396426738994726691e+01 6.569081678607066976e+01 7.396426738994726691e+01 7.603440761019950855e+01 6.778479451101486575e+01 6.130119083704489924e+01 5.546722605784599835e+01 6.130119083704489924e+01 6.248038595455086863e+01 8.244373882399644060e+01 8.351000555105085255e+01 7.347718276552177485e+01 6.513789294296169885e+01 6.009024523212261926e+01 5.169976258046965256e+01 3.452858059182239003e+01 5.487777241734546863e+01 6.703195614449229822e+01 8.049184509639071905e+01 8.884472098992422673e+01 9.007254381520370146e+01 7.731634403608251205e+01 5.710799592196894992e+01 7.309829672785116372e+01 6.026471360671121147e+01 6.850679609402850190e+01 8.281504046607240355e+01 1.030439734937879592e+02 9.517470298974636478e+01 7.547801454138230781e+01
4.695337527364121244e-02 3.698437091974740909e+00 1.524544247368616112e+01 3.524543497721183627e+01 3.924541776996304776e+01 3.999601057389303094e+01 5.551990521937996448e+01 6.380121408820045303e+01 7.379287714805732890e+01 7.561224664796056061e+01 6.726805986953286265e+01 7.560621707598663477e+01 8.123881023447370353e+01 7.538562772939394563e+01 8.123881023447370353e+01 8.244373882399644060e+01 9.072700882165453606e+01 1.000777761152088203e+02 8.839893078741685883e+01 7.714541343042456845e+01 5.690627015360183805e+01 4.254918987184687040e+01 5.487777241960778696e+01 3.833230786848391602e+01 5.865082956879483334e+01 6.026338780214763347e+01 7.718413415119897536e+01 8.887377233410927602e+01 8.315519426172853912e+01 6.292882376452060100e+01 8.315519426172853912e+01 7.455417172624188993e+01 7.192834680694645044e+01 8.623775277099149150e+01 1.064620490929939081e+02 1.034707565141604420e+02 9.357382767768208964e+01
7.614146464036156137e-02 2.007614146464000626e+01 9.245439054226984865e+00 1.924543905353990425e+01 3.924541776996304776e+01 2.844900539160839870e+01 3.552007320261829193e+01 4.552007301724385258e+01 6.551866714394148516e+01 6.557086394739013713e+01 4.723194332279658170e+01 6.557092047540189128e+01 7.609318466976371553e+01 6.777193612630792074e+01 7.609318466976371553e+01 7.778077572523709193e+01 8.610905705739520499e+01 9.170803991126969379e+01 7.147056427723036620e+01 5.978950125344820066e+01 5.213471487715943908e+01 6.283417797397709847e+01 6.229318824782967567e+01 4.201342639459493000e+01 4.423697408604439829e+01 4.858010108258114457e+01 6.026339539176892401e+01 8.049642195360449648e+01 8.990342691336549308e+01 6.965872895845471646e+01 8.990342691336549308e+01 9.478554616731511828e+01 8.623775277099149150e+01 1.005302759331479905e+02 9.924783840541869040e+01 9.098655633408105814e+01 8.881909678747524595e+01
2.352828262072655108e-02 2.002352828262037221e+01 2.924542841175141561e+01 1.556999437456368796e+01 2.028403958247392325e+01 3.183104491473368469e+01 5.183094994752892148e+01 6.380121408820045303e+01 7.379285680843570105e+01 5.724920217072521922e+01 3.723159386588945807e+01 5.724920531265809842e+01 6.606764875338252807e+01 4.773668694375391652e+01 6.606764875338252807e+01 5.772199500054895083e+01 7.452008750139617632e+01 8.871754099573129793e+01 8.839893078741685883e+01 8.002382398075303627e+01 7.237412759647583016e+01 6.869220931453452295e+01 4.845676559226595970e+01 4.880322810782685394e+01 6.450027183399254227e+01 6.881487755274854123e+01 5.652053258073233621e+01 7.082066847148271904e+01 9.106202418299290002e+01 8.397568923101569283e+01 8.397568923101569283e+01 1.042142516202843581e+02 1.064620490929939081e+02 9.760858680840483714e+01 8.880522103124752675e+01 7.134899732546953999e+01 6.920884751448227235e+01
6.786455232800275850e-02 1.421000017605907750e+01 3.421000017605977916e+01 3.556996911613359913e+01 4.028399939307765010e+01 4.856765927314106790e+01 6.011421518478989157e+01 6.912892920551692555e+01 6.390823953089449105e+01 5.057639277899477293e+01 3.056472151150245153e+01 5.057639417853074093e+01 4.705381344417236988e+01 3.773551267312026170e+01 5.549354614498194138e+01 4.617020411319948181e+01 6.032263400706349898e+01 7.592832856664733754e+01 8.751926670265001462e+01 8.731543792405837223e+01 6.707553944858098305e+01 5.540348382199132260e+01 6.869220931453452295e+01 5.596241345972360648e+01 7.618953431638570351e+01 8.390526504909006178e+01 6.366492528567551545e+01 7.674922429897493714e+01 9.698670288606855650e+01 1.042142516202843581e+02 1.042142516202843581e+02 1.125797766585711202e+02 1.007549258797208864e+02 8.099989086532437454e+01 6.976989987700957840e+01 6.105355046341908576e+01 5.536115544438307268e+01
3.257643153035955086e-02 1.417471205526143407e+01 3.417471205526214106e+01 4.493088515208100375e+01 5.345288074755058716e+01 5.289823673671072868e+01 6.044623517140171032e+01 5.062718994231911296e+01 5.559682598102268258e+01 3.557613776062520117e+01 2.479110376013511541e+01 4.205152807609544396e+01 2.704467196618040248e+01 3.121505258951307482e+01 3.547925854807629520e+01 4.125304385420133002e+01 4.757738020660853095e+01 5.912738262927555866e+01 7.918917675553564095e+01 9.569146454666261548e+01 8.124190339671271488e+01 6.100714262223741713e+01 8.124190339671271488e+01 7.026181545074756229e+01 7.026181545074756229e+01 9.050031359574408896e+01 7.797641165728987289e+01 7.797641165728987289e+01 9.821878331689565300e+01 1.050148311054930588e+02 9.672490554370499183e+01 1.050148311054930588e+02 1.090668920677370153e+02 9.449415762169027744e+01 7.483517021988066631e+01 8.059315431860977696e+01 7.495255654578330962e+01
1.880098487986705744e-02 1.534384048180375970e+01 3.399035078537364996e+01 2.196950044464249530e+01 4.037212392562329910e+01 3.443019380270173002e+01 4.642544971670291432e+01 3.729777350508862099e+01 4.110429098301342066e+01 3.581900780360265202e+01 1.924410222032970452e+01 2.204463703666457164e+01 2.738990631801658893e+01 4.739925004620073423e+01 5.549354614498194138e+01 6.127273244285891707e+01 6.760649451631253726e+01 6.172824488885105865e+01 8.179784448994452362e+01 9.555446943560158957e+01 7.531344443104437403e+01 7.004998986395060001e+01 8.961859458133355361e+01 9.050031359574408896e+01 9.050031359574408896e+01 9.887152542455825710e+01 9.821878331689565300e+01 9.821878331689565300e+01 1.065880050090677145e+02 9.500663261500953638e+01 7.670737102516577011e+01 9.500663261500953638e+01 1.008249929986790647e+02 1.027752718426144725e+02 9.449415762169027744e+01 9.957868415813220508e+01 8.968045967102804639e+01
2.900726248362994752e-02 2.002900726248327601e+01 2.274129378342198393e+01 6.423945904702097920e+00 3.020901222282703102e+01 2.337334901114492780e+01 2.453041348333341176e+01 3.051045974684693363e+01 2.138941784833044935e+01 1.581430050655472819e+01 3.581900544951719212e+01 3.359199350876370715e+01 4.739924732425780718e+01 3.591817096448386337e+01 4.591869074547644658e+01 5.747137872585953744e+01 7.753061056818185648e+01 8.179784448994452362e+01 9.012841224444572674e+01 1.039237447308507996e+02 9.555446943560158957e+01 8.174360799652248488e+01 9.866859083198137625e+01 9.799179132359391531e+01 9.458201840419492612e+01 8.629778719157744149e+01 9.458201840419492612e+01 1.063543715489909260e+02 9.806653863641736280e+01 8.671613828443533123e+01 6.674016112007994650e+01 8.671613828443533123e+01 8.081226738233034723e+01 8.927064047686205583e+01 9.755893383761373627e+01 9.129635555493277366e+01 7.158227753198012522e+01
5.081304048347550645e-02 1.390203816061557074e+00 2.732943375299255795e+00 4.106874675347626180e+00 2.342680588127027974e+01 2.738801694881712123e+01 9.501025391000801790e+00 1.097315692285236466e+01 1.245839461454789188e+01 3.246769810854856786e+01 4.357072557790775136e+01 5.360746512406521447e+01 6.191752722635747830e+01 5.006414798287058687e+01 5.006414798287058687e+01 7.010524434483929213e+01 8.585832622410850945e+01 8.596985434337717891e+01 9.453495963545537961e+01 1.032745079643886186e+02 1.103451017695205394e+02 1.019796167392018305e+02 9.213475841770802788e+01 7.799319649109621366e+01 8.458303263175967857e+01 6.630061582548782440e+01 8.458303263175967857e+01 9.480262824928431087e+01 7.805849482509502479e+01 8.005747922965018404e+01 6.011220950007767527e+01 7.155278764114865453e+01 6.670066077953777040e+01 6.929018883975312804e+01 8.927064047686205583e+01 9.957868415813220508e+01 8.794515813647272751e+01
4.469920835086939326e-02 1.856837410566939894e+01 2.273000364520173022e+01 2.409930878038998969e+01 6.061233231586232506e+00 7.458683877007021401e+00 2.740734381357365379e+01 3.097021199187531337e+01 3.246767206117175419e+01 1.525816786842011652e+01 2.940489188192830383e+01 4.947855903325159233e+01 6.512498353078741786e+01 7.010524434483929213e+01 7.010524434483929213e+01 7.842767769478774653e+01 7.907615368221449614e+01 6.576519250787750082e+01 7.430468739376611609e+01 9.453495963545537961e+01 1.057241120172103308e+02 9.397020903458765417e+01 8.213606212987640731e+01 6.385417462510594078e+01 7.629920150853268979e+01 5.630452639476578724e+01 7.629920150853268979e+01 8.651488915599264828e+01 6.654122864241226409e+01 7.498309088177481385e+01 7.155278764114865453e+01 5.162745133505963224e+01 5.520820620132874268e+01 7.514232763309252050e+01 9.228769149203202460e+01 1.005764552557076001e+02 9.621133432697233445e+01
2.324776005098762310e-02 1.490157967330479138e+01 3.592880057965398066e+01 3.470702167034998809e+01 1.768098054225598403e+01 2.745600729747643598e+01 1.687882940125166087e+01 3.685626504276470428e+01 3.728939913842604170e+01 1.727829594635608856e+01 3.726177434058163840e+01 3.683898938174460369e+01 5.103621726968231087e+01 6.400477091005963359e+01 5.560778688917098833e+01 6.009298513492532834e+01 5.892056192730736797e+01 5.419310826992789032e+01 6.576519250787750082e+01 8.596985434337717891e+01 9.158270110881471737e+01 7.744129020041917499e+01 6.568947057410390755e+01 5.385737075819145048e+01 6.963430980394366543e+01 4.963958602085850913e+01 6.360567375164470860e+01 8.360200810869172017e+01 7.498309088177481385e+01 5.504398177421830951e+01 6.558370470792701212e+01 4.629378446816442505e+01 6.622751751446062940e+01 8.342456133868348900e+01 7.229479442190820748e+01 8.903051556883016815e+01 9.220505850138907533e+01
8.699724428260374731e-02 1.424864766689840145e+01 3.448776595111340271e+01 4.729622964957285802e+01 3.925033547408639123e+01 4.350076991660409220e+01 2.582215797982196293e+01 4.512606113890485204e+01 4.558993139572109499e+01 3.728936947747572361e+01 2.021118890386726008e+01 2.269187687983733070e+01 4.271927284172688388e+01 4.969625008913082809e+01 3.556080078401365085e+01 4.003456718269977443e+01 4.475200642981930343e+01 5.476611871280854871e+01 6.895027507986463888e+01 8.920203229172805948e+01 8.329865529865368501e+01 6.330222399476217987e+01 6.568947057410392176e+01 4.569246594424738106e+01 5.674653823435622257e+01 4.360802913087849930e+01 5.774909222340637172e+01 7.774471230626144802e+01 7.667674876817486052e+01 6.558370470792701212e+01 4.564509299421939659e+01 4.237183383070956211e+01 6.231819083054474362e+01 6.922542624176948323e+01 6.079266890575459570e+01 8.074478698671556742e+01 8.398437119244763949e+01
2.249585233037712170e-02 2.002249585233002094e+01 3.300105571740763821e+01 4.194532762503104806e+01 5.349233300364116417e+01 5.406071165582041260e+01 4.003619978303810711e+01 5.447122107634260857e+01 4.574364734777773123e+01 2.575825690138321988e+01 4.022291658695002070e+01 4.268050224970391326e+01 2.637419022704932914e+01 2.966222346225850970e+01 3.569341370239305888e+01 5.574075290071989741e+01 6.482399745207152364e+01 7.325753701565429310e+01 8.337082950217475741e+01 8.751747937187590765e+01 7.923361659530291945e+01 7.065180169957622525e+01 5.065586157380000287e+01 4.309483841925714387e+01 3.674318647782297376e+01 5.674653823435650679e+01 7.188880534797971222e+01 8.251710233176801523e+01 6.255292438046966197e+01 4.845005038600453418e+01 3.987270757258539788e+01 3.858936319960133687e+01 4.375537430603181832e+01 4.929526621280153620e+01 6.079266890575459570e+01 8.074478698671556742e+01 8.245850076754659597e+01
2.739267172789772165e-03 4.716784475083087180e+00 1.366105638508216735e+01 2.520806176887447947e+01 4.520806176885548666e+01 6.307608969506721763e+01 6.063668701804778038e+01 5.566292663327488555e+01 3.576035198402831838e+01 4.575951764403209410e+01 3.306216614177749591e+01 5.072652857537273263e+01 3.073868841469131752e+01 4.969084563432006263e+01 5.574073856408565319e+01 4.570113680309693649e+01 5.465762005057389672e+01 6.884475511334767361e+01 8.910507446802006370e+01 7.923361659530291945e+01 5.923704878494021386e+01 6.509390789613885886e+01 6.723540784676229976e+01 4.723706297217602668e+01 3.308845420661096881e+01 5.309444257343514550e+01 5.756772397466389890e+01 7.756488687004873839e+01 7.159092550822131784e+01 5.429334225135603731e+01 3.432114514497229862e+01 5.429334225135603731e+01 6.369779440230978196e+01 6.922542624175311232e+01 7.750246293383115415e+01 8.903051556883016815e+01 9.067499195425774872e+01
8.327778614586213435e-02 2.008327778614550851e+01 1.324481312930742938e+01 2.324481312930725352e+01 3.479181851309935780e+01 5.479181851298194772e+01 6.986082680252732757e+01 4.990445841273917438e+01 4.990979674268049848e+01 5.835160222525106377e+01 3.840891798016566838e+01 5.834805699359258568e+01 5.076783511470185317e+01 3.740702492336422580e+01 5.745002966095876218e+01 6.578037183858235437e+01 7.422183615328702899e+01 7.477886497805778276e+01 9.514163460780409309e+01 8.423219991099855974e+01 6.509390789613885886e+01 4.509537944808771215e+01 5.440424479724464391e+01 5.000745154913152390e+01 3.000047146279869992e+01 3.756512329280623419e+01 5.171072624024503739e+01 7.170776733988628848e+01 6.331699030478274892e+01 4.336346589074751279e+01 3.181923175913392043e+01 4.595238920933552151e+01 6.590651592960929861e+01 7.991005606809089556e+01 7.163088568928966993e+01 7.991005608724984199e+01 8.989701179704987055e+01
6.510866554257997707e-02 2.006510866554222616e+01 3.324481312928262611e+01 2.589392376998072010e+01 4.003605939371117017e+01 6.003605939320461005e+01 7.807705760354740221e+01 6.986082680252732757e+01 6.998161065739351727e+01 6.625672487391001653e+01 4.840826528829487785e+01 4.995454327670443462e+01 6.569066071251909023e+01 5.745002966095876218e+01 4.497187298617598117e+01 6.503207233342749305e+01 8.348096052704131864e+01 9.358599832912054239e+01 8.967176157368466249e+01 7.594846219435970625e+01 5.595215304235115639e+01 4.440490187077372752e+01 3.439975293292359737e+01 3.022687279376938108e+01 2.719892503285255003e+01 4.720591397348781726e+01 5.756772397466389890e+01 7.756488687004873839e+01 6.352154161660213560e+01 4.356344957897834291e+01 2.942759727326879471e+01 4.356344957897834291e+01 6.352154161660213560e+01 6.165891122675186864e+01 5.168693676421598582e+01 6.164963537381260750e+01 7.575466397253413220e+01
8.953482861371392376e-02 1.423167045234478856e+01 3.423167045234549022e+01 4.589392376983229838e+01 5.417819462215317117e+01 5.563943498077274086e+01 6.069791672987093989e+01 6.069791708651849405e+01 6.906596357572072975e+01 7.617484532097564909e+01 6.243749899817305504e+01 5.993552333400128163e+01 7.787082770262522047e+01 7.340675703004089314e+01 5.653623776167705017e+01 5.498567292052101863e+01 6.500625033502669226e+01 8.515069723332585738e+01 8.138777827084686578e+01 6.139144682961624255e+01 5.139348699835085910e+01 4.383294938132490870e+01 5.440424479724386231e+01 4.445774268968501275e+01 2.445124943408224638e+01 4.445774268968698095e+01 5.336637904133972654e+01 6.165027840180036378e+01 6.121697965451549095e+01 4.125507456375607518e+01 2.711756277421660144e+01 4.710178119943724795e+01 6.165891122675186864e+01 4.170778979072077419e+01 6.165891122675186864e+01 7.122616614197558249e+01 8.120546796501257347e+01
