LEM/with_lateral_4open/elevation_000285.asc
nrows	100
cellsize	150.0
xllcorner	0
ncols	100
yllcorner	0
NODATA_value	-9999
[rows 0 to 16 of 100, columns 37 to 73 of 100]
8.884754177262699226e-02 6.929726548558100274e-02 7.395023591448830758e-02 4.828361932999872264e-02 4.897713358561925356e-02 8.568734790590110117e-02 1.075183056328203948e-02 6.823539046102447547e-02 7.194897206013613211e-02 1.557559815681563986e-02 7.704183385687686514e-02 1.685416958384493638e-02 9.680445094065920353e-02 7.639902522890137937e-02 4.559330980047965332e-02 5.839666421669215124e-02 9.739037529851846120e-02 3.670263267501718690e-02 2.041064012308905357e-02 6.895211126444661387e-02 9.031524355919069713e-02 1.560024811392830661e-02 7.641644294168103979e-02 3.888124420523987601e-02 6.873285589001959517e-02 4.772367030474261584e-02 9.504926490987847254e-02 5.760415539182907330e-02 9.666222459857021221e-02 9.627991409191682948e-02 1.286757495974483190e-02 9.381044340810595905e-02 7.584058927755046864e-02 1.435327048224320848e-02 5.777975670406795827e-02 2.716720951219454838e-02 4.735230246529398453e-03
2.008884754177227094e+01 1.421143288921665615e+01 2.007395023591413263e+01 6.078510510885297258e+00 2.004897713358526445e+01 1.008568734790581445e+01 2.001075183056292772e+01 2.006823533804023185e+01 2.007194897039494563e+01 6.424147389640380013e-01 2.007566393423436679e+01 1.416560190485042625e+01 2.009680445048191544e+01 8.241364834506653025e+00 2.004559330980012533e+01 1.420053228794776778e+01 2.009739037529816486e+01 3.518255751788981645e+00 2.002041064012273353e+01 2.006895211126409251e+01 1.163732062735180861e+01 1.415773587184500393e+01 2.007641644294132632e+01 2.003888124420488381e+01 1.886914674071835663e+00 1.990905397587919268e+01 1.009513150797228498e+01 2.005760415539147345e+01 2.009666222459821583e+01 6.126518842163129364e+00 2.001286757495939028e+01 2.008544467481814522e+01 2.007584058927719539e+01 1.274234847588039399e+00 2.005777935039748883e+01 1.658212654930913743e+01 1.586910885908888780e+01
2.602843572803517347e+01 3.421143288921736314e+01 3.240306583122281836e+01 1.240306583122211137e+01 3.240306583122281836e+01 2.422782297122927275e+01 3.836994475098128987e+01 3.473702488105898567e+01 1.532336257321925643e+01 1.269561984553103429e+00 2.126951872806703037e+01 3.428826311135133409e+01 3.652535306818447225e+01 1.978837022371006427e+01 3.652579700004510244e+01 3.420053228794846945e+01 2.119592528145293642e+01 7.053789657721734052e+00 1.860079504151404350e+01 3.860079504151332941e+01 2.577945625108301186e+01 3.415773587184570914e+01 2.459246408928432714e+01 4.490692895652734329e+00 2.167776767792430093e+01 2.797349398379126839e+01 3.009522073968632228e+01 3.010841053106399556e+01 3.248130961676926631e+01 1.245124765993975480e+01 3.248130961676926631e+01 2.655505348534449439e+01 3.088675735569496261e+00 1.436762493425816523e+01 1.045227016679283061e+01 2.959778592513199769e+01 3.824553600069000225e+01
2.333046520325752127e+01 4.333810263774424953e+01 4.068733707868501170e+01 2.134733774122142691e+01 4.068733707868501170e+01 4.422782156327316017e+01 4.650766489249254931e+01 2.994674340190320194e+01 1.834187418924667767e+01 1.897946208159798864e+00 2.180343364905496273e+01 3.204292629095285605e+01 4.063384694731228564e+01 3.978839021625866224e+01 4.807291339715558109e+01 4.948019652891584030e+01 3.097611236048580352e+01 1.097611236048544825e+01 3.097611236048509298e+01 4.688506628897494011e+01 4.577945625108371530e+01 3.635453039790735374e+01 1.634817182133041058e+01 6.347646282302129350e+00 2.047004542724162945e+01 4.006795211613119534e+01 4.842797658360014879e+01 5.015035777409416795e+01 4.071337090354924015e+01 2.139774145379465153e+01 4.059473942354019016e+01 2.436818549840689485e+01 4.376997678203967013e+00 2.362824835857795236e+01 1.879711369680646982e+01 2.831199507625570178e+01 4.794661704400173363e+01
1.987802656890275088e+01 3.988444930638672759e+01 4.963160898868432724e+01 3.548947336495287885e+01 4.963160898868432724e+01 5.400370616692912762e+01 3.316700301584023691e+01 1.829233661179022974e+01 1.216033222011994575e+01 2.527366751414458435e+00 5.355282668544651514e+00 1.111675448525238252e+01 3.218897818594047777e+01 5.078088115507237177e+01 6.096503360398328653e+01 4.928853626535696719e+01 2.928853626535768129e+01 1.514640064162698074e+01 2.669340602541970142e+01 4.669340602542040841e+01 5.636574707378858307e+01 3.635452696572112785e+01 2.826986914495252989e+01 8.263298871572633431e+00 2.826986914493240377e+01 2.060282904806059889e+01 4.072884472123730859e+01 6.066541672356931514e+01 4.953949561927078094e+01 3.294606873050466334e+01 3.674671372519829760e+01 1.717567495972968672e+01 5.673424319722102815e+00 2.564577346701806349e+01 3.472415022210500268e+01 3.548374745390026419e+01 5.434880961106670583e+01
3.727070237941666875e+01 3.252947619659448719e+01 5.254058709832658280e+01 5.548947336495358229e+01 5.305798447863249834e+01 4.437417653235808501e+01 3.960655658329957163e+01 1.780982133911295406e+01 3.426620947256123539e+00 2.183393089074020565e+01 2.598055403187735379e+01 3.206043341527609414e+01 2.208073436611625340e+01 3.215990057493347365e+01 5.243454343659580985e+01 5.413924876608346892e+01 3.413924876608417946e+01 1.999711314235372583e+01 3.999711314235442927e+01 5.497767727288260176e+01 5.876900707491739695e+01 3.874749791248635233e+01 2.459711157844573748e+01 1.533457659795904604e+01 1.116520451090199906e+01 3.117752002515514675e+01 3.220758856774806844e+01 5.236909709897625476e+01 6.098726678935508971e+01 5.282733889115196035e+01 4.483045243078377240e+01 3.370328049679915239e+01 2.565029486262051606e+01 7.534293035674199501e+00 2.751134729486152608e+01 4.345267541762041930e+01 5.173859746234745671e+01
4.186054437832640218e+01 4.667866759755120398e+01 6.082962324860144321e+01 6.449991625164599895e+01 4.437417653235808501e+01 2.219012945644714918e+01 3.491486707429823610e+01 2.408435253765513195e+01 4.065024747719797382e+00 1.112664908127204200e+01 2.786254549120825530e+01 4.026197640888608476e+01 4.229722200576465241e+01 5.078088115507237177e+01 6.096503360398328653e+01 5.413924876608587766e+01 3.413924876608517422e+01 3.999711314235442927e+01 2.999711314235390347e+01 4.999711314235460691e+01 6.020113299206786905e+01 4.017867978757756475e+01 2.602764358989764304e+01 3.336118255881086725e+01 1.334738500187340016e+01 3.336118938808268553e+01 5.236909709897625476e+01 5.236909709884056952e+01 7.244139278324703923e+01 6.616231570947995522e+01 4.617195806759403354e+01 3.201971747227420906e+01 2.883405374847245994e+01 8.858535857413015080e+00 2.883303442616717405e+01 2.344368850040844521e+01 3.759114446086906725e+01
4.686274601672566575e+01 6.669251265863776723e+01 7.082406926929544966e+01 4.989647809192293693e+01 3.422741026208411341e+01 3.491486707585763583e+01 1.275831375014184310e+01 6.289534182290948294e+00 4.708845588133591775e+00 7.977145723427696566e+00 1.151561837964189650e+01 3.214743488704676366e+01 4.565142405788181890e+01 5.926503141401794039e+01 6.735025605433318674e+01 6.242352001354807811e+01 5.413924876608587766e+01 5.828138438981680736e+01 3.999711314235425164e+01 5.828138438981680736e+01 6.239217162790308890e+01 4.236874788698085581e+01 4.604312055759849187e+01 3.558513593020341403e+01 1.556961229207891684e+01 2.971850983101410293e+01 4.974842422393008690e+01 6.335575482301171490e+01 6.917571598495139540e+01 5.917701707638803299e+01 5.089890634631531441e+01 3.569204487054502550e+01 1.569791921878183771e+01 2.883233711702196089e+01 1.082219098377631106e+01 3.079874292310239170e+01 3.902722735471451188e+01
4.100059311731384071e+01 6.101523505119040180e+01 7.672290689801722863e+01 5.602602763387559293e+01 5.602602763387559293e+01 4.275968574375944087e+01 2.684778092132819083e+01 5.633198933822676224e+00 1.943335422704056370e+01 2.858374641118355086e+01 3.214743488704343832e+01 1.716568022121186843e+01 3.748172001634019779e+01 3.952254339288977292e+01 5.357020392551535082e+01 6.166762287574211143e+01 7.044652396220170942e+01 6.828138438981815739e+01 5.999711314235495507e+01 6.828138438981815739e+01 7.068681840250401649e+01 5.442934370635892805e+01 3.904387559265238394e+01 1.902514459611789377e+01 3.558463578001192218e+01 2.500000533194768337e+01 3.500735385092882268e+01 5.504313856634581015e+01 6.090268970003407389e+01 4.089512538042485090e+01 3.088147670789563648e+01 2.421157061428278467e+01 3.569204471344436058e+01 3.221313320918725509e+01 1.223317070109926519e+01 2.004262418359777342e+01 3.312733333255574308e+01
6.101523505119040180e+01 6.930460052296420770e+01 7.180527956285978064e+01 5.922507579132772548e+01 5.001174251490278522e+01 3.791915465374044913e+01 2.582590352497295783e+01 2.540319305402826444e+01 6.559872459412944501e+00 1.877454836990784770e+01 3.636395562351403044e+01 3.748172001634019779e+01 2.312137404482487568e+01 2.839747112106115523e+01 3.377105114193403068e+01 4.268520117566249894e+01 5.410536697229586167e+01 7.367473744322902007e+01 7.900036365211238376e+01 6.897229607680750973e+01 6.066248755594457265e+01 4.612419627611538431e+01 2.609792295895897141e+01 2.188242528767276696e+01 4.190404918190411365e+01 3.655639791859606902e+01 5.333148679086576038e+01 6.335575508023806890e+01 6.917571592094873267e+01 5.917653584518102861e+01 5.089888857146030432e+01 4.422641246295259521e+01 3.426999053352439972e+01 1.428087858919270658e+01 3.221335303193379218e+01 3.076761826577809344e+01 4.670445061034895673e+01
7.671545807828562147e+01 7.199841781972357069e+01 6.322751420247524123e+01 4.099019946236979450e+01 2.732082425272519544e+01 1.833930032091115336e+01 2.733467097371176280e+01 7.493559177628234202e+00 2.638809263069974165e+01 1.912432374099238430e+01 3.877415261084685483e+01 5.128391865831726903e+01 3.735610043963715299e+01 3.952254339288977292e+01 5.357020392551535082e+01 4.634692073590650807e+01 6.599973507311108278e+01 8.172025464657981786e+01 7.068826979855653292e+01 5.063670531333250580e+01 4.062188401481819255e+01 3.394800899722676490e+01 4.482500907016849112e+01 2.480006726709955345e+01 4.482500907016849112e+01 5.659329014576184846e+01 6.490100294439397999e+01 6.645118278234991749e+01 5.813749028193837631e+01 4.963655862465260071e+01 4.138521109494715233e+01 3.959883419750141798e+01 3.573328871220714120e+01 1.573400528521000119e+01 2.879162215729570207e+01 4.630779201988615057e+01 5.687600072590936406e+01
7.199841781972357069e+01 5.088651149195715107e+01 5.476061964215330846e+01 5.922507579132772548e+01 4.093525410505881013e+01 2.953564387473273456e+01 8.431220519518969780e+00 2.236504225323798423e+01 3.231378527997387806e+01 3.886205956815397400e+01 3.887632715879828993e+01 5.871989224999064305e+01 5.712183198469642065e+01 5.926503141401794039e+01 6.735025605433318674e+01 6.599973507311108278e+01 6.599973507311108278e+01 8.548586701746047822e+01 7.900036365211238376e+01 6.897229607680750973e+01 6.066248755594457265e+01 4.550982661188824352e+01 4.784441711425316157e+01 2.781592997183777882e+01 4.197408989465058937e+01 6.201664070325713851e+01 7.150888962844730656e+01 5.814647532871907742e+01 3.810195212837377454e+01 4.128927286246089778e+01 2.133699549153370256e+01 1.956290685193085110e+01 1.782061024310191399e+01 3.572950693636244779e+01 4.342525782124565126e+01 4.442232789893595424e+01 6.376779217484516238e+01
6.539912889583789024e+01 5.476061964215330846e+01 3.382593992198654576e+01 4.267397712139749899e+01 3.237682459864874573e+01 1.281500116140687950e+01 9.098952987526375935e+00 2.774150771471223464e+01 2.925028179661007854e+01 4.792125621375760858e+01 5.104374205625703098e+01 5.344449780563313368e+01 5.679133231758544298e+01 4.858538792673348894e+01 5.367620496264633090e+01 5.937975903555549451e+01 6.597131507341418910e+01 7.420362078422535035e+01 8.411681956096508372e+01 8.562051152108772101e+01 6.555588164529861217e+01 5.263336649838621639e+01 3.259975390439070964e+01 4.784441711425316157e+01 4.197408989465058937e+01 6.201664070339116108e+01 6.287491077770485504e+01 4.219460413460294035e+01 3.211193759517761492e+01 2.390968307976982743e+01 4.138532638787444284e+01 3.373296218420417603e+01 3.783988579736021052e+01 2.184825362156453465e+01 2.490255606081979423e+01 4.497738576789923570e+01 5.783144945540124837e+01
4.609747077421860695e+01 3.566854296833756166e+01 2.844225643830029071e+01 2.224902823063018431e+01 1.819965894322301736e+01 3.237562413196565814e+01 2.893249397683669244e+01 1.006073320767956680e+01 2.937170930029583715e+01 3.468849368054846138e+01 3.129364168698415227e+01 3.372835713689631376e+01 4.202578329477262997e+01 2.890657403369469947e+01 3.395955536396672869e+01 3.962206815956545114e+01 4.619664695983821900e+01 5.607805924783359330e+01 7.586457089899479911e+01 8.448551632090003238e+01 7.445511817269793653e+01 5.612132987038065579e+01 3.608450577112868984e+01 4.764830063829320039e+01 6.201664070339531776e+01 7.032604111090545018e+01 7.100385123873580540e+01 5.805335312290694105e+01 4.562274626698709312e+01 2.582384245972080095e+01 4.587629421840258459e+01 5.376030196714842191e+01 5.020575115884594197e+01 3.218358945259749504e+01 4.316873787834276754e+01 2.951938669550242622e+01 3.958558241605568639e+01
6.539912889583789024e+01 5.668691197946962745e+01 4.925579635084326924e+01 3.381107790593670614e+01 3.235395591227413092e+01 4.317542789091590549e+01 2.456301800633340804e+01 1.074264851103870555e+01 1.518934453808561713e+01 1.495599137623805852e+01 1.728226444493087399e+01 1.973793274533185738e+01 2.232284882971948292e+01 4.202578329568061122e+01 5.367620496264633090e+01 5.937975903555549451e+01 6.597131507341418910e+01 7.420362078422535035e+01 8.411681956096518320e+01 7.617289843946515759e+01 5.611526612652225765e+01 4.609857745776757554e+01 4.056232654786003877e+01 6.060243416012391293e+01 6.769570304842028463e+01 8.776254357963610175e+01 7.723676146823343913e+01 6.134224253109925939e+01 4.187251434943841844e+01 2.776887748296477199e+01 4.751245169986279393e+01 6.401963257741637392e+01 6.403114300403593973e+01 4.772468529831978401e+01 5.312161620564539533e+01 3.308371654588226818e+01 5.312180086631931886e+01
7.966099249491723810e+01 7.147621890211749474e+01 6.342731369893684246e+01 5.472577915217927824e+01 5.440286195789823154e+01 4.666279424067467829e+01 3.835835685099952030e+01 3.051897156304923442e+01 1.171303280774432487e+01 3.147819256229042040e+01 3.707015946796864370e+01 3.372835713689643455e+01 4.202578329568061122e+01 2.681528491953629612e+01 3.813742365627854269e+01 5.207707787444493874e+01 7.186560573371444605e+01 8.067285940709399483e+01 8.893519054412752212e+01 8.448551632090075714e+01 7.445511817269836286e+01 6.614408228299366499e+01 4.813278330081845269e+01 4.910303401154492775e+01 6.915085282485382834e+01 8.662968333685104483e+01 6.899499854612828642e+01 4.907124065281396241e+01 4.933640730266498764e+01 2.975295987573695200e+01 3.644492942134900204e+01 5.060286528070111700e+01 7.110572155688636542e+01 6.922837066930155459e+01 5.683637031959514019e+01 3.682979127942638797e+01 4.841467694935396082e+01
6.687957501582478415e+01 5.174458785968766250e+01 5.536540879768740808e+01 5.125519748156299471e+01 4.739758622159599355e+01 3.811118729287310458e+01 1.914319184654190664e+01 1.578274990851056359e+01 1.243372072175496612e+01 2.617877641793056753e+01 4.464179919870763769e+01 5.344449780968760422e+01 4.980527725989842480e+01 3.012475101926292353e+01 4.980527725989900745e+01 5.939395053905191446e+01 6.450092139832327121e+01 6.086636127038924116e+01 7.774614001918779138e+01 8.600180816711244347e+01 8.824763278573037439e+01 6.817930848826235035e+01 5.814919118002936926e+01 5.577989947566884155e+01 7.583632949944623647e+01 7.834940071227686076e+01 5.832844973643922515e+01 5.276557036428516767e+01 3.273538811265864723e+01 4.979534610484228807e+01 5.624554863864032939e+01 5.047761918077180354e+01 7.017056216263786439e+01 7.497955938424163946e+01 5.508427209198016072e+01 4.094389330323230780e+01 6.091343743901499863e+01
