LEM/with_lateral_4open/elevation_000071.asc
nrows	100
cellsize	150.0
xllcorner	0
ncols	100
yllcorner	0
NODATA_value	-9999
[rows 17 to 33 of 100, columns 37 to 73 of 100]
5.372503097498257318e+01 6.810887755493618556e+01 7.641616890781513405e+01 7.237084611625216723e+01 6.072382488139375312e+01 4.563589164747875060e+01 2.530678277558543954e+01 3.783620183087871425e+01 1.759400103810957816e+01 3.648114932740281091e+01 3.549281782562640331e+01 3.421451288105557609e+01 2.198526088347528429e+01 4.048556740398677789e+01 4.146844799449743846e+01 3.320538834430669084e+01 1.432585343595618177e+01 3.161864540780305433e+01 3.941027102803656135e+01 2.619725609068362715e+01 3.188277528284758588e+01 4.037190179823243597e+01 5.115923983269411934e+01 7.373808557002560349e+01 8.791968646313949876e+01 8.399239603839045287e+01 7.730162776728990082e+01 5.756728389648633026e+01 4.986527641215948137e+01 6.877153522731394730e+01 7.855597420850214974e+01 8.320509998309731259e+01 6.393062743545043958e+01 8.365047545981231281e+01 7.845724958293392604e+01 6.138648149815155364e+01 6.129959383906066961e+01
4.192693240804687349e+01 4.782598240776439269e+01 6.474427434537069814e+01 6.504867875326669946e+01 5.672997021412366081e+01 4.920463860497942221e+01 3.936289613758329864e+01 1.898954751717606015e+01 3.790442273621198410e+01 2.554631160236142762e+01 4.587992019897141205e+01 5.136729697863994204e+01 3.632601184305216435e+01 5.251121495920112636e+01 5.815528860369214925e+01 4.261142879520171078e+01 3.458263472257257121e+01 1.580290469632285699e+01 1.990416783222821806e+01 4.017842290340970379e+01 4.225719509309774224e+01 6.080853772199006357e+01 7.024729179137027302e+01 8.201240742725178734e+01 9.338631377602841610e+01 9.340235784533361141e+01 7.368307125658927248e+01 6.968527768516057108e+01 6.996268925231501612e+01 5.793216832472180045e+01 7.708547123999537121e+01 9.183921374960500827e+01 7.870297289404258834e+01 9.322283486801822505e+01 8.979376858699944819e+01 8.149569597603961313e+01 8.152757469712031480e+01
5.639854258401386744e+01 3.606849608750950864e+01 5.123481138342589247e+01 5.673269488853550513e+01 3.645726164865507712e+01 4.083167028518632691e+01 2.048189383273473752e+01 3.341927654437025552e+01 4.772110466578729415e+01 3.730734441905899956e+01 3.573331703916051794e+01 5.602652335878231327e+01 5.837873383300494368e+01 5.592222701663232698e+01 4.143329817611078170e+01 3.116336965262139103e+01 2.265097588256604055e+01 1.686872841866067674e+01 3.091373251462488980e+01 4.734712687316739022e+01 6.165634741016445020e+01 6.988531733279576486e+01 7.082903182632855987e+01 6.688154811961688040e+01 8.544218569571336275e+01 8.989852708294199601e+01 9.340235784533361141e+01 8.965202617472523627e+01 8.515392411033678854e+01 6.539949568093790333e+01 7.422007336769962649e+01 9.456891340449364236e+01 9.937503827271534362e+01 9.472177051614929155e+01 8.635661607971390197e+01 8.635121438816906903e+01 8.425676540115429702e+01
6.474427489776047651e+01 5.123481138342589247e+01 3.094801487353628744e+01 4.638490905870888525e+01 4.239352384828971054e+01 2.202580182306310519e+01 4.087387412788461916e+01 4.922530861979327454e+01 6.200982151171676549e+01 5.168329445079135098e+01 4.483483879348631973e+01 6.433546912976697740e+01 8.001620030102871794e+01 6.814760809873990866e+01 5.409582422450211681e+01 3.419009270573653936e+01 3.810597700330729509e+01 1.793853369899006722e+01 3.754222436745162383e+01 5.400735105253277624e+01 6.802292102300543775e+01 5.986868034296543328e+01 5.147635828675477399e+01 7.082903182632855987e+01 6.995705336465582036e+01 6.995705336465582036e+01 7.972726778001579362e+01 8.799825157153044586e+01 9.335406741352495885e+01 7.680602219878143444e+01 9.335406741352495885e+01 1.032322362211321973e+02 9.520229863317297259e+01 8.635661607971390197e+01 6.625966560849364839e+01 6.625857396507959152e+01 6.488956764296096935e+01
6.324817439270303510e+01 5.959066484103583150e+01 4.638490918854057554e+01 2.611046374047021601e+01 2.361728309200981357e+01 4.235572924193021294e+01 3.386074197760592597e+01 4.572543079864971816e+01 6.630708949710846412e+01 7.185099264243122263e+01 5.657902440661471388e+01 7.335402890842289025e+01 8.402960041770525379e+01 6.448655065556067711e+01 5.047434987547521246e+01 5.409599969416613163e+01 3.938380317978581502e+01 2.177099046044396502e+01 1.929439480427694420e+01 5.192025061196778779e+01 5.986674053771123738e+01 3.995134834533747892e+01 5.986674053771123738e+01 6.824549427087984554e+01 5.000571127155112805e+01 6.398313388707207849e+01 5.981319431423771249e+01 6.822987210388687629e+01 8.816390423905399132e+01 9.655737018982198094e+01 1.047705298597988985e+02 9.847732440875320492e+01 7.830973067177009739e+01 6.673690553527663383e+01 5.917906528237392649e+01 5.211247404979548747e+01 5.368405966963582898e+01
6.141135676989728154e+01 4.295744371323931432e+01 3.124948856097542205e+01 4.497567954430125781e+01 2.487575659883090395e+01 4.367577270288080626e+01 5.356473930926095761e+01 6.282627086806468242e+01 7.464881698785816866e+01 8.492707010124856026e+01 7.669440918368506743e+01 7.611305662347008649e+01 6.785146306452917031e+01 6.119968876587920192e+01 5.543108527550282361e+01 5.026269971331146280e+01 4.023943247978048277e+01 2.050557355997909070e+01 3.956720212955847416e+01 4.427274211836339646e+01 4.627784318121479146e+01 3.378597449083330417e+01 5.147161394575912396e+01 5.486460847283917275e+01 3.983662354452913945e+01 4.397437604222908192e+01 4.831090424389452664e+01 6.822987210388687629e+01 8.239325966550399016e+01 9.066686408148771648e+01 1.006509247920557328e+02 1.068564466155985571e+02 9.520229863317297259e+01 8.683355873579900219e+01 7.642872336246375653e+01 5.635849310296009662e+01 4.481368294385875117e+01
4.107239275428644021e+01 3.684563013682985400e+01 5.153331557286043818e+01 4.645855238718581859e+01 2.612981802514336138e+01 3.102810841943961151e+01 5.123333874548826117e+01 5.494915984292809696e+01 6.911023591380529751e+01 8.868940071509992151e+01 8.194415432062780269e+01 6.201407921591641781e+01 4.789614016857920831e+01 4.121666016312802583e+01 3.541401574266170371e+01 3.019991376052985288e+01 4.092588208833841890e+01 2.156994206882673382e+01 2.277058183398616720e+01 2.450436259845273312e+01 2.630089519630731232e+01 2.810389031880420774e+01 3.121208680668101465e+01 3.456114007798340992e+01 4.900170067468115320e+01 6.398313388707207849e+01 6.822987210388687629e+01 5.585205256578743160e+01 6.246632288522585696e+01 7.241173666317236268e+01 9.237478266783566028e+01 9.822991503747330455e+01 8.986460399528492360e+01 9.822991503747330455e+01 8.478438234053493261e+01 7.075200499587555214e+01 5.070271428954054471e+01
5.550099198727744465e+01 5.717038960565422911e+01 6.550605773430928025e+01 4.772822340339229896e+01 2.741364933246830660e+01 4.772447002222935453e+01 3.840253266152593170e+01 5.860227050192071374e+01 7.505424266215024431e+01 8.305710454186777270e+01 8.412582933875647484e+01 6.419388270924837059e+01 6.785146306452917031e+01 6.119968876587920192e+01 5.543108528521531753e+01 4.339103869564986127e+01 2.327945042384338947e+01 4.153434712214009750e+01 4.257861485988935613e+01 3.852033587475167309e+01 4.038465796905198602e+01 4.819251888638037684e+01 3.168545411595015082e+01 5.195676551734639759e+01 6.314299906627281445e+01 7.728452025298652472e+01 8.401993277714495889e+01 6.732210860075629455e+01 8.239325966550399016e+01 9.066686408148771648e+01 1.006509247920557328e+02 8.815262227491308522e+01 6.972702684383928329e+01 8.815262227491308522e+01 8.057243533505673838e+01 7.909920449301988299e+01 6.750638591227561847e+01
7.568023958667038187e+01 6.633913753437721539e+01 5.783726465017969076e+01 4.900920085177841656e+01 2.869012578968055749e+01 4.900901996248995118e+01 5.860227024013378383e+01 4.799688209331233679e+01 5.519790916452338081e+01 6.679704005065690353e+01 8.633379120392123696e+01 8.412582933875647484e+01 7.751566766213417736e+01 6.924736321162372121e+01 5.975875773334853847e+01 4.666245723014382207e+01 2.654263466105163616e+01 2.539560341347614170e+01 4.552477046698859908e+01 5.862503207979754194e+01 6.050819198643386443e+01 5.997125521170634954e+01 4.189463036878272106e+01 3.570131283163854619e+01 5.606621010609783440e+01 7.244122268996542857e+01 8.067984181696320434e+01 8.726495533697425344e+01 9.553972742179517752e+01 9.692575779868678865e+01 8.855770175275060296e+01 7.979581541956217450e+01 5.971530042878614353e+01 6.975557206445081704e+01 6.048565842035853990e+01 6.316195056520260209e+01 6.007245327140210378e+01
7.020518887336341152e+01 5.784374212440356899e+01 3.775359707101831219e+01 3.382410310510821461e+01 2.996384291000958555e+01 4.982061215532024789e+01 4.475215428073558854e+01 6.522438167068747816e+01 7.505424266215024431e+01 8.305710454186777270e+01 9.427488967775261131e+01 8.336451216560682553e+01 6.339984865284272075e+01 4.922808025693623080e+01 5.147624900336519005e+01 3.138917065265501094e+01 4.666245855586578983e+01 2.692853002855321520e+01 4.327378323878892985e+01 6.016450928266299059e+01 7.772066716528151176e+01 5.826992620835471826e+01 5.909645182657539664e+01 3.898885436558624207e+01 4.538241183880651874e+01 5.252690248550846519e+01 6.403344987125311150e+01 8.392645394957493465e+01 1.002185835755535521e+02 8.002134379740235204e+01 6.842676118406511421e+01 6.086472421727147974e+01 5.379894713222691394e+01 4.971998164405824383e+01 4.634130177055215682e+01 4.313971971564880192e+01 4.005402936189293683e+01
4.912419448640804376e+01 4.400702737926382468e+01 5.783726456200074750e+01 4.762198209292925100e+01 5.032032528451320275e+01 3.187566336918457921e+01 5.226824571680639764e+01 6.149650892461115603e+01 7.597861036571458726e+01 9.620899075642735454e+01 9.167610766361718788e+01 7.990789021918536150e+01 7.090557811016955725e+01 5.658605695958410564e+01 3.651351208836940287e+01 5.140567502269708200e+01 4.663909465397958343e+01 3.439452146438625846e+01 2.911521275341316795e+01 5.550198053660824371e+01 6.905674399325886270e+01 7.772093071185182112e+01 6.240179338287330779e+01 4.236617983549145805e+01 6.240179338287330779e+01 7.244122268996542857e+01 8.067984181696320434e+01 9.216415347117816736e+01 1.085880783397251435e+02 9.692575779868678865e+01 8.144033963195427361e+01 6.135312331509984318e+01 7.384808550253204373e+01 6.975557206445081704e+01 6.636893916649225389e+01 6.316195056520260209e+01 4.488179441338653675e+01
7.020518887336341152e+01 6.476209952788539681e+01 7.322609946770741374e+01 6.820089098349833989e+01 5.366957680000766828e+01 3.325288974393141217e+01 5.366957680002597897e+01 7.067788510229969745e+01 7.941456341635809224e+01 9.088516611506692300e+01 8.317538406527727091e+01 6.314656766127411203e+01 5.157238904245562594e+01 4.258061142230167206e+01 5.658605695958410564e+01 6.430358955214968830e+01 5.657913231103182738e+01 3.830447469563377894e+01 3.066163193718227475e+01 4.069380490700505248e+01 6.077290039462050686e+01 7.982908254181477048e+01 5.994808713956218327e+01 4.583803322314403772e+01 6.577109593374753160e+01 7.931797078608876461e+01 9.346013190721654951e+01 1.016927299039958257e+02 1.113353585060065996e+02 1.016225359635436973e+02 8.144033963195427361e+01 6.767871023414585352e+01 8.780475325528919939e+01 8.860003483908832322e+01 6.847143294871648322e+01 5.430665934620907365e+01 5.642758240331951924e+01
7.616004506432317100e+01 7.089862859867295697e+01 6.594652960590669011e+01 6.484680055802284926e+01 5.508344727816682962e+01 3.464671474349522384e+01 4.233730673850025283e+01 5.137540710694186430e+01 6.280737245285361325e+01 8.256891061513790930e+01 8.266191179941664302e+01 6.272951137532476196e+01 5.115473485851060786e+01 5.418104064013144239e+01 7.090557811017397682e+01 7.169114919573642908e+01 5.187415409885871753e+01 5.233246888629490456e+01 3.224333579685944073e+01 5.233246794903283927e+01 6.905665003988264061e+01 7.938966222917785842e+01 7.400637207028299258e+01 5.994808713960019020e+01 5.121163241276950373e+01 7.108155653003298369e+01 7.356338421322408294e+01 8.321419445925012326e+01 1.029369679846598160e+02 1.020892412980460904e+02 8.188792457642294664e+01 7.926989359844982630e+01 9.617239456398954189e+01 8.860003483908832322e+01 6.847143294871648322e+01 6.847143294871648322e+01 7.649825238800734439e+01
5.578281911921023806e+01 5.048073560542677285e+01 4.551169749944178733e+01 5.339519227320757722e+01 3.675473003003796180e+01 5.508344727591852319e+01 4.234054064039237630e+01 6.271822998749048139e+01 7.833861642642754930e+01 8.649814880452186117e+01 9.087551879324028903e+01 7.870632936415256609e+01 5.874352037158554651e+01 7.417631660980191555e+01 8.244380220131469628e+01 7.995813593928119190e+01 7.169114919465096136e+01 5.394942827514141470e+01 3.383012578521732650e+01 4.206174525745600334e+01 5.107968820937692556e+01 7.110772455317066942e+01 8.806465706107019287e+01 7.931791318498780186e+01 6.267660555383963583e+01 5.734147973792912012e+01 6.331547713515762865e+01 7.480145452527338534e+01 9.470621092449400180e+01 1.104568645515560092e+02 1.020892412980460904e+02 9.946358836426662720e+01 1.078333953055918499e+02 9.696140144386355075e+01 8.860003483908832322e+01 8.860003483908832322e+01 8.844455863843958809e+01
7.615994653621493171e+01 6.945758880135844038e+01 5.937719714777796298e+01 3.889627042008974911e+01 5.720996446060375007e+01 6.560740286947617506e+01 6.271822966050772408e+01 5.106324291074124488e+01 5.829681322674947808e+01 6.996877406387677922e+01 8.977203371934318454e+01 8.696107218271747286e+01 7.028592918056941130e+01 8.696107218271747286e+01 8.991995665151731032e+01 6.992723930117026043e+01 6.664490233130862862e+01 5.561210328866584973e+01 3.546548719859751486e+01 5.561097240709869993e+01 6.869394757721801170e+01 7.110772455317066942e+01 9.109501949630666218e+01 9.079863598241733769e+01 8.256292915476633709e+01 6.543732826924298251e+01 8.321419445925012326e+01 7.738579717187390372e+01 9.728519023733215931e+01 1.151386594525673672e+02 1.034077467527383760e+02 9.499711905346305230e+01 9.499711905346305230e+01 1.034077467527383760e+02 9.684407344388186800e+01 8.517923782063650151e+01 6.827117823349064452e+01
6.945759177471586554e+01 4.893526860435909498e+01 4.466138168875345826e+01 5.841591859176703849e+01 4.138653528454828745e+01 6.241511106523857677e+01 7.944763383482654717e+01 7.033575499894581640e+01 7.833861642642754930e+01 8.649814880452186117e+01 9.790173052901684514e+01 9.846521913178791863e+01 9.020880992495838768e+01 8.067050715383142290e+01 7.235966302731097244e+01 6.656822475864468913e+01 4.988495907367556725e+01 3.821002508940938469e+01 5.561210328866584973e+01 4.031037783162095423e+01 6.041898530727851835e+01 7.307596729275033454e+01 8.135225482590847434e+01 9.134448255554347895e+01 9.357484240733639069e+01 7.692878651593818518e+01 9.357484240733639069e+01 9.728519023733221616e+01 1.055155882569601857e+02 1.067356621214636192e+02 8.640390912085119623e+01 7.475393223475518312e+01 7.475393223475518312e+01 9.170987596050308355e+01 8.844455863843958809e+01 6.827117823349064452e+01 5.669594307308890535e+01
5.563027352502310663e+01 6.940395789557037176e+01 6.517919759166032634e+01 6.354045717184942532e+01 4.316080537036510378e+01 5.770006555700741302e+01 7.811090438516876588e+01 8.481740406657266362e+01 9.247819079070272608e+01 1.031501410955455924e+02 1.127498250829998625e+02 9.423365560492148063e+01 7.391955694891906603e+01 6.234317417292567853e+01 5.231805619387512962e+01 4.651015293168438092e+01 4.108951030526417725e+01 5.248797230318965035e+01 6.664498837821706445e+01 6.041898530727851835e+01 4.545973460213326689e+01 5.306453362017055753e+01 6.308219460840295767e+01 7.721955838761734014e+01 9.719332771276673100e+01 9.682888016363517636e+01 1.050589222184274263e+02 1.096926340178602572e+02 1.057478651566898975e+02 9.724649906149441847e+01 9.873521553715880827e+01 8.330970969442616081e+01 6.316316718575514955e+01 7.508491815650370427e+01 8.346915096271381174e+01 8.155603586890309487e+01 6.142537609584314140e+01
