LEM/with_lateral_4open/elevation_000195.asc
nrows	100
cellsize	150.0
xllcorner	0
ncols	100
yllcorner	0
NODATA_value	-9999
[rows 68 to 84 of 100, columns 0 to 36 of 100]
5.009162696260269221e-02 1.419222725069367819e+01 3.419222725069437985e+01 4.901932659086556043e+01 5.730736015915302772e+01 5.295502174394561479e+01 6.117522024526665092e+01 6.006125463396062258e+01 4.428608443184576515e+01 6.006125463396062258e+01 6.488569994010258313e+01 4.415589621900033990e+01 2.971776620350853548e+01 4.865341690783800033e+01 4.120346153312017634e+01 5.562031751164415994e+01 7.542282763670604595e+01 8.386299043730585367e+01 7.542014339504964937e+01 6.590855348734078234e+01 4.571752115862483379e+01 3.133774772032822398e+01 5.163133760848104004e+01 6.791396583530980990e+01 7.615936988365135107e+01 8.615059923428528066e+01 8.610951321872549613e+01 7.456455872021405185e+01 6.044428805682431260e+01 5.048950452065557215e+01 5.454309413791887806e+01 5.884311154899975094e+01 7.883964232796985527e+01 9.513201156367316003e+01 1.050170409654285066e+02 9.407998567941537260e+01 7.405440670483577037e+01
4.695337527364121244e-02 2.004695335951335977e+01 2.319032171017929755e+01 4.317381119240334897e+01 4.973092716821646775e+01 3.314261791966465864e+01 4.973094164409172180e+01 6.888484834764258835e+01 6.305088376268606254e+01 7.094451349911994953e+01 6.499876239926487642e+01 4.591172255596326579e+01 3.556886260054492510e+01 5.592962896200156564e+01 6.156840447873820210e+01 7.002739191541276398e+01 8.521843160722727362e+01 8.120759300400322900e+01 7.364119785989389300e+01 6.697018083413902900e+01 5.374641548445640638e+01 3.345590104774613849e+01 5.373964698662744155e+01 4.773701375907187838e+01 5.789116677058202498e+01 7.211120438460426385e+01 9.200121886018845885e+01 8.868482947217644607e+01 7.010247502661846397e+01 5.582109731044540268e+01 7.467007742941615334e+01 7.883964232796985527e+01 6.712220480318671889e+01 7.705795567658985590e+01 9.678900120072663071e+01 9.485644866589156265e+01 7.483945576032095914e+01
7.614146464036156137e-02 3.199616134767033326e+00 2.319032171202647419e+01 3.145057728565744526e+01 3.526999468349067968e+01 2.166356697352938454e+01 4.151632492960876419e+01 4.919454421517288978e+01 6.436814014957091956e+01 7.325179508930486350e+01 7.289285190807341053e+01 6.364731155448605193e+01 4.734113060563279163e+01 4.734115267494868817e+01 5.911169017271737403e+01 7.934124423112179159e+01 8.764247167309136444e+01 6.784168035597429025e+01 5.359671050497137657e+01 4.680724703195100034e+01 4.064998812740854817e+01 5.374641548458741624e+01 3.683268306844107798e+01 5.712921055739326448e+01 6.760009424158442926e+01 7.583728448192621840e+01 8.735857643960935093e+01 9.814699917129027540e+01 8.165961194127936551e+01 6.174136148968884896e+01 8.165961194127936551e+01 9.513201156367316003e+01 7.705795567658985590e+01 9.513201156367316003e+01 1.050170409654285066e+02 1.031013173607428968e+02 9.156346067704419056e+01
2.352828262072655108e-02 2.002352825115092827e+01 7.849417511541552983e+00 1.150059175017126556e+01 1.534850841860368220e+01 3.526999462793303763e+01 2.946902014467158182e+01 3.617620461602196968e+01 4.515920769798474765e+01 5.919639963314996578e+01 7.905016664632633194e+01 7.599502157487104625e+01 6.766100323039655962e+01 6.766170574991592446e+01 7.599632833025771106e+01 8.764500555726574760e+01 8.970601252980786455e+01 7.000708858857976224e+01 7.364119785989585409e+01 5.722273899411704434e+01 6.089879897046647272e+01 6.037633842519841920e+01 4.009803120545008426e+01 4.272950492267257516e+01 4.742205852792461229e+01 5.913729591698572818e+01 7.916057206779507283e+01 9.152241078316119172e+01 8.986556638316696421e+01 7.177943607313639518e+01 7.587079010339536467e+01 9.563506413246068405e+01 9.098893006036082909e+01 1.050170409654285066e+02 9.994858157063460169e+01 9.170312687831557241e+01 8.461486820647265006e+01
6.786455232800275850e-02 2.006786455232764865e+01 1.601033351220391765e+01 3.145057728565744526e+01 3.526999471597954994e+01 3.162017875976284031e+01 4.919454421709806269e+01 5.428100504690544170e+01 6.418751462143846709e+01 7.325179508930486350e+01 7.380475876745363450e+01 7.946964928698824338e+01 7.878208022779838871e+01 7.055410019104279229e+01 6.844989311643610108e+01 7.670766807246629071e+01 8.575029891996443610e+01 8.965712185152200675e+01 8.544997622210846089e+01 7.725539785325590003e+01 6.514104949704896796e+01 4.492608673857017720e+01 6.037633841143559721e+01 5.291858828696089745e+01 6.760009440276712667e+01 5.572573171020843574e+01 6.337278355444372835e+01 8.333863095362264062e+01 9.975719950611187414e+01 8.574819249171621038e+01 9.563506413246068405e+01 1.038603426629384785e+02 1.107916116105264308e+02 1.057829335013480545e+02 8.587108001946496927e+01 7.165450378365770234e+01 6.445119614736590563e+01
3.257643153035955086e-02 2.003257643153000345e+01 3.596854086153072672e+01 3.012550713142342573e+01 5.007487213815914373e+01 5.150981335507891856e+01 5.975661565571219569e+01 6.299379934596500874e+01 5.547209327838755399e+01 6.366218971213427835e+01 5.440615612672718981e+01 6.008787529465267596e+01 6.725325455834010313e+01 5.054234000134212579e+01 4.841561467206916802e+01 5.740016684895277166e+01 7.156391041722120860e+01 9.171761725249109531e+01 8.947481026243792712e+01 7.274223122934373009e+01 5.263139677177492359e+01 4.949580373986444926e+01 6.964699444504198311e+01 7.302328829402243571e+01 7.302328829086383166e+01 6.996566658087081692e+01 7.579224996320930074e+01 7.753648168663517026e+01 9.734625840489701432e+01 1.055219357732050867e+02 1.042099282522827082e+02 9.588939080932684078e+01 1.006969635034089805e+02 1.079563160202430652e+02 8.805030597490998900e+01 9.061557376776164574e+01 7.053606637436729443e+01
1.880098487986705744e-02 1.416093660861094250e+01 3.416093660861164949e+01 5.007487213815914373e+01 5.834326337674073670e+01 5.599592953694192943e+01 4.790138241861773594e+01 5.144531662286069462e+01 3.226994895015912590e+01 5.157173540903816189e+01 4.051491219395062160e+01 4.885435421026827640e+01 5.279933030935173832e+01 3.891129762555322458e+01 5.900030505856118879e+01 7.657878127281212244e+01 8.573310148346241988e+01 9.530590799773865740e+01 7.545651833193522862e+01 6.127024632512816993e+01 7.274223122934373009e+01 5.717370356497492878e+01 5.815215191805369699e+01 7.819202507804182289e+01 9.290415387505710498e+01 8.985886658656527004e+01 9.564125045790773072e+01 9.734625840489701432e+01 1.055083398796873126e+02 9.970949107248718235e+01 9.138741738317531826e+01 7.577537814912808756e+01 8.058615875359100755e+01 1.006969635034089805e+02 1.079563160202430652e+02 9.886743477103081545e+01 8.730120205659100918e+01
2.900726248362994752e-02 1.417114288621470486e+01 3.417114288621540652e+01 3.858619902338216434e+01 3.954071845715982647e+01 4.598190551333300391e+01 2.852058670380128547e+01 3.586697936307940893e+01 2.194175239376590625e+01 4.240528925915342739e+01 3.158401192084554765e+01 2.876027546112606004e+01 3.268732313044762350e+01 5.279933030935173122e+01 5.054234000134212579e+01 6.212492564569661369e+01 8.206856675292020498e+01 9.530590799773865740e+01 7.545651833193522862e+01 7.287322719868176080e+01 8.544021662963122310e+01 6.620489239658532199e+01 7.236958367093475886e+01 6.892517594094010747e+01 7.892921231689359729e+01 9.295575478514605550e+01 1.126964377464357199e+02 1.028363090557666339e+02 9.451619956592627148e+01 9.138741738317531826e+01 7.128930213817656636e+01 6.419287107364506539e+01 8.427656018547754968e+01 9.277938106595183854e+01 1.011000006266308446e+02 9.304769591499919557e+01 8.299856578560786602e+01
5.081304048347550645e-02 2.005081304048312063e+01 2.295237449673270547e+01 1.858059447336085412e+01 1.831224628234534180e+01 2.746858975986849316e+01 2.441168695650316423e+01 1.241144589934214260e+01 1.490718807087010234e+01 3.490182993660235411e+01 2.344148518135715520e+01 4.348312316789140652e+01 5.279933030935173832e+01 6.106244702217713893e+01 7.055410019104347441e+01 7.878208022986167691e+01 9.027381700610352766e+01 1.034931021929406683e+02 9.530590799773865740e+01 8.695084573196945144e+01 9.433607888977576295e+01 7.776660231130712475e+01 9.224864208920270414e+01 8.883343963807385535e+01 9.702440594718484590e+01 1.069209959645765338e+02 1.085874076395597712e+02 9.451619956592627148e+01 7.442051362309123874e+01 8.030640376315254514e+01 7.717590380436794817e+01 5.715040997781454735e+01 7.717590380436794817e+01 7.268902213288562564e+01 9.277938106595183854e+01 8.478212187499944719e+01 6.462446367692467675e+01
4.469920835086939326e-02 1.495651708570994831e+00 2.950437643480379624e+00 4.437025936019264094e+00 5.940317992476703779e+00 7.465303128090877038e+00 9.008330403243425266e+00 2.288018647927962235e+01 3.351461971552444652e+01 1.876980793685799043e+01 2.427072173948582900e+01 3.133263223736174297e+01 3.894383179947573126e+01 4.902957240515272019e+01 6.323042518604584927e+01 8.315878784733878604e+01 9.551646819978412850e+01 9.213726731944522896e+01 1.004476869081035915e+02 1.067191353029801206e+02 1.057673267899184850e+02 9.758397376492033004e+01 9.271659411527438976e+01 8.444174838508300240e+01 9.271659411527438976e+01 9.724282428169672698e+01 1.002694453165071309e+02 8.016300316171849261e+01 8.030640376315254514e+01 6.026699893489806215e+01 6.959489131998219591e+01 5.203231917598707668e+01 5.854865436672179868e+01 7.857335202790901008e+01 8.587536731601349516e+01 9.304769591499919557e+01 8.299856578560786602e+01
2.324776005098762310e-02 2.002223895399200515e+01 1.111556062688744539e+01 2.444010038331391144e+01 2.594465898865900400e+01 2.160829703591794271e+01 2.901255514247778322e+01 1.190996531065216679e+01 3.186372554911273269e+01 3.028293514706406597e+01 4.433736138513076241e+01 4.065367682905159796e+01 5.904843993837322103e+01 6.729420101864857884e+01 7.728345810540901084e+01 7.910657732870187431e+01 7.541853851533042530e+01 7.202785544532052597e+01 8.884533929815131614e+01 1.004476869081035915e+02 9.727301659051055083e+01 8.899587164076125134e+01 8.276504330774353946e+01 6.456935787796405180e+01 8.276504330774353946e+01 7.730082191310522433e+01 9.141224291606880570e+01 8.385260404250101374e+01 6.378020534757126114e+01 5.625277306446512426e+01 4.963996709460040790e+01 4.707893584703611367e+01 6.701208744278171991e+01 6.941830501506285600e+01 6.571966466475230106e+01 8.587536731601349516e+01 8.324572490039967931e+01
8.699724428260374731e-02 2.008699724428224798e+01 3.111840601299187981e+01 2.525940733786948300e+01 4.526340421144256254e+01 4.161658793350631669e+01 3.393232722749755936e+01 1.398341436130644055e+01 3.393232722749755936e+01 5.036812897167163072e+01 5.863958810100350405e+01 6.073584733754034204e+01 6.901326853271170592e+01 6.911668212957957280e+01 7.320760678106299224e+01 5.898894154483068064e+01 6.119009016493784969e+01 6.038333233992280213e+01 7.202785544532052597e+01 9.213726731944522896e+01 8.576678303299591732e+01 6.908861551331102646e+01 7.450555313152345605e+01 5.474437818650508092e+01 7.058954301375246132e+01 6.329499766634143754e+01 8.314169917642739449e+01 9.217657006269269004e+01 8.385260404250101374e+01 7.626595044774080634e+01 6.294324991152160464e+01 4.302580831882284684e+01 5.869683709598721322e+01 4.940774106937244881e+01 6.351441933264691642e+01 8.362045644970244496e+01 7.494040857310574211e+01
2.249585233037712170e-02 2.002249585233002094e+01 3.345098830831308589e+01 4.526340421144254123e+01 5.354780717049934680e+01 5.013506804519568760e+01 3.019375689355031156e+01 1.609076859294165729e+01 3.603458625793631853e+01 4.744683665059567801e+01 5.636882002600091113e+01 6.466114081811340952e+01 6.326786301797758227e+01 4.909514525008182773e+01 5.855029714737572277e+01 4.486113109553481593e+01 5.035804288636402504e+01 6.194340262109125206e+01 8.208256138238286326e+01 8.681844930558506235e+01 7.688617229921848661e+01 5.768382610091991580e+01 6.751892272760539981e+01 4.782807929358276766e+01 5.086675439756774608e+01 6.477363187443374670e+01 8.463039456385232029e+01 8.830780955412299704e+01 7.675075512141620493e+01 6.845530984152551923e+01 6.140318600818049077e+01 5.869683709597766352e+01 3.878320610945115732e+01 4.766988026023433633e+01 6.176820240154405894e+01 8.207054113633680004e+01 7.232511984469951472e+01
2.739267172789772165e-03 5.166717062116034320e+00 1.930885268584723846e+01 3.930885268584794545e+01 5.352602234772936640e+01 5.013557826923579341e+01 3.019375891478361496e+01 3.603458625793631853e+01 1.923166140328570251e+01 3.916713665126787447e+01 3.643047014119164828e+01 4.749474077554775420e+01 5.020265898733835996e+01 3.505735969712516464e+01 3.861451211025352848e+01 4.560391921077577848e+01 6.568037322876126893e+01 7.878250023498034693e+01 9.039975913434734878e+01 7.855281422659544432e+01 5.872572761028497723e+01 4.888547383226363507e+01 6.021622353940770722e+01 4.161351153512183032e+01 6.129213129747705580e+01 7.717648977460504511e+01 7.904076683548288429e+01 8.000694873007216756e+01 5.999892326442088120e+01 4.850889150422331397e+01 4.148233658843249572e+01 5.249431131372195125e+01 3.618972614284658107e+01 5.610054129345396490e+01 6.734166681013989830e+01 8.639627238384439067e+01 8.063715074916791536e+01
8.327778614586213435e-02 2.008327778614550851e+01 1.369474571634052751e+01 2.524175110013324641e+01 4.524175110013395340e+01 5.843008930085144215e+01 5.013559715562733032e+01 3.550570948168937235e+01 3.916713633750445211e+01 2.251758950855501240e+01 2.494133765601270269e+01 2.758789175183776265e+01 3.030453545963296236e+01 5.020265898657608261e+01 5.678015887968213349e+01 6.547503838327632764e+01 5.826600817375459940e+01 7.254431172659103311e+01 9.266904713464865040e+01 8.681844930558506235e+01 7.421277126839353855e+01 5.441866364365944975e+01 4.047787310416872231e+01 3.729356821967142110e+01 5.048627349805001785e+01 6.812142297417661041e+01 5.904581210606678354e+01 7.318540157805517765e+01 7.675075512141620493e+01 6.845530984152551923e+01 5.249431131376203297e+01 3.258275415529243446e+01 4.932531612874842608e+01 4.926112746513346963e+01 6.889712535384664704e+01 7.130092659650259179e+01 7.959204117983371418e+01
6.510866554257997707e-02 2.006510866554222616e+01 3.369474571634123095e+01 2.524175110013324996e+01 3.938388672386469835e+01 5.938388672386540179e+01 6.375875203310937422e+01 5.545861983361562153e+01 5.072586166288317600e+01 3.247957209263182676e+01 3.247085015296120503e+01 4.749487325390411740e+01 4.176409767929244055e+01 3.808865073088876585e+01 4.508933204330870126e+01 6.509297528280228562e+01 7.843871025802610575e+01 8.675725090190104538e+01 9.109188180776808963e+01 8.082910622473839624e+01 7.238156184927483139e+01 6.202835568257084731e+01 4.672090764422782172e+01 3.324414938115114637e+01 4.127390277201288171e+01 5.225824747081241384e+01 4.491035641283517776e+01 6.490219875679471784e+01 7.924421550377687140e+01 5.924752965550155182e+01 4.516672066695827681e+01 4.927640623451925705e+01 2.941061396307527431e+01 4.932507547665009184e+01 5.867659049629524048e+01 5.134023790893448336e+01 6.544025924683326423e+01
8.953482861371392376e-02 1.423167045234478856e+01 3.423167045234549022e+01 4.524175110013395340e+01 4.524175110013396051e+01 6.524175110013537449e+01 6.350731700166561211e+01 6.936374428180531027e+01 6.070510498380688347e+01 4.654705984461337209e+01 4.134610969346375953e+01 6.068512785218737804e+01 5.585338494704834034e+01 5.214857018688773138e+01 5.802061939101356813e+01 5.660137996843901220e+01 6.819456429352163696e+01 8.830139339539665855e+01 8.269875472500592650e+01 6.206436897354389259e+01 5.185065531410620565e+01 4.518806206531777292e+01 3.933929241220612738e+01 3.390959484337810181e+01 2.885186683930995954e+01 3.226919190904934709e+01 5.225824747081242094e+01 5.612548729518344004e+01 6.440796049757973663e+01 7.339514208824752473e+01 6.510227087998114825e+01 4.716520739232285564e+01 2.723975726393839736e+01 4.716520650647127866e+01 3.875923129440391079e+01 5.024210414691034998e+01 7.019852160322307100e+01
