LEM/with_lateral_4open/elevation_000454.asc
nrows	100
cellsize	150.0
xllcorner	0
ncols	100
yllcorner	0
NODATA_value	-9999
[rows 17 to 33 of 100, columns 37 to 73 of 100]
5.862915715430500541e+01 4.709522846498867210e+01 2.703668583265174874e+01 4.291440357940165740e+01 3.748552994857863041e+01 1.745151071847006463e+01 3.338049570723961068e+01 1.336912394349229771e+01 3.235473084931857812e+01 3.190372998658815362e+01 1.694483668470865467e+01 1.944549112731125362e+01 2.201004483503836440e+01 4.217395948489541979e+01 3.525008983849887301e+01 4.284939680302635878e+01 5.301376039110485294e+01 6.756338999154492342e+01 8.808686683448149779e+01 8.935185650967829929e+01 8.634372515872512110e+01 9.461828085135604738e+01 8.626218955786134757e+01 7.477963084007571126e+01 6.495412628405772182e+01 5.150997901795845024e+01 3.681140711523351428e+01 3.403371689780161091e+01 3.132795179987722989e+01 3.029305783013937514e+01 5.016316493038229396e+01 6.211039526346668538e+01 6.615383442746225739e+01 4.610853430760850813e+01 3.455494890062628599e+01 4.362074409178456591e+01 5.776901450127033399e+01
6.295004245243356422e+01 5.011936159693192394e+01 3.005302882823524513e+01 5.010338517900052580e+01 4.428194997820164502e+01 3.182847315343343908e+01 1.440705930028647330e+01 3.339071390900711833e+01 4.171360137339583218e+01 4.328312833864556097e+01 2.511904532554263270e+01 3.959222784790551231e+01 4.217395948489541979e+01 2.580000444569490270e+01 4.598939582163959727e+01 5.548110959508100137e+01 6.093736795127280459e+01 6.686569935341972837e+01 7.374323820419132858e+01 8.218841442053242474e+01 9.244575836573825711e+01 9.468834103812280034e+01 7.805123055426797407e+01 5.813577975773968376e+01 4.632574490190872041e+01 4.141327655876344949e+01 5.677236191591651959e+01 5.398846772561917362e+01 3.950461571667605654e+01 5.031696203463161510e+01 3.401941096514613605e+01 5.402559252175353066e+01 7.262868510547812662e+01 5.262618989287373239e+01 3.848066568871229265e+01 5.848478509999409169e+01 7.191728491075598129e+01
4.870763887006073389e+01 3.453106367326954995e+01 5.011936159693192394e+01 5.310236681692450134e+01 3.700718332700679980e+01 2.583855910760569330e+01 1.518893476805389753e+01 3.002330485283717465e+01 5.194375109447712902e+01 5.375586628464451877e+01 3.934663381518613789e+01 4.531142024476983465e+01 4.598939582163960438e+01 4.598939582163960438e+01 3.017288599818865436e+01 3.517362717191091548e+01 4.052191856868087427e+01 4.632935696817069982e+01 5.311062165187649953e+01 6.343360852326728860e+01 8.405286788511544671e+01 8.645831214496762129e+01 6.674195815139800914e+01 5.508913752019329735e+01 6.619237061686652623e+01 4.592906029086161368e+01 6.620913670987431487e+01 5.578183322445494241e+01 5.360643678742632545e+01 5.672270898778224080e+01 3.672035789337551392e+01 5.086817289972681522e+01 7.085680941296833169e+01 6.677856078676995821e+01 4.848512184500082611e+01 4.534523001988278423e+01 5.689083571028605490e+01
3.938109170101543555e+01 5.460890294142230061e+01 6.295004245243356422e+01 5.526931587655742106e+01 4.586000553412596048e+01 3.589104816007186827e+01 1.597368738213468120e+01 3.031882362532394382e+01 5.130700403699297141e+01 6.616769953724816844e+01 5.971168853972964286e+01 6.570387235867801223e+01 6.639480791731151044e+01 5.886623955640389028e+01 4.177457091144152912e+01 3.634737189952908665e+01 5.667858872213896859e+01 6.686569935341972837e+01 7.374323820419132858e+01 8.218841442053242474e+01 9.244575836573825711e+01 8.645831214496762129e+01 6.674195815139800914e+01 7.507506985934223565e+01 6.530236599596929636e+01 5.089061858443204045e+01 7.111403585891051193e+01 6.984381686624348617e+01 7.350243942539488273e+01 5.952324379308858937e+01 3.952342487650482639e+01 5.366951646565142653e+01 7.365539169742129388e+01 7.678348707214131252e+01 6.262361251937913664e+01 5.137698652363391005e+01 6.534446717874588728e+01
5.357668835178071731e+01 6.782878090076434319e+01 6.482172177316249417e+01 4.685965751510627086e+01 2.704594925550266638e+01 2.186448095882570541e+01 1.676079380995094681e+01 3.649801364991943586e+01 3.803253558484781394e+01 5.143340332542141624e+01 5.721458571839017537e+01 6.381203788458314108e+01 7.189505038582504426e+01 7.065774669197323021e+01 6.219258480985507731e+01 5.667858872213896859e+01 4.303558587941783742e+01 4.943030401463342116e+01 5.969648916811156880e+01 7.164696626083316744e+01 9.216178330558324205e+01 9.468834103812281455e+01 7.812460141611902031e+01 9.335879419568782112e+01 7.667229500316088320e+01 5.663170665624951994e+01 7.667229500316088320e+01 8.978142589126302653e+01 7.657017796215285443e+01 5.658733711059500848e+01 4.244267670577394114e+01 5.658733712021800244e+01 7.657019049019353929e+01 9.094308128205383923e+01 7.769772170736121097e+01 5.769942631854496540e+01 7.769772214709570335e+01
7.374810083121342075e+01 7.087409544408640727e+01 5.040132058362154055e+01 3.616450408334767275e+01 4.682792642404575645e+01 3.281409692387717314e+01 3.696476930365061975e+01 1.789226361760217188e+01 3.809518035483755938e+01 3.118472863936382922e+01 3.705554569062626058e+01 4.384820854292351555e+01 5.806533804723180481e+01 7.799457554071717880e+01 7.805085749415795249e+01 5.747296497415143790e+01 5.479759145727535952e+01 7.000701866526621586e+01 6.397961437044632049e+01 8.455846004929509263e+01 1.005143624433044067e+02 1.061156310237696374e+02 9.784237270836601397e+01 8.913966590789799227e+01 6.942702166135642017e+01 6.681164246069080548e+01 8.486821497761106059e+01 9.081603487720781231e+01 7.186224878540996031e+01 5.187501967535221326e+01 4.592626226751227136e+01 6.592077781131608560e+01 7.298684552158930217e+01 9.295981071119473427e+01 8.600351830270817288e+01 6.663603572820299803e+01 8.600351830270817288e+01
8.318775553852525206e+01 7.087409544408640727e+01 5.040132058362154055e+01 5.639765751054623877e+01 6.114556455901346510e+01 5.277580538970811119e+01 3.895718527971615686e+01 1.869484606373693225e+01 2.355107378147386399e+01 4.382389748127560125e+01 5.721458571839017537e+01 6.381203420647604929e+01 5.994145983095459940e+01 7.876078133327712294e+01 8.647177712139219352e+01 7.805085749415795249e+01 7.538792444239803103e+01 8.382121625416841937e+01 8.455846004929509263e+01 9.294970045892294763e+01 9.932985588309789193e+01 1.076077673534399111e+02 1.160126078071637750e+02 9.736040278389006630e+01 8.336136679365412760e+01 8.076371405324498198e+01 9.474368240671465458e+01 8.253962407006147828e+01 6.256407854374450039e+01 7.108178863248198809e+01 5.109326310200741972e+01 5.300098727652280672e+01 7.298684552158928796e+01 8.978006344028737828e+01 9.496056985830998087e+01 8.077577070029494166e+01 9.496056887919115752e+01
9.220850407004635940e+01 7.924212296270357569e+01 7.087409544408640727e+01 7.309144650692059031e+01 5.224301834573418546e+01 4.063749014490452538e+01 3.975300362900264872e+01 1.951011682988690765e+01 3.974722783289769978e+01 5.124803029307383895e+01 6.005421458354101105e+01 6.593623250697518756e+01 7.510887055450415062e+01 8.632968509805097312e+01 8.945895295538743142e+01 8.574076262648016211e+01 9.161350464191292531e+01 9.232327944569152578e+01 9.343456942180499425e+01 8.513929472738928439e+01 7.926137204500508915e+01 9.932985588320367754e+01 9.582037278019885207e+01 1.100625193967724016e+02 1.030897139969539609e+02 1.004611092874468312e+02 9.666023472942453054e+01 7.669067562596312371e+01 7.923753887291563558e+01 5.926012780118699652e+01 7.108179499904147747e+01 7.298684552158928796e+01 6.152922307727671125e+01 7.306492467731392537e+01 9.303248247550898498e+01 1.008207826707966603e+02 9.678165236663582505e+01
9.755678551094416662e+01 7.729006959075201166e+01 7.729006959075201166e+01 8.152015211018449747e+01 6.105689838017992344e+01 4.063750800001641039e+01 2.745349528444760523e+01 2.032768719183466288e+01 4.058352857470882213e+01 3.576777472382846668e+01 4.575046999457259744e+01 4.552606863368695400e+01 6.722227718064540625e+01 8.355089603155676059e+01 6.934937216149501182e+01 6.561625553289904644e+01 7.151051012620696667e+01 7.221970028202599678e+01 7.506901175479795540e+01 6.499872860847213474e+01 8.513929487297740195e+01 8.881724968360047967e+01 8.131050983404573174e+01 1.017345414922843645e+02 1.067449392244281654e+02 1.131248986934305236e+02 1.049413941284522309e+02 9.666023472942453054e+01 7.923753887291570663e+01 6.632827108453193432e+01 8.629785007552300158e+01 8.978006344028737828e+01 7.152041341808531172e+01 8.978006344028737828e+01 1.013118033834203544e+02 1.000367927154805727e+02 9.168280864924551565e+01
8.065740328866939990e+01 7.729006959075201166e+01 5.695617074331017449e+01 6.442978277687417688e+01 6.413192074250184760e+01 4.383389454634399129e+01 4.194856189384022116e+01 2.175223056947318767e+01 2.175587023009787302e+01 2.276753190066143517e+01 3.083948850444354051e+01 5.083338634562748837e+01 6.331559173198066759e+01 7.523933001129842069e+01 5.510775959290083392e+01 5.137815068427995158e+01 7.083067382807767842e+01 5.797845938385127340e+01 5.494057006262244158e+01 7.506901175479795540e+01 7.831684557518501322e+01 6.820859037363736377e+01 8.751390023158684528e+01 8.677932680584645198e+01 8.664624076292983545e+01 9.287132477171159906e+01 1.089698388629732904e+02 1.074917792747658467e+02 9.457468944604016770e+01 7.631504558827113271e+01 9.457446693474335575e+01 9.976662384619372403e+01 9.148800223111796015e+01 9.976663226806968510e+01 1.033182983415046863e+02 8.316503902356775768e+01 7.148050698907275091e+01
6.033524429236241104e+01 6.927880599421430929e+01 6.442978277687417688e+01 4.403976998318618996e+01 5.458732760286825680e+01 4.407006632884968411e+01 2.378458125113497701e+01 4.200739321076117250e+01 3.885624446640530749e+01 4.124969925438183083e+01 2.420187829497085374e+01 3.422031636299045232e+01 5.477620408550217235e+01 7.415004479942055582e+01 6.250700620169347133e+01 4.228949817525425203e+01 5.912815103153591423e+01 4.633530080719794597e+01 6.417490507674965272e+01 7.249407380872314377e+01 5.802072515472048053e+01 7.546963850728964474e+01 7.643506304329928014e+01 6.669917752222552565e+01 7.304828141939800901e+01 8.048932625490793669e+01 9.187379194723560261e+01 1.122840274917207779e+02 1.045612825181503496e+02 9.628066306631598081e+01 1.045612733300000627e+02 1.133352858042580209e+02 1.050201891807893020e+02 1.050201891807894299e+02 1.116771041833165441e+02 9.168280974714686238e+01 7.148050698908427592e+01
4.591148456939102829e+01 4.890635575120491296e+01 5.262768497072250540e+01 3.679192278886090151e+01 4.616731544590587077e+01 2.585041814935966897e+01 4.407006632884968411e+01 5.246415972537549521e+01 5.841771395703396053e+01 4.545757458100587911e+01 2.520928992890078391e+01 4.550890315410728704e+01 6.323590696413720735e+01 5.397507984009665449e+01 5.397516194996719463e+01 3.653284365692444169e+01 3.882569472763245244e+01 4.141238109227700903e+01 4.402824722842513694e+01 6.417486429614598364e+01 5.173024333806065300e+01 5.535145407986451715e+01 5.909145003068789492e+01 6.515749677397850803e+01 8.585351471267368595e+01 1.004596711962737032e+02 1.089698388629732904e+02 1.207643665583175903e+02 1.130975330518973294e+02 1.047837812055416293e+02 1.025879309905242138e+02 1.050201891807893020e+02 8.491576538787757045e+01 8.491576538787757045e+01 9.496797728433338648e+01 1.000371562117204860e+02 8.837895298177619452e+01
3.671671792840736970e+01 3.441470609560643368e+01 3.219475730287961568e+01 3.002461005526139104e+01 2.798016062193270415e+01 3.023750499455909946e+01 3.849433374198606828e+01 5.724009968065180232e+01 5.506288293331094508e+01 3.527503914144283925e+01 2.620532161971810936e+01 4.655665758101437035e+01 5.536820037435681741e+01 5.120223171998330969e+01 3.353538928139226272e+01 5.397516188551721683e+01 5.912815103153593554e+01 6.163666472653957129e+01 6.417490507674968114e+01 4.782807093497724793e+01 6.790266567201649650e+01 5.986030737922626344e+01 7.933486365761525860e+01 8.585351471267368595e+01 7.546717088524374617e+01 9.018629642213879549e+01 1.108544503059629847e+02 1.096624141835687567e+02 1.013480347485164117e+02 8.467091819516838314e+01 8.246899839911559127e+01 9.668541931221500363e+01 9.080421478497321175e+01 7.060061385110817866e+01 7.479342466251492283e+01 8.903591073042561277e+01 9.988075520680243358e+01
5.717505055349197107e+01 5.487330830174428087e+01 5.158741861681761520e+01 3.118137576227297458e+01 4.234690991552677275e+01 5.439907639417039320e+01 4.519372675800313743e+01 6.497146628964843273e+01 6.260573697853053687e+01 3.764124501863206262e+01 4.566317268115908234e+01 2.762147046694780883e+01 4.756940490266794086e+01 3.064067260402217840e+01 3.198168748898120128e+01 5.254965806582571020e+01 6.283158398904730291e+01 7.367231463750434273e+01 7.622357812988592229e+01 6.790269074304625008e+01 7.622409592362809860e+01 7.988723071613982540e+01 6.885567108220068633e+01 8.881194993445726027e+01 9.623985854010378205e+01 9.018629642213879549e+01 1.108544503059629847e+02 1.013480347485164117e+02 8.122224135887492480e+01 8.711694976594154127e+01 6.813728162809489675e+01 8.564449128869655681e+01 9.397287014220954404e+01 8.070241431804069521e+01 6.040414590087220148e+01 7.136417011232886409e+01 9.157126804936947906e+01
7.058455267314876380e+01 6.503412038569059916e+01 5.393301921871356086e+01 3.349047254024991105e+01 5.393272964984436868e+01 7.108788163927630421e+01 6.803749269590780102e+01 6.746615535323978463e+01 6.872200138792199198e+01 5.221616151902405534e+01 4.089616185020683758e+01 3.196940978735386452e+01 2.910271761835787530e+01 4.950528750358358820e+01 5.254968823745313955e+01 3.392365893811177102e+01 5.446519962582737406e+01 5.345358739310545815e+01 7.367231403140350210e+01 7.647723366183299731e+01 8.480196295134940954e+01 9.698364959083227177e+01 8.303238827589700577e+01 8.155505135771232972e+01 9.554858749809797303e+01 1.108544503059629847e+02 1.192691838022840045e+02 1.013480347485164117e+02 8.122224135887492480e+01 6.688039701456274599e+01 6.042977660435153808e+01 6.539756975417691365e+01 8.230760901359431614e+01 7.507266575145108334e+01 5.475336315067337267e+01 7.507266575145108334e+01 8.055353947171366258e+01
6.503412041055514692e+01 4.465275638783526801e+01 3.966749650980396069e+01 3.634502682726992617e+01 5.679831388342560672e+01 6.937673246383671710e+01 7.969542167414714129e+01 8.769829846696450204e+01 7.544705818977838874e+01 5.447056631763730650e+01 3.935544215866509177e+01 5.563855938401589896e+01 4.999998958578036934e+01 5.857885144461548776e+01 5.630667753986847401e+01 3.580090450374962785e+01 3.683523503721791315e+01 5.716379704036238252e+01 6.217509684249628066e+01 5.625096723127282416e+01 7.647723361158671196e+01 9.011702257408494177e+01 1.027650460751249142e+02 1.012993250694033520e+02 1.094656477608095031e+02 1.233827080235211326e+02 1.084496173776485506e+02 1.001361451177086224e+02 9.544232777122182654e+01 8.711694976594154127e+01 7.395497865500446721e+01 5.364658911433700439e+01 6.809245157094832734e+01 7.041109560263535627e+01 5.010493142748597251e+01 6.026855665552868402e+01 8.055361611342100048e+01
5.267021523391065330e+01 6.503412041055514692e+01 4.991114324372170330e+01 5.679826847315452198e+01 4.054768051895651837e+01 5.079109836704409986e+01 6.525094806305193629e+01 8.581286058797756766e+01 7.777402013836824324e+01 5.676686258459161394e+01 4.786572546545971107e+01 6.852488504936700053e+01 6.993789048065974612e+01 5.893555064445557434e+01 3.848772143156532621e+01 5.630667753986850244e+01 5.716379704053305488e+01 3.982702369219888539e+01 4.198949016093968112e+01 6.217509781423260762e+01 6.157036950303218958e+01 8.180489946850588012e+01 9.954202276260494386e+01 1.018036230812200813e+02 1.026236337976340565e+02 1.108885225509307588e+02 1.001361451177086224e+02 8.000551108821426283e+01 8.590163728586846048e+01 7.874105770613614652e+01 7.430830164894059919e+01 6.809245157094832734e+01 4.780624791194608036e+01 6.257124626175538396e+01 4.607406820133284242e+01 6.634985131156690841e+01 8.251060239770328053e+01
