LEM/with_lateral_4open/elevation_000616.asc
nrows	100
cellsize	150.0
xllcorner	0
ncols	100
yllcorner	0
NODATA_value	-9999
[rows 51 to 67 of 100, columns 0 to 36 of 100]
6.455108993161302877e-02 1.420668671366268754e+01 3.420668671366339453e+01 4.500195159879343265e+01 5.328622284625503625e+01 5.938299973743386317e+01 5.378355759644436063e+01 3.974882350758915095e+01 4.547195612573997181e+01 2.735499285275208337e+01 2.219474042446282880e+01 4.190288315567574529e+01 5.543195978929894352e+01 6.433605850485729150e+01 7.580858483997808150e+01 6.357569873609600108e+01 4.366907165776467536e+01 3.197753081835749001e+01 4.260486339081530360e+01 3.787446567977796974e+01 1.875422585683008236e+01 3.908147940455718583e+01 2.537401869794257436e+01 4.520791352840571165e+01 6.341074586143992775e+01 7.288914337653085340e+01 5.863271545050649536e+01 5.978897680346852894e+01 3.944158632567322798e+01 5.978897680346860000e+01 7.043554515468599675e+01 5.614350396301684043e+01 6.344816592844140501e+01 4.910105504696094414e+01 3.659902872667355211e+01 5.696652518999556492e+01 4.052935073049317793e+01
3.995603441288197999e-02 2.003994425012908209e+01 3.006149324165366110e+01 5.009750144147179185e+01 4.496254447561596379e+01 4.769613614891993336e+01 4.556993606467401037e+01 2.582055421460009015e+01 3.307933290051150976e+01 1.766053323618065818e+01 3.725762934306963814e+01 5.012740139460932198e+01 5.530590669161780681e+01 6.357530904006273431e+01 7.113605372085243062e+01 5.960562388516130028e+01 5.098567328739466120e+01 4.213289462040534517e+01 2.227651510678508373e+01 1.754923801978427989e+01 3.787558730632084547e+01 4.734509517055325745e+01 3.007758343920805899e+01 4.970984831055719155e+01 5.663187253965262613e+01 7.639955144624589423e+01 7.889166035120501874e+01 6.447892192781218057e+01 4.403592508008350848e+01 6.447892192781216636e+01 8.115118244665505642e+01 7.645386158674222088e+01 7.779510039547960787e+01 6.216925968517699630e+01 4.249150666881764948e+01 3.852755672410819443e+01 5.891779357296684339e+01
4.804567899273937126e-02 1.004814833363367832e+01 3.005091636685699186e+01 3.864936536648367138e+01 2.396664082179307087e+01 2.870910981213729585e+01 4.300789240769434230e+01 3.307932233074747330e+01 1.355692716880058235e+01 3.307142360062654518e+01 4.535339415225555371e+01 4.134069959175953812e+01 3.555612140964918666e+01 5.530590669161780681e+01 6.289124396076410051e+01 4.289238410844591698e+01 3.178815001602490753e+01 2.392094040356886353e+01 1.635462501164595750e+01 3.667576198921613440e+01 3.419188131748843062e+01 5.427468720888553122e+01 4.971641481943500196e+01 3.707200434375342724e+01 5.663187253965262613e+01 7.469393222735160975e+01 8.107882467667604942e+01 6.074817891940559633e+01 6.447892192781222320e+01 5.235411685624620048e+01 6.692457535848964767e+01 8.713407265864834983e+01 7.322406636062488872e+01 5.254241779979790294e+01 6.216926020229906413e+01 4.391260159702122223e+01 6.439100362375546638e+01
9.707512844716031930e-02 2.009438013632592046e+01 2.933043840921076040e+01 2.289712128989017614e+01 1.056667115525594447e+01 1.807474819493528884e+01 3.552742594730429460e+01 3.036909371174915862e+01 1.093929810290434368e+01 2.879852176076261827e+01 3.171769748308477688e+01 2.094513499263294065e+01 3.555612140964918666e+01 5.530590669161780681e+01 6.774516445865695857e+01 5.149226583066773344e+01 4.159197538215455126e+01 3.467256820641286907e+01 1.553130776945826064e+01 2.994576968343824674e+01 5.007826619360995579e+01 6.252400953579687126e+01 6.482009772777389855e+01 4.828664221196384432e+01 4.676651090055757010e+01 5.657557512747678174e+01 7.062410346936265171e+01 8.107882467667576520e+01 8.115118245264118002e+01 6.427913341432015670e+01 6.692457535848964767e+01 8.713407265864792350e+01 8.159271962104871534e+01 6.286474853552405762e+01 7.031150668927752179e+01 4.980229540422976697e+01 7.031150668927752179e+01
5.001202446392439237e-03 1.787080655991077549e+01 2.103392729211256551e+01 2.111229526483516139e+00 3.317175464813299168e+00 2.116885867702594837e+01 2.397789261109134884e+01 2.471889792984059753e+01 8.408616808295356293e+00 1.862138232267718152e+01 7.969630079037285597e+00 3.172613820489674907e+01 4.956569704654644681e+01 6.181357303567019557e+01 4.791537165938506604e+01 4.296920089283957367e+01 2.431664455547538495e+01 1.437878769044522009e+01 1.593745137097630327e+01 2.831172232842066805e+01 4.274969294023834010e+01 6.275885267607306162e+01 7.622649477068354429e+01 6.803166916770794614e+01 6.649723417874766085e+01 7.469393222735160975e+01 8.460319076539816763e+01 9.858227805812612132e+01 9.279117447284265552e+01 8.454335230449494532e+01 8.713407265864792350e+01 9.537778954870100279e+01 9.183538712037508844e+01 7.770579742097145015e+01 7.711364583380603221e+01 5.670722840022061462e+01 7.711364583380603221e+01
5.279685921607564503e-02 6.536386273422024606e-01 1.254751717120953014e+00 1.918507738395327067e+01 2.865741067109361939e+00 3.463748859699142812e+00 4.127458786251319900e+00 4.782957884188425268e+00 9.537656056342635580e+00 6.569347458980509202e+00 7.182566187907396760e+00 2.695479484591374586e+01 3.619119780647622520e+01 4.831406001330037725e+01 3.363661964952783023e+01 3.952398973168759966e+01 3.385048361310490606e+01 1.357149248255353768e+01 3.385057864745840561e+01 4.852229507125196051e+01 5.686969327213171965e+01 6.863753199385791959e+01 6.113045955133785014e+01 6.930373922604165671e+01 6.370246209144902139e+01 7.070460070911026662e+01 7.884939206092434461e+01 9.019667886724124628e+01 9.736947426168039499e+01 8.926208012706899808e+01 8.926208012706899808e+01 8.780117039842571103e+01 9.590843856500842435e+01 9.777313386722002519e+01 8.537244127179266684e+01 6.705582009419779865e+01 8.537244127179266684e+01
5.738623160518319517e-05 2.000005738623030638e+01 2.136665048016454449e+01 9.120762546351761202e+00 2.776570255929443931e+01 2.419563310839153303e+01 1.837300670827287519e+01 2.488213033909731919e+01 5.688542060117264043e+00 2.843467099286333521e+01 2.685898366375641899e+01 8.012813017383779268e+00 2.784859270183906332e+01 2.860750350680484999e+01 3.886028165631051934e+01 1.924036605921885013e+01 3.191682263329604297e+01 1.277169595332920338e+01 3.291150448370429160e+01 3.424578168141844969e+01 5.467470386783612923e+01 4.880441980684661019e+01 4.110959297420043868e+01 5.477546948478551769e+01 4.374109978831137369e+01 5.089956191168457877e+01 6.240161622674910546e+01 8.204668843924338262e+01 8.926208012706899808e+01 6.950135629953129524e+01 6.950135629953129524e+01 6.801791061614430589e+01 8.206930981104306966e+01 1.016391059661166310e+02 9.539013403607904706e+01 8.717147157341426578e+01 9.539013403607904706e+01
4.532054705376769438e-02 1.968500973638607121e+01 3.636694814177128166e+01 2.915547536748965385e+01 1.846669756034869536e+01 3.782932050714453709e+01 3.895082416289413629e+01 3.261347715270805026e+01 3.261347779422847992e+01 3.733582223039294234e+01 1.799115938027592776e+01 1.459281488489715528e+01 8.817378954579524475e+00 2.822310417156385398e+01 2.986831896831854394e+01 1.103598244769590586e+01 1.165744676478150410e+01 1.275381164294508274e+01 1.381213016430879392e+01 3.421753350069019461e+01 4.427651219740964450e+01 3.448493627611802737e+01 2.932130063625233518e+01 3.462022154680612118e+01 5.477546948478551769e+01 7.070460070911026662e+01 7.884939206092434461e+01 8.517726515070140181e+01 8.903536488414708572e+01 7.528913830746252245e+01 5.527479177329155391e+01 6.950135629953129524e+01 8.926208012706899808e+01 9.534405854396466395e+01 8.691578889011898923e+01 9.534405854396466395e+01 1.054842402366587493e+02
9.001595176218035732e-02 1.430308292506816059e+01 3.493696614537255840e+01 4.607510375486811682e+01 3.226035180327235707e+01 3.226035180327235707e+01 5.161325507576698612e+01 5.384428971236404493e+01 4.967438857030833077e+01 2.948490822603579176e+01 2.428847162395058490e+01 3.330920303392259285e+01 1.109602464906572372e+01 9.617004022638633742e+00 1.018720375380305931e+01 3.033097365317443916e+01 2.091620000100978416e+01 3.400143889239174655e+01 3.419355413096358376e+01 1.538153800314355024e+01 3.592664438457172338e+01 2.264373170751750663e+01 4.300140484177028100e+01 5.477546948478551769e+01 6.296934577674082334e+01 7.260698207777700475e+01 7.890762661600548711e+01 6.579673233980786051e+01 7.108790920750462305e+01 7.012145625332463794e+01 5.001269446214553938e+01 7.012145625332463794e+01 8.516315020142549486e+01 7.682408340892295939e+01 6.673237792772691535e+01 7.680347528718780836e+01 9.106995879940983230e+01
5.674351268809080251e-02 1.419887913641916555e+01 3.419887913641986898e+01 4.869909585205650870e+01 5.161325507576698612e+01 5.161325507576698612e+01 5.988985571065201441e+01 6.604289750382386615e+01 4.599565013517324985e+01 4.967438857030833077e+01 3.507723747908385548e+01 3.305241670771786744e+01 3.719570612251520458e+01 2.987142511642894505e+01 1.354542849891975287e+01 3.329137451791015678e+01 3.955548222862870489e+01 3.954029377354737562e+01 4.400802007690825945e+01 3.474022525687160368e+01 1.709972987358703733e+01 1.838438922180735702e+01 3.889414133007002761e+01 4.906236584586347504e+01 6.175827226132136616e+01 5.013609888524739233e+01 6.553190368418208323e+01 5.204922265885720378e+01 5.984772658946045709e+01 5.900288326281781082e+01 4.519729950511818828e+01 6.522215095478910030e+01 6.856626769745197691e+01 5.662181257175915050e+01 7.682408340892295939e+01 8.955449854816006905e+01 9.793166901424253012e+01
9.518805923843161321e-02 2.009518805923807605e+01 2.939298243338168959e+01 2.869909585205580527e+01 4.058718711988068861e+01 4.765825493174628491e+01 5.594252617920848536e+01 6.748953156300240153e+01 6.604289750382386615e+01 6.303138077358934055e+01 5.490246474899165463e+01 4.565797749921230064e+01 5.207610080672506569e+01 3.131044109844821932e+01 1.696620827409642729e+01 2.853513394148817994e+01 4.928209219064814306e+01 5.954461237710096100e+01 4.720949615873783500e+01 2.688272119962098827e+01 3.765178405266558315e+01 3.889414133007002761e+01 2.029030128543081446e+01 3.476857932304989163e+01 4.404246810221008701e+01 3.618127079221262932e+01 5.693113038174345064e+01 5.058003262790691679e+01 4.008284666647228534e+01 3.874067233088731399e+01 5.815214473154639307e+01 6.090050027034878610e+01 4.830595697546672795e+01 6.752769481474142310e+01 7.312592855246407453e+01 6.943369170163367698e+01 8.783522492575815477e+01
9.062254805971975413e-02 4.678937225470975569e+00 9.392982433381334317e+00 1.455696022832460201e+01 2.058718711987998162e+01 2.765825493174558147e+01 3.920526031553850288e+01 5.920526031553920632e+01 6.603895581490105826e+01 7.432180313118409742e+01 7.393733826081809468e+01 6.009105590709282296e+01 5.428513885978853182e+01 3.349663956601948200e+01 2.148106416575408772e+01 4.247844827226153797e+01 5.789660080028074418e+01 6.143006082644973986e+01 4.132103597355906288e+01 4.132103597355906288e+01 5.548881114147771854e+01 4.893282350046519014e+01 4.053025910304931045e+01 2.218431700695888509e+01 2.362018128269491868e+01 4.294821999001438684e+01 4.767696523778641904e+01 3.044137508399774816e+01 3.259266239244016106e+01 3.520385947147343586e+01 3.785158771580516657e+01 4.057388309830708550e+01 4.385013579410133389e+01 4.726924173299495635e+01 5.294120975904154136e+01 6.011739837158341260e+01 6.774155074210842997e+01
3.063233560239582431e-02 2.003063233560203926e+01 2.939298243338168959e+01 3.455696022832530900e+01 4.058718711988068861e+01 4.765825493174628491e+01 5.594252617920848536e+01 6.278308687622894979e+01 4.605783601978591690e+01 6.278308687622894979e+01 7.432180313118409742e+01 7.968087116375113510e+01 6.290992640441130135e+01 4.702257126045396518e+01 3.099006612597386479e+01 3.206256098485356887e+01 5.289433555966952127e+01 6.965658630939825002e+01 6.143006082644973986e+01 6.143006082644973986e+01 6.121989800407529714e+01 4.762013768611990372e+01 2.724902846136073364e+01 4.260256979461438931e+01 4.302928245936417539e+01 2.570137044328546594e+01 2.741925787720835217e+01 3.039582524566834465e+01 5.075515043317097508e+01 5.553549881884028139e+01 5.818355643336029459e+01 6.090050027034878610e+01 5.824356081968991816e+01 6.752769481471484880e+01 5.373083745125858712e+01 5.916011644881603360e+01 6.589088477904257957e+01
5.666595628964066211e-02 2.004423563173312672e+01 3.570109348863911691e+01 4.388160429710443111e+01 3.998914191138581486e+01 4.826474344518148030e+01 5.385179465392484843e+01 4.557513042464501751e+01 3.453986100520111080e+01 4.605783601978591690e+01 6.603895581490105826e+01 7.478078886330345654e+01 7.753569457404285004e+01 6.094050377220600012e+01 4.331394868616619220e+01 4.677055786679026284e+01 4.677055786679026284e+01 6.767844271877656581e+01 7.881410144338461521e+01 6.728855976888819157e+01 5.295284536103052631e+01 3.264649951502136815e+01 4.762013768611990372e+01 5.577176862580701311e+01 4.302537906312549154e+01 2.861790680686626942e+01 4.781634195548724620e+01 5.075515043316170960e+01 3.471605533581011827e+01 5.503976477288117053e+01 6.781062851743337205e+01 7.940373939925173374e+01 7.841379614307757606e+01 8.226138377605872165e+01 6.385200873061038607e+01 7.928773204198185454e+01 7.559622417461096688e+01
2.110006612196471329e-02 2.002110006612160831e+01 1.575792736398562788e+01 2.630035792625514901e+01 2.004142768901710170e+01 3.674314647659031152e+01 3.829406827833336280e+01 2.563512052398571583e+01 4.557513042464501751e+01 6.278308687622894979e+01 6.914986325531475586e+01 5.531601729049552318e+01 6.311778076275277982e+01 7.406624904871316062e+01 6.546203349307664610e+01 6.767844271877656581e+01 6.767844271877656581e+01 7.633138364671600584e+01 7.062104778370063229e+01 5.058240533168557107e+01 3.882401298618243146e+01 4.444178519974775554e+01 6.121989800407767746e+01 7.085507609955328689e+01 5.206564937525109116e+01 3.162149881104521398e+01 5.206564937524167647e+01 6.334681439932948877e+01 5.503976477288117053e+01 3.922829888201938786e+01 5.100653320728970641e+01 7.115402132447036365e+01 8.684113170211212207e+01 9.232980527720144437e+01 8.396479227337418649e+01 9.232980527679691818e+01 9.571305843393605528e+01
9.367352646185668485e-02 2.156490943654332693e+00 4.230193343121674054e+00 6.361335532904672796e+00 8.541030303238626331e+00 2.847235494090423913e+01 1.837829238889477068e+01 3.829406827833336280e+01 5.385179465392484843e+01 5.873719215555138362e+01 5.050260375371827593e+01 4.182047384458802952e+01 6.101711688992381966e+01 6.867097108744364675e+01 7.693694938839392705e+01 8.690364752081782740e+01 8.698846724627794913e+01 6.721511602062054180e+01 5.562516547816133539e+01 4.654410810391640752e+01 5.058240533168557107e+01 6.457916975448050323e+01 7.279508360845126447e+01 6.884178402181238710e+01 5.518061343293702237e+01 3.471076032393328603e+01 4.383416943898587448e+01 6.401087550086830902e+01 6.781062851743344311e+01 5.952186363652133139e+01 4.418857135524586255e+01 5.855960137965531942e+01 7.574099775427039560e+01 8.397282736531798264e+01 8.466507506005468997e+01 1.044792274117545077e+02 1.136922064818519402e+02
3.648181865326004941e-02 2.003648181865290567e+01 2.420008324819389145e+01 2.046548158755658875e+01 2.847235494090423913e+01 1.175400997562493899e+01 3.165547631518716187e+01 3.838089812184386318e+01 4.145284370179813749e+01 4.476873329369009014e+01 3.076497610288629403e+01 3.601833319121785593e+01 4.223783465449070462e+01 4.881154600966281976e+01 5.871356817891301461e+01 7.862837399597417232e+01 9.515442748954930607e+01 8.374825134562185269e+01 6.665167997593931659e+01 5.484022955810288380e+01 7.062104778370063229e+01 7.881410144338461521e+01 7.501864928167086077e+01 5.425942305318393011e+01 3.959775845890193580e+01 5.183243384712189794e+01 6.046942175092212324e+01 5.994524074611526743e+01 7.874090385962112748e+01 7.155199456153845006e+01 5.141217694276675587e+01 5.021820637897151585e+01 5.566543992914679251e+01 6.471023156774610641e+01 7.886000620748518486e+01 9.867975101466012688e+01 1.054729562108360454e+02
