LEM/with_lateral_4open/elevation_000289.asc
nrows	100
cellsize	150.0
xllcorner	0
ncols	100
yllcorner	0
NODATA_value	-9999
[rows 68 to 84 of 100, columns 0 to 36 of 100]
5.009162696260269221e-02 2.005009162696224578e+01 3.830022883249930743e+01 4.736485745487256338e+01 3.908896831386158510e+01 4.485911970603567056e+01 5.313911470583317254e+01 6.467847122014572392e+01 7.144523711675140021e+01 7.971829332124985967e+01 7.599801957593669499e+01 7.813578941101243913e+01 6.986215504433756962e+01 7.096347706968671787e+01 7.923677665262900405e+01 9.216964302324232960e+01 9.033922427828242974e+01 7.878794732181648897e+01 6.048926275007193709e+01 7.878794732254394262e+01 8.700916865846623693e+01 6.701589045534616673e+01 6.194374357651999929e+01 4.131659917438634011e+01 5.078697586729084179e+01 6.251756424852202088e+01 8.251566551827015417e+01 9.392377523044150678e+01 7.398920400199548908e+01 5.986107996248345842e+01 7.982790473476107707e+01 9.489786064500205498e+01 1.035897145127514989e+02 9.532962579536101089e+01 1.035897145127514989e+02 1.087276203742255660e+02 8.941437355705687651e+01
4.695337527364121244e-02 2.004695337527328647e+01 2.770419684734929788e+01 3.178619904543859676e+01 1.909023811188344766e+01 2.486374001750935747e+01 3.641052077244921037e+01 5.639932474764076886e+01 7.604899184835761616e+01 7.014726373523545533e+01 5.597190730169210582e+01 6.598496343881441817e+01 7.429912950888405021e+01 8.040443950279083651e+01 7.209198108408293137e+01 7.209198108408293137e+01 7.919227360761746581e+01 8.750144277699939721e+01 7.468856655799407918e+01 8.879583022937767112e+01 8.096191544988946021e+01 6.701589057352217083e+01 4.672730274444954546e+01 6.194374360440058069e+01 4.741033302221126178e+01 6.767563713324740604e+01 8.199108205925226400e+01 9.351400642672263075e+01 8.808633375422742517e+01 6.985832599440263380e+01 6.928762620372009451e+01 8.080753307823771081e+01 1.007300663285411986e+02 1.021389934684654577e+02 9.391735934854109757e+01 9.223791919005410023e+01 8.409252841759101216e+01
7.614146464036156137e-02 3.855786194732626182e+00 7.704787989329974884e+00 1.178727089396296002e+01 2.333424852235601321e+01 4.332659094059187765e+01 3.641047429338131280e+01 4.795540188644821455e+01 6.789642762054334924e+01 6.016760216387177707e+01 4.192051825100309514e+01 4.603607481885948971e+01 6.598496343881441817e+01 7.145072902655931557e+01 5.209032088818829465e+01 6.502032240305587152e+01 5.915010800883780462e+01 7.919227360761746581e+01 9.464221674639371429e+01 8.681482134954647734e+01 6.685013226578297463e+01 5.260958596370864626e+01 6.115391374495330012e+01 7.529144928647566815e+01 6.767563713323801267e+01 5.365532104873383190e+01 6.528872138173821327e+01 8.525551547676577968e+01 9.805556223105659797e+01 8.396202571243487967e+01 7.926647262402433114e+01 9.748568752947733174e+01 1.089919120710868867e+02 9.222957091451489475e+01 7.420247235303459377e+01 7.781373568744639613e+01 6.450076469297620463e+01
2.352828262072655108e-02 2.002352828262037221e+01 2.770419684734929788e+01 2.333425050813840329e+01 4.005841350866770512e+01 5.157964479911130695e+01 5.638827334395170965e+01 6.460541508332036642e+01 6.604256663443622699e+01 4.603791285206030892e+01 3.200295915733563135e+01 5.187896901850915299e+01 6.091046039888465202e+01 6.314696671190846189e+01 4.323899197009119177e+01 4.509273096306277751e+01 5.655344038416172481e+01 7.070395428995931297e+01 9.078766022893667298e+01 9.116719140390496534e+01 7.122212617740061091e+01 5.705524673929494384e+01 7.706390053093817016e+01 8.942898509677777952e+01 7.006550340003475696e+01 7.372768153114779466e+01 6.158443505119166161e+01 7.572523168012195072e+01 9.566178440031666241e+01 1.038855247484481623e+02 9.335313188925596251e+01 1.074501070345614693e+02 1.036369857791366798e+02 8.401578410320183821e+01 6.442467457183514057e+01 5.831703082347982559e+01 5.314653977615130032e+01
6.786455232800275850e-02 1.421000017605907750e+01 3.421000017605977916e+01 4.333177545886939441e+01 5.161079138755727058e+01 6.104690808768584276e+01 6.324068237296035022e+01 7.153763541717137286e+01 6.017084586085247366e+01 4.636559833234803563e+01 2.647845810955868373e+01 4.398898624703792848e+01 4.099696877119516358e+01 4.982550701333061483e+01 3.624007018588868334e+01 5.610843474209377035e+01 7.332404023425462469e+01 8.060985006618821558e+01 8.892052984390579695e+01 9.669536575409661339e+01 7.676325063481068867e+01 6.263609976738332108e+01 7.122212617740061091e+01 9.116719140393799137e+01 8.418422856831458034e+01 8.982307031521439455e+01 7.313744838674871573e+01 7.313744838674871573e+01 8.723954690053187733e+01 1.071667747817281366e+02 1.132783739192365289e+02 1.094435669379554241e+02 8.963112331038850300e+01 7.565431342036033868e+01 8.400725224828143212e+01 6.703531337856948369e+01 6.703541434291624057e+01
3.257643153035955086e-02 1.429622301949109975e+01 3.481810167543889634e+01 4.357825815654867796e+01 5.182785825988877804e+01 4.090051127851561574e+01 4.310657713658307699e+01 5.448657198199438056e+01 4.607839417347269517e+01 3.198594190510124236e+01 2.132299159365125618e+01 2.409480575578242068e+01 2.694593137381299641e+01 2.995222004617101419e+01 4.982550701333061483e+01 6.109527069456267867e+01 6.642377734406058210e+01 6.054768868816006488e+01 8.060988867160615712e+01 9.235479148564532181e+01 8.890733869720226323e+01 6.896567845934761465e+01 8.890733869720226323e+01 9.116719140396268983e+01 1.041173530600660939e+02 1.013344466738305272e+02 9.307609681670150792e+01 8.723954690053187733e+01 1.013344466723961403e+02 1.069354392338614872e+02 9.873013409068914825e+01 1.069354392338614872e+02 1.036369857791366798e+02 9.543381944814049689e+01 8.665184177927712028e+01 8.665562997867777995e+01 8.665913792078902134e+01
1.880098487986705744e-02 1.932490739928088885e+01 2.923230704419122361e+01 2.350386012487435750e+01 4.357825862525876204e+01 2.662869248948106815e+01 4.680125428708402069e+01 3.456178858104224361e+01 3.456178858103241680e+01 1.788842573313802831e+01 3.198594190510127788e+01 4.398898624703792848e+01 4.099696884230095151e+01 4.398978828770927407e+01 3.640271881313792335e+01 4.120813704173593806e+01 4.648633560323201408e+01 5.396397198582045718e+01 6.394391327866804886e+01 8.404541686599266370e+01 9.716416473867764125e+01 7.789321042384784732e+01 9.716416473867764125e+01 1.110989588591847053e+02 1.049016203110795118e+02 9.676789865710399852e+01 1.049016203110786591e+02 1.071667747817272129e+02 1.061884143188903806e+02 9.699752946152132438e+01 7.882678567049434548e+01 9.699752946152132438e+01 9.977020167578409371e+01 1.079758409997547375e+02 1.063679820306911239e+02 9.625419742394930722e+01 8.628216961441249566e+01
2.900726248362994752e-02 1.356453885683575278e+00 9.071412624856064255e+00 2.938351501523243670e+01 3.916471313639711838e+01 1.918169322690881984e+01 2.998109827260626048e+01 3.145233398032683780e+01 1.461228171890905614e+01 3.456178858103241680e+01 4.607839429905340722e+01 6.017084669300696476e+01 6.091049455318267292e+01 6.391410267899333775e+01 5.627192910347900323e+01 6.109527054194688134e+01 6.642377734406059631e+01 7.399466507233033497e+01 8.231002916583595663e+01 9.235479148564532181e+01 1.060765050314266773e+02 9.198241341075581090e+01 1.060765050314266773e+02 1.040009038109508879e+02 9.501203810092900426e+01 7.692965773548816344e+01 9.402147150922358776e+01 1.020730187917053087e+02 9.798023096058203407e+01 7.808115741523920406e+01 6.885005655657310797e+01 8.877845988059166871e+01 7.987717238119283536e+01 9.542918604809267435e+01 1.036400817810265380e+02 8.802183464306442318e+01 6.804904347873171844e+01
5.081304048347550645e-02 2.005081304048312063e+01 3.267727815953565429e+00 2.326784266283227609e+01 2.656577442477377105e+01 1.841000844660554492e+01 9.970052734464557531e+00 1.144154573000900044e+01 1.342608444920155719e+01 3.343334828159812844e+01 4.455794212892185868e+01 5.869533140485850709e+01 5.979477006878079237e+01 5.150942757271137395e+01 5.499035631781118383e+01 6.015437066874665106e+01 6.570177868412123701e+01 7.173267269751467268e+01 7.880479317933495054e+01 8.709201280990424721e+01 9.864243747010337415e+01 1.119062008629077241e+02 1.014456280118507152e+02 9.001337521969878708e+01 7.602584662844461150e+01 6.694102004042476040e+01 7.423744234409689113e+01 9.070919229289292218e+01 9.580911943728891345e+01 7.590206664432271566e+01 6.179538464122046548e+01 7.419710640598417228e+01 6.836172793853771168e+01 7.552474349019260558e+01 9.542918604809267435e+01 9.625419742394930722e+01 8.628216961441249566e+01
4.469920835086939326e-02 2.004469920834489116e+01 2.326764358007619293e+01 5.192228713252325711e+00 6.565834352739225110e+00 7.949265275509520556e+00 2.795197446109451533e+01 3.145233398065495223e+01 3.343334828159812844e+01 1.627916392543205859e+01 3.042057579093364694e+01 4.748925996207148614e+01 4.679714181431695863e+01 3.151690306399200026e+01 3.499368497946523604e+01 4.015442522875967768e+01 4.570033668276007432e+01 5.173046010468793554e+01 5.880181577908149393e+01 7.034979074015575407e+01 9.035454130031313014e+01 9.827030495793449916e+01 9.330030969601611446e+01 7.344244206057078372e+01 6.190975536093322518e+01 5.878099379958036508e+01 6.270761589587214502e+01 8.185431634391319733e+01 9.411567499289539285e+01 8.957350280890034355e+01 7.419710594522126712e+01 5.424992360565707372e+01 6.141811624154535565e+01 8.135461973966340565e+01 8.792060157550471899e+01 9.613332441366567593e+01 9.397573882133990253e+01
2.324776005098762310e-02 2.002324274049446018e+01 3.347587602438552778e+01 1.933441502801514034e+01 2.653978518945916676e+01 1.611660978011937218e+01 2.209182185617014582e+01 4.202880070570905957e+01 4.455794212892185868e+01 3.627550433080399017e+01 1.922064720464605614e+01 3.920634996341539136e+01 2.681164298862672979e+01 4.679714441942384440e+01 5.499041131596048615e+01 4.229309188071354697e+01 6.229354374794734639e+01 7.173267269751467268e+01 7.880479317933495054e+01 8.709201280990424721e+01 9.241875242851044447e+01 7.834575620037610122e+01 9.241875242851044447e+01 8.525833619681841924e+01 6.535507136801314232e+01 5.122461673345190292e+01 5.376791531115080147e+01 6.616884198431496600e+01 8.434286885817732582e+01 8.135446273777023407e+01 6.141811620151565165e+01 4.988849923805672404e+01 6.984427412548168945e+01 8.464910992476710305e+01 6.800285881918638609e+01 8.464910992476710305e+01 9.613332441366607384e+01
8.699724428260374731e-02 2.008699724428224798e+01 3.830655449767912302e+01 3.933489480295748564e+01 4.424185732898718015e+01 3.025738104223320235e+01 3.607149368804231671e+01 4.202880070570906668e+01 5.334218850159912506e+01 3.335109392538792150e+01 3.920634996329292932e+01 2.229016056210071639e+01 4.227125307785355801e+01 5.491642703522108349e+01 6.646354846534714511e+01 5.643484792587441490e+01 5.082038266101083934e+01 6.082076947754092089e+01 7.496466595545376776e+01 9.497017599605467808e+01 8.418152141938303146e+01 6.421901740081729315e+01 7.265616435056516309e+01 8.090587193215606021e+01 6.642784635962786410e+01 4.637371603265632558e+01 4.620942289310954720e+01 5.620750324037878443e+01 7.614674051113362907e+01 8.041408887450538145e+01 6.047717277406215430e+01 4.635282120208655954e+01 6.631656030393607182e+01 6.702010898188788701e+01 5.647860059473546812e+01 6.800285881918638609e+01 8.792060157550471899e+01
2.249585233037712170e-02 1.002249585232042328e+01 2.416463137430817909e+01 4.416458077708722385e+01 5.523459179812306985e+01 5.028726912752675560e+01 5.587071353711510113e+01 6.180546992368670800e+01 6.162742632800448206e+01 5.334218850159433600e+01 5.055501306696012165e+01 4.227131050417716551e+01 2.664720799288557629e+01 3.818083804645855395e+01 5.817758959802347363e+01 7.643768665941448148e+01 5.976495025575773212e+01 7.910919424982473913e+01 8.911146588798067114e+01 9.597381770499659126e+01 8.778545682290963725e+01 7.265616435056516309e+01 5.267660540294473748e+01 6.372103211513362453e+01 7.000912702936616938e+01 5.987539528910450315e+01 3.988309174070260354e+01 5.402446486187182728e+01 7.400079087903112907e+01 7.709127603741752921e+01 5.714803121120459650e+01 4.301849630132098667e+01 5.857846806377452253e+01 4.705932382724533625e+01 5.734297067296285633e+01 7.145212944395906618e+01 9.135399027728327326e+01
2.739267172789772165e-03 2.000273926717243356e+01 2.833604897192639882e+01 2.695032055065686194e+01 3.815340976517494198e+01 4.418363665673032159e+01 5.125470446859592499e+01 5.953897571606394479e+01 7.108598109986201052e+01 7.146641245113907814e+01 5.146443740429194236e+01 3.991949477651095179e+01 2.992832820928298787e+01 4.991888807405761241e+01 6.410163845790124526e+01 7.410283199773164142e+01 7.976816756649921558e+01 7.609706078194885492e+01 9.610271954901789115e+01 8.778545682290963725e+01 6.786632792546556914e+01 7.370050570419802227e+01 6.372103211513362453e+01 4.373205977976823533e+01 5.002845743734780370e+01 5.207183892433648964e+01 3.654618483310333232e+01 5.069131121775966164e+01 7.067139483991425664e+01 8.291820542336665767e+01 6.298927238192773359e+01 5.857846806377776971e+01 3.859995414069883424e+01 4.102875706347795415e+01 6.100174309630936165e+01 7.614610978997124846e+01 8.434746767554794644e+01
8.327778614586213435e-02 4.165760690784510167e+00 8.336048971926041773e+00 1.280818492692565869e+01 1.815340976517423854e+01 2.418363665672961815e+01 3.125470446859521800e+01 4.280170985238814296e+01 6.280170985238884640e+01 7.975243916616605588e+01 6.060879557994365285e+01 4.060980961649009657e+01 4.991888807405761241e+01 3.581855591923665827e+01 4.581518490983919634e+01 5.995744174015421635e+01 7.996077909644054671e+01 9.610271954901789115e+01 9.066523040895275187e+01 8.246441112763670844e+01 7.370050570419802227e+01 5.373510669636858950e+01 6.302855103597887876e+01 5.588072440919118122e+01 3.587615985682629827e+01 3.205442543691302859e+01 5.207183892433649675e+01 6.480730347483759601e+01 7.853398298045452464e+01 7.270271418700521338e+01 7.238890890446769788e+01 5.556659749354093947e+01 3.558292679191838914e+01 5.556651082182817447e+01 4.955501030278301045e+01 5.621553611955030050e+01 6.773899784771330701e+01
6.510866554257997707e-02 2.006510866554222616e+01 2.833604897192639882e+01 2.435519031071837759e+01 3.815340976517494198e+01 4.418363665673032159e+01 5.125470446859592499e+01 5.953897571606388084e+01 6.592474706854876842e+01 7.425380399304833645e+01 6.889499907983714877e+01 5.060785673659724893e+01 6.410163845790124526e+01 4.736216985427314086e+01 4.365993680499316554e+01 6.366066546852086816e+01 8.194892178892200718e+01 9.195147478781008488e+01 8.246441112763670844e+01 6.252379286888580623e+01 6.836426473582159247e+01 6.170553650279566682e+01 4.304230720331733551e+01 6.302855103597887876e+01 4.901921162435912294e+01 2.894718133078622202e+01 4.901921162435912294e+01 6.297682327937279467e+01 5.859319917261812805e+01 5.274884669515218860e+01 5.828077771762221460e+01 4.417264653077678105e+01 3.325053126258266900e+01 5.324367354495689852e+01 6.950552407823374779e+01 7.614610978997124846e+01 7.611442474339500563e+01
8.953482861371392376e-02 1.423167045234478856e+01 3.423167045234549022e+01 4.435519031071908103e+01 5.263946155820065087e+01 5.214969144017756975e+01 4.433396089137919205e+01 4.931128498605396260e+01 4.557749458695459310e+01 5.522799261318731823e+01 7.546157127569831857e+01 6.215519864524667781e+01 7.565016350747261242e+01 6.736351798517583234e+01 5.520654631974975501e+01 5.365944273489043326e+01 6.365998256904377683e+01 8.366379383525882929e+01 7.988324709032423243e+01 5.993178440083634939e+01 4.838808003674378710e+01 4.171677368244683493e+01 3.669626317821561656e+01 5.126174678568879983e+01 4.649037264920151102e+01 2.631060275958886052e+01 4.295066281397570407e+01 4.295065346233928949e+01 5.859319917261812094e+01 3.860461574546637564e+01 4.705278515023277919e+01 2.999455783311372770e+01 5.002166308166587783e+01 6.149929842078609710e+01 7.474302990180692063e+01 8.470692764939168740e+01 9.580536982649533684e+01
