LEM/with_lateral_4open/elevation_000150.asc
nrows	100
cellsize	150.0
xllcorner	0
ncols	100
yllcorner	0
NODATA_value	-9999
[rows 68 to 84 of 100, columns 0 to 36 of 100]
5.009162696260269221e-02 1.419222725069367819e+01 3.419222725069437985e+01 4.119687949247449410e+01 4.948115072495500755e+01 5.793414534572211494e+01 5.603671922789510518e+01 6.432099047642418554e+01 7.846312610122353703e+01 7.749748047955851860e+01 5.754072242098258982e+01 4.911258229649166651e+01 4.288811039585934282e+01 6.281089123763561588e+01 7.884887142228480172e+01 8.712907203441696424e+01 7.387400446898941198e+01 5.385062082144677476e+01 4.803749205530298383e+01 2.810141949976937426e+01 2.680759438158901276e+01 3.434135113244354898e+01 5.399157282728859286e+01 5.774144697377168001e+01 7.751609431063961608e+01 8.390990867154440025e+01 6.418593490377537591e+01 6.928988301872006161e+01 5.465355466434654375e+01 4.625472539420884743e+01 5.000980489746951463e+01 5.407869050126819133e+01 6.409454449735697779e+01 7.565442202719469833e+01 9.561921847953409781e+01 1.038707130929280993e+02 8.294185347480642179e+01
4.695337527364121244e-02 2.004695337527328647e+01 2.636189436258123919e+01 2.119687949248036674e+01 2.964987410868714690e+01 4.338760858722114477e+01 3.603671922789440174e+01 5.017885485162585013e+01 6.248189781454168923e+01 7.076616906338801982e+01 7.733096064969622319e+01 6.905377593769195244e+01 4.991685479575511408e+01 5.914730466947003151e+01 7.911198209448672003e+01 8.794287699994255547e+01 7.632944811929505136e+01 6.736566873576059322e+01 5.238727939255360155e+01 3.245459870641235511e+01 4.674309049264672211e+01 2.980649610531558480e+01 3.794982123526988005e+01 5.222112201251655961e+01 7.372045180484363414e+01 9.206175212073070213e+01 8.390990867154440025e+01 8.078576928721174966e+01 7.041737687160697590e+01 5.123282808874965610e+01 7.000802689756348229e+01 7.409354118540839806e+01 6.193488006439292093e+01 7.350070560827418831e+01 9.346904886106389654e+01 9.893151683832623178e+01 7.788857858290026570e+01
7.614146464036156137e-02 3.199616702412489744e+00 6.361894362580882145e+00 9.649874108688056396e+00 1.631654077535484149e+01 2.338760858722044134e+01 4.338760858722114477e+01 5.179144813804417424e+01 4.248189781454082237e+01 5.402890319833374377e+01 7.402890319833595356e+01 7.814124689347218577e+01 5.987699078151189269e+01 6.986287393214435326e+01 8.739254731208016835e+01 7.955366312120904126e+01 5.949590207825451671e+01 4.798348882406637728e+01 3.909465846198638417e+01 5.238727939255360155e+01 5.196461575964288926e+01 3.203623998860430078e+01 5.165277984390731802e+01 6.366177218381524483e+01 7.278491211630498015e+01 8.134728986394991068e+01 9.154795519844506657e+01 8.757120493744378109e+01 6.759837590492664106e+01 5.727924580746893213e+01 7.729991816186401365e+01 8.860044153442079562e+01 6.862007845754308732e+01 8.860044153442079562e+01 1.017395137780387273e+02 1.074155235414452250e+02 9.536119873949863290e+01
2.352828262072655108e-02 2.002352828262037221e+01 2.636189436258123919e+01 2.964987410868841167e+01 1.582200810717178641e+01 2.067272060789852972e+01 2.601794544614710958e+01 3.179144813804346725e+01 5.179144813804417424e+01 7.076616906338801982e+01 8.231317444813662121e+01 8.813030025237780762e+01 7.984875708277672857e+01 8.813030025237780762e+01 9.812700717109245829e+01 8.265542158450804777e+01 6.257754928843939268e+01 4.846555818233395740e+01 5.903358985783722090e+01 6.736566873576059322e+01 5.422076916882013364e+01 3.430686920552581398e+01 4.003953224234964381e+01 4.601894963920152293e+01 5.265591878921835445e+01 6.269611667590074688e+01 8.305135134347872850e+01 9.583683188636888417e+01 8.395673761115305922e+01 6.398627926328598647e+01 8.395673761115305922e+01 9.686952764684127715e+01 7.862447115900812378e+01 9.686952764684127715e+01 1.065241685322535687e+02 9.839315258081643378e+01 9.760485767735441698e+01
6.786455232800275850e-02 1.161486993612041729e+01 3.161486993610269280e+01 4.410627935509444342e+01 2.996414373090298966e+01 3.481485623162998166e+01 4.601794544614781302e+01 5.179144813804417424e+01 6.007571938636705511e+01 7.440514929650261422e+01 7.440514929650261422e+01 8.026174150082601955e+01 8.724516793962408201e+01 7.897456239169103753e+01 8.724516793962408201e+01 8.486456472576743693e+01 6.477098053100480968e+01 6.257754928843939268e+01 7.681572401247397863e+01 7.320892170493897311e+01 5.670962852413758526e+01 3.679764664760448056e+01 5.670962852413758526e+01 6.609392662123870821e+01 7.287373400968968440e+01 8.134728986394991068e+01 9.154795519844506657e+01 1.039594697839661421e+02 9.221783735297930207e+01 7.399679453434450238e+01 9.221783735297930207e+01 1.068480803826336825e+02 9.857641190983352431e+01 1.068480803826336825e+02 9.839315258081643378e+01 7.883672104587354568e+01 7.799359284968964801e+01
3.257643153035955086e-02 2.003257643152254630e+01 3.989914112930941315e+01 5.356205543891213239e+01 4.996414373090369310e+01 5.481485623163068510e+01 5.462443409580920672e+01 4.630179929761346358e+01 5.462443409580921383e+01 5.431979987311570568e+01 5.431979987311570568e+01 6.020266251672442337e+01 7.724144080220968078e+01 5.895035475560172955e+01 7.724144080220968078e+01 9.138079779485060783e+01 8.486456472576743693e+01 8.265542158450804777e+01 8.267676699516540850e+01 6.486335107709066961e+01 4.489089128848497268e+01 3.962729975359953727e+01 5.955644448311647920e+01 6.917985925067051767e+01 7.355104019414859806e+01 7.911438581261592162e+01 7.542018191984089981e+01 9.555170814126843482e+01 1.021832565769824726e+02 9.391668068796154500e+01 1.021832565769824726e+02 1.009934923941951013e+02 1.031859789513290053e+02 1.081468093912139494e+02 8.863949577042372141e+01 7.477627880607677469e+01 6.485144409577337399e+01
1.880098487986705744e-02 2.001880098487951187e+01 2.483112489243668719e+01 4.406413530180745397e+01 6.355211555039932136e+01 5.460443608545994465e+01 4.439770081552114789e+01 2.627091770941567717e+01 4.459995224215749943e+01 4.002458186895560033e+01 4.002458186895560033e+01 6.020266251672443047e+01 5.948110544154472024e+01 4.884947129004616073e+01 6.310208380956874663e+01 8.121786088323871411e+01 9.121076218576124006e+01 8.852897020100134284e+01 6.841703099456650250e+01 5.427323112448607390e+01 6.391394548995627645e+01 4.394536725175048986e+01 4.511948083074278770e+01 4.917173967340749385e+01 5.351664014928650914e+01 5.905545792210402567e+01 7.061852770087011777e+01 8.480736429944197141e+01 1.049941734878539421e+02 1.039068542572576916e+02 9.510862455465954213e+01 8.092011006682380980e+01 8.311668324950267106e+01 1.031859789513290053e+02 1.024725583190890603e+02 9.187434206916864810e+01 7.224399826708176420e+01
2.900726248362994752e-02 8.719323631575615963e+00 2.895331335065965916e+01 3.811968353427584333e+01 5.082424476237076050e+01 4.106902559384844409e+01 2.694670784463671609e+01 1.648260373521987177e+01 3.628635850351459879e+01 2.844007776348286853e+01 4.855284222300510066e+01 5.323792871549093775e+01 3.925090069359988831e+01 4.570565468709742163e+01 5.288356226278442307e+01 6.294656908679496610e+01 8.294250410207870061e+01 8.852897020100134284e+01 6.841703099456650250e+01 7.430768160531971489e+01 6.850362661289693733e+01 4.849767045866466475e+01 6.509628811524869718e+01 6.917985925067051767e+01 6.767178540822266086e+01 6.766307169503983232e+01 7.172387836882492707e+01 8.591644721995514544e+01 1.061122798220924750e+02 9.560049817772373615e+01 7.550633265464153965e+01 6.667644697307963497e+01 8.520071103097450305e+01 8.520071103097544096e+01 9.351280676656620017e+01 9.999817457441527324e+01 9.187434206916864810e+01
5.081304048347550645e-02 2.005081278469943484e+01 1.176653426404012137e+01 2.458070855183581216e+01 3.758591826028674632e+01 2.953543438827459511e+01 1.302165465255482246e+01 3.283817152100543524e+01 2.010335191430887036e+01 3.997673064168152024e+01 4.739169345351558604e+01 3.298590557149180569e+01 5.323792871549093775e+01 6.585191110087647814e+01 7.294453659443681204e+01 8.121786088323871411e+01 9.121076218576124006e+01 9.693650299576435714e+01 8.852897020100134284e+01 8.008903109935793907e+01 6.002252190257105013e+01 5.554439921092929922e+01 6.481640045799831285e+01 8.490990156844021897e+01 8.790226454843993054e+01 7.923051893744771235e+01 9.183166963741278721e+01 1.002311385981367238e+02 9.217183350545562348e+01 8.384509124277576575e+01 7.919368073153167131e+01 5.904709113493952088e+01 6.507384838507043412e+01 6.507384838507043412e+01 8.520071103097552623e+01 9.113463506006202408e+01 8.091469646668575422e+01
4.469920835086939326e-02 4.252444993354947300e+00 1.211924095713691862e+01 2.489512060343668054e+01 2.646237029883207015e+01 9.614289047215327955e+00 2.953543438827459511e+01 4.113748871113060801e+01 3.997673064168152024e+01 2.422204630633402189e+01 2.724808914840717478e+01 4.739169345351558604e+01 6.142277540437615357e+01 6.853490324826374547e+01 7.681583648643176332e+01 8.836613050551490289e+01 9.124026727341502863e+01 9.346550598573261937e+01 9.654851243734255206e+01 7.638984708288030845e+01 8.008903109935793907e+01 6.310184576932074663e+01 8.318014856094552556e+01 9.330511034324030106e+01 1.074763708438045171e+02 9.924619442846635309e+01 9.962620648652841737e+01 8.782109671090778136e+01 7.938594568209704505e+01 6.375571927145567486e+01 8.057100344779922807e+01 7.096886997004578745e+01 5.083769110803581981e+01 7.096886997004578745e+01 8.651775918038909197e+01 8.258738681320021158e+01 6.222828352931624352e+01
2.324776005098762310e-02 1.475132018328206174e+00 2.962623302559313387e+00 4.526570718713059271e+00 6.155172068790560225e+00 8.305620884186653896e+00 2.845773346253483993e+01 3.958914535142114488e+01 5.257697623330427206e+01 4.424577031519532966e+01 4.738560635483895567e+01 3.509012289459263911e+01 4.121755198212199645e+01 4.841901729774899366e+01 6.007380377964101115e+01 8.009298006634951150e+01 7.106901466691162739e+01 7.327133910181457566e+01 9.346550598573261937e+01 9.654851243734255206e+01 9.156976692080986879e+01 7.467051075691789208e+01 9.156976692080986879e+01 8.843351144400000408e+01 9.675649459680803943e+01 9.597806150208100462e+01 9.108253741714005969e+01 7.087682202011082211e+01 5.925036734310076980e+01 5.215259982524736415e+01 6.436165822210989518e+01 6.100675910401329105e+01 4.649614453873791575e+01 5.806636842461709591e+01 7.820010457980551166e+01 9.113463506006202408e+01 8.091469646668575422e+01
8.699724428260374731e-02 2.008699724428224798e+01 2.373087570522215728e+01 1.908280406639899951e+01 2.059674774417388932e+01 2.845773346253483993e+01 1.126234352393393046e+01 3.130672812522656301e+01 4.250707560377043848e+01 5.108010727395020467e+01 5.935210121335911282e+01 5.533068027594949712e+01 6.142286356525979585e+01 6.853490324826374547e+01 7.681583648643176332e+01 7.697703777032961625e+01 5.692260313616908007e+01 7.608019057581394406e+01 8.447842462498664418e+01 9.457304253101031577e+01 1.032285290804119313e+02 9.480452997825167927e+01 8.517914462428002764e+01 6.839789459048955678e+01 7.948751012797782778e+01 7.580618114714367550e+01 9.597205883339071875e+01 8.781640278953828727e+01 7.938594568209704505e+01 6.436165822210989518e+01 4.433868217491583152e+01 4.101273514166655332e+01 6.100675910401329105e+01 7.489770377656157052e+01 7.414443193357739403e+01 8.248551084036017755e+01 8.174716613875223459e+01
2.249585233037712170e-02 2.002249585233002094e+01 3.722136734910236555e+01 3.913824128299902583e+01 4.062323582204940209e+01 3.958914535142098146e+01 3.130672812522656301e+01 1.421741184103605882e+01 3.422517034258891044e+01 3.107851585647485493e+01 4.780968511153875511e+01 5.961722952130157438e+01 5.964853877106740043e+01 6.799859822704581802e+01 7.088433280353683585e+01 6.252767065335284968e+01 4.936930250061516290e+01 5.603114107410820566e+01 6.602115143166419386e+01 8.613922971996373690e+01 9.378985905287187563e+01 8.222070880328433873e+01 7.391602655109174691e+01 5.684200879044248467e+01 5.944687634191964065e+01 7.948751012797782778e+01 9.338326683279997553e+01 8.524386306442110595e+01 8.550037322203615986e+01 7.064584015133739570e+01 5.131598605711631933e+01 3.735111383396394302e+01 5.729383784355484011e+01 5.994988283304755328e+01 5.407138012466620580e+01 7.414447916049624610e+01 7.345074561087255915e+01
2.739267172789772165e-03 8.947011133335671218e+00 2.049400527548850448e+01 3.463572689005491156e+01 5.462575066886208219e+01 4.867793566747143785e+01 2.847560252743677012e+01 3.184364248768283545e+01 1.727682955427035338e+01 1.952872800570180800e+01 3.953119526392102756e+01 3.957129734840580682e+01 3.962487655825508170e+01 5.641599841736229592e+01 5.717711431144791590e+01 4.250772199335274593e+01 6.252766887423830156e+01 7.608019056872323915e+01 8.447842462498664418e+01 9.457304253101031577e+01 8.547899769979248674e+01 6.545134418378960106e+01 5.389551634080768849e+01 4.789099877087056711e+01 6.791096719827746142e+01 8.482124687078378145e+01 8.528231400888672908e+01 6.531787249241367022e+01 6.532774175551840301e+01 6.892395256146825488e+01 4.861853324357411310e+01 3.452424315753722084e+01 5.053134147091227391e+01 3.997594662932053922e+01 5.407162594761911834e+01 7.415927317788329276e+01 8.174490363316469654e+01
8.327778614586213435e-02 5.428502624394372589e+00 2.542850262439472786e+01 4.187773968113460654e+01 5.187773968113478418e+01 5.695679045479088387e+01 4.861838693122540889e+01 3.345371073774854409e+01 2.882779047050814825e+01 3.953119526392102756e+01 2.286248465845848088e+01 2.542336485090829257e+01 2.807269901723411110e+01 4.808816060071007570e+01 3.715781023290044516e+01 5.717711431144791590e+01 5.319683365864329971e+01 6.319084534724682101e+01 7.736624238615210913e+01 9.760584116692123757e+01 8.768116974042170852e+01 7.938282589169028824e+01 6.235717959187060444e+01 4.234136203047209790e+01 5.649274793605297873e+01 7.496988799275759163e+01 8.534812555857421046e+01 6.532053542613373054e+01 5.113454298594744785e+01 6.173791249555419114e+01 5.657721942211713184e+01 5.053190928384844227e+01 3.062938750649484376e+01 5.053190860489366543e+01 6.812711179977721088e+01 7.160583281037982317e+01 7.996407903764087166e+01
6.510866554257997707e-02 2.006510866554222616e+01 1.359346843367170443e+01 2.359346843367188029e+01 3.773560405740332868e+01 5.773560405740403212e+01 6.146856538733915443e+01 5.318708484422600691e+01 4.297165151214532841e+01 4.919694166920717038e+01 2.918841246165973047e+01 4.528313175416237613e+01 4.806517078160986500e+01 3.207404768349233137e+01 3.874567113757143488e+01 5.876547341621937193e+01 7.324256448390323726e+01 8.163170320665197721e+01 9.171734302806736139e+01 8.474158941919149868e+01 7.644437535617022661e+01 5.936457329964572693e+01 5.818307708907350673e+01 3.817044731330967977e+01 4.665990864595456600e+01 6.081489831935608237e+01 7.069952968818776640e+01 7.591967878284866345e+01 5.586363256095132357e+01 4.174523055910385949e+01 3.662769560709597982e+01 4.806302427835861835e+01 2.815660752617986162e+01 4.803839674255058867e+01 5.741368914703012649e+01 5.154147521708804192e+01 7.160782545299095148e+01
8.953482861371392376e-02 2.008953482861335971e+01 3.359346843367240609e+01 2.624257907434544279e+01 4.038471469807589642e+01 6.038471469807518588e+01 6.267449366075882722e+01 6.486228962184273428e+01 6.296531035089882522e+01 5.632501486692534343e+01 3.626334385792168291e+01 5.619686998393610367e+01 5.872103604604497917e+01 3.874567269496379396e+01 5.876547341686229231e+01 5.029488089620150504e+01 6.184024835751775129e+01 8.194263813409904174e+01 9.060118155009439533e+01 7.058043423075933731e+01 5.642815543236345377e+01 4.935167768090011009e+01 4.302371651119197793e+01 3.767746771451384546e+01 3.251447357839422381e+01 4.239486829315301719e+01 5.654719899067041666e+01 6.698132153828505864e+01 7.002693405247431713e+01 6.173791249555419114e+01 4.973624325409321045e+01 2.981888421499730768e+01 2.573679296515410542e+01 3.148383980887046718e+01 3.746230732688941600e+01 4.894174528504831301e+01 6.899165159975223105e+01
