LEM/with_lateral_4open/elevation_000499.asc
nrows	100
cellsize	150.0
xllcorner	0
ncols	100
yllcorner	0
NODATA_value	-9999
[rows 0 to 16 of 100, columns 0 to 36 of 100]
8.271705653423140625e-02 2.127631151761726416e-02 9.425194436011796739e-02 4.939197167322698090e-02 3.975871534419905817e-02 6.171646774684565184e-02 1.696294146011132625e-02 1.936121709489252440e-02 4.216450047424835645e-02 2.297044857093000214e-02 6.704298068806634203e-02 4.162315340452049650e-02 3.835349583220235004e-02 2.777463300387698203e-02 2.207885817162396139e-02 7.161913568127860341e-02 9.025521335945362045e-02 3.502399586135773735e-02 8.040414306008919487e-02 3.131346976591601466e-02 7.604099264847130613e-02 2.387740603804927586e-02 5.687112022313325910e-02 4.074439634684711570e-02 8.709178300582484655e-02 7.612946965408906586e-02 1.077918208624280109e-02 9.929772718869623455e-03 4.600412614040166881e-02 2.152795518990661267e-02 2.378824418737431057e-02 9.511189423522797837e-02 9.406546861214974686e-02 1.749038473908382007e-03 2.223905489293687143e-03 6.269637160239108220e-02 9.476101746191394060e-02
7.813061968023242432e-02 2.002127631151726206e+01 2.009425194435976181e+01 2.004939197167287190e+01 6.706425382010894332e+00 2.006171646774648920e+01 1.415909856519118648e+01 2.001936121709453786e+01 4.042164500474231481e+00 2.002297044857057529e+01 2.006704298068770953e+01 8.985895063403756211e+00 2.003835349583184566e+01 2.002777463300352068e+01 2.084921350689215025e+00 2.007161913568092260e+01 2.009025521335909659e+01 8.979295905860437799e+00 2.008040414305973442e+01 2.003131346976556060e+01 4.246329273789984704e+00 2.002387740603769473e+01 2.005687112022277674e+01 8.205710205624036746e+00 2.008709178300546938e+01 2.007612946965373268e+01 1.197560840280095018e+00 2.000992955619713598e+01 2.004600412561914524e+01 1.416366357892098193e+01 2.002378824418702052e+01 6.419667214572013947e+00 2.009406546861179521e+01 1.154875442226632387e+01 2.000222390548893969e+01 3.396029704935731086e+00 2.009476101746155763e+01
2.526786264046545702e-02 1.416740348637154057e+01 3.416740348637224400e+01 3.377749319387713456e+01 1.377749319387643112e+01 3.377749319387713456e+01 3.415909856519188992e+01 2.812464740511318340e+01 8.124647405112826348e+00 2.812464740511246930e+01 3.727016631086665654e+01 2.312803068713495946e+01 3.727016631086465281e+01 2.415882846559942010e+01 4.158824740150074639e+00 2.415882846559942010e+01 3.726356715332133263e+01 2.312143152959113834e+01 3.726356715332133263e+01 2.851034360090258701e+01 8.510343600902231742e+00 2.851034360090258701e+01 3.648998145296056350e+01 1.975271558941634709e+01 3.648998145296056350e+01 2.238643698498146506e+01 2.386437436835620929e+00 1.133070934682347897e+01 3.133070849575889838e+01 3.416366358009974391e+01 3.308633388241076290e+01 1.308633388123873864e+01 3.308633388216725990e+01 2.569089004599697645e+01 2.677664672386434219e+01 6.776646723849811593e+00 2.677664672386434219e+01
4.163169627051844027e-03 1.414629879335787699e+01 3.414629879335716822e+01 4.206176444133933501e+01 2.532449857766915002e+01 4.206176444133933501e+01 4.663114083356462203e+01 2.663114083356391504e+01 1.248900520983271178e+01 2.663114083356341055e+01 4.663114083356269646e+01 4.312803068713566290e+01 3.626240842547701959e+01 1.626700495243914801e+01 6.267009846929003203e+00 2.040914563861727871e+01 4.040916566818079048e+01 4.312143152959042425e+01 4.484027521945575501e+01 2.484027521945646555e+01 1.351034360090227437e+01 3.351034360090297781e+01 4.803698683628161348e+01 3.975271558941563654e+01 3.773242921311712195e+01 1.773243156918968211e+01 3.590295967693310164e+00 2.359029525535348171e+01 2.766064081093549376e+01 4.766063713545525360e+01 4.137060604128284069e+01 2.308633388123891450e+01 4.137060572452356411e+01 4.569089003772572255e+01 3.031218062980808270e+01 1.031218062978257954e+01 3.031218062980808270e+01
5.883922493566802470e-02 1.420097484866674264e+01 3.420097484866744963e+01 4.540793513259683323e+01 4.532449857766985701e+01 5.360876982513205036e+01 4.317945488633058204e+01 2.317945488632987860e+01 2.143327711983202732e+01 2.663114083356391149e+01 4.663114083356461492e+01 5.618141494846430106e+01 3.625437937654655229e+01 2.846233677603641254e+01 8.462295046722829284e+00 2.846233677603641254e+01 4.090867713131515870e+01 5.102272831133898734e+01 5.312454646691735860e+01 3.885556843915014014e+01 1.885556843915085423e+01 3.299770406288230618e+01 5.299770406288300961e+01 4.741906690644873379e+01 3.929996981768527320e+01 2.480297309798358540e+01 4.802974092874970680e+00 2.480297309798358185e+01 3.844537464805636517e+01 5.594489295827982289e+01 5.137060692563592568e+01 4.308633388543243825e+01 5.137060646860194879e+01 3.816822301705428089e+01 2.402608739332382726e+01 1.402608739332364962e+01 2.557309277711636852e+01
1.256007409845548775e-02 8.177525883329506584e+00 1.712179778912135575e+01 2.866880226050113833e+01 4.281089733674641451e+01 6.280956422377657589e+01 5.146372613379278249e+01 3.317945488633022677e+01 3.143327711983220496e+01 4.663114083356461492e+01 5.491541208102681537e+01 5.566315442324049911e+01 4.414466732416093464e+01 3.147754740933345019e+01 1.147740849250049244e+01 1.296588073669192909e+01 2.238503624870560671e+01 3.670922738737264979e+01 5.707559942367642236e+01 4.518012375948843129e+01 2.518012375948772430e+01 4.518012375948843129e+01 5.044587028931250927e+01 3.115458065491804618e+01 2.022930163182378394e+01 1.280348595005858670e+01 6.022395614574360678e+00 1.028633214882837166e+01 3.021765039322221114e+01 4.198637443507249856e+01 4.771433269800757415e+01 5.593562643170328386e+01 6.645249392502668684e+01 5.231035871685719485e+01 3.839044519812345158e+01 1.839044519804357236e+01 3.839044519812345158e+01
9.594114293757748102e-02 2.009491826162047445e+01 3.096811535822321559e+01 3.729392029940175490e+01 4.558163041427759765e+01 5.452750415726789868e+01 6.146372613379313066e+01 4.732159051006167516e+01 4.557541274356365335e+01 5.971754836729510885e+01 6.104384752567540318e+01 4.740620272989153960e+01 2.744133942571970763e+01 1.589466953549453088e+01 3.147754740933345019e+01 3.253849425116302996e+01 1.772917217186583017e+01 3.181131367926043652e+01 5.230068140126521570e+01 5.346439500695062463e+01 3.412439566948719971e+01 5.346439500695062463e+01 5.863990260570736979e+01 4.741894205709338905e+01 3.471456096818308623e+01 2.083480458518189238e+01 7.321489255732810619e+00 2.792983825829824340e+01 1.677266558010601472e+01 2.211203597255931186e+01 2.787210322793266570e+01 4.771433269800757415e+01 6.653030549176816066e+01 5.472037681703131540e+01 3.472037681659867303e+01 2.355442299298688624e+01 3.769655861671833463e+01
7.711341127313005306e-02 5.422338249521640563e+00 1.096934021177398044e+01 1.729389553211965236e+01 2.623816746912288167e+01 4.038033553054988545e+01 6.038220194147947950e+01 6.732159051006308914e+01 6.557541274356506733e+01 6.542090300556814952e+01 5.278185942269497843e+01 3.278688843209019410e+01 2.123989437379860945e+01 2.296573715266362470e+01 4.295828514155296318e+01 4.240435444182380564e+01 2.186907780115428324e+01 2.913534989188991986e+01 4.966573242468757599e+01 6.240866691695010360e+01 4.826653129321864810e+01 6.240866691695010360e+01 5.770713573933376495e+01 3.970335713186443627e+01 2.757889854239309102e+01 2.321208312854782463e+01 8.628732061115902852e+00 2.894769976390750088e+01 3.667473403071706883e+01 3.303453622652335042e+01 4.771433269800757415e+01 3.849941947829290712e+01 5.829610760929855218e+01 6.300464821615378241e+01 4.987897831348124811e+01 2.987897831332375631e+01 4.355442299309457610e+01
2.297228869525369793e-03 2.000229722886917116e+01 3.096952584323180346e+01 3.729421567596214260e+01 4.558163041427759765e+01 5.452750415726789868e+01 5.960951339519215253e+01 5.960951339519215253e+01 6.789378464265534774e+01 5.713721271584068262e+01 3.713757128672274632e+01 2.713757262152308769e+01 4.123979269700495109e+01 3.113069253004010761e+01 5.111989069942477926e+01 4.728920485471883950e+01 2.656462182178083964e+01 4.728920485471883950e+01 4.371798710322474335e+01 6.402485984530423480e+01 6.826653129322006919e+01 6.810689364727423367e+01 5.797955376758319090e+01 3.761105327507079465e+01 3.313143807403498187e+01 1.275726433124285819e+01 1.010266854927545133e+01 2.178107108005257686e+01 4.228349771639976495e+01 5.287175695665207797e+01 6.110308281048236267e+01 4.992828438868569663e+01 6.653030549176816066e+01 6.252808895442618109e+01 4.252808895399771671e+01 4.402111393705520470e+01 5.816324966207501745e+01
9.647730019007895452e-02 1.423861292392115452e+01 3.423861292392185618e+01 4.087465136259907439e+01 4.915892261006127484e+01 5.066524148519066983e+01 3.960951339519144909e+01 3.960951339519144909e+01 5.960951339519215253e+01 6.542090300556814952e+01 5.185140086928282699e+01 3.185161783415374259e+01 5.185140086928282699e+01 4.267706200963008456e+01 5.940104989463744545e+01 5.260849660348166168e+01 3.200706759272573265e+01 5.260849660348166168e+01 6.402485984530423480e+01 7.233337556286861059e+01 6.810689364727423367e+01 4.785194850577405390e+01 5.080081957607958287e+01 3.761105404728242974e+01 1.714384171088542885e+01 3.196373332007576806e+01 1.159275138602073341e+01 3.196373471586497317e+01 5.069685031385470353e+01 5.622309025807581406e+01 6.474634924195788699e+01 6.972676670303310686e+01 7.798400579267870114e+01 7.081236038469381811e+01 5.667022457772916511e+01 6.402111393759271607e+01 6.894530904219043066e+01
3.582433992925927735e-02 2.003582433992890444e+01 2.608321755619001792e+01 2.087465136259837095e+01 3.280919909791887079e+01 3.066524148519138038e+01 2.546737777146000070e+01 3.701438315525292211e+01 5.701438315525362555e+01 6.818074902274848625e+01 4.818146361862380189e+01 3.762512055301727543e+01 5.762481549994140551e+01 6.266186104456723172e+01 7.093889482819014347e+01 5.938174375425438001e+01 3.906200230193621792e+01 4.890737459541243481e+01 6.907942668032997346e+01 7.713446811243667867e+01 6.543059899239317190e+01 5.156880019236066204e+01 3.107461662259898461e+01 2.185962861524316736e+01 3.761105404728242974e+01 3.349607205764756657e+01 1.309546991535930438e+01 1.309341882882707608e+01 3.935553229230627892e+01 3.556463514659920122e+01 5.063817005755789324e+01 5.686672204530599828e+01 6.413145502364409367e+01 7.264536960649238040e+01 7.667022457919117073e+01 7.219841396484970630e+01 5.219348023766870170e+01
1.813270376062421294e-02 3.033246149538266767e+00 6.083217556190373188e+00 9.327645978805652049e+00 1.280919909791957956e+01 1.652310586146068161e+01 3.066524148519138038e+01 5.066524148519066983e+01 6.529865440271682075e+01 7.646454176521328350e+01 6.590865032200514406e+01 4.917210808834454383e+01 4.917210808834454383e+01 6.331399479302981348e+01 8.331252458364485847e+01 6.768454482873826805e+01 4.826732290465923825e+01 6.768454482873826805e+01 7.738746412219515491e+01 6.878136058044238155e+01 4.851540443487168375e+01 3.662014365333759258e+01 2.734807727708421865e+01 4.240354294440022898e+01 5.080104455351480652e+01 4.133403695057907612e+01 2.206003682613919636e+01 1.527730801963760499e+01 1.876495494496067806e+01 2.418469737037091249e+01 2.990919305319398802e+01 3.620895211472319630e+01 4.358368721367445886e+01 5.545828004912623044e+01 7.597923237030292398e+01 8.050236136900187489e+01 6.894530904219043066e+01
2.372884694381488524e-02 2.002372884694345956e+01 1.763022293998309209e+01 2.932764597880600732e+01 2.695133472165028010e+01 3.652310586146138860e+01 2.436775126698818283e+01 4.436775126698888982e+01 6.265202251445143844e+01 7.419902789824536171e+01 7.745515647493903089e+01 6.917142855493973741e+01 6.917142855493973741e+01 6.917142855493973741e+01 8.916981018214052312e+01 7.666453027730790382e+01 6.250998467168335537e+01 7.666453027730790382e+01 8.109377764722111692e+01 6.099256999037751115e+01 4.660028924979231846e+01 3.468118515192475826e+01 3.666757156064474543e+01 5.631170965381711113e+01 5.436501132666250413e+01 3.583280821174435005e+01 3.705273522667214792e+01 1.700525581887556470e+01 3.757707561425756637e+01 2.647666019601695808e+01 4.715610643092097831e+01 5.686672204530599828e+01 6.413145502364409367e+01 7.264536960649238040e+01 8.450270743377843985e+01 7.925172007127945051e+01 7.093669410454711510e+01
8.175220331382776484e-02 2.008175220331347077e+01 3.763022293998379553e+01 4.591449418744599598e+01 4.695133472164956601e+01 5.265202251445108317e+01 3.850988689071963478e+01 3.436775126698853455e+01 4.591475665078145596e+01 6.591475665078287705e+01 7.239569525785299220e+01 7.239569525785299220e+01 8.076291806754083780e+01 8.629482345450368541e+01 7.794160954552447151e+01 8.629482345450368541e+01 8.252927517039329075e+01 9.007224869092225106e+01 7.002481331434714207e+01 5.574438164128240913e+01 4.393942334851342224e+01 4.924142285470229297e+01 4.901237179506052399e+01 6.597748628551350691e+01 6.126380098784591866e+01 5.255645330450344943e+01 3.924872670686833231e+01 1.875383263959930602e+01 3.929948345364408624e+01 4.715610643092097831e+01 3.532541607375089399e+01 5.591261932606708740e+01 7.458577139864297578e+01 8.478034689061013296e+01 8.518999195641906397e+01 6.503278482575855435e+01 5.063941362163761539e+01
9.124702163186203252e-02 2.009124702163150644e+01 3.091462543835141830e+01 3.723918075868770927e+01 4.479847021887212577e+01 5.308274146633372936e+01 5.850988689072033822e+01 4.850988689071998294e+01 6.265202251445143844e+01 6.635406764323749940e+01 5.194521721893410415e+01 5.194521721893410415e+01 7.239569525785299220e+01 7.615707717691576306e+01 5.762094689917913826e+01 7.615707717691564937e+01 8.087050823983345538e+01 8.921851946372962061e+01 7.849820183387690520e+01 5.836489099152209548e+01 5.836490620909164306e+01 6.949469487983567717e+01 7.067502665794398808e+01 7.729073541143530690e+01 6.363980701834734788e+01 5.307812638082848622e+01 4.112191328393092959e+01 2.052491133743414409e+01 4.092276989618437000e+01 5.334636568606145346e+01 5.556815031428791229e+01 4.569165837878072267e+01 5.594573304385743029e+01 7.632142750284934607e+01 8.203936068811607640e+01 7.369678708867877504e+01 5.809956677789186585e+01
2.239863785106879432e-02 5.367623476099533164e+00 1.091462543835177534e+01 1.723918075868842337e+01 2.479847021887283631e+01 3.894060584260328994e+01 5.894060584260257940e+01 6.850988689072140403e+01 7.111332352053838690e+01 5.062143477511324363e+01 3.724907066519452314e+01 4.952454338275326506e+01 5.307520304393099764e+01 5.680105557781502768e+01 4.723916263917497105e+01 6.653944987824397117e+01 6.060333114171324098e+01 8.087050823983345538e+01 8.679167142338150143e+01 7.849835743241332864e+01 7.850006440800945029e+01 8.579236786417655480e+01 7.956282892306897736e+01 7.133113614490602572e+01 5.998644989451486254e+01 3.664180996440956051e+01 2.428107089319054879e+01 4.047463907618453050e+01 2.404259451595047636e+01 3.892135562542678429e+01 6.104720171452833455e+01 6.613358027335340239e+01 7.458577139864297578e+01 8.478034689061013296e+01 7.369678708867877504e+01 5.342006578075427115e+01 5.163853514781789755e+01
1.766589122093755945e-02 2.001766589122058093e+01 3.091462543835141830e+01 3.723918075868770927e+01 4.479847021887212577e+01 5.308274146633372936e+01 5.375111787482367021e+01 5.962432047805079804e+01 6.362485799113271412e+01 5.062143477511324363e+01 2.998208170119063709e+01 2.890063539827181316e+01 3.237146536621296633e+01 3.605637348610738258e+01 4.084923032703957091e+01 4.596810915561128041e+01 5.796406557752955990e+01 7.234670925083061377e+01 9.251335088395286732e+01 9.224864197711819713e+01 8.080653661231313833e+01 6.595732030212425911e+01 6.595834696806376485e+01 5.125937152405853681e+01 5.431664468119213041e+01 4.776251605165774095e+01 2.709068334460092231e+01 4.717783423531325582e+01 2.663465214398044267e+01 4.731667106539667600e+01 6.489782323358809890e+01 7.316044856043789935e+01 8.315039982712825406e+01 8.257474543444210724e+01 7.247311834111238227e+01 5.935897995161562335e+01 3.893686446726609063e+01
