LEM/with_lateral_4open/elevation_000136.asc
nrows	100
cellsize	150.0
xllcorner	0
ncols	100
yllcorner	0
NODATA_value	-9999
[rows 68 to 84 of 100, columns 37 to 73 of 100]
7.437783043604305533e+01 7.586435001606693618e+01 8.987718935594122627e+01 8.005172118756446764e+01 6.533408956826244207e+01 4.544393098998539671e+01 5.959229536853052878e+01 4.335028995630622717e+01 6.321998960461416317e+01 6.153270225981064101e+01 8.147015850412621774e+01 9.632089205777694474e+01 8.807298429836309595e+01 7.557215475575775088e+01 5.559456254780850060e+01 7.557215475575775088e+01 8.390338862127191533e+01 7.806858294697168787e+01 9.798985561397881838e+01 1.085342303277518567e+02 8.842896095315602167e+01 7.412911225452944564e+01 8.352642639048454498e+01 8.680551727857566391e+01 6.688766173851679753e+01 6.688766173851679753e+01 8.099089493020615294e+01 8.325984656778572912e+01 7.324039401472893474e+01 5.701365111375908157e+01 3.235896986473085946e+01 3.605178713975368510e+01 3.213827231092508896e+01 4.653661090746938100e+01 4.374792497799524682e+01 3.746571066009983753e+01 5.742193362666704104e+01
6.840822413260278267e+01 6.173784426740547104e+01 7.503503471325839769e+01 8.324468211252350613e+01 7.358513273753500528e+01 5.959229516412629124e+01 3.973010928746819559e+01 5.959229536853729314e+01 7.147125984073861105e+01 8.147015850412621774e+01 8.971530797450054706e+01 8.807298429811034168e+01 6.812610874555065266e+01 7.219532530091527178e+01 5.221134234825721165e+01 7.219532534500184795e+01 6.394471866456158438e+01 7.806858294697168787e+01 9.798985561397881838e+01 1.039593736054729050e+02 1.026217773391666697e+02 8.842896095315602167e+01 1.026217773391666697e+02 9.509412817249508976e+01 8.680551727861630695e+01 8.680551727853759303e+01 8.790263190861580256e+01 8.212502851332519072e+01 6.784287613919806859e+01 5.499988456233015910e+01 3.479189109742406316e+01 5.206674785836882080e+01 3.673483460303103953e+01 5.685737458178842729e+01 6.370924068219205338e+01 5.742193362666704104e+01 4.639813676753695404e+01
8.832133283797577405e+01 7.503503471325839769e+01 5.508034975344904893e+01 6.914948783446048708e+01 6.661399310625355952e+01 5.747492345449075657e+01 3.759118572811198078e+01 5.747497922700851802e+01 6.831566062554514929e+01 7.656508269003148826e+01 8.652799941836762798e+01 8.498850117278564653e+01 6.503349944906679525e+01 5.398933846027414063e+01 4.896536042767560559e+01 5.451539008575707612e+01 7.449478137470251227e+01 9.215168068726156037e+01 9.136935728658157529e+01 8.405280993228009834e+01 9.812965916919522158e+01 1.085342303277518567e+02 1.045508378119448167e+02 9.449919605472753403e+01 8.620007072039679485e+01 7.946309695490677427e+01 6.771050297535664697e+01 6.840213428466560686e+01 5.356072376507079014e+01 3.916495662769330721e+01 3.976065226887838833e+01 6.007962865097369587e+01 5.685737458178842729e+01 4.382478328541916568e+01 6.398513544246613804e+01 7.464296634009659215e+01 5.634996893848411759e+01
8.552336980185300774e+01 8.314546515456846976e+01 6.907443831561954539e+01 4.922028870576492920e+01 5.838482347936165695e+01 3.849977873898719594e+01 3.547734051356236762e+01 4.179474362415574262e+01 4.840367671702815500e+01 5.834861550235412153e+01 7.828270574873614862e+01 7.915247053547192024e+01 5.918523017356046978e+01 4.504337724332797421e+01 6.503349913650818337e+01 7.449478094959421526e+01 8.274936001301838928e+01 8.552327253673036012e+01 7.143075338845400779e+01 6.994092170835949673e+01 8.988330744203648237e+01 1.033157590663369660e+02 9.627963982319384684e+01 7.612050161759981393e+01 6.598914942392670469e+01 5.923809091208790534e+01 5.339796057699273746e+01 4.815931104107630745e+01 4.398410550081617032e+01 5.948863397812901610e+01 6.007962866099904886e+01 4.776534155407619409e+01 6.802684361275250069e+01 5.807064770171334089e+01 5.203439385424085373e+01 7.222992754791503955e+01 7.044793293302181780e+01
6.558357847699397780e+01 6.675334907637494553e+01 6.243278384474042753e+01 6.362562226318191705e+01 4.372542348980306315e+01 5.340837040804968439e+01 3.347764438846377288e+01 5.341888877497026300e+01 6.831566062554514929e+01 7.656508269003148826e+01 8.652799941836762798e+01 7.404869489543614236e+01 5.407171796823073606e+01 4.252573752599217016e+01 5.908685271187030708e+01 6.735205582550278791e+01 7.545971920057095872e+01 7.727063526282300643e+01 5.729784827978915018e+01 7.727063526282300643e+01 7.513917188400743896e+01 9.506899281800311030e+01 1.045508378119448167e+02 9.449919605472753403e+01 8.620007072039679485e+01 7.946309695490677427e+01 5.985841127977065668e+01 6.840213428466560686e+01 5.013441470283093793e+01 7.037192399331000559e+01 7.412649085528222770e+01 5.389624959763544609e+01 7.412649085564980567e+01 7.826397196068468531e+01 6.027205468619079909e+01 6.631632380105229174e+01 8.650662991609138430e+01
5.164671438839896211e+01 4.698605348881341826e+01 4.266140265886735961e+01 5.659397665541276723e+01 6.361136245128525957e+01 5.171453945904274008e+01 3.175397955801584615e+01 4.588379420331626335e+01 6.579231803164742587e+01 6.984558017623426451e+01 8.988856481311493951e+01 8.230412199650430694e+01 7.077824600158020019e+01 5.908685386015229568e+01 3.909953071841305672e+01 5.908685386015229568e+01 5.548784467268310294e+01 6.476540443251325030e+01 5.126602131874034995e+01 5.882689598347734972e+01 7.036824562181530496e+01 9.030938347352700646e+01 1.044525113267022647e+02 9.620315750955066392e+01 9.652332536234851545e+01 7.637596798896242944e+01 7.416817268715757905e+01 7.711337981229655725e+01 5.688901262910682988e+01 7.711337981229655725e+01 8.127395652699277662e+01 6.105787074897428823e+01 8.127395652699277662e+01 8.880520438062818300e+01 7.038679192198586065e+01 8.650662991609138430e+01 9.482046330329285411e+01
7.142380814060049943e+01 6.675334907637494553e+01 5.659397665541276723e+01 3.679563438083131643e+01 5.120271705222319270e+01 4.774189388484108321e+01 3.005808873641914403e+01 5.003396255901748901e+01 4.980540223728758775e+01 6.396885245641614404e+01 8.403325593979307939e+01 8.239661205073593919e+01 6.243852525169013035e+01 4.830213705690735537e+01 3.676092256397406999e+01 5.669038920801907722e+01 4.134961548772657380e+01 4.477729117332707176e+01 5.477744063149675213e+01 6.632118156153683231e+01 8.627194943692451545e+01 9.855532642135138133e+01 9.304770939481349501e+01 7.651656597606684329e+01 9.304770939481349501e+01 9.652332536234851545e+01 9.432877691354967453e+01 8.543436480515457276e+01 6.701363463166224221e+01 8.543436480515455855e+01 8.127395652699277662e+01 7.537030387438234413e+01 8.958478633233596611e+01 9.887856864511812205e+01 9.057248708665332515e+01 9.887856864511812205e+01 9.388050624696775515e+01
8.280181987023881618e+01 7.456809554396100737e+01 6.481777601047217274e+01 5.120289898043539267e+01 3.134854641356877991e+01 2.776556193710399612e+01 3.948803511597440519e+01 3.845256276938496853e+01 5.827538351761440794e+01 7.814933113232275730e+01 7.749525899146419761e+01 6.920032066077156685e+01 7.208456723603650573e+01 5.446983094522742164e+01 3.448247812427379699e+01 3.670302250361788055e+01 5.669038920801911985e+01 6.476540443251325030e+01 5.477744063149675213e+01 7.475336823352972715e+01 9.452020193297694561e+01 9.597693233848387706e+01 8.483709858826759387e+01 6.530368542642268892e+01 8.483709858826759387e+01 8.989464542436547845e+01 9.205953849383521970e+01 9.550902297410088693e+01 8.721312567295450435e+01 9.550904389471686784e+01 1.013927921590627079e+02 9.552663482846445220e+01 9.220684028028598789e+01 9.004765262456510300e+01 9.032828676362890974e+01 9.032828676362890974e+01 9.853213734350141806e+01
7.088086927529856496e+01 5.467273662490526931e+01 5.831429929485639008e+01 5.349556773890828509e+01 4.614388678269925492e+01 2.615278013925331635e+01 4.614957118727356544e+01 5.827435158185645037e+01 5.827515363347642108e+01 7.831438988588996608e+01 6.920032066077156685e+01 4.904445227338079150e+01 5.494796944313566200e+01 4.383995868812416319e+01 3.223129675237273517e+01 4.117298371926529654e+01 5.271657649006846214e+01 7.269197719280545300e+01 6.891180711951007254e+01 6.891180711951007254e+01 8.885614430042700462e+01 8.776220675986974129e+01 6.816040588112294074e+01 5.840838595153497437e+01 7.793099413503810524e+01 7.027378096502604876e+01 7.241592918180697325e+01 9.205953849383521970e+01 9.474074483484862697e+01 8.654730511728608633e+01 8.833724958885269984e+01 9.220684028028598789e+01 7.256012247430699347e+01 7.041512946304493425e+01 7.069443459684246989e+01 7.069443459684246989e+01 9.032828676362890974e+01
5.104555488211823189e+01 4.441786664207761248e+01 3.842252316498917253e+01 3.357676080277276753e+01 2.908640682760753648e+01 2.466022254243396361e+01 3.626607924795084870e+01 5.037497041852909518e+01 7.031895756287175914e+01 6.764289376109789487e+01 5.923732144062269356e+01 5.491051743755810577e+01 3.483650518811979424e+01 2.969859502134561779e+01 3.677130996633830762e+01 5.674111018534947704e+01 6.942273749613062250e+01 8.094826926454734917e+01 8.885614430042700462e+01 8.885614430042700462e+01 9.710419302765177463e+01 8.560249740396010054e+01 6.602257763643603994e+01 5.217434414358028505e+01 6.623879505045032090e+01 5.645699074837996534e+01 7.027378096502604876e+01 8.989464542436547845e+01 8.337492801764038575e+01 6.690029312274444351e+01 6.868188345543643436e+01 8.260826050463279557e+01 7.616536236525222137e+01 5.651194953312672453e+01 5.679347069693009331e+01 6.560689052772538332e+01 7.690460285514728866e+01
7.088078086897263574e+01 6.429012664803451571e+01 5.831429929485639008e+01 5.349801554410895221e+01 4.333202725350041362e+01 2.320905809658805552e+01 4.333202725286587054e+01 6.186966288680740433e+01 7.011313501060919862e+01 5.922069601735970679e+01 3.908809703822075932e+01 4.477711955569962043e+01 2.726953085523276243e+01 4.141458936258847956e+01 5.673982735970866287e+01 4.941449530248480215e+01 6.353173147805919996e+01 8.339125177056421023e+01 9.310640382040750751e+01 1.012233919828793489e+02 9.179292526995536150e+01 8.359103805280635413e+01 6.686163903224276339e+01 4.720379322694088842e+01 4.657196730043518329e+01 6.623879505045032090e+01 7.828192886056700672e+01 9.218157589899502113e+01 7.456525860448921605e+01 5.551630723896397512e+01 5.474648463178952795e+01 7.275763517683922998e+01 6.873707054132509597e+01 4.899274779607075203e+01 6.873707054132509597e+01 8.461328597017197239e+01 9.340327432021869924e+01
7.558233500888718481e+01 6.730135429946379588e+01 6.990002019291642910e+01 5.609366121478132072e+01 3.611855456465939085e+01 2.171424367886682560e+01 4.196903276462631993e+01 4.190561572420904923e+01 6.186966271715179033e+01 5.090896089054812990e+01 4.252404549517159182e+01 2.492558276901903724e+01 3.481357146519917478e+01 5.423173447471666009e+01 6.961313017754893906e+01 6.934845030062200522e+01 7.756020940396324193e+01 7.908177609099843153e+01 7.327258507824332412e+01 9.310640382040750751e+01 8.359103805280635413e+01 6.400601740694779096e+01 6.974233714444123677e+01 6.030902350983917160e+01 4.055490233885181084e+01 5.049609732643487092e+01 6.438228182213916284e+01 7.866956199885956380e+01 6.639945000418948950e+01 4.662747591212445997e+01 4.480277034159610139e+01 5.588324572720082983e+01 5.902142049482780095e+01 4.482579228065187493e+01 6.462009465314463341e+01 7.913167338931573624e+01 9.048683310684457126e+01
5.883203984047363377e+01 4.727011390607101760e+01 4.986949292427676284e+01 5.075523402891864322e+01 4.061000740052304536e+01 2.022215073437559951e+01 2.765815312022034433e+01 4.690790838900154824e+01 4.873465457206629736e+01 4.046806988281829121e+01 2.267373964686417409e+01 3.628375350059528159e+01 4.390834153926711281e+01 5.370449844062432021e+01 7.255001547520288341e+01 7.638701161921291316e+01 7.014138499635254220e+01 5.909045385793659477e+01 7.327258507824332412e+01 9.310640382040750751e+01 8.103804098747474427e+01 6.147330802408966832e+01 5.012519991175049938e+01 4.349178520768872858e+01 3.718017547090121155e+01 5.284351080288530511e+01 5.900945986200384397e+01 5.900945986200384397e+01 7.018917680053814934e+01 5.651346295815691434e+01 3.665233468744335710e+01 3.601766137971934967e+01 3.917385375357810062e+01 4.494226107153021132e+01 5.125434424915035692e+01 6.267248585109295789e+01 8.230380844848808408e+01
6.990002019291642910e+01 4.986949292427676284e+01 3.581204800202449690e+01 3.085920910357379654e+01 2.644102511747351159e+01 3.236450784032996353e+01 1.833862737787672614e+01 3.846373616113649518e+01 3.829181684505941519e+01 2.046486881507972555e+01 4.046806988281829121e+01 5.056767313025392241e+01 6.145530452082964956e+01 6.941072223894410342e+01 7.048392959468731078e+01 5.640715802856234973e+01 5.007005762998230125e+01 7.014138499635254220e+01 7.908177609099844574e+01 9.885414516792182837e+01 8.923184771168610041e+01 7.664994274130827989e+01 5.707179463715461054e+01 4.719964182393873386e+01 3.967106732926492896e+01 3.302018484439335566e+01 3.925106342587136510e+01 5.729669436586208064e+01 5.619623584092897062e+01 4.220329488131989137e+01 3.166508212246591825e+01 5.154822351046895790e+01 5.902129682610178918e+01 6.473512908915520825e+01 7.096965903810779253e+01 6.521777396744762711e+01 8.485593806761912106e+01
6.990002019291642910e+01 4.986949292427676284e+01 5.573629399968189801e+01 4.230862582750054202e+01 4.641355419318996667e+01 3.748551263777054743e+01 1.723128871830296305e+01 3.614131966637249604e+01 1.828981745824701122e+01 3.829199045682704394e+01 4.874242126651095219e+01 5.743544079361180366e+01 6.081769356108380720e+01 6.416732460201957622e+01 5.590163048997434458e+01 4.214933060342794136e+01 5.640641157183301857e+01 7.636834797761054006e+01 7.972233367026998963e+01 8.818068132734640585e+01 9.633931429708010796e+01 7.664994274130827989e+01 7.501408618703942466e+01 6.686085161615281436e+01 5.942961506289069007e+01 4.913026164393864548e+01 2.928554003075212364e+01 4.564926720346989697e+01 4.461886662325491670e+01 2.811323014024986122e+01 4.800556178975034527e+01 4.791954815828876946e+01 6.769429835101533399e+01 7.389499500761114348e+01 7.961271636742947067e+01 8.485593806761912106e+01 9.304557281118377432e+01
7.817779534351635107e+01 6.990002019291642910e+01 7.057645953717053544e+01 6.229350337786412695e+01 5.043418030649870332e+01 3.033878569491938748e+01 1.619620798552145402e+01 1.614035027639068431e+01 3.614095142976477604e+01 4.656128814035945851e+01 5.158595628800939892e+01 3.748782048076071760e+01 4.080472726118493654e+01 5.023488351923757733e+01 3.585074086110883229e+01 5.590733845515642031e+01 7.048676124779878194e+01 7.644398708449220692e+01 5.957902845783331003e+01 7.650410543892763826e+01 8.660798330381142307e+01 8.711256330092744804e+01 7.726823100396568123e+01 6.910079261380541027e+01 6.212126619740264033e+01 5.729669436881033562e+01 4.564926720346989697e+01 2.578661984994215217e+01 2.471619664713231757e+01 4.461886662325491670e+01 5.619623584092897062e+01 6.769431341006344383e+01 6.814872620437448347e+01 5.430310140072780456e+01 6.004136731903475521e+01 7.609227530946901652e+01 8.712463062813826298e+01
8.103645682575492515e+01 7.104032429406034055e+01 6.277386748286738793e+01 5.607048494431709429e+01 5.027271050907670258e+01 4.125997950573307804e+01 1.922111752368830651e+01 1.463336178285619305e+01 3.329938133168832337e+01 3.605466659576863009e+01 3.887608758750165805e+01 2.366010193294957631e+01 2.692902590048039713e+01 3.036517133332933582e+01 5.023488351923757733e+01 6.416732460201957622e+01 6.791633682135989147e+01 5.953912777551073532e+01 4.805094604418692228e+01 5.802990108565133909e+01 7.815528088135043561e+01 7.893299842042502235e+01 5.926858680718575556e+01 4.935971077976932264e+01 4.231207534035134188e+01 5.326232673027581654e+01 4.881832215317312773e+01 4.227331465807193922e+01 2.235747722776438096e+01 4.227331465808398292e+01 6.024996611670304958e+01 6.013108818999350547e+01 5.198457938007095436e+01 4.028518907309300090e+01 4.841395032513788976e+01 5.980614510963364694e+01 7.917797139375950621e+01
