LEM/with_lateral_4open/elevation_000251.asc
nrows	100
cellsize	150.0
xllcorner	0
ncols	100
yllcorner	0
NODATA_value	-9999
[rows 0 to 16 of 100, columns 0 to 36 of 100]
8.271705653423140625e-02 2.127631151761726416e-02 9.425194436011796739e-02 4.939197167322698090e-02 3.975871534419905817e-02 6.171646774684565184e-02 1.696294146011132625e-02 1.936121709489252440e-02 4.216450047424835645e-02 2.297044857093000214e-02 6.704298068806634203e-02 4.162315340452049650e-02 3.835349583220235004e-02 2.777463300387698203e-02 2.207885817162396139e-02 7.161913568127860341e-02 9.025521335945362045e-02 3.502399586135773735e-02 8.040414306008919487e-02 3.131346976591601466e-02 7.604099264847130613e-02 2.387740603804927586e-02 5.687112022313325910e-02 4.074439634684711570e-02 8.709178300582484655e-02 7.612946965408906586e-02 1.077918208624280109e-02 9.929772718869623455e-03 4.600412614040166881e-02 2.152795518990661267e-02 2.378824418737431057e-02 9.511189423522797837e-02 9.406546861214974686e-02 1.749038473908382007e-03 2.223905489293687143e-03 6.269637160239108220e-02 9.476101746191394060e-02
7.813061968023242432e-02 2.002127631151726206e+01 2.009425194435976181e+01 1.419152759540430253e+01 1.003975871534428599e+01 2.006171646774648920e+01 2.001696294145975585e+01 4.189649498956265816e+00 1.982334556303691286e+01 1.152989326776953050e+01 1.984287296161027214e+01 2.004162315340416356e+01 2.002699995882864314e+01 2.135959739782800515e+00 2.002207885817126964e+01 1.161862451947369301e+01 2.009025521335909659e+01 5.808526687757639806e+00 2.008040414305973442e+01 8.975585379765151472e+00 1.421817661637929575e+01 2.002387740603769473e+01 1.160387650401554893e+01 2.004074439634649352e+01 2.008709178300546938e+01 1.092786605204787875e+00 2.001077909182690817e+01 1.000992977547271323e+01 2.004600412614004767e+01 1.419295290080232697e+01 2.002378824418702052e+01 3.338233071824589171e+00 2.009406546861179521e+01 1.414388466220498408e+01 1.414435952922036854e+01 1.420483199533346585e+01 2.009476101746155763e+01
2.526786264046545702e-02 1.416740348637129010e+01 3.416740348637058133e+01 3.419152759540500597e+01 2.418189433907548747e+01 3.832402996971150344e+01 2.845761476340251050e+01 8.453663840726946432e+00 2.845759999281824904e+01 3.120738280293633338e+01 3.852569858519765233e+01 3.319777116745046897e+01 1.320022737649389022e+01 4.255955499795529562e+00 2.425677058894307336e+01 2.576076014319827934e+01 3.183875357931332317e+01 1.183875357931296612e+01 3.183875357931332317e+01 1.897558537976532733e+01 3.421817661637858521e+01 3.988814775142628832e+01 3.160387650401519366e+01 2.323036754179929630e+01 2.536162278178849760e+00 1.964664836122654279e+01 2.809089011424689275e+01 3.000993635910559476e+01 3.001000253983430355e+01 3.414339062693743188e+01 1.016761842877965094e+01 6.630260310441717486e+00 2.076965568668884643e+01 3.414388466220568574e+01 3.414435952922107020e+01 3.420483199533416752e+01 2.589781046596809233e+01
4.163169627051844027e-03 2.000416316962434138e+01 3.379657370346646417e+01 4.208084489654093119e+01 4.418189433910530539e+01 4.479764509978629405e+01 2.478527674691724414e+01 1.400067173365791895e+01 2.467810790077406224e+01 4.419009970585209146e+01 4.952222443150248665e+01 2.952984722538984386e+01 2.646529094734966137e+01 6.464586021292469731e+00 2.646534019943272398e+01 4.576076010894500001e+01 3.890982139117927119e+01 1.890982139117856775e+01 3.890982139117927119e+01 3.311772100349677572e+01 4.725985662722823122e+01 4.439750473377468154e+01 3.600833947147670244e+01 2.357483595832323431e+01 3.559451298372149353e+00 2.336860884860342580e+01 1.910646760213732875e+01 3.854978975527883023e+01 5.001059743745211961e+01 4.164454305870001605e+01 2.167442890777157771e+01 1.011059998928816661e+01 3.010907318207198813e+01 4.905392693442580310e+01 5.153204264979154914e+01 3.141889077411910591e+01 1.692734071284030506e+01
5.883922493566802470e-02 6.725505891602305830e+00 1.379657370346771827e+01 2.534357908726002861e+01 4.534357908725804265e+01 5.309443204836519925e+01 3.402375966678656738e+01 2.107220702689179959e+01 3.374839173299361761e+01 5.180315794470858748e+01 5.777219190654253111e+01 4.407449310781723284e+01 2.871561372136494583e+01 8.714761823144536734e+00 2.866888647987915562e+01 4.075591204446605786e+01 4.719409263864147164e+01 3.045682677497128665e+01 4.719409263864147164e+01 5.311772100349747916e+01 5.022240342766927057e+01 3.012068140438318764e+01 1.597553821561632148e+01 1.063046324959781685e+01 2.355987067203723484e+01 5.046039590866476132e+00 2.504042926750311793e+01 3.854979213203840516e+01 5.762611724367432942e+01 4.994034981372497128e+01 3.388871791216464402e+01 1.388871791216393881e+01 2.803085353589514028e+01 4.803085353589584372e+01 5.346816436810038908e+01 3.251658861774158282e+01 3.531771112045551320e+01
1.256007409845548775e-02 2.001256007409810067e+01 3.379657370346671996e+01 4.208084494994210445e+01 5.362785033407747903e+01 6.236199597128729977e+01 4.949661493862272721e+01 3.002424948631419355e+01 4.930009984269258894e+01 6.073927937806637090e+01 5.224844571537062876e+01 3.578719835199918720e+01 1.578582963729786748e+01 2.857334214798196115e+01 1.239706029473502191e+01 2.654799630861853288e+01 4.674851694200219043e+01 5.045682677497199364e+01 5.874109802243418699e+01 6.031422814777221220e+01 4.013057870756620105e+01 2.597444618344292167e+01 3.600833947147667402e+01 3.065433863641288781e+01 2.610012030768454494e+01 6.106037470872831996e+00 2.103771455784586664e+01 4.132518538706217726e+01 5.304116093999471104e+01 4.951820620059606171e+01 2.951820620059535827e+01 1.797120081680263937e+01 3.211333644053409131e+01 5.211333644053479475e+01 6.180892465696068427e+01 5.313381765286715819e+01 3.887635974009849349e+01
9.594114293757748102e-02 1.009594114293766509e+01 2.423807676666886834e+01 4.423807676666957178e+01 5.514563059469154638e+01 6.342990359634455899e+01 5.850210290670919022e+01 4.424164862431295120e+01 5.850210290670919022e+01 6.225575904628390589e+01 4.395310828264943126e+01 2.395079567081286953e+01 3.578719835199918720e+01 3.505949388038067127e+01 1.509385974458029445e+01 3.509303938055056449e+01 3.558463940088217470e+01 4.972406611520190012e+01 6.972546936256723882e+01 6.031422814777221220e+01 4.013057870756620105e+01 4.604223275951045480e+01 5.036112106213206374e+01 3.062291735337307585e+01 2.680395995220860428e+01 7.172041052638459036e+00 2.286738985800053214e+01 2.495532952326236398e+01 4.474930882228103712e+01 5.780247744902123941e+01 4.313517861174666024e+01 2.313517861174595325e+01 3.430113243535773648e+01 5.430113243535843992e+01 5.913706263006378094e+01 3.979017194097694698e+01 2.593392020242445994e+01
7.711341127313005306e-02 2.007711341127277649e+01 3.838021239040056543e+01 4.100349514811730955e+01 3.514563084522897896e+01 5.514563059469154638e+01 6.553541805403760634e+01 6.443276197091515201e+01 6.810692688658681959e+01 4.809365706733194656e+01 3.395080848162318432e+01 4.395310828264943126e+01 4.009276593260618426e+01 2.009385972438357726e+01 2.141841456706606195e+01 2.403811286031455907e+01 4.403666280698774216e+01 5.191149517013631254e+01 7.191573455450715358e+01 6.881624135280530652e+01 6.031422814777221220e+01 5.675762946303204615e+01 4.264343520554717770e+01 3.070008203866295915e+01 1.070756560992740525e+01 2.716575587402472181e+01 8.850403733883281276e+00 2.884454214096908231e+01 4.590544402682873226e+01 5.608916753953600676e+01 4.868218057399904808e+01 2.868218057399834109e+01 4.282431619772979303e+01 6.258540368416932864e+01 6.123770530488562969e+01 4.191005514128137577e+01 3.185624725687950232e+01
2.297228869525369793e-03 1.414443285260034955e+01 3.414443285259963545e+01 2.100349522176693640e+01 3.886875625612854179e+01 4.553542265632822250e+01 4.553542266046681419e+01 6.276393172443533786e+01 7.431091337317947421e+01 6.225575904628390589e+01 4.549804005492059389e+01 5.528962930876348025e+01 3.529202202467109117e+01 2.374534338699551128e+01 2.808507261218553452e+01 4.403666280698774216e+01 5.232715137253837412e+01 7.191573455450715358e+01 6.956353533154013746e+01 5.968854148080547617e+01 5.149530051031705824e+01 4.448658156555037380e+01 2.852924040500110436e+01 1.438981105938673544e+01 3.070008203866295915e+01 3.004154790799315222e+01 1.004777232815634846e+01 1.760706643489456980e+01 2.760745565347849961e+01 4.768804631403975236e+01 5.534884724066596817e+01 3.534884724066524342e+01 5.534884724066596817e+01 7.110858744836133383e+01 6.923240877680011351e+01 5.745334113373335327e+01 3.808195070349337641e+01
9.647730019007895452e-02 2.009647730018972211e+01 2.617186274582285321e+01 1.283852941248981949e+01 1.886875630404498594e+01 2.553542297071153655e+01 3.447969488071037603e+01 4.602670026447512441e+01 6.602669893663758671e+01 7.381687500091409504e+01 6.550838766010940617e+01 6.358448472003557583e+01 4.766600169842388368e+01 2.766766583729681983e+01 4.766600169842388368e+01 3.808472208816165505e+01 4.962956715390055962e+01 6.962788758024487379e+01 6.137978204530226378e+01 4.163283486742022887e+01 3.166581661328988773e+01 2.459848783347017331e+01 1.827479941023104004e+01 3.438070370730951453e+01 4.264342999841412762e+01 3.125829007116329095e+01 1.126493327733384398e+01 3.123068656868544224e+01 4.526151652569459571e+01 5.601565291825365733e+01 6.363311848470146259e+01 5.534884724066596817e+01 4.949098286439669181e+01 6.949098286439966898e+01 7.100132038004747415e+01 5.184158438716084305e+01 5.184158438716084305e+01
3.582433992925927735e-02 3.085795746581358578e+00 6.171862745823210261e+00 1.053622055054302109e+01 3.053621959648974027e+01 4.256014135602165993e+01 4.833364446474998033e+01 5.500031114225021156e+01 6.328458208619599645e+01 7.328458193797247588e+01 7.335468330849708707e+01 5.335307332912727674e+01 4.180871263143755101e+01 3.225597857016114034e+01 5.225382151297858968e+01 4.962956715390055962e+01 6.637800306710236953e+01 7.793271464515269997e+01 6.956353533154013746e+01 5.968854148080547617e+01 4.272977116169283818e+01 2.274655079030074845e+01 3.826368851474899202e+01 4.652372291723742848e+01 4.662206411251542448e+01 2.662994781266101185e+01 1.248891251993873830e+01 3.238393167479468815e+01 4.364364422170246627e+01 4.998789587410959001e+01 5.824094787844843779e+01 6.716442574627147621e+01 6.949098286439966898e+01 7.777525411736597505e+01 7.900935083454133689e+01 7.100132038004747415e+01 7.100132038004747415e+01
1.813270376062421294e-02 2.001813270376026921e+01 2.617186274582285321e+01 2.467835617424431405e+01 1.739616395624349821e+01 2.256014175118681209e+01 2.833364444308316976e+01 3.500031110975007209e+01 4.500031110975042026e+01 6.500031117475035103e+01 8.166323327824183309e+01 6.379899668074217800e+01 4.380216670789310029e+01 3.828617343630867964e+01 5.828313110804988639e+01 6.962788758024487379e+01 7.793271464521743042e+01 7.687085689742582417e+01 6.691256004170524818e+01 5.867475171885261886e+01 4.597103248903885486e+01 2.599055588156156205e+01 4.012579171738246231e+01 6.008268835953577280e+01 4.782546010059543562e+01 2.786250171121885444e+01 1.372216296854366391e+01 3.365999711755200252e+01 2.367954146018552919e+01 3.000375261728410692e+01 3.894591103384776432e+01 5.308002758636805396e+01 7.302252300776027027e+01 8.463926909795254971e+01 9.285459446145453910e+01 8.530293098511138794e+01 7.417878207277910008e+01
2.372884694381488524e-02 1.157073423073643248e+01 3.157073423073678953e+01 4.467835606277495231e+01 3.739616394562629154e+01 4.256014176659886772e+01 4.833364446474998033e+01 5.500031114225021156e+01 6.328458208619599645e+01 7.328458193797247588e+01 8.013554016271979208e+01 6.012744231690201246e+01 6.379899668074217800e+01 4.584509270516924317e+01 5.828313110804989350e+01 7.829177624793138079e+01 8.270686615150512466e+01 6.282033268532247661e+01 4.870453995443108397e+01 3.870965344665761876e+01 3.115326973685795764e+01 3.753330873415168867e+01 5.422203376233701277e+01 5.725447708734480301e+01 3.728822172669509172e+01 2.315009150028057405e+01 3.371471356355522175e+01 1.551459336005166989e+01 3.550652422928313001e+01 4.998789587410970370e+01 5.824094787844843779e+01 6.716442574627147621e+01 7.057130389099205559e+01 6.474416190727623643e+01 8.463926909795254971e+01 7.729353685786074379e+01 5.805444232716099151e+01
8.175220331382776484e-02 2.008175220331347077e+01 3.985500547819732731e+01 4.126757809124799792e+01 4.955184933871367292e+01 4.890380755755281683e+01 5.718807880501734076e+01 5.349212223496433438e+01 4.982205385351873161e+01 6.396418947725018000e+01 8.396418947725159398e+01 8.013554016271979208e+01 7.414079567309818231e+01 6.584079691044560434e+01 5.998211776869920442e+01 7.998489955204199475e+01 8.546320846423948581e+01 7.398071315553922034e+01 5.760687373256794075e+01 3.763965912063031283e+01 4.269486871693422358e+01 5.749711744703521532e+01 6.573536234679563961e+01 5.576652297922587564e+01 3.579642896254232909e+01 4.313632654314173465e+01 3.681063188030312006e+01 1.681923290398457738e+01 3.681063188030312006e+01 4.811426598518379194e+01 6.805700108094742973e+01 6.164960614545530859e+01 5.062178125726519795e+01 6.215800596065341921e+01 8.206408259344182454e+01 7.978839916142904087e+01 6.056463235105843523e+01
9.124702163186203252e-02 2.009124702163150644e+01 2.638723937412156673e+01 2.126757809124729093e+01 3.343447947099634376e+01 2.890380755755210984e+01 4.194511685117141297e+01 3.349212223496363094e+01 5.349212223496433438e+01 5.657547412322182367e+01 7.657547412322324476e+01 8.229680582949730194e+01 7.396358193123445801e+01 8.229680582949730194e+01 7.998489955204199475e+01 8.829947357749716730e+01 7.724615604825828541e+01 5.733695398402208809e+01 4.580121586448343862e+01 4.658002434393023350e+01 6.264941863019846835e+01 7.088261546555200709e+01 7.568652800907612743e+01 5.576652297922587564e+01 5.576652297922587564e+01 4.936659780923635310e+01 3.812219379366409555e+01 1.813227097976078994e+01 2.813195211245839289e+01 4.811426598518379194e+01 5.381749032639704922e+01 4.168155044840693790e+01 6.164960614545530859e+01 7.879937818436536645e+01 9.028022674267175773e+01 8.780844031749677470e+01 7.668620228947261808e+01
2.239863785106879432e-02 3.184676298019454510e+00 6.387239374121210567e+00 9.720572707454572026e+00 1.343447947099564210e+01 1.735680217375939094e+01 2.194511685117070598e+01 2.901618466303630584e+01 3.657547412322111313e+01 5.071760974695256152e+01 7.071760974695398261e+01 7.225917672267681269e+01 5.390610339562436337e+01 6.793484674176330884e+01 7.626264377435973074e+01 8.786083907996416542e+01 7.834033681666186055e+01 5.843575332908998377e+01 5.992339260864568473e+01 6.070056259783587649e+01 6.652778228238868508e+01 7.701083705404869306e+01 6.876338124134395002e+01 6.661806186072512048e+01 5.255188417276222879e+01 4.113002937961250893e+01 2.125568301198605781e+01 1.979889610167674618e+01 3.978897522136451670e+01 4.675445206373366602e+01 3.384020132115981738e+01 5.381749032639704922e+01 6.512822679218263033e+01 7.266509931468934269e+01 8.087814010348755289e+01 9.491180337794304478e+01 8.146319407071101182e+01
1.766589122093755945e-02 2.001766589122058093e+01 2.638723937412085618e+01 2.126757809124688237e+01 3.343447947099492978e+01 2.890380755755210984e+01 4.194511685117141297e+01 4.194511685117141297e+01 5.657547412322181657e+01 6.485974537068759105e+01 7.353245813260986097e+01 6.393484266342940003e+01 4.389703485477107847e+01 4.788881201272714350e+01 5.945117864409009201e+01 7.952375288046054891e+01 8.655684983201246041e+01 7.252687483703952864e+01 7.982204472522883520e+01 8.059593507576360594e+01 8.640515961540323531e+01 6.876338124134395002e+01 4.880328177557577618e+01 5.464945955594131277e+01 3.848570648480112766e+01 2.445772985854841508e+01 4.113002937961250893e+01 3.978897522136451670e+01 2.218087884240142671e+01 2.676975844283830952e+01 4.675437260117855232e+01 3.884683241686218480e+01 4.516816824715299106e+01 5.272440895694064267e+01 6.684447682903230259e+01 8.475258123942099076e+01 7.348477772612879733e+01
