LEM/with_lateral_4open/elevation_000471.asc
nrows	100
cellsize	150.0
xllcorner	0
ncols	100
yllcorner	0
NODATA_value	-9999
[rows 68 to 84 of 100, columns 37 to 73 of 100]
5.338706418821395516e+01 5.936925993691321679e+01 7.610987232250361956e+01 8.763803142937857160e+01 8.049900752885947952e+01 6.684523766316978310e+01 4.679152394199927301e+01 4.732078359988944527e+01 5.008605041721362028e+01 5.298993571841604933e+01 5.598599847276233987e+01 6.755119441535379110e+01 8.746216453826247061e+01 9.818504654622725525e+01 8.410280360724124193e+01 7.586319276736425365e+01 6.273008083806033852e+01 7.429850055840660161e+01 9.422282428310883517e+01 8.739266073001488166e+01 1.014189607139422549e+02 1.085162468347115379e+02 9.889570015233366007e+01 9.060506483367056774e+01 9.889570015233366007e+01 1.049377777158945548e+02 8.572480001791983284e+01 7.454008059520423046e+01 7.538769853541469956e+01 9.175307958223683613e+01 1.037258337204389704e+02 9.051485249599798522e+01 8.068422114570412873e+01 6.458308033505191759e+01 6.019823433359030673e+01 4.073752932128477511e+01 3.962342231489189714e+01
6.784856970011817623e+01 4.780981964061476219e+01 5.940100224594526424e+01 7.938809278098702293e+01 6.894587022524271447e+01 6.065843709809255557e+01 4.348239411316461656e+01 5.508581275126151411e+01 7.012303036519307398e+01 7.301312928521983281e+01 6.356341639307011349e+01 8.356172290886362930e+01 9.561667611987238047e+01 8.746339359066702457e+01 7.002056066825510072e+01 5.584285301610957220e+01 7.586319276736425365e+01 8.472870432017859343e+01 8.060323234276026483e+01 7.327890509296074129e+01 9.320663598856125986e+01 8.874974439660604730e+01 8.997346753883853410e+01 7.208694673115232376e+01 8.217476453481016563e+01 9.573638602258593266e+01 9.972439308911316402e+01 8.821625321003000408e+01 9.490026969960629799e+01 1.030435223939032170e+02 9.629263210821751784e+01 7.649373519387751230e+01 6.270962813144635817e+01 5.310590075034072299e+01 4.522012471034060610e+01 6.019823434164686660e+01 4.295315761920512898e+01
6.446245006695417601e+01 4.440932572390200050e+01 5.980155734110848442e+01 6.615068904805673355e+01 5.786904112613864726e+01 4.059723658738361252e+01 5.480147715956125865e+01 7.182459382068024922e+01 7.510605543791174910e+01 9.186840820427700294e+01 7.511727755503278559e+01 9.186856672530100809e+01 9.332039223670614092e+01 7.339289216713089559e+01 5.922667989667802857e+01 5.164972480460774307e+01 7.168866335490778852e+01 6.475477381446432901e+01 6.060677288251792305e+01 8.060323234276026483e+01 9.125201517603146328e+01 7.463357334967308532e+01 8.037420896689681626e+01 6.785986558081204123e+01 6.114638375735248843e+01 8.271210744981721064e+01 1.009689040914652054e+02 1.074345426699497210e+02 1.041392306699730170e+02 9.525325396820164769e+01 8.701188957945760194e+01 8.044214133122491717e+01 6.966362217662863543e+01 5.031749521648529111e+01 6.458308033505191759e+01 6.565978663529274684e+01 4.633280606852962080e+01
4.515327328628142567e+01 4.154457118578617525e+01 3.973910117719461965e+01 5.786877544416866925e+01 3.780588553894134662e+01 5.786905546902973185e+01 6.894587022524326869e+01 8.309026329092507979e+01 9.507291684095612538e+01 9.178797822774176041e+01 9.513387379466266225e+01 1.034253118945314185e+02 9.913024973543075191e+01 7.922952180541392408e+01 6.768087564484781637e+01 4.762415201305896773e+01 6.274325161285316454e+01 5.056138811491643992e+01 6.475477381360096274e+01 8.472870386430869871e+01 8.304668909174192493e+01 6.302026530951724226e+01 7.148442793016893404e+01 5.230559264702124977e+01 5.864741925516952392e+01 6.929075785827663481e+01 9.171331011288964419e+01 1.099782302656775812e+02 9.005290397783817014e+01 7.603930505718484767e+01 6.730264483475956183e+01 6.088994670756149930e+01 5.596185412023157824e+01 6.140031450125344747e+01 7.783244334021071609e+01 6.960292387850570606e+01 5.028557541521833230e+01
5.675013697100438037e+01 5.658989339662689133e+01 3.653438846351319569e+01 5.329312658091865984e+01 3.588385718696991233e+01 4.485429918467528410e+01 5.904583228748605706e+01 7.905451711461411435e+01 8.593251730978244041e+01 7.182681893414947183e+01 8.593251730978244041e+01 9.833070823628160895e+01 8.683390351789708461e+01 7.859924705206979922e+01 7.152589396083557460e+01 6.274325161285317165e+01 4.267401483098678483e+01 5.688169974821062169e+01 7.689417366129174525e+01 8.411408358102494276e+01 7.592447443725390599e+01 7.148442793016893404e+01 5.130053078879825534e+01 4.634538736617666643e+01 6.411065250731809328e+01 8.463646426814888457e+01 8.785333354005368278e+01 9.595865117491919705e+01 1.041392306699730170e+02 9.525325396820164769e+01 7.680646867803703515e+01 8.044214133122491717e+01 6.319768416432601299e+01 8.095151038023654166e+01 8.916893517864350827e+01 7.373392097822596725e+01 5.435782707761467947e+01
7.675858730445712297e+01 6.481430742215282237e+01 5.325944623833017744e+01 3.325125561090081305e+01 5.329332057131180278e+01 6.422280600128441108e+01 6.490565866321057342e+01 8.489859397620787718e+01 7.699561610061137173e+01 5.767159948532180636e+01 7.699561610061137173e+01 9.011462817192361285e+01 7.016940300381742190e+01 5.859278330591587292e+01 5.148816533183799748e+01 5.993299454449654462e+01 3.987505727921628562e+01 5.993299592064435188e+01 7.621222140401035006e+01 7.592447443725390599e+01 5.584858943799071795e+01 6.172868001595361420e+01 5.778046258071738350e+01 4.149687763754718617e+01 6.200379477895614855e+01 7.255101423865997390e+01 6.793928940068093425e+01 8.785333354005368278e+01 9.832164762536589819e+01 1.048646044663724552e+02 9.661902950970177528e+01 9.103365936683378834e+01 7.290840736359177754e+01 9.103365936683378834e+01 8.616885737471552886e+01 6.650749658871994541e+01 6.796938358767457089e+01
7.471732437001530513e+01 5.470057752439251431e+01 5.185057718999644294e+01 3.181338848156376642e+01 4.337887623201684306e+01 5.756271686829754231e+01 7.756907981334835256e+01 7.576490412076084624e+01 6.872827106636637495e+01 4.870162580286616105e+01 6.872827106636637495e+01 8.121566504296589528e+01 8.683390351789708461e+01 7.859924705206979922e+01 6.256475011490455529e+01 4.250462723589699010e+01 3.717140908486188522e+01 4.792609540677996449e+01 6.206869764707343506e+01 7.313546899126492917e+01 6.172868001595361420e+01 4.129020518345161861e+01 3.732310869359158545e+01 5.775166246037338169e+01 4.797629957139580625e+01 5.367407510822439320e+01 6.132292746242190162e+01 7.033715002621339352e+01 8.448486957295106947e+01 1.041165728591353883e+02 1.060451782514365675e+02 1.009466888542725940e+02 9.270048396732370577e+01 1.009466888542725940e+02 9.440373143887524066e+01 8.035468899366485118e+01 8.765074532756355552e+01
6.736497368787409812e+01 5.470075778154858170e+01 3.465341975217391735e+01 3.039307197193213028e+01 4.852080226662285156e+01 5.680864873502185475e+01 5.951776172032315060e+01 5.582389616523696674e+01 6.239528972955919528e+01 4.235676268748964901e+01 5.293825037348334916e+01 7.295103733080446773e+01 7.554758097500183567e+01 7.773385682680543596e+01 7.082904313273866137e+01 6.256474859580160341e+01 5.379297229479883669e+01 3.380052829115683011e+01 5.059162075845348028e+01 5.867370685837904887e+01 4.449822049843849925e+01 3.356816400866021155e+01 5.402228001045101990e+01 5.789868887698175115e+01 6.231846588759194816e+01 6.082405137643677762e+01 8.075579857846510379e+01 8.947217246648227729e+01 9.832164762536574187e+01 1.001846980661536293e+02 8.604237816462186572e+01 9.853253534910494693e+01 1.007632391690362255e+02 9.247866418423994617e+01 1.007632391690365239e+02 1.002055015341688176e+02 9.881558235192281359e+01
4.732226139090876416e+01 4.152538013515747650e+01 5.470073824094024673e+01 4.852031551920361352e+01 2.849180041967843380e+01 4.663944695748627112e+01 3.948405765628051967e+01 4.167094109859530704e+01 4.973640909637784802e+01 3.656893694321751553e+01 5.661066520531675650e+01 6.964542119535252596e+01 5.547312196473460943e+01 5.767123521974084355e+01 7.773385682680543596e+01 6.795687316842432324e+01 4.792609521854744514e+01 5.059162075845348028e+01 3.061673050617212866e+01 4.748400178883969147e+01 3.038773890952351664e+01 5.045706857278671720e+01 6.237176834795680236e+01 7.797202707449791603e+01 8.222807299108620782e+01 7.497934879922273410e+01 8.887270363190408773e+01 9.929402394622968586e+01 9.100949174125125296e+01 9.018237396516036597e+01 7.189709487411593614e+01 7.853014320566354911e+01 8.178593890586606108e+01 7.247440692295400311e+01 8.661965451243180780e+01 1.066235647959942412e+02 1.103054107285639560e+02
5.790751129327094304e+01 6.157914101790252914e+01 6.833947469992094170e+01 5.112456429665817126e+01 3.147418499206317577e+01 2.660826688872700529e+01 2.532458862402245003e+01 4.336217348366224655e+01 2.970040724703835266e+01 4.386983166566110981e+01 6.389957745712830928e+01 6.135279488019051541e+01 4.105627274762547074e+01 6.135279488019051541e+01 7.325843949836210811e+01 7.621130897687295658e+01 6.795687326373851533e+01 5.886795775117200691e+01 4.748400178883969147e+01 2.745488903234977229e+01 2.820289176899349215e+01 4.809802861775064287e+01 6.162965395549023384e+01 6.838070534871410189e+01 7.664179874341677134e+01 8.664771565982145773e+01 1.027660584642704720e+02 9.100949174125125296e+01 7.101512232230643917e+01 7.687103455013428288e+01 6.191908778265478475e+01 6.440423891335059636e+01 6.180655810439189679e+01 8.178593890586606108e+01 1.007632391690348754e+02 1.056863384857392134e+02 9.743313839740991966e+01
7.791601981694870460e+01 7.931389734981421213e+01 5.991751705393402005e+01 3.929627901173287796e+01 5.112456432342615642e+01 4.663936246185372880e+01 4.355324743746890448e+01 2.353124408858673533e+01 4.191177401298746474e+01 4.079341835166184893e+01 4.904987605808768336e+01 5.458506645227695486e+01 3.414669676910989438e+01 4.470589587221382288e+01 6.496700650058453164e+01 6.350589400911520954e+01 5.522251093941154210e+01 5.146288512101087775e+01 4.317030923664226805e+01 2.520279186259644533e+01 4.524393295093525325e+01 3.542184947869240119e+01 4.122870925767643513e+01 4.812755116904255459e+01 5.834670884572051364e+01 7.841470185170763330e+01 9.060799748362951789e+01 8.206027783498107908e+01 7.687133753956605631e+01 5.694076831890166801e+01 5.383472870456721182e+01 5.295222805881770967e+01 6.440423906000810916e+01 8.438922545896450345e+01 9.834191990937283379e+01 9.010188576045601394e+01 7.762263310772080160e+01
8.270691309589740570e+01 6.239417278220722096e+01 5.028455812873186659e+01 5.991751705393402005e+01 6.285818025582664603e+01 4.890785800780808756e+01 2.887273763854760844e+01 4.191845124878817330e+01 2.190031949019958901e+01 2.077821402574816290e+01 3.918358939369720417e+01 4.325284411304536292e+01 2.812467101055987939e+01 4.246300155848279445e+01 6.276046444658036449e+01 5.522251093941154210e+01 3.515800446081590280e+01 4.103476234723513016e+01 2.297576891395279475e+01 4.316955014215874797e+01 5.352452398886227769e+01 5.574040849898749173e+01 6.162965395549023384e+01 6.838070534871410189e+01 7.664179874341677134e+01 8.664771565985614643e+01 8.206027783498124961e+01 5.957257355285155143e+01 6.615906964376588917e+01 6.148522334711849879e+01 4.641928913217233088e+01 6.621802691167214050e+01 8.113304353511465195e+01 9.267421142429562053e+01 9.010188576045601394e+01 7.036075250076217458e+01 6.629005529281283771e+01
9.098678061914966975e+01 7.931389734981421213e+01 7.097934700780939465e+01 6.935486521255926107e+01 5.457678652998395563e+01 3.453410386253539599e+01 4.890785938266375155e+01 4.704969705778918865e+01 2.724024292675310477e+01 3.921108389378015602e+01 1.919882103075507729e+01 2.774222554249138639e+01 2.362837581092589545e+01 5.112539340724165271e+01 5.714972589132823089e+01 4.734480054292176732e+01 3.904362279868183094e+01 2.083524339014891424e+01 2.529837474043939949e+01 4.545232261861328737e+01 5.746826019230456239e+01 6.325320085627835454e+01 7.082285501335775280e+01 7.908115057666543635e+01 9.060389613510497497e+01 9.408555461191164682e+01 7.393068669327037412e+01 6.615906964376951294e+01 4.435379615435856948e+01 4.172213737483582463e+01 6.148522334711849879e+01 7.449129195959555716e+01 8.087087396175040510e+01 8.915678832231985496e+01 8.995885968655905174e+01 7.022016060349849909e+01 5.649963531274489981e+01
1.007598672173164402e+02 9.250704870725391515e+01 7.666108164143679460e+01 6.107896017719495063e+01 4.103791503802293050e+01 4.871197459478253933e+01 6.285851117765342622e+01 5.274109435850199645e+01 3.300866633793764748e+01 4.749950045804994403e+01 2.917505898557421062e+01 1.763178158458769929e+01 2.369678694761323712e+01 4.296066948116762774e+01 3.708621027491485478e+01 3.708621027491425792e+01 1.894654255043693070e+01 3.904362279464700691e+01 3.955166216289623549e+01 3.226129095100411348e+01 3.743854965022118364e+01 4.321372388620006433e+01 5.079543260291396223e+01 6.237904908100654922e+01 8.235730842157524023e+01 8.820879671690481416e+01 6.801649987642562678e+01 5.404861821650811748e+01 5.118895619942490072e+01 3.849525693993548714e+01 5.843219980205773112e+01 6.673484878140682497e+01 6.087951543366081353e+01 8.087087396175040510e+01 8.414971012773168013e+01 6.445035227281344703e+01 5.056356256812093619e+01
9.250704870725391515e+01 7.254574773341835225e+01 6.839210802546605805e+01 4.836422781257125791e+01 6.107896017719495063e+01 6.873569504471468861e+01 6.202503361784890501e+01 4.235862644506613606e+01 5.275420037029695663e+01 4.920122647339452726e+01 4.591717304484647855e+01 3.025676140577010997e+01 1.612168682544892206e+01 3.462326826017892500e+01 3.516663236458069264e+01 1.714530687097967387e+01 3.708621027491797406e+01 4.734480022106524189e+01 5.939501256893878889e+01 5.229663791312582788e+01 5.746830214472845455e+01 6.325320085627835454e+01 6.325320085635213729e+01 7.908115057666543635e+01 8.071492811562401926e+01 7.852703840326356044e+01 8.226475969443001190e+01 6.983628062560262606e+01 4.987160841578894122e+01 3.577189181049327971e+01 5.571912552176129196e+01 4.677434703788156867e+01 5.828669053593932858e+01 7.827524755990630467e+01 8.705363295992499673e+01 6.731419802497704552e+01 6.327050372053765415e+01
9.217520594503866960e+01 7.839227742734904325e+01 5.839193862213753050e+01 5.994082394773608513e+01 7.666107935277256047e+01 7.601563022400638658e+01 5.622993875234400463e+01 5.622993875234488570e+01 7.026154129548189076e+01 6.921362787390771132e+01 5.851734984982505949e+01 4.436004741840640264e+01 3.461829456386935533e+01 1.462395324737793878e+01 1.533466065044771653e+01 3.516663236460119890e+01 4.447232702746543964e+01 4.875232475111836550e+01 5.392585960081697039e+01 5.948255697838899181e+01 6.776111172904174396e+01 7.671066485468074347e+01 8.323144453915608665e+01 8.071492811562401926e+01 6.072894135885679390e+01 5.854335203938062193e+01 7.267935021272127472e+01 7.032567966801303783e+01 5.309992541791734766e+01 3.313753408936780431e+01 3.785621655007384589e+01 5.780824102870167991e+01 7.501815187799030582e+01 8.656115273422604162e+01 8.125076258850394595e+01 6.154148396987609004e+01 4.760460587792107390e+01
8.376470317912928465e+01 8.665280747536738204e+01 7.839227742723240056e+01 7.993677673185861465e+01 8.819634441087477228e+01 8.429313375445876488e+01 7.601563022400638658e+01 7.601563023680016329e+01 6.505598457251083744e+01 5.697455346719508640e+01 5.832784384038120606e+01 3.767679892987765555e+01 2.354098763736433853e+01 1.356888756519670025e+01 3.356801424526504718e+01 2.046933914424565515e+01 2.435689045169492317e+01 2.867735597608805875e+01 3.388884528619768588e+01 3.944759966162150278e+01 4.840969338928816512e+01 5.998711887615205995e+01 7.998848716410705606e+01 7.593204719960962734e+01 5.595178642386883183e+01 4.444181824447395002e+01 5.588775969746611594e+01 6.204523928690136358e+01 4.208777477552705903e+01 3.054283577799806793e+01 5.052279177891168160e+01 5.414271515556189485e+01 6.826090457468252737e+01 8.825814538546632093e+01 8.016149258598321126e+01 6.045773059023935048e+01 4.651796695947608384e+01
