LEM/with_lateral_4open/elevation_000639.asc
nrows	100
cellsize	150.0
xllcorner	0
ncols	100
yllcorner	0
NODATA_value	-9999
[rows 68 to 84 of 100, columns 0 to 36 of 100]
5.009162696260269221e-02 1.419222725069342772e+01 3.419222725069271718e+01 3.844686190482257615e+01 3.013142445097793143e+01 1.436439477161357381e+01 1.748787009124431790e+01 2.077585019012024503e+01 2.442733579016121581e+01 2.827634620324889525e+01 3.244667137780473354e+01 4.659056302921260340e+01 6.659018651992720095e+01 7.681656632985661304e+01 8.835906463394537980e+01 9.154056669745177999e+01 8.332672068427173429e+01 9.154056669745177999e+01 8.873200231101868951e+01 7.249211116077128736e+01 8.873200231101868951e+01 9.116452273182794386e+01 7.800461582228128066e+01 5.851359682759637337e+01 4.462319495966711003e+01 4.805081448965254509e+01 5.460956065345599342e+01 6.844019613351885312e+01 8.785982553430022790e+01 9.037463886703697824e+01 7.901115462940140333e+01 5.923198059447400254e+01 7.773632573156776004e+01 6.694754756211951019e+01 7.829549225007041002e+01 9.762388115844431979e+01 1.113357676040642019e+02
4.695337527364121244e-02 8.995088340765907020e+00 2.062600150949749178e+01 4.152351643321369323e+01 3.436251131288150873e+01 2.850694744678935066e+01 2.903517984903039917e+01 2.972029135368851982e+01 4.442845541664119935e+01 4.241975713129669145e+01 4.659056322156396845e+01 4.399505189242935899e+01 5.554422185026363223e+01 7.554073150786024371e+01 8.972155219461241416e+01 8.129843087373734534e+01 8.972155219461241416e+01 8.318870644083025923e+01 9.161032757536202098e+01 9.186763548928196599e+01 9.993586990035743156e+01 8.311374465264671585e+01 6.366494445981113870e+01 5.234912536598104538e+01 5.342788350508611472e+01 6.762190281586516960e+01 6.762190281576680206e+01 6.844019613351885312e+01 8.785982553430022790e+01 9.274579651039987027e+01 7.332210105771081032e+01 6.823946521700270296e+01 8.705639697158920853e+01 7.577200298714376459e+01 9.449735422004724228e+01 1.056749855559320963e+02 1.030423261443258838e+02
7.614146464036156137e-02 2.007614146464000626e+01 3.762851443540841956e+01 5.009994753206948559e+01 5.434545811897049816e+01 4.850773262580981537e+01 4.317857318529841137e+01 4.386386236976312603e+01 4.972164421141372515e+01 6.242010016394431204e+01 6.659029058302509441e+01 6.399581001307711148e+01 7.227612817729628603e+01 8.381836142263401257e+01 7.956333165468483060e+01 6.098976568032740175e+01 7.956333165468483060e+01 6.287191561706963228e+01 7.987792002274291292e+01 9.161032757536202098e+01 9.531607599717358426e+01 7.593936120906427334e+01 6.215527967841185841e+01 7.188497462589781151e+01 6.473861124215368079e+01 8.100759835165008838e+01 8.707060487712004715e+01 8.785982553430022790e+01 9.591783136363686424e+01 1.007906928854676494e+02 9.274579651039987027e+01 8.206809354279700131e+01 8.772566175767317986e+01 8.696744208928470243e+01 1.031573665662161972e+02 1.101770183217110457e+02 9.010705382840731659e+01
2.352828262072655108e-02 2.002352828262037221e+01 3.043428237287814753e+01 3.721181259262672114e+01 4.545395054346816011e+01 5.435218404205558329e+01 6.317801363326254460e+01 6.386358057894928919e+01 6.971957321923719064e+01 7.619707405636884801e+01 6.784919540262669102e+01 7.619707405636884801e+01 7.708413342021447079e+01 8.302231230274276186e+01 7.114409827703227052e+01 5.092334514921537192e+01 6.134729358962463408e+01 5.123578538958651762e+01 6.287191561706963228e+01 8.318870644083025923e+01 8.798218619912414340e+01 8.966348681667489018e+01 7.593936120906427334e+01 8.161466957338387829e+01 8.417954949464886738e+01 9.223153918358607939e+01 9.310576420465039860e+01 9.663134210821731074e+01 8.834294996745174444e+01 8.944635853017643967e+01 9.773435059312295436e+01 1.013842396720782517e+02 1.070644576870092664e+02 1.062451214649156697e+02 1.143267622501382590e+02 1.184635875084772323e+02 1.068870811101077294e+02
6.786455232800275850e-02 5.413075293316802927e+00 1.095989410583669255e+01 1.728287788079560627e+01 2.621349903451068286e+01 4.028805228810704619e+01 6.016417952001729219e+01 6.233200739454331796e+01 6.012476690244000821e+01 6.610924051996107664e+01 4.766437205206893424e+01 6.610924051996107664e+01 5.683874493377709314e+01 6.276848193369852424e+01 6.399498244834303762e+01 4.383743489138672089e+01 4.121294377940233744e+01 5.959619925589196754e+01 6.463580985475974217e+01 7.137663901940626943e+01 6.764462745411367450e+01 8.798218619912414340e+01 9.531607599717358426e+01 1.010040332540361163e+02 9.879581698434041925e+01 8.722070428139255682e+01 7.304889669822696874e+01 8.238491756588557280e+01 6.826757760181619972e+01 6.937549258124764151e+01 8.358266372609594441e+01 1.036025700518043493e+02 1.031191203912203491e+02 9.808019743246566691e+01 1.063638197520263446e+02 1.192178901506495521e+02 1.154575770984531289e+02
3.257643153035955086e-02 2.003257643153000345e+01 3.090973008960893154e+01 3.721181259262672114e+01 4.545395054346816011e+01 5.435218404205558329e+01 6.233200739454331796e+01 4.221499660656959918e+01 4.001715315433711595e+01 5.423880443933195039e+01 3.763896962583527994e+01 5.113284228521690977e+01 4.261496288396557475e+01 6.276848193369852424e+01 5.886645994921465075e+01 5.048728508950342331e+01 3.488708921514133721e+01 3.947575655966503660e+01 4.447736745928860813e+01 5.115415152546658106e+01 6.121770851327229224e+01 7.556839682319069595e+01 9.594159879257531998e+01 9.309996969129809941e+01 9.050829723787761338e+01 7.044269637895357050e+01 5.876631963170152062e+01 6.225228326990099958e+01 5.657558947265665950e+01 7.087538354695425369e+01 9.094086954531407230e+01 9.725252411271148389e+01 8.310300227660199823e+01 7.805583915479455470e+01 9.480713506672219637e+01 9.921918793671511594e+01 9.921918793671513015e+01
1.880098487986705744e-02 1.415385093317494380e+01 3.394870326346384815e+01 3.918566276528573411e+01 4.586643857519400314e+01 3.758294318389445010e+01 4.586643857519322864e+01 4.590653024044289054e+01 2.585853617359506629e+01 4.011432627200520784e+01 3.007470381263548731e+01 3.105084351801847120e+01 4.109247734008241082e+01 4.361849150642697737e+01 4.620783528074426982e+01 3.041488626311246080e+01 5.048728508950714655e+01 5.959619925589196754e+01 6.463580985475974217e+01 5.869550496947734786e+01 7.897697447343969657e+01 8.996114150431446888e+01 8.721280460451843908e+01 7.303799750335419105e+01 8.721280460451843908e+01 8.388508010710069129e+01 6.814899533005178967e+01 4.785720465925811595e+01 6.814899533253846187e+01 8.021875510522573904e+01 8.851872663942975805e+01 8.722926287865412576e+01 6.890246015988688555e+01 6.644364030813848387e+01 8.273095314404940837e+01 8.852011558734983510e+01 7.920305639289948374e+01
2.900726248362994752e-02 2.002900726248327601e+01 3.307531141812499698e+01 1.890370905625933773e+01 2.615787831530539265e+01 1.758266975801691601e+01 2.914964110622419824e+01 3.072796370540803323e+01 1.878725787947509573e+01 2.007272113752552656e+01 3.547624178703125608e+01 3.777163222815708821e+01 2.104911243839963930e+01 2.356887562280309467e+01 2.615086465121291326e+01 3.169792243612682725e+01 3.772878347064653326e+01 5.191725465261552586e+01 7.214092704571791614e+01 7.897697447343969657e+01 8.739888330745716871e+01 8.791855020795031805e+01 7.821391197984823407e+01 5.875580749126994107e+01 7.821391197984823407e+01 7.558115227426046090e+01 5.537974524755846062e+01 4.357826793797378429e+01 6.391786449003745219e+01 6.005556873984880184e+01 8.021875510522573904e+01 7.893402384961486007e+01 5.878814858514517994e+01 5.738113754515200782e+01 6.263072829705301103e+01 6.846586861721785056e+01 8.852011558734983510e+01
5.081304048347550645e-02 2.005081304048312063e+01 2.276334748046739875e+01 4.743510395788035794e+00 6.157723958161136935e+00 7.582664957919335258e+00 9.029814168504190164e+00 1.056827570696574092e+01 1.212057675837841941e+01 1.374815367592075255e+01 1.544453153528070821e+01 1.773868887399178007e+01 3.777483097930611677e+01 4.361849102098611297e+01 4.620783484120050133e+01 5.177668088079418851e+01 5.784063115606006278e+01 4.843885727771925076e+01 5.849519344874125437e+01 7.281864096346517101e+01 9.316781018971242645e+01 7.961631316993029372e+01 5.945372146496553967e+01 4.966289894414620676e+01 6.989898949820417329e+01 7.437339341829679995e+01 5.415105676725234218e+01 3.971460041540651531e+01 4.565653146753309954e+01 5.985050843278068555e+01 6.291829165314295835e+01 6.609182116680099739e+01 5.107250331312380354e+01 7.131959872196993899e+01 8.273095314404940837e+01 8.852011558734983510e+01 9.680609783151074055e+01
4.469920835086939326e-02 1.402387674955132280e+00 2.763215309834678557e+00 2.273920377064543530e+01 2.615518064133733844e+01 2.758283783987605275e+01 1.350194985007014559e+01 3.022645553393641293e+01 2.106542517669553405e+01 3.377789314223657158e+01 3.547649274180552936e+01 1.909601526613947442e+01 3.913407380801524482e+01 4.810304874998219304e+01 5.367431404435563991e+01 6.003853839738117415e+01 6.843124900345637229e+01 6.863698404353081628e+01 7.705129117090811519e+01 8.719995800647731699e+01 8.011719140737967848e+01 7.179958654620632785e+01 6.315362598018484164e+01 4.298756375954266673e+01 6.315362598018484164e+01 7.074135454225712749e+01 5.048419318701839131e+01 3.606473774516786079e+01 3.652744282758065708e+01 3.949046578960855669e+01 4.256890971030401971e+01 4.577133257574116953e+01 5.301998054084718603e+01 6.212082974443272576e+01 7.376600865274920693e+01 9.380990727937721374e+01 9.299771809226739094e+01
2.324776005098762310e-02 2.002324776005063356e+01 1.690536780113398052e+01 1.345366113762032079e+01 3.344896617497740010e+01 3.805366433954458927e+01 1.809026119443739589e+01 3.744098728282647670e+01 3.261815004857571410e+01 4.916306402501600559e+01 4.748440939465485400e+01 3.913410379807213957e+01 2.287566027989872097e+01 2.803965785261857846e+01 3.358687475297746516e+01 3.991309412694423031e+01 4.887359210297960033e+01 6.049753768801883069e+01 8.078296901152026521e+01 8.343805290086278603e+01 6.327963785241688299e+01 5.137979031008119790e+01 4.396956557235422025e+01 3.813526336360557423e+01 5.214380435077255527e+01 5.828290427121785910e+01 4.991366149331000202e+01 3.260132168894481453e+01 5.292692930807984197e+01 5.985050843278068555e+01 6.291829165314295835e+01 6.609119325032285985e+01 7.324096807914943952e+01 8.154647964199011767e+01 9.053036282008518754e+01 1.020960563690069307e+02 8.471267271678659938e+01
8.699724428260374731e-02 2.008699724428224798e+01 3.690470996384559044e+01 2.345362140769250558e+01 4.171488752615071149e+01 4.303825083803972262e+01 2.309023312293447106e+01 4.286479668343348237e+01 5.234319818948191738e+01 6.039338141824912043e+01 6.051973822021511040e+01 4.021258831453344129e+01 2.603793897287656378e+01 4.609393647019939522e+01 5.367431414083478813e+01 6.003853844460759603e+01 6.843124900345637229e+01 7.747618215924450169e+01 8.918971414921549012e+01 9.173338506366084744e+01 8.011719140737967848e+01 7.179958654620632785e+01 6.157383193114899456e+01 3.519177690473894415e+01 3.183247224185598512e+01 4.698472079041012250e+01 2.962136035269195133e+01 4.991366149331000202e+01 5.292692930807984197e+01 7.316347093281167702e+01 7.789271714408796754e+01 6.957595904970588663e+01 7.630774232892943587e+01 8.461051527235136405e+01 9.464723303902619023e+01 9.144280096471919705e+01 7.763962331212798063e+01
2.249585233037712170e-02 1.416463147606145334e+01 3.416463147606215500e+01 4.344436846439034383e+01 4.344436846439034383e+01 4.303825083803972262e+01 3.721444689890583390e+01 3.251519996005237090e+01 4.661294077661282387e+01 6.644893432611634410e+01 6.089278754537783556e+01 4.092443099128995954e+01 2.937127711030647959e+01 4.944231818877019435e+01 6.001514688744332915e+01 6.540870068175603080e+01 7.383271604225173235e+01 7.447621180494427051e+01 9.485507793245280084e+01 8.920265481865411061e+01 8.092590998224581256e+01 8.092590998224581256e+01 7.051381021014394435e+01 5.900095439024174482e+01 4.698471254045319512e+01 2.672670040677834180e+01 4.698472079041012250e+01 5.828290427121574879e+01 6.486250699350537730e+01 6.964044115528599832e+01 6.130046483188228734e+01 4.930519887038782656e+01 5.611250506638991453e+01 6.625910826434096634e+01 8.635640851675525198e+01 8.315755863655189728e+01 6.315101981296336220e+01
2.739267172789772165e-03 2.000273926717243356e+01 2.996245008736740445e+01 4.966395226758329073e+01 6.340131827530952080e+01 6.290394160139113211e+01 5.709815729249860539e+01 4.661294077661282387e+01 4.661294077661282387e+01 6.644893432611634410e+01 6.907222610745759539e+01 5.766194206713711168e+01 3.831819544029451663e+01 3.502833770399822555e+01 3.987976351948716314e+01 4.522787028630335726e+01 5.420064054675979293e+01 6.850673428707618484e+01 8.888780538886288696e+01 8.092590998224581256e+01 6.102224035330913665e+01 6.102224035330914376e+01 7.097407516777737158e+01 5.955937911494661563e+01 3.927303967595004508e+01 2.497649114043002072e+01 4.521476962519319898e+01 4.713115697811555549e+01 4.457334629208713750e+01 5.411039217968556159e+01 4.096389920482717883e+01 6.130046483188228734e+01 7.630775839054810206e+01 8.461051527235136405e+01 9.464723303902619023e+01 8.916106830854707255e+01 7.761066771538831688e+01
8.327778614586213435e-02 1.008181819908063837e+01 2.996245008734626580e+01 3.766691566278750969e+01 4.602688115497804944e+01 5.749998731231093529e+01 5.963941239733814115e+01 6.644893432611634410e+01 6.644893432611634410e+01 7.466290061051405758e+01 7.484425541309759922e+01 5.470599134867440938e+01 5.825551938612876768e+01 4.259133919325216056e+01 6.001514688744332915e+01 5.945876615922071551e+01 5.945876615922071551e+01 7.977311330129252553e+01 8.844801532814699385e+01 7.848474297428920465e+01 6.685189021712800184e+01 4.699225800544724052e+01 5.110154469520841758e+01 5.267654942693597775e+01 4.347293623437105481e+01 2.325316381033482926e+01 4.248072752745235903e+01 2.686703451590863168e+01 3.021443063808762375e+01 3.377691052136918870e+01 5.411039217968556159e+01 6.882200617774627460e+01 7.714048637205581826e+01 8.614650510285908069e+01 9.772738312225094148e+01 8.087565014859877977e+01 6.086848053056775143e+01
6.510866554257997707e-02 2.526938485129230028e+00 2.252689226723121152e+01 1.761029258562574995e+01 2.916120590343635044e+01 4.903912996393335533e+01 3.964854798924815782e+01 5.378784244312890905e+01 6.378603302197872438e+01 7.792343332999274708e+01 8.069591918286342036e+01 7.484425541309759922e+01 7.120341674254945019e+01 5.262408509316757943e+01 7.124495320392240671e+01 7.977311330129252553e+01 7.977311330129252553e+01 8.820666592528263550e+01 8.016881140873304901e+01 6.026762555126175158e+01 5.037301522256677089e+01 4.334339103323305409e+01 3.700879822308544220e+01 3.272311646392704176e+01 4.174544478067741693e+01 2.154321037836188424e+01 2.226846474176815960e+01 4.242713149131716932e+01 5.048261307075166826e+01 5.411039217968555448e+01 4.208142145942564838e+01 4.854278827199129864e+01 5.766697326338243812e+01 6.936014120132726646e+01 8.943935942460551303e+01 7.868605570679882533e+01 5.867851262392913014e+01
8.953482861371392376e-02 2.008953482861335971e+01 6.062472391061952237e+00 2.606234336052075307e+01 3.262186198412970839e+01 3.540011338947098807e+01 2.550695441040255318e+01 3.550687953250024975e+01 4.964863265605782772e+01 6.074008049224124761e+01 6.074008049221061611e+01 7.713740766798561310e+01 8.145325213888665417e+01 7.294049517039778152e+01 8.146141906172304914e+01 8.443113576075097626e+01 8.663284268120511911e+01 9.497964515802105723e+01 8.844801532814699385e+01 7.848474297428920465e+01 7.021821847999734700e+01 6.320187958132011374e+01 5.692207411128761407e+01 4.691648948071075864e+01 2.692535717648910776e+01 2.299518539769212211e+01 1.914354660551640563e+01 2.809069765658670192e+01 4.207811680626063122e+01 6.204127030902207451e+01 6.240915440284073412e+01 6.882200617774627460e+01 7.714048637205581826e+01 7.820872778027060690e+01 8.651013298185873168e+01 8.697163419873632506e+01 6.826186402396943720e+01
