LEM/with_lateral_4open/elevation_000500.asc
nrows	100
cellsize	150.0
xllcorner	0
ncols	100
yllcorner	0
NODATA_value	-9999
[rows 17 to 33 of 100, columns 0 to 36 of 100]
5.222468517465790605e-02 1.005222468517406398e+01 2.419436029505048680e+01 4.419434788619119558e+01 4.686044954218160541e+01 4.791273493829726959e+01 3.377085506866716713e+01 3.962891526156034416e+01 4.850011461921596378e+01 3.437078429285853076e+01 2.411301437166065753e+01 4.411172430210785933e+01 5.224942743583832083e+01 4.739995569679535237e+01 6.043186864449772600e+01 5.943292358486868920e+01 5.684187944030520612e+01 6.837430002995547795e+01 8.832058647064918944e+01 8.351071945218834003e+01 6.459825424427721430e+01 5.414637942532561965e+01 4.883374688101232408e+01 4.389115580379093018e+01 3.926801542018863245e+01 3.632472971297752196e+01 5.089943348692396086e+01 5.693919067459452066e+01 4.896995920678213565e+01 3.310089377396488430e+01 4.010978027562821779e+01 4.987934851868677555e+01 6.914495206342776612e+01 7.413025425532480028e+01 5.332544716873099588e+01 4.263718080559545598e+01 3.465374415711076495e+01
7.333276091007127906e-02 2.007333276090971452e+01 3.833641734793855704e+01 4.680115971860735868e+01 2.574399427116412653e+01 2.893762268109080438e+01 1.962733833899423530e+01 3.962891526005435594e+01 3.654119453852089805e+01 2.022769950232151004e+01 4.022470764494129725e+01 4.055513048440022317e+01 6.108922455182599975e+01 6.738094692381736195e+01 7.565404352304862812e+01 7.939306889920442245e+01 7.680459262478123605e+01 8.507863558284957151e+01 9.660292241279287850e+01 8.609602447499112543e+01 6.703192566818532327e+01 7.259160257346776746e+01 6.241065196688945349e+01 4.445781683443807708e+01 5.733282338141727053e+01 4.692254251893101014e+01 6.232618670093278013e+01 6.821040855957701865e+01 5.545694199048642758e+01 3.597844790980493457e+01 5.545993935595008395e+01 6.754940355657308260e+01 7.723771842421683687e+01 8.248565874065162973e+01 7.217596706898173409e+01 5.193259141863146766e+01 5.575632677543160298e+01
6.343274376862209629e-02 1.420556836749969776e+01 3.420556836750040475e+01 3.498141004283775146e+01 2.559455352426865460e+01 8.936510611266239579e+00 2.893762266241508030e+01 3.295443400687174318e+01 1.654535225265022547e+01 3.654090267479806897e+01 4.849328331537108738e+01 6.103648306820670655e+01 6.016810160431555232e+01 6.742141974110080582e+01 6.832780696700520195e+01 7.675986406456227940e+01 7.142899767906730801e+01 7.897260269168435798e+01 8.721548294047796901e+01 9.434134809327522930e+01 8.609602447499112543e+01 8.240767627004174756e+01 6.616763545227878751e+01 4.814977562344786577e+01 6.616763542730507197e+01 6.509186422087343260e+01 7.295461166291589450e+01 6.030549317892072025e+01 4.093158322627137835e+01 5.545519787154991320e+01 4.402644383294286712e+01 6.334743285082311104e+01 8.099339949501701597e+01 9.214383813179254901e+01 8.115017311994884608e+01 7.276999802496052894e+01 7.028001471053411819e+01
3.497053469895897854e-02 2.003497053469860489e+01 2.305719411179226697e+01 2.455201551482862854e+01 6.727880088147828452e+00 2.672763113256807443e+01 1.123825199707965083e+01 1.295323793515974842e+01 1.532680216891742120e+01 3.532663317322990792e+01 4.595520334349753711e+01 5.690169854515239223e+01 4.045912000626760374e+01 5.163392494778597808e+01 4.822757153215790282e+01 6.201406893665382825e+01 5.144568738379010142e+01 5.899995146741276386e+01 7.053752784060944236e+01 9.045497520506555134e+01 8.785132495940050035e+01 6.885109283913109834e+01 5.597193302808712900e+01 5.832630218897445218e+01 5.754764346265810815e+01 7.606624358679938780e+01 7.746830863054258032e+01 5.826045468660843341e+01 4.458890230555056888e+01 6.388459630122386557e+01 5.771710143541508131e+01 5.374087477236702881e+01 6.483095306347736653e+01 8.405026700986752530e+01 8.586436150080352547e+01 7.723849612636838913e+01 5.743579627347993011e+01
9.635555453094322986e-02 1.574798096440087170e+00 3.057296729762286613e+00 4.552166915266152358e+00 2.455201551467131438e+01 3.501127454565450137e+01 1.658351730504400123e+01 3.295443245051873760e+01 3.532662076798261808e+01 1.875679174530076310e+01 3.875479873365605954e+01 4.489931016508597139e+01 2.894351802127110318e+01 3.195912666850974659e+01 3.667419490568056517e+01 4.202027570944063939e+01 5.615729696452396524e+01 7.615356726349628502e+01 8.721548294047796901e+01 9.861378038933068524e+01 8.785132495940050035e+01 6.885109283913109834e+01 6.885109283913109834e+01 7.129224468609503162e+01 6.659966746732523291e+01 8.407396846755426623e+01 7.880474558174017830e+01 5.962754548101430885e+01 4.850038850859851891e+01 5.962754548101430885e+01 7.694025531455648093e+01 6.731656177241536909e+01 8.099339949501701597e+01 8.007406362713153669e+01 6.599332712952795532e+01 7.137034647414805022e+01 5.166391659549252324e+01
8.845047570523793812e-02 2.008844816271348321e+01 2.305719390172251337e+01 1.211145622186523951e+01 3.210740483824842784e+01 4.213255074978678039e+01 2.213073319861443977e+01 4.213255400826883346e+01 4.702901965971564380e+01 3.875479895022027677e+01 2.232035749048502282e+01 2.490246645497026279e+01 4.489931022228324053e+01 5.195266775165281814e+01 3.785798839944438043e+01 5.784714989674046848e+01 7.029824831061760904e+01 7.886565616618689489e+01 8.714089119628087587e+01 9.867506373178493106e+01 9.596425970095242519e+01 8.785132495940050035e+01 8.785132495940050035e+01 9.036694783569434719e+01 7.986948849993245858e+01 9.363098102973367531e+01 8.687375814919089123e+01 7.225291341023726943e+01 5.307562821420415133e+01 7.225291341023726943e+01 7.880474558174017830e+01 8.656394885669773487e+01 8.470525809612888679e+01 7.181341834768359433e+01 5.211969916448580875e+01 5.935801670395243690e+01 5.521745038106845271e+01
8.023991185656004221e-02 1.422248237037297791e+01 3.422698480842946367e+01 3.210743512956668866e+01 2.625319286488435822e+01 4.624081742242974968e+01 4.213255473631949144e+01 3.156001245551675538e+01 5.156120633037015466e+01 5.059590193929611246e+01 4.231776952878044540e+01 3.197449203620545077e+01 5.196812800384366682e+01 6.612272649129316449e+01 4.680143320677790086e+01 4.516098757832092758e+01 5.182515349469802146e+01 5.889007258245558063e+01 7.042222243429536377e+01 9.039960112628229183e+01 9.174658455065011253e+01 8.343903687080417342e+01 8.603922031589191022e+01 9.434807920162120354e+01 9.920531071363498654e+01 9.363590243588296858e+01 7.434567313448248171e+01 6.333060295563408459e+01 5.987810536352127855e+01 7.902092066589075614e+01 9.818174602850406529e+01 9.381540125960580667e+01 7.643094286404992488e+01 5.664555078469985006e+01 4.543627449339368951e+01 3.993703916868500414e+01 3.588085291304580693e+01
4.598823041778624804e-02 2.004598823041743216e+01 3.007340434288479614e+01 5.007340434288408204e+01 4.624081853639575002e+01 5.449898736641225838e+01 5.984370202288404528e+01 4.570386105456275772e+01 4.570386106875228194e+01 6.570208128697099426e+01 6.024469155367291506e+01 4.197474912190923391e+01 6.024469155367373929e+01 7.505834718416816997e+01 5.833996500600993329e+01 5.929263234510278835e+01 6.147793570929502494e+01 7.886565616618689489e+01 8.714089119628087587e+01 8.506687377121400573e+01 7.796310019326676866e+01 6.353324724623871589e+01 6.610899645406648517e+01 8.603922031589191022e+01 1.017426153752701623e+02 1.017931354597332785e+02 9.058775588787835886e+01 7.683583400668895536e+01 7.337557250153737698e+01 7.337557250153737698e+01 9.264999676859069666e+01 8.552423493487097517e+01 6.563308736819473665e+01 5.580246828705873696e+01 6.500784142101490204e+01 5.104091263904678044e+01 5.521745038106845271e+01
7.340434288523949025e-02 1.007340434288515318e+01 3.007340434288479614e+01 3.574614198529879872e+01 4.207070079733316703e+01 5.035526391193277362e+01 5.929997762339661449e+01 6.570205897343035417e+01 6.570207282275120519e+01 7.398331917171685745e+01 7.023685486414548507e+01 6.196150688600328493e+01 7.023685486415025991e+01 8.659232475206539448e+01 7.831716312424072157e+01 7.926999048736178111e+01 8.145538018426292126e+01 8.973052179569026521e+01 8.032327444020171470e+01 6.849943024905947198e+01 5.644520942166526112e+01 5.220697247106181749e+01 7.194642387262925354e+01 7.335308478372647301e+01 9.325636279876852086e+01 1.084025793694842861e+02 1.000539413351007880e+02 9.617001105674744110e+01 9.264999676859069666e+01 9.264999676859069666e+01 1.008004117737437326e+02 9.381540125960580667e+01 8.385144862853347547e+01 7.557866115153289854e+01 7.897759412182986694e+01 7.071939214191117173e+01 6.689615114120859118e+01
3.515918393995972474e-02 5.035159183939979854e+00 1.019913697888324755e+01 1.574613894113558743e+01 2.207069426147245750e+01 3.101496617147450507e+01 4.515710198833552624e+01 6.515720483008661290e+01 7.142797738686033426e+01 6.311364805460976868e+01 6.571387492760160853e+01 7.402993515953406245e+01 8.087633941972264040e+01 8.920416560847901621e+01 7.208335121891433062e+01 6.377950429313104763e+01 7.208335121891433062e+01 7.876339520855727017e+01 7.021659952607630828e+01 5.290311951268155610e+01 5.927987703870267922e+01 4.559452174678542491e+01 5.324990006035839230e+01 6.487124205199195615e+01 8.493949742618019627e+01 9.261090338128246913e+01 7.994587429499019038e+01 8.844454341660993180e+01 1.085749618232494953e+02 1.043252417325124668e+02 9.607178512574287765e+01 9.508161737430043559e+01 8.683222188577991574e+01 8.506661127532299815e+01 8.108388211962029857e+01 7.732725937910055336e+01 7.675316937163249520e+01
4.608085242692564615e-02 2.004608085242657012e+01 3.019913851905787183e+01 3.574614198157788536e+01 4.207070079733316703e+01 5.035526391193277362e+01 5.929994358560838918e+01 5.981966000729732968e+01 5.985960566904410740e+01 4.309208796711769907e+01 4.568905097576486440e+01 6.571387483825074582e+01 6.083041538529796810e+01 6.930281978229270123e+01 6.207256905876562314e+01 4.376858341722437018e+01 6.207256905876562314e+01 5.872464601284972474e+01 5.872464644210476337e+01 4.232630995328303669e+01 3.919929629800282811e+01 5.080313831267764613e+01 7.085931747969135586e+01 8.166818577928671630e+01 8.674654907208416432e+01 7.253924181044497743e+01 6.839164733311373823e+01 8.255242064884173203e+01 1.026693861137232631e+02 9.607178512574287765e+01 7.613207478269816875e+01 8.197228072728053405e+01 6.690340097698485522e+01 6.515783799016061550e+01 6.120300120598795957e+01 5.748057529503788032e+01 7.152694999903194173e+01
1.610643649003322755e-02 1.001625255227433087e+01 2.416471103170608714e+01 4.422238226104794023e+01 4.926784460919697750e+01 5.714260218807195457e+01 5.409293635131727029e+01 4.017047237003355065e+01 5.155398675297341526e+01 3.154187416178985615e+01 5.155418573062529930e+01 6.439227414549728223e+01 4.927602557762880053e+01 4.927602557762880053e+01 5.377375238233884858e+01 3.376753382156412897e+01 4.377308968609377615e+01 4.551456480009815664e+01 3.871111836940320217e+01 3.363430234711822209e+01 5.364390670739584976e+01 6.758954216439904883e+01 7.917044998930138888e+01 7.890100710755481828e+01 7.058951182601035157e+01 5.845904523516941254e+01 7.841809537486179238e+01 9.162406787464027502e+01 9.996636711228831018e+01 9.348452458348324967e+01 7.354278441006114519e+01 6.204337244307783550e+01 5.545285013729828449e+01 5.117555492819379026e+01 4.727487766823977466e+01 4.358756472731815279e+01 5.837301760311710552e+01
2.022278438842990689e-02 2.002022278438807490e+01 3.831346689742641587e+01 3.358114747219192964e+01 2.988478453935748647e+01 4.135371300422763596e+01 4.421703132296085670e+01 2.614599139052541332e+01 4.421699559011762659e+01 2.551135995785527300e+01 3.607080991694125771e+01 5.608692503057525158e+01 5.514173779474745629e+01 3.513017000458824413e+01 4.513556251366780003e+01 4.131430436131800832e+01 2.376727025942347282e+01 2.550804687841130303e+01 2.871061123892899403e+01 4.871788265033778487e+01 5.280127421094170614e+01 6.110717628071387253e+01 7.244458086322110546e+01 7.058951182601035157e+01 5.082267267958768997e+01 7.058951182601035157e+01 7.743449032577795776e+01 7.155697486069442448e+01 9.162406787464027502e+01 1.017356798087353127e+02 8.579896593796085824e+01 6.604564313210455850e+01 7.532674993429526467e+01 7.098898268027915037e+01 6.248143998677078059e+01 4.277813840817552204e+01 3.866726388919865798e+01
6.642187732006160639e-02 2.006642186475397693e+01 2.215916504946929422e+01 1.369950300350940253e+01 3.350624803961049736e+01 2.060477198824002087e+01 2.747858959790744393e+01 1.615789499542349716e+01 3.304889037465194690e+01 1.973778308627370848e+01 3.388185369949538739e+01 5.389591273600063204e+01 4.952854848641061380e+01 4.513595389966783955e+01 2.512978580468253753e+01 2.139370691235134814e+01 4.139854747511157740e+01 4.551456521628643515e+01 2.848947176472686849e+01 3.062148058474004486e+01 3.279078916718661674e+01 5.280127421485442341e+01 5.240919298093064072e+01 6.103647868432032908e+01 4.635464526230929749e+01 5.162818624488622277e+01 5.748523527871509486e+01 6.895803906705860697e+01 8.901353807912921923e+01 9.963079812431385562e+01 8.006963345390495590e+01 8.579896593796085824e+01 8.282432304633977083e+01 6.290405903428415968e+01 4.895178909841413173e+01 6.248143998672335897e+01 5.256957488886640562e+01
1.591255364720534082e-02 1.086488008791585136e+00 2.158600543629382251e+00 2.204124455565586160e+01 2.478056196421794866e+01 6.361127214144012498e+00 7.477418358515912189e+00 8.598962666700009194e+00 1.307109870231745496e+01 3.152999287656196969e+01 3.280282514106446712e+01 3.408611040620028376e+01 2.951963716753565947e+01 3.691440383018671412e+01 1.909954956986542740e+01 3.910368958251326887e+01 3.208444450917868096e+01 5.209422509769135701e+01 4.850033534827039006e+01 4.476600093339581576e+01 5.280092270007516220e+01 3.595308776806855633e+01 3.826251864596079599e+01 4.159173108998422919e+01 6.103647868432032908e+01 7.141956361321328473e+01 7.743449032577795776e+01 8.576167098649135312e+01 9.735446217600880914e+01 1.077261381598151502e+02 9.963079812431385562e+01 9.303701554092994286e+01 7.625430453495316385e+01 5.636953813157543891e+01 6.290405903428415968e+01 7.700137532384124484e+01 7.238376771183322944e+01
6.189296070378335485e-02 2.002091474998366749e+01 2.215764010525270322e+01 3.697062082090923685e+00 4.789778811507233947e+00 2.475956402072752383e+01 2.744644672996324175e+01 2.855717865316603010e+01 1.026274332831542857e+01 1.152765439238279122e+01 1.280022391833437290e+01 1.408322451653366514e+01 1.537691697124045476e+01 1.691084694893881846e+01 3.691440383018671412e+01 3.910368958234331416e+01 5.209422509818352154e+01 4.622959347980755496e+01 6.625269829081693729e+01 6.478957656593885872e+01 5.228933220838712970e+01 5.596599001461667910e+01 4.968359982622989435e+01 4.268072335682771978e+01 4.625944679888194599e+01 6.624353306152306686e+01 7.873389750218495919e+01 8.585482629669030530e+01 9.421542524590518042e+01 1.042956105262584856e+02 9.888794250490450111e+01 7.890897493678848207e+01 6.481146249924472613e+01 7.625430453495316385e+01 8.282432304633977083e+01 8.854344414007991304e+01 7.701819258327944340e+01
2.247884206357958492e-02 2.002247879417529219e+01 3.206946269922908499e+01 2.375370730326824642e+01 1.478979383383443036e+01 1.893168329346382350e+01 3.490027553479277600e+01 1.491264901710488644e+01 3.026483858902254909e+01 3.152999292476963689e+01 2.694280882003692668e+01 2.822587175794167180e+01 3.538011160867388583e+01 1.856696500124598970e+01 3.844515151741603631e+01 5.050734187026255739e+01 6.743159924674148442e+01 6.625269829086185780e+01 7.456772942556534645e+01 8.064471569209797508e+01 7.232496012563333920e+01 7.136161974734466185e+01 5.180439935546672103e+01 6.787097274910598799e+01 4.625106892931821534e+01 5.211853243489007781e+01 5.852983220972289757e+01 6.571379814092506422e+01 7.578454105683975683e+01 9.592511153654101008e+01 9.888794250490450111e+01 7.890897493678848207e+01 7.890897493678848207e+01 9.303701554092994286e+01 9.271717657704921578e+01 8.024092546340878584e+01 6.031245866876111705e+01
