LEM/with_lateral_4open/elevation_000067.asc
nrows	100
cellsize	150.0
xllcorner	0
ncols	100
yllcorner	0
NODATA_value	-9999
[rows 17 to 33 of 100, columns 0 to 36 of 100]
5.222468517465790605e-02 2.442681903843439528e+00 2.244259826896803389e+01 1.587160309340927000e+01 2.481065668425575055e+01 4.448918054207199191e+01 5.245597963923338369e+01 4.446301025054810907e+01 4.880923140420799200e+01 3.954367507522323422e+01 5.944916139198499394e+01 7.033943741734357502e+01 8.024200972353155237e+01 7.973873516026577590e+01 6.301721602684071399e+01 6.641059623324896677e+01 4.633977564209423861e+01 6.054684543618366632e+01 8.056694293390003736e+01 7.108847030711494597e+01 5.145343675776125281e+01 3.992829316060004174e+01 5.225945406364447621e+01 5.416864859350743444e+01 3.457490018819248689e+01 2.048575552225266705e+01 4.047626383109486170e+01 3.422119343357707066e+01 4.838411989288312043e+01 6.841198952713038750e+01 7.565045886950537124e+01 7.790628475992491531e+01 8.641927651700316915e+01 9.140639354901257718e+01 8.316957484195715722e+01 8.026897456142279452e+01 6.363631412736278037e+01
7.333276091007127906e-02 8.238298569817512629e+00 2.823794871435584142e+01 3.600895781725040479e+01 4.397252452924595190e+01 4.108236445798902992e+01 6.099643278331512164e+01 6.215601775381882987e+01 6.764856748480481485e+01 5.944916139198499394e+01 5.581379141847205005e+01 6.983933940727087020e+01 8.959180556718823141e+01 9.127487690713080326e+01 8.300866636419343081e+01 7.309216204436272335e+01 5.304746461102146071e+01 7.309216204436272335e+01 8.329331088743849421e+01 6.390731250216778392e+01 4.991901683455444072e+01 5.975217840184826912e+01 6.779505637233279458e+01 5.499868325840421335e+01 4.304259621464457553e+01 2.305535847446971331e+01 2.267816520182090656e+01 4.268650800195744921e+01 6.254903370261801854e+01 6.909277037218534190e+01 7.740013603957436317e+01 8.896094997283229588e+01 9.876129749549343728e+01 8.316957484195728512e+01 6.330377604553712700e+01 6.912233379932111177e+01 5.214693522984443064e+01
6.343274376862209629e-02 2.006343274027970480e+01 2.238042185309059207e+01 3.652241678829786053e+01 5.651896276575724443e+01 6.101704587693294002e+01 5.607724512532831795e+01 4.175322815079051963e+01 5.442892667582419364e+01 6.023784518678055377e+01 5.510931195029459673e+01 6.363179740044793675e+01 7.911805069151917280e+01 8.089327215273463878e+01 8.917764616373260367e+01 8.138116554386922985e+01 6.309239280920598247e+01 8.138116554386922985e+01 8.329331088743849421e+01 6.390731250216778392e+01 6.958533996914208331e+01 7.048356129765033984e+01 5.892670069377090414e+01 4.677508011167277857e+01 2.678813754258885638e+01 4.304924927004198310e+01 2.426615155706121385e+01 4.428727345760667333e+01 5.757599899852503711e+01 4.914967774863498562e+01 6.064285482509222902e+01 8.063556966934773129e+01 9.052006546162770917e+01 7.066499858141139612e+01 5.918793034508538398e+01 4.921842160796512644e+01 4.424860512351815345e+01
3.497053469895897854e-02 1.417710615843003374e+01 3.417710615843073896e+01 5.065765204231733065e+01 5.074565581934636072e+01 4.489077758442321908e+01 4.519696051536036663e+01 2.757194923998524061e+01 3.324226424890715492e+01 4.307017071349456927e+01 3.747307688835593353e+01 5.408174822174920848e+01 5.918320258898054220e+01 6.096397999878848850e+01 7.765946518411570310e+01 9.138362748896972221e+01 8.309193127951945712e+01 9.138362748896972221e+01 9.123626157222447830e+01 8.329331088743849421e+01 7.721458918929832294e+01 6.218238386944766205e+01 4.217514979287384591e+01 3.065647328018553708e+01 4.665697474901372743e+01 3.081304809835155822e+01 2.587053641953800209e+01 4.385627811424415512e+01 3.762942629871765376e+01 5.757862047750489864e+01 6.650514219069400212e+01 7.480680466405381424e+01 8.482440864955907500e+01 8.316957484195739880e+01 6.330377604553712700e+01 6.330377604553713411e+01 6.414635575148214741e+01
9.635555453094322986e-02 1.424871227245627026e+01 3.443716075244129371e+01 3.966147987204211489e+01 3.075014822869894715e+01 2.489321794435371515e+01 3.339371318269333244e+01 1.757076576659551748e+01 2.073304338130754587e+01 2.406496856579519417e+01 2.758442362897142175e+01 3.922634266049367113e+01 5.789202357276643340e+01 4.947705093881489091e+01 6.938708996289510367e+01 8.470818154358256891e+01 9.903286441648164384e+01 9.071751603776377237e+01 8.615674922351989551e+01 7.199409400007947113e+01 6.369452767782193092e+01 4.889142297773368995e+01 3.476448156460972427e+01 5.063120188959794632e+01 5.823098451883959115e+01 5.208282255446813735e+01 4.590527909570936060e+01 2.818860464082244022e+01 3.374891607061132248e+01 3.979486771270023837e+01 4.647460233823003506e+01 5.649034581199061478e+01 7.651993856939721184e+01 9.140639354957862395e+01 8.316957484195739880e+01 8.316957484195739880e+01 8.230458174962818418e+01
8.845047570523793812e-02 1.999619507140116426e+01 2.398374922063111825e+01 1.966275289469518128e+01 2.715726959516851124e+01 1.075141278727186034e+01 1.340047750125350490e+01 2.047154055813351547e+01 4.046441933070785524e+01 4.403428570855836455e+01 4.766110413708898363e+01 3.344017089710785484e+01 3.794968649618139267e+01 4.502314320315591800e+01 5.651331610573007680e+01 7.642799068184061184e+01 9.071751603776377237e+01 7.068501243326313954e+01 7.655239689487743249e+01 5.783143877663893306e+01 4.368822578679311874e+01 3.922209337958577180e+01 4.611127234200762359e+01 6.257315038651068306e+01 6.493069843231093330e+01 4.489786394140747205e+01 3.072287352378896585e+01 4.823015034299130122e+01 5.378798978736464420e+01 5.982829557320595626e+01 6.650514219069400212e+01 7.480680466405381424e+01 8.482440864955907500e+01 8.554220487412811735e+01 7.730896094692627685e+01 7.102525464292476443e+01 6.528163766171360294e+01
8.023991185656004221e-02 2.008023991176722589e+01 3.903938738842327894e+00 5.520842905751208285e+00 7.159306746789282805e+00 2.715830308832297391e+01 3.339940772193617846e+01 4.046441671408584995e+01 3.311989135439304732e+01 4.725562565631914680e+01 6.167082213195472917e+01 4.759725173755557392e+01 5.205901232413213364e+01 5.789202357276644051e+01 5.909488144510834218e+01 7.901806892288908557e+01 9.071751603776377237e+01 7.068501243326313954e+01 5.653813962584516872e+01 5.099063529891876811e+01 4.607582851473445373e+01 5.335896212855967491e+01 6.506392488054750345e+01 7.318819196714541420e+01 6.674426267509906552e+01 4.671266769518734208e+01 3.253859720051965354e+01 5.257978802325914103e+01 4.424653744360718122e+01 6.427708259187295425e+01 8.259550447981364130e+01 9.261418905752759656e+01 9.134896075308006402e+01 7.149340261150176445e+01 5.743813687872349050e+01 5.112878178157824038e+01 4.538287698675678428e+01
4.598823041778624804e-02 1.632091401854073087e+00 1.575392581796915792e+01 2.549425155059858739e+01 2.715830308822079786e+01 1.026390884961200634e+01 3.026272076605281214e+01 4.172765043967189769e+01 5.309571929170370197e+01 6.130892908821823539e+01 7.529082707982455247e+01 6.752099638929414027e+01 7.197415843869427476e+01 7.782088630611585245e+01 7.901806892288908557e+01 8.730047041233380867e+01 9.071751603776377237e+01 7.068501243326313954e+01 7.655239689487741828e+01 7.100144067765830869e+01 5.107550364128971410e+01 7.108628169913039585e+01 8.167812434208211414e+01 8.054814119484174739e+01 6.153856270801096429e+01 4.150613424654656569e+01 5.257978843029363247e+01 3.528244442744975373e+01 5.531915048922503075e+01 5.426224700852002769e+01 6.427706984364483844e+01 8.430676650680675266e+01 9.134896075308006402e+01 7.149340261150176445e+01 7.730896094692627685e+01 6.163450074044605742e+01 5.946000374553493373e+01
7.340434288523949025e-02 2.007340434288488495e+01 2.910764657778106823e+01 4.300115446458858770e+01 3.854574627413873600e+01 3.026272076605422257e+01 1.344613798624111745e+01 2.758783938103755773e+01 4.758449802666178385e+01 5.947399579086897603e+01 6.325248377827804092e+01 6.725110374739431052e+01 6.901947365436252824e+01 7.730349132754774644e+01 7.879933530445546808e+01 8.708487024278747413e+01 9.903286441648164384e+01 9.071751603776377237e+01 8.264596656827124832e+01 6.262400505543410389e+01 5.814699733264485815e+01 7.816301130533859975e+01 8.380937568245444425e+01 6.377928197622357231e+01 5.221509366636701799e+01 6.153856270921886562e+01 5.737451089294000184e+01 3.734133573346495183e+01 5.737451089294002315e+01 7.429191817522583108e+01 8.259550447981364130e+01 9.261418905752759656e+01 9.959100713675709926e+01 9.134896075308006402e+01 8.974667349081545353e+01 8.150953598341929762e+01 7.933630521732332852e+01
3.515918393995972474e-02 6.359716044929403012e+00 2.636782593298056909e+01 4.454598869090182234e+01 4.729904247426311059e+01 2.730234125802669709e+01 1.575553906282432060e+01 3.575394173043182633e+01 4.174403729036843913e+01 3.947936858169653362e+01 4.325860468521941016e+01 4.725800390181287014e+01 4.902742016784082324e+01 6.247534961649768093e+01 5.880661755245944988e+01 7.586457288902315099e+01 8.414958555038028010e+01 9.569522972533202676e+01 9.095624475750933868e+01 7.417714908266015073e+01 6.709198051492673187e+01 8.647054266807285217e+01 9.211694276940139048e+01 8.054814119484174739e+01 7.224499568926864868e+01 6.899896137166253141e+01 5.946282350272826989e+01 3.943243261361196517e+01 5.359622453746541026e+01 7.362604628967319798e+01 9.181986008848660674e+01 9.352026943799646119e+01 1.018325423514907015e+02 1.047196162987183925e+02 9.479438535731515003e+01 8.657052872795432563e+01 7.995927300030108142e+01
4.608085242692564615e-02 2.004608085242657012e+01 1.636041073654991251e+01 3.641011460816005041e+01 5.558188715869601282e+01 4.403681599285900461e+01 3.575394173040093193e+01 1.918551076115275578e+01 2.174624834886225244e+01 2.533835425190155632e+01 2.911799800211016631e+01 3.311799236818595205e+01 3.748232103144428606e+01 4.248217591957040185e+01 4.880597369180640044e+01 5.587473602286073771e+01 6.741429274496354651e+01 8.740787023490372576e+01 1.025321084422232332e+02 9.421458639362975873e+01 7.864807848184125305e+01 9.543264892765328966e+01 9.517559978893110895e+01 8.362045680117508084e+01 6.899898569260724912e+01 4.897260877147087399e+01 4.488479424743449187e+01 4.199844331851030432e+01 6.202724933369470506e+01 7.178608204366398127e+01 7.178607644346512018e+01 7.348976116566122130e+01 9.352027029380045064e+01 9.649423357122542200e+01 7.664682388468324348e+01 6.673676154499437985e+01 6.010973049799252976e+01
1.610643649003322755e-02 2.001610643648967880e+01 3.641011460816005041e+01 3.051922641016633975e+01 5.063197679018005459e+01 5.332271796158678256e+01 3.332696123992978698e+01 3.332696123992978698e+01 4.174403729036843913e+01 2.718955600248096260e+01 4.718652210854473594e+01 5.311384726964394787e+01 5.747705619226586293e+01 6.247534961649768093e+01 6.879709828758507228e+01 7.586457288902315099e+01 8.414958555038028010e+01 8.777482732981573577e+01 9.586212556651182126e+01 1.070122896456233548e+02 9.869206351395226307e+01 1.020044560859199834e+02 8.688790917265842495e+01 6.687139556402975415e+01 5.530661332056845225e+01 6.899896137166199139e+01 5.904709184245530906e+01 6.202724933369470506e+01 4.571728053144847337e+01 5.175538894396218126e+01 5.932696067809987994e+01 7.348976115676013876e+01 9.352026394112361629e+01 1.047196162987183925e+02 9.479438535731515003e+01 8.657052872795432563e+01 7.995927300030108142e+01
2.022278438842990689e-02 1.416235840811950553e+01 3.416235840812021252e+01 5.063197679018005459e+01 5.900225500570105197e+01 6.160580749829304636e+01 5.332271796159323429e+01 5.332271796156512522e+01 4.718652210854473594e+01 4.718652210854473594e+01 3.321974560425201162e+01 5.321545547852300473e+01 6.680019394289985257e+01 7.386804053248461344e+01 8.215281233590502552e+01 9.369832723652585571e+01 8.461246697134990313e+01 6.830620222785010753e+01 8.461246697134990313e+01 9.674319761890509994e+01 1.078567089833144337e+02 8.786054192710638233e+01 7.370638649811458265e+01 6.474972888836656182e+01 6.426524040842016916e+01 8.362045679685314781e+01 7.906807280128421667e+01 6.913239605242884522e+01 4.910176080450535352e+01 5.425723264105738508e+01 6.059201802934508407e+01 7.475447555640677422e+01 9.478544916253069630e+01 1.068819881576610413e+02 9.695222374936342646e+01 8.872360104102949663e+01 8.211569637621393269e+01
6.642187732006160639e-02 1.420855750105113735e+01 3.420855750105184256e+01 4.233989225293738201e+01 5.062416916362168706e+01 5.505690295728551575e+01 5.437267886476794843e+01 6.265697216572943518e+01 6.718120207287701362e+01 6.149812932721789593e+01 4.216337701131056548e+01 4.077866618078620320e+01 4.680813792423312947e+01 5.387715152495853488e+01 6.541770691230483692e+01 8.541141092810363489e+01 7.653461138644397010e+01 5.693198784799073309e+01 6.912551611113418915e+01 8.322555162354561276e+01 9.141641417432502692e+01 1.020044560859199834e+02 9.305582075757919824e+01 7.890866802477604836e+01 7.582742605509845646e+01 9.257176622331829208e+01 8.678262669890268910e+01 6.675283297845915342e+01 5.258797473104662856e+01 7.261942369138678544e+01 8.062141189187171619e+01 7.215599245111637572e+01 9.218538990163416713e+01 9.865082891916615893e+01 7.879637316289277749e+01 6.889988704658306062e+01 6.228696489479550991e+01
1.591255364720534082e-02 2.001591255364684940e+01 2.707897998771080594e+01 2.233989213308539590e+01 3.505690119428849272e+01 3.505690119428849272e+01 3.437267838379055718e+01 4.851481401161973395e+01 6.851481563978710199e+01 7.043996724942776666e+01 5.370709662622629565e+01 5.491665731080995982e+01 6.680019394289985257e+01 7.386804053248461344e+01 8.215281233590502552e+01 8.214639579521487178e+01 6.912551611113417493e+01 4.941121171879623120e+01 6.912551611113417493e+01 6.355946807247352837e+01 8.004386355070023740e+01 8.575227200076301415e+01 9.378555330205101370e+01 9.891415121788995179e+01 9.583602798076158535e+01 1.041236521553075391e+02 8.790244483166799228e+01 6.787407949159111809e+01 5.630819379450137063e+01 6.787407949159113230e+01 8.790244485476551972e+01 8.371773254614539894e+01 1.004961716394027036e+02 1.068819881576610413e+02 9.695222374936342646e+01 8.872360104102949663e+01 8.211569637621393269e+01
6.189296070378335485e-02 3.543446079817747840e+00 7.078979985750500248e+00 1.079288674929157033e+01 1.505690107640381648e+01 2.172356774307059979e+01 3.327057312686889645e+01 4.741270875317930233e+01 6.741271017275508370e+01 8.198394036583809452e+01 7.369924542961315694e+01 7.490928451036870683e+01 7.958687566320575968e+01 7.145923372569424714e+01 7.958687566320575968e+01 7.403297433534146421e+01 5.434430693876766583e+01 4.364595830342855720e+01 5.956739450139901493e+01 5.214804937655236472e+01 6.998727400472073157e+01 6.644417155761152571e+01 8.532143331250777862e+01 9.645071825276519917e+01 1.022411553219747731e+02 1.105344854702562714e+02 9.621058718726106918e+01 8.060921478026328657e+01 6.058042621843513587e+01 8.060921478026328657e+01 9.621059240085615727e+01 1.037524249597741743e+02 1.120715823498233874e+02 1.049350221069761488e+02 9.605582918644290658e+01 8.782777580799051975e+01 8.081941387894282514e+01
2.247884206357958492e-02 2.002247884206322581e+01 2.707897998771080594e+01 2.233989213307433630e+01 3.505689992788143883e+01 2.505690107640399233e+01 3.400117298640346775e+01 4.554817837027075456e+01 6.554817915120760574e+01 7.652845929798911584e+01 6.834717435600470026e+01 7.652845929798911584e+01 6.973843828444111637e+01 5.173128824474385823e+01 6.973843828444111637e+01 7.119098004167304339e+01 5.795724472298444852e+01 3.809967308631303951e+01 3.955720329119177592e+01 4.489942241180408899e+01 5.043286752079262669e+01 5.792713525329167368e+01 6.918964894709338864e+01 8.841518941095378636e+01 8.192630517597882545e+01 9.885524477183560066e+01 9.936778777305667631e+01 7.933668185420870600e+01 6.517694785310604288e+01 8.520365694317331418e+01 1.004614754928499281e+02 1.087765666464700729e+02 1.081833195697532801e+02 8.830000922930958041e+01 7.685654869404815770e+01 6.800513482783338759e+01 6.098390931868681974e+01
