LEM/with_lateral_4open/elevation_000487.asc
nrows	100
cellsize	150.0
xllcorner	0
ncols	100
yllcorner	0
NODATA_value	-9999
[rows 51 to 67 of 100, columns 0 to 36 of 100]
6.455108993161302877e-02 1.627371109324065301e+01 2.799533386619780728e+01 4.162218280485204502e+01 3.814385887233760997e+01 2.989004476742315930e+01 1.574478915118442401e+01 2.978207524976004095e+01 4.975020479076359692e+01 5.107243405042733286e+01 3.179624649043034523e+01 1.784519174707681088e+01 3.743902829391972631e+01 4.697228282827880008e+01 4.699108016116420572e+01 4.990891904487612862e+01 2.924719138729691892e+01 3.164928014382659072e+01 1.370442094965068769e+01 1.452070078216172355e+01 1.819855095462401096e+01 3.855170718511352135e+01 4.848817110417274279e+01 5.362060241377245973e+01 4.993688031791575810e+01 6.643207717564214931e+01 7.463541346304508295e+01 8.458016653878640057e+01 8.131748661060542815e+01 6.148386885319644790e+01 8.131748661060532868e+01 9.258813450544134582e+01 7.512609677355187898e+01 5.512306040232508764e+01 6.728026040524486007e+01 7.050302833920326862e+01 5.643196688525252114e+01
3.995603441288197999e-02 6.330858602704731997e-01 1.467971601837947127e+01 2.896278624384724054e+01 2.987766453196739747e+01 9.201149534981578171e+00 2.989004476742271521e+01 4.391770597714208435e+01 4.916276043303374621e+01 4.769755753014010935e+01 3.399115894706025642e+01 1.436798545456291798e+01 3.402794357045758744e+01 2.479286736004566905e+01 3.199262763604590631e+01 3.104144512873861572e+01 3.137321902714086264e+01 1.255956890344987897e+01 3.087236526727948061e+01 3.479067797292309905e+01 3.864023860425468371e+01 2.377396047990416150e+01 2.828212240380022990e+01 3.329345957234642128e+01 3.948740981421336471e+01 4.629995975267043917e+01 5.645215719045663150e+01 7.641199716082770976e+01 8.788205907831311947e+01 6.818834167519020184e+01 8.788205907831311947e+01 8.446208276989750630e+01 6.465746574866153651e+01 7.512609677355187898e+01 8.327791158656887660e+01 8.457408979315403030e+01 6.983547132477404773e+01
4.804567899273937126e-02 2.001225706127758741e+01 1.473377487600907809e+00 2.144591476742762026e+01 2.288038404844613538e+01 4.833917430138067850e+00 2.532417672198618774e+01 4.492124256911982627e+01 2.788368265353016184e+01 2.978854727687969728e+01 2.111576213628360321e+01 1.103758772661820053e+01 2.657634535776404050e+01 2.920486265051907893e+01 9.969385040046176982e+00 1.062294045063199199e+01 1.142399685089339201e+01 3.175475106146355841e+01 2.691038890397039296e+01 4.656668990072690661e+01 5.253943991829857652e+01 3.406189226902601774e+01 4.277951606642715632e+01 5.362060241377245973e+01 5.972137136798490786e+01 6.643207717564214931e+01 7.463541346304508295e+01 8.458016653878640057e+01 9.599692786850836512e+01 7.810205697972193661e+01 9.599692786850836512e+01 9.258813450569545012e+01 7.463971352292766426e+01 9.258813450569545012e+01 9.631423252147119740e+01 7.833177843532016027e+01 5.840617204951762886e+01
9.707512844716031930e-02 2.007560255946157213e+01 2.043934894016497594e+01 2.315156308086245840e+00 2.911440996328261477e+00 3.517099462214461347e+00 2.350704665995028009e+01 2.622656629654665750e+01 1.908396960245751828e+01 6.483895204830760761e+00 7.116682505604977393e+00 7.751251829446163200e+00 8.399053757940155407e+00 9.048061561322962021e+00 1.973923455228000279e+01 2.127010843571408927e+01 1.214539420736782205e+01 3.600696005928305254e+01 4.689930612494065088e+01 5.490220182898895729e+01 6.264687525689603831e+01 5.437974192769161874e+01 6.264688476077228785e+01 7.118699140490018351e+01 7.555421053396867137e+01 7.294401978516191321e+01 8.117439156128664024e+01 9.273975859618332152e+01 1.057839577405741665e+02 9.766206117690435917e+01 1.057839577405741665e+02 1.024044518966657336e+02 9.428445201686727728e+01 1.024044518966657336e+02 8.819597642864007980e+01 6.846758044200029758e+01 7.833177843532016027e+01
5.001202446392439237e-03 1.999360036180756595e+01 3.016082379165788296e+01 1.645831713606332158e+01 2.291050404524450457e+01 2.347076165839284911e+01 4.373779864496337488e+00 4.980852986952661432e+00 5.591475730851866111e+00 8.086774792540499135e+00 2.682544397996232988e+01 2.862085834451952238e+01 2.855054981722573970e+01 1.814767137990907031e+01 2.925284267627000645e+01 3.213907953877857437e+01 1.316157233310531893e+01 3.301997859879661945e+01 3.105106468862600266e+01 4.524074324550105075e+01 6.522425631568791005e+01 7.151191014674127189e+01 7.202560135059584923e+01 6.367310156093703455e+01 5.493458359579868500e+01 5.221122043700989934e+01 6.441051067268118402e+01 8.460101001623662853e+01 8.945775878073436616e+01 9.754729330245609731e+01 1.021954385191447727e+02 9.408726766686943677e+01 1.021954385191447727e+02 1.041770723204796667e+02 8.460430708773193942e+01 8.819597642864007980e+01 9.631423252146997527e+01
5.279685921607564503e-02 2.005244959382790526e+01 3.823113056577494717e+01 3.652088735796809260e+01 3.700082049244097249e+01 1.701749255432845587e+01 2.302036420005473971e+01 1.073462330742275661e+01 2.552482536804503255e+01 2.148594564043843747e+01 1.165337528478908169e+01 3.076933407428562006e+01 4.228208712057569585e+01 4.023130047728606229e+01 4.268124073656215245e+01 4.126706494131857994e+01 3.309996143818352721e+01 1.461731181928904455e+01 3.473437742381570104e+01 5.054713249509595130e+01 5.118067456428152440e+01 5.149942530831312837e+01 6.004250567958825258e+01 4.267294516917531411e+01 3.989735915374155439e+01 6.097393250045185908e+01 6.855697383950038670e+01 7.539309285772884550e+01 6.956731748217320899e+01 8.945775878073436616e+01 9.234863662229886927e+01 7.434447694210345503e+01 9.234863662229886927e+01 1.050411179795807186e+02 1.041770723204796667e+02 1.070218847666797330e+02 8.754693154122200838e+01
5.738623160518319517e-05 1.000006288475428740e+01 2.414343196064766062e+01 4.418835709567874659e+01 3.700121459964798731e+01 3.689283277598160993e+01 3.337061418331323637e+01 1.670765843876417023e+01 3.385761127476953902e+01 3.666494572101022698e+01 3.076933484122791995e+01 1.526515890012980670e+01 3.430781386135196698e+01 4.663897972385925073e+01 5.805050327542006983e+01 4.718893707451088915e+01 2.741377004996025590e+01 1.572487135124410251e+01 3.590331697446344350e+01 2.207195373869058486e+01 3.120350288341524703e+01 5.147607585517182827e+01 4.634409416026670669e+01 3.105475222042580796e+01 3.574311228563677645e+01 4.123348363617594714e+01 4.755233212314693247e+01 5.487317427258780356e+01 6.956731748217320899e+01 8.945775878073436616e+01 8.421587230448650985e+01 6.425523242618118047e+01 7.715872039710033903e+01 9.239160980230079190e+01 1.022615093755382105e+02 1.055170999624651955e+02 8.603893059654761544e+01
4.532054705376769438e-02 2.004532054705341082e+01 3.731855910922431718e+01 4.886556449301703964e+01 5.692736170937770623e+01 5.203632295915574701e+01 3.260527012191538887e+01 3.001131759959780609e+01 3.245600800409551567e+01 5.202954602690012109e+01 3.985407187499416182e+01 2.064945609736463084e+01 1.931019696900852978e+01 3.012356127198836120e+01 4.978885466745852995e+01 5.524287575907379022e+01 4.367609696794524865e+01 2.732609175977004057e+01 1.746430250720804978e+01 1.880167228765458276e+01 3.881073307808584616e+01 4.341775156646993139e+01 2.647372350283201925e+01 4.634409397873255898e+01 5.681546749348483871e+01 6.249600664407391548e+01 6.855697383950038670e+01 7.539309285772884550e+01 7.681935523575509706e+01 7.778846529692692968e+01 7.059735759438058267e+01 5.694691160696759624e+01 6.425524149997708889e+01 7.434521770407279462e+01 9.411896329002942707e+01 1.055170999624651955e+02 8.603893059654761544e+01
9.001595176218035732e-02 9.034287861761415073e+00 2.058129324555413575e+01 4.058129324555483919e+01 5.554421223349957160e+01 5.889130803895031363e+01 5.233120896557595358e+01 4.912994477151978145e+01 5.229870505132541325e+01 4.912425423217451481e+01 2.945775232977094049e+01 3.985407187499416182e+01 2.228142441552811093e+01 3.574931233311743028e+01 5.559838916624219962e+01 6.578621907314084183e+01 4.656517346300169891e+01 4.158357608485160739e+01 2.166653180051505956e+01 3.845278621190519175e+01 2.064953074050297488e+01 2.193591180602528112e+01 2.329095921767120814e+01 4.350570117730219977e+01 4.551266005367121892e+01 6.591697675941298940e+01 6.944174338392988943e+01 6.987535354897060813e+01 5.567711290021897952e+01 6.327180696916780533e+01 4.998591684128964374e+01 7.047203074979378812e+01 8.423029171378200886e+01 9.239160980230079190e+01 1.022615093755382105e+02 1.136274966839529128e+02 1.055170999624651955e+02
5.674351268809080251e-02 2.005674351268773492e+01 2.852949066749561524e+01 2.725994096863466964e+01 3.889130803681329951e+01 3.889130803688182425e+01 5.424664708043481909e+01 6.424664707185208101e+01 6.064402862487576584e+01 4.069119408577333274e+01 4.912425423262888557e+01 4.486059075705523469e+01 2.535161709055654455e+01 3.901563809858596699e+01 5.897155473656034275e+01 6.205894547481117485e+01 4.196860084330942442e+01 2.778578779157223622e+01 4.166007308049626801e+01 4.488279437602552946e+01 2.802418032916894930e+01 3.609261070621002432e+01 4.298720011143397102e+01 2.519228854794258154e+01 4.551266526463497541e+01 6.312481636803477869e+01 4.856770242834934947e+01 5.745642891986751266e+01 3.995376769929724503e+01 4.324281354368127239e+01 6.450224824571776594e+01 7.465491447839286820e+01 7.925747801955863281e+01 8.499686308474703367e+01 9.124062545726333440e+01 9.935341837920218211e+01 1.081217409786340795e+02
9.518805923843161321e-02 4.265476340379945164e+00 8.529490667492192202e+00 1.311780534490346817e+01 1.889130803679982762e+01 2.596237584866517878e+01 3.596237584866482706e+01 5.596237584861925995e+01 6.889168403522312190e+01 5.219442372521213258e+01 5.997120610595006696e+01 3.994354956712556515e+01 2.865579597841148995e+01 4.254298853541774861e+01 6.256818645691785008e+01 6.424163475292063197e+01 4.416964843204988256e+01 3.291900645845547757e+01 5.305097968502008854e+01 5.492662663305788584e+01 3.934428299437952603e+01 3.904450405037531624e+01 3.888374137898122740e+01 2.655096348972814368e+01 4.695206347595307506e+01 5.146831594060219572e+01 3.377626274559603559e+01 3.591097037996719621e+01 5.742083935930801175e+01 6.449603269040517262e+01 4.972599196823671974e+01 5.437325435472930479e+01 5.919537216319911010e+01 6.511505002222821759e+01 7.149611519125502923e+01 8.039387030530127731e+01 9.429070480997269499e+01
9.062254805971975413e-02 2.009062254805936476e+01 2.852949066749561524e+01 3.311780534490988970e+01 2.944773696345827929e+01 4.596237584864240944e+01 5.424664708043481909e+01 6.424664707185208101e+01 8.041108966961587612e+01 7.218640356975772931e+01 6.823719856366970760e+01 5.239945645346271164e+01 3.244334024529828753e+01 4.652623177522917786e+01 6.657867512651850461e+01 7.247050870206510353e+01 5.863809628187475198e+01 3.849346090991951996e+01 5.863809628187475198e+01 6.843304458223742870e+01 5.985319957509235422e+01 5.573745844187945409e+01 4.927456816831135455e+01 2.877634927191238035e+01 2.906636109476397678e+01 3.088214059471565420e+01 3.369918993332918689e+01 5.436163736702846450e+01 6.579910111970966113e+01 7.840142224453451547e+01 7.033084281491504441e+01 7.465491528091925488e+01 7.347241439701231513e+01 7.563674521350954194e+01 9.124062545726333440e+01 9.935341837920218211e+01 1.081217409786340795e+02
3.063233560239582431e-02 2.003063233560203926e+01 3.827842434262179694e+01 5.216795019072473849e+01 4.944773696349312075e+01 5.773200823150804695e+01 5.905922354663978524e+01 6.738200706016949937e+01 7.174563485774110916e+01 7.393578377747412844e+01 7.095238498412003025e+01 5.090952841188682498e+01 3.670602395869202894e+01 5.677994519393188710e+01 7.291459389555362236e+01 7.279148292587088065e+01 5.277557158042130681e+01 4.753981017959731759e+01 6.688313087450084993e+01 8.158981255831120905e+01 6.134620197652126450e+01 4.672609139017984603e+01 3.473003691261578041e+01 3.153333038799190291e+01 4.958109786461516677e+01 4.547333993926098827e+01 5.436163735711208034e+01 3.788827194668969156e+01 5.858668291103540327e+01 6.647701315799814381e+01 7.469493888700090167e+01 8.622792544976586271e+01 9.322385708783049552e+01 9.536789151983445834e+01 1.034853829509316370e+02 1.122366491769918895e+02 1.039024866107503016e+02
5.666595628964066211e-02 1.005656513173752487e+01 2.419005012289610690e+01 3.915896134303764597e+01 4.722507909387448422e+01 4.487032682840655440e+01 3.899309337260329755e+01 5.905922354663978524e+01 5.172755272444247510e+01 5.391724246917546282e+01 7.393578377667245149e+01 6.505371414335213842e+01 4.830137959717578156e+01 4.457178887873426731e+01 6.465866700362076358e+01 8.099069016858162229e+01 7.279148292587088065e+01 5.918956551124111343e+01 7.582893883026402193e+01 7.652140986462933370e+01 5.615761870961663504e+01 4.144978469423000433e+01 5.506389421952794549e+01 3.435960541613227548e+01 5.506399206454208439e+01 6.594146772751801677e+01 6.688435442931711350e+01 4.836788140364514277e+01 4.250748619520949489e+01 4.593510181948617088e+01 5.797810845139891001e+01 7.808673483296392703e+01 8.622294551629208570e+01 9.432393491882247361e+01 1.056285492650538629e+02 1.006517033450880092e+02 8.385944319104457634e+01
2.110006612196471329e-02 2.002110006612160831e+01 2.519493334133916207e+01 1.936167091694702336e+01 3.405741478402882905e+01 2.483675522891166310e+01 4.487032682840655440e+01 4.758503164382143780e+01 3.757935005614984902e+01 5.172755272444247510e+01 7.174563485774110916e+01 7.661111538029381052e+01 6.836188118675352143e+01 5.620372212077577956e+01 5.534420744224755140e+01 7.535475411249410627e+01 8.730840834832612529e+01 7.912861248437718587e+01 8.389950714597379999e+01 6.369369154121117305e+01 4.910014907590349509e+01 6.212203504825317424e+01 5.805801821445219701e+01 3.731480324440747154e+01 5.207723847887965718e+01 7.249689776563761257e+01 7.701135854256051516e+01 6.294983361876733596e+01 5.724072788347263696e+01 6.647701397853371930e+01 5.131002046658269222e+01 5.867816007136989498e+01 6.640067213253490763e+01 7.793801237784080627e+01 9.754038494689982031e+01 9.167865562208216090e+01 7.227643498700186342e+01
9.367352646185668485e-02 2.633676066465671983e+00 5.194413665123602364e+00 7.820542322318065231e+00 1.414510218172369171e+01 3.416193237716164788e+01 3.905419146774029571e+01 2.757843804304255997e+01 4.758503164382143780e+01 5.607291394577063670e+01 5.607291394577064381e+01 7.609400261780511698e+01 8.444339005156589906e+01 7.620833650118451885e+01 7.535475411249410627e+01 6.952083349984992822e+01 8.943908437734744155e+01 9.246054402306529596e+01 7.238313287869564761e+01 5.797332460157573308e+01 6.961183791244120300e+01 6.307601223429706039e+01 4.238692334698713893e+01 5.805705789941983852e+01 4.719873209264216030e+01 5.511014681064719412e+01 7.542533345863239447e+01 8.294227597077660619e+01 7.739806657766641251e+01 7.652271336837965521e+01 5.639539403351549396e+01 6.432323247039374792e+01 8.423329505101038706e+01 9.432393491882247361e+01 9.754086860578470919e+01 7.748909200566484401e+01 6.327588448528836551e+01
3.648181865326004941e-02 2.003648181865290567e+01 2.519493334133916207e+01 2.782259481760523201e+01 1.213385325379155510e+01 1.533641633947625849e+01 1.905032317318972446e+01 2.405032520553200825e+01 2.939556899007157043e+01 3.606242815686797343e+01 5.020957068684374747e+01 7.022827676232071781e+01 8.607006939020381253e+01 7.768763598478608401e+01 8.607006939020381253e+01 8.943908437734744155e+01 9.766077410727412200e+01 9.246054402306529596e+01 7.238313287869564761e+01 6.976847451045345849e+01 8.652801907895555189e+01 7.140683393966733661e+01 5.713624303689419293e+01 4.793947808601586047e+01 6.774615632779423890e+01 7.542533345863239447e+01 6.955735202706830478e+01 8.959189381446761047e+01 9.262839606850675978e+01 7.290304378126593576e+01 6.235035995994689983e+01 8.227421383455536841e+01 8.063312555123870595e+01 1.002522123125252023e+02 9.742642663333731434e+01 8.808837046659631653e+01 6.801362032541392466e+01
