LEM/with_lateral_4open/elevation_000007.asc
nrows	100
cellsize	150.0
xllcorner	0
ncols	100
yllcorner	0
NODATA_value	-9999
[rows 0 to 16 of 100, columns 37 to 73 of 100]
8.884754177262699226e-02 6.929726548558100274e-02 7.395023591448830758e-02 4.828361932999872264e-02 4.897713358561925356e-02 8.568734790590110117e-02 1.075183056328203948e-02 6.823539046102447547e-02 7.194897206013613211e-02 1.557559815681563986e-02 7.704183385687686514e-02 1.685416958384493638e-02 9.680445094065920353e-02 7.639902522890137937e-02 4.559330980047965332e-02 5.839666421669215124e-02 9.739037529851846120e-02 3.670263267501718690e-02 2.041064012308905357e-02 6.895211126444661387e-02 9.031524355919069713e-02 1.560024811392830661e-02 7.641644294168103979e-02 3.888124420523987601e-02 6.873285589001959517e-02 4.772367030474261584e-02 9.504926490987847254e-02 5.760415539182907330e-02 9.666222459857021221e-02 9.627991409191682948e-02 1.286757495974483190e-02 9.381044340810595905e-02 7.584058927755046864e-02 1.435327048224320848e-02 5.777975670406795827e-02 2.716720951219454838e-02 4.735230246529398453e-03
4.939560042499266501e+00 4.433655070205410276e+00 2.007395023591413263e+01 2.004828361932964498e+01 1.159598251737803487e+01 2.008568734790554444e+01 2.001075158396413300e+01 1.799343739983213197e+01 7.018897604088485398e-01 7.086643394272336138e+00 2.007704183115103191e+01 2.001685416958348895e+01 1.423894007467173495e+01 1.162340440902151961e+01 1.418772893353130371e+01 2.005839666421633538e+01 3.478007394212591752e+00 2.003670263267466112e+01 1.156741602391550394e+01 2.006895211126409251e+01 6.760915759721940255e+00 2.001560024811357152e+01 1.421855206667275695e+01 2.003888124420488381e+01 2.006873285588966382e+01 1.586185208752696640e+00 2.009504926490952315e+01 2.005760415539147345e+01 2.009666222459821583e+01 4.684594591503133287e+00 2.001286757495939028e+01 1.164081582720052133e+01 2.007584058927719539e+01 1.415648889421306755e+01 2.005777975670371305e+01 1.717475718969226017e+00 2.000473523024617251e+01
9.939560042499223869e+00 2.443365500370747156e+01 1.092251191543585520e+01 3.092251169170986458e+01 3.159598251737767782e+01 3.988025376483892614e+01 3.025198587287600205e+01 2.115684532703171072e+01 1.332143252072103490e+00 2.138300786902208017e+01 1.777710230546979631e+01 3.777424691324210215e+01 3.423894007467244194e+01 2.576554003298128137e+01 3.418772893353059317e+01 2.690798063454631617e+01 6.907979097062783680e+00 2.690798063454631617e+01 2.570955164764620449e+01 3.397426157374312083e+01 1.385570062073266229e+01 3.397426157374312083e+01 3.421855206667346039e+01 3.366211921123042572e+01 2.312848274025921924e+01 3.129218708074927857e+00 1.718246220582828343e+01 3.651655713189968111e+01 2.939863979937095095e+01 9.398639799413409435e+00 2.939863979937095095e+01 3.164081582720016428e+01 3.992508707466141260e+01 3.415648889421235879e+01 2.341385356766284787e+01 3.413853578329164584e+00 1.496085896212129285e+01
1.528478488074766517e+01 3.528478106868359987e+01 3.092251169170986458e+01 1.799357972730120636e+01 3.799357921436978103e+01 3.888174830690245187e+01 1.691176661391268254e+01 2.226570443072017902e+00 1.231995229292473226e+01 2.710232682259029247e+01 3.776941544567885956e+01 3.191908420067003860e+01 5.190284957702017721e+01 4.576554073869422723e+01 4.468218100790273439e+01 3.050008784740983003e+01 1.050008513759831352e+01 3.050008784740983003e+01 4.570955164764549039e+01 4.225452660717613185e+01 2.549647828743328049e+01 4.197759759232955901e+01 3.529850156052472698e+01 2.537776010091324608e+01 5.379394396113369226e+00 2.312848274025921924e+01 1.577729829315902244e+01 3.575793925301328358e+01 3.768291101247896790e+01 2.939863979937095095e+01 1.724328520494063000e+01 3.724328520481606120e+01 4.822799785796182448e+01 2.822799796307705478e+01 1.408586233949095678e+01 5.141590429491877501e+00 2.514159041239285486e+01
2.528478488070894059e+01 4.356896297490465741e+01 4.333880374007081571e+01 2.333880456554960148e+01 4.333880374007081571e+01 3.712194779223500518e+01 1.701259941142691190e+01 2.860294693596494575e+00 2.266490950130433646e+01 2.892797224121502353e+01 4.504573086672460391e+01 5.190284871200170613e+01 6.005467572949069677e+01 5.053991490535834430e+01 3.053989904240870246e+01 1.639776338379430243e+01 3.050008784740983003e+01 2.464222090350100558e+01 4.464230462194533544e+01 5.381011367838305404e+01 4.555501748370530635e+01 3.715883424498885290e+01 2.405778479660224178e+01 7.666040906818460066e+00 2.537776010091324608e+01 3.366211921123042572e+01 2.991549698443498073e+01 4.405038028074900325e+01 4.793373488099987156e+01 2.793373488143741667e+01 2.879029058873294034e+01 4.552755636238693171e+01 5.408586190256546189e+01 3.408586230855854637e+01 2.691630342366797635e+01 6.916303448324097936e+00 2.691630342366794082e+01
3.942692039012744232e+01 5.356891202794383133e+01 4.936903009144867127e+01 2.936903145710476792e+01 4.936903009144867127e+01 3.953554444804760237e+01 2.075193071996768879e+01 3.495295328597446183e+00 2.351692741305583212e+01 3.412967514384749990e+01 4.232506350664666428e+01 4.748490869373328849e+01 5.667884612882685502e+01 5.512823571834237413e+01 3.512821373960407101e+01 2.098607806120561747e+01 4.098608441658271317e+01 4.464230571039269080e+01 5.292726446842181076e+01 5.777164614656194885e+01 4.776848977087085757e+01 3.014284809555208966e+01 1.014672767488398897e+01 2.766335005704763716e+01 1.415435988712686211e+01 3.415117291053422832e+01 4.950666997404266567e+01 5.818526357706311103e+01 5.621800584215932162e+01 3.793373488143706140e+01 4.879029058843824629e+01 5.707456168407757247e+01 5.383559053201524591e+01 3.969344104615067437e+01 2.871235734270056739e+01 8.716894941127618424e+00 7.016303448324121561e+00
5.942689475027763990e+01 6.005947748340736325e+01 4.005948113358687834e+01 4.936903009144867127e+01 4.578106866861558899e+01 2.605358956071811960e+01 1.662550813712874032e+01 4.131579917685798797e+00 2.415712072088123463e+01 1.603186227227406491e+01 3.156745420468354979e+01 2.732242818211564384e+01 4.759553202216535084e+01 5.731604219756638940e+01 3.731601015526540266e+01 4.098608441658271317e+01 2.951410671543194653e+01 4.365624259697865028e+01 6.365635373618196269e+01 4.948100435267384967e+01 2.947634629104891246e+01 1.947980044455593784e+01 1.192142847139124129e+01 3.191718465548519390e+01 3.415117291053422832e+01 2.122362968277533923e+01 4.122148107474576051e+01 5.845163102338802474e+01 6.621800545767240465e+01 5.793373487955722823e+01 6.621800545767240465e+01 5.282657557574788143e+01 4.183237910830008133e+01 2.555129156021927272e+01 1.140915591844485277e+01 2.871235734270056739e+01 2.279510984296592113e+01
7.420160027692726601e+01 5.420161673316239614e+01 6.005947748340736325e+01 5.308517608969764723e+01 3.888943043916745523e+01 2.730372082033370162e+01 7.289760104098039761e+00 1.237798450537975015e+01 5.072814908841332127e+00 5.739465085321284299e+00 1.378444312802132643e+01 3.254406576276371510e+01 3.924411076351382377e+01 4.778318091670812606e+01 5.731604219756638940e+01 5.779873801122287347e+01 4.106111210548398560e+01 4.365624249481447805e+01 6.365628798186738635e+01 5.777381212431541968e+01 4.774460560425452371e+01 3.375786754153266145e+01 1.376255348525763189e+01 3.375786754153266145e+01 4.950666997404266567e+01 3.536302796410572569e+01 3.016518052596698496e+01 4.430727186772809034e+01 6.431095877325661547e+01 6.302637979244260436e+01 5.310391535092536230e+01 4.346184255647561656e+01 2.589462948018520549e+01 1.432645574840276836e+01 3.140915691791020592e+01 1.993718457267081234e+01 3.993718633353733338e+01
8.248525666891383423e+01 7.420160204031385831e+01 5.663501923891574563e+01 4.243561334445431044e+01 2.469368478888143414e+01 1.054400211071373406e+01 2.730372082033370162e+01 3.134968003387752944e+01 2.395397172103353256e+01 2.576454389213419205e+01 6.688507335528795394e+00 2.348196029446756938e+01 1.850753521774565158e+01 3.314493214784021546e+01 5.396883049814931610e+01 6.934599178730057645e+01 6.106114398114943498e+01 6.365628798186738635e+01 7.194123352763126888e+01 6.054026702240786761e+01 4.859509716668870993e+01 3.523462934125232948e+01 1.562752341030088132e+01 3.562314731118253519e+01 4.707024222188781692e+01 5.536503802897979654e+01 4.430727186772809034e+01 4.430727186772809034e+01 6.431095877325661547e+01 5.479331401121445566e+01 3.496141241917718645e+01 2.487731604282781106e+01 1.745467254751113018e+01 2.139752356026836821e+01 4.139752533160832826e+01 3.993718633353735470e+01 2.993718457300786895e+01
7.052049647638057195e+01 6.036452070395220204e+01 4.616296547718140886e+01 2.823620744999429277e+01 1.406611680303576861e+01 3.057472390580906207e+01 2.208945411479979271e+01 4.216581799829241106e+01 4.270735333042087234e+01 2.587418694561787191e+01 2.192817553917535278e+01 7.639561963458882943e+00 3.070235704171857094e+01 3.908362423143404385e+01 5.997350329574344130e+01 6.476922433837337678e+01 6.646732705394640561e+01 7.483663489927901935e+01 7.054478576701984593e+01 5.225314700289725778e+01 3.224976703403326894e+01 2.070702016059018291e+01 3.562314731118253519e+01 1.878967063137150717e+01 3.878462759771760915e+01 5.031423286348557866e+01 6.431095877325661547e+01 6.431095877325661547e+01 7.259599017904803020e+01 6.302638023068669781e+01 5.310391538771490616e+01 3.979757949560412555e+01 1.980088163095471998e+01 3.979757949556080376e+01 3.294452894668502552e+01 5.294453307854846713e+01 4.993718812911528460e+01
6.095220858850336754e+01 4.212793484158146384e+01 3.196141025041065475e+01 1.777626059699027650e+01 3.411973639662173241e+01 4.243561334445431044e+01 3.367332317268782305e+01 5.047969964107749519e+01 4.398898257740259510e+01 3.313227219603267315e+01 2.327270504386873284e+01 8.318567073039035975e+00 7.915501884850350223e+00 3.961127736072032235e+01 4.466031694514873607e+01 4.466031694514873607e+01 4.632795845672644930e+01 6.646732705394640561e+01 6.225838947203983764e+01 4.224799872229689157e+01 3.224976825277257575e+01 2.517793910486955156e+01 4.517588814857263912e+01 3.878462759771760915e+01 2.203377810177155993e+01 4.202814167043072757e+01 5.361894242459444371e+01 6.334453195462864272e+01 7.182273342108366876e+01 6.755464176304606383e+01 5.601216889796109655e+01 4.218695377720116824e+01 2.219601416677074823e+01 4.218695377759812004e+01 5.294453307854846713e+01 4.927446139742656328e+01 6.927447907453159814e+01
4.084956579593465165e+01 4.212793477866758707e+01 2.204729701926112284e+01 3.784672861545337952e+01 2.722601508086051680e+01 4.731834267792309134e+01 4.788482561523411363e+01 5.027280769059503740e+01 3.074680606069859579e+01 1.681048545578708442e+01 9.276880216712052984e+00 2.842112985059383945e+01 3.172617364753869040e+01 1.961594735422173486e+01 2.458407427425727931e+01 3.220802600266218008e+01 4.632795845672644930e+01 6.646732705394640561e+01 7.054478576701984593e+01 6.054036001046472393e+01 4.989009059592178374e+01 2.988942348543037397e+01 4.989009059597129436e+01 5.031423286348557866e+01 4.202814167043072757e+01 2.538967436902274954e+01 4.488829481671074006e+01 4.318500976723692020e+01 6.343615259350492863e+01 5.927011026860273546e+01 3.928147394892234701e+01 2.774513363575148972e+01 4.218695377759812004e+01 2.667080929434160197e+01 4.665571436041818032e+01 5.964895733879156126e+01 7.755872362694610445e+01
4.673749355010715334e+01 2.664489164889314310e+01 4.212793477866758707e+01 5.044390844447008249e+01 3.481225039056035087e+01 5.491735973674771998e+01 6.796707975607947105e+01 5.601571493442408922e+01 3.646782263398304025e+01 3.644718687848190086e+01 2.915104521107608448e+01 1.024032298223470150e+01 1.426872608143502674e+01 3.346236322479894199e+01 4.466031694514873607e+01 3.728626763142650447e+01 5.144019109587838301e+01 7.161508356592912605e+01 7.189067341535906053e+01 5.187618365582325453e+01 3.772922597239760734e+01 4.989009059597129436e+01 5.817776624297510324e+01 5.693210315430044943e+01 3.693005748508505803e+01 4.538389754261037723e+01 2.900923533192365866e+01 4.314632296004345591e+01 6.316375748768047060e+01 5.404921066116217077e+01 3.406505483572983906e+01 4.772966570877701287e+01 5.493797666777290090e+01 4.665571436041818032e+01 3.138305377951179054e+01 5.136565969343193672e+01 6.481017074405427536e+01
3.182022114201290464e+01 4.673749355010716044e+01 5.505216803489770427e+01 5.491735973674771998e+01 4.903409778148700582e+01 6.322509201384085031e+01 5.504888858152298070e+01 4.670805855787772032e+01 4.057270021713122077e+01 3.148419115597101836e+01 1.162081991343880638e+01 1.157540691882706163e+01 1.170579871750811307e+01 2.565879288964446658e+01 4.550640096910080246e+01 5.734928029064684551e+01 6.571078328512918176e+01 6.956722069381187623e+01 7.781276741128256447e+01 6.602583301357900325e+01 4.927867972424702714e+01 4.927867972424702714e+01 6.929433723640484288e+01 6.522034056216985221e+01 4.847506518433806377e+01 5.173103317719185412e+01 3.172884179997902976e+01 5.173128064314003893e+01 6.412995668061410015e+01 6.233309557591741168e+01 5.404921066116217077e+01 4.112670465211606796e+01 6.111676387893612628e+01 5.964895755911312136e+01 4.550980160719369394e+01 3.654101973060572561e+01 4.807405262039016236e+01
5.192975166537399900e+01 4.604298477536335810e+01 6.614166412976645404e+01 7.498984048406012448e+01 6.912081054013184200e+01 6.085757671064607877e+01 4.095917029465584847e+01 2.696309192361404783e+01 2.979918556806640240e+01 1.300867810357331145e+01 3.148419069127884740e+01 1.295853871870262530e+01 3.033474475751051003e+01 3.836724129515044268e+01 4.382011258314692270e+01 4.930308518228518011e+01 5.556074128279045254e+01 4.975906754993373937e+01 6.956722069423665289e+01 7.757965971205508993e+01 6.929433723640484288e+01 6.343375075621041503e+01 6.929433723640484288e+01 7.677404722167770501e+01 6.848471428047324139e+01 5.973693240323990494e+01 5.084693234381725091e+01 3.576542082861634952e+01 4.991845780984684211e+01 7.000994010727217187e+01 6.646100612833797072e+01 4.646468263906260887e+01 6.646100612753701853e+01 7.378811347387078001e+01 6.186842801611685871e+01 4.187767890257689629e+01 4.505687567401049876e+01
6.713456708441420062e+01 6.614166412976645404e+01 7.443915128715302387e+01 7.400061624146464112e+01 5.427197917583898601e+01 5.427197917565755603e+01 4.828387284787189770e+01 2.843823548376268917e+01 1.440332070167452372e+01 3.286413579041852273e+01 4.108342922858029311e+01 3.287570987950027757e+01 1.438786092633373670e+01 1.908628795565133629e+01 2.405672470543385799e+01 2.954034432076339556e+01 3.577578702741076455e+01 4.975906754993386727e+01 6.956722069742619396e+01 6.927220632770449527e+01 7.748140689320564434e+01 8.344304460035084503e+01 8.929984868633232509e+01 8.343387483189685838e+01 6.369456860382214813e+01 4.963900058518134983e+01 4.208489258850438830e+01 3.976149126571674941e+01 5.390463767354609104e+01 7.388853044332678621e+01 7.249197420235103095e+01 5.248951597823789683e+01 7.249197420235103095e+01 8.178728559958442190e+01 6.178216615553503743e+01 4.764291813912026186e+01 6.505134616321186058e+01
7.872115453717488265e+01 7.405765761975729333e+01 7.188129784252170396e+01 6.816442408554519261e+01 4.851754339279852957e+01 3.476395491458629294e+01 4.300901291597951825e+01 3.524051470257468566e+01 1.539941564655793904e+01 2.932275598265085392e+01 4.847928635237000350e+01 3.516932991030264333e+01 1.539209533492490856e+01 3.516932152177545845e+01 4.382011355847813405e+01 4.929101734877684748e+01 5.555501923706773226e+01 6.378591712367497735e+01 6.589359976215291681e+01 4.909719164443633588e+01 6.589359976215291681e+01 7.490107602144875898e+01 8.634869412891289642e+01 8.343387483187588316e+01 6.369456860382214813e+01 6.776642298626966010e+01 4.785583281580100135e+01 5.975778435131003619e+01 4.593136047457760895e+01 5.748496107049638226e+01 7.746442151834061463e+01 6.663260932663197877e+01 6.403667556209435929e+01 8.404212694152754182e+01 7.430978733561168781e+01 5.430501527313397503e+01 7.430978733561168781e+01
