LEM/with_lateral_4open/elevation_000094.asc
nrows	100
cellsize	150.0
xllcorner	0
ncols	100
yllcorner	0
NODATA_value	-9999
[rows 17 to 33 of 100, columns 37 to 73 of 100]
5.840879520438652861e+01 7.239171158860369815e+01 8.067438001813037829e+01 8.002557672842210934e+01 6.859466267949125040e+01 5.359854464334313917e+01 3.379244089082210678e+01 5.251369668562291082e+01 4.472459848148085371e+01 3.175747870353054125e+01 4.438195467225131807e+01 3.477798625275899980e+01 1.481818265599767948e+01 3.336879335534161584e+01 4.133621425086641210e+01 3.259640516247493025e+01 1.459240271961683000e+01 1.551831588105288162e+01 3.549262717917353882e+01 4.022717432835034401e+01 2.616055780477919868e+01 3.097772492428039115e+01 3.782004698638991158e+01 4.668359470581037840e+01 6.084983553253133692e+01 8.087025284105445166e+01 8.690844196225400253e+01 6.763065784222136756e+01 5.417464907989027978e+01 7.327699008472865216e+01 8.766390952524882607e+01 8.185002202797400628e+01 6.235489401527897968e+01 8.185002202797400628e+01 7.980230976723660774e+01 6.293480367112442053e+01 6.293480367112442053e+01
4.846995448152465258e+01 5.243567870284056909e+01 6.914597848124354584e+01 8.060634190753293637e+01 6.329478205353832720e+01 4.348912135380187038e+01 2.943339742638536904e+01 4.342919194772813540e+01 2.452703114975387777e+01 3.662468483103433670e+01 3.617190993368915031e+01 1.624232155578144443e+01 2.894074287399485002e+01 4.303667078303043780e+01 4.715616036563705649e+01 2.723717162749903409e+01 3.456625504947032823e+01 3.549262718496913749e+01 1.684048626075299993e+01 2.061329756470282604e+01 4.022727397533171967e+01 5.070754618175389794e+01 5.775595353742190952e+01 6.604466248554443553e+01 7.499867802961041718e+01 7.588338207250055234e+01 8.428306413229765326e+01 7.672341337813702467e+01 7.327699008472865216e+01 6.361168848051653413e+01 8.239028871586022262e+01 9.086603711790331772e+01 7.666440197381245980e+01 9.086603711790331772e+01 9.143916762021088118e+01 8.313776645115000008e+01 8.313776645115000008e+01
4.798530651378391809e+01 4.097415135394228258e+01 5.545510183228844880e+01 6.372430782273996641e+01 5.221757778043639320e+01 5.221757778043639320e+01 4.357369920133209718e+01 2.366401416352837117e+01 1.982210212658886306e+01 1.875191899273772833e+01 1.768531545235212832e+01 2.155842981162859573e+01 4.202837881228940375e+01 5.712614239241529646e+01 4.717373044861293607e+01 4.717373044861293607e+01 4.679297000625179237e+01 2.684393666563178726e+01 3.681394203927215614e+01 1.822117315935547310e+01 3.819054411004731264e+01 5.465743376975990486e+01 6.293362364769131290e+01 6.356984215607656807e+01 6.696061070987789776e+01 5.546249377575722406e+01 7.251711555404648379e+01 9.123603336969604527e+01 9.033325082099574388e+01 8.036121788130338928e+01 7.683497481492298675e+01 9.580200287874268383e+01 9.680321138468234210e+01 1.000842749762982464e+02 9.180809746318280418e+01 8.962556097624538154e+01 9.063706790211109876e+01
6.791701305965372626e+01 5.545510183228844880e+01 3.556352574822712853e+01 5.055813431605653818e+01 5.135093259112791486e+01 3.373221712512817305e+01 4.138909280765966514e+01 2.144635074031496913e+01 3.976647808638495007e+01 3.870207608862435933e+01 2.125782017199198748e+01 4.052255083734602437e+01 3.420900759826097470e+01 5.548388042465573733e+01 6.711093710167098436e+01 5.941039636986373296e+01 3.946049361008199696e+01 4.677435681350181085e+01 3.331896553205186251e+01 1.919984499920099807e+01 3.914873177054021625e+01 3.472302926046796756e+01 5.465860222669099500e+01 4.360040827714473011e+01 4.689977793384649374e+01 4.364485874859423120e+01 6.001001571215338259e+01 7.759178711594404376e+01 7.340931797664863723e+01 8.799010974056017176e+01 9.580200287874268383e+01 1.038315268270685721e+02 9.712967229750185538e+01 8.884782517252827461e+01 7.203183527852458212e+01 6.987647308469237828e+01 7.092714434223233866e+01
7.540982936353493926e+01 5.545510183228844880e+01 5.055813431605653818e+01 3.064771295026272924e+01 4.419256344189962249e+01 2.424849567828465879e+01 2.307971107291790247e+01 4.134174181145822757e+01 4.962422015757405802e+01 4.480977699445443108e+01 2.490601166034488401e+01 4.480977699445443108e+01 4.952871901085638484e+01 6.381452823921659245e+01 7.941740120994425922e+01 5.941039636986373296e+01 5.941039636978273819e+01 6.110788449135947786e+01 4.735274458891070282e+01 3.916839689132806512e+01 2.059418485484245309e+01 4.056125275868923552e+01 4.491399971852698769e+01 2.943281643080737453e+01 3.283213463983445024e+01 5.228541349330195231e+01 6.529104923334907085e+01 5.573999073683434347e+01 7.051659290242635336e+01 9.262735976410772309e+01 1.134325838740266335e+02 1.003640410124602056e+02 8.041737006676861199e+01 6.908947074556279233e+01 6.225181732192272221e+01 5.614329092339546889e+01 5.142251468503241796e+01
6.391707444157967188e+01 7.219479187341640625e+01 5.552955519813236407e+01 4.487927027561664772e+01 2.592775831166884259e+01 4.419256344795991964e+01 4.302291755230754688e+01 3.569929622162478466e+01 5.562366457449535773e+01 4.863945830928784630e+01 2.873985046727478121e+01 4.021787363074506771e+01 6.014355692029912603e+01 7.810033746757683559e+01 7.420016595291335193e+01 6.592820135566380202e+01 5.888966016379992396e+01 5.289336939650140579e+01 5.153564368589653100e+01 4.173763803711891285e+01 2.177371101608563464e+01 2.150609662487112672e+01 2.410940714769427018e+01 4.491399968931133913e+01 5.277545982353774434e+01 3.846184916584665814e+01 4.473278986771042298e+01 6.530639875280974138e+01 7.938917135496544120e+01 8.781113861398462461e+01 9.799470610445470697e+01 1.086594553221432307e+02 9.712967229750185538e+01 8.884782517252827461e+01 8.186219197233096168e+01 7.566084700587916245e+01 5.886007294740723239e+01
4.399005827843688365e+01 5.687181031269315667e+01 4.768440282642826133e+01 2.775234074529701189e+01 4.586893635820928239e+01 4.220386131289748732e+01 6.206112030842466964e+01 4.978048042604251577e+01 6.389612276472456642e+01 5.288126075070421450e+01 3.298544372974196648e+01 5.288126075070421450e+01 6.847141822532157107e+01 7.745215137961992014e+01 5.749208443424329573e+01 4.602020052995268884e+01 3.900221364612467312e+01 3.299462760049533472e+01 4.294553410800214266e+01 2.345152502819419382e+01 4.173763803736923705e+01 3.711910250043446524e+01 4.478321131293502333e+01 2.828010162655612447e+01 4.830408734012547711e+01 5.853154477010868817e+01 4.624281030657640912e+01 5.226368129437287280e+01 5.899550045863450265e+01 6.919122758772554960e+01 8.958711512220540385e+01 1.057042666257720782e+02 9.739587210550935481e+01 9.556562426382404851e+01 8.726561222114921179e+01 8.668683037471929254e+01 7.277345166106428564e+01
4.843974588107824530e+01 3.697134777368256664e+01 4.867556173879861348e+01 2.905257261188452134e+01 3.460233100716624222e+01 5.453482684648178491e+01 7.023306815947266557e+01 6.973476058609436734e+01 6.919246936670749903e+01 4.921540026805920576e+01 3.849780693424176548e+01 4.921540026805920576e+01 6.919246936670749903e+01 8.572703711696088646e+01 7.420016595291335193e+01 6.592820135566380202e+01 5.888966007050896678e+01 4.509587457466601990e+01 2.514572004482506173e+01 4.340953560603703210e+01 5.167253733543551419e+01 5.729412091175968413e+01 5.062299276165850870e+01 3.083141008661753091e+01 5.063929591448039247e+01 6.236795355439689814e+01 6.646227911996490434e+01 7.259128105618849247e+01 7.938917135496544120e+01 8.781113861398462461e+01 9.799470610445470697e+01 9.412738959906451441e+01 7.734682509538960460e+01 8.726561222114921179e+01 6.733010792283300816e+01 7.316908194543626109e+01 7.909843090015475298e+01
6.496659351344371203e+01 5.086644861395165407e+01 3.095703480033740362e+01 4.897628938870050774e+01 5.427659562024626894e+01 4.350756887172514809e+01 6.338263827173790332e+01 8.224656952068656324e+01 7.754469274039584548e+01 6.415578387754368350e+01 4.422260895399276848e+01 6.415578387754368350e+01 7.754469274039583127e+01 9.136428898407072552e+01 8.308978597703342928e+01 7.038516892292265936e+01 5.043125677294703735e+01 3.636629157353574016e+01 2.637807697172492638e+01 3.531677484331875405e+01 4.679645767153734681e+01 6.674005476815419513e+01 5.887367789876815038e+01 5.064051351428428660e+01 3.437764452608703181e+01 5.413275786686522650e+01 6.666216713418113216e+01 7.372857428790798906e+01 8.197967249618095309e+01 9.196837559935784157e+01 1.001666766712941552e+02 8.582054941722124397e+01 6.588178454878965340e+01 7.430889815312363567e+01 6.988565141550587612e+01 5.336337932983532539e+01 6.173425420882938397e+01
5.804962880060730157e+01 3.766656236003874625e+01 3.238179957815787446e+01 5.228254809677444825e+01 6.078537321760588696e+01 6.337511575439526723e+01 5.412389841607932794e+01 6.819190079026800788e+01 8.807231974278425923e+01 7.171303274685510587e+01 5.171843163971331592e+01 6.415578388193030435e+01 8.423965846079030939e+01 8.308978597703342928e+01 6.308265047593967978e+01 6.894260287103392670e+01 6.454717523329614437e+01 4.756925570971282724e+01 2.763540198473789999e+01 4.756551059928992942e+01 6.348525986672377286e+01 7.503650625632731419e+01 5.839354585405938991e+01 3.863708471169823611e+01 5.413275786686522650e+01 4.112782061680997003e+01 4.677820053624405716e+01 5.374175661980635255e+01 6.371605680129600557e+01 8.374109177451997255e+01 9.185546714141028701e+01 7.183990940960973148e+01 6.043096890331759852e+01 5.452753737998878591e+01 5.013432153564030358e+01 4.600982500623377547e+01 4.194784571279899410e+01
4.626818270478376860e+01 5.136445268893763938e+01 5.228252422203770777e+01 3.448984498784663089e+01 4.190326442936591889e+01 6.237005644886264832e+01 7.401474068862953004e+01 7.401474068863042532e+01 9.388574326121351987e+01 8.007404876654531733e+01 6.322386561240620040e+01 8.007404876637156121e+01 8.092781421476159665e+01 7.264202106956905425e+01 6.710066178282315263e+01 4.900035757866279340e+01 5.742894183565351796e+01 4.882430363584074939e+01 2.890106775190109545e+01 4.298913281877822357e+01 6.288971749964318292e+01 7.560122311796830274e+01 5.563624856829528653e+01 4.169622579496889614e+01 6.148385422467433870e+01 6.092216040024284496e+01 5.726111912564981310e+01 6.666216713418114637e+01 8.197967249618095309e+01 9.196837559935784157e+01 9.185546714141028701e+01 7.183990940960973148e+01 8.029947949697472609e+01 7.430889815312363567e+01 6.988565141550587612e+01 6.433939170809732389e+01 4.456369206682290240e+01
6.584886481082155285e+01 6.906658813107162587e+01 6.244609327653687814e+01 5.426274054549593728e+01 3.662714624722512724e+01 5.065699274652649819e+01 7.078286163447948809e+01 8.634159282987243955e+01 9.454032372946053897e+01 9.169895555859638137e+01 8.330945070948438058e+01 8.680923466977917258e+01 6.677376906052710126e+01 5.266236601539906559e+01 4.716987744520394443e+01 4.222412227474544011e+01 3.755045925162236387e+01 5.003363668546063536e+01 3.017731518225267351e+01 4.425323574382425562e+01 6.415404560725474425e+01 7.888920742328738811e+01 5.888917946746197174e+01 4.489779463452916985e+01 6.474705204095373290e+01 7.816153040147204933e+01 7.721192599945047164e+01 8.545139885021967530e+01 9.485683284327653553e+01 1.082553359702027507e+02 8.816968073064435885e+01 9.185546714141028701e+01 9.427006283863681801e+01 8.596337678448415431e+01 7.112392741923774508e+01 5.134377673897808592e+01 5.852485287808764269e+01
7.506873430392494129e+01 6.933217457742361489e+01 5.864815934392879626e+01 3.878742068325951209e+01 5.650070148153446326e+01 6.484588317876826125e+01 7.368790899796525196e+01 6.633436197963324332e+01 8.051476505480913204e+01 1.004087994700426094e+02 9.577844692797548021e+01 7.574282406903778053e+01 6.417303244998414868e+01 6.677376906052710126e+01 6.710066178282315263e+01 6.211796569851147609e+01 5.191638794316028083e+01 3.202208633057864517e+01 5.008873906157668898e+01 4.167393133973099850e+01 5.573420147652101519e+01 7.571729511635881238e+01 7.300907188469525977e+01 5.888917946746437337e+01 4.994035500325343691e+01 6.990082261788596441e+01 8.082612396113444220e+01 8.791156588341939937e+01 9.612742367872172622e+01 1.050336582687958327e+02 1.082553359702027507e+02 9.753906619696374491e+01 7.748938400191187270e+01 6.601777410766959520e+01 5.905694368130984628e+01 6.528954329429842574e+01 7.837693021045184594e+01
5.528955151853500638e+01 4.998133451129220362e+01 4.509981892914974821e+01 4.041119122936877517e+01 4.373142777696008210e+01 4.834728491233791203e+01 5.344123120714343145e+01 7.368790899796525196e+01 9.133931688510395475e+01 1.002420104063026400e+02 1.040386100277861487e+02 9.248690378279567881e+01 8.421087467698596640e+01 8.680923466977955627e+01 8.182717826483822421e+01 6.738538294461439193e+01 4.745388518752146467e+01 3.340919612678052886e+01 5.329168589080559570e+01 6.158785142770894083e+01 6.158790034080158904e+01 8.158717954833514341e+01 8.712896509220350083e+01 7.816142149495595959e+01 6.143294007363549980e+01 5.577016495744877034e+01 6.076303281308604909e+01 6.787090975961481831e+01 7.686967158838594116e+01 9.103608868929676134e+01 1.108677438994368174e+02 1.058470187434863590e+02 9.427006283863948966e+01 8.596337678448415431e+01 6.892440060053441186e+01 8.520937670176020617e+01 9.208567271379300223e+01
7.506875471951158829e+01 6.933225520793638452e+01 6.433846280400329931e+01 6.021621288914953851e+01 4.280836097568543153e+01 6.254624193815970301e+01 7.368790899790359106e+01 6.310006871911729576e+01 7.208922156889040878e+01 8.625056078526731085e+01 1.060939364085729864e+02 9.842539569488798179e+01 8.900346824023030479e+01 8.075022231989305510e+01 7.354384235732779018e+01 5.358162081755465067e+01 5.491964886120332778e+01 3.504781024622412389e+01 3.717590978731879403e+01 5.695459737168769720e+01 6.904547663529659474e+01 7.893112242688296476e+01 8.721904534053594205e+01 8.970220901244026379e+01 8.146815539509246662e+01 6.394490896413751813e+01 8.082612396113444220e+01 7.347710035727553191e+01 9.347202408588471201e+01 1.050336582687958327e+02 1.112358435746959486e+02 1.029314989999620167e+02 1.029314989999620167e+02 9.720607118140459590e+01 8.889868206080576840e+01 9.720607118140456748e+01 1.019930568545457277e+02
8.092923862989378847e+01 7.489866725771541667e+01 6.581706894964901267e+01 4.595073594018451502e+01 4.545126113851867444e+01 5.945073634751692992e+01 7.941196910194119596e+01 8.313020649988747834e+01 9.133931688510395475e+01 1.002420104063026400e+02 9.407094877008124456e+01 8.513323971588518191e+01 7.020539057648943526e+01 6.078508080852833473e+01 6.444875253812547555e+01 5.724475674697068683e+01 3.737901457046027076e+01 5.491964919937871770e+01 5.695459737168769720e+01 4.102723788275251593e+01 6.079453778326980284e+01 5.904949304862385162e+01 7.893112239573540023e+01 9.696265081281438825e+01 9.222390812353947354e+01 7.555237648248679250e+01 9.222390812353947354e+01 8.765295159275129322e+01 1.016727917034947950e+02 1.146450050411982460e+02 1.029314989999620167e+02 8.282054973888462257e+01 8.282054973888462257e+01 9.026677596516105950e+01 9.858272832653970852e+01 1.019930568545457277e+02 8.187036138475430391e+01
6.092809611691932759e+01 5.491652087675631577e+01 5.109843045423111363e+01 4.891615636878965745e+01 4.821845195379620463e+01 6.814371175117474877e+01 8.053832042034761685e+01 9.147218193194652258e+01 9.958509704618126079e+01 9.992920280604390371e+01 7.997428063243245333e+01 6.580743109491207576e+01 5.687965363832507393e+01 5.026569213596695818e+01 4.456026572048561007e+01 3.976753156920323562e+01 5.140034843149902599e+01 6.551579120509190091e+01 6.079453778326980995e+01 6.079453778326980284e+01 4.510312713460909606e+01 6.487268722965548307e+01 6.867195231672825173e+01 8.026885140990174250e+01 8.857158701306487103e+01 9.553090284063095794e+01 1.037255636019987435e+02 1.075205078192398105e+02 1.087421477187250645e+02 9.454811954047143274e+01 1.031362099964788257e+02 8.871091040135557648e+01 6.858289987962274381e+01 7.014056931944205076e+01 8.697126553479073152e+01 9.087151352782376534e+01 8.556294480441127348e+01
