LEM/with_lateral_4open/elevation_000463.asc
nrows	100
cellsize	150.0
xllcorner	0
ncols	100
yllcorner	0
NODATA_value	-9999
[rows 68 to 84 of 100, columns 37 to 73 of 100]
7.146911494334580084e+01 5.115748618924685331e+01 6.563324734912289671e+01 8.555814563753050095e+01 8.055651165635545397e+01 7.118001063971564690e+01 5.085254872104413693e+01 6.994581616538192748e+01 6.684876073501928317e+01 7.551675497682427363e+01 5.997945607219365627e+01 7.155289122401295288e+01 9.130351673884302954e+01 9.682488941076449862e+01 8.539958133102736326e+01 7.719783004421087469e+01 6.440231271036086014e+01 7.840915713240870843e+01 9.742963419880956621e+01 8.819961382439988995e+01 1.022091264880798178e+02 1.109616683075944792e+02 1.041249579937230578e+02 9.592261621640076896e+01 1.041249579937230578e+02 9.904750164943361312e+01 7.924929820827081528e+01 6.784791838122509944e+01 7.918793472755142204e+01 7.628623219829985658e+01 9.030691689471834138e+01 8.619911576095441319e+01 7.627728608079254968e+01 5.990550042562963284e+01 4.917719768506329814e+01 3.484750488363824417e+01 5.191365732538768185e+01
6.226770120321516089e+01 4.764456269331712690e+01 6.812990374564947160e+01 8.055652082236362332e+01 6.044705558880772145e+01 6.413712742875553374e+01 4.673798933674621736e+01 4.955211289254108920e+01 5.243512920263221133e+01 5.542218326808868767e+01 6.970540510134357248e+01 8.808713241935831206e+01 9.942785573102406715e+01 8.861627472813793815e+01 6.883896568135938310e+01 5.738714151814169639e+01 7.719779731539260581e+01 6.943937882509443682e+01 8.149373559251040433e+01 7.422937524304873591e+01 9.399395116049511500e+01 9.118492159938567454e+01 9.423296344002355340e+01 7.614617228019793060e+01 9.423296344002355340e+01 1.037954595594977150e+02 8.398097855100647280e+01 7.924928129926189513e+01 9.584067051595104658e+01 9.608207711023389663e+01 9.198528156908479048e+01 7.216178993201016567e+01 5.813594356648219730e+01 4.809730549257950827e+01 3.979289472719356979e+01 5.502736015056358099e+01 3.909816771216386400e+01
6.493063055364827107e+01 4.432019518080788600e+01 6.151914191040422963e+01 6.944091833914706058e+01 6.112656467772111313e+01 4.349735257737785332e+01 5.823687344829124157e+01 6.994581616056903783e+01 6.684876077144511441e+01 6.558469521538278002e+01 8.373333459153690228e+01 9.776126620530081368e+01 1.040426238432567203e+02 9.261590075637003849e+01 7.306702606425004376e+01 5.336322447554802295e+01 6.749391770891091369e+01 5.550218764427935270e+01 6.169556910664779537e+01 8.149373578320654588e+01 9.375466021337692268e+01 7.718519561997625544e+01 8.603439424829932136e+01 6.617746422254053584e+01 8.603439424829932136e+01 9.752945177554671830e+01 1.037954595594977150e+02 9.323442460437324542e+01 1.027412877493975429e+02 9.279184809420554814e+01 8.453047626453638941e+01 7.793361899098036361e+01 6.567810938275485455e+01 4.568189122137070513e+01 5.990550042562996680e+01 6.256846275468586782e+01 4.250077827627642080e+01
4.981066494828470326e+01 6.151773085305899258e+01 4.085170877025218061e+01 5.818828197422428161e+01 4.045392501300956667e+01 6.112656467772111313e+01 7.242457136118727590e+01 8.661223335027767689e+01 8.674065875978237727e+01 8.544881137783407610e+01 8.544881137783407610e+01 1.052486386711720883e+02 9.582449918725870930e+01 7.605298284830405464e+01 6.464045546341058923e+01 6.749393210985867597e+01 4.821576737984928229e+01 6.749394094907346187e+01 8.149373578320654588e+01 8.969620133259496697e+01 8.555036403650197485e+01 6.568341440024015299e+01 7.408017531602953909e+01 5.949655623717707442e+01 6.947390920175833173e+01 8.932428238751482752e+01 1.081368481114397326e+02 1.130644808660280489e+02 9.445146379162810035e+01 7.461481020871858050e+01 6.474250381930912113e+01 5.813142001358833255e+01 5.209015650253066099e+01 6.567810938275485455e+01 7.390501781292351779e+01 6.599586631696824668e+01 4.601081922984855055e+01
7.019318643325898677e+01 6.982310316460669242e+01 5.818828193994104225e+01 3.754238573179637228e+01 5.818828180919386028e+01 6.944058070069597477e+01 7.985226506934890267e+01 9.137477441093014363e+01 8.960969082473879155e+01 8.139664678132886877e+01 8.960969194886898492e+01 1.002697199687508913e+02 8.885664939931069739e+01 8.065851778822361950e+01 7.190642697029497299e+01 5.236180098203419675e+01 4.574120805297024361e+01 5.876407880801436079e+01 7.841347680125535646e+01 9.019552855427201621e+01 8.198044217911420617e+01 7.408017531602953909e+01 5.412694341605020298e+01 5.315740238106038618e+01 7.311385567045910250e+01 8.031119322044543196e+01 9.422769774534542364e+01 1.038218429565931444e+02 1.027617257204769601e+02 9.279184809421832369e+01 8.453047626453783892e+01 7.196258511909199740e+01 6.101777046285825179e+01 8.019054492509947352e+01 8.356647831602298027e+01 6.377019123250256172e+01 4.967552893416106485e+01
7.641982776270343436e+01 6.834040744093516651e+01 5.664943279902107776e+01 3.603402131532453723e+01 4.335323610639488123e+01 5.127642170696039869e+01 6.315050265615910519e+01 8.315340788534761884e+01 7.969250414725929943e+01 6.155965067493136900e+01 7.969250414725929943e+01 9.205799583905778150e+01 7.231352067524674965e+01 6.094856702866385234e+01 5.416895017855831185e+01 4.850250903056822693e+01 4.362084443832961966e+01 5.869519575188974159e+01 6.676139211868319023e+01 7.969991645497684374e+01 6.214820936214326252e+01 6.578749189189467472e+01 4.744478483292073179e+01 4.798141622681350782e+01 6.796303234647162128e+01 6.625846505505970185e+01 7.597184590938937276e+01 9.566912560509523189e+01 9.937278181032921509e+01 1.076573080889984766e+02 1.000545970794626669e+02 8.905939744577928252e+01 7.500870237402851615e+01 8.905741853318814094e+01 7.365983093128077996e+01 5.967377909054320639e+01 6.377019949674292576e+01
6.834040803038784873e+01 4.981396029388418611e+01 5.420368599941516408e+01 3.457166722907159340e+01 5.515382869034574043e+01 7.160472510363271681e+01 7.985225062438615851e+01 7.750422004171331025e+01 7.147814872680953613e+01 5.158763681484878560e+01 7.147814872680953613e+01 8.328911562857115314e+01 8.885664939931069739e+01 8.065851778822361950e+01 7.368999786875477298e+01 6.638991803248231349e+01 5.740026177825971843e+01 4.083077618036664802e+01 5.300998842112403509e+01 7.100559933809446989e+01 6.353269033035885371e+01 4.587262296809468864e+01 4.108707349470333980e+01 4.628228679627414976e+01 5.207564582775952999e+01 5.967853130864458677e+01 7.958700986712071312e+01 9.611965659735433576e+01 7.939037676042808300e+01 9.611965659735433576e+01 9.340615764588439163e+01 1.016951846033106790e+02 9.484040081826903190e+01 1.017189936235615306e+02 8.769327421761808239e+01 6.956486947755591643e+01 8.356794666903540758e+01
6.672747847399462273e+01 5.524023045452098302e+01 3.723184740667637982e+01 3.312564086573092226e+01 5.618870147495577783e+01 6.265616349873454993e+01 6.136913659821155420e+01 5.769797722170407894e+01 6.484797808914264294e+01 4.492029614003745763e+01 5.519156327870441459e+01 7.507126170522111863e+01 7.641356778007391881e+01 7.646261651857598451e+01 8.427588262338764480e+01 6.143231580902584454e+01 3.784335567243365972e+01 4.482920118775925289e+01 5.248873445267052062e+01 6.037515795032220467e+01 4.447036495008669732e+01 3.688163997082872925e+01 5.398404640610937832e+01 5.660456851480302021e+01 6.571645873155729589e+01 7.958700986712071312e+01 8.774965796082210545e+01 8.783633379094352733e+01 6.786408090722832753e+01 7.927905297496781145e+01 7.342741462320979906e+01 9.340615764588439163e+01 9.264164929098936341e+01 9.850098287724701152e+01 9.760802799407963448e+01 8.354595786414840575e+01 9.344205761431324220e+01
4.829105336277403637e+01 4.338756021133572460e+01 5.078376808899149353e+01 3.176919725615175594e+01 4.985968521730985969e+01 4.271763602328055498e+01 4.142626970274719156e+01 4.360387376106954349e+01 5.178366410958299326e+01 3.888248015282159997e+01 5.883955591009588204e+01 7.061964468760498903e+01 5.662115708591161933e+01 5.710987092727986436e+01 7.646261651857598451e+01 7.155708105059582635e+01 5.505536267762320790e+01 3.468187165674874706e+01 3.245635938937282106e+01 4.935416296078783205e+01 3.302852953884708853e+01 5.303833827001933088e+01 6.450207886280644232e+01 7.473603993481344787e+01 8.227471751969952152e+01 9.228758651214504027e+01 9.320804524745027209e+01 7.322539586793109834e+01 6.031259014341600988e+01 5.930348719530039148e+01 7.927905297496781145e+01 8.679668576838700744e+01 7.266156993719521040e+01 7.851359969127619820e+01 9.573399908290920735e+01 1.034064346386583964e+02 1.049083561775656079e+02
5.791421159572873023e+01 6.140534097356733412e+01 5.796769605950264292e+01 4.143366753586628448e+01 2.986868906565992177e+01 2.857142675289108524e+01 2.728545594861196122e+01 4.526766376860938834e+01 3.180429380785718863e+01 4.594862233376082372e+01 6.587070110178655113e+01 6.241821996220253510e+01 4.283407464062639747e+01 6.241821996219660917e+01 7.477970172853434860e+01 7.576734987360667617e+01 6.945967562622409730e+01 5.765548606023929779e+01 4.935416296128604330e+01 2.939878404078354279e+01 4.932926717174402143e+01 5.880214172850298127e+01 6.546764393200592735e+01 7.374490232108138343e+01 8.371470883223972237e+01 9.678103201173357206e+01 8.849292748335365388e+01 7.322541239709234162e+01 5.324200338149780976e+01 5.174372762749807464e+01 7.172899878199471857e+01 6.999497580161106214e+01 5.853565581922932637e+01 6.747173284646984825e+01 8.159202996165022626e+01 1.015809791097986619e+02 1.053222793795085153e+02
7.693908533098932878e+01 7.755291004588912074e+01 5.864911237732844995e+01 3.875426327095446055e+01 4.071771600341476471e+01 4.855749551396667840e+01 4.546563602241090507e+01 2.548845973625319772e+01 4.382074131949784146e+01 4.269933180312564502e+01 4.860128892840991455e+01 5.524640395192248121e+01 3.662818122205808891e+01 4.672984046622544696e+01 6.656740560433114240e+01 5.588347087882938524e+01 5.588350352263807252e+01 4.859749192304017384e+01 4.546690282113507209e+01 2.778458942485431038e+01 3.305282206780303511e+01 3.882539975301529012e+01 4.551854110161340827e+01 5.551583766760805361e+01 7.541945019640387216e+01 8.849292748335365388e+01 6.851281850823362163e+01 7.436485693820009146e+01 6.506724453810647901e+01 4.507269076627055426e+01 6.313924023165170496e+01 5.000724364550453771e+01 6.155138498843473371e+01 8.152913535157084368e+01 9.573399908290920735e+01 9.594606873510136325e+01 8.528947770318789878e+01
8.082117387627764060e+01 6.088748865411110955e+01 4.936316735163476466e+01 5.864611118616042518e+01 5.965722623913794820e+01 5.100749899278321919e+01 3.102602789124006932e+01 4.382074131949784146e+01 2.384605166167889934e+01 2.272679030045244630e+01 2.813866986427505168e+01 4.372561606997088290e+01 3.065921207156828387e+01 4.455967926903804965e+01 6.439770163651512291e+01 5.588350352263807252e+01 3.595784654907547662e+01 4.328142135292248582e+01 2.560410929514621614e+01 4.511025985503621882e+01 5.300679054153381031e+01 5.881794298854178749e+01 6.546764393200592735e+01 7.374490232108138343e+01 8.371470883223972237e+01 8.898256685854028092e+01 7.436485693820009146e+01 5.438147082841556568e+01 4.682014115695105971e+01 4.089990324828991675e+01 4.314338008412207870e+01 6.313924023165170496e+01 7.827566462926401414e+01 8.981371084455959419e+01 9.594606873510136325e+01 7.587280558203541148e+01 7.106406636996408110e+01
8.905035007590866769e+01 7.755291004588912074e+01 6.931245534731857560e+01 7.158491299857658419e+01 5.689527580666808859e+01 3.692885319698437740e+01 5.100749899278321919e+01 4.811446259249289170e+01 2.830732182073444392e+01 4.112728947579334715e+01 2.114859548296023561e+01 2.401089888452102628e+01 4.386712520678106841e+01 5.858510679627629258e+01 6.154269896269284601e+01 4.948661524342799112e+01 4.124677481461876738e+01 2.344032379381295073e+01 4.328061213581483457e+01 5.356984166573953132e+01 6.079345912362749971e+01 6.712839782055168314e+01 7.535911311880768437e+01 8.425371830870487599e+01 9.483012921636631631e+01 7.484296447564588561e+01 6.071403551570977442e+01 6.656693065854057068e+01 5.681599404761328742e+01 3.681614795815956853e+01 5.096140356815362082e+01 7.095022578526513257e+01 7.704502174709818973e+01 8.532941907553691863e+01 9.375633593906242425e+01 7.367447798732021624e+01 5.942632538763638905e+01
1.030286589095466070e+02 9.480567855670939537e+01 7.909729366312330967e+01 6.336334671401876761e+01 4.342741327692220921e+01 5.689527580666808859e+01 6.512513957616039306e+01 5.276826061647063426e+01 3.301708564280597358e+01 4.937547952448692712e+01 3.956130780202173014e+01 1.958464385436300503e+01 3.805080377686150683e+01 4.630200214008639392e+01 4.747648837085553453e+01 3.341028742579977262e+01 2.140686053614135886e+01 4.124677481461876738e+01 3.019391865138030795e+01 3.530660837186000123e+01 4.084825757345556951e+01 4.718605872319184158e+01 5.612650702068288666e+01 7.021104587222924920e+01 9.007517451011139542e+01 8.069706949151022002e+01 6.071403551570977442e+01 4.657584631297417133e+01 5.414340458190483929e+01 3.414344213420302765e+01 5.414340458190483929e+01 6.291367324971491115e+01 5.706027704747816642e+01 7.704502174709818973e+01 9.061550948405286476e+01 8.232182266584941033e+01 7.006694848039516899e+01
9.480567855670939537e+01 7.500232302480816315e+01 7.088259206166668491e+01 5.098853882442909935e+01 6.336334671401876761e+01 7.158491299857658419e+01 6.047858518030191277e+01 4.083069374373771865e+01 5.277204811577322374e+01 5.277204679306034762e+01 4.781116990475200623e+01 3.805080377686156368e+01 1.807265363037673822e+01 3.655507040054850876e+01 3.725462760623699410e+01 1.939045508316257482e+01 3.923848565695148949e+01 4.948661524736093043e+01 5.011970014297531861e+01 5.527873318246405887e+01 6.082207647864331079e+01 6.712839782055168314e+01 7.535911311880768437e+01 8.425371830870487599e+01 8.026512172477170282e+01 7.808193857896949908e+01 7.484830117026822904e+01 5.714304312252545515e+01 3.714510678416413469e+01 3.153980266175471669e+01 5.153963347101612413e+01 4.291974552134477960e+01 5.446701940597074554e+01 7.445201697724306200e+01 8.232182266584941033e+01 6.221495593576087657e+01 6.556674139185122385e+01
8.679974277309142394e+01 8.080259156985398761e+01 6.096259255324750370e+01 6.507473440233525253e+01 7.909729304579914810e+01 7.096966679621023388e+01 5.134265028556480104e+01 5.217979491549808557e+01 6.865819021714543169e+01 7.245401649771106634e+01 5.433966884591574598e+01 3.438996421533601477e+01 3.655507783107236719e+01 1.657511002462998562e+01 1.739653004002067505e+01 2.146001747285730943e+01 4.130686213868911238e+01 5.201979004189859523e+01 5.700967116683233371e+01 6.254131796973608459e+01 7.006270930160998489e+01 7.827800007266587556e+01 8.973080879551027067e+01 8.026512172477170282e+01 6.029379765318279993e+01 5.810852713529988023e+01 7.222720996976956087e+01 6.542414950275899344e+01 4.897891985822968053e+01 2.897924227522833363e+01 3.397323451519940818e+01 5.397211694214417577e+01 7.119484806150751410e+01 8.273534273476919054e+01 8.232182266584941033e+01 6.221495593576087657e+01 4.799572633708887537e+01
7.851468476756923565e+01 8.901549096717741349e+01 8.080259156983844093e+01 8.490400077270039958e+01 8.494130617237254910e+01 6.518242427958274732e+01 7.096966679621023388e+01 7.181494350270165228e+01 8.002660132955661254e+01 7.621439879401397377e+01 6.257417069438686497e+01 4.961656353193671976e+01 2.965522112623435547e+01 1.552031124067343981e+01 3.499121577420502405e+01 4.127502633994659220e+01 2.755328780923807841e+01 3.208238527012511554e+01 3.705014666709728033e+01 4.259668178411006068e+01 5.016297832427484593e+01 6.167727130284527703e+01 8.151743062978188448e+01 7.808193857896262102e+01 5.810852713529988023e+01 4.396967398889043466e+01 5.453574011283266287e+01 6.280736525780356061e+01 4.666955488791307260e+01 2.666995460982484190e+01 4.666955758872343552e+01 5.030389202888952127e+01 6.444005725444201005e+01 8.442614241259330754e+01 8.318166334709161447e+01 6.307703423860153435e+01 4.885675969272812580e+01
