LEM/with_lateral_4open/elevation_000635.asc
nrows	100
cellsize	150.0
xllcorner	0
ncols	100
yllcorner	0
NODATA_value	-9999
[rows 68 to 84 of 100, columns 0 to 36 of 100]
5.009162696260269221e-02 1.419222725069342772e+01 3.419222725069271718e+01 3.012838418770940052e+01 3.012838433439888419e+01 1.429867034966029316e+01 1.742214558743246755e+01 2.071012533353966845e+01 2.436160905024084045e+01 2.821061084483841341e+01 3.238089912598005071e+01 3.772612396422872649e+01 5.772613467499879647e+01 7.670108654269645854e+01 8.824825851349679340e+01 8.725723651304650730e+01 7.891081494983846767e+01 8.725723651304650730e+01 8.805576985407989810e+01 7.135138197162446261e+01 8.805576985407989810e+01 9.414549171516623005e+01 8.059206537282535976e+01 6.051859438631608867e+01 4.640660236593506482e+01 4.986535590701884502e+01 5.650488022623530071e+01 7.070130792363006833e+01 9.077958862767208359e+01 8.753670483581431938e+01 7.567894319469162667e+01 5.528027235741718926e+01 7.434695788484282275e+01 6.304389534677628859e+01 7.491778404019400739e+01 9.521752657003824538e+01 1.114512865314718510e+02
4.695337527364121244e-02 1.159395875906605688e+01 3.159395875906569984e+01 5.012840569840912508e+01 3.429867344599047385e+01 2.844080601793126561e+01 2.896915097343669387e+01 2.965439724356400575e+01 4.436161331097993354e+01 4.235274659473782322e+01 4.392790452043801963e+01 5.772613467499879647e+01 5.186825987561666551e+01 7.186829546235091470e+01 8.896705677216183972e+01 8.061407667914851061e+01 8.896705677216183972e+01 8.508281378040646814e+01 9.329963108083769896e+01 9.136589128867682064e+01 9.958009278608022896e+01 8.586799968748913159e+01 6.577687304911428612e+01 5.420270952346385229e+01 5.530381721361889902e+01 6.988969353359210857e+01 6.988969353359210857e+01 7.070130792363005412e+01 9.077958862767206938e+01 9.007360843322904032e+01 6.971647762763834066e+01 6.438554066915668272e+01 8.405492267636491022e+01 7.225719936316363601e+01 9.184167626658786787e+01 1.035440303548925414e+02 1.033659572260168034e+02
7.614146464036156137e-02 2.007614146464000626e+01 3.987823000642279681e+01 5.300347405673407764e+01 5.429870723583456282e+01 4.844082221787644471e+01 4.311128686330603443e+01 4.379653305123887463e+01 4.965440414278175041e+01 6.235276737215945531e+01 6.392792306423542925e+01 7.221238176912638096e+01 7.186829546235091470e+01 8.015283118799463580e+01 7.880858271301997320e+01 6.023455319725439949e+01 7.880858271301997320e+01 6.525553118795113505e+01 8.185067524196904287e+01 9.329963108083769896e+01 9.849672392917216257e+01 7.844195340900651559e+01 6.422090493453893600e+01 7.426838231765120213e+01 6.688288349003829580e+01 8.366737807358680357e+01 8.995199553117258517e+01 9.077958862767206938e+01 9.904792035952772267e+01 9.839336725823451957e+01 9.007360843332281775e+01 7.888973655048364719e+01 8.481549776345227087e+01 8.405994470099869886e+01 1.008990130111662751e+02 1.103809441255852022e+02 9.080228772962587414e+01
2.352828262072655108e-02 2.002352828262037221e+01 2.471920280925098368e+01 3.690162250585736103e+01 4.518589375336105718e+01 5.413016566338003344e+01 6.311130804268420746e+01 6.379655632168952906e+01 6.965446503550418811e+01 6.979383622371618401e+01 6.153147560999177301e+01 6.979383622371618401e+01 7.187875977326223165e+01 7.773797007849546503e+01 7.042431493820144794e+01 5.051275588339185418e+01 6.371212850437570552e+01 5.378873017039789772e+01 6.525553118795113505e+01 8.508281378040646814e+01 8.982240156337820736e+01 9.259625571270916566e+01 7.844195340900651559e+01 8.431585969922470269e+01 8.697152513666532059e+01 9.524696634649004068e+01 9.971942371240497494e+01 9.804974206744083176e+01 8.963817822036061500e+01 9.075786876232385225e+01 9.916908778222123999e+01 9.912155085115755071e+01 1.049938895540867492e+02 1.042265759738600366e+02 1.125162516939559225e+02 1.185400616197661492e+02 1.072161628478431084e+02
6.786455232800275850e-02 5.231842347271247640e+00 1.057706718551978220e+01 1.690162250585665404e+01 2.584589441585596958e+01 3.998803003958742153e+01 5.998803003958812496e+01 6.727727966800146930e+01 6.057662465294983178e+01 5.982952467160824739e+01 4.161050715031233693e+01 5.982952467160824739e+01 5.187709529010496823e+01 5.773544718220361460e+01 6.333957206071987400e+01 4.392031111719089864e+01 4.376315306452583087e+01 6.207470896123181348e+01 6.706720971214416238e+01 7.368097665165591081e+01 7.005327418579385323e+01 8.982240156337820736e+01 9.849672392917781849e+01 1.043436271640685220e+02 9.725703696404434595e+01 8.884728147469031967e+01 7.941777959059096759e+01 7.941777959059096759e+01 6.935031966534995718e+01 7.046728627865853412e+01 8.480680612234380078e+01 1.051250048982954866e+02 1.038157235462564216e+02 9.872030739970470847e+01 1.070713194908642407e+02 1.200569556843109211e+02 1.132329517467790083e+02
3.257643153035955086e-02 2.003257643153000345e+01 3.057706718552013925e+01 3.690162250585736103e+01 4.518589375336105718e+01 5.413016566338003344e+01 6.209958412820762419e+01 4.632595586638473151e+01 3.965492298232514656e+01 4.101124716446233975e+01 3.180285363182021996e+01 4.618647302577264924e+01 3.773203716796528084e+01 5.773544718220361460e+01 5.720928362095772712e+01 3.789562111293524538e+01 3.737942829767766284e+01 4.201486712561645476e+01 4.709720670849474544e+01 5.383967583312079341e+01 6.379762419458691625e+01 7.777408571716125607e+01 9.754321323407897637e+01 9.369852041713744484e+01 8.884728147469031967e+01 6.857395313999319342e+01 7.451187353200467101e+01 5.919021083730417132e+01 5.770698174559228022e+01 7.198114966826886985e+01 9.227464768148492169e+01 9.784760264340276592e+01 8.355274261925541168e+01 7.843765024162358657e+01 9.537814038487545076e+01 9.987641939231683352e+01 9.987656953007886784e+01
1.880098487986705744e-02 1.001880098487995419e+01 2.416093660861115566e+01 4.416093660862608061e+01 5.651049000963275404e+01 5.065007033526147495e+01 5.223618526280122865e+01 3.594482225684537013e+01 2.482002452757868127e+01 2.150826342936240110e+01 3.674530078071119021e+01 2.617667937962014335e+01 4.618647302577261371e+01 4.533798182684368783e+01 4.791860951097741861e+01 3.219676381110384256e+01 5.217879025526619330e+01 6.207470896123181348e+01 6.706720971214416238e+01 6.126726648327861824e+01 8.106951131626541951e+01 9.176321518611605654e+01 8.774972996911202472e+01 7.342595064054597742e+01 8.774972795364020328e+01 7.451187338969030804e+01 5.432153721789006084e+01 4.915318304255290371e+01 6.930399521394757301e+01 8.063765080873248792e+01 8.888179778682018650e+01 8.772535705111913273e+01 6.921675932345470983e+01 6.674490942044289454e+01 8.317512242095131114e+01 8.903001409819691503e+01 7.958463544408583346e+01
2.900726248362994752e-02 2.002900726248327601e+01 3.830307223743493239e+01 3.887754344093740144e+01 3.644654623741138266e+01 3.056330979581668217e+01 4.374289346678308732e+01 2.678707191351139016e+01 3.277208942551087034e+01 1.504475777688251803e+01 1.673925963539621264e+01 3.675372813834506758e+01 4.174675044592648732e+01 2.534285172547258114e+01 2.792915342412992530e+01 3.348009675663065821e+01 3.951156117117503186e+01 5.364450149592345696e+01 7.357161805012479761e+01 8.106951131626541951e+01 8.926810879547666389e+01 8.848265272104170265e+01 7.870390675020819060e+01 5.914433941492564628e+01 7.870390675020819060e+01 8.291549505201872705e+01 6.441670538896856613e+01 4.429950616727638391e+01 6.440599346128581715e+01 6.048103923153432504e+01 8.063760853854608968e+01 7.935225389459122880e+01 5.913339880952681682e+01 5.773750396744570423e+01 6.292698661154280870e+01 6.874778815145660360e+01 8.903020255388953785e+01
5.081304048347550645e-02 2.005076514671445764e+01 3.301955817030876261e+01 1.887685037666533105e+01 2.614899591011834090e+01 1.608435471784607174e+01 2.902577216697252283e+01 3.055596465299566589e+01 1.278289582676846869e+01 3.276984232141986553e+01 3.675318363582498904e+01 1.925931996163116722e+01 2.174364636533683282e+01 4.174675044592657258e+01 4.791860951093906351e+01 5.345999963015259482e+01 5.948101649097263532e+01 5.019942784846121242e+01 6.018818776793051484e+01 7.427620257750361077e+01 9.412757844412760733e+01 8.010180774425393224e+01 5.989395099633792796e+01 5.016388792252478623e+01 7.032129875632401195e+01 7.699500799324438560e+01 6.062377817016906789e+01 4.051923058073410999e+01 4.627359069112482359e+01 6.033048788518392058e+01 6.336162037844841421e+01 6.650456543469699966e+01 5.154869667326506999e+01 7.171025992072264899e+01 8.317500043352015382e+01 8.903007529347077309e+01 9.739621817197195242e+01
4.469920835086939326e-02 2.004469920835051511e+01 2.275447161740423141e+01 4.734703378994622014e+00 6.148916941367723155e+00 7.573857941125921478e+00 9.028609017209289433e+00 1.056229384969143226e+01 3.055597291859663400e+01 4.103409890659105486e+01 3.927430477626906935e+01 3.918877022637435203e+01 2.301176805833900474e+01 4.268499099920811801e+01 5.228753210930226203e+01 5.878871088302382475e+01 6.709560685176379025e+01 7.013936185965464176e+01 7.836644267653115037e+01 8.830846041547933112e+01 8.063191836808846347e+01 7.224823537927890982e+01 6.360216180170324662e+01 4.348889810509594867e+01 6.360216180170324662e+01 6.858907567550278372e+01 4.843033824286614220e+01 3.686758749099239196e+01 3.732278269003732163e+01 4.024019227806908106e+01 4.325563575629798407e+01 4.637991179477412373e+01 5.346174395542941937e+01 6.245070750190178899e+01 7.411941110528755416e+01 9.439427353656456887e+01 9.308331767576453331e+01
2.324776005098762310e-02 1.387236438991936049e+00 2.754408293041265221e+00 2.274485615891552470e+01 2.614897842155015439e+01 2.757394464085031771e+01 1.387798663636237428e+01 3.054805541149198689e+01 2.469867643776122179e+01 4.470164655708394719e+01 5.926750468692463159e+01 5.139570063422282686e+01 4.308563596192439604e+01 2.690369887700517282e+01 3.245582515502594134e+01 3.878227633839769339e+01 4.772611059356418650e+01 5.927065789663626560e+01 7.930588803319994895e+01 8.393437339706041200e+01 6.369338860600066710e+01 5.207714348858623765e+01 4.499346304272359021e+01 3.832324979674049814e+01 5.272784832396567367e+01 5.887711477488067402e+01 5.048805525124652149e+01 3.343763890256944649e+01 5.350113349078960567e+01 6.033053093550456225e+01 6.336162196547504522e+01 6.650456543469699966e+01 7.363792263481214206e+01 8.201193920887814670e+01 9.105858616439878972e+01 1.027450475774409995e+02 8.474953162197675738e+01
8.699724428260374731e-02 2.008699724428224798e+01 1.688903211784619884e+01 1.540355306837393279e+01 3.540557268704990435e+01 3.887745156170884542e+01 1.887661256143087130e+01 3.887393730098204969e+01 4.469952075541697667e+01 5.300933186554851062e+01 6.567210373343381491e+01 4.564115593031036866e+01 3.149676797246369020e+01 4.691717572947923998e+01 5.246212078091849662e+01 5.878871088302986436e+01 6.709560685176390393e+01 7.605352096549316343e+01 8.763198469702946625e+01 9.231777530251827102e+01 8.063191836808846347e+01 7.224823537927890982e+01 6.434470120210720268e+01 4.422371565282021777e+01 3.266599220229988276e+01 4.763213176367088408e+01 3.047276009273865327e+01 5.052666360478637131e+01 5.350113349078960567e+01 7.366497419836045424e+01 7.665151170728547925e+01 6.828719540256351195e+01 7.495319559952613986e+01 8.334245245345914554e+01 9.344183465106695508e+01 9.150906880239043062e+01 7.764304407267519537e+01
2.249585233037712170e-02 1.999559770736548359e+01 3.673302025484827738e+01 3.541573557735342348e+01 3.541575474553724945e+01 3.887745156170885252e+01 3.301793897481712747e+01 2.830383229606386664e+01 4.244615233232363494e+01 6.245889332158636620e+01 6.645338461599595803e+01 4.642611640921465721e+01 3.487919298228823806e+01 5.489063911119833961e+01 6.564829241484353872e+01 7.100105311744377445e+01 7.934937235327180360e+01 7.997208737790198541e+01 1.001579402265235785e+02 8.606425444514461276e+01 7.768498379374157992e+01 7.768498379374099727e+01 7.271769408361807052e+01 6.108512215711907345e+01 4.763213103757339439e+01 2.758629172705490262e+01 4.763213175947990408e+01 5.888034670416493555e+01 6.368409636113972994e+01 6.847842930520255322e+01 6.014342925544664809e+01 4.833912375757583391e+01 5.495519500863830586e+01 6.487646810017456289e+01 8.502992309887760314e+01 8.318376958856707404e+01 6.307789469700325213e+01
2.739267172789772165e-03 2.000273926717243356e+01 3.008327778614541970e+01 5.008327778614470560e+01 5.548318866217221768e+01 5.888957723675804345e+01 5.302479674582797742e+01 4.244615233232363494e+01 4.244615233232363494e+01 6.245889332158636620e+01 7.479364970128514756e+01 6.245647894291120394e+01 4.243916112644913596e+01 4.077770468146671590e+01 4.562840143982086261e+01 5.097285649486568815e+01 5.991224494218513286e+01 7.406828967165179733e+01 9.422511587088472140e+01 7.768498379374160834e+01 5.748868062616305963e+01 5.748868062616305963e+01 6.758683220995206398e+01 6.009442168535684203e+01 3.999321025586980483e+01 2.583937716432778942e+01 4.343227882231747117e+01 4.624099674918524983e+01 4.371834309102560212e+01 5.309514576662601826e+01 4.020787305276587631e+01 6.014342925544664809e+01 7.495319559952613986e+01 8.334245245345914554e+01 9.344183465106695508e+01 8.912866759461461186e+01 7.751557160534159152e+01
8.327778614586213435e-02 1.008327778614577497e+01 3.008327778614541970e+01 4.124673863696319387e+01 4.946151089906341980e+01 5.247030401773422170e+01 6.004384790531567972e+01 6.245889332158636620e+01 6.245889332158636620e+01 7.078594365688310575e+01 7.884493862823167376e+01 5.877326077219915845e+01 5.658109334160022286e+01 4.972070919406139211e+01 6.564829241484353872e+01 6.511522087078446930e+01 6.511522087078446930e+01 8.521070915318144046e+01 8.530296140989852915e+01 7.519694788898007687e+01 6.340404086904728587e+01 4.328735967864808032e+01 4.744683028236864430e+01 4.906766645379627079e+01 4.505741112126406023e+01 4.343227379694791068e+01 2.339764418768606546e+01 2.627598802651474585e+01 2.960835040014343278e+01 3.314347432631736012e+01 5.309514576662601826e+01 6.754093860060949339e+01 7.590243734443369306e+01 8.488798210106394038e+01 9.656826730652443302e+01 8.080759800176899432e+01 6.068250808747007596e+01
6.510866554257997707e-02 2.006510866554222616e+01 2.495734317879725950e+01 2.128509446455902321e+01 3.900449513705692084e+01 3.342677447035623572e+01 5.247030401773422170e+01 5.258083212741588852e+01 6.097188304090004607e+01 7.268954472397552991e+01 7.914032128043608338e+01 7.884493862823167376e+01 7.664092595739134595e+01 6.126503642484924939e+01 7.809652476220853146e+01 8.521070915318144046e+01 8.521070915318144046e+01 9.358352399109530495e+01 7.691967691975484911e+01 5.671883864428382083e+01 4.668328682756541070e+01 3.960568699065949261e+01 3.327994307727164625e+01 2.901639010279598452e+01 2.501860595080310645e+01 3.960349966034339531e+01 2.169223912961118117e+01 4.172061511326040772e+01 4.956815519319886221e+01 5.309514576662601826e+01 4.129725408267028541e+01 4.759818770506303309e+01 5.647319465272892103e+01 6.795752850296688052e+01 8.815724098000832498e+01 7.814684646479955177e+01 5.801190064079140285e+01
8.953482861371392376e-02 2.514891078977039118e+00 4.958279966103118497e+00 2.488921985672242698e+01 1.942206047956003445e+01 3.405656671690280746e+01 4.090234523362202168e+01 3.235309947183766610e+01 4.398725262187904406e+01 6.431988004142060333e+01 5.870734316960999877e+01 7.308637549195941574e+01 8.327399700916627978e+01 8.134121850968115552e+01 8.970853403730765763e+01 8.415095733341426865e+01 8.634549291887607581e+01 9.465794722670540295e+01 8.530296140989818809e+01 7.519694788897665205e+01 6.681925778201927812e+01 5.970011697818448226e+01 5.334570027384766888e+01 4.906766645379627079e+01 3.960354097307812538e+01 1.958646898656899893e+01 3.960354042269067776e+01 4.172061383105679511e+01 6.183043205249907004e+01 6.429577737738949850e+01 6.123448703668059068e+01 6.754093860060949339e+01 7.590243734443369306e+01 7.890765965194152898e+01 8.691987422332175584e+01 8.646785881971312904e+01 6.741553922802609122e+01
