LEM/with_lateral_4open/elevation_000389.asc
nrows	100
cellsize	150.0
xllcorner	0
ncols	100
yllcorner	0
NODATA_value	-9999
[rows 34 to 50 of 100, columns 37 to 73 of 100]
7.752236165125911782e+01 9.058790409984882785e+01 8.193627819241959287e+01 6.781544942115178287e+01 4.776287608845260735e+01 5.522461796583169757e+01 6.525158845656712003e+01 8.507918297410422781e+01 8.865160912438368257e+01 6.876565404294878192e+01 5.745301713034532298e+01 5.159155781607237401e+01 6.095775518339757326e+01 4.135133093694548023e+01 5.526949832421330200e+01 7.497070755859432722e+01 6.852951276508386513e+01 6.033952795602203878e+01 4.374022749596385751e+01 6.338973772441092791e+01 6.313030925283689498e+01 6.313030925283693051e+01 8.291683821742637406e+01 8.087148996642463317e+01 8.087148996642463317e+01 1.007980692784025791e+02 1.072358995087143967e+02 8.719744044430628094e+01 7.317203947214589732e+01 6.509577902678601902e+01 6.042004056286021552e+01 5.679327960871518144e+01 5.343542335097216522e+01 5.033850827483438195e+01 4.736222158877673394e+01 6.306738754096718935e+01 5.481669591726263491e+01
8.582644015671952786e+01 8.783344109124523413e+01 6.786133544548815166e+01 5.366769242738408963e+01 5.331613289502306685e+01 7.334585938276522654e+01 8.328874215735545761e+01 9.315358908642132008e+01 9.123670557794166314e+01 7.134401278080328268e+01 7.717044760502432155e+01 6.356774972058340722e+01 4.388482365623197978e+01 6.093291093116536672e+01 6.101508400079429606e+01 8.063143308100750062e+01 7.950534999663155133e+01 5.976783745603241726e+01 6.338973771747372865e+01 4.694231589463045395e+01 4.933386649564213400e+01 6.892564941042029147e+01 7.780856826968313555e+01 6.680845119767553797e+01 7.827886351313013336e+01 9.822205948242545048e+01 1.080182056084719733e+02 8.797406818067577206e+01 7.394270601137499455e+01 8.494466146070367074e+01 8.026633006356867384e+01 6.824014792557866826e+01 6.746242010928639843e+01 6.954994206297929793e+01 6.719874123161592649e+01 6.452926550156790597e+01 4.475057899402258244e+01
9.069942444416739136e+01 7.072833967280197953e+01 6.312884246634897778e+01 6.000943815425200967e+01 7.338186556868818400e+01 6.229040720390900532e+01 7.390127736331839969e+01 9.387970256277554881e+01 9.947510525539505011e+01 9.123670557794166314e+01 7.983667571922899242e+01 6.539401274247966001e+01 4.578875847260599130e+01 6.537755311902492394e+01 7.326968773366233734e+01 8.152779494671707994e+01 8.773033370330657021e+01 7.903361267019521108e+01 5.929494505705034157e+01 5.821257292271118189e+01 6.892564941042029147e+01 5.291978846927341351e+01 5.808033012358102098e+01 7.197724329992522030e+01 9.188663209827775802e+01 1.064282124163487424e+02 1.102134115622240103e+02 9.016408604326061038e+01 8.797406818067577206e+01 9.384486011024218044e+01 9.642372031089007578e+01 8.812140207301256112e+01 8.735145180901314177e+01 8.260897137926346545e+01 7.425644685509472254e+01 7.280831888735892221e+01 6.032148552332868974e+01
8.490434076955511955e+01 9.069875153260093725e+01 8.314828588656750696e+01 6.670634951037573046e+01 8.671834131442938087e+01 7.128483152379030230e+01 9.016599049984604619e+01 1.020467822222857279e+02 9.853613257205434195e+01 7.858769986679951103e+01 7.160045866646777313e+01 5.198099638353136243e+01 6.539401002428863308e+01 4.880358150607552403e+01 5.366169499757180716e+01 7.328694483818063077e+01 8.962910109639712175e+01 8.726407012882350500e+01 7.321228904929813552e+01 7.211784643925633986e+01 8.076584495980500833e+01 7.253760631741742770e+01 5.713192214659002133e+01 7.683772981612473529e+01 9.432655659353538624e+01 1.025426448043768630e+02 1.140306105358447297e+02 1.102134115622240103e+02 1.080182056084719733e+02 1.139137200865464052e+02 9.788361528592309924e+01 8.941532628405589378e+01 8.892037274098221644e+01 6.818244987552624536e+01 5.410408638455185582e+01 6.133650176508756147e+01 5.202396144315873272e+01
1.046899940465031733e+02 1.064942131058812436e+02 8.671834131442938087e+01 7.676966264992294953e+01 9.489564589932739125e+01 8.289267170398346707e+01 9.946906524684385431e+01 1.069951288428952125e+02 9.687901032124534595e+01 7.858769986679951103e+01 5.883377358542553992e+01 7.160045866646777313e+01 7.073607899930658505e+01 5.116024909724367831e+01 7.073607899930658505e+01 6.156584934571252177e+01 7.553022621254852709e+01 9.547974311101756939e+01 9.308753110772299522e+01 9.199122447712190365e+01 9.459184892896963959e+01 8.033771768333910757e+01 6.053979724953256891e+01 6.688910921943543997e+01 7.436777665091926792e+01 8.591287705334019620e+01 1.058267818933066735e+02 1.118163201633778954e+02 1.033573925795447224e+02 1.054607835508259654e+02 8.941532628405589378e+01 6.903510743292598306e+01 7.500433533235583639e+01 6.862309916530716691e+01 6.133650176493704720e+01 4.174905219271636270e+01 3.494812379282304704e+01
9.616570488513144710e+01 1.049172176440408322e+02 1.048090753185723969e+02 9.666701997893565590e+01 1.048090753185723969e+02 1.027683972452603456e+02 1.109050851465306380e+02 9.862499677954576782e+01 7.855775349715970890e+01 6.862497321238167558e+01 6.862485405433147889e+01 8.460811288859713386e+01 6.476046382340790331e+01 5.354597219565468436e+01 7.314905123374013840e+01 8.137330443071452635e+01 7.208660765800679826e+01 8.619568982171820437e+01 1.061409126141168286e+02 9.787921048424485093e+01 7.790519631316581695e+01 6.641598337865076473e+01 8.033771768333910757e+01 7.105037436536073869e+01 9.100081228829384372e+01 1.025426448043768630e+02 1.118163201633778954e+02 9.996982347242715150e+01 8.279844803097901718e+01 9.699529151053499731e+01 7.651694243731381562e+01 6.483655950416046210e+01 5.482509475645624519e+01 4.855357801888892055e+01 5.739834144410632888e+01 3.763138235471112125e+01 5.461940710854934622e+01
7.492073409781325211e+01 9.431185918039669502e+01 1.041294823264762215e+02 1.064152897084931482e+02 9.810287321246352121e+01 1.064152897084931482e+02 1.099333581841268170e+02 1.070281089717670966e+02 9.687901032124534595e+01 8.856951120267410715e+01 8.010374041913138399e+01 9.285744393312005229e+01 7.566604905781019852e+01 5.600766656811946120e+01 7.566604905781019852e+01 9.274031791545107239e+01 9.203750973920297440e+01 8.837897552667431000e+01 1.083161233855925047e+02 1.061039363368900155e+02 9.119715491404795671e+01 7.120031161506305750e+01 9.119715491404795671e+01 9.100095684193141210e+01 8.516607636076476240e+01 1.050876044343898741e+02 1.033573925795447224e+02 8.279844803097901718e+01 7.104785627100002898e+01 8.126776834058794918e+01 7.584951477306250922e+01 7.203416018965121737e+01 6.847488096533068358e+01 6.042975146638088546e+01 4.055200188180873511e+01 4.298632606816746460e+01 6.292864094253128826e+01
6.458798260264383373e+01 7.425404412025879708e+01 9.540013686392960324e+01 9.632559388737109884e+01 7.787732036759324217e+01 9.632559388737109884e+01 8.978011985483253454e+01 1.039977635592522915e+02 1.140630566328467239e+02 1.083578786791674418e+02 1.000890962454334243e+02 9.236488360639076234e+01 7.241383181036874817e+01 5.852194006606588061e+01 7.825744871700781857e+01 7.273379489484408111e+01 8.029997194023748364e+01 1.002993858346740552e+02 1.165568025356111690e+02 1.111005939765867083e+02 9.119715491404795671e+01 7.826927919488122143e+01 8.535793805353978314e+01 1.052942714523243666e+02 1.050876044343898741e+02 1.132939518011425264e+02 1.033573925795107300e+02 8.279844803097901718e+01 7.104785627100002898e+01 6.099451985630013695e+01 5.566055599058952907e+01 5.189983638484786610e+01 4.839765817912506662e+01 4.507452735084851270e+01 4.382682262025977593e+01 6.292864094253128826e+01 5.180427079856517736e+01
5.742317331665921643e+01 7.813442443874181720e+01 9.438611041888732700e+01 8.604488295798397246e+01 6.769744008438453875e+01 8.556409471094632124e+01 7.544395996785213754e+01 8.559410868497222680e+01 9.988616521421802474e+01 1.199868474533481901e+02 1.069611711917927153e+02 9.697481562382202469e+01 8.240004425596580973e+01 6.253284217390586974e+01 6.342057445144380523e+01 8.330915295947480104e+01 1.002993858346740552e+02 9.447493713684228567e+01 1.143608488743255975e+02 1.123208979808000549e+02 9.244659691219825959e+01 8.985992402581612737e+01 1.052942714523243666e+02 1.135097880551738854e+02 1.201274938367990757e+02 1.118279440328782215e+02 1.118163201545339547e+02 9.634896197321816658e+01 7.585634859363806015e+01 6.418921069708187588e+01 7.584951477306250922e+01 6.607604849943275838e+01 6.847488096540567426e+01 6.508121091321270058e+01 4.718939195885919702e+01 6.724678503479560732e+01 7.192844544071718360e+01
5.210230801595733396e+01 7.219229368082895348e+01 8.202667202955859693e+01 6.575500222457419852e+01 6.000805328070291011e+01 6.525432314502744191e+01 7.701342250776637854e+01 9.134296224588058521e+01 1.114921754572712587e+02 1.128001174944395899e+02 9.290039333356664031e+01 7.871860269402392873e+01 6.872647549629701302e+01 8.240004992523425642e+01 6.778876493534147585e+01 8.777913531663550373e+01 1.067084843955846338e+02 1.143608488743255975e+02 1.225821431145719345e+02 1.205308517694992361e+02 1.123208979808000549e+02 1.097528052584905538e+02 1.179608995651477557e+02 1.122639497997464559e+02 1.039615647652841659e+02 9.176696726838144968e+01 1.085493573485875629e+02 1.048223703333832191e+02 9.224841134094639017e+01 7.179446455272130834e+01 9.224841134094639017e+01 8.641831423831044390e+01 8.720740050395896503e+01 7.080294431581555159e+01 5.068626957510624464e+01 6.485018999415299845e+01 8.517416453264858944e+01
4.732463792126408464e+01 6.455207905203891983e+01 6.900848881897653087e+01 5.409422977703012236e+01 7.433051485472446984e+01 8.556409471094632124e+01 9.390459164996956076e+01 1.027052905848989610e+02 1.109966094481176526e+02 1.084067961930869615e+02 8.847437107593675876e+01 7.687407946951005044e+01 8.287235300297810170e+01 9.382193893964594622e+01 7.378022664033616707e+01 7.846436657137287796e+01 9.264615637993937014e+01 1.125490449301565548e+02 1.186474830478919102e+02 1.133463403033581329e+02 1.050498928831963070e+02 1.133463403033581329e+02 1.181399884558177149e+02 9.808866937959317056e+01 8.390314349479663747e+01 8.018769315722076385e+01 9.958061164083191841e+01 1.137604739720659097e+02 1.007305304679665028e+02 8.622591472066427798e+01 1.007305304679665028e+02 9.318914368221977895e+01 7.275487613986821600e+01 5.850450053245508286e+01 5.643321885145807215e+01 6.706960870990839396e+01 8.741438280066692812e+01
4.310798853064305547e+01 4.547245297440750278e+01 4.892555797726887334e+01 6.900864305945113131e+01 7.869075585870284328e+01 8.322935734683727560e+01 8.845893216211193533e+01 8.255789728896543522e+01 1.027052905848989610e+02 1.166270915395623149e+02 1.039614793275053017e+02 8.398522021267440607e+01 1.028502554140064973e+02 1.004934218775831027e+02 8.047897306375692494e+01 9.847557747108493231e+01 9.847557747109789261e+01 1.127708316839833884e+02 9.860310850377599934e+01 1.033208967374342819e+02 8.499010378388712184e+01 1.033208967374342819e+02 1.060320669739367503e+02 1.001631893647723786e+02 9.127550526890237848e+01 7.123655299138872010e+01 8.540074930959805499e+01 9.756566534222555731e+01 1.059655540989038656e+02 1.067880043616196559e+02 1.007882048981018954e+02 8.026200645835284320e+01 6.854247036541266880e+01 7.873993453444285251e+01 6.245583536248094703e+01 8.275500192477873895e+01 9.588079391400052032e+01
6.304673824551807115e+01 6.545376407558687504e+01 5.021807595576638761e+01 5.423754090269252259e+01 5.840129714682293383e+01 6.293211477724639735e+01 6.820487599480439656e+01 8.845893216211034371e+01 9.923768828019795762e+01 1.193046345440649816e+02 1.121833153029654540e+02 9.402495298990164940e+01 1.121833153029654540e+02 1.087195092226122313e+02 8.948356995632762789e+01 1.087195092931705460e+02 1.183574270043729086e+02 1.044739698831045587e+02 8.441706775559937626e+01 9.178887117710586097e+01 7.497272747390658765e+01 9.501999833153357145e+01 8.598910488967953825e+01 8.011800686587410780e+01 8.610147003915197672e+01 6.607815421678120060e+01 8.484398653525825296e+01 7.746162155243696645e+01 9.165275895111068394e+01 1.118406841446977182e+02 1.092498116978341471e+02 9.741558976451652541e+01 8.026200645835284320e+01 8.956051883072123587e+01 6.914396811289368827e+01 8.956051883072123587e+01 9.860371859683537821e+01
8.068786729885896136e+01 7.033219150516173102e+01 7.033219637449472827e+01 6.177564056998117792e+01 7.869075585870284328e+01 7.469081505997714032e+01 8.845893216211105425e+01 7.907248205544107122e+01 9.335281221613237790e+01 1.134450358870175251e+02 1.221144534201515341e+02 1.138980056651089541e+02 1.221144534201515341e+02 1.176156560971128471e+02 1.035979242853799320e+02 1.176156561057001682e+02 1.185432537175437773e+02 1.059703074813103854e+02 8.591472792597400598e+01 7.174911202405330357e+01 6.790433875002642594e+01 8.321160138183969934e+01 8.008600731749436363e+01 6.596745034591377532e+01 8.121285576792121219e+01 6.123535430020952219e+01 6.480788086038728579e+01 7.480608456318820743e+01 8.898782371085489729e+01 1.091576146406081023e+02 1.164239859668974049e+02 1.092498116978341471e+02 1.007882048981018954e+02 9.804519822818753028e+01 7.928589676902684857e+01 9.804519822818753028e+01 1.068872181201977156e+02
8.493531273873205123e+01 9.054289464118542696e+01 9.035579053580032394e+01 7.347836799885261883e+01 9.035579053580032394e+01 9.489322294094526455e+01 1.031991534550349883e+02 9.923768828021465538e+01 1.075351188939564082e+02 1.197484232501198846e+02 1.115126083070000078e+02 1.115126083070000078e+02 1.197484232501144277e+02 1.312522254028131385e+02 1.234094273503242363e+02 1.251756545864322447e+02 1.102496030186858320e+02 9.018971239712705312e+01 7.861202751170047520e+01 9.178887114586171947e+01 7.734100332271565037e+01 6.319803427192307765e+01 6.008001355579819602e+01 5.703378499682805369e+01 7.289782304471120256e+01 5.665329034466176950e+01 7.671161973442193016e+01 9.321820793891006929e+01 1.032881325897368470e+02 1.108964706894853833e+02 9.724986223681051456e+01 1.068369241018539810e+02 1.148934697650761478e+02 1.083050008778362354e+02 9.983514089241563738e+01 1.083050008778362354e+02 1.177907722777536321e+02
6.449667763364041662e+01 7.738423612342663205e+01 8.585132407736473681e+01 9.368966910894231148e+01 1.019994897209642630e+02 1.084163107092708458e+02 1.028770636406355123e+02 9.459927670058694105e+01 1.028770636406355123e+02 1.081987690978774452e+02 9.145766387150970900e+01 9.145766387150970900e+01 1.030737800267728517e+02 1.230402621159647083e+02 1.310401223655129854e+02 1.110234544709895630e+02 9.683199309012317713e+01 8.679513744709146295e+01 9.866801976841443889e+01 1.056834938063092437e+02 9.151225193942477176e+01 8.084500659755882168e+01 6.083710583391543736e+01 5.684243253345448466e+01 5.299479709487624035e+01 5.317281003549208407e+01 7.320204292006731350e+01 8.966636197568271882e+01 9.399135024263416938e+01 1.012831184121943977e+02 8.370580434865507868e+01 8.767276705931260494e+01 1.068369241018539810e+02 9.872113099659952695e+01 9.042904148622108096e+01 9.302594983753807867e+01 1.013184324323627123e+02
5.014431646721699565e+01 5.686241824381138343e+01 6.711600590192495019e+01 8.234744247434245779e+01 1.049546906499380299e+02 8.755436820093777328e+01 8.755436820093775907e+01 7.446265066627579188e+01 8.804215475952109671e+01 9.171999110361618079e+01 7.981404232937340737e+01 9.993388073858668008e+01 1.100588293500079828e+02 1.182962997582159090e+02 1.282667453159622539e+02 1.210317884182957329e+02 1.009885758936319178e+02 1.009885758936319178e+02 1.151546570869916621e+02 1.016856498757603759e+02 8.688263054190630896e+01 6.685809113225901967e+01 8.084500659615304130e+01 7.684342753162518136e+01 6.979462318042710933e+01 4.979026780514255535e+01 6.133343681147556481e+01 8.135278598965494723e+01 7.462627715913443183e+01 8.503851183242633738e+01 7.394416964430142514e+01 9.328581870134901521e+01 9.717987064394870345e+01 8.716853737903137755e+01 7.042317142782385986e+01 7.301864232569998592e+01 9.302594983753807867e+01
