LEM/with_lateral_4open/elevation_000208.asc
nrows	100
cellsize	150.0
xllcorner	0
ncols	100
yllcorner	0
NODATA_value	-9999
[rows 34 to 50 of 100, columns 37 to 73 of 100]
8.679163508142922012e+01 7.000317560491521363e+01 5.004488593372169447e+01 7.000317560491521363e+01 7.332466250727115664e+01 6.267819096241274934e+01 7.688137973052393193e+01 9.715452912791766948e+01 8.949673230070359864e+01 6.947304346727234758e+01 5.784538545503937712e+01 5.113434350877403034e+01 6.406986493633883128e+01 5.595263877698748445e+01 3.593057931027237117e+01 5.009926882604962373e+01 6.989713249091232683e+01 6.604033660419769092e+01 5.195817769864459024e+01 4.079929903423980164e+01 4.280777232289102585e+01 4.627437768093423642e+01 6.627818636127005902e+01 7.593995820285960008e+01 8.226266601487813546e+01 8.929257221358250263e+01 9.758008021853710545e+01 1.075451127443934212e+02 1.054723588644527297e+02 9.379500748893971718e+01 7.949136926302770689e+01 6.879922649372339549e+01 8.898125186865580361e+01 9.197516434652447970e+01 8.457239904879232029e+01 7.029954844782672296e+01 8.457239904879232029e+01
8.766641636768338230e+01 6.747231222787101501e+01 5.336788533703732895e+01 5.847781639815011800e+01 7.857089170150932489e+01 8.281924771301268606e+01 7.688137973052393193e+01 9.715452912791766948e+01 9.209098891957405897e+01 7.207288255483391026e+01 7.793605016255268936e+01 6.406986494216215533e+01 4.403904018632540840e+01 3.944113846068834306e+01 3.796486185636418753e+01 5.211317027801106860e+01 7.185975376821870952e+01 7.971415542182162994e+01 6.061694389474632061e+01 5.477568824641588918e+01 6.268539609714157024e+01 4.531408229609658633e+01 6.593208300150924117e+01 7.872275343730125030e+01 8.104705217562872122e+01 8.551123724195439024e+01 9.032734089875303596e+01 9.861578315739693323e+01 1.075222467163385858e+02 1.080986457148516848e+02 8.898128308515765639e+01 8.304844305778490821e+01 9.736495569458519128e+01 1.039842491235804118e+02 9.558476786101356026e+01 9.047995528892906236e+01 8.293565363633297238e+01
9.124293123371570857e+01 7.101110791542832601e+01 5.685592516519900386e+01 7.693687176958658824e+01 6.789018223880519542e+01 8.809601048055546357e+01 9.715452912791766948e+01 1.055759254933722957e+02 1.003947525200968727e+02 9.209098891957405897e+01 7.775562349386696326e+01 5.781485540092413089e+01 4.366617734172832144e+01 5.944127939878657685e+01 4.001641234407510694e+01 5.999757599256966500e+01 7.050058879918513810e+01 7.891357183542879739e+01 8.053792257521301678e+01 7.478122994561856274e+01 7.176672695310386985e+01 5.076290065555308217e+01 4.924962685387814076e+01 7.038673270668901694e+01 6.086815607812209095e+01 6.554679337334219724e+01 7.046999368865216695e+01 7.935753597279348526e+01 9.076471400900341280e+01 1.107278397448986453e+02 1.092346828581412410e+02 1.033049998403952259e+02 1.100637494068696185e+02 8.958101010760221072e+01 7.467777396481800167e+01 8.236411580669287957e+01 7.778733212605132508e+01
9.696418346686181167e+01 8.074183794557444571e+01 6.060784944822199805e+01 8.074183794557444571e+01 8.809601048055546357e+01 7.951457521257299277e+01 9.385388710199300988e+01 1.142182437022447914e+02 1.012044586907862964e+02 8.127703701461230423e+01 7.958148129363966916e+01 6.673881207170771290e+01 4.675583102073810693e+01 6.673881207170771290e+01 6.001074100186457372e+01 4.295146270323033377e+01 5.051990060327392484e+01 6.467123074254466530e+01 8.474652112973905105e+01 8.088909296644854408e+01 6.053861893596402410e+01 7.177303708423015394e+01 7.003142168482527552e+01 5.425195316849295324e+01 7.496288677925159050e+01 8.551123724195439024e+01 9.032735428645530362e+01 8.039983304671176256e+01 1.002548755261988020e+02 1.190832341539999391e+02 1.252053499683128734e+02 1.048222366579270641e+02 1.047992692824163612e+02 9.712181689463038481e+01 7.625127586662101464e+01 6.089711287422929331e+01 5.622060530014478275e+01
7.666799073628831707e+01 6.955967758533623169e+01 6.576385310383865601e+01 8.595522870939763038e+01 1.039467017144193477e+02 9.385388710199248408e+01 1.082438256121130564e+02 1.050610190686766003e+02 9.355389303043038751e+01 8.127703701461229002e+01 6.136137005384059506e+01 5.135374002750487676e+01 6.673881207170771290e+01 6.682470337585789366e+01 4.683959730374836994e+01 4.648931913869009946e+01 6.647555646064442669e+01 7.055114581845748489e+01 9.067616577315104109e+01 8.800003967134891525e+01 6.792838054768640177e+01 8.795795799948260196e+01 8.128739317285275945e+01 6.117302359289779190e+01 6.562590465743095081e+01 7.727229454398838016e+01 9.717658430449255036e+01 9.439550811040125211e+01 9.439550811040125211e+01 1.144006398083441667e+02 1.192614787267714860e+02 9.884826015815347944e+01 8.425309561752298748e+01 7.675876673544460971e+01 6.989451048594993665e+01 8.236411580669287957e+01 7.156156266713090019e+01
9.696418346686181167e+01 8.978839571083298665e+01 7.581137383060442403e+01 7.523346755911315142e+01 9.551695762287488378e+01 1.142182436942088515e+02 1.120006404263102411e+02 9.676287286568370405e+01 7.687443186907914594e+01 6.538634601004685010e+01 5.644552081101954855e+01 7.131920353422643188e+01 7.081903006938324552e+01 5.084739660175672782e+01 6.682470337585793629e+01 6.647555676048438045e+01 5.175169983317771027e+01 7.171930734621743397e+01 8.567757701606751652e+01 9.634388674148246423e+01 7.952842016869747965e+01 9.634388674148246423e+01 8.840652702312624456e+01 6.846452077218134491e+01 7.985088667276625074e+01 9.396973092591447596e+01 1.054892580319601763e+02 1.144006398083441667e+02 1.144006398083441667e+02 1.227613260634698378e+02 1.183428514926645079e+02 1.132929930098803766e+02 1.048212668580617901e+02 9.754257475746548778e+01 9.096873567628851731e+01 8.864013343417424551e+01 7.328140691434657583e+01
1.058163886752207219e+02 1.045287490351605442e+02 9.013336377324709758e+01 8.955162757593035394e+01 8.955162757593035394e+01 1.099185383262401245e+02 1.036857747199725566e+02 8.377648071339372393e+01 7.231432371992167418e+01 6.234899695000879660e+01 7.638344009724706041e+01 8.464653256243489921e+01 7.369986623152087191e+01 5.374084782710410479e+01 7.369986623152087191e+01 8.002548932017377581e+01 7.171930734621743397e+01 5.741713853659908295e+01 7.151613982498786015e+01 9.146832828608154387e+01 9.957248712316655315e+01 1.079448426340696443e+02 9.670768743132157397e+01 7.845434989105910972e+01 9.670768743132157397e+01 1.080885751790627722e+02 1.112090933279618099e+02 1.101550534224256097e+02 1.184948685249898261e+02 1.124690029133438429e+02 9.825048512443440529e+01 1.124690029133438429e+02 1.169912542776103095e+02 9.659729373128513430e+01 8.188943762112504032e+01 6.953009344875650299e+01 5.858010915344469538e+01
9.583855888350279884e+01 1.099680792236002134e+02 1.105016052747462965e+02 1.099185383262401245e+02 1.099185383262401245e+02 1.183417758529082988e+02 1.078292884736254820e+02 8.789147831760560337e+01 7.642662790613192669e+01 6.768773708646888565e+01 8.756520889068342228e+01 9.077690102465396649e+01 7.083107138272836778e+01 5.672821490901127817e+01 7.667306962845678697e+01 8.969460103143218532e+01 8.567757701606751652e+01 7.736000052573020014e+01 6.390249318626327124e+01 7.280696446002161792e+01 8.427040659348608642e+01 1.042986486428001314e+02 1.066907692250768775e+02 9.835870415773540287e+01 1.066907692250768775e+02 1.053602362594826189e+02 9.117073691414948655e+01 9.012165801739003257e+01 1.069115538402908641e+02 1.041354029836045072e+02 8.416200560424036325e+01 1.041354029836045072e+02 1.148253679434609751e+02 9.442154884283264948e+01 7.967153284146142767e+01 6.891491155611403485e+01 6.839309485512568187e+01
8.170903854340500061e+01 9.671573460758142460e+01 9.868909985742929791e+01 1.070033423781607951e+02 1.125143706798075272e+02 1.155085052018516478e+02 1.161523037330848211e+02 9.904544384630825959e+01 7.916109362033773778e+01 7.658067552286341595e+01 9.584126581220060359e+01 9.077690102465396649e+01 7.083107138272838199e+01 7.667306962845678697e+01 6.144534507316090099e+01 7.552393186612241038e+01 9.548018353000762204e+01 8.934592117198444328e+01 6.943309995308757721e+01 8.934592117198444328e+01 1.011108581988419672e+02 1.127290512141443060e+02 1.104174287733774378e+02 1.082186662242149993e+02 1.070713968900406172e+02 8.706779807557381901e+01 7.709576052722538009e+01 7.863386332951814950e+01 9.858876719254612908e+01 9.658616836890929847e+01 7.675716377373349530e+01 8.998375260356340277e+01 1.100104635595869524e+02 1.087830134711606149e+02 9.849777326630106700e+01 8.129079870168365574e+01 8.078349179031870619e+01
7.848696023348300344e+01 7.680523930152493506e+01 7.878136701697647482e+01 9.250346483271214026e+01 9.250346483271215448e+01 9.545566880477667837e+01 1.155085052018516478e+02 1.073488823889623802e+02 9.061345782810313665e+01 8.802867892543441997e+01 1.047488129992174208e+02 9.914351712558161012e+01 9.077690102465396649e+01 8.668938810021955987e+01 6.678290676714468077e+01 6.809785998679089403e+01 8.800479791106367600e+01 9.688228847917660858e+01 7.694293479550867687e+01 8.566634120832010524e+01 1.057181744780593817e+02 1.104174287733774378e+02 9.038790143365318386e+01 8.820008003901706672e+01 1.023775827740288094e+02 8.706779807557381901e+01 6.720150858092557655e+01 8.121822566591494308e+01 1.011899151210556198e+02 8.998020296557969289e+01 7.029396130764240525e+01 8.998020296557969289e+01 1.014493137987034288e+02 1.073333923302495378e+02 1.103688297192966132e+02 1.019837414420518797e+02 1.014904052326004518e+02
5.854506248246603661e+01 6.273453223180050742e+01 6.732542619389894867e+01 7.264237367648779298e+01 7.923952880666263354e+01 9.067440575912273459e+01 1.106934107881599374e+02 1.188946174617236551e+02 1.105637509515318726e+02 1.079581938903291274e+02 1.162839991963121662e+02 1.143307902563212224e+02 9.518434041389360800e+01 7.526191130839124810e+01 8.668938810021955987e+01 7.307428108972850112e+01 9.298163685009708956e+01 1.052777421723407372e+02 8.839774884413311895e+01 1.052777421723407372e+02 1.141499868315097075e+02 1.082186662242149993e+02 8.820008003901706672e+01 7.414219636637808719e+01 8.515436036398564568e+01 8.002651307444969575e+01 6.225839003251307702e+01 7.626256781553031772e+01 9.619699275727047905e+01 8.471864923541514258e+01 6.511849828276352525e+01 8.213241909572708721e+01 8.155704607169225540e+01 8.738335639575549862e+01 1.026936366424047264e+02 1.127011320734034427e+02 1.039599143554090404e+02
7.848696023348300344e+01 8.263688835988600090e+01 8.719536494456379216e+01 9.250346483271214026e+01 9.913543284573675862e+01 1.074539850903016287e+02 1.190301824485253661e+02 1.261477741967359947e+02 1.177677558582981590e+02 1.261477741967359947e+02 1.202154595684336300e+02 9.995804931294226492e+01 8.586040633671579769e+01 8.930123291657891116e+01 9.899275337249115125e+01 7.905613530428131241e+01 8.929582058920438214e+01 1.093816385093370656e+02 1.084723851600619184e+02 1.169232149411208468e+02 1.178078265778530067e+02 1.095982287473280508e+02 1.023775827740288094e+02 8.515436036398564568e+01 6.529429320971790673e+01 6.018021921929649665e+01 5.770789645477038476e+01 7.754896699474369370e+01 9.298356843179900011e+01 7.981846118143062085e+01 6.024081766211279643e+01 6.253544061078564908e+01 6.773614805961743457e+01 7.459578528936451391e+01 8.439566054559324471e+01 1.043585619840113594e+02 9.557544156934247326e+01
7.974033382156503080e+01 8.698624731113315534e+01 8.698624731113315534e+01 1.070581839541856084e+02 1.118585055508559662e+02 1.034665215089986958e+02 1.008425449108774785e+02 1.092321989478615336e+02 9.753237704862333146e+01 1.065346491466946475e+02 1.149155338029474080e+02 1.143307902563212224e+02 9.995804931294226492e+01 1.093874183228094239e+02 9.309418406809895430e+01 8.895931274225370089e+01 1.073980904365711666e+02 1.178294829367966514e+02 1.171957368220038376e+02 1.122348474805124283e+02 1.039464337416511341e+02 8.988877393077721933e+01 9.821896970341178701e+01 9.344876960771520658e+01 8.515436036398564568e+01 7.321929044148721744e+01 5.336367513798546014e+01 6.482132699320726488e+01 8.469112185189081288e+01 7.520384090699258195e+01 5.559133131885925394e+01 7.520384090699258195e+01 8.738335639575548441e+01 9.437711126480225232e+01 1.026936366424047264e+02 1.127011320734034427e+02 1.039599143554090404e+02
5.865732654275648628e+01 6.649170905367425632e+01 8.110832877493507453e+01 1.011767979597469065e+02 1.034665215089986958e+02 8.333896658808266977e+01 8.073628698594025366e+01 9.759878481971200870e+01 8.749521028733978767e+01 8.638806988165082146e+01 1.032692454258084638e+02 1.149155338029474080e+02 1.202154595684336300e+02 1.217019968050433505e+02 1.072665993285481107e+02 1.030766465016219371e+02 1.174825928182982864e+02 1.113093872802199513e+02 9.707161402711186327e+01 1.039464337416511341e+02 8.402527761073157819e+01 7.846226782299821423e+01 7.846226782299821423e+01 9.243609444315592327e+01 8.960077278018513880e+01 7.019133749462902472e+01 5.031958409836372681e+01 7.019133749462902472e+01 7.574039300248952600e+01 6.753823110977324973e+01 5.231807819436733098e+01 7.197952275929661425e+01 8.071699587592623004e+01 1.006243388109680836e+02 1.080884136421051238e+02 9.976946596743501061e+01 1.023782732904402337e+02
7.974033382156503080e+01 8.698624731113315534e+01 9.530248154781571657e+01 1.042892656516408607e+02 9.591295471168413656e+01 8.923419139117812904e+01 6.918546674506147554e+01 8.923418542464797554e+01 8.703493628092914491e+01 7.484326969555391429e+01 8.638806988165082146e+01 1.065346491466946475e+02 1.142752488952734495e+02 1.226808353785217491e+02 1.276377095965699340e+02 1.233896722698835617e+02 1.145794889501693063e+02 9.446404700508202268e+01 8.292969817135394806e+01 9.294776564982952038e+01 8.741732992037694316e+01 6.999630771450782163e+01 6.447414627666178433e+01 7.470225349188207531e+01 7.214002700406862800e+01 6.143949092494722208e+01 4.737335399537849412e+01 6.324341399655502727e+01 6.669809653321402720e+01 4.779350674659364984e+01 5.452964203761613504e+01 6.169678710152425793e+01 7.493914172660477391e+01 9.466596972463153747e+01 9.653670440424394883e+01 7.979262035235042561e+01 8.238568839053486670e+01
7.229150735893526303e+01 8.641931553980266756e+01 1.064205760289717659e+02 9.591295472005805323e+01 7.581865204934942426e+01 8.170413697193549751e+01 6.312826579004546801e+01 7.994718887322459011e+01 6.698428291535715573e+01 8.703493628092914491e+01 9.259045489890911540e+01 9.776961211868777468e+01 9.406005490409783931e+01 1.112785501684053457e+02 1.196906715752445365e+02 1.314179063406048158e+02 1.229309529787760340e+02 1.113093872802199513e+02 9.294776564982952038e+01 7.300749605165344747e+01 6.753032261690309213e+01 6.242782261527560195e+01 5.747033613431041488e+01 5.485504016696569352e+01 5.227937350285591123e+01 6.857291971168271516e+01 6.324341399611056147e+01 4.333311509365737635e+01 5.743719007784747532e+01 4.474054801932614112e+01 6.620233131500789625e+01 8.064050570780727867e+01 8.901795633167598965e+01 9.859327583082438196e+01 8.762038154363897036e+01 6.834092627749279814e+01 7.092217626479327919e+01
9.057925208023661412e+01 1.005811517861601345e+02 9.366599241808276588e+01 8.530834363120590069e+01 8.170413702846950343e+01 6.164203437534954588e+01 5.733214704075366797e+01 5.987602922254211535e+01 6.294408952754303499e+01 6.768830349020542769e+01 7.255357719053428411e+01 7.771082245909487085e+01 8.401089065773352615e+01 9.106697968014704259e+01 1.026921650716443963e+02 1.230077703372568578e+02 1.226118183939281323e+02 1.125460953687653927e+02 1.012756519266824426e+02 9.294776564981633271e+01 8.272354345344396620e+01 6.286583909083329758e+01 7.731896088106449838e+01 7.369947642645460917e+01 5.384434589675124982e+01 4.869227429217426106e+01 4.645708603815305082e+01 6.081322263993988031e+01 4.088744046993804204e+01 5.590565660783017421e+01 7.122675082474997055e+01 7.790550187207965394e+01 8.607462783986997579e+01 9.029227587037587455e+01 7.037993630855129368e+01 5.949041707467546303e+01 7.933855789790628421e+01
