LEM/with_lateral_4open/elevation_000412.asc
nrows	100
cellsize	150.0
xllcorner	0
ncols	100
yllcorner	0
NODATA_value	-9999
[rows 51 to 67 of 100, columns 0 to 36 of 100]
6.455108993161302877e-02 1.420668671366268754e+01 3.420668671366339453e+01 5.120269398159307173e+01 4.907384385371577196e+01 2.899563387381416391e+01 2.892051234131807647e+01 2.513751173551804996e+01 2.566369022785047349e+01 1.275922226916872404e+01 1.827247036799602498e+01 2.746343733124249553e+01 1.231370813718186596e+01 1.717077175537558631e+01 3.429142221772951871e+01 3.096846405463805141e+01 1.180106511595015562e+01 3.209314666527005500e+01 2.947086955124609631e+01 4.490304930151499008e+01 4.436539900085794130e+01 4.980570027096738528e+01 3.086693343619743501e+01 4.568265381298024153e+01 5.607902839914662962e+01 5.728887012876539586e+01 4.310552860023419441e+01 3.333310002679547068e+01 4.751429273924036067e+01 6.542947702234920371e+01 7.154734944897309390e+01 7.816570572010078877e+01 6.384795059122406258e+01 7.578929260433396564e+01 6.345860811636916310e+01 5.519000363231450024e+01 3.655562931599704513e+01
3.995603441288197999e-02 1.418209165814395689e+01 3.418209166045105718e+01 3.108213423922909513e+01 3.685392516667255336e+01 3.487639473409024760e+01 1.476225290822240943e+01 2.015394340138018592e+01 5.625165936920133447e+00 6.253920431805314983e+00 6.888351946104532608e+00 7.525954605383572193e+00 8.169521766241622629e+00 2.636217735894070913e+01 2.889698172785652730e+01 1.068891241975993012e+01 3.096784962155735954e+01 4.046982971552258590e+01 4.969021696558208845e+01 5.775558185775607711e+01 6.156086568210876919e+01 4.972450309745511987e+01 4.994474400995736829e+01 4.061819346054821978e+01 6.070061547686736958e+01 7.147221165729662573e+01 5.712880775354486218e+01 3.688031670587243127e+01 4.711457694524168005e+01 6.134265502118338276e+01 8.114640317268627712e+01 9.100852282412728300e+01 8.304276220600200986e+01 8.708490926806220500e+01 7.272653837367020913e+01 5.243678585574467377e+01 3.790603125826349640e+01
4.804567899273937126e-02 2.004804567899238421e+01 3.687117138491065305e+01 1.682680938589342290e+01 1.678676742955437717e+01 2.326448835346197797e+01 2.387414115245508128e+01 4.738741352801578266e+00 2.476199641752266700e+01 2.033576386393707836e+01 2.882818113914160918e+01 1.331189027696304450e+01 2.626231756910997461e+01 9.097272783321901812e+00 9.754963691723000707e+00 2.989185778341552080e+01 1.241799958522689629e+01 3.271693052955074421e+01 4.287601031234249405e+01 5.721934190706801360e+01 6.484437884914292738e+01 6.919568318257813644e+01 6.913759076647158963e+01 5.196582146471570240e+01 6.932979273109026508e+01 7.500335058272005995e+01 5.511353683250250413e+01 4.077680669291603976e+01 6.093912840340379944e+01 7.532448715661284666e+01 8.655613968167534722e+01 9.640326756823621679e+01 9.293101307400293365e+01 7.305941688584069027e+01 5.874699549261114839e+01 4.848263430884869507e+01 3.926665616076701326e+01
9.707512844716031930e-02 2.009707512555537434e+01 2.122280200288562568e+01 1.991744137330218578e+01 2.629953353773780034e+00 3.229174963175688529e+00 3.855913833819433201e+00 2.387549435020224919e+01 2.467936978686350002e+01 3.977072314956659227e+01 3.910537449152166545e+01 1.936545915404299834e+01 3.567317782032823459e+01 3.019743113881537511e+01 2.790999624842350713e+01 3.847989410544644073e+01 1.988390095411977398e+01 1.417372595916958744e+01 2.853712115484163547e+01 4.433074079329427519e+01 4.351808341676292713e+01 5.759491110659115520e+01 6.935881251669287906e+01 7.263256599429080040e+01 8.130916088655845897e+01 7.995452117726948416e+01 6.014983879557291857e+01 4.590502571481200533e+01 5.096556597968213254e+01 5.858918970908496959e+01 6.855138395304292942e+01 8.825013782054212186e+01 9.162313321541195421e+01 8.009978352242086430e+01 6.560745202667432352e+01 4.521678489900227049e+01 5.972117573138617530e+01
5.001202446392439237e-03 5.978703691751450222e-01 1.191000195055730959e+00 1.785176106450834910e+00 2.181798270477494484e+01 2.324783006654524087e+01 4.638981729124631137e+00 2.528321702393194670e+01 3.658760978983596601e+01 5.237924230149769045e+01 4.718702686354141917e+01 3.911026153763744873e+01 3.002020728863727683e+01 4.954185124257251971e+01 5.091127945011110256e+01 3.201507938397117670e+01 3.998383048494769554e+01 2.853711878784048395e+01 1.594786303064161359e+01 3.468665200157833794e+01 2.865052100825703008e+01 4.054325667753617068e+01 6.100608454910188527e+01 6.342806439808254737e+01 7.167982946652945486e+01 8.210740194203602016e+01 6.231931420721688397e+01 6.595049596592612318e+01 5.545449937231387594e+01 7.531088673491744601e+01 8.655613968167534722e+01 9.640326756823621679e+01 8.343533356700115178e+01 6.339680633992656311e+01 5.158579745551798368e+01 6.560745202667432352e+01 6.967709450352582223e+01
5.279685921607564503e-02 1.780515219551704220e+01 8.756959922536724505e+00 8.207633712457424124e+00 2.698570099697209912e+01 3.358282701649056179e+01 2.528321702393198223e+01 7.861505693425759667e+00 2.829617127945868660e+01 3.961128941837373674e+01 5.361656096001480165e+01 5.771600503606477872e+01 4.382985816402648283e+01 4.952537954789205799e+01 6.009171757203193209e+01 4.333848530472749161e+01 5.721512796305755444e+01 4.467973163235328826e+01 3.630306460048609551e+01 1.774037001628323296e+01 3.813616752089383510e+01 4.849081195133855005e+01 5.109719355361054483e+01 4.393124569983982752e+01 5.766392778567615096e+01 7.734392120576040952e+01 8.210740194203602016e+01 8.346890863826553186e+01 6.954051764209064856e+01 6.954051764209080488e+01 8.924179005871791048e+01 9.446082501969064538e+01 7.462752196527193860e+01 6.033701066677872404e+01 6.183167290883220346e+01 8.009978352242086430e+01 8.223773782786226150e+01
5.738623160518319517e-05 2.000005738608626871e+01 3.007165912491585047e+01 2.127099808850379148e+01 1.983680387666618827e+01 3.928723163188229961e+01 3.660200307806506004e+01 2.829617127945868660e+01 1.131927901523071434e+01 2.544951898700896464e+01 4.217842843558881327e+01 5.629597378252152851e+01 6.333256374454510507e+01 6.904388110128326161e+01 7.169919350170884798e+01 6.336416851450145771e+01 6.574941680078724460e+01 5.355409587102592184e+01 4.187136002875121932e+01 2.142018692189391160e+01 1.969753663327490401e+01 4.013013053729014956e+01 3.131379195100005219e+01 4.538050544918219487e+01 6.489487844763986857e+01 6.888563788081499695e+01 7.735461227333387058e+01 8.155250596263054774e+01 8.924179005286748634e+01 8.924179005871791048e+01 9.739729963444035832e+01 9.106251272304520228e+01 7.118317909721444892e+01 8.043656193658327425e+01 7.609744021045119666e+01 9.009094497826747272e+01 8.884024625207555914e+01
4.532054705376769438e-02 2.004532054705341082e+01 3.731855814884684008e+01 4.078173307743688270e+01 3.928723163195567736e+01 3.928723163195570578e+01 4.552182022822851337e+01 2.545355622659290518e+01 3.129359833214563125e+01 1.455598526039110574e+01 1.581251577042260514e+01 4.342753134566986972e+01 5.081561967571074945e+01 5.911751573685712202e+01 6.915510661341897958e+01 7.369334040663186158e+01 5.787647134821305883e+01 3.852252416606936691e+01 2.698475624073426715e+01 4.186171469982730287e+01 4.011440249269979574e+01 2.168352076794317185e+01 4.018408346096227746e+01 5.189090253844729972e+01 5.383914274094519214e+01 4.760668038783032330e+01 6.888563788081498274e+01 6.143116321347498854e+01 7.562013580001013224e+01 8.647040107235110895e+01 9.471703604906575436e+01 9.923214284868193147e+01 8.273565570692184679e+01 9.923214284868193147e+01 9.591031215333005377e+01 9.211704227678883683e+01 7.226792583631130640e+01
9.001595176218035732e-02 9.034287861761260530e+00 2.058129324555357087e+01 3.472342886927107486e+01 5.472342880885653216e+01 5.932768551373874999e+01 5.383292993382632829e+01 4.552055543784033631e+01 4.121668389212884875e+01 2.114111104186309120e+01 1.788827597018205395e+01 2.400625442313048907e+01 3.069446964339012851e+01 4.076451233092356574e+01 6.086672702081678210e+01 6.544397825589736328e+01 4.533187991014072082e+01 3.350192996706150694e+01 4.743686761275515096e+01 5.570283411264644258e+01 4.987322888374556129e+01 2.943894847208912324e+01 2.377728075515579675e+01 4.425808056681051994e+01 3.430379541412343514e+01 5.084566591647455169e+01 5.383279036488922031e+01 4.684444486960696707e+01 6.544639632126884976e+01 6.642163173215942606e+01 8.316548572588843058e+01 9.284280402715488378e+01 1.024372109407503331e+02 1.106130354861731746e+02 1.139111210025362340e+02 1.002793511192414968e+02 8.884334979492965090e+01
5.674351268809080251e-02 2.005674351268773492e+01 3.244997027665179701e+01 4.073424308531375004e+01 4.967851571988299497e+01 6.122552268443280354e+01 6.618225290687722406e+01 4.609189688706388921e+01 3.186158889768484315e+01 4.080584371916412323e+01 2.066653827239852603e+01 4.080584371916412323e+01 5.081561967571074945e+01 5.911751573685712202e+01 6.915510681242591318e+01 7.021462152490343556e+01 5.015488275424218756e+01 3.921888558266870461e+01 5.944586933166025489e+01 6.418964363642997739e+01 4.395173142675697164e+01 4.987545877280818019e+01 4.418658611231096245e+01 2.591046109868441860e+01 2.746125952171347606e+01 3.016212061753297746e+01 3.285572639880776791e+01 3.599658822228215627e+01 5.708450702656055853e+01 5.467808416182560194e+01 6.453888420281023741e+01 7.515931356998929402e+01 8.342456688308539015e+01 9.496776474674041424e+01 1.057386765752447815e+02 8.611547859132294036e+01 7.461715411895151817e+01
9.518805923843161321e-02 6.125414950793730107e+00 1.244997027113054422e+01 2.139424218112985798e+01 3.294124756492278294e+01 5.294124758855470958e+01 6.837555636630607125e+01 4.829056051873328670e+01 5.197471476787917055e+01 4.364146063353329197e+01 2.353152322537214758e+01 4.365121556778317569e+01 5.645595260963882112e+01 7.064798907193880950e+01 8.186217484913858300e+01 7.846360122620269806e+01 6.550646608833703510e+01 4.540574064079505234e+01 6.550646608833703510e+01 7.247644839921002813e+01 6.418964363642997739e+01 5.811750416487628002e+01 3.781068659196337478e+01 4.639365560721703474e+01 4.794592230582330217e+01 3.009578115793263109e+01 5.049101275824563828e+01 5.708327168921985617e+01 4.139323455875025104e+01 4.577274459629322934e+01 5.017378435142317272e+01 5.502223028682490025e+01 6.669282010190050869e+01 8.672475872837220834e+01 1.019322710514553734e+02 9.592714112225607437e+01 7.615763750830790002e+01
9.062254805971975413e-02 2.009062254805936476e+01 3.244997027367020337e+01 4.073424108854587899e+01 4.780678457504127721e+01 5.609105452616648080e+01 6.763805900700043594e+01 6.837555636630607125e+01 6.006000430256403178e+01 3.996338314186976248e+01 3.359295899193364932e+01 2.802995232096751010e+01 4.226391614733876168e+01 5.352923974110612448e+01 7.080509425681401581e+01 8.236683309230869554e+01 7.256660200947425210e+01 5.259752206573509881e+01 7.256660200947425210e+01 8.857480844290421373e+01 6.866186178116048211e+01 5.443789636610866722e+01 5.811830194636161195e+01 5.318255954394336982e+01 3.280969527449543222e+01 5.049587687403192149e+01 4.460503100280708111e+01 6.470052862379138503e+01 5.355722422015207229e+01 6.619279818763313017e+01 6.453888420281023741e+01 7.515931356998004276e+01 6.365648141566904172e+01 7.371994537334731490e+01 9.370062166174569995e+01 9.592714112225320378e+01 9.018100701425419174e+01
3.063233560239582431e-02 1.417276795932949085e+01 3.417276787769235824e+01 3.625977916380199417e+01 2.780678458749900983e+01 3.935378997129111411e+01 5.935378994492207028e+01 7.360593585292656371e+01 6.833807635584078355e+01 5.370527888476919998e+01 5.370696034317181500e+01 3.514176525718457356e+01 3.340280609355117036e+01 4.241628429681014012e+01 5.404647240602641034e+01 7.409460335124249752e+01 8.079987119159827103e+01 6.417606205251297524e+01 8.079987119159827103e+01 8.794893165686205805e+01 6.818647542782022697e+01 6.743243474414600769e+01 5.618001376071345021e+01 3.587896437948114681e+01 3.722639657089018073e+01 5.750619489397605122e+01 6.471271766383866009e+01 7.288779232487925697e+01 7.379171205316457360e+01 8.207050510266373067e+01 8.459422499683888930e+01 9.195770762166387158e+01 7.371994537334731490e+01 9.195770764936747810e+01 1.019322711390994129e+02 1.155710838893905077e+02 1.097995360170088048e+02
5.666595628964066211e-02 2.005666595628928661e+01 2.683168879012627173e+01 1.625977920370669594e+01 3.625977920527485310e+01 4.532165924845326543e+01 4.532165924845325833e+01 5.871728238899145680e+01 6.700155632756251123e+01 7.373286279612922556e+01 6.286228004355812260e+01 4.276056622072709956e+01 5.352923974110611738e+01 3.994033999306871863e+01 4.895939318877089619e+01 6.057244303529201090e+01 8.058875129441537410e+01 8.402829274215169164e+01 9.226860301385035257e+01 8.217070053759250925e+01 6.239401972807418417e+01 4.819222680230175371e+01 3.901011473278425257e+01 5.619428530501772201e+01 5.750619507728180935e+01 4.392769058938926463e+01 6.402731969188072014e+01 6.210393999252171682e+01 7.019848647235464512e+01 7.900972052359195175e+01 9.871096634693319061e+01 1.019322710620302388e+02 9.370062166169499562e+01 1.019322710749401608e+02 1.082949477178922137e+02 1.165702544934963782e+02 1.031049642797829335e+02
2.110006612196471329e-02 3.401717085036038313e+00 6.831688787886229797e+00 1.109570311499847683e+01 3.109570311752284510e+01 2.532165924184993600e+01 3.164621456218680606e+01 3.871728237405253026e+01 5.026428775784545167e+01 7.026428779319097373e+01 7.114453754584860690e+01 5.283610263982573230e+01 6.562779160216467744e+01 4.553639196071759443e+01 6.562779160216467744e+01 7.730892227776251957e+01 8.885538497320351325e+01 1.000307082879605787e+02 8.865196433795436803e+01 8.047901962473235926e+01 7.453103494382391148e+01 6.148597249080682303e+01 4.131511339346045730e+01 6.148598344969926188e+01 7.222340945405680657e+01 6.402731969188037908e+01 5.138541793043829387e+01 6.037377307937728688e+01 7.180972951073866284e+01 9.151209714937166950e+01 9.508778620389553282e+01 1.148322692297515601e+02 1.052134817527397956e+02 9.701179629334419019e+01 8.875195618110524265e+01 1.052134817638351478e+02 9.488907600381257623e+01
9.367352646185668485e-02 2.009367352646150096e+01 2.683168879012627173e+01 2.523783873873017214e+01 1.776236978166526015e+01 3.776236978577273362e+01 5.164621457184401265e+01 5.871728238899145680e+01 6.700155632756251123e+01 7.854856357825219959e+01 8.115775308954408729e+01 6.703312023375644912e+01 6.562779160216467744e+01 5.976361905028733190e+01 5.716156652762240498e+01 6.874655682732797857e+01 8.873074866538625827e+01 9.184493554483086086e+01 7.215859169666430262e+01 6.075179828427915396e+01 5.470218734900625179e+01 4.906793292433751219e+01 4.389889580384721057e+01 6.399842453640479789e+01 7.187099279858408352e+01 7.628351820431943509e+01 7.129857747402989787e+01 7.947649414292530423e+01 8.831103072073250360e+01 9.969524459568798136e+01 1.148322692297518728e+02 1.052134807510579009e+02 9.398091002304151687e+01 7.769941249970122499e+01 7.769941249970122499e+01 9.701179629335764787e+01 9.336603700598381295e+01
3.648181865326004941e-02 1.417861744238433452e+01 3.417861744238503974e+01 4.523783874734637322e+01 3.776236978577273362e+01 4.604663983920467984e+01 6.075011242534725397e+01 5.246584648457786670e+01 6.002513595851674921e+01 6.830941390149696701e+01 7.830941758330001790e+01 8.702449196452774061e+01 8.563266543119418372e+01 7.978515650900280320e+01 7.719287012814622528e+01 8.546163311011073915e+01 9.699332994757030235e+01 9.440359858392451997e+01 7.471127016949998279e+01 8.047901962473235926e+01 7.285034419384864179e+01 5.301318974141727836e+01 4.938311739913281428e+01 4.861260679392326978e+01 5.202086160443452911e+01 5.655010468512363531e+01 7.628351820432015984e+01 8.867836138050175521e+01 9.487818736925912333e+01 1.030351225544504530e+02 1.143823610203847778e+02 9.701179628033227687e+01 7.769941249970121078e+01 6.671859990737364399e+01 7.862634195050112851e+01 8.669475117929765418e+01 8.483707001809625581e+01
