LEM/with_lateral_4open/elevation_000633.asc
nrows	100
cellsize	150.0
xllcorner	0
ncols	100
yllcorner	0
NODATA_value	-9999
[rows 34 to 50 of 100, columns 37 to 73 of 100]
5.970639917004620401e+01 7.975119416582775500e+01 8.114225520214858989e+01 6.987367247103119894e+01 4.963871649137872311e+01 3.797162296600469489e+01 3.896342404532463632e+01 5.919921112185978274e+01 5.947666194113986649e+01 4.306842034971378297e+01 5.985380548399042056e+01 6.099137020859176772e+01 4.090665635335803074e+01 6.099137020901252271e+01 6.209725807429006750e+01 4.510830167634080823e+01 6.517541297949061629e+01 7.684792940301377939e+01 9.001110205244874862e+01 7.577679830079033252e+01 7.054980665646537830e+01 9.067298064343601993e+01 1.034931517294850778e+02 1.135661582288724532e+02 1.093998746997244496e+02 8.906641858999478245e+01 7.722710010290734317e+01 7.101250915238311734e+01 6.527051555991879184e+01 7.315452124161569714e+01 8.758232890093886169e+01 7.531560888290009359e+01 5.470832301283298449e+01 7.531560888290009359e+01 7.778144410316545532e+01 5.731846530992559252e+01 5.705055258757120384e+01
6.363524117636696786e+01 8.368285463634234134e+01 7.283251983121985518e+01 5.263514521739475782e+01 4.241773578279091339e+01 5.819101518915817195e+01 5.920089440822972904e+01 4.721179298789658674e+01 6.747214778764042364e+01 6.313133046553216587e+01 7.143402222921055511e+01 6.301976230767778020e+01 4.293922645296103724e+01 6.301976230767784415e+01 7.350199334959732766e+01 6.517541297949061629e+01 4.845667246110089366e+01 6.851916086769411152e+01 7.587433064826394968e+01 6.158428339146650643e+01 6.792001251326156819e+01 7.501452046397183437e+01 8.507539341826053203e+01 1.052348041433660768e+02 1.177302288269860355e+02 1.060282772995537783e+02 9.766034834121656161e+01 9.149949219079273632e+01 7.915112759547670862e+01 5.853357402217959304e+01 7.319935254268936831e+01 6.922804497392330347e+01 4.991146888855509189e+01 6.379211217472101225e+01 6.425605436963832062e+01 4.965407399390283416e+01 7.001538266987405734e+01
6.882135011887064024e+01 8.885570206585852304e+01 8.114225520214858989e+01 6.616497859403020243e+01 4.586604469808051476e+01 6.616497859403020243e+01 7.579189501093676995e+01 5.739768254906037015e+01 6.007212634956036368e+01 8.020578570704898880e+01 7.929914867990855498e+01 5.918940264886870750e+01 4.500388059417014119e+01 5.918940268649102165e+01 7.929917439617810260e+01 7.684577093115109392e+01 6.263394441368586740e+01 5.194834130897696411e+01 5.580381738798568136e+01 7.587433064826394968e+01 8.803432902838464713e+01 9.515509878081326178e+01 1.034931517294850778e+02 1.135661582288724532e+02 1.152855041028933556e+02 1.051409888709075773e+02 9.677009306623251916e+01 8.954334930036003470e+01 8.406334360185212518e+01 7.319935254268936831e+01 5.256383300947274506e+01 4.865978053928622415e+01 4.601299698517098591e+01 4.345479247951485746e+01 4.404068856135428689e+01 6.425550186849336853e+01 7.845181548172223529e+01
7.468927594746543264e+01 9.470156692506850504e+01 8.394544760207256218e+01 6.385629406416926201e+01 4.951536339262495545e+01 6.974027090712336019e+01 8.585202385770716660e+01 7.166745102553232982e+01 7.432839728150584335e+01 8.850905958437566312e+01 8.174547819108532565e+01 6.719511665406248824e+01 4.712332180587612385e+01 6.719510049517376160e+01 7.906533942626303713e+01 9.103404832254766177e+01 7.201119560217540538e+01 7.201175857039874018e+01 5.673544628446045124e+01 7.659212945690529750e+01 9.003292263176936672e+01 9.925149388519329818e+01 1.076464293690602290e+02 1.193500440857536233e+02 1.069477040791213938e+02 8.659248205334375825e+01 7.632977497524831278e+01 6.903904549897465870e+01 6.349766860437880922e+01 5.872965018590932829e+01 5.431921687035573854e+01 6.922804488056705452e+01 6.647949502553123580e+01 6.056258465583151462e+01 4.038479542414034285e+01 5.455572759999564170e+01 7.501655349623020186e+01
8.771240458800538420e+01 9.412088978146319107e+01 7.401447484689465739e+01 6.236771572957495380e+01 5.379934900966878786e+01 6.806061031976319953e+01 8.812468169965465847e+01 9.174016566367053827e+01 9.439500564679295280e+01 8.763602979059311338e+01 6.749244041963444829e+01 5.331113161794014133e+01 6.719506507461143485e+01 5.064311427466672910e+01 6.482006506661484480e+01 8.495033270869772934e+01 9.211796069452431368e+01 8.489524558421099698e+01 7.075983107461588872e+01 6.189270651052678573e+01 8.170856111523112020e+01 7.921300073909804951e+01 9.068215988372672598e+01 1.109574218247102664e+02 1.152855041028933556e+02 1.051409888709075773e+02 8.580708565118663955e+01 8.954334930036003470e+01 7.542044039901097108e+01 7.334921911322042831e+01 6.894125322888915264e+01 8.339687262682481617e+01 7.311533446909086820e+01 5.265458683218150071e+01 3.855516726520722415e+01 5.265596852851991372e+01 7.315694554842359310e+01
9.597194224628982795e+01 1.024130601178458733e+02 9.076821752184500269e+01 7.895326843849170473e+01 5.887497642213711657e+01 6.806061031976319953e+01 8.225413837586366128e+01 1.022974270104497521e+02 1.009696872082149071e+02 9.260265709033885173e+01 7.826673985709379622e+01 5.816886519429074553e+01 7.328654258420924350e+01 5.320918462649615321e+01 7.328655380621142967e+01 8.441035480758351639e+01 9.277404502744978743e+01 9.903066009380610524e+01 9.003292263176908250e+01 7.176428719784009047e+01 6.786973182606853072e+01 7.480141554545544125e+01 8.463039052737470058e+01 9.885949529056301799e+01 1.192224916054241959e+02 1.145095758256070582e+02 1.061678160836908802e+02 1.042438806101812503e+02 9.586976892708929654e+01 9.382096332219036583e+01 8.945637332420757559e+01 8.147105845429472026e+01 6.096014503209598701e+01 4.659611549810842490e+01 3.675791065092128918e+01 5.421807653860089715e+01 6.265512711833468273e+01
1.059612958031736270e+02 1.034975535851517776e+02 8.390123018523183873e+01 7.032408667901724186e+01 6.598851566542711566e+01 8.595191280988500182e+01 9.642250995813920156e+01 1.069047764227311319e+02 8.667852529218369284e+01 7.242766763331377433e+01 6.574105705837168045e+01 7.826673985709358305e+01 7.668179443214623348e+01 5.659395888693445897e+01 5.911366529249900736e+01 6.428396553437006844e+01 8.441035481400913909e+01 1.018006576724141468e+02 9.165283503262219256e+01 9.165283503262219256e+01 7.527918869856634387e+01 9.472703467664197774e+01 9.472703467664197774e+01 1.132285428577620650e+02 1.111969506290592449e+02 1.030098499328206429e+02 1.039726077153602830e+02 9.584096733500734899e+01 9.636287467588512357e+01 8.829520439737173376e+01 8.751267048057806619e+01 8.439321347847091204e+01 7.542608979690935200e+01 6.522670777133505737e+01 5.406305956572458626e+01 3.427431891250088114e+01 5.172241690344584697e+01
1.048271627686655734e+02 1.070018620049415006e+02 9.800264760424273902e+01 8.384321637577227193e+01 8.013268859423860135e+01 8.013295121608493332e+01 1.000001288085653499e+02 1.069047764227311319e+02 8.667852529218369284e+01 8.587766060466393014e+01 7.996060656664289468e+01 8.170898096545249700e+01 6.159879325478608791e+01 7.668179443218035374e+01 6.668558427766258490e+01 8.441035480758351639e+01 7.325600215824901795e+01 9.343441567377053047e+01 1.118533120442838253e+02 1.036103528565354281e+02 8.511676233874833031e+01 1.036103528565354281e+02 1.149914756905746742e+02 1.116883002489276322e+02 1.030098499328206429e+02 8.366854708110126637e+01 8.933348352938718051e+01 7.673005465150309590e+01 8.092889481277651953e+01 6.912617664306006304e+01 6.823377843623350714e+01 6.498929395310818791e+01 6.785191815237770641e+01 7.590004761671492872e+01 5.984363976089515091e+01 4.044333699525220993e+01 3.183514128661681397e+01
8.487554673001584149e+01 8.705980393246960602e+01 1.070018620049415006e+02 1.030804953141920919e+02 9.999899164157226039e+01 1.000001288085653499e+02 1.082163520043682325e+02 1.152608491242462918e+02 1.069047764227311319e+02 1.060828606216506245e+02 1.001626927125487043e+02 8.538381459598979006e+01 6.525438697856067449e+01 8.538381459598979006e+01 7.566490830218073427e+01 9.519083371683173311e+01 8.751005296449432080e+01 8.600006997778346829e+01 1.062271345752247953e+02 1.137248333668561742e+02 1.053206098629956955e+02 1.137248333668561742e+02 1.147654171953912510e+02 9.527860803468246331e+01 8.517726911978070348e+01 8.277546018424888530e+01 7.017213127248881221e+01 6.561669976497819334e+01 6.152294546962708921e+01 5.756497591528059843e+01 5.397477321207470879e+01 5.056069284345004178e+01 4.729491967545821041e+01 6.327464948373120990e+01 5.695416528919513155e+01 4.199145955621721527e+01 3.310058211533041117e+01
7.063311473556196063e+01 8.487554673001584149e+01 1.048271627686655734e+02 1.075661402815085950e+02 1.041841212169075135e+02 1.122761943437907632e+02 1.220765311529361270e+02 1.270711832486512378e+02 1.068683431877141601e+02 9.254486009180820361e+01 8.244305536668781542e+01 7.422737090109868063e+01 7.011413298338233346e+01 9.027222570135664625e+01 9.585581826141191186e+01 9.214402110777555777e+01 1.077370924749225054e+02 1.003028341176452187e+02 1.145836016384833584e+02 1.193017429454905880e+02 1.110302811628806552e+02 1.157823039694115153e+02 1.230093132439810404e+02 1.116883002489276322e+02 9.886188750552999238e+01 7.663238285761929092e+01 8.933348352938718051e+01 7.820333366822232790e+01 8.092889481277651953e+01 6.912617664306006304e+01 7.388043518225865114e+01 6.881927569211183027e+01 4.890532761404517004e+01 4.292111046235987004e+01 5.485025582180746540e+01 3.615189212260939655e+01 5.566226483810346082e+01
7.586784182551005529e+01 9.590452882398636802e+01 1.017217155272155367e+02 8.779131772890404761e+01 8.435166817723326460e+01 9.435699269030087066e+01 1.083125769063272088e+02 1.277690629945777800e+02 1.211249810949503143e+02 1.110203824107234425e+02 9.440956714194388155e+01 9.440956714194388155e+01 7.529486617017340677e+01 8.955988041006764888e+01 1.097873109827180969e+02 1.123714216238086294e+02 1.207186772737731388e+02 1.205296610874867582e+02 1.218861267676087579e+02 1.078819288138749641e+02 9.132902536560784768e+01 9.603139683623463441e+01 1.157823039694115153e+02 1.187098220448204700e+02 1.071531970337544379e+02 1.016517336036338293e+02 1.031415402347969348e+02 9.628029913477105595e+01 9.636287467579963106e+01 8.829520439737173376e+01 7.716958973232185315e+01 5.800679948241882755e+01 5.982434562595391014e+01 5.996123695797187025e+01 3.931359550649099788e+01 5.728282533041999613e+01 6.743598605020467573e+01
9.000436867359711357e+01 9.357166590417151042e+01 8.604938218046920895e+01 7.365054364016536681e+01 8.520740861598387994e+01 9.928839482312574205e+01 1.188737508637206446e+02 1.160312375916186340e+02 1.077464922493788890e+02 1.160312375916186340e+02 1.146224269419542026e+02 1.031297575434023486e+02 8.290193077514875597e+01 8.804866795219446374e+01 1.023564674025104324e+02 1.224890369535820156e+02 1.133095023256005618e+02 1.050361770930697247e+02 1.064533826497126512e+02 9.387773086014126989e+01 7.994048233639610146e+01 9.083881748186962568e+01 9.904606761502274992e+01 1.070046421794675240e+02 9.205125653982314304e+01 1.070046421794675240e+02 1.159911002643249134e+02 1.077307022370512186e+02 1.023305640798720617e+02 8.355739693514422584e+01 7.026197568811129202e+01 6.869493453830469321e+01 7.388483548804487100e+01 6.810622556531447458e+01 4.659216223082433572e+01 5.401700999485212407e+01 7.528761685515941338e+01
9.596036094958245144e+01 8.287574022681239683e+01 6.614583418232230372e+01 8.604938218046920895e+01 9.552421100789801756e+01 9.552421100789801756e+01 1.038272725974940585e+02 1.059930295430502696e+02 8.763889766320218655e+01 1.059930295430502696e+02 1.152759438908281737e+02 1.114773680738604753e+02 9.300847513868409067e+01 1.082653154235406561e+02 1.165709167544405034e+02 1.191411178164713363e+02 9.923256012697666506e+01 8.522920438462854520e+01 8.669680257034723070e+01 9.569212420140333109e+01 9.083881748186962568e+01 7.103991225036753576e+01 8.335553469988522579e+01 9.156110775105445043e+01 7.951423691259161330e+01 9.881277611182457576e+01 1.044965363268594132e+02 8.783528380173771666e+01 9.882582056954041150e+01 9.690854835764469044e+01 8.905593028748653239e+01 8.033545370390835672e+01 9.265498179940792056e+01 7.284753133645739354e+01 5.741040312888736707e+01 7.528761685515941338e+01 8.408996941142930837e+01
9.699429163780799001e+01 7.600307951066999124e+01 6.161181224121749977e+01 8.146123970904633893e+01 7.539504489131640241e+01 7.539504489131640241e+01 9.552421100789801756e+01 9.769269495580586238e+01 7.754895549276085376e+01 8.688081914139688422e+01 1.069893732315534436e+02 1.215783410311901633e+02 1.132510399481227665e+02 1.215783410325155387e+02 1.231059732486685476e+02 1.148350154316960925e+02 1.064937740698204749e+02 8.670649427643324714e+01 7.262953937022014372e+01 7.728968471332400725e+01 8.069558644812653370e+01 7.784582573750114420e+01 6.349136798830321027e+01 8.178742814634804859e+01 7.174152319383902920e+01 9.124524827449516806e+01 9.624407704778269590e+01 7.632478229713413498e+01 7.891064780810567925e+01 8.775049628736194052e+01 9.600313415648197690e+01 9.779806304028480213e+01 1.042432991982978052e+02 8.777682953992385251e+01 7.895651849541054901e+01 8.777682899767093261e+01 9.141979524080447561e+01
9.018922711913874934e+01 7.727910419002557774e+01 5.749292209742531412e+01 7.735688298676041086e+01 6.118125720203347839e+01 7.655839118148207945e+01 7.952279531463723572e+01 8.266660040193947623e+01 7.041895426817264081e+01 9.057080756954043466e+01 1.043915525499914168e+02 1.126814878884076876e+02 1.242538699450503259e+02 1.304759554033805671e+02 1.148350154316960925e+02 9.495775018540645362e+01 1.007796663846009864e+02 9.448304657708344223e+01 8.365710872201616155e+01 6.369128701554306815e+01 6.074824455015576774e+01 5.789915990186826633e+01 5.865086927785410609e+01 6.203235181681127841e+01 7.598866374260155965e+01 9.578688381487906156e+01 9.882582056954041150e+01 7.891064780810567925e+01 6.478795810983976367e+01 6.780427295690344636e+01 8.449058230239266720e+01 9.600231286404678599e+01 1.015898313566310662e+02 9.335455271715726155e+01 9.335455270343649659e+01 8.816843662272891891e+01 7.152329443565402300e+01
7.647325330153132938e+01 6.228660168151860432e+01 5.363133644315556836e+01 6.993502755583079988e+01 5.364362619196005255e+01 5.648014742889281337e+01 5.941722828023887359e+01 6.253642584966956264e+01 6.654559284659156049e+01 8.669685229077636279e+01 8.427021271316056072e+01 9.590743878853982096e+01 1.159810674767357312e+02 1.221913267249368147e+02 1.023155853877056387e+02 9.084327065565901194e+01 8.086800623271473398e+01 7.454239994947695891e+01 6.876776459265590802e+01 8.365710872201616155e+01 8.069558644812653370e+01 7.389787651355393905e+01 5.395398909790805675e+01 7.082980280077229907e+01 7.903849438878792455e+01 8.793739585458986596e+01 9.939447095309567715e+01 9.154349240007930177e+01 7.623452405898306949e+01 5.626453017533146550e+01 6.780427295417825917e+01 8.775045508464901900e+01 9.335455272174965557e+01 7.346060169719913802e+01 7.346060169719831379e+01 7.993254513582040488e+01 5.998429991466083777e+01
6.309895723374776111e+01 4.833563429726795135e+01 6.601408046593856227e+01 4.995148930591968650e+01 6.404801473499749420e+01 7.655839118148207945e+01 7.101053176276012380e+01 8.266660040193947623e+01 8.669685229077640543e+01 7.261724244943428630e+01 9.277449157874328023e+01 1.092897745118886945e+02 1.193214328359887020e+02 1.237247281996614845e+02 1.038421363214825135e+02 8.979330157500990595e+01 8.273682430375397701e+01 7.607179596963273127e+01 8.289451683039720820e+01 9.697959839459851139e+01 9.347992771742019613e+01 8.215123010559507577e+01 7.082980280077229907e+01 5.088696995281971880e+01 5.980072177010612933e+01 7.133048232560702218e+01 9.121441996368153582e+01 8.329033263658770636e+01 6.333494979015722492e+01 5.181129527000075541e+01 6.600776805605745778e+01 7.237693867158830585e+01 8.063454153591264628e+01 7.928740504482243523e+01 5.934313139259159442e+01 6.931526822001389121e+01 5.291529971063015125e+01
