LEM/with_lateral_4open/elevation_000621.asc
nrows	100
cellsize	150.0
xllcorner	0
ncols	100
yllcorner	0
NODATA_value	-9999
[rows 17 to 33 of 100, columns 37 to 73 of 100]
4.416388344204417393e+01 4.195779936113977726e+01 1.371025966765386528e+01 1.412116452134352862e+01 2.463956197129103742e+01 3.793408339164324161e+01 5.656834525110686940e+01 5.654007852114213506e+01 3.635800528863294545e+01 4.226919768003138955e+01 2.525784318046722987e+01 4.539506955726130855e+01 5.716630837912344987e+01 6.806121476471719234e+01 7.637157134924424895e+01 8.640780678069003784e+01 9.253262278131731478e+01 9.174731103754942296e+01 8.349604995677003672e+01 8.349604995676905617e+01 7.587551752444562680e+01 8.996901470168697301e+01 8.742122476896800265e+01 7.906276831454385956e+01 7.908667538629768501e+01 7.069077526937806510e+01 6.981415715893098195e+01 5.205039508500588141e+01 3.970911535499921996e+01 3.770619948408262445e+01 2.167995430543539115e+01 4.296784095462056285e+01 5.449194326375599218e+01 6.294658451180093550e+01 7.476921503170451899e+01 5.619560799076602109e+01 3.616605552271443003e+01
2.488005336006986568e+01 3.364700254418385583e+01 1.444343043153353712e+01 3.318673467562774704e+01 2.087119007861785036e+01 4.065038474875735375e+01 5.781659951697837130e+01 6.486042486980119293e+01 5.654007852114213506e+01 5.122270676599659822e+01 3.103517929207797721e+01 2.865940059252166705e+01 4.882891747688082518e+01 6.070005540083197815e+01 7.489932614156461455e+01 7.747906438868277235e+01 7.258688516765221266e+01 7.845699533053812047e+01 8.672687289756720475e+01 9.827433271661526248e+01 9.581884573854785003e+01 9.341651343058654788e+01 7.311725241664113639e+01 5.856756391657020799e+01 6.610046291261133433e+01 5.011337277558111225e+01 5.523292873306014172e+01 5.169438167017220565e+01 4.858707042881502502e+01 4.299690278559814516e+01 2.310934013063591053e+01 2.846793532677208916e+01 3.403873600594624804e+01 4.580977416460147822e+01 6.635246387870357410e+01 6.067571869064968837e+01 4.064005926596400542e+01
3.848387011924576484e+01 1.901731373331379871e+01 1.524321031557383854e+01 3.573482413171041117e+01 3.482383729681221496e+01 2.967517851976415244e+01 4.368343936435942965e+01 6.364318498063094154e+01 6.075509306589057701e+01 4.053384808525657235e+01 5.122270676599656269e+01 4.882891747687799722e+01 3.217288754402405004e+01 4.645454924978049860e+01 5.962819325273056847e+01 5.720511665692787773e+01 5.828883155692971485e+01 5.828917511084812730e+01 6.998894833465620025e+01 9.002487563173902174e+01 9.673320307191754353e+01 8.659773807707203730e+01 7.823964753275090800e+01 6.610046290915984457e+01 4.548106932967007054e+01 3.825936187359133811e+01 3.475803726895794910e+01 3.141753134236286371e+01 2.829068881330304563e+01 2.523623442698341535e+01 4.338021455281698735e+01 3.962856376600644381e+01 5.449213754229927531e+01 4.580977416462632590e+01 6.635246629760618475e+01 6.623554963385709016e+01 4.618929408521162117e+01
3.848217312015786717e+01 3.581320137378602908e+01 1.603826107141015811e+01 3.592785714255334995e+01 5.471690916540652694e+01 4.368343936815216466e+01 4.368343936457755206e+01 6.364318583917256689e+01 6.906806348794793848e+01 4.959063654532735654e+01 6.906806348431705089e+01 5.705689016868336694e+01 3.732753191478791877e+01 3.626383301891472399e+01 3.939354557138698709e+01 4.283759518739074679e+01 4.652700871600184485e+01 6.681344981146418149e+01 8.183986733238448608e+01 9.341058636659383296e+01 8.841351609142455459e+01 6.806577897485429673e+01 5.772671395717214438e+01 4.986826997025092112e+01 4.470905517029218856e+01 5.881040639909271306e+01 5.523292873306014172e+01 4.313830968150545431e+01 4.728693020866704444e+01 2.696717448200525524e+01 4.728693020866704444e+01 6.007313007532364679e+01 6.850341890379520748e+01 5.769671793567465556e+01 7.476939868905927256e+01 7.228362163891893033e+01 5.222443609307643442e+01
4.322951822063321003e+01 3.673434668274326498e+01 1.681160738971656698e+01 3.503596523161767351e+01 4.824932061969780506e+01 6.364318929000960878e+01 6.364318535900989104e+01 7.194981031802262805e+01 7.807589227026254264e+01 6.390449522673619498e+01 7.807589227026254264e+01 6.322115823816426428e+01 4.271617803114094158e+01 4.448595586823324055e+01 4.843942316759515876e+01 6.310912113887528818e+01 6.681344981146418149e+01 5.332656655442567484e+01 6.506822877567205410e+01 8.515262028358860391e+01 9.673320306905476684e+01 8.229278181828250638e+01 6.184368035805296415e+01 6.450766782497582597e+01 5.933185907715428442e+01 7.375274289693864205e+01 7.210485726506330195e+01 6.368046670924545083e+01 4.906477206288771953e+01 2.871644196492702150e+01 4.906477206288771953e+01 6.184218115070289912e+01 7.624085179191534678e+01 7.817643849713111592e+01 8.654780611739636242e+01 8.059046784739976488e+01 6.380075335434985107e+01
2.355117928775986869e+01 2.068772724421566878e+01 3.110814358858128159e+01 1.797221146949339499e+01 4.053628867942830993e+01 5.359152156352115526e+01 6.418561893990329281e+01 6.653484434076106879e+01 7.527204623938908412e+01 8.398974308970251457e+01 8.392842365022016793e+01 6.328563603365272883e+01 5.020153105986710784e+01 5.356283852647705856e+01 6.868803762535819146e+01 6.500018870976811058e+01 8.183986733238448608e+01 7.355689143998317547e+01 6.201809214630313960e+01 7.628308934150949483e+01 9.626139168947126734e+01 9.063611012697202796e+01 7.372172003061827184e+01 8.492063470948016857e+01 7.981739292345606884e+01 8.557239249911894774e+01 6.516212849504452720e+01 5.060800959697471768e+01 5.123815675009905846e+01 3.084999792793394846e+01 3.319392231545374727e+01 5.340220736580730687e+01 5.576789706749764974e+01 7.022039080327935778e+01 8.202072443504756905e+01 9.217365743300646841e+01 8.387143521259754664e+01
3.743629163387746672e+01 3.614482597432568411e+01 3.903231771395152094e+01 2.925762243204306756e+01 1.916775058675046850e+01 4.208453663968345637e+01 4.267377584185668837e+01 4.502783976026164936e+01 6.261518759872247131e+01 7.141621729126120499e+01 8.220818284328639436e+01 7.963538808895324905e+01 5.976459976818816244e+01 6.528165022171971543e+01 8.205213413504172593e+01 8.509708355760608356e+01 9.335456775700372134e+01 9.039618394621172115e+01 7.368427815419097726e+01 7.628308934150949483e+01 9.626139168948144231e+01 1.023053839941661636e+02 9.400107085175856980e+01 9.498097272339522590e+01 8.723384149491232620e+01 7.889892556650204369e+01 6.890748183370116919e+01 4.835647956783729740e+01 3.392126420103911499e+01 5.123815713527913829e+01 5.340220736580730687e+01 3.792039216883437547e+01 4.146957202293438627e+01 5.311592721186150357e+01 7.357816539827535962e+01 8.384948128647742749e+01 9.409966639704315128e+01
5.721052007069349088e+01 5.809215666029984249e+01 5.058762729390276291e+01 3.957113308218001180e+01 2.002792447251492902e+01 3.998382555056592480e+01 2.812491969382773505e+01 3.413040861208489929e+01 4.091581605222044260e+01 5.168389474661191230e+01 7.354648045083304453e+01 8.882513592171777361e+01 7.195436791673256494e+01 8.536938580469691829e+01 9.362205075071452143e+01 9.447397800693568115e+01 1.027888599801313347e+02 1.019256934685986238e+02 9.367795105265005873e+01 9.626139168948144231e+01 1.045092785509139190e+02 1.006712697874438760e+02 8.903967761568378592e+01 7.480846960774462673e+01 7.547806055953762439e+01 5.843821721079052622e+01 6.389991908619883532e+01 5.668295015929864178e+01 3.617591787913229240e+01 5.668295015860645236e+01 6.662653877511712608e+01 5.219331580635680012e+01 6.176428667535442685e+01 4.726593562093478340e+01 5.488234991056965129e+01 6.510776479664926342e+01 8.570206703745792254e+01
7.006897203428815146e+01 6.646947082992527100e+01 5.542740037752938065e+01 4.600718218718428432e+01 3.669523548813820213e+01 2.126304850492221021e+01 4.182311919921396992e+01 5.538206374988844516e+01 6.261518759872247131e+01 7.141621729126120499e+01 8.220818284328639436e+01 1.004642441589321322e+02 9.221216224697880648e+01 8.856005425086696903e+01 8.023091739625051844e+01 7.433124852160273122e+01 9.447397800693568115e+01 9.980807578874106412e+01 9.697581953536825949e+01 9.697581953536825949e+01 1.052746255015399441e+02 9.237865797386970712e+01 7.217983156829424729e+01 6.030007266033650382e+01 6.708592751356466977e+01 4.643821917617967188e+01 4.327450303686546107e+01 4.024814778029202245e+01 4.005310797581530124e+01 6.056148977487352880e+01 7.475774146007152865e+01 7.262171051277529443e+01 7.276841068322563899e+01 5.228722823696999455e+01 6.674496450663093583e+01 8.384948128647742749e+01 9.409966639704315128e+01
7.429312132368019661e+01 5.317083125443401315e+01 3.881538685368690977e+01 3.002968063694816436e+01 2.252975232946934625e+01 4.127446852117405030e+01 3.569455780658965693e+01 5.084087768742078595e+01 7.298857084345954149e+01 7.246607568841584168e+01 8.071668240943795070e+01 8.464012409405302151e+01 9.046014715226384340e+01 8.023091739625051844e+01 5.992314682151690164e+01 8.023091739625051844e+01 7.968689938400993356e+01 7.968689938400994777e+01 7.686266991936260240e+01 7.686266991936260240e+01 9.697581953536825949e+01 9.498097659243524049e+01 7.480846960953871871e+01 7.201111265073379286e+01 5.140759652538506685e+01 6.708592937446550764e+01 6.389991908619884242e+01 5.214390720454975536e+01 6.065939715761612661e+01 4.595853895636671638e+01 6.060898963086027180e+01 8.108096245164584559e+01 7.871310129885927154e+01 5.812008893574870427e+01 7.871310129885927154e+01 9.570069514519687459e+01 9.654130164287741422e+01
7.892429879377927193e+01 6.849275493462297959e+01 5.542656619524935024e+01 3.697447628557412713e+01 2.343148554174802101e+01 4.318337264835550116e+01 5.719370685625595030e+01 6.072206926043014619e+01 5.841363053390197990e+01 5.259738349674115909e+01 7.246607029888733109e+01 6.434221401768334658e+01 7.028713320938157949e+01 7.346165324800105623e+01 5.316605127562971234e+01 6.625187128940379466e+01 5.938082833193972476e+01 7.318867011180488191e+01 6.246323548738153164e+01 7.686266991936260240e+01 9.697581953536825949e+01 1.032709080736998146e+02 9.498097659243524049e+01 7.638526380191626686e+01 5.586867511110531126e+01 7.638526355167213922e+01 8.104976610976484608e+01 7.268421731061121704e+01 7.121880673611316581e+01 5.058806072940312504e+01 6.258095995192497440e+01 8.301759243902496621e+01 8.559477159816927383e+01 6.494976070023929537e+01 8.559477159816927383e+01 9.987683434214856959e+01 7.963643312627520743e+01
6.720454333220003207e+01 6.532208586064214728e+01 5.430508513104394552e+01 4.259432372227210806e+01 2.433453030828745867e+01 4.406658717805543546e+01 4.645269928978846963e+01 4.182747721754905967e+01 3.869172766146089515e+01 5.841589509882163611e+01 5.942342624881720781e+01 4.937189687979828534e+01 6.992761841960086144e+01 6.734234892362520952e+01 4.722722004168189613e+01 4.617730920685886531e+01 4.930230292894719213e+01 5.283957012123129005e+01 6.726304696470852207e+01 8.749438987903675979e+01 9.854908264618622127e+01 1.033938537216824329e+02 8.331279789035572492e+01 6.894137565142162316e+01 7.638526380191626686e+01 6.402944517747820896e+01 8.435928175839801213e+01 9.155115618775433006e+01 7.121880673611316581e+01 5.687674242032225891e+01 7.121880673611316581e+01 9.135631163652597309e+01 9.399393834744834919e+01 7.532913056369419280e+01 9.399393834744834919e+01 1.082039357531010779e+02 9.654130164287741422e+01
5.365166478870063571e+01 4.535957785920484042e+01 4.665016072434694649e+01 2.691344378955469452e+01 2.598603323994092662e+01 2.594663655757837617e+01 2.708365813565751523e+01 2.823509195053082266e+01 4.792725430733542424e+01 5.074701007809944997e+01 4.181438520266303982e+01 4.009216483833628075e+01 5.547312746772011849e+01 5.801299353461256914e+01 4.191864275375430537e+01 6.176327460785988421e+01 6.359948018289249916e+01 7.318867011180488191e+01 5.982982668227040080e+01 7.007763043074464804e+01 8.437509640674176126e+01 1.044265728090456093e+02 9.749336756159777906e+01 8.919440296995448136e+01 9.045139966592141434e+01 7.024613038806110410e+01 9.045139966592141434e+01 8.914888195920102021e+01 6.881608779159196843e+01 6.881608779159196843e+01 8.577007131611863144e+01 9.986810833318330083e+01 1.042020606899479134e+02 9.586041263264429801e+01 1.042020606899479134e+02 1.112880476384364528e+02 1.090863795077986538e+02
3.393942310858761147e+01 3.150229297359291891e+01 2.958292750633672696e+01 4.664999691857457975e+01 2.797732576065014243e+01 4.565493274033473625e+01 4.679114805199244387e+01 4.793243342924314732e+01 2.990864317988935994e+01 3.109549486985833155e+01 3.227623265790835916e+01 3.345760289187040826e+01 3.588876305552939527e+01 3.833971128278750484e+01 5.801299356143531583e+01 7.011667491351094839e+01 8.386073341068424725e+01 8.848290418571762928e+01 7.426526126133028072e+01 6.949750389022075581e+01 7.857940713668261878e+01 9.018640995786721248e+01 1.102118203108726107e+02 1.046293457937686782e+02 8.457870209317202637e+01 8.197204607180024993e+01 9.874270842980881469e+01 9.746658976955275477e+01 8.061551052218965197e+01 8.914888195920102021e+01 9.746658976955255582e+01 1.070540441218388139e+02 1.044510823183517658e+02 1.127744997792624133e+02 1.112880476384364528e+02 9.129535494556090214e+01 8.911443542187690525e+01
3.591426815603301748e+01 5.120646108333216517e+01 4.931033278038884049e+01 4.244593948257460880e+01 4.828840737461200661e+01 3.160477155791528858e+01 5.159708609312432515e+01 5.787447244766991616e+01 4.375472723807178710e+01 5.074748505413569433e+01 4.196543485653951677e+01 5.312573123303693734e+01 3.537123485447457938e+01 5.508603726282539270e+01 6.634846447345017850e+01 8.415973567507869291e+01 8.892458628940539711e+01 9.112174862889318661e+01 9.440083460790881986e+01 8.380077600407273053e+01 9.797561167402295723e+01 1.069458771004485271e+02 1.185081991010176807e+02 1.129067147664520689e+02 1.046293457937686782e+02 1.020344120831620103e+02 1.103127539865404145e+02 1.090921147732748580e+02 1.008056841220868876e+02 1.038033255329003310e+02 9.548909889556378516e+01 8.702297140317941171e+01 8.442659083150243760e+01 1.012015144131141540e+02 1.025354714253861914e+02 9.422602921196492787e+01 7.506965350707559992e+01
4.980966697902798046e+01 6.400378194570274104e+01 6.239362087676505553e+01 6.239362087728270723e+01 5.989219947734718374e+01 5.159744027459136362e+01 3.520077870988032487e+01 5.491706564605978258e+01 6.388227096928047644e+01 6.188207301437333996e+01 6.188204960086429907e+01 5.648724311190361647e+01 3.672083994772805227e+01 5.648724283677285030e+01 5.569364858604603796e+01 7.582929781478829057e+01 6.876185009426527017e+01 7.096923469005619722e+01 9.112174923812193583e+01 1.038540300077490315e+02 1.019837468414528701e+02 9.938330673194245435e+01 1.076894027687713162e+02 1.192643731109455416e+02 1.164111609903935118e+02 1.080867349516409632e+02 1.070048934094101867e+02 9.868992524673180355e+01 9.649749220301839614e+01 9.548909889556378516e+01 7.545226225318666025e+01 7.285180471336209962e+01 7.285180471336209962e+01 9.288993676803393384e+01 9.101111566783384887e+01 7.430668020507719973e+01 6.800893910012480603e+01
6.392775613443458838e+01 7.819789690165008267e+01 8.247818940227490714e+01 8.156282804203388537e+01 6.994497469893735797e+01 5.737282136307705827e+01 3.764091336097267515e+01 4.737444009930936772e+01 6.728446534193419382e+01 8.199574605262937155e+01 7.268162222010373341e+01 5.255931708651350220e+01 3.860059051400793351e+01 3.949752892470208110e+01 5.938866325600502449e+01 6.457006695464806967e+01 5.447286922633692541e+01 6.876184909586662286e+01 8.892428108332440218e+01 9.529034764008964942e+01 8.190354865411629248e+01 7.929428166399200961e+01 9.091160198477032850e+01 1.109558706299405770e+02 1.080867349516409632e+02 8.807217898675233414e+01 9.393430670643056146e+01 7.864500447713579945e+01 7.645217994361090064e+01 8.999393411955637134e+01 8.132091583221189524e+01 6.126795556878000326e+01 7.399861004485428850e+01 8.230531512443376130e+01 8.208461550963068021e+01 6.278304363397235477e+01 6.168422175068439373e+01
