LEM/with_lateral_4open/elevation_000606.asc
nrows	100
cellsize	150.0
xllcorner	0
ncols	100
yllcorner	0
NODATA_value	-9999
[rows 17 to 33 of 100, columns 0 to 36 of 100]
5.222468517465790605e-02 9.560381264236504251e+00 2.176646952659482892e+01 4.013753359858444014e+01 3.817774612057741734e+01 2.260357139256063164e+01 3.302836546788804384e+01 5.186535744392102032e+01 6.089970613462383398e+01 4.090371485148696706e+01 2.937136553791695448e+01 4.935501518459134473e+01 6.341096955612990627e+01 7.495766077749948408e+01 7.893062908227703645e+01 7.064583714360013289e+01 7.893062908349786255e+01 7.243463640678540116e+01 8.657887866877025829e+01 9.307553497987704816e+01 9.837503559865062641e+01 7.838397172314975592e+01 6.424107938802676188e+01 7.269328761416707607e+01 6.662437251440715613e+01 5.369390465623087749e+01 3.370017324423427851e+01 3.220060390157112806e+01 5.219443260111115279e+01 4.899714903812451183e+01 6.054255448067073075e+01 8.054025887721509491e+01 8.911014707819789749e+01 8.827530996544406605e+01 6.807086996237134713e+01 5.331979821433819922e+01 5.770826949129018146e+01
7.333276091007127906e-02 2.007333276090971452e+01 2.310694821256550213e+01 2.465390161064004459e+01 1.260282813646449895e+01 1.405025267804998101e+01 2.318813437303832714e+01 4.343768495693016973e+01 4.951372779476182728e+01 4.123245281562466857e+01 2.590233062616302107e+01 4.002036954981750938e+01 6.001379503970760965e+01 7.461998193567013971e+01 6.894075217261432442e+01 5.067499027730615779e+01 6.564782479000264459e+01 5.829914598161704475e+01 7.829313160476310429e+01 9.214377047042323454e+01 1.042281238560100860e+02 8.423921876915046880e+01 7.269328761416707607e+01 5.269318922968911778e+01 5.834243143912543417e+01 3.834836173961606676e+01 5.369390465623087749e+01 3.518152839348641692e+01 5.517485584991738534e+01 6.823465084718733920e+01 7.727600137501890742e+01 8.882096003217216662e+01 9.031077083054725563e+01 8.183803691008073145e+01 7.549690011385818877e+01 5.487711029453986100e+01 3.948545617867500113e+01
6.343274376862209629e-02 1.579653322824859707e+00 3.100382697059363313e+00 4.643943629894937253e+00 6.202713367443327463e+00 7.789989488879824897e+00 2.781554102352544788e+01 3.844345725373023726e+01 3.682359209404561540e+01 2.127048780285206675e+01 4.123245281562451936e+01 5.415912906375277203e+01 6.087251094789563410e+01 5.466939768559349488e+01 5.466939768559353752e+01 4.079046144298801835e+01 4.569818047180358889e+01 5.232236076353400023e+01 6.385749186561940149e+01 8.385765824786197697e+01 9.544371978830329795e+01 8.390043714850217782e+01 7.562041123725124692e+01 6.326515081945876773e+01 4.326897016892211667e+01 5.834243143912544127e+01 6.224434839537608610e+01 4.224881545261683158e+01 3.996016678202544625e+01 5.409694517641614198e+01 7.409559944433198098e+01 9.031077083054725563e+01 7.841699316333739489e+01 6.117708443177325250e+01 7.841699316333739489e+01 6.934527677674299184e+01 6.091650690597684559e+01
3.497053469895897854e-02 2.003497053469860489e+01 1.465279389219833739e+01 2.465390161064004459e+01 2.267241634911321313e+01 1.587304322713582039e+01 1.014880818576975408e+01 3.016425492701448263e+01 1.686228076449747704e+01 3.682359229546069912e+01 4.141269538048591414e+01 4.403170791379098148e+01 4.086299762011135783e+01 4.965533490085771717e+01 3.492901276169373403e+01 4.471439511860029370e+01 5.877047483531174521e+01 7.231055680323706270e+01 6.645246391923866724e+01 8.645324409342688909e+01 8.716584467684616300e+01 6.716856736406323591e+01 5.561865955466154077e+01 4.958981413750456113e+01 6.326515081945876773e+01 7.154693420998957265e+01 7.052596853057580972e+01 5.118891411540470671e+01 4.354973211901307195e+01 5.768809214241949945e+01 7.768754596007255486e+01 8.183803691008073145e+01 6.117708443177325250e+01 4.940776692211294829e+01 6.024485357129685781e+01 6.860849686666357172e+01 6.015996299770647937e+01
9.635555453094322986e-02 2.009635555453058942e+01 3.465553778170117027e+01 4.293993348210086936e+01 4.081771050715697413e+01 2.693709979432129487e+01 1.682892574755090109e+01 1.258565984674271121e+01 3.256782637769556743e+01 3.777481984831536010e+01 2.143187113834442670e+01 2.402849148620215303e+01 2.669900213169777103e+01 2.983579188894287526e+01 4.965533490085771717e+01 6.293909002766126548e+01 7.290650664610758724e+01 8.704253845649375876e+01 8.645324409342688909e+01 9.473942725361629869e+01 8.975958161348613373e+01 6.976377510671095195e+01 7.562041123725124692e+01 5.665974413037936586e+01 7.666125991682632446e+01 8.532862957632175949e+01 6.533129524263446797e+01 6.732523761235832183e+01 4.732631068188091916e+01 6.146747811215079338e+01 8.146712401048382901e+01 8.133783981990255540e+01 6.067775836237107967e+01 4.891643560066922447e+01 3.999983804616538663e+01 5.308624233750160926e+01 3.995171415815436688e+01
8.845047570523793812e-02 2.008845047570488163e+01 3.652947696884952222e+01 4.652947696954297641e+01 5.467881674639677669e+01 4.543274316111105549e+01 3.077184445495882059e+01 3.256782219136480450e+01 1.558113676548522086e+01 1.781958603309365330e+01 3.777481984831528194e+01 4.403170791379096016e+01 4.672364838557682276e+01 3.299438359983562918e+01 3.667366516908419527e+01 5.671960186890037647e+01 7.242161769583276509e+01 8.071090781435378858e+01 9.226756434538906149e+01 9.294452022356783516e+01 9.803709919029327580e+01 8.975958161348613373e+01 8.494107449771685481e+01 6.666247673410265406e+01 8.494107449771685481e+01 9.360639975123412171e+01 8.532862957632175949e+01 7.140812793758419730e+01 5.140613768551129681e+01 6.295503735496157560e+01 8.295526441393747064e+01 8.981287482145118872e+01 7.791851333456625639e+01 6.686466109481965248e+01 5.308725914240019961e+01 3.307841800361394036e+01 2.862093899056647572e+01
8.023991185656004221e-02 8.245205721133892496e+00 1.824520572113407013e+01 3.238734134486551852e+01 5.238734134486639249e+01 6.044379420456446894e+01 4.553114583531702664e+01 2.555813909199605405e+01 3.554366430471919358e+01 3.192130364084557215e+01 2.526602330818990083e+01 4.510273559601318283e+01 6.197188351976453902e+01 5.951389555667113740e+01 5.078761564423670904e+01 4.515149929973052423e+01 5.233264279664359719e+01 6.395965271174994626e+01 8.398087683002442816e+01 7.312925700953910280e+01 8.150417267288513301e+01 8.971771742904742553e+01 9.493797156705940665e+01 8.666004309955009433e+01 9.493797156668438220e+01 9.240744560756223791e+01 7.241280491756353399e+01 5.826610176468190616e+01 7.140812793758419730e+01 7.968925161479008068e+01 9.123415170335231039e+01 8.619580337864256592e+01 6.558082216455646574e+01 5.836542259162105495e+01 3.817789907192214827e+01 3.381671677955667832e+01 4.849600458651671886e+01
4.598823041778624804e-02 2.004598823041743216e+01 3.444672762761822327e+01 4.140085230413065176e+01 4.963611314337398994e+01 6.107225255293305111e+01 5.381838588136624679e+01 3.553522471582255093e+01 5.379639009534412963e+01 5.185914797984325020e+01 3.513400212993057181e+01 3.488316768789771061e+01 4.615336403646124097e+01 6.605302923646618751e+01 7.093259947273803334e+01 5.944549222474925898e+01 7.242161769583276509e+01 8.071090781435378858e+01 7.569076906983612218e+01 5.908702270417654745e+01 6.166382071062457015e+01 8.150417267288513301e+01 8.350570108068579600e+01 9.171845958125283005e+01 1.031595562383775757e+02 9.240744560765212157e+01 7.241280491756353399e+01 7.826909958830192693e+01 6.769842831966114716e+01 8.769608566712770426e+01 9.541058003053910852e+01 8.017330949822327568e+01 5.953641600219400232e+01 4.517259029658385572e+01 5.836541966456410080e+01 5.385135418102859006e+01 4.523943678954495340e+01
7.340434288523949025e-02 2.007339361509871978e+01 1.472343935859156261e+01 2.173165073694620020e+01 3.305954637217968894e+01 5.279529271281477776e+01 6.381777875740529993e+01 5.552706697545406200e+01 6.381777875740529993e+01 6.335181242253302258e+01 4.921629925661255811e+01 4.615336403646124097e+01 6.283083455131603046e+01 7.433658724662834061e+01 8.209668093111774567e+01 7.949921796727997503e+01 7.911494111828633891e+01 7.089862674547372023e+01 6.747492525924283768e+01 4.757453755740210255e+01 6.632165196719340372e+01 7.205968619568312761e+01 6.368062175568394423e+01 7.513470738884727496e+01 9.494069111869551136e+01 1.006848307453095970e+02 9.240744560765212157e+01 9.597401258732357121e+01 7.664540248800682321e+01 9.597401258732357121e+01 8.695663074699596962e+01 6.625730644187434848e+01 5.597893747593176528e+01 5.686049844537404852e+01 7.409535136082304518e+01 6.561528115281439000e+01 5.958265271841993638e+01
3.515918393995972474e-02 5.807997536959541129e+00 2.562620073229093620e+01 4.140084562921170885e+01 4.963611314337398994e+01 5.807859732111540296e+01 4.979404934223876467e+01 5.807859732111540296e+01 6.060302495705962400e+01 6.888766880719002472e+01 6.920400637514174491e+01 6.605302923646618751e+01 7.433658724662824113e+01 7.623874892438801965e+01 6.215328863244865687e+01 6.948337214430661390e+01 6.764291622944664084e+01 5.101433382412021444e+01 5.565455489670272726e+01 4.125285168389403623e+01 4.641536244439751613e+01 5.218255255706220197e+01 6.625385296107459965e+01 8.607620753155158866e+01 9.641367965992617428e+01 9.287063579288680160e+01 1.010800625794638137e+02 1.049130172560448813e+02 9.078289081455534415e+01 1.049130172560448813e+02 9.541058003053910852e+01 8.510334130637332350e+01 7.660696859443514484e+01 7.749300589418353979e+01 8.598564103075428022e+01 8.619483866678079664e+01 8.017933453588712212e+01
4.608085242692564615e-02 1.138797581843230544e+00 2.113875018652001359e+01 3.097299272170511841e+01 4.511519457615487738e+01 4.807845249767638052e+01 2.979391645150326084e+01 4.646068274197814674e+01 4.060273279276983516e+01 6.060302495705962400e+01 6.597624122145319348e+01 5.763449211266445360e+01 6.597624036255034241e+01 6.799457299686531542e+01 4.802533205817344708e+01 4.951686011915090546e+01 5.873839120546592341e+01 3.948433573120859563e+01 3.570510543961201222e+01 5.565455489670272726e+01 6.632165196719340372e+01 7.205968619568312761e+01 8.027206020694529798e+01 8.016730307094303498e+01 7.651614532695447224e+01 7.295446360746767311e+01 8.959783488087425951e+01 1.010800625794638137e+02 1.107675984416127619e+02 1.097679605390065376e+02 9.017949766826932034e+01 9.017949766826932034e+01 9.163499093678633756e+01 8.682132349549067385e+01 8.252273131353693714e+01 8.797972320673616764e+01 8.395082822303713499e+01
1.610643649003322755e-02 2.001610643648967880e+01 2.688766098427484597e+00 1.683090244352941056e+01 3.253482040423094901e+01 3.249099130041199146e+01 1.979391672361544252e+01 2.646058320665829910e+01 4.060273279276983516e+01 6.060302495705962400e+01 5.606269880642168602e+01 3.793651544223263272e+01 5.606268534368237511e+01 6.202476999320484907e+01 5.536487512541329892e+01 3.538004207342766705e+01 4.594486053313758589e+01 3.053985779876609641e+01 5.050362919581420584e+01 6.388293563123686170e+01 6.919160252955134638e+01 7.163326622993544390e+01 7.351671726573236754e+01 6.022533548874069709e+01 6.240789656004182717e+01 6.142808869418217910e+01 7.295446360746767311e+01 9.287063579288680160e+01 1.099601327953114378e+02 1.030911437024906405e+02 9.017949766826932034e+01 7.095345921122385846e+01 7.238032104531531274e+01 6.759743474009184183e+01 6.328105934574492153e+01 6.870004848688807897e+01 6.467563858167616786e+01
2.022278438842990689e-02 2.002022278438807490e+01 2.268877679998728425e+01 4.250503717313538488e+00 2.425052313387088532e+01 1.249094933266213303e+01 3.249099130041161487e+01 4.646068274197473613e+01 4.615742568357046594e+01 4.739751859529779665e+01 4.772442232287803421e+01 2.833461440022793809e+01 4.772442202627338048e+01 4.204438182999476226e+01 4.204438170807035391e+01 4.361085538756091751e+01 2.595099227796500330e+01 2.793135737928120932e+01 4.792359805872076350e+01 5.281327361381512020e+01 4.922914396729498776e+01 5.155050132563619059e+01 5.388437402408854382e+01 4.610156050986471854e+01 5.144273461307882656e+01 6.037411389500684322e+01 7.035750648593868561e+01 8.187888513100976695e+01 1.017631488762775120e+02 9.490257709231399019e+01 7.560256803103182222e+01 6.611668275062437772e+01 5.885227568501758100e+01 5.394785725762633888e+01 4.951249675694154462e+01 5.503082187514096546e+01 5.093196551198793998e+01
6.642187732006160639e-02 2.006642187731970495e+01 3.253484953361000720e+01 2.425052141893183588e+01 5.824282668042799926e+00 2.582430913769703906e+01 2.861706003129571840e+01 3.683849960278124769e+01 2.616127698221930231e+01 2.740162123111103298e+01 3.450820151025156690e+01 2.177943233186199734e+01 4.125427302742563285e+01 3.981044782812116978e+01 2.204793340127225676e+01 2.364921964107417196e+01 4.364440368704907058e+01 4.792359805824221297e+01 3.077436275255975318e+01 3.282673913791118281e+01 3.509204210967053683e+01 3.740249387605233977e+01 3.977729246235731608e+01 5.975536044470309349e+01 6.925520747889869710e+01 7.501698469071206432e+01 8.132740516850857659e+01 8.956105710054893621e+01 9.846762116425189504e+01 1.030910922594153334e+02 9.337217832419263175e+01 8.525256864138791002e+01 7.801988328701865782e+01 7.322798139577231780e+01 6.319479446508821496e+01 4.363587333056214845e+01 4.102549278814849032e+01
1.591255364720534082e-02 2.001591255364684940e+01 3.822832150632562787e+01 3.404400855507797274e+01 2.568888782033025819e+01 7.454560959921238350e+00 8.617037347359440602e+00 2.859652222846219871e+01 1.201917357272661491e+01 1.325952091861871018e+01 1.450952091861872084e+01 1.576691014554290504e+01 3.576727455419027990e+01 1.981186292885098155e+01 3.981044819532204571e+01 4.217161187403767997e+01 5.150872557856477840e+01 5.902379961784246376e+01 4.491419330682723654e+01 5.281327361381512020e+01 4.038743434971398472e+01 5.738318408629149303e+01 5.975536044470309349e+01 4.394862203288551683e+01 4.929117922558562270e+01 5.505760300068553192e+01 6.137210353316414313e+01 7.030261962900264905e+01 8.441847749220045216e+01 1.043170843579233065e+02 9.715826095339096469e+01 8.599320198282892136e+01 7.792577753706309807e+01 6.829517807945364893e+01 4.887349589918463266e+01 6.319479446508821496e+01 5.716156550210938292e+01
6.189296070378335485e-02 2.006189296070342820e+01 1.823615443142342585e+01 3.822641842361480258e+01 3.547651950892651485e+01 1.897591176199262364e+01 2.808813731975688555e+01 1.027509069193881075e+01 3.027585706031537427e+01 3.325828397233217970e+01 3.450820151030386995e+01 3.568869937942765347e+01 1.759646756384577415e+01 2.005829806885148159e+01 4.006398719914083273e+01 5.150396847652286425e+01 6.009334516210177668e+01 6.865886533892266641e+01 6.488523104120602625e+01 6.583477109816783468e+01 4.593321084218860051e+01 6.583477109816783468e+01 7.217022247586962180e+01 6.391959648325263998e+01 4.919832238571958527e+01 6.916242728131321371e+01 8.132740516850857659e+01 8.956105710054893621e+01 9.846762116425189504e+01 1.032742667635334755e+02 8.901273205677300382e+01 6.980956352743004345e+01 5.875769867311026928e+01 5.436984388549339542e+01 6.829517794265105124e+01 7.210202721740023435e+01 5.909526123663032848e+01
2.247884206357958492e-02 6.689145558870255748e+00 2.668790337555782699e+01 3.456064734845975295e+01 4.679012325114663184e+01 3.862219708918453875e+01 2.658722924675205590e+01 3.027884162034728632e+01 1.630531776782795106e+01 3.631068756690493160e+01 4.759266317770758548e+01 2.759733098572362309e+01 3.759691329225238832e+01 4.006398719914083273e+01 2.362182338780237245e+01 4.363754924472555530e+01 4.006167244343132694e+01 5.442046030560466363e+01 7.464914724839402993e+01 7.208384095017832749e+01 5.225067140046036940e+01 7.208384095017832749e+01 8.710582631750706639e+01 6.716260820393982556e+01 5.304326748811639192e+01 7.300384155072137560e+01 8.794333906405438483e+01 9.676048853214176404e+01 1.080862257805827085e+02 9.508476920496690354e+01 7.578030319584584618e+01 6.629398174629692164e+01 7.792577753706309807e+01 6.405390194542390248e+01 8.168688124408519968e+01 6.409816140877416046e+01 4.472201236046907979e+01
