LEM/with_lateral_4open/elevation_000332.asc
nrows	100
cellsize	150.0
xllcorner	0
ncols	100
yllcorner	0
NODATA_value	-9999
[rows 0 to 16 of 100, columns 37 to 73 of 100]
8.884754177262699226e-02 6.929726548558100274e-02 7.395023591448830758e-02 4.828361932999872264e-02 4.897713358561925356e-02 8.568734790590110117e-02 1.075183056328203948e-02 6.823539046102447547e-02 7.194897206013613211e-02 1.557559815681563986e-02 7.704183385687686514e-02 1.685416958384493638e-02 9.680445094065920353e-02 7.639902522890137937e-02 4.559330980047965332e-02 5.839666421669215124e-02 9.739037529851846120e-02 3.670263267501718690e-02 2.041064012308905357e-02 6.895211126444661387e-02 9.031524355919069713e-02 1.560024811392830661e-02 7.641644294168103979e-02 3.888124420523987601e-02 6.873285589001959517e-02 4.772367030474261584e-02 9.504926490987847254e-02 5.760415539182907330e-02 9.666222459857021221e-02 9.627991409191682948e-02 1.286757495974483190e-02 9.381044340810595905e-02 7.584058927755046864e-02 1.435327048224320848e-02 5.777975670406795827e-02 2.716720951219454838e-02 4.735230246529398453e-03
2.008884754177227094e+01 2.006929726548522552e+01 5.620952198166802916e+00 2.004828361932964498e+01 1.159598251737793895e+01 2.008568734790554444e+01 8.955023740562360501e+00 2.006823455603023376e+01 2.007191646169863830e+01 6.455163865055280059e-01 2.007704152769925443e+01 1.417452530741767802e+01 2.005809106727986091e+01 5.849901719660245192e+00 2.004559330973473052e+01 2.005839666421633538e+01 3.578943494412482718e+00 2.003670263267466112e+01 1.416254626385416415e+01 1.421108773499552136e+01 2.009031524355883391e+01 2.001559892836116461e+01 2.018988167656206034e+00 2.003888081585598968e+01 1.979042300399190069e+01 5.821187425096908008e+00 1.964479333121500204e+01 2.005760415539147345e+01 4.684976902009825750e+00 2.009627991409156067e+01 8.957139484958981157e+00 2.009381044340775091e+01 2.007584058927466941e+01 8.958625180481321948e+00 2.005777975643509947e+01 1.825619201188860785e+01 1.144340994842907744e+00
2.662716918618468753e+01 3.139445489006346790e+01 1.139445489006311085e+01 3.139445489006346790e+01 2.573811814087012095e+01 3.723927832975671492e+01 2.050202912434968638e+01 2.357035350877373503e+01 1.538160101279453684e+00 1.245765777953671716e+01 2.603020706732235467e+01 3.440361765716496478e+01 3.188137550618155913e+01 1.188012868946113620e+01 3.188461884074876806e+01 2.711447740034559217e+01 7.114477400345235125e+00 2.711447740034559217e+01 3.416254626385487114e+01 3.421108773499622657e+01 2.481954824034173157e+01 4.819548335712214637e+00 1.616112378852533027e+01 3.030327796779757676e+01 2.574264527247743573e+01 2.598392842530637736e+01 1.581003064110292478e+01 2.939902210992054066e+01 9.399022109920183610e+00 2.939902210992054066e+01 2.050414486875170184e+01 3.724141073551272996e+01 3.724289629519271472e+01 2.050563056427363406e+01 3.389820334287076520e+01 1.610972830663241240e+01 2.285801285913604985e+00
3.005714088903489412e+01 3.806112155673059760e+01 1.806112155672989417e+01 3.806112155673059760e+01 4.573811769768556701e+01 4.878624252277837314e+01 4.050202818580717690e+01 2.241000236465343320e+01 2.169984195490115120e+00 2.039692941424488382e+01 2.928031304870231821e+01 4.310637991803255886e+01 3.895798077656880309e+01 1.895119930210835335e+01 3.895798077656880309e+01 3.082838416388666047e+01 1.082838416388630520e+01 2.237538954767902410e+01 4.237538954767973109e+01 4.095529072276249138e+01 2.096158654019215106e+01 6.819548335712206644e+00 2.681954724308063831e+01 4.444514809932786648e+01 4.558121713526422525e+01 4.288654295861888244e+01 2.334183583308114507e+01 3.456299990486415652e+01 1.456299990486345131e+01 3.456299990486415652e+01 4.050414486875689590e+01 4.878841612520253079e+01 4.878990144881442603e+01 4.050563056386447869e+01 3.278324627641224254e+01 2.329156153956188646e+01 3.434771265156455033e+00
3.370862460573638231e+01 4.634539280419279805e+01 2.806112155673007180e+01 4.634539280419279805e+01 5.682919062129084153e+01 3.693033003380761414e+01 3.673300063757521627e+01 2.281454721616533021e+01 2.802756424607767638e+00 2.274684909672075150e+01 1.892938600569413765e+01 3.875743801347137918e+01 4.725573406351265504e+01 3.049864397786558712e+01 4.725573406366940787e+01 3.491086706852567545e+01 1.491086706852497024e+01 3.491086706852567545e+01 5.065966079514192444e+01 3.886057321169979417e+01 1.886078541961173727e+01 8.860789788031539160e+00 2.300292669736799667e+01 4.300298773896084015e+01 5.921675761588195996e+01 5.089178154959321887e+01 3.321769049486562864e+01 4.033650259676051775e+01 2.033650259675981076e+01 3.447863822049126270e+01 5.447863822049196614e+01 5.305405533423066089e+01 4.482759065707790569e+01 3.933001820153476302e+01 1.923617997150160619e+01 5.073235106193306088e+00 2.348612063815886941e+01
3.370862460573496833e+01 5.370862460573425778e+01 4.220325718046152019e+01 5.634539280419297569e+01 5.170746119384943995e+01 3.675632966104326727e+01 1.697019592220429374e+01 1.507189610783535905e+01 3.436481386499695478e+00 8.780614696874543768e+00 2.880220044051678840e+01 3.320176177689252484e+01 5.219729424614405389e+01 4.464588448416980526e+01 5.082223025703832064e+01 3.082223025703761365e+01 1.927522487324489475e+01 3.927522487324559819e+01 5.880966658605438369e+01 3.885309959981539407e+01 3.097446405979825812e+01 1.098078554804427753e+01 3.098075564758768508e+01 3.093214869565766278e+01 5.093217400546610918e+01 6.055806292093705423e+01 4.693254701182794975e+01 4.740757040862611404e+01 2.740757040862541061e+01 4.740757040862611404e+01 5.885589083974253555e+01 3.901687846437809526e+01 2.493458141225789504e+01 3.419432994478599852e+01 2.629143106078998215e+01 6.239658793229892808e+00 1.326768926017723338e+01
3.788907608712543862e+01 5.788907608712472808e+01 6.220325718046222363e+01 5.689243182243948382e+01 3.896096347927479542e+01 2.612023571914473408e+01 2.326313099587149935e+01 4.339074259534070777e+00 1.931777762738020598e+01 2.772974809286175457e+01 3.741199833990734902e+01 5.219020674456756126e+01 5.983058578125743310e+01 6.467649016160176245e+01 5.910650150450051399e+01 4.427522487324569056e+01 2.427522487324498357e+01 4.427522487324569056e+01 5.926498514155027664e+01 3.926505994866061400e+01 2.512292161099681209e+01 1.534514335276416297e+01 1.460221538974504973e+01 3.460224096000112581e+01 4.244686190425949235e+01 6.244682223467186333e+01 6.613015231427600327e+01 5.569184165608831449e+01 3.895457579241833201e+01 5.569184165608831449e+01 6.467652392243078907e+01 4.482759065707850965e+01 3.419432994478599852e+01 1.424608947232771072e+01 7.920984200142534348e+00 2.629061879139743496e+01 3.265558646301722234e+01
5.266662602366878332e+01 6.617334733441076366e+01 6.475859879507508765e+01 5.647261979862629744e+01 4.447611394655191219e+01 2.614918928022834166e+01 1.252586906628157415e+01 4.979595384258844959e+00 2.521476342543619253e+01 1.479017438097252501e+01 3.459549936981061791e+01 4.647400372001836644e+01 4.647249913439172531e+01 6.610159026178656916e+01 6.060515649180078412e+01 4.060515649180008069e+01 3.059978019358185364e+01 5.059978019358256063e+01 6.496055758343104003e+01 5.340657552053301060e+01 3.981727022704156127e+01 1.981727930776381896e+01 1.765218679639719568e+01 2.244686079639312482e+01 3.658899783525932037e+01 5.658899678617776630e+01 6.967513143588436719e+01 6.723884703988223066e+01 5.895457579241903545e+01 6.011916568005819528e+01 5.120958348546398042e+01 4.296654411066542423e+01 2.970655411116386091e+01 9.645506657213021029e+00 2.797704328443424160e+01 2.755632990592301468e+01 4.637555226705156741e+01
5.973769383553450751e+01 6.552110004471009574e+01 5.545943194809182586e+01 3.632535873487106670e+01 4.002245002497325288e+01 3.433953218218886150e+01 2.536967831588354727e+01 5.623103615172005298e+00 8.985585357340077906e+00 2.981430317141611752e+01 2.174321513750997781e+01 2.713340697014189473e+01 4.647400372002121571e+01 6.511630840965243294e+01 6.888942773926397933e+01 5.767084800544827772e+01 3.767084800544757428e+01 5.767084800544827772e+01 5.667719489037889957e+01 3.667722289319528528e+01 2.667722271393428457e+01 3.981727022704411212e+01 2.073825379563908555e+01 4.073825228454188618e+01 3.244686091994082489e+01 4.139113346447969377e+01 5.553327935966432705e+01 7.553325253060890532e+01 6.593465268394690781e+01 4.608538366589953483e+01 3.194459294465870514e+01 2.297443112173434798e+01 1.664382656664960436e+01 1.086948678629164533e+01 3.093324544220786620e+01 4.049640108801671801e+01 4.977931630452417977e+01
6.802196508287059373e+01 5.723529807081668253e+01 3.706240508004138690e+01 2.699234412839629371e+01 1.990400326791324659e+01 2.670509594191184988e+01 6.546262487452390921e+00 2.525399064960782880e+01 2.154191338903469344e+01 3.667254630913588898e+01 3.560165186795005354e+01 4.074716632861853327e+01 3.740546856650108509e+01 4.854521202607472929e+01 6.828372232451134494e+01 6.595511925291147293e+01 4.921785338924049569e+01 6.595511925291147293e+01 6.496055758343104003e+01 5.245070597333130280e+01 3.245072540816096307e+01 4.390052966091231923e+01 2.390053145580752059e+01 4.390052966091231923e+01 5.244686288857814560e+01 6.073094594336229335e+01 6.967513143588436719e+01 7.324196126626948455e+01 6.503076353097372930e+01 6.011916568005819528e+01 5.120951246741711316e+01 4.296654145174196771e+01 3.664408272237044883e+01 3.093500565142013770e+01 1.265122850164905266e+01 2.648120364444938346e+01 4.049703913770804320e+01
7.956897046657624628e+01 6.552110004471009574e+01 5.545943194809182586e+01 4.714885157542846628e+01 3.213174092479226118e+01 1.205404080374542097e+01 7.200195909211561940e+00 2.724788474095648638e+01 2.985777339175744416e+01 4.631607932543687411e+01 5.507439515824987808e+01 6.029981221982599493e+01 5.688768809030673168e+01 6.511630840965243294e+01 7.654867381001703563e+01 7.750212463670439433e+01 6.921785338924190967e+01 7.342572722988712997e+01 5.342582589724649722e+01 4.187881609908269809e+01 5.245070597333130280e+01 4.718850905388552519e+01 2.718851120191472148e+01 3.873551702747734282e+01 5.287765952287529103e+01 7.287761514083751990e+01 7.915036303677896967e+01 5.918223392039270436e+01 4.492044842089431711e+01 5.231188348866357529e+01 4.947001276298309591e+01 4.116607851229186821e+01 3.955691766400656206e+01 3.796241637012684578e+01 3.271382072385491568e+01 1.445091426491899256e+01 2.048361938446453578e+01
6.833717554032877217e+01 6.731495903847789464e+01 6.124827868561237665e+01 5.222244330714875815e+01 3.212724840986734876e+01 2.791862773894655092e+01 7.861076277683022973e+00 1.571501581262092628e+01 3.718902996940616390e+01 4.722241573622936528e+01 6.511572895895670854e+01 6.238270137550905758e+01 6.238270141843122474e+01 7.085091705891882441e+01 7.867119599851500311e+01 7.715305407410512828e+01 8.550547254041705969e+01 8.170816125643237626e+01 7.016194619571898272e+01 5.187881860859039307e+01 6.486616634184892405e+01 4.486618300190438902e+01 3.072404510784751963e+01 4.486618300190438902e+01 6.486616634184892405e+01 7.674785117489005870e+01 6.673540271498420395e+01 5.847676498241968801e+01 5.231188348866357529e+01 3.215310317860872402e+01 4.116613121200994385e+01 2.105873546338105839e+01 1.945740042275444281e+01 1.787127521114782880e+01 1.629991841626735294e+01 3.453114375638308076e+01 4.053562889519379553e+01
4.707048497617936533e+01 4.617086147880056046e+01 3.992559078618167945e+01 4.121367175155445750e+01 3.674219653134142050e+01 2.859333281327451104e+01 8.525140105903235010e+00 2.700931432650948949e+01 4.304973922201726566e+01 4.687407221608123109e+01 5.541535488476635152e+01 4.155570297628334231e+01 4.155570297629542154e+01 6.238270141843122474e+01 5.797632954833340335e+01 5.641588313642537145e+01 7.119664370050961111e+01 9.153310078109926451e+01 8.016132070711323365e+01 6.602097396004292307e+01 6.612004333664484079e+01 4.612005324132751127e+01 3.457304690244641421e+01 4.612005324132751127e+01 6.612004333664484079e+01 6.852515959907043452e+01 4.842837036576886334e+01 3.832282355524171180e+01 4.518729440333179070e+01 2.505755387819055358e+01 2.336075905339126280e+01 4.108394524887128085e+01 3.955691770070368563e+01 3.796362105500369211e+01 1.867351480742347292e+01 3.877150122175584812e+01 3.634521952597643946e+01
4.426435362747513125e+01 3.191387557835625088e+01 2.514444201047918526e+01 2.018457894617864312e+01 1.511294165378574661e+01 1.128516561900611848e+01 9.193517878663959308e+00 2.911510150209217684e+01 3.266376594056443849e+01 2.623287032240826377e+01 3.731578629087722732e+01 2.697578559154488786e+01 4.765578958823537192e+01 6.403771559584158979e+01 4.300643748683146583e+01 6.310196435756196109e+01 7.008650668657212179e+01 7.848837884168780477e+01 8.872609514041558043e+01 8.602063485536649523e+01 7.440375368507905307e+01 5.904517869572353561e+01 3.904518285748977036e+01 5.904517869572353561e+01 7.440375368507905307e+01 7.674785117489005870e+01 5.862345883028403648e+01 4.770403015195452667e+01 2.755925100103312886e+01 4.518729440333179070e+01 4.348074159786072812e+01 3.233886236280089577e+01 5.249082389541192128e+01 4.708564224351005834e+01 3.877150122175584812e+01 2.212953418499732194e+01 4.224692999390045856e+01
6.189134702974266133e+01 4.227463374144858932e+01 4.613351536866886704e+01 3.220599295170732290e+01 3.594490454389269729e+01 2.534558997224343457e+01 2.704769921706691349e+01 1.015645369034928081e+01 1.236523568064935752e+01 1.459767473061708110e+01 1.690422470953891576e+01 3.731578758441924037e+01 4.953789476426394600e+01 5.070000417140219184e+01 3.604205798566996322e+01 4.205867357817584207e+01 4.913287969954170364e+01 5.976946066563751714e+01 8.040355270750679040e+01 8.473423970369788094e+01 6.473434178896877711e+01 5.318732304303665614e+01 4.459218482217441704e+01 6.459217905975508245e+01 7.810747239908238271e+01 6.810075973397009363e+01 5.033827261812639620e+01 3.017829465363340091e+01 4.770403015039241978e+01 5.599645674770484050e+01 5.961456975676389192e+01 3.946573455447072831e+01 5.961456975676389192e+01 6.235590863457345279e+01 4.224692999390045856e+01 3.031941536054999631e+01 2.601776575559882687e+01
7.216448327573196764e+01 6.359736149266647942e+01 6.182785663693289990e+01 5.340912675800786502e+01 4.936738901868935159e+01 4.097090072057871168e+01 2.437734277590921295e+01 1.086987733294975378e+01 3.131400419143086467e+01 3.495686921709077666e+01 3.731578758441924037e+01 2.046586160699742507e+01 4.097319993843981933e+01 2.987729065360453973e+01 5.070000417140219184e+01 6.310196435756196109e+01 7.008650668657212179e+01 7.848837884168780477e+01 8.872609514041558043e+01 9.301722285623961284e+01 7.528261990100700984e+01 5.528263643027298713e+01 5.613919320108760758e+01 7.287595838755871114e+01 6.989256163981376346e+01 4.980421485554427363e+01 3.968203128020417125e+01 3.205624345943324727e+01 5.222622176376481917e+01 6.479407662820302960e+01 6.786185673549643127e+01 5.113473145580991286e+01 6.786185673581213962e+01 6.470306479380958820e+01 4.458252953447092892e+01 5.047569787082817072e+01 4.615963197373357474e+01
5.976739801316686851e+01 6.817321075973040934e+01 6.831734673155899884e+01 4.837078159407163014e+01 3.427098448843709377e+01 3.793041164601897464e+01 3.153595299994599088e+01 1.158279150073183317e+01 3.085651006677392516e+01 4.318195381199871719e+01 4.906144732184642976e+01 3.813288180497617930e+01 2.418139705606841972e+01 2.797249046806076578e+01 4.875241993093965220e+01 6.270288108619111256e+01 7.121984185159830361e+01 7.318860265256762432e+01 9.363067243567505216e+01 9.528213691431957955e+01 7.528261990100700984e+01 6.682965615109063151e+01 7.613917248057096288e+01 8.442261835517908253e+01 7.810747244369372311e+01 6.810075973397009363e+01 5.480689114702765607e+01 3.462858462647523083e+01 3.634710696780548744e+01 5.652902010151708367e+01 6.928777527699016048e+01 7.119824429585138148e+01 7.940186615173549001e+01 7.295795992662029050e+01 6.470306479380958820e+01 6.896965213013545792e+01 5.432309307875702586e+01
