LEM/with_lateral_4open/elevation_000341.asc
nrows	100
cellsize	150.0
xllcorner	0
ncols	100
yllcorner	0
NODATA_value	-9999
[rows 17 to 33 of 100, columns 0 to 36 of 100]
5.222468517465790605e-02 1.419436030890573264e+01 3.419436030890643963e+01 4.518882401612606969e+01 5.347309526358827014e+01 5.613697456974807665e+01 6.200962764793014514e+01 5.811770382544330005e+01 4.396222406433889063e+01 4.615053978947585023e+01 2.614665528044798748e+01 4.235617037623941883e+01 4.578648317047959893e+01 3.086646266416613571e+01 3.513082245379818858e+01 4.090447273793606797e+01 4.906926809292479419e+01 5.906795085471580364e+01 7.906858106639715800e+01 9.258624219453703574e+01 8.103957366111704630e+01 7.209688677251497779e+01 5.345262133557071138e+01 3.345668642506508661e+01 4.500328405687315581e+01 6.499463070341464288e+01 6.038196993899983767e+01 4.037624730507248927e+01 4.623578780201258809e+01 2.988549827320489527e+01 4.988766737736121115e+01 6.485712853023120772e+01 6.550232145302314279e+01 8.553448961940195261e+01 9.105513989505502082e+01 7.371887267827466417e+01 5.396872963817479985e+01
7.333276091007127906e-02 1.421546846690787191e+01 3.421551650526630795e+01 5.308595753109663917e+01 5.028031815110487202e+01 3.611550489792509921e+01 4.197965759548123543e+01 4.982108555887393919e+01 2.981362041260667084e+01 3.716696629125378593e+01 2.009651460775354437e+01 2.234757831280042950e+01 2.578449288917483528e+01 4.578648317047959893e+01 5.513042697238797274e+01 6.090370927010543056e+01 5.504563390538839229e+01 7.504635426500904316e+01 8.736577513029399711e+01 8.428314791829851060e+01 6.430279605860722825e+01 5.276031469141013019e+01 4.381651191461211425e+01 3.625724659256092508e+01 5.625251959101444044e+01 7.328386061171238453e+01 6.868788030565245606e+01 6.038196993899983767e+01 5.305035241505242283e+01 3.304777593337291108e+01 3.655216493758961604e+01 4.549643847942078878e+01 5.963924358816634452e+01 7.965704355160995931e+01 8.274909189035295753e+01 6.319577238939638875e+01 5.598837025472617057e+01
6.343274376862209629e-02 2.006343274376799712e+01 3.068886142780736392e+01 3.321761407022851387e+01 4.197941028054386692e+01 2.192122365255379535e+01 4.197339386024242458e+01 4.265129255179459022e+01 3.439813933077020636e+01 1.710493867169201110e+01 3.716696582255389814e+01 4.235616944041233722e+01 2.666774081085766923e+01 4.650034394244980973e+01 5.919792778510602460e+01 7.328549221948168224e+01 7.504635426500904316e+01 8.334210346224124066e+01 9.792559627932894273e+01 7.793802997491160056e+01 6.381210711868342855e+01 5.381572308320834708e+01 4.625702992351544651e+01 3.968721828873250246e+01 4.863133322876073805e+01 6.017563766410142279e+01 8.015827957166857232e+01 7.044431162312902472e+01 5.043455882408434832e+01 3.629220435598559646e+01 5.629527972905799516e+01 4.508019441946716199e+01 5.922295191675519987e+01 7.924019044208016282e+01 7.460883417228248504e+01 5.484083129440115556e+01 4.345748873854751082e+01
3.497053469895897854e-02 7.509631911623633194e+00 1.371773010796231418e+01 2.502180335645231679e+01 2.658370062252587118e+01 1.470431463303210151e+01 2.979260082055973413e+01 3.169433164884596721e+01 1.425919181725929619e+01 3.439813935327403982e+01 2.981361644591529370e+01 4.982031058217389585e+01 4.650034394244980973e+01 3.113691082357840401e+01 4.511036335073038828e+01 6.414093678573075863e+01 7.827557409541296352e+01 8.063488348620271040e+01 8.898876108398245321e+01 9.209453571803865657e+01 8.209518719252453423e+01 7.380217986237155969e+01 6.345982808169144107e+01 4.346686292921508254e+01 6.345982808169144107e+01 7.691104223880884661e+01 8.845676352316496605e+01 7.510803330649092402e+01 5.972588802965535848e+01 3.972217605881530034e+01 5.386460059961677160e+01 6.508586534019431724e+01 5.577071500147124539e+01 7.578274569044204156e+01 7.376358723570977816e+01 5.399301599482583214e+01 5.740904641852890222e+01
9.635555453094322986e-02 1.584966182672375767e+00 3.080189832736252686e+00 4.605485443045264304e+00 6.159289433091750254e+00 7.753506140162691018e+00 9.448649434969860650e+00 1.143774012695288356e+01 3.075160598616045604e+01 3.424304284000324117e+01 4.982031091619231233e+01 4.982031091618166840e+01 5.919792776523495093e+01 4.388928292255896935e+01 3.604569528539760626e+01 5.000629947604861059e+01 6.646389407047908549e+01 6.059407806224065496e+01 8.063488348620271040e+01 9.383269820797451644e+01 8.498875899295271097e+01 6.500879818641777774e+01 5.501273004381729237e+01 4.846685909688381599e+01 5.979231198598762376e+01 7.977840333101785575e+01 8.095358928309265423e+01 6.093595733507105194e+01 4.679324386416254811e+01 4.506740089288451401e+01 6.507246678434771070e+01 8.219407129218886610e+01 6.577114307907011437e+01 8.410249537425906396e+01 8.190553138024911561e+01 6.388952499608664226e+01 7.716616471000122601e+01
8.845047570523793812e-02 2.008845047570488163e+01 2.347406365319482902e+01 2.502180673199452343e+01 2.658370062252592803e+01 1.809104237387836989e+01 2.979862722876361758e+01 1.375843872148987046e+01 3.378341996306896533e+01 4.728900940899070093e+01 6.214553392650669394e+01 6.982390581673554664e+01 7.092768869964048406e+01 6.117137618195402382e+01 4.203372936169252228e+01 4.186221636851976058e+01 4.681277074618738254e+01 5.543227328907977380e+01 6.529909620189074815e+01 8.547822931437093530e+01 8.498875899295272518e+01 8.329253404097200075e+01 7.361821073483163502e+01 5.363080362427216841e+01 7.361821073483163502e+01 8.807824131941137580e+01 8.683136306420652772e+01 6.679898598935008636e+01 5.311779926026029841e+01 5.323236774079433786e+01 5.661448200163148670e+01 7.662628886236018388e+01 7.991952442886791630e+01 9.412824485428481580e+01 9.175881245463889968e+01 8.363764947533297800e+01 9.175881245463889968e+01
8.023991185656004221e-02 8.245205721130059118e+00 2.238734084032657989e+01 4.238724597500655733e+01 4.651382938117366450e+01 3.236060113479091171e+01 4.223799854644597218e+01 2.505388482140189410e+01 1.831930932702260151e+01 3.906596849747042199e+01 5.251077888963846618e+01 6.081703571822122711e+01 7.087218976711969276e+01 7.322119317888277124e+01 6.413686478602386387e+01 4.862379150809137229e+01 6.646389407047908549e+01 6.059407806224065496e+01 8.063488348620271040e+01 9.383269820797451644e+01 1.049994499254502784e+02 8.774602895143878811e+01 6.776627682277130305e+01 6.362869634434890997e+01 6.776627682277130305e+01 8.774602895143878811e+01 8.728608277041084307e+01 6.726098008230269443e+01 6.206209754453976046e+01 6.217667426099944805e+01 6.816223527677992422e+01 8.494631779093965918e+01 9.997742777243374235e+01 9.313269932379688498e+01 8.465087620608781549e+01 9.313269932379277805e+01 8.906427819797721668e+01
4.598823041778624804e-02 2.004598823041743216e+01 2.457512852400073911e+01 3.871721540274732831e+01 5.871589441322995384e+01 5.238233110792123881e+01 5.409332793846679266e+01 4.573001758662771010e+01 3.906596849747042199e+01 2.384543574050028525e+01 3.199757285486850122e+01 4.243191931171384113e+01 5.672894770361827455e+01 7.673859759475362807e+01 7.677310527298409681e+01 5.988128644024666158e+01 6.470413884673358496e+01 8.063488348620271040e+01 8.898876108398245321e+01 9.047855924752707324e+01 9.884446859709890987e+01 9.605272588670857203e+01 8.774602895143878811e+01 7.516486349895626518e+01 8.774602895143878811e+01 9.605272588670857203e+01 9.562177604470394954e+01 8.728608277041084307e+01 7.206251387954398524e+01 7.217713457806556221e+01 8.818840107925556993e+01 9.652562188586367142e+01 8.952930880910190581e+01 8.101118292648118313e+01 6.401487097606973009e+01 8.283799238474205140e+01 9.409137879207685273e+01
7.340434288523949025e-02 1.421553996661631558e+01 3.421553996661702257e+01 4.249961450741807312e+01 5.075397395585834914e+01 4.946083760800545548e+01 5.775035702669408266e+01 6.499941191498778892e+01 4.475751578217531090e+01 3.454429479219934507e+01 3.229738910286874187e+01 3.932706886119225231e+01 5.953474139305889423e+01 7.937866651976953847e+01 8.842673643308016551e+01 8.006024153108990049e+01 8.489873548927910463e+01 9.325962000866387314e+01 8.708292525081979818e+01 7.003468881108845778e+01 8.503396672388338118e+01 9.341853973503449993e+01 1.034583890401072068e+02 9.514088858755623335e+01 9.677827290434640872e+01 9.677827290434640872e+01 1.051055116151791538e+02 1.004350080702339909e+02 8.621269216087446807e+01 8.632756281049717018e+01 1.005503710618693276e+02 9.450735180670623947e+01 8.101118292648118313e+01 6.019838265841672609e+01 5.349658238910699737e+01 7.426016010815474999e+01 8.566175604349780315e+01
3.515918393995972474e-02 2.003515918393960504e+01 2.717372512120250860e+01 2.250036786728810867e+01 3.531597130743121227e+01 2.945987260116977424e+01 4.946095441751254640e+01 6.254937428494526586e+01 6.327120786669149055e+01 4.908686457626316013e+01 4.428867413883754267e+01 5.953474139305889423e+01 5.106635299165201758e+01 6.525309351285007153e+01 8.522515564983633851e+01 8.385004341164270159e+01 7.543582618190620792e+01 8.385004341164270159e+01 7.797505421749062293e+01 5.828130815042812429e+01 6.461851098719351683e+01 8.166097723341833614e+01 9.504805913743444989e+01 8.667350888461065495e+01 7.634732043496012466e+01 7.634732043496012466e+01 9.677827290434640872e+01 1.070334919994510443e+02 1.062857975448585677e+02 1.064014074514026333e+02 1.005229750224860368e+02 7.999962020970208698e+01 6.526039253356103131e+01 5.474786430424067873e+01 4.600849305060123839e+01 5.953237141178544789e+01 6.806256424701363983e+01
4.608085242692564615e-02 3.581614758359670692e+00 7.173720798895184103e+00 1.095336552898749005e+01 1.531772333370737549e+01 2.426199527218056318e+01 3.426199637344868165e+01 4.840420886156303482e+01 6.840600153730636634e+01 6.917566081936041655e+01 6.442396772116670434e+01 7.270539218960217909e+01 7.110277507849420431e+01 7.937866651976953847e+01 8.260256401606844179e+01 7.368541291181948338e+01 5.510012679292024984e+01 7.368541291181948338e+01 6.955482136824608119e+01 4.930013541207217997e+01 5.294226557552390489e+01 7.324709785867655398e+01 8.326782047691580146e+01 6.619248537095120355e+01 6.183939968099397788e+01 6.907555362738915505e+01 7.828800277087691484e+01 9.279260000002754794e+01 1.130222410177250083e+02 9.664154204846222740e+01 8.818612731865880505e+01 8.894334662822886628e+01 8.051228214670742034e+01 7.486376004763977221e+01 5.953237128868362760e+01 4.024338536461658578e+01 5.456826276898117811e+01
1.610643649003322755e-02 2.001610586096654743e+01 2.717372464745479022e+01 2.250037141797715989e+01 3.531789000428207714e+01 2.474581381217478437e+01 3.474581524756270312e+01 4.888803451979282499e+01 6.888989593749069229e+01 7.167779289835577572e+01 6.362555439996865658e+01 7.167779289835577572e+01 7.196773919087752347e+01 8.002009591041384340e+01 7.419751252519985485e+01 5.392160763393007272e+01 4.509234712720465410e+01 6.388529592786147049e+01 5.549139883337075219e+01 4.227018507004364523e+01 6.239370847303884204e+01 8.166097723340816117e+01 7.484878444572024137e+01 5.445955698195842842e+01 7.484878444572024137e+01 8.958127528616559232e+01 9.794337015763792920e+01 1.070334919994510443e+02 1.015065108654941639e+02 8.818612731865880505e+01 6.800491249407436101e+01 7.391585346361276265e+01 6.042700956661305867e+01 6.457038054405921912e+01 5.696424399944172023e+01 3.720643124090427989e+01 3.480693203029039751e+01
2.022278438842990689e-02 1.416235840843972404e+01 3.416235926440722892e+01 4.250058164915063941e+01 5.078578798402263317e+01 3.629282393556470510e+01 5.303215024567970914e+01 6.303327894839211609e+01 6.772804224806725415e+01 5.965923600129804782e+01 4.399256975712815176e+01 6.188958838744341762e+01 5.245934049202202942e+01 6.876846462696279616e+01 7.333748873882011310e+01 5.764230550626228933e+01 3.757914076296756178e+01 4.945155288859921683e+01 3.545863163160714038e+01 4.956613671035863433e+01 6.979622864167039609e+01 7.318381685323865327e+01 6.476518545314550579e+01 5.021983888118294459e+01 6.451493358180618998e+01 8.495532816299895273e+01 9.043480005089330120e+01 9.879347603265104283e+01 9.303355116934309876e+01 7.279392572102304371e+01 6.279385597266728780e+01 5.391661807253346694e+01 4.900171308223697508e+01 4.473245901396700930e+01 4.065390742319904405e+01 5.696425025119415864e+01 4.873753355735603066e+01
6.642187732006160639e-02 2.006642187731970495e+01 3.694559197829749309e+01 4.513424065621444470e+01 5.568915760532220816e+01 5.629356024277808501e+01 6.458058100469297358e+01 7.150140170267339101e+01 5.965923600129804782e+01 3.996419576722279743e+01 3.402619275282552991e+01 4.934421025779995773e+01 4.102785708988709956e+01 6.070455995038393127e+01 6.029700670304846000e+01 4.480120914006693766e+01 4.480148256749767910e+01 2.945031980657123327e+01 4.945154730284975386e+01 6.172863394699871264e+01 5.339791015957714393e+01 6.178106112674714723e+01 4.462946178835874633e+01 6.476518545314550579e+01 7.007480025977508831e+01 7.596655774015690099e+01 6.997361555134968114e+01 9.043480005089330120e+01 1.015065108654941639e+02 8.818612731865880505e+01 6.800491249407436101e+01 7.391585346361276265e+01 6.891604461584293517e+01 6.352921148365349069e+01 4.370947376183541166e+01 6.352921148365349069e+01 6.864488831021154169e+01
1.591255364720534082e-02 2.001591255364684940e+01 1.732643704415819741e+01 2.853501205905403992e+01 4.760755917421149519e+01 6.118544225476043152e+01 6.754337211162031451e+01 5.831751254041805055e+01 4.513367389539703112e+01 4.573273937910418852e+01 2.586355695864079962e+01 2.951578405218033296e+01 4.934421024944850132e+01 5.114061552540048439e+01 4.039059037932192808e+01 4.043046297196858063e+01 2.480317999770376858e+01 4.480147788612876525e+01 4.742951208662431384e+01 4.983694456586081145e+01 3.337113868790344640e+01 5.337391318729265066e+01 4.096379213276961906e+01 4.527105889799089766e+01 4.980190020934860939e+01 5.555691113636607525e+01 6.463704346540255585e+01 7.649525384477651357e+01 9.693078911676144571e+01 9.664154204846222740e+01 8.818612731865880505e+01 8.004495905935444000e+01 5.996510374416650535e+01 5.297036734629725174e+01 4.733765436774697122e+01 6.722155957451023767e+01 6.834068591022494843e+01
6.189296070378335485e-02 6.724657587326349883e+00 2.661451458887771793e+01 4.513424065621444470e+01 5.381732410640713482e+01 3.943400329129143955e+01 4.580485197219616822e+01 5.061841583669770728e+01 3.133845468753483132e+01 3.842536986050497916e+01 2.008890872130474392e+01 3.411199179316751184e+01 3.534765447300259922e+01 3.076451884728109576e+01 3.772708060694062482e+01 2.043817289511315494e+01 2.274810249183949296e+01 2.507370020669568333e+01 2.743136881388532444e+01 2.983938850328203785e+01 4.980824079651154790e+01 3.703841015271513726e+01 5.705328807211083841e+01 6.542387801702197692e+01 6.408802061980978237e+01 6.632589680369471807e+01 8.438354579200156991e+01 9.351581529205851950e+01 1.052582657178205778e+02 1.072634042328878081e+02 8.687061814939544035e+01 7.260721431422288674e+01 8.004494777437209052e+01 7.106172592325219739e+01 5.110754339502361887e+01 7.106174828618691208e+01 6.866494480764394837e+01
2.247884206357958492e-02 2.002244512024802248e+01 3.041550866047128920e+01 3.895680494071616096e+01 4.530519267872929845e+01 2.457139151745036543e+01 3.421647188677739848e+01 3.828540178410677441e+01 2.997018722954006975e+01 1.875147134128240012e+01 3.235820969828153437e+01 1.405786446347616625e+01 1.530547286843739663e+01 1.658069825663391583e+01 1.786645804464487242e+01 1.970786592778966195e+01 3.976373449868388121e+01 4.507270034562857575e+01 4.742951264757879670e+01 4.983694456586081145e+01 5.815916261039865987e+01 5.112189110603581099e+01 5.112415969599964427e+01 7.137030206028653367e+01 8.452816486151830588e+01 8.675550773428895468e+01 9.512855759319393201e+01 1.027387351193908671e+02 1.027391249072477848e+02 1.111552118312834949e+02 1.013132572122061674e+02 9.284352690596372781e+01 9.180884672216576803e+01 7.514871855283033142e+01 5.512673638806018062e+01 7.514871854431903841e+01 7.697759162588867810e+01
