LEM/with_lateral_4open/elevation_000117.asc
nrows	100
cellsize	150.0
xllcorner	0
ncols	100
yllcorner	0
NODATA_value	-9999
[rows 51 to 67 of 100, columns 0 to 36 of 100]
6.455108993161302877e-02 2.006455108685386435e+01 5.768892096915316792e+00 8.187975964599381484e+00 1.367285777370016575e+01 3.333927406389489789e+01 1.914564859763934379e+01 2.667347804504385778e+01 4.408289963050069105e+01 4.832085349795600848e+01 6.747342884163619203e+01 8.174689347579987952e+01 8.199087179067412023e+01 7.659084695072429838e+01 8.494553382562747856e+01 7.841206620517992576e+01 6.158430249239105336e+01 6.419022686850249215e+01 8.102887257374169394e+01 8.703388496763066939e+01 6.692842951479966018e+01 5.267614631901158617e+01 7.281718107808985962e+01 7.909935501507939648e+01 7.849346121209013916e+01 5.837655687300713936e+01 4.408841364626241699e+01 6.426866173744343769e+01 6.494834626696163582e+01 4.478486374951491911e+01 5.069060948854068727e+01 3.286140176375443644e+01 4.278375321561175326e+01 6.293660778317055104e+01 7.016504769857415624e+01 8.966493477775637189e+01 8.989786955131756940e+01
3.995603441288197999e-02 2.003995603441252626e+01 2.574188328471000986e+01 2.815173019227564666e+01 3.333927406794625625e+01 2.234365911329673438e+01 3.325161266369401147e+01 4.623039973482288190e+01 4.052545357111610258e+01 6.000335813589952494e+01 7.562645980885874053e+01 7.614966978921898999e+01 6.196263130732604196e+01 5.654188013229656207e+01 7.334979076239763174e+01 6.942812685325921507e+01 5.000235549229329024e+01 5.261296492278390247e+01 7.267212329581796837e+01 8.184267869184876076e+01 6.172423151327639346e+01 4.743019440295057620e+01 6.761678826493671579e+01 5.896355099386568810e+01 6.396623772949862285e+01 5.937423265326065547e+01 3.923599379151121269e+01 5.937423265326064836e+01 6.494821886769531716e+01 4.478486339650487480e+01 3.075405379283472485e+01 5.069060935924152034e+01 6.079787245571779408e+01 6.292836196605909294e+01 8.289284365822850020e+01 8.394405029127321427e+01 6.969153349440244938e+01
4.804567899273937126e-02 8.992317588991818766e+00 2.053932297278413088e+01 4.053932297278341679e+01 4.785840204678765986e+01 2.871976968901854121e+01 4.785840204678889620e+01 6.135056239268308076e+01 6.000335813589952494e+01 6.818051245591206566e+01 7.007525289208041386e+01 6.172178909847657025e+01 4.780282719074181585e+01 4.498021895278576210e+01 6.209736703726057527e+01 5.376800473009549819e+01 4.103621617085003237e+01 5.521450989736371895e+01 7.527797512838530736e+01 7.737016794051601210e+01 5.709290805346194020e+01 4.279983653234297236e+01 5.703214115236507098e+01 4.471694583772758591e+01 4.385707259326080987e+01 5.487118554906065526e+01 3.482517141586108522e+01 5.487118554905551804e+01 6.738198762681798826e+01 4.661537603618073433e+01 2.929754041618394211e+01 4.329710259850065057e+01 6.357346634595706547e+01 6.427393247375270846e+01 6.556881156651955678e+01 6.703242218039730460e+01 5.535627408586282172e+01
9.707512844716031930e-02 2.009707512844680366e+01 3.727658883645271004e+01 4.882359422024502749e+01 5.576811477981123488e+01 4.427351044770770017e+01 4.228233983128225049e+01 5.576100876210939106e+01 7.474129842976192606e+01 7.007525289209833375e+01 5.849405739003998406e+01 4.170723330066560663e+01 3.785658661674201397e+01 3.610901085771330088e+01 5.376800473009549819e+01 3.381095094702433101e+01 4.789287049997375334e+01 6.795183346921794509e+01 7.765602205912047395e+01 6.888666091657110258e+01 7.134532933686656975e+01 5.703214115236507098e+01 3.692078313944995926e+01 3.321931424885209339e+01 2.982747192470309727e+01 4.505132803398386443e+01 3.074986942652148159e+01 5.069130157210922505e+01 5.637178850000620400e+01 4.359903432365756260e+01 2.785124820965274495e+01 4.798657496737918393e+01 5.448151362199372016e+01 4.392541496962349612e+01 4.532529648622332985e+01 4.675335680285640194e+01 4.524075773662556799e+01
5.001202446392439237e-03 2.000500120244603863e+01 3.233814722132681396e+01 3.986690599494622944e+01 4.817748697695860471e+01 6.105433160244623991e+01 6.132020692985537380e+01 5.579087045275961998e+01 6.396875029649294220e+01 6.172178909847657025e+01 4.170723330066560663e+01 3.036422341449141982e+01 2.913065553752539572e+01 2.817744828624863374e+01 4.391792595768447427e+01 2.960206050963868307e+01 4.095230371092190325e+01 6.099993829851522520e+01 6.552388894535400254e+01 4.781486539355844911e+01 6.552388894535400254e+01 6.538883966335141906e+01 5.703214115236507098e+01 5.323090582187978725e+01 4.505132803398387864e+01 2.521645779253054798e+01 4.504926815649034921e+01 5.075838794896403527e+01 3.731143055985484835e+01 4.420693756206259906e+01 2.640484878433392879e+01 4.627690404000225044e+01 2.869628078515892966e+01 3.005953199812237742e+01 3.141306488825155796e+01 3.276130835988873713e+01 5.259546665753673267e+01
5.279685921607564503e-02 5.882443307487702278e+00 1.207030960760112137e+01 1.946519135600009065e+01 3.257444036907712359e+01 5.379854935224037149e+01 5.248454216060450506e+01 3.583836084470683403e+01 5.248454216062276600e+01 5.935633447442769040e+01 5.842639372491287020e+01 4.082314343543198731e+01 2.131749945391677414e+01 2.095735997202108081e+01 2.432292602243312274e+01 3.808192021525545101e+01 5.773267827163547139e+01 6.938963628182564491e+01 5.671475584690947613e+01 3.619012503550377602e+01 5.675258743412367579e+01 6.443371872322290983e+01 6.143394507738173616e+01 5.309989637441017152e+01 4.258992567005103780e+01 2.275862192482288293e+01 4.106193901390972911e+01 4.136982161647448208e+01 2.342983469912103800e+01 2.435470478704865016e+01 2.555435213328075861e+01 2.675391498035937943e+01 2.920309039015029029e+01 4.818458101499358293e+01 5.125035692013612021e+01 5.269295753603540788e+01 3.471176190527258854e+01
5.738623160518319517e-05 2.000005738623125140e+01 3.233814722132681396e+01 3.986690599494622944e+01 4.817747198043634427e+01 5.854369455649417375e+01 4.427128351137619688e+01 2.428984636690958254e+01 4.424683626372985401e+01 4.010372656403828984e+01 5.364936689631723254e+01 3.609089358539538495e+01 1.664027144449087459e+01 3.609339350145287995e+01 4.391792595768447427e+01 5.221328155192873055e+01 6.658677309760508933e+01 6.383371166390298157e+01 4.308844762848898569e+01 2.927265429558736187e+01 4.947063911693257410e+01 4.278068620155358559e+01 5.310248518737687107e+01 3.313455722101568313e+01 3.892504181458085810e+01 2.032488252189375544e+01 2.122445014719827938e+01 2.212637769045052138e+01 4.196894989672651377e+01 3.831823536894785320e+01 3.951055536690751779e+01 3.413130327184470758e+01 4.822067096611777970e+01 3.256640942984301290e+01 5.174972082693672348e+01 6.312608811122940011e+01 5.488179568757803395e+01
4.532054705376769438e-02 1.418745617116151969e+01 3.418745722620450778e+01 5.252757430039334707e+01 4.887517526919089050e+01 4.025452319315211724e+01 3.085942634790869121e+01 1.774432733767143944e+01 3.170339912660264048e+01 2.540338009292667110e+01 4.110492433900374465e+01 3.113435250116221198e+01 1.410629407723967610e+01 2.918296173999660681e+01 5.094114361969415228e+01 4.981266786801142388e+01 5.855234089336660475e+01 5.973126899101468723e+01 4.309260651883410986e+01 2.306667876533925465e+01 3.558975550848518310e+01 2.796181789080156577e+01 3.697455283824634620e+01 3.780484249844504063e+01 1.913045446355464918e+01 3.898157646980397573e+01 4.051483463778165373e+01 2.673582130465400652e+01 4.021849848829116070e+01 5.842360543192648947e+01 5.963914237512545924e+01 4.222721655965182208e+01 6.009422508032413646e+01 5.175344793772957530e+01 3.594235086978530092e+01 5.547800499014299191e+01 7.023818248398633557e+01
9.001595176218035732e-02 1.423215169459287743e+01 3.423221843530302522e+01 3.270299009949840041e+01 3.272713479068129061e+01 2.002390785625282277e+01 2.431052422728193463e+01 1.584597247651769614e+01 1.163708810713935016e+01 2.932335382976275184e+01 2.708508690109320582e+01 1.062756363007186522e+01 2.415578383822151665e+01 3.378495171328066249e+01 3.574674449848002666e+01 3.015761323851523201e+01 4.990547846686713029e+01 5.108052961623400989e+01 3.088234929283477825e+01 2.958416116832167120e+01 1.554782103128977688e+01 1.632057462800057479e+01 1.709675477260233478e+01 1.794061962932276799e+01 3.780484754804464842e+01 3.898170646784539173e+01 4.944788270284983867e+01 3.158463066192113899e+01 5.190685170623679312e+01 6.985732015704599007e+01 6.231498803573159506e+01 5.648964619352663874e+01 7.074318659831239131e+01 5.850304502063146828e+01 3.866651791892461176e+01 4.421861716254234409e+01 5.087429275853008903e+01
5.674351268809080251e-02 2.005674304415695630e+01 2.692031591261380896e+01 2.245461852095990096e+01 1.275352195224651553e+01 1.412937486476766580e+01 4.221184771487936693e+00 8.264525272226560304e+00 1.282133775999173153e+01 2.071453222400226224e+01 7.244761773449359232e+00 1.759322277195278872e+01 2.799631035195101703e+01 2.927410213226515268e+01 1.727741042454093900e+01 3.587361144384790634e+01 4.587928989882936293e+01 4.128969036760112488e+01 3.166875247383723035e+01 1.447096060757884928e+01 3.344232055753536770e+01 2.855009208295905410e+01 3.679087755668569315e+01 1.881230909493138626e+01 3.925630513839584523e+01 5.898226003149318331e+01 5.595611446498899255e+01 3.689262130953738961e+01 5.732555782524144661e+01 7.728723052334461840e+01 8.216115506429957804e+01 7.666401466270272635e+01 6.300438455810823513e+01 4.287541039983781133e+01 5.850194654673258299e+01 6.337710147858300758e+01 7.023818248404887754e+01
9.518805923843161321e-02 2.009433869751773472e+01 1.544151029807592446e+00 2.147447765757986904e+00 2.751569039027158325e+00 3.357348844592681125e+00 2.301654705116236244e+01 5.095147893238633152e+00 5.713596123599027798e+00 6.348298570558732479e+00 2.632202823451470763e+01 8.170793084687621999e+00 8.823753701654055703e+00 9.475614444707188611e+00 1.012624257246342552e+01 2.981341507624307496e+01 2.576212639832709783e+01 3.222097051567619275e+01 1.340847344450042300e+01 3.326571988341942188e+01 4.152657612859108127e+01 4.085185448510573991e+01 4.127120250506024490e+01 2.062918636482577384e+01 4.129864712084339828e+01 5.253443795715373454e+01 6.555633389892625473e+01 5.732555782524144661e+01 4.748437717656031509e+01 5.966311934283957896e+01 8.087069465214158015e+01 8.062800738944382317e+01 6.034765040755312526e+01 4.604544186990286647e+01 6.628739656088380627e+01 7.692992909264141588e+01 8.277254571097698488e+01
9.062254805971975413e-02 6.917356378379870829e-01 8.132112129237585307e+00 2.061422860485107833e+01 2.259137270325779312e+01 8.532383536109330535e+00 1.919988080316595003e+01 3.115406923328599476e+01 2.849280651578333590e+01 7.785019902144082238e+00 2.943680340534361761e+01 3.241379021521737513e+01 2.282960541887152672e+01 2.928514692318851331e+01 2.929831847024924585e+01 1.104867316911137820e+01 1.170361230943302822e+01 1.236189353257719326e+01 3.222131605550346478e+01 4.150250059191301233e+01 5.548263596300790113e+01 5.213313089182382498e+01 3.452112278280510793e+01 4.129864680912965724e+01 2.412286920738260321e+01 4.423184231943620404e+01 5.549879580836051218e+01 6.960855833530906978e+01 6.862649533845673488e+01 7.728723052334461840e+01 8.944606867190901767e+01 7.910985991769430825e+01 5.883613343352757141e+01 6.628762944266496504e+01 5.143763210573259670e+01 5.668892583689122233e+01 6.253488939864887186e+01
3.063233560239582431e-02 2.003063233560203926e+01 1.713803215572480099e+01 2.048809065777257743e+01 3.361921241958504680e+01 1.376362887418963155e+01 3.359291720086542909e+01 4.369404464116976783e+01 3.255752127482617198e+01 1.059522471666889309e+01 3.255752127482932679e+01 4.566886674119396616e+01 4.280673209744259822e+01 4.354241594379769253e+01 2.360407728367561830e+01 2.740770066194160393e+01 2.408430131807491037e+01 2.952998276169637748e+01 1.454385267617361777e+01 2.663823044648001925e+01 4.944388679362826622e+01 6.345135933712499110e+01 4.918087865105291456e+01 5.253437428496045669e+01 4.423184148587844078e+01 2.743129147304464510e+01 4.132947907428946621e+01 5.609581283892862302e+01 6.247844122258264576e+01 7.081938327355155138e+01 7.983010579448657040e+01 8.753433725428921264e+01 7.315342770980835496e+01 7.754717164230848425e+01 5.730610063141810429e+01 7.693043755113218651e+01 8.277254571097698488e+01
5.666595628964066211e-02 2.000893308258707748e+01 3.477547337419851203e+01 3.645854502052416990e+01 4.196880678391772079e+01 3.547255731640890986e+01 2.508665584841634200e+01 4.735364736099130312e+01 4.117768789157231879e+01 2.636805222543232574e+01 1.575141486794502832e+01 3.711576416948879142e+01 5.073474802744025425e+01 5.212678895629772313e+01 3.771081038572076238e+01 4.762742509244323941e+01 4.141368541004067083e+01 3.374202004458041415e+01 1.611941399371438166e+01 3.586432362017339415e+01 5.215124089683318687e+01 6.042670366515928748e+01 6.941005979698670103e+01 6.135314358992933137e+01 4.132990346075783350e+01 4.719446769692197563e+01 3.055863881673989013e+01 3.607896286563932620e+01 4.230190390264851175e+01 5.133570484166757808e+01 6.560565571364894311e+01 8.570666267153301021e+01 9.348995939688524004e+01 8.597240161948799653e+01 6.633929003817377179e+01 7.159503628058317304e+01 9.191689755766628878e+01
2.110006612196471329e-02 2.002110006612160831e+01 3.198555921249559830e+01 3.937750370385854382e+01 4.815800170912404354e+01 5.575262351555647200e+01 3.825690024796703170e+01 5.575262351555647200e+01 5.598732356390468823e+01 4.510276674803625951e+01 2.397118560936570120e+01 2.115344985312553305e+01 4.223435317662115551e+01 5.935039239755489149e+01 5.848772116238169616e+01 5.665839351172154181e+01 3.750002833256866097e+01 2.649784482088076132e+01 1.771228031942299097e+01 3.742613966091009559e+01 3.246007593301908400e+01 4.633696368771656182e+01 6.618814983232837790e+01 6.969463538879121245e+01 6.135298296457825984e+01 5.274581439929275462e+01 3.287445545068872121e+01 5.274660164306713028e+01 6.247844122258264576e+01 7.081938309060711845e+01 7.983010267731347653e+01 9.079961854310110425e+01 9.914832544645962287e+01 9.505223070109884986e+01 7.799574920167947312e+01 9.191689755766628878e+01 1.003497669583928342e+02
9.367352646185668485e-02 5.867192259835229962e+00 1.189764922537250058e+01 1.897688213339787922e+01 3.071713527147188572e+01 5.224667576929839186e+01 5.968713777490971495e+01 6.763279602808007951e+01 5.978859013156544933e+01 3.901977589586065420e+01 4.510276674803625951e+01 2.575755479145677640e+01 3.116785857048220976e+01 3.870902932667546992e+01 5.935039239755508333e+01 6.487143242507136165e+01 5.461245987882650610e+01 3.742320027304346297e+01 3.742615869444987453e+01 2.002745514387959958e+01 3.969745461361553396e+01 5.510727966059799598e+01 6.339649789964931870e+01 7.490556710960566988e+01 6.699189587105936994e+01 4.684602150800434828e+01 5.274660164306713028e+01 3.636749840692382918e+01 5.644275619662610666e+01 6.895468582422286374e+01 7.659398848222815559e+01 7.070982383875012545e+01 9.079961857509077561e+01 1.016479625090493499e+02 9.838802323150318330e+01 1.068194622971423513e+02 1.148633165622212573e+02
3.648181865326004941e-02 2.003648181865290567e+01 3.198555921249559830e+01 3.937750370385854382e+01 4.815800170912404354e+01 6.121210255786389354e+01 6.094284630747590370e+01 6.895529986788341148e+01 6.817068566381520611e+01 5.978858974462004738e+01 5.126842672849417681e+01 3.048202172508260333e+01 5.126402064379305301e+01 5.935039239755508333e+01 5.345041599444838454e+01 7.359419544761639997e+01 6.547279452866149541e+01 4.948748077129270939e+01 3.118452330101792214e+01 2.169708944301759246e+01 4.134213985793194013e+01 3.540102798687307484e+01 4.671422013083576275e+01 6.657241242661676495e+01 7.533282044458418625e+01 6.699193115483015504e+01 6.283516413183489391e+01 4.262059532390614436e+01 4.039877325488792792e+01 6.061253734304191454e+01 5.647427196565885055e+01 7.321451384580031174e+01 7.321451385278363944e+01 9.051758511721979517e+01 1.021257056526346645e+02 1.136780879775369613e+02 1.034245952575272014e+02
