LEM/with_lateral_4open/elevation_000604.asc
nrows	100
cellsize	150.0
xllcorner	0
ncols	100
yllcorner	0
NODATA_value	-9999
[rows 51 to 67 of 100, columns 0 to 36 of 100]
6.455108993161302877e-02 1.420668671366268754e+01 3.420668671366339453e+01 4.480788207521715094e+01 5.309215332272125210e+01 4.809664415430385276e+01 5.617782741284141679e+01 5.576563787880122902e+01 4.589637440943640456e+01 2.545065286718004316e+01 2.144719888372582872e+01 4.307013615799287010e+01 5.767096035017874556e+01 6.770684596399681254e+01 6.543291372633311198e+01 4.619809690240668232e+01 6.543291372633311198e+01 6.020140464142252767e+01 4.097049528293219822e+01 4.462225363967521474e+01 3.688044772079826572e+01 1.811159320010242268e+01 3.803120449682242565e+01 5.128403263319753336e+01 6.018321893829409674e+01 6.842403609198248660e+01 7.991687553937700272e+01 7.249080483199111313e+01 5.295987589727079836e+01 6.463748089456993284e+01 5.511477683446224063e+01 6.108679897756609734e+01 4.420150702773142370e+01 5.603810291890886930e+01 3.867661615394581531e+01 5.008823408542409794e+01 4.249810751960681898e+01
3.995603441288197999e-02 2.003995547683350154e+01 3.788446086127099477e+01 5.193567042561588920e+01 4.521541758446566917e+01 2.932615239943990204e+01 4.521546295879643651e+01 4.089019585536008350e+01 2.601475401635433471e+01 1.585928499999133123e+01 3.729116316100091666e+01 5.159348192473942163e+01 5.577060852465289997e+01 4.780452895849384021e+01 4.780452895849385442e+01 3.727441930565596095e+01 5.719534280119074765e+01 5.197083332150995716e+01 3.205060409298781110e+01 2.468507844905526838e+01 1.693409355549991702e+01 2.772706243853792785e+01 2.324364259452961434e+01 4.313227603845557923e+01 4.022496606238527050e+01 5.176528319753337826e+01 7.168233300759824544e+01 8.317269812620175173e+01 7.471075687542857224e+01 8.317267839709489863e+01 7.084540888608572118e+01 5.191203738557341296e+01 6.311589246074320414e+01 6.580467800009681412e+01 5.781349718715588892e+01 4.054422961483111720e+01 5.986030417612079191e+01
4.804567899273937126e-02 9.968749461101339193e+00 2.383155179927711487e+01 3.959867742334444785e+01 3.721557342130134316e+01 1.847355666813086472e+01 3.721642960089324959e+01 3.199926938312327707e+01 1.150941732831509512e+01 3.107505934862643215e+01 4.033876974360094181e+01 3.489775491485963954e+01 3.489775491491930381e+01 4.026527511855622521e+01 2.786285664181696120e+01 4.777611130124271455e+01 4.187929032158042730e+01 3.372904003739704137e+01 3.454524857234505930e+01 1.576094937954710851e+01 3.569940622423596466e+01 4.385714515394387547e+01 4.313227603845557923e+01 2.872868376798363244e+01 4.866031626783347974e+01 6.197184360114734858e+01 6.861264749386019446e+01 7.684542629232765876e+01 8.678358992081520285e+01 8.042952146006480518e+01 6.126129585591176152e+01 7.084540888608572118e+01 7.891773642651753562e+01 7.214964153113646717e+01 5.137149667316769808e+01 4.603698927859889523e+01 6.679034091112325200e+01
9.707512844716031930e-02 2.009703840475024350e+01 3.227078592713822758e+01 1.727603419733492984e+01 2.275482491442843624e+01 1.158152279017635955e+01 3.057825036131163188e+01 2.453667767963363389e+01 8.861065237715308740e+00 2.248900141317044188e+01 2.769626174826253262e+01 1.521223218251500775e+01 3.426382944203849945e+01 2.031173963847489361e+01 4.026482411929397642e+01 4.021082172612010197e+01 1.272111164927818372e+01 1.373609150763085474e+01 1.459621539756339637e+01 1.714679595838500603e+01 2.959597233240113567e+01 4.978255704977676288e+01 5.691181395972767376e+01 4.022496606238527050e+01 3.623729445621035694e+01 4.200827452357064118e+01 4.869023581572171366e+01 5.867421834383468848e+01 7.855107664388550859e+01 8.857433785539740256e+01 7.072261330205766683e+01 8.857433785539740256e+01 8.663271308116632952e+01 6.615055687029406783e+01 7.214964153113646717e+01 5.218750152898983430e+01 7.313660776406184993e+01
5.001202446392439237e-03 1.957154460284143482e+01 2.104544362425551540e+01 2.108873927856770969e+00 2.713547982978635975e+00 1.860415796241306197e+01 2.399614548345146403e+01 5.051973557225154288e+00 8.241966114819669897e+00 2.407096333599793425e+01 7.411225756171668344e+00 8.025061960235531089e+00 2.804243871780565911e+01 1.545641301745136964e+01 3.538149119334372728e+01 2.958184598333963322e+01 1.261921119805117364e+01 3.257722020020820963e+01 2.764116057701828311e+01 4.153270629777279765e+01 4.947670080577469776e+01 5.802436420829961605e+01 6.842403609198072445e+01 6.018321893829409674e+01 5.620885761068502262e+01 6.197184360114734858e+01 6.861264749386019446e+01 7.684542629232765876e+01 8.678358992081520285e+01 9.833777021304094035e+01 9.013642961807207143e+01 9.833777021304094035e+01 9.493876932718148964e+01 8.663271308116632952e+01 8.005724038584482116e+01 5.929534252049615617e+01 8.005724038584482116e+01
5.279685921607564503e-02 6.539099489943636101e-01 1.255294728318623321e+00 1.577174794521239320e+01 2.226910289949361044e+01 3.574210948058714088e+00 4.183638581885060326e+00 2.185611129869481317e+01 5.932642181113173763e+00 6.548099727427507233e+00 2.267842442246051249e+01 2.790652875336238026e+01 8.919234299282443601e+00 2.894002377723430186e+01 3.050456114056399315e+01 1.145955807053220177e+01 3.142963409589203039e+01 4.082205948039906218e+01 4.572426662937057529e+01 4.805217170603309285e+01 5.616901251713519372e+01 5.867606213185948150e+01 5.143622020292357178e+01 5.657679831771583423e+01 6.231761623448156229e+01 6.893863026944005412e+01 7.716537087824842445e+01 8.709255984915965598e+01 9.377730152417620957e+01 8.553635410571472164e+01 8.295874199498835821e+01 9.119773605047772946e+01 8.827868296931323755e+01 9.652167490378425896e+01 8.836531170239587141e+01 6.993550871376203304e+01 8.836531170239587141e+01
5.738623160518319517e-05 1.997472914694568757e+01 2.136634038223153098e+01 1.413496639679828526e+01 3.031108839519197673e+01 2.445886691005317815e+01 1.086493241777336216e+01 1.679758946996697588e+01 3.099794971912387709e+01 2.382383602372685161e+01 3.319452078329743472e+01 3.196524253078850109e+01 1.258846355204216394e+01 9.852625974440302414e+00 1.051676944590309049e+01 3.050449536738095802e+01 1.304398046397935396e+01 3.300074678414635798e+01 3.570245375256618559e+01 2.856253037149441454e+01 4.481219967709840546e+01 3.877184964244823107e+01 3.151021996558781524e+01 3.666742488924724341e+01 4.243083961680147809e+01 4.907558816456469941e+01 5.901422929135259210e+01 7.886303124752750193e+01 8.553635410571472164e+01 6.569143152413471398e+01 6.311832997801799650e+01 7.424272838312541012e+01 6.842884563267345754e+01 8.827868296931323755e+01 9.844490565459790332e+01 9.017897205792749560e+01 9.844490565459790332e+01
4.532054705376769438e-02 2.004532054705341082e+01 3.816873088378760315e+01 3.208268776663646804e+01 3.190583212134074742e+01 3.889101638048330045e+01 1.810501580273438194e+01 3.362810397580803112e+01 3.197373703581448368e+01 4.657116039690752274e+01 3.797931129286865115e+01 1.801528159663321560e+01 3.196525325083031177e+01 2.985452146385943450e+01 1.493560676824859890e+01 3.442719650263298092e+01 3.297149826015915863e+01 1.462689574537406045e+01 1.575257711828573903e+01 1.688244400872213546e+01 3.683209432824410356e+01 2.466002400881099987e+01 4.460165850641882201e+01 5.657679831771583423e+01 6.231761623448156229e+01 6.893863026944005412e+01 7.716537087824842445e+01 8.709255984915965598e+01 8.088193296692466561e+01 7.150387477615745979e+01 5.169333072461184031e+01 5.442457247078984039e+01 6.842884563267345754e+01 8.827868296931326597e+01 9.004992583434416531e+01 9.829423069697789117e+01 1.082375870307635921e+02
9.001595176218035732e-02 1.039735608721345272e+01 2.504884759443907072e+01 4.497991828786085478e+01 5.137477394401719266e+01 4.749622269226797755e+01 3.303004227388358771e+01 3.529393548556663518e+01 4.890035262073511291e+01 4.466834965193834250e+01 2.460086268414699617e+01 3.797870413689378211e+01 4.621796000093623746e+01 4.057760985591895064e+01 2.020683332284854572e+01 4.057759677855337799e+01 4.279086087009444839e+01 2.615323676355341220e+01 3.570242851124982764e+01 3.683209292450786876e+01 1.849829798315756690e+01 3.844753649093262737e+01 4.844039016535246844e+01 6.246883585213953438e+01 6.329888535729750743e+01 7.149054178092677603e+01 7.777044085347357338e+01 6.952746698917125912e+01 6.678837550516050214e+01 5.290815647640476982e+01 4.526368535732219556e+01 6.490036009230890102e+01 8.247526026818157163e+01 7.943797718761518922e+01 7.019678781329452022e+01 8.011352826526710658e+01 9.416092308536711641e+01
5.674351268809080251e-02 1.419887913641916555e+01 3.419887913641986898e+01 4.791996443223569457e+01 5.010776042705922606e+01 5.839203167442710196e+01 5.363121671183958483e+01 5.583878998416520290e+01 6.416576584967674535e+01 5.289164797787907446e+01 4.466802377728523510e+01 3.227287291308864070e+01 5.219852063734497705e+01 4.792339628885281400e+01 2.758453408645576488e+01 4.792337103260046405e+01 5.432381501551048331e+01 4.608701271579423064e+01 4.420441774976225702e+01 2.426196387938652776e+01 3.844753649303056164e+01 2.025932706515587967e+01 3.437364450282268535e+01 4.936225983739874579e+01 4.359128371292293025e+01 6.329888535729750743e+01 6.953098112050288648e+01 4.965442668373810875e+01 5.538276179951478895e+01 3.978679363883978937e+01 5.869069830886478911e+01 6.504064406535182741e+01 7.056524025978012560e+01 5.959793427050342984e+01 7.943797718761518922e+01 9.191823081028417164e+01 1.001642223530209890e+02
9.518805923843161321e-02 2.009518805923807605e+01 2.892711630777873211e+01 2.791996443223640512e+01 3.010776042705994016e+01 4.717345194070698966e+01 5.545772318810086432e+01 6.700472857184547593e+01 7.872849933802849876e+01 5.894293331775995171e+01 4.491128813931804586e+01 3.985416657210545566e+01 5.969787489015256909e+01 5.618574982750922686e+01 3.951381546918740639e+01 5.618589788345973091e+01 5.635794830223942142e+01 3.644777732521230007e+01 3.042525416206486355e+01 4.420442468348547038e+01 4.844831785231933452e+01 3.437381973332811214e+01 2.204526657688588998e+01 2.958473072960730832e+01 4.811573953311543050e+01 6.263518019842977225e+01 6.072064155669181673e+01 5.248708477065097355e+01 3.554952667387962606e+01 3.832550660419607880e+01 4.151638922403831344e+01 4.476424483773048735e+01 5.064602540453577006e+01 7.056524025978013981e+01 7.663814978628600727e+01 7.206041079359455637e+01 8.795500557314380785e+01
9.062254805971975413e-02 4.454980352779549513e+00 8.927116307779089155e+00 1.377782880850570635e+01 2.010238412884235260e+01 2.717345194070770376e+01 3.872045732449981159e+01 5.872045732449910105e+01 6.633928751060552997e+01 7.291721788878172106e+01 6.473799143548255586e+01 5.390085644463326275e+01 5.606620747116295433e+01 6.771405396254056086e+01 5.942414781926056833e+01 6.629548530490544067e+01 4.642037894388193564e+01 5.635796504397040962e+01 3.708301285152866456e+01 5.699072459559742043e+01 6.252281597131054269e+01 5.023092247821321621e+01 4.199129405383565228e+01 2.386785241034768035e+01 3.653826545131597214e+01 5.343804943640151350e+01 5.012923490820645611e+01 3.255229849231334782e+01 5.248708477065097355e+01 6.291612185315349137e+01 6.228137562487214041e+01 6.504064406535182741e+01 4.967866518241611118e+01 5.316836684344762176e+01 5.681204903975801557e+01 6.062914309619604580e+01 6.810739281925589239e+01
3.063233560239582431e-02 2.003063233560203926e+01 2.892711630777873211e+01 3.377782880850499225e+01 4.010238412884164205e+01 4.717345194070698966e+01 5.545772318810086432e+01 6.048147878964382329e+01 4.634478406313808563e+01 6.048147878964382329e+01 7.203191332508447431e+01 7.369123159000676537e+01 7.583903208257916617e+01 8.395940161615253317e+01 7.885262474678528122e+01 5.899813083045018658e+01 6.629554023367022353e+01 5.117154765773177871e+01 5.117154765773177871e+01 6.521907846007506748e+01 6.209584994719219964e+01 4.872120009769352578e+01 2.878327979307425366e+01 4.381282342304817234e+01 2.584919900632608147e+01 4.579375901354125489e+01 3.018955732585676088e+01 5.012923490820645611e+01 3.655159589344395243e+01 5.065349145421313892e+01 7.057170053951604416e+01 7.784427084227350235e+01 6.380126321736225492e+01 6.463299427052568547e+01 7.663814978628600727e+01 7.206041079359455637e+01 6.839001341151394797e+01
5.666595628964066211e-02 1.419880852021242212e+01 3.420007467410469815e+01 4.162572011432104091e+01 4.393513496823950248e+01 4.632938445411259920e+01 4.870000317751726726e+01 4.277374408355864688e+01 3.220302373860413780e+01 4.374991230962360333e+01 6.374699526713211384e+01 7.249588311924362927e+01 7.100264638745271384e+01 7.928814270886842053e+01 8.708016929654655769e+01 7.303690475531698212e+01 7.103946048084134191e+01 7.103946048084132769e+01 7.103946048084517884e+01 6.796068379063807186e+01 5.386553597819248296e+01 3.394160878572261453e+01 4.872120009769352578e+01 5.367841987792877489e+01 3.968584351230509100e+01 2.786047495369206217e+01 4.780342368346222059e+01 5.821299572451709281e+01 3.946947208995134559e+01 5.935154735437991036e+01 7.185131578139565534e+01 8.331693004897952903e+01 8.364773530825480918e+01 8.447311412012605558e+01 9.271340174365556663e+01 8.609464759197376793e+01 7.983733311579688063e+01
2.110006612196471329e-02 2.002056872666096154e+01 2.521943915166044192e+01 2.162575418227311985e+01 2.393515540902316019e+01 2.630949327378350944e+01 2.875050773878738042e+01 2.277493764508340135e+01 4.277374408355864688e+01 6.048147878964343960e+01 6.663786851681767587e+01 5.249435229801397185e+01 5.100126968143189998e+01 6.514395121774374786e+01 8.514678772397404316e+01 9.289301482515266173e+01 9.089734676420084725e+01 8.308935781407819832e+01 7.377635005564661697e+01 5.391696041688958019e+01 3.983392875052418702e+01 4.546289684332020187e+01 6.209584994719219964e+01 6.625422149704102992e+01 5.063136145977291847e+01 3.074294798841359011e+01 5.068106780114595011e+01 6.750626951360578687e+01 5.937208410065206721e+01 4.378183390927093654e+01 5.527422342272710409e+01 7.511294079903296961e+01 9.056012694167215216e+01 9.824183516410052164e+01 1.027091231266186639e+02 1.059776043975376041e+02 9.971482430800089958e+01
9.367352646185668485e-02 2.009367352646150096e+01 5.219064567926078091e+00 7.483618636215279452e+00 9.793019712973801916e+00 1.216658302936152936e+01 1.460997191648761273e+01 3.461011346441136993e+01 4.155901857538723476e+01 4.540806982865734653e+01 4.940813407727426210e+01 3.835208577871325986e+01 5.835266504144038890e+01 6.765266235215193547e+01 7.593811929979672470e+01 8.593926200672206051e+01 8.632125902989881183e+01 6.647229362124012653e+01 5.501333384351602973e+01 4.688921173306999890e+01 5.133932103700514915e+01 6.534375449526125124e+01 7.357089017199226078e+01 6.729547501731080672e+01 5.365205358910162659e+01 3.372207504301580627e+01 4.783069714780002357e+01 6.770605125995443530e+01 7.186854300883231872e+01 6.365905198144587018e+01 4.848728103979105697e+01 6.252946386360905962e+01 7.841357722563996901e+01 7.841357722563998323e+01 8.287091183068237399e+01 1.027091231266186639e+02 1.088227511602035520e+02
3.648181865326004941e-02 2.056786907757685690e+00 7.402011746006150084e+00 1.294901370825839138e+01 2.979299860922876775e+01 3.216658098014361400e+01 3.461011346464245975e+01 1.860997191648768379e+01 2.155881103958567735e+01 2.540781283418349901e+01 2.940781283418963454e+01 3.495481479915589063e+01 4.098504176312604841e+01 4.765170952963163131e+01 5.765175869599719505e+01 7.765356600830656930e+01 9.455343631175124131e+01 8.308935781407819832e+01 6.675849258609621018e+01 5.441208794181471120e+01 7.120049525036239402e+01 7.942772786291898512e+01 7.328585688306577595e+01 5.906945387499099098e+01 3.916465422573612898e+01 5.365205358910162659e+01 4.156171578657973242e+01 5.306330612590433304e+01 7.291765044078670144e+01 7.654479540240618007e+01 6.252946386360905962e+01 5.362790312459645747e+01 5.859123034387729234e+01 6.667693357375938490e+01 8.069930060169050989e+01 1.005421009368104848e+02 1.004227926744146515e+02
