LEM/with_lateral_4open/elevation_000113.asc
nrows	100
cellsize	150.0
xllcorner	0
ncols	100
yllcorner	0
NODATA_value	-9999
[rows 34 to 50 of 100, columns 0 to 36 of 100]
2.064481644892168788e-02 2.002064481644856642e+01 2.723180041454541822e+01 3.343394165533415929e+01 4.684654659892300543e+01 5.201007174092518426e+01 4.352065393422012818e+01 5.167634986057068858e+01 5.682553953327587948e+01 4.855200084814458705e+01 3.331648989235124958e+01 3.092382385719562521e+01 4.226335999889955986e+01 6.226528951163005132e+01 8.191911794470199482e+01 7.038885129965549936e+01 5.429106072652129455e+01 3.432376796443577405e+01 4.843858791472660386e+01 6.842017996217687426e+01 8.147786789691639342e+01 7.810515128773150195e+01 5.983173209608825971e+01 7.810515128773150195e+01 8.583693536546537928e+01 6.589245335634223011e+01 8.505828931406895776e+01 9.323605449194302253e+01 1.070410159802271863e+02 1.077177427649351671e+02 1.113687550570680145e+02 1.031036120178086151e+02 1.113687550570680145e+02 1.034092947808835135e+02 8.345722176894280153e+01 7.458997786436754041e+01 6.761804256150105630e+01
2.905961989428186565e-02 1.417119543097436463e+01 3.417128835746107995e+01 4.469879482241255886e+01 3.642533781784175773e+01 4.069556887142508828e+01 2.288910995057092279e+01 3.710380153004911108e+01 4.537896945465463006e+01 2.878725893111090883e+01 2.351655451226030280e+01 4.322259642186141804e+01 5.898874446082014344e+01 7.069474160973310006e+01 6.831896082976349760e+01 5.987562264440638415e+01 5.164633074006648883e+01 3.167604395971764930e+01 4.165956174985107907e+01 5.318477696166493018e+01 7.317526964262694378e+01 6.984159124363530680e+01 4.961971281726624028e+01 6.984159124363530680e+01 7.878549612751335474e+01 5.878954328534198481e+01 6.512717251664672347e+01 7.925118637794710708e+01 8.788760854733385486e+01 9.196144921687874785e+01 9.655159729759752452e+01 8.309498318331138478e+01 1.013724671462406093e+02 1.116680990899182291e+02 1.000519423690148813e+02 8.012966683860010164e+01 8.020965575362166078e+01
3.542675937824442400e-02 1.853706896179602026e+01 3.253310455261352274e+01 2.561607858846706165e+01 1.580536357567688910e+01 2.514328758223093629e+01 1.311885658832883017e+01 3.243745424703648439e+01 3.186592446450288563e+01 1.740482641220858540e+01 3.714082196718707252e+01 5.148411598155615110e+01 6.520765939831653668e+01 7.096017305034241929e+01 5.986901832035702853e+01 3.985526838597303367e+01 4.569645643463166351e+01 2.915830085413960049e+01 4.068811828574249034e+01 6.066280703610617309e+01 7.475624957690354222e+01 6.310080359952242901e+01 4.257674869406073270e+01 6.112227623173320268e+01 6.556761125029625248e+01 5.235626037242504793e+01 7.246222063085554055e+01 8.183775787491242681e+01 6.769855759869741973e+01 7.195405915699183197e+01 7.654360576536923588e+01 7.308987401787518934e+01 9.309929760056007808e+01 1.049082043730468428e+02 1.083107233616525491e+02 9.420825718107370506e+01 8.845503485951047651e+01
3.411803931810562102e-02 2.003386297009332040e+01 2.190651569638846752e+01 3.244718560665572404e+00 4.194947236323518958e+00 5.150584199237967731e+00 6.109510794411372459e+00 2.601014528331901587e+01 1.207323760629181209e+01 3.186592446450206140e+01 4.537898144609097528e+01 5.933025318401090686e+01 4.522241847274314352e+01 5.106649071822562291e+01 6.310641192978194880e+01 4.569015464785462655e+01 2.573416213469556624e+01 4.570513894857126047e+01 5.741066507569756538e+01 6.894534556235160494e+01 6.040970199736866419e+01 4.605398172946246405e+01 3.621697699759916844e+01 4.049589119052706820e+01 4.519251950182556499e+01 6.556761125029625248e+01 7.628897512436034845e+01 6.799861590197606631e+01 5.355415790480497407e+01 5.781215437507993471e+01 6.239767307689437814e+01 6.906444121081305809e+01 7.662614205601224171e+01 8.818071348962233458e+01 1.081880799203952108e+02 1.141598464039811773e+02 9.993497890931222116e+01
3.327314952832965272e-02 9.688336889783060180e-01 1.905419500560001644e+00 1.689733619669013720e+01 2.381952247139311041e+01 2.514239920246178173e+01 2.250936821390407161e+01 7.483116252868902585e+00 8.481868192173243060e+00 2.847845282999005434e+01 3.824164421175080975e+01 4.038507420097448630e+01 3.107180873974897040e+01 5.107568033336805513e+01 5.493654418444673126e+01 3.497256456791405554e+01 2.344681225361910748e+01 4.341431890438789054e+01 5.668592418305907898e+01 5.602997808526889401e+01 4.764529743696219555e+01 3.167826771516093487e+01 5.203517172720172823e+01 6.112227623173320268e+01 6.556761124983937350e+01 7.232977084539058410e+01 6.404640059604557223e+01 4.802021909692862067e+01 5.355415790141693577e+01 5.932090385753905792e+01 7.931942248549515284e+01 8.907349560545321765e+01 9.663682152581299079e+01 1.049082043730468428e+02 1.164484660180211648e+02 1.145828770425476648e+02 1.122025744157331104e+02
6.779948344387334846e-02 2.006779948344337328e+01 2.190651957678972295e+01 1.328548119962288077e+01 3.203763658626755273e+01 3.359038229255362040e+01 1.364981265832805057e+01 2.747735451757711900e+01 2.847845282900264507e+01 9.958290012319022111e+00 2.995460132690088528e+01 2.038256511056915699e+01 4.038507363388592353e+01 4.929723127494084167e+01 4.641891639855539609e+01 3.808224870707401521e+01 2.123146145006098706e+01 4.105071252924820158e+01 3.670810971736658956e+01 4.408468771571458689e+01 2.789523292284087574e+01 4.764530216044241939e+01 5.203517172724193784e+01 7.235019799483224290e+01 6.855307725968765453e+01 6.027161594424241997e+01 4.407326102060889639e+01 6.404646139583269360e+01 5.743226625817455755e+01 7.743223543138482512e+01 6.826377126583004440e+01 7.826697612574091067e+01 8.982016969069404411e+01 1.097872426225368372e+02 1.087590112485151934e+02 9.469867130160761803e+01 1.087590112485073917e+02
9.516927588586144779e-03 1.155490888385582693e+01 3.135103671536375103e+01 2.696796317971818979e+01 3.254781996624446094e+01 3.816619066248372860e+01 1.822729784773172668e+01 3.816631301480587268e+01 3.824153759585492196e+01 2.995458460668042378e+01 1.144485196090331236e+01 3.144065827039277394e+01 3.405634114662249345e+01 2.929857607215995685e+01 3.634605660066384303e+01 1.811573067264553316e+01 1.959954536905978983e+01 2.109037040403770291e+01 2.259273152263174467e+01 2.411631279301748521e+01 2.593570247363921411e+01 4.590795663438866825e+01 5.679411889974233674e+01 6.510147774162383882e+01 5.682198057622670007e+01 4.030657839246133278e+01 6.027161594424241997e+01 7.233001682888385631e+01 6.498722354238341836e+01 8.499702026538240318e+01 8.826311190807467710e+01 8.241076986150743267e+01 1.023883758642509605e+02 1.179811955844949409e+02 9.985071903042211261e+01 8.058851777723042176e+01 9.314892821154805347e+01
1.945935296826603253e-02 2.001945935296791035e+01 3.969845103636156836e+01 4.674193642949290961e+01 5.181939263973023913e+01 4.315331264792491339e+01 2.320409527817422912e+01 4.315372208889752415e+01 5.142769415347764550e+01 3.143847526076329757e+01 3.143471160142653531e+01 1.296312908165467093e+01 1.406062270170499851e+01 1.516465178104086853e+01 1.638346484763809485e+01 3.631967873637554334e+01 3.955809005306635129e+01 4.105276975603728573e+01 3.670803666552767197e+01 3.823493123181416564e+01 4.590795663438868957e+01 2.854583783561842836e+01 4.851948025587670799e+01 5.349465469034101517e+01 3.685911555374065784e+01 5.682198057622670007e+01 5.096853566499606103e+01 7.095463586525946198e+01 8.499702026538240318e+01 7.913374788584168584e+01 9.915221196395712866e+01 1.023842858180120459e+02 1.105878290309878622e+02 1.055809634856412487e+02 9.160781865133728274e+01 7.163840865941722313e+01 7.318562133684086746e+01
5.600688922766024203e-02 2.005600688922730512e+01 3.307337807250056727e+01 4.135778462593998483e+01 5.135783451130675559e+01 4.869516240076713132e+01 2.871516368315982959e+01 4.869518736283315263e+01 5.236385826452843162e+01 3.234699278608444217e+01 2.080029719271975708e+01 3.295906898312394162e+01 3.001305912489083738e+01 3.130054680668097689e+01 1.896730584036397715e+01 3.183074715277599154e+01 4.502508809805387102e+01 5.565858752570185430e+01 5.668003682967746215e+01 5.820724915792207810e+01 5.672257379915914299e+01 4.840953389773415694e+01 3.121784025101269577e+01 3.352799933450237546e+01 5.349465469034102227e+01 6.510147774197149317e+01 7.095463586525946198e+01 6.509662041058805926e+01 8.509713622451857873e+01 9.915221196395712866e+01 1.074510144908843046e+02 1.013235351496629306e+02 1.055809634856412487e+02 8.589717335572613877e+01 8.950921614486661326e+01 8.162311365537722452e+01 6.162476707288993083e+01
8.215197286175310309e-02 6.406707293198539155e+00 1.307337395986526474e+01 2.307337395991309492e+01 4.307339156138835534e+01 5.502742467978324470e+01 3.500313207350740896e+01 5.502742467978324470e+01 6.066853689694205087e+01 4.747763113713335770e+01 2.746296164825550790e+01 4.747773201873651061e+01 5.197213578765661168e+01 3.512100989048673227e+01 4.002411906431692756e+01 2.297008722842355866e+01 2.895333842391874413e+01 3.556024584491715501e+01 4.975745710792229204e+01 6.990517661363762159e+01 5.916320297040375920e+01 3.934694737596051795e+01 5.118898263553157335e+01 3.693367983306860225e+01 5.631504537606087268e+01 7.119878957010601539e+01 8.034874731243938584e+01 8.509713622451857873e+01 9.337915608539026380e+01 9.273718728664152877e+01 9.544776231215450935e+01 8.142288129566067312e+01 9.548106845865700620e+01 8.879359110000521582e+01 6.969335972508584121e+01 7.627758950688654238e+01 5.627391884177902881e+01
2.613274238814250472e-02 2.002613274238778729e+01 3.307337807250056727e+01 4.135778462593998483e+01 5.135816263788337466e+01 6.333115121378421719e+01 4.915216185486241329e+01 4.915216185486240619e+01 6.921156387421355305e+01 5.577229107753712611e+01 3.747022949204379927e+01 5.577229107753712611e+01 6.360296975520211760e+01 5.523964490034577324e+01 4.617041945206351983e+01 2.619674154299566027e+01 4.617041945206351983e+01 5.565858752570185430e+01 4.975745710792229204e+01 6.990517661363762159e+01 6.528384898142844861e+01 4.559912668973961303e+01 6.450142883015446671e+01 5.631504538333879850e+01 4.291908217917196566e+01 5.141404939389752826e+01 6.589608300797561924e+01 8.645762300203823258e+01 8.688629996282497814e+01 7.280095920662451192e+01 7.571199688969215913e+01 6.727118166540537914e+01 8.724407787801403913e+01 8.064729574746553453e+01 6.075077919437798357e+01 7.069925056629450921e+01 5.179986604802937933e+01
7.532853315450405152e-02 1.421746415688557974e+01 3.421746415688628673e+01 4.523484547351727514e+01 5.351911672097946848e+01 6.253440994067390335e+01 6.921156387421356726e+01 6.921156387421355305e+01 7.751014057270590740e+01 6.578202093649105109e+01 5.748524432502073722e+01 6.578202093649105109e+01 7.572131280311198509e+01 5.543381107171938993e+01 4.100783152520647690e+01 2.952313210030524360e+01 4.365504809699297795e+01 6.400832117045361258e+01 6.990517661363762159e+01 7.820600635886553675e+01 7.225587721293884158e+01 5.253600344843937364e+01 7.225587721293884158e+01 6.863278450979051115e+01 4.824932276047191948e+01 6.863278450979051115e+01 8.034874853309710829e+01 9.015918599954632384e+01 7.020762211487925697e+01 5.850876354826718995e+01 5.552168417744098150e+01 7.381651312752298111e+01 8.205474913972689421e+01 8.426110495111274190e+01 6.439013650062061345e+01 5.074479831428629950e+01 4.743371399662581922e+01
6.101047412966256744e-02 2.006101047412930782e+01 2.890491385496211407e+01 2.523484547351656815e+01 3.425013869321099946e+01 4.764576182541346583e+01 5.593003307287566628e+01 6.747703845666958955e+01 7.061919555499301282e+01 6.976254788966576825e+01 6.976254788966576825e+01 7.805102118047022941e+01 7.572132489952034007e+01 5.543381108658242340e+01 4.100783152522807740e+01 4.961638376086798985e+01 3.554903564640130043e+01 5.589541174334442530e+01 7.125989437889032274e+01 8.032224857016261410e+01 8.050859814057447750e+01 6.387017461846816957e+01 8.050859814057447750e+01 7.647298850637511691e+01 5.572976653346752585e+01 6.863278450979051115e+01 8.914962413995081647e+01 9.839288559475973273e+01 8.688629996282497814e+01 6.857445438412349858e+01 4.796029579890026184e+01 5.344000065475832173e+01 7.038223406657208159e+01 6.990631731082854117e+01 6.163708165248015547e+01 4.441920131954384487e+01 6.430382593170982375e+01
6.842009524227352091e-02 4.432777899962140111e+00 8.904913854961757025e+00 1.425013869321029070e+01 2.057469401354716254e+01 2.764576182541276239e+01 3.919276720920568380e+01 5.919276720920638724e+01 5.061812954229298356e+01 4.976156850207512861e+01 4.976156850207512861e+01 6.976254788966576825e+01 8.293476019793470755e+01 6.973277251667703069e+01 5.543381108673763435e+01 6.427413801648836511e+01 5.589541174292714487e+01 4.245688266055940829e+01 5.166456883881173212e+01 6.348996630151879828e+01 8.364828350679471214e+01 8.371095998556864970e+01 9.198741240210974013e+01 8.487402277747349899e+01 6.778841096911102682e+01 8.487402277747349899e+01 8.459864914143206249e+01 9.284178193822431524e+01 8.859749006550514139e+01 6.857445438412349858e+01 6.205534650771815564e+01 4.116867851278010448e+01 5.719727286308796010e+01 5.900147210356220029e+01 4.165155067286046631e+01 6.163708165262130478e+01 7.269126026083979752e+01
1.934550753332892059e-02 2.001934550753297515e+01 2.890491385496211407e+01 3.425013869321099236e+01 4.057469401354786953e+01 4.764576182541346583e+01 5.593003307287365544e+01 5.321485854475812260e+01 3.647596920793402830e+01 3.561941324260854458e+01 5.464325775241690053e+01 5.464325775241690053e+01 6.803919533640626582e+01 7.632696810384116759e+01 7.572132521596751076e+01 7.724315798896165575e+01 5.697467571534991748e+01 5.697467571535000985e+01 5.697467571534993880e+01 7.724315799048706310e+01 9.193480557883040660e+01 9.382679560440006128e+01 1.020395718794817839e+02 9.666135131389785329e+01 8.833634516122774016e+01 8.131634248423864619e+01 6.461033621461768917e+01 8.131634248423864619e+01 8.332518115627158295e+01 7.182766648031973489e+01 5.795793760367456571e+01 3.778807915004995976e+01 3.732971291617050724e+01 3.907340991712545986e+01 5.900147210356220029e+01 5.164734522237136360e+01 6.597876139239446047e+01
4.364784840791047227e-02 1.159065323220032617e+01 2.573278885593102672e+01 4.573278885593031617e+01 4.357510420082288505e+01 4.607523281608619214e+01 4.805058427479993099e+01 3.976509156682229218e+01 2.492896343673614723e+01 2.964300864464654595e+01 3.464300864464805585e+01 4.096756396516541798e+01 4.803863178451609883e+01 5.958564373412536952e+01 7.958696157732427423e+01 8.554511260775512937e+01 7.724315798906377495e+01 7.724315799382137016e+01 7.724315799048706310e+01 8.554511334147272805e+01 9.061253943469753835e+01 7.404917310867141111e+01 8.754934260832783366e+01 9.575754573751299858e+01 8.424065336519024072e+01 7.305839129248927577e+01 5.308490987523075688e+01 7.305839129248927577e+01 7.511724784815987732e+01 5.516192821968460436e+01 4.367283270167644105e+01 3.488290589583544232e+01 5.469176910345663600e+01 5.900147153191671379e+01 5.533338085308584908e+01 7.168888139120181791e+01 6.583453286499133128e+01
5.219006137575642884e-02 2.005219006137540205e+01 2.466810985934572997e+01 2.702513251056133470e+01 2.357498559893971901e+01 2.607498652937978889e+01 3.491435337550237250e+01 1.976498564179283335e+01 3.976509156682229218e+01 4.964319547547470535e+01 4.878515568901822519e+01 6.096792827885917632e+01 6.803919533640626582e+01 7.632696810384116759e+01 8.787677344249928524e+01 9.220369300156093573e+01 8.397145587965736979e+01 8.655272099711338285e+01 9.478749250707721785e+01 9.334897811755074315e+01 7.355621170244783968e+01 6.261457723535335873e+01 6.776006710117981413e+01 8.754934260832854420e+01 7.598778550030230861e+01 5.604207741882493110e+01 4.609169135623465507e+01 6.599669921546566798e+01 7.184469272954181918e+01 6.354641361973874325e+01 5.308832911990951686e+01 3.334384740150215976e+01 4.211410204120519296e+01 6.202541481254596079e+01 7.532260711686640775e+01 8.357951677372393817e+01 8.582252900203798163e+01
