LEM/with_lateral_4open/elevation_000364.asc
nrows	100
cellsize	150.0
xllcorner	0
ncols	100
yllcorner	0
NODATA_value	-9999
[rows 0 to 16 of 100, columns 0 to 36 of 100]
8.271705653423140625e-02 2.127631151761726416e-02 9.425194436011796739e-02 4.939197167322698090e-02 3.975871534419905817e-02 6.171646774684565184e-02 1.696294146011132625e-02 1.936121709489252440e-02 4.216450047424835645e-02 2.297044857093000214e-02 6.704298068806634203e-02 4.162315340452049650e-02 3.835349583220235004e-02 2.777463300387698203e-02 2.207885817162396139e-02 7.161913568127860341e-02 9.025521335945362045e-02 3.502399586135773735e-02 8.040414306008919487e-02 3.131346976591601466e-02 7.604099264847130613e-02 2.387740603804927586e-02 5.687112022313325910e-02 4.074439634684711570e-02 8.709178300582484655e-02 7.612946965408906586e-02 1.077918208624280109e-02 9.929772718869623455e-03 4.600412614040166881e-02 2.152795518990661267e-02 2.378824418737431057e-02 9.511189423522797837e-02 9.406546861214974686e-02 1.749038473908382007e-03 2.223905489293687143e-03 6.269637160239108220e-02 9.476101746191394060e-02
7.813061968023242432e-02 2.002127631151726206e+01 2.009425194435976181e+01 8.214357780950559018e+00 2.003975871534384368e+01 1.420385209147792160e+01 2.001696294145975585e+01 3.941683919858581575e+00 2.004216450047389131e+01 2.002297044857057529e+01 7.626332440872578111e+00 2.004162315340416356e+01 1.418048911956327807e+01 2.002777463300352068e+01 2.178734322240396537e+00 2.007161913568092260e+01 2.009025521335909659e+01 1.417715961959243387e+01 2.008040414305973442e+01 3.745220233306961077e+00 2.007604099264811737e+01 1.416601302976912535e+01 2.005687112022277674e+01 5.385969234595357591e+00 1.008709178300573761e+01 2.007612946965373268e+01 1.749697728569466193e+01 1.448612934220284032e+01 2.004600412614004767e+01 1.157451972037542687e+00 2.002378824418702052e+01 1.423724751796630272e+01 2.009406546861179521e+01 1.154875442226632387e+01 2.000222390548893969e+01 2.979996201560288327e+00 2.009476101746155763e+01
2.526786264046545702e-02 2.002526786264010994e+01 3.649862902841346113e+01 1.976136316474327970e+01 3.649862902841145029e+01 3.420385209147862327e+01 2.794168391987923172e+01 7.941683919858598451e+00 2.794168391987923172e+01 3.591060363430371183e+01 1.762633244087239959e+01 3.591060363430371183e+01 3.418048911956397973e+01 2.434803970723333677e+01 4.348038900426967501e+00 1.589504428547924952e+01 3.589504619142297770e+01 3.417715961959314086e+01 2.752486496339960453e+01 7.524864963399249262e+00 2.752486496339960453e+01 3.416601302976982879e+01 3.093297119684805452e+01 1.093297119684769747e+01 2.422922740673643816e+01 3.837136303046663244e+01 3.942957545124315288e+01 2.819521137432663238e+01 2.767517700730704355e+00 8.828452325019780389e+00 2.363697544157069075e+01 3.423724751796700616e+01 3.983302566408728751e+01 3.154875442226596860e+01 3.005106406433062816e+01 1.005106401342582600e+01 7.568310878971542977e+00
4.163169627051844027e-03 1.414629879335812745e+01 3.414629879335883089e+01 3.976136316474398313e+01 4.804563441220618358e+01 4.208381954577128425e+01 2.208381954358979726e+01 1.948868930365090790e+01 1.524465135326087584e+01 3.524465135403563920e+01 3.176846806460309836e+01 4.591060347232105698e+01 4.072601997998646084e+01 2.072624169559695773e+01 6.584106877926766188e+00 2.658410834543697376e+01 4.417933145750590995e+01 4.752483857871534667e+01 2.752486319259271497e+01 1.568983077267643900e+01 1.438480836909954341e+01 3.438481789307093095e+01 3.696319808840377874e+01 1.696319808840307530e+01 3.696319808840236476e+01 5.251349865419733476e+01 5.293301249670133757e+01 2.963131385396452799e+01 2.310755655953105858e+01 4.370416932497735552e+00 2.365583520562920938e+01 3.706749092930870404e+01 4.843791139213325181e+01 4.270017479254176607e+01 2.270017465413263125e+01 3.005106406433062816e+01 1.090164421230490532e+01
5.883922493566802470e-02 2.005883922493531202e+01 3.585612077922910146e+01 4.480039268806451958e+01 5.634739806931852968e+01 5.036809157247370905e+01 4.208381954528663016e+01 3.363082492738124074e+01 2.079165331551326545e+01 4.079165331546207085e+01 5.176846806344543950e+01 5.057968512803318362e+01 3.057968939146112675e+01 1.643755367681794155e+01 8.878264216632404171e+00 2.302039989755411042e+01 4.302040661716345937e+01 4.983194480115565028e+01 2.983196636907440080e+01 3.568982442812114186e+01 1.954878616404267433e+01 3.954878331034102956e+01 4.403426590026938214e+01 2.403426590026867515e+01 4.403426590026938214e+01 5.767687132263808536e+01 3.783416404977243275e+01 3.464290613437214716e+01 2.477154278780354346e+01 5.488137049350879870e+00 9.593749665008395766e+00 2.058618309890038489e+01 4.017163508931626126e+01 5.098444458161459636e+01 3.684231028022851007e+01 3.433161626218609541e+01 1.433161591515511191e+01
1.256007409845548775e-02 7.571849534282966587e+00 1.651612144428196771e+01 2.806312682807427805e+01 4.806312682807220682e+01 5.967723633096522207e+01 6.191509259278050337e+01 4.682188020665633843e+01 2.682188020706864506e+01 4.682188020711657828e+01 6.212668966227212053e+01 4.212669517947815478e+01 3.057968939930913166e+01 3.134009691551336374e+01 1.134009403621907985e+01 2.548222998881006518e+01 4.548231655519494865e+01 5.811561151705083716e+01 4.983194480138318028e+01 4.509578417735413325e+01 2.509578812629486677e+01 4.509578417735413325e+01 5.231853714773157549e+01 3.558127128406160011e+01 5.231853714773157549e+01 4.568323047127877601e+01 3.556608822607526577e+01 1.802981449688258309e+01 7.068509555442950010e+00 2.477154278538687748e+01 2.886396911040387536e+01 1.673043540278473529e+01 3.044170416616348618e+01 5.022675087464100585e+01 5.684231074471261991e+01 3.792372245868762093e+01 1.792372195569067372e+01
9.594114293757748102e-02 6.762607809604214815e+00 1.383367562146962726e+01 2.139296508165404020e+01 3.139296508165386257e+01 5.139296508165456601e+01 6.096401583096353249e+01 4.096401583080009345e+01 3.836888559086156647e+01 5.510615146986400248e+01 7.041065600730328811e+01 5.812870405056568046e+01 4.658168450477727873e+01 3.388010127128492144e+01 1.388009657622291115e+01 2.802223185723097032e+01 4.802205784946468015e+01 6.078268467223686145e+01 5.774482927946780109e+01 3.774489874464057237e+01 3.509578812632138778e+01 5.337991154052554066e+01 6.386554253152450400e+01 5.558127128406230355e+01 4.736171338283349996e+01 2.862745726785472300e+01 2.024792891379250648e+01 8.613227897248451725e+00 2.641549172247696120e+01 3.467002335908495070e+01 4.277694783081051355e+01 2.315593488068460459e+01 3.623661018098395203e+01 5.609647710053430814e+01 5.792372905282678630e+01 3.792372245868762093e+01 2.608868776496807840e+01
7.711341127313005306e-02 1.162411879506554513e+01 3.162411879506518986e+01 4.139296508165474364e+01 4.967723633031149433e+01 5.967723633096522207e+01 6.924828710892876416e+01 6.096401583096353249e+01 5.836888559097493356e+01 6.665315686423545571e+01 6.150542158184899222e+01 4.984437656969532782e+01 2.984436301579811968e+01 1.829735761921685011e+01 3.388010127128492144e+01 2.095116438808922510e+01 3.249816981303658281e+01 5.249820569891964794e+01 6.602770395696418859e+01 5.188703295575430730e+01 4.923792383991622756e+01 6.338014079196526751e+01 6.453955943173593823e+01 5.821068326567085904e+01 4.218744391087394519e+01 2.980516309770679229e+01 1.016296739886665179e+01 2.809195442516530505e+01 2.809195442578029045e+01 4.803305321466674371e+01 5.106305950356837542e+01 3.693919556309126051e+01 3.693919556309126051e+01 5.687052853088769666e+01 6.023082627789590759e+01 4.023082339405502950e+01 4.608868861498151404e+01
2.297228869525369793e-03 2.000229722886917116e+01 3.990839004252644173e+01 4.342896777393558949e+01 4.524681037840344544e+01 4.620386969665555910e+01 5.453429095008496574e+01 6.484573064041657631e+01 7.313255771315611753e+01 6.736320512649824366e+01 4.736315383721778005e+01 3.322101726108099484e+01 2.322101725839024766e+01 3.829736364519471437e+01 3.829736364519471437e+01 4.095118027143123385e+01 2.947919304273601782e+01 4.362133070224987108e+01 6.362148185430095992e+01 7.188680060979625353e+01 6.923793794862811524e+01 6.453955943173593823e+01 4.454268656514402380e+01 3.821335243934480985e+01 3.390587956844278494e+01 1.402687527588301997e+01 2.980164939724632589e+01 1.193163373151907969e+01 3.173385786943982012e+01 3.643619122087372375e+01 5.643303699386374461e+01 5.687052853088769666e+01 5.687052853088769666e+01 6.518692344404603034e+01 6.851516146075735492e+01 6.023082627789590759e+01 5.542354769607995024e+01
9.647730019007895452e-02 2.009647730018972211e+01 2.583987551583490472e+01 2.306582789167807945e+01 2.609592222442883269e+01 2.621021093194081431e+01 4.624989703836728694e+01 4.481491660554704026e+01 6.157192914100555470e+01 7.313255771315611753e+01 5.854769063778563520e+01 3.854766740542454073e+01 2.700066198848258736e+01 4.700067184078312721e+01 5.829741458591301750e+01 5.776388473514277422e+01 4.362133070224987108e+01 4.212830448503479630e+01 6.212852708762272158e+01 7.919794888761683183e+01 6.505832858835306354e+01 5.506020116384711827e+01 4.677742836707820828e+01 2.821452377177240933e+01 1.824041592278563328e+01 3.390587911249628661e+01 3.324509881303662695e+01 1.335126586120636638e+01 1.648212957590121519e+01 3.643619122087371665e+01 4.971810190744550795e+01 6.232402435668488039e+01 7.060722432821208372e+01 7.198851462629542652e+01 8.027190946287834095e+01 6.611400035696982513e+01 4.611399477368230748e+01
3.582433992925927735e-02 2.922575685877382146e+00 5.839875515835260877e+00 8.854988961612871634e+00 1.205755203922489294e+01 3.206600495365324832e+01 4.326801951492215892e+01 3.325510426454697921e+01 4.481491660554704026e+01 6.484573064041657631e+01 6.683210647221004308e+01 5.332523171756498925e+01 3.332521730882046285e+01 3.484530739408462097e+01 4.898744388082394607e+01 6.898749628047802673e+01 6.362148185430095992e+01 5.627046031091688860e+01 7.041348300336989041e+01 6.607820608377296878e+01 5.091870828904390578e+01 3.677935378450400350e+01 2.677730595675106073e+01 2.306581990900084378e+01 3.821335243934442616e+01 4.649626322858962624e+01 3.477133971642810195e+01 1.481820941076241382e+01 3.477133971817062275e+01 2.143998948734827792e+01 4.143492513204887473e+01 4.232875589969918906e+01 5.784904125323063795e+01 5.199227961729391012e+01 7.198851462629542652e+01 7.439841749514266667e+01 5.766100016228701719e+01
1.813270376062421294e-02 2.001813270376026921e+01 2.583987551583490472e+01 2.299712458534407489e+01 3.206600495365324832e+01 1.722153460393763780e+01 2.325186978414973282e+01 4.326801951492215892e+01 5.731896006660001319e+01 6.560810698623456005e+01 7.561998916345676491e+01 6.039630740978643075e+01 4.039628512077400302e+01 5.484532360459629530e+01 4.427339781981232392e+01 5.582040371175430948e+01 7.582047502434799924e+01 7.627115134923329265e+01 7.193557598258404084e+01 5.194123822790483302e+01 3.780334172510244883e+01 3.295173262683893256e+01 4.677742836707820828e+01 3.461160045185646084e+01 5.134649563050114551e+01 5.045499069962333749e+01 3.045548486746551120e+01 1.632836114392117466e+01 3.631320380453755803e+01 4.143492513204886052e+01 2.678020345961496318e+01 3.078164938014789342e+01 3.785406818613460445e+01 5.199227961729391723e+01 7.198851462678966584e+01 8.594552738141034354e+01 7.766101336110274644e+01
2.372884694381488524e-02 1.416586447067489019e+01 3.416586447349484956e+01 4.299712458534477832e+01 4.552501657509502309e+01 3.723285628740912045e+01 2.429286030879691438e+01 3.061840937664234730e+01 3.728831015923829284e+01 4.730211004363848559e+01 6.733581008956144842e+01 6.868072696985252890e+01 5.039628516064558283e+01 6.868072696985252890e+01 5.582040371175430948e+01 6.427342846821036915e+01 8.410502253294708908e+01 7.750655481648665557e+01 5.750879333754719624e+01 4.596604587049135660e+01 5.779800199955986528e+01 4.709198823748995721e+01 6.123125169451454042e+01 5.460901092819486990e+01 6.289188188379866773e+01 5.202009715996572226e+01 3.201719722915181165e+01 1.787568020337656449e+01 3.787487884823470807e+01 5.506305924759321613e+01 4.678013046044988243e+01 5.077975073052537169e+01 3.894769483631117168e+01 5.308583010483699383e+01 7.308230437611673835e+01 8.791335063944755746e+01 7.597962806021284621e+01
8.175220331382776484e-02 2.008175220213813716e+01 2.966276826807617439e+01 3.501143704933739542e+01 4.332767050700787337e+01 5.260125114674129776e+01 4.431003715873155357e+01 4.063513438822915447e+01 5.731896006660001319e+01 6.560810698623456005e+01 7.561998916345676491e+01 7.868082025316844863e+01 7.039632965892729999e+01 7.868082025316844863e+01 7.582047502434799924e+01 8.410502253294708908e+01 9.255829903682294457e+01 8.578920258819152878e+01 7.303075617751773052e+01 5.303405614781286914e+01 7.303075617751773052e+01 6.708767127307778821e+01 7.200371960637281177e+01 6.372118427149484177e+01 6.372118427144616959e+01 5.359214154774751648e+01 3.359876042003379126e+01 1.945192529306428497e+01 3.945637364352328547e+01 5.101560099019260264e+01 6.546775223353087370e+01 6.722576307916436633e+01 5.894266181913772584e+01 4.963506208066281289e+01 5.963181160359731336e+01 7.962993155129819911e+01 6.761201326799405820e+01
9.124702163186203252e-02 4.805292229663424841e+00 9.656004735058917987e+00 1.500122971938686867e+01 3.501143704933739542e+01 5.201922195776776192e+01 6.035896547888655306e+01 6.066147934180773404e+01 6.894837277529096298e+01 7.756215739150290744e+01 7.790214085778031006e+01 7.204289867436912687e+01 7.378931272558054388e+01 7.378931272558054388e+01 8.207437672927878225e+01 7.957846576461996335e+01 8.786617400190421279e+01 8.936029131398846914e+01 6.936077690338723301e+01 7.303075617751773052e+01 8.131390709440421460e+01 7.787244052132552952e+01 6.372118427149641917e+01 4.372703774529366427e+01 4.372703774529366427e+01 4.715799523211909161e+01 4.166555561001786145e+01 2.166008956955998954e+01 2.274027469956491032e+01 4.274102894206207282e+01 4.580482780548907584e+01 6.049310049936088518e+01 6.994946526098520678e+01 6.963087157744773492e+01 7.791431662212670517e+01 8.791335063944755746e+01 7.597962806021284621e+01
2.239863785106879432e-02 1.993867552430895529e+01 2.957321265202662985e+01 3.500511599069205460e+01 2.442942611766362404e+01 3.198906940270473243e+01 4.614035466171917221e+01 6.621206308974116439e+01 7.170270561838236745e+01 5.755970051516019481e+01 5.789976410242889671e+01 5.204149530185394212e+01 5.378759248643479651e+01 5.378759248643479651e+01 7.378931272558054388e+01 5.957397028640236414e+01 7.631593020159530738e+01 9.046235994696802152e+01 8.936029131398846914e+01 8.883834422234340877e+01 8.055591718028968273e+01 6.958989509987708288e+01 4.959541178670884420e+01 4.958318767878000699e+01 2.958455988637732403e+01 2.715651754709245935e+01 2.484475595749261245e+01 4.166561250389788995e+01 4.274102894205423553e+01 2.612380719502458248e+01 3.403228836876040475e+01 4.320282667278079458e+01 5.620906863628601968e+01 7.548539493590696736e+01 8.638751763792200222e+01 7.506819615241116139e+01 6.699002408325098656e+01
1.766589122093755945e-02 8.961925534235765767e+00 1.896163239314762095e+01 3.309641718446857794e+01 4.444853590388773767e+01 5.201922195776776192e+01 6.035896547888655306e+01 6.362259655459565266e+01 5.536020179360506432e+01 4.342027966535210481e+01 4.927757515387976639e+01 3.790385761037341439e+01 3.964932655381029747e+01 5.307434801338162345e+01 5.733770605322730063e+01 4.802753815060358988e+01 6.216950045622261456e+01 7.956443321770932187e+01 8.956744674779145043e+01 8.055591718028968273e+01 6.055785249929392222e+01 6.641515003375042170e+01 5.326446783725875633e+01 3.326999869317613445e+01 4.958318767878000699e+01 3.610515658022345775e+01 3.899173678252416408e+01 5.313095378139333036e+01 4.889652096239029078e+01 2.890550194637326342e+01 3.487257875552491271e+01 4.132188032494871521e+01 5.496656955264413114e+01 7.502551170012891646e+01 7.836774299701933444e+01 5.866095576413521684e+01 4.712926286582833768e+01
