LEM/with_lateral_4open/elevation_000182.asc
nrows	100
cellsize	150.0
xllcorner	0
ncols	100
yllcorner	0
NODATA_value	-9999
[rows 68 to 84 of 100, columns 37 to 73 of 100]
6.079177608469670702e+01 7.264004539503085311e+01 7.045181040462313149e+01 8.462411117359752666e+01 7.255264921470762829e+01 5.255973069909498463e+01 4.741716461200538646e+01 6.214525134910398663e+01 4.585454303969803647e+01 6.582064580411449128e+01 7.816235387386612388e+01 8.817014119083181356e+01 9.510518961839706265e+01 7.496791164820126596e+01 7.496791142585983891e+01 6.931317750058248350e+01 8.945409210637943431e+01 9.119681796648285399e+01 1.108662885856008131e+02 1.069595467686440173e+02 8.761791367080962800e+01 7.787179561001320849e+01 7.317304969499011236e+01 9.201689488040496201e+01 9.377994167183500451e+01 8.537116384652487966e+01 8.316733382625079685e+01 8.908150700919169651e+01 8.114414867126203035e+01 7.302642615449684627e+01 6.510230652157979137e+01 5.313926938737905203e+01 3.273889259662194462e+01 5.313948741798055408e+01 5.075823222604533669e+01 3.828644938477988546e+01 5.276497125075184158e+01
6.156812524082106108e+01 5.262644794121070646e+01 5.630229590312577415e+01 7.461086470507056845e+01 8.084914790821017050e+01 7.255265892077810008e+01 6.214525142743116959e+01 4.218419278766933189e+01 5.918626105412533889e+01 4.988519734286945351e+01 5.986384408483512942e+01 7.987052278915791703e+01 9.630232447807709661e+01 8.086597597314550967e+01 6.094386633622473681e+01 8.086597597311518371e+01 7.491627149033868704e+01 8.486125427029220702e+01 1.046286423175707654e+02 1.008651762569398755e+02 1.053203157880515732e+02 9.173367163222351905e+01 8.457638627318712565e+01 1.007317077522854163e+02 1.081395387774347228e+02 9.673213797005151093e+01 8.791705703862697874e+01 7.973402007480211751e+01 7.277556937918710389e+01 6.651633049958169863e+01 5.688534899890268548e+01 3.654012493803528372e+01 3.738937369210167105e+01 5.772516786899851127e+01 6.688479864628533278e+01 5.864798225073314342e+01 4.845693823407302148e+01
8.071435886367859780e+01 6.631119018224778472e+01 4.630324668254054643e+01 6.096384222564887523e+01 6.925517620566888866e+01 8.080055404083118731e+01 6.470130079358898456e+01 5.641021661382309560e+01 3.920512871702906921e+01 5.918636689854047717e+01 7.816235387386612388e+01 8.817014119083181356e+01 8.799195670289785198e+01 6.793359576255588195e+01 5.661685813586361604e+01 7.492838537920215458e+01 6.499551433846197313e+01 8.486125427029220702e+01 8.817647833411113822e+01 8.080258326794995583e+01 9.499048018031722052e+01 1.109569234445790187e+02 1.039290815836083084e+02 1.118772308989884152e+02 9.992270665360719306e+01 8.019722750793280852e+01 6.885640446803132875e+01 6.005254938132432585e+01 5.298212096985475483e+01 4.651615533090093635e+01 4.051425779640455005e+01 5.688535042382160611e+01 5.187499062844177189e+01 4.475412548754555786e+01 5.646509812228466529e+01 7.406182341246010026e+01 5.747380380197573402e+01
8.702658876150655942e+01 7.461086470507056845e+01 6.096384222564887523e+01 4.096002339127970515e+01 5.250481323165461589e+01 7.251689307195039191e+01 5.640979880109082956e+01 3.640576379997442302e+01 4.380157256014349798e+01 5.241150495110778706e+01 6.432250226732834619e+01 8.476398616167082878e+01 8.650572363496388562e+01 6.651584059147589301e+01 5.262124803133591655e+01 5.520430040606092348e+01 7.492836331599499999e+01 8.230860042501835494e+01 6.813125953326311901e+01 6.663561265011682622e+01 8.667878070623936537e+01 9.946214942784807533e+01 1.110494423105227355e+02 1.108620881100936941e+02 9.109822544631130370e+01 9.048141894559493892e+01 8.229409096287187708e+01 7.662115158042543328e+01 6.609206255047780587e+01 4.607687188270837453e+01 4.607687188270837453e+01 6.609206256115477629e+01 7.184874510543706094e+01 6.493923784211405348e+01 5.307580869492777254e+01 7.300146759079181891e+01 6.889120727369763131e+01
7.018617168454287025e+01 6.546949498611134288e+01 5.758254200353657382e+01 3.758140496014890886e+01 5.293236392719744288e+01 6.020911975581074671e+01 5.191637703701542250e+01 3.449989123900236621e+01 4.116240096657597292e+01 5.530324318162234931e+01 7.531864275342498161e+01 9.309369719653984987e+01 8.333588668023433854e+01 6.278372081812826622e+01 4.879791285530683353e+01 4.925931840988533850e+01 6.898105465835253369e+01 6.668254710431369858e+01 5.395642314340636858e+01 6.214589145162784689e+01 7.109877866048209683e+01 8.266648724778664814e+01 1.027357233070065234e+02 1.050599031876909493e+02 8.531510917234929536e+01 7.141158225829062189e+01 6.264245248556062506e+01 5.692322353006468916e+01 5.188139142853962227e+01 6.609206255047780587e+01 6.609206256115477629e+01 5.475156106331218808e+01 7.452235922176208760e+01 7.927666465368207582e+01 5.943274916854993961e+01 7.927666465368207582e+01 8.865995957355875134e+01
5.017500721578972644e+01 4.546236142767958910e+01 4.109972645563887284e+01 3.693186461635725948e+01 3.293681433497807376e+01 4.939761298833040115e+01 3.192262811666211064e+01 4.605612657767093054e+01 6.116561754159830855e+01 5.380963423354396014e+01 6.795730125334647198e+01 8.798573901166695066e+01 8.701865435806678306e+01 7.694863240521951298e+01 6.343070767858673520e+01 4.370185216487763569e+01 6.076060150774139856e+01 4.660008798002830588e+01 5.482100831692141440e+01 6.378877686491181720e+01 7.535042592351462076e+01 9.540743118075435802e+01 1.020644524746524269e+02 9.372307179462139004e+01 9.839189448033700103e+01 7.867619218165216921e+01 8.229409096287187708e+01 7.085554854089797061e+01 5.897093049885395288e+01 7.865660737271105063e+01 8.108270440443726557e+01 6.140166885641200167e+01 8.108270440443726557e+01 8.749660447091100934e+01 7.089467614535520568e+01 7.563791268675093704e+01 9.546725420707434751e+01
7.018617168454287025e+01 6.546949498611134288e+01 6.110358051132065071e+01 5.693248633182905394e+01 4.939760021020369152e+01 2.940933333493614299e+01 4.939761298833040115e+01 6.020909229194185741e+01 7.436192325368126887e+01 7.382349485618584595e+01 8.212335952353714674e+01 7.801713569700751805e+01 6.696789144320248965e+01 6.696789144320248965e+01 6.064191637673727797e+01 4.074632957741793859e+01 4.066454775223079565e+01 4.739608763678386794e+01 5.638768598950659339e+01 7.644101658344862926e+01 9.213847716229300033e+01 1.037205192721898612e+02 9.042433268232998955e+01 7.355209843859127261e+01 9.042433268232998955e+01 9.839189448033700103e+01 9.874207888470198213e+01 8.683776850151899396e+01 6.881788580490055551e+01 8.683776850151899396e+01 8.926801656691149844e+01 7.123854165072508238e+01 8.926801656691149844e+01 9.895024076479616326e+01 9.072667389028573837e+01 9.546725420707434751e+01 9.268962752934812954e+01
6.804203159587365235e+01 6.148352232543700779e+01 5.578208198755719138e+01 5.067363920168581615e+01 4.598471792124420432e+01 2.797479235006797538e+01 4.796261622498548149e+01 5.690281584602809772e+01 7.417215097528465151e+01 8.556966782875311139e+01 7.198116182790042217e+01 5.732729780674834785e+01 6.525517802180272042e+01 4.693551299046681891e+01 6.197746923335242997e+01 5.367393371232396504e+01 3.673021101885505146e+01 5.674138983210012555e+01 7.578065312441295021e+01 7.276119067470672519e+01 9.281436421962344241e+01 8.844132673594273797e+01 8.010059437180903785e+01 6.200741131782802995e+01 8.207735489770062998e+01 9.584231578531570506e+01 1.016557103641869872e+02 9.669316960158714380e+01 8.849532894052144627e+01 9.669316960158714380e+01 9.912866382606280524e+01 9.092686715814936349e+01 9.912866382606280524e+01 1.055586831522141011e+02 9.724296670158432221e+01 1.020417772615513314e+02 1.008817966033384579e+02
4.836650378456355526e+01 4.175350600841876769e+01 3.599566739511524105e+01 3.084032732328816095e+01 2.598161040856333059e+01 4.598023052761924845e+01 3.793358829076696992e+01 5.193274851047236496e+01 7.173600141696546473e+01 7.754138573244675570e+01 5.497096226166881650e+01 4.313444115558562686e+01 5.227037157558023495e+01 3.698150015956413483e+01 5.068706314692879999e+01 3.372779452321551474e+01 3.698321586117130977e+01 5.487752237564423297e+01 7.659966204779145471e+01 9.281436421962344241e+01 9.434231344383947260e+01 7.420148118066650511e+01 6.006545034794618942e+01 5.451622316264123924e+01 6.742925669882558282e+01 8.119619854744929910e+01 8.119619854744929910e+01 8.722102949785434589e+01 7.892078235324294155e+01 8.722102949785434589e+01 8.731904137351588702e+01 9.563990868062381878e+01 9.737152484153705245e+01 8.905945340628117890e+01 7.719753482480966511e+01 8.199019782757147823e+01 1.020417772615513314e+02
6.804203159587365235e+01 6.148352232543700779e+01 5.578208198755716296e+01 4.464714079036846783e+01 2.460997910392691068e+01 4.464714079035765337e+01 5.773298070775933866e+01 5.773298699722955973e+01 7.756729257690876977e+01 7.660525505561994919e+01 6.656248780458598446e+01 5.227034010244891959e+01 3.258070157345633788e+01 2.891517217702356746e+01 3.079402963549845040e+01 5.068706313076566516e+01 6.070546445089598109e+01 6.906001308544740880e+01 7.826169459191304156e+01 8.826754478256680159e+01 8.661102477048642356e+01 7.828105009106350565e+01 6.742925669882556861e+01 4.750415994131336817e+01 6.742925669882556861e+01 6.099538881510748212e+01 7.952939049975688590e+01 7.721636007691299142e+01 5.892355113354481233e+01 7.721636007691299142e+01 6.724691885772516287e+01 8.403254875554806347e+01 8.531830566665645676e+01 6.903274605159123212e+01 6.565077980781255462e+01 7.564827910640129005e+01 8.981466707638368518e+01
7.637869854482237031e+01 6.901981564844720651e+01 4.900604142743873837e+01 3.486276602861546792e+01 2.326031811380025616e+01 4.146557500602699520e+01 4.975634487007030771e+01 5.385989484595790344e+01 6.215798864199199869e+01 6.266509527693026627e+01 4.870561246947818290e+01 4.029597219620605131e+01 2.630965988928219446e+01 4.621333136735306368e+01 5.068609564565377923e+01 3.745412075023248377e+01 4.244592815791867224e+01 5.016400516378809016e+01 5.996672669717488446e+01 7.995910247689924688e+01 7.828105009106350565e+01 5.827272955778554575e+01 6.273286635448059201e+01 4.280834470540203540e+01 6.273286635448059201e+01 5.107608281740069600e+01 7.101914931052411362e+01 6.549388045874945874e+01 4.892813367096063359e+01 6.414699908503662584e+01 5.569027009229451153e+01 7.572240952775943867e+01 7.659869828976121653e+01 5.749268322969159328e+01 7.749702852406903730e+01 9.398029283195917571e+01 1.040064040602656803e+02
5.648595786907120697e+01 6.231240671661312547e+01 5.631954586188963674e+01 4.504335527552393614e+01 2.251091121824625674e+01 2.147292022188883109e+01 3.971629166722594562e+01 3.385812117528378451e+01 5.385919636940952415e+01 5.446975297972092989e+01 3.469413625227549147e+01 4.204680470494383115e+01 2.451111020234840865e+01 3.863050152881299937e+01 5.860358501934570086e+01 5.735780348138577978e+01 5.650246688842613452e+01 5.390490117492423394e+01 7.393210008057891969e+01 8.826754478256680159e+01 8.400255580090846763e+01 6.413303096182869467e+01 4.421097963524010055e+01 3.844959340578022733e+01 5.354574638978819934e+01 4.357000672530244145e+01 5.905850893219002273e+01 4.586943849602515400e+01 4.136972341617224913e+01 4.414331448612050934e+01 6.015347371295779055e+01 6.343983956449366701e+01 6.686774910206956690e+01 5.290589510601021317e+01 6.703649722232066210e+01 8.702911574492870272e+01 1.027360578267295921e+02
5.391146419778680610e+01 4.243633584068675191e+01 3.634659231469924379e+01 3.041104131519033871e+01 4.504335527552368745e+01 3.971629166722442505e+01 1.971498703656484608e+01 3.385769989334211516e+01 5.383814090652358431e+01 5.494366813904558455e+01 3.589537873277044611e+01 2.188028223016774376e+01 4.204694431302798563e+01 5.215459503172920819e+01 5.922001476389608854e+01 6.752153088757562216e+01 7.653340012938143389e+01 6.546020179480966306e+01 8.223945869881906390e+01 8.727009730207109328e+01 6.718427072041181702e+01 5.568479206052155916e+01 6.054690998957531178e+01 4.066402450878536001e+01 3.359687855417934799e+01 4.961290132844270317e+01 4.661260201796046232e+01 3.177174407577255622e+01 3.429643507632133037e+01 3.707205856334620364e+01 4.015860224804869461e+01 4.344641063212456800e+01 4.687622357930473527e+01 5.394616343959931015e+01 6.288393011988045345e+01 7.441940229628993109e+01 9.442589059541812446e+01
7.057868091247678421e+01 6.231240671661328179e+01 5.631954586188953726e+01 3.767931913307046443e+01 5.763266467177436425e+01 3.849960393947885251e+01 1.849229461179503531e+01 3.678755723045114934e+01 4.507789762948846857e+01 4.637392892927576327e+01 3.807488853442540488e+01 1.998019131617940403e+01 2.614455071892296445e+01 3.221686799488250585e+01 3.923598994728404676e+01 5.075534346927992146e+01 7.078297078702679812e+01 8.550492835721739482e+01 9.381543361519980806e+01 9.560545617618373626e+01 8.400255580090846763e+01 7.310538495387291391e+01 5.324869254118181061e+01 6.054542703881781307e+01 4.378168515916483017e+01 2.966404011154814668e+01 2.830331574721326859e+01 4.831991269113194676e+01 4.842378533561694098e+01 5.704624881902862654e+01 5.170310874171351401e+01 6.343983812332136552e+01 6.101173085009292407e+01 7.393479789380060652e+01 8.222918742690943361e+01 9.117583161477345755e+01 1.005636307460144110e+02
8.060857334801040963e+01 6.069022434486095818e+01 4.923161701508109189e+01 5.763266467177775354e+01 5.543919772462572837e+01 4.075700854253823735e+01 2.104373693645442600e+01 1.677057362259582263e+01 3.514530606738910734e+01 3.586932121219793146e+01 1.751568089911726389e+01 2.556833676395678268e+01 4.554329379672666533e+01 5.215459503228278493e+01 5.922001476389608854e+01 6.752153088757562216e+01 7.908848919257391685e+01 8.684280990498803021e+01 8.579159971006318131e+01 9.409975526887868114e+01 9.296085236544931263e+01 7.310538495387291391e+01 7.310538495387291391e+01 7.199948942891055026e+01 5.789058729403886616e+01 4.593380570890317216e+01 2.589697077789289281e+01 4.007921579830853887e+01 6.018187578739250654e+01 7.629031035424118556e+01 7.169689165661107211e+01 7.999194254306311791e+01 8.100541001671355446e+01 7.739223442093665994e+01 7.589069754270721546e+01 8.420041582660414292e+01 9.223938555443537268e+01
8.890856583577642880e+01 7.738847616238456339e+01 6.910870918922915962e+01 6.270776085360348873e+01 4.714480229309208426e+01 2.745629923274531947e+01 4.075700776467542852e+01 3.514562381674635816e+01 1.512535710408841894e+01 1.561690455298136726e+01 3.586932157822243994e+01 2.959413973787158980e+01 3.829256029278342766e+01 4.818533433098053109e+01 6.207880289172945254e+01 8.179924385073501014e+01 8.097559310703304902e+01 6.680024750980739157e+01 6.575009736486543943e+01 8.252605589432985767e+01 7.987229750499429315e+01 6.838415583577102552e+01 6.013810908823138845e+01 6.392703547455291613e+01 5.567967498801499460e+01 4.418314564106633924e+01 2.413695162169621256e+01 4.418314564485443441e+01 6.256659388974743763e+01 6.254832854891103011e+01 8.238587469830514465e+01 7.572219806431452582e+01 6.721345040123048875e+01 5.716889760675177712e+01 5.566957930652515785e+01 6.999701626344405270e+01 9.011930281940858833e+01
8.804416207397459004e+01 7.798156128914608587e+01 6.966001568271124711e+01 5.438509494354893548e+01 3.455673690557855338e+01 4.714480229283356749e+01 4.813983200120595285e+01 2.812927420849213078e+01 1.396984183809363245e+01 2.553318406534187801e+01 4.418405559082003720e+01 4.962259165389610871e+01 4.378173802122534397e+01 6.372365970972583682e+01 7.609119136434159714e+01 7.169997502699578718e+01 6.950779482281444643e+01 5.264650975821039935e+01 5.419450735427201238e+01 7.422063293609872403e+01 7.162077761168474410e+01 5.173221232259166413e+01 4.020217764732380061e+01 4.862772044169637553e+01 3.572373580330898335e+01 4.009644938563462091e+01 2.240138894789421897e+01 4.245138572685259959e+01 4.257367525573988587e+01 5.672023828945139456e+01 7.668094487046735708e+01 6.410407129643587609e+01 3.739712523276743639e+01 4.276847200882919253e+01 6.310173945032680365e+01 8.153606001986084095e+01 9.160428703086371627e+01
