LEM/with_lateral_4open/elevation_000605.asc
nrows	100
cellsize	150.0
xllcorner	0
ncols	100
yllcorner	0
NODATA_value	-9999
[rows 17 to 33 of 100, columns 0 to 36 of 100]
5.222468517465790605e-02 8.996496595173736566e+00 2.054350197896604868e+01 4.054350197679080026e+01 4.313580624277498998e+01 2.487057167671882851e+01 3.486713694516449635e+01 5.239634701040730391e+01 6.089933603161932041e+01 4.089911848697658314e+01 2.935211076219665571e+01 4.935220504836875932e+01 6.353454636449195192e+01 7.508188381354696617e+01 7.893438648678773006e+01 7.064686120632369182e+01 7.893438794228991640e+01 7.243794891208600006e+01 8.658631748221624491e+01 9.492013174674733023e+01 9.807867990977032946e+01 7.804234976889004827e+01 6.388480306314252744e+01 7.234880852220801728e+01 6.628528900269188284e+01 5.334437488133031735e+01 3.334355914228609663e+01 3.184278705590006453e+01 5.183994676506360832e+01 4.874164410147739090e+01 6.052498636967031587e+01 8.118477783019801564e+01 8.902211003768758246e+01 8.711600689080624704e+01 6.693787283688205036e+01 5.274238110257969225e+01 5.718059508860171292e+01
7.333276091007127906e-02 2.007333275912785098e+01 2.310899031278392357e+01 2.465663679179890977e+01 2.621837442592948619e+01 1.487058100722510190e+01 2.412914342876137042e+01 4.412391823379106626e+01 4.949063392308202225e+01 4.122071186125855036e+01 2.587055764307388372e+01 4.001270211049268966e+01 6.001293779153034791e+01 7.461893549265073489e+01 6.893159860817249296e+01 5.064225281248667443e+01 6.564538227857588026e+01 5.829204263633750571e+01 7.829870926519521390e+01 9.215316897795993611e+01 1.039445101251567252e+02 8.391085499706152007e+01 7.234880852220801728e+01 5.234104806105828800e+01 5.799392778830358708e+01 3.799544455997386194e+01 5.334437488133031735e+01 3.482602526773668927e+01 5.466031361470590610e+01 6.568215788006027367e+01 7.735178596901599235e+01 8.966157051702214176e+01 8.989488445093731173e+01 8.177440429057867277e+01 7.435423438228463056e+01 5.424103904010748067e+01 4.009280945627865123e+01
6.343274376862209629e-02 1.584004586308034979e+00 3.108990289634084636e+00 4.656636754702364378e+00 6.218374373588431148e+00 7.799513203672627348e+00 2.779953496374088928e+01 3.842457860971807548e+01 3.679887632319664448e+01 2.122065209331779201e+01 4.122071185910780144e+01 5.415516576813278959e+01 6.087663668019519747e+01 5.461358162460975052e+01 5.461358162507544023e+01 4.064207455445107087e+01 4.564208117619195093e+01 5.230881160275664854e+01 6.385710241608824589e+01 8.386555050916622633e+01 9.513822001296809105e+01 8.357315014338996662e+01 7.527624141313799555e+01 6.291705979006295024e+01 4.291920306635400806e+01 5.799392778873597365e+01 6.178291063480764933e+01 4.189760286345838125e+01 3.960861640623682689e+01 5.383415904548231623e+01 7.482041375688781670e+01 8.989488445093731173e+01 7.855020291181649839e+01 6.210620338571906274e+01 7.855020291181649839e+01 6.847917567153200480e+01 6.013205756450151540e+01
3.497053469895897854e-02 2.003497053469860489e+01 1.465599567342820286e+01 2.465663679179889556e+01 2.036050999755641655e+01 2.779953496397822477e+01 1.014033614759525825e+01 3.014036079235153665e+01 1.680339105032383173e+01 3.680342547559345689e+01 4.140918935899062348e+01 4.403544452708298707e+01 4.087365705116998527e+01 4.953313564253875256e+01 3.461184579019929686e+01 4.461191842729141399e+01 5.875540651042924623e+01 7.231366761635941032e+01 6.645318927725409708e+01 8.646211390530939411e+01 8.684175207542335784e+01 6.680969999286547534e+01 5.526425383449031159e+01 4.923991767892219684e+01 6.291705979006295024e+01 7.121010261716749312e+01 6.978393171115638438e+01 5.083095128406038299e+01 4.320063176759631318e+01 5.731578151087273199e+01 7.726171580712541243e+01 8.177440429057867277e+01 6.210620338571906274e+01 5.063011444609077927e+01 6.109041043810364613e+01 6.924348186975649355e+01 6.385011755169911396e+01
9.635555453094322986e-02 2.009635555453058942e+01 3.465599572871657585e+01 4.294026892349643987e+01 4.036051017545070607e+01 2.647027406711810826e+01 3.014036079235153665e+01 1.253937672321154828e+01 3.253940457200057779e+01 3.775755283245044325e+01 2.140835238741397006e+01 2.403448104461287826e+01 2.673128049448320809e+01 2.953184066261434992e+01 4.953313564254169421e+01 6.290025684807881134e+01 7.290248109756676342e+01 8.704955519612656190e+01 8.646211390530939411e+01 9.474950707719416698e+01 8.944190556023761474e+01 6.940863120338704562e+01 7.527624141313799555e+01 5.630432493902879543e+01 7.631846841754071420e+01 8.429467641375693177e+01 6.486900591682851314e+01 6.690368285598572129e+01 4.697814455986998894e+01 6.108681021278382417e+01 8.103646783456562730e+01 8.130066537798339255e+01 6.162787367775276692e+01 5.014853478210537219e+01 4.121801153759187031e+01 5.427423230101766904e+01 4.401058444577888196e+01
8.845047570523793812e-02 2.008845047570488163e+01 3.652947727106521114e+01 4.652947809770060417e+01 5.475485520193652178e+01 4.647037403140221556e+01 3.253606795943879604e+01 3.244485228305000390e+01 1.552080069321129407e+01 1.775686867071112118e+01 3.775755283108448168e+01 4.403544452651320995e+01 4.673239414100146405e+01 4.367427671246234411e+01 3.683481060449832256e+01 5.683684646824907105e+01 7.243921864518732434e+01 8.072680983251983378e+01 9.227856120928058203e+01 9.208006377096660344e+01 9.773766908339278814e+01 8.944190556023761474e+01 8.461545622862460903e+01 6.630237612819422566e+01 8.461545622862483640e+01 9.215553271305658711e+01 8.429467641375693177e+01 7.100138674418421658e+01 5.105540189679629748e+01 6.257005053366933112e+01 8.251880619559467789e+01 8.942092542844201830e+01 7.807445956444944102e+01 6.842110147410417653e+01 5.427423230101766904e+01 3.436086908854250765e+01 2.989007603321629247e+01
8.023991185656004221e-02 8.245205721133892496e+00 1.824520572113407013e+01 3.238734134486632144e+01 5.238734136516819717e+01 6.079112724089743836e+01 4.551508103045974707e+01 2.552078039751970451e+01 3.552140836317760630e+01 3.189912207787009280e+01 2.505983641647242877e+01 4.506091359638619309e+01 6.277660939762614589e+01 6.367767232946504663e+01 5.097756226683013381e+01 4.536289301501959415e+01 5.243412110464280573e+01 6.398266470072357492e+01 8.399108616179852049e+01 7.211420399348031651e+01 8.055276925383263631e+01 8.881867752774597591e+01 9.463121314000628104e+01 8.633456070872217936e+01 9.463121269287202608e+01 9.195430641217137691e+01 7.199691438347778671e+01 5.789778231044538614e+01 7.100138674418421658e+01 7.927089778169661827e+01 9.079277803648818690e+01 8.692452775004591103e+01 6.727594936215010080e+01 6.026778076179417809e+01 4.038898899282060739e+01 3.591841562140675848e+01 3.744655040088647979e+01
4.598823041778624804e-02 2.004598823041743216e+01 3.427935125882103051e+01 4.175513670588026827e+01 5.020329886231645133e+01 6.200449792826766782e+01 5.378971156230117145e+01 3.552057183315065458e+01 5.378970964509230157e+01 5.190105573096951730e+01 3.505986791682095571e+01 3.448794810147197154e+01 4.603526477152400531e+01 6.603925458097940293e+01 7.098240985310614803e+01 5.950644504792222023e+01 7.243921864518732434e+01 8.072680983251983378e+01 7.469164677995935619e+01 5.796890537118273556e+01 6.056461603217267964e+01 8.055276925383263631e+01 8.257047401893333927e+01 9.083522024768494418e+01 1.023580421144841637e+02 9.195430843950789779e+01 7.199691438398401999e+01 7.784229976803483453e+01 6.729524990923277983e+01 8.724822013626821615e+01 9.572695983245819207e+01 8.119064883791054399e+01 6.151229212294428805e+01 4.745385519810889008e+01 6.026778076179417809e+01 5.582274779119535424e+01 4.638093986732511809e+01
7.340434288523949025e-02 2.007336940300143979e+01 1.447763378867562523e+01 2.136246090480124593e+01 3.309758186367752586e+01 5.368558266133302226e+01 6.378143586013808886e+01 5.551005646001380711e+01 6.378143586013808886e+01 6.334865044877462736e+01 4.920272533304138562e+01 4.603526477152400531e+01 6.277660949560980441e+01 7.432642887703048018e+01 8.102505241388941215e+01 7.951340716331601755e+01 7.813611417564987960e+01 6.986247739622069730e+01 6.641901056740104536e+01 4.630392891529378119e+01 6.525784901357967271e+01 7.103488987986675340e+01 6.259025647465574593e+01 7.413307763746419710e+01 9.409617270032832437e+01 1.002319648611185414e+02 9.195430843950789779e+01 9.552403447847048312e+01 7.621365464559207226e+01 9.552403447847048312e+01 8.761276337201888964e+01 6.800895198970331990e+01 5.810184891600172818e+01 5.894954669866812225e+01 7.541018347647982978e+01 6.620707744563082997e+01 6.043996995292757646e+01
3.515918393995972474e-02 5.779708831984065043e+00 2.532813738596741615e+01 4.160437726869826491e+01 5.020329886231645133e+01 5.804816912737352652e+01 4.979175297045578219e+01 5.804816912737356205e+01 6.058763172114971240e+01 6.883190656284563147e+01 6.920740132096179309e+01 6.603925458097941714e+01 7.432642887693013733e+01 7.517043606786873511e+01 6.103121297749959240e+01 6.837983805575019858e+01 6.651752807861763017e+01 4.967650670534234791e+01 5.435678981151934863e+01 3.950182963492598986e+01 4.511916538839469126e+01 5.102263341769297256e+01 6.518396371247675347e+01 8.516027518562322030e+01 9.522390320951973308e+01 9.164348659363203353e+01 9.992981422565024729e+01 1.044546080993321766e+02 9.032511363881980060e+01 1.044546080993321766e+02 9.572695983245819207e+01 8.592716417916119553e+01 7.781085768085885945e+01 7.865002692216737046e+01 8.676634288756734747e+01 8.586755436515036877e+01 8.013010657017836991e+01
4.608085242692564615e-02 1.140432162756090051e+00 1.996685833208741201e+01 3.084172072899826844e+01 4.498284451035885922e+01 4.806167280136565978e+01 2.980209250620453432e+01 4.646091058599348855e+01 4.060943110026038738e+01 6.058763172114971240e+01 6.504769865545841867e+01 5.661988792130774328e+01 6.504667462881955942e+01 6.688727296646239040e+01 4.689686448407119457e+01 4.838906735790850888e+01 5.726448504493910718e+01 3.725690775140286348e+01 3.298432444890134718e+01 5.435678981151934863e+01 6.525784901357967271e+01 7.103488987986665393e+01 7.930424572027449415e+01 7.889512576233155983e+01 7.522531678845489012e+01 7.164583243662026746e+01 8.838292701276775176e+01 9.992981422565024729e+01 1.102991421555910279e+02 1.101126658564405574e+02 9.019122486155006868e+01 9.019122486155005447e+01 9.167882835722765833e+01 8.669036157951192934e+01 8.222705267764246173e+01 8.586194779580979741e+01 8.423626311556101598e+01
1.610643649003322755e-02 2.001610643632071529e+01 2.692733214165467626e+00 1.683362373332589357e+01 3.245984926135346171e+01 3.249600288474475462e+01 1.980253028369815027e+01 2.646894707894460907e+01 4.060943110026038738e+01 6.058763172114971240e+01 5.489724617142164931e+01 3.634562095552734462e+01 5.488119522376766213e+01 6.100733798185045487e+01 5.424422850676424446e+01 3.425107026352956296e+01 4.481937819240672383e+01 2.758705595174031799e+01 4.883844297065849105e+01 6.268755126738990668e+01 6.789086067894125165e+01 7.019925330106063655e+01 7.257192970732771187e+01 5.889953553549287335e+01 6.108677548677341207e+01 6.010117853561558832e+01 7.164583243662026746e+01 9.164348659363203353e+01 1.088746285834976959e+02 1.036787142954280938e+02 9.019122486155005447e+01 7.023118767889442893e+01 7.172223932867015606e+01 6.672762607885351827e+01 6.226076939027672807e+01 6.725432400593513194e+01 6.391996942660859560e+01
2.022278438842990689e-02 2.002022278436915670e+01 2.267193828955969082e+01 4.256856988109462669e+00 2.425641563623167940e+01 1.249971159064975801e+01 3.249600287453783665e+01 4.646091050873491923e+01 4.517236222219942476e+01 4.641263668629883909e+01 4.637295078155425898e+01 2.692268652421062924e+01 4.636699529031542966e+01 4.099198543196116162e+01 4.098923165302220184e+01 4.256119395600053679e+01 2.481250726976328735e+01 2.674032594992116429e+01 4.674424294962635429e+01 5.149336567680526144e+01 4.790167463115324153e+01 5.020872029169333928e+01 5.257966731014782624e+01 4.476788067219996492e+01 5.010633970475510779e+01 5.904567777175294907e+01 6.904352450766602090e+01 8.058864196532341850e+01 1.005870437681082166e+02 9.527632774134197291e+01 7.515532768063719971e+01 6.514528750444402760e+01 5.759530093153291830e+01 5.260215339333942097e+01 4.813287440921891402e+01 5.369043635791628333e+01 4.962608374731011196e+01
6.642187732006160639e-02 2.006642187731970495e+01 3.249457875638443483e+01 2.421768209610418765e+01 5.833077799887298021e+00 2.579653996989785369e+01 2.862264021197513131e+01 2.980029203460307130e+01 2.517367903851084776e+01 2.641398814062990752e+01 3.352140357423588313e+01 2.068458231380436274e+01 3.987596897099178506e+01 3.878471564915901837e+01 2.098076182010395740e+01 2.255279119502495178e+01 4.256116003731246167e+01 4.674423214068998078e+01 2.950702501212744622e+01 3.150178007911470601e+01 3.377022657764991465e+01 3.608101749238240075e+01 3.845312900592853111e+01 5.843527596852081984e+01 6.794615148789340253e+01 7.371908301180614842e+01 8.004398939886377207e+01 8.833875012509253111e+01 9.730321947984361941e+01 1.036173813013311928e+02 9.325289624227852414e+01 8.512728432079083518e+01 7.756738892578161426e+01 7.257457593596292611e+01 6.224163158624183012e+01 4.223536083232298211e+01 3.960835517306030340e+01
1.591255364720534082e-02 2.001591255364684940e+01 3.703851006505326637e+01 3.407472117869023265e+01 2.582156448819767292e+01 7.466070956134517544e+00 8.626588652392575440e+00 9.801029065972747034e+00 1.103194390805495750e+01 1.227229108859436835e+01 1.352229070473661032e+01 1.477967909656835133e+01 3.478290025570559152e+01 1.878503139756503870e+01 3.879300923294210435e+01 4.256124901371560298e+01 5.084205110721755716e+01 5.774139855959675316e+01 4.364947108909018425e+01 5.149336567680526144e+01 3.782803242977090719e+01 5.606380745738091065e+01 5.843527596852081984e+01 4.261660294863628451e+01 4.795386769376613501e+01 5.372231466413607137e+01 6.004441192292819096e+01 6.898730750597351857e+01 8.312869774869044193e+01 1.031739704888767619e+02 9.739463538238481988e+01 8.582264148537578308e+01 7.752617612593111573e+01 6.749600349274044220e+01 4.748794386199394069e+01 6.224163158624183012e+01 5.605611828923022699e+01
6.189296070378335485e-02 2.006189296070342820e+01 1.703749307312288153e+01 3.703949019643593488e+01 3.579930680807064647e+01 2.748316981706851081e+01 1.757073776213204042e+01 1.388350167466218110e+01 3.103115637470160593e+01 3.227143773638393753e+01 3.352140475551387055e+01 2.836051081211373059e+01 1.660923709595873632e+01 1.919142086519499912e+01 3.919945015655257237e+01 5.122869059939410619e+01 5.951642649977024035e+01 6.780954817806855317e+01 6.363858467113189477e+01 6.239843680945708826e+01 4.241204780838032917e+01 6.239843680945708826e+01 7.088672539899692993e+01 6.260273839353844494e+01 4.786098567750983790e+01 6.785285953596016384e+01 8.004398939886377207e+01 8.833875012509253111e+01 9.730321947984361941e+01 1.037067679245257352e+02 8.910600229396951022e+01 6.904915502811135752e+01 5.749744098316676144e+01 5.303113096011944094e+01 6.749291367564973143e+01 7.123583693004688655e+01 5.786751863641616467e+01
2.247884206357958492e-02 6.347034163330714129e+00 2.634738810752057603e+01 3.118003005053392229e+01 5.118547834885708880e+01 4.585261496218937793e+01 2.911730663535339048e+01 3.388257897212596248e+01 1.991361662691871715e+01 3.991244497605157449e+01 4.640052414211879039e+01 2.651104349035686525e+01 3.661642068411860151e+01 3.919945015655257237e+01 2.294009066449084955e+01 4.294629420091809635e+01 3.952218096946779013e+01 5.365829182543487264e+01 7.365977805860518401e+01 6.739603476097155976e+01 4.740564295492120550e+01 6.739603476097155976e+01 8.584154326013337766e+01 6.584366162268176481e+01 5.170587194746664039e+01 7.170090554624120216e+01 8.390446796950466535e+01 9.219024613223636777e+01 1.037377263442637343e+02 9.542452589335131563e+01 7.536081919577343058e+01 6.533696317345828675e+01 7.752617612593111573e+01 6.302531531164662937e+01 8.133264239201528767e+01 6.294401798906086754e+01 4.328284642900368340e+01
