LEM/with_lateral_4open/elevation_000277.asc
nrows	100
cellsize	150.0
xllcorner	0
ncols	100
yllcorner	0
NODATA_value	-9999
[rows 0 to 16 of 100, columns 37 to 73 of 100]
8.884754177262699226e-02 6.929726548558100274e-02 7.395023591448830758e-02 4.828361932999872264e-02 4.897713358561925356e-02 8.568734790590110117e-02 1.075183056328203948e-02 6.823539046102447547e-02 7.194897206013613211e-02 1.557559815681563986e-02 7.704183385687686514e-02 1.685416958384493638e-02 9.680445094065920353e-02 7.639902522890137937e-02 4.559330980047965332e-02 5.839666421669215124e-02 9.739037529851846120e-02 3.670263267501718690e-02 2.041064012308905357e-02 6.895211126444661387e-02 9.031524355919069713e-02 1.560024811392830661e-02 7.641644294168103979e-02 3.888124420523987601e-02 6.873285589001959517e-02 4.772367030474261584e-02 9.504926490987847254e-02 5.760415539182907330e-02 9.666222459857021221e-02 9.627991409191682948e-02 1.286757495974483190e-02 9.381044340810595905e-02 7.584058927755046864e-02 1.435327048224320848e-02 5.777975670406795827e-02 2.716720951219454838e-02 4.735230246529398453e-03
3.137307414935532446e+00 2.006929726548522552e+01 2.007395023591413263e+01 7.175829003611513990e+00 2.004897713358526445e+01 1.174024040756521714e+01 1.415288745935307446e+01 1.463446212945902758e+01 2.007178999402138331e+01 1.485002509234702472e+01 7.066703843912230942e-01 1.997628120982721356e+01 2.009680445094030432e+01 7.416934960613703609e+00 2.004559330980012533e+01 1.420053228794776778e+01 2.009739037529816486e+01 3.518255751788981645e+00 2.002041064012273353e+01 2.006895211124711764e+01 1.423246391861945348e+01 2.001559976476567115e+01 2.007639793839031483e+01 1.842220513540102855e+00 2.006869279284377328e+01 2.004772367023929647e+01 8.260015074187210260e+00 2.005760415539147345e+01 2.009666222459821583e+01 6.118844230741427914e+00 2.001286757495939028e+01 1.426086827670301105e+01 2.007584058927719539e+01 2.001435327048188739e+01 2.005777975670371305e+01 1.299736735552519784e+00 1.966858130551539929e+01
6.220031789406220923e+00 2.622241102788060729e+01 3.570650159731648898e+01 1.633248658063575576e+01 3.572225050254730405e+01 2.678592655924503774e+01 3.415289430527982972e+01 3.598911181155053640e+01 2.620391774139205765e+01 7.133447019330170669e+00 1.336611180754533779e+00 2.188763094633764084e+01 3.388622242836179765e+01 1.498839677743540832e+01 3.388622242836179765e+01 3.420053228794846945e+01 2.119592528145293642e+01 7.053789657721734052e+00 1.860079504151404350e+01 3.860079504146813179e+01 3.423414790538106445e+01 3.860247590496827286e+01 2.244503599901505098e+01 3.652935434390470082e+00 2.365320985765374573e+01 3.654417932206286679e+01 2.240215072059796597e+01 2.826001754753889017e+01 3.214003194019893783e+01 1.240355547814003501e+01 3.214003194019893783e+01 3.432911377274568565e+01 3.273135782473135436e+01 2.308213841668359478e+01 3.110451737907643732e+00 2.125570253446737823e+01 2.939602419694086066e+01
9.586532052947491778e+00 1.175061570242979059e+01 3.752911859113770987e+01 2.880072992720597824e+01 4.544450370623128066e+01 4.912579449973197399e+01 4.945345247902385211e+01 3.395885639314777649e+01 1.566686631734195778e+01 2.184764632034236698e+01 1.970657546921081638e+00 2.189317072611389747e+01 3.973521958824358791e+01 2.739197354902251291e+01 4.163064920217847487e+01 4.948019653279344965e+01 3.097611236048656735e+01 1.097611236048544825e+01 3.097611236046924432e+01 4.688506623650152960e+01 4.526827291237997031e+01 2.547165355206531245e+01 1.206447623055223239e+01 5.486333173054117829e+00 2.550039081703180344e+01 3.652301549956941784e+01 4.240215908771507713e+01 4.826004545818502578e+01 3.934912210719551240e+01 1.982483213737352656e+01 3.934912210719551240e+01 3.442682423821192117e+01 2.258123784762120678e+01 4.947713559727242583e+00 2.311292803918468408e+01 1.725514279217373215e+01 3.726824282657094756e+01
1.642819000266435125e+01 3.409305398004879351e+01 4.669202791057598034e+01 5.050718609578574103e+01 5.759201856169824651e+01 4.402925964255454971e+01 3.297586742971525098e+01 2.491528261153271373e+01 3.288547461152431595e+01 2.265375098102240869e+01 2.605680205470026767e+00 7.359607393527390684e+00 3.356904377796637817e+01 4.244332624084749028e+01 5.209765495399165758e+01 4.928853626414255018e+01 2.928853626535768129e+01 1.514640064162698074e+01 2.669340602541970142e+01 4.669340602542308005e+01 4.526384955893775697e+01 2.547159832960876713e+01 3.126861443658864559e+01 2.550039079370528228e+01 8.220780445452874119e+00 2.823694412425810896e+01 4.290171845322677768e+01 5.118166132296010318e+01 4.754938036130698720e+01 3.104461723343786161e+01 4.395513699645349703e+01 1.992855249458369471e+01 6.804672849398378354e+00 2.473627038979793014e+01 3.289685648126675233e+01 3.727109211448202331e+01 4.557149857817989869e+01
3.614995022319532580e+01 2.773044707179973045e+01 4.179693037254448740e+01 6.178545612582949786e+01 6.759740374279378727e+01 5.696555720952210322e+01 4.945345270075124944e+01 4.149443695166102231e+01 2.937656243214976470e+01 3.510690206032858196e+00 9.660243134514141516e+00 1.246978633473080578e+01 1.615887659647189167e+01 2.819155461311293465e+01 5.086571312702683656e+01 5.413924875391132474e+01 3.413924876608417946e+01 1.999711314235372583e+01 3.999711314334884094e+01 5.497767727614390054e+01 5.375379704252259927e+01 4.526384951649914257e+01 4.146903066024413675e+01 3.019985058480391871e+01 1.018217098889541994e+01 1.621972571947955544e+01 2.289891569463308940e+01 4.290176960249299043e+01 5.893598258463691764e+01 5.069328673060003609e+01 5.224819440035228979e+01 3.544428166121352319e+01 2.681671774778066819e+01 8.690315331838833757e+00 2.837761700524609765e+01 3.690625606482579713e+01 4.525877739935898347e+01
4.832810807672844078e+01 4.179693374301971431e+01 5.593631363405974355e+01 6.014124140554989850e+01 5.186048382102556076e+01 4.477993438483768074e+01 3.874035794617743278e+01 3.224479421001875323e+01 4.419259662348093087e+00 5.645502807886384922e+00 2.369054639955502850e+01 2.882202232589740021e+01 3.643236933611870398e+01 4.735315370759441578e+01 6.049130950497005443e+01 5.413924877134319757e+01 3.413924876608517422e+01 3.999711314334884094e+01 2.999711314235390347e+01 4.999711314434416920e+01 6.207326901228064031e+01 5.210387180281191633e+01 3.318408227472863814e+01 1.316524543632815281e+01 3.019985052376393142e+01 3.623411622941322463e+01 4.290171845322537791e+01 3.704682334145090294e+01 5.703686027286632054e+01 6.029759428462523374e+01 4.084255251929536001e+01 2.720208384694287673e+01 1.926174225109091864e+01 2.863864746802855876e+01 1.061936327494166399e+01 1.694568463924287371e+01 3.108920800795768713e+01
5.367286844926523770e+01 6.178608841183366707e+01 6.600778291439259249e+01 4.600048066560441384e+01 3.183366573760530116e+01 2.474892544513079784e+01 1.871067809412728877e+01 2.513787395569236693e+01 5.050959509942723358e+00 2.424272643206468203e+01 9.503730362682389909e+00 2.928324477931504433e+01 4.288784852380073431e+01 5.676253547024051471e+01 6.495914639781025812e+01 6.242352126124978895e+01 5.413924877196415508e+01 5.828138492841058849e+01 3.999711314235425164e+01 5.828138492841058849e+01 5.383692624440455887e+01 3.387909802764549738e+01 2.387267402814602946e+01 1.709393594225278790e+01 1.702043244018349810e+01 3.711326668513814298e+01 5.618351143701781325e+01 5.703686027286632054e+01 6.531649930446940289e+01 6.599888105414740380e+01 4.654080232409288698e+01 4.654023171710048246e+01 3.258385850146625984e+01 1.260472266116610918e+01 3.060689413721888030e+01 3.694524164827215174e+01 3.108920800795768713e+01
4.781512487617895601e+01 6.781471242831396751e+01 7.186108280920859670e+01 5.186048382102556786e+01 5.186048382102556076e+01 4.477993438483768074e+01 3.088409606038391075e+01 1.084808218189004414e+01 5.677489370170191840e+00 2.578064333076961390e+01 2.928562791856589342e+01 1.447673234600678427e+01 3.461437810856293851e+01 3.676097334760687119e+01 5.098349639204437977e+01 5.919456995501523977e+01 6.809504740320033989e+01 6.828138522297824409e+01 5.999711314633479020e+01 6.828138522297820145e+01 6.207329821269821934e+01 5.210490958778611770e+01 4.108738008729830682e+01 2.110389736124345461e+01 1.980057727976110371e+01 2.797989814709179157e+01 4.211272943804802793e+01 6.203783538596579206e+01 6.920190386524971871e+01 6.102652091566455539e+01 5.910363480866840291e+01 5.093011478172532946e+01 3.399533952946595861e+01 1.401563440499145052e+01 3.399533952944118198e+01 5.350228338019962138e+01 5.108579050015506340e+01
6.781471242831396751e+01 7.609786133345988901e+01 7.251591184065881635e+01 6.115316963477769718e+01 5.234110286263360479e+01 4.418012953879081550e+01 3.758835698446056739e+01 2.644749842811024010e+01 6.318534573275516486e+00 2.644762509637275727e+01 4.219439215102831042e+01 3.461437810856293851e+01 2.027270247232154432e+01 2.551130906776773344e+01 3.093212912183955865e+01 3.994926640397196849e+01 5.151483625418758550e+01 7.137889650557301024e+01 7.877680716597981814e+01 6.884543779200187430e+01 6.062976863082614187e+01 4.701941896341158156e+01 2.714584306588852414e+01 4.108738043250895089e+01 2.279049153515305548e+01 4.278168023719809554e+01 4.794865776763131038e+01 6.785102903651869610e+01 6.102652091587654581e+01 4.115101393838915556e+01 4.697115931085203755e+01 3.101219906570855755e+01 3.541511888068031766e+01 1.543730741413353336e+01 2.544077057641467476e+01 3.956474447107274273e+01 5.936936789176910167e+01
7.073733582674222475e+01 6.237101077411088568e+01 6.439293049876093278e+01 4.468299135746357820e+01 3.324501413242672498e+01 2.437761105952088059e+01 3.027555479733486621e+01 7.260766544785651533e+00 1.780527300020758474e+01 1.764713571092764610e+01 2.752690556863692706e+01 4.587283510511851148e+01 3.456723589726358625e+01 3.676097334760687119e+01 5.098349639204437977e+01 4.365829205334014773e+01 6.358840929666488506e+01 7.953370106154018515e+01 7.057482193164919693e+01 5.068665264274720528e+01 4.070205430371880340e+01 3.363701869589068139e+01 4.710545367167416231e+01 2.738840415243184623e+01 4.277884708045390738e+01 3.693602472077076726e+01 5.689995936403054344e+01 6.665798523159580213e+01 5.848333326782591968e+01 4.697172372389791661e+01 2.702794847449388982e+01 1.946632395867491994e+01 1.778711363860817940e+01 1.835582163447013926e+01 3.822738038186999887e+01 5.057653730973509454e+01 6.052575198007983204e+01
6.237101077411088568e+01 4.229986054400747264e+01 4.817856434019081036e+01 5.648841322788610597e+01 4.448041988531937108e+01 3.354788604727900747e+01 1.438787510051128393e+01 7.937540133933651987e+00 1.535393416159694446e+01 3.316803367419619519e+01 4.313523753330775889e+01 5.419412976322220032e+01 5.458849999613646276e+01 5.676253547024051471e+01 6.495914639781025812e+01 6.358840929666488506e+01 6.358840929666488506e+01 8.336377372675616471e+01 7.877680716597981814e+01 6.884543779200187430e+01 5.987715802402174603e+01 3.995648910912739638e+01 5.058948848661744080e+01 3.067970689054941147e+01 5.064723707932783014e+01 5.689698880079722443e+01 6.517221547419643457e+01 5.848563297227038049e+01 3.859811072166630197e+01 4.187995274334758022e+01 2.194854084109653414e+01 3.943189780229187846e+01 3.192415004345302165e+01 3.822849945706917651e+01 2.262002367972347017e+01 3.255027233405306220e+01 5.236735130635288016e+01
5.991366991662058439e+01 4.817856434019081036e+01 2.808485663718321845e+01 3.812998938501100810e+01 3.333516530788521237e+01 1.709474514611994422e+01 8.898943321173133469e+00 2.805487309103558502e+01 3.446537042568716203e+01 3.878555947755362610e+01 4.713129760067964469e+01 5.874653474896087602e+01 6.128848869623520557e+01 6.780872082063758910e+01 5.956732499701956129e+01 6.553865932570202801e+01 7.254718246160460637e+01 8.081283842202914514e+01 8.447159825665259802e+01 6.470754337551178992e+01 5.062970359832349487e+01 5.987715802402174603e+01 5.407043836861672759e+01 3.410892089067527877e+01 4.564047116576406893e+01 6.558730428575837834e+01 6.734581782700348640e+01 4.752131246170071677e+01 3.341215025788814330e+01 2.446990145633182934e+01 4.190749577778878177e+01 5.011231564066436306e+01 5.183677083532606389e+01 4.567187678177577936e+01 2.586075266982160770e+01 4.567187678177577936e+01 6.056050105075684797e+01
4.156068787545125076e+01 3.150840489786148879e+01 2.438427821534781970e+01 1.801007601278217152e+01 1.380175683149319532e+01 9.853165335069135722e+00 2.900156510882736072e+01 3.326386058260633405e+01 1.817587113154070622e+01 2.060969808978599360e+01 3.891706094808296967e+01 3.886296446131765947e+01 4.143498640983074921e+01 5.207478429977506806e+01 3.974392752554407338e+01 4.573398385969360191e+01 5.272408551960652545e+01 6.413418032916244726e+01 8.403955709661325102e+01 7.866946435006971683e+01 6.213546945589183679e+01 5.971536948849706761e+01 3.975848739014264766e+01 4.564047056630089827e+01 6.232310563144768878e+01 7.384106891217625446e+01 7.310850289126810253e+01 5.332766913985825852e+01 4.627300845075219371e+01 2.632795568470512748e+01 4.045254326084125296e+01 6.032485445155521120e+01 6.046845542629888115e+01 4.063378640918570284e+01 2.922746949573790332e+01 4.320842886076619038e+01 6.303980321878608351e+01
5.991366991662058439e+01 5.158529312731826622e+01 4.448704122115618986e+01 2.964115297761895818e+01 3.393360744252686345e+01 2.996113199132289395e+01 1.081883495753997870e+01 1.450614091685073426e+01 3.323097807380944602e+01 1.866441047379657192e+01 2.157603512840312376e+01 2.445504039352934100e+01 2.723053078304830521e+01 3.218146951605900341e+01 5.207478441165104499e+01 6.553865932570202801e+01 7.254718246160460637e+01 8.081283842202914514e+01 9.231941042497544458e+01 9.007623350900878734e+01 8.191740934860688128e+01 6.387593233448756536e+01 4.392257390973895781e+01 6.387593233253622316e+01 6.558663294021242507e+01 8.549088043431996198e+01 7.749036068738639926e+01 6.220164814819390386e+01 4.233951718761071703e+01 2.821869728274528555e+01 4.233952000997996379e+01 6.220230725576205089e+01 6.864046178537736864e+01 5.269102473036171119e+01 3.290529455879613607e+01 5.269102473036171119e+01 6.672276840118770735e+01
7.675388152897947691e+01 6.870513631028656221e+01 5.823407773470661652e+01 4.980273816067715131e+01 4.736152504231325366e+01 3.423633409141300632e+01 1.416683087583024303e+01 1.181630641983784713e+01 1.476140476531924683e+01 4.065879784410995512e+01 4.043377748168272490e+01 3.886296445497165308e+01 4.724994865823371271e+01 3.180122438818174047e+01 4.331988970363936176e+01 5.732765965070650083e+01 7.719192251738533628e+01 8.877518266796118951e+01 8.877518266796118951e+01 9.705890207732420549e+01 8.378365052899285104e+01 6.387593233448756536e+01 5.147315390018109582e+01 5.244071955563945409e+01 7.237663542254756521e+01 8.008812040302574076e+01 6.935377756037748043e+01 4.953997602583660864e+01 5.008380823366018575e+01 3.015274855337171900e+01 4.168497044964322384e+01 5.576945783046372895e+01 7.552831361963960433e+01 6.088011479104343238e+01 4.687778690990293029e+01 3.870279203095422815e+01 4.859555498818801311e+01
6.436616642979952019e+01 4.893814021086154753e+01 5.253466012638643434e+01 4.838257048889779099e+01 3.920497370638614854e+01 1.911717494898180902e+01 3.413509879062430485e+01 3.036954461499849600e+01 1.287199290275252928e+01 3.416791562446925212e+01 5.460739703065104322e+01 5.874652620623557198e+01 5.500760671929334933e+01 3.515771621182280171e+01 5.500760671929334933e+01 6.442896309484686412e+01 6.937771366487250191e+01 6.883538455314871385e+01 6.883538455314871385e+01 8.877518266796118951e+01 9.130087208916684460e+01 7.141217329077370835e+01 6.145901306524360308e+01 5.909987518647603366e+01 7.901501554058336296e+01 7.196292337644770498e+01 5.216623469521717027e+01 4.218883560358159457e+01 3.325662089858327874e+01 3.473863659065913367e+01 5.465231396936327712e+01 6.680638700222839077e+01 7.494294950099124719e+01 7.488420287843173639e+01 6.336664510887773361e+01 4.346999683643397816e+01 6.336664510887773361e+01
