LEM/with_lateral_4open/elevation_000306.asc
nrows	100
cellsize	150.0
xllcorner	0
ncols	100
yllcorner	0
NODATA_value	-9999
[rows 0 to 16 of 100, columns 0 to 36 of 100]
8.271705653423140625e-02 2.127631151761726416e-02 9.425194436011796739e-02 4.939197167322698090e-02 3.975871534419905817e-02 6.171646774684565184e-02 1.696294146011132625e-02 1.936121709489252440e-02 4.216450047424835645e-02 2.297044857093000214e-02 6.704298068806634203e-02 4.162315340452049650e-02 3.835349583220235004e-02 2.777463300387698203e-02 2.207885817162396139e-02 7.161913568127860341e-02 9.025521335945362045e-02 3.502399586135773735e-02 8.040414306008919487e-02 3.131346976591601466e-02 7.604099264847130613e-02 2.387740603804927586e-02 5.687112022313325910e-02 4.074439634684711570e-02 8.709178300582484655e-02 7.612946965408906586e-02 1.077918208624280109e-02 9.929772718869623455e-03 4.600412614040166881e-02 2.152795518990661267e-02 2.378824418737431057e-02 9.511189423522797837e-02 9.406546861214974686e-02 1.749038473908382007e-03 2.223905489293687143e-03 6.269637160239108220e-02 9.476101746191394060e-02
7.813061968023242432e-02 2.002127631151726206e+01 2.009425194435976181e+01 8.214357780950559018e+00 2.003975871534384368e+01 1.420385209147792160e+01 2.001696294145975585e+01 2.001936121709453786e+01 3.891166295071745829e+00 2.002297044857057529e+01 2.006704298068770953e+01 1.973868243285978963e+01 2.123497636402954303e+00 2.002777463300352068e+01 2.002207885817126964e+01 8.236584944958609711e+00 2.009025521335909659e+01 1.417715961959243387e+01 2.008040414305973442e+01 3.953636172529604753e+00 2.007604099264811737e+01 2.002387740603769473e+01 9.001143030222213071e+00 6.707411063013542396e+00 2.008709178300546938e+01 2.007609639135528923e+01 1.001077957163775523e+01 2.000992959736056775e+01 1.579507596451348839e+01 1.090572922839620151e+00 2.002378824415079706e+01 2.009511189423487210e+01 8.259031277918570169e+00 2.000174903847355168e+01 2.000222390548893969e+01 8.227662180879580234e+00 2.009476101746155763e+01
2.526786264046545702e-02 2.002526786264010994e+01 3.649862902841145029e+01 2.235649340468176050e+01 2.821435778095020197e+01 3.420385209147862327e+01 3.021572161540809276e+01 1.021572161540844981e+01 1.205613210434893645e+01 3.205613210434822236e+01 3.581536342340704948e+01 1.576996870613500512e+01 4.220067309846800008e+00 2.422038541160409508e+01 3.652085619242151182e+01 2.237872056868981119e+01 2.823658494495896676e+01 3.417715961959314086e+01 2.209577179626082355e+01 7.953636172529621184e+00 2.795363617252997557e+01 3.728541427768310967e+01 2.054814841401452341e+01 1.377847887487907919e+01 3.377847887487978085e+01 3.001162315848680251e+01 3.001105928795790589e+01 2.762273434340686151e+01 2.180894086220928330e+01 2.161148377984538183e+00 2.232738574181070490e+01 3.654308087947517691e+01 1.980603673661887143e+01 3.654356175403977858e+01 3.651193342823219723e+01 1.822766218087940260e+01 2.653583903932327104e+01
4.163169627051844027e-03 2.000416316962669683e+01 3.834311047239647507e+01 4.235649340468246749e+01 4.821435778094949143e+01 3.707566502110797302e+01 1.707566502110868356e+01 3.021572161540809276e+01 2.360313748814124679e+01 4.034040335180983305e+01 4.414687231892079211e+01 2.637707920046377552e+01 6.376722773915576958e+00 2.051897714122952721e+01 4.051978993649790084e+01 4.237872056869051818e+01 4.823658494495967375e+01 5.038004304372372388e+01 3.231799397725021095e+01 1.231799397724950751e+01 3.231799397725021095e+01 4.883241966147542001e+01 4.054814841401380932e+01 2.272275078487839295e+01 4.206275012234198130e+01 5.001617985763015639e+01 4.407489586115906377e+01 1.978041176447529637e+01 3.686134084450355175e+00 1.826043064807522143e+01 2.812715222222836076e+01 4.212162933177323509e+01 3.980609759967071426e+01 4.809074571102325280e+01 4.651193342800803521e+01 3.236979780460985268e+01 2.991645605737845059e+01
5.883922493566802470e-02 1.005883922493558025e+01 2.420097484866628079e+01 4.420097484866556670e+01 5.638177843978155579e+01 3.638177843978226633e+01 2.223964281605181625e+01 4.223964281605252324e+01 4.360313748814053270e+01 5.188740873560214339e+01 4.272851577123709887e+01 2.272762963786551182e+01 8.585353295412671670e+00 2.858575314199892148e+01 2.839713064314377888e+01 4.253995105497906337e+01 6.254118366207438129e+01 4.864792559580502740e+01 2.864792559580432041e+01 1.809149666914586518e+01 2.864792559580432041e+01 4.864792559580502740e+01 4.272275078487910349e+01 4.272275078487909639e+01 5.100702203234129684e+01 5.084950881082569651e+01 3.657425773410901115e+01 2.490280243700079410e+01 4.770786381252105635e+00 2.460519512819164234e+01 1.500228084285667940e+01 3.419971388327478223e+01 5.164211142475596716e+01 6.118211055123551034e+01 6.065406905100170576e+01 4.763394013417752149e+01 3.345198996958261972e+01
1.256007409845548775e-02 1.415469569782928083e+01 3.415469569782857207e+01 4.301056966245059954e+01 5.455757504624331489e+01 5.052391406351471659e+01 3.378664819984474121e+01 3.293009249254917137e+01 5.293009249254987481e+01 5.125705787056546114e+01 3.125585594397173139e+01 1.711339255211355947e+01 2.858575383769271028e+01 1.206690641525940144e+01 3.206739110224904721e+01 3.614999817332076759e+01 5.615114968241625348e+01 5.693219684326722074e+01 4.412172356070195178e+01 2.412172356070124479e+01 4.412172356070195178e+01 5.693219684326722074e+01 6.272275078487980693e+01 5.785494244414218912e+01 4.951597779256314880e+01 4.001068562445239252e+01 2.229900665755472389e+01 8.058963532028947441e+00 2.490252666897979950e+01 6.518195070313231199e+00 2.667101546801940870e+01 2.473016893249100079e+01 3.419891854468814785e+01 5.314109756705607879e+01 5.349180385580775976e+01 3.349180383527001226e+01 1.934966821153233596e+01
9.594114293757748102e-02 7.167008954803082865e+00 1.472629841498769387e+01 2.627330379878041455e+01 4.627330379878112154e+01 6.207091944730764510e+01 5.378664819984544465e+01 4.293009249254951953e+01 6.121436374001207525e+01 5.711521791371364287e+01 3.711407236015846678e+01 2.527841993626336858e+01 3.761457772136021305e+01 1.761390912362847061e+01 1.614938936314818108e+01 3.614999826154415530e+01 4.733064932320419160e+01 6.733192825252152147e+01 5.119279137256754808e+01 3.119279137256684464e+01 5.119279137256754808e+01 6.455259502604862121e+01 5.621954491949566801e+01 4.951597779256306353e+01 2.930997707011825426e+01 3.165376862180107409e+01 1.146566855204163282e+01 2.821671745431768841e+01 2.794908658725382367e+01 7.785644959816378829e+00 2.794942607760576792e+01 4.366955867986584394e+01 5.164211157609888403e+01 6.118211084444374137e+01 5.567959986222668078e+01 3.567959983023908421e+01 2.434966821153242478e+01
7.711341127313005306e-02 2.007711341127277649e+01 3.472629841498839909e+01 4.301056966245059954e+01 5.217143796459706806e+01 6.045570918903305824e+01 7.121436374001342529e+01 6.293009249255022297e+01 7.121436374001342529e+01 5.942260204291147119e+01 3.942118538000534045e+01 4.527946468723295936e+01 4.364508857629188299e+01 2.364414564439693578e+01 1.916450291923464277e+01 2.732951188868833015e+01 4.147233403179308198e+01 6.147387355238645057e+01 5.947706262002974853e+01 4.273979675635976605e+01 5.947706262002974853e+01 5.621954491949568222e+01 3.604465766547554040e+01 4.195374533250356563e+01 3.522817766106206250e+01 1.500826669789467438e+01 3.165376862180107409e+01 4.000822272360568377e+01 2.923557330700244350e+01 9.060802861389491980e+00 2.919776524749055113e+01 2.516038415916441195e+01 3.685906967233938047e+01 5.701428798351704330e+01 6.396387267508660557e+01 4.434966821956185612e+01 3.067422353186929485e+01
2.297228869525369793e-03 2.000229722886917116e+01 3.245125951207620574e+01 3.952232732393904513e+01 3.217143796462086414e+01 4.631357358835131777e+01 6.631357358827017379e+01 6.626276659173642258e+01 7.454763524389097995e+01 6.770698188267499518e+01 5.942260204291147119e+01 5.307385492013350614e+01 3.307241861955498763e+01 4.245333932605620220e+01 2.245248313476934499e+01 4.245333936077756221e+01 5.561523329435242857e+01 6.911142146086525884e+01 7.102406800382367180e+01 6.273979675636046949e+01 6.894622427741620641e+01 5.470923832528841757e+01 4.195374533250396354e+01 2.169674779952173083e+01 1.884291116609342254e+01 2.930985334520857322e+01 4.357673519198372247e+01 4.533247114984849446e+01 2.545849930472493483e+01 2.923598544899427409e+01 1.089041089412193841e+01 2.519805927452693695e+01 4.564389201100205185e+01 6.530054670639592018e+01 7.263394224027561563e+01 5.895849583587838794e+01 4.067422353186964301e+01
9.647730019007895452e-02 6.126704191745377948e+00 1.245125951208219206e+01 1.952232732394779191e+01 3.952232732393895986e+01 4.971572789390116043e+01 5.800020839630583680e+01 4.626272303256289575e+01 6.300036818769594760e+01 7.876453019944763412e+01 5.876367724607570153e+01 4.462017513400614632e+01 5.307385492013350614e+01 4.645355207593377145e+01 2.645248621616408968e+01 3.188069899471978630e+01 4.082538913711659490e+01 5.496890270044725924e+01 7.497015416839030877e+01 7.121631567912199046e+01 5.960364682930710956e+01 4.047225237316065716e+01 2.612520576408561013e+01 4.195374533250396354e+01 3.317507569228477138e+01 3.908788510179980591e+01 5.780700562741160553e+01 5.344600233148878488e+01 3.820571429993965040e+01 1.290489950357188498e+01 1.422960547880288829e+01 3.237599775599840513e+01 4.557576294546588258e+01 5.915853758798347428e+01 6.740690770267686105e+01 6.895849641372356587e+01 5.481635915566472761e+01
3.582433992925927735e-02 2.003582433992890444e+01 2.765505957513230584e+01 3.103567737245459668e+01 3.451723149709659566e+01 2.971571760626150649e+01 4.316872002219083271e+01 3.471571760740216206e+01 5.471573605904338677e+01 6.608482051457544060e+01 7.290553541357213874e+01 5.876367721772318475e+01 5.375707764947426170e+01 3.375554504145014789e+01 3.352363557398587091e+01 4.602375930492878098e+01 6.016659306991207501e+01 6.911142146086525884e+01 7.319014254749058068e+01 6.288731676690714778e+01 4.277120244516228098e+01 3.106458628865152605e+01 3.785344000856549229e+01 5.470923832528841757e+01 5.336638500209728875e+01 5.924890523955095034e+01 5.825848512726035722e+01 5.021396398333342148e+01 3.503078973564136334e+01 1.433538321932455517e+01 3.206119865952389603e+01 1.890977004653069216e+01 3.793698357300488055e+01 3.919574067349572033e+01 5.589340175430277213e+01 6.586989732082456328e+01 7.481635923563088397e+01
1.813270376062421294e-02 2.001813270376026921e+01 7.655058366696331440e+00 1.103567538561042660e+01 1.451722850472441451e+01 1.816871222142558651e+01 2.316871222142567532e+01 3.023978003329127517e+01 3.779906949347792278e+01 4.934607491459852469e+01 6.934629640570764764e+01 7.876450939127934703e+01 5.930459649653160170e+01 3.930272816868730956e+01 4.108325863185594784e+01 6.108517018694828238e+01 7.430942836162510901e+01 7.644402749495178284e+01 5.638415795886510296e+01 4.477042704385975469e+01 3.650493213918598912e+01 5.127327274819842984e+01 5.800844240658036455e+01 6.633801900528006001e+01 6.272290009858524229e+01 5.440719564440551181e+01 4.723951335878953017e+01 3.083729278597883194e+01 3.589933923708640862e+01 1.577004074621912721e+01 3.577054066553596812e+01 3.793698357300488055e+01 2.374222141039974332e+01 2.793880012605215413e+01 3.765210665056406469e+01 5.176952481657267668e+01 7.173063477053185011e+01
2.372884694381488524e-02 3.005152816943540195e+00 1.056444227712815120e+01 3.056444284497889541e+01 3.451723149737921403e+01 3.231084788299146027e+01 2.816871222147803877e+01 4.816872091929310074e+01 5.779911853032820090e+01 6.608482051457544060e+01 7.763419856392232532e+01 7.344771121508219380e+01 5.344629742992827204e+01 4.686263323671155945e+01 6.108517018694828238e+01 5.522690695925579973e+01 7.522826872319497227e+01 8.478455683865773551e+01 7.319014254749058068e+01 6.104906262628741587e+01 4.093548327100936746e+01 5.517209988103808627e+01 7.523730579142971919e+01 6.861910644057195441e+01 4.854853461781687685e+01 3.422054608218950023e+01 3.884802990615508378e+01 1.927470713479953801e+01 1.781321022663127707e+01 3.589928985111981063e+01 4.423460876418278076e+01 5.010877519900260069e+01 3.032575674095546958e+01 4.763405260632057292e+01 3.708188370012634039e+01 5.119724069537281963e+01 7.116116303911198315e+01
8.175220331382776484e-02 2.008175220331347077e+01 3.056444284497879238e+01 2.470657790601159221e+01 4.470657982718362433e+01 5.231086260151879941e+01 4.816872091928883037e+01 4.081782288915276524e+01 5.495995947900623690e+01 7.496003672727495371e+01 8.204488791168799366e+01 8.173067712993680800e+01 7.344774881553193779e+01 5.841115757067968417e+01 6.319446110536136985e+01 7.522826872319497227e+01 8.351198798203962781e+01 8.310616951004890041e+01 6.304442468452797499e+01 4.885238931648308380e+01 5.256910625390848679e+01 6.937427876256801085e+01 7.379894998783798599e+01 6.368830537504987177e+01 5.516537506867081930e+01 4.164552599923798937e+01 2.138136943533337231e+01 3.947814957812477843e+01 3.797986799714986716e+01 3.206398215439433841e+01 5.226363262122396947e+01 5.010877519900260779e+01 4.426195808570381018e+01 5.010877519900260779e+01 4.599450742210999721e+01 6.529916078139098090e+01 7.186019143587222402e+01
9.124702163186203252e-02 1.423338264536268660e+01 3.423338264536197784e+01 4.470657982718361723e+01 5.299088245816025022e+01 4.901310736587561934e+01 5.731210579898434077e+01 6.081784648060870069e+01 6.910245756691678309e+01 7.616290333486490738e+01 6.209824010231402980e+01 7.616290333486490738e+01 8.669561143306923157e+01 7.841232864464335250e+01 8.319510226058561386e+01 9.147809533071146859e+01 9.470638213023397611e+01 7.461422449347172403e+01 6.044417151444043412e+01 5.889435225131302332e+01 7.263289845394064059e+01 8.096813280143260272e+01 6.534245600666538678e+01 4.520172851635911826e+01 3.572431248040787466e+01 2.925320724245650084e+01 2.290894210329333447e+01 4.322570637578056107e+01 4.859159225309399943e+01 5.226349161091773965e+01 6.057149864352662405e+01 7.005384057020566502e+01 6.422424037064369884e+01 7.005384057020566502e+01 5.756051514453900353e+01 7.422708604968315171e+01 7.987190078459472886e+01
2.239863785106879432e-02 2.002239863785071350e+01 2.859707550487059891e+01 3.326795283966685446e+01 3.904305689688555958e+01 2.907300642781283884e+01 3.901805115492850717e+01 5.313511025652267961e+01 7.318696855264602164e+01 6.724175142088502355e+01 4.795174393431797455e+01 6.724175142088502355e+01 7.686429678967287771e+01 7.885732184961980806e+01 7.416320235970823660e+01 7.416320235970823660e+01 8.247999904395005899e+01 8.884514580833931063e+01 7.461422449347172403e+01 7.306358583762617798e+01 8.728980531259551867e+01 8.509652842832647934e+01 7.379894998783798599e+01 6.368830321136557160e+01 5.516537504872721343e+01 4.550775072957925005e+01 2.529620768166420675e+01 2.600720926829889024e+01 2.826766448620822914e+01 4.858650073073209086e+01 6.011654746653894676e+01 6.594887348710460628e+01 7.422670759972268684e+01 8.422333954430482095e+01 7.749116948120605741e+01 8.572531912661577280e+01 7.808266357223970999e+01
1.766589122093755945e-02 4.281648698061555791e+00 8.645685567422473738e+00 1.335780272466601026e+01 1.912146576040871437e+01 3.904305689688555958e+01 5.731210579898434077e+01 6.731745623002905177e+01 6.612349319878100573e+01 5.900124436000550077e+01 3.899851631667593210e+01 4.866730686455157695e+01 6.864710614865494165e+01 5.883369628287090336e+01 5.414401061099204782e+01 5.414401061099204782e+01 7.416320235970823660e+01 8.466321647711198750e+01 9.470638213023397611e+01 9.314875318247163705e+01 8.509652842832647934e+01 6.512084016301477618e+01 6.811488386464047551e+01 5.983577490283890654e+01 4.912147622419460191e+01 2.881168970977703836e+01 4.563837666221522227e+01 4.044675455681630893e+01 4.859162023535362351e+01 3.157374077637593501e+01 5.183572951966432640e+01 4.589509516660233146e+01 5.594859459614458785e+01 7.009791030994171024e+01 9.007530033723878660e+01 7.808266357223970999e+01 5.806386115318263563e+01
