LEM/with_lateral_4open/elevation_000396.asc
nrows	100
cellsize	150.0
xllcorner	0
ncols	100
yllcorner	0
NODATA_value	-9999
[rows 0 to 16 of 100, columns 0 to 36 of 100]
8.271705653423140625e-02 2.127631151761726416e-02 9.425194436011796739e-02 4.939197167322698090e-02 3.975871534419905817e-02 6.171646774684565184e-02 1.696294146011132625e-02 1.936121709489252440e-02 4.216450047424835645e-02 2.297044857093000214e-02 6.704298068806634203e-02 4.162315340452049650e-02 3.835349583220235004e-02 2.777463300387698203e-02 2.207885817162396139e-02 7.161913568127860341e-02 9.025521335945362045e-02 3.502399586135773735e-02 8.040414306008919487e-02 3.131346976591601466e-02 7.604099264847130613e-02 2.387740603804927586e-02 5.687112022313325910e-02 4.074439634684711570e-02 8.709178300582484655e-02 7.612946965408906586e-02 1.077918208624280109e-02 9.929772718869623455e-03 4.600412614040166881e-02 2.152795518990661267e-02 2.378824418737431057e-02 9.511189423522797837e-02 9.406546861214974686e-02 1.749038473908382007e-03 2.223905489293687143e-03 6.269637160239108220e-02 9.476101746191394060e-02
7.813061968023242432e-02 2.002127631151726206e+01 2.009425194435976181e+01 2.004938936609791966e+01 8.984030625343265797e+00 2.006171646773693595e+01 3.865964736057624140e+00 2.001936121709453786e+01 2.004216450047389131e+01 2.002290208255337589e+01 9.011314890630755414e+00 2.004160796485803075e+01 2.003829019850430271e+01 2.159781796559977263e+00 2.002207885817126964e+01 2.007161913568092260e+01 8.255221022636785477e+00 2.003502399577939386e+01 1.422253976679091458e+01 2.003131346976174498e+01 3.611574898581216164e+00 2.002387740603769473e+01 1.419900674395395868e+01 1.004074439634695182e+01 2.008709172532389076e+01 2.005519401644641420e+01 2.001077918113611886e+01 1.164630311098120208e+00 2.004600412493725159e+01 2.002152795439961253e+01 1.416592386791844937e+01 2.009511189423487210e+01 5.867568160508431774e+00 2.000174903847355168e+01 1.414435952922011808e+01 1.420483199533346585e+01 2.009476101746155763e+01
2.526786264046545702e-02 1.416740351726376446e+01 3.416742507635837001e+01 2.898400860089369502e+01 2.312616628382289363e+01 3.142525419956157151e+01 1.142525419624223559e+01 1.035482158128818320e+01 3.035482158609695347e+01 3.729337260383432806e+01 2.315345191432586347e+01 3.729384110216503956e+01 2.430367165735072632e+01 4.304006866235558171e+00 2.430367339922463898e+01 3.653949212050525119e+01 1.980222640642950438e+01 3.653949263386165569e+01 3.422253976622835836e+01 2.720368151158434245e+01 7.203680939116729576e+00 2.134581656649212889e+01 3.419900674395324813e+01 2.418288002283365756e+01 3.832504269580387302e+01 3.829608008110028550e+01 2.232097369265667908e+01 2.321260175030598560e+00 2.225532068596616853e+01 3.246220873320605449e+01 3.416592386984706309e+01 3.189779505229913781e+01 1.189779505206375809e+01 3.189779505229913781e+01 3.414435952921940753e+01 3.420483199533416752e+01 2.679252796941944581e+01
4.163169627051844027e-03 1.414629879335787699e+01 3.414629879335716822e+01 4.898372017183444882e+01 4.312619240638652229e+01 3.970952772432074340e+01 2.142525419624241323e+01 3.035482158609695347e+01 1.742588939315378127e+01 3.742588940059255265e+01 4.315393728231979509e+01 3.863281570217322525e+01 2.648564338381539685e+01 6.486185768595473355e+00 2.062822676661620491e+01 4.062669718361792803e+01 3.980222641566785313e+01 4.808649847808811728e+01 4.105268481726589869e+01 2.105268273372047005e+01 1.105268273371426879e+01 3.105268377549323944e+01 4.963012880139035587e+01 4.418288294385666148e+01 4.772047429461857604e+01 3.016775543458004449e+01 1.016588825817273367e+01 2.210590256352205074e+01 4.005564017163629309e+00 1.815957100751676023e+01 3.838462156619606702e+01 3.896886286484480877e+01 1.896886286392935972e+01 3.896886286484480877e+01 5.066095460749829726e+01 3.072404283756138810e+01 1.934405709353722003e+01
5.883922493566802470e-02 1.420097484866649218e+01 3.420097484866577986e+01 4.693507539468487266e+01 5.521934664214707311e+01 4.970952897163139994e+01 3.556738982034360674e+01 4.277111424155435060e+01 2.277111423140236113e+01 4.277111424155435060e+01 4.442355868261057594e+01 2.456382495527680021e+01 1.048614180009426988e+01 1.013766948529127099e+01 3.013700680264110332e+01 3.558007065718337003e+01 5.557679721826703201e+01 6.105270790741838738e+01 4.105268481726630370e+01 3.541704237645294029e+01 1.541704053843415423e+01 2.955917617548978527e+01 4.955918240538525055e+01 5.357387409042966908e+01 3.371883223633523841e+01 1.959345151181739553e+01 3.006385295688932757e+01 2.518358301346577122e+01 5.205084304971759224e+00 2.498173672918853327e+01 4.069361973561431967e+01 4.725313473167004474e+01 3.051586824772207862e+01 4.725313493764647177e+01 5.894549774917329188e+01 4.742413702710474865e+01 3.440657622407363192e+01
1.256007409845548775e-02 2.001256007409810067e+01 3.060514377612900105e+01 2.693507539468416923e+01 4.596048283545786006e+01 5.596048283545803770e+01 5.556739008100250743e+01 4.880134113749199543e+01 2.880134112295774074e+01 4.880134113749199543e+01 4.734873662544757877e+01 2.749533581310430463e+01 1.343486024333677520e+01 3.013700682152441601e+01 1.558098000174779862e+01 3.558007079403942896e+01 4.989228670930620524e+01 6.143718905765189930e+01 4.541704927729487196e+01 2.541704053845629829e+01 2.436131244843417676e+01 2.955917617548978527e+01 4.955918240538525055e+01 5.357387409042966908e+01 3.371883223633523841e+01 3.953423925057697375e+01 3.633423817259611610e+01 2.640969536660190897e+01 6.411129683282808855e+00 1.273725210709527111e+01 3.295151704488531408e+01 5.304226451979740631e+01 5.051586825216619303e+01 5.880014144155062183e+01 5.852429274363998246e+01 4.162734904315381357e+01 2.190271226276639638e+01
9.594114293757748102e-02 5.259918937880821765e+00 1.060514377612935633e+01 1.767621158799495618e+01 2.767621158799513381e+01 4.767621158799583725e+01 6.294347679612386059e+01 4.294347674676652815e+01 4.034834650675182388e+01 5.708561295107773503e+01 4.778973487251622743e+01 2.795585987989522181e+01 1.648436438972457196e+01 3.633864180645307584e+01 3.558007079403942896e+01 2.161120626429079650e+01 3.315806917394563413e+01 5.315533264761444343e+01 5.370156010473417041e+01 3.436131244863270950e+01 3.436131244855322819e+01 4.955918240538525055e+01 5.784356923297868036e+01 6.172211635290766907e+01 5.357387409042966908e+01 3.889254111796506663e+01 2.815714031694168185e+01 8.158537796604740322e+00 2.640449489050865139e+01 3.201931906966501629e+01 2.430093195440323584e+01 3.849974689259681782e+01 5.893962504415657122e+01 6.219819393963961573e+01 4.169213673470333958e+01 3.020131079540832175e+01 4.162734904315381357e+01
7.711341127313005306e-02 2.007711341127277649e+01 3.060514377612971160e+01 3.767621158799565961e+01 4.596048283545786006e+01 5.596048283545803770e+01 7.122774915538887797e+01 6.294347679612386059e+01 6.034834654113662111e+01 6.863261873546410641e+01 5.607362556389948338e+01 3.955462485680839535e+01 1.972697845645995329e+01 3.955462485680839535e+01 4.646020604185193292e+01 2.646191679105774597e+01 4.060350698106560685e+01 6.059952834514004394e+01 6.264616959515203121e+01 4.590831785236286322e+01 4.850344819564602972e+01 6.264572151318822080e+01 6.864596257708396365e+01 5.792253404872036526e+01 4.327093321493234868e+01 3.033770723919090173e+01 9.965553597916084527e+00 2.486171256790190043e+01 1.599168896937230855e+01 3.568114153420353318e+01 4.437058244648664385e+01 5.266898445531509765e+01 6.533401001281571041e+01 7.047457465739590532e+01 5.852429274363998246e+01 4.011423078424662236e+01 5.852429274363985456e+01
2.297228869525369793e-03 2.000229722834694712e+01 3.545932063398521450e+01 4.374526235328980306e+01 5.788958711521267020e+01 5.567983357176830594e+01 6.145855965546947886e+01 6.329936658110248260e+01 7.150220478730578577e+01 6.330704781119344915e+01 4.334046073805456700e+01 3.195056801007391911e+01 2.310169799736173957e+01 4.291395947019344703e+01 5.474238619493328173e+01 4.646020604185193292e+01 3.498988283562244561e+01 4.913080227709319558e+01 6.912516540883213167e+01 6.005045546215712449e+01 6.850347047820842761e+01 6.682845380618832110e+01 5.642999470294834907e+01 3.936901775906883927e+01 2.861933238114439604e+01 1.422982362404033552e+01 3.010802899199055815e+01 1.198072418938459371e+01 3.174047139278973617e+01 2.445663322766665360e+01 3.102512364514376131e+01 3.840325902859567719e+01 4.952947731066637260e+01 6.827903469861635699e+01 6.859308996844022488e+01 6.023215566785695785e+01 6.859308996843925854e+01
9.647730019007895452e-02 2.009305500999275296e+01 1.545846629571667563e+01 2.960090914310659826e+01 4.735750774744462177e+01 3.556863015201242462e+01 4.143770264073786080e+01 4.317875663090119787e+01 6.329936658110248260e+01 7.161590086972719860e+01 6.007247210164442208e+01 4.665318586724748684e+01 2.686301668354662553e+01 4.081791366759808426e+01 6.074078338202381389e+01 6.326895677776035143e+01 4.913080227709319558e+01 4.763810150561076284e+01 6.763276188431447622e+01 8.005078282626064379e+01 7.295821339632458091e+01 5.228435348712900321e+01 3.741795657273387832e+01 2.703425783108557567e+01 1.876261854611678714e+01 3.470254262347393848e+01 3.316163264829567936e+01 1.341295325231098445e+01 3.316163207723445083e+01 4.395505589396067592e+01 5.036464103329771547e+01 5.755563571890787244e+01 6.533401001281571041e+01 7.586346755702342648e+01 8.457630997405100004e+01 6.503330829165706461e+01 6.503330829165706461e+01
3.582433992925927735e-02 2.809325321055410551e+00 2.280970941882560865e+01 3.007757058690479113e+01 2.737986254847307421e+01 2.140370553765164630e+01 2.896764852431680026e+01 4.331393189249152442e+01 6.398941718525686895e+01 7.188773691945750954e+01 6.472341490085725013e+01 4.483710373941803340e+01 3.090205787867929033e+01 5.069179300362553420e+01 6.453928703465166450e+01 7.284846185733799473e+01 6.912516540883213167e+01 6.177716746651148583e+01 7.591529115744161516e+01 8.283726542979557905e+01 7.443381561726268103e+01 5.929205184557766017e+01 4.482699541510952201e+01 2.404389882903447173e+01 3.936901775804553694e+01 3.540608631518911409e+01 1.568477972554242506e+01 3.315275612366813363e+01 1.812389733801767733e+01 3.779907245045887265e+01 5.080546125090906173e+01 6.301179650163638968e+01 7.128545180494616318e+01 7.669071472129074607e+01 7.884723983963252181e+01 5.931139049479205738e+01 4.540994163452148769e+01
1.813270376062421294e-02 2.001813270376026921e+01 7.025695534681738685e+00 1.007566694151280373e+01 1.323794460241872706e+01 3.319203519799551572e+01 4.368901845848051124e+01 4.885550298470912622e+01 5.563285993510728389e+01 5.213217078550538019e+01 7.187638533136635033e+01 5.897913312308185851e+01 3.968228099089645156e+01 3.831756114995528861e+01 4.452650075484129388e+01 5.865012916010383037e+01 7.875697184634087478e+01 8.176958361216455273e+01 7.960692785151813666e+01 7.120781233437564595e+01 5.377606456634651977e+01 5.075122291943657160e+01 2.980590880321903668e+01 4.482699541510933017e+01 5.338351873374876533e+01 3.699312004144167076e+01 1.730164050878800808e+01 3.699202908536646106e+01 3.779907244992400450e+01 2.302819676643196090e+01 4.262301729052357047e+01 4.334416466262932488e+01 5.986984404126273773e+01 5.678845968622263740e+01 7.668481299719503852e+01 7.313223485116574807e+01 6.503330829165706461e+01
2.372884694381488524e-02 2.002372883055214459e+01 2.702688735721076085e+01 3.007757060201365817e+01 3.322874399468499718e+01 1.913559805089975896e+01 2.372383131136752255e+01 2.949683445201824128e+01 3.582005435617318057e+01 4.737952896308470230e+01 6.757738144532888214e+01 6.790364819819880893e+01 5.111737448011420071e+01 4.973284970688784057e+01 6.453928703465166450e+01 5.865012916010383037e+01 7.875697184634087478e+01 8.297845493195679012e+01 6.259109721349325639e+01 5.048715063433281358e+01 4.243050141368995298e+01 3.655962901435606938e+01 4.464635657499641752e+01 5.929155976264613059e+01 4.878352283479986795e+01 2.885497929132489148e+01 3.425305334539125823e+01 1.966647782696156455e+01 4.045246439089030588e+01 4.262301729052357047e+01 2.821837806942007632e+01 3.213876868711731305e+01 4.080908984212192792e+01 6.041125843990572264e+01 7.447333606370611392e+01 8.533102071067501981e+01 7.882895108807024087e+01
8.175220331382776484e-02 2.008175220331347077e+01 3.384673435525832019e+01 4.218922601625808966e+01 4.741379772944114990e+01 3.328029148811442184e+01 3.785383240721763798e+01 4.004147642459867740e+01 5.591056161551385628e+01 6.430698831918985547e+01 7.601416895129125351e+01 7.948446400021542502e+01 7.118434772585634107e+01 6.979163127637274044e+01 7.809378023208556385e+01 7.875697184634087478e+01 8.704679455457214488e+01 9.134544261028975143e+01 7.960692785151813666e+01 5.961250183519820922e+01 5.735760832302774759e+01 5.150271529125867431e+01 6.548947548037995148e+01 6.708684260468908178e+01 4.591644360330543861e+01 4.662994622805430822e+01 4.065773464440683682e+01 2.135009009309086991e+01 4.095305174198543341e+01 5.594952249271817379e+01 4.199661286830017559e+01 5.165673625906725164e+01 3.946556424669589092e+01 4.737990494289569199e+01 5.717349276389935397e+01 7.719088979008031970e+01 7.063440952050673616e+01
9.124702163186203252e-02 6.757913688195594126e+00 1.382898621911656534e+01 2.797522837572370946e+01 4.803441738386062809e+01 5.345199017267501063e+01 5.779075180860914429e+01 6.003337748377492034e+01 6.833510957589562906e+01 6.789397183822281079e+01 6.789397183822279658e+01 7.583135964352213421e+01 8.117693845197965175e+01 7.767327522808018614e+01 6.947777640531708698e+01 7.767327522784357541e+01 8.103349230596560915e+01 8.923957517809321871e+01 8.850602122684047401e+01 8.012243089673424379e+01 7.790617426208899587e+01 7.220702745952524992e+01 7.298278741364454447e+01 6.469969572662036228e+01 6.673922798117767741e+01 5.319896355841248692e+01 4.261877387654952543e+01 2.305105042686288641e+01 3.688762088350960511e+01 5.640220525709158750e+01 6.165061355701156742e+01 6.732667450603412362e+01 5.325542538740704401e+01 5.325542538740704401e+01 7.308748800026145886e+01 8.562301262914097322e+01 7.882895108807024087e+01
2.239863785106879432e-02 2.002239863785071350e+01 3.381432778768540715e+01 3.384768021349491818e+01 5.391482728355973819e+01 5.227530837916476258e+01 5.811408952347110812e+01 6.124769857687755348e+01 6.204151506664242532e+01 4.825167048976275908e+01 4.825167048976275197e+01 6.789397183822279658e+01 6.141394341806864077e+01 6.141394341806855550e+01 4.972550021748008930e+01 6.706939183151430939e+01 6.128527202865090118e+01 8.103349230596535335e+01 9.392211189946895900e+01 8.787998985905670679e+01 7.954740764841797329e+01 8.121795140966243309e+01 6.469969570854129870e+01 4.504942523303528645e+01 5.080485619788201035e+01 4.502095810608557258e+01 2.550581645384835383e+01 4.261872918504969476e+01 5.076737832680677798e+01 6.008378701325230509e+01 6.666424944999850766e+01 7.497603941176978992e+01 7.308748800026145886e+01 7.308748800026145886e+01 8.139792362466101849e+01 7.427260204320127457e+01 6.617645200591407217e+01
1.766589122093755945e-02 1.421969319868954784e+01 3.440954023129027917e+01 3.508967848186672711e+01 4.285324430793638584e+01 3.228970523144513294e+01 3.814149407430799243e+01 4.145147460340955803e+01 4.465486885803903760e+01 3.415379112096007219e+01 5.400476735661704453e+01 6.618637775357389330e+01 5.799266398110247422e+01 4.161088220069979116e+01 3.978716341812661739e+01 4.731157316495658449e+01 6.706939183151105510e+01 6.595694864599337848e+01 8.571203573893110672e+01 7.954740764841797329e+01 5.961546423741393852e+01 6.545339528602318069e+01 5.316979315211418822e+01 5.080485616242570046e+01 3.137916179257517868e+01 2.890253530781066971e+01 4.502095797789771581e+01 2.911935739059139294e+01 3.473343488389235034e+01 4.052813197172893211e+01 4.693994285856590665e+01 5.670130725738494704e+01 7.074084646679425248e+01 9.083806618364674534e+01 7.994413918435661515e+01 6.047368925409298868e+01 4.675515632795046628e+01
