LEM/with_lateral_4open/elevation_000154.asc
nrows	100
cellsize	150.0
xllcorner	0
ncols	100
yllcorner	0
NODATA_value	-9999
[rows 34 to 50 of 100, columns 0 to 36 of 100]
2.064481644892168788e-02 3.308624562556023552e+00 2.330510919081049792e+01 3.238513570494194482e+01 3.079515902501807645e+01 3.298108051690739728e+01 5.007234673987711915e+01 6.159895581650716423e+01 6.131218402792549682e+01 5.272627064495357985e+01 3.621150381715363409e+01 3.311703945255408144e+01 5.423208852950932624e+01 7.175126932656368695e+01 8.214246869664789585e+01 7.542606498331032583e+01 6.700027867177290375e+01 4.926683516192824897e+01 2.911321297321163826e+01 4.069238887939143723e+01 5.500180263059375818e+01 7.541178003082933401e+01 8.236912454073335255e+01 7.417972972728347258e+01 7.121814137482344620e+01 6.205713454729590239e+01 8.173912454468003830e+01 8.389453167162453440e+01 6.426992979252990779e+01 7.333687510454389269e+01 9.306027890803478897e+01 9.045778416931236166e+01 8.464329478434234488e+01 9.870334782413509345e+01 1.127631762186482973e+02 1.007267999402821346e+02 8.074201142502299433e+01
2.905961989428186565e-02 2.002905961989392836e+01 1.963714969980949476e+01 3.962565732296362597e+01 5.077643883698873140e+01 5.296253059839860100e+01 6.125422460443156325e+01 6.260214342352515615e+01 4.916126382234659076e+01 3.154862962796802250e+01 2.551287692865957624e+01 4.676679133580843484e+01 6.281613077662213840e+01 6.788436396288607000e+01 7.623208230592310031e+01 6.700027867177290375e+01 4.666090952838035832e+01 4.678608864996815697e+01 2.664707369060367270e+01 4.084544172322571143e+01 6.112807902977973384e+01 7.460784216816834657e+01 7.101245682250826974e+01 5.452215936081574910e+01 5.155730120114466075e+01 6.544638812041546316e+01 8.515238636028641395e+01 7.695618713822744894e+01 5.737566022569472324e+01 7.695618713822744894e+01 8.882356990570498567e+01 8.060870170159427062e+01 7.075962733036696761e+01 8.464329477601194185e+01 1.023977539362535794e+02 1.089926045710619888e+02 9.332496069238881375e+01
3.542675937824442400e-02 1.417756238310932027e+01 3.417756238311002193e+01 4.789968831146180150e+01 4.802278188164984130e+01 5.014706250239723317e+01 4.247893234955746067e+01 4.227081682150888042e+01 4.049935390292036885e+01 1.889190725269282467e+01 4.049935390299570059e+01 5.539135257492639397e+01 6.454427800623295752e+01 4.760293894434256856e+01 6.454428347025941548e+01 6.841279180324070808e+01 5.261817282091155334e+01 3.242845385931321545e+01 2.425124995377354153e+01 4.437900945210879655e+01 5.534822328621491039e+01 5.534822173481975938e+01 5.607163362871219903e+01 4.311738309081102472e+01 6.283447555738618462e+01 7.255345176042942512e+01 7.273898642693360728e+01 6.456738863896545411e+01 5.212551122899202483e+01 7.101401317383606226e+01 7.441812636149590787e+01 6.103235223265559029e+01 6.750638122410617825e+01 7.438984704228170131e+01 8.831772416381777191e+01 1.082084618647826488e+02 1.015884436683311947e+02
3.411803931810562102e-02 1.417625366304931767e+01 3.417625366747313365e+01 4.229109015807986083e+01 2.806695866093824421e+01 3.006037571353425975e+01 2.112019844803417001e+01 4.144401264420663722e+01 3.655439150597176479e+01 1.514232438977798090e+01 3.591233705664670595e+01 4.913580337624779304e+01 4.436978951571268226e+01 3.572786375710982298e+01 5.018259970459639874e+01 5.137179441949635361e+01 4.017844555549147145e+01 4.018022119403405412e+01 2.198280350232356639e+01 4.209310217842659796e+01 3.577009287223441447e+01 4.979203530720582194e+01 3.628089215643362309e+01 5.607163362871219903e+01 5.690651230583564057e+01 5.290172894516307878e+01 6.084957180199924665e+01 4.489601841824882200e+01 4.812690773424631629e+01 5.143200055223987732e+01 5.486298044798029849e+01 6.175739471847548145e+01 8.134250633893579163e+01 9.414384147611167464e+01 9.049196193450949011e+01 1.103928420383500395e+02 1.150105515217637020e+02
3.327314952832965272e-02 2.003327314952698046e+01 2.258086716562222662e+01 2.117899011214425187e+01 1.745632122944880393e+01 9.737668685778647415e+00 2.849931004585677030e+01 3.674092799978461699e+01 2.871240067738960278e+01 1.233226606306419804e+01 2.820232233492754048e+01 4.189019814393309105e+01 2.388745071747050375e+01 3.488043900971479161e+01 3.017837233733403934e+01 3.134901153227501069e+01 3.837747754462635896e+01 2.016848209833076311e+01 3.850344900729596986e+01 2.420197905473625610e+01 2.578188573258155714e+01 2.995847392878462401e+01 4.981330349201891039e+01 5.352133079693195583e+01 3.673288856033371275e+01 3.890147044818355226e+01 4.112274914212867571e+01 6.084874646436560397e+01 6.775015072103212788e+01 7.101401745819838141e+01 7.441812636149590787e+01 7.441812450158100489e+01 7.300536354232428948e+01 8.434062062462245990e+01 1.041930751697937865e+02 1.186613682628096882e+02 1.067542200525175531e+02
6.779948344387334846e-02 2.006739977607024272e+01 2.231836009177715852e+00 3.156336336219762728e+00 4.084811681057223254e+00 5.016304839313430186e+00 2.501136954661012268e+01 2.731756088543029293e+01 8.709882209380772622e+00 9.731466739501845709e+00 2.967380188688457210e+01 3.220338245839055702e+01 2.511005674499085671e+01 1.489134276075182228e+01 1.604554373414070767e+01 1.720811246858470156e+01 1.838044134185597400e+01 3.838675858526796958e+01 4.711557417110215340e+01 4.410474446787993230e+01 4.567249521031412485e+01 2.824879788996355856e+01 4.811816067761462534e+01 3.370117600487756704e+01 4.762418380275409646e+01 5.853147155032044680e+01 6.084957332732845003e+01 4.726823235707856696e+01 6.691166762881603347e+01 7.982883539608685908e+01 8.677926507275559231e+01 9.414031839990465755e+01 9.273125519406025319e+01 1.009806554799451703e+02 1.124605813905432257e+02 1.153796046477403650e+02 1.150105515217637020e+02
9.516927588586144779e-03 9.271798630708336653e-01 1.974226413367660626e+01 2.310329528537399213e+01 2.407722735759146460e+01 2.431435660818268119e+01 6.354290850733346652e+00 7.316897890154808515e+00 2.731260486067178306e+01 2.970821016587837349e+01 1.120980106253806419e+01 1.224916046743844156e+01 1.328965958141666093e+01 1.618957584495760216e+01 3.603649521829605362e+01 3.720786671010191782e+01 3.835739450467547584e+01 2.316003633121785299e+01 4.317109211359428400e+01 5.654055840550087453e+01 5.618129867051020199e+01 4.778740184420745862e+01 3.075168870892306217e+01 5.059901001392656639e+01 6.100573303852919338e+01 7.331560200959283691e+01 7.508413482045264686e+01 6.691166657713526433e+01 5.403977572573167265e+01 6.023149477378770200e+01 6.712048124662466364e+01 7.689048280655838141e+01 9.083975961512039987e+01 1.107387786072690687e+02 1.095463586173237331e+02 9.540352050686391294e+01 1.064989701195531069e+02
1.945935296826603253e-02 1.929952786830076406e+01 1.748143542860188404e+01 3.743588720402993175e+01 3.420404300320043944e+01 1.420308587692502478e+01 2.635809963997683525e+01 2.081026875921945773e+01 1.487645832581786465e+01 3.479468500631553951e+01 3.118805577042036603e+01 3.028779615587770024e+01 1.957118502708081920e+01 3.609252526411750495e+01 2.039098329493945627e+01 4.037594345422397168e+01 5.139650095434079446e+01 4.317109211360795484e+01 2.824623564795284025e+01 4.825374933742352113e+01 6.203887090839570817e+01 5.854298625544073786e+01 5.059901001733839365e+01 3.575111648288581279e+01 5.554830790226329640e+01 6.747307612642057961e+01 7.565710404207270301e+01 8.182267934194685211e+01 6.786924035063120186e+01 7.001772730686886348e+01 8.677926507275955714e+01 9.501500847526135374e+01 1.049276407171501830e+02 1.032782233254626334e+02 9.499920140271881053e+01 8.137102932879018624e+01 8.658078642670508884e+01
5.600688922766024203e-02 9.000279072985280848e+00 2.899943163959736125e+01 4.597562119696575422e+01 4.025784702426590655e+01 2.023721461410878319e+01 4.018494994982457769e+01 3.922850020841342200e+01 3.479469979366052002e+01 2.338728950888829416e+01 4.327470470630671429e+01 2.987687252134785609e+01 3.999764431893356686e+01 4.746540893481039802e+01 3.452584683998488657e+01 2.480417540351456296e+01 4.478944842757063327e+01 5.654055852433854312e+01 4.825374933742352113e+01 3.379777639544627732e+01 4.794265049825277458e+01 6.795192333160265719e+01 6.372285156948682072e+01 4.978053260800759716e+01 4.118584000977760695e+01 4.781082352754295073e+01 5.661819389007774816e+01 7.625485960201633873e+01 8.754321063642234435e+01 8.971155569778380823e+01 9.794906112912549645e+01 1.085964910607667804e+02 1.090947781469476752e+02 8.916062234578855339e+01 7.513861196900923289e+01 7.146884698051201212e+01 7.513861196900923289e+01
8.215197286175310309e-02 2.008215197286139642e+01 2.533053607369626192e+01 4.533314317284722250e+01 4.854761581409309912e+01 3.180377703781004328e+01 3.440034074339077819e+01 5.439962584379108534e+01 4.989916794239877618e+01 3.002584631029402829e+01 4.989916794239877618e+01 3.749088552541402208e+01 5.594633780192009453e+01 6.275387166299164221e+01 4.798869632031614429e+01 2.800718027654840370e+01 4.798865023561157983e+01 6.177962039596919652e+01 5.806833826065381743e+01 3.806322137334390021e+01 5.806833826065381743e+01 7.322011245283037795e+01 7.766532909040373056e+01 6.569098831012433948e+01 4.601554210934538247e+01 5.993198123398229171e+01 7.565722101609348726e+01 7.263120525625305390e+01 9.237828347436956733e+01 1.006029011349476434e+02 1.028622716236473309e+02 8.882576185640225219e+01 1.028622716236473309e+02 9.692392939728529200e+01 8.243826174591958988e+01 6.261191127805138734e+01 7.563787963836179529e+01
2.613274238814250472e-02 1.416826836611921792e+01 3.416826836611992491e+01 5.359877413618556830e+01 6.008819669118138762e+01 5.180450749043844638e+01 5.439945837854760669e+01 6.269678331287732220e+01 5.814483861005340515e+01 3.995558506977781121e+01 5.814502959065735155e+01 4.807278904521028551e+01 6.422038287246796529e+01 6.793875149453822360e+01 4.798867326970108849e+01 3.507978610297516298e+01 3.355624893005435894e+01 5.352789771021585352e+01 6.635724504306655547e+01 5.806833826065381743e+01 4.492337626157458175e+01 5.906873737069700780e+01 7.908321736700280269e+01 7.113482318941754556e+01 5.150679739696661130e+01 7.113482318941754556e+01 8.780968576671762094e+01 9.237828397090733290e+01 9.487830986383062282e+01 8.088390297618225588e+01 8.921813223983463104e+01 7.493827074258541643e+01 9.403192720677691341e+01 8.286747650181263225e+01 6.881102360634000092e+01 7.563787963836179529e+01 5.583456395863394306e+01
7.532853315450405152e-02 1.421746415688557974e+01 3.421746415688628673e+01 5.094248641489824792e+01 4.265699542619155693e+01 4.972837043103275789e+01 5.801777354636912776e+01 6.956977609435483600e+01 6.809290456375349265e+01 5.984277233840443699e+01 6.809355764111884923e+01 6.716771163265191547e+01 7.548747582099078102e+01 6.648854747533044929e+01 4.661464643302374355e+01 5.504327919681437464e+01 3.772685986739911357e+01 4.925819298739357777e+01 6.920926489474061327e+01 7.096436031580249448e+01 5.095344668149316192e+01 6.493084283969240289e+01 8.494474526047730478e+01 7.932685886591546875e+01 6.027837774227899814e+01 6.536930346005796366e+01 8.505401911416701921e+01 1.006029011349476434e+02 8.088390297618225588e+01 6.696525258223714161e+01 6.951937251839768805e+01 6.612169750770351584e+01 8.414074608525039878e+01 7.295007223493836079e+01 5.482436316387692443e+01 6.678623817593022238e+01 5.210768661281328917e+01
6.101047412966256744e-02 2.006101047412930782e+01 2.912888843892659807e+01 3.412890518005701068e+01 2.265689938208015164e+01 2.972796719492703232e+01 4.127497387667194317e+01 6.127634847319863098e+01 6.966411974388272199e+01 6.583606333939036404e+01 6.583606337921656859e+01 7.412174443552230230e+01 8.274643289845531058e+01 6.289692411994467847e+01 6.653937669392902876e+01 5.403065155473593961e+01 4.272365916359805027e+01 6.267945838206495779e+01 7.744715909323879544e+01 7.925394240763374398e+01 6.095575093604223582e+01 6.510147833987448962e+01 8.511860949668086107e+01 8.813631080381003358e+01 7.157453809603929074e+01 8.505401911416701921e+01 9.328441427177303069e+01 9.906327293714342375e+01 7.936210131595514383e+01 6.544120343023034536e+01 5.556629000862142931e+01 6.905459346122927400e+01 6.518428093168293458e+01 5.609515378980448475e+01 4.493395280234253875e+01 4.700587734715922039e+01 4.958316753319489578e+01
6.842009524227352091e-02 4.540556050241870700e+00 9.128870727653145778e+00 1.412887072765318841e+01 3.412890518005701068e+01 4.972837043103275789e+01 5.801779635494290943e+01 6.380670042437571254e+01 4.966341299287898181e+01 4.583553550735686599e+01 4.583553550736107951e+01 6.583606337686325105e+01 7.725242170611736015e+01 8.274643289845531058e+01 7.397498001769267262e+01 7.092410723211345669e+01 5.165156981284635407e+01 5.270499047383123070e+01 7.265392629029874172e+01 8.926155563101092127e+01 7.511014966410822069e+01 8.511860949668086107e+01 9.340640647539306940e+01 9.956224381936237933e+01 9.131507819438647289e+01 9.388350339857737481e+01 8.562177539571989371e+01 9.388350339857737481e+01 9.334413210401551453e+01 8.181002660745848232e+01 6.309663397779105765e+01 4.931879857775279419e+01 4.543007709465852173e+01 4.208697031179340797e+01 6.189684413084570735e+01 6.678623817593022238e+01 6.936110656694296495e+01
1.934550753332892059e-02 2.001934550753297515e+01 2.912888843892620727e+01 3.412890518005701068e+01 4.241367730173671191e+01 5.372403469962482347e+01 5.119467811913812483e+01 5.380628593219216071e+01 3.552125324063629108e+01 3.169338710415770777e+01 5.169355448128478514e+01 4.896612387174557313e+01 6.896664304755317687e+01 8.880080633828320913e+01 9.387576506399389586e+01 7.983745002778873356e+01 6.317357588320913209e+01 6.681625785459158351e+01 6.681625785459158351e+01 8.674730460042023594e+01 9.512706932925358672e+01 8.993426438365200681e+01 8.366965753972071695e+01 9.193259868733802875e+01 9.317130100651554869e+01 8.398233133655537586e+01 6.587875977157513319e+01 8.398233133655537586e+01 8.560121518823930842e+01 7.735023820677699291e+01 7.693680952732273681e+01 6.905459346122927400e+01 5.993537438049342825e+01 4.010805561099904537e+01 5.993537435139770508e+01 6.370926322010536325e+01 8.354433724830488472e+01
4.364784840791047227e-02 2.524342540192074491e+00 2.252434254015960136e+01 2.864856336410523596e+01 2.543976370220971361e+01 3.407112905913019318e+01 3.119468852215694454e+01 4.017611306368697655e+01 2.552125310562564309e+01 4.552136883048353866e+01 3.953803252559718828e+01 5.953830789297558823e+01 6.051315428416904041e+01 7.465560689866958910e+01 9.465851636379180434e+01 9.133382261514027789e+01 8.311356667512407626e+01 8.674730460042023594e+01 8.674730460042023594e+01 9.496126263201890083e+01 8.414775205296226090e+01 7.008652448029754112e+01 6.385169849239282058e+01 8.046861918806523306e+01 8.491317781940524867e+01 6.514936939489707868e+01 5.602433097967142572e+01 7.575026758364748503e+01 7.735134558094885904e+01 5.751119891945656093e+01 6.331603794477933889e+01 6.673283183765789772e+01 5.821614888611942717e+01 3.837328382253634373e+01 4.390355736055645508e+01 6.370926322010535614e+01 6.940096941150181920e+01
5.219006137575642884e-02 2.005219006121306791e+01 6.087825765691051494e+00 8.648563364348948568e+00 1.129762807847901307e+01 1.407112905960513416e+01 1.705255302960480179e+01 2.017602826737697796e+01 2.773531856691017694e+01 4.774139866180839675e+01 5.953830789376991106e+01 6.782365685567124558e+01 8.051432344352041071e+01 8.880080633828320913e+01 8.812369093939098263e+01 7.987740942312848347e+01 7.987739353573078915e+01 7.987739841730784462e+01 8.812323258633468015e+01 9.193259868733773033e+01 7.589979290676319579e+01 5.609604588036804529e+01 5.243195553853252733e+01 6.801518078788468813e+01 7.625033027037216016e+01 6.877609581468374245e+01 4.903176133382665824e+01 6.877609581468374245e+01 7.496263775906588478e+01 6.331594263379415821e+01 4.348365282941099252e+01 4.690584651790945259e+01 5.429980432890820907e+01 3.672784529854845204e+01 5.658509292875270091e+01 5.324261722131021912e+01 6.466226821165737704e+01
