LEM/with_lateral_4open/elevation_000452.asc
nrows	100
cellsize	150.0
xllcorner	0
ncols	100
yllcorner	0
NODATA_value	-9999
[rows 51 to 67 of 100, columns 0 to 36 of 100]
6.455108993161302877e-02 6.433484223393146628e-01 1.222378777899763680e+00 1.802357356588878634e+00 2.383517395518556459e+00 1.649686895882021531e+01 4.057342290691059006e+00 2.462380200974400069e+01 1.142403294705063921e+01 3.062343738407693294e+01 4.816121632419922349e+01 3.711455510654626977e+01 3.438080007079708622e+01 4.730505882999720768e+01 3.811372218378615884e+01 3.071941066389692665e+01 1.244702214778702043e+01 2.138434435686382429e+01 2.568173395108699708e+01 4.103812545369915199e+01 5.009543849147166839e+01 5.977044444096253528e+01 7.680363972513444537e+01 6.016297272044212008e+01 7.680388562943673492e+01 7.196837162096825580e+01 6.372603898482093143e+01 5.126282505091123198e+01 7.089593282709206790e+01 8.539679883847387032e+01 9.349736539290250903e+01 8.475531285323727104e+01 6.477684129450616979e+01 5.044108678308495541e+01 6.411214897099200982e+01 6.128515935146730698e+01 4.069412810192083896e+01
3.995603441288197999e-02 2.003970789594403357e+01 1.444497862146120326e+01 1.265010977901467371e+01 2.223652588644369033e+01 3.218818710161383656e+00 1.148061833537906828e+01 4.897282656210379059e+00 5.491697599673346808e+00 2.534849541372658877e+01 3.172885368103060699e+01 2.137828950930466831e+01 4.060663758647153543e+01 3.991386670575926843e+01 2.044205182536894938e+01 1.143431536157480366e+01 3.132054689703850414e+01 2.714157143665361716e+01 4.111248529619130920e+01 4.868958707819853515e+01 5.755121386398315764e+01 6.651478773882519135e+01 7.822611328100916239e+01 7.998543230153559591e+01 8.828436842221219649e+01 9.084797473522731082e+01 7.089593282709206790e+01 5.806305722457572926e+01 7.089593282709206790e+01 9.084797473522731082e+01 9.239853115299548847e+01 7.259487173217266331e+01 5.844709044911755313e+01 7.062840015928597381e+01 7.887056353526783425e+01 6.960364249541063941e+01 6.128519453420319252e+01
4.804567899273937126e-02 2.003607206659860296e+01 3.170754838994330882e+01 2.435668917724656524e+01 2.310104299364665437e+01 2.562297208724758235e+01 1.549975018924739878e+01 2.364233752800445387e+01 2.520933387816514326e+01 6.335790363171768469e+00 1.220303789613262779e+01 2.740285913273732277e+01 2.822971861915890912e+01 2.699101986895785288e+01 2.927075501304429750e+01 1.071961073062435155e+01 3.061653186520227266e+01 4.418315360950727211e+01 3.964278121484350237e+01 2.936470474579574130e+01 3.816952292149885295e+01 4.953938187874866372e+01 6.982757450235607166e+01 8.419982401670584693e+01 7.582299795986779145e+01 8.419982401670584693e+01 8.622134695440036012e+01 7.205990456707496605e+01 7.205990456707496605e+01 9.204862606930977620e+01 9.455643635529104074e+01 7.476308087950270931e+01 6.604206520449298523e+01 8.574394612633729196e+01 8.847073781117289570e+01 7.122639767652488274e+01 5.097144662537984061e+01
9.707512844716031930e-02 2.009707512844680366e+01 3.720343018483072228e+01 4.095423127231845228e+01 4.218045244958354090e+01 3.397499546739754805e+01 3.401533392027683789e+01 3.779331549842979854e+01 2.792512725016718989e+01 8.528887587495036726e+00 7.214841502996459432e+00 7.835947280812176174e+00 8.456315598942907741e+00 9.074373237063989350e+00 9.689675362046052953e+00 1.060178240859940324e+01 3.047275526198706075e+01 3.317108002345588602e+01 1.987225881805313321e+01 3.964278121432936786e+01 5.755092865384774115e+01 5.831732879365393529e+01 6.691876287034600068e+01 7.406376952970812511e+01 5.553073256777589961e+01 7.406376952970812511e+01 8.665860680389820914e+01 9.204862606930977620e+01 9.204862606930977620e+01 1.003827893417255552e+02 1.027284706563463033e+02 9.120556525506029288e+01 7.746934680328450895e+01 9.386152707580171750e+01 8.022739505130194004e+01 6.010052962200533244e+01 7.122639002246739892e+01
5.001202446392439237e-03 8.949265408236811936e+00 2.049563287322768090e+01 3.462749721167551797e+01 5.452764933827184279e+01 5.287751114405428154e+01 4.548516110760274245e+01 2.523374347127666439e+01 1.146823031069802745e+01 2.795905999758456062e+01 2.737427695400525707e+01 2.176210057123144992e+01 2.828533464279446008e+01 1.779329918919152220e+01 2.236188594250830164e+01 2.494771888916811520e+01 1.191993205435577430e+01 1.298701424280073446e+01 1.413079890609140321e+01 3.430526319292678750e+01 4.363779148994172630e+01 3.773802270979090423e+01 5.817801035168556467e+01 6.467566476515109741e+01 4.534171862300313904e+01 5.799090228015941051e+01 7.810491646372378227e+01 8.467312350268181831e+01 8.379099930568096966e+01 9.231720416460606771e+01 1.099268112467833731e+02 1.051704586181818115e+02 9.704725900776483627e+01 9.178453596719423047e+01 7.176698071063567852e+01 8.022739505130194004e+01 8.538086796042408366e+01
5.279685921607564503e-02 2.005279685921572153e+01 3.535539644556001093e+01 4.429966835555932647e+01 5.584667373935204893e+01 5.437019053727777163e+01 3.404217457081593068e+01 2.229701931667493398e+01 1.356271907597999871e+01 3.355239715755489271e+01 4.570116192388040588e+01 4.218727054487638384e+01 3.807480025126376688e+01 3.210879076409019461e+01 4.053402559675404859e+01 2.434138452646880779e+01 2.609682245414077428e+01 3.317108002346358120e+01 3.181987838613007824e+01 1.575865181626079625e+01 2.327784642460422049e+01 4.300734158068298996e+01 5.724005568993636928e+01 4.431521322987988043e+01 3.758620444648144598e+01 4.940317244343680869e+01 6.972195939796002051e+01 6.445803467958083388e+01 6.307027329893909950e+01 7.834090895614269812e+01 9.776499006400207747e+01 8.944470338837486167e+01 9.776499006400207747e+01 9.999462560314498205e+01 8.596294878611816159e+01 9.999462560314498205e+01 8.451040482348398086e+01
5.738623160518319517e-05 7.071125198097110598e+00 1.601539710809642614e+01 2.756240249188914504e+01 4.756240249188984848e+01 6.264399296634542935e+01 5.097364477405159278e+01 4.175854569866566379e+01 2.229705150726108087e+01 1.703588821729705316e+01 3.134693010199342922e+01 5.173042444345841773e+01 5.821625489907064122e+01 5.236993372731161855e+01 4.048781574321268550e+01 4.416713097901909180e+01 4.640130280108951411e+01 4.126823616231771297e+01 2.093624099922870485e+01 3.320583287232734904e+01 1.745361717512716382e+01 3.651031015482768538e+01 4.372639677166670680e+01 2.978624559505702507e+01 5.027865141654076808e+01 6.638747853411025801e+01 6.971556748455822117e+01 5.017760502564309633e+01 7.037889711357873068e+01 8.339973789603757837e+01 8.777952752601899533e+01 6.952183696843370342e+01 8.777952752601899533e+01 1.007271659429548833e+02 1.058390906942852894e+02 1.045737259343684826e+02 8.445198487775307683e+01
4.532054705376769438e-02 2.004532054705341082e+01 3.535539644555800720e+01 3.937507789057973895e+01 4.765945524983624892e+01 5.920653693864857559e+01 5.705371967050099613e+01 3.669532828279828607e+01 4.009065932959040168e+01 1.970127188973207311e+01 4.009065932959074274e+01 5.261796393726185528e+01 6.693528148420600132e+01 6.873883627379602501e+01 6.047789435200560604e+01 6.189429565749226470e+01 4.692321966045390980e+01 2.653388669371870279e+01 4.126823616231760639e+01 4.528372355281820205e+01 3.770644662049734563e+01 1.915260007908697304e+01 2.330400563588593599e+01 4.377211997804032961e+01 5.868032112673082423e+01 6.386145823106316044e+01 4.972475499836571089e+01 4.341620896559818732e+01 5.505945540730232324e+01 7.507614295547858774e+01 7.948327017840432518e+01 5.966045375935110684e+01 7.247484622234003382e+01 8.964918689640430216e+01 1.011947719263189214e+02 1.053487754361694471e+02 8.640872998796446325e+01
9.001595176218035732e-02 2.009001595176182420e+01 2.782806991072463632e+01 1.937507339406740670e+01 3.092207878282340872e+01 5.092208940994213151e+01 6.535550417696303782e+01 5.705371967050099613e+01 4.846635724308248427e+01 3.412186891451808890e+01 2.382314015994715817e+01 3.830065529041567629e+01 5.740528850707937636e+01 6.752476554762178296e+01 6.782493852941514945e+01 4.759452850833630322e+01 3.318761062368697878e+01 3.677369974349480231e+01 5.530852995390029747e+01 5.257933615122357196e+01 3.219449477293720463e+01 2.041898901585182102e+01 4.081271239218767022e+01 4.972956899056389801e+01 4.715512506053663344e+01 4.898713641761109017e+01 3.537250325113928540e+01 4.872279245707229478e+01 6.678212285946210613e+01 7.373007982773093261e+01 6.547314411285691449e+01 5.267104205648510629e+01 6.150672513683606013e+01 7.291397982111222120e+01 9.286965976343948626e+01 1.035226201705326190e+02 8.363579479577988707e+01
5.674351268809080251e-02 3.905745307285588108e+00 7.828068010049252123e+00 2.782806991072463632e+01 4.318298149019913978e+01 5.306395447350855221e+01 6.134546960029442175e+01 7.134388176532335990e+01 6.281084557193653950e+01 5.147972660810791723e+01 3.106093174184784544e+01 2.863959016133767221e+01 3.890256174177779513e+01 5.333600928207261660e+01 7.351406620424313587e+01 5.875196014912218345e+01 3.848819471651142976e+01 5.114918273780491376e+01 6.544556489826193513e+01 6.091842706754049175e+01 4.845358358376051910e+01 2.810004216632145813e+01 2.228309463121795986e+01 4.087624831182395013e+01 2.677350444666531359e+01 2.863064497594051971e+01 4.898771599127012166e+01 5.475297552386251709e+01 5.771242104444792886e+01 6.072415568124014840e+01 4.560670017682420507e+01 5.062053107700850063e+01 7.042401512480641657e+01 8.542439819909540688e+01 9.373715201335895131e+01 1.037494395641867442e+02 9.653086477284755063e+01
9.518805923843161321e-02 2.009518805923807605e+01 2.782806991072463632e+01 1.489913582191466546e+01 3.489903464782223352e+01 3.306410162931434371e+01 4.306410159336325449e+01 6.306380735365384993e+01 6.581858054400318281e+01 4.554037883897326822e+01 4.554037883897326822e+01 4.907429353343240308e+01 3.403652378144433044e+01 4.850089157340615031e+01 6.872586064121017557e+01 6.435787703981556263e+01 4.414545624465438323e+01 6.435787703948500393e+01 7.974194618918450317e+01 6.272473461145442997e+01 4.257095184159516066e+01 4.847050898349212389e+01 4.274225892588524545e+01 2.419480033099392102e+01 4.477050797310938179e+01 4.898771599127012166e+01 3.156592029075915917e+01 3.458017716077311121e+01 3.764406671405564708e+01 4.075036632607366727e+01 4.975634107239874027e+01 6.959730409094659365e+01 5.810213164470030023e+01 6.554608563599370541e+01 7.543041387466669789e+01 9.541838252352435745e+01 1.047061688982359300e+02
9.062254805971975413e-02 1.423275817179079539e+01 3.423275817179150238e+01 3.489914209941228762e+01 2.306410163119008416e+01 4.306408278748398999e+01 6.134546960029442175e+01 7.134388176532335990e+01 7.406690383249318188e+01 6.581858054400318281e+01 6.581858054400318281e+01 5.841039162147865227e+01 3.807088297709658775e+01 5.250267706683393243e+01 7.267287621249400331e+01 7.272751167554400809e+01 6.435787703981556263e+01 5.425469191868121754e+01 7.446106216094983665e+01 7.108996597219596936e+01 6.272410031132756103e+01 5.853941492050272899e+01 4.690600095204710840e+01 2.631199477980782930e+01 4.690600095199110342e+01 6.011088184927314160e+01 5.184078499662777517e+01 3.573338981683095739e+01 5.586682545941904010e+01 6.072137938244927824e+01 6.897327324612433586e+01 6.594697452421263506e+01 7.791110226687005991e+01 7.058580880794393408e+01 9.051616852593387819e+01 1.037494395641867442e+02 1.146026086173090732e+02
3.063233560239582431e-02 1.157763772138989999e+01 2.571977384271580291e+01 4.571987188497864452e+01 4.306418422895030318e+01 5.135127949237422484e+01 6.607865207257961515e+01 6.348023260783008226e+01 7.177259427057683183e+01 8.333275532118500450e+01 7.694853823652655933e+01 5.684208387755348468e+01 4.244622347919418104e+01 6.273112801330754706e+01 7.827457379449066366e+01 9.096946597158068926e+01 7.075088306964924811e+01 6.853867043496201461e+01 8.283063227950422913e+01 7.362391809991740388e+01 6.178080470774769850e+01 5.006176584475620928e+01 2.951101257604532435e+01 4.690600095204710840e+01 3.937295200081667446e+01 5.986856439000918328e+01 6.313024601252697465e+01 4.335987075280670666e+01 4.028846821926226340e+01 5.361612345694295101e+01 7.037634337348816871e+01 8.583940805590778211e+01 9.414566969297395360e+01 9.051616852593387819e+01 9.051616852593389240e+01 1.105877628532374075e+02 1.092768313404993705e+02
5.666595628964066211e-02 2.005666595628928661e+01 3.745076173612956438e+01 4.573415339546934888e+01 5.727758717188041970e+01 5.712341613987341304e+01 4.605415270802775041e+01 4.345592298880529114e+01 5.501618697976042682e+01 7.504233318669331254e+01 8.273866529999340003e+01 6.273110148461714175e+01 6.273112801367886959e+01 4.989993977726243202e+01 7.009566117317682199e+01 8.766579904190668060e+01 9.096946597158068926e+01 8.875898058751582198e+01 8.026455527696678871e+01 6.515287115793168482e+01 4.469880510961399267e+01 3.283055810084928794e+01 5.007982827423937522e+01 5.855425230311984564e+01 5.386829348559444242e+01 6.833979682389949062e+01 7.160075698071112527e+01 5.299046209764021143e+01 6.019606089469253618e+01 4.498287444556538617e+01 6.475414963310370808e+01 7.559185306796405257e+01 8.216769219718304385e+01 9.046457050575526182e+01 1.004456434877814388e+02 1.080358398364593313e+02 9.932022526084223557e+01
2.110006612196471329e-02 2.002110006612160831e+01 1.745078986917667763e+01 2.899779522636367091e+01 4.899769167555376725e+01 3.710320988769819195e+01 3.190146945755700258e+01 5.191919281006359910e+01 6.601742050951368412e+01 5.764304153608776460e+01 6.601712783823086284e+01 7.522006725323257115e+01 7.827457418539576395e+01 6.421880694969520675e+01 5.949212447237408696e+01 7.376391087364247312e+01 9.352553589602732131e+01 8.801088562869013288e+01 7.179685281968426125e+01 5.132290642156618077e+01 3.958616009474343400e+01 5.334371061891311427e+01 3.681735553125024296e+01 5.128241607551698422e+01 7.175201581832737929e+01 8.281130016233723268e+01 8.072730117974832353e+01 6.661802921088774099e+01 7.297661611042306617e+01 5.897701854316650127e+01 5.000876142045491690e+01 5.594889721521453652e+01 6.244017480952604160e+01 7.221490593134730318e+01 9.212047846301888399e+01 9.982481568811020622e+01 7.983270944144084069e+01
9.367352646185668485e-02 6.760340193128494768e+00 2.676033452928775347e+01 4.573431868016260182e+01 4.296699517530518619e+01 2.295556138572848681e+01 3.951404944343975245e+01 4.389052193386677914e+01 4.862279493762544291e+01 3.752199597553995147e+01 4.648854944687990809e+01 6.084312267365033478e+01 8.188953319456285840e+01 8.390247654432171487e+01 7.376391087364247312e+01 7.593312280317744012e+01 9.565392174279013204e+01 7.955624648223644613e+01 5.903244143803046029e+01 4.732435306352863336e+01 5.997621435534284018e+01 4.121544504121899877e+01 3.978220265171693626e+01 6.013959397360703463e+01 6.930619673416289572e+01 7.778576032290845887e+01 8.963077369687810858e+01 8.649483991196903787e+01 8.697621367767960976e+01 6.825310335225786673e+01 5.443021178865734555e+01 7.405823944848104645e+01 8.216769219718304385e+01 9.046457050575526182e+01 1.004456434877814388e+02 9.507055203952451450e+01 7.503207043700899703e+01
3.648181865326004941e-02 2.003648181865290567e+01 2.503294296428974519e+01 2.763820395842895650e+01 3.031263801235149913e+01 1.761019930209856454e+01 1.949286528178764399e+01 2.385730128271452344e+01 2.857164252905846880e+01 4.862278491241239919e+01 6.601279281239371244e+01 7.521885953560551741e+01 8.369002369164354604e+01 9.200107493507282186e+01 9.352553589602732131e+01 9.565392174279013204e+01 9.247586264468498030e+01 7.195828874188039492e+01 5.744589722606649218e+01 6.770682211528982464e+01 7.571455706778939998e+01 5.571885902903581922e+01 6.013959394943608316e+01 4.409559794900167162e+01 4.886037585866129973e+01 6.061653493421000150e+01 8.117649550319376317e+01 9.642212023287370926e+01 9.638317263930562717e+01 7.973964258040241759e+01 6.005868481486501764e+01 6.825310335225785252e+01 8.221407878852882334e+01 1.022179524821961962e+02 1.073102680515165872e+02 1.032883208279091320e+02 9.175275491090530977e+01
