LEM/with_lateral_4open/elevation_000564.asc
nrows	100
cellsize	150.0
xllcorner	0
ncols	100
yllcorner	0
NODATA_value	-9999
[rows 68 to 84 of 100, columns 0 to 36 of 100]
5.009162696260269221e-02 1.717519754560557388e+01 3.393292771582227374e+01 4.978311756254800713e+01 4.330702144435200296e+01 2.314105973993792276e+01 4.330702144435200296e+01 4.215277750783175748e+01 4.215277750783271671e+01 3.096725508867536547e+01 5.120205523589303453e+01 4.725849702281283982e+01 6.757865930703361812e+01 8.345425112446184812e+01 8.495666110877581900e+01 7.081609417277439888e+01 6.822250039545014033e+01 8.495666120371272712e+01 9.650152441614989129e+01 8.646854827486593820e+01 6.637697404902640130e+01 5.471682175139223148e+01 6.479274710892407541e+01 6.650193224094267919e+01 4.633004473030602099e+01 5.995730772290104227e+01 4.802155943068800070e+01 6.229946064310942688e+01 8.241720059116481423e+01 8.945538938634500425e+01 8.117551842436917298e+01 6.366651774347450754e+01 6.818650406857064183e+01 8.242332352799765260e+01 1.024174015437990732e+02 1.024583595958337696e+02 9.171272956031830859e+01
4.695337527364121244e-02 2.004695337527328647e+01 3.730468462210249925e+01 4.885169000589522170e+01 5.004874193098575574e+01 2.982358047108444765e+01 5.004874193098575574e+01 6.241649505162315137e+01 5.837817560503062708e+01 3.808104210249926069e+01 5.837817560505681769e+01 6.757865930703361812e+01 7.594581508536440140e+01 8.909803446517662451e+01 7.496405343154619061e+01 5.669349662277396362e+01 5.669349662277396362e+01 6.822250039545014033e+01 8.821499731960797419e+01 9.473561483120434445e+01 8.315824821200149586e+01 6.637697404902640130e+01 7.600392266162779720e+01 5.584715707356270542e+01 5.346385233790618230e+01 7.363269491465425176e+01 6.819181025174742672e+01 5.811971081915024939e+01 6.978101331866200496e+01 8.985206770987836933e+01 9.137944239036579575e+01 7.131402704031715700e+01 8.242332352799765260e+01 9.654600916421748025e+01 1.024583595958337696e+02 8.194092367791409970e+01 8.570594331944857913e+01
7.614146464036156137e-02 9.020413374639597137e+00 2.056741875843231782e+01 4.056741875843302125e+01 5.843667284504458337e+01 5.004874193098575574e+01 4.410459587405442505e+01 6.439917995835597253e+01 6.676273740774762189e+01 4.978801664776739955e+01 6.676273746187763436e+01 8.055998099878466689e+01 8.144476277106748796e+01 7.316371719788537575e+01 6.082990967352793632e+01 4.671929620816078454e+01 6.082990967720163411e+01 8.081330354761261958e+01 8.271608691813763414e+01 9.100183377017768294e+01 9.473561483120434445e+01 8.646854827486593820e+01 8.360737980717100015e+01 6.349052308607836181e+01 7.363269491465425176e+01 6.624624231485032055e+01 8.634300132392698401e+01 6.978101354699303727e+01 8.654927154691972646e+01 9.811836504422397809e+01 9.963906522935836563e+01 8.553055355005007243e+01 9.137944239036619365e+01 1.106686947985303249e+02 1.002113913671636709e+02 7.969759000978665142e+01 6.534056110575001242e+01
2.352828262072655108e-02 2.002352828262037221e+01 3.096009135282920965e+01 3.728464667316642789e+01 4.556891792062862834e+01 5.451318983062794388e+01 6.439917995835597253e+01 7.276874981603479853e+01 7.847356246939946800e+01 7.011255096326219416e+01 7.120992789886308572e+01 6.057852885071640969e+01 7.316371741993039279e+01 5.319158307520483930e+01 5.904128562861231444e+01 4.202197265528554482e+01 6.197744107860250296e+01 7.007604021738252698e+01 6.273041826549613376e+01 7.685862623143714245e+01 9.685724794903707391e+01 9.742632582836544941e+01 9.187821461702917247e+01 7.514143036873770143e+01 9.187821461702917247e+01 8.048535553352282079e+01 9.460985193408414773e+01 8.985259009868727276e+01 9.812279787576676426e+01 1.010605749278144856e+02 1.094325174244880685e+02 1.054999091534780575e+02 1.113314117766563669e+02 1.113721685267535406e+02 9.081163331312311016e+01 7.633445735199971693e+01 6.464193124325525730e+01
6.786455232800275850e-02 5.413089390576513615e+00 1.096009135282885261e+01 1.728464667316572445e+01 2.622891858316503999e+01 4.037105420689648838e+01 6.037105420689719182e+01 6.639938624687138713e+01 6.860395819578526755e+01 7.120992789886672369e+01 5.123975376767878487e+01 4.646628360636907473e+01 6.318052471013616156e+01 5.904128531589887530e+01 3.908792857866536252e+01 3.756371556907828335e+01 5.751527637601532916e+01 5.010742669537555116e+01 6.923531891912017500e+01 7.477590595979845034e+01 8.109578361195580953e+01 7.742557800177404204e+01 9.742632582836544941e+01 9.517208180825166153e+01 1.034248877353604570e+02 1.004846092346985102e+02 9.755771760961191319e+01 8.920120799050120297e+01 8.833952320155331961e+01 8.094761472285821924e+01 9.514119115192431764e+01 1.153512443422704763e+02 1.063537755026240177e+02 9.789003469666852197e+01 1.022245250752184518e+02 8.170415470141897174e+01 6.732684311204177163e+01
3.257643153035955086e-02 2.003257643153000345e+01 3.096009135282920965e+01 3.728464667316642789e+01 4.556891792062862834e+01 5.451318983062794388e+01 6.041341100600222092e+01 4.610858531858600884e+01 4.833157094071122373e+01 6.860395819578526755e+01 5.490434900021844555e+01 3.494178738961520025e+01 4.549390716304365156e+01 4.772769446520690906e+01 3.154033814880284581e+01 3.546220300770494305e+01 3.945131840925350986e+01 4.428391266112390667e+01 4.926687254606336808e+01 5.479903528846167404e+01 6.111057569754123620e+01 7.264356662796556918e+01 9.264172673038495986e+01 1.055634297870615370e+02 9.725799195486492010e+01 9.772133078586485055e+01 7.765260742018372753e+01 6.919844504639242189e+01 6.834558744911926453e+01 8.424410790288499129e+01 9.258737347678081164e+01 9.730155669571391286e+01 8.887336390203587655e+01 7.772814586897679590e+01 9.466741114111225386e+01 9.620144726740340957e+01 8.771443203144526990e+01
1.880098487986705744e-02 8.183864197697223730e+00 1.818584946027631943e+01 3.234677286350832048e+01 5.240447924792862722e+01 5.323925281855951397e+01 5.205162331477452398e+01 3.199124418597068242e+01 5.205162331477452398e+01 6.229101553694707860e+01 5.079529651217490738e+01 4.252969986055501295e+01 2.549923574881023924e+01 2.774808621685403409e+01 3.212482358827782036e+01 3.711968953147336236e+01 4.226732461728064294e+01 6.222323979204460898e+01 6.923531891912017500e+01 7.477590595979845034e+01 8.109578361195580953e+01 8.938188883383352845e+01 1.009296229859417338e+02 9.395623626089570735e+01 7.713172830221886045e+01 9.395623626089570735e+01 7.765260742018372753e+01 5.780365275076460563e+01 7.015042968385164102e+01 6.431263739425219228e+01 8.424410763347977138e+01 8.568053644774612110e+01 6.883598685027845931e+01 6.624841793856114691e+01 8.568053642478879794e+01 9.730155663375265362e+01 1.008625254692015005e+02
2.900726248362994752e-02 2.002900726248327601e+01 3.640573177868309784e+01 4.652504763384310138e+01 5.323925104269126507e+01 3.327660984755200957e+01 3.693981809673721983e+01 2.560642533043693092e+01 4.536483027183987105e+01 5.405078307611200472e+01 3.408888991583418715e+01 2.251790515643877910e+01 4.252969986238009170e+01 4.772769541096211299e+01 5.208290597445448356e+01 4.841915173070786693e+01 6.222323979204460898e+01 5.040625403172476382e+01 6.452147523734980439e+01 8.450923327619734948e+01 9.934311149729049362e+01 9.328639757415378142e+01 8.326362523738394827e+01 7.496268984372181876e+01 6.566624662673571322e+01 8.563808821722832931e+01 8.278017662203461668e+01 7.015042968385164102e+01 5.044963216040979859e+01 6.431263739089584419e+01 8.424410142378806654e+01 7.675381433817412358e+01 5.745176256729082098e+01 5.745176256729082098e+01 6.883598685027845931e+01 8.887336390200553637e+01 9.249897411067594533e+01
5.081304048347550645e-02 1.415979308241936252e+01 3.378849895124088931e+01 4.054224237059736424e+01 3.925969923886056279e+01 3.693119945023033779e+01 1.740921241843085809e+01 3.693119944712490366e+01 5.204560985982256227e+01 5.466391901270473852e+01 3.465797211016863599e+01 2.048948706772750583e+01 4.050821554713979822e+01 4.843150671208409364e+01 6.820600883396281233e+01 6.838474231048378726e+01 7.666592205263573589e+01 6.452147523734980439e+01 6.107347377759148799e+01 7.106009022888426330e+01 9.105562026487433513e+01 8.497929947377954818e+01 6.509719562966161277e+01 5.530261932359035626e+01 7.317820846698653270e+01 8.146043407260050628e+01 6.874158514566194356e+01 5.470299366911620353e+01 4.642049321028010667e+01 6.604253686171384174e+01 7.078265558776386968e+01 6.249260449439471898e+01 4.874659723164253933e+01 5.849113499565520868e+01 7.247785340672358245e+01 9.256535066598367223e+01 1.008625254692015005e+02
4.469920835086939326e-02 1.997505611699921602e+01 3.283450628619939948e+01 1.895724737875305266e+01 1.985013749181376141e+01 2.715260466395690386e+01 1.275009574177667915e+01 2.399435700334061039e+01 4.371648746279139885e+01 4.407132058783935946e+01 3.579097836233450636e+01 1.850414350407524466e+01 2.853027642679948528e+01 4.818096271844471801e+01 6.319265429596657668e+01 6.500581483983320652e+01 7.339991034277389303e+01 8.450923327619734948e+01 8.105785524687921395e+01 8.934355343162370389e+01 9.934311149729049362e+01 8.278373338765774747e+01 6.293085671082241817e+01 4.927899952826526686e+01 5.357992905998810329e+01 7.007826556418683595e+01 6.049259421416721239e+01 4.092979857453355663e+01 6.049252679608596850e+01 6.541561799259606858e+01 5.716049530610759177e+01 4.290118434823088478e+01 6.249260449439471898e+01 7.675381433817412358e+01 8.674200533323708839e+01 9.695607301464484351e+01 1.052168573092095301e+02
2.324776005098762310e-02 2.002265121551499760e+01 2.265572559674193442e+01 4.504647189632315474e+00 5.823408136423884329e+00 7.153788346899357720e+00 8.493087423659108737e+00 2.850388593742303200e+01 3.197876000310820288e+01 3.345527069399967246e+01 1.576601151040400417e+01 1.905963704609942155e+01 3.904329051546611851e+01 4.723814550048864902e+01 4.472614214751872197e+01 4.502935996939937979e+01 6.508541478596617935e+01 6.912674942563033653e+01 7.669837539230569234e+01 8.502081232624379936e+01 9.507194363150267691e+01 8.727316686951637337e+01 6.733988553557421142e+01 5.357992905998810329e+01 4.250580731093271680e+01 6.186313657570257618e+01 5.697914937392580015e+01 3.738687204765816574e+01 5.215556621511306190e+01 5.218284210661935418e+01 3.756346013579639020e+01 5.716049530610759177e+01 7.078265558776330124e+01 7.880896431330556595e+01 8.706517324699919413e+01 7.700766125543948704e+01 9.370050124489790733e+01
8.699724428260374731e-02 1.369997842481773587e+00 2.655646535548226161e+00 2.238510347307200732e+01 2.579639423149002297e+01 2.715260466621836954e+01 2.390466899020204750e+01 1.050317242127850115e+01 1.196184570148107973e+01 1.343234965625416599e+01 1.715042348690953133e+01 3.718072779570153585e+01 2.385893175978933911e+01 2.730374938161499543e+01 3.090694490120189641e+01 5.083951823945871240e+01 6.129711226954677983e+01 4.916501310401980618e+01 5.666573606408388031e+01 6.664305121332255055e+01 8.675369957128860676e+01 8.328651060234578551e+01 6.344798212248655034e+01 4.974374075627459746e+01 3.859418252200588029e+01 5.289764075971538659e+01 6.105657206894908740e+01 5.215577460142139188e+01 3.245629444142703335e+01 3.247987469257856930e+01 5.218283969269749178e+01 6.002567949010965265e+01 6.359671406080163791e+01 5.899994667300492779e+01 7.395554959357271230e+01 6.554918870879271253e+01 8.543885211556212766e+01
2.249585233037712170e-02 2.002249578920342188e+01 2.265574578859257215e+01 1.679798090547503620e+01 3.672264767242172923e+01 4.033718121771519094e+01 2.045805242245215894e+01 3.051887648607727144e+01 3.197876000314233735e+01 2.058130180820110056e+01 3.689382795648270275e+01 2.271979337136966848e+01 4.273665969351375793e+01 4.723814550048864902e+01 5.083951823945871240e+01 3.692961630958880903e+01 4.138174598949983363e+01 6.129711226954677983e+01 6.324824767413341675e+01 8.331870808052813970e+01 9.507194363150267691e+01 8.411225535661041874e+01 6.424007339987528553e+01 5.048555006670481049e+01 4.083068415182980004e+01 3.337234340056443216e+01 4.847603160279322765e+01 4.620077947581103217e+01 2.906523857778022091e+01 4.887253247546907886e+01 3.714089903817258431e+01 4.048059550085464764e+01 4.403735218081381220e+01 4.775410456282999405e+01 5.420556875174244027e+01 7.395554959357271230e+01 7.297917737518326931e+01
2.739267172789772165e-03 2.000273926717243356e+01 3.592662421967428799e+01 3.677695761197369251e+01 4.500757380440214206e+01 4.864554676705448344e+01 3.036856013889990535e+01 4.864554675504169268e+01 4.790607704538430056e+01 2.951102781522839891e+01 4.790607703015770369e+01 4.273665969445757185e+01 2.864443469122992525e+01 4.863011541706680418e+01 6.213064854409584115e+01 5.684390098964760796e+01 5.284690721955955439e+01 6.959980808802721697e+01 8.331870808052813970e+01 9.163695118566134568e+01 8.268632698649416568e+01 7.449005776832915160e+01 7.832293910852163776e+01 6.848093582752331088e+01 6.026344318290468749e+01 4.847603160279322765e+01 2.879334411931577264e+01 2.632292093639506092e+01 4.610647027424906241e+01 5.497453829091595168e+01 5.665408819388133566e+01 5.170560625556033330e+01 6.359671406080163791e+01 6.737222264629596680e+01 5.535827344474659384e+01 6.154424614698986318e+01 8.140665511948066069e+01
8.327778614586213435e-02 7.642567246330576047e+00 1.764256724693756695e+01 3.178470330909572183e+01 5.178473382745112730e+01 5.864156267967870662e+01 5.033252306012174415e+01 5.864156267745631368e+01 5.796666354565892476e+01 4.941370672207051484e+01 5.796666354091428275e+01 5.690514271798151213e+01 4.019219629560345908e+01 3.551457901550820395e+01 4.217047609014831977e+01 6.213064854409584115e+01 7.284030703501694859e+01 8.115760002955575203e+01 9.125607872091154604e+01 8.298029467342088594e+01 7.449005776832915160e+01 5.475888405277780180e+01 6.053590419548564228e+01 6.315448811267113172e+01 5.761794068750626252e+01 5.645689287440355741e+01 4.428717817100838516e+01 2.442238181313387102e+01 3.863502968087738765e+01 5.889890278625679798e+01 6.926493681817103720e+01 7.141833989963889451e+01 7.972992402511471255e+01 8.337919890128340228e+01 7.512560990239705916e+01 8.140665511948066069e+01 8.966782153509858233e+01
6.510866554257997707e-02 2.006510866554222616e+01 3.592687743194088057e+01 4.592679713962198917e+01 4.397442708638602227e+01 5.225847641431772672e+01 5.182342913194826650e+01 6.010767741448677981e+01 6.097071262381025747e+01 6.925494629672296298e+01 7.168169166141139215e+01 6.843537016911712101e+01 6.015652729206416183e+01 4.306057240703700728e+01 6.213064854409584115e+01 5.478821059347031763e+01 6.890964404718073411e+01 8.890181840295988991e+01 8.298029467342088594e+01 6.303872207734339383e+01 6.887947346321062980e+01 6.053801103329304567e+01 4.081423085066688117e+01 4.872448711738309868e+01 3.783755229815243837e+01 4.312180571464398326e+01 4.271912157434364588e+01 2.283249030133251978e+01 4.195309214071648540e+01 5.844663885786285817e+01 4.986368731588156322e+01 5.969171483149589363e+01 6.495587276530632437e+01 7.119496639360630752e+01 7.935545310310791933e+01 8.911418607422427840e+01 8.710040186486982350e+01
8.953482861371392376e-02 2.008953482861335971e+01 3.906955752138325977e+01 4.071168811159277823e+01 2.397442762920466208e+01 3.627642238831747790e+01 3.182342942382937423e+01 4.464078168705255223e+01 4.097071345883739468e+01 5.535176130776187620e+01 5.168169321059730237e+01 7.168169166141139215e+01 7.130215565890298990e+01 5.303441892924475098e+01 7.130215565890298990e+01 7.476521634532475957e+01 8.304922724177174587e+01 9.297138362440466608e+01 7.298920572243716265e+01 5.891709679937381594e+01 4.904203867193608346e+01 6.042076231526037589e+01 5.003371243135428159e+01 3.019460815323952829e+01 2.669319792271470604e+01 2.338830621035760515e+01 3.903988447944211515e+01 2.126114844891687028e+01 2.514341677967220079e+01 4.633924595988380446e+01 3.707825733515162625e+01 4.170495552384117133e+01 4.672029476445354845e+01 5.247768550870608806e+01 6.151232103556406372e+01 8.087761175164858685e+01 7.882762744051946413e+01
