LEM/with_lateral_4open/elevation_000438.asc
nrows	100
cellsize	150.0
xllcorner	0
ncols	100
yllcorner	0
NODATA_value	-9999
[rows 34 to 50 of 100, columns 37 to 73 of 100]
6.656349276312376162e+01 6.665547328516022674e+01 5.649099277250119400e+01 4.596195529035745864e+01 6.666201426570977162e+01 7.505009591634771482e+01 8.948677934392341626e+01 8.498853584601388889e+01 9.330592551906596555e+01 9.641496711256822039e+01 8.821423218884133632e+01 8.300499251185563310e+01 6.296140194998555017e+01 6.027271052115085581e+01 4.016305471859946152e+01 6.027272106272530294e+01 7.106983449956931054e+01 7.000560584442958145e+01 5.583116542103497437e+01 4.461467872245966504e+01 5.469568714821667754e+01 6.634425550586551878e+01 8.637395317962764807e+01 8.254417409476913292e+01 8.254417409476913292e+01 1.022969437507211836e+02 1.045141504014394798e+02 8.486440176244940403e+01 7.118838136389287286e+01 6.506652570989955109e+01 6.035273549538452187e+01 7.425744049574127814e+01 7.043615231643380525e+01 6.743617440200502244e+01 6.115342445542773220e+01 4.126146961976969862e+01 5.278122723610002254e+01
8.663168294196279362e+01 8.483625970033720876e+01 7.102437998802214736e+01 5.056307105397469570e+01 5.407161369633419667e+01 6.088464517506576357e+01 7.518161002319966713e+01 9.541054928098080268e+01 1.022572782852246149e+02 8.239741203868892683e+01 6.821101645441271444e+01 7.821262496210835025e+01 6.296152965196567663e+01 4.284112736103298857e+01 6.026464196117458272e+01 5.438868019388726793e+01 7.449471168276761546e+01 8.417997034643418885e+01 6.700542682966479902e+01 4.685822168589164960e+01 6.700542701266162737e+01 7.317462359126420779e+01 7.893255164239592148e+01 6.839542056942404713e+01 8.254417409476913292e+01 1.022969437507211836e+02 1.103180990174015506e+02 9.061967989019844083e+01 7.874829950788020483e+01 8.447496376641861104e+01 7.017366143982680171e+01 8.803163155807598628e+01 8.062918498730238070e+01 7.177609728037282366e+01 5.903293486634927945e+01 3.912763187078911642e+01 5.322997404271464461e+01
1.041617954095846414e+02 9.404593495284777305e+01 7.556034553521283215e+01 5.527489092098218748e+01 6.844195616019885620e+01 8.110652915559296616e+01 7.518161002319966713e+01 9.541054928098080268e+01 1.044151407665073350e+02 8.457315796904416061e+01 7.821262496210835025e+01 5.812144377579569010e+01 6.489831755077887010e+01 4.476936919916904856e+01 6.489828813659559614e+01 7.448585132774063311e+01 8.278876921659970378e+01 8.916669057918315389e+01 7.238456764068413918e+01 5.224793242280077976e+01 5.044553799234751779e+01 5.303128405901094311e+01 5.888072952620930067e+01 7.893255164240017052e+01 9.037161159036486424e+01 9.858418102485896384e+01 1.074759968781244197e+02 1.065010059174122574e+02 9.252191882430034298e+01 8.962704065167486078e+01 8.962704065167487499e+01 8.640444745584166242e+01 6.665458195691250864e+01 5.263326350816767274e+01 4.370957695063948734e+01 3.704089498690908044e+01 5.416875813232454107e+01
9.577809973211556382e+01 7.554982130360276926e+01 6.545672873186646257e+01 6.174488622113977243e+01 8.194965416764136990e+01 9.704842717621470172e+01 9.541054928098080268e+01 1.037919486647093947e+02 1.125908493157016323e+02 9.532288991374170450e+01 7.539212708504899751e+01 6.116564764364755291e+01 4.950723297343537155e+01 4.718368345166162925e+01 6.732085896240401723e+01 7.920466781659428079e+01 9.083828826591118855e+01 8.094276093791695814e+01 6.087201876819539592e+01 7.238456764068413918e+01 7.059555889150804830e+01 7.317465279629254837e+01 5.725740627291779106e+01 6.365890170096407275e+01 7.037703957977950608e+01 7.935760625594858197e+01 9.348298734969114321e+01 1.132824957024327404e+02 1.122507315487617205e+02 1.093046793929359524e+02 9.628007678628156896e+01 8.807181855781779234e+01 8.062918498730238070e+01 7.177609728037282366e+01 6.358170687718455838e+01 5.416875809746447601e+01 3.423860153428598352e+01
1.041617954095846414e+02 9.404593495284777305e+01 8.566396051785912391e+01 7.602531521339042797e+01 7.340446953897023263e+01 8.505793552696165705e+01 1.053221337486216811e+02 1.089404132054541918e+02 9.897084877449674423e+01 9.073673843941180905e+01 7.603104685613350000e+01 5.589539474591375523e+01 6.964571008741656044e+01 6.646247758289521812e+01 5.068668442053607492e+01 6.235750627468224394e+01 8.252223061362866474e+01 8.801653410746376949e+01 6.800888220041552756e+01 8.801653410746376949e+01 8.328115942267207572e+01 6.322856224366049815e+01 7.736797111455280174e+01 6.587768808787305375e+01 8.590961229750057271e+01 9.858418102485896384e+01 1.074759968781244197e+02 1.091599245593815226e+02 1.009294137007178875e+02 1.009294137007178875e+02 8.807181855781779234e+01 6.835466320022362652e+01 7.412968429875435561e+01 7.802746797465810857e+01 7.010153230111535549e+01 6.128380393695204020e+01 4.853206596971776321e+01
9.215003168306768089e+01 9.065175764865472274e+01 9.891153400490853187e+01 9.625227361803649728e+01 9.362259345043429448e+01 1.020069128406132535e+02 1.136999775194344124e+02 1.007312501317943685e+02 8.074222674702923541e+01 7.067092995684785706e+01 6.304435038685674897e+01 7.579183332900019820e+01 8.292274140605550770e+01 7.234773197896076624e+01 5.327158483280865653e+01 6.495187649034130573e+01 8.519174696408767034e+01 9.621938781404567465e+01 7.960564717131356360e+01 9.621938781404567465e+01 8.764876821185721667e+01 6.763387032946192789e+01 8.764876821185721667e+01 8.590961229750057271e+01 7.593353904785618624e+01 9.007580508501928307e+01 1.099119777545756449e+02 1.009294137007178875e+02 8.119275290279365720e+01 8.119275290279365720e+01 8.807181855781779234e+01 6.835466320022362652e+01 5.437699047928108342e+01 6.476609453889238921e+01 5.070631608502508669e+01 5.402777196123047787e+01 3.411150620123640209e+01
7.202338636218514978e+01 7.051846335431119428e+01 8.477329868670028645e+01 1.048436130004590296e+02 1.054581698681200095e+02 1.022962799059891239e+02 1.105175905227529825e+02 1.089404132054541918e+02 9.581657511952656137e+01 7.579303391021853997e+01 7.729173325470152633e+01 9.121043625685277334e+01 8.705308052549661113e+01 6.944714958975333730e+01 5.597804647227075492e+01 7.626419807557053332e+01 9.357191241967690587e+01 1.076811734013183894e+02 9.950601933060352167e+01 1.038893752973698525e+02 8.399877506110222214e+01 7.282689498688623075e+01 9.280782116792015302e+01 1.040892519352460965e+02 8.749466531318704199e+01 1.040892519352460965e+02 1.123721135786333605e+02 9.255277601432163692e+01 7.863964596958776099e+01 6.731280754375815434e+01 7.818096385732658860e+01 8.231736999325268300e+01 6.481817513445365364e+01 4.497796584497578465e+01 3.920019249762455615e+01 3.707842523528111656e+01 3.896579974666855151e+01
5.783813054553099420e+01 7.791834429413518137e+01 9.175329384924191345e+01 9.951810606439372009e+01 8.536758213318300648e+01 8.216924085707314873e+01 9.894442524104410097e+01 1.089753980085673248e+02 1.040396465040551703e+02 8.998891785683005651e+01 9.730190105522949295e+01 1.003092913510757285e+02 8.381541554213703193e+01 7.836020374886774675e+01 5.879220703622506505e+01 7.914481919960644518e+01 9.398788415229896032e+01 1.025319677471452451e+02 1.144702606996253422e+02 1.120848054260603135e+02 9.945248156636911574e+01 7.951850037102221336e+01 8.699006207950797886e+01 1.068531340617839902e+02 1.073480323504009561e+02 1.155378232029500651e+02 1.095518646562906753e+02 8.976235348729768759e+01 8.976235348729768759e+01 7.818096385732658860e+01 5.848863385050901087e+01 7.045699655172104769e+01 6.239636133680476604e+01 4.253695568819925654e+01 5.908646039537050143e+01 5.697782111491869017e+01 4.396937882614242454e+01
5.176367834653462552e+01 6.336558642377127626e+01 8.347288805938332246e+01 8.946109937537455892e+01 7.107259550519998470e+01 7.049444783372564416e+01 8.060352254531431981e+01 9.489570130892039401e+01 1.148778407237536214e+02 1.098857843199905204e+02 1.124350348981221543e+02 1.009507593980344922e+02 8.563853336922963422e+01 6.519935550950962977e+01 6.370514376164320680e+01 6.705003760678677338e+01 7.343655804509157292e+01 8.522753456618441703e+01 1.059547442329637050e+02 1.134530789730850842e+02 9.365324423918170282e+01 9.107679091112123615e+01 1.068531340617839902e+02 1.150417694197501248e+02 1.177961856497118447e+02 1.095969376030273139e+02 1.037328073922148377e+02 8.397560200737291325e+01 7.011063326141253071e+01 6.267880658858304344e+01 5.567210675776487250e+01 5.068439969623713637e+01 4.725432265039045632e+01 4.597020970822634212e+01 6.579655077899418814e+01 7.197343724991146985e+01 6.380283612113409930e+01
6.452435713836250386e+01 6.863458058656445360e+01 7.141083420776458013e+01 7.426912733769579233e+01 6.106544527795808364e+01 7.525950015156520578e+01 9.541287600080066511e+01 1.033957071324569057e+02 1.116128521619137359e+02 1.186421915044896309e+02 9.776384085923324108e+01 8.292427248540596452e+01 7.261295164309744621e+01 8.577220743454783758e+01 6.874883620876981638e+01 8.748898420873322834e+01 9.398788415229896032e+01 9.018613580306885069e+01 1.109037244368408324e+02 1.216377901461691806e+02 1.134530789730850842e+02 1.108938877756775412e+02 1.190762474645160296e+02 1.115066103965886271e+02 1.033037361950387094e+02 8.978559445059198652e+01 1.063609096777891097e+02 9.797245246239435801e+01 8.673935956451146012e+01 6.707353966155791625e+01 7.538529314970655548e+01 6.213657439444364172e+01 6.706602416641236175e+01 4.950747105976169138e+01 6.352589381093812193e+01 8.322088337870680164e+01 7.808941407139332114e+01
4.576827422575730253e+01 4.855135956053558033e+01 5.139098463787725990e+01 5.426107542821317509e+01 5.807890343598840133e+01 7.812747714741823302e+01 8.916336700818338556e+01 8.326813870440257404e+01 1.033957071324569057e+02 1.160968628466842318e+02 1.038789681832382570e+02 8.292427248540596452e+01 9.340162033432213207e+01 9.514179760928745111e+01 7.456482592133312437e+01 8.540573424174903039e+01 1.060920152666795246e+02 1.109037244368408324e+02 1.144748546857865819e+02 1.062671903672076894e+02 1.144748546857865819e+02 1.101817328567464500e+02 1.019737175618879519e+02 1.033037361950387094e+02 8.340869961562808044e+01 7.820634632674342868e+01 9.745765500610831111e+01 1.089384589700031825e+02 9.494116178319902133e+01 7.840640753527934237e+01 9.001481563875996983e+01 8.182290458877311323e+01 7.296032246810311506e+01 5.321884805010455466e+01 6.719664245641705236e+01 8.687507692149428351e+01 8.626036077251842471e+01
6.009159317016838742e+01 6.014820416780811740e+01 7.141083420776911339e+01 6.576239591256018002e+01 7.812747714740729066e+01 6.379595167435312675e+01 6.894730850841800418e+01 7.609525524094745208e+01 8.782659786567852223e+01 1.078998551643630890e+02 1.124350348981221543e+02 9.340430693434682041e+01 1.124350348981221543e+02 1.016947313380668874e+02 8.097253539898407837e+01 1.016947313380668874e+02 1.146040248133160162e+02 1.161553868681463229e+02 9.636015300908687209e+01 8.645311565096598372e+01 1.045676738397058898e+02 1.019737175618879519e+02 8.206569430339025928e+01 8.789661931578476128e+01 8.191910259764128455e+01 6.919816256351872141e+01 8.081634742153821094e+01 1.007370356001432015e+02 1.063484548187271770e+02 9.812238372495970395e+01 9.431727340259919856e+01 7.462707230551546900e+01 6.072601093962313001e+01 6.719664245641705236e+01 6.256490586188681391e+01 8.223101542032036093e+01 9.506353256724925416e+01
8.017706948103034392e+01 8.022718636067736497e+01 8.851918591106561962e+01 7.999633395616480414e+01 9.109098679368011631e+01 7.087513302061181264e+01 8.916336700818338556e+01 9.631055465945502192e+01 9.263793493542978297e+01 1.126518384506480857e+02 1.228432856324338616e+02 1.143536294321296367e+02 1.228432856324338616e+02 1.102352767822130488e+02 9.018013153639920176e+01 1.102352767822130488e+02 1.208446423336903450e+02 1.010679297798145484e+02 9.636015300908687209e+01 7.644376143652671374e+01 8.697147632058305078e+01 8.517626898932100232e+01 8.789661931578476128e+01 6.788454284875453482e+01 6.189643461988421080e+01 8.191910259764128455e+01 9.745765500276824866e+01 9.499020387426691059e+01 1.032083946285087421e+02 1.005764415289415155e+02 8.084419960896791224e+01 6.952937418466092367e+01 8.039419868392451463e+01 8.687507692149428351e+01 7.391120839851643609e+01 7.646011564547757189e+01 9.616319992384184445e+01
7.918246535799028152e+01 8.478625487562732133e+01 9.302527760976245474e+01 1.001169930662425571e+02 9.935945569460189120e+01 8.520268873413741062e+01 8.740668029171152398e+01 1.074842707835404241e+02 1.126518384506480857e+02 1.165106827513579475e+02 1.142870333135469281e+02 1.108643205876888089e+02 1.190571640506951780e+02 1.195102860075555640e+02 1.049434408226830442e+02 1.195102860075555640e+02 1.175922302591900888e+02 1.010679297798145484e+02 8.120751315312539020e+01 7.115711166197719706e+01 6.696524867642392564e+01 6.359247384689959404e+01 7.897943911227405067e+01 7.612410774542908598e+01 5.725438493219777314e+01 7.719971449613076686e+01 8.088490595463009925e+01 7.504230025500363865e+01 9.499020387426691059e+01 1.088085605383661374e+02 9.739215799502488835e+01 7.932442052804969990e+01 9.739215799502488835e+01 1.018134334763436755e+02 9.359608316668887085e+01 9.616319992384184445e+01 1.043846799308879554e+02
7.981874792923301243e+01 6.478575727636872728e+01 7.956845219293953164e+01 8.781648269106760551e+01 9.674233950100048673e+01 1.053065958283745402e+02 1.074842707835404241e+02 1.059233266006335725e+02 9.770499196711995182e+01 9.663956861866994075e+01 9.440856102907750369e+01 9.097088271014686711e+01 1.050556267338709659e+02 1.248877480692489286e+02 1.256567829168998998e+02 1.244934637351785227e+02 1.093830467061915215e+02 8.959912199983530456e+01 7.806829310737592209e+01 9.113772146646994088e+01 8.621720656754425249e+01 7.657625136749000205e+01 5.899211954436641747e+01 5.620074206164494512e+01 5.350890969767959149e+01 7.022230594463803754e+01 6.093700785171901657e+01 8.088490595278184969e+01 9.714858009682885154e+01 1.053600073055467305e+02 1.072737317380763926e+02 9.904363216141018711e+01 1.072737317380763926e+02 1.053328834583959690e+02 9.699309607876587336e+01 1.021374719317230415e+02 9.398474317871290395e+01
5.981303716155193229e+01 5.322018465954403865e+01 5.955284739676371686e+01 6.851630191308785811e+01 8.267214869262953414e+01 1.026032379979569669e+02 1.012245965099148464e+02 9.299936324549985045e+01 7.774110782632850203e+01 8.251972959575789446e+01 8.028266262033284306e+01 1.002308307615697913e+02 1.108643205876887947e+02 1.306724651767211185e+02 1.302414535101565889e+02 1.104894555118164448e+02 9.653101953702359594e+01 8.660446922601551023e+01 9.796079245134943392e+01 1.061640916675385995e+02 8.899202501585244818e+01 6.896685320869588054e+01 7.897943911227405067e+01 7.612410774543012337e+01 7.022230594464315345e+01 5.045036817761901915e+01 6.437970143500359654e+01 8.432760001759677948e+01 7.721265331411908051e+01 9.386889815746511090e+01 1.038256469507123541e+02 1.052887400686959580e+02 9.720644077872242406e+01 9.377368360173510098e+01 7.701874197472419326e+01 9.225800890770068463e+01 7.419413076419679953e+01
4.565528569658214764e+01 6.567257549835497343e+01 7.956845219293953164e+01 8.781648269106760551e+01 9.674233950100048673e+01 1.012262101346348260e+02 8.970777896368647930e+01 7.301316310927438735e+01 6.616005576316288739e+01 7.172794644003289477e+01 9.172490328618198419e+01 1.043308421808008433e+02 1.109610359951363705e+02 1.191541550562521934e+02 1.290633484494749155e+02 1.203654545109865239e+02 1.006193507792821293e+02 1.006193507792821293e+02 1.130152463907488425e+02 9.321911972015935532e+01 8.167320773686736857e+01 8.899202501585178027e+01 8.666106185921013605e+01 7.841658074045291471e+01 6.816093893453691521e+01 4.843206956566827870e+01 6.816093808092557538e+01 7.670271734197150693e+01 6.565739942981159061e+01 7.566370858962027057e+01 9.561342621495302296e+01 9.720644077872242406e+01 7.762592621124895231e+01 8.336092614893991026e+01 6.544464380031668327e+01 7.470242575602613044e+01 6.417657911494417533e+01
