LEM/with_lateral_4open/elevation_000041.asc
nrows	100
cellsize	150.0
xllcorner	0
ncols	100
yllcorner	0
NODATA_value	-9999
[rows 0 to 16 of 100, columns 37 to 73 of 100]
8.884754177262699226e-02 6.929726548558100274e-02 7.395023591448830758e-02 4.828361932999872264e-02 4.897713358561925356e-02 8.568734790590110117e-02 1.075183056328203948e-02 6.823539046102447547e-02 7.194897206013613211e-02 1.557559815681563986e-02 7.704183385687686514e-02 1.685416958384493638e-02 9.680445094065920353e-02 7.639902522890137937e-02 4.559330980047965332e-02 5.839666421669215124e-02 9.739037529851846120e-02 3.670263267501718690e-02 2.041064012308905357e-02 6.895211126444661387e-02 9.031524355919069713e-02 1.560024811392830661e-02 7.641644294168103979e-02 3.888124420523987601e-02 6.873285589001959517e-02 4.772367030474261584e-02 9.504926490987847254e-02 5.760415539182907330e-02 9.666222459857021221e-02 9.627991409191682948e-02 1.286757495974483190e-02 9.381044340810595905e-02 7.584058927755046864e-02 1.435327048224320848e-02 5.777975670406795827e-02 2.716720951219454838e-02 4.735230246529398453e-03
3.868492271864891752e+00 2.006929726548522552e+01 2.007395023591413263e+01 5.821786311226280652e+00 2.004897713358526445e+01 1.163269273169851914e+01 1.415289688473871443e+01 1.421069768562005464e+01 1.423291328880229756e+01 1.989008455364753658e+01 6.987117060170857652e-01 2.001501307457592915e+01 2.009680445094030432e+01 1.007639819883078580e+01 2.004559330980012533e+01 3.539949783330656352e+00 2.009739037529816486e+01 2.003670263267466112e+01 8.185376449400420640e+00 2.006895211126409251e+01 2.009031524355837206e+01 1.156260563190634372e+01 2.007641644294132632e+01 1.542173300210899267e+00 2.006735384791981502e+01 1.159306797121307575e+01 2.009486487362202922e+01 1.420046932891639990e+01 1.423879784832939599e+01 2.009627991409156067e+01 2.001286757495939028e+01 7.164878255299052867e+00 1.778353650795045704e+00 2.001435327048188739e+01 2.005777975670371305e+01 2.002716720951183760e+01 1.000473521916275388e+01
7.717494066462380786e+00 2.771749362608381873e+01 3.185201320278196135e+01 1.185201320278160608e+01 3.185201320278196135e+01 2.577482835542972239e+01 3.415398676287544788e+01 3.422336349244042708e+01 3.442793850727375116e+01 2.130750330658046110e+01 1.320682119588208137e+00 2.132756445044026705e+01 3.834916028156354884e+01 2.421823403778302364e+01 2.707548368926376625e+01 7.075483689263409204e+00 2.707548368926376625e+01 3.646964769686332630e+01 1.973238183319314132e+01 3.646964769686332630e+01 3.984687686871813384e+01 3.156260563190528146e+01 2.305004983474099944e+01 3.049730023099720633e+00 2.304988060924740623e+01 3.150976426461973290e+01 3.908280113172204295e+01 3.423149054673312719e+01 3.423879784832868722e+01 3.785604360666725654e+01 1.785532829920567011e+01 2.348706748995849480e+01 3.487068966228564104e+00 2.348689726002288225e+01 3.423544230109642683e+01 3.828648753256452153e+01 2.414685646718761802e+01
1.179997697110097654e+01 3.179997630602879966e+01 3.892308101464791292e+01 1.892308101464720593e+01 3.892308101464791292e+01 4.577482835543042938e+01 4.790357034542643078e+01 3.947751350093933098e+01 3.232229380476261582e+01 2.193731798687628043e+01 1.943556779452507266e+00 2.085227016002428257e+01 3.778619127028348146e+01 4.420479261360963363e+01 3.124577197040529697e+01 1.124577197040494170e+01 1.862248907305612988e+01 3.862248907305683332e+01 3.973238183319384831e+01 4.801665308065604165e+01 5.292577883673005346e+01 3.337576473573771096e+01 1.934549890531955540e+01 2.261977023382095453e+01 5.225443195981396727e+00 2.544191411177515860e+01 4.208597113235777698e+01 5.225404167851944237e+01 5.199978179858963756e+01 3.199751542491865663e+01 3.785581098233090813e+01 3.161229618590832757e+01 2.348645889342495252e+01 5.948898785815229573e+00 2.009105832031580618e+01 4.009420351726534903e+01 4.414522066953683321e+01
1.616433477582074829e+01 3.616433412278546200e+01 4.720735226211010627e+01 3.047008639843992484e+01 4.720735226211010627e+01 5.389574791928990294e+01 3.350610639392365897e+01 1.925706823977039406e+01 1.227741479451481332e+01 1.386674011860619871e+01 2.567339641004313666e+00 1.216041158064414240e+01 3.163575604184704204e+01 4.975226539885673560e+01 2.975226539885602861e+01 1.561012977512482713e+01 3.561012977512552879e+01 3.276462469678757827e+01 5.276462469678828171e+01 6.065548117039067932e+01 4.062438551128906283e+01 4.062438535252074701e+01 3.454024086452182019e+01 2.671805604830808889e+01 6.773089661049664478e+00 1.384415465276029700e+01 2.384546605431115296e+01 4.407998699208830828e+01 6.029178943806302016e+01 5.199978179858963756e+01 5.071390849971273695e+01 3.349123797016697068e+01 1.349016843150701028e+01 7.716665738781605555e+00 2.771673551974648220e+01 3.849327026606087543e+01 5.838835144396557553e+01
2.171133673807294073e+01 3.249426633560957356e+01 5.249426309714377936e+01 5.047008639844062827e+01 5.875435764590282872e+01 5.987218357202662844e+01 3.947801681934441120e+01 3.947746533851408657e+01 2.363666588373025945e+01 3.452955286116982769e+00 1.794990686808075608e+01 2.775613962724349904e+01 3.952586077816125965e+01 5.460297789958372761e+01 3.460297789958302417e+01 2.046084227585157223e+01 4.046084227585227922e+01 5.276462469678828171e+01 6.104889594425048216e+01 5.478366684216271665e+01 3.475941917881976906e+01 2.061486745850334756e+01 1.458464528313414910e+01 9.037643729338812548e+00 2.677186547316818732e+01 3.387112232300947312e+01 4.235199205215909757e+01 5.277396962161469673e+01 6.815710349894288811e+01 4.812721569872746130e+01 3.398168916029283793e+01 2.243444439595859663e+01 2.958991435386365509e+01 9.589837361945010130e+00 1.853379139801330666e+01 3.266168943138185909e+01 5.257195180721807759e+01
2.878240454993829189e+01 4.878240306814968363e+01 6.077853045035121937e+01 6.541317312755639080e+01 5.643965630435388903e+01 4.813680142328583145e+01 4.876769986470121410e+01 3.472939434774679057e+01 2.408582335762513793e+01 4.082897866376987039e+00 2.405696443005494345e+01 3.916433995250795164e+01 4.227148965952478221e+01 5.113885353434294245e+01 4.874511352331447256e+01 4.046084227585227922e+01 2.898887093007614268e+01 4.313100655380759463e+01 6.313100655380829807e+01 5.478366684216271665e+01 3.475941917881976906e+01 4.062438545763324527e+01 3.071445944915942050e+01 1.071600644593207541e+01 1.740414572585935815e+01 2.497753200916661598e+01 3.435084093299538921e+01 4.955224897817417684e+01 7.097013064715197572e+01 5.659284238565049208e+01 3.657744164467319337e+01 4.243981679353921521e+01 3.152368878301503585e+01 1.152331034003635324e+01 3.152368878301503585e+01 4.318604803122103419e+01 5.174451232603230721e+01
3.878240454988003449e+01 5.706666585563149852e+01 6.346469761800018006e+01 4.576990924413056661e+01 4.576990924413071582e+01 2.816963811795067585e+01 3.183358763406505787e+01 2.068842632804276249e+01 7.105874856524850181e+00 9.153312720598623997e+00 5.014682414329384663e+00 2.977046777056512639e+01 2.332413351402913548e+01 3.440709828580628482e+01 5.478728075274575104e+01 5.727314217753904302e+01 4.053587631386906764e+01 4.313100655380759463e+01 6.313100655380829807e+01 6.308727706632650722e+01 5.478366684216271665e+01 4.540934019352807383e+01 3.245277518841462694e+01 1.246341452166664077e+01 2.972621002926552691e+01 4.375845959396448137e+01 5.499659379085220934e+01 5.582540126898485511e+01 7.702750328893151277e+01 6.489918503183569953e+01 5.659284238565049208e+01 4.777679861843959230e+01 2.781504912681278441e+01 1.367996580408818375e+01 1.818999522617561482e+01 2.304075786593612563e+01 3.460770832998147739e+01
5.878240158641928303e+01 6.706666041832946235e+01 5.470199806247242691e+01 3.411095185335810243e+01 2.741696645951965294e+01 3.183361387787512697e+01 1.224249594949841402e+01 1.011823741113664177e+01 2.647958290979391194e+01 2.273053604717049225e+01 5.673544364569774956e+00 1.245068394540824031e+01 3.150673308271681705e+01 4.641223759543061078e+01 6.333231205112517870e+01 6.882014756133297340e+01 6.053587631386977108e+01 6.313100655380829807e+01 7.141527780127150038e+01 6.157420297307112378e+01 5.035220758264277663e+01 3.717279879291282896e+01 1.724417390050179222e+01 1.453731647179209574e+01 3.452546937048918352e+01 4.578149979404605574e+01 5.126686595251827328e+01 5.126686597963599468e+01 7.124881414596815432e+01 6.949407425211765599e+01 4.953268655912749097e+01 3.541555542775201815e+01 3.585639652931543253e+01 1.587525100338334028e+01 2.993716599598994677e+01 4.296534631932414072e+01 3.199010930727909141e+01
7.201654789741149898e+01 5.199466560302146689e+01 5.002019318345389820e+01 3.641151118160748723e+01 1.787783863214978197e+01 1.539502018967760932e+01 3.183350108766816788e+01 2.958640094492346506e+01 3.775571338875708705e+01 3.334655961558429738e+01 2.565195886484077903e+01 6.605486576853350833e+00 1.813247514765319579e+01 3.813979062686679100e+01 5.406773039353740273e+01 5.942125958571249811e+01 5.942125958571249811e+01 6.771665701158369188e+01 6.612017199568460057e+01 5.350262613495790021e+01 3.383662136322197256e+01 2.232335844251792167e+01 3.717279879291282896e+01 3.452546937049118014e+01 1.751869685798933318e+01 3.750482212446268449e+01 3.128926591421697978e+01 4.541522759304579893e+01 6.539397078313893985e+01 6.245120266106250995e+01 5.245520081508438182e+01 3.907896202771781446e+01 1.909854249824720895e+01 3.585641847583185182e+01 4.223994434095826733e+01 5.661359242004514414e+01 4.625444244002338223e+01
6.501373317770713811e+01 5.199466560302146689e+01 3.194029621669847785e+01 2.189194023233200426e+01 3.786155579218718259e+01 2.934709624454486132e+01 2.520625476656024588e+01 4.520901628869172129e+01 5.165854346545631870e+01 3.308494545107110696e+01 2.470355018722015572e+01 7.261813335271081193e+00 2.725126389134877414e+01 3.511267857193323749e+01 3.399821355218551133e+01 3.939018753850059795e+01 3.939018753850059795e+01 5.942125958571249811e+01 5.787054737553309280e+01 3.805713283830744587e+01 2.809358252934573486e+01 4.222880091726649709e+01 5.046412470026483987e+01 3.750482212439978014e+01 3.750482212414492267e+01 2.060456788346734669e+01 4.058838953417811268e+01 5.954436002369676828e+01 7.104599259852267323e+01 5.417005147199854775e+01 3.417823990088508168e+01 2.417854033847730477e+01 3.907896202771774341e+01 2.357062508527100420e+01 4.353996784796363073e+01 5.776278501926795883e+01 6.686998266112348688e+01
5.085631586485177280e+01 3.668281722054390315e+01 2.662241093532770009e+01 3.087950075194773447e+01 5.026810330792284276e+01 4.935269874019687109e+01 3.414258709305856598e+01 5.351562813851275280e+01 4.616480456326781479e+01 2.603017477205840891e+01 1.489704863038562976e+01 7.915411084880177306e+00 1.404552807445509899e+01 1.498690884313359106e+01 1.968162493090220266e+01 2.512436529498128479e+01 3.939018753850059795e+01 5.942125958571249811e+01 6.612017199568394688e+01 5.251583595376602176e+01 3.267638042436099255e+01 5.251583595376602176e+01 6.576322126959523473e+01 5.442768109949892619e+01 3.445267416722251141e+01 2.291367829076089535e+01 4.289571714184932461e+01 4.278957919679148603e+01 6.276704401924916965e+01 6.245120266106250995e+01 4.819310498875046278e+01 2.817854692848613851e+01 4.800456421449573696e+01 4.156289077855769420e+01 2.821995907614777366e+01 4.488468350795249506e+01 6.858197577357792341e+01
4.205306889035741591e+01 3.200624797576096370e+01 3.823401669467267538e+01 5.093787340485474857e+01 4.726438133881765680e+01 6.249061815902769013e+01 4.829581746094724792e+01 6.249061813930747888e+01 5.456709745925080313e+01 4.393941395503421177e+01 3.437623621192206258e+01 2.792513381240224035e+01 8.845872164946504412e+00 2.887761497140000344e+01 3.985354345136465071e+01 4.525715270669264356e+01 3.939018753850059795e+01 5.942125958571249811e+01 6.652749959851011852e+01 4.671339414529144562e+01 4.261923948069087942e+01 4.261923963169857643e+01 6.241312657454095358e+01 6.267425585308027536e+01 5.044819692907510245e+01 3.046938327134612123e+01 2.647621127186454970e+01 4.645551235433455162e+01 5.800106246562226886e+01 6.826976962172322771e+01 5.246891342164517624e+01 3.244276355071669116e+01 5.234303259317937318e+01 4.818976777429526948e+01 3.170006783136199857e+01 4.529407903977831040e+01 6.369155658571667544e+01
3.853385070371682275e+01 4.205306889035741591e+01 5.826417257609752198e+01 6.656215638168693260e+01 6.728333746319717079e+01 7.559124582057279440e+01 6.836258402600348916e+01 6.553746440490574798e+01 5.243848837015408293e+01 4.396719302481645286e+01 3.912104739525396013e+01 2.955986014959490404e+01 9.516190026507826971e+00 1.842519365687538624e+01 3.196533559700454319e+01 5.098381255917730215e+01 5.942125958571249811e+01 6.771665701158774198e+01 7.481523111059647135e+01 6.652691140650848922e+01 5.403170402204330713e+01 5.146439011840946876e+01 7.066441778646507998e+01 6.457985983437477273e+01 4.459533219735360632e+01 5.044866482342378333e+01 4.375004070020157343e+01 3.022099813727253093e+01 4.111173301759976795e+01 5.982998399025008496e+01 5.706693373745488884e+01 3.703231523718073959e+01 5.705628294367246411e+01 5.862673566052383478e+01 4.576764818641615307e+01 3.721729235786545331e+01 4.869731881216376479e+01
5.855474523726388725e+01 5.620539073133313224e+01 7.036399538399790288e+01 6.659869337079916818e+01 5.834059569530472089e+01 5.977192621707983733e+01 5.882615064790121551e+01 5.604771293535721099e+01 3.541271368743381487e+01 2.379142251690567988e+01 3.086444851327698302e+01 1.085562609392674460e+01 1.050535949412227588e+01 3.105309165596566245e+01 3.753571853138480208e+01 5.670663569893891065e+01 6.472513857459406950e+01 6.472513857459408371e+01 7.301108960157561967e+01 8.212524983628897246e+01 7.385600153847285299e+01 6.542981285692322047e+01 7.126620142117512557e+01 7.287410226834631999e+01 6.457985983437477273e+01 5.784305857549401964e+01 3.805366448553764513e+01 3.342196212320349957e+01 4.896721425129101846e+01 6.196977657917057059e+01 6.207697706679530114e+01 4.203680374943361642e+01 6.207697706679530114e+01 7.393633119413662769e+01 6.261107349671185318e+01 4.275125809774716146e+01 4.659659961772975123e+01
7.469911628448829788e+01 7.621185937683925715e+01 7.240804646807370659e+01 5.251366679720792519e+01 3.846039794664984157e+01 3.992653393625968050e+01 3.990455611962563864e+01 5.207410735750549691e+01 4.181111910540140286e+01 3.220448944714715367e+01 1.221392718492402807e+01 3.086444791082719519e+01 1.150842489449758332e+01 3.157810879538422810e+01 4.123079969171756431e+01 5.507277508019459589e+01 4.461541278499706209e+01 4.461541278499706209e+01 6.472513857459408371e+01 6.856287401022699157e+01 7.688538011230087932e+01 8.535648984827129482e+01 9.122535413685793060e+01 8.061935616753241618e+01 6.088081954612218283e+01 4.694212008142211090e+01 5.784305857549401964e+01 5.433870415631447059e+01 3.813684134750819510e+01 5.822216190065157093e+01 7.036764662387606961e+01 5.621143824638496511e+01 5.100220950249071450e+01 7.103665223507016435e+01 6.860325790479105024e+01 4.872943054857432799e+01 6.647257764407106606e+01
7.752150208296430378e+01 7.271625895589501454e+01 6.445024946062872573e+01 5.982573534452663466e+01 3.994404101003790686e+01 2.585610285250572815e+01 2.671434322553279017e+01 3.589268255561858467e+01 3.355696172625832219e+01 1.358584693396305632e+01 3.220448946056001205e+01 3.989285828620167962e+01 3.157810873907309812e+01 1.293845143473547310e+01 2.709098499350089284e+01 4.044570032026516060e+01 3.041608742864141135e+01 5.050541510096805808e+01 6.260884330951679999e+01 4.849347012479003638e+01 6.456988418547244635e+01 7.288714158276761168e+01 8.446461668646901444e+01 8.061935616753241618e+01 6.088081954612218283e+01 6.088081954612218283e+01 7.486769222658695355e+01 6.359567151994191647e+01 4.348983956002371087e+01 4.463578862298905392e+01 6.474714873816414240e+01 7.623764043765568488e+01 5.809367421505108808e+01 7.811540196747513676e+01 7.524361780771005215e+01 5.532253809895322405e+01 7.524361780771005215e+01
