LEM/with_lateral_4open/elevation_000383.asc
nrows	100
cellsize	150.0
xllcorner	0
ncols	100
yllcorner	0
NODATA_value	-9999
[rows 51 to 67 of 100, columns 37 to 73 of 100]
6.174946711252951559e+01 7.757848958851452892e+01 8.575930135545371513e+01 9.715933400587547908e+01 8.606789893526845958e+01 8.606424774639836528e+01 7.058432500444479274e+01 6.533714093912416843e+01 6.880419666941361356e+01 7.250281668707546601e+01 7.815928160910542033e+01 8.438189315874487306e+01 9.137033024325923236e+01 1.027950284171068205e+02 1.224412254280449730e+02 1.219750243483501038e+02 1.137481717489299058e+02 1.137481717489195177e+02 1.046062727188095778e+02 8.934684645614618148e+01 6.938704221830110441e+01 8.318711713917213046e+01 9.142180162600851645e+01 8.270020392858755542e+01 6.268772848976115597e+01 4.837052774890408813e+01 6.854924683746423852e+01 7.255972363229086852e+01 5.887451570662736344e+01 6.376259295715034625e+01 7.790528896530210545e+01 9.779916312835844394e+01 8.749723955761500349e+01 6.754851735520350076e+01 5.752609263466985823e+01 7.753726393244338055e+01 7.921571210934871488e+01
6.992059345882921662e+01 8.199788132152332309e+01 8.382408157016804751e+01 9.245347877946510096e+01 8.437079940757895713e+01 6.639579641734007964e+01 6.076127238436851030e+01 8.039217842007424508e+01 8.268828826063869997e+01 8.385301874036372283e+01 9.788067705396095164e+01 1.041235311257940310e+02 1.110984882952274120e+02 1.192099462653826691e+02 1.305345644146339055e+02 1.295833006611209726e+02 1.196772543129920194e+02 1.114577455374935653e+02 9.638752783977597005e+01 7.647347363762193595e+01 8.934684645614618148e+01 9.757307294851270285e+01 9.625182023895023065e+01 8.094486663141417182e+01 6.091189345236942643e+01 4.655808927925898644e+01 6.663017108613365735e+01 5.245162611626851401e+01 7.255972363229086852e+01 8.373210763766664400e+01 9.196272555023972473e+01 9.585309470331050363e+01 8.588925936074042511e+01 7.120917598805687021e+01 5.112810592963977285e+01 6.387660583174043438e+01 5.919755985499053708e+01
5.434708637766126316e+01 7.378980646189216941e+01 6.154381914583963464e+01 7.977009581115937920e+01 7.613218854019034154e+01 5.654199567385742142e+01 7.622930577543027653e+01 8.856152029620679400e+01 1.022577837606844895e+02 1.035983148096455437e+02 1.117629521196962372e+02 1.143760029448621793e+02 1.062436784859994532e+02 1.143760029448621793e+02 1.242120284626016229e+02 1.213507206039070923e+02 1.015647704710800099e+02 9.164478789498554079e+01 8.499913448917413916e+01 9.638752783977597005e+01 1.046062727188095778e+02 1.020608645238333594e+02 8.220492669630259286e+01 6.812068281828122451e+01 6.502596479586404143e+01 4.475961276676415679e+01 4.638918286882785225e+01 6.617612672966232878e+01 7.599038791952115446e+01 9.281529792864759543e+01 1.012302007238271813e+02 8.759369462312294274e+01 6.767353414652542654e+01 5.768067678891645755e+01 4.952083366471167380e+01 4.369887864941766509e+01 4.748714835754449837e+01
5.753594290946008272e+01 6.352057552354175129e+01 5.058042214375043244e+01 7.053165849076719951e+01 6.974122503745189761e+01 5.378324058889705128e+01 6.773653028835740031e+01 8.741308675213107904e+01 9.608096240478207051e+01 9.915800032623197069e+01 1.036816391665088872e+02 9.693882776611414442e+01 8.650510936012102547e+01 9.639154708853153863e+01 1.160958098834674104e+02 1.295833006611209726e+02 1.196772543129920194e+02 1.114577455374935653e+02 1.048534263233242285e+02 1.070889497130607850e+02 1.012818932044743008e+02 9.948418664376880827e+01 7.962866562584090957e+01 6.553432270221961176e+01 5.390886807689402360e+01 6.112565213873828895e+01 4.231298805488301440e+01 4.816385842481435020e+01 6.751299144481127712e+01 7.174550642444361870e+01 9.281524575327297555e+01 9.585300136084799760e+01 7.826514071222050006e+01 6.278784176053191146e+01 6.948779665859844101e+01 5.274799457328290231e+01 3.830976874853721625e+01
5.881965031060567384e+01 4.321086886598757104e+01 4.485715337613260090e+01 6.468249821686903545e+01 4.997766340399322615e+01 5.272223898992236713e+01 7.245120754794336904e+01 7.922758280648783114e+01 7.638985202152483112e+01 7.945534424412484498e+01 8.396355460201152709e+01 7.722087072176594802e+01 9.693882776611414442e+01 1.143760029448621793e+02 1.242120284626016229e+02 1.223000562574764842e+02 1.140817436184132561e+02 1.194155747957681371e+02 1.053907817789406778e+02 8.722600782473735137e+01 8.140386946928872192e+01 9.103016226184392679e+01 8.279340051875873030e+01 8.218625152871408091e+01 7.394846613518033962e+01 6.113312701464612076e+01 4.076554639615436315e+01 6.113312701467935284e+01 5.733475457498992967e+01 7.174550653519276011e+01 9.281534448028006068e+01 1.041452793343906649e+02 9.050722570759933205e+01 8.223452168977374299e+01 8.111306138053126347e+01 6.693199106345606708e+01 5.401426441107516752e+01
4.090882772765529296e+01 5.972364235386564246e+01 6.453123479491686965e+01 4.727864905207162849e+01 6.707655491848763063e+01 7.245120483122019550e+01 5.670019418560508484e+01 5.956102913068594518e+01 6.250447512983156173e+01 6.557573788732105413e+01 7.006831707276843701e+01 8.973884785894300364e+01 9.332242771335296538e+01 1.130299626947477947e+02 1.244604884024887070e+02 1.140817436184132561e+02 9.426522788436852807e+01 1.000693509633802876e+02 9.136598876211341747e+01 7.727742454822195839e+01 6.726098573181363349e+01 7.781440615244029857e+01 6.277485182576420186e+01 6.644832565426784754e+01 6.352967949986173579e+01 5.964302999678164952e+01 3.922011365265147731e+01 5.419968256602696499e+01 7.550251223789983612e+01 8.526975521725722729e+01 8.435197609939602614e+01 8.073183896268966464e+01 9.339997723651933370e+01 9.381639589171126659e+01 8.567730065809639939e+01 7.414439768614759885e+01 5.401313869141972646e+01
4.330284147650169047e+01 5.344228167904594073e+01 7.016139476231573724e+01 6.707654590229250857e+01 5.316389358109772445e+01 7.289369356232751329e+01 7.638896020711281665e+01 7.922758280647775564e+01 8.215724472368808051e+01 7.945534424412397811e+01 7.229257241262369860e+01 9.197825047520571218e+01 1.078586902452152145e+02 1.211546385332548965e+02 1.162423512441978914e+02 9.644395436681550393e+01 8.650364939582722457e+01 8.019190077627028757e+01 8.859309974704898138e+01 8.401576340718999347e+01 7.781440615244029857e+01 5.776974431186233971e+01 5.191016233224394227e+01 4.622735606262611441e+01 4.323087215418628659e+01 4.029520967650507401e+01 3.767931781392982771e+01 5.816399976675621986e+01 7.147870169180013988e+01 7.416128245506105543e+01 6.163744096842780351e+01 6.071208141691074189e+01 8.358363393796311414e+01 8.567730821620163795e+01 6.564899366303028216e+01 7.151346009228322487e+01 7.216786790993552358e+01
4.580184039760319337e+01 6.477112947699909284e+01 8.122847901353286204e+01 8.104133483266299720e+01 7.289369379313853869e+01 5.959621334981906671e+01 6.468844914681352520e+01 7.859022768198961728e+01 9.827240129094150234e+01 9.915800030379465113e+01 8.620279170511774680e+01 7.998851854524259863e+01 9.394377544677693948e+01 1.136514126555664177e+02 1.244604884024887070e+02 1.145551478015046882e+02 9.488881017133975604e+01 7.498002574171582069e+01 6.864095321100722913e+01 6.402997602023820889e+01 5.973269199299615195e+01 5.560187114772563177e+01 5.161085470964616917e+01 6.644832565426784754e+01 6.351410602498507529e+01 5.668822484575350984e+01 3.614085296076060416e+01 4.801527204521713088e+01 6.727518988094092833e+01 6.730678400173782450e+01 4.652310445528476635e+01 6.788733926840848198e+01 8.475548898456627001e+01 8.260507586379290501e+01 7.151512261547782145e+01 5.107478498694422342e+01 7.151513397403043371e+01
4.841887430251937730e+01 6.824663132756649020e+01 7.757834468390034033e+01 8.576681993554907990e+01 8.742000697362142603e+01 7.351416066592547338e+01 7.859022768181799279e+01 7.347400524302327085e+01 8.483541600975959796e+01 1.045141762617462859e+02 1.059214412833750600e+02 8.743775082955296796e+01 9.971600873682889699e+01 1.193953983630113953e+02 1.177912064652197444e+02 1.156305933822601588e+02 1.031031715324370595e+02 9.488881017133975604e+01 8.859309974704898138e+01 8.401576328720784659e+01 7.975477808075939379e+01 7.566778772731883862e+01 7.173254683023930056e+01 7.998610703562232516e+01 6.975945485429151915e+01 4.946670689337282312e+01 3.480004831196530546e+01 5.355141991302616589e+01 6.185985408258714102e+01 6.090766315675998044e+01 4.005942278923861721e+01 6.090773905922471698e+01 6.372644974823474229e+01 7.438918774221322394e+01 5.403348508466297773e+01 4.367089964902025656e+01 6.428856594938903868e+01
6.824663136207905723e+01 5.385393884265695874e+01 5.783770985188186842e+01 7.179520051800757585e+01 9.154008993901148017e+01 9.319401389243382994e+01 9.827240072733484055e+01 8.330989215098990996e+01 9.315263873294367158e+01 1.126045733119693040e+02 1.153070773776116340e+02 9.732705001865042505e+01 1.153070802521243081e+02 1.177912064652197444e+02 9.807217401733538509e+01 9.591658432333238693e+01 1.098727608827295370e+02 1.038776302710122508e+02 9.568997874317514629e+01 9.498893662920356462e+01 8.127579036223423259e+01 7.316136616299451134e+01 7.021014303399452672e+01 6.734138799861511870e+01 7.560032320764284464e+01 6.373430754544281740e+01 5.355983737638647568e+01 3.294967515727451257e+01 5.176002497697705707e+01 5.068561220055941163e+01 3.430352691065861848e+01 5.412839089517792246e+01 4.887641325274884707e+01 6.988060239619716185e+01 5.776882612028754238e+01 3.729025695046550481e+01 5.052866022442567129e+01
7.828030619688163938e+01 7.362963035444333570e+01 7.757834473564106759e+01 6.425380833087513111e+01 8.397946610641093912e+01 9.904953550908604143e+01 1.072757630586443298e+02 1.029803467812224227e+02 1.029803467812224227e+02 1.208597451509491805e+02 1.251406853163512665e+02 1.170261257425780599e+02 1.251406853163512665e+02 1.130698863905965510e+02 9.336052951396551691e+01 8.201992351366891398e+01 9.330304348434354722e+01 8.811272394456587165e+01 7.602898198729472767e+01 8.082110734191826396e+01 6.732122360193925203e+01 5.310794840842109465e+01 5.009379820132412675e+01 4.714298808472241120e+01 6.338665104485473023e+01 6.488021144276744678e+01 5.360935801220740160e+01 3.270359535857443234e+01 3.113856300884522454e+01 3.005809165045703324e+01 2.898989096594257475e+01 3.551839999512941404e+01 4.743330357557503163e+01 6.766242906344869823e+01 6.610926049486032241e+01 5.051500167412360298e+01 3.044288000436161568e+01
7.249836374015583829e+01 9.223915009281930111e+01 9.217866618091073860e+01 7.410024259269356151e+01 7.229118363933091018e+01 7.925513643744929482e+01 9.067012964964473554e+01 1.104960167817030339e+02 1.224931974042937100e+02 1.169192909503230027e+02 1.118757577408151320e+02 1.118757577408151320e+02 1.201092613375090536e+02 1.212645154301323345e+02 1.098727608827295370e+02 9.330304348434354722e+01 7.388264603861722435e+01 6.923155007892330559e+01 6.507018297138803575e+01 6.091442879422250911e+01 5.764083459499523343e+01 7.316136616299451134e+01 7.021014785484051401e+01 6.338665104485473023e+01 4.300552612930828644e+01 5.654514568906598981e+01 3.546374983403443082e+01 5.358727645327759603e+01 4.500556180689447672e+01 4.568920321969558529e+01 4.813882351597108311e+01 2.752093756131331759e+01 4.667816291296193754e+01 5.506069583261346168e+01 5.882265435320760361e+01 4.595904228487765408e+01 2.597915203091424630e+01
9.223915009281930111e+01 1.004292891548505509e+02 1.020660843577366990e+02 8.806182429017292179e+01 8.367980863033722017e+01 9.904953550908604143e+01 1.072887849552073760e+02 1.187539611582850370e+02 1.111307801152179024e+02 9.710076679897576923e+01 9.205695845760379825e+01 9.205695845760379825e+01 1.118757577408151320e+02 1.199668646809252266e+02 1.003717284218243009e+02 8.661068061984406086e+01 7.725042762960602261e+01 7.004028572714061340e+01 6.631211914864641699e+01 7.632932002020795892e+01 7.766352186946339486e+01 8.170204370785599224e+01 7.272479147179315362e+01 6.184923028493280839e+01 4.249664122042047865e+01 3.876170057899069832e+01 5.654399274544883980e+01 6.474431655334478819e+01 6.339191320555349307e+01 6.694807020070793158e+01 5.651293726882834534e+01 4.667816311715980504e+01 2.607988281470947811e+01 4.532214691660605865e+01 3.838614289922765721e+01 4.213465273130110944e+01 2.161058903522621577e+01
1.028500981313259075e+02 9.466303044920574905e+01 1.028500981313259075e+02 1.078535605189566269e+02 1.034782497258363918e+02 1.117075378800664112e+02 1.070582151856891926e+02 1.153114672936270750e+02 1.029054781297960233e+02 8.310559592901783788e+01 7.807465976377119432e+01 9.038293309829870736e+01 1.101932490051133016e+02 1.224175772463715788e+02 1.142601271773069982e+02 1.040047713781444685e+02 8.370974837539462499e+01 1.006301246088548851e+02 9.536528050397110690e+01 9.464729993697793020e+01 9.032300724175989615e+01 7.327903148154089763e+01 5.297185372909880385e+01 4.767711610271295086e+01 6.290800022309514361e+01 5.360098062804929953e+01 5.360098352477377404e+01 7.376253198858884730e+01 7.696145858264299022e+01 6.269230751177389038e+01 5.047217661172235381e+01 2.986540898594994786e+01 4.532214691660605865e+01 2.474514128782387345e+01 2.380776670271815121e+01 2.289202266308160816e+01 3.825188484191698990e+01
9.068157267810396149e+01 7.487477854483533690e+01 9.295932903859171859e+01 9.486207860597168917e+01 1.030493331921035036e+02 1.038550339943293892e+02 8.724905143811783148e+01 1.038550339943293892e+02 1.079368190645340775e+02 9.038293190294484702e+01 7.065667289709242027e+01 8.458393652548352293e+01 1.044207317535555433e+02 1.028428037945986091e+02 1.132533011898051569e+02 1.121170697396118356e+02 1.029848734279860594e+02 1.121170697396118356e+02 1.137569035050916284e+02 9.632440852146855548e+01 7.596494652527759683e+01 6.161237665656738471e+01 7.296957981698209039e+01 5.265382965303243878e+01 7.299018307289212260e+01 7.376232839883668646e+01 7.376263804537717306e+01 8.202173227145625845e+01 6.718316818738391305e+01 4.842380619630944238e+01 3.380271637799285855e+01 5.047217661172235381e+01 5.278939717263613574e+01 3.874252966269407494e+01 2.863552291097856184e+01 4.344120138962104249e+01 3.626008299806643009e+01
7.094615789458840993e+01 6.506918344557102785e+01 8.089300107823636665e+01 7.510681971240713040e+01 9.486207860597168917e+01 9.562138916360747487e+01 7.586760683795803573e+01 8.506254836996593838e+01 9.327673937144417948e+01 7.994094138800419103e+01 6.607304867448506513e+01 8.573314115493448639e+01 1.018435226547863834e+02 8.889162629583397290e+01 9.360590967057478906e+01 1.132533011898051569e+02 1.151558525172131908e+02 1.065466105873774012e+02 1.054327290955947944e+02 8.509086769654801685e+01 7.331899066994539282e+01 8.170648699866228526e+01 7.590214834244575570e+01 5.809013417216482367e+01 7.866855851255704124e+01 8.948940143512476197e+01 7.948614316186558426e+01 7.121830130387665747e+01 5.887176652426153112e+01 3.842789754012491699e+01 4.010548329595803096e+01 6.050808799971104435e+01 6.393482616206785707e+01 4.797789744903761289e+01 3.369857143480267325e+01 5.491896075099960228e+01 5.046839217073330985e+01
7.672652705515119465e+01 5.723526343455070986e+01 6.130676673386663111e+01 7.510681971240713040e+01 9.486207860597168917e+01 9.904103681709040075e+01 7.927246887369126682e+01 6.543286847715668841e+01 7.704876496934130614e+01 8.154138625868881718e+01 6.197400382557557208e+01 8.154139827458901379e+01 8.215351534739575357e+01 7.750269313265498283e+01 9.144362973522339644e+01 1.109861823429444314e+02 1.021221531334853836e+02 8.484226649134009790e+01 1.021221531334853836e+02 1.020540433918778405e+02 9.368834994103701774e+01 9.716599165018944007e+01 7.588712115773998335e+01 6.530017565200694207e+01 8.597996987788872048e+01 8.124068820855663375e+01 6.119591439919657461e+01 5.105147698198177153e+01 4.327644156744195669e+01 5.887176652426153112e+01 4.701115597587217110e+01 6.725655401149168711e+01 7.380750133138980118e+01 6.066318198589031141e+01 3.959186369160673280e+01 6.093631035563419829e+01 7.065879086468947889e+01
