LEM/with_lateral_4open/elevation_000046.asc
nrows	100
cellsize	150.0
xllcorner	0
ncols	100
yllcorner	0
NODATA_value	-9999
[rows 68 to 84 of 100, columns 0 to 36 of 100]
5.009162696260269221e-02 2.005009162696224578e+01 3.648571887539148406e+01 4.383736331964413324e+01 3.452781299614138533e+01 3.452781299614138533e+01 5.452781299614067478e+01 5.895609084979081871e+01 6.724036209725402102e+01 5.331513721021272545e+01 3.315379829770161280e+01 5.331513721021271124e+01 6.569312659121631270e+01 5.742376922387154536e+01 4.892287802253873963e+01 2.906247557605007614e+01 4.892276358705242956e+01 3.855434707429771635e+01 1.843258521430130870e+01 3.855559845535317720e+01 3.489579059751079626e+01 4.907178500339482952e+01 6.882131197915926180e+01 6.984756930999679980e+01 7.373933279551263809e+01 6.327952230544673995e+01 4.503673096829694344e+01 6.329425930212767781e+01 6.733887605578000546e+01 6.311660342158803161e+01 6.894467782557946123e+01 6.598132888993401934e+01 8.587069987443986463e+01 9.257241265593920332e+01 1.066957513395249748e+02 1.058410454445933198e+02 9.571391644311300695e+01
4.695337527364121244e-02 2.004695337527328647e+01 2.636189436258048602e+01 2.383736331964484734e+01 2.038567737241093525e+01 3.904045253416321515e+01 4.481395522605937032e+01 3.895609084979011527e+01 5.895609084979081871e+01 6.158447893289473996e+01 4.224145393273630589e+01 6.158447893289473996e+01 7.642430605833833113e+01 5.748852995870949201e+01 3.738763238484328610e+01 4.892287802253873963e+01 5.721098962346697192e+01 4.688759387205259799e+01 3.855559529453303469e+01 2.058109387697401260e+01 3.492133275297447170e+01 5.508244731045814291e+01 7.087857073751733594e+01 7.948921985370223808e+01 8.914964161197612214e+01 7.327963311699323867e+01 6.502353050588988026e+01 7.327963311699323867e+01 8.722729873653604216e+01 8.301488013934530841e+01 8.884944948038183554e+01 7.592553638178020492e+01 9.413310701331319308e+01 1.125099560625492643e+02 1.116902147022719589e+02 9.174459951383593648e+01 7.762075892779915876e+01
7.614146464036156137e-02 3.199616702412476421e+00 6.361894362580842177e+00 9.695227695914146793e+00 1.369522769591411304e+01 1.904045253416250816e+01 2.481395522605866333e+01 3.375822713605813874e+01 4.530523251985106015e+01 6.530523251985248123e+01 5.384170369547724277e+01 7.053015013714339432e+01 6.827609308460888826e+01 4.807550644516958727e+01 5.748852995870949201e+01 6.574383445544664539e+01 6.082499917403912093e+01 4.095920025895802041e+01 2.666029010453857140e+01 2.216134708235971473e+01 4.250176216791474104e+01 5.335956491676946456e+01 4.961365403850094680e+01 6.677854454610383073e+01 6.983326868705495372e+01 7.424987111564307440e+01 7.721236479496069194e+01 7.460810910842242549e+01 8.291136258140673476e+01 9.449390902549804139e+01 1.040911580539714834e+02 9.581586336709970908e+01 1.040911580555467140e+02 1.099336193212252226e+02 1.182180007387652125e+02 1.058410454445933198e+02 9.691700728303243295e+01
2.352828262072655108e-02 2.002352828262037221e+01 2.050402998631154006e+01 2.969522769591378974e+01 2.524223307970642338e+01 2.438567737241089972e+01 3.852781299614134980e+01 5.309822647352156366e+01 6.204249838352104263e+01 7.358950376731496590e+01 7.379257757956075636e+01 8.204347510184626913e+01 7.642430605844852209e+01 6.242629661898764226e+01 7.642430605844852209e+01 6.768029345895851634e+01 4.780343650900521624e+01 3.370061161868677146e+01 4.677775805087865990e+01 4.250176216791466999e+01 2.471926445305610898e+01 4.504211897773936357e+01 3.766053129718291359e+01 4.953526523475932919e+01 6.798900925876637302e+01 5.415874523804789220e+01 5.711974084874092483e+01 5.451047473278617872e+01 6.612252806146298667e+01 8.619962790542643916e+01 9.128528430822714768e+01 9.957441795455379463e+01 9.578524600041194503e+01 8.992479788541331231e+01 1.099336193212252226e+02 9.547171097348359581e+01 8.718416329787567065e+01
6.786455232800275850e-02 2.006786455232764865e+01 3.648181348826858539e+01 4.878830123377243666e+01 3.938436870343687701e+01 3.593268275620300756e+01 5.266994861987380006e+01 6.681208424360124809e+01 7.955662825454515996e+01 7.763322514736312030e+01 6.940480490330261887e+01 7.416784198171440323e+01 8.240024910396897440e+01 8.227047383849735240e+01 7.511776563097393478e+01 5.458957919937250836e+01 4.314178879410826539e+01 4.370637735339097674e+01 6.191457321853462759e+01 5.335915720668540985e+01 3.915464232055359162e+01 2.741193435383612353e+01 4.613075568986361219e+01 5.346393653359037756e+01 5.602769623825579970e+01 3.997629564162706828e+01 4.291930475547459878e+01 6.300473397381472296e+01 7.131019329679833163e+01 7.541473708999873793e+01 7.122032567801809932e+01 8.506987117194489656e+01 7.573861531091930033e+01 9.578524600041194503e+01 9.887037138674160985e+01 8.718416329787567065e+01 6.732521282748732006e+01
3.257643153035955086e-02 8.197542240807690561e+00 2.233967786453889204e+01 4.233967786453959548e+01 5.938436870343616647e+01 5.593268275620229701e+01 6.421695400366691331e+01 7.066139426670251567e+01 6.017455551391285695e+01 6.017455551391285695e+01 4.954214852019860160e+01 5.429896903761528648e+01 7.119850406887312033e+01 7.936796744456596286e+01 8.379305300137951917e+01 7.145499047899573952e+01 5.303822101796571786e+01 5.769461221212671376e+01 7.187280073726341811e+01 6.756218100675737048e+01 5.069616751575410518e+01 3.059369830089401532e+01 3.095529147843072693e+01 3.345233598378648310e+01 3.598611861390174482e+01 5.602769627247725026e+01 6.300473447309717301e+01 4.770827955434405965e+01 5.120284750394997531e+01 5.530666124950157325e+01 5.959747508547958006e+01 6.498055297627912807e+01 7.659829540548997784e+01 9.664225887900693124e+01 9.057168245931804051e+01 7.066081730283030993e+01 6.084062105398213305e+01
1.880098487986705744e-02 2.001880098487951187e+01 2.819754224080804761e+01 4.819754224080875105e+01 5.981630702856276827e+01 6.810445851766320402e+01 7.066139426670251567e+01 5.068548069414902102e+01 5.431047155335030396e+01 4.106154151461544899e+01 3.802579080259592104e+01 4.434340280791702327e+01 5.139448137669222660e+01 6.285177808319166814e+01 8.243099019904940405e+01 8.152727436478269851e+01 6.709406484395502446e+01 7.766593487944339813e+01 7.538841167801197685e+01 6.712376855951008281e+01 5.382674235939992258e+01 3.377912801443666524e+01 5.107641739363382527e+01 4.762331348365167827e+01 5.602769627247725737e+01 4.541364432501947590e+01 6.549336949281962461e+01 6.780995367368872451e+01 7.131019329679833163e+01 6.281943257596007868e+01 7.970077504179732841e+01 7.602123222793547086e+01 8.506987117194489656e+01 1.049282822269121596e+02 9.887037138674160985e+01 8.889678789325036234e+01 8.061624988107418233e+01
2.900726248362994752e-02 1.417114288621445439e+01 3.417114288621374385e+01 4.558554741463225923e+01 3.969097377967135287e+01 5.981630702856276827e+01 6.285209891911534896e+01 5.363882319520124753e+01 3.434084617614227142e+01 3.116653422731484824e+01 5.112853161226306753e+01 6.421544173250964604e+01 7.119850406887312033e+01 7.936796744456596286e+01 9.046460118734916023e+01 9.056786520968222476e+01 8.744056734652961893e+01 7.864785229796925137e+01 5.870187407834571047e+01 4.712366590701332569e+01 3.955881639272413963e+01 3.894947467160846344e+01 5.900507646495317715e+01 6.769304079128696117e+01 7.379929843774033316e+01 5.961277174179904392e+01 5.961277174179904392e+01 7.969038833819442402e+01 9.120479373276569390e+01 7.443300206921209394e+01 9.120479373276569390e+01 9.607286305020780048e+01 1.043607179900582054e+02 1.133830646280885759e+02 1.092943927792380805e+02 1.009808817709628954e+02 9.213654928584720949e+01
5.081304048347550645e-02 2.005081304048312063e+01 3.456642321056524025e+01 2.497065367766913013e+01 4.558554741463225923e+01 6.328334104910878466e+01 4.872882532874261585e+01 3.460555173836993248e+01 2.538525169219833444e+01 4.537475114010369737e+01 5.938009019715789805e+01 6.435136725549102721e+01 6.842128197903628006e+01 7.029764144718065211e+01 7.851125980625040768e+01 7.072251395795440487e+01 8.473895342818353527e+01 8.690041973653504215e+01 7.538841167801197685e+01 6.456690045625495600e+01 4.455691322835518520e+01 5.900507646501898051e+01 4.712087096201818781e+01 6.132473671654505409e+01 8.139767911425126101e+01 7.969038833819442402e+01 7.969038833819442402e+01 8.798582513367976787e+01 1.027756183950705662e+02 9.448692722717989056e+01 9.171829579734718152e+01 8.345989125003698916e+01 9.171829579734718152e+01 9.772665177203275277e+01 8.942143337109229151e+01 8.095932983491621826e+01 9.772665177203275277e+01
4.469920835086939326e-02 2.004469920834968377e+01 1.318073819960234516e+01 3.456642321056141753e+01 4.331589750281013096e+01 4.331589750261120031e+01 4.045705355801150205e+01 2.043768152886998735e+01 4.045705355801150205e+01 5.363882319520124753e+01 5.848840067813066668e+01 4.440248276505334246e+01 4.848285324038353394e+01 5.036148013686185010e+01 6.394038961066247850e+01 5.662112436593915277e+01 7.653508276455646353e+01 8.961862524414613063e+01 8.399127640041194809e+01 6.408534612664506369e+01 4.991459435176050619e+01 6.992022280270485624e+01 5.716287062618852133e+01 5.982504887095962687e+01 7.403029603440542417e+01 9.407517147658150236e+01 9.696918802498502998e+01 1.052786934020629559e+02 9.301482073740056933e+01 8.469950372142491801e+01 8.173843190441760953e+01 6.349097806131005228e+01 8.173843190441760953e+01 8.416798215649562565e+01 6.940825804763601070e+01 6.940825804763601070e+01 8.942143337109229151e+01
2.324776005098762310e-02 4.282282963363779338e+00 2.298321962955930076e+01 3.086909788280568989e+01 2.363613494390843783e+01 4.331589742463338411e+01 3.725325346491078449e+01 1.720048088263542851e+01 3.725325346621497857e+01 5.315444360051902351e+01 4.490506239293981849e+01 3.026375281562420128e+01 3.434803528643184478e+01 3.882025808841342496e+01 4.398330820086982129e+01 5.153920527177770339e+01 6.152810434481483526e+01 8.142321956392444804e+01 8.617852041539453012e+01 6.626625379669469851e+01 5.750649408838900456e+01 7.746311742527439037e+01 6.876820111418811621e+01 7.990130412337907728e+01 8.819647839626679797e+01 9.371645632862555431e+01 7.695711228705087592e+01 9.371645632862555431e+01 8.144215837517950263e+01 6.466770298444697573e+01 7.347389646556477771e+01 5.349185955876556875e+01 6.565433560770163979e+01 6.415878873581810637e+01 5.786060070175509651e+01 6.940814849943765807e+01 8.941703744049735292e+01
8.699724428260374731e-02 1.573618631527518907e+00 9.383005206028592227e+00 1.192893270901227432e+01 2.671761476453254502e+01 2.828814816843626190e+01 2.988098205339126068e+01 1.407648858893323229e+01 3.416071451896991817e+01 3.990629829459408739e+01 2.491000599955674843e+01 4.490506239293981849e+01 5.432268381173017247e+01 5.878749334806028060e+01 6.394038961066247850e+01 7.147566195436961323e+01 7.968712633665631984e+01 8.961862524414613063e+01 9.443865515575929237e+01 8.571138611967157317e+01 6.906429929986660454e+01 8.571138611967157317e+01 8.882466511879702864e+01 9.711401808878056841e+01 8.827208633017032469e+01 7.997350085807347853e+01 6.540945196606459433e+01 8.541521071064546788e+01 7.313413817357771052e+01 5.311765975916215154e+01 6.157711213228064651e+01 4.642107716775442583e+01 4.565211689768508307e+01 5.001635617500487996e+01 6.155903270603864286e+01 8.140731590335332157e+01 9.771775817263885244e+01
2.249585233037712170e-02 2.002249585233002094e+01 3.682039952646889880e+00 5.174262422499597669e+00 6.699380709372292131e+00 8.234953508912134623e+00 9.793213974244345366e+00 1.308855477758925190e+01 1.646423458348272817e+01 1.988388578239345605e+01 3.990629829459408739e+01 4.431096110359140283e+01 4.734976205058860899e+01 5.550184379427749803e+01 5.913710873478730434e+01 6.467456167205486395e+01 7.098417604869334241e+01 7.921462129404234531e+01 8.811472514491346431e+01 9.719617716609923264e+01 8.893611634634646634e+01 8.929060081000552884e+01 8.096128166401521753e+01 8.929060081000552884e+01 7.671755391141907410e+01 5.996937768778343525e+01 5.785047935852294643e+01 7.785374464960024454e+01 7.444176871775337645e+01 6.155362999908469845e+01 4.157044369533659989e+01 3.975451792112735916e+01 5.975653605154815295e+01 7.001934580266126318e+01 7.820579360971709093e+01 8.953948358930766460e+01 9.314083073278661118e+01
2.739267172789772165e-03 2.000273926717243356e+01 2.983587248665282843e+01 1.929856536570119374e+01 2.084653073275163848e+01 2.241746198391393818e+01 2.988098205833469834e+01 1.306628150276924138e+01 1.579742625337217987e+01 1.858173809056621550e+01 2.140797250501669780e+01 2.430820873351342115e+01 2.732900850387032676e+01 4.713604578116760990e+01 3.916300392420753695e+01 4.470899117126803901e+01 5.103142346117218864e+01 5.997012556412486362e+01 7.407704219409836810e+01 9.393987103350507084e+01 8.853733791884944537e+01 7.921452459245467992e+01 6.079115352527467309e+01 7.921452459245467992e+01 6.842411496080413258e+01 4.842282599457215753e+01 6.112067686866866012e+01 6.941188751362534504e+01 6.632197302421798213e+01 4.644839394202696781e+01 3.490381841186641765e+01 5.490537736050930562e+01 6.568880807666201349e+01 7.398178993201048570e+01 8.398739764330230173e+01 8.728461868908254928e+01 7.314065021245727394e+01
8.327778614586213435e-02 1.422534340148457765e+01 3.421682432062275581e+01 3.935352410796364353e+01 4.089189688793145194e+01 4.246123868590217398e+01 3.777827099285016033e+01 1.770950526738155517e+01 3.586781611322803087e+01 3.862032814365716860e+01 3.556792695878578314e+01 3.839971673963767529e+01 4.704485281201686320e+01 3.186021356312845043e+01 5.194253253375019597e+01 6.467456167205486395e+01 7.098417604869334241e+01 7.921462129404234531e+01 8.811472514491343588e+01 9.383469794509235840e+01 8.020705952191659094e+01 6.009276608636563566e+01 5.081585308016124714e+01 7.087621759464495597e+01 7.526515836561389960e+01 5.526184060444958845e+01 4.112004110514428135e+01 5.494834666930179878e+01 5.102596062171340208e+01 5.201739415394128230e+01 3.201706786150528217e+01 3.861666932401301011e+01 4.568760885727042620e+01 5.568726539311504098e+01 7.569035076020909969e+01 7.899856746190663159e+01 5.899860504440990638e+01
6.510866554257997707e-02 2.006510866554222616e+01 3.189326441207360219e+01 3.896433222398482599e+01 4.724860354844773980e+01 5.879560904481049732e+01 4.611790818909271650e+01 2.930823730244961922e+01 2.560142196334318143e+01 4.563681754951219460e+01 5.555836729387900874e+01 5.794863658055683686e+01 5.600156272249272860e+01 3.612451019352226922e+01 5.611669075570024035e+01 7.061934785236569212e+01 7.889340064331322822e+01 8.888271461811474694e+01 8.791916638101984915e+01 7.368597879141655937e+01 8.109152905295714220e+01 6.378380770401223288e+01 4.386600495422645452e+01 6.378380770401223288e+01 6.231074835266596068e+01 6.941188063315168222e+01 5.494834666930179878e+01 3.494795067040456615e+01 3.102563211870679538e+01 4.568063970475829905e+01 2.918864095723514396e+01 3.918856581850136678e+01 5.918927595044148404e+01 7.398178993201048570e+01 8.398739764330228752e+01 7.192751293746259478e+01 5.192753853866489067e+01
8.953482861371392376e-02 5.863037520509996270e+00 1.189326441206532259e+01 1.896433222393092421e+01 3.051133760772364312e+01 5.051133760792626504e+01 5.771486564970184929e+01 4.934859444209379831e+01 3.975975313281818302e+01 3.504278582131425424e+01 4.504483268373670057e+01 6.512444056016801142e+01 6.439314162431094246e+01 4.506718452962410737e+01 4.396790963943919195e+01 5.063258589256144404e+01 6.062866801417975893e+01 8.061002769055163242e+01 7.958740199930491599e+01 5.943451141836582963e+01 6.093907886131182039e+01 5.846055100493780543e+01 3.862306664197897987e+01 5.144694114757268011e+01 4.240421708959343761e+01 5.651556600054830426e+01 6.323810047714182048e+01 5.494833881745000070e+01 4.568061729822093042e+01 2.568040894925374928e+01 4.568063970475822799e+01 5.747771936675458448e+01 5.918927595044146273e+01 7.919616085649326465e+01 7.962089842514507154e+01 6.589729376485504986e+01 4.589731176143295244e+01
