LEM/with_lateral_4open/elevation_000126.asc
nrows	100
cellsize	150.0
xllcorner	0
ncols	100
yllcorner	0
NODATA_value	-9999
[rows 0 to 16 of 100, columns 37 to 73 of 100]
8.884754177262699226e-02 6.929726548558100274e-02 7.395023591448830758e-02 4.828361932999872264e-02 4.897713358561925356e-02 8.568734790590110117e-02 1.075183056328203948e-02 6.823539046102447547e-02 7.194897206013613211e-02 1.557559815681563986e-02 7.704183385687686514e-02 1.685416958384493638e-02 9.680445094065920353e-02 7.639902522890137937e-02 4.559330980047965332e-02 5.839666421669215124e-02 9.739037529851846120e-02 3.670263267501718690e-02 2.041064012308905357e-02 6.895211126444661387e-02 9.031524355919069713e-02 1.560024811392830661e-02 7.641644294168103979e-02 3.888124420523987601e-02 6.873285589001959517e-02 4.772367030474261584e-02 9.504926490987847254e-02 5.760415539182907330e-02 9.666222459857021221e-02 9.627991409191682948e-02 1.286757495974483190e-02 9.381044340810595905e-02 7.584058927755046864e-02 1.435327048224320848e-02 5.777975670406795827e-02 2.716720951219454838e-02 4.735230246529398453e-03
2.008884754177227094e+01 2.006929726535933867e+01 2.770749685767451176e+00 2.004828361932964498e+01 2.004897713358526445e+01 1.422782297163697685e+01 2.001075183056292772e+01 5.615237352713339902e+00 2.007194897205977924e+01 1.415860113226503891e+01 2.006238948915629550e+01 1.980401465745377720e+01 7.073669618133224812e-01 2.007639902509466268e+01 2.004559330980012533e+01 1.420312372425290270e+01 2.009739037529816486e+01 1.003670015218842160e+01 2.002041064012273353e+01 5.232929906207691495e+00 2.009031524355883391e+01 2.001560024811357152e+01 2.007641509435497440e+01 1.723185086338279604e+00 2.006873285588966382e+01 2.004772367030438573e+01 2.009504926490952315e+01 2.005760415539147345e+01 5.260640019541769519e+00 2.009627991409156067e+01 1.415500319869057044e+01 1.094881475813699723e+01 2.007584017508548868e+01 1.913904584095807593e+01 8.848108085218543195e+00 1.774575383625700775e+00 2.000473429264328118e+01
2.703476401286594211e+01 7.034764012879642259e+00 2.277074968578822833e+01 1.219884010158816778e+01 3.219884010163308119e+01 3.422782297163767851e+01 3.138874004461000311e+01 1.138874004460964784e+01 3.138874004461000311e+01 3.419067483151069098e+01 2.985928950630151846e+01 1.121716626721783072e+01 1.651291428722735688e+01 1.574476931337441599e+00 2.340139459857501336e+01 3.426559449541620950e+01 3.830072718585691405e+01 2.417817042474507616e+01 3.057815474445961357e+01 1.057815474445622606e+01 3.057815474445961357e+01 3.586532082969947766e+01 1.586532071017862933e+01 2.172318508728234931e+01 4.157507564139028666e+00 2.415750612929690178e+01 3.491295198774102460e+01 3.060586485778985377e+01 1.060586485779021082e+01 3.060586485778985377e+01 3.415500319868986168e+01 2.564677876484566355e+01 3.732768277407965485e+01 2.076557061346116129e+01 2.293129419356358412e+01 3.528693572812400259e+00 2.379332087642093541e+01
2.426296663585215541e+01 1.012083101212145486e+01 3.012083101210525271e+01 3.219884010163308119e+01 2.374584548538089024e+01 4.374584548548713059e+01 3.805540671127713637e+01 1.805540671127643293e+01 3.805540671127713637e+01 4.294981359796391729e+01 2.448106178102446151e+01 2.988625417150715791e+01 2.199858079408440048e+01 2.188193343269656310e+00 1.632654346529726297e+01 3.626120519322371649e+01 4.971290328864708385e+01 4.414472310684146095e+01 3.660838163601876971e+01 1.660838163601160389e+01 3.660838163601876971e+01 4.414960116508688515e+01 3.586532091418533952e+01 3.244177889773722256e+01 2.415750756521392972e+01 6.628715816999901200e+00 2.662871581763248585e+01 3.889013610525110209e+01 3.060586485778985377e+01 2.003395527361067963e+01 4.003395527360996908e+01 4.576987401086820739e+01 4.558893654333598988e+01 3.767122174943995105e+01 2.559250795820802438e+01 5.303431820059144819e+00 1.964293795890852223e+01
3.336525941624714875e+01 1.336525943473667866e+01 3.336525937499469308e+01 5.017754483581960301e+01 3.529285086917381165e+01 5.203011684854718766e+01 4.633967795873933682e+01 2.805540671127661057e+01 4.633967795873933682e+01 5.101939054990845790e+01 4.295115208459879597e+01 3.479008649382968343e+01 2.020060564123846802e+01 2.803068805171001099e+00 1.174627820827940461e+01 2.174305388062857247e+01 3.586421842207145971e+01 5.564605549678430663e+01 4.367944944789230988e+01 2.367944944787720374e+01 4.367944944789230988e+01 5.695991259965823161e+01 3.704174568649760602e+01 2.550466871222426590e+01 1.656137800629038992e+01 8.396482769966285176e+00 2.427213797904541792e+01 4.214974216174218213e+01 4.759324473379437848e+01 2.759324473379509257e+01 4.759324473379437848e+01 5.621019870383059924e+01 3.604269963334354543e+01 2.426274408031131813e+01 2.742589924373023891e+01 7.106941489672760071e+00 2.147509842953407144e+01
1.926293768093266934e+01 3.336525931973080361e+01 2.189328808896094714e+01 4.189328805347348350e+01 5.529285086942515193e+01 6.357712231216432741e+01 5.633967795873951445e+01 4.805540671127731400e+01 5.633967795873951445e+01 5.649974261233754191e+01 4.823448429044317010e+01 2.983102804335822000e+01 3.676356313944077581e+00 1.385446772039010277e+01 2.618154417274395129e+01 3.694236228615833539e+01 4.313664101751115965e+01 5.065117665622709353e+01 5.196372067879107703e+01 3.522645483167012515e+01 5.196372070878879867e+01 6.518966893279184660e+01 5.369832745460485768e+01 4.148258328209406898e+01 3.024633787109634753e+01 1.027469113526988131e+01 1.439322209192202884e+01 4.328704898706815385e+01 5.587751598125598917e+01 4.173538035752554265e+01 5.587751598125598917e+01 6.449979116366124288e+01 4.458176701507641582e+01 2.426294591420382574e+01 9.844793526479888257e+00 1.348733435430885663e+01 2.742555622062552700e+01
2.460816251918124919e+01 4.460816246310351119e+01 3.189328808896076950e+01 3.603542371264203581e+01 5.603542359165067666e+01 6.746098819998923091e+01 5.922528156720748882e+01 5.922528117058070762e+01 6.228112479514712874e+01 4.241617575955091013e+01 2.860014795678815958e+01 3.391696024377748131e+01 2.381943598672588536e+01 4.551732481952432074e+00 2.429406991738656529e+01 1.696923631838826907e+01 2.362315542292738257e+01 3.081724130531729244e+01 5.065124195369585181e+01 5.522645483170587255e+01 6.351072610186067635e+01 6.494011757817264652e+01 4.927077377206546061e+01 2.747631566618081678e+01 1.303080772846035806e+01 2.977869913416986591e+01 2.019545901120148201e+01 3.340430515234039888e+01 5.359084547226373019e+01 6.173538035752483211e+01 6.179817759549953138e+01 5.352042898650771008e+01 4.639918776875105522e+01 3.225004813727279185e+01 1.185145724782878141e+01 3.224981685797634157e+01 2.313129058048711784e+01
3.038166521107760687e+01 5.038166520787936520e+01 4.344029347275102992e+01 5.603542359165067666e+01 6.431969147574722001e+01 5.922528156720748882e+01 3.879958225017377060e+01 3.879958224989405835e+01 4.901242394258309787e+01 4.653666457033161663e+01 3.581616635537348969e+01 1.643604197481855067e+01 2.378773801362434170e+01 5.180685584982243519e+00 6.147353661337833231e+00 2.880299211019534056e+01 4.315448632727127887e+01 5.065117669072269990e+01 4.695557575206681378e+01 6.709507081059459210e+01 6.331350269992185531e+01 5.181778592337386868e+01 3.757956784953809404e+01 3.495713922970941923e+01 1.500440543708176477e+01 3.488095234569514957e+01 3.964684196165090668e+01 3.383122597014895661e+01 5.368698096191678815e+01 6.766574041186906641e+01 4.766124915013197239e+01 3.337885245358966557e+01 2.612103425105701504e+01 3.402538832435148919e+01 1.389710561255398957e+01 3.432505159571336151e+01 4.344994909188650922e+01
3.794095467126241772e+01 5.794095466612087364e+01 6.344029322399797621e+01 7.172454797628732592e+01 6.883552665952608152e+01 6.061537141154079222e+01 4.478213106965553436e+01 2.403169313211357760e+01 2.835710770561097149e+01 2.589604194551729677e+01 2.955883849081482850e+01 2.560061244900827759e+01 6.069780255227551713e+00 2.490602533435098209e+01 1.118472804811781529e+01 3.128831488739069755e+01 4.677723909060693330e+01 5.828756235260931362e+01 6.709507081059459210e+01 6.909766626032967451e+01 5.496890523221738079e+01 3.515424530943499093e+01 2.400730092675363281e+01 2.021081465095208074e+01 1.737819163702958392e+01 3.734344321620759644e+01 4.907090458215080275e+01 5.368698096191678815e+01 6.189700486748613173e+01 7.351087578590085059e+01 5.352042898650771008e+01 5.352042898650771008e+01 3.734085730553011473e+01 1.689765491886920401e+01 3.432505159548468043e+01 4.267858131289532508e+01 5.728772427897662567e+01
4.948796005505533913e+01 6.622522397739257372e+01 7.569186818345285417e+01 7.113713555379304410e+01 6.061537141154079222e+01 4.023137067491665420e+01 4.620170626296228988e+01 3.440691205216271698e+01 1.390075067715531709e+01 1.153912270666794981e+01 9.234583911590291905e+00 6.963011047152427579e+00 1.960374407343363146e+01 3.033665732107910529e+01 3.128831487854716897e+01 1.875037356441343306e+01 3.009314358621598018e+01 4.998346193963388373e+01 6.674612586169365613e+01 6.091280001264136246e+01 4.134051371446960133e+01 3.026793331290343758e+01 4.352745057074015733e+01 3.977249934666642872e+01 3.734344321233401587e+01 2.081596496613771308e+01 4.079535628217385579e+01 5.278168247018465564e+01 6.251335422288813248e+01 7.078872921861359657e+01 6.064894946047641611e+01 4.053707676968902973e+01 2.877842719949335404e+01 3.734085730547185022e+01 2.030761580087973073e+01 2.874211618363553455e+01 4.310045499664368407e+01
6.948796004288988115e+01 6.983966396424501966e+01 5.583824893591836513e+01 5.115941334910120730e+01 6.522891672709981492e+01 4.620170626296228988e+01 2.535938342038614834e+01 1.759650988526410131e+01 3.440691205216271698e+01 2.590593633122599471e+01 2.950135036820530843e+01 2.677154448988956048e+01 7.894629315562039729e+00 2.740882202815922497e+01 4.677651483503956342e+01 3.849978128402073452e+01 2.856283178780693888e+01 3.844216783356752387e+01 5.843130223589809447e+01 6.176306120890072293e+01 4.231299335297507724e+01 3.610854855823905751e+01 5.610666069132704337e+01 5.343218533393858394e+01 3.345160423104804437e+01 4.079535628217385579e+01 2.452124773567846105e+01 4.450653003783703809e+01 4.253829109393497276e+01 6.251335422288813248e+01 6.894316230362113629e+01 5.734642644562311631e+01 4.903735434850056407e+01 4.322613882228327498e+01 2.286168446570114909e+01 4.322613882264328566e+01 4.898258426545961441e+01
6.737269089188137627e+01 5.324594226195170421e+01 4.141710913143580797e+01 3.653682135990868574e+01 5.097331973325998433e+01 4.268211475010508593e+01 2.178156417505967823e+01 3.832404869347983123e+01 4.673634958289679986e+01 4.671988787441663504e+01 4.176999663208862756e+01 2.800819087223925763e+01 8.554679968801691459e+00 2.805003761121152550e+01 4.363957053478781489e+01 5.673899972383355816e+01 4.843673503473281272e+01 5.673916553363994808e+01 6.674612586169365613e+01 6.877299961012700180e+01 5.194868058297687696e+01 4.363458447994782574e+01 6.361635696514974825e+01 6.170718588461303256e+01 4.758202105465324649e+01 5.278168247018465564e+01 4.450653003783703809e+01 2.840337803029032671e+01 4.838885162977597787e+01 5.363630455417639098e+01 7.360865686985606260e+01 7.207732546500808724e+01 5.454719036237088403e+01 4.462865798531909434e+01 2.548434012799424053e+01 3.728362065498622258e+01 5.152577074328009132e+01
6.438664412131419112e+01 5.021073442649495178e+01 6.165323938242547541e+01 5.097331973325998433e+01 3.018418635539268990e+01 2.645417324642406243e+01 3.395138209855431910e+01 5.085253260713906087e+01 5.344533307460459071e+01 3.354191225236628782e+01 2.236455302086351438e+01 2.084718243141454508e+01 9.216243226758697560e+00 1.668768778505801365e+01 2.928055556605577081e+01 4.961063053768084785e+01 6.520231043764032108e+01 6.414390125332050729e+01 7.247021484268194058e+01 7.866340099986967971e+01 7.054616760626197447e+01 5.370536558430197971e+01 7.183577338963164038e+01 7.583235071457283993e+01 6.721955076479505919e+01 4.724955380881471712e+01 3.909015850175297402e+01 3.443242008840933011e+01 3.365459912620868721e+01 4.778689343613307017e+01 6.775803220725259735e+01 6.798822878697230010e+01 4.757057861967388135e+01 3.645363012523596069e+01 2.821321284305927435e+01 4.854211510642831229e+01 5.389158753838403015e+01
6.291098404704927560e+01 6.181982066876039283e+01 6.266817824683582216e+01 4.241208911399307624e+01 5.097331973325998433e+01 3.519333821132102713e+01 5.418711731327638148e+01 6.222957736907419957e+01 6.185418305528837379e+01 4.625651260269435738e+01 2.957850061833237731e+01 1.015585197836587206e+01 2.869251647448685816e+01 3.475855942825904066e+01 4.072598172693422214e+01 4.524705868712579360e+01 4.525079098505626973e+01 4.413994236194626097e+01 5.825316662341765550e+01 7.836539268917299239e+01 8.175162267886501866e+01 7.352734834599748126e+01 8.175162267886501866e+01 8.134059398145925002e+01 6.137042314959599310e+01 6.382811530282385348e+01 4.385631736670434577e+01 5.441331946741213699e+01 3.773656945118919026e+01 5.186559048466447308e+01 7.183408384625717247e+01 7.616536623581335164e+01 5.620486920875177361e+01 3.469884057463737292e+01 4.608547833736722055e+01 3.361108568978119138e+01 4.798597673024708143e+01
8.263207879976438619e+01 7.580769874498756167e+01 7.086002071818423076e+01 5.425517148197871364e+01 6.397744829924813104e+01 4.725186108048157507e+01 6.397744829924813104e+01 5.905854044767188782e+01 5.087480956184522540e+01 3.876405218253571405e+01 2.154644625234019628e+01 1.082239872250276846e+01 2.214594059380162960e+01 1.916218414458385411e+01 2.230141291642261692e+01 2.597074393866825659e+01 3.175377811295433972e+01 4.150231899949220349e+01 5.559481248977819945e+01 7.569574774112557236e+01 8.119260397324825362e+01 8.960062074783724029e+01 9.357250558298491683e+01 8.962036348465190372e+01 8.134059398145925002e+01 7.137469631310389673e+01 5.140831971110032583e+01 6.207262106593549333e+01 4.209994934307314907e+01 5.363425638464447331e+01 7.359964158697638936e+01 7.257359006108646327e+01 5.346219431299581970e+01 3.949181646967641512e+01 5.765533267883736102e+01 3.841900380727115305e+01 4.536033065753775873e+01
9.601419138235901585e+01 9.541788886541672809e+01 8.231567214233452034e+01 7.416055920984086924e+01 7.551639655459651124e+01 6.734376586466170522e+01 6.209745305111872682e+01 4.265926433263765460e+01 3.150875547375496666e+01 2.385223183575493877e+01 3.339022604896864976e+01 1.148991605096732016e+01 1.475544260767764904e+01 3.194530790126539799e+01 4.093977292900036247e+01 3.942440824078979489e+01 3.942424807490728966e+01 5.930996669941537647e+01 6.980806389285581304e+01 7.778908927298182618e+01 6.066839555361816849e+01 7.778908927298182618e+01 7.306686111178677834e+01 8.749195829661016433e+01 8.768269350631577197e+01 6.770955758126112300e+01 6.552529489559353237e+01 6.706435066023389879e+01 4.709743228304016327e+01 6.706435066023389879e+01 8.187688199234784747e+01 6.693727656439648399e+01 4.710062340155908345e+01 5.943972640544666319e+01 6.377518844182804969e+01 4.350741041176468116e+01 6.377518844182804969e+01
7.588249926205025986e+01 8.177893536732892699e+01 9.013081650948598167e+01 8.391436873547507957e+01 7.557390494800226577e+01 8.038215889386367508e+01 7.037236763858523148e+01 5.905854044767194466e+01 5.087480956184522540e+01 3.630938207616984670e+01 1.244753515501657581e+01 1.611812005911673751e+01 3.167657864164312898e+01 2.643641022771503657e+01 4.517435930557194723e+01 5.932115731246175017e+01 5.931191533673211325e+01 6.762835475099763016e+01 7.505147857818690227e+01 6.671267172685128344e+01 4.889898698932480414e+01 6.610219263826432723e+01 5.856445433335919404e+01 7.907282532480026305e+01 9.094581716945995709e+01 8.768269350631577197e+01 8.549640054702206271e+01 7.460926695390411112e+01 5.464729477805360602e+01 5.862648085858990754e+01 7.859069516310526637e+01 7.264806533009091538e+01 5.286531274313857409e+01 7.264806533009077327e+01 6.938361101091284411e+01 4.916215586360642931e+01 6.938361101091355465e+01
