LEM/with_lateral_4open/elevation_000163.asc
nrows	100
cellsize	150.0
xllcorner	0
ncols	100
yllcorner	0
NODATA_value	-9999
[rows 68 to 84 of 100, columns 37 to 73 of 100]
7.223186574626386403e+01 7.369170936761871360e+01 8.657558184307512761e+01 8.813093390618206513e+01 7.389798929480845402e+01 5.419213905791772135e+01 5.027055953743192873e+01 4.746335755628621200e+01 6.726771090197807723e+01 7.910680522710831042e+01 9.020575633616812183e+01 1.045794029039984849e+02 9.505138816704732108e+01 7.530504302211382139e+01 6.421971599622798976e+01 8.383151449513130160e+01 8.278406685647331642e+01 7.700817491778985868e+01 9.672830350964429158e+01 1.047794410834136016e+02 8.463445766984067120e+01 7.036535655588289728e+01 6.880464711756627594e+01 8.721946246395360447e+01 8.902443667078908618e+01 8.070533950199751416e+01 8.070355202967552088e+01 8.067367675022681794e+01 7.975154309333935032e+01 7.142621144602861705e+01 6.154778407019270503e+01 4.980831649423102192e+01 2.978778231978925817e+01 3.052773799091834306e+01 4.919869396014250640e+01 3.724168215941281801e+01 5.691538687999393886e+01
6.638660551429943268e+01 5.981294707267509381e+01 6.695952077130033331e+01 8.086197990860529217e+01 8.206146072356681032e+01 7.389798677453998721e+01 6.475145594072294841e+01 4.491883664578492841e+01 5.307860082331097118e+01 6.195932470861055918e+01 7.607528862629909838e+01 9.691958622507205234e+01 9.390886479535110709e+01 7.365188772003253348e+01 5.928835042073334449e+01 7.298228373194095298e+01 6.318050060743743046e+01 7.700817491778985868e+01 9.672830350964429158e+01 1.054703538201671194e+02 9.884707555468781948e+01 8.463445766984067120e+01 8.307311771154590474e+01 9.729085940242522668e+01 1.014273452331661787e+02 8.980932026345320196e+01 8.148757083293845938e+01 8.410207947724063615e+01 7.142621144602861705e+01 5.130124062474673252e+01 5.345207194416098417e+01 3.328567706785864999e+01 4.982700852816769554e+01 3.482774715392179132e+01 5.498292124158668059e+01 5.691538687999393886e+01 4.598044861060087385e+01
8.595975983697299228e+01 7.270493794467861903e+01 5.299644886491958573e+01 6.689322164948930549e+01 7.477250769488243520e+01 7.727977891134518984e+01 5.704578582765463324e+01 4.289652001639936429e+01 5.288024621188409213e+01 7.261339288234260891e+01 9.020575633616812183e+01 1.008161336763493523e+02 8.269148641749529816e+01 8.164122992749892660e+01 7.298228351781504841e+01 5.330366000512925950e+01 6.723053264490070546e+01 8.686823921371713197e+01 9.826495302284294553e+01 8.579004889070897377e+01 9.979001463799247063e+01 1.047794410834136016e+02 1.032243412619875755e+02 1.096158079545994042e+02 9.312400167408806340e+01 7.296911223845553707e+01 6.134882766371101326e+01 6.396139095167101374e+01 6.575660382212190314e+01 5.719570810711877584e+01 3.703561039164230806e+01 5.345207194416098417e+01 5.960361736412755818e+01 3.946329340955006160e+01 5.960361736412755818e+01 7.407520707701422680e+01 5.575839302163034006e+01
8.674274345237095929e+01 8.086207472407797070e+01 6.689322164948930549e+01 4.710259762386366589e+01 6.638993748465854594e+01 6.626364485677797234e+01 5.801842251376170623e+01 4.094353470448348986e+01 6.080808267167953574e+01 7.261339288234262312e+01 9.229159705496145705e+01 9.552733087279986535e+01 7.737470603569651928e+01 6.410494031593360376e+01 6.956702058125780752e+01 4.992943117032058353e+01 6.964758132014100056e+01 7.863809950255063086e+01 7.863809950255063086e+01 7.204770189978519568e+01 8.998162590650038339e+01 9.874922757848011656e+01 1.101470362372148060e+02 1.013298504405698139e+02 8.118523902984242113e+01 8.488184409959337984e+01 6.986046204304427931e+01 4.975574480707257408e+01 4.564859828221575100e+01 4.168635700385885201e+01 4.244999602089374946e+01 6.257410114908287113e+01 6.793839678822355665e+01 5.960361736412755818e+01 4.708697051590547744e+01 6.720973881495588387e+01 6.986444132158426612e+01
6.711574274738893564e+01 7.071736448288709198e+01 6.314913733367638571e+01 4.331982441899235425e+01 5.803202341998559177e+01 5.544406939754976094e+01 3.821915978203283260e+01 5.757749066436848295e+01 6.866109416934676801e+01 7.508218831691586104e+01 8.325387542457691836e+01 9.862027730857309393e+01 8.552590118455354684e+01 6.662413401196135965e+01 5.286194366323439198e+01 4.668561477560926676e+01 6.532097908625063098e+01 5.907780806670821505e+01 7.348075272346859776e+01 6.228830488535845689e+01 7.102363667792353397e+01 8.222822083743882615e+01 1.018469011005843186e+02 9.913236588198992649e+01 7.897908470643133683e+01 6.472724592610646255e+01 5.762606675329393369e+01 6.986046204304427931e+01 5.069385508674593410e+01 6.181309949029828488e+01 6.257410114908287113e+01 5.103596519204355531e+01 7.115131522085631843e+01 7.357716144790738610e+01 5.344494491178728168e+01 6.720522800854692491e+01 8.731948953597007801e+01
5.631271202744696325e+01 5.098048735067708748e+01 4.650506796816402044e+01 4.221183631576497675e+01 3.820236867405684933e+01 3.553829547440390257e+01 5.330303521388860588e+01 6.099050721391282792e+01 6.112838935633555337e+01 5.534883933424021762e+01 7.508218831691586104e+01 9.087795703845108619e+01 7.178879001678261318e+01 6.052233208187296043e+01 6.321576873675472541e+01 4.348001424427396699e+01 4.557561993049274918e+01 4.916707429935920004e+01 5.386697341739365896e+01 6.269482460906510113e+01 7.395308701744991708e+01 9.348146772847634622e+01 1.022786125548281859e+02 9.392799274284524813e+01 9.320141133267678413e+01 7.775611757931200430e+01 7.185316531626894232e+01 7.751848369215227308e+01 5.738930414783732203e+01 7.751848369215227308e+01 7.786148873284551541e+01 5.773096819687793158e+01 7.786148873284551541e+01 8.192285819869847785e+01 6.505559871436892649e+01 6.766985311796541680e+01 8.779250363998501427e+01
7.597135884590623789e+01 7.071736448288709198e+01 6.630406458976878525e+01 6.201667539857034939e+01 3.573871881118578386e+01 5.315784604643279465e+01 3.337114433301366745e+01 5.001796142168561943e+01 4.126772378074440439e+01 5.533993216979233409e+01 7.503138503138303861e+01 8.690512146080740763e+01 6.731153660389423976e+01 6.538113959262751962e+01 4.654929735586756578e+01 4.064612832117759211e+01 6.049319404009479939e+01 6.885802153723827246e+01 5.975419237592723221e+01 7.930973606610396587e+01 9.038964738616931527e+01 1.017291966691630449e+02 9.060273285570112023e+01 7.367866499384605561e+01 9.060273285570112023e+01 9.789308581320548797e+01 9.200710499079161764e+01 8.584400724664868676e+01 6.744201281732350139e+01 8.584400724664868676e+01 8.618681812341260695e+01 6.778455388274450399e+01 8.618681812341260695e+01 9.353627746452708891e+01 8.521320301529215158e+01 8.779355869993240447e+01 9.602728832133945502e+01
8.225692353342721219e+01 7.484163411790093789e+01 8.300139918766019775e+01 7.758694938802511842e+01 6.933404135657872303e+01 6.146467389801463099e+01 5.118917678273190575e+01 3.122016710988589239e+01 4.513178722059706161e+01 6.374806924003704012e+01 7.918318967098468875e+01 7.103375071608954272e+01 6.731154243143669191e+01 4.759744507261287083e+01 3.760449442804812037e+01 5.745449383372840657e+01 6.045931470349742654e+01 8.004911940759474476e+01 7.105515414722589185e+01 7.930640227404808229e+01 9.891237745230529299e+01 9.140512518164618427e+01 8.223703791605164781e+01 6.191876951213377112e+01 8.223703791605164781e+01 8.958339103053829433e+01 9.178962052719515441e+01 9.590839219274275251e+01 8.759495456698120108e+01 9.590839219274275251e+01 9.625135063422989390e+01 8.793842358294656947e+01 9.625135063422989390e+01 9.672926372721649102e+01 1.002789243309917993e+02 9.200633626991654523e+01 1.002789243309917993e+02
6.263753114806528544e+01 5.516066675477195247e+01 6.604016346074536159e+01 6.109419456423162131e+01 5.654035319716110308e+01 5.219581732332188295e+01 4.974378413590278569e+01 2.973606017093047527e+01 4.411663759484328295e+01 6.445207099554281172e+01 6.781602976637755376e+01 5.133944808007323957e+01 6.781602970379850603e+01 5.546047645009894467e+01 3.558374364817107960e+01 4.712298872236830505e+01 6.109899846393440725e+01 8.060643862465414600e+01 9.055992491748479267e+01 9.858604544965319860e+01 9.737143188465283572e+01 7.705806314359864473e+01 6.268773719245324116e+01 5.474261473335683803e+01 7.505344523086230879e+01 6.932184465217893887e+01 7.154053838243598307e+01 9.178962052719515441e+01 9.337919914294828061e+01 8.524987310830664455e+01 8.272417520389652168e+01 9.083642258670322178e+01 9.095585721434210313e+01 7.689825741881577414e+01 8.057349225773884882e+01 7.220406956581521740e+01 8.618084225062247583e+01
7.994135732683669460e+01 6.028078826098938947e+01 4.625590905109628181e+01 4.124745584750559857e+01 3.663389347879360969e+01 3.221215859667130843e+01 4.630223128456392345e+01 2.825083507122537796e+01 4.249944739549976447e+01 6.233987654624616681e+01 5.966323961450314073e+01 3.983126967262096230e+01 4.906260661878061313e+01 5.077993238606778448e+01 3.360506461969097813e+01 5.351250662284497395e+01 6.529611350771709510e+01 7.223322557316545556e+01 8.035717038093795850e+01 9.013545681121293285e+01 9.016162678085325410e+01 8.179929911964124756e+01 6.863059667668956365e+01 4.836507837615045702e+01 6.863059667668956365e+01 5.493243833543476740e+01 6.695912661622641338e+01 8.722814823137603923e+01 8.524987310830664455e+01 6.614651088305328130e+01 6.368460316186632042e+01 7.635656681245089317e+01 8.041629036611703896e+01 6.288838835103476299e+01 6.074854075044456891e+01 7.067659438058842625e+01 8.464844656980291404e+01
7.321290369469197401e+01 7.419901532094264951e+01 6.604016346074536159e+01 6.108072473570171468e+01 5.256491820785907976e+01 4.440913956472557800e+01 2.613924154221834684e+01 3.483974488660182089e+01 5.393659649163134162e+01 6.631210039785553079e+01 5.488445279468422910e+01 4.670417833223380910e+01 2.904017782561913563e+01 3.081494719828823392e+01 3.494881528764727818e+01 3.923452651807421887e+01 4.556569327497691546e+01 5.261210963984785849e+01 6.247828623857684249e+01 8.198816490775537602e+01 8.179929911979603219e+01 6.152029618165172309e+01 6.371514841969587195e+01 4.349963481334419413e+01 6.371514842007680812e+01 4.656194645135536092e+01 6.561588498170937100e+01 8.674830406028577556e+01 8.721207378209201977e+01 7.174175613536711182e+01 5.258087467782388558e+01 6.150662361757145646e+01 7.220794683522453283e+01 5.290077199347624770e+01 7.279750651991392374e+01 8.881741286808723146e+01 9.873895594846399604e+01
5.347656251291558505e+01 5.925148084730253828e+01 5.326042989501079461e+01 4.771904456710832676e+01 4.245308966733421840e+01 2.413309985521198087e+01 4.440913956472557800e+01 5.305640489844816443e+01 6.462327398919948962e+01 5.817024892588956675e+01 3.830810683637786695e+01 2.657535559465212316e+01 4.670420796590670420e+01 4.240543794834368185e+01 5.482667119802400180e+01 5.330388928535582238e+01 4.865161519740467355e+01 6.837334977713723561e+01 8.035717038093795850e+01 9.013545681527412512e+01 8.339927846030586522e+01 6.745987862660247458e+01 4.721406506556053273e+01 3.902492260443176519e+01 5.370484643928618596e+01 4.025358639156934970e+01 6.055998849961231656e+01 6.807291487849337841e+01 7.070141821157933748e+01 5.960779448623011234e+01 4.605819471934472631e+01 5.147582616204517336e+01 6.262973783942053529e+01 4.853885780265009231e+01 6.260779350258938791e+01 8.243381633311855694e+01 9.493283190781433234e+01
5.091164475402175071e+01 3.938197810714730451e+01 3.328835272829879699e+01 2.758631016907341049e+01 2.212978446329318771e+01 4.072161159455306745e+01 4.863208703862979121e+01 5.835584977093503767e+01 6.346201280428078917e+01 5.528334018336109068e+01 4.506697596084791968e+01 2.484176506020602204e+01 4.506697596084668334e+01 6.168013881505501672e+01 6.992075939989173605e+01 7.294127302818570513e+01 6.008644800914769490e+01 6.262377306668918919e+01 8.225405584940527604e+01 8.673582105100302897e+01 6.645974475521640557e+01 5.473762767272153695e+01 4.650460784920309720e+01 3.892673447956420318e+01 3.358321424834065994e+01 3.452323688897370602e+01 5.473683761359756517e+01 5.370795004077174895e+01 5.095295259298929835e+01 5.215725239062550145e+01 3.990764887648828108e+01 3.959958033909092734e+01 4.279516287200057434e+01 4.941675319216071216e+01 5.691891361089190582e+01 6.680413605401496113e+01 8.664434906080217047e+01
6.742382610516079922e+01 5.925148084730253828e+01 5.188352498741019048e+01 3.192307140092271567e+01 3.852284045022916104e+01 2.024888605123322805e+01 3.066439937520321379e+01 5.036953568789756019e+01 5.528335628876418184e+01 3.530062356434231674e+01 4.115338427833744817e+01 2.311620023468105600e+01 3.501518884730847248e+01 4.933441788155023033e+01 6.986817716084894414e+01 8.816796892522771145e+01 7.990322462640497747e+01 8.225405584940527604e+01 9.046036763707378725e+01 9.508582823942226980e+01 8.339927859431936952e+01 7.190741197711093946e+01 5.164930080213488850e+01 5.909505749594406865e+01 4.345088798833162258e+01 2.926811792284750879e+01 4.573083450929750171e+01 4.706626254735003556e+01 3.714243217056957747e+01 3.230102731728643306e+01 3.521591539300835194e+01 5.503905709144658687e+01 5.425295030301337817e+01 6.922600887518532886e+01 7.672424251024794728e+01 8.498783611573659869e+01 9.493283190781433234e+01
7.465817345740406097e+01 5.497122720383759997e+01 4.353200771740218045e+01 5.188078359116137506e+01 3.946330904031960074e+01 1.897172038828522744e+01 3.946330904144788576e+01 5.835584977091549064e+01 4.724024800402946056e+01 3.899416145144377310e+01 2.071978090642504711e+01 2.617717267853247165e+01 4.050258407617458545e+01 6.020248818997510654e+01 7.028576781052846911e+01 8.165373414212278647e+01 9.365885322473145891e+01 8.521200266436136417e+01 8.570195995173746439e+01 9.412598997199131645e+01 9.214524210103010660e+01 7.190741197711093946e+01 7.190741197711093946e+01 7.201768401488267557e+01 5.773428600160716684e+01 4.573096891755362492e+01 2.567133622289502526e+01 2.644211560782785142e+01 2.876387868647241319e+01 4.861931696320298357e+01 4.667253446796617311e+01 6.325530073092941308e+01 7.400902451115038616e+01 8.205903280317542681e+01 8.257491594769682308e+01 9.079504824231159432e+01 9.040814042364469572e+01
8.284143358493506071e+01 7.146346947497703184e+01 6.329190973838576895e+01 5.241398458322165510e+01 3.232839252663717389e+01 1.772596187040097959e+01 3.645776623702669639e+01 4.434549849273529532e+01 3.686538373095456933e+01 1.851405683850170192e+01 3.312118011370112924e+01 4.627255240238198297e+01 3.492057539288739321e+01 4.251179476588588813e+01 5.388639813525355748e+01 7.339979792017088300e+01 8.179129625473116505e+01 6.464653176554242009e+01 6.514374162843186866e+01 8.229403663193400575e+01 9.412598997199131645e+01 7.890858302516673461e+01 7.061603442466342528e+01 7.061603442466342528e+01 6.063727405177959895e+01 4.321500727125339836e+01 2.319077385903440813e+01 4.107800122154611699e+01 4.270060949794033434e+01 5.683139401969501847e+01 6.646793953645816089e+01 7.469571715712869775e+01 7.224452934237437773e+01 6.625722429383071699e+01 6.260704605111516940e+01 8.198412625025569866e+01 9.202324003988387346e+01
7.912846178935429009e+01 6.928125171038284691e+01 6.113978352482006073e+01 5.439492355155218206e+01 4.061430667023130070e+01 2.052854707023552550e+01 1.599628591121217980e+01 3.381830030931572395e+01 1.640006534799933746e+01 3.686538373095456933e+01 4.724024800402497704e+01 6.135931589435761424e+01 4.643995457503519475e+01 6.212741732374624348e+01 7.028504297337818230e+01 7.388703093615471573e+01 7.161926702251751919e+01 5.287135481101380208e+01 5.336385269812986820e+01 6.514374162843186866e+01 8.570195995173746439e+01 7.061603442466342528e+01 5.061003250556431254e+01 5.061003250556431254e+01 5.259531503613331438e+01 3.301945023938638002e+01 2.151483792253023708e+01 4.148790847666312231e+01 5.887934547024204335e+01 6.971149572600809563e+01 7.143233965715684519e+01 6.316809701020146406e+01 5.225632340275324594e+01 4.627945911971349346e+01 5.383749123855413643e+01 6.383953932690785393e+01 8.381100542412134757e+01
