LEM/with_lateral_4open/elevation_000385.asc
nrows	100
cellsize	150.0
xllcorner	0
ncols	100
yllcorner	0
NODATA_value	-9999
[rows 34 to 50 of 100, columns 37 to 73 of 100]
7.517202036936129161e+01 8.869406915067031605e+01 7.915434224869071045e+01 6.466335348850903131e+01 4.381019393107235516e+01 6.466335348850903131e+01 7.831669326094387884e+01 8.852487979743060009e+01 9.044557787128040616e+01 7.053982544744235383e+01 5.596654911189308024e+01 4.932607153951631318e+01 4.303719533809051256e+01 6.118523473379323008e+01 6.953711754403158807e+01 8.137223436695529699e+01 7.053871436063109002e+01 6.218657869286354156e+01 4.464130540187314011e+01 6.545756737736753905e+01 6.545852515505562508e+01 6.545852515686405582e+01 8.562870990814418803e+01 8.381857839279848577e+01 8.381866514278762281e+01 1.033919048191219474e+02 1.031018603543148515e+02 8.327209257537289488e+01 6.942021979548108845e+01 6.152369089187131124e+01 5.707905529099036102e+01 5.357556249429612194e+01 5.031189344140620534e+01 4.729010287354707032e+01 6.274149637820260494e+01 6.899332074865182562e+01 5.274112916497511350e+01
8.348637558917936019e+01 8.523928559389158011e+01 6.481606417101708928e+01 4.998102696803376688e+01 4.903161892469947247e+01 6.987393167644555092e+01 8.628691395712405665e+01 9.639444006425881639e+01 9.044557787128040616e+01 7.053982544744235383e+01 7.637008534776391855e+01 6.816529039325057227e+01 4.738020815563572796e+01 4.618253558548167348e+01 6.698460481263592214e+01 7.844008318163282922e+01 8.568335985922608700e+01 6.545747553183129241e+01 6.545404999696631876e+01 4.803522900073016899e+01 5.061575452125629937e+01 7.136623366409342850e+01 8.063565442877033718e+01 6.961689847235827244e+01 8.127038456463741056e+01 1.008513965769733858e+02 1.034630976352719358e+02 8.363042180024736183e+01 6.977404200480945917e+01 8.105399323332741801e+01 7.657341972966707999e+01 6.479184438447460082e+01 6.408406665142521774e+01 6.107873206957023626e+01 7.496853775528957442e+01 6.084761325278324762e+01 4.130060341161431836e+01
8.816841243852819332e+01 6.785394049833371355e+01 5.993069860902038215e+01 5.667064099719285508e+01 6.987393167644555092e+01 5.732431119043190648e+01 6.780603905875859994e+01 8.814000624293156250e+01 9.854561548201380106e+01 9.044557787128040616e+01 8.763651756765277412e+01 7.268065972991679757e+01 5.198863795396131593e+01 6.698539577178084414e+01 4.942045791661635690e+01 6.427044144619152632e+01 8.448179953370178907e+01 8.168855496435134000e+01 6.136240878288442246e+01 6.022480967270352181e+01 7.136623507169569791e+01 5.457633087163960539e+01 6.027831786775986700e+01 7.483649858133152577e+01 9.462143539370120493e+01 1.088651283281065076e+02 1.034630976352719358e+02 8.363042180024736183e+01 8.363042180024736183e+01 8.943927806325143592e+01 9.260395494352528090e+01 8.438320699220069798e+01 8.367698934945663325e+01 8.065373574160194892e+01 7.463479895427127531e+01 6.899332157184471725e+01 5.889051825490769687e+01
8.231860971112409686e+01 8.816807354098079941e+01 8.048930921148253503e+01 6.370714236710953315e+01 8.414351323224109080e+01 6.671697830411635266e+01 7.797302265084503858e+01 9.639444006425881639e+01 1.066181235664320752e+02 8.705920105641435214e+01 7.948397278870746163e+01 5.907403361233536288e+01 7.268065972991637125e+01 5.343210841005583944e+01 5.375553769556894679e+01 7.428295687981896833e+01 8.864305821392196094e+01 8.985891960909027887e+01 7.587628941837246543e+01 7.477099805944929756e+01 8.340169176536916495e+01 7.519503169917580010e+01 5.929587538343236730e+01 7.970203110276331415e+01 9.842262779468406109e+01 1.071967598393925982e+02 1.117310908160133067e+02 1.034630976352719358e+02 1.034630976352719358e+02 1.093033343833225643e+02 9.593123165523989826e+01 8.770352777541415890e+01 8.854382348150207349e+01 6.887349235571224426e+01 5.504471445449967604e+01 6.078251736046533438e+01 5.127535758935282928e+01
1.022910855202340343e+02 1.041120940497902154e+02 8.414351323224109080e+01 7.407858844590904823e+01 9.239055407075468906e+01 7.859809725901000377e+01 9.533752573261821794e+01 1.063584231048387636e+02 1.064694668010730823e+02 8.705920105641435214e+01 6.701703093551537904e+01 7.948397278870746163e+01 7.686688347099834573e+01 5.631123999144136150e+01 7.440517291871461225e+01 6.032998536235031395e+01 7.482654582195581838e+01 9.404865934438748809e+01 9.572112317213394306e+01 9.463030401584119033e+01 9.738079634512465077e+01 8.327639528555691584e+01 6.305742656639392152e+01 7.043175697981597239e+01 7.950056930251088261e+01 9.341703299271810579e+01 1.128773750426835534e+02 1.095037416214101569e+02 1.012391037094489548e+02 1.032517061459988383e+02 8.770352777541415890e+01 6.805434056910345930e+01 7.380945425702803675e+01 7.463479962790307809e+01 5.504471445466398905e+01 4.121363831115767340e+01 3.432100494171957905e+01
9.677066801794866535e+01 1.051815738869027825e+02 1.024057006286944613e+02 9.420843801857301969e+01 1.024057006286944613e+02 9.866496573072298304e+01 1.068860230965710514e+02 1.121415430322316382e+02 9.270161443226874098e+01 7.876049987150568654e+01 7.722717282398586747e+01 9.114601113567731261e+01 7.127209273883966034e+01 5.925170569437658941e+01 7.967179899941046983e+01 8.069196707901420496e+01 6.775953992249392854e+01 8.202821960095734255e+01 1.015973356941054533e+02 1.005757648419970707e+02 8.101303193103122169e+01 6.936547938287377235e+01 8.327639528555732795e+01 7.407572015189077774e+01 9.383665148372050169e+01 1.071876920952267938e+02 1.095037416214101569e+02 9.804212018426004249e+01 8.142861747544712614e+01 9.500320101185175758e+01 7.527432351077396788e+01 6.400618023826061176e+01 5.425392364435010961e+01 6.506395511378599394e+01 5.662962754955646716e+01 3.707279526968239480e+01 5.386387380532524105e+01
7.645747679184707124e+01 9.502607196721535843e+01 1.044323917641461605e+02 1.037526393691037327e+02 9.531270634123113439e+01 1.037526393691037327e+02 1.038965071198060741e+02 1.123316517403723509e+02 1.064694668010730965e+02 9.839543769341551638e+01 8.867208171591310872e+01 9.922698950492743108e+01 8.259605908574893363e+01 6.233619087848411056e+01 8.259605908574893363e+01 9.399707744096119200e+01 7.427479868202458135e+01 8.417215964197362155e+01 1.037259402491753661e+02 1.086728834558908545e+02 9.406017728747058015e+01 7.435601400428890884e+01 9.406017728747058015e+01 9.384102743854013795e+01 8.812932967976436771e+01 1.076302856319527308e+02 1.012391037094489548e+02 8.142861747544712614e+01 7.013376298421425759e+01 7.996763856684246718e+01 7.474725930745064773e+01 7.105938751296240241e+01 6.506395511378599394e+01 4.548245767158842767e+01 4.005326966219904961e+01 4.247975664540679475e+01 6.206029053572556364e+01
6.646932291547589955e+01 7.577473289946924240e+01 9.603100408822173506e+01 9.358817251939895243e+01 7.500318562281552204e+01 9.358817251939895243e+01 8.350287452736107241e+01 1.005623527269968918e+02 1.107536032999051940e+02 1.162031799167272936e+02 1.081187936709180377e+02 9.943988676801305360e+01 7.985414411236556020e+01 6.550217887890769930e+01 8.559067532163011549e+01 1.008921051633733867e+02 8.139002146519068503e+01 1.008921054130438080e+02 1.118141633649971993e+02 1.135391316774016701e+02 9.406017728747059437e+01 8.145756593712448534e+01 8.836074481171090156e+01 1.078198244682795064e+02 1.076302856319527308e+02 1.157367025839983228e+02 1.012391037094489548e+02 8.142861747544712614e+01 7.013376298421425759e+01 6.043476794917765460e+01 5.523287603683972691e+01 5.152140948071004090e+01 4.803698557293321159e+01 4.466328974018970399e+01 4.335177978195669368e+01 6.206029053572556364e+01 5.124533563644151002e+01
5.952128059459634812e+01 7.949182792026044808e+01 9.180001515418626923e+01 8.338099497936501336e+01 6.503444541918990751e+01 8.256762452797543972e+01 7.185384223200922804e+01 8.192839380799634341e+01 9.633329257096862364e+01 1.167598130310499158e+02 1.128269724525911357e+02 1.031208560830702083e+02 8.870081538094615325e+01 6.878620286892561353e+01 8.299158906158150728e+01 1.024841008166778380e+02 1.008921054130438080e+02 9.521219768796701999e+01 1.146046156759520755e+02 1.146868746296169945e+02 9.526392368629718987e+01 9.275121117994746101e+01 1.078198244682795064e+02 1.159330406668989468e+02 1.196929217625815340e+02 1.113904226334195045e+02 1.095037416214100858e+02 9.448445788128837819e+01 7.475625096546181680e+01 6.351865712485744098e+01 7.474725930745064773e+01 6.531548436369305932e+01 6.760552832364257370e+01 6.424955094248818455e+01 4.672265765046930852e+01 6.630283212090837708e+01 7.080977284264496063e+01
5.429588208943201266e+01 6.713410118801962767e+01 7.548189061032672953e+01 6.332725248076804547e+01 5.763680088307707905e+01 6.250503720284314113e+01 7.399147948708960598e+01 8.830681125939283049e+01 1.087103060387606632e+02 1.184515180290199226e+02 9.909204086332181305e+01 8.537392959536637704e+01 7.544277949160961327e+01 8.870081538094615325e+01 7.581421293203364087e+01 9.542843956412208684e+01 1.131865009700737090e+02 1.146046156759520755e+02 1.227153084053992131e+02 1.228227463270994804e+02 1.146868746296169945e+02 1.121563178891582595e+02 1.202832378124044936e+02 1.117928483851084280e+02 1.034737299074926113e+02 9.120453050257572158e+01 1.080625847326184186e+02 1.027352726262758438e+02 9.053280292965035869e+01 7.085256535964585112e+01 9.053280292965035869e+01 8.492639639688593434e+01 8.561607779075764313e+01 6.975832818270825442e+01 5.021109579036222925e+01 6.401791776439009141e+01 8.361612480575794848e+01
6.069844882374991357e+01 4.730270557118161889e+01 6.660871070628738266e+01 5.202461859142524503e+01 7.180296134954055276e+01 8.256762452797543972e+01 9.099284922040742174e+01 1.007637900523520500e+02 1.091972315393625337e+02 1.170226668348837080e+02 9.767262071475524010e+01 8.394055141953072052e+01 8.939187136067894812e+01 1.027628979169058709e+02 8.335774511407933574e+01 8.573612177855328298e+01 9.944989860259255465e+01 1.188114214471925720e+02 1.233521839816496737e+02 1.153868520129056492e+02 1.070726879354135264e+02 1.153868520129056492e+02 1.177141971112499874e+02 9.757513525716700542e+01 8.320729807028820346e+01 7.943264120430812625e+01 9.900900164947262283e+01 1.132938522975824611e+02 9.877564064250923082e+01 8.472276760875158175e+01 9.877564064250923082e+01 9.133633950280589886e+01 7.165553832834378056e+01 5.788663002867512830e+01 5.587461261361863052e+01 6.615782914883422450e+01 8.578004606904136153e+01
4.066763256168440677e+01 4.321070804864887549e+01 4.683629448687178609e+01 6.660892282576863010e+01 7.591967664598780630e+01 8.028378258758880293e+01 8.636505633256508929e+01 8.040090554483047924e+01 1.007637900523520500e+02 1.140962312974102701e+02 1.101692107790034072e+02 9.085361954545417973e+01 1.087717794462327419e+02 9.920969696522597303e+01 9.709642996636733869e+01 9.944989860259255465e+01 1.051207573496356531e+02 1.174476335047361033e+02 1.032496868342393270e+02 1.052966941180585820e+02 8.684757573014823606e+01 1.052966941180585820e+02 1.072904762414939910e+02 1.013913679421941794e+02 9.065611297746913522e+01 7.030058584541558275e+01 8.472415100136286981e+01 9.931420421090965078e+01 1.076443253014666794e+02 1.045594689992310862e+02 9.865356683026634244e+01 7.887850705617061919e+01 6.760339231986800712e+01 7.741991153315952090e+01 6.173682661098128932e+01 8.128731025117092202e+01 9.400902040934023773e+01
6.069999844617222351e+01 6.311358292160096539e+01 4.813720796916025080e+01 5.208599215525533310e+01 5.605328880851731554e+01 6.028493676939546475e+01 6.619575307303927048e+01 7.512704956008130353e+01 8.524814149420164711e+01 1.056654480946087915e+02 1.182491587419025763e+02 1.004979019250012016e+02 1.182491587419025763e+02 1.128700695857658900e+02 1.164429616938490000e+02 1.188114214471925720e+02 1.245303076866192953e+02 1.073660384421627469e+02 8.893257657881027001e+01 9.696013183278081726e+01 7.665558039663436318e+01 9.696013183278083147e+01 8.710031887207216528e+01 8.118077252668828692e+01 8.540033847175469361e+01 6.507454234529812709e+01 8.540033847175469361e+01 7.901920548464512706e+01 9.340475706619216112e+01 1.135808716538132757e+02 1.069122841857741122e+02 9.546754259736854920e+01 7.887850705617061919e+01 8.783424141129593465e+01 6.819344793092075463e+01 8.783424141129593465e+01 9.918617522669592290e+01
6.380515262715491787e+01 7.625564162861093109e+01 6.790877219895671146e+01 5.947294023775426552e+01 7.591967664598780630e+01 8.028378258758880293e+01 7.085992221781782519e+01 8.249128264330049376e+01 1.028727352200618697e+02 1.140962312974102701e+02 1.279576434699256140e+02 1.198405196330057265e+02 1.279576434699256140e+02 1.323405084808352967e+02 1.273080361858435481e+02 1.190350047585120734e+02 1.125374968278448478e+02 9.903507425434972333e+01 7.875484366963608807e+01 8.819483502972060762e+01 6.988221260330278994e+01 8.110915822105056350e+01 8.707581170222491096e+01 6.687518530659832550e+01 7.546435956088285479e+01 6.035305484676193544e+01 6.614764660865438373e+01 7.631956490432412465e+01 9.072195935677925149e+01 1.109187933790748986e+02 1.160138512401727127e+02 1.069122841857741122e+02 9.865356683026634244e+01 9.606896270713096442e+01 7.794454377710414406e+01 9.606896270713096442e+01 1.074326907020694932e+02
8.384320701733476255e+01 9.221673095723754443e+01 8.783399296589222160e+01 7.089578243803201474e+01 8.783399296589222160e+01 9.954140133274773916e+01 9.110549808839310515e+01 9.954140133274773916e+01 1.113042432392443146e+02 1.179646027349218258e+02 1.095273060757153161e+02 1.105880234882595943e+02 1.190408182054115116e+02 1.329965761477899946e+02 1.146939220698730679e+02 9.941560985342704271e+01 1.042191586449590375e+02 8.398790266553210415e+01 7.228689997016614655e+01 6.792048385600526217e+01 6.434167093435893037e+01 6.089111563677256100e+01 7.687355597576109290e+01 7.252855936488595034e+01 5.531012958057242201e+01 7.546435955078042923e+01 8.647851997043201777e+01 9.484278254656884144e+01 1.049734666693041447e+02 1.100883903960701389e+02 9.585735419484181818e+01 1.059356027175072938e+02 1.142565643960954702e+02 1.059815365716992233e+02 9.772393904548778210e+01 1.059815365716991948e+02 1.167449929786874492e+02
6.906105292276460261e+01 7.611891116387809575e+01 8.450748883666678068e+01 9.109347783344837524e+01 9.951962966128328958e+01 1.074396080548925312e+02 1.002161223039114191e+02 9.176789983778662929e+01 1.002161223039114191e+02 1.061449424341341938e+02 8.901246606496108882e+01 8.968380989275637205e+01 1.034752658222596153e+02 1.249447726216559147e+02 1.178558374708462964e+02 9.779053764428959994e+01 8.628997974720518016e+01 7.934731510493448070e+01 9.253863755919273615e+01 8.819483502972060762e+01 8.459609651992252566e+01 7.688155459010970105e+01 5.672838575418408880e+01 5.443642259077110879e+01 5.218473753567139539e+01 6.966177565808494876e+01 7.790950107058971241e+01 8.935942072137648040e+01 9.239621634838215414e+01 9.998330339081702789e+01 8.150688821249205773e+01 8.571004238553548760e+01 1.059356027175072938e+02 1.001202889300550112e+02 9.179364693091444849e+01 9.440808059018600318e+01 1.027311900858645970e+02
4.919339162912198304e+01 5.615627347209932907e+01 6.760086261531542107e+01 8.775478187188389256e+01 1.030934180375528086e+02 8.705274344315242274e+01 8.705274344315242274e+01 7.146963473374884757e+01 8.518271665272811788e+01 8.900811369091313452e+01 7.710766792233445699e+01 9.768305767312426724e+01 1.086060106665549654e+02 1.170468033210032388e+02 1.261498366838777088e+02 1.137499264396616070e+02 9.360955405614849667e+01 9.360955405614849667e+01 1.078306896527680294e+02 9.724457412351419805e+01 8.261396009229530080e+01 6.234684607676234691e+01 7.688155459010964421e+01 7.455030505192064538e+01 6.966177584075725804e+01 4.960417872041617215e+01 6.111754556820383755e+01 8.117076624277376595e+01 7.213421231005025902e+01 8.298131021911478911e+01 7.134168160636713196e+01 9.163397185347237439e+01 9.855207976963309591e+01 8.846162734677380968e+01 7.156251696723327882e+01 7.419206460766937994e+01 9.440808059018600318e+01
