LEM/with_lateral_4open/elevation_000093.asc
nrows	100
cellsize	150.0
xllcorner	0
ncols	100
yllcorner	0
NODATA_value	-9999
[rows 17 to 33 of 100, columns 0 to 36 of 100]
5.222468517465790605e-02 2.005222468517430201e+01 2.507750195327569287e+01 2.768132670118814431e+01 2.449596877775264758e+01 2.747701120610651060e+01 2.800555247378403578e+01 3.978608428142612041e+01 3.852267605546704488e+01 3.852261208409154847e+01 5.618617373402732085e+01 6.447744958417490579e+01 7.603065941117787929e+01 8.974546144510112811e+01 8.146444644293812587e+01 7.459041018427481617e+01 5.459374315326318339e+01 7.459041018427481617e+01 8.887787091007149343e+01 6.855083076835268230e+01 5.419702292279754374e+01 4.411400852840414188e+01 5.015246752113330331e+01 6.448732029494617279e+01 4.836870823031361510e+01 3.983948913568966077e+01 2.170208690381073779e+01 4.171118019170443603e+01 5.231597374604307049e+01 7.195686286989567293e+01 6.727338183828814522e+01 6.941233119688007491e+01 7.749298509963040260e+01 8.591942053291236903e+01 9.774686249984154074e+01 8.066538829853479342e+01 6.077153491336792257e+01
7.333276091007127906e-02 8.238298569744081590e+00 2.238042633188284114e+01 4.237978114257836637e+01 4.449652575782746311e+01 4.746156965022285590e+01 4.799340126252134553e+01 5.624033921556158333e+01 5.853177885128675229e+01 5.852576626334312948e+01 5.852576626334312948e+01 7.853809109416349088e+01 8.637085257616035960e+01 7.805913988848706708e+01 8.637085257616035960e+01 8.214611359321078510e+01 6.215560139300333020e+01 8.214611359321078510e+01 9.044805085012498580e+01 7.012468627045248581e+01 5.576635258065321210e+01 6.435075295360429948e+01 7.042152373342487692e+01 5.760946816400204540e+01 4.545838698238864595e+01 2.545091194010703006e+01 4.168608709241014765e+01 2.393304454370208845e+01 4.395444718851364740e+01 5.189614449480908576e+01 6.355958755128295934e+01 7.025017614579280689e+01 7.853840386561057585e+01 8.856193533148287145e+01 8.950373987702225520e+01 6.963788176310804090e+01 5.813263999596726705e+01
6.343274376862209629e-02 2.006343274376826713e+01 2.456813520593336619e+01 3.870978526529176378e+01 5.870172005358449496e+01 5.397881795150557593e+01 4.563420363310884653e+01 4.826608186972847392e+01 5.659615428725133057e+01 6.842309989775000645e+01 6.743708344176299363e+01 7.575634710711673847e+01 7.629147705572142968e+01 5.786207345364811516e+01 7.629147705572142968e+01 9.042569224910002390e+01 7.629428334139039691e+01 9.042569224910002390e+01 9.638125511587111305e+01 7.607726193931202374e+01 7.607726193931202374e+01 7.520955683804176317e+01 6.165473198007136091e+01 4.930907806132456983e+01 2.930030028233695916e+01 4.545838698238864595e+01 4.552959410904562532e+01 2.552531148397516958e+01 4.553278311096416786e+01 3.774314325273527970e+01 4.351007891046549503e+01 5.017841036226325713e+01 6.021110704766280008e+01 8.028924524392269291e+01 8.797135740721432740e+01 6.810243864950516013e+01 5.659298765666677156e+01
3.497053469895897854e-02 1.417710615843003374e+01 3.417710615843073896e+01 3.632233988991480089e+01 4.468844189874250361e+01 4.234947290351456672e+01 2.551886206518830846e+01 2.814845008354240363e+01 4.499245547489977781e+01 4.827409112082226983e+01 4.722754259258488929e+01 6.411871933432553305e+01 6.796060667106758046e+01 4.779304909062470585e+01 6.796060667106758046e+01 7.858770243041907122e+01 9.021606156025076473e+01 1.045571011568095656e+02 8.911838959101503121e+01 7.779811243372617469e+01 6.900121976106571253e+01 5.513904875913301851e+01 5.335267652474060895e+01 3.333788526760172743e+01 4.930907805874907979e+01 5.760946816400181802e+01 4.734539441304050911e+01 2.733709106764675312e+01 3.044862048524016984e+01 5.045836463983966524e+01 6.355958755128293092e+01 7.025017614579280689e+01 7.853840386561057585e+01 8.856193533148287145e+01 9.621288282220655219e+01 8.473684204452133883e+01 7.583697384434691457e+01
9.635555453094322986e-02 2.009595240171434227e+01 2.317938652703770686e+01 1.623752339988564941e+01 3.305799240479337442e+01 3.044158880982649507e+01 1.396005982446114047e+01 1.658619440874349493e+01 2.814845838826648716e+01 4.367518326366428028e+01 3.559236461789229367e+01 5.019204181694140487e+01 5.391257817018422571e+01 4.117635401319490285e+01 5.008492616468848979e+01 6.173251514632899273e+01 8.191156354663175421e+01 9.636703483395801584e+01 8.095069683589187548e+01 6.138948680877462039e+01 4.991203867577572595e+01 4.097762893641510118e+01 3.769559248441588295e+01 4.487867264181359417e+01 6.165473197987640930e+01 6.073982461484202844e+01 4.070174202924733464e+01 2.916347215080874022e+01 4.917028537620892337e+01 3.751144277819159356e+01 5.753927124522318337e+01 7.146697823527694027e+01 7.975348832824197132e+01 9.132286645165895322e+01 9.141638481329700028e+01 8.317708624346649060e+01 8.317708623849294725e+01
8.845047570523793812e-02 1.613436179031286111e+00 3.142874404835034330e+00 4.685907904455960171e+00 2.472265275136119911e+01 1.039657402510814777e+01 3.044636094549739269e+01 3.665585115778082326e+01 2.062689698659910675e+01 2.357591825104345773e+01 2.662637794805791813e+01 3.001430162041362593e+01 3.392164640378869223e+01 4.006750095240656151e+01 5.145522800805626673e+01 6.569985239039363023e+01 8.585619872295704624e+01 8.808925715612856777e+01 6.803602226663598174e+01 5.643596277655066018e+01 4.641488583609585561e+01 6.101756447358599900e+01 4.769216623990264026e+01 6.492838110058674772e+01 7.322850090191403183e+01 6.904924065173899805e+01 5.747622062017285316e+01 4.917082402846975242e+01 3.182331423296161432e+01 5.183286345210130008e+01 4.506470570201764048e+01 5.139332545012967302e+01 6.298379340796923032e+01 8.305522421437795799e+01 8.317708624346649060e+01 6.329102945917126277e+01 6.329102945917066592e+01
8.023991185656004221e-02 1.797027490733298194e+01 2.305743874438470442e+01 2.472070935054192375e+01 6.915020754765252242e+00 2.695619156910380809e+01 3.827987441482145670e+01 4.905891015096629815e+01 4.071414564175179152e+01 4.367809332896975150e+01 3.924700816743906984e+01 5.019204181694140487e+01 3.543925628706551123e+01 5.793364320128272027e+01 5.145522800805626673e+01 6.307893944207175707e+01 8.324828886728113275e+01 9.074272371020227013e+01 7.069671804449662034e+01 5.909730876980594161e+01 5.126716584027792578e+01 7.134393801606418606e+01 6.187624091653287195e+01 7.605348850468558908e+01 8.206968422019332365e+01 7.497905569652299107e+01 6.787188053615381023e+01 4.785692411465777951e+01 3.371978470420024365e+01 5.373237405004566369e+01 6.511913185912476365e+01 6.511913185923218350e+01 6.559082480771887447e+01 8.565326753467260801e+01 8.317708624346649060e+01 6.329102945917126277e+01 4.918241238558412931e+01
4.598823041778624804e-02 1.530136699522680566e+01 3.657269163190907335e+01 3.526031941391226354e+01 2.107057062288154015e+01 9.896444739395736434e+00 2.994443465101214485e+01 4.135875910599156668e+01 5.035513222462747507e+01 6.199000405294140847e+01 5.857516235708929031e+01 6.559395890508736215e+01 6.184113213821301969e+01 7.110907232793753963e+01 7.160350954725684858e+01 7.992710724439461956e+01 9.155062364815506726e+01 9.901956849197424049e+01 8.745681321572796207e+01 7.653033351942535489e+01 5.644351010806267510e+01 7.653033351942535489e+01 8.194373035379746284e+01 8.206968422019345155e+01 6.201435817234749948e+01 5.491349355826496037e+01 4.857921376932011270e+01 5.566771299304532050e+01 3.565011712611769923e+01 4.979113739890934198e+01 6.985502149491436796e+01 8.516935674064359318e+01 8.565326753467260801e+01 9.391615184876528133e+01 8.317708624346649060e+01 6.329102945917126277e+01 6.804328007001294054e+01
7.340434288523949025e-02 2.007340434288488495e+01 3.464398575172297257e+01 4.946955781457216261e+01 3.827272978106138623e+01 2.994483029467189183e+01 1.296430498650063434e+01 2.191192182223349505e+01 3.349050485360768903e+01 5.364609686900536190e+01 5.249154772952084613e+01 6.084250383181860400e+01 7.093666058373982253e+01 8.519255621650825105e+01 8.434976305429432841e+01 9.264693491799127401e+01 1.021203593691593454e+02 1.022568351896359502e+02 8.225378481470112035e+01 6.805156799018203628e+01 6.543472567151557939e+01 8.482093471858196665e+01 9.618392657242361565e+01 7.622337361527890209e+01 8.206968422019332365e+01 7.381642280124027877e+01 6.008273786217945656e+01 4.005715402614079323e+01 3.818437973208603609e+01 5.821879959529323401e+01 7.009796658338993325e+01 7.770405194675022642e+01 8.605864690990385668e+01 9.613321181023344764e+01 9.141638481329700028e+01 8.317708624346649060e+01 7.628347374554127214e+01
3.515918393995972474e-02 6.359714504276745117e+00 2.635971450427710039e+01 4.533443542823808059e+01 4.690890981404377413e+01 2.678887817964820073e+01 1.522885974887105398e+01 3.529331228529176201e+01 4.700806499587037734e+01 4.719731227107516247e+01 3.233169971929672926e+01 4.238607350789649075e+01 5.668076495097140821e+01 6.787581556575328534e+01 6.417338035612930014e+01 7.371783561079965352e+01 8.916319034374556907e+01 9.920951769015674415e+01 9.639008642309902086e+01 8.225378481470112035e+01 7.704432482810486249e+01 9.378657747768856723e+01 1.044056804153575939e+02 9.618392657242361565e+01 7.972497781745076395e+01 6.553901335292346175e+01 4.549084508935905546e+01 5.996191306303307300e+01 4.182673443011648828e+01 4.333681142622281612e+01 5.000061863891534131e+01 5.758020234801472981e+01 6.763803917612541738e+01 8.777010021009458285e+01 8.991203548321445282e+01 8.001919833978236340e+01 7.183535121803737411e+01
4.608085242692564615e-02 2.004608085242657012e+01 1.705016418077391194e+01 3.705016418077461537e+01 5.524344643966648505e+01 4.362968665339949581e+01 3.529331228529176201e+01 1.858559639806662389e+01 3.866303467042769881e+01 2.707397428804963369e+01 4.719731227051984490e+01 3.838156604007237149e+01 4.287906813384475413e+01 4.763470392655904817e+01 5.348048453708769046e+01 6.065739783600780299e+01 7.079421291948789019e+01 8.505524569327012330e+01 1.051041694734378495e+02 1.022568351896359502e+02 9.706691892031845725e+01 1.053370232348532340e+02 9.793206095683464696e+01 8.640140914275124828e+01 7.145655563450566206e+01 5.138919341311263622e+01 6.553901335292346175e+01 6.557684086680561109e+01 4.553294742731048217e+01 6.339877677612173557e+01 4.982240565491886741e+01 6.991881631051656143e+01 8.561933503534945089e+01 9.613321181023344764e+01 8.173983587003993989e+01 6.193086656603471596e+01 5.195566098022306534e+01
1.610643649003322755e-02 2.001610643648967880e+01 3.705016418077461537e+01 3.338009579932901261e+01 5.338009579932971604e+01 5.291010664332115709e+01 3.276170424091991862e+01 3.866303450704498346e+01 2.214916179087014569e+01 4.224328891945446429e+01 5.554818075173921699e+01 5.858229740570172339e+01 6.310493979947727183e+01 6.787581556575328534e+01 7.371783561079965352e+01 8.086082621623845057e+01 8.916319034374556907e+01 8.309285245597043001e+01 9.141483006397582756e+01 8.498914279762925617e+01 9.336735457056471432e+01 1.085685187925625002e+02 8.970236612521800623e+01 6.968784761063271560e+01 5.807570995727390795e+01 7.145655563450566206e+01 7.972497781745076395e+01 6.949136908753699515e+01 4.937819041254131491e+01 6.949136908753699515e+01 6.402359554288285892e+01 5.714376966443567341e+01 7.137015978303438146e+01 9.151433934754491872e+01 8.991203548321445282e+01 8.001919833978236340e+01 7.183535121803737411e+01
2.022278438842990689e-02 1.156722816818084532e+01 2.570936379191154586e+01 4.570936379191083176e+01 6.166436704679590264e+01 6.125442704001731187e+01 5.291010663715354667e+01 5.059144765248583298e+01 4.224328891945446429e+01 2.769802992840279643e+01 4.782570026751518100e+01 5.980863166505372419e+01 6.590853123893190002e+01 7.306117367420999642e+01 8.138140617586455505e+01 9.300394496693438384e+01 7.991195209236536812e+01 6.323864846002914675e+01 7.991195209236536812e+01 6.508722494339383502e+01 8.182203999617581758e+01 1.003534501639636289e+02 8.042709652860234826e+01 6.882738193976598495e+01 6.707157130093993658e+01 8.640140914275124828e+01 8.525285407121778292e+01 6.507308243953899307e+01 5.346387914324679969e+01 7.360205755212525958e+01 8.414793315968655918e+01 6.425198555813172163e+01 7.357171112039793570e+01 9.370238622900902214e+01 9.878053840693594623e+01 8.896528048580292136e+01 8.081833961871609517e+01
6.642187732006160639e-02 2.006642186911259529e+01 3.201409107120016273e+01 4.750143972694536387e+01 5.221548488588895509e+01 5.756070964076318575e+01 5.756070942491098918e+01 6.584494627147380186e+01 5.617653959088038107e+01 3.929224307824236462e+01 3.403325322713202894e+01 3.960216543514491150e+01 4.567745309352923755e+01 5.283044579665881457e+01 6.453465541310929154e+01 8.470861422470548519e+01 7.163002243436798722e+01 5.184499901710501746e+01 7.163002243436798722e+01 5.369351750906265153e+01 7.292702016872165416e+01 8.463935663325429459e+01 9.707983126207905400e+01 8.301849552629099094e+01 7.867865936343062572e+01 9.534098161204532573e+01 9.368414184487161833e+01 8.122494202501712834e+01 6.105668572447503806e+01 6.166660247714593623e+01 8.183630352344349035e+01 7.325775818473643142e+01 8.438421223434261265e+01 1.020514939438077988e+02 9.061788257100900523e+01 7.101879666642305722e+01 6.109328819719524262e+01
1.591255364720534082e-02 3.729819317188235228e+00 2.372981931819764156e+01 2.750143980778747732e+01 3.221548501567940548e+01 3.756070985389208516e+01 3.756070985383711047e+01 5.756070917774207629e+01 6.782496456684160080e+01 5.948261890197098012e+01 4.566104925892891231e+01 5.049714500350184210e+01 6.590853123893190002e+01 7.306117367420999642e+01 8.138140617586455505e+01 7.559360562386891047e+01 6.463496032222738563e+01 4.483857478541347774e+01 5.578755584858445360e+01 4.483857740786812229e+01 5.626203107844972351e+01 7.611604212767267086e+01 9.385057803741577231e+01 1.029249618690387678e+02 9.862073223651000831e+01 1.068362835495543521e+02 9.552087399141630897e+01 7.530337322564970748e+01 8.122494210129852377e+01 6.803447887706686004e+01 8.821930645624061640e+01 8.487822389072292140e+01 1.017410884631400734e+02 1.128917221041977399e+02 9.878053840693594623e+01 8.896528048580292136e+01 8.081833961871609517e+01
6.189296070378335485e-02 2.006189293788532169e+01 9.276821279440479628e+00 1.335930418407907538e+01 1.807334939198931067e+01 2.341857423023770579e+01 3.236284614023654882e+01 4.390985152402681990e+01 6.390985125654028565e+01 7.420838672876114117e+01 6.587475434502736960e+01 7.069960928956152202e+01 7.902393509093349167e+01 7.398627366074383360e+01 8.226918914712153708e+01 6.730140586309558159e+01 4.747127910575623133e+01 5.110093533589798653e+01 3.595562216812836454e+01 4.126933617546853839e+01 6.107269695007749277e+01 6.585547589830308368e+01 8.566842750276610730e+01 9.812524044620694497e+01 9.893097762663639116e+01 1.072528770317326945e+02 1.039847137465193327e+02 9.552087399141630897e+01 9.536129038057198670e+01 7.516070932449200370e+01 9.536129038057198670e+01 1.050071347516643243e+02 1.133747441384389703e+02 1.120743737950264602e+02 1.021234549810097576e+02 9.386675656597138584e+01 8.635265404809194933e+01
2.247884206357958492e-02 2.002247884206322581e+01 2.927682126411739105e+01 2.490630956787138572e+01 3.807334935393366493e+01 4.341857416773714817e+01 5.170283722371635093e+01 6.064710532493590733e+01 7.219410238434583960e+01 6.732476884644991344e+01 5.905849864930029014e+01 6.732476885012269463e+01 7.081580016302802960e+01 5.421423031047889651e+01 7.081580016302802960e+01 6.512535657032613301e+01 4.530489694824386504e+01 3.126181045738592346e+01 5.109511699196139745e+01 6.106736996115831317e+01 4.972844656907756899e+01 5.856173042268213891e+01 6.994406212452956595e+01 8.984069526580795184e+01 7.916232151577590059e+01 9.578495576416311508e+01 9.065597749613006329e+01 9.893829486720291300e+01 1.038229375627597904e+02 8.941608634245400822e+01 9.536129038057198670e+01 1.157219751147230795e+02 1.178849666340616409e+02 9.797230424408176930e+01 8.392892510531426353e+01 7.398630997781806684e+01 6.644981342421692716e+01
