LEM/with_lateral_4open/elevation_000039.asc
nrows	100
cellsize	150.0
xllcorner	0
ncols	100
yllcorner	0
NODATA_value	-9999
[rows 17 to 33 of 100, columns 37 to 73 of 100]
5.726307057526405941e+01 6.473194182828873977e+01 4.476914039115803234e+01 5.061610956061306155e+01 4.678374765517454392e+01 3.709748156108967976e+01 1.715119471327289347e+01 1.616582497235090088e+01 2.142653289697695485e+01 3.534008420125715588e+01 4.723571874466326648e+01 4.858148596827114574e+01 2.995837764480439347e+01 1.957362680069278227e+01 1.458264724918109323e+01 1.468270667668701357e+01 3.417060392725355200e+01 5.411484160352286921e+01 4.747709212322583738e+01 4.178599386030537488e+01 4.943785265596719114e+01 6.116829466964274786e+01 8.138388687207336147e+01 8.810845943045436002e+01 7.984614501361096472e+01 7.984614501361120631e+01 7.195290334689114786e+01 5.196578733432917829e+01 6.343036844336938174e+01 4.943172395071757563e+01 6.942166583487492915e+01 8.653485575917110850e+01 6.824840892634240674e+01 8.653485575917110850e+01 8.377870759127304723e+01 6.549235609005032188e+01 8.377870759127304723e+01
4.326533441047195794e+01 6.157360308061564069e+01 5.061605519819681120e+01 3.068679372560304941e+01 3.851122915493589716e+01 1.856740056434918529e+01 3.709736505577522081e+01 3.027344212189570882e+01 3.526830457769209204e+01 3.276099103796583023e+01 5.215590745861555888e+01 5.794511072852419176e+01 3.966014233269564215e+01 2.813314390866315051e+01 3.464469624238105894e+01 1.599178446681082200e+01 3.609977644495774740e+01 4.625719939688327997e+01 3.319354631857488158e+01 5.340902428523855150e+01 6.971240927217235139e+01 6.985201186195443768e+01 7.206087962982424244e+01 8.038164023843033590e+01 9.604762950850860648e+01 7.609582149904133530e+01 6.196623592570019667e+01 7.195290334689121892e+01 7.519069284859588720e+01 5.520619735556469720e+01 6.575732929293999973e+01 8.572609416893669732e+01 8.239147245893484239e+01 9.653604562631825559e+01 9.377984531983366878e+01 8.549397507448476574e+01 9.377984531983366878e+01
3.337646145396645636e+01 4.791212587229096442e+01 4.891215175193770648e+01 3.995082752497225442e+01 2.002255499255873517e+01 2.327704611781657107e+01 4.320904145435300592e+01 5.021367174755336293e+01 5.469498399212762507e+01 4.391032117133365631e+01 6.034537749562955611e+01 6.958581842050854505e+01 5.577277666060545869e+01 4.741638753996521416e+01 3.713172513751060677e+01 1.706134094360630016e+01 2.152095198878888027e+01 2.610378722098307591e+01 4.625719939688327997e+01 6.167121988055195203e+01 6.103363893276056018e+01 4.965176007849198925e+01 5.186484705515679394e+01 7.155132334190508914e+01 8.163545739696397163e+01 9.021202047370958610e+01 7.609582149904133530e+01 8.193957076808233353e+01 8.225269295988448448e+01 6.227834029015544104e+01 7.519069284859588720e+01 9.400099802399357429e+01 1.023945162297338101e+02 1.031637228246647879e+02 9.484561446433693277e+01 9.484561446433693277e+01 8.756558754268596090e+01
4.791212587382696597e+01 2.805653178171019846e+01 3.731667880666618231e+01 2.149767831162407106e+01 3.996361454652905110e+01 4.320932993744179385e+01 3.056143778969653013e+01 5.048398636912097004e+01 6.728033284473607978e+01 6.341958779613923269e+01 7.168388913817400976e+01 7.924726705958723016e+01 5.907549646465187010e+01 5.712126169715770629e+01 1.725994973958994905e+01 1.812177705320459964e+01 3.819124165102952162e+01 4.165942628423896821e+01 4.361446228736414810e+01 4.561803478143789192e+01 4.161689196872661967e+01 3.537207826973829583e+01 4.298802972834381109e+01 5.311321910605864360e+01 6.742759839370771147e+01 8.754511019125050098e+01 9.604762950850860648e+01 1.018950031454642868e+02 9.052355469897179319e+01 7.227566389525856039e+01 9.052355469897179319e+01 1.034315592014631591e+02 1.106180672503839304e+02 9.484561446433693277e+01 7.464697736770982317e+01 7.464697736770982317e+01 7.921905393490301606e+01
4.670134285587742795e+01 2.676083731287846135e+01 2.298349245000923347e+01 4.108138288862264176e+01 4.923565248123697558e+01 5.876767947628207622e+01 5.048398636912097004e+01 3.904731604783805210e+01 5.312873543185343550e+01 7.312591241076634674e+01 8.291552948894810982e+01 7.462309351859880735e+01 5.907549646465187010e+01 3.876108444725744562e+01 2.884685075290574119e+01 3.819069939587726026e+01 1.963649184926543612e+01 2.155155550234055539e+01 2.348724061942228403e+01 2.547533678839904070e+01 2.749809971494616789e+01 4.765497312453606327e+01 5.920115746691743652e+01 7.155132334190508914e+01 7.397305168036690759e+01 8.228812121639738564e+01 8.329425595587149189e+01 9.159352994130334480e+01 1.005036575735922213e+02 9.222972202451022383e+01 1.005036575735922213e+02 1.039865723227324708e+02 1.023116458172789862e+02 8.215327414597733480e+01 7.045283789874306990e+01 6.031711245756780215e+01 7.193013670716948127e+01
3.240075911345149251e+01 4.670134285587737111e+01 4.293257091748137810e+01 2.461357327700030595e+01 3.869998822058278165e+01 5.859178194211175850e+01 6.728033284473607978e+01 5.312873543185343550e+01 5.312873543185343550e+01 7.312591241076634674e+01 7.462309351859880735e+01 5.439873129806060348e+01 6.032230984728322909e+01 5.526088491771208311e+01 4.896935823748412986e+01 4.102834420094236378e+01 2.093165986206481222e+01 4.103465350191541461e+01 3.507834316559311816e+01 4.561803478143789192e+01 4.765497312453606327e+01 3.066765611516198220e+01 5.084414609109528982e+01 5.815465528508926241e+01 5.373827307388606300e+01 6.682427080639452299e+01 6.312272611215396267e+01 8.007329081903782253e+01 8.837193022548056831e+01 9.840742657491104239e+01 1.039865723227324708e+02 8.383214908400432819e+01 8.753055465774060906e+01 9.586128319673790088e+01 8.623288666752107190e+01 6.600574369436054667e+01 5.170909807781424661e+01
4.647331316377313470e+01 6.048122093511816644e+01 4.567916569991651699e+01 2.577221439947156156e+01 3.991201024184906743e+01 6.005491178446506240e+01 7.485815466449417954e+01 7.312591241076638937e+01 7.312591241076634674e+01 8.143193025761883064e+01 7.462309351859880735e+01 5.439873129806060348e+01 4.007661049241369966e+01 3.504808566397075253e+01 3.044377700502452200e+01 4.235223207949618285e+01 2.223523316248676451e+01 4.235264181538674677e+01 5.527501478875830543e+01 6.362629805827560148e+01 4.713391808848194131e+01 5.084414609109528982e+01 3.398601029544453667e+01 3.792156146619687718e+01 4.202909404370485191e+01 4.654861708257021746e+01 5.267494180480627364e+01 5.987468498147279661e+01 7.002275648989042622e+01 9.012382514818523305e+01 1.017892479185845929e+02 8.162441052738127212e+01 6.728517622176865132e+01 7.798679173789828667e+01 8.452490803329919800e+01 7.613477293478484853e+01 6.454617705108209691e+01
6.655143083014029060e+01 5.564254691722074142e+01 3.680045864185514404e+01 2.693868895594150459e+01 4.605905203428539352e+01 4.733880938810575856e+01 5.945144586081329408e+01 6.591387103676346726e+01 7.453453915516895734e+01 8.539701912387090488e+01 6.524084996111125179e+01 5.089807512736920359e+01 6.032230984728322909e+01 5.525981291733101131e+01 4.424317582476964361e+01 2.410712204851592233e+01 4.235009394321011200e+01 4.235198303947351661e+01 6.254060196731634846e+01 7.568531301144925294e+01 6.735276753211043399e+01 6.254043264676032976e+01 5.418661912343974763e+01 3.826541144506612824e+01 5.849770863691324507e+01 6.682427080639452299e+01 6.312272611215396267e+01 7.293200523990962836e+01 8.837193022548056831e+01 9.840742657491104239e+01 1.094021914176500729e+02 9.586128319673790088e+01 7.798679173789828667e+01 5.772741622866021061e+01 6.971551695131674364e+01 5.601502254681327031e+01 4.459843844381342137e+01
7.328444140585789057e+01 5.531138789009272472e+01 5.441675591647063470e+01 4.683989543577415304e+01 2.861022512540794693e+01 3.330659502672348538e+01 3.904987734387189846e+01 4.536279245219834877e+01 5.981383578101650045e+01 8.064270559165569807e+01 7.944798023012542387e+01 6.261638361206302505e+01 6.876670200532325339e+01 4.873584230472113887e+01 3.448056149916718738e+01 2.550304654116867198e+01 4.565000432258097618e+01 5.604160769320056801e+01 5.798127864050844238e+01 7.802663679305491939e+01 7.791167584043550676e+01 5.772618729461815690e+01 4.338333624081844420e+01 5.849770863691324507e+01 4.730295278447320584e+01 6.755445636941567500e+01 8.329425595587149189e+01 9.159352994130334480e+01 1.013232862270784693e+02 1.022963908492029077e+02 9.397840375695739112e+01 8.092317455295669504e+01 8.113317926531814805e+01 6.971593632038631938e+01 4.949639632176275228e+01 4.433179853647016699e+01 4.169311368212517266e+01
6.947870369091705811e+01 6.507405408165975302e+01 5.976003172243645878e+01 4.968060381562699490e+01 2.983256786219095602e+01 4.843384373552937916e+01 4.899330860293120793e+01 6.490670071921094575e+01 5.981383578101650045e+01 8.064270559165569807e+01 9.106006420785946887e+01 8.279401769626309715e+01 7.456581391572554196e+01 5.460274529652951969e+01 5.388186430705864183e+01 4.565027344035248547e+01 2.752678016020046670e+01 3.842080678439647556e+01 5.665109617636188233e+01 6.551321676880030509e+01 7.473611076380083773e+01 6.746329597521777544e+01 4.720535839241000531e+01 6.746341136240717162e+01 6.164769398414178170e+01 5.902231050546675561e+01 7.071752355350453456e+01 9.080995517194483568e+01 1.056026650464755079e+02 8.546885389257404597e+01 7.376155939802369232e+01 6.657202971936744973e+01 7.277434776001959449e+01 5.252845794823610959e+01 4.897961918963297734e+01 6.449528518957875178e+01 5.171431979927879752e+01
4.996042023635710905e+01 4.483591275785107655e+01 5.150046805336904754e+01 3.157490361113564603e+01 4.918741416645811171e+01 5.704987756626150031e+01 6.699510542628686949e+01 7.429260731965700870e+01 8.064270559165569807e+01 8.925524252932132185e+01 9.412651265526305622e+01 8.250265590895421042e+01 7.346645088040500582e+01 5.816978930294168748e+01 3.793214010673005987e+01 3.344171938502193342e+01 4.768703436368509330e+01 2.972123834600921199e+01 3.594096425258450722e+01 4.619376681492775560e+01 6.636590939305870052e+01 7.150777890880453924e+01 5.126597826048116247e+01 7.150777890880453924e+01 8.181464222965888666e+01 7.920958436836410499e+01 8.750913268737480166e+01 9.909362938179690161e+01 1.139056740748422101e+02 1.022963908492029077e+02 9.397840375695739112e+01 7.819235669460358906e+01 5.792002354292625910e+01 7.277434776002222350e+01 6.326636265961195704e+01 6.919534626575480729e+01 6.337999907356235241e+01
6.849916240173641313e+01 5.562290856613932277e+01 3.802472360848794608e+01 3.444671056993147573e+01 3.360641947813375197e+01 5.265582450307995543e+01 6.327907444773341439e+01 6.898884055618893285e+01 7.713946913841640196e+01 8.851474575221230623e+01 8.582370179162589352e+01 6.565399478359859131e+01 5.392766661447191723e+01 4.485266861242225644e+01 5.816978930294168748e+01 4.771634234433058452e+01 5.826364645709761447e+01 4.989986872627850545e+01 3.197679719018375266e+01 5.215207588629205304e+01 6.871927154414723304e+01 7.980262883429328724e+01 6.562140284334115847e+01 5.787353807736904798e+01 7.804325107595431632e+01 9.243543623775174467e+01 1.006686767726681069e+02 1.106066208494337531e+02 1.146069667755141666e+02 1.045549453674026950e+02 8.614008275351922350e+01 6.587727762196882964e+01 7.819235669460358906e+01 8.654227668030503651e+01 8.350917889881337430e+01 8.941461825005183073e+01 8.361760784058037643e+01
7.026161120689306472e+01 5.845689553131612826e+01 3.859063320163124189e+01 5.456243598427953145e+01 5.345017846471336043e+01 3.565131355089565801e+01 5.547582536697094469e+01 4.919049535592480282e+01 6.065112236539792434e+01 8.037880232760686283e+01 8.948779666820355772e+01 6.934407905803784899e+01 5.500030545884246891e+01 6.512217140329553899e+01 7.346645088040500582e+01 6.795639505634412103e+01 6.723487231478095794e+01 5.376878876744536484e+01 3.358102892581958798e+01 3.992628924585773120e+01 5.429364943469528981e+01 7.470268511756179919e+01 8.571874777316637051e+01 7.214692736559177888e+01 6.530024419643221734e+01 7.245889290465594001e+01 8.249787025849896338e+01 1.023730022170046965e+02 1.063046064471434278e+02 8.617555676628209937e+01 7.604008390032559817e+01 8.023127222693699423e+01 9.447341941342020277e+01 1.049799437689915607e+02 9.333830724107478716e+01 8.500140219625815519e+01 8.762079272715837419e+01
5.052597997891769666e+01 4.540175992303168329e+01 4.241390921846787876e+01 6.228015662784707729e+01 6.366648966518653907e+01 5.549069342450235354e+01 3.772287893116475033e+01 5.755861743380967965e+01 7.160626738196879160e+01 7.971616385464470511e+01 8.953423940526583635e+01 8.356592116917902047e+01 6.672278589081263078e+01 8.356592116917902047e+01 8.427923258946752583e+01 7.271510960519205469e+01 5.896249673745795405e+01 3.875597078222294556e+01 3.545604601060862393e+01 5.552618407995381489e+01 5.170129816716051607e+01 6.388925139342738646e+01 8.671101160910829719e+01 9.182102828611155587e+01 7.539924129541834930e+01 8.537266161000229658e+01 1.006686767726681069e+02 1.106066208494337531e+02 1.146069667755141666e+02 1.045549453674026950e+02 9.624008160671282042e+01 1.004052132642870987e+02 1.017984921964356317e+02 9.666388190850901196e+01 7.646387450464929714e+01 6.476397020350398748e+01 6.739262108436641086e+01
7.047554819569381834e+01 6.530570636146390484e+01 4.638409218881051999e+01 6.625417273760622550e+01 6.942259016428475604e+01 5.905360962571133854e+01 3.922077956345017213e+01 4.520993385997715563e+01 5.182656882013809252e+01 6.176452820508166042e+01 8.145167979060795460e+01 9.518596564498585622e+01 8.688428330995795079e+01 9.043453092372800484e+01 7.610304511281923112e+01 5.595303195520171613e+01 4.423533129208426828e+01 5.748291540877866623e+01 3.734654118955539559e+01 5.761152353677082516e+01 7.269301056835385566e+01 8.162952922655053101e+01 9.508519221859270942e+01 1.035794332017001835e+02 9.534608192458624387e+01 1.035794332017001835e+02 1.135179673601952857e+02 1.077177829998636298e+02 1.160638105795821531e+02 1.105971657383147999e+02 1.022600397389265652e+02 9.587082744229134335e+01 8.162849119266806497e+01 9.587082744229134335e+01 8.724623811527824557e+01 7.331731538753480493e+01 5.309714751975105429e+01
7.224975885614476567e+01 5.236464930268912354e+01 6.625417273760622550e+01 7.235172510215444674e+01 6.125644574461538383e+01 4.142977345364898412e+01 5.905360962571133854e+01 6.501285539085844789e+01 7.160626738196879160e+01 7.971616385464470511e+01 8.953423940526583635e+01 1.039795563159254215e+02 9.420237850429263915e+01 8.229650061543883055e+01 6.222741105549573604e+01 5.048912260147822195e+01 6.446942959209431478e+01 5.950767869371305352e+01 3.926315296962351198e+01 5.951904419689086723e+01 7.071776566626337512e+01 7.565448649947123272e+01 8.326840604586675454e+01 9.156838326462224131e+01 1.015728757907750719e+02 1.096181843631832180e+02 1.012530775914874823e+02 8.737335628067461357e+01 1.043509816594215778e+02 9.891160101629617429e+01 8.197349481310095598e+01 8.753614771013218387e+01 6.729244264596636071e+01 8.753614771013218387e+01 7.889958686532192189e+01 5.867117076778857410e+01 4.704139158500033346e+01
5.880327573767353755e+01 7.224975885614476567e+01 7.545418554896376406e+01 6.420458740788143359e+01 4.449619159395501811e+01 4.372535490478037445e+01 6.354502572283332995e+01 6.928628728863641584e+01 7.743767070895907523e+01 9.136629064139147260e+01 1.007062516787354838e+02 9.601366683614449471e+01 7.632552139003652769e+01 6.622462488113998802e+01 5.792097935794110697e+01 7.070960635561499430e+01 7.891902223696756380e+01 6.791167808055392641e+01 5.951933717514946665e+01 4.204459059657261832e+01 6.233028014183999233e+01 5.643378338922283177e+01 6.320482317696718155e+01 7.327589776048414194e+01 9.326091433124923924e+01 1.012530775914874823e+02 8.085117594558614940e+01 7.552270506668384087e+01 9.523468015438464818e+01 8.982890212530398344e+01 7.018958521927567062e+01 7.988474639380045517e+01 5.953744858838523868e+01 7.029293822244633816e+01 7.866777141597779632e+01 7.558051572077523872e+01 6.008624057189574330e+01
