LEM/with_lateral_4open/elevation_000546.asc
nrows	100
cellsize	150.0
xllcorner	0
ncols	100
yllcorner	0
NODATA_value	-9999
[rows 17 to 33 of 100, columns 0 to 36 of 100]
5.222468517465790605e-02 2.005222468517430201e+01 2.516468337026982738e+01 4.506498842395245674e+01 5.301741285899200307e+01 6.128625449674211723e+01 6.382477310869049347e+01 4.383763623561571166e+01 4.750534418929044023e+01 3.692747940067383183e+01 2.738340717475644581e+01 4.151107130917845467e+01 5.645046108457331968e+01 5.247308582870763871e+01 6.847317313790070159e+01 7.673446102583935158e+01 8.671637450416785953e+01 8.244034963091088741e+01 9.071716052869027180e+01 9.182242191899217687e+01 8.537525300401551931e+01 6.536567971377566266e+01 5.120507640164047558e+01 4.411198332448322645e+01 3.740551278299059845e+01 3.404342189163806864e+01 3.086034266370178969e+01 4.656608513592794907e+01 2.940662465670349945e+01 4.325026033613297471e+01 5.493349451162900721e+01 7.783877786006529220e+01 9.413127431110838472e+01 7.730137249073074202e+01 5.887565914135630862e+01 4.788870443693181755e+01 4.104815803993403023e+01
7.333276091007127906e-02 1.421725226651276763e+01 3.427408348931324866e+01 3.957998941354722433e+01 4.112388509355645994e+01 4.698018152721283514e+01 5.467260562382233502e+01 4.684610787988937375e+01 2.752255748252261469e+01 2.279991343843582285e+01 3.433448395996974511e+01 5.431895730836212266e+01 6.976769347236893282e+01 7.245642360151643402e+01 8.071444584096889230e+01 8.255622033939783933e+01 7.427803128855579473e+01 6.244683457404624249e+01 7.917584828769419403e+01 9.071716053011574843e+01 8.756299865888675527e+01 6.755476959993976038e+01 6.365267699736198637e+01 4.361581612544273412e+01 5.746916748741129766e+01 4.825736590053033126e+01 5.095001196068590588e+01 5.211085670910012624e+01 3.202073124382889091e+01 4.624984348700964176e+01 6.626059431911899367e+01 6.919158624637306332e+01 8.915677659162533075e+01 8.520083520855816062e+01 7.509907114874359024e+01 6.070372456939354322e+01 5.151800411514185640e+01
6.343274376862209629e-02 2.006343274376826713e+01 3.368911239007830005e+01 1.953999761363143151e+01 2.113405166947375591e+01 2.698893810184680575e+01 3.468741158010534775e+01 3.468741162801807576e+01 1.858736681876024122e+01 3.856877029804803669e+01 5.105723131400962700e+01 6.259422040779271157e+01 5.988060250481914437e+01 6.023300285273079879e+01 6.851194978726482532e+01 7.101536451295457653e+01 5.428701234323295921e+01 5.090710330867666045e+01 6.244683457404624249e+01 8.244034963091192481e+01 9.584441732625107591e+01 8.548121488298177439e+01 6.824669075947188901e+01 4.822184902519983041e+01 6.824669075947188901e+01 6.829149014524871575e+01 6.345627030613528774e+01 4.343953690340713081e+01 3.521984565048658311e+01 3.915677154911034563e+01 4.919977602976346986e+01 6.919158624637306332e+01 8.354366430845448122e+01 9.506869231917062280e+01 8.855066082270647598e+01 7.938266469860555219e+01 7.124472810701942649e+01
3.497053469895897854e-02 2.003497053469860489e+01 2.316509412438054838e+01 5.408937289523605862e+00 7.006530625827614323e+00 2.698889917487273138e+01 3.097734613593986808e+01 1.470728790481278025e+01 3.468741162801807576e+01 3.788733836495612906e+01 4.034588478829085290e+01 4.301480854818919397e+01 3.990802739744295735e+01 4.026136799767456154e+01 5.182154995647352536e+01 5.607635481463749727e+01 4.275664220569237983e+01 6.273621111911005954e+01 6.504121904574047619e+01 8.503440737821885875e+01 9.134382750728960332e+01 7.133805869218581108e+01 5.718274276079844753e+01 5.718274276079844753e+01 7.653245226209392627e+01 7.757956698759741698e+01 5.760620927525476276e+01 5.877499651190629493e+01 3.873425501326949671e+01 5.877499651190629493e+01 4.772562397872037820e+01 5.530102043067213202e+01 6.683825442163252717e+01 8.678741443812643297e+01 8.588855872151977167e+01 8.255113262686994346e+01 6.287260112512501564e+01
9.635555453094322986e-02 1.634565240002569420e+00 3.176586249402884476e+00 2.315994189797337199e+01 2.698792382386293198e+01 9.317046457830008066e+00 1.100209153846581955e+01 1.324389431477258761e+01 1.552724805766301053e+01 1.793842009424906081e+01 2.040204737067337959e+01 2.307718609352868100e+01 2.582488531347961214e+01 2.877403444122772314e+01 3.189660081951927495e+01 3.611946909662615468e+01 5.022265231179201805e+01 7.020844278710440278e+01 8.503440737821885875e+01 9.331047752964794029e+01 9.134382750728960332e+01 7.133805869218581108e+01 7.133805869218581108e+01 7.133805869218581108e+01 7.719761271527936231e+01 8.585622421735710930e+01 7.757956698759741698e+01 6.243018990425917281e+01 4.240987117390434236e+01 6.243018990425917281e+01 5.928536183963344541e+01 7.526976153249671597e+01 8.354366430845448122e+01 8.421876184283422617e+01 6.622523440343287859e+01 6.622523440343286438e+01 5.925243040034374786e+01
8.845047570523793812e-02 2.008845047570488163e+01 1.316984787733446893e+01 3.140742943798964859e+01 3.635984639642879301e+01 1.637660873952308549e+01 3.097734661365564079e+01 2.735776681677203470e+01 2.305184910524191366e+01 3.788733836495612906e+01 2.744139391071640333e+01 4.301465134618168662e+01 3.577417363611427703e+01 4.870218882772400093e+01 5.182154995647352536e+01 3.901765479464580011e+01 5.304153669377030411e+01 7.301431616960834958e+01 8.365099482954872201e+01 9.519035642508833917e+01 9.962437107377765244e+01 9.134382750728960332e+01 9.134382750728960332e+01 9.134382750728960332e+01 9.719994586823138150e+01 8.309403842715150290e+01 6.313119786150894441e+01 5.312762487775797382e+01 4.689977809237201001e+01 6.690305963435264403e+01 7.924734068551563837e+01 8.752379042694313682e+01 8.994037879426949189e+01 7.029256196573788884e+01 5.640319452756219931e+01 4.650316642556244773e+01 3.945087305535083289e+01
8.023991185656004221e-02 2.008023991185620361e+01 3.315675039754784592e+01 3.315675039754784592e+01 4.464609787751368941e+01 2.636752503795831259e+01 4.464609787741885327e+01 4.733481094865580729e+01 3.113310314158931291e+01 5.068380322685386119e+01 3.497986302984472928e+01 5.495272515930582813e+01 5.574153862608690702e+01 5.574139253665931903e+01 6.005752540841954357e+01 5.889162963005266960e+01 4.785573377287526142e+01 5.538674084306121159e+01 6.692480855854805100e+01 8.691736560592447347e+01 9.792296930821977696e+01 8.932441404626470671e+01 8.983353826367306283e+01 9.842903972819618730e+01 1.030735526171685734e+02 8.309403842715150290e+01 7.311261814433018458e+01 7.161431864368081790e+01 5.162613948314808709e+01 6.576825001893412548e+01 8.572797680410816668e+01 9.609273726197787369e+01 8.625781923073111557e+01 7.808431143545647046e+01 7.154485251769587251e+01 5.910205849171816794e+01 3.929876084543860060e+01
4.598823041778624804e-02 1.418812385414886101e+01 3.418812385414956623e+01 5.311113923062502806e+01 5.464298131474266285e+01 4.635601608070984980e+01 5.464298131474266285e+01 5.884552591973436364e+01 4.494715955236806337e+01 5.582832690893169314e+01 4.909901964603792379e+01 5.128509654867817602e+01 7.127202401096685946e+01 7.572648129190176292e+01 7.870169800800177029e+01 7.609993924782926911e+01 6.782031997391126765e+01 7.537465318962101435e+01 8.365099482954872201e+01 8.110565916376472728e+01 8.581878039114084800e+01 6.827388271112515383e+01 6.878323521114982952e+01 8.632619071468621996e+01 9.681202112915677560e+01 1.013687983202387812e+02 8.572797680410816668e+01 6.576825001893412548e+01 5.980182399186372777e+01 6.576825001893412548e+01 8.572797680410816668e+01 8.789323453816912490e+01 6.827538833274405761e+01 5.846593468217432132e+01 5.187932009878851147e+01 4.614224741333995894e+01 5.333659346777210430e+01
7.340434288523949025e-02 2.007340434288488495e+01 2.933751906926109498e+01 3.450149686420391504e+01 4.082605218454056484e+01 4.789711999640591245e+01 5.618139124373518456e+01 6.772839662743521671e+01 6.453328619930807974e+01 6.654275739015413649e+01 6.908496009356659329e+01 7.127202401096685946e+01 6.686280003836787955e+01 6.722589964860786438e+01 5.723018457757741118e+01 6.147326775070876437e+01 6.989471650849992557e+01 8.308525301398215390e+01 7.497014753456940639e+01 6.021654192062911903e+01 7.497014753456940639e+01 5.628721793241620475e+01 5.678785967412255786e+01 6.715361395937958378e+01 8.205778448453355622e+01 1.030513801729149037e+02 9.400898818087527786e+01 8.572797680410816668e+01 6.873743576135420597e+01 8.572797680410816668e+01 9.400898818087527786e+01 9.609273726197787369e+01 8.625781923073111557e+01 7.808431143545647046e+01 7.154485251769587251e+01 5.604513862767822019e+01 7.302112234591658080e+01
3.515918393995972474e-02 4.623473861351175884e+00 9.337519069261452032e+00 1.450149686420462913e+01 2.082605218454127538e+01 2.789711999640662654e+01 3.944412538019873438e+01 5.944412538019802383e+01 5.757082936109184601e+01 4.374101160927349952e+01 5.757082936109184601e+01 6.108664389992970456e+01 4.685224231426961694e+01 5.562947476629805266e+01 3.821412660669687256e+01 4.136423302409625080e+01 6.147326775070876437e+01 6.227798030497339710e+01 6.227798030497338999e+01 4.574888616495649529e+01 6.113864910781808248e+01 4.720290496591009344e+01 5.738068709642120524e+01 7.212167080109740880e+01 9.315490425775263361e+01 1.033014834071148158e+02 1.056184586672051893e+02 9.696753140591037834e+01 8.283397164183264749e+01 9.696753140591037834e+01 9.908110949502318476e+01 9.690138513245130980e+01 9.486184491641535033e+01 8.661509027738036082e+01 8.386139793164134915e+01 7.569066597189991796e+01 8.386139793164134915e+01
4.608085242692564615e-02 2.004608085242657012e+01 2.933751906926109498e+01 3.450149686420391504e+01 3.450149686420392214e+01 4.789711999640591245e+01 5.618139124373518456e+01 5.056825325239411484e+01 4.794437556431857672e+01 2.836554882521599197e+01 4.794437556268142231e+01 4.991684356839053294e+01 3.280557324448993484e+01 3.872696131471118974e+01 2.708528814679531393e+01 4.136423302409625080e+01 6.147326775070876437e+01 6.059937770110517619e+01 4.179540410565792996e+01 3.676893925302876198e+01 4.069422049082724868e+01 5.236645502286263110e+01 7.317298367727813968e+01 8.692588540589754587e+01 9.680456184628830840e+01 8.163578380761241249e+01 8.401770885633695229e+01 1.056184586672051893e+02 1.028078921531307515e+02 9.908110949502318476e+01 7.929856153294046806e+01 7.714106210590527724e+01 8.661509027738036082e+01 6.689984947971295526e+01 7.267430981662404577e+01 8.087963129743192781e+01 7.317301055680617594e+01
1.610643649003322755e-02 8.960378346489269674e+00 2.050738373028199035e+01 4.050738373028269734e+01 5.450149686420247264e+01 5.435711648798119455e+01 4.588798599359392938e+01 3.075604121131365076e+01 3.083667978506786156e+01 1.931999973426029271e+01 3.369482217984035799e+01 2.946327495952670716e+01 3.485120995736878768e+01 1.869157342742657946e+01 3.872467624964211552e+01 4.266633154298880015e+01 4.441938194319646982e+01 4.750292250664835336e+01 3.176062524136954224e+01 5.203796720623619620e+01 6.113864910781808248e+01 6.976343568734255030e+01 8.172091911188282154e+01 9.139005926778915523e+01 8.798152030115605271e+01 6.616794848343008084e+01 8.785808342825130524e+01 9.668211666966367090e+01 1.091091068188305826e+02 9.690138513245130980e+01 7.714106210590527724e+01 6.324830591503769028e+01 7.308851631849076114e+01 6.830168645564435792e+01 5.292648347142025500e+01 6.240588451144953552e+01 6.496225701477857228e+01
2.022278438842990689e-02 2.002022278438807490e+01 3.724464959385495888e+01 4.879165497795495554e+01 5.000794582142679445e+01 4.170498093524675198e+01 2.562791400423919796e+01 2.838241134756487938e+01 1.082864297420583277e+01 1.223344866654134222e+01 1.367167392405917958e+01 1.512195658648077412e+01 1.658834313826295315e+01 3.659435501704500382e+01 2.091423984273562908e+01 2.255299530448580114e+01 2.420957879586181960e+01 2.727348341207159521e+01 4.750292250664835336e+01 6.054109547549307990e+01 7.114600699468292078e+01 8.220214370829096140e+01 8.683420241572814291e+01 7.013569452519915615e+01 7.018312526979386234e+01 5.887333939480298284e+01 6.608576243863264210e+01 7.866930179366035247e+01 1.004101925608875234e+02 9.448056472252397953e+01 7.474500321866520380e+01 6.084922998281444961e+01 5.335191118211390915e+01 4.850725002345659931e+01 4.538000377024496146e+01 4.254636438491468908e+01 5.851104950789273573e+01
6.642187732006160639e-02 1.463871173154314143e+01 3.610902910982353120e+01 4.126973042457652951e+01 4.170639710906064579e+01 2.167974806939635357e+01 2.702716450553614180e+01 9.167953986368232222e+00 2.917259519717207894e+01 1.392134821021379665e+01 3.367006216997958745e+01 3.514768215903040982e+01 3.661620252300748746e+01 4.462247408482603106e+01 2.650200875873684581e+01 4.260645980161815061e+01 4.441938193909981436e+01 2.704284850943423635e+01 4.748010802922023998e+01 4.268165449830067359e+01 5.434088986692290746e+01 7.401662285233626903e+01 6.523528584626126303e+01 6.486729802654802768e+01 4.967122051237482339e+01 5.424059920883066610e+01 6.440277032019659487e+01 7.696479450967970593e+01 9.875137236303785926e+01 9.448056472252397953e+01 7.474500321866520380e+01 7.438872290018129263e+01 5.466447049342971809e+01 6.830168645548549478e+01 6.521031442911382214e+01 5.014647470754358949e+01 3.861751812652953220e+01
1.591255364720534082e-02 1.880835618559135725e+01 3.046919955232777966e+01 1.838491482957313039e+01 2.481402311925556958e+01 2.591728537755103545e+01 7.529785847638450491e+00 2.753484067691705306e+01 2.917371966435900177e+01 3.389912263402097636e+01 1.704475317535412771e+01 3.701514856877876269e+01 4.846310361679800849e+01 5.385173436036580341e+01 4.584316299862678079e+01 3.501736335690063129e+01 5.326075413324134900e+01 4.621808279943631703e+01 2.993764569537979980e+01 5.020919628517393818e+01 5.560907182738717580e+01 5.802155296222793623e+01 6.047715196625895118e+01 4.471814381676373529e+01 6.488576384638967909e+01 7.528782808433339824e+01 6.728759485683188757e+01 8.905430317315624222e+01 1.074658653206177803e+02 1.027529895299197449e+02 9.448056472252397953e+01 7.890370135807405916e+01 5.922336653077793756e+01 7.890370135776497307e+01 6.993741752789790667e+01 6.671284406765967390e+01 5.014647455818037969e+01
6.189296070378335485e-02 2.004263893342653802e+01 2.217388973490252013e+01 3.714387217781330630e+00 4.811223670541503239e+00 5.913329300028275171e+00 2.591728537751301431e+01 3.582374461323115611e+01 4.917755647660400342e+01 4.525166612324461113e+01 3.117289330704124595e+01 2.026410564867884645e+01 4.022958780150966618e+01 5.178172506928152075e+01 6.017555852542099615e+01 4.772143623335514206e+01 4.572706028930338817e+01 5.482621883421585807e+01 5.009707444659882469e+01 3.297953962409950179e+01 3.519490407072724736e+01 3.755704680887721736e+01 3.996863018273055701e+01 4.357538075014942081e+01 6.388770675624223117e+01 7.818332645566033534e+01 8.905430317315624222e+01 8.905430317315625643e+01 1.105225770717474205e+02 1.090834375513370276e+02 8.920003741454884505e+01 7.528080299098806449e+01 6.470015125271945067e+01 8.435496621830537833e+01 8.970907421005910010e+01 7.814046058969695707e+01 6.993691448082725515e+01
2.247884206357958492e-02 1.097124586983959649e+00 2.172827661033747138e+00 1.210287783737728340e+01 2.467260956293263519e+01 1.992981061426187139e+01 1.258298140918720875e+01 3.257555641839020666e+01 4.817098369734431884e+01 5.933288831224017201e+01 4.846310712049780278e+01 4.022958780150003122e+01 2.359083569646128353e+01 4.355297526338096503e+01 5.567918663519829181e+01 6.433848226004049309e+01 6.201828197251489883e+01 5.740511943876768441e+01 6.088059719671885262e+01 4.884145448480006735e+01 4.234439009677296895e+01 5.802160822283919828e+01 5.435497904741221475e+01 6.388769666168282413e+01 4.882703957786571181e+01 6.938097810343558081e+01 8.260218278394737013e+01 9.027401366783432479e+01 9.902223046455556243e+01 1.097088155914993735e+02 9.574803443032303107e+01 7.601466144348501075e+01 7.449764181743269376e+01 9.259143079077695404e+01 9.777880585156243853e+01 7.798823038650522221e+01 6.405320833313214735e+01
