LEM/with_lateral_4open/elevation_000380.asc
nrows	100
cellsize	150.0
xllcorner	0
ncols	100
yllcorner	0
NODATA_value	-9999
[rows 0 to 16 of 100, columns 0 to 36 of 100]
8.271705653423140625e-02 2.127631151761726416e-02 9.425194436011796739e-02 4.939197167322698090e-02 3.975871534419905817e-02 6.171646774684565184e-02 1.696294146011132625e-02 1.936121709489252440e-02 4.216450047424835645e-02 2.297044857093000214e-02 6.704298068806634203e-02 4.162315340452049650e-02 3.835349583220235004e-02 2.777463300387698203e-02 2.207885817162396139e-02 7.161913568127860341e-02 9.025521335945362045e-02 3.502399586135773735e-02 8.040414306008919487e-02 3.131346976591601466e-02 7.604099264847130613e-02 2.387740603804927586e-02 5.687112022313325910e-02 4.074439634684711570e-02 8.709178300582484655e-02 7.612946965408906586e-02 1.077918208624280109e-02 9.929772718869623455e-03 4.600412614040166881e-02 2.152795518990661267e-02 2.378824418737431057e-02 9.511189423522797837e-02 9.406546861214974686e-02 1.749038473908382007e-03 2.223905489293687143e-03 6.269637160239108220e-02 9.476101746191394060e-02
7.813061968023242432e-02 2.002127631151726206e+01 2.009425194435976181e+01 8.214357780950559018e+00 2.003975871534384368e+01 2.006171646774648920e+01 3.668446658161226281e+00 2.001936121709453786e+01 2.004216450047389131e+01 1.416510855260903767e+01 2.006680720226342274e+01 8.206588962674478793e+00 2.003832246821549390e+01 2.002771972473646755e+01 2.191383436358190107e+00 2.007161913568092260e+01 1.163692827632909399e+01 2.003502399586100324e+01 2.008040414305973442e+01 3.566847375698660727e+00 2.007604099264811737e+01 2.002387740603769473e+01 8.221836929500465629e+00 2.004074439634649352e+01 1.163413444270593544e+01 1.421826509338516509e+01 2.001077918208588713e+01 1.147690020696019442e+00 2.004220518864076794e+01 1.964436445704924949e+01 1.416592612346223135e+01 2.009511189423487210e+01 1.009406546861223752e+01 2.000174903847355168e+01 1.000222390548920615e+01 2.006269637160203700e+01 2.009476101746155763e+01
2.526786264046545702e-02 2.002526786264010994e+01 3.649862902846680157e+01 1.976136316474327970e+01 3.649862902832345668e+01 3.195271790520955690e+01 2.366844665816158155e+01 9.111757197679446918e+00 2.911175719767980397e+01 3.416566596551508894e+01 2.820633544693585648e+01 2.234872794949956543e+01 3.648974683458210677e+01 2.437379808071002074e+01 4.373562338718123499e+00 2.437380122117027881e+01 3.156447216581639381e+01 3.983785839836169629e+01 2.715895341623453163e+01 7.158953416234174583e+00 2.715895341623381753e+01 3.650610817696136223e+01 2.236397255323166888e+01 2.822183692950082090e+01 2.577830626178939966e+01 3.421826509338586675e+01 2.228760681608495986e+01 2.287295785292401185e+00 2.228743044946331153e+01 3.249236576572854318e+01 3.416634410342103223e+01 3.837833685795324357e+01 2.423620109234343900e+01 3.000222390548885087e+01 3.000222390548885087e+01 3.339389933838437940e+01 1.388124727465334018e+01
4.163169627051844027e-03 1.414629879335787699e+01 3.414629879335716822e+01 3.976136316474398313e+01 4.804563441229705489e+01 4.176086783835388871e+01 2.176086783835318528e+01 2.911175719767980397e+01 1.560061404291000642e+01 3.560061404291071341e+01 4.820372251451946255e+01 4.234954394143498746e+01 4.031032936441582848e+01 2.185005487815898917e+01 6.595784560940354702e+00 2.096843877456744920e+01 4.210118157467683631e+01 4.715895341620984738e+01 2.715895341623330594e+01 1.532391922551136432e+01 1.348350873657087767e+01 3.348350873657484073e+01 4.236397255323237232e+01 4.822183692950152789e+01 4.583333385035087559e+01 4.105815197622047918e+01 2.194631955261901624e+01 2.102380472750511942e+01 3.914872702834717000e+00 2.427023022174243749e+01 3.337133353839291061e+01 4.174947773702920273e+01 4.423620109302167691e+01 5.000222390548813678e+01 4.469486024678409564e+01 2.512102177908601064e+01 2.962744106686773193e+01
5.883922493566802470e-02 1.420097484866649218e+01 3.420097484866577986e+01 4.693507539468487266e+01 5.521934664214707311e+01 5.004513908595338734e+01 3.590300346208463367e+01 4.045132654363745672e+01 2.045132654363674973e+01 3.459346216736820168e+01 5.459346216736890511e+01 5.206389043789899773e+01 3.002829546285407147e+01 9.654178490286730252e+00 1.142818815426457846e+01 2.078888866701869276e+01 4.004733232506630003e+01 4.946605484923265550e+01 2.946605484924206664e+01 3.532391922550854702e+01 1.819755394448111119e+01 3.233968956821156127e+01 5.233968956820842067e+01 6.346722777300071527e+01 4.335906601731221599e+01 2.916677988785560061e+01 3.270369921200063601e+01 2.492700228197528389e+01 5.071502566808902657e+00 9.330080578245768308e+00 1.376421558800881684e+01 2.751805603678691980e+01 4.751877208466622449e+01 6.085419199843118321e+01 4.106313331048611559e+01 4.469486024678409564e+01 3.288443127723298431e+01
1.256007409845548775e-02 2.001256007409810067e+01 3.060514377612900105e+01 2.693507539468416923e+01 4.596048283545786006e+01 5.596048283545803770e+01 5.590300346208533711e+01 4.711799321030424181e+01 2.711799321030353482e+01 3.459346216736820168e+01 5.459346216736890511e+01 4.642933631746885226e+01 2.635397578270938368e+01 1.195718325190557252e+01 2.914048182628393491e+01 3.700230724205755450e+01 4.803852481040565436e+01 5.775032607639803928e+01 4.946605484923265550e+01 2.974455932827342508e+01 2.714182585448011054e+01 3.233968956821156127e+01 5.233968956820844909e+01 6.556935502682840422e+01 4.552936212870385901e+01 3.285561069300099035e+01 1.281159499013885217e+01 6.780218011901983033e+00 2.507504066681084964e+01 2.897322958090540013e+01 3.337133353856309981e+01 2.107708538969162504e+01 3.494413084890836529e+01 5.529133050681122086e+01 6.085419199843118321e+01 5.032494206760319599e+01 3.061577486847093610e+01
9.594114293757748102e-02 5.259918937880821765e+00 1.060514377612935633e+01 1.767621158799495618e+01 2.767621158799513381e+01 4.767621158799583725e+01 6.126012883403569020e+01 4.126012883403498677e+01 3.866499859409645978e+01 5.459346216736890511e+01 6.287773341535685745e+01 4.948428117705208251e+01 2.945166806505286416e+01 1.508825984360551864e+01 1.830414996050906495e+01 3.258792728927925708e+01 5.260751531030564365e+01 6.516129785789229345e+01 5.802883057086827989e+01 3.974455932827306981e+01 3.714182585447975526e+01 5.233968956820844909e+01 6.062396081006698267e+01 5.971966500568989034e+01 3.965154622332359935e+01 2.547350018239116309e+01 2.801032885289275143e+01 8.015822471848350617e+00 2.216061491012076701e+01 4.215018961921840912e+01 4.769090532075604472e+01 2.747357894818501833e+01 4.090368765055134048e+01 6.131046341365976104e+01 6.180538791198073056e+01 4.191961299185064149e+01 2.807528854240487703e+01
7.711341127313005306e-02 2.007711341127277649e+01 3.060514377612971160e+01 3.767621158799565961e+01 4.596048283545786006e+01 5.596048283545803770e+01 6.954440008218597313e+01 6.126012883403569020e+01 5.866499859409716322e+01 6.694926984214068000e+01 5.913311463619843522e+01 5.084575882368316968e+01 3.849863144372007184e+01 1.838941154065625483e+01 3.845152886407691994e+01 2.528844651448560654e+01 3.686852683570280220e+01 5.687319198320439284e+01 6.802883056819663921e+01 5.388669495200352344e+01 5.128396147821020890e+01 6.542609709538363916e+01 6.327163889024831178e+01 5.503102633892788020e+01 4.995769214984854045e+01 3.862863172182296978e+01 2.918948219428388313e+01 9.260969254752398072e+00 2.681881638443104876e+01 4.810621379791023600e+01 5.587719473622137656e+01 4.164360356133818897e+01 4.164360356133818897e+01 6.229038324410547034e+01 6.399095909285137651e+01 4.409203325485563596e+01 4.541007004885241827e+01
2.297228869525369793e-03 1.414477671166453376e+01 3.416379976444894595e+01 4.059856064974458434e+01 4.887026155660568350e+01 4.871598753436823870e+01 5.700608543908094106e+01 5.951808057087197312e+01 6.780093913117488569e+01 6.239428350774200993e+01 4.239165200251189702e+01 3.084354021996650275e+01 2.326017572590922811e+01 3.849863144377837187e+01 3.849863144377837187e+01 4.532349317524601418e+01 3.348559199993891156e+01 5.349043691130658829e+01 7.332883597284225630e+01 7.388669495198890047e+01 7.128396147819903206e+01 7.041033215129247935e+01 5.503102633892788020e+01 3.518812843917677213e+01 4.041959665604497332e+01 2.472635116784776699e+01 1.105342732599554800e+01 2.787340700630888435e+01 2.224108784943718575e+01 3.284296667222887578e+01 5.132557736818987593e+01 6.229038324410547034e+01 6.229038324410547034e+01 7.085533859677242674e+01 7.226723501499114377e+01 5.427750431808845377e+01 3.445025644508250195e+01
9.647730019007895452e-02 2.009647730018972211e+01 2.595995156296038076e+01 2.059915855222726577e+01 3.238482273697730562e+01 2.871541859916047557e+01 4.537646443055134426e+01 3.951881523135626395e+01 5.951808057087197312e+01 7.068301536305817478e+01 5.913311463619843522e+01 4.713548062904978764e+01 2.713107416520296411e+01 4.713548062904978764e+01 5.850807682951128186e+01 6.177819279940145236e+01 4.503565399682840109e+01 4.503565399682840109e+01 6.503988515596635978e+01 8.060292578659448282e+01 7.233568672263331223e+01 6.216043007698486633e+01 4.233145863789642505e+01 4.099997867562157694e+01 2.108316849111817604e+01 3.237465736240736192e+01 1.233120802482878631e+01 1.916089049578937065e+01 3.602641884303009334e+01 4.813635850969569674e+01 5.904693238554428092e+01 6.508610039310191553e+01 7.318235064030007209e+01 7.930067994643496831e+01 7.428554683801399960e+01 5.427631743227375694e+01 4.246842281118383511e+01
3.582433992925927735e-02 2.984663463027195540e+00 5.966087433026902254e+00 9.052154432268714856e+00 1.238548776560201858e+01 1.871004308571416175e+01 2.537670974538141877e+01 3.692370861762077539e+01 5.106571549060127779e+01 7.106422599258226569e+01 6.276620469583100004e+01 4.276393667541613297e+01 3.121825074751676610e+01 4.535899926178402097e+01 6.536250303627404890e+01 7.332883597292644140e+01 6.503988515596641662e+01 5.917911902221543841e+01 7.332883597284225630e+01 6.987014708885207881e+01 5.249579015243929092e+01 5.613647900711019645e+01 4.597014269365556061e+01 2.608948657452533482e+01 3.684477593544253438e+01 1.654933304160656604e+01 1.390740203978932854e+01 1.666123571749297128e+01 1.994841328198665309e+01 4.030539037914473965e+01 4.912454677648180734e+01 4.553750899352426984e+01 6.344992704921984483e+01 5.988755162787539632e+01 7.930067994643496831e+01 7.072048758014507541e+01 5.395582014934661430e+01
1.813270376062421294e-02 2.001813270376026921e+01 2.596600355306871677e+01 2.319428335400940000e+01 3.238537597197028362e+01 1.871004308571416175e+01 3.285216277223728554e+01 5.285165897809383750e+01 6.000645798495175143e+01 6.828933368026861217e+01 7.105503090205728256e+01 5.950524004867852312e+01 4.016162989708180930e+01 3.938250738886866742e+01 4.754545555111484134e+01 5.909223557487430156e+01 7.910318934799644808e+01 7.918902624196491047e+01 7.566424493421200737e+01 5.580119371832518027e+01 4.185162825362855443e+01 3.634215938543965763e+01 3.163760326507180309e+01 4.597014269365553218e+01 4.537066248813479064e+01 2.810023478790320439e+01 3.394890564989594850e+01 1.615021049447983970e+01 3.619727519334676202e+01 2.527435816290812198e+01 2.919158576886223955e+01 3.640646654010746630e+01 4.395227012881539252e+01 5.776765564249084406e+01 7.716814374442992630e+01 8.228639724888709850e+01 7.398637015218514534e+01
2.372884694381488524e-02 1.416586447067489019e+01 3.416586447067559362e+01 4.319399288694085470e+01 4.699347214954322993e+01 3.285216277223728554e+01 2.626933251778034162e+01 3.293599902671738278e+01 4.000706581329524880e+01 5.155402653594880036e+01 7.155269406803641630e+01 6.845118187101201102e+01 5.170674225002340307e+01 5.352303898569766005e+01 5.571151503254660753e+01 6.754985980034315673e+01 8.739312733287746937e+01 8.304582110696699715e+01 6.310279414671658316e+01 5.170618432579513524e+01 6.161894672440282505e+01 4.566720245297219094e+01 4.566720245295869773e+01 5.970307944975178316e+01 5.639201814206467844e+01 4.809262191546321219e+01 3.779754139368832000e+01 1.774625849470129424e+01 3.779754167415043042e+01 4.542320013187954686e+01 4.912468227148283972e+01 3.663806744682416650e+01 4.330147885211269454e+01 5.712707337844952349e+01 7.652705279329516941e+01 9.336673261500810383e+01 8.185116613590869861e+01
8.175220331382776484e-02 2.008175220331347077e+01 2.939360689579396890e+01 3.767783358751855616e+01 4.922487301947761296e+01 5.285165897809383750e+01 4.626906972414445107e+01 4.259917837908292881e+01 6.000645798495175143e+01 6.828933368026861217e+01 7.983498774760005290e+01 8.000313641526180675e+01 7.171349776314090718e+01 7.353052499677663434e+01 7.571975765747015430e+01 8.400937213276560556e+01 9.585190409931426814e+01 9.132671607023249294e+01 7.980434819477163444e+01 6.310279414671658316e+01 6.548231015615006356e+01 6.548231015615006356e+01 6.548231006211481997e+01 6.902468347332508358e+01 6.070947333287143266e+01 5.361887013528343005e+01 3.352967663664674092e+01 1.935827814307456052e+01 3.353128943048082533e+01 5.365959493001659553e+01 6.438404599100643111e+01 5.060962561611058419e+01 5.630662348015648178e+01 5.461381249860482967e+01 6.579755331162527909e+01 8.521491870855051332e+01 7.355125685546749992e+01
9.124702163186203252e-02 4.679561699043078171e+00 9.393606906953353430e+00 2.094061229074566555e+01 4.094061223161136098e+01 5.214759162535812465e+01 6.043185664388678902e+01 6.259821362112464271e+01 7.088093319648606894e+01 7.896283843778759604e+01 8.323177887654520646e+01 7.743356518553417800e+01 8.002493067763772672e+01 7.424976136977504382e+01 7.221710209569566530e+01 7.440410217435065476e+01 8.268800990460141520e+01 9.238673425880089951e+01 9.132671607023249294e+01 8.304582110696699715e+01 8.539633687623485514e+01 7.527226601383749482e+01 6.696410952193498645e+01 5.741728463480998812e+01 4.059276855778987425e+01 4.666079802729234416e+01 4.105714253176645911e+01 2.099803382208111557e+01 4.101954824377602193e+01 4.446442586019547605e+01 6.451469267795492613e+01 7.006039298834660656e+01 7.576667622677523184e+01 7.400429756968243566e+01 8.211166229524189930e+01 8.792691260399064390e+01 7.980563770588837258e+01
2.239863785106879432e-02 2.002239863785071350e+01 2.939360689579396890e+01 1.792163556117762013e+01 2.458830222784417074e+01 3.214759168802844869e+01 4.628972731163266019e+01 6.628972709809548292e+01 7.310644506456384306e+01 5.900711084814687979e+01 6.334781434553824653e+01 5.751330531140376223e+01 6.013684690099595542e+01 5.430439745033891796e+01 5.222632974512696791e+01 5.441308838146434823e+01 6.410907590984798787e+01 7.945970065402499927e+01 9.100309025798934215e+01 8.848943359707789114e+01 8.020042349506569224e+01 6.696410957613011306e+01 4.683745820454125663e+01 4.909508643612613810e+01 2.902142671907087745e+01 2.659266372638420250e+01 2.424770831806810989e+01 4.105714237758854779e+01 2.440855856062141527e+01 4.447313229995419448e+01 5.764388478928528770e+01 6.401134170642217214e+01 6.401134170642217214e+01 8.410036350712253750e+01 8.792691260178060020e+01 7.662288183481416581e+01 6.023780518599067335e+01
1.766589122093755945e-02 1.415979932787894668e+01 3.415905318466541019e+01 3.792163554416092097e+01 4.458830218879023732e+01 5.214759162535812465e+01 6.043185664388678902e+01 6.506746445657735478e+01 5.678501435242484519e+01 4.487505777832240739e+01 5.072617107055407359e+01 4.338280427122690952e+01 5.945795877018332476e+01 4.017270314678919618e+01 3.808897973596171482e+01 4.411789396905235350e+01 5.118653917464443026e+01 6.272767582612878101e+01 8.271815373328645649e+01 8.020042349506569224e+01 6.008516516744447244e+01 6.597678792628551037e+01 5.273241784577649582e+01 3.264460116967393333e+01 4.909508690474252290e+01 3.816230062938271317e+01 3.842411276404622811e+01 4.728345062950183575e+01 2.721376272867007984e+01 3.197742092716088536e+01 3.753196387317662186e+01 4.387567494527527856e+01 5.811978274857450799e+01 7.823482324597885906e+01 7.980563770588810257e+01 6.023780518599067335e+01 4.893434189675239310e+01
