LEM/with_lateral_4open/elevation_000512.asc
nrows	100
cellsize	150.0
xllcorner	0
ncols	100
yllcorner	0
NODATA_value	-9999
[rows 51 to 67 of 100, columns 37 to 73 of 100]
4.054100603217076326e+01 6.094193731685867021e+01 7.179790729280050243e+01 7.611811535240852322e+01 8.448237253389558532e+01 9.463962686605438535e+01 1.121778286684455423e+02 1.007516791853546323e+02 8.088440584903128183e+01 9.680494977542515755e+01 1.146728291319209347e+02 1.171750212690296706e+02 1.353013758435609191e+02 1.200849853654381008e+02 9.982493647659777025e+01 8.825514022522357038e+01 8.074906004762624434e+01 7.415196683145330780e+01 6.948379107184675263e+01 6.514985887625357464e+01 6.108273574828491803e+01 5.716357591085914436e+01 7.176342753923765372e+01 6.614017852426921706e+01 4.615378321011225182e+01 5.373154009362131234e+01 6.524866591287619144e+01 8.519982003889727196e+01 7.623582358203597664e+01 5.631388261822228003e+01 7.623582358203597664e+01 8.107979171972189647e+01 6.120033468661141285e+01 4.711087695507907114e+01 6.138181987268772843e+01 4.721749756337418802e+01 6.713009024523580592e+01
4.534852989829244763e+01 4.300643816135744402e+01 6.339018959647734164e+01 5.566389671090296787e+01 6.591057320003056930e+01 8.632570443499986368e+01 9.868157123076146320e+01 8.465545410714280194e+01 7.603703457471188187e+01 8.599614979745946641e+01 1.023274093049551112e+02 1.259981016700254628e+02 1.249114170705982474e+02 1.165956106661047755e+02 1.167902906383619666e+02 1.083878406856710939e+02 1.007783951658854136e+02 8.820931004422658361e+01 8.940044453214314046e+01 8.505487372940730495e+01 8.099227278818223397e+01 7.708407976207044499e+01 7.366801743174102057e+01 6.415765650575910684e+01 4.420541637821460057e+01 6.419896683782403102e+01 8.199757155965146183e+01 7.353038844868711976e+01 6.523398568142144427e+01 5.159824893110034338e+01 7.154017706539910648e+01 7.693471624299884581e+01 5.704558129058882798e+01 4.292356951745368576e+01 4.142080778672440289e+01 6.138181987268772843e+01 6.814784297614231434e+01
6.574652670778422703e+01 6.339801128372423733e+01 4.549447401566575166e+01 6.589122798572239503e+01 8.448237253389558532e+01 9.463962686605438535e+01 9.055417490906715727e+01 7.015620724154841525e+01 9.052401196695404906e+01 1.045412034376767707e+02 1.159833164074532448e+02 1.249114170705982474e+02 1.134301137014313241e+02 9.678808223404190869e+01 1.090481019129899494e+02 1.007931562435017838e+02 1.090481019129899494e+02 1.083280417311906518e+02 1.082575412505530181e+02 1.000005396972912166e+02 8.779333605299154897e+01 6.788099767415468477e+01 5.376373227978577773e+01 5.933051399080383703e+01 4.228610258565507252e+01 5.645453147568900221e+01 7.672966873951141054e+01 6.523398568142144427e+01 4.526432939672940137e+01 6.523398536236283007e+01 7.822850615779205441e+01 8.276185413158665938e+01 6.287097404621537322e+01 5.170798925413100022e+01 3.754152236146723709e+01 5.385824396624236954e+01 4.863902304176409075e+01
8.158870656965106605e+01 6.770307088721835953e+01 4.731610496199449756e+01 6.772506984401401553e+01 7.890148731274960880e+01 9.035525746984136219e+01 8.687846669357529095e+01 6.641826664114532264e+01 7.806495531608626948e+01 9.122510581122226370e+01 1.096140197019270630e+02 1.165956106661047755e+02 9.678808223404190869e+01 8.543348541582989242e+01 9.586068848723888891e+01 8.107050616802304432e+01 9.623414663653041146e+01 1.044756238914393833e+02 9.681884201276304225e+01 8.023856479680476639e+01 8.374756497429214619e+01 6.374990077106539133e+01 4.962597780147810056e+01 3.961117132580474731e+01 5.706311489695464445e+01 6.481746132922253878e+01 6.821758412398824589e+01 6.124005462544344169e+01 4.125802573901955128e+01 4.995425074995061721e+01 6.409141938243193692e+01 7.563191474307684814e+01 7.986657532341885712e+01 6.578728228902113528e+01 5.385824396624236954e+01 3.384059508346851430e+01 4.256403566719264830e+01
7.608346654637610129e+01 5.560965954645048726e+01 6.772506951224451655e+01 5.006662600250891160e+01 7.050877167660154043e+01 6.996423383284165709e+01 7.878028548258433261e+01 6.296520140094667539e+01 8.347594847315107813e+01 9.760937808552097295e+01 1.058578449788151943e+02 1.158574917624981140e+02 1.134301137014313241e+02 9.586068848723888891e+01 7.614525936135447637e+01 7.119952236529360334e+01 7.650290417861019421e+01 9.305580904981565027e+01 8.859095816877669449e+01 6.881544072759453456e+01 7.717355785074877872e+01 7.793915313350773033e+01 6.791263123347634689e+01 5.706308891630008873e+01 3.706111043250368908e+01 5.368282692942322853e+01 4.762037107327728336e+01 5.209569557793115280e+01 5.095560594330772375e+01 3.580814397440643404e+01 4.736360351737587138e+01 6.732817507556569581e+01 6.994638190107224318e+01 6.882819046543185948e+01 5.140759381045538134e+01 3.141724696670128125e+01 4.855271333425184821e+01
6.527960411668114205e+01 7.608346654637610129e+01 7.487134313095778282e+01 5.448531110115381182e+01 5.318532633155199107e+01 5.542182468684004704e+01 5.824478424045389602e+01 6.419491928249267687e+01 7.045169232480395749e+01 7.735265987890224437e+01 8.757421956164832011e+01 1.076445366093937679e+02 1.120144715739887005e+02 9.223020858491898366e+01 9.586068848723100189e+01 8.484230849262816321e+01 6.507391503024676638e+01 8.484230849260431739e+01 8.746095702696989349e+01 7.717355785074470020e+01 5.732849129764578322e+01 6.781850376221866838e+01 6.206576789503731106e+01 6.481674943852183901e+01 5.455432645149800663e+01 3.455064417708576485e+01 3.331715836190391400e+01 3.209178085315637929e+01 3.094864423112647955e+01 4.904372645041460999e+01 5.756986530757549048e+01 6.411563814983078657e+01 4.997047324069745144e+01 6.057836489488193621e+01 4.061358333641516083e+01 2.905542468013766566e+01 4.905170684348297527e+01
7.448708100377263008e+01 8.165488035410301393e+01 6.130426874521007363e+01 7.487134315128896844e+01 7.366917421861562332e+01 6.461678498333769483e+01 6.160501394383272356e+01 8.215132032005064389e+01 9.084933367302036800e+01 9.760878629791679373e+01 1.058578449788151943e+02 1.158574917624981140e+02 1.203094780630478482e+02 1.033927925416602847e+02 9.197373927814645356e+01 8.110643328400406915e+01 6.130555625409896692e+01 7.599386881886262302e+01 6.767868340977150865e+01 7.102597357051173788e+01 6.781850376218899612e+01 4.789044215330540766e+01 4.209863855856432480e+01 5.659363774381940715e+01 3.700385821313727064e+01 5.455409274137995368e+01 5.331860147515999415e+01 3.534161329296804865e+01 4.942935762812398082e+01 2.942045638046834810e+01 4.791440079647696848e+01 4.686631766395548482e+01 3.582934639395535470e+01 4.479642554930070730e+01 4.672259652668078900e+01 2.660007068561545296e+01 4.677276580693393271e+01
9.480475300662548932e+01 8.672307562709319484e+01 6.645029453513274120e+01 8.672307562709319484e+01 8.516852490517645435e+01 7.919500483803048496e+01 8.215132257761136714e+01 6.833617746750837796e+01 7.620889606812836803e+01 9.200759552769025618e+01 1.143561262001671963e+02 1.186850529116510984e+02 1.072318266994106892e+02 9.515450638297943442e+01 7.542193870038835257e+01 6.398597288379195902e+01 5.999457640102745160e+01 5.614277373084357237e+01 5.359485037469641355e+01 5.112281876888847876e+01 6.481801343743580901e+01 4.486584242386727794e+01 5.953504806377189595e+01 3.950358068717801530e+01 5.688324287044748218e+01 6.531364027055697363e+01 5.858825432841198477e+01 3.863036148643625722e+01 5.772032903536371151e+01 4.791440079683376752e+01 2.790712153703266551e+01 2.686529048256150176e+01 2.581946161148013275e+01 2.469856965817688277e+01 2.340788397433896861e+01 2.252117102228369561e+01 4.139548190692612906e+01
1.009170095369737936e+02 8.084375411296284142e+01 7.329946898202486238e+01 9.343487897945030340e+01 1.054881177165788273e+02 9.956966455124656079e+01 8.872157968848030407e+01 7.534415254683882779e+01 9.505309748702302386e+01 9.034979476651426467e+01 1.093836481808122443e+02 1.103938129772021739e+02 9.063049278299263278e+01 7.926464754388543099e+01 7.042946306608659768e+01 8.376190311963290469e+01 7.980671687737584818e+01 6.763846142352667812e+01 7.347277602285427633e+01 6.761261073603859018e+01 4.767745962102274149e+01 6.376971799778275596e+01 6.731661331510272817e+01 4.864066507593078370e+01 6.803955166423648393e+01 6.346521899277604462e+01 4.355169778567763927e+01 5.858817049705812252e+01 6.686795411545178069e+01 5.231992297156431704e+01 3.308344305880049774e+01 4.686634775746712478e+01 4.582460187927486572e+01 4.332970972831088829e+01 2.355058195833408874e+01 2.251400997626956979e+01 2.143247863063758629e+01
1.091823154323279539e+02 1.009170095369737936e+02 8.497225200628756170e+01 8.757179144742077881e+01 1.075896244166564770e+02 1.161893908762556435e+02 1.043077375748049747e+02 8.812365261207024503e+01 9.213082597084883218e+01 1.093243139478093866e+02 1.172392118468318216e+02 1.108738514256568095e+02 9.110640431698811881e+01 7.974094655992315950e+01 8.182654691766603605e+01 9.838782811326626643e+01 9.562983919816197442e+01 8.740756459781725596e+01 8.209344808652629411e+01 7.114243856060335247e+01 5.122876751404079698e+01 7.110987346740940040e+01 7.010008530671193228e+01 7.108370552381846608e+01 7.797511776035327102e+01 6.701518983472328728e+01 4.713966501415510635e+01 6.701516476533512900e+01 6.079017427778646976e+01 4.092567755901621496e+01 5.231992296899608874e+01 5.989644359518329253e+01 4.758696424472675801e+01 2.756536464960170107e+01 4.079753198470940845e+01 3.697688536952789917e+01 4.018103320962796943e+01
1.174806065250180609e+02 1.132563406547915719e+02 1.049950423861393318e+02 1.075896244166564770e+02 1.158470295675684980e+02 1.201414972148344873e+02 1.192556875233320852e+02 1.112020217308156873e+02 1.112942459253391974e+02 1.189676757161789311e+02 1.293453037497557148e+02 1.191669308948765718e+02 1.077112688899378412e+02 8.958428970101047639e+01 1.015553874941327734e+02 1.098134220355804587e+02 9.921678594182877475e+01 8.209345220738184423e+01 6.224095180793322157e+01 5.689928639349032835e+01 6.276332105694392283e+01 7.936354762282969943e+01 9.167527235238226524e+01 8.241210492750546734e+01 6.420699910045853187e+01 5.256170263691292632e+01 6.701518983472328728e+01 7.169532186189221079e+01 5.129366220503452922e+01 6.079017427778646976e+01 6.919448327769065088e+01 5.204573233619605332e+01 3.199093786078369916e+01 4.758990343359516118e+01 5.457162678196546324e+01 5.781157364082149286e+01 4.640315824014113133e+01
1.180990689615357070e+02 1.098928252486055612e+02 1.180990689615357070e+02 1.169903929222897858e+02 1.088131317556548225e+02 1.005201926728270934e+02 1.061376428095496323e+02 1.159819051902484262e+02 1.137535137796853064e+02 1.219608837048167516e+02 1.096028130261725266e+02 1.235962936177833029e+02 1.176252430065948005e+02 1.093379313315400481e+02 1.176252430065948005e+02 1.049836258710600134e+02 8.514659857253110431e+01 7.113782729396987747e+01 8.209342768149664948e+01 6.321710350734031891e+01 8.258852763747991332e+01 9.081605260142168845e+01 9.712003170408664232e+01 7.837720064364765449e+01 5.867668423781810816e+01 6.656188193434768152e+01 8.063296674545226495e+01 8.007167844701015724e+01 6.310559867773412890e+01 8.007167844701015724e+01 6.865587859894161227e+01 5.530955855938796617e+01 3.525508309054726652e+01 4.945038174808448161e+01 6.945484695964594835e+01 6.769158177164449341e+01 5.294996801847543821e+01
1.082144321920286956e+02 9.014109420439874043e+01 1.082144321920286956e+02 1.088131317556548225e+02 8.922705453607103721e+01 8.668897965791848037e+01 8.894884396450747488e+01 1.079333952981924938e+02 9.403183442682698967e+01 1.105588970827963919e+02 9.566651166507007531e+01 1.137216245098706651e+02 1.142978737237509108e+02 1.061208287115433961e+02 1.142978737237509108e+02 1.049836258710600134e+02 8.514659857253110431e+01 8.514659826450782987e+01 8.993659988320622745e+01 6.985993639757398910e+01 8.993677191946922278e+01 1.002250114595582744e+02 8.052087344887648612e+01 6.917924690230664453e+01 6.436071472269513549e+01 8.406547507580938827e+01 9.470405155655700469e+01 9.177654207488194515e+01 8.342910807116129490e+01 7.415984955301082948e+01 6.034302991603043864e+01 4.028682624261573153e+01 5.530955855938796617e+01 6.361126112556262768e+01 6.705255972647792362e+01 5.625016914620318431e+01 3.950851890372369724e+01
1.000169597265022787e+02 8.020222016067391735e+01 1.000169597265022787e+02 1.088131317556548225e+02 8.922705453607103721e+01 7.530382714816592227e+01 9.496368373684386199e+01 1.017114400730518753e+02 8.258078143158093098e+01 9.496005812865431039e+01 8.575903451044068504e+01 1.055258831733337672e+02 1.043991439219079922e+02 8.630003785168497643e+01 1.043991439219079922e+02 1.132869733111263315e+02 1.049836258710600134e+02 1.049835108568224484e+02 9.845231100431465165e+01 7.988464473441503344e+01 9.844916840649942458e+01 1.077534031303741813e+02 9.712003170408664232e+01 8.890719398095160386e+01 7.128397992833701835e+01 8.406547511089814861e+01 1.039927354642917265e+02 9.205243651927824544e+01 8.042712636635626211e+01 6.583099860782611756e+01 4.575970426987935014e+01 6.034302991603036759e+01 6.865587859894161227e+01 6.705256088232408729e+01 4.714343096716999781e+01 4.800364268810307777e+01 2.803338268647064524e+01
9.341204653789276335e+01 7.354534573604040304e+01 9.341204653789276335e+01 1.049125183605764136e+02 8.993730420213408649e+01 7.006344502476125058e+01 8.993730420213408649e+01 9.351844289434505697e+01 7.366465652825807808e+01 7.511728071030542253e+01 8.917342388545111476e+01 1.089302289990878450e+02 9.621043328161425734e+01 7.625968944361018487e+01 9.621043328161425734e+01 1.082884650981052204e+02 1.025163370888052015e+02 1.043464093799189101e+02 1.085868147957403238e+02 1.006542029865730683e+02 1.095734495401697615e+02 1.077704988280035252e+02 1.073729090649672457e+02 8.738874429431496083e+01 8.263016403505220353e+01 9.936167768822859614e+01 1.001847527697320430e+02 8.368074821962335363e+01 6.357635854302265699e+01 5.196650697411316600e+01 5.995746803396713176e+01 7.415984955281777502e+01 7.473054876568238569e+01 6.650134896026763442e+01 5.079682202807972402e+01 3.082595848469524569e+01 4.800364444973010336e+01
8.767702400996311951e+01 6.777279687799131125e+01 8.767702400992489231e+01 9.673027125167615736e+01 7.691721837722299426e+01 6.502499582671622136e+01 8.529119984402746013e+01 8.088531917887124223e+01 6.665146513220858537e+01 8.069725062881970246e+01 1.005058989928367907e+02 1.029156642867465052e+02 8.956018533561281458e+01 6.948318739829389301e+01 8.956018533561281458e+01 8.850689140755029882e+01 8.270398900504525841e+01 8.606584781793179673e+01 9.500975002051777096e+01 1.033373308093615037e+02 1.016512710847384824e+02 8.744343968388400867e+01 1.016512710847384398e+02 1.073729090649672457e+02 1.025656855976138786e+02 1.109047146338022003e+02 9.177143899933908244e+01 7.152371693517190465e+01 5.986659232426335109e+01 6.357635854302265699e+01 8.001095577824796123e+01 7.796219460445553295e+01 5.811142765102083985e+01 4.660418108420142147e+01 3.953140311470676238e+01 3.285543286583926914e+01 5.282155956789546281e+01
7.770487526979049164e+01 6.261137378292029609e+01 8.253777466280826047e+01 9.639906690670417788e+01 8.109214808791729467e+01 6.025258237379336634e+01 7.571605896828413051e+01 6.120136273437032060e+01 8.088531917887124223e+01 8.286552853101352412e+01 1.026664722728615970e+02 9.471210840298505218e+01 7.469027649843411609e+01 6.355911569110304526e+01 8.376445525379753576e+01 8.777418682040543274e+01 6.849094398697648955e+01 7.247471252912647799e+01 7.513053963384783174e+01 9.505892933423184843e+01 9.258272488605059891e+01 7.315068060859483978e+01 9.258272488605059891e+01 1.061011388671650764e+02 9.790065410668721313e+01 1.061011388671650764e+02 9.440428083017958727e+01 7.414868436845431177e+01 6.893799040247549215e+01 8.368074821962335363e+01 9.205243651927824544e+01 8.619604634080894812e+01 7.473054876566676796e+01 6.650134896026763442e+01 5.497040353597326146e+01 3.501494988944978104e+01 5.497038823048161049e+01
