LEM/with_lateral_4open/elevation_000176.asc
nrows	100
cellsize	150.0
xllcorner	0
ncols	100
yllcorner	0
NODATA_value	-9999
[rows 51 to 67 of 100, columns 37 to 73 of 100]
8.667163964192131687e+01 6.672076803925018851e+01 8.667163964192131687e+01 8.037243524960079810e+01 7.944384994356659035e+01 7.104831581296046750e+01 5.394915535170522247e+01 5.642148342200731292e+01 5.894807397244574787e+01 6.204924709057058152e+01 8.236005101924217797e+01 7.430204380857936997e+01 9.455473628288331156e+01 1.102481484534774268e+02 1.185254912567529715e+02 1.174667161639835626e+02 9.711128824718571195e+01 8.546247474283491385e+01 7.651581651058249633e+01 8.974897361032677168e+01 7.935523460368243320e+01 8.201467933671773380e+01 6.346397301029936244e+01 7.591341543455168051e+01 8.385999793427650673e+01 9.223367068734194163e+01 8.508226184771315559e+01 7.677667906335962300e+01 6.036768866679233270e+01 3.698459246353156260e+01 3.529946245830215901e+01 5.346506518138028952e+01 6.175982962982689628e+01 7.328534876568983236e+01 7.140854167915115625e+01 5.166935505170308573e+01 7.140854167915115625e+01
7.824043376835348340e+01 5.668468277332455330e+01 6.807895530025110986e+01 6.011411256625812882e+01 6.808423920896838410e+01 5.077094215432570223e+01 5.846418296580092999e+01 7.674220688836888371e+01 7.926268756498230061e+01 8.236005101924217797e+01 6.659694604611432567e+01 8.689993804481515838e+01 1.013210316354178673e+02 1.020326254905812249e+02 1.220524193218255817e+02 1.258864535099095150e+02 1.083634920573722553e+02 8.808815610610037083e+01 8.808815610610037083e+01 1.050707148461265064e+02 9.952499788760562183e+01 9.057724557864678161e+01 7.049757682497323685e+01 7.607604645856062575e+01 9.621500866618934822e+01 8.829873842844871490e+01 6.834192082879471286e+01 5.673343668446533883e+01 4.884426608247800772e+01 6.036768866679190637e+01 5.346506518138028952e+01 3.344146259328439896e+01 4.502003424137051013e+01 6.499312941487119133e+01 6.647374502228919368e+01 4.673069056017813239e+01 6.647374502228919368e+01
7.612815619337160911e+01 6.807895530025110986e+01 4.710879285605280131e+01 4.575593031746837624e+01 4.778408156263942885e+01 6.808423920881577374e+01 7.876122449236842726e+01 7.132665693545057195e+01 9.155289418441819294e+01 9.522804463137076425e+01 8.689993804481515838e+01 7.274238936723628512e+01 8.186015091173767644e+01 9.616380007488660908e+01 1.162012234043509693e+02 1.281810482989008051e+02 1.167869472821130756e+02 9.975639008699089061e+01 1.083634920573722553e+02 1.167869472821130756e+02 1.048789741976637941e+02 8.465327561927048805e+01 8.465327561927048805e+01 9.027837542718751251e+01 1.046193803120478236e+02 9.663065200477794292e+01 8.508226184771315559e+01 7.677667906335962300e+01 6.969032650303812204e+01 6.630272466998698633e+01 4.631197454581316464e+01 3.215260903084377020e+01 5.216712969620121498e+01 6.542413288093504775e+01 6.194437769401751837e+01 4.214073152175565440e+01 6.097298518556757330e+01
5.909428081884713180e+01 6.056614162484054020e+01 4.290477479899423940e+01 6.323101140882271665e+01 6.808328226683117634e+01 6.214985547618332618e+01 8.241120922195236176e+01 9.154995657403743792e+01 9.155289418441995508e+01 1.116101764090436035e+02 1.013210316354178673e+02 9.301122060404507863e+01 8.074310155369974495e+01 8.982908952738964103e+01 9.991078297631355554e+01 1.199059479934902868e+02 1.285362937538044150e+02 1.201210120018762382e+02 1.238463369109022807e+02 1.153990025035817979e+02 1.132934423624671041e+02 1.048789741976637941e+02 1.048789741976637941e+02 1.105473091443308817e+02 9.832712222710958372e+01 8.920639706361689036e+01 8.077208936300802122e+01 8.920639704291197347e+01 7.854290181594161879e+01 6.439708644518535152e+01 5.088055046985278551e+01 3.087343322166041659e+01 4.916409662358881150e+01 4.535256844380952401e+01 5.387862436719219517e+01 3.763407770484237602e+01 4.115342349314421000e+01
3.870608147948768618e+01 4.020042222234985019e+01 6.056614162484054020e+01 6.682165210215474360e+01 7.517315101510628494e+01 8.241116035289651620e+01 9.074399539739120257e+01 1.005956797632625239e+02 9.229495254802712623e+01 9.811862055222120205e+01 1.044782728676530752e+02 1.092187576466067043e+02 9.505767440024098391e+01 9.505767440024098391e+01 1.151024057615543512e+02 1.281810482989008051e+02 1.257463338495043104e+02 1.173084537304146409e+02 1.119223705101256314e+02 9.463870351311567219e+01 1.051133012538998486e+02 9.657521202711758690e+01 1.051133012609701751e+02 1.044572719638356233e+02 8.383644371588653144e+01 6.962361408324272816e+01 6.075248277655885687e+01 7.132836125710704778e+01 6.618823583148562761e+01 5.025127112267954743e+01 3.612729969445810241e+01 4.649021946323375687e+01 2.916517903349694052e+01 2.884379998036198955e+01 3.299175166820914029e+01 5.387862436719219517e+01 6.097298518556711144e+01
5.347120364618704969e+01 5.843922181630074419e+01 4.366719718090890723e+01 4.654433109923204626e+01 6.682165210215487150e+01 7.934611364934129085e+01 9.323693328311011896e+01 8.491344421032520984e+01 7.208023225376926746e+01 7.794483977745704806e+01 8.436728656536432425e+01 1.044782728676530752e+02 1.151024057615543512e+02 1.151024057615543512e+02 1.233798408929723536e+02 1.227762626970564668e+02 1.143215385377419437e+02 9.655773711899298917e+01 1.003655645653885387e+02 8.259154429030327549e+01 9.024436922577937992e+01 7.574955662155471714e+01 9.285604445064812751e+01 1.009998109235963710e+02 9.832712222710958372e+01 8.289838585098620172e+01 6.285851540956607408e+01 5.142863999646026940e+01 4.629357065502081525e+01 4.192333216755005054e+01 5.609317125479269350e+01 4.795782333494160810e+01 2.795696035440949245e+01 4.643274903767696316e+01 5.387862422371483007e+01 6.214927041472289915e+01 5.821811999107379876e+01
7.435551554539361518e+01 6.014781303274304491e+01 6.398224418808270997e+01 5.112215205323545320e+01 5.074999116494358731e+01 7.099865521880667529e+01 7.918860405120219070e+01 6.467329586662681606e+01 7.234054421678543179e+01 9.255305414162752697e+01 1.044782727545262446e+02 9.601976774430340811e+01 1.075935814571926414e+02 1.275610005084623282e+02 1.262475293312263602e+02 1.055911073463127678e+02 9.350431686041613943e+01 8.610323589891889640e+01 7.951617766713486901e+01 7.432673697973146432e+01 6.943024855911896509e+01 6.534377944163401253e+01 7.207384480033766749e+01 8.087445339619598883e+01 1.016565056416181108e+02 9.131530884766411305e+01 7.969787157447737513e+01 6.251211530005900130e+01 6.618823583148562761e+01 6.184564890670935000e+01 7.016766016982707299e+01 5.624257042466953749e+01 4.642243923358370949e+01 2.641617842527114490e+01 4.491308817676225829e+01 4.387429565760709949e+01 3.810793342140741657e+01
8.844619924383786724e+01 8.013040298060468558e+01 7.678866606069900058e+01 5.654761525903379749e+01 7.099865521880667529e+01 5.512426120895311499e+01 5.894884110559836898e+01 7.918860405120219070e+01 9.255305486721850627e+01 8.666616024025967135e+01 1.067652757335023495e+02 1.160328057441897442e+02 1.243147728457635139e+02 1.358506884821614733e+02 1.346322661191613861e+02 1.227762626970564668e+02 1.143215385377419437e+02 1.069615392309915762e+02 1.003655645653886950e+02 9.515321784082519230e+01 9.024436922578149733e+01 8.087445339619598883e+01 6.004293527497749494e+01 8.087445339619553408e+01 9.402052805610537689e+01 1.025650647843089160e+02 9.094443524738629492e+01 8.254509642930312907e+01 8.377022651009961862e+01 7.543913135645377110e+01 6.792692032305936323e+01 6.163890180583985057e+01 4.925930070938346717e+01 2.919885658081216917e+01 2.485380822493610609e+01 2.374026975273773132e+01 3.986487273198056158e+01
7.614957597051841276e+01 9.600989958291310700e+01 8.262988274509839925e+01 6.239534287955993364e+01 8.262987605831034443e+01 7.536361178603932842e+01 6.306511029613700003e+01 7.476977193576820468e+01 9.495402070976443554e+01 1.067652757331569120e+02 1.150512365828739263e+02 1.131920151572973623e+02 1.131920151572973623e+02 1.214905117931404135e+02 1.288041647526747226e+02 1.172639460741877571e+02 1.087801906771524187e+02 1.065185968653050566e+02 1.022636744288644763e+02 9.371758294592262928e+01 9.486410230471599903e+01 7.753456696109373070e+01 5.671076427544265641e+01 7.753918886122410470e+01 7.319988062569169074e+01 9.402052805610576058e+01 1.042501780224991279e+02 8.958244125496749177e+01 6.958078057964381458e+01 5.556368916585679330e+01 4.804492883495756672e+01 4.168942914228608743e+01 3.582212284615945919e+01 4.914786353650045925e+01 3.697852162044404878e+01 4.241114570535681594e+01 2.210785965694270772e+01
9.274770476873392511e+01 1.041987224196110873e+02 8.936903419643931556e+01 6.915159406617412685e+01 8.936903419643931556e+01 9.004027594598923656e+01 6.982136584726897865e+01 9.004027594598923656e+01 1.032555459990435480e+02 1.156440646050363910e+02 1.073205492396566427e+02 9.315058668617298565e+01 9.315058668617298565e+01 1.131920151572973623e+02 1.201580658128029029e+02 9.967979064737144768e+01 8.799334277359767498e+01 8.571438904115640867e+01 8.660700650651192234e+01 7.290992697204491435e+01 8.634413578188883776e+01 6.552323002605619706e+01 5.352277511511713470e+01 5.848113367254509143e+01 7.826136824571250372e+01 8.887079626559842893e+01 8.577768782458284136e+01 9.131914178969344675e+01 8.377022651009961862e+01 7.543913135645377110e+01 6.792692032305936323e+01 5.222230065265813437e+01 5.004406931354058230e+01 6.281000809417282227e+01 5.522725858298471735e+01 5.071179325748153133e+01 4.094411110671285314e+01
9.961389798402228735e+01 1.146921276916133507e+02 9.768117727106029236e+01 7.929316402960958499e+01 9.768117727106029236e+01 9.835070759107877336e+01 7.996550276080684228e+01 9.835070759107877336e+01 1.097733135061845076e+02 9.560339404270584396e+01 9.902058518070013804e+01 7.898189424973944028e+01 9.902058518070013804e+01 1.149567925470561818e+02 1.116908822551140616e+02 9.088684451759036165e+01 7.885235759883464368e+01 7.100457623132659535e+01 6.580644411018003836e+01 6.089844056051352794e+01 7.543119407190609138e+01 7.205806435600074167e+01 6.885606789019900020e+01 4.925410797909525229e+01 6.315646949765724116e+01 7.540755858210245322e+01 7.274312749127288669e+01 7.270835399115985354e+01 8.186572967610860019e+01 8.503122361455481837e+01 8.047651234775551643e+01 7.215726851223779192e+01 6.997066960865892327e+01 6.590460403256234656e+01 5.779276174148347422e+01 5.090343516638618837e+01 3.991349916414453247e+01
8.721665211544826946e+01 1.066162495445635727e+02 1.077376029368554242e+02 9.944494042702559966e+01 1.077386946837729198e+02 1.084059100005398761e+02 1.001150491312174609e+02 1.084059100005398761e+02 1.014731705508867918e+02 8.143327992083167999e+01 8.879883086055860986e+01 7.264508111133518753e+01 8.664135392150018333e+01 1.011621880912010738e+02 1.111893792460361823e+02 1.082101223250008672e+02 9.180780043563532899e+01 9.180780043563532899e+01 8.170443847945432481e+01 6.089844056051943255e+01 5.463760836309978686e+01 5.130655862529216904e+01 4.816805984590581602e+01 4.652780254187418052e+01 6.396036229791665306e+01 5.736794421930909493e+01 6.438924494795389819e+01 5.884346995221448395e+01 5.846639876098976174e+01 6.370903400472118960e+01 6.764780417968708548e+01 7.610818881923803758e+01 6.897200440688806111e+01 4.960898821398942715e+01 3.830710141674028080e+01 3.124671079149787545e+01 2.476823999083092431e+01
9.191502653431275860e+01 1.114350898492645996e+02 1.157784345285168399e+02 1.096712610483085086e+02 1.013128554642855619e+02 1.096712610483085086e+02 1.028126747546915851e+02 9.451294549052859395e+01 9.451294549052859395e+01 8.879883086055860986e+01 6.876277168414804919e+01 6.660702520718068342e+01 7.281860159978137403e+01 8.283585523132734352e+01 1.028776801780753800e+02 1.210223892140254520e+02 1.041216601247459153e+02 8.331426597071980211e+01 7.130037145012444455e+01 8.170443847881294630e+01 6.663713332211818852e+01 6.596527313290567918e+01 6.444540989413341947e+01 4.386461859959000975e+01 6.158974223101385803e+01 5.970089307192134243e+01 4.515840476227160849e+01 5.635859077055084043e+01 4.181741551136863677e+01 5.326155152056709596e+01 4.757927321641852103e+01 6.673853430952586052e+01 7.714691595626297271e+01 6.590460403256234656e+01 5.779275523504863088e+01 4.606082441920359116e+01 3.525336552154019643e+01
1.114350736475602446e+02 1.094107199452209045e+02 9.479431277528806277e+01 9.960131330529335969e+01 8.118914770718774321e+01 9.960131330529335969e+01 9.451294549052859395e+01 7.447812466607248894e+01 7.447812466607248894e+01 8.171501420461113696e+01 6.169358300687993335e+01 6.126696686043709406e+01 7.541841806229126632e+01 9.545630029735187350e+01 1.111904347906937005e+02 1.196199543541244736e+02 1.126307581894616163e+02 1.006623503587632200e+02 8.331426597071980211e+01 9.600711694629380588e+01 8.744410445784345143e+01 8.676736356621235302e+01 7.302645860074296991e+01 6.158779151370598726e+01 4.108335360774295708e+01 3.937511715222428421e+01 3.768132054008386689e+01 3.603385012387998643e+01 3.445689310165085573e+01 3.292016066684116993e+01 3.793545809817609893e+01 5.814141460349075885e+01 7.188231859394345236e+01 6.497738119361922315e+01 5.056683799030632542e+01 4.050446454765029358e+01 2.024489469346386983e+01
1.051659590686056021e+02 1.008033437662927696e+02 8.046191957339387102e+01 8.788702170948930359e+01 7.116646076955278488e+01 9.125100158573665965e+01 9.451294549052859395e+01 7.447812466607248894e+01 6.033657054995106250e+01 7.091356378261265547e+01 5.539275393153808835e+01 6.431362876490800318e+01 7.587037253395078551e+01 9.590620492195563429e+01 1.137456077493492472e+02 9.962665903621625318e+01 1.137456077493492472e+02 1.126307581894616163e+02 1.041216601247459153e+02 9.733430985295657933e+01 8.831900695808113255e+01 7.983723681787550674e+01 6.694487874951416018e+01 4.628298796651585434e+01 6.158963543870244450e+01 5.984195370972025074e+01 5.822676089101136654e+01 4.161987140203897440e+01 5.448874051512826355e+01 5.111279728896285235e+01 3.077542460496972154e+01 4.301815602176800013e+01 5.745023730785584348e+01 5.221956879002787133e+01 3.615707431626336898e+01 2.184109929474712430e+01 4.050452601167161504e+01
8.519281166073010070e+01 9.929394591481896271e+01 8.788702170948930359e+01 6.777637530342246919e+01 6.409960013877355323e+01 8.415004408166579708e+01 8.091971805583476396e+01 7.365709627846304386e+01 6.707067775780696195e+01 5.094535799238800422e+01 6.505041642638570920e+01 8.367544471328429267e+01 9.263146005502215985e+01 1.041948999513332978e+02 1.012546575093486183e+02 8.549230462618355375e+01 9.654264582946778717e+01 1.165254049985503997e+02 1.021379561862664502e+02 7.968776547389271059e+01 6.690013030740979616e+01 5.882935367912546099e+01 5.193457028520883512e+01 6.694487874951416018e+01 7.554226558745175168e+01 7.092367495203336603e+01 5.069113811708653827e+01 6.187601913860362401e+01 7.008992087826725026e+01 5.919668578476496634e+01 3.879802211599664474e+01 2.866667702561333186e+01 4.693194166551303681e+01 4.377381175536463331e+01 2.347200103316986386e+01 4.212381678767315663e+01 3.351823781281332515e+01
7.103460794407976664e+01 9.035742633390003675e+01 9.121727227098436686e+01 7.780953698595924095e+01 5.780935054119554195e+01 7.147985965789482066e+01 6.386013126178575305e+01 5.338638245241237001e+01 4.710504655626316151e+01 6.707067775780696195e+01 7.920912332357161745e+01 9.336009798840487406e+01 1.063662589955045945e+02 9.539959403050748676e+01 8.128011910015190722e+01 7.657652445129458840e+01 9.654264582946778717e+01 1.062145351247757361e+02 1.107778811470320619e+02 9.733430985295657933e+01 8.318035626604479660e+01 6.230147828205090832e+01 5.924627720652399177e+01 8.012138099878978892e+01 8.515672324954084615e+01 6.502815331329517790e+01 6.502815331329517790e+01 7.092367495203382077e+01 7.963453388540716560e+01 5.919668578476499476e+01 5.745023729457093964e+01 4.693194166550986068e+01 2.661033725841335595e+01 2.517140405526496139e+01 2.800666496784322845e+01 4.784679738892745604e+01 5.387925628083563367e+01
