LEM/with_lateral_4open/elevation_000175.asc
nrows	100
cellsize	150.0
xllcorner	0
ncols	100
yllcorner	0
NODATA_value	-9999
[rows 68 to 84 of 100, columns 37 to 73 of 100]
6.111482116545248289e+01 7.305332341635784132e+01 7.063167321418278277e+01 8.515749816779430148e+01 7.269112432428356385e+01 5.206049896999711990e+01 4.783136099321553303e+01 6.200349172839214162e+01 4.460560762293928860e+01 6.557586209871807625e+01 8.243062643339214901e+01 9.525042010823167971e+01 9.671869705137505946e+01 7.659517771813905540e+01 6.548320842869192404e+01 8.568782259364043341e+01 8.720548655032187924e+01 8.132093999205004309e+01 1.014120386597176378e+02 1.035899359206671022e+02 8.384425352110230278e+01 7.399096587198694408e+01 7.006312005125631970e+01 8.914873683652724878e+01 9.304964136593443413e+01 8.484149026849840425e+01 8.484149026849840425e+01 9.063679389345946902e+01 8.364955100468067428e+01 7.203381927264582885e+01 5.213717345588860752e+01 4.898258596091081074e+01 2.926161440798468405e+01 4.609262564303175225e+01 4.879995719419863320e+01 3.608151346487341726e+01 4.999088172756860615e+01
6.154972270488971731e+01 5.227920115918750810e+01 5.592126202340377716e+01 7.482039501678286797e+01 8.104652248639015966e+01 7.269160106473323424e+01 6.268795330324775961e+01 4.225993136584782661e+01 4.202759619765391363e+01 5.110610554427093177e+01 6.337690356360577937e+01 8.569332231949833556e+01 9.572512857240006667e+01 8.028791231955486296e+01 6.002414361087996753e+01 8.028791231955486296e+01 6.701275681359859959e+01 7.896183915550579968e+01 9.908534882169230684e+01 9.909166361742147444e+01 1.019102279977382324e+02 8.791350965161461772e+01 8.144336805805558299e+01 9.797536266798540794e+01 1.048047920757881428e+02 9.344167946974135930e+01 8.460918971903195995e+01 7.643372818569407912e+01 6.940765679535529387e+01 5.583686137545433326e+01 5.213717424591942518e+01 3.243678762105087543e+01 4.898258795665056198e+01 5.721109415996998848e+01 6.393702880070208749e+01 5.575590538997520440e+01 4.448813829362039485e+01
8.157077373805969955e+01 6.630127104648475722e+01 4.568458735282060701e+01 6.068307134218164833e+01 6.920065977270685664e+01 7.355629292479143544e+01 5.291038764249287141e+01 3.855138432987100572e+01 5.895743329472656313e+01 6.993003982230050042e+01 7.153318528711713498e+01 8.731408919943801550e+01 8.741551426750363873e+01 6.722202168351984142e+01 5.546016640414702437e+01 6.989766364011396149e+01 5.869372633359348868e+01 7.896183915422204791e+01 8.640388708381235006e+01 7.903052747270105272e+01 9.322902749306399528e+01 1.076614284717299199e+02 1.011498527690634006e+02 1.093807518349256185e+02 9.661056325989012805e+01 7.697096430118635624e+01 6.551089444740701140e+01 5.649075769979587136e+01 4.935965773243915322e+01 5.587031251033739210e+01 3.611640159539914663e+01 5.213717424591942518e+01 3.909708504928386219e+01 4.411672706426822543e+01 6.410618388352280306e+01 7.233239873782511609e+01 5.324095562355663702e+01
9.073844595948364145e+01 7.482441650517415610e+01 6.068307134218164833e+01 4.022313834507545494e+01 5.462907890425008617e+01 7.529870199032912126e+01 5.690336633525745214e+01 3.653911781062819841e+01 5.690317939641031586e+01 4.965475143735409347e+01 6.045675789139365719e+01 8.131507450294189709e+01 9.442914737569408601e+01 7.427312603855092732e+01 6.989766364011396149e+01 4.959024280428197073e+01 6.989765882400655528e+01 8.049939251457024625e+01 6.627099507553859326e+01 6.476493657211803168e+01 8.490629821118307063e+01 9.770977779163263222e+01 1.092893140651047190e+02 1.055586860105184854e+02 8.576454169294540009e+01 8.512482174621204933e+01 7.691192466633349056e+01 7.108374133503697578e+01 6.028071866745409579e+01 4.052494259483029992e+01 4.126282471138065233e+01 6.119828961988608285e+01 5.894492832614246680e+01 6.410618388352280306e+01 5.226087083978776349e+01 7.227824105240689789e+01 6.457336100725318317e+01
7.269969622921736629e+01 6.160987771247308586e+01 5.711777746525191191e+01 3.673678645601225412e+01 5.333090946989514691e+01 6.073851619216189590e+01 5.224745812878186513e+01 3.454817403521510499e+01 3.955958841176013152e+01 5.993664385341094203e+01 7.817192530581590404e+01 8.955473293581239602e+01 8.854800715618956986e+01 6.836027667836134469e+01 5.398084554022586445e+01 4.631448048644416104e+01 6.237284009546174701e+01 6.477490852203791860e+01 5.192156329706728712e+01 6.022513046856374075e+01 6.930498535146945471e+01 8.092535873704875371e+01 1.009498566221125486e+02 9.973184869095253191e+01 7.997909370454223676e+01 6.596948824266917200e+01 5.693066304236581487e+01 5.105357660969021794e+01 4.604810335625042228e+01 6.043960546560038694e+01 6.119828961988608285e+01 4.970185586878221784e+01 6.974450312545843644e+01 7.857966615153395651e+01 5.865281033333970129e+01 7.857966615153395651e+01 8.437680432717455403e+01
5.196487885550453001e+01 4.703892432976091698e+01 4.264943291961036920e+01 5.333090946413695121e+01 3.299595670779299184e+01 4.967664238236759644e+01 3.192333188032116098e+01 5.224626961084056376e+01 5.993618952950334489e+01 5.238966273317383582e+01 6.693003638522294807e+01 8.739193303747562425e+01 8.751458336369661595e+01 8.260935515496741743e+01 7.427312603855092732e+01 6.237284009546174701e+01 4.212008613605789265e+01 4.453221016426883239e+01 5.279819420808303931e+01 6.189131488425700667e+01 7.357598930500739698e+01 9.363794324993473595e+01 1.018808564093089757e+02 9.358714558864650712e+01 9.306472268370661993e+01 7.328166615330469824e+01 7.691192466633349056e+01 6.532642338891436395e+01 5.316037451503420641e+01 7.320535947744487260e+01 7.640203578138091700e+01 5.642943781361363875e+01 7.640203578138091700e+01 8.677773329907839184e+01 7.022764994457442356e+01 7.495390599102758244e+01 9.471244879549919915e+01
7.269969623778139578e+01 6.767076468746618900e+01 6.316852826492720396e+01 6.182608881358756037e+01 4.967650419552486341e+01 2.933135760764098521e+01 4.967664238274470279e+01 5.224558626290998120e+01 7.275991619525730414e+01 7.292317861645122434e+01 8.133390145221513023e+01 8.079718540458364373e+01 6.748157505726079819e+01 6.748146555023103588e+01 7.435164838619947147e+01 5.947958953764749879e+01 3.925688758783631727e+01 5.919177094948394569e+01 5.623180745492023647e+01 7.639894213414156354e+01 9.037568246213774614e+01 1.019657563076230105e+02 9.032676936461804473e+01 7.357923870611458028e+01 9.032676936461804473e+01 9.306472268370661993e+01 9.341300301159745345e+01 8.141939728244068419e+01 6.327809086215944490e+01 8.141939728244071262e+01 8.460234100661295997e+01 6.650360556762456099e+01 8.460234100661295997e+01 9.819560185379195616e+01 8.998873246306025919e+01 9.471244879549919915e+01 9.026744584951531181e+01
7.991031304266624602e+01 7.259313328083152328e+01 6.636275056019526630e+01 6.065816394880280882e+01 4.820425200360752882e+01 2.783376953508622975e+01 4.220835034051535217e+01 6.268557199543358394e+01 6.596991428150879244e+01 7.437039551030653683e+01 7.497353405882253696e+01 6.072703667676461947e+01 6.573202764635297513e+01 4.735087758622448462e+01 5.413354426757674531e+01 5.413409436776178296e+01 3.703282999970891609e+01 5.723262160040291491e+01 7.638345624631195108e+01 7.272964907502074539e+01 9.272542396396532638e+01 8.834580982484598621e+01 8.005511888061663228e+01 6.203469611524053562e+01 8.203557516409568962e+01 9.570239557909327743e+01 1.023457239488609645e+02 9.134120722211743271e+01 8.313262809273030030e+01 9.134120722211743271e+01 9.450086810350259725e+01 8.630046599513715933e+01 9.450086810350259725e+01 1.054388351513728992e+02 9.713466883716448308e+01 1.019269473915613986e+02 9.870733281802796455e+01
5.921420332764910199e+01 5.192929149616738727e+01 4.579457465206522926e+01 4.019482704027515751e+01 4.674524127022389308e+01 2.635657384976404671e+01 4.478752992725843285e+01 5.153825464474838469e+01 4.556048560316431661e+01 6.596992104013990854e+01 6.647314929334062583e+01 4.669675918376627521e+01 5.413072215667982334e+01 3.728801324111872617e+01 5.112737326773437729e+01 3.396416794982226861e+01 5.410477276285953963e+01 5.722762215137422714e+01 7.742716967656670590e+01 9.272542396396532638e+01 9.420334421733187469e+01 7.419473206263855047e+01 6.005590595728954639e+01 5.448053660441529189e+01 6.740650603093902760e+01 8.233316944431682316e+01 8.233316944431682316e+01 8.569665619286703873e+01 7.740157522123264755e+01 8.569665619286703873e+01 8.817230532202759719e+01 9.646936681308750394e+01 9.726360274726279442e+01 8.896330739653913611e+01 7.711900281003262592e+01 8.190441563208298703e+01 1.019269473915613986e+02
7.991031304266624602e+01 7.259313328083152328e+01 6.503236143706321570e+01 4.451387910038116758e+01 3.281733475194189253e+01 4.476402484307521235e+01 2.440228465990928441e+01 3.120261438709868074e+01 4.556048523230643355e+01 6.596986663300472742e+01 6.426149141843723100e+01 4.592303274033700689e+01 3.409871715245569845e+01 2.911164614079060797e+01 3.098358323400365677e+01 3.557256714554538490e+01 5.575848996264451785e+01 7.059418683234375180e+01 7.897636544070950038e+01 8.910234149798739622e+01 8.653445514245753145e+01 7.824391070000262971e+01 6.740650462831644063e+01 4.741668204219407556e+01 6.740650603093902760e+01 6.233262179164677264e+01 8.062128559354215440e+01 7.569312111038291846e+01 5.740238622221907860e+01 7.569312111038291846e+01 6.816627093287914363e+01 8.491467630515776932e+01 8.570651960106853551e+01 6.895464546936919703e+01 6.557285793080609437e+01 7.557185617889871310e+01 8.971764614851083763e+01
7.658944773437934828e+01 7.631610475045587805e+01 7.351424611432682354e+01 6.167489585805921593e+01 5.002721910160767038e+01 4.155494587839861254e+01 2.309493882666121323e+01 4.344012363507557239e+01 5.996522937811222675e+01 6.257345443045471001e+01 5.250592438612980573e+01 4.418792763596930229e+01 2.654249427975736708e+01 4.665439573951722707e+01 4.257961146650064421e+01 5.575813506720594148e+01 4.267073187099272502e+01 5.030574366750394688e+01 6.046175615305217832e+01 8.073808561699715369e+01 7.824391826720581378e+01 5.824613576623190880e+01 6.269478819713206974e+01 4.270446103024097084e+01 6.269485918114543210e+01 5.233843350352599799e+01 6.569300358981634247e+01 5.740524909309986867e+01 4.740851746447393111e+01 6.740198072172587729e+01 5.662463018179533947e+01 7.596857821905341268e+01 7.741130104784640764e+01 5.741083636636484044e+01 7.741130104784640764e+01 9.387731203368184651e+01 1.038888982801526311e+02
5.748216050859805648e+01 5.714843533697827382e+01 5.725164605778770976e+01 5.209520819432647443e+01 4.155526271380234249e+01 2.130018500364573342e+01 4.155340107341751121e+01 4.343773134779469558e+01 6.388550145113700296e+01 5.425481528361171257e+01 3.410298645976275367e+01 2.409210035296753460e+01 4.418885729756254932e+01 5.501214406574872839e+01 6.280280666790024213e+01 7.115270306629571451e+01 5.698733281583783850e+01 5.435486040881289682e+01 7.461348193409287433e+01 8.910234149798739622e+01 8.393772651419854469e+01 6.410334432766293844e+01 4.411288295724489927e+01 3.833346919637956773e+01 5.348208828560271400e+01 4.417457823807453821e+01 5.740524073961245932e+01 3.740217733595235927e+01 5.437977517849620313e+01 5.720790765279999590e+01 4.768943467929204161e+01 6.336546976059162972e+01 6.679403375899018158e+01 5.282745964378760561e+01 6.696268788859926246e+01 8.697063447177090723e+01 1.026956774603674916e+02
5.504299289621857127e+01 4.416050381754889287e+01 3.794749081705795390e+01 3.257597139278450271e+01 3.892952252747983266e+01 2.006517116888603169e+01 3.847679739665215237e+01 3.848491148284693253e+01 5.886222453074865513e+01 6.248306217874215207e+01 4.248658730735565570e+01 2.240856646925605133e+01 2.817921970345355120e+01 4.830666597701660692e+01 6.449542062591694958e+01 7.284980821031727771e+01 7.723303379603238739e+01 6.607483965351414668e+01 8.295408469276902963e+01 8.719733116077948409e+01 6.719335452292489208e+01 5.565204795762123524e+01 6.055183156350862816e+01 4.055539936300432657e+01 3.346207526796585086e+01 4.951751631287532973e+01 4.814398034308230478e+01 3.159994971525417284e+01 3.436666974470951175e+01 3.720926077782112884e+01 4.013424722637736153e+01 4.337987029767587899e+01 4.680604960037241824e+01 5.386742801756735588e+01 6.280591325398251001e+01 7.435176671755164080e+01 9.437900597759444565e+01
7.114751282488752793e+01 6.307855536694884790e+01 5.193690205446571895e+01 3.217285218201545405e+01 2.543932946210420454e+01 3.838619661575258135e+01 1.840675772523098885e+01 3.301922550968058090e+01 5.513042635213526665e+01 4.696628453645330836e+01 3.861655494382527110e+01 2.080167586435592142e+01 4.088288087887615774e+01 3.714190477125722367e+01 4.425442369107099694e+01 5.594077160835865214e+01 7.618128850436141875e+01 8.627748420319126410e+01 9.459904121853583092e+01 9.548963440084739318e+01 8.393772651419854469e+01 7.319763620885379396e+01 5.320286344643952958e+01 6.055183156350862816e+01 4.365881975746626154e+01 2.947111434150411924e+01 2.808716604867127842e+01 4.814402290439035426e+01 5.437977517849620313e+01 5.720790765279998169e+01 6.012353170076994502e+01 5.751089867567157654e+01 6.093192431680654408e+01 7.385837281978409408e+01 8.216925647522187148e+01 9.112432435455252744e+01 9.405719204653873078e+01
7.445415589578753668e+01 5.499247465061375806e+01 4.367860253508278134e+01 5.193248167563795903e+01 4.493132475551255567e+01 3.591004895152059362e+01 1.722781170201689704e+01 3.759200010919357027e+01 4.480645241012971525e+01 3.544625350090706206e+01 1.854152704165189647e+01 2.610363322121499152e+01 4.617491577103473332e+01 5.733914753061417713e+01 6.449542062591696379e+01 7.284980821031727771e+01 8.451531787407759566e+01 8.897782766224614193e+01 8.793710860164161147e+01 9.618060511012652114e+01 9.320274232086681820e+01 7.319763620885379396e+01 7.319763620885379396e+01 7.194842238435894899e+01 5.780358826546856221e+01 4.572952558074371865e+01 2.565015848110349239e+01 4.572952626107637997e+01 6.326749447279257055e+01 6.328811830549420137e+01 7.156370955624791463e+01 7.756088838666023833e+01 8.083649464884177860e+01 7.942141395232862067e+01 7.940412141541371227e+01 8.763880901853089256e+01 8.552135122149692847e+01
8.259829286894031952e+01 7.132826477399196108e+01 6.321794899000369838e+01 5.608274576127237765e+01 4.064840345070772543e+01 2.065934508248458457e+01 1.603881573357329771e+01 3.437102799305860401e+01 3.433120983824419170e+01 1.638477266552181888e+01 3.645807456152009962e+01 3.010329397591635825e+01 3.879052632466807182e+01 4.885174551174418411e+01 6.306770202937673986e+01 8.302001254448637724e+01 8.321081260274002034e+01 6.919867953178766129e+01 6.816344477271613300e+01 8.474264729872690793e+01 9.005829939042757815e+01 7.857436289067712210e+01 7.035265566913339796e+01 7.293736854318363783e+01 5.811377740143662862e+01 3.808991739431132828e+01 2.385486271235345868e+01 4.395476861547118830e+01 4.333541761273782100e+01 4.333687935801186342e+01 6.328074646050369978e+01 7.590814309494655276e+01 6.775887009359057345e+01 5.948452827117482400e+01 5.948575009179477036e+01 7.940238251675697256e+01 9.367236460839740175e+01
8.112822192428596679e+01 7.117525349464938245e+01 6.291724907685762957e+01 4.784295766029840280e+01 2.793452631668834130e+01 4.011771299852677686e+01 2.513054223713526625e+01 1.439619400633816504e+01 1.425339262041413235e+01 3.432056142022593548e+01 4.473763504419724768e+01 5.023420633278340119e+01 4.432323095016482029e+01 6.450456326908860660e+01 7.717343580282391713e+01 7.403758080729612345e+01 7.187289788664040202e+01 5.523969679767697727e+01 5.676673706388665863e+01 7.652077846714627185e+01 8.186024620044435096e+01 6.192851472751533493e+01 5.038810682751164194e+01 5.298104667291276115e+01 5.637107493021850502e+01 3.633770653164590669e+01 2.208538926094146504e+01 3.975642566222834517e+01 2.914962972199425906e+01 4.331418698892912289e+01 6.303055415446924314e+01 6.549353760279316816e+01 4.916580468582278485e+01 4.531619576477968536e+01 6.526370904758888969e+01 7.571675745556764525e+01 9.463929013731292628e+01
