LEM/with_lateral_4open/elevation_000462.asc
nrows	100
cellsize	150.0
xllcorner	0
ncols	100
yllcorner	0
NODATA_value	-9999
[rows 17 to 33 of 100, columns 37 to 73 of 100]
5.884269908162934826e+01 4.728784451798573940e+01 2.731501858919462578e+01 4.312322285536173183e+01 4.088740034181000738e+01 3.269634799199074138e+01 3.355607167162990834e+01 1.327719025281123955e+01 3.250847874506222723e+01 3.418985855884171343e+01 1.746741706072628730e+01 2.162775190923890278e+01 4.160322397669759908e+01 4.614493619619503306e+01 3.555762713659756002e+01 4.313961660221892913e+01 5.314252184956132652e+01 6.729160341399467882e+01 8.731866674309567600e+01 9.031476442662739146e+01 8.731294054578900443e+01 9.559757732405361708e+01 8.678633530034734633e+01 7.561975291957513434e+01 6.758670553414725646e+01 5.837708084746847703e+01 3.867289883755312729e+01 3.597616780038971029e+01 4.930293356349339007e+01 5.454151663222177859e+01 3.479447028201201420e+01 5.454151777170223880e+01 7.239329047788719151e+01 5.250462053491619940e+01 3.839166921177574210e+01 5.318185480898101503e+01 6.142392819241667468e+01
6.312317318517375497e+01 5.029943354434423952e+01 3.032281189800947985e+01 5.029943354258902843e+01 6.004761021191829684e+01 4.539268583322415651e+01 2.685145238742389395e+01 2.940680194310577633e+01 1.446108611009475808e+01 3.666358650683491760e+01 3.722389790223674311e+01 2.087706971500623609e+01 2.338670514701123793e+01 2.604840939559156965e+01 4.614493619626850318e+01 5.511134206542548952e+01 5.996317796040798243e+01 6.512997593020691056e+01 7.090776139241040710e+01 7.920730872552420010e+01 9.077067803174013250e+01 9.543331538294793859e+01 7.872363251846256560e+01 5.943390920632364072e+01 4.808267651498770334e+01 4.308941078763484001e+01 5.837708085815609849e+01 5.572016949648617867e+01 4.988204399415999291e+01 5.708601765524335292e+01 3.737640630848075318e+01 5.138665533988913836e+01 7.084549545384956559e+01 6.656824408927137426e+01 5.250462053764780279e+01 4.428738713117034820e+01 6.420253497915756213e+01
5.482663049228337826e+01 3.483507007279968803e+01 5.029943354434423952e+01 5.859345118789583751e+01 6.980509076799313561e+01 5.242889291987297895e+01 4.325036231514257423e+01 3.487863447410504136e+01 1.529586551301030539e+01 3.564625842556823443e+01 4.910130807190925140e+01 3.493309039440234898e+01 3.756614656335964497e+01 4.614493619610422570e+01 3.046896687044225516e+01 3.510054540351811880e+01 3.995854608707760036e+01 4.511905341392044022e+01 5.089292544461779499e+01 6.244632352415024457e+01 8.246630047441766465e+01 8.732709873138713874e+01 6.808916343716475694e+01 5.691527827275182005e+01 6.669686716526030068e+01 4.716870770092888421e+01 6.669686716526030068e+01 6.915476971420180519e+01 6.915476971420180519e+01 5.402857667798418362e+01 4.004884298999514414e+01 5.402857667798418362e+01 7.343937209924679621e+01 8.063186764089456915e+01 6.854410741762848147e+01 4.864852308320172369e+01 6.272777582282880360e+01
3.966969436140087168e+01 5.482663049228337826e+01 6.312317318517375497e+01 6.480670504519837039e+01 5.661257976714119167e+01 4.172004359190520972e+01 4.167123789711144610e+01 3.605595103957070080e+01 1.612626468673076019e+01 3.627438537267217100e+01 5.202442709163602075e+01 5.497296963079022447e+01 5.760407890633418049e+01 5.881400669375480561e+01 4.206310424938295256e+01 3.718089170850506520e+01 5.719037984173453282e+01 6.512997573436169318e+01 7.090776138333637846e+01 6.354909686139487235e+01 8.357025123308861225e+01 8.839479237646916943e+01 6.914486862814479196e+01 7.622007161061515035e+01 7.093322243427691376e+01 5.151980374328348233e+01 7.093322243427691376e+01 8.852807392395574482e+01 8.149768663378182509e+01 6.245997599312418913e+01 4.284883536633223855e+01 5.678917535573814490e+01 7.615049980141544950e+01 8.476021677546599165e+01 6.489962000552937127e+01 5.466688787041701403e+01 6.489962000552937127e+01
5.381402649245810466e+01 6.797800911280900493e+01 7.417245803221835843e+01 5.661260697695540500e+01 3.665105536608835024e+01 4.172090343615406027e+01 2.172315826405515082e+01 1.730165098402902402e+01 3.624653332678450113e+01 2.353344809135439775e+01 4.360260442446035256e+01 5.888250008134465929e+01 6.738523159948535124e+01 7.037041997913466673e+01 6.207363684414541183e+01 5.719037984173453282e+01 4.448761483649807502e+01 5.204689686946192495e+01 7.206142497789664958e+01 7.770136536420459095e+01 9.187506822512813187e+01 9.650669110482097324e+01 8.270753697965696460e+01 7.820669179506904811e+01 5.896290069776531340e+01 7.093322243427691376e+01 6.739729471471129330e+01 8.666629655370697094e+01 8.160434219954736079e+01 6.531115612022360040e+01 4.576444996530231180e+01 5.965446711570251637e+01 7.896761143306521546e+01 9.300567687103051639e+01 8.080962618953921606e+01 6.096556297180517703e+01 8.080962618953921606e+01
7.384100277767696241e+01 8.004928553698968585e+01 6.019463654327166324e+01 4.607519907116130042e+01 4.878304189209399766e+01 2.880526924776853903e+01 3.816935801552045149e+01 1.813875093516004000e+01 3.817078496343325611e+01 4.360260360045746353e+01 3.207737399362003572e+01 3.874567421405508583e+01 5.292601415521446029e+01 7.326272918829268121e+01 7.865242485624901292e+01 5.863312816158089902e+01 5.603646440532891404e+01 7.206142497789664958e+01 6.619630487146022801e+01 8.622107748380271630e+01 1.060487710860517581e+02 1.103058452238721543e+02 9.395750738349994435e+01 7.466677677133556301e+01 6.542619254352561597e+01 8.459694142084072155e+01 8.666629655370697094e+01 9.193191438661602888e+01 7.356034706990577376e+01 5.421427945179753749e+01 4.929347823520380700e+01 6.875074796202726191e+01 8.067224737508666976e+01 9.256699188263142730e+01 8.905022842765812641e+01 6.984245353255111866e+01 8.905022842765812641e+01
8.323659403653836364e+01 8.004928553698968585e+01 6.019463654327165614e+01 6.600992859545297620e+01 5.699751437865278092e+01 3.996397661987738559e+01 2.862735256375458093e+01 1.896949210002048147e+01 3.312932045181344165e+01 5.311059682116302838e+01 5.217022479224812059e+01 5.888250008134465929e+01 5.514323152111181514e+01 7.552033718561251874e+01 8.695523288647369498e+01 7.865242485624901292e+01 7.605346521428153039e+01 8.435529449681170888e+01 8.622107748380271630e+01 9.452690399137854627e+01 9.921554634876645196e+01 1.075210712671986215e+02 1.020975427885611282e+02 9.268545162140119942e+01 7.644483290441466750e+01 8.104183687356631083e+01 1.004153426384597623e+02 8.384092282783583983e+01 6.460772671535355016e+01 7.356034706990530481e+01 5.459767277752835923e+01 5.628471111547134598e+01 6.673145493802998374e+01 8.524834598212072478e+01 9.793334979959664111e+01 8.385750142358212145e+01 9.793334979959664111e+01
9.219604342690546162e+01 8.815027952117071663e+01 8.004928553698968585e+01 7.932326146431114466e+01 5.958207560356225230e+01 5.519893574494590638e+01 3.979712544328192791e+01 1.979818955871392561e+01 3.979713369289351022e+01 5.441688330278577013e+01 6.255522562019005761e+01 6.475715932392778029e+01 7.290784478319660877e+01 8.410811469967303822e+01 8.461947593122985722e+01 8.618605191198155069e+01 9.209205770770165600e+01 9.217116335031889207e+01 9.328129014221411808e+01 8.495034774772614128e+01 7.904150901722960043e+01 9.921554634876645196e+01 1.082489098380131765e+02 1.038898211575633468e+02 9.573292874868609204e+01 1.004153426384597623e+02 9.752757641085577234e+01 7.817172529024664129e+01 8.174563629486921457e+01 6.255962824511853171e+01 7.391298130773208186e+01 7.556864990509006930e+01 6.499314021413481157e+01 7.602782770448513361e+01 9.510144467802770407e+01 1.037444549327878178e+02 9.959324561499039419e+01
9.408063736980479064e+01 7.412146566814263338e+01 7.412146566814263338e+01 7.561094776044961918e+01 6.837189822707325959e+01 4.963982901074567167e+01 2.941263728101693786e+01 2.062272544280145326e+01 4.061608584357597351e+01 3.455187245106677807e+01 5.081394873917016497e+01 4.520312261221211259e+01 6.475715932392778029e+01 7.853679326235345570e+01 6.410896043396083144e+01 6.571003525869940631e+01 7.170732168475709045e+01 7.183416631932929874e+01 7.470297587630172131e+01 6.445560400487731556e+01 8.495034774772614128e+01 9.188396482732392201e+01 8.820602736556608647e+01 1.082489098380131765e+02 1.087611295875159811e+02 1.170620672645868723e+02 1.056921034829858996e+02 9.752757641085577234e+01 8.174563629487235517e+01 6.934613823685151601e+01 8.852714696609604061e+01 9.220664901961013982e+01 7.460070565264194897e+01 9.220664901961013982e+01 1.032028410090508146e+02 9.577662332774156084e+01 8.751116487507751174e+01
7.937021505213226646e+01 7.412146566814263338e+01 5.417344545845461568e+01 5.566245030254031434e+01 6.009352438504915028e+01 4.010365916763127103e+01 4.194978653983100969e+01 2.203455729933160612e+01 2.205057728651015481e+01 2.306139483274639801e+01 3.129232692562809248e+01 5.031194638973172317e+01 6.255654410194961201e+01 6.820796227291208425e+01 4.932244752489904727e+01 5.094363126575269973e+01 7.170732168458320643e+01 5.709769220971283232e+01 5.392590035709581286e+01 7.470297587630172131e+01 8.630049482979340780e+01 7.160621990929156766e+01 9.114827354327225351e+01 9.240822461953915479e+01 8.873299309563233805e+01 1.012803614552159104e+02 1.095696558318319092e+02 1.093168024245943712e+02 9.664601243977911338e+01 7.885712368900821900e+01 9.664601243977911338e+01 1.018356591828739255e+02 9.375206247265178661e+01 1.018356591828739255e+02 9.901166367496722387e+01 7.909221544117328051e+01 6.761818543673621207e+01
5.940784143148650998e+01 7.352813972597766679e+01 6.150522993340585742e+01 4.156115933483346936e+01 5.210350489025547205e+01 4.402816268210785466e+01 2.404080716618911140e+01 4.201387295334868810e+01 3.613391780921499219e+01 4.298661532652025841e+01 2.451232117102781416e+01 3.405457916510010818e+01 5.221799123763083372e+01 5.971935677734903436e+01 3.899174165567157502e+01 5.619401400187074103e+01 5.846806490514259025e+01 4.498243446541447810e+01 6.584360110736305671e+01 6.891250659262716738e+01 6.581571880564500532e+01 6.223653282364899297e+01 7.959871842207446946e+01 7.215461697652381190e+01 9.058071128948704143e+01 8.126314891596780399e+01 9.284597168158239811e+01 1.128019521514191581e+02 1.063750787558566202e+02 9.819717024318376275e+01 1.063750787558566202e+02 1.125556944472161831e+02 1.042524667343032831e+02 1.020662608723423261e+02 1.072871621015672190e+02 8.751116487507751174e+01 6.761818543673621207e+01
4.531196426111049647e+01 5.484122131802630662e+01 5.261126756248555836e+01 5.042008740361978880e+01 3.214001003708391835e+01 2.609649545927097947e+01 4.402801873662225773e+01 4.202271782268486078e+01 5.609039102360421936e+01 4.721510593984905313e+01 4.411931330229541715e+01 2.597436690558330596e+01 4.602433695066808639e+01 5.106809176837969488e+01 3.345436741162501448e+01 3.558085173734899342e+01 3.775682151862933011e+01 5.846806490937136402e+01 6.488156822708258176e+01 4.796713643872146093e+01 5.088127713820578180e+01 5.483954736693372212e+01 5.889884654746904857e+01 6.368875836728525286e+01 7.034273342907685844e+01 9.058071128948704143e+01 1.095696558318319092e+02 1.211072912193980500e+02 1.173363401821063690e+02 1.032787683709076560e+02 9.503244875898133159e+01 1.032787709952634145e+02 8.450170014717960498e+01 8.235180204474998789e+01 9.152843937517256734e+01 9.577662332774156084e+01 8.428098919660573074e+01
3.717741805446787140e+01 3.489590858174609167e+01 3.265227903042264757e+01 3.044710756067703628e+01 2.826948555249003192e+01 3.366697100802973353e+01 5.340459207883969839e+01 6.339820240922219341e+01 7.067942377203576143e+01 5.681761781688489776e+01 4.072630256116596570e+01 2.720107963371457060e+01 2.872207237512708389e+01 3.066559865553280062e+01 5.106839591313296012e+01 5.619401400187074103e+01 5.846806490937136402e+01 4.134381377541966174e+01 4.397438858353604019e+01 5.882620652381912407e+01 7.181557079203047067e+01 5.958615031906988690e+01 7.959871842207446946e+01 8.418090076199138139e+01 7.410165175310460484e+01 8.840539226697393360e+01 1.083947847404991052e+02 1.100377508625200988e+02 1.017740325177636720e+02 8.922118628950669006e+01 7.548109779833851007e+01 8.374447103004513338e+01 8.812603334783520381e+01 6.884663524733042550e+01 7.214285554177327242e+01 8.596012622339573284e+01 9.629820243399939272e+01
5.711310352654192712e+01 5.484122131802630662e+01 5.257802591463895681e+01 3.383157477752524755e+01 3.090587421010994262e+01 5.089196846334482416e+01 4.621769425739795878e+01 6.577151276868690388e+01 7.047493739451859085e+01 4.658051535775982188e+01 3.374367031635703285e+01 2.843114942134701195e+01 4.439937678615261518e+01 5.044239472482263409e+01 5.270741072645222403e+01 6.075810474549202667e+01 7.033522109583957160e+01 6.218246294133066954e+01 6.488156819878123827e+01 7.334605539802691965e+01 8.786590427223822530e+01 8.025262288836259472e+01 6.901069160222634480e+01 8.934753634844210524e+01 9.426014977067006839e+01 8.840539226697393360e+01 1.083947847404991052e+02 1.017740325281671545e+02 8.203358121044435336e+01 8.781542553150680419e+01 8.170934315909320844e+01 6.468993396145607733e+01 8.374447102612495542e+01 7.782076158931559462e+01 5.908059592706519680e+01 6.888878029256942170e+01 8.808276299829890377e+01
7.323133043169983125e+01 5.925744996423188837e+01 3.948538817775698107e+01 5.347943300690073443e+01 3.358895608517475750e+01 5.360072249452139204e+01 6.577151276868690388e+01 6.577151276868690388e+01 7.904965233761932097e+01 6.564256302977159407e+01 5.225828776188883040e+01 3.366655266587256534e+01 3.024454058180222304e+01 3.152945345764323903e+01 3.281364300795609523e+01 5.202722314037696805e+01 5.449249347873803373e+01 7.420435224306993405e+01 7.554422437971956583e+01 7.554422500707492816e+01 8.380064580034809296e+01 9.765182615813965583e+01 8.347091743548004672e+01 8.197023189986505542e+01 9.618492932247542626e+01 1.083947847404991052e+02 1.166938086370066259e+02 1.017740323567751091e+02 8.203358120902144890e+01 6.850806746202930242e+01 6.276929421808996068e+01 5.872045590590566633e+01 6.904279851173987481e+01 7.241094174468487665e+01 5.399359633647800649e+01 7.241094174468487665e+01 7.816767127905254142e+01
6.517723754542763004e+01 4.549011951121131148e+01 5.925744996419568622e+01 5.635294900223768622e+01 3.634132118169583237e+01 5.046149431864554913e+01 7.057617880420221468e+01 8.535054522956181700e+01 7.456965693846801457e+01 5.507380956157519591e+01 4.150166988842713778e+01 5.321417887657808876e+01 4.547829329417979949e+01 5.141119489353631877e+01 5.270943762796569132e+01 3.464250187932051972e+01 5.456821862531963774e+01 5.942180228767483641e+01 5.565434198831565737e+01 5.565434198845626668e+01 7.554422501825639813e+01 8.903309501665034986e+01 1.035349482339662757e+02 1.020421009781381940e+02 1.103385268226809899e+02 1.244921243228865819e+02 1.094175302713709925e+02 1.011573847799308652e+02 9.602201151366598708e+01 8.781006595263838221e+01 7.397710056549952640e+01 5.551255475100095538e+01 5.072327371770942506e+01 6.396160416717547292e+01 4.985115034262174305e+01 5.898599769945792559e+01 7.583033098246848169e+01
5.229988179389469138e+01 6.517723754542763004e+01 7.323133028191432459e+01 5.921699992384046851e+01 3.919564977337747536e+01 5.921699992384046851e+01 6.540977075971170507e+01 8.565951414482550774e+01 7.672545066406880210e+01 5.715689889636657739e+01 4.924390554544381615e+01 6.833945708252244344e+01 6.473782054958928711e+01 5.709207369030437462e+01 3.713567344098115086e+01 5.456821819500974868e+01 3.743383763743611325e+01 3.945500339683072610e+01 4.152543473583202172e+01 6.147995360394632058e+01 6.088577915718403233e+01 8.077190605517724009e+01 9.163033593281294031e+01 1.057245147005909729e+02 1.020083366343950502e+02 1.103494482989159167e+02 1.008693274993275111e+02 8.146826809867113184e+01 8.718152236318138648e+01 8.036452475110890248e+01 7.624638261905181480e+01 6.735779482187270162e+01 4.906802865385680690e+01 4.554981680028703295e+01 4.578734667169906913e+01 5.950975347849028196e+01 7.206258870260406013e+01
