LEM/with_lateral_4open/elevation_000632.asc
nrows	100
cellsize	150.0
xllcorner	0
ncols	100
yllcorner	0
NODATA_value	-9999
[rows 51 to 67 of 100, columns 37 to 73 of 100]
4.260488751688860987e+01 4.404502938883660335e+01 4.607131132689809050e+01 6.485133483208647931e+01 7.664693632858686101e+01 9.179187600224973664e+01 9.050048294480313871e+01 9.871472235249792959e+01 1.003200835592977569e+02 9.211075634612271301e+01 8.036994670777578165e+01 9.031911092228222060e+01 1.101023228016565554e+02 1.246978704417248309e+02 1.044291263789759796e+02 1.103657040688206052e+02 9.267829945341057396e+01 9.045535620062921112e+01 1.033492735561517151e+02 9.970099034650813508e+01 7.945274313772308972e+01 6.527067860736525517e+01 5.645264774567481680e+01 4.909759435815350059e+01 6.610059645924744132e+01 7.442516763193351892e+01 7.752511807876716432e+01 8.588719056687588704e+01 7.769865535976062176e+01 5.766326027874121252e+01 4.631058731228482372e+01 5.258365785081051058e+01 6.932322829601991998e+01 8.087413667140751272e+01 6.928855098570386417e+01 4.946588761383856081e+01 4.677482415167327900e+01
5.985931130692198110e+01 6.391882082199573745e+01 6.600303932485178393e+01 4.898784102253281958e+01 6.892956883731200435e+01 8.373435642219789088e+01 9.126355564614500793e+01 9.949176632530496533e+01 1.109637760375502893e+02 1.084163977218870940e+02 9.031911092228222060e+01 1.084163977218870940e+02 1.183141395635072541e+02 1.330626769937385632e+02 1.246978704417248309e+02 1.213606418002029983e+02 1.129818524639563009e+02 1.107655383697351397e+02 1.149456072075974902e+02 1.064398027036793337e+02 9.377157562160205373e+01 8.475862848725576271e+01 6.884974850225334819e+01 6.024652605168238750e+01 4.638763523633154051e+01 6.343035792006450890e+01 5.759211712711869779e+01 7.752511803135287494e+01 8.609502410464121169e+01 7.448829917212083274e+01 6.100209392450957324e+01 4.121757511985892819e+01 5.258365795057396497e+01 7.250221787475568647e+01 7.492028333663323281e+01 5.500232217103076948e+01 4.107537524989617594e+01
5.690734234373869782e+01 7.680909596400962869e+01 7.103243462681075471e+01 5.108378623731012880e+01 7.102988156499938555e+01 6.379406706370103564e+01 7.134317308538950897e+01 8.286320730906363963e+01 1.027386448793703408e+02 1.183141326325034157e+02 1.101023227561181415e+02 1.183141326627119838e+02 1.335000284281762788e+02 1.216298374540255907e+02 1.131322090187302081e+02 1.131322090187302081e+02 1.216298374540255907e+02 1.084337616635999950e+02 9.993176711737390860e+01 8.592902840837477640e+01 1.030996374575800445e+02 9.724367277521841402e+01 8.849312730308271568e+01 7.441503096422840713e+01 6.343035792004380369e+01 4.373302988290348736e+01 5.759211712655802273e+01 7.752511641911799245e+01 8.367002909290755497e+01 6.362936001891048932e+01 5.782706300756769480e+01 3.800569142153967306e+01 5.782859313467328377e+01 6.698099713642359632e+01 7.530917681070673098e+01 6.914032982069586808e+01 5.545795993607160312e+01
7.694947978931713806e+01 7.884444205154063923e+01 5.890952503052277223e+01 7.103243467944679423e+01 5.438514302648222554e+01 6.849825257403924184e+01 8.842445082736824702e+01 9.949176632530496533e+01 1.081905929126928783e+02 1.164211083278220400e+02 1.172486801938998440e+02 1.254843123104750191e+02 1.250276833991669179e+02 1.044241173921166137e+02 9.258020326115864407e+01 9.258020326115864407e+01 1.097703739561869725e+02 9.993176711737390860e+01 7.947554678283100316e+01 7.418066314510514303e+01 9.395465422321552751e+01 9.661082990631780376e+01 8.959881979334817004e+01 7.570378529067541251e+01 5.578804594967085961e+01 4.191270783668781519e+01 6.161664703203226168e+01 6.752238033083585833e+01 7.585536475293542935e+01 6.363061529382059689e+01 4.380823416537717208e+01 3.486194227178683747e+01 5.073852495360851123e+01 4.708811263180026430e+01 6.128689374718369010e+01 6.955537805716069499e+01 6.373934918436939512e+01
8.777613502393158740e+01 6.783919272504776643e+01 7.886006337517251552e+01 7.688871244150080031e+01 5.693968272701624045e+01 7.688871244150080031e+01 8.893125157306035078e+01 9.197277852232981843e+01 8.832790791247965956e+01 1.032238733689445951e+02 9.741460817240755432e+01 1.172486801938998440e+02 1.233549998006506172e+02 1.148615141140846703e+02 1.012665029622094579e+02 8.083069314560832197e+01 9.110039069204566431e+01 8.264112449215906508e+01 8.546703500137248000e+01 6.518674079261887755e+01 8.546703500137192577e+01 7.645203316931333859e+01 7.645197827074086661e+01 6.108668273279929650e+01 5.982857467905269289e+01 4.011091161629605040e+01 5.732847062600031052e+01 4.771520757023685633e+01 6.434729085279967364e+01 7.192271967721818271e+01 6.304831340363984538e+01 5.073852495360841885e+01 3.067561099784243694e+01 4.690810817695550838e+01 4.128759980874147573e+01 6.100674107994664297e+01 6.171654200201631824e+01
9.481753759382628743e+01 7.490144356887832089e+01 9.481753759382628743e+01 8.513037000979056756e+01 7.105394268415430759e+01 6.074315944578667370e+01 8.069299724142965147e+01 7.204732693635506280e+01 7.759550956674759448e+01 8.336363356466368657e+01 9.741460817240755432e+01 1.172486801938998440e+02 1.148615141140846703e+02 9.430589384319461033e+01 9.536719837717571124e+01 7.502807061961779311e+01 8.264086200155522022e+01 6.271411872510154950e+01 7.794407134900910705e+01 5.977623660189039612e+01 7.641988623384509083e+01 7.627058108160777294e+01 5.650769582202343599e+01 6.108678146386484542e+01 4.129357667095679574e+01 3.935631163290334911e+01 3.756559911961733178e+01 3.629032167378638007e+01 5.433383236176036490e+01 6.258556109613411422e+01 7.072301107799097508e+01 5.678418567146665197e+01 4.690804278004183914e+01 2.665621262588167184e+01 4.103579133434813997e+01 5.292090426569705386e+01 6.444122202560451740e+01
9.481753759382630165e+01 8.899432628876191131e+01 1.030544663615888368e+02 9.920679733542307588e+01 8.584144862288445665e+01 6.589695966232315527e+01 6.538317982864637656e+01 7.354486591934031026e+01 9.346216437027732127e+01 1.032238733689603407e+02 9.958350635710520748e+01 1.194216490481756665e+02 1.121885598736872822e+02 9.164286191931664405e+01 7.990251090801197620e+01 7.280408069900407497e+01 6.752375560715482550e+01 7.794365491329367046e+01 5.832958076273323655e+01 5.546071497781608883e+01 5.256926604313355256e+01 6.855467946424516867e+01 6.212278554396961994e+01 4.407409978186868926e+01 6.106135636445267068e+01 4.389748468310521190e+01 5.009209110316059821e+01 5.434348686145124674e+01 3.448945181599305698e+01 5.264114719417833044e+01 5.144611372427100804e+01 4.275560973270540899e+01 2.841239454394593267e+01 4.538102721752607493e+01 2.507958683924271170e+01 4.095577090378488094e+01 4.041604619071542004e+01
1.147006657363992588e+02 1.088760133030770731e+02 1.080057325451485042e+02 8.815651903713990123e+01 7.405887923484955593e+01 8.584144862288445665e+01 7.115401295524058867e+01 9.108415566963485333e+01 8.764518401219223165e+01 1.075055972428239528e+02 1.194216490481756665e+02 1.200618080569487205e+02 1.206881263868732646e+02 1.075940048715636550e+02 8.710420237560332168e+01 9.310552658149698857e+01 7.906081010730720493e+01 8.636360648957607111e+01 7.794407134900910705e+01 7.184393306758983044e+01 5.364016754350779337e+01 4.900560511166579403e+01 4.694851077626985614e+01 6.387435902583366243e+01 5.061944723543814462e+01 6.336275444591561268e+01 6.300652013472839741e+01 4.346589371281094571e+01 5.264115257318638896e+01 3.271207434321792817e+01 3.145421482469900809e+01 3.019403754813759733e+01 3.700860168819081508e+01 5.317465202024586546e+01 4.112430331611238188e+01 2.353752543042500278e+01 2.246827189612928777e+01
1.130651642030870647e+02 1.205443213939690423e+02 1.007190716906382164e+02 8.667371083856690461e+01 8.404065206869515237e+01 9.811676598495722601e+01 7.822554021132957303e+01 9.108415566963486754e+01 1.075055972428239528e+02 1.157356366398555281e+02 1.142474796155629804e+02 1.001782169995114913e+02 1.142474796155629804e+02 1.160927233112865338e+02 1.075940048715636550e+02 1.079513493726927180e+02 9.945340995231647696e+01 9.300861340383944764e+01 7.313246444476109787e+01 6.014240538315034001e+01 5.665766699781566018e+01 6.885810576836799157e+01 6.771885455653162467e+01 7.488835245759302950e+01 5.551668054605794111e+01 7.517834527250727206e+01 7.025750074653080901e+01 5.046185007307681758e+01 6.074340417783013635e+01 4.423968546792943357e+01 5.144817760302775156e+01 5.026834118723706268e+01 5.621177191742812340e+01 6.462949875797784216e+01 5.214846476027551603e+01 4.298978892742905344e+01 2.281636747520660080e+01
1.083688126976191910e+02 1.166032371677166424e+02 1.147386007190269623e+02 1.065257528900272348e+02 9.552056952191948369e+01 1.063414988028724366e+02 8.819448544509648968e+01 1.063414988028724366e+02 1.191775117353229803e+02 1.174183593056215074e+02 1.053340617800189989e+02 8.606077751847607260e+01 1.053340617800189989e+02 1.155219086715868286e+02 1.072288961228952076e+02 1.150189478538541721e+02 1.020754385818414391e+02 8.180140114372233029e+01 6.809460871345277155e+01 7.895405357983919714e+01 7.658837842554912356e+01 6.504638295356102162e+01 8.516846158071390960e+01 8.059083380385382611e+01 6.077534334813393713e+01 8.059083380385382611e+01 7.858301066046918493e+01 5.924485159148547098e+01 7.166168760427581219e+01 6.362816556965842807e+01 7.019829148925742857e+01 6.219368487394233114e+01 5.731244281781644645e+01 5.269519888757119475e+01 4.560841290316387386e+01 2.550790049545334881e+01 4.294555920236312119e+01
8.847940023752373406e+01 1.083688126976191910e+02 1.224450459087197345e+02 1.235592320670016875e+02 1.153460087530087037e+02 1.162664299703067883e+02 1.080390465248179623e+02 1.162664299703067883e+02 1.148356190887992767e+02 1.033285872832910854e+02 8.923881526096049299e+01 7.710615581504552551e+01 9.708400644856621398e+01 1.039734902859037931e+02 8.723417629048788058e+01 9.502514410208402751e+01 1.043191009747487215e+02 8.401335550721343282e+01 8.180140114372233029e+01 8.773952922731741921e+01 9.192162859843666922e+01 7.166212754536837792e+01 9.192162859843666922e+01 8.656773975319089232e+01 6.674458531199718436e+01 8.656773975319089232e+01 8.752643017950587989e+01 7.327082503687289261e+01 8.752643017950587989e+01 7.615601190602073700e+01 5.641029965496696263e+01 4.271943651554003196e+01 3.776805408938226094e+01 3.297208008854477868e+01 2.831219622064244845e+01 4.560841290316236041e+01 4.199627199268874733e+01
9.430487427326943362e+01 9.433064678945122239e+01 1.142103886666500046e+02 1.133015476986104915e+02 1.048925117021694575e+02 1.048925117021694575e+02 1.073712504177377980e+02 1.095933515133722835e+02 1.065867666277350452e+02 8.664926271132713964e+01 7.509862400263781979e+01 7.043491967956721567e+01 9.042472290405929414e+01 9.502551162822385322e+01 7.567749727305871943e+01 8.087876284457956899e+01 1.008811936392644668e+02 1.043191009747487215e+02 1.020754385818414391e+02 1.080839478335542196e+02 1.004061717923506336e+02 8.171185666927959801e+01 1.004061717923506336e+02 9.466270201442219445e+01 7.823398741272247037e+01 8.080426301688085289e+01 1.004820034564140201e+02 9.340176297309447762e+01 8.508561177158551914e+01 6.511841946030972395e+01 5.134967309905709953e+01 6.219368487394233114e+01 5.148467972504550971e+01 3.171269325355229185e+01 3.367425994758950480e+01 5.336017419609639489e+01 6.166298475615300134e+01
7.806529797208742139e+01 9.215576616373338936e+01 1.120363262328512093e+02 1.048925117021694575e+02 8.460750017817207436e+01 8.460750017817207436e+01 8.707974560529351038e+01 8.929888594418942205e+01 1.095933515133722835e+02 9.982618874388454344e+01 8.439757045599780838e+01 6.440927011641856836e+01 8.439757045599780838e+01 7.889062785262557043e+01 6.673207208569746740e+01 8.087876284457956899e+01 1.008811936392644668e+02 1.001220610791811509e+02 9.907646738671002140e+01 1.073462539314538020e+02 1.106304322345958582e+02 1.021314005275935983e+02 1.106304322345958582e+02 1.059968385155572861e+02 9.795185715911867419e+01 1.004820034564144464e+02 1.085211410179582003e+02 9.409664053440448583e+01 7.396145799327588577e+01 6.254449399023863521e+01 7.096667468702655412e+01 6.350604983462226727e+01 4.402963552362061250e+01 3.412729183209236794e+01 5.336017326372749636e+01 4.182753318582004454e+01 6.131653125579063612e+01
9.797864739419149771e+01 1.062131900091054888e+02 1.097937037124922455e+02 9.808748493919854639e+01 8.968489265934206855e+01 7.033985950282564659e+01 7.279814001485895858e+01 8.707974560529351038e+01 1.073712504177377980e+02 9.157075970954554123e+01 7.159140000345946930e+01 6.005205449643236193e+01 7.885613777963189364e+01 5.889738269660369951e+01 7.303159050118127027e+01 9.303556938319277947e+01 9.426825058180178019e+01 8.014422663657232704e+01 7.909689128336825092e+01 9.581349992367914581e+01 1.108968042319913678e+02 1.025013042472814107e+02 1.108968042319913678e+02 1.070367947856916970e+02 9.862382338113523872e+01 1.012760182390000239e+02 1.096790364040635524e+02 1.024500132011967679e+02 9.081960923977763400e+01 8.247158747410166768e+01 8.330728977677573255e+01 6.350598042728547199e+01 5.611831309629879883e+01 3.659340407010512308e+01 5.611837908698365851e+01 6.131653119638318117e+01 5.097683338662332631e+01
1.087864003502258043e+02 1.171562096974242877e+02 1.013855173568226178e+02 8.111944090049118472e+01 6.950561678951659417e+01 6.280554903868219441e+01 8.291056488961891091e+01 9.808748493953298464e+01 1.031647169175019911e+02 9.517804201171560408e+01 7.610939942372318967e+01 5.605497607570267604e+01 7.059888089918776188e+01 5.418566370084090522e+01 7.417694707979467239e+01 8.952794887973516325e+01 8.427507600957598299e+01 6.600328455939435912e+01 6.755024889819921441e+01 8.754125374515103886e+01 1.006692543859905840e+02 8.196892482786896039e+01 9.830396430778877459e+01 8.986193652803191867e+01 7.807549554308283746e+01 8.074760713542139001e+01 1.012760122703191854e+02 1.037072358377338617e+02 9.205400154657573353e+01 8.368140349261705069e+01 7.663798708256548764e+01 7.095417931169194503e+01 5.944780195683959789e+01 4.003494720943747609e+01 4.156857891355136303e+01 6.096531208127004220e+01 7.053751122567099685e+01
1.084108177224420189e+02 1.087489497360638637e+02 8.845825107183667058e+01 7.679955854688918748e+01 6.678163956194285333e+01 5.801795399303052392e+01 6.950561678951659417e+01 8.968489265934209698e+01 9.195741549718236740e+01 7.571254704414940306e+01 8.432019319481759112e+01 7.066720702844327207e+01 5.070121161254494524e+01 4.970137167207081319e+01 6.125583038789974211e+01 8.124863307112318012e+01 7.599944171539236493e+01 5.600573184066676191e+01 7.599944171539236493e+01 8.892667408816035390e+01 9.223511453757519973e+01 7.172183371120588902e+01 8.127030478471351671e+01 6.937104742090539844e+01 6.628961709044509121e+01 8.074760714012822405e+01 1.012760227387612701e+02 9.531796114254245822e+01 7.516286478533216098e+01 6.375962760882160296e+01 5.694872713285914756e+01 5.145116007750674214e+01 4.634247079144258663e+01 4.544242636095302146e+01 6.096545829409112116e+01 4.666335379309712295e+01 5.623376039829368978e+01
8.811872362135815706e+01 9.406214037909008141e+01 9.247479303716477261e+01 8.408255678581448933e+01 7.418221887935844450e+01 5.421877819834055856e+01 6.828113978771591519e+01 8.842868405503806173e+01 8.392585429309006884e+01 6.429743741112572764e+01 8.392585429309006884e+01 7.716566398346795097e+01 5.717068803812579603e+01 4.559360420379439915e+01 6.196501827760872061e+01 7.024587325229653345e+01 6.432905351368957270e+01 5.064865905653137190e+01 6.065936784801018433e+01 8.065242811966277259e+01 9.577144097293508196e+01 7.526373757020149924e+01 6.089017943352168061e+01 5.770609521233591721e+01 7.803151703457157851e+01 9.521182560063779476e+01 9.364801961237034789e+01 9.580228022955101608e+01 9.205387581812551900e+01 8.368140349261705069e+01 7.076618121468600009e+01 6.210948070073988703e+01 6.574177191292920952e+01 5.096187435855147640e+01 7.003261928494711697e+01 5.056596765361324231e+01 7.003261928494711697e+01
