LEM/with_lateral_4open/elevation_000428.asc
nrows	100
cellsize	150.0
xllcorner	0
ncols	100
yllcorner	0
NODATA_value	-9999
[rows 17 to 33 of 100, columns 0 to 36 of 100]
5.222468517465790605e-02 2.005222468517430201e+01 3.464811449879957195e+01 3.715680671683269054e+01 4.539670136921249366e+01 4.375750277572758051e+01 2.376838673454471262e+01 3.307287083507797831e+01 3.495569717138258881e+01 2.394648585218851977e+01 2.643623498681607842e+01 4.202226512252885726e+01 2.668608895645610701e+01 3.039030323632710306e+01 3.430589484717098259e+01 3.930234956396120793e+01 4.824743268719567624e+01 5.979665085824053961e+01 7.979302328531265687e+01 8.440965104847620637e+01 6.371901931862551294e+01 5.180831362560626729e+01 4.145067314805691439e+01 3.694583754353806881e+01 3.268944853794542382e+01 4.957452010470422010e+01 3.679100454064303705e+01 5.564540381421879545e+01 4.756394521815035858e+01 3.137383674756707208e+01 5.194403687013024751e+01 6.623367285869976229e+01 7.474758387322491160e+01 8.496859426168241214e+01 8.512874352850053583e+01 7.504994057284245912e+01 6.644022241318219812e+01
7.333276091007127906e-02 2.007333276090971452e+01 2.302767786794329652e+01 1.717065853371742534e+01 3.715157358708480473e+01 3.879228263349235561e+01 3.051018732669577105e+01 1.309641182412524074e+01 1.498280306646957172e+01 1.689411051721909374e+01 1.889876535431011462e+01 2.205091428614354143e+01 4.202320359548198780e+01 5.038143773564979000e+01 4.844546692937642973e+01 5.063332162691460070e+01 5.930353644832177196e+01 7.653039428633795183e+01 8.807496960283687315e+01 9.294525907372178608e+01 7.246379370925872365e+01 5.180831323973007585e+01 5.864563196918388144e+01 3.797245712787438521e+01 4.045089733744462990e+01 6.112002499779038089e+01 5.136129351820352440e+01 6.595804286710168185e+01 5.512729221987262207e+01 3.449743972172645812e+01 5.512729221987262207e+01 7.470327120736963877e+01 8.501918929575619188e+01 8.512874352850053583e+01 6.431524669443371067e+01 6.813459452633502167e+01 7.674674061814965853e+01
6.343274376862209629e-02 1.545930806598671881e+00 3.032513202219089266e+00 2.298538751073989772e+01 2.670394531314974529e+01 2.825802406965151192e+01 1.052856833795994618e+01 3.051018782140613084e+01 3.495569717138608468e+01 3.686383118000188830e+01 3.886530569892023834e+01 2.288431568305670538e+01 4.283446326275110749e+01 5.528877180350320941e+01 6.844515429125145545e+01 7.063250262497840026e+01 7.891495966879188018e+01 8.758346821611254995e+01 1.002035102147661831e+02 7.948145439144191471e+01 6.485770020380091694e+01 7.239574151559810389e+01 6.252050850380280167e+01 4.187531117760450883e+01 5.079224789518725913e+01 6.966036951439986069e+01 7.202369668393052393e+01 7.338064743848548233e+01 5.273272591059868120e+01 3.811547818481879801e+01 4.551497109246805906e+01 5.584136675790396254e+01 7.648947952392349237e+01 8.317648128129005158e+01 6.813459452633502167e+01 4.760258544467196629e+01 5.715985977287182607e+01
3.497053469895897854e-02 2.003497053469860489e+01 2.301537175151775116e+01 5.182805648721742209e+00 6.721048913508403722e+00 8.272876198953968085e+00 2.825802413629607912e+01 1.552085414892473203e+01 2.965570173357259876e+01 4.966726349236967764e+01 4.283446326142571081e+01 4.283446326275110749e+01 2.707977135933330004e+01 4.701220135859389160e+01 5.554424356053468870e+01 5.963753727830295048e+01 6.790491325917656695e+01 7.678160428354169653e+01 8.505531366748769528e+01 9.408036559955201028e+01 8.554964157344593900e+01 7.359004775448616442e+01 5.294256174156223693e+01 4.663947100577085081e+01 6.729128921256912577e+01 6.765467884184808156e+01 8.832527651475150776e+01 7.994952337029279477e+01 6.261783106797425802e+01 4.195242828058400875e+01 6.261783106797425802e+01 7.470327120736963877e+01 8.501918929575619188e+01 7.454925263214512654e+01 5.387736779622198213e+01 4.220556015462783250e+01 3.686170428326915527e+01
9.635555453094322986e-02 2.009635555453058942e+01 3.350378898819381845e+01 1.931869161520247147e+01 2.670878475117862294e+01 1.717628809512671850e+01 3.604486753069215155e+01 1.922833361526982188e+01 3.337361278396480913e+01 5.340007990101912583e+01 6.281801263634076804e+01 5.526981521122655039e+01 3.702951504206362188e+01 3.169752255392673135e+01 3.566171083931673991e+01 3.978398576153667676e+01 5.963753727873699262e+01 5.688114817908790855e+01 6.834546658348149606e+01 8.830558269164755814e+01 8.666712032729006410e+01 6.599050148137555993e+01 7.229311191532374892e+01 5.167006859158773580e+01 7.229311191532374892e+01 8.832527651475150776e+01 9.097829582090665212e+01 7.141276160532143535e+01 5.078682119518084903e+01 4.731404103904360170e+01 6.189694026108716685e+01 8.254502725088677551e+01 8.710290424399900644e+01 6.622363302958429188e+01 5.170983555425497258e+01 6.261433446851199847e+01 4.271450314245269908e+01
8.845047570523793812e-02 1.423058609943631403e+01 3.423058609943701924e+01 3.936183458942756630e+01 3.661917209318498578e+01 3.098023768915809129e+01 4.305774499477985273e+01 2.314509164098776139e+01 4.317487094462812536e+01 5.765136770174946435e+01 6.921620831058008605e+01 6.523533538987157954e+01 5.113929459803266298e+01 5.160884058887365455e+01 4.057990581832532229e+01 5.963753727873699262e+01 4.634170947484197001e+01 6.614436305734170674e+01 8.505531366748769528e+01 9.658340289143882273e+01 8.666712032729007831e+01 8.666712032729006410e+01 7.958888150494267677e+01 5.895332890176619145e+01 6.355879202928337435e+01 8.422441476443471231e+01 8.245265484739509532e+01 6.179890580067795725e+01 7.141276160532143535e+01 5.574476723675958567e+01 5.922226958482588088e+01 7.985958389322703965e+01 8.710290424399900644e+01 6.622363302958429188e+01 6.622363302958429188e+01 7.092470738832702182e+01 5.032910241051785505e+01
8.023991185656004221e-02 2.008023991185620361e+01 3.833025947787859167e+01 5.247239510160929399e+01 5.596585973677524350e+01 5.023276409816114807e+01 5.146797114562620123e+01 4.317487094462812536e+01 2.931547964572121856e+01 4.088824986232709335e+01 6.093517267648270064e+01 7.552096623197822112e+01 7.110085497657014741e+01 6.718999076307144946e+01 4.721432721815724420e+01 6.718999076307144946e+01 5.590158520805796627e+01 5.882655695714349520e+01 7.288830720367424476e+01 9.285544128365864935e+01 1.072949184533185019e+02 9.423313307125420124e+01 7.352303389537311773e+01 7.352303389537311773e+01 7.546853987300993083e+01 9.274557000442445087e+01 9.097829715828625297e+01 7.369952667226891663e+01 7.256505710806993648e+01 7.030096490079591831e+01 7.111124220182061606e+01 8.838936075294463990e+01 9.571204238774853934e+01 8.710290424399900644e+01 8.710290424399900644e+01 7.954547384988376280e+01 6.212357731815707496e+01
4.598823041778624804e-02 1.004598823041769862e+01 2.418812385414839738e+01 4.338109944476996560e+01 5.166537617183752928e+01 5.114020761526212056e+01 5.942449128778313394e+01 5.765136770174945013e+01 4.349129459894482608e+01 3.717298822707019923e+01 4.720817466962313347e+01 6.138977838706968981e+01 8.138252768747356924e+01 7.546979278679975778e+01 5.719540246815064677e+01 7.546979278679965830e+01 6.643853535324848281e+01 7.873654537484074467e+01 8.701090261437359175e+01 9.659067722132198242e+01 9.923265855742175745e+01 1.027217276152488949e+02 9.423313307125420124e+01 9.423313307125420124e+01 9.618516229847909926e+01 1.046649576492384597e+02 1.028988854701708107e+02 9.440965029719896506e+01 8.720037920193047398e+01 9.099218074767394171e+01 9.181004088467481949e+01 1.003094992962834198e+02 1.028967366518753721e+02 9.450158397835701862e+01 9.450158397835701862e+01 9.156480452708800044e+01 8.294727464619025170e+01
7.340434288523949025e-02 2.007340434288488495e+01 2.766380572476012745e+01 2.338109937356408707e+01 3.699807184535461602e+01 3.114020740853728597e+01 5.114020761526212056e+01 6.194905649411636261e+01 6.353198319667919947e+01 5.136187023012908526e+01 4.876023159517985306e+01 6.034166192957975028e+01 8.033646114108128700e+01 8.546438872739879855e+01 7.718457905799229479e+01 8.546438872739500425e+01 8.230220972873455310e+01 9.358100859902783952e+01 9.073719386494289552e+01 7.662178526339538109e+01 7.926852404433988397e+01 9.338154957622603547e+01 9.954535576157518051e+01 9.128220779527691775e+01 9.277515926180421957e+01 8.863977874514587540e+01 9.690666841553644417e+01 1.068903826855278396e+02 1.078637628321292965e+02 1.071610704216288923e+02 9.882356320235210489e+01 9.882356308928093824e+01 9.450158397835701862e+01 7.427789189054681174e+01 7.427789189054681174e+01 8.858731427121098534e+01 8.254684657882243926e+01
3.515918393995972474e-02 3.814803914032240506e+00 7.663805708629761959e+00 1.183409398977129356e+01 1.699807178471460745e+01 2.366473845138139254e+01 3.366473845138174426e+01 4.780687407696498070e+01 6.780687751215216963e+01 7.138615232930045806e+01 6.879245843392835980e+01 7.706712266593882532e+01 8.860598371663105866e+01 8.082471517442576214e+01 7.234994025376985860e+01 8.082471517442576214e+01 9.826061267059215254e+01 9.128821952251594496e+01 8.074508557463202862e+01 6.247524374322651397e+01 6.512555707343284439e+01 8.511588366270120787e+01 8.801057134811122751e+01 7.129101965557993026e+01 7.278632684733250358e+01 6.864206188191374736e+01 7.865217443856833768e+01 9.862738305172319997e+01 1.102612521441788118e+02 9.882356320235210489e+01 7.857779831019705341e+01 7.857779831007955806e+01 8.801700623707063187e+01 8.020127416243762752e+01 6.017510608171119912e+01 8.020127416243762752e+01 8.268547615233318027e+01
4.608085242692564615e-02 2.004608085242657012e+01 2.180594133238166421e+01 3.183409401986671483e+01 2.816402560916870712e+01 4.366473859230490007e+01 3.999467007433000987e+01 5.999467081834566073e+01 7.103323227987340260e+01 7.928653695735118845e+01 8.405310118869682867e+01 7.577504516738460438e+01 8.405310118869682867e+01 7.064214184974107980e+01 5.202404858317038361e+01 6.666955816404453117e+01 8.407964946402324813e+01 8.302075174583197281e+01 6.303046796377253713e+01 5.247069150580480823e+01 7.247289102415854245e+01 8.910441616253525865e+01 7.906795949886884500e+01 5.973154967369507773e+01 5.863066833767127406e+01 7.864092031352983270e+01 9.690666841553644417e+01 1.068903826855278396e+02 1.019120278328534255e+02 8.160244617250597798e+01 7.157595108674323114e+01 6.443876552491337861e+01 6.789002525216487527e+01 7.386844142123504753e+01 5.390579929357241440e+01 7.386844142123504753e+01 7.432538553706895357e+01
1.610643649003322755e-02 1.415824206022110943e+01 3.415824206022181642e+01 5.009021624402507911e+01 4.816402576858013163e+01 5.644830462632594958e+01 5.999467081834566073e+01 6.775983405257431968e+01 5.105199642399114879e+01 6.775983405257431968e+01 7.405722394336164882e+01 5.578049085235757332e+01 7.405722394336164882e+01 6.218699441847013532e+01 4.174854691060668443e+01 6.218699441847013532e+01 6.379425572080422313e+01 8.083631925973431009e+01 6.084278186216393181e+01 4.669971394327725989e+01 6.084278186216393181e+01 7.618845674036543869e+01 7.079210926485623645e+01 5.078382872284785066e+01 7.079210926485623645e+01 8.690163496672974475e+01 9.110345767383692817e+01 9.937125833572473255e+01 1.102612521441788118e+02 1.001288341225391747e+02 8.012166853120884014e+01 6.010517848079502556e+01 5.384573157148584244e+01 6.747911802704454942e+01 4.839749872373915451e+01 6.079737879207155515e+01 5.844013133170300733e+01
2.022278438842990689e-02 1.156722816818104782e+01 2.570936379191224930e+01 4.570936379191295629e+01 4.562003439398822735e+01 5.149221431102026969e+01 5.695669272775737824e+01 4.863574970883579596e+01 3.917740872882378511e+01 5.949706037973842854e+01 6.577776800987109596e+01 4.578743149023333103e+01 6.577776800987109596e+01 5.554160876647785727e+01 3.525637937503459085e+01 4.364893389784783295e+01 6.379425572080422313e+01 6.883844202436129933e+01 6.222683221809925413e+01 4.223265121228076424e+01 5.619835981936484615e+01 5.619835970573706874e+01 6.652628400220145011e+01 4.652237648984584695e+01 6.652292519597062892e+01 7.477970658260183257e+01 7.111386702967324425e+01 9.011418617131612052e+01 1.000973712845974148e+02 1.003728331753041232e+02 8.011138797040538861e+01 7.900616709833467155e+01 5.902311755390044112e+01 4.756909059402834572e+01 4.358901722915526733e+01 4.088224428037385394e+01 3.853136637239791185e+01
6.642187732006160639e-02 1.420855750105113735e+01 3.420855750105521054e+01 4.005430123375569451e+01 2.616840051396958700e+01 3.186565217081829360e+01 4.021082197865779762e+01 2.799897565007526978e+01 4.270971315039658123e+01 6.294246753933855132e+01 5.911432250332511984e+01 3.913154946101051479e+01 5.911432250332511984e+01 4.954936205059330945e+01 2.940382519609319445e+01 4.954936205060643317e+01 6.298084826718729801e+01 4.885395959484781514e+01 6.298084084760886014e+01 5.619835981220337118e+01 3.621425545396625267e+01 5.469221233013136185e+01 5.708257846061655982e+01 4.252663465757100170e+01 6.252351859965735059e+01 5.477295257872868461e+01 6.184857775268984170e+01 7.186065971883019188e+01 9.184826030082783177e+01 1.062751825984020115e+02 9.614208217656991451e+01 8.736214385961051221e+01 6.886718738750201396e+01 4.899942130796524964e+01 6.349713560671690971e+01 6.079737879207155515e+01 4.248815687862064294e+01
1.591255364720534082e-02 2.001591255364413868e+01 3.226524451813308758e+01 2.400779736590802571e+01 1.256570566561686420e+01 3.186565214186603967e+01 1.995123133496569778e+01 3.255341653156282433e+01 4.094135387266122450e+01 5.407307203011458085e+01 4.579507512694886628e+01 3.336847160757233155e+01 5.334579280575571403e+01 4.486092212639072585e+01 2.478608392081037337e+01 4.217688122444402410e+01 4.396467030383480079e+01 3.473076778285141586e+01 4.763616346074436336e+01 4.954066695113224483e+01 3.237786792778162237e+01 3.471027591138945922e+01 3.709304765190874775e+01 4.193461291560262083e+01 4.692951047852084656e+01 6.693436727438114531e+01 8.185446000982888393e+01 9.011418617131612052e+01 1.000973712845974148e+02 9.787723171055053228e+01 7.761444650751496965e+01 6.764733327257920337e+01 5.957242251916682818e+01 5.366860856978342298e+01 7.349140642217058428e+01 6.699428087675069321e+01 4.704891938660902895e+01
6.189296070378335485e-02 2.006189296055821458e+01 2.250493387407410850e+01 4.005085299049546244e+00 5.054825490662999243e+00 2.505875021423753424e+01 2.765604069437928203e+01 1.316548795673288375e+01 3.255341653062050966e+01 4.579507512694886628e+01 2.581354593525905727e+01 4.579507512694886628e+01 4.636334207676850383e+01 3.808183861953184390e+01 2.039620673130527351e+01 2.218277698828886457e+01 2.398198117014245412e+01 2.579973875852821052e+01 2.766731560025250758e+01 2.957220383221999782e+01 4.954066695113223773e+01 5.469221273270242989e+01 5.122421381504584303e+01 4.311307311130290287e+01 6.312624555047121078e+01 7.521248193211626187e+01 8.248530135632545068e+01 9.079424131787203578e+01 1.008323853717316183e+02 1.062751825984020115e+02 9.507062954306636016e+01 7.498876487964500370e+01 6.108542007416421171e+01 7.349140642760357878e+01 8.183343197827291249e+01 6.609259994978893360e+01 5.202037704751432301e+01
2.247884206357958492e-02 2.002247883872754741e+01 2.526635671655514948e+00 2.252827295782428152e+01 2.499131128047465111e+01 6.560310974787888938e+00 7.649872405963776600e+00 8.744394837106241880e+00 2.875694986099157902e+01 3.864068085653980233e+01 2.121208844334749699e+01 3.488701678038868437e+01 3.617520164751321943e+01 1.806332789098105351e+01 2.048586954696693141e+01 4.047996791165916619e+01 4.396467034161344856e+01 4.577351156027227574e+01 3.919087087498845534e+01 4.954065525441895090e+01 4.219486312244345783e+01 5.632693429915734384e+01 7.122281464999987577e+01 5.725925281623863583e+01 4.977533246921813515e+01 5.532277439327256019e+01 6.240375311742239717e+01 7.244022644768550379e+01 9.253037626496541179e+01 1.051220270078607513e+02 8.629466235524247963e+01 7.325537322927620210e+01 6.982523843321909851e+01 8.922174139776250001e+01 9.460373383594600227e+01 7.776178995622026946e+01 5.775241917627764110e+01
