LEM/with_lateral_4open/elevation_000520.asc
nrows	100
cellsize	150.0
xllcorner	0
ncols	100
yllcorner	0
NODATA_value	-9999
[rows 34 to 50 of 100, columns 0 to 36 of 100]
2.064481644892168788e-02 1.882287830151120644e+01 2.904266919662849844e+01 3.883516012268943740e+01 1.897213712116777273e+01 1.528198982303664089e+01 3.460922073545618360e+01 2.562591900860821070e+01 3.614165794106403951e+01 4.050952918751849552e+01 2.049332076448490270e+01 4.051008168902863105e+01 4.715100979269144688e+01 3.883846042789307518e+01 2.260772798342721401e+01 4.262053134285132927e+01 5.504472635404192005e+01 6.338118992627668291e+01 7.341382110486557622e+01 7.618109070146768147e+01 5.930743844553661148e+01 7.618109070146768147e+01 6.797520541468740873e+01 7.167933035241230755e+01 5.617046976705567118e+01 5.467568439000059044e+01 6.020273595775924491e+01 7.178268661160096542e+01 9.202893010279530017e+01 1.096590546784677116e+02 1.073121282056379755e+02 9.912277235414559584e+01 9.655030453505109733e+01 1.047431601321649595e+02 9.463093594529074437e+01 8.453294320671277262e+01 6.454052479883512206e+01
2.905961989428186565e-02 2.002905838419949447e+01 3.818276941951876324e+01 4.721708497765634860e+01 3.308769214635844946e+01 2.696932041601985830e+01 4.389015494392756978e+01 3.266526016118831421e+01 5.222280424203543703e+01 4.477879845458404162e+01 2.475674206320048754e+01 3.890142663579397464e+01 5.896802921061623692e+01 4.721250762722942085e+01 2.719654705248987980e+01 2.745895276131618346e+01 3.501700902644260083e+01 4.501371658358055328e+01 5.918150451820549307e+01 7.930398169238168293e+01 7.945095911811988287e+01 8.782218877749261310e+01 8.223199880056610311e+01 8.463627292603304397e+01 6.616740027530049417e+01 7.475475149613197345e+01 7.104552145953844899e+01 8.871627317291745385e+01 1.003987198032759238e+02 1.086487304608123878e+02 1.057564596677223392e+02 9.989103955944139557e+01 1.020812938492110362e+02 1.004617519455531465e+02 8.058992137213743945e+01 6.646640102911962344e+01 5.742362679826454297e+01
3.542675937824442400e-02 1.006211597764084686e+01 2.437618409635078010e+01 4.463484238198254417e+01 5.306296371606865847e+01 4.785892122466663068e+01 5.631815045063406444e+01 4.141580155773597482e+01 5.995092498316856933e+01 4.949957884717446177e+01 2.947100387861520332e+01 4.361663801438338339e+01 6.370225439233718134e+01 5.206828393440062541e+01 3.204740532556206745e+01 4.747517937562052026e+01 3.311553688418030106e+01 5.313819055174905515e+01 6.566555316465834835e+01 7.277096366255712212e+01 8.111577914517106080e+01 9.118996940905883264e+01 1.024741795255310990e+02 9.473723478596826908e+01 8.636356885612767087e+01 9.473723478596826908e+01 9.125893249757760373e+01 9.962423833808450979e+01 1.027876871294275674e+02 8.862550005577243439e+01 8.572882719413242114e+01 7.986264675921341905e+01 8.205369417880142180e+01 1.020812938492110362e+02 9.463093594529074437e+01 8.572452798761207760e+01 6.752258449177769251e+01
3.411803931810562102e-02 2.003411803931775026e+01 3.023683246512078071e+01 3.605325120559370333e+01 4.288297225744830854e+01 5.146083391143010743e+01 6.201845292408705035e+01 5.238626339045340075e+01 6.816077028098501955e+01 5.485555346097907403e+01 3.481533148386345289e+01 4.896453381817077855e+01 6.907773297885309205e+01 5.724015232290064858e+01 3.720959218546354919e+01 5.724015232290064858e+01 4.725936549966682776e+01 3.928472477185208334e+01 4.560468972104607133e+01 5.267382787784429610e+01 6.269585640682475969e+01 8.284607091828932823e+01 9.231438638184270928e+01 8.400639505162915555e+01 9.231438638184270928e+01 1.015393428943507530e+02 9.334523592746977272e+01 1.015393428943507530e+02 9.449016846014806958e+01 7.445289224801825867e+01 8.181748227289976683e+01 6.567559018065909981e+01 7.863893725564837212e+01 9.867562230112896771e+01 1.000776851935366665e+02 9.567950144511921451e+01 8.163980551990086099e+01
3.327314952832965272e-02 5.033274265557674099e+00 1.019727038561358512e+01 1.597099005591801379e+01 2.263970616534636093e+01 3.267900808303836868e+01 5.339877982477342044e+01 7.114246361268062913e+01 7.904357022425516277e+01 6.195066440347949310e+01 4.188266016062777197e+01 5.485555346097908114e+01 7.500063482228173939e+01 6.302781507812577644e+01 4.297876317987772410e+01 6.302781507812577644e+01 6.733092972330466353e+01 5.932175113351601681e+01 4.870914094819559637e+01 6.288699444881579836e+01 8.111577914517106080e+01 9.118996940905883264e+01 8.227146198217417350e+01 6.390870659804488696e+01 8.227146198217417350e+01 9.157712867121738043e+01 7.336194596310770066e+01 9.157712867121738043e+01 9.598492762195999717e+01 7.594913426513940635e+01 6.174973252454572048e+01 5.856091595520366155e+01 7.863893725564837212e+01 8.371977578511591389e+01 8.004341953888508954e+01 1.000776851935366665e+02 1.015097927713984376e+02
6.779948344387334846e-02 2.006779948344351894e+01 3.023683246512078071e+01 3.605325120559370333e+01 4.288297225744830854e+01 5.146083391143010743e+01 6.228041188516733939e+01 6.368891623969435756e+01 6.948245570765561752e+01 7.032437515657862548e+01 6.195066440347949310e+01 5.604640747571386328e+01 7.620480155422657731e+01 7.136879121113622659e+01 5.297811770510487150e+01 5.713542303158274649e+01 7.725330787170933888e+01 7.712751514904161354e+01 5.872218555701894616e+01 7.712751514904161354e+01 9.136803584926742872e+01 8.959856130216962811e+01 7.395755082483705678e+01 5.385593000563476096e+01 7.395755082483705678e+01 8.335359094528867274e+01 6.333744229542824655e+01 7.334551662035850939e+01 8.159289180376639194e+01 9.011598163275866114e+01 7.284291175434499621e+01 5.274246163962623513e+01 7.213548108094352074e+01 6.365518878763820965e+01 8.371977578511591389e+01 8.868931408890219359e+01 1.087167390006496817e+02
9.516927588586144779e-03 1.415237678919075570e+01 3.418307763107983277e+01 4.868798644145839916e+01 5.674804068581997996e+01 4.985729624956675821e+01 5.734494146651098845e+01 4.381519595823369428e+01 4.963607386126890475e+01 6.292508199604214525e+01 7.116819783079957062e+01 7.620480155422657731e+01 8.460234283744335926e+01 8.142698453868506192e+01 6.717204593369143595e+01 7.725330787170933888e+01 8.560215939068977775e+01 8.719372415618349237e+01 7.885009160698982100e+01 8.719372415618349237e+01 8.862995159228749742e+01 7.703599764780936709e+01 6.120262861511653085e+01 4.717689733045863676e+01 6.725701055169271569e+01 7.374626512463467520e+01 6.548359938928355461e+01 5.330148193260735923e+01 7.334551662035850939e+01 8.469524213778996113e+01 6.873992455590091311e+01 4.862923379309619065e+01 5.203519297385629017e+01 5.964787411187207766e+01 6.864062105962038629e+01 8.868931408890217938e+01 1.003746757701215842e+02
1.945935296826603253e-02 2.001945935296791035e+01 3.064180406902151788e+01 2.880135371004669409e+01 4.391472548297050338e+01 2.986002157996783168e+01 3.899165238225468499e+01 2.969769389141635330e+01 4.963607386126889054e+01 4.298499144258263271e+01 5.709277620930797070e+01 7.700551372628294189e+01 7.932352281867316890e+01 8.756010608761776837e+01 8.733456980972717076e+01 9.445929531322491357e+01 8.617489758390765076e+01 9.445929531322491357e+01 9.075383555123754320e+01 8.244795670561349255e+01 8.031887112870757051e+01 6.023068032698764540e+01 4.864640018214493011e+01 4.114855649797166137e+01 6.120262861475575278e+01 6.548359937692421795e+01 4.542077923599435252e+01 6.548359938928355461e+01 8.159289180376639194e+01 7.639322451475378273e+01 5.630605815300368988e+01 4.468393460935717343e+01 5.891446787319467404e+01 7.899491138490255082e+01 8.802285244816010845e+01 9.698665563730271799e+01 9.209259129479308115e+01
5.600688922766024203e-02 2.481363139590817557e+00 1.248128248670923490e+01 2.864409408025045423e+01 3.129474813226716279e+01 1.572178158290411787e+01 1.900975579860268994e+01 2.278937492031366574e+01 3.034776797295521789e+01 5.031386141625419839e+01 5.923738356586203935e+01 6.524777084841103658e+01 5.941740348172867670e+01 7.932352281867316890e+01 9.371202125535846505e+01 8.444533368357106440e+01 6.613553461374449682e+01 8.444533368357106440e+01 7.916778006329467132e+01 6.237391147420456150e+01 7.916778006329467132e+01 7.174372971671760979e+01 5.602468945951911650e+01 3.599048574493343722e+01 5.602468945951911650e+01 6.075474732900175212e+01 4.069134802170638210e+01 6.075474732900175212e+01 6.856987521532137464e+01 7.666105272040707064e+01 6.186226288011849306e+01 4.175623637207191052e+01 5.597893300241177883e+01 7.606587766279224638e+01 8.911989483025578807e+01 8.081891316404336578e+01 7.680777519346133886e+01
8.215197286175310309e-02 2.008215197286139642e+01 6.073469176675183157e+00 8.655458065355418285e+00 1.130452274581024241e+01 1.797110281787330877e+01 2.504122323502312497e+01 4.276335911238701470e+01 2.927772919059930246e+01 3.412747697698917193e+01 3.928912022708346541e+01 4.531357138801136131e+01 5.683288124797626040e+01 7.674272381264644594e+01 8.542481472034552326e+01 6.537954948754303075e+01 5.608104316289774260e+01 7.615521609882601695e+01 7.085820128753474023e+01 5.076687000823674367e+01 7.085820128753474023e+01 6.342842249618244210e+01 4.336927659574506322e+01 3.182547959329698273e+01 5.184726921085094631e+01 5.637655465116193909e+01 3.632161622386017541e+01 5.636937301604748285e+01 4.944694518108816794e+01 6.550268749312519390e+01 5.903916349265999486e+01 3.895066681527286079e+01 5.316241937780505822e+01 7.325314280710634307e+01 7.751265252112833082e+01 6.068807385204942051e+01 5.666988375458796412e+01
2.613274238814250472e-02 2.002613274238778729e+01 2.608028858315378784e+01 2.864855159237659876e+01 2.544380165499109836e+01 2.762896731391046501e+01 4.493560068728478996e+01 3.656319861701342688e+01 4.924592593712960564e+01 5.408676411946169083e+01 5.340350927024910277e+01 6.524777084608675182e+01 7.348875473586764429e+01 8.497960776905917157e+01 8.356790841464868436e+01 6.905792419397288029e+01 4.896884794703071719e+01 6.905792419397288029e+01 6.375484299220627804e+01 4.366609449199073367e+01 5.477088154633047168e+01 6.308622291637355772e+01 4.806350663008502977e+01 2.804941315620468956e+01 4.292277770416763616e+01 5.113112292885899990e+01 3.224070576362864671e+01 4.663265527028117674e+01 3.809312471536534161e+01 5.745779855457043084e+01 5.267034724064151163e+01 3.625316682023766646e+01 4.784334183607270319e+01 6.793983317228172325e+01 6.919634309649151760e+01 4.919720588326171651e+01 6.409318318870408859e+01
7.532853315450405152e-02 1.162233391694712203e+01 2.576446954067832351e+01 4.576446954067903050e+01 4.542018247052456559e+01 4.759225031462777622e+01 5.582499244956606077e+01 5.064012500373859638e+01 5.254957310672663340e+01 7.116284066927740071e+01 7.332160201151067724e+01 7.108723816805317597e+01 6.276118739931771984e+01 7.108723956618963769e+01 7.527780932500884603e+01 5.520512642352225896e+01 4.360030083990972116e+01 5.699270146448969143e+01 6.529854778224257927e+01 5.477088154633047168e+01 3.470044438782534257e+01 4.718496934265127862e+01 4.923239491309665539e+01 3.815271483101689398e+01 2.288964342956593256e+01 4.287065505090687623e+01 4.375644576057302970e+01 2.658817321659680033e+01 4.515322797879028371e+01 4.893510831087701263e+01 3.260499278510341270e+01 5.267034724064187401e+01 6.465166486990391093e+01 7.624769245743186730e+01 6.472439501700883113e+01 4.480159307276899483e+01 4.416949852704981083e+01
6.101047412966256744e-02 2.006101047412930782e+01 3.056910007232007942e+01 3.658994584010302020e+01 4.364157805115925726e+01 5.186984601891339253e+01 6.321893949396164913e+01 7.050418408273202431e+01 7.110111878019067433e+01 7.002410162727950649e+01 6.164720263450332993e+01 6.101277428734174890e+01 4.259235080986890409e+01 6.101277428734253050e+01 7.403954351946885026e+01 6.858701174086857577e+01 4.850507726346242521e+01 3.691671321934126837e+01 5.131435823640243399e+01 5.962225743370189690e+01 4.718496934265127862e+01 2.714005239133894065e+01 4.030961949352952445e+01 2.158691554762231490e+01 4.161155116998359915e+01 2.424532146933525567e+01 2.520743056628047896e+01 4.524741681854333564e+01 2.802769868281625421e+01 2.904755397492164093e+01 4.904212006390174139e+01 5.896323066110743127e+01 6.768248371778724959e+01 6.578023128398235997e+01 5.746812475029714307e+01 4.057068486323238687e+01 5.461155319279703235e+01
6.842009524227352091e-02 5.232397875815502530e+00 1.057762237101156444e+01 1.660784218366495324e+01 2.367879453454563077e+01 3.521976506677200547e+01 5.499823732915729124e+01 5.335921289390668676e+01 6.264744440657965896e+01 5.810278799395895533e+01 4.111290350510992653e+01 5.267676910336778917e+01 3.256921050205734502e+01 4.556795932762463508e+01 6.552366125079657877e+01 7.688432864229532981e+01 6.529854778224257927e+01 4.543417642125558586e+01 3.125760367530695660e+01 4.621994021833891253e+01 4.732214101320246158e+01 3.903590563166584815e+01 2.029164201365057352e+01 4.030961955036732292e+01 4.992381972260333356e+01 4.297196095467826638e+01 3.215313924227908871e+01 4.695054276060261600e+01 4.862442268980437632e+01 4.909617939441018564e+01 3.063343696146457873e+01 5.068925751737896945e+01 4.758625090163479854e+01 5.465748563227402457e+01 3.754171926717341989e+01 5.746812475029891942e+01 6.880669635925920602e+01
1.934550753332892059e-02 2.001934550753297515e+01 3.056910007222680292e+01 3.658994584010213913e+01 4.364157805115925726e+01 5.186984601891339253e+01 4.999649916763728896e+01 3.252056598306409541e+01 4.999650534006584479e+01 4.968452306680472930e+01 2.958577906356539344e+01 3.803396740363871231e+01 2.563522008300672894e+01 3.705933689709177514e+01 5.719051752827818547e+01 7.295091223602410935e+01 7.381033844614822215e+01 5.962225743370189690e+01 4.621994021833891253e+01 2.618137471968544006e+01 3.896998596542927373e+01 1.901852446435806243e+01 3.903486465758531665e+01 4.860480151428578921e+01 6.350808893902654972e+01 5.898326817670598388e+01 5.389361547921640749e+01 4.421217417656412607e+01 6.383481101829213600e+01 5.900426440259913363e+01 5.068274262863071300e+01 3.223124380071778461e+01 3.340109891149563026e+01 3.457938092398012486e+01 3.608065598069160984e+01 5.616746053186725618e+01 6.664280862167974817e+01
4.364784840791047227e-02 1.159065323228889532e+01 2.573278891324413209e+01 4.573282110512697329e+01 5.284297194079165649e+01 4.463115629119968730e+01 4.118369643892639687e+01 2.099480270893189626e+01 4.113028315893029685e+01 4.374071708656067869e+01 3.801825399229792168e+01 1.816848191785732070e+01 3.803396740363871231e+01 4.826594902761690520e+01 4.458388914425173510e+01 6.464923671094389590e+01 6.815162907790966074e+01 5.984926508721257221e+01 5.452787115036083065e+01 4.142984335030035226e+01 2.140756513405230521e+01 1.811432717902681588e+01 2.628027971949791919e+01 3.522766684958207861e+01 4.941235320482365267e+01 6.943447098572720222e+01 7.273317415294675925e+01 6.423233422772473489e+01 7.274280744272886068e+01 7.198472135055092735e+01 5.678688053768048150e+01 3.669964338426096617e+01 5.346977305792071888e+01 3.943216806468900870e+01 5.616746053186725618e+01 3.822416691998439831e+01 5.243534216056214348e+01
5.219006137575642884e-02 1.419432569906288144e+01 3.419433806156030897e+01 3.652842723182670426e+01 3.641865971062799900e+01 2.460794715736884086e+01 3.394024043104694499e+01 1.401267890854058784e+01 2.519434201054254885e+01 2.481742946375322134e+01 3.391757734480999886e+01 1.326150362631984692e+01 3.397483060849649661e+01 2.825946228353115330e+01 4.826594902760986372e+01 6.421276923987680618e+01 5.984926508721257221e+01 3.978009659522643204e+01 4.565821995375372921e+01 4.441154200217237502e+01 3.610434623073956573e+01 1.724448839384128362e+01 3.727212563017398139e+01 4.987809042042190555e+01 6.350591234316583922e+01 6.156356153662878228e+01 6.986593002702349509e+01 8.144820656685192262e+01 7.788722630675484027e+01 5.779987112851024023e+01 4.357777178068054980e+01 5.678706853874671623e+01 6.455990817705520612e+01 4.444853689406885877e+01 6.456258258569579311e+01 5.832245198464033820e+01 4.040155020129889607e+01
