LEM/with_lateral_4open/elevation_000006.asc
nrows	100
cellsize	150.0
xllcorner	0
ncols	100
yllcorner	0
NODATA_value	-9999
[rows 68 to 84 of 100, columns 37 to 73 of 100]
1.045964454568302244e+02 1.149542883727001339e+02 1.024487509296132117e+02 9.225455492515624201e+01 8.347082522142923722e+01 7.181002812929830270e+01 5.101568320296400572e+01 7.181002820774513395e+01 8.660290107768403800e+01 9.856543793386759944e+01 9.499659020651779429e+01 7.412557259142425892e+01 9.434938700328967798e+01 9.146815258583056618e+01 7.101711878768200847e+01 8.421891755731010676e+01 1.037971618507872051e+02 1.155936061806110189e+02 9.571573615501328902e+01 8.431528401449645571e+01 7.685469696268521034e+01 8.824386580626992327e+01 8.464196367899229756e+01 7.879467691766285498e+01 9.293717523385993218e+01 9.303320232163513026e+01 8.663782547272525392e+01 6.723640719786574493e+01 5.586328420408649009e+01 3.633157403752741033e+01 5.429272330022433835e+01 5.187419235849720422e+01 3.221011755094614415e+01 3.121517312721345760e+01 4.941832118877088931e+01 3.732732529733164029e+01 4.309362964547612762e+01
1.084452071203040617e+02 1.075395019967898236e+02 8.456439699692698753e+01 7.178554764651879339e+01 6.228490747834856478e+01 5.492153384336675970e+01 4.805932096642913365e+01 5.727618687559941435e+01 6.926340214733497191e+01 9.001279056878334472e+01 8.718597619368021867e+01 6.702186150275247201e+01 8.697559438499241935e+01 8.420991396578114063e+01 6.392432716867997300e+01 7.458379395641685505e+01 9.505467912849937306e+01 1.065875458981383730e+02 1.123648459170766500e+02 1.041194068478802990e+02 9.070240658457737482e+01 1.048726383616662901e+02 1.046444039837586786e+02 9.875856268127844828e+01 8.721512356918530884e+01 7.308133961451385119e+01 7.083848882196021179e+01 5.901241721692365161e+01 3.975352267281254370e+01 3.723047788507188471e+01 3.466119965087882804e+01 3.364213367549731970e+01 5.194679957779494828e+01 3.609934990611667160e+01 5.511469501471712107e+01 5.529086290332838871e+01 6.265307029315143694e+01
1.243067387985142886e+02 1.075055567674088479e+02 9.551480642226832174e+01 8.625771655748489763e+01 7.771122033683195696e+01 6.609930839565701888e+01 4.549195701636798361e+01 6.004144911018394737e+01 8.072427422494408233e+01 9.521008752319609414e+01 8.102117402618557662e+01 6.103437804237256614e+01 8.102116802309312504e+01 7.833729904109897291e+01 5.814374771322887625e+01 7.833061150997788502e+01 7.671064208983952426e+01 9.043186458091837210e+01 9.960346192235178364e+01 1.111418197462508743e+02 1.099602445941190467e+02 1.005410040884611362e+02 9.230505830595043903e+01 9.230502309913109116e+01 7.892501757618359193e+01 5.907892844565281365e+01 6.259286484865904754e+01 4.326968268492011305e+01 5.901241721692365161e+01 5.624663015103718067e+01 3.764078880785652359e+01 5.334005963196490541e+01 6.035884841687993685e+01 4.108029092813339389e+01 6.035280680488366301e+01 7.602343990440739674e+01 8.119649695715841631e+01
1.149756988544851311e+02 9.887092290101267622e+01 7.823510735872922339e+01 6.629473334052504185e+01 5.706345571591634069e+01 4.980747972217080388e+01 4.301123384042541176e+01 5.750259769321110070e+01 7.812129344195111003e+01 8.693023656118401732e+01 6.698639286626966793e+01 5.571553011225606866e+01 7.565241064860121867e+01 7.356698383469749558e+01 5.342549437603875617e+01 7.356697576861655818e+01 6.232532248325411928e+01 6.944986808712958748e+01 7.978309714791738827e+01 1.022610268887513882e+02 1.094444187041514311e+02 9.230506019142401897e+01 7.251828424805066220e+01 7.251828421295019211e+01 7.436276940157591753e+01 6.637244469157398896e+01 4.686708375206521993e+01 6.259286468025049999e+01 7.083848486567434577e+01 5.971421834414652352e+01 4.035349718350953196e+01 5.971421831428860827e+01 6.839131111520268291e+01 6.035934428362720894e+01 4.937188708270176818e+01 6.037021799190669924e+01 7.975695950357597042e+01
1.011142032990500610e+02 9.085237434249256694e+01 8.211748507246592510e+01 7.517960519354835469e+01 6.920658335951407025e+01 6.120088045723721137e+01 4.073270282684973864e+01 6.120088045723605319e+01 7.892964899010470958e+01 8.744375755302505127e+01 7.064615637372709500e+01 5.072359786443080765e+01 7.064615637372824608e+01 6.464354089105259504e+01 4.905370016931771460e+01 5.377551956727892701e+01 6.381547364817632229e+01 7.847505707902892880e+01 9.956221835840504752e+01 1.108335741928808744e+02 1.012727777252230794e+02 8.162750845003492373e+01 7.831369412476701086e+01 5.846833850262026999e+01 5.453864434936393479e+01 5.085252311285230320e+01 6.637264659257488120e+01 7.463141184916166537e+01 6.578459151627990309e+01 4.586746920538175942e+01 5.971421834414652352e+01 4.660593680382375226e+01 6.681797401707773076e+01 7.657702592274796416e+01 6.023781080416339506e+01 6.856401907382181093e+01 8.775806873721049328e+01
9.283163289663343676e+01 7.172564083203079122e+01 6.139210160438289421e+01 5.455043192642290251e+01 4.865723007982285253e+01 4.341080778674986362e+01 3.850008597700294644e+01 5.000330847587864724e+01 6.320028632512172351e+01 7.323511304249377929e+01 6.033831018141972891e+01 4.644952302682830947e+01 6.463337275333478260e+01 4.456457558625537985e+01 6.464355028162059114e+01 7.397393460004188626e+01 8.251129280713583114e+01 9.325160389405391470e+01 1.096832596704272049e+02 1.094216937315606231e+02 1.016698936358073126e+02 8.523248348000893770e+01 6.552683754148530682e+01 7.831369412476701086e+01 5.958202308320181828e+01 7.056466529997922521e+01 6.325926786523598366e+01 8.313452215716280591e+01 7.031409479888574765e+01 5.029838972234207972e+01 7.031409479888574765e+01 6.089907798280382423e+01 5.457745555114826885e+01 7.515570479103024581e+01 7.769983653075560426e+01 8.691493605076297513e+01 9.592213573281405559e+01
1.018966959040327964e+02 9.085248903691200439e+01 8.213981657472814391e+01 7.517962809487971754e+01 6.920658337089777490e+01 6.388820900681555770e+01 5.599342631896377753e+01 3.564412644415155285e+01 4.523310928159156674e+01 6.480594306238322133e+01 6.240181869265813930e+01 4.242302692206811798e+01 6.158887149219224000e+01 4.152907625553210380e+01 5.156570911450123873e+01 6.313122302406908659e+01 7.731572107463705379e+01 9.739589723978595259e+01 1.032003435325705283e+02 1.037625025316760912e+02 8.556599571344372634e+01 7.438967718543888452e+01 8.523248348000893770e+01 8.607360766940507801e+01 6.620010518479527661e+01 8.607360766940507801e+01 7.729818845614587985e+01 9.141441534250904510e+01 7.519751776494236140e+01 5.534164967874818331e+01 7.519751776494236140e+01 8.110745309729838937e+01 7.515570479103024581e+01 6.403843976112204928e+01 7.639606894477779520e+01 9.772505630629227369e+01 1.043353209187888240e+02
1.138367563195845804e+02 9.590357938057533715e+01 8.649200548705329084e+01 8.264128726424314664e+01 7.419210940861970016e+01 6.844235862014842553e+01 4.804063789492082037e+01 3.371140379426795874e+01 5.401616354746592918e+01 7.169755930248814479e+01 5.754974203013394884e+01 3.853616216680891426e+01 5.479915075141690295e+01 3.867819671718275742e+01 5.875004692003113860e+01 7.474427904199076522e+01 8.282808577962354946e+01 9.368668616125536630e+01 8.022623542574697808e+01 9.583392388331090217e+01 1.016698936358073126e+02 8.569253045732870078e+01 1.018736643106747124e+02 9.435648375086239525e+01 7.612588240620166857e+01 9.435648375086239525e+01 9.722499098027223852e+01 8.777446431567049956e+01 6.788856576042066138e+01 7.519751776494236140e+01 6.573595866386088460e+01 8.525112526774735500e+01 9.340959751351506668e+01 7.502937231159316411e+01 9.340959751351513773e+01 1.068063276402022836e+02 1.126163523023555939e+02
9.421704156357583315e+01 8.646990015375554606e+01 6.436149446407409869e+01 6.891043334253649277e+01 5.380586181939306556e+01 5.798796434087498142e+01 5.208444734234905837e+01 3.181316428189431633e+01 5.208444734234905837e+01 6.782749215160617950e+01 5.439574121603570944e+01 3.478357592356965000e+01 3.472347829436993294e+01 4.107508441200955929e+01 4.806691860585814169e+01 5.606612744313490282e+01 7.186012887765907919e+01 8.425050500136572396e+01 6.433552981073756882e+01 8.341125476424502949e+01 9.377713790840343222e+01 1.049938745897920001e+02 1.129740080137703302e+02 1.043271307063386502e+02 9.602133293260835956e+01 1.043271307063386502e+02 1.013153229704211924e+02 9.614117467088246372e+01 8.188391420257012498e+01 8.525112526774735500e+01 7.941258739019652069e+01 8.809239089059965977e+01 1.049059281560621315e+02 9.650170324688562573e+01 1.050598031317075396e+02 1.119534696000972929e+02 1.004060863874359342e+02
9.423013814307118707e+01 8.401315428546830333e+01 6.394140450282344545e+01 4.937456354946621673e+01 4.210637696227792759e+01 3.770598856609520055e+01 3.375182354215863967e+01 2.993819202961223525e+01 4.525089298117258352e+01 5.539103990357889984e+01 4.008384458274608164e+01 3.110408275516983778e+01 5.125701711850724251e+01 6.081205456793070141e+01 6.740372290895612650e+01 7.474427904199076522e+01 8.282808577961699825e+01 7.603825949639372084e+01 5.458456177378187846e+01 6.080974085000821105e+01 7.753918045823976968e+01 1.026221540747143877e+02 1.032169080360903308e+02 9.497579093760928970e+01 1.032169080360903308e+02 9.545716988895807731e+01 8.131726628568927140e+01 9.545716988895807731e+01 1.019955102885556784e+02 1.052809749460171673e+02 9.934660259615957045e+01 9.527309807169018541e+01 8.699022377402197037e+01 8.958514777379080840e+01 9.786788653908986646e+01 1.036733444988178263e+02 8.366827286469616354e+01
1.022018573746626231e+02 8.440034767642600855e+01 6.398514667530619704e+01 5.223112224693437611e+01 6.242223609032354403e+01 4.938386289610097890e+01 5.401020204560862226e+01 4.184423182605133462e+01 2.756148618284570517e+01 4.543839106842432329e+01 4.654530694127389268e+01 2.864123624666901335e+01 3.964784645900694926e+01 5.452660460552950639e+01 7.487362468476912625e+01 7.758509793313788805e+01 7.660924885510200966e+01 6.815579736807195843e+01 4.713523821711856954e+01 6.786023958312186721e+01 8.159225079502623146e+01 9.658121570916425469e+01 9.099458547902386840e+01 7.518404553673663315e+01 9.330579445140885753e+01 8.651261703582892437e+01 6.717201022131284560e+01 8.651261703582892437e+01 9.984465824502974840e+01 9.002342581567535262e+01 8.174016245925457724e+01 8.174016245925457724e+01 6.698880519002968015e+01 6.958428117245632905e+01 8.958514777379080840e+01 1.026702543384020174e+02 1.004060863874359342e+02
1.010212631228243367e+02 9.285777982085323856e+01 8.106642739594200009e+01 6.398514660180484981e+01 7.818267882925947276e+01 6.974138549029804324e+01 7.054231014305037206e+01 5.619334252187898926e+01 4.543839106842432329e+01 2.522043294612813824e+01 2.413315854077787037e+01 4.513336978662646715e+01 5.142010532611303120e+01 6.690990819779160859e+01 7.165767173742779050e+01 5.737155016193118939e+01 5.615101937637813734e+01 5.607759835430481132e+01 4.197123484661855741e+01 5.233742011865048482e+01 7.306751840205662063e+01 9.099458547901510030e+01 7.166985947980067806e+01 6.529574467335881138e+01 8.507991823717297564e+01 7.822914861137684284e+01 5.823439514689098218e+01 7.156423078988159148e+01 9.062895861194071756e+01 8.174016245925457724e+01 6.174568195550087069e+01 6.174568195550087069e+01 5.545304547018395880e+01 6.438576135915249665e+01 7.438669268814709312e+01 8.853174323073010044e+01 1.085266715840612903e+02
8.086615962258571244e+01 9.510273924540993562e+01 9.285242630489752003e+01 8.439995887705006794e+01 8.020335062347228927e+01 7.111419082948934545e+01 6.269772292656734436e+01 5.594777457486561900e+01 4.379736464038793997e+01 2.356775224355700260e+01 4.205612572140558569e+01 4.377501289001551044e+01 5.445300251167888206e+01 6.474388883691678132e+01 6.154229571730132875e+01 4.304706780639843799e+01 5.067890083376519073e+01 3.565308060439500792e+01 4.748815110863780831e+01 6.798471749975097111e+01 8.159225074743602590e+01 8.973631032407696750e+01 7.760220350220281205e+01 5.776141557563311579e+01 7.760220350220281205e+01 7.156423078988159148e+01 5.158783438551372313e+01 6.235542105404019964e+01 8.234607982050532371e+01 8.076332543682123344e+01 6.760192970874807372e+01 4.764013107003768255e+01 6.760192970874807372e+01 7.828608058885380672e+01 8.722840876979296354e+01 9.877524572520833601e+01 1.103771297556198903e+02
6.670346017010867001e+01 8.674952844503049221e+01 1.050657723246620492e+02 8.616133000859829849e+01 6.582018471562007278e+01 5.147656761117603708e+01 4.244676006945869773e+01 3.573190827256826907e+01 3.052535572190699398e+01 4.201594071914897199e+01 2.182605947988370332e+01 4.035775864848837813e+01 3.575283550465973548e+01 5.827715041699698162e+01 5.316951451934216522e+01 3.290809283551417508e+01 3.031269572989999261e+01 5.067890083376519073e+01 6.461269628019392997e+01 7.642688486407280379e+01 9.556705518602251459e+01 7.563911963299609909e+01 6.150979286667256929e+01 5.232409430451395593e+01 7.233258589096887192e+01 6.602377528719368627e+01 4.608696656195472485e+01 6.602377528719368627e+01 7.618191140009372475e+01 6.664245901612048328e+01 5.252159259541978997e+01 4.343228800836386938e+01 5.003207215439673661e+01 5.895028413331473871e+01 7.049138704132869293e+01 9.049268999961641669e+01 1.021013705819880641e+02
6.773385416306597051e+01 8.776618833577275325e+01 8.505754216299825998e+01 8.505609039628849644e+01 8.019813354655657633e+01 7.111419077285675883e+01 5.223106807173851962e+01 5.594777457486561900e+01 5.072696237499594929e+01 4.673371338571339351e+01 2.656428356596577345e+01 2.008757942930064289e+01 3.870013801421831801e+01 4.704328789881947159e+01 4.118985674864076429e+01 2.522304701444173602e+01 3.538272314295041809e+01 4.971479227374662457e+01 6.994509500142019931e+01 6.949591145199045172e+01 7.780709535631613960e+01 8.147587681967461037e+01 6.150979286667249823e+01 4.707134020297235821e+01 6.152287794594670345e+01 6.144995768245593837e+01 4.161025605160441643e+01 5.532729283467843828e+01 6.209371035824981533e+01 4.800550931640593433e+01 3.860208909355621643e+01 5.836761695651240700e+01 7.000305383164452167e+01 7.828608058885380672e+01 7.634667204123843476e+01 8.462963314153398642e+01 9.308129092718495201e+01
6.773381044331193834e+01 8.178832402197402018e+01 7.350176765421042546e+01 6.504183279158638697e+01 8.505719840376518448e+01 8.117479746479973812e+01 7.259829261360516739e+01 6.166065179223971882e+01 4.743271089027627596e+01 3.736235408734518870e+01 4.673439343189326678e+01 3.870013801421831801e+01 1.839339908394526191e+01 3.705053622188248141e+01 2.089339718436335502e+01 4.118985674864077140e+01 5.388948309963677730e+01 6.401116614971850538e+01 6.206995075406395301e+01 4.943867084549911084e+01 6.622573430768231617e+01 7.780709521340121171e+01 7.562305166050248317e+01 5.562585308903717873e+01 4.079909619687683175e+01 5.609670863540422658e+01 5.532729283467843828e+01 3.576881002067776194e+01 4.968124662393563540e+01 3.435920409071739101e+01 5.383309387649327959e+01 6.664245901612048328e+01 7.646909554035465817e+01 6.818743379856930176e+01 5.636070165689630329e+01 6.480776665982263296e+01 8.124816808776581922e+01
5.996487613308081421e+01 6.496781282050275763e+01 5.348757000389306882e+01 7.350176765421042546e+01 9.333537554679264758e+01 9.048508837289736562e+01 8.979822880524879736e+01 7.579561026449736971e+01 6.579469637940174209e+01 5.748833789794666416e+01 5.159315564935894827e+01 4.578311573530578471e+01 3.705053622188248141e+01 1.671558070913340543e+01 3.704723705675015566e+01 4.953525493441210870e+01 5.928750178751067068e+01 5.619067515195363427e+01 4.200102858121260141e+01 3.784230140113144358e+01 4.943867084549911084e+01 6.949591145306646922e+01 8.403426730380326148e+01 6.983005528703738207e+01 5.609670863540422658e+01 3.507628100530098436e+01 5.108411651798877529e+01 4.803777519030028031e+01 3.053379841248379378e+01 4.968124662393563540e+01 6.209371035824981533e+01 6.980981028967030966e+01 6.153033619526877374e+01 4.821614098866761111e+01 4.484255350031682497e+01 5.298360034268547025e+01 6.451374545117215575e+01
