LEM/with_lateral_4open/elevation_000242.asc
nrows	100
cellsize	150.0
xllcorner	0
ncols	100
yllcorner	0
NODATA_value	-9999
[rows 51 to 67 of 100, columns 37 to 73 of 100]
8.379337932698537372e+01 7.817356350114893360e+01 7.334881369057838185e+01 8.312790353034900193e+01 6.292296900377969848e+01 5.128456394564692999e+01 7.146284536048617042e+01 8.319921572795895770e+01 9.744202381055983153e+01 9.899031727718704587e+01 9.070000925973275230e+01 7.814029987706139480e+01 8.985840498153073952e+01 1.040718596944282837e+02 1.239915860518113675e+02 1.159466571716080523e+02 9.594635945967139889e+01 8.435554122644300890e+01 7.534380809599599615e+01 7.957455679480251831e+01 5.942390215438449275e+01 7.437168013878346073e+01 7.193022404633829581e+01 6.105203737589520330e+01 6.726814023547542831e+01 6.500736953305370491e+01 6.038190059320962888e+01 4.026428788507454470e+01 6.038145296911007875e+01 6.056756045598286420e+01 4.407614952166758826e+01 5.563959199744063966e+01 7.570787072039355792e+01 9.209142680833782890e+01 7.198518316987811261e+01 5.773287005477816081e+01 7.582596828912299713e+01
7.547775228105156486e+01 6.389055243619797153e+01 5.905867890574413792e+01 7.592478773713006035e+01 6.924799199314497855e+01 4.907573548104264916e+01 6.924799199314624332e+01 7.751965063185724603e+01 8.361811107860158643e+01 9.076357697819213399e+01 9.904686016703203677e+01 9.833160541781029451e+01 8.772222004249279337e+01 1.019554274695434515e+02 1.218865461075902914e+02 1.127299594932878790e+02 9.272021063860823631e+01 8.111954001299382355e+01 7.288347752614768638e+01 6.524549477646584705e+01 7.107333471024058724e+01 8.788010149354228417e+01 8.948293550722078749e+01 8.118037236187184646e+01 8.721142362781532142e+01 6.711857877746835754e+01 5.871695907738009623e+01 3.856743429790404321e+01 5.713716474751094410e+01 4.047306901464110496e+01 5.468544246127375175e+01 7.242676124100282209e+01 8.400837429780793286e+01 8.690001702390161142e+01 6.678097424336677079e+01 5.254447460519960345e+01 5.569308108633871512e+01
6.699523725312729994e+01 5.865979778821725432e+01 4.742941716933126628e+01 6.234941564748720566e+01 6.426247915555697432e+01 4.690519479465554298e+01 5.193479384096264795e+01 5.731134235514796416e+01 6.339180597792718430e+01 7.055314740884136882e+01 8.226514940656723240e+01 1.023726449332538948e+02 1.019554274695434515e+02 1.019554274695434515e+02 1.218865461075902914e+02 1.209942488064802149e+02 1.011773256056217747e+02 9.222589744547489943e+01 7.800980155388207038e+01 7.690117464401534164e+01 9.118744206836711896e+01 9.947505147580069718e+01 9.125539668896622914e+01 8.294418705554134874e+01 7.586234120850788543e+01 6.711857878815528977e+01 4.700259690804776369e+01 3.686763951423341013e+01 3.695715628710194522e+01 5.713716474751094410e+01 6.887887706951184441e+01 8.307198893140264317e+01 7.711702713378342366e+01 6.880126932098656312e+01 6.792920021018163368e+01 4.781074229948327314e+01 5.505868818694052180e+01
5.614329648219285929e+01 3.860837658071341139e+01 4.037041372199750100e+01 4.221833985730219041e+01 4.410755948997927334e+01 5.835058357035391907e+01 7.211873817947804355e+01 7.751965063185724603e+01 8.361811107860158643e+01 9.076357697819213399e+01 9.904686016703203677e+01 1.106245279939476660e+02 1.218865461075902914e+02 1.218865461075902914e+02 1.301079902471410321e+02 1.294268545221124214e+02 1.205084435031847789e+02 1.063671704743298250e+02 9.808868219897767915e+01 9.698520119152185259e+01 1.052647511880285691e+02 9.449637119773012728e+01 7.449257422112076199e+01 6.292066310325724032e+01 5.581991454165807198e+01 4.976846431479557964e+01 4.396246731721350187e+01 3.833005853906092852e+01 3.448622291456183575e+01 5.295656250123962394e+01 6.128715389820798265e+01 7.375481801091038392e+01 6.550211994529348658e+01 4.866643111219861595e+01 6.008677455573885595e+01 4.430210748755231975e+01 6.442702625198123201e+01
3.614367238082114397e+01 5.614282034894856821e+01 6.046393651275226233e+01 6.234946439746241964e+01 5.572982623155933624e+01 7.259934416601839757e+01 8.684596816580351231e+01 9.377522009016450966e+01 1.020511177881512879e+02 1.019214015374188449e+02 1.101754968094647893e+02 1.150687610461168617e+02 1.162930320801131074e+02 1.245261441507477542e+02 1.316094196300954877e+02 1.233070339661477135e+02 1.228499469198097529e+02 1.169829328283427827e+02 1.119880349727001914e+02 1.075236916954863347e+02 1.034514477025242201e+02 1.028466633563037931e+02 9.125539668896622914e+01 8.294418705554117821e+01 7.586234120850785700e+01 6.665466560328282242e+01 4.659365879123936338e+01 4.998974537405570118e+01 5.295622756499152928e+01 3.262721118461269754e+01 4.526368559476404130e+01 5.950925935230942798e+01 5.324799932883512810e+01 3.695365735181277245e+01 3.992321196140621709e+01 6.008677468171955383e+01 7.274736311724879556e+01
5.593765227782569127e+01 3.917616763366377342e+01 5.923863466778346520e+01 7.075663339322923662e+01 7.591830443224851876e+01 8.423840173745135473e+01 7.843132947194567350e+01 7.359510116415762582e+01 8.609232957217834326e+01 8.180903266620499892e+01 9.506922014875628690e+01 9.506922014875628690e+01 9.633204775370539608e+01 1.162930320801131074e+02 1.233070339661477135e+02 1.033084702174216005e+02 1.028552282481068545e+02 9.700334140577261621e+01 9.202288488721146109e+01 8.757385191374399369e+01 8.351967842345278825e+01 9.543018662049087197e+01 1.036991109857152509e+02 8.976945410958657590e+01 6.976433253884228236e+01 5.818862525716379253e+01 5.663737861941873319e+01 6.417833409800226718e+01 6.125191657117827049e+01 4.526254477291580258e+01 3.079017672377280945e+01 4.940699418922670816e+01 3.292331056153519597e+01 5.324799927873033312e+01 6.008677465647802762e+01 6.840949327089415988e+01 8.475383113415617231e+01
6.737539577624370679e+01 5.923863466796994715e+01 4.229872974391636120e+01 6.242011235468525854e+01 7.406870739428343597e+01 7.337818816567795466e+01 5.821888981707380850e+01 6.189754633478332835e+01 6.585903233973476745e+01 7.008476252073403145e+01 7.487662154268660686e+01 8.206984650667912717e+01 9.373527925514410697e+01 1.137120479317879784e+02 1.207071600501238606e+02 1.007171353795000215e+02 8.920977358768210763e+01 8.291648309505509928e+01 7.795380730586279583e+01 7.352978297797771745e+01 6.950494329474999233e+01 7.554806758639865905e+01 9.221631918409244122e+01 9.805995183312647612e+01 8.650831362694719928e+01 7.821949178554579873e+01 6.821604085388432281e+01 8.419342084688774719e+01 7.361817422094958374e+01 5.948879393973011531e+01 4.940699409717546331e+01 2.899152265726726085e+01 4.784032977567043332e+01 5.618103160072651292e+01 6.008726104456251704e+01 5.640779075171520418e+01 7.645910670340478532e+01
7.228226201523514760e+01 7.075663357171185908e+01 5.651020123646439686e+01 4.557792284036566599e+01 6.573371251817161465e+01 5.318827970453040876e+01 5.899926066185418705e+01 7.921355121056588189e+01 8.609232957217857063e+01 9.030951995558250189e+01 8.920104618998614399e+01 8.920071153446146184e+01 1.092224559174207457e+02 1.219457803577944901e+02 1.290090849834682274e+02 1.174589449237584944e+02 1.091659139254319371e+02 1.028552282481068545e+02 9.787054195984387661e+01 9.341702470223115995e+01 8.395436103016703555e+01 6.415211535601426363e+01 7.907944192898024482e+01 8.733147763853187939e+01 9.881321223614256155e+01 9.650802732895475344e+01 8.822255032196990499e+01 8.296825529438714852e+01 7.397507133695468440e+01 5.706214227993480392e+01 3.680852418021674310e+01 4.784032970381516492e+01 2.741610395831167679e+01 4.781741079084086010e+01 3.989147610292046409e+01 5.105537310794939287e+01 7.116935508732798610e+01
7.532851818104796848e+01 8.500306590696085607e+01 7.406864429188202337e+01 6.570897119366645711e+01 4.899540876816355706e+01 6.325521585712650818e+01 7.921355121056581083e+01 6.853263484750283396e+01 8.873885450539093256e+01 1.086133590874863870e+02 1.092388298509123956e+02 1.092243622827419500e+02 1.174278751734170640e+02 1.326749967891698816e+02 1.202816171214805507e+02 1.119940123513320600e+02 1.155124371114571886e+02 1.013878039046766304e+02 9.142918206760639066e+01 8.316552824993699744e+01 9.142918444669024325e+01 7.907944192898101221e+01 5.931592243951625676e+01 7.068882110992578305e+01 9.054124312133303931e+01 9.950751589566240796e+01 8.887323548380601324e+01 6.877023781594296281e+01 5.452931057201353582e+01 4.550117941260837995e+01 5.706214227992686716e+01 4.674012400429372605e+01 2.632146541807325590e+01 4.519524990524002561e+01 3.061068255405419691e+01 5.015997346404810742e+01 5.792950140775374734e+01
6.980578054053545145e+01 8.987276429101811459e+01 8.537178382609286587e+01 6.514505244840161424e+01 5.349190882632516519e+01 7.368380485059593354e+01 9.174669028647106472e+01 8.873885450539093256e+01 8.023509229626996841e+01 9.449915807217227837e+01 1.144929689987058907e+02 1.160312870873885061e+02 1.046475434916325611e+02 1.186715332290284834e+02 1.119940123513320600e+02 9.200559102944134793e+01 9.786006408940929191e+01 8.726317069789611480e+01 7.322056176640947456e+01 6.335100347885649086e+01 7.325826586066635571e+01 7.583230599504733505e+01 5.619906419077663884e+01 7.595458536498583157e+01 9.369531100086889808e+01 7.960893567486266420e+01 9.369531100087009179e+01 8.296825529438714852e+01 7.397507133695468440e+01 5.715054174828908629e+01 6.108849206150297562e+01 4.146768075993232117e+01 3.298405353261536277e+01 2.479307404101366075e+01 2.372740067812785725e+01 3.543140815487154072e+01 3.868155460984211658e+01
6.392941483458454854e+01 8.400738336041088417e+01 9.373259144122800990e+01 8.132492528344342020e+01 6.110842088023476748e+01 6.357867789694417837e+01 7.526880242621629691e+01 9.542764497816841640e+01 1.003552097107922663e+02 1.086133590874863870e+02 1.102632175344888878e+02 9.626524478790214800e+01 9.074688727386502762e+01 1.088028550956378808e+02 1.119940123513320600e+02 9.200559102944134793e+01 7.792728903884939484e+01 8.789367656412940732e+01 8.276703495285079271e+01 7.325826577786953919e+01 5.348542416490943907e+01 6.833907961375943785e+01 5.317612617898535632e+01 7.322277859815720547e+01 8.481230478410684270e+01 6.560477888646457245e+01 7.810283719917785561e+01 8.634958636148222411e+01 8.558227959041435895e+01 7.727544197551526395e+01 6.940185489319269152e+01 6.027593819502047268e+01 5.189270141559069316e+01 4.386474262363969245e+01 4.260722388518647819e+01 2.224356787627869991e+01 3.358417996976005071e+01
7.406127556392020495e+01 9.093963199058774194e+01 9.776960831641696359e+01 7.762906711012233529e+01 7.542094213362848620e+01 7.526880242621629691e+01 9.209465408610689963e+01 1.037027746289838035e+02 1.102772881926116924e+02 1.099448523942746618e+02 1.004297512778465773e+02 8.244997484392560239e+01 8.101789460314715541e+01 9.260757017705512339e+01 1.123103090290461523e+02 1.019998016903866471e+02 8.205072822430170731e+01 6.803827930856657247e+01 6.296044530403798944e+01 5.876589224292496283e+01 6.878104536271848701e+01 4.896960895139154246e+01 6.579437223717563654e+01 7.402890663203056931e+01 7.656781354050794164e+01 5.675510978440502186e+01 5.828579347158731849e+01 7.489258859508356636e+01 8.413788319898642953e+01 7.830481310569305720e+01 7.771268794745134301e+01 5.773243371594185191e+01 5.769930542810556773e+01 5.131520390577511392e+01 4.155519002985264621e+01 2.120791050789028276e+01 4.040474749902126916e+01
6.254265125860711549e+01 7.671701633652247665e+01 9.688466910632229201e+01 9.776960831641696359e+01 9.557840147574880518e+01 9.542764497816841640e+01 1.037027746289838035e+02 1.045390557183628317e+02 9.058035784812658164e+01 9.603929408310077065e+01 8.213373577192673736e+01 7.274439133364774079e+01 7.309661829538626421e+01 8.685065137458170170e+01 1.065060021177038863e+02 1.041872965621342644e+02 8.423176855236002325e+01 7.693410531856243040e+01 8.276703498922358904e+01 6.757250602965086728e+01 7.701865900753126937e+01 5.998930224360652375e+01 4.593477443362620249e+01 6.289756415527747890e+01 6.101551867541146379e+01 5.915436718914983771e+01 4.679366952929927947e+01 6.666146166297495768e+01 6.425633024654212022e+01 5.843725812226647065e+01 7.250090304079348869e+01 5.773243371594185191e+01 3.755766381474212068e+01 4.320447594199107755e+01 2.290761997044191389e+01 3.858553311710197420e+01 2.010042847829489432e+01
7.671701633652247665e+01 7.520836581021389122e+01 8.949850870399015434e+01 1.095944727194485608e+02 1.127414976364085391e+02 1.045287672940050214e+02 1.045287672940050214e+02 9.634945517746723453e+01 7.678175944573180800e+01 8.397375776277941384e+01 6.836204070461154458e+01 6.478027378496113897e+01 7.855666299012325737e+01 9.812541447209991929e+01 1.072718212277806629e+02 1.124722142837128445e+02 9.684897050224630277e+01 9.684897072276859831e+01 8.376007396989713527e+01 8.742058731583546205e+01 8.806787148292589507e+01 7.402882679778061004e+01 6.289756415527747890e+01 4.298229768301183640e+01 4.105731934880630263e+01 3.914513665753320737e+01 5.658683114245871337e+01 5.512496057591252452e+01 5.359440549723164793e+01 4.430961208163291332e+01 6.425627979086732466e+01 5.498777155784706139e+01 4.494026553694666148e+01 2.462420808967918617e+01 4.320447592376997648e+01 4.702705584044143450e+01 3.159434682230563496e+01
9.688466910632229201e+01 9.538448028963715331e+01 1.036664936735460572e+02 1.058073419757018172e+02 1.045287672940050214e+02 8.488693947559248443e+01 8.488693947559248443e+01 9.881421855600058279e+01 8.397375776277941384e+01 6.443528908771311592e+01 5.854516163271790674e+01 6.387660009866689137e+01 7.079736633533123324e+01 7.949396301243035623e+01 9.329157121647479300e+01 1.130235870307732711e+02 1.168354829230373468e+02 1.119918127569496278e+02 1.037080063527351541e+02 9.951411753452052267e+01 9.061612542789868030e+01 8.236331427754794277e+01 6.801726831266448414e+01 4.818625047247243742e+01 6.101551511105361669e+01 5.668166512484545905e+01 3.659204956044422374e+01 3.499272346738974448e+01 3.340348900063626303e+01 5.147768177956414348e+01 4.999608775896309965e+01 4.670597742048043699e+01 2.638031990506207691e+01 4.493246119250252235e+01 5.322443465070552548e+01 5.867327826032671823e+01 5.060725568311666223e+01
9.628329794297464161e+01 9.412816032479024386e+01 9.336912113048586548e+01 8.614078802016824454e+01 1.000799780723856429e+02 9.063989764870693477e+01 7.111189068020024706e+01 8.190670743937285181e+01 7.648545207505381427e+01 7.420452342524632172e+01 5.457297961018356602e+01 7.420452342524632172e+01 9.031585240896221478e+01 9.848769117960790709e+01 1.072718212277806629e+02 1.103245205670443028e+02 1.161273646376996709e+02 1.122687534719830325e+02 1.053539983395186965e+02 8.541086492201348790e+01 7.137620392571527361e+01 6.255033048893124459e+01 5.630447763438114350e+01 6.800230627221202440e+01 6.171291286578277635e+01 4.204828872349875013e+01 4.325203258724689448e+01 5.512494514265208778e+01 5.147752940278697764e+01 3.121491223066236387e+01 2.969814220865182364e+01 2.820148029731238282e+01 4.669660135977500204e+01 3.557260413915385300e+01 5.571293650534162367e+01 6.649500786810794750e+01 4.581241260935959048e+01
7.667095322510756716e+01 7.452960016860639314e+01 7.377335784766772520e+01 7.231358073382166651e+01 9.190098831117288114e+01 9.881421855600058279e+01 8.190670743937285181e+01 6.236009324593624115e+01 5.688106120153708645e+01 6.932694067000474547e+01 5.160951384682660148e+01 7.127803860998581342e+01 8.348064637951925704e+01 9.327486465311947939e+01 1.044648237342508992e+02 9.041128574593049905e+01 9.624373718967468960e+01 9.236489674151459894e+01 1.064119246425804590e+02 9.951413122156796476e+01 9.061612542789868030e+01 8.236331427754794277e+01 7.609789864032082107e+01 6.754341053879109324e+01 4.771137967521351442e+01 6.193524180841040305e+01 4.991918884826343117e+01 6.970200065168468484e+01 5.967193385416184981e+01 5.126532181550201273e+01 3.201434119419205615e+01 4.851975547953902890e+01 5.678023962167645067e+01 5.571293981977080989e+01 4.642607305560976982e+01 6.637734125105698979e+01 5.990211014548383162e+01
