LEM/with_lateral_4open/elevation_000233.asc
nrows	100
cellsize	150.0
xllcorner	0
ncols	100
yllcorner	0
NODATA_value	-9999
[rows 17 to 33 of 100, columns 37 to 73 of 100]
5.561108723422940159e+01 3.560740487343363014e+01 5.561108717626427023e+01 5.427909606461697933e+01 3.888664006864237166e+01 1.955870490814063345e+01 1.297707733339047564e+01 2.194706429262041070e+01 3.780413576310688484e+01 2.957167511059332909e+01 4.371525908926510340e+01 6.367839329947447879e+01 5.823375173750722666e+01 4.148574010578303728e+01 3.570410066560032192e+01 4.029160963685365004e+01 4.530145877541714583e+01 5.163923435552800356e+01 6.583380291097994075e+01 8.585026832539408304e+01 9.257208664614697113e+01 1.008815370614431259e+02 9.581210395704233918e+01 8.487889818445684398e+01 6.663637215129118374e+01 8.247931639336948706e+01 9.066019212322970589e+01 8.222359463291658699e+01 7.041318666512732705e+01 5.730562038458853635e+01 3.724429797208685500e+01 4.003896930521937492e+01 6.009701093180783005e+01 7.528489518675944225e+01 7.404925377908625705e+01 5.987946974093976138e+01 5.642255258878924451e+01
4.112899017809935742e+01 2.932495618148855598e+01 4.373269438229454664e+01 4.272171939322889500e+01 2.777493105717911703e+01 1.397169094787509103e+01 3.293351297118748988e+01 3.302294987278867211e+01 3.814556123011695377e+01 4.955527754304817734e+01 4.956232572569825123e+01 6.951415708203859367e+01 6.978817060463508426e+01 6.152881924283219917e+01 4.571577998043646573e+01 6.034073157342815819e+01 5.948580226922038605e+01 7.169648989547575013e+01 7.993737539883143484e+01 7.838681576894718717e+01 7.251108418567481806e+01 9.257208664614697113e+01 9.775041923116542364e+01 9.485606696863683851e+01 8.661034052223790525e+01 9.485606696863683851e+01 9.215402807767260640e+01 8.064223873817297772e+01 6.516613950706020830e+01 4.510223142960867904e+01 4.172007465121641445e+01 6.009701093180783005e+01 4.691111991369920275e+01 6.110410242860420027e+01 8.116868572820197869e+01 7.991835900329705566e+01 7.058612133550299461e+01
3.901134260177632740e+01 4.373269174179139895e+01 2.335735607027231353e+01 3.493039626919684082e+01 1.496747616124429925e+01 3.392939503060485862e+01 4.221635032190415870e+01 5.341699312158472424e+01 5.756108657418006658e+01 6.539378993418522157e+01 6.119141626824130498e+01 6.125946533876616940e+01 6.954069144571096217e+01 7.401886911501769362e+01 6.576650536636783784e+01 7.401886911501769362e+01 7.952124848944771429e+01 7.598660849025080211e+01 6.768262159206358319e+01 5.836110216324764366e+01 7.838681576894718717e+01 8.507206026542677080e+01 7.770417356868983916e+01 9.187837050055338750e+01 1.045056658318497398e+02 1.013209702947334421e+02 7.831338271706141541e+01 6.316091234719540637e+01 5.409258297968021623e+01 6.526896590294890643e+01 4.631612956341296439e+01 6.641714475749247981e+01 6.110410242860420027e+01 5.546663350920921687e+01 6.706303245941963098e+01 8.712055755048875483e+01 9.063486127147059790e+01
5.900471551220646660e+01 4.987445764018846006e+01 2.963158201425365945e+01 1.851847223497350114e+01 1.567242520814895990e+01 3.564318439835964369e+01 3.663610312902277855e+01 5.646116849370758217e+01 5.381596130952200241e+01 5.561482924837484632e+01 4.176412174301093216e+01 4.176645991081009157e+01 6.126086120424655945e+01 6.757398329252688995e+01 7.585359330106352616e+01 7.652089035762007541e+01 6.822222920799413259e+01 6.768262159206358319e+01 4.774269125229189825e+01 6.768262159206358319e+01 7.920279452373398499e+01 6.503080876149734024e+01 6.353492096242180054e+01 8.357558298589749768e+01 8.521770271458119339e+01 9.690671974566888025e+01 9.358643016946012949e+01 8.289078399655696217e+01 6.844108103428450818e+01 7.129592962186400484e+01 5.118018430139520802e+01 7.129592962186400484e+01 8.116868572820197869e+01 6.305758674264443187e+01 8.312517573972225193e+01 9.541388035433868708e+01 8.602773310351423675e+01
6.481563068805850492e+01 5.817072947121154414e+01 4.651906256954958963e+01 3.226855389944662278e+01 2.601307211934094354e+01 1.669417242040951521e+01 3.666649063302035216e+01 3.877701467400659396e+01 3.380212213627294915e+01 4.054627500643701410e+01 2.807623993377523064e+01 4.747464214865621557e+01 5.351193443581569653e+01 4.768725331009004975e+01 6.757398329252688995e+01 6.822244011222915105e+01 4.827477381279464907e+01 5.411736438059200083e+01 4.201709527432582547e+01 5.927398980668937156e+01 6.197805423552468085e+01 5.094898322142817904e+01 7.090075542353304172e+01 8.937344691409312247e+01 7.141219359125082633e+01 8.891110275816053843e+01 9.714677761979932313e+01 9.780651664736215878e+01 8.774122175203864060e+01 6.759993455707079590e+01 5.723501708290736190e+01 7.736549798593196670e+01 8.312517573972225193e+01 7.725812650090324496e+01 9.141982114661345804e+01 9.192946299125439680e+01 7.170873421057657993e+01
4.479401634512190356e+01 5.411362702217162024e+01 6.076711025530330801e+01 4.798383107243193990e+01 3.784650485084530658e+01 1.799681300838334153e+01 1.792854126593981334e+01 1.880369747123700463e+01 1.968205895775308534e+01 2.056383601626113844e+01 2.144816863998023138e+01 4.143541728914859590e+01 3.387968977815906868e+01 5.199124011631483455e+01 5.525128856751074125e+01 5.882776599681240981e+01 5.099164376965565992e+01 3.420813286326317382e+01 3.674543023162776478e+01 3.939028909377888255e+01 4.210145086643090195e+01 6.162126622977444868e+01 6.951427273670742579e+01 7.336035212332328115e+01 6.149274328951464241e+01 7.020975618693852027e+01 8.114664668453288243e+01 1.000797017446734998e+02 9.608302248325017558e+01 7.736549798593196670e+01 6.483573331707059140e+01 8.497889898073729853e+01 1.031484275671876105e+02 9.728948558318997186e+01 9.932011020539914625e+01 7.906250645509494746e+01 7.906250645509494746e+01
4.565101958752190825e+01 3.409445270853901633e+01 4.594081867544199582e+01 3.970480087222502164e+01 1.982145001269476836e+01 3.784604111922193681e+01 3.790121389257407003e+01 3.292028455305306522e+01 3.380186170516635258e+01 3.468804327494450490e+01 4.143676875374820412e+01 2.271453072202004364e+01 4.271153498721233177e+01 3.224140778060240820e+01 3.598306925122503230e+01 4.784345532593216888e+01 3.106572916550769747e+01 5.099183038927733236e+01 4.666743590684936294e+01 5.927398980668937156e+01 6.197805423552468085e+01 4.652754265239686049e+01 4.985939974281075138e+01 5.339546379598700554e+01 7.336035212332328115e+01 8.712180630114619362e+01 9.549242805942725454e+01 1.080682249477360983e+02 1.058518983321681901e+02 9.332233639121059809e+01 7.646157190820044036e+01 9.332233639121059809e+01 1.004828759330877972e+02 9.826988887804422745e+01 9.336736673750206705e+01 7.313723931826969249e+01 5.893608119432179393e+01
4.195799156198012270e+01 3.299940214377733128e+01 2.590055979268274200e+01 2.170669184031504884e+01 3.970483076936233147e+01 2.636479688772665497e+01 4.637482122634171589e+01 5.291980378012721786e+01 5.380223226830344174e+01 5.468930022001978131e+01 4.999211493659016980e+01 3.026741657155219301e+01 2.400402406370261232e+01 2.491998825215015856e+01 2.586639742001779751e+01 2.799884886173816767e+01 4.792953982972603200e+01 5.897022872359730172e+01 6.637568649257050879e+01 6.598434919451084113e+01 7.496461725040897761e+01 5.802978786993892157e+01 6.391861332754038472e+01 6.749782048782661548e+01 6.091095322232727227e+01 6.671209249848061518e+01 8.714728042413281628e+01 1.064435399202345280e+02 1.181389295602639180e+02 1.049545432191359424e+02 9.661378413416359479e+01 1.004828759330877972e+02 8.038983877277543399e+01 7.819808435795596324e+01 8.880794948684079770e+01 8.746265578244469907e+01 7.906250645509494746e+01
6.134077517332687535e+01 5.299332712402063095e+01 4.310733437129773904e+01 2.311933481443920613e+01 4.315397687187358144e+01 4.637482122635132242e+01 3.366589083259675874e+01 4.782012133040633017e+01 6.784273403858848894e+01 6.382944830807603864e+01 4.426050378704302091e+01 4.999204486218526000e+01 4.400566252748167528e+01 2.892554486690948679e+01 4.587199538077585714e+01 2.737152495588275158e+01 3.163484539521093097e+01 5.541333892665768701e+01 7.126211263682469621e+01 8.464921454151767932e+01 8.713268344902299134e+01 7.898805138594561015e+01 8.393511402768059781e+01 8.751375550757761346e+01 8.113144744776195694e+01 8.714728042413281628e+01 7.763124450552059841e+01 8.949119259915927671e+01 1.098003298923420346e+02 1.082625948291072717e+02 1.099448402572434702e+02 8.972323129257398477e+01 7.560786669236611601e+01 6.432977594811784172e+01 6.895254541806384907e+01 8.305777897332949067e+01 7.891488348628867300e+01
6.105776420619388034e+01 3.965611544261696508e+01 2.521655771295620596e+01 4.131000616833297556e+01 3.728934914437281378e+01 5.721489089882479107e+01 4.782012133040633017e+01 4.261931745931175897e+01 5.676945254329596935e+01 7.201203205854940848e+01 6.382944830807603864e+01 6.776419873332096699e+01 5.300587851139133022e+01 3.301222345144483228e+01 5.300592334801006444e+01 4.737349742246802009e+01 2.888244427400665870e+01 4.301683337244165983e+01 6.100164440263441179e+01 7.306735500896670032e+01 8.127459050293855114e+01 8.339148187505485055e+01 8.715703681830186156e+01 8.865143578702908655e+01 9.681430157960002703e+01 1.018200210746677072e+02 9.807484400911391731e+01 1.064435399202345280e+02 1.022541419680314050e+02 8.785269080644206952e+01 9.535423812169628377e+01 9.986888306993327546e+01 7.982285481273021333e+01 6.592473699534438936e+01 5.525322947362346326e+01 7.476805862660971513e+01 8.162569140425094361e+01
5.661758977401215276e+01 4.680062702292995169e+01 2.674540855348495683e+01 4.659322952631681858e+01 5.683487705588510153e+01 6.539616660754700206e+01 6.784273403865158514e+01 5.017826092967492002e+01 7.020662924668256721e+01 8.508687859804732057e+01 7.561131329187728056e+01 5.949254257514895272e+01 3.949951211752970437e+01 5.300592335322802029e+01 6.128331764653656677e+01 5.006543658233141514e+01 3.004415440731082398e+01 3.276047034365427635e+01 5.276425330400209646e+01 5.311313257602544979e+01 6.582084956164486300e+01 6.345440013883415276e+01 6.722570380915544774e+01 6.870861694496039718e+01 8.198033031802364690e+01 8.198047306612772900e+01 9.646271899241699543e+01 1.078945868057694355e+02 9.383061329131408002e+01 7.337603567547216699e+01 7.490437682257417862e+01 8.762491707266187291e+01 8.350104895955169582e+01 6.377446466458224705e+01 5.005467754514274503e+01 6.343044790772919583e+01 6.192667006622796322e+01
3.663625930130634600e+01 4.830865204570504545e+01 2.830874774915933401e+01 4.833620518588006831e+01 5.804552544258418578e+01 6.635055348678477571e+01 7.849654546509592024e+01 6.173743944052102961e+01 7.849654546509592024e+01 8.149088694240587927e+01 6.147597665900880060e+01 4.733560720878672612e+01 5.363231095027339279e+01 6.776904343552858734e+01 6.536899568937774063e+01 4.535306174368025012e+01 3.120682234414276834e+01 5.121005942633420460e+01 3.677243104903288184e+01 5.677481922347936916e+01 4.585801140944749221e+01 4.934311360909684652e+01 5.311475787014361316e+01 5.718043736926733800e+01 6.201256521159381663e+01 6.832957579781817969e+01 7.989234385894295087e+01 9.977010869293945916e+01 9.535423812169628377e+01 7.490437682257417862e+01 6.075768289030304459e+01 6.734265084398668932e+01 8.170065891605089803e+01 7.285812459612236580e+01 5.435000580269254300e+01 4.380492869180535820e+01 4.808735369020266148e+01
5.073507913826333038e+01 3.073757393709525232e+01 4.830461560810315547e+01 3.389508123317301624e+01 3.806103115632965483e+01 5.804594462387444054e+01 7.303053574723755048e+01 8.177575767137142293e+01 9.005861833109339898e+01 7.889502489268160446e+01 5.887803113129060506e+01 5.887803113129059795e+01 7.364039324257129238e+01 7.550660915540332496e+01 5.547449710412892188e+01 4.133505496449947003e+01 3.237925410231544276e+01 5.239449970178102234e+01 5.677458312146401909e+01 4.105945338301237513e+01 6.104858503267561787e+01 6.345439834254855072e+01 7.306379275921821659e+01 6.870861706506157418e+01 8.198047306612799900e+01 8.198047306612799900e+01 8.099265198809651167e+01 1.008569798813840777e+02 9.535423812169628377e+01 7.490437682257417862e+01 7.328318908453471181e+01 5.397385732393573221e+01 6.717704223860246771e+01 7.531223650255027735e+01 7.038570645300946182e+01 5.789186676179272695e+01 3.814775288273101239e+01
3.340903083390767137e+01 4.162304466339253395e+01 5.493131236952471141e+01 4.801686377273290418e+01 5.804594161187020518e+01 4.471104593233737745e+01 5.884172956097297202e+01 7.888930442602661230e+01 9.281452515203110920e+01 8.715557032708539964e+01 7.043653656533818719e+01 7.889502489268160446e+01 8.715557032708572649e+01 8.138491889509049315e+01 6.134176688245850073e+01 5.358801919678215597e+01 3.357205604985161074e+01 5.358802002058927627e+01 6.860440790322536486e+01 5.520618813735935504e+01 5.520618841185225989e+01 7.515410890289598456e+01 9.157038287918898334e+01 8.865168019244347875e+01 9.681857987858658987e+01 1.018200210746755801e+02 9.508924337324597786e+01 1.089782661051251154e+02 1.037745436208379601e+02 9.535423812169628377e+01 8.170065891605089803e+01 6.717704223860246771e+01 4.862047661565217282e+01 6.247537935534698050e+01 6.000633665879663425e+01 6.203186257038794338e+01 5.298935506277233998e+01
3.571080468550862008e+01 5.415034381484178994e+01 6.297636238159125810e+01 6.803055875288889354e+01 7.303053574673863579e+01 6.471352829260221995e+01 5.286074490473399834e+01 6.440962635966782557e+01 8.447683891132159317e+01 9.868999742116392326e+01 9.044953482544688939e+01 9.188352184899098063e+01 7.185209733963174017e+01 7.185209733962818746e+01 6.527357226355262299e+01 5.479219470086314914e+01 3.477698978728914625e+01 4.526609789553175744e+01 6.405358626975367997e+01 7.515407063491215922e+01 7.515414799834985615e+01 8.335824296476354789e+01 9.422625818801020614e+01 1.025555278342643106e+02 1.026298646820796421e+02 1.109645738617823980e+02 1.147815275835253601e+02 1.091833194404056826e+02 9.753549076440938848e+01 8.916569662400135599e+01 7.891553186705722567e+01 6.578777572672059648e+01 4.675952048163450314e+01 4.336696766342124931e+01 4.086287712891262913e+01 5.168607465692033287e+01 4.986734985145780286e+01
5.544304864188037385e+01 3.901252398375291364e+01 5.291931680195527576e+01 7.282715460712738320e+01 8.164999460042359658e+01 8.121827377921334801e+01 6.701192318318956609e+01 6.551461099466789051e+01 8.558600601455880508e+01 1.008711831648958110e+02 8.929863657047538084e+01 8.098951361779754166e+01 7.185209730942091255e+01 5.186014604130841121e+01 5.698100444176146340e+01 3.699088926249900311e+01 3.670371616050121588e+01 5.660700643754129402e+01 6.738212651994278701e+01 7.644991050708912894e+01 8.476809010195448479e+01 9.095993530998575238e+01 7.415224288455063117e+01 8.842995018648306882e+01 8.254815301786869952e+01 1.026298646820796421e+02 1.184055680001672641e+02 1.007955096958807673e+02 8.065208257285701166e+01 6.936402409164455207e+01 7.069662263393787782e+01 5.168474031320315021e+01 6.578777572672059648e+01 6.247538165671821275e+01 5.742796953813096650e+01 3.741587019681836779e+01 3.509803854231552123e+01
6.114416056914004827e+01 4.140074866073462090e+01 4.757255346643895422e+01 5.411272099582918571e+01 6.160759570785882033e+01 8.164999460042359658e+01 8.708444375354041256e+01 7.969775038598140782e+01 9.393498100919548222e+01 9.255314355480675204e+01 7.252434898398230700e+01 6.098367748712963987e+01 6.943913862776631163e+01 5.920807566847835091e+01 3.922620983708299036e+01 5.698100444186855640e+01 5.670854075986562748e+01 3.945818997876073553e+01 5.945785542360070508e+01 5.641939450362403363e+01 7.644991050708912894e+01 7.575809271017641322e+01 6.258266231328714468e+01 6.836096564956055488e+01 7.839091627410122953e+01 8.997970928436916438e+01 1.100655491540421735e+02 9.815688337946491515e+01 7.805197859585273079e+01 6.683587756005073288e+01 5.846274679561268073e+01 5.704574619263625124e+01 7.623652259481613669e+01 7.523572863953397416e+01 5.397766748124243463e+01 4.553435530236332340e+01 3.854102713852616802e+01
