LEM/with_lateral_4open/elevation_000657.asc
nrows	100
cellsize	150.0
xllcorner	0
ncols	100
yllcorner	0
NODATA_value	-9999
[rows 68 to 84 of 100, columns 37 to 73 of 100]
9.226692199130795302e+01 7.568697274890328686e+01 8.812570907719032220e+01 7.738404940769697760e+01 5.300119491144255335e+01 4.894013569378788731e+01 6.794010924840287657e+01 8.097651713772361859e+01 8.030553364886073098e+01 6.644716047507898793e+01 7.842365897734700297e+01 6.205729486093782299e+01 4.279031416557217682e+01 3.791722844175406948e+01 4.080246193893193407e+01 4.450661931849865738e+01 4.854483475325111641e+01 6.786256551302733442e+01 6.839800269207144368e+01 8.804221786012125506e+01 1.020885062445826890e+02 8.188576587370046411e+01 7.439338260353027010e+01 5.479792569700915550e+01 7.439338260353027010e+01 7.008278467721891047e+01 7.008278467721891047e+01 9.007938785911598245e+01 9.582600612377083849e+01 8.439587876234656960e+01 6.526751541469849371e+01 8.439587876234398323e+01 8.754063240050433592e+01 6.778693151178011078e+01 5.389174231801720083e+01 7.357265659918392942e+01 8.876308836878492059e+01
7.568697274890328686e+01 6.458966321136794875e+01 6.858652192285323679e+01 7.080814058058372495e+01 6.506978004682042638e+01 4.595708325177432840e+01 6.124706994067881283e+01 6.931812595572624502e+01 7.062413107716795935e+01 5.292239197265381279e+01 6.664601343921937371e+01 7.015757827912398170e+01 5.502199270201911929e+01 3.558435494487225270e+01 5.502199270201911929e+01 6.380716662744509904e+01 5.748554580067747821e+01 7.393596549104429982e+01 8.804221786012125506e+01 9.627811996025633334e+01 8.997218718184205954e+01 8.159639496661691282e+01 7.081572035353245553e+01 5.131585175354251049e+01 7.081575781494899502e+01 5.629288802071775422e+01 7.356902515922064367e+01 7.926888600402229201e+01 8.764224518995588653e+01 9.324227425540482272e+01 7.919603889420676524e+01 9.324227425540445324e+01 8.286704500418309749e+01 6.315066979431180272e+01 7.357265659918392942e+01 6.083987173476695176e+01 7.064610289795973586e+01
7.136858615726477240e+01 6.283600288491450669e+01 5.513213472132864013e+01 5.169405001318342130e+01 4.843805408687569525e+01 4.523210169818816695e+01 4.206373321290037381e+01 5.840307386753949714e+01 5.641483948723485042e+01 4.331447161922856282e+01 4.736616565237148535e+01 5.135456277464903252e+01 5.077196621033397150e+01 3.375318998744035781e+01 4.759233821849954893e+01 6.691611756876784511e+01 7.398585635983734221e+01 8.200726546540938955e+01 9.513454819453494338e+01 9.580361195389750151e+01 7.571158521728808921e+01 6.181277299471992137e+01 6.742126017381411884e+01 4.797773262629050350e+01 6.277336848293451510e+01 4.904687135902436523e+01 5.399051100877794340e+01 5.952398884548451008e+01 7.338792141685547676e+01 9.346679047019634368e+01 9.903908710207078059e+01 9.540203320543443510e+01 7.558247662593029759e+01 7.705945494678121577e+01 8.678075388233766319e+01 6.703452450011047858e+01 8.678075388233766319e+01
8.299015221985882818e+01 6.357943893716898032e+01 6.607642077573834172e+01 6.511261408519115435e+01 6.753010109198871191e+01 6.434809325780327072e+01 5.840307386753949714e+01 3.912687460152849894e+01 3.706239825499145724e+01 3.527080508446936591e+01 3.352997412984634451e+01 3.181497777817416761e+01 3.119471394726263469e+01 5.070647407874996304e+01 5.835084899269999426e+01 6.386034184036032002e+01 5.800955874663180367e+01 6.845363456362514398e+01 8.710468358515981890e+01 9.022337438213156702e+01 8.309626396834818252e+01 6.328010957562002403e+01 4.957794120979213659e+01 5.933102920612349607e+01 4.334765002825309210e+01 6.277336848293451510e+01 7.356902515922064367e+01 7.926888600402229201e+01 7.080124310779633845e+01 8.227823108514540706e+01 1.025258962354065631e+02 1.036504860415751494e+02 8.957261608361829985e+01 9.688780768577113633e+01 8.313422745180351114e+01 7.839124850087907248e+01 9.502107024227305487e+01
7.465727807187325027e+01 7.720250613605573164e+01 7.975519123028942658e+01 8.455835789061559638e+01 8.607538547714723620e+01 7.490126421919738675e+01 6.142745143792705420e+01 4.225583422434547032e+01 5.641482782899153392e+01 5.469075105408285964e+01 5.301310232861558802e+01 4.903340655922707469e+01 2.941297214245361147e+01 3.457167336740835140e+01 3.977091710764941013e+01 4.535208390195436579e+01 5.580303258124866517e+01 7.487290948859237005e+01 8.443748721341337671e+01 7.024239878786949021e+01 8.443748721341337671e+01 7.318809428599806211e+01 5.359121323939574921e+01 3.986704252417468552e+01 5.676591677139789027e+01 5.897482579070864261e+01 7.258595141552764574e+01 9.251158745262895877e+01 9.083590131044184091e+01 9.926081797807572116e+01 1.109770698366931185e+02 1.148511061437908154e+02 1.094754910816528337e+02 1.112587994648466463e+02 1.030059358317872125e+02 9.824103135859628821e+01 1.064939501465233462e+02
8.852747230067964779e+01 9.696276588959173637e+01 9.956004909891024113e+01 9.256530821384245655e+01 7.792756580753474793e+01 5.870449007118332929e+01 4.773134308509796853e+01 6.142745143792705420e+01 6.946703777006412395e+01 6.842293966074312550e+01 5.105935395132134857e+01 3.809286751308929553e+01 2.822723023461551861e+01 4.786298746537783444e+01 5.835089632340812926e+01 6.386034184036032002e+01 7.191079427144994440e+01 8.303683122248659743e+01 7.557680515106747521e+01 5.641755027368103015e+01 7.139320365528412538e+01 7.095164389024250795e+01 5.137835281347354766e+01 3.760021172460618999e+01 5.711122445639264100e+01 6.424433682450333549e+01 7.249592076270774044e+01 8.628694291771941494e+01 9.467700863445895720e+01 1.078978776208260513e+02 9.961389459312513850e+01 9.486028387736639900e+01 1.089997088244370929e+02 1.102205220406696213e+02 1.019360578809986180e+02 1.102205220406696213e+02 1.131633980361553000e+02
1.084855912204255617e+02 1.094163711781067576e+02 9.800252775904276348e+01 8.437589973386262443e+01 6.503089795487893809e+01 5.407323807091381695e+01 6.682911785649967840e+01 7.490126421919738675e+01 7.864275495096721613e+01 6.767019676810257067e+01 6.479075879176889430e+01 4.671066773794591143e+01 2.705720064950836701e+01 4.671056030790315816e+01 5.704700463876552163e+01 6.386104503264120780e+01 6.385755714746851197e+01 8.330140724258092177e+01 6.729480617133708620e+01 4.775028990905810389e+01 5.177713436542227754e+01 6.036434212305173475e+01 5.217740225374224394e+01 3.538301418925672692e+01 4.006035928860264050e+01 4.481052919979583748e+01 6.424433693002286816e+01 6.639976749572946346e+01 8.628694291771941494e+01 9.635592106476119056e+01 7.962597342509575071e+01 8.072733990072175914e+01 1.007154601577071276e+02 1.002245541664009068e+02 8.194765536699648578e+01 1.002245541664009068e+02 9.322857066088972999e+01
1.038079759600579166e+02 1.011485028995991229e+02 8.145827879737605315e+01 7.031664629953912993e+01 6.180122948590732079e+01 7.320705774929261622e+01 8.132443229668994888e+01 7.328395064994479924e+01 6.395545299897443670e+01 4.667374873945063030e+01 4.910418815478821841e+01 4.397577480011549511e+01 2.589513335401098360e+01 3.166376853139657754e+01 3.766418446630169825e+01 4.458683959560850241e+01 5.818146635953802104e+01 7.757276185991918283e+01 7.136979628325563851e+01 5.752254804019764833e+01 3.797896160943040655e+01 4.954391229030412802e+01 3.255834346048301597e+01 3.956741259119812781e+01 5.903123500064909024e+01 6.424432487032670736e+01 5.267703990145637505e+01 6.384219023614448929e+01 8.367515231083278593e+01 8.807386292622238955e+01 6.809229315217470457e+01 8.807386292622238955e+01 8.755994613213781008e+01 8.194994553764765044e+01 7.195803445129769216e+01 9.194185662399760872e+01 7.914653476299750423e+01
8.384483828118217730e+01 9.796148502940243930e+01 9.707478819437697837e+01 7.748025063194506856e+01 7.534682616020934631e+01 8.924748331489685427e+01 7.888771821354943370e+01 5.762585660637241602e+01 4.385898924087712913e+01 3.602452408904898817e+01 2.944069873927224279e+01 2.428751660773689380e+01 4.240387284233433718e+01 5.044754180444246572e+01 5.704696930995559967e+01 6.386104519935072688e+01 7.195041403749995368e+01 7.187774247511218562e+01 6.311582653457426062e+01 4.350636822658173486e+01 4.710477088023593950e+01 2.987892518831158029e+01 4.954391229030412802e+01 5.903302965030102456e+01 5.186592098073667501e+01 7.136595388523814165e+01 6.384219023649908564e+01 8.053838806509411086e+01 9.205706069598222996e+01 8.230568058228348605e+01 6.232705715879732367e+01 7.475447070857575227e+01 6.757871701476736348e+01 6.197144322193446442e+01 8.194994553764765044e+01 8.756606044622188278e+01 6.765416864987670920e+01
6.971364905457593864e+01 8.902873496427291400e+01 9.880171942757736758e+01 9.707478819437697837e+01 9.490715989818833975e+01 9.325858199604310528e+01 8.450544260962836063e+01 7.113965857627977130e+01 6.200462156333657049e+01 5.536867519762844836e+01 4.909868952272623233e+01 4.117070752531191857e+01 2.272103951119665055e+01 4.088585607764895968e+01 4.897565382080876617e+01 5.358177373280097555e+01 6.162671081206450197e+01 5.218357902663785097e+01 5.218357893875567299e+01 4.472475898631726210e+01 2.740666708090039450e+01 4.710477088023595371e+01 4.381075561042538880e+01 6.338497690207730528e+01 7.136599892555648239e+01 7.136601667762235479e+01 8.367516125725964571e+01 9.205745418803347491e+01 1.004232633552008593e+02 8.043631264035086303e+01 6.630961731935299497e+01 5.477319744008647007e+01 5.344883706094026365e+01 7.343108352680313544e+01 8.808819233805029114e+01 8.982976497916244796e+01 7.761011404379512157e+01
6.076300750274501894e+01 7.882868896890303745e+01 7.882868896890303745e+01 9.863394547598507245e+01 9.278240862959118829e+01 8.297925223936907457e+01 6.452332046450618463e+01 6.799168760276472767e+01 6.283674736785746973e+01 5.772444297107574585e+01 5.391159186120015079e+01 4.511640125679973323e+01 2.492822927604812833e+01 2.116074398018548308e+01 3.941188078078989321e+01 3.397155344304114521e+01 5.332677059727573976e+01 4.898203096393098122e+01 3.255095174255538382e+01 2.500055648230679850e+01 4.472474682348418895e+01 5.528268177242301107e+01 6.338497690207730528e+01 7.163947561617204940e+01 8.509045007262614035e+01 9.119205531150598176e+01 9.264379115593455083e+01 8.417560511670372136e+01 8.416446944856376433e+01 7.588247092830845020e+01 7.196617868631939530e+01 6.368554104997794241e+01 4.827755541814003948e+01 5.982670901413127496e+01 7.980774779141809461e+01 8.156692576055260702e+01 6.164527434839226316e+01
5.367306859279061371e+01 5.882649125189190897e+01 7.038445862806777598e+01 9.036372212989148522e+01 8.458385973799497037e+01 6.505489518735792842e+01 5.549881700294572795e+01 4.884232152235192359e+01 4.378438843387489499e+01 3.910735240859548156e+01 3.471174515677257233e+01 3.056674290651563197e+01 4.177459211343081336e+01 3.941181781420693397e+01 1.966670807213305494e+01 3.681340437406031896e+01 4.873256683323110394e+01 3.256189541507281149e+01 2.262017842462156025e+01 4.235917690874026675e+01 4.823398351025774389e+01 5.272228301827055930e+01 5.744652359772600647e+01 5.744656052239090371e+01 7.349394128034977314e+01 8.326863028209197637e+01 8.417560511670372136e+01 6.396405217266389798e+01 6.988387897166229834e+01 5.588933753984076702e+01 5.955814587459290266e+01 4.367725059466641824e+01 5.263491735931807369e+01 6.415790331206599717e+01 8.391574484137231593e+01 8.982954003419322930e+01 7.719505316410644014e+01
4.809344848020877095e+01 6.813706456325056138e+01 7.413815898857298237e+01 9.411776376045150982e+01 9.278240862959118829e+01 8.297925223936907457e+01 7.481937746267657019e+01 6.799168760276472767e+01 6.286241603011790602e+01 5.822206039009527956e+01 5.393053518929045964e+01 4.993377283349577311e+01 4.510115834916823019e+01 3.698848371682362313e+01 1.862103580934802949e+01 3.630843621327989013e+01 5.535197593884789313e+01 4.076494117304306286e+01 2.098712653347276458e+01 2.475379844410480601e+01 2.858924308428107253e+01 3.315825670530954739e+01 3.796800058016033574e+01 4.594744819265107338e+01 5.562163477360604702e+01 7.513776643461076787e+01 8.414886454704958396e+01 6.396251624661204715e+01 4.979070010835186366e+01 5.955814587457783915e+01 3.954060522178214399e+01 5.955814587459290266e+01 7.181800292815422893e+01 8.067286497053014216e+01 9.206650313919591611e+01 9.161247241797582319e+01 6.922667698405111025e+01
4.405586692758626555e+01 5.411852370471306273e+01 7.413815898857288289e+01 7.791295232410948302e+01 8.621202040270597422e+01 9.320031509739544617e+01 8.170983396699804757e+01 7.349190653647148963e+01 6.596546065130418413e+01 5.943287167426263551e+01 6.750335069056654902e+01 5.388178679971473883e+01 3.160501135768429748e+01 1.715026605248916169e+01 3.543757440644124301e+01 4.207124409745908622e+01 4.514559830668893170e+01 3.721061662802651426e+01 1.949597754659172111e+01 3.925595624822184959e+01 4.823333416706056909e+01 4.106437921512407740e+01 5.744652359772600647e+01 4.922103174196472253e+01 6.868282458622989850e+01 8.326863028209197637e+01 7.778024615629674088e+01 5.777528971956803616e+01 5.758022489668020683e+01 3.977323134383608050e+01 3.681399380017445822e+01 5.097671318672892937e+01 7.097512540607142739e+01 7.998231855718229610e+01 7.899160142486680058e+01 8.732055344947484343e+01 6.982242226210915703e+01
4.048118788501074761e+01 6.057999565241513551e+01 7.462850075063875011e+01 5.783830897676345728e+01 7.462850122456735846e+01 8.501761914854915858e+01 6.505449931092903171e+01 5.357888840040493506e+01 4.591776518087164760e+01 3.880613902901952628e+01 5.089071560653046333e+01 4.684574670568034094e+01 3.929715507559787113e+01 1.611880015505240848e+01 2.507591006677122891e+01 3.783176270697218513e+01 3.518128211002734673e+01 1.742027615714233590e+01 3.513289854265764944e+01 3.361202206352667332e+01 5.340000224465698864e+01 5.232592446699719346e+01 6.867435524007657932e+01 6.041308770776307568e+01 7.680316865772790891e+01 8.561708128362725745e+01 7.428018320795169416e+01 5.779687329255997952e+01 3.776687018684559405e+01 3.309609096333757350e+01 5.311646264195913147e+01 6.511400386837058818e+01 7.414775348753784101e+01 6.005412256355848655e+01 5.901068449357551771e+01 7.573000123042116627e+01 7.617789385822781867e+01
3.711317894214810309e+01 5.723019435745491990e+01 6.632285158336841846e+01 4.622375483137104624e+01 6.632285158360937771e+01 7.756693747380600712e+01 8.170983396699804757e+01 7.107192800786782527e+01 5.102582739544908463e+01 3.623774988780194661e+01 2.962742760053784608e+01 2.524974059315776742e+01 2.129246638396599778e+01 3.458473980095155298e+01 1.472184475770527534e+01 3.278474955514236910e+01 1.537022334809334012e+01 2.942208612916629207e+01 4.497947837801175552e+01 5.324209552483059582e+01 6.156536442367680451e+01 7.183432860499863182e+01 7.995310409254423689e+01 7.997966143081350765e+01 8.811210825551638948e+01 7.758241186749853568e+01 5.784873077037125455e+01 4.630902903588662411e+01 5.055666071604589717e+01 3.068800791535053918e+01 4.768871175563036502e+01 5.597523854676772714e+01 6.272649133197652560e+01 4.591889689196679569e+01 4.746599396181119346e+01 6.744416435136452037e+01 6.855927611092570828e+01
4.874220841344368438e+01 5.704419931494869189e+01 5.161104956039483938e+01 3.909396174599482521e+01 4.917059598322401825e+01 6.926289957512113915e+01 7.847041249754127534e+01 5.848548952459475458e+01 4.686227711325909695e+01 5.689719432847874714e+01 5.094910555732539592e+01 4.684574670568036936e+01 4.018401439257907981e+01 2.469612979826723631e+01 3.310426178765002447e+01 1.333847654207593614e+01 3.202991335289560482e+01 4.072757422578615660e+01 5.725413339269728397e+01 5.973355598457832372e+01 6.170963263198868987e+01 7.031293761071262338e+01 7.108662442266985693e+01 7.963693152827765687e+01 9.243003969828284028e+01 7.295680417752883784e+01 5.894329781038840110e+01 6.618846442969706345e+01 5.887460037423061010e+01 4.768873525800955093e+01 2.767399563034629750e+01 4.475359919487772942e+01 4.275059305947295485e+01 3.590655244392372936e+01 4.746590382187119417e+01 6.743278548165048392e+01 6.016278248901870995e+01
