LEM/with_lateral_4open/elevation_000530.asc
nrows	100
cellsize	150.0
xllcorner	0
ncols	100
yllcorner	0
NODATA_value	-9999
[rows 34 to 50 of 100, columns 37 to 73 of 100]
5.227114465718524627e+01 5.764103077482018023e+01 7.428974460773201827e+01 8.458014579576925485e+01 6.908497990155971991e+01 4.913254507158427487e+01 5.045070001717429875e+01 6.199321100413835239e+01 8.187170978190889059e+01 7.702531619894622850e+01 5.701001487291355119e+01 6.287235984033382863e+01 5.975394720989785924e+01 3.974885605190484483e+01 3.582755228401875058e+01 5.536523807780944395e+01 5.970850385963487383e+01 5.605212381449333492e+01 5.322926747783883883e+01 7.323963306202679746e+01 9.098575488126019195e+01 9.198847351044193488e+01 9.947923930092555622e+01 8.529860238595701105e+01 8.529860238595699684e+01 1.053514810004992341e+02 1.090811364241223487e+02 9.917524944364596706e+01 9.094445686338524126e+01 8.397952120997943837e+01 7.829147068585962188e+01 7.363864243649534558e+01 5.768353633745961417e+01 4.360656985796126861e+01 3.982731592390685904e+01 3.617545595460523344e+01 5.254587079046610398e+01
5.934713710220197669e+01 7.754664589381566486e+01 8.577565812716460414e+01 7.635528520874967739e+01 5.644473412526233602e+01 6.908497990155971991e+01 5.530865395107453963e+01 7.522535498197052561e+01 9.008932025651718334e+01 8.532307624663386036e+01 7.702531619894622850e+01 6.918473935347121540e+01 4.917907235256159737e+01 5.975362777871573172e+01 5.583428041513911921e+01 3.771510432926658751e+01 3.971929344050807487e+01 4.506989969072436253e+01 6.507043640210839897e+01 6.763437659453111905e+01 7.593399536191661525e+01 7.194628141604161442e+01 8.298847799268958170e+01 7.112661266278504968e+01 8.529860238595701105e+01 1.053514810004992341e+02 1.008258567328978188e+02 8.106305699387274899e+01 7.124464393918012206e+01 6.427553620239135057e+01 5.855119224492930385e+01 5.385651286221733614e+01 4.950004880329836965e+01 6.347670410027712506e+01 5.972160998308418556e+01 5.301769229899294800e+01 3.308829964072425867e+01
6.689222176824685562e+01 8.674099021609519866e+01 8.482308654269606052e+01 6.496433212879819052e+01 7.635528520874967739e+01 8.096324609529958138e+01 6.108667285541442737e+01 7.158417400802748887e+01 9.142685405384391117e+01 9.230923306007079532e+01 7.227586115004612566e+01 6.072353430930943574e+01 6.918473935347121540e+01 6.027625793008137833e+01 4.027072566210282645e+01 5.772548227531168408e+01 5.972506954437150029e+01 4.288726293756533181e+01 4.524634045456217279e+01 4.763609411320239673e+01 6.763437659453120432e+01 5.779698399999071512e+01 6.295744638101871260e+01 8.298847799268958170e+01 9.117195454984580749e+01 1.112258334875304513e+02 1.090811364241223487e+02 9.917524944364596706e+01 8.397952120997943837e+01 7.466862453288712231e+01 7.829147068585952240e+01 7.363864243649548769e+01 6.932182785642154954e+01 6.978999062124394470e+01 4.995776669170724915e+01 3.584959807184911540e+01 5.301769241408280919e+01
7.836356322854889811e+01 9.496536670104896416e+01 9.143244270276342434e+01 7.160437422256119078e+01 9.143244270276342434e+01 8.723696726576291383e+01 6.739771896228097603e+01 8.723696726576291383e+01 9.964581995485623622e+01 1.006121785134869526e+02 8.904392539182077826e+01 8.074296039135960257e+01 6.288212906981611638e+01 4.287922335426352305e+01 5.441387603993607769e+01 6.855210127809331766e+01 7.044863799193916520e+01 5.044341135595945502e+01 6.524412466790214182e+01 6.763435747167885381e+01 5.113926856437607427e+01 7.114331936916023835e+01 8.078501132071160384e+01 8.595868995719082761e+01 9.426520289472925640e+01 1.032327418077117187e+02 1.148111442460246110e+02 1.120207196058397443e+02 1.026478855662737715e+02 9.441128748319226816e+01 9.159534155087152385e+01 7.184917689694319165e+01 6.044406140271970429e+01 5.155409817334644629e+01 4.449502475529841661e+01 3.783045290152222861e+01 5.773759586997595505e+01
9.818412221994319111e+01 1.064130905592937069e+02 9.966043303033738709e+01 8.152542379960709695e+01 9.966043303033738709e+01 9.472393532971719310e+01 7.491527975861136213e+01 9.472393532971719310e+01 9.804683863754831918e+01 8.647632878315398841e+01 7.817671588290114926e+01 7.282542333664665080e+01 6.473696676448327025e+01 4.473824856531883398e+01 6.473641454630337932e+01 8.266775026931048842e+01 7.875024603433986670e+01 6.458214841611133750e+01 7.044866915459898848e+01 7.747381525226879262e+01 5.745504825491185130e+01 5.591261804909991895e+01 6.075851625839458592e+01 6.592111875947742305e+01 7.487489383649685237e+01 8.644996623556161808e+01 1.065036951926504258e+02 1.102133049864915506e+02 1.019725352223745602e+02 1.019558826934038791e+02 9.982911177654571588e+01 8.840635119369137840e+01 7.956389889309583907e+01 7.136204986817449480e+01 5.982329873307163837e+01 3.992701086728461490e+01 5.402202402995678909e+01
1.074316022737503715e+02 1.132819316789050532e+02 1.095787989226875396e+02 1.013394616059197091e+02 1.095787989226875396e+02 1.029422805250861757e+02 8.892056339603296067e+01 1.029422805250861757e+02 8.974930396677717681e+01 6.970499343043771034e+01 5.815401260633570502e+01 5.281575542691823699e+01 4.782318440194727316e+01 4.845009679894157273e+01 6.845104549135410821e+01 7.807810764666518821e+01 8.636910250255877486e+01 8.461183654887634020e+01 9.048406003208215509e+01 8.455688876923285591e+01 6.452290805104341587e+01 7.592787282348545830e+01 6.297890207467879264e+01 8.300990008809645815e+01 7.662526822332883114e+01 8.820098459737856444e+01 1.082543922074643490e+02 1.019725352223745602e+02 8.218808554033289226e+01 8.218680281332996174e+01 9.222395147157303086e+01 9.184152600371434971e+01 8.364916068593021237e+01 7.372217996626517333e+01 6.195512188508676843e+01 4.207085120632570607e+01 5.615789536262700921e+01
8.744010790264646005e+01 9.329548103789018398e+01 1.057016445653764691e+02 9.742594800851156833e+01 9.852893573742281319e+01 1.068035333889242935e+02 1.087345145595133999e+02 1.030691740265401535e+02 8.301747290287076453e+01 6.884686251212536945e+01 7.817671588290114926e+01 7.026682027386334539e+01 5.026334167637474337e+01 6.845104549135410821e+01 5.398899395830759573e+01 5.806610005679604569e+01 7.221741571949718264e+01 9.226326328892578488e+01 1.046416424533733505e+02 9.286339748637716696e+01 7.347487492927278652e+01 8.905301040363735865e+01 6.901028092026182037e+01 7.933081869738978753e+01 9.080304498002838898e+01 1.049836720539548196e+02 1.165620137015138198e+02 1.019725352223750861e+02 8.218808554033289226e+01 6.827858483398937040e+01 7.288077812558864821e+01 7.535472854135436194e+01 6.385257307609328592e+01 6.552195019389736785e+01 4.566268065075870197e+01 4.643468574689554629e+01 6.628734559478832011e+01
7.341414769061560719e+01 9.266419292747141867e+01 9.417921089973371807e+01 7.747756148948403165e+01 7.857465665940939914e+01 9.266665446696622155e+01 1.126817336211327358e+02 1.052613335398732630e+02 8.521121485645559801e+01 8.889048018766760606e+01 8.976175095445553609e+01 7.274865116181184987e+01 5.273949125728762510e+01 7.274865116181184987e+01 7.400151251909574057e+01 7.808872390458886059e+01 6.473001510533580927e+01 7.629256200265712096e+01 9.634584831808696492e+01 1.018301101867223366e+02 8.504712711242170542e+01 9.573696463225317643e+01 7.568510194640570887e+01 9.573696463225317643e+01 9.937993499891014437e+01 1.191642991278811223e+02 1.084551027081357262e+02 9.958672825460345734e+01 9.134330792200245241e+01 7.869646732462288696e+01 5.895666742243307823e+01 5.558672468055635107e+01 5.238915759524431337e+01 4.937591928848930678e+01 6.552155736210924886e+01 6.628734506570563667e+01 5.309153878462773690e+01
6.468590386854701535e+01 7.510942232340377700e+01 8.334228297158682608e+01 6.612329613015994312e+01 8.590874168185230531e+01 9.708540161380513211e+01 1.086155633079274878e+02 1.135496269001486525e+02 1.013326237746742038e+02 8.129208759507299931e+01 6.972227988599051685e+01 6.216019262754295482e+01 7.274254245813025932e+01 5.665544535622201749e+01 6.820389267278835632e+01 8.824730016126473231e+01 7.889472330308979053e+01 7.290212528826498328e+01 8.708076442600881251e+01 1.071345237529424423e+02 9.922637141540461414e+01 1.040440093981886065e+02 8.571004348561378094e+01 1.040440093981886065e+02 1.194348808544099967e+02 1.142719448922484418e+02 9.435404105878295411e+01 8.041084029267446454e+01 7.164118256053157552e+01 6.507621313119203421e+01 7.869646732462319960e+01 6.962214933033220632e+01 7.218932966112828353e+01 5.491286621739676832e+01 7.468516208254179389e+01 7.798462259457924972e+01 5.823567603225242095e+01
6.716176678749748419e+01 5.562455303263320872e+01 7.321076839735671626e+01 6.031494725800541801e+01 6.898004265625712605e+01 8.037271874510817327e+01 1.003416725861801382e+02 1.163622192345180224e+02 1.095938202953628036e+02 9.803968630330425071e+01 8.976175095445553609e+01 8.218739615918786967e+01 6.518071820669932492e+01 5.993984167200068214e+01 7.996815827012724753e+01 9.655045168074050821e+01 9.894761079034799423e+01 8.186689815480896470e+01 8.708076442600881251e+01 1.071345237529424423e+02 1.192798765160310523e+02 1.140711883130276618e+02 1.057638857788924867e+02 1.140711883130276618e+02 1.160528227574930469e+02 1.100054613790819218e+02 1.084551027081357262e+02 9.958672825490444325e+01 9.071503008333844775e+01 7.101727280610130322e+01 9.071503008333844775e+01 8.936800969758152746e+01 8.062760829929334250e+01 6.090811856312006967e+01 8.062760829929334250e+01 8.617980098006620437e+01 6.708630122314418998e+01
4.786493209113035618e+01 5.079396894512439786e+01 5.378576433777913479e+01 7.321076839750458021e+01 8.451582914661570101e+01 9.002846192461318253e+01 9.634126661447015749e+01 9.634126661447015749e+01 1.146314943507717601e+02 1.083286693869020212e+02 8.831133201699805113e+01 7.413433793472441380e+01 8.335488950721382650e+01 6.331864655337984971e+01 7.748042521512492442e+01 9.753847550555475721e+01 1.102173007795979629e+02 9.345014378527611143e+01 1.071345237529424423e+02 1.154234681577573980e+02 1.119781787925117982e+02 1.097357046755674475e+02 1.074691043716981511e+02 9.887684839096780820e+01 9.507937087996778303e+01 8.940601283907074048e+01 1.039974271595704209e+02 1.047313780623285737e+02 8.490926865550000002e+01 8.234750869282088104e+01 9.895658034889305554e+01 9.054466018303223507e+01 7.219022289297834050e+01 7.245930878283159871e+01 8.883683814725628736e+01 9.500627668359996392e+01 7.844955033705596747e+01
6.351885013186387141e+01 7.013523800402330721e+01 7.321076839735891895e+01 5.995715945850055562e+01 6.475800548674187951e+01 7.015238053349747815e+01 7.637842683728418081e+01 8.632811567700149169e+01 1.063544175519387522e+02 1.057257688652630065e+02 8.570990892526882021e+01 9.417427439134404210e+01 8.736512575696724525e+01 6.731829023991407723e+01 7.487816951448326108e+01 8.905913534283097022e+01 1.091214901732670626e+02 1.135002868839597312e+02 1.217849279931077007e+02 1.119781787925117982e+02 9.148039292191627680e+01 8.923823760466153487e+01 9.819668106324989765e+01 7.826953015180028217e+01 6.739418735747106837e+01 7.540080602126697329e+01 9.547106157582069841e+01 1.130038920422861679e+02 1.047313780623285737e+02 1.021452768694952624e+02 1.104151448118473695e+02 9.936908708164926907e+01 9.054466018303223507e+01 9.217975707751247683e+01 1.004706665605927469e+02 1.064287282248940301e+02 9.820364737432045388e+01
5.782232341360584371e+01 7.734107534584428834e+01 8.781350652511160604e+01 7.957637324351733810e+01 8.451582914571690708e+01 9.002846238837780390e+01 9.634126661447015749e+01 1.046247388554150177e+02 1.146314943507717601e+02 1.139384061883210819e+02 9.728714715319605943e+01 1.058391007308542839e+02 8.567370290729455462e+01 7.149001221386289728e+01 9.154804479529448713e+01 9.125383372368025903e+01 1.113157411269013721e+02 1.135563430383973866e+02 1.051058150904735413e+02 1.051058150904735413e+02 9.524180671258186237e+01 7.486207415685311162e+01 8.434838144720751529e+01 6.741349242149686916e+01 6.518930511046949050e+01 8.469067327660718547e+01 9.459248829559309968e+01 1.031066022217520981e+02 1.022806613601659507e+02 9.392944018047028010e+01 1.022806613601659507e+02 9.800200013713936187e+01 8.978022107973455945e+01 8.718698766838654990e+01 9.541751735017770386e+01 9.501572575765295881e+01 8.678434054472508308e+01
7.735881943611660461e+01 8.560850698299880435e+01 8.446077024064651084e+01 8.796055921382712484e+01 8.912146802612706153e+01 9.740444306317422729e+01 1.003456760841790185e+02 1.025375494963204375e+02 1.108231296000961379e+02 1.254260756290961467e+02 1.172531404968641908e+02 1.116178813108231651e+02 9.154804307015116649e+01 7.967150814291292704e+01 8.003586458049542784e+01 1.001059654229371603e+02 1.196195826174498933e+02 1.051058150904735413e+02 8.463836138684682453e+01 8.463836138684683874e+01 9.637846350729648748e+01 8.434838144720751529e+01 6.422965933573287600e+01 7.940550283279063137e+01 5.959650768272916110e+01 7.940550283279063137e+01 7.433092222290216000e+01 9.459248829559309968e+01 9.220375886735617144e+01 7.377887701608044324e+01 9.220375886735617144e+01 8.978022107973455945e+01 6.975736906065040444e+01 6.715571437172023650e+01 8.387968456043064691e+01 8.348023184041620937e+01 6.675965173648934581e+01
7.857003311460812256e+01 7.637493007166752079e+01 6.473554908017460718e+01 6.816276333372188390e+01 6.927755199759441496e+01 8.177285358400382620e+01 8.034866475186521484e+01 8.253514337467242967e+01 9.889158408552239621e+01 1.071838001602007324e+02 1.172029084872608991e+02 1.139320817827169918e+02 9.386375933095851565e+01 9.974161257109659573e+01 8.672565685355955623e+01 1.067961133497776700e+02 1.169397178720767414e+02 9.644279700250915255e+01 8.198537502255449283e+01 7.032484331745489214e+01 7.600698522936583856e+01 7.680342188380230084e+01 5.816595318271615866e+01 7.473647772801611211e+01 5.517798283179180174e+01 6.046072748369767424e+01 7.433092214061669267e+01 9.459244370524973533e+01 8.385415859827530483e+01 6.377190044715602113e+01 8.385415859827530483e+01 8.784727266699482584e+01 7.562192663834539985e+01 5.568184784627777617e+01 7.562192663827717354e+01 7.456579083502681726e+01 5.529028440159469682e+01
6.769323633608833291e+01 5.049261709303642220e+01 5.112504344890536601e+01 5.445390631960863459e+01 5.806922149128244826e+01 6.207025501744759310e+01 6.638156957386799206e+01 7.227440661857225734e+01 7.887458426792404964e+01 8.886459565263999139e+01 1.089185740139685379e+02 1.222433727654569253e+02 1.139320828553684635e+02 1.009188182548425488e+02 1.009188208330781436e+02 1.151083683633604693e+02 1.139709333042952437e+02 1.055630577824229306e+02 9.909735221262201321e+01 8.197365307417727820e+01 6.194176746652384224e+01 5.704243884737384462e+01 5.247755936204604410e+01 6.687938153366387439e+01 5.097164395045739838e+01 7.036306540024853007e+01 8.871876220688504588e+01 9.124025564948152578e+01 7.119375033564838873e+01 5.720815134485594911e+01 7.716007254790218894e+01 7.959806801514989161e+01 5.962146626162277840e+01 4.971803157446764487e+01 6.257697673229407798e+01 6.630886348222981042e+01 4.643757578702452804e+01
5.964972635791826150e+01 4.668032997328841560e+01 6.598506971012035649e+01 7.396140349562062966e+01 7.766457776699525084e+01 8.177285358599571907e+01 7.775821928569540376e+01 9.221925066779824931e+01 9.889158425431038779e+01 1.071838001031499061e+02 1.172029801712081252e+02 1.322238946855860604e+02 1.292935039135614090e+02 1.151050835521823217e+02 1.209856337105537420e+02 1.200142579925222464e+02 9.957716767360155075e+01 8.510433384578702487e+01 9.374555837902018141e+01 8.099793338044268864e+01 6.101811458428336721e+01 7.534015006148069915e+01 6.687298886544034815e+01 4.735337661020611932e+01 4.735337386490002842e+01 6.683142459508982824e+01 8.314412596415790802e+01 8.612284756050274837e+01 7.132273971108376998e+01 5.186255091898429725e+01 7.132273971108376998e+01 8.784708527445322090e+01 7.408191970591360587e+01 5.415468153887864133e+01 4.267766087921273765e+01 5.657710836200019600e+01 4.184760802612812824e+01
