LEM/with_lateral_4open/elevation_000496.asc
nrows	100
cellsize	150.0
xllcorner	0
ncols	100
yllcorner	0
NODATA_value	-9999
[rows 68 to 84 of 100, columns 37 to 73 of 100]
5.157950721254593418e+01 6.547448547397118546e+01 8.371204075737367134e+01 8.531166395131874935e+01 7.157869958499593110e+01 5.156721394527563973e+01 5.195680948062483395e+01 5.512331646370732585e+01 5.841262334009498147e+01 7.842084666609592603e+01 8.376934351666349698e+01 1.037900110930157922e+02 9.039976005139793358e+01 7.101357698760929793e+01 9.039976004819564537e+01 8.226445418728295067e+01 6.213654055776935081e+01 6.663243467074708803e+01 8.085838365342281975e+01 1.009105119024475385e+02 9.645200216648450464e+01 8.815321630709122758e+01 9.645200216648450464e+01 1.011816441446732568e+02 9.270220597181031508e+01 1.011816441446732568e+02 1.018243445429211107e+02 8.759490610183100046e+01 8.605491808040152080e+01 1.003746937567315456e+02 9.300380880612836165e+01 8.300034047131283899e+01 6.885933809718558507e+01 7.885373919079729887e+01 6.539600898353091907e+01 5.296278924590213677e+01 3.298387718450279493e+01
4.803460694123977959e+01 6.804285194923087943e+01 8.103336832602248307e+01 7.253560477613554269e+01 6.792538138402889558e+01 4.790571751488846530e+01 6.792538143505876747e+01 7.513151501352194828e+01 7.255733150162801337e+01 7.255733150162801337e+01 9.257662449933464188e+01 9.628075663758606595e+01 7.623198013784116256e+01 6.196322957406204068e+01 7.309684592621906063e+01 7.668197536121645896e+01 5.646500775789792215e+01 7.079911865870421650e+01 9.088444674837548121e+01 9.571025332551620579e+01 8.643490108350331980e+01 6.811936175205634925e+01 8.643490108350331980e+01 9.100278281012180059e+01 7.239147664699785878e+01 9.100278281012180059e+01 1.040395866571053460e+02 1.076034357100037795e+02 1.064002249576219157e+02 9.884590276708595979e+01 7.885666691762931180e+01 6.471832055685987939e+01 5.471145729432556948e+01 5.885527124233146168e+01 5.711600326540116868e+01 3.719799788978509980e+01 5.296278924590213677e+01
4.464357605524116224e+01 6.115402461825247116e+01 6.888686335193776245e+01 5.215740258457199019e+01 6.266079089360317766e+01 4.568861284819524116e+01 5.725546834162724252e+01 7.727007933159650577e+01 9.257662449933464188e+01 9.257662449933464188e+01 1.008619805723132998e+02 9.120681908628431245e+01 8.290691928018283363e+01 7.309684585804092194e+01 5.282178278718494369e+01 6.730807342581057640e+01 5.235071981174119315e+01 6.674481985095923164e+01 8.686738256085172338e+01 8.741268078810479381e+01 6.738124906772064548e+01 5.811327711510535465e+01 7.813628902957378841e+01 7.348030811091929593e+01 6.235891326095242704e+01 7.397997715055623758e+01 9.486918534140552595e+01 1.086377557093271378e+02 9.706830424412470393e+01 8.876333758625229109e+01 8.169466406494380806e+01 7.537246708902419812e+01 6.471269446513440471e+01 4.472398991109967881e+01 4.151736385202741531e+01 5.711600198316619270e+01 6.111620018105480767e+01
5.529302383063807014e+01 4.113122826112428498e+01 5.774745022596140842e+01 4.056847456890178449e+01 4.262978166707678440e+01 5.265183475485834919e+01 7.266405471819106765e+01 8.556129072001701275e+01 9.530169512154618872e+01 8.701251038386953951e+01 9.530164720039046244e+01 8.290686580133542805e+01 6.277350669474640199e+01 6.747355517039461859e+01 4.715598682679612352e+01 4.698859698397669149e+01 6.703370848009957683e+01 8.060115719121729683e+01 8.996503944123909946e+01 8.534930800109393090e+01 7.105708527732394941e+01 5.103656878540158459e+01 7.105708527732394941e+01 5.340518100594823636e+01 6.393500817794605240e+01 7.795661696542777008e+01 9.736305037111998217e+01 1.003063249330019744e+02 8.031561942478654714e+01 6.877482847948402878e+01 6.170249786660535563e+01 5.537005509190193919e+01 5.036396631265340318e+01 6.471269446513440471e+01 5.561333223175448381e+01 6.975313681880092531e+01 6.496331058899566813e+01
6.767757167636904114e+01 4.773666772319862162e+01 3.773720489914104803e+01 5.774746604411308226e+01 6.266078922328134837e+01 7.093898161232262112e+01 7.266405471819106765e+01 9.265260994018454710e+01 8.529549146550719740e+01 6.699999900972726152e+01 8.529524230222106951e+01 8.030239477629302769e+01 6.015454791482758168e+01 4.851900089019043349e+01 4.203648807832743017e+01 5.849408079005290517e+01 6.683602637366304577e+01 6.179145914423671826e+01 7.596263308487168331e+01 7.705209075093232229e+01 5.702545097090546022e+01 4.568249984438312339e+01 6.570637717596460448e+01 4.762376390411051119e+01 6.178654359113996719e+01 8.185728509727198343e+01 8.486600745165628723e+01 9.316894305633530848e+01 9.706830424412470393e+01 8.876333758625229109e+01 7.170474912400348444e+01 7.537246708902419812e+01 5.744347213308193290e+01 7.744254808592738470e+01 7.560950009114981185e+01 7.565451547283647926e+01 5.565310260926815999e+01
6.767757167636909799e+01 5.623420558694324711e+01 3.623396873198812074e+01 5.411421092178808578e+01 5.997359631781770162e+01 7.167773306409027612e+01 7.190446506076564503e+01 8.018894099354722016e+01 7.700625414054572104e+01 5.699893250118408616e+01 7.700625414054572104e+01 8.859419978575428445e+01 7.698665338538999947e+01 6.670242496974607604e+01 4.250076744035577292e+01 3.845627895846838840e+01 5.495164614362057165e+01 4.754069329872208982e+01 6.768074248493604728e+01 7.618863730811700918e+01 6.070040784306925730e+01 4.067197300063729415e+01 5.659612513380458410e+01 4.290060556093462907e+01 6.293721130129033270e+01 7.069672817327217729e+01 6.482762052711342449e+01 8.486600745165628723e+01 9.504516337421195260e+01 9.998236641735174146e+01 9.169194055380482666e+01 8.572596227305528771e+01 6.744882147723566845e+01 8.572596227305528771e+01 8.978824457072532539e+01 6.980013319358366175e+01 7.565451547283647926e+01
7.871062402184416840e+01 6.452436026350811460e+01 5.411420720906836834e+01 3.412250909297800661e+01 3.799387494223389439e+01 5.698217365057384853e+01 5.199823609527108204e+01 7.190446506076564503e+01 7.033714695049934562e+01 5.033113351588063722e+01 6.430494537321331450e+01 8.431414958812057137e+01 7.886999962095821104e+01 7.888781854326674647e+01 6.530813641871974085e+01 4.904661490911687594e+01 3.505549951568939093e+01 5.168073891558429267e+01 6.000570207589803573e+01 6.789173989566673129e+01 4.786595058613543330e+01 3.630229131994085634e+01 3.656662189506432981e+01 4.083599812682253116e+01 4.531768091859317593e+01 5.067203722566594593e+01 5.774905702898551851e+01 6.669911781824585262e+01 8.086629121037128698e+01 1.009240910081067568e+02 1.048832808168565407e+02 9.572206249955831936e+01 8.743627469461898727e+01 9.572206249955831936e+01 9.807333915786756506e+01 8.978824457072532539e+01 7.261867817556176874e+01
5.869808460299729092e+01 6.029032816609708334e+01 4.027742090075852843e+01 5.213749564338207421e+01 3.213557379172260653e+01 3.813878487729299138e+01 5.782863557141236299e+01 7.074231404663395040e+01 6.430510695760315798e+01 4.430004513862918714e+01 6.430510695760315798e+01 7.301061911944054827e+01 5.885923138370254293e+01 7.105376447368352899e+01 7.752865774591300863e+01 6.328763632751496004e+01 5.168073891558429267e+01 3.186220345774883711e+01 5.168073891556232269e+01 5.730460994915941342e+01 4.901033872605940900e+01 3.230692664218184262e+01 4.645863653752503808e+01 6.086668109082122413e+01 5.947731294444358952e+01 6.166837662876456960e+01 7.777804466056940669e+01 8.608135671263733002e+01 9.504516337421195260e+01 9.897927587241977676e+01 8.477938143097284751e+01 9.897927587241977676e+01 9.818198111683423690e+01 9.557622845433755288e+01 1.038818346188305384e+02 1.008903843424605924e+02 9.260440169723132442e+01
5.715018631197976617e+01 4.713857293766675127e+01 5.442797242032082750e+01 6.004482528416878040e+01 4.933001883622996075e+01 3.017964460390476944e+01 4.244988073051123934e+01 5.659609738855978378e+01 5.263611710879946060e+01 3.930063147615357622e+01 5.930384220216980395e+01 6.300676082673683709e+01 4.471654267173863673e+01 5.104707811124017525e+01 7.105376447368352899e+01 6.363182895042511689e+01 4.357707849824381441e+01 2.964651997364480707e+01 4.639506483647983259e+01 4.578605812017224963e+01 2.900815677742542675e+01 4.901033872622556231e+01 6.062037874099068091e+01 7.478212094445621005e+01 7.951052327628133298e+01 8.170357701644739734e+01 9.000566691906158212e+01 1.011229468378474508e+02 9.281735634668328316e+01 8.997346614291312505e+01 7.050040495307392518e+01 8.997346227757441284e+01 7.804820736706550122e+01 7.543078831595171607e+01 8.969438658756128291e+01 1.097762508608428362e+02 1.061035367047037283e+02
6.129470518641520016e+01 6.129470518641520016e+01 7.444330691500586283e+01 5.832477528305440728e+01 3.834090574847266453e+01 4.752520874313045596e+01 2.830986504194363107e+01 4.646391897754369893e+01 3.263588880475587217e+01 5.263611710879936112e+01 5.665724800928757787e+01 5.471837346305514416e+01 3.471912500700316428e+01 5.471837346305514416e+01 6.852477200671843605e+01 6.946863300564999122e+01 4.944151151042079562e+01 4.634540281717240617e+01 2.658813700639071342e+01 2.579729036291001876e+01 4.578605812017224963e+01 5.311805062232122054e+01 5.846907262104567593e+01 6.450537559876309501e+01 7.158200724540664339e+01 7.987400529861288589e+01 9.143137282700850221e+01 9.281735634668328316e+01 7.267161853820228146e+01 7.857216852974308097e+01 6.147105471523590836e+01 7.492275078575623581e+01 6.377032464492067731e+01 8.394525316749701460e+01 1.038818346188305384e+02 1.044183834279247378e+02 9.613597808842828840e+01
8.130771142307753507e+01 8.130771142307753507e+01 6.774136573782689652e+01 4.776576083914850557e+01 5.832477528305440728e+01 5.643849468355332988e+01 4.646391897754369893e+01 2.646304038791273072e+01 4.479424305630461589e+01 4.365044603008148982e+01 3.665627853020306048e+01 4.138561537297334070e+01 2.868893920043867496e+01 4.023464909088983177e+01 6.023626849580596598e+01 6.195740329223851006e+01 5.366700450856333759e+01 4.976953536266077549e+01 4.148621013847743910e+01 2.356653639827164781e+01 2.826655447875064908e+01 3.310453105373718330e+01 3.844738163275211207e+01 4.448522350080055077e+01 5.156627034435462775e+01 6.312172002738070375e+01 8.313897450882660678e+01 8.663239549231174408e+01 7.857207873875370296e+01 5.841225439901485572e+01 5.436041695490742143e+01 5.476708114338340039e+01 6.639863199455976428e+01 8.656691373712084214e+01 9.840610055278266088e+01 9.012313792042537841e+01 7.613461338127250144e+01
9.080756894158156456e+01 7.082597094664197357e+01 5.930095006869287744e+01 6.774136573782689652e+01 6.575211518682299072e+01 5.180851159909692427e+01 3.180925666852298406e+01 4.475306761891497587e+01 2.479139648082884051e+01 2.364861811759410060e+01 2.251166403322556420e+01 2.138233283018295339e+01 3.982639641190228730e+01 4.811146183000440857e+01 5.136758364902213003e+01 5.366700013322330420e+01 3.366156476250875329e+01 3.952101879343723567e+01 2.149480880174027675e+01 2.604067271488577617e+01 4.547897627752711003e+01 5.311805062231972840e+01 5.846907262104559067e+01 6.450537559876309501e+01 7.158200724540664339e+01 7.987400529861288589e+01 8.072269470009862857e+01 6.644929084187825197e+01 8.062969500172145842e+01 6.776542949384143810e+01 4.768708538110776374e+01 6.779664548496108978e+01 8.325538469693462673e+01 9.488482380562965091e+01 8.685666363820293157e+01 7.011587329559820603e+01 6.457596805443070309e+01
9.909914244409293360e+01 8.755666851426697406e+01 7.927118796036430126e+01 7.161140205026188710e+01 5.160658199274106295e+01 3.746411764940901179e+01 5.180851159909692427e+01 4.923977428977699589e+01 2.963898625964495182e+01 4.365044579191118856e+01 4.251442629401630313e+01 3.983071649504315559e+01 1.982727517419211338e+01 3.829653877302886400e+01 3.136587080987840537e+01 4.356436013180756817e+01 3.760601202176759017e+01 1.952976998140265508e+01 3.952101879343723567e+01 4.547897627752540473e+01 3.279986004440053904e+01 3.857525646589358814e+01 5.889968828370729881e+01 7.731296357966652977e+01 8.732690596406375505e+01 8.663239549383848725e+01 6.644929084187829460e+01 5.222194655259845320e+01 6.158858718795615061e+01 5.972935329701715546e+01 4.431815711224076182e+01 6.439747749246954811e+01 8.210483122319959648e+01 9.042935148808498980e+01 7.857193830353340047e+01 5.855235716882638997e+01 5.455784341482374344e+01
1.038747271685445526e+02 9.559035464930154546e+01 7.972485099569703948e+01 6.413380558053270875e+01 4.412996323245132402e+01 5.160658199274106295e+01 6.575211518682299072e+01 5.428119782872790466e+01 3.475886062291618117e+01 5.428119751377855096e+01 5.248044797362203440e+01 3.247947555038119560e+01 3.829653822422017129e+01 1.829340999376115917e+01 1.722124074421608242e+01 2.541952574652897567e+01 1.761494741669595498e+01 3.760607136513272053e+01 3.366156473090830303e+01 5.366699225929720285e+01 4.420249042362804204e+01 5.889968828370729881e+01 4.877477816385743381e+01 5.900385837724453353e+01 7.904536140126845112e+01 8.339859795341051552e+01 7.177695233655896345e+01 6.159247711645850387e+01 4.153624327523040449e+01 3.969130679832211683e+01 5.972935311834258698e+01 6.786112767662262968e+01 6.196119252108498188e+01 8.210483122319959648e+01 8.185312187788341021e+01 6.701362774634667119e+01 4.699185873006646119e+01
9.559035464930154546e+01 7.558069946207403689e+01 7.143836899131233054e+01 5.143399822725795900e+01 6.413380558053270875e+01 7.161140205026188710e+01 6.357762598101383134e+01 4.388816684466397078e+01 5.429592593220824881e+01 5.429592589596296648e+01 6.076805748249249461e+01 4.662112362836784030e+01 3.826164204062108354e+01 2.983331611712591780e+01 3.571716725364066747e+01 1.571355295166060806e+01 2.487223812741263274e+01 4.344049985857835594e+01 5.366699225929787787e+01 6.195721940009272544e+01 6.447731681854970986e+01 7.278341824021789819e+01 6.902460385877829196e+01 7.731296357966652977e+01 8.732669438484624891e+01 7.506734991658449019e+01 5.493149622067409865e+01 4.337323734198026415e+01 3.524477386634109166e+01 5.524890832793568052e+01 5.887283125550067808e+01 4.776268585709050285e+01 5.934687767721219132e+01 7.949180952331893479e+01 7.356704301985659811e+01 5.354651450463815365e+01 4.200490094817386222e+01
9.616164320657335907e+01 8.144139177720845169e+01 6.143534620541635860e+01 6.298262482828751985e+01 7.972485099569703948e+01 7.777285545517720777e+01 5.769776941181706320e+01 5.769776941181706320e+01 7.190272618524154780e+01 7.420226261459752948e+01 7.491491274029378644e+01 6.638803181956198785e+01 5.764006443633086718e+01 4.957132004560818928e+01 3.488248295149936951e+01 1.488229679658098803e+01 3.487575764439042558e+01 5.006803963954879322e+01 4.254974608026792993e+01 4.736656740646517960e+01 5.323343270681591832e+01 5.999896694809108766e+01 6.877862629369379022e+01 7.971828165655043108e+01 8.776056119569297209e+01 7.998242979746210324e+01 7.177694535479122351e+01 5.262223678805739269e+01 3.263149137444334258e+01 5.130037314074828458e+01 3.883799027839101115e+01 5.887283125550067808e+01 7.619527200458497873e+01 8.781894468751264071e+01 7.179510329708205063e+01 5.178116377289558159e+01 3.766179171750783894e+01
8.790917037810119439e+01 8.972771331530927341e+01 8.144139177720845169e+01 8.298913032590631644e+01 9.127527848286406709e+01 8.610768295866594713e+01 7.777285545517720777e+01 7.777285545517720777e+01 7.274821511509145466e+01 6.446000881958111961e+01 6.186498980039388584e+01 7.015255741249387711e+01 6.447580033446783432e+01 4.165322074601226632e+01 2.586063052966654396e+01 1.405319129574020032e+01 3.288716249498478561e+01 3.646880849889360121e+01 2.302888376808506621e+01 2.758815186492721239e+01 3.333926926921748901e+01 3.981458643217285953e+01 4.978464488663541232e+01 7.050439726311370237e+01 7.993460441190042332e+01 6.000697701847126098e+01 6.588189955971478184e+01 5.004144259825481811e+01 3.006140847747928646e+01 3.131383950523979109e+01 5.130037314065206999e+01 6.720409707224438023e+01 6.636068881518242790e+01 7.469092807446099869e+01 7.237178780225329433e+01 5.235645361125581587e+01 4.082340577139950000e+01
