LEM/with_lateral_4open/elevation_000085.asc
nrows	100
cellsize	150.0
xllcorner	0
ncols	100
yllcorner	0
NODATA_value	-9999
[rows 0 to 16 of 100, columns 37 to 73 of 100]
8.884754177262699226e-02 6.929726548558100274e-02 7.395023591448830758e-02 4.828361932999872264e-02 4.897713358561925356e-02 8.568734790590110117e-02 1.075183056328203948e-02 6.823539046102447547e-02 7.194897206013613211e-02 1.557559815681563986e-02 7.704183385687686514e-02 1.685416958384493638e-02 9.680445094065920353e-02 7.639902522890137937e-02 4.559330980047965332e-02 5.839666421669215124e-02 9.739037529851846120e-02 3.670263267501718690e-02 2.041064012308905357e-02 6.895211126444661387e-02 9.031524355919069713e-02 1.560024811392830661e-02 7.641644294168103979e-02 3.888124420523987601e-02 6.873285589001959517e-02 4.772367030474261584e-02 9.504926490987847254e-02 5.760415539182907330e-02 9.666222459857021221e-02 9.627991409191682948e-02 1.286757495974483190e-02 9.381044340810595905e-02 7.584058927755046864e-02 1.435327048224320848e-02 5.777975670406795827e-02 2.716720951219454838e-02 4.735230246529398453e-03
2.008884754177227094e+01 1.421143288921665615e+01 1.421608585964556326e+01 2.004828361932964498e+01 5.212954928528863441e+00 6.752354014572596874e+00 2.001075183056292772e+01 7.741245661247267762e+00 1.421408459579121164e+01 1.416597240701860727e+01 2.007704162003691906e+01 2.001637243308809744e+01 7.140178507274145270e-01 2.007621290623061583e+01 1.986163395837198919e+01 2.005839666421633538e+01 1.009812069010850522e+01 2.003670263267466112e+01 5.365635478369983780e+00 2.006895211126409251e+01 2.009031524291279069e+01 1.001560024811384153e+01 2.007641617707731996e+01 1.717272326588053621e+00 2.006873285588966382e+01 2.004772367030438573e+01 8.260015074187210260e+00 2.005760415539147345e+01 2.009666222459821583e+01 5.869782605988199009e+00 2.001286757495939028e+01 1.423594606713918154e+01 1.421797621300862602e+01 2.001435327048188739e+01 1.748088266161099247e+00 2.002716720951183760e+01 2.000473523003935838e+01
2.638051438951679017e+01 3.421143288921736314e+01 3.421608585964627025e+01 3.055817976677704095e+01 1.055817976677739800e+01 1.382342182643813366e+01 3.382342182643883888e+01 1.629249572172141569e+01 3.421408459579191685e+01 3.431702927543492621e+01 3.494360327069777838e+01 1.851783971926651162e+01 1.224875269429602831e+01 1.588975094343481942e+00 2.342808283940290082e+01 3.843389502883923825e+01 2.426144519899114016e+01 3.091191460825111292e+01 1.091263744055007301e+01 3.091191460825111292e+01 3.829986560095761661e+01 2.415773587169480408e+01 2.341223536652107384e+01 3.401763266154214094e+00 2.341223539942933130e+01 3.654428632164810153e+01 2.240215069791841174e+01 2.826001507418756731e+01 3.190000949754388060e+01 1.190000949754352533e+01 3.190000949754388060e+01 3.423594606713988497e+01 3.421797621300932946e+01 2.980574355683787147e+01 2.156562477737140071e+01 4.164576639481817111e+00 2.420820819273911795e+01
2.966849447924706595e+01 4.385048571188138311e+01 3.908620842100267367e+01 1.908620842100196668e+01 3.055817976677775505e+01 2.276769373643744743e+01 4.210769307389902849e+01 2.736154705141754562e+01 4.601157941670724938e+01 4.737461249886026593e+01 3.467007392909550134e+01 2.632672895362668797e+01 2.165606954976145815e+01 2.208256134757054401e+00 2.239245761216718833e+01 4.192658740758411540e+01 4.441585206755425475e+01 3.723563502241010070e+01 1.723719275620428348e+01 3.723563502241010070e+01 5.244195659125423958e+01 3.329084175795646416e+01 1.327887005381801622e+01 5.104911846225168581e+00 1.925984403651823840e+01 3.927104302795566326e+01 4.240215069791911873e+01 4.826001507418827430e+01 3.897107730940982862e+01 1.897107730940912518e+01 3.897107730940982862e+01 5.119589812886123070e+01 4.298725921636255975e+01 3.058622144258950115e+01 1.059994778191668097e+01 5.885902571129565608e+00 2.588869589651414671e+01
1.556617190770554693e+01 3.556617392964530211e+01 4.575287508766945876e+01 2.575287508766875177e+01 4.575287508766945876e+01 3.431469912023037239e+01 5.105196498389810245e+01 4.585248950945113933e+01 5.798920207254100490e+01 4.634582693851265134e+01 2.410952428607209796e+01 1.707762965926213283e+01 2.278037403732673383e+01 2.828429550901424339e+00 1.282931138776175573e+01 2.705335010616715863e+01 4.773465395585959925e+01 4.479306535063461325e+01 2.479648190847425226e+01 4.479306535063461325e+01 4.744014988092409624e+01 2.743000643626056601e+01 2.688920947981426579e+01 6.867341068082960298e+00 2.688920947981426934e+01 2.840038501749510047e+01 4.255881960448884627e+01 6.259664395521797076e+01 4.725534855687202906e+01 3.051808269320184408e+01 4.725534855687202906e+01 4.298725921636255975e+01 2.301624560539129050e+01 1.767101697196429555e+01 2.775399277024252243e+01 7.750912187610201620e+00 2.189363633225251249e+01
2.003830786270520292e+01 4.003831115032696886e+01 5.403714633519977184e+01 3.575287508766910349e+01 5.403714633519977184e+01 5.431469912022966184e+01 6.259897036768997225e+01 6.884249407558515088e+01 5.525820717466047682e+01 4.070271698304357955e+01 3.072148246217593481e+01 2.838992735435798309e+01 8.738672004355855449e+00 3.450399220532239575e+00 2.329447785769126256e+01 3.057944957695967503e+01 3.872830786473339515e+01 4.797864339349624885e+01 3.634340778065693200e+01 5.306286058743881284e+01 5.572897627823738276e+01 4.744014988092409624e+01 2.867895867419942846e+01 8.651814167307595227e+00 1.573727260120734606e+01 3.576133681045980239e+01 4.842776247659250544e+01 6.846647776812500297e+01 5.880235394066474441e+01 5.051808269320255107e+01 5.238967942726574734e+01 3.244413415518049959e+01 4.298725921636255975e+01 3.764978131644444659e+01 2.965263181183624752e+01 9.649228179115215909e+00 2.379204356965160372e+01
2.538353270095378278e+01 3.636823979542135987e+01 5.636825599926201136e+01 4.989501071140055188e+01 6.403714633523863142e+01 6.760690797934171314e+01 5.928511634268490837e+01 6.135318645429070727e+01 5.304370749848025213e+01 5.545249447725535674e+01 4.795375793937091657e+01 3.606077878575244711e+01 2.541865805488869512e+01 5.632525183380786338e+00 4.375388149188713882e+00 1.254903313453996461e+01 2.015592584452389602e+01 3.965156516176759993e+01 5.633550933631606483e+01 6.459747457825075401e+01 6.036829187166800637e+01 4.010284935724786237e+01 3.054518768888650726e+01 1.051296532247988580e+01 3.054518768889874281e+01 4.405685565597583775e+01 5.202858947689422564e+01 6.029961413985801499e+01 7.028652903201992785e+01 6.643357559639689214e+01 4.657250716545197378e+01 4.657250716545197378e+01 6.057178011570169929e+01 4.573580012011844786e+01 2.572562420165863273e+01 1.158270115720655902e+01 3.158646903543975171e+01
3.115703539285014045e+01 5.115704508109264737e+01 6.465266739850319766e+01 6.989501071140196586e+01 7.081522198434781501e+01 5.857878823364987397e+01 3.867691608061009845e+01 4.431623913448539298e+01 3.289286585440683552e+01 4.973430922298083345e+01 4.013532555899706011e+01 2.866870183017113050e+01 8.774086891762022944e+00 2.554803808742781968e+01 2.436882289884066921e+01 5.302795489219175984e+00 1.369769784258021339e+01 2.848841891487500533e+01 5.020294130537173061e+01 6.558576838527113750e+01 5.548419602858663069e+01 4.010284935726314615e+01 2.169995398969514966e+01 1.239987563190014441e+01 3.228696864697366919e+01 2.492542903576162061e+01 3.202200569236769923e+01 4.203926805849740589e+01 6.201791089529102408e+01 7.457105306595128980e+01 6.643357559639689214e+01 6.643357559639689214e+01 5.669830702115810084e+01 3.668183721190426638e+01 3.355807299999088400e+01 1.355335971353516200e+01 2.111263063009010921e+01
3.871632485303690174e+01 5.115707522994131295e+01 7.115750442012911492e+01 7.581379144669472225e+01 6.010403543718548747e+01 4.552656106723390650e+01 4.067736328522008193e+01 2.414781899760849981e+01 2.137118627524688463e+01 3.752234629161704049e+01 3.185247436905149243e+01 1.196995093335880789e+01 2.866868745614690894e+01 2.672212501468334267e+01 6.237353767084877987e+00 1.615250073321513824e+01 3.239073701613936151e+01 3.256723759398715856e+01 5.410971756498697971e+01 5.716616109460976958e+01 3.717624736535230312e+01 2.714508851254206689e+01 1.882051269218163725e+01 3.245955942587060861e+01 1.546042140798164510e+01 3.552180594356791943e+01 4.714474022394878716e+01 6.029961413985801499e+01 7.028652903201992785e+01 7.203934734842943044e+01 5.201057894900780099e+01 5.201057894900779388e+01 4.568211474347943124e+01 3.668183721190426638e+01 1.667683495132829563e+01 1.932686313234894371e+01 3.932508619129527716e+01
5.026333025717138270e+01 6.700083498141033544e+01 6.992129145749399299e+01 5.572485444782823549e+01 5.224961018103417132e+01 3.186793212680442977e+01 2.847410096307957872e+01 4.401979044038075273e+01 2.718968621527232798e+01 1.762270152204739659e+01 1.525876933925866119e+01 3.185247436858539416e+01 4.012605982578396890e+01 2.689477529497263575e+01 6.898861499629576954e+00 2.681591035220826313e+01 3.212401685574799615e+01 4.499568972051321936e+01 5.803396278899123928e+01 6.553900018752891299e+01 4.764501130115728955e+01 2.731228738643147835e+01 3.910126310847851272e+01 4.382055249335921587e+01 3.552180030042600833e+01 1.878302523374443922e+01 3.884490213349067034e+01 5.126552491960053004e+01 7.130440247162832179e+01 6.617081696756845588e+01 4.614521631528884882e+01 3.199822960511528436e+01 2.567363197429816424e+01 1.990012680799001288e+01 3.667510531069947177e+01 3.346951821546185357e+01 2.932756365915756191e+01
7.026336706002808796e+01 7.644511824471983630e+01 6.160883738239944307e+01 4.135824597142947567e+01 3.723711914690377256e+01 5.224961018103417132e+01 3.659752430906542031e+01 4.070320302093465870e+01 4.408887446665800525e+01 2.417149025447629640e+01 3.514388087615623135e+01 4.343283701208042658e+01 3.906136288853287653e+01 1.910142832747735753e+01 7.561450705031984576e+00 2.600263631010201593e+01 3.921589408250898856e+01 4.799249268457371187e+01 4.828218116077874811e+01 6.784489527495601635e+01 5.430556672865827039e+01 3.396680196445103661e+01 5.430556672865827039e+01 5.281524106126200735e+01 3.277427416570090202e+01 2.118269567827800515e+01 3.122365264698152743e+01 5.126552491960053004e+01 6.741801283893730101e+01 6.836258144704420658e+01 4.833555025059163768e+01 5.201057894900779388e+01 4.240721240694919913e+01 2.240012680964088077e+01 4.240658225821320571e+01 5.337086250488805206e+01 4.088531818746843527e+01
7.384444052993431740e+01 5.966158305848434651e+01 4.801204459305942152e+01 6.160883738239944307e+01 4.904241126072354717e+01 6.514716878700708946e+01 4.654838200762139877e+01 5.203638867517310729e+01 4.422925725935708385e+01 3.849003802312794420e+01 4.070300904590472157e+01 6.088879768012770910e+01 4.730810427494975556e+01 2.824052997409661003e+01 8.225865749070001343e+00 1.238348445545952892e+01 3.226654017096143434e+01 2.846428192663734436e+01 4.250943093577878074e+01 6.233758569543384453e+01 6.266338803276350689e+01 4.357917089224225293e+01 6.266484937611104300e+01 6.111499936856998261e+01 4.124458389153612359e+01 4.124458878329100742e+01 2.488208535043089498e+01 3.907058390654724178e+01 5.737610410857945453e+01 6.893977463860292687e+01 6.836258144704420658e+01 5.904907758185319722e+01 4.496918517714263430e+01 2.496086441484482776e+01 4.496511674082057652e+01 5.812776601366167029e+01 6.109638553788047233e+01
7.123432729182687240e+01 5.705128842066230987e+01 5.966158305848434651e+01 7.644511824471983630e+01 6.331436896139827297e+01 7.544763370575057593e+01 6.100101078911255570e+01 6.931392235844377581e+01 6.456684371023690971e+01 5.869254651409872281e+01 6.088879768012811411e+01 5.963377598862510354e+01 3.965485356995667132e+01 2.890726889723416093e+01 8.899652386877466625e+00 2.884080384673404041e+01 1.862065434789829865e+01 3.832557641915012425e+01 4.824284476665169308e+01 6.755932914547877033e+01 7.262491659050706971e+01 6.152224659888374703e+01 7.279092988543381182e+01 6.958434294597007863e+01 5.510077655783385353e+01 3.492809789626627293e+01 4.494111051602651941e+01 2.902951079307657878e+01 4.060693918170439787e+01 6.064470187209350627e+01 6.490662772425697824e+01 4.488056266686999152e+01 3.073437493232739115e+01 4.496918517714027530e+01 2.988452592043627121e+01 4.989482402053150167e+01 5.514989667891207858e+01
6.973701933674672659e+01 7.123432729182687240e+01 7.971896063252451370e+01 8.802404473923165540e+01 8.338255897739162492e+01 8.360909039872258575e+01 8.152445695581026541e+01 7.159015912447759433e+01 6.328028267290374487e+01 6.328028267290374487e+01 6.231247198604519610e+01 5.385911348657777609e+01 3.961546110201454240e+01 1.965385008271718448e+01 9.574609005003466677e+00 2.956492459697596331e+01 2.475046233810395790e+01 4.410223044926888747e+01 5.928402028846142713e+01 6.636017691527784734e+01 7.393500594549357174e+01 8.215844785222743951e+01 8.422182885331332614e+01 6.243991010965780930e+01 4.770205921393412751e+01 5.510077655783385353e+01 5.575462887062236916e+01 3.572019947006064911e+01 3.397420698623430724e+01 5.400860778009188579e+01 6.938572472978452765e+01 4.935456141691189913e+01 3.520653509878372489e+01 5.522155592767924759e+01 4.989555522129440135e+01 3.513680712010163631e+01 4.928477591330781138e+01
8.979395877539710114e+01 9.129115620623407779e+01 8.667505299597598878e+01 7.772602176050405376e+01 6.944594212202812855e+01 6.357937401992022330e+01 7.772602176050405376e+01 6.328028267290374487e+01 4.327801959005905275e+01 4.327801959005905275e+01 4.983950999680477167e+01 3.176007957542334736e+01 3.933776675150503621e+01 1.901882483953801639e+01 1.025190458920016923e+01 3.024791685947957731e+01 3.961007128895677454e+01 3.410559175014696365e+01 4.097428410791540188e+01 4.926166742403490417e+01 5.976944265288754110e+01 7.409712082665922139e+01 8.328426611398560908e+01 7.679954934057410298e+01 6.826307220230007999e+01 6.732797406205010304e+01 4.728235217696440174e+01 5.575462887062236916e+01 3.757607107760151877e+01 5.173335609920572153e+01 7.178420820113234413e+01 6.022652343259824903e+01 4.020665341293518935e+01 6.022652343259824903e+01 5.923811691972905891e+01 3.921934774605056617e+01 5.336960265317210883e+01
9.243943293502432823e+01 9.256935846888846697e+01 7.253358996737679831e+01 5.837573143989405366e+01 4.942882972502481920e+01 4.942882972502481920e+01 6.772145357209139149e+01 6.328028267290374487e+01 4.327801959005905275e+01 2.920824787753909391e+01 3.921468740556849752e+01 2.041639367177559805e+01 3.361706975013103715e+01 3.118517929410467104e+01 1.123365844188394469e+01 1.142010099193915629e+01 3.141632605872464978e+01 4.101511962642778286e+01 5.478442437255321096e+01 6.371956223388254870e+01 5.590589268508793452e+01 6.440404149289271629e+01 6.098766357137043315e+01 7.446383030661665714e+01 8.370586864708393193e+01 6.364712624987161149e+01 6.732797406205010304e+01 6.139192884432893749e+01 4.135925224837737346e+01 5.551723654667824803e+01 7.557469066408586400e+01 6.578095026325068773e+01 4.575417951952213969e+01 6.578095026325058825e+01 6.440852222057080212e+01 4.438362859725986453e+01 5.187441989937752851e+01
7.253542670090308775e+01 8.657894459244060670e+01 8.667505299597598878e+01 7.099518567982370598e+01 5.097648927820972631e+01 3.942387166763159456e+01 5.276621450489484033e+01 6.104779956505500849e+01 5.743384626111625835e+01 4.022433628766945901e+01 2.035528088696738180e+01 1.462144155801349399e+01 1.362239088369401507e+01 1.262672167339262863e+01 3.109457690885124137e+01 3.141632605870448813e+01 1.256199617043581185e+01 2.689235545611709810e+01 4.234462615070147251e+01 5.365624966627735404e+01 3.533375803629914458e+01 5.045322418427045363e+01 4.428006422366416928e+01 6.526587040612021440e+01 7.449944286782860559e+01 8.370586864708393193e+01 7.967017456195496550e+01 5.960648296282670344e+01 4.544091784795065081e+01 5.700311252479105661e+01 7.706674686220262060e+01 7.211693742656665052e+01 5.208078676490110581e+01 7.211693742656507311e+01 6.996465905181310063e+01 4.993172281325127670e+01 6.996465905182679990e+01
