LEM/with_lateral_4open/elevation_000359.asc
nrows	100
cellsize	150.0
xllcorner	0
ncols	100
yllcorner	0
NODATA_value	-9999
[rows 34 to 50 of 100, columns 37 to 73 of 100]
7.411076259236139663e+01 7.775244776736990104e+01 6.518328773697513157e+01 4.528721843590245300e+01 5.415778601203960818e+01 6.566988353538620515e+01 8.562310111956233527e+01 9.653164580089276114e+01 9.212530413329156431e+01 8.395365099030729539e+01 8.542654389409061366e+01 8.245438668184083042e+01 6.992664562115628257e+01 5.345548795660833719e+01 3.927616908317634170e+01 5.690746283028252606e+01 6.514524072824985979e+01 5.157582516376091064e+01 4.053437175696524974e+01 6.051418868960573860e+01 5.769896540608672808e+01 7.431839239498323479e+01 8.881620533718900390e+01 7.740697214431055784e+01 7.740697214431055784e+01 9.729759573287064711e+01 1.051932703090336076e+02 8.493938555107985167e+01 7.054834518523867359e+01 6.225091948837140876e+01 5.461307179784958521e+01 5.120386865942991506e+01 6.687675632383506752e+01 5.788001087025348568e+01 7.220908203186682783e+01 6.062421607495576836e+01 4.052461406609034356e+01
8.882824667267944108e+01 7.246526652508609345e+01 5.252451515235386381e+01 4.960966191579868223e+01 6.953033491195874660e+01 8.233678679922266497e+01 9.383524929975914119e+01 9.790509282209700359e+01 7.817477456892081022e+01 6.413764307447284807e+01 6.561958247664520627e+01 6.775848140260320918e+01 5.599894798885294023e+01 4.206155015997771329e+01 4.291415865654070672e+01 6.300616028954457448e+01 7.972045915516739001e+01 6.756818172606524797e+01 4.909722290975626180e+01 4.379970568490573157e+01 4.621689069299274166e+01 6.609849025861900884e+01 6.890325196034308419e+01 6.330514755811452687e+01 7.740697214431055784e+01 9.729759573287064711e+01 1.044861925167242305e+02 8.422897693654414297e+01 6.983536772417906491e+01 6.154066284696779121e+01 7.489298002990544489e+01 6.551855028646092194e+01 7.985782142921044624e+01 7.815117351858975780e+01 8.066834357605742412e+01 6.062421607495577547e+01 5.888706855094854831e+01
8.062107506699065596e+01 6.064574583204211677e+01 7.246526652508609345e+01 6.953033498732537510e+01 5.621929273061096666e+01 6.775039860571806116e+01 8.770890536686195560e+01 9.662865791165314988e+01 8.521358397481742486e+01 7.142090716111461290e+01 5.157550901543892508e+01 4.820601228427687346e+01 4.490646501203699614e+01 6.202436768714329673e+01 4.665433761528687739e+01 6.074603478745999752e+01 8.067926493377194674e+01 7.569018021642584415e+01 5.694332099487073151e+01 5.791723114256973304e+01 6.570611038280739535e+01 4.976803670865518825e+01 5.487583245465832249e+01 7.473562097096967705e+01 8.323280091137071679e+01 1.030844763767902492e+02 1.066956856449749012e+02 8.644635696540093761e+01 8.829446718109880976e+01 6.795889876785804518e+01 8.829444879154523562e+01 8.582128552314841841e+01 8.379837112290563539e+01 7.551508333048813881e+01 6.845124004152746977e+01 6.244163176596979525e+01 5.691844622913039586e+01
7.219446716992842994e+01 7.478656321702544574e+01 8.885444594913332139e+01 8.152802637879648273e+01 6.153945555244821719e+01 8.152802637879713643e+01 9.591641088673453908e+01 8.846555933825192142e+01 6.866631848623462986e+01 5.718743076444913243e+01 7.141906405406740532e+01 6.729988802934884973e+01 4.743932825027729194e+01 6.730676456151540776e+01 5.057395539345679936e+01 7.049349474161478213e+01 8.461898266852607264e+01 8.445561959927688633e+01 7.044175326557463279e+01 7.779103396702302575e+01 6.377306634881131231e+01 6.960784613909039820e+01 5.403818777590945643e+01 7.389021269313683149e+01 8.858593491117353835e+01 9.749355728473074123e+01 1.089593831975905687e+02 1.066956856449749012e+02 9.666712978633586317e+01 7.707740719083443537e+01 9.666694563914177252e+01 8.705264520560724861e+01 6.706900184243141894e+01 5.553551736703533237e+01 4.852308510384207096e+01 4.252634886115465918e+01 3.692787268681616553e+01
9.213203552210812575e+01 9.470683270500308026e+01 9.093323786902973893e+01 7.098177139931856061e+01 8.152802637879713643e+01 8.974873776764262345e+01 9.742284007810654600e+01 7.769177253923666626e+01 6.363267668010831812e+01 7.703444954665269506e+01 8.132295012155346114e+01 6.150084164932986397e+01 6.730691330579826115e+01 5.124276081726883803e+01 7.048483423941006265e+01 5.643325661544415794e+01 7.637357415671799288e+01 9.104342607519177477e+01 9.025878870414682353e+01 8.359809426629661289e+01 8.359809426629659868e+01 7.813238958344018670e+01 5.823476696082362025e+01 6.043487781057739738e+01 6.932514695848753661e+01 8.087396023150301971e+01 1.007689601116144615e+02 1.175756354450477659e+02 9.736926218574436120e+01 9.736926218574436120e+01 1.057268925339081562e+02 9.533992867015118122e+01 8.379837112290563539e+01 7.551508333048813881e+01 6.845124004152746977e+01 5.478206261075845163e+01 3.470824516568189466e+01
9.323214574535668930e+01 1.016289452890386542e+02 9.913222095180456961e+01 8.512513276737554690e+01 8.512513276737554690e+01 1.049552439771314312e+02 9.957204584983220741e+01 7.985221141685553903e+01 6.915743483010606951e+01 8.896424901925621498e+01 8.949061433349973527e+01 8.132446322190074284e+01 7.379119806927779734e+01 5.394560045318394259e+01 7.379123892191982748e+01 7.052947074359448720e+01 6.306084512141606524e+01 7.707744324711656247e+01 9.630803117474533792e+01 1.033296360760048742e+02 8.460669383852149394e+01 6.465149018868123676e+01 7.813238958344018670e+01 8.035734299085157772e+01 6.890880337306499825e+01 7.891356603163852412e+01 9.307731665008441269e+01 1.133600250741873765e+02 1.129262569084276180e+02 9.592023116986288755e+01 8.746072906240722489e+01 8.234166010643765787e+01 7.766494921416669683e+01 8.455416192848848311e+01 7.033642286594212578e+01 5.692711849517849032e+01 3.691218249401160278e+01
7.310122402207441894e+01 9.154287270920352171e+01 1.031953174803567208e+02 1.049552439771314312e+02 1.049552439771314312e+02 1.131393091362335639e+02 1.077410604012442832e+02 9.491842428781960450e+01 7.517088191557346022e+01 9.491838480861161997e+01 9.870604398302772609e+01 8.405066116999763892e+01 5.791980687271651362e+01 6.198753444091908449e+01 7.779923973403624871e+01 9.048248787659160541e+01 8.302993867436892117e+01 7.089262053820338849e+01 8.244408723916355086e+01 1.023215875759838838e+02 8.945003231664162513e+01 6.948037190856260281e+01 8.945003231664162513e+01 9.711669419834062467e+01 8.045946058971389903e+01 8.888207360225607090e+01 1.072210202284932024e+02 1.129273117745889721e+02 9.245578747905804562e+01 8.745288847065299365e+01 6.692784781829655572e+01 6.190819002657957526e+01 5.733849722640619717e+01 7.140543916258602053e+01 5.611868380339536344e+01 4.199565373994963124e+01 4.005714454764446231e+01
6.296258855528476772e+01 7.465277353506962754e+01 9.479690407153438514e+01 1.028919130626623826e+02 9.967701763655036018e+01 1.080852072553824144e+02 1.145588988839634652e+02 9.491842428781960450e+01 8.405337249978111913e+01 1.030723800771588969e+02 9.054986245638619380e+01 7.061973508929743559e+01 6.074214783689738084e+01 7.777580855962619921e+01 8.570316304925769657e+01 1.014847170666390497e+02 8.158993165423615324e+01 9.085050695283908340e+01 9.905639261730648570e+01 1.105001504971283453e+02 9.546222359231892085e+01 7.552194399059195007e+01 8.580926888335004321e+01 1.056495718689718046e+02 1.003875769436338601e+02 1.086084854935605222e+02 1.169968269224042245e+02 1.089222379675346133e+02 8.759592177842274907e+01 7.553625449246477785e+01 8.746072906240722489e+01 8.234166010643765787e+01 6.547733677039700240e+01 5.123997218989697444e+01 4.737664759258376534e+01 4.483727627831608231e+01 6.000315585236351268e+01
6.821770726212952241e+01 8.840742378297288440e+01 9.700221804501720158e+01 8.270463953971315618e+01 7.952395401869719649e+01 9.642512444800020432e+01 1.065157683711146746e+02 1.118697178354006212e+02 9.796871124578348144e+01 1.118696726385378639e+02 9.870666507638846099e+01 8.877582627006255223e+01 8.058485203458529611e+01 6.518048411337260006e+01 7.936716323236758797e+01 9.918264273045288348e+01 1.014847170666390497e+02 9.568851968836547428e+01 1.154779753874585708e+02 1.094601812145262585e+02 8.966407969967681879e+01 8.554537785558106577e+01 1.036429204730517881e+02 1.138198383762159267e+02 1.181991360944553691e+02 1.239371656092596083e+02 1.306231659226390036e+02 1.174918870343647086e+02 1.048137516542750944e+02 8.925222253963740116e+01 1.047571768318002938e+02 9.426476530278667099e+01 7.979405898632519722e+01 7.019645215872816379e+01 5.021592216345025150e+01 5.231354574651795275e+01 7.232784731905316278e+01
6.267599425187854223e+01 8.301149507175252040e+01 8.697297223635793273e+01 6.863522715905790506e+01 6.806866781307303427e+01 7.797511739282239773e+01 9.216368383349467308e+01 1.124594102464830883e+02 1.175653694646487395e+02 1.195331072695921080e+02 1.059380717490861628e+02 8.624273649238766382e+01 7.206837906501630187e+01 7.277534474691320554e+01 7.375226531716334932e+01 9.365942296723527249e+01 1.116446805055079636e+02 1.154779753874585708e+02 1.236503898649209958e+02 1.176217612465483882e+02 1.094601812145262585e+02 9.960748956958143197e+01 1.135381347132182555e+02 1.122264935803550117e+02 9.812314099442495774e+01 1.033955100050378633e+02 1.180173664135668901e+02 1.050067097826191400e+02 1.178276767623689238e+02 1.112969721504720013e+02 1.099707002913986145e+02 9.127005666684351581e+01 8.840018467854844175e+01 6.831885928728246427e+01 5.416137239973537021e+01 7.232784731905316278e+01 6.644123418868319675e+01
7.602968288403167207e+01 7.874451270841890960e+01 7.862629110998764759e+01 5.875553140370262639e+01 7.862629110998764759e+01 9.092251766364572063e+01 9.931474530329155925e+01 9.892765408624659074e+01 1.073358727446111232e+02 1.114016079661368792e+02 9.179314886251435723e+01 8.031502418997970949e+01 8.624273651744422864e+01 8.101358292292820806e+01 9.365942296723527249e+01 8.380234097350411560e+01 9.778031014350121097e+01 1.173649042857058049e+02 1.279821903273958696e+02 1.219450497894168564e+02 1.160853090528553508e+02 1.193110836145021523e+02 1.181991360944553691e+02 9.812314099442495774e+01 8.362610974796386643e+01 9.389765753705255236e+01 1.021745962645614298e+02 9.142010472654520470e+01 1.096364394718867317e+02 1.074125514469261304e+02 1.053682772720583927e+02 8.571915037364529155e+01 7.166082233847511418e+01 6.267180390760361064e+01 6.079917928563867235e+01 7.420054331917063450e+01 8.653938857483569791e+01
6.220250792959134856e+01 5.889926510942788696e+01 6.737570945810639955e+01 5.398458954283255196e+01 7.380692398467702731e+01 7.091320906276658320e+01 8.468882005922453970e+01 7.879090189285246026e+01 9.892765408624659074e+01 1.114023371205885411e+02 1.070250939027325501e+02 8.738326536076073126e+01 1.059380909568912728e+02 9.096153101022446208e+01 1.088945600998134182e+02 9.523720957341798510e+01 1.116446805055079636e+02 1.220628767451703993e+02 1.079150533293719434e+02 1.018094643931292467e+02 9.589714706274898504e+01 1.101284031244749713e+02 1.169317399909699020e+02 1.081690527797403405e+02 8.798625207354430700e+01 7.356385077188883770e+01 9.389765753705255236e+01 8.224906680308949092e+01 9.105635892657791430e+01 8.738038854213627360e+01 1.074125514469261304e+02 9.759648886828496472e+01 7.703846184767805028e+01 8.274075532477641559e+01 6.791053451071061886e+01 8.800607008970432332e+01 1.025673013092845167e+02
4.325613097071467905e+01 4.543753811941175513e+01 4.780007891547732868e+01 5.146375381407163019e+01 5.537332354396448864e+01 5.950836657695555232e+01 6.478813388214888391e+01 7.282631417990452860e+01 8.276114487093241223e+01 1.029843321892845154e+02 1.151500004429172606e+02 9.724621971758639916e+01 1.151500004429172606e+02 1.048451898603991168e+02 1.187024593848769314e+02 1.148262327857934650e+02 1.229641610425596099e+02 1.119944132535987222e+02 9.358461144580243740e+01 1.018093304513516273e+02 8.138845839205028199e+01 1.018093512309881987e+02 9.682352643115514468e+01 1.027774037661737481e+02 8.257014199108118646e+01 6.821915904745149817e+01 8.848871193579401506e+01 8.372681538367750420e+01 7.117265315250607216e+01 8.258215294497027514e+01 1.026323772771002325e+02 1.061211301539328389e+02 9.764314968242329940e+01 9.630192106386050455e+01 7.798784392423189615e+01 9.630192106386050455e+01 1.079743108149179278e+02
6.220250792959134856e+01 5.889926510942788696e+01 6.154435162580165297e+01 6.006475692890510487e+01 7.522867233526154962e+01 7.349835306101643084e+01 7.568635464766929033e+01 8.468882005922453970e+01 1.012761464900782471e+02 1.114023371205940691e+02 1.249419032663980431e+02 1.168039680878786584e+02 1.249419032663980431e+02 1.244013958279067111e+02 1.226345455837560365e+02 1.143670108750814052e+02 1.067344947792739731e+02 1.013175031181145869e+02 8.328638909489410480e+01 9.190937543659087794e+01 7.370907099084733716e+01 9.458919555755012709e+01 8.251522004369917340e+01 8.554786165151955402e+01 7.721345513166636465e+01 6.354774689723642922e+01 7.754059299108550363e+01 6.381079356799303781e+01 7.521891246800772990e+01 9.534561419549326899e+01 1.108898612499044418e+02 1.133125511944088117e+02 1.154442388979691998e+02 1.063182287727676965e+02 9.802429629464928951e+01 1.063182253477821746e+02 1.053367795532649609e+02
7.937636709827975778e+01 7.874451270841890960e+01 8.145385262390729508e+01 7.148953988307123097e+01 8.830552105956076048e+01 9.354588068695740333e+01 9.576109400448582676e+01 1.041579498284063590e+02 1.132813811756399502e+02 1.205992495826768760e+02 1.124536754749238696e+02 1.167726519363264970e+02 1.258022488222340058e+02 1.259617770174214542e+02 1.058790529570091508e+02 9.417327140787713802e+01 8.646597104921910670e+01 8.095370462016144586e+01 7.590863925953759406e+01 7.078282429198871739e+01 6.646561653584403473e+01 8.317410567017105905e+01 8.622159741695557500e+01 6.606448052237665536e+01 5.722904678380101728e+01 7.176065562711723089e+01 5.771225713678707336e+01 7.754059299108550363e+01 9.203520156659224938e+01 1.036275764085883111e+02 1.073887225565172514e+02 9.345502140203028318e+01 9.563634005901894852e+01 1.154442388979691998e+02 1.106990004977617588e+02 1.006774828661068000e+02 8.531843425172171180e+01
7.370391128266756198e+01 8.194072126178797078e+01 9.180660830095173708e+01 9.152163248802236239e+01 9.990683197618771771e+01 1.029769808033110507e+02 1.086633991977646474e+02 1.057731671506535633e+02 9.736444313979811227e+01 1.053239459042529234e+02 9.230294145436147346e+01 9.524787684587832359e+01 1.168327606985889133e+02 1.341941255740045733e+02 1.226345455837560365e+02 1.030439347838668454e+02 1.008381799223035387e+02 9.540599556960964378e+01 9.651771026402008147e+01 9.190938178782207046e+01 8.317410567017208223e+01 6.221314676268599442e+01 7.937950217067555059e+01 7.395791692417476781e+01 5.414437525631777248e+01 5.210354956831960749e+01 6.939825476594796783e+01 7.269637534121464739e+01 8.124812266912194048e+01 9.514386027838455107e+01 9.027802617938839091e+01 7.916189423283321958e+01 9.085247521523669434e+01 1.107712907063188652e+02 1.023847460457871961e+02 8.235386819726666374e+01 7.242642716862366115e+01
5.428524116556035040e+01 6.390166578821890653e+01 7.767458457927381232e+01 9.758481746710425853e+01 9.718958618337947541e+01 8.311477344585182436e+01 8.890230197455274208e+01 9.570907199961133927e+01 7.739950401287632076e+01 9.136003136686586856e+01 8.082561731356670975e+01 1.004273857885276584e+02 1.125573746351317226e+02 1.223454108002551095e+02 1.313984194637834833e+02 1.231556036239635716e+02 1.209694580749938382e+02 1.155891476746213300e+02 1.085357581734939316e+02 8.837375137086220889e+01 8.298777105459193137e+01 6.286025538749141361e+01 5.933672557013326809e+01 5.715123112163752239e+01 7.395791645152296212e+01 6.939825214227029448e+01 4.986522306544719640e+01 4.907123515970854299e+01 6.674507761267750539e+01 8.289039163795131060e+01 7.013759823111611524e+01 8.179699012592432439e+01 1.018633368788319871e+02 1.188015706177239963e+02 1.106990004977617588e+02 1.006774828661068000e+02 9.236930712152685885e+01
