LEM/with_lateral_4open/elevation_000509.asc
nrows	100
cellsize	150.0
xllcorner	0
ncols	100
yllcorner	0
NODATA_value	-9999
[rows 34 to 50 of 100, columns 37 to 73 of 100]
5.192575521922500315e+01 6.520823301844758646e+01 7.345160762642989027e+01 7.967297916465969365e+01 6.512706145649677580e+01 4.519659175660225969e+01 5.928672663221971817e+01 7.898263383961524653e+01 8.492689837877512105e+01 7.911021857506952415e+01 5.927418807287689617e+01 4.780422832254993182e+01 5.663586008660031723e+01 3.987146655107668636e+01 5.755246138633388853e+01 4.035570793723154992e+01 6.024747281699637114e+01 6.515526240397014135e+01 6.145136894550056894e+01 5.675659819707041720e+01 7.664012928908286426e+01 9.113175789350694345e+01 9.933003621704916952e+01 8.804049933368773395e+01 8.804049933368773395e+01 1.077579117622793916e+02 1.057833040721010747e+02 8.599681322752684309e+01 7.170772393114567933e+01 5.998525740521678529e+01 5.569082327919105069e+01 5.175534110355776818e+01 4.809167812272444564e+01 6.329555384517065875e+01 5.765989952196191837e+01 3.726955927079326614e+01 3.506653436865695284e+01
6.344460093026173553e+01 8.008997878260262837e+01 8.549560360544424498e+01 6.559373143061891653e+01 5.151380808692371005e+01 6.512706145649677580e+01 5.185437796402621302e+01 6.593386150379330957e+01 8.582579537470310527e+01 8.722869272118906281e+01 7.581224964055299154e+01 6.765770223880970491e+01 6.135433904351166490e+01 4.163132074945669814e+01 6.141415354918652980e+01 6.024747281633450058e+01 4.316357410043985965e+01 4.523068304161321862e+01 4.733990003632087706e+01 6.726694267517113701e+01 7.496780484424876079e+01 7.133503929501362961e+01 8.539393345338041286e+01 7.406504700153013232e+01 8.804049933368773395e+01 1.077579117622793916e+02 1.008810938271903552e+02 8.079112438502161808e+01 6.906647826641015797e+01 8.024142375237980218e+01 7.000678357244348149e+01 6.603647254839741265e+01 6.234927847579726290e+01 7.465000230442363716e+01 6.564468539296487393e+01 5.450819330122295270e+01 3.473293385408173606e+01
8.333073920292069658e+01 9.157359081588290906e+01 7.869216066391120989e+01 5.878434675707234902e+01 7.142285483231744081e+01 7.750603110274950325e+01 5.760153431103053379e+01 6.811000732112916012e+01 8.800113801331086449e+01 9.179955660203054890e+01 7.208948071272838831e+01 6.052386196306684951e+01 6.248838473772867985e+01 4.339570146128536976e+01 6.322860873380715674e+01 7.129515519850254179e+01 5.207737757752948227e+01 6.515526240397014135e+01 6.726694222161059145e+01 5.059997696438335169e+01 5.507020082125774252e+01 6.023270394826990781e+01 6.557333215535676629e+01 8.539393345338041286e+01 9.381559572657023693e+01 1.135580042298844461e+02 1.091398656090582620e+02 9.756654046754292153e+01 7.922901783470817350e+01 9.756654046754292153e+01 9.016774629823272846e+01 8.621518076495983962e+01 8.253213522953252834e+01 6.632942969165667080e+01 4.616802231964198455e+01 3.727323795317351340e+01 5.450819331031967607e+01
1.016645365533096879e+02 8.176880531248943385e+01 7.028413979550947488e+01 6.631533907115689885e+01 8.621262958867724535e+01 8.379783113854458065e+01 6.390141244310292024e+01 8.379783113854458065e+01 9.624550060492569514e+01 9.997630564173593370e+01 8.055082251463032605e+01 6.054364299685276052e+01 4.638722146078981012e+01 4.671685834077411670e+01 6.673879776039750311e+01 8.061175098316559229e+01 6.628148758329301415e+01 8.048330451286062726e+01 6.321651344794842231e+01 7.051856532577065195e+01 5.468063046630622637e+01 7.458063718793228247e+01 8.330460389919828401e+01 8.797239989096182455e+01 9.616890542912962303e+01 1.050042593474032770e+02 1.164150836426387627e+02 1.075956646172846547e+02 9.933527128877761925e+01 1.075956646172846547e+02 1.051855289731263525e+02 9.705202222048691851e+01 8.646914884303397741e+01 6.632942969165542024e+01 5.937646193967143660e+01 3.925306723669154962e+01 5.937646193967143660e+01
1.099364889397586467e+02 9.843708025259894612e+01 9.017773076569763191e+01 7.627085048640374509e+01 9.446773464272966692e+01 9.130926730496200605e+01 7.143587521968528620e+01 9.130926730496200605e+01 9.943217579249851212e+01 8.800737330857951690e+01 7.982042209402517585e+01 6.874205503349983815e+01 4.862501746935071623e+01 5.022451736217934837e+01 7.035443774654621052e+01 8.392048198838128314e+01 8.698151371250392572e+01 9.103027215670212513e+01 7.466405931815596375e+01 8.277814754333704172e+01 6.877722812537085417e+01 5.899305565998487566e+01 6.346340700130902945e+01 6.817172343742633700e+01 7.706441703196519200e+01 8.846438657475847833e+01 1.081799009026755840e+02 1.136164210124164669e+02 1.053918770722578131e+02 9.794781411554056660e+01 8.967033452767110191e+01 7.700921929446950287e+01 7.647151536551837125e+01 6.814935227095206471e+01 6.147564177933374197e+01 4.133003712023919718e+01 5.546569623486957568e+01
9.799325421399881009e+01 1.001683412397662352e+02 1.044199410555785761e+02 9.615440869095070298e+01 1.044199410555785761e+02 9.955260790923485104e+01 8.548882991764432404e+01 9.955260790923485104e+01 9.125852315419780325e+01 7.144723929481524749e+01 5.979853684386304735e+01 5.498572564260965834e+01 5.136447296673023999e+01 7.035443774654629578e+01 5.562621899668318548e+01 7.459117522053374216e+01 8.941294960051689600e+01 1.011392693889862642e+02 8.852926566087910487e+01 9.658550436939113126e+01 7.731388754785854189e+01 6.325550565688365623e+01 8.301693556064725499e+01 8.796556799588991282e+01 7.754247361138034478e+01 8.894026955790916134e+01 1.086577769997904568e+02 1.053918770722578131e+02 8.538655933174918289e+01 8.967378146344694301e+01 6.949029998539461417e+01 6.529054991488665394e+01 6.814935227095219261e+01 4.798960044508118727e+01 4.520268679286738944e+01 4.478187439017177240e+01 6.493127435898000499e+01
7.810268153553732873e+01 8.027867332562783531e+01 1.001683412395438069e+02 1.015748026081889748e+02 9.814884119678784202e+01 1.064101868078063831e+02 1.053610461843677797e+02 9.966601860012008274e+01 7.994869403002286390e+01 6.843766990267262429e+01 7.982042209402517585e+01 7.507907691076508172e+01 5.570536664393674187e+01 5.671844193875956819e+01 7.572291531916124541e+01 6.152088020324718087e+01 7.314707538105911055e+01 9.295527579720662459e+01 1.079930229727300599e+02 1.053332159818499321e+02 9.011257074894622576e+01 7.031091159456877904e+01 7.217055536296763307e+01 9.192773697669451849e+01 8.741862889362407429e+01 1.054821213380041769e+02 1.168943109464197221e+02 1.053918770722578131e+02 8.538655933174918289e+01 7.106904071899359110e+01 7.539897084658493043e+01 5.517829171832469370e+01 5.212290018961126492e+01 6.814935227095213577e+01 6.535369769753681624e+01 4.833323435045565475e+01 6.849544659887526166e+01
6.393693016156156261e+01 8.392849539137482395e+01 9.577988082021620642e+01 8.171414070750937242e+01 7.828504198252146296e+01 8.976545482651636121e+01 1.096007599483764210e+02 1.078424638314129851e+02 8.828221595187523008e+01 7.737690215054185217e+01 9.164306563891567237e+01 7.182744259113803764e+01 6.018517274503567904e+01 6.059559987611127951e+01 8.059883543140564655e+01 8.151905071109581513e+01 6.827709094322737826e+01 8.236154774840687764e+01 1.020905170956684884e+02 1.026182035964350803e+02 8.284506190649402413e+01 9.011257074894622576e+01 7.919044252998160971e+01 9.889316412878353901e+01 1.013343744801570523e+02 1.153613734011060501e+02 1.113217192387778596e+02 1.023909595484494446e+02 9.414787222173950454e+01 8.046095287586553013e+01 6.021302475874293236e+01 7.539897084658493043e+01 6.640325992591287729e+01 8.062965255702924594e+01 7.218176797845460158e+01 5.199095424036325142e+01 7.218176797845460158e+01
5.729303665350765584e+01 7.726464031468351834e+01 7.969718346677535692e+01 6.755830786133448385e+01 8.753119390267262645e+01 1.064101868078063831e+02 1.178933532559732527e+02 1.161854363700065420e+02 1.052779734397304452e+02 8.878663540881531446e+01 9.986792340610477936e+01 8.502345552919319971e+01 6.513025820729033910e+01 6.459886951753884432e+01 8.450219960442527167e+01 9.324728942004324495e+01 7.346695546144826494e+01 8.747746105164115704e+01 1.071768873196046883e+02 1.109227963324583897e+02 9.679646694045760569e+01 1.070905925724729855e+02 8.905594105939573524e+01 1.070905925724729855e+02 1.211188344640305559e+02 1.171469702780198645e+02 9.728413595675861814e+01 8.308017738172001998e+01 7.399701699067261984e+01 6.679643578946787841e+01 7.193768894896595611e+01 8.875503384422195552e+01 8.658575955254723056e+01 8.011609253700912348e+01 5.988745466138512796e+01 6.627012858384681238e+01 6.021218223497358224e+01
6.816387622563054549e+01 7.262031573888677372e+01 5.968077882730067785e+01 7.969718346677535692e+01 9.577988130169543979e+01 1.001081763782774061e+02 1.083698393133538644e+02 1.147917709318172683e+02 1.166553137203990076e+02 1.084676244902085642e+02 1.063784646888905172e+02 9.013476010977613839e+01 7.033876259178443036e+01 6.872871069140687439e+01 8.854774253980373544e+01 1.006945055724240916e+02 8.099102367348106668e+01 8.747746105164115704e+01 1.013979344695725189e+02 1.211285136664670858e+02 1.166731191878604648e+02 1.169540710064745497e+02 1.087347191724973783e+02 1.169540710064745497e+02 1.180771560606823698e+02 1.122382887785544057e+02 1.113217192387778596e+02 9.971967554640971798e+01 7.964521043082574181e+01 7.589930858463614527e+01 9.210394791766458411e+01 1.003572848067091030e+02 8.914437356222519782e+01 6.895652346987043302e+01 8.011609253700912348e+01 8.645372798077562493e+01 6.661927347897785978e+01
4.836796567502168642e+01 5.269051240987644746e+01 6.677133813865275158e+01 8.674099678795388968e+01 9.690042919909863883e+01 8.027563688271209230e+01 9.493906075961578495e+01 9.493906075961579916e+01 1.131078692701296262e+02 1.121151071512203998e+02 9.240777945484560973e+01 7.847338032869879498e+01 9.013476010977613839e+01 7.300711116869157991e+01 9.275882128607906907e+01 1.088831936051594056e+02 1.006945055724240916e+02 9.707820560030731372e+01 1.153799342075320880e+02 1.208740270777952333e+02 1.126047771398383901e+02 1.126047771398383901e+02 1.116520100232404218e+02 1.058194242756084975e+02 9.818717690842279922e+01 9.236701580539269685e+01 1.055277542931781340e+02 1.079513759783147435e+02 9.388827138896033375e+01 8.758435398423385720e+01 1.042613337368621558e+02 1.033032259035995537e+02 8.327958489478980653e+01 8.066902459799425174e+01 9.740417361271659047e+01 9.509873539372975415e+01 7.834287425689707618e+01
6.705254114824765566e+01 7.036536760605572738e+01 7.384247871102556360e+01 7.750253213179924217e+01 8.136488023230577937e+01 6.868522215167416789e+01 7.507614208889270913e+01 8.504452867429458252e+01 1.048335928449369732e+02 1.087026084953366762e+02 8.901646485183569268e+01 9.817992209808079451e+01 9.821996207483374519e+01 7.852953893845115374e+01 8.359812818260058975e+01 9.495044786035325046e+01 1.146544369173664677e+02 1.167851952051852891e+02 1.250091071111577747e+02 1.126047771398383901e+02 9.273437430432953477e+01 9.273437430432953477e+01 9.175791021510384837e+01 8.593344038374290506e+01 9.751495297136645490e+01 7.822298928914541705e+01 8.560258388680242092e+01 1.055277542931781340e+02 1.137979305510029207e+02 1.075506506160567142e+02 1.157667478563210608e+02 1.115287623306432749e+02 1.033032259035995537e+02 1.007219155533028356e+02 1.089497185867631401e+02 1.066585696183304606e+02 9.842623675881334577e+01
4.729348876749264718e+01 5.049167335581242355e+01 5.386799613955346899e+01 5.745559392948295141e+01 6.129553079252185910e+01 8.136488023230577937e+01 9.493906075961578495e+01 1.031859800510982268e+02 1.131078692701296262e+02 1.169280536627703526e+02 1.003549625270985359e+02 1.169280536627703526e+02 9.821996207483375940e+01 8.511681190593304791e+01 9.750147274590038649e+01 1.114836982493405060e+02 1.228899537756760907e+02 1.141417072298918498e+02 1.058818576396202786e+02 1.058818576392594366e+02 9.855428054994165166e+01 7.864790651791253140e+01 8.860109353392716969e+01 7.176284663843433975e+01 8.925892078197001922e+01 6.872353369650819843e+01 8.925892078197001922e+01 1.024647424774954914e+02 1.135207560147847374e+02 1.052551698188098754e+02 1.135207560147847374e+02 1.044058864148131818e+02 9.611782088348005004e+01 9.353899828495327995e+01 1.018184038842010466e+02 1.045463683590107991e+02 9.628926147224049714e+01
6.705308523101521700e+01 7.036536760605572738e+01 7.384247871102556360e+01 7.750253213179924217e+01 8.136488023230575095e+01 7.139701969890718658e+01 8.037177840638040038e+01 9.182293171770093920e+01 1.116441057554515197e+02 1.283617952385125420e+02 1.201057049497492244e+02 1.261899404649647920e+02 1.117236547574733692e+02 9.206009676832941580e+01 1.117236547574733692e+02 1.254659237527806539e+02 1.215065698147859905e+02 1.058818576396202786e+02 8.599765710273334207e+01 8.599765710273331365e+01 9.740320600521039296e+01 8.860109353392716969e+01 6.856040800244127809e+01 6.269370387389309940e+01 7.610846525176873456e+01 6.135901694505326986e+01 7.342691659857931086e+01 9.418976840882456258e+01 1.035619089834342645e+02 8.535288294011471066e+01 1.035619089834342645e+02 9.611782088348005004e+01 7.635042849478496407e+01 7.379563760046902132e+01 9.037815745479906582e+01 9.458779753289444159e+01 7.637927651071740343e+01
7.872745765204939516e+01 8.198797218691652233e+01 7.640742930818213097e+01 8.304315897377507838e+01 9.128967689453777723e+01 9.133274076570447164e+01 9.957919917273366650e+01 1.084621567688721626e+02 1.199415239972475860e+02 1.207714918277283118e+02 1.207714918277283118e+02 1.291053675213269116e+02 1.199525954032955326e+02 1.033723649389719270e+02 1.199525954032955326e+02 1.217476884090307863e+02 1.132360224428539937e+02 9.336799494539457100e+01 8.187799778409963380e+01 7.183086935014945595e+01 7.745476265547142702e+01 9.155535871149292859e+01 8.860109353373692898e+01 7.610846525175222155e+01 5.608292107251415359e+01 5.419011889518230873e+01 6.833122745167365508e+01 8.940244270124074433e+01 9.530402637946225752e+01 7.538102481937681887e+01 9.530402637946225752e+01 9.510194697129280428e+01 8.214016367905841776e+01 6.236229774192278086e+01 8.214016367905841776e+01 8.633426899147897871e+01 6.639010000471047590e+01
6.677189332388955734e+01 6.207675193341906095e+01 5.647593912660980209e+01 6.313596997700128810e+01 7.311487169043128631e+01 8.715559930069791506e+01 1.070121428559963874e+02 1.186814201360448777e+02 1.103813399328223994e+02 1.008753567259802395e+02 1.008753567259802395e+02 1.207714918277283118e+02 1.313912623872285792e+02 1.231317288039127931e+02 1.217476884090307863e+02 1.018598977894940703e+02 1.055093753659726303e+02 1.088830572800379031e+02 8.899937167608760546e+01 7.486017098587089436e+01 6.318757461093500183e+01 7.659420917023933839e+01 7.222504394220982249e+01 6.956910108684525085e+01 5.210494895861876330e+01 7.173853325013384108e+01 8.569974588964790030e+01 9.768225558323877067e+01 8.866302583858374931e+01 6.870877039654655505e+01 8.866302585943385850e+01 8.684388063806477476e+01 6.703852365542020664e+01 5.633182023518050840e+01 7.617691272747390485e+01 7.213700459742469207e+01 5.971288552673529892e+01
5.853293869482642009e+01 4.802019183942218206e+01 6.790861333901041519e+01 8.304315897377507838e+01 9.128967689471903668e+01 1.012298079277295102e+02 1.125443217426367966e+02 1.042636325118690905e+02 9.055770220086061784e+01 8.690166913544183558e+01 9.496266488759417257e+01 1.089522439819645712e+02 1.289255666700030645e+02 1.279168147505428550e+02 1.164232580757415292e+02 1.055093753659726303e+02 8.565941962529292653e+01 9.404899807568907022e+01 8.947795930115867691e+01 8.521211653750246739e+01 7.659420917023933839e+01 5.657217878956854662e+01 5.257640142497126590e+01 5.026320720296467215e+01 4.955685345313128920e+01 6.877859264996411071e+01 8.301681545211464197e+01 9.454314864919967931e+01 8.290272847875203865e+01 6.291719267066998356e+01 8.290272847875203865e+01 8.467400097932856795e+01 6.487341785077778411e+01 5.077044008052823187e+01 7.067287437768244729e+01 5.213312814571990117e+01 7.213700459742469207e+01
