LEM/with_lateral_4open/elevation_000365.asc
nrows	100
cellsize	150.0
xllcorner	0
ncols	100
yllcorner	0
NODATA_value	-9999
[rows 51 to 67 of 100, columns 37 to 73 of 100]
6.504931738793054308e+01 7.981645620231377336e+01 9.125474491429328339e+01 1.034051235502612656e+02 8.336875677255636674e+01 7.333072787771367018e+01 8.065060601079535729e+01 6.551061958115532491e+01 6.937491993139060753e+01 7.338888981590829985e+01 7.945139649181898278e+01 8.616899148993279312e+01 9.517621532097464865e+01 1.093212938760507740e+02 1.292101969175468241e+02 1.287777307748667397e+02 1.242200561325263379e+02 1.156859773127873297e+02 1.001971323988587272e+02 8.543358835943739393e+01 6.530064737635011340e+01 7.995409586720055017e+01 7.631210157823869622e+01 7.409484937294078577e+01 7.192146163276443360e+01 6.685047204582954805e+01 4.689961212698917592e+01 5.114355136326957307e+01 5.537062610916694183e+01 5.984481005966838296e+01 7.385012729433560708e+01 9.404774601307879323e+01 1.016304388344146048e+02 1.100386152099579959e+02 1.169977881214508244e+02 9.727788835407297086e+01 8.327017698989196504e+01
5.154267512536202389e+01 6.311857054459166250e+01 8.310703564637454122e+01 9.834029213241107925e+01 8.336875677255531514e+01 6.327847608781083011e+01 6.055676272151588080e+01 6.815751659606848989e+01 8.824172225800978708e+01 8.761193272621918027e+01 9.953338569990998508e+01 1.062155828048984887e+02 1.144686595714903632e+02 1.233909384285976358e+02 1.287777307748667397e+02 1.081367612655325985e+02 1.119244497434620627e+02 9.513316329326063681e+01 9.169348065589491625e+01 7.140911126924375196e+01 8.543358835943739393e+01 9.391507116386446796e+01 9.156864464051641050e+01 8.321362845659703567e+01 8.157898415980463369e+01 6.528996215661830149e+01 4.527674466174104140e+01 6.528996215661832991e+01 7.519551950223393533e+01 7.976587285323510912e+01 8.817558756353025728e+01 9.838485574478697515e+01 8.149285093515914014e+01 9.000399703994972356e+01 1.101978292596722753e+02 1.112407345317390224e+02 1.013516490760347892e+02
6.001685493889322487e+01 7.981645620231377336e+01 7.563502952941789204e+01 8.411967098750334060e+01 7.036928560247604025e+01 5.615011962669482415e+01 7.626576992110014430e+01 8.824172224702761014e+01 8.237024887083502733e+01 1.024167129404396945e+02 1.158976074575569299e+02 1.128243001405610499e+02 1.128243001405610499e+02 1.210832029102257223e+02 1.265178535579006223e+02 1.058796639623343196e+02 9.138142508596541802e+01 8.460623525364614750e+01 7.850833742977573593e+01 9.169348065589491625e+01 1.001971323988587272e+02 1.005742811349143579e+02 8.321363334629518249e+01 6.326111147110191979e+01 6.158163541319218126e+01 6.160082134344372662e+01 4.366794085053656715e+01 6.374129289156026346e+01 8.275197531250090321e+01 9.438251092647365681e+01 9.927222321292502727e+01 9.000399703994970935e+01 6.997272076204298230e+01 9.000399703994970935e+01 1.077387333045348043e+02 9.968792157274673116e+01 9.139487287357108869e+01
6.818877061936994721e+01 6.444275387701172519e+01 5.517144076321997659e+01 7.205205482416108964e+01 6.979254821338247439e+01 5.340245133560579660e+01 6.764640532170450626e+01 8.773110605992550859e+01 1.024167129404396945e+02 1.106807335372994743e+02 1.055148816354385133e+02 9.280663315305429251e+01 9.280663315305429251e+01 1.128243001405610499e+02 1.284723488421411730e+02 1.204656731058638144e+02 1.119244497434620627e+02 1.050767748576298288e+02 9.890467493740031557e+01 9.755559916610630466e+01 9.478031198477458474e+01 8.076894888242594561e+01 8.321436064706290381e+01 6.326111413510242443e+01 4.918460505847789932e+01 4.145747764601043173e+01 6.082822701758767181e+01 5.445320256116171720e+01 6.589359115186604754e+01 8.593237823236214012e+01 7.917026312966132195e+01 8.332690494731406261e+01 6.338322504591133821e+01 8.332690494731406261e+01 8.756673983922276250e+01 9.139487287357108869e+01 7.130100864722844278e+01
5.959621358820660220e+01 4.196716711879066253e+01 4.364393061393587914e+01 6.366343285118294659e+01 4.967348141851849874e+01 6.979254821337838166e+01 8.183151868237885651e+01 8.992073358068782341e+01 9.820888923980864149e+01 9.962028230714494725e+01 8.545834062122393959e+01 7.857672585363452811e+01 8.864791229715147836e+01 1.002530853268195585e+02 1.202184275504417030e+02 1.135687406161316630e+02 1.053636267524382504e+02 1.056506669559158382e+02 9.173670573698025521e+01 7.776229948688485649e+01 8.486595245772777218e+01 6.674618352836134250e+01 8.207881657680127319e+01 7.386017503609103585e+01 6.013147181869224056e+01 3.995453859497604299e+01 6.013147181867815760e+01 7.435777822028190087e+01 8.275197531250090321e+01 8.505799043382926072e+01 6.509406635293950671e+01 7.094136410857774422e+01 5.768477139081154093e+01 6.757258109569882265e+01 8.756673983922276250e+01 9.139487287357108869e+01 7.130100864722844278e+01
3.960445065392828923e+01 5.489728768215780264e+01 6.298598499028564390e+01 4.607941798503730979e+01 6.614782288349695705e+01 7.225692916225555962e+01 7.525757168792856078e+01 6.983423278362538156e+01 8.158299278427995205e+01 8.497817175031281067e+01 7.123777569409789123e+01 9.133276547714122273e+01 9.280663315305429251e+01 1.128243001405610499e+02 1.198380722005518493e+02 1.053636267524382504e+02 8.558278081179258834e+01 9.137645645020138829e+01 7.776205051528211243e+01 6.376130609388010129e+01 7.213207564901544799e+01 5.687399610605685041e+01 6.540404771326119260e+01 5.401326542735402114e+01 5.867152550835812264e+01 3.847141081827541598e+01 5.280317696333472099e+01 7.283897120820201110e+01 8.432720318895256639e+01 7.599354137179508939e+01 7.094136410857774422e+01 5.105371533232061410e+01 7.094136410857774422e+01 8.591035284027162788e+01 9.009307710829322957e+01 8.204353230274249142e+01 8.549446510998764381e+01
4.140566125330673231e+01 6.126282128889764778e+01 7.228579015510253214e+01 6.609899145024149902e+01 4.955986222866428648e+01 5.212410379026451324e+01 5.513255469856967750e+01 5.821726893101040190e+01 6.149189862954096242e+01 6.489202211414273336e+01 7.909871065011520841e+01 9.917244640526914168e+01 1.128243001405610499e+02 1.210832029102257223e+02 1.116246713878143595e+02 9.190331074799728128e+01 8.042232059762159224e+01 7.151443330739512305e+01 8.290136410564865344e+01 7.211887140597839618e+01 5.236064266180300564e+01 4.874075630460596642e+01 4.546936550182895331e+01 4.237158453828590154e+01 5.719394927048045929e+01 3.701136387366606328e+01 5.135174348499582919e+01 7.140419747858322808e+01 7.599354137179508939e+01 5.604626596544543560e+01 6.188868766576960923e+01 4.708596393479313491e+01 6.119997361965128135e+01 8.114274214857435652e+01 7.869146500939169186e+01 6.216494522084136065e+01 7.869146500939169186e+01
4.388518486417093811e+01 6.392470126712783696e+01 7.726311420724815093e+01 7.781663096347224950e+01 6.379246758498130276e+01 6.637203112663802074e+01 6.035915402684027242e+01 7.832378693842625239e+01 8.158299278427995205e+01 7.909871065011402891e+01 7.435818581674281802e+01 8.857976031688551188e+01 1.086190655694283294e+02 1.237881327137091745e+02 1.153901712203345227e+02 1.084337535930305592e+02 9.436446402891401419e+01 7.452000683409860926e+01 6.308476196324529184e+01 5.845776416456442348e+01 7.212819249346128458e+01 6.858103489499644922e+01 5.703243312994985814e+01 5.831068612751813873e+01 3.818311604246660096e+01 3.557443754230198607e+01 4.992265565368013824e+01 7.013398500845781314e+01 7.660771601287616761e+01 6.188868557941960802e+01 4.181858494857707598e+01 6.188868581135024982e+01 7.534628619824742657e+01 8.282714221260614806e+01 6.292556721298088007e+01 5.035028731519472700e+01 7.056662467585609022e+01
6.392554308556963605e+01 4.892274430780626204e+01 6.903437959676625724e+01 8.275874744138660333e+01 8.391151132228947063e+01 8.646044530680111961e+01 7.197752561183240516e+01 7.042201416957027504e+01 9.051031292928988137e+01 9.917244638545308533e+01 8.857976031688514240e+01 8.857976031688555452e+01 1.086190655696811973e+02 1.122070275025938315e+02 9.542033428898920988e+01 1.064569767620503740e+02 1.025637708916306821e+02 9.111495215697127037e+01 8.290726132556534367e+01 7.824354706059476428e+01 8.644304732928476653e+01 8.504817205010118641e+01 7.683988590468703705e+01 6.651831976600071528e+01 4.848477940295690303e+01 3.415897659789418839e+01 5.257612643882882253e+01 5.184880217838369987e+01 5.998529093863461270e+01 4.826720473486942353e+01 3.850450524076877201e+01 5.863288991724149923e+01 6.952255145628012656e+01 7.522507451994941619e+01 6.292556721298087297e+01 4.232733806214922367e+01 6.292556721298087297e+01
7.380082864810340482e+01 6.903437959676625724e+01 5.438837649469711266e+01 6.864611256808728967e+01 8.867039453917568892e+01 1.003468050686173001e+02 9.206185861571695739e+01 8.463864064260445730e+01 8.463864064260445730e+01 1.046857837976162244e+02 1.086190655657904500e+02 1.086190655696811973e+02 1.168833373271120308e+02 1.038605804923493707e+02 8.406810509070653836e+01 8.662462945060674713e+01 1.007193605324456058e+02 9.681604701088608067e+01 8.854286282661674079e+01 8.790655021778924549e+01 8.489709118842341695e+01 8.510887355949769528e+01 7.687473515844433791e+01 7.679769379013070818e+01 6.119474231388219465e+01 4.665565372321051996e+01 3.240298559155358049e+01 3.118965723497956333e+01 4.984016531498999569e+01 3.397907218404132124e+01 5.413200796951054627e+01 6.064624895207515465e+01 5.015547261523228428e+01 5.581543148746192173e+01 5.697937032793173273e+01 3.599383988919844768e+01 4.761771904860755456e+01
7.853861771951751791e+01 8.275850294519915451e+01 6.603850237245742960e+01 6.094358809321447978e+01 8.102701215341565444e+01 9.626611525210783782e+01 1.044391406282883281e+02 1.046857837976162244e+02 1.046857837976162244e+02 1.129558781228291764e+02 1.178956606359993202e+02 1.260594956414289243e+02 1.164496109595327056e+02 9.646434256456824130e+01 8.254888682894352314e+01 7.272257326049350468e+01 8.523601704032066095e+01 8.057930447273689367e+01 6.877588374158789009e+01 6.811080751211392226e+01 6.514013598367294833e+01 6.814576121752517679e+01 5.707464980846463476e+01 7.366395083493389961e+01 6.467435813263013245e+01 5.381788080679186947e+01 3.390997648779133300e+01 4.873910960291678407e+01 2.976866069390462854e+01 4.818319937168602962e+01 4.748282813116414047e+01 4.064450756664771092e+01 3.642336412255397704e+01 4.414734293041408364e+01 4.842549579119964420e+01 3.016656365733869904e+01 4.616947673984735445e+01
8.458528837827073232e+01 9.429399369290850075e+01 8.608488923739258780e+01 6.995989565707994018e+01 6.917639909803466480e+01 7.628783290349787194e+01 8.787238336847670439e+01 1.077321662377032681e+02 1.187605634635424678e+02 1.105953236140598932e+02 9.818288924433808518e+01 1.105953236140598221e+02 1.187605634630984355e+02 1.106571225890133121e+02 1.007193605324456058e+02 8.523601704032066095e+01 6.547925883286991677e+01 6.076681146211745244e+01 5.727144997402319149e+01 5.401335863290248085e+01 5.106612346239403877e+01 4.828570989336920860e+01 4.559220133181579371e+01 6.178829455330372156e+01 5.660897254245809762e+01 3.671123823313569545e+01 5.383220765798602514e+01 4.601509006934229973e+01 4.845318059891179274e+01 2.845258551794580626e+01 2.753539038985659104e+01 2.662112362682728772e+01 4.085809041287449617e+01 2.412952391081860171e+01 2.328076461623251703e+01 4.192017181864151354e+01 2.933132526047509003e+01
8.092994551404690640e+01 1.008497563114437980e+02 9.817628926502116826e+01 8.155967351474885163e+01 8.077832398379679546e+01 9.626611525210783782e+01 1.044391406282883281e+02 1.158685124760678207e+02 1.105953236140598932e+02 9.082617008408034565e+01 8.671835542283652387e+01 9.082617008408034565e+01 1.105953236140597653e+02 1.116640293218059981e+02 9.114896965170854060e+01 7.766070401516709865e+01 6.859908686492443053e+01 8.057930447273689367e+01 7.713039213080958234e+01 6.287203152428607922e+01 6.462137588013996492e+01 6.814576121958695865e+01 6.178829455270049920e+01 4.193640864922839739e+01 3.960489173851897959e+01 5.080842475775481404e+01 6.479238995496690734e+01 5.980842872031318080e+01 5.651424975410816387e+01 3.993546601934034612e+01 4.748397680078936389e+01 4.538851802004626990e+01 2.532877975204041476e+01 4.058064461516202925e+01 2.897272203434915738e+01 2.209390396130084966e+01 2.125142149696450034e+01
1.008497563114437980e+02 1.056865221021311783e+02 1.096400583830877906e+02 1.014835569272954672e+02 1.007106726676855430e+02 1.088694801457836689e+02 1.157192871698858028e+02 1.239133445545449632e+02 1.112628393513454341e+02 9.661642109469333661e+01 7.674654829960816471e+01 9.082617008408034565e+01 1.105953236140597937e+02 1.146362493569999970e+02 1.056935608245400005e+02 9.475537179549162659e+01 7.550549668598526409e+01 9.475537179549162659e+01 9.108153008161406206e+01 7.392082172722744815e+01 8.250632688849358942e+01 6.991285978035486437e+01 5.010767652623973589e+01 4.604642169217601833e+01 5.945999992868606654e+01 5.945999875046921801e+01 7.884275164128132474e+01 7.855824898563764691e+01 6.760933695268340671e+01 5.955766278323253715e+01 4.921641504345438989e+01 2.868130484063964047e+01 4.560881555677460852e+01 3.349149035337899960e+01 4.408617817255598936e+01 3.342068127541151057e+01 4.006585917564439825e+01
9.276272666916281651e+01 8.586433967082773222e+01 9.683993012850149285e+01 9.683993012850149285e+01 1.050361259579372444e+02 1.124812037528935775e+02 9.591043292284683730e+01 1.124812037528935775e+02 1.030930341332195468e+02 8.327130398427465252e+01 7.174977382080065524e+01 9.164895289592207916e+01 9.868074857493029128e+01 9.509483160367551591e+01 1.073621394959564412e+02 1.034340382123007060e+02 8.897681877395842776e+01 1.034340382123007060e+02 1.012853801653286610e+02 9.305295146702466980e+01 7.915505082622149757e+01 5.954940294155959890e+01 6.972971831019522426e+01 5.068409589483350430e+01 6.998050505252163589e+01 7.925821831521457739e+01 8.331934099512983494e+01 7.289910655549292073e+01 6.436157888972384455e+01 5.297639862008136191e+01 3.221113865664853648e+01 4.921641504345438989e+01 5.745339780244720629e+01 3.975413618173868713e+01 5.903167731624288450e+01 4.762428753473356835e+01 5.097303981259512540e+01
7.289324884707546914e+01 7.179664602502754178e+01 7.698516943257122591e+01 7.698516943257122591e+01 9.683993012850149285e+01 1.042826398380197475e+02 8.441492565797894088e+01 9.366289990658223985e+01 1.018731477434187553e+02 8.730659602072084624e+01 6.738578384691798817e+01 8.143226899052130818e+01 7.896662462057729215e+01 8.112739463881885627e+01 8.774817179965296532e+01 1.073621394959564412e+02 1.093541790479780644e+02 1.146495601339980936e+02 1.043975966908339785e+02 8.464396432264648240e+01 7.090145727461866443e+01 7.915505082622149757e+01 7.531418864139398295e+01 5.610122661412446377e+01 6.642549053760457411e+01 8.582557157418796123e+01 7.487669051976325818e+01 5.384646725984631388e+01 4.325611108098421198e+01 3.595509986411774861e+01 5.297640260937644996e+01 6.157673633068250751e+01 6.716251820881595336e+01 4.925762585669873062e+01 6.716293568097688649e+01 6.785920769912998196e+01 6.679933290431839055e+01
8.019616550196326443e+01 6.028804040062971836e+01 6.289986793362881912e+01 7.698516943257122591e+01 9.683993012850149285e+01 1.076998499750835094e+02 8.784860481385501885e+01 7.374428605344824916e+01 8.585017677420913174e+01 8.101227164844097217e+01 8.143226899052130818e+01 6.148838429502841763e+01 6.486853314220739719e+01 7.153266951714185495e+01 8.303672412377665069e+01 1.026999989442443706e+02 1.088300003433250680e+02 9.481066991683442780e+01 1.088300003433250680e+02 9.870496448931440625e+01 8.464396432264648240e+01 8.904661373157522064e+01 6.962603192476828440e+01 6.337286637694735703e+01 8.261850573866689729e+01 9.414474890923943917e+01 8.331934099513027547e+01 7.289910655549292073e+01 6.074650259465376223e+01 3.967789302855706524e+01 4.282963550856967316e+01 6.393356790711428772e+01 7.695661705072672021e+01 6.880726191760989252e+01 7.696039937422925448e+01 7.634122087478797880e+01 5.842709544975810587e+01
