LEM/with_lateral_4open/elevation_000202.asc
nrows	100
cellsize	150.0
xllcorner	0
ncols	100
yllcorner	0
NODATA_value	-9999
[rows 0 to 16 of 100, columns 0 to 36 of 100]
8.271705653423140625e-02 2.127631151761726416e-02 9.425194436011796739e-02 4.939197167322698090e-02 3.975871534419905817e-02 6.171646774684565184e-02 1.696294146011132625e-02 1.936121709489252440e-02 4.216450047424835645e-02 2.297044857093000214e-02 6.704298068806634203e-02 4.162315340452049650e-02 3.835349583220235004e-02 2.777463300387698203e-02 2.207885817162396139e-02 7.161913568127860341e-02 9.025521335945362045e-02 3.502399586135773735e-02 8.040414306008919487e-02 3.131346976591601466e-02 7.604099264847130613e-02 2.387740603804927586e-02 5.687112022313325910e-02 4.074439634684711570e-02 8.709178300582484655e-02 7.612946965408906586e-02 1.077918208624280109e-02 9.929772718869623455e-03 4.600412614040166881e-02 2.152795518990661267e-02 2.378824418737431057e-02 9.511189423522797837e-02 9.406546861214974686e-02 1.749038473908382007e-03 2.223905489293687143e-03 6.269637160239108220e-02 9.476101746191394060e-02
7.813061968023242432e-02 2.002127631151726206e+01 2.009425194435976181e+01 2.004939197167287190e+01 1.158676409913661409e+01 2.006171646774648920e+01 4.187251222601589440e+00 2.001936121709453786e+01 2.004216450047389131e+01 8.967242358570166161e+00 2.006704298068770953e+01 2.004162315340416356e+01 7.109421200195106927e+00 2.002777462092778293e+01 2.107222998742376063e+00 2.007151365059156589e+01 2.009025521335909659e+01 2.003502399586100324e+01 1.008040414306017674e+01 2.003131346976556060e+01 5.382711283530138502e+00 2.002387740603769473e+01 1.419826006955418585e+01 2.004074439634649352e+01 1.088344356654563638e+00 1.942825429136244253e+01 2.001056787951593563e+01 1.155693492386636301e+01 2.004600412612408178e+01 2.002152795518955131e+01 3.226351320289123858e+00 2.009511189423487210e+01 2.009406546861179521e+01 8.166714847751098461e+00 2.000222390548893969e+01 2.006269637160203700e+01 3.257038677630299528e+00
2.526786264046545702e-02 2.002526786264010994e+01 3.461298973742673724e+01 3.987103534659750892e+01 3.158676409913625704e+01 2.259340117344453702e+01 8.451265549713836478e+00 2.259340117344503795e+01 3.725151360603106099e+01 2.310937798230136764e+01 3.725151360603307182e+01 3.466002471585239419e+01 1.466870752304058279e+01 2.420409487135164639e+01 4.203792672186221324e+00 1.314806497702372035e+01 3.314857981762174433e+01 3.836467533849646117e+01 2.422253976679137821e+01 3.057129982811043689e+01 1.082200463587179939e+01 3.057129982811043689e+01 3.417287302829141282e+01 1.716147507598907040e+01 2.090856058112211979e+00 2.199539418893393972e+01 3.143214830916203084e+01 3.155564507994841605e+01 3.983404453771932197e+01 2.647077974290474245e+01 6.470779742904388065e+00 2.647077974290474245e+01 3.645098609521199506e+01 1.971372023154340880e+01 3.645098609521199506e+01 2.645960175373241086e+01 6.459601753732055585e+00
4.163169627051844027e-03 6.328718489963837790e+00 2.632871848996419217e+01 4.530343941392390406e+01 5.087767242090543363e+01 3.330197805043982839e+01 1.330197805044053894e+01 3.330197805044124237e+01 5.087767242090794184e+01 4.310937798230207108e+01 4.878474395772632022e+01 2.880937444115595980e+01 3.463160143871581909e+01 2.638647087006562586e+01 6.385971574546154272e+00 2.638647086996861901e+01 2.947818935501964432e+01 4.948000301328518447e+01 4.422253976726126012e+01 3.057129982811043689e+01 1.763070779411766154e+01 3.717987032464543518e+01 4.832363407806614219e+01 3.056088442233213698e+01 2.210902779075964730e+01 3.519469754375990966e+00 2.353520366403486719e+01 3.932041669496747716e+01 4.910820546938111875e+01 3.475502863740441484e+01 2.061291536640732502e+01 1.147077974290443159e+01 3.147078000254460051e+01 3.385585585527385888e+01 4.133994047085884205e+01 2.133994047085813861e+01 9.792935087065417932e+00
5.883922493566802470e-02 2.005883922493531202e+01 1.701916816646100372e+01 2.856617355025372262e+01 4.856617355025442606e+01 4.158624929790143199e+01 2.330197805044071657e+01 2.273006846626133992e+01 3.427707385005426488e+01 5.427707385005496832e+01 5.703161793063885199e+01 4.878474395772632022e+01 4.083630672612932955e+01 2.860892514248380891e+01 8.608193796768395245e+00 2.860892514248380891e+01 4.307228149630954306e+01 5.776640401033761663e+01 5.868161354206440450e+01 4.460619318556457813e+01 2.531867251718497869e+01 4.460619318556457813e+01 4.375540821806201564e+01 2.503494826192591205e+01 2.452294460386378461e+01 4.533583999899702732e+00 1.159366575463601734e+01 2.142656708124429699e+01 4.086819159297954229e+01 4.889708793575749013e+01 3.512226309482517905e+01 1.512226345960556984e+01 3.512226345128922134e+01 5.385585585527314834e+01 4.962421171832104250e+01 3.344441880376726317e+01 1.344441880376655618e+01
1.256007409845548775e-02 2.001256007409810067e+01 3.701916816646171071e+01 4.530343941392390406e+01 5.685044479771662651e+01 5.158624929790362046e+01 3.744411367417216496e+01 3.273006846626169164e+01 5.101433971372424026e+01 6.256134509751716877e+01 6.035950787795120220e+01 3.845203274900127610e+01 2.395822777967381256e+01 1.238783852323665435e+01 2.852200056519943061e+01 1.478033304850051266e+01 3.478345716450083813e+01 4.993910615108070061e+01 6.149457843978971283e+01 5.273366879316608191e+01 3.747392013390917498e+01 4.729173377546585755e+01 3.705570239555527223e+01 2.600826717366992824e+01 5.988678232347194097e+00 2.455107321305756329e+01 3.114715648451869257e+01 3.932426577389709621e+01 4.911672871436567789e+01 5.051827081179860812e+01 3.051827063799590078e+01 1.897126525420314280e+01 3.311340087792474662e+01 5.311340085385093346e+01 4.884042598215755504e+01 2.884042598215684805e+01 1.729342059836412915e+01
9.594114293757748102e-02 1.164294652673019570e+01 2.578508215046139895e+01 4.578508215046210239e+01 5.463993344195902324e+01 6.292092551186479454e+01 5.744411367417286840e+01 4.687220408999314003e+01 6.101433971372459553e+01 6.724097310458454047e+01 5.830433827639581779e+01 4.960175498551031126e+01 3.518593561406390791e+01 1.518839868093338552e+01 3.516446964792682195e+01 3.478345716450083813e+01 2.164036829705339215e+01 3.318956759558179925e+01 5.320239829849676028e+01 6.418295285999792554e+01 5.500186162371910115e+01 3.190577305449641088e+01 1.590264008783658767e+01 7.473849940018927995e+00 2.465959453283555192e+01 1.493284927688282693e+01 2.159089766635440455e+01 4.134624882422706094e+01 5.996486021004059097e+01 5.880256462560107877e+01 4.333562304989187197e+01 2.333562305892306554e+01 3.747775868264050558e+01 5.747775865185234068e+01 5.712469722961974838e+01 4.332364748992021219e+01 2.332364748991950876e+01
7.711341127313005306e-02 1.421924903500420534e+01 3.421924903500490700e+01 4.199327358458747028e+01 3.464380847060181168e+01 4.878403896357196601e+01 6.877731331150690153e+01 6.687220408999455401e+01 7.309374989467497130e+01 5.311813054966771830e+01 3.898085243032072356e+01 3.003933113921569031e+01 2.371588721686121559e+01 1.847637834336360996e+01 3.847324868173834034e+01 4.991417648894975656e+01 4.164798510492238393e+01 3.058569903843832449e+01 4.473486660119431235e+01 6.475136255115654649e+01 6.623049787064724114e+01 4.803335729953791144e+01 3.705569938408736874e+01 2.753309270165955880e+01 8.980277375760223890e+00 2.052165430020348325e+01 4.038836483116141096e+01 3.220500294464309832e+01 4.357068007271362831e+01 6.314421469065243997e+01 4.868084788484622294e+01 2.868084789717146066e+01 3.966555467720738903e+01 5.966555462946477206e+01 5.746578311365166059e+01 3.746578311365095715e+01 3.226791939991898062e+01
2.297228869525369793e-03 2.000229722886917116e+01 3.199421813818556970e+01 2.199516269178369754e+01 4.199327358458747028e+01 4.982650723370343115e+01 5.808788062254222950e+01 5.584644336888818827e+01 6.421531155231474486e+01 6.724097310458454047e+01 5.830433827639581779e+01 5.002994794973825776e+01 4.187934119105161557e+01 2.185699656596812801e+01 3.330352122566689133e+01 5.230857795903609997e+01 5.888957882586914394e+01 3.953316261870008930e+01 5.888957882586914394e+01 6.859341933318509632e+01 5.661882009633620072e+01 4.611557389660220707e+01 4.616240974451421408e+01 2.487587766374140941e+01 1.005174250475727149e+01 2.999217922369788170e+01 4.850643502214172997e+01 5.184342920999305449e+01 5.996486021004517397e+01 7.127517145505812834e+01 5.445435057174039883e+01 3.445435058906751635e+01 5.445435057174039883e+01 6.794982412352398171e+01 6.575005436111486290e+01 5.746578311365166059e+01 4.226791939991932878e+01
9.647730019007895452e-02 2.009647730018972211e+01 1.199520697592773821e+01 3.018110081664891808e+01 3.402823235056089146e+01 2.984348673910566418e+01 4.313557776186411985e+01 3.579807384815136828e+01 4.997656610241802611e+01 7.032412860340460270e+01 6.241108187758187142e+01 4.250028381543091882e+01 2.834674143104579969e+01 2.788797999004711770e+01 4.774855924338873336e+01 6.026049871080945763e+01 6.784144313253813152e+01 5.368574668907389480e+01 6.784144313253813152e+01 6.017959843930194097e+01 4.003820925291863375e+01 2.871026474390130190e+01 3.560823138679582911e+01 3.088677103529940737e+01 1.112953439342832063e+01 3.106606109768089041e+01 4.097093005832989832e+01 5.500336435108800970e+01 5.337615536165478147e+01 6.155672029904675924e+01 6.273862065673107224e+01 4.859648621276176073e+01 4.600135597285962774e+01 5.754836135664401553e+01 7.754836125966662053e+01 7.055219064738587065e+01 6.226791939992003222e+01
3.582433992925927735e-02 3.050937785706889560e+00 6.532490904818407884e+00 1.018397462142741006e+01 1.403297641411916530e+01 1.829699070280214457e+01 2.314770249669942359e+01 4.312999976612567110e+01 6.133481005793002083e+01 7.281996680368075658e+01 6.496428632500571609e+01 4.472460683338995580e+01 3.389665224570087076e+01 4.794221517872824023e+01 3.790500246445527210e+01 4.949933391559368800e+01 6.956345169261933847e+01 7.370363383680643210e+01 7.083017580969728044e+01 5.108162505286184540e+01 4.938762694556032073e+01 3.719119287852003453e+01 1.732904768910178106e+01 1.472431735778173056e+01 3.106606117540220069e+01 1.282453503837860609e+01 2.693854185954890923e+01 4.112829381245316540e+01 3.401058588071697386e+01 4.765193541595519378e+01 6.719564478856926826e+01 6.859648615372869074e+01 6.600135593186408300e+01 7.428562522658337741e+01 8.583262923490561036e+01 8.487361874901561976e+01 7.539347919791842401e+01
1.813270376062421294e-02 2.001813270376026921e+01 2.067436142105409402e+01 3.018110081664891808e+01 2.557971003509837615e+01 3.828930497192557425e+01 3.728666833101279110e+01 3.383696061309753844e+01 4.537194097036073970e+01 6.516295411681382177e+01 7.357230897110024159e+01 6.215969646111251734e+01 4.285473702642214988e+01 4.545873370805843905e+01 4.949933391559368800e+01 6.628013323279972724e+01 7.785717225688074450e+01 7.271561427292314761e+01 6.451415050050776756e+01 5.108162505286184540e+01 3.131766647576540663e+01 2.136727796711703675e+01 3.687025158725411700e+01 2.888731637465893698e+01 4.097095310600388274e+01 3.275337097193970237e+01 1.453782838959518919e+01 2.159992279174931085e+01 4.112829381245318672e+01 5.669036352693012049e+01 6.972423142629087067e+01 6.622924273639307557e+01 6.368194703818936375e+01 7.184695032446410323e+01 8.319845004976571090e+01 7.707489051974084759e+01 5.805973489631291784e+01
2.372884694381488524e-02 1.416586447067489019e+01 3.416586447067559362e+01 4.894844536354420939e+01 4.556988347192193345e+01 5.384072355038320978e+01 5.723582372083087222e+01 5.376981538083357748e+01 6.188909631764776265e+01 6.626400519501649455e+01 7.460772348881639005e+01 7.108776328172001513e+01 5.440734662129107591e+01 5.440734662129110433e+01 6.956345169261933847e+01 7.785717225688074450e+01 8.003055216034219654e+01 6.451415050050776756e+01 4.478774747063020811e+01 4.562620912323934874e+01 2.583001596870400718e+01 3.541328047315685268e+01 4.930171183722818995e+01 4.942527736279797068e+01 4.507268785795297816e+01 2.521525343267784791e+01 3.445841585664037865e+01 1.630666433090770795e+01 2.944690048790948822e+01 4.741487218624498468e+01 4.882633435760029528e+01 4.671711227129558353e+01 4.419661089232813111e+01 5.539306790743329856e+01 7.500476649970077858e+01 8.487361874901561976e+01 7.135178099123305628e+01
8.175220331382776484e-02 1.422388782704490318e+01 3.422388782704560839e+01 4.978855134974141805e+01 5.611769445779734156e+01 6.437828814420477386e+01 5.590071815041674341e+01 4.762016102490257907e+01 5.207785686662076330e+01 4.622521423008418395e+01 6.627366324780862783e+01 8.259554851681984644e+01 7.432304772965619577e+01 6.591647385584340668e+01 8.259554851681986065e+01 8.662547560728179974e+01 7.181960326171083864e+01 5.208326205458444491e+01 4.070613294636687840e+01 3.080840504396989843e+01 3.471435511207115354e+01 5.381196091517459479e+01 6.336197341796376747e+01 5.907468623400469454e+01 3.927287023026634216e+01 4.507257795804555656e+01 3.746873289977760635e+01 1.756674953287060958e+01 3.746946562125341273e+01 3.044618305860111107e+01 4.528930565304806066e+01 3.297648136420696119e+01 4.033960284923980311e+01 4.897784449171014387e+01 6.275240250389246910e+01 8.243986685401516468e+01 7.916940169746965239e+01
9.124702163186203252e-02 2.009124702163150644e+01 2.979032406342009409e+01 2.979032406342010120e+01 3.612049930903982897e+01 5.001732838392377545e+01 4.174576693971901875e+01 2.770269020252831993e+01 3.213823756915935093e+01 5.208025029895910762e+01 6.656686019696340395e+01 7.413741076864805279e+01 8.242457082649541178e+01 8.580664120007507734e+01 9.410240790925071508e+01 7.840661236113678001e+01 5.864558506285910511e+01 4.727930819684918617e+01 3.741954532112572451e+01 3.966577600447876506e+01 5.445408445841287204e+01 5.083193601665386296e+01 7.057079679685742235e+01 6.729245262654214343e+01 5.907468623400469454e+01 5.078510221465483454e+01 3.956622946625626014e+01 1.967413337606941326e+01 1.980672475483630635e+01 2.140411626571270176e+01 2.598191695864375816e+01 4.567575194887024281e+01 5.651118395772172676e+01 6.793353512345773026e+01 6.851872730767500741e+01 8.823241539954240409e+01 9.007398944524115336e+01
2.239863785106879432e-02 2.719198087704042699e+00 9.790266046796068267e+00 1.979028116536827397e+01 3.299244717592593190e+01 3.632885645704546818e+01 2.184522832159285244e+01 4.174576693971901875e+01 5.208025029895910762e+01 4.025408384221395153e+01 4.655672003783006829e+01 5.410761666813277060e+01 6.826764416409564262e+01 8.830828091332283236e+01 8.941831845599378426e+01 6.962001768477527719e+01 5.566927594442041283e+01 4.583116670751581978e+01 5.135875297483259772e+01 5.104361683594996890e+01 6.757844036658264031e+01 7.057079679685742235e+01 6.967836748989525120e+01 6.146295730623247522e+01 5.388414494005471767e+01 4.257960975899463563e+01 2.270507423918838441e+01 3.956624017684148242e+01 3.392757688567305507e+01 4.121344580204884522e+01 2.386047819079848864e+01 2.855731735499974633e+01 4.830257230320777495e+01 6.298263331031528622e+01 7.121405037573732955e+01 8.114067861656512548e+01 9.480204161449455569e+01
1.766589122093755945e-02 2.001766589122058093e+01 6.889486368913207315e+00 9.904599814867369290e+00 1.299066681480065100e+01 1.641949499490865350e+01 2.520945035581526383e+01 3.641227436138265716e+01 5.608703224587557656e+01 6.023909827675691275e+01 6.656686019696340395e+01 7.413741076864805279e+01 8.242457082607451468e+01 8.675881813049799973e+01 7.847467634817007820e+01 8.363459367592578531e+01 7.374736077293387382e+01 5.462927172366018169e+01 7.109184926334545196e+01 7.077604102981747758e+01 7.898578120011204362e+01 7.545544040424475440e+01 5.566708103575975741e+01 4.169716223935127886e+01 4.568017581830586238e+01 2.582686613414877641e+01 4.257960975899463563e+01 5.078573682544440260e+01 5.420964527475668859e+01 4.508247534852470295e+01 2.573875567297660183e+01 4.550795757758262283e+01 3.577441364328429785e+01 4.320769276765303601e+01 5.306393404293594074e+01 7.290133257769460329e+01 8.328956277124551377e+01
