LEM/with_lateral_4open/elevation_000415.asc
nrows	100
cellsize	150.0
xllcorner	0
ncols	100
yllcorner	0
NODATA_value	-9999
[rows 51 to 67 of 100, columns 0 to 36 of 100]
6.455108993161302877e-02 1.159844916128508885e+01 3.078528407143493695e+01 2.020208506832405249e+01 3.663587653151678580e+01 3.622307416379198486e+01 3.034448728196369771e+01 3.132168683440702495e+01 3.161126791339585296e+01 2.209650176848365888e+01 3.308026959562614877e+01 1.305658650099581131e+01 2.835021804585338145e+01 2.894101773326365290e+01 2.371899450973820223e+01 3.025059028542450434e+01 1.130239373846965734e+01 3.136388310246825384e+01 3.328593221932321455e+01 2.204948170704456700e+01 4.061009673261488473e+01 4.284958020461969852e+01 3.128106954180301713e+01 5.144902404077796376e+01 5.407300393799940963e+01 4.890498882970239691e+01 3.862762717278867086e+01 2.910719262433516619e+01 4.318838320745457793e+01 6.284270492450692558e+01 6.589680435639411371e+01 6.253744946982923381e+01 4.750989348201250806e+01 6.813054966110433952e+01 6.269022705213813396e+01 5.439192721909102346e+01 3.603427981471370600e+01
3.995603441288197999e-02 1.818929219550039988e+01 2.118160536125960292e+01 9.857166657610175520e+00 2.830080535975019274e+01 3.615397386107707689e+01 1.623153803154343677e+01 2.441128145634613134e+01 1.143014483548942906e+01 2.530806461344441161e+01 2.589957702910026427e+01 9.845267736945302772e+00 8.227162951627208898e+00 8.884908061376075139e+00 9.540594456196675566e+00 1.019649687892880685e+01 3.025279208321224544e+01 3.970907392364523503e+01 4.983426484002460910e+01 4.121345805058242462e+01 4.983522267175269604e+01 5.979960849324197625e+01 5.144902638678122031e+01 4.204220982324612521e+01 6.225058706483731896e+01 6.716566218201930383e+01 5.271056894818296001e+01 3.256591015615946105e+01 4.260073159193214565e+01 5.690167367175245516e+01 7.710949089831335357e+01 7.934379159740447562e+01 6.536612081289371190e+01 7.883023119601165263e+01 7.583525630403462969e+01 5.751215879603874015e+01 3.735031635672731909e+01
4.804567899273937126e-02 6.414365080896659022e-01 1.235088685285190113e+00 1.829526983562953513e+00 2.185320208370034933e+01 2.329737982908171645e+01 1.671593582735309269e+01 4.784367669265976453e+00 5.410694597272329709e+00 6.040059428370515349e+00 6.671569006943077085e+00 7.306036619904915597e+00 2.663672575454990366e+01 2.890389892720838461e+01 2.958876439273828041e+01 2.819378803298416969e+01 1.191606844775435725e+01 3.197972288005798092e+01 4.207297224248426915e+01 5.632505013747208267e+01 5.903442740514190490e+01 6.739246609421178391e+01 7.058650062581590134e+01 5.370930317741957793e+01 7.058650062592919028e+01 7.089765093062268875e+01 5.067426361803174473e+01 3.640029464922789515e+01 5.659755662332769788e+01 7.117431663820903509e+01 8.270610086689465845e+01 9.279988845966092015e+01 8.911903325338849413e+01 7.689243163436020723e+01 6.145188587210177644e+01 4.855390112016863924e+01 3.867628330423573146e+01
9.707512844716031930e-02 2.007147820888661727e+01 2.125346358231755062e+01 1.995033902852536301e+01 2.673551604120228298e+00 3.271967896584622171e+00 3.899289166024326292e+00 2.390823631447493014e+01 2.535212412940471083e+01 1.757463143435061426e+01 2.690562886339635185e+01 2.736733837370922373e+01 1.488355272898485637e+01 2.672267854735731518e+01 4.566600524354421253e+01 3.980353748524687774e+01 2.630751737540481017e+01 1.365362155965464552e+01 2.782390810135921555e+01 4.385597897819734214e+01 3.883647457723316165e+01 5.573453137308747074e+01 6.739098360965481049e+01 7.391819783598475624e+01 8.223004452304132883e+01 7.611738346115997444e+01 5.590144629873171311e+01 4.158621696663317380e+01 4.648066986782002630e+01 5.413464004980021826e+01 6.426489480413144406e+01 8.445459759591052773e+01 9.088015211120951165e+01 7.937106066033332752e+01 6.478139635216260217e+01 4.462052009539375064e+01 5.883991764807432645e+01
5.001202446392439237e-03 1.155444679342013004e+01 3.154127150572719174e+01 1.879562103232749237e+01 1.697063540223261313e+01 2.324060957011170814e+01 4.911474928924924654e+00 2.528004206149340405e+01 3.648516182780648620e+01 3.727681143260067387e+01 4.527653021356807272e+01 4.194303945769158304e+01 2.124431797334873906e+01 4.140434583302494786e+01 5.274832907872346510e+01 5.393844531767026496e+01 4.103467422496176198e+01 2.120660618219665494e+01 1.542782096191616503e+01 3.550426022296752393e+01 2.722836140456687914e+01 3.883647446911756163e+01 5.903425403780617842e+01 6.351426015150286730e+01 7.186575606469365596e+01 7.832216514746511393e+01 5.811435494065207052e+01 6.182255720556583611e+01 5.170704071546631297e+01 7.193807369566536636e+01 8.270610086689465845e+01 9.279543876428640203e+01 8.270038813530135258e+01 6.268881908768184985e+01 5.101094257363919837e+01 6.478139635216260217e+01 6.791774855529928345e+01
5.279685921607564503e-02 2.005279682039808264e+01 3.976105762644011321e+01 3.236001247972338035e+01 3.790159077804398891e+01 2.175610384961717259e+01 2.528004206149340405e+01 7.843444150912455726e+00 2.827221694967003529e+01 3.961414235872762646e+01 5.380605867551815180e+01 5.074488637611320740e+01 3.576013828417912066e+01 3.587520602866917585e+01 5.720756222687078463e+01 5.547808970079744029e+01 3.533610463496977161e+01 4.116178842651603276e+01 3.550426022296768025e+01 1.721530930253310387e+01 3.729899523248971605e+01 4.760325624582957005e+01 5.073037399094280175e+01 4.330116134381714232e+01 5.759531397968736854e+01 7.780386027445605635e+01 7.832216514746511393e+01 8.028139194111621180e+01 7.193807369566472687e+01 6.602763714394463079e+01 8.620712977837519020e+01 9.580638997969349191e+01 7.603787787000069898e+01 6.182566966107186346e+01 5.816762965607478719e+01 7.824533333583194405e+01 7.939866007724489805e+01
5.738623160518319517e-05 1.414219300997411821e+01 3.414219310315597511e+01 5.049581353968762443e+01 4.984361733374909420e+01 4.264121249285992121e+01 2.849558429239875323e+01 2.827716096971159487e+01 1.125287101394256517e+01 2.544712240033591044e+01 4.154183592641367539e+01 5.288768493174494978e+01 5.689976901420281052e+01 5.770686575485116521e+01 6.675477233847011860e+01 6.479347786094862727e+01 5.626326643647535519e+01 5.511192838300328134e+01 4.109070406911524742e+01 2.099374653723512552e+01 1.915663113209661006e+01 3.925245202074058426e+01 3.056461755397489810e+01 4.481023518986190624e+01 6.502285337597105297e+01 6.926682817502928913e+01 7.750206018292935539e+01 7.628449718876026964e+01 8.462149908378799523e+01 8.620712977837519020e+01 9.453514673828772175e+01 9.783591570890364153e+01 7.819491300822549817e+01 8.182872317823313324e+01 6.721810877027267850e+01 8.644072707922731524e+01 8.831020467397260632e+01
4.532054705376769438e-02 2.004532054705341082e+01 3.483909594951700228e+01 4.338358413266889357e+01 5.352485477859866592e+01 5.773750461816089796e+01 4.549730169956469439e+01 2.544712240033591044e+01 3.131968395307390551e+01 1.454709120698666069e+01 2.392816184767207233e+01 4.221565816339543176e+01 5.088040427163966228e+01 5.916638806341665457e+01 6.916483264081409743e+01 7.327545984909129118e+01 6.064340494889501088e+01 4.082731276982289614e+01 2.665449147657476203e+01 4.109070406911524742e+01 3.925245210215131664e+01 2.111742213231022802e+01 4.122414524324877760e+01 5.165897795682384697e+01 5.508237988913800365e+01 4.920698903560806059e+01 6.926682817466091535e+01 5.611539131497357857e+01 7.298392931796088590e+01 7.962901630503104400e+01 8.847550717375466434e+01 9.540645004875833024e+01 9.782800603166627695e+01 9.534281567806658586e+01 7.881189546977954308e+01 9.156692288627162668e+01 7.172500326925229786e+01
9.001595176218035732e-02 7.161102196594278269e+00 1.472113822781053827e+01 2.473812902596228014e+01 3.907305142984173330e+01 6.011407704236666660e+01 5.380605867564823797e+01 4.549730169956469439e+01 4.120252400445479424e+01 2.114748286662956644e+01 1.802843667128334815e+01 2.430781428818928447e+01 3.093967315416677977e+01 4.088496079283170559e+01 6.087584775044765451e+01 6.495652401145140686e+01 4.479175502433862022e+01 3.316115988718138397e+01 4.677581820952193681e+01 5.511192838427118090e+01 4.796874612781190450e+01 2.779058737397829049e+01 2.318056340564092466e+01 4.329905957542624861e+01 3.495339024484373169e+01 4.941145967956864382e+01 5.245061503436706118e+01 4.432265749019921941e+01 6.392041572329660681e+01 5.881068986795758491e+01 7.948580125033468846e+01 7.528759305002333235e+01 8.944103839933812594e+01 1.067698293911100365e+02 9.858968697892568400e+01 9.975230109949139035e+01 8.831020467397453899e+01
5.674351268809080251e-02 2.005674351268773492e+01 3.244997027113124943e+01 4.073424151859344988e+01 4.967851342859275832e+01 6.122551881238568683e+01 6.614224899005381531e+01 4.606089005248938406e+01 3.184977167013213517e+01 4.079004481672354387e+01 2.074347784656513483e+01 4.079004481672354387e+01 5.088040427163966228e+01 5.916638806341665457e+01 6.916483264081409743e+01 6.976656712818139283e+01 4.961684659794626384e+01 3.896556117976911793e+01 5.913753705595878785e+01 5.978951233795871900e+01 3.940586472965009790e+01 4.796722767093842066e+01 3.738271582846312668e+01 2.527185310003986984e+01 2.676285513171667674e+01 2.914874455695806077e+01 3.165936080465657909e+01 3.474060480455984390e+01 4.432319154889050594e+01 6.401581874007662520e+01 6.848554624934091350e+01 6.109094089404221251e+01 8.106310129766956152e+01 9.339095950425495118e+01 1.103360362724159813e+02 9.135924280980252377e+01 7.785005995981387628e+01
9.518805923843161321e-02 6.125414950793730107e+00 1.244997027113054422e+01 2.139424218112985798e+01 3.294124756492278294e+01 5.294124756492348638e+01 6.833501303824981221e+01 4.825846953360540681e+01 5.194258390986087193e+01 4.362719482961254158e+01 2.356551469603959248e+01 4.362719482961254158e+01 5.642793568603202203e+01 7.062479605327858678e+01 8.185393697609511321e+01 7.808058044984980484e+01 6.551763512069373974e+01 4.534199352555267382e+01 6.551763512069373974e+01 6.836597075477492069e+01 5.110916191435475753e+01 6.564152235179294337e+01 5.349786143684318773e+01 4.540351476124848773e+01 4.690490345332615618e+01 2.928719550298370677e+01 4.945442887855137570e+01 5.555372998095519677e+01 4.023439138391198355e+01 4.425690056243385584e+01 4.836906040877946822e+01 5.341349629366411733e+01 6.500810284604804679e+01 8.510976110570541664e+01 1.003914568589014920e+02 9.691741701088918148e+01 7.785005995981389049e+01
9.062254805971975413e-02 2.009062254805936476e+01 3.244997027113124943e+01 4.073424151859143905e+01 4.780678445960575118e+01 5.609105112931878523e+01 6.763805326680248697e+01 6.833501303824981221e+01 6.002745807432213354e+01 3.994131977589208304e+01 3.358190288036445992e+01 2.803954472550720567e+01 4.223107531878541465e+01 5.348862406626328436e+01 7.077894322381153813e+01 8.235691378570770382e+01 7.313607025404024853e+01 5.297958549046246191e+01 7.313607025404024853e+01 8.101212667179090943e+01 7.181945779764973281e+01 7.602290172369450261e+01 6.332503672402332029e+01 5.210896138880113426e+01 3.189012311821246470e+01 4.945442887855137570e+01 4.352844004641726627e+01 6.376103148756097028e+01 5.213134516660336715e+01 6.446837633881575869e+01 6.259938032777426997e+01 7.350406329833437269e+01 6.196907079464016022e+01 7.203398049498539990e+01 9.212390068749691352e+01 9.691741701088918148e+01 9.135924280987774182e+01
3.063233560239582431e-02 1.417276796889228407e+01 3.417277703700128200e+01 3.625977914597345375e+01 2.780678458749149229e+01 3.935378997114065669e+01 5.935378966889891927e+01 7.343574130368588726e+01 6.832893322592896368e+01 5.367248677886058772e+01 5.367248677886058772e+01 3.512108508965791032e+01 3.338816194767251488e+01 4.237438068372584610e+01 5.399679365209751580e+01 7.406883338578420251e+01 8.144282705672821976e+01 6.725350883071449459e+01 8.144282705672821976e+01 8.846370798880327868e+01 6.828291347242884513e+01 6.629472957689381474e+01 4.912750670420551558e+01 3.485187354528367365e+01 3.618269076988501354e+01 5.642453762258268313e+01 6.376103148756097028e+01 7.211290748705653186e+01 7.227950592502695315e+01 8.059849193400077638e+01 8.272600773133365237e+01 9.036557494177037597e+01 7.203398049498539990e+01 9.036557494177037597e+01 1.003914568589014920e+02 1.160209256872928876e+02 1.103360365490031398e+02
5.666595628964066211e-02 2.005666293940442202e+01 2.683168324343580124e+01 1.625977920370665331e+01 3.625977914964807525e+01 4.515142717376341608e+01 4.515142717376341608e+01 5.854705062129283988e+01 6.683134330241357191e+01 7.374310871641404219e+01 6.282318834389599260e+01 4.271763942759520916e+01 5.348862406626328436e+01 3.990203011156965829e+01 5.152649866920065591e+01 6.573935455659255922e+01 8.577436268993126589e+01 8.733782967799824348e+01 9.501439898467418743e+01 8.669720097298677786e+01 6.828291337562426122e+01 4.804242214497095631e+01 3.792001052375193382e+01 5.509286500739801795e+01 5.642453762258268313e+01 4.274910196015508035e+01 4.990666334447431041e+01 5.756468511421187628e+01 6.584253949245926663e+01 7.490433251337556442e+01 9.505458094589140217e+01 1.003914568589014920e+02 9.212390068749691352e+01 1.003914568589014920e+02 1.090447540577177961e+02 1.174307980859798590e+02 1.033384154144775948e+02
2.110006612196471329e-02 3.401717085036024102e+00 6.831688787886186276e+00 2.683168887022090487e+01 3.759213761895718164e+01 2.515142692396537782e+01 3.147598224430202407e+01 3.854705005616725089e+01 5.009405543998266097e+01 7.009405677703009019e+01 7.112145942598107240e+01 5.278524507931301457e+01 6.831501842616196996e+01 4.890799252155047583e+01 4.939496425882080644e+01 6.361389044031400886e+01 8.365427165317883862e+01 9.911962152577874008e+01 8.669720108175862094e+01 6.650140196068956300e+01 7.241661467048358247e+01 6.041171052843750999e+01 4.017032604110338667e+01 6.041171052843750999e+01 7.134674659581548894e+01 6.299229752958414252e+01 5.287426773802393853e+01 6.193716370592422749e+01 7.363054331542069519e+01 9.378436400099234049e+01 9.137017638425732002e+01 1.114483012511461766e+02 1.057470820788051924e+02 9.736316919860884411e+01 8.881165556881383338e+01 1.057470820788051924e+02 9.495981920790057984e+01
9.367352646185668485e-02 2.009367352646150096e+01 2.683168887067624908e+01 1.300382278636980971e+01 1.759213746378096488e+01 3.759213761916419827e+01 5.147598260962549688e+01 5.854705062129283988e+01 6.683134330241357191e+01 7.837836386310650028e+01 8.114986805025883143e+01 6.699420897186864465e+01 7.729028844522052566e+01 6.052497324157116765e+01 6.361389044031400175e+01 6.361389044031400175e+01 8.365427165289327149e+01 9.081014286774002642e+01 7.063365128600774767e+01 5.892736428400025517e+01 5.217198693561584832e+01 4.711112469259208524e+01 4.276107231345271487e+01 6.300348612862300257e+01 7.113309888847784634e+01 7.566048055353343216e+01 7.310974337759130037e+01 8.144308961310868256e+01 9.046409846248364772e+01 1.020775336253574181e+02 1.114483012511461766e+02 1.057470755052083575e+02 9.408718228554360508e+01 7.718627713333108886e+01 7.718627713333108886e+01 9.736316919860884411e+01 9.268415349721240659e+01
3.648181865326004941e-02 1.417861744238433452e+01 3.417861744238503974e+01 3.300382290638540894e+01 3.759213761916419827e+01 4.587641809746504151e+01 6.084427796302814784e+01 5.255990513716436396e+01 6.011919888212843688e+01 6.840360704526169400e+01 7.840368812712715396e+01 8.702513580717726427e+01 8.885664502436799239e+01 8.057340288079841173e+01 8.365427165292803124e+01 8.365427165289128197e+01 9.193620054774325467e+01 9.341781627686187051e+01 7.325597278504491783e+01 7.916124001470727478e+01 7.241661415246512945e+01 5.288374273511817591e+01 4.816834196193197926e+01 4.746455317877710200e+01 5.088529462081133659e+01 5.541341422723254340e+01 7.566048055353343216e+01 8.843009333983742692e+01 9.480271776843997600e+01 1.031034231686913074e+02 1.146832413047487762e+02 9.736316900943792518e+01 7.718627713332772089e+01 6.559782576718471603e+01 7.811082266470899071e+01 8.647308172418505023e+01 8.431545544187058283e+01
