LEM/with_lateral_4open/elevation_000583.asc
nrows	100
cellsize	150.0
xllcorner	0
ncols	100
yllcorner	0
NODATA_value	-9999
[rows 51 to 67 of 100, columns 0 to 36 of 100]
6.455108993161302877e-02 1.751669280844598120e+01 3.076630407349818697e+01 3.426049301984414086e+01 4.084222998069419930e+01 4.004470589837288941e+01 2.526256006500239693e+01 4.089777568675360442e+01 4.385621234314275796e+01 2.619940888262128098e+01 2.200794888825335605e+01 4.125601772971936043e+01 5.592802428291565775e+01 6.708704296291972469e+01 6.505451415239818402e+01 4.523897692193222042e+01 3.128662908119762776e+01 4.238029337363347082e+01 3.018637353584884764e+01 1.730084870052393597e+01 3.705927327735872723e+01 2.351980927010347244e+01 4.320625032683943800e+01 5.664300780647003819e+01 7.059982723185679276e+01 8.036664812076716657e+01 7.419080796942907341e+01 6.683210249879374487e+01 4.897742049616523730e+01 6.683269940471562620e+01 6.010056615113428080e+01 4.080799750860531816e+01 5.303681712945763849e+01 3.548442326626430088e+01 3.680117686572402391e+01 3.823992937608979048e+01 3.972928991680128519e+01
3.995603441288197999e-02 2.003995603441252626e+01 1.036832769699983636e+01 2.057192655731371289e+01 2.067453276891515657e+01 2.287887493455111354e+01 1.414465622779458798e+01 3.308656749263546715e+01 3.096851676718138435e+01 1.638665517055538245e+01 3.581184172870275262e+01 4.931827820682303098e+01 6.121252351612989173e+01 4.711364411669642749e+01 6.105140771551413081e+01 5.921119114141263395e+01 4.260369651277286351e+01 2.285476342090817070e+01 3.511297590335674101e+01 1.647450177882394939e+01 3.625195320390560738e+01 4.320625032683943800e+01 2.879289242772131985e+01 4.268618838108321256e+01 6.215550287424887443e+01 7.034329754619611208e+01 8.022181752667758303e+01 7.659807570377759589e+01 6.269408727280818994e+01 6.842497841167136130e+01 4.890250118262616752e+01 6.010056615113428080e+01 6.793041111381990049e+01 5.542997683644279761e+01 5.624905259547777092e+01 4.277837252123876510e+01 5.906029018618546189e+01
4.804567899273937126e-02 6.478058228968067711e-01 9.021468288926049794e+00 2.000637886668824805e+01 2.953124439942093726e+00 3.557763334279466783e+00 2.145133675300382947e+01 2.957846863200892074e+01 1.144271801704753955e+01 2.739686357010856810e+01 3.749295488954938804e+01 3.534472791707841566e+01 4.385689601731859710e+01 3.312712478769697810e+01 5.230008679232653179e+01 5.222651944426159787e+01 4.173987901557210733e+01 3.398780725934218339e+01 1.529980158058506845e+01 2.671309069044911766e+01 4.293222055832862338e+01 5.664300780647003819e+01 4.012855364954062765e+01 3.499240000251338500e+01 4.241272400968902900e+01 5.228114366153663894e+01 6.624923364087564437e+01 8.598553368054027146e+01 8.229070838944360844e+01 7.496623548594874364e+01 5.534246426311641898e+01 7.496623548594874364e+01 8.400963014640170456e+01 7.460944864532207532e+01 5.498241000588555494e+01 4.827528247958047558e+01 6.784571746500364497e+01
9.707512844716031930e-02 2.007472666725217536e+01 1.497907667664880815e+00 2.099563437558958245e+00 1.699750300008236437e+01 2.332816566321189455e+01 4.416993144975847052e+00 2.024139410275812878e+01 1.270019506266091902e+01 6.754781448044177239e+00 2.681397062469700643e+01 1.549596148192462763e+01 3.319486576956905566e+01 2.435171114015931337e+01 4.404121740354689507e+01 4.433683263142588515e+01 2.553788040244832303e+01 1.413649726089814429e+01 3.398213623025193186e+01 4.224364988050516700e+01 5.303891121682494969e+01 6.803629585086807197e+01 5.984905902617992979e+01 4.891059393047068937e+01 4.377922194185169502e+01 5.075485728362207993e+01 5.959769803413196598e+01 7.099333333387896516e+01 9.072245651653831544e+01 8.315461919244110334e+01 6.512778377650025163e+01 8.315461919244110334e+01 9.070497745839287518e+01 7.099206119903691103e+01 6.208171537018857578e+01 5.953161293286077438e+01 6.423291313188897789e+01
5.001202446392439237e-03 1.891357319192401576e+01 2.594651414470486372e+01 2.164302086564073591e+01 1.672923390607240535e+01 3.162650675132177369e+01 2.499044511275818792e+01 5.277289289166667174e+00 5.887453716177365237e+00 2.137167325440172050e+01 7.637095594851006197e+00 8.260927055640930661e+00 1.444698542697244115e+01 3.405578837680057802e+01 3.753644225151109026e+01 3.141441086679547112e+01 3.207130390299064260e+01 1.332883187870234920e+01 2.741905296751350463e+01 4.717809385484623874e+01 5.989411812973396820e+01 6.810763531586758290e+01 6.443117946901729454e+01 6.865444446386342747e+01 6.352321679097844509e+01 7.050646448761766294e+01 7.869704692004201263e+01 8.753002394132919051e+01 9.893865286732490461e+01 9.301382286097287988e+01 8.480468719539727829e+01 9.301382286097287988e+01 9.892712238922669599e+01 8.996407251825053208e+01 7.598251425627907452e+01 7.342837000812505721e+01 8.392085329185164255e+01
5.279685921607564503e-02 1.458993807627452277e+01 3.589778536407436604e+01 4.120815929533905120e+01 3.417619853917322814e+01 3.845027769019944941e+01 1.737500383808943383e+01 2.634422615625338082e+01 9.190468816574364652e+00 2.944092098366223453e+01 2.749201042539850448e+01 2.763982674547744267e+01 9.149817116943259165e+00 2.849844935517393196e+01 1.095671571815739043e+01 1.158870802551034984e+01 1.221597103819049579e+01 2.977588288886719425e+01 4.073948240605842841e+01 4.434499883640969387e+01 4.085041402057903781e+01 5.785124029939979806e+01 4.469136196016483353e+01 5.556355696829793089e+01 6.126500854870430146e+01 6.785315223667373630e+01 7.605807034207597894e+01 8.594519639812556022e+01 9.810592774274159922e+01 8.980764525567028045e+01 8.980764525567029466e+01 9.300647025426751213e+01 8.478424911710236245e+01 9.166671288207541579e+01 9.571235048516933830e+01 9.314417456469654155e+01 9.697560784694101699e+01
5.738623160518319517e-05 2.000005738623125140e+01 3.310041898666489857e+01 4.155184205850558499e+01 5.182659851802348072e+01 3.933919978073776491e+01 3.300114138779468931e+01 3.819187152505200089e+01 1.664693759506820570e+01 3.818894770934207372e+01 4.246630170213385469e+01 2.900292975325133682e+01 1.277866822411276182e+01 1.005367294741921036e+01 1.303321699667911204e+01 3.061060186606253453e+01 2.549671763515921086e+01 1.380028684293707997e+01 3.365012968385454428e+01 2.540004745993690349e+01 4.387117195155173732e+01 3.813640036710471293e+01 3.078618858155427773e+01 3.584799458086857271e+01 4.151460092038895056e+01 4.808872117276533231e+01 5.798018087541027654e+01 7.772612359793721737e+01 8.980764525567028045e+01 7.066299337175291839e+01 7.066299337175293260e+01 7.649046435302183511e+01 6.533359973400824572e+01 7.220016568403578106e+01 8.587444008771487347e+01 1.056504964189960560e+02 9.367435023409525741e+01
4.532054705376769438e-02 6.369876556439363569e+00 1.303656477735986918e+01 2.303962251184112020e+01 4.329424926734891699e+01 6.069407328794770962e+01 5.464063745466568633e+01 4.676070639999362299e+01 2.814310251993399348e+01 4.678654767502094103e+01 3.748410093164746115e+01 1.795547924657183358e+01 3.252295896615040505e+01 3.030442056559886055e+01 1.768894652163245240e+01 3.666533098365641052e+01 4.005937451217093326e+01 2.734399746543617482e+01 1.542915612527519365e+01 1.658669643995210308e+01 3.636274648415619737e+01 2.422548327852298300e+01 4.391074329326659864e+01 5.556355696829793089e+01 6.126500854870430146e+01 6.785315223667373630e+01 7.605807034207597894e+01 8.594519639812556022e+01 8.927810899681767864e+01 7.627033208509648432e+01 5.714146730265840546e+01 5.695004665984900072e+01 6.825728336507577865e+01 8.773719873651113232e+01 8.587444008771487347e+01 1.056504964191851172e+02 1.018787179398633782e+02
9.001595176218035732e-02 2.009001591646888230e+01 3.310050477944391645e+01 4.156298917000750492e+01 5.190416215124017896e+01 5.038970861239290855e+01 5.862034020767679010e+01 5.700584052000900925e+01 4.284325818240262151e+01 5.559364016824442700e+01 3.585370783161755526e+01 2.193703394865040224e+01 4.143837136252766129e+01 4.561313146257175788e+01 2.605761533720821177e+01 4.542440850629871107e+01 4.907755913322355212e+01 4.294880689767359172e+01 3.523699944914524451e+01 3.636274648396077680e+01 1.823273505266871908e+01 3.797039440218024708e+01 4.764859165767030902e+01 5.553016352489953533e+01 6.381787226402651925e+01 7.873553936059445846e+01 7.051942476497879397e+01 7.873553936059445846e+01 8.107860398060094553e+01 6.154603571028588505e+01 5.013452604756822950e+01 6.980967503302976240e+01 8.466278589032420143e+01 9.598090842753381935e+01 1.056504964191851172e+02 1.140093700318850978e+02 1.117413166076091215e+02
5.674351268809080251e-02 2.005674339248800919e+01 2.801451847392274530e+01 3.629230898047575948e+01 4.188348267665217861e+01 3.042881157903897105e+01 5.038970849147113285e+01 6.925428171533899047e+01 6.289011773979085262e+01 6.047878319851441375e+01 4.062800325703752691e+01 2.655340630150118386e+01 3.991176075432598225e+01 5.205312302295596538e+01 4.237844276676129596e+01 5.704784633215611933e+01 6.018771975665617191e+01 5.370103236673575964e+01 4.337188073054668536e+01 2.364827084981204663e+01 3.797544342411651286e+01 2.003101561910760253e+01 3.851574425148081815e+01 3.580092102300298507e+01 5.561349869759907705e+01 6.883590418025313795e+01 5.073514269142541622e+01 6.882601471484842648e+01 6.930231406042884146e+01 6.144246763581948301e+01 4.650665530176544138e+01 6.047897988778235856e+01 8.006280525109707469e+01 8.843840339102330006e+01 9.667791571861999955e+01 9.758582673298604959e+01 1.058564324812251414e+02
9.518805923843161321e-02 4.017510761980653378e+00 8.017510761348948023e+00 2.801452713818439832e+01 2.190131076385634756e+01 4.188348253901163076e+01 4.111410334207086947e+01 5.264006292958102762e+01 7.251721795222206879e+01 6.265247967981684241e+01 4.279897634812619600e+01 3.287060930564550176e+01 5.271866997542536382e+01 6.536034802140062538e+01 6.825442349656781005e+01 6.776017782819955926e+01 4.787754364122131534e+01 3.385125387112723416e+01 2.934251613373358225e+01 4.337188073054510085e+01 4.792307418298936028e+01 3.974583801465270483e+01 2.184219375355050374e+01 4.153269008257410633e+01 5.892298232570917804e+01 5.074201968939071605e+01 4.086691245589754828e+01 6.062285131812023309e+01 5.766936455173230058e+01 4.163731061025416835e+01 4.488192713373929621e+01 6.470064477535980529e+01 7.311473743920343793e+01 6.873637174801255867e+01 8.146973480017668123e+01 7.784772579140245341e+01 9.425368576476256521e+01
9.062254805971975413e-02 2.009062254805936476e+01 2.801452723320626959e+01 1.434206492084289764e+01 2.588847261915686815e+01 4.587211404513757174e+01 6.104114927425785453e+01 6.925692766058311634e+01 8.072047321229921124e+01 7.090207161010826553e+01 6.095706424458700212e+01 4.432958066987041690e+01 4.690386679577508744e+01 6.675684667426723706e+01 7.297814090343109683e+01 5.311096150133334248e+01 4.160433949175717316e+01 5.370103236673575964e+01 4.073368008143710739e+01 5.732818522405380435e+01 5.684259101731026931e+01 3.704538465499612698e+01 2.313709099737386765e+01 4.281058482053344250e+01 4.837803941307484479e+01 3.108721912880855953e+01 5.074201848649482116e+01 5.497807638207434877e+01 3.839366429311753848e+01 5.816424841269081725e+01 6.470064434774604933e+01 4.970021192858109771e+01 5.333624263051417813e+01 5.731996672262309289e+01 6.176414120388992046e+01 6.801534885134383046e+01 7.456879622637504212e+01
3.063233560239582431e-02 1.417276795933347167e+01 3.417276795933417333e+01 3.433455339231807812e+01 4.260441174795627717e+01 5.413667912462513243e+01 6.017905788989724414e+01 6.017905788989724414e+01 6.846332914519733492e+01 7.779180552861488707e+01 7.242833105244315561e+01 6.417837908142968217e+01 6.675684667426723706e+01 7.501026169339898786e+01 8.120570501156143450e+01 6.814065865977212866e+01 4.824214126322997487e+01 6.814065865977212866e+01 6.055932564952808406e+01 6.877670011504493175e+01 5.723015195161234914e+01 4.392178421836231905e+01 2.444073393035657205e+01 4.409839516191310338e+01 2.874649831110327369e+01 4.838438873931726647e+01 3.352371053917217125e+01 3.525771090751904069e+01 5.497807655775314117e+01 6.636735687507788839e+01 7.770546701220038699e+01 6.372272249088123885e+01 6.478161303926074766e+01 7.706343011834850643e+01 7.314362805383485977e+01 8.146973480017668123e+01 9.425368576476256521e+01
5.666595628964066211e-02 1.419880158002071546e+01 3.419880158002141712e+01 4.940388350369187975e+01 5.768815474131488230e+01 5.432119351754248271e+01 4.017905788988861104e+01 4.017905788988861104e+01 6.017905788989724414e+01 5.779180552974818141e+01 5.779180552974817431e+01 6.607607674375826434e+01 6.652795581182706997e+01 7.481222701251340368e+01 8.432317995604735472e+01 6.450371999224904584e+01 6.233570704938711060e+01 7.636460143219896679e+01 7.473055779184181802e+01 6.329624255166372393e+01 4.926637312060540097e+01 2.960240387696507725e+01 4.362522371156053680e+01 2.642146656391765802e+01 4.606194952095936657e+01 5.657389126160288129e+01 5.321274788783319565e+01 5.440259684535011075e+01 3.941534743968963284e+01 5.919502942872102125e+01 7.194066951264196064e+01 8.346019679555911353e+01 8.449799711950430492e+01 9.272639449997332406e+01 9.284340813030063089e+01 1.010978693577337424e+02 1.095204468218122571e+02
2.110006612196471329e-02 2.002110006612160831e+01 3.307395188514126261e+01 2.940388350369620696e+01 4.489310309906507968e+01 3.660883185033713971e+01 2.603692226615715910e+01 4.603692226615924454e+01 4.142878812557003698e+01 4.514269488910750994e+01 3.779180552979946839e+01 5.387884517120707528e+01 4.652795581191102769e+01 6.067009143564148133e+01 8.067009143535489102e+01 8.432317995604735472e+01 8.215505156648318064e+01 7.822153272166261218e+01 6.650675320477085961e+01 4.672232003162063307e+01 3.536179807744348125e+01 4.093065739374649326e+01 5.397998168744850744e+01 4.606196313619165750e+01 3.022684220111989362e+01 4.153479186372216958e+01 6.127224976848054183e+01 6.690016153559058409e+01 5.083349786362178691e+01 4.393073182292245349e+01 6.373946433591466842e+01 7.674332868859144696e+01 9.072617712335132012e+01 8.860774933779970297e+01 9.684607255294480410e+01 1.067470318511909539e+02 1.089540016474025776e+02
9.367352646185668485e-02 2.009367352646021843e+01 1.307395188514197493e+01 2.626168713869936511e+01 2.844386604105930871e+01 1.660883185033635812e+01 3.365198359572567455e+01 3.634878304557859963e+01 2.142878812558542378e+01 2.514269488912639616e+01 2.940670921623853218e+01 3.387884517123795547e+01 5.387884517120707528e+01 6.907354049204781177e+01 7.735781169106896016e+01 8.735781166453121216e+01 8.141250020879382987e+01 6.159165889970159213e+01 5.015502864688130558e+01 4.208884316239696943e+01 5.497602803535800575e+01 6.086009463979893042e+01 6.903140360420651689e+01 5.268610059186994476e+01 3.300838385623653437e+01 5.268610059186994476e+01 6.946975378912254939e+01 7.882390388154760785e+01 7.061709396119194082e+01 6.373946433591763139e+01 4.873933043870206916e+01 6.276048036057670743e+01 7.875910040265560497e+01 6.891045146751140749e+01 7.874289001102336272e+01 9.847260866457612849e+01 1.024499314778531271e+02
3.648181865326004941e-02 2.077723270972579250e+00 4.129679975142895643e+00 6.261687138699008948e+00 8.443866041058951666e+00 1.102585493853054111e+01 1.365198359572496933e+01 1.634878304557789264e+01 2.106282825348812793e+01 4.106282825348883136e+01 4.940670921621457268e+01 5.387884517120707528e+01 4.240687382546207118e+01 4.907354049212850100e+01 5.907354049212814573e+01 7.907354049196669621e+01 8.969444855618927193e+01 7.822153272166261218e+01 6.197028790785635266e+01 4.907064423857648450e+01 6.881769628007658923e+01 7.546555795312421822e+01 5.606380137596957525e+01 4.466374255305113650e+01 3.587415805834993421e+01 5.559991650369436655e+01 6.666181097739016082e+01 7.324390340555966361e+01 8.142472729807857945e+01 7.674332874196399246e+01 6.854241873303344335e+01 5.405600581745637356e+01 5.902763735773908849e+01 7.875910040265560497e+01 9.684607255294480410e+01 1.067470318511909539e+02 9.416882821948388482e+01
