LEM/with_lateral_4open/elevation_000416.asc
nrows	100
cellsize	150.0
xllcorner	0
ncols	100
yllcorner	0
NODATA_value	-9999
[rows 0 to 16 of 100, columns 37 to 73 of 100]
8.884754177262699226e-02 6.929726548558100274e-02 7.395023591448830758e-02 4.828361932999872264e-02 4.897713358561925356e-02 8.568734790590110117e-02 1.075183056328203948e-02 6.823539046102447547e-02 7.194897206013613211e-02 1.557559815681563986e-02 7.704183385687686514e-02 1.685416958384493638e-02 9.680445094065920353e-02 7.639902522890137937e-02 4.559330980047965332e-02 5.839666421669215124e-02 9.739037529851846120e-02 3.670263267501718690e-02 2.041064012308905357e-02 6.895211126444661387e-02 9.031524355919069713e-02 1.560024811392830661e-02 7.641644294168103979e-02 3.888124420523987601e-02 6.873285589001959517e-02 4.772367030474261584e-02 9.504926490987847254e-02 5.760415539182907330e-02 9.666222459857021221e-02 9.627991409191682948e-02 1.286757495974483190e-02 9.381044340810595905e-02 7.584058927755046864e-02 1.435327048224320848e-02 5.777975670406795827e-02 2.716720951219454838e-02 4.735230246529398453e-03
2.008884754177227094e+01 1.421143288921665615e+01 1.015958588240410876e+01 1.999891591038108984e+01 1.877902700763225496e+01 7.109927473866233250e-01 2.001069572452943746e+01 2.006823537254894418e+01 9.016220882059371888e+00 2.001557559815645959e+01 2.007704183385652286e+01 5.790356861480127293e+00 2.009680445094030432e+01 1.421853464895997732e+01 2.004559330980012533e+01 3.439013683130765386e+00 2.009739037529816486e+01 1.417883825640609174e+01 1.416254626385416415e+01 2.006874239730059628e+01 3.834985235925185254e+00 1.736926179761667521e+00 2.007572684592172507e+01 2.003888124420488381e+01 9.013004765889098380e+00 2.004772367030438573e+01 2.009504926490952315e+01 4.057604155391845602e+00 2.009666222459821583e+01 2.009627991409156067e+01 2.001286757495939028e+01 5.439035281656616760e+00 2.007584058927719539e+01 1.156135864859439621e+01 2.005777975670371305e+01 2.002687307110488035e+01 1.091363279873211134e+00
3.149486794250125854e+01 3.421143288921736314e+01 2.521193918324969019e+01 3.704901349513529141e+01 2.132637420763208880e+01 1.336603994476477153e+00 2.134069527890522266e+01 3.730047701484037503e+01 2.901622089550775385e+01 2.901622089734759058e+01 3.182058498951307968e+01 1.182058375303545361e+01 3.182058498951307968e+01 3.421853464896068431e+01 2.686933428333396634e+01 6.868985385980956870e+00 2.686933428333396634e+01 3.417883825640679873e+01 3.416254626385487114e+01 2.357656306096713905e+01 2.753267775342666113e+01 2.173698716054755309e+01 4.189483537701520710e+00 2.418944739077113226e+01 2.056001014968141050e+01 3.729727601334999321e+01 3.234190707514641616e+01 1.819973984482226825e+01 1.022973815387557650e+01 3.022974740404976757e+01 3.098609714126857995e+01 1.098603724390895664e+01 3.098609714126857995e+01 2.570349319637370655e+01 3.669742472345387796e+01 1.884754427892181639e+01 8.455034763342753834e+00
2.568117546953512331e+01 4.627494878609169149e+01 4.773906547760953600e+01 3.640173393076459973e+01 1.613335576792309922e+01 1.963135484153115229e+00 2.196426347774983867e+01 3.826370403776675033e+01 4.650798901571076982e+01 4.901622117623125519e+01 3.889165445061065185e+01 1.889165156490105346e+01 3.889165445061065185e+01 4.569906624163628805e+01 3.074802525718001789e+01 1.053785103487455288e+01 2.105839720965902728e+01 3.881535449465198440e+01 5.348293375176935172e+01 4.513537223245529617e+01 3.748380233965738029e+01 1.748389700336031183e+01 5.936891651023588956e+00 2.593685160997919326e+01 4.056001014968069995e+01 4.884428139714230355e+01 4.648407430547068486e+01 3.481806888132862099e+01 1.481805283128685247e+01 3.481806888132862099e+01 3.731076906191882614e+01 1.731059256424587289e+01 3.731076906191882614e+01 4.570332483430485837e+01 3.595896324703776514e+01 1.849657412887734154e+01 2.308617634653036177e+01
4.627494878609156359e+01 5.458335475445761631e+01 4.438103876011928151e+01 3.782049704484454367e+01 2.258179417315442450e+01 2.590900304727458803e+00 2.247949798301938884e+01 1.839465424951788108e+01 3.239492793282339278e+01 5.243222837776953327e+01 4.717596270482404464e+01 3.043865695252889481e+01 4.717594548969623958e+01 3.744078823321603977e+01 1.736400957511404286e+01 3.074802525718001789e+01 2.201436538945069188e+01 3.383332265571528552e+01 5.263074592469922663e+01 5.738659428512336547e+01 4.576699013756324064e+01 2.771858884393528299e+01 7.718633263773077680e+00 2.771858884393528299e+01 4.493123357102533788e+01 5.661500371755855099e+01 5.396048948467820594e+01 3.396019363786523115e+01 1.981805283128694128e+01 3.981813010219289595e+01 4.559824792211909283e+01 2.625486447638554210e+01 4.559824792211909283e+01 5.508039106418660680e+01 3.596647769800971162e+01 3.596647759793916777e+01 2.526555594306542218e+01
5.653028760849871759e+01 4.757979501357328189e+01 3.795491731894365728e+01 1.826318551021643088e+01 2.042261778608921574e+01 3.219594918189954136e+00 8.740328265170449029e+00 2.773277316440750084e+01 3.826371735647591521e+01 5.822774887423636159e+01 5.872299560769768334e+01 5.043866377111667987e+01 5.154571227773162434e+01 3.159812980080032929e+01 2.347186273076800234e+01 4.347174725422543418e+01 3.422412332351159137e+01 5.040417922559750252e+01 6.070257088720145333e+01 4.911074323781475925e+01 2.911230992254675698e+01 2.955302563313191300e+01 9.521976298874252009e+00 1.781805513376607308e+01 2.799572858658912011e+01 4.798290541799731557e+01 5.395860068316317637e+01 3.396017422910902894e+01 2.688912064319059780e+01 4.688902927439634283e+01 5.454636485497492515e+01 4.039701609762999368e+01 5.454757964956165495e+01 5.765615401742751089e+01 4.932593039064274620e+01 4.257805680698525208e+01 2.772621025968236808e+01
4.215971053729524698e+01 2.822634476214403065e+01 1.980291290759620537e+01 2.412170244639746741e+01 4.114917882515188197e+00 2.320830095409387184e+01 2.765323737736762411e+01 3.599840318829360086e+01 4.588192730263709507e+01 5.429398617945522432e+01 5.048331371449958738e+01 5.889319233439741197e+01 5.979516052141191551e+01 5.154568113232842563e+01 3.245523868471885010e+01 3.763914703158472008e+01 5.355122273679459255e+01 6.156676659997827983e+01 5.860383653046481101e+01 4.447107178906944824e+01 3.278209081198730246e+01 1.274626913035444353e+01 2.955272131484069220e+01 1.411145700624250132e+01 3.409082924841547424e+01 4.714986468882296577e+01 6.222586891030424994e+01 5.395835039518743770e+01 4.103126397344304621e+01 4.103126399531652169e+01 6.103187639117938801e+01 6.039945625651024130e+01 6.365500500390873384e+01 4.339234155043354946e+01 2.907189382666577160e+01 2.236722415843551559e+01 3.390510272413416715e+01
5.653028760897279170e+01 4.757979501365942099e+01 2.954325294827978254e+01 1.042448979770293960e+01 4.749918522975066892e+00 2.475055849843082356e+01 3.272857770510062636e+01 3.102641902306853794e+01 2.582935179034026518e+01 3.778634028578252924e+01 3.040763600180783399e+01 4.456439281116919915e+01 6.477285283393338489e+01 6.066352636553534694e+01 4.398101346229037034e+01 5.172449892156636508e+01 6.581596695354620863e+01 5.985792659270767047e+01 3.988053487717057521e+01 3.033830702635118115e+01 1.615675489913822815e+01 2.692379052452151811e+01 4.106065357325679344e+01 3.409082924841547424e+01 1.889261977059500452e+01 3.886434758392324085e+01 5.230728984880615684e+01 6.125593337995353238e+01 6.103187348812331692e+01 6.103187639117938801e+01 6.931898893487348801e+01 7.105826878300919702e+01 6.570511083259728480e+01 4.560404263285025195e+01 4.932593038522153250e+01 3.396380118008819693e+01 1.384866629640738367e+01
5.017337455595377804e+01 4.580143078359736819e+01 3.772185793012384636e+01 2.949374451247153317e+01 2.474023168502790782e+01 5.654812623669073446e+00 2.194411564076689203e+01 1.104944630832445007e+01 1.429445483114387905e+01 1.777624363754405934e+01 3.778634028578252924e+01 5.195043832288627073e+01 6.994913744187361715e+01 7.222685763028630390e+01 6.389114145060982963e+01 7.162387015887314590e+01 6.546021111157349992e+01 5.718386534226348772e+01 3.988053487717218815e+01 1.985397721961634687e+01 2.513726549462944249e+01 4.447107179080244777e+01 5.520106666999583211e+01 4.714986469152970017e+01 3.886518032882690932e+01 2.404821329778584982e+01 3.296597508607543148e+01 4.450586565426379337e+01 6.452628126373913631e+01 7.657711857034382774e+01 6.491699001939500135e+01 5.065872751624543469e+01 6.491507766950623193e+01 6.576383413215933160e+01 4.827822731468778272e+01 2.803457159909963536e+01 3.039079051350070770e+01
3.062134518047013287e+01 2.651081366536026707e+01 2.274911817417543247e+01 3.628460632850188006e+01 2.866296563839812706e+01 9.128627981058583529e+00 6.576854141801105058e+00 2.662604117730026942e+01 3.429836246553772838e+01 3.778634028578252924e+01 2.354298341542088124e+01 4.356618007373310775e+01 4.969725200711657465e+01 5.564992621699557418e+01 7.602580364768402887e+01 6.871545075709769890e+01 4.874215892678468265e+01 3.722518529996686709e+01 2.966810402821558412e+01 2.256668901145810935e+01 4.257899345829864757e+01 3.928804719595621719e+01 5.926070888664069969e+01 5.255081693138992449e+01 3.255023467966381645e+01 3.218768220730719776e+01 3.556710485673389144e+01 5.557287921560676125e+01 7.281177074209158206e+01 6.826685976183973992e+01 4.801575328526140396e+01 3.632947428459042527e+01 4.644458681399446931e+01 5.478041686001841981e+01 5.663689912252668535e+01 4.827822716212730825e+01 3.158062297706596411e+01
4.437218481308832452e+01 4.580143078359736819e+01 3.628634080482670754e+01 1.751181402710020052e+01 1.407012138541126411e+01 2.722107131018156068e+01 7.243892594459996559e+00 2.367629529032963731e+01 4.083221554842413781e+01 5.195043832274670592e+01 3.766908634616414275e+01 3.019214973678468894e+01 3.552237874288145747e+01 4.970093937301797382e+01 7.001205093903497811e+01 7.699396101772198620e+01 6.546021111157349992e+01 5.448503327509818916e+01 3.452579830946088890e+01 2.556855382005005950e+01 4.555899204268703073e+01 5.926070888664069969e+01 6.753691194844503798e+01 5.922394645080042608e+01 3.920455789238677369e+01 4.112032514038664033e+01 4.711155832071761296e+01 6.386065757938401077e+01 7.377128098952003654e+01 6.209248560353127289e+01 5.373766108715799561e+01 4.644451713288096073e+01 2.626349637982845309e+01 3.908820080745220338e+01 3.756279437059286863e+01 3.605103344000885812e+01 3.278807618738346008e+01
6.417868551107976316e+01 5.576166272337349028e+01 3.628633750433204597e+01 3.628207356350840485e+01 2.496626021707865917e+01 1.251554094945760909e+01 1.496892581075170803e+01 8.203919262050019867e+00 2.581397101069755706e+01 4.871734329587149404e+01 5.779723030347609836e+01 4.172883509463607510e+01 5.564992621726783284e+01 4.708130053994302955e+01 5.871324416144342706e+01 7.915958962580832292e+01 7.079361187009600087e+01 5.081976387618581015e+01 4.879801578592641675e+01 2.883133246715268783e+01 4.879801578592641675e+01 6.705318946294741522e+01 7.923869369028764709e+01 5.922394645079655362e+01 4.815487032284290336e+01 5.113002671117858000e+01 6.713125850747555035e+01 7.541582672706017831e+01 6.544925849363360726e+01 4.516419116828467395e+01 3.349408374495576624e+01 4.063031368495403939e+01 2.044985250482985961e+01 1.890993868182466286e+01 1.739381679520960233e+01 1.589967126039904599e+01 1.442850616305865508e+01
6.674999024331955866e+01 5.872128839117944921e+01 5.049216768290222745e+01 3.918205413091560274e+01 1.815728535034721247e+01 3.335363888560532786e+01 2.759592341692980000e+01 8.884317147518592250e+00 2.361847757367501188e+01 4.594158651842455754e+01 6.037845912549612848e+01 6.189612437921734056e+01 7.033598439991587270e+01 6.735488656801318541e+01 7.584873327902811013e+01 8.767047206876458176e+01 7.907147586156229124e+01 6.261793714877268968e+01 4.265669252941206935e+01 3.268773176248863166e+01 3.881963774119606825e+01 5.292497494084834386e+01 7.290296867355853294e+01 7.646320173050311553e+01 5.972006960025233724e+01 6.529103922202034482e+01 7.943474397422490085e+01 7.941650212167510858e+01 7.111208639213950278e+01 6.209248560353127289e+01 4.291705597622065227e+01 2.273393163500740854e+01 4.063176647918329110e+01 3.316736054733079442e+01 3.751763463138795629e+01 3.605103344011087785e+01 1.667709171492310460e+01
4.672342783533935773e+01 5.049216774015972931e+01 2.956449724513010224e+01 2.458439404025873998e+01 3.918205411812937911e+01 3.728351686864103698e+01 9.839641538716737301e+00 1.150193999697824765e+01 2.975120615385203848e+01 3.295548394977810602e+01 4.665580085108283015e+01 6.593364425143047924e+01 6.261516440926766336e+01 5.746497977007881275e+01 6.443182269206651824e+01 7.269683517018732744e+01 8.260420543739988375e+01 6.261793714877268258e+01 5.689020625257905550e+01 3.694237734194344824e+01 5.689020625257905550e+01 5.292497494084834386e+01 7.290296867355853294e+01 8.801425421372945834e+01 7.973415439297849616e+01 8.530031056598058115e+01 8.537831657367043192e+01 6.520282036682111482e+01 5.081528619098126853e+01 5.827526282211147191e+01 4.458185026131203443e+01 2.439728362233044834e+01 4.458185026131203443e+01 5.351683512695516498e+01 5.335511160406013431e+01 3.322027120781324072e+01 1.897467159190089347e+01
5.821063534101815407e+01 3.777518330732601726e+01 5.049216774151567222e+01 4.569347562279576636e+01 4.135539694721672532e+01 3.055180745524786445e+01 1.050363511245038239e+01 2.947861277625974097e+01 1.923741826110764563e+01 3.306459795295381099e+01 5.284071110242589242e+01 5.521625339684517542e+01 4.303948589770054411e+01 3.802927730009690066e+01 4.472661519767061833e+01 5.601484756621177752e+01 7.592962453700563685e+01 7.320268855271851294e+01 5.322405951595663254e+01 4.192032807998282351e+01 6.188016564344447090e+01 7.290296867355853294e+01 8.118140398504645816e+01 9.259314219444212313e+01 8.097505296922055607e+01 7.267602490127296733e+01 7.529354204595298938e+01 7.261821308298537758e+01 5.233421858882392996e+01 3.799239558338469180e+01 4.626420659437793859e+01 2.607597481516814852e+01 3.769761668523705112e+01 5.796085510946414132e+01 5.346056581729276047e+01 3.322410134504534795e+01 3.915015601695048986e+01
5.963012346235568373e+01 5.821063534182524535e+01 5.949255187784245180e+01 4.471074860637631332e+01 3.307546539901505867e+01 1.086507837425905620e+01 1.117740008125207751e+01 3.121930291867362328e+01 3.885298653282406178e+01 4.707242183200271057e+01 4.967221636261157158e+01 3.591580660829706773e+01 2.971230228059803835e+01 4.877306938741079279e+01 6.443182269206651824e+01 7.269683517018732744e+01 8.420570419601727963e+01 8.148128565828484682e+01 7.015888780694197635e+01 5.083473037142755402e+01 5.188886684258330462e+01 6.342116426823815800e+01 8.341478915441808795e+01 8.434362088879895225e+01 6.413475185465330242e+01 5.233849732939533084e+01 5.498629133514038614e+01 5.805823706947850127e+01 5.526998961201133653e+01 4.871382749493051989e+01 2.851373890820834944e+01 4.626420693874703005e+01 4.626345539415952146e+01 6.628371085411733077e+01 6.182122772986644321e+01 5.346372894905089623e+01 4.516128142666357093e+01
3.966009416884001126e+01 5.069913517195796970e+01 4.514857797329505473e+01 3.061230513699656441e+01 1.645360818932966396e+01 3.307546530799551476e+01 3.122711434085757887e+01 1.217101655790604653e+01 3.225328166433684629e+01 4.077927303228591427e+01 3.845129813228350457e+01 2.260595203839872980e+01 4.156877659273271064e+01 5.094444890176320939e+01 5.743594572440324697e+01 6.490536000847473019e+01 7.317601536960965802e+01 8.469663109541973256e+01 7.909583322868509470e+01 6.236593247677797081e+01 6.342116426823815800e+01 8.015109406835277639e+01 9.169303831694831786e+01 8.356776228664591599e+01 7.366994533449492621e+01 6.093414790504576928e+01 4.059838740464316942e+01 3.775948917309455055e+01 3.500619496051788815e+01 3.230401149585677700e+01 3.092935531089503698e+01 4.256592402904246342e+01 6.287097411835456029e+01 7.481498822590353370e+01 6.407263911782700916e+01 5.029757586251064083e+01 3.007596444697016125e+01
