LEM/with_lateral_4open/elevation_000122.asc
nrows	100
cellsize	150.0
xllcorner	0
ncols	100
yllcorner	0
NODATA_value	-9999
[rows 17 to 33 of 100, columns 0 to 36 of 100]
5.222468517465790605e-02 2.005222468517430201e+01 3.076376393740645909e+01 2.556590324336358933e+01 4.556590278453390397e+01 3.672231423147549378e+01 3.891010602533625473e+01 5.536752634265041451e+01 4.122510035931787087e+01 4.607580625096230875e+01 4.607580348882118670e+01 6.607515181393081605e+01 7.843326187807110728e+01 8.819898749301771090e+01 7.991810141022088487e+01 6.699128172555467131e+01 6.699128172574467044e+01 8.698818707850222154e+01 7.948372806871518037e+01 7.119686032668572295e+01 7.019822909701868241e+01 5.020278094985233253e+01 6.077228444520185491e+01 5.542736218207448928e+01 5.057704631846056742e+01 4.968170858802893264e+01 4.141199526535810804e+01 2.342885247538414717e+01 4.342131760292358678e+01 5.415983980989619795e+01 6.155468884688036724e+01 6.985021496759188153e+01 7.041842669924432130e+01 7.870252037706232784e+01 8.791939679824561438e+01 8.679493189562901989e+01 6.660047683719942313e+01
7.333276091007127906e-02 2.007333276090971452e+01 3.651272997944109022e+01 4.556590278453390397e+01 5.385016565890706630e+01 5.672225674472655754e+01 5.890985241016944229e+01 6.719143446420378041e+01 6.122657052592754212e+01 6.607564231473973848e+01 6.607515181393081605e+01 7.435336381118243310e+01 7.838711932684525152e+01 7.008825216945396619e+01 7.838711932684525152e+01 8.698818699504428764e+01 8.698818707850222154e+01 9.527177646187348614e+01 9.587706164957340604e+01 7.588593995312810137e+01 6.174818504549956089e+01 7.019822909701868241e+01 7.586611322468738194e+01 6.172483887745288911e+01 5.344113323691222206e+01 4.701224625920212219e+01 2.701880163063506046e+01 4.342131750055187212e+01 2.588975129007608444e+01 4.587645002664486782e+01 5.829166423928805330e+01 6.470422892461567699e+01 7.252798636019593914e+01 8.189861891630374657e+01 9.623734105059085664e+01 7.606269349929847579e+01 6.176650244898917919e+01
6.343274376862209629e-02 8.228398553045954245e+00 1.977540393688025944e+01 3.977540801823931105e+01 5.774624076631944547e+01 6.381729338873776669e+01 6.109069625181229668e+01 5.524139481983458921e+01 6.107373435979106091e+01 6.312341250011485982e+01 5.737369262508126866e+01 6.099658518449643907e+01 6.840230125554823815e+01 5.014536611897869278e+01 6.840230125554823815e+01 8.253557784458362789e+01 8.154900362481073728e+01 8.985507581430620405e+01 1.017275473320165133e+02 8.174120393449133815e+01 8.174120393449133815e+01 7.999137977599036731e+01 6.585068151874888542e+01 4.758356454026069571e+01 3.344145139100386643e+01 3.069711084866981565e+01 4.701224463956754107e+01 4.825962172502392633e+01 2.764906386171608332e+01 3.318883102449197509e+01 3.903301950396244280e+01 4.572996127380466191e+01 5.539446761857856671e+01 7.401399023065681604e+01 8.960289148540623216e+01 6.941268560275840116e+01 5.773294790954384581e+01
3.497053469895897854e-02 2.003497053469860489e+01 3.651271605577221635e+01 4.805983748211031070e+01 3.676572353595135922e+01 4.291077475992499046e+01 4.122155476891371961e+01 3.541434687752076371e+01 4.121938481830432721e+01 4.334770308599786404e+01 3.755555512466590784e+01 4.115285225670429980e+01 5.076492132048903017e+01 4.027843964094702756e+01 5.426902466651293366e+01 6.739204709663582094e+01 6.152804370073952356e+01 8.154900362481073728e+01 9.296089742706256231e+01 8.296246942404933122e+01 7.467870354807509159e+01 6.801408965149502706e+01 5.170998326149791779e+01 3.756533251679429242e+01 5.344113323691866668e+01 4.069409569349009104e+01 5.897766387359618534e+01 4.970809847867471376e+01 2.951982028323392981e+01 4.942976149949340936e+01 5.510764586278314425e+01 6.389321754326366687e+01 7.252798636019593914e+01 8.189861891630374657e+01 9.793198342462081030e+01 8.628902884361578174e+01 7.725880316363819134e+01
9.635555453094322986e-02 1.423849117594208380e+01 3.423848507107426542e+01 3.641946742981690477e+01 2.211595759831473273e+01 3.090707953755828186e+01 3.146080218051867305e+01 2.142532263172312668e+01 3.615990217648266025e+01 3.860973033671412935e+01 2.359593112298835749e+01 2.722057548995886833e+01 3.101987959545735407e+01 3.608683740014989638e+01 4.152329509763962534e+01 4.745777924769967626e+01 5.893279205410659216e+01 7.894760438182252926e+01 8.467633463763215218e+01 6.468107245851801679e+01 5.468486185833464219e+01 4.801688755454492963e+01 4.198361538440200746e+01 5.756720435628961496e+01 6.585068151875081810e+01 5.483666256617036794e+01 6.897735712350865356e+01 5.163917513895163580e+01 3.141539186383270987e+01 5.163916427726854863e+01 4.374645225347394017e+01 6.381290863717615736e+01 8.277251957606655708e+01 9.274559110350115532e+01 9.102918027402596124e+01 8.267885065157324220e+01 8.094998378098233616e+01
8.845047570523793812e-02 2.008845008185928194e+01 2.314367051462103930e+01 1.833960010094599369e+01 2.626823017680946037e+01 9.330455150995085489e+00 1.159498759636000820e+01 1.388906434505577181e+01 1.633212859137046280e+01 1.883103763576898970e+01 2.282114868025143295e+01 4.259094596172172231e+01 5.076492132048903017e+01 5.587392549585489832e+01 6.138163888910803223e+01 6.739204706606889772e+01 7.569155975752286736e+01 8.725339921644696517e+01 9.296089742706256231e+01 8.296246942404933122e+01 7.467870354807509159e+01 6.569838924849062778e+01 4.569959487623992800e+01 5.724761693155264197e+01 7.724235891345061589e+01 7.483430229960190161e+01 7.513881812316974163e+01 5.750400499381394326e+01 3.718763587247362778e+01 3.429886777605326387e+01 5.458783771951258501e+01 5.449179943616143618e+01 6.453750521669958573e+01 8.449575831194800912e+01 8.267885065157324220e+01 6.244888281922114714e+01 6.072896733324014207e+01
8.023991185656004221e-02 1.609678137660306652e+00 3.143608115355050803e+00 4.691254580423330545e+00 6.262602983061039019e+00 8.619625498379184236e+00 2.849333310915107731e+01 3.373652953821755318e+01 3.615990217648266025e+01 3.283643757915365313e+01 4.259094596123546950e+01 2.879457317039548414e+01 3.387751720095482710e+01 3.912095095836455982e+01 5.895222894923486479e+01 7.411808537533481456e+01 8.244597318022911736e+01 9.248544331322041501e+01 9.475177840158015385e+01 7.475170669584817063e+01 6.061604130907943500e+01 5.354649043699547661e+01 5.173235367124233619e+01 7.172700281933825295e+01 8.552626869409743904e+01 8.699087901794545985e+01 6.666132512006223010e+01 4.618493482050450893e+01 5.679248903344927868e+01 3.646673558326803999e+01 5.679248969765855293e+01 6.898988383789962597e+01 8.277247819831005415e+01 9.274558263340256303e+01 8.267885065157325641e+01 6.244888281922114714e+01 4.814697493399643946e+01
4.598823041778624804e-02 2.004598823041743216e+01 2.314367056362579689e+01 1.882631008553634544e+01 1.780968228816866983e+01 2.835570701077002909e+01 1.202460977204134984e+01 3.173420036043889070e+01 4.340683735526937426e+01 5.264075036950610809e+01 5.681261354979688605e+01 4.272737782730461475e+01 4.489738103854052298e+01 5.895222899606638833e+01 4.751836429037422249e+01 5.411961909885499722e+01 6.408953367098874310e+01 8.414663716446113995e+01 9.325837464504196817e+01 7.325889336905464688e+01 6.987117497766536189e+01 7.354080441121861611e+01 5.839845201981209755e+01 7.839127826507345276e+01 9.041594825514157208e+01 6.986073490260915264e+01 5.795938946073071207e+01 6.666132511248410708e+01 6.124691955437962321e+01 4.083407874596111498e+01 4.008951921576855426e+01 6.048569822390188477e+01 7.946047661493115299e+01 8.977070967607845375e+01 8.408720681308486178e+01 6.385922932992829715e+01 5.217889849672699398e+01
7.340434288523949025e-02 2.007340434288488495e+01 3.433947130220547450e+01 3.868448501606894041e+01 3.194153632778373719e+01 3.988536352890234582e+01 3.187160775315206251e+01 1.553241161370367784e+01 2.956430550120568412e+01 4.930902863816503867e+01 6.339542720304815049e+01 6.259449746142838933e+01 6.478224980775617325e+01 7.308912659593309513e+01 6.745192996950592601e+01 7.411808541772499836e+01 8.244597318022911736e+01 9.248544331322041501e+01 1.015429307841729951e+02 8.739902415587832252e+01 8.401011074425808545e+01 8.667542848124335819e+01 6.733774131211922054e+01 8.667542848124335819e+01 9.880893030159556645e+01 8.699087901794545985e+01 7.326756154957409706e+01 5.260096788513794763e+01 4.753879164008749569e+01 6.124691956670105242e+01 4.271878451080820582e+01 5.034483322026296293e+01 6.060899478756923742e+01 8.132088952612949129e+01 9.243599576377191340e+01 8.076957972017012821e+01 7.240857856802269055e+01
3.515918393995972474e-02 6.065386061472272772e+00 2.020718022816677717e+01 4.020061291435456496e+01 5.189537122769412036e+01 5.183574393346344777e+01 3.210085423962824791e+01 1.809230511998428881e+01 3.788109616244195621e+01 4.500088559721616122e+01 4.305935475684421476e+01 6.176100288468222033e+01 5.964722943198137273e+01 6.416728733918151306e+01 6.927750534324296439e+01 7.557518857161583981e+01 8.265679409267259814e+01 9.096726226192076581e+01 1.025607818669833904e+02 1.074040980626785284e+02 1.040128687975361288e+02 9.561864742554247698e+01 8.147484181210384691e+01 9.561864629086538514e+01 9.952667214056688749e+01 8.140062772303102179e+01 6.066517505507383134e+01 7.326756154957409706e+01 6.810093828633530677e+01 6.607319606171276405e+01 4.555378779289890900e+01 6.607319606119234834e+01 7.946043347551103864e+01 8.977070704811977464e+01 9.119696679211548940e+01 8.276657159314659395e+01 7.476139568111621259e+01
4.608085242692564615e-02 2.004608085242657012e+01 1.675572836209835970e+01 3.089212310695030084e+01 5.079906700500597339e+01 5.183595035600055922e+01 3.210085472600694345e+01 3.788103666687842974e+01 2.200854034945944093e+01 2.528446291197722573e+01 4.047238926520857660e+01 5.265589311918458293e+01 3.999986657818877944e+01 4.446481170274410033e+01 4.948571611802389469e+01 5.566016558771506340e+01 6.262698895016330880e+01 7.416257451189343897e+01 9.426011382534017002e+01 9.746464365117333273e+01 9.470639856774924681e+01 1.029779387985207393e+02 1.014785013741267079e+02 1.055678913069583018e+02 8.516095228443182918e+01 7.048176882135608423e+01 8.140041787706401522e+01 8.984600655700994309e+01 8.274641350026392672e+01 6.907715221212494328e+01 4.848336761875106049e+01 6.031938509280504235e+01 7.501132330739447696e+01 9.559616747365507194e+01 8.270909850625042736e+01 6.206141242908884692e+01 6.631574095839398808e+01
1.610643649003322755e-02 2.001610643648967880e+01 3.674078347984896453e+01 3.307910149394135857e+01 5.303339991747860438e+01 6.006740120513099868e+01 5.183594770914577055e+01 3.812997559940593817e+01 3.597424359339652256e+01 3.133169619711229359e+01 3.031435625109511989e+01 3.397097112521772289e+01 5.358390858280483116e+01 5.833242778645503535e+01 6.927750534324296439e+01 6.927750534324297860e+01 8.265679409267259814e+01 9.096726226192052422e+01 9.239155035816486361e+01 7.924823000550101426e+01 7.515744037622901885e+01 8.747797479006781884e+01 9.570342722435961491e+01 1.114676798946876204e+02 9.113776298896604544e+01 8.516094000142012987e+01 9.952294111088637862e+01 8.354136877089915458e+01 6.277697931178133928e+01 5.354289699558665205e+01 6.907715221212494328e+01 5.811731355410444877e+01 7.281174432311932776e+01 9.343682944202582519e+01 8.150066644095872448e+01 6.182080623543656372e+01 4.793819266517554922e+01
2.022278438842990689e-02 2.002022278438807490e+01 2.824493388220900059e+01 4.829777655870608299e+01 6.126717300506904706e+01 6.359968254472478577e+01 6.611815142776983123e+01 5.787565547317554149e+01 5.570544152723022790e+01 3.826632283716205762e+01 5.091327401811433617e+01 5.358395303536652676e+01 4.779582657083659569e+01 6.755767338474983319e+01 8.655518641182834472e+01 8.929357456158903972e+01 9.063485700634386433e+01 8.101027165435182553e+01 7.436911399054106653e+01 6.689423300188414601e+01 6.396112403253411571e+01 6.797949196567471120e+01 8.747797551219200329e+01 9.245362985978287895e+01 1.007200391931069987e+02 1.055661449645759404e+02 1.002949535394467944e+02 7.977613433458631675e+01 7.841206534286537533e+01 5.762793199003718314e+01 7.841206534286537533e+01 7.281174432311932776e+01 7.281193978420689916e+01 9.344664368679399047e+01 8.257166436754320671e+01 6.205136861636810153e+01 6.803539270795964455e+01
6.642187732006160639e-02 8.231397813537631336e+00 2.237634095039731008e+01 4.241297053023574648e+01 5.773944022841992307e+01 4.360311606839290022e+01 5.773944022841992307e+01 6.928315861410317211e+01 6.590787278155882234e+01 5.203312018125706828e+01 5.203312018125706828e+01 7.158893049730849611e+01 6.755767901051717672e+01 7.583714606183667684e+01 9.173594604270603270e+01 8.369215878711941059e+01 8.274684467180738068e+01 6.471241070166554721e+01 5.402502545658701649e+01 6.280421641968742819e+01 5.414585684816984212e+01 7.369046373821139184e+01 8.012682587295473979e+01 7.296371527005430835e+01 8.666533469933607137e+01 1.064284845996097317e+02 1.086569148290295885e+02 9.301310843851580046e+01 7.236411526785289539e+01 6.250546836452601696e+01 8.331751078476249006e+01 9.343682944222778985e+01 9.344664368679399047e+01 1.018552624536849152e+02 9.083426612432693048e+01 8.257825285263099602e+01 7.197072783522634154e+01
1.591255364720534082e-02 1.997993850230471580e+01 3.642206015009394804e+01 3.508655402421434388e+01 3.945374312893362401e+01 2.944750762327945992e+01 4.100693883479424073e+01 6.100704295380823794e+01 7.007789166830202987e+01 7.158893049730849611e+01 7.158893049730849611e+01 7.978262538186078245e+01 8.212924138356861192e+01 9.037726368188374693e+01 8.070861494511352419e+01 6.472461162887928765e+01 7.498371187127270332e+01 6.606423368935553242e+01 5.828100856981915001e+01 4.523481042761216031e+01 5.009441446624754235e+01 5.524036218480065941e+01 6.071400820757368422e+01 7.040678176506959574e+01 8.407607424196974932e+01 1.038103265978727450e+02 1.133360443528927419e+02 9.301310843851581467e+01 8.987577851450222965e+01 6.913671498334311138e+01 7.460280917076403284e+01 8.661090158106271986e+01 1.069850136816720862e+02 1.027736355510009076e+02 8.258486608066887413e+01 7.091069379160070696e+01 6.186121058859267663e+01
6.189296070378335485e-02 2.006189296070342820e+01 2.905419094014520809e+01 1.507585301095164709e+01 1.944076800852727516e+01 2.576807392555027931e+01 3.284605515015618948e+01 4.180279850862646640e+01 5.595149459531113934e+01 7.592888151794971918e+01 7.537733110298118788e+01 7.320790575100937758e+01 6.219890926985872426e+01 7.887349866508971274e+01 7.274124032944256157e+01 5.355346284471684726e+01 6.162817835749429207e+01 4.757720076871601833e+01 4.068870603005597530e+01 6.042840047216191124e+01 6.970673155568862001e+01 7.474237004557831199e+01 8.012682587295473979e+01 8.831105105339733541e+01 9.812734459149815791e+01 1.040652007721968033e+02 1.123526335853468652e+02 1.043210121271344946e+02 8.389236684050220560e+01 7.962312243545773072e+01 9.522201457588558071e+01 1.035958514934444139e+02 1.153137335943337831e+02 1.110834413623627484e+02 9.944894672295548332e+01 9.042435875244974852e+01 8.208082117787138543e+01
2.247884206357958492e-02 2.002247884206322581e+01 9.177888851581114338e+00 2.918646713894847267e+01 3.945374312893362401e+01 4.578302703889993808e+01 5.285849190903508799e+01 6.113652212449982670e+01 7.007789166830202987e+01 6.952884190417398713e+01 5.541102050423366876e+01 5.325621545417672564e+01 5.066485393278307470e+01 7.062245877267952210e+01 7.302888590915559064e+01 5.357439495064503632e+01 4.210241264485201640e+01 3.630618891866168951e+01 5.275540281424314770e+01 5.898480191573010245e+01 6.628948463902518995e+01 9.063278712324536457e+01 8.559885609236368964e+01 9.375329105166143506e+01 1.008368148605815691e+02 8.411382120727215295e+01 1.008368148605815691e+02 1.126576592657660285e+02 1.043210121271344946e+02 1.001284345935466860e+02 1.001284345935466860e+02 1.203252470230107889e+02 1.170474194643055341e+02 9.687615522043114424e+01 9.619346374701389379e+01 8.784295484191643766e+01 8.069688476959443335e+01
