LEM/with_lateral_4open/elevation_000355.asc
nrows	100
cellsize	150.0
xllcorner	0
ncols	100
yllcorner	0
NODATA_value	-9999
[rows 17 to 33 of 100, columns 0 to 36 of 100]
5.222468517465790605e-02 1.419436030890573264e+01 3.419436030890643963e+01 4.518882401612606969e+01 5.347309526358827014e+01 6.282129913044852287e+01 6.477671040748246867e+01 6.236081581539440322e+01 4.731231050425229512e+01 4.731231050425229512e+01 4.027949298154727842e+01 2.442122065547962961e+01 4.402343440788241935e+01 3.420266943972254836e+01 3.826692372797256780e+01 4.609134297708344263e+01 5.458797817383202755e+01 6.479925308521161753e+01 8.488315661587543559e+01 7.557839002427708408e+01 5.542739801267693167e+01 4.383213282671527367e+01 3.749790938045322264e+01 5.364508119995214486e+01 5.476584357205643983e+01 3.533144580018937830e+01 5.477619866127083981e+01 6.299425518723383988e+01 4.953499962118911526e+01 2.952014178299062053e+01 4.366255074868922748e+01 6.371253059149925235e+01 7.120969158899241336e+01 9.141034955531966943e+01 8.195986300736191765e+01 7.047060328104343796e+01 5.637572969534304690e+01
7.333276091007127906e-02 2.007333276090971452e+01 2.822848897678209212e+01 4.822908005525858499e+01 5.740418972938859810e+01 4.402238129335231775e+01 4.317082205721761312e+01 3.852009582825827749e+01 4.135567341779966455e+01 2.731799570554963097e+01 2.028680988212994762e+01 2.330108246459727539e+01 4.329337957217229871e+01 5.454354801016246057e+01 5.883157401506650785e+01 5.021603117532417571e+01 6.208392555436064697e+01 8.223465138318813672e+01 9.316679345671829537e+01 8.395773095378578432e+01 7.231027130421320237e+01 6.277623500307022653e+01 4.266761732047288547e+01 4.305188317697794531e+01 6.316121971399725510e+01 4.690279609676912287e+01 6.384780204804028614e+01 6.652852710559760396e+01 4.634336919505046382e+01 3.219018015130407662e+01 4.113238373827635286e+01 5.114118303555736844e+01 7.120969158899241336e+01 8.611736397260148124e+01 7.361819720975772441e+01 5.381703915558466633e+01 4.282257959940358205e+01
6.343274376862209629e-02 8.228398553882724897e+00 2.237054008790399351e+01 4.237082863199990612e+01 4.832300879896659751e+01 3.050478000667202139e+01 4.093584754628268030e+01 2.172723605851555817e+01 3.453486535775564192e+01 1.732207158653690371e+01 3.731561448520275093e+01 4.329337957217229871e+01 2.771529670408757440e+01 4.770918836544063169e+01 6.057881259962213250e+01 7.060062440154823094e+01 7.891302784995914976e+01 9.052339099974234671e+01 9.539639930917168442e+01 7.515150911400174039e+01 6.091003904641220856e+01 5.086239380202461291e+01 6.277623500307022653e+01 4.714639222437044452e+01 6.725781456533574953e+01 6.712971360973669732e+01 7.570136139078269366e+01 7.045501324507732477e+01 5.559762689281610193e+01 3.556641115370830164e+01 4.003176996345297312e+01 4.606685551236266463e+01 5.762543593603288627e+01 7.771973802426603584e+01 7.512302759341528713e+01 5.530321157481829886e+01 4.179145990997101734e+01
3.497053469895897854e-02 2.003497053469860489e+01 3.651224842193197873e+01 3.874970115151696604e+01 4.036120315407982417e+01 2.063946169884228965e+01 2.997322007492439511e+01 1.261067548847972120e+01 1.453517607676456791e+01 3.453486535775564192e+01 2.996610678161961516e+01 4.996234762901697479e+01 4.770918836546933761e+01 3.229936865927757594e+01 5.229679798304368887e+01 6.557746534831257179e+01 7.971598261927802298e+01 8.323935717436883408e+01 9.150586686653674917e+01 8.946667910922096212e+01 7.861474719872933292e+01 5.845629809644498209e+01 7.156031156643454949e+01 5.142862574245452123e+01 6.564711373291962104e+01 8.583603397310163530e+01 7.627537530218933171e+01 5.621504759630632719e+01 4.205565245658264217e+01 4.091035901923348206e+01 6.007255314436298477e+01 6.611828730444685220e+01 5.762543593603288627e+01 7.771973802426603584e+01 7.098140858353275462e+01 5.123519398605843378e+01 6.110830128479560130e+01
9.635555453094322986e-02 2.009635555453058942e+01 2.309080521474131231e+01 1.875781784780539851e+01 2.613947945271584317e+01 2.771223760046175144e+01 9.973153592905040554e+00 2.995642750504827490e+01 3.453222787886017642e+01 4.282015244830063239e+01 4.996234762901697479e+01 4.996234762901697479e+01 6.057881262438279890e+01 4.643852173804576466e+01 3.729557526402052048e+01 5.143894807734729824e+01 6.910241893248134204e+01 6.324670738226068778e+01 8.323935717436883408e+01 9.630404065986799367e+01 8.699864537066767411e+01 6.850968586996094700e+01 7.630779250695249516e+01 5.616524672841417498e+01 7.038803528580645263e+01 9.059935067607452197e+01 7.851636029901789016e+01 5.841102545596080375e+01 4.783770712371201483e+01 4.724405725790739297e+01 5.726582807516240337e+01 7.736803027239449193e+01 6.918800551714184621e+01 8.611736397256821363e+01 7.931260891894801546e+01 6.100389424939422867e+01 7.931260891860648599e+01
8.845047570523793812e-02 1.587513853696959298e+00 3.090805909702613707e+00 4.615791613028654261e+00 6.158825112649567224e+00 7.715823000972619639e+00 2.771585276536043807e+01 1.497315359290796266e+01 3.497297503372040239e+01 4.022541011318621429e+01 6.022486012331246030e+01 6.996204516967061693e+01 7.471910351071981893e+01 6.557746534818397777e+01 4.884309799971619270e+01 4.306765508571250223e+01 4.909935432720660486e+01 5.804793036913299176e+01 6.805126102918382003e+01 8.804011505952355776e+01 8.871980852749766200e+01 8.871980852749764779e+01 8.169583386103366252e+01 6.153476428609428694e+01 7.576748782842753371e+01 9.600812725331088870e+01 8.690740652698649171e+01 7.393639276780447744e+01 5.387821420164991792e+01 5.481473005161372214e+01 6.729537085666919438e+01 8.575878516099075455e+01 8.937430136729116725e+01 9.779689364128695672e+01 8.932597747039915248e+01 8.095892291767125926e+01 8.932597747039915248e+01
8.023991185656004221e-02 2.008023987267398169e+01 1.463781129031799111e+01 2.461579273585499195e+01 2.615750151618909314e+01 1.771582224159294583e+01 3.598982747873294130e+01 3.497294280871778938e+01 2.022541090742648251e+01 4.022541011318621429e+01 5.468317843366332909e+01 6.362807892315162661e+01 7.517640369696343328e+01 7.712247105210455800e+01 6.884526325950631076e+01 5.307097182644508138e+01 5.307097565454489541e+01 6.462212407105002399e+01 8.461307934581935797e+01 9.630404065986799367e+01 1.090052033099113515e+02 9.600812725539195469e+01 7.576748782842760477e+01 7.576735311811700058e+01 7.576748782842763319e+01 9.600812725567401174e+01 8.819173255519309862e+01 6.803163769163123220e+01 6.282223225407489764e+01 6.375801210156525656e+01 8.326062669191695420e+01 9.586113914609683206e+01 9.643851029582448575e+01 8.812013766207991239e+01 9.071790111702709680e+01 9.904098896990191747e+01 8.585162452072567874e+01
4.598823041778624804e-02 2.004598823041743216e+01 3.463780959916394409e+01 4.292204418162348389e+01 4.596516804961524372e+01 3.771298520732730708e+01 4.598414715030854438e+01 4.850844762601283122e+01 3.177242244301145035e+01 2.639754491486570132e+01 3.534181917904255243e+01 4.688890055451311412e+01 6.689050723119456165e+01 7.749343142824292840e+01 8.132221896096841363e+01 6.721613422006632277e+01 6.462212440803301661e+01 8.134454377845277406e+01 9.287423714531652763e+01 8.842068055355306910e+01 9.677955076774817655e+01 1.043762015469325206e+02 9.600812725539195469e+01 9.599339090155926613e+01 9.600812725575731577e+01 1.043762016980264917e+02 9.660747140285272394e+01 8.819173255519309862e+01 7.282258430558455586e+01 7.531924525886434196e+01 9.227406048180195342e+01 9.488845532981093811e+01 8.488526921520137591e+01 6.813896477312067645e+01 7.072954946044259827e+01 9.071790111702709680e+01 7.762039854160160246e+01
7.340434288523949025e-02 1.421553996661631558e+01 3.421553996661749153e+01 4.548512619229320109e+01 4.985170467304455855e+01 4.985170461942642106e+01 5.813294892583930107e+01 6.005539383545626464e+01 5.177240600853843233e+01 3.794456978161325367e+01 3.492557527308302667e+01 4.159224738670661026e+01 4.915156799921998498e+01 6.329702853149048991e+01 8.337240301789104535e+01 8.717656425439174939e+01 8.461389302131577494e+01 9.288347138710562945e+01 8.523669527439749061e+01 6.850544463435747389e+01 8.210807903235570393e+01 9.044038000409278766e+01 9.940053064291222995e+01 9.098472017582739113e+01 9.220196618957579915e+01 9.220214995185702378e+01 1.005754779382163377e+02 1.014622273367202610e+02 8.707073194327450949e+01 9.555760830375723458e+01 1.039645666832286679e+02 8.657282503210868185e+01 6.659517921851549715e+01 5.662828898250108267e+01 6.904145151892710430e+01 7.733327393493840418e+01 7.225352311412194695e+01
3.515918393995972474e-02 2.003515918393960504e+01 2.744232334549850449e+01 2.552864536481936142e+01 2.990680564255183427e+01 2.990680564254754970e+01 4.985170461942642106e+01 6.292953725945986321e+01 6.623111011991797170e+01 5.794551679439161518e+01 5.492769985030322033e+01 6.159660369856889162e+01 6.916399521094052716e+01 6.916579862159979086e+01 8.923093957565217238e+01 8.586478619077168162e+01 7.754896127720489574e+01 8.586478619077168162e+01 7.635194501021319979e+01 5.714064799779211512e+01 6.226351001633361193e+01 8.210807903235570393e+01 8.773949488105091632e+01 7.093944735848590710e+01 7.215179670178254412e+01 7.215180046371358458e+01 9.220214995185702378e+01 1.040054660311944872e+02 1.074281809089463309e+02 1.034126617659667318e+02 9.531387950137741427e+01 9.488844508620945817e+01 8.488525302631759928e+01 6.904145151892710430e+01 4.912316801935508437e+01 6.240202368643917197e+01 5.233667389334929254e+01
4.608085242692564615e-02 3.756713400518049362e+00 7.522684999208626877e+00 1.149053870068788008e+01 1.590347002766565510e+01 2.473485734856319240e+01 3.467124601916094662e+01 4.878982941507028670e+01 6.878512324276755407e+01 7.208594330214091883e+01 6.430382039950156070e+01 6.213833062805957752e+01 7.021580746514044336e+01 7.845779656074826391e+01 8.110037022948590391e+01 7.280431411092057203e+01 5.773861998778824756e+01 6.911152942836191926e+01 6.085835852047806327e+01 4.830993604208268977e+01 6.226351001633361193e+01 8.210807903235570393e+01 7.878913604556390737e+01 5.945842189666301891e+01 5.808316069617998068e+01 6.558653522796269897e+01 7.554151562970591272e+01 9.562244311467057400e+01 1.018884866091574963e+02 9.203464882495467236e+01 7.555539590202617717e+01 8.903182035007606032e+01 8.448705413200522685e+01 7.650604577747496648e+01 5.655994645232233609e+01 4.255293598680432154e+01 3.838857203090567793e+01
1.610643649003322755e-02 2.001610643648967880e+01 2.744232334549850449e+01 2.552864536478778135e+01 2.990680564254754970e+01 2.698776923299057628e+01 3.755804098154149528e+01 5.090407534245731114e+01 7.059451285804502163e+01 6.135831847329168909e+01 4.580873663295375309e+01 4.284727405536682454e+01 5.100063392302879350e+01 6.751026270899038195e+01 7.280431411092057203e+01 5.299331171398618778e+01 4.785912677705243823e+01 6.085835852047806327e+01 4.105284972015590483e+01 6.085835852047806327e+01 6.807584971140201446e+01 8.798790123657984452e+01 7.048741354398151771e+01 5.057935494514499908e+01 7.048741354398151771e+01 8.558197937218822915e+01 9.394193985706938577e+01 1.040054660311944872e+02 9.379387061757303456e+01 7.401762453746940196e+01 6.404623170793794884e+01 6.922204771046550320e+01 6.464928833396790253e+01 6.621860011948810154e+01 6.216297671475128794e+01 5.827526449368515671e+01 5.268099980394451620e+01
2.022278438842990689e-02 1.416235840811950553e+01 3.416235840812021252e+01 4.548512599275672130e+01 4.985170461942631448e+01 4.653653688499977648e+01 5.478289555095492602e+01 6.408232127305245740e+01 5.756487919247899754e+01 5.358050003785253068e+01 3.536382673251674902e+01 3.234537212033035303e+01 3.996603670098804173e+01 5.926771090506570516e+01 7.280431215249345200e+01 5.299331170872399355e+01 3.897151505974936470e+01 5.070258491372811704e+01 3.659036151507554990e+01 5.062912476715791854e+01 7.043356877637732794e+01 7.968965896367627977e+01 6.633616015945246147e+01 4.643022700193555607e+01 6.048795456496713996e+01 8.045497742120531370e+01 8.585191628589147683e+01 9.420383252028334198e+01 1.018884866091574963e+02 9.203464882495467236e+01 7.502419578284367674e+01 5.512785928876706265e+01 5.056752054396162066e+01 4.635027906069446857e+01 4.233954324598305163e+01 3.851311948929431850e+01 3.620719870681077879e+01
6.642187732006160639e-02 2.006642187731970495e+01 3.984718887156802936e+01 5.164228732425232948e+01 4.278257820559981184e+01 5.164228740605324930e+01 5.461651268113242708e+01 4.627382222251467425e+01 3.320201163344643902e+01 4.588342505367133128e+01 4.051981168629729524e+01 2.542617612288856321e+01 4.065678186807770089e+01 5.446370496721719690e+01 6.276145108160487496e+01 6.471628843733651593e+01 4.489782302052690000e+01 3.082209980899520474e+01 5.070258491372811704e+01 6.467506262760804248e+01 6.502434536995126280e+01 6.556338041900693270e+01 5.143710187433774195e+01 4.259368329289114286e+01 6.250515560831871653e+01 7.171028006052432602e+01 6.585262254183048469e+01 8.585191628589147683e+01 9.762428344800781588e+01 8.903182035007606032e+01 6.922204771046551741e+01 7.502419578284367674e+01 6.922829243409844935e+01 4.934975468655323994e+01 4.277400153862187437e+01 5.827526449353700855e+01 5.592992564176183379e+01
1.591255364720534082e-02 1.156291793743961982e+01 3.156291793591762485e+01 4.115999153936696331e+01 2.199387800407758320e+01 4.115999153515430464e+01 4.132662571811109586e+01 2.627116612748708491e+01 1.929693158242203310e+01 3.110325418559182964e+01 3.159466372243317878e+01 2.754951654654396620e+01 1.941114120069752147e+01 4.357620314512129767e+01 4.326887911022912192e+01 5.152359573074363652e+01 4.326002690039049980e+01 2.769846812262258950e+01 4.614260671728490593e+01 4.851086749521670782e+01 4.509128834818616127e+01 5.344141842736131309e+01 3.735114435192183890e+01 4.170885883499310864e+01 4.628260582744905349e+01 5.179878110051382123e+01 5.930163967851011364e+01 6.923767785200412561e+01 8.926248791612992761e+01 9.714328411859494850e+01 8.903182035007606032e+01 7.984691242495119923e+01 5.998129346189141131e+01 6.611421829269045247e+01 4.624675158918258688e+01 6.611421829213603019e+01 6.389166547864793699e+01
6.189296070378335485e-02 1.420402858443485883e+01 3.420402858522980694e+01 3.235812509171402240e+01 1.194913893087415069e+01 2.641767719615091181e+01 2.129970656249934535e+01 2.824947881954745910e+01 9.941235315901220559e+00 1.111893627795340755e+01 1.230273883286287884e+01 1.349472395145791914e+01 3.347643244528642725e+01 3.652538636161654040e+01 2.932722230972669308e+01 3.908792327194706928e+01 2.333249367492564375e+01 4.279687154968487306e+01 2.618511974763233141e+01 2.855932392427785871e+01 3.098482670961605479e+01 3.350427476074174393e+01 5.344137713225270403e+01 6.162125021320272111e+01 6.034025240719874716e+01 6.252141037754798703e+01 7.925008288406701240e+01 8.758810279210669592e+01 9.762428344800781588e+01 1.076757284191920832e+02 8.807551747993009883e+01 7.406060828677432539e+01 7.984691242495119923e+01 6.980785435441642051e+01 4.991701542444671702e+01 6.980785435441642051e+01 8.364957153545050517e+01
2.247884206357958492e-02 2.002247884206322581e+01 3.157394037841694612e+01 2.329180991044502846e+01 4.873409180346039982e+00 6.011418900598044068e+00 7.153356627782416766e+00 8.301206640437296613e+00 2.827052460346258655e+01 3.110156907895960288e+01 2.644648426541477093e+01 3.347643232509474132e+01 1.526019269514404186e+01 1.652083503983049795e+01 1.781001195555356631e+01 1.911294446111616452e+01 2.057683518209726969e+01 2.287296850692249706e+01 4.283965320718488812e+01 4.851086749521670782e+01 4.509128867642232308e+01 4.760338707366258149e+01 4.760338740456219853e+01 6.753571306328633739e+01 8.030511020379304910e+01 8.250149309962573341e+01 9.084407652359864471e+01 9.936391647388349213e+01 9.936391647388349213e+01 1.077446049120527363e+02 1.019115646448603201e+02 9.159201967472269246e+01 7.567425914293359313e+01 5.578031259777876727e+01 6.399651127977622878e+01 7.798047929393200661e+01 8.442553564242803077e+01
