LEM/with_lateral_4open/elevation_000212.asc
nrows	100
cellsize	150.0
xllcorner	0
ncols	100
yllcorner	0
NODATA_value	-9999
[rows 17 to 33 of 100, columns 0 to 36 of 100]
5.222468517465790605e-02 2.005222468517430201e+01 2.594792898431826345e+01 2.058100136735274077e+01 3.246396768640986608e+01 2.760307911073832443e+01 4.434034497285908571e+01 5.588735035557571251e+01 5.879888920255721274e+01 5.051421336410057705e+01 4.797577846950761682e+01 4.797577846950761682e+01 3.528054718864227368e+01 5.527770985524025349e+01 6.934863805688276273e+01 7.763396014171557624e+01 8.762991248709333547e+01 9.275047786022591367e+01 8.750773155936823855e+01 7.744891172979349392e+01 6.194352571338750124e+01 6.194172175943467096e+01 5.604059797403893839e+01 4.702211035511975012e+01 2.666686613780780846e+01 4.369811289240054464e+01 3.419222335786190570e+01 5.461402630501156352e+01 6.385664170620552227e+01 4.958311678750087736e+01 2.544310643220700285e+01 2.902564400592930838e+01 4.711758781003882746e+01 6.191242795359104178e+01 7.027318656875151248e+01 8.037978379072193036e+01 7.754647844001483747e+01
7.333276091007127906e-02 1.162033814470248672e+01 3.162033814470213144e+01 4.058100136735203023e+01 4.886527261371099229e+01 4.760307911073664400e+01 5.588735035558292452e+01 5.796411539349320208e+01 4.725295283063869078e+01 3.051739325290556692e+01 4.148836575910618762e+01 2.798022959199313675e+01 4.785473171773842438e+01 5.301757522178172621e+01 4.934725260521898349e+01 5.934178136737256892e+01 7.518746061547190607e+01 8.518914069534102396e+01 7.922186080989840207e+01 5.905709271080792888e+01 4.879025334729958985e+01 4.149795021358746538e+01 3.559108590695272056e+01 3.018479366311825629e+01 4.103732392935654616e+01 5.544649093979393939e+01 4.439968555735132583e+01 6.301874853887458983e+01 6.088524329618417141e+01 3.993956004644449820e+01 2.747728532918811695e+01 4.686711571757594896e+01 3.811621978147123002e+01 4.743143488701863930e+01 6.154758237033207280e+01 8.179136568365854032e+01 8.014848356680032282e+01
6.343274376862209629e-02 2.006343274376826713e+01 3.990460939216337977e+01 4.537058319161095454e+01 3.708267641619406163e+01 4.536394177291492724e+01 4.424583386675206498e+01 4.382003552547723046e+01 2.968247490315048154e+01 1.897186605644510848e+01 2.149186834429069037e+01 2.461560110249922673e+01 2.785992085073206326e+01 3.302196831154694223e+01 3.934288555487280092e+01 4.689949255451539756e+01 5.690011746440583806e+01 7.690394218770921952e+01 8.750773155938753689e+01 7.744891172979349392e+01 6.913939308217059931e+01 5.478321214152777685e+01 3.430292954651894632e+01 5.060384972896629563e+01 5.902349112577308432e+01 6.985565795023131841e+01 5.887844352726303043e+01 7.320196817704565717e+01 6.930992023393244494e+01 5.099699640087072083e+01 2.962116201015032502e+01 5.099699640107761667e+01 5.745414205647644934e+01 6.579280748938556656e+01 7.583497562059613983e+01 8.543234148865755628e+01 6.534114032642978032e+01
3.497053469895897854e-02 1.421233942994557076e+01 3.428567116736343223e+01 3.433487470711477130e+01 1.708412797842181874e+01 2.859042278399142845e+01 2.425800816125987325e+01 3.233722382028721398e+01 1.554167107167457651e+01 3.553955617608049522e+01 4.148836575910618762e+01 3.875382651499295861e+01 4.785473171773841017e+01 3.418187823737012110e+01 3.995213820620426759e+01 5.995136944087741426e+01 7.518746061544852921e+01 8.518914069534098132e+01 9.072614149347353418e+01 7.052869718873104432e+01 7.052869718873104432e+01 5.780758044441051169e+01 3.729531662375541146e+01 5.183497087587236507e+01 7.222673546753432561e+01 8.490385338423983796e+01 7.919277288573438511e+01 7.750583870965611766e+01 5.705610609993070881e+01 5.323491943455739062e+01 3.188649432556101360e+01 5.323490449554826398e+01 6.557975064228857320e+01 7.396515140412157052e+01 8.413107548858879170e+01 9.370952779359791407e+01 8.212818210691007437e+01
9.635555453094322986e-02 2.009635555453058942e+01 3.268835898821022568e+01 2.182024172786907101e+01 7.084260921587117288e+00 8.591817790515587916e+00 1.011680401041173027e+01 1.233903266153387968e+01 3.233732873258504981e+01 2.818973536738824137e+01 4.232916722923503272e+01 5.875196301124780263e+01 6.173739691041931366e+01 4.173734722897917493e+01 5.995136944087741426e+01 4.937791459710768294e+01 6.092636842577867640e+01 8.092985804398675498e+01 8.483700402167981736e+01 6.460200244392810021e+01 5.011787448836936676e+01 4.322623652245803783e+01 5.780758044441051169e+01 4.434925467363097340e+01 5.624111232612930422e+01 7.657134704527003066e+01 8.135414882419411242e+01 6.099095104968537839e+01 5.705610847274859054e+01 3.595289581586384742e+01 5.323491943455739062e+01 3.807591460068650235e+01 4.493997558347390964e+01 5.537802598446544522e+01 6.985048604178187759e+01 9.010028533703129483e+01 8.765284803964053140e+01
8.845047570523793812e-02 2.008845047570488163e+01 2.291923649313064004e+01 4.987691190787699291e+00 2.498748465412341702e+01 2.273324177832778403e+01 3.011529598835469557e+01 1.314921994932486982e+01 3.314250116814017844e+01 4.818682809839809522e+01 5.647134213052098772e+01 7.061351703211549591e+01 7.002280787868987488e+01 5.328306008520274872e+01 7.002280787868987488e+01 6.092636842577867640e+01 6.938083792818243012e+01 8.921499331522920784e+01 8.703840760881261929e+01 6.681822444365751323e+01 6.918592207948965722e+01 4.875335797677843175e+01 6.918592207948965722e+01 6.483368055748589143e+01 5.277874920744942244e+01 7.315035296586718516e+01 7.543517720324308584e+01 5.500858855492765542e+01 4.016971544486657564e+01 5.705610847274859054e+01 6.439166801802898021e+01 4.371467710841175602e+01 6.439167907099169952e+01 6.184774919612670629e+01 8.218535907083246173e+01 8.765284803964053140e+01 6.763012457812126854e+01
8.023991185656004221e-02 1.498002321873230347e+00 2.919340430910610351e+00 2.291923649313064004e+01 3.327172236754944379e+01 4.273090860889382014e+01 3.531096877612477414e+01 1.531856963191498799e+01 3.531096877612477414e+01 4.645628044094336673e+01 6.642745946387525180e+01 6.809177792327680834e+01 7.162151972049174731e+01 7.328623578581547804e+01 8.157152554077218554e+01 8.092985804398675498e+01 8.921499331522932152e+01 9.766886955254754810e+01 9.534778935591934612e+01 7.875048487614465387e+01 5.846098323834667809e+01 6.918592207948965722e+01 7.753752191316753795e+01 6.302927116342188896e+01 7.315035296586718516e+01 8.149079082669153706e+01 6.815531797363138367e+01 5.367577182166537142e+01 4.323127415423592623e+01 6.388273041557905429e+01 7.278217197737546940e+01 6.439167986466011939e+01 5.309583592286045217e+01 7.353023953612894559e+01 9.051819460942348883e+01 8.546837118171713144e+01 6.543743842004752764e+01
4.598823041778624804e-02 2.004598823041743216e+01 1.706097088589462274e+01 1.446632250996820446e+01 2.860937473192272762e+01 4.862597896359973504e+01 3.751862822630936023e+01 1.752730173715460893e+01 2.647108252977016463e+01 4.060604852435537282e+01 6.057998967699798953e+01 4.812110013621027349e+01 5.165428481845190589e+01 6.577359390943374251e+01 7.989290300041571413e+01 8.989488548061281392e+01 8.737921410162617519e+01 9.565584968261862286e+01 9.520674691094907871e+01 7.505202438154623223e+01 7.022189232976279527e+01 8.707579125057800695e+01 9.089643860273945108e+01 7.072257471093155345e+01 9.089643860273945108e+01 9.672627121798556971e+01 8.244079459580842695e+01 6.694309277787618839e+01 4.641366282216747408e+01 6.098960597456437682e+01 8.131438937590284866e+01 8.188728159247844474e+01 6.759365178554790532e+01 6.607619586047616167e+01 8.635698984068910988e+01 8.765284803964053140e+01 6.763012457812126854e+01
7.340434288523949025e-02 2.007340434288488495e+01 3.703969994459552595e+01 3.446793926257758756e+01 3.446807134284301810e+01 5.130489283645675158e+01 3.138114705325005716e+01 1.983689754428847962e+01 3.982702519065293245e+01 4.595192024826797450e+01 4.919376741327968006e+01 3.398838791237557899e+01 3.752154608948382730e+01 5.165428481845190589e+01 6.166772965135452722e+01 7.327511384943476003e+01 6.743300423990727666e+01 8.737921410162617519e+01 9.966696577178231564e+01 9.520674691094907871e+01 9.040075895302889819e+01 9.870326154122930973e+01 9.919814838984267169e+01 8.500780406955976787e+01 9.919814838984268590e+01 9.618472141164984635e+01 8.714944218124007591e+01 7.013683585775110885e+01 4.968700138916631204e+01 7.013683585775110885e+01 8.347881960140297508e+01 9.183898884055652445e+01 8.786244625636169303e+01 8.044975356182611392e+01 9.468068443253724809e+01 9.592039516875090044e+01 8.030893195467056955e+01
3.515918393995972474e-02 1.158216456773237546e+01 2.572430019146307600e+01 4.572430019146236191e+01 5.447418612278150363e+01 5.946660088573226233e+01 4.788431243356258449e+01 3.389292406106993383e+01 2.329275408181118934e+01 2.596556435745928937e+01 2.920967934961252155e+01 4.919376741327965874e+01 5.750255251971465498e+01 4.317499333448088095e+01 4.753782305936589125e+01 5.331102327091884518e+01 6.147171155179517399e+01 7.144921768108594051e+01 9.138729608004389604e+01 1.000264772136842026e+02 9.179627666701084365e+01 8.920413104172375540e+01 9.743707300596462062e+01 1.051128599566004880e+02 1.021192080818274519e+02 8.196580448703181787e+01 6.761265974795213651e+01 5.846989041652174279e+01 7.013621466441396990e+01 5.541641581874412736e+01 6.316415551822317553e+01 7.492248573066210326e+01 9.517840932843489554e+01 1.006189432319695527e+02 8.685540396449125922e+01 7.843180188482297410e+01 7.201256240366201666e+01
4.608085242692564615e-02 2.004608085242657012e+01 3.302884598485820788e+01 3.905907287641337433e+01 4.613014068827872904e+01 5.441441193574033264e+01 6.113686242583951014e+01 4.950824704529292575e+01 2.961648947183666181e+01 4.595192020065661609e+01 3.326615715619775671e+01 5.324840554991978081e+01 6.967466804338292263e+01 5.471637073401740992e+01 6.751197731461856222e+01 6.017806609102003534e+01 8.013187263606063482e+01 8.969048525940941374e+01 9.966696577178231564e+01 8.852376346429075227e+01 7.185069787037390654e+01 6.925071336416364431e+01 8.593003986779972081e+01 9.212253382664091816e+01 1.003511675253072895e+02 9.618472141164984635e+01 7.880986798369059443e+01 7.288808921442736732e+01 8.057484549929878881e+01 6.025726796401267649e+01 8.057565275615561973e+01 9.185197801706226528e+01 1.035273947504952901e+02 9.100285412884640834e+01 7.843180188482297410e+01 5.799166912253620154e+01 6.397844456551359116e+01
1.610643649003322755e-02 2.001610643648967880e+01 1.302884598485892198e+01 1.905907287641408843e+01 2.613014068827943959e+01 3.767714607207154387e+01 5.767714607207083333e+01 5.670018663582985852e+01 3.668521916459221899e+01 5.670017880639177577e+01 5.324840554991978081e+01 4.142693639763409408e+01 6.140401312381767696e+01 7.467826391866705649e+01 8.294928082147188775e+01 7.428836186163852062e+01 8.840459007087157772e+01 8.858186891977315724e+01 9.440610600640415839e+01 8.028069137962970103e+01 6.030910823763818485e+01 5.770715078303166479e+01 7.584115839798892011e+01 7.218199099601243063e+01 8.553869775282244348e+01 9.377674169773165147e+01 9.898945449462422630e+01 9.310776058666880317e+01 8.057558207083027924e+01 6.672343431176794581e+01 7.687103855909957417e+01 9.705929562692487877e+01 9.728907530155730399e+01 7.620167512744777127e+01 6.067784991111791015e+01 5.084309692864063379e+01 4.334309169666517647e+01
2.022278438842990689e-02 5.184200579331629477e+00 2.518420057933127509e+01 3.905907287641337433e+01 4.613014068827872904e+01 5.441441193574033264e+01 6.596141731953143506e+01 6.498631276353522424e+01 4.823813966915885487e+01 6.498588975680723934e+01 6.967464668892998247e+01 5.296630423837974888e+01 5.406673829713108859e+01 6.818486847388392391e+01 8.814035977389980303e+01 9.423935549403718426e+01 8.272137605562103602e+01 6.863176571772996226e+01 7.447501566023699127e+01 8.093289724043246736e+01 6.875002377474677928e+01 4.875885625670709800e+01 5.586244039710917519e+01 7.291388343602976363e+01 6.557716484274367019e+01 7.970372798369253076e+01 9.962557299428011959e+01 1.090274284436092529e+02 9.371682872992916202e+01 7.351222726689088915e+01 9.371682872992916202e+01 1.053568562196152243e+02 9.995143535462155171e+01 8.969320492638856024e+01 8.033443676437842385e+01 7.190252868528348529e+01 6.397221140658191274e+01
6.642187732006160639e-02 1.161342726110644641e+01 3.161342424868714573e+01 4.482828276923110167e+01 5.310127774796737299e+01 6.242500266568900003e+01 5.982835810182478298e+01 6.804671014588845424e+01 6.825955612652553839e+01 7.654030540742412825e+01 8.120160773129556731e+01 7.293014011761987092e+01 7.402969648403878011e+01 8.230176148297886130e+01 9.002972359294265914e+01 8.178870594779593262e+01 7.447501566023699127e+01 5.449325356939963427e+01 7.447501566023699127e+01 6.681867893506978362e+01 5.270174076231892712e+01 4.320297448586568834e+01 4.792522429850034626e+01 5.292956816378546847e+01 7.291391139089216722e+01 9.182649292194119539e+01 1.033249762996206726e+02 1.137981475258246036e+02 9.371682872992917623e+01 8.520852874547033196e+01 1.020199472102534912e+02 1.053932500268206383e+02 8.651856559827676563e+01 7.341001332980633265e+01 6.421572221135217262e+01 5.582218375979670810e+01 4.783384419366245055e+01
1.591255364720534082e-02 2.001591255364684940e+01 3.989760763934003052e+01 2.483250671898904471e+01 4.156071822197395704e+01 4.245095372338301587e+01 3.985687041600368019e+01 5.399056982129791038e+01 7.386668339899239299e+01 7.071314701671714431e+01 7.892838963889491311e+01 7.391224129606837323e+01 6.786656300245221018e+01 7.601807053399386405e+01 7.851393155511954092e+01 6.182190911627100149e+01 6.741039592299323147e+01 4.741490522448137312e+01 5.846814063392575633e+01 5.855502014910138797e+01 3.853790332377913330e+01 5.855502014910138797e+01 6.791782199512223883e+01 7.291391139089216722e+01 6.361993743078942742e+01 7.515965729085343128e+01 9.509772498656192852e+01 9.785875411022190917e+01 1.060888041465519649e+02 1.053393826517185801e+02 1.136181103214344148e+02 1.065757887673231892e+02 9.522071951616585750e+01 8.708092574344156844e+01 7.833331669690434751e+01 6.500723747297269028e+01 4.498074979165290443e+01
6.189296070378335485e-02 2.006189296070342820e+01 2.738712981215208941e+01 1.328554756442984797e+01 3.328371754351935863e+01 2.831044542403153841e+01 4.830121879733644619e+01 6.804659482568504814e+01 6.602796701475226371e+01 4.900300446473882232e+01 6.597719933115264723e+01 5.562287415781145228e+01 4.826924730695824195e+01 6.468968337595076434e+01 6.958222192191136912e+01 5.026938571491460550e+01 6.958222192191136912e+01 5.846813643612671996e+01 3.844808806832871539e+01 5.149617006517788553e+01 3.547109652025671522e+01 4.366514910845364028e+01 5.367724903412338477e+01 6.781661229085553089e+01 8.358647623532364435e+01 9.182653296392209086e+01 9.453603306702623854e+01 7.779040988653160582e+01 8.888391773421457742e+01 9.714006614784199201e+01 1.086813706782986770e+02 9.844525126358161060e+01 7.876166206755452492e+01 6.732165510241881634e+01 7.016096322957757536e+01 5.024492188372833112e+01 5.502671857853977855e+01
2.247884206357958492e-02 3.673962558764679365e+00 7.387869322305614439e+00 2.738712824174346849e+01 2.014549066343288075e+01 4.014140968497741824e+01 4.829992001082182895e+01 6.824755650578343591e+01 5.717802986719955527e+01 3.660939721308429995e+01 5.502454394712771091e+01 4.677492184712068735e+01 3.670448157162416436e+01 5.655204773741996860e+01 6.132040666690588893e+01 4.130542305613442977e+01 5.236943388246004361e+01 5.291557509523916991e+01 3.287117702833297272e+01 3.144490460137129517e+01 4.148988081424706564e+01 6.150245924514994300e+01 7.192849046490923115e+01 8.191042585832522605e+01 9.600423942579499226e+01 8.927045425758966246e+01 8.099293370442286744e+01 6.613965887590207160e+01 6.876577695953616853e+01 8.041106361260797541e+01 1.004580517068890089e+02 1.006627445534973901e+02 9.081821932714841239e+01 7.567290552110051749e+01 5.585056098259110513e+01 7.016096323238362231e+01 6.865397068006788572e+01
