LEM/with_lateral_4open/elevation_000340.asc
nrows	100
cellsize	150.0
xllcorner	0
ncols	100
yllcorner	0
NODATA_value	-9999
[rows 17 to 33 of 100, columns 37 to 73 of 100]
3.829774935602110730e+01 4.964919354795566164e+01 4.029342214157136937e+01 3.723970550854544825e+01 4.010752428395363012e+01 3.048577762509089339e+01 2.268230513555401373e+01 1.336850544109801930e+01 3.226815559172352721e+01 3.705544455859953956e+01 4.438663205037666160e+01 3.916541497466675281e+01 3.137511842046354360e+01 4.438731598613480145e+01 3.073479343773731642e+01 3.764703612473500982e+01 4.659313433362835610e+01 6.584138639951677874e+01 7.433317982474956409e+01 8.316366780247986412e+01 9.449982973802413255e+01 8.833247015491811283e+01 8.830041395270642113e+01 8.004391426691300637e+01 7.017618311275720089e+01 5.209495012247797519e+01 3.794387613581109520e+01 5.412246608828344563e+01 5.575975637712271293e+01 4.029270402418184460e+01 6.021438154502062190e+01 7.326520240526161842e+01 8.729797556341735287e+01 7.839944463028571420e+01 5.854894988561024149e+01 4.705467438997779794e+01 3.879024672393713047e+01
3.456545631317084855e+01 2.991610610637723155e+01 2.630200621418925877e+01 2.313370121860231876e+01 2.006738437217510196e+01 1.715426502962792910e+01 1.438876798531141432e+01 3.346691255137850618e+01 4.046215366575960104e+01 4.181291137692681303e+01 6.213140845955142311e+01 5.763043212022533623e+01 4.152757148240944218e+01 5.703005916620885785e+01 3.845776689203778886e+01 3.624679097981206866e+01 4.119306981890333930e+01 4.682090016059024862e+01 5.335549365560061119e+01 6.403533282830542817e+01 8.668367633302679565e+01 9.149647853103351736e+01 7.166005534862918580e+01 6.015181876141144102e+01 6.193691820345698318e+01 4.196587442804694490e+01 5.791803443584846178e+01 6.615813878722339325e+01 6.021438028273213661e+01 6.021438154502062190e+01 4.514588167850520506e+01 5.923242924468653570e+01 7.867027615434594168e+01 8.666376181473047779e+01 7.518593789323882959e+01 6.470738878136859284e+01 4.481547394315479238e+01
5.430087675624383081e+01 3.689150166623646498e+01 4.610201441890019680e+01 4.304491615854313125e+01 3.173020567072892106e+01 3.729237862201551224e+01 3.295210536375994081e+01 1.545828508562760284e+01 2.277562713994407062e+01 3.505236031424409049e+01 5.512822796791913760e+01 6.873976264014790161e+01 6.052364867121909953e+01 6.561928684063431660e+01 4.913741777518700360e+01 4.437665675492366546e+01 6.066093451006963733e+01 6.684989580955088684e+01 7.433317982474956409e+01 8.316366780247986412e+01 9.551820899260164310e+01 9.978056321690613117e+01 8.830041395270642113e+01 6.941114205486255173e+01 4.936758541321979976e+01 4.552312469871947798e+01 6.546157095404608128e+01 7.917985020267465757e+01 8.006176826514769118e+01 7.326520240526161842e+01 5.923242924468653570e+01 5.058468908599726177e+01 6.464377327024209308e+01 8.444814067086591081e+01 7.462897663999787312e+01 5.478580092273930546e+01 6.470738878136859284e+01
6.500973803567366360e+01 4.672284098440765376e+01 6.500973803567366360e+01 5.985268233404007532e+01 5.155115437478228557e+01 5.156819307487384663e+01 3.433690178230455103e+01 3.558147730058927749e+01 1.654491849757094002e+01 3.675081383194208229e+01 5.191844515472520527e+01 6.035708988749190240e+01 7.044596362036581638e+01 7.699010311254055239e+01 6.868226549487562238e+01 5.544921736203451701e+01 7.217719201641958193e+01 8.064753596060255347e+01 8.605677049692826586e+01 8.449954357450381792e+01 8.636342615401588318e+01 1.015703505542754073e+02 8.030935198661967434e+01 6.278009778062553181e+01 6.941114182134674593e+01 6.380500130305832585e+01 5.079782689435644727e+01 6.495507397616684386e+01 8.504332961690161596e+01 8.729797556583675089e+01 7.867027615650165728e+01 7.044433818478296416e+01 5.674166406378891736e+01 7.656059218977951275e+01 8.288191692188044613e+01 6.471750701179126963e+01 8.288191692188044613e+01
7.501117413546188573e+01 6.663463128631561005e+01 7.501117413546009516e+01 7.129290008855926430e+01 5.165210773214106155e+01 3.748796035378795466e+01 3.784375586903988875e+01 1.765571546074290765e+01 3.652181337387559523e+01 2.531058297249380828e+01 3.202397800015684481e+01 4.191031949616590424e+01 5.596945760662431724e+01 7.632016881716582191e+01 8.371778741398712498e+01 7.535324307233756258e+01 7.488314970334369036e+01 6.096823606020085151e+01 6.645425808541206436e+01 6.568738993073255017e+01 8.449954357450381792e+01 9.889353226858845858e+01 9.159579264168050372e+01 8.328224916117736143e+01 7.947092928347734642e+01 6.065129998052383087e+01 5.565661601724516316e+01 6.983225270311103827e+01 8.997585670720374651e+01 9.476913864857804981e+01 7.498206277177143875e+01 6.356509758206530591e+01 7.656059218977951275e+01 8.479118300100863337e+01 9.281636257970816928e+01 8.454044626820468977e+01 9.281636257970816928e+01
8.440509143136968362e+01 7.600741727350575161e+01 7.744505163129815628e+01 7.709104940877523404e+01 5.740476262545901420e+01 4.514566825296017072e+01 1.901927368067148194e+01 1.845222129934559874e+01 3.855332693763122620e+01 4.497825019134774038e+01 5.177527294128337587e+01 6.033041313120040883e+01 6.204532820436089935e+01 7.044652477111988276e+01 7.710367454959767031e+01 6.814328461395922432e+01 5.996653754883995191e+01 4.717711618493912340e+01 5.272244081257315429e+01 6.136618440279044506e+01 7.114193467934262571e+01 8.502983937117602409e+01 1.046347795686699129e+02 9.135377507390914786e+01 7.256534627389544312e+01 7.947092934111967111e+01 6.321753285658390809e+01 6.636124174367647299e+01 8.649311847039389534e+01 1.030438111585752097e+02 8.993262479345976601e+01 7.016994560696507222e+01 7.754418186358233811e+01 9.734963596233544081e+01 1.049019118577993623e+02 9.491854350530957163e+01 8.664893953397795201e+01
7.011397788486657134e+01 5.594134606234883478e+01 5.743194852974031761e+01 6.574351106744303763e+01 5.757597977197535499e+01 4.308302669210887359e+01 3.013569130825647591e+01 3.856305830780549115e+01 1.958889228460043697e+01 3.977833434932254875e+01 4.922594421894891781e+01 5.851875900156447585e+01 4.147251159928254083e+01 5.861793342583983701e+01 6.313457378184565272e+01 4.916547301409358539e+01 4.031631039118143889e+01 4.621042875602032751e+01 5.273297670757875721e+01 6.017629552171480611e+01 7.007521217432341132e+01 8.409514320519896557e+01 1.038505564582717824e+02 9.956358887017383097e+01 8.566869046048448411e+01 9.167878646773873186e+01 7.218258905125101421e+01 7.640666497939665192e+01 9.485688145492888168e+01 1.039641696337127286e+02 8.412056861958078002e+01 8.155553706488414889e+01 9.734963596233544081e+01 1.056311188408887176e+02 9.663319705467125686e+01 7.666468201328451926e+01 6.666875136767340848e+01
8.108092993222697942e+01 5.881013061189769786e+01 4.351606333209720390e+01 5.757597840961869906e+01 3.827124693891492768e+01 4.215701908042805002e+01 2.287541733442910186e+01 2.151018335776748813e+01 3.978157231202180810e+01 2.101583727460377560e+01 4.111715172273510888e+01 4.348014455963393488e+01 3.114659348129988459e+01 5.016595651662220234e+01 5.027786397211111336e+01 3.520359662486142582e+01 5.487703396690048407e+01 6.588563885903737116e+01 7.249384020089776470e+01 7.997829097810245003e+01 8.815948401518386390e+01 9.805010070758841323e+01 9.557729131886220841e+01 1.037459659354491919e+02 1.050787834508776655e+02 1.006952961305031380e+02 8.379758898502053910e+01 9.066404593768412212e+01 1.049476399138382874e+02 1.122647709463329022e+02 1.039641696337127286e+02 1.013759394404248724e+02 1.096705935150196893e+02 1.078473558740828793e+02 1.049019118577993623e+02 9.491854350530957163e+01 8.664893953397795201e+01
6.565330580597944277e+01 5.691030373469145331e+01 3.758128655559706743e+01 5.007249271307381377e+01 4.392543679723093675e+01 2.479673442943341044e+01 4.215701908042805002e+01 3.778494452905147938e+01 4.885495119321630852e+01 2.380862981774464160e+01 2.245667081468400639e+01 2.347573239271173051e+01 2.449347111121234377e+01 4.445432395158395877e+01 3.044855619938139313e+01 5.017449956896295760e+01 5.269537354205050406e+01 6.088642804696822708e+01 6.870193132434458505e+01 7.689919264839389257e+01 9.089479928219562055e+01 9.232226105420080842e+01 7.576371800424901437e+01 9.232226105420080842e+01 1.009911898698535282e+02 1.123529896254824223e+02 1.039795798510344298e+02 1.108609151163953328e+02 1.066093368023022805e+02 9.831817179058168676e+01 9.726138931106157770e+01 1.055526296541294045e+02 1.019825930517039154e+02 8.782762296614090758e+01 1.019825930517039154e+02 9.453510503759513028e+01 7.456275376789400866e+01
6.814399452018695058e+01 5.077449955530387626e+01 5.007249639676997788e+01 3.107385475297559552e+01 2.671092255420106198e+01 4.392547144291445704e+01 5.200735349418395259e+01 6.012510517032304591e+01 5.624738694537313677e+01 3.643697405878372564e+01 3.670388858865852200e+01 4.348150363658352546e+01 4.445381552533020653e+01 2.593781933257348271e+01 2.793358084421111087e+01 3.000398991468680165e+01 3.252197929354100836e+01 5.273938967170137460e+01 4.899480200642808825e+01 6.290358601459204380e+01 7.951574791681836984e+01 8.413791921878774360e+01 6.429917347791807458e+01 7.300398709737950753e+01 9.281610341210965487e+01 9.995163186725547178e+01 1.081100930795147832e+02 1.066093368023022805e+02 9.505366385841149679e+01 7.830383445528465813e+01 7.724771736953150025e+01 9.399719760221267961e+01 9.303253615104819119e+01 7.368002805752449547e+01 9.303253615104819119e+01 1.028042288100225647e+02 9.127469490389350426e+01
4.853053119834966367e+01 5.748586517488743652e+01 4.762948821407670863e+01 2.870534584517235643e+01 4.571304030049594047e+01 3.510549443905875222e+01 4.854528411065107463e+01 6.817510375499396957e+01 6.483991690313105494e+01 5.654613163433654677e+01 5.661271346359468026e+01 5.113047597527381072e+01 3.134015223734500566e+01 4.584156554436354725e+01 2.768124537065494195e+01 4.753334287034356009e+01 5.273938188199644372e+01 3.640822185447391490e+01 5.623804836672527330e+01 6.271015529224523988e+01 5.975000181353470907e+01 6.857013341559962782e+01 5.687355340073874288e+01 7.663957818019004264e+01 8.597246381341314247e+01 8.018210281481887591e+01 9.995163186725547178e+01 9.831817179058168676e+01 7.830383445528465813e+01 6.672504880298438934e+01 6.566568275673260757e+01 8.486857615152970880e+01 8.474196886959711605e+01 6.469869603252838886e+01 8.474196886959711605e+01 8.985313076065772009e+01 9.817464029672987635e+01
3.511187365227989687e+01 4.954396999457833317e+01 3.064876091830413429e+01 4.194062695908721139e+01 5.573624797055949642e+01 4.854528411065107463e+01 4.708747035892253052e+01 6.669667534020410926e+01 7.790618994861108604e+01 6.969980921038303734e+01 5.671907787395578993e+01 3.695924870505323412e+01 5.113047597527381072e+01 4.874114730652709682e+01 2.890547158344378076e+01 4.874114730637328563e+01 6.441916283730860471e+01 5.623804836672527330e+01 4.036467094435468539e+01 4.315628610748109395e+01 4.597595603197405723e+01 4.897045661438796316e+01 5.271948715153453691e+01 5.917282106883592263e+01 6.613576632830212532e+01 8.018210281481887591e+01 9.995163186725548599e+01 1.024646476865038380e+02 8.244837158769405505e+01 6.827631193541780874e+01 5.649654970257201114e+01 6.474511715135604106e+01 7.840372947666483583e+01 5.820232039486104725e+01 7.840372947666483583e+01 6.980958540431632287e+01 7.828098445365952784e+01
5.154764940418969843e+01 3.254819043256833311e+01 4.954695925992390926e+01 5.766294654721837531e+01 6.949302445237877635e+01 6.817510375499398378e+01 6.089608041236341762e+01 7.489718783599001029e+01 6.969980921038303734e+01 4.986057618811041436e+01 4.289692856886995287e+01 5.671907787395578993e+01 5.822794836215916092e+01 3.544040114387559015e+01 3.013358754019523289e+01 4.995660644653721505e+01 5.988419445402418972e+01 6.812352445537128176e+01 5.332475501415773067e+01 6.271015529224523988e+01 5.719000562872506777e+01 6.857013341559962782e+01 7.236369513855781577e+01 5.970354565117339263e+01 7.101247140728921181e+01 8.498437860163757307e+01 1.046579589595149145e+02 1.009700495571728993e+02 8.095433445256603022e+01 6.938093625720654245e+01 7.063913858704663085e+01 4.990935473528840305e+01 6.528673375222059860e+01 5.222256614670688180e+01 7.280086668581346032e+01 5.832619326841165019e+01 5.832619326841165019e+01
5.361656206794433643e+01 3.447297283680549640e+01 5.325041190089566356e+01 6.472521826590025285e+01 7.018941735214792743e+01 7.840103044470608040e+01 8.070055028482936166e+01 8.374462205003426618e+01 6.388225725120772580e+01 6.818564946539494542e+01 4.835487098637235448e+01 6.818564946539494542e+01 6.717904538740151565e+01 5.569521961206579164e+01 3.805765154065603184e+01 3.192068668110456997e+01 5.166034488113264445e+01 6.002692485919299514e+01 6.944428721254897141e+01 8.005217088337325038e+01 7.694406160990762089e+01 8.513630944763070829e+01 8.750941140107599381e+01 7.192129633131008859e+01 6.948285386187359336e+01 8.090007465315362367e+01 1.005931991033293684e+02 1.092605983041915039e+02 9.770461447734635385e+01 8.486856616149761123e+01 6.474511714318254008e+01 6.528673032980265134e+01 4.417949529441385437e+01 6.102242760815973099e+01 6.317793151777866001e+01 5.488491862298751300e+01 4.426532853706300585e+01
5.022253452088121151e+01 3.668300184346021098e+01 4.059153379868146772e+01 4.518508349032133964e+01 5.037191928833369303e+01 6.437261967603356538e+01 8.423240919140340566e+01 9.193012264601456707e+01 8.374462205003426618e+01 7.446854279685945244e+01 5.460028957354852253e+01 7.446854279685945244e+01 7.147222254840652056e+01 5.173729656213777872e+01 5.751752260794479810e+01 5.171012907689445370e+01 3.371959095350099034e+01 4.181730337846368428e+01 5.944711117672122924e+01 6.621051907605951214e+01 7.313102372217998948e+01 8.178187646308309411e+01 9.288932701970216499e+01 8.652761388270648979e+01 8.090007465315362367e+01 9.736846309382546849e+01 1.087299704952244355e+02 1.043733386353329280e+02 9.607967299604446509e+01 9.316035501801863461e+01 8.486856534038989253e+01 7.365025450947912589e+01 6.102242760815973099e+01 4.052412498290328813e+01 5.488491789822906952e+01 3.483423298858834016e+01 4.873310026317342647e+01
5.011699674920711089e+01 3.898452115176753097e+01 5.849056306044876408e+01 6.489296820801585852e+01 7.018941735214792743e+01 6.025363426817188639e+01 7.431673011091012881e+01 9.414808827189672513e+01 8.851171986469194053e+01 6.865166839655634590e+01 6.865166839655634590e+01 8.267028330345684140e+01 7.968384217815194859e+01 7.147222281068663108e+01 7.329549326086147687e+01 5.347451334636959075e+01 5.347451334636953391e+01 3.552660953771243157e+01 4.056203721771084503e+01 4.616078707681558058e+01 5.261990514062992474e+01 6.229436008097205502e+01 8.176482578098782028e+01 1.036165108880355064e+02 1.005931991033293684e+02 1.087299704950253982e+02 1.043733386409029009e+02 9.281920867100764383e+01 7.607161580570038950e+01 9.281899640929111683e+01 8.659818565503420018e+01 7.244917968055185042e+01 6.026829335002631183e+01 4.021992498984249664e+01 3.753372461265285409e+01 5.232025685415896277e+01 3.231090066367887914e+01
6.671389779625297933e+01 5.849144872223373426e+01 4.255762741863750875e+01 5.642147117084795127e+01 7.630712649841635198e+01 8.012520043612386189e+01 7.431673011091012881e+01 9.414808827189672513e+01 9.668889821035763532e+01 8.851171986469194053e+01 8.851171986469194053e+01 9.221629150080806880e+01 7.113019680447467863e+01 7.113019222548167875e+01 6.768881998061311833e+01 5.710710772336556573e+01 3.738176904388639343e+01 5.525588298470130155e+01 6.044183467811670596e+01 6.621051907604430653e+01 7.313028337971493897e+01 8.173780680404516374e+01 9.301332504674282120e+01 1.012040976255525351e+02 1.016869846558230392e+02 1.098233471701325072e+02 9.607967299604594302e+01 7.607161580570038950e+01 6.453015361601791255e+01 7.510093273355029453e+01 7.167028328727806752e+01 5.829939458968684107e+01 4.412646530857720961e+01 6.026829335002631183e+01 5.758920464648163318e+01 4.645518622295200117e+01 4.984789228643928993e+01
