LEM/with_lateral_4open/elevation_000310.asc
nrows	100
cellsize	150.0
xllcorner	0
ncols	100
yllcorner	0
NODATA_value	-9999
[rows 68 to 84 of 100, columns 37 to 73 of 100]
6.042317379992854143e+01 5.361976591635389155e+01 7.362195200975345699e+01 8.622484929930691067e+01 9.452732990823260195e+01 1.060553487601072931e+02 9.450044778757846586e+01 7.836138158712174118e+01 5.834244600042786999e+01 5.334060797397626175e+01 5.093694471913374855e+01 5.192569381536058870e+01 6.607288946873437396e+01 8.611017006338084911e+01 1.057489434301083975e+02 9.874846682295208211e+01 8.702661200718411294e+01 6.698320401610986607e+01 7.208376585112688417e+01 8.626020950962059430e+01 1.062941239193167036e+02 1.141613948297489571e+02 1.025225118939840456e+02 9.417690574710964313e+01 8.704231925629296995e+01 8.065144211067784852e+01 8.900446825946293927e+01 8.318344294373872572e+01 6.946805902527563603e+01 4.892974824051074734e+01 3.412040281280040688e+01 5.494527950717080245e+01 6.243407013636000613e+01 6.243407014644787267e+01 7.358078749196768342e+01 5.690768973015633492e+01 7.358078749196768342e+01
6.890739153468736333e+01 4.898014333944126264e+01 6.890739153468734912e+01 6.614540334960442181e+01 8.180815352848563293e+01 9.008441022228484485e+01 9.078987484853942647e+01 8.581959921180619233e+01 7.166430220918107352e+01 6.337358995949291796e+01 4.666991155003453429e+01 6.668463456854915705e+01 7.193479710714427711e+01 9.196049566332153802e+01 1.046305508626396659e+02 9.045815813830111551e+01 7.042053096413306434e+01 5.942028303328001471e+01 7.945091586852880994e+01 9.128513451596576544e+01 9.957389052639310023e+01 1.058220473108241890e+02 8.565207046113846445e+01 7.399724779263604546e+01 6.682758840094899710e+01 6.038114064077208809e+01 7.269993374517366647e+01 6.291356556583012605e+01 6.523547243713011312e+01 5.736976433043268742e+01 3.651356361530586980e+01 5.137255062919835069e+01 7.184828984564363452e+01 8.290002959107165736e+01 8.507049777523857870e+01 7.700141790571299794e+01 7.607091927739507753e+01
6.507423549388856543e+01 4.517778176552054248e+01 4.987297357827747391e+01 6.544599634868762905e+01 6.176743050221429598e+01 8.112527312794631484e+01 7.076636895881402722e+01 7.076636895461325594e+01 5.750901118774974918e+01 4.335878248101271737e+01 6.337358997276909633e+01 6.668463453370863192e+01 8.670268760546107956e+01 9.875557064325002443e+01 8.459945649483920249e+01 8.826680645283637716e+01 6.822838683349405642e+01 5.407100214481596367e+01 7.409750192460199969e+01 7.124771300857068468e+01 9.128513451596576544e+01 9.750557207716128971e+01 1.025225118939840456e+02 9.417690574710964313e+01 8.700540226612476147e+01 6.677310381588509358e+01 5.233200086693428688e+01 4.839965604181237779e+01 4.466823981344946759e+01 4.123991045089413632e+01 4.048850335292124925e+01 6.121939606079393315e+01 7.438576643208811845e+01 8.275238192602306242e+01 9.207597478522100687e+01 7.195765173626517708e+01 5.762249073888791173e+01
4.659145498147378817e+01 4.319288757222930286e+01 3.996240854004796006e+01 4.552282791094518188e+01 5.286991382914661841e+01 7.284560006237535390e+01 7.076636895881401301e+01 5.074677178659631949e+01 5.810486397452857688e+01 4.110865111256150328e+01 6.112289350645208685e+01 7.178306642060987031e+01 9.174683495430146252e+01 8.873952452133755742e+01 7.042591410932392648e+01 8.873927038915194032e+01 6.972736325204188290e+01 4.969853508083087235e+01 5.708454468616844935e+01 7.711653789059354835e+01 8.114566024904259223e+01 7.746885396925436851e+01 9.750557207716128971e+01 9.342044049994943578e+01 7.322553096709127374e+01 6.149995851261321889e+01 7.269993374517366647e+01 6.885074907955261381e+01 5.397883991758617839e+01 6.194207800686324816e+01 4.720055104323252237e+01 4.775698440625892260e+01 5.402786773322981873e+01 7.438576956939044749e+01 9.442644091426811315e+01 8.617437772126403672e+01 7.607975819388352079e+01
6.649151077239373819e+01 5.463033253337356143e+01 5.653667503676393835e+01 3.663224264998535773e+01 5.344690790562576410e+01 6.149954790453232079e+01 5.326820914748404334e+01 5.521738856267733553e+01 3.809065462416747039e+01 5.749680843083292814e+01 5.180118541309794011e+01 6.593569457003113143e+01 8.589987086645862746e+01 8.044617115495208282e+01 6.041064757793924400e+01 7.100133267317082186e+01 6.555104323869976213e+01 4.551672113152738319e+01 6.555106294718055437e+01 7.170092202043004193e+01 6.111034490509136674e+01 7.527636372233838813e+01 9.531539552540122884e+01 1.017690220827296628e+02 8.176090404489362129e+01 7.322553096709127374e+01 9.011619063089975157e+01 7.063047734562071867e+01 7.434227165298898399e+01 7.448825195519765430e+01 5.413179181367496540e+01 5.701271356792646117e+01 7.438576956939044749e+01 6.583095316591611379e+01 8.607186610124814763e+01 8.788660310254424246e+01 7.781194710314557028e+01
8.301532054511928038e+01 7.475273354251548596e+01 6.482532946089695258e+01 5.344690790562576410e+01 3.352093681317140295e+01 5.055676077974887761e+01 3.321822593805263324e+01 3.519297975911922549e+01 4.308948451635245647e+01 6.283520097722270492e+01 7.177928339421697501e+01 8.005283748593774362e+01 9.164758870158124182e+01 8.873952452133755742e+01 7.100133267317082186e+01 5.096830728467909921e+01 6.200945205724864451e+01 4.197020015904537615e+01 4.611021017212488005e+01 5.166987925192889719e+01 7.170092202043004193e+01 8.114566024904259223e+01 1.011781375582006746e+02 1.102876368243500167e+02 1.017690220827296628e+02 9.342044049994943578e+01 9.920776487853680692e+01 9.085786235094505514e+01 8.879356221688560424e+01 6.856279843085144421e+01 6.593372901980438883e+01 7.733686980143039591e+01 7.362759985052936429e+01 8.607186610124814763e+01 8.607186610124814763e+01 7.959605217165591284e+01 5.939123299640564824e+01
7.409815710620451057e+01 6.776782695833115611e+01 6.201134436068802103e+01 5.130061736471976275e+01 3.135366166537769317e+01 3.051392786628941067e+01 5.055848775724623323e+01 3.829009215683409195e+01 6.099654669952288799e+01 5.698860359156528688e+01 7.696832362331275590e+01 8.575517106514973875e+01 7.156701615805901895e+01 7.894751951002702128e+01 7.698933464309187968e+01 5.695494655317821753e+01 4.278461582268832331e+01 3.853008303765571441e+01 5.857275426540743979e+01 7.170092202043004193e+01 7.432864763856299817e+01 8.262330243934337659e+01 9.263923147055865570e+01 1.020726847204069117e+02 9.383297352029492799e+01 1.020726847204069117e+02 1.031363815398261750e+02 9.489707415523997724e+01 9.714650356959100463e+01 8.879356221688560424e+01 8.617394760220153671e+01 9.452836036219778748e+01 9.384122840117858289e+01 1.021911906208436562e+02 1.062551688460279706e+02 8.788661342946168986e+01 7.472488761660763146e+01
5.407989631146114107e+01 4.782678696573504595e+01 4.210506838102290317e+01 3.753265305875619617e+01 4.866611248071571083e+01 2.862965534875900531e+01 4.866873530329853281e+01 5.873911912294941118e+01 6.728548268722261128e+01 7.696832362331275590e+01 8.526089322436990869e+01 7.744847968594822873e+01 5.737373924370328382e+01 5.887216335646791521e+01 7.306260889484377685e+01 7.111864749046446832e+01 5.573828105114125719e+01 3.569331387063328265e+01 5.573829114900950543e+01 6.361979183011587224e+01 5.429421291877643796e+01 6.430990611913627220e+01 8.434738915798965309e+01 9.209966942048328065e+01 7.386473773059418590e+01 9.209966942048328065e+01 9.161979201759453417e+01 7.492661363327538027e+01 9.073641533781892576e+01 9.898090189032718911e+01 9.847656444862118974e+01 9.023203859113603187e+01 9.847656444862118974e+01 1.084285875188593877e+02 1.053198611902105597e+02 8.528291640639770321e+01 7.103425912279226395e+01
7.409815710620451057e+01 5.614841952827449489e+01 6.201134436068802103e+01 5.744453135278290290e+01 4.733165331705991008e+01 2.729401170667435039e+01 4.551601624244730715e+01 4.122376809004889253e+01 5.989759810964993392e+01 6.931065199906636565e+01 7.766185398692984165e+01 7.894751951002702128e+01 5.887216335646791521e+01 4.473083706697977391e+01 5.657845306605882740e+01 6.488393084912556219e+01 5.332515945926731860e+01 3.327754924612372633e+01 3.822179001319162950e+01 4.358217625818345908e+01 5.515214819065968044e+01 7.518680815180681520e+01 9.263923147055865570e+01 8.384885562544462800e+01 6.386348101194757021e+01 8.384885562544462800e+01 8.268847086672219859e+01 6.337647466640160587e+01 7.076158357863191384e+01 8.078103649698647359e+01 8.849713474228035182e+01 7.025047477770898752e+01 8.024125668442258075e+01 9.762681168663993958e+01 1.058626637609114454e+02 9.533553150196260617e+01 7.523071489631418274e+01
7.616569700627469786e+01 7.616569700627469786e+01 6.835499769158789718e+01 4.833286575362531323e+01 3.417672928314136271e+01 4.542853894814876980e+01 2.548248734892453982e+01 3.955912896789860866e+01 5.887633595493814198e+01 4.854877533289805314e+01 6.577648939628136304e+01 7.766185398692984165e+01 7.306260889484377685e+01 5.657845306605882740e+01 3.659126612750056040e+01 5.622234903963381214e+01 4.792326872047917874e+01 3.089546717160831335e+01 5.094594585010944598e+01 6.361979183011587224e+01 7.191591304787107219e+01 8.348120003294702940e+01 9.063783979903192289e+01 7.718706408761222804e+01 5.719309080890252517e+01 7.718706408761222804e+01 7.442703350183619193e+01 5.443483476629310047e+01 6.626525254543487620e+01 6.079405460528289495e+01 7.081639701251640417e+01 6.024811019065970186e+01 8.024125668442258075e+01 7.766244409005541627e+01 9.762681168663993958e+01 1.036692502766261583e+02 9.533055140519961412e+01
9.103021312863241121e+01 7.100447778533452947e+01 6.204884801796365679e+01 4.203102646547239374e+01 5.419721242444280307e+01 4.425407515573390782e+01 2.422122029680863520e+01 4.251726514129672552e+01 4.711800213244003288e+01 3.691222734790776627e+01 4.854877533289805314e+01 6.931065199906636565e+01 6.573805761822731597e+01 4.571545484149683602e+01 3.159105975724232351e+01 4.514250072484473009e+01 2.787086553362081887e+01 3.343575473281799049e+01 5.348042876585719796e+01 6.952036107421551492e+01 7.779849842589031539e+01 8.934648213888846158e+01 8.238623541633484137e+01 6.240250210878222248e+01 5.141346465943600919e+01 7.141530116029566955e+01 8.268847084797739910e+01 6.626525254543183507e+01 4.627755153526157983e+01 4.666015957231736877e+01 5.082597590332061799e+01 5.685000208217679329e+01 6.351575318847904583e+01 7.766244409005540206e+01 9.762681168663993958e+01 9.889123793370018234e+01 9.071567114573367974e+01
8.516862024740328252e+01 6.513749787816108494e+01 5.097908084417254315e+01 6.204884801796365679e+01 5.242878641935856621e+01 3.240449964463147836e+01 4.250835864240470130e+01 2.248547143710677076e+01 2.785172775275925261e+01 4.111590364475453185e+01 6.160834970410934375e+01 6.866940987056494805e+01 6.037107633199001810e+01 5.538889965860903430e+01 3.737083261923039856e+01 2.509313010437358926e+01 4.514250072484473009e+01 5.348042876585719796e+01 4.240596100124203360e+01 4.949368371370199782e+01 6.105981448407230516e+01 8.107768264625310906e+01 8.068680275293789350e+01 6.606958549654662249e+01 4.606002036122304588e+01 5.957762531162511266e+01 6.784916866027953120e+01 6.110445033597461872e+01 4.111388352161138471e+01 6.110445033600901610e+01 7.081639701251640417e+01 7.684516571415568365e+01 8.350987197699407716e+01 9.176255392548340240e+01 9.889123793370018234e+01 8.752911549081676412e+01 7.105983555361105175e+01
8.516862024740328252e+01 6.513749787816108494e+01 7.100447778533452947e+01 6.186781237064135297e+01 4.184461459679771167e+01 5.242878641935856621e+01 4.131855471002778302e+01 2.129121898379450428e+01 3.964356166815739613e+01 4.715303554349040382e+01 5.746807027216013353e+01 6.037107633199001810e+01 4.033931107207092737e+01 4.620647927756416351e+01 4.097178003135238811e+01 2.332606603660088140e+01 4.336284805940749720e+01 5.846461126966597277e+01 6.243986139108844924e+01 6.952036107421551492e+01 7.779849842589031539e+01 8.655211640947938179e+01 6.657395089334484339e+01 5.242495123847345440e+01 4.534359151098178131e+01 3.955990358278922514e+01 5.472261466031851995e+01 5.809075899646865793e+01 3.809227126198650382e+01 5.392078604448555978e+01 5.958931999706954485e+01 6.625295742473845451e+01 7.451325480769507692e+01 8.449675987632912211e+01 9.071567114573367974e+01 7.105983555361105175e+01 5.965973235530915986e+01
9.345490588396461362e+01 8.516862024740328252e+01 6.866923111912434763e+01 5.450435441639782397e+01 5.599978023904450453e+01 5.738716557297407661e+01 3.754266311215375396e+01 3.758071022590712573e+01 1.961752506908215565e+01 3.073886998387384750e+01 4.924000262388342009e+01 5.883702086609594062e+01 4.620647927756416351e+01 2.617688977389875404e+01 2.094669059016946733e+01 3.902794180411669345e+01 3.186340063680614421e+01 3.853162701609840468e+01 4.744372755531672681e+01 5.892560201961773458e+01 7.893056322419566584e+01 8.655211640947938179e+01 6.657395089334484339e+01 6.535418651884123165e+01 6.535418651884123165e+01 5.472261466031851995e+01 3.470167949271459662e+01 5.018876564184336075e+01 5.392078604448543189e+01 3.390332792857509503e+01 3.958808306956337475e+01 4.626204969598317263e+01 5.625914334016388096e+01 7.624688218018367536e+01 9.197437401765526488e+01 8.060468562348955857e+01 6.951355076539191202e+01
8.951038188014318564e+01 9.699580209537238318e+01 8.283251660724845067e+01 7.453855053690168120e+01 7.603449512718361802e+01 6.567905132331830487e+01 5.375438421727874783e+01 3.847352873175523058e+01 1.844986057943182800e+01 3.686795978516790484e+01 3.574313177558337173e+01 4.178163985285427628e+01 3.051043146347778290e+01 1.861816907136471144e+01 3.863600616631831031e+01 3.726137443998808152e+01 5.182018438389419401e+01 5.846461126966597277e+01 6.675456384609174165e+01 7.568534856745409911e+01 8.724786332913562603e+01 9.479965461253077308e+01 8.655211640947938179e+01 8.533104160555066642e+01 7.471675897291713397e+01 5.472261466031852706e+01 5.018876564184336075e+01 3.016642047580367247e+01 4.749658022323230711e+01 3.102434953034504161e+01 5.106114917078421911e+01 6.625295742473845451e+01 7.451325480769507692e+01 8.449675987632896579e+01 8.380766293493502417e+01 6.412443891750528735e+01 5.267236130301280639e+01
8.918418419829787069e+01 8.090116273889861986e+01 8.918418419829787069e+01 7.910760844861101759e+01 6.909221524695014693e+01 6.079901156082578240e+01 4.557030666057720225e+01 2.552805507508260163e+01 3.681824299001063139e+01 1.684996328154817746e+01 1.573217002706096856e+01 2.233464715632327469e+01 1.636828910278294202e+01 3.637616474107059616e+01 4.693353867381393485e+01 5.721796914713173976e+01 6.550943966349960590e+01 7.606127774287821808e+01 7.727834398318752562e+01 8.556768671305604812e+01 9.221396028616611318e+01 8.398330884163901544e+01 8.447695870286638353e+01 7.864164664290903772e+01 7.223107956878229174e+01 5.225137404045476330e+01 4.709896120606045855e+01 2.707520612359487444e+01 2.746576096233001252e+01 3.767021005901739983e+01 4.941861759628598350e+01 6.931380260503519253e+01 7.735997590460280549e+01 7.636754006697137243e+01 8.469029860647361829e+01 8.060468562348955857e+01 7.244354824995224362e+01
7.917891322822829636e+01 6.088500439611753734e+01 7.917891322822829636e+01 7.081822446961686524e+01 5.077979865203467114e+01 4.075458245903958954e+01 3.407250748574077193e+01 3.969990412703986493e+01 4.409156423148876769e+01 2.904456579985226128e+01 3.416507161520350877e+01 1.415751874368160124e+01 3.324406410360654718e+01 4.421084346767586482e+01 5.931748381932872860e+01 5.102368031076898802e+01 5.603119474340819295e+01 5.603120223248938458e+01 5.724669238356644030e+01 7.727834398318752562e+01 8.070365981182577286e+01 6.401959733791683504e+01 6.451694869890647510e+01 5.866630724607710334e+01 6.639225344412058405e+01 4.639403000757405948e+01 3.223298539716933675e+01 2.405423146010326363e+01 4.408051140638866627e+01 5.468595172576048213e+01 6.387365534663227606e+01 6.111173138761786561e+01 5.714036178358946927e+01 5.576784699399721035e+01 7.044016445466674270e+01 9.067749065947693055e+01 7.355170373744360290e+01
