LEM/with_lateral_4open/elevation_000650.asc
nrows	100
cellsize	150.0
xllcorner	0
ncols	100
yllcorner	0
NODATA_value	-9999
[rows 51 to 67 of 100, columns 0 to 36 of 100]
6.455108993161302877e-02 1.006455108993169922e+01 2.420668671366290070e+01 4.420668671366360769e+01 5.565505213704994247e+01 5.565505213704994247e+01 6.393956363388095099e+01 6.938107341262438865e+01 4.948060489139899687e+01 3.593348475473038661e+01 2.532263738037648437e+01 4.412289301438775624e+01 4.779246207709490335e+01 5.602634628537043682e+01 6.740116901102491909e+01 7.151447120420779413e+01 5.141579152997184110e+01 5.247194782039708372e+01 3.119787820900568320e+01 4.181098117336924247e+01 3.709903612476571766e+01 1.814391785782421707e+01 3.843784864000028989e+01 4.792111822797621556e+01 5.537673853110685229e+01 6.369975129813124681e+01 8.213945156307754303e+01 6.421876176970289407e+01 4.558854973972201918e+01 6.421876176970256722e+01 5.616773665786372760e+01 7.542950480929380319e+01 7.889681885710886888e+01 6.658955008790998420e+01 5.807554823787494769e+01 4.300976501994128398e+01 6.348551027536458946e+01
3.995603441288197999e-02 2.003995603441252626e+01 3.136855033314171948e+01 3.803521699980885273e+01 4.631948824728362979e+01 5.631948824731417602e+01 7.046162387118587844e+01 6.447077580063155722e+01 4.473382109705302412e+01 3.137640998867840381e+01 2.217013201268870404e+01 3.679838048510616488e+01 2.875022467222825284e+01 3.954335969160485575e+01 5.906114418630762941e+01 6.286946641184993467e+01 5.324944005962647253e+01 3.470031770469503840e+01 4.181098201454702235e+01 2.173765553367352155e+01 1.690726259122454067e+01 3.718521297159981032e+01 2.488925487769783729e+01 4.521215250896445070e+01 5.260726765537746275e+01 7.264599400038130739e+01 8.253112134204832273e+01 6.294760136682856455e+01 4.974126426120810862e+01 6.868348156806816007e+01 7.542950480929380319e+01 6.966843894865736786e+01 8.933794814376705062e+01 7.919015818284755426e+01 5.895018913392395632e+01 4.698581050160125727e+01 5.736917234082236661e+01
4.804567899273937126e-02 5.595047641245054493e+00 1.136855033314136243e+01 1.803521699980814574e+01 2.803521699980832338e+01 4.217735262353977532e+01 5.545350355575727974e+01 6.133666091765014983e+01 5.878737812515827699e+01 4.909369967713706728e+01 3.679838044179691536e+01 1.793056496828623025e+01 3.679828319056567665e+01 4.402527142520641945e+01 5.222133692900440849e+01 4.277387043102380204e+01 4.482553129990338192e+01 2.444165745904658138e+01 3.421756987244199166e+01 3.508005244433199010e+01 1.604436183930504711e+01 3.631070022935352171e+01 4.521215250896445070e+01 3.235493148154644416e+01 5.260726765537745564e+01 7.092553118598831929e+01 8.091761100901683790e+01 6.508422624219262786e+01 6.868348156806816007e+01 5.791794484495338224e+01 7.739298373063564895e+01 8.933794814376705062e+01 9.759005702044710517e+01 8.760274396810675057e+01 7.208717576827042706e+01 5.178690227540612057e+01 7.208717576827042706e+01
9.707512844716031930e-02 2.009707512844680366e+01 3.136855033314171948e+01 3.803521699980885273e+01 4.631948824728362979e+01 4.958349476431856573e+01 3.539500443455056455e+01 4.127000280672763211e+01 5.038077635496971851e+01 4.781654407623133807e+01 2.857357992699254368e+01 1.516312400590287446e+01 3.051403023119247848e+01 2.492531094382462342e+01 4.401907960209155846e+01 2.844235109930938776e+01 3.215718692897806363e+01 2.009081495524931782e+01 1.397635547496129149e+01 1.482804799825641062e+01 2.594969471783462822e+01 4.353085115996829302e+01 6.089174173856706318e+01 4.672536647798570897e+01 4.254691414266284966e+01 5.265782314450788704e+01 7.267759174630604946e+01 7.889559190967537461e+01 8.561658877244032340e+01 6.904347071680562919e+01 7.160242920056067817e+01 9.137261901080358939e+01 9.345228424955469393e+01 7.374064885086170307e+01 6.210258529058934585e+01 5.912719216801941258e+01 7.917522616133706492e+01
5.001202446392439237e-03 8.170068466456337219e+00 1.817344309484212772e+01 3.240416740013061769e+01 5.310929290579549900e+01 4.127000280672763211e+01 2.130662296905659758e+01 4.126950324235613721e+01 3.093533583109259411e+01 3.923196818614343329e+01 2.985376053238116256e+01 2.555311050760114711e+01 1.132613377251808728e+01 2.930182188209331784e+01 3.027996052942804894e+01 3.087905967039250754e+01 1.194012970069431034e+01 1.278162968287067969e+01 3.300761293318323197e+01 1.943781152963267544e+01 3.156790863999347962e+01 4.460845198045206672e+01 6.415318614548645826e+01 6.680743325037487068e+01 6.266766184159856579e+01 7.092553118598831929e+01 8.091797552736915122e+01 9.870620631969414660e+01 9.705034892020968584e+01 8.879863061675618496e+01 9.137261901080358939e+01 9.963074834432008231e+01 1.016329408952294671e+02 9.024596035099756364e+01 7.374064885086170307e+01 7.339677264259923106e+01 7.339677264259923106e+01
5.279685921607564503e-02 2.005279685921572153e+01 3.653802322677825742e+01 4.676511326777296063e+01 5.110644721851380723e+01 3.420877761708340614e+01 1.427007874170724477e+01 2.536497690888077727e+01 1.730174509091995105e+01 2.660637617672203703e+01 7.454148509166003578e+00 8.091346655099975749e+00 8.729669327266091017e+00 9.405465559070147918e+00 1.008016132901108719e+01 1.075395908386051502e+01 3.096069451523868565e+01 3.005884615981013752e+01 4.070739063278008274e+01 4.483238734162213746e+01 5.097029401132581228e+01 6.091427853666279901e+01 6.852494781578604943e+01 6.222988736094347928e+01 6.827811253306947492e+01 7.534799547024060473e+01 8.357167722155622869e+01 9.504864365827685901e+01 9.686846479037316726e+01 8.866562679180798057e+01 8.866562679180798057e+01 8.866562679180798057e+01 9.686846479037316726e+01 1.016329408952294671e+02 9.345228424955469393e+01 9.312564701581652571e+01 9.312564701581652571e+01
5.738623160518319517e-05 1.949513363837904123e+01 3.223518131516916441e+01 3.360038980434033817e+01 3.291181467707917818e+01 3.193703668926196571e+01 1.981123919014387269e+01 5.323532299505746579e+00 5.937096513128627073e+00 6.557657369744303466e+00 2.021591936606025541e+01 2.781800847916171904e+01 1.151830559215035521e+01 2.958342112185216166e+01 3.028010882510465862e+01 2.396620839215243493e+01 1.235037497667759787e+01 3.256581145348469875e+01 4.251528926459487678e+01 5.014532836314261033e+01 5.844431773692485876e+01 6.261215420120998232e+01 4.845811665765640441e+01 4.210321107183145273e+01 4.821841898954475170e+01 5.535134680196556900e+01 6.693593209326286342e+01 8.683908774143692710e+01 8.866562679180798057e+01 6.876986099230109062e+01 6.876986099230109062e+01 6.876986099230109062e+01 8.866562679180798057e+01 8.851541731147806047e+01 9.068206256079723460e+01 9.889852665694307632e+01 9.973832656567778088e+01
4.532054705376769438e-02 2.001277804323390086e+01 4.947078755043572862e+00 1.506490352913002795e+01 3.097153893218355236e+01 2.277562471853492809e+01 4.465899492799202619e+00 2.449298850717884690e+01 1.958426218315937462e+01 2.568845729539687994e+01 1.287643625677846337e+01 3.225016671528255330e+01 3.171568660459406885e+01 1.552645885165798134e+01 3.576300385671012805e+01 3.922955887664837604e+01 3.256651482432987166e+01 1.395506017008406374e+01 3.418917105970817261e+01 2.989570233135092536e+01 5.014532194966952261e+01 4.777143159538923101e+01 3.410357444496423795e+01 5.433555542694750073e+01 6.827811253306947492e+01 7.534799547024060473e+01 8.357167722155622869e+01 8.329942930765582787e+01 7.747924814319028997e+01 7.459719587807730079e+01 5.458943686183887678e+01 7.459719587807730079e+01 8.267231251573629436e+01 6.861464364066281973e+01 7.079389934967800002e+01 8.573493381161824800e+01 7.993453861364969271e+01
9.001595176218035732e-02 6.933129291689423823e-01 5.255805866698632478e+00 2.103893854840362820e+01 2.274520368013208582e+01 3.612472659201058089e+00 2.362388475046066461e+01 3.278337036947203131e+01 3.757016891173865503e+01 2.048942971530055601e+01 3.225487040937250072e+01 2.656070967652992465e+01 4.408974364926760359e+01 3.576300664699843423e+01 1.971637480172939405e+01 3.999046351012687239e+01 4.253458614189064946e+01 3.418917774143475441e+01 1.557216821673442197e+01 3.582665574543472076e+01 4.164738311158541961e+01 2.746026740397915589e+01 4.777142691482378467e+01 6.261120073484390502e+01 6.368623993859414156e+01 7.192889745783460853e+01 8.226182893724309508e+01 6.334839617925841537e+01 5.749517520154429917e+01 6.147156570217272531e+01 4.900185703693556150e+01 6.425558050020873679e+01 6.811414821182039248e+01 5.442845051783617549e+01 6.000791801222352007e+01 6.581222116396794775e+01 7.582304091162525594e+01
5.674351268809080251e-02 1.927758314282137064e+01 1.549123678592090547e+00 2.154071171259840600e+00 2.758071742719104602e+00 2.275872859448576691e+01 1.775891596721934462e+01 3.778317365803670214e+01 4.467553301974338353e+01 2.595606167226432248e+01 4.467553301974338353e+01 4.024680314604820808e+01 5.413512893530992187e+01 4.304947644972583731e+01 2.275836619865529897e+01 4.304947644972583731e+01 4.864203056203339059e+01 2.837915309103262373e+01 3.582666004280802952e+01 1.722197239734563468e+01 2.132467672926288316e+01 4.051702916168912338e+01 4.178595374439121457e+01 4.945883511528847265e+01 4.356572197390686085e+01 6.368623993861000088e+01 7.311066943082042258e+01 5.429886342650670628e+01 4.325049790333579125e+01 4.135766633220332977e+01 5.898279164339906799e+01 4.418122669027219729e+01 4.806444224895187745e+01 5.967296283253147493e+01 7.964502187798301236e+01 8.573493381161824800e+01 9.394388842243849069e+01
9.518805923843161321e-02 2.008810507033143367e+01 2.787235376069555315e+01 2.223215790479250131e+01 7.694288351184741082e+00 2.677260091780563656e+01 3.778317295465791403e+01 4.606996276842127003e+01 5.094885465577311123e+01 3.212888974772231876e+01 5.094885465577311123e+01 5.988365074306634028e+01 6.399654001182474872e+01 4.621834901064121937e+01 2.592775675536986668e+01 4.621834901064121226e+01 5.694402743109039022e+01 4.274411240974774984e+01 4.554874314631985754e+01 3.600919980137165055e+01 1.895409567952680518e+01 2.019621657135286341e+01 2.144728379057693246e+01 2.915578349378295897e+01 4.945888524472388781e+01 6.617809003594638284e+01 5.966174098831109518e+01 4.558342016555162957e+01 3.413229398257342240e+01 3.648456220927484139e+01 3.885399633544208342e+01 5.898381554563390949e+01 6.811414821182040669e+01 7.635679297821263845e+01 8.786693316968136003e+01 9.513169833351608418e+01 8.692352860017953731e+01
9.062254805971975413e-02 1.423273390663363891e+01 3.422824929760070489e+01 2.677246880888724689e+01 2.087069356959796096e+01 1.741207826610775555e+01 2.894538695067522127e+01 4.923688951102595013e+01 5.907402282847056796e+01 4.135354471935772125e+01 5.907402282847056796e+01 6.990858994166826790e+01 4.986635722609280208e+01 3.554580245554053874e+01 2.971891766626397313e+01 4.998090573921884072e+01 6.446259031436756004e+01 6.288086502421006685e+01 5.364272239039860324e+01 3.338239484719500894e+01 3.332894111868961318e+01 4.051706871087745299e+01 4.117902890749174816e+01 2.325919648121370287e+01 3.770150804948499967e+01 4.714132357380187699e+01 4.872566532800770034e+01 3.121764236152974092e+01 5.151351829452523390e+01 5.665938733274733607e+01 5.898381554563393081e+01 4.328569691816176856e+01 6.336561233512183122e+01 7.135193923861730525e+01 7.494695753820369077e+01 7.879428039353334157e+01 6.701101850143010097e+01
3.063233560239582431e-02 1.417283570018917160e+01 3.417717838174492329e+01 4.694326116780939628e+01 4.102106772690330416e+01 3.158260462344178876e+01 4.588771598825629638e+01 5.757619640107603232e+01 6.876567416837906421e+01 6.054416459228424685e+01 6.876567421218996401e+01 6.990858994166826790e+01 4.986635722609279497e+01 5.573659127836598515e+01 3.743802766489852019e+01 3.618320132417898094e+01 5.043733598035716170e+01 6.995381378408279716e+01 6.204678913471790480e+01 5.375015113668899858e+01 5.356928590592870876e+01 4.947392866040971171e+01 2.916648953882227602e+01 4.297766088228227233e+01 2.519627873932784112e+01 2.677513885001262395e+01 2.837447124806110565e+01 4.872566532800770034e+01 5.539332171764154822e+01 6.366593841181026647e+01 7.161908072631278799e+01 6.336561233512183122e+01 4.791495506097597712e+01 5.131766979461326628e+01 5.493074276614846951e+01 5.880300441831640512e+01 6.516502467488213313e+01
5.666595628964066211e-02 1.419880158002071546e+01 3.419880158002141712e+01 4.709842989535690094e+01 5.531938957465435180e+01 5.185955238368915587e+01 5.702889157349709848e+01 5.289662687338935143e+01 6.116981302819948496e+01 7.009256151994617312e+01 8.162953714012559203e+01 7.813934373533653854e+01 6.990858994166826790e+01 5.393165844065222103e+01 4.913127893027261450e+01 5.636200316681066624e+01 4.360650303857146781e+01 5.784874036772302475e+01 7.780425830299668633e+01 7.106012762944536121e+01 5.570847491772218518e+01 3.550621897504424851e+01 4.947392866040971171e+01 5.357111219928207646e+01 4.556449418742474222e+01 2.934688224608596840e+01 4.872443841752353677e+01 3.232017008252532264e+01 3.518684590972828374e+01 5.539332171764154822e+01 6.780722812760919282e+01 7.620884069819933870e+01 6.796552291358159437e+01 6.551523696330326629e+01 6.911907762003214373e+01 7.039172382365811131e+01 8.509747446014797845e+01
2.110006612196471329e-02 2.002110006612160831e+01 3.433568414654485679e+01 2.844716084833016367e+01 3.883450230958182203e+01 4.653541342535054071e+01 3.710039018750891415e+01 3.297799720168651305e+01 4.187604385152998532e+01 5.336983369575663261e+01 7.334529468370216421e+01 7.722356177959451884e+01 8.215167496797536728e+01 7.393464447169024822e+01 6.333881984961759315e+01 6.947637927130688240e+01 4.944602892647236558e+01 6.947637927130688240e+01 7.692705295980822200e+01 5.696693301615311356e+01 4.271815499888283085e+01 4.984254400751795799e+01 6.397463447180460605e+01 5.389189475294588760e+01 3.364929402095076227e+01 4.967157680611783377e+01 5.796395320902121995e+01 4.671068376142767420e+01 5.539332171764154822e+01 3.941518091692740455e+01 5.954595945592570416e+01 7.223147217173989532e+01 8.633282149747829237e+01 8.544298503180387172e+01 8.901670427373072414e+01 9.027238612284175190e+01 9.848160144089948176e+01
9.367352646185668485e-02 2.009367352646150096e+01 1.692369622052804701e+01 2.694359315940111443e+01 1.544942741711379242e+01 3.492900980445614323e+01 2.294999059777506289e+01 4.033569818635803728e+01 4.863027457937688780e+01 6.550229712499776724e+01 5.721012925402259697e+01 5.721012925402259697e+01 7.184464457155841899e+01 8.014167078537849420e+01 8.326092816636561622e+01 7.613365804354789645e+01 5.616182172682468376e+01 7.613365804354789645e+01 7.223944422665748277e+01 5.224318407945548159e+01 5.436902729109046106e+01 6.987008487708062887e+01 6.850961299853581465e+01 4.845900786335218413e+01 3.675320958120121162e+01 5.106712758179573086e+01 7.110094612287171856e+01 6.678798005578420316e+01 6.780736473587195690e+01 5.368497503325944820e+01 4.390086415546349485e+01 5.812914241699375850e+01 7.454093009670181402e+01 8.028512972847757112e+01 8.845844932324249044e+01 9.729525296930420097e+01 1.086611549854862488e+02
3.648181865326004941e-02 2.286867348248744936e+00 4.552560721708423408e+00 6.880853469234310182e+00 1.565234252386912672e+01 3.043553253554658156e+01 1.685896209517702360e+01 2.017139040520886795e+01 4.033569870722047312e+01 4.936426500826861030e+01 3.720702344019494490e+01 4.427934382654105860e+01 5.183632507209393481e+01 6.338374190237546202e+01 8.340245255661005785e+01 8.433540076014810438e+01 6.619378176035688455e+01 8.433540076014810438e+01 7.977241285028475204e+01 5.984205123811428706e+01 7.434795756763874408e+01 8.257528351202914507e+01 7.667578542237428962e+01 6.019221795337350045e+01 4.007335043508881967e+01 6.019931630126976785e+01 7.473374283735381596e+01 8.295315459361059141e+01 8.192975443848482087e+01 7.101093329116322650e+01 5.103074320673140107e+01 4.920056256803660943e+01 5.458063117839082423e+01 6.038668118790845796e+01 6.935082621207030229e+01 8.082049457937195314e+01 1.004837568736560627e+02
