LEM/with_lateral_4open/elevation_000612.asc
nrows	100
cellsize	150.0
xllcorner	0
ncols	100
yllcorner	0
NODATA_value	-9999
[rows 34 to 50 of 100, columns 37 to 73 of 100]
6.773133043240669338e+01 6.183485732777589305e+01 8.196667577177456110e+01 7.564232436022501815e+01 6.731997064074255377e+01 5.958070398676555612e+01 3.983162257287576580e+01 5.958070398676555612e+01 7.569045026176864610e+01 8.819286586808262030e+01 9.235771453501683936e+01 7.618901321986659525e+01 5.619254828988871964e+01 4.231990100258777687e+01 6.105463283569791599e+01 4.449714869311581822e+01 6.414143455704171970e+01 7.483850988386916470e+01 8.610038910652168909e+01 7.450644742495266826e+01 6.689385984379593708e+01 8.673789538696554757e+01 1.047865417984306617e+02 1.146411817888814966e+02 1.091373216511562276e+02 8.875569260125058690e+01 7.703367924755499985e+01 7.095390852002194038e+01 6.542123009496560826e+01 7.312490629093525740e+01 8.439027233871902922e+01 6.427347353455277812e+01 5.025583189448569499e+01 6.387025707027289201e+01 6.443674560070526525e+01 5.071025869110537343e+01 6.449197836855033472e+01
7.367428805026639793e+01 8.196667577177456110e+01 9.033058410517949710e+01 7.825405635875084442e+01 5.826568966243884518e+01 4.433317569278649728e+01 5.958070398672907686e+01 4.752468379894867923e+01 6.736124240217472448e+01 8.640620787658615143e+01 9.152125887361448520e+01 8.315643093936856189e+01 6.401481296604974602e+01 4.426242866024122691e+01 6.401481296604636384e+01 6.414143455704171970e+01 4.771362772992946333e+01 6.094800236082546263e+01 7.418119065393256051e+01 6.041002478322995017e+01 8.029964022198318219e+01 7.686874453321668454e+01 8.676805073528183243e+01 1.064460385348273519e+02 1.175960561758307961e+02 1.058220270501520730e+02 9.736998263267008724e+01 9.123835645528272664e+01 7.906160064149281652e+01 5.901975451776581849e+01 7.315161240403438114e+01 7.033510907575866611e+01 6.387025707027242305e+01 4.397498951710104365e+01 4.478677589113897994e+01 6.443674561823345925e+01 7.877180368155292456e+01
7.279686307470660722e+01 9.299464130388261651e+01 9.499864894655753744e+01 8.337124621878405151e+01 6.747263150715124880e+01 4.763906526409216013e+01 6.747263150713961011e+01 5.890693187686733268e+01 5.805497811813236808e+01 7.804791861612305581e+01 8.315981349630392572e+01 6.307200901976806051e+01 6.599048146125251435e+01 4.622601300533319346e+01 6.601366796708268225e+01 7.560972455517084256e+01 6.739993526173084604e+01 5.106022007770854998e+01 5.473041472364190696e+01 7.458034467897424236e+01 8.848745055674304183e+01 9.660704463505462058e+01 1.047865417984306617e+02 1.146411817888814966e+02 1.153555817002109904e+02 1.051614122822838340e+02 9.670908738484388323e+01 8.951995856735231882e+01 8.410300514355847668e+01 7.315161240403438114e+01 5.323641670368554202e+01 5.044442350665196528e+01 4.774241092940955156e+01 6.071461307317462541e+01 4.079281260689868560e+01 5.994554886318115905e+01 7.078497897773142711e+01
7.500539574308538704e+01 9.520802054599367636e+01 8.662494807413064279e+01 6.651744522966728823e+01 5.505833029422034741e+01 5.225267252841764787e+01 7.216632422469214703e+01 7.300718494854994844e+01 6.953994582667233715e+01 8.640620787658615143e+01 8.354580538541779333e+01 6.309459799023383653e+01 4.911717148768155994e+01 6.596960883302470791e+01 6.014130900290291493e+01 8.035775686133570161e+01 7.406691478081076241e+01 5.422716876812061315e+01 7.406691478081076241e+01 8.278777438406871170e+01 8.800280606303989828e+01 9.620084135841169370e+01 1.100523713555482743e+02 1.182626540078327508e+02 1.068960583654003926e+02 8.652211640428748751e+01 7.637516043415621425e+01 6.925157477540363971e+01 6.393779211143016283e+01 5.901975451777334314e+01 7.314483431472045538e+01 6.444144834322256088e+01 6.762833569976086778e+01 6.146689952964437964e+01 3.885838958168267254e+01 4.834579131594678358e+01 6.159499408085456196e+01
9.520802054599367636e+01 9.672646131955457349e+01 7.652347236690235377e+01 6.496950744504677289e+01 7.501587589414855017e+01 5.716935959998448169e+01 7.716531243292810416e+01 9.316081099214866867e+01 8.967002558121944844e+01 9.804220746464028480e+01 8.543033778455118465e+01 6.524925575606086170e+01 5.124715788806908989e+01 7.107578656460096056e+01 8.026351136577100931e+01 8.882890659481529383e+01 8.228552092848862287e+01 6.566197853976352405e+01 5.922002511179562134e+01 6.310306876374915674e+01 6.809434238760042035e+01 8.800280606303989828e+01 9.031178745445559741e+01 1.100523713555482743e+02 1.153555817002109904e+02 1.051614122822838340e+02 8.578214942059544512e+01 8.951995856735231882e+01 7.533955451630140487e+01 7.312491876541584190e+01 8.745539832706955963e+01 8.456724897465235813e+01 8.155827772924513397e+01 5.994024954983202491e+01 5.613633164866500636e+01 3.617333260023011121e+01 5.613633164865898095e+01
1.062172087796832471e+02 1.051040249198465517e+02 9.343565838051877392e+01 7.652347236572117595e+01 8.321963638063229496e+01 6.313971548683410617e+01 7.346462757941318955e+01 9.363147172991516243e+01 1.026930045853073494e+02 9.426850733913809677e+01 8.748763440603964625e+01 7.373960296192134933e+01 5.375972529426034185e+01 5.760403328763717923e+01 7.766485041117125832e+01 8.982497858290470560e+01 9.375417008139267239e+01 8.554826955759070017e+01 6.917800663905610747e+01 7.721790615747825370e+01 7.378584944444605753e+01 7.627518088544508146e+01 8.622542961071167156e+01 1.001771279815318678e+02 1.199276147295646098e+02 1.146067268698646870e+02 1.061513020263283238e+02 1.040711774889929728e+02 9.562350477090996037e+01 9.339459356654954547e+01 9.391007590668350247e+01 8.550930752230823373e+01 7.807232898730714510e+01 5.894995067075267059e+01 4.559927111257370314e+01 3.432539599996756863e+01 5.177060924603299696e+01
1.009874405707980003e+02 1.092976929941011122e+02 1.051033408188429945e+02 9.672643726794886732e+01 8.993870185205246059e+01 6.978150543779197790e+01 8.993870185205246059e+01 1.020060681577059682e+02 9.426850733913809677e+01 7.392588853984257469e+01 6.723806066067814413e+01 6.149462842309517185e+01 5.667558530097425518e+01 7.672789448756225283e+01 6.439899785120226738e+01 6.955180353508217195e+01 8.982497858290477666e+01 9.726244493453998530e+01 8.326551934249725662e+01 9.704692101220868494e+01 8.193434195814516841e+01 9.609367061450360836e+01 9.609367061450362257e+01 1.141655423092818182e+02 1.120183254917106552e+02 1.035704591794802525e+02 1.035704591794802525e+02 1.001498071808722301e+02 9.172971526162191935e+01 9.047917123541010653e+01 8.550930752230823373e+01 6.539853455021368234e+01 7.128884357883700318e+01 6.557256682335656706e+01 5.400884085185471406e+01 3.399032056852099259e+01 3.175714445148369336e+01
8.117874525831859955e+01 9.281316443199520450e+01 1.010926854145046150e+02 1.125903269725098284e+02 9.832099107502227753e+01 7.981602040383708641e+01 9.832099107502227753e+01 1.086974866408870355e+02 8.829182842115311303e+01 9.426850733913809677e+01 8.748763440603964625e+01 8.018129521028306783e+01 6.005163030130041335e+01 6.603712697621871541e+01 8.459046729391161534e+01 8.982497858290477666e+01 7.814553793569551488e+01 9.850723566849679003e+01 1.030556304188701660e+02 1.099086331127671485e+02 9.336629103699979737e+01 1.099086331127671485e+02 1.158495567653826015e+02 1.144037231698471260e+02 1.035704591794802525e+02 8.333629996581079524e+01 8.333629996581079524e+01 8.438616513348891601e+01 7.159574476738298188e+01 7.034851612922200559e+01 7.264369809922244769e+01 7.128884357883700318e+01 5.124296188316601786e+01 5.723611191856317504e+01 3.721264968741495949e+01 5.400339008594013990e+01 4.069917998845465945e+01
7.132661533921488228e+01 7.304704194315770849e+01 8.442697190997824919e+01 1.042689164580976779e+02 1.084416955979076818e+02 1.000613833002677779e+02 1.084416955979076818e+02 1.170941807494615290e+02 1.086974866408870355e+02 1.099276205168762459e+02 8.952395617447454867e+01 7.515166859408739697e+01 6.355347660626353701e+01 8.375190698234612796e+01 7.608879816235432259e+01 9.643967684691591558e+01 9.850723566866597025e+01 8.831504088757102977e+01 1.001171589230274748e+02 1.204230313774547483e+02 1.131055939017467011e+02 1.213211609751611348e+02 1.203668338944305702e+02 9.997351424337259118e+01 8.568606018499025367e+01 7.671710065833383396e+01 6.915608178712966492e+01 6.430741854320257289e+01 6.004450629096171355e+01 5.619547802178441742e+01 5.260252828410283854e+01 6.770988634101261994e+01 6.057386910440784789e+01 4.054732599076675825e+01 5.723611190482071720e+01 6.551317070253163877e+01 5.481003519913141986e+01
6.250609315287594114e+01 8.224772754367566563e+01 1.010926854145046150e+02 1.061164678897465450e+02 1.020148608332218743e+02 1.102458184256246909e+02 1.191082718842864239e+02 1.305844855625882133e+02 1.148364897475890842e+02 9.442297171204447181e+01 8.263599040153167152e+01 7.251424684793327913e+01 6.839150625248120718e+01 8.867021669427825259e+01 9.643967684691591558e+01 8.894139764566845940e+01 1.093424099170175197e+02 1.027613066452185251e+02 1.086994304497609534e+02 1.287147110119967692e+02 1.203473802462154225e+02 1.120451370396268089e+02 1.203473802462154225e+02 1.144037231698471260e+02 1.053224007589214040e+02 8.926274798788629994e+01 8.926274798788628573e+01 7.586288270545128398e+01 8.010536197691709503e+01 7.624456398699909698e+01 5.767942658123327959e+01 4.767681960024901144e+01 4.447224404606542691e+01 6.057386907658722208e+01 4.949615435209538106e+01 6.953592860021028343e+01 7.460692223263680489e+01
6.987730221503366579e+01 8.964519085091360751e+01 1.003703209078121432e+02 8.638509045636826045e+01 8.231369337568528977e+01 9.108273329735392565e+01 1.024736178714013732e+02 1.223139710331879115e+02 1.232194332994752699e+02 1.072748008492848015e+02 8.686566855815830479e+01 9.284336500809591541e+01 7.549910936049809607e+01 7.917602239614382142e+01 9.957269885894832839e+01 1.033829569098854648e+02 1.177383524901360232e+02 1.230353294737377752e+02 1.289063333133480853e+02 1.195854637806198042e+02 1.102668361400547781e+02 9.183529586415021129e+01 1.102668361400547781e+02 1.176067066734618578e+02 1.092889225214921822e+02 1.095411639802332218e+02 1.044611596475874506e+02 9.602918545381774607e+01 9.419899676759931140e+01 7.404013344118983753e+01 7.346664151590482561e+01 5.342000872350496365e+01 6.450203412177648943e+01 7.285129000283502876e+01 5.949936596742598738e+01 6.364892639737159641e+01 8.374840916002389690e+01
8.389598604430705109e+01 9.318533898518430192e+01 8.499960175667611395e+01 7.254300557855918896e+01 8.383250753839089953e+01 9.774278196751235726e+01 1.175551355828306583e+02 1.200298306909512291e+02 1.117752992737444515e+02 1.156769803591238031e+02 1.072748008492848015e+02 1.035999121701874657e+02 8.315836744691729621e+01 9.957269885894832839e+01 9.359442686900992214e+01 1.140055241766125818e+02 1.320937480703867948e+02 1.254968849609133059e+02 1.170114822197797793e+02 1.112869093426063358e+02 9.109442141206477572e+01 8.174410278144290487e+01 1.019402164518885030e+02 1.059606007436959629e+02 8.907968965513397563e+01 1.059606007436959629e+02 1.160372947917057758e+02 1.077394757061876902e+02 1.025992718895952294e+02 8.769209252460544235e+01 6.757469989935395915e+01 6.497217019369695379e+01 8.183089530000023615e+01 8.795891648942941288e+01 7.366685146523258254e+01 8.374840916002389690e+01 9.214496564339346207e+01
8.410697031643599075e+01 8.499960175667611395e+01 6.538870029111534166e+01 7.863698514587888155e+01 8.494312128312532195e+01 9.312989330783753417e+01 1.045119466647675921e+02 1.085817801952440504e+02 9.198794842697350305e+01 1.054972909146854221e+02 1.137385636655419034e+02 1.120138703691721531e+02 9.496570692401944314e+01 1.120138703691721531e+02 1.140055241766125818e+02 1.223915914916993728e+02 1.181484829404662378e+02 1.095543865080531134e+02 9.658435987814632995e+01 1.090818041279722621e+02 8.888401714435454437e+01 7.463201418278119093e+01 8.717710091810633344e+01 8.683421942286331330e+01 7.744067994768569463e+01 9.762111648598440183e+01 1.044313579527097886e+02 8.760867154919570510e+01 9.958993571159561498e+01 9.609558375351222992e+01 8.769213258499834751e+01 8.507030513375970315e+01 9.346169516611935535e+01 9.693479128296358738e+01 9.382996685224324551e+01 9.704305926105972446e+01 8.872653580582827715e+01
9.226838906809345531e+01 9.153536549002420486e+01 7.863698514587888155e+01 5.900283167424075259e+01 6.531410278542331582e+01 7.663172371666959748e+01 9.629670149985635419e+01 9.975533038750872095e+01 8.067008865959954278e+01 8.577208757649734139e+01 1.054972907763452810e+02 1.204918375554707666e+02 1.153944558779419083e+02 1.237753633566412930e+02 1.229107897757638597e+02 1.145976661554452392e+02 1.095186498981090466e+02 8.910253946637784850e+01 8.489914701004080655e+01 1.035130916548037874e+02 1.014477582147566039e+02 8.126600112185529667e+01 6.703773348117168496e+01 6.669409811580079861e+01 8.682599345916018763e+01 1.002486689584967081e+02 9.611695050714475030e+01 7.600680765677739714e+01 7.947655384438130000e+01 8.840346101765869946e+01 9.672186971487269602e+01 1.028199835793542292e+02 8.272798473888552451e+01 7.684333279031756092e+01 8.533498231382220922e+01 8.546051530056467982e+01 6.867173663449159449e+01
8.087373675868296630e+01 7.762447255789338385e+01 6.371358062975612313e+01 5.482201229014036414e+01 7.445096956068971394e+01 9.312989330745034522e+01 9.172850998792627308e+01 8.354784391228824347e+01 7.194957479144073886e+01 9.154946590803498907e+01 9.243827223059724929e+01 1.064651218042851752e+02 1.179105353075923261e+02 1.303832138020563320e+02 1.145976661554452392e+02 9.436083348708609719e+01 1.002880645459111264e+02 9.376744704729905777e+01 7.482932759759528096e+01 8.598631367521315383e+01 8.300380852057121217e+01 9.137655066744731869e+01 8.046431751230269924e+01 6.030743158937102066e+01 7.194429634263943285e+01 9.203589083833459483e+01 1.044313579527097886e+02 8.536762700069384380e+01 6.533826159898646324e+01 6.835257555293357257e+01 8.514015387159467707e+01 9.672186971487269602e+01 8.272798473888552451e+01 6.273621066030796101e+01 6.532491580443485191e+01 7.714789210571325384e+01 5.721498693986895745e+01
6.125153462273023308e+01 6.485252365920645445e+01 4.989522926524505664e+01 6.946520942820752964e+01 7.303210445286555341e+01 7.589955993947135937e+01 7.886186626023270207e+01 6.394499297869167265e+01 6.834927597101697927e+01 7.339146891247447968e+01 7.858196669845216320e+01 8.987514439959439017e+01 1.096592097208921501e+02 1.220935338001781503e+02 1.018544246196901923e+02 9.016765042515703499e+01 8.007529419772937729e+01 7.372075991902489989e+01 6.971231664001059869e+01 6.585121794749260005e+01 6.284428729309662742e+01 7.886725721486097029e+01 7.617141445580782033e+01 5.675154389451267178e+01 7.695398144526211581e+01 9.336409484991987995e+01 1.013967848534837799e+02 8.130656813574886144e+01 7.682707689710920818e+01 5.690925935638858846e+01 6.835257555293357257e+01 8.840346101765869946e+01 8.533498231382220922e+01 6.532491580443485191e+01 5.134636175257132606e+01 6.272619414818100836e+01 5.067461424986068863e+01
6.205564273505324735e+01 4.539806168550231291e+01 4.800129482367090361e+01 5.065280683570189524e+01 5.338784750969345794e+01 5.624082530604636787e+01 5.921493275700545666e+01 7.886186626023270207e+01 8.792514029288406618e+01 8.430905798257921901e+01 9.823687428197575855e+01 8.987514439959439017e+01 1.096592097208921501e+02 1.236124533951417845e+02 1.033809418285711530e+02 8.906610777071902874e+01 8.193171765562173903e+01 9.389622533369423252e+01 8.986059211592102258e+01 7.404518622519957205e+01 7.866210321742741485e+01 5.869471870019951609e+01 5.595671919188713161e+01 5.331722939098753500e+01 6.469940128822354097e+01 7.895097201358262851e+01 9.059589742089875131e+01 8.130656813574886144e+01 6.133121245116969078e+01 5.251337525433489617e+01 6.686516056868715907e+01 7.339003049134430512e+01 8.169053159966318844e+01 7.680266128557263983e+01 5.689553054957421097e+01 4.305223073776051024e+01 5.689553054957421097e+01
