LEM/with_lateral_4open/elevation_000362.asc
nrows	100
cellsize	150.0
xllcorner	0
ncols	100
yllcorner	0
NODATA_value	-9999
[rows 51 to 67 of 100, columns 0 to 36 of 100]
6.455108993161302877e-02 2.006455108993125691e+01 3.833646130883656156e+01 4.124769581255372941e+01 4.953197973287102229e+01 5.953198548218293240e+01 5.831394651228922754e+01 6.659820609848777906e+01 6.589805312983210683e+01 6.244431483140727579e+01 5.381177643265382926e+01 5.488024128316933314e+01 3.411684914315642914e+01 5.488024122562298857e+01 4.525085683711154871e+01 2.531845507516979055e+01 4.525085693795811892e+01 5.747638863605128989e+01 4.920567661277714677e+01 4.626316747373588356e+01 2.648623732300068312e+01 3.655065841013330896e+01 2.133072447371359814e+01 3.844479216643070885e+01 3.356982465433112850e+01 4.030728758370297982e+01 2.164118997283305745e+01 4.154653544853027825e+01 4.371572739880413394e+01 2.987406197820849130e+01 4.891133312479384898e+01 5.651763939962124539e+01 4.857979466284064785e+01 3.043176718124983893e+01 5.029110574688265700e+01 5.610155598103673924e+01 4.463885943272689616e+01
3.995603441288197999e-02 2.003995603441252626e+01 3.055724729845318777e+01 2.124769798719834668e+01 3.124769797321145148e+01 5.124769365189597892e+01 5.524871267703584010e+01 4.693570574950545193e+01 4.585676107405553381e+01 5.013258264907770467e+01 3.228685313489755515e+01 4.640751758616209344e+01 2.415466050204647530e+01 4.433931124962924741e+01 3.612268037900025774e+01 2.146784574678122581e+01 4.134171945998287612e+01 4.855802595544422928e+01 3.003560341182999238e+01 3.509345319051777068e+01 3.585797560650846094e+01 1.711331172806023204e+01 1.789613153854392280e+01 1.870283108644301961e+01 1.951204697474406657e+01 2.039253234060079123e+01 4.030728773843936352e+01 3.624926886122433700e+01 5.588563918409254683e+01 4.902393298954170575e+01 3.796783777879543464e+01 5.824003307078207570e+01 5.686022053929955433e+01 3.599312123486812709e+01 3.213719307849103046e+01 3.629337291704101176e+01 4.288566634594028670e+01
4.804567899273937126e-02 5.212023473935938789e+00 1.055724831218437920e+01 2.210425369138589602e+01 4.210425127485237340e+01 5.953198548218293240e+01 4.369144692591649459e+01 2.693930876504974137e+01 3.171936204781050250e+01 4.123460092269419164e+01 1.983461424455552091e+01 2.931273041225789910e+01 1.716582822543992037e+01 3.612268028001259523e+01 1.664752879716498057e+01 3.612268037898856932e+01 4.960401833741049415e+01 4.084397398228608012e+01 2.246006937697344341e+01 1.524591970614739367e+01 1.601652525344978528e+01 3.585890214490259353e+01 3.229151434440635882e+01 3.863069638277365669e+01 3.930280233038520521e+01 2.247858601512809784e+01 4.209343664737038893e+01 5.613917783552302865e+01 6.443734670063048497e+01 6.672027655777840494e+01 5.218868748996306550e+01 5.135295934594885381e+01 6.904533815966301802e+01 5.800470998262215261e+01 5.201868987744829553e+01 3.390867770232647871e+01 5.384378227077434786e+01
9.707512844716031930e-02 2.009707512844680366e+01 3.055690134686868475e+01 3.884080950339989613e+01 5.038853522303575971e+01 4.433588183878173083e+01 3.538926563496239197e+01 1.540067212861666057e+01 2.598859623987905110e+01 2.662763164071904498e+01 8.680865615895012155e+00 8.168689572148657874e+00 2.825408535066513238e+01 2.961622983984758051e+01 1.359129844542097665e+01 3.277718027274922719e+01 4.117954472162170987e+01 3.294074777397958087e+01 1.416087632821391828e+01 3.401484066085269831e+01 2.276727276963761071e+01 4.204426178560093774e+01 5.356448507612673637e+01 5.301778009103762912e+01 3.320849884863405066e+01 2.458994178230484806e+01 4.416661730035164624e+01 5.713491758845781021e+01 6.353773739948453425e+01 7.189518775505685255e+01 7.284927364262225069e+01 6.555708062627114430e+01 7.984402921169008494e+01 6.944995193755008245e+01 5.521207903948284468e+01 3.671534567879452027e+01 3.506979953575366693e+01
5.001202446392439237e-03 1.414713765951289481e+01 3.414737954584251156e+01 4.617619428564556472e+01 3.780441017529381043e+01 2.439539925104941176e+01 2.448388753572967858e+01 2.390578617999746669e+01 5.988819623689910721e+00 6.621596051495943769e+00 7.259452265796785930e+00 2.298008614741170774e+01 9.087211793339571742e+00 9.738574940735368557e+00 1.039123287732733480e+01 3.026708745514387999e+01 3.187086406950213302e+01 1.308075462808688094e+01 3.294074617981923581e+01 4.225376512523340722e+01 4.362983938955155594e+01 5.237585957054592711e+01 6.948326455222654374e+01 4.931713231141247888e+01 4.642152123476223835e+01 2.696445064611372899e+01 3.182844101462994146e+01 3.710973820931037181e+01 4.329024334899107629e+01 5.760260493113355551e+01 7.786641469905853796e+01 8.576850394532834798e+01 7.706074077664553101e+01 6.117163086624906754e+01 4.098505132182528854e+01 3.643555460224922626e+01 5.629293408385193942e+01
5.279685921607564503e-02 1.419493248294715038e+01 3.419493248321858658e+01 3.784514014131070780e+01 1.775905043409326467e+01 2.274385601050718364e+01 4.467098714152035299e+00 5.099089788630911890e+00 2.508044461758889554e+01 2.076004048950002101e+01 2.726840994520440020e+01 1.778612801951730304e+01 2.315756938162018841e+01 2.961610922422308079e+01 1.904501739707869135e+01 1.133332158322352079e+01 1.200339287553802770e+01 1.341877185348704593e+01 3.325091579582252876e+01 4.344460878672051507e+01 5.140921872002810744e+01 5.971884342517438427e+01 7.781627407784905870e+01 6.304769854748351321e+01 4.292754773790873912e+01 2.930507549430260283e+01 4.881673552059550047e+01 5.713491758845781021e+01 6.353773739948453425e+01 5.760260493113355551e+01 7.786641469905853796e+01 8.601775272551280693e+01 6.881472183702291545e+01 4.859300388051199349e+01 6.117127083819577393e+01 5.642839539705975227e+01 3.823764416380951303e+01
5.738623160518319517e-05 2.000005738601287675e+01 2.544955928066652007e+01 2.214704009449894428e+01 2.274780838083117018e+01 3.606436653745675347e+00 2.302533483379384549e+01 5.543844282719249783e+00 2.686761753646657525e+01 4.081942305404557914e+01 4.494636817332695955e+01 2.639632040665808432e+01 4.299088529829256089e+01 4.054232014339962120e+01 2.052790355727886862e+01 3.120445756282668270e+01 2.848331234167796921e+01 3.322900009790253506e+01 1.543638972146877464e+01 3.511297475999091233e+01 3.156841192233456539e+01 5.142060547573653650e+01 6.403304450397287440e+01 6.389115428728804602e+01 4.479985297533725941e+01 3.165225018473406493e+01 5.130554955788721117e+01 6.345110967841368677e+01 7.776856441343188919e+01 7.786641469905853796e+01 8.618777057898016380e+01 7.781222691095103983e+01 5.769319393774856763e+01 6.881472183702291545e+01 7.274175198471110093e+01 5.248483089914636679e+01 5.841733657101195121e+01
4.532054705376769438e-02 2.004532054670905694e+01 1.542229090430920824e+00 2.144977863690848086e+00 2.748549499104123051e+00 2.275179326768526877e+01 2.881413163134196509e+01 8.441796679665792169e+00 2.893133752158394856e+01 4.044157706809211561e+01 5.352481792523960280e+01 4.543915552563183979e+01 4.543915555304130294e+01 4.884414857403667298e+01 2.945065542916306711e+01 4.807327256200562715e+01 4.137271778413137469e+01 2.248401274229935254e+01 3.525952257540691193e+01 1.756836384904661585e+01 3.737294432259538013e+01 3.589020557347510731e+01 5.574493616230448367e+01 6.900722511005676552e+01 5.966085182608957638e+01 5.130554955788721117e+01 3.512661853499160713e+01 4.913365494339527828e+01 6.749319382368884135e+01 7.657090392627694087e+01 8.824607030662183149e+01 8.536291233810052859e+01 6.538567646978327730e+01 8.536291233810052859e+01 8.103798207738076087e+01 7.274341708887735081e+01 6.460728121521592016e+01
9.001595176218035732e-02 6.905867653003848750e-01 1.185194998917459408e+01 2.175504349651096803e+01 8.995593796623301941e+00 2.778150014451915339e+01 3.719760020953953727e+01 2.893133752158394856e+01 1.228595749108356827e+01 3.215443026862308074e+01 4.349438639856302302e+01 5.469734298047578136e+01 6.486462629705944494e+01 5.781316004323758762e+01 4.369364796807565909e+01 5.781316004323758762e+01 4.750551751118507582e+01 2.778248142270942722e+01 4.560964959125431761e+01 3.737294432015779932e+01 1.975213851716844715e+01 3.953329374470173718e+01 4.848232264053553564e+01 4.659238785077101852e+01 6.952650346621879862e+01 6.345110967841368677e+01 5.507554166679376806e+01 3.891064838633224809e+01 4.786472108140758053e+01 5.964810720833241220e+01 7.992908469348445522e+01 9.354315555493300849e+01 7.957296951757949444e+01 9.354315555493300849e+01 8.441118652738249750e+01 6.423098358186010159e+01 4.980714043074953423e+01
5.674351268809080251e-02 1.928776683392581504e+01 1.247008486354517132e+01 2.930533170686215527e+01 2.190561070325612292e+01 2.190561070325612292e+01 4.196715212462124356e+01 4.044162063534836449e+01 3.215443026862308074e+01 1.559556631885260103e+01 2.696263813377536422e+01 4.635907190905200537e+01 5.549432734150514079e+01 6.546209075742936534e+01 6.365993663579819639e+01 6.151820405460460961e+01 4.170127270359633087e+01 3.474179559455009070e+01 5.448623733561702664e+01 4.778226307102908521e+01 3.953355450458160902e+01 2.198041434875070621e+01 2.965287738156555619e+01 4.880000968783710391e+01 5.951487631299021075e+01 6.941451136266584854e+01 6.749330805252985499e+01 5.911676498632350985e+01 4.325748027122656936e+01 5.502071383737993671e+01 6.943629594130344174e+01 8.962320305524629305e+01 9.934107082076720019e+01 9.448722986062081475e+01 7.444785568403804632e+01 6.271707770712863805e+01 5.449009220923391439e+01
9.518805923843161321e-02 2.004815845969631027e+01 3.007054688933666853e+01 3.867714717531143265e+01 4.196715212462124356e+01 4.196715212462124356e+01 5.030761810321626371e+01 4.967100514444111781e+01 2.962187938499301154e+01 3.549413236307347574e+01 1.910082621549100068e+01 2.724859953401149326e+01 3.726899833877661194e+01 5.141669398978504546e+01 7.132487400020231405e+01 6.977256275766413296e+01 6.151820405460460961e+01 4.352078632623295107e+01 6.273553191190435285e+01 5.796327169966338744e+01 3.809130653102163677e+01 4.173699624063588232e+01 2.428030537615628148e+01 3.167881060255511727e+01 4.141411506307527191e+01 6.113955395068702359e+01 7.535538259783730552e+01 5.729516405823753900e+01 4.657273762350867230e+01 6.705096944752000354e+01 8.083421696530591305e+01 8.986043502018857509e+01 1.014362484776344928e+02 1.026944738318292565e+02 9.116284019423831353e+01 7.971406466172500416e+01 5.945842465117276987e+01
9.062254805971975413e-02 1.423528169049124692e+01 3.428753493863225543e+01 3.711364879775177883e+01 4.467256237531231733e+01 5.295584447436663567e+01 6.295523220626846239e+01 5.795290797787102122e+01 4.967100514444111781e+01 4.232635114073318761e+01 2.227191074047677688e+01 2.638474235662986800e+01 4.643718607570258428e+01 6.035158016343835641e+01 6.744478619239060890e+01 7.569696367444295504e+01 7.162263048116892605e+01 5.750539015036029156e+01 7.162256953379454671e+01 6.624590354968657380e+01 5.713071738530850041e+01 3.726548358471104905e+01 2.594480403130418367e+01 4.566302278087906075e+01 5.951487631299007575e+01 6.941451136266583433e+01 8.382285472939005899e+01 7.383087244499709811e+01 5.846498001048433224e+01 5.207922508122858574e+01 6.131703634289628724e+01 7.308142932646033785e+01 9.316221011224696724e+01 1.045277262386161823e+02 8.462268572399221966e+01 7.036252058388714659e+01 6.718809613086791899e+01
3.063233560239582431e-02 2.003063233560203926e+01 2.768531322432609088e+01 1.711340289600375897e+01 2.467269235298444485e+01 3.467269223370255560e+01 4.881481052423044531e+01 6.881402554370363589e+01 6.547176204574888914e+01 4.562283918613463385e+01 2.557109647899024907e+01 4.562283917751349804e+01 3.424872993030611923e+01 4.029135292836960502e+01 4.738216985874419862e+01 5.897984932295378258e+01 7.900810499771952777e+01 7.748588040027954094e+01 7.879641930417395201e+01 7.040155450538405546e+01 6.534951494464466748e+01 4.734762529506766526e+01 2.762997344621479101e+01 4.151376263104732089e+01 6.143181565958024493e+01 7.194563407384167419e+01 8.197220038681133758e+01 8.708349396553295207e+01 7.877964913513561385e+01 6.239442746341585178e+01 5.918121087318193929e+01 7.358936684450988253e+01 9.367128122966026638e+01 1.071981492490489245e+02 9.866678077029321514e+01 8.202916487279595970e+01 8.148506592522839753e+01
5.666595628964066211e-02 3.836310686381921187e+00 7.685312480979442640e+00 2.768280497210607649e+01 4.101761360204138640e+01 4.768547173064642664e+01 5.597514690951458505e+01 6.597848703674276294e+01 5.720057429966901452e+01 3.714734884645327639e+01 2.936635437802836179e+01 4.941090626710724365e+01 5.430319407724546465e+01 6.035158016343835641e+01 6.744478619239060890e+01 7.569696367444295504e+01 8.723006667862939878e+01 8.223095132169841293e+01 6.174635323469453851e+01 4.940778601798128022e+01 5.826628645712825261e+01 4.905837294088293987e+01 2.932918733761170671e+01 3.621378958254739899e+01 4.364942278656833707e+01 5.361278825914146751e+01 6.778814048932648006e+01 8.784997201486748963e+01 9.091927272296977947e+01 7.675446341744714118e+01 7.947122343151242774e+01 6.723214514591809632e+01 7.890794018822602141e+01 9.892915492864221960e+01 1.101450572018926692e+02 1.019595507831324284e+02 1.014243908976381192e+02
2.110006612196471329e-02 2.002108634950444710e+01 2.768531080887241913e+01 1.524460194145165559e+01 2.101810463427692000e+01 2.768477130918712348e+01 3.768477294275956524e+01 5.768626588242944564e+01 5.720057429966901452e+01 5.720057429966901452e+01 4.093362787585273566e+01 3.527076397911824301e+01 5.532440897645768985e+01 6.910916240742862726e+01 7.736019892436578971e+01 8.630185826197762822e+01 9.780481887291618648e+01 9.055684221057694572e+01 7.533903526246942306e+01 5.828186731726028569e+01 3.756050343649608436e+01 3.413922356948942394e+01 3.128503125824843778e+01 5.104646669876355958e+01 6.276959073267530442e+01 7.194563407382035791e+01 7.304116228403781008e+01 8.136367902921358564e+01 9.315097675838561031e+01 9.681201964901752888e+01 9.564871976310267598e+01 8.150841844476698839e+01 7.890794018822600719e+01 9.307921977356268428e+01 1.130521476334707529e+02 1.136819482472837137e+02 9.959694999146603323e+01
9.367352646185668485e-02 2.008383601183509981e+01 3.155293141508685650e+01 3.524481945652811987e+01 4.101858165991825445e+01 4.768551941216609436e+01 5.597514830832393784e+01 6.597848714815624760e+01 7.721200765102527441e+01 6.925668232238352573e+01 6.099108390451381467e+01 4.684543797971109313e+01 4.194634351039492515e+01 4.903952345632158227e+01 5.802849556134238185e+01 6.963201140573623604e+01 8.960548423692165443e+01 8.559373574770403081e+01 6.692152620037514055e+01 4.575886834413897475e+01 5.826668208747103961e+01 5.368055551174074225e+01 3.482205397999253194e+01 3.463556093827166649e+01 5.447367290221723835e+01 6.139942315589145494e+01 5.293151648329542525e+01 6.454413253630107761e+01 8.477286368371207459e+01 9.181545776224193389e+01 1.001169669376656230e+02 1.015207723932065562e+02 9.307921977356794230e+01 1.071981471645215294e+02 1.018800510541407505e+02 9.970427549276936929e+01 8.551195173564811114e+01
3.648181865326004941e-02 3.280910241268517158e+00 2.328197794478598226e+01 3.154224155903025562e+01 3.981855711337727399e+01 5.242030354628528244e+01 6.064155826807741079e+01 6.180246446077610756e+01 7.006887298186694579e+01 7.975340124178246981e+01 7.516107920615316118e+01 6.690689875596495995e+01 5.353772549142313153e+01 5.353772549142313153e+01 6.513904855199325539e+01 8.513779512894367940e+01 8.893086709545639224e+01 6.869326898754954414e+01 5.659636805976305141e+01 6.692152620034204347e+01 5.995030474341716342e+01 4.002851060948867001e+01 5.462483604836569384e+01 5.447277660387320708e+01 3.810473729493683948e+01 4.141895567159581049e+01 6.139942315589145494e+01 7.015313518445022112e+01 7.542126844165235866e+01 7.175195956829846011e+01 9.132414499164839583e+01 1.002946983022785190e+02 1.130521476814483464e+02 1.018800510541407505e+02 8.191495938757333306e+01 7.972758470416418675e+01 9.383123420570970552e+01
