LEM/with_lateral_4open/elevation_000403.asc
nrows	100
cellsize	150.0
xllcorner	0
ncols	100
yllcorner	0
NODATA_value	-9999
[rows 0 to 16 of 100, columns 37 to 73 of 100]
8.884754177262699226e-02 6.929726548558100274e-02 7.395023591448830758e-02 4.828361932999872264e-02 4.897713358561925356e-02 8.568734790590110117e-02 1.075183056328203948e-02 6.823539046102447547e-02 7.194897206013613211e-02 1.557559815681563986e-02 7.704183385687686514e-02 1.685416958384493638e-02 9.680445094065920353e-02 7.639902522890137937e-02 4.559330980047965332e-02 5.839666421669215124e-02 9.739037529851846120e-02 3.670263267501718690e-02 2.041064012308905357e-02 6.895211126444661387e-02 9.031524355919069713e-02 1.560024811392830661e-02 7.641644294168103979e-02 3.888124420523987601e-02 6.873285589001959517e-02 4.772367030474261584e-02 9.504926490987847254e-02 5.760415539182907330e-02 9.666222459857021221e-02 9.627991409191682948e-02 1.286757495974483190e-02 9.381044340810595905e-02 7.584058927755046864e-02 1.435327048224320848e-02 5.777975670406795827e-02 2.716720951219454838e-02 4.735230246529398453e-03
1.423160862134933780e+01 2.005187765911540154e+01 2.004029974694261540e+01 6.672680799655387185e-01 2.004897713337015475e+01 2.008568734752756058e+01 1.025207637602149724e+01 2.006823539046066784e+01 2.007194897205977924e+01 1.014419789198399613e+01 2.007704183385652286e+01 5.790356861480127293e+00 2.009680445094030432e+01 2.007639902522854669e+01 3.426210328714553111e+00 2.005839666421633538e+01 2.009694471075517797e+01 1.417883825640609174e+01 2.002041064012273353e+01 7.628241571449024150e+00 2.009031524355883391e+01 2.001560024811357152e+01 2.007641644294132632e+01 1.766618095367961994e+00 2.006871196902650567e+01 1.159472905390178887e+01 2.009504562288827501e+01 2.005760415539147345e+01 4.179145129237182843e+00 2.009627991409156067e+01 2.001286757495939028e+01 6.760646656360305151e+00 2.007584058927719539e+01 2.001435327048055868e+01 1.158743521830427170e+00 2.002716716902861194e+01 1.414687085399089561e+01
3.425215060138884837e+01 3.349421960003456178e+01 2.041094606712416137e+01 1.286549203050420198e+00 2.128808563165428680e+01 3.046127448750457489e+01 2.849255127338551219e+01 2.687514521359859998e+01 3.898585739808424933e+01 2.513812631598816694e+01 3.182058627739622025e+01 1.182058375303545361e+01 3.182058208137032196e+01 3.170319479957919029e+01 1.756831437307841171e+01 8.506215408722217930e+00 2.850664111267384015e+01 3.417883825640679873e+01 3.591251261399531813e+01 1.762824157144920179e+01 3.591251282605803397e+01 3.504785205345255150e+01 1.504784342360871818e+01 3.500838034416205780e+00 2.350083870562242083e+01 3.159471834636653398e+01 3.987844132744677950e+01 2.834943341037828546e+01 8.349433410378642506e+00 2.834943341037828546e+01 3.393370254213419202e+01 1.383369378179483533e+01 3.393370254213419202e+01 2.226130646395301937e+01 2.261379214670367510e+00 2.226130646126081203e+01 3.414687095141304951e+01
3.454761839053804806e+01 2.589135436204979257e+01 5.875070420468230914e+00 2.128808898240462710e+01 2.180529659660556341e+00 2.217520684038270318e+01 3.070280603726435942e+01 4.020936619244324106e+01 4.401263592723346108e+01 4.738513306463887176e+01 3.889165634055039789e+01 1.889165156490105346e+01 3.889165402361964397e+01 4.581760756368831267e+01 3.221798579148014596e+01 1.222012217226328801e+01 3.222014787940495495e+01 4.993287686788089985e+01 4.591251289852232986e+01 3.762824157153510640e+01 4.591251292037723175e+01 4.333225574362207055e+01 2.526861037450675695e+01 5.268604987382581761e+00 2.519419389454218461e+01 4.475316257827432764e+01 4.696370498910817304e+01 2.696370498910888358e+01 1.282156936537818304e+01 3.282156936537747072e+01 4.226585538354983385e+01 2.541456897563628203e+01 4.198703509148065649e+01 2.336896381138680567e+01 3.369076765913788130e+00 2.262623009229524840e+01 3.422951677754987543e+01
1.450645139363293090e+01 1.072627395474692946e+01 2.589135436171189042e+01 3.046979637233757643e+01 2.218282770985194574e+01 3.076752324689778106e+00 5.111245588742804102e+00 1.911013224339547278e+01 3.831936445152893356e+01 6.221426843473112456e+01 4.717604392194671448e+01 3.043865695011308148e+01 4.717604392194671448e+01 5.290842108317217196e+01 3.707092787476486961e+01 1.707083467299003132e+01 2.164821259410586762e+01 3.319521852527343952e+01 5.319533157343918361e+01 5.603052579281323631e+01 4.773700345011335600e+01 3.856401769930322132e+01 2.705802441925774104e+01 7.057459369382421244e+00 1.705541696145169084e+01 3.691697412809789114e+01 4.915150098393170452e+01 2.915150098393241507e+01 1.836857132763037725e+01 3.836857132762966671e+01 5.389152329915059880e+01 4.557105541219993938e+01 4.036665415013934677e+01 2.246070722875497339e+01 2.072075862010231617e+01 4.950215595998243678e+00 2.612828882412976128e+01
3.454761839054230421e+01 2.075083740302484969e+01 3.907456594579900155e+01 4.815206273691607919e+01 3.115445842643033458e+01 2.297450446847054550e+01 3.977074802671016762e+00 1.623195643201801985e+01 3.401013972685552744e+01 5.847437433631773729e+01 5.872313285801336491e+01 5.043866824606212163e+01 5.617780916259629720e+01 3.617713126565741533e+01 2.463012413384420185e+01 3.707092787476486961e+01 3.319521852527303452e+01 4.993287686788089985e+01 6.148015302208755628e+01 4.773751511176895690e+01 2.773356604154323080e+01 3.027763135813987105e+01 1.028075122548544051e+01 1.014352636862484758e+01 3.013404843248053666e+01 4.509556893439520309e+01 5.743577223139330812e+01 4.503523799429621732e+01 2.503523799429692787e+01 3.836857132762967382e+01 5.836857132762896327e+01 5.181724826033153875e+01 3.281548209185757514e+01 1.914564710604906850e+01 2.585819080992026997e+01 6.073527508602356129e+00 2.607088349865253818e+01
4.878052975268543889e+01 3.522084952774600453e+01 4.818866244238822816e+01 3.489517684876378922e+01 2.110108124509399374e+01 1.217379932049589719e+01 4.614753257949737453e+00 1.868648911256043021e+01 3.831611033884182405e+01 4.556047277911369520e+01 4.831206253177929000e+01 5.652837853138714763e+01 6.446564812024247715e+01 5.291690947459940730e+01 3.463012445325428956e+01 3.877227481158842437e+01 5.319533133248016554e+01 6.148012867722502506e+01 6.495369480617296176e+01 4.773559621936548325e+01 2.773353728666516815e+01 1.359117477994547052e+01 3.028142481477965475e+01 1.330580402881368052e+01 3.330671993911946771e+01 4.624304100987442467e+01 5.779205028950652689e+01 5.331950924175782092e+01 3.917737361802837626e+01 3.917737361802737439e+01 5.917737361802666385e+01 5.386485730047761677e+01 3.489422428459516823e+01 2.774345105257204835e+01 7.703805800497990575e+00 2.595979707789797075e+01 1.423798170982602329e+01
6.298148623831048809e+01 5.670941279504864241e+01 6.031601565672917076e+01 4.815426137837308573e+01 3.971502973722500940e+01 2.525113932340109102e+01 5.255685410242391775e+00 2.526167728956955472e+01 3.235744939047153679e+01 2.919741125356051725e+01 2.844732811405584272e+01 4.250338141021884297e+01 6.233545937843634022e+01 6.291828430320340715e+01 4.877231038406732466e+01 5.291455837571002974e+01 6.706154413758783051e+01 6.495369480617296176e+01 4.494996055557531633e+01 4.796084273265432785e+01 3.605395102689017506e+01 1.605300459966472459e+01 3.605395102690812337e+01 3.330671993911946771e+01 1.795570960557857632e+01 2.950287051973980468e+01 4.950536179633296996e+01 5.975833038526879193e+01 5.917737361802907969e+01 5.917737361802666385e+01 6.746164486548727268e+01 6.171308632545161288e+01 4.324870324776775732e+01 2.302653902506127181e+01 8.872218276208904797e+00 2.886263502219172494e+01 3.421807340874929793e+01
6.975578965669711806e+01 5.966459189084954318e+01 5.129591512214813065e+01 5.137209680704817316e+01 3.156888843130886713e+01 1.744622454705229941e+01 5.897806640253474342e+00 9.142729475794091343e+00 1.243077695499390956e+01 1.585749443990276220e+01 3.574850136722891136e+01 4.970537877727672793e+01 6.412391084361901505e+01 7.234245411298141448e+01 6.877410481296787736e+01 7.291723800940620492e+01 6.574260316527416137e+01 5.745606974799214584e+01 4.862071418477311369e+01 2.861874458984414105e+01 1.967443444567087596e+01 3.605395102686979669e+01 4.433967775874522488e+01 3.428628258656499384e+01 3.795691807332877232e+01 2.330093536967697787e+01 3.146596025972725741e+01 4.301374861988961840e+01 6.302002677515339712e+01 7.397689627831992709e+01 6.247372397513261433e+01 5.423232130165835230e+01 4.419478336146203645e+01 2.419015071044011478e+01 1.004868886455173893e+01 3.004935365339976272e+01 4.573941688961684093e+01
6.137834972179805249e+01 4.121347942241028051e+01 3.111949596336481250e+01 4.051114038708692533e+01 3.512905362702704792e+01 2.670785459935046546e+01 6.554553455796280126e+00 2.598484393555418848e+01 3.222294647789467348e+01 3.574850136722891136e+01 2.160949348089371824e+01 4.148651524555581460e+01 4.429474777531950735e+01 5.344246139866535117e+01 7.325450545478055631e+01 6.900589528946817097e+01 4.900101063307497640e+01 3.745288812480434615e+01 3.038172370811041390e+01 2.371504470509820806e+01 3.967559013012638758e+01 3.381693932388846235e+01 5.381962436378453418e+01 4.843011955871853758e+01 4.766743132465753519e+01 2.766529627331167518e+01 4.766743132465753519e+01 5.975833038523396112e+01 7.131866661415743636e+01 6.576071796938386171e+01 4.579172900074575381e+01 3.424218156716967343e+01 4.269115038441893972e+01 3.123420236225470248e+01 1.123338662036311320e+01 3.033918158521088770e+01 2.646178264295353344e+01
6.975556406314214541e+01 5.215963398633562775e+01 3.198389514072792394e+01 2.037673679374370295e+01 1.511294066779137424e+01 1.665713569631374114e+01 7.216348302007712157e+00 8.910277756127307214e+00 4.137518971450468541e+01 4.970537851057842715e+01 4.148651524555581460e+01 2.806268036881020222e+01 3.357949960250847710e+01 4.763897886552665994e+01 6.745330763916426520e+01 7.729259350880948887e+01 6.574260316527416137e+01 5.745606974799214584e+01 4.691933186308706638e+01 2.691760801302654116e+01 4.691933186308706638e+01 5.381962436379692605e+01 6.210598130962880248e+01 6.843486219563612849e+01 5.283214574198638047e+01 3.282929281575440683e+01 4.399652817058707654e+01 6.400107725544408765e+01 6.961736906529908708e+01 5.806743115966574464e+01 4.978184600211653077e+01 4.268424887313118887e+01 2.270055387231901989e+01 3.242715007610615174e+01 1.242436928941997465e+01 1.797024898504742296e+01 3.804733214097043970e+01
6.724575591085647375e+01 6.052915284924986139e+01 4.887560018890528113e+01 4.051116573272278032e+01 2.817913237765675660e+01 8.154946432316297233e+00 2.722220441030998472e+01 1.501349652778818289e+01 3.541733773753270498e+01 5.382810546381404038e+01 5.614551884239522650e+01 4.793346699569415392e+01 5.344246139866534406e+01 4.421518781896317307e+01 5.567605910297604055e+01 7.546164131875687531e+01 7.074876968181506243e+01 5.074366340460642277e+01 3.919538497992713388e+01 3.025094220439448023e+01 4.179840540137655580e+01 6.180221417522581362e+01 7.438507561583928407e+01 5.437885065488946168e+01 4.282981523480611941e+01 4.282981523480611941e+01 6.111939090581935830e+01 7.228903668808663951e+01 6.133715661543978115e+01 4.132591463566771495e+01 2.977950485257783342e+01 3.589696930724321078e+01 1.603584555095716269e+01 1.453255413724786749e+01 1.456859204839161670e+01 3.448167319543181009e+01 4.425308992183104806e+01
4.684592876569410436e+01 4.684596466527813163e+01 4.165264420489845776e+01 3.691847016445577623e+01 2.884567075456855179e+01 8.824560758235264757e+00 2.884330799694660286e+01 3.541620815530139765e+01 2.534191465156559175e+01 3.434684397839947678e+01 4.596394055084403618e+01 6.617628128946323329e+01 7.225219353793772825e+01 6.403843010040189654e+01 7.225219353793850985e+01 8.368803468169974735e+01 7.903550035991852951e+01 6.748540628883004899e+01 5.410250332117018957e+01 3.409994820806782911e+01 5.410250332117018957e+01 7.008883596302760566e+01 8.267355782279209109e+01 7.112229199232024257e+01 5.437885065488946168e+01 5.697476575049395819e+01 7.112229199231838095e+01 7.619824229159185336e+01 6.394884351515321441e+01 4.392505378078628553e+01 2.977962583989805623e+01 1.823776149994747087e+01 3.603510278433868308e+01 2.873158256201618244e+01 3.450563938557075971e+01 1.765428984241647115e+01 2.654021741886260699e+01
3.305571687599626074e+01 2.673232118265868351e+01 2.156724510204474399e+01 1.684572606199687073e+01 2.893682378570313674e+01 9.501282006329399010e+00 8.924512653641473392e+00 3.114484470814527484e+01 4.227694077938391359e+01 5.382810546733414725e+01 6.283668872966656949e+01 7.447716308474855396e+01 7.140759300876285920e+01 6.609608991688622837e+01 7.329606696482733241e+01 8.177439717857689061e+01 8.239398015319663671e+01 6.238843968139995866e+01 4.824327706067082744e+01 3.926396248526440758e+01 4.674994528607540900e+01 5.829910930484351894e+01 7.830474382873580907e+01 8.267355782279209109e+01 7.438507561583928407e+01 7.698106880664236940e+01 7.619824229159185336e+01 5.617423938203823752e+01 5.984871237945217359e+01 5.276842764111012940e+01 3.984323301452865707e+01 1.984417618319519505e+01 3.984323301452865707e+01 4.877382033198675515e+01 4.587073126573014292e+01 3.758373082049594416e+01 2.087190066399853094e+01
5.322352955233947824e+01 4.684596466527813163e+01 4.165264394937286596e+01 3.057647039855367410e+01 1.050648520118461704e+01 2.938156467270319894e+01 3.109523842799892535e+01 1.416207537352767432e+01 3.392721736628597284e+01 4.519429976428688178e+01 5.946818654876846466e+01 6.547586079903656753e+01 5.107575363923188405e+01 4.582551117882222513e+01 5.293145658487986793e+01 6.463188305183055604e+01 8.513156229304162537e+01 7.653464978306507760e+01 5.875416468104580758e+01 4.460933129094397742e+01 5.875416468104580758e+01 7.504119486042938547e+01 8.659152533978787858e+01 9.696447848329273711e+01 8.514712395152518809e+01 7.686444315328955668e+01 7.686444315328955668e+01 5.984871237945453259e+01 3.982266198776676447e+01 3.275334476126635508e+01 4.146098846988082443e+01 2.146632646764296481e+01 3.102617532799628108e+01 4.948554959394217434e+01 5.494073158519315569e+01 3.483627606774079055e+01 2.338721414804775733e+01
5.730951144447521983e+01 6.139686815398484043e+01 4.612675419602906146e+01 2.546540944055648836e+01 1.123218393011070226e+01 3.023322779150373307e+01 4.031723299038952035e+01 3.389691610212432238e+01 1.703141257828270128e+01 3.092041298028713214e+01 4.821839589969243889e+01 5.703080847067584358e+01 3.685779548062691191e+01 5.703080847067584358e+01 7.329606696482733241e+01 8.177439719819527397e+01 9.360098254087539260e+01 8.704688706286368927e+01 7.128234847790558604e+01 5.127660858027284263e+01 7.128234847790558604e+01 8.704688706286368927e+01 9.115979238945902807e+01 7.710419226555950445e+01 7.686444315328955668e+01 5.683478891760618978e+01 5.683478891760618978e+01 6.813696654094083272e+01 5.984871237944718558e+01 4.381760515140861401e+01 2.381484931278933104e+01 4.146838815376361254e+01 4.820082001370773384e+01 5.824726573167417598e+01 6.333690759945469040e+01 5.104899136265347437e+01 4.238842043993345499e+01
3.720683237803240928e+01 4.134908092111294309e+01 4.374682275470870962e+01 3.202241835937542902e+01 1.196026749128857602e+01 3.197686659993042824e+01 4.103226362779868452e+01 4.494331177523390863e+01 3.681425597243354275e+01 1.987578410149019703e+01 3.982268325460093905e+01 4.527135777691594143e+01 3.183875395181891577e+01 5.198755579447054487e+01 6.050170044442833728e+01 6.767466322113088495e+01 7.614959312448723949e+01 8.637013222710187677e+01 7.956913932803436751e+01 6.127910182485668145e+01 7.956913932803436751e+01 9.285643669300446845e+01 7.296234109518682942e+01 6.300354676794584208e+01 7.854860354237807485e+01 6.270133881841597656e+01 4.266423691434331289e+01 5.322396815995336539e+01 5.088124948707483242e+01 4.555213799732503333e+01 2.554855176134114103e+01 4.555137022050401896e+01 5.801223050157535255e+01 6.802866837053834104e+01 6.625059119992418744e+01 5.227779096432952599e+01 3.240219622024975621e+01
