LEM/with_lateral_4open/elevation_000298.asc
nrows	100
cellsize	150.0
xllcorner	0
ncols	100
yllcorner	0
NODATA_value	-9999
[rows 34 to 50 of 100, columns 37 to 73 of 100]
8.634407021808382865e+01 7.155546476202890460e+01 6.185909673461410563e+01 4.883686196421656689e+01 6.850097851829991669e+01 6.550646720298018977e+01 8.564837856387869408e+01 9.634645807596487543e+01 8.803980276127130367e+01 8.889161759086449877e+01 6.934359794486600492e+01 4.962917318800455035e+01 5.762311329748327893e+01 3.803229519880154186e+01 5.527315492107056372e+01 6.349692634190935081e+01 6.573769282710620132e+01 5.170096100228291647e+01 5.962237558132185455e+01 4.315661679746813917e+01 4.817900100347851833e+01 5.341844313623120399e+01 5.911813497762754110e+01 6.573297564481515565e+01 7.568334855549257156e+01 9.566643828300092878e+01 1.024875513463330066e+02 8.777950285825779986e+01 6.796503186163286614e+01 5.812982996796826995e+01 5.812982996796826995e+01 7.787226735995207605e+01 8.032045921775464592e+01 6.595932348527760780e+01 7.981399462441723358e+01 6.840037388040802568e+01 6.280530479978347103e+01
7.988919563796086720e+01 7.442736415089724744e+01 7.104664860703616114e+01 5.151386812610753196e+01 7.175908235987651551e+01 8.564837856387869408e+01 9.396654044537498862e+01 8.803980276127130367e+01 6.807236366937716809e+01 7.392069117646356347e+01 6.319838551448221864e+01 4.348029486979676506e+01 4.119221188361292008e+01 5.762311327324120214e+01 4.156411969479851365e+01 6.120518899266026125e+01 7.322085546194419692e+01 7.150938050851470962e+01 7.112402946420414196e+01 5.704144757910506058e+01 4.685838169653331420e+01 6.663269632199032344e+01 7.902758749443624708e+01 8.567489341924671464e+01 9.397757830700511761e+01 1.039830247937392329e+02 9.422469295052894722e+01 7.435928292218436297e+01 6.450508022814369724e+01 7.787226735994534010e+01 7.787226735995207605e+01 6.692325173757747336e+01 8.673020707012982200e+01 8.699922697311905040e+01 8.037874467042703941e+01 5.887720733230045767e+01 4.362606103360631948e+01
7.748182231329275282e+01 6.320424380829596345e+01 5.797612054948638871e+01 5.552638141744083100e+01 7.612003391274816977e+01 9.499527595321514184e+01 1.068703101191103002e+02 8.803980276127130367e+01 6.807236366937716809e+01 5.400988512491047544e+01 4.707131493908585185e+01 6.319838551448221864e+01 5.502527178640395533e+01 6.908092956415147512e+01 5.130607901885684186e+01 4.528038187043544127e+01 6.492626850561339324e+01 7.716072806274138429e+01 8.520661134930340097e+01 6.935512302183678912e+01 4.953555748145189597e+01 6.935512302183678912e+01 7.980514168225887772e+01 8.464172619232149941e+01 8.464172619232195416e+01 1.046727551152996227e+02 1.024875513463330066e+02 8.959342163382754620e+01 6.975727307916123721e+01 8.959342163382754620e+01 9.375298776796901734e+01 7.388956435105677656e+01 9.375298776796901734e+01 1.010352015678635524e+02 8.487568250459952424e+01 7.230972459632963023e+01 5.681792879849663791e+01
7.263177179011580620e+01 8.319096571988173139e+01 7.903527494891298488e+01 6.130574928179338912e+01 6.570763000760128136e+01 7.778253573455020842e+01 9.848502634437032555e+01 9.030836539471155788e+01 7.136275326304627242e+01 5.149419836770083236e+01 5.328607181041184759e+01 7.339646837859797301e+01 7.485518104287172036e+01 7.110429896646371617e+01 7.110429896646371617e+01 5.917505501671489299e+01 4.920295517103215133e+01 6.315811912714897858e+01 8.305705120582879886e+01 7.310992331730143690e+01 5.324138770827831024e+01 5.546483134069450927e+01 5.988579681610323746e+01 6.469997739013433602e+01 8.464172619232201100e+01 1.014802462296723604e+02 1.130631817456710593e+02 9.558825116700791114e+01 7.570565092266366491e+01 9.558825116731060234e+01 1.020155210142435465e+02 8.533469261423800845e+01 1.020155210142435465e+02 9.100673203659371779e+01 6.746369727413433282e+01 5.402164755015255082e+01 4.481000894765191589e+01
8.383934028148458140e+01 1.000383053204711672e+02 8.835761768801627625e+01 6.753717633389447883e+01 8.048501768546688595e+01 9.499527595321514184e+01 9.613661957342476683e+01 7.616461479744434371e+01 6.208709812853555832e+01 5.508963897109626373e+01 7.339646837859797301e+01 6.418925815844747262e+01 8.481001618998406855e+01 9.104514162910747643e+01 8.733736167479341361e+01 7.193718917292571291e+01 5.211439710131061531e+01 6.610408131539294629e+01 8.601955727336634538e+01 7.701359737828082075e+01 5.710868716664103317e+01 7.535104076345484714e+01 7.980514168225887772e+01 8.464172619232201100e+01 7.318537706584723423e+01 8.469089926553220948e+01 1.047246097483419476e+02 1.026298547936434460e+02 8.271319209521257676e+01 1.026298547936434460e+02 1.135235903076326309e+02 1.052525928045211998e+02 9.946780024727775071e+01 8.023426700881226736e+01 6.706563709790387406e+01 5.621250606795376115e+01 6.142457985112210395e+01
1.030989420983562042e+02 1.112139380696086022e+02 9.526596942195190820e+01 7.454091422014496970e+01 9.526596942195190820e+01 1.095055342209632698e+02 9.832955692377383627e+01 7.834750381065329350e+01 7.864633152667629190e+01 5.876974097694992594e+01 7.864633152667629190e+01 7.462289255242870922e+01 8.376934966927154846e+01 1.028821138195640543e+02 8.959476374968328116e+01 7.503236129182509728e+01 5.518281448568521341e+01 6.919506798088424659e+01 8.912483397064841029e+01 8.254249118152058884e+01 6.260778107734477516e+01 6.557307057054309496e+01 7.369732445083712946e+01 9.367348364953612361e+01 9.315814160855732950e+01 8.579243220466111097e+01 1.058327539775401647e+02 1.108998938724695336e+02 9.420036416422459524e+01 1.108998938724695336e+02 1.104624407801199908e+02 1.015841486179607926e+02 9.334373969482058442e+01 8.640267166606977867e+01 8.377065769410505425e+01 7.563661404579626435e+01 6.422096900037378475e+01
9.205808103926040076e+01 1.002919686547794527e+02 1.036397460496371963e+02 9.526596942195190820e+01 8.929901020489197094e+01 1.096714832899053818e+02 1.066470750192903409e+02 9.657808786193047013e+01 7.669072962390346504e+01 6.266954777863789872e+01 8.251560863961933023e+01 9.484099120914859782e+01 1.007748323478625707e+02 9.574641926555996463e+01 8.129309831764555838e+01 6.143281642546700994e+01 5.997541201607268846e+01 7.400827775320527735e+01 9.396170209391519279e+01 8.855910334495521852e+01 6.860425828975421325e+01 8.551825080663329004e+01 8.184460668508263836e+01 8.780036961479844138e+01 1.078524352055636939e+02 9.993970177014969636e+01 1.141719546514968755e+02 1.224208651600483080e+02 1.141447531343923742e+02 1.137008950067717734e+02 9.379475085019568326e+01 8.238681581527582409e+01 7.371144094612054687e+01 6.699486393141764040e+01 7.771628606206927259e+01 6.850586738565668554e+01 4.863754949543618977e+01
7.225451847507099501e+01 9.205808103926040076e+01 1.048068013003465921e+02 1.130483959616704084e+02 1.096714832899053818e+02 1.179804818943824358e+02 1.065585348034512805e+02 8.659768681059210849e+01 7.258713362585639572e+01 7.077189659484515971e+01 7.253166708858178424e+01 9.214074553406729251e+01 9.869518050439513956e+01 8.080887147912163471e+01 6.842367976749110881e+01 8.129309831764555838e+01 6.595071664949936974e+01 7.618415352936283114e+01 9.609386685620762591e+01 9.521852384967418459e+01 7.524026233551715848e+01 9.521852384967418459e+01 9.597923100507084371e+01 1.078524352055636939e+02 1.161922440237452747e+02 1.200598405404650890e+02 1.167415241344229742e+02 1.085494914340206947e+02 1.167415241344229742e+02 1.219614458699529393e+02 1.077156984312458690e+02 8.785375029714064965e+01 7.655749813520299085e+01 6.699480163972361879e+01 5.849803578925124725e+01 5.373554946148856004e+01 5.493025739979218258e+01
7.805484765847006656e+01 9.418637183699352988e+01 8.494563779616501620e+01 1.015754929832835103e+02 1.025382172467676867e+02 1.107788140391255070e+02 1.065585364893909599e+02 8.659768681223538067e+01 9.244408432442892831e+01 7.961875719443459332e+01 8.126618765175467729e+01 1.003806508630524661e+02 9.713250697074541051e+01 7.724211053781932890e+01 8.242629400296387132e+01 9.291401297542114435e+01 7.296431097862067361e+01 8.584589175440483189e+01 1.042837963507558214e+02 1.035445164682131747e+02 8.520122647165013063e+01 1.035445164682131747e+02 1.160714054257640555e+02 1.118931108116567401e+02 1.037127877327046122e+02 1.118931108116567401e+02 1.069139580564415724e+02 8.894496966922503134e+01 1.069139580564415724e+02 1.196594444069910566e+02 1.159770925219051776e+02 9.767062976786894524e+01 7.793617595798730235e+01 6.775173305718321615e+01 6.037807201424568859e+01 7.359064036083216820e+01 6.140526007959557830e+01
6.621463338891366845e+01 8.080645002355421980e+01 7.352274464795550557e+01 8.849140821543323909e+01 8.267302940658959187e+01 1.025382172467676867e+02 1.148848848881931133e+02 1.065585364893909599e+02 9.951579916901829392e+01 9.365038930008823570e+01 9.254394331836834908e+01 1.092206178820815978e+02 1.042031238993737645e+02 8.420753705561494940e+01 1.024428407325662818e+02 1.012689762217097922e+02 8.289603360685555344e+01 1.012477152927632176e+02 1.140492601763142773e+02 1.135767948939169969e+02 1.052358212276982954e+02 1.135767948939169969e+02 1.070711222642480323e+02 9.890003895249869004e+01 8.410128651053594240e+01 1.020672170992229013e+02 9.874723055162280616e+01 7.913033841840831428e+01 9.181161182502226836e+01 1.049819133013731403e+02 1.131648376651352663e+02 1.059470775128628048e+02 9.407068203865070188e+01 7.320784798970302631e+01 8.630923722273675480e+01 8.720733418545678717e+01 6.860120360874171297e+01
6.621463338891618378e+01 6.108993097203432399e+01 7.790802851687921304e+01 6.869171780236911218e+01 8.849140821543323909e+01 1.025421384233038538e+02 1.119835379928443757e+02 1.202278359266953771e+02 1.195721742151651625e+02 1.136761512234663769e+02 1.124055538597882702e+02 1.207258214523341735e+02 1.125780510969575374e+02 9.412146485710940169e+01 1.125780510969575374e+02 1.113174722028688706e+02 1.029319923439866358e+02 1.113174722028688706e+02 1.158067339233465987e+02 1.076178362500435952e+02 1.158067339233465987e+02 1.127930389847123820e+02 9.314536991710589575e+01 7.925681886337831372e+01 7.424788417985841704e+01 9.390703712162030570e+01 9.181161182502226836e+01 7.213535031469385217e+01 9.181161182483852201e+01 8.536389008024195846e+01 9.922059329397684735e+01 1.188909702004007727e+02 1.035995384572041758e+02 9.506590224829751890e+01 1.035995384572041758e+02 9.618454885513578745e+01 7.966715387373821500e+01
5.062039804411529076e+01 5.440115996178151647e+01 5.822923666711935198e+01 6.309860723589181930e+01 7.445527238490366528e+01 9.430441015472696620e+01 9.210868314673771806e+01 1.119835379928443757e+02 1.238057291959161006e+02 1.155680832266879889e+02 1.155680832266879889e+02 1.238057291959161006e+02 1.226722932956506895e+02 1.142847829416381558e+02 1.226722932956506895e+02 1.178161620334523718e+02 1.096221459531708291e+02 1.074672448584452837e+02 1.032850629082469425e+02 8.801260005781361428e+01 1.059800236565841942e+02 1.083515579214181344e+02 9.699440156957599868e+01 8.647657574017951276e+01 6.673995159515676789e+01 8.647657574017951276e+01 8.065654059154111621e+01 6.661643907591950153e+01 7.290505934180504255e+01 8.428420264686361918e+01 1.038989870330851062e+02 1.140751992370536669e+02 1.059313322074877988e+02 1.140751992370536669e+02 1.176090574271582767e+02 1.075798657683016728e+02 9.933824245564211708e+01
7.026752728775586831e+01 5.937751773457034687e+01 7.790802851687921304e+01 8.284450512013741275e+01 7.146480517460534543e+01 7.805207900257251197e+01 9.210868314673771806e+01 1.119835379928443899e+02 1.123618890172562601e+02 9.577416006023892692e+01 9.577416006023892692e+01 1.097621891972401187e+02 1.295847513342821458e+02 1.227662437411887453e+02 1.139665991764845359e+02 1.057832007214845618e+02 8.999483849975619876e+01 8.785107272878585150e+01 8.365736787349234760e+01 7.818996255960591668e+01 9.781521530900184302e+01 1.001698203934690525e+02 8.053231993039618430e+01 6.911898981778736584e+01 6.158727655804251810e+01 7.554385178977176452e+01 6.085518200806379241e+01 7.233401412475933512e+01 9.202532313858441171e+01 1.007318759373892902e+02 1.120790919990528778e+02 1.042854543062110082e+02 8.638561913031136896e+01 1.042854543062110082e+02 9.803067105198343256e+01 1.119067563557467366e+02 9.585990573632899725e+01
8.729921397429771446e+01 6.917962850583192846e+01 7.327415030681629560e+01 9.308881109644866569e+01 9.130395024562588446e+01 9.792989335606407053e+01 1.061677172949960521e+02 1.045969892376393062e+02 9.638906809370777751e+01 8.437883615303191220e+01 1.041400563582198799e+02 1.238057291959161006e+02 1.285139299957830872e+02 1.087745506694759001e+02 9.493932431684734752e+01 8.620114908428585920e+01 7.965134333433408642e+01 7.394212724228587774e+01 6.970393517228102098e+01 7.070547214534175851e+01 9.039756734827334128e+01 9.898640737383628618e+01 9.699440156957599868e+01 8.883158436296635330e+01 7.554323337386030346e+01 5.569280659265089639e+01 7.554385178977176452e+01 8.881593778039656684e+01 1.001867808476314394e+02 1.023312902564947251e+02 9.419906658372127595e+01 9.615847566889965492e+01 7.655700202899349449e+01 9.138683073895144560e+01 8.419336824091139704e+01 1.037650476565818707e+02 1.041569097591658846e+02
8.345525883476413753e+01 8.058338761572338171e+01 9.308881109644866569e+01 1.013242776417788633e+02 1.007776128844489136e+02 1.092344105195580397e+02 1.103725487556204854e+02 9.059617963300151189e+01 7.670555461251025520e+01 9.638906809370777751e+01 1.123618890172562601e+02 1.219092520917833298e+02 1.240810834847112432e+02 1.227662437411887453e+02 1.139665991764845359e+02 9.925585017575166091e+01 8.999483849975619876e+01 9.359651652464050642e+01 7.807599479954453159e+01 6.406638694901695885e+01 7.929865107048277650e+01 7.929865107048277650e+01 8.672812192901439232e+01 8.453399421660867574e+01 7.291447346117988104e+01 5.304170027313303137e+01 7.291451172265993819e+01 8.025036824759561682e+01 9.994465912609679492e+01 9.099237430101068469e+01 7.455673192925576132e+01 8.922830820288612586e+01 6.955026590782630080e+01 7.173101992864131660e+01 8.159939350250228074e+01 9.544340696783751810e+01 1.150097903439348386e+02
8.946964008860138051e+01 1.004401234350749377e+02 1.086792197820022210e+02 9.768324643921106087e+01 8.093995258754256383e+01 9.768324643921106087e+01 9.514502332191896983e+01 9.187311707699183216e+01 7.227141676313145524e+01 9.187331122896297586e+01 1.098438198627534632e+02 1.021038565894180010e+02 1.042691684876491252e+02 1.240810834847112574e+02 1.271375802007086975e+02 1.178161620334523434e+02 1.096221459531708291e+02 1.059028742478327842e+02 9.198943452368870055e+01 7.929865107048277650e+01 5.948290484417675117e+01 7.502507733312650373e+01 6.697749941904262982e+01 6.476360224918195740e+01 7.034894329369446098e+01 5.045637336405431483e+01 6.044752147750278226e+01 8.025036752696891540e+01 8.902824050551187440e+01 8.088849702660171204e+01 6.310373565738441926e+01 7.752682936278038994e+01 6.325170313046491088e+01 7.470727697384965893e+01 9.434123689279719827e+01 1.093102031041849642e+02 1.115339278092938429e+02
7.550309967489101837e+01 9.523155817632178355e+01 1.018421040840194820e+02 8.932433437193756731e+01 6.970316565367200212e+01 7.883637853310386845e+01 7.552706046357396019e+01 8.382842412113588182e+01 6.817310512998756167e+01 8.192317121763149146e+01 9.733567800709212747e+01 8.813185068953652035e+01 1.079047226279791971e+02 1.191455316724149185e+02 1.305945770981440717e+02 1.192779770681000144e+02 1.079199474550591162e+02 9.913204682747489471e+01 9.097567813313843033e+01 8.401538357391301304e+01 7.502507733312650373e+01 5.516955891009933310e+01 5.288833405440876589e+01 5.066317602376883400e+01 6.748486492319601382e+01 4.799152786200568244e+01 6.210314848056801651e+01 8.189585492264049549e+01 7.763130531428882364e+01 6.111156465545515459e+01 5.417501673241618221e+01 5.771145878775946869e+01 7.752682936278038994e+01 9.113638459496947064e+01 1.024707922393962178e+02 1.058448184108800803e+02 9.199925731217940950e+01
