LEM/with_lateral_4open/elevation_000608.asc
nrows	100
cellsize	150.0
xllcorner	0
ncols	100
yllcorner	0
NODATA_value	-9999
[rows 34 to 50 of 100, columns 37 to 73 of 100]
6.580083020170941666e+01 5.998276965988772957e+01 7.984687086848312276e+01 6.881568428756145295e+01 6.881568309070922851e+01 6.284620319608454508e+01 4.290254920002413996e+01 6.284620555060308789e+01 7.997602414522057757e+01 8.262757994746044687e+01 7.898947852593022390e+01 8.720202929998464469e+01 7.433998296845777531e+01 6.329388206148608020e+01 4.345267585740751315e+01 4.467155258465063383e+01 6.451784212896660620e+01 7.355427574809094438e+01 7.334969592873288491e+01 8.053773921723336571e+01 6.949894668212668591e+01 8.874375161126646105e+01 1.017131196220424272e+02 1.116268377082109993e+02 1.083329808422847549e+02 8.863160837802263359e+01 7.728906034535768299e+01 7.140286749378350351e+01 6.599066261105079434e+01 7.363827652274305535e+01 8.462343751454686469e+01 6.508707369956067623e+01 5.117339998227599551e+01 6.459990125697738961e+01 5.004302890933118420e+01 6.968239921575953133e+01 8.429794418750057616e+01
7.180555097684668908e+01 7.984687086848312276e+01 8.806443180152547257e+01 8.867045178937840433e+01 7.928385448397425250e+01 6.608108874373557740e+01 4.613993387339792207e+01 5.183304734909527411e+01 7.175603758770246543e+01 9.059131913111923495e+01 9.881527490576411310e+01 8.018102999654612972e+01 6.026762906402680642e+01 4.621287557417633707e+01 6.329386379950495467e+01 6.347387116014608210e+01 4.797878287266647845e+01 5.741064689215554750e+01 6.886312245417134648e+01 6.125182611386981080e+01 6.741765973705774684e+01 7.409551859792654227e+01 8.358660856620488744e+01 1.033081145112703325e+02 1.165249890381731035e+02 1.051375640684089632e+02 9.695838814663794381e+01 9.102786267433313583e+01 7.938863643241595014e+01 5.979326892042764285e+01 7.373194107845795031e+01 6.718589727205279871e+01 4.749150438121182560e+01 4.486239805387111801e+01 4.578268204474416336e+01 6.549526335567283297e+01 8.079974832992398603e+01
7.082787291610031843e+01 9.065834328874056780e+01 9.920287901355651172e+01 8.775773288098494618e+01 7.106364162894560366e+01 5.113343008810511492e+01 6.608108874373557740e+01 6.243374976094198558e+01 6.250576623107071583e+01 8.237841716326973085e+01 9.884666505642063328e+01 8.735525441555215309e+01 6.812697709582671735e+01 4.822168802041313995e+01 6.812697393584100780e+01 7.152041439883986129e+01 6.628510294954156734e+01 5.148759341906953324e+01 5.534156071370377106e+01 7.652596491467127748e+01 8.660545185278536451e+01 9.344736153873766682e+01 1.017131196220424272e+02 1.116268377082109993e+02 1.143625613397445591e+02 1.044906238942557195e+02 9.629055644779002421e+01 8.934636356017483649e+01 8.410780839650540486e+01 7.373194107845795031e+01 5.408856407739378369e+01 5.129954118570306321e+01 6.718589727205279871e+01 6.147946674151427260e+01 4.169350366082192494e+01 5.301910779586884104e+01 6.690938881362616542e+01
7.082787291610031843e+01 9.065834328874056780e+01 9.099049472351899226e+01 7.116811095716785474e+01 5.965305771901106624e+01 5.584334411400161713e+01 7.575743874788133780e+01 7.650590903107229224e+01 7.400609784948287029e+01 9.059131771889202867e+01 9.061745304589067018e+01 7.069857256150368130e+01 5.915554771508394083e+01 5.026720376892366460e+01 6.091787399512217860e+01 7.866182694529778985e+01 7.367075425995099636e+01 5.481739333090462907e+01 7.532323536565125721e+01 8.444014440887949036e+01 9.012603908311746181e+01 9.867415072520657304e+01 1.132120301967829761e+02 1.217141614667457361e+02 1.061406072004538004e+02 8.644050569512619120e+01 7.664941292498980374e+01 6.974548493600819654e+01 6.450134018180733619e+01 5.995803893323019906e+01 6.892225327677809332e+01 6.568589321347710097e+01 7.904518731682870225e+01 6.960793366257581738e+01 5.877438551117564458e+01 3.895318281301028662e+01 5.877438341676177913e+01
9.065834328874056780e+01 9.887293790821630068e+01 9.207969583912813505e+01 7.226223977420968936e+01 7.954603612003606372e+01 6.083941488067964087e+01 8.073011337028185608e+01 9.632189135374275679e+01 9.381521054921869052e+01 1.020332966661960228e+02 9.592070314011168364e+01 7.600356728714987753e+01 7.235326641235725731e+01 5.241644229101718366e+01 7.179429610121549388e+01 8.746076522191650326e+01 7.487147001163151572e+01 7.554085276317202613e+01 6.008476666844632774e+01 6.415457858364761989e+01 6.939232000884447871e+01 9.012603908311746181e+01 9.251325708493033062e+01 1.132120301967829761e+02 1.143625613397445591e+02 1.044906238942557195e+02 8.573222632198104520e+01 8.934636356017483649e+01 7.580624826340772415e+01 7.384949585358646118e+01 8.483442521022975313e+01 8.606409525325463505e+01 8.350294763746946103e+01 6.389814696538746830e+01 5.690976208671622061e+01 3.706928489716348452e+01 5.690976357869296720e+01
1.036282318999472380e+02 1.128949832231886319e+02 1.002938501405860308e+02 8.628961739249027119e+01 8.671582006710566759e+01 6.686347684862363394e+01 7.709690116343412569e+01 9.689605381800595296e+01 1.044573093130908177e+02 9.623377555711088860e+01 8.960519780581675775e+01 7.600356728829923725e+01 5.603023922622868014e+01 5.663862362951236662e+01 7.661113912567199691e+01 8.793891468544543955e+01 9.388871080261739621e+01 8.945985935175117731e+01 7.480627459820978231e+01 7.887659158218383482e+01 7.529955760708753587e+01 7.787821560422332823e+01 8.821814826065750026e+01 1.028825670603580136e+02 1.235414933332078249e+02 1.136468184059199302e+02 1.054274301305288759e+02 1.035857733769885982e+02 9.541038894090009137e+01 9.342365385468301042e+01 9.401517653328552626e+01 8.585914459344570560e+01 7.776218548233461547e+01 5.815555735294131523e+01 4.415243435801541949e+01 3.520854985805989656e+01 5.253039328497042959e+01
9.649581964761421204e+01 9.281019173889214358e+01 1.128949832231886319e+02 1.060581817522052290e+02 9.331588003110786644e+01 7.351570013910138357e+01 9.331588003110786644e+01 1.051164940864898512e+02 9.623377555711088860e+01 7.634804230322868079e+01 6.964756261008983529e+01 6.385485685624776409e+01 5.905403716994157293e+01 7.660520909337127193e+01 6.310778071320332572e+01 6.797212666571816442e+01 8.212949686801401583e+01 1.019640899697799625e+02 9.556848582235643619e+01 9.958727160292285419e+01 8.376321238386208279e+01 9.857578736715009882e+01 9.857578736715009882e+01 1.174480347512400158e+02 1.112881389921244306e+02 1.030908433675062668e+02 1.030908433675062668e+02 9.977579450701756514e+01 9.160735067937109477e+01 9.039082316679828466e+01 8.585914459344570560e+01 6.627321248938058318e+01 7.200979918680189940e+01 6.609510267932144245e+01 5.475179567402013703e+01 3.488325201548720855e+01 3.262772886832288322e+01
7.627379824079773130e+01 9.250651484771816513e+01 1.008310071965081391e+02 1.124493691641107063e+02 1.015226239218462041e+02 8.344851010337799835e+01 1.015226239218462041e+02 1.102268754126512960e+02 9.043764381730500190e+01 9.623377555711088860e+01 8.960519780581675775e+01 8.255229789843269828e+01 6.252347924602167240e+01 6.849975288429953935e+01 8.309625727316765165e+01 8.793891468544543955e+01 7.617713449789177105e+01 9.026057507813152370e+01 1.100383208833210347e+02 1.129936152911837013e+02 9.572407540748743315e+01 1.129936152911837013e+02 1.192402296981853169e+02 1.136022407361679285e+02 1.030908433675062668e+02 8.346879629553630764e+01 8.346879629553630764e+01 8.448202631941559559e+01 7.206060480177977468e+01 7.083557013103111899e+01 8.469561086349585821e+01 7.200979918680189940e+01 5.235425713855686070e+01 5.794880401623994715e+01 3.811265932546280055e+01 5.474464365282715761e+01 4.159071289727125276e+01
6.860629580569410280e+01 7.227901155224303409e+01 8.399031069652608039e+01 1.041398660620610030e+02 1.114076850073280696e+02 1.031832499588375498e+02 1.114076850073280696e+02 1.184769748088765482e+02 1.102268754126512960e+02 1.116913864292169194e+02 9.184880779450863031e+01 7.773695680481479542e+01 6.612524744209054006e+01 8.615766424639220133e+01 7.853470866936368111e+01 9.841628379193819853e+01 9.605334270434657640e+01 8.616355098607888863e+01 9.759291580167084135e+01 1.173497452027335015e+02 1.164153151012118599e+02 1.249078354294628497e+02 1.193617175664164165e+02 9.961366577499620689e+01 8.575336767890526346e+01 7.704308436613004574e+01 6.969744884260566664e+01 6.496992192613416250e+01 6.079041934323011276e+01 5.699412702674779752e+01 7.159262896274107391e+01 6.844694735708037570e+01 6.149816735837672610e+01 4.171117521875252976e+01 4.389273991466940572e+01 6.364692707741938449e+01 5.556692464379450058e+01
6.147468429695327785e+01 8.169445954464539739e+01 1.008310071965065191e+02 1.001891494561274101e+02 9.541530497911358566e+01 1.027781224648080212e+02 1.108361426152256968e+02 1.201802500152276423e+02 1.244744307088397619e+02 1.021564881633271398e+02 8.729948741598462902e+01 7.562381022310863443e+01 7.101390904936721427e+01 9.100660534353679054e+01 9.841628378442155167e+01 9.113712744637655305e+01 1.109419591274638179e+02 1.001516662065342587e+02 1.059431344296964852e+02 1.256084894815630122e+02 1.162818873533210251e+02 1.078314372481406878e+02 1.162818873533210251e+02 1.136022407361679285e+02 1.047956538231831729e+02 8.921596082215468471e+01 8.921596082215467050e+01 7.621202736092595842e+01 8.032203168516228686e+01 7.159262896274107391e+01 5.195655553319623721e+01 4.876194931195346527e+01 4.563870798474340518e+01 6.150187568879422884e+01 5.020332542053430558e+01 6.987620843376238611e+01 7.490302835535280224e+01
6.938069159999712099e+01 8.959185017880606949e+01 9.429781520077206380e+01 8.022642857897777446e+01 7.547009910690542256e+01 8.313636020504492308e+01 9.305865154306697207e+01 1.065266003818152569e+02 1.248695935786359996e+02 1.098490795570545373e+02 8.982418879953118562e+01 9.568934352221543804e+01 7.813649347287059754e+01 8.175372419703852245e+01 1.016319800577258547e+02 1.051327775689136104e+02 1.191990703093074870e+02 1.199249755601077965e+02 1.257578491036840376e+02 1.155312446667836781e+02 1.060902148046224767e+02 8.745548427005068959e+01 1.060902148046224767e+02 1.136880156012476704e+02 1.052371704782467816e+02 1.088775286105983469e+02 1.039587739416193131e+02 9.577905498598332201e+01 8.542378393066758235e+01 6.586357699256875264e+01 7.159262896001402510e+01 5.556754977935734985e+01 6.537676909967150607e+01 7.351246026019288138e+01 6.008372101996421577e+01 6.413923620391061320e+01 8.372651568625133223e+01
8.365206094380613422e+01 8.794750854857976208e+01 7.966316399650897040e+01 6.574233649068270324e+01 7.357634921884803703e+01 8.373307468227969252e+01 9.783326235331168164e+01 1.175244873886459942e+02 1.158307267644705121e+02 1.181707396970155202e+02 1.098490795570545373e+02 1.055403647410322918e+02 8.571082513970867467e+01 1.016319800607463861e+02 9.582579222323751367e+01 1.156493576123766758e+02 1.332653432605469277e+02 1.231861155809790347e+02 1.147905150423427045e+02 1.070857731361615350e+02 8.674537011355263871e+01 7.737620456460055607e+01 9.764346075909557499e+01 1.019332213588096749e+02 8.489476767586896244e+01 1.019332213588096749e+02 1.166343114302961794e+02 1.084007691108121776e+02 9.357697848314222711e+01 8.542378393027962602e+01 7.158638457054495063e+01 6.691078897461706276e+01 8.331424786651882641e+01 8.781419165810744687e+01 7.393011596340512881e+01 8.372651568625133223e+01 9.188074224067811713e+01
9.392182101830492513e+01 7.375703487685478876e+01 5.907552156084757655e+01 7.966316399650897040e+01 9.366688165928513854e+01 1.018558222959935051e+02 1.117674820873104977e+02 1.100210358807072879e+02 9.602219771801738091e+01 1.044492234560032387e+02 1.126441471917907791e+02 1.137897029079658324e+02 9.717407787600146207e+01 1.137897029079658324e+02 1.156493576407721093e+02 1.239304957742015176e+02 1.165866214634500437e+02 1.083584231549768191e+02 9.456846221280083853e+01 1.048528216167752305e+02 8.452327656208224482e+01 7.028992311914281288e+01 8.284852647588124341e+01 8.268291150167860337e+01 7.326963018368162750e+01 9.349247874433009997e+01 1.050795478876226952e+02 8.833103665223219991e+01 1.002745800269944993e+02 9.933480160390615765e+01 9.116975510469768551e+01 8.647595241257072018e+01 9.463096303969285827e+01 9.622052356121982086e+01 9.352291542899487808e+01 9.644853600426137064e+01 8.823666189421103923e+01
8.998910986053465422e+01 6.968903207784201470e+01 5.500362180910737209e+01 7.563478720177832315e+01 9.128642587259996333e+01 9.445734114825800987e+01 1.026690888775505357e+02 1.000437483555939906e+02 8.180100524546317331e+01 8.446879887588842450e+01 9.865329602444491286e+01 1.184418300678017175e+02 1.169689251340295044e+02 1.252527885315042226e+02 1.258284212786222440e+02 1.175945216847154597e+02 1.053611034214413138e+02 8.844700044307560916e+01 8.290801230678003719e+01 1.013931500059970574e+02 9.695727431890827575e+01 7.690271623762281195e+01 6.272357945479331676e+01 6.255915239809402806e+01 8.268288930399121739e+01 9.639049585093333405e+01 9.681350367328731465e+01 7.673451815160569822e+01 8.020159254464829246e+01 8.911163034945276706e+01 9.739126454230544994e+01 1.020322415211570899e+02 8.232036351337097813e+01 7.656272870978634160e+01 8.487109042150891014e+01 8.506548531462492235e+01 6.856587009841584290e+01
8.187920495940275600e+01 7.187553967369701979e+01 5.138222323455461549e+01 7.096875650993749218e+01 7.096838873531409320e+01 7.423711581499721035e+01 9.445734114825792460e+01 8.650062723077522264e+01 7.158550964908782532e+01 9.181249339792799447e+01 1.042399605340969941e+02 1.124264085586565756e+02 1.238420332025858954e+02 1.258284212786222440e+02 1.141965548049564347e+02 9.733628366195449644e+01 9.731485327241422567e+01 7.686678716467312711e+01 7.286766215846260764e+01 9.301067918810205981e+01 9.215280903232499554e+01 9.118697015705041053e+01 7.631921756642979915e+01 5.621970834797489402e+01 6.779328202157329031e+01 8.796567632373159995e+01 1.050795478876226952e+02 8.608083445955494994e+01 6.602342696228421914e+01 6.904876071498118506e+01 8.582009794006521020e+01 9.738955679802371890e+01 8.232036352024097425e+01 6.293323712025861738e+01 6.543429542715423963e+01 7.687972495573553999e+01 5.720024158444748252e+01
6.149971026496120174e+01 6.523947227951795469e+01 4.798586920624497765e+01 5.051521354863519520e+01 5.960675726350140735e+01 7.830769254838936888e+01 8.148314802517604960e+01 6.611953035037262794e+01 8.650062723078436022e+01 7.861859656287956000e+01 8.426731316237930969e+01 9.587957772981803828e+01 1.156604558301046097e+02 1.175945216847154597e+02 9.733628366195449644e+01 8.562669772785029920e+01 9.577297951258537978e+01 8.544886654904968282e+01 6.530649243113087721e+01 8.082164981542734949e+01 7.193863023885779739e+01 7.501456158548518260e+01 7.225384090468106990e+01 5.277205000304875426e+01 6.696363680428216014e+01 8.713718240978059271e+01 1.020617552734411646e+02 8.201337068358282067e+01 7.752832716624587306e+01 5.748388418815302003e+01 6.904876067354210534e+01 8.911152637505692553e+01 8.474191180968740866e+01 6.529448806763831215e+01 5.149685814308124776e+01 6.277135378514497432e+01 5.034832861243928193e+01
6.256707062147176401e+01 4.507920246722121504e+01 6.523947227953337347e+01 7.096875650993749218e+01 5.458193217387911034e+01 5.764252579807189392e+01 6.090752329950394994e+01 8.148314802517604960e+01 9.475918610413704357e+01 9.030122626977744460e+01 1.042399605340969941e+02 9.587957772981803828e+01 1.156604558301046097e+02 1.172919604211187163e+02 9.699804017663942091e+01 8.266496298975610557e+01 7.556885732214249174e+01 7.120313477198735086e+01 8.074265642254175646e+01 6.071493206141190058e+01 5.775756577442604112e+01 5.491630771295489666e+01 5.215329139725789531e+01 4.946377245950047552e+01 6.663528428262651460e+01 7.500985393302745763e+01 8.664983679566191199e+01 8.201337068358282067e+01 6.196210169661446798e+01 5.299845585960864014e+01 6.748593493942595956e+01 7.404989034848478013e+01 8.234084344928284338e+01 6.971285102857451932e+01 4.926483881760849926e+01 4.231048333268819306e+01 5.696057113727125909e+01
