LEM/with_lateral_4open/elevation_000402.asc
nrows	100
cellsize	150.0
xllcorner	0
ncols	100
yllcorner	0
NODATA_value	-9999
[rows 51 to 67 of 100, columns 0 to 36 of 100]
6.455108993161302877e-02 9.008822999930847786e+00 2.315095862366306534e+01 4.315095863503000118e+01 5.002074602195894926e+01 5.359600962558677395e+01 4.468978730667980415e+01 2.616146133787552941e+01 4.468978730667980415e+01 3.799218033102688707e+01 1.800730967458430598e+01 2.801558167156863277e+01 2.865517804485612885e+01 2.914660378010311703e+01 1.441451960211689531e+01 3.059661988736421634e+01 1.168067677981351693e+01 1.244485118475660990e+01 1.321196889905850647e+01 3.323571671022857288e+01 2.165260241636994820e+01 4.063093015801562302e+01 4.569433796959240368e+01 3.720859382564637485e+01 5.728587298081335888e+01 5.683290759868572906e+01 3.661737309278795749e+01 2.473967486432566787e+01 3.889000971478046154e+01 5.273180699533443061e+01 4.443707801075310471e+01 6.360744442803127185e+01 6.749993193096196364e+01 4.879242176048705204e+01 5.342978328824182910e+01 3.446926046197042126e+01 4.864380104604266108e+01
3.995603441288197999e-02 2.003995603441252626e+01 3.729309176181497065e+01 4.416502334486143866e+01 3.000314655355980875e+01 3.390138123508648960e+01 3.382045915737641906e+01 1.541348871138927734e+01 3.596985404119176621e+01 3.516936405673227029e+01 2.627887707613970747e+01 8.041278935848305665e+00 8.673626912940855860e+00 9.314302552909774491e+00 9.956560466452886615e+00 1.060792033774193577e+01 2.981568118088045694e+01 3.241930726196381585e+01 2.721924486639703389e+01 4.129224270046562140e+01 3.471549492705006656e+01 3.471549492705006656e+01 5.491205412057369273e+01 4.878000877650822531e+01 6.562172710597445757e+01 6.535862076238124985e+01 4.735786651204071518e+01 2.729767281488636499e+01 4.735575773128597632e+01 6.725272022735535415e+01 5.927130981288667044e+01 6.168403876021704946e+01 7.573945582789275477e+01 6.742275545864110597e+01 5.584321618639307161e+01 3.574159951047808192e+01 4.731371728035468038e+01
4.804567899273937126e-02 1.419018130287258472e+01 3.419018176956316069e+01 3.576444099232025309e+01 1.588009391093780742e+01 2.324554939463915204e+01 1.404681344519250352e+01 8.742340185751897863e+00 2.878541140284615807e+01 2.621862651547827383e+01 7.151060135612110180e+00 2.711594270643042393e+01 1.281983246383345687e+01 2.822347938025138347e+01 2.758562170581408068e+01 2.538616119464840537e+01 1.244888939987425758e+01 3.245166260364933208e+01 4.227489071772851048e+01 5.423587879426914782e+01 5.491205412032903865e+01 5.491205412056859103e+01 6.332908869512320393e+01 6.890510019547986076e+01 7.724079407288105870e+01 6.423481144891472638e+01 4.412073049580826734e+01 2.992782635682783265e+01 5.001200840949985604e+01 6.715832902311693431e+01 7.706333775771133787e+01 8.035785724101548055e+01 8.618854752074545900e+01 6.203660301967087776e+01 4.540010146651988521e+01 3.702413768874279043e+01 5.714351763018580499e+01
9.707512844716031930e-02 2.009707488713199908e+01 2.120177959270806767e+01 2.179825260264427556e+01 1.811230595542884458e+01 3.238421705509622939e+00 3.850232240154586982e+00 4.472257339299191337e+00 2.445923117485002507e+01 6.259793080218531536e+00 2.621903856072583849e+01 3.541308332984722540e+01 1.707793773011381688e+01 3.690665929885536656e+01 4.737523509284086742e+01 3.198188165025872465e+01 3.245166261002726316e+01 1.431516635578523378e+01 3.432152948944887072e+01 4.451983596706490687e+01 5.868532551563168198e+01 5.636299671412145074e+01 6.468625017727033821e+01 7.627411077427154851e+01 7.510438933838000253e+01 6.493204531431550208e+01 5.284143965559172074e+01 3.307902104476106331e+01 3.414413520944338387e+01 4.471376879759257861e+01 5.960214331281473221e+01 8.088994139056346455e+01 8.707032082097791204e+01 7.316385050568538873e+01 6.079830535985527007e+01 4.101171970606858963e+01 3.896599120853931453e+01
5.001202446392439237e-03 6.002287530721303055e-01 1.195720087247544638e+00 1.792004881247489134e+00 2.389086315274103089e+00 2.239576601282298540e+01 5.839766229125396002e+00 8.359725667509474434e+00 5.358557007034139730e+00 2.532547599980149755e+01 2.035696429225356141e+01 4.037135318078410506e+01 3.722340035077297671e+01 2.356874109796512684e+01 4.378118201892920069e+01 5.162142639111620923e+01 4.262403816984745930e+01 2.845959383666673048e+01 1.620869813952903371e+01 3.035408476123017962e+01 4.480576013568552440e+01 3.634527756683132083e+01 4.788976510111557872e+01 6.793764634963685012e+01 6.658244298975260733e+01 4.813031044814093917e+01 3.763497252879865584e+01 5.284143965559172074e+01 4.186833117634986934e+01 6.295518452576084911e+01 7.716049911191450406e+01 8.927397275774097807e+01 7.874141587239822115e+01 5.865983958858355152e+01 4.708626427614194654e+01 6.114890968182708519e+01 5.912071094478107369e+01
5.279685921607564503e-02 1.965369133998858686e+01 2.118469837533030642e+01 2.177440695901191603e+01 8.127515691601173486e+00 2.695912650537954036e+01 2.799539803511901681e+01 8.238388038812438197e+00 2.532553676536102216e+01 3.362063258025284540e+01 4.037134988188723383e+01 4.867401609872560186e+01 4.869883784914954816e+01 2.842282343071877193e+01 4.269648790258078463e+01 6.318979249626754324e+01 5.678179379809315463e+01 4.451989646450678606e+01 3.621630478720184243e+01 1.812934327409784530e+01 2.479981439828945255e+01 4.480576117558661764e+01 5.655260391173722923e+01 6.487573874935448259e+01 6.276225119856515988e+01 4.276519196224572283e+01 5.753097161243038471e+01 6.586986726907619527e+01 6.322399966237249203e+01 5.721469219137061657e+01 7.773175125933531149e+01 8.924884407048647006e+01 6.912016830983743887e+01 5.495513658880553010e+01 5.711042430735952991e+01 7.547179040397996630e+01 6.960865360754219466e+01
5.738623160518319517e-05 1.153864641479376019e+01 3.128159684596904100e+01 3.394430165787252918e+01 1.437800043541029105e+01 3.395780499313721634e+01 3.667608481741717696e+01 2.836962605386626990e+01 1.146515634536840800e+01 3.161713590487602232e+01 4.330688960214106942e+01 5.332225810963181800e+01 5.514510722710215163e+01 3.476021358177510479e+01 4.493642222056565316e+01 6.543966759662082211e+01 6.728051575114371019e+01 5.571172459584069259e+01 4.185215234150059160e+01 2.184601933092356063e+01 2.025083865536707606e+01 4.025785088966243563e+01 3.653291498066499798e+01 5.655260391338064352e+01 7.111091546430343158e+01 6.276225119856515988e+01 4.836733143440154947e+01 6.843952482148083050e+01 8.301557688497685206e+01 7.773175125933531149e+01 8.609095260618813938e+01 8.450017667251172782e+01 6.438060778766070769e+01 7.501572094382625266e+01 7.128759830990830437e+01 8.551395501206663141e+01 8.108744125440384209e+01
4.532054705376769438e-02 1.995393104070366874e+01 3.911938006196385231e+01 4.257282463056555599e+01 2.832014297172129957e+01 3.423114276494927566e+01 4.578433021328385877e+01 2.574935665991345601e+01 3.161746455280250245e+01 1.494458684434881945e+01 2.500004139421084304e+01 4.501788502456172836e+01 6.240108587834907183e+01 4.187807904458301067e+01 6.240108587834907183e+01 7.390412252597940324e+01 5.895920220267839085e+01 3.893879048289772271e+01 2.739553467911246187e+01 4.185215234150059160e+01 4.025785091253833059e+01 2.239088359140583506e+01 4.239654497772955466e+01 4.461923754001667675e+01 6.465904917227808824e+01 7.679681146936151492e+01 6.843952482148105787e+01 5.451761362449776982e+01 7.465363634189428410e+01 9.015723230306873859e+01 1.018316663774277373e+02 9.282869440467484878e+01 7.335611194280205893e+01 9.282869440467484878e+01 9.141985744855143992e+01 8.438323893109811991e+01 6.398509403715802790e+01
9.001595176218035732e-02 1.163702133555479712e+01 2.577915695928599860e+01 4.577915695928670203e+01 4.850155863294482117e+01 5.438959981429894697e+01 5.408797584002272885e+01 4.578433021328385877e+01 3.751096987160280349e+01 1.749491657387059362e+01 3.751096987160282481e+01 5.332225810963181800e+01 7.088938751776038316e+01 5.367176684341354331e+01 7.088938751776038316e+01 6.806673588707685951e+01 4.802099084336952473e+01 3.388344980203966372e+01 4.740054672540187397e+01 5.571308812544523192e+01 4.995907268641749255e+01 2.995195974385007176e+01 2.461498249890799883e+01 4.461901596539194514e+01 5.519322481298689098e+01 6.937547397009296901e+01 8.301557688470710161e+01 7.465363634189428410e+01 6.159061062019649313e+01 7.323525986195500082e+01 9.349502073798802826e+01 1.018342827360890226e+02 8.762153522722857701e+01 1.018342827368205690e+02 1.044118572421780442e+02 9.288631551509048734e+01 7.658527714719937762e+01
5.674351268809080251e-02 2.005674351268773492e+01 3.383292253777136693e+01 4.211719378523356738e+01 5.106146569523288292e+01 6.260847107902580433e+01 6.320653662279701024e+01 4.315206790183608376e+01 2.900325215546650170e+01 2.007316937344540264e+01 4.007149284530103728e+01 5.237788088702656353e+01 6.655392350152229142e+01 7.432555743781000501e+01 8.276778870001857058e+01 7.026589042254497031e+01 5.021236276019378408e+01 3.942739868814589954e+01 5.944380625254336792e+01 6.413247518086626542e+01 4.409014399226290237e+01 4.995938493042569917e+01 4.461823857317510544e+01 2.687352021353220266e+01 4.101142674841080549e+01 6.021917783437499594e+01 6.727791297991112174e+01 7.555924739901600162e+01 8.179804234246647354e+01 7.059688346458403885e+01 9.085997023141399609e+01 1.100015715813898680e+02 1.077462046269278346e+02 1.078211492954009572e+02 8.718263865498450116e+01 7.534883787515242659e+01 6.706886079225517960e+01
9.518805923843161321e-02 6.761854725905126706e+00 1.383292253777066350e+01 2.277719444776997904e+01 3.432419983156290044e+01 5.432419983156360388e+01 6.908302118565337935e+01 4.902588579711200367e+01 3.639448533964039001e+01 4.007149284530103728e+01 2.406582916679569095e+01 3.820183827253080011e+01 5.680244051084092405e+01 6.682804262660404504e+01 8.101487865072977002e+01 7.860376215102397168e+01 6.548336734865615938e+01 4.545240929442237388e+01 6.548336734865615938e+01 7.249649368895322255e+01 6.413151770534285845e+01 5.951524183186496231e+01 4.849496456540018841e+01 2.849082850007368251e+01 3.426262805230216202e+01 4.028898658223992868e+01 4.735171693703878049e+01 5.886563280539774468e+01 7.877623354766694774e+01 9.085997023141399609e+01 8.143232249658966282e+01 9.315646721473598291e+01 1.133376410004919421e+02 1.162982598006791761e+02 1.044118572421780442e+02 8.955630281215714206e+01 6.907444313883586062e+01
9.062254805971975413e-02 2.009062254805936476e+01 3.183436191905349233e+01 3.850102858571968767e+01 4.606031804590409706e+01 5.434458929336570776e+01 6.434458929336435062e+01 6.473814105941477237e+01 5.643229775852569219e+01 3.820183827253080011e+01 4.407290876492736942e+01 2.847143554362838103e+01 3.847135766046562111e+01 5.264120660247604633e+01 7.078336512871544528e+01 8.236957956021542770e+01 7.257492513031965586e+01 5.251697074395762144e+01 7.257492513031965586e+01 8.085164568949953434e+01 6.075837099015642195e+01 5.123013607180914164e+01 3.122483331494464665e+01 3.202575168341068235e+01 5.201449996533142439e+01 6.021917783438297533e+01 6.727791297987454300e+01 7.555924732435843794e+01 8.707613810624128803e+01 1.013998396701527440e+02 1.016860348827234191e+02 1.100015715650520605e+02 1.216229745245305338e+02 1.125004406744243113e+02 9.184388660890145673e+01 7.996145060329142495e+01 8.351703840881899055e+01
3.063233560239582431e-02 5.804135027498627863e+00 1.183436191905384760e+01 1.850102858572039821e+01 2.606031804590481116e+01 3.606031804590445944e+01 5.020245366963491307e+01 7.020245366963349909e+01 6.655392350152229142e+01 5.236987990214562672e+01 5.680244051084092405e+01 4.262161032719146192e+01 3.346717281520892584e+01 4.241781742667821220e+01 5.398926615257395412e+01 7.406570523154933028e+01 8.091849320687063596e+01 6.407404665586120984e+01 8.091849320687063596e+01 7.495175187509029513e+01 5.487943575398746532e+01 4.073999987702530490e+01 3.318543601011803901e+01 5.203225014705665075e+01 3.727561114457398617e+01 5.728767581190994918e+01 7.117417874478110207e+01 8.538895869974960817e+01 8.122879195687843890e+01 8.122879194605157238e+01 9.473584043734503268e+01 1.030934599209195142e+02 1.147477512292659014e+02 1.209625631822126479e+02 1.090749132505881818e+02 9.452928954829182828e+01 1.041363766955025767e+02
5.666595628964066211e-02 2.005666595628928661e+01 2.819894305412944391e+01 3.267670403922187461e+01 3.753809961666930661e+01 4.288255474836642378e+01 4.890181670564756899e+01 5.596055201463351381e+01 6.425362217450164337e+01 7.243537303641043934e+01 7.098327069449041460e+01 6.059461805117501854e+01 4.054191334009243519e+01 4.013706248652129460e+01 4.909370341653141168e+01 6.067672921582857271e+01 8.076019323940964512e+01 8.418734108091429391e+01 9.253944232698384553e+01 8.085041972227399754e+01 6.075821453328757116e+01 5.523399510516066613e+01 3.522595017741567602e+01 5.523399510516066613e+01 5.728767581190994918e+01 4.281839363779362628e+01 5.695909967220943315e+01 7.362884622501455567e+01 6.112123003566398438e+01 6.745250430170338518e+01 7.455259198206177018e+01 8.620068427152126844e+01 1.063950805851512484e+02 1.063344603690358809e+02 1.089855333578489507e+02 1.151684975858226068e+02 1.040949888068120401e+02
2.110006612196471329e-02 4.018511818379653100e+00 8.103404936851106299e+00 1.259875522470925091e+01 1.749405216294305632e+01 2.288543472656998645e+01 2.893818327848563143e+01 3.599543360029395700e+01 4.750409984023313825e+01 6.751228051075258918e+01 7.329117971321149128e+01 5.321615306080737184e+01 6.059461805117501854e+01 4.591608704016491771e+01 6.598111903290075020e+01 7.747225353943210280e+01 8.905945131521926328e+01 9.348252072364623189e+01 8.185415462690347965e+01 7.350459076816819959e+01 6.745565060994604778e+01 5.730506804580083013e+01 3.729902602874764028e+01 5.730897348894055909e+01 6.960323251506252973e+01 6.284092758227571096e+01 4.898370782337897822e+01 5.356621318779507135e+01 7.362884791182517574e+01 8.759998451278619314e+01 9.473584043734503268e+01 1.030934599209195142e+02 1.004941162293261954e+02 8.634174694608644529e+01 8.898793219283275846e+01 1.031409638270785791e+02 9.440433161924350713e+01
9.367352646185668485e-02 1.679145121313407785e+01 2.061749906287039735e+01 3.190499487919997534e+01 3.753809961666930661e+01 4.288255474836642378e+01 4.890181670564756899e+01 5.596055201463351381e+01 6.425362217450164337e+01 7.580908327221693810e+01 8.159552496201553140e+01 6.741119551414097089e+01 6.598111903290075020e+01 6.009942563921468661e+01 5.749302498374478176e+01 6.908945705420296690e+01 8.916900155854773402e+01 8.512350223698810225e+01 6.499895724434738042e+01 5.344722435047958697e+01 4.742534124964116415e+01 4.188428522952518307e+01 5.730897348894055909e+01 4.125716623672819594e+01 6.127262427540688350e+01 6.925923327570964716e+01 6.902616520719163873e+01 7.362884791182517574e+01 8.197713343076078729e+01 9.848923342438661166e+01 1.068480259417966067e+02 1.004935172085989876e+02 9.050985566231265977e+01 7.225545811140368357e+01 7.489321694315458444e+01 9.484499124726639252e+01 8.611891075415221053e+01
3.648181865326004941e-02 1.571784513347917667e+01 3.599998829376583842e+01 4.719321917152676349e+01 4.887528441821585545e+01 5.274990183142126199e+01 5.442054333230970542e+01 6.282216947899531334e+01 5.914977432402016433e+01 6.756094061937166373e+01 7.770230099536286161e+01 8.748671731314713895e+01 8.605444468100395738e+01 8.018078299365767236e+01 7.757607113375917152e+01 8.587813227549797546e+01 9.746060486965309622e+01 8.774149529908487466e+01 6.760747182525152255e+01 7.350459076816819959e+01 6.598914481203873095e+01 4.596279381919536178e+01 6.598914481203873095e+01 6.127262427540688350e+01 4.537901059851992613e+01 4.922333686469274028e+01 6.925923327570964716e+01 7.933385254425715516e+01 8.421471383988067316e+01 7.830201423161803120e+01 9.848923342438661166e+01 9.219747159717472584e+01 7.225545811063540214e+01 6.237381736892371009e+01 7.497720490183000663e+01 8.324486304644101153e+01 8.889781454445206066e+01
