LEM/with_lateral_4open/elevation_000568.asc
nrows	100
cellsize	150.0
xllcorner	0
ncols	100
yllcorner	0
NODATA_value	-9999
[rows 51 to 67 of 100, columns 37 to 73 of 100]
3.856915640836304959e+01 5.862023725235297178e+01 6.953231874646584743e+01 8.471743800060917806e+01 9.712421702217648090e+01 8.880734168252890015e+01 8.945005665124401162e+01 8.575773781300780740e+01 9.970028677149292662e+01 1.080434442808116131e+02 1.128393512356598478e+02 1.021832508200853624e+02 1.190410947262050030e+02 1.148396937730433933e+02 9.501591178340066790e+01 9.459393476480909158e+01 9.459423418857458898e+01 8.933361981532804919e+01 8.553210290151972117e+01 7.692381561587163219e+01 5.685685122959126403e+01 5.401923662443005725e+01 5.127120820825150105e+01 6.494553462520384812e+01 4.476953817878598585e+01 5.646904330679792849e+01 7.652454290932817571e+01 7.351557961876912373e+01 5.324891678467377432e+01 5.918488427231454807e+01 4.441669966654300339e+01 6.472852166620423020e+01 6.919764839904456721e+01 5.475068794699834029e+01 3.471231418361649901e+01 5.468526628943458689e+01 6.331874542556415264e+01
5.862023726279277724e+01 4.116948209199756548e+01 6.121957807993489808e+01 7.250477758092659997e+01 8.729402386694899008e+01 8.960418388426282377e+01 9.793588575412626085e+01 1.058772662229060728e+02 1.142010536850371807e+02 1.101323265636908673e+02 1.184685464960439560e+02 1.223403676956969264e+02 1.306712866541249412e+02 1.230695066475855555e+02 1.148396502696140402e+02 1.143858194136945201e+02 1.075618238383497811e+02 9.792297025410407230e+01 7.817264099573233693e+01 6.406861001250356935e+01 7.692633896952645500e+01 7.414417673406150300e+01 7.143047325821021332e+01 6.312632619969321013e+01 4.296465685070325691e+01 6.312631650281482365e+01 7.373930927291219461e+01 6.910050715191937343e+01 5.918373565205580178e+01 3.895542621946889028e+01 5.916382371679071639e+01 6.747846947134047468e+01 5.947585731584525348e+01 5.191931279840010660e+01 3.175742956669365213e+01 4.732274405182982946e+01 4.386168725158805159e+01
5.189204341504424889e+01 4.590730906408295908e+01 4.415193433519396393e+01 6.419031209204892718e+01 6.722707111152043069e+01 6.952553115644680304e+01 8.960418388426282377e+01 1.052441749917169744e+02 9.739271350623148749e+01 8.998922967829435038e+01 1.042369370706694838e+02 1.243650558332151945e+02 1.347494195093222800e+02 1.265017909939149092e+02 1.232851232801812671e+02 1.034296443078406469e+02 8.946470862425432813e+01 7.963256113350186638e+01 7.262900805136158056e+01 8.396171896095047771e+01 9.215493168363717302e+01 8.306005975337485836e+01 6.309581495526484929e+01 4.880221521478888747e+01 4.119258001926507973e+01 5.886998229192958121e+01 5.443375171254808720e+01 4.887668150155728597e+01 5.358774192221855515e+01 3.558999493921493240e+01 5.118271430343181549e+01 5.625135535627143213e+01 3.960274017569155802e+01 4.706178113143799635e+01 4.596992749799397160e+01 2.765880765582563683e+01 4.382674905303743174e+01
7.079939836710286727e+01 5.077075297795312991e+01 6.419031209193990151e+01 4.719860470786773732e+01 5.537117083972747622e+01 7.540643238333429110e+01 7.681182920777671086e+01 9.691042805063503351e+01 7.727444375740257954e+01 9.739271350623148749e+01 1.078660016483113822e+02 1.162020119358356141e+02 1.231799444982785587e+02 1.064099332766431445e+02 1.231799444982785587e+02 1.174621131891062760e+02 1.075618238383547407e+02 9.935463646819003714e+01 9.238384589087100096e+01 1.006024371050196606e+02 9.926263170466938845e+01 7.941861480391159489e+01 6.528265547409479552e+01 6.894290207311641439e+01 5.299127074849624819e+01 3.878717065766437599e+01 5.331541197449747216e+01 3.471083510923332227e+01 3.346454509601552729e+01 3.229112193869705294e+01 3.119056933368533890e+01 4.813592787802260631e+01 2.810956604355080657e+01 2.703010834520324579e+01 2.594861713899280176e+01 2.486663835730690764e+01 2.385622767581064707e+01
7.597233389754973132e+01 5.593764072914277818e+01 7.554401725420562741e+01 6.722707111558776205e+01 5.045037982606991989e+01 6.045133655729027566e+01 7.769721129574899976e+01 8.129758011583497535e+01 7.019490740280052421e+01 9.027983102366300727e+01 8.772576256746408774e+01 1.078660016483113822e+02 1.149017526749147606e+02 9.469296788968485146e+01 1.098882003762118131e+02 1.181832417367854191e+02 1.127535830929891603e+02 1.044410141316604097e+02 1.064538954535788946e+02 9.812178219604551543e+01 9.530467389894761254e+01 8.675193932682869047e+01 7.836992434215650860e+01 8.129001467857469265e+01 6.714427487688182339e+01 5.657688431341620117e+01 3.646488150784360727e+01 3.722029832620177814e+01 5.358758048492299508e+01 5.238402408166236768e+01 4.967811161033682765e+01 2.963624509574006893e+01 4.366755306143839022e+01 3.870330476943716747e+01 4.190205138384504124e+01 3.924971404121682639e+01 4.252348651642664379e+01
7.228672030931136305e+01 6.226064031633701745e+01 8.231365344017756058e+01 7.564754179470259032e+01 5.561558183063120708e+01 5.423165835358059894e+01 5.766090593706144318e+01 6.125158589140292520e+01 6.596270793283063938e+01 7.352221515633880244e+01 8.772575821086131498e+01 1.078652690723787231e+02 1.072635503438658304e+02 8.699713836919096366e+01 8.964387849012409504e+01 1.065320954804087137e+02 1.010852370059594421e+02 8.417208903756579730e+01 9.486978046474472137e+01 7.782930459479366903e+01 8.155304361607092289e+01 6.659876964135789024e+01 5.798168632829102620e+01 6.445109815835731126e+01 5.943723914285423149e+01 3.921065863457211975e+01 5.656200272100756621e+01 4.099225601495136573e+01 6.177575691434436322e+01 5.919330954758845564e+01 3.901743031365828074e+01 4.968287445622251397e+01 4.345962642860867220e+01 5.744170827018570691e+01 6.121923205701104820e+01 6.070921477612965589e+01 5.074116960177354940e+01
8.941365918387091938e+01 6.933181035479069010e+01 8.383606431075301657e+01 6.377836196212928144e+01 7.564754179470259032e+01 5.859488505218963894e+01 7.769721130330803760e+01 8.129758011583497535e+01 8.013364794193772411e+01 7.597081315092211184e+01 8.756952695304670442e+01 1.077129550840633669e+02 1.155665023304068200e+02 9.820013568571766882e+01 7.789297560964060096e+01 9.102047062277594591e+01 8.724633602479937622e+01 7.241629332420733078e+01 7.455839948318410393e+01 8.155304361607092289e+01 6.117109351372035775e+01 6.659876964392735488e+01 4.622416832630292305e+01 4.410758943016425349e+01 4.204900123201652207e+01 5.943737110647647626e+01 6.564264906186771498e+01 4.512411773044610186e+01 6.564814021795824317e+01 5.548836125516857010e+01 5.327605025778620274e+01 5.919369888080176878e+01 5.722113952896746980e+01 7.120370137265467747e+01 6.824887700122873468e+01 5.965008401678222327e+01 5.218760813029845025e+01
8.201787621358302260e+01 8.941365918387091938e+01 9.018716284063017952e+01 7.010322532864290679e+01 8.497983679016377323e+01 6.491645773343118719e+01 6.753755042396061015e+01 8.761164302292689854e+01 1.002538439847734253e+02 8.756952659913818593e+01 1.044246466288074942e+02 1.160656871031553976e+02 1.129910409955924280e+02 9.277371180518754556e+01 7.838990821769287720e+01 7.069608528499695410e+01 6.690386019021730135e+01 6.328254314392317781e+01 6.011610845738778153e+01 7.620859649229392119e+01 6.978551923786939426e+01 4.938034789458900775e+01 6.659876964392735488e+01 5.848308949511235966e+01 6.235283393591806345e+01 7.076424242146559607e+01 5.125174623582249467e+01 6.564814031333258981e+01 7.405729406288263306e+01 6.978896436289477379e+01 7.348016881509367693e+01 7.936489059886827135e+01 7.693542245676927394e+01 7.414369483485387491e+01 5.410916257560677423e+01 4.020009317572119301e+01 3.482835693788451437e+01
9.624525076029927106e+01 1.009428147565852782e+02 8.082083184415645860e+01 9.018716284063017952e+01 9.208772438689703677e+01 7.198765543641617626e+01 8.761164302292689854e+01 7.824721382767822320e+01 9.836511183529090374e+01 1.077121379796883502e+02 1.160529593591050883e+02 1.156002978986192886e+02 1.151835291888029786e+02 9.498875208402368742e+01 9.869501016140159777e+01 8.087413061366537192e+01 8.724633602479937622e+01 7.349130582621666008e+01 7.620859649229392119e+01 5.579242189953552611e+01 5.284299573308231146e+01 5.959060558780486616e+01 7.809506406974662696e+01 7.885915122242781194e+01 7.866260514845076557e+01 5.827233851944189524e+01 7.166880139334379862e+01 6.570706439394076881e+01 8.606170946257424248e+01 8.990411138090345844e+01 8.609744723747850514e+01 7.789272138038084847e+01 7.691975437526335213e+01 7.866074132687970177e+01 6.153942799631598604e+01 4.160733497528281788e+01 2.779452523113596385e+01
1.163712550306940159e+02 1.092697702238913848e+02 9.243425056713242327e+01 1.092697702238913848e+02 1.004444241704596550e+02 8.201569532262666939e+01 1.004444241704596550e+02 9.246641793328838332e+01 9.466975575438893031e+01 1.148075608131930636e+02 1.097136365158274174e+02 9.549099282680874978e+01 1.097136364938911157e+02 1.151842087933282102e+02 1.094893371802265705e+02 9.525177550886004951e+01 9.380923055554470125e+01 9.380923055554470125e+01 8.005946304950069248e+01 5.966641298700409379e+01 6.730088112877245976e+01 7.997208887813781075e+01 7.997104252694595061e+01 8.776348174625252341e+01 6.741330301873095721e+01 7.866260514845076557e+01 7.271069697968324874e+01 8.606171028194727057e+01 9.442378104574549980e+01 8.609757671458200434e+01 7.458121522037701823e+01 5.788845052661358892e+01 5.690166450357769179e+01 5.939950867133571677e+01 5.039181604575110640e+01 4.904356346145056023e+01 2.938793656029427481e+01
1.004532700186460090e+02 1.104915596102553224e+02 1.125657257783003757e+02 1.208844549855422486e+02 1.105626722423502599e+02 1.021688830186777039e+02 1.105540832919790972e+02 1.126058186537929657e+02 1.148075608131930636e+02 1.107725689065381260e+02 1.007229140905797919e+02 8.128790926846090770e+01 1.007229140853897462e+02 9.905752963191690696e+01 1.073858814338959462e+02 1.154469686478102375e+02 1.140057865005436355e+02 9.949660823974484458e+01 7.920745804599071960e+01 6.478781453657300915e+01 7.920745804599071960e+01 9.601105713510388284e+01 1.002029449179178471e+02 9.494615618970124160e+01 7.463048496562950618e+01 9.494615618970124160e+01 8.710538350719205880e+01 1.013760267688841594e+02 9.199509882319354404e+01 7.789272271374977663e+01 5.788845052661859825e+01 4.631192309941323515e+01 4.275940858080829088e+01 3.945209910448381407e+01 3.639525901639020589e+01 3.347310919633262216e+01 3.128133280794348892e+01
8.209767288315708811e+01 9.630074506042986116e+01 1.163791957949640334e+02 1.204919149203109185e+02 1.121743296485240791e+02 1.094002275651436804e+02 1.011199355883532434e+02 1.037495018902419588e+02 1.120422814854072158e+02 1.024413017958570009e+02 8.234785267590518743e+01 7.230729818885299665e+01 8.451566204276088001e+01 7.896570261231711640e+01 9.161906112688130577e+01 9.994575880491902353e+01 1.122780566976879157e+02 9.206881237429098519e+01 7.768938109394071034e+01 7.391810525214424388e+01 9.351575666412448129e+01 1.078240508644318254e+02 1.118118854838838416e+02 1.032855438723177315e+02 8.902198799489374892e+01 9.494615618970124160e+01 1.073393755685492295e+02 1.008469427135227647e+02 8.381528124939873692e+01 6.391256130999340002e+01 5.233797814726493414e+01 6.634325078156717836e+01 6.276482676689713713e+01 5.092585604815311484e+01 5.387955000717461473e+01 3.409119347281953338e+01 5.097578397218708091e+01
1.004532700186460090e+02 1.091217367442807245e+02 1.174487391329194708e+02 1.088993160022960041e+02 9.209596277843388634e+01 9.787122095672000910e+01 8.109900380343071902e+01 8.370016042803274559e+01 1.037495018902419588e+02 1.107725688817616998e+02 1.007229140361924635e+02 8.451566204276049632e+01 6.441374951538787741e+01 6.735956529422846017e+01 7.152234460395162330e+01 9.161906112688130577e+01 1.023358614721807811e+02 1.063195634597637280e+02 9.798796299395813492e+01 8.567460399740423327e+01 1.025791862934414809e+02 1.059830621243560955e+02 9.189954847286003314e+01 1.059830621243560955e+02 1.092483633913849985e+02 1.151282404700568236e+02 1.066396269225083842e+02 8.690108747865855321e+01 7.285495452783705161e+01 6.391256130999340002e+01 5.812631380745192189e+01 7.797887925806772103e+01 7.920828667709744764e+01 7.097473340805169073e+01 5.823035992024112772e+01 3.829247569498699022e+01 3.735704907206414305e+01
1.058506507017132634e+02 8.903934048478744501e+01 1.058506507017132634e+02 9.992468501276265158e+01 8.051904091583993761e+01 8.957247658398921430e+01 6.951551281062418752e+01 8.957247658398921430e+01 1.024210841874027551e+02 9.684387344302261624e+01 8.679313439135309238e+01 7.846698870057770137e+01 7.740853655740970396e+01 5.727916667662564976e+01 7.152234460395162330e+01 9.161906112688130577e+01 8.227362264016096560e+01 9.645503291257112721e+01 1.142416229406844224e+02 1.059330162566160993e+02 1.041128416890120150e+02 9.585922936991933341e+01 7.778579622598864773e+01 9.706630372153261987e+01 1.071756356818449518e+02 9.882884270792577297e+01 1.071756356818449518e+02 1.008469427135227647e+02 8.814605664033351218e+01 6.869016175092626497e+01 7.219556411459602430e+01 8.614507425598642953e+01 7.907620569732718252e+01 5.905276318838446770e+01 4.485612932632220407e+01 5.823035992433660368e+01 3.974003401791720336e+01
8.994552315279563004e+01 7.746803460537172725e+01 9.752715985788958619e+01 9.160961567424988061e+01 7.153946418945447761e+01 8.157453993185215779e+01 6.343224819610412624e+01 7.404283615032173316e+01 9.411396656053176457e+01 8.851788691553412036e+01 6.841609048562121131e+01 5.834659420491535542e+01 6.840679135341792971e+01 5.347408559123119431e+01 7.360443548712217421e+01 8.641664636111281084e+01 6.806218810173929512e+01 8.641664636111281084e+01 9.570530283703881480e+01 1.140600116619107069e+02 9.585922936991933341e+01 7.590647426040389689e+01 6.883972073423429094e+01 8.881164108546165892e+01 9.714283936824449484e+01 7.879860245140392294e+01 9.714283936824449484e+01 1.076508717806977984e+02 8.814605664033352639e+01 7.968617537652924909e+01 9.194103711291489844e+01 8.965480151223921723e+01 7.250848403262308750e+01 5.242465949351789334e+01 6.491749371655480161e+01 6.788263748966907940e+01 5.966879789005044188e+01
8.389498157124567967e+01 6.987814694835093121e+01 8.994552315279563004e+01 9.529889192091779648e+01 7.521521272933223656e+01 6.146458302669071827e+01 5.759406693426092261e+01 7.772595720524080321e+01 9.063386650180433435e+01 9.684387344301465816e+01 8.679313439135309238e+01 6.840679145274650352e+01 4.831376081686505586e+01 6.396898355825969418e+01 7.229292917504366756e+01 7.810582968874842891e+01 5.800003527860891239e+01 6.731099499764614791e+01 8.739993014200072707e+01 1.025180912612123194e+02 8.586505297133084014e+01 8.175050092862635154e+01 6.176225352688875603e+01 8.175050092862635154e+01 8.881372257966479822e+01 6.877198771306569824e+01 8.172789926420729500e+01 1.017887828787636550e+02 1.064549457872710434e+02 9.650243285492450696e+01 9.549804587799701494e+01 7.564246850123026888e+01 6.144630230060734277e+01 7.250848403262308750e+01 8.073402561277168843e+01 6.702556731788679656e+01 4.705055453510628638e+01
8.389498157124567967e+01 6.379883743515978267e+01 8.389498157124567967e+01 8.941944841517312170e+01 6.933162858876322332e+01 5.508970271924878404e+01 5.271553770577747855e+01 6.221066565296874984e+01 7.643610663087315515e+01 9.651585377165780244e+01 8.717678314455112343e+01 6.707212362014682583e+01 5.285359014016511736e+01 4.395776953183121805e+01 5.996553311814126630e+01 6.312058468313159665e+01 5.091551327841597185e+01 7.099738322404709834e+01 7.413529869786971460e+01 9.421404679571354279e+01 8.586505297133082593e+01 6.588870608142778451e+01 5.659284574141290847e+01 7.658955764150617540e+01 8.172789926420729500e+01 6.166179468441730904e+01 8.172789926420729500e+01 9.569151539457295996e+01 1.022416049439111987e+02 1.105221850499508491e+02 9.549804587799701494e+01 7.564246850123026888e+01 8.145803247051090068e+01 8.965364232771857189e+01 8.214467068825416618e+01 6.974427641548226120e+01 4.979422432561752743e+01
