LEM/with_lateral_4open/elevation_000386.asc
nrows	100
cellsize	150.0
xllcorner	0
ncols	100
yllcorner	0
NODATA_value	-9999
[rows 17 to 33 of 100, columns 0 to 36 of 100]
5.222468517465790605e-02 1.419436030890573264e+01 3.419436030890643963e+01 4.990367203629062942e+01 5.174682583199406594e+01 5.203732982105314875e+01 4.632227913533402130e+01 4.703807768806066036e+01 3.752702247921073564e+01 4.117828359667825566e+01 2.879334815853677298e+01 4.859755544664601246e+01 4.586226558156739230e+01 3.119441185082490975e+01 3.765351206871923040e+01 4.496394798273338012e+01 6.512415294331422899e+01 6.722357590507911596e+01 8.761217431520583432e+01 8.114054981645783471e+01 6.134314199250326283e+01 4.982566947817142022e+01 4.316197182226397899e+01 4.010477852708372382e+01 5.764645208291793921e+01 4.359160841457249091e+01 4.742993345212236278e+01 5.017021023841931537e+01 3.010038656708875848e+01 5.013745717410460401e+01 5.807725491817278396e+01 6.445491406438605964e+01 6.075116565764543708e+01 8.093470461002787886e+01 7.431533420387984279e+01 6.602511536726998997e+01 5.882210465601866645e+01
7.333276091007127906e-02 1.007333276075991080e+01 2.162033812198503568e+01 4.162027685641499630e+01 3.230915119843945860e+01 3.124899392232242334e+01 2.525418003777523523e+01 2.699568014820922102e+01 3.476342322773950144e+01 2.125679089232502506e+01 3.909902601517569565e+01 4.134507790466751231e+01 2.617416048920930649e+01 4.586226558156739230e+01 5.750431169963033540e+01 6.512415294331422899e+01 5.915229920329088742e+01 7.954148323498711193e+01 9.600735968944951537e+01 8.931923982658142336e+01 7.301164765179674987e+01 5.315281344037200739e+01 6.308223054608433245e+01 4.358412188086151673e+01 6.350559990409534095e+01 6.350205834282994033e+01 6.738006622943319712e+01 4.722910650881507166e+01 3.304901169289768603e+01 4.122024307601093795e+01 5.543764660957887713e+01 7.562459265025907484e+01 8.093470461002787886e+01 8.014252413953147425e+01 6.017749318824418481e+01 4.618948765425168546e+01 5.347996288851759061e+01
6.343274376862209629e-02 2.006343274376826713e+01 3.352666546955997262e+01 2.524127757921936066e+01 1.832118993255360806e+01 2.837031265551213721e+01 1.097345573655542239e+01 1.285489747285107143e+01 1.477055004148127892e+01 1.691477630911243679e+01 1.909696780633354152e+01 2.133310211361500563e+01 2.441966243841364204e+01 4.443454756988090537e+01 5.727337271873567914e+01 7.144324786744006417e+01 7.954148323498711193e+01 8.794918870994710858e+01 9.946829991379391345e+01 7.973839066248663698e+01 6.574421622243337993e+01 7.301164765179674987e+01 6.708111306341859859e+01 4.717349830152581802e+01 6.128032861230492756e+01 8.108544555770026818e+01 7.069505199661459471e+01 5.052856915653295289e+01 3.633703525755859687e+01 5.643537678840283434e+01 5.764607523554477098e+01 7.192115743913579706e+01 9.211403612292679099e+01 7.986103174174738228e+01 6.834847616294563011e+01 5.347996288881574145e+01 3.373550358927135306e+01
3.497053469895897854e-02 2.003497053469860489e+01 2.306544347346327228e+01 5.241155653229149891e+00 6.793456704641809729e+00 8.369677517120024390e+00 2.728383889181442257e+01 3.268051733816063376e+01 3.254364434362275205e+01 3.254350826859404577e+01 3.324370278898032183e+01 3.548308343827885381e+01 4.443454756988090537e+01 2.895141136530405390e+01 4.310349757003126570e+01 6.104637771137223723e+01 6.936260535091925306e+01 7.832711055937704714e+01 8.991723414868032194e+01 9.369699876709444197e+01 8.551714728999935744e+01 7.767882574746116120e+01 5.785232077388337046e+01 5.164439497430036852e+01 6.573670986966860141e+01 8.550599124242685889e+01 7.166547180423006580e+01 5.141688838647664994e+01 3.981864997649257987e+01 4.878851152834852201e+01 6.044152245679903501e+01 8.070933849194094023e+01 8.802922303563534001e+01 7.155815234291938509e+01 5.166114493825146781e+01 4.029866914291446278e+01 4.766624069078400083e+01
9.635555453094322986e-02 1.578854187853143909e+00 3.065442480347473797e+00 2.306520649254429856e+01 2.679322122372239079e+01 2.835388845586781414e+01 1.289878570518722967e+01 3.284166547702773187e+01 4.563181302539022255e+01 5.486846980901518833e+01 5.325542539322885460e+01 5.550096002300273312e+01 5.727337271873567914e+01 4.310349757003126570e+01 3.395651723333345728e+01 4.103366301867560395e+01 4.997885600420742236e+01 6.152734529909281491e+01 8.157431313400375927e+01 9.597977250445636344e+01 9.016419139537451599e+01 7.042309496165938754e+01 7.633921040443522088e+01 5.649795168062335193e+01 7.055992793276139707e+01 9.029163252833544107e+01 8.003584536641653813e+01 6.409708956489269838e+01 4.390270865166851166e+01 6.409739054442769657e+01 7.737841169370398120e+01 8.906313681131231874e+01 7.971576368176808103e+01 5.973377838164646647e+01 4.831735068193069083e+01 6.007060976176642697e+01 6.751552986717346982e+01
8.845047570523793812e-02 2.008826310945261540e+01 2.306543413254479802e+01 1.306544244533058752e+01 3.306515778802285155e+01 4.119589074575172560e+01 3.291015552434027569e+01 1.767970102306003710e+01 3.767722364706706628e+01 5.129912538512838438e+01 6.318193167877532801e+01 7.145647651503765019e+01 7.144324786744006417e+01 6.228036976785825374e+01 4.551008727795530717e+01 4.045132504399207107e+01 4.861757109138333277e+01 5.756052411963048598e+01 6.756553008702880447e+01 8.762800102140782599e+01 9.016419139537451599e+01 9.016419139537451599e+01 8.332656526182387324e+01 6.356334125295889947e+01 6.908594858102007663e+01 8.882032742527178470e+01 8.065581513821661019e+01 6.037596953864927229e+01 4.995090170837901411e+01 5.465898783186608512e+01 6.635410247345780022e+01 8.665862978334381239e+01 8.231803902972363574e+01 6.232264326191834414e+01 6.232264326191834414e+01 6.817915908979972528e+01 8.135791293170916560e+01
8.023991185656004221e-02 1.422242233259528987e+01 3.422685747570805859e+01 2.720756219822420263e+01 2.720756270567174795e+01 4.720675150833332623e+01 4.595349772236941277e+01 2.922678860280832680e+01 2.302493485482916213e+01 4.302153018886080815e+01 4.319673439782197732e+01 6.318193167877532801e+01 7.885306588633930858e+01 7.385015325435770706e+01 6.552838300149905137e+01 5.045246024325853540e+01 5.045246024325854250e+01 6.200144941070440296e+01 8.204984748013407625e+01 9.597977250445636344e+01 1.098952841246245953e+02 9.725669979484698047e+01 7.755651461256387336e+01 7.755651461256388757e+01 8.304768139503720192e+01 9.699686802950405706e+01 8.901782613781007569e+01 7.020389898504510029e+01 5.707930010362586160e+01 6.899137099471893464e+01 8.331081544458736232e+01 9.500921693763342546e+01 9.063266899354071882e+01 8.231803902972363574e+01 8.231803902972363574e+01 8.819462929186406086e+01 7.308772267598747874e+01
4.598823041778624804e-02 1.418812443321648864e+01 3.418828284280225205e+01 4.720650172179485793e+01 4.720673000188134694e+01 5.548908153995057546e+01 5.749177619463071665e+01 4.921998704510316713e+01 3.457207729171046395e+01 2.905521793797569430e+01 3.905553548979703749e+01 5.060143392718479305e+01 7.057910404885581102e+01 8.721300451274539967e+01 7.880248700251685534e+01 6.460045736855994392e+01 6.200144941070440296e+01 7.880248700251685534e+01 9.039348837073106324e+01 9.023106113377976101e+01 9.844440755494089501e+01 1.054405446507606001e+02 9.725669979484698047e+01 9.725669979484699468e+01 1.027567273496019169e+02 1.000719323546573065e+02 9.882420404986564222e+01 8.575568964399583649e+01 6.614820052080563073e+01 8.575568964399583649e+01 9.763025989445579000e+01 1.062443484233962181e+02 9.467329195353322291e+01 8.635214445398803207e+01 8.635214445398801786e+01 9.467329195353319449e+01 8.135791293161148019e+01
7.340434288523949025e-02 1.421554239579994317e+01 3.421602282163581066e+01 4.330394562470054609e+01 5.158403635563691125e+01 5.075022018386908940e+01 5.903519663869400347e+01 6.283907844548480170e+01 5.456369716720270446e+01 3.905553548979703749e+01 3.848363596087260419e+01 4.742800546974825693e+01 5.897074929755004291e+01 7.893764159432089400e+01 8.401503311444849942e+01 8.465705722145604284e+01 8.204984748013407625e+01 9.039348837073106324e+01 8.699786584385725519e+01 7.040622104330149966e+01 8.580224553764377049e+01 9.401518412221319920e+01 9.888387441150344159e+01 9.067120578634761330e+01 9.426439916576428857e+01 8.024483987496175530e+01 9.426439916576428857e+01 9.482366897171233688e+01 8.053384990984370972e+01 9.482366897171233688e+01 1.006131715390156387e+02 9.789639804856001604e+01 7.790116428730176779e+01 6.634530563471403752e+01 6.634530563471402331e+01 8.310843996659163224e+01 8.493771623357720557e+01
3.515918393995972474e-02 2.003485760177477459e+01 2.767444914187005978e+01 2.330421554315214294e+01 3.660775328253993877e+01 3.075006027024951649e+01 5.075022018386908940e+01 6.200232490902049420e+01 6.731938543620015025e+01 5.319447296606037412e+01 5.262293127172073071e+01 6.674809020420849492e+01 7.568315210229778245e+01 7.816189170293093014e+01 6.402872698602152468e+01 7.816189170293093014e+01 8.027521864897551040e+01 8.856162292220619747e+01 7.812621141416873627e+01 5.894323123211971449e+01 6.596862102013763263e+01 8.256522268240405538e+01 8.744037508836633776e+01 7.085314019793263185e+01 7.760315064034939780e+01 6.623761051877627892e+01 8.024483987470239299e+01 1.000719314178995347e+02 1.008021561033444868e+02 9.478413341221099131e+01 8.063554807410149294e+01 9.016264207982555945e+01 8.430084928350885320e+01 7.480119067604678662e+01 5.482016752765838419e+01 6.664397213399827535e+01 7.494231911282786029e+01
4.608085242692564615e-02 3.825725582519190482e+00 7.674727377116679072e+00 1.175721028175534499e+01 1.660792278248208831e+01 2.477288859223924078e+01 3.371716052657080809e+01 4.785930808053116436e+01 6.785977551323347257e+01 7.316939039149026769e+01 7.259850961540220737e+01 7.011344517918949748e+01 7.841516532995007083e+01 6.923633574656479084e+01 4.993680549753140241e+01 6.923633574656479084e+01 6.029811433746500882e+01 7.702309385997484981e+01 6.991159316596488793e+01 5.003273441097071839e+01 5.448823917315060328e+01 7.435129708345567678e+01 7.857140915724168906e+01 5.939424225557645087e+01 5.776356845677393181e+01 7.760315064034939780e+01 8.024483987470239299e+01 1.000719314178995347e+02 1.006131715390156387e+02 8.063554807410149294e+01 6.648226237349503265e+01 7.014284039294911111e+01 6.427840108988274892e+01 6.588657367175729007e+01 6.664064577931529243e+01 4.689456943241808773e+01 6.664397213399827535e+01
1.610643649003322755e-02 2.001610643648967880e+01 2.767472826823831156e+01 2.330421575326052874e+01 3.660797148413333701e+01 3.075006027024951649e+01 5.075022018386908940e+01 6.200232490902049420e+01 6.353995204555481990e+01 7.182749877403144012e+01 6.670572062587324069e+01 4.973300063362702872e+01 6.670572062587324069e+01 6.096255875726117779e+01 4.111178327644221753e+01 5.724190580443795540e+01 4.882366829523837026e+01 6.874143209709569646e+01 6.288335525201190990e+01 4.297175852412831176e+01 5.706720700076048303e+01 7.692477924095574338e+01 7.035875949900650994e+01 5.048060778195577569e+01 7.035875949900650994e+01 8.581400159472754297e+01 1.000719314178995347e+02 1.082839584568261841e+02 1.064899753392531636e+02 8.648685851498332511e+01 7.648456044423917888e+01 5.643028079900170724e+01 5.017915049504162539e+01 4.613433902760404237e+01 6.017680230553599330e+01 4.238746396072016154e+01 5.536461400008408162e+01
2.022278438842990689e-02 2.002022278438807490e+01 3.590998258496546924e+01 4.330431489945385692e+01 5.158926670063156195e+01 5.075022018386908940e+01 5.903519663869400347e+01 6.029364298405808142e+01 4.357543732175133755e+01 6.029364298405808142e+01 5.834679003460471591e+01 3.752299703823592125e+01 5.834679003460471591e+01 5.434563359698821472e+01 3.463021184466474267e+01 3.747405951236833488e+01 5.724190580443795540e+01 7.013214345815089246e+01 5.819014689516582450e+01 3.825996031757330940e+01 5.819014689516582450e+01 6.877456188797987124e+01 6.630114874208531717e+01 4.640235125207838962e+01 6.630114874208531717e+01 7.550136334111080316e+01 8.251084999554757360e+01 9.072298753581704034e+01 1.006339155252488808e+02 9.584249180262604284e+01 7.585178057501303783e+01 6.167734340594986975e+01 7.014283144969002137e+01 6.018478704363856480e+01 4.083258155012374857e+01 3.854324639097911387e+01 3.622235896364561825e+01
6.642187732006160639e-02 7.625711337504573528e+00 1.762571133750439500e+01 3.176784696123509377e+01 5.176784696123438323e+01 5.842497994281313822e+01 5.014516755254199865e+01 5.201343409552661257e+01 3.205313439016961041e+01 5.201343409552661257e+01 5.098446741572610819e+01 2.995127042910756643e+01 5.056398658873808927e+01 4.275053995642213778e+01 2.882693686884350015e+01 4.840121027552748956e+01 6.550439764467311932e+01 5.606155479155007981e+01 4.199435663968676380e+01 3.389579023099087607e+01 5.237561765748746012e+01 4.888433814951769563e+01 5.724162862936655216e+01 4.255637532299382997e+01 6.247162336916523628e+01 5.564800511894645041e+01 6.268502781159238424e+01 7.260157796853368950e+01 9.242012202256132980e+01 1.017133673291011746e+02 8.170692433283875289e+01 8.170692433283835499e+01 6.489555865982738680e+01 4.518907410029708416e+01 6.018480783320796235e+01 5.774636097018506575e+01 5.533730234681760862e+01
1.591255364720534082e-02 2.001591255364684940e+01 3.590998258496546924e+01 4.590998258496529161e+01 5.710992859061375526e+01 5.014516755254199865e+01 3.017793805457884915e+01 3.602620417302418332e+01 2.498787204093456538e+01 4.495640245743974361e+01 4.447187193785345016e+01 2.369339632328401635e+01 3.750011068230867295e+01 2.325860101324744278e+01 4.275053995642213778e+01 5.664257668904296139e+01 5.329726318276647845e+01 4.505589382677558064e+01 2.786425911399677346e+01 3.012960151349595961e+01 3.242469552004742894e+01 3.476632618476857317e+01 3.730662320303823520e+01 4.095684257790787086e+01 4.672558816881195298e+01 6.662267162782808327e+01 8.163203500466971718e+01 9.072298753581704034e+01 1.006339155252488808e+02 1.031902174742525489e+02 9.318995142271367627e+01 8.488932452150520191e+01 6.836315789047679914e+01 4.844331687692478283e+01 6.836315789047679914e+01 6.245761942909815900e+01 4.313387075478611621e+01
6.189296070378335485e-02 1.420402858443485883e+01 3.420402858445456928e+01 3.711104498874671975e+01 3.711104498874671975e+01 3.962757333056291031e+01 3.602620417302418332e+01 1.604570066003222450e+01 2.918743236062062252e+01 3.038505218975840094e+01 3.158693416615709637e+01 1.812390202590573907e+01 1.792913957209733056e+01 3.750011054865686333e+01 4.877308710712902950e+01 4.049212657662205572e+01 4.235409350098981207e+01 2.509016235642432235e+01 4.505891339190323919e+01 5.008706833816260939e+01 5.237561765748746012e+01 4.183467415955233548e+01 5.722259876159863268e+01 6.087887860519419547e+01 4.802079783318589534e+01 5.355808606764492197e+01 7.341986199225104315e+01 9.154487555694301193e+01 1.014562533121962247e+02 9.487345532360890843e+01 7.490519371940158067e+01 6.487287439002001577e+01 5.776748483303425274e+01 5.268519042217298676e+01 7.273932258999661826e+01 6.686474891743897331e+01 4.736595374163328387e+01
2.247884206357958492e-02 2.002247884206322581e+01 3.711059451873124715e+01 1.711042815797146943e+01 2.446161796617173678e+01 1.962707440336636111e+01 2.651395611617602199e+01 2.652416646425869473e+01 9.183076812179111315e+00 1.038146534593402848e+01 1.158424405864790430e+01 1.279345136361437518e+01 3.278616951275247260e+01 4.291339761963813970e+01 3.852118778056482284e+01 2.049144945770089166e+01 2.238096975024881274e+01 4.235409349880273311e+01 5.305868176549000026e+01 6.655968340459874355e+01 6.996285740711473977e+01 5.595350792881367852e+01 5.592920950129658308e+01 7.571290145475838074e+01 6.210028256550408088e+01 6.761312071343549235e+01 6.350712845560942554e+01 7.342264362563221880e+01 9.324254743215298902e+01 1.031902174742525489e+02 9.318995142271367627e+01 8.006165222685974925e+01 6.000864702410729024e+01 6.427543531945717348e+01 8.103774837119588881e+01 7.218526781783680235e+01 5.259033485791828610e+01
