LEM/with_lateral_4open/elevation_000144.asc
nrows	100
cellsize	150.0
xllcorner	0
ncols	100
yllcorner	0
NODATA_value	-9999
[rows 0 to 16 of 100, columns 37 to 73 of 100]
8.884754177262699226e-02 6.929726548558100274e-02 7.395023591448830758e-02 4.828361932999872264e-02 4.897713358561925356e-02 8.568734790590110117e-02 1.075183056328203948e-02 6.823539046102447547e-02 7.194897206013613211e-02 1.557559815681563986e-02 7.704183385687686514e-02 1.685416958384493638e-02 9.680445094065920353e-02 7.639902522890137937e-02 4.559330980047965332e-02 5.839666421669215124e-02 9.739037529851846120e-02 3.670263267501718690e-02 2.041064012308905357e-02 6.895211126444661387e-02 9.031524355919069713e-02 1.560024811392830661e-02 7.641644294168103979e-02 3.888124420523987601e-02 6.873285589001959517e-02 4.772367030474261584e-02 9.504926490987847254e-02 5.760415539182907330e-02 9.666222459857021221e-02 9.627991409191682948e-02 1.286757495974483190e-02 9.381044340810595905e-02 7.584058927755046864e-02 1.435327048224320848e-02 5.777975670406795827e-02 2.716720951219454838e-02 4.735230246529398453e-03
2.007814453675740651e+01 2.006929726425412852e+01 2.007395023562484582e+01 5.595285581582313483e+00 2.004897713358526445e+01 2.008568734790554444e+01 2.001075183056292772e+01 5.615295981640974432e+00 2.007194897205977924e+01 1.936621767379239145e+01 5.575863306570083111e+00 6.308597292367150722e-01 2.006263128374363802e+01 2.004929379323005989e+01 1.998082569863797886e+01 1.420136772122502400e+01 2.009739037529816486e+01 8.198488956668514405e+00 2.002041064012273353e+01 4.433309915929325662e+00 2.009031524355883391e+01 1.001560024811401561e+01 2.007641644294132632e+01 2.003888124420488381e+01 1.747095572483395864e+00 1.900952918797407776e+01 1.460420902881497796e+01 1.420320655355042305e+01 2.009666222459821583e+01 5.260257709035161433e+00 2.001286757495939028e+01 1.009381044340819322e+01 2.007584058927719539e+01 2.001435327048188739e+01 2.005719967626642841e+01 1.774575322834272217e+00 2.000473523024617251e+01
7.307610336479850588e+00 2.730065670362692032e+01 3.387955650164398236e+01 2.559528558160925016e+01 1.453955749158155086e+01 3.453955749163026212e+01 3.147075136641197801e+01 1.138946859936229750e+01 3.147075136641197801e+01 2.728268352328530000e+01 2.664897221038948771e+01 2.063307667677668533e+01 1.500014234909122557e+00 1.092863885304447891e+01 2.899258301104968538e+01 3.423183894399194571e+01 3.629890569416259893e+01 1.815559893665655267e+01 2.890244025153278784e+01 8.905445869274810633e+00 2.890244025153278784e+01 2.415773587184521887e+01 3.829987149557491222e+01 2.345173698314963318e+01 3.431399414616437049e+00 2.336373473375687837e+01 3.555150637299096417e+01 3.426799598069729313e+01 3.060548254728334072e+01 1.060548254728369599e+01 3.060548254728405126e+01 2.423594606713939470e+01 3.837808168954196475e+01 2.427461022562203752e+01 4.274575322834282431e+00 2.177465221411913987e+01 3.006436555041811687e+01
1.039366727277873537e+01 2.453216457561007502e+01 4.451655428053432217e+01 4.161062530352249667e+01 2.161062530344715071e+01 4.161062530352249667e+01 3.823768989310809729e+01 1.806150135582553773e+01 3.823768989310809729e+01 4.748226964186224563e+01 3.558818504090205437e+01 1.564081893900421427e+01 2.126452000321332747e+01 2.372130598163513682e+00 1.652331421776197118e+01 3.672141900060147179e+01 4.586060512111358634e+01 3.193014325275540344e+01 3.375040714214856052e+01 1.375615833006012778e+01 3.375040714214856052e+01 4.415773587184592230e+01 3.937450939073047351e+01 1.928236261404697061e+01 5.133912476133940750e+00 2.515617838233826475e+01 2.764545468134641837e+01 4.770717340768963766e+01 3.663570943883978259e+01 1.663570943883907560e+01 3.663570943883978259e+01 4.423594606714038946e+01 4.223913553152296885e+01 2.491328968240474850e+01 6.056316935583786254e+00 1.760332401664900459e+01 3.760347321216618610e+01
1.417325597278077254e+01 1.933682450872949232e+01 3.932398809297441744e+01 4.989489659330677540e+01 3.315763068724007212e+01 4.989489659330677540e+01 4.662081602464048302e+01 2.812518356962356592e+01 4.662081602464048302e+01 5.675281205372075988e+01 4.366750296960447031e+01 3.552049957278450165e+01 2.297239271331598687e+01 2.990029958647050012e+00 2.297800081019630980e+01 3.636360638010946644e+01 5.095036604371739486e+01 5.078914256742412903e+01 3.971624394918914902e+01 1.978638332240155151e+01 3.008374418827154884e+01 5.006608401003794739e+01 3.932344048581090590e+01 1.928110606659720005e+01 2.512023461071824570e+01 7.624203701593787130e+00 2.177577335037846140e+01 4.194943100377152945e+01 4.370677725070537889e+01 2.370677725070467545e+01 4.370677725070537889e+01 5.241193199557893223e+01 3.021361453472515635e+01 1.592196308690488671e+01 7.874498760697131949e+00 2.787902554901623020e+01 4.588736808771289333e+01
1.809537914480721099e+01 3.808311986536621419e+01 2.933282997292081973e+01 4.931514621302803647e+01 5.315763068741830466e+01 6.144190200634975696e+01 5.721573137442683787e+01 4.866803030859989576e+01 5.658894435445610327e+01 4.382991711719049022e+01 3.124380313476070015e+01 3.255856928956838914e+01 2.360512908520544784e+01 3.608822923370384572e+00 9.028247035544055166e+00 2.007591905763107576e+01 4.159464266371858798e+01 5.674632373280582698e+01 4.643513443948266683e+01 2.645302179289567235e+01 4.643513443948266683e+01 5.833653950405419408e+01 4.760523349431393569e+01 3.931979498651131166e+01 2.944276028365019116e+01 9.420256721864340932e+00 2.944799437339439763e+01 4.633427436050483550e+01 5.199104849816757934e+01 3.525378263449759686e+01 5.199104849816757934e+01 5.302684351200647939e+01 3.445323799626279282e+01 2.657781187502482112e+01 9.755940643087676278e+00 2.975400598324291224e+01 3.187635785280117418e+01
2.294529161583492538e+01 4.293016319236382827e+01 4.931514621302803647e+01 4.197345337907995599e+01 6.194843184786416401e+01 6.935631055352116903e+01 6.120089819292869748e+01 6.172940815641243262e+01 5.282157315838912837e+01 3.769570664703203988e+01 1.782954319391641107e+01 2.324083473466090766e+01 4.490637964398372262e+00 1.573476330900591869e+01 2.803194954948822826e+01 1.897108497546247818e+01 2.843631426517692518e+01 4.829989556002975348e+01 5.468921909398893888e+01 3.645200866954031227e+01 5.468921909398893888e+01 5.797674296986190257e+01 3.785287853808105751e+01 2.367996491530275804e+01 1.212939856805857808e+01 2.944797728702221917e+01 1.794868152688467688e+01 3.210857845154072265e+01 5.221068157248234343e+01 5.525378263449830030e+01 6.353805388196050075e+01 5.814365453431315700e+01 3.884374580215234118e+01 3.166569329696536528e+01 1.166286719168497754e+01 1.922399210671619585e+01 3.922550553660042283e+01
2.897303579913319638e+01 3.707876805537902953e+01 5.705668069087643346e+01 5.610311077739014962e+01 7.019969307208189946e+01 5.997483816907433152e+01 4.248657266344138606e+01 4.362555265459295839e+01 4.347157697723538661e+01 2.199352511512321584e+01 1.551588812912548221e+01 5.383743006826398947e+00 2.448743815939457136e+01 1.049294803589380543e+01 3.039500217600359733e+01 3.831641681865334448e+01 4.675274261372792495e+01 5.687302258311500225e+01 5.641826020942500008e+01 5.641826020942499298e+01 6.025737805458349783e+01 5.010852027972488543e+01 4.279045573493401378e+01 3.411670514436450219e+01 1.408119871464071693e+01 3.411670523582460390e+01 3.799634813955324120e+01 2.950459655648089097e+01 4.108344148698164133e+01 6.122507276485652028e+01 6.719605473230440396e+01 5.731201817314029512e+01 3.917047245760418406e+01 1.920858551146715243e+01 1.365295115732667774e+01 3.367350207543874063e+01 3.307129476440839966e+01
3.791077784213587876e+01 5.705668069087643346e+01 6.531258432461027041e+01 7.606028525262779283e+01 6.927053802939563809e+01 5.353041494792307731e+01 3.267292659149435963e+01 3.202114784622680332e+01 4.070869433774215906e+01 2.467026649992722653e+01 6.280840085701159481e+00 2.527783187455194280e+01 3.294557307501457899e+01 3.043123912571885370e+01 1.692420298543440182e+01 3.692577500375660549e+01 5.253037245573009528e+01 6.409069544296681897e+01 7.633470939466327820e+01 6.865062190926306585e+01 5.166284039638332359e+01 3.317095809062579548e+01 2.273271372316254002e+01 1.908120734492575465e+01 1.647165593867070399e+01 3.651197808977719461e+01 4.831473919791475424e+01 4.959629652465699223e+01 5.794503455359863864e+01 6.957781301965455611e+01 5.892047027720472130e+01 3.923977762638152456e+01 2.926082096341524164e+01 3.917047245760418406e+01 3.367358263665985163e+01 1.672104300291164947e+01 3.674521387493975055e+01
4.944855799699404741e+01 6.614622580697738385e+01 7.128862901950873265e+01 6.654236240265620950e+01 6.112327579575527636e+01 4.233062401220816895e+01 3.194032980834367308e+01 2.259603765730108904e+01 2.119839785172344548e+01 1.690640422792061770e+01 1.868240251710129485e+01 7.181095282963970483e+00 2.835831358596583129e+01 4.511856223394925536e+01 3.692577500375660549e+01 2.419158150090164128e+01 3.577380286246989272e+01 5.582900393998912847e+01 7.254147068786967623e+01 6.029426093935756370e+01 4.017092126532565999e+01 2.862846664091924609e+01 4.279045588684495982e+01 3.912836448890590191e+01 3.651197808977719461e+01 1.992713007287409965e+01 3.997586643911078141e+01 5.207683770260571521e+01 6.631492011708087375e+01 7.684199497623238528e+01 6.719605473230440396e+01 5.731201817314029512e+01 4.908012395179314780e+01 5.073659178716392404e+01 3.898512361791843972e+01 1.895755909473578171e+01 2.652615664053734079e+01
6.942084437196696456e+01 6.565431583666475035e+01 5.171922132520179360e+01 4.712288293156365171e+01 4.866160283754820881e+01 4.470789657429865827e+01 4.090940738411234889e+01 3.427309688326049297e+01 1.449062204115720043e+01 1.201589435715849419e+01 1.144189391955682211e+01 7.818461889243972784e+00 1.972592961945229817e+01 4.259728697410877629e+01 5.252745752940121093e+01 4.425012819923134799e+01 3.421998072809168434e+01 4.426636695568585367e+01 6.429418666383132575e+01 6.513144127134792427e+01 4.498292075206322238e+01 4.868007556487585674e+01 3.592260987693433094e+01 5.601798384399294406e+01 4.756418651049003188e+01 2.748729527643336468e+01 2.367348008023610006e+01 3.783875529710456931e+01 4.833953491263264368e+01 6.569383685052751787e+01 7.734226097157710456e+01 6.449827417085832337e+01 5.448854458860478900e+01 4.244597516245237045e+01 2.241537502110715252e+01 3.898512361791843972e+01 3.530679223218876217e+01
6.289480224738895942e+01 4.920756684073980836e+01 3.831870727074498717e+01 3.379709159640970029e+01 2.970029368347534060e+01 2.571545060214046430e+01 2.175328322180648399e+01 1.871353232413802914e+01 3.427309687078255962e+01 2.977302544333476675e+01 8.729698079850601644e+00 1.572225403807797051e+01 3.035823626024664534e+01 3.950674415327470257e+01 5.650836218017357027e+01 6.254463185099313449e+01 5.428027680975855418e+01 6.254471189397955300e+01 7.254147068786967623e+01 7.348280531542332028e+01 6.424988846774775197e+01 4.408586988152114117e+01 5.601805503283019760e+01 6.180786993778021099e+01 4.166410351957291169e+01 4.756395366367654987e+01 2.883767384789979360e+01 2.826190873865027697e+01 3.721396210353731249e+01 4.880956556747804598e+01 6.899352920244051290e+01 5.621014772714853081e+01 3.618648370822737803e+01 2.616691930047478820e+01 2.998750946088354752e+01 5.001605129209839617e+01 5.529190727384107618e+01
6.081167640638323491e+01 4.717299380006888754e+01 5.745097212981255552e+01 5.281071578926820820e+01 4.724177443557105960e+01 2.824467328119484932e+01 3.530388051431184948e+01 3.250860572491802003e+01 4.614883394382107440e+01 2.997711623710786455e+01 9.403678519218475529e+00 2.800244175407485869e+01 2.587922349313980774e+01 3.681663211213083997e+01 5.601135951281204228e+01 6.569348249643941529e+01 5.754123272339592177e+01 6.569639713188445285e+01 7.560146912157897248e+01 8.445617516852526308e+01 6.424988846774775197e+01 5.117982369301086720e+01 7.139814425428943423e+01 7.015365096542663537e+01 6.180714076506298227e+01 5.429187568931423158e+01 3.418424271553594451e+01 4.833915882505954187e+01 3.351514111179534439e+01 4.509472616759513386e+01 6.526353164903007098e+01 6.449827405371637212e+01 4.900324385649561520e+01 2.897274496006941291e+01 4.900324385649561520e+01 4.265882899548319784e+01 5.681593848863469987e+01
5.934203071594264145e+01 6.661693294446811819e+01 6.796598606194517345e+01 4.850744864123496569e+01 3.512987215451906309e+01 4.724177443557105960e+01 5.444234637743144134e+01 5.165071422364194120e+01 4.413966807153335026e+01 3.016772173910642607e+01 1.008123612759367482e+01 2.982943469755478816e+01 3.623591495037934607e+01 3.991188192126462297e+01 4.359557140129797403e+01 4.753854155197844733e+01 3.753590488726889873e+01 4.758569483336329142e+01 6.171712026749551683e+01 8.145008086453229623e+01 7.974687161617468689e+01 6.127691602716880226e+01 7.974687161617468689e+01 7.497695326655960457e+01 5.476857723927714972e+01 4.314685790296898205e+01 4.838226838968660104e+01 5.764446526693591721e+01 3.751703309381319684e+01 5.764455496584570682e+01 7.361526515762274414e+01 6.604751456450232183e+01 4.603171206324918074e+01 3.186577820860870602e+01 5.189420488592539726e+01 6.267605247003651670e+01 7.096209152768584261e+01
7.913528802920993144e+01 7.467665739789789825e+01 5.501186034038990869e+01 4.398752492413536430e+01 4.850749973195222253e+01 6.237605457371391537e+01 5.795605318638986603e+01 4.948333124033418784e+01 3.503529781483454997e+01 1.272853545437395972e+01 1.076138044812227434e+01 1.952637018353777165e+01 1.643739964545087062e+01 1.986410744001519291e+01 2.348746484425606695e+01 2.743332754169664511e+01 4.753854155553579375e+01 6.216629641615523383e+01 6.216629645674825611e+01 8.189207546846483865e+01 8.984842575471884629e+01 8.151937248141010173e+01 8.984842575471884629e+01 8.333138008741359215e+01 7.166913758688590974e+01 5.213995378358768562e+01 6.856045846465940485e+01 6.194179797820990530e+01 4.178583717493017957e+01 5.602247692679433300e+01 7.623230313750468667e+01 5.793203953101690473e+01 3.790847144816519432e+01 5.189420488592539726e+01 3.805064544474348054e+01 5.807333757499434768e+01 7.303313206087373999e+01
9.425811245381601111e+01 8.299522144805955293e+01 7.157198141117237356e+01 5.350885660618649098e+01 6.797087984278078920e+01 6.388093651213350910e+01 4.351964787106049926e+01 2.937326382172691908e+01 2.228949869757232349e+01 3.342812438821835030e+01 3.051799644646716914e+01 1.172120925666285629e+01 3.177047030976701336e+01 3.992430674206536168e+01 3.773714218235663509e+01 4.753854155813915838e+01 3.508067610030963834e+01 4.220313997614475454e+01 5.636357288657339382e+01 7.617531043542109614e+01 8.795690824751351045e+01 7.933606699461633127e+01 8.795690824751351045e+01 9.843787642315999165e+01 8.070042423832390455e+01 6.380181900316405574e+01 7.623230314057788348e+01 5.602247692679437563e+01 4.937470183203539875e+01 5.253436329575963981e+01 7.274430128721725453e+01 6.240902162956830779e+01 4.238918800710992230e+01 6.240902162956830779e+01 5.807333757499434768e+01 4.472969371411459605e+01 5.628985647786844737e+01
7.440910863864527869e+01 8.841891933479473664e+01 8.145103240561280700e+01 7.313770376459574152e+01 8.145103240561280700e+01 6.388093651213350910e+01 4.351964787106049926e+01 4.948333124033418784e+01 4.299010518371387946e+01 2.732835594923206557e+01 2.704434795427724580e+01 1.241042136709968169e+01 1.419278429961016919e+01 3.951700953075085465e+01 5.773910582043801298e+01 6.327482317852027194e+01 4.514015978723668354e+01 6.216629645756305678e+01 7.029872434075987542e+01 7.573272931472297387e+01 6.946408984878300430e+01 5.839444104400437396e+01 6.879322174155937830e+01 8.987891224767312792e+01 9.235873732352858667e+01 8.401739733336113147e+01 8.457309518118043457e+01 7.623230314057788348e+01 5.760608457535274596e+01 6.263341539306064476e+01 8.108827161675874606e+01 6.726391918983523510e+01 4.724884651418602743e+01 6.726390063261381158e+01 7.029260366017994954e+01 5.028596937119670685e+01 7.029465413972259569e+01
