LEM/with_lateral_4open/elevation_000434.asc
nrows	100
cellsize	150.0
xllcorner	0
ncols	100
yllcorner	0
NODATA_value	-9999
[rows 68 to 84 of 100, columns 37 to 73 of 100]
7.374641725388998736e+01 5.392095952148618210e+01 6.260277184243189907e+01 8.234338528107150523e+01 9.561505916726731868e+01 8.758668122868435546e+01 7.756429960105410260e+01 5.781768148892190595e+01 7.756429960105410260e+01 7.449973873627527610e+01 5.856755161407433974e+01 6.487020919969592114e+01 7.147457754282415010e+01 9.101631120972295719e+01 9.728402390971039893e+01 8.369606611758781867e+01 6.364020929114496283e+01 7.397268883228231573e+01 9.400669662075685551e+01 9.766779005468150388e+01 1.035235862779436360e+02 1.029554850564347817e+02 9.475446774021848739e+01 1.029554850564347817e+02 1.060900354673978825e+02 8.875235234695210806e+01 6.953528992269438902e+01 5.832241149488724119e+01 6.494980918314175256e+01 5.858160307874801731e+01 7.818389653063889000e+01 6.687770352333019730e+01 8.475100635439146401e+01 9.065207722765431697e+01 7.917681951373563720e+01 7.092417856911183094e+01 5.498744683240969522e+01
6.921082920864749610e+01 5.000756007691964555e+01 6.985065298976036274e+01 8.518355609917222182e+01 8.758668122868435546e+01 6.837653756669003258e+01 7.290189790453626983e+01 5.312065457063955165e+01 7.085996654291103880e+01 5.473071554903054192e+01 6.874906985511611879e+01 7.829350316202069848e+01 9.101631120972295719e+01 9.914969413249539798e+01 8.899819467363823833e+01 6.895974199920610204e+01 5.760047303396570584e+01 7.764899775918790681e+01 8.822836274290735048e+01 7.764374086666235542e+01 8.350864908702023115e+01 1.033544167591044527e+02 1.016971512253536076e+02 9.341016209914336343e+01 1.016971512253536076e+02 9.125148379415576017e+01 7.202664205542534148e+01 6.569503475037396356e+01 8.423163419564627930e+01 6.731635728667824026e+01 8.644189656998621274e+01 8.064847800095154184e+01 9.452624026399678314e+01 9.163614062485470413e+01 7.177404824650110982e+01 5.778859275925912442e+01 5.749256085935584792e+01
4.935610829412829759e+01 4.653333488850268651e+01 5.753595299831148679e+01 7.146116917918956801e+01 7.489749455931654154e+01 7.348621283791395342e+01 5.457732193191321102e+01 4.866789597979068560e+01 5.106499685678477363e+01 7.085996654291103880e+01 8.263363809545302274e+01 9.644792711226014603e+01 1.060293045191966996e+02 9.415238986365470453e+01 8.413797061362981822e+01 7.263686657788235834e+01 5.261321538422375710e+01 7.263686657788235834e+01 6.819160065098512291e+01 6.346553054314647824e+01 7.504328327473069749e+01 9.507255383893614464e+01 9.168670335008705763e+01 7.338332892409196972e+01 9.168670335008705763e+01 9.931910383309950419e+01 9.125148379415576017e+01 7.432692127823682426e+01 9.295964710147976007e+01 7.858831362123034125e+01 9.528698600305135358e+01 1.002046398320049718e+02 9.392118560498097679e+01 8.563392780340491584e+01 7.875544595265876069e+01 6.142249769183251829e+01 4.157728946830800254e+01
6.086134737276726980e+01 6.333647546546809792e+01 4.344695384323920706e+01 6.037150780767456126e+01 5.513960918547707735e+01 6.281194494757703950e+01 4.569444248296461808e+01 6.552282567256209234e+01 7.085996459144499227e+01 6.254153096626347974e+01 7.648036171253136217e+01 9.608750419214818805e+01 1.000213458699614932e+02 8.000205161297736822e+01 6.582733481830385358e+01 5.582426065681724481e+01 4.837421332113088823e+01 6.836780979933945446e+01 5.403671629780991736e+01 7.406023239468760266e+01 9.179644491301453968e+01 8.167727790504605423e+01 7.338625921491295401e+01 6.337577291820817749e+01 8.339674551161760974e+01 9.555199430664679028e+01 1.015768224839384004e+02 8.785046789922415655e+01 1.015768224839384004e+02 9.845557383507357940e+01 1.068073658228889684e+02 9.964236516000538302e+01 7.983144306264703971e+01 6.617864315968009237e+01 5.932041574133610595e+01 6.434385881499090942e+01 4.453022367785757041e+01
8.061542543247810499e+01 7.150946694688192906e+01 6.037110232436556601e+01 4.045762376984021813e+01 4.104614530094610103e+01 4.295876417054186902e+01 6.281194494757703950e+01 5.508362015653987243e+01 7.483256864037664968e+01 8.222316076227328097e+01 8.222316078512022841e+01 1.018580605379336674e+02 9.176567278882538403e+01 8.174897333192029691e+01 7.345583431028904897e+01 6.428663400811295503e+01 4.431727539797302740e+01 6.120601847716217492e+01 4.851294589514430555e+01 6.850670824065899467e+01 7.193296235171995079e+01 7.338625921491295401e+01 5.340978701339562917e+01 5.831135492851868207e+01 6.723976092198248011e+01 8.140060585743616173e+01 1.014167183047422895e+02 1.071429157082530281e+02 1.034541947586083381e+02 9.522838422515545176e+01 1.034541947586083381e+02 1.055572856126952956e+02 8.563392780340493005e+01 8.563392780340491584e+01 7.006383621320283339e+01 5.053570251766099375e+01 4.888633967667069413e+01
7.130789234944859345e+01 5.729912127899751084e+01 4.732712714719778546e+01 3.837744871687313264e+01 5.648151865878026001e+01 4.931559535102364578e+01 6.819375341733093876e+01 7.483256869403749079e+01 6.652995320971267290e+01 7.788979312208041961e+01 9.749077923000673707e+01 9.763643653432178837e+01 7.761225000763201365e+01 6.343448199546998012e+01 5.343448184810790025e+01 4.679762313960898723e+01 4.079435743331352882e+01 4.124249029961485746e+01 6.120601844491677213e+01 6.609001769750823030e+01 5.195771586595422065e+01 6.146435984603969871e+01 4.767445788594342559e+01 6.761954841341035660e+01 8.659887999246709001e+01 9.555199430664679028e+01 9.686332835325003998e+01 1.050878836399326843e+02 9.350010941475503046e+01 7.529978977001502471e+01 9.350010941475503046e+01 1.037195891217924100e+02 9.633486831920697568e+01 7.660713734886628856e+01 6.290338074921849909e+01 5.932041574133610595e+01 6.865849734728593035e+01
8.517645209601052159e+01 6.682518004311603477e+01 5.816485454320363147e+01 5.348718575801514419e+01 3.643280082731449454e+01 5.220243455593637805e+01 7.482030574457218108e+01 9.156432041327212801e+01 8.617414975903305674e+01 9.433114974905353733e+01 1.056738270072690824e+02 8.974637796134742018e+01 8.145511196949742327e+01 8.174897333192029691e+01 7.345583431028904897e+01 6.678204847106857756e+01 5.064391431997873383e+01 3.652955344945019078e+01 5.302406231703128014e+01 5.294889402928210842e+01 3.783661062334732605e+01 4.151262949116353695e+01 5.043095800780433535e+01 6.193484609744724878e+01 8.194130233079103220e+01 9.359662715042500736e+01 7.694016873719283467e+01 9.359662715042500736e+01 8.526408699758525245e+01 6.530613414155854457e+01 8.526408699758525245e+01 8.381855975916570856e+01 9.787951055835689829e+01 9.064227866465462569e+01 8.238525597265523004e+01 6.899308985587785514e+01 8.349062131303510625e+01
7.200395499630980112e+01 5.838064823134259029e+01 3.900984707737460155e+01 3.452327108152660884e+01 5.453512108894275201e+01 6.492189067046022899e+01 6.564387628799934760e+01 8.390781673988018952e+01 8.082995291368574442e+01 8.082995291368574442e+01 8.923376273166039141e+01 8.145511196949742327e+01 6.143143360919349760e+01 6.729623321662828062e+01 7.558890578527052639e+01 7.893020952206299512e+01 6.478710803579649280e+01 5.302406231703135120e+01 3.303709623502247439e+01 3.294904285379586639e+01 5.253312805032675215e+01 6.112420035682117003e+01 6.974631096148489462e+01 7.867918452774175364e+01 9.023106926073997158e+01 8.536068678581158053e+01 6.540312229973547176e+01 8.536068678581158053e+01 7.861143604557632614e+01 5.863461955588788754e+01 7.703350321102276155e+01 6.970305688893233764e+01 8.964743630688644771e+01 9.997256899109375183e+01 9.682595319931046163e+01 8.269075507168116701e+01 9.236547067745165407e+01
5.125734692340989795e+01 4.581652703529083226e+01 5.323203008931998426e+01 3.323462562150249511e+01 5.323088622802627157e+01 5.018236679087095098e+01 6.932219068365822068e+01 7.497287559692641423e+01 6.071198846219247258e+01 6.071198846219246548e+01 8.082995291368574442e+01 8.145511196949742327e+01 6.143143360919350471e+01 4.729113844864358640e+01 5.786574110414726846e+01 6.615631667306148245e+01 7.057128709822120527e+01 6.130884177685737058e+01 4.964579809315569747e+01 2.964993281979365136e+01 3.688296473243588025e+01 4.700911773069321953e+01 6.261559624276134173e+01 8.448682788039864988e+01 9.192485570281246510e+01 7.198723695543510814e+01 5.832729598389423842e+01 7.830462219377542965e+01 7.258819924538710211e+01 5.259550346856600811e+01 5.705294300927749163e+01 7.703350321102276155e+01 8.371350836027518483e+01 8.005936786985373033e+01 9.997256899109375183e+01 1.025855378917297571e+02 1.038728494237320490e+02
7.200395499630980112e+01 6.601492511847959577e+01 5.195425116250396513e+01 3.195375974343836489e+01 3.769857272773416668e+01 5.749430353775674263e+01 7.021277344465495673e+01 6.660440382636492984e+01 4.652910345406357351e+01 6.553290848730615892e+01 6.773384633139774280e+01 7.610575637079539035e+01 7.201585946758464729e+01 5.200457016882690198e+01 3.788306507734766626e+01 5.056908708952110487e+01 5.056908708805418229e+01 5.351333210958627262e+01 4.522845863673471456e+01 2.776838353922178015e+01 4.774681909676659330e+01 6.236637814923316370e+01 7.134576499121287441e+01 8.124248220317039682e+01 8.609726937329773477e+01 6.614267016066895621e+01 5.199359256032061438e+01 7.198723695543505130e+01 6.704322311015013725e+01 4.703772531888764519e+01 5.103924467896437278e+01 5.707878880883423989e+01 6.375125666772162703e+01 7.787911660856518381e+01 9.779897605545107808e+01 9.934067519177813210e+01 9.106810393222598066e+01
7.501413825141798952e+01 6.834170033451529491e+01 6.024678250394725154e+01 5.014502834346250637e+01 3.015255154244384173e+01 4.842782301457111771e+01 4.892769843717672984e+01 5.987973904639196121e+01 3.985869022289976016e+01 4.547792693596884561e+01 4.767013491771639622e+01 6.585419046821627376e+01 6.325964240856895771e+01 6.615610661805608572e+01 5.056908708952110487e+01 3.059246672401483735e+01 5.056908260393645094e+01 4.275958258843908766e+01 2.524733374359463767e+01 4.472667586769527048e+01 3.650126732882373659e+01 4.337072566557505127e+01 5.325034010199273382e+01 7.298788345702658376e+01 7.852191978878578027e+01 5.854601511796679603e+01 4.698410386601804589e+01 6.081523461547172360e+01 5.828045432961285144e+01 4.285862696865630994e+01 6.287178846028488977e+01 7.705942446275724933e+01 8.371350836027518483e+01 9.195128126663793466e+01 9.934067519177813210e+01 8.782034446110839099e+01 7.112174323353286809e+01
5.499682450070991280e+01 4.832723574628710850e+01 4.255531132430231622e+01 3.721486940689130307e+01 4.842780013599246303e+01 2.843480319009404766e+01 4.212407124770031430e+01 6.047485955358588683e+01 5.133077710547776462e+01 3.133309049998090146e+01 5.135189037628397557e+01 4.584589361808392738e+01 4.325232088414292519e+01 5.739815557631662557e+01 4.620982251612118574e+01 2.622926435264525580e+01 4.031803371716846129e+01 2.277464164461551377e+01 4.275958258843921556e+01 5.335022771044221201e+01 5.637655043750017114e+01 6.311911177830790365e+01 7.134576512111853219e+01 8.124248236543763824e+01 8.676547021580830688e+01 7.524492591408520070e+01 6.081523461547179465e+01 4.079978488464706743e+01 3.826144714477202058e+01 5.828045432961285144e+01 7.113238757550114144e+01 7.415105435141404655e+01 8.239938162650528852e+01 9.390854233089278580e+01 9.106810393222598066e+01 7.112174323353286809e+01 5.960264197112879003e+01
7.501413825141798952e+01 6.834170033451529491e+01 6.256402207566539175e+01 5.721657523677083645e+01 4.722844354162564429e+01 2.723516021211788996e+01 4.559856864126556530e+01 4.416818322776298800e+01 4.320616206712638530e+01 2.674513554079259947e+01 4.121243557794925039e+01 3.170294701268431226e+01 2.910925766664476555e+01 3.807431412711324015e+01 4.629505191436577149e+01 4.029725178376573069e+01 2.033034951580740568e+01 4.031803371716846129e+01 4.875513540919205724e+01 5.452216999715387402e+01 6.118541080747608163e+01 6.948231017009565846e+01 7.949451965163950717e+01 9.518998330427163523e+01 7.526239570067981788e+01 7.526239570067991735e+01 6.907790894991808273e+01 5.515401066828124499e+01 3.513328333439690709e+01 5.515401066828125920e+01 6.261189789808519635e+01 5.416464909776222214e+01 6.571697123745236979e+01 8.567222614271501868e+01 8.946344948970744326e+01 8.119375015577918475e+01 6.957735459230548258e+01
8.125082817257812451e+01 7.296701504527858617e+01 6.629506510297954947e+01 5.339943165202471675e+01 3.340242900941989745e+01 4.557966441497507049e+01 2.561177860139778417e+01 2.448569931117156528e+01 2.337516496593364934e+01 2.227031027285544695e+01 2.121029536858942777e+01 2.015487428407922010e+01 1.910768911141121862e+01 1.806891668715607224e+01 3.654470813956145037e+01 3.663403010271667171e+01 1.875269148495114990e+01 2.360747177130123831e+01 2.877475142672840391e+01 3.454457616644003082e+01 4.119568837650948723e+01 5.117571477539990354e+01 7.119510683955228103e+01 8.936486950365365090e+01 6.942095978847699200e+01 5.527955026836023933e+01 6.372529451115551069e+01 5.274379832879399999e+01 3.272264509897796358e+01 3.742752179603080265e+01 4.260041989125275563e+01 5.155990352761559592e+01 6.311583556012482887e+01 8.307873389021280275e+01 8.119375015577918475e+01 6.124199391002671433e+01 6.458788135863501623e+01
6.296014551570836915e+01 5.295116521838139789e+01 4.628312682784119403e+01 4.025580531798493666e+01 4.753890481711987093e+01 5.004762391387018283e+01 2.487740594249662962e+01 4.448415523170114483e+01 4.330694221587017267e+01 2.983138242441889076e+01 4.120795852812576499e+01 3.428781339059055711e+01 3.327318120461438866e+01 3.661408050735522579e+01 1.660157873897118108e+01 1.663134745676887505e+01 3.649396914083401811e+01 4.356594589754063662e+01 4.875513540919205724e+01 5.452216999715387402e+01 6.118541080747608163e+01 6.948231017009565846e+01 7.949451965163950717e+01 8.142807519901627700e+01 7.320324558329780018e+01 6.372529343585610206e+01 4.371731381271178662e+01 5.036772458589055645e+01 3.034667751947371883e+01 5.036772458589055645e+01 6.261189789808519635e+01 7.087260033994154185e+01 7.980424550655799010e+01 9.131754529327450598e+01 8.119375015577918475e+01 6.124199391002671433e+01 4.713047301523250354e+01
8.125082817257812451e+01 7.296701504527858617e+01 5.658902600123756343e+01 5.439970320122004921e+01 6.754798785092960145e+01 5.500456819884696813e+01 3.490796946156022784e+01 5.500456817351637540e+01 5.659093587846420093e+01 3.983914315048078691e+01 5.801499259837819977e+01 5.412986278987762745e+01 5.355622270456149181e+01 4.488331431614213329e+01 3.516137488356546470e+01 1.513226971138599986e+01 1.966529472854880467e+01 3.895262988129098147e+01 5.142232613319009005e+01 5.757081156450264814e+01 6.469747303971233521e+01 7.296548835891499607e+01 8.448639390920743608e+01 7.320326728437153463e+01 5.334219681608684738e+01 5.915933669945471962e+01 5.429344043305827938e+01 3.427389572862811207e+01 2.823714832281590859e+01 3.979933261218518936e+01 5.395792696519941245e+01 7.394207299702857483e+01 7.861493954501231940e+01 8.685957049666664886e+01 7.936533903949340640e+01 5.940508308333914300e+01 5.641919554848173846e+01
9.257823184793571158e+01 8.488309403973438805e+01 7.660071136036114581e+01 7.441223714965772729e+01 7.114522403314143162e+01 5.141884231089213841e+01 4.154207451350621483e+01 6.111639219109790844e+01 6.830480670657198061e+01 6.020492951628902745e+01 6.867399335912971026e+01 6.966886135088498122e+01 4.999560710352576365e+01 3.587356698497865182e+01 2.432330427657425886e+01 1.428409697399796308e+01 3.432914076922876490e+01 2.608505856013167445e+01 3.109693699267043243e+01 3.717859243063671215e+01 4.454023059490269532e+01 5.626605393619232132e+01 7.621500577045574687e+01 7.320331020375488151e+01 5.334219688003550885e+01 3.925613541499525638e+01 4.977688014444803599e+01 4.630355155959684055e+01 2.628544144355822354e+01 4.630355212060628389e+01 5.846232633985719929e+01 6.449285979295743232e+01 5.864330283074183825e+01 7.861493954501231940e+01 7.351708367993116156e+01 5.355970104401345822e+01 3.945050897335087114e+01
