LEM/with_lateral_4open/elevation_000370.asc
nrows	100
cellsize	150.0
xllcorner	0
ncols	100
yllcorner	0
NODATA_value	-9999
[rows 34 to 50 of 100, columns 37 to 73 of 100]
6.935794030257764575e+01 7.303145454727247454e+01 6.351678207724842906e+01 4.404318311749779724e+01 6.351678207724842906e+01 7.756711301309422879e+01 8.261093292595690230e+01 9.095574331059316364e+01 1.006235701816616199e+02 9.221304668223831413e+01 8.397039933630630060e+01 8.567221064678535924e+01 7.149825426125781291e+01 5.484653444573329040e+01 4.086022682899913150e+01 5.834322954201238787e+01 6.654194782187103385e+01 5.978050523437812558e+01 4.299155088867084373e+01 6.295728176009902199e+01 6.871745923504478526e+01 7.699512431245973687e+01 9.114202577269855965e+01 8.028267601599291936e+01 8.028267601599291936e+01 1.001871835438617779e+02 1.026074371197843789e+02 8.275684128024995800e+01 6.866768330122241082e+01 6.050878886210522722e+01 5.533778774539808865e+01 5.194527896329831407e+01 4.868433632790889476e+01 4.565056613412706810e+01 6.164880816713041867e+01 6.321506561869186669e+01 4.319360658739882552e+01
8.790414948773997139e+01 7.106766763413668286e+01 5.108990227230102477e+01 6.351678207724842906e+01 4.932743774585527063e+01 6.340296972782287099e+01 8.345204211141609107e+01 1.023335232182267305e+02 8.242911835963501233e+01 7.239893126486207109e+01 6.392802872150560489e+01 6.903411664729259201e+01 5.732359059885451558e+01 4.320219751990697432e+01 6.072619241780511601e+01 5.484653444573329040e+01 7.492094243609588489e+01 7.076928698870311507e+01 4.721318457538276903e+01 4.620478446008407758e+01 4.859444831412082522e+01 6.284551759341842114e+01 7.758825516613295292e+01 6.612143640791421717e+01 8.028267601599291936e+01 1.001871835438617779e+02 1.044263625275011265e+02 8.458056807970960733e+01 7.049767958782391020e+01 6.533943859745134830e+01 7.529784339541603799e+01 7.192397820406878850e+01 6.284567259262753680e+01 5.568688486755561939e+01 7.388157820712859802e+01 7.147187970741391894e+01 5.992353797426650175e+01
7.962347261328659442e+01 5.955833135719630178e+01 7.106766763413668286e+01 7.376468812837136113e+01 5.368711847901833067e+01 6.529163432529902877e+01 8.533909487100054037e+01 9.785306232203170396e+01 8.242911836525713909e+01 6.236874417453599051e+01 5.221005336847910172e+01 4.885879969131681122e+01 4.565340828203671464e+01 6.320755114138697195e+01 7.149843506480492294e+01 7.492094243609588489e+01 8.318684901125524789e+01 7.864340896928015923e+01 5.843865599506976594e+01 5.775330700722703625e+01 6.871745924610426925e+01 5.224250258912466904e+01 5.748313110036064444e+01 7.758832273746679675e+01 8.611257129472691929e+01 1.060155701205613070e+02 1.044263625275011265e+02 8.458056807970960733e+01 9.039326669543341097e+01 7.288675485550885469e+01 9.277226428013253212e+01 9.100544512133052422e+01 7.564930002682461918e+01 7.564930002682460497e+01 7.599741694587287100e+01 7.148864230043751888e+01 5.150396002623842406e+01
7.116398590867808593e+01 7.376352266576903105e+01 8.232023103791986784e+01 6.225570438952392749e+01 6.529163432529902877e+01 8.205199355191919608e+01 9.361493099943685081e+01 8.961709578869029258e+01 6.965300905991543345e+01 5.796694187944023469e+01 7.239893127093853309e+01 6.836526941533888646e+01 4.819463944059208416e+01 5.129639047223678006e+01 7.146609023819539175e+01 8.177931037808144765e+01 9.002060583076716682e+01 8.717604871509556119e+01 7.305270828376853842e+01 7.198420607897550383e+01 7.543295902355339422e+01 5.529590579952801477e+01 7.543295897361628022e+01 8.584283925338503707e+01 9.868752375386004871e+01 1.086333086330884328e+02 1.126507882462001362e+02 1.044263625275011265e+02 1.009940459845466734e+02 8.438562631842113149e+01 1.009940459845466734e+02 1.037654868435447071e+02 9.006984013762318853e+01 7.016842840439635154e+01 5.603476384760180196e+01 6.188168956961073519e+01 5.150396019879723042e+01
9.117934635475845084e+01 9.377064325141090251e+01 8.899420655003726210e+01 6.897228001368493722e+01 8.533909487100054037e+01 9.361493099943685081e+01 9.864725781480115074e+01 7.876162632750541093e+01 6.456654065576758228e+01 7.809082494170712607e+01 8.634043878678292572e+01 7.101717424989728045e+01 5.082090088023914376e+01 7.101715938572893094e+01 5.727479905501923696e+01 6.171521706723128631e+01 7.594739742176858499e+01 9.585879373179129459e+01 9.305355558405099714e+01 9.195730883367349406e+01 7.953125237302485573e+01 5.945379732815307960e+01 6.226848068909100675e+01 7.050482990306338138e+01 8.050238090378802269e+01 9.456606097356839769e+01 1.144558641564498629e+02 1.240618766974314298e+02 1.042286247802432513e+02 9.287395211532728467e+01 8.464244925470467251e+01 8.671876090457895714e+01 7.848421341341531843e+01 7.774214370233205784e+01 6.188168956961074230e+01 4.185126306728248125e+01 3.426534068767448105e+01
9.311607423864012389e+01 1.013914950886305206e+02 9.726626503183891259e+01 8.314628186874102767e+01 8.314628186874102767e+01 1.031123456273591188e+02 1.008202161114608799e+02 8.093743454358524048e+01 7.017788884010023764e+01 9.011576479390146233e+01 8.788169333232499980e+01 6.788160855793397275e+01 5.355021293291410700e+01 7.373949776404725753e+01 7.740096981856193281e+01 8.177931037808144765e+01 6.910929618911255545e+01 8.324922529930101689e+01 1.031114107068934942e+02 9.529151224273770993e+01 7.538243274664125693e+01 6.378887071845574752e+01 8.230565213539867386e+01 7.176801462295627232e+01 8.329751131525543428e+01 9.735837768402684844e+01 1.172535319513615804e+02 1.044740141904297275e+02 9.624520085290434679e+01 8.464244925430672595e+01 6.472319959597706429e+01 7.055741273168823113e+01 5.853724291502380339e+01 5.778891963288584321e+01 5.731621333921616213e+01 3.726827440727684859e+01 5.431090008263801394e+01
7.280767954464370462e+01 9.128559018696118699e+01 1.001123437006138914e+02 1.031123456273591188e+02 1.031123456273591188e+02 1.113862481949367549e+02 1.090587238068169142e+02 9.610714926073563902e+01 7.623597500948318384e+01 9.610714926073563902e+01 8.788169333232613667e+01 6.788160855793397275e+01 7.373949776404670331e+01 5.780578389838065334e+01 7.793718722124800991e+01 9.569428018650719991e+01 7.581158494627349853e+01 8.542173717315201031e+01 1.052849716251038785e+02 1.035316594766618579e+02 8.849806878143300537e+01 6.855312239010888220e+01 8.849806878143300537e+01 9.170317851946647636e+01 8.587772836904323981e+01 1.057670592795466433e+02 1.084681952295830314e+02 9.624520085290434679e+01 7.637421024049750429e+01 8.219428863991048217e+01 7.055741270891942918e+01 5.057143491672298552e+01 4.695938130834226598e+01 4.360490162606087949e+01 4.046330531674429665e+01 4.437335588371937689e+01 6.439428010737766783e+01
6.247311139611261410e+01 7.148637215466143857e+01 9.182103023742691050e+01 1.043546853876530776e+02 9.932822860121470399e+01 1.076918756206991645e+02 1.159630909983889921e+02 9.610714926073563902e+01 8.514750603315259525e+01 1.043389581465733329e+02 9.612202418376486435e+01 8.788169333232546876e+01 8.096395654489820970e+01 6.088664873024352175e+01 7.513263857520273348e+01 9.504271848185685201e+01 8.335583265491725058e+01 1.031914091719881981e+02 1.135223884400596148e+02 1.082965346342587196e+02 8.841988979090695011e+01 7.434536442498381348e+01 8.484892361605530198e+01 1.047349027647075417e+02 1.057670592795466433e+02 1.140099051196502842e+02 1.002404209759331479e+02 8.039032006709390998e+01 7.042286375728708947e+01 6.226638661737025160e+01 5.648735686463174233e+01 7.055741273168823113e+01 6.696782462665146340e+01 5.778891963287764355e+01 4.377045124241411855e+01 6.379584203434941969e+01 5.595825469690744569e+01
5.472821446402689816e+01 6.925165190450714192e+01 8.962153126933918657e+01 8.411884650872723057e+01 7.864691634276363175e+01 9.583432064888943103e+01 1.057659123971736079e+02 1.132145306352270637e+02 9.915763506568515595e+01 1.132145306352270637e+02 1.102848192788950996e+02 9.882231363059260332e+01 8.412914256974097782e+01 6.411074844924208094e+01 7.830701772897188562e+01 9.818499532215420800e+01 1.031914098059619675e+02 9.737653784735613272e+01 1.172297525518907833e+02 1.082965346082343956e+02 8.841988979090528744e+01 8.430637719340657554e+01 1.024800953725238060e+02 1.129766919411441819e+02 1.205714131673934872e+02 1.122549934070153199e+02 1.084681952295672858e+02 9.854116726520396696e+01 8.058045194824543955e+01 6.648677217889378710e+01 7.644159884206803213e+01 8.467644030319202386e+01 8.597885384659259955e+01 6.717948910191593370e+01 4.717236737876499575e+01 6.717906450678657393e+01 7.591814813896053238e+01
6.747349659730193139e+01 8.358513132274363500e+01 8.658788088014581774e+01 6.948909080208549938e+01 6.639540188775100660e+01 7.602827483713851109e+01 9.122398458562831536e+01 1.119474341876674828e+02 1.190148780637072008e+02 1.183886913762407715e+02 1.020468887759539172e+02 8.220752926537842598e+01 7.067082540846077165e+01 7.174354792448725959e+01 7.312857152692366469e+01 8.721787677668628191e+01 1.070575805294187290e+02 1.172297525518907833e+02 1.254785191555963166e+02 1.165403009541422534e+02 1.082965346082343956e+02 9.835078769277929212e+01 1.124196318917273487e+02 1.127127325456937257e+02 1.044017912451246701e+02 9.222699096815604491e+01 1.089998512603820870e+02 1.086698931443387437e+02 9.462501675846817761e+01 7.800138700120001545e+01 9.462501675846817761e+01 9.569268574522315873e+01 8.679649194196657902e+01 7.102527614443062021e+01 5.104198397464072201e+01 5.985019476422615980e+01 7.138411571315842252e+01
7.583762581323200891e+01 7.972749589108815371e+01 7.119576845667394593e+01 5.744520064556799355e+01 7.817737270235581093e+01 9.557630126752064825e+01 1.047759556269800640e+02 1.042953483113174826e+02 1.123953233381278238e+02 1.101399669547536035e+02 9.031605496824215606e+01 7.884886794840132040e+01 8.478138776624810191e+01 7.991383185709385373e+01 9.302879146912943042e+01 8.464521523770561373e+01 9.866490790593225313e+01 1.185221843372836332e+02 1.237992149497838028e+02 1.175048497071537525e+02 1.116071514247745000e+02 1.182422815236895275e+02 1.185648471604502845e+02 9.853526140034821879e+01 8.433538563853733194e+01 8.060938394349277303e+01 1.000219567560717451e+02 1.110409505045362977e+02 1.060945922770094114e+02 9.786434294050516769e+01 9.893064614835560633e+01 7.907222501509943413e+01 6.756045082065642760e+01 5.861902730548943197e+01 5.772622105403485904e+01 7.102489805539813972e+01 8.801195832754844162e+01
6.367910849786370164e+01 6.666645076346804899e+01 5.048140401879715000e+01 5.440641149943601107e+01 7.485476920355567643e+01 8.258195351522454075e+01 9.044914357353725620e+01 8.471385778375402253e+01 1.042953483113174826e+02 1.163155005593368543e+02 1.056998871035701342e+02 8.588601667549905017e+01 1.046222071586105073e+02 8.984465900051326059e+01 1.079899219453241557e+02 9.866490790587637605e+01 1.127221435231658546e+02 1.179679682387427135e+02 1.037871081608688684e+02 9.741422514167457791e+01 9.153532258545307343e+01 1.057511587984312200e+02 1.115697122619882720e+02 1.058970248421308611e+02 8.583450641016391103e+01 7.155259386201062455e+01 8.263635807196604333e+01 1.027277889604487484e+02 9.856727445958456713e+01 1.068788296053353690e+02 1.071591075070015222e+02 9.004969023239978299e+01 7.015524306702383228e+01 7.856362580609111035e+01 6.479953986314490066e+01 8.471651635950914283e+01 9.914656017629029350e+01
4.375205857619923222e+01 4.635685193522176206e+01 6.601623793831252840e+01 7.467262838083998133e+01 6.045168913751390960e+01 6.497493619827486100e+01 7.050842987332791267e+01 7.881052441461832814e+01 8.874335207479268206e+01 1.082138540358219814e+02 1.139421085133643459e+02 9.578447619146136560e+01 1.139421085133643459e+02 1.038437386520079144e+02 1.179138957801193470e+02 1.185221840812536414e+02 1.163622714200007096e+02 1.079475719454916174e+02 8.962600756220481912e+01 9.741422514167457791e+01 7.729330851657947221e+01 9.741422514167457791e+01 9.137745862226007887e+01 1.005350908058948534e+02 8.043645085998883815e+01 6.610438285185546192e+01 8.632320620751784190e+01 8.695595499677250473e+01 7.845583124265806418e+01 9.009313103372666376e+01 1.101432852734988757e+02 9.827725540221003087e+01 8.165945223446308887e+01 9.294457454316460598e+01 7.477959585992910263e+01 9.294457454316460598e+01 1.105065778122476559e+02
5.802307655816743903e+01 6.666645076349028898e+01 5.642759216995094818e+01 7.689044767151330007e+01 8.077946326027397106e+01 7.934471070971925144e+01 8.150657427913455422e+01 9.044914357353725620e+01 1.065672739766850441e+02 1.163155005593368543e+02 1.238728473851274572e+02 1.156152980156789170e+02 1.238728473851274572e+02 1.237206846790714394e+02 1.180960679718886155e+02 1.097818622693333026e+02 9.636731969406410769e+01 9.704794479619540937e+01 7.955163478661233967e+01 8.804082016438546532e+01 7.013236837053987927e+01 8.096000821626536492e+01 7.710402728129733418e+01 8.859726354590578978e+01 8.191109726578758909e+01 6.157205608319220147e+01 8.191109726585824546e+01 6.671208538840384961e+01 7.979866954522597666e+01 9.994087548285548905e+01 1.184592486149781649e+02 1.097418437171564278e+02 1.015109684813787965e+02 1.028793312733554330e+02 9.465343685908923987e+01 1.028793312733554330e+02 1.046088884900665050e+02
7.842568237552751498e+01 8.521346162975565619e+01 7.689044767156408966e+01 7.095241693800680594e+01 9.122612200230611279e+01 9.906197483442446128e+01 1.011966127783166627e+02 1.093021441169969563e+02 1.181228706070271812e+02 1.193321744640267497e+02 1.111200761531978145e+02 1.136875914317589604e+02 1.219026222318016863e+02 1.213190213824861985e+02 1.013360756234991555e+02 8.978485854755317064e+01 8.217807109824744316e+01 7.695000749657737060e+01 7.229059364141005517e+01 6.785885677119057391e+01 6.416160013036569865e+01 6.059360148838695181e+01 7.640670028081440535e+01 6.841816955124467370e+01 7.775940789772975847e+01 5.714504877827946672e+01 7.204201340910290696e+01 5.927648090059220465e+01 7.389046314358841983e+01 9.406234156936474733e+01 1.046214237222582000e+02 9.631150168373098097e+01 1.046214237222582000e+02 1.146492462341245044e+02 1.099702218051572515e+02 9.994433244112262571e+01 8.445024143979379971e+01
7.205661623225829260e+01 8.047692269613956739e+01 8.965165781790315691e+01 9.122612200230611279e+01 9.947455002898733767e+01 1.079108799825052074e+02 1.011358104805379412e+02 9.289214074838943702e+01 1.011358104805379412e+02 1.078777550235179774e+02 9.127469153496434728e+01 9.385288781523435375e+01 1.136875914317589604e+02 1.296587523108676976e+02 1.180960679718886155e+02 9.855358166413432741e+01 9.636731969393201780e+01 9.118613867399123762e+01 9.243716175746142483e+01 8.804082016438546532e+01 8.426533193413813194e+01 7.626856264297579457e+01 5.638981344103677884e+01 5.413104493421869989e+01 7.119006998549285470e+01 6.907460818998130492e+01 5.101463170428441174e+01 7.204201340910378804e+01 8.813467900065765548e+01 9.457336870404473927e+01 8.625636702076606355e+01 7.620123235780121718e+01 8.628628103942146765e+01 1.063367223280406080e+02 1.017847383772408989e+02 8.161272437821737924e+01 7.119690582382287403e+01
5.151842853532226485e+01 6.063861875920826350e+01 7.531890337490273168e+01 9.571905794728472472e+01 9.888950353805491034e+01 8.789999745503938300e+01 8.789999750481393903e+01 7.261395915833097092e+01 8.662152864389047124e+01 9.069012139946191553e+01 7.959985177025693304e+01 9.966233800168906498e+01 1.116164237025590324e+02 1.204718789764695828e+02 1.268890955517247505e+02 1.185538827500081425e+02 1.163622708425453141e+02 1.111995966364225836e+02 1.073879437089534434e+02 8.729245926843118752e+01 8.179748502462841486e+01 6.159772864124819591e+01 7.656784446282324552e+01 7.117922107864905001e+01 5.100985060243527869e+01 4.894789393491086571e+01 4.828504385249954112e+01 6.883231252557742152e+01 7.404792573926573596e+01 7.834751080580616645e+01 6.609266093562588651e+01 8.037214206872565114e+01 1.004621427040362249e+02 1.146492462341245044e+02 1.099702218051572515e+02 9.994433244112262571e+01 9.169873137772904670e+01
