LEM/with_lateral_4open/elevation_000440.asc
nrows	100
cellsize	150.0
xllcorner	0
ncols	100
yllcorner	0
NODATA_value	-9999
[rows 68 to 84 of 100, columns 0 to 36 of 100]
5.009162696260269221e-02 2.921754346774755096e+00 6.157448700859891488e+00 9.487716461008163904e+00 1.296675894343296420e+01 1.661535343723308600e+01 2.107359463630589502e+01 2.707823232590273221e+01 3.074292977391737125e+01 4.251805787899582612e+01 6.254420432661406437e+01 7.846217888960636344e+01 6.187663013833309833e+01 7.846217888960636344e+01 8.333401225933961598e+01 8.410263139868536086e+01 9.237432783309436957e+01 9.628499229281399607e+01 8.804864881852147107e+01 7.300482862031540776e+01 7.664023609637402501e+01 7.456241697569424787e+01 5.478679072927273808e+01 6.952679260809375705e+01 7.306275430021419481e+01 6.146993441541494008e+01 6.693883528294226437e+01 7.518133496514072078e+01 8.729271793657974854e+01 9.844438279222585209e+01 7.929201300385790319e+01 9.972064454645615683e+01 9.759711450539867883e+01 7.910443601220570997e+01 7.513331359752864103e+01 9.361369337659000678e+01 9.128953903293621863e+01
4.695337527364121244e-02 2.004695329059615005e+01 1.236333499963149940e+01 2.951336119345112508e+01 3.299480773761188601e+01 3.664616545962136485e+01 2.733535380252920532e+01 4.589271697495467350e+01 4.511786466841469689e+01 5.927353953955208254e+01 7.083268249776740788e+01 7.022841278520880337e+01 5.064902927063281624e+01 6.358561022357868353e+01 6.358561022357868353e+01 6.431604772944086790e+01 8.410263139868536086e+01 9.526813812259737801e+01 1.010591485665661793e+02 9.281594437193446367e+01 9.070779388152011791e+01 7.093382631997748433e+01 6.105577011214962369e+01 8.080890747678822095e+01 8.697662398685848473e+01 6.735544841079668288e+01 8.580915301009278551e+01 8.196714422009910095e+01 1.007248132112290335e+02 1.005307642046861929e+02 1.053168837406619502e+02 1.143493285807280273e+02 1.019687341285443694e+02 7.987907308697255360e+01 6.508151017392975746e+01 7.706924022736133395e+01 7.189938735663741909e+01
7.614146464036156137e-02 2.007614146464000626e+01 3.236488676388496799e+01 2.305528999457803963e+01 3.460238496351381343e+01 5.460240908712746943e+01 4.148011278684295888e+01 4.148011278684295888e+01 6.148032978640458879e+01 7.342847986171508978e+01 6.977418974721393852e+01 6.158025900768097927e+01 4.333591320753893683e+01 4.408433726978283573e+01 5.053402290150972220e+01 6.431604772944085369e+01 8.410263139859610249e+01 7.534421783537182193e+01 8.376505738145500857e+01 9.204230219133138746e+01 9.894242740981353279e+01 8.778973688759798222e+01 6.804496962883739286e+01 8.778973688759798222e+01 9.353063417983368311e+01 7.386860360090803113e+01 9.353063417983368311e+01 1.015665018040353260e+02 1.097384367386387112e+02 1.189877299781796296e+02 1.175669543996414035e+02 1.058244571061332664e+02 9.742856109634068673e+01 9.019758746111908465e+01 7.706924022736133395e+01 5.694222228423812027e+01 5.181482693166798015e+01
2.352828262072655108e-02 2.002352828262037221e+01 3.591142525997340584e+01 4.305538977556035007e+01 4.305538977556035007e+01 6.288687112542570645e+01 6.148032978640579671e+01 6.148032978640458879e+01 6.976545240042473495e+01 6.471416508314871407e+01 5.653989818877725781e+01 4.205901537304180948e+01 3.644436088458397904e+01 5.593658165530399629e+01 7.011140380896972601e+01 7.834518341014613441e+01 7.443458173923485788e+01 6.141631107558493596e+01 6.397212958652563941e+01 8.376505738145500857e+01 9.869160687676861698e+01 9.601965544128211150e+01 7.942475466023972785e+01 9.601965544128211150e+01 1.017541460403102747e+02 8.365747657250228997e+01 1.017541460403102747e+02 1.035771611753213364e+02 9.528262328150678684e+01 1.035771611753213364e+02 1.092101659830958766e+02 8.880382772453411633e+01 7.697627912815539730e+01 6.981232560684304644e+01 6.376487685900708868e+01 5.843925826725155304e+01 7.189938735663788805e+01
6.786455232800275850e-02 7.627154012512514569e+00 1.762715401251269043e+01 3.176928963624389368e+01 5.176928963624460067e+01 7.134006042066828002e+01 6.825098780168724488e+01 5.989193003806783366e+01 6.825098780168724488e+01 5.340063133936948958e+01 3.700178022313016157e+01 3.075069379900135758e+01 5.030966374030580113e+01 6.410585414973979823e+01 7.122157961029671469e+01 6.873868298028062895e+01 5.479178797083180541e+01 5.020161716298487420e+01 6.976934391812474701e+01 7.051065141238936462e+01 8.460112914457890554e+01 9.457754909752502215e+01 9.921651511237480747e+01 1.074684434466243061e+02 1.116515432200419866e+02 1.034037917871650194e+02 1.116515432200419866e+02 9.358265207894518767e+01 7.530842054860852386e+01 9.358265207894518767e+01 1.065160460640795890e+02 1.058244571061332664e+02 9.742856109634068673e+01 9.019758746111908465e+01 7.807545085736529700e+01 7.266656229761672137e+01 8.704703740115427024e+01
3.257643153035955086e-02 2.003257643153000345e+01 3.591142525996531987e+01 4.591142525997559432e+01 5.528728987751296842e+01 5.977601183007534047e+01 5.798717307448202973e+01 3.922053582389064275e+01 5.798717307448202973e+01 4.525956052185223655e+01 2.561877861040053261e+01 4.525956052185223655e+01 5.845951718905023853e+01 5.743287845954314719e+01 5.160133435575658467e+01 6.054502906414820274e+01 4.108651088717987676e+01 6.054502906414820274e+01 7.324598056841777804e+01 5.665167263267962738e+01 6.649403244019092085e+01 8.169090976488243427e+01 9.162702024052855165e+01 1.061904545974483369e+02 9.790138605077582667e+01 1.061904545974483369e+02 9.681234022027362585e+01 8.529552191505761982e+01 6.531201493701337313e+01 7.823028526702583463e+01 9.681234022027362585e+01 1.011383584877212769e+02 9.284492314310286076e+01 9.762677300308790507e+01 9.847793377136777337e+01 9.302514086263788329e+01 8.833571483382233680e+01
1.880098487986705744e-02 1.416093668343327394e+01 3.416096274912185748e+01 3.531746321081749329e+01 3.531739636798297255e+01 3.915138657342231454e+01 3.915176262420985154e+01 2.874729231744051461e+01 4.955623293097920623e+01 4.203063643886583378e+01 2.233967277235215931e+01 3.941373829927034222e+01 4.149104982509407336e+01 3.787122701309157691e+01 3.781599403219050970e+01 4.863047875491948702e+01 3.603191645582086267e+01 5.492987015995790756e+01 5.363769585746760526e+01 4.701372385826228140e+01 5.380528682358735182e+01 6.352345585673647577e+01 8.334401985153361636e+01 9.619815116904457852e+01 7.792795254185665499e+01 9.619815116904457852e+01 8.852108729568983847e+01 6.853222293532169829e+01 5.823091381170270608e+01 6.853222293532169829e+01 8.852108729568983847e+01 8.959538336887126775e+01 7.286395933289692550e+01 7.764155190646701499e+01 9.762677300308790507e+01 9.553758733602117559e+01 8.713131593559887733e+01
2.900726248362994752e-02 2.002900726248327601e+01 2.261946222871578271e+01 1.531577564554407012e+01 3.529768070581352646e+01 3.121094691666526089e+01 1.893198895272001891e+01 3.914731419950698665e+01 3.389112208769591916e+01 3.446406943859474126e+01 1.913981617525938361e+01 1.968223385966377492e+01 2.178837574713484670e+01 2.392776377545006739e+01 2.643957086035346293e+01 2.903548640349722731e+01 3.222711526107854496e+01 3.548846747234485832e+01 3.997954759585034878e+01 5.938082948186838195e+01 7.343373785413507449e+01 8.169090976488243427e+01 9.162702024052855165e+01 8.791466929631621952e+01 6.793471227569273196e+01 8.791466929631621952e+01 8.633447835397798542e+01 6.634565793644620157e+01 5.218035192346276574e+01 7.220024788881391942e+01 8.065183812942473196e+01 7.236664965047614828e+01 6.131341007658906506e+01 7.545610675395363387e+01 9.543882119937704545e+01 8.713131593559887733e+01 6.681791111706525044e+01
5.081304048347550645e-02 1.333813638682642688e+00 2.619462331749089934e+00 2.261415286704491123e+01 2.579043441107967283e+01 1.187643403193935043e+01 3.078835597753107578e+01 3.098238032923746843e+01 1.319256870234385381e+01 1.466092978200398633e+01 1.673081148327977985e+01 3.646039354913383335e+01 4.149104982509407336e+01 4.360070207054951652e+01 3.024087371660517931e+01 3.840696020868033855e+01 4.871210744298223005e+01 5.492987015995790756e+01 4.259428552957643888e+01 5.373320513335022497e+01 6.754072023996306484e+01 8.738053663775089319e+01 9.492577425478633302e+01 8.125468362277513279e+01 6.126218736857185831e+01 8.125468362277513279e+01 8.197256013428793153e+01 6.197414959436318327e+01 4.779489889699945593e+01 6.216432812610078429e+01 6.505610654986354291e+01 5.234590283122886234e+01 6.651148000247901848e+01 8.650227960526636650e+01 9.732285621795152508e+01 7.693977565324607326e+01 6.262529754967583528e+01
4.469920835086939326e-02 2.004469920794209870e+01 2.261946222867247513e+01 4.472426095351521802e+00 5.791185945731674778e+00 7.121600062150013954e+00 2.526119255153258081e+01 1.112835564246392472e+01 2.926597353805721369e+01 3.425547390241300150e+01 1.866806568300202329e+01 3.258565840746127407e+01 5.220393576994779039e+01 5.432087301405448443e+01 3.481088746305174908e+01 5.415440368561454676e+01 6.480204185847567544e+01 7.022503316537650164e+01 5.626693136430575493e+01 5.222947845049991855e+01 6.345344721268852339e+01 8.324988864909605013e+01 8.664073403482045421e+01 6.664842735897924797e+01 5.547449617932527133e+01 6.963007442773978539e+01 8.961439728663381743e+01 7.611733467225866434e+01 6.216432812611361669e+01 4.211334386364640636e+01 4.501292858281814091e+01 6.505610654986354291e+01 7.133337550935280547e+01 7.966027485387303386e+01 8.976601893782280683e+01 9.132442197372357384e+01 8.117774922654325565e+01
2.324776005098762310e-02 1.157025314384340220e+01 3.157025303762505075e+01 1.861540932098387202e+01 1.993265246055429429e+01 2.713206545106543288e+01 9.088588565136532793e+00 2.278536859542121462e+01 3.655248506952959531e+01 4.105267832562402219e+01 2.158357462337607302e+01 4.113663701733298694e+01 5.371322760810853225e+01 6.250074567716729490e+01 5.432087301405448443e+01 4.220538402496838160e+01 6.170020148945536675e+01 7.885411772373684869e+01 7.592601329981532388e+01 6.345344721268852339e+01 8.006712937442713951e+01 9.152887635143999034e+01 8.445446729550825182e+01 6.446118808028184333e+01 5.029082260485164113e+01 7.031708398913754365e+01 8.281815556498587227e+01 7.253392050548109182e+01 5.251025137075093596e+01 3.832893497486610812e+01 5.837504169361319128e+01 6.061329421125388706e+01 5.128897330496576501e+01 6.131334949436828197e+01 7.548382335152405176e+01 9.572447708742747352e+01 9.486480623258420053e+01
8.699724428260374731e-02 2.008699724428185363e+01 3.985451699032756778e+01 3.865829423704659717e+01 3.991676224058279843e+01 3.584633560362088645e+01 1.513413268850805160e+01 3.576529302291913837e+01 4.855472426288212517e+01 4.924802843886560311e+01 3.040502513811622265e+01 2.614976295522920680e+01 4.558091414797954855e+01 5.840361032563356503e+01 6.994742082188318477e+01 6.170020148945536675e+01 5.084357675501249219e+01 6.465948020412075437e+01 8.465888027905580770e+01 8.324988864189730009e+01 9.152887461697569904e+01 9.239941109570007427e+01 8.019188585797354563e+01 6.018866213262695197e+01 4.600955097250859183e+01 5.451701766857962639e+01 6.866758661678278486e+01 7.546408687584995789e+01 5.554009954456988396e+01 3.550597726840798884e+01 5.164832206294402539e+01 4.057209508813903653e+01 6.061317962169778895e+01 7.007790044870321822e+01 7.838978544420452010e+01 8.843893613299715639e+01 8.669457994672973200e+01
2.249585233037712170e-02 2.002249585233002094e+01 3.299396125417857206e+01 4.127823250912058484e+01 5.127823252527173281e+01 4.470993446297345741e+01 2.688066295303053010e+01 2.962325226838239800e+01 5.096840373516545242e+01 5.796293079091661582e+01 4.158431504935145995e+01 4.559546068943635788e+01 3.093693701192742651e+01 5.028570656768411595e+01 6.390517062328622444e+01 7.833050980810985209e+01 7.051695483379754137e+01 6.465948020412075437e+01 8.465888027905579349e+01 9.208504813104750042e+01 8.362212751358951834e+01 7.201109746454241645e+01 8.643984402203039963e+01 7.193968268266455368e+01 5.191753640886102517e+01 4.033704054645598092e+01 5.544568241679448306e+01 5.544568241679449017e+01 6.383211897320398975e+01 5.164832725172843908e+01 3.163301958968045469e+01 3.733120992189126497e+01 4.336647851069447057e+01 5.005277956507744364e+01 6.007833707521706401e+01 8.009797560029073793e+01 9.486480623258420053e+01
2.739267172789772165e-03 6.327294587509575408e+00 1.299396125417630010e+01 2.299396125417647596e+01 4.299396125418591197e+01 5.701000734270980530e+01 4.816170931441303082e+01 5.096840373516545242e+01 5.979661665756584199e+01 6.926250419121980428e+01 6.106706342237215068e+01 5.842073168216148105e+01 3.956800078848928592e+01 3.642840284926325012e+01 5.570884365822171702e+01 6.803653597675007347e+01 7.651118942563144287e+01 8.465888027905579349e+01 9.304875524335299986e+01 8.034315462375791128e+01 6.332338711790760044e+01 5.774557699020754598e+01 7.629488862281191075e+01 8.022341041285908148e+01 6.866758614507041614e+01 4.958018331073019880e+01 3.541439689724055029e+01 5.090948950522328431e+01 4.795890095871422432e+01 4.916256117069577414e+01 2.917812104785655691e+01 4.918452630453789709e+01 6.339820223019410150e+01 7.007785073512829399e+01 7.838978544420452010e+01 8.846942867585549664e+01 9.160047325937485141e+01
8.327778614586213435e-02 2.008327778614550851e+01 3.299396125417857206e+01 4.127823250914034503e+01 5.127823251923742021e+01 5.404495434709225066e+01 6.233023125220740468e+01 6.818129284590042971e+01 5.990311551560856174e+01 6.818965286738959719e+01 7.504323551226006828e+01 5.534110423056070971e+01 5.895651268376332155e+01 4.598637557787981223e+01 4.279214232367345261e+01 4.881120399356699835e+01 6.263503506980133295e+01 8.259018057337003427e+01 8.751996380542158249e+01 7.190264432520892512e+01 5.173086314729586377e+01 4.773611894426687030e+01 6.786413663017921749e+01 7.066978255721464564e+01 7.789155989008001768e+01 6.247444850263667604e+01 4.244335193166588027e+01 3.089615421286832841e+01 2.795362980136254549e+01 4.376034749037140159e+01 2.695938018756984533e+01 4.115090205668066403e+01 6.179806206994719986e+01 7.538748921962488225e+01 7.537047154686591455e+01 8.359589853729657705e+01 8.315973131288815523e+01
6.510866554257997707e-02 1.161211404934148916e+01 2.575424967993495073e+01 4.575425821981172447e+01 5.078211818419977419e+01 3.404421390906493627e+01 5.078204444145518437e+01 5.510027150122946438e+01 3.990156290099411507e+01 5.818866299722225222e+01 6.819346714184638358e+01 7.504323551226006828e+01 6.550386263860947622e+01 6.550386263860947622e+01 5.000184455446505893e+01 6.847982727035470418e+01 6.263504492184867445e+01 8.259038008523700114e+01 7.906174818152264550e+01 5.881274469257212445e+01 4.724808055606570178e+01 4.019420590330208398e+01 5.420746351730942081e+01 5.050764174187862210e+01 7.066978255721464564e+01 7.076173947368852168e+01 5.920080613401781022e+01 5.090934457207965380e+01 4.387459348847779239e+01 2.387540437202676813e+01 4.387520463552962724e+01 5.078361362627079245e+01 5.532751187838339746e+01 5.542801662882042990e+01 5.542785510824426609e+01 7.537976887877697152e+01 9.160047325937485141e+01
8.953482861371392376e-02 2.008953472362465220e+01 3.896637702375586088e+01 3.964320869830333294e+01 3.135204128142997959e+01 2.249719648299990027e+01 3.757699245009917632e+01 3.509946240726578282e+01 2.990154855382305854e+01 3.990156291776033015e+01 5.404413543012580590e+01 7.404923560047095066e+01 8.530742989341621296e+01 7.784460624273212659e+01 5.972140700312677097e+01 7.784460624273212659e+01 8.259038008523700114e+01 9.084860277907412751e+01 8.170822838306179392e+01 6.143229807357159444e+01 6.582062335760231520e+01 4.570604039549951381e+01 3.418347860908744451e+01 4.912136626452127075e+01 5.584008191995560111e+01 6.421503654896392277e+01 6.084207938911352187e+01 5.253474477938138421e+01 4.215997101881343667e+01 2.216045448884954538e+01 2.642164297467587275e+01 3.077820492235699845e+01 3.548357188405554297e+01 4.125906536622856891e+01 5.128493346513118922e+01 6.543030405534163663e+01 8.534460781105624960e+01
