LEM/with_lateral_4open/elevation_000575.asc
nrows	100
cellsize	150.0
xllcorner	0
ncols	100
yllcorner	0
NODATA_value	-9999
[rows 0 to 16 of 100, columns 37 to 73 of 100]
8.884754177262699226e-02 6.929726548558100274e-02 7.395023591448830758e-02 4.828361932999872264e-02 4.897713358561925356e-02 8.568734790590110117e-02 1.075183056328203948e-02 6.823539046102447547e-02 7.194897206013613211e-02 1.557559815681563986e-02 7.704183385687686514e-02 1.685416958384493638e-02 9.680445094065920353e-02 7.639902522890137937e-02 4.559330980047965332e-02 5.839666421669215124e-02 9.739037529851846120e-02 3.670263267501718690e-02 2.041064012308905357e-02 6.895211126444661387e-02 9.031524355919069713e-02 1.560024811392830661e-02 7.641644294168103979e-02 3.888124420523987601e-02 6.873285589001959517e-02 4.772367030474261584e-02 9.504926490987847254e-02 5.760415539182907330e-02 9.666222459857021221e-02 9.627991409191682948e-02 1.286757495974483190e-02 9.381044340810595905e-02 7.584058927755046864e-02 1.435327048224320848e-02 5.777975670406795827e-02 2.716720951219454838e-02 4.735230246529398453e-03
2.008884754177227094e+01 1.421143288921640568e+01 2.000577604842630208e+01 7.711259292501030593e+00 9.005743675139578741e+00 7.380154209593120518e-01 2.001073199630690880e+01 2.006823539046066784e+01 8.900977281117695483e+00 2.001557559815645959e+01 2.007704183385652286e+01 8.181819978922728609e+00 2.009680445094030432e+01 3.998721727992590402e+00 2.004559330980012533e+01 1.420053228794776778e+01 2.009739037529816486e+01 6.703369299341654930e+00 2.002041064012273353e+01 2.006895211126409251e+01 2.009031524355883391e+01 1.699907521789247200e+00 2.007641644294132632e+01 1.418101686960275210e+01 1.421086847962084398e+01 7.118791482170248486e+00 2.009504926490952315e+01 2.005760415539147345e+01 4.568798179596335274e+00 2.009627991409156067e+01 1.415500319869082091e+01 2.009381044077753842e+01 1.063570183269894054e+00 1.846767871069575762e+01 1.500328771529961891e+01 1.423128737092119778e+01 2.000473523024617251e+01
2.594165633491540035e+01 3.421143288921569336e+01 3.520269716970297935e+01 1.795219277695869309e+01 2.042452027924811020e+01 1.390690754123433015e+00 1.050816789277928009e+01 3.156216362592190805e+01 2.017094460482978846e+01 3.671322075581874600e+01 2.451176860437014327e+01 2.232396754959637519e+01 2.799873762549392708e+01 7.998721727992607278e+00 2.799873762549392708e+01 3.420053228794846945e+01 3.377443711120635328e+01 1.377443711120706737e+01 3.377443711120635328e+01 3.494766771669476668e+01 1.494252204521822236e+01 3.390246382378759193e+00 2.339769147809008487e+01 3.418101819799345975e+01 3.421086847962013167e+01 1.467808094235486038e+01 3.467808094235556382e+01 2.915575880346465354e+01 9.157112856940331724e+00 2.915575880346465354e+01 3.415500319869152435e+01 2.205226185931345384e+01 2.052506496602406028e+00 2.205118302070175673e+01 3.596653003528906822e+01 3.466506853579598157e+01 3.726374744688199314e+01
2.984330318934608783e+01 4.481424274100536564e+01 4.310039738611451554e+01 3.530291048594979486e+01 2.206684517952498936e+01 2.045110745119830042e+00 1.965883116579234979e+01 3.638088591863447618e+01 3.987420294289589151e+01 4.807526159192309478e+01 3.865399439014750271e+01 4.232574049559639917e+01 3.226266355843559097e+01 1.226273605510485432e+01 3.226276912447784184e+01 4.871517744200377820e+01 4.205870835866428337e+01 2.532144249499937771e+01 4.205870835866428337e+01 4.323235637210815696e+01 2.512351086012868251e+01 5.111713129702295078e+00 1.926372619890147675e+01 3.927025491761387599e+01 4.296235218981776427e+01 2.622508632614757929e+01 4.296235218981575343e+01 3.415449297046926347e+01 1.415711285465528135e+01 3.415449297046926347e+01 3.873567477144442961e+01 1.766993743349651425e+01 3.045089533984820296e+00 1.459046365948578128e+01 2.868313995346854028e+01 4.814347600950453909e+01 4.890536791607618028e+01
1.569624521890473723e+01 3.674060982422301436e+01 4.834699591493252768e+01 2.811569298876755951e+01 2.280886869816858109e+01 2.700584270428886491e+00 2.281153629787308290e+01 3.594670844015712419e+01 3.611578725993849304e+01 5.648507174916935014e+01 5.865608359563190533e+01 4.380947625414349034e+01 2.380974137292922421e+01 3.226263122197428856e+01 2.042770186473959981e+01 4.042795139663964221e+01 5.360571374244268128e+01 4.532144249499866362e+01 5.204269437675425536e+01 3.789476083608807500e+01 2.687599442632859592e+01 6.859555863028035105e+00 2.101568576077561445e+01 4.102400182362372050e+01 5.450935757361047962e+01 4.622508632614828628e+01 4.679937465625383197e+01 2.680606122103939626e+01 3.415449297046926347e+01 2.484749715285320804e+01 3.657340330284210950e+01 1.779363445389501308e+01 4.045088033584535836e+00 2.394812204820541979e+01 2.734382305605679875e+01 3.365941392145536071e+01 5.575943045538706855e+01
2.017905705528605509e+01 4.102529323079867396e+01 4.322928729160487649e+01 2.213230073601084413e+01 8.167764055969405135e+00 3.357116529985777031e+00 6.301172409287605802e+00 1.572431945846007650e+01 3.034977428630571694e+01 5.178906166531212563e+01 6.812558982966621102e+01 5.209491066875496301e+01 3.535674617970474998e+01 4.800055279026012300e+01 2.798700926656236732e+01 4.042795139663964221e+01 6.043009156438268548e+01 5.485690335453875122e+01 4.070770386826175979e+01 2.374673721791432257e+01 9.583517736745037041e+00 2.687599442632475188e+01 1.353404295967300186e+01 3.354696988068205599e+01 4.743421046462223245e+01 5.571858627225523719e+01 5.507073047398824173e+01 4.094635245252150213e+01 5.299306843353468111e+01 3.301226533650412875e+01 3.838172437274602089e+01 1.828836920504648944e+01 2.303367639931911981e+01 5.475466340242244101e+00 1.387103314887652772e+01 3.368419763735180794e+01 4.739601735638041902e+01
3.204498175754719824e+01 4.922024198393104655e+01 4.505844440611751622e+01 2.434898768360152488e+01 2.734934656892903959e+01 4.026244526317417360e+00 6.004350813083008553e+00 2.454029614454818997e+01 3.729166965057196137e+01 4.137384178044219851e+01 5.520167922275947348e+01 6.364665269222336974e+01 5.535761420484722350e+01 4.800686502734512118e+01 4.213417171196441302e+01 5.633309232600172578e+01 5.929108235798778992e+01 3.928726960518839917e+01 2.655857695633446625e+01 1.238886615523217394e+01 2.960784378512333959e+01 3.789477609122594259e+01 2.768785836213928064e+01 2.110215295856978202e+01 2.743136232136780350e+01 4.157619076255839019e+01 6.157672107799351124e+01 6.092982024137531738e+01 4.933311945617978012e+01 5.299306843353468111e+01 4.633452489635875082e+01 3.822353295647165794e+01 3.266055921277698104e+01 2.466817479795518508e+01 6.920652353305950300e+00 1.700042481826223195e+01 3.264910957639835232e+01
5.219631263069884852e+01 6.128273796565515852e+01 5.352180264064353565e+01 3.886047779724645324e+01 2.542339608341896806e+01 4.723872612837465290e+00 2.424753418893395818e+01 9.384379422555602090e+00 2.902437489012141825e+01 2.743259143028381786e+01 4.558817675047981766e+01 5.960935935545155928e+01 6.680602487200249584e+01 6.807577000365211006e+01 6.218582954080141434e+01 6.573910173451476169e+01 5.573906100325434210e+01 3.928726960518839917e+01 1.926664263156168033e+01 1.461652987635718226e+01 3.465423310830536252e+01 4.616381936999421498e+01 4.769211637220893607e+01 3.265498025531090320e+01 4.743421046462223245e+01 4.157619076255839019e+01 6.157672107799351124e+01 7.750522769834722681e+01 6.927797386738517105e+01 5.780716402478081761e+01 3.739635755893007740e+01 3.707040703740054965e+01 2.764081913586096917e+01 8.379110080805725502e+00 2.693220353235838260e+01 3.542417000792485027e+01 4.421598948351960701e+01
6.176879468792991190e+01 5.470518035912099464e+01 4.475288430222020253e+01 3.021253051604008633e+01 5.318756870400424219e+00 5.452688180393507444e+00 2.601415308682479477e+01 2.900382219579874032e+01 1.387672757403572632e+01 1.737877143999443774e+01 3.157408317354767036e+01 4.760206582724615032e+01 4.713644762087070461e+01 5.884968733464290835e+01 6.699944693026417042e+01 5.745709392130623172e+01 3.745471528165094810e+01 2.744691696552605720e+01 3.928726960518839917e+01 3.465423310830536252e+01 1.783011503673523279e+01 3.787527303094469033e+01 4.949572985264732239e+01 5.265682483424151883e+01 6.094115194237003408e+01 6.157672107799351124e+01 6.986098178195193498e+01 6.694866136202881535e+01 5.858947444057472609e+01 5.136193270627686758e+01 3.739761781423840858e+01 1.757959433577576291e+01 1.352861716576564888e+01 9.413062029709301726e+00 2.932595769464007063e+01 1.876215165276702379e+01 2.451924578318179471e+01
6.060909130184784033e+01 4.058849665776992310e+01 2.655585229563976313e+01 1.641174980542945150e+01 2.095288733471674902e+01 2.587944742202369852e+01 6.544328362601228299e+00 2.708126201002149713e+01 3.385718717308120063e+01 3.738974659029300796e+01 2.332483284945155688e+01 2.772123101478884521e+01 3.308370482361522846e+01 3.910841588839570448e+01 5.884979238840737281e+01 6.573910173451476169e+01 5.573906100325434210e+01 3.745471528165094810e+01 5.573906100325434210e+01 4.616381938189343259e+01 3.787527303098921294e+01 2.115493852689547438e+01 4.120669187702189618e+01 5.661051530777421448e+01 7.142254713271609035e+01 7.990728103166253504e+01 7.024414115421150484e+01 5.005766626091087090e+01 3.814689935405141341e+01 3.072778920953412296e+01 2.465487199770910465e+01 3.738828801689609094e+01 3.306320490643535948e+01 2.935983837692836218e+01 1.092655143619810332e+01 3.086919703643054547e+01 4.071973375193146438e+01
4.588737740456039660e+01 3.432030944305338949e+01 2.551464418689549518e+01 3.650391310900516117e+01 3.417535090288606625e+01 3.488782265301205143e+01 2.201782560142727263e+01 7.659155124455016228e+00 2.224456307499092489e+01 4.329767132627555526e+01 4.326371749454823146e+01 4.182501010651970574e+01 4.398488343766036479e+01 5.884978810694145324e+01 5.055540100526049940e+01 7.018014172671682616e+01 6.573910173451476169e+01 5.745709392130623172e+01 6.573910173451476169e+01 5.608662928071677811e+01 4.382172702162107214e+01 2.356505504054492661e+01 3.196562453360323630e+01 4.841979887565153717e+01 5.042446139665284477e+01 7.142254713271609035e+01 7.860172423137031217e+01 6.694866136202881535e+01 5.858947444057472609e+01 5.136193270627686758e+01 4.514050435636341518e+01 5.354804124825633238e+01 5.053228616646639182e+01 3.083638599439828809e+01 3.075031662580585490e+01 1.248061411751817751e+01 2.672090573844862149e+01
6.258969150002336335e+01 5.365012796547127749e+01 3.953002173158407828e+01 5.365008409548521229e+01 5.207919999247205567e+01 4.725161070878199610e+01 2.744188191908907370e+01 8.439142598563833531e+00 2.872233071521090864e+01 4.316425015549998534e+01 5.316112402950607674e+01 6.154911209880900458e+01 6.369469440738679822e+01 7.185248463567695865e+01 6.190983913280252438e+01 7.834416047997694932e+01 8.156936367167527635e+01 6.156422907645690401e+01 6.089171421548910956e+01 4.778726082100603634e+01 2.756692659613065643e+01 4.382172702162107214e+01 3.059215514208383979e+01 3.610269861889461396e+01 4.864040987280722561e+01 7.090121786734420084e+01 7.613001341340012118e+01 6.800568138223438552e+01 6.100576412215200861e+01 5.504023431863604543e+01 4.974146768884475733e+01 4.491728861706568665e+01 4.428405781804368502e+01 3.661760448034110027e+01 3.345816811109416733e+01 1.358630877249496294e+01 3.305711976009263964e+01
6.481625246295224940e+01 6.263091108389081541e+01 5.955361815864456787e+01 5.886863578837429145e+01 3.854136514665949420e+01 3.749501835928766269e+01 2.942463804896960866e+01 9.198126015260015720e+00 1.587047334108648577e+01 2.488630422030458078e+01 4.481074130819271062e+01 6.274352720240585768e+01 6.275351040990548057e+01 7.108259042057437682e+01 8.147758516698797848e+01 8.968216506331297921e+01 7.571130580794155662e+01 5.570431802634320917e+01 4.152130281533219858e+01 3.246444837680707707e+01 3.303838366477291544e+01 5.316680869135027621e+01 5.716300607634877196e+01 5.657465831680922008e+01 6.516587121415773254e+01 7.862720227698922315e+01 6.120861399619696641e+01 4.879566400314268293e+01 4.164519128683397042e+01 3.554783674017183870e+01 3.012622047694243221e+01 2.519129234605972556e+01 3.394844468097409163e+01 1.671148665431340774e+01 1.541212317649315722e+01 3.352271565547231091e+01 1.669047201974652950e+01
4.483052422892164657e+01 4.264391932471114188e+01 4.378164949985429644e+01 5.205968958000537583e+01 3.800013361597827810e+01 2.001634535230278900e+01 1.023453828706234070e+01 2.942459995761632285e+01 3.484851219729931415e+01 4.316425016129723247e+01 5.316111567022801410e+01 4.275262569433415649e+01 4.275273609577882894e+01 6.275476041725986676e+01 7.440629571997480696e+01 8.267998287939425950e+01 7.682109437772025728e+01 5.681486657400991191e+01 4.523788590698964640e+01 3.671443455939195388e+01 5.316680869135027621e+01 4.167105188308759978e+01 5.170801121081414209e+01 6.326344485248590388e+01 8.326483433269706325e+01 8.772517297247553358e+01 7.613001341340012118e+01 6.800568138223438552e+01 6.100576412215200861e+01 5.504023431863604543e+01 4.974146768884475733e+01 3.847184387182310417e+01 1.856786267399348489e+01 3.662297395156962665e+01 3.535700924782461385e+01 4.355345125384387472e+01 3.079885942703419843e+01
3.427560736787739870e+01 2.848824423741256240e+01 2.374079438933179986e+01 3.759689928929268632e+01 3.150282732940584296e+01 1.132981658765015176e+01 3.042224643897392511e+01 1.289495429774996005e+01 3.305922235557338951e+01 3.933528996690144197e+01 4.305787146424431455e+01 2.859483907934820479e+01 4.860874224368227203e+01 6.027229912208117923e+01 5.441918819640052618e+01 7.440629572228577615e+01 8.510555082603494270e+01 7.355592734409272282e+01 6.105652069586989228e+01 4.102582928496598669e+01 6.105652069587065256e+01 6.171251897147237031e+01 5.435891122144729337e+01 7.436630730800418121e+01 9.154915234681060099e+01 9.257258932302333676e+01 7.865780600688020741e+01 6.881260766770742521e+01 6.065787488326016330e+01 6.397965067596610567e+01 4.999585999197372388e+01 3.983846868843302502e+01 1.993999717993441578e+01 3.403390519185196439e+01 5.384468287101935857e+01 5.875248568243626579e+01 4.752895732123695183e+01
5.426979991805177406e+01 4.187245109047783131e+01 2.181833000220386509e+01 1.748611143950595803e+01 3.196584161154765980e+01 1.209911398922215575e+01 2.897886759017390901e+01 3.304926621175040680e+01 1.558877198547940957e+01 1.924574513061102010e+01 2.301119721521028083e+01 4.305787140943165525e+01 3.527618314815796197e+01 4.027998042444373539e+01 5.441918819639973748e+01 7.440629571335324499e+01 8.922246299343407827e+01 7.738951300887296725e+01 5.738576443901113322e+01 4.659685482991429950e+01 5.738576443901121138e+01 7.738951300902388653e+01 6.850816512283583393e+01 8.265079565313708088e+01 8.677660307272974194e+01 7.871967538057269564e+01 6.474302269073702121e+01 5.081137997585776844e+01 4.089660748948953284e+01 5.009503314382010331e+01 3.601206111024391987e+01 2.192045598964006103e+01 3.983846868843302502e+01 3.403399807769527996e+01 5.385195043194165976e+01 5.994478314444996414e+01 4.680354835177642059e+01
4.836465821472616256e+01 2.835433196078854579e+01 4.187245109047783131e+01 3.335888718050711788e+01 1.319182360598429504e+01 2.223139425664914270e+01 3.985881888246080251e+01 4.391825351681640655e+01 3.572709598330725100e+01 1.880958119550432173e+01 3.890435934289928355e+01 5.043904956764876601e+01 5.527497730282785682e+01 6.027327645181079419e+01 5.096931730082987855e+01 6.096459710695554435e+01 8.095001411085515031e+01 8.567388729592212826e+01 6.660608174348780608e+01 5.292919143583571184e+01 7.293130563110213416e+01 8.567388746697118052e+01 8.850911362174744568e+01 7.985871932676791118e+01 7.159676898582428350e+01 5.914302673986345837e+01 6.843811612937329869e+01 6.805912629202622099e+01 5.009493193622543572e+01 3.024191165456983654e+01 2.392928744094518478e+01 4.167803157360262389e+01 4.993780467391267308e+01 5.385215858016599810e+01 6.201877225733391441e+01 5.190569197924805422e+01 3.215155196668602144e+01
