LEM/with_lateral_4open/elevation_000491.asc
nrows	100
cellsize	150.0
xllcorner	0
ncols	100
yllcorner	0
NODATA_value	-9999
[rows 51 to 67 of 100, columns 37 to 73 of 100]
4.397526751034761361e+01 6.371092384567888445e+01 7.424831359160201316e+01 8.242259039317282543e+01 9.059962124241363313e+01 1.052560461082240835e+02 9.709125786824289150e+01 8.254903664605646441e+01 7.690829224929282759e+01 8.837069914087751954e+01 1.080707747084533423e+02 1.083293016280614296e+02 1.279431569579173242e+02 1.277950122495719967e+02 1.079494871206063209e+02 9.396385360520096697e+01 8.405959419128360821e+01 7.654541232990420951e+01 7.218781922162160924e+01 8.631640860700707663e+01 8.247302530870052806e+01 7.953749297178488575e+01 7.670527340961493223e+01 7.011377981353125222e+01 4.997442855036963039e+01 5.903698309934783595e+01 7.065864088165970713e+01 9.057215222175615565e+01 8.029222983710641870e+01 6.039763314432509844e+01 8.029222983710641870e+01 8.178173941384500267e+01 6.190714681900313110e+01 6.431882628535593938e+01 4.429617401646191155e+01 5.434449254021264153e+01 7.429316003049929407e+01
4.878573581101105106e+01 4.636289861365920473e+01 6.607471124669015694e+01 6.269291275176741607e+01 8.242259078405589889e+01 9.384739111016095592e+01 7.730618436506202329e+01 7.106024816895617846e+01 9.087124045475647449e+01 1.048527152726265115e+02 1.162236243899976529e+02 1.279431569579173242e+02 1.210957522092321739e+02 1.128843317931958552e+02 1.159869001649019822e+02 1.120839148039287210e+02 1.038629802295107538e+02 9.057653851713227766e+01 9.205017757913013554e+01 1.002660932916177217e+02 9.287050552051337604e+01 8.133591426266013968e+01 7.310374733610066755e+01 6.551684898367545884e+01 4.804251364169834915e+01 6.232449107557395962e+01 8.233277181224239882e+01 9.073054729563310161e+01 7.560302585909468576e+01 5.558143566221688303e+01 7.560302585909468576e+01 8.178173941384500267e+01 6.190714681900313110e+01 4.773313043913884002e+01 4.094113237736715405e+01 6.098171755391363291e+01 7.746606892383987031e+01
6.846219448926615314e+01 6.607471582740470240e+01 4.877726400787921079e+01 6.269291275065201319e+01 8.242258953953282230e+01 8.566862235422144067e+01 6.587910915227983821e+01 8.566862255100616608e+01 9.904633250177883497e+01 1.063699615495128512e+02 1.145384828791563478e+02 1.195636184982397623e+02 1.096658090600184039e+02 9.309822370463827212e+01 9.617961110638623268e+01 9.617961110638621847e+01 1.043886862023852444e+02 1.103839801745234297e+02 1.009440657129834307e+02 9.272290601652379394e+01 8.463705077166325452e+01 6.467082151186808403e+01 5.301414556877547568e+01 4.537717457837259616e+01 6.551226537161599595e+01 6.817422324591710492e+01 8.808062548138723002e+01 8.269116006425029752e+01 6.284669821123977584e+01 5.111240780140330742e+01 7.123395467149147464e+01 8.686368018714772177e+01 7.593065124874816263e+01 5.773070532792556975e+01 3.766294279594213634e+01 4.928530973312992103e+01 6.926733025542571909e+01
8.405734128354554002e+01 7.005617858971162093e+01 5.052539695588165358e+01 7.021143928296321235e+01 7.524765970726114972e+01 7.783684231392861363e+01 6.260917797384417582e+01 8.237037031700700140e+01 9.241102713983673311e+01 8.662904719107235962e+01 1.063699615495128512e+02 1.113532481164985484e+02 9.156838580760563673e+01 8.165326799715033701e+01 9.212344883420767871e+01 7.634068934807990559e+01 9.291070897003150719e+01 1.011260057294949775e+02 8.946501198407594302e+01 7.282394476367376512e+01 8.946501181956563187e+01 8.133493819363621924e+01 6.372470064660999611e+01 4.357577536180333055e+01 6.114666506211047192e+01 6.704893493267253746e+01 7.787519839609164762e+01 8.134635133650334637e+01 6.146454778160189392e+01 4.710969012465365324e+01 5.886075794801897842e+01 7.879933748156561535e+01 6.904950651776709947e+01 4.906829519589780375e+01 3.481323496523821603e+01 4.906829519589780375e+01 6.904950651776709947e+01
8.941357510006893961e+01 7.352219508003841497e+01 5.384998816088976525e+01 5.345885906769706963e+01 5.554986730712294474e+01 5.811886154533490867e+01 6.273270001267982110e+01 6.749951898412513174e+01 7.260112891880891084e+01 8.662904719107235962e+01 1.063699615495128512e+02 1.195636184982397623e+02 1.061252064943653863e+02 8.632373091430892487e+01 7.226230471947553724e+01 6.739372210170263600e+01 7.303598035486810147e+01 8.965152849104158861e+01 8.123427873884747896e+01 6.122041176628585646e+01 8.123427873884872952e+01 7.743270347889584571e+01 7.205580508536924356e+01 6.117755814529390790e+01 4.106520212086405763e+01 4.755942170172000516e+01 6.876501639274671618e+01 7.783170824453141279e+01 5.787583335860045963e+01 4.352294326593014517e+01 6.372077378817933635e+01 7.807404050702413656e+01 6.637940480672079957e+01 4.637434203197951632e+01 3.207023518783314842e+01 5.223368926063864848e+01 6.848079319580095614e+01
7.548200982868594622e+01 6.154147261696070359e+01 5.823004133329551735e+01 7.314533410054225726e+01 7.423288287597921453e+01 6.087795777219499627e+01 8.062513200047743567e+01 8.729613333760568139e+01 9.241102713983673311e+01 8.406186270849006803e+01 9.549641815810720402e+01 1.151812282711297968e+02 1.082293408382482056e+02 8.848479600537100964e+01 9.212344883420767871e+01 8.143602905399625058e+01 6.143736859633889225e+01 8.143349579111293224e+01 7.415831961170036379e+01 5.406339012898529717e+01 6.517160694913481223e+01 5.737737146936753163e+01 6.138294468708468798e+01 5.943153002330251411e+01 3.934398765663409137e+01 5.649750956080365683e+01 7.332859605395245239e+01 7.002122584595392141e+01 5.947944999082186968e+01 4.015290689235219901e+01 4.984458326960145769e+01 6.395930955123024120e+01 6.379676227665055421e+01 4.376278137079360420e+01 2.939836114405292022e+01 4.017167614186602265e+01 5.432623466885110020e+01
7.139214660065681528e+01 8.125413922138328360e+01 6.272437084363077986e+01 8.245235468455156536e+01 8.799300918628836143e+01 7.073262773225462752e+01 6.709304684008345987e+01 8.688338975999919001e+01 1.018180018886433089e+02 1.038161978534295429e+02 1.119821915565052990e+02 1.233556928044297081e+02 1.163505088103357110e+02 1.001674800739824747e+02 8.871183642942534675e+01 7.778518789417769597e+01 5.772436112677169717e+01 7.277051183982186444e+01 7.019254209810986822e+01 6.517156708413446609e+01 4.503234947039437230e+01 4.312747744731841948e+01 4.127437880274582938e+01 3.945047215743846891e+01 3.763527286275484585e+01 5.596855879331060635e+01 5.473889898654961428e+01 4.810820061240548284e+01 5.274044830711232379e+01 5.274016349990509411e+01 3.550177966834150567e+01 5.410947604900420060e+01 6.312945145946221714e+01 5.788687391262166670e+01 4.605400800796786598e+01 2.572551732863365004e+01 4.259305372077382401e+01
9.111613184210963823e+01 8.724249617340129248e+01 6.749223685322039046e+01 8.724249617340129248e+01 9.866567532357417747e+01 8.474271921962915144e+01 8.688338975999919001e+01 7.387649905268611406e+01 9.367381212203116547e+01 1.106307847852825859e+02 1.204464997037140392e+02 1.165988415035473906e+02 1.083716619175282432e+02 9.194205553089491900e+01 7.215331279423888589e+01 6.054645175712467164e+01 5.655421515632651364e+01 5.263619104793625780e+01 5.004177280694720054e+01 4.792902901700644236e+01 6.517158537406011476e+01 5.476516708276680134e+01 5.550626846888666677e+01 5.954479100767411381e+01 5.008593318098124314e+01 3.586637714570576208e+01 3.461610270596783323e+01 3.336038655761142735e+01 3.221540237893805880e+01 3.106861359901143871e+01 4.978805868239030730e+01 4.045489738772949551e+01 4.769971729321961362e+01 5.596354542070798743e+01 5.222378117477157389e+01 4.259305372049378491e+01 2.221837026030922502e+01
1.011660567561423960e+02 8.147516854350648430e+01 7.448351021418785933e+01 8.724249617340130669e+01 1.069209326560825133e+02 1.044532557853582517e+02 1.018180018886433089e+02 8.534207563016316556e+01 8.276231830732648120e+01 9.268346537964661991e+01 1.123193267246424796e+02 1.083716619175282432e+02 8.855993006634392373e+01 8.685918296101334590e+01 6.693791567534999842e+01 8.056150394907395196e+01 7.565999650120892284e+01 5.556892201538539666e+01 7.019254901782113620e+01 6.808019608601404116e+01 6.441059215382314562e+01 6.900034590263241796e+01 7.557049677643635732e+01 7.818940557756138787e+01 6.417845308930219517e+01 5.586747833617896219e+01 3.720292360347459493e+01 5.324071475834749378e+01 5.124520517744871739e+01 4.353710394690320840e+01 2.954045324747536583e+01 2.847245767043431641e+01 2.741039354102746728e+01 4.627226941716458697e+01 4.394124070972360130e+01 2.356134762344150246e+01 4.137620113726483595e+01
1.093201955945811505e+02 1.011660567561423960e+02 9.422061730633103593e+01 8.591419416512272278e+01 9.982473992283914299e+01 1.194314158036587372e+02 1.131847096149392371e+02 1.050551758275609018e+02 9.420739018871968540e+01 1.106307847852825859e+02 1.204464997037140392e+02 1.057998654864838670e+02 8.599003059365361423e+01 7.451033898794173638e+01 7.847480834537877570e+01 9.507761747867424162e+01 8.389461618452905611e+01 7.565999650699882295e+01 6.155683865480724393e+01 8.155802438544486677e+01 7.858263374460939588e+01 8.895099682041384881e+01 8.865054097271146816e+01 8.070909774561641825e+01 7.203151158842415214e+01 5.991447050161529120e+01 3.991664317564576692e+01 5.941169745845253658e+01 5.895351892916472991e+01 4.023874510543431171e+01 4.947815797494022405e+01 4.876855803521937816e+01 4.627226942112078945e+01 2.591736686860391004e+01 2.493463783402406264e+01 4.381621101555342079e+01 4.948695762487164984e+01
1.129553457264281633e+02 1.160360558810182141e+02 1.137212596235470841e+02 1.055674023318044306e+02 1.137212596235470841e+02 1.120336754284406879e+02 1.095815594043777992e+02 1.175693073292282378e+02 1.138312187607198638e+02 1.219612510257873339e+02 1.222853008571370168e+02 1.140243478992952504e+02 1.025793857849454582e+02 8.341133503493199441e+01 9.831245168081557040e+01 1.065318614400143957e+02 1.019086496758284142e+02 8.590866476912279381e+01 6.597152588938703843e+01 8.590866476912279381e+01 9.847156736501152352e+01 9.431793239698410503e+01 7.507221555494930954e+01 6.107830951745662418e+01 6.399146827657904169e+01 4.400861278295287349e+01 5.149324877254761645e+01 6.746088738826674103e+01 5.951896250179853354e+01 5.423781850248985137e+01 6.687900826359101814e+01 6.092230678685894674e+01 4.861835376092515304e+01 2.879830078416695471e+01 4.529401844743691186e+01 5.351074913045405879e+01 6.285302298614118399e+01
1.103324590042131490e+02 9.643390850928042823e+01 1.103324590042131490e+02 1.162788407154233568e+02 1.068379420132077513e+02 9.362509792861071389e+01 9.128293806157712709e+01 1.068379420132077655e+02 1.175693073292282378e+02 1.165693540489114781e+02 1.026008030963896118e+02 1.165693540489114781e+02 1.114441357211408814e+02 9.741942243698105131e+01 1.114441357211405119e+02 1.125007103269893349e+02 9.369846647648077465e+01 7.383829102006232858e+01 7.598376681964329293e+01 9.412333294859547550e+01 1.011343721466167693e+02 9.155060167729477882e+01 8.363542118756728883e+01 6.829349438751464163e+01 4.834503364767157052e+01 5.822421271926355502e+01 7.093527536922698573e+01 7.894994982608956491e+01 7.914838748322341644e+01 7.521340424043228268e+01 6.532941564912853494e+01 5.266185090305459937e+01 3.282564788201138128e+01 4.861835376092523830e+01 5.687688905139683015e+01 6.749036805138852912e+01 5.330461125603746808e+01
1.015746845379840551e+02 8.263794445686393431e+01 1.015746845379840551e+02 1.081218609491570959e+02 8.997344213774539412e+01 8.093003882917788872e+01 8.093003882917790293e+01 9.128293806157712709e+01 1.095815594043777992e+02 1.078038186185342511e+02 8.885029717801536719e+01 1.050937290660317842e+02 1.132817193026211413e+02 1.172322097837552093e+02 1.157215859548812489e+02 9.591812339804820908e+01 8.447675197230326205e+01 8.532547176313029524e+01 9.583356271860235154e+01 9.583356271860235154e+01 9.324351049083168164e+01 7.402737579384479716e+01 6.409786377796690715e+01 5.737978822926837807e+01 5.230620337382073615e+01 7.219345688459829091e+01 8.597889750621490634e+01 9.078115999157407146e+01 7.936334285003977129e+01 7.043663640657851488e+01 5.634460162257899185e+01 3.703053837235970036e+01 4.416990791260538884e+01 6.092230678909837138e+01 6.776212405414200646e+01 4.775156479952294575e+01 3.911840236615857691e+01
9.343789832823752306e+01 7.385180398953214365e+01 9.343789832823752306e+01 1.002784029881968593e+02 8.202445271215714229e+01 7.161532276678049413e+01 8.997344213774537991e+01 1.005793636701391023e+02 1.091098590360262648e+02 9.963845554741132560e+01 8.014717794230961090e+01 8.557222885367924903e+01 9.933969332931259544e+01 1.189852001799987278e+02 1.239410030310311299e+02 1.125007103269911823e+02 1.042880515168069451e+02 1.051361899606704355e+02 1.133493500983492339e+02 1.156481578648848370e+02 1.011343721466167693e+02 9.155060167729477882e+01 8.363544314233827492e+01 7.624183909087287248e+01 5.644285691978783603e+01 6.802672311054519128e+01 8.732945149220974201e+01 8.262702219074243715e+01 6.281333401841197173e+01 5.113461848500114115e+01 4.200083468014224763e+01 4.453393970849143813e+01 6.426206075549738728e+01 7.247975240739340563e+01 6.194637335216931717e+01 4.187188817168280508e+01 2.723691065201959205e+01
8.724423147051375338e+01 6.755891249454285230e+01 8.724423147051375338e+01 8.994650859275603239e+01 8.021125605423567606e+01 6.671359692458509016e+01 8.508641639021024616e+01 8.012023927390922040e+01 1.005140519151997154e+02 9.274115372061689300e+01 7.319329882130287501e+01 8.410840552897808209e+01 9.790394271952311556e+01 1.174878384164228606e+02 1.133898477146556445e+02 1.052723408693955491e+02 1.052723408693955491e+02 1.067186974303626101e+02 1.148379872279519702e+02 1.178394947461481763e+02 1.068801674480418740e+02 9.897937886711959266e+01 8.363362078778902742e+01 6.407680467206982655e+01 6.650336951798414020e+01 8.408973328455503804e+01 9.504796294385546673e+01 8.315493005247876113e+01 6.815762305079826433e+01 4.802089257348252715e+01 6.221962518651957197e+01 5.365939659857633615e+01 7.291460527717705986e+01 7.536530672296544253e+01 5.546096326338545168e+01 4.123552423407122802e+01 2.933967495323464902e+01
7.579056128993704533e+01 6.197807791471505823e+01 8.178436837228335321e+01 8.092711013164922917e+01 6.039125896156792095e+01 7.303100412671233244e+01 6.564127819740212999e+01 8.595705931077445427e+01 8.988478425108543490e+01 8.134605114444553919e+01 6.805181170351764308e+01 8.197600708260257818e+01 1.015713240369621246e+02 1.064159944588259492e+02 1.052723408693955491e+02 8.571314154137164110e+01 8.571314154137164110e+01 8.716262258766755622e+01 1.035395669255918847e+02 1.098866053095071607e+02 9.099473494163305531e+01 7.993298751256985213e+01 7.298879886533163130e+01 7.802346997583961752e+01 8.038315237905439403e+01 9.389736800726991817e+01 8.894685666472123842e+01 6.921323140155236331e+01 5.506447652519887725e+01 5.976579459413378714e+01 7.634199434868581591e+01 6.528826670572992441e+01 8.182001647648381493e+01 7.481755340626638429e+01 5.490868897243108648e+01 4.069822700117124725e+01 3.154336157863831502e+01
5.582957393077663255e+01 5.673544347412900635e+01 7.667046875868118150e+01 8.814242682556904640e+01 7.406481924991524579e+01 5.463896395875843837e+01 6.985315795809520978e+01 7.301800380672956692e+01 7.629323408700076925e+01 6.198939983240961737e+01 8.177030814416009719e+01 9.582897373339740454e+01 1.006871681911806746e+02 8.683963322728983769e+01 1.006871430759026111e+02 9.144189838997043296e+01 7.178663933250787466e+01 7.581406585418210398e+01 9.477199366008242976e+01 1.060860109162425289e+02 1.068801674480418740e+02 9.897937886711959266e+01 9.224546262515220008e+01 9.717772296495574835e+01 9.949303927702379724e+01 9.878375463416676894e+01 7.910995869527562263e+01 6.511387273338424109e+01 6.406645701191810360e+01 7.962107390680328933e+01 8.777788055421635249e+01 8.507192491163665693e+01 9.322557829708334509e+01 8.060195258244679906e+01 6.073986035937516448e+01 5.391116737300095707e+01 3.377718354614657414e+01
