LEM/with_lateral_4open/elevation_000409.asc
nrows	100
cellsize	150.0
xllcorner	0
ncols	100
yllcorner	0
NODATA_value	-9999
[rows 17 to 33 of 100, columns 0 to 36 of 100]
5.222468517465790605e-02 2.005222468517430201e+01 2.979362256918401997e+01 2.670563952116127027e+01 4.342425021660496753e+01 3.863498357040184317e+01 1.863844374312244412e+01 3.419518211864276225e+01 3.610209176581434320e+01 3.806323529984375398e+01 2.871219462147195500e+01 2.436831659237336467e+01 2.775307282669337638e+01 3.168928932593030368e+01 3.579923642890396707e+01 4.139152489382646394e+01 4.897505241616732974e+01 6.048504724534648602e+01 8.042648292453567649e+01 7.899802963610329698e+01 5.899949024383388974e+01 4.759265695546149999e+01 4.125992760357191003e+01 3.565085225434635419e+01 3.439126045441409474e+01 4.833598629912206235e+01 5.660047577566394494e+01 5.245624664105734780e+01 3.275461542260301684e+01 5.245624664105734780e+01 6.150737638561905385e+01 6.981853004134660523e+01 7.874561533083483766e+01 8.880897240434121898e+01 7.892739116907340247e+01 7.073541240087880055e+01 6.865493432297373033e+01
7.333276091007127906e-02 1.531982675889015377e+00 2.152998314438736216e+01 1.515850254743993730e+01 3.515791888151486688e+01 2.975083910302216950e+01 1.231388842218105850e+01 1.419533015894823791e+01 1.610225533743939152e+01 1.806341668882119933e+01 2.005349169452729896e+01 4.012834606262457271e+01 4.781146224443064341e+01 5.174464015541774842e+01 4.998833189535583443e+01 6.137734433183581473e+01 5.553641377339651797e+01 7.547859810289945415e+01 8.870237189043078274e+01 8.732734434361387343e+01 7.047364674729809053e+01 5.057259988109021265e+01 4.377200027276827399e+01 4.098130342623038302e+01 3.913101756172507351e+01 6.018653277390195910e+01 6.946169621602577138e+01 4.960850283173138564e+01 3.574170841534204612e+01 4.705015721984185006e+01 6.099183539032843981e+01 8.103174127044681541e+01 9.458805283261499142e+01 7.482177649945542441e+01 6.085964000312699795e+01 5.101196481615791356e+01 6.019278620830460369e+01
6.343274376862209629e-02 2.006343274376826713e+01 3.611483655529156955e+00 2.360257962513438201e+01 2.726290800557432448e+01 9.773885882177269835e+00 2.977377780534855489e+01 3.419518220680860310e+01 2.610225484255773765e+01 3.806323534387298224e+01 4.012834612049093863e+01 2.405463707231433190e+01 4.414677338225732228e+01 5.522391483162430603e+01 6.567739551076365956e+01 7.821795418109248033e+01 7.547859810289945415e+01 8.375136048289374457e+01 9.733830866245810398e+01 7.725303995199395501e+01 6.311513193566519675e+01 7.047364674729134038e+01 6.343756415159543138e+01 4.696840440208672618e+01 4.416041285196724431e+01 6.465988415154318147e+01 7.008371221511431770e+01 5.021997125921492255e+01 3.893852041162360678e+01 5.861537602711275241e+01 6.103147275345833833e+01 7.516803474156871800e+01 9.534829835339098736e+01 8.301300717486719805e+01 7.158741493282649060e+01 6.019278620830460369e+01 4.054395862894511993e+01
3.497053469895897854e-02 2.003497053469860489e+01 2.361202549673114603e+01 5.743490819085252497e+00 7.264062661624657302e+00 2.726398050955698693e+01 3.491664038077259846e+01 4.320153717192697229e+01 4.610192870720381109e+01 4.610192870720381109e+01 5.243272748566792529e+01 3.827415795776523311e+01 2.827872330602312445e+01 4.168295800919091221e+01 5.579323316647130326e+01 6.366857429452758055e+01 7.187984523813219084e+01 8.072841468470180359e+01 9.216569497868269423e+01 9.147030223840599206e+01 8.313587895533487426e+01 7.680951303993280987e+01 5.682364921324578688e+01 6.681658112658931259e+01 4.912932990110707010e+01 6.928358808294676408e+01 7.842759728163125033e+01 5.861537602711275241e+01 4.510883904693446311e+01 4.496069750977741108e+01 5.625936085371973405e+01 7.625427743720197782e+01 9.187649340889846883e+01 7.477665969792316503e+01 5.502613617276542612e+01 4.368572502723738893e+01 3.865881316733464246e+01
9.635555453094322986e-02 1.164336093832335806e+01 3.164336093832300278e+01 1.988794193591759552e+01 2.722963035018486977e+01 1.162842046634523463e+01 1.491640021245460801e+01 3.491664038784296764e+01 4.820172587871849146e+01 6.610036273229847836e+01 6.658310704788625856e+01 4.838565888998274289e+01 4.757707960540376035e+01 3.289325173083376797e+01 3.664363109353423198e+01 4.379587952355101521e+01 5.274678119936623233e+01 6.415019421324019788e+01 8.391667150000365893e+01 9.841936191712186144e+01 8.949333941794265002e+01 6.943844901762525978e+01 7.680951303993280987e+01 5.869112027185188651e+01 5.633133568038154948e+01 7.636741014359529345e+01 8.694141985443098974e+01 7.149703955979667569e+01 5.159136800802317424e+01 5.015226042695179842e+01 7.002011425298435654e+01 8.461539017581358735e+01 8.361838280462302464e+01 6.384768889981158679e+01 5.245911329996476979e+01 6.262468530769804431e+01 4.298476278026680575e+01
8.845047570523793812e-02 2.008845047570488163e+01 3.992763218578425466e+01 3.996377242445462485e+01 3.989044811682414604e+01 2.317543181873840297e+01 3.491664038784296764e+01 1.991640021284144169e+01 3.991672044677417830e+01 5.374898544101677089e+01 6.789235634941431385e+01 6.838782263841500253e+01 6.152135264387680991e+01 5.433094043419942665e+01 4.431290416817262212e+01 4.322103796490974759e+01 5.953897927968447590e+01 6.151230358814191135e+01 7.062043601026726947e+01 9.013779686600385332e+01 8.949333941794265002e+01 8.949333941794265002e+01 8.581781934931093758e+01 6.577047404626296156e+01 6.528644044932320867e+01 8.469461294420482034e+01 8.311554358725976499e+01 6.299170430375004059e+01 7.149703955979667569e+01 5.814641249727060313e+01 6.152298226874908949e+01 8.162741240275910570e+01 8.618992827439082305e+01 6.641050981893899063e+01 6.641050981893899063e+01 7.005547496117391404e+01 5.038416699315337155e+01
8.023991185656004221e-02 2.008023991185620361e+01 3.727453215553047272e+01 4.882153776846016768e+01 5.146098831864431844e+01 4.317589255516264046e+01 4.820172587871849146e+01 3.405859235003772056e+01 2.546340218905700681e+01 3.960563077513218389e+01 5.920216165277091847e+01 6.748769481195370190e+01 7.643299588953541956e+01 7.132241822362081507e+01 5.356208985127205580e+01 6.325912361023189590e+01 5.010887495181806628e+01 6.117266537291030915e+01 8.209272845578269084e+01 9.841936191712186144e+01 1.096203028754027429e+02 1.000287611283129223e+02 7.993145453035388925e+01 7.993145453035388925e+01 7.684268027132918633e+01 9.367041325533148211e+01 9.148478873752853247e+01 7.457465280253779838e+01 7.450431420604168409e+01 7.229471010412758858e+01 7.308795366484443434e+01 8.999635109798293797e+01 9.445705394969695590e+01 8.618992827439082305e+01 8.618992827439082305e+01 7.812716275041807990e+01 6.175311379506943155e+01
4.598823041778624804e-02 8.990260140417021262e+00 2.053726552420974016e+01 4.053726553699451784e+01 5.327295861589118431e+01 5.913112221915053368e+01 6.234485359332926890e+01 5.374897990691341931e+01 3.701043586885128889e+01 3.213006933056617953e+01 3.920114188682230605e+01 4.814547012841874363e+01 6.814721299753337291e+01 7.972211544699254659e+01 6.622055817116080334e+01 7.383589742880238305e+01 5.863166353780465556e+01 7.868016684776770830e+01 9.075855619962418075e+01 9.296865953516250158e+01 1.012519276236879762e+02 1.083819102559975249e+02 1.000287611283129223e+02 1.000287611283129223e+02 9.692886996985002668e+01 1.052798317198535614e+02 1.031510568288925498e+02 9.478261737013841071e+01 8.878741965003892744e+01 9.249677096394468379e+01 9.329252997331965958e+01 1.016614198004855467e+02 1.034385204916735574e+02 9.533812067922927724e+01 9.533812067922927724e+01 8.933096522228322556e+01 8.136407529468283428e+01
7.340434288523949025e-02 1.421553996661631558e+01 3.421553996661702257e+01 3.358365758220959663e+01 3.327274667695760257e+01 3.913067317660419064e+01 5.448657648108622453e+01 6.529686636411111067e+01 5.701141728659887775e+01 4.213009993747207460e+01 4.477928388902428480e+01 5.892209251356062083e+01 6.814721299753337291e+01 8.815082732254906261e+01 8.506269113566175122e+01 8.852624001022817879e+01 7.353588671762300066e+01 8.869363715814506577e+01 8.971166185590475095e+01 7.298416499651121114e+01 8.662473933507835966e+01 9.490679841416574902e+01 1.002377658389705459e+02 9.196011104163385141e+01 9.377370315948409996e+01 8.963713976000477146e+01 9.791416193237313337e+01 1.079021563687877006e+02 1.090014915875482586e+02 1.051655419303772732e+02 9.697801734015098418e+01 9.697801734015098418e+01 9.533812067922927724e+01 7.599870494689241696e+01 7.599870494689241696e+01 8.971861271928295878e+01 8.215510267150879997e+01
3.515918393995972474e-02 2.003515918393960504e+01 2.741150414756969766e+01 1.358360533115234681e+01 1.913060729340179833e+01 2.620167510537859457e+01 4.034381824884353307e+01 6.034414052339270285e+01 7.041697818989456437e+01 5.627272844207122660e+01 6.478080765252714457e+01 7.306647142539098638e+01 8.721085033722141588e+01 9.089920662666142448e+01 8.262433642086082841e+01 9.089920662666142448e+01 9.526206480068904625e+01 9.132375727245586461e+01 8.077361592908995647e+01 6.144707889597931683e+01 6.664043344401419233e+01 8.662473933507835966e+01 8.870550154259539966e+01 7.198960273396443199e+01 7.380257372535891136e+01 6.966682445731500195e+01 7.965184198301886909e+01 9.962243753699063120e+01 1.090912433506904620e+02 9.697801734015098418e+01 7.749268789697589455e+01 7.749268789697589455e+01 8.933524233557146488e+01 8.166308867070803501e+01 6.223960145512104702e+01 8.166308867070803501e+01 7.394416817857140245e+01
4.608085242692564615e-02 3.697564569128025447e+00 7.411471332669047563e+00 2.741149782729261375e+01 2.513061092476664271e+01 4.513071656266303222e+01 4.034381824884353307e+01 5.448602065973505404e+01 7.448689294824220042e+01 7.627537050242047201e+01 7.762930565563176799e+01 6.935262926827920182e+01 7.762930565563176799e+01 8.090775099952155358e+01 6.263910251516090710e+01 8.090775099952155358e+01 9.186695083102088688e+01 8.304218048285265752e+01 6.305698341622591840e+01 5.250803203603770442e+01 7.249370112220063334e+01 8.809914770253195115e+01 7.977201574659827088e+01 6.045533898249946958e+01 5.967676379165901324e+01 7.965198210865986539e+01 9.791416193237313337e+01 1.079021563687877006e+02 1.008843579272951416e+02 8.138891223182541523e+01 7.169546041275579285e+01 6.372908873962728649e+01 6.985801674362924985e+01 7.551945098888768371e+01 5.600984319007910983e+01 7.551945098888768371e+01 7.433178206863436799e+01
1.610643649003322755e-02 2.001011426689924022e+01 2.740755654937066765e+01 2.155361630373351645e+01 4.155427424950447346e+01 3.927275782231806289e+01 5.927308000142598843e+01 6.862933471332887336e+01 6.718420485915535778e+01 7.546229992934773634e+01 6.763520453448617786e+01 4.936171895712725899e+01 6.763520453448617786e+01 7.263171946801084289e+01 5.264220590557253843e+01 7.188485681795705773e+01 7.188485681795705773e+01 8.085576714218184691e+01 6.087090472905866534e+01 4.673703765720053127e+01 5.983255739795787065e+01 7.396585255024493222e+01 7.149713337910183952e+01 5.151624414683008268e+01 7.149713337910183952e+01 8.411103796292974266e+01 9.238760306058233596e+01 1.018212653897940498e+02 1.090912433506904620e+02 9.929699025627810727e+01 8.933524233557146488e+01 6.985801674362924985e+01 5.600812480862105502e+01 6.903025143907659356e+01 5.052888260840631318e+01 6.272762268997300339e+01 5.475148721450324985e+01
2.022278438842990689e-02 2.002022278438807490e+01 3.833128730913859528e+01 4.155405231343083727e+01 4.984075190728952265e+01 5.927308000142598843e+01 6.755762940474269840e+01 6.392093097752624686e+01 4.719183506418488605e+01 6.392093097752624686e+01 5.935717411270324817e+01 3.936243129166168586e+01 5.935717411270324817e+01 6.556435917170054495e+01 4.557173059024136563e+01 5.189495827327561983e+01 7.188485681795705773e+01 7.841654493107995449e+01 6.201328415026377172e+01 4.202497994143947579e+01 4.569870486010906774e+01 6.397190680799749884e+01 6.713694588579643607e+01 4.715373167684044375e+01 6.713694588579643607e+01 6.413571055183349756e+01 7.356881200025591738e+01 8.890623374855955774e+01 9.889318292791075748e+01 9.892578120632579441e+01 7.942508541054752413e+01 6.567198374095710278e+01 5.688694637007646548e+01 4.941135903496172688e+01 4.561004398348221400e+01 4.306116583076195070e+01 4.079602973855820380e+01
6.642187732006160639e-02 1.006621256969026845e+01 2.420541439544692963e+01 4.419965984917622137e+01 5.735756837428029797e+01 4.889794978774423839e+01 5.735746253554894736e+01 5.564160349024967189e+01 3.564557759612760179e+01 5.564160467067527094e+01 5.269225983902275345e+01 3.269568013817040963e+01 4.812054846059529467e+01 5.238390351043613435e+01 3.924712624458491206e+01 5.924213489858135517e+01 6.976530067990344719e+01 6.148441245437825131e+01 5.014855533904106011e+01 5.014855533963633150e+01 3.570371251693914161e+01 5.492684514851494981e+01 5.740527859624805984e+01 4.307289225002413247e+01 4.781848039978928000e+01 5.358939610947097520e+01 6.065635480590024997e+01 7.064582497557192653e+01 9.061591370208134322e+01 1.047002440665326759e+02 8.513670697127496112e+01 8.454527785526643413e+01 7.024889571721384129e+01 5.063031320627807474e+01 6.526577550321702859e+01 6.272761600380476921e+01 6.048642279964622759e+01
1.591255364720534082e-02 2.001591255364684940e+01 3.466518180798765059e+01 4.209581688055196480e+01 4.680890827595634107e+01 2.859397927018628849e+01 4.718755762017317323e+01 4.857193998267910473e+01 2.857443900455652397e+01 3.962878591710974518e+01 3.849904075599559405e+01 2.666537250470270237e+01 2.812290875024908487e+01 3.238699370992893023e+01 4.652836525110786425e+01 6.652042339110097657e+01 6.148441245438051084e+01 4.149583602432444707e+01 4.735035451434008280e+01 3.016205098201018586e+01 3.251587198616450536e+01 3.493898468482488084e+01 3.741826044820187036e+01 4.075029655351022484e+01 6.073627510440685029e+01 7.356881200025591738e+01 8.063086933882659935e+01 8.890623374855955774e+01 9.889318292791075748e+01 1.078783873131944802e+02 9.809133834523383655e+01 8.993768463500403243e+01 7.388410777358228643e+01 5.430787206686702007e+01 7.388410777358228643e+01 7.557508065168892131e+01 6.108084897848930694e+01
6.189296070378335485e-02 2.006189296070342820e+01 1.510198656014829410e+01 3.389065618216557851e+01 3.860050816857887668e+01 1.856768403578266202e+01 3.874514776086685686e+01 4.180554807677445694e+01 3.962827119576512303e+01 1.963010024962648004e+01 1.850035598744454290e+01 2.234936211160253094e+01 4.234772767817769079e+01 5.238390351039782900e+01 5.296139788509492519e+01 5.435397154060395764e+01 5.293675752657889433e+01 4.465606020848111513e+01 2.736582385636195625e+01 4.735035451441702037e+01 4.405630739914215610e+01 5.492684514851494981e+01 5.153098263787073563e+01 5.229164617721090735e+01 4.805026915321133174e+01 6.218223742338042825e+01 8.215764966699873639e+01 9.230444536998714966e+01 1.022917815453129435e+02 9.967893672901274726e+01 8.019643254099540286e+01 7.049816890508712675e+01 6.358963555167719761e+01 5.910682976838751301e+01 7.861569449882622962e+01 6.746388201556538888e+01 4.779005358408348059e+01
2.247884206357958492e-02 1.037825007197199723e+00 2.058842636951221294e+01 2.348275798634493938e+01 2.454074183079044502e+01 1.189981708843593466e+01 2.663506500307921598e+01 2.184092784164452539e+01 3.030252229259468066e+01 1.408309381552154527e+01 3.408207046396682216e+01 4.234772757195793957e+01 4.967088233134622755e+01 4.710715022265726759e+01 3.297098093042134792e+01 3.436394077391391022e+01 4.204355428182355325e+01 2.467130835278396006e+01 4.465606020848111513e+01 5.563056834429606567e+01 6.404274445306937480e+01 7.232115470743367780e+01 7.107973289095447456e+01 6.642148759690078919e+01 6.218223742338042825e+01 5.698977345885160162e+01 6.405560547131229043e+01 7.404332900306259546e+01 9.401355345556422094e+01 1.078783873131944802e+02 9.809133834523383655e+01 8.596270996034671441e+01 6.652429477752272646e+01 7.861569449882622962e+01 7.669294066887920280e+01 5.711515079569952746e+01 5.527390217564163777e+01
