LEM/with_lateral_4open/elevation_000055.asc
nrows	100
cellsize	150.0
xllcorner	0
ncols	100
yllcorner	0
NODATA_value	-9999
[rows 34 to 50 of 100, columns 0 to 36 of 100]
2.064481644892168788e-02 8.997324784067208370e+00 2.349335341440981750e+01 4.430567686186019927e+01 4.927592221212606205e+01 5.393020132532951294e+01 5.134578888341160763e+01 5.961124597508139544e+01 7.111696402891635671e+01 6.362595543837758072e+01 4.530022674920771664e+01 6.362595543837758072e+01 6.283869808471157370e+01 4.258090139229376803e+01 6.283869808471157370e+01 4.942861836911430373e+01 4.942861836911430373e+01 3.365687979528939877e+01 4.661520000093188543e+01 6.275625206733207051e+01 6.922729964341881725e+01 7.682932226262636277e+01 8.511382329557193316e+01 8.464025222543799032e+01 6.616712166301934417e+01 8.464025222543799032e+01 9.773564038884022409e+01 9.441719621220427427e+01 8.042378247069706276e+01 7.455114587963373651e+01 8.145723184057425215e+01 1.012553755967308433e+02 1.126733130947935422e+02 1.010232085049980384e+02 8.117907008379894762e+01 8.699128366056370965e+01 8.172011893143624661e+01
2.905961989428186565e-02 2.002905961989392836e+01 2.954965236124279926e+01 5.014189058410279642e+01 5.664921574901579504e+01 5.448416643912791812e+01 5.448416643916040414e+01 6.275394065184236325e+01 6.842319859928295500e+01 5.532997028974121179e+01 3.523634882305066185e+01 5.532997028974121179e+01 5.567648462543142074e+01 3.553446506620105794e+01 5.371612859215345992e+01 4.541536435256303150e+01 2.938668170227633425e+01 4.942861836911430373e+01 6.131968103154279959e+01 7.191026829971595191e+01 8.260362564383358119e+01 7.811050433802931536e+01 7.219325827800949469e+01 7.624932356576198345e+01 5.615396917740007154e+01 6.914454288658319570e+01 8.574471477920498330e+01 9.585200598584954435e+01 1.001837211734300013e+02 8.587643432310316882e+01 1.012553755967307438e+02 9.760817495993799753e+01 1.174835574200130424e+02 1.092770393574011649e+02 1.010232085049980384e+02 1.010188995168781787e+02 8.701431268724540757e+01
3.542675937824442400e-02 1.883619042798479981e+01 2.928186346293445297e+01 3.664917889517374050e+01 3.664917887491355941e+01 3.482495444669641671e+01 3.482495444669641671e+01 5.448416643916040414e+01 4.787659811822190647e+01 4.863209646751103321e+01 2.853366677023685227e+01 4.006209725042366188e+01 4.616183881084443641e+01 2.923546013290125600e+01 4.541535910615642280e+01 2.538500309384224707e+01 4.539288238672222064e+01 5.746779555081749180e+01 5.615158531967399824e+01 5.575851251389018870e+01 6.461053375216073391e+01 5.798759449730425075e+01 5.210352608214358838e+01 6.226174748275589366e+01 4.907791843793771847e+01 5.724889891612011894e+01 6.726426937926686378e+01 8.149534655243404302e+01 1.017861221719262232e+02 1.057019300240438042e+02 1.139337251847558861e+02 1.174835574200130424e+02 1.146944818566967541e+02 1.057872341066632913e+02 9.753212775945094393e+01 9.125796645238031601e+01 7.300972585761267908e+01
3.411803931810562102e-02 1.056070299933298706e+00 2.105607707548394103e+01 1.664915965620697591e+01 3.077953592175483521e+01 2.097605775550826834e+01 4.058300432650518275e+01 5.165094907790933831e+01 3.322402952870356074e+01 3.878800664603188864e+01 3.328620600056085976e+01 1.999421933487716529e+01 3.332450904426591620e+01 2.322333856563424348e+01 3.892400388146104717e+01 2.269480311726121968e+01 4.233341599096412011e+01 4.435255039151097378e+01 3.630803138008534603e+01 4.836672814625332961e+01 4.454586978518444340e+01 5.253336502068869862e+01 3.794997118525494528e+01 4.221455840311195828e+01 5.637222238557225751e+01 7.648031879648583242e+01 8.480814238773500335e+01 9.321515912724548514e+01 9.742949845951353893e+01 9.965632828663984810e+01 1.080785242428156181e+02 1.205324701761697526e+02 1.005959583760091363e+02 8.652729128318109986e+01 7.769148762180870449e+01 7.149483803141558269e+01 6.586150269843932392e+01
3.327314952832965272e-02 2.003327314656875657e+01 2.507022800153325015e+00 2.250702899434330462e+01 1.104283770676358856e+01 3.077953507012159662e+01 4.174732018852437676e+01 4.351980703045333598e+01 2.526423961090569748e+01 1.818481503649555719e+01 1.331837927581561587e+01 1.467014101289697159e+01 1.606820151837872501e+01 1.747512467304091999e+01 1.893293649744908436e+01 2.069677865004690176e+01 2.249129651390159168e+01 2.432883091981615209e+01 2.629349328408743602e+01 2.832286823364762185e+01 3.038532287766042828e+01 3.250182791650246372e+01 5.253408415643870200e+01 6.226174748275589366e+01 6.536920595517602806e+01 6.916093314598705888e+01 6.466075894829248227e+01 7.791235902817636827e+01 7.717661833749737355e+01 7.938952119093819704e+01 9.916214762889997303e+01 1.108940785068884196e+02 1.146944818566967541e+02 1.057872341066632913e+02 9.753212775945094393e+01 8.191121777238666368e+01 8.555284269544374354e+01
6.779948344387334846e-02 2.006779948344351894e+01 2.778956871608716739e+00 3.886448059524064469e+00 5.001090792270759700e+00 2.501362658261263405e+01 2.175494309074885635e+01 2.870803863990319371e+01 2.978991418759817478e+01 1.140983459222536389e+01 1.350770505497130181e+01 3.348562823727733218e+01 3.603911371039177425e+01 3.745818767125904714e+01 3.892400261578388410e+01 2.877056770309380695e+01 3.120480633471533594e+01 3.011949622019187700e+01 4.634199251877429049e+01 4.836672814625332961e+01 4.454586736943353031e+01 5.253408415643870200e+01 3.618877218196312384e+01 5.622261327904562478e+01 4.531484334941107761e+01 4.909699877581365257e+01 5.310048518791059990e+01 5.781788100016558474e+01 6.298379008988188588e+01 7.054884415793259222e+01 8.215683415821472124e+01 1.024651617361779188e+02 1.096068437549058956e+02 1.118065748502273067e+02 1.100103718468319158e+02 1.017562154376503685e+02 8.999417254347001460e+01
9.516927588586144779e-03 2.000951670530768212e+01 3.210702455184273418e+01 2.397098437029948315e+01 1.200023103017428738e+01 6.511810345614200024e+00 7.606396206914362246e+00 8.709934610118738263e+00 9.820247032674302545e+00 2.981171387259364636e+01 3.348562817795236413e+01 1.651480969676523003e+01 3.649824164955204964e+01 4.786615434212054510e+01 5.638399697682971379e+01 4.771858493178174854e+01 4.544853188091015994e+01 5.016309639197702097e+01 3.908031251445896004e+01 5.912925689387379435e+01 6.460994300847072225e+01 6.449059638735133149e+01 4.513540073490739957e+01 4.014951939563795946e+01 6.019119179608836845e+01 6.916093314598704467e+01 6.466075894829248227e+01 7.791235902817636827e+01 7.717661833749737355e+01 9.074014334224978029e+01 9.916214762889997303e+01 1.037945604614282615e+02 8.964475302779257504e+01 9.182478779046179795e+01 1.118065748502273067e+02 1.181355814782092608e+02 1.071204218786990481e+02
1.945935296826603253e-02 1.416159497669934098e+01 3.416159497673011458e+01 3.304499332399196021e+01 1.296052548390492021e+01 2.651918835990395706e+01 2.761050025619375603e+01 2.868875069240843700e+01 1.559215080745193838e+01 3.587627038009070191e+01 4.478125661924885748e+01 3.649824164955207095e+01 1.959233293840317458e+01 3.958284164434493135e+01 5.127058350116422503e+01 6.127109296744981037e+01 6.800279034217332708e+01 5.912925689387379435e+01 5.324131153820895435e+01 5.324131153820895435e+01 7.334401442603137866e+01 6.514713775931640782e+01 5.928635762248057262e+01 6.019119179608838976e+01 4.681860064775528940e+01 6.687748737025498258e+01 8.480814238773500335e+01 9.321515912724548514e+01 9.742949845951353893e+01 9.924328135191132105e+01 9.088541826370163790e+01 8.676327782639623365e+01 7.570388573030687951e+01 8.919593438331365576e+01 1.081171520586548098e+02 1.210683694391923808e+02 1.186198791368246219e+02
5.600688922766024203e-02 2.005600688922730512e+01 3.836642322032527375e+01 4.136128325948293849e+01 3.304499334660450671e+01 2.048997631278322729e+01 4.067372571711534590e+01 4.493942703466582600e+01 2.984362185338675033e+01 4.506779408860501945e+01 4.811004184666247596e+01 2.811187001323391144e+01 3.958284164433560193e+01 2.299127107730535258e+01 3.298722774778514832e+01 4.712926584209095893e+01 6.712970439253044219e+01 7.926505014757726997e+01 7.334401442603137866e+01 7.334401442603137866e+01 8.172636829883342102e+01 8.515624672347750845e+01 7.929631265175217436e+01 7.244557650453722886e+01 5.236954562452848450e+01 6.318061266764080841e+01 8.332669343989101662e+01 9.561495892103890526e+01 8.725600415302828594e+01 8.725600415302828594e+01 7.089065706692537105e+01 6.692931512504098635e+01 8.676327782639623365e+01 1.037945604614282615e+02 1.141157776383322329e+02 9.929531617233382690e+01 1.071262472605863252e+02
8.215197286175310309e-02 1.008215197286184051e+01 2.422428759659304376e+01 4.422428759659374720e+01 4.897405306462257357e+01 3.218535161706777359e+01 3.062723696691214670e+01 5.072026672829318272e+01 5.181640133432475892e+01 5.810984614174046925e+01 3.811008344192961772e+01 4.811004184666247596e+01 4.550673581914871590e+01 2.550829521488695661e+01 4.550673581915168597e+01 5.770743284654911065e+01 6.006683954904409717e+01 6.478065715702469163e+01 6.994426150271472409e+01 7.571714462232111487e+01 8.327535255077064846e+01 9.155378791064751454e+01 9.264926443905170572e+01 7.244557650453722886e+01 5.993422334059720669e+01 7.244557650453722886e+01 9.172552899450016639e+01 8.725600415302828594e+01 6.725499302162187121e+01 6.725499302162188542e+01 5.950503587245541581e+01 7.934143750436052756e+01 9.508595077775464688e+01 9.509017996685611251e+01 9.493819410100775258e+01 8.373140988921355188e+01 9.703320597306043283e+01
2.613274238814250472e-02 1.416826836611921792e+01 3.416826836611992491e+01 4.990660516441021599e+01 6.055654375222046326e+01 5.226912220001445775e+01 4.485657615921165586e+01 4.485657615921165586e+01 6.487646802574427340e+01 6.638968085788440021e+01 4.811021833246846313e+01 6.638968085788440021e+01 5.257866099751396405e+01 3.257753459780958138e+01 2.942888739439341350e+01 4.942905358807716709e+01 4.006678755941273096e+01 4.478133029042088964e+01 4.994570786545247643e+01 5.571929088369140715e+01 6.327821401477637409e+01 7.482433146876682883e+01 9.481966203670580740e+01 8.844592929630651668e+01 6.995139683252467933e+01 8.844592929630651668e+01 1.010576382072769377e+02 8.725600415302828594e+01 6.725499302162188542e+01 5.329663024078542577e+01 7.311315355142323824e+01 8.766824669602998199e+01 8.918314031248556262e+01 7.466966536643116115e+01 7.430559579040182427e+01 7.298203434144268442e+01 8.866285581413484351e+01
7.532853315450405152e-02 1.007532853315459143e+01 2.162233391694731210e+01 4.162233391694801554e+01 5.008651113291066537e+01 5.837061852991250532e+01 6.487646802575007143e+01 6.487646802573668481e+01 7.315994376918112607e+01 7.638403826852628242e+01 6.225242837002628704e+01 6.522894381032430999e+01 4.522709044344311735e+01 5.257726405386587487e+01 3.759370647134741006e+01 3.374177325678132888e+01 5.374195877216745743e+01 6.478053403469739635e+01 6.994426150271472409e+01 7.571714462232111487e+01 7.571714462232111487e+01 9.155378791064751454e+01 1.030954055903689266e+02 9.856092497399824026e+01 9.014418357675879179e+01 9.856092497399824026e+01 9.711416934257209732e+01 8.363862162243393072e+01 6.366129833762257562e+01 4.973321434973836119e+01 6.951252062193854897e+01 8.597492407499653666e+01 7.898862411682053164e+01 6.036617096064986754e+01 5.982927148606843559e+01 8.034874392208004679e+01 8.195176161427350792e+01
6.101047412966256744e-02 2.006101047412930782e+01 2.891385128640753166e+01 3.376637469001218506e+01 3.009850772406491615e+01 4.717453288998004268e+01 5.545242291034998772e+01 6.698469832933511725e+01 7.121681509482162653e+01 7.954366142796710903e+01 8.224744968468912987e+01 7.351298907134379590e+01 5.937016497314443342e+01 6.581170007308546133e+01 4.759389923282412838e+01 5.374222195561456772e+01 4.006678755941273096e+01 4.713848789335888512e+01 5.608293759876082873e+01 6.762935769821118015e+01 8.762569393825852160e+01 1.039857345428097659e+02 1.002639712106383456e+02 1.002639712106383456e+02 1.086004632170266433e+02 9.413599628527710195e+01 8.408740353594987482e+01 6.870051985979176834e+01 6.613475397489035856e+01 4.640214427606177594e+01 5.771660043078358626e+01 7.763408667067747615e+01 7.050813543490097857e+01 5.038565534181338990e+01 7.050813573689087832e+01 7.662909324395621979e+01 6.827726119218358747e+01
6.842009524227352091e-02 4.470251633671209923e+00 8.967452268070752908e+00 1.383432537699377995e+01 2.020590141004844043e+01 2.732214997296243908e+01 3.873650798448742449e+01 5.870108926865067644e+01 5.115290854563772172e+01 6.793153192860768286e+01 6.288854949870463429e+01 7.130318179540060441e+01 7.937328713798837043e+01 7.577534620023968159e+01 6.172376193980223746e+01 6.609673955438292126e+01 4.609760140346921276e+01 6.609673955438292126e+01 6.713748616888615572e+01 8.436031628146756134e+01 9.590297028544235047e+01 9.440149225469119187e+01 8.020252129235599625e+01 8.020252129235599625e+01 1.002639712106383456e+02 8.576651263246716894e+01 6.571428398755206501e+01 5.582861757602434238e+01 4.890710910599553074e+01 4.329226006804631766e+01 5.913481364691536157e+01 6.741595949142022448e+01 6.558427989973155547e+01 4.565015281709518291e+01 6.301844105125979212e+01 6.512041898268708451e+01 4.833707992943966758e+01
1.934550753332892059e-02 2.001934550753297515e+01 2.891382311709971376e+01 2.791251202598486003e+01 4.009788883349138899e+01 4.717453288998004268e+01 5.536640624602134153e+01 5.664595477966503267e+01 3.952706328113179524e+01 5.528524341768149242e+01 4.283706027216832268e+01 6.281322781674975886e+01 7.873907815209430794e+01 8.679478070205588836e+01 8.162254355233818615e+01 7.437760753244603507e+01 5.764473938367831352e+01 6.023968897668397204e+01 8.023691049456893154e+01 9.540969355041312383e+01 9.946344323582285085e+01 7.939639808303887492e+01 6.603242638314354451e+01 8.607838393298658275e+01 9.853832222590568790e+01 9.413599628527710195e+01 8.408740353594987482e+01 7.574039812243508152e+01 6.870051959723821255e+01 5.913492817656730693e+01 3.946008688104569728e+01 5.650412193722175402e+01 5.830886971003798891e+01 4.118832865850302483e+01 4.322011306990161472e+01 4.527396593262423607e+01 6.511604668559969866e+01
4.364784840791047227e-02 8.987919758406990312e+00 2.053492514216604903e+01 4.053492045937849753e+01 5.618237512026816916e+01 6.242978205693886906e+01 5.217387342197395128e+01 2.845496748803473253e+01 3.072111258059470984e+01 3.527159978678834307e+01 5.520377221880331575e+01 5.178511350630397203e+01 5.885765970893847054e+01 7.039940589062118192e+01 9.013128232050308952e+01 8.592157894174947330e+01 7.764238650035582623e+01 8.023691049456893154e+01 8.851552608820793466e+01 9.760985358462959027e+01 8.928261649990490412e+01 7.939639808303886070e+01 5.932638047069322340e+01 7.014841989804277489e+01 9.021102608654176436e+01 9.488179066652267579e+01 8.294968410293441252e+01 7.362144966200808938e+01 6.492658902818861577e+01 5.626596110599095368e+01 3.681420737553462175e+01 3.674923340686754614e+01 3.856304412379341073e+01 5.819498216117344214e+01 6.299955793756171829e+01 5.924616826486890631e+01 5.924554153565583903e+01
5.219006137575642884e-02 2.005219006137540205e+01 3.727215889294283357e+01 4.881906848247340491e+01 5.530333976652730854e+01 4.701393545926735129e+01 3.413440132008920358e+01 2.512531603177309947e+01 4.515408728357688517e+01 5.528690613393821707e+01 6.349228577654923100e+01 7.170993525171300575e+01 7.873907815209430794e+01 8.679478070205588836e+01 9.810591615028161527e+01 8.627969357440888132e+01 7.798184480783520200e+01 8.627969357440888132e+01 9.629608308980047582e+01 8.928261649990490412e+01 6.922025801931323485e+01 7.382997672913296583e+01 5.375709723719640465e+01 6.795442985858214513e+01 8.801480167037554736e+01 8.648485469074533682e+01 6.565421802921746064e+01 5.345121435295956758e+01 4.492178145528781386e+01 3.962428522045519941e+01 3.418661352805288800e+01 5.397480928650890064e+01 5.830886971003798891e+01 5.246729041600406163e+01 7.239646924761375146e+01 7.933244660293244976e+01 7.930284290120572166e+01
