LEM/with_lateral_4open/elevation_000486.asc
nrows	100
cellsize	150.0
xllcorner	0
ncols	100
yllcorner	0
NODATA_value	-9999
[rows 0 to 16 of 100, columns 37 to 73 of 100]
8.884754177262699226e-02 6.929726548558100274e-02 7.395023591448830758e-02 4.828361932999872264e-02 4.897713358561925356e-02 8.568734790590110117e-02 1.075183056328203948e-02 6.823539046102447547e-02 7.194897206013613211e-02 1.557559815681563986e-02 7.704183385687686514e-02 1.685416958384493638e-02 9.680445094065920353e-02 7.639902522890137937e-02 4.559330980047965332e-02 5.839666421669215124e-02 9.739037529851846120e-02 3.670263267501718690e-02 2.041064012308905357e-02 6.895211126444661387e-02 9.031524355919069713e-02 1.560024811392830661e-02 7.641644294168103979e-02 3.888124420523987601e-02 6.873285589001959517e-02 4.772367030474261584e-02 9.504926490987847254e-02 5.760415539182907330e-02 9.666222459857021221e-02 9.627991409191682948e-02 1.286757495974483190e-02 9.381044340810595905e-02 7.584058927755046864e-02 1.435327048224320848e-02 5.777975670406795827e-02 2.716720951219454838e-02 4.735230246529398453e-03
2.008884754177227094e+01 5.842799957381862974e+00 2.007395023591413263e+01 1.419041924306082336e+01 2.004897713358526445e+01 7.159378932760285252e-01 1.897210846961873187e+01 1.904685512893898292e+01 1.421408459657708434e+01 1.415771122190456843e+01 2.007704183385652286e+01 6.684228829612378853e+00 2.009680445094030432e+01 2.007639902522854669e+01 4.409951114520309190e+00 2.005839666421633538e+01 1.423952606009382826e+01 2.003670263267466112e+01 2.002041063827700995e+01 1.741436131278640387e+00 1.986418230398930618e+01 2.001560024811357152e+01 1.421855206667275695e+01 2.003888124420488381e+01 7.628022316074597242e+00 2.004772367030438573e+01 1.423767173325472868e+01 2.004897290355050998e+01 3.632196130531315070e+00 2.009627991409156067e+01 2.001286757495939028e+01 1.423594606713918154e+01 8.240806398554882506e+00 2.001435327048188739e+01 1.999471244682960247e+01 2.002716715548114124e+01 1.060293654137810515e+00
3.187302714518283864e+01 1.187302684893718840e+01 3.187302730060619282e+01 3.419041923678932449e+01 2.186215648239979004e+01 1.346486575715715839e+00 2.055198637558245167e+01 3.695712823209137099e+01 3.421408627172233707e+01 3.415771134415422239e+01 3.438097852632019880e+01 1.379689494107107173e+01 3.438097852702276214e+01 2.888176657090274091e+01 8.882087069519799982e+00 2.888174714688150146e+01 3.423956834749008493e+01 2.475659031327837667e+01 4.756549589570608028e+00 4.463091402282171494e+00 2.445780257251964329e+01 3.663338639623338366e+01 3.421855206667346039e+01 3.591229356353750291e+01 1.762802231607477310e+01 3.591229356353750291e+01 3.425697972660256596e+01 2.755461571773073715e+01 7.554518833295012392e+00 1.628130728480010703e+01 3.628140535659338894e+01 3.423594606713988497e+01 1.824080639855505837e+01 3.652507764602201945e+01 3.622527861280801176e+01 1.717951583212668254e+01 1.944243476242717605e+01
3.894409535949776568e+01 1.894409466080279003e+01 3.894409535949776568e+01 3.873467321163482779e+01 1.647653356551829873e+01 1.977940544676535239e+00 1.374006671865912033e+01 3.104650762810224052e+01 4.067022695043671376e+01 4.858898359835902880e+01 4.304336640833516014e+01 2.575971245518654129e+01 4.304336640833516014e+01 3.373218694890014291e+01 1.373279957024176134e+01 3.373218382878609134e+01 3.849458760499445020e+01 1.846158212724806447e+01 6.913205084979765047e+00 2.446453792170952823e+01 8.423682038253028637e+00 2.842514907982294048e+01 4.083465225712571822e+01 4.591229356353566970e+01 3.762802231607548009e+01 4.591229356353767344e+01 4.585849204841891691e+01 2.578198587905015415e+01 1.163700173793367831e+01 3.163718216442828890e+01 3.261126777219902806e+01 4.652507764603487317e+01 3.824080639855576180e+01 4.652507764603555529e+01 4.394697880944998047e+01 3.247768977877717589e+01 2.350516913665870788e+01
4.722840184005571018e+01 3.049110004464287726e+01 4.722840184005571018e+01 3.699298073452651181e+01 1.830341826756981405e+01 2.610918915633778425e+00 2.182441592198862779e+01 3.135885533681714676e+01 2.098143424896034048e+01 4.067028462150246071e+01 5.547950654335640053e+01 4.718625923231518726e+01 4.315973270050700705e+01 2.316088932245472165e+01 2.787488829719211836e+01 3.006208960777332706e+01 4.681042249390677057e+01 2.912534599099570087e+01 9.121835723837991239e+00 2.912534599099570087e+01 2.842594771124250030e+01 1.254937175083558998e+01 3.255222221009046990e+01 4.025141527578372092e+01 4.853840840327643491e+01 6.008929853667156351e+01 4.787932250318587535e+01 2.796077996588001824e+01 1.648771423871883002e+01 3.648865351005967739e+01 5.261164489295898505e+01 6.089681322618738335e+01 5.287881478994896867e+01 4.446370631881264046e+01 3.679999994675365826e+01 2.527771708027392350e+01 5.161629281661677560e+00
5.877543201300387210e+01 5.049110169766034062e+01 4.825697154392635468e+01 3.615436131429733280e+01 6.596680125282361473e+00 3.244818689095678277e+00 2.293935941935574974e+01 1.202192013063513798e+01 3.189624840669227623e+01 3.249347880976760194e+01 4.618638086897400541e+01 6.499180811312920980e+01 5.071832202560621994e+01 3.072017623408922304e+01 4.787295679272330773e+01 4.420124121930428629e+01 4.290636085025172264e+01 2.292134233244001251e+01 1.137201196328278563e+01 3.137774097345738866e+01 4.083893163783582025e+01 3.255222216196598595e+01 1.691375543669835935e+01 2.024713423885129515e+01 3.179551162758696492e+01 5.180239447116993290e+01 5.601740714984781278e+01 4.472359172605064970e+01 2.803474989506879211e+01 2.501574453352675320e+01 4.501737917979473735e+01 5.630367379440281894e+01 3.584760256377732190e+01 2.361490685533591360e+01 1.649477185824073544e+01 1.128454030053801382e+01 6.243761702206131581e+00
5.605394246916827683e+01 5.172638117205819697e+01 3.055513422024031556e+01 1.780778971441088032e+01 1.450076917803085941e+01 2.309631695311312427e+01 4.148347908612539214e+00 2.323228918683214772e+01 3.309830402306366892e+01 5.169436298567681831e+01 5.188932970264210809e+01 7.041380437700576067e+01 5.899683413756216765e+01 4.486201937643899385e+01 5.071832225035438313e+01 6.416913506113532151e+01 5.107160503468480073e+01 3.463421511893290727e+01 1.588758718987644691e+01 1.516227808779200714e+01 3.991635173612324650e+01 4.520424805715204286e+01 2.691445133913337884e+01 4.025141527578372092e+01 2.549961776326773233e+01 3.964485617202496570e+01 5.965303706097449066e+01 5.632430824885587128e+01 4.803690060928234118e+01 3.168241678234282688e+01 5.168486037852070325e+01 6.462861316621749097e+01 5.287881478994896867e+01 4.446370631881263336e+01 3.679950850891884073e+01 3.062726319516992746e+01 2.607274722018742352e+01
6.433954800337572522e+01 6.046943381659878014e+01 4.825696833192705526e+01 3.947117544927089483e+01 3.262209613269793351e+01 2.762166436463988717e+01 7.862988432551350826e+00 5.073000001090323785e+00 2.517400481922767952e+01 3.550890531259790350e+01 4.362170610983942964e+01 5.493606521624076322e+01 6.324065237966471642e+01 6.485669417119294167e+01 7.070949918302954984e+01 6.448446472192289036e+01 5.460780222524460470e+01 3.918917409298615695e+01 2.046041941095004901e+01 1.786392496608682023e+01 3.757461796209179994e+01 5.520727268877707417e+01 4.106004615791317747e+01 4.942870821676518034e+01 2.942223838291180371e+01 4.097197565906154182e+01 6.098081972359928926e+01 6.583135357131801868e+01 4.582519103804541061e+01 4.582519103804541061e+01 5.997259487183318782e+01 6.231402127923360723e+01 5.400310790345623957e+01 4.692903477293234005e+01 4.089871928191065820e+01 3.554636726774873523e+01 2.891437281406967585e+01
6.268962169821210040e+01 5.465734772789152629e+01 4.869182972228868778e+01 4.319130483851882474e+01 3.327147498189611241e+01 1.330429931669105592e+01 2.575514826874749730e+01 5.728143298142557960e+00 2.577282876724105520e+01 1.532988990355844727e+01 3.550890531259790350e+01 3.451287280312814687e+01 4.904903344586420388e+01 6.914861771356035547e+01 7.028881696605652962e+01 5.039381827323239804e+01 3.660624869281934934e+01 2.730145835585822667e+01 3.918938468301297462e+01 2.057666535264554852e+01 3.448335757319303241e+01 5.449967492366486255e+01 6.106815491264647022e+01 5.379472101790050687e+01 3.378713687155153877e+01 5.379472101790050687e+01 6.926737349785159381e+01 7.411999870562101478e+01 6.583135357131801868e+01 6.583135357131801868e+01 6.556469555887483125e+01 4.554210086325253570e+01 3.399977129022921218e+01 2.693371023776873940e+01 2.090341729199017351e+01 1.555145032561064866e+01 1.054087171437762649e+01
4.892751072715297056e+01 3.486962350224981577e+01 2.885738857742804697e+01 2.332659417449231043e+01 1.907104587610109192e+01 3.327034321521867355e+01 2.642836796609666905e+01 6.384396370972425849e+00 9.945398897069344102e+00 2.968583545827715753e+01 2.143921855907572649e+01 4.201930415006582109e+01 5.720040205100506370e+01 6.550588219205532425e+01 7.553775034384705123e+01 5.775858755681893086e+01 3.810847296438846143e+01 4.064453432683151135e+01 4.321827939598135515e+01 2.334225439807532609e+01 3.473868263084272456e+01 4.892832927847379665e+01 6.898101173565952138e+01 5.914233427663183562e+01 3.913339762548955036e+01 4.793410430552879831e+01 6.208339446552532337e+01 8.209105093156961175e+01 8.542183305037018215e+01 7.718640869609318145e+01 7.388931145313934223e+01 6.231402127923360723e+01 5.400310790345623957e+01 4.692985309518171988e+01 4.090069239223400643e+01 3.172746656586404512e+01 1.171544661943367949e+01
4.636869269950795314e+01 5.414150864155824650e+01 3.474904904019164320e+01 4.319130483851882474e+01 3.898433138788136176e+01 2.971831989410478414e+01 7.329300452941485133e+00 2.041158406742139420e+01 2.142263308696520596e+01 3.745805808301422957e+01 4.201930415006582109e+01 2.985666167406946059e+01 3.685702635887265188e+01 4.716343974856401644e+01 6.723736433093853293e+01 6.602484194420095776e+01 4.935213254444934705e+01 6.034131749703588810e+01 4.627228808183175346e+01 2.627230366909397929e+01 3.437567696283520746e+01 4.860227898124391999e+01 6.866917138103497109e+01 6.491879516524453209e+01 4.490854767122134916e+01 6.491879516524453209e+01 7.622946497172728186e+01 8.542183306395847353e+01 7.390872562890645270e+01 5.722059449700297762e+01 6.978915117569248139e+01 6.807250254385448329e+01 5.980965594948208519e+01 5.672004818389262226e+01 4.290250039216104483e+01 3.290863105346458894e+01 1.289689559491932869e+01
6.597986105582064909e+01 5.062593772771882783e+01 5.266079297121090974e+01 5.288102901120103638e+01 4.245685479891757552e+01 2.812105266576027418e+01 7.997833694047749908e+00 2.762795829999305752e+01 3.891905876035647083e+01 4.816859820178132168e+01 5.856569028527290754e+01 5.041927683205570787e+01 5.720040204933318506e+01 6.550591904006330424e+01 7.553773408606424766e+01 7.752733019589487640e+01 6.924201882422967458e+01 6.388785529160230681e+01 4.378808761705011676e+01 2.957608680686986702e+01 4.967517326865228000e+01 5.079858930200494882e+01 7.085895877344283633e+01 7.320522007977662327e+01 5.385709290804719984e+01 6.124716075239548019e+01 8.125569482446594805e+01 7.718640869609797051e+01 5.722059449700297762e+01 4.568361626345476623e+01 4.982174653733210334e+01 5.980965608686289414e+01 3.981541318864567813e+01 3.662460186656625893e+01 3.462038636955161763e+01 1.461067174686049874e+01 3.290863105324026350e+01
7.773667428955830871e+01 6.979874435793774978e+01 6.247297811112375143e+01 3.835627603456541834e+01 2.240761741520600836e+01 1.513006718598040656e+01 8.667236957995324786e+00 2.676102896888222560e+01 2.587042294426155209e+01 3.980378928281634643e+01 5.894646079613783485e+01 6.264993793536456224e+01 6.440492506181939802e+01 7.249085985014470168e+01 6.831474469487700674e+01 7.629351885720215876e+01 7.973200636462816249e+01 5.793905032708571667e+01 4.326054932891965876e+01 3.315482342659491621e+01 4.741211454285292604e+01 6.751457276044031630e+01 7.914892084123280824e+01 8.215325091233083299e+01 6.541160467913772436e+01 8.125569482446594805e+01 7.587067386471542818e+01 6.770067340025183000e+01 6.577617461620563688e+01 5.567167932679853237e+01 3.569251591803222112e+01 4.876093317704242480e+01 4.048756833924999654e+01 2.544183187027213577e+01 1.580425347765847377e+01 1.666829995366025585e+01 3.668141463972803251e+01
6.635466805749176444e+01 6.910349812343950759e+01 6.066551303970193487e+01 5.291400709226687837e+01 4.265677371070047030e+01 3.436684094332620987e+01 2.872352549028316204e+01 9.620205420286184861e+00 2.393659657914241379e+01 4.437498060297350122e+01 5.561283655823479677e+01 4.278833568980238056e+01 4.459501298180599349e+01 5.793617718942767425e+01 4.875668732075889977e+01 6.012005964360296417e+01 7.911172868416602455e+01 7.216207405601413427e+01 5.868155040170285730e+01 3.854558857300931862e+01 4.217714815680394480e+01 5.642023121833066313e+01 7.649008360940702289e+01 9.370327830407138947e+01 8.541941488803396965e+01 8.207774254045766327e+01 6.770067340025146052e+01 4.820256901202122890e+01 4.596705422183219980e+01 4.606429348697899684e+01 2.992413590790074451e+01 4.048722832911843028e+01 2.013051894268007658e+01 1.816439763908412885e+01 3.662459085987607921e+01 3.668141463952218828e+01 1.962360066002365855e+01
4.594586080661088090e+01 5.615056004498742226e+01 3.972282342361494756e+01 4.318798491652375304e+01 4.029261502230951209e+01 3.735072455827712901e+01 3.003415583514897946e+01 1.029638972743746095e+01 3.018509784821130282e+01 4.753975710762396290e+01 4.275175794005927798e+01 2.851464718559996214e+01 3.294674776811508821e+01 3.801286560966931916e+01 5.793617475974552633e+01 7.629031056574882541e+01 8.691113244375323177e+01 7.507376220302720071e+01 5.499748486859055419e+01 4.527592438759339188e+01 5.119517963610448419e+01 6.229855488626387228e+01 8.235697784661610399e+01 8.853640672212331708e+01 8.028232926142290182e+01 7.381130923298330515e+01 5.383972579388211699e+01 5.391343152383447546e+01 3.423571421123141079e+01 2.608068655139160796e+01 2.436094430788357101e+01 2.267165929588390227e+01 4.048759824598034385e+01 3.302459723438568773e+01 4.717982609031994912e+01 4.189378871224348444e+01 2.186415801727272878e+01
5.615056004498742226e+01 3.506213135156696836e+01 2.821327304954006721e+01 2.161221382645601352e+01 1.843641241078034909e+01 1.575594896662750166e+01 1.342917120621413396e+01 1.097389014748083014e+01 2.977893809048699225e+01 3.956909531284294701e+01 2.282480377098092106e+01 4.292652792271875484e+01 5.297191849542698350e+01 5.793618434649776106e+01 5.070802661153288682e+01 6.466901522455864892e+01 8.414775870815088865e+01 8.337123819687819548e+01 7.368595173964931178e+01 5.690364317004255668e+01 5.950933203303190311e+01 6.541128690371520804e+01 8.545301842153686778e+01 8.028232926142290182e+01 6.032454844784615489e+01 6.617004711070582346e+01 5.750457584804752997e+01 3.752702063839794988e+01 2.859226717267553397e+01 4.606437945926732169e+01 4.436354529158908377e+01 3.689377556670309133e+01 4.274632692005052803e+01 5.306127681146415398e+01 5.726144660025212119e+01 4.472667576076941742e+01 2.482006026590251224e+01
3.778861512682492929e+01 3.260816696794811520e+01 2.783745534448732073e+01 4.356340941392932820e+01 4.005733801813874351e+01 2.915192378980884413e+01 2.490734931439065392e+01 3.049111338774759616e+01 1.196703002948474648e+01 3.209765982154065966e+01 1.925048433874689735e+01 3.939235383375029897e+01 5.215164884005913137e+01 6.046906929435282052e+01 7.037415034462743790e+01 7.842564123757657057e+01 8.849071647350587000e+01 8.694116338168257130e+01 8.526403199386531639e+01 7.696924269723115231e+01 7.110331790178737776e+01 8.545301842153686778e+01 9.374712791219931773e+01 8.028232926142291603e+01 6.032454844784615489e+01 4.619706096188701139e+01 3.913202385360345659e+01 3.247361526267813758e+01 4.853100126435032280e+01 3.204451698237739521e+01 5.201855773723135457e+01 5.688324115750234000e+01 6.272703589734814500e+01 6.305020072019138411e+01 4.324469631995551566e+01 2.915005212939583856e+01 4.472667576076942453e+01
