LEM/with_lateral_4open/elevation_000220.asc
nrows	100
cellsize	150.0
xllcorner	0
ncols	100
yllcorner	0
NODATA_value	-9999
[rows 17 to 33 of 100, columns 0 to 36 of 100]
5.222468517465790605e-02 2.005222468517430201e+01 2.601521753896792788e+01 2.069134812107639831e+01 3.262087855917293666e+01 2.779809402760755077e+01 4.426673310257944394e+01 5.607196349301501215e+01 4.778861596807075074e+01 4.868485000102210591e+01 4.868485000102212013e+01 5.556103592366373789e+01 3.555906740705471236e+01 5.556103592366373789e+01 6.877026150672452331e+01 7.705202887425005542e+01 8.675023795280290528e+01 9.064576413779785469e+01 9.032912139631422122e+01 8.027601550552043363e+01 6.607081224746578130e+01 7.651739575013357353e+01 6.097072523370163566e+01 4.913694364026267181e+01 2.904313591174198805e+01 3.283119477948488907e+01 5.294343387501355380e+01 5.486158095408452340e+01 6.259048900581532138e+01 4.453028526252543884e+01 2.444167389001744084e+01 4.453028526252533226e+01 5.398947642567418370e+01 6.070878723782201547e+01 6.903539693863494620e+01 7.910280802024765023e+01 7.555050257605505237e+01
7.333276091007127906e-02 1.421546838464089646e+01 3.421546838464018236e+01 4.081231068842981813e+01 4.904673346986113103e+01 4.739019565961041280e+01 5.511093106281331444e+01 4.432090139859579381e+01 2.778974327834874813e+01 2.868521862035190040e+01 4.124527418404044710e+01 4.389407557869989773e+01 3.055989628971499883e+01 5.056054659517531746e+01 4.876894666811686108e+01 5.847054893415036503e+01 7.382501070860547543e+01 8.382406646177224729e+01 8.203335017684212005e+01 6.189464400684713752e+01 5.179483961215466081e+01 5.637683728046343390e+01 5.263807489233545311e+01 3.252560705362557769e+01 4.913694364026267181e+01 5.294596726360231287e+01 4.553914735511725809e+01 6.569064175863036326e+01 6.073434391120147779e+01 4.059252466049415631e+01 2.637832126516167364e+01 3.347416214532771050e+01 4.107543518399263860e+01 5.115184306284274385e+01 6.541984578430431441e+01 8.553941862922933126e+01 7.818440174829990497e+01
6.343274376862209629e-02 1.420556836878522411e+01 3.420557104640199952e+01 3.931085108457207866e+01 4.072122298307681376e+01 4.268987981385543407e+01 4.075278393226356854e+01 3.268577271381593619e+01 1.624672760310897246e+01 1.869007659940466581e+01 2.124916154294295723e+01 2.389606359710694150e+01 2.727457988204227846e+01 3.243713349844974658e+01 3.846701435519712930e+01 4.553888018565144336e+01 5.554246594766567569e+01 7.554376089348814105e+01 9.032912139631422122e+01 8.027601550552043363e+01 6.245616507808536255e+01 4.229331581574385268e+01 3.624298565744903300e+01 5.263807489811591012e+01 4.673596752091943074e+01 6.688702257472596102e+01 5.979186379936154339e+01 7.401622235558770058e+01 6.051870098852373303e+01 4.856956634916005555e+01 2.843954005274069630e+01 4.856956634909819570e+01 6.123228764939232605e+01 6.955833534486065162e+01 7.962518024827620877e+01 8.351956960307065003e+01 6.321742388182308048e+01
3.497053469895897854e-02 2.003301260277822848e+01 3.339245230811190623e+01 1.923934688083360811e+01 2.074924840336711185e+01 2.233560353518679520e+01 2.921993785341620509e+01 1.291034870306099869e+01 2.705226120611096619e+01 3.868503431068706533e+01 3.538712548997659724e+01 3.803572714115554021e+01 4.727474009427231039e+01 3.393975896712117191e+01 5.394223065784790094e+01 6.554311342057687284e+01 7.382501070860547543e+01 8.382406646177224729e+01 8.931862839478698390e+01 6.880195982228212870e+01 6.230628428082555104e+01 4.215990442010900807e+01 4.061800057038341549e+01 6.077564707565055357e+01 6.688702257472596102e+01 7.520548420889026886e+01 7.993197863641667311e+01 6.644827149927444054e+01 4.625469577330292736e+01 3.202279596076022727e+01 3.224006219575602472e+01 5.237349024657677887e+01 6.444936401221322342e+01 7.275838634664025051e+01 8.281532024054337171e+01 9.188854616306660716e+01 8.018360950606860627e+01
9.635555453094322986e-02 2.009526220731880741e+01 2.297992925050415280e+01 5.086029291524824636e+00 6.598781489215602925e+00 8.130037103084994499e+00 9.680602826948437212e+00 2.968504361258134594e+01 4.101454338773969255e+01 5.533393494344318952e+01 5.538809621166080888e+01 5.803737982972658216e+01 6.204257881975565425e+01 4.547280195693941351e+01 4.210501860017001263e+01 4.917772802402672738e+01 6.332831371637004025e+01 8.333581266356870287e+01 8.323440135220123182e+01 6.282384680243289665e+01 4.852651895885004762e+01 6.185983478806852531e+01 6.077564707565055357e+01 4.732467523762949924e+01 6.160225514392599422e+01 8.174275139473705565e+01 7.875775771386153679e+01 5.862077801704060676e+01 5.477122186480970356e+01 3.464130959712890956e+01 5.237349024661641295e+01 3.792419313417958193e+01 4.428237228454839425e+01 5.437001562324826409e+01 6.864351263005922021e+01 8.873684150598973019e+01 8.370257585464023009e+01
8.845047570523793812e-02 1.528082030551754844e+00 2.971471911259714105e+00 2.297118116214010897e+01 2.660628952699251570e+01 2.813721722348940801e+01 2.968746450561516426e+01 1.273685282951444542e+01 3.273763045252404424e+01 5.077892974533828863e+01 5.972584898741096282e+01 7.127836691149505555e+01 7.321001844219247801e+01 6.515085978374219167e+01 5.365569936683078112e+01 6.918837448342186747e+01 6.332831371637004025e+01 8.333581266356870287e+01 8.516780105628014041e+01 6.501126972746263277e+01 5.435482247149989377e+01 7.416268941041596463e+01 7.332681907297923374e+01 5.315043880669982457e+01 6.380593259598002476e+01 8.391291716374503551e+01 7.287531064980592532e+01 5.271641612703423618e+01 3.847001533811277341e+01 5.477821114810098635e+01 6.309932886412207154e+01 4.329572891832943782e+01 6.346120453756626745e+01 6.075575162956470621e+01 8.088405442270537549e+01 8.968054300116547495e+01 6.936646044443212134e+01
8.023991185656004221e-02 2.008023991185620361e+01 1.203777528817097142e+01 1.281647731549386293e+01 2.692463586950729848e+01 4.703487068575973495e+01 3.493262406392177155e+01 1.493528056063694720e+01 2.249242044230028625e+01 3.143320614091363296e+01 4.298059275313244854e+01 6.299112430345002167e+01 6.433054099582525964e+01 7.261794198206614226e+01 7.365341841995021355e+01 8.192944168926825910e+01 8.333581266356870287e+01 9.161873507490649615e+01 9.352089302970379947e+01 8.091329809436335552e+01 6.075000625861317616e+01 8.090495952674790203e+01 7.970356265975419774e+01 5.954470410036667261e+01 7.969679564007542183e+01 9.212671784888328830e+01 7.572626453281188219e+01 5.556845608387030211e+01 4.130826105277733973e+01 6.147246931083591903e+01 7.177047762045314983e+01 6.346120453756626745e+01 5.231416415813196608e+01 7.247934964151238546e+01 8.915429028251027432e+01 8.451040677575224436e+01 6.419733977065796182e+01
4.598823041778624804e-02 1.735248930473913731e+01 3.115775195241812057e+01 3.279306465836832984e+01 2.692469001784905203e+01 4.703927629419995071e+01 3.725710920658539038e+01 1.726113193098466780e+01 3.725710920658537617e+01 4.377276535491690623e+01 4.693546061565609051e+01 5.018064496420419118e+01 4.431956612173748056e+01 6.433054099582525964e+01 7.495105026054301334e+01 8.323715811353407901e+01 8.332573560218884268e+01 9.160996597219126159e+01 9.732558309595086143e+01 7.722472121243949061e+01 7.241226226292593537e+01 8.923322334228717523e+01 8.803431511921257879e+01 6.858238145385973894e+01 8.803431511921257879e+01 9.259126449124350700e+01 7.869676323850585220e+01 5.854506318121612907e+01 4.426974321467094597e+01 6.444752456205894475e+01 7.806098186358163105e+01 8.076854193972584994e+01 6.659137191531604572e+01 6.508743568448747396e+01 8.519905373692473916e+01 8.673021020660104341e+01 6.641988528398432834e+01
7.340434288523949025e-02 2.007340434288488495e+01 3.726370234140210158e+01 4.881070772519525747e+01 4.703930224924546621e+01 5.534107897407527332e+01 4.554308631554989262e+01 3.139801722310220455e+01 2.068906027605495623e+01 2.377259836878590704e+01 2.693281947774419649e+01 3.017598512379875331e+01 5.018064496420419118e+01 5.912788713313064193e+01 5.493433735213744740e+01 6.917239966124351724e+01 6.330989596168140565e+01 8.332573560218884268e+01 9.563596063097487843e+01 9.732558309595086143e+01 9.252592899858863973e+01 1.008379698836893397e+02 9.702534309772308063e+01 8.282001915224321920e+01 9.702534309772308063e+01 8.430705233936114951e+01 6.417774978195224378e+01 5.250680870513254916e+01 6.444752456205894475e+01 4.956169284598009739e+01 6.385256032157759876e+01 8.398413103806156244e+01 8.669418532304648295e+01 7.933292413054530812e+01 9.345482339081294754e+01 9.509621341215076029e+01 7.867116408182536702e+01
3.515918393995972474e-02 8.979431093939195918e+00 2.052643647773191660e+01 4.052643647773262359e+01 5.125602060193111953e+01 5.954029184939331998e+01 5.967962147725749134e+01 4.896311404432844228e+01 4.068667258915566975e+01 2.658287496055906374e+01 4.658497893304527793e+01 5.018064496420419118e+01 3.533922447024180258e+01 3.911867642521676913e+01 4.338269677233159172e+01 4.915680671878248376e+01 5.732589477824037516e+01 6.733730481691465286e+01 8.735325333827252337e+01 9.926077542806271481e+01 9.096386147805593225e+01 8.835838782466221630e+01 9.665477410174317185e+01 1.028940074958488253e+02 9.763344220846929034e+01 7.757127230967169851e+01 6.331358989650186686e+01 7.268540059863865110e+01 7.415300419689937428e+01 5.397114228064042862e+01 6.385256032157759876e+01 7.810854609663465453e+01 9.816904789052874492e+01 9.936114339128431538e+01 9.004118249639824967e+01 8.168740894424411181e+01 7.049426929690946508e+01
4.608085242692564615e-02 2.004608085242657012e+01 2.958086414512742834e+01 3.492608898337631018e+01 3.125602060193041609e+01 5.028142804270410693e+01 6.028142804270428456e+01 5.727989848381113802e+01 3.727157809952851153e+01 4.658497893304527793e+01 3.442545318201865001e+01 5.443231625873362134e+01 5.534650174285702207e+01 4.912053772598417822e+01 6.339439567458357061e+01 5.603748763196672655e+01 7.605386302002172272e+01 8.563087491868179768e+01 9.563596063097487843e+01 8.769622332285361210e+01 7.093352366647144436e+01 6.832534910617677326e+01 8.508933477747901009e+01 9.130135727395960998e+01 9.959902286864101484e+01 9.173323818407077113e+01 7.757127230967169851e+01 9.173323818407077113e+01 7.877868382037112838e+01 5.861581379646215595e+01 7.877868382037112838e+01 9.226940340541047192e+01 9.604194890000765383e+01 8.604806417824754305e+01 7.771297127487054013e+01 6.224813123247101743e+01 6.627204952164717611e+01
1.610643649003322755e-02 4.730151644400369726e+00 9.580864145127071296e+00 1.492608898337560497e+01 2.199715679524120659e+01 3.199715679524138423e+01 5.199715679524209122e+01 6.556937358239176206e+01 4.727350298986404198e+01 6.272061058540208478e+01 5.443231625873362134e+01 4.385416586340488010e+01 6.386597226621160672e+01 6.327324498194700197e+01 7.742244854150050060e+01 7.019296815458439198e+01 8.433972546390464231e+01 8.753925664124858486e+01 9.340570519335142308e+01 7.939934055057848639e+01 5.932195422221136738e+01 5.670201629120106901e+01 7.493576919978875139e+01 7.125768721281059470e+01 8.467932910080807574e+01 9.297525405440688928e+01 9.763344220846929034e+01 9.516844777361242791e+01 7.509516842856137941e+01 6.501826239666580420e+01 7.509516842856137941e+01 9.516844777361242791e+01 8.765096827834632620e+01 6.777497427139485353e+01 5.853435775953747822e+01 5.171655281812813598e+01 4.749641870122285070e+01
2.022278438842990689e-02 2.002022278438807490e+01 2.958086414512742834e+01 3.492608898337631018e+01 4.199715679524191358e+01 5.028142804270410693e+01 6.028142804270428456e+01 7.557571747486025515e+01 6.728640994578674395e+01 7.557571747486025515e+01 7.215383294640029987e+01 5.800416154116558687e+01 5.800416154116558687e+01 7.801763521868176099e+01 9.157165210103657671e+01 9.020331489180325946e+01 8.166257290639715904e+01 6.748843928131037728e+01 7.336118771770343017e+01 8.006000166894001779e+01 6.780765614927152285e+01 4.760685224342115163e+01 5.480659433915178624e+01 7.200252707420263221e+01 6.463554517607794025e+01 7.881495327719409261e+01 9.883718474908640417e+01 1.034342006158747154e+02 9.183707441699928609e+01 7.175346752257870264e+01 9.183707441699928609e+01 1.034342006158747154e+02 9.604194890000765383e+01 8.013854867797437009e+01 6.078972477102577443e+01 7.046413672450000831e+01 6.258021833969461767e+01
6.642187732006160639e-02 1.420855750105113735e+01 3.420855750105184256e+01 4.197535308179689650e+01 5.025962432975941852e+01 6.258629165846086551e+01 6.258629165846086551e+01 7.087056290570197348e+01 8.030783662776586596e+01 7.201489408431442030e+01 8.030783662776586596e+01 7.801763521868176099e+01 7.801763521868176099e+01 8.630350435163177281e+01 9.093438342514681949e+01 8.263385358323421315e+01 7.336118771770343017e+01 5.322117256136591124e+01 7.336118771770343017e+01 6.581745203128996025e+01 5.157490239363970375e+01 4.190502854656422471e+01 4.675544441947979379e+01 5.187020836656963496e+01 7.200252707471108238e+01 9.101418584568283165e+01 1.025752225392976698e+02 1.118341729034478789e+02 9.183707441699928609e+01 8.337120775439085207e+01 1.001076106033385145e+02 1.071927085543746898e+02 8.686626721836709919e+01 7.276901363639824183e+01 8.013854867797437009e+01 7.447238535030861328e+01 6.048134337180901099e+01
1.591255364720534082e-02 2.001591255364684940e+01 2.783321745806534864e+01 2.197535308179619307e+01 4.197535308179689650e+01 4.258629165846157605e+01 4.258629165846157605e+01 6.258629165846086551e+01 7.022752839286711435e+01 5.179641939037542642e+01 7.022752839286711435e+01 8.361159703945142496e+01 7.532330284564686451e+01 8.361159703945142496e+01 7.934253058145887394e+01 6.254025878468119970e+01 6.624061707257956755e+01 4.600481960922403601e+01 6.586594424208017529e+01 5.748532272785234198e+01 3.711635997145524613e+01 5.748532272785234198e+01 6.696944739764562371e+01 7.200252707471108238e+01 6.267068883177493177e+01 7.425658174234818887e+01 9.427786251327125910e+01 9.684978721658926304e+01 1.050756906132379811e+02 1.034016633431740360e+02 1.116540205950449973e+02 1.123517947109011885e+02 1.012036285102658582e+02 9.281974404829317393e+01 8.034703822570256193e+01 6.600649704731745260e+01 4.496727336900094940e+01
6.189296070378335485e-02 3.910894755301296488e+00 7.833217458064994254e+00 2.783321745806463809e+01 3.949988412473109634e+01 2.844415603473112597e+01 4.258629165846157605e+01 6.258629165846086551e+01 6.190565673734489138e+01 4.163206784736168942e+01 6.190565673734489138e+01 7.354848497235870752e+01 5.514881790952564700e+01 7.354848497235870752e+01 7.032911313992704549e+01 5.083960196433071843e+01 5.984149605857285081e+01 3.951953146877498568e+01 4.561319616716864545e+01 5.030170280140491457e+01 3.399217389358138064e+01 4.237252818571691648e+01 5.258555721618709811e+01 6.686468378811952107e+01 8.271857067065781166e+01 9.101418584568283165e+01 9.389809020961590136e+01 7.769627307563669660e+01 8.860245686710588586e+01 9.669445885395239770e+01 1.078753064339035035e+02 1.040930304467901806e+02 8.393575066799903084e+01 8.685379732402628861e+01 7.193531667913508443e+01 5.097377384868420336e+01 6.600649704731745260e+01
2.247884206357958492e-02 2.002247884206322581e+01 2.783321745806463809e+01 1.449988412473171984e+01 1.949988412473180688e+01 3.949988412473109634e+01 5.672842728208227214e+01 6.803216885102575873e+01 5.514779377401713845e+01 3.491629312700172250e+01 5.514779377401713845e+01 5.511963629757200778e+01 4.500321221755771717e+01 6.523606037758629839e+01 6.200213350259790701e+01 4.170899172839607871e+01 5.185556261615194273e+01 5.154508875031710602e+01 3.116576095347119235e+01 2.992176619349454825e+01 4.014486191656811087e+01 6.045854368296092929e+01 7.098112389735098304e+01 8.104199339124329526e+01 9.521930299436706946e+01 8.514922742482856677e+01 7.649718492114388368e+01 6.688773552484617824e+01 6.950061935711426031e+01 8.048793497119105211e+01 9.968709991649055269e+01 1.056058511031174874e+02 8.763468042660358037e+01 6.719439757494770049e+01 5.775468600955527876e+01 7.193531667913508443e+01 8.034703822570183718e+01
