LEM/with_lateral_4open/elevation_000557.asc
nrows	100
cellsize	150.0
xllcorner	0
ncols	100
yllcorner	0
NODATA_value	-9999
[rows 0 to 16 of 100, columns 37 to 73 of 100]
8.884754177262699226e-02 6.929726548558100274e-02 7.395023591448830758e-02 4.828361932999872264e-02 4.897713358561925356e-02 8.568734790590110117e-02 1.075183056328203948e-02 6.823539046102447547e-02 7.194897206013613211e-02 1.557559815681563986e-02 7.704183385687686514e-02 1.685416958384493638e-02 9.680445094065920353e-02 7.639902522890137937e-02 4.559330980047965332e-02 5.839666421669215124e-02 9.739037529851846120e-02 3.670263267501718690e-02 2.041064012308905357e-02 6.895211126444661387e-02 9.031524355919069713e-02 1.560024811392830661e-02 7.641644294168103979e-02 3.888124420523987601e-02 6.873285589001959517e-02 4.772367030474261584e-02 9.504926490987847254e-02 5.760415539182907330e-02 9.666222459857021221e-02 9.627991409191682948e-02 1.286757495974483190e-02 9.381044340810595905e-02 7.584058927755046864e-02 1.435327048224320848e-02 5.777975670406795827e-02 2.716720951219454838e-02 4.735230246529398453e-03
1.423098316550345110e+01 8.234263074762912638e+00 1.421608585964556326e+01 8.668311076297904094e+00 2.004894104698201218e+01 5.102188017911967854e+00 6.555705917690177742e-01 6.234096026665680412e+00 1.792011775135863871e+01 1.745055779861531065e+01 1.558514538613178679e+01 1.415898990181146644e+01 2.009680445094030432e+01 3.727882642594779306e+00 2.004559330956021412e+01 2.005839666421633538e+01 1.423952599902959371e+01 1.158370801646763404e+01 2.002041064012273353e+01 2.006895211126409251e+01 1.745666596788439273e+00 2.001560024811357152e+01 2.007640227562388091e+01 1.418101686793631444e+01 1.421086847962084398e+01 7.607013130489320041e+00 2.009504926490952315e+01 1.419974002964884185e+01 2.009661851544488442e+01 4.096280712948292546e+00 2.001286757495939028e+01 1.423594606713918154e+01 1.422136599892888320e+01 2.001435327048188739e+01 2.005777975670371305e+01 2.002716720951183760e+01 1.005987578890045864e+00
3.423098316550274234e+01 1.717853498476222640e+01 3.421608585964627025e+01 1.869230511853545806e+01 3.583233962799683781e+01 3.146831733085154070e+01 2.121431547472448287e+01 1.567800079892320175e+00 2.123105424602589864e+01 2.791373909098836847e+01 3.707475153297816917e+01 3.415905120271227702e+01 2.787915886328676152e+01 7.898166675263754044e+00 1.527353715051841299e+01 3.526060734281995934e+01 3.423952599903029892e+01 2.572584364019883552e+01 3.797215152973802788e+01 1.807572244737826850e+01 2.172465963417196022e+01 4.129794694321444304e+00 2.416649243671119862e+01 3.418101686793701788e+01 3.421086847962013167e+01 1.655128504048863647e+01 3.589128399258685675e+01 3.419984410987407131e+01 2.820314849418144476e+01 8.178775227464891273e+00 2.820315739687148593e+01 3.423594606713988497e+01 3.425765589254027788e+01 3.203262673292967833e+01 2.242872447501200028e+01 2.429123712819683423e+00 1.514806594096875081e+01
3.629667116804502314e+01 2.872554036859559190e+01 4.546286200126383648e+01 3.462089025999377156e+01 4.807358566902496477e+01 3.544918968551888128e+01 1.717115169526709195e+01 1.995889921793208188e+01 2.479922496713867552e+00 2.161428293376216203e+01 4.305364416602819944e+01 4.632050119799414034e+01 2.638819665726108354e+01 1.226247925416951290e+01 3.222619481483673809e+01 2.940833267517552940e+01 4.938924821617962380e+01 4.572584364019954251e+01 4.606841367809961696e+01 3.399867797027502547e+01 1.401596519181729228e+01 5.829464592103350995e+00 1.999824211425811171e+01 4.000009207915176290e+01 4.483555651601790970e+01 3.069342066422014526e+01 4.483555651601790970e+01 3.510793695809466897e+01 1.503981781619240721e+01 1.973203209861620167e+01 3.650588337527970850e+01 5.110241522437868156e+01 3.758273836069655260e+01 1.797621963310002968e+01 3.863193191583830011e+00 1.397605750001725688e+01 3.071256379316841745e+01
4.042838168602929017e+01 4.872554344157696704e+01 5.700995835382173738e+01 5.748676722274142037e+01 5.312595647509568408e+01 4.313396152667609584e+01 2.894154161373933931e+01 9.307344264704848769e+00 3.123336606427587370e+00 1.510611467804634245e+01 3.524266587868071809e+01 4.849886861359518520e+01 2.856899483477755552e+01 1.760717385893089570e+01 3.753523417335776458e+01 4.938924821617962380e+01 5.766573093043515286e+01 6.186258664609789548e+01 4.224846859552794598e+01 2.816063914960792403e+01 2.762757882048437708e+01 7.589421614706565400e+00 2.762073819415240905e+01 3.886847423920838196e+01 4.725265294474936439e+01 5.069342066779007183e+01 5.152866011104769939e+01 3.141746364482586529e+01 2.081687894123590965e+01 3.977492975278943277e+01 4.807815698663424797e+01 4.337454626143010472e+01 2.427867852792761028e+01 1.355489345521645284e+01 4.882487574459076995e+00 2.503077266355057873e+01 3.397528228572642206e+01
3.445480806605039703e+01 5.411358572852812898e+01 6.400700893530435565e+01 4.517192035957403817e+01 3.445116116814933349e+01 2.649981216056665545e+01 1.913327030315611665e+01 2.362418451673914177e+01 3.766332835157811143e+00 1.828567890979266508e+01 3.943399785757181775e+01 5.675040024047455489e+01 4.576510376077501263e+01 2.913267306247725230e+01 2.758796999401761596e+01 4.160937826894738123e+01 6.129778421861573179e+01 6.145691701791373873e+01 5.615524919902523493e+01 4.055902484691860366e+01 2.942063933295365530e+01 9.469918813553686476e+00 8.850031992113436274e+00 1.764276503651316119e+01 3.894526457843443268e+01 5.545587920618449829e+01 5.985039862973634683e+01 4.929972019008964423e+01 4.094434494752888298e+01 3.028000588159021333e+01 5.056489904195559149e+01 4.736693997569776826e+01 2.921382008416346565e+01 2.589992290037452705e+01 5.909851862871385642e+00 2.178331580734552020e+01 4.230410600184804792e+01
3.660901568784040450e+01 5.631341095914589800e+01 7.189664111527694956e+01 6.098634528821698808e+01 4.335679729483512546e+01 3.503997092059657348e+01 3.119148822186301118e+01 2.426994063619824260e+01 4.404070921814223993e+00 1.802771235782458703e+01 3.672990284969377939e+01 4.799331083660906216e+01 5.723978357904107384e+01 4.901334610767182198e+01 3.750890664011168951e+01 5.550691380282086129e+01 6.147289349980843554e+01 4.118406685068420359e+01 4.483932510541297489e+01 3.226093320134887676e+01 1.222720446623333324e+01 2.941305099612022289e+01 2.134916915736338439e+01 3.887174159599367584e+01 2.703875799035227701e+01 4.129448778426295519e+01 6.131899284149577767e+01 6.496835456502783757e+01 4.459879241926601168e+01 4.459879241681295525e+01 5.803109388250718581e+01 5.136943061922827525e+01 3.494048677713745121e+01 7.415596029069814854e+00 8.656524080913232666e+00 2.160123018153194607e+01 3.682127132757951671e+01
5.293962145722252899e+01 6.459788414058378692e+01 6.753599005750950823e+01 4.939197225247760059e+01 3.504122387149882911e+01 1.499150611308976622e+01 1.153957012004902438e+01 8.313666626600941356e+00 5.035962531849976997e+00 2.415331284199226403e+01 1.997059654418174546e+01 3.404760439484626033e+01 5.378852147999602806e+01 6.469812464369540805e+01 5.637660565918383782e+01 6.484700644492789934e+01 6.389277341824318768e+01 4.483932527090525610e+01 2.480354823743589421e+01 1.943893546340095568e+01 1.424500551835002859e+01 3.430265672968835844e+01 3.357608249340449902e+01 5.035011253677653542e+01 4.715952952562211209e+01 3.783929820177832681e+01 5.786221793550552661e+01 7.336153369971174243e+01 6.496835456502783757e+01 6.496834814571244010e+01 5.516273222458382719e+01 3.216244406559806635e+01 2.840058360331496701e+01 8.466087048547732863e+00 2.716505397336570482e+01 1.261655338159243556e+01 1.824175460021854889e+01
6.123372545632684449e+01 6.172320747525198215e+01 4.761644113827358638e+01 4.109759204719094328e+01 2.093831713331294608e+01 3.504122387023758023e+01 3.119289559084366914e+01 2.761626596116292731e+01 2.493000613871232218e+01 5.938119746717426040e+00 2.587269900918167309e+01 3.644355891491546373e+01 4.345615335220824704e+01 5.262472035800038839e+01 6.480154458630582326e+01 6.715511083980426577e+01 4.706730546077152155e+01 3.550570869533354568e+01 4.483932527090525610e+01 3.655338383951205117e+01 1.648256905279186313e+01 3.655338379445035457e+01 5.362375962482866498e+01 6.188603951789233548e+01 6.615919452419153401e+01 5.786221793550552661e+01 5.418659465805546205e+01 7.421646348273952754e+01 6.318038517139989096e+01 5.475422364690095378e+01 4.750393461432427955e+01 3.378249713632120432e+01 1.407415965865509655e+01 9.512282749225333234e+00 2.959447122185538959e+01 3.211251044514138187e+01 1.862675424995634543e+01
6.753599539417152187e+01 4.761644114528093041e+01 3.352905744448035108e+01 2.792632033045714834e+01 4.109759204719094328e+01 4.939180700364857302e+01 4.458928268699391850e+01 3.480809443063269981e+01 2.654246532054385810e+01 6.577505376004133097e+00 1.158029862706776747e+01 1.672908161620969736e+01 2.293199602002495396e+01 3.387331556219551487e+01 5.647517500778747035e+01 7.550064355678740924e+01 6.389278188690793314e+01 5.555741099679088535e+01 5.302443382090629598e+01 3.297719216621612759e+01 1.876845677601447449e+01 3.884861335847784147e+01 5.110970475280597469e+01 5.819516219593148065e+01 6.651347903001440898e+01 7.548820226146929713e+01 7.421646348273952754e+01 6.658891174110516431e+01 4.609145743099959702e+01 3.424779370470712792e+01 2.734067132521274246e+01 2.162639264714116649e+01 3.334512260225910296e+01 2.959082975409704019e+01 1.108530564692514986e+01 3.120734526944912446e+01 3.858917336600426040e+01
5.651786448401868768e+01 4.503506057504489490e+01 5.345074350656766882e+01 4.189054289366283967e+01 5.619378263234216320e+01 4.536886598333254028e+01 2.470833159433226811e+01 1.084296799961784252e+01 7.499128694610015522e+00 2.654253574799560056e+01 3.070167576001621512e+01 3.644043637063438723e+01 4.344163586253828413e+01 4.540803586422398297e+01 6.412984639768168904e+01 8.308936424429491296e+01 6.813979450754382583e+01 4.835529890110228024e+01 3.440111317526237400e+01 2.775173228994071906e+01 2.168875524016058165e+01 2.588964543341426605e+01 3.107373287133495054e+01 3.815481992357182150e+01 4.710763548044550220e+01 6.128213152597103885e+01 8.136804622282777189e+01 7.497438158485888948e+01 6.317944310928101714e+01 5.475422261380842315e+01 4.750393447591505947e+01 4.142444906295694551e+01 4.219029266696043834e+01 3.234852819937709967e+01 1.222935950577504904e+01 3.140782153933586329e+01 4.337461101633328298e+01
7.323632578691673700e+01 6.494678018122294816e+01 6.904709606356919949e+01 5.795363416557159297e+01 4.841214457738226429e+01 3.983754763303063839e+01 2.844856166446249546e+01 8.448055739858848057e+00 2.750005986702520033e+01 1.395141555862992178e+01 1.880159104082738608e+01 3.887423879786821601e+01 3.712936593570503874e+01 4.534616973777102800e+01 5.537887747273200745e+01 7.510200342868336065e+01 6.613651767185216102e+01 4.677045162969886150e+01 5.415004350171142988e+01 4.480117610419780050e+01 2.464830301639739929e+01 4.480156433692322793e+01 5.110983123688902197e+01 4.523610650588041437e+01 6.529025714413626247e+01 7.548820226146929713e+01 7.937411793121991366e+01 7.101067401193432715e+01 6.387154346729127496e+01 5.779845617857499462e+01 5.242510198213823003e+01 4.844678314732747992e+01 2.834192519440988178e+01 1.413422233655966309e+01 3.234889541567458338e+01 1.553024371615635069e+01 3.560443246073400303e+01
6.758000510069008726e+01 6.537693043049952735e+01 6.466345422349546368e+01 4.333615372284774736e+01 2.848266289583893141e+01 1.907623230368648848e+01 1.285785231530054240e+01 9.126319296983222529e+00 2.704803709743585927e+01 3.390731256589152309e+01 3.887423878031937363e+01 2.637921418499933779e+01 3.799094539874407417e+01 5.801360689646796232e+01 7.329222769121884085e+01 8.308936424429491296e+01 7.429430688989403109e+01 6.008386598199846418e+01 6.506534359584505012e+01 4.790710380098897758e+01 2.771669885760617191e+01 4.200690509449940180e+01 6.214941547889068119e+01 6.529025714413626247e+01 7.361152200092719511e+01 8.269422477139464434e+01 6.245772418070298926e+01 5.081924198562537498e+01 4.372859926961169919e+01 3.769316817835825617e+01 3.234597889874003585e+01 4.520216337958898833e+01 3.555692827023267455e+01 1.548971426523547024e+01 3.555692827023267455e+01 3.560443246083964652e+01 1.889275996529367063e+01
4.759734553998675466e+01 4.541856074376588026e+01 5.872410762671951545e+01 5.801822981965241155e+01 4.828035941271665621e+01 3.020878661376287511e+01 1.016785839496896671e+01 1.109008162492413874e+01 3.110184704614841422e+01 4.210205216181729071e+01 5.468435698965635083e+01 4.645351789024910261e+01 5.468435699196792399e+01 6.620110846652333692e+01 7.249413956605786780e+01 8.077222493036705941e+01 8.662225957029832557e+01 7.628914043928025990e+01 5.663210092146528041e+01 3.615964128185085968e+01 3.283308153164787768e+01 3.598834064203376926e+01 4.605998709641702504e+01 5.767717754319745893e+01 7.784120611931594169e+01 9.104470327667796425e+01 7.937411793121991366e+01 7.101067570790277728e+01 6.387192246712976385e+01 5.779845617857499462e+01 4.532712431653835239e+01 2.527026222692603952e+01 3.689969742580694856e+01 1.684496269076739594e+01 3.677033845813523527e+01 4.139023020900734906e+01 2.134604133866158548e+01
3.712707386468486703e+01 3.138064834315403573e+01 3.880102533819881216e+01 5.185060294539405845e+01 4.276943532671124615e+01 3.092637215581336463e+01 1.090937124205721354e+01 3.094652579377537904e+01 1.389858387409484664e+01 2.804960668691947490e+01 4.815524776150212460e+01 4.895668208291909451e+01 5.344853051447025649e+01 5.834936375409762377e+01 5.249040577605678948e+01 7.249413956605786780e+01 8.775039591722962484e+01 6.552592089901003192e+01 4.684891536779775834e+01 5.663210092061072487e+01 3.814953149334889559e+01 5.612960947708377546e+01 4.761639553253889545e+01 6.775929961548276026e+01 8.620567154422266753e+01 9.801139274869443341e+01 7.783134830625485279e+01 7.783134830625485279e+01 7.133657222693084066e+01 5.115384410634057843e+01 3.695701513819754069e+01 2.694749605610749299e+01 1.877064512857219825e+01 3.689986245169885848e+01 4.515827009028640049e+01 4.390287387822596088e+01 2.385129635127567482e+01
5.700147825345224106e+01 4.463637099489108806e+01 2.472717140805067970e+01 4.026097392795715280e+01 3.149308804818694085e+01 1.196182496285664598e+01 2.390205957301411743e+01 3.376401624428478243e+01 1.592129824026124219e+01 3.595640226231986247e+01 4.289555497076758428e+01 2.896789856101479188e+01 3.348626163625051078e+01 3.840114556835925441e+01 4.903648856617398621e+01 6.104954158787321461e+01 8.007644222572297110e+01 7.646134718795330798e+01 5.906973902558367939e+01 6.410125908047888288e+01 4.368476048996254946e+01 6.410121518233930260e+01 5.923536605478692252e+01 7.612056443656959459e+01 9.106413757458190616e+01 8.293943240036905706e+01 7.783134830625485279e+01 5.763910566314004313e+01 6.506065274245059982e+01 6.542658296252443506e+01 5.536146073244695742e+01 4.026704157911851922e+01 2.021811344786230080e+01 4.024309273193907188e+01 5.985338423827706578e+01 4.739444806236170393e+01 2.733688666192621852e+01
5.063174983450599598e+01 3.074732737035656882e+01 4.043473287430702356e+01 2.051644207081651317e+01 3.275068740315740001e+01 1.270750961993308081e+01 3.234374257153282173e+01 4.093277373190674240e+01 3.595653881799553631e+01 1.883509926151576508e+01 2.287847925585686326e+01 4.289556178673746700e+01 5.344853051476468409e+01 5.803843986011751355e+01 4.989386026666688423e+01 6.144389307675135115e+01 8.129701021927031945e+01 8.858833468095075148e+01 7.996578312652074771e+01 6.808555025913615566e+01 4.997713884817598995e+01 7.053678667928832624e+01 7.940320806998815328e+01 8.776958220233014174e+01 7.959585757635719006e+01 6.297270335156512289e+01 7.959585757635719006e+01 6.506065274245059982e+01 4.492226038320397663e+01 5.499137925516923531e+01 5.209911288132827423e+01 4.172542044566163355e+01 2.167589983704779044e+01 3.168516796109899047e+01 5.171447227326661533e+01 5.099876683080263007e+01 3.093076923958925661e+01
