LEM/with_lateral_4open/elevation_000647.asc
nrows	100
cellsize	150.0
xllcorner	0
ncols	100
yllcorner	0
NODATA_value	-9999
[rows 17 to 33 of 100, columns 0 to 36 of 100]
5.222468517465790605e-02 2.005091142870058718e+01 3.817974997233419998e+01 3.879776524063823473e+01 3.671184229850121739e+01 3.085376963649489213e+01 3.109810330725915506e+01 3.109810332069105598e+01 5.113342181732461711e+01 4.784555795513081478e+01 3.950855555525825480e+01 2.475005308639709511e+01 3.887795740926627985e+01 5.897636624703938679e+01 7.515989958194863618e+01 6.676981951276572147e+01 5.543986303037353736e+01 5.196407313611850753e+01 6.358745902691858731e+01 8.379492217190409065e+01 8.628480427447009049e+01 7.616884233979043017e+01 6.784510432281793157e+01 5.710873243195716498e+01 3.169810943883813081e+01 3.784430019928564803e+01 5.236563973214604317e+01 6.183735816627433479e+01 7.005128085415989858e+01 5.743083584359018090e+01 7.392340718960355161e+01 8.530160865193477093e+01 7.958744537788093965e+01 5.888278743693578576e+01 6.494704134569072096e+01 5.916336438202525727e+01 5.362369922842349723e+01
7.333276091007127906e-02 2.003235582527825187e+01 2.310001591749089656e+01 1.877676385521303715e+01 2.619125100895487179e+01 1.671162127427373889e+01 1.695421686647565096e+01 3.112543545785607790e+01 3.286837875882595483e+01 3.463172479582957664e+01 1.952986735651343153e+01 3.950853577866702437e+01 5.311196356702142651e+01 6.556590022888350688e+01 6.350370518444113799e+01 4.660817096362039536e+01 4.119325035854755157e+01 5.543986303037353736e+01 7.561830465889707398e+01 9.093275346074260312e+01 7.801769292519045962e+01 5.767255704461422994e+01 4.695803302856528916e+01 3.990975610377748950e+01 3.443071256126840751e+01 3.560210413904546556e+01 5.437025153788891885e+01 6.710099829115142711e+01 7.857950858796225191e+01 7.703948198842813611e+01 8.530159832764179839e+01 8.616436251795589385e+01 6.547321092842946655e+01 5.348710987166025888e+01 4.409369748174503911e+01 3.804881641323333241e+01 3.225575044679945336e+01
6.343274376862209629e-02 1.579628830926430583e+00 3.100200673465844492e+00 4.634130651160591974e+00 6.191128539483644388e+00 7.767349351961851944e+00 9.394926269504184191e+00 1.111625220115193891e+01 1.285702876070893197e+01 1.461793057336045010e+01 1.687042439760843493e+01 3.798755032122569730e+01 3.714029745582311648e+01 4.627765905372135791e+01 4.965502754905238447e+01 3.501504050534646950e+01 5.512948629561022074e+01 5.069351904439115941e+01 6.231605833109274073e+01 8.251585285312981455e+01 8.628482122520237851e+01 7.616884969807256311e+01 6.784512130999593182e+01 5.850784835376235549e+01 3.741492013990188070e+01 5.437025153788891885e+01 3.955113756777362966e+01 5.046301535349309120e+01 7.032850672915751034e+01 7.920252931204389313e+01 9.073895100809198766e+01 9.455358791228334780e+01 8.268157817458950376e+01 7.344947974775244859e+01 6.494704134569072096e+01 5.023206140621254434e+01 5.394954444311967734e+01
3.497053469895897854e-02 2.003497053469860489e+01 2.310029895318858451e+01 1.877627003731540967e+01 2.033326845143507100e+01 1.776717832100240457e+01 1.646559365292520027e+01 3.111323559295092878e+01 3.286833357498635166e+01 1.999879654935525153e+01 2.495389730854588706e+01 2.012601620130441660e+01 2.323596042897858638e+01 2.641858210550607211e+01 2.967424622337650675e+01 3.958773411405362452e+01 5.381163979350544224e+01 7.085349604825650260e+01 6.493255100233831456e+01 8.514792188017810304e+01 1.002570967713489125e+02 9.202925162857592056e+01 7.714825928824625123e+01 6.260531370358361158e+01 4.131425919915344025e+01 6.260531370358361158e+01 5.885915993583348893e+01 4.413585009656826230e+01 5.097223527255012954e+01 6.248060439520058651e+01 8.247489902011346885e+01 9.453466167859700420e+01 8.383382828707468093e+01 7.610633955778803283e+01 8.010434609082678037e+01 7.187551503299742706e+01 6.808633400409917158e+01
9.635555453094322986e-02 1.423849117826201827e+01 3.423849117826271993e+01 3.877664277532311843e+01 4.033369959234872226e+01 2.931066059453178951e+01 3.633364073893771007e+01 2.797569098216023420e+01 4.566032652167149308e+01 2.585704888025257731e+01 3.990066155957631366e+01 3.988584660738326448e+01 2.494099962580613195e+01 4.476656289105999065e+01 4.965502753973963479e+01 5.802105700370329799e+01 6.810257760285010420e+01 8.239351541219477326e+01 8.514792188017810304e+01 9.356752218833659640e+01 9.202925162857592056e+01 7.204104911071387107e+01 6.885751412018066731e+01 4.812131122422437102e+01 6.260531370358361158e+01 7.095969316737968313e+01 6.812073970889446173e+01 4.819489228235124045e+01 6.810430411033182452e+01 6.726316284581277216e+01 8.723089273233698293e+01 8.673846977400189928e+01 6.832308004683126512e+01 5.752356927578877333e+01 6.549793363216591047e+01 6.989881816572304274e+01 6.002692655925029896e+01
8.845047570523793812e-02 2.008845047506400405e+01 3.651100789670691427e+01 4.650082775399432222e+01 5.735250624838684530e+01 4.921019594343648862e+01 5.522277924104783153e+01 3.785844590069594773e+01 5.139826059088675692e+01 3.191102147755534801e+01 5.151239704071291925e+01 5.311376528729722679e+01 3.474533262088309016e+01 3.032926825191802678e+01 5.030753795259562366e+01 6.241824428095787169e+01 6.849541935785157420e+01 7.562526303054617927e+01 8.403100154329590055e+01 9.572763047713775109e+01 8.944409215190751183e+01 6.944127118907759666e+01 5.768600100349048887e+01 5.534601031837070906e+01 7.561326602108570683e+01 8.443332262049233350e+01 6.445457036036277998e+01 5.366683967232956576e+01 6.445376504795501660e+01 8.441315949664640073e+01 9.543161604474809678e+01 8.498060025755577840e+01 7.540683844171491046e+01 6.549793363216591047e+01 4.641561321884214664e+01 5.096122901631011359e+01 5.725720107731966380e+01
8.023991185656004221e-02 8.245205603346507317e+00 1.824519159803281809e+01 3.238621135777552240e+01 5.236519752744391099e+01 6.117496410169184173e+01 6.443080486325612810e+01 5.145007640542446126e+01 5.802865629239695267e+01 3.837637117736193204e+01 5.810816325261158255e+01 5.478779316123699772e+01 5.478779316123699772e+01 3.918669077828635494e+01 3.672584310359019355e+01 4.227054507534657546e+01 4.833970984439832819e+01 5.545901979149648042e+01 6.707685787855110959e+01 8.730260163001321416e+01 9.767575109459548344e+01 8.614907294103150548e+01 7.789545808446570163e+01 6.313928656922189475e+01 8.319277051122328714e+01 9.267353622271816960e+01 7.999528160628372575e+01 5.999048292221657164e+01 7.366461158117787988e+01 9.252595187778580055e+01 9.054393631160689893e+01 7.143627513177858646e+01 5.793315753655005551e+01 4.824230749629722226e+01 4.017671242023136102e+01 3.709140937610678179e+01 4.927857881835588216e+01
4.598823041778624804e-02 4.518124185417335958e+00 2.452026266787913400e+01 3.618044921166252692e+01 3.253712409998487942e+01 5.268548597663961175e+01 6.730594156272672990e+01 6.987662030975742766e+01 6.660885259101081601e+01 4.799442161486184233e+01 6.660885259101083022e+01 7.497080723506844890e+01 6.768389677804925952e+01 5.078096645602544612e+01 5.092276746881046989e+01 5.312749963436184686e+01 6.849541935785157420e+01 7.562526303054617927e+01 8.403100154329590055e+01 8.257870236115132911e+01 9.080034672725292921e+01 9.388522884469202268e+01 9.143393013226796029e+01 7.475778091979641715e+01 9.143393013226796029e+01 9.410947792885053786e+01 7.415001419646118563e+01 7.155726144277214473e+01 8.818814728746413323e+01 1.017290927742762676e+02 8.827853390118126242e+01 7.725943142933404317e+01 6.430846027621839767e+01 4.499827508943665322e+01 5.962507327238224519e+01 5.290912393371959865e+01 3.321590654672102261e+01
7.340434288523949025e-02 2.006341014157309743e+01 1.118479084907375132e+01 1.618479084006448687e+01 3.615617032562209232e+01 3.972783249415515883e+01 5.373870989713587676e+01 7.310455678622956555e+01 7.678942294255418233e+01 6.822190489036134409e+01 7.678942294255418233e+01 8.214080186435764119e+01 7.934519373180923196e+01 7.094784515331961927e+01 7.109226980490615233e+01 7.330575197566973600e+01 8.170579963340199470e+01 8.305010455031083438e+01 7.484999144366297230e+01 6.287552152439743480e+01 7.777038007453539592e+01 7.414865046019157546e+01 9.388522884469202268e+01 9.471518057376948718e+01 1.029387712637764167e+02 1.023660500173288312e+02 9.410907219118223566e+01 9.151635628984405457e+01 9.965684879171818977e+01 9.348222888313486578e+01 8.034422534177464570e+01 6.128814469674974674e+01 5.017460042058501557e+01 5.871409502326201135e+01 7.223002410168992071e+01 6.001775484993370213e+01 4.075889512320839714e+01
3.515918393995972474e-02 2.003515918393960504e+01 3.118154434509190409e+01 3.618044921166252692e+01 2.561278520455418217e+01 3.981770825536822400e+01 6.031989173249287006e+01 6.872944544228421648e+01 6.872944544228421648e+01 7.690103392044065345e+01 7.642166588787974035e+01 6.277157382024212495e+01 7.642166588787974035e+01 8.081372305533427891e+01 7.261088510072060842e+01 8.081372305533427891e+01 7.664747541778270090e+01 6.844856847271837808e+01 5.511819895542438275e+01 5.145705211870861717e+01 5.806845467340593103e+01 7.199407571021329488e+01 9.171561241127656672e+01 9.485248789727312158e+01 8.903921354486055861e+01 8.647557185702723359e+01 9.472613452153406399e+01 1.061712379655384240e+02 9.655590898624555507e+01 7.745264339340315018e+01 6.647310062832373490e+01 5.927067831007098420e+01 5.520001098397423078e+01 7.426465335435693760e+01 8.574660485686504785e+01 6.813608601924845232e+01 5.047173291700076447e+01
4.608085242692564615e-02 2.004608085242657012e+01 3.537239980804811523e+01 4.431939914348998144e+01 4.559112161750491055e+01 5.386208494022157112e+01 6.292488622091731543e+01 4.894873852139393478e+01 4.894873852139393478e+01 6.872944544228421648e+01 6.757037941091566324e+01 4.843144039802584189e+01 6.757037941091566324e+01 7.090811765105394215e+01 5.279644004283530023e+01 7.090811765105394215e+01 6.522545895189635701e+01 4.867105437388988065e+01 4.364542086660883768e+01 6.345804430013419761e+01 7.777038007453539592e+01 8.597867748873586891e+01 9.313025752335558138e+01 7.510808478585271075e+01 6.933762231470572601e+01 6.678787668473063377e+01 7.812724778208333021e+01 9.788438440419324138e+01 1.045465964810046415e+02 9.348926401152294829e+01 8.552632576021873945e+01 7.832438498818237349e+01 6.125646472565746592e+01 7.076575416847120437e+01 8.982972115402935742e+01 7.779704152749711454e+01 6.957466245628113199e+01
1.610643649003322755e-02 7.087174249271030568e+00 1.603144636203951023e+01 3.017362289227880012e+01 5.017499887498969713e+01 5.357477185323656954e+01 4.537658840882390621e+01 3.487454311787521277e+01 5.474237344185901577e+01 6.541219471397555196e+01 5.949449233851026975e+01 3.885284479959634751e+01 5.949449233851026975e+01 6.270366257177788327e+01 4.270531075837050849e+01 6.270366257177788327e+01 5.702998398704632876e+01 3.716672180134259662e+01 5.702998398704632876e+01 7.165013026658203898e+01 7.527347419072114576e+01 8.347930891759573058e+01 7.339123471682941613e+01 7.510808478585271075e+01 5.540172260021879680e+01 6.933760935268085746e+01 8.903845345345703777e+01 9.471271759632206511e+01 1.029642979412684696e+02 1.058721841040276672e+02 8.674844723270574320e+01 7.326686173503364330e+01 7.469015116658106024e+01 8.028031290143150045e+01 9.776640276107320915e+01 8.691270278272679661e+01 7.856492812394280634e+01
2.022278438842990689e-02 2.002022278438807490e+01 3.537239980804811523e+01 4.431811129315560294e+01 5.337632743220893872e+01 4.537658799772592033e+01 2.545430142245948346e+01 4.537658840856452969e+01 4.559640284402600940e+01 4.559640284220302675e+01 5.296680250030876635e+01 3.217782293820566508e+01 5.296703025037257362e+01 5.603754530064207984e+01 3.592492736256450314e+01 5.603754530064207984e+01 5.313447777594967647e+01 3.325181208427827073e+01 5.313447777594962673e+01 5.914266602748078583e+01 5.551734962139132534e+01 6.883377181560550184e+01 5.944485203934428341e+01 6.306497236889380531e+01 5.008687854620932001e+01 6.407030331422535596e+01 8.377129170490272259e+01 7.500381718608520032e+01 9.154947947241718964e+01 1.029654826880740615e+02 1.003075772630405709e+02 9.234974585007589098e+01 9.377751077094282550e+01 9.938511183851987596e+01 9.292202387654505458e+01 7.261867655267371902e+01 5.685036337081871238e+01
6.642187732006160639e-02 1.420856175433999269e+01 3.420943984147674399e+01 3.337789247386331226e+01 3.337808051417383837e+01 4.005213107217501545e+01 2.010944133320344562e+01 3.300132926279807322e+01 2.568184294938179590e+01 4.559640259492551451e+01 4.720052951618829695e+01 2.688922749083507924e+01 3.984199174315629222e+01 4.264113367651153652e+01 3.014922467970355058e+01 5.023153261031350070e+01 4.430876838803705908e+01 2.954565350617149733e+01 4.808337141333097975e+01 3.929630249122190122e+01 5.253381211857693955e+01 4.905087554423212026e+01 5.722014432663716121e+01 4.324451689540540400e+01 6.306497236889380531e+01 6.841201979803183519e+01 7.350135822114479822e+01 6.366897968632969906e+01 7.500381722310254418e+01 9.471290317390574387e+01 1.075589408139455543e+02 9.930128572536011688e+01 9.930128572536011688e+01 9.006108563134674228e+01 8.191394524564343271e+01 8.214996025850335570e+01 6.483130330496177862e+01
1.591255364720534082e-02 2.001591255364684940e+01 2.226886624876382825e+01 1.337824431144736792e+01 3.111983167573769293e+01 2.655026759876122355e+01 2.768996961082996577e+01 1.303850237127531564e+01 3.003873654326883624e+01 3.818227145295300318e+01 4.287441455138266377e+01 3.464661017798683673e+01 2.051364370141203253e+01 2.276071880115524593e+01 4.264113367651123809e+01 4.195723086092680632e+01 2.438205619974361937e+01 2.627754179353479103e+01 2.818365336494203177e+01 3.037245577201471392e+01 3.264361241555253201e+01 3.496235802902931766e+01 3.734963784151958777e+01 4.039896221242359076e+01 4.448083624671138381e+01 4.864631537454497590e+01 5.379045650877021245e+01 6.263243290038838040e+01 7.396823279595790268e+01 9.366840083890579649e+01 9.930128572536011688e+01 7.921200738920475715e+01 7.921200738920475715e+01 7.854897521842806896e+01 6.172327240727540243e+01 6.695513781241670870e+01 5.345461989130346581e+01
6.189296070378335485e-02 1.164528653543726922e+00 2.268843914292194341e+00 3.378244306742654857e+00 2.294890153731430615e+01 6.575883221739976747e+00 7.717343512810671768e+00 8.868214188107534923e+00 1.006989772435974473e+01 3.000501411539427821e+01 3.297592233876920886e+01 1.480035817803475773e+01 1.608206035260506894e+01 3.606792020809971433e+01 3.964616404295660601e+01 2.201068315230978811e+01 3.613997065169919409e+01 4.618416276779366569e+01 4.808337141254657610e+01 3.394230457870676787e+01 5.253381211857695376e+01 5.484515171060734673e+01 5.143107309899592394e+01 6.024693249669898165e+01 4.725059007592439286e+01 6.703184798381352039e+01 6.009062034121078000e+01 7.977926285108746640e+01 9.050627119447706548e+01 1.019158299587661389e+02 9.930128572536011688e+01 7.921200738920475715e+01 6.484080308231600043e+01 7.029548437719819276e+01 4.998554100379156750e+01 4.673155942976059407e+01 4.364557435295277088e+01
2.247884206357958492e-02 1.999129405334009135e+01 2.226880733828839709e+01 2.337827691847712686e+01 4.966847248321723640e+00 2.497841490275833110e+01 1.931169049484214284e+01 2.878765418703041234e+01 2.920570238861615664e+01 1.178488357578479295e+01 1.300430509749843466e+01 3.297931581927171862e+01 1.833993678452526055e+01 1.804843741945276747e+01 1.967602207530537939e+01 3.964591906901317486e+01 5.010951059184829148e+01 6.404709989468190656e+01 6.201905882583335483e+01 5.382220407661969119e+01 4.010399841630081141e+01 5.994539065820571011e+01 7.119619859702727638e+01 7.212594120684589427e+01 5.239660298984342290e+01 7.212594120691152000e+01 7.977926285108746640e+01 7.615826079811533589e+01 9.589087434438363289e+01 1.132491886510339754e+02 9.327810982520134075e+01 7.903169815434688417e+01 7.554761959020056850e+01 5.520618737800391074e+01 7.029548437719819276e+01 6.695506668371355374e+01 6.375774755606024513e+01
