LEM/with_lateral_4open/elevation_000044.asc
nrows	100
cellsize	150.0
xllcorner	0
ncols	100
yllcorner	0
NODATA_value	-9999
[rows 68 to 84 of 100, columns 0 to 36 of 100]
5.009162696260269221e-02 2.005009162696224578e+01 3.648571887539148406e+01 4.383736331964413324e+01 3.452781299614138533e+01 3.452781299614138533e+01 5.452781299614067478e+01 5.895609084979081871e+01 6.724036209725402102e+01 5.353640378973576475e+01 3.360441289387107844e+01 5.353639033240467171e+01 6.634694214663657874e+01 5.810760605172810500e+01 4.526844184097557644e+01 2.526062342377560910e+01 4.526836521542575298e+01 3.924753043561856458e+01 1.901266616480363325e+01 3.924852950068931534e+01 3.419943556497119630e+01 4.831094710249519153e+01 6.810954002334101176e+01 7.683317082018578503e+01 6.867456054907800933e+01 7.065743036676374800e+01 5.267687520717280591e+01 7.065743036676374800e+01 6.717718004505010754e+01 6.141099983726316935e+01 6.717716747558165480e+01 6.421635918999693615e+01 8.392838119497150728e+01 9.099329069910137946e+01 1.048538883586602140e+02 1.064097310571679031e+02 9.634290969383918934e+01
4.695337527364121244e-02 2.004695337527328647e+01 2.636189436258048602e+01 2.383736331964484734e+01 2.038567737241093525e+01 3.904045253416321515e+01 4.481395522605937032e+01 3.895609084979011527e+01 5.895609084979081871e+01 6.178358269033952865e+01 4.252079028470181044e+01 6.178358269033952865e+01 7.143661807211321957e+01 5.336683888449135793e+01 3.352990031737800791e+01 4.526844184097557644e+01 5.346519403103181389e+01 4.748695873271082490e+01 3.924866498970922635e+01 2.135248639921806557e+01 3.568922748552780888e+01 5.558782336349087672e+01 6.384937979890605675e+01 7.126228899724885935e+01 7.579446228804509644e+01 8.049132252264537613e+01 7.232909441383968385e+01 8.049132252265964382e+01 8.687010929104086188e+01 8.109797046312552027e+01 8.686993313980805453e+01 7.406294789393733424e+01 9.208857362399929514e+01 1.106077638152801796e+02 1.121825814377400548e+02 9.239423365902679564e+01 7.842941384849089559e+01
7.614146464036156137e-02 3.199616702412476421e+00 6.361894362580842177e+00 9.695227695914146793e+00 1.369522769591411304e+01 1.904045253416250816e+01 2.481395522605866333e+01 3.375822713605813874e+01 4.530523251985106015e+01 6.530523251985248123e+01 5.403654729746754981e+01 7.069214830172246877e+01 6.324123098809779719e+01 4.349244971031674112e+01 5.336683888449135793e+01 6.155689560588036358e+01 5.810643775187383397e+01 4.043460838542270608e+01 2.776440083005385162e+01 2.305866555557878428e+01 4.319497670203240602e+01 5.188516468664867176e+01 4.822720704058274066e+01 6.006285986197126903e+01 5.690980673534602374e+01 7.579446228804509644e+01 7.828665425232598807e+01 8.411434944078736464e+01 8.714770475864641242e+01 9.543780506132026176e+01 1.019477481463568580e+02 9.379392927361872978e+01 1.019499873149586193e+02 1.107518677549680461e+02 1.191149827763935889e+02 1.064097310571679031e+02 9.756157785382551140e+01
2.352828262072655108e-02 2.002352828262037221e+01 2.050402998631154006e+01 2.969522769591378974e+01 2.524223307970642338e+01 2.438567737241089972e+01 3.852781299614134980e+01 5.309822647352156366e+01 6.204249838352104263e+01 7.358950376731496590e+01 7.393878408625846532e+01 8.218281326653588792e+01 7.143677471710977045e+01 5.490447970768198616e+01 7.143677471710977045e+01 6.830143985201476653e+01 4.863948735767845477e+01 3.501536815563052585e+01 4.733567430815396904e+01 4.319495077660991456e+01 2.564973390256662711e+01 4.234292677644626224e+01 3.952965146998487711e+01 4.174334424765890361e+01 6.012959161379869499e+01 6.124473089205665133e+01 5.840392511078910331e+01 6.422744164180214455e+01 6.733379335242398156e+01 8.714770475864641242e+01 9.214225180786638703e+01 1.004495630969080366e+02 9.659391826256182867e+01 9.072950356741391431e+01 1.107518677549680461e+02 9.605230981106005572e+01 8.785322161398022445e+01
6.786455232800275850e-02 2.006786455232764865e+01 3.648181348826858539e+01 4.878830123377243666e+01 3.938436870343687701e+01 3.593268275620300756e+01 5.266994861987380006e+01 6.681208424360124809e+01 8.007658233558457539e+01 7.660587545552296262e+01 6.836008604694306712e+01 7.311159508240314153e+01 8.136375981630160936e+01 7.462944502217830234e+01 8.284237112904708056e+01 7.418613470350204864e+01 5.440368260613293216e+01 4.112758096366091110e+01 6.054355029031893309e+01 5.391827581424801963e+01 3.988866556352208903e+01 2.826389188173627787e+01 3.058252233805053066e+01 3.299511189474969086e+01 5.340027039071225801e+01 4.091920456588713506e+01 4.399770173963587183e+01 5.321443192803150168e+01 7.247634309954467824e+01 7.651081132490037362e+01 7.234581009206362978e+01 8.598404931721141509e+01 7.674467100652496754e+01 9.659391826256182867e+01 9.942134323531755058e+01 8.785322161398022445e+01 6.806698421569301161e+01
3.257643153035955086e-02 8.197542240807690561e+00 2.233967786453889204e+01 4.233967786453959548e+01 5.938436870343616647e+01 5.593268275620229701e+01 6.421695400366691331e+01 6.977495767809239169e+01 6.025586330805444391e+01 6.025586330805443680e+01 4.863306578899009480e+01 5.334309896284972297e+01 6.948079591893767315e+01 7.773245785255264195e+01 8.767463032865057926e+01 7.309179319647620332e+01 5.325128267452558362e+01 5.472341577473319063e+01 6.883236356786164833e+01 6.794839686833769576e+01 5.146834627698068942e+01 3.127568636319885798e+01 5.106664241650516090e+01 5.340027038912404578e+01 3.669130133479539069e+01 5.709579876463091352e+01 6.422744124193459925e+01 4.898755918596302195e+01 5.259178711688710450e+01 5.674602572591236793e+01 6.100361605059468673e+01 6.626103935145889068e+01 7.759018590105915791e+01 9.745027997957237176e+01 9.122081418118646923e+01 7.151696874453530484e+01 6.150815580267845917e+01
1.880098487986705744e-02 2.001880098487951187e+01 2.819754224080804761e+01 4.819754224080875105e+01 5.983937949251264143e+01 6.809925977512079953e+01 6.977495767809239169e+01 5.003263442804698258e+01 5.365541824486037115e+01 4.059427348646057965e+01 3.733383401036301308e+01 4.323387987463375737e+01 4.973945576252519629e+01 5.955392001835008386e+01 7.940767181952540454e+01 8.143772280130131946e+01 6.719552754354717194e+01 7.459460571672329365e+01 7.641680538923448296e+01 6.802954341168774022e+01 5.454974160812678008e+01 3.435619966134473202e+01 5.360224512783405260e+01 6.505024508197369926e+01 5.709580036148869908e+01 4.644517619573029776e+01 6.659408884811351470e+01 6.901488732574887308e+01 7.247634311284504349e+01 6.412288762153359301e+01 8.071285317951323179e+01 7.706981070607133688e+01 8.598404931721141509e+01 1.057809554211918481e+02 9.942134323531755058e+01 8.955565702171705311e+01 8.136889146286094388e+01
2.900726248362994752e-02 1.417114288621445439e+01 3.417114288621374385e+01 4.569421034022933981e+01 3.983508943529207613e+01 5.983937949251264143e+01 6.221542610767114923e+01 5.304996556922553452e+01 3.399803585850903431e+01 3.076502922260888084e+01 5.042506839725751178e+01 6.290034920013356867e+01 6.948079591893767315e+01 7.773245785255264195e+01 8.767463032865057926e+01 8.991734765839240140e+01 8.732663770313205021e+01 7.974550287591834774e+01 5.945286582447785406e+01 4.778398509691125895e+01 4.018969656540108559e+01 3.941252781065465172e+01 5.959207417254813066e+01 7.540988858169724551e+01 7.484987389698925142e+01 6.076895336744864551e+01 6.076895336741606002e+01 8.065720996749782046e+01 9.216573748234719687e+01 7.550084363016068778e+01 9.216573748234719687e+01 9.692253329761697955e+01 1.052461310623679793e+02 1.142812993324267552e+02 1.114795107204250826e+02 1.031464053887812895e+02 9.272749340224960690e+01
5.081304048347550645e-02 2.005081304040895418e+01 3.500095123168896549e+01 2.568895480553637611e+01 4.569421034022933981e+01 5.528569426551462840e+01 4.826390441762386985e+01 3.431238272757695995e+01 2.514267322844904484e+01 4.486436958974264400e+01 5.862119965587984893e+01 6.338985545645221720e+01 6.751552310183649297e+01 6.942040162225859490e+01 7.773072299755737902e+01 6.985476076398751388e+01 8.403171000545337677e+01 8.812019249439872226e+01 7.641680538923448296e+01 6.543199314666925659e+01 4.521378708985597683e+01 5.962566239753344632e+01 4.729947025039911068e+01 6.166646382261039605e+01 8.209056649117684401e+01 8.065721021804044710e+01 8.065720996917632135e+01 8.893079188332771423e+01 1.036628135638848960e+02 9.534359113911665418e+01 9.399043223505239553e+01 8.568411658985331769e+01 9.399043223505239553e+01 9.991194694912704222e+01 9.159852042620589430e+01 8.314488191364020508e+01 9.991194694912704222e+01
4.469920835086939326e-02 2.004409618823574490e+01 1.499780387647438218e+01 3.499899193023256316e+01 3.594657066465033068e+01 3.584509108814660294e+01 4.008115563576367180e+01 2.029911118426376149e+01 4.008115563597950626e+01 5.304996556922562689e+01 5.743812792479543816e+01 4.316249645010009317e+01 4.730396194283606093e+01 4.921942447320898850e+01 6.298725895560645682e+01 5.558140152182080129e+01 7.573095641721427285e+01 8.896421519097987129e+01 8.519875470058667588e+01 6.491165564181939374e+01 5.056777893716477479e+01 7.085360938553728261e+01 5.742543281281935208e+01 6.013837353260241514e+01 7.461265251107272434e+01 9.495825591922780973e+01 9.779258521686074346e+01 1.060514751037689649e+02 9.516608633177160925e+01 8.685644810653606385e+01 8.398399245725708795e+01 6.568794654539694022e+01 8.398399245725708795e+01 8.635138933887239432e+01 7.160437906121562435e+01 7.160437906121562435e+01 9.159852042620589430e+01
2.324776005098762310e-02 6.053474897910372299e+00 2.306411577537979340e+01 2.456752749275052139e+01 1.608422904861140879e+01 3.267005927350727745e+01 3.628804584474503514e+01 1.713737985037830214e+01 3.695333977386657409e+01 5.203465694914361706e+01 4.367723625211684180e+01 2.884564708943335987e+01 3.295750464041209682e+01 3.748261669296512366e+01 4.273195525013171192e+01 5.042861658414152970e+01 6.056641752019520908e+01 8.066999602133755332e+01 8.740921502836881984e+01 6.713282192452913932e+01 5.820714266012977589e+01 7.853792149295207992e+01 6.925127126785896792e+01 8.057174178198921766e+01 8.896721526221364229e+01 9.458070817801572616e+01 7.795394917727999484e+01 9.458070817801572616e+01 8.360925744737454579e+01 6.685775252034062532e+01 7.568603156500029172e+01 5.568221447537285229e+01 6.784443754902093815e+01 6.635292376896833844e+01 6.005511831364626119e+01 7.160437906121562435e+01 9.159852042620589430e+01
8.699724428260374731e-02 1.573585536776934912e+00 3.064297521776791822e+00 4.567589577782443122e+00 6.088161420321847928e+00 2.372707713945991514e+01 2.740960025934256095e+01 1.408754603726408483e+01 3.424819005060014376e+01 3.862796557604024628e+01 2.348015354781098551e+01 4.367723625211614547e+01 5.322379114793922383e+01 5.775736202736129599e+01 6.298725895560645682e+01 7.061820677076640607e+01 7.892407753909223800e+01 8.896421519097987129e+01 9.577896987419369168e+01 8.691173314606855627e+01 6.997895935237220044e+01 8.691173314606855627e+01 8.964732331776737340e+01 9.801813918422406857e+01 8.917168202528297627e+01 8.093057471899980726e+01 6.646223333113921683e+01 8.633874335905376540e+01 7.531019582640477950e+01 5.530545467435911178e+01 6.376045313640680234e+01 4.860351841740509826e+01 4.783366378431480825e+01 5.220326612346765671e+01 6.375820143772336479e+01 8.375617296638917253e+01 9.991194694912704222e+01
2.249585233037712170e-02 2.002249584389593906e+01 2.306427023939855303e+01 1.870970850372323824e+01 2.608818125101576513e+01 8.290088953314617370e+00 9.871227790375403544e+00 1.176105021064789469e+01 1.509441171334312948e+01 1.847529190783443553e+01 3.862796557604024628e+01 4.369437520019899779e+01 4.822341992262192178e+01 5.300602737895727756e+01 5.808153031795714583e+01 6.370512352616501772e+01 7.009758725820171321e+01 7.840760566547135113e+01 8.739577778132625951e+01 9.859361904971318324e+01 9.022968120701324324e+01 9.119978078252741227e+01 8.291691356610891717e+01 9.119978078252741227e+01 7.768080276599508238e+01 6.102489114409699056e+01 5.891094895847224677e+01 7.882612872109044133e+01 7.693798704680726530e+01 6.376045313720239704e+01 4.374700615139224880e+01 4.192888073577888264e+01 6.194358229377262859e+01 7.221033872106110607e+01 8.050633632038622522e+01 9.206084021808536022e+01 9.352442007235887900e+01
2.739267172789772165e-03 2.000273926717243356e+01 3.836755005818484676e+01 3.870991277685385512e+01 2.834679085824327771e+01 2.245848557388020339e+01 2.993137528544787784e+01 3.187298055087051907e+01 1.504905510907248889e+01 1.779636879175974684e+01 2.059734826697976118e+01 2.348554134246705516e+01 2.796891617851968803e+01 3.271514239427241222e+01 3.777951856197278602e+01 4.342896986163959383e+01 4.988284200497082566e+01 5.897268201753570338e+01 7.322627326113962454e+01 9.327300367543898574e+01 9.043226744324115884e+01 8.113704901466951469e+01 6.273807730127310123e+01 8.113704901466951469e+01 6.943802294862618396e+01 4.948014261103836731e+01 6.238184668621710927e+01 7.063063772725590184e+01 6.864194877484075619e+01 4.863218130820975205e+01 3.707355306996876720e+01 5.708691327415635186e+01 6.786714188516242530e+01 7.610091936745602936e+01 8.606776272105153680e+01 8.765403373995548009e+01 7.351288788167686050e+01
8.327778614586213435e-02 1.008327778614594905e+01 2.422541340987788416e+01 4.422541342050634228e+01 4.845504846068233462e+01 4.258922816417037183e+01 4.170384088086260732e+01 2.154402073864490319e+01 3.518316020403569411e+01 3.795169744781994581e+01 3.484789668259691808e+01 4.369437520039802791e+01 2.916304564972516644e+01 4.942544805912496031e+01 5.808153031795714583e+01 6.370512352616501772e+01 7.009758725820171321e+01 7.840760566547135113e+01 8.739577777095689726e+01 9.572181975897593986e+01 8.214099296186117272e+01 6.195228130428410651e+01 5.254621202823950199e+01 7.282749543369098433e+01 7.768080276599508238e+01 6.238184668621710927e+01 4.240201224175696382e+01 5.621593591328075235e+01 6.447064662954831249e+01 5.420195087805490886e+01 3.418555965839205868e+01 4.079083908861407082e+01 4.786879181876633993e+01 5.787727273279571705e+01 7.785701103756487385e+01 7.937412995837442509e+01 5.935901080478322456e+01
6.510866554257997707e-02 2.006510866554222616e+01 3.189748641393159190e+01 3.899182989121331389e+01 4.735813195756993821e+01 5.906376122044306243e+01 5.010233456327806323e+01 3.317617472130631029e+01 2.942822196098439846e+01 4.967710835416995963e+01 5.509276484590120049e+01 5.778324784953026949e+01 4.942544805912496031e+01 3.539585591963787436e+01 5.568762348225186543e+01 7.037338146355692459e+01 7.868468707218271163e+01 8.873272702151525948e+01 8.983224004738416113e+01 7.567279162603693976e+01 8.304170100455232273e+01 6.565697892011050385e+01 4.542992921071788004e+01 6.565697892011050385e+01 6.413086909272789171e+01 7.063063772725590184e+01 5.621593591328075235e+01 3.622485916529318217e+01 5.067139637898810633e+01 4.785865212126542190e+01 3.135678255014540383e+01 4.136328595027322308e+01 6.137420334715849179e+01 7.610091937204184376e+01 8.606776268048687939e+01 7.229771671849979953e+01 5.228708543599680070e+01
8.953482861371392376e-02 5.863037522206209218e+00 1.189326446772288648e+01 1.896433799220471883e+01 3.051335025011251290e+01 5.061195025035944894e+01 6.177966026785274778e+01 5.342619815296954755e+01 4.374914060380105951e+01 3.896649461472838993e+01 4.911995717538565032e+01 6.933783470834184470e+01 6.403221335259372893e+01 4.449020615662441713e+01 4.337082250798395933e+01 5.016261946365074920e+01 6.031257827828979146e+01 8.043418464882411456e+01 8.154501601006973033e+01 6.134304125333474644e+01 6.285587325245091961e+01 6.025107249455374614e+01 4.018248365556863888e+01 5.315575486610800482e+01 4.406185887567647796e+01 5.825296653157888471e+01 6.446731464400457412e+01 5.067139637898810633e+01 3.067580521981684427e+01 2.784854896482108444e+01 4.785860670472020217e+01 5.936474748628345566e+01 6.137419616512369203e+01 8.136909138289966847e+01 7.975189273501716514e+01 6.621056370424162196e+01 4.625693022550116495e+01
