LEM/with_lateral_4open/elevation_000420.asc
nrows	100
cellsize	150.0
xllcorner	0
ncols	100
yllcorner	0
NODATA_value	-9999
[rows 51 to 67 of 100, columns 37 to 73 of 100]
5.667815885287888733e+01 6.599210061702724772e+01 7.423191149768500452e+01 8.570518146828615613e+01 9.942741685632861959e+01 8.791051365436551635e+01 6.969041655088680898e+01 6.398853041734172109e+01 8.415343830059441643e+01 8.424855524987661681e+01 9.786535093842719846e+01 8.659392356256955736e+01 9.319009988250071785e+01 1.029871827518023792e+02 1.225556152980261118e+02 1.345335405115801564e+02 1.263000588657938295e+02 1.263000588657938295e+02 1.190089865697800917e+02 1.107741267817434903e+02 1.058905665027238854e+02 9.014669613387067670e+01 7.027890354945766660e+01 5.913823038786483011e+01 5.385316017080271678e+01 4.880300611808266353e+01 6.610440012275107335e+01 6.414082753658976799e+01 5.836876510321697964e+01 6.554390937010737161e+01 8.566514653612088637e+01 9.299992668048565747e+01 7.264190642105928930e+01 6.083732656954133233e+01 6.507173602815484514e+01 5.863686951840598738e+01 7.904746747854086664e+01
3.874737666520312729e+01 4.623495797948277186e+01 5.760946675289631003e+01 7.744835747940662429e+01 9.124977950002529781e+01 7.125238638338632313e+01 5.944485458722522253e+01 7.969975519918178009e+01 9.234057856609852877e+01 1.039530112667178088e+02 1.120994763456159262e+02 1.062442993107764835e+02 1.127713990249142739e+02 1.209254001501732745e+02 1.307361370155329041e+02 1.215770059651582642e+02 1.133284356163657804e+02 1.215770059651582642e+02 1.075326493526712426e+02 9.089781627175112533e+01 1.075326493526712426e+02 9.845768654777707241e+01 8.695374656136108626e+01 7.866432212893533915e+01 7.344901230062808395e+01 6.610439999794068910e+01 4.599514207779319008e+01 5.054848111974920499e+01 6.160582435301068216e+01 8.135498050098289013e+01 9.404703492200742687e+01 9.717377364616692148e+01 7.687576795988752565e+01 6.241884038861190476e+01 5.066403601564776693e+01 6.549565609145906819e+01 6.485162090458119621e+01
4.009125537923276283e+01 5.984902425882177823e+01 7.423374442884650648e+01 8.111342434013809566e+01 8.131990794037174908e+01 7.306960429829430836e+01 5.661020444515117589e+01 6.682108517879214560e+01 8.110405973568555282e+01 1.009124677256693445e+02 1.074916075635280919e+02 1.049757934426780253e+02 1.131205614990742276e+02 1.244634799625826673e+02 1.208154613411635552e+02 1.115661889992252185e+02 9.326213971784378032e+01 1.115661889992252185e+02 9.929853355830277906e+01 7.942678724688833825e+01 9.929853355830277906e+01 1.063852647226308505e+02 8.633862901538618928e+01 7.212061723492806209e+01 7.580711567545995422e+01 6.421562119146244640e+01 4.402844700362754082e+01 6.421562119178148009e+01 7.824979731854800491e+01 8.973244012285894655e+01 9.033073748536769187e+01 9.847553692583740315e+01 8.901372463988049333e+01 6.865014900819264199e+01 5.422393172014002971e+01 4.511501683699973597e+01 5.043048417298189889e+01
4.144188203816809590e+01 6.119113903842626456e+01 6.490126937890939018e+01 6.101456353598853610e+01 6.941304537997694979e+01 5.287595747165124038e+01 7.306955384499111972e+01 8.509307701167170990e+01 9.508721139887258289e+01 1.016971022803486449e+02 8.774944241536618961e+01 8.517139759805851895e+01 9.667911753296763777e+01 1.163094718005342969e+02 1.125566393288243034e+02 9.244519861958849560e+01 8.304496308985147834e+01 1.032952876671047449e+02 9.227281027289285475e+01 7.243171996580602467e+01 9.227281027289285475e+01 9.836232122323431781e+01 9.001725519891581939e+01 6.992108315780762950e+01 5.567366199017502737e+01 6.245185905482312450e+01 4.223110790637695544e+01 5.657491495942748827e+01 7.664005903608460812e+01 8.705940517460874162e+01 7.051183929878995116e+01 8.705940517460874162e+01 9.490910302608629934e+01 7.461450222150895684e+01 7.388913534199002697e+01 5.465433732924891075e+01 4.022210906488366078e+01
5.465638169352391174e+01 4.348918712995527613e+01 4.517586420881923459e+01 4.687257345828310662e+01 4.932135842879406340e+01 6.941305377176938407e+01 7.519679004769882624e+01 7.831976458455581280e+01 8.155041762472185951e+01 8.492468536505958809e+01 7.333113908670715375e+01 9.354309033538415008e+01 1.063808484908809078e+02 1.177518623791547014e+02 1.106703951503936594e+02 9.613571675220259749e+01 7.583267796846484998e+01 9.613571675220259749e+01 8.629049645651426204e+01 6.645011863722712064e+01 7.850846002131433465e+01 7.850846002131433465e+01 8.793334790425369363e+01 6.823151065889243228e+01 6.488037500429349791e+01 4.482766774978752977e+01 4.046011622005093500e+01 5.482904236561746103e+01 7.491313162180296104e+01 7.888829128230526067e+01 5.894131273820588035e+01 7.888829128230526067e+01 8.010863107372854586e+01 8.834804429638366230e+01 8.339853347254970117e+01 6.902643540089921714e+01 5.030285678000544891e+01
6.590823332030747395e+01 4.628236700685111060e+01 6.490126937890939018e+01 5.770644019550518777e+01 5.024959208715115722e+01 5.268530779855949220e+01 5.516505522189552835e+01 5.808074730248784334e+01 6.111815250679301670e+01 6.440315851280836057e+01 6.886070940789797135e+01 7.822541188079603103e+01 8.989868049483996515e+01 1.095899414930030673e+02 1.023906466556531853e+02 8.215830956887175773e+01 7.050303141377877125e+01 8.397401139943605131e+01 8.005846660722102115e+01 7.850846002131433465e+01 5.856284914591338264e+01 7.754687650330252779e+01 7.212150400573028719e+01 6.827065630819880937e+01 4.820813784391028634e+01 3.799518036195384241e+01 5.828148934745510701e+01 6.843065901193371303e+01 6.307978901986929543e+01 7.077582227326703901e+01 5.179841846591256882e+01 7.183596938594766357e+01 6.009462650294275221e+01 7.681363478245008025e+01 8.321853341021389383e+01 7.906518222604697144e+01 6.468399139930374986e+01
5.711155028342642481e+01 4.911182429639370639e+01 6.886202358149130021e+01 7.194557817873069894e+01 6.418274320310861469e+01 6.403993510824946611e+01 7.519679040357634392e+01 6.254985712405823506e+01 8.155041762472185951e+01 7.905082472037283026e+01 8.927679318790198693e+01 7.654808968872713137e+01 9.083358618779361393e+01 1.105387928937495445e+02 1.072791567041501679e+02 8.711024744141428755e+01 7.279554066423914094e+01 6.400857209660914293e+01 6.023493319051183192e+01 7.388193315982115905e+01 5.383668643532196540e+01 6.712663093611095633e+01 5.324167938651959986e+01 6.110708585996557218e+01 5.664744192383596300e+01 3.634612749252634956e+01 5.434805647772438419e+01 5.280390139182708964e+01 4.315510836434105357e+01 5.997069023506777796e+01 4.537258654375212075e+01 5.693438136985132303e+01 4.842856680360544885e+01 6.855354014722287559e+01 6.306618858811916795e+01 7.727463265137296844e+01 6.374298073929421093e+01
7.199207982364454494e+01 5.219584293952549814e+01 7.199207982338435841e+01 8.636495809769685650e+01 8.431673174571237439e+01 7.838312121908866459e+01 8.852225027362156595e+01 6.818226199736137971e+01 8.851796923247815130e+01 9.899263476491101699e+01 1.031945926584370170e+02 8.341132070272338694e+01 9.298994853472443367e+01 1.126907208191753824e+02 1.131309754719841010e+02 9.301758419533339861e+01 9.230642324159896361e+01 8.074505333060426437e+01 6.089621848173924690e+01 5.502222950683245983e+01 6.763397198623599138e+01 4.745321634797853960e+01 4.323957293583142558e+01 4.086387885931689823e+01 3.855127809936712424e+01 3.627517455751768694e+01 3.403950065378885625e+01 3.273915009366395168e+01 3.144909276746853521e+01 4.998008954742544319e+01 5.693438136985131592e+01 3.668523557865243134e+01 5.053626813375927895e+01 5.615675178416729807e+01 4.871143304047968314e+01 6.896833925075495131e+01 6.520481583798625991e+01
7.696100752185141403e+01 5.708524068984084465e+01 5.824318791913189131e+01 7.229806393998360647e+01 9.220599981268215117e+01 9.842947109535001005e+01 9.672652165987085482e+01 7.744222376201550162e+01 8.268668230000712072e+01 1.026105576196718943e+02 1.113796795391565269e+02 9.339162249902777546e+01 1.032079216836368971e+02 1.208709849064089497e+02 1.114641187824915960e+02 9.135590831265783152e+01 7.963526367247480664e+01 7.067784772268161930e+01 8.074505333036253774e+01 7.034681435714952613e+01 5.054381616883251382e+01 4.746934644553878968e+01 6.346460153885489319e+01 5.522622017606608580e+01 5.882954713272918923e+01 5.657637984493789673e+01 5.434642661331358227e+01 5.203387306783493926e+01 3.174473464582207072e+01 2.964890576977494163e+01 4.837691559217233106e+01 4.729441226366971307e+01 3.026989430900034250e+01 3.595595335356789235e+01 5.613195067705316887e+01 5.925269875034637579e+01 4.502020568641357556e+01
6.484983333130300309e+01 7.696100752185141403e+01 7.812896335767008793e+01 6.524655981599241272e+01 7.934956806397475759e+01 9.923741581756779340e+01 1.056450330302340177e+02 8.914425770460735521e+01 1.026105576196718943e+02 1.107663610198856503e+02 1.212176746097152602e+02 1.130242208682460898e+02 1.212176746097152602e+02 1.311080481823811965e+02 1.197245212192186301e+02 1.081430834972841524e+02 9.912811932007407734e+01 9.081225893852696629e+01 9.468307397552104021e+01 7.862926750695831402e+01 7.034681436035791080e+01 6.736140005575001055e+01 7.563534660961892087e+01 7.530475155253071762e+01 7.649925117252601581e+01 6.646462671889501905e+01 5.507594074954538144e+01 3.478330622925371074e+01 5.202452476387582436e+01 4.825735086418364261e+01 2.812003557935130615e+01 2.705201212563940416e+01 2.598744614411982568e+01 3.664004822227369118e+01 4.375093385543192426e+01 4.281052842920760781e+01 3.067565594282542563e+01
7.636696775818695926e+01 9.300656398582778195e+01 9.181438503534083395e+01 7.189498135270801527e+01 7.934956806397475759e+01 9.084877565543548883e+01 1.106965113822469249e+02 1.088814578183614117e+02 1.170288840769780165e+02 1.203725344667118407e+02 1.121930654306770379e+02 1.152336500125577601e+02 1.152336500125577601e+02 1.234127653728484688e+02 1.276854894979406083e+02 1.178379035144735667e+02 1.096772821793290120e+02 9.468307397579755502e+01 7.474613481825477379e+01 7.002590664228843309e+01 8.350867949060051387e+01 7.973269925333616470e+01 8.795593607320093099e+01 8.238823609392433411e+01 6.239381548214456785e+01 4.812032291601803280e+01 3.791594487693553361e+01 5.507602359803481562e+01 6.323305076181081574e+01 5.444773545439467455e+01 3.335492945941641096e+01 4.729441296938459516e+01 4.475912752399647587e+01 2.454115999240204360e+01 2.351886539916234753e+01 2.257986551974029155e+01 2.164076919291155221e+01
9.626554560056163723e+01 1.044861872880878479e+02 1.000377361406642223e+02 8.599761182246227520e+01 8.599761182246227520e+01 1.058573178151205809e+02 1.189188368984908237e+02 1.190508894580518273e+02 1.108759304501402596e+02 1.090040267964816394e+02 9.252549153773117041e+01 9.554739454245833485e+01 9.554739454245833485e+01 1.152336500125577601e+02 1.195222541696259384e+02 9.983231018903198617e+01 8.988296762777628146e+01 8.231910304914026710e+01 9.468281282035897561e+01 8.350807346229433392e+01 6.352807016402325502e+01 5.973563950018049695e+01 7.465344099677045620e+01 8.288742118011664672e+01 7.210954887366811761e+01 6.046233825799495776e+01 4.022256787100185704e+01 5.197396475859220999e+01 7.205693503724860705e+01 5.576284485202439356e+01 5.576355285543841234e+01 5.865145486140730213e+01 4.687226286980558143e+01 2.699780916527075547e+01 3.114566426833650326e+01 4.281053206681251311e+01 3.603802085884992579e+01
1.080916053927270468e+02 9.996632026174002306e+01 1.080916053927270468e+02 1.058573178151205809e+02 1.058573178151205809e+02 1.140778604588660130e+02 1.166389660783893873e+02 1.108759304501402596e+02 9.122955613708516864e+01 9.698384594764988265e+01 8.128167848803005313e+01 8.175219165117110265e+01 9.554739454245833485e+01 1.152336500125577601e+02 1.276854894979406083e+02 1.161533126029130187e+02 9.641431636783345027e+01 9.641431636783345027e+01 9.758150550982649918e+01 7.767958796439565106e+01 7.767958673553224003e+01 7.465344099677045620e+01 5.462198160025614868e+01 6.993198073798834002e+01 6.384966896228800692e+01 4.366731929373441545e+01 5.458637798283900366e+01 6.873128603354507504e+01 8.028860562116850019e+01 7.792770564383775422e+01 6.259548029026075966e+01 5.045586071006169959e+01 3.052307635841925659e+01 4.097435422032754104e+01 5.154294445094208044e+01 4.411249670794351374e+01 5.698157018977726551e+01
9.835984425889694194e+01 8.056602823025116322e+01 9.835984425889694194e+01 1.014543920785654336e+02 1.095789742404157607e+02 1.108765785080980777e+02 9.692329149737389571e+01 1.108765785080980777e+02 9.698384594764988265e+01 7.744337840450482702e+01 7.257802991647365332e+01 9.209213959594519849e+01 1.066608925824523766e+02 1.193143143691977741e+02 1.274928638678618853e+02 1.243189488957918059e+02 1.161533126029130187e+02 1.161533126029130187e+02 1.057706934934009553e+02 9.758161169116498002e+01 9.758135427621374447e+01 8.288742117571278811e+01 6.993198073798834002e+01 4.984791000760630908e+01 4.725741552669484236e+01 5.790566386459612147e+01 7.199240619719839174e+01 8.287755183288102501e+01 8.085792904834575268e+01 6.660402410887763835e+01 5.425354044178141777e+01 3.415810818313680386e+01 4.453868274586369580e+01 5.879421932003715057e+01 6.941517407119994232e+01 5.609489206503708658e+01 7.253549034255220818e+01
7.937241999252483993e+01 7.087715733423918607e+01 8.770590531039131577e+01 8.201109562890653137e+01 1.014543920785654336e+02 1.020911751403759808e+02 8.309469370278239353e+01 1.020911751403759808e+02 1.051402227975685264e+02 8.721361217607726246e+01 6.765453466177297059e+01 7.894985669316130839e+01 9.850211209640349352e+01 9.959879685470566812e+01 1.161051586956563710e+02 1.089013060219750315e+02 1.005327854251776785e+02 1.089013060219750315e+02 1.126896252711481310e+02 1.012516144840365087e+02 9.305923116959968411e+01 7.749680614359685649e+01 5.748212415065437852e+01 5.658563008903732339e+01 6.738128000391827754e+01 7.529355934248259530e+01 8.511285693601092817e+01 8.573016848507496945e+01 7.152527156076052961e+01 5.235011918453104585e+01 3.797729525802714790e+01 5.425354044183396951e+01 6.259548029016495008e+01 7.305207050282159287e+01 8.534164427808019582e+01 7.688915138870056865e+01 6.905200973500066652e+01
8.293781468677659063e+01 6.343180739463934970e+01 6.825117661559731630e+01 8.770590531039131577e+01 1.060349818434365687e+02 9.393106795723045366e+01 7.436386381425876380e+01 8.470699946499260591e+01 9.284873803116644808e+01 8.358158266262738323e+01 6.395641308416009707e+01 8.358158266262738323e+01 1.021076487226443135e+02 8.830194642019557705e+01 1.073130109896954423e+02 9.881201277899620550e+01 8.036447534401503390e+01 9.881201277899620550e+01 1.045159441609235387e+02 8.467233517221644945e+01 7.312597984677287855e+01 6.604241964976736767e+01 7.749680587065014947e+01 7.660504898130412244e+01 6.731357874609771841e+01 8.727473672329682586e+01 8.842578096790815323e+01 7.683175776787263089e+01 5.732037463643832353e+01 4.282971441385623734e+01 4.404807332309356838e+01 5.824021095159319117e+01 7.833985770950702943e+01 8.919478067347669992e+01 7.913333534714620043e+01 7.081232849149438380e+01 6.407658419310952524e+01
6.908538110064431237e+01 5.765986847379904390e+01 7.730691540631148939e+01 7.846914320132293597e+01 9.792052439763114080e+01 9.856132808172711179e+01 7.896834865013890692e+01 6.508113638010590307e+01 8.470699946499237853e+01 8.011231003990991439e+01 6.041252968457895633e+01 7.437673929323446487e+01 8.936919780151976056e+01 7.958546842045502956e+01 9.915292718258457683e+01 9.044863038459627091e+01 7.031487808692628505e+01 9.044863038459627091e+01 1.024845435441681616e+02 1.012516144840365087e+02 9.305923116959968411e+01 8.601176257886635312e+01 9.422020582388250887e+01 8.727473672329682586e+01 8.145558958004093597e+01 9.547851066604879122e+01 8.013561610876280383e+01 6.007002768883523203e+01 4.825545495338888458e+01 6.321733678954056046e+01 6.433611476282727892e+01 5.373822641478599138e+01 7.378737319126000216e+01 8.088794117447166343e+01 6.073671580851983975e+01 5.060509559634149213e+01 4.378516691519968163e+01
