LEM/with_lateral_4open/elevation_000221.asc
nrows	100
cellsize	150.0
xllcorner	0
ncols	100
yllcorner	0
NODATA_value	-9999
[rows 51 to 67 of 100, columns 37 to 73 of 100]
8.872982650703333718e+01 1.026528465457896147e+02 8.432861859257499759e+01 6.466385638927724244e+01 7.190264931119486391e+01 5.478750087193244411e+01 7.490099145903201361e+01 8.620507813719588341e+01 7.968259384973545423e+01 8.028040341869042607e+01 9.169651615308700343e+01 7.779802810699663951e+01 8.413820520630368094e+01 1.034747075342395846e+02 1.221856298395271665e+02 1.228873727316431967e+02 1.028730514068177371e+02 8.883603947377213217e+01 7.899378621918386045e+01 7.156437972236351186e+01 6.497931844695116865e+01 7.962652694221362992e+01 7.097740737756025453e+01 7.677136824237570067e+01 8.297978350065513098e+01 6.531934305840405841e+01 6.839779618598011268e+01 6.333253047203659492e+01 5.714410722286640265e+01 3.912958793858213369e+01 5.914002242563052647e+01 6.282818719164365717e+01 8.286284448447371176e+01 8.481094346299958886e+01 6.481789643231398657e+01 5.327907689436768379e+01 7.326795237791236559e+01
8.323958440636921807e+01 8.323958440636921807e+01 8.465496776001937462e+01 6.597345876610351922e+01 5.160402823208155354e+01 7.190264931119486391e+01 6.771064525596743522e+01 8.727384598335093813e+01 9.903503464495184971e+01 9.386588891593707729e+01 1.051997036316201957e+02 9.703069943206128301e+01 8.498789595280148035e+01 9.858133660462728187e+01 1.181623597688648886e+02 1.173168044652452693e+02 9.733435358488321754e+01 8.591196310831580263e+01 7.788917600200295510e+01 7.196183941520551741e+01 7.636480355750944682e+01 9.295880378080181572e+01 9.076027661814973158e+01 9.658693847316297365e+01 9.061746377346703696e+01 8.294362822023538229e+01 7.174901920039540926e+01 5.138934316558308524e+01 3.713259121334210278e+01 5.696618336486450573e+01 5.179017234480571830e+01 6.592874946963645755e+01 8.591502442490310898e+01 8.304446510286948069e+01 6.304968731634988899e+01 4.891099863243515955e+01 5.482855653842896260e+01
6.355063479217513844e+01 8.149434037681412235e+01 8.430051036486523230e+01 6.417906114020095742e+01 4.946617028259554161e+01 6.987194124430693876e+01 8.727384598335093813e+01 8.727384598335095234e+01 1.067843002950200173e+02 1.134311825638339144e+02 1.182599755421028931e+02 9.858519876133318860e+01 9.858519876133318860e+01 9.712608199974609136e+01 1.167712552948253233e+02 1.256270324778141543e+02 1.057799310703998970e+02 9.401038701475660275e+01 9.766886711488824346e+01 8.179390560721630266e+01 9.614472304053585106e+01 1.044153380226711363e+02 9.340365458177687685e+01 8.445689968799931080e+01 7.616305972977066574e+01 6.909612122035335346e+01 6.393340050340392366e+01 5.574981735953781481e+01 3.573718976774402734e+01 5.574981784539868812e+01 7.177682017121701108e+01 8.005554013045508555e+01 7.647163992902756036e+01 6.879927901978803106e+01 6.051087184415934672e+01 4.482282883748221991e+01 5.115417232906181511e+01
5.329543238004756489e+01 7.339510959927225997e+01 7.333057413624712240e+01 6.512646827401411542e+01 4.737563636079708118e+01 6.787099077654394819e+01 8.734107948487876172e+01 9.862503261684035749e+01 1.073842561800419304e+02 1.156170489373238297e+02 1.265468972106118315e+02 1.182599755421020404e+02 1.182599755421360186e+02 1.109458300317554631e+02 1.250488819099683866e+02 1.341065125130944296e+02 1.222507430127649570e+02 1.139472367946002578e+02 1.099021664256546700e+02 1.016162260968882549e+02 1.099021664256546700e+02 9.925821962268672394e+01 7.924103681874480287e+01 6.511153145018774069e+01 5.617473916082122543e+01 4.910098994478966716e+01 4.392991298217737750e+01 3.907216239382950818e+01 3.435153133344443432e+01 5.253467679382646338e+01 6.082303589454082271e+01 7.315893549823394437e+01 5.646867827173578291e+01 5.646867827173578291e+01 4.050303444265384911e+01 5.465390186475915613e+01 7.114676934811281228e+01
6.334467370285766918e+01 6.055156542048963786e+01 6.243519296214937242e+01 4.454217027654048877e+01 6.213744532127701348e+01 5.941595249086715569e+01 7.098510516205458032e+01 9.046140016360347147e+01 8.791377700925747263e+01 1.043072355324351577e+02 1.144583711008126272e+02 1.138163260743483391e+02 1.220122080073662261e+02 1.308363967675201991e+02 1.265866570642029103e+02 1.182483224091747047e+02 1.177675343485587689e+02 1.118616650878412884e+02 1.068116145958974954e+02 1.022966497550682874e+02 9.826213205213878155e+01 1.041716094589260990e+02 9.340365458177535629e+01 8.323466152946333807e+01 6.323974607216129584e+01 6.909612122035335346e+01 6.289557752140941460e+01 4.289077599152480502e+01 5.253185882564516618e+01 3.251958750990427660e+01 4.486329800659590461e+01 5.901111675241192245e+01 5.265254044247225096e+01 3.645668266589359519e+01 5.646867827173578291e+01 6.879927813729825914e+01 8.294464781292023758e+01
5.843355964072732434e+01 3.991818864237597353e+01 4.180108707218145980e+01 6.243519296214937242e+01 7.278531123627476518e+01 7.918663024167271658e+01 8.021064961347447309e+01 8.385624476933348603e+01 7.671595176552524720e+01 8.663728361550619184e+01 9.813753069767325599e+01 9.461380184716952613e+01 1.130215590005072954e+02 1.226333586845494352e+02 1.182483224091747047e+02 9.805193863877117622e+01 9.757796529508979688e+01 9.166146312006650021e+01 8.662007799566620747e+01 8.212406124034514221e+01 7.811494635502583606e+01 8.401592042388057280e+01 1.014105468980289118e+02 9.153297304024361836e+01 8.323466152946333807e+01 6.772510902666934385e+01 5.358809652142743829e+01 5.703853102710833411e+01 6.079281303413974058e+01 4.486262045397525355e+01 3.070868394419523639e+01 4.893606964508263957e+01 3.263873269762655127e+01 5.265254044247225096e+01 6.475695836591187060e+01 7.442926489322478290e+01 8.266603497242256537e+01
3.787012246893353051e+01 5.847091484457034483e+01 4.331466816952974597e+01 6.390653172942469240e+01 7.549704321885103298e+01 7.518418278307071034e+01 6.037362609762783450e+01 6.417681524234288304e+01 6.844969004438527804e+01 7.284013892953318248e+01 7.868543906484077866e+01 8.617901709865955695e+01 9.544708374057786671e+01 1.144116859187413411e+02 1.156309928046604369e+02 9.542892321637521036e+01 8.376240097039922716e+01 7.740227268792091309e+01 7.240242465057168886e+01 6.794969963051883610e+01 6.397036823024907193e+01 7.295007668480292295e+01 8.570629434224406396e+01 9.405282013446348799e+01 9.602797655683735911e+01 8.187654279175339411e+01 6.513126256334102493e+01 7.703563762072235477e+01 7.305399823005835458e+01 5.899322478801990144e+01 4.893529370188061733e+01 2.892584622855049403e+01 4.736391801498190546e+01 5.352497202319933933e+01 6.050274937631551353e+01 5.476274235923438027e+01 7.442926489322478290e+01
4.990305724058642056e+01 6.675375534294002478e+01 6.388679765256800636e+01 4.683563563464345947e+01 6.733090427313601367e+01 5.508155989587424273e+01 6.159576861363707678e+01 8.126501940147211656e+01 8.801609489853871082e+01 9.237084368039667481e+01 8.244500588539682440e+01 1.009009871107918599e+02 1.130215590005072954e+02 1.226333586845494352e+02 1.239719326626036633e+02 1.123192978514870362e+02 1.039673224896763202e+02 9.757796529508979688e+01 9.253404214329763988e+01 8.212406124034514221e+01 7.884018110310670124e+01 5.881146554516221414e+01 6.563714847483224446e+01 8.245217075699645193e+01 9.451343883759561493e+01 9.342907726934126345e+01 8.512982815812576121e+01 8.377022749384391886e+01 7.482418986104799785e+01 5.710511632836784912e+01 3.709510017808756288e+01 4.736391800959626153e+01 2.735702257659452030e+01 3.368023175742236930e+01 4.075253858830757991e+01 5.476274235923438027e+01 7.442926489322478290e+01
7.034619997837242522e+01 7.873861561086852134e+01 7.549563670582710984e+01 6.152152473582786740e+01 5.054291410712703936e+01 7.088089600064854778e+01 8.126501940147211656e+01 7.206931765122338618e+01 8.826370581371753588e+01 1.055036232327726964e+02 1.035901880388088330e+02 1.102266906803107815e+02 1.131239142555841681e+02 1.214858881290566046e+02 1.217154467001586795e+02 1.116356247928274428e+02 1.032852269121831910e+02 1.116356247928274428e+02 1.106475039362929493e+02 9.896743292777567547e+01 7.884018110310877603e+01 7.411936757328798819e+01 5.405576926402925864e+01 6.671660832198055857e+01 8.592555634842265988e+01 9.318964592665665236e+01 8.962217352655792979e+01 6.961663228418582605e+01 5.548037254062800372e+01 4.653259792571613218e+01 5.710511632836762885e+01 4.627386040878387519e+01 2.626806040158658817e+01 4.474328273312263349e+01 5.303185249423802361e+01 6.566477204774838583e+01 6.482437448466778562e+01
6.452424442151620099e+01 8.406576059549469448e+01 8.946366048646149238e+01 7.536897970579543937e+01 5.530039129172699575e+01 6.965472011553414688e+01 8.916468233638505581e+01 9.109701317546181087e+01 8.552989701445144988e+01 1.046213301333398249e+02 1.072849531433331407e+02 9.670843584265620052e+01 9.308401815760981890e+01 1.131239142555841681e+02 1.131964137468231684e+02 9.318850827319849373e+01 8.309178963421369701e+01 9.843649172181359575e+01 9.392669298012810941e+01 8.972663749915713538e+01 8.531844182543643740e+01 6.523248305359808796e+01 5.103710949509700612e+01 6.090058774620794679e+01 8.220263788969991481e+01 7.336384104499686032e+01 8.744458548478196747e+01 8.377022749384391886e+01 7.482418986104799785e+01 6.653374969204078582e+01 6.127867074938836112e+01 4.248914657480377599e+01 3.772811490503629273e+01 2.473851825405849070e+01 3.737175615905398729e+01 5.151820106917084274e+01 4.482336207013292295e+01
8.082718586446922870e+01 9.207455172140147681e+01 8.771615468153744644e+01 6.819367712093020373e+01 6.711187032328851387e+01 6.558631734542593961e+01 7.697391538813543832e+01 9.636738975889811343e+01 1.046213301333398249e+02 1.127482847847528689e+02 9.895356783043270354e+01 7.912776760439791701e+01 9.895356783043270354e+01 1.142841156996770025e+02 1.048474222999127079e+02 8.465359084456623862e+01 7.303426328877219476e+01 7.826805861931023856e+01 7.378393450481875959e+01 6.961105185767392811e+01 7.196266890351688517e+01 6.824249017370131298e+01 4.819697528139377596e+01 5.754161606701750031e+01 7.587539533746651443e+01 5.996666462794301111e+01 7.832668260789736792e+01 8.011187373667249290e+01 7.173075466446080384e+01 6.341524520761409889e+01 6.805772273178550336e+01 6.083903655589256232e+01 5.009489380405801739e+01 2.882318729075457142e+01 2.321830749623917711e+01 4.172628405644269378e+01 3.327048881256735768e+01
6.977480400361245927e+01 8.932967461938098097e+01 9.583366355147127535e+01 8.203287500191922277e+01 8.096910418356979733e+01 7.697363296208796157e+01 9.329114204638271701e+01 1.047407842781564398e+02 1.092417449540384098e+02 1.066807281111434520e+02 8.659283536256825187e+01 7.258991438172996880e+01 8.568513940527346051e+01 9.998462755247524569e+01 1.100889930670220451e+02 9.843649172181359575e+01 7.826805861931023856e+01 6.408801310663156414e+01 5.963300095792212829e+01 5.547693181236380155e+01 5.194952886983260498e+01 4.867056580552474543e+01 4.548405915170340563e+01 6.254064082922415224e+01 6.054655488180004852e+01 5.077241912197869311e+01 7.002903970860018035e+01 6.005970589549045258e+01 6.341524456651319497e+01 4.345737651179324956e+01 4.594096066990051241e+01 4.784722186752711792e+01 5.484477859235325070e+01 4.965211760962851884e+01 4.126727242211605073e+01 2.171531902141139625e+01 4.023332436757545594e+01
6.512968854834427646e+01 7.906503491414876805e+01 9.848373997116820533e+01 1.014368055628311396e+02 1.003600502918125272e+02 9.634309218429272903e+01 1.045485581193218962e+02 1.033144866312696166e+02 8.899310253464076936e+01 9.643440687667809641e+01 8.682280754735731421e+01 6.691952053908897824e+01 7.154106691656994599e+01 8.150953156732769855e+01 1.017007220179357461e+02 9.843649172181359575e+01 7.826805861931023856e+01 8.417525590912622135e+01 6.811174602141339562e+01 7.550277048452522877e+01 6.347591226756061644e+01 6.867061538601549842e+01 5.667406002423031453e+01 4.258790243184692770e+01 4.061203530722164601e+01 5.062920702998393807e+01 5.595833557158481852e+01 4.597970630436184081e+01 5.289894147731527596e+01 4.930289779719536369e+01 2.922294203274019964e+01 2.767622693942474754e+01 2.627175377507174403e+01 4.441700215831719589e+01 4.306911291959486476e+01 4.023638486467208963e+01 2.023419906493707288e+01
7.906503491414876805e+01 7.906503491414876805e+01 9.848373997117292333e+01 1.125959565903293083e+02 1.009064929814114606e+02 9.251886285899470863e+01 1.009064929817422751e+02 9.492333406444925004e+01 7.477359282336847457e+01 7.627478311227535812e+01 8.157309685460093363e+01 6.167417183368547029e+01 7.568376983491711485e+01 9.579119001877180040e+01 1.100889930670220451e+02 1.067886025126672251e+02 9.843649172181359575e+01 9.657236293005132666e+01 7.969759038491829983e+01 9.190429453528631143e+01 8.355579406396941522e+01 8.498337637082471474e+01 7.084711774198828493e+01 5.667420446980096216e+01 5.784119403111822066e+01 3.793036894404444581e+01 3.605501415088614436e+01 3.450398295296783857e+01 3.297496653111637954e+01 3.143235732402324700e+01 4.930289495612262840e+01 4.590496514624729940e+01 2.743753188019742240e+01 2.447419758312316418e+01 2.305859230897275580e+01 2.188228965374434054e+01 3.673282119848875027e+01
9.848373997117987244e+01 9.848373997117360545e+01 1.066035775306327906e+02 1.042067503513861908e+02 8.396273538141512915e+01 7.235750594320026607e+01 8.243818440109758683e+01 9.081290181540055073e+01 8.217940020669161072e+01 6.219995526359528526e+01 7.276095412029206955e+01 5.783066312741247827e+01 6.768152263162491522e+01 8.180084778611987417e+01 1.019962385922709558e+02 1.072248102275016635e+02 1.155482997423004861e+02 1.082142338912984769e+02 9.986406150469093745e+01 1.022222426550837184e+02 9.386447660113404368e+01 8.669191694992477437e+01 8.033090192341272484e+01 7.670318427081168977e+01 5.980499821952904682e+01 4.003351722357074038e+01 5.595744155775742001e+01 4.596587813034153669e+01 5.289894182676300005e+01 4.144288737714711601e+01 5.969033858058915598e+01 5.113849132273975329e+01 3.996076280001859260e+01 2.612044298692579858e+01 4.110023649034106086e+01 3.703918172727860991e+01 4.900333384671233716e+01
9.950033256340452681e+01 1.006233885097432506e+02 9.205050120848336803e+01 9.700544531364450052e+01 1.009064929755028288e+02 8.243818440109738788e+01 6.239767185739734856e+01 7.457764866858003927e+01 7.692282905114853975e+01 6.859802087670912840e+01 5.293094634654172381e+01 7.276095412029206955e+01 8.604758588710959089e+01 9.609231942169580520e+01 1.039753999122937813e+02 8.720060031444180026e+01 1.039753999122937813e+02 1.127713566471380915e+02 1.056089794559362929e+02 8.526690380178105499e+01 7.357741432979376839e+01 6.657670444988441716e+01 6.038807434308772315e+01 7.218928799613867398e+01 6.266211485901190059e+01 4.289643750877026207e+01 6.266068856099892059e+01 5.994131749052417746e+01 7.035816265120139690e+01 6.181434839885628918e+01 7.039728919651389560e+01 5.820598054646799824e+01 4.807837160497030027e+01 2.830683007860669775e+01 4.884664233481012729e+01 5.753471526850935902e+01 6.017851590952160734e+01
7.889925001377400804e+01 8.876405445044127873e+01 7.157417253555028935e+01 7.645795129257334111e+01 9.700544531364370471e+01 9.081290179657655415e+01 7.457764866857998243e+01 5.464892100500860295e+01 6.793473944738961734e+01 4.878897615660301312e+01 6.859802087670912840e+01 8.109840196619582287e+01 9.031997007103167618e+01 1.019677284657411036e+02 9.566382724388684267e+01 7.567377404326320800e+01 8.443520563831437187e+01 1.044516810846150037e+02 1.139196961470598382e+02 1.022222426550837184e+02 9.386447660113404368e+01 8.637324099189844162e+01 6.631410229723245209e+01 5.240710461957620225e+01 4.748973971415044559e+01 4.978432796675626548e+01 6.894376901697241067e+01 7.963494057920146929e+01 8.152774620388305493e+01 7.148723040146789742e+01 6.327138568963176368e+01 5.210042673976253269e+01 3.164140357433201700e+01 4.803330407176188288e+01 3.873802038513078116e+01 5.980289192687325084e+01 6.895567723265615712e+01
