LEM/with_lateral_4open/elevation_000534.asc
nrows	100
cellsize	150.0
xllcorner	0
ncols	100
yllcorner	0
NODATA_value	-9999
[rows 0 to 16 of 100, columns 37 to 73 of 100]
8.884754177262699226e-02 6.929726548558100274e-02 7.395023591448830758e-02 4.828361932999872264e-02 4.897713358561925356e-02 8.568734790590110117e-02 1.075183056328203948e-02 6.823539046102447547e-02 7.194897206013613211e-02 1.557559815681563986e-02 7.704183385687686514e-02 1.685416958384493638e-02 9.680445094065920353e-02 7.639902522890137937e-02 4.559330980047965332e-02 5.839666421669215124e-02 9.739037529851846120e-02 3.670263267501718690e-02 2.041064012308905357e-02 6.895211126444661387e-02 9.031524355919069713e-02 1.560024811392830661e-02 7.641644294168103979e-02 3.888124420523987601e-02 6.873285589001959517e-02 4.772367030474261584e-02 9.504926490987847254e-02 5.760415539182907330e-02 9.666222459857021221e-02 9.627991409191682948e-02 1.286757495974483190e-02 9.381044340810595905e-02 7.584058927755046864e-02 1.435327048224320848e-02 5.777975670406795827e-02 2.716720951219454838e-02 4.735230246529398453e-03
1.423098316550345110e+01 2.006929726548522552e+01 6.736714862689122008e+00 2.004828361313128227e+01 2.004398161844629911e+01 7.165676457825080892e-01 1.744465787920787037e+01 1.968939719749716488e+01 1.689465039224395326e+01 2.001557559815645959e+01 7.148256151390702584e+00 2.001685416958348895e+01 1.423894922766232796e+01 2.007639733812216676e+01 3.527146446264248780e+00 2.005839606189498880e+01 1.423952599902959371e+01 1.417883917484139999e+01 2.002029991893064675e+01 1.741436130898613932e+00 2.008956300041920784e+01 1.937014049869081944e+01 1.438218417570247709e+01 1.418101686793631444e+01 1.421086847962084398e+01 8.991995580303978386e+00 1.009504926490979138e+01 2.005760415539147345e+01 2.009666222459821583e+01 3.747763630793031986e+00 2.001286757495939028e+01 1.423594606713918154e+01 2.007584058927719539e+01 8.958625180481321948e+00 2.005777975670371305e+01 1.054498203387223887e+00 2.000473495283102565e+01
3.423098316550274234e+01 3.350976175432988668e+01 1.378176022841398130e+01 3.350947046359228665e+01 2.145442214090916622e+01 1.347762048882697128e+00 2.105266597457292121e+01 2.657216761490993306e+01 3.379565599484612193e+01 3.543528187453127032e+01 1.609737494510740419e+01 3.554240662586210675e+01 3.424024370277498264e+01 2.707344086760784307e+01 7.062680671227830942e+00 2.707404717215487722e+01 3.423952599903029892e+01 3.417910430436600677e+01 2.342070349761400294e+01 3.419798840528530892e+00 2.342043141028482367e+01 3.412548807158187714e+01 3.448287084275903425e+01 3.418101686793701788e+01 3.421086847962013167e+01 1.899199558030415602e+01 2.423718488864049192e+01 3.837932051237068265e+01 2.746167039433444046e+01 7.461670394334085188e+00 2.746167039433444046e+01 3.423594606713988497e+01 2.895862518048096490e+01 2.310076080421202249e+01 2.208318728738855086e+01 2.083187203134505339e+00 2.208318728263844122e+01
4.176654874076908186e+01 4.171483121939041183e+01 2.506328968501376053e+01 4.171250500595640887e+01 2.835987258758574114e+01 1.995746994610955127e+01 2.242636790652312140e+00 9.485994841293821978e+00 3.430067339414444660e+01 4.472028625650582967e+01 3.040805580543185016e+01 4.472527224506571031e+01 4.516531926976298905e+01 3.079665447754451435e+01 1.077659095360460739e+01 2.232799014809174309e+01 4.236521988039597630e+01 4.182941129593189800e+01 2.290438738479239333e+01 2.108611118666277306e+01 5.845154163269656422e+00 2.647263839622619486e+01 2.941743254043780098e+01 4.246202933258588530e+01 4.727626682776705991e+01 3.313413120403560441e+01 4.423718488863978138e+01 3.900867577812751108e+01 1.900867577812680764e+01 1.193380634933370210e+01 2.348081173312642278e+01 4.348081173312712622e+01 4.895862518047131573e+01 4.310076080421077904e+01 2.311598289144419383e+01 3.115982762123151950e+00 1.725811838744710869e+01
5.005081998859682102e+01 5.228558941919060743e+01 4.288794200901032383e+01 4.236924921011312506e+01 2.341642006913477303e+01 2.274702492870795467e+01 2.876998273931742567e+00 1.047501986726468637e+01 2.493233719333987253e+01 4.684569215658265762e+01 5.141946148847986819e+01 5.104939162103805472e+01 3.096992414310049568e+01 1.680708346699736921e+01 3.079670386685893391e+01 3.909983744171659481e+01 5.067140018129761359e+01 4.826949762450229997e+01 2.973681376603283155e+01 2.742834093394532857e+01 7.752076462687811365e+00 1.174170533068808631e+01 1.613726875041680486e+01 3.616257519081918304e+01 5.141638697201265273e+01 5.313413120403630785e+01 5.315081140185895947e+01 3.315081140185825603e+01 3.693380634933449613e+01 1.693380634933378914e+01 3.693380634933449613e+01 5.176508298058932667e+01 4.917295740974808638e+01 4.086552593216543983e+01 2.415433120340439288e+01 4.154331025425486601e+00 2.415433120340401274e+01
4.235281639903585216e+01 6.235281639903695350e+01 5.303775603168161012e+01 3.937366613961416562e+01 2.399175137864236618e+01 3.782820005436542843e+00 2.249776096299233075e+01 1.047886359016953151e+01 2.996655068202282379e+01 3.835351501532743868e+01 5.767515006248375187e+01 5.363392439105417964e+01 3.312064450715070052e+01 2.152184388494201173e+01 3.569934483090469968e+01 5.581856034643975306e+01 5.822733289880469698e+01 4.824608321414504530e+01 3.046086834442537494e+01 1.048638886073204901e+01 2.772395028949037865e+01 3.170516920984371367e+01 3.616257519081918304e+01 2.327310352196861132e+01 4.319262280921729058e+01 5.980863435850903187e+01 6.143508264932115992e+01 5.315081140185895947e+01 4.296403324088987574e+01 2.296403324088916875e+01 3.693380634933308215e+01 5.693380634933237161e+01 4.087603027309062753e+01 2.085785820542320224e+01 2.502746927422348122e+01 5.196903105116133403e+00 1.007200767508833650e+01
5.649495202353458723e+01 6.536225967593904329e+01 4.166078373767088294e+01 1.866492002660174521e+01 1.028458252439298448e+01 4.424650771014333905e+00 2.440069737066345112e+01 2.995912681650559861e+01 1.902591859656470419e+01 3.835351501533536833e+01 5.668902097784116023e+01 6.215149173879483868e+01 4.992722133675447793e+01 4.159215922068126758e+01 3.047721581753762266e+01 5.058443090433704725e+01 4.995069296662286007e+01 2.999648245833108717e+01 2.001291458748821839e+01 1.245699391822762436e+01 3.242908665617768804e+01 4.412485651598432668e+01 5.141637233279514163e+01 4.319262280921729058e+01 3.180976842757289091e+01 4.583087000288825408e+01 6.558504006488301741e+01 5.710616886462132413e+01 3.710616886462062070e+01 3.296403324088952047e+01 5.124830448835006536e+01 4.845943084841017168e+01 4.009956959189712222e+01 2.671402975769618848e+01 6.710928789316052523e+00 2.519973710980783466e+01 2.937743790256317666e+01
6.423252294652553473e+01 5.833610987208812304e+01 3.867995213641675889e+01 3.863896080712640924e+01 2.974058069268649973e+01 2.406794019857803590e+01 5.338476339816446981e+00 2.552230817796214879e+01 3.505269756382249113e+01 2.994400625828975393e+01 4.080735199065459540e+01 5.946935231665318611e+01 6.482669591747004745e+01 4.468538327997853088e+01 4.207191037226458263e+01 5.891889589785796488e+01 5.822791252838485576e+01 4.824617108743864691e+01 3.634479866919301116e+01 1.637882709678275717e+01 1.588661150855528525e+01 3.585526592118710454e+01 4.728399908498455062e+01 5.802570645483856282e+01 5.161673245733423698e+01 4.326731111314887812e+01 6.302218064880982240e+01 6.539044011208451934e+01 5.710616886462132413e+01 4.451103862468244188e+01 5.169367725168238792e+01 3.161209935267277871e+01 2.004315347507971978e+01 2.770679899501838506e+01 7.790835155044879556e+00 2.191535294625794350e+01 4.168280201840278210e+01
7.019129541436676334e+01 5.723972016213767233e+01 3.798630971514062793e+01 2.439180653742456428e+01 3.713466054184750931e+01 3.168101950333634065e+01 2.290882166195353520e+01 6.254223187035683473e+00 2.334043151027287522e+01 4.658371728036780723e+01 5.668902098026980241e+01 6.722812230204131367e+01 7.316362928690716672e+01 6.482654641360768721e+01 6.221098172962645378e+01 7.052504433815185791e+01 5.309431076135875571e+01 3.898578200335411026e+01 2.901014685276309990e+01 2.096540471448509990e+01 3.585527132050082599e+01 1.942127272160730556e+01 3.084364893444960742e+01 4.999512056011434424e+01 6.291794739943561865e+01 6.302181825075314947e+01 5.939687724795540191e+01 7.915396105294901474e+01 7.279530987214634763e+01 6.451103862468386296e+01 6.008237028597292806e+01 4.845943084841007931e+01 2.942658678604288980e+01 9.331656658847267138e+00 1.923504713118101961e+01 3.318008556793864017e+01 4.662103925506038848e+01
6.230067041724534249e+01 4.306258402329815027e+01 3.189873113403005078e+01 3.713555465409595513e+01 1.756225244202902047e+01 3.100189054724378579e+01 2.621730213930932152e+01 6.903123179125588926e+00 2.702723749930056130e+01 3.703800098464000712e+01 4.552199796363004225e+01 5.570645738202374275e+01 7.025719413517829537e+01 7.145343132331227309e+01 7.998671450845687048e+01 8.133716980514638806e+01 6.721918841378987963e+01 4.776624258165938386e+01 2.781639020861983624e+01 4.092349967009675993e+01 4.766278407204467982e+01 3.938628270464808168e+01 2.316570557764978489e+01 3.468646214942954487e+01 5.463814694967413033e+01 6.925147500147247115e+01 7.915380700535220626e+01 7.801489828979900665e+01 6.642660814962961524e+01 5.745692484662301069e+01 4.915066291578821733e+01 4.208582102147489223e+01 3.048968270404488123e+01 1.043610815586113638e+01 3.047764694143272024e+01 2.073050162460760504e+01 3.868223188212719066e+01
5.025149779714156040e+01 4.156275256171121413e+01 5.119355605900664585e+01 4.517125395090470619e+01 3.117712140066090853e+01 1.131427527127531008e+01 7.834672560823476850e+00 2.697791137195454780e+01 1.267389804128469599e+01 1.693048235797650491e+01 2.689953129316036495e+01 4.115444570086721399e+01 5.681531333440415921e+01 5.075202090135465482e+01 7.145343132331227309e+01 7.341764075820216817e+01 5.343693599846522346e+01 4.191939741210459403e+01 3.383187982008901429e+01 5.378118415516939166e+01 4.747171036580836301e+01 2.752522555044668451e+01 4.311903487140065749e+01 3.209198149947595624e+01 4.100727844723589754e+01 5.511212077368747231e+01 7.509909505713027045e+01 6.972066264510083045e+01 4.962994058302935940e+01 3.806238721832341554e+01 2.917447400734977592e+01 2.214286341978836248e+01 2.628535579511972742e+01 1.154588889461289369e+01 1.546487926672454627e+01 3.621304379729142653e+01 2.643309831842987023e+01
6.871625997839169031e+01 6.082435955630093360e+01 5.858634485263966951e+01 4.004456950400116710e+01 2.021613762380717105e+01 2.850735850406685756e+01 8.505898412501478489e+00 2.852929536181418868e+01 3.278742189472322366e+01 3.703799827093998687e+01 2.443896203206384499e+01 3.015490671950055201e+01 3.642382560227208899e+01 5.075202090135465482e+01 7.145343132331227309e+01 8.170221291680292097e+01 6.530974180916253147e+01 4.534169421462141969e+01 4.793149242937914067e+01 6.205928226843208506e+01 5.062497197095308366e+01 3.068197371678585839e+01 5.062477493198692002e+01 4.360237354482959660e+01 6.032033515949263602e+01 6.925369373873172663e+01 7.136904048782943732e+01 6.309082056527250870e+01 5.602210765496220546e+01 4.999233700556196425e+01 4.464425513225369713e+01 3.327749989542740394e+01 1.318473174678289794e+01 3.163205751011816247e+01 3.718058852060120500e+01 4.908360301785369018e+01 4.521318080287646524e+01
7.400064761072913200e+01 5.472388598791510361e+01 4.080793401727438408e+01 3.085827240446744213e+01 4.003965882317751124e+01 3.501123156527488334e+01 2.633013333317283511e+01 9.457927255930920651e+00 2.590191105903096513e+01 5.008659083372815957e+01 4.453224805631470673e+01 5.036696880918295705e+01 5.681532362381289403e+01 6.536936770490579818e+01 7.572958630008773184e+01 8.412966412008138661e+01 7.359271222923106848e+01 5.686186277524268462e+01 6.790358925262846412e+01 5.845028299256706106e+01 3.849957619297602207e+01 3.475280230267868120e+01 5.469581887142650345e+01 6.356709300619968417e+01 7.186295683864585726e+01 7.463145932183736875e+01 5.464265367512394533e+01 4.309769744527083191e+01 3.602364627871048697e+01 2.998166668343023744e+01 2.461177912372108878e+01 1.972465769615108044e+01 3.327749989542740394e+01 1.492472429327711225e+01 2.262822311254886642e+01 3.864311098672375522e+01 4.725042270120876964e+01
6.516371395943220080e+01 6.830968061233026845e+01 5.858634483439372787e+01 4.660144984426558068e+01 3.850038385774826821e+01 3.522705425089636577e+01 2.808119149359459144e+01 1.013231160404471964e+01 3.048740882389121865e+01 4.782081876420667754e+01 5.622069347342096535e+01 5.771917814081996312e+01 6.611997001727567635e+01 6.137410858651293921e+01 5.542787502320561543e+01 7.572958630008773184e+01 8.513529076412039842e+01 7.684975917731395612e+01 6.738201497304490317e+01 4.741005510704677306e+01 5.845028299256706106e+01 3.958391857105235800e+01 4.735579346038333171e+01 5.887556306879088197e+01 7.886941741374202763e+01 8.291078337997119263e+01 7.136904052327346903e+01 6.309082056527250870e+01 5.602210765496220546e+01 4.999233700556196425e+01 4.463298997670996471e+01 3.978592406837118745e+01 4.330633345457943761e+01 3.501640542256086519e+01 1.668521127380376967e+01 1.891023467599831775e+01 3.896560792866569045e+01
4.573348885892603732e+01 5.544860140917914748e+01 5.076428884651765117e+01 3.850043750705395240e+01 1.863031125558126888e+01 1.578566007321335540e+01 3.036006642146682211e+01 1.080790087815008782e+01 3.084945004169895810e+01 2.767264786740144800e+01 4.782250952879897454e+01 3.751020979524178500e+01 5.056230495403342218e+01 4.114707612360474087e+01 6.137410858651293921e+01 7.251496949785337165e+01 8.266531704650626011e+01 7.806987465797259063e+01 5.807472008973001465e+01 6.738201497370398840e+01 6.452566538792628137e+01 4.456124468375092817e+01 6.452566538792628137e+01 7.561015898298674642e+01 8.715274476637713974e+01 9.209224260440302601e+01 7.209326119958915058e+01 7.209326119959068535e+01 6.772755133432552554e+01 5.944463056133363210e+01 6.320076525824456581e+01 4.929439863156694202e+01 3.890478745538503347e+01 1.883464376836712617e+01 3.677734501181441829e+01 3.896945848468633500e+01 2.214856673673623177e+01
5.544860140917914748e+01 3.579559036090719815e+01 4.268698269042971560e+01 2.286302168387035749e+01 3.848108810270463920e+01 3.175420553005783830e+01 1.183229010005546655e+01 3.084514079391204078e+01 1.350526752622281990e+01 3.357253684012027151e+01 4.023676707561295274e+01 2.590861312395354688e+01 3.038948297706888013e+01 3.674712586753818044e+01 4.386953644176993095e+01 5.395579871429531948e+01 7.425667863402374280e+01 8.635905905140863581e+01 6.961314135364808919e+01 8.635905905140863581e+01 7.118715060431138397e+01 5.120269495515622538e+01 5.866886666827794272e+01 7.866522828899077524e+01 9.032783948056548695e+01 8.204189930833037181e+01 7.037941418456166787e+01 5.209747245125703330e+01 5.618460937866304761e+01 3.945246773703279786e+01 4.554412682035346904e+01 3.519409347057970194e+01 2.101221422573524222e+01 3.890478746934839904e+01 4.718872550589330928e+01 4.451906202448803640e+01 2.450414115424190342e+01
5.672506659983920230e+01 4.706852934110652598e+01 2.729696941565463675e+01 4.268698269042927507e+01 4.359357956861484240e+01 3.259358373652109009e+01 1.258319611170286656e+01 3.260420510916759440e+01 3.357253677196288066e+01 1.629119003395047827e+01 2.013582503712494542e+01 4.023676707407302189e+01 5.056230492762733064e+01 5.695148398547167545e+01 6.410623867415952759e+01 7.251496949785337165e+01 8.266531704650626011e+01 9.791203331779188090e+01 8.962198718471562131e+01 8.273733387244799076e+01 6.273182961530346802e+01 7.118715060431138397e+01 7.866522828899077524e+01 8.695437234654606584e+01 8.204189930833037181e+01 6.204459584931331051e+01 6.209536682541850183e+01 4.210211126036482909e+01 4.790216509066907946e+01 2.791268035647433976e+01 2.554978914368988896e+01 2.322288729426605514e+01 4.105344479118637935e+01 4.933588586235688211e+01 6.118256935760229709e+01 4.118222760329442167e+01 2.702924202244596685e+01
