LEM/with_lateral_4open/elevation_000193.asc
nrows	100
cellsize	150.0
xllcorner	0
ncols	100
yllcorner	0
NODATA_value	-9999
[rows 68 to 84 of 100, columns 37 to 73 of 100]
6.090474000351374428e+01 7.291462964170091254e+01 7.071077573536162220e+01 8.501525251487775847e+01 8.021792664915145110e+01 6.690219852266017142e+01 4.658257028649156695e+01 6.115547420499978415e+01 4.438869906469358995e+01 5.344649123698864912e+01 6.785044413112434825e+01 8.811228564414108178e+01 9.007927313852087536e+01 6.977802065342226001e+01 6.977802065342226001e+01 6.408195833660533935e+01 8.437866437293831723e+01 8.825076837835614185e+01 1.085856877260253981e+02 1.019152473306014315e+02 8.206627060173882171e+01 6.787246174105393948e+01 5.779278434190162272e+01 6.967484208229907949e+01 5.300209910626212206e+01 7.310865877430597948e+01 8.145051552105054782e+01 7.162525346938363668e+01 6.345214250062257122e+01 7.162525330768710319e+01 6.139292958092206476e+01 4.914125502733323714e+01 2.864670969033784687e+01 4.877722905766818684e+01 5.410803776525882824e+01 4.461119603244708998e+01 5.912555111183952050e+01
6.169800946192677316e+01 5.259740699022740529e+01 5.633697580816772899e+01 7.272541102606842855e+01 7.750908002209422420e+01 6.660519859313517088e+01 5.821970457381275565e+01 4.092207798193724244e+01 6.115547420499978415e+01 7.307192967650659909e+01 7.378500011095972866e+01 9.401811205147043893e+01 9.007927313852087536e+01 6.977802065342226001e+01 5.538560954928968272e+01 6.259086234545152649e+01 7.168306543229174110e+01 9.198229560521241410e+01 1.015816226939927418e+02 1.042688509024571175e+02 9.606889694214731890e+01 8.546108778507127113e+01 6.541482443415505088e+01 8.133774324529596811e+01 6.308968625238772887e+01 8.133774324532588196e+01 9.383167615047560162e+01 8.224872702751723352e+01 7.325134640404182562e+01 6.493540601269687329e+01 5.304260748089833299e+01 3.258374261525115401e+01 3.305091163689160538e+01 5.350129043733047496e+01 6.842379881014758780e+01 6.502964095790149202e+01 6.133541105137507543e+01
8.129233050841152419e+01 6.648975971095880766e+01 4.621097405517989642e+01 4.643923844714628757e+01 6.884930557603900070e+01 5.146308260433961834e+01 3.804879954674724729e+01 5.821970457381275565e+01 6.954150257160209492e+01 7.558495817927726534e+01 8.394891088913338706e+01 9.406625335446824465e+01 8.553977508001418073e+01 6.522674064236652214e+01 5.080947840313945107e+01 7.117629068267771686e+01 8.760749808304086628e+01 9.562637901752579239e+01 8.129697462142129893e+01 8.398354767568893919e+01 9.831079649200032122e+01 9.370786049474223489e+01 7.548461560718249075e+01 9.131793701227640270e+01 8.312763129622437930e+01 9.131793701267694985e+01 8.554123845689365169e+01 6.545936108237664541e+01 5.379651128138306859e+01 4.469300917659983696e+01 3.740820046136523302e+01 3.793942546677567407e+01 5.350129043733051049e+01 3.976889186914431207e+01 6.009640732935728380e+01 7.578885830774007104e+01 8.146707903447396859e+01
7.689493226123558145e+01 6.262694171982779068e+01 4.224131126962131333e+01 5.739950636192212130e+01 6.579493617338316369e+01 5.621832545135458759e+01 3.606921510931946528e+01 5.621832545135467285e+01 6.473075408607309100e+01 5.527860171783246557e+01 6.545008749516864555e+01 8.571982886338581409e+01 8.183113935572120567e+01 6.150421953900440997e+01 4.707774284556781197e+01 5.886526162078754965e+01 7.919551209893860744e+01 8.548856794058285402e+01 6.695231918194673426e+01 6.963942182799226543e+01 8.992497543238400226e+01 1.037230360122783424e+02 9.546764233000945410e+01 1.037428380667030154e+02 9.869632656930662051e+01 8.867633139863247038e+01 8.038379897759800485e+01 7.432014935754419582e+01 6.329353650708677037e+01 4.303050543623857038e+01 5.777863797756019437e+01 4.345656331930374705e+01 6.371345869190818689e+01 6.009640732935728380e+01 4.726410556283006059e+01 6.158836981788375198e+01 8.169401759122212070e+01
5.657870612401024601e+01 6.182826324708229748e+01 4.153679396272352875e+01 3.713247859749920110e+01 5.351376263180708293e+01 5.424792573090104497e+01 3.411362098352827843e+01 5.424798502015892154e+01 4.445049115184575328e+01 5.878707679983867251e+01 7.908006040086890209e+01 9.406625335446824465e+01 7.844331938626844192e+01 5.810386637281818167e+01 4.369108999388694770e+01 6.406115423483255711e+01 7.808024592529417873e+01 6.967551624848708514e+01 5.677149694512870326e+01 6.695227874694741388e+01 7.866428961228552907e+01 9.299022996673312491e+01 1.131544942930499076e+02 1.045431702989822753e+02 8.455881551904410287e+01 7.035550043874577852e+01 6.027294832769848654e+01 5.417939243250732062e+01 4.893696153713682406e+01 6.329353650708677037e+01 6.953875955835650302e+01 4.935932541822928954e+01 6.953875955835651723e+01 7.419319466358425075e+01 5.404514380447058386e+01 6.747717771054638547e+01 8.755831345366058827e+01
5.737284776781338280e+01 4.827502088457185181e+01 6.181839997490295957e+01 5.351373622603431102e+01 3.331876495748873879e+01 4.977639269104582098e+01 3.218016567415887863e+01 3.687593227380013161e+01 5.706553519364924654e+01 6.100852922082959395e+01 8.129275544430623768e+01 8.369266198358211284e+01 7.522736949204450241e+01 5.488107160003881546e+01 4.051176144691658010e+01 6.084036428056575119e+01 6.966500827056144374e+01 4.931575159731270475e+01 5.641154308390240857e+01 6.552048637789040697e+01 7.724560914191594918e+01 9.756072968496899023e+01 1.039033932046457522e+02 9.567454850357029272e+01 9.673606129209706239e+01 7.670871188676434826e+01 8.038379897759800485e+01 6.844248717273418947e+01 5.610605026880076451e+01 7.623729981464461503e+01 7.624916658672147207e+01 5.611794550162679229e+01 7.624916658672147207e+01 8.249441609267796593e+01 6.570611100532576643e+01 7.051234851817388005e+01 9.057108183235054355e+01
7.246409463375502469e+01 6.418249596841245364e+01 7.237178119694895884e+01 6.176504802849582632e+01 4.977676306549820850e+01 2.965605248188365195e+01 4.977676518924139515e+01 5.706553490798875572e+01 6.545229445587420969e+01 8.129275544430623768e+01 7.772761943441915378e+01 6.342782060619541085e+01 7.772761943441915378e+01 5.777571209368532834e+01 3.751857483141745320e+01 5.777571209368532834e+01 5.989075276611623622e+01 4.465172761832103276e+01 5.376089324168877681e+01 7.411738869396566542e+01 9.425283457137638266e+01 1.059860845058013581e+02 9.234261063911131373e+01 7.558537489182268132e+01 9.234261063911131373e+01 9.673606129209706239e+01 9.679893238923878585e+01 8.453539580641499640e+01 6.619791483379367492e+01 8.453539580641499640e+01 8.454723223177242630e+01 6.620977569960187736e+01 8.454723223177242630e+01 9.407663333218532387e+01 8.578676654480928221e+01 9.057108183235054355e+01 9.220999243094830433e+01
6.418221323397497713e+01 4.422323216454005035e+01 5.635285136777120130e+01 6.255728985843006740e+01 4.831312623432388165e+01 2.820194966941320658e+01 3.714863798759824931e+01 5.140808572173699531e+01 7.167956584365079209e+01 8.036114713321858005e+01 6.865848614268044514e+01 4.904850182886455201e+01 6.865848614268044514e+01 5.482090493915291773e+01 3.465208273555920471e+01 5.482090493915291063e+01 3.962268316868421181e+01 5.991754822861137342e+01 7.347358092901154691e+01 7.038055464984766729e+01 9.074439344375159067e+01 9.033190391845060674e+01 8.205596782267865308e+01 6.385033615997066647e+01 8.407605871103058348e+01 9.767539724063209405e+01 1.034687185742340461e+02 9.456449717142932343e+01 8.627668479549545566e+01 9.456449717142932343e+01 9.457632022986035736e+01 8.628855747384112362e+01 9.457632022986035736e+01 1.097450295367416828e+02 1.015281296390779886e+02 1.062926295967671138e+02 1.004434386318841064e+02
5.420965649853289392e+01 5.634517924896653085e+01 3.639739273601657743e+01 4.357505848966708584e+01 4.637471001499274337e+01 2.677374339859199281e+01 4.687664308943650582e+01 5.734546478221951560e+01 7.760548194939170230e+01 7.200230133383756481e+01 5.169559907362656048e+01 4.002845997902984010e+01 5.164369407074536866e+01 4.896710611528538237e+01 3.188415953658920543e+01 3.502006573194969974e+01 5.519947386363691066e+01 5.991754822861137342e+01 8.024923484757775327e+01 9.074439344375159067e+01 9.626333684497198817e+01 7.617108288800535831e+01 6.176731161207527521e+01 5.604652962578474273e+01 6.922429496475318444e+01 8.343650736853379613e+01 8.343650736853379613e+01 8.574384170342898415e+01 7.745812705638746820e+01 8.112632719684012272e+01 8.112632719851681884e+01 8.940255776084710249e+01 1.013569159666439674e+02 9.324729879160133805e+01 8.149012873676907986e+01 8.629022740719342721e+01 1.062926295967671138e+02
7.414354121068259929e+01 6.460802749804052780e+01 4.971330000051040088e+01 2.955257208118711887e+01 3.901947905383067194e+01 2.535615616595468325e+01 4.771774211009127242e+01 5.938686137423228928e+01 8.039191336331315085e+01 7.436931532685834156e+01 6.300448401901712714e+01 5.154173776576469379e+01 3.156089964985542906e+01 2.895838948669853607e+01 3.358674758134544192e+01 3.852651052734367454e+01 5.874374994921085857e+01 7.434251620629733281e+01 8.259496698482858790e+01 9.261002917836451331e+01 9.256821525775309567e+01 8.091630894251152029e+01 6.922429496475318444e+01 4.864480413169331996e+01 6.922429496475318444e+01 6.315293690605327015e+01 8.343650736853379613e+01 7.414162175498263707e+01 5.732432287711023378e+01 6.100272075535418281e+01 6.100272075535421834e+01 8.112632719855729135e+01 8.993999416519372403e+01 7.324097731864615923e+01 6.982658338271036769e+01 7.993339583680059945e+01 9.414898706636803638e+01
7.499287892302227476e+01 7.374457750576145543e+01 5.492274200422465213e+01 4.349439463958219676e+01 2.338559399823787288e+01 4.349439463943817685e+01 3.827894783501633924e+01 5.319716863024179787e+01 7.433010154369476652e+01 6.610859354584451353e+01 4.653127760984002492e+01 3.512155845378574526e+01 2.629284107472680532e+01 4.626859849765889265e+01 5.368944471781282601e+01 5.874374994921085857e+01 4.642296213640894820e+01 5.410947588090573390e+01 6.428315561414748913e+01 8.440187679844710544e+01 8.429789550990115288e+01 6.402699025469831895e+01 5.212450461418462311e+01 4.377555227634890400e+01 5.010391984181180902e+01 7.060805102014319345e+01 7.033268354008771439e+01 6.146182368461956003e+01 4.574341993678593354e+01 4.680150633655746617e+01 6.689678862024730677e+01 8.673605558897561707e+01 8.174030248317605185e+01 6.156311015292584443e+01 8.174030248317605185e+01 9.821493606154922418e+01 1.082134424156301264e+02
5.471620163515903812e+01 5.349177122334050694e+01 4.656529928458684964e+01 2.643317761791928078e+01 2.206969572975027560e+01 3.740330022509762387e+01 4.849732773737482461e+01 5.287592436977158172e+01 6.124604421911854502e+01 6.313229475563050386e+01 5.475414234882867248e+01 4.452404194445986008e+01 2.455428815464075498e+01 4.451713338638580808e+01 4.765959080304224216e+01 6.786327381996461838e+01 6.669514519906630312e+01 6.079187878512312437e+01 8.094674034445603183e+01 9.261002917836451331e+01 8.454610515556895223e+01 7.410507839093831706e+01 5.365986858450974495e+01 3.926809630798937434e+01 5.470528634828504977e+01 6.310610941015876563e+01 6.011042619933945730e+01 4.216032377669449005e+01 3.681792948433182744e+01 5.684914747824764447e+01 5.831531971837945605e+01 6.752001266633413934e+01 7.102758931933682618e+01 5.693382839867413736e+01 7.122003137923955762e+01 9.133420726187408434e+01 1.069801195630770678e+02
5.208090116958270954e+01 4.039414125870036543e+01 3.329557820777117172e+01 4.648467104605589384e+01 3.177238623168026166e+01 2.029152118266176785e+01 3.861562696022200925e+01 3.270881837698836136e+01 5.287592436384805694e+01 5.475826547908780384e+01 3.462329903882804416e+01 4.050761749134778711e+01 2.282793740939856519e+01 2.764273486990827777e+01 4.766218562291660987e+01 6.265486908638866481e+01 7.103057672787826959e+01 8.094657364878338512e+01 8.916987757610968401e+01 8.791006736162835011e+01 6.772060510805393108e+01 5.585118249231985033e+01 4.737245379904394582e+01 3.975757472756498601e+01 3.474400798451946315e+01 5.075236420297387241e+01 4.974714624466624713e+01 3.316848552322822030e+01 5.320974922955204534e+01 4.102222824536718804e+01 4.413231439210093754e+01 4.740537930774672759e+01 5.087809549862822678e+01 5.798513027732072800e+01 6.702434197688639017e+01 7.869148226217996012e+01 9.875255196766569554e+01
6.779265948675821107e+01 4.755427044772392975e+01 4.755762274130883327e+01 5.118140246620475153e+01 4.838536578422768031e+01 3.270881837698541972e+01 1.853761287120453716e+01 3.688439322849585977e+01 4.524352114560908689e+01 4.662013900550897461e+01 3.827601605845531196e+01 2.048490295247503923e+01 3.422939782204480252e+01 4.750882522241539618e+01 3.572562835466664666e+01 4.238199895217293545e+01 5.250516977548547004e+01 6.687675883443228031e+01 8.711676766653191351e+01 9.615398312178915319e+01 8.454610515556895223e+01 7.309620661084116477e+01 5.263671827824130389e+01 6.015649003230996072e+01 5.075236420297387241e+01 3.104394119659341911e+01 2.970880150187222668e+01 4.974714624466624713e+01 6.151892084808448402e+01 5.257069951045031075e+01 6.421318731216365450e+01 6.162019791488173581e+01 7.102758931933664144e+01 7.816074702931459228e+01 8.644825283196456667e+01 9.543133174543356745e+01 9.622579318476986998e+01
7.606913931273554397e+01 6.777523330022940229e+01 6.789670094687977553e+01 7.060689777554047453e+01 6.124604205643451138e+01 4.696420303028265408e+01 3.687730259329436677e+01 1.681376810947498868e+01 3.523850749517531966e+01 3.607286612477300025e+01 1.784391417631296051e+01 3.827601605845531196e+01 4.846832246522372145e+01 6.099740705399351981e+01 4.995809868676751364e+01 6.265486908638865060e+01 7.103059059004932863e+01 8.116491551718429776e+01 8.853239174763361063e+01 9.696074939942178617e+01 9.324512687929730248e+01 7.309620661084117899e+01 7.309620661084116477e+01 7.238727104469147378e+01 5.913210869471214437e+01 4.735210595261467859e+01 2.731351730729550553e+01 3.626514945475432938e+01 5.631929343758366002e+01 7.269701621121156165e+01 8.099387841230183938e+01 8.176342545477902490e+01 8.436646550505939501e+01 7.596867172110688671e+01 7.709274739764488515e+01 8.548690226264987757e+01 8.782740347422115690e+01
8.042664341166367592e+01 7.696652533545019992e+01 6.710038249554074241e+01 5.878201547599451260e+01 5.352649863267870245e+01 4.262134154222234628e+01 2.258185013410377806e+01 3.523850749517533387e+01 1.517432251552392763e+01 1.455452518893167912e+01 3.607286590020369488e+01 2.893653522748189033e+01 3.785462589200763261e+01 4.945582051154009662e+01 6.965290857688418669e+01 7.859603471202126457e+01 8.518710631189617288e+01 7.674879429887658944e+01 6.812271000867345094e+01 8.518766911781918338e+01 8.546097596174725197e+01 7.413979198174554597e+01 6.526786986316734840e+01 5.708973845085956356e+01 4.414424664735464177e+01 4.560557308776316177e+01 2.557085358312031431e+01 4.560797953107825009e+01 5.263320392572141060e+01 6.683770458313239260e+01 8.685405026519460137e+01 7.525115695935254223e+01 6.683328629782222663e+01 5.554132891398059257e+01 5.666790028859452377e+01 7.112559046084436432e+01 9.149873860327768682e+01
8.265751707022455719e+01 6.288165287646874191e+01 4.876116973303145130e+01 3.884281009601886581e+01 3.355082782993243029e+01 2.873218532050563923e+01 4.262134154222234628e+01 3.408088748952471292e+01 1.402241782302629147e+01 3.381326711661512263e+01 3.960737587092194190e+01 4.769868629040556129e+01 5.732320600998433946e+01 6.632694335445492584e+01 7.796629639362596720e+01 7.330465093588551895e+01 7.107324498256754453e+01 5.636399690450900835e+01 5.636399690613723124e+01 7.674885650157034434e+01 7.748157499199983533e+01 5.759673522204818141e+01 4.601355870374308665e+01 3.705815213074313164e+01 2.998305019187789000e+01 4.146334932204478463e+01 2.385037959904241234e+01 3.800853201190045638e+01 5.813219732558507502e+01 6.702118950169678158e+01 6.925740178281367321e+01 6.083913107216333316e+01 4.650611694257581519e+01 4.387692041574573665e+01 6.417493985258398936e+01 7.748035610481178992e+01 8.768466601641368641e+01
