LEM/with_lateral_4open/elevation_000025.asc
nrows	100
cellsize	150.0
xllcorner	0
ncols	100
yllcorner	0
NODATA_value	-9999
[rows 68 to 84 of 100, columns 37 to 73 of 100]
7.599199758585854170e+01 8.189712518566265942e+01 7.656770742040954758e+01 7.175644029849100036e+01 6.805781681186431342e+01 4.806474080852283493e+01 6.474853987500765129e+01 5.739787605287371264e+01 7.739726242047757410e+01 8.624973120934389215e+01 8.850743994563119088e+01 6.848544542996793894e+01 8.850743994563119088e+01 7.537631582345173342e+01 5.533521300559815614e+01 7.537631582345173342e+01 8.720689391839570703e+01 9.548674397578696471e+01 1.070268529596150131e+02 1.022348003055374477e+02 8.241904190542445008e+01 8.241904190542445008e+01 9.037511529887557060e+01 7.369940224785858618e+01 9.037511529887557060e+01 8.418479936240929362e+01 6.449247661774597873e+01 5.492006764894334481e+01 3.526277616114905555e+01 5.314976133294188543e+01 5.057439146408063380e+01 3.086135152703162632e+01 4.912112687379914888e+01 5.729352269199307557e+01 6.892376613075428793e+01 5.495886930317097097e+01 6.073325269433842521e+01
6.938755253793999600e+01 6.195626983709924218e+01 5.673034488367767381e+01 5.196066057764655000e+01 6.533384097817715030e+01 6.474825496193149377e+01 4.475267325690683862e+01 6.160649258210544588e+01 5.793580535442158208e+01 7.793917775065020237e+01 8.247058145808490792e+01 6.243257117714207993e+01 8.247058145808490792e+01 7.165477645824933006e+01 5.165871495347511910e+01 6.578786837791797382e+01 8.581874551498181347e+01 8.919577163362721706e+01 9.747933465075526271e+01 1.104887803858673720e+02 1.022348003055374477e+02 1.022348003055374477e+02 1.018796555234912233e+02 9.360766270501810027e+01 8.821219218164584674e+01 7.838315856767476930e+01 5.873876776698018176e+01 4.495188072524022971e+01 3.617415779111487950e+01 3.346395882209001371e+01 3.238382666591717651e+01 4.312936481664014110e+01 3.745544798543947707e+01 5.705150266192180908e+01 7.243512413032739516e+01 7.467384810388197991e+01 8.047565608211253618e+01
8.949825699921132127e+01 8.189712518566265942e+01 7.656770742040954758e+01 6.533384126107719680e+01 4.553213511873145336e+01 5.949463658924516807e+01 5.862509830969858626e+01 4.160734772919748536e+01 5.315460160939606027e+01 7.315199036084287343e+01 7.711519794494626012e+01 5.708930648023980581e+01 7.711519794494626012e+01 6.817390894315228422e+01 4.822822619700173874e+01 6.800033439160344528e+01 7.285016445875932334e+01 6.917657307642619458e+01 8.556884173495382129e+01 9.385079122121840101e+01 1.038494376467590428e+02 1.003237175222268007e+02 9.207662781500928872e+01 9.207662781493642967e+01 7.999114629378452435e+01 6.033715597943205466e+01 5.978306871135569622e+01 4.024981663093601725e+01 5.548525073751564207e+01 3.656265323058218542e+01 5.206899724498259729e+01 5.856480344589094500e+01 5.705150266192180908e+01 4.458149759919079003e+01 6.422389042022818728e+01 8.128013914762006209e+01 9.273368676138565547e+01
8.950600252582430016e+01 8.130017099794923752e+01 7.942173276690471084e+01 7.362814827543188301e+01 5.949463658919789566e+01 3.964275036078536374e+01 3.862121571745674231e+01 5.275847849754575236e+01 6.978316576699177176e+01 8.145714238046826949e+01 7.225820584164389970e+01 5.226989072686811255e+01 7.225820584164394234e+01 6.480247321587742704e+01 4.489735370544509152e+01 4.805770714690172696e+01 5.285380282557901666e+01 5.885560571536951358e+01 6.553558766691078574e+01 7.556899488601330006e+01 9.556868858389418619e+01 9.207662781501183247e+01 7.228047761783497549e+01 7.228047761783497549e+01 7.331657192200576389e+01 6.394373040132918362e+01 4.442849723930082462e+01 5.978306871135569622e+01 6.001848866899325685e+01 4.076707413232936972e+01 4.274528323981591882e+01 6.209537138369164211e+01 7.243512413038497755e+01 6.422389042022818728e+01 5.330974941588496563e+01 6.467833936298823971e+01 8.449445661480297076e+01
7.554098224468266665e+01 6.133650426103291409e+01 5.945834912771875480e+01 6.122492848413558164e+01 5.572751192127543618e+01 3.571061355615637467e+01 5.572751192241270957e+01 6.687198876661339852e+01 8.069112139676614959e+01 8.193752670655540271e+01 6.192803962965056286e+01 4.784506096387096363e+01 6.203145501557548869e+01 6.153009172617024092e+01 4.164552885645758806e+01 6.153009172617024092e+01 7.285016445875932334e+01 7.889109037893940979e+01 8.556884173495382129e+01 9.385079122121840101e+01 1.038494376467590428e+02 9.563588490430501565e+01 7.807863576919760362e+01 5.844414353130274975e+01 5.374372418704608378e+01 4.929427482224502910e+01 5.177686884927710054e+01 7.131265195463707585e+01 6.448065771884395758e+01 4.503448724958683869e+01 6.209537138369164211e+01 4.937677123835989335e+01 6.905140477641226937e+01 8.128013808497874493e+01 6.467833936298833919e+01 8.128013914762006209e+01 8.837005386892847980e+01
5.556406383455181697e+01 4.978971525906401041e+01 4.531490744434592699e+01 4.122697551246876913e+01 5.392600531300821842e+01 3.390532439151716915e+01 5.392994138405681070e+01 6.801527895178122662e+01 6.866400820766186541e+01 8.868718581869465822e+01 7.607546067947295398e+01 6.203145501557548869e+01 4.213218991006092295e+01 5.661556104169979164e+01 3.905593777932024580e+01 5.894134214083265277e+01 7.280991016807139715e+01 8.435222059376702930e+01 9.507663638178121346e+01 1.033576769562739059e+02 1.014443707542007616e+02 8.157238708404040040e+01 6.763452288473213514e+01 7.719402773007885799e+01 5.756985578037377849e+01 6.882625269495328268e+01 6.149822306971937991e+01 7.947034828550535224e+01 6.927184200940071435e+01 4.951728310763529350e+01 6.927184200940071435e+01 6.905140477641226937e+01 5.695230463833255641e+01 7.685974532745265719e+01 8.449445665660086036e+01 9.273369448620785249e+01 8.837005386892847980e+01
6.611449512126770856e+01 6.977414263395246508e+01 6.530548882020774215e+01 5.567849426537429736e+01 3.566484320016589038e+01 3.211784564993543967e+01 3.970463320749433933e+01 4.865857496326232479e+01 6.280279785345605603e+01 8.281422173670695486e+01 7.262107576998526781e+01 6.434174704477196371e+01 5.661556104169979164e+01 3.671852690597772551e+01 3.649763546865214181e+01 4.460842669836893037e+01 5.607944959800630613e+01 7.606657012280776087e+01 7.508946558985381614e+01 9.181722799146177749e+01 1.036239104116697405e+02 8.374488771224174855e+01 8.157238708404040040e+01 8.376424486007677217e+01 6.405359347008278803e+01 8.376424486007677217e+01 7.535413179395840189e+01 8.929962995199829834e+01 7.461271985918030225e+01 5.462898480069522122e+01 7.461271985918030225e+01 8.509804920740057810e+01 7.685974549416162915e+01 6.633633847663249128e+01 7.785554377221853883e+01 9.770421907652563220e+01 9.672052134789953470e+01
8.605770670387941834e+01 8.244584661305728446e+01 7.413518795688899843e+01 6.392984423540490724e+01 5.042694120620482323e+01 3.037858225759012498e+01 4.822950860493063630e+01 5.651701898763237608e+01 6.035688915920750475e+01 6.864094476174960846e+01 6.434173790698515916e+01 4.440706709625607118e+01 5.024579835118618831e+01 3.305664847261620309e+01 4.060020956221919874e+01 6.050501010395934287e+01 7.280991016807139715e+01 8.353703794472282596e+01 6.354122782982498308e+01 8.353703794472282596e+01 9.512875890600021478e+01 1.036239104116697405e+02 1.014443707542007616e+02 9.199982562336495562e+01 7.385492016645498836e+01 9.199982562336495562e+01 9.506421272032250158e+01 8.611806795165865935e+01 6.619022049672038577e+01 7.461271985918030225e+01 6.878054675991272404e+01 8.869283125353938146e+01 9.447890615657900071e+01 7.785554377221853883e+01 9.447890615657900071e+01 1.059473284142288350e+02 1.148558499728557223e+02
8.571971692018820477e+01 6.565472417399614358e+01 5.421739769000119225e+01 6.263564220965226781e+01 5.199644200638655889e+01 3.211832062816406363e+01 2.814878906811496861e+01 4.619585413254226580e+01 4.033016273825915476e+01 6.035688919848867329e+01 6.434147482943893692e+01 4.440706629775184666e+01 3.028338928650952866e+01 5.024579835118656490e+01 6.050501010395934287e+01 5.465733216761046265e+01 7.462255348628285390e+01 7.597933211225287664e+01 5.597818204019135635e+01 6.685394384370376031e+01 8.099135137485195912e+01 8.993350062321491123e+01 1.014748031465789921e+02 1.019236039415349211e+02 9.367356955369861282e+01 1.019236039415349211e+02 9.882460577589030493e+01 9.434974068267821679e+01 8.030617689844896745e+01 9.434974068267821679e+01 8.869283125353938146e+01 9.692678265304388674e+01 9.721696504675203698e+01 9.770421908717018766e+01 1.059473297636627791e+02 1.175830819751542009e+02 1.062250731129668537e+02
9.403000752510780558e+01 7.673947006809304128e+01 5.679365133363523199e+01 4.285329448073476755e+01 3.802898475754396657e+01 5.199644287919067409e+01 4.619585508673582552e+01 2.606988667367409462e+01 4.419818500494911007e+01 5.249116276042709472e+01 5.407213099194174077e+01 4.580242985905601216e+01 2.838526658914740963e+01 4.254449160148909215e+01 6.248282394814527407e+01 7.462255348628285390e+01 8.289130254589458957e+01 6.931228208823239356e+01 4.930742259400803107e+01 5.270720177517731031e+01 6.165594182122528366e+01 7.320450099724109805e+01 9.319367324288795373e+01 9.440336905714013938e+01 1.028230268991515572e+02 9.285246903885081338e+01 7.856724439565385865e+01 9.285246903885081338e+01 1.001492141553524817e+02 9.604027658629411235e+01 8.769324875959561894e+01 9.123942513264957199e+01 7.694054353449077155e+01 8.707875429062136163e+01 9.542747058937807481e+01 1.094146461280307250e+02 8.976175576878584650e+01
8.571971692020262878e+01 6.565472417399614358e+01 5.421739769000119225e+01 6.263564638464026757e+01 4.791725901814867683e+01 6.610793669525729399e+01 5.448555134110936393e+01 3.832841240346392908e+01 2.400342871074357376e+01 4.222266937017440114e+01 4.327387585365962508e+01 2.573265463443005885e+01 3.995936046582872336e+01 4.838404829127500761e+01 6.833191666400485076e+01 7.695785930349153148e+01 7.394402955390667387e+01 6.328059000403956702e+01 4.326873527589913948e+01 6.328059000403956702e+01 7.555809333283686158e+01 8.555686415787471333e+01 9.103727450647110686e+01 7.395394730229837421e+01 9.103727450647110686e+01 8.378348841444670825e+01 6.417383420979808761e+01 8.378348841444670825e+01 9.726020188522689125e+01 8.769324875959561894e+01 6.738588315748232560e+01 7.333377283430691307e+01 6.255735303470844144e+01 6.677009199699671171e+01 8.707875429062136163e+01 1.003002736095050267e+02 1.062250731129668537e+02
9.403000754954634033e+01 8.244584662005036080e+01 7.413518795689245167e+01 7.605658302803134063e+01 6.775818221866552449e+01 7.605671602146269095e+01 6.665391311411002562e+01 5.249116263915281877e+01 4.222266937009376164e+01 2.193600597944205433e+01 2.310141458702220874e+01 4.327387585365962508e+01 5.406925601537037096e+01 6.816465684774989597e+01 7.109780328473527788e+01 5.695613711874074880e+01 5.393749895756087653e+01 5.393749895756087653e+01 3.908322443446564876e+01 4.726816794493290530e+01 5.727606954221680979e+01 7.727590704787962750e+01 8.259688990221006577e+01 6.218372718030185098e+01 8.259688990221006577e+01 7.541013217072675445e+01 5.514237158848101217e+01 6.865421197664483088e+01 8.794683903474643216e+01 8.533125195998174206e+01 6.506967713027165701e+01 5.309095517389392427e+01 5.248184484181747678e+01 6.148442680279021033e+01 7.164732994120531373e+01 8.604888962863626034e+01 1.062521272662090155e+02
9.056276725587319731e+01 9.885042123196448927e+01 8.451633222363963682e+01 7.452246271770253827e+01 6.624180586900408230e+01 5.957939340611714130e+01 5.354669941164251412e+01 4.836875269772980346e+01 4.082937550615610434e+01 2.047018957072815226e+01 4.082914991834091722e+01 5.154625816733282306e+01 6.354894432895164158e+01 7.168895424828386354e+01 6.108976699967112722e+01 4.279080199061578327e+01 4.945289244033258313e+01 3.388172890783869207e+01 4.287223856024563418e+01 5.443553165317827336e+01 7.443779451208642683e+01 8.555686415787471333e+01 7.537974700914723769e+01 5.505455600875262689e+01 7.537974700914723769e+01 6.865421197664483088e+01 4.847858010398094564e+01 5.934366076786025701e+01 7.958763087042376583e+01 7.940280146870826172e+01 5.913270263811124750e+01 4.494594719279668737e+01 6.506967713027167122e+01 7.395191446704713201e+01 8.233097327306067825e+01 9.140324470875532370e+01 1.030898724275646288e+02
7.050534666274634787e+01 9.056276725587319731e+01 7.623407130241498919e+01 5.624954269700763376e+01 4.625456999027591820e+01 3.957121146472842810e+01 3.349259857497666815e+01 2.823696991815459256e+01 2.372142780320449518e+01 1.932286443452214186e+01 3.823234351200699876e+01 3.461686028142481319e+01 5.505150375643208349e+01 5.178016731753529456e+01 5.280265395093030634e+01 3.272127371002258656e+01 2.933944615983226001e+01 4.945289244033258313e+01 6.222313575313216916e+01 7.117244765250485727e+01 8.271921166560508709e+01 8.366461671190134552e+01 6.328135105307497099e+01 4.902279752122885270e+01 6.925147134181838737e+01 6.305849849727751177e+01 4.295866875067314083e+01 6.305849849727751177e+01 7.480393595392601469e+01 6.488232594886193283e+01 5.651722921407095157e+01 4.104661167423909518e+01 4.704406047095388743e+01 5.369760322636437877e+01 6.271422561367251092e+01 7.446363476240608748e+01 9.476356758267522196e+01
6.969778358685648811e+01 8.974485874616584624e+01 8.451632366421894460e+01 7.452246867197902702e+01 6.624180586900408230e+01 5.354669941164251412e+01 4.469619285370382045e+01 4.836875274838695304e+01 4.359822134108470948e+01 2.544455701464264408e+01 1.776473163376776654e+01 3.642586426246007392e+01 4.464602283316925480e+01 3.763583568082722053e+01 4.135817581339716043e+01 2.499980505987452162e+01 3.933964663418044694e+01 4.945289244033258313e+01 6.947043331317085801e+01 8.014135603079513714e+01 8.854378500026419374e+01 7.575974623629008420e+01 5.544488354592133561e+01 4.387743108494833422e+01 5.749042487122490286e+01 5.844728130528692844e+01 3.839132521817116839e+01 5.844728130528692844e+01 6.055058462167411193e+01 4.629723328942222338e+01 3.647719931054908216e+01 5.651722921404956423e+01 6.720047735913806264e+01 7.395191446704713201e+01 8.044861654661021078e+01 8.878102160393588349e+01 8.552445406850068821e+01
6.969778358685648811e+01 8.706072742387149788e+01 7.876422699529256022e+01 8.706072742387149788e+01 8.182247965087772457e+01 7.299120900766280329e+01 6.470977032953645391e+01 5.129673917977115849e+01 3.745815870211293941e+01 4.473623382348710464e+01 3.674932072056362387e+01 1.625242757466770271e+01 3.551664783297912464e+01 3.775382069596968648e+01 2.101579133742862737e+01 3.285834137751025708e+01 5.296916558078037696e+01 6.767628986961030080e+01 7.198808700417208684e+01 5.998241825752105427e+01 7.688365585422802440e+01 8.421462244315392809e+01 6.916433609128112892e+01 4.894452873509544588e+01 3.741407514013295810e+01 5.181186328168716670e+01 3.413857799115241676e+01 4.826399871984696688e+01 4.814988196789798280e+01 3.217156073822906137e+01 5.219528521447733738e+01 6.488232594886193283e+01 7.877465753473796894e+01 7.045776247996596453e+01 6.046583654310494182e+01 7.720207384725826216e+01 7.729858556550057358e+01
6.226847206719380523e+01 6.804859533659609383e+01 5.871711397335322147e+01 7.289131265426303230e+01 9.294270222661626235e+01 8.771021703888705190e+01 8.001597583425711946e+01 6.565635750701407858e+01 5.726004869285279142e+01 5.347661307372923289e+01 3.570607612500723604e+01 1.520705695520507383e+01 3.425081786825562347e+01 1.730708819885701644e+01 3.776002444279654213e+01 4.966392831109516948e+01 6.125806826085112533e+01 6.613359209788306714e+01 5.188539003473848510e+01 4.842880770562383219e+01 6.259072776154651052e+01 8.276698483588704391e+01 7.759509548842262916e+01 6.589855059055597053e+01 5.181186328168716670e+01 3.177057093566704182e+01 4.645550815080918028e+01 2.824809341536363760e+01 2.813330251539471405e+01 4.814988196789798280e+01 6.055058462167411193e+01 7.126666324352237325e+01 6.298059683798609143e+01 5.067438434461494268e+01 4.915964088511373120e+01 6.046583576020282891e+01 8.044775835108761441e+01
