LEM/with_lateral_4open/elevation_000602.asc
nrows	100
cellsize	150.0
xllcorner	0
ncols	100
yllcorner	0
NODATA_value	-9999
[rows 68 to 84 of 100, columns 37 to 73 of 100]
8.028708655857138865e+01 6.675350597737596559e+01 8.594978064288159203e+01 8.877548249297369409e+01 7.204036455017312335e+01 5.281965148675040211e+01 6.162443987485934827e+01 7.509901635807864295e+01 7.360322219480043771e+01 5.441013094692523566e+01 7.360322219480043771e+01 7.762082673774040131e+01 5.847338287947279412e+01 4.486055227364320785e+01 4.496181747866171463e+01 6.417940639669180314e+01 7.374153847696793207e+01 8.180050815605720516e+01 9.296600906757436178e+01 9.788200242691729613e+01 8.965400962505115956e+01 8.574781385933216882e+01 6.613638032544592704e+01 5.233412915943788590e+01 7.188042479661311290e+01 7.960556865061560927e+01 8.686290001974431618e+01 7.290881422879989771e+01 7.290881422879988349e+01 9.258427980920990308e+01 1.066830521476296809e+02 9.208665444645181708e+01 7.216949527445727597e+01 5.828880894963144499e+01 7.055179814199645705e+01 5.655160251457767373e+01 6.390524995326607893e+01
8.081876783489245497e+01 6.169561362491777601e+01 7.407072737924188743e+01 7.084872127454093516e+01 6.228322322219452900e+01 6.506487370440461859e+01 4.800281608965244118e+01 6.726386082347657691e+01 6.781628744604981307e+01 4.856093878438577605e+01 6.781628744604981307e+01 7.515581890511454333e+01 7.208584242452623414e+01 6.048111858838782240e+01 4.111289012672565946e+01 5.486718706774225751e+01 7.402853743868635661e+01 7.624166512080208236e+01 8.431307442110721695e+01 8.965400962505115956e+01 7.000566028342022662e+01 7.576052856646175826e+01 6.852827148193738083e+01 4.894046461048987595e+01 6.391121871451873915e+01 6.001062868282389218e+01 6.944960569630494263e+01 5.910876878191554340e+01 7.867162467429959349e+01 7.870614257744884412e+01 9.843490439102008338e+01 9.794915924422450360e+01 7.800309613396841257e+01 6.477950403170602556e+01 8.117563768858859419e+01 6.140693256134909461e+01 8.117563768858859419e+01
6.746629647177159939e+01 5.973588194818368180e+01 5.495101759097502025e+01 5.175537854348642242e+01 4.868953698183981516e+01 4.574096672925860219e+01 4.478859139190743122e+01 6.413897349815954385e+01 6.267007904927676520e+01 4.330055881981922994e+01 5.582191949798707498e+01 5.582191949798707498e+01 7.199095490755634330e+01 5.279370701000566157e+01 3.892269190367765930e+01 5.841593538110012673e+01 6.265353170408793204e+01 5.702514255554987699e+01 7.624166512080208236e+01 8.965400962505117377e+01 7.000566028342022662e+01 5.618394177867333639e+01 6.597223517242112223e+01 6.391138120436587400e+01 4.424928337950296964e+01 4.611641265453709337e+01 4.987154640462750876e+01 5.479470818630549189e+01 6.275044420223083819e+01 7.655291280389455721e+01 9.626496023126901491e+01 1.046162927737869239e+02 8.461489218509949239e+01 7.280103641040496143e+01 8.669138584843423700e+01 6.680407303556472698e+01 8.669138584843423700e+01
6.921722874526774660e+01 7.885021953904775671e+01 6.595189033095928721e+01 6.530130678433145874e+01 6.793371023912006024e+01 5.544206533199611187e+01 4.163979919248197348e+01 5.819727673332043594e+01 5.646137658391013048e+01 5.581473164875662718e+01 3.627688203189835292e+01 5.557325751152884408e+01 6.820452556065741589e+01 5.638413564018928525e+01 3.669059217105661475e+01 5.351140331366130454e+01 4.326033578882505992e+01 5.702514255554987699e+01 7.624166512080208236e+01 8.527269482738275030e+01 7.891917025132931940e+01 6.597223517257501157e+01 4.633643241726426965e+01 5.759950074529158570e+01 4.104911431270878097e+01 6.076292689013499171e+01 6.944960569630494263e+01 7.433457189395984699e+01 6.453730436651223101e+01 7.580267043824291306e+01 9.550969584482336927e+01 1.091160562745922107e+02 8.909048653196249745e+01 8.689993574445792035e+01 9.498693942054083550e+01 7.563140482560753242e+01 8.082860082653209588e+01
8.027913778740331452e+01 9.314718507940956727e+01 8.513637480738668728e+01 8.454107637450663049e+01 8.270483052981855110e+01 6.907383880780278673e+01 5.819727673409291668e+01 3.867949550489145594e+01 3.691953077248570736e+01 5.159880543351051330e+01 3.201494216770181822e+01 4.259001876118202290e+01 5.674180736859910468e+01 5.881429467393069643e+01 5.076244035044040004e+01 3.341350688136839864e+01 5.351149553854907026e+01 7.066910848832665692e+01 7.955649620274746781e+01 6.562587116342049853e+01 7.074508335181317875e+01 5.109892101974287471e+01 5.470405897932898398e+01 3.785480095629993968e+01 5.621516650711462404e+01 5.246970534685319620e+01 6.375208293539968452e+01 8.328382512225975631e+01 7.580267043824291306e+01 9.234136118743482768e+01 1.037513700071149430e+02 1.113530240406359155e+02 1.091160562745922107e+02 1.069253611466184140e+02 1.039383960034332404e+02 8.717116743974109738e+01 1.008454009615881546e+02
9.969018184436933439e+01 1.003517337491048522e+02 9.234286759488799134e+01 8.955400895441151476e+01 7.592893656524330481e+01 6.289434984479471780e+01 4.354723156312433474e+01 5.169076788029439484e+01 4.986555333734312256e+01 3.444903456452829715e+01 4.944466603315026987e+01 2.977252749557240108e+01 4.727883486190840756e+01 4.805897338887098158e+01 3.034285143665972839e+01 4.478973735751242202e+01 5.991423830737768697e+01 7.667522740869547704e+01 6.847792161219659590e+01 5.174497048623105400e+01 5.749602317841823407e+01 5.189483695341586156e+01 3.493899004470375758e+01 5.431837311461254103e+01 6.525102783968827680e+01 7.199001079564924055e+01 8.016296368988935228e+01 9.148479665641954739e+01 9.550969584482336927e+01 1.037513700071149430e+02 1.054785699501116198e+02 9.139793860146926363e+01 1.054785699501116198e+02 1.155747608590763633e+02 1.097567023746615860e+02 1.072065073354703912e+02 1.155060725925048217e+02
1.044551384780881875e+02 9.234414044972447755e+01 7.301457497342224201e+01 7.869092750919247692e+01 6.231479633204526891e+01 4.875141093375072643e+01 5.727738152199088262e+01 6.764171832237406079e+01 6.127886866226585028e+01 5.405390214876265276e+01 5.748877932947115710e+01 4.727883486190840756e+01 2.757339006317520713e+01 2.794095670920633623e+01 4.147576935629174244e+01 4.799087467577603405e+01 6.645763902210654805e+01 6.847792161219659590e+01 4.880342177495370493e+01 5.456594936077994618e+01 3.776550369008174357e+01 3.211195406363787441e+01 3.580576762865088369e+01 5.556377011391983700e+01 6.609180041115126869e+01 7.152189084420895426e+01 7.741590136096598940e+01 7.741590136096598940e+01 9.713144143184783275e+01 1.098321426782879087e+02 9.655688001210556592e+01 7.726570916820614343e+01 9.655688001210556592e+01 9.564682691905225909e+01 8.980232514194364057e+01 1.038817291047523952e+02 1.054249632112561699e+02
9.634808667876741595e+01 7.687870316991433128e+01 6.585553925730218339e+01 5.960471769136084674e+01 5.471578592556178222e+01 5.736902801087212822e+01 7.452090279316293220e+01 8.448318342417239535e+01 7.396188072815297687e+01 5.439638546640510697e+01 4.054753970580642175e+01 4.412724377016708388e+01 2.603513944093728227e+01 4.575852678943960683e+01 5.589846305216772748e+01 6.588795041725521173e+01 7.433882699397895522e+01 6.405871145843715908e+01 5.456351052762050102e+01 3.479722760999865727e+01 2.962596830160113726e+01 4.944107232747643366e+01 5.556415906591949749e+01 4.133016407056059194e+01 4.647004743785382175e+01 5.195688861528170577e+01 5.786767996647444789e+01 7.165609034671433619e+01 9.132131522827809533e+01 1.006548222813823656e+02 8.164896046759346859e+01 6.832950289976345459e+01 8.830868925150852533e+01 8.496932947118115464e+01 7.567105832000899568e+01 9.564682691905225909e+01 9.713227704445446875e+01
9.888275829701279918e+01 7.940160717527453471e+01 8.510750423351177574e+01 7.022163430629599645e+01 6.811884269033996020e+01 7.581722813218611634e+01 8.440524802517082037e+01 7.883375968973062697e+01 7.057789537092611454e+01 5.752104522530667907e+01 4.414043510879723442e+01 2.437890831357409382e+01 4.245670641339319218e+01 5.044719975531076273e+01 5.486838380402250692e+01 6.295091535422296403e+01 6.980486452066136849e+01 5.016555687014841425e+01 3.617330790796730611e+01 2.722107732728867191e+01 4.708945212853617335e+01 4.367392156834684869e+01 6.336420590641740347e+01 6.102763070789486477e+01 5.066793669129933164e+01 7.026646604705283039e+01 7.741590136096598940e+01 7.165609034671433619e+01 9.132131522827809533e+01 9.241552623948727785e+01 7.244335481625253692e+01 6.167188475504007528e+01 8.164896046759346859e+01 6.499162165277971326e+01 8.496932947118051516e+01 9.389539827055281762e+01 8.558155842525462731e+01
1.069932827830872810e+02 9.888275829701279918e+01 9.760975181304776527e+01 8.951687376352306558e+01 8.738707310905061831e+01 8.254750063860261378e+01 7.276564724227640113e+01 6.456523178738825663e+01 5.119567794719804965e+01 4.938540614687745745e+01 2.971058742202786007e+01 4.109915132753167910e+01 2.281362448837866808e+01 4.102636244406643584e+01 3.529280947931712120e+01 5.486838379928532561e+01 6.405413053075919549e+01 6.405818477018463852e+01 4.549870542167609955e+01 2.559222805407628343e+01 4.549870542167705167e+01 6.336420590641740347e+01 7.152800049121019299e+01 7.843520244470055047e+01 6.452056590401871006e+01 6.452056590401871006e+01 8.413829610040714613e+01 9.132131522827809533e+01 9.955781611478160187e+01 9.023281130857569110e+01 7.025775808265223077e+01 5.613415020575579462e+01 7.049698131963732806e+01 5.867662114165043619e+01 7.865182355763096211e+01 8.558155842525462731e+01 6.529108310918037716e+01
1.010846847500428964e+02 9.279916477864912849e+01 9.201969821233211633e+01 1.003048956110853567e+02 8.818953856601547159e+01 6.847636861169685574e+01 5.488024116214264581e+01 4.519978644171548865e+01 3.992067326101602021e+01 3.547049944673091915e+01 4.938540614687745745e+01 5.017193974590075811e+01 4.086472124148037466e+01 2.125959530524725949e+01 3.950732042637383756e+01 3.599617408035565802e+01 5.580165350659626000e+01 4.989192146762323432e+01 4.171389504643123303e+01 2.399473270017826110e+01 3.813569496411921733e+01 5.788461282511818951e+01 7.235712900447586549e+01 8.055433911787812917e+01 8.413829610040714613e+01 8.413829610040714613e+01 9.234983898538204983e+01 9.960997468874450078e+01 9.572113181978642160e+01 8.988069371135425456e+01 7.152794386589143016e+01 5.155241816081549189e+01 5.052369123613691926e+01 6.464655981624034098e+01 8.462114825873604218e+01 8.363150842494525250e+01 7.123402573575978636e+01
8.953478632779940938e+01 7.279332703456989861e+01 7.201366449499062128e+01 8.875504887282158961e+01 9.085228266622193871e+01 7.105748533539679102e+01 5.742302658473765575e+01 5.886245469424050469e+01 5.369845148827497638e+01 4.934072908369000032e+01 6.317651119022819728e+01 5.408640168115878311e+01 3.746087887509604286e+01 3.950732032387571024e+01 1.972352958286629487e+01 3.896089149017783626e+01 4.765105259873300980e+01 3.966495592530698389e+01 2.179592952635037051e+01 2.582791084608216892e+01 4.534094273677718689e+01 5.609419393888126848e+01 5.243918268911875202e+01 7.009225802768736457e+01 7.080246514013616377e+01 9.052685135792441429e+01 9.960997468874450078e+01 7.964354261580916727e+01 7.575688610777298493e+01 6.990661344602138172e+01 7.979190119234289114e+01 6.550392678038366512e+01 4.552571862279825154e+01 5.965337876234359982e+01 7.962839915285151449e+01 7.528648143426275396e+01 5.493467177745247909e+01
8.058747328494624185e+01 6.124081129572609683e+01 6.046112689753221048e+01 7.600712838710241215e+01 8.429335283648630650e+01 8.517808809247318891e+01 7.685524724138208796e+01 7.833295358885611392e+01 7.312924387362666323e+01 6.877350313614454080e+01 6.704060872259896087e+01 4.759821809654233959e+01 4.615156714973837637e+01 3.706323022741880635e+01 1.864505061629837002e+01 3.844322237926680685e+01 3.764864062947280843e+01 1.980765416920970168e+01 3.966495592501697587e+01 4.534094273610376291e+01 3.175075243142558890e+01 3.620806778368810086e+01 4.182410760527603344e+01 5.086327084643704666e+01 6.502653168155225671e+01 8.474680185605636495e+01 9.742895503229998155e+01 7.745813274611498400e+01 6.333053376083437769e+01 5.578041195378327899e+01 6.760060719245990413e+01 6.242121648061362293e+01 4.243615646105394035e+01 5.657047041940042931e+01 7.654616697159993066e+01 7.495221141506573304e+01 5.993910607723076822e+01
6.384478682489250900e+01 5.229410814818984932e+01 5.151460610436625132e+01 5.600016775675042169e+01 7.014744805359124769e+01 9.015364811943611301e+01 9.148148488838906189e+01 8.233752939483304090e+01 7.422000580634448852e+01 8.233752939483304090e+01 7.443134575768884531e+01 5.162402403013467023e+01 2.708880832601141719e+01 1.711988253974584495e+01 3.401240226952444345e+01 3.566356847647530515e+01 1.784873307798857311e+01 3.184749825957521452e+01 4.784823957280784867e+01 5.963638254737045941e+01 5.140698905359464277e+01 5.609419393888477856e+01 6.188538625252280667e+01 5.606889901072636917e+01 7.592762272302003623e+01 8.713463159496890853e+01 7.887678553698144412e+01 8.713463157941316695e+01 8.330745116786727067e+01 6.760152468491365596e+01 4.762113105276244340e+01 5.947457503692696434e+01 3.948148409523030011e+01 5.362326209269423316e+01 7.360089410461246473e+01 6.658866018234606088e+01 4.650019759816372300e+01
7.096875666572135799e+01 6.335361545725645271e+01 4.334960381926763517e+01 6.335361545725645271e+01 7.910711066645862388e+01 8.573766743753945718e+01 7.189391066387287310e+01 7.244412158663638479e+01 5.435474639395406626e+01 6.770418529059895718e+01 6.377477484248347395e+01 5.945682871355753463e+01 3.922767222399854603e+01 3.492750859651758333e+01 1.561013825133330535e+01 1.587257167632198218e+01 3.566304780911760730e+01 4.582745903348286021e+01 5.982212979551749044e+01 6.124029993979413433e+01 5.499281586549723500e+01 6.157353813341713789e+01 7.018828196125193131e+01 7.592762272302003623e+01 8.411538120561785092e+01 7.715179274635190154e+01 5.889889947769911061e+01 6.974342919450913314e+01 7.800681907876381160e+01 7.586546307231016328e+01 6.053742182396437954e+01 4.054559719714745825e+01 3.664634778226297840e+01 5.664712050413809408e+01 7.107969902290724917e+01 7.495221141511534313e+01 6.360285624965730022e+01
5.096276675161911385e+01 5.927031291417033998e+01 3.926682034789116216e+01 5.081481178402910359e+01 7.082074256248307620e+01 7.763097832723886427e+01 5.785183222139393422e+01 6.428737610014923121e+01 4.417431820659678721e+01 4.766804473874269377e+01 4.367219128495118952e+01 5.683903202220796658e+01 4.978395533746530077e+01 2.883525604471312320e+01 1.454434869233372218e+01 1.445587503704144083e+01 3.123795299978332096e+01 5.116561442504744406e+01 5.516708701486554389e+01 4.049618976055100461e+01 3.436611123543294610e+01 4.076346711780142584e+01 5.542838211799244164e+01 7.640925712875407783e+01 8.730334121730651020e+01 6.888784250732761905e+01 4.890432482040080231e+01 4.976036724330176497e+01 6.158537831468809287e+01 6.985277078421742658e+01 5.892184698922505248e+01 5.064908640936373985e+01 3.386649760091603412e+01 4.282398664009475198e+01 5.696148414882897981e+01 7.693900041815885515e+01 7.195810531714954550e+01
6.096576058364992434e+01 4.096140263057009179e+01 3.555190186009675557e+01 4.969631800955715306e+01 6.970169481049676108e+01 7.655087895989242952e+01 5.675469696063600367e+01 4.502506012362258048e+01 3.851083157241557586e+01 3.326079022185763279e+01 2.939841315086800577e+01 4.435843387257804693e+01 5.263025060283175094e+01 4.339732117929423083e+01 3.260532941452315470e+01 1.304746153699040967e+01 2.868734059627547950e+01 3.642968809697098465e+01 4.027522634827656844e+01 2.616812368798141009e+01 4.657199896237044356e+01 6.157353813341713789e+01 5.542838211799244164e+01 7.640925712875407783e+01 7.904669278300215751e+01 5.906997914034906927e+01 5.820620299774663664e+01 3.820858711077723768e+01 4.159202517681766409e+01 5.585394720860241335e+01 4.757940550304962102e+01 3.063721533330994617e+01 5.064908640936112505e+01 6.214441568297888097e+01 7.107969902290724917e+01 7.017720101017140166e+01 6.189637730790214221e+01
