LEM/with_lateral_4open/elevation_000115.asc
nrows	100
cellsize	150.0
xllcorner	0
ncols	100
yllcorner	0
NODATA_value	-9999
[rows 0 to 16 of 100, columns 37 to 73 of 100]
8.884754177262699226e-02 6.929726548558100274e-02 7.395023591448830758e-02 4.828361932999872264e-02 4.897713358561925356e-02 8.568734790590110117e-02 1.075183056328203948e-02 6.823539046102447547e-02 7.194897206013613211e-02 1.557559815681563986e-02 7.704183385687686514e-02 1.685416958384493638e-02 9.680445094065920353e-02 7.639902522890137937e-02 4.559330980047965332e-02 5.839666421669215124e-02 9.739037529851846120e-02 3.670263267501718690e-02 2.041064012308905357e-02 6.895211126444661387e-02 9.031524355919069713e-02 1.560024811392830661e-02 7.641644294168103979e-02 3.888124420523987601e-02 6.873285589001959517e-02 4.772367030474261584e-02 9.504926490987847254e-02 5.760415539182907330e-02 9.666222459857021221e-02 9.627991409191682948e-02 1.286757495974483190e-02 9.381044340810595905e-02 7.584058927755046864e-02 1.435327048224320848e-02 5.777975670406795827e-02 2.716720951219454838e-02 4.735230246529398453e-03
3.006147371730512052e+00 2.006929726548522552e+01 5.847452927810720347e+00 2.004828361932964498e+01 2.004897713358526445e+01 1.422782297163697685e+01 2.001075183056292772e+01 5.841738082357257333e+00 2.007194897205977924e+01 1.879347597027742012e+01 2.007704183385652286e+01 6.268484509142638883e-01 2.009615041054824403e+01 2.007639839863643516e+01 1.159259869358455219e+01 2.005839607090493359e+01 2.009739037529816486e+01 8.201668441952348232e+00 2.002041064012273353e+01 5.615954073516761902e+00 2.009031524355883391e+01 1.156260563185417034e+01 2.007641644294132632e+01 2.003888124420488381e+01 1.765587081376437828e+00 1.071102946982505344e+01 2.009504313093320960e+01 2.005760415539147345e+01 5.119305563147066529e+00 2.009627991409156067e+01 1.415291391568754520e+01 1.424631325719423636e+01 2.007584058927719539e+01 1.755109936662129888e+00 2.005777975670371305e+01 2.002716720951183760e+01 2.000473523024617251e+01
5.954986494828442112e+00 2.595497308060836517e+01 2.584745292781036596e+01 1.479172483780980052e+01 3.479172483780909175e+01 3.422782297163767851e+01 3.187196496837307080e+01 1.187196497391247796e+01 3.187196496837307080e+01 3.661899821998597560e+01 2.123727309832601406e+01 1.237126648611617918e+00 2.123707496983581677e+01 2.889797634569258378e+01 3.159259758332704493e+01 3.987671403889606836e+01 3.648611610024180862e+01 1.820166844205190770e+01 3.138947573138943881e+01 1.138945676541307073e+01 3.138947573138943881e+01 2.570474123171526770e+01 3.422609716339135133e+01 2.347158919762828688e+01 3.469834785505443886e+00 1.586968742808027599e+01 3.512885411158255522e+01 3.054687627487991008e+01 1.035669188742040525e+01 3.054687627487949442e+01 3.410226113719684804e+01 3.442750707813651445e+01 2.349322161357977379e+01 3.502377306399587553e+00 1.685444283960317335e+01 3.572275808757194682e+01 3.645498613846756086e+01
1.111896428977170892e+01 1.130021133307688430e+01 3.130019302611723475e+01 2.893386046154050106e+01 2.633873022160211264e+01 4.633873022160140209e+01 3.894303277300030430e+01 1.894303278577782734e+01 3.894303277300030430e+01 2.998614654833938076e+01 1.109744615694148528e+01 1.848258979963761206e+00 1.310565418706537599e+01 8.995421838928699287e+00 2.889807076019333820e+01 4.403577334637125773e+01 4.648659788115622860e+01 3.234380450358873560e+01 3.805617570199957811e+01 1.805612343207985404e+01 3.805617570199957811e+01 4.570472976895862161e+01 2.594251449679139299e+01 5.944869070878658235e+00 2.347157120658526352e+01 3.175422379769091563e+01 4.360659814403982892e+01 3.884643102925879532e+01 3.054687627487991008e+01 1.960134368851263886e+01 3.993753213393379298e+01 3.919095339386358745e+01 1.939605194559840129e+01 5.276572947071881181e+00 2.526573109802198047e+01 4.005664812980682399e+01 4.645498613848243252e+01
1.689246698166905958e+01 1.522253403584053189e+01 3.522251126269840427e+01 4.893386046153978697e+01 3.788573560539421692e+01 5.462300146748483343e+01 4.722730158429355640e+01 3.049003816957013768e+01 4.722730158429355640e+01 3.777312525969968249e+01 2.840849794086412317e+01 2.184849580288886628e+01 2.715776713897921635e+00 2.271706262717315994e+01 1.577966031703282468e+01 3.574671050111627579e+01 5.188310699366073209e+01 5.234396942799163810e+01 4.634162180941374487e+01 2.805612343569815437e+01 4.634162180941374487e+01 4.668208024846645543e+01 2.770982260709802603e+01 7.714906523369927882e+00 2.770982003076075273e+01 3.788162831628347504e+01 4.616627582110420747e+01 5.616614593416596790e+01 4.824687643402301518e+01 2.824040215189332770e+01 4.824687643402301518e+01 3.781295654638790893e+01 1.954268297069959104e+01 1.366754495453288420e+01 7.899232608580483372e+00 3.217777992712074564e+01 4.953196660944518470e+01
3.689264084153261791e+01 1.930501694047909211e+01 3.930498832654145502e+01 5.701700789339943043e+01 5.788573560539293794e+01 6.617000685018739148e+01 5.877430088303583489e+01 5.049003811471458647e+01 4.826036394292881226e+01 3.106042453208533516e+01 2.187849081337322943e+01 3.593256709276393845e+00 2.264822754878878541e+01 3.084831177950569980e+01 3.574669229279280813e+01 2.358456552199847067e+01 4.359572328903362148e+01 6.059053747867336170e+01 5.634387811737375529e+01 4.219826468487463700e+01 5.253938553135557754e+01 3.254059437348011130e+01 1.840215988795791802e+01 2.770982258823666911e+01 1.033054287081712808e+01 1.788561042850826865e+01 2.788224206244338532e+01 4.788103792527358138e+01 5.714033235456209781e+01 4.026899766034641459e+01 5.653480752194312231e+01 3.997184133437088605e+01 2.633709740333976512e+01 2.844386786738596129e+01 9.775594201011513107e+00 2.124376369507357154e+01 4.123912535553848357e+01
4.485197930688135415e+01 2.485201890272963965e+01 2.873310734577710335e+01 4.028011194306205311e+01 6.027998577333966779e+01 6.687891990239127438e+01 5.857931639673062563e+01 5.768792306467825171e+01 4.393240999878099018e+01 2.618491307158131676e+01 1.307070685525420828e+01 4.214326822819657536e+00 2.508417681985296355e+01 3.440361966919656567e+01 4.271233038613512178e+01 4.359572328903357885e+01 3.301754525155802611e+01 4.058558030873466294e+01 6.059042527296422520e+01 6.219928067468764254e+01 5.839718529238292888e+01 3.839810468808827437e+01 3.839810468808827437e+01 3.223884106585812503e+01 1.224549515550721601e+01 2.118464737882272431e+01 4.118187161778196526e+01 5.616614593416596790e+01 6.877983154951421341e+01 6.048471241356806871e+01 6.304533567329080057e+01 4.405495307149821826e+01 3.827516753595984511e+01 1.828496566171990878e+01 1.168997338791755780e+01 1.794481291993843541e+01 2.457331258689501752e+01
3.428010929299254173e+01 3.899415212989850943e+01 4.028011194306205311e+01 5.701700789343545495e+01 6.856375807480407047e+01 5.857931639673062563e+01 3.843068365689219945e+01 4.433208155475357160e+01 2.983566419841470818e+01 2.992215262104151208e+01 2.479345815381441653e+01 4.837503832897851908e+00 2.490664819112090811e+01 1.412014944218997847e+01 3.442107560247278286e+01 4.919566428903437583e+01 5.302938455903997550e+01 6.059053747867336170e+01 5.691904686368509658e+01 7.692679731078834493e+01 6.327473267910364285e+01 5.155652083093655591e+01 4.321172242704729172e+01 3.421857134041627546e+01 1.422427388325146502e+01 3.421857134041627546e+01 3.751189676630119862e+01 5.165355575867332050e+01 7.165344288742105050e+01 7.209526252760947784e+01 5.208294595395057769e+01 3.791254035548341506e+01 2.894796336088317901e+01 3.373692590662617619e+01 1.380117141476756970e+01 3.373692590662617619e+01 4.461193530045149203e+01
4.183939865472488862e+01 5.899402512359091588e+01 6.027998577333966779e+01 6.856375807480696949e+01 6.572982782073756880e+01 5.742845372978845120e+01 4.433208155475357160e+01 2.418233891713414963e+01 2.992215267781277532e+01 9.840136234554284655e+00 2.384426814099623826e+01 5.469207521768352009e+00 6.082853676468443993e+00 2.843791317858885748e+01 2.096071643506353510e+01 4.088538576506290667e+01 5.653531370613926299e+01 6.814729241606677590e+01 7.692679731078834493e+01 6.820864922877251502e+01 5.501420549605143151e+01 3.503197584654591878e+01 2.348642162626889629e+01 1.956581964358466408e+01 1.659575814022125329e+01 3.659164637965047007e+01 4.814121979183328648e+01 5.765984446439961886e+01 6.610881045345335849e+01 7.795406164994722076e+01 5.794441777112333369e+01 5.727634809188075593e+01 4.298806437352283183e+01 2.294656533124474151e+01 1.593833643857077931e+01 3.003301328712916529e+01 5.007209500845311823e+01
5.338640002445124111e+01 7.012304072996067816e+01 7.525004148901231815e+01 7.163957241703296575e+01 5.154201563303802658e+01 3.726306985789862836e+01 4.467474514442906042e+01 3.356159107166183020e+01 1.346213906671983551e+01 2.643377112754536640e+01 6.362110693943296980e+00 2.553411712705880277e+01 2.843845718912086795e+01 3.681775326396012815e+01 4.088538575932636121e+01 2.810902902966845929e+01 3.970386967268276379e+01 5.988632399968594910e+01 7.731194669720203194e+01 5.995129953350566154e+01 3.997372914727577609e+01 2.997423392006696830e+01 4.347742391807999951e+01 3.955454304995551240e+01 3.659164637965047007e+01 2.002344039101194895e+01 2.574000128742278193e+01 3.772309086166244185e+01 5.734287369240581000e+01 7.246296257628526405e+01 6.611645519414084049e+01 4.609823626729294688e+01 3.451760203625622125e+01 3.822791293160986470e+01 1.822244424263888618e+01 3.822791293149177250e+01 4.819037212739245035e+01
7.338612515531312397e+01 6.934626039437839040e+01 5.517393575621783697e+01 5.724785644103766913e+01 4.892880951508111309e+01 4.467474514442906042e+01 2.451239817907296370e+01 1.742459539275688840e+01 3.356159107166183020e+01 2.709282074146050689e+01 7.016092327469885426e+00 1.702742487048657338e+01 3.125189035732745424e+01 5.141105965660926103e+01 5.653528396043805060e+01 4.232840187580247004e+01 3.883672190021166415e+01 4.896397282871486567e+01 6.908631554237356909e+01 6.820864922877251502e+01 5.530356904203157598e+01 3.531917226447329483e+01 5.530356904203157598e+01 5.267010347853648256e+01 3.267049478162109466e+01 4.002124031966354778e+01 2.373110640187911713e+01 2.627425335488094404e+01 4.227925776898329246e+01 6.411769679917057374e+01 7.440212691211870322e+01 6.284711194290058955e+01 5.455893110802831103e+01 4.060704399781420193e+01 2.056012930397263361e+01 2.812677178600393546e+01 4.232530114293632550e+01
6.679852947120097895e+01 5.256136793676446217e+01 4.087522611354224011e+01 4.892880203103173642e+01 2.873773712902024258e+01 2.524217296944184596e+01 2.190171764805977617e+01 3.754627898689775378e+01 4.587619960348116166e+01 2.775341465408761366e+01 7.672907658696934696e+00 2.775331553140406982e+01 4.547414876704078068e+01 4.141475737950630531e+01 4.974362873684619757e+01 6.249130188832265276e+01 5.902514418554419962e+01 6.728942441954890796e+01 7.731194669720203194e+01 6.941701136805187389e+01 4.945758981882350724e+01 4.287836955190927313e+01 6.285343359725706591e+01 6.095422962273651990e+01 4.681226184553637637e+01 5.092960259655322375e+01 3.819616487458645793e+01 2.760263331555446698e+01 3.928198511794984427e+01 5.358751828594630240e+01 7.367544597169049325e+01 6.870954043960333024e+01 6.042467360899257045e+01 4.315662580177835395e+01 2.308119860192291384e+01 4.315662580167854401e+01 4.819037212755775101e+01
6.377030099799343787e+01 4.951484196408219418e+01 5.432780566319210180e+01 3.412661398716337402e+01 4.892880951508111309e+01 3.950845784627890112e+01 3.614586225336204706e+01 5.038028368339408303e+01 4.187333208241728499e+01 2.841486654707258808e+01 8.331585840956563516e+00 2.841554689566237712e+01 3.549114120434079922e+01 2.132810891463688208e+01 4.141476434606268242e+01 4.795131896279800543e+01 6.808261301381372732e+01 7.412615243456990299e+01 8.239798110309972401e+01 7.767008519686862655e+01 6.941701136805187389e+01 5.287682589164190716e+01 7.110871457954945640e+01 7.509619739993678422e+01 6.113413777640397484e+01 4.271041746395322747e+01 3.624822159923434128e+01 3.092935664186472167e+01 5.132937943143735282e+01 6.531798493153461038e+01 7.456982919810727140e+01 5.456557594020071633e+01 4.040668891909939475e+01 3.281212600982480154e+01 2.568883995814680077e+01 4.577112119530121248e+01 5.113085364897855811e+01
6.227328465762671783e+01 6.116721790454153052e+01 6.146110961342648693e+01 4.128507940298870693e+01 6.146110961342648693e+01 5.967122276288908012e+01 5.631076194345401831e+01 5.118872781893949764e+01 3.362049885629229351e+01 1.442785525561247439e+01 8.991820110353835105e+00 2.600044425875358911e+01 1.546183691904790081e+01 3.549153470867237559e+01 2.780430455721703709e+01 4.795131896279800543e+01 6.140690314627801882e+01 5.401525349533089582e+01 6.826550994439992337e+01 8.827499501855844244e+01 8.108006560642643024e+01 7.283004130287216071e+01 8.108006560642643024e+01 7.493698349693943328e+01 5.541681187961474109e+01 6.054203346038682554e+01 4.048768963886333694e+01 5.132937943143735282e+01 3.685221906296627736e+01 5.703908551386818004e+01 7.384391595391186058e+01 6.870953718581334613e+01 6.042467346432401598e+01 5.014850793668944817e+01 3.008875438889467802e+01 3.107657112519655129e+01 4.526894120748718109e+01
8.229493773731780948e+01 7.535269252192023259e+01 6.975270962421633669e+01 5.296972679011972929e+01 6.975270962421633669e+01 6.351405638780173035e+01 4.329986140545205586e+01 3.176827541258817078e+01 2.325386484501702000e+01 3.362036422164493388e+01 2.907887536850538979e+01 9.934134291521207416e+00 3.002628401216215082e+01 4.260176465537411872e+01 4.795131896279800543e+01 3.539670752034019330e+01 4.122128629064961558e+01 5.290354090847944946e+01 7.302271198069223601e+01 8.020858729044496727e+01 7.195560444928698018e+01 8.020858729044496727e+01 8.612036754877816236e+01 8.319926715512833937e+01 7.493698349693943328e+01 6.854919685656436457e+01 4.810836827361809043e+01 6.307502019222292944e+01 4.305608960502569715e+01 4.556600117746126699e+01 6.556793027900900483e+01 7.097021095226460830e+01 5.096428672415217420e+01 3.679779163990440338e+01 5.014852182172425898e+01 3.596020625149154881e+01 4.267109608512922136e+01
9.723657765158650079e+01 9.530101480922304802e+01 8.133125505212080952e+01 7.306055507748257583e+01 8.055283237323820344e+01 7.180902479428286256e+01 6.017020743756906853e+01 5.118872781893949764e+01 4.286552332269216947e+01 4.512355662197737161e+01 2.619164842792806880e+01 1.699208517420891695e+01 1.089318493239441743e+01 3.044096262442258904e+01 5.430863804263837125e+01 5.557981748360015928e+01 6.140690314627801882e+01 6.970483943949849959e+01 8.129602082943645769e+01 7.025048199149516392e+01 5.204281215181656961e+01 7.025048199149516392e+01 6.621951733326829981e+01 8.030782931368028699e+01 8.511634440405063629e+01 6.482581541167904504e+01 6.259866012477561981e+01 6.972814546939682145e+01 4.976876963787521646e+01 5.266365910746846168e+01 7.262549951142578664e+01 6.438646964979966469e+01 4.437775639432367569e+01 5.682388690031061884e+01 6.099143480130906170e+01 4.097931744944556698e+01 6.099143480130906170e+01
7.730278669144489356e+01 8.314125888891530280e+01 9.139429533060135213e+01 8.055283237323820344e+01 6.033776943320976471e+01 6.404730259882116172e+01 7.239089236343309608e+01 6.876788525952866848e+01 6.044593880245050599e+01 5.029734501976891181e+01 3.151905947332227953e+01 1.185506985768361154e+01 3.121919134403923124e+01 4.651829152937072109e+01 4.601481442630816332e+01 5.404136842071095970e+01 5.724624054565935438e+01 6.529554651028799128e+01 6.844153843400235360e+01 6.018523619182940365e+01 4.195813119203251773e+01 5.944584791749993968e+01 5.212204959311707597e+01 7.204834141001347803e+01 8.365327813710506177e+01 8.511634440405063629e+01 8.291506333784782612e+01 7.727397030426644164e+01 5.730959435434624538e+01 6.158467654654623402e+01 8.090327196709276336e+01 7.016101396693798620e+01 5.015740567125462235e+01 7.016101396693798620e+01 6.653973257802103092e+01 4.653506045254329848e+01 6.653973257802103092e+01
