LEM/with_lateral_4open/elevation_000611.asc
nrows	100
cellsize	150.0
xllcorner	0
ncols	100
yllcorner	0
NODATA_value	-9999
[rows 34 to 50 of 100, columns 0 to 36 of 100]
2.064481644892168788e-02 2.002064481644856642e+01 3.586609367280995997e+01 4.586627996489601600e+01 6.000920226645739319e+01 6.347782973874816292e+01 5.721250381096682247e+01 3.715227211573800048e+01 2.560432652180811530e+01 4.563154386060090673e+01 6.185407599219714569e+01 5.780779607908921491e+01 3.867069729789204757e+01 4.955372533354330500e+01 4.250227979669445944e+01 2.633657771826502980e+01 4.049470330916968663e+01 5.980312654149317808e+01 6.638667385295941870e+01 7.100108005516162279e+01 6.279408941522399346e+01 5.353076225969392965e+01 7.343145957295530479e+01 7.921890185190227385e+01 5.986656693953641906e+01 5.778200802034289296e+01 6.672726868689674973e+01 7.827229533054389776e+01 9.828104303592749602e+01 1.056804402142727071e+02 9.446378621814855592e+01 7.407744009603297286e+01 9.320101502738114618e+01 7.892344875988089825e+01 8.988882721242960372e+01 6.981198452852926550e+01 4.948823662134670087e+01
2.905961989428186565e-02 1.417119524362535721e+01 3.417119524362605887e+01 4.757840287963597348e+01 4.757840287963405501e+01 5.586267412611805128e+01 6.557528429135921044e+01 5.394443651893794112e+01 3.715219035395927705e+01 3.344914043921627211e+01 5.349440475871928413e+01 6.777129042179807072e+01 5.358158576516579075e+01 6.393232453063587428e+01 4.379598583071175000e+01 2.963626125633441788e+01 3.419705780535405637e+01 3.997379680258856638e+01 4.663909522690231313e+01 6.068628283970271298e+01 8.014863514799340294e+01 6.504619703577594692e+01 8.167896937153166448e+01 8.816887866055067491e+01 7.141352747165936421e+01 7.778394672661364950e+01 6.721102314795207633e+01 7.615411107305814653e+01 8.769713445755148484e+01 1.077198342245161626e+02 1.027384991902695930e+02 8.437293064775680307e+01 1.027384991902695930e+02 9.921975015840570222e+01 8.159114832872296574e+01 6.118903815611149355e+01 5.420221523514363327e+01
3.542675937824442400e-02 2.003542675937788786e+01 2.766276456400750305e+01 2.757840287963527004e+01 2.757840287963476911e+01 4.757840287963405501e+01 6.066481041238926508e+01 6.549913144031881984e+01 5.719210528731036192e+01 4.344954883871930207e+01 4.499871194522196305e+01 6.509973696470551374e+01 7.365889021006198334e+01 7.170001725089940692e+01 5.312917779617696823e+01 3.307220611432251189e+01 5.301791474326493869e+01 5.980793791113827496e+01 6.638667385295941870e+01 6.068628283970271298e+01 8.014863514799340294e+01 8.488594121614431742e+01 9.315388488477904616e+01 9.972836107311296416e+01 9.141809919203409152e+01 9.551879164614894080e+01 8.721294142860725174e+01 9.551879164614894080e+01 1.044744780178901635e+02 1.160491329223977459e+02 1.127829621573469154e+02 1.045546417885402519e+02 1.127829621573469154e+02 9.807828980924679740e+01 7.788574783706769722e+01 7.970539572583305699e+01 5.927077068303486129e+01
3.411803931810562102e-02 3.813762769410370179e+00 7.662764564007859214e+00 1.343626725590406679e+01 2.238053916590306613e+01 3.238053916590271086e+01 4.652267478963316449e+01 6.652267478963175051e+01 7.191643267957354624e+01 5.762398677071723796e+01 5.656737419192402427e+01 7.348258692243248902e+01 7.495585043184112806e+01 5.465874725122645117e+01 4.307818749361047139e+01 3.724457018408228492e+01 5.730921940288976657e+01 7.125270582541587316e+01 7.977553996959814242e+01 8.014863514799340294e+01 8.808640976720347737e+01 1.005611266086054769e+02 9.219842078060626989e+01 1.005611266086054769e+02 9.766558799794455581e+01 8.908698810411013369e+01 8.873044126693551448e+01 8.489970859582358287e+01 9.323027465500533140e+01 1.039367925859218644e+02 1.168199479070393352e+02 1.135296618678569445e+02 1.156968099814294675e+02 1.062853385628150420e+02 9.399048625096608589e+01 7.378831749059546041e+01 6.847799080113148307e+01
3.327314952832965272e-02 2.003327314952797522e+01 2.766276456400750305e+01 1.582773037328504984e+01 2.215228569362169608e+01 3.031725150289881299e+01 4.031725150289845772e+01 5.445938712662891135e+01 7.445938712662749026e+01 7.781691402418618964e+01 7.675516126662971317e+01 8.515235748460929699e+01 8.345675446447354773e+01 6.323731244674364405e+01 6.318446820572755485e+01 4.618706585676328302e+01 4.431693312814572039e+01 5.098658479109921160e+01 6.102762905911270508e+01 7.542297384606024480e+01 9.609538398306359852e+01 9.042692282084091460e+01 7.189726972758687396e+01 9.042692282084091460e+01 8.898851557081846408e+01 6.843007583860853060e+01 6.838758200991053116e+01 6.429766292809587469e+01 7.508914420169995196e+01 9.572417134005796413e+01 9.760291367861809420e+01 9.347523553990008338e+01 9.567619426083918199e+01 1.156968099814294675e+02 1.021855833881931943e+02 9.399048625096608589e+01 7.874375538091443616e+01
6.779948344387334846e-02 1.420993510717494956e+01 3.420993510717565300e+01 3.582773037328575327e+01 4.215228569362098199e+01 4.215228569362098909e+01 5.860152274970911890e+01 6.860152274935232697e+01 6.916733683938120691e+01 6.761987234049092876e+01 6.612642699268286606e+01 7.441224091563444176e+01 8.855756851056442258e+01 8.362589444073734057e+01 7.427527465100584436e+01 5.769140277427693064e+01 5.248868886356373764e+01 7.125270582541587316e+01 7.977553996959814242e+01 9.002911292131632592e+01 9.277391081255862559e+01 8.204784525409660034e+01 6.164535714659147914e+01 8.204784525409660034e+01 8.749407565687852184e+01 6.824199389444190444e+01 5.388925802545953303e+01 7.436005194845743915e+01 9.323027465500533140e+01 1.025561834280103284e+02 8.968585854216105702e+01 7.879123081209782242e+01 9.935004569749952452e+01 1.079849914959435466e+02 1.101691189948615914e+02 1.069991544622012327e+02 9.883335884437649099e+01
9.516927588586144779e-03 2.000951692758822986e+01 3.301068133997247855e+01 4.129495258760504584e+01 5.129495258779315492e+01 6.215228569362027855e+01 5.893627448829244742e+01 5.449246481784038565e+01 4.915864051136095014e+01 4.761074891603954029e+01 4.611689134908249343e+01 6.026691332070442542e+01 7.168297393577326204e+01 7.996810698696394581e+01 8.571645383788714412e+01 7.743375608952426603e+01 6.253946658800715142e+01 8.126734578396013831e+01 9.918547482696499173e+01 8.912266856417116401e+01 7.253244705557419536e+01 7.254423559445669412e+01 5.479023667148540966e+01 7.524701588492821713e+01 8.445295227933486615e+01 6.357374479937841727e+01 4.910853664116098116e+01 6.942038789192989157e+01 8.164834887055647528e+01 8.995231692907928789e+01 9.216694278840245147e+01 7.188317231898497539e+01 9.216694278840245147e+01 8.789245728561120075e+01 9.009347498954059574e+01 1.101691189948615914e+02 1.108720150134406452e+02
1.945935296826603253e-02 6.344014673305051311e+00 1.301068133997177689e+01 2.301068133997195275e+01 4.301068133997265619e+01 5.474581311998104383e+01 3.713606881011899929e+01 3.451080516241750473e+01 3.502594252935394081e+01 3.348076423465153795e+01 5.252973788389985543e+01 5.753422428390766896e+01 5.167362028748332392e+01 7.168297393577326204e+01 8.233041416574893390e+01 9.150996302721111419e+01 8.297875276917304177e+01 9.150996302721111419e+01 9.095654112414439396e+01 7.072356064221268923e+01 6.047315105940433000e+01 5.208197019321772103e+01 4.858931350631180379e+01 6.907986123894478681e+01 7.884308670987695677e+01 6.502182715887258269e+01 4.473600385276744618e+01 6.505321895525059972e+01 6.143476664767104722e+01 8.164834887055647528e+01 8.661382869339526280e+01 6.627862251350225620e+01 8.363213050254039160e+01 7.348683670048600902e+01 9.377742430459483103e+01 1.060452507356056486e+02 9.777458911760989224e+01
5.600688922766024203e-02 2.005600688922730512e+01 3.301068133997247855e+01 4.129495258755689946e+01 5.129495258770384680e+01 4.270723465177609768e+01 2.346977232324250906e+01 2.044153486915871909e+01 2.354484663525062516e+01 2.797330775132317271e+01 3.252753711247205359e+01 3.751627868387627274e+01 4.508486261951822627e+01 5.403991331811685228e+01 6.818727574455913043e+01 8.818875604732566842e+01 9.991939895815747263e+01 9.710209544212493427e+01 9.918547482696499173e+01 8.483916810065530001e+01 7.468541796986727377e+01 6.333917014163332482e+01 4.295113392887152060e+01 6.339743091120866580e+01 6.450391019841779894e+01 5.016473367258730320e+01 4.050258507498272564e+01 4.709781325059381629e+01 6.143476664767104012e+01 8.164834887055647528e+01 8.142246541223587997e+01 6.105650214815111099e+01 6.319865683215602559e+01 8.363213050254039160e+01 1.020680744782549425e+02 9.777458912354808263e+01 7.757092147557214901e+01
8.215197286175310309e-02 2.008215197286139642e+01 3.587433684052069083e+01 4.415860811835047883e+01 4.051257895827988875e+01 3.222825808072013132e+01 1.618885633260064338e+01 3.618884625744962591e+01 4.347602485805712291e+01 3.348076423465153795e+01 5.252973788389985543e+01 5.753422428390766896e+01 5.753422428390766896e+01 7.338417228320477648e+01 8.233041416574893390e+01 9.049482484884913447e+01 7.978824442651797710e+01 7.694436630866610471e+01 9.116369953344096189e+01 7.659630320033922146e+01 5.624110445635976419e+01 4.605659224473972557e+01 3.908931722046768442e+01 5.938405360395784527e+01 5.611676288077364916e+01 3.536106184020784582e+01 5.611676288077054409e+01 6.735518780867703015e+01 6.721462501554414359e+01 8.693840919986473637e+01 7.653246466655681957e+01 5.615386836531313719e+01 5.700565787932079331e+01 7.747120638178846264e+01 9.452785630820967810e+01 8.503849885105549333e+01 7.668802060143124777e+01
2.613274238814250472e-02 2.002613274233096163e+01 1.587433684051595861e+01 2.652261665651986533e+01 2.877278577440167950e+01 1.222826616069459682e+01 1.777526812260493472e+01 2.354877080655854016e+01 4.354875509978297288e+01 5.347128548146280025e+01 4.501413203981540789e+01 5.656814514251059478e+01 7.657484612332635265e+01 8.582658075049374702e+01 9.049482484884913447e+01 7.027190278832885895e+01 6.541667949771583324e+01 6.255307114131780111e+01 8.104831485840156802e+01 8.483916810022685695e+01 7.472822573301424143e+01 5.554590726473158924e+01 3.547712959778083075e+01 5.554590726473158924e+01 5.290231189973481207e+01 3.211859634383408491e+01 5.290231189973462023e+01 6.754960086038143174e+01 7.988211334538736708e+01 8.761921733922854116e+01 7.189190814129209173e+01 5.152043233925413546e+01 5.134696792361951623e+01 6.582708651268838196e+01 7.916012642473330629e+01 7.078532178077603021e+01 5.624047208126618358e+01
7.532853315450405152e-02 2.195324293167228102e+00 4.327331456723341852e+00 6.522616656517158162e+00 8.772792458369186974e+00 1.633215073509146364e+01 3.636298737759464927e+01 4.354875509978297288e+01 3.297685945981369571e+01 5.297683308007600544e+01 6.502397192645597102e+01 7.330985740976575471e+01 8.485993035827050335e+01 8.379421571656565959e+01 8.829667147021741869e+01 6.805391079957017553e+01 5.359379985552994441e+01 5.229803031837761296e+01 6.952229735450868020e+01 7.788198500542530667e+01 6.665077549201336637e+01 4.634202688027668415e+01 3.242887592058187352e+01 5.229032163124152532e+01 4.979354859048731896e+01 2.942224193668282339e+01 3.835391003784786790e+01 5.036304449461414379e+01 7.116305983500063803e+01 7.925934544142653237e+01 5.885717341714640582e+01 4.711750158552901269e+01 4.628152911599861596e+01 6.668305535342700807e+01 6.532188427639664496e+01 5.034301048372874021e+01 7.078532178077603021e+01
6.101047412966256744e-02 2.006101047412930782e+01 2.432733145672574793e+01 2.066773986648996342e+01 2.031955605666246356e+01 3.635447435319934328e+01 3.048435170624359358e+01 5.055526934362067237e+01 4.711896289772353441e+01 4.562594443672558242e+01 5.976801828262252059e+01 7.976822255445839005e+01 7.797634520893629428e+01 6.391518049207220997e+01 7.797634520893629428e+01 7.875414255923311657e+01 5.841383683687545414e+01 4.389292709889060973e+01 4.909274324705953774e+01 6.612882627382164458e+01 6.351706754768449770e+01 4.330592843131721992e+01 2.953043398419187326e+01 4.511916413707163542e+01 4.388175079516703647e+01 2.725843666816964728e+01 4.094779181641660415e+01 6.141045232923256947e+01 7.295404164622429732e+01 7.619694195664980896e+01 7.576991296781871199e+01 6.187436951673299745e+01 4.153464390522430705e+01 6.051321596633943756e+01 4.492043245205614710e+01 5.402664897497220409e+01 6.585975860021811457e+01
6.842009524227352091e-02 1.421055571897334957e+01 3.421055571897405656e+01 4.073402632854412531e+01 4.028621976506651947e+01 4.848822255913560042e+01 5.055526934362067237e+01 5.888390074296167853e+01 6.711898272093228002e+01 6.562594248872714786e+01 7.391044314673634119e+01 7.203694771093950067e+01 6.378066887186038514e+01 4.965405206772875601e+01 6.902004972041810049e+01 7.902597339778751007e+01 7.274882259917100669e+01 5.772728879114887945e+01 3.739207342483679497e+01 5.197562131840420108e+01 6.038147578238496038e+01 5.758843546713957551e+01 4.511742120000739220e+01 2.558468271083238577e+01 2.414240448624171265e+01 2.512645175425706157e+01 4.484883035994943157e+01 5.431538770321181886e+01 5.352718095261348452e+01 5.774555834033046153e+01 6.030574917223481890e+01 5.888299350924569353e+01 3.859107113122197319e+01 4.017997364423113282e+01 6.051321596634336686e+01 7.371420354267060304e+01 8.281921130047336987e+01
1.934550753332892059e-02 2.001934550753297515e+01 2.847795045666131486e+01 3.347795045666241975e+01 3.882317529491099606e+01 4.548984196157613269e+01 5.377411320903773628e+01 5.443411387157497927e+01 7.443411387157355819e+01 7.009529618879238910e+01 6.181393597285892128e+01 6.036768039492920224e+01 4.345319711457741363e+01 4.032615986835315880e+01 5.072421879089048247e+01 7.078768227590195750e+01 7.286575933181819664e+01 5.246876655928719657e+01 4.071018584683438490e+01 3.208156695309977380e+01 4.715060440854502843e+01 4.396004006060706359e+01 4.130002002883256296e+01 2.283208662112438958e+01 4.255604476373954270e+01 4.453350255031065785e+01 2.650856959359951404e+01 4.606479783905835035e+01 3.965759527139741181e+01 4.981375743620755259e+01 4.034461643073773729e+01 5.288275139363226174e+01 3.574067172994730157e+01 5.596656135713291036e+01 6.891423972411243426e+01 8.024328030677467893e+01 8.919387831782324838e+01
4.364784840791047227e-02 4.213936129549423981e+00 8.477950456661670131e+00 1.347795045666171276e+01 1.882317529491029262e+01 2.548984196157684323e+01 3.443411387157568271e+01 5.443411387157497217e+01 6.401334265555135516e+01 5.569974561488798059e+01 4.132011900318868669e+01 4.508080448696456699e+01 3.115317411806795533e+01 4.610989633875058757e+01 6.636973110206956505e+01 7.902597252015591778e+01 8.121425994147830352e+01 6.947896140965848133e+01 6.038147578238685043e+01 4.715060440854502843e+01 2.771543424443577308e+01 2.466732534192412984e+01 2.157812987966500273e+01 4.130002017297377392e+01 5.090756364924149580e+01 5.296461712923117204e+01 4.628129000335020748e+01 2.788912612215792919e+01 2.887103773708491161e+01 2.986591151102584618e+01 3.086553726903860451e+01 3.284202864151811241e+01 5.295620661889629588e+01 5.525016790625170415e+01 5.151665645118714565e+01 7.187993095031136193e+01 7.436645092225781184e+01
5.219006137575642884e-02 2.005219006137540205e+01 2.847795045666202540e+01 2.480788207521648303e+01 3.882317529491099606e+01 3.882317529491100316e+01 5.377411320903773628e+01 6.271838511903657576e+01 5.216357875498120933e+01 3.498746752670254523e+01 3.951694937668936802e+01 2.389427626466710919e+01 3.359955990456127495e+01 4.580974271239517037e+01 6.606270814335333341e+01 7.353082351947230677e+01 6.203236853236110449e+01 5.377772616016446250e+01 5.636139201471443982e+01 4.824853749825575733e+01 3.912091297594596284e+01 3.924198152102275117e+01 2.071905446823858199e+01 3.198976634871581481e+01 5.198828408964010350e+01 6.064294308235544406e+01 4.034184098881680569e+01 4.783117827686321277e+01 3.758920486349191492e+01 4.981422976437470851e+01 5.087461893062052098e+01 3.253996123584460776e+01 3.377647977594915574e+01 3.503002351260148828e+01 5.525355750319025816e+01 5.851074722356965907e+01 5.397407779981290332e+01
