LEM/with_lateral_4open/elevation_000301.asc
nrows	100
cellsize	150.0
xllcorner	0
ncols	100
yllcorner	0
NODATA_value	-9999
[rows 0 to 16 of 100, columns 37 to 73 of 100]
8.884754177262699226e-02 6.929726548558100274e-02 7.395023591448830758e-02 4.828361932999872264e-02 4.897713358561925356e-02 8.568734790590110117e-02 1.075183056328203948e-02 6.823539046102447547e-02 7.194897206013613211e-02 1.557559815681563986e-02 7.704183385687686514e-02 1.685416958384493638e-02 9.680445094065920353e-02 7.639902522890137937e-02 4.559330980047965332e-02 5.839666421669215124e-02 9.739037529851846120e-02 3.670263267501718690e-02 2.041064012308905357e-02 6.895211126444661387e-02 9.031524355919069713e-02 1.560024811392830661e-02 7.641644294168103979e-02 3.888124420523987601e-02 6.873285589001959517e-02 4.772367030474261584e-02 9.504926490987847254e-02 5.760415539182907330e-02 9.666222459857021221e-02 9.627991409191682948e-02 1.286757495974483190e-02 9.381044340810595905e-02 7.584058927755046864e-02 1.435327048224320848e-02 5.777975670406795827e-02 2.716720951219454838e-02 4.735230246529398453e-03
2.008884754177227094e+01 1.421143288921640568e+01 7.633239696099065164e+00 2.004828361932964498e+01 1.419111275731669508e+01 2.008568734722822668e+01 1.155159005904819303e+01 2.006823538804865237e+01 2.007194228558562088e+01 6.483475953251486290e-01 1.998309700926507659e+01 1.944331804657570117e+01 2.009680440624024556e+01 6.106625916789734099e+00 2.004559330980012533e+01 1.420053228794751732e+01 2.009739037529816486e+01 3.518255751788966990e+00 2.002041064012273353e+01 2.006895211126409251e+01 9.034587153558426564e+00 2.001560024811357152e+01 2.007641644294132632e+01 1.792997282819300153e+00 2.006873285588966382e+01 2.004772367030438573e+01 8.260015074187210260e+00 2.005760415539147345e+01 1.423879784776744728e+01 2.009627991409043801e+01 8.955406442946840073e+00 2.009380479133291431e+01 1.290754067740025768e+00 1.606383671106500088e+01 2.005777975670371305e+01 8.242537439980331726e+00 2.000473523024617251e+01
2.623079942363838413e+01 3.421143288921569336e+01 2.177537531983026753e+01 2.177537531983026398e+01 3.419111275732948485e+01 3.959677371342588970e+01 3.141966976662050470e+01 2.748484051581469956e+01 1.545469165725340321e+00 8.882566421091597775e+00 1.408206576902378337e+01 3.192289848317128076e+01 3.243114611567310845e+01 1.243118123738753589e+01 3.243137618202486294e+01 3.420053228794680678e+01 2.705378965747707554e+01 7.053789657721689643e+00 2.705378965747704356e+01 3.731885840145402256e+01 2.317672277728962982e+01 3.731885840117386977e+01 2.355491490977744107e+01 3.553899095470551828e+00 2.355489377003846485e+01 3.654451303471721246e+01 1.980702045996884664e+01 3.654462765625178378e+01 3.423879651178321382e+01 2.302284449607668648e+01 2.310051861243283611e+01 3.021723360239782163e+00 2.095823482801919724e+01 2.061022297900498401e+01 3.573176309561711150e+01 2.257686102110293191e+01 2.848193416094895980e+01
1.108151192408248242e+01 3.108151195689397284e+01 4.177537531983895036e+01 3.591751094356171592e+01 5.005964657663557915e+01 4.918661242820477497e+01 4.082358130891063297e+01 2.240942703535920799e+01 2.180467300272589171e+00 9.685436433944460077e+00 2.696441918454403108e+01 3.788226953100775773e+01 3.999078408141637908e+01 1.999047072061029695e+01 3.999078408141637908e+01 4.490939688563913279e+01 2.490983048684562817e+01 1.076769642126275883e+01 3.076770614295021389e+01 4.661149746225462565e+01 4.317672277729033681e+01 3.695284050398803544e+01 2.493429587989379925e+01 5.335640708220106276e+00 2.518100937738068268e+01 4.347623390872731619e+01 3.980705657087780480e+01 4.809223404913736744e+01 4.235311232442738572e+01 4.258908932544180459e+01 2.425075531019519204e+01 4.250313600863118602e+00 2.421692984411405547e+01 3.369520537963729367e+01 4.673529176468576907e+01 4.273804182197035573e+01 4.860799421366101569e+01
1.461704583001518998e+01 2.875918145374552282e+01 4.875918144968950685e+01 5.591751094365772445e+01 5.242755311109711869e+01 3.236253013277266888e+01 2.080607768773911914e+01 2.281232552718855544e+01 2.818359801170508216e+00 2.277398140492462630e+01 2.206433389402570810e+01 4.089162371220666614e+01 4.827610076311235332e+01 3.413264435984846301e+01 4.827610076311235332e+01 3.971196769602180865e+01 1.971196833127842751e+01 3.076770614294979467e+01 1.832698588144767626e+01 3.832700150956448226e+01 4.375094097726233855e+01 2.254903870571117608e+01 8.237545701503604434e+00 9.699986971802212921e+00 1.601371997627935784e+01 2.491851235354922878e+01 3.899945776544662834e+01 5.963653525060161087e+01 6.103757403137851156e+01 5.180361437700406668e+01 3.254089346724826015e+01 2.424997850048671566e+01 6.004429758906343118e+00 2.526892952594551645e+01 3.702239175349719602e+01 5.284769071588402767e+01 5.652268490496943798e+01
3.461704582882667580e+01 2.726615647068893011e+01 4.140829209443116099e+01 6.140829218243040799e+01 6.079350233097421352e+01 4.918661244927938725e+01 3.012806888752797363e+01 1.011333934659106859e+01 3.457209499415488274e+00 2.345100856278900991e+01 4.089821024880011890e+01 4.089821028180819695e+01 5.911799176729778083e+01 5.413358444668583047e+01 5.385410158516717161e+01 3.385410405699384739e+01 2.971196833273137727e+01 4.435723514655477118e+01 2.435721277300440590e+01 4.435723514655505539e+01 4.440776690330788057e+01 2.446388797226025957e+01 1.033411535632103728e+01 2.947627425693146463e+01 1.618683359697522661e+01 3.582708623861775976e+01 4.466676493031511797e+01 6.459281335493515996e+01 5.749179409428730736e+01 3.798659315838774830e+01 2.409944964480235896e+01 1.416214560047158777e+01 2.360902223459860494e+01 7.815145513913908992e+00 2.229345199433704749e+01 4.031163064830149523e+01 3.666827995268605633e+01
4.564727271930144781e+01 4.726615647959143729e+01 5.555042985769960495e+01 5.339220183399888953e+01 4.490117380716861817e+01 3.818572839350395043e+01 3.268319859356230950e+01 2.384790892453531086e+01 4.099622548884712003e+00 2.409329719988445717e+01 3.069960847929725745e+01 3.919531490426270182e+01 4.834323087406379216e+01 6.017589384751980219e+01 6.213817372941343820e+01 5.385410158516717161e+01 4.125897377875580929e+01 5.142831519382821170e+01 3.142828058489098098e+01 5.142831519382822592e+01 4.379214591263436063e+01 3.243385449435773182e+01 1.246612244884816967e+01 3.243388159800240089e+01 2.103243714813909548e+01 3.493748924080378515e+01 5.414861310095006530e+01 6.714103032126688220e+01 5.646813364176171035e+01 3.696529616007575925e+01 2.562097650185932096e+01 3.389949194427791213e+01 2.885314976774509077e+01 9.106141398042417734e+00 1.465294018511636054e+01 2.042368983083299838e+01 3.449742114957617645e+01
4.564727271930144781e+01 6.564727267972376978e+01 5.928778824918025947e+01 3.894204298865474101e+01 2.475483671578821543e+01 1.808111287449087357e+01 1.273347595184674219e+01 2.414639628358434820e+01 4.742914254275508945e+00 7.525366617926626311e+00 1.038012739269881735e+01 1.941326346429528726e+01 3.119190726422904802e+01 5.163032431403943434e+01 6.948049424386182693e+01 6.954298171178666621e+01 6.125897068131760648e+01 4.775821736841956522e+01 4.557041726851666397e+01 4.962824860276457883e+01 2.969421089927836022e+01 1.557072243119269395e+01 3.243187072674096072e+01 4.069200610605605561e+01 4.056429537381135475e+01 2.882474955885361823e+01 4.007593931761918782e+01 5.915543276604591227e+01 6.459453002870745308e+01 5.331476256885844833e+01 4.520815990668924655e+01 3.936240272012869212e+01 1.938200848294842515e+01 1.043947822715959894e+01 3.042689887876334964e+01 4.031163099646622072e+01 3.449742131014045299e+01
4.611396366563496940e+01 6.611396365431596678e+01 5.928778824918025947e+01 3.894204298865474101e+01 3.818572904611855279e+01 3.818483776496430693e+01 2.579966868788945433e+01 5.672101358995399245e+00 2.446137079635836997e+01 1.676097556901668995e+01 3.055802163746565014e+01 1.610606902082987801e+01 3.661707358399641521e+01 4.873106917475715960e+01 4.873106917475716671e+01 6.419342162721025602e+01 7.604343853614336979e+01 6.775837782299511503e+01 6.557053181211266235e+01 5.186962831793000817e+01 3.194085612843517197e+01 1.782089349369141473e+01 3.777790121925656308e+01 4.964045191315678807e+01 5.608843254687317170e+01 4.814073735223267647e+01 3.925695787972860984e+01 5.275736533624105817e+01 7.183166167234197985e+01 6.981246979218751392e+01 4.982248396290999892e+01 3.569568556330650466e+01 3.178055346244731183e+01 1.179405704864188564e+01 2.592699809482033757e+01 4.585953086735990070e+01 5.434844336464188075e+01
6.611396365431596678e+01 7.439823398866442972e+01 6.784236067934310199e+01 5.928778824918025947e+01 5.852442265528033261e+01 4.100942931969097316e+01 2.051388196986351176e+01 6.335256143610862978e+00 2.627769081070927015e+01 2.853857735139992258e+01 4.305316481487702163e+01 3.062373484126407064e+01 2.270344769547594410e+01 2.832923604534476070e+01 3.501296374581002624e+01 4.948465363272851647e+01 7.033002615871671992e+01 7.203419318401968496e+01 6.206855326571905351e+01 4.531304820924680854e+01 2.537696935887188587e+01 3.777791845478810018e+01 2.147228719825467635e+01 3.558470018150440950e+01 5.551016806334838805e+01 6.632893025210250926e+01 5.275732801765661151e+01 6.633347841023419278e+01 6.275393779960772633e+01 5.447300632028563427e+01 5.447173619438536463e+01 4.727424388449107084e+01 2.729497978918378465e+01 1.316124537306100706e+01 2.727787108611431677e+01 4.706351851740582504e+01 6.378820517051745043e+01
8.025584499395044702e+01 6.862787509789110629e+01 5.964371508236400388e+01 5.130078069271720409e+01 4.419847974743235852e+01 4.094423743041966901e+01 2.112198856775426492e+01 6.999344655240244073e+00 2.443395443171258918e+01 4.365210245935767119e+01 5.281426188744870132e+01 5.108622772662731393e+01 3.442242510422009616e+01 3.928819863435002446e+01 5.559012188923072983e+01 4.948465363272851647e+01 7.033002615871671992e+01 6.376473208333356268e+01 4.384710692364475904e+01 3.388837079338700420e+01 4.531304800680741351e+01 4.408439949803118907e+01 2.414471818510911305e+01 4.408439972128635986e+01 6.212426074134222631e+01 7.363379389380980911e+01 7.182757585363103203e+01 6.681534783474057804e+01 5.447304299171757691e+01 3.449675944181818465e+01 3.449675169892063309e+01 3.861600353448103107e+01 3.452911994225679138e+01 1.454470622331016827e+01 3.434058447616028786e+01 3.865753028362566113e+01 5.591312397439218529e+01
7.187055134249307287e+01 5.177325200416171924e+01 4.021746658541165687e+01 3.121244005096077956e+01 2.375434247788568598e+01 3.505561691407062597e+01 2.766748314387112018e+01 7.664481640966914533e+00 2.189391330037188155e+01 4.251311100373139595e+01 5.853438720763363534e+01 6.359295808764740343e+01 5.540211428362686519e+01 5.991135726223884461e+01 6.849120975116345278e+01 7.033002615871671992e+01 7.890218962169181793e+01 7.203419318401968496e+01 6.206855326571905351e+01 4.538646803047726053e+01 6.206847103430700230e+01 4.682208751416850134e+01 2.689144844048101035e+01 3.395101919052316930e+01 4.544455612485226936e+01 6.536036567466032920e+01 7.565421139717408039e+01 5.288748227238720290e+01 3.733424886533629916e+01 4.034765463250604967e+01 2.037854308336816089e+01 1.864415909399357929e+01 1.693530035658758592e+01 1.700698189840631969e+01 2.531511368390656003e+01 3.955654912789427868e+01 5.362815208785441712e+01
6.883533600690624610e+01 6.045984105841526457e+01 5.337615103600820987e+01 4.734780807957763926e+01 3.505561693946420121e+01 1.309591937508796633e+01 8.592544860690017217e+00 1.148972360416249572e+01 2.862446986355712042e+01 3.243097067966917990e+01 4.505458186727960168e+01 5.666595431867826704e+01 5.706189993802593108e+01 6.517953338119629336e+01 5.940349479135229416e+01 6.597774623704506780e+01 7.405536553889422180e+01 8.381279535162423144e+01 7.357748400881530415e+01 6.530710407151292429e+01 6.661284267871513975e+01 4.985982704399890508e+01 2.994003660597903860e+01 4.985982704399890508e+01 5.020505127877293461e+01 7.013151337132588026e+01 6.590499315359525667e+01 5.631632165981173443e+01 4.287897179513639401e+01 2.291835706966937991e+01 4.034765472910418538e+01 3.275625473107391628e+01 3.108219485225215806e+01 3.778291606193145213e+01 2.068882920255617108e+01 2.987302233422686015e+01 4.889015963935849385e+01
5.195740777570021862e+01 4.042414005574516978e+01 3.338239934194990610e+01 2.730183915604467160e+01 2.132005951427272805e+01 3.503471533727852005e+01 2.877506779383887192e+01 9.493424628274031107e+00 2.880806269954123167e+01 2.094636089779988808e+01 3.671058547722377341e+01 3.642962566847611328e+01 3.695449219798545215e+01 5.090671948015638293e+01 3.947679051492138314e+01 4.625499189996693161e+01 5.621461620149150207e+01 7.574087627259866906e+01 8.656060968628024455e+01 7.658042968015281815e+01 5.834715162359893270e+01 3.844261114974043636e+01 3.364942260283901021e+01 5.355647353958433854e+01 7.013151337132588026e+01 6.920238065702589836e+01 4.941064074269611694e+01 3.802468260409500544e+01 4.457807919384643469e+01 2.475882429506202698e+01 4.417819633203441754e+01 5.246201964648115279e+01 5.133077389689616865e+01 3.688774495115331575e+01 4.055396727661749878e+01 2.463071103237846415e+01 3.202638801985671080e+01
6.883533600690624610e+01 6.045984105841526457e+01 5.337615103600820987e+01 3.810756213061252140e+01 4.178805663187557684e+01 4.868285906610626057e+01 2.637514754504316628e+01 1.127425865634755553e+01 1.020182984456776154e+01 1.390098800717735728e+01 1.758535469936124684e+01 2.098093933049322857e+01 2.444418361252239791e+01 3.050033130581769925e+01 5.090671953866937116e+01 6.597774623704506780e+01 7.405536553889422180e+01 8.381279535162423144e+01 7.828050640221118783e+01 5.833239784710006148e+01 4.838785112254211640e+01 5.738569826747892222e+01 3.748846257305707041e+01 5.154985700924812164e+01 7.147472395048255578e+01 7.743606716953098612e+01 6.599429441106214256e+01 4.738573453500966792e+01 2.741613880011162507e+01 4.468272135933187172e+01 5.290185477114833645e+01 6.504497075577909015e+01 6.523705022794881359e+01 5.689056640175940061e+01 4.749100651646453031e+01 2.764499405352940897e+01 4.749100651646453031e+01
7.822272877929940194e+01 6.985557957635535331e+01 6.653220732066988319e+01 5.816437916360779781e+01 5.357203469617883940e+01 3.351746085232709760e+01 3.044006823698249775e+01 1.084046803513797386e+01 3.035942027858970960e+01 3.829042790630749948e+01 3.933251733016112439e+01 4.235531915378908963e+01 4.545288287313250919e+01 3.060538769522545621e+01 4.261666049737294060e+01 5.673494334206348810e+01 7.629358094663525947e+01 8.798871140898162935e+01 8.656060968628024455e+01 7.658042968015281815e+01 6.830645212465569216e+01 6.153395407562036468e+01 4.163963198668830046e+01 5.569437416322586643e+01 7.563185846663303380e+01 8.032412307744613145e+01 7.204122319199328217e+01 5.573681055299418574e+01 4.737829343137791227e+01 3.020932625616360667e+01 3.725367863689955072e+01 5.139833966226381534e+01 7.151397740848898366e+01 6.222062445274470122e+01 4.215620084753507513e+01 3.074305694987633331e+01 4.475814372693326249e+01
6.620804109826173089e+01 4.978151901837632920e+01 5.346517776542938805e+01 6.061027553316479555e+01 4.638103593499825195e+01 3.351746085254551843e+01 1.405745332338581832e+01 1.133234147043771145e+01 1.885928935002098328e+01 2.430103458890754808e+01 3.866029497750070476e+01 5.895138378511656185e+01 5.519103748785581587e+01 3.511520454314527484e+01 5.519103748785581587e+01 6.672176685022827769e+01 7.215202821024632840e+01 6.859281488147738060e+01 8.798871140898162935e+01 8.245108018184471632e+01 6.248832832468803389e+01 5.100293284132904148e+01 5.569437428859118455e+01 5.157158131124754163e+01 7.149632594350384807e+01 7.204122319199328217e+01 5.203480091250036565e+01 5.397588818357029083e+01 3.400780504655399028e+01 3.344090527100524213e+01 5.340717166277025285e+01 5.139833966226380824e+01 7.151397740848898366e+01 7.053015184541601457e+01 5.406222813049971876e+01 3.408652985000416891e+01 5.406222813065456734e+01
