LEM/with_lateral_4open/elevation_000377.asc
nrows	100
cellsize	150.0
xllcorner	0
ncols	100
yllcorner	0
NODATA_value	-9999
[rows 51 to 67 of 100, columns 37 to 73 of 100]
6.163395224044051446e+01 7.717393516227866712e+01 8.541412964744179703e+01 9.686365205809336487e+01 8.621582921647677722e+01 8.621582907421733921e+01 7.060513957218286407e+01 6.552361296938885005e+01 6.913965567527783662e+01 7.300441064054925278e+01 7.901829909604941804e+01 8.571724189087073853e+01 9.473084638723688045e+01 1.089310798306278798e+02 1.289154577168049514e+02 1.338597826726069400e+02 1.286714386647663275e+02 1.203720911300076182e+02 1.048272746468068561e+02 9.004713026852927271e+01 6.970112616973833042e+01 8.429241128120740711e+01 9.229414168426195886e+01 8.835262907067317428e+01 7.851204295938497069e+01 6.756986693684656586e+01 4.736860829383492444e+01 5.095302965686104102e+01 5.523139416434440108e+01 5.974669680190091015e+01 7.406537016925781813e+01 9.417371452160109868e+01 1.053235034608827050e+02 1.072733823266122073e+02 1.153008102917315512e+02 1.043708428964123698e+02 9.604354080473288491e+01
6.974827873022684344e+01 8.153455004188704436e+01 9.237065027481482105e+01 1.008507384016724586e+02 8.455839073270178119e+01 6.635768929837306018e+01 6.087300837703556766e+01 7.473323743379324924e+01 8.912410580279708938e+01 8.456713804081606156e+01 9.911652118123156185e+01 1.058161608264119593e+02 1.141079638333784487e+02 1.230694019516599980e+02 1.338597826726069400e+02 1.137439724153647234e+02 1.174352923749777204e+02 1.001732791205454021e+02 9.647241579354300711e+01 7.615387891758865635e+01 9.004713026852927271e+01 9.841570844717844579e+01 9.356065042503645657e+01 8.505958351375016946e+01 8.013479975999686644e+01 5.984997357156404973e+01 4.561176288302590365e+01 6.353514278073443222e+01 7.192298271020810319e+01 7.995487662728629630e+01 8.828229794245676487e+01 9.943732716567997443e+01 8.535384313064528783e+01 8.751136572657703994e+01 1.012547372422469465e+02 9.229447729871426986e+01 7.620189861525841479e+01
5.398367379378890263e+01 7.335817661261185663e+01 7.191165076337100004e+01 8.903640534575197307e+01 7.628675915349141690e+01 5.680355766754768609e+01 7.628675915349141690e+01 8.887995632295515236e+01 1.030266752001340791e+02 1.046536081294458711e+02 1.129483222207224316e+02 1.138464993950088058e+02 1.055204078152318914e+02 1.138464993950088058e+02 1.238896515128743090e+02 1.174352923749777204e+02 9.721358264614829636e+01 9.002826186911643447e+01 8.359379040921879778e+01 9.647241579354300711e+01 1.048272746468068561e+02 9.969154661398134465e+01 7.899882595349163239e+01 6.472505327040373402e+01 7.214215374300366079e+01 6.623537560155067183e+01 6.134844203922213524e+01 4.337487278896720966e+01 5.497101962439769807e+01 6.929062976879983182e+01 8.958336542552119397e+01 9.120282122337977171e+01 7.100084580861229711e+01 9.120282122337977171e+01 9.263218425770679687e+01 7.122064625745342425e+01 6.490057265380326612e+01
5.755601461838296018e+01 7.312205790142546391e+01 6.072072037784079157e+01 7.804929959583110133e+01 6.984235514839858183e+01 5.423244381855639773e+01 6.772541384103078599e+01 8.754835326603222256e+01 9.471222824484615899e+01 9.879594155500249997e+01 1.031646823630697440e+02 9.607583553671820198e+01 8.548544450460155986e+01 9.548332764475132706e+01 1.155574879857124131e+02 1.257405755083078418e+02 1.174352923749777204e+02 1.102858383367571946e+02 1.038798301854798467e+02 1.014877846394735883e+02 9.556918323711644803e+01 9.855523079732036251e+01 7.785564776141451659e+01 6.361961483079108604e+01 5.254828600079533629e+01 4.671048782708419367e+01 4.119435731703708115e+01 6.132297587694026930e+01 5.759886924885405080e+01 7.787123836279914713e+01 9.712731890507630794e+01 8.447903572883326717e+01 6.404858626132278232e+01 8.447903572883326717e+01 9.055487988210244055e+01 7.031527651530331013e+01 5.607870554709504773e+01
5.864180296173795170e+01 5.589292129097638906e+01 5.238368530191880978e+01 6.628461400680562576e+01 5.067475150467321043e+01 5.564853562026537759e+01 7.914832423100804704e+01 8.664665647434250673e+01 7.470300292341289605e+01 7.878991382590453441e+01 8.314459692107881494e+01 7.608595130059214284e+01 9.607583553671820198e+01 1.138464993950087774e+02 1.238896515128743090e+02 1.207244747234228157e+02 1.124026025322282294e+02 1.140314240311932110e+02 9.973642422985103906e+01 8.121684656610405284e+01 7.527191431492025231e+01 8.600093501254409034e+01 8.540374345585681226e+01 7.701954143339214909e+01 7.214215374300366079e+01 5.986408350923260002e+01 3.971295180177916251e+01 5.986408350923260002e+01 7.786939909695911410e+01 8.625822902590569186e+01 7.687485846451400562e+01 7.687485846451400562e+01 5.800987202127397779e+01 7.264954934839953182e+01 9.279667223895900463e+01 8.451585992931066471e+01 6.828726500284057011e+01
4.135546087718442720e+01 4.299136201479593211e+01 4.463955219904008231e+01 4.715024814382926621e+01 6.628461400680492943e+01 7.131065246841306760e+01 7.370255995382653680e+01 5.786671814275245396e+01 6.056220234394004365e+01 6.463243916765895847e+01 6.903381093929677093e+01 8.900834418710412876e+01 9.020324254156631127e+01 1.102535292037305794e+02 1.229335246482027486e+02 1.124026025322282294e+02 9.217882923590865119e+01 9.810223529322126979e+01 8.544142442850885288e+01 7.105956529378994446e+01 6.089789032988988993e+01 6.568923163876982585e+01 6.839549458309097929e+01 5.674465051419720396e+01 6.243193307908350675e+01 5.839831349119757675e+01 3.824064062364578831e+01 5.839831349119757675e+01 7.164696035566232979e+01 8.002738238174599417e+01 7.502508739112639091e+01 5.636144634097318828e+01 5.274396997074609317e+01 6.730689465910941749e+01 8.767154793356046127e+01 8.298139696535184839e+01 7.658171644920255972e+01
4.387733559992143029e+01 6.224678476993135234e+01 6.383577348616971392e+01 4.776582370866638882e+01 4.998993152740915491e+01 5.221601806123189959e+01 5.445619968557691237e+01 5.982308062946228944e+01 7.678231414949669897e+01 6.742221385281105484e+01 8.742419084027282850e+01 9.731609850962496466e+01 1.102535292036812677e+02 1.185823889564698561e+02 1.146158488338971893e+02 9.440226617742683857e+01 8.424890675059022271e+01 7.780979708015904350e+01 8.638639062839598637e+01 8.171959758570528720e+01 7.163838834960006352e+01 5.138647183821281317e+01 4.818764447461647649e+01 4.514057344257228976e+01 4.227636953266038233e+01 3.948211912435846926e+01 3.677985738960272499e+01 5.513646107997430335e+01 5.142581102369059920e+01 6.953044125729931579e+01 6.112247047353548624e+01 4.641128598561346053e+01 6.661815240274358985e+01 8.163169375976444542e+01 7.699326495832467288e+01 6.261716098785202433e+01 7.699326495832467288e+01
4.750557141227857727e+01 6.665853375876470466e+01 7.503213796773854938e+01 6.116203413412016943e+01 6.336174717043731874e+01 7.136657650057576063e+01 6.284915792846035743e+01 6.178844648850823518e+01 8.139721173437010293e+01 8.742419084027270060e+01 7.498900629788722938e+01 8.651152640585503661e+01 1.006673528553657206e+02 1.207466405018245581e+02 1.229335246482027486e+02 1.128462014779669431e+02 9.281185401339897112e+01 7.249275469477420586e+01 6.604432225577633631e+01 6.138164478693841630e+01 5.707141392490456155e+01 7.163839827472222055e+01 6.245029436490712271e+01 5.937433218318236783e+01 6.243193307908350675e+01 5.108787297555940654e+01 5.513552551777408439e+01 3.496830381627135864e+01 5.335383890111006622e+01 5.619400127403206824e+01 4.131198835292916272e+01 6.111417811028716329e+01 7.500324175779536517e+01 7.509091490573860028e+01 6.668237378040329588e+01 4.825319560029123522e+01 6.790485703006483220e+01
6.665853377058799367e+01 5.274270047485738644e+01 7.199937407829783353e+01 8.065322217337747190e+01 8.292821732234415322e+01 9.059400493474608140e+01 7.407052791205465780e+01 6.857560655543403527e+01 7.772964425365060492e+01 9.762314962557476861e+01 8.910916895913443625e+01 8.496441959223163565e+01 9.911547909334882434e+01 1.191922376713430367e+02 1.163225300231277259e+02 1.141145998460021502e+02 1.011714047936242480e+02 9.281185401339897112e+01 8.638639062839598637e+01 8.171960008424636612e+01 7.738353334459723953e+01 8.577103384573982225e+01 8.274847758085390126e+01 7.965303372743363752e+01 7.970301822720739438e+01 7.131520828656000788e+01 6.351361160012141482e+01 5.335383911854412986e+01 3.318673772630450713e+01 3.651943765933391006e+01 5.618980554080162193e+01 6.629361339240590212e+01 7.783349360999638122e+01 6.668236929504880095e+01 4.650469717012091309e+01 3.947680274349826846e+01 5.949052033645779858e+01
7.587206368644932297e+01 7.199937407829783353e+01 5.825477910684857363e+01 7.192482975206844742e+01 9.180449453923999670e+01 1.019935178359341990e+02 9.386567231529282651e+01 7.736456666558156314e+01 8.836417662261776229e+01 1.059155835401670629e+02 1.091538583823459163e+02 9.496112148653855911e+01 1.133208339355190191e+02 1.163225300231277259e+02 9.606259602271057929e+01 9.384292794945616834e+01 1.081443140140210630e+02 1.014993118173062783e+02 8.957679018182265906e+01 8.022062438953113883e+01 7.382254305551917639e+01 7.074700456113626501e+01 7.914540096675196423e+01 7.806223797671816556e+01 7.529782118804817515e+01 7.814425984938787906e+01 5.788218782344113578e+01 4.361969244797956691e+01 3.201822961143081869e+01 5.215592134648699840e+01 6.450125026337744316e+01 6.158698285188642529e+01 5.422814660959451771e+01 6.668245216203260384e+01 4.650469727635858419e+01 3.275098430439670238e+01 4.529417326452469439e+01
8.049764945442677799e+01 8.601117975491325751e+01 7.774744867650244373e+01 6.457811012862056543e+01 8.433211808061733450e+01 1.004181995107030190e+02 1.054789885079400591e+02 9.726304800935659500e+01 9.726304800935619710e+01 1.164435261666541948e+02 1.233620940986930918e+02 1.150305295866578490e+02 1.233620940986930918e+02 1.114913285399944982e+02 9.120734153420958989e+01 7.948998305137135389e+01 9.112851602402503204e+01 8.570669239699506647e+01 7.517212711836151584e+01 6.596485386466673617e+01 5.347203160124286825e+01 5.040422962003221130e+01 6.654089299971718674e+01 5.774800627084356108e+01 5.499895098421992401e+01 5.884439961022474108e+01 5.678586674198666628e+01 5.099295884994784700e+01 3.086396464502562509e+01 4.936299263039898477e+01 4.836101657571142454e+01 4.147284650224734293e+01 3.821634905957279216e+01 5.296385044960494071e+01 5.831192493730156912e+01 4.093237601179222906e+01 2.573511496883381611e+01
7.465395384254026112e+01 9.460557865502336483e+01 9.262092649186384108e+01 7.434629249053917022e+01 7.288370687128646352e+01 8.037513348111248490e+01 9.194512727128244478e+01 1.119926314378522392e+02 1.171267457035119008e+02 1.212744144514623770e+02 1.162184341550331226e+02 1.162184341550331226e+02 1.244633507282970868e+02 1.198290965826031425e+02 1.081443140140210630e+02 9.112851602402503204e+01 7.084190960016290717e+01 6.540681384240674845e+01 6.163013964019815916e+01 5.814266497331003336e+01 7.382254305551917639e+01 6.526547079842059418e+01 4.623791183726508791e+01 4.346349598309974738e+01 4.080231268493014340e+01 3.876668653845362655e+01 3.674800226888014265e+01 5.116133273640989643e+01 3.115216519261048944e+01 2.924201269628769850e+01 2.826360961388677140e+01 2.728675889815792033e+01 2.637615860961225067e+01 2.979152337539920126e+01 5.011410618066384615e+01 4.138400025131493010e+01 2.128774546524183009e+01
9.460557865502336483e+01 1.029039122423538402e+02 1.026156541163275762e+02 8.844830735038028990e+01 8.437078836647917512e+01 1.004181995107030190e+02 1.087148764599829320e+02 1.202842920230767447e+02 1.154611132896181545e+02 1.013977764109769737e+02 9.633532363237921459e+01 9.633532363237921459e+01 1.162184341550331226e+02 1.184552437906724265e+02 9.820253790487946333e+01 8.384386041877024809e+01 7.370133366667027985e+01 8.570669239699506647e+01 7.599476003579850669e+01 7.355940281477707288e+01 8.761545460712531508e+01 7.493784488644978126e+01 6.586041976766725270e+01 4.559095481613607603e+01 6.094435241649564716e+01 5.884387549575978937e+01 5.390433582512284971e+01 3.389792258944356007e+01 5.113719501581918081e+01 4.905450161392699471e+01 4.755127743916738581e+01 2.982020734018755803e+01 4.437362525701751537e+01 2.509154931934885369e+01 4.263812401331527013e+01 2.254858583273619033e+01 4.138529220452618773e+01
1.025092369620395942e+02 9.420729495253905839e+01 1.025092369620395942e+02 1.084884986406792109e+02 1.044153870755223323e+02 1.127103302141345580e+02 1.142081197112522801e+02 1.224499835129612251e+02 1.072195089058671869e+02 8.731007303819234266e+01 8.223306899414002658e+01 9.462767605168963314e+01 1.145264813123451972e+02 1.170876094117743520e+02 1.124881203149484463e+02 1.016588993938224093e+02 8.136662475777544046e+01 1.016588993938224093e+02 9.628317631297404944e+01 9.708994294854093710e+01 9.058285932742947466e+01 7.354119177692959397e+01 5.321977916343579551e+01 5.032997033121949926e+01 7.064986483265374773e+01 6.819245801106801252e+01 4.798970243556152582e+01 4.798973874638873127e+01 6.217429314116517958e+01 6.401135864717278423e+01 5.244741811001481580e+01 3.238133972789771775e+01 5.224879634021786501e+01 4.390087444282583817e+01 2.381185473799341068e+01 3.248292462574060124e+01 4.967151421349191764e+01
8.870065324094126424e+01 7.424092920238413740e+01 9.251488090727929148e+01 9.464992763037633949e+01 1.029814775413933461e+02 1.109657048303329958e+02 9.431936067659998457e+01 1.109657048303329958e+02 1.087033247645477871e+02 8.879735145561711818e+01 7.467236970248330863e+01 9.462767605169028684e+01 1.081327086971181615e+02 9.706384268204762122e+01 1.077132302038962166e+02 1.100184537747394842e+02 9.572348352649699166e+01 1.100184537747394842e+02 1.139515819522201809e+02 9.654935001140187012e+01 7.626406774477509032e+01 6.188591039107230074e+01 7.354119177692959397e+01 5.540559894088384141e+01 7.573128679657712325e+01 7.657093898185384262e+01 6.819274417947490008e+01 6.819711385482152366e+01 6.840427406767055629e+01 5.621350331786868537e+01 3.614284268237125275e+01 5.244928320770301866e+01 5.469214440147857914e+01 3.452905545805219845e+01 3.199403771944011510e+01 5.022687304538396802e+01 5.049858908698628568e+01
6.872060112837434076e+01 6.423639010522055059e+01 8.051754507282345230e+01 7.466372054884004683e+01 9.464992763037633949e+01 1.027253393287481913e+02 8.280135432220956204e+01 9.207552137536416126e+01 1.003205809328830043e+02 8.992416523829625419e+01 6.995234933911488895e+01 8.992416523829625419e+01 8.773539608883608309e+01 8.231427354915430783e+01 8.727678416575541576e+01 1.077132302038962166e+02 1.159882730722691662e+02 1.123379170581046367e+02 1.056164561678481135e+02 8.536233661825895069e+01 7.362787038191578404e+01 8.220548936238685656e+01 8.116279267697140654e+01 6.083995857828787024e+01 8.116279267697140654e+01 9.063570991461720894e+01 8.067912168290153829e+01 7.245660704647369244e+01 6.014843029318439704e+01 4.008175468443388922e+01 5.621350331786868537e+01 6.447640259285610398e+01 6.315073258753264440e+01 4.457295495983501610e+01 4.203169819974186794e+01 5.968701038883539667e+01 7.001265884223174396e+01
7.606415875202718269e+01 5.606267644222774749e+01 6.051994507671614087e+01 7.466349910773131171e+01 9.463918640916590164e+01 1.061572054561881373e+02 8.624269684803346081e+01 7.211426588060005827e+01 8.392637294411429139e+01 8.556595770859507866e+01 6.558162760600811225e+01 7.967290026305397532e+01 7.226629422684898429e+01 6.934238802304597016e+01 8.231427354915430783e+01 1.029286681722870185e+02 1.064236435630575670e+02 9.215336662156893510e+01 1.064236435630575670e+02 1.022800714189480971e+02 9.392273479369396227e+01 9.551129954932126509e+01 7.521944653064063857e+01 6.852624750300255130e+01 8.884107619952540347e+01 8.243898840277323359e+01 6.247422569017426497e+01 5.240687340722721643e+01 4.481045181651425935e+01 6.014843029318439704e+01 4.827892149095477947e+01 6.833045330031956155e+01 7.345413761539347774e+01 5.887332751021171617e+01 5.635330687785023684e+01 7.092562998707542476e+01 7.252260414817875755e+01
