LEM/with_lateral_4open/elevation_000119.asc
nrows	100
cellsize	150.0
xllcorner	0
ncols	100
yllcorner	0
NODATA_value	-9999
[rows 0 to 16 of 100, columns 0 to 36 of 100]
8.271705653423140625e-02 2.127631151761726416e-02 9.425194436011796739e-02 4.939197167322698090e-02 3.975871534419905817e-02 6.171646774684565184e-02 1.696294146011132625e-02 1.936121709489252440e-02 4.216450047424835645e-02 2.297044857093000214e-02 6.704298068806634203e-02 4.162315340452049650e-02 3.835349583220235004e-02 2.777463300387698203e-02 2.207885817162396139e-02 7.161913568127860341e-02 9.025521335945362045e-02 3.502399586135773735e-02 8.040414306008919487e-02 3.131346976591601466e-02 7.604099264847130613e-02 2.387740603804927586e-02 5.687112022313325910e-02 4.074439634684711570e-02 8.709178300582484655e-02 7.612946965408906586e-02 1.077918208624280109e-02 9.929772718869623455e-03 4.600412614040166881e-02 2.152795518990661267e-02 2.378824418737431057e-02 9.511189423522797837e-02 9.406546861214974686e-02 1.749038473908382007e-03 2.223905489293687143e-03 6.269637160239108220e-02 9.476101746191394060e-02
7.813061968023242432e-02 2.002127631151726206e+01 1.423638756809119421e+01 1.419152759540430253e+01 2.003975871534384368e+01 2.006171646774648920e+01 5.016962941460088921e+00 2.001936121709453786e+01 1.004216450047433540e+01 2.002297044857057529e+01 2.006704298068770953e+01 2.004162315340416356e+01 2.317565025024966197e+00 2.002777463300352068e+01 1.416421448190269849e+01 1.007161913851553336e+01 2.009025521335909659e+01 2.003502399586100324e+01 3.731887859761188864e+00 2.003131346976556060e+01 1.421817661637954622e+01 1.416601301860004369e+01 2.005687112022277674e+01 1.002994844996182744e+00 2.004795337154533286e+01 2.007612946953010535e+01 1.481687938431178431e+01 2.087047719676352386e+00 2.004581728209220870e+01 1.065416631114072565e+01 2.771008013427502359e+00 2.009511189423487210e+01 1.164107085240476813e+01 2.000174903847355168e+01 6.032450797044592861e+00 2.006269637160203700e+01 1.423698221501009265e+01
2.526786264046545702e-02 2.002526786264010994e+01 3.423638756809189942e+01 3.419152759540500597e+01 3.766607358213266821e+01 1.766607358213338230e+01 1.134151826179679290e+01 3.134151826179714817e+01 2.418430012420553865e+01 3.832643574793723928e+01 3.875385798747899457e+01 1.875385798746179589e+01 4.611722363730593521e+00 2.461172236373564459e+01 3.416421448190340016e+01 2.421375655876628485e+01 3.835603022781770477e+01 2.744579227940941379e+01 7.445794623302210979e+00 2.744579227940941379e+01 3.421817661638024788e+01 3.416599460504474450e+01 2.196679501897454401e+01 1.966360946713267666e+00 1.563906968651337692e+01 3.420001272664786995e+01 3.376129441862152447e+01 3.603531104602026147e+01 2.198067263685511108e+01 2.495604197918732936e+01 5.544597399045319897e+00 2.580386416103413438e+01 2.578320647613596961e+01 3.235700611738211308e+01 1.235700611738140609e+01 3.235700611738211308e+01 3.424308898674360080e+01
4.163169627051844027e-03 2.000416316962669683e+01 3.541417828426407510e+01 4.696118366805679756e+01 3.766607358213267531e+01 3.766607358213266821e+01 1.841258607366214406e+01 3.841258607366285105e+01 4.418430012420624564e+01 4.159910223975665389e+01 2.159910223973597709e+01 1.403981277955129947e+01 6.968744967685761793e+00 2.111088059141696505e+01 4.111088059144535123e+01 4.421388087599599714e+01 4.550534185997451431e+01 2.551020977257782718e+01 1.136811732606592606e+01 3.136820551018815806e+01 4.651336169412864052e+01 3.845391280674789414e+01 1.778522173118382455e+01 2.934228783689895703e+00 2.293442422219424159e+01 2.595802459224530168e+01 4.850056225924499387e+01 4.748932350224115595e+01 3.980833216830844634e+01 2.871606760636257860e+01 8.402251900438864496e+00 2.871606760668643332e+01 4.578320647613667660e+01 4.064127736511230182e+01 2.130127802738072162e+01 4.064127736511229472e+01 4.631563005231345898e+01
5.883922493566802470e-02 7.129907036801173881e+00 1.867691242059389367e+01 3.867691242059459711e+01 5.766607358213196477e+01 4.669685732112504439e+01 2.841258607366232170e+01 4.669685732112504439e+01 5.574123786353805343e+01 3.574123786346742548e+01 4.159910223975665389e+01 2.952948256635663427e+01 9.529482566343702388e+00 2.952948256635663427e+01 4.112967854820334423e+01 4.941467759681498961e+01 4.551035350811502411e+01 2.551025817416255137e+01 3.136820551018815806e+01 1.822806073179262398e+01 3.822819495358269393e+01 3.668067317187601617e+01 2.026093347047996573e+01 1.161912273119036243e+01 4.320979269942414547e+00 2.276819705961933948e+01 4.628824417086044463e+01 5.594368769869763014e+01 4.356047780560476212e+01 2.307293231609144968e+01 1.135316473478914645e+01 2.040202181010258542e+01 4.089812301639790348e+01 4.958554927569381476e+01 3.544341365111217357e+01 4.958554927567834625e+01 3.803061583342763186e+01
1.256007409845548775e-02 2.001256007409810067e+01 2.345983865535598767e+01 3.760197427908743606e+01 5.760197427908813950e+01 5.669685732112522203e+01 4.841258607366302869e+01 5.669685732112522203e+01 6.402550913280450118e+01 5.574123786353805343e+01 4.947273883263378735e+01 3.411778894643040161e+01 1.411779724375489842e+01 1.405859070292204649e+01 2.112965851478764634e+01 4.112968014759545099e+01 5.379561052976799118e+01 4.551056374349325040e+01 4.357346874823907967e+01 2.357328557013392611e+01 4.357346874823907967e+01 4.100234968250136092e+01 2.403030766179094613e+01 2.498794468707954763e+01 5.307506495401493218e+00 2.529626722373472703e+01 2.891869827602553045e+01 4.783660143815789922e+01 5.195605495675599173e+01 3.511149986890093544e+01 1.464906763853448801e+01 3.511149986890093544e+01 3.715463458289507770e+01 5.755473640349628539e+01 5.544341365111315412e+01 4.872188095423620524e+01 2.872035539762006806e+01
9.594114293757748102e-02 1.164294652672999320e+01 2.578508215046069196e+01 4.578508215045997787e+01 5.654717143907332400e+01 5.395204119917032415e+01 5.395204119917032415e+01 7.395204119759320349e+01 6.947218677774282014e+01 5.947251835941790432e+01 4.118885222232712096e+01 2.118886505562025135e+01 3.411772572131560821e+01 1.771007441962309059e+01 3.771009825421894845e+01 3.527179428670782357e+01 5.527186763978398432e+01 5.426412813852734018e+01 3.426373579994913143e+01 3.512029231317057310e+01 5.185882647508995547e+01 4.883595126676325293e+01 4.113732717525955707e+01 2.628651702261930012e+01 6.297653848031546708e+00 1.384715860505891705e+01 2.771130086606722998e+01 4.672962500390479335e+01 5.315543687491011582e+01 3.264693555162327954e+01 1.810104704668122366e+01 3.264693555162327954e+01 5.315543687491011582e+01 6.590095603585271533e+01 6.137341916235926931e+01 4.136958084120240642e+01 4.596189437058272631e+01
7.711341127313005306e-02 2.007711341127277649e+01 3.983357386012283285e+01 5.068930704606325577e+01 3.654717143918860955e+01 3.395204119925026731e+01 4.809417682298072094e+01 6.809417682270802175e+01 6.118881372476680269e+01 4.118886505233125206e+01 3.118886505547650145e+01 3.013313696560796018e+01 4.148969201439684440e+01 2.148971914971529884e+01 4.148971536402479643e+01 5.527186763978398432e+01 6.355756090692221250e+01 6.255004729128915386e+01 4.426374027567444358e+01 5.512072250121453010e+01 6.340670685524327155e+01 5.640670698202863065e+01 3.603855182063005458e+01 2.728685717726920856e+01 7.298905002406505638e+00 2.728650969795272019e+01 4.015469062370597442e+01 4.944801557187968655e+01 5.700352013472318902e+01 3.650480791742949549e+01 2.186795686845077569e+01 4.250874172028331088e+01 5.706074293263510810e+01 6.883226747280667723e+01 6.967067051793426913e+01 5.551262665420941289e+01 5.228524498041308277e+01
2.297228869525369793e-03 1.154930261266193980e+01 3.154930261266158453e+01 3.387700716121451450e+01 2.240503581545815592e+01 4.240503581542434830e+01 5.214047913844614612e+01 6.042474996811098009e+01 6.947218713782136490e+01 5.947252178316439597e+01 5.118883938673283751e+01 4.013313696435490385e+01 4.596185022816993637e+01 2.596185510471480029e+01 3.413882978429725767e+01 4.568583511603900860e+01 6.568581094255313246e+01 7.255116068986284006e+01 6.426451600138032916e+01 7.255116068986284006e+01 5.722366192848718924e+01 4.891869601597796446e+01 3.603861469959400665e+01 1.744640866525715950e+01 8.303937620400571262e+00 2.829390134844021532e+01 2.337839280645602358e+01 3.850387561028406225e+01 5.347186743057734759e+01 5.093002333456119146e+01 4.250874152881926449e+01 2.795190269831349994e+01 3.999803885331516540e+01 6.049098120134661372e+01 7.060069361983420322e+01 7.552262392178926120e+01 5.935423122653868688e+01
9.647730019007895452e-02 2.009647730018972211e+01 2.603236175569481858e+01 1.387700716123388922e+01 3.373432918851771234e+01 3.799834351560118506e+01 3.214047913940506618e+01 5.214047913763211994e+01 6.205679120319906872e+01 7.034106232133902381e+01 6.841650811328899806e+01 5.427527161267959599e+01 5.067589393154397470e+01 3.067590031262503558e+01 5.067589393154397470e+01 6.242294416198229356e+01 7.396984278273190228e+01 8.534014909832961848e+01 7.701754640183840195e+01 6.292929463542353119e+01 4.891869601597796446e+01 2.891921284901614442e+01 3.149469072448247431e+01 1.152653559703995789e+01 2.807037225337118258e+01 9.905149632347590938e+00 1.104649706339820625e+01 2.517498039786766029e+01 3.921455660107139352e+01 5.171088549426426084e+01 5.706073629745668541e+01 4.865933406495805258e+01 3.535541928845613313e+01 4.169633915536059732e+01 5.632170529533706826e+01 7.657420482866027100e+01 6.762398025509411070e+01
3.582433992925927735e-02 3.017248309928972638e+00 6.032361755706596718e+00 9.812006485798836053e+00 1.373432918856248364e+01 1.799834351567461965e+01 3.799834351560118506e+01 3.498572339167933620e+01 4.205679120354456302e+01 5.360379658733666730e+01 7.360379658651920920e+01 7.427511640078195398e+01 5.644939409997886770e+01 3.644940300452108772e+01 4.700583129552948947e+01 6.700579731338419265e+01 7.791634275283324484e+01 6.959953062543917213e+01 5.698002804939098809e+01 5.462060966961298902e+01 3.460662665968727936e+01 3.477692584839302725e+01 1.481186902104104064e+01 3.149469072448247431e+01 3.804461615901126947e+01 2.144202860731762073e+01 3.103219067331617254e+01 1.267906311799394992e+01 1.767555771145414667e+01 4.218975313429641716e+01 5.459270174065365921e+01 6.339158894305480629e+01 4.742156162583340517e+01 6.225352507267008662e+01 5.367963244563552649e+01 7.396568021051942310e+01 7.915711155026592394e+01
1.813270376062421294e-02 2.001813270376026921e+01 2.603236175569481858e+01 2.981200648577306112e+01 2.787646481229318240e+01 3.799834351560118506e+01 2.555763297585903260e+01 4.555763297574098658e+01 6.205679120319906872e+01 7.034106232133902381e+01 8.188806761567397530e+01 6.909848946561788807e+01 4.909851361756805943e+01 4.644940300407166944e+01 6.473349045138998292e+01 7.528968159048406505e+01 6.959953062543917213e+01 4.956130847061749023e+01 4.541185592652365699e+01 5.029025346048047140e+01 3.827926097126304228e+01 1.831287881349275537e+01 2.891921284764783806e+01 4.307142489630215465e+01 4.973413374914517959e+01 4.143597547035145823e+01 3.405467413183752257e+01 1.385707044157148182e+01 2.563815838530211622e+01 2.746842691641067802e+01 3.859452860428571341e+01 5.694267939788882416e+01 6.784920667276047368e+01 7.617805297748434157e+01 6.546259265386765946e+01 8.227449901328549231e+01 8.625359905296527074e+01
2.372884694381488524e-02 1.002372769553938170e+01 2.416548479705645747e+01 4.414971141829035162e+01 4.787646481214040506e+01 5.384190415848728151e+01 4.555763297574098658e+01 5.384190415848759415e+01 6.431438224733270204e+01 6.282279325815049020e+01 7.108498033487337864e+01 7.738251335558017274e+01 6.324064812523420187e+01 6.059153813272645550e+01 7.473344170460457292e+01 7.331130063575258760e+01 6.173670123906082807e+01 5.342902418293346045e+01 3.540014974375154111e+01 4.198877284001991939e+01 2.201244007274254955e+01 3.827926097126304228e+01 4.657715734770800253e+01 5.722351730665142355e+01 6.267437206721463383e+01 4.933473250553861789e+01 2.917169035369213503e+01 1.504099423075870590e+01 3.499186501682335404e+01 4.682211537933015677e+01 5.459270206004180181e+01 6.452324783891280902e+01 7.806189566162174742e+01 8.648758995499964897e+01 8.558111382350885776e+01 9.387299872197408490e+01 8.323383582868633823e+01
8.175220331382776484e-02 2.008175220331347077e+01 3.829506291950366403e+01 4.286946021259367257e+01 4.557071662565248005e+01 4.839920873296343018e+01 5.156413462269438952e+01 5.488359607955433717e+01 4.432228845961711983e+01 4.282937339371451202e+01 5.697047126226999580e+01 7.695154839197958552e+01 8.324056947580201893e+01 8.059147901159424521e+01 7.949804582734121539e+01 6.499868990128996415e+01 4.495944105696410986e+01 3.339369217967195880e+01 2.962525118327146245e+01 2.599173425649694380e+01 4.198877283996412757e+01 3.612430738084007942e+01 5.614684488764539338e+01 6.804008571013233109e+01 5.439000476123705141e+01 3.436890430080124048e+01 3.607722505627256027e+01 1.623294096654393570e+01 3.623366486245705431e+01 4.924254359918922574e+01 6.109108410204132156e+01 6.950383313057599821e+01 5.775164814641116351e+01 7.475619083677443655e+01 8.786083859034947352e+01 9.588495979132504488e+01 7.588177644978853209e+01
9.124702163186203252e-02 1.423338264536293707e+01 3.423338264536364051e+01 2.284903903623818877e+01 2.557033331464721826e+01 2.839876263576584492e+01 3.156108960628013449e+01 3.489418849476103901e+01 3.018031744970599206e+01 5.017784426061595582e+01 6.475662289861668341e+01 7.240011083836144223e+01 8.068789004056081637e+01 8.707648172676016429e+01 7.118155682913078408e+01 5.114677801437912308e+01 3.957133049879347197e+01 5.342902418293346045e+01 4.964270233184461034e+01 3.229459602194277323e+01 5.232090856198579587e+01 5.614684488764319070e+01 6.445619954470281243e+01 5.985103747296387411e+01 3.975569279450396465e+01 3.806664206797331218e+01 1.805559258502750097e+01 3.623990402272469424e+01 2.087128302508650535e+01 4.089674718602172732e+01 4.091551239915867910e+01 5.354794067120362655e+01 4.611643719811097952e+01 5.913832889731732223e+01 7.471251454524995950e+01 8.380022986478647340e+01 9.001715727555584579e+01
2.239863785106879432e-02 2.002239863785071350e+01 2.496023991290559607e+01 8.706533648918584944e+00 1.142818891867769437e+01 1.425661604342390909e+01 1.741889370359234235e+01 2.075222703692573489e+01 2.492251531806841314e+01 3.646952598341108853e+01 5.647024909902391698e+01 5.239809262395770872e+01 7.240011083836144223e+01 7.875314748475153692e+01 5.872060171737589940e+01 4.715139491096476831e+01 5.961447190941489538e+01 5.961447190941489538e+01 5.940580549206900685e+01 3.936669083902850730e+01 5.940580549206900685e+01 6.863012982562860032e+01 6.023778297972518914e+01 5.485190596201239543e+01 4.346984247139211277e+01 2.342631722984089038e+01 1.935725333334043086e+01 3.937226139877003561e+01 4.089674353612507218e+01 2.577992675893083430e+01 2.936191373791191594e+01 3.343651271345341769e+01 3.898189749831428941e+01 4.606628521909048146e+01 5.506235072784628670e+01 6.940005385172514707e+01 8.977978395100822695e+01
1.766589122093755945e-02 2.479495710807597231e+00 4.960190402591776682e+00 2.496014483169645359e+01 3.142826550721304102e+01 2.181590551006516421e+01 3.741906192997378611e+01 4.075247311467847311e+01 4.492282622423766014e+01 3.158918199309294295e+01 3.825584877635068182e+01 4.825585961952674552e+01 6.239832772176434617e+01 8.240189395495853830e+01 7.352115631987284416e+01 5.349190776351248644e+01 7.352115631987284416e+01 7.965905270394857496e+01 6.771534701473341045e+01 5.093778220899395848e+01 6.771534701473314044e+01 6.023778297972518914e+01 4.008567645214412067e+01 3.474028055563339734e+01 2.989730258968610954e+01 4.073395620147776697e+01 2.073666600564457241e+01 4.075693868570662914e+01 5.147001479144935132e+01 4.583518206502633774e+01 4.091813561207933958e+01 5.354794067120362655e+01 4.983321240162426591e+01 5.913832889731732223e+01 7.471251454524995950e+01 8.380022986478647340e+01 8.720583536900940658e+01
