LEM/with_lateral_4open/elevation_000204.asc
nrows	100
cellsize	150.0
xllcorner	0
ncols	100
yllcorner	0
NODATA_value	-9999
[rows 17 to 33 of 100, columns 0 to 36 of 100]
5.222468517465790605e-02 2.005222468517430201e+01 2.664154360831042112e+01 2.101695337061866908e+01 3.263226872525581967e+01 2.746721084383623435e+01 4.420519149395930469e+01 5.314979707610837778e+01 6.469752544949793105e+01 6.003817368939414933e+01 6.834621238148933742e+01 6.079479986481727849e+01 4.973145223745142118e+01 6.650034456880679556e+01 6.806020121786640686e+01 8.223715943632242897e+01 8.446202365495854281e+01 7.032073291216448752e+01 8.446202365495854281e+01 7.875490120216814205e+01 7.046263605931478935e+01 6.338503175534339107e+01 5.705391909798299821e+01 4.768243743186757655e+01 2.768522554832950178e+01 4.437247536977850615e+01 3.701798620428807851e+01 5.702778041946397281e+01 5.765554311935312626e+01 3.769290940317623040e+01 2.617572624749079679e+01 4.613011116973429182e+01 5.435863502337975461e+01 4.591849456727926082e+01 6.588808129792171542e+01 8.019121059799481088e+01 7.518641895855982682e+01
7.333276091007127906e-02 1.007333276090906438e+01 3.007332470368276134e+01 4.101704049279644693e+01 4.930168246309529678e+01 4.746734919523979102e+01 5.575268737586392120e+01 5.691676566324297681e+01 5.672666921693584641e+01 3.986012569188302734e+01 5.289288025771272572e+01 4.069734913989979219e+01 3.808293977248655438e+01 5.819610079828085247e+01 5.391142373886807349e+01 7.148346159117669174e+01 7.979214883928813151e+01 9.033828154125163223e+01 8.201700174763747953e+01 6.200425332623203190e+01 5.044414833180504587e+01 4.336429556143064445e+01 3.703718954347514369e+01 3.126977252778757688e+01 3.922351764467506285e+01 5.597388897401825858e+01 5.116527373690315272e+01 6.531999593712558294e+01 6.594275159315984070e+01 4.806856066316481702e+01 2.811140837882235743e+01 4.222002816768548428e+01 6.218818485185751399e+01 5.743665345760757646e+01 7.418092652392054731e+01 8.953780030152701386e+01 6.924188216751458924e+01
6.343274376862209629e-02 2.006343274376826713e+01 3.007333062616380204e+01 5.007330321772106174e+01 6.208095196347949951e+01 5.372468301364324361e+01 5.572619765374098932e+01 3.689969304564441899e+01 3.570901094097293793e+01 3.028197352168010781e+01 2.312622889695341044e+01 2.612633224537125187e+01 4.658375590535111144e+01 5.574553852314041791e+01 4.389835477517782891e+01 5.146947414756972705e+01 6.561845095099315017e+01 8.564284982217027675e+01 9.031113880877117595e+01 7.875490120216814205e+01 7.046263605931478935e+01 5.536112880059040720e+01 3.534614784166173962e+01 5.127558795373715128e+01 5.923753674974742012e+01 6.752993579169414318e+01 7.118112362737809917e+01 7.451081567669913852e+01 6.606573786623432909e+01 5.004492718726679357e+01 3.008502839524972927e+01 5.003555202259040158e+01 6.433096577835044627e+01 7.743294642604206501e+01 8.573276616244193349e+01 8.348322933261057699e+01 6.317453400147064713e+01
3.497053469895897854e-02 1.417710615915374461e+01 3.417710796459913070e+01 4.952004611140093004e+01 5.275688908445842884e+01 3.249768164002522042e+01 3.796962600720478775e+01 2.741442449924738511e+01 1.688861948371200938e+01 1.955458004193554089e+01 2.445210952354337763e+01 4.257002733237443692e+01 3.134692202577651798e+01 3.567158181006811901e+01 4.239752046902356142e+01 6.241954755019875734e+01 7.148346159117669174e+01 9.152134948761981548e+01 9.433768431101759688e+01 7.432267734563099282e+01 6.431442466587232332e+01 4.429424648843414758e+01 3.867756874136622969e+01 4.763098933476524621e+01 5.919209607744961943e+01 7.920634200734787100e+01 8.040573980363321027e+01 6.032094122740677733e+01 4.566581032061771594e+01 3.701497675779727814e+01 3.245892684397509242e+01 3.610270223667752276e+01 5.606202945857181419e+01 7.104442765092129264e+01 8.111845769150943397e+01 9.185178034261873847e+01 8.014434354863398369e+01
9.635555453094322986e-02 2.009635480072826752e+01 3.251006186255099095e+01 3.158377362155845702e+01 3.648043830114737318e+01 2.821123719488440429e+01 1.794283566443541389e+01 1.326700673361323801e+01 3.327625804762239170e+01 3.955187149613629316e+01 4.257002816486217256e+01 4.257002801684553361e+01 5.155982935395977051e+01 4.153872340017909437e+01 6.158093530773985691e+01 5.310310175306143066e+01 6.465547235851239805e+01 8.467782784749684311e+01 8.847375824805736499e+01 6.846110771360713443e+01 5.430617198611365382e+01 6.235345719178611290e+01 4.233082166622792641e+01 6.235345719178611290e+01 7.594340606817407036e+01 8.750010046641111217e+01 8.627206463826270522e+01 6.620364253161761781e+01 5.561519119219173035e+01 3.579676705855369079e+01 5.233018142136650397e+01 5.606197655663702051e+01 4.275783512492446192e+01 5.272629917089346918e+01 6.684651256418270293e+01 8.701866401786405447e+01 8.644319440320035142e+01
8.845047570523793812e-02 2.008844399092062716e+01 1.295853713802762819e+01 2.449932011475315363e+01 2.602190995595998402e+01 8.201746194997799222e+00 9.758744270276999089e+00 2.977029639051745136e+01 4.103499401130272872e+01 5.351233372906952468e+01 6.181376840321642163e+01 6.241034021697318224e+01 6.988415941363702188e+01 5.157220537078010381e+01 6.988415941363702188e+01 6.725207742277039813e+01 8.142824888381487369e+01 9.299975300021971236e+01 9.066346352072515913e+01 7.065016945827204609e+01 7.088943886185940357e+01 5.087078738642144060e+01 6.235345719178611290e+01 4.964405530525779398e+01 6.380197452026419569e+01 8.381460781110604330e+01 8.350655787205553793e+01 7.521520579258015005e+01 5.808139279194548266e+01 3.819661328928792443e+01 5.808139279194548266e+01 5.341484427165212878e+01 6.272068388272712980e+01 5.686042369234338878e+01 7.686870497658638612e+01 8.648472214295675542e+01 6.577546915764467883e+01
8.023991185656004221e-02 1.546711062070094345e+00 3.017140306257712901e+00 4.512010491769570031e+00 6.019567214849531389e+00 2.601548774520047402e+01 2.976939399916788176e+01 1.272375336626763520e+01 3.273730216267065174e+01 3.348464431536353914e+01 4.764533734711063317e+01 6.767651642072785023e+01 7.989929963717683847e+01 7.158966524469967396e+01 7.989929963717683847e+01 8.727930139577389923e+01 8.865758318613885081e+01 9.698066104443843471e+01 9.896086515393604088e+01 8.089578627603064831e+01 6.088309144768809489e+01 7.088943886185940357e+01 7.544144520038953772e+01 5.542619135198545877e+01 7.544144520038953772e+01 8.677691854932059812e+01 6.675144661198224583e+01 5.523710081354548862e+01 4.771653289897309946e+01 4.068688573989967949e+01 5.217301322335525526e+01 7.211878054028430540e+01 6.493464550305844796e+01 7.686866660387813965e+01 8.523002119334479687e+01 8.393127682261241773e+01 6.349639177023787084e+01
4.598823041778624804e-02 2.004598823041743216e+01 2.301714601341715039e+01 2.451485617628289404e+01 1.602018432091401223e+01 3.428079782884555726e+01 3.487092517910773637e+01 1.485578568960201018e+01 2.192849727113593872e+01 4.194935036422751296e+01 6.181123527272247031e+01 6.356877222461807975e+01 6.426352521754728286e+01 7.257177989187178468e+01 7.223399746394254350e+01 8.054398999823069971e+01 6.862721041723887083e+01 8.540541329713269647e+01 9.723623496903316266e+01 7.722335423604103255e+01 7.503449574007179024e+01 8.918959793732946650e+01 8.211174606896572925e+01 6.210084346323698412e+01 8.211174606896572925e+01 9.506587475821815758e+01 8.350655787205553793e+01 6.531159556349223294e+01 4.537134166072959829e+01 4.599953244973215050e+01 6.594128297281402240e+01 8.033243917818160185e+01 8.497763881965450139e+01 7.908802380826877254e+01 9.919642725729787003e+01 8.617498923384711418e+01 6.572988438653852938e+01
7.340434288523949025e-02 2.007340434288488495e+01 3.726370234140009075e+01 4.430654776207644119e+01 3.602551023485126080e+01 4.430995305933215178e+01 3.127188798531163982e+01 1.712041478445026499e+01 3.713739889658666726e+01 4.322246705569707359e+01 4.627625544995516549e+01 4.353644626498198988e+01 4.422937645613342283e+01 5.629451769462924915e+01 5.219833029654925838e+01 6.552620229990147038e+01 5.705868790075507491e+01 7.709304207604589010e+01 9.281884696022152070e+01 9.723623496903316266e+01 9.504619338095155001e+01 9.845154253540610512e+01 7.843946061355087807e+01 7.625073118753401502e+01 9.040547345106894284e+01 9.492065678416636842e+01 8.596417756425066159e+01 6.873208444642658321e+01 4.878737831318225204e+01 6.594129839792947223e+01 5.448440358447378884e+01 7.445811778136180692e+01 9.275880113815472328e+01 9.919642725729787003e+01 1.076083164615792498e+02 9.467103308408012197e+01 8.074661006613354175e+01
3.515918393995972474e-02 8.979431093939195918e+00 2.052643647773191660e+01 3.466857210146336854e+01 5.466857210146407198e+01 5.960096831719570787e+01 4.540106833033424749e+01 3.126411943051723341e+01 2.047756342929313789e+01 2.319990801395873703e+01 2.625125076915589162e+01 2.937679790247801037e+01 3.266754585164703428e+01 3.626305979837004401e+01 4.063191972654339423e+01 4.548872257823513365e+01 5.445067010675396801e+01 6.447198768966030968e+01 8.450100444214885442e+01 9.796896556144321266e+01 8.970108923700082926e+01 9.796896556144321266e+01 9.845154253540610512e+01 9.626148768498882191e+01 1.007987246640459347e+02 8.076206686829956993e+01 6.659778263326472825e+01 5.768212510291391482e+01 5.302716305276428699e+01 7.298768121810692833e+01 7.445811778136180692e+01 6.444795531194395721e+01 7.860026318474226059e+01 9.863492663584389675e+01 9.236923263801199369e+01 8.355081890963965918e+01 7.187598442952422317e+01
4.608085242692564615e-02 2.004608085242657012e+01 3.233700414490443364e+01 3.836723103645489630e+01 4.543829884831176003e+01 5.372257006061917650e+01 5.925508838459551697e+01 4.869607899219833769e+01 3.463145246992653625e+01 2.832650071725973362e+01 3.263533573981633396e+01 4.940397561260532200e+01 4.682889752316526710e+01 5.629451769462924915e+01 4.696850676230607746e+01 6.552620229990147038e+01 6.184967448425272352e+01 8.188487510468763730e+01 9.281884696022152070e+01 8.796532443526915301e+01 6.967439565394606404e+01 8.796532443526915301e+01 9.682229047297028046e+01 8.855209268359678276e+01 9.682229047297028046e+01 9.492065678416636842e+01 7.767168934248083190e+01 7.767168934248083190e+01 6.297799567482239524e+01 6.005379902661642433e+01 8.006145627670322540e+01 8.446828025077961399e+01 8.079255945989488907e+01 1.008233622071559950e+02 8.355081890963965918e+01 6.276591761815235770e+01 6.885367426013591796e+01
1.610643649003322755e-02 2.001610643645819110e+01 1.233700414491528186e+01 1.836723103647045008e+01 2.543829884833580124e+01 3.698530423212790907e+01 5.698530423207100171e+01 6.296471690175010849e+01 4.835264385312343194e+01 3.465658507026716961e+01 5.266413526030639503e+01 4.333931160344828726e+01 6.337212946713670192e+01 7.517170615712723247e+01 6.700386960637082723e+01 5.964065450361500353e+01 7.967418988369438182e+01 9.020231676935246412e+01 9.808631328603507882e+01 7.968774244547354613e+01 5.965528685442854595e+01 7.968774244547354613e+01 8.374614027077289791e+01 6.854215898344997981e+01 8.682375409842674685e+01 9.682229047297028046e+01 9.770000654096727999e+01 9.128948492144968441e+01 7.712757229515497670e+01 6.537655864541514461e+01 7.954659134854320257e+01 9.959170112049736190e+01 1.008233622071559950e+02 9.506213194341948736e+01 7.445448344940704999e+01 6.009321929485926717e+01 4.855825025671139628e+01
2.022278438842990689e-02 4.492358739387990241e+00 2.449235873939822383e+01 3.836723103645489630e+01 4.543829884831176003e+01 5.372257006061917650e+01 6.526957542014160651e+01 7.669854386664455603e+01 6.136450607940385993e+01 4.133118656876705899e+01 6.136450530592641428e+01 6.337212947509826222e+01 5.750424539393056733e+01 7.753845480628656617e+01 7.967418988369439603e+01 7.967418988369438182e+01 8.637262767317167800e+01 7.809709839468294490e+01 7.809709839468294490e+01 7.301025724845847265e+01 5.298411528605432608e+01 7.301025724845847265e+01 6.373661611434419427e+01 5.853463991597904226e+01 6.854215898344997981e+01 8.269682481538256980e+01 1.026879597823671446e+02 1.054513975477445058e+02 9.299944377098100290e+01 7.293995077287570439e+01 7.954659134854320257e+01 9.959170112049736190e+01 1.013524364331044865e+02 8.959413082883317259e+01 8.042111405084794740e+01 7.120753737913585724e+01 5.716658067181076319e+01
6.642187732006160639e-02 2.006642187729279314e+01 1.714146938006128096e+01 3.128360500379197973e+01 5.128360500379655917e+01 5.649856211063703171e+01 5.304687616340293488e+01 6.133114741180295226e+01 6.967025788927604424e+01 5.549673387948655545e+01 5.768802926147250076e+01 7.772295197036919490e+01 7.753845480628656617e+01 8.585372885289420708e+01 9.972680474417914809e+01 8.914686462355420815e+01 6.914639938257576546e+01 5.808272695744634717e+01 7.386220884785169005e+01 6.722920802204674828e+01 4.720651461516393255e+01 6.203361242162702638e+01 4.958571296090854474e+01 6.959727005144604561e+01 8.112854348859814024e+01 8.940403499704888191e+01 1.009471817921683510e+02 1.130137013065562286e+02 9.299944377098101711e+01 8.453096332087319809e+01 9.959170112049736190e+01 1.078727509928712891e+02 9.300921891889213100e+01 7.255058746293217098e+01 6.058650477740942364e+01 5.141943655306052818e+01 5.729297340637220515e+01
1.591255364720534082e-02 2.001591255364684940e+01 3.714146938005850984e+01 4.542574063309148613e+01 5.064069773495074855e+01 3.649856211063632827e+01 3.304687616340223144e+01 4.718901178713367983e+01 6.718901178713510092e+01 7.553056130536002399e+01 7.772295197036919490e+01 7.835090973607498199e+01 7.007339771813218476e+01 7.835090973619685428e+01 8.413701877545554453e+01 7.586425833659515661e+01 6.914639938260272345e+01 4.897199798201767607e+01 5.374344621074875050e+01 6.175053648832759734e+01 4.184327937278193588e+01 4.200781464404909826e+01 4.737048986877174173e+01 5.404077545945912675e+01 6.111428668997357505e+01 7.267236211808270241e+01 9.267990205973097773e+01 9.878089136322189745e+01 1.070411597542522344e+02 1.045676031972800644e+02 1.128440465439526577e+02 9.848559809185117331e+01 8.837076986155548752e+01 8.001945622966779581e+01 7.282420553545880182e+01 6.149536471040021013e+01 4.140729066749057097e+01
6.189296070378335485e-02 2.006189296070342820e+01 2.726606859930056359e+01 3.111507039389810458e+01 3.528535867503998702e+01 2.235642648690487988e+01 4.235642648690558332e+01 5.304687616340294198e+01 7.304687616340949319e+01 6.911936022855172723e+01 6.923188366595483956e+01 6.096144589808336178e+01 5.014125335456709109e+01 6.837729007479403265e+01 7.259513577720797173e+01 5.586529475884447038e+01 7.259513573603619818e+01 5.958089978836068923e+01 3.831143746449110665e+01 5.191980618548961957e+01 3.677290725394393434e+01 5.100037722112860195e+01 6.738188191131305871e+01 6.371030292326091882e+01 8.112854348859814024e+01 8.940403499704888191e+01 9.547953586756828770e+01 7.872108063390258792e+01 8.980987128191468116e+01 9.808556440123172138e+01 1.096428364900915824e+02 9.016236889620128636e+01 6.987654356313431947e+01 5.966821399689852967e+01 5.250293613860426944e+01 4.618374223994392480e+01 6.149536471047401420e+01
2.247884206357958492e-02 3.614584882599085613e+00 7.266068599300208319e+00 1.111507039389774754e+01 1.528535867503928003e+01 3.528535867503998702e+01 3.649856211063632827e+01 5.649856211063703171e+01 6.330842075365939081e+01 4.922595432992417841e+01 5.776798069413686676e+01 4.115117092422512712e+01 4.030769587173151081e+01 6.010732553634958464e+01 6.431785133146723865e+01 4.431385909903378462e+01 5.431585521523970073e+01 5.369560221271371603e+01 3.080160355489036306e+01 3.268336360597853485e+01 5.284092410276127794e+01 6.514809107356478535e+01 7.929580492600098296e+01 8.371853495846917781e+01 9.199160378115321635e+01 9.023157425073387117e+01 8.194864579169784236e+01 6.716218708942109572e+01 6.976760019423031167e+01 8.133341705200366789e+01 1.013889230939886943e+02 9.848559809185117331e+01 8.837076986155548752e+01 7.358382836272693339e+01 5.325939464937051326e+01 6.639805591148150654e+01 5.780948989538448046e+01
