LEM/with_lateral_4open/elevation_000574.asc
nrows	100
cellsize	150.0
xllcorner	0
ncols	100
yllcorner	0
NODATA_value	-9999
[rows 17 to 33 of 100, columns 37 to 73 of 100]
3.490518894884228018e+01 4.794769755001331646e+01 4.799020291578843711e+01 2.780021375463725875e+01 1.362401205902252421e+01 3.371239845539651014e+01 3.818957787201655663e+01 5.835875119833893621e+01 4.686462520481744320e+01 3.849005531903644339e+01 2.161140514387001943e+01 4.175955752136266597e+01 5.363179106989014855e+01 6.795454375196842989e+01 7.077938767344035398e+01 7.910547573062237348e+01 8.918351011570858589e+01 9.490128819125025927e+01 8.122575232413241508e+01 7.294130036262801298e+01 6.448629488336869997e+01 8.449105263643286889e+01 8.569529294205794656e+01 7.067885383648584252e+01 5.185242700942155381e+01 4.366202205993482721e+01 5.173939188480198226e+01 4.913831663592307564e+01 3.808172934237572349e+01 2.396061204297864222e+01 4.176024090924114773e+01 3.034345312011460649e+01 5.024724734556511407e+01 6.835999228470598155e+01 6.983970346775957694e+01 4.955316762162040334e+01 3.534941262496999315e+01
4.919001552269028821e+01 5.932163592874773173e+01 5.053155272770412409e+01 3.451153559019166295e+01 1.441788759118035301e+01 3.451149762515674979e+01 4.879917445572490209e+01 6.655312370040648773e+01 5.456318353056984449e+01 3.431887328153768379e+01 4.175955752136339783e+01 2.506762288835037467e+01 3.930903839096195895e+01 4.890847158614181467e+01 6.919079177440526962e+01 7.236718191980061476e+01 8.101436283635115387e+01 7.921372016205732791e+01 8.785045869479425562e+01 9.277431610278904373e+01 7.863336872193841032e+01 9.277431610278904373e+01 7.752660929345671548e+01 5.784604983777148846e+01 5.585079746928002464e+01 3.597815344568012819e+01 3.238555332950870991e+01 2.922282494851589618e+01 2.613644428274840692e+01 4.389751710544571495e+01 5.210841013800229149e+01 5.024724734556511407e+01 4.032828310072154920e+01 6.016621179718413259e+01 7.407879997976186814e+01 5.374880232954673431e+01 3.952071278931700249e+01
6.930269298937655265e+01 5.097312831724536153e+01 3.082923389530424174e+01 2.807573950332020729e+01 1.521380219436369075e+01 2.123142190237285831e+01 4.040516287278166629e+01 6.047650175932606942e+01 6.293890675411662983e+01 4.862396783011173795e+01 5.363179107146514468e+01 4.524686680942787120e+01 2.869211611916045968e+01 4.890847158614180756e+01 5.678108741143892502e+01 5.152423743888547136e+01 6.439404501532030167e+01 5.825553457957823866e+01 7.921372016205732791e+01 9.562659667733656477e+01 9.863275258690019598e+01 8.602119710931629015e+01 7.619213161872507101e+01 6.145749978714492556e+01 4.163481364186191769e+01 5.585079746928002464e+01 5.228465007792804897e+01 4.783983576879298738e+01 2.791832757275402699e+01 4.783983576876921973e+01 6.060062393888550503e+01 6.835999218692188606e+01 6.016621179718413259e+01 5.653962941813480825e+01 7.630265569182699892e+01 6.434517337905425904e+01 4.411180853256924195e+01
6.053795197697127861e+01 5.074668399187169143e+01 3.053736445751125572e+01 1.635130916848095950e+01 3.531214223326235668e+01 4.040516449937183552e+01 3.189136648934519513e+01 4.601698141689567478e+01 6.656467723516691137e+01 6.890171862447519402e+01 6.325992591143634058e+01 4.296390456482681941e+01 4.890847158614180756e+01 3.262354776417362956e+01 3.612058411200248287e+01 3.973965590944781212e+01 4.370724366157487140e+01 5.393821589843120279e+01 6.594030135206696741e+01 8.702057688675004954e+01 9.173121206517863868e+01 7.211138955065517564e+01 5.822040166482135248e+01 4.829419517713083110e+01 6.145749978714492556e+01 6.961652493907081407e+01 5.991962628167631522e+01 4.007897169026787765e+01 3.008789291863212867e+01 3.250722416005114468e+01 5.240460888828931729e+01 6.534269101890089360e+01 7.932099933812344261e+01 7.630265589298694806e+01 7.875347090546763695e+01 5.837706157208774727e+01 5.309774748194980987e+01
4.030369282634933370e+01 4.591576011136315572e+01 3.916026503829553462e+01 1.904668498582751823e+01 1.755050874483988466e+01 3.769150396746966436e+01 5.203526218430894090e+01 6.047885029052801542e+01 6.967616172149109843e+01 7.819264834071302062e+01 7.163040199598746938e+01 6.325992591143634769e+01 5.905299393413226028e+01 3.869471452776743092e+01 4.337086123122939796e+01 5.987273584877461019e+01 6.439404501532030167e+01 5.115228514069362831e+01 6.584462278335440999e+01 8.694027102781524263e+01 9.241059907735935042e+01 7.278691890139215559e+01 5.889944821055033231e+01 5.822040166482135248e+01 7.619213161872507101e+01 7.961398863665398551e+01 5.991084918837281492e+01 5.221698946723654444e+01 3.232431172043609990e+01 5.222350342815767021e+01 3.728824474238741971e+01 5.136438275883646298e+01 7.045593832972910775e+01 8.185698747637518125e+01 8.717553006033421070e+01 7.875347086647609274e+01 6.322802388685494179e+01
2.867574780680528690e+01 2.575688666678617267e+01 2.292924402165350628e+01 3.851064853517160458e+01 1.839990593814864539e+01 3.851892518703614599e+01 4.987619248211973400e+01 5.586759185721648890e+01 4.784289572115805100e+01 6.354464303882960508e+01 8.447895728314330199e+01 6.940201015729499545e+01 4.885724411952647017e+01 5.905299393413226028e+01 5.716849423430944199e+01 5.727658582260313125e+01 7.604780127588523442e+01 7.202339510063086436e+01 5.994155569024675145e+01 7.206003716980539764e+01 9.327904618492027566e+01 8.669960215325463082e+01 7.024719507024123288e+01 7.211138955065517564e+01 8.602119710931629015e+01 7.504963284088999842e+01 6.557031731353478676e+01 5.448920473921087648e+01 3.460392185993885761e+01 5.448920473921087648e+01 5.715325448125157237e+01 4.244952954930948863e+01 5.393023453469570683e+01 7.366513175569340888e+01 8.614765940357446539e+01 9.207655865355896196e+01 7.768198119148301828e+01
4.885581293804790448e+01 4.591575257343544081e+01 3.714699026607711119e+01 3.937461986824406068e+01 1.925145413202342581e+01 3.937474475359069714e+01 2.772164607037761286e+01 3.344982812835843333e+01 4.365130739356342815e+01 5.676921488328570575e+01 7.801971970037290305e+01 7.787642112142810902e+01 5.910595236911631645e+01 7.770661923943811189e+01 7.537206339824848556e+01 7.604780127588523442e+01 8.378133448030146724e+01 8.972261663978216006e+01 7.041724482044593003e+01 8.102824561810656689e+01 1.019079939823376435e+02 9.805008404864437921e+01 8.985531517235457954e+01 9.173121206517863868e+01 8.091072321990790783e+01 6.089811204575688919e+01 4.686532538517897706e+01 3.793769443231020944e+01 5.448707313652465700e+01 6.266803574956527001e+01 7.045593832970641301e+01 6.227118353272080498e+01 4.833382406990300950e+01 5.824884923430419548e+01 7.217549804367533284e+01 9.189394629230550038e+01 9.809576300788880587e+01
6.310583742230595306e+01 6.566716240106794089e+01 5.149706979188928813e+01 3.267549808422938185e+01 3.282723983674165424e+01 2.046411579626439803e+01 4.204337839663801191e+01 5.586759185721567889e+01 6.461971724007155160e+01 7.431678003521544440e+01 8.642280942065066540e+01 8.815864150627159290e+01 7.970069694314575770e+01 8.814877438560510825e+01 8.903069001956757234e+01 8.639416321835192036e+01 9.443261888831075623e+01 1.002689973738174842e+02 9.173897626630652269e+01 1.004918978880310902e+02 1.107126850766148749e+02 1.073723799217058428e+02 9.918289137957530954e+01 9.834704061474944581e+01 7.867704068236449189e+01 7.486563015175318014e+01 6.578972989086653911e+01 5.779877119239910144e+01 4.150106325731717760e+01 5.299243788734631266e+01 7.271951865165317486e+01 7.379119611892285491e+01 5.407587633861805898e+01 5.977266982850883892e+01 7.114358060086910029e+01 9.085603778519009666e+01 1.007077471400239972e+02
7.283527375021401440e+01 7.097978060582919113e+01 5.149713224845849879e+01 4.575131003922866313e+01 3.427239924356091194e+01 2.133592476271309835e+01 4.333622720386375704e+01 4.587752745995928905e+01 5.748650517265826920e+01 7.307738316705079740e+01 9.382577743238262258e+01 9.092421304990575948e+01 8.274128968419228158e+01 8.310518741455889824e+01 6.906492522392420597e+01 6.645672335645328133e+01 8.061244616910845195e+01 1.000518546442273191e+02 1.042600699307968597e+02 1.042600699307968597e+02 1.126672366296265153e+02 9.918289137957530954e+01 7.951828905417232818e+01 8.527791772594612496e+01 7.867704068236449189e+01 5.897907724286895359e+01 4.899013877933735017e+01 4.582727474319094085e+01 4.487211120140667475e+01 6.529042355230504313e+01 8.089203762174820156e+01 8.001431600606036909e+01 6.033508301041600674e+01 7.947504532343332073e+01 8.767503222158912024e+01 9.908004678138722454e+01 9.275768010288453524e+01
7.876526324280976610e+01 7.358806877341363872e+01 5.355337330748402280e+01 4.244966288034592594e+01 2.258527679721822423e+01 4.162305739449431030e+01 3.116986659255414338e+01 4.758521411368249687e+01 6.991790932777342960e+01 8.761827269914439853e+01 8.183128508439196480e+01 7.351570375448989125e+01 6.269427699606119120e+01 6.637338244465712478e+01 5.485026516410189146e+01 7.491483256215053643e+01 9.443261888830950568e+01 9.830262820450266759e+01 8.404855487985987850e+01 8.404855487985987850e+01 1.042600699307968597e+02 9.662246347292074233e+01 7.697313385037125499e+01 6.566470901699845797e+01 5.970786571274532406e+01 5.393773306263075540e+01 6.882947711062654150e+01 6.565451833842722351e+01 5.009777690484542489e+01 6.155209107884383002e+01 8.192409554808421035e+01 8.821364152998020813e+01 7.168736332681125134e+01 7.423886359635324084e+01 9.395749154241586609e+01 1.001622853163980125e+02 9.011812359332341771e+01
5.701256673359971217e+01 7.113759932202509617e+01 5.331255049806404145e+01 3.405381866938736124e+01 2.347124485244219017e+01 4.333003576433059578e+01 5.369472836500005997e+01 5.812251978893726800e+01 6.666209653724999384e+01 8.011728535147551611e+01 7.351575616538177371e+01 5.342548393625021674e+01 5.930542737275549570e+01 4.634975952892121853e+01 6.520678992854716682e+01 6.832470635270487946e+01 7.667964655236197302e+01 8.092825811768453548e+01 6.976356676045304539e+01 8.404855487985987850e+01 1.042600699307968597e+02 1.048094719160102812e+02 9.344533448749378124e+01 8.527791772594471809e+01 7.808391686148526389e+01 5.841938990437854073e+01 7.808391686148526389e+01 7.702758459187329265e+01 5.656761356209386804e+01 7.702758459187329265e+01 9.014651868310762950e+01 9.961508695962268689e+01 9.138914490202567720e+01 9.395749154241586609e+01 1.021884194636072039e+02 9.186609142071137057e+01 7.175310585351631687e+01
4.238091818043066183e+01 5.175140509962756141e+01 4.579659350272527263e+01 2.472572151220306935e+01 2.856484634400534972e+01 4.464329198754462880e+01 3.648637722295010377e+01 4.084413674068607492e+01 5.572983709337169955e+01 5.996090189098904943e+01 6.423488936836277219e+01 5.592618742142344956e+01 3.943182581861692881e+01 4.225085932836727665e+01 4.515571386306953627e+01 4.820124413672471064e+01 6.832470635811002069e+01 6.075098596820493668e+01 8.092825811768453548e+01 8.851532451231356902e+01 9.687327745768594411e+01 1.085242463602373988e+02 9.655711613870278143e+01 7.694300517955450402e+01 6.563551106546206881e+01 7.808391686148443966e+01 8.623408208126113550e+01 8.454039526698976204e+01 6.466336620336414853e+01 7.702758520990327895e+01 9.683069306105925023e+01 9.862989401397291545e+01 1.070342529658373962e+02 1.034785422052815704e+02 1.118854577723443953e+02 1.001622853163980125e+02 9.011812359332341771e+01
5.174977487175947743e+01 3.095469240004605282e+01 2.824085481267128372e+01 4.574973168911986932e+01 2.603497128443507336e+01 2.699640809882768977e+01 2.788002341924104854e+01 2.873121987413363954e+01 4.794658507806781955e+01 4.583150392104614923e+01 5.272918513905352711e+01 3.614490718970629501e+01 5.592443225234904958e+01 6.223595713720671085e+01 6.521925543087114363e+01 6.832470635811002069e+01 5.285620693167175688e+01 5.735677866450149764e+01 6.273420274771785188e+01 6.831502291291306506e+01 7.998531753995200688e+01 1.001675307310181324e+02 1.047158719684202879e+02 9.337764658037376364e+01 8.523290389652325416e+01 7.486925893941867116e+01 9.444781167829661683e+01 8.454039526698976204e+01 7.876046956883988059e+01 9.273320192475419788e+01 9.538185455650560129e+01 7.849178192961032607e+01 8.700314979441219521e+01 8.330038984590535733e+01 9.472281899975976671e+01 1.031173936187201718e+02 9.935657449261985619e+01
3.517052879660131737e+01 5.175208611978058570e+01 4.928195692444084841e+01 3.062188233270194360e+01 4.673849100348243724e+01 2.905924195302591073e+01 4.686987696345268972e+01 4.794591155850625341e+01 3.000612903577173185e+01 4.950667913240892659e+01 3.295094997003976545e+01 3.424432776799336153e+01 5.368228934800171004e+01 5.591242238923505425e+01 7.592408538447109834e+01 8.136949642293159002e+01 6.710160930283421976e+01 7.160835273261832867e+01 7.381643475645365982e+01 8.851532451231356902e+01 7.998531753995200688e+01 9.165261803610319191e+01 1.117991177832783052e+02 1.083084114782527081e+02 8.870656325852907287e+01 8.868845933629737033e+01 1.025712077715863728e+02 1.042985670993102900e+02 9.849437027697193514e+01 1.012589788935800073e+02 8.109819193981381602e+01 6.693328271026207688e+01 6.693328271026207688e+01 8.638563071644036029e+01 7.460422094932503967e+01 9.147693962073870466e+01 1.039300834326769234e+02
5.545707760538556386e+01 5.589992732048855828e+01 3.561817926808824808e+01 5.130704938420985428e+01 5.088568908709033423e+01 3.129877231873561882e+01 5.088568908709611804e+01 5.703769161055412695e+01 4.414427767660094304e+01 3.141732741674341867e+01 5.110325094431684789e+01 5.406227833222485657e+01 3.610231390684486996e+01 5.596463044021290045e+01 7.363075716191420383e+01 8.195967008527816233e+01 8.727830645898062301e+01 9.179136525893889598e+01 9.399799594519815571e+01 1.023574888650618817e+02 1.001675307310181324e+02 1.085242463602373988e+02 1.201639481298675491e+02 1.164358522846437012e+02 1.083084114782527081e+02 1.080878173526839845e+02 1.094678673329399459e+02 1.008829159644801337e+02 1.055742236790775337e+02 1.034785418340058527e+02 8.330038984368647448e+01 7.802763237450311351e+01 5.796320339805085098e+01 7.151787202431306412e+01 6.303379170444262769e+01 8.310734095517847209e+01 9.251183964816456751e+01
6.068876896443298108e+01 4.065232170643847809e+01 5.589992733544183778e+01 6.422740270231533088e+01 4.766211593953227776e+01 3.377607837825248538e+01 5.355231649010665507e+01 6.523818604381474984e+01 4.554667871279842473e+01 4.522878176234560499e+01 5.943228366751895919e+01 5.731618004089290963e+01 3.742458539108751836e+01 5.732499786280772724e+01 5.340337303722152740e+01 7.363075716127083581e+01 8.971694779537601505e+01 8.850905529698671614e+01 9.679971047113086513e+01 1.083023362942735446e+02 1.001051166342002716e+02 1.001051166342002716e+02 1.083023362942735446e+02 1.197016822995421279e+02 1.143542691215372287e+02 1.059526097424117381e+02 9.744716010244015081e+01 8.049092776230055790e+01 8.531275190681074605e+01 1.055742236790223103e+02 1.034785418340611045e+02 8.638563071644036029e+01 7.151787202431306412e+01 5.140363230695104590e+01 7.151786720247496021e+01 8.189254440866014306e+01 7.369208065386588657e+01
6.417410836148830811e+01 4.415785578101506559e+01 6.417410836148830811e+01 7.611004615710875498e+01 5.633710186872055203e+01 3.644975639849671012e+01 5.043076899335781604e+01 7.059625080031142375e+01 5.977307260428239033e+01 6.529321367139965560e+01 6.591848924737018933e+01 4.575825545850670295e+01 5.732499785489716970e+01 3.934958223041840597e+01 5.932783666610210105e+01 6.131499063608251276e+01 7.426847598696855357e+01 6.838043723190757817e+01 8.850905529698671614e+01 9.692922668907786488e+01 8.044402097279777308e+01 8.044402097279777308e+01 9.177910118520038907e+01 1.114786652498357569e+02 1.059526097424117381e+02 8.576631968312463528e+01 8.903080125257582722e+01 6.890063589157546176e+01 7.952391221845736879e+01 8.788296611809666103e+01 9.687176146865425608e+01 8.262899597303683663e+01 6.778275142339484205e+01 4.758673833364954930e+01 6.778275142339484205e+01 7.369208065386588657e+01 5.364829978757441609e+01
