LEM/with_lateral_4open/elevation_000156.asc
nrows	100
cellsize	150.0
xllcorner	0
ncols	100
yllcorner	0
NODATA_value	-9999
[rows 51 to 67 of 100, columns 37 to 73 of 100]
8.598100796127793899e+01 7.903749017846182312e+01 8.342430458964877005e+01 6.462481713048471477e+01 8.379091381383996406e+01 7.217543323224101925e+01 8.660090379616040934e+01 6.965081647803218345e+01 7.883693023877229678e+01 8.151133996861824471e+01 6.748067137336973076e+01 8.197165121546225919e+01 1.008266482929257677e+02 1.129160110616034558e+02 1.213173683662474076e+02 1.236207377841216299e+02 1.136755985438078227e+02 9.653917295510747465e+01 7.661208507277713409e+01 8.926282926259337103e+01 7.614015568482496121e+01 8.158898151576964608e+01 6.411276470879796818e+01 7.596821790501759608e+01 7.236613915249154161e+01 9.426280463146152044e+01 8.819709519229708405e+01 7.607895388711588680e+01 5.651992671983800420e+01 6.381219773068191614e+01 4.590667558066501641e+01 3.533081365903098003e+01 5.365993209660206276e+01 6.196554502517548713e+01 6.850355793447373287e+01 6.819596816273502782e+01 4.858246671365817093e+01
7.321727513626879613e+01 5.375794869753551097e+01 7.220853533090992471e+01 5.805889703404975677e+01 6.856454683258756688e+01 6.098271603206437419e+01 6.723160917688944949e+01 7.533606165412463440e+01 5.936251185630386829e+01 6.204134324637892206e+01 6.582527847144604038e+01 6.907880072505781754e+01 9.709996650692298203e+01 9.254558742615968470e+01 1.129160110616034558e+02 1.154093384233706701e+02 9.549163619744021503e+01 8.552418264308950313e+01 8.811859347873684101e+01 1.043039161823438121e+02 9.607040413211072405e+01 9.107612906253098117e+01 7.092705392363647832e+01 7.935261127250259960e+01 9.435784816533822550e+01 1.032548207466804087e+02 9.035756582757811373e+01 7.131211130649825236e+01 7.607895388711588680e+01 7.257905813116819616e+01 6.277145857732707412e+01 5.365993209660206276e+01 3.336666247166999000e+01 5.172744916086559641e+01 4.745769899905051403e+01 6.178432909469215417e+01 4.408814144874479268e+01
5.986932644414913085e+01 4.198582733565454816e+01 6.205954511106615001e+01 6.578024299629011296e+01 4.902597401908099073e+01 5.119205969363088826e+01 5.346432811414207720e+01 5.582045166515273849e+01 7.533606165413681310e+01 8.151133996861713626e+01 8.541942255440532961e+01 7.204512696172267283e+01 7.844921167179616361e+01 9.254558742615968470e+01 1.129160110616013668e+02 1.236207377841216299e+02 1.136755985438078227e+02 9.703426471204889481e+01 1.080418984344154438e+02 1.162634140773026417e+02 1.072749923147380287e+02 8.743551762422372065e+01 8.526110333865612745e+01 9.027817644258217911e+01 1.012923528880121040e+02 1.085241782386959812e+02 9.771571701090321937e+01 9.035756582757811373e+01 7.571817518068287711e+01 5.676620460858958950e+01 5.782282993575994112e+01 5.396517382763034476e+01 5.172744916549825689e+01 3.144182648412539294e+01 3.243488291407095403e+01 5.347071019256032542e+01 4.063140598734974418e+01
3.985461102486547702e+01 5.599622558953713991e+01 4.416284279262855961e+01 4.615637764779590668e+01 6.578024308819686894e+01 6.501430614219711401e+01 6.725067839430454342e+01 6.955637167919572050e+01 6.955637167919572050e+01 8.928946757794597033e+01 9.982147499384514333e+01 9.143300315500505349e+01 7.991024910260001946e+01 9.139027756958446957e+01 1.057883475222033667e+02 1.261707645060339189e+02 1.251564206154990870e+02 1.169472611836651055e+02 1.240152866494024408e+02 1.169828873975754533e+02 1.112387946402433556e+02 1.072749923147380287e+02 1.051148430306581929e+02 1.092901457652915411e+02 1.040335498178886411e+02 9.221046490193378986e+01 7.620686267867823460e+01 7.663714944444981825e+01 6.926582152443053531e+01 5.782892703407669188e+01 3.740325420209811114e+01 3.359757609277833268e+01 4.870830705385314019e+01 3.010103399868072316e+01 4.918519207926244974e+01 3.583381089683096832e+01 5.693117396079270520e+01
5.745747255484100435e+01 6.567000964275760566e+01 6.379674062152921010e+01 4.763975831159235952e+01 6.719564473473822375e+01 8.468481061658339115e+01 8.694217792388062094e+01 8.928946757794723510e+01 8.928946757794545874e+01 9.763496997687447276e+01 1.074107917832625247e+02 1.084164040337053194e+02 9.403237263393182843e+01 9.403237263393182843e+01 1.144029705736845557e+02 1.323967327356739645e+02 1.228874218885545275e+02 1.147890054766141077e+02 1.043116740746799280e+02 9.723262576094865040e+01 9.143108065425674624e+01 1.053854492928748243e+02 1.031855454732868225e+02 1.068041334783489162e+02 9.502279290391491884e+01 7.315395392679306497e+01 6.386729184074138033e+01 6.373159561166342257e+01 4.839678758437258210e+01 4.350489354070442971e+01 5.782892703407669188e+01 4.870870857986523106e+01 2.845720875963840513e+01 4.870679610009565863e+01 5.774771671152270613e+01 5.693117390112442422e+01 4.439464105845434716e+01
4.917492759816099834e+01 6.917981213087902859e+01 6.967605986218248404e+01 5.014525161719829782e+01 6.967605986228009840e+01 8.158183597052226332e+01 9.555281033745656316e+01 8.773484810017097857e+01 9.226260760896732904e+01 9.781395277818327827e+01 8.705282196792245486e+01 1.074107917832625532e+02 1.144029705736790561e+02 1.144029705736844562e+02 1.228004354424302136e+02 1.202253034841726986e+02 1.046220642680674473e+02 9.499357089666767706e+01 9.023926722050670435e+01 9.405897877487200276e+01 7.733859996908124401e+01 8.574680589465661740e+01 8.365281367084689634e+01 8.858057311503222309e+01 1.026626043432775361e+02 9.221046490193378986e+01 7.800438087255274411e+01 5.579783183844743633e+01 5.860198173138606137e+01 5.833443990203510054e+01 5.927739338158966120e+01 3.905628718569065683e+01 2.738845772183725558e+01 4.603454609192308311e+01 5.425454133520469213e+01 6.098695177904428988e+01 6.454868750107954156e+01
6.918601517311820714e+01 6.918601517309855353e+01 7.788118072747067799e+01 6.394345116590318412e+01 5.388866825207770006e+01 6.761086160249932675e+01 8.170420423362995166e+01 6.819332852842265424e+01 7.252656146946786464e+01 7.779829312277560405e+01 9.781395277818377565e+01 9.875798309045909207e+01 1.106154761754627742e+02 1.309994288157193978e+02 1.235039106934430322e+02 1.037869994717875244e+02 9.228175613809484901e+01 8.473570326777131356e+01 7.871847734866719293e+01 7.414432832421049113e+01 6.989728914999913911e+01 6.583350431944357695e+01 6.973704582183515299e+01 8.076758529056347413e+01 1.006158185934726674e+02 9.872279173055230217e+01 9.282076677769440209e+01 7.987071210158239865e+01 7.752537734548857884e+01 7.892394548041387736e+01 6.764108230050999282e+01 5.535662361291925038e+01 2.703442266580371722e+01 2.595787705553027891e+01 4.450525852162289908e+01 4.080889649509029482e+01 6.099028762012953564e+01
8.395970733453889068e+01 8.929484007917064048e+01 9.181890952031194786e+01 7.873343720264757906e+01 5.933478200010517867e+01 5.835067359685487531e+01 6.231854403988983648e+01 8.170420423362999429e+01 9.226260760896765589e+01 8.854456986426227161e+01 1.062354302231552481e+02 1.192307482717187526e+02 1.276024308275347039e+02 1.393216959942238589e+02 1.315660557000675510e+02 1.202253034841726986e+02 1.121203466920322711e+02 1.046220642680674473e+02 9.862610082410934353e+01 9.405428307210358696e+01 8.968736512545798689e+01 8.059178043971198235e+01 6.085704667406402990e+01 7.643705979350745849e+01 8.370526248078158460e+01 7.986073093311202342e+01 9.872279173055230217e+01 9.308848727217167607e+01 8.228435876923326475e+01 7.416323201971398760e+01 6.720482871610376208e+01 6.095479366546747713e+01 4.884822299200386908e+01 2.890042341057423769e+01 2.449061484710349745e+01 4.303633601391307906e+01 4.230705834386670006e+01
6.717328367394217992e+01 8.723902267045994563e+01 8.748446702810063869e+01 6.791656946670742911e+01 7.873343720353334163e+01 7.774718532607580812e+01 6.589802941129809710e+01 7.697771453782603146e+01 9.688871717816394380e+01 1.088059784173148330e+02 1.172063151649482080e+02 1.184699707200649641e+02 1.184699707200649641e+02 1.265200172591351020e+02 1.215343152293366416e+02 1.113788119240130072e+02 1.028804029116391234e+02 1.044674735648230239e+02 1.125889475925416860e+02 9.670383969696814574e+01 8.801301512167842134e+01 8.893114165438065299e+01 7.643714676315275369e+01 5.651236758740713384e+01 6.403043735074197684e+01 7.798206989716398141e+01 9.752227183083661544e+01 8.513770357094296060e+01 6.583695724904126223e+01 5.441762455333182658e+01 4.730379166922995893e+01 4.122435716133909978e+01 3.557371706569937686e+01 3.597779376307225618e+01 4.303633592948355613e+01 2.308001607672480304e+01 2.208701475356626176e+01
8.395970733453889068e+01 9.554062658158717625e+01 9.449608767334427739e+01 7.466422965190685090e+01 9.449608767334427739e+01 9.196965581298300663e+01 7.224022553888522680e+01 9.196965581298300663e+01 1.052758172474465255e+02 1.170922551710415149e+02 1.095357220705432724e+02 9.964242864522172738e+01 9.964242864522172738e+01 1.184699707200649641e+02 1.128575137450970942e+02 9.291962448865957924e+01 8.323643340620490960e+01 8.473774175892040716e+01 1.012087466315268358e+02 8.790410981239077159e+01 6.728199153326586668e+01 7.302498385418442695e+01 6.983215825280304045e+01 5.375311966930730279e+01 7.363899742899290857e+01 8.627562063908354162e+01 7.816139784096351661e+01 8.673272957537055561e+01 8.228435876923326475e+01 7.416323201971398760e+01 6.722646841544991503e+01 5.203347711020249022e+01 5.570310716925865080e+01 4.502076677981293784e+01 5.112794646792448816e+01 3.178730647143921928e+01 3.939868140266852237e+01
8.876598021778802661e+01 9.880226199469953485e+01 1.028768659711682716e+02 8.595245647341862139e+01 1.028768659711682716e+02 1.003505242348197726e+02 8.190646297193984537e+01 1.003505242348197726e+02 1.108999038449882164e+02 1.026679401736099777e+02 9.173041399117512640e+01 8.618296898038198606e+01 9.816016366193804288e+01 1.175175785746844070e+02 1.214494007727772242e+02 1.113788119240130072e+02 9.306101355246244111e+01 7.347258810271806340e+01 8.564096460014735612e+01 8.154035215256433844e+01 7.138106943347685274e+01 5.310994711634911880e+01 4.993468534988011953e+01 6.695282430635315052e+01 7.494358297027602589e+01 7.527295255646720307e+01 5.595866693047538121e+01 7.487797994999885987e+01 7.573101431826469820e+01 8.391014791143548734e+01 8.025464913388759669e+01 7.202951966417010965e+01 6.515986100915046109e+01 5.928848493496039396e+01 5.923303947790387980e+01 4.304946440233189264e+01 4.812920421445125641e+01
7.041537038528691994e+01 8.461963059529261955e+01 1.046987393453933066e+02 1.061669049330081265e+02 1.145529813641981889e+02 1.104379162961468666e+02 1.020331453371404251e+02 1.104379162961468666e+02 1.028841947035422777e+02 8.457667759952899189e+01 8.079637806898031727e+01 7.873577317570683931e+01 9.421080915762365748e+01 1.174485988287885903e+02 1.225076880240276012e+02 1.095075995678113117e+02 8.964238275250703225e+01 7.585562498537817078e+01 6.598856264310225583e+01 6.192708099754397466e+01 5.816490132251905720e+01 7.302498385418444116e+01 6.694830443295352040e+01 4.707979937297614015e+01 6.414972334646135721e+01 6.614277990756789904e+01 4.590145658616623336e+01 6.576591587469388855e+01 5.585100517871223502e+01 7.245515367667512407e+01 7.013877117206773448e+01 7.840029097367730060e+01 8.518399928511431085e+01 7.933461675725483531e+01 6.961636514429577005e+01 6.197121751256822364e+01 4.868769805689862551e+01
7.677318234202067515e+01 9.685365584632634750e+01 1.068862337523175370e+02 1.068862337523175370e+02 1.151679116241219845e+02 1.066117590143992970e+02 9.861874447142214706e+01 9.629615098320071809e+01 1.041891562543336107e+02 9.057554677590759695e+01 7.091138477898330450e+01 9.057554503361815534e+01 1.060013899270869899e+02 1.072840494205730266e+02 1.031883057875931939e+02 1.168451964977080024e+02 1.038250016330336081e+02 9.391296018289634162e+01 7.736890509592572585e+01 7.585039517429953548e+01 7.800316500244208839e+01 8.623571150171341060e+01 7.512818412717311389e+01 6.409955361139047625e+01 4.432682243069616135e+01 5.912839258021573841e+01 3.941900961515501933e+01 5.688112390792073825e+01 4.446567668734238765e+01 5.392492484719602430e+01 5.028093826773281450e+01 6.804337672895491096e+01 7.630283203945980119e+01 6.607198781178617253e+01 5.777238259794769704e+01 5.026497876443817603e+01 4.038015287294462041e+01
9.685365584632634750e+01 1.011503885474182027e+02 8.713286547071429311e+01 8.713286547071427890e+01 1.068862337523175370e+02 9.861874447142214706e+01 7.931866221389729787e+01 7.682092113104916109e+01 9.296521061414821929e+01 8.653128089229338116e+01 6.681489656742785144e+01 8.072741474588042365e+01 9.955869596098077068e+01 9.059024255450763974e+01 8.957835097560901261e+01 1.088688396774412297e+02 1.103311044222089379e+02 1.061156007849421883e+02 9.722652365890012049e+01 9.521224120548409076e+01 9.504352738628743680e+01 8.681323501812650534e+01 7.809599385174546171e+01 6.479767430096556780e+01 4.495402964837277437e+01 4.163890656042748617e+01 5.691019866110607239e+01 3.725134686214274637e+01 3.571769751259671466e+01 3.420440644274626862e+01 5.184195208300360491e+01 4.820090123834084750e+01 6.240508945392908657e+01 5.777238208921389173e+01 3.762482053739365995e+01 4.194488224781385810e+01 2.202042956345674085e+01
1.068862337523175370e+02 8.713286547071429311e+01 7.317842315527468600e+01 8.409046543858468681e+01 8.827911593225694276e+01 9.650322713016605292e+01 8.497152542966809108e+01 6.534596856225937245e+01 8.497152542966809108e+01 7.766416078553072566e+01 6.301908537063069105e+01 8.278921129724515993e+01 9.667559501577714798e+01 7.739799429123873153e+01 9.667559501577714798e+01 9.447760032563498100e+01 9.088062239773766748e+01 1.103311044222089379e+02 1.124042642285540694e+02 9.250677932184656527e+01 7.837899750510742081e+01 6.684763330948244686e+01 6.985670918447249278e+01 4.993957427582215303e+01 6.479720961855809946e+01 4.703352877435546731e+01 6.506865211935536308e+01 5.693936319169564086e+01 5.541712668054228885e+01 5.184205523499591806e+01 3.209423508783054046e+01 4.981205675296656921e+01 4.258972376321138142e+01 4.936040629267654367e+01 4.352589325834102851e+01 2.354981244845275512e+01 4.194470984053359075e+01
1.029425221865035383e+02 9.805225889986688514e+01 7.830730123186964420e+01 6.428890378663058414e+01 6.850055325238378146e+01 8.473997290583542963e+01 7.904343041508188605e+01 5.930331429827112544e+01 7.297036981705932135e+01 5.783298048717038853e+01 6.937907831832863792e+01 8.898179280389628332e+01 9.066274239916666033e+01 7.121363339391115233e+01 8.400498555352832852e+01 7.486882269913559185e+01 8.875220144304194037e+01 1.082999359579869036e+02 1.075116439174612850e+02 8.758496012613787229e+01 7.345294184483391575e+01 6.347121632146599524e+01 5.533728034105791949e+01 6.985670918448408884e+01 7.515909562808479905e+01 6.690686633580338594e+01 5.588236827902931481e+01 7.581789221825424363e+01 6.586197099614827266e+01 4.603461522769641334e+01 4.981214328127653346e+01 3.005941950840192334e+01 2.865441226995363166e+01 3.716125217635344313e+01 2.510744660088897717e+01 3.617636068883224709e+01 3.336955114865879324e+01
8.311807168084445152e+01 9.297884297934184872e+01 9.230487642036018769e+01 7.685995744484840486e+01 5.699213550785431437e+01 6.492491979584745820e+01 7.356025263138668890e+01 5.373819891075721955e+01 5.310138543638291253e+01 7.256177857694027011e+01 8.554507646024951839e+01 9.701029084585016449e+01 8.511232560601874297e+01 6.550858378271546201e+01 6.429323962708798490e+01 8.400498555352832852e+01 9.818514477703523369e+01 9.818514477703523369e+01 1.063727120290219830e+02 1.016395237639044353e+02 9.167406215718193607e+01 8.062135124842268397e+01 6.065864543008385823e+01 8.062135124842268397e+01 8.991502440430184606e+01 6.997868129277547666e+01 6.997868156064421896e+01 7.581789221825424363e+01 7.411803207656676307e+01 6.586219378683142622e+01 5.647471588617871419e+01 3.266579402859157710e+01 4.723698463863317443e+01 2.671459613812237421e+01 2.860340408822677460e+01 4.883109600432026554e+01 5.345622750275282442e+01
