LEM/with_lateral_4open/elevation_000517.asc
nrows	100
cellsize	150.0
xllcorner	0
ncols	100
yllcorner	0
NODATA_value	-9999
[rows 0 to 16 of 100, columns 37 to 73 of 100]
8.884754177262699226e-02 6.929726548558100274e-02 7.395023591448830758e-02 4.828361932999872264e-02 4.897713358561925356e-02 8.568734790590110117e-02 1.075183056328203948e-02 6.823539046102447547e-02 7.194897206013613211e-02 1.557559815681563986e-02 7.704183385687686514e-02 1.685416958384493638e-02 9.680445094065920353e-02 7.639902522890137937e-02 4.559330980047965332e-02 5.839666421669215124e-02 9.739037529851846120e-02 3.670263267501718690e-02 2.041064012308905357e-02 6.895211126444661387e-02 9.031524355919069713e-02 1.560024811392830661e-02 7.641644294168103979e-02 3.888124420523987601e-02 6.873285589001959517e-02 4.772367030474261584e-02 9.504926490987847254e-02 5.760415539182907330e-02 9.666222459857021221e-02 9.627991409191682948e-02 1.286757495974483190e-02 9.381044340810595905e-02 7.584058927755046864e-02 1.435327048224320848e-02 5.777975670406795827e-02 2.716720951219454838e-02 4.735230246529398453e-03
1.423098316550370157e+01 1.421143288714617725e+01 2.007395022454583966e+01 2.004828355014209507e+01 2.004897709538994377e+01 7.156230298285282121e-01 7.255101676062619021e+00 1.659453208653182799e+01 2.007194665290920099e+01 6.584624950132008436e+00 2.007704183385652286e+01 1.415898979331491958e+01 2.009680445094030432e+01 3.611932974250571693e+00 2.004559330980012533e+01 1.420053228794776778e+01 1.423952599903014793e+01 2.003670262724754281e+01 8.964682550122168081e+00 2.006895205179072050e+01 2.009029983609865511e+01 1.665172445798571488e+00 2.007641644293697425e+01 8.983153154204318369e+00 2.006873285587930411e+01 2.004772367030438573e+01 8.260015074187210260e+00 2.005760415539147345e+01 2.009666222459821583e+01 3.429613247425243650e+00 2.001286757495939028e+01 2.009381044340775091e+01 6.106067480832849448e+00 2.001435327048188739e+01 1.420272471023336891e+01 1.431657815128095734e+01 1.984801500015890241e+01
3.423098316550440501e+01 3.421142770049082316e+01 3.016267903421548624e+01 1.932027863283497382e+01 1.608662805800852524e+00 2.071552372692957533e+01 1.630035079611159432e+01 3.328330320831936007e+01 3.497625689389269610e+01 1.395112131426711599e+01 3.398851867634074608e+01 3.415898979331562657e+01 2.721736332040338624e+01 7.204039761878133774e+00 2.721736332040338624e+01 3.420053228794846945e+01 3.423952601223934522e+01 2.529461416864101864e+01 2.896468254816949894e+01 2.402219432346091210e+01 4.022195049753720220e+00 2.166517379216773875e+01 2.994977129139932615e+01 2.053015853789791123e+01 3.726736576193395223e+01 3.654428634183323510e+01 1.980702045797993094e+01 3.654428635061838548e+01 2.681023026633894091e+01 6.810230266339296179e+00 2.681023026633894091e+01 3.243067788113366134e+01 1.243062280116971330e+01 3.243067788113568639e+01 3.427404003827982137e+01 3.505641731245948733e+01 2.209813156217873953e+01
4.466690443379767572e+01 3.929651893147053698e+01 2.250215626321348950e+01 2.503437822641703114e+00 2.160810457829493814e+01 2.988880062252621528e+01 3.677690207035238501e+01 4.499665471648227566e+01 4.460250072163712787e+01 2.652215918391259564e+01 4.455460984379580225e+01 4.518155468482224535e+01 2.513628520139634759e+01 1.098369222749325402e+01 2.253637357024545196e+01 4.257905788922646195e+01 5.357888132985373630e+01 4.529461414811915176e+01 3.188163088961966096e+01 1.174134373380639040e+01 5.700557766347091437e+00 2.421714012916412884e+01 3.773205134755394852e+01 4.053015573084801559e+01 4.881432981521037817e+01 4.809129176945641859e+01 3.980702045810009082e+01 3.835723565013089598e+01 1.835723565013161007e+01 1.073255296910294376e+01 3.073255296910258849e+01 4.071581045527211984e+01 2.137489471228291293e+01 4.071580416153633308e+01 4.846076339575891012e+01 2.870959535891774550e+01 1.468283179021809559e+01
4.858922713656131975e+01 3.074386079765193713e+01 7.757170541627040450e+00 3.137069881317156916e+00 2.313571167510255222e+01 3.185536743332749765e+01 3.551401522789917919e+01 4.292564346774466344e+01 4.866062598350494284e+01 4.918123554619545246e+01 6.004484550164037415e+01 4.948313912032041628e+01 2.940918952435196587e+01 1.524777862598862654e+01 3.528871323581427077e+01 5.088349314747240015e+01 5.614078056339868539e+01 3.606940899902112108e+01 2.181508415672683654e+01 3.050154589491215162e+01 2.054461860439519327e+01 8.200554782304177337e+00 2.950101968011414044e+01 3.686373010839906073e+01 4.519344721491015804e+01 5.681074735968301326e+01 5.249937127386134961e+01 3.249937127386206015e+01 3.481503587374082542e+01 1.481503587374153952e+01 2.636204125753384986e+01 4.636204125753313576e+01 3.292190063526402355e+01 4.966195363565722687e+01 4.649767514435794169e+01 2.589365159822209250e+01 2.421584984116309514e+01
5.077702313138485835e+01 3.667604040357192474e+01 1.729494449314655569e+01 2.296764380183860510e+01 4.037664823925742219e+00 2.245360100914978574e+01 1.651399515944184415e+01 2.762375172299670112e+01 4.433796009994631504e+01 5.830243593733547414e+01 6.569530171023004073e+01 4.408115540745712480e+01 2.947630552342699062e+01 2.127914091134044128e+01 3.160479067635094808e+01 5.168028887735358268e+01 5.614078056339868539e+01 3.606940899902112108e+01 4.194817762251240367e+01 3.893889560963871332e+01 2.947756603234355666e+01 1.028568342298373040e+01 1.312308228512259589e+01 1.677247702405588115e+01 2.835428981629132750e+01 4.848784171940506837e+01 6.078364252128914558e+01 5.249937127386134961e+01 3.940335055115198060e+01 1.940335055115269469e+01 3.940335055115198060e+01 5.464631250496503156e+01 5.292266415765393361e+01 6.121351234841684175e+01 4.133094429749684195e+01 2.004415733936879818e+01 5.737777102614698421e+00
5.906129437884646194e+01 4.596318471724328703e+01 3.749566318428274769e+01 3.224886787342747141e+01 2.403590168833008178e+01 4.940542819030483201e+00 1.907794855454623928e+01 3.891981721790543958e+01 3.361727002761698202e+01 4.947241405577254625e+01 5.924719864056055485e+01 5.849885118319012633e+01 4.843481874536592358e+01 2.835666653805755288e+01 4.133611995562426955e+01 5.999333247926618640e+01 6.443143827962109071e+01 5.614078056339868539e+01 4.722871854183264873e+01 2.734391704145178181e+01 1.328333793501368199e+01 3.018073606682978038e+01 2.730280482536847941e+01 3.686373010839906783e+01 2.267106484068333572e+01 4.279919057130954485e+01 5.765937725356538834e+01 5.573328216970593019e+01 3.573328216970664073e+01 2.572790587148934094e+01 3.573328216970664073e+01 5.573328216970593019e+01 5.495243884320191796e+01 4.337356108040289371e+01 3.504928542502435818e+01 2.648501516076750661e+01 6.822429391509944097e+00
6.495629414602073837e+01 5.309074805234434535e+01 3.306753839513721260e+01 3.306757130446702320e+01 2.558166796210273120e+01 5.581606285526334865e+00 2.557198609986980742e+01 3.210117441338522326e+01 2.157439756128882280e+01 3.054859846389414813e+01 4.495778211994480245e+01 6.520326653390949900e+01 5.675097678776673149e+01 3.838614453620789391e+01 5.675097678776673149e+01 6.972967342676852809e+01 6.149127870660874606e+01 5.322179949693141054e+01 4.747529699518266710e+01 3.532343058773403044e+01 1.545165969814830476e+01 3.532343058910996092e+01 4.743151400858439359e+01 5.112689874868165418e+01 4.279919057130954485e+01 2.918496359943000940e+01 4.933755441418072962e+01 6.401755341711724157e+01 5.239457253815506022e+01 3.239457253815577076e+01 5.239457253815506022e+01 6.401755341711795211e+01 4.660528810164428393e+01 2.659009669348559157e+01 1.504367326603415300e+01 8.377073535701711648e+00 2.680291277174421793e+01
6.000779664087269083e+01 4.722532562848574145e+01 2.720323745085456935e+01 1.342437337953499288e+01 1.213153369135221027e+01 6.223705686252224645e+00 9.441139013927955403e+00 1.257078979564547261e+01 3.210907725823361858e+01 4.643264672644823321e+01 5.924719864056055485e+01 6.961937341308913574e+01 6.679503706394983453e+01 5.848349295452383245e+01 6.679503706394983453e+01 7.216128194804606721e+01 5.322179949693141054e+01 3.331533090098615446e+01 2.760350887200528547e+01 2.248605695531352922e+01 1.791022477318497863e+01 2.936454186608777661e+01 4.340509251640737176e+01 6.333902040966066949e+01 5.437571163897107596e+01 3.422308273980970483e+01 4.849159660527406146e+01 6.858122195588583736e+01 6.067884378558107272e+01 4.239457253815541549e+01 6.067884378558112957e+01 6.559864766408215075e+01 4.552277076632657327e+01 3.137418108196128230e+01 2.949314152366400421e+01 9.493364670572256969e+00 2.949141152999462534e+01
5.170303532391801582e+01 3.169354564906626592e+01 2.011685897048405991e+01 2.730094202396941583e+01 9.056598671871849859e+00 6.883010636419465200e+00 2.846503512800266833e+01 3.210907278767952988e+01 1.807956203122274985e+01 3.808719617081968067e+01 4.984451386300747089e+01 4.953240135719109816e+01 6.210344937733851367e+01 7.046101726094480000e+01 8.052422352504180481e+01 6.389059427199426011e+01 4.393110688294968469e+01 5.322179949693141054e+01 4.747529699568951855e+01 4.028815828650522946e+01 2.044222116739882367e+01 2.929985115043816535e+01 4.333529884459477444e+01 6.328802822135030226e+01 6.108344645981870968e+01 4.096024199727569481e+01 5.069024175137394650e+01 7.077417210117074831e+01 7.067884378556082936e+01 6.239457253815470494e+01 7.067884378556082936e+01 6.000638384015233129e+01 5.107339457980210540e+01 4.279205485988743618e+01 3.061466634608383686e+01 1.061490895152539871e+01 3.061465806428092762e+01
3.624621035654318746e+01 2.867169420445076966e+01 4.015055107379400567e+01 2.400987610481420020e+01 2.545934331075561019e+01 7.565257692976716797e+00 2.671408763506066109e+01 4.255591071350043819e+01 3.808719617081968067e+01 2.464368629882452311e+01 2.970117185996287290e+01 3.532840044410356484e+01 4.204031902692980083e+01 5.206117796575408363e+01 7.214572078892301477e+01 7.216128194804606721e+01 5.544460590973894654e+01 6.764642444846924718e+01 5.703798217949284322e+01 3.712944782543168287e+01 2.312225385989245297e+01 4.296368732650210376e+01 4.917934769564935493e+01 6.914600526420461790e+01 6.867272921591674617e+01 4.859337441393032009e+01 6.867272921591674617e+01 7.908675944165987914e+01 8.733479168643927437e+01 7.903209965506201229e+01 6.583620216997955765e+01 4.587353368623255534e+01 3.175779146363216654e+01 2.281646074955970604e+01 3.103537067935298310e+01 1.174178121654972529e+01 1.658750433729401408e+01
5.624102960571403997e+01 4.022969482043699685e+01 5.267320977935658988e+01 4.414904916399903811e+01 2.961641922277661365e+01 8.273990405667316139e+00 1.937909620112083076e+01 3.150504025955650178e+01 4.849660081479450469e+01 4.480281006648274911e+01 4.984451386300747089e+01 5.541573926053562360e+01 6.210344937733851367e+01 7.046101726094480000e+01 8.052422352504180481e+01 8.369408245356004272e+01 7.542802893490271288e+01 5.938907760582205242e+01 3.945082167527454686e+01 3.244620980203898597e+01 2.617651605699286677e+01 4.602671335397548091e+01 5.144108202552668985e+01 7.141270802524576311e+01 7.698074310830203615e+01 6.280400280410322722e+01 7.698074311403782133e+01 8.674137306751707399e+01 7.903209965506201229e+01 5.902272790882191345e+01 6.488333720601326604e+01 6.000638384015087468e+01 5.106341473625832350e+01 3.339091958843541619e+01 1.338855455741890310e+01 3.174368552294549062e+01 3.620793594783473424e+01
6.854526110329933886e+01 6.023208178195240947e+01 6.170782623448846493e+01 4.201473297854617073e+01 2.959183383334566386e+01 9.018948759655890157e+00 2.493404955174389670e+01 2.629415713953802580e+01 3.978601382298810307e+01 5.840151437701432258e+01 5.884001589243928976e+01 6.011873285586400328e+01 6.855313859134029997e+01 7.715932544147942451e+01 7.772028706740221082e+01 8.611957166438109823e+01 7.350779010706567362e+01 5.354091540456040121e+01 5.938905248548664417e+01 5.154450048867076362e+01 3.164994184769662766e+01 3.154742123969064593e+01 4.559306017845270986e+01 6.555945568178782423e+01 8.123147834419624758e+01 8.284108811317430821e+01 8.054680319753003914e+01 6.595623809735064924e+01 8.054680319750983131e+01 6.488333720601326604e+01 4.488204721971817435e+01 6.203879612047524006e+01 4.871077720406324829e+01 2.871851112097806791e+01 1.457533523346538828e+01 3.451777476256953747e+01 4.587200902552611126e+01
6.267330079723303271e+01 7.083348752696863926e+01 5.614819029086802971e+01 3.623836519113682897e+01 2.205917217848323375e+01 2.882151255714332194e+01 1.011367599870046874e+01 3.050318303457224189e+01 4.152942633173641696e+01 4.078213894669828221e+01 3.844875517194346770e+01 3.970197256457852575e+01 4.833111080571026719e+01 6.327094601098605864e+01 5.728583297806419239e+01 7.772028706740221082e+01 8.175193349237810025e+01 7.350779010706567362e+01 6.046989664513235141e+01 4.051364825986728135e+01 5.154519103756839371e+01 3.648892035316597315e+01 4.300432063540456795e+01 5.297253190198091488e+01 7.295929291860956312e+01 7.851271289203056369e+01 6.998802803766990621e+01 5.109062594341600771e+01 7.123194206900646464e+01 5.732356017683842708e+01 3.732207187167950480e+01 4.203611996242239002e+01 4.629534344319552019e+01 3.599148433195584573e+01 1.598954558663142933e+01 1.773785503999427959e+01 3.768877211694071150e+01
4.264329497095359045e+01 5.265829788409335066e+01 5.712806032731831607e+01 3.719765805851378815e+01 2.297259266842266356e+01 1.127060700499510837e+01 3.048061374578324489e+01 1.292738282493997382e+01 3.313572816720123626e+01 2.056967744320026981e+01 2.415968717027324786e+01 2.801470746620325869e+01 3.514539826676612222e+01 4.282370795520552065e+01 6.327094601098605864e+01 7.877896453197075743e+01 8.897089145072997951e+01 7.115416545689929251e+01 5.116572884380348540e+01 6.046989664513230167e+01 6.158096364572793391e+01 4.161252871802054898e+01 6.158096364574119974e+01 7.124043193614971869e+01 8.123147831222262027e+01 6.998802803766990621e+01 4.945502320978096122e+01 4.249546155738141096e+01 6.249899364551563252e+01 6.102775457962819416e+01 4.789476816723757935e+01 2.789391437098063165e+01 3.800583634862090321e+01 1.800468475952452252e+01 3.599064246405008305e+01 3.768877211693497742e+01 2.098374738820791308e+01
5.265829788409335066e+01 3.252950070349724143e+01 4.407566312578682499e+01 4.093214424323429057e+01 3.221402773056665580e+01 1.206473724282925453e+01 3.221442509861147130e+01 3.313572485223134123e+01 1.564282838176311685e+01 3.580617490183262674e+01 4.442121716003379106e+01 4.833111080571026719e+01 3.625697288880809310e+01 4.268028386631817739e+01 4.989824405317686740e+01 6.014376890028066214e+01 8.057966039679516257e+01 7.943197487839432824e+01 6.270192325133339040e+01 7.943197483796801350e+01 6.735081845699134817e+01 4.736345508866584453e+01 6.149474529741632978e+01 8.148862970496870162e+01 7.858849117129085471e+01 6.857524271547542583e+01 5.546900108573314725e+01 3.627151800095662537e+01 4.930335108251455267e+01 4.101598823078677469e+01 4.451428737697832361e+01 3.994055764764974015e+01 2.005112340695498929e+01 3.800583635098412572e+01 3.800740645141193141e+01 4.507801605516720400e+01 2.507418789927307046e+01
3.493819665014450493e+01 2.780622010209269135e+01 2.394847130587501738e+01 2.082339524139364428e+01 3.289779544034053771e+01 1.283285485077046495e+01 3.222903507096132358e+01 4.398510682316305775e+01 3.580617490183262674e+01 1.888927377602106006e+01 3.905478111009229991e+01 5.081890838226808427e+01 5.666103378517095024e+01 6.312678523624221327e+01 7.036171464853788393e+01 7.877896453197075743e+01 8.897089145072997951e+01 9.097402271219397107e+01 8.270014321112421385e+01 7.889485932085796094e+01 5.889999402459773847e+01 6.735081845699205871e+01 7.562592038118448556e+01 8.444936769470892557e+01 6.441210154783627218e+01 5.026674468858323053e+01 4.026458475346012023e+01 3.209673461838685427e+01 2.929761150946648129e+01 2.687417267249026409e+01 2.451881059211428138e+01 2.219490869854549686e+01 3.995692725207138096e+01 4.834352886570575691e+01 5.802904759743516649e+01 4.346677041869406821e+01 2.935742518348989449e+01
