LEM/with_lateral_4open/elevation_000330.asc
nrows	100
cellsize	150.0
xllcorner	0
ncols	100
yllcorner	0
NODATA_value	-9999
[rows 17 to 33 of 100, columns 0 to 36 of 100]
5.222468517465790605e-02 1.419436030890573264e+01 3.419436030890643963e+01 4.518882401612606969e+01 5.347309526358827014e+01 5.386859789033564283e+01 5.982977488630525187e+01 6.240622702481767448e+01 4.672559742169408281e+01 4.672559742169408281e+01 3.463098549987412156e+01 5.453104160736064898e+01 6.004516915835956326e+01 4.321348858099585044e+01 3.782926030582080301e+01 4.358123062976712703e+01 5.179539935385830063e+01 6.189574469413838642e+01 8.206145999585160666e+01 9.156937707700481610e+01 7.999432201143069676e+01 7.096222256276388407e+01 5.131729456852832527e+01 5.107456235492237795e+01 3.093766468578515472e+01 4.516119558719349669e+01 6.535068479630258764e+01 4.817000418347674184e+01 4.817000418373135773e+01 5.055959735537089728e+01 3.391650775471774182e+01 5.406761006226876276e+01 6.485854261028487144e+01 8.510223339170769918e+01 8.924273563078673988e+01 7.580394433502307550e+01 5.599570545091804519e+01
7.333276091007127906e-02 1.421546838464114693e+01 3.421546838467661189e+01 4.674090586103217504e+01 3.836400918491585088e+01 3.360131770175222954e+01 3.952384134738198895e+01 4.780150100785212430e+01 3.412060865507345397e+01 2.686096190065364198e+01 4.308193059117942880e+01 4.382438568267086509e+01 4.627812395452233574e+01 3.172592808345529036e+01 5.171975416674764858e+01 6.373884422775554270e+01 5.783226631508049564e+01 7.799858473174900553e+01 9.033932417137002346e+01 8.332506140227407343e+01 6.312817313042096856e+01 5.147620385957937827e+01 4.247663406859402357e+01 3.487403263306678980e+01 5.107455698101976083e+01 4.516119560202592709e+01 6.535070212045944515e+01 6.836453947984772128e+01 5.863356727170513238e+01 3.847084617189370448e+01 3.910950248463956314e+01 5.035932307524143425e+01 6.463686962133701286e+01 8.488563255621112091e+01 8.102192668809021825e+01 6.118499068648675632e+01 5.762072256521773284e+01
6.343274376862209629e-02 1.920014384279902586e+01 3.369706515835840577e+01 2.673530990500951177e+01 1.833861258974479824e+01 1.937677467382302510e+01 3.178621183080259271e+01 2.784902809605842577e+01 2.003468443025192514e+01 3.814748541372286184e+01 2.148889090665819523e+01 2.389212351767517362e+01 2.634385999907800624e+01 4.627812395452234284e+01 5.938005447512013291e+01 7.352895522696341857e+01 7.799858473174900553e+01 8.628641001851764258e+01 9.309333570493286913e+01 7.287372310113259744e+01 5.856103010192104108e+01 4.848548511690447071e+01 3.948860534184957771e+01 5.502685625956208781e+01 5.502685566380667836e+01 6.535070201323485151e+01 7.372663790806100792e+01 7.205980955014173617e+01 5.183925442486955149e+01 4.177930606244096623e+01 5.927408214202220904e+01 4.699970353004829349e+01 6.126209962692517053e+01 8.152013744887669588e+01 7.885039932059818568e+01 5.901568209392340236e+01 4.509503677719624903e+01
3.497053469895897854e-02 2.003497053450515253e+01 2.310071317844806060e+01 5.253241382606698373e+00 6.796274840320796429e+00 8.977901672620125950e+00 1.161607566898972976e+01 1.370564184211412417e+01 1.591257310050492002e+01 1.813485154327966953e+01 2.644348856858562158e+01 4.252948764804033743e+01 4.627812395452234284e+01 3.107205165747573261e+01 4.515936519504858637e+01 6.452778014627816106e+01 7.807870764511474704e+01 8.180414300930978300e+01 9.022226942344298095e+01 8.711761793897576922e+01 6.917449684681794508e+01 4.897285864660552335e+01 5.965226884563964660e+01 4.555345349060110038e+01 6.573820448797697225e+01 8.361282494496418849e+01 9.232319669058944100e+01 7.205980955014173617e+01 6.551721375760261878e+01 4.533535797559457592e+01 6.551721375759423438e+01 5.411386218657915492e+01 6.719554153144122211e+01 8.745156363632723640e+01 7.542351218931763412e+01 5.559576640998080421e+01 5.901568209392340236e+01
9.635555453094322986e-02 1.591225740033973768e+00 3.090289118005313362e+00 2.023022946908070097e+01 2.643784846221155149e+01 9.223694038284724783e+00 1.207713448063478978e+01 3.206892353012090524e+01 3.591935234208702354e+01 3.814748578829298253e+01 3.681951495807125951e+01 3.826332495828592073e+01 5.596470582469179789e+01 5.105495041238151543e+01 3.616793635601434431e+01 5.029342088469107352e+01 6.739131695244985565e+01 6.155383433415061489e+01 8.181777720691225397e+01 8.940866240726433034e+01 6.917449684681794508e+01 5.798282359127415475e+01 7.025677674494647817e+01 5.004904383879907215e+01 7.025679945680104765e+01 9.032489585389991760e+01 9.531449573228906047e+01 7.503005671229823292e+01 6.070137606259334717e+01 4.906753448402957929e+01 6.926842494282651330e+01 7.435014953731055698e+01 6.577784341661445922e+01 8.606013746719062851e+01 8.364532606900544920e+01 6.549355701088249759e+01 7.885039932059818568e+01
8.845047570523793812e-02 1.983369086889327804e+01 2.014790017745761475e+01 1.898842357622169175e+01 3.485235502067244084e+01 2.059750876792060126e+01 3.205939641114049010e+01 1.648530613658801514e+01 3.648654280028956265e+01 4.963642512267539786e+01 5.556321425863868058e+01 5.596470582387031811e+01 6.396013271761419361e+01 6.456603229713098813e+01 5.623695442456052973e+01 4.190492343479214554e+01 4.726354202295084406e+01 6.750390410566417643e+01 8.745936229957895591e+01 9.475897489149981823e+01 7.451366759741011947e+01 7.822875070604446535e+01 7.636165756027388340e+01 5.611413383269388078e+01 6.169142203260897617e+01 8.195732261124921081e+01 9.188751233389602646e+01 7.159534424974687283e+01 5.728062623855030466e+01 5.728062623855030466e+01 6.070137606259334717e+01 8.097123134870247441e+01 7.748934915899880593e+01 9.443462502884841570e+01 9.357285821532644832e+01 8.535346736775289855e+01 9.357285821532644832e+01
8.023991185656004221e-02 8.250277147702613334e+00 2.823985644689482299e+01 3.752761298457542694e+01 4.493661251978797111e+01 3.473527777164724029e+01 4.475562898107583720e+01 2.647529284409392858e+01 2.133245401492699500e+01 4.133879257697435605e+01 5.123025103052960816e+01 5.952903508476002514e+01 6.955805114304800441e+01 8.214099349504181191e+01 6.204921038747894357e+01 4.949784128615461753e+01 6.741775736875845837e+01 5.892586553010936257e+01 7.323685268751339095e+01 9.341743358569408429e+01 9.475897489149981823e+01 9.070114312320151839e+01 7.042204816265621048e+01 6.514635151446759664e+01 7.602200493911132639e+01 9.032489585389991760e+01 9.188751233389601225e+01 7.159534424974685862e+01 6.631700553652160579e+01 6.631700553652160579e+01 7.239470623822219864e+01 8.935310229061690279e+01 9.776805202663913974e+01 1.061251360891838829e+02 1.009070454370807113e+02 9.376249294596404127e+01 8.553350286862797702e+01
4.598823041778624804e-02 2.003851649931562662e+01 2.241687817708027453e+01 3.655158360808703577e+01 5.635157809972669440e+01 5.476752890550774566e+01 5.479479145510608618e+01 4.062124955983323815e+01 4.133879258422025771e+01 2.648880149926769079e+01 3.119387743592454498e+01 4.119170416927041600e+01 5.538330986901758024e+01 7.547762282313793492e+01 7.798188643699087663e+01 6.379589236869237112e+01 6.598079633322963389e+01 7.914566337547155683e+01 8.745936229957895591e+01 9.457849951659849808e+01 1.030363438934580671e+02 9.905384479111749840e+01 9.070114312320151839e+01 7.686507264869774758e+01 9.379857514790300854e+01 1.046277867686884093e+02 1.002546628005542431e+02 9.188751233389601225e+01 7.646880364782001038e+01 7.646880364782001038e+01 9.268698252568722751e+01 1.010526648918569350e+02 9.759955352214598179e+01 8.934715854686201908e+01 8.088473263239183098e+01 8.553350286862797702e+01 6.543461410934581579e+01
7.340434288523949025e-02 1.422312679639386523e+01 3.436985988353380606e+01 5.047998447841066394e+01 5.075005840620485742e+01 5.075005840620938358e+01 5.903432964651536707e+01 6.068502291394120363e+01 5.255060714268118716e+01 3.250832687028649559e+01 5.123025099399897186e+01 4.013353191120523178e+01 6.020768546094014795e+01 7.922249882291528422e+01 9.078671593938156548e+01 8.415934274820695293e+01 8.599348445437112787e+01 9.403830839547532605e+01 9.115517333528966049e+01 7.393353847896706554e+01 8.995962594245739297e+01 9.843314057581325471e+01 1.054809637839831851e+02 9.714181122207348551e+01 9.900223563362439450e+01 9.900223754137005017e+01 1.073364150174384690e+02 1.051245569199146814e+02 9.084022073402204001e+01 9.084022073402204001e+01 1.051245568624366911e+02 1.024182573028419938e+02 8.934715854686201908e+01 6.922715997372391428e+01 6.660718030421374181e+01 8.174245599049103816e+01 7.132144233262539501e+01
3.515918393995972474e-02 2.003515918393960504e+01 2.767472737711708319e+01 3.175721028175575000e+01 3.075005840621283681e+01 3.075005840621284037e+01 5.075005840620836750e+01 6.276375473794513482e+01 6.084866921290485209e+01 4.250979665291254861e+01 4.666779697955020367e+01 6.020768512684632157e+01 5.085071145527184200e+01 6.246028472927969943e+01 8.255330182285152318e+01 7.588437772347140253e+01 6.723295234095304806e+01 7.588437772347140253e+01 8.189077615498888463e+01 6.185857709709772223e+01 6.925202485054910539e+01 8.651999996714602048e+01 9.726033321028114642e+01 8.888089723352402416e+01 7.853307729704312123e+01 7.853307730622553606e+01 9.900223754137005017e+01 1.092630132224614385e+02 1.110720233761200717e+02 1.110720233759512752e+02 1.082860189588599553e+02 8.834045667796546297e+01 7.409086684164076075e+01 6.397522524833286184e+01 5.495085895020226729e+01 6.159615599637858452e+01 7.580622483137004508e+01
4.608085242692564615e-02 3.825725582519206469e+00 7.674727377116727922e+00 1.175721028175539296e+01 1.660792278248213805e+01 2.293247810281900811e+01 3.447948348661193307e+01 5.447948348661397944e+01 7.087853166232444835e+01 5.670609776945084946e+01 6.087231300068818740e+01 7.502905638869917482e+01 7.095259299504613182e+01 7.922249882291528422e+01 7.507767440173233808e+01 6.545545066437543369e+01 4.638691754752503016e+01 6.545545066437543369e+01 7.335683757319789322e+01 5.246347588534668915e+01 5.716029618014724178e+01 7.800408687777280647e+01 8.540619143465396235e+01 6.822094364709430181e+01 6.378246548375962277e+01 7.120954563200415066e+01 8.052887116675441348e+01 9.502436294540063955e+01 1.152264835087060391e+02 9.771575878494068945e+01 8.946228238033999958e+01 9.024992120216276703e+01 8.197504556733845504e+01 8.341335674640475872e+01 6.749688769864992821e+01 4.737561810621651404e+01 6.749688769864992821e+01
1.610643649003322755e-02 2.001610643648967880e+01 2.767472737711708319e+01 2.589934590548659443e+01 2.808714190031020408e+01 4.293247810281985011e+01 3.558158874349297207e+01 4.972372436722442046e+01 6.972372436723260591e+01 7.679983666460556435e+01 8.095011048936072484e+01 7.651607458499275083e+01 6.834981218624299970e+01 7.623260089622775126e+01 6.645211308980935883e+01 4.584897408290311915e+01 3.662289055720382436e+01 5.669274936289534139e+01 6.596991870756643550e+01 4.505211793920219776e+01 6.596991870756643550e+01 7.915954412704145682e+01 7.066596669229751626e+01 5.610119787950983294e+01 7.695303090460487283e+01 9.181265454787354940e+01 1.001764796717746862e+02 1.092630132224614385e+02 1.025442582910312268e+02 8.946228238033999958e+01 6.933005909697483560e+01 7.522665077631080521e+01 6.180706800228154663e+01 6.593173049179006284e+01 6.173652415104271540e+01 4.296213470687094826e+01 5.681454539977202245e+01
2.022278438842990689e-02 1.416235840811950553e+01 3.416235840812021252e+01 4.589934590548730142e+01 4.808714190031091107e+01 5.637141314854871155e+01 5.558158874349537371e+01 6.386585999513933842e+01 7.387032851604499228e+01 6.585450144123996097e+01 6.585450144123996097e+01 6.526469862415599721e+01 4.796477393823501956e+01 5.886130161158060758e+01 6.243566997173295618e+01 4.946118868950802749e+01 2.974002558013790321e+01 4.962971942165422945e+01 6.089660682382576340e+01 4.001622264938619367e+01 6.089660682382576340e+01 7.066596669229751626e+01 4.976363237318624755e+01 7.066596669229751626e+01 8.540771445477574275e+01 8.082258330817741410e+01 8.925173091802537328e+01 1.011005818926299327e+02 9.430147437600088267e+01 7.419903883515743814e+01 6.407331706111689584e+01 5.504167177891449825e+01 5.017085882229536509e+01 4.581227525951209145e+01 4.169574091506398617e+01 3.930943615676891056e+01 3.702469371532628628e+01
6.642187732006160639e-02 2.006642187731970495e+01 3.300993938829254404e+01 4.130634069886680493e+01 5.131682802897473294e+01 6.489839034392861095e+01 5.632109453608010341e+01 6.489839034392861095e+01 6.585450144123996097e+01 4.667156845400666043e+01 4.667156845400666043e+01 5.698414509476373269e+01 3.724879222119768230e+01 5.180255856192332686e+01 4.959227093202938619e+01 3.341601268942974201e+01 2.443634203133020577e+01 4.486601955025565047e+01 4.996074268523617690e+01 3.544070884617160289e+01 5.622761098278999015e+01 6.664331057702068506e+01 4.572244262132238646e+01 6.664331057702068506e+01 7.195523725281506700e+01 6.002672854347109421e+01 7.212220390347529531e+01 9.270945212416620507e+01 1.025418053403299865e+02 8.946228251446518698e+01 6.933005909701124381e+01 6.933005909679587830e+01 6.629342706669284269e+01 4.617068864435888287e+01 6.173652415104361069e+01 5.925076888324427671e+01 5.092929416608925663e+01
1.591255364720534082e-02 6.340467882589750914e+00 1.300713480028419511e+01 2.300717692172215223e+01 4.301298603688518796e+01 5.467271434496730365e+01 3.597581097960043905e+01 5.467271434496724680e+01 6.550879594872085931e+01 5.229011944292014391e+01 3.288012983252779975e+01 4.952672556038449159e+01 3.021646242997240961e+01 4.952672556038449159e+01 4.213082589143498069e+01 2.176900349723139882e+01 4.213067416971776424e+01 2.731107671951134463e+01 2.936354727682705956e+01 3.177975742749247701e+01 5.247666928054190549e+01 5.876033174914098112e+01 4.190621200708721261e+01 4.636560256254261958e+01 5.106198332338335177e+01 7.195523725281506700e+01 7.326395015398030353e+01 8.522633172903807974e+01 1.055776911104825331e+02 9.771576857665523619e+01 8.946228248456250753e+01 8.946228161941193946e+01 7.267165309748459379e+01 5.250193140402789282e+01 5.161524665008711565e+01 7.178216778480489779e+01 7.102279876297914996e+01
6.189296070378335485e-02 2.006189231043331134e+01 3.300774138558669080e+01 4.130216405756549847e+01 5.131608140817738217e+01 4.614845275784021794e+01 2.606070663558031342e+01 4.614845275784021794e+01 4.650121000852669795e+01 4.542762445799526461e+01 2.585054595528974630e+01 3.667367889930734037e+01 2.447079822959182849e+01 4.399808028232147450e+01 3.762727086282535538e+01 1.992573292727137257e+01 4.025437796707265647e+01 4.782725647943104974e+01 4.385169124918121497e+01 5.235961958136230976e+01 3.530811073758303564e+01 3.788974774412672275e+01 5.876033153455622227e+01 6.728337424738188588e+01 6.589406582304209792e+01 6.589406582324129147e+01 8.658819959692615953e+01 1.021753214867092225e+02 1.138683947506340104e+02 1.076111886452724207e+02 8.765627125573112721e+01 7.340044574809552103e+01 6.328495977991750010e+01 7.267165309748459379e+01 5.563351118598244938e+01 7.581933193451052944e+01 7.397180360438068192e+01
2.247884206357958492e-02 1.995309586203934060e+01 2.095274049342894429e+01 4.090822789949947236e+01 3.858205279471280136e+01 3.113385355407440969e+01 1.945308931770326311e+01 3.641221147081239451e+01 3.289356269868238059e+01 4.012397986707355102e+01 3.176127779358806080e+01 1.687608478196779771e+01 3.423848778033792684e+01 3.562888743597683572e+01 1.732770295452937148e+01 3.762727086282462352e+01 4.160794315851794067e+01 4.995895511434882508e+01 6.446104939708523318e+01 6.437541867355612624e+01 5.610976700718544663e+01 5.265750547739619947e+01 5.265750547741910026e+01 7.349385775516812203e+01 8.658819880421384596e+01 8.658819957054801364e+01 9.498713031567611154e+01 1.005189270780061577e+02 1.005189270780186206e+02 1.088351814618656164e+02 1.017393780448278449e+02 9.172005245042477384e+01 8.345068849460673732e+01 8.003020186332690855e+01 5.983557911813928598e+01 8.003020186332423691e+01 7.580565347303944179e+01
