LEM/with_lateral_4open/elevation_000130.asc
nrows	100
cellsize	150.0
xllcorner	0
ncols	100
yllcorner	0
NODATA_value	-9999
[rows 51 to 67 of 100, columns 37 to 73 of 100]
9.052848898245810005e+01 8.086478325993047633e+01 6.112275177152887551e+01 8.086478325993047633e+01 8.207840803916361949e+01 6.502854817997894088e+01 8.161187810129744946e+01 7.798223915946215357e+01 8.756145471190335172e+01 6.777550117262963170e+01 8.756145491523761848e+01 1.025559591196240348e+02 1.071181154371861481e+02 1.153699854744538982e+02 1.194659662387720829e+02 1.028790986521515123e+02 8.310677480141842466e+01 9.299293672678494715e+01 7.586942678441923249e+01 7.847627752035796789e+01 7.526530984280665848e+01 7.807295642683907033e+01 6.087058043218433312e+01 8.136881057559958208e+01 8.411322310230458754e+01 6.494248628479441265e+01 8.411322310138879743e+01 7.214413404861029733e+01 5.222972682783265697e+01 6.275629628424456996e+01 5.123478388007806927e+01 5.377836153499959693e+01 3.411542702178221731e+01 5.371867563164459369e+01 5.436514218137269694e+01 3.957088090534772817e+01 5.929696722164894140e+01
7.129849569461389081e+01 7.428408010241393811e+01 5.456750572502899388e+01 6.589452160431441996e+01 6.230037178154424282e+01 5.754568371841588004e+01 6.181239459117180957e+01 7.535757855214458800e+01 7.802957788306244424e+01 6.371706128082644227e+01 8.352266388074566805e+01 9.462296068640665681e+01 8.736154124821621281e+01 1.013076532564177654e+02 1.211458123917147134e+02 1.110180692634575337e+02 9.206492958388311365e+01 1.040005013525093318e+02 8.597521143590290649e+01 9.839424749419575278e+01 9.524160832036224633e+01 7.540046853942506289e+01 7.031427346379554422e+01 8.971189088079368901e+01 7.926051783084500357e+01 8.010137713598791720e+01 8.623669456959122215e+01 6.630680435612322299e+01 6.630680435612322299e+01 7.928349642197950686e+01 6.612668464992297856e+01 5.244949290959041122e+01 3.280910125192909277e+01 5.068193499134492441e+01 3.470111111083200939e+01 3.876215573002979653e+01 4.291800539828745542e+01
5.164093702692809273e+01 6.147075101618784743e+01 6.240991665109858388e+01 4.629820282434711487e+01 4.842742808796634790e+01 5.061382691671065714e+01 5.298279275025235791e+01 5.555430499809001077e+01 5.821350899081615182e+01 7.802957788306244424e+01 8.784930157188829014e+01 7.487452052488470144e+01 8.627536341750342785e+01 1.002179267908828706e+02 1.200478970747160616e+02 1.197834281388290520e+02 1.033926494370157201e+02 1.138588597593879257e+02 1.057054116810759865e+02 1.138588597593879257e+02 1.042797383165837175e+02 8.989940700469523449e+01 8.689941933334529267e+01 9.139776152207693372e+01 9.110091699333081294e+01 1.012592023613332941e+02 9.440652292167671078e+01 8.623669457013853901e+01 8.623669456900921659e+01 7.210385183040116885e+01 5.791569070291781429e+01 3.820609686585554243e+01 5.065758753895860167e+01 3.107870820375068632e+01 4.910218616071636433e+01 5.729858615609374084e+01 6.269184729100813769e+01
4.045335015201686701e+01 4.198537662833777517e+01 4.350598381882922183e+01 4.588568503329315718e+01 6.546580138789087755e+01 7.034144303673377863e+01 6.439148306480105077e+01 7.535757855214497170e+01 7.802953767785017192e+01 6.382624573975351012e+01 6.806507912097976032e+01 8.784930157188829014e+01 8.543148511867170214e+01 9.937163202661261607e+01 1.191952025451894173e+02 1.310913927404555466e+02 1.228775684398476500e+02 1.160863992705962744e+02 1.079202414435350192e+02 1.053760669266380461e+02 1.135353173338612010e+02 1.101343275993090600e+02 1.109435898102329503e+02 1.107794463402543528e+02 1.086284483489886696e+02 1.016750593362200163e+02 9.177511873076608140e+01 8.360834758520645948e+01 7.694592413899061967e+01 6.388445046801021476e+01 4.408831504597565498e+01 5.791569070291781429e+01 5.869967716061132279e+01 4.885532679083334529e+01 2.953697820199179702e+01 4.755283817378866473e+01 5.249064501271403316e+01
5.782834838441833369e+01 6.147075101618771953e+01 5.199223215404646936e+01 6.522710037312484133e+01 4.934640964253577522e+01 6.903201003695994586e+01 8.418518741857515408e+01 9.239825260840417798e+01 9.183900946733199078e+01 8.363129116248497041e+01 8.784930157188829014e+01 9.606056991648979704e+01 1.051778214041739545e+02 1.015372206371135775e+02 1.213766371747784802e+02 1.240175427914336268e+02 1.174777199304690072e+02 1.079202414435350192e+02 8.826677730341241102e+01 8.571222704253187885e+01 1.021765882870043072e+02 1.050605092974694514e+02 1.046913144888476523e+02 9.658513973784458528e+01 1.046913144888476523e+02 9.354289634673138210e+01 7.367379882374707734e+01 6.362107724658490326e+01 5.696951115672433019e+01 5.101532481287200227e+01 5.805079645290683032e+01 7.210358763573567842e+01 5.965857266467658349e+01 3.991738037390156535e+01 4.755283140620834104e+01 2.802207530845982575e+01 3.221713363955546328e+01
4.953294332645329945e+01 6.916008242828216623e+01 7.198589198076770401e+01 7.156092989126379678e+01 5.185797440003861425e+01 7.160399490601662364e+01 8.015856062317691055e+01 8.447709469722136078e+01 8.901181922962797444e+01 9.448613160697938440e+01 1.004332535641543416e+02 1.074142970756881397e+02 1.156813971266104915e+02 1.213766371747784802e+02 1.223623711418150322e+02 1.043980742085398958e+02 9.784367512067058215e+01 9.784367512067056794e+01 9.256970917296165169e+01 7.425740795606333222e+01 9.402314367624762781e+01 8.538141113836067575e+01 9.486796400759892833e+01 7.690668353179540873e+01 9.486796400759892833e+01 1.016750593888397276e+02 9.177511873076608140e+01 8.360834758520645948e+01 6.727015265688532963e+01 7.092280900086049655e+01 7.796813710946481990e+01 7.372306110143202318e+01 5.383471810873233210e+01 5.965890627141149594e+01 4.642961183535852143e+01 2.698305200571205731e+01 4.311178901853812562e+01
6.916008242828219466e+01 6.553503387705374905e+01 8.528969877406427713e+01 7.655210446232980814e+01 5.675931495581748720e+01 5.623748357282465804e+01 6.035701913804268770e+01 6.468708541166667203e+01 6.924541325607286524e+01 7.474821763253180507e+01 8.070888144972076361e+01 8.766892424863260658e+01 9.902608923631674998e+01 1.188728020764931443e+02 1.141884406214307575e+02 9.460770779564914790e+01 8.473487694493185529e+01 7.811030147483127450e+01 7.279100678040346395e+01 6.796439033714756306e+01 8.247868400985221626e+01 7.137038453484052525e+01 7.712494604300994183e+01 6.697290849874909213e+01 8.674372289370744227e+01 9.202785525279354317e+01 1.006025813662084403e+02 9.533880460081755359e+01 8.717526593728963746e+01 8.804368066283628025e+01 7.986252689568871688e+01 8.195996040850225484e+01 7.372306109433741028e+01 5.894771497905301061e+01 4.544325785738298862e+01 2.594062243886426700e+01 4.401828011097549620e+01
7.962869601562121602e+01 8.528969877406427713e+01 8.431299489566683292e+01 6.452652901444643874e+01 7.655210446232980814e+01 7.602965380297732167e+01 6.346559417195415165e+01 8.325613903371264257e+01 8.901181922962797444e+01 8.538363092433206702e+01 1.004332535641543416e+02 1.074142970756881397e+02 1.156813971266104915e+02 1.271718598727032798e+02 1.223623711418150322e+02 1.125496158110032638e+02 1.043980742085398816e+02 9.784367512067056794e+01 9.256970917295123513e+01 8.247868400982714832e+01 6.265087259962798072e+01 5.990213647201355940e+01 5.730890353458984521e+01 5.995687261581355187e+01 7.975409379239822272e+01 7.180140666275480044e+01 8.858369906017404105e+01 9.958153063686742712e+01 9.281676907210463412e+01 7.986252689568871688e+01 5.998541593876043976e+01 6.580728694627343600e+01 6.086027431850025948e+01 5.076029998316185043e+01 3.118824954055213894e+01 4.305150957482349128e+01 2.451185132427326607e+01
6.297543725323937736e+01 8.288081275956541560e+01 9.027198017385501316e+01 7.050826187485303365e+01 9.027198017385501316e+01 8.950688468318769253e+01 6.974029135645814392e+01 7.962728241363292625e+01 9.940269934278828146e+01 1.051554058789280219e+02 1.134134114268954221e+02 1.148312284135535322e+02 1.148312284135535322e+02 1.230489863791363376e+02 1.286375268845962125e+02 1.173061937378294175e+02 1.091510669960941158e+02 9.417984409256946776e+01 7.441732177994609287e+01 6.927920541534430754e+01 7.412633689940273030e+01 7.394484273760107840e+01 7.350736791554049887e+01 5.371966936706588314e+01 6.978387308369413233e+01 6.033262277005739804e+01 7.177631284338703210e+01 9.147928625328412977e+01 8.465002422283947681e+01 6.475104225023797255e+01 5.481462999392973501e+01 4.601923643091982541e+01 4.114227735710120726e+01 3.689834676017239445e+01 5.076029998316185043e+01 4.301773057307936199e+01 2.349611217170689770e+01
7.962869601562121602e+01 9.111774507257122480e+01 9.725231803497177907e+01 7.750894108869650267e+01 9.725231803497177907e+01 9.648739915457014149e+01 7.674352267902871461e+01 9.648739915457014149e+01 1.076477012777916542e+02 1.111681768698721555e+02 1.029727256582571471e+02 9.510603291220866140e+01 9.510603291220866140e+01 1.148312284135535322e+02 1.204474474399939936e+02 1.008815425695319306e+02 8.953613269570868738e+01 8.253131492652097734e+01 9.417984409256946776e+01 8.331022883826615555e+01 8.811472492764151809e+01 9.376582500972706669e+01 8.168711233019523377e+01 7.023208474741930729e+01 5.048849458499550025e+01 6.184555917445935336e+01 7.566588286580326894e+01 9.456460264867723708e+01 9.281676907210463412e+01 7.986252689568871688e+01 5.998541593876043976e+01 6.580728694764732722e+01 5.247342019995087270e+01 5.655745462192743389e+01 6.001216348798070754e+01 4.202767677749147168e+01 2.248583104298999302e+01
9.010933826561449678e+01 1.000562180364538278e+02 1.054880028729762955e+02 8.889352144909176445e+01 1.054880028729762955e+02 1.047234213651766765e+02 8.813016023398056120e+01 1.047234213651766765e+02 1.045378499755709640e+02 9.875024115242038647e+01 8.318977100034676653e+01 8.108669312170520982e+01 9.510606929475305549e+01 1.148344236896985677e+02 1.186240888576932946e+02 1.173061937378294175e+02 1.091510669960941158e+02 9.647634290135998469e+01 1.103636784772992030e+02 1.029997481789666125e+02 1.076307230913836150e+02 9.552659921187775183e+01 8.210114499124566123e+01 6.232259573841734124e+01 4.840689047349583518e+01 6.225564873671027044e+01 8.159606219656508586e+01 8.665389223860636037e+01 9.482204416072895015e+01 8.804368066283628025e+01 7.986252689568871688e+01 8.051256084048948480e+01 7.231693010227289165e+01 6.169151415788851267e+01 4.196292358350721230e+01 3.222417988506403219e+01 4.054195540322786684e+01
7.192219348602283446e+01 8.604424106881145917e+01 1.058197293922359137e+02 1.086706465163503736e+02 1.169365015646753960e+02 1.161710781794535023e+02 1.079035998255915416e+02 1.043816598111847327e+02 8.471887736704250926e+01 7.890689618854821674e+01 7.163217716692692250e+01 8.318977100034676653e+01 1.029727256582571471e+02 1.128356336130823365e+02 9.890321791977500254e+01 1.128643046371503118e+02 1.187694956672727216e+02 1.160732375984145079e+02 1.164644827691486029e+02 1.058819505508437544e+02 9.771799141458137683e+01 8.736179862717131073e+01 6.758903541076331578e+01 5.617526090997800026e+01 4.638540391010275243e+01 6.606063267233788849e+01 7.268456878020316481e+01 6.689828554655585435e+01 8.665389223860636037e+01 8.462865900990325940e+01 8.207948606168281458e+01 9.025553955576101828e+01 8.149216600416379208e+01 6.169151415788851978e+01 6.001216348798070754e+01 5.182698186411179364e+01 4.870013905263716936e+01
7.457089203320879278e+01 9.445523010793068863e+01 1.068383455617904332e+02 9.864178007824904171e+01 1.068383455617904332e+02 1.074216178586751909e+02 9.922181244473195250e+01 9.618712555967309186e+01 7.632353701622687936e+01 6.467866872738810002e+01 8.471887736704250926e+01 9.974604050373422126e+01 1.111681768698721555e+02 1.040230943210648462e+02 8.490060732738974991e+01 1.040230943210648462e+02 9.902824130152717430e+01 1.130050571785364042e+02 1.066187060279719532e+02 8.860372840929160532e+01 7.798815537977600343e+01 8.160864774989815373e+01 7.611619213940039685e+01 6.407313450914244868e+01 4.442666631614167727e+01 6.129470443709696070e+01 5.295673124050310321e+01 7.143119975297935298e+01 6.992036780089574677e+01 6.511456206988647466e+01 6.259499297815685992e+01 7.896316870215800066e+01 7.762775934789655707e+01 6.800178892678340503e+01 5.984146662443512099e+01 5.042862947691615716e+01 4.076312237031928021e+01
8.866120032056879552e+01 1.026802053338121112e+02 9.692485872372039069e+01 7.879877048817903074e+01 9.692485872372039069e+01 9.922181244473195250e+01 7.937073094118903782e+01 8.518497809968998524e+01 8.078865298407480111e+01 6.067651616955053839e+01 8.078865298407480111e+01 9.679752081203035630e+01 1.109468231270738130e+02 9.583410665174798737e+01 7.595250905596616064e+01 9.228747047039378515e+01 8.500995585953312172e+01 1.048103208361254985e+02 9.846219751138620779e+01 7.874525930719705968e+01 6.881867052647270100e+01 6.180512898733712035e+01 5.633130310125593354e+01 6.889174492312591269e+01 6.129470405878436168e+01 4.168631031392339281e+01 5.902285048156767999e+01 5.172891624942887745e+01 5.022884101867723672e+01 5.140620382880343442e+01 5.140620382880343442e+01 7.083010873488561288e+01 5.784035079898662701e+01 5.784035079893123310e+01 4.024550247815159310e+01 4.229731384207467215e+01 2.280040106104129194e+01
1.084432554013737189e+02 1.013604019910774383e+02 8.872027528321400780e+01 6.874387538078372017e+01 8.502607953989901546e+01 9.324225816290910984e+01 8.518497809968998524e+01 6.515237257830318640e+01 7.705390923023672656e+01 5.688831881932885892e+01 6.860760499578226757e+01 8.859177538259359608e+01 1.025828657388319698e+02 8.288785080268557692e+01 6.922394439333645266e+01 7.234786604756098427e+01 8.648990563100942097e+01 1.062840301343729976e+02 1.066187060279719532e+02 9.676368276101557342e+01 8.762922944436355976e+01 6.785126415242081066e+01 5.795425346335873940e+01 4.917426509352149822e+01 4.602271542495928003e+01 5.902293682191404400e+01 3.945544364431516726e+01 3.789889888141701135e+01 3.640250700645844972e+01 4.018345820581185990e+01 5.961571200864341336e+01 7.000187399970720037e+01 5.783046735030487895e+01 3.822125253324360017e+01 4.384142889871793614e+01 2.437088152451660861e+01 4.229678111305882027e+01
9.824294297428789946e+01 9.315842594289374290e+01 7.323832684399877735e+01 6.157494517255287292e+01 6.499107057255254460e+01 8.170875912557205822e+01 7.761336483328143743e+01 5.747273145953054296e+01 6.902391153519874933e+01 5.340786789893821407e+01 6.773609216522795862e+01 8.774145816457324543e+01 9.438585451945228044e+01 7.447072789639665302e+01 6.279965374480666185e+01 8.288785080268557692e+01 9.503964630579321238e+01 9.503964630579322659e+01 1.148357336965199380e+02 1.073217485081268734e+02 8.762930337526613300e+01 7.611614947450573254e+01 5.633130310125594065e+01 6.889174503757024581e+01 6.569314733700232978e+01 6.385578756761666597e+01 3.915511186890042694e+01 5.749963982194692136e+01 5.389082817214775645e+01 3.431099941001362197e+01 5.186593337240558554e+01 5.631943943046872647e+01 4.244046386158331075e+01 4.541996796689663540e+01 2.595843129792252313e+01 4.384142889830667400e+01 3.406653954686100150e+01
7.846290975553621649e+01 8.829697770813858426e+01 8.760376830729875053e+01 6.759984957217049839e+01 5.329891138127670303e+01 6.708372566094956824e+01 7.089982676880302392e+01 5.073067619671209627e+01 4.885596324310618144e+01 6.902391153519873512e+01 7.359549023326411543e+01 9.354757743154314653e+01 9.305207415598046339e+01 7.310625011505756277e+01 5.880233441054502208e+01 7.894824672029014323e+01 7.511672591519759123e+01 9.503964630579321238e+01 1.097032457757649553e+02 1.061700903007193233e+02 8.647840720245615387e+01 7.249105556331804223e+01 6.257620814887948058e+01 8.237803784113289396e+01 7.354514259388012931e+01 5.299091666078742691e+01 6.385578756765995223e+01 6.385578756765996644e+01 6.202494646690991686e+01 4.610574292487000747e+01 3.231115726300131996e+01 4.819360556879576052e+01 2.870567522822032203e+01 2.755211520035189565e+01 4.527005688839582831e+01 5.339155926692298948e+01 5.361634248828002569e+01
