LEM/with_lateral_4open/elevation_000524.asc
nrows	100
cellsize	150.0
xllcorner	0
ncols	100
yllcorner	0
NODATA_value	-9999
[rows 0 to 16 of 100, columns 37 to 73 of 100]
8.884754177262699226e-02 6.929726548558100274e-02 7.395023591448830758e-02 4.828361932999872264e-02 4.897713358561925356e-02 8.568734790590110117e-02 1.075183056328203948e-02 6.823539046102447547e-02 7.194897206013613211e-02 1.557559815681563986e-02 7.704183385687686514e-02 1.685416958384493638e-02 9.680445094065920353e-02 7.639902522890137937e-02 4.559330980047965332e-02 5.839666421669215124e-02 9.739037529851846120e-02 3.670263267501718690e-02 2.041064012308905357e-02 6.895211126444661387e-02 9.031524355919069713e-02 1.560024811392830661e-02 7.641644294168103979e-02 3.888124420523987601e-02 6.873285589001959517e-02 4.772367030474261584e-02 9.504926490987847254e-02 5.760415539182907330e-02 9.666222459857021221e-02 9.627991409191682948e-02 1.286757495974483190e-02 9.381044340810595905e-02 7.584058927755046864e-02 1.435327048224320848e-02 5.777975670406795827e-02 2.716720951219454838e-02 4.735230246529398453e-03
2.001912989948384336e+01 1.061447509608135142e+01 2.007395023591413263e+01 2.004820357839599509e+01 6.789179217800171973e-01 1.964182225880458077e+01 1.999109276918744982e+01 1.161071805526597700e+01 2.000828778292918386e+01 1.415771122189642384e+01 9.021313743858543788e+00 1.415898979331491958e+01 2.009680445094030432e+01 3.457016044142974920e+00 2.004559330980012533e+01 1.420053228794776778e+01 1.423952599902959371e+01 2.003670263267466112e+01 7.579700100307666055e+00 2.006895211126409251e+01 2.009031524355727072e+01 1.682266914780593314e+00 2.007641644294132632e+01 2.003888124420488381e+01 1.006873285602126700e+01 2.004772367030438573e+01 8.260015074187210260e+00 2.005760415539147345e+01 2.009666222459821583e+01 3.684404879815057487e+00 2.001286757495939028e+01 1.711702964903324187e+01 1.311538259989102073e+01 2.001435327048188739e+01 1.098938209977775360e+00 1.978728213191482865e+01 2.000473522856307795e+01
3.179161580039621526e+01 2.497025868905300072e+01 3.791953348673040836e+01 2.131972572271979516e+01 1.309171410831970306e+00 1.546259546787277728e+01 3.533873127295750294e+01 3.149956295288965080e+01 3.934594979227565403e+01 3.415771125257620611e+01 1.902131374430660671e+01 3.415898979331562657e+01 2.688757568354559169e+01 6.886987746993166404e+00 2.688757568354559169e+01 3.420053228794846945e+01 3.423952599903029892e+01 2.390963171887235816e+01 2.172183572403886842e+01 3.586397080861985387e+01 2.335469291714548135e+01 3.354750934794771489e+00 2.335469292369852212e+01 3.835297218136717845e+01 2.421086875902378566e+01 3.654428632165011237e+01 1.980702045797993094e+01 3.654428632165011237e+01 2.724546937053523266e+01 7.320571586439062806e+00 2.724546937053523266e+01 3.928022408040214231e+01 3.201076346422405550e+01 2.215215131799373438e+01 2.141510738770531219e+00 2.212780323202338906e+01 3.492499738648928087e+01
4.305723622758257108e+01 4.462428824576749520e+01 3.167966241546347561e+01 1.347343422666620683e+01 1.940680366672143498e+00 2.106873612977236476e+01 3.311715066566994636e+01 3.690585725468176292e+01 4.572840960692550993e+01 4.730663424451401511e+01 3.316345037855045774e+01 4.462444390056393928e+01 2.462136069806872385e+01 1.047909378752919984e+01 2.202612648421130714e+01 4.202850912626373514e+01 5.219390401520397660e+01 4.390963172440367401e+01 4.172183572966109466e+01 3.614292070498421339e+01 2.504496765688341853e+01 5.045059444251798197e+00 2.504470170781814886e+01 3.810749732626500474e+01 4.421091532851742301e+01 4.809129170544283483e+01 3.980702045798063438e+01 3.987388778788032084e+01 1.990660506566567989e+01 1.154406976144595909e+01 2.558060380391231092e+01 4.553665852912119050e+01 3.259502260963740383e+01 8.848975203884787533e+00 3.188368289783088283e+00 2.319815332476469294e+01 3.290532875503960497e+01
5.084377799946397403e+01 4.314306500834395308e+01 2.471694811546558057e+01 1.171270171733667098e+01 1.868148333525702398e+01 2.839612812877203130e+00 2.374319910065477757e+01 1.492595569517393095e+01 2.770088259102652373e+01 4.952681001796024418e+01 5.316375603485079182e+01 4.862661925849163680e+01 2.862146533628032685e+01 1.447909378755495524e+01 3.448083926141535471e+01 5.031795046216470979e+01 6.281633132120754226e+01 5.771539381115631073e+01 4.214251580227941929e+01 2.201260799856942540e+01 7.859449623172953814e+00 2.504496764574869161e+01 9.825973881584330272e+00 2.982585424609997915e+01 4.318964126114479996e+01 5.473623066012241623e+01 5.619058362307131205e+01 3.620679408086460427e+01 3.590231762967826512e+01 1.606206042194059691e+01 3.225007412244732308e+01 4.731563813278449970e+01 2.263015731747530879e+01 2.464513155546026724e+01 1.247839267762305226e+01 4.696149335868626373e+00 1.705850129375034641e+01
5.220496273290329725e+01 4.305013880960099470e+01 2.471937617701289724e+01 2.980155089448003736e+01 2.079712648748176917e+01 1.723977611017822653e+01 3.741278578856924941e+00 2.516598204638821912e+01 4.572826068735579241e+01 5.816558915634158922e+01 6.277733769949517040e+01 4.276519976290494185e+01 2.862146533628032685e+01 2.114576062720756511e+01 2.447912156457316968e+01 3.447940095571119201e+01 5.449783535741850926e+01 4.930363728958712954e+01 2.918113106881200736e+01 2.979641240993134588e+01 9.890141953440174660e+00 2.988975700279953429e+01 2.982585424609997915e+01 1.490597896136622502e+01 2.645297836319774731e+01 4.645261307946104523e+01 6.050947354632734942e+01 5.619058362307131205e+01 4.087400318431556911e+01 2.098004314843588247e+01 4.087400318431556911e+01 5.484095155448298442e+01 3.958200290912197516e+01 2.586326589394213116e+01 2.577542724879928926e+01 5.770190101026901885e+00 2.578304345775557493e+01
6.036933434264766873e+01 5.104508496648190885e+01 4.304931122489649908e+01 4.523332946735902738e+01 3.264807842187949660e+01 2.411941117609432794e+01 4.381785191905802179e+00 2.438338985073752241e+01 3.739499531762461970e+01 4.545373072475929632e+01 5.396438211838786714e+01 5.691988664832413747e+01 4.822087641632827371e+01 2.821683169209862285e+01 3.862574349967454168e+01 5.279771349243565481e+01 6.281633142777775447e+01 4.445024022998311608e+01 2.438637396908015376e+01 1.283898107653809184e+01 2.986723392426651102e+01 3.811278548307547709e+01 4.318964126114406810e+01 3.490581859233223128e+01 2.067948164477799722e+01 3.222647508161750807e+01 5.222596995340153825e+01 5.716194520008922098e+01 3.721337175074682335e+01 2.723677948109536473e+01 4.717567841216791891e+01 6.151430181815356235e+01 4.360619461270110264e+01 3.710919736539329250e+01 2.686270150478053509e+01 6.849251631495772763e+00 1.349397684977538781e+01
6.622506608428544439e+01 5.530921462633703811e+01 3.532382311047224732e+01 3.530022771440814466e+01 2.715035512865100031e+01 5.295108201412986659e+00 1.955191629812599885e+01 1.247358295810287387e+01 1.863441174735602957e+01 2.705133934283530905e+01 4.018172829401355273e+01 5.943240957883097764e+01 5.651385238452662918e+01 3.821697074934436245e+01 5.651385238452662918e+01 6.721479757121558407e+01 6.585845697930830056e+01 5.279589949201334065e+01 4.117533729164525624e+01 3.283955776147598726e+01 1.594358317936330494e+01 3.592987015305707388e+01 4.807015229629845976e+01 4.896298777391744750e+01 4.067925620552049537e+01 2.734614810458332457e+01 4.734581025598901505e+01 6.541663171723800474e+01 5.422352060896314185e+01 3.427538051673480624e+01 5.422352060896314185e+01 5.895943309895097428e+01 4.689148704665026912e+01 2.907398414556728028e+01 8.417502020938929519e+00 1.427742823763292002e+01 3.238988378457227668e+01
6.185143490374632336e+01 4.940786501986001866e+01 2.949019497822086322e+01 1.559269713353480213e+01 2.593892430305983154e+01 5.941926254253075967e+00 2.570552992421108485e+01 3.144392597658254829e+01 3.738771399365344195e+01 4.545373072475929632e+01 5.396438211838786714e+01 6.421072138495365778e+01 6.652074923458420130e+01 5.822478208331219207e+01 6.652074923458420130e+01 6.929063166031593823e+01 4.877460084278484231e+01 3.715125315246098836e+01 2.903216058044813863e+01 2.149058513327677389e+01 3.591027228685978656e+01 1.979258497392704186e+01 3.393525660846432856e+01 5.396554601904190918e+01 5.234569780800210737e+01 3.234614759994990862e+01 4.648816315097807461e+01 6.648703741905997333e+01 6.244854301630574867e+01 4.580459936896419748e+01 6.244854301630574867e+01 5.089513670592609174e+01 3.007877069470194087e+01 1.848363538019697572e+01 9.531735087728067768e+00 2.939265162554103483e+01 2.482854993509111452e+01
5.348096223913315583e+01 3.343598199452119246e+01 2.215579439277922447e+01 2.964730116440824759e+01 6.331557739012250607e+00 6.594447438268919548e+00 2.658673908723913115e+01 3.410708967601490116e+01 3.451071944175090067e+01 3.909611361800959628e+01 4.410945122817705055e+01 4.410944423399154601e+01 5.686523838182483814e+01 6.519420455149584370e+01 7.524798700372573990e+01 7.758886391474010225e+01 6.585845684167232150e+01 4.807763599445792124e+01 2.834409271614199355e+01 4.148379545445548899e+01 4.260754037505768821e+01 2.262101209858219519e+01 3.676253526411002781e+01 5.674396296673360496e+01 5.901214151582481549e+01 3.901281039235666981e+01 4.867586288611567369e+01 6.867459065064333856e+01 7.381556260807485614e+01 6.567969075974930604e+01 6.395047530201537711e+01 5.338299686579484415e+01 4.422781960114290456e+01 2.870449726291735715e+01 1.065818634954191602e+01 3.066827634188197038e+01 4.138435432780048728e+01
3.757104981477515793e+01 3.006576741074894343e+01 3.603105465356215831e+01 3.790512265949749349e+01 2.957023175396974324e+01 1.475077404888008736e+01 7.524471928448527969e+00 1.796867407898599112e+01 1.458434260417195283e+01 1.911145753788794011e+01 2.405610078750723702e+01 3.007658868347787973e+01 3.677020574543113440e+01 4.681159600954146072e+01 6.691888075410820136e+01 7.072435206375018879e+01 5.112079780926404027e+01 3.978452613576116903e+01 3.498054859849920462e+01 5.462617969242604943e+01 4.556275239929505005e+01 2.556985122130204147e+01 3.971121303710034312e+01 5.968961808834372107e+01 6.657103814775214801e+01 4.657207747362870265e+01 6.657103814775214801e+01 7.695777102485170929e+01 8.976329173806725237e+01 7.221309274759103403e+01 4.864261017601229042e+01 3.293514500107349363e+01 2.360248683034814476e+01 3.180577776906378062e+01 1.178977914579981423e+01 1.666430774154714101e+01 2.193201164500069211e+01
5.767745121672590614e+01 4.001945219083813043e+01 5.609614365625953525e+01 4.889098587479887925e+01 2.888477809612052027e+01 3.473436000392921130e+01 2.751056488838046832e+01 8.459684826331001162e+00 2.845834824452169087e+01 3.909307793415548105e+01 4.410945122817705055e+01 5.016689416969360593e+01 5.686523838182483814e+01 6.519420455149584370e+01 7.524798700372573990e+01 7.885874549278310042e+01 6.753477577689115208e+01 5.940623473785343123e+01 4.244557134745763705e+01 6.202742449992189222e+01 4.864752416846445016e+01 2.865591821885585233e+01 4.279706404474544712e+01 6.277178434527008477e+01 7.485421647814983714e+01 6.071378891795183108e+01 7.485421647814983714e+01 8.752475039822626002e+01 8.183827156029801131e+01 6.296459342612941157e+01 6.329809386059744725e+01 4.789425379629018664e+01 2.765429509228897587e+01 1.344324626183664861e+01 2.697193972232387793e+01 3.402602417701677950e+01 4.209894421935813114e+01
6.852165914833436489e+01 6.013661762315729220e+01 6.852062925300342044e+01 5.724677769003554317e+01 4.890437868647061492e+01 2.994999308209692401e+01 9.410248841749599080e+00 2.725409696333590759e+01 2.324702813169118798e+01 3.735288234799467944e+01 5.628395340529730362e+01 6.437687969917791975e+01 7.271831351545432653e+01 7.532678353092548207e+01 7.532678353059540655e+01 8.367922990470519551e+01 7.589672981213627168e+01 5.628257013907153095e+01 6.202742450003646013e+01 5.648675620009235132e+01 3.650055764966629113e+01 3.265591819732143364e+01 4.679667368265855742e+01 6.676556201092296305e+01 8.236732314308680714e+01 8.071168867653544510e+01 8.177425263763599617e+01 6.775135321478752815e+01 8.177425263763599617e+01 6.550955164606791925e+01 4.715673928284318350e+01 4.605678196461954599e+01 3.437875610130792126e+01 1.487252832644530898e+01 1.649476428701422037e+01 3.626074117828760279e+01 4.753172016086711693e+01
5.770020638293710391e+01 6.581607669706164643e+01 6.932379540155037034e+01 4.635666715136070337e+01 2.940918834098710022e+01 3.009188477436439157e+01 1.008320126863792154e+01 2.999255547456271032e+01 3.889735177361639273e+01 4.884773429666071820e+01 5.023528432684502576e+01 4.437764373031279064e+01 6.437687969897346818e+01 5.517879552604915006e+01 5.517879552604915006e+01 7.532678353059540655e+01 8.403317225094377818e+01 7.589672981213627168e+01 6.541996146492768105e+01 4.544470723579713933e+01 5.648675620009245080e+01 3.765591779889617641e+01 4.420260759433713815e+01 5.420120174434710947e+01 7.415585749602074372e+01 7.995552606052250155e+01 7.173643458751602964e+01 5.397324010684157258e+01 7.298280055201674088e+01 5.731291098914658022e+01 3.714796645388117469e+01 3.815718770326531484e+01 1.690970590581335742e+01 3.306659523847978477e+01 3.626081175088263109e+01 1.959908084953705298e+01 3.932495657587610793e+01
3.869121319174925588e+01 4.873928105692483825e+01 5.444656129064215833e+01 5.252640425891593168e+01 3.244946978379624625e+01 1.110303160597721828e+01 2.475284048217035249e+01 1.277964148692435131e+01 2.785168765858222528e+01 3.854999268840835924e+01 3.040570393514162717e+01 4.677347310696858074e+01 5.109400606670186562e+01 4.110800754820805025e+01 6.108000458531554955e+01 7.283361671119003233e+01 8.292217424574971574e+01 7.608380456049331997e+01 5.613358091553260465e+01 6.541996146492768105e+01 6.280103770813802555e+01 4.281989281957950766e+01 6.280103770813802555e+01 7.240909542270061650e+01 8.236732314308680714e+01 7.173643458751602964e+01 5.213562737276163972e+01 4.523394539027577821e+01 6.479105211666725950e+01 6.192836823733081530e+01 4.672525935638247319e+01 2.637941579324845520e+01 3.709902603571130442e+01 1.901986134815494367e+01 3.898540023761526641e+01 3.932497535545354594e+01 2.277128905702498685e+01
4.873928105692483825e+01 2.961408537052476575e+01 3.533331130200750891e+01 3.791234827944491315e+01 2.639899598952492354e+01 1.182698753112157064e+01 3.152313809141567447e+01 3.145865838994105346e+01 1.552561533649822856e+01 1.899995297089086677e+01 2.297600872752627765e+01 2.701031942596489088e+01 3.129483673877627226e+01 3.748167421100185237e+01 4.443225138617090408e+01 5.438742446543844977e+01 7.456429259647465813e+01 8.429123641140117229e+01 6.767173534095778109e+01 8.429123641140117229e+01 6.911688575755447062e+01 4.914442056586573671e+01 6.280103770813800423e+01 8.271940682766722830e+01 8.520880232824880807e+01 7.530113530171369973e+01 5.787657088923299398e+01 3.819840501680334910e+01 5.043892793218252280e+01 4.224885572599637840e+01 4.563477118247059394e+01 4.110493521512362491e+01 2.115483147833747424e+01 3.898540246274765053e+01 4.718586255685830366e+01 4.474317239507160338e+01 2.507879441407047949e+01
5.041728812561407125e+01 4.093145261315373773e+01 2.155996245717065207e+01 1.848029280497571136e+01 1.550079023473139372e+01 1.255234366388467571e+01 3.358151960739268560e+01 4.204480700436317164e+01 3.534325233652402432e+01 1.889952454483952238e+01 3.868622623062592680e+01 4.677347310756965726e+01 5.109400606675396261e+01 5.738937326519796756e+01 6.447585853095648645e+01 7.283361671119003233e+01 8.292217424574971574e+01 9.575699610593490263e+01 8.757490481277206129e+01 8.062922064705455227e+01 6.068927170469275012e+01 6.911688575755447062e+01 7.734002705749148276e+01 8.696303024623421152e+01 6.755185429569579014e+01 5.734079170288566019e+01 4.749650061800074496e+01 3.344334096439674653e+01 3.058063640237767089e+01 2.811640007993056045e+01 2.571286689303740758e+01 2.334803114078759023e+01 4.110002577165342785e+01 3.273543055781932054e+01 5.253460327614488534e+01 5.300463278845300863e+01 4.474317239455442063e+01
