LEM/with_lateral_4open/elevation_000194.asc
nrows	100
cellsize	150.0
xllcorner	0
ncols	100
yllcorner	0
NODATA_value	-9999
[rows 0 to 16 of 100, columns 37 to 73 of 100]
8.884754177262699226e-02 6.929726548558100274e-02 7.395023591448830758e-02 4.828361932999872264e-02 4.897713358561925356e-02 8.568734790590110117e-02 1.075183056328203948e-02 6.823539046102447547e-02 7.194897206013613211e-02 1.557559815681563986e-02 7.704183385687686514e-02 1.685416958384493638e-02 9.680445094065920353e-02 7.639902522890137937e-02 4.559330980047965332e-02 5.839666421669215124e-02 9.739037529851846120e-02 3.670263267501718690e-02 2.041064012308905357e-02 6.895211126444661387e-02 9.031524355919069713e-02 1.560024811392830661e-02 7.641644294168103979e-02 3.888124420523987601e-02 6.873285589001959517e-02 4.772367030474261584e-02 9.504926490987847254e-02 5.760415539182907330e-02 9.666222459857021221e-02 9.627991409191682948e-02 1.286757495974483190e-02 9.381044340810595905e-02 7.584058927755046864e-02 1.435327048224320848e-02 5.777975670406795827e-02 2.716720951219454838e-02 4.735230246529398453e-03
9.033119451771705499e+00 2.006929726548522552e+01 1.421608585964556326e+01 2.004828361932964498e+01 5.822479825481901017e+00 2.008568734790554444e+01 2.001075183056292772e+01 8.233200609697659544e+00 2.007194897182299442e+01 2.000496385348700557e+01 6.867525942213786871e-01 8.494203075828407279e+00 6.570204506524184751e+00 2.007639902522854669e+01 1.141061635272169106e+01 2.005839666421633538e+01 5.644392337550833361e+00 2.003670263267466112e+01 2.002041064012273353e+01 3.720435827965546061e+00 2.009031524355883391e+01 1.415773587184500393e+01 1.422577235737563583e+01 2.003888124420488381e+01 1.759041365347050911e+00 2.004772367030438573e+01 1.998936094604852798e+01 2.005760415539147345e+01 6.763328891265265597e+00 2.009627991409156067e+01 1.155987608372388209e+01 2.009381044340775091e+01 2.007584056620642343e+01 6.677392898249044251e+00 1.688554117134694943e+00 2.002716720951183760e+01 2.000473523024617251e+01
2.645960175371291356e+01 2.317525507550240604e+01 3.421608586014242803e+01 3.185270671703758438e+01 1.185270671703722734e+01 3.185270671703758438e+01 3.650721343171807831e+01 1.978000379428859645e+01 3.649199335333445759e+01 2.180018254108225051e+01 1.296746867666831893e+00 1.904729156956332048e+01 1.564697733518873335e+01 3.374035919857124810e+01 2.460837712251915121e+01 3.141789502945107770e+01 1.141789502944714130e+01 3.141789502945107770e+01 2.743434259150513910e+01 7.434342591506568176e+00 2.743434259150513910e+01 3.415773587184570914e+01 3.428592059936480752e+01 2.345558647744286418e+01 3.455419224706989478e+00 2.345558648023661519e+01 3.422618848661591784e+01 3.383440860012736096e+01 1.383439670313088143e+01 3.383440860012736096e+01 2.570229102135277088e+01 3.576605184001174820e+01 1.577661651747743576e+01 2.189854445319744602e+00 3.352775779105296561e+00 2.335139443531030068e+01 3.400972290112323293e+01
2.393507071079661941e+01 4.317525507509680693e+01 4.317525507509680693e+01 3.892377452890353595e+01 1.892377452890282896e+01 3.892377452890353595e+01 4.800637470337409951e+01 3.976101942343860429e+01 3.936788480773605414e+01 2.171984671594067962e+01 1.907594030533360741e+00 2.195573687727192080e+01 3.294803559585398034e+01 4.170499961720330617e+01 4.124640774753991224e+01 3.808456169612284015e+01 1.808456169611392639e+01 3.808456169612279751e+01 3.135666529426763205e+01 1.135666529427021487e+01 2.549880091800091364e+01 4.549880091799234094e+01 3.481972214921956521e+01 1.499283669124108975e+01 2.312294629480551222e+01 5.945710450165740291e+00 2.612480364283563006e+01 4.211852088738650934e+01 2.538140209861824914e+01 4.211885099737910565e+01 4.571671350025652458e+01 4.334728859884805985e+01 2.283363209694551799e+01 3.139509949596396510e+01 2.335139576209068579e+01 5.725094564688173904e+00 2.572495247125954876e+01
3.344441880377651444e+01 5.221934198872553878e+01 6.317525506614175157e+01 4.720804577636572930e+01 3.047077991269554786e+01 4.720804577636572930e+01 5.288746233436690147e+01 3.310740562708375023e+01 3.138711549700668257e+01 1.502433833162539223e+01 2.519485681721011616e+00 2.225065860495767467e+01 3.423529768659063421e+01 4.339784435486468794e+01 5.242129654265973926e+01 4.636883295824166140e+01 2.808456169611410402e+01 4.636883289808612574e+01 3.562067962133255605e+01 1.562067962138238819e+01 2.976281524511308874e+01 4.976281524490843822e+01 4.264644002297147551e+01 2.647514693403017461e+01 2.767651354798306684e+01 7.727452062915223685e+00 2.772474600903679587e+01 3.857518486528199730e+01 4.538143021954373069e+01 5.366598265670576495e+01 5.755857182268947270e+01 3.747386621562753817e+01 4.335654028980045638e+01 3.948155223076587816e+01 2.593788315281763701e+01 7.421296479103253851e+00 1.742128313752144564e+01
3.729342059837643575e+01 5.374249942663054469e+01 6.528939564924819194e+01 5.875505116015845175e+01 5.047077991269625130e+01 5.501890549126315477e+01 4.687681239911061937e+01 3.310740562747034943e+01 1.317049188452084074e+01 8.616932537824254723e+00 1.854512457548328186e+01 3.395576687020865680e+00 2.454178414533202357e+01 2.002983286527150497e+01 4.416608446441228608e+01 5.636883296626284334e+01 4.222669731984555597e+01 5.195061123979252216e+01 3.195061123993662022e+01 2.139418231327854514e+01 3.195061123993719931e+01 5.195061124034228328e+01 5.352096138663750224e+01 4.577544746852075974e+01 3.600195872178692724e+01 2.772500805658122403e+01 1.029874944904713985e+01 2.444004741720287655e+01 4.443331771167103739e+01 5.954311966092537745e+01 6.587363168413607184e+01 5.755857182268947270e+01 5.290811153864858341e+01 2.903585993639180174e+01 9.971577125631394978e+00 1.368521204315659645e+01 3.206010466963402905e+01
2.545838640764124605e+01 3.700539179096423936e+01 5.700538164847234412e+01 6.711867416936424036e+01 4.742557364896092054e+01 3.591036182352657846e+01 2.704194542673144142e+01 2.076909109797129815e+01 3.310720924771451479e+01 2.899087329688402193e+01 2.806343545662120675e+01 1.794668270660098131e+01 4.273947960757465303e+00 2.577621743859493009e+01 4.179234362057118091e+01 5.076906241454187807e+01 6.222669731990632869e+01 6.023488235076809616e+01 4.139418231322777331e+01 2.806084897994509575e+01 4.806084897992964500e+01 6.023488274886145888e+01 5.409159810852204231e+01 4.409305404388546634e+01 3.302854320839404778e+01 1.303309315711415728e+01 3.029594070835695874e+01 1.972674538745391715e+01 3.127253139239752144e+01 5.126326726679154433e+01 6.059902463359518521e+01 5.154928307207353555e+01 4.383458327729782411e+01 2.820613924531098959e+01 1.180491304794756857e+01 3.103211706355952160e+01 2.303824621155176544e+01
3.700539179096423936e+01 3.960052200726611460e+01 5.960050745218389068e+01 7.519154535339767165e+01 6.385613487199339744e+01 5.501890549126315477e+01 4.687681239911061937e+01 3.480536998220105005e+01 4.876301693774779267e+01 4.477641197467600875e+01 2.541276562745606427e+01 4.897672682644106601e+00 4.896984097381638534e+00 1.243101660608040682e+01 2.213908830896980717e+01 3.660985581782950504e+01 5.671455503875574067e+01 6.967845329841348700e+01 5.634512012588676555e+01 3.700512088994393878e+01 5.634512024606490144e+01 5.994596826931891798e+01 3.995838007525308200e+01 2.581976130583730367e+01 1.582002521382034033e+01 3.302983462222812960e+01 4.131030530281094570e+01 3.972161052841142492e+01 3.386665147670082376e+01 5.385673207819035468e+01 5.266880353306551399e+01 3.500249012904431112e+01 2.649379390526047473e+01 2.010543779691475663e+01 1.366158760966882468e+01 3.517900979333550282e+01 4.107420281769246628e+01
5.114752728588781849e+01 5.960050745218389068e+01 6.788447684599489662e+01 6.453594160446122885e+01 5.612947491896024133e+01 5.575776932657367269e+01 5.339396945647133208e+01 5.460475888060523175e+01 4.775846647632294406e+01 4.044301762513548226e+01 2.008329345849114134e+01 5.793771475704462048e+00 2.466538322573196851e+01 1.055470276681703190e+01 3.031614033417874410e+01 4.446705707251535244e+01 5.332070795184405654e+01 6.473895250356079600e+01 6.528939211190817105e+01 5.114725651367439241e+01 6.528939218017738710e+01 5.494870109403920111e+01 3.496007137083659444e+01 2.082002404060302325e+01 3.581623846069941663e+01 1.935555909064297708e+01 3.935098135755858095e+01 5.125074478766035924e+01 5.385673207819035468e+01 6.213674918308142026e+01 6.059902463359518521e+01 5.154928307207353555e+01 4.374755425861960845e+01 3.530555374383009593e+01 1.561284916628148878e+01 3.602557307195996827e+01 5.524124643201004403e+01
7.114749309703024949e+01 7.788368550015310632e+01 6.953371738460165830e+01 5.614568089334672152e+01 3.579298245876605478e+01 3.576633144615854576e+01 3.292870935113898412e+01 3.611414736228481814e+01 2.750923163888579381e+01 3.904757269395658170e+01 2.657189641439124017e+01 6.430214487589140049e+00 2.655488546439104525e+01 3.031612284352723918e+01 1.651419180898992778e+01 2.532300558471991536e+01 3.677007961748157072e+01 5.655786991466116831e+01 6.990905096993633094e+01 7.114725651361027303e+01 7.013580224198015856e+01 5.857418238101038099e+01 4.452699884429901545e+01 2.453392755634133238e+01 4.452699884423748955e+01 3.935107646819010796e+01 2.297698858898451846e+01 4.297164172112493219e+01 6.143251218289355364e+01 7.142626749400507435e+01 6.846532740853413657e+01 4.804952098842303343e+01 3.938988024364528684e+01 1.853029594105993283e+01 3.520374637361575054e+01 2.642392473315608470e+01 3.830619375668948123e+01
7.058303571855320513e+01 6.286437597960063073e+01 4.912609040223881607e+01 5.470458062824841505e+01 4.174982376464828349e+01 2.154536919652063176e+01 1.870207529817224668e+01 1.594081234942097502e+01 1.308439448182178211e+01 2.736047939080941305e+01 2.707210074235346298e+01 7.068839396633783245e+00 1.626965625134321414e+01 3.589204024584046238e+01 3.627391336324618010e+01 2.395167846531298750e+01 3.203285790591331761e+01 4.197475312060015540e+01 6.173041292736367325e+01 7.278846496209379779e+01 6.184470051606695051e+01 4.185178469911723198e+01 3.030736385462521909e+01 4.452699884429901545e+01 5.280540492558597521e+01 4.559705311294361962e+01 2.560311654062289577e+01 3.316216450973126229e+01 4.315965889398152910e+01 6.314595287862513828e+01 6.256148981325227965e+01 4.203849157749506560e+01 2.736740467747082306e+01 2.062749886245838127e+01 4.102679848991231637e+01 4.693263328426502312e+01 5.528080322481127951e+01
5.016138159455802992e+01 4.241234587244989029e+01 3.733098394957588084e+01 4.628852415775465801e+01 2.601279794405546397e+01 4.174982376464828349e+01 3.291207582144615174e+01 3.611414736138588921e+01 3.014389669099620761e+01 9.381806812639856830e+00 7.979877943270174079e+00 1.825673987102861773e+01 2.419695509238529141e+01 4.150168528235979437e+01 5.194990243510193295e+01 3.385722966986666904e+01 4.376121412706371672e+01 6.003278524716438369e+01 6.990905097544423086e+01 6.436025051534153363e+01 4.423874955624361860e+01 3.716675082313141587e+01 5.019222384087915856e+01 5.857329177803428877e+01 6.258687731077618110e+01 4.259898687647930160e+01 2.846025700834936600e+01 4.845330444307140993e+01 6.143245527731701117e+01 7.142626749400476172e+01 6.256138967814285934e+01 4.203849145100779339e+01 4.347514735751958170e+01 2.286432001953395954e+01 3.473164461483406740e+01 4.943445886635601738e+01 6.986694064239401314e+01
5.425343041207683825e+01 6.286437597960063073e+01 5.129387588014942878e+01 3.094813052901407957e+01 3.746560182111628023e+01 5.420159223227173584e+01 5.321756185931545247e+01 4.477251924006935013e+01 2.921522770263692692e+01 8.920008078265684759e+00 2.735662042620332102e+01 3.379924760249518556e+01 4.138718427527256694e+01 5.039104038815703035e+01 6.184503389403609930e+01 5.366519920117580966e+01 6.184515790568480043e+01 7.171914485789891103e+01 7.857771401849377924e+01 5.843692613461017515e+01 6.404459639934692916e+01 4.610759762461969302e+01 5.344176857924117741e+01 7.304259047273563965e+01 6.456247881748993223e+01 5.143364881360385255e+01 3.144167331604179338e+01 4.038478863639999616e+01 5.451844159856178607e+01 7.450496963224765068e+01 7.089126300084771515e+01 6.256140494637639193e+01 4.586395931445117213e+01 2.517624091877955905e+01 4.586395931445117213e+01 6.026975366997163519e+01 7.194120494629876816e+01
6.607458234102581685e+01 6.793705725832487019e+01 4.755340622176451859e+01 3.809082682792961094e+01 5.673946789184673634e+01 6.505329893907912719e+01 5.284005723096801432e+01 3.618286020594333507e+01 1.588213600665841696e+01 2.906551761500482911e+01 9.874744954747230352e+00 1.601711997041832092e+01 3.671635753667873558e+01 5.099820428411229756e+01 5.103503649249756791e+01 5.894039964478474047e+01 7.344079279015737427e+01 8.167613895366118015e+01 8.689948720776546054e+01 7.854304907057270668e+01 6.601219948598323128e+01 6.023331249560412459e+01 7.309073540120803614e+01 7.139810604060893695e+01 5.628215517549313063e+01 3.629228322068203028e+01 5.143353663729281067e+01 4.776587200907005126e+01 6.037232906452875625e+01 8.036071410214559307e+01 7.384294267927029409e+01 6.205463330635316055e+01 4.880325044839752735e+01 2.802326061936122770e+01 3.133738260959992061e+01 4.335210476154174586e+01 6.361565098667134066e+01
8.631016611395040172e+01 7.629441060020066345e+01 5.844673620408171644e+01 4.829213885642261772e+01 6.679130216265564002e+01 5.831641204653730881e+01 3.802387029972421573e+01 2.377573455517947210e+01 3.618196195323144337e+01 3.797061012299133154e+01 2.983779002921317769e+01 1.084785068346744374e+01 3.096375506358941365e+01 3.270299339779938208e+01 3.271133483407732001e+01 5.103503306462701516e+01 5.413795358049966921e+01 6.364306156306591333e+01 7.192905676517845848e+01 8.076958344264485845e+01 8.569708488758425347e+01 8.029165176152743300e+01 7.727357239666774547e+01 5.728351883955938462e+01 4.315113360065022619e+01 4.163697885949385125e+01 6.162386473057730996e+01 6.775345393997285726e+01 7.603462221475984961e+01 7.743933307927316889e+01 6.550531920783761564e+01 4.496759961234382530e+01 3.281040222684374896e+01 3.426800258944209787e+01 5.191648711885634526e+01 3.873138172410941138e+01 5.912766070969730237e+01
8.712537419901862279e+01 8.693686647196192041e+01 7.690883053218277610e+01 6.270173824755767100e+01 7.016466000209580045e+01 4.911179945555952031e+01 3.455743008700042651e+01 4.420236198502477976e+01 5.207117681439846280e+01 3.274803268888614838e+01 1.185325144882533088e+01 2.891442661445452345e+01 1.558298052289174862e+01 1.898702191140743523e+01 3.802992617226304617e+01 3.841996873534636592e+01 5.387881601554496314e+01 4.411455882666442818e+01 5.278091779391598237e+01 6.658549669203081578e+01 8.652975143395923396e+01 8.991994527314425056e+01 6.992286937240945122e+01 5.579164114248385431e+01 5.021883008507981572e+01 6.162388107264327886e+01 5.016100181708174688e+01 6.426540089333668959e+01 8.395141185569221420e+01 6.912121140908035954e+01 4.871594092275308441e+01 3.816775087373387265e+01 5.364786127100531132e+01 4.095522408978106199e+01 6.160842624622738839e+01 5.912766070969730237e+01 4.691231066341443068e+01
6.736446561882240758e+01 7.571640831081073486e+01 8.392164535741403597e+01 8.284421654761234777e+01 7.247336514180720712e+01 5.141355788497723012e+01 5.527810452160860422e+01 5.216987656051260558e+01 4.389142926200494799e+01 3.178669028113509398e+01 1.256480885602485920e+01 3.248803342577176068e+01 3.537027190695549450e+01 3.870986280357494280e+01 2.453384859425956321e+01 2.923144246461698970e+01 3.434930179126384076e+01 4.561502900608927291e+01 6.516735914721435563e+01 8.076958344264485845e+01 8.200358816491511504e+01 9.022946121938534247e+01 8.406095646927117571e+01 7.578020893412822545e+01 5.777122236990638982e+01 7.775920140094227406e+01 6.169689888601782002e+01 6.279798462607720211e+01 8.278087758408123875e+01 7.743933314765769182e+01 6.296113376630311365e+01 4.234805367697100564e+01 6.296113376636751013e+01 4.842104041609109544e+01 6.882084704859693147e+01 7.533118994120459888e+01 6.701102510459986661e+01
