LEM/with_lateral_4open/elevation_000314.asc
nrows	100
cellsize	150.0
xllcorner	0
ncols	100
yllcorner	0
NODATA_value	-9999
[rows 68 to 84 of 100, columns 0 to 36 of 100]
5.009162696260269221e-02 1.564811140699154102e+01 2.401204630088377812e+01 2.288471756243583499e+01 3.555842019680252264e+01 3.200805990134422530e+01 4.116367619891045138e+01 5.766574294677584334e+01 6.778789677586583196e+01 8.101746921371164945e+01 7.274585685921641698e+01 7.597692243754596575e+01 7.389782708368269937e+01 7.958038501664162823e+01 8.072079967842466885e+01 8.878701175698208203e+01 8.800963741981219357e+01 7.664375787304041410e+01 5.759082891401711635e+01 7.664375787304041410e+01 8.312395397356453941e+01 7.173126910329284556e+01 5.834492373142349209e+01 3.837803870817695895e+01 4.549090099907653695e+01 5.306480139779201721e+01 6.120209483558010533e+01 7.261038050161505453e+01 9.224865205339287400e+01 8.835627470102507175e+01 9.051970792020765089e+01 1.102904260820718463e+02 1.110111963938225301e+02 1.027423957977872817e+02 9.660120959776777738e+01 9.206500237255312413e+01 7.202720575224250865e+01
4.695337527364121244e-02 3.528482830386524327e+00 7.063878441040948530e+00 1.114624115101358726e+01 1.562047833980947154e+01 2.097794504193589304e+01 2.918920042961701711e+01 3.926295702970899981e+01 5.941724847984094282e+01 6.944365011772887897e+01 5.264568407684866713e+01 6.944365011772887897e+01 7.824502715577156664e+01 8.517454155864963639e+01 7.691345407819591173e+01 8.517454155864963639e+01 8.717050415593372747e+01 8.545526682492018722e+01 7.157877966926925239e+01 8.545526682492018722e+01 7.498575680340181293e+01 5.521768924427033909e+01 4.366603624492014291e+01 5.834448967405072040e+01 4.333594533262975546e+01 6.324659060121459930e+01 7.669588915883184654e+01 8.907091313245402375e+01 1.004637365287789947e+02 1.081291909259370954e+02 1.102904260820718463e+02 1.086350407090754970e+02 9.706654827271820807e+01 8.876772896282625425e+01 7.656262164603671749e+01 7.707655567373087990e+01 8.537471176288148911e+01
7.614146464036156137e-02 2.007614146464000626e+01 2.707954264872238426e+01 1.971899661439805485e+01 3.571727945062452392e+01 4.110620437145608719e+01 3.520912579230088824e+01 5.534301145563234314e+01 6.778789677586583196e+01 6.114206087241370113e+01 4.111539576812766228e+01 4.989201947759151068e+01 6.995160281861852525e+01 7.511690140374835778e+01 5.672723933359037574e+01 7.078868464767097635e+01 6.710695472912632908e+01 8.717050415593372747e+01 9.120373320486834245e+01 8.333891440497257008e+01 6.365657654743606031e+01 4.958735018024601970e+01 6.357265767677854029e+01 6.324658528393190693e+01 6.324659060121459930e+01 4.870518919910753652e+01 6.855046150465615540e+01 8.102531273575318949e+01 8.795728187603816650e+01 9.608718945604279327e+01 1.058816458824173736e+02 1.003374065432663969e+02 8.029813714675346148e+01 6.873172494288442635e+01 6.239434293779384433e+01 5.703922510442448868e+01 7.020380342404551754e+01
2.352828262072655108e-02 2.002352828262037221e+01 3.591142525997548063e+01 3.974527010193350662e+01 3.606926329733430237e+01 5.610162467339892345e+01 5.534301145563234314e+01 6.367653055750259483e+01 6.734133275052329282e+01 5.357302160583520134e+01 3.368395335317055128e+01 5.357302160583520134e+01 6.348596325613658564e+01 5.516173432257164677e+01 4.662703771222863480e+01 5.053142172982745706e+01 6.228302112996582451e+01 7.657118608978511531e+01 9.649807624708510900e+01 8.773020139660363270e+01 6.809176895261164475e+01 5.406645909117636251e+01 7.384373264358298172e+01 8.296330617699598520e+01 7.669293327111954284e+01 5.868911616874419224e+01 5.503588638646090203e+01 6.134110161427414454e+01 6.835071233175258953e+01 7.817873965391483182e+01 9.773582409816151539e+01 1.051313213737477241e+02 8.509009549092944269e+01 8.876772896282625425e+01 8.243178817169565775e+01 7.020380342404551754e+01 5.016941043611241469e+01
6.786455232800275850e-02 7.627154012512580294e+00 1.657142592251189583e+01 2.811843130630461474e+01 4.811843130630531817e+01 6.439789522423549784e+01 6.737948684529982302e+01 6.150823268932841614e+01 5.904343113387761122e+01 3.910205346365749079e+01 2.824230179519162931e+01 4.570058505606717603e+01 4.884813046804144676e+01 3.519636589823780781e+01 4.108225023038351509e+01 6.123931932934704747e+01 7.906940842502811506e+01 8.679576972411581437e+01 9.499832210519917908e+01 8.987419482852757824e+01 7.024096848148735717e+01 6.071582476796580607e+01 6.809176895261164475e+01 8.773020139660363270e+01 7.841180684056800487e+01 7.841180684056800487e+01 6.497544499959185771e+01 6.758350080907335666e+01 8.721954065443976845e+01 9.608718945604279327e+01 1.058816458824173736e+02 1.134266870198665771e+02 1.007538697625806350e+02 8.071325193221757388e+01 6.914605600366616045e+01 5.912748306014785271e+01 7.020379979558246930e+01
3.257643153035955086e-02 1.417471205526143407e+01 3.417471205526214106e+01 4.485569716997479617e+01 5.640270255376751862e+01 6.017116158228977696e+01 4.737383406340769909e+01 4.151917445656371797e+01 4.753808306914564952e+01 3.926746359274788745e+01 2.295490766711879971e+01 2.594009054364451217e+01 2.904635226696678529e+01 4.884813046804144676e+01 6.066976721612498835e+01 6.636673153930374269e+01 7.287631547283550049e+01 6.711068874112336857e+01 8.679576972411581437e+01 9.801169517841734091e+01 8.734163970535924193e+01 6.772945860781075567e+01 8.734163970535924193e+01 8.773020139660363270e+01 9.802862136684974814e+01 9.275605315046941257e+01 7.888959077767444228e+01 8.148199558626107830e+01 9.535304074701770105e+01 1.053235835784659002e+02 1.053447239634854640e+02 1.135370690057457495e+02 1.090505085132106728e+02 9.333415134708479854e+01 7.329557034277318905e+01 7.916473483358011265e+01 8.647208528072137312e+01
1.880098487986705744e-02 1.001880098487995419e+01 2.416093660861115566e+01 4.416093660861186265e+01 5.431238733479877112e+01 4.016933363514053923e+01 4.737374963465765632e+01 2.749448316751530541e+01 3.589659135536512480e+01 1.942898131503583770e+01 3.926746359431387390e+01 3.382595189733150676e+01 4.431879418115596536e+01 3.571553440839849713e+01 4.073935761746941608e+01 4.642859773539176160e+01 5.308127973530481114e+01 6.711068874112336857e+01 8.679576972271162560e+01 9.078027472776180673e+01 9.547070576211382331e+01 7.907412654336704350e+01 9.547070576211382331e+01 1.073418430343963337e+02 1.056690748404605529e+02 9.738437090576906030e+01 9.847420765607120074e+01 1.010711997727637197e+02 9.937802585120481069e+01 8.518352528527488232e+01 8.518427080107844063e+01 1.053444261707103919e+02 1.132167009742944828e+02 1.016317259609269428e+02 9.333415134708479854e+01 9.144617171531048427e+01 8.248349479632194914e+01
2.900726248362994752e-02 2.002900726248327601e+01 3.830307223234329683e+01 3.929052348096227831e+01 4.063961763487726842e+01 2.602710687180294613e+01 4.430206965194208379e+01 3.588973578971238965e+01 1.602598640742196068e+01 3.589659135536512480e+01 4.753808306963346553e+01 5.751824316213394184e+01 5.858586784491246391e+01 5.556652647390902899e+01 6.066976721612498835e+01 6.636673153930374269e+01 7.287631547283550049e+01 7.967943816096043008e+01 7.466975000429344789e+01 7.093544000333501742e+01 8.572343431462900298e+01 9.863527271076266345e+01 1.067826721284362890e+02 9.606455673357451985e+01 8.774341865649574856e+01 7.712184117261659821e+01 8.815853701334107484e+01 9.647808162434870383e+01 9.109324015147895182e+01 7.069004760974118540e+01 8.196446036195497697e+01 9.031610925749870944e+01 9.311251617000171166e+01 1.027201119369525344e+02 9.732023791533525525e+01 7.727308865297237617e+01 6.310369871908647355e+01
5.081304048347550645e-02 2.005075737492214216e+01 3.342916645252342533e+01 1.928882167435354589e+01 2.064028288694971991e+01 1.602710595784976633e+01 2.925221440036010989e+01 3.064730810976127273e+01 1.377594032120275180e+01 2.783597809794866507e+01 4.773664087753149232e+01 6.690252755499952286e+01 6.641303082544506253e+01 5.812131153487986523e+01 6.336438204534292140e+01 5.651665462312561061e+01 5.908152384919489464e+01 6.343712295032161563e+01 5.161547671778247803e+01 5.876403852020917640e+01 7.193337485285603350e+01 9.127838018356538896e+01 9.450353793406938507e+01 8.437332455138484022e+01 6.742700342280414816e+01 6.535804676682703018e+01 6.784330954767081323e+01 8.478798487622266578e+01 9.937198595085413899e+01 8.196703603560774809e+01 6.142010644594213176e+01 7.273833832768968932e+01 8.620290807296883884e+01 8.249075121480913708e+01 1.027201119369525344e+02 9.144617171531048427e+01 8.248349479632194914e+01
4.469920835086939326e-02 2.004435376934092261e+01 2.325213857974457454e+01 5.146676706427930625e+00 6.498151463226896851e+00 7.862140142167838519e+00 9.252236235881658999e+00 1.065251631990965819e+01 1.257701722335450789e+01 3.257960894560635268e+01 4.363131955248802996e+01 4.689671596358761718e+01 5.484524157047533066e+01 3.807785107815729475e+01 4.880150661153840019e+01 3.504862465952916750e+01 3.922992624844300025e+01 4.360556871921740196e+01 5.217836730409256063e+01 7.028280319062861281e+01 7.403838362431034170e+01 9.344408257980312271e+01 8.617649408169413050e+01 6.585096762301735396e+01 5.572075063566956743e+01 5.523096274722878007e+01 5.613326977063741197e+01 7.572656833253452646e+01 8.830053775504453029e+01 7.647706962254049756e+01 5.589940284445960827e+01 7.438700650064974695e+01 6.573716621247930902e+01 8.620290807296883884e+01 8.538968389174728202e+01 9.372503602177353343e+01 9.627580766088989606e+01
2.324776005098762310e-02 2.002324774893661541e+01 3.252621811186425127e+00 1.219689372044500786e+01 2.649811980404580325e+01 2.786213704281702519e+01 2.925221815279654081e+01 1.642601901180502111e+01 3.257960892151479726e+01 1.533728178073490334e+01 2.688740374867744976e+01 4.034202689672805775e+01 4.253024387959024466e+01 2.650788536628751402e+01 2.949138779240827546e+01 3.450000692879715558e+01 5.425168901759111151e+01 6.343712295032161563e+01 6.998389221335733623e+01 6.689382090953382942e+01 8.535533334910832082e+01 1.016855103968351557e+02 9.450353793406938507e+01 8.079791636098073582e+01 6.050340285198362267e+01 4.625544667887163541e+01 4.714998456765771806e+01 5.971682238758136663e+01 7.976404272174055166e+01 7.175622909730317645e+01 5.122110603991485078e+01 5.384241295382342685e+01 7.438700650064974695e+01 7.888711728280760838e+01 6.493434178151017022e+01 8.197128431691830031e+01 9.215987940773580078e+01
8.699724428260374731e-02 1.391653390389486988e+00 1.553378790333269777e+01 3.153279768890262957e+01 2.633902701453089179e+01 4.633855150313874560e+01 4.245620001976572411e+01 2.245624590332308657e+01 4.245620001593429294e+01 3.534433413845061978e+01 1.817998156106994045e+01 2.032425671053812266e+01 2.250656721702323892e+01 4.253024387928757477e+01 4.954795038458799894e+01 5.425168901759111151e+01 4.234763732696534078e+01 5.120366904788397733e+01 6.243080384437551089e+01 8.181214164690906898e+01 9.340166284407420960e+01 9.464640640900741175e+01 8.928518875290336609e+01 8.253102387594624645e+01 7.482246657947968060e+01 5.971683438488180684e+01 3.960389414499542227e+01 5.116386454069110812e+01 7.140032106543945645e+01 6.727509786798346170e+01 4.684027713013006888e+01 4.709932762813772200e+01 6.753880860286332677e+01 5.842104397461083920e+01 5.308763555659488986e+01 6.334218068981161309e+01 8.381739254626057800e+01
2.249585233037712170e-02 2.002045299731510042e+01 2.967115003430694742e+01 4.381295603792260351e+01 4.633855119569406611e+01 5.461683019195717037e+01 4.952724280897361808e+01 2.952731371277871020e+01 4.952724280715057148e+01 4.422772157839501972e+01 2.421155432397125296e+01 4.034202689672805775e+01 4.253024387959024466e+01 2.767298026767484487e+01 3.923784651919292799e+01 5.926333817316083952e+01 4.985073743325071405e+01 6.927765027102280726e+01 7.872727808475086420e+01 8.999714619680352712e+01 9.464640640900741175e+01 7.438364113577500802e+01 6.902313892697340236e+01 6.228225847216194211e+01 6.228225847216193500e+01 5.616133334192331716e+01 3.607664827759501947e+01 5.024111271645438848e+01 7.045410620329320750e+01 7.569462555651013247e+01 6.137607324106274831e+01 4.111949928575038626e+01 5.672889621692132067e+01 4.407879344423922419e+01 6.441541806232071110e+01 8.197128431691830031e+01 9.215987940773580078e+01
2.739267172789772165e-03 2.000273926717243356e+01 3.059247810753355168e+01 3.725915872187560751e+01 4.554351084336822453e+01 5.448782553607488666e+01 5.781137051015992512e+01 4.366944136294806356e+01 4.952724281814843010e+01 5.090017072613793658e+01 3.088282329938213522e+01 5.090017072613793658e+01 5.162997723317396748e+01 3.159918244763434458e+01 5.162997723317396748e+01 6.755112426001625181e+01 6.927765027102280726e+01 6.359970887417156860e+01 8.298541339766060787e+01 8.823625266345939622e+01 7.989413544383985766e+01 7.810191875736208544e+01 5.780121152381504857e+01 4.880055641964393232e+01 4.213507902313514819e+01 3.679773355330879525e+01 3.274455484307551956e+01 5.281388583140497417e+01 6.936469847908595909e+01 7.772355878403604379e+01 6.980475634775110905e+01 5.672889645998517238e+01 3.660392888497198527e+01 4.283802921917783380e+01 6.309696590973730679e+01 8.105849615491018767e+01 8.941368526199725864e+01
8.327778614586213435e-02 5.247255581089106613e+00 1.059248041933764028e+01 1.725914708600590330e+01 2.620341899781272943e+01 4.034555617971237496e+01 6.034562271606760930e+01 6.366922653698207313e+01 6.952688146439213313e+01 5.918727229273589074e+01 4.089361356392942071e+01 5.918727229273439150e+01 5.580658099990383647e+01 3.577629299503647786e+01 4.734576321770849461e+01 6.150434645686333113e+01 8.151138722772449796e+01 8.298541339766060787e+01 9.114373878222190228e+01 7.989413544383985766e+01 5.958955705449585594e+01 6.553663037560086480e+01 7.030500275451927905e+01 6.902313891676303115e+01 6.228225846217171835e+01 4.955821042016464872e+01 2.949354891220381703e+01 4.955821043733774189e+01 4.916346397242362087e+01 6.936469847908250586e+01 7.102291900763977139e+01 5.414044991490819569e+01 3.414414200535432542e+01 5.414044980671386753e+01 5.287458340265082057e+01 6.058263534139179285e+01 7.510569433821162022e+01
6.510866554257997707e-02 2.006510866554222616e+01 3.059248817658571440e+01 3.059248817658571440e+01 4.554351084336822453e+01 5.448782553607488666e+01 5.615069157490792406e+01 5.465598096235242309e+01 6.295236085076442833e+01 6.919240647674510569e+01 6.090672788834643114e+01 6.919240647682505596e+01 6.409497637565988271e+01 4.473920598437783269e+01 4.395856674924982599e+01 6.398050172589987028e+01 8.227110988890937904e+01 9.227268872407601918e+01 9.158537524471290681e+01 7.133555390612916369e+01 5.694970450270953677e+01 4.522693698238528981e+01 5.001436526624068080e+01 6.435025415011010352e+01 6.433990491311092796e+01 4.687695609943045127e+01 2.681123730355517765e+01 3.498633881492937547e+01 5.508026857108196594e+01 5.752729489603650848e+01 5.675138125782873288e+01 4.247984354679572050e+01 3.172533224085924175e+01 4.579643404989948863e+01 6.600553193358835813e+01 8.105849615491018767e+01 8.941368526199725864e+01
8.953482861371392376e-02 1.423167045234478856e+01 3.423167045329618219e+01 5.059254793504882741e+01 5.361804707109966728e+01 4.497470064371173493e+01 3.615468688174053824e+01 3.466311306543924076e+01 4.879150304036222963e+01 6.881408309785875588e+01 7.462147022549940800e+01 8.292049457874213658e+01 7.304654200843610568e+01 5.630317544551753883e+01 5.812004483794245857e+01 5.397488470319094489e+01 6.398395185640335114e+01 8.398828564081429704e+01 8.426625007040230741e+01 6.396550252743529796e+01 5.221901193498401028e+01 4.208126959906230269e+01 3.570262809216588096e+01 4.998812619897452691e+01 5.597894345635490509e+01 3.586948356990922093e+01 2.430240494124663542e+01 4.124095237705066808e+01 4.130859563178803739e+01 3.742100159689178440e+01 4.535207256162623679e+01 2.838796209036622642e+01 4.838382655674484312e+01 6.009442221885840496e+01 7.290782348386575507e+01 8.307021336773865983e+01 9.193336665198407331e+01
