LEM/with_lateral_4open/elevation_000207.asc
nrows	100
cellsize	150.0
xllcorner	0
ncols	100
yllcorner	0
NODATA_value	-9999
[rows 51 to 67 of 100, columns 37 to 73 of 100]
1.001952149756260440e+02 9.186399268192678846e+01 8.718890129767146391e+01 6.712486141281586072e+01 7.300148263709270680e+01 5.596089326157868271e+01 7.602648176253501333e+01 8.184310694837938627e+01 8.489750115878652537e+01 7.076791537801051390e+01 7.534974462134307771e+01 9.540833840253536380e+01 1.060336639546183193e+02 1.131655913308295425e+02 1.215069867018245162e+02 1.290973793395848475e+02 1.091149441724063962e+02 9.503204536267057279e+01 8.515973912913946720e+01 7.716993634626672360e+01 6.980726958765973222e+01 8.377453763356493255e+01 8.255094341523613366e+01 6.358005540581333292e+01 6.891836036285916123e+01 6.985644792049501461e+01 6.764367240741690068e+01 6.068622768829252578e+01 4.076699428418083926e+01 5.868930504923802971e+01 6.529209157467465729e+01 5.951455913745593307e+01 7.924028874209294315e+01 8.891166321809112105e+01 7.372617325699236801e+01 5.383398706081822382e+01 7.372846056565990125e+01
9.186399268192653267e+01 7.179257987293887311e+01 7.767136057669627291e+01 7.008864710979810297e+01 5.292613422113303301e+01 7.300148263709270680e+01 7.014998308649992964e+01 9.021302984270337788e+01 9.914109012751386274e+01 8.491595701304183308e+01 9.540833840253536380e+01 8.241253119577504549e+01 9.137268106405220180e+01 1.056164904523943875e+02 1.258102329855865094e+02 1.228304920235120505e+02 1.028537627034746151e+02 9.138384872040097662e+01 8.334855778975902751e+01 7.716993634626672360e+01 8.364271301522965985e+01 9.342016898615068499e+01 7.459411805839980047e+01 7.459411804279064029e+01 8.784324169124953130e+01 8.352997670871106095e+01 6.376352559685722809e+01 5.231778535337023328e+01 5.868813531426340546e+01 3.875088542072118969e+01 4.545026616313852230e+01 5.951455913745593307e+01 7.924028874209294315e+01 8.070970817924523999e+01 6.091740752556734151e+01 4.931398177289598550e+01 6.928002842955949347e+01
8.133090184336271022e+01 7.767136057669647187e+01 5.760938646741919911e+01 5.001690563438351234e+01 6.730524331901929713e+01 7.562620822665009257e+01 8.460526137761867460e+01 9.021279963228097643e+01 1.103245323684453325e+02 1.050278066511240951e+02 1.088865063851702644e+02 8.874113746545482684e+01 1.088865063859708471e+02 1.115311007028312105e+02 1.317072506893335344e+02 1.310968209543979128e+02 1.112969219730601367e+02 9.950729424746567986e+01 9.690016196202103060e+01 9.690016359342787666e+01 1.034455770334183455e+02 1.014006918463587112e+02 8.541523481016463393e+01 9.342013315836344134e+01 1.014003403701516959e+02 9.176342079564594201e+01 8.033170970781620213e+01 7.211773857174816271e+01 5.731664143126322131e+01 3.736084401538234090e+01 5.731664143126322131e+01 7.346273157771864248e+01 7.659422564269361544e+01 6.837547218289701334e+01 6.094233451780507949e+01 4.538527201057371485e+01 5.006348029232774621e+01
7.302149837235353402e+01 7.440855724830169038e+01 7.295295515766652272e+01 6.463754554839343314e+01 4.725551781837044274e+01 5.621392524319002604e+01 7.039906186174350466e+01 9.047524778019310077e+01 9.841895273497262053e+01 1.067400777932011664e+02 1.122091664524726582e+02 1.088865063859708471e+02 1.003518270159146368e+02 1.146319076918633897e+02 1.348207927425800392e+02 1.395315078280306693e+02 1.277190126506994687e+02 1.194532420168262661e+02 1.168092179015227003e+02 1.144828524862466566e+02 1.123013982512480311e+02 1.124290258623692011e+02 1.043551124261698675e+02 9.798914989307051826e+01 8.808369234317916607e+01 7.985897193528906257e+01 7.328052205361710492e+01 6.732090531499966346e+01 5.595249120365809148e+01 3.597808065765578789e+01 5.412526885853859682e+01 6.234520723225686112e+01 6.263880313209142514e+01 4.866766885147289656e+01 4.141474972519908704e+01 5.224398938026880046e+01 6.863321611845690029e+01
6.850384471224720073e+01 5.436449794590521378e+01 6.204341715457168505e+01 4.462537015285533215e+01 5.875963264524727947e+01 7.558090928793748731e+01 8.461128415599999641e+01 9.514627760178800031e+01 7.834120359782652088e+01 9.514619465640792839e+01 9.211904892457823735e+01 1.122091664525267163e+02 1.205450952186226488e+02 1.205450952186226630e+02 1.407041055805662211e+02 1.298244581286451762e+02 1.204011715391936406e+02 1.121401818723709169e+02 1.144828524862466566e+02 9.452427171936336947e+01 9.234025645927339099e+01 9.818713438588565623e+01 1.064468217594624520e+02 8.974565879464213936e+01 6.997228507593605684e+01 6.012362229027306881e+01 5.351470943730146956e+01 4.749033447859277857e+01 4.191999398072390193e+01 5.412092026791365384e+01 3.413020046112715278e+01 5.231498649031923520e+01 3.565062488115476924e+01 3.791062125440319619e+01 5.699716662436307502e+01 6.794772953907455815e+01 7.888591046093566206e+01
5.822673996268566299e+01 4.028507385071068825e+01 4.207174584203503542e+01 6.204341704328397356e+01 7.288073757512712803e+01 8.697371573561862590e+01 8.944614402206838122e+01 8.111888888894219463e+01 6.664564013539717280e+01 7.572890195815986658e+01 9.580565418046455761e+01 1.071583670940526360e+02 1.154828529613107264e+02 1.255343048490984756e+02 1.269052086070075234e+02 1.169255186622589235e+02 1.016026276663493491e+02 9.217249706208150428e+01 9.583663549572708007e+01 9.112443367304545916e+01 7.819604528164543922e+01 7.819604559412655931e+01 9.491349068568678149e+01 9.798914989307051826e+01 8.808369234317916607e+01 7.985897193528906257e+01 7.240251700279601721e+01 5.260611409157574769e+01 5.602379534309356046e+01 6.233905321532685662e+01 5.231498649031923520e+01 3.230808241697327077e+01 3.828266800526042601e+01 5.385230934320730967e+01 6.459392859079612492e+01 8.059225851183450118e+01 8.884080636321542102e+01
3.829380846138928973e+01 5.823029492449206401e+01 4.348274461214259645e+01 6.320631039605829926e+01 6.940351461277681722e+01 7.228138250739817749e+01 7.576403937608895944e+01 6.072822212537325015e+01 8.111888883764859770e+01 7.433797398184904637e+01 8.040114537663053795e+01 8.707921539917370524e+01 9.710450568659845771e+01 1.172122285015067433e+02 1.186425479006476849e+02 9.867838287072358128e+01 8.869788573825809408e+01 8.162892888976543304e+01 7.584274055243207613e+01 7.110486290809272703e+01 8.479215362425271962e+01 6.659772797467104510e+01 8.664527389056976858e+01 9.047676528604081625e+01 9.874487869047274557e+01 8.638948109401657405e+01 6.660892677978681320e+01 7.240251700279601721e+01 7.581633007054217899e+01 7.073315552892694313e+01 5.343783986791706297e+01 3.115573630305581432e+01 3.949262695094668629e+01 3.843969403841279586e+01 5.686392280896679807e+01 6.120922036954605261e+01 8.059225851183450118e+01
4.822159229457761853e+01 6.654410999504744950e+01 6.320194340299145352e+01 4.660186413349355661e+01 4.909028171633214299e+01 5.172927354560598445e+01 5.516036348376002252e+01 6.562916199283715457e+01 8.589891675934060800e+01 8.853344734837995134e+01 1.004653165287870564e+02 1.071583670940526360e+02 1.154828529613107264e+02 1.255343048490984756e+02 1.269052086070075234e+02 1.169255186622589235e+02 1.086604653856856402e+02 1.016022308471613798e+02 9.582268398328837122e+01 7.893494528115448361e+01 6.473179322399903413e+01 6.076837307450463754e+01 7.630875095881617654e+01 7.044016727258345156e+01 9.047676528604080204e+01 9.462432274170627977e+01 8.638948109401657405e+01 8.840335694379689357e+01 8.008525220909545794e+01 6.221464620995586614e+01 3.983809280741556336e+01 4.949536223826817150e+01 2.954929416428917932e+01 4.949536190876960262e+01 4.813495872763207473e+01 6.120922036954605261e+01 8.059225851183450118e+01
6.824836532439505277e+01 6.824574476593389250e+01 6.661327805482036979e+01 6.661328032017948431e+01 5.453099735835333206e+01 7.228138250739817749e+01 5.986002551937611571e+01 8.027570280462549590e+01 8.589891675934060800e+01 1.060007511373036522e+02 1.169385433281710789e+02 1.141363627382644665e+02 1.141363627390426814e+02 1.224947800118508496e+02 1.233653200791227675e+02 1.133985493743501536e+02 1.051027436302935172e+02 1.133625423190724320e+02 1.070089517971149036e+02 9.305037973840283883e+01 8.479215362425271962e+01 7.630875095881617654e+01 5.619231236318765355e+01 7.044016727258345156e+01 9.047676528604024782e+01 9.540726468893261369e+01 9.425329160907922699e+01 7.429733285159986167e+01 6.003837532725514592e+01 5.089717759816949894e+01 6.221464620995586614e+01 4.840396197737172912e+01 2.841287516526774226e+01 4.686991650353773764e+01 5.508623163488361740e+01 6.156571195021788157e+01 6.977845197059340876e+01
7.625172924529668705e+01 8.836605723260171885e+01 8.691322118506994343e+01 8.109694722877104311e+01 6.070624242660003489e+01 8.109692701825801464e+01 8.027570280462549590e+01 6.913507972600319818e+01 8.083094548027618487e+01 1.008421096502628416e+02 1.082586928229717813e+02 9.402276272004905877e+01 9.402276272004928614e+01 1.141363627390426814e+02 1.149198637834026471e+02 9.511013707932752936e+01 8.512218553098743712e+01 1.007152810377195920e+02 9.624493469364568909e+01 9.207254789706259146e+01 9.304250447964054160e+01 7.340523808861848920e+01 5.328240177024607505e+01 7.340523808861846078e+01 8.956753322775071524e+01 7.544098402343078646e+01 8.956753322868871692e+01 8.840335694379689357e+01 8.008525220909545794e+01 7.230763050011769622e+01 6.243638579599026883e+01 4.259316733047892001e+01 4.685074101557370341e+01 2.679128501983534960e+01 4.534188753740289002e+01 4.169566652292366626e+01 5.883878643326355018e+01
8.456793802056186848e+01 9.789898027585000762e+01 9.535387891433526875e+01 7.519153276678366637e+01 7.256961899794326598e+01 8.943410530513246215e+01 9.755602138929599221e+01 7.927894843561875859e+01 9.755602139193374001e+01 1.090946569711271081e+02 9.991389209983374542e+01 7.991993663307600571e+01 9.991389977153863811e+01 1.154201278148028535e+02 1.066429803901275193e+02 8.666750982009125437e+01 7.510768088369667339e+01 8.072554616186792487e+01 7.623707569362255754e+01 7.204345310121152579e+01 7.440921922475767758e+01 6.471002817979282895e+01 5.046653195920108459e+01 7.058751855284171484e+01 8.063639408228463878e+01 6.132479142692447027e+01 8.063639408228463878e+01 8.127823613836508798e+01 7.298899861273807232e+01 8.127823613836508798e+01 7.065359036109673241e+01 6.243503054904718397e+01 5.507384698359599184e+01 3.951913363429271442e+01 2.514679744129807304e+01 4.382178304888525844e+01 4.013666418442086581e+01
6.947065620754874260e+01 8.953379921265361929e+01 1.036766778436516034e+02 9.535387891433526875e+01 9.274549421848992381e+01 1.010688798120676068e+02 1.075520845162195087e+02 9.929836521495451507e+01 1.075520845165028447e+02 1.077758849042139246e+02 8.771578715806296600e+01 7.365985499288107974e+01 8.702082059736673614e+01 1.012204742060848446e+02 1.112494023535198124e+02 1.033858885763008288e+02 8.658044376659327668e+01 6.653179360420882915e+01 6.201584220720421570e+01 5.780187947344769128e+01 5.428906705948264744e+01 5.093470101130134253e+01 4.776096003605648832e+01 6.497131001501686853e+01 6.299056574990517987e+01 5.235438705772969570e+01 7.235810108812079022e+01 7.124820920313906925e+01 5.290903589283789188e+01 7.124820920313953820e+01 6.655842675814031395e+01 7.083889051193196451e+01 6.761048822116742940e+01 5.356481967331057348e+01 4.382178312858830793e+01 2.351212602669281182e+01 4.127533460040628910e+01
7.057092631553204853e+01 8.472377832482933968e+01 1.049521152114988780e+02 1.095742866953817014e+02 1.012264777629227126e+02 1.095742866953817014e+02 1.133745766255356244e+02 1.049851467456252720e+02 1.026929893390720991e+02 9.704894723302652437e+01 8.806327749275860128e+01 6.816811519125640473e+01 7.295944817356601675e+01 8.288330994918392491e+01 1.029032695984914341e+02 1.007154017746016592e+02 8.072554633803891022e+01 8.658039923440821894e+01 7.054638108562544119e+01 7.204345308962624017e+01 7.440941062119206606e+01 6.257053808332049272e+01 6.497130994408867366e+01 4.486895138500095470e+01 4.289627748476333124e+01 5.836754992849463974e+01 5.846528617661902416e+01 5.690290623864940045e+01 4.286936125676794518e+01 5.385634924155476000e+01 4.648745796148004672e+01 5.184759925912408818e+01 5.350611296894983582e+01 4.693223651805182328e+01 4.622675988246951562e+01 4.230045009756567254e+01 2.187221740770609202e+01
9.064852102680885082e+01 9.901257683329112069e+01 1.094848421405020105e+02 9.954443641910012275e+01 8.120558611680364436e+01 9.954443641910012275e+01 1.049851467456252720e+02 8.488832589669908657e+01 8.262834341819976203e+01 7.678480949921220144e+01 8.280167603053759251e+01 6.304247594824442302e+01 7.706953406279014018e+01 9.691116995208005847e+01 1.112494023535198124e+02 1.089858500099672369e+02 1.007153962034297479e+02 9.885144212555563570e+01 8.213198971074987753e+01 9.207253411349601890e+01 9.092537863538103693e+01 8.264723761973024807e+01 7.327243316125731099e+01 5.647818925973125914e+01 6.032395406991039266e+01 4.024531567847573399e+01 3.839615248166597183e+01 3.684019631783091597e+01 3.530348096329700525e+01 3.380516011785559272e+01 3.231448850337303469e+01 5.005102910873351618e+01 4.463523186095311246e+01 2.664927552575138492e+01 2.513803794051854368e+01 2.362867183202142130e+01 4.030192056718901483e+01
1.080076333910513142e+02 1.094848421405020105e+02 8.940574139233967799e+01 9.121603193986319980e+01 7.127799595398721522e+01 8.814961637113742654e+01 9.646938894076490101e+01 9.077454844305846393e+01 7.082050279205832055e+01 6.271500291888840195e+01 7.402439106872643038e+01 5.920976538902633024e+01 7.328868095188586551e+01 9.369546670502219854e+01 1.119708664556253979e+02 1.036165701334278992e+02 1.119708664556253979e+02 1.103867249091736369e+02 1.021215461430940223e+02 1.040141612293089537e+02 9.569462055827676750e+01 8.859178765658872123e+01 8.485858801668982210e+01 7.657311661540275338e+01 6.255072575555497849e+01 4.261515444738319758e+01 5.846528617794498928e+01 5.102274347856914716e+01 5.535962065601950854e+01 5.385630245113293313e+01 3.691116459777703085e+01 3.021863744146050124e+01 2.875397128781432698e+01 4.641170987390938762e+01 2.666560053447476974e+01 4.389757719875739639e+01 5.135744838642769139e+01
8.767932554100212883e+01 1.020357537548312195e+02 9.309032503152410243e+01 7.313687682236968612e+01 6.426009024868466213e+01 6.821925271453727646e+01 8.493631912103610659e+01 8.998128294944442018e+01 7.002306674975406509e+01 7.002306674975406509e+01 5.422057548385669890e+01 6.828929768144317336e+01 7.909612333537685913e+01 9.905821413917743712e+01 1.019035631708930083e+02 8.349622968683539170e+01 1.019035631708930083e+02 1.112308041215957672e+02 1.073415736329302632e+02 8.716845915425970759e+01 7.560477531660269790e+01 6.862973312612729160e+01 7.966448547645480005e+01 7.416157379152258500e+01 6.558838915832036776e+01 4.566909813716439714e+01 6.558838915832036776e+01 7.109973526697301338e+01 6.770091867363845495e+01 4.762827009219378027e+01 5.697178174463506650e+01 5.028502455293512696e+01 4.869650042050771788e+01 2.968085348573315230e+01 4.658995732286161484e+01 4.655920040748247146e+01 6.591182796005543310e+01
7.339011029692478871e+01 9.297720591802267620e+01 9.436677296243482260e+01 9.074811572606043342e+01 7.080020891425023422e+01 5.673740111011786524e+01 7.064110727712156290e+01 7.446714694005113699e+01 6.618810907974649638e+01 5.009603661582148959e+01 6.160633540266160679e+01 8.151997093887580093e+01 9.634802366222575642e+01 9.977073985655349020e+01 9.355639988189379608e+01 7.346537019005936031e+01 8.276144616451648517e+01 1.028793386703833619e+02 1.156359765328815996e+02 1.040141612293089537e+02 9.569462055827676750e+01 7.966448547645480005e+01 5.982345523208175564e+01 5.431062249989556534e+01 5.045858611940723648e+01 5.564711458214642903e+01 7.385938589564717915e+01 8.187830311065835076e+01 6.182880991958682415e+01 6.770117051585347667e+01 6.351494263336969226e+01 5.240738577454895619e+01 3.280168317691684621e+01 4.943529508317389798e+01 3.912809618220776287e+01 5.295536880616415942e+01 7.219229364202313093e+01
