LEM/with_lateral_4open/elevation_000448.asc
nrows	100
cellsize	150.0
xllcorner	0
ncols	100
yllcorner	0
NODATA_value	-9999
[rows 34 to 50 of 100, columns 37 to 73 of 100]
6.660747781645521570e+01 7.084755662548711541e+01 6.426053222254067521e+01 4.419350773552002920e+01 6.426053222254067521e+01 7.565882715156534744e+01 8.412749895838457803e+01 8.593049517305885843e+01 9.428993457998493000e+01 8.444123714346983434e+01 7.619860451575594595e+01 7.406578757815078973e+01 5.420324935675633782e+01 4.010082333654455056e+01 6.002099949774272858e+01 7.098608629461622854e+01 7.005632244659695118e+01 6.913366735067931756e+01 6.092971399304396130e+01 4.411508122664864828e+01 5.406737533534816720e+01 6.555100535318972277e+01 8.532075494231042967e+01 8.027923777962368490e+01 8.027923777962368490e+01 9.996961737911770740e+01 9.982429224574656246e+01 7.964817449441628128e+01 6.542306469331566632e+01 5.828391577558227254e+01 5.382036227954036178e+01 4.967182522637934028e+01 4.562603009419625977e+01 4.168993252436403196e+01 4.168993252436403196e+01 5.370605134877242648e+01 7.400639976279650512e+01
8.652591548253172959e+01 9.073441134133818764e+01 7.268174708653116056e+01 6.426053219867525002e+01 4.918473711970548123e+01 5.550553708735040459e+01 6.970542298621631971e+01 9.003161623139129688e+01 1.020417616874682381e+02 8.234089959829809402e+01 6.835384228639964022e+01 6.782829995970057269e+01 4.792336043559708969e+01 6.002100027034469321e+01 4.284462949357091333e+01 5.696402697043819074e+01 7.681673265596694478e+01 7.838267249717004859e+01 6.013732988782663824e+01 4.639652572941128739e+01 6.626015813924286135e+01 7.231141260184062958e+01 7.761394915244586912e+01 6.627052770989060093e+01 7.772406590171034679e+01 9.741495869492440818e+01 9.909584844130107228e+01 7.891798407096176504e+01 6.730550489918367418e+01 7.843898136540448718e+01 6.813744831020464687e+01 6.999670083388855346e+01 6.608517669947478623e+01 5.846141402708664714e+01 3.775971975062458341e+01 5.544176166158874253e+01 5.544176162120072604e+01
9.906630973257723838e+01 9.019933972797032595e+01 6.987085841871102332e+01 5.566996349513236453e+01 6.335504095769522337e+01 7.565882715156534744e+01 6.970542298621631971e+01 9.003161623139129688e+01 1.042016738767730288e+02 8.449488545459072952e+01 7.670426244291778062e+01 5.685700697287413163e+01 6.782829995692782177e+01 6.476763195025280595e+01 4.482916320584799763e+01 6.476763148333667175e+01 7.640047702225251669e+01 7.734672287841495120e+01 5.759270823183171473e+01 6.497787604328752309e+01 4.988646605761400110e+01 5.245413789206541821e+01 5.777363647723289830e+01 7.761394915244586912e+01 9.422801639806354501e+01 1.056140579885780539e+02 1.074338773218623686e+02 9.579231457746307399e+01 7.735902802756564256e+01 9.579226474184504525e+01 8.829270206814926780e+01 8.564234356858317199e+01 6.543122667867820041e+01 5.097081825804561817e+01 5.544176166158874253e+01 3.471162321290736230e+01 5.251007745320413278e+01
9.935242826114424020e+01 7.889413022472670889e+01 6.724830481721323849e+01 6.199932600600211430e+01 8.221893432154917036e+01 9.209982630063414888e+01 9.003161623139129688e+01 9.854957493055286477e+01 1.124199337475776872e+02 9.644639243186628619e+01 7.670426243978795355e+01 7.382533454737101408e+01 5.393542509226825388e+01 5.008270057749844284e+01 6.476763046540813207e+01 4.825909086549373939e+01 6.820014756081521057e+01 8.402042928406994804e+01 6.714144092111273210e+01 7.697061944656455523e+01 6.137600650855127071e+01 7.231141258200131006e+01 5.674530543460690524e+01 7.659156698202423286e+01 9.156544510989132846e+01 9.220362329583859662e+01 1.119100224739374596e+02 1.058738268432150278e+02 9.753327812439304978e+01 1.058738145575533167e+02 9.658459648972133493e+01 8.824636576833580648e+01 7.970801410896442007e+01 7.135092576037737899e+01 6.385526512467736637e+01 5.251007745320413278e+01 3.180356804466958565e+01
1.078930641924149398e+02 9.605429897483179502e+01 8.754082437907906922e+01 7.623906191232416063e+01 7.360498730597086592e+01 8.529945274200915151e+01 1.058515823023064542e+02 1.156570160573917718e+02 1.074291389080422050e+02 9.398221429482015310e+01 7.955248866897370874e+01 5.971304482359419552e+01 7.382533454737101408e+01 6.999751969913189953e+01 7.073253498274651463e+01 5.079112567659296218e+01 5.759120147798032008e+01 7.973383738469659932e+01 7.811792198556742051e+01 8.937111716351284940e+01 8.118400235190615888e+01 8.063823534931482584e+01 6.081223197856916585e+01 6.358216104713516614e+01 7.248326608366731705e+01 8.644169466517359979e+01 1.061141495414157703e+02 1.063911174559212043e+02 9.805882722432312448e+01 9.805882722432312448e+01 8.824636576833580648e+01 6.806524501254206427e+01 7.397615842996950164e+01 7.778212175811303553e+01 6.942337322992973725e+01 6.093179089892231559e+01 5.250465696565593987e+01
9.439792402546558492e+01 9.290344688512624316e+01 1.011884888305644665e+02 9.665562311017902175e+01 9.398580476746003853e+01 1.025198654640227005e+02 1.144001928742384138e+02 1.074291389080422050e+02 8.777025754970473770e+01 8.580491632471212426e+01 6.603300402714988593e+01 7.955248866897370874e+01 8.773258088849145508e+01 7.452031254900106205e+01 5.465697436183128843e+01 7.073253517544854674e+01 6.559322155240757013e+01 8.397322364530043615e+01 9.161422767970688597e+01 1.006519326617976304e+02 8.097593548106875971e+01 6.696880770329767074e+01 8.063823557797810793e+01 8.338441144243994074e+01 7.296214177295448167e+01 8.691929171484139260e+01 1.065968185497863630e+02 9.805882722432312448e+01 7.789001208005075227e+01 7.789001208005075227e+01 8.824636576833580648e+01 6.806524501254206427e+01 5.368384514326937307e+01 6.383000208184103741e+01 4.900628722605659249e+01 5.547535730160043954e+01 5.040454696601520368e+01
7.438285713305158708e+01 7.288889769561401977e+01 8.703988459845021453e+01 1.070593384814391698e+02 1.042379765729170202e+02 1.016433229161656016e+02 1.099220722320408754e+02 1.074291389080097758e+02 8.777025754970473770e+01 7.383759650755469295e+01 7.748868241386280431e+01 9.398221429482015310e+01 9.118279067931506177e+01 7.146912966145384871e+01 5.742066689542421898e+01 7.724312726059685019e+01 8.474156217804886637e+01 9.291060987672221927e+01 1.110523450395178600e+02 1.028084782718192969e+02 8.312733026706889916e+01 7.211560441398502519e+01 9.182779783481485936e+01 1.008689421034620182e+02 8.284991345135624385e+01 1.008715270941337252e+02 1.097125540565739215e+02 8.952770708558685442e+01 7.527449981273703372e+01 6.364915347446037686e+01 7.478678670593340883e+01 7.089662983931185636e+01 6.383000208460717317e+01 4.328537187431446398e+01 3.691559663141101311e+01 3.474519924153599248e+01 3.263504972021349460e+01
6.036554280274404505e+01 8.024513449993726510e+01 9.345893375449198004e+01 9.835921154738726102e+01 8.420243134244681471e+01 8.159896361116022945e+01 9.835921155694393292e+01 1.099220722615942378e+02 1.017136368035482832e+02 8.267162319315559671e+01 9.716510311074580386e+01 1.053610681039462662e+02 9.612462443232745102e+01 8.049641337047856382e+01 6.070734845077534914e+01 6.555795748629213904e+01 8.530470199792772235e+01 1.022887850856846654e+02 1.136634179134344862e+02 1.110228946316420036e+02 9.839765177276184716e+01 7.872973589197626154e+01 8.574045621553611340e+01 1.041119309580347334e+02 9.674363990897333565e+01 1.107278748800942623e+02 1.068848930545341034e+02 9.786775221190612228e+01 8.952468994116777878e+01 7.478678670593340883e+01 5.457290985940419148e+01 5.058870127169948461e+01 6.098412679774660461e+01 4.034219416218746090e+01 5.763556313949314358e+01 5.547535730160043954e+01 4.467668976266838143e+01
5.450687979023688712e+01 6.631557112658228448e+01 8.175024714547079441e+01 8.605105271267225930e+01 7.004470643796021534e+01 7.004470643796022955e+01 8.159896361116022945e+01 1.016433229161890353e+02 1.105200976763437950e+02 9.654377962843165051e+01 1.105200976763437950e+02 1.049287885326528880e+02 8.795109023545671789e+01 6.822786914637815414e+01 6.505355849988178818e+01 8.480691132626120066e+01 7.442853597098589091e+01 8.580137147393645591e+01 1.054449039536510355e+02 1.123172000648957436e+02 9.263198608805282674e+01 9.008367957184927377e+01 1.041119309580347334e+02 1.120960413740822048e+02 1.164499971905994187e+02 1.128282758472778227e+02 9.263414636443590666e+01 7.837019000930226298e+01 6.937785898173585508e+01 6.225451825636702097e+01 7.322454821038296302e+01 5.295532025179089430e+01 4.508391112948429225e+01 4.398523548645353287e+01 6.450287251935712618e+01 7.356863128842580579e+01 6.519438459666740471e+01
4.912207469073360500e+01 6.718946756142894117e+01 5.701520464307804303e+01 6.885882354572257213e+01 6.017138463160544148e+01 7.419140805631076319e+01 9.422020395768218748e+01 1.022980302626272930e+02 1.105763010800229580e+02 1.162355795551242323e+02 1.106383933612479069e+02 9.098289473562768137e+01 7.708757708169069645e+01 8.795109023545671789e+01 6.961873310377281143e+01 8.932862886396596025e+01 9.410370518865268252e+01 8.834632141958212515e+01 1.080032595188815208e+02 1.205607686987830789e+02 1.123172000648957436e+02 1.097381619261863932e+02 1.179704638420436851e+02 1.244472592725203839e+02 1.162400150614593173e+02 1.140729434219901179e+02 1.068848930545335776e+02 9.666093826721601090e+01 7.649534362034029300e+01 8.240170809701567123e+01 6.581194900768592504e+01 6.556350118481569211e+01 6.556350272280432989e+01 4.772364770828331615e+01 6.219366030384865240e+01 8.237963989605098902e+01 7.340269157431075087e+01
4.477878513236721858e+01 4.742712595868917447e+01 5.022867487949302046e+01 5.308066607619903010e+01 7.279624848731987186e+01 8.294275232971149592e+01 8.811950193882519500e+01 8.224656321261527125e+01 1.022980302626272930e+02 1.150589956062259915e+02 1.091644551878169693e+02 8.951944053770183984e+01 9.673985699546904016e+01 9.458110918678194423e+01 7.492787944314487447e+01 8.572288134750039035e+01 1.053723654535451999e+02 1.080032595188815208e+02 1.162312643858099079e+02 1.185359959118940907e+02 1.267346944640503494e+02 1.165053482824589821e+02 1.082883052218118678e+02 1.138175170187465568e+02 9.632474385176605836e+01 9.414147113735991468e+01 1.082107174240618974e+02 1.049952141883865693e+02 9.666093826721601090e+01 8.227873135717055675e+01 8.597984365744898128e+01 8.576843899432427065e+01 7.186891403733544337e+01 5.160498478222324792e+01 6.596470850042510392e+01 8.612292711958241398e+01 8.174847247000984396e+01
6.455630157030037708e+01 6.136223722491615007e+01 6.410728227349723340e+01 7.279624848731991449e+01 5.825444786784844098e+01 6.297667244815607290e+01 6.807003691524218425e+01 7.513957849563513491e+01 8.675037595906395893e+01 1.067860727021231924e+02 1.173952129324454887e+02 1.033814776643707773e+02 1.084624414493649311e+02 8.883127309981287567e+01 8.298087528858394535e+01 9.458111637880860201e+01 1.135871630524163436e+02 1.268950857198603899e+02 1.070688404919538499e+02 9.867429999061495494e+01 1.152790959515445053e+02 1.049814509616145415e+02 8.827767999817690736e+01 9.385125676418152807e+01 9.385125676418152807e+01 7.985456125647068859e+01 9.237284146401083262e+01 1.123546651317968212e+02 1.107692382561781130e+02 1.024479048288039138e+02 9.374197008888323523e+01 7.358387716379810684e+01 5.932971780860498967e+01 6.596470850042510392e+01 6.121451092907535241e+01 8.137057265742019752e+01 9.076776314720281391e+01
8.167904253218368638e+01 8.125764607090998481e+01 8.402398352144822979e+01 7.810026666611317125e+01 7.810026666611319968e+01 6.878316822765107474e+01 8.811950193882519500e+01 9.521845779411633259e+01 9.154545254613232430e+01 1.115614569702097043e+02 1.220412947047205847e+02 1.231257979558193369e+02 1.166858203139499182e+02 1.084624414493649311e+02 9.276936339465630965e+01 1.107812064875194409e+02 1.225019474917202444e+02 1.212583824461577535e+02 1.070688404919538499e+02 8.706064126004675074e+01 9.706474091489671707e+01 9.243525759786923857e+01 7.656710877942902016e+01 8.397976649927753101e+01 7.364346416718603905e+01 7.214429545872900462e+01 9.237284146401086105e+01 9.924221161503973576e+01 1.074724333486727375e+02 1.001475260754074270e+02 7.996881469801945741e+01 6.835194391677632098e+01 7.948804588576697938e+01 8.612292711958241398e+01 7.285071088254930771e+01 7.546510364312456431e+01 9.562763604390680428e+01
8.215319579810740436e+01 8.565030688582172047e+01 9.393180664399032764e+01 9.811965460762741031e+01 9.708902138070008903e+01 8.293018999621575915e+01 8.512342649075834800e+01 1.051555196715722218e+02 1.115614569702097043e+02 1.161972564357647002e+02 1.020805822470536128e+02 1.086163699893880050e+02 1.168866191618758421e+02 1.206220602606662737e+02 1.123945559068632747e+02 1.206220602606662737e+02 1.270562776992657348e+02 1.072618792647946151e+02 9.314676152588744173e+01 8.410205795312168675e+01 7.688529015815834100e+01 7.219039207846000750e+01 6.784082883613106674e+01 6.369766831187605050e+01 6.346476515652532413e+01 8.374736046569253745e+01 8.501336951471684245e+01 7.911959013989785205e+01 9.924221161503973576e+01 1.084794002762844940e+02 9.684000245383408867e+01 7.840936053169799891e+01 9.684000245383408867e+01 1.013473203422167899e+02 9.300892027862579425e+01 9.562763604390680428e+01 1.039621528494577518e+02
7.624585043390351302e+01 6.570986813816523409e+01 8.042805588901661906e+01 8.871013966395244665e+01 9.765189963623394931e+01 1.029688720393616990e+02 1.051555196715722218e+02 1.133190366869745986e+02 1.050442606293904504e+02 1.061898786954484706e+02 8.789211778763255722e+01 8.858570404871001358e+01 1.027705846725486936e+02 1.227293441840233896e+02 1.216912726021809448e+02 1.134537251423906810e+02 1.134510332594440030e+02 1.212586261267343986e+02 1.123689100643938588e+02 1.041542667040581307e+02 9.706474091489671707e+01 9.243525759786923857e+01 8.811903791426738053e+01 7.882810851282911813e+01 5.856966401844439929e+01 7.481633878773295976e+01 6.471520899667547155e+01 7.904650634719666868e+01 9.905923689033444646e+01 1.158136024831681254e+02 1.069200552340041241e+02 9.858532272784749750e+01 1.069200552340041241e+02 1.048665412213633203e+02 9.663814612281225891e+01 1.048665412213508148e+02 1.017630932843570832e+02
6.665332240638494454e+01 5.433591593161493449e+01 6.053616985653363969e+01 6.937557183330046939e+01 8.350897284182777014e+01 1.035187583263260507e+02 1.080887258628308274e+02 9.980590302945887515e+01 8.499050589189943139e+01 9.031319774021413593e+01 7.781152613988989231e+01 9.790952867811101612e+01 1.086163699893880050e+02 1.285717717644307356e+02 1.134537256172994972e+02 9.346525444412488071e+01 9.346522421203457043e+01 1.045048136718673675e+02 9.623353090965794365e+01 9.651556872296288248e+01 8.822453046258057441e+01 8.736656415517271057e+01 8.408862136700058443e+01 8.714169191160331707e+01 7.481633878774333368e+01 5.459399398021390937e+01 6.764683579662694513e+01 8.565959819821273413e+01 8.755834486307409747e+01 1.016859736732269823e+02 1.132329813476202531e+02 1.085024223867979742e+02 1.002843011604182237e+02 9.482900404277320661e+01 7.647609879981811787e+01 9.482900404276912809e+01 8.167491098414602391e+01
4.688610861471079971e+01 6.665332240638494454e+01 8.042805588901661906e+01 8.871013966395244665e+01 9.765189963623394931e+01 1.014156198837949461e+02 9.312633891201959102e+01 7.973362900617500770e+01 7.336769990256898666e+01 7.020738224185143395e+01 9.031319774021413593e+01 1.002448275700828617e+02 1.073288951621781422e+02 1.155970489424984748e+02 1.134510465311089291e+02 9.346522422666984653e+01 7.916318210639708752e+01 8.981720443967112999e+01 7.605571570724781338e+01 8.044724747186407399e+01 6.800472515091723835e+01 6.716538028778545311e+01 6.389088578278624198e+01 7.709044142259708110e+01 6.875963093648228153e+01 5.209069896482066042e+01 7.227280202418015165e+01 8.333869793153392891e+01 7.325352729103408933e+01 8.494870448935544971e+01 1.050022224062181095e+02 1.002843011604182237e+02 8.017361678215758047e+01 8.606389986224780841e+01 6.629150373701929766e+01 7.848751752344676902e+01 6.993887833269579346e+01
