LEM/with_lateral_4open/elevation_000300.asc
nrows	100
cellsize	150.0
xllcorner	0
ncols	100
yllcorner	0
NODATA_value	-9999
[rows 17 to 33 of 100, columns 0 to 36 of 100]
5.222468517465790605e-02 2.005222468517430201e+01 2.864603802305258284e+01 3.336008323096250194e+01 3.852406102590563819e+01 4.680833227336724178e+01 5.374243453450219477e+01 5.959487608615118148e+01 4.816139501103189247e+01 4.953928653219559664e+01 2.968380345877167414e+01 4.953928653219470846e+01 6.313339395069597515e+01 4.639317966514681757e+01 4.191698747971388173e+01 4.858424746741310685e+01 5.858436443362388957e+01 7.272698334257958663e+01 9.273167997659014361e+01 8.741482420285589683e+01 7.906170350656509527e+01 6.664213563473218471e+01 4.654007143973931448e+01 5.131005010991441395e+01 3.122887972166167003e+01 4.065976359630412418e+01 5.606351725243861495e+01 6.298622297683659355e+01 4.403509321934426879e+01 5.072214487746779810e+01 3.457684097561273262e+01 5.464898731441792279e+01 5.070325110799369384e+01 6.488200834414445239e+01 8.495178277037129533e+01 8.455528078145556492e+01 6.452035821105826585e+01
7.333276091007127906e-02 1.421547158421159551e+01 3.421600901081275481e+01 5.298737299223079589e+01 4.860737487109178545e+01 4.036188606918374688e+01 3.396735334572855436e+01 3.975933106785373639e+01 3.397127543591055598e+01 3.765059557936121593e+01 2.444316671692467580e+01 4.441338857477736468e+01 4.907182268695907368e+01 3.484180418491948927e+01 4.639317966514526859e+01 6.639455082863847224e+01 6.272664160831989477e+01 8.272933165958485802e+01 9.335306946969667763e+01 7.314202589744100180e+01 5.888010495552488521e+01 6.629773985855584328e+01 5.503620346146521314e+01 3.497273669515756467e+01 5.122168684097862723e+01 5.226482531117780184e+01 6.750632089349389275e+01 7.102060692839823730e+01 5.932179904476848975e+01 5.435640276457456821e+01 3.737961324203388358e+01 5.748706382930500070e+01 7.076030917402407283e+01 6.488200834414445239e+01 8.495178277037129533e+01 8.595086904104621794e+01 6.591627840031819119e+01
6.343274376862209629e-02 2.006303183188337158e+01 3.298661744233228887e+01 3.298695441028000630e+01 3.752183341949944406e+01 2.145579830222460060e+01 2.101286838447636995e+01 3.252824982584907332e+01 3.462440011010269103e+01 1.735077216506958919e+01 1.990740767249817011e+01 4.009921059714805125e+01 2.904923229344117175e+01 4.907182268695915894e+01 5.893800995491364603e+01 7.468232176487109086e+01 8.272933165958485802e+01 9.101995495176008433e+01 9.067830566947353077e+01 7.046266064189084943e+01 5.621179373055765183e+01 4.620222313993700425e+01 4.043365124048082038e+01 3.916129686958155531e+01 5.071335766692708091e+01 7.092171484308077822e+01 8.317603224654421012e+01 7.871725993936189525e+01 5.923929841841726329e+01 4.218256154293311511e+01 4.342877127680756644e+01 5.748706245492999756e+01 7.765563224871593206e+01 8.495178277037129533e+01 9.326096641974314139e+01 9.422004214410111445e+01 8.266507943827303961e+01
3.497053469895897854e-02 2.003358597220548631e+01 1.298688044665548347e+01 2.445735553068081103e+01 2.593989204233396961e+01 1.298727102956262769e+01 1.460757715958828662e+01 1.203040846456187829e+01 1.419323881927460818e+01 3.462447641692907041e+01 4.009921105136082531e+01 2.353730394818472504e+01 2.702612654281448457e+01 3.064185580544557652e+01 5.065162088337613255e+01 6.242035646529918580e+01 6.949178214006481369e+01 7.778000111597413024e+01 8.778268033844597085e+01 8.473992804763098263e+01 7.465370972969962793e+01 6.586646247654461206e+01 4.577451583632424104e+01 4.374850195270118292e+01 6.382623285489528087e+01 7.939743579683631935e+01 9.286860148419917493e+01 7.993007514869464103e+01 6.594770373751575221e+01 4.574280193982590959e+01 6.355549954364429510e+01 5.289421811819224217e+01 6.714299890539736282e+01 8.735614522145803562e+01 9.933013501031432213e+01 9.096790646158845561e+01 8.707277755068932379e+01
9.635555453094322986e-02 1.539731227505009015e+00 2.986880438089854817e+00 4.457309682277476703e+00 5.939808315599685251e+00 7.459500965937047035e+00 9.033324222653368096e+00 3.032166266776185282e+01 3.462444942298039052e+01 4.293393011240034696e+01 5.191032627208684858e+01 3.776141767178855702e+01 4.119879457234344500e+01 5.065161251984673640e+01 3.609334904424767387e+01 4.241947821140638553e+01 4.949076995093109588e+01 5.949083110547168474e+01 7.949273317465794264e+01 8.875770942552829013e+01 6.854192329616836332e+01 5.430234595753050542e+01 6.586646247654461206e+01 4.858866159721865330e+01 6.278647086507023545e+01 8.299432153904909626e+01 8.534651941569843814e+01 6.296358927020558127e+01 5.112794357809067236e+01 6.561159959844100342e+01 7.402320507320298759e+01 6.295700095662461138e+01 7.306329240305932160e+01 9.326559110908067396e+01 8.768991931942612439e+01 7.081754607169979465e+01 7.871820695116259969e+01
8.845047570523793812e-02 2.008845047570488163e+01 2.298692292755780286e+01 2.445735553611347157e+01 1.488407590718573381e+01 2.814746104481428901e+01 3.032166266213172534e+01 1.291965969275555715e+01 3.413140441144434334e+01 4.637193259191182193e+01 5.801615831727438888e+01 5.777194663593858337e+01 6.120256686580670902e+01 5.609552261481837121e+01 5.609552341669592579e+01 4.393961240290314407e+01 6.394052791600613972e+01 7.778000111597413024e+01 8.778268033844597085e+01 9.466511386271436379e+01 7.446298996644100043e+01 6.250157017311867236e+01 7.409491188415181284e+01 5.392850631956016372e+01 6.816879350759688805e+01 8.840182727539435348e+01 9.140169192473179294e+01 7.128320302902044148e+01 7.117269194770251772e+01 5.749858427173731457e+01 7.763110357081586699e+01 8.316958409264543661e+01 8.316958413759029156e+01 9.670243101221061011e+01 7.933409046621825667e+01 5.921162797014152801e+01 6.771638132735007787e+01
8.023991185656004221e-02 2.008023991185620361e+01 3.588953657246828755e+01 4.312043132286899549e+01 3.487173909844516118e+01 3.487173639500614541e+01 3.413140448868415433e+01 3.413140451538763642e+01 1.715933373963293462e+01 2.949357699347765305e+01 4.972252498009869726e+01 5.950802438551568940e+01 7.106339088820936922e+01 7.609818755409906998e+01 7.222805978644247205e+01 6.394052791600613972e+01 5.336790496619787660e+01 6.491506172679461883e+01 8.491789663322326476e+01 9.921631199602380491e+01 7.900659717611712551e+01 7.679319911008292365e+01 8.124475063710079326e+01 6.102195279791814642e+01 7.409491189451324544e+01 9.431552886556202964e+01 9.850957769704223210e+01 7.871091283881472123e+01 6.702906971668538461e+01 6.653876257948479633e+01 7.178640770820346972e+01 9.174144868739251990e+01 1.033616021819375277e+02 8.833984423117105678e+01 6.820236662411181783e+01 5.659537293180175510e+01 4.744239916101163601e+01
4.598823041778624804e-02 7.605277690602298080e+00 1.760527769060212222e+01 3.174741331195264848e+01 5.174741079032988011e+01 5.481294718589755632e+01 5.441374450590278400e+01 3.434195531982810223e+01 3.804333669639623139e+01 2.174461957354537134e+01 3.110481078024761814e+01 4.275863916576083312e+01 6.277572024163522002e+01 7.648727665821049015e+01 8.477709417399682934e+01 8.165813719656478042e+01 6.491506172679461883e+01 8.165813719656478042e+01 9.320915061568804560e+01 9.695288656786921422e+01 9.921631199602380491e+01 9.701200054859522481e+01 8.960633774604114876e+01 7.268534507050667060e+01 8.124475063879125969e+01 1.014641748636718717e+02 1.065258758255878462e+02 9.519150038147252246e+01 7.715755195640336694e+01 7.666984324363798464e+01 9.174144868731842450e+01 9.982709395511511730e+01 9.486851250955498926e+01 8.650167031058620637e+01 8.506732844765927837e+01 7.606370556074870137e+01 6.771638132735007787e+01
7.340434288523949025e-02 2.007340434288488495e+01 3.588953657246828755e+01 4.588949950084914775e+01 4.759271246672996369e+01 5.592626776843896153e+01 6.282393878996133907e+01 5.451545007884229932e+01 4.534585467124738045e+01 2.510462334938641860e+01 4.534705595390719424e+01 5.530367945391586915e+01 6.015547789692281100e+01 5.648498988472396576e+01 7.600329268868595989e+01 8.494969925598054772e+01 8.491789663322326476e+01 9.320915061568804560e+01 9.105783444690597150e+01 7.689187948371632331e+01 8.692767531688184590e+01 9.524528872037282667e+01 1.012800958804341747e+02 9.293711608636208155e+01 9.266285449134849728e+01 9.485401134943367651e+01 1.031359986873772812e+02 1.050168889711971758e+02 9.129993641160830009e+01 9.082204059494198134e+01 1.045043887043116086e+02 9.610175608259766022e+01 8.601663088030336723e+01 6.635494509346966652e+01 7.005193805392011086e+01 7.607075385555630476e+01 7.033536003339614240e+01
3.515918393995972474e-02 2.003515918393960504e+01 2.868289899528690157e+01 3.341057901607578629e+01 2.753614699742964689e+01 4.759271246672996369e+01 6.001252333137099981e+01 5.431224205808579342e+01 3.426567331404913119e+01 4.534652120589432656e+01 3.064087921543524473e+01 3.528482128165751419e+01 4.015100044219774134e+01 4.771392125592421252e+01 5.665867762944105834e+01 7.080121696638047979e+01 9.080524756011415377e+01 9.503496058884309150e+01 8.104962260106383098e+01 6.273870038350588629e+01 6.688413142952164492e+01 8.692807535959531151e+01 9.126027615599498688e+01 8.296669538645213038e+01 7.259959860145575306e+01 7.479511394180448747e+01 9.311156287999268955e+01 1.031426036612549808e+02 1.107575314471048955e+02 1.102664175674882046e+02 1.020194103981640694e+02 8.181267739419325835e+01 6.757671440396734397e+01 5.754099356183596115e+01 4.996696264705166612e+01 5.596279695975068336e+01 6.191952268534181769e+01
4.608085242692564615e-02 4.310095177254627430e+00 8.674452948403065022e+00 1.338849801828013675e+01 2.005520160897483350e+01 3.160667529237614204e+01 5.167433843979556940e+01 6.138622050465234281e+01 4.137731205787475375e+01 5.899320991816971116e+01 4.485083333675677153e+01 4.335698991331592111e+01 6.015547789692281100e+01 5.429706199508930098e+01 7.429894502115155319e+01 8.494969925598054772e+01 8.467273021348543693e+01 8.619906621779097122e+01 6.674781219518044395e+01 5.283507670603295026e+01 7.275261208849651950e+01 8.547928246020957488e+01 7.719718803185118361e+01 6.298253018505020151e+01 5.854361863729693738e+01 6.476635292519061693e+01 7.477053582609768512e+01 8.899514527744923953e+01 1.090264605084464904e+02 9.643972949916587822e+01 8.805760828562610243e+01 8.805760828562610243e+01 8.601663088030250037e+01 7.607075386037438136e+01 5.596279695975083968e+01 4.179762498270221016e+01 5.480104275984454887e+01
1.610643649003322755e-02 1.992418741471946575e+01 2.840060419578277262e+01 2.494388448957854010e+01 4.008826771962621649e+01 3.420769757744182726e+01 5.428521991137408520e+01 6.967230197380960988e+01 5.138526896326781923e+01 6.967230197380960988e+01 6.485882499344384655e+01 5.491152159953681178e+01 7.165338052416691994e+01 7.429894502115155319e+01 8.258821829819893878e+01 7.884477374416890427e+01 6.475053480254285887e+01 7.791089811519351827e+01 5.796141158645289693e+01 4.689641854844855118e+01 6.674781219518041553e+01 7.398980227181462510e+01 5.732788578186766415e+01 5.167324196911950196e+01 6.298253018546889592e+01 8.296669638636186050e+01 7.893682747466829142e+01 9.901080289294789338e+01 1.039263284041389710e+02 8.805760828562610243e+01 6.788930397157044183e+01 6.788930397157044183e+01 6.906118427167321272e+01 6.487593471743841178e+01 6.101577223950904028e+01 5.497359085337797779e+01 3.496071492582373708e+01
2.022278438842990689e-02 1.418906910508027153e+01 3.445418332411389883e+01 4.507760835072212302e+01 5.355424309487868584e+01 5.428521991137408520e+01 6.262407128310830728e+01 7.967381243219342934e+01 7.138717874802587460e+01 7.967381243219342934e+01 8.320355465129382821e+01 7.491405079427825342e+01 6.950538741704176005e+01 6.125707552969276293e+01 6.950538741704176005e+01 6.890966960123560625e+01 5.074405569911790082e+01 6.890966959564100591e+01 6.162221057321305295e+01 4.179573981703617136e+01 6.162221057321305295e+01 6.572589288503121452e+01 4.605327897531308423e+01 6.572589288503121452e+01 7.971594059728302284e+01 9.126028611274990965e+01 9.901080289294789338e+01 1.072862982853172014e+02 9.553997451249972528e+01 7.532548688369033130e+01 6.372379244177064095e+01 5.370637505092420128e+01 4.898943252654287761e+01 4.481794210570470227e+01 4.096982961696217274e+01 3.726343761048720893e+01 3.364002074312234214e+01
6.642187732006160639e-02 2.006642187731970495e+01 2.864428468576175746e+01 3.380826248019076985e+01 3.935526444402929513e+01 4.763953817716112127e+01 6.349740005085615024e+01 7.178166904734743525e+01 7.111456803532645665e+01 6.287969080390390531e+01 7.111456803532645665e+01 6.610231168301920945e+01 5.785417624485864962e+01 4.133901365826875463e+01 5.954707047391021035e+01 6.066483322070118334e+01 4.086042415387233717e+01 6.066483322069559136e+01 5.729572372952528525e+01 3.746723111694620911e+01 5.729572372952528525e+01 6.219258488783511041e+01 4.246335144756048408e+01 6.219258488783511041e+01 6.797877163831917358e+01 7.395558816102004585e+01 8.062328391200721001e+01 8.892307796917879159e+01 9.895663582801309133e+01 8.543273069809508513e+01 6.527812477004320613e+01 7.379646354012348297e+01 6.055397772953713798e+01 5.898249882020375878e+01 5.777338818780455654e+01 3.773676566668356003e+01 4.786759594200533030e+01
1.591255364720534082e-02 4.279926880759396646e+00 8.644284685479206587e+00 1.380826248042238369e+01 1.935526444267457791e+01 3.935526444844312266e+01 4.349740006640356427e+01 6.349740005085615024e+01 6.114566268845656083e+01 4.291824574821239224e+01 6.114566268845656083e+01 5.785417624485864962e+01 3.792915578724082337e+01 3.136764921662469519e+01 5.129803626484062562e+01 5.406336353175804277e+01 3.424478829735636509e+01 4.618624916995938179e+01 4.763643401883727080e+01 3.340746275790705511e+01 5.242244006178047755e+01 5.492189364479293801e+01 3.899238639207392509e+01 4.368213818657624614e+01 4.836466339673835080e+01 5.413273031442471250e+01 6.062019665904566779e+01 7.057744862237605332e+01 9.066911920163825300e+01 9.381440391076350238e+01 7.688632150026948864e+01 8.905835738730502271e+01 8.068224452347232045e+01 7.910394758951838412e+01 6.076571222840042452e+01 4.071166739478960750e+01 6.076571222840042452e+01
6.189296070378335485e-02 2.006189296070342820e+01 2.864428464720446499e+01 2.497421630386425662e+01 3.935526441561773225e+01 2.935526444267440027e+01 4.935526443811889408e+01 6.567065563598448819e+01 4.579255696592132807e+01 3.290684957682000089e+01 5.275942408792862892e+01 4.388527659399548497e+01 3.593902571102208299e+01 2.381204521565669197e+01 4.376505916373390903e+01 5.072952887828055424e+01 4.193228801519201454e+01 2.574727154654766537e+01 2.776927062067129626e+01 3.015643406923376091e+01 3.257398489877682124e+01 3.508310191156655833e+01 4.185777743289971653e+01 5.489993270542317561e+01 6.797877163831917358e+01 6.431556994462947330e+01 8.062328391200721001e+01 8.892307796917879159e+01 9.895663582801309133e+01 1.054930532387610782e+02 9.710734277346175247e+01 1.035738245178799559e+02 9.162885415997858729e+01 7.730664952353495778e+01 6.388000057082135896e+01 4.379653657984471238e+01 5.775375366278728251e+01
2.247884206357958492e-02 1.416461446579838501e+01 3.416461449653787952e+01 4.497421623666522805e+01 5.325847221266637632e+01 4.935526443811889408e+01 5.763953455687549621e+01 6.484041357008129580e+01 4.579255696592132807e+01 2.581073248586902480e+01 3.760298752556718682e+01 3.329919479918139302e+01 1.595760053512235288e+01 3.593632500226284066e+01 3.906360073713665315e+01 4.037560791041425290e+01 2.305634923391309954e+01 4.173071239003559896e+01 4.742812651553249026e+01 4.483181601033391672e+01 4.427247979632130637e+01 5.492189364478004165e+01 4.972277358526137192e+01 6.833686054451679581e+01 8.479672060220892149e+01 8.427815000013731606e+01 9.256922849722914748e+01 9.645773687401170093e+01 9.645773710017205360e+01 1.047194994810555642e+02 1.040702019864828287e+02 9.232549670723113877e+01 7.484908064457613364e+01 6.298444488709134248e+01 4.879788894959711598e+01 6.372610070714305408e+01 5.652949683634544442e+01
