LEM/with_lateral_4open/elevation_000553.asc
nrows	100
cellsize	150.0
xllcorner	0
ncols	100
yllcorner	0
NODATA_value	-9999
[rows 17 to 33 of 100, columns 0 to 36 of 100]
5.222468517465790605e-02 2.005222468517430201e+01 3.001766589122049567e+01 5.001766589121881879e+01 5.191212294954916473e+01 6.019682136797711536e+01 6.398941925596628266e+01 4.397705573826181080e+01 4.764939286747784308e+01 3.705884157731012607e+01 2.738695216038936309e+01 4.739279911653405009e+01 5.054096854766950742e+01 5.241835534496483717e+01 6.844336386965399299e+01 7.674179918989790394e+01 8.675438990340924761e+01 8.196281525296632253e+01 9.028162329322435653e+01 9.326591296963323430e+01 9.074240853132235429e+01 7.073141231138380647e+01 5.657551161931412054e+01 4.899794531989603286e+01 4.230137399431404077e+01 4.999479671169891049e+01 2.987659459774967274e+01 4.569860634666640209e+01 2.911205069918124266e+01 3.520717035319668042e+01 4.192416895341084881e+01 5.611214491562588336e+01 7.617780416897248585e+01 8.053095914377688302e+01 6.085182296079521791e+01 5.105814789217374994e+01 4.414474295021529571e+01
7.333276091007127906e-02 1.421546839512718918e+01 3.421547504439915599e+01 4.317354157594100883e+01 4.626038359284049051e+01 5.453654807406729788e+01 6.376245980124573265e+01 4.699292665222280618e+01 2.764290608772962443e+01 2.291479775145434061e+01 4.291960153805152345e+01 5.568545572373213304e+01 7.055339045430181955e+01 7.243564044803798652e+01 8.074237040019096412e+01 8.208662391003787207e+01 7.376947514275718731e+01 6.189331269387515988e+01 7.869214402188285362e+01 9.028162329322435653e+01 9.660426619341316723e+01 7.659249740590543354e+01 7.386537708175737293e+01 6.557382458960195493e+01 5.448658999748163723e+01 3.439866860063458631e+01 4.999479671169891049e+01 5.199617338966591262e+01 3.189251662853207492e+01 5.199798493946457967e+01 6.198907319037197539e+01 6.198924044195255334e+01 8.208454413859888632e+01 8.871419364291399745e+01 7.886335801828431613e+01 6.374999136468616001e+01 5.448553040916537071e+01
6.343274376862209629e-02 2.006343274376826713e+01 2.317329628979924294e+01 2.317320156595708269e+01 2.625957585494058932e+01 4.626038520716996771e+01 4.374996994390389915e+01 3.870221990166984227e+01 1.869842509685284782e+01 3.870221998138428177e+01 5.121108775924616907e+01 5.644082476156127370e+01 5.924830503407148541e+01 5.963728689776805680e+01 6.794587586288484715e+01 7.050243377105735476e+01 5.371126898615504786e+01 5.032215551448789626e+01 6.189331269387515988e+01 8.196281525296632253e+01 9.395662558253785335e+01 8.240134798469981092e+01 6.557382458960195493e+01 4.553818412612007904e+01 4.034521929176490573e+01 5.448481830634471379e+01 6.278095207747564643e+01 5.483840909773792305e+01 3.475358648478052004e+01 5.483840909773792305e+01 6.826136305887813194e+01 7.533979820320999465e+01 8.364243298314934805e+01 9.520786587216770158e+01 9.161702138721808808e+01 8.230654928959012295e+01 7.413046808353560380e+01
3.497053469895897854e-02 1.601491434674875425e+00 3.172839837311650868e+00 1.211712218317552292e+01 2.710661299678934455e+01 2.876290933384053972e+01 3.047154779599349084e+01 2.374446073729973961e+01 1.597676972953477659e+01 3.598004833895471677e+01 3.958495595765677422e+01 3.642011211770072521e+01 3.922185528286951950e+01 3.960678939996240899e+01 5.123993658237117899e+01 5.550958992054074770e+01 4.215104092405840674e+01 6.218886441878190396e+01 6.449718350056275540e+01 8.456763467462859296e+01 8.566399714969931267e+01 6.565209163162138850e+01 5.409073527824840255e+01 5.304072780656299102e+01 6.040064446655762254e+01 6.868638344111175797e+01 7.209524236994684543e+01 5.844172098317847031e+01 3.837934433598289985e+01 4.187740035118740423e+01 4.823040830982802163e+01 5.531896104045675600e+01 6.687845663966994891e+01 8.689820588799258871e+01 8.376118024765825965e+01 8.039442209498093916e+01 6.058966746901982248e+01
9.635555453094322986e-02 2.009635555453058942e+01 2.317329628979924294e+01 5.466997176017307503e+00 7.105461017055482387e+00 8.760672794260566221e+00 1.046938810969547795e+01 1.219712496086378906e+01 1.453794790491960498e+01 1.703794790680322535e+01 1.957795046192314459e+01 2.227475002059684073e+01 2.507531079192334289e+01 2.805673775980693918e+01 3.121902816949728532e+01 3.548314061420728649e+01 4.963710860595518426e+01 6.968701395499577700e+01 8.456763467462859296e+01 9.288710454320305132e+01 8.826057902417031187e+01 6.824880528812211367e+01 6.824880528812211367e+01 6.720344755600596898e+01 7.306528891808819992e+01 7.795584340704212423e+01 5.793321236185528988e+01 4.375746384363434771e+01 5.844171834327676152e+01 5.606162141308505653e+01 5.825215943295309984e+01 7.533979820320999465e+01 8.364243298314934805e+01 8.208686966518573058e+01 6.396108196697838366e+01 6.396108196697837656e+01 5.694644610011829400e+01
8.845047570523793812e-02 2.008845047570488163e+01 3.375455945865882512e+01 2.546804799452598900e+01 2.710665735897090656e+01 1.631997660122754468e+01 3.047128974459181450e+01 3.219978400706968813e+01 2.160904451549941641e+01 3.704320122865033227e+01 2.852253119304241835e+01 4.228404485739412877e+01 3.662444318930994314e+01 4.807267333050052116e+01 5.123993658237117899e+01 3.852215821746021618e+01 5.262072048277215686e+01 7.243619370008462965e+01 8.339819820505974235e+01 9.507932797625075239e+01 9.655389068127767871e+01 8.826057902417031187e+01 8.826057902417031187e+01 8.721702583490647953e+01 9.307932702176323403e+01 7.795584340704212423e+01 5.793321236185528988e+01 4.824802630763910827e+01 6.827612401005522713e+01 7.608735047499038728e+01 7.827826904855578505e+01 8.658378785234293673e+01 8.784247561154228379e+01 6.806675051486803341e+01 5.406323764115388997e+01 4.412106387101042060e+01 3.706741412722894324e+01
8.023991185656004221e-02 9.024511821837249315e+00 2.057151718487097014e+01 4.057145638424219669e+01 4.459442840155996635e+01 2.632028317108161630e+01 4.459445674596012310e+01 4.990739571469417513e+01 3.055380678035292874e+01 4.990739924650281978e+01 4.007282114992008104e+01 5.683058791857422420e+01 5.664817788999204140e+01 6.495267211242195060e+01 6.666156787752221646e+01 5.842453821570256167e+01 4.746005738109478500e+01 5.499876994420343124e+01 6.646652041759924145e+01 8.656519289293933639e+01 9.699882041315625258e+01 8.890739617691522767e+01 8.938211589416977176e+01 9.747258945431856603e+01 9.799070618677052380e+01 7.795584340704212423e+01 6.460206331134716606e+01 6.827612401005522713e+01 5.582367900139096406e+01 7.584254362943802619e+01 9.416039781800549235e+01 9.377423428934926619e+01 8.387140410619700504e+01 7.564394030594128537e+01 6.904885928993655853e+01 5.652296754912076437e+01 3.664141748389251063e+01
4.598823041778624804e-02 2.004598823041743216e+01 3.730827415548920811e+01 4.885494145503471231e+01 5.458662826003611457e+01 4.632193537892640478e+01 5.458662826003611457e+01 5.885795764270932295e+01 4.470080393479884151e+01 5.885795764270932295e+01 6.009258092769346149e+01 6.838816641569012234e+01 6.849301393643008851e+01 7.681946796555442347e+01 8.286757414061035831e+01 7.562208600884092391e+01 6.733492856761894529e+01 7.490585896720453718e+01 8.324078808164262000e+01 8.154692994468123857e+01 8.563791799896503676e+01 6.917040648083400356e+01 6.965093082200148444e+01 8.611444487980587326e+01 9.595841159532248810e+01 9.293287738921543450e+01 8.462381940331951569e+01 7.216802561986229136e+01 7.584254362943802619e+01 6.583360050043116019e+01 8.585148675844502009e+01 8.552307982431653954e+01 6.576480078756591752e+01 5.585869725792714036e+01 4.923508294929241913e+01 4.348595631438261933e+01 4.814466345976336470e+01
7.340434288523949025e-02 2.007340434288488495e+01 2.933751906926109498e+01 3.450149686420391504e+01 4.082605218454056484e+01 4.789711999640591245e+01 5.618139124386752314e+01 6.772839662765862556e+01 6.471696623778746016e+01 6.686415826278367547e+01 6.099530799925759794e+01 6.522568376654569988e+01 4.842062022658592468e+01 6.522568349563810841e+01 6.341280313956909254e+01 7.163535686664440050e+01 7.961418358667405926e+01 7.473233127951698407e+01 6.974298044889836490e+01 6.237484663419382258e+01 7.608249118495406549e+01 5.765802090908891131e+01 5.814080318694548311e+01 6.811546912205663773e+01 8.212837145974370401e+01 1.017149675717541157e+02 1.005067091413244640e+02 9.219227382271769500e+01 8.585148675844502009e+01 7.998474513453713541e+01 9.416039781800549235e+01 9.377423428934926619e+01 8.387140410619700504e+01 7.564394030594128537e+01 6.904885928993655853e+01 5.343015575055579092e+01 6.796794377274206056e+01
3.515918393995972474e-02 4.623473861351175884e+00 9.337519069261452032e+00 1.450149686420462913e+01 2.082605218454127538e+01 2.789711999640662654e+01 3.944412538019873438e+01 5.944412538019802383e+01 6.385364984462404436e+01 4.686463130340553818e+01 4.101323396837808843e+01 5.514732119079440764e+01 3.686313923798567060e+01 5.690421200249247846e+01 4.938983021333020673e+01 5.196309369085297902e+01 7.163535686664440050e+01 5.485489320257057244e+01 4.912194791007737393e+01 4.837249596805154539e+01 6.217202699713106284e+01 4.871751324939589978e+01 5.871122485831546101e+01 7.278540767214694540e+01 9.247527376368263674e+01 9.593635934576829527e+01 9.444009621387726838e+01 1.027511312841818523e+02 1.058932139888810156e+02 1.000150539538222176e+02 9.798673941276126698e+01 9.582898044950292160e+01 9.563772859929821379e+01 8.745911518151501696e+01 8.145450070484753269e+01 7.322807372596588493e+01 8.145450045204711387e+01
4.608085242692564615e-02 2.004608085242657012e+01 2.933751906926109498e+01 3.450149686420391504e+01 3.450149686420392214e+01 4.789711999640591245e+01 5.618139124386752314e+01 6.188154435263287212e+01 5.559209526008683611e+01 3.563537653777107295e+01 2.687072707929914728e+01 4.686014370522763528e+01 2.929494246717560912e+01 4.927363322839821791e+01 3.785810320753454050e+01 4.784972591512246254e+01 5.603788995095710135e+01 5.027466847926102389e+01 3.489523764720730981e+01 3.837743310408846753e+01 4.222710371448553701e+01 5.376200701094518308e+01 7.340820104581258931e+01 8.667247205823031209e+01 9.007732160050133530e+01 7.590805092407880750e+01 7.441378282343431749e+01 8.856771069727740553e+01 1.086173033739638072e+02 9.798673941276126698e+01 7.829525293288303089e+01 7.614274239987187798e+01 8.426626324344059071e+01 6.777634253712624002e+01 7.827889538872425135e+01 7.547402387372412136e+01 7.282963276580507284e+01
1.610643649003322755e-02 8.960378346489269674e+00 2.050738373028199035e+01 4.050738373028269734e+01 5.450149686420321160e+01 6.080042174613964079e+01 5.251440479885221890e+01 4.186575947158354438e+01 4.988792551010768506e+01 3.841116044637158922e+01 1.923138314827866679e+01 3.485289887084028493e+01 2.261643052005741339e+01 3.768942153928108496e+01 3.932723806792130006e+01 2.784787297086007030e+01 4.585949435903365412e+01 3.030348453298631028e+01 5.023240550851848241e+01 5.833090845141416736e+01 5.633238491870195475e+01 7.020454677753735950e+01 8.135967138938946164e+01 8.759376741156455637e+01 8.177434707697385363e+01 6.176533808101584810e+01 8.177434707697385363e+01 9.157625723986346600e+01 1.015940998194822669e+02 9.582898044950292160e+01 7.614274239987187798e+01 6.222414244899589875e+01 7.206642523877600581e+01 5.644052939514607914e+01 5.863908218935372929e+01 5.586269452297404570e+01 5.324579213552467394e+01
2.022278438842990689e-02 2.002022278438807490e+01 3.724464959395016450e+01 4.879165497774489069e+01 4.994675809265117294e+01 4.164645364521427240e+01 3.215535574597000590e+01 2.722607209608354140e+01 3.849205143619857949e+01 2.227376576759843019e+01 1.342497953926364573e+01 1.485670147581655698e+01 1.629680304176694250e+01 1.779065793626659797e+01 1.930151188583605659e+01 3.921921965232403551e+01 2.587592212703899719e+01 4.538826302441735550e+01 5.366800026054993111e+01 6.263775467328542135e+01 7.099127873717637272e+01 8.386808871923496156e+01 8.258884960491602101e+01 6.757409267735121716e+01 6.757409267735121716e+01 5.573562574761555055e+01 6.326042682728038358e+01 7.325936213585107737e+01 9.328379009218380702e+01 9.342609661935253484e+01 7.374108458663476995e+01 5.982159790122715748e+01 5.243672560564049689e+01 4.775930075619974247e+01 4.489664679326812546e+01 4.213954262920132976e+01 3.951124782694055426e+01
6.642187732006160639e-02 1.420856309765996173e+01 3.420959862094637316e+01 3.782846977955063039e+01 4.163298621017361256e+01 2.161927523993638545e+01 2.747580250624185183e+01 8.081943738083944950e+00 2.971429146277351663e+01 1.143939423591830362e+01 3.144905513288927779e+01 3.485435991057627092e+01 2.973121179215536003e+01 3.719715436092214844e+01 3.926733917938604179e+01 2.154693151068866186e+01 2.345242440231001879e+01 2.538603781560240336e+01 4.540091807779312205e+01 4.235573731160502575e+01 6.265747949792290683e+01 6.972635067626815442e+01 6.257275481310738741e+01 6.257275481310738741e+01 4.756874091006152128e+01 5.257080175027564195e+01 7.257519006346538504e+01 9.157625723986346600e+01 1.015940998194822669e+02 9.342609661935253484e+01 7.374108458663476995e+01 7.336698893635399088e+01 5.372559684731610474e+01 6.730552376603783671e+01 6.439173208680649907e+01 5.332370788611762435e+01 5.536618175023646415e+01
1.591255364720534082e-02 2.001546066940147739e+01 2.636483268083494380e+01 1.782927107143234124e+01 2.477648248288707933e+01 2.565501154993584265e+01 7.498567408565174119e+00 9.274058987937033649e+00 9.677895139674587810e+00 2.978160853361335825e+01 1.467069772112415116e+01 3.467669521600932825e+01 4.556982293108470827e+01 5.506128318942606370e+01 4.158406234321169137e+01 3.571953026712900936e+01 3.761534126449024740e+01 4.540091807779312205e+01 2.818251946254042650e+01 4.818942588818625694e+01 5.329950134741309142e+01 4.971930558068898165e+01 5.792127445995895130e+01 4.256596367391866664e+01 6.257275481310738030e+01 7.257519006346529977e+01 6.411696214644271663e+01 7.826185776845835562e+01 9.829470975604871796e+01 1.016181342648158363e+02 9.342609661935253484e+01 7.788273793269988232e+01 5.819904440275205815e+01 7.788273793269988232e+01 7.292152473558535064e+01 6.919341048373878778e+01 4.963893072134278839e+01
6.189296070378335485e-02 2.006188486954654948e+01 2.620959980951358403e+00 3.705607294964320619e+00 4.796679945826691771e+00 5.892619681676246834e+00 2.587124612581940042e+01 2.853418082245461918e+01 2.132321220058195266e+01 3.804669105661162831e+01 3.467669521469113647e+01 1.794418848671609723e+01 3.797292753963257894e+01 4.966960139846014499e+01 6.164273265362962917e+01 5.586269248101760354e+01 5.762093544294069858e+01 5.647210644784118472e+01 3.713126415414514980e+01 3.115153786645682388e+01 3.329616908988965918e+01 3.557455937685300995e+01 3.791466240454693803e+01 4.176459780270955946e+01 6.177170582570072810e+01 7.584411840507284808e+01 8.412934426911718333e+01 8.412934426911719754e+01 1.041710838782144180e+02 1.078961979466826335e+02 8.818584881478517445e+01 7.426970825762235506e+01 6.365112551890378256e+01 8.334477299231181746e+01 9.260777522993896582e+01 7.735289025782441286e+01 6.919315240209958517e+01
2.247884206357958492e-02 1.091523809713278226e+00 9.001490764102388908e+00 2.304303617033867724e+01 2.477640488874842362e+01 2.001236278904022470e+01 1.254380893945887543e+01 3.253393839751786487e+01 4.132797694868365568e+01 4.958029790421074523e+01 4.626001420767261862e+01 3.797292762130745558e+01 2.134566340748566660e+01 4.138454852870427914e+01 5.359665011817958202e+01 6.514522355775321216e+01 7.346441697209000665e+01 5.346345974052113803e+01 5.713370377723236970e+01 4.269967394692157825e+01 4.036708451048581026e+01 5.557923341767907033e+01 4.547667510156338722e+01 6.176837269769479377e+01 4.754127268851394916e+01 6.754680441298560822e+01 7.999084151026337963e+01 8.706709988708010428e+01 9.537575114100918938e+01 1.053975858341307799e+02 9.470490459699975361e+01 7.502857947701129149e+01 7.350713601707181510e+01 9.151990839347564588e+01 9.675119868721347416e+01 7.706738600132247541e+01 6.314359651416088326e+01
