LEM/with_lateral_4open/elevation_000256.asc
nrows	100
cellsize	150.0
xllcorner	0
ncols	100
yllcorner	0
NODATA_value	-9999
[rows 68 to 84 of 100, columns 0 to 36 of 100]
5.009162696260269221e-02 7.609381087147180089e+00 2.175151671087838423e+01 4.175151671087908767e+01 5.273673715532036255e+01 5.492453337904729693e+01 6.320882739225358193e+01 7.320381062181587595e+01 7.373136730227358271e+01 8.223461695907796809e+01 8.020605896379230160e+01 8.066135521758579330e+01 7.244533685378392818e+01 6.990303029601304274e+01 7.679709651629906375e+01 8.503355511653239773e+01 9.644623696645994926e+01 8.623637681726680171e+01 6.974379359866571804e+01 6.646662311182684846e+01 5.253850263799429854e+01 5.374753141250201338e+01 3.745554845612389272e+01 5.721326398143410330e+01 7.051904460487941151e+01 8.332732625092278056e+01 9.157693749465809674e+01 9.103177423805543356e+01 7.683539523746505040e+01 5.708404198572294064e+01 5.906005338909260871e+01 6.473035384252834490e+01 8.455132901941122725e+01 1.034331298433245792e+02 1.067990651134668525e+02 8.668844222731118521e+01 7.233280178147839479e+01
4.695337527364121244e-02 2.004695337527328647e+01 3.589365233455119153e+01 4.687888226112318080e+01 3.273673674163501346e+01 3.492453274043704425e+01 4.491915761262507800e+01 6.076272118887332141e+01 7.230972936208362967e+01 7.434831110480831740e+01 6.021065425710798991e+01 7.434831110480831740e+01 6.771548488310307334e+01 7.357146316316180901e+01 7.335731261304600537e+01 7.336091124407573716e+01 8.166624257316448166e+01 9.761457614617937395e+01 8.942508227998862935e+01 8.039472022612510216e+01 6.776344582006274209e+01 4.802586291590621670e+01 4.151077737381203292e+01 4.257948829514536726e+01 6.230684578224981607e+01 6.351848617189383361e+01 8.012212270967299332e+01 9.157693749715825504e+01 8.280788538020324552e+01 6.299937651264436766e+01 7.882950634242415333e+01 8.455132901941122725e+01 7.529812614048911712e+01 8.934548548574126414e+01 1.092557711847771600e+02 1.008943692214718197e+02 9.186240855598349242e+01
7.614146464036156137e-02 2.007614146464000626e+01 2.765217483490661010e+01 3.173465776210169764e+01 1.859460111764967039e+01 2.491915643798654045e+01 3.247844589817135130e+01 4.402545128197130708e+01 6.402545142613341511e+01 6.540470559017406060e+01 4.606614718452151180e+01 6.185591074456490901e+01 4.771479077083069598e+01 5.357280651737878685e+01 5.335964254855570488e+01 5.335966818728099526e+01 7.336092181763311260e+01 9.192608099627892670e+01 9.432667881107319374e+01 7.446169117910730506e+01 6.048958357229729899e+01 6.535185350756482592e+01 4.563495722573986768e+01 6.230684578224981607e+01 4.805526079548185692e+01 5.215996064430971302e+01 6.351848617189383361e+01 8.332732625092322110e+01 8.942726383126685619e+01 6.956912847807618050e+01 8.942726383126685619e+01 1.034331298433245792e+02 9.517707315162735426e+01 1.034331298433245792e+02 9.864132258655031649e+01 9.031727175005934782e+01 8.811328683715547072e+01
2.352828262072655108e-02 3.803173012713007228e+00 7.652174807310529125e+00 1.173465771194919505e+01 2.328166309574241311e+01 4.328166321440287589e+01 5.247844595910891030e+01 6.076272118887332141e+01 6.799583410645902859e+01 5.712244216726471535e+01 3.711801302157570603e+01 5.357279798023975559e+01 3.356750316924787114e+01 4.921496025769923932e+01 3.921299586541591253e+01 5.921715533773196682e+01 6.366520938151789721e+01 7.780003158377610362e+01 8.934164119757234346e+01 8.852269363778404454e+01 8.028001134832322805e+01 6.385348115772281830e+01 4.993567497255619259e+01 6.965495268749674551e+01 6.197837792423646164e+01 7.189068709896135090e+01 5.958652080903317483e+01 7.097209242035268062e+01 9.083467790697524435e+01 8.359804560994616907e+01 8.359804560994616907e+01 1.035002415192113858e+02 1.053765107850869924e+02 9.530402607534050219e+01 8.698006999455857624e+01 7.002986494350443536e+01 6.780431263040195233e+01
6.786455232800275850e-02 2.006786455232764865e+01 2.765217483490662076e+01 3.173465776210169764e+01 4.001893341908817092e+01 5.156594187960231324e+01 5.239597863664060640e+01 5.826220257333655184e+01 5.971352439672719470e+01 3.971082044251217980e+01 3.004453118196756378e+01 4.188477027183578372e+01 2.600639362318754877e+01 2.920927132823168293e+01 4.921499016937968207e+01 5.883112038187044135e+01 4.952182137621046820e+01 6.107058683337070448e+01 8.106472829018160553e+01 9.759479475996482734e+01 9.190989500460598549e+01 7.444278830195047192e+01 5.470203634546400195e+01 7.444278830195047192e+01 8.177456280213102957e+01 8.563832813357781504e+01 6.580667519842059221e+01 8.563832813357781504e+01 9.909240794806652275e+01 1.035002415192113858e+02 1.035002415192113858e+02 1.117615285343539995e+02 9.707291817066834483e+01 7.688722181844879344e+01 6.665128855127626650e+01 5.980352607819015276e+01 5.339168229870178806e+01
3.257643153035955086e-02 1.417471205526502587e+01 3.417471207110799725e+01 3.813736667102001832e+01 3.951613218828686769e+01 4.082212610220403803e+01 3.239012440397166159e+01 3.825008792499293264e+01 5.717462052928760841e+01 4.338138500535367825e+01 2.337686112272090000e+01 2.188052920735137263e+01 4.188476482663998013e+01 4.921498869060864934e+01 3.465413541034901357e+01 3.882632359117515364e+01 4.777524824871930775e+01 5.777771909163616471e+01 6.932370100522730638e+01 8.931566346877347939e+01 8.378362078965622572e+01 6.396872280770303831e+01 7.444278830195047192e+01 6.863111609726485085e+01 8.847340615856893464e+01 9.389252389590859593e+01 7.980785270373034734e+01 7.980785270373034734e+01 9.971434099139840157e+01 1.044903703148117557e+02 9.623723825791937259e+01 1.044903703148117557e+02 1.053765107850869924e+02 9.530402607534050219e+01 8.698006999455857624e+01 7.002986494350443536e+01 7.375267345661737295e+01
1.880098487986705744e-02 2.001880098487951187e+01 2.266365070508514279e+01 1.813912312071620292e+01 1.948525926073429204e+01 2.084199751725768834e+01 1.824718558956487868e+01 3.825008791936465968e+01 4.283362560379740103e+01 2.888744454996542288e+01 1.803149359301409405e+01 3.803495179667363857e+01 3.602583180935293683e+01 5.602949921190599269e+01 4.620634912963421215e+01 5.883112038187017845e+01 4.883123719254746931e+01 5.777771909163616471e+01 6.932370100522730638e+01 8.931566346877350782e+01 9.129457310711717355e+01 7.142246116585117477e+01 9.129457310711717355e+01 8.847340615856893464e+01 9.672856830420546714e+01 1.011972071805574558e+02 9.971434099139840157e+01 9.971434099139840157e+01 1.079771950880868872e+02 9.451053573918196093e+01 7.626313550062054958e+01 9.451053573918196093e+01 9.734009431887973562e+01 1.055931653786790889e+02 9.864132258655031649e+01 9.031727175005934782e+01 8.929387704256816960e+01
2.900726248362994752e-02 1.344910652403166651e+00 2.663671599194738171e+00 3.997004932528068988e+00 5.342350520520688484e+00 6.700038987124955270e+00 2.670045507356886816e+01 3.011240916424184988e+01 3.137458725934367010e+01 1.474351089672587634e+01 3.474640333480955690e+01 3.217596806927220143e+01 5.217978999809336216e+01 5.602950020128957931e+01 6.620752874253288667e+01 7.448879925176029815e+01 6.883100357119344892e+01 7.711168668683617966e+01 8.605316906504965857e+01 9.759479475996484155e+01 9.955382518049569285e+01 8.545845921839490700e+01 9.955382518049569285e+01 9.948640085472558781e+01 9.123688912389583550e+01 8.127657106723447100e+01 9.536112926779728127e+01 1.041854334152478287e+02 9.266263804646952451e+01 8.440116036352915785e+01 6.626359172124617203e+01 8.625018687926998950e+01 7.737167394120064046e+01 8.735588413004019515e+01 9.561536139335962048e+01 1.071350559347565792e+02 9.995586657948325637e+01
5.081304048347550645e-02 2.005081304048312063e+01 1.421067665054257212e+01 2.399697207370231311e+01 2.534230515202200706e+01 2.515690735163312652e+01 8.670697543456153511e+00 1.011032904496062557e+01 1.156128154520767382e+01 3.154374844880861062e+01 4.255230946318655327e+01 5.217979008025857723e+01 6.046296666269820719e+01 7.602733362549953711e+01 7.564383314402726910e+01 6.734347712698738064e+01 7.564383314402726910e+01 8.480850009594912819e+01 7.947623149262749109e+01 8.776987076869303905e+01 9.933865953904398793e+01 1.053841984088245454e+02 1.105081156953542205e+02 9.123688912389583550e+01 7.130078841375713239e+01 6.716868394340059467e+01 8.539359463424138141e+01 9.593130593682070639e+01 7.596050825500705628e+01 6.442007806467528042e+01 5.920211727782331224e+01 7.918385839567264384e+01 6.582975433721567526e+01 6.737607835571203907e+01 7.891768231560938318e+01 9.888268217081271416e+01 9.995586657948325637e+01
4.469920835086939326e-02 2.004469920835051511e+01 3.421062800112105151e+01 4.249476155793812637e+01 3.714501131188514194e+01 1.719627688501857321e+01 2.867264006347948424e+01 3.011240919918918379e+01 3.156414018362001173e+01 1.429562528850522263e+01 2.843955693627733439e+01 4.844453940164108019e+01 5.915121461687132864e+01 6.220773586161352142e+01 6.561832828709260923e+01 4.728742326739853041e+01 5.645204613271261707e+01 6.789114058331368540e+01 5.941026542739165706e+01 7.100103010964411965e+01 9.105357188397177026e+01 1.016898717722100969e+02 9.343959541609439157e+01 8.233127354462811809e+01 7.713993712133878944e+01 5.718013736923315804e+01 7.713993712133878944e+01 9.627915940972366116e+01 7.631299281905525334e+01 7.286507704207490121e+01 5.289935051404144417e+01 6.766704674262220465e+01 5.584864495970449383e+01 7.582053788787538906e+01 8.507541673012106287e+01 9.337413961140354957e+01 1.082791894293417982e+02
2.324776005098762310e-02 1.416538338378206241e+01 3.416538338378276762e+01 5.358105157995304069e+01 4.378950984239485678e+01 2.385628483861124494e+01 4.378950984239485678e+01 4.707547981625017286e+01 2.775719671455783200e+01 1.626628393388346439e+01 3.627083925780156903e+01 4.204720790034284050e+01 3.913650631140863112e+01 4.218841144763298701e+01 5.127290509280428665e+01 3.727459530713688451e+01 4.227843172014658535e+01 4.783219367242034537e+01 6.201500075270406143e+01 8.207739705677212783e+01 9.311420268821676416e+01 8.486213860136123799e+01 7.350569469822505653e+01 7.716363363540132525e+01 6.237991112700330376e+01 5.140887028359171040e+01 7.137803924141425682e+01 8.581819556384638759e+01 7.631299304772974779e+01 5.634014038010760572e+01 4.821149403310369053e+01 4.772128152124037825e+01 6.766704674262220465e+01 8.150929558365831440e+01 6.431132586571939669e+01 8.150929558365831440e+01 1.009953588282702270e+02
8.699724428260374731e-02 2.008699724428224798e+01 2.529669947477306735e+01 4.529670570114522832e+01 5.206397205157781372e+01 3.794780208444606018e+01 4.012828639699123556e+01 5.507544569368970855e+01 4.416998503209058669e+01 3.627082846509682668e+01 1.915303698720504499e+01 2.203979847709300088e+01 2.498868051109669608e+01 2.803879456583107199e+01 3.124175027472708521e+01 3.701769123629473768e+01 5.708504938148658425e+01 6.789114058331368540e+01 6.789114058331368540e+01 8.794382217883482156e+01 8.486213860136123799e+01 6.491518431326389305e+01 7.075751196022943645e+01 5.720425361953112997e+01 6.604105434578760025e+01 4.606323071454322360e+01 5.760546940358642587e+01 7.756427770890435625e+01 8.457892743853683726e+01 7.631299308100338408e+01 6.251707230730359299e+01 4.258666216401115889e+01 5.816790025459804525e+01 6.143584314267133095e+01 5.128945216830736342e+01 7.308726328008074802e+01 9.268458847664150824e+01
2.249585233037712170e-02 8.966767762329650893e+00 2.896676777808114522e+01 4.520772326293162280e+01 5.342571529841730182e+01 5.789263993905503725e+01 6.007913817075967700e+01 6.836347134118850022e+01 5.180258033809646889e+01 3.180453112268440563e+01 2.622460446909608223e+01 2.400385660381087760e+01 4.400739276525188615e+01 4.805193581371447209e+01 4.273297953446355990e+01 5.673478517007463751e+01 4.645968087427435478e+01 6.656081477559496307e+01 8.650388611609790246e+01 8.955661405297338717e+01 8.144001857526741617e+01 7.075751196022943645e+01 5.078749342983277870e+01 4.826331166715842613e+01 6.178176803578672605e+01 4.179698260762947370e+01 5.593514652124650866e+01 7.589676099025196265e+01 8.194762134091051564e+01 7.156828362327499349e+01 6.370167765359268941e+01 5.816790025333114045e+01 3.823337216065029054e+01 4.039580121711484395e+01 5.225541345995581111e+01 7.397654330688629898e+01 9.112971715352283297e+01
2.739267172789772165e-03 2.000268045821555418e+01 2.892078403390111419e+01 2.524656251060396173e+01 4.129292434742225026e+01 4.965617882879398337e+01 5.868817442825358910e+01 7.168533679623610055e+01 5.179059428249072994e+01 5.180258048212948552e+01 3.378590417282207170e+01 4.400739276525188615e+01 2.908440944665865047e+01 4.908460841601628033e+01 6.200425609710261199e+01 6.995393444061933508e+01 6.656081477559496307e+01 5.805235041838032828e+01 7.818359323474464873e+01 8.144001857526741617e+01 6.159913024586842312e+01 6.741039189278431820e+01 6.008308805333339819e+01 4.009580752209122068e+01 5.278476511323678722e+01 3.787164583200991075e+01 5.201392537267245331e+01 7.198196630790266681e+01 7.340452086966014633e+01 5.191115413132569500e+01 4.610243748813619646e+01 5.158341597270251100e+01 3.524378410571952003e+01 5.519623626277516593e+01 7.008726837999167003e+01 8.238942848781398709e+01 9.944180936905601698e+01
8.327778614586213435e-02 4.447635590866054756e+00 8.919771545879269681e+00 1.494999846546036970e+01 2.127455454925413036e+01 3.021893306377505795e+01 4.437225715771131007e+01 6.456283968577990606e+01 6.644755614902317120e+01 4.644135387906999313e+01 5.379452284840654386e+01 5.511411129498790018e+01 3.511651257307133989e+01 3.575327386319914069e+01 5.574082099150566449e+01 7.128853956188525842e+01 8.650388611609790246e+01 7.818359323474464873e+01 8.650388611609790246e+01 8.144001857526741617e+01 6.159913024586842312e+01 4.747830354050437052e+01 5.744434771664335670e+01 5.278476511323595588e+01 3.278711857983780220e+01 5.278476511323643905e+01 5.786242915559079592e+01 7.782191270457961707e+01 7.151711108171311082e+01 5.962886245539481678e+01 3.784298941901221980e+01 3.158253847752924770e+01 5.158341597649302201e+01 6.346053271763038595e+01 7.153089784434197895e+01 7.982820805855764945e+01 8.983894093772214262e+01
6.510866554257997707e-02 2.006510866554222616e+01 2.892087652654969432e+01 2.524640901766301937e+01 4.128852694088261899e+01 4.961583304244732062e+01 5.868194143941454399e+01 7.072817004182272171e+01 7.472986603220640234e+01 6.058948166952654901e+01 6.510727454551312121e+01 4.512094804446268625e+01 5.511411129498790018e+01 5.574082099150566449e+01 4.305984246533116533e+01 6.303455460324351378e+01 8.125802875525789659e+01 9.121756314728953896e+01 8.251284364814256378e+01 7.252563690650330841e+01 6.425282252563749807e+01 5.744434771415999563e+01 3.747540009924269100e+01 4.892955988892696695e+01 2.995461885759339893e+01 4.410451859290888166e+01 6.408501609147643308e+01 7.151711108185087085e+01 5.151093481660539197e+01 5.518213656258915023e+01 4.916359894220414617e+01 2.915387578245051614e+01 4.916359894236541805e+01 6.083582795687548384e+01 5.152225422109071928e+01 6.152431252370498527e+01 7.567224342142121429e+01
8.953482861371392376e-02 1.423167045234478856e+01 3.423167045234549022e+01 4.520421317794724558e+01 5.340794912651259096e+01 5.349074446697193963e+01 5.807905917464540124e+01 5.072816968368874058e+01 6.487031557855932817e+01 8.059019900681546744e+01 7.337545272920844752e+01 5.512142370088598398e+01 7.337545272975393118e+01 7.128851337124918075e+01 5.460475812506695092e+01 5.306004958297052099e+01 6.304774592302450031e+01 8.297037323339378645e+01 7.424088785600034157e+01 5.426475719964207656e+01 4.426611459568321294e+01 3.759571565966634665e+01 3.155682828741858259e+01 2.893492209796035297e+01 2.719773136718403350e+01 4.724740879327935517e+01 6.566121625500207415e+01 5.737508825033739868e+01 5.518213656343866091e+01 3.517155831168560809e+01 4.362902382195660067e+01 2.683813384397403823e+01 4.685307513211667896e+01 4.082779418160398421e+01 6.083582795687548384e+01 7.106419559185469836e+01 7.936109202210330693e+01
