LEM/with_lateral_4open/elevation_000296.asc
nrows	100
cellsize	150.0
xllcorner	0
ncols	100
yllcorner	0
NODATA_value	-9999
[rows 68 to 84 of 100, columns 37 to 73 of 100]
6.224278142767867905e+01 5.509264857261272397e+01 7.521660079295365620e+01 5.897115066626732727e+01 7.148689340574391338e+01 9.157917042409714270e+01 8.686282663128503145e+01 6.678364262705284204e+01 5.259007259096639331e+01 6.556725174617643859e+01 4.939526768369115928e+01 5.942360275659316926e+01 7.937050260708748795e+01 9.389357823521652335e+01 1.021662310017149053e+02 1.004382503429043680e+02 8.871502778226498265e+01 6.856320455478017095e+01 7.370042515168192665e+01 8.795128100462045495e+01 1.080170536173929321e+02 1.094357014500060075e+02 9.798743240471668514e+01 8.975199090623165432e+01 8.281907220538928982e+01 8.809845774520029238e+01 7.640002383453179391e+01 6.421231754952074766e+01 5.579695910893606481e+01 3.544934180225367726e+01 3.214693598674548269e+01 4.340932417470818905e+01 5.522757932793965097e+01 5.155324364795997383e+01 6.208105486469298029e+01 5.616753670074744065e+01 7.040482663356364412e+01
6.963526272534609518e+01 4.951835260761919955e+01 6.327367097937878526e+01 5.136880659105512592e+01 6.559807216721259238e+01 8.570397629830391395e+01 9.069485017105552060e+01 7.976313457858215372e+01 5.968685491155044076e+01 4.546127284090448484e+01 6.556725174617643859e+01 7.764502145377105080e+01 7.937050260708748795e+01 9.909878457890494019e+01 9.897741854060130606e+01 9.214467743381129594e+01 7.201030652326376469e+01 6.091839102492216540e+01 8.109835453591361443e+01 9.518907425295017788e+01 1.034871044445348502e+02 1.011701970865416627e+02 8.139328385094783869e+01 7.014273559910894562e+01 6.325128841318161932e+01 7.406809325971030944e+01 6.268232254878502374e+01 5.302330776548996738e+01 4.030884579613101693e+01 3.721409928003311052e+01 5.260344761110685141e+01 6.084698113202107095e+01 7.175317246190067522e+01 7.157872873700449645e+01 7.979979422756498764e+01 7.635622285186867941e+01 7.672547509793450615e+01
6.693372482908721111e+01 6.327372028906842161e+01 4.314861287476421836e+01 6.327372125650698820e+01 7.079084344352155256e+01 7.910539775949021646e+01 7.062527988537571844e+01 7.062530734325592618e+01 6.322997760531166023e+01 4.308483290226408968e+01 5.474172163772779243e+01 6.894562196786695552e+01 8.901958935710138121e+01 9.311325257914353415e+01 7.898422480017813996e+01 9.311325257914353415e+01 7.570503242621856543e+01 5.551720730791049618e+01 7.570503242621856543e+01 7.506762846001751655e+01 8.765916763918741594e+01 9.596617535293064805e+01 9.798743240471668514e+01 8.975199090623165432e+01 7.406809325971030944e+01 5.442088964578726262e+01 4.936644919537337017e+01 4.548902697546704843e+01 5.944176532237358401e+01 5.753102617420140774e+01 4.242385399912866006e+01 6.256675023255905899e+01 7.537193050630813218e+01 8.356728118705140673e+01 9.241518668813445458e+01 7.260147589381918465e+01 5.859455036010572115e+01
4.682046068245391979e+01 4.319633212730088445e+01 3.977914038302887434e+01 5.656278947875813401e+01 5.066933656037691236e+01 7.079084344352155256e+01 7.062530734325387982e+01 5.051098037690021414e+01 5.790389821512172830e+01 4.078419837422459437e+01 4.985264867224116614e+01 6.146509504876405572e+01 8.154607646499820817e+01 8.415305874975095435e+01 6.477863180167666712e+01 8.059095434880438802e+01 7.119089749797711875e+01 5.100833430629138832e+01 6.931655026005384457e+01 6.341180911791876440e+01 6.750778453030847004e+01 8.177344763688286378e+01 1.018685526930814831e+02 9.010578842034333036e+01 7.046370352341637044e+01 6.002681317604711353e+01 6.220732657707530677e+01 6.406507233023981485e+01 7.383647984548713339e+01 6.810379605573805861e+01 4.813969342567239096e+01 4.947071178456970841e+01 5.557759360612571697e+01 7.537193050630813218e+01 9.496733084351697585e+01 8.664160555466389724e+01 7.160093957022476729e+01
6.693370765525079946e+01 5.481910721544372933e+01 5.656227074501920526e+01 3.643408694796900704e+01 5.338016201338000855e+01 6.097689811974634466e+01 5.302967022919198570e+01 5.498823817308896622e+01 3.770361212502600523e+01 5.201365522172802969e+01 6.096347169077772321e+01 7.826071382114714936e+01 8.984797675695352837e+01 7.586833628199669022e+01 5.576349491353459342e+01 6.050893624984210106e+01 6.688763251453273995e+01 4.672151797782236571e+01 4.914374600057848141e+01 5.473139109557008908e+01 6.376672241805471941e+01 7.804289495221576090e+01 9.815264673116742244e+01 9.833391654684407968e+01 7.963996067068831053e+01 6.982479741457544264e+01 8.080742337159890099e+01 8.746761494960281880e+01 8.787005686868378973e+01 6.810379605573805861e+01 5.490090599936326043e+01 5.847851658400736596e+01 7.537193050630813218e+01 6.704302614278032024e+01 8.674942545257836457e+01 8.561097469664730397e+01 6.579779301153723736e+01
8.324978806486303995e+01 7.493563972571959653e+01 6.488582806791568203e+01 5.338016201338000855e+01 3.332386436290212117e+01 4.964411534754223965e+01 3.293649807178208277e+01 3.482354631973424119e+01 4.244864767024151320e+01 6.260760958745281357e+01 8.043132762768829025e+01 8.934861186058213889e+01 9.410956416516168588e+01 8.415305874975095435e+01 6.639082317111709131e+01 4.627505393049388971e+01 5.852437186567509997e+01 4.263084518151690361e+01 6.277206433624294135e+01 7.491431391384692517e+01 8.323919607100273765e+01 8.393290488029246887e+01 1.040222763028650661e+02 1.076208932940478178e+02 9.768570412441191309e+01 8.945512392680097946e+01 9.768570412441191309e+01 1.011524375588098366e+02 8.138021851266010742e+01 6.746069102546942986e+01 6.637617230076997998e+01 7.824238324129734679e+01 7.461990987459007840e+01 8.674942545257836457e+01 8.674942545257836457e+01 9.386304485944607734e+01 8.561097469664728976e+01
8.000920973906818290e+01 7.289467152676095907e+01 6.652219994672553582e+01 5.852589537075746051e+01 4.057697895128623600e+01 3.034615842259417207e+01 5.030813236321778703e+01 5.498823817213431653e+01 6.260760959741389087e+01 5.672212384508852523e+01 7.681642912237367682e+01 8.826442135394310640e+01 7.419792827062222784e+01 8.151633989181992490e+01 7.172158378812387980e+01 5.246350633988810586e+01 3.842005978675135225e+01 5.852555013203694756e+01 6.544432501596028828e+01 7.377052848117088502e+01 8.479656374556620335e+01 9.310125846804778860e+01 1.046891539528661497e+02 9.885334317383087921e+01 9.063926567280651625e+01 9.885334317383087921e+01 1.013669259369082738e+02 9.314641744260397616e+01 9.539003740812238163e+01 8.717136739217161789e+01 8.608296063158368838e+01 9.429917011442216790e+01 9.436054132996608246e+01 1.025936617489144993e+02 1.065568215815236783e+02 9.970659154033475602e+01 8.980100195766513593e+01
5.988625687933520680e+01 5.274314700915701337e+01 4.630355480473635055e+01 5.826797263201294186e+01 4.885445368717049774e+01 2.899018321911166396e+01 4.885381415703711383e+01 5.996148126371225828e+01 6.826210110941717346e+01 7.681642912237367682e+01 8.512090307042748805e+01 8.002991139961538636e+01 6.002556638858865767e+01 6.152178244264066365e+01 6.938068346388747898e+01 4.994718667868307449e+01 3.590904751251322580e+01 4.030346330734362681e+01 4.530781498729091794e+01 6.544432501596028828e+01 6.466693527063107183e+01 7.630472282236013370e+01 9.639663417156185687e+01 8.893620332414211305e+01 7.080343582306969097e+01 8.893620332414211305e+01 8.987373094009898011e+01 7.321446268041700023e+01 8.681523957781843137e+01 9.504466561947846515e+01 9.352603290755827459e+01 8.529595201250427294e+01 9.352603290755827459e+01 1.034606193656919402e+02 1.055112951053341703e+02 8.562954320912432138e+01 7.168935328568451837e+01
7.598213812635684405e+01 5.584202771508275021e+01 4.568766810245128340e+01 3.786508434798624734e+01 4.745116024285462686e+01 2.762525442746493454e+01 4.559307656719608559e+01 3.979304278834381847e+01 5.981000740301755769e+01 6.917446758488080150e+01 7.756218415024103763e+01 8.151633989181992490e+01 6.152178244264066365e+01 4.731435034392109173e+01 5.883588828606691834e+01 5.351364457402287655e+01 3.345340199629116285e+01 5.351364457402287655e+01 6.544432501596028828e+01 5.388562668620951968e+01 7.403682473467249281e+01 9.310125846804778860e+01 9.353390928700949303e+01 7.368499527983796327e+01 6.081953208260742372e+01 8.072135074793820309e+01 8.094954810600044937e+01 6.165298692857085427e+01 6.685443073995276109e+01 8.681523957765519128e+01 8.355602771635585668e+01 6.532659979090126967e+01 7.531127590170278552e+01 9.233747645237738766e+01 1.005597562569523262e+02 9.557041915722909664e+01 7.577234038323165066e+01
7.598213812635684405e+01 7.423269496779813892e+01 6.591208292071976871e+01 5.197150460975768027e+01 3.148593388467060095e+01 2.841685959079019597e+01 2.567355064144323151e+01 3.874229464851232763e+01 5.751969753292470244e+01 4.915935433108019481e+01 6.596677743223260393e+01 7.756218415024103763e+01 7.563562149208547680e+01 5.883588828606691834e+01 3.876757263568286049e+01 5.125997420947798844e+01 3.129670846284974672e+01 4.545937730968089596e+01 6.557135590854149143e+01 7.403682473467249281e+01 8.235409448536212551e+01 9.209776044813078499e+01 8.387633254855403209e+01 7.368499527983796327e+01 5.374619160787356975e+01 7.368499527983796327e+01 7.270081629045830596e+01 5.269842817343324981e+01 7.270081628836210541e+01 7.414198179265397926e+01 6.588441775966028047e+01 5.531388994913731949e+01 7.531127590170278552e+01 7.239976810783329597e+01 9.233747645237738766e+01 1.038296635374914132e+02 9.557041915722909664e+01
8.909178722044354970e+01 6.899147333932066317e+01 5.995901789681366267e+01 3.959477483892359828e+01 5.197150460815725381e+01 4.430689589613778168e+01 2.429826282870934762e+01 4.175311616963523420e+01 4.780829798073892789e+01 3.799790489414979788e+01 4.915935433108019481e+01 6.917446758488080150e+01 7.655085889115815689e+01 5.644189631996565026e+01 5.125996570723624757e+01 3.120816919070121287e+01 2.917089609850962617e+01 4.922396005150383047e+01 6.491509777889596933e+01 7.323758412692521347e+01 8.329563774613272642e+01 8.387633254855403209e+01 6.399247248631097307e+01 6.815496612517046060e+01 4.819604546200221051e+01 6.815496612517046060e+01 6.715315198355085613e+01 4.714713694577652348e+01 5.984798816890064899e+01 5.998470705620599119e+01 4.587752536175987927e+01 5.191225022532017874e+01 5.824206257142308374e+01 6.980654897189248231e+01 8.975885958278362864e+01 9.729518379923666771e+01 8.901307268488575630e+01
8.321608064971144358e+01 6.309944807192529481e+01 4.879428896613713107e+01 5.995901789681366267e+01 5.234916364367739305e+01 3.236960977390570093e+01 3.659972963564042914e+01 2.255182212173617629e+01 2.827951470065987039e+01 4.202252995842775363e+01 6.177751747661123716e+01 7.131954118027799439e+01 6.300096621905770178e+01 5.644191194160117675e+01 3.636123358689239637e+01 2.634263523274791652e+01 4.640103087510858160e+01 3.811904016260737649e+01 4.479379216937095265e+01 5.484716606741464062e+01 7.498302949037719145e+01 8.130634066403393945e+01 6.140728889909836141e+01 4.986359990005640697e+01 4.318930213527151807e+01 5.762484193893791229e+01 6.586777766119166699e+01 5.984798816890064899e+01 3.983145530989419569e+01 3.996842727564391851e+01 4.664709647100175260e+01 6.665351234881056541e+01 7.823938768063065652e+01 8.647976218239286084e+01 9.798257777216421971e+01 8.575963935452189446e+01 6.903898600448846423e+01
8.321608064971144358e+01 6.309944807192529481e+01 6.899147333932064896e+01 6.183875756633162979e+01 4.170828892608601279e+01 5.234916364367774122e+01 4.135035944675460939e+01 2.135067814581128331e+01 3.966906044394083608e+01 4.796704583377017883e+01 5.951387859495244470e+01 5.971605073596744262e+01 4.289691035645670070e+01 5.049112901925985852e+01 4.217096863955091379e+01 2.453508666367939028e+01 3.079238750432648786e+01 5.077517524305758911e+01 6.491509777889596933e+01 7.323758412692521347e+01 8.329563774613272642e+01 8.953979372504763035e+01 7.804511646722086482e+01 6.428210621199659158e+01 4.431024848031570684e+01 3.762285801515446337e+01 5.303604730091652897e+01 5.134302444849961944e+01 3.509101097763579702e+01 4.927212188731419928e+01 6.665351234880768061e+01 5.820520984577370172e+01 6.976364088265491148e+01 8.971034069007042433e+01 9.160634362700737654e+01 7.163013120805243261e+01 5.750795919986544646e+01
9.151739420596803143e+01 8.321608064971144358e+01 6.871468764811598362e+01 5.440854468572313607e+01 5.591888438421976559e+01 5.555015119303433835e+01 3.546866600938857772e+01 3.966780129105262631e+01 1.967231606718831571e+01 3.118984896521658357e+01 5.123640533786348072e+01 5.139388415498168428e+01 3.130785708825161251e+01 3.979721102105497721e+01 2.209758013773868868e+01 3.148648375086145990e+01 4.933440711729694073e+01 4.078745293747156353e+01 4.968301277030459318e+01 6.123724193717790598e+01 8.132354526116380100e+01 8.724617484177419158e+01 6.738939176504688078e+01 5.586187323181004416e+01 6.428089530492687231e+01 4.719005637975254075e+01 3.299547164005899447e+01 3.126717779032084721e+01 5.134302444849961944e+01 6.339845389645476104e+01 7.752478590559525173e+01 7.819410818681444653e+01 8.643474521712599312e+01 9.793610589765118846e+01 8.945745582019335984e+01 7.792344863488817452e+01 6.680497382438164777e+01
8.963042624869800079e+01 9.719801994006884627e+01 8.295635379409236521e+01 7.462436488761852615e+01 7.613059569011495853e+01 6.387503085013108972e+01 5.555007953731782777e+01 3.849480939007816716e+01 1.850243235492856542e+01 3.684154478399641874e+01 4.515740277529619817e+01 4.583150712279849870e+01 3.751074219652576147e+01 1.973231251450748758e+01 2.968813531861227162e+01 3.912814446796766532e+01 5.649913333493213230e+01 6.076289754864354364e+01 6.907029056267288070e+01 7.803642759007894369e+01 8.962615130943737540e+01 9.543387552407297392e+01 8.399172604363008077e+01 7.578260062702604216e+01 7.536512309446527524e+01 6.085980679082778266e+01 4.814533707678132401e+01 2.861640522165673772e+01 4.286488851650389620e+01 6.288748699900592953e+01 7.452471820832334970e+01 8.276613752674504099e+01 8.785451016225603382e+01 7.934532071753319826e+01 8.117773385454991342e+01 6.120502352660115974e+01 4.966827613062496027e+01
8.896588894743780429e+01 8.055715715426192958e+01 8.896588894743780429e+01 7.967264381943877538e+01 6.963648232155081530e+01 6.131213241043597151e+01 5.468868290737672311e+01 4.149529579175774074e+01 2.168677312510973465e+01 1.685532586051436965e+01 3.524136693381619523e+01 3.526905927867303348e+01 1.746052065465067926e+01 3.132050514983726686e+01 4.691536543259562109e+01 5.600455488396755044e+01 6.531403574783777799e+01 7.750667562728443727e+01 7.799531163712883597e+01 8.627380722944626257e+01 9.704130680891582017e+01 8.781653172984272260e+01 7.948234965330118484e+01 7.727928582778683619e+01 7.140071811076157360e+01 5.218148381139564407e+01 3.826355889861951454e+01 2.663346883623041705e+01 4.677506409185539837e+01 6.039388329008271228e+01 5.454067047715331995e+01 7.452463754092616455e+01 7.112173653073732282e+01 5.901497822938674886e+01 7.608016263130001278e+01 7.792344863488817452e+01 6.964648417026225502e+01
7.886208368055426376e+01 6.038801206743085714e+01 7.886208368055426376e+01 7.133817241039272972e+01 5.128609241047924883e+01 4.144178390125824052e+01 3.489042679253200419e+01 2.918808270155217954e+01 4.149529578041667577e+01 3.524136689437148107e+01 1.526243703023575549e+01 1.523546292265293189e+01 3.526905926376141309e+01 4.468750471762233900e+01 5.782246537891293059e+01 5.200824631509185991e+01 5.738739523960041566e+01 5.738739523960042277e+01 5.786659675573524453e+01 7.799531163712883597e+01 8.280555241778949949e+01 6.856979802666313617e+01 5.934147647044671459e+01 5.713821146093250292e+01 7.137645091064095482e+01 6.007498849280447217e+01 3.919676960108304797e+01 2.469675041573162133e+01 4.486313824594956401e+01 4.036039073213907358e+01 6.039388329008271228e+01 6.318271986908994364e+01 5.088116253931504218e+01 4.740624764752151066e+01 6.164355662844099015e+01 8.200591816822719693e+01 7.068033236964181754e+01
