LEM/with_lateral_4open/elevation_000218.asc
nrows	100
cellsize	150.0
xllcorner	0
ncols	100
yllcorner	0
NODATA_value	-9999
[rows 51 to 67 of 100, columns 0 to 36 of 100]
6.455108993161302877e-02 1.420668671366243707e+01 3.420668671366172475e+01 4.751334615174672393e+01 5.579864447258553639e+01 5.977257925598293298e+01 6.109059736495828474e+01 5.276545377543358484e+01 4.534984417913162957e+01 4.535041991486979640e+01 6.541448914503418166e+01 7.352152651754815338e+01 6.511276332182953297e+01 7.352152651754815338e+01 6.479490161384484281e+01 4.371567315602398907e+01 6.479490161384484281e+01 4.954887733247131365e+01 6.984223218411743517e+01 8.424926250759611435e+01 6.436256861356530123e+01 5.031431298899005355e+01 6.239244061099405059e+01 7.066090790196788873e+01 5.540327556439557100e+01 3.531568440609687798e+01 4.695883748211296194e+01 6.693861106305605801e+01 7.437118821006318115e+01 5.914799206382677710e+01 3.941740739521267756e+01 4.984690530100164096e+01 3.247793901735621347e+01 3.778855119049260480e+01 4.444628661535209346e+01 5.331999635402421944e+01 6.712766538779169423e+01
3.995603441288197999e-02 1.418209165814395689e+01 3.418209165814466388e+01 4.659411043438909417e+01 5.487834352778418889e+01 6.178422146629355183e+01 5.377846937034505004e+01 6.178426369854034306e+01 6.539347659498955068e+01 6.541448914503418166e+01 7.379657722934925346e+01 6.382842545798824574e+01 4.610529655778257307e+01 6.382842545798824574e+01 5.776849212790458665e+01 3.670460603446943537e+01 5.776849212790458665e+01 4.008829063666353676e+01 6.123814121428652868e+01 7.251721117743055345e+01 7.846984841465011584e+01 6.239244061099405059e+01 4.248091195337956805e+01 5.575526316533977678e+01 5.185225758296106591e+01 3.174348901302903414e+01 5.185225758286185282e+01 5.675979791360083482e+01 5.503039342519303290e+01 5.503043479778829550e+01 4.753785525696171987e+01 3.005092490553172624e+01 4.408164802591235798e+01 5.755773942068707782e+01 5.396342969797691325e+01 7.223695837747816029e+01 8.098558598064224157e+01
4.804567899273937126e-02 2.004804567899238421e+01 3.245522642636581168e+01 2.659870891544414917e+01 4.659411043296052668e+01 5.220211969490655690e+01 3.468291663248786705e+01 5.220242492603551199e+01 6.845043388327866296e+01 6.001454787277138081e+01 6.845043388327866296e+01 5.558816392143344132e+01 3.726966707276151425e+01 5.560902993980609921e+01 5.168787197479234408e+01 3.056346557970099909e+01 5.168787197479234408e+01 3.254084970027705737e+01 4.280870034028662019e+01 6.394514274246264307e+01 7.259393596299668161e+01 7.066009234774048764e+01 5.575526316533977678e+01 3.583541731989297574e+01 4.845325521524493695e+01 2.853142900588624187e+01 4.382156160146642776e+01 3.687444818542215330e+01 4.938176439094405623e+01 3.537604409152567797e+01 2.774825626601586492e+01 4.753785525696171987e+01 5.798601893979131461e+01 7.186598727615663051e+01 7.355320297530252560e+01 8.170082942323115560e+01 7.434291469244263340e+01
9.707512844716031930e-02 6.197157550640623569e+00 1.253751591808609156e+01 2.659870891544341021e+01 4.659411041597811476e+01 4.423069153828826217e+01 2.493810739528299791e+01 4.423069187565643290e+01 5.826168009154079641e+01 3.963228629136676773e+01 5.826168009154079641e+01 4.949292028064125759e+01 3.127535897215868133e+01 4.949292028064125759e+01 4.623357369701196973e+01 2.507114391048131097e+01 3.897492016387653280e+01 2.536793552546299324e+01 4.389191977896896901e+01 6.614183018551808857e+01 5.342011956852466170e+01 6.692769579865898777e+01 6.394889353180800384e+01 4.974822149537321536e+01 2.985792814150581265e+01 4.349879664223114162e+01 2.443077625313652845e+01 2.285506301753894931e+01 4.087948143102860143e+01 2.547546747510822129e+01 4.524991535930362829e+01 4.111078056363962219e+01 5.253025531791874414e+01 7.213901440040021384e+01 8.671972804452619243e+01 7.912756426892431705e+01 6.602489004997178768e+01
5.001202446392439237e-03 2.000500120244603863e+01 3.245522642636581168e+01 4.019068375644729940e+01 3.629777224416684334e+01 2.948263891144646465e+01 1.828677441385937996e+01 3.779983026197486140e+01 4.982341708206909203e+01 2.970746952774024408e+01 4.982341708206909203e+01 4.423457101802753755e+01 2.575570192336204300e+01 4.423457101802753755e+01 4.273931892188856096e+01 3.408466063793908774e+01 1.815425297162473584e+01 3.897492016387653280e+01 5.500725568657650655e+01 5.822310566202384052e+01 4.013783845238511105e+01 5.801087346420518998e+01 5.753795407644827264e+01 4.968174654119348332e+01 4.402519989007085144e+01 2.414301051311625201e+01 2.154852404038335223e+01 4.139837205605697079e+01 2.416449782289225112e+01 4.405773631767029030e+01 2.709373889140293556e+01 4.111078645354189121e+01 6.081844008088236109e+01 8.028544180340365699e+01 6.715079655668634473e+01 6.562680258311839054e+01 3.826961449025890261e+01
5.279685921607564503e-02 2.005199972634765615e+01 2.121780775055993473e+01 2.182538251765716097e+01 3.813179391737990809e+00 9.434012625414691655e+00 2.831758978680535321e+01 4.009388718671520024e+01 3.448960506944858651e+01 2.288248303464878930e+01 4.311810123061238187e+01 3.946378975386871701e+01 1.997771943035602860e+01 3.280837439446464288e+01 3.212446182468805489e+01 1.399234308493403667e+01 3.408465812647208537e+01 4.755893751291215210e+01 4.736177793293089167e+01 4.069031291181326537e+01 3.111173331496972949e+01 4.765217882598791022e+01 4.081759429235605552e+01 2.974954033122138597e+01 3.893021067459758910e+01 2.029575391601452949e+01 4.014679786092989389e+01 4.118861489330275560e+01 3.999776024743569991e+01 4.648889577572045795e+01 2.825315707333481186e+01 4.804990777816540515e+01 5.786477518377309082e+01 7.177664201362669871e+01 6.394255341360610601e+01 4.750876172836829170e+01 3.791497862731084467e+01
5.738623160518319517e-05 6.067544601454402109e-01 1.213879261349974259e+00 1.821986559267707140e+00 2.435940619869979340e+00 2.092371604617325787e+01 1.406314101954879625e+01 3.052920978982294997e+01 1.359722579335471693e+01 3.441950784698921240e+01 3.604000544136357576e+01 2.823130529465623439e+01 2.674888122051397943e+01 9.705044054043320045e+00 1.033607643469475157e+01 1.100444935907016308e+01 3.120798546990809186e+01 3.282523032269044450e+01 3.534421956353071437e+01 2.106492075457532920e+01 3.537039927808464057e+01 3.624286435291134012e+01 1.751089432022063264e+01 1.829254498556917241e+01 1.907658785564856174e+01 3.893021079854381128e+01 4.837672323225862669e+01 6.093881845220796833e+01 6.378028358617130777e+01 5.616158705123199724e+01 4.228010947029375188e+01 2.991656920610426340e+01 4.395290835391949713e+01 5.261050892436595205e+01 5.393066376960754837e+01 3.600547227674786654e+01 5.581046738385163053e+01
4.532054705376769438e-02 1.931648368157569351e+01 2.121012529439447292e+01 1.597281018915606410e+01 2.198463769989145078e+01 3.304543638756991975e+00 3.919893605697367445e+00 2.348860410939927590e+01 8.635637842700385036e+00 2.898132143009537032e+01 2.519450464772969411e+01 8.153170114833041993e+00 8.815398083626698522e+00 1.077767880764425001e+01 2.214519418423918040e+01 2.967712222790459720e+01 1.202633414957861469e+01 1.275140957087688598e+01 2.748210827144005108e+01 1.485227995886688035e+01 1.562965764812449976e+01 1.640693920214096124e+01 2.817029461841346460e+01 3.770555435811169787e+01 3.830446284397314116e+01 2.176766310525448844e+01 4.161872779381965159e+01 5.258960351604710581e+01 6.253088205946895783e+01 7.011718083479573238e+01 5.786262118492872730e+01 4.971412480166763714e+01 3.160282737442707912e+01 3.280694046956558196e+01 3.412834109092028001e+01 5.393066376960754837e+01 6.394257924135276738e+01
9.001595176218035732e-02 2.008751677357553334e+01 3.751367446579393317e+01 3.608617954956407914e+01 3.104150843562848294e+01 1.235349666873546859e+01 1.663970884499417124e+01 4.792622174668657919e+00 5.411617989574513565e+00 2.538580029000198124e+01 7.218448743287337876e+00 1.149014043924350936e+01 2.880061292801674355e+01 3.063889283660943974e+01 2.556909846370589534e+01 3.814307828684022894e+01 2.280822329056477926e+01 3.282443719582051500e+01 1.375606479812660510e+01 3.394846130610958568e+01 3.554701165086198245e+01 3.630101531517416902e+01 3.030594858915767631e+01 4.731304294484574768e+01 4.946882641871806641e+01 4.161872902417766795e+01 2.449969073206893455e+01 3.441277631249342761e+01 4.848965298877759977e+01 6.834982350285331165e+01 6.746943005571124274e+01 4.779923086899319173e+01 5.140641112742685692e+01 5.261050892409017621e+01 3.708175182940389192e+01 5.681635040800841097e+01 6.899911767819504860e+01
5.674351268809080251e-02 1.008485212449250845e+01 2.468051142535407294e+01 4.644943127115243442e+01 4.359962448318492534e+01 3.313465170997437781e+01 2.047692769057954010e+01 2.479636593637804864e+01 1.292476706704785272e+01 6.296159307626914448e+00 2.630419883477451037e+01 3.145880395175571920e+01 1.781758897606492198e+01 3.776275304146308542e+01 4.302350649638282931e+01 5.005240423543842354e+01 3.764573751046494721e+01 4.257074581793097678e+01 3.414404953395454356e+01 1.606593261597957678e+01 3.643514190612594916e+01 4.796267702235586938e+01 4.907974461673185118e+01 5.692957081975517042e+01 5.784285457732453040e+01 3.794838083075634927e+01 2.648573737853262955e+01 4.635678714575851700e+01 5.751612067358456670e+01 6.301450382889285606e+01 7.123190443566470265e+01 6.747001031903424462e+01 6.806498443973327994e+01 4.858177878104046954e+01 5.681635040800841097e+01 4.194004753144919562e+01 4.953349474547424336e+01
9.518805923843161321e-02 2.009089702279953471e+01 3.189612040164890772e+01 3.897034965444991172e+01 4.727847726162213604e+01 4.858298799959575831e+01 3.999698778950226341e+01 2.938269358459256253e+01 9.501845440794296493e+00 2.630701505509691884e+01 3.460311666350571613e+01 3.776264703080239116e+01 3.776275304148399670e+01 2.511810728143154492e+01 4.503158439834672322e+01 6.241302720998046993e+01 5.782511214319216464e+01 5.584462018271722172e+01 3.621670571850685860e+01 2.611142907775968780e+01 1.842558213258247335e+01 3.928539894429287926e+01 5.486188020676376453e+01 6.317469883095289163e+01 6.606469021725577306e+01 5.458642721846247525e+01 4.635678714575851700e+01 2.939830371939956422e+01 4.928821747105561712e+01 4.312039386487551695e+01 5.463453208415681672e+01 7.446177532001119914e+01 7.616262627644611882e+01 5.987915666775080581e+01 6.550949859330189895e+01 4.589708849952890546e+01 6.550949859330189895e+01
9.062254805971975413e-02 5.864125239963669856e+00 1.189435213191419471e+01 1.896541999812881585e+01 3.051253201614408539e+01 5.053148284788631628e+01 4.593161542894284111e+01 2.590538875341233194e+01 1.178283047831617658e+01 3.177115370936046901e+01 4.356920820176103604e+01 5.753922943335893336e+01 4.503156717665224562e+01 3.923865452846871449e+01 3.454152844316538307e+01 4.606300030842911042e+01 6.575893663313871684e+01 5.992111138343189225e+01 4.197055420578664808e+01 4.051407757078879968e+01 2.010822782808128295e+01 2.683187950106649566e+01 3.416779753716993895e+01 4.628233399774385504e+01 6.658579656110758549e+01 6.186958991246014250e+01 4.197888351347672398e+01 4.928960261436542822e+01 3.246774105659061860e+01 5.238070475956598671e+01 7.123190443566470265e+01 8.268239757240044696e+01 8.739655855486945768e+01 7.924703312729333504e+01 7.110716197107149128e+01 5.171628722314220994e+01 5.446805310282104529e+01
3.063233560239582431e-02 2.002653246685387600e+01 3.189666994349224538e+01 3.897376165070437537e+01 4.729727964795666395e+01 5.887849588142125867e+01 4.593399751350200688e+01 2.590540314009382783e+01 3.177115370936046901e+01 1.522608068750884946e+01 3.525831698289523075e+01 4.774950663016558394e+01 6.471430714952303731e+01 5.901695425608532020e+01 4.606300030842911042e+01 6.243868985394973947e+01 7.373624447758137990e+01 6.722930484752704672e+01 5.751070150112274604e+01 4.246823592036651718e+01 2.185840023117936326e+01 4.246823592036651718e+01 5.486358414483937196e+01 6.317553577201923076e+01 7.483012102064508042e+01 6.186958991246014961e+01 6.186958991246014250e+01 5.469727689501783630e+01 3.476939913023957018e+01 5.469727689501783630e+01 6.345508551890439009e+01 7.045127554438764150e+01 7.872092720305761304e+01 8.865237450172914180e+01 7.719491312166607599e+01 5.794375365747664119e+01 7.406909593278449222e+01
5.666595628964066211e-02 2.005666595628928661e+01 3.134165095945607504e+01 3.800851906916893341e+01 4.629805759564382583e+01 5.630433236265134411e+01 5.427547973532046655e+01 4.593416425908837653e+01 4.011749691342620139e+01 2.008148378260863254e+01 1.939734326118030694e+01 3.943684114138385155e+01 5.212172505916534959e+01 6.108262741417640740e+01 6.575893663313871684e+01 7.373624447773569557e+01 7.877130336338051109e+01 6.880124307674131501e+01 5.032732984375549989e+01 2.949938249564715420e+01 2.362822719132486782e+01 4.347163140085385891e+01 4.330855446853747281e+01 5.783604387242395717e+01 7.775621789007759332e+01 8.170293815141243954e+01 7.449874312387383668e+01 5.469002920071830687e+01 5.466047529037684427e+01 3.817845301261029078e+01 4.352927968937832759e+01 5.061726182668851948e+01 6.056199957417913282e+01 8.034101187165882152e+01 8.401089282650141854e+01 6.473239094762566026e+01 8.401089282650141854e+01
2.110006612196471329e-02 5.568102028374279477e+00 1.134160472027058830e+01 1.800827138693860974e+01 2.800827148362757057e+01 4.800999644134806488e+01 6.184360123493002703e+01 4.181547011253656621e+01 2.766981293517202900e+01 4.011783921530220454e+01 3.943684114138385155e+01 2.378650183140676333e+01 3.274576616353071046e+01 4.428664643821129232e+01 5.843406348799852168e+01 7.852114540469696635e+01 7.062947210831769951e+01 5.057171441330159212e+01 4.005406642670141792e+01 5.032732867025492851e+01 4.431416248355864695e+01 2.630790541630927137e+01 4.710693962609648366e+01 6.325675583707141669e+01 7.836300216762020909e+01 8.656098041533770981e+01 7.604682076267150137e+01 5.625802733051084203e+01 4.213887655301126500e+01 5.230462206945740178e+01 6.345508551890439009e+01 5.985562078190453406e+01 7.872092720305761304e+01 8.865237450172914180e+01 9.219876757708831860e+01 7.574288745008098545e+01 9.219876757708831860e+01
9.367352646185668485e-02 2.009367352646150096e+01 3.134165095945607504e+01 3.800802806758041186e+01 4.627857055435914901e+01 5.630758683560062394e+01 6.773449570823842691e+01 4.768157390379201388e+01 3.434263836013131765e+01 5.435104167561708266e+01 5.212172675838437641e+01 4.380530133386839964e+01 2.872704668249542337e+01 4.286337136609400034e+01 6.289188142592268349e+01 7.978863616532618153e+01 7.877130336338507277e+01 6.880124307671418649e+01 6.060059326080967423e+01 4.572486201956703411e+01 3.621374963020689819e+01 2.826196013944949925e+01 3.406070837958343134e+01 5.494098617537942175e+01 5.828464977486329701e+01 7.836300216762020909e+01 7.889703273962888375e+01 5.913583227317545266e+01 4.503698060746123844e+01 6.492375388542812686e+01 8.040395341282284392e+01 8.015113376735331485e+01 8.899523099100368029e+01 1.046607013208443249e+02 1.035516455184047260e+02 9.530519820931787933e+01 9.828495679499135917e+01
3.648181865326004941e-02 2.003648181865290567e+01 2.235719305997049489e+01 3.390419844376260272e+01 4.804633406749305635e+01 6.804633406749164237e+01 7.442622272440502229e+01 5.435104167561708266e+01 4.433633027077423350e+01 6.268344214630211297e+01 6.429368193382515528e+01 4.426455290557883160e+01 3.272849513684068512e+01 4.137020233612202702e+01 5.136642301547156109e+01 6.552612050912179598e+01 8.564978154306660940e+01 8.017449042637430523e+01 6.026285575463129618e+01 6.527099698759006685e+01 5.140334758693199291e+01 3.047540291248413169e+01 5.140326485537111267e+01 4.361135713411512427e+01 5.565827687986926975e+01 7.578649543916657194e+01 8.186998177675866373e+01 6.213411319911266872e+01 4.807034090171217855e+01 6.791461527292474898e+01 7.716171566937285320e+01 8.251420167542754314e+01 8.857061970669330719e+01 8.495445638364074625e+01 1.046607013208443249e+02 1.012204655031441405e+02 8.998805646223115673e+01
