LEM/with_lateral_4open/elevation_000327.asc
nrows	100
cellsize	150.0
xllcorner	0
ncols	100
yllcorner	0
NODATA_value	-9999
[rows 34 to 50 of 100, columns 37 to 73 of 100]
7.136977487139509435e+01 6.299499151523463780e+01 4.701275639708735099e+01 6.752543133354760130e+01 5.895979956746700879e+01 7.925335318726864386e+01 8.990843173833137314e+01 9.821996144451051691e+01 1.008519444221566062e+02 9.238381308824270377e+01 8.408679432589372027e+01 8.373397855112911259e+01 7.123688868541688635e+01 5.927511691458281717e+01 3.867305227922938826e+01 5.571562223040653805e+01 5.397101825414292620e+01 3.607231355122635819e+01 5.585768793637954133e+01 6.762929928424004800e+01 5.342651966837559740e+01 7.094532536732168637e+01 7.631722338021698704e+01 7.631711634447397330e+01 7.678807558157546964e+01 9.687705622562691588e+01 1.030127698312881961e+02 8.678413603661229558e+01 6.676518529744626562e+01 5.665971131928258586e+01 7.122799515174938279e+01 5.336402561890200502e+01 6.492693807867232181e+01 5.633476799663542067e+01 7.054958003776451392e+01 7.084813243544230943e+01 6.535111908599743913e+01
7.907494187295634447e+01 7.080133644462290476e+01 5.034361227057905808e+01 7.080133644472537924e+01 7.925335318726864386e+01 7.335744725448201109e+01 9.348732925267813698e+01 1.025539213426554568e+02 8.254141725397924745e+01 7.254609589951391513e+01 6.409785089590981499e+01 6.373685031465586093e+01 6.294238558084573043e+01 4.285592820237581435e+01 5.927511691458281717e+01 5.954558897559155639e+01 3.943031239517505782e+01 5.624136413804590262e+01 3.926331952888682508e+01 5.938269555316576032e+01 4.584948390371496885e+01 5.085849681375164266e+01 5.621744482923885755e+01 6.257583751756475010e+01 7.678807558157546964e+01 9.687705622562691588e+01 9.476194558361504505e+01 7.470618879306762494e+01 6.305589163248038886e+01 7.681914697540830161e+01 7.989153460481836078e+01 5.975110168310497016e+01 7.989153460481836078e+01 7.647353547659069761e+01 8.428973096706666013e+01 7.269404395832411581e+01 5.703883114340930405e+01
7.907494187310162204e+01 5.880883024052344155e+01 5.460443399706097978e+01 6.905823216542172815e+01 8.919267836724131371e+01 9.348732925267813698e+01 1.017844301088126286e+02 9.562315492407915940e+01 8.254153508604166234e+01 6.255084877540662802e+01 5.252261165849860447e+01 4.956963756928116993e+01 4.673149673898006284e+01 6.294238558037710618e+01 7.123679465146646805e+01 6.191261675783213292e+01 4.182771120560119016e+01 6.191202759757106122e+01 5.938553666292197875e+01 4.251499378665867113e+01 6.260113520006457577e+01 4.989731333357676846e+01 6.998137296418538256e+01 8.267200178509283148e+01 8.267200178509283148e+01 1.027730839928815811e+02 9.953582548430482291e+01 7.950786875246487284e+01 6.866238225566755204e+01 8.875604724641489440e+01 8.817521650092596985e+01 6.878392892425110006e+01 8.817521650092596985e+01 8.974994317386091325e+01 7.601015610357895014e+01 5.588621570976345510e+01 4.425522413946066536e+01
6.971042678139826876e+01 7.907494187277366393e+01 5.913318686915566502e+01 7.087795014797856652e+01 8.510315297624758557e+01 1.051506306804881206e+02 1.014568577273981731e+02 8.145813344896362196e+01 6.734468565217561320e+01 5.731765643760743956e+01 7.254625533964981798e+01 6.959392736559578907e+01 5.830721185925980166e+01 7.505590822266719897e+01 6.551690322389194421e+01 4.544895619178156210e+01 4.942564268542734141e+01 6.950001700204087740e+01 7.094777866020808688e+01 6.260232066946184659e+01 7.093029006562574068e+01 5.281678001695370028e+01 7.291265443853872341e+01 8.428938751322182554e+01 9.262347270044526226e+01 1.026728690424550763e+02 1.077811316798355961e+02 9.480335307192116545e+01 7.474670865618621463e+01 9.480335307192116545e+01 9.714320795451415336e+01 8.041416275700505878e+01 9.305702929603712903e+01 7.300874609509050117e+01 6.137397242073789982e+01 5.374983971137544358e+01 6.439159369968095348e+01
8.395472573176834885e+01 8.767672884494959362e+01 7.937193042090903816e+01 6.659776503552004101e+01 7.824311814388825326e+01 9.829789565693089060e+01 1.066647817328647392e+02 8.664123856220173536e+01 7.254346124804304452e+01 6.098618945239930156e+01 8.098062227494251886e+01 8.661127692773288800e+01 7.831160953646623568e+01 6.924453607758172780e+01 4.917078505135339839e+01 5.963720698470203985e+01 6.950001706455002193e+01 6.362126922970754350e+01 8.369256939598410838e+01 7.961337484561478561e+01 5.951121354330555135e+01 7.291265443853872341e+01 5.838446069800906457e+01 6.419457997712032693e+01 7.424888384138972697e+01 8.843963510594717548e+01 1.085502272970839499e+02 1.018791052601376634e+02 8.186585584300412677e+01 1.018791052601376634e+02 1.086845419175868699e+02 1.004392875665729434e+02 1.012996606948868816e+02 8.974994317386091325e+01 8.148214759318076972e+01 7.388197176099178876e+01 7.210741246968382256e+01
1.040090773310354422e+02 1.067617163543527568e+02 8.671897527324163946e+01 7.334245233042159384e+01 9.340769118459367348e+01 1.065889992211309902e+02 1.051639759876487119e+02 8.514995638782124843e+01 7.364185345592827048e+01 6.548072983291366711e+01 7.700792457418657477e+01 9.696955469418651319e+01 8.352042395326505186e+01 6.344236827041621751e+01 5.184451281057389593e+01 7.192835309996794990e+01 8.801349361523421067e+01 7.781952127052279877e+01 8.694900934587661823e+01 6.685954760648095885e+01 7.961337125971517992e+01 8.608225971720371206e+01 6.599110464578191682e+01 6.999782031942696392e+01 7.690690059551300806e+01 8.849303503161956996e+01 1.086038603618432035e+02 1.101164076875383131e+02 9.345207287036733135e+01 1.101164076875383131e+02 1.045505123629549473e+02 9.629453779300604310e+01 8.921286914680398183e+01 8.316039870448953764e+01 7.778504546866979297e+01 7.274960452067156780e+01 6.379541451441574651e+01
8.958785879949083153e+01 9.773869870956445993e+01 1.016981242682710160e+02 8.753802252475817625e+01 8.753802252480117829e+01 1.075783248699435575e+02 1.135018011518723853e+02 1.019272089954516787e+02 9.042881988985161001e+01 7.049234885534366413e+01 9.042881988985161001e+01 1.052950545449278934e+02 9.181965660423725240e+01 7.474205460587960204e+01 5.464821475618997226e+01 7.474205460587960204e+01 9.037537515027608492e+01 9.787136183294288116e+01 9.251791804000190211e+01 7.243893137034962137e+01 9.251791673033619645e+01 9.441784716845194225e+01 7.604114586551806099e+01 8.419893478991890845e+01 8.639673133937358784e+01 1.053384466266550135e+02 1.169600615286619814e+02 1.216130980919654263e+02 1.133906455830781965e+02 1.078237930021828959e+02 8.785453720646050613e+01 7.626455410562327586e+01 6.913909563493068333e+01 6.304766856316525292e+01 5.764328167667705571e+01 5.259256261744434369e+01 4.784104242868892953e+01
6.980785361411750500e+01 8.382276410129621524e+01 1.035060286082373153e+02 1.075783248572166997e+02 1.075783248699435575e+02 1.158644466026821505e+02 1.209935056417463244e+02 1.008810178872410575e+02 8.675581237238073129e+01 7.679567448188815604e+01 9.673381272802738806e+01 1.032941814186856107e+02 9.172401820767737490e+01 7.824053338051980688e+01 5.814331582419369226e+01 6.199102959374147304e+01 7.620379056312799548e+01 9.625303034932707646e+01 1.008588889759787151e+02 9.251791804000190211e+01 8.247400633201603171e+01 1.025618297479880141e+02 8.762528732813993315e+01 1.043021239471672743e+02 1.065069355518302245e+02 1.148591063553175786e+02 1.185958534574607910e+02 1.103244114187170908e+02 1.185958534574607910e+02 1.160690313725730789e+02 1.045505123629549473e+02 9.629453779300604310e+01 8.921286914680398183e+01 8.316039870448953764e+01 7.394133367364678122e+01 5.378835399461405586e+01 5.949253110518414189e+01
7.128744699914940952e+01 9.105721671434825737e+01 9.867520670103523628e+01 9.948543003797935569e+01 9.156941135224498396e+01 9.992353203070661039e+01 1.115586627752661286e+02 1.082996172332476874e+02 8.826705580698170195e+01 9.673381272802738806e+01 1.050607481273164439e+02 9.499963972105197740e+01 7.495318531099231052e+01 6.334332347561885967e+01 7.824053262362737371e+01 8.207607693887054268e+01 7.098906902576784717e+01 8.257681102304961485e+01 1.026143104390613985e+02 1.109139151758382837e+02 9.250041773575742354e+01 1.109139151758382837e+02 1.077319786433676967e+02 1.160885290177931211e+02 1.150657114625696380e+02 1.127005307883153336e+02 1.044370912521754775e+02 9.044905881388851299e+01 1.055552016573405325e+02 1.138203883643071634e+02 1.188730794199645260e+02 9.893936496324793950e+01 8.823959509504673804e+01 6.815903649472373615e+01 6.142581974123027777e+01 6.142581974123027777e+01 7.961797412794554418e+01
8.524764789290810540e+01 8.409344279866937200e+01 7.862723407733197689e+01 8.145323516595223623e+01 7.148362379622663809e+01 8.305852936052630753e+01 1.031955113610055150e+02 1.166466494059878727e+02 1.024011534363416871e+02 1.166464613588950670e+02 1.035070425248569137e+02 8.347243331088188256e+01 6.928299959741725900e+01 8.342581387110645608e+01 9.172401168194681986e+01 9.934106280530123456e+01 8.102664996025085031e+01 9.934106280530123456e+01 1.109066857189635300e+02 1.209845913274169078e+02 1.126232417602187752e+02 1.209845913274169078e+02 1.120561779441614334e+02 1.037936516223681878e+02 9.517736926063494707e+01 9.517736926063493286e+01 8.458450144795416747e+01 8.054858505348650510e+01 8.569913842579103402e+01 1.055552016573405325e+02 1.130452656169576215e+02 9.309650960299390476e+01 7.892192848117989001e+01 7.787090899620899620e+01 8.154607556160577531e+01 7.307108859673159884e+01 7.787090899620899620e+01
6.645254540590380543e+01 6.376430035998080825e+01 6.451301954212020462e+01 6.150287708535962139e+01 8.149913292531162767e+01 9.963643477161879503e+01 1.040456489035241390e+02 1.124969000710791249e+02 1.225397685289046024e+02 1.094497501001234241e+02 8.941682691334931121e+01 7.784794193038443666e+01 8.347243331100492014e+01 8.001452234483748782e+01 1.000497347000006698e+02 1.093575477924142376e+02 1.010646595544293120e+02 1.093575477924142376e+02 1.131364512162830067e+02 1.131364512356653051e+02 1.213810532447935202e+02 1.178628749137918135e+02 9.796598852300506621e+01 8.394309176208753343e+01 9.123905522254710831e+01 7.535997774714742548e+01 7.316643418026899326e+01 7.171183662162940209e+01 9.151484469864301730e+01 9.570174930593080376e+01 1.155911604486901894e+02 1.071935997061903834e+02 9.893936496324792529e+01 9.205266258674892299e+01 1.013852098666528434e+02 9.312312305236578425e+01 9.789869149735875453e+01
4.639269283472523853e+01 4.960182983434889081e+01 5.298759603325739675e+01 7.302105062124897472e+01 8.508178041232878286e+01 9.116736506890978831e+01 8.368329559673291840e+01 9.805139194129678515e+01 1.185170760877973635e+02 1.177423691519316691e+02 1.054548599469416246e+02 8.542354848738334283e+01 1.035070431781871605e+02 9.003308582023505835e+01 1.083448919885860136e+02 1.197216568289044005e+02 1.114797359668372678e+02 1.073147697939907914e+02 9.326394444098076519e+01 9.326394444099382497e+01 1.131364512356653051e+02 1.140926419625271535e+02 1.052789790456931343e+02 8.542352836345575895e+01 7.143753920656551770e+01 6.544648758579432979e+01 6.323726903036795477e+01 8.307081191156918010e+01 7.587305705749542994e+01 8.988215464707073465e+01 1.097514936588647032e+02 1.173351615653303242e+02 1.090673340999121734e+02 1.120122537793782698e+02 1.069641388796665922e+02 9.694033096726577980e+01 8.861943197739562095e+01
6.194468139726560452e+01 6.961111398733821432e+01 7.302105062124897472e+01 5.964684922038686921e+01 6.497550246882396152e+01 7.098376468290122432e+01 8.520017588479412041e+01 1.055734341264481060e+02 1.150425669027267048e+02 1.172386508588419929e+02 1.137488118874246226e+02 9.698666090436783804e+01 1.137493862309856780e+02 1.041989275672836044e+02 1.183607021361695644e+02 1.114796395339432422e+02 9.160988488919539918e+01 9.742822805031573807e+01 7.925229803497990133e+01 9.908446692197739480e+01 1.068277503827682864e+02 9.422986675835140602e+01 9.787475392058169632e+01 9.948362359207602879e+01 9.123905522254710831e+01 7.826047248764751885e+01 5.830318998926265550e+01 6.438414673632357221e+01 8.425364956330892596e+01 1.039524694431905658e+02 1.069397524854646520e+02 1.057645030491575255e+02 8.899295221271825085e+01 1.057645030491575255e+02 9.862633526780491877e+01 7.861252868698640839e+01 6.861953124543846627e+01
5.140550122353246820e+01 6.555009568979183143e+01 8.567991848111248032e+01 7.117438499863180823e+01 8.508178041232878286e+01 9.116736506890978831e+01 9.961100724556405339e+01 1.091704514231623762e+02 9.498488577990625004e+01 9.717848136508777657e+01 1.172386371946959827e+02 1.170226785128381266e+02 1.253147153810505046e+02 1.242322732803177985e+02 1.255545211316190120e+02 1.155964174047220467e+02 9.742974361251431503e+01 7.760607946037558236e+01 7.268243133232743958e+01 8.698458884573987859e+01 8.698458884573987859e+01 8.021883985304292253e+01 7.805132644754550597e+01 8.759108896133542999e+01 8.546057372295244647e+01 7.488707605264791312e+01 5.479223311637495186e+01 7.488707605264791312e+01 9.248909260401558186e+01 1.010608752611767045e+02 8.690934708190683011e+01 9.747738431352544808e+01 7.748752096589424809e+01 9.747738431352544808e+01 1.069641388796665922e+02 9.694033096726577980e+01 8.861943197739562095e+01
7.145134119715910970e+01 6.555058162679652867e+01 8.569702364380785298e+01 9.136549329568507005e+01 9.980326060144227540e+01 1.039455115161573246e+02 9.564796695417079775e+01 9.195671487085593299e+01 8.095211513280267468e+01 9.498488558700829287e+01 1.150424699396583890e+02 1.266902834931741779e+02 1.246580125971752437e+02 1.329688136915904124e+02 1.173025914810711754e+02 9.742213458475735877e+01 8.749744556284012731e+01 9.742974361251431503e+01 8.117681103088756345e+01 6.720779978301393953e+01 8.204039377821177936e+01 7.886552373782980396e+01 6.400809575405270380e+01 6.771895446822659892e+01 6.554590933767828176e+01 6.925776977533111278e+01 5.174402969051705270e+01 6.612526866917957591e+01 8.603243167235073940e+01 9.110201149636387186e+01 7.289295485712811740e+01 8.194992772358553168e+01 7.056950588198138519e+01 8.454473634732903520e+01 1.045696588262047868e+02 1.035509521611351289e+02 9.521522186327857185e+01
8.321110935607487136e+01 8.569702500671053258e+01 9.414109081265100087e+01 1.000934900134708840e+02 9.181449785938265507e+01 9.248647017276432791e+01 7.587670728338807180e+01 7.226508476415837379e+01 9.195671487085593299e+01 1.091704514231623762e+02 1.102841988503351160e+02 1.065970154672407659e+02 1.045484546145164586e+02 1.213662506840060757e+02 1.255589587403849521e+02 1.156090202731483032e+02 1.073622303918173202e+02 1.092429429571431285e+02 9.193826638328462764e+01 7.214252117313887425e+01 6.221332944064237580e+01 5.894203873894757351e+01 5.569965617502904109e+01 5.338673746451820534e+01 5.114563316481108046e+01 4.896986235106555796e+01 4.880410495949965366e+01 6.909397233514313541e+01 8.722236531317324193e+01 8.283453592421997769e+01 6.309227142274412614e+01 6.221812851687851520e+01 7.201674664118405644e+01 8.601710030575638655e+01 1.060449058395109176e+02 9.521522186327857185e+01 7.520064243026885720e+01
6.640633886059761437e+01 8.652095131299380171e+01 1.039522133980193956e+02 9.181449768277899182e+01 7.215128618890935286e+01 7.791050735067037181e+01 6.474571201550878641e+01 8.423302486102646469e+01 8.825820617553247871e+01 9.205121082584268777e+01 9.022786026443463925e+01 9.242091122312038465e+01 9.294827015838097850e+01 1.130477538826027910e+02 1.289651319846747981e+02 1.236791771067321974e+02 1.154345712482858346e+02 1.117957068224184951e+02 9.193826638328462764e+01 9.025981919333793257e+01 8.064855708061965345e+01 6.076676907098535452e+01 7.575399922173785683e+01 6.771895446822659892e+01 7.137877949107087261e+01 6.628295996483706176e+01 4.595508748447667102e+01 6.022992194179774117e+01 7.788171918339504884e+01 7.016400820748062017e+01 5.553870117016009544e+01 7.537266132134988084e+01 9.021501968696777851e+01 1.001679830958238853e+02 1.067876439385574940e+02 8.674362093754304226e+01 7.260641721017569239e+01
