LEM/with_lateral_4open/elevation_000549.asc
nrows	100
cellsize	150.0
xllcorner	0
ncols	100
yllcorner	0
NODATA_value	-9999
[rows 51 to 67 of 100, columns 37 to 73 of 100]
4.080041806447458441e+01 6.034476919181544474e+01 4.658479075656601509e+01 5.465538376476207816e+01 6.477005899523616961e+01 8.485414914845183887e+01 9.905660695742297150e+01 1.007995105773186850e+02 1.089447473427623692e+02 1.108317968159368405e+02 1.190038090188308644e+02 1.288277115973297953e+02 1.358624551583558286e+02 1.275649604254099501e+02 1.275649604254099501e+02 1.167953581695552856e+02 1.051679575850363619e+02 9.626585738179919360e+01 8.357383544594239311e+01 6.378421300187338261e+01 7.657714730465896480e+01 7.299541911096289937e+01 6.078884114476213085e+01 4.686481651503167001e+01 5.001881559382862008e+01 4.790145755662462790e+01 7.778764242428106002e+01 8.247369242292643321e+01 6.257450777829885880e+01 4.853224827923302342e+01 6.257450778071789443e+01 8.247369661102514726e+01 7.235715391922144590e+01 5.815593430270071451e+01 3.821802659601078034e+01 3.939706849702001534e+01 5.933003263952365813e+01
6.034477003125450523e+01 4.274552154440793572e+01 6.243147714814745086e+01 7.289268122808729800e+01 8.248030132211864895e+01 8.485414914845183887e+01 1.045669806245263089e+02 1.092087958351434338e+02 1.010655648473033352e+02 9.129933289480928238e+01 1.010415299152099777e+02 1.206220637527085131e+02 1.325244049428307278e+02 1.240720227301129768e+02 1.325244049428307278e+02 1.227063069331890546e+02 1.024199854773539045e+02 9.169420536487972129e+01 7.180344264706010904e+01 8.357383544594239311e+01 9.190618231393379745e+01 8.897201547476771566e+01 7.488042830976490905e+01 6.327818459103349369e+01 4.346892303090705667e+01 4.605518697773426595e+01 6.812295394443145824e+01 7.066346576453257455e+01 6.395964370755919504e+01 4.406522775575957240e+01 6.395964363479891546e+01 7.959139032017712623e+01 6.395213089136799312e+01 4.394614497336527847e+01 3.395977582946259332e+01 5.010055868558652747e+01 5.837739863033789334e+01
5.141812110656042734e+01 6.243147714814774218e+01 4.521535645871736619e+01 6.282439692322722635e+01 7.544441993972657201e+01 9.040378623284958337e+01 1.017949338918766244e+02 9.365863374907691252e+01 8.146866719206343532e+01 1.010655648473033352e+02 1.190038090188308644e+02 1.288277087065235094e+02 1.222525992085772657e+02 1.034713509839449301e+02 1.222525992085772657e+02 1.167445501670386676e+02 9.648655747032746888e+01 8.235388847605084095e+01 8.580326389269298204e+01 1.000644318342960020e+02 9.277428110167853959e+01 8.387462994496867452e+01 7.556899147307855458e+01 6.128768120576352629e+01 4.137005265247518082e+01 5.866888821570525181e+01 5.194111428729594593e+01 5.006035035636934794e+01 5.438976478754668165e+01 3.989103720159660327e+01 5.140825453656755428e+01 7.129023823745490063e+01 7.217732530225580945e+01 6.217688677664009589e+01 5.010054914783044211e+01 3.015623546528838261e+01 5.009994781358815175e+01
7.122253899760167428e+01 6.858757040314138465e+01 4.868558666564308623e+01 4.822553552089792106e+01 6.231378143148494786e+01 7.957084662296726663e+01 9.365863374907691252e+01 7.391428399953368000e+01 9.365863374907691252e+01 1.010655648473033352e+02 1.206681000347878836e+02 1.281923368747321774e+02 1.071682274139028692e+02 9.321596856957472710e+01 1.048143663595984947e+02 1.131196914103271070e+02 1.108258223387218351e+02 1.024199854773539045e+02 1.059161961621790340e+02 9.858651055059787893e+01 7.854909903033973251e+01 6.463111306552295332e+01 5.585140973095370498e+01 4.957466333874399567e+01 5.640996087230401912e+01 3.875250647605787435e+01 3.692714796467671334e+01 3.567778714484885683e+01 3.444100950058026456e+01 5.273195930002801646e+01 6.100067542095644768e+01 6.404541751498024382e+01 6.355934698774773750e+01 6.063725982031260031e+01 4.163394843658415567e+01 2.757446947510117852e+01 4.396756975591659966e+01
7.394122335378490618e+01 5.396698630089861126e+01 6.858757040314138465e+01 6.814628267239224613e+01 5.138576984218754973e+01 7.136646285813627344e+01 8.912896926000885856e+01 6.927708910061819836e+01 8.912896926000885856e+01 1.024588996215481700e+02 1.106066538067827025e+02 1.204117947053170354e+02 1.147576922582392029e+02 8.613134227554347433e+01 8.681233519862122705e+01 1.048094333900866530e+02 1.006103732327527069e+02 9.224068445428486029e+01 9.224063267647093767e+01 8.955381907252559870e+01 9.277428110167853959e+01 8.387462994496867452e+01 7.556899147307855458e+01 6.932963159267801245e+01 5.910295592093915928e+01 3.935793694342517313e+01 5.686679556376812883e+01 5.562334859048501556e+01 5.273433540918419027e+01 3.278544666502612159e+01 5.109296656122629088e+01 4.412533716261950900e+01 4.308877048733148030e+01 4.771082374132822679e+01 4.641316169954867377e+01 4.379377810941408455e+01 2.397933720366894761e+01
7.502722014238104009e+01 5.788348006924771738e+01 7.787386750705499594e+01 7.369210397570972759e+01 5.368618213601828870e+01 7.369210397570977022e+01 8.026145238210581567e+01 6.496030588044594367e+01 8.489640563390318562e+01 8.284626773733732819e+01 9.267866822594433529e+01 1.122391310171519336e+02 1.108387817885438977e+02 9.152528039966438200e+01 7.899438195254602135e+01 9.897690188788240562e+01 9.224068445714723907e+01 7.231311098410796490e+01 7.231311088201837833e+01 6.962743601125690418e+01 8.261828618173294103e+01 7.397716384088396069e+01 6.665501986985211147e+01 6.182680158360644640e+01 4.198665604425676179e+01 5.910295592090555061e+01 4.490184151382850786e+01 6.486615027056902250e+01 6.100452696332208546e+01 5.109296656091323285e+01 3.114747490535474483e+01 3.002167224302525028e+01 2.890165544233554584e+01 2.778749444625065834e+01 2.667517948333683364e+01 2.556210666048382407e+01 4.256192295429041650e+01
7.342393448590597416e+01 6.235882106756133680e+01 8.243270457059900025e+01 8.188922264750519275e+01 7.369210397560078718e+01 5.708605359015275127e+01 6.026289805448951853e+01 8.026132685302712844e+01 7.287831230714019171e+01 9.265267715696043638e+01 1.106066538067827025e+02 1.204117947053170354e+02 1.086425886668465495e+02 8.849005779220308909e+01 7.448647932441902242e+01 8.852260345684867104e+01 8.534654164514668651e+01 7.814976211144410456e+01 5.822931086845471782e+01 5.544425005963870490e+01 7.157043601272260958e+01 6.537392141040355398e+01 4.650777778391866946e+01 4.460919524342708797e+01 6.182680158360644640e+01 7.013779999889628414e+01 6.486615027121999333e+01 5.098838325707760077e+01 6.672251837055337376e+01 4.641891190129012301e+01 3.619287311855926959e+01 4.995975998243931571e+01 4.300341465558403087e+01 4.189038852592499040e+01 4.079322571309315038e+01 4.561556794631663081e+01 4.151958257239957817e+01
7.516465865942184621e+01 8.243270457059900025e+01 7.068110183876162012e+01 9.054011118753840037e+01 8.528383284360459982e+01 7.709940271451218052e+01 6.267254748784362306e+01 8.262982451590572452e+01 9.265253386143982084e+01 9.265267689182280719e+01 1.122718412948639184e+02 1.231313360186452002e+02 1.129791263766871339e+02 1.027806604446794552e+02 8.852260345835398425e+01 6.868810554931837942e+01 6.552157022687154608e+01 6.244367250516122425e+01 7.814975658818542570e+01 7.177418406049268640e+01 5.161108396934141496e+01 4.939905834488622105e+01 6.586753808795126020e+01 6.463015444115397656e+01 7.294264996156061898e+01 7.755091888322340310e+01 5.754623295352396894e+01 7.106054886617707211e+01 7.509471033185224087e+01 6.232732264000377143e+01 4.166778169958277545e+01 6.232733325059086127e+01 6.292548952837488230e+01 6.181416985721137536e+01 6.090651977523774008e+01 6.077268119352919484e+01 4.031726619398585854e+01
8.897326396763318712e+01 9.675639181503434827e+01 7.709878645740430159e+01 9.675639181503434827e+01 9.403172631055898023e+01 7.428305431904630041e+01 8.262982522012151776e+01 6.960119600670927298e+01 8.943159156448874114e+01 1.063404459609988919e+02 1.176390923968719733e+02 1.146883634630524256e+02 9.441746856858890169e+01 8.446174400566174256e+01 7.748823166879982693e+01 8.006626147057200171e+01 8.534654164482044791e+01 7.386670159511827194e+01 7.765895168613246824e+01 5.769894616953038735e+01 7.177420757631753645e+01 6.389769606327865858e+01 6.229738503870224520e+01 8.254150772350736531e+01 8.568676442574042085e+01 6.575806445748490603e+01 6.758215612726058907e+01 8.586675677914951166e+01 7.713315978603441181e+01 5.645895396173697378e+01 5.645894241354811527e+01 7.020111899583345405e+01 6.640721773110442427e+01 7.148871278075534974e+01 6.435139907656285629e+01 5.644901308952483987e+01 3.649198796357324426e+01
1.080683459761464889e+02 1.048724825501281117e+02 8.599821001898035888e+01 1.048724825501281117e+02 1.021566719333179662e+02 8.575084379174357707e+01 9.755762813401435096e+01 7.961008986053236924e+01 7.856654350168038548e+01 8.996317270440590619e+01 1.095028150247682674e+02 1.231308779672914682e+02 1.129772195646043826e+02 1.045528681349008906e+02 9.744958786108354332e+01 9.414720001185644094e+01 1.021704034267007586e+02 9.379048975747008399e+01 8.199273372869683385e+01 6.212864781277816206e+01 8.199271769023432910e+01 8.497255108678683655e+01 7.662323181576458353e+01 9.128086502710537786e+01 9.199054790368012391e+01 7.205619904574133727e+01 8.751966912975883872e+01 8.751964779808662342e+01 8.546426848969031198e+01 7.713313796632129993e+01 7.713108705433910472e+01 6.447554928210119840e+01 4.891589656072697068e+01 5.485996498248616859e+01 4.418931787452176962e+01 4.891182086237553506e+01 4.386770989107679242e+01
1.098758707741802567e+02 1.136013673177198058e+02 9.974508397427703699e+01 1.136013673177198058e+02 1.134750191125629186e+02 1.053436221970153497e+02 1.073734627552456118e+02 9.352915237424434736e+01 9.249777038439384569e+01 9.463449280455314749e+01 1.141823370381614922e+02 1.126399246611365896e+02 1.043579479771567833e+02 1.043578195113974232e+02 1.126365511576577205e+02 1.143831089795989442e+02 1.125565205073382913e+02 9.240000437222332152e+01 7.832692513261216050e+01 6.812997229715095671e+01 7.614758607206496777e+01 9.599250581479617495e+01 9.729685858161479928e+01 1.046935618748280348e+02 8.460826741693274755e+01 8.610235649424129178e+01 1.003545404721855476e+02 1.076266970665325005e+02 9.541657653075775158e+01 8.127429793850902229e+01 7.130506895382778509e+01 5.811430065557654245e+01 3.814234138982689615e+01 3.494995926854267054e+01 3.188222031528365363e+01 2.897938499380140698e+01 2.611969261389133123e+01
9.624327026121274287e+01 1.154203144411494435e+02 1.192568356136347347e+02 1.194220975382567786e+02 1.114864658929437837e+02 1.099977993123386852e+02 1.178926986999604480e+02 1.130719090054463720e+02 1.120401377778047731e+02 1.141823370384746568e+02 1.126395105035718274e+02 1.010845049255571411e+02 8.433623331946667179e+01 8.433623329412377245e+01 9.694455841943268126e+01 1.052314366867859690e+02 1.149132110328359175e+02 9.471047184235423799e+01 8.062449263185669679e+01 7.695113189642609086e+01 9.605137098141909746e+01 1.043207724421431521e+02 1.083444638869018917e+02 1.130920005146617768e+02 9.876047515753562323e+01 1.062058992802120230e+02 9.820333887464455813e+01 8.925642440930838006e+01 8.093106667300772017e+01 6.713206532061848009e+01 5.307708139997401986e+01 4.307706469763417800e+01 5.811430065557654245e+01 5.485996498248712783e+01 5.181070739299241268e+01 4.793939679238834373e+01 2.799972183991318886e+01
1.098758707741802567e+02 1.130123381319345839e+02 1.213161061305954576e+02 1.081724767390967941e+02 9.116376630602501052e+01 8.955955544229649945e+01 1.027077156228575916e+02 1.110163011039056329e+02 1.110235254192095198e+02 1.192191514780792687e+02 1.043579618117985461e+02 8.433623331994448336e+01 7.275084150227573332e+01 7.275084150213123735e+01 7.690527862440708873e+01 9.694458535677989630e+01 1.094829129494398359e+02 1.090186703875053666e+02 1.006277212683317828e+02 8.838874098145370795e+01 1.052783097469068991e+02 1.023138925739527991e+02 8.792914620617827381e+01 1.023342783839676287e+02 1.190169665094991842e+02 1.040672053356903888e+02 8.395636709684788457e+01 6.991074545638581128e+01 6.106073938858817485e+01 5.477405321817272466e+01 4.874957348009741764e+01 6.302520016617313559e+01 7.130506895384650079e+01 7.006066329883537946e+01 6.178510933430408869e+01 5.177782263997983137e+01 3.183206923316005899e+01
1.097522567791220922e+02 9.299057575707159629e+01 1.097522567791220922e+02 1.001208322268793154e+02 7.892943445974663064e+01 7.729004512985376607e+01 8.170320019257320610e+01 1.027077156228575916e+02 9.070945734447101927e+01 1.034890464968601123e+02 1.117433739808578395e+02 9.803648639046689084e+01 8.277461665274519476e+01 6.268989569758930003e+01 8.277460547166829485e+01 9.803643168395416296e+01 8.946824012504403356e+01 1.036124726413635102e+02 1.169303422001974297e+02 1.085179265808395002e+02 1.003271558956851379e+02 9.194031126158978395e+01 7.370413631880914807e+01 9.322823560227031692e+01 1.087082799154862869e+02 1.004455831337360650e+02 9.820336637174290217e+01 8.925642446924294404e+01 8.093106667304435575e+01 7.416754762137935586e+01 5.429345562147221216e+01 7.416754762137699686e+01 7.586608303022441646e+01 5.595258025026596727e+01 4.185200628404626855e+01 3.758979535063431143e+01 5.177742518559337981e+01
9.388368183856759686e+01 8.142684797781987527e+01 1.014527682351567250e+02 1.024350114346514999e+02 8.167885083915535915e+01 6.687417036880992782e+01 8.785528558824439926e+01 9.740020097447910530e+01 7.878696658388761875e+01 8.305653443131102165e+01 1.034890464968601123e+02 8.974864234344447311e+01 6.968841406390141913e+01 5.806397227506482750e+01 6.968841406385440962e+01 8.974864021467111286e+01 7.528827568515816893e+01 9.359827998967475082e+01 1.060456234039369576e+02 1.103745563523252002e+02 9.194030975747999435e+01 7.181415454995715208e+01 6.470233759585906341e+01 8.483075308417181759e+01 9.716075394364203532e+01 8.042270784703320885e+01 9.716076168384219613e+01 9.828567381769703104e+01 7.824600890266441411e+01 6.421960437918268383e+01 7.416754762137935586e+01 8.246886814409671729e+01 6.882101611124407725e+01 4.891965372525484668e+01 6.178510859174713232e+01 5.753497690778957008e+01 5.549332172581242162e+01
8.801862411930801500e+01 7.384334896080687827e+01 9.388368183856759686e+01 1.006257136996913459e+02 8.288456290207250277e+01 6.208986344350707753e+01 7.637511068125986924e+01 8.501782749306136111e+01 6.852140124107823738e+01 8.904107966590515844e+01 9.670945226313295962e+01 8.841976039300790546e+01 7.422436086203612149e+01 5.410970752076310220e+01 7.422436086203612149e+01 8.530933454023852391e+01 6.523524118585966391e+01 7.772203849391394215e+01 9.101108103154298590e+01 9.929639834910163643e+01 8.185212722898086213e+01 7.770896277755217341e+01 5.757204471526728895e+01 7.770897504268891964e+01 8.888537003067482090e+01 6.882163840688308198e+01 8.888537003067482090e+01 1.004957350613528320e+02 8.043411498798209891e+01 7.824600890266441411e+01 9.106080130212781398e+01 7.109029155202617289e+01 5.705228811853879023e+01 6.298547228522134134e+01 7.042671919311332829e+01 5.052074422989814195e+01 3.898972951877533433e+01
8.245862376209692002e+01 6.826598289166028621e+01 8.832549354871122205e+01 9.301098663018944990e+01 7.466935201337976480e+01 7.548604607358578278e+01 5.572998353011153227e+01 7.483707164269907253e+01 6.240807433440215135e+01 8.285655233704656553e+01 8.841976039300790546e+01 6.835122008592890097e+01 7.048916284182756442e+01 5.036768522970302797e+01 7.048916284182756442e+01 7.772203849391394215e+01 5.762141528442790417e+01 7.682672367612308051e+01 7.095137048596163254e+01 9.101108103154298590e+01 8.185212609234646663e+01 6.172632076302162574e+01 5.236590978641844174e+01 7.250771662430142328e+01 8.179176939701264359e+01 6.169789054055003419e+01 8.179176939701264359e+01 9.482513611245570928e+01 1.004957350613528320e+02 9.828567381770822919e+01 9.187605949767721825e+01 7.125757836496771347e+01 6.591365624866219264e+01 8.290926515985078993e+01 7.871982888139540080e+01 6.144075373175451205e+01 4.151203899224609728e+01
