LEM/with_lateral_4open/elevation_000444.asc
nrows	100
cellsize	150.0
xllcorner	0
ncols	100
yllcorner	0
NODATA_value	-9999
[rows 34 to 50 of 100, columns 0 to 36 of 100]
2.064481644892168788e-02 1.053440375437565191e+00 2.087615755427601361e+00 3.128774168018306323e+00 4.175622013198729832e+00 5.226798761891356726e+00 2.523463426720109837e+01 3.507854352583279223e+01 4.364126866966566354e+01 4.065533125709119844e+01 2.392764404311206761e+01 1.416045060306331038e+01 3.411717760165120694e+01 3.717866081104111942e+01 2.332880564005539625e+01 2.215043762266999394e+01 4.212520544709407488e+01 5.415353604578549351e+01 6.389477503819823312e+01 7.218296364211940386e+01 8.116450323498548869e+01 8.175429640578347801e+01 8.986294522177412603e+01 8.900740444469272461e+01 7.587118026225172684e+01 7.001429404152483471e+01 7.220181020971526209e+01 9.081385073257577289e+01 9.975513039896853229e+01 9.874663252095986365e+01 1.045733695732998569e+02 1.030299693080582983e+02 9.825857987646151059e+01 1.065487687475026917e+02 9.127432920646347725e+01 7.131786578940138099e+01 5.959188148507325877e+01
2.905961989428186565e-02 2.002905961989366901e+01 2.208761537805465380e+01 1.727090977942631511e+01 2.417562119038710122e+01 2.523463426718177161e+01 6.786183183403868391e+00 2.679465699576690341e+01 2.364360599232535520e+01 3.065630754232708810e+01 1.242098335198561898e+01 2.651966998300382627e+01 4.239996722323756728e+01 4.767692010557236415e+01 2.822322334131243693e+01 4.212520544709407488e+01 2.588835674258306341e+01 4.586766926015214807e+01 4.389050932442581399e+01 6.389477503819823312e+01 7.175577957809893803e+01 8.004304918097176369e+01 8.673523481033748794e+01 9.501793396485979315e+01 9.586534708821278628e+01 9.001095440960673955e+01 9.219800467348878215e+01 1.004718298025760390e+02 9.291278915377937153e+01 7.883128219068669296e+01 8.466435325271797296e+01 8.640431396816997278e+01 9.465304662495600496e+01 1.046149720662161258e+02 9.955095589334476358e+01 8.802485726800215105e+01 6.976968428363534258e+01
3.542675937824442400e-02 1.417756238310932027e+01 3.417756238311071826e+01 3.727090779869283921e+01 4.312069762762066460e+01 2.312446332602200272e+01 2.676667190784888817e+01 8.362565374793639705e+00 9.491504919417639741e+00 1.070226791162743574e+01 3.065630754246103251e+01 4.065533151946436163e+01 5.479099305721127422e+01 5.292411494654139403e+01 3.331935700572574888e+01 5.292411489197726837e+01 4.586766926015214807e+01 2.976601787519304310e+01 4.974962309933223281e+01 5.760306575651232208e+01 5.174081974730584221e+01 7.175577957800773277e+01 6.672888443068315212e+01 8.121865010945035124e+01 8.829026712411692301e+01 9.657028445087628654e+01 1.081051749264253630e+02 9.616768048172264116e+01 7.624342135467058768e+01 6.462008014984625959e+01 7.570027230481755964e+01 6.637894460710940336e+01 7.644306179720993555e+01 9.636568721463632414e+01 1.139845259052629984e+02 9.800915161859204261e+01 8.973524511249776481e+01
3.411803931810562102e-02 2.003411803931775026e+01 3.587683424074283067e+01 4.482110704491302045e+01 5.139867644527679857e+01 4.101879254033829625e+01 2.102115272659019496e+01 2.251414537155180895e+01 2.950078578352167824e+01 1.293736678832652665e+01 2.021405604014537971e+01 3.508991126949695882e+01 5.522652490711929829e+01 5.893953491464893091e+01 3.898864392402453660e+01 5.893953491464893091e+01 5.803645285811093402e+01 4.389050906324510493e+01 3.402172538156360559e+01 3.760568819234124049e+01 5.760306575605736157e+01 6.787379694036614808e+01 5.516312474784166398e+01 6.120574068243791288e+01 6.828857927461795896e+01 7.983958822095051744e+01 9.983322959250659778e+01 1.044147116778900397e+02 9.291278915377937153e+01 7.570027230481755964e+01 5.550947546043567371e+01 6.984332873858616608e+01 8.984018489646739170e+01 1.046114198304200613e+02 9.408912965876335477e+01 9.408923290194096012e+01 1.023313349403718036e+02
3.327314952832965272e-02 7.592562609712906863e+00 1.653683451971222240e+01 3.067897014344567808e+01 5.067897017839012364e+01 4.930222774604980884e+01 3.516291916992057054e+01 4.251273607093085616e+01 3.746859466430758090e+01 1.614435331987780842e+01 3.746859466430758090e+01 3.508991126949695882e+01 5.522652490711961093e+01 6.611999639432184495e+01 4.581058437701988595e+01 6.611999639432184495e+01 7.218084211684657703e+01 5.978587041837314331e+01 3.978261691657141341e+01 5.760306575651232208e+01 4.349147753836611230e+01 4.785154496222993004e+01 6.787379694053461776e+01 8.121860509484338309e+01 8.829026712411692301e+01 9.657028445087628654e+01 9.424188841881942835e+01 9.625204476013581711e+01 8.471231911843922546e+01 7.139557433222537952e+01 5.112777822760389057e+01 6.552150929995667639e+01 8.557682179939035905e+01 9.081936226655091104e+01 8.256659130193983742e+01 7.413138716347870627e+01 9.408923334813657391e+01
6.779948344387334846e-02 1.420993510717494956e+01 3.420993510717565300e+01 4.482110704506868615e+01 4.587272406044995421e+01 5.415698996831454792e+01 5.515892473210232083e+01 5.018104796406662160e+01 3.219500536010095715e+01 2.079705386038217441e+01 4.185960523492852303e+01 5.522652490711961093e+01 6.348919239966019745e+01 7.447264105163039005e+01 5.752158840027306752e+01 7.447264105163039005e+01 7.393900223616154221e+01 5.392347338154311132e+01 5.392347338154311132e+01 5.392347338154311132e+01 6.350459633369116119e+01 6.201200411978371818e+01 7.616093488574630044e+01 8.423445585994426210e+01 9.140553572949880845e+01 8.313219185050120075e+01 7.423108488186475995e+01 8.800346728924240836e+01 6.798560516626797323e+01 5.626467157595960344e+01 4.710035614064335618e+01 6.742072818477866747e+01 8.227502952891393306e+01 7.400163678686870128e+01 6.247996313728745577e+01 7.672455022100656663e+01 9.667052665311014437e+01
9.516927588586144779e-03 2.000951692758822986e+01 2.764810579300686655e+01 3.173058862899793908e+01 2.587272440569586607e+01 4.587272402117568504e+01 6.570381853930567218e+01 5.840969757190925549e+01 4.862844571052470144e+01 4.185960070221374707e+01 2.817817604167035128e+01 4.006982742378217210e+01 5.406361598633132814e+01 7.382224776317362114e+01 7.786564014629554720e+01 8.616713750167717478e+01 8.222627096230347377e+01 7.393900223616154221e+01 7.393900223616154221e+01 6.807869204246307504e+01 8.222627087591774853e+01 8.202541666821281297e+01 7.832787298929028452e+01 6.414724104996292908e+01 7.153008052735800959e+01 6.303674556317885447e+01 5.997013401586998071e+01 7.677752137712127478e+01 8.046098785970612255e+01 6.388337629713598176e+01 4.354382535778405838e+01 6.388337629713598176e+01 6.685533955523935390e+01 5.378883568482596189e+01 6.813474115082607341e+01 8.816557292192393902e+01 9.238152293660776593e+01
1.945935296826603253e-02 3.799104083060530712e+00 7.648105877658019303e+00 1.173058878229661417e+01 2.327759416608441612e+01 3.741972978656750115e+01 5.392023371450509472e+01 6.220441203291257892e+01 5.900577370702121272e+01 3.922076650104685314e+01 4.843023989141757113e+01 3.922076650105561413e+01 4.914671965104911777e+01 6.305602494973777539e+01 8.288853898104383688e+01 7.574794070205197727e+01 6.738593529437066820e+01 6.999453366716508640e+01 7.836291410945808877e+01 8.808704258512878482e+01 7.857784534933351495e+01 6.990767619240978092e+01 7.003060440081851823e+01 4.981390458372265329e+01 5.132711503468743075e+01 5.132711503468743075e+01 4.824210009771706353e+01 6.775219005735448263e+01 7.217817025447088497e+01 5.193963860850062986e+01 4.016202877450032105e+01 6.027047342847126998e+01 4.655940180126379602e+01 6.685533955523935390e+01 7.342742639904957969e+01 7.933187483364348225e+01 8.412576922732100115e+01
5.600688922766024203e-02 2.005600688922730512e+01 2.764810579300726801e+01 3.173058858521553915e+01 1.928987824248102712e+01 2.636094605434637828e+01 3.392023551453065977e+01 4.806237112876574713e+01 6.722203528840067577e+01 5.322066085658253343e+01 5.900576632388323617e+01 5.900577673628956177e+01 6.722235187635597242e+01 7.710824340611335970e+01 7.757155456061684617e+01 6.415415834634571013e+01 4.734908974168860141e+01 4.994540258323302595e+01 6.999453366716508640e+01 7.856904762474796655e+01 6.668478685327617939e+01 4.944575190380725616e+01 6.234609997358868583e+01 5.724442625386214445e+01 3.697545722678719926e+01 4.929427966442656839e+01 3.916270279501364371e+01 5.942599835758547755e+01 6.251062623203042534e+01 5.727876674714197947e+01 3.697424797206318203e+01 3.995691370049357261e+01 6.027047342847126998e+01 6.688243569810413192e+01 5.284196145548591517e+01 5.887105892499357651e+01 7.773346312172007799e+01
8.215197286175310309e-02 1.422428759659282882e+01 3.422428759659353403e+01 4.757411949340863799e+01 3.928987791403178420e+01 3.561980984385220239e+01 5.392023380726678283e+01 6.220441203291257892e+01 7.634627957140682497e+01 7.297229538152380712e+01 7.879951414792850528e+01 7.491320001142813112e+01 7.491320001142813112e+01 8.321873672986603765e+01 6.868467550323961746e+01 4.915182168876414437e+01 3.582015082465492384e+01 4.915182168876414437e+01 6.920361957731934410e+01 6.990649337847462164e+01 4.944575051773048813e+01 3.785980782766190345e+01 4.202522361034331055e+01 5.649538203786564594e+01 4.929427966461152266e+01 2.908111048939163368e+01 4.347008860515992268e+01 4.581119784833256148e+01 4.225454755714750377e+01 5.061739407474348695e+01 3.387708404944670093e+01 5.414570932092869526e+01 6.397989573178592337e+01 5.506850944170092532e+01 3.809629930718144664e+01 5.886867222232165631e+01 6.452218290949058144e+01
2.613274238814250472e-02 1.157313812618076021e+01 2.571527374991196169e+01 4.571527374991266868e+01 5.777959418471868958e+01 5.561980770935167584e+01 6.390401782209429626e+01 7.326152488719985456e+01 8.144659035822476767e+01 7.833055239722195040e+01 6.905920154628944374e+01 5.489966636271270772e+01 5.489966636271270772e+01 7.491320001142813112e+01 6.033697300927825324e+01 4.031487795672045849e+01 2.915630258345384718e+01 4.915182168876414437e+01 5.956455009384467303e+01 6.536121150352512643e+01 6.234255376914777713e+01 4.202466440878518483e+01 2.783907775828827269e+01 4.037641090477206518e+01 4.262416798742690105e+01 4.102410690849660568e+01 2.329035340570339940e+01 2.562807176697207368e+01 2.798509864688432813e+01 3.039187440737108403e+01 5.061739407474348695e+01 6.107516759783261762e+01 5.267176292417135386e+01 3.503783696914682366e+01 5.572138596622106377e+01 4.132643499914914287e+01 4.366777920769413157e+01
7.532853315450405152e-02 2.007532853315414911e+01 3.243212519266885607e+01 4.074838048629808895e+01 3.770576363016001409e+01 5.777959418471868958e+01 5.920603539469551890e+01 5.338406102110776885e+01 7.326152488719985456e+01 7.002713641293399860e+01 5.000440258075045818e+01 4.072816406343781637e+01 5.767154021024588673e+01 6.596988072808863990e+01 5.950143954902410570e+01 4.398900085585487574e+01 2.395143526215238694e+01 4.398410053546293597e+01 3.968923260957083698e+01 4.550838143891753873e+01 6.019679567406927134e+01 4.713760624334990013e+01 3.815375253897752117e+01 2.014005254581334370e+01 2.104955186563233127e+01 2.198963278648430375e+01 4.219342540912911232e+01 2.471696247165976601e+01 4.489756073335554731e+01 4.826120585997281154e+01 4.864662463438771312e+01 4.965910297230056614e+01 3.208202261343816986e+01 5.267176184783343729e+01 6.416775652437787869e+01 6.216646285464317145e+01 5.585782731677429780e+01
6.101047412966256744e-02 6.091237557135197100e+00 1.241579722807942687e+01 2.136034890148330589e+01 4.138938017079902210e+01 5.920603539469551890e+01 3.925267006659996838e+01 4.854051299885727389e+01 5.677084239856128534e+01 6.701178467949301876e+01 5.367864269813022560e+01 3.364340396405757616e+01 3.763949233975577613e+01 5.440404810037443184e+01 5.116880945345553044e+01 3.113277403147192146e+01 1.933816978370642659e+01 3.398840064946803352e+01 2.579847338388578493e+01 4.388974993227314769e+01 4.492359595763847580e+01 3.203408978579692246e+01 1.889571012599087751e+01 3.878405396827621132e+01 2.414600061119283225e+01 3.424708117866118329e+01 5.015932138350991210e+01 4.489673583850673566e+01 2.613813046673000073e+01 2.714623832177575480e+01 2.816842862138339498e+01 2.919489514312779121e+01 4.969993265067046906e+01 5.268551468321256692e+01 6.028442470659726382e+01 7.180644639455091749e+01 7.637291366296084050e+01
6.842009524227352091e-02 2.006842009524191894e+01 3.243148546625062068e+01 4.041397052304026261e+01 3.918264822976025386e+01 4.749655318825161032e+01 4.854051299885727389e+01 2.856046645298425446e+01 3.885658064203740736e+01 5.880019627901975099e+01 6.197585160692576522e+01 4.610603197979893508e+01 2.607685972731458790e+01 3.992489346720219601e+01 4.817496612837322800e+01 4.016301744471495994e+01 1.482732520325236436e+01 1.399631322676419387e+01 3.374450416058736835e+01 1.623282006991876614e+01 1.699171100123352574e+01 1.774143498505497263e+01 3.791127889433673914e+01 4.616583850149934420e+01 2.721138261662170521e+01 4.477926995688351752e+01 5.936682067475296520e+01 5.435847696144001162e+01 4.024301408481769471e+01 3.368405622422622514e+01 4.822010977012617872e+01 4.900126557723814358e+01 3.088765521162884653e+01 3.209803769516825156e+01 4.430386943737615013e+01 6.130763767201446512e+01 6.275669415556102138e+01
1.934550753332892059e-02 2.001934550054219741e+01 3.534522727332918635e+01 3.513223143107614277e+01 1.924090267912582064e+01 3.603253257743982374e+01 4.251630229137293782e+01 2.253002823933130827e+01 3.667197984253717635e+01 5.663329835561968650e+01 6.605609568862696790e+01 5.440388223615656926e+01 3.992489346720219601e+01 1.990387614046381515e+01 3.436374625398340754e+01 3.175667861622286026e+01 1.286507648324924702e+01 3.286147812555524439e+01 1.513255481439388639e+01 1.894150736235819110e+01 1.863471795311112800e+01 3.580777883908758952e+01 4.592455115289513401e+01 4.939740141868374934e+01 3.033079767535733495e+01 4.939744514766178440e+01 6.178201470170418474e+01 6.740460236940336358e+01 5.749632390976452712e+01 4.021198003233833873e+01 5.751333081704373740e+01 4.763299372735203718e+01 4.577693063368673165e+01 5.268607694762366123e+01 3.382946713509328163e+01 4.217129666796842002e+01 5.680812029032757948e+01
4.364784840791047227e-02 1.948485598213654413e+01 1.540113555699459802e+01 2.169941631967614981e+01 9.019487017457574751e+00 2.769934346969923666e+01 3.780543206039914850e+01 1.781593197543846330e+01 3.780532395044227201e+01 5.323886739888563113e+01 4.620931495150757229e+01 4.621000119149168484e+01 4.784059049914694128e+01 3.433754199936025486e+01 1.435971081255547155e+01 1.175532605124521268e+01 3.175685723167901031e+01 2.700367717753817587e+01 3.523849720704939159e+01 3.620599556404868480e+01 2.200755518959018175e+01 2.413749228883447628e+01 4.396470686619238677e+01 5.731582621634393604e+01 4.939744514766178440e+01 3.498935260489405863e+01 5.384071590554724906e+01 6.657380219034271818e+01 6.523370525958563348e+01 5.003400998987203252e+01 6.522734999770200659e+01 6.220508187886266427e+01 6.622271653176248662e+01 5.575604134988502381e+01 3.507290462966223288e+01 5.575604128009756266e+01 7.092261545480634766e+01
5.219006137575642884e-02 6.288199930806486204e-01 1.205689737618410140e+00 1.783521734275398174e+00 2.362320814448632955e+00 2.236729132023659616e+01 3.147676431607525416e+01 1.345150249558870748e+01 2.499916238179641326e+01 4.499157422765911463e+01 4.105094403552883620e+01 2.598630512013761518e+01 4.302416856387490895e+01 2.818966524664239159e+01 1.064645818588116022e+01 3.064997181104487822e+01 4.005446979002479679e+01 4.701319228934103478e+01 4.701319001581031642e+01 5.196954322614612920e+01 3.418814494921524982e+01 4.396471054064880946e+01 3.205634855765622149e+01 5.218026504338525484e+01 6.178201470170418474e+01 5.384071590554724906e+01 3.989161415763744145e+01 5.858757142354192382e+01 7.177884414352216425e+01 6.774887205316095162e+01 7.576000195395806713e+01 8.242271798537404948e+01 6.710526515014062454e+01 4.354760399262926285e+01 3.632436169111538504e+01 5.705649881569843274e+01 6.007237281818212438e+01
