LEM/with_lateral_4open/elevation_000490.asc
nrows	100
cellsize	150.0
xllcorner	0
ncols	100
yllcorner	0
NODATA_value	-9999
[rows 17 to 33 of 100, columns 0 to 36 of 100]
5.222468517465790605e-02 1.159923006896727493e+01 2.574136569269847641e+01 4.574136569269918340e+01 4.807457256719199989e+01 4.821328046349098884e+01 5.644304572771297046e+01 5.001983169933433260e+01 4.718806651844614919e+01 2.199533413923759539e+01 2.377337604416932493e+01 2.687094619990119426e+01 4.685780620710826838e+01 4.666606176040205156e+01 5.947933077604761820e+01 6.406642780973972151e+01 5.475860070284250014e+01 6.630396215988194797e+01 8.629909261052824831e+01 8.565225144380887912e+01 6.583214499405512754e+01 5.443212678974028051e+01 4.813600917074185048e+01 4.233708682216856545e+01 3.668831734417887702e+01 3.358171621434417631e+01 3.055815631160173851e+01 2.907450307223909292e+01 4.951220081930674155e+01 5.933293133269513220e+01 4.932379418414183192e+01 5.933945973066868618e+01 7.934467743531226347e+01 8.472572348549162768e+01 6.472733173236400717e+01 5.474826758720880804e+01 4.662285776086881128e+01
7.333276091007127906e-02 1.567029817076072895e+01 3.289811385448591352e+01 3.510045496603700599e+01 2.836866555154348646e+01 2.843954730432510303e+01 4.821328045928638062e+01 4.992573576351489351e+01 3.014968464286115335e+01 1.984924425913822077e+01 3.985230671423419579e+01 4.682695490192826071e+01 5.510695220446658027e+01 6.666040096971141793e+01 7.494200791372514914e+01 8.303616034276294045e+01 7.475489866236593173e+01 8.303616034276701896e+01 9.457966954398234805e+01 9.042893329478494024e+01 7.056378502107253325e+01 7.420910764967646855e+01 6.245706950482995268e+01 4.244913810205363802e+01 5.679797191593343086e+01 4.794279212244421018e+01 5.091074049897734000e+01 4.951220081937941586e+01 3.301566781662845074e+01 3.923804992881711939e+01 5.933293133886805748e+01 7.762842819943101347e+01 8.763101932255857207e+01 9.300941803681237730e+01 8.070334277562116654e+01 6.071639603687979303e+01 6.657043707733495808e+01
6.343274376862209629e-02 2.006343274376826713e+01 7.662404293953197332e+00 1.779167463800514071e+01 1.439122617202145626e+01 3.423113964644345231e+01 3.044274955033116825e+01 3.213303832009305694e+01 2.573193254957485010e+01 1.732390296292265575e+01 3.147336020417564839e+01 5.149172217682922792e+01 5.933503550461442444e+01 6.221781960380025112e+01 6.440575086657165116e+01 7.269091312036746899e+01 6.910752227710422346e+01 7.617894164135446999e+01 8.446486354079821979e+01 9.446666604897660591e+01 9.042893329478494024e+01 8.380135719296306718e+01 6.662097271139779764e+01 4.665159445304858821e+01 6.662097271139779764e+01 6.793653328294281835e+01 6.823902001856157540e+01 4.821457739109405338e+01 3.654071437376376252e+01 4.176019114758593531e+01 6.183329821898600898e+01 7.834132553273104804e+01 8.662768570082300812e+01 9.817784159866914706e+01 8.898697652236938893e+01 8.070334273220191790e+01 7.547220768265712820e+01
3.497053469895897854e-02 1.474738532246156808e+00 2.921435145389152499e+00 4.391806245773878459e+00 2.439050027385884789e+01 2.806878293079219588e+01 1.044135084287587922e+01 1.213078185794668507e+01 1.383909612367141051e+01 3.384200189461108721e+01 3.979848933825059731e+01 4.235951554758418069e+01 3.930418843542054930e+01 4.221997702702712019e+01 4.440745358116741670e+01 6.016361025645706206e+01 4.910832701415955626e+01 5.617794730105349998e+01 6.617729653849063709e+01 8.618058674421834553e+01 8.962092144140372341e+01 6.970147382280686088e+01 5.560170821709208155e+01 5.819770125070707678e+01 5.734366993414408142e+01 7.727439151453259569e+01 7.652544061523073538e+01 6.028071924158761163e+01 4.022108555334165203e+01 6.028071924158775374e+01 5.125346731217207008e+01 5.833622077475492773e+01 6.988585319934817619e+01 8.989171554112829199e+01 8.808518123460933680e+01 7.547220768265712820e+01 5.547452834854502868e+01
9.635555453094322986e-02 2.009635555453058942e+01 1.706763774993191518e+01 2.439095964351653123e+01 6.536903398738952653e+00 8.069708091189001564e+00 2.806844512402281211e+01 3.213298450422970376e+01 3.384200189585013163e+01 1.729490570858068921e+01 1.979565471228352536e+01 2.235765802762778165e+01 2.515996972694389555e+01 2.807899656076592620e+01 4.807720950866291076e+01 4.016670428953787564e+01 5.430561915503104586e+01 7.430605182178055657e+01 8.446486354079821979e+01 9.446666604897660591e+01 8.962092144140372341e+01 6.970147382280686088e+01 6.970147382280686088e+01 7.229170466199343537e+01 6.731716610347001506e+01 8.554169766973363664e+01 7.642170057624240087e+01 5.641854518001799335e+01 4.485613741809434174e+01 4.970375940921656621e+01 6.971331345126989731e+01 7.834132553273104804e+01 8.662768570082300812e+01 8.222965274903926058e+01 6.808808023521702069e+01 7.543790408290746541e+01 5.914417099928990496e+01
8.845047570523793812e-02 2.008845040378643887e+01 3.706671648980645983e+01 3.482345563541164779e+01 2.067695362784700208e+01 2.806883892617545584e+01 1.384098321131394016e+01 3.384288771365839921e+01 4.558192521145304710e+01 3.729808776347251609e+01 3.979848933856243320e+01 2.943168851176354295e+01 4.516017034704460542e+01 4.807720950866291076e+01 3.260914399385217166e+01 5.260549023085537357e+01 6.537217623971943681e+01 7.198387035175591109e+01 8.019235084051146600e+01 9.009120964183865965e+01 9.790124056311908873e+01 8.962092144140372341e+01 8.962092144140372341e+01 9.221593121568946572e+01 8.139092544846494093e+01 9.550902443787524021e+01 8.470804235186405151e+01 7.003750173459667394e+01 5.003498229378494244e+01 6.971331345126989731e+01 6.125858939356582056e+01 8.126268119219977848e+01 8.715727931269938722e+01 7.394509551386663304e+01 5.394775037125049266e+01 5.544058471517717379e+01 5.137752636855875465e+01
8.023991185656004221e-02 2.008023991099978289e+01 3.727453046985016982e+01 4.882153643872967308e+01 4.067810398620493118e+01 3.384288771366279747e+01 3.384288766725370579e+01 2.033075688175588525e+01 2.699925848456520328e+01 4.699869862096079487e+01 5.698813692853212842e+01 3.699113049885779247e+01 5.698813692853212842e+01 6.034652506837302610e+01 4.149148147350980764e+01 3.946714719373823499e+01 4.549327854618245937e+01 5.214878801564636746e+01 6.209300890413233986e+01 8.187473179937953205e+01 9.088913762259277007e+01 8.263440362293394514e+01 8.522056698701183564e+01 9.347513347497590530e+01 1.013322934931900647e+02 9.228063708374614293e+01 7.227397416612230074e+01 6.072635478617251437e+01 5.898020214139139483e+01 7.832369177288137507e+01 7.280707899265532035e+01 8.954900540278461563e+01 7.887240571521545007e+01 5.887569333187930454e+01 4.732926329774803520e+01 4.129909186296936952e+01 3.703546222529056564e+01
4.598823041778624804e-02 8.990260140416864942e+00 2.053726552420917528e+01 4.053726552343977119e+01 5.713272086764846591e+01 5.384227392307841598e+01 4.699869892886992062e+01 2.699925848456520328e+01 4.699869862096079487e+01 3.854669613499407177e+01 5.854434871335840285e+01 4.853567806623276226e+01 6.527259888661905052e+01 6.946092216678989928e+01 5.270398427070684733e+01 5.356803998124956934e+01 5.573903763881228457e+01 7.198387035175591109e+01 8.019235084051146600e+01 9.009120964183865965e+01 7.936676640187369003e+01 6.266520750490115432e+01 6.525839932877148897e+01 8.522056698701183564e+01 1.008335907366088406e+02 1.005667599815633793e+02 8.901627619661616109e+01 7.486996696950889429e+01 7.312324993704272913e+01 7.898304501861301219e+01 8.695354988498250748e+01 9.041741805559848899e+01 7.042087079686044149e+01 5.887569333187960297e+01 6.732729843778879797e+01 5.284576690688511036e+01 5.117676419096519425e+01
7.340434288523949025e-02 4.787449550795536801e+00 2.478744955003098482e+01 4.014278789517705093e+01 3.713272089113361574e+01 5.713272086762943047e+01 5.528198113738543640e+01 3.854669613502817782e+01 4.332903584726952317e+01 5.854434866921569380e+01 5.487462517884561208e+01 6.853441045887599614e+01 7.681936622575844353e+01 8.018800240309823835e+01 7.194483345347038039e+01 7.340559597206754461e+01 7.557204918161943397e+01 8.378769395111655172e+01 8.167382296026718791e+01 7.341513866144221367e+01 7.110518286868732218e+01 5.112488037843461797e+01 7.110518279814792209e+01 7.263254017357672865e+01 9.241249626354868951e+01 1.086834621352857653e+02 1.004055924504814357e+02 9.487663669943820821e+01 9.312984177623204118e+01 9.898934980087929603e+01 1.069598120715450733e+02 9.870379026562295621e+01 8.715730124930091449e+01 7.887240591680580337e+01 8.112761945163458677e+01 7.284317002682035991e+01 7.117446124434592036e+01
3.515918393995972474e-02 2.003515918393960504e+01 1.185851736266095102e+01 2.080278927265995037e+01 4.080278926804484740e+01 5.908704240322929024e+01 6.682760543996641900e+01 5.854434933804729013e+01 6.332682697729774191e+01 7.160999392163137145e+01 7.487274593902300523e+01 8.315566730422241903e+01 7.504491468807275112e+01 6.680451192544337857e+01 7.197907406346423898e+01 6.374720957806976429e+01 7.197907406346423898e+01 8.117746685701851561e+01 7.014773236337795481e+01 5.344078226879737770e+01 5.859914830666334495e+01 4.510309621775633815e+01 5.265261604923949079e+01 6.419422426872336018e+01 8.415949409798572844e+01 9.230751184629676231e+01 8.040001552003437268e+01 8.885536722130328258e+01 1.088530223713357543e+02 1.089985359770423798e+02 1.006237373572901390e+02 9.965507502372686588e+01 9.128852012424459872e+01 8.951878006883755745e+01 8.550130514976318352e+01 9.046652918755098938e+01 7.738483003987174413e+01
4.608085242692564615e-02 2.004608085242657012e+01 3.185851736003832002e+01 2.185851736266077339e+01 3.080278927265977273e+01 4.494492489635246812e+01 6.494492474076061228e+01 5.862277544067561763e+01 6.690648264744149287e+01 6.787970971958166899e+01 5.968604244584398089e+01 6.787970971958166899e+01 6.360855783825421383e+01 4.703167588963402324e+01 6.207688007379736206e+01 4.397143998859169756e+01 6.207688007379736206e+01 6.790816022214735881e+01 5.294827142126081299e+01 4.190441540572509638e+01 3.862028148330521304e+01 5.015614591640268571e+01 7.012996775568771568e+01 8.089244219285106396e+01 8.644043384072450920e+01 7.229288969445033786e+01 6.883688205214802736e+01 8.885536722514244445e+01 1.079933030394744264e+02 1.006237372178371317e+02 8.047329807766105603e+01 8.637522474901629721e+01 7.119533767297706106e+01 6.943140561820523260e+01 6.543009434891804688e+01 7.925490167014501708e+01 6.355878087888770267e+01
1.610643649003322755e-02 1.415824206022110943e+01 3.415824206022181642e+01 4.185851735238112781e+01 5.014278502723272624e+01 5.908705239416962485e+01 5.535979471586687595e+01 3.862298900985336303e+01 5.535979472155058545e+01 5.798616388113200060e+01 3.989653631019081104e+01 5.798616388113200060e+01 5.538865971752653650e+01 3.557893450164253579e+01 4.395150953156335305e+01 3.404383936302274094e+01 5.385931809844632312e+01 4.805926046554646547e+01 4.810511441890685091e+01 3.295661310020800983e+01 5.294827142126081299e+01 6.685952459408764526e+01 7.837534989601107327e+01 7.913306304277936931e+01 7.084626630231534250e+01 5.813914432988832459e+01 6.814541703740346179e+01 7.970893090845694928e+01 9.971539055344710789e+01 9.800020663421260281e+01 7.786514651969750389e+01 6.631269872039513302e+01 5.964877941428591868e+01 5.528463395750454623e+01 5.128355845913448974e+01 6.604551986864203172e+01 6.325968817523997956e+01
2.022278438842990689e-02 1.420422481620530597e+01 3.441240156232924363e+01 3.639319440200620903e+01 3.740957687822794497e+01 4.574286725298429701e+01 4.707589336110515177e+01 2.707606219138774506e+01 4.707589336110515177e+01 4.979128937801743859e+01 2.993138280077947044e+01 4.518519754227920515e+01 3.690565534186118413e+01 3.760954805770953158e+01 2.421004419335514868e+01 4.395150953151296136e+01 5.377908478071889675e+01 4.531651582375852882e+01 2.805973115478161972e+01 3.019267813096433883e+01 5.020273872622215094e+01 6.150032039931083716e+01 7.295984848333819173e+01 7.084626621278802361e+01 5.084614861248467577e+01 7.084626630231534250e+01 7.907789488041332504e+01 8.736299094268630938e+01 9.736854204883965735e+01 1.063748140086238152e+02 9.042501207078021253e+01 7.033736928110288034e+01 7.968771590823143924e+01 7.531486138076935788e+01 6.604551986864186119e+01 4.602604475329901135e+01 4.326720808066576751e+01
6.642187732006160639e-02 2.006642187731970495e+01 2.217719888755360103e+01 1.727248971009222700e+01 1.741487308616031626e+01 3.745227393070526034e+01 4.000488523975795374e+01 2.000501468335938071e+01 4.000488522953113346e+01 4.280407778599073509e+01 2.286550919688614414e+01 3.392269836264709681e+01 1.607423981377896638e+01 1.760974002819042639e+01 2.226250615708485014e+01 3.941670563336370492e+01 4.315180640384640043e+01 2.549474413249891214e+01 4.560917411340462735e+01 5.020273872622215094e+01 3.322411763669306595e+01 5.321673993743130637e+01 5.295965187462628876e+01 6.137643410018507950e+01 4.638342423462899689e+01 5.240165221497574066e+01 5.906067215126962822e+01 6.906857590840083105e+01 8.908721398483957898e+01 1.046909796086661402e+02 8.451585618126439670e+01 9.042501302187484669e+01 8.669650129401790650e+01 6.666189067095237419e+01 5.252027427929302661e+01 6.011834166466424989e+01 6.328918663572198966e+01
1.591255364720534082e-02 1.095811047959281970e+00 2.177287188831030118e+00 3.263538082018164754e+00 2.326349693918200501e+01 2.594026745087784391e+01 2.706713310032921527e+01 1.397479156035592140e+01 2.936173158700879426e+01 3.060439657307576056e+01 3.185061025868458273e+01 1.392289728448730912e+01 2.868069949957708786e+01 3.741354226358981805e+01 1.980200789678982787e+01 2.134937089725696069e+01 2.298337826151478325e+01 4.315180640384640043e+01 5.389466462687637716e+01 6.150030951267484625e+01 5.321673970688523525e+01 3.633209380889837092e+01 3.883191369382244318e+01 4.139109683744009516e+01 6.137643385486268954e+01 7.240548721377329855e+01 7.907789490015589706e+01 8.736299724137077760e+01 9.736855790019545509e+01 1.130658738289996563e+02 1.046909796086661402e+02 9.696994743626407853e+01 8.009525325953630670e+01 6.007918948696219985e+01 6.666188152170988701e+01 7.959662800521525128e+01 8.088199451855408029e+01
6.189296070378335485e-02 2.006189295894084168e+01 2.217719888537225259e+01 2.325739514205166714e+01 4.820535970341204290e+00 5.940320992252908106e+00 7.067193331890925911e+00 8.201289286138402801e+00 9.361806992509711378e+00 1.060454652451210045e+01 1.185454652451208979e+01 3.185439174576368160e+01 4.085496421939706835e+01 5.114544952412911272e+01 4.793054576854054716e+01 4.146488100480421934e+01 3.721461325822075139e+01 3.728940965258150442e+01 5.732377123520407025e+01 7.045982349473663930e+01 5.046219700691139565e+01 5.631936635611885578e+01 4.416971383794249562e+01 6.137643388729949834e+01 4.703894525176311703e+01 6.703105730295239084e+01 7.953506931509363653e+01 8.661370632175280093e+01 9.489587567475996366e+01 1.048976394485846555e+02 1.028425006949461107e+02 8.275443851691035491e+01 6.860335428107249811e+01 8.009525325953630670e+01 8.669639026244890090e+01 8.735492934415134414e+01 7.262887053999953935e+01
2.247884206357958492e-02 2.002247884206322581e+01 3.424829495127443124e+01 1.424862159944573037e+01 2.482048866279828303e+01 2.008243533167850714e+01 2.120930563259997825e+01 2.820122187134648684e+01 1.269514032393067993e+01 3.059007192962607391e+01 3.185272779091001283e+01 1.536277859277467428e+01 3.536276737781449242e+01 4.163429307275229974e+01 4.511638414950115106e+01 5.338486237654440458e+01 5.661209826578628679e+01 5.729392148762739367e+01 6.560783161744569725e+01 7.874477132058351003e+01 7.045982303547108927e+01 5.680723781895418512e+01 5.171856358486561334e+01 7.172026425349874046e+01 6.116995281268968654e+01 5.319934693680443161e+01 5.951733923754017042e+01 6.659229740588591540e+01 7.660837949539495639e+01 9.661903314811046073e+01 1.028425006949461107e+02 8.275443851691035491e+01 8.275443851691035491e+01 9.696994743626407853e+01 9.294684206345705491e+01 7.901469764460605916e+01 5.893412430564404758e+01
