LEM/with_lateral_4open/elevation_000185.asc
nrows	100
cellsize	150.0
xllcorner	0
ncols	100
yllcorner	0
NODATA_value	-9999
[rows 34 to 50 of 100, columns 0 to 36 of 100]
2.064481644892168788e-02 2.002064481644856642e+01 2.683306765271461458e+01 2.203155666417097791e+01 3.448454778182266978e+01 2.713366192143782385e+01 4.127579756177189552e+01 6.127580111217976366e+01 5.973485969686158370e+01 5.145326387067544260e+01 3.552245863233908807e+01 3.510620897982938260e+01 5.510032074713043215e+01 6.740693260863085357e+01 5.330669176811875332e+01 6.071179503932813049e+01 4.083115234128054283e+01 4.450368571469608270e+01 2.800315469563187776e+01 4.798175955959392525e+01 6.122296662339122975e+01 5.279419488953681849e+01 6.432057398079862764e+01 8.423377477144097725e+01 8.489847095455662895e+01 6.486773333244056516e+01 6.226944730451302945e+01 7.113956587561028755e+01 5.896725510823437588e+01 7.899515406036726972e+01 9.055997153864051086e+01 1.106307874731960936e+02 1.042002538205216240e+02 9.013222947059388446e+01 7.192740776454462548e+01 8.458365483778680982e+01 6.457827064464689215e+01
2.905961989428186565e-02 1.002905961989384842e+01 2.417119523250593360e+01 4.203154838776400481e+01 5.031551978288536020e+01 4.713366297793130855e+01 5.541796152314206125e+01 6.273083679527909595e+01 4.819277364965412858e+01 3.146263831390614740e+01 2.658540678508708766e+01 4.657480284376496371e+01 6.338164905667485982e+01 5.742577502825910329e+01 3.917595577194130385e+01 4.972353730811325789e+01 4.145799301201790144e+01 2.453196424360530514e+01 2.968308526789386192e+01 3.522466769726931801e+01 4.125467198831343296e+01 5.538377366853150363e+01 7.532002544832711521e+01 8.392287918365568089e+01 8.108181743100094252e+01 7.073460054978988865e+01 5.071380431038704018e+01 5.111836324929704034e+01 7.113956587561028755e+01 8.730866746918148635e+01 9.013180629714166514e+01 9.845661820177230084e+01 1.066738593227675693e+02 1.000887770735378979e+02 8.605131740260408435e+01 9.281268627682769079e+01 7.617374707808917833e+01
3.542675937824442400e-02 2.003542675937788786e+01 3.831326045412134818e+01 5.245510189431070813e+01 5.610638126949537252e+01 4.790792307596834831e+01 4.774641779868930769e+01 4.273925215103002984e+01 3.991167053184121016e+01 1.993221330105241407e+01 3.991167082420567880e+01 4.568476441620935447e+01 4.675638810475092555e+01 4.916259731753640239e+01 2.918578451774018845e+01 3.848457786929230195e+01 2.149079820898956328e+01 4.145799301201790144e+01 4.966059157498030885e+01 5.520161405124510168e+01 6.121896692098905390e+01 6.709469963715007168e+01 7.522775907754240166e+01 6.448509360439535953e+01 6.448509360441470051e+01 5.275374294404673492e+01 4.405738893164107139e+01 6.406100180332222749e+01 6.976771555573728278e+01 7.377383324014006405e+01 7.009746268921708179e+01 8.965860391836865517e+01 8.662058752310269938e+01 1.066738593227675693e+02 1.059012666277849490e+02 1.042918562961958600e+02 9.607180248101784059e+01
3.411803931810562102e-02 1.003411803931819257e+01 2.417625366314600299e+01 4.417625412755377567e+01 4.691431977730008640e+01 2.873872584951418219e+01 2.788619752387987916e+01 2.860492243601627038e+01 3.591574623305206160e+01 1.594395914206048381e+01 3.048225593300655945e+01 2.569165007234585474e+01 2.676459311153675458e+01 3.370177969915270211e+01 3.566213115683620316e+01 1.851552823657829805e+01 3.848457786929230195e+01 4.255413611664021545e+01 4.246930893952912811e+01 4.408401305883842269e+01 5.221635548248478642e+01 4.716053548527205663e+01 6.709480645563323264e+01 6.294140371076814944e+01 4.494110254183162567e+01 3.862786288149278846e+01 4.226997499593762342e+01 4.597292246799905513e+01 4.974459690141134161e+01 5.374324481812634957e+01 6.131498127188896063e+01 7.027356809661809223e+01 9.030043146192679160e+01 1.036933963380930095e+02 1.137296516559194686e+02 1.172022376691798939e+02 1.064786895977912877e+02
3.327314952832965272e-02 2.003327314551437155e+01 3.831837747917202819e+01 3.407711933320238273e+01 2.359077943083399376e+01 2.529362319975233930e+01 1.404160738940566056e+01 1.706995361228621988e+01 2.804429737909541842e+01 2.882092169856892028e+01 1.052428873050801350e+01 1.158414996611485748e+01 1.265193642084789438e+01 1.372820138994035943e+01 1.569204651574046494e+01 3.566319073987133237e+01 3.863967977488670158e+01 2.090343231919588618e+01 2.250077382877007892e+01 2.411233180014759370e+01 3.303345271641961745e+01 4.816245274473927651e+01 4.991738848363684156e+01 5.198975741616157364e+01 3.498216974340878238e+01 3.905774246048265042e+01 4.331061753007955417e+01 6.331518845028966780e+01 6.976771555573728278e+01 7.377383324014006405e+01 6.192166348421796584e+01 6.825739389847632310e+01 7.533659723086169890e+01 8.534283488410105178e+01 1.053856482864093209e+02 1.093446938189611046e+02 9.093501666207124856e+01
6.779948344387334846e-02 2.006779938955941489e+01 2.187757561023958530e+01 2.142535429722040519e+01 4.171317079642304471e+00 5.134683041560164973e+00 6.101418036889590724e+00 7.077310148679884172e+00 8.060229067731958352e+00 9.080225426159383773e+00 2.903603796050430219e+01 2.309599659220276635e+01 2.676447441194899213e+01 3.369236274010217613e+01 1.556667310930157377e+01 1.710677712988741561e+01 1.865714083745398000e+01 3.474121568172814989e+01 4.197539455683634202e+01 4.408401237095413450e+01 2.645995945726692611e+01 2.818729013827289265e+01 2.993543800846768121e+01 3.200455518114493003e+01 5.198975741637575254e+01 5.905019959971420462e+01 6.331518845028966780e+01 4.978771873533832348e+01 6.981188628355366177e+01 8.406279516351902714e+01 8.195062084069675734e+01 8.828340001816310689e+01 9.536424158525530004e+01 1.036933963380930095e+02 1.137296516559194686e+02 1.118652216423902814e+02 1.064786895977912877e+02
9.516927588586144779e-03 9.430369836072597378e-01 1.877575610639256265e+00 2.815190072516248865e+00 1.816952370134134043e+01 2.437716786326213025e+01 2.605674441675834174e+01 2.706221713439246912e+01 2.802223958130847947e+01 1.091048331591069775e+01 3.215191573001324343e+01 3.717540292329739060e+01 4.674422009180463533e+01 3.801445771669087748e+01 1.802423212963535448e+01 3.708784089513548565e+01 3.863967977488670158e+01 3.282607122502385977e+01 5.179441098587748371e+01 3.604001524202788431e+01 4.645397940181442920e+01 4.816739366085620588e+01 4.424394578411710199e+01 3.432801743475435075e+01 5.411225046107182379e+01 6.795513291271329592e+01 7.812140642922082634e+01 6.394319179817495780e+01 5.734974915874079926e+01 6.402699490434892482e+01 7.159981372344937256e+01 8.161420635508885368e+01 9.577705639458456233e+01 1.158525338768585726e+02 1.113467991026493706e+02 9.231159517124105207e+01 9.231159517124105207e+01
1.945935296826603253e-02 2.001945935296791035e+01 2.187757561081955870e+01 2.281519007269248434e+01 9.879203840135637904e+00 2.117523533724287788e+01 3.952409596843948947e+01 3.837443437548927960e+01 1.724111216901980725e+01 3.215111485978464145e+01 4.060851581777942698e+01 5.678319956634049248e+01 5.153123172499425664e+01 3.309547869290719291e+01 2.051984048788667181e+01 4.052300489426516350e+01 5.269895338920624539e+01 5.260544239200902439e+01 6.075383326645365401e+01 5.630053318750503166e+01 4.723765833252790713e+01 6.749602385121109194e+01 5.352182573455127823e+01 5.411225046107387016e+01 3.894467220234803051e+01 5.951402790927136266e+01 7.824510791276590282e+01 8.398016810357894713e+01 7.151464952517048346e+01 7.738419507712902146e+01 9.163561698433684910e+01 9.996047455495526890e+01 1.099943818141319269e+02 1.038354087437665640e+02 9.565398286706975739e+01 8.374643719876945624e+01 7.315931970677021923e+01
5.600688922766024203e-02 1.419814251295873575e+01 3.419814251295944274e+01 3.554242348250834027e+01 1.563242784974793231e+01 3.517373706646979059e+01 4.678607584053521151e+01 4.656892630391921983e+01 3.837485034889479607e+01 2.473761646923769675e+01 3.655395789143903329e+01 5.635828814557439159e+01 5.721555014490568425e+01 3.680382337771059298e+01 3.589705206769337309e+01 2.432334082490432081e+01 4.436122417414579644e+01 5.675644361987215802e+01 6.681206621343510221e+01 7.594881372677772902e+01 5.922013822060257837e+01 7.594881372677772902e+01 7.339086423449151653e+01 6.445056455957846708e+01 4.350661331349110839e+01 4.914066363959694428e+01 5.860942961156794695e+01 7.901145555806539278e+01 9.155453155363402118e+01 9.743457790711947553e+01 1.012921963969447745e+02 9.312193868447040757e+01 1.012921963969447745e+02 9.565398286706975739e+01 7.639132393735884818e+01 8.203322611418759891e+01 6.463394809848941236e+01
8.215197286175310309e-02 1.422428759659282882e+01 3.422428759659353403e+01 4.394315669217219522e+01 3.554242348250834027e+01 2.621967805554545805e+01 4.624802551165520725e+01 6.097071968267215425e+01 4.127334415943725787e+01 3.083326243327719496e+01 5.064813884680700795e+01 6.458285643731841219e+01 6.561161361872999009e+01 5.721120324513483268e+01 4.376652638591999533e+01 4.436147065057144090e+01 2.835465650077025046e+01 3.837570048059275507e+01 5.256406000432399850e+01 7.266836975041991309e+01 7.931014941532100693e+01 8.748989264055735759e+01 8.396859165493253840e+01 6.372831022909040399e+01 4.883260402199137218e+01 6.965655140403248424e+01 7.824510768581464504e+01 7.532615002383579395e+01 9.540918473164157376e+01 9.800434620252013929e+01 8.985899070226970764e+01 7.388110791080079309e+01 9.160091312281635112e+01 9.538195539695294656e+01 8.203322610737788523e+01 6.285672190379732172e+01 5.848228842246565762e+01
2.613274238814250472e-02 1.416826836611921792e+01 3.416826836611992491e+01 4.486316115080129663e+01 5.471238927152334242e+01 3.768217936798222922e+01 5.471238927152334242e+01 6.905421237967000536e+01 5.884738527237053063e+01 4.227504523210416210e+01 4.227504523210416210e+01 5.366831173652470710e+01 7.358476993488197593e+01 7.173969750399508882e+01 5.967190741106121266e+01 3.959421537502660016e+01 3.140201465160288663e+01 5.147522396089013341e+01 6.393861045272912236e+01 7.103508025086181021e+01 7.942153130289059959e+01 8.950943642126181032e+01 8.396859165514362644e+01 6.372831022909040399e+01 5.949768091406706105e+01 6.372831022909043241e+01 8.396859165561745897e+01 9.540918473164157376e+01 9.978255211081564369e+01 8.985899070226970764e+01 7.060646990479376939e+01 6.430363269054934960e+01 8.350152329763564296e+01 8.625578222064703482e+01 6.794991102955056306e+01 5.545210364852710683e+01 5.249396671272458548e+01
7.532853315450405152e-02 7.634617993339081643e+00 1.657888990333839629e+01 3.072102552706959955e+01 5.072102552707030299e+01 5.794918894882150084e+01 6.646149614746521195e+01 6.537262337011699742e+01 7.032852424190940610e+01 6.208599743275641458e+01 6.208599743275641458e+01 7.032852424190940610e+01 8.182237067189207380e+01 7.388628904228269789e+01 5.378411775866226918e+01 5.608210455885587464e+01 3.600117758736514162e+01 3.849567324809235913e+01 4.386598618749329859e+01 5.096323258388102317e+01 6.097653195259471204e+01 8.109362854912907892e+01 9.227400464857376505e+01 8.396859165514362644e+01 7.133535219193731791e+01 8.396859165579962792e+01 9.227400489011722584e+01 9.978255211081564369e+01 8.041892186806749976e+01 8.397221422326308016e+01 7.624540269143946603e+01 5.693011855689589140e+01 7.624540269143606963e+01 7.254144919450787654e+01 5.882711626733131993e+01 4.838941244114656826e+01 5.830583704481792751e+01
6.101047412966256744e-02 2.006101047412930782e+01 3.591888924079997736e+01 4.486316115080129663e+01 4.490759811678373836e+01 4.491625066022317725e+01 5.320314369383144282e+01 4.536786305592509194e+01 5.753784195970335702e+01 5.894296552964630820e+01 6.723650427761954518e+01 6.601386303987834481e+01 7.431233715621813474e+01 8.228069321410725934e+01 7.388628904228269789e+01 6.095130726215840866e+01 4.087507020389902834e+01 5.857397596316069155e+01 6.393861045272912236e+01 6.024482068010964753e+01 7.942153130289059959e+01 8.950943642126181032e+01 1.056060229558349590e+02 9.970145967158664746e+01 9.139941254056395792e+01 9.255514272495287287e+01 8.445505453610962832e+01 9.255514272495287287e+01 8.397221422326308016e+01 6.477662092155443929e+01 5.788815483980390297e+01 5.162003022735238034e+01 6.557816695260687823e+01 6.449547139326210754e+01 4.485910820008578526e+01 6.449547139342492130e+01 7.598457294807825235e+01
6.842009524227352091e-02 2.006841959236799156e+01 2.578314061530254264e+01 2.824503581211265058e+01 2.490677268428378710e+01 2.491540272288018087e+01 3.619731959532432342e+01 3.122539096212175735e+01 3.753453117093413027e+01 3.893932100486958348e+01 5.186676424317352030e+01 4.600684405334639848e+01 6.601386303987834481e+01 7.728031917915335214e+01 7.365734491802933803e+01 5.356733540381990366e+01 6.095130726215840866e+01 5.034043314164397032e+01 7.041414647796190707e+01 8.037409015799673284e+01 8.878414074521654697e+01 9.984743002772407294e+01 8.582562697671629337e+01 9.984743002772407294e+01 9.186585853773163990e+01 8.287957084775389660e+01 6.518849278005181702e+01 8.287957084775389660e+01 9.207490648322630022e+01 8.397221422326308016e+01 7.718554703140914341e+01 6.557816667202975225e+01 4.598147291140757886e+01 6.043182297221751043e+01 4.250722301206959486e+01 5.646697165059537582e+01 7.587197719820248665e+01
1.934550753332892059e-02 2.001934550753297515e+01 5.783020628016610765e+00 8.244850447603287336e+00 1.076461360099815678e+01 1.336839182061465614e+01 1.619681894536089573e+01 1.967837206447495291e+01 2.339227882801864311e+01 2.739227882807627878e+01 3.186441478441888364e+01 4.002938343013916977e+01 4.897370128078523521e+01 6.898079192475130128e+01 8.205098548445117501e+01 6.774707256451559090e+01 7.041414647796190707e+01 6.451212397698435552e+01 6.671302083691242046e+01 8.688226705456342813e+01 9.254393054139794117e+01 8.433327734250910623e+01 7.191749145208585503e+01 9.101520794696247663e+01 8.376413790771668744e+01 6.442774751896239138e+01 5.545911847669968608e+01 7.482177365808074399e+01 8.116163806638839162e+01 7.355230684755791515e+01 8.116162285481961192e+01 7.362956908906249964e+01 6.043182297213872545e+01 4.079441009067022605e+01 4.021864223978172959e+01 5.985343687579187844e+01 7.195573372257008771e+01
4.364784840791047227e-02 2.353048925166418837e+00 1.129732085644200801e+01 2.824503545761906054e+01 3.076487882413464803e+01 2.231266406212241904e+01 3.619731959532432342e+01 2.375610846519462882e+01 4.339336525478262274e+01 4.739385597849292964e+01 5.186676424317352030e+01 4.255490681437950684e+01 5.669864947581482539e+01 6.898079192475130128e+01 8.900710403704952967e+01 8.792600459120102130e+01 9.061127601315561719e+01 8.466288924525314030e+01 8.688226705456342813e+01 9.180331058916203801e+01 8.115283369507723421e+01 6.464155565728562181e+01 6.312020109853141037e+01 8.280831195494494068e+01 8.182284830806260345e+01 6.797604126781502032e+01 4.846020496398480759e+01 6.797604123374635776e+01 7.180205661606922263e+01 5.468876131020564912e+01 7.180205046696647742e+01 7.467203522960174666e+01 5.696038602132623652e+01 3.733121921960881906e+01 5.696038597321646080e+01 4.699785252265708380e+01 5.251868980571610734e+01
5.219006137575642884e-02 2.005218752664779913e+01 3.063741238504008280e+01 2.543946500568228686e+01 4.543968237304452629e+01 3.645488967384189039e+01 4.231332145074470219e+01 4.375698957275936607e+01 3.192107574456807839e+01 4.606346311984300712e+01 6.606802611360650701e+01 5.410253505997547308e+01 7.087445153872693027e+01 8.505025360151515201e+01 9.339960151972064750e+01 8.529341092666616930e+01 8.783805292845912049e+01 8.530694961254275199e+01 9.339834567994968495e+01 8.359104676552111357e+01 6.388246962605404633e+01 5.325904857215437005e+01 7.247989734321441802e+01 8.065994864438269474e+01 7.374748911437060883e+01 5.426938548830386821e+01 4.309409187263771912e+01 6.276021461922894673e+01 6.412053400767536004e+01 4.348894025501016358e+01 5.416832792850738088e+01 6.037262168747327706e+01 4.706287647939451801e+01 3.557967091307503438e+01 5.521942459716400720e+01 5.838921797819218540e+01 7.195573372257008771e+01
