LEM/with_lateral_4open/elevation_000096.asc
nrows	100
cellsize	150.0
xllcorner	0
ncols	100
yllcorner	0
NODATA_value	-9999
[rows 68 to 84 of 100, columns 0 to 36 of 100]
5.009162696260269221e-02 2.005009162696224578e+01 3.302770380565588937e+01 4.131197505311749296e+01 4.741601098034482931e+01 5.570029203181452004e+01 5.797244110511823578e+01 6.625672877953603290e+01 6.630788001857000324e+01 6.246613273421898072e+01 4.217241055411867023e+01 3.099251575609286746e+01 4.539276489610058007e+01 6.567213718795319721e+01 6.519002434772407639e+01 4.837520031752370642e+01 6.519002434772407639e+01 5.606357111750028110e+01 3.594854373628655253e+01 2.183380709922297669e+01 2.887192305154957950e+01 4.893262838823441285e+01 6.520477404817540901e+01 7.412399591393916864e+01 8.560151309960706101e+01 7.737841161509533094e+01 5.705431413468141955e+01 6.298031841370170270e+01 4.722604325411952431e+01 6.346510513921428043e+01 6.186419138167295273e+01 5.453304729056443989e+01 6.600864967229423996e+01 8.566555919252779461e+01 1.055858462979828829e+02 8.916458362459589182e+01 7.596359469118743846e+01
4.695337527364121244e-02 2.004695337527328647e+01 2.830609660542709705e+01 3.202000340698182157e+01 2.741601038073327956e+01 4.164250804513179816e+01 3.797243933973190622e+01 5.748607893413831249e+01 6.643035571757361879e+01 7.084333180026457910e+01 5.850821431014561114e+01 3.821210351362122282e+01 4.761261506376946073e+01 6.788384748665470170e+01 7.679053695150015812e+01 6.825579247745589839e+01 7.147906837503049360e+01 5.719822862699889754e+01 4.350664744208353341e+01 2.345872826622098017e+01 4.350665319381003826e+01 3.682969749411969929e+01 4.575261737709936227e+01 5.733226611888783708e+01 7.735562016370268168e+01 8.580557665685114443e+01 7.737841161509533094e+01 7.599538932083800091e+01 5.736376126551031263e+01 7.599538932083800091e+01 8.243289838614667531e+01 6.658437668886537608e+01 6.452436553443791922e+01 7.558141091024722868e+01 9.776307742093952413e+01 9.976986366822532659e+01 7.986033253675972787e+01
7.614146464036156137e-02 2.007614146464000626e+01 8.306096438730140363e+00 1.202000320227121044e+01 1.586900499686874966e+01 2.164250768876510733e+01 2.920179714894978673e+01 3.814606905895362132e+01 4.969307444457525236e+01 6.969307689235974124e+01 6.688790456825454100e+01 4.836459900389355226e+01 6.688790456825454100e+01 7.625652125439786744e+01 8.090958911119415120e+01 7.075778019804401708e+01 6.234758276574432756e+01 4.291769871672358505e+01 2.881147935333112287e+01 3.615476707118914845e+01 2.613512240705092893e+01 4.617362779995793431e+01 5.733860905838081834e+01 6.693575501228670532e+01 7.530105849022086772e+01 7.859004771164974557e+01 8.695402617463329875e+01 8.618536506729488167e+01 7.773141234344626582e+01 8.618536506729488167e+01 9.598356839727274803e+01 8.738399799643279664e+01 7.692579305077093466e+01 9.464474566785122533e+01 1.066369344398545991e+02 1.080927523320434887e+02 9.977035291837502484e+01
2.352828262072655108e-02 3.226091358722475988e+00 1.078538081891067080e+01 3.078543806915988768e+01 3.586900525032258003e+01 2.481327690686819309e+01 3.297824271614795322e+01 4.452524810101872532e+01 6.452524993195190461e+01 7.797737173223063678e+01 7.701863677719188672e+01 6.865182961639763448e+01 7.701863677719188672e+01 8.691795542015663045e+01 6.652679571373585077e+01 5.219593741600008485e+01 4.219354126693033891e+01 3.469020538899739137e+01 4.882088155501566717e+01 5.244523795033186531e+01 4.617362779995793431e+01 2.897472132514175058e+01 4.897891459401206760e+01 4.685172866364261068e+01 6.368672645370977392e+01 5.839427532450898184e+01 7.859004771164974557e+01 8.313977642588915273e+01 9.136841999018581362e+01 1.028634297855547146e+02 9.519634718766268122e+01 1.026215612422305981e+02 9.925021715138689160e+01 1.088909112400357060e+02 1.014546613257989662e+02 9.297419879185486025e+01 9.293815505568079516e+01
6.786455232800275850e-02 2.006783051811529717e+01 3.078542185929493513e+01 2.492751780536393724e+01 4.492770861731751353e+01 3.636028229097900777e+01 5.297824349106790720e+01 6.126252658615439373e+01 7.280954067747060776e+01 7.825656140710661646e+01 6.997499205514202458e+01 7.257160427382156342e+01 8.085180969567700515e+01 8.833130226719156042e+01 6.793879350555781116e+01 5.359445061696879975e+01 4.357729765836017322e+01 4.463483657031833474e+01 6.312398381260138791e+01 6.517908289689449930e+01 5.214035243283907306e+01 3.214416124776906969e+01 3.269267403384644410e+01 3.537559227629849801e+01 4.425369107889613218e+01 6.310751010743059908e+01 6.682487311675734531e+01 6.315505374910595293e+01 8.005098182985197752e+01 8.551590914108072639e+01 7.650000705024795877e+01 8.921438977661522074e+01 1.052774095989609293e+02 1.084782479537381619e+02 9.297419879185486025e+01 7.253697605997911069e+01 7.253105837103608167e+01
3.257643153035955086e-02 2.003256958241716035e+01 3.646780985221228377e+01 4.492770861731751353e+01 5.321340231025757106e+01 5.636028337526380483e+01 6.464456881243324915e+01 7.623135703595828261e+01 6.881453698254746598e+01 6.052594377695250927e+01 4.993053885952008386e+01 5.253321255715011517e+01 7.257160427382156342e+01 8.205131661258974418e+01 8.232295633442485894e+01 7.216971173564375874e+01 5.359445069076492274e+01 5.886659830770224744e+01 7.323008726458131434e+01 5.679713234718760617e+01 3.676594212294062203e+01 5.214035243283907306e+01 4.678020236178754487e+01 5.534025858426991107e+01 3.960331021870570112e+01 4.316346364608601505e+01 4.691018235295960892e+01 6.673297814726319643e+01 6.050201197524599905e+01 6.618505026715499184e+01 8.551590914108072639e+01 1.026215612422305981e+02 1.082656063723541990e+02 1.003553652864292616e+02 7.909574169571273217e+01 6.724744888263498410e+01 5.823574856153625490e+01
1.880098487986705744e-02 8.183766794157198987e+00 1.818376679418698671e+01 3.232590250194210313e+01 5.232592686733748621e+01 5.410294028864986160e+01 6.233842611489397001e+01 5.625474010977151806e+01 5.625474010977151806e+01 4.047280560346843004e+01 3.834722856221847564e+01 5.840232160689085106e+01 6.935490067214449539e+01 6.197652036625195393e+01 7.615306135418637723e+01 8.233187505020930530e+01 6.793883524275332775e+01 7.920884228935420879e+01 7.447480160237968505e+01 5.430720890138579193e+01 4.016822947373132990e+01 5.430428664653233994e+01 6.696730237946465536e+01 6.534083177137183895e+01 4.532772942174571540e+01 6.310751010743059908e+01 6.682809673674866247e+01 5.302840879401277618e+01 7.286076070466930332e+01 8.471870172320333836e+01 9.341680157374122473e+01 9.963854708205384725e+01 8.615209070809635250e+01 9.963854708205592203e+01 9.642644589187393933e+01 8.699581869288903135e+01 7.852290000952569926e+01
2.900726248362994752e-02 1.417114288621470486e+01 3.417114288621540652e+01 4.646823713107274756e+01 5.093342242491269189e+01 3.440198655989053833e+01 5.093342242491676330e+01 5.625474010977151806e+01 3.623085995419928906e+01 2.892649727180167574e+01 4.893705330491223293e+01 6.252452345777226128e+01 4.918556763996627978e+01 4.767580046977143837e+01 6.785629205586597834e+01 8.248003482107199602e+01 8.833429026997058031e+01 9.290973629618419238e+01 7.294528173929728609e+01 6.397698631499944355e+01 4.385402610204669571e+01 6.395636354518790512e+01 8.260650932969736004e+01 7.368648008377320480e+01 5.683271380079670365e+01 5.683275732075438924e+01 7.696487897378219145e+01 6.704236999866728297e+01 6.927025034296643469e+01 8.949410468571136335e+01 9.975985151238172932e+01 8.994228172717217262e+01 7.046818294096685520e+01 8.994228172717217262e+01 9.945344775856960950e+01 9.122319339791539505e+01 8.289941239531262340e+01
5.081304048347550645e-02 1.419294866421455126e+01 3.419294866421525825e+01 4.108054131395746822e+01 3.291119666895760076e+01 2.309801714034549036e+01 3.695341452426526985e+01 5.672453974581726754e+01 4.359434016189826622e+01 2.361146274824004365e+01 4.041093504818682902e+01 4.697311093909748791e+01 3.488150028462813168e+01 4.392120034671215478e+01 5.406631053453762803e+01 6.833077756447784168e+01 8.835639181586847712e+01 8.775879333555030826e+01 6.708823711506975940e+01 5.278295161286030890e+01 4.882876077536967330e+01 6.902101220135706683e+01 8.569615487027539302e+01 8.531385886785184880e+01 7.696313705757238210e+01 6.842167683274087153e+01 8.531924135111245278e+01 8.699185742677411781e+01 8.959160193237373448e+01 9.218492109463156226e+01 7.797422307476713854e+01 8.153040845678879123e+01 6.171413571555218169e+01 7.114352606011514979e+01 9.105473827618047267e+01 8.289941239531262340e+01 6.288038623783555892e+01
4.469920835086939326e-02 2.004469645770272379e+01 2.544641203315572398e+01 2.509604580418796971e+01 1.323812204007212934e+01 3.291119666865686355e+01 4.471146177431675284e+01 4.366499105673663905e+01 3.558675204228637057e+01 1.926792825487992999e+01 2.249851942155182627e+01 2.732037514611313611e+01 4.737171055779928963e+01 5.988927556552336995e+01 6.623062235935307740e+01 7.451647680708099131e+01 8.346886661795011264e+01 9.501498381196515197e+01 8.138305696335578432e+01 6.285476216143123906e+01 6.306765486920935615e+01 5.700813526402885145e+01 7.134511258461581917e+01 9.170597582421638094e+01 9.697683644794059887e+01 8.863660917035161901e+01 9.383769976475527130e+01 1.022068055408411453e+02 9.265715882228384714e+01 8.184030955400452001e+01 6.402245968148405098e+01 7.479730157963670933e+01 5.540105102112484303e+01 7.479730157963670933e+01 8.537703850160893637e+01 8.289941239531262340e+01 6.288038623783555892e+01
2.324776005098762310e-02 2.002324776005063356e+01 3.625135560325803308e+00 5.103552664435014208e+00 2.062453503530167254e+01 2.826348248103121108e+01 2.459009560939234262e+01 3.187261255464284559e+01 1.562454962529194091e+01 3.558750641068320419e+01 4.247571895738749248e+01 2.912931976926134325e+01 3.427697226763757499e+01 3.982843855423774926e+01 4.617752306155883701e+01 5.515892036105017127e+01 6.673288817634043824e+01 8.673746548897047148e+01 9.145602265813100473e+01 7.722595165076504031e+01 8.339368821428099920e+01 6.712127706638290192e+01 7.134511258461581917e+01 9.170597582421638094e+01 9.946266721428179380e+01 9.067626954666569361e+01 7.396287589431597098e+01 9.067626954666569361e+01 8.413994890234258150e+01 6.430746311778992208e+01 5.514722315617795090e+01 6.401009537091269408e+01 5.046839756823516865e+01 5.766059424517117549e+01 6.869825937854635356e+01 8.849939293498790960e+01 7.705178981787557291e+01
8.699724428260374731e-02 1.545646973504986477e+00 1.754870330845835014e+01 2.467134736776333170e+01 7.292109965299255592e+00 8.858440953377535010e+00 1.046456919643643602e+01 1.209170549420864305e+01 3.205882121189407030e+01 4.344776592054595454e+01 5.744493309075730991e+01 4.914891855255390141e+01 5.432540045144243379e+01 5.988927556552336995e+01 6.623062235692079014e+01 7.451647276259603814e+01 8.244286839946551027e+01 9.072726202250053973e+01 9.974432442155119816e+01 9.746390172690755094e+01 8.749606564698305533e+01 8.749606564698304112e+01 9.170597582421638094e+01 1.000471971559350379e+02 9.111554324495588730e+01 7.135370199381266332e+01 6.282965431802653455e+01 8.236296485306077386e+01 8.713351780563972682e+01 6.412812881818715027e+01 5.034508960680547318e+01 4.472431611226755876e+01 6.401009537091269408e+01 7.706720314591669307e+01 8.537703850160930585e+01 9.688369400303965051e+01 8.435778506024263379e+01
2.249585233037712170e-02 2.002249585233002094e+01 2.296726807673700677e+01 2.390027113038570761e+01 2.923557846559708651e+01 1.720127092566444915e+01 3.043334888168328689e+01 3.205882125690170881e+01 1.519442571545715737e+01 3.515772639503006758e+01 4.470822430070044362e+01 4.753770287957127039e+01 5.583577103569361810e+01 6.990474743517907541e+01 6.161304563908360166e+01 6.609669651676365731e+01 6.242297834473213669e+01 7.145115512296121096e+01 8.730254121367833875e+01 9.730587600006262505e+01 1.077577105344065131e+02 9.345176224255261843e+01 8.510011424780614675e+01 9.345176224255261843e+01 8.885251810404137984e+01 7.498006743056095047e+01 5.568037538403095965e+01 7.498006743056095047e+01 8.448938186705370867e+01 7.150198081321730115e+01 5.383599982548044949e+01 4.123331029166800477e+01 6.057066918626409802e+01 7.484420193966521140e+01 8.311941567240104689e+01 9.021818755938880940e+01 7.019178960797154332e+01
2.739267172789772165e-03 2.000273926717243356e+01 3.680511654751273198e+01 3.982674185924734900e+01 3.715414632598867684e+01 3.204365681823602330e+01 4.654388672839910868e+01 3.738942185972228316e+01 1.742798255030987775e+01 3.738949078770156120e+01 2.472209044951216583e+01 2.753025783326071618e+01 4.753770283915844175e+01 5.569697629670673678e+01 4.155067803830623063e+01 4.604520022493142051e+01 5.141660614247527405e+01 5.899877863092327601e+01 6.901217255233605385e+01 8.902289382190498657e+01 9.279005438121086513e+01 8.357895042392631524e+01 6.552723349723520130e+01 8.357895042392631524e+01 8.057264233126281283e+01 6.109717226667236645e+01 5.043159630256715076e+01 6.962729594791268539e+01 7.641547417425583433e+01 5.703066350213957492e+01 5.756628565905974426e+01 3.817038110199523970e+01 5.756984039257489627e+01 5.540963525320900374e+01 7.484405974100580750e+01 9.030281217444907327e+01 8.106266803257031484e+01
8.327778614586213435e-02 1.046208572204200848e+01 2.526669568145252853e+01 4.565473142434333198e+01 5.656439112867122532e+01 5.268269743085167534e+01 5.371745468874685514e+01 3.371581284964657499e+01 2.633587690035372830e+01 2.082254757827472957e+01 4.078862288541170500e+01 4.753770287957124907e+01 3.172201869849102351e+01 3.563568283455204266e+01 5.569697629670673678e+01 6.609669671475496955e+01 7.145115517098641078e+01 6.777874571109613555e+01 8.730254121367833875e+01 9.730587600006262505e+01 8.446489168586289509e+01 6.496352491174789634e+01 5.616074913383447154e+01 7.531367387252069534e+01 7.840445693406196881e+01 5.898239835975108747e+01 4.548793474438657114e+01 5.875096897175352240e+01 6.686187870921523313e+01 5.900312070615130011e+01 4.125529688523741356e+01 3.519149077753019128e+01 4.178416066796861372e+01 5.143153823661345569e+01 6.248911005266317886e+01 8.205776428967800484e+01 7.760970695379093343e+01
6.510866554257997707e-02 2.006510866554222616e+01 3.189326441206567964e+01 3.896433222393162765e+01 4.724860347139382810e+01 5.879560885518654345e+01 6.199840249863188291e+01 4.630947714134246240e+01 4.045967536759452088e+01 4.078862288541176895e+01 2.834236056263872072e+01 4.835130973529260956e+01 5.176263295669289022e+01 3.858271179063396517e+01 5.864333945356198541e+01 7.391057816388995150e+01 8.219596283706137285e+01 8.779150339406804449e+01 9.607474566592944143e+01 9.069855467595532161e+01 8.228234631536204802e+01 6.285069286561703450e+01 4.956756843185348771e+01 6.854209239138036480e+01 6.746620600710285487e+01 6.447844099610362889e+01 5.875096897175352240e+01 3.948670663410320714e+01 5.330221275834986727e+01 5.093401047484483968e+01 3.136575069118853420e+01 5.092358968902360772e+01 5.343375798644310493e+01 6.008627962062298167e+01 6.790493911182699094e+01 7.693350151644433765e+01 8.592187709289613906e+01
8.953482861371392376e-02 5.863037520509996270e+00 1.189326441206532259e+01 1.896433222393092421e+01 3.051133760772364312e+01 5.051133760772435011e+01 6.369840118818705577e+01 6.625116620227950648e+01 6.043214792071902508e+01 5.664843858913222618e+01 3.727152211488976974e+01 3.988008826016947239e+01 5.992334352286948729e+01 5.017259887705066745e+01 4.677936265307577202e+01 5.387882720272447301e+01 6.545119562025529092e+01 8.546631094161467956e+01 9.069855467595532161e+01 7.095451280855343157e+01 7.457761199752781067e+01 6.364289137154960940e+01 4.465518538806460924e+01 5.713016194901035050e+01 4.833517544941955890e+01 4.531566362838668027e+01 5.688184831999569724e+01 5.330221275834986727e+01 3.388678779021394405e+01 4.811320915256713704e+01 2.883006327010210867e+01 4.496816589145026200e+01 3.380802164638166118e+01 4.041688503348008510e+01 4.783515107088859253e+01 5.945468151819095226e+01 8.148694802313875130e+01
