LEM/with_lateral_4open/elevation_000294.asc
nrows	100
cellsize	150.0
xllcorner	0
ncols	100
yllcorner	0
NODATA_value	-9999
[rows 68 to 84 of 100, columns 37 to 73 of 100]
6.388975831161977936e+01 5.501688367339513519e+01 6.793551951461292049e+01 5.756344076676938215e+01 7.149256698524861520e+01 9.092911340614965354e+01 8.720820394601304315e+01 6.773328463477461980e+01 5.376128022445822552e+01 6.648081305324153334e+01 5.059309011028604885e+01 6.052379898156476656e+01 8.009855655358477122e+01 8.784669565747060460e+01 9.588342730913132073e+01 9.862116406063628915e+01 8.708669373777377132e+01 6.733693101322307939e+01 7.237223969629582143e+01 8.633149162283856981e+01 1.060163436172662017e+02 1.093309068066488408e+02 9.779487888465173739e+01 8.951716047354827310e+01 8.244501295817094899e+01 8.555843658431730603e+01 7.135173899262683506e+01 5.714504139942705052e+01 5.494553786277250396e+01 3.460483709229406912e+01 3.147081911780907859e+01 4.263553614637230282e+01 5.316509488257505467e+01 4.725307605924805188e+01 6.743799929535565241e+01 6.305123657297809814e+01 6.912546227123813480e+01
8.176663755477213158e+01 6.220648283959575053e+01 4.818846397914522584e+01 6.220648283959575053e+01 8.176663755477196105e+01 9.430095956669076429e+01 8.624707174674323085e+01 8.032277454054803911e+01 6.074728242605049644e+01 4.672298237407956378e+01 6.648081305324153334e+01 7.837895953690693318e+01 8.009855655358477122e+01 9.949141766298950529e+01 9.817033272512011877e+01 9.045092992457954040e+01 7.070334972642480409e+01 5.981033252195248195e+01 7.962198507753168997e+01 9.567691540805579109e+01 1.038491912675921611e+02 1.010513813868924018e+02 8.107352473925675440e+01 6.951410661084888432e+01 6.239770562904062956e+01 7.347958456741778832e+01 5.714504139942707184e+01 4.274169993981709581e+01 3.928249712265219529e+01 3.640427590063265484e+01 5.180690306453271887e+01 6.015398129830445839e+01 7.121538849305485996e+01 6.743799929535565241e+01 7.574461219936203804e+01 8.277400873731814102e+01 7.384513841978551341e+01
6.798417735830967956e+01 6.444469831381042013e+01 4.465649954867245697e+01 6.444469831385573855e+01 7.167317136505143083e+01 7.975116769368155190e+01 6.674807632321279982e+01 7.032620865190533266e+01 6.418401187587200241e+01 4.439825329894950556e+01 5.588397736190566434e+01 6.982226992303037605e+01 8.928260421926167112e+01 9.240145443064723452e+01 7.845782782029209557e+01 9.240145443064723452e+01 7.432709821119011906e+01 5.447222726862673881e+01 7.432709821119011906e+01 7.595685823289940686e+01 8.829762590191126037e+01 9.646529706008966798e+01 9.779487888465173739e+01 8.951716047354827310e+01 7.347958456741797306e+01 5.333702391488243677e+01 4.822299383744920931e+01 6.303966804314205064e+01 5.370198424291943695e+01 5.673872713958160574e+01 4.151119453522338887e+01 6.181457133924976688e+01 7.481862546260823876e+01 8.310599036686501506e+01 8.863160117428290619e+01 6.867000640670310929e+01 5.453844160164390331e+01
4.823762854624931862e+01 4.470580872168456921e+01 4.126284315928531754e+01 5.774680459779839481e+01 5.197831460822019523e+01 7.167317136505143083e+01 7.032514263477590077e+01 5.062416785609098469e+01 5.895317398526103858e+01 4.214014638039684968e+01 5.106618812001014618e+01 6.251036412221911576e+01 8.205181383189666633e+01 8.356305553130069086e+01 6.445198303958726171e+01 8.004209339290765968e+01 6.988741409998445420e+01 4.999889925389931022e+01 6.988741409998445420e+01 6.450789304289614279e+01 6.854628856629076950e+01 8.252884483152337225e+01 1.022246954004029220e+02 8.982681678495274014e+01 6.980562796507967960e+01 5.909377058485237200e+01 5.995644071202773517e+01 7.674116717061481552e+01 7.386872283515796767e+01 6.742659279143099127e+01 4.719216168658771693e+01 4.853265278800540017e+01 5.468654787364252456e+01 7.481862546260823876e+01 9.466482755370360280e+01 8.277400873731814102e+01 6.919721191628538293e+01
6.225532697408118565e+01 6.449343900522555373e+01 5.197831460821821992e+01 3.784497795067514403e+01 5.458019214849873890e+01 6.226168000350016740e+01 5.417297631010006853e+01 5.602434624181118039e+01 3.908297193988780549e+01 5.319092922566321135e+01 6.195794011904487775e+01 7.883908093529674943e+01 9.010422916720119701e+01 7.538582382420088379e+01 5.554061619120126636e+01 6.022699539677761749e+01 6.144457536264466313e+01 4.582158213311225126e+01 5.041702283076968172e+01 5.596300796371900788e+01 6.487632056252220991e+01 7.887774404786344462e+01 9.857830399921117248e+01 9.810632075367031746e+01 7.918104331987615296e+01 6.917319116106358479e+01 8.003809006262048342e+01 8.832091552147822711e+01 8.748452425921703934e+01 6.742659279143099127e+01 5.399998397592491983e+01 5.763555504723251488e+01 7.481862546260823876e+01 6.635156664161439721e+01 8.638484287500232028e+01 8.331649073276575734e+01 6.334882318269271195e+01
8.181484565272043596e+01 7.975115921264868746e+01 6.586473907085218116e+01 5.458019214849873890e+01 3.459542158038870241e+01 5.144623672885949617e+01 3.417836069417520406e+01 3.616372536018220529e+01 4.378251608142145557e+01 6.360867506307450014e+01 8.093620558546032839e+01 8.960822997103778675e+01 9.200455776525164708e+01 8.356305553130069086e+01 6.603070322996816799e+01 4.611469591253605671e+01 4.149492599794201908e+01 6.144457536264466313e+01 7.030238764179209454e+01 7.580578333893477350e+01 8.397953688878395440e+01 8.464790446444109762e+01 1.043489877701878754e+02 1.074614080568692884e+02 9.746783908664460228e+01 8.918889547868870693e+01 9.746783908664460228e+01 1.009444432897564070e+02 8.095516556115528317e+01 6.677687272139336017e+01 6.567124209377563204e+01 7.773919823785709582e+01 7.406721160999984477e+01 8.638484287500232028e+01 8.638484282284829874e+01 9.156727067418290744e+01 8.331648880675703595e+01
7.697630799891656750e+01 6.996147339121463915e+01 6.367484801806514128e+01 6.271001911290115061e+01 5.147766296121549345e+01 3.139471356229538301e+01 5.147799860748679635e+01 5.553732612457827145e+01 6.352764527388271887e+01 5.785704919710165939e+01 7.749432823762323608e+01 8.625628782086359081e+01 7.252210090442473245e+01 7.968277015301127619e+01 7.422224241793426813e+01 5.850316003570858925e+01 3.853333426041084664e+01 5.850316003570858925e+01 6.533333518550992380e+01 7.352633518077816177e+01 8.437310806876669744e+01 9.254385360530312710e+01 1.039305426076481496e+02 9.908621477008917111e+01 9.086013671149193272e+01 9.908621477008917111e+01 1.012766730261924693e+02 9.305283453799886217e+01 9.509000827147183088e+01 8.680988945684129021e+01 8.570829520906076482e+01 9.398843452166620693e+01 9.407766507414476109e+01 1.023578317277503373e+02 1.063737164535706370e+02 9.709792278520910713e+01 8.711763405740713040e+01
5.713535951888402309e+01 5.008141841585634779e+01 4.374331558594432323e+01 5.553783397632674479e+01 5.004744358200756693e+01 2.992880347372875960e+01 4.809099211159962550e+01 5.683527913605694692e+01 6.897427858517868060e+01 7.749432823762323608e+01 8.552408477076265569e+01 7.822838040734841059e+01 5.853470073821124231e+01 6.001138986436686906e+01 7.385881767321860991e+01 5.598719847729310573e+01 3.600205319965461825e+01 4.039736628719716549e+01 4.541243390470361874e+01 6.533333518550992380e+01 6.459333408899236417e+01 7.603896469209927034e+01 9.575775964007635821e+01 8.903066755913624775e+01 7.064483228446454177e+01 8.903066755913624775e+01 8.969415885541936007e+01 7.290542336924288236e+01 8.680585634470939738e+01 9.507642893572410969e+01 9.298564686087108555e+01 8.480204136105736268e+01 9.298564686087108555e+01 1.028641325542519382e+02 1.029522001651217664e+02 8.300869756894164198e+01 6.888017213821808582e+01
7.300465692292843300e+01 5.314136399172660674e+01 4.313680740361665045e+01 3.549597744218621642e+01 4.929220184606628408e+01 4.551826469631750882e+01 2.789760832913234623e+01 3.967228675662597226e+01 6.078553412835612590e+01 6.848207583570093959e+01 7.665224783067988312e+01 7.968277015301127619e+01 6.001138986436686906e+01 4.591451337155513102e+01 5.766580900545231003e+01 5.350834628700870610e+01 3.351117573405404926e+01 5.350834628636189194e+01 6.533333518545740048e+01 5.394340764880111294e+01 7.380037415160362002e+01 9.254385360530312710e+01 9.371116229168094947e+01 7.352658796423324361e+01 6.031456274132435880e+01 8.075248449797828698e+01 8.067903502807175187e+01 6.118583417254628642e+01 6.649120755546529438e+01 8.672261050733342813e+01 8.304127682278067368e+01 6.485872090662259382e+01 7.483038113384004930e+01 9.180761635321911740e+01 9.998311545706886250e+01 9.298045496182687941e+01 7.301832145810818986e+01
7.300465692292844722e+01 7.127675135850151378e+01 6.307301045732754119e+01 4.935278277097170729e+01 2.921559933263348086e+01 2.595306151540999551e+01 4.426774218672983352e+01 5.251913733779753102e+01 6.532978975301801938e+01 4.891800290635455184e+01 6.532978975301801938e+01 7.665224783068019576e+01 7.385881767321860991e+01 5.766580900545231003e+01 3.772965081270896093e+01 5.082776315895056030e+01 3.133536353802307772e+01 4.550536365752268608e+01 6.542383419146848667e+01 7.380037415160362002e+01 8.197955022601094299e+01 9.220139166499362204e+01 8.393139719504520713e+01 7.352658796423324361e+01 5.312538620920231835e+01 7.352658796423324361e+01 7.237140466006327699e+01 5.213580345311214614e+01 7.130205309476893660e+01 7.361649023388871171e+01 6.537497836480504532e+01 5.477244288333608324e+01 7.483038113384004930e+01 7.195619471406335776e+01 9.180761635321911740e+01 1.012246122104550352e+02 9.298045496182687941e+01
8.591833785393785661e+01 6.611034463175710130e+01 5.720482414394068371e+01 3.718596805278730955e+01 4.870103733911466293e+01 2.711247177757481452e+01 2.420975122233270582e+01 4.251191273546932337e+01 4.789382920679134514e+01 3.747348463511615790e+01 4.891800290635455184e+01 6.848207583570093959e+01 7.736744777894114122e+01 5.766580900545231003e+01 5.082776315920096977e+01 3.084802374870985986e+01 2.919996627672141898e+01 4.927210683688688420e+01 6.477818848371313720e+01 7.297557955676562358e+01 8.288775468821037862e+01 8.393139719504520713e+01 6.361995518334225608e+01 6.786831265586009465e+01 4.767729794853796932e+01 6.786831265586009465e+01 6.667542640203801341e+01 4.654796573529728221e+01 5.932633842206581676e+01 5.944607536243339752e+01 4.526977494098986909e+01 5.134196839418642355e+01 5.772790153820731973e+01 6.936722139651129737e+01 8.924969022798390483e+01 9.797029985243560191e+01 8.963395032478398150e+01
8.013041272923156555e+01 6.030304228038873049e+01 4.619699544598255159e+01 5.720482414394068371e+01 5.239266259237414403e+01 3.195266729298700170e+01 4.251191273546931626e+01 2.253034167094937956e+01 2.799157314486770431e+01 4.213318421721513829e+01 6.180125646864274813e+01 7.105344491535545615e+01 6.284726402481113183e+01 6.048515469006211731e+01 4.053551194953325165e+01 2.637142233083057974e+01 4.627583108389020339e+01 3.816985354552826948e+01 4.485401743224641535e+01 5.485188968119730646e+01 7.470448728622895374e+01 8.393139719504520713e+01 6.361995518334225608e+01 4.932359931130340414e+01 4.286213466855080867e+01 5.728508803834517948e+01 6.562048944300370579e+01 5.932633842206581676e+01 3.921577225102949882e+01 3.935278310752157438e+01 4.604432004328621275e+01 6.614819374327132095e+01 7.777054149597874755e+01 8.596965508539356904e+01 9.742364002913973309e+01 8.633534683141054700e+01 6.947060176968349765e+01
8.013041272923156555e+01 6.030304228038873049e+01 6.611034463175710130e+01 6.186232745363469121e+01 4.177451746315411185e+01 5.239284301133086785e+01 4.131062990926666600e+01 2.137175149776476246e+01 3.963208246407766211e+01 4.692475931360063157e+01 5.705488550953863580e+01 5.956526599207219874e+01 4.291326847951539492e+01 5.040160773213985834e+01 4.215730108968480039e+01 2.457879469954910334e+01 3.061387683630596612e+01 5.065995995648570727e+01 6.477818848371313720e+01 7.297557955676562358e+01 8.288775468821037862e+01 9.095613406855690641e+01 7.791067342416793906e+01 6.956903881289269975e+01 5.728508803834517948e+01 3.750367766240809431e+01 5.217754984164527343e+01 5.079165951194352147e+01 3.450628540329307725e+01 4.869995341177752124e+01 6.614673957597032938e+01 5.768388025371059769e+01 6.930514615071783169e+01 8.919280780560950461e+01 9.224962859320839925e+01 7.208719575590536977e+01 5.786291968948721376e+01
8.831686775806123535e+01 8.013041272923156555e+01 6.863596599334556458e+01 5.455870781919752233e+01 5.604488350766171578e+01 5.540356860882259582e+01 3.510055461938696197e+01 2.414486726825803942e+01 1.972340168709062169e+01 3.042121469373271125e+01 4.874189590464057176e+01 5.133836166994012018e+01 3.135440680793891488e+01 3.980061920215567994e+01 2.216019216435988071e+01 3.972794607635924535e+01 5.028762567207653689e+01 4.066095538839156376e+01 4.964948008312988037e+01 6.119671590277414452e+01 8.099823953843177549e+01 8.268693240568177316e+01 6.235256730274401349e+01 5.221646062274997746e+01 4.479614735150283877e+01 3.834217084603194081e+01 3.243353839186793408e+01 3.074094616936438484e+01 5.079165951194352147e+01 6.287972766134590330e+01 7.705950191091416457e+01 7.771066099560611917e+01 8.591564422176729465e+01 9.737519276167535054e+01 9.006527197651011818e+01 7.843682183769118410e+01 6.723284985688880511e+01
8.835576043721530937e+01 9.659873241645276210e+01 8.261734920490906120e+01 7.443009827937532918e+01 7.590687952634665692e+01 6.364148986781975026e+01 5.480179796717360574e+01 3.846215347391917305e+01 1.856592136664213655e+01 3.681666056729555692e+01 4.506344310369241413e+01 4.551430742923088957e+01 3.752260310823233169e+01 1.981110928266647875e+01 3.980061920215567994e+01 3.635933697959713129e+01 5.629774815627200724e+01 6.065896452457998578e+01 6.886301566198405055e+01 7.774880120895510061e+01 8.916805091002686368e+01 9.095613406855690641e+01 8.084324605598992264e+01 7.251974985421320241e+01 6.484582783948927442e+01 5.814744215528045856e+01 4.818127897748443189e+01 2.814857291908045411e+01 4.229843957005377320e+01 6.238370966016678665e+01 6.894527218159338133e+01 7.720370799332074796e+01 9.132276509428464806e+01 8.728715468698642610e+01 8.172420345687842769e+01 6.158150263748807163e+01 4.999989841477399466e+01
9.056897934226113023e+01 8.229314629953216809e+01 9.056897934226113023e+01 7.946900058365261543e+01 6.950013830479097976e+01 6.124137460287776236e+01 5.465575124095359172e+01 4.226498064672910715e+01 2.171454024372496150e+01 1.692503661471670640e+01 3.522632577390322695e+01 3.485316946694682372e+01 1.753872844898526751e+01 3.752260310823233169e+01 4.804815643840012740e+01 5.640785657301959333e+01 6.461921395586145422e+01 7.479843808941268435e+01 7.527131027958003529e+01 8.345392327694501944e+01 9.704953126034979505e+01 8.793547734443423280e+01 7.972351388520289106e+01 7.754705820732708332e+01 7.202122561131361067e+01 5.194958032764811406e+01 3.774893982111359492e+01 2.621280423270621895e+01 4.623553055955574820e+01 5.624528634216374456e+01 4.886483142935182400e+01 6.308465089289159522e+01 7.575722443408770346e+01 6.731672968124033218e+01 8.140797591227139662e+01 7.843682183772664018e+01 7.009480971659732518e+01
8.060323415887798149e+01 6.238159534727154920e+01 8.060323415887798149e+01 7.120994909448403121e+01 5.127280011127145087e+01 4.148450451710532860e+01 3.494415845295312550e+01 2.921654177962361132e+01 3.647961813974681888e+01 2.476040716625199067e+01 1.532851117582847955e+01 1.530675719585188688e+01 3.528469827468912712e+01 3.750894401195638039e+01 5.741898414918879467e+01 4.964772763056966909e+01 5.497883347616119210e+01 5.497883347616119920e+01 5.547392753470190030e+01 7.527131027958003529e+01 8.298531922703486430e+01 6.892110719372013250e+01 5.970563191741338471e+01 5.751037225289634591e+01 7.163696848796224970e+01 5.852708070313035194e+01 3.845650779617937332e+01 2.431927149749184380e+01 4.433505468308496944e+01 3.617047319188230858e+01 5.624528634213346834e+01 6.789058374155300157e+01 5.570114723525900757e+01 5.309060465229850934e+01 6.731672968124033218e+01 8.728715468698635505e+01 7.114587324945759406e+01
