LEM/with_lateral_4open/elevation_000484.asc
nrows	100
cellsize	150.0
xllcorner	0
ncols	100
yllcorner	0
NODATA_value	-9999
[rows 51 to 67 of 100, columns 37 to 73 of 100]
4.323260887536488895e+01 6.325722418526894586e+01 7.310276390910172495e+01 8.190967256087330384e+01 9.066060698781880944e+01 1.047519850877132939e+02 9.649487535158688445e+01 8.166670402108185556e+01 7.580944479365305710e+01 8.729196914511439331e+01 1.071643836912594026e+02 1.069569444002195695e+02 1.268987583532121306e+02 1.249885245506833087e+02 1.052998297278796969e+02 9.171876139302325726e+01 8.235087673830160782e+01 7.530430248066264198e+01 7.119422283933204199e+01 8.487443415394341173e+01 7.561456976482119785e+01 7.507329242521802826e+01 5.542272070192482403e+01 5.271834639899848440e+01 5.176981074810197470e+01 7.254309581792523431e+01 7.116640389823155033e+01 9.054707502116345097e+01 8.411992364262346200e+01 6.424358468624451746e+01 8.411992364262346200e+01 8.601965711313009422e+01 6.634448449948185100e+01 7.357598534991069528e+01 5.467050299219894782e+01 5.893079922283359906e+01 7.874888265037169788e+01
4.859332215288616652e+01 4.558394108234717379e+01 5.884276522403579435e+01 6.275279476002065593e+01 8.249431303854534292e+01 9.326114498727470448e+01 7.660529030314611987e+01 7.016195736627778956e+01 9.006767554266096454e+01 1.039453210321861150e+02 1.154344343356687261e+02 1.268987583532121306e+02 1.222114191604190694e+02 1.140486583955561031e+02 1.165216271867685549e+02 1.095539484005511497e+02 1.013926381608948901e+02 8.608503759104796416e+01 9.493327192767343092e+01 9.939833575118706221e+01 9.359480186212189778e+01 8.307369048099741349e+01 7.507861807749027605e+01 6.891312293457671956e+01 4.896411199561536165e+01 5.715754571246421278e+01 7.684287104619200193e+01 9.280209054020622261e+01 7.838211881913866819e+01 5.829798666711148769e+01 7.838211881913866819e+01 8.747809640878715243e+01 6.781754240370716502e+01 5.365006347846995283e+01 4.881725033972543315e+01 6.305602863167077032e+01 8.280319862433672995e+01
6.860574529021059220e+01 6.560905569806395476e+01 4.797706151343715675e+01 6.215648511961725120e+01 8.211841877262287426e+01 8.501159157146861389e+01 6.507967307251321643e+01 8.501161806979968105e+01 9.831814578447945507e+01 1.055947265636619932e+02 1.138397499960439490e+02 1.222114191604190694e+02 1.110414818053720722e+02 9.485077218170052049e+01 9.706600958122558609e+01 9.706600958122558609e+01 1.051634665840207958e+02 1.052496513388603319e+02 1.134373899825014576e+02 9.976131767191756694e+01 8.841575416715132008e+01 8.027141787303190767e+01 8.104524997934578323e+01 6.127179165525005544e+01 4.710253803955242802e+01 6.447885558348886548e+01 7.265262559766603090e+01 8.467738510380419825e+01 6.479176709938379020e+01 5.296061145527885827e+01 7.319641819595007348e+01 8.837326953663385609e+01 8.171461221912905160e+01 6.466484218613241808e+01 4.460618507614979222e+01 5.885724198241463512e+01 7.868562895241571198e+01
8.381414150784657124e+01 6.388745035192804522e+01 4.971449490105639768e+01 6.973137314462900349e+01 7.475736461025425683e+01 7.731743299216790888e+01 6.182788177361607751e+01 8.177822866943793656e+01 9.155522208901011538e+01 8.573986892661156389e+01 1.055947265636619932e+02 1.140486583955561031e+02 9.485077218170052049e+01 8.392715856979593525e+01 9.344595609595518226e+01 7.762021183965271121e+01 9.385715238055395560e+01 1.019535390101740546e+02 1.065215546825927930e+02 9.159873378084490980e+01 7.198073324319142330e+01 6.048744733188870271e+01 6.884877301391485105e+01 7.012974841441725005e+01 6.194516786921073503e+01 4.450379809890363703e+01 6.447885953358718325e+01 8.278603461047921996e+01 6.282514505994544862e+01 4.833878202794867462e+01 6.020958022178317037e+01 8.023082574055641203e+01 7.542586263509305411e+01 5.554393855254825496e+01 4.129927889489343329e+01 5.554393855247346323e+01 7.542586205846099290e+01
8.877882988910539552e+01 7.301552289363299053e+01 5.301977577934149366e+01 5.266311615908112742e+01 5.476984179985335999e+01 5.734143605645201092e+01 6.194426838951931558e+01 6.666633724618581880e+01 7.166579243978249281e+01 8.573986892661156389e+01 1.055947265636619932e+02 1.203436639055368715e+02 1.069526369342615197e+02 8.785130571008411948e+01 7.403264225601797932e+01 6.854236615055864945e+01 7.422557648334731084e+01 9.063364574919224026e+01 8.695756220817771975e+01 8.695756220817806081e+01 8.580681183726147765e+01 6.884504836943871453e+01 4.891108296207556805e+01 5.945020756238044868e+01 4.196135987940463252e+01 6.183412699014943570e+01 7.254565479384532978e+01 7.887138209790833798e+01 5.880735085172617005e+01 4.429537499727038607e+01 5.932966230341445879e+01 6.760304383248721649e+01 7.684965987717041003e+01 5.827066887183941191e+01 3.820558076956412208e+01 5.404057666837611151e+01 6.226038740634633939e+01
7.214701899947006325e+01 6.060421443507200934e+01 5.740259292979268935e+01 7.266431759712557437e+01 7.475985515492605771e+01 6.023234774018312976e+01 8.019083556031672799e+01 8.658281109615928983e+01 9.155522208901011538e+01 8.231347646103310467e+01 9.224382368206406113e+01 1.120917953165802459e+02 1.069469467827163385e+02 8.851710943682380162e+01 8.100967584990976889e+01 8.252285675176737811e+01 6.227132878097911828e+01 8.252285675176648283e+01 8.513107161156926850e+01 6.694801060043336349e+01 7.158973918584710816e+01 5.730777601208478700e+01 5.945020756577059018e+01 3.946421161145183021e+01 5.726901662768180046e+01 6.552769549277344652e+01 6.849663165221760153e+01 7.189092467693873800e+01 6.365348775362595291e+01 5.932966230341445879e+01 3.893684823471846101e+01 4.837613951814988411e+01 6.261289965059992824e+01 6.647448007800112180e+01 5.404057684413141516e+01 3.399268373095796392e+01 5.002849639209589583e+01
7.060567716359976487e+01 8.055821006973047815e+01 6.188859348157891560e+01 8.183367615476430501e+01 8.844357661062663567e+01 7.023578062136822098e+01 6.656732329446494134e+01 8.649348833934912761e+01 1.015713617029427667e+02 1.021678094993221464e+02 1.104088701193986992e+02 1.203436639055368715e+02 1.150427068992106285e+02 1.061323244017437020e+02 9.280000047666224816e+01 7.303700240071732708e+01 5.833267818044635789e+01 7.378047872808713237e+01 7.115149097688403401e+01 5.645179957404374704e+01 6.327457358474092786e+01 4.273225912863938447e+01 4.081708575591402877e+01 3.893966170149798245e+01 3.707717207739220555e+01 5.549231372823752650e+01 4.834010031246187822e+01 5.311347788516806645e+01 4.345572417492502382e+01 5.087808873530267562e+01 4.977321978863498941e+01 3.403288658900312669e+01 5.430177712707156701e+01 5.825855557661918738e+01 6.198708008871028596e+01 5.002849639209589583e+01 3.001273093605475495e+01
9.051080432745945359e+01 8.652836563742603460e+01 6.661048502489418865e+01 8.652836563742603460e+01 9.840175090307263872e+01 8.432238594831405010e+01 8.649348833934912761e+01 7.342181624902032411e+01 9.331773069431962142e+01 1.104700173471008355e+02 1.204278772453683501e+02 1.183707596852874815e+02 1.102104880987405124e+02 9.664715935505793709e+01 8.856350208420329295e+01 7.781255693295032927e+01 5.725291399259049996e+01 5.307980839769209069e+01 5.044602186425219514e+01 4.791328956859319277e+01 4.553159321344908506e+01 6.327426172124753379e+01 5.265447367198282791e+01 6.105287762375286320e+01 5.512669986702363900e+01 3.530699803753518751e+01 3.404550742190237145e+01 3.289147774564658278e+01 3.174193236600356371e+01 3.060383273575952146e+01 2.948089622411853128e+01 3.384514890048725277e+01 5.247940465144165501e+01 3.923527965802816198e+01 4.447656063940926430e+01 4.367174379139879647e+01 4.480044560412916610e+01
1.005798707017766986e+02 8.070804166801775636e+01 7.327229041806636189e+01 8.652836563742604881e+01 1.064070132022202415e+02 1.042149489027120808e+02 1.015713616997259408e+02 8.491505467994569756e+01 8.232999739924829896e+01 9.226279620468615406e+01 1.121511911146976246e+02 1.102104880987405124e+02 9.082653563691407328e+01 8.856350208420329295e+01 6.874914878966767162e+01 6.359646029861058736e+01 7.781255301304960881e+01 7.378047872751911029e+01 7.115149097630154529e+01 5.122769929201140116e+01 6.614731029039295152e+01 6.243289155693520343e+01 6.725453594450277706e+01 6.971793564537533427e+01 4.908766897574874122e+01 3.781791156783025798e+01 5.424381165617114675e+01 4.300828151482989625e+01 5.199229747347428088e+01 5.087605771308878388e+01 4.824320989350346167e+01 2.799630947430854988e+01 4.539034735743411630e+01 2.519018954787510722e+01 2.423963035656867504e+01 2.328830810881386171e+01 2.233326408235495464e+01
1.088307367670264654e+02 1.005798707017766986e+02 9.315640324710592779e+01 8.391371055364021458e+01 9.794887467122940450e+01 1.178237067171288146e+02 1.130625137390972270e+02 1.047959995897210064e+02 9.379858249955840677e+01 1.104700173471008355e+02 1.204278772453683501e+02 1.076802654572183542e+02 8.832234326187564477e+01 7.705388417738892315e+01 8.856350039831994536e+01 7.394942068325219964e+01 9.186237648799625788e+01 7.804328804651754581e+01 5.758007296759306826e+01 7.187339648589238550e+01 7.187339648580170604e+01 7.687705689506616125e+01 8.729135043447863040e+01 7.893135031171149762e+01 6.597754819192336129e+01 5.765504944830301071e+01 4.161015737232939671e+01 6.176980352916417871e+01 5.954766666054401014e+01 6.254743374569329717e+01 4.235124057938901387e+01 4.680267677985471408e+01 2.654119892334060538e+01 4.373477489818786523e+01 4.440847331811926324e+01 4.229283636067723506e+01 2.771872753579003046e+01
1.109470104690183092e+02 1.141139255410291042e+02 1.120233308537428627e+02 9.794887467122940450e+01 1.120233308537428627e+02 1.088882055737352346e+02 1.062877891709357812e+02 1.145851301407867737e+02 1.136930969098987134e+02 1.219716060473110275e+02 1.288418006110589431e+02 1.158276366762095790e+02 1.045986476611008555e+02 8.832234326187564477e+01 9.356620819902822461e+01 9.356620884324486553e+01 9.873207240715458965e+01 8.256580721681685020e+01 6.234048687516510512e+01 8.256580721681685020e+01 9.183048990071081619e+01 9.665784760410519993e+01 9.070685706937130988e+01 7.917371561166797278e+01 6.620542113881803914e+01 4.563958872952950685e+01 5.580773078316290992e+01 7.008256861094154999e+01 7.376094283850653710e+01 7.077395729858260154e+01 6.255220582490079551e+01 5.518846914944280968e+01 4.680468121725462538e+01 3.043243714737488759e+01 5.066793493438598261e+01 5.094616322068540626e+01 4.339516482572036438e+01
1.082078652735766724e+02 9.398520844422881737e+01 1.082078652735766724e+02 1.178237067171288146e+02 1.029852046039065101e+02 8.878556088799288659e+01 8.617123152114972129e+01 1.029852046039065101e+02 1.145851301407867737e+02 1.229840105735241451e+02 1.088325132702276079e+02 1.229840105735237756e+02 1.158276366762098917e+02 1.076802654572183542e+02 1.130252856725254702e+02 1.099913022761255945e+02 9.063468796053000176e+01 7.087004776523866667e+01 7.271146081382768500e+01 9.068909203376202299e+01 1.053622143928963197e+02 9.560741288811793481e+01 8.258779142941692442e+01 6.244988795868426479e+01 5.023035518535765931e+01 6.026994690410006683e+01 7.448064670472420801e+01 8.435740643872021849e+01 9.351540837844616760e+01 8.143369210964836213e+01 6.732199073235025821e+01 5.472789334152313501e+01 3.449359765356574314e+01 5.068111120791115098e+01 5.894459848288460080e+01 5.481904356054888439e+01 4.419082636610392711e+01
9.918913448513370668e+01 7.968813437821049206e+01 9.918913448513370668e+01 1.041386558481884776e+02 9.289461364656911257e+01 7.444470343545509650e+01 7.444470343545509650e+01 8.617123152114972129e+01 1.062877891709357812e+02 1.140256414976747266e+02 9.465516017342247324e+01 1.140256414976741155e+02 1.161675153747333411e+02 1.244599080044532826e+02 1.156270190590367974e+02 9.616696330923402058e+01 8.241229789045081588e+01 8.241229789045081588e+01 9.242015361980595856e+01 9.242015361980597277e+01 9.723966400272195187e+01 7.777146920397601093e+01 6.770214398174339010e+01 6.026091135702568380e+01 5.456050448953672571e+01 7.516793849054489840e+01 8.867774201457579863e+01 9.260871217093148289e+01 8.120819622916326352e+01 7.227097397648837784e+01 5.320979238091354091e+01 3.886037189236426315e+01 4.463208478946597069e+01 6.298156273190937071e+01 6.060924985635761431e+01 4.099404127684747579e+01 2.693392392439392324e+01
9.085035058174729272e+01 7.059074487059073988e+01 9.085035058174729272e+01 9.582349070188138285e+01 7.560166012787617262e+01 6.423886510557430540e+01 8.455909631605905474e+01 9.682035468632366815e+01 1.051347847552237056e+02 1.057318596928473653e+02 8.563100173685712946e+01 1.057318596928473653e+02 9.612172066066925424e+01 1.087445053541329116e+02 1.170401405422566938e+02 1.099913022761255945e+02 1.018666816760830471e+02 1.018666816760830471e+02 1.099913022761340500e+02 1.119083593465877726e+02 1.053622144180110780e+02 9.560741288811793481e+01 8.750556360488432972e+01 7.949543316560333039e+01 5.919766889054272241e+01 7.375434967028529343e+01 9.335393097342627300e+01 8.452407261856453147e+01 6.468506329203626137e+01 5.294928270710234841e+01 4.383991043881479044e+01 4.714045009786175910e+01 6.482370615607645448e+01 6.482370615607639763e+01 6.060768718656997578e+01 4.099419293896962557e+01 4.668742848812207313e+01
8.444370072732641574e+01 6.414976970800471179e+01 8.444370072732641574e+01 9.492123691595473645e+01 7.931243517810636945e+01 5.898747461894890876e+01 7.931243517810636945e+01 7.661338325801465032e+01 9.682035468632366815e+01 9.937541028640278284e+01 7.920295299038684789e+01 9.114003908084896466e+01 8.447087170730101491e+01 8.864565369779631965e+01 1.087445053541329116e+02 1.099656114472149682e+02 1.015867627120277490e+02 1.023975520371730852e+02 1.108037457728859891e+02 1.219368383369255184e+02 1.106357286864518557e+02 1.024841834645072396e+02 8.696375843289121121e+01 6.720460041506453308e+01 7.119506913887548194e+01 8.760906731859479635e+01 9.322162566984258092e+01 8.440711669035621867e+01 6.978333819274313043e+01 4.958950776829308893e+01 6.407165481150784103e+01 5.732791996727190309e+01 7.551225217177149318e+01 8.469310608418449249e+01 6.865531832970495429e+01 6.059749619772454565e+01 5.126830927534973625e+01
7.163966376327459784e+01 5.851976078573110840e+01 7.881517696802681883e+01 8.658894914039079538e+01 6.630354424905448241e+01 5.457664768372766417e+01 6.224122811580424042e+01 8.253186816212361521e+01 8.568153286632374943e+01 9.401611801287252490e+01 9.114003908084896466e+01 7.086697970539368896e+01 7.430056577932298012e+01 9.453247105387482918e+01 1.024713593667628828e+02 9.409045243707652162e+01 8.134182899588128635e+01 8.213859161088645067e+01 9.910124559036663072e+01 1.137256126295323213e+02 9.425488616602231673e+01 8.314776257320541220e+01 7.622978383911025446e+01 8.127565647628685497e+01 8.514190132332443284e+01 9.643239263550101725e+01 7.689202136578640534e+01 6.534585792841954799e+01 5.622741812113775950e+01 6.136177749055159580e+01 7.794208354900676738e+01 7.157457354488505530e+01 8.545759369421458018e+01 8.441865866100305027e+01 6.508368645897623139e+01 5.464158994690657067e+01 3.448792370778839000e+01
5.138009768778601227e+01 7.163966376327459784e+01 8.717667771236703800e+01 8.515385429268246753e+01 6.487856772383700843e+01 5.055492008582668717e+01 6.801772004680739769e+01 7.094245230865861629e+01 6.539251738433770811e+01 7.718041709998290401e+01 8.056941636065147350e+01 6.558613763005598685e+01 8.590555765832812085e+01 1.028428971199340367e+02 9.409045243707652162e+01 7.381939467030645119e+01 6.961495527545382345e+01 7.041307732639245387e+01 9.002925022913495923e+01 1.002306688354183990e+02 1.106357286864518557e+02 1.024841834645072396e+02 9.564772629644886592e+01 1.006960513206862942e+02 1.045761066039529794e+02 1.044892738454864940e+02 8.685757249558658089e+01 6.709440027684540553e+01 6.534585792807672533e+01 8.128740405144959880e+01 8.938080268517627758e+01 9.126984056912824883e+01 9.247215116105340371e+01 7.905865454829995542e+01 5.952148945206088371e+01 4.553114456040904656e+01 3.661936377627166195e+01
