LEM/with_lateral_4open/elevation_000335.asc
nrows	100
cellsize	150.0
xllcorner	0
ncols	100
yllcorner	0
NODATA_value	-9999
[rows 68 to 84 of 100, columns 37 to 73 of 100]
6.494438795141969933e+01 5.111191551659356946e+01 7.076598740822342393e+01 8.792586503360524830e+01 8.866060587161543083e+01 9.700227234572454904e+01 8.801118551662787581e+01 6.808689690445699227e+01 5.677696070287517927e+01 6.953195449503542136e+01 5.383155169681181462e+01 7.349968682153067334e+01 8.388387210808636496e+01 8.949273737462866052e+01 1.000474231205378146e+02 1.019761579436333250e+02 9.118641365687857103e+01 7.123840578567917703e+01 8.364677537425684761e+01 1.036856799738657031e+02 1.108739915270823815e+02 1.025908900020569519e+02 9.467983966618993463e+01 7.798813197712152601e+01 9.467983966619289049e+01 1.003894852114631675e+02 8.024515773188092282e+01 6.584698516529836354e+01 5.406441920830391723e+01 4.394775425898284027e+01 5.871313897094363909e+01 4.427990708688037103e+01 6.451742633431726404e+01 7.892525588999073705e+01 7.812953527605579040e+01 6.943222715739190676e+01 7.111290924699575555e+01
6.588469094241222024e+01 4.704534087120911323e+01 6.666783012381279150e+01 8.152164863100415459e+01 6.798762193459347714e+01 8.515704719951256152e+01 9.630910173176826561e+01 8.356104252999995197e+01 6.372091413917954839e+01 4.989001354446927650e+01 6.619139808357647325e+01 7.250858585558030711e+01 8.001255034200943328e+01 8.899744084246337650e+01 1.028120468659632962e+02 9.366520064111655586e+01 7.371569832369029029e+01 6.381842429203499023e+01 7.737650020772824178e+01 9.734882193890673818e+01 1.048525627136365586e+02 9.653814330088030715e+01 1.048525627136365586e+02 9.791743077898459546e+01 1.061954145588150027e+02 9.847393580983134598e+01 7.829392423298070014e+01 7.085301971276180666e+01 5.048650524652917682e+01 6.424523799212263953e+01 7.259745696337189713e+01 6.452147902914185806e+01 5.049724255574413689e+01 7.078027687133412371e+01 8.836198221421784638e+01 7.839031971884202221e+01 7.018526267619552073e+01
4.626691234196790958e+01 4.311532007408726486e+01 5.352293132449411672e+01 6.406740409529672320e+01 5.480136294760339410e+01 7.672505237944740486e+01 8.242132490305253611e+01 7.415446292761716052e+01 7.133830457185892726e+01 6.310556233265208448e+01 4.653389351816445441e+01 5.273393810783362312e+01 5.965056613766378035e+01 7.144641422917631246e+01 9.391160489709720594e+01 9.146980190258116750e+01 7.153886350710440922e+01 5.763503051515328224e+01 7.737650020772824178e+01 9.519959122619368941e+01 9.484151795653309591e+01 7.653705217559712537e+01 9.484151795653309591e+01 1.064058122962107120e+02 1.090299324053823398e+02 9.260115633501361287e+01 7.236767933246215989e+01 5.791615296812342706e+01 7.085299525310094282e+01 7.921566880711772285e+01 7.818108021260573537e+01 5.791305947749037131e+01 6.486245171633780160e+01 7.911008599366093108e+01 8.021266381890842467e+01 6.015786153348263099e+01 5.007941474186431918e+01
6.588469094241222024e+01 5.930035117287405200e+01 3.962058428594082216e+01 4.226129322428336366e+01 6.406652914443020563e+01 6.755618094360076498e+01 7.415446292757494007e+01 5.439728084940036723e+01 6.018402550293795628e+01 4.340194199376708895e+01 5.083508167438772318e+01 7.002256728749446779e+01 7.992150916261809357e+01 8.897571300822153262e+01 9.119984444717374572e+01 8.689733104385392437e+01 6.702786441286619379e+01 5.314045794257007316e+01 6.702786441286619379e+01 8.593023273777180293e+01 7.764873130792622646e+01 6.666148728038201909e+01 7.807898166883398972e+01 9.809227870550245143e+01 1.007508045460027404e+02 8.062578523243050199e+01 6.885615825098912524e+01 7.829392741705750325e+01 7.829390241683655915e+01 8.769359709978996875e+01 6.751447442809906363e+01 7.818110075090010014e+01 7.448879244687461210e+01 9.335769798560534127e+01 8.836198221421784638e+01 7.839031971884202221e+01 7.018526267619552073e+01
6.842944068621410736e+01 4.868441704285967830e+01 3.718402037409558858e+01 5.394901159958502745e+01 6.008367145160428890e+01 4.776304997578570521e+01 5.545535205721990479e+01 5.737396617074175253e+01 4.041646821208949802e+01 5.439728084940036723e+01 7.002335779888056777e+01 6.434321763541424843e+01 8.373676759413551451e+01 9.157406622914683680e+01 7.222898346111895762e+01 7.591931413914751658e+01 6.882481406003411450e+01 4.912162605020660067e+01 6.882481406003411450e+01 7.043051142001415599e+01 5.788081591681448401e+01 7.181072372265047932e+01 9.174292839370052377e+01 9.197179357579186387e+01 1.002949142576605226e+02 9.743402662296928440e+01 8.913161909751758571e+01 9.743353925672748517e+01 9.847362839431187354e+01 9.597237458061486848e+01 7.921236763419825877e+01 8.401587055990226816e+01 9.461014907334383395e+01 1.028801227859543417e+02 9.065173623988184204e+01 8.061600787645770083e+01 7.229096074744684586e+01
7.669025581895009225e+01 6.518061760854347142e+01 5.388905916450548261e+01 3.403132214009207956e+01 4.530249976174729909e+01 3.362431474604803583e+01 3.556031081810908745e+01 3.753039701142178330e+01 4.750984395329908949e+01 6.723863517973946102e+01 8.242132452089462902e+01 8.373676759413551451e+01 9.206358011047093726e+01 8.983898280882787901e+01 7.015359859242602170e+01 5.628659195757446554e+01 6.503293375957824196e+01 4.531221152769180804e+01 6.385588882187236237e+01 5.070663750290187721e+01 7.043051142001415599e+01 8.394293827910081518e+01 7.564361327645328004e+01 7.197394640499402385e+01 9.148844033648161655e+01 1.030738408738669705e+02 9.734150787842322927e+01 8.905885677640523568e+01 9.734089462457407649e+01 1.075306838796589517e+02 9.927884899021124454e+01 1.040572661083320156e+02 1.122980249042978613e+02 9.652337126829873171e+01 7.643003990977985040e+01 6.226669718056856340e+01 5.222549468622878521e+01
7.394252920018045927e+01 6.609109674898846265e+01 5.781504884134210442e+01 5.089274162771715027e+01 3.095942712680329834e+01 5.091659126012773839e+01 5.545498988334288271e+01 5.737396074189982897e+01 6.559530883088623909e+01 6.723870145738730741e+01 8.712353545038881464e+01 9.100622354641440381e+01 8.271509436112481239e+01 8.271509436112481239e+01 8.410119319483857225e+01 6.613997302428464309e+01 4.644313250318204922e+01 4.161986961697331822e+01 4.411869933837488844e+01 6.385588882187236237e+01 7.614353009662586658e+01 6.786876923892553748e+01 5.582158483574846031e+01 6.325840028169725571e+01 7.469554787668279516e+01 9.474441001282038144e+01 8.735228759131219078e+01 6.908855674396650670e+01 8.735228759131219078e+01 8.853942087240695002e+01 9.680418535213071607e+01 9.175108633152649418e+01 1.003126256950129118e+02 9.967412712367959671e+01 7.957138882935704771e+01 6.540077903142609728e+01 5.536891152940088290e+01
5.414724314340850242e+01 5.782882069931314817e+01 3.797851611428950491e+01 3.366583699331967239e+01 2.957604157706408543e+01 4.765033884769942318e+01 5.586034681574306404e+01 6.163555560968396918e+01 6.974829413339134021e+01 7.144951232096529736e+01 7.982061511945079246e+01 8.271509436112481239e+01 6.285791642360698717e+01 6.285791642360698717e+01 7.693206998501067062e+01 7.434985457702801170e+01 5.776486155241660470e+01 3.797867331420560078e+01 5.776486155241087062e+01 5.719606438527986825e+01 6.108581450092464138e+01 4.809322385078832696e+01 6.786876923892550906e+01 8.316919022867224953e+01 9.148828081092351283e+01 9.198830350033749426e+01 7.201529298672323876e+01 5.910943838645553683e+01 7.907369810884065942e+01 6.871342372493791117e+01 8.533618087519570850e+01 7.197784925178626736e+01 8.790431760662474403e+01 9.774406845388570275e+01 9.379866524428953767e+01 8.375837924506650722e+01 7.543005949910234165e+01
6.461094186288291041e+01 4.484923705322759702e+01 5.782882069951743631e+01 5.359827953133179079e+01 4.184485688531476200e+01 2.774578780336812045e+01 4.582055348303225628e+01 4.206269077157779179e+01 5.765633265650568973e+01 5.199275096140556229e+01 7.144951232096529736e+01 8.271509436112481239e+01 6.285791642360698717e+01 4.890750499233592308e+01 5.983412660805591798e+01 6.806992440378347453e+01 5.531191832796534413e+01 3.550125738387176000e+01 5.189081920866744468e+01 3.738544248223979594e+01 4.129493390770630157e+01 5.015368719342656334e+01 6.165850187292870999e+01 8.238594796008231924e+01 9.881846177814240662e+01 8.473839247957275234e+01 7.201484746376155499e+01 5.205216860313289118e+01 7.201527222155461061e+01 5.723677560011739018e+01 7.640231447648201879e+01 6.100021637686209885e+01 6.653632964732562982e+01 8.841392837597568644e+01 1.016812649467179739e+02 9.116966215661696538e+01 7.109498353449603769e+01
5.879847274269863533e+01 6.461094186293077257e+01 7.292397262679858727e+01 6.991659652480565512e+01 5.589001464031168354e+01 4.582058893538677324e+01 2.594984885456218038e+01 3.191359943311127623e+01 3.823476502110565178e+01 4.949952728150547898e+01 6.308632415158523088e+01 8.287383981696785895e+01 7.383469441920497900e+01 5.403490153975378973e+01 4.004855148732887926e+01 5.283886943928493451e+01 5.728187806734296572e+01 4.905866410112101761e+01 3.204919780813628449e+01 5.189081920869527664e+01 6.108581450092464138e+01 6.933829786778980520e+01 7.853272334071638738e+01 9.102892202658225074e+01 8.759363350186259822e+01 7.061112574231302119e+01 5.649629889300219787e+01 4.651338871235547856e+01 6.000090019512028050e+01 4.831628866518467902e+01 6.473983386930953543e+01 5.132260568369637355e+01 7.118688204670512221e+01 7.598659436407743328e+01 9.397658215580395336e+01 9.951460367548101260e+01 9.116966215661696538e+01
7.880994328508076308e+01 7.552775010337428796e+01 6.753205103385649011e+01 6.095819612958499079e+01 5.522991903823294280e+01 4.456751930992800226e+01 2.472005545444638130e+01 4.456757900936948147e+01 5.766846340454726771e+01 6.295793888777139813e+01 7.099303799934708081e+01 7.597590767771048093e+01 6.771895615981871686e+01 6.806992440378347453e+01 5.283886943928493451e+01 3.300411067793523756e+01 4.640362393118100215e+01 2.919402566048037428e+01 3.521290547092946355e+01 5.476694320409776395e+01 7.268726126008336053e+01 8.250935332652112209e+01 9.390593082768806710e+01 8.252095895322425179e+01 6.846805127990636208e+01 8.252095895322425179e+01 7.475121757120757593e+01 6.000044590331918926e+01 4.003113531810043924e+01 4.076645922518880383e+01 4.484534177369334884e+01 6.375028813118763793e+01 6.065720469418753424e+01 7.177979757489777057e+01 9.040570579675444662e+01 9.335054158118906287e+01 8.505394693816099050e+01
8.152780366050311045e+01 6.173482048028059666e+01 4.780428332651955969e+01 4.117278384069747688e+01 4.700975205062428586e+01 2.713182662043403326e+01 2.349021396440948806e+01 4.316846364047570717e+01 4.964821623468342437e+01 4.413514860037238918e+01 6.295793888777146918e+01 6.452319116046992065e+01 4.792259604172618026e+01 6.452319116046992065e+01 5.219860678586541525e+01 4.397434001382602275e+01 2.652231054331952720e+01 4.640362393118100215e+01 5.476694320342971878e+01 4.506052356729841790e+01 5.472828170405400527e+01 7.421844397737024224e+01 8.572433532560505398e+01 6.602180549673339272e+01 5.457825777637846443e+01 6.452518688627932875e+01 6.019076876673359777e+01 5.574327733475558233e+01 3.576928234015419150e+01 5.574330073812458153e+01 6.473983274221379247e+01 7.257761641030755584e+01 7.965203267096420348e+01 8.746424665032672863e+01 9.828491589170631926e+01 8.505394693816099050e+01 6.503067323232338026e+01
8.370455420322394957e+01 6.389736388897693331e+01 6.753205103385649011e+01 5.252388563899614127e+01 3.264010959694261516e+01 4.258381072991524263e+01 2.232193360017034678e+01 3.881484009295820670e+01 3.052508358401447452e+01 4.413514860037240339e+01 6.295793888870586130e+01 5.628952231298526243e+01 3.647313059218870990e+01 4.990208159954980971e+01 4.167664612676416169e+01 2.407861222098178544e+01 2.962345533490190519e+01 4.948215128256548212e+01 6.657116360777293096e+01 6.447336284071202783e+01 7.268726126008336053e+01 8.250935332652112209e+01 7.892536094454740692e+01 5.905848083627085998e+01 5.092542430998036451e+01 4.461289492723710026e+01 4.025271261322491512e+01 3.617255584867859852e+01 3.312087082270736715e+01 5.309766042288804044e+01 6.228344603992399442e+01 6.934199506819879844e+01 7.761477622250018271e+01 8.914393786977021250e+01 8.946542620060861850e+01 8.116925068603049453e+01 7.089535431920890574e+01
9.194806281823622385e+01 7.494818128637210464e+01 5.516881983846020177e+01 4.117278608879021817e+01 4.672889392920432527e+01 5.169428882284086058e+01 4.050631355571049141e+01 2.067084310657618929e+01 4.050631355567498559e+01 5.186707132638113649e+01 6.013885515784902225e+01 4.879963096495912112e+01 2.893735281067551668e+01 3.943646205027641827e+01 2.176818749499033601e+01 4.167664612676416169e+01 4.948215128256548212e+01 3.853723757652700499e+01 4.740571167353331816e+01 5.880024222591987382e+01 7.862740308536716327e+01 9.297653172683743605e+01 7.310517543930231454e+01 7.081474110349294904e+01 7.081474110349294904e+01 6.452518688627932875e+01 6.019076876673359777e+01 5.049689364475737818e+01 3.051745151219514085e+01 3.628916486311882039e+01 4.231514953514466981e+01 4.937740722748451816e+01 6.090337467189328180e+01 8.086936499628137653e+01 8.116925068603049453e+01 6.115365631089769494e+01 6.534957461888285479e+01
8.382633838232942480e+01 6.398446162227352829e+01 5.261041159323281846e+01 5.516881983845899384e+01 6.651423304094470268e+01 5.054858959630801252e+01 3.130203511367573199e+01 1.952164035667319197e+01 3.775859176216078339e+01 3.196365611004433305e+01 5.188670750676688925e+01 4.551063851101361024e+01 3.728192921420339445e+01 1.951679439697370100e+01 3.943646301829589618e+01 3.586723454247408682e+01 5.570180636304025512e+01 5.253688303497300893e+01 6.657116395005580500e+01 7.543471215645490702e+01 8.691079883685824825e+01 1.012260156714783363e+02 9.297653172683743605e+01 9.069101249575170698e+01 8.135037094450760264e+01 6.981632922210017966e+01 6.154084461593223665e+01 4.847976339757089903e+01 2.849728369288222041e+01 4.847976339737149942e+01 6.228344724257748055e+01 6.934199506819879844e+01 7.761477622250018271e+01 8.082928918230221882e+01 8.116925068603049453e+01 6.115365631089769494e+01 4.702728429563670431e+01
9.210702293916847339e+01 8.062603535808089816e+01 7.237062549368377518e+01 7.494818127406956876e+01 7.216203919351450224e+01 5.859931205260458853e+01 4.733331328376661418e+01 3.725721424518648206e+01 1.790422151192284517e+01 3.621048962144475780e+01 3.512643287735588871e+01 3.515114362790914271e+01 1.735263428582124945e+01 3.728192956635150068e+01 4.766346319749322902e+01 5.570180636301638799e+01 6.393702495341381109e+01 7.233894421376588468e+01 7.586007642235190929e+01 8.412039553135321057e+01 9.516237384837639013e+01 8.691028995103756927e+01 8.620149297544610079e+01 8.035679212227067580e+01 7.307418420930483194e+01 5.309785405263762215e+01 4.156316556337728940e+01 4.649248229156467005e+01 2.650728791492860736e+01 4.064142244372101942e+01 6.061819724843440582e+01 6.920251733818885498e+01 6.096419602759079481e+01 6.096419602759079481e+01 8.067390530812556904e+01 7.530954125575320290e+01 6.701608817389472961e+01
8.185131760384716415e+01 8.185131760384716415e+01 8.734697434476557021e+01 6.658176173771046535e+01 5.274661594785374774e+01 4.897747579481777080e+01 3.084018817936555124e+01 2.486493462686821587e+01 3.621048962143493810e+01 1.634440633704540247e+01 1.525268277456006594e+01 1.521327544145782618e+01 3.505398614130486123e+01 4.120654168355103053e+01 4.566842718293930403e+01 5.056732675086640683e+01 5.594594997130641190e+01 6.192821963693792497e+01 5.615745560737976660e+01 7.586007642235190929e+01 8.363763572264008417e+01 6.693264602112310513e+01 6.622755269003991430e+01 6.037503009119318165e+01 7.449447216125327031e+01 6.981632922210017966e+01 5.086232599020097922e+01 3.087923494235050725e+01 2.455554964125749251e+01 4.454311760775679829e+01 5.925754884430514124e+01 5.101963152556833592e+01 4.107506737600699154e+01 5.257509029922238142e+01 7.242392756757557493e+01 7.670531844725924486e+01 5.677502863659407240e+01
