LEM/with_lateral_4open/elevation_000413.asc
nrows	100
cellsize	150.0
xllcorner	0
ncols	100
yllcorner	0
NODATA_value	-9999
[rows 0 to 16 of 100, columns 0 to 36 of 100]
8.271705653423140625e-02 2.127631151761726416e-02 9.425194436011796739e-02 4.939197167322698090e-02 3.975871534419905817e-02 6.171646774684565184e-02 1.696294146011132625e-02 1.936121709489252440e-02 4.216450047424835645e-02 2.297044857093000214e-02 6.704298068806634203e-02 4.162315340452049650e-02 3.835349583220235004e-02 2.777463300387698203e-02 2.207885817162396139e-02 7.161913568127860341e-02 9.025521335945362045e-02 3.502399586135773735e-02 8.040414306008919487e-02 3.131346976591601466e-02 7.604099264847130613e-02 2.387740603804927586e-02 5.687112022313325910e-02 4.074439634684711570e-02 8.709178300582484655e-02 7.612946965408906586e-02 1.077918208624280109e-02 9.929772718869623455e-03 4.600412614040166881e-02 2.152795518990661267e-02 2.378824418737431057e-02 9.511189423522797837e-02 9.406546861214974686e-02 1.749038473908382007e-03 2.223905489293687143e-03 6.269637160239108220e-02 9.476101746191394060e-02
7.813061968023242432e-02 2.002127631151726206e+01 2.009425194435976181e+01 2.004939197167287190e+01 8.984030625343434551e+00 2.006171646774648920e+01 3.939285644223784022e+00 2.001936121709453786e+01 2.004216450047389131e+01 1.416510607230200591e+01 1.420922150674877571e+01 1.418438891164085547e+01 2.002386966642654897e+01 2.147770357261221452e+00 2.002207885817126964e+01 2.007161913568092260e+01 8.255220684120027741e+00 2.003502399586100324e+01 1.422253976679091458e+01 2.003131346976556060e+01 3.611574898581216164e+00 2.002387740603769473e+01 2.005687112022277674e+01 8.205474093329991447e+00 2.008707604152700910e+01 1.253927591379093709e+00 1.923817615341479126e+01 2.000992957672419692e+01 2.004600412609681115e+01 1.416366357892098193e+01 1.416592386791819891e+01 2.009511189423487210e+01 4.016388105333980718e+00 2.000174903847355168e+01 1.414435952922036854e+01 2.006269637160203700e+01 5.852042501667260588e+00
2.526786264046545702e-02 1.416740348637154057e+01 3.416740348637224400e+01 2.898403062534379160e+01 2.312616624907463603e+01 3.149857510439838038e+01 1.149857510440826225e+01 1.060595231089039281e+01 3.060595230764235097e+01 3.416510607320442006e+01 3.421260576992033720e+01 3.420331955157116255e+01 2.427116880374389041e+01 4.279776998729089676e+00 2.427289170050333666e+01 3.650809744338417318e+01 1.980169362385561627e+01 3.651759474372884995e+01 3.422253976679020582e+01 2.720368093911708485e+01 7.203680939116729576e+00 2.720368093911708485e+01 3.640088053256192779e+01 1.820128791131112322e+01 3.019526989336748102e+01 2.129428387457981131e+01 2.926831879480133125e+00 9.589186785780643874e+00 2.954668739125035870e+01 3.416366357897436501e+01 3.416592386791748481e+01 2.215299266949416079e+01 8.016386942372646374e+00 2.800164756583303571e+01 3.414435952922107020e+01 3.139867401500717392e+01 1.181045043690049035e+01
4.163169627051844027e-03 1.414629879335787699e+01 3.414629879335716822e+01 4.898403062534449504e+01 4.312616624907533946e+01 3.978284634791041441e+01 2.149857510440808639e+01 3.060595231086301737e+01 1.790891974429247924e+01 3.790891974420433286e+01 5.028064599576764238e+01 3.028459144975527551e+01 2.643812769201262824e+01 6.449077559833841455e+00 2.055733357621955193e+01 4.024581047553821378e+01 3.976106805425504831e+01 4.796476079488268596e+01 4.512546129294094044e+01 2.512546129294023700e+01 1.098332566920903552e+01 3.098332566920939257e+01 4.635456825406510717e+01 3.230636082990007196e+01 3.590044549246759686e+01 1.695866019075554121e+01 4.130520025471988710e+00 2.409501578111305875e+01 2.027335989940691263e+01 4.019554124996182054e+01 5.038825381349678878e+01 3.627062324179949115e+01 2.215279697968592032e+01 1.468282001569145656e+01 3.464278401000257901e+01 3.958591548431795104e+01 2.168379491770691914e+01
5.883922493566802470e-02 1.420097484866649218e+01 3.420097484866577986e+01 4.658985055643638162e+01 5.487412180389858207e+01 4.978284634574461620e+01 3.564071072813853647e+01 4.345592170642265017e+01 2.345592170654467168e+01 4.345592170642265017e+01 4.442072533000863643e+01 2.442969659413910222e+01 1.029786938140991026e+01 1.029780109243823638e+01 3.025327131871419439e+01 4.410143022551481096e+01 5.577357991490560352e+01 5.926759691667238883e+01 3.926759691667168539e+01 2.512546129294023700e+01 1.545546162420865244e+01 2.959759724793985569e+01 4.959759724794056268e+01 5.217731463066169084e+01 4.126165220567768444e+01 2.530592378720142932e+01 5.342608762202288197e+00 2.530592378733363645e+01 4.019554124996173528e+01 3.437562615683361145e+01 5.424605919965202361e+01 5.034292162629854772e+01 3.961581780684461762e+01 1.968222130636135958e+01 3.961600545715403143e+01 5.051686476681862104e+01 3.694279638857054948e+01
1.256007409845548775e-02 2.001256007409810067e+01 3.025991893788122056e+01 2.658985055643567819e+01 4.561525799720936902e+01 5.561525799720954666e+01 5.564071072807123386e+01 4.978047702670287578e+01 2.978047702688131793e+01 4.978047702670287578e+01 4.727493664812306662e+01 2.728433170804508379e+01 1.315457333661702854e+01 3.026340764491006752e+01 1.606590889292576563e+01 2.756366449882251146e+01 4.748688366836728392e+01 6.075837467035569261e+01 5.340973254040314089e+01 3.494282208618749763e+01 2.080068646245704755e+01 3.178539324276346534e+01 5.178539324276417233e+01 5.078904359325517248e+01 2.660237693857870767e+01 7.072978227245108052e+00 1.346534495520770314e+01 1.947936485020463238e+01 3.829485037198734432e+01 5.424605919965189571e+01 6.247604991511871475e+01 5.366761340404329417e+01 3.362602543540984357e+01 3.960382960756440696e+01 2.975802184618446589e+01 4.948922085585340369e+01 5.971987608851870988e+01
9.594114293757748102e-02 5.095941142937597590e+00 1.025991893788086529e+01 1.733098674974646514e+01 2.733098674974664277e+01 4.733098674974734621e+01 6.392261265000293236e+01 4.392261265061176800e+01 4.392261265061176800e+01 5.806474821615296378e+01 5.022311487198401636e+01 3.023018879329337949e+01 1.610236289075086802e+01 3.608598126598050015e+01 3.598420773080322732e+01 2.270780228300502301e+01 3.262181150789968598e+01 5.247997492152625654e+01 6.322709333364839068e+01 4.683091335401149991e+01 2.683091335401221400e+01 4.683091335401149991e+01 6.006966449022636567e+01 5.105589054730010901e+01 4.035647084261411521e+01 2.738034021313841748e+01 8.796877754167521601e+00 2.798867637769330230e+01 4.645787210418173885e+01 4.923706983030281492e+01 5.738138152953508353e+01 6.190381264797659355e+01 5.307740678634944231e+01 4.604730018544353953e+01 4.372760035518344068e+01 5.769541314582485825e+01 6.318464483351718997e+01
7.711341127313005306e-02 2.007711341127277649e+01 2.440205456161156405e+01 3.733098674974716857e+01 4.561525799720936902e+01 5.561525799720954666e+01 7.220688378169349164e+01 6.392261265000293236e+01 6.392261265000293236e+01 6.486054820990882774e+01 4.485183710296561088e+01 3.071952094307059866e+01 1.918632427037082877e+01 3.916939915431602515e+01 4.797842945328697795e+01 2.821396812601926385e+01 4.797843439637543383e+01 6.075837467035569261e+01 5.948002399468457213e+01 3.948002399468528267e+01 4.097304897774266408e+01 5.511518460147311060e+01 5.681846636731848577e+01 3.681787501747135849e+01 2.350277159858714171e+01 2.890493361996582777e+01 9.996437990376369598e+00 2.918304224325202867e+01 4.079871289385278743e+01 2.944770394726881690e+01 4.923706983031918583e+01 6.790575783463286541e+01 7.279512469542952147e+01 6.467729075860924581e+01 6.363386304449451103e+01 6.575517327265004042e+01 5.624403392118333755e+01
2.297228869525369793e-03 1.414443285260034955e+01 3.414443285259963545e+01 5.268632580907245710e+01 5.906813539261314361e+01 6.129555808882495427e+01 6.973470634046320527e+01 6.767885718081187463e+01 7.610085593929628089e+01 6.294669238801856892e+01 4.294039600650223321e+01 3.140282141544496142e+01 2.247072252406593762e+01 3.400342915606521643e+01 5.399958194745705242e+01 4.217080713503267475e+01 3.803945960190706899e+01 5.761032061739657451e+01 6.776429524214518096e+01 5.362215961841573630e+01 6.097304897774195354e+01 6.053756673797865773e+01 5.224773949009126284e+01 5.090166178008943376e+01 2.983789399148620447e+01 1.169223852695521160e+01 2.864552646693523741e+01 1.632731677054480457e+01 2.106167989707107324e+01 4.079885586529650965e+01 4.006087527896125522e+01 5.147857928210675027e+01 7.110666132987060450e+01 7.425345814538249556e+01 6.402398856733282173e+01 5.565410820326967212e+01 3.850534070947146148e+01
9.647730019007895452e-02 1.423904444218539567e+01 3.425953100669612184e+01 5.293245481084148452e+01 3.884103218509742561e+01 4.105034834252015941e+01 5.339454695857482847e+01 4.747779193538281817e+01 6.767885718081187463e+01 7.125012944036903662e+01 5.969272915937872170e+01 4.623202481577932588e+01 2.624486801903386990e+01 4.623201373358177335e+01 6.229706763955501714e+01 6.199928689591696696e+01 5.184170620014774755e+01 5.160997547337564839e+01 7.072782130370245568e+01 7.362215961841431522e+01 6.628200595658472594e+01 4.643455598171175325e+01 3.246115480755627658e+01 3.973360454756922167e+01 3.223725120189307347e+01 1.287341907837748245e+01 1.605851423346721418e+01 3.559007122633020259e+01 4.079871289401213375e+01 4.895906085839446575e+01 5.977438287591812838e+01 6.790575783463286541e+01 7.923883461859419697e+01 6.593691117500750920e+01 4.557479328947743369e+01 3.567068068198897635e+01 2.868623717994491074e+01
3.582433992925927735e-02 1.439528329711790100e+01 3.514119493604695066e+01 3.469353881574374299e+01 2.465684618862680466e+01 4.476541355081862150e+01 3.329816579757238060e+01 4.519023370508083559e+01 6.537101998851058227e+01 7.451899600927096401e+01 6.178039342289098101e+01 4.177520431009314450e+01 3.023855566509770298e+01 5.023039210345354633e+01 6.411703363078130735e+01 7.242079726447488497e+01 7.153698777961966471e+01 6.915493931053704557e+01 7.884923774057466517e+01 7.567146715017011616e+01 6.727847452731478484e+01 5.325088763192423613e+01 3.973360454756922167e+01 1.996106851387055769e+01 1.689017068446757719e+01 1.428844259640032810e+01 3.380643426247798544e+01 2.094155748558892682e+01 4.059857431757482971e+01 5.384940250889204094e+01 6.705632445795355068e+01 7.505976720310238193e+01 8.422366817977747644e+01 7.446229507566030748e+01 6.402398856733282173e+01 4.855662888649267472e+01 3.888877729920815085e+01
1.813270376062421294e-02 1.938307511688015694e+01 2.555292913305199676e+01 1.465376358321784167e+01 3.249950639211891001e+01 3.621954803327631112e+01 2.513117073815072189e+01 4.519023370508083559e+01 5.427387373379212931e+01 5.427387373379212931e+01 7.008298225202779008e+01 5.852637664549995122e+01 3.917333833173212554e+01 3.778909939598819534e+01 4.410930816427755730e+01 5.825226086189938712e+01 7.827584758965275569e+01 8.314245477849996746e+01 7.230055876805987225e+01 6.384026561061504879e+01 4.734015647395305848e+01 4.497264120562405054e+01 2.512836974792660527e+01 3.972665531092080471e+01 3.079195864069238908e+01 3.381082609492221991e+01 1.635877494400570953e+01 3.608173664146953286e+01 2.613746185620032847e+01 4.577011180480445063e+01 4.771558730923973002e+01 5.754114506427533371e+01 7.309282991237679994e+01 8.247592882006107118e+01 7.692120886306756233e+01 6.710309584002378358e+01 5.881785318210872049e+01
2.372884694381488524e-02 2.852155971690102820e+00 5.709298828836097073e+00 9.042632162451200273e+00 1.247260387025876760e+01 1.618651070631211653e+01 2.118651425470047300e+01 2.751116840205060754e+01 3.417856848271738102e+01 4.574354898882856446e+01 6.592651403794330633e+01 6.747667833947819815e+01 5.071649507926256462e+01 4.933143986990226182e+01 6.411703363078130735e+01 5.825226086189938712e+01 7.827584758965275569e+01 7.472876555703867041e+01 5.379954954687722335e+01 4.369587010493687274e+01 3.666704311442622100e+01 3.113773436044635901e+01 3.660226196837713530e+01 5.310799106220561328e+01 5.032721537301731018e+01 3.770699004127297371e+01 1.787702882564709128e+01 3.770699505528076401e+01 4.576993724787224949e+01 3.178412390664738041e+01 3.830153291280309702e+01 4.629261804931896762e+01 5.593651735539066294e+01 6.921342319735339288e+01 8.783120145013164404e+01 7.648332706561841121e+01 6.647313730100825069e+01
8.175220331382776484e-02 2.008175220331347077e+01 2.572787281447395102e+01 2.906492094484268307e+01 2.402109891217700266e+01 3.621954803327631112e+01 3.533940758964693885e+01 3.753675030652008360e+01 5.427387373379212931e+01 6.267133331528843598e+01 7.434977699572236531e+01 7.903949438813428685e+01 7.073127512286728802e+01 6.934469154460396112e+01 7.765195941109095656e+01 7.827584758965275569e+01 8.658933366705031176e+01 8.338575481099871922e+01 7.230055876805987225e+01 5.289966545002474163e+01 5.658447143957649672e+01 4.002516482722522539e+01 5.655048546397384968e+01 6.468883202120701981e+01 5.000906165557449867e+01 3.092701617351925947e+01 3.031991280211513029e+01 2.016966880660045902e+01 4.715466414933353434e+01 5.131333924216215081e+01 4.037647342878825896e+01 4.743475456369787935e+01 5.629500045827003163e+01 7.028956952670807823e+01 8.688980277493288895e+01 6.573181575629104145e+01 4.741214143829142813e+01
9.124702163186203252e-02 8.256212830909051448e+00 1.825621283090887559e+01 3.825621283090178082e+01 4.408122639338580484e+01 5.245317964717660431e+01 5.545305763255489495e+01 5.766612448906143840e+01 6.606728453129611012e+01 7.250299515402252837e+01 7.258596537754959854e+01 6.671420454937489808e+01 7.258596537754959854e+01 7.419811736352998821e+01 7.639249153960619765e+01 8.467646099554929151e+01 8.120787948115925303e+01 8.949128066845378271e+01 8.141670861368322676e+01 7.297997789423322956e+01 6.823516154671709444e+01 5.401563971094910954e+01 6.823516154671976608e+01 6.647003900379307595e+01 4.842149701342764700e+01 4.039666137291633419e+01 2.254343040809364496e+01 4.033100374635469620e+01 5.046780381363677037e+01 6.747890028453427647e+01 6.046858536723590305e+01 6.600196048631906365e+01 7.378590399240441400e+01 7.458855083664354879e+01 9.276688786117117047e+01 7.648332706561841121e+01 6.647313730100825069e+01
2.239863785106879432e-02 2.002239863785071350e+01 3.654048407158460776e+01 3.825621283090178082e+01 5.825621283072656809e+01 5.768662515856838979e+01 5.565060502494575445e+01 5.565060502494575445e+01 6.338767253381456612e+01 5.236135420545914343e+01 5.256825986823316299e+01 4.670881772872470350e+01 5.256825986823316299e+01 5.417115284426796507e+01 5.636108298717217480e+01 6.702218241094149676e+01 6.114627429274101189e+01 8.120787948115925303e+01 9.410419382816685641e+01 8.810070802248645805e+01 7.984597203560483081e+01 7.402706034622272568e+01 7.704020000654158196e+01 6.646522747194214276e+01 4.719744132128371916e+01 4.397121784638190434e+01 2.487992782742785636e+01 2.595820273349669804e+01 4.423281529887156438e+01 5.322422500462471362e+01 5.892809214076915936e+01 6.557069972682135983e+01 7.382928169975423316e+01 8.380850388836012144e+01 8.837667681303061329e+01 7.681842851139346351e+01 6.854703443456686784e+01
1.766589122093755945e-02 1.156467127501355563e+01 2.570680689874475888e+01 4.570680689874667735e+01 5.768662515856834005e+01 3.867777900341211961e+01 3.658044742185212073e+01 3.658044742185212073e+01 5.565060502494575445e+01 3.822614709761200658e+01 4.190255683560421573e+01 3.259353871246404566e+01 4.850351639537308301e+01 4.006048267282871223e+01 5.633791622862634085e+01 4.703375066928222736e+01 6.702218241094149676e+01 6.574628502173258937e+01 8.582795113028267053e+01 7.984597203560483081e+01 5.999767977161702248e+01 6.581110998076654539e+01 5.922040094565565482e+01 4.903966973217418968e+01 4.728203141737147774e+01 2.817797000431491483e+01 4.397667596994990902e+01 4.468944427276614562e+01 2.926006876058754358e+01 3.391629966409507091e+01 3.917039193215346415e+01 4.564435673427411899e+01 5.561712731556495726e+01 7.552798766470399983e+01 8.013389178550606573e+01 6.006486615362916837e+01 4.846738016745767652e+01
