LEM/with_lateral_4open/elevation_000278.asc
nrows	100
cellsize	150.0
xllcorner	0
ncols	100
yllcorner	0
NODATA_value	-9999
[rows 17 to 33 of 100, columns 37 to 73 of 100]
4.497849471788991593e+01 3.872214875521850530e+01 3.325513370559949777e+01 2.913756163680664457e+01 2.526174710957223368e+01 3.983866029024437694e+01 3.310284263860413745e+01 1.331499474259940285e+01 3.238330029731311299e+01 2.385886228000018860e+01 4.042538262159356321e+01 6.273764956720866337e+01 6.006578646793377629e+01 4.301892988553239405e+01 3.639022995947662764e+01 4.100207558869863789e+01 4.628802163335005559e+01 5.180779046451739589e+01 6.085815717208964770e+01 7.244247303003460559e+01 9.244826550758166661e+01 8.943907730490664676e+01 7.529042186347857069e+01 6.634207913821819602e+01 8.634533744506278197e+01 7.926149458676395909e+01 6.833175947846359577e+01 4.793027196241390442e+01 3.364644296241942811e+01 3.840615631554621956e+01 4.360031494130924301e+01 4.901382433262244831e+01 6.938240142505989638e+01 7.897917449443939120e+01 5.857492684461753640e+01 5.368398099467246709e+01 5.209998670577071067e+01
5.854595882683968000e+01 4.941379224604146714e+01 4.724543541174912775e+01 4.892076213519244732e+01 4.504095733883607267e+01 5.294417116151305436e+01 3.383642226305588707e+01 1.405803603544600122e+01 3.383633428913245211e+01 4.610056800428128554e+01 4.696047818112025851e+01 6.879496550727995441e+01 7.182637785313748680e+01 6.350447974829393161e+01 4.507854700895004640e+01 6.148931258166798841e+01 5.779687994392467232e+01 7.193586331058422445e+01 8.022892471480223264e+01 8.918742615961858178e+01 1.007397349723956523e+02 1.035877327463345097e+02 9.463537080445583172e+01 7.789019630928889626e+01 9.463537080445583172e+01 8.188329829947549854e+01 6.146914884781477184e+01 5.696708487726776582e+01 3.666034934144424540e+01 3.909585615447519302e+01 5.943306436486871291e+01 6.938240144058825365e+01 5.816460559088818627e+01 7.845778892227794188e+01 7.897917449054948236e+01 6.815377221218706438e+01 6.392308103593136792e+01
7.740427156955796306e+01 6.921740642849422898e+01 6.705602635088659724e+01 5.955790604145336431e+01 5.127901551657760848e+01 4.454884531663100233e+01 3.353880606719420854e+01 1.480315703388700221e+01 2.014331083455807203e+01 3.976226637983384649e+01 5.269916663724423955e+01 5.947196070528269729e+01 6.746160968203955122e+01 7.373809800155748917e+01 5.693025653245033624e+01 7.373809800155748917e+01 7.791875372922488907e+01 8.621397607136374575e+01 8.911878631670620621e+01 9.750031815813666469e+01 9.362950568466860091e+01 1.019973552725504646e+02 1.061878323368943313e+02 9.789527502911266765e+01 8.680076358822229565e+01 7.501681832202595501e+01 6.146914884781477184e+01 4.108518726289699430e+01 5.696708487726776582e+01 5.943306436486871291e+01 4.490857650987420868e+01 6.532749979146228725e+01 7.845778892296374352e+01 6.910918143227836197e+01 8.919308917395260039e+01 8.850692247457737949e+01 8.430706292340721575e+01
7.675615520527483682e+01 7.539389232603649305e+01 5.536592392323075273e+01 4.132605097813257089e+01 3.156435911221040058e+01 2.505879760072871676e+01 3.120424137491617600e+01 1.555537838476164048e+01 2.000263123641927265e+01 2.752471093612818720e+01 3.348793384199946388e+01 4.031560625426128297e+01 5.387463951223107017e+01 7.298508944250633590e+01 7.704032520912535631e+01 8.533379335075963468e+01 8.107705207697208039e+01 7.273627003948625713e+01 6.905438352147709224e+01 7.944504621097642882e+01 7.356965072204171463e+01 9.362950568466860091e+01 9.856058546636177198e+01 8.840305288453718902e+01 7.839750640626159850e+01 5.793611045774485291e+01 4.612425354967534474e+01 5.123551614781788999e+01 6.990928616861319256e+01 6.969081127957842625e+01 4.922838195946726358e+01 6.106880113632075791e+01 8.146747265416520634e+01 8.339555727909733207e+01 8.556632104550136830e+01 1.053303567609490727e+02 9.241671446716982530e+01
5.676926692377996631e+01 7.351336985680146086e+01 6.952923867843310290e+01 5.955790604145336431e+01 5.127901551657760848e+01 3.636872279889351489e+01 1.662926167946567801e+01 3.531421604415266557e+01 4.290782492049636687e+01 4.690454273396329654e+01 5.269916663771704179e+01 5.947196070528269729e+01 5.947196070528269729e+01 7.864970676892713186e+01 8.392053901344391420e+01 7.558451063231623834e+01 7.273541620729008628e+01 5.272835418376738659e+01 6.943412694219891534e+01 5.942320769309345252e+01 7.356965072204171463e+01 9.362950568466860091e+01 9.018299922272983338e+01 6.983074479143644453e+01 5.953813592661096976e+01 5.176815987797710505e+01 6.658411394743536960e+01 6.572853811591218687e+01 8.012230885194807684e+01 7.465645995551861347e+01 5.418256596490850541e+01 7.465645995551861347e+01 8.982041298737605928e+01 1.031895693028025249e+02 1.053303567609490727e+02 9.795973627331648004e+01 8.413003192223000326e+01
4.530483060431900100e+01 5.583016525567568777e+01 6.411052343930738573e+01 6.169281057847088334e+01 4.768743596302134335e+01 3.764763657192226987e+01 1.793036903262276383e+01 1.796587962065958877e+01 3.763785507963834220e+01 4.716424838215176862e+01 6.115011987841517538e+01 6.552345697955941262e+01 6.552345699889852426e+01 7.381865000194218851e+01 7.234852580924957977e+01 5.557792786441314092e+01 6.001587299425128919e+01 4.520612644274116576e+01 4.944013210119239687e+01 6.943412695221404363e+01 8.547055152977101500e+01 9.381955982229946756e+01 9.856058546636177198e+01 8.840305288453718902e+01 7.950922605635645368e+01 5.903478204476031976e+01 6.096459578159338832e+01 8.141701842668329903e+01 9.451607555443037256e+01 8.146247291708270666e+01 6.104443403239061183e+01 6.718356523630362176e+01 8.160953242193593837e+01 1.017738095127450606e+02 9.795973627331648004e+01 7.800244553129715541e+01 8.166467661787706334e+01
4.482514262310051834e+01 3.604995865241285458e+01 4.923676305458810276e+01 4.953263693995803862e+01 3.368206134757698322e+01 1.977732770830646913e+01 3.764763657192222013e+01 3.763785543356310370e+01 1.930451038107622352e+01 3.317839789942813411e+01 4.848895282902567772e+01 4.564706522736316430e+01 4.564706522736707939e+01 6.552345699889852426e+01 6.341515282758386718e+01 4.410035943632869504e+01 4.012383034595995213e+01 6.001637780614517936e+01 6.943412695221404363e+01 5.836766140050608698e+01 6.543548450164387020e+01 7.958998536572815397e+01 9.966749411743623455e+01 9.236983141984089229e+01 7.203542889106729774e+01 7.950922605635645368e+01 6.824935658849720710e+01 8.861865182062713586e+01 9.576136176009801204e+01 7.553967923144044505e+01 7.290462195565254433e+01 8.751551244410939034e+01 9.585351440691441383e+01 1.060234792899758816e+02 9.577170350233731710e+01 7.582135475757176835e+01 6.173752534618313348e+01
6.411052343930738573e+01 4.923676305458810276e+01 2.956743085995387332e+01 4.130453860723952175e+01 2.164298895754746610e+01 3.798585293784001493e+01 4.692532593389555728e+01 4.716425877858995364e+01 3.895084648132252170e+01 2.064942908979381286e+01 4.027106132736658850e+01 3.179754338812542613e+01 5.146872559172820871e+01 6.923521660459311988e+01 4.927211682571265783e+01 3.535854850963560381e+01 5.511917337744311141e+01 6.660380423022856178e+01 7.476622609089329785e+01 7.838708565121245897e+01 8.547055152977117132e+01 8.547055152977118553e+01 1.055805465786035739e+02 1.007464793789182096e+02 8.644289162730402154e+01 9.699744587521497863e+01 7.848801787082427950e+01 9.699745982266610156e+01 1.040856388127152599e+02 9.576136176009801204e+01 9.315271473219743825e+01 1.014774791081501917e+02 1.001882893112502018e+02 8.606605601823865470e+01 9.450105559170707181e+01 8.994597531831639969e+01 8.166467661787706334e+01
5.645060283236349363e+01 5.320181955438018662e+01 4.316667534893798575e+01 2.352727854969448984e+01 3.551735194869959145e+01 4.916359372152685125e+01 5.953787843563583237e+01 4.596426031092453002e+01 2.633326544890630316e+01 4.027106153959144308e+01 2.203631739145889412e+01 4.163313426051852417e+01 5.124416555338770962e+01 5.442279128007901079e+01 4.796171794354665252e+01 3.244924766687994833e+01 5.210542800716538636e+01 4.674013307651075877e+01 6.337493060009288115e+01 7.041027540491995751e+01 7.872199643244307765e+01 9.029434846422162764e+01 9.344923775256798137e+01 1.017869992928496998e+02 1.066787298503520276e+02 1.071206129033321588e+02 9.874928579178214250e+01 1.071206136564263858e+02 1.058841796720134738e+02 9.758874989439277670e+01 1.001826874242157857e+02 1.060234792899758816e+02 8.606605601823865470e+01 7.196504232293175107e+01 7.455262654840551306e+01 8.866148960945471913e+01 9.359525417301733796e+01
3.669477902671234659e+01 4.447925420063049984e+01 2.551656421265939656e+01 4.316667535633458641e+01 5.140194367405112530e+01 6.354792127707789717e+01 5.209885105908725933e+01 3.232504655296914109e+01 4.596426031092453002e+01 4.952592462677312568e+01 3.556850881488339411e+01 2.344248431744696504e+01 4.301518930206908919e+01 3.972739996283563357e+01 2.841433395941703210e+01 3.072617673890042056e+01 3.304809593772073839e+01 3.540329247128371293e+01 5.517623692338801078e+01 5.042108050454063317e+01 6.194799086273350497e+01 8.196997106359896179e+01 7.340528261994907666e+01 9.020021198070833179e+01 9.876158130102176358e+01 9.996545900349755698e+01 1.083124222329552850e+02 1.058841796720134738e+02 9.434280974854361546e+01 7.761371242680773719e+01 8.020475599340512929e+01 9.434280974854360124e+01 9.386625554930215287e+01 8.039538614116983695e+01 6.044156653785530153e+01 8.039257481226425739e+01 8.895685358257453856e+01
4.715311344281686701e+01 2.753183440043136443e+01 3.531765190987932357e+01 4.283294909169475062e+01 6.416919442061069390e+01 7.097003033912153569e+01 5.091371907818501796e+01 3.689337739633887026e+01 5.678807664092524732e+01 6.197575132391401098e+01 4.962916895680779561e+01 3.464052123557135587e+01 2.485305043041399387e+01 2.586537165287022333e+01 4.539784195995216720e+01 5.029827865151870725e+01 5.272054460587754221e+01 5.517623692338801078e+01 3.898063304765968695e+01 5.886950834830200563e+01 6.595620270518304551e+01 6.938560055882700794e+01 6.185325233303842651e+01 7.870078141700069807e+01 7.870078141700078334e+01 7.990798283738891428e+01 9.996545900349755698e+01 9.758874989439277670e+01 7.761371242680773719e+01 6.607351359317976858e+01 6.607351359317975437e+01 8.434810424312937016e+01 8.559316953707762821e+01 6.563795573643773196e+01 5.467224548497919301e+01 7.463505561896565155e+01 7.084184534561907753e+01
3.148782605234200105e+01 2.923492544323212528e+01 4.454134787421087083e+01 5.543539263616958834e+01 6.952236764104831934e+01 7.316651889734215786e+01 5.310710574241225856e+01 4.280390620445363936e+01 6.282451831878808690e+01 7.063232238135441321e+01 5.229762927309184306e+01 3.267751298513631042e+01 4.434532120583122605e+01 4.541158550005746264e+01 2.758172742738244665e+01 4.704631437207022771e+01 5.737028652969707565e+01 6.716819588626582060e+01 5.886950834830200563e+01 4.298512457092007111e+01 4.597214935103237821e+01 4.938894664594283768e+01 5.291700105124661491e+01 5.868259981227915745e+01 6.575204304054187787e+01 7.730848132004709328e+01 9.735865444250308087e+01 9.774413024536914918e+01 7.776762696069576464e+01 6.363320133089118258e+01 5.606542960483858451e+01 6.989288457957597700e+01 7.817631865331838981e+01 6.929980569717335470e+01 4.932630509942092090e+01 6.281957878787476801e+01 5.777393596755779726e+01
5.063836335143394507e+01 3.093837188984397457e+01 5.050727939610057859e+01 5.327285729423770277e+01 7.231074725038857309e+01 8.148873061412623997e+01 6.951928312786039044e+01 4.943498870064357931e+01 6.951928312786039044e+01 6.228123632918545383e+01 4.231402256661303340e+01 5.229762944789925427e+01 6.007326350115465630e+01 5.171631906149540470e+01 4.685777991830320843e+01 2.929042841500407590e+01 4.304619343212547733e+01 6.319349331032452710e+01 7.124752150583601917e+01 5.708221130273619082e+01 6.595620270518304551e+01 5.664099767371615712e+01 7.292203014791424209e+01 6.075344444624995077e+01 7.075589305738380119e+01 9.079453584734328331e+01 1.057016755337073590e+02 9.774413024536914918e+01 7.776762696069576464e+01 8.143476809154189766e+01 6.144363943377537396e+01 4.988208847129471479e+01 6.454477436002038360e+01 7.282921175333513020e+01 6.281957878787476801e+01 4.282933982251585547e+01 4.660348221558727033e+01
3.514576907787215987e+01 5.071922590541261400e+01 3.392421874815806859e+01 5.381075534319560916e+01 7.022799462193805198e+01 7.870679302719042880e+01 7.784005320504920178e+01 5.947605263687595567e+01 7.784005320504920178e+01 6.228123632918545383e+01 5.637999008746119500e+01 7.063232238135293528e+01 7.078135269781225247e+01 6.313605975539086046e+01 5.005393507785162654e+01 3.049661662699895359e+01 5.007991892195209971e+01 6.764000325927585777e+01 7.577813597780831856e+01 7.709387981363478559e+01 8.497117820080939055e+01 7.078331921912497648e+01 7.297452246487576133e+01 6.782451259618899542e+01 8.785818849103195305e+01 9.079453584734328331e+01 1.108873845651814349e+02 1.060398080501967115e+02 9.774413024536914918e+01 8.972015972075783452e+01 7.817631865333046903e+01 6.454477436002038360e+01 4.452730440319358962e+01 5.954040687085124972e+01 5.746349266715375848e+01 5.542923243823088342e+01 3.676997769784381376e+01
5.510272567948048561e+01 5.604897071703945244e+01 3.608964275407105760e+01 5.605725430438404544e+01 4.989477318980602405e+01 6.156309734252366184e+01 8.206446443822446213e+01 7.368422590802086347e+01 8.788365861848461691e+01 8.243627117373699775e+01 7.652810504085940124e+01 7.764240346679403615e+01 6.244744669415434402e+01 4.598121353515988119e+01 5.132188602522409582e+01 3.169884149867797163e+01 5.117307977298949595e+01 4.778130025796573221e+01 6.441479179183620829e+01 7.554352146280196223e+01 8.382827779681298352e+01 9.082416094801335760e+01 8.713868290482881207e+01 8.198201270237912297e+01 8.198201270237912297e+01 1.020445317748861953e+02 1.091358844054069550e+02 9.757140244180403954e+01 8.926864294840697767e+01 8.882482776911466260e+01 7.467475785768830576e+01 6.638463799337122850e+01 5.954039197175223563e+01 3.951811326739866104e+01 3.743495086643449099e+01 3.538516077673047988e+01 3.334893618519352287e+01
6.815332790640462690e+01 6.448114316473538565e+01 5.593643059340961088e+01 3.927874877964892164e+01 5.935943063521926888e+01 7.870679302719042880e+01 9.053419351072123789e+01 9.375395553384656466e+01 9.234004669660185982e+01 8.066584692040143523e+01 7.228311853852258650e+01 6.591288640735611182e+01 4.938396654087789983e+01 3.543051097991488518e+01 3.387552512281661876e+01 5.132112701773164076e+01 3.442332361076754665e+01 3.638846304831608336e+01 5.623134506968258961e+01 5.558960863575495637e+01 6.906729168966704435e+01 8.868145140714392483e+01 1.072226576984149773e+02 1.020445317748861953e+02 1.020445317748861953e+02 1.103946334810797367e+02 1.008249972423683545e+02 8.080880445496052289e+01 6.925781111259654210e+01 7.771538380129358359e+01 6.052468794626211945e+01 4.636241928716668070e+01 4.327149186752315302e+01 5.954040198167331965e+01 5.160403370146842406e+01 5.542924609845596962e+01 3.895070831603161565e+01
8.596098292126923468e+01 6.577005849864610809e+01 6.186043338187599261e+01 4.170320228562831488e+01 6.186043338187599261e+01 6.769506395344195937e+01 8.221889931935427853e+01 1.027333176267181045e+02 8.394747893624250423e+01 6.374421408959721447e+01 5.224936449617757717e+01 5.762726035299489524e+01 3.771855860066193600e+01 5.523950648214835724e+01 5.360214795260598919e+01 6.188573963272014566e+01 4.832429454317316697e+01 5.623134506968258961e+01 3.933054930459102394e+01 4.926739950234341592e+01 6.906729168966704435e+01 8.238136368406051702e+01 8.837192390300334921e+01 9.673824716621219011e+01 9.850114038842629327e+01 1.186505864314404590e+02 1.066733341713317742e+02 8.661839156030546860e+01 7.771538379063542834e+01 5.770048699899886913e+01 5.102138850313563978e+01 5.145064160686062138e+01 6.329282318255632589e+01 7.158048017339510238e+01 7.160947797028015316e+01 6.475653700250150280e+01 4.474282341348003200e+01
