LEM/with_lateral_4open/elevation_000132.asc
nrows	100
cellsize	150.0
xllcorner	0
ncols	100
yllcorner	0
NODATA_value	-9999
[rows 68 to 84 of 100, columns 0 to 36 of 100]
5.009162696260269221e-02 2.005009162696224578e+01 3.004695337527319765e+01 5.004695337527248711e+01 4.634871344477206634e+01 5.463301067137896183e+01 5.027103593402560477e+01 5.855531860663236898e+01 7.010232361788975197e+01 6.882748521942774289e+01 4.885329708109741631e+01 4.040121104803957053e+01 3.414907936491097473e+01 5.414882479934970405e+01 6.777511304805166503e+01 7.603793919392936118e+01 7.359897931696463047e+01 5.407979742118321553e+01 5.286800950931532128e+01 4.531500541628388135e+01 2.772268356214980045e+01 4.784193685176359878e+01 6.253926784569806330e+01 7.095455489330134924e+01 8.109762309848797202e+01 8.072769945042632855e+01 6.049936081517946462e+01 6.642410402862192598e+01 5.156148473812501720e+01 4.685455565063271166e+01 5.060855628518486071e+01 5.469131126248770158e+01 6.488567131970607704e+01 7.657352125785382668e+01 9.668848413000728215e+01 9.962608746922651903e+01 7.907444577024986643e+01
4.695337527364121244e-02 1.004695337527355470e+01 3.004695337527319765e+01 4.308598847022403078e+01 2.634871281603047422e+01 3.872403032518949573e+01 3.027103551879761412e+01 4.181804090281285369e+01 6.181804182578200368e+01 7.195104500878410647e+01 6.863946491829305785e+01 6.039906131722611349e+01 4.120590488946271535e+01 5.047652827047031820e+01 7.048867053705687624e+01 8.973061876146385885e+01 7.812989986958274358e+01 6.911899776493739012e+01 5.406103371852724848e+01 3.392009741464013928e+01 2.976659281826076509e+01 4.078033403082970665e+01 4.249104068304182391e+01 5.240869385878754372e+01 7.273356614822623101e+01 8.904967264068844202e+01 8.072769945042632855e+01 6.814017680966784951e+01 7.184375865918778459e+01 5.248050919705619322e+01 7.092257274079204876e+01 7.498038811036809648e+01 6.269998371236310675e+01 7.440044331187787918e+01 9.452418266805317160e+01 9.466855685815274057e+01 7.419084133685535676e+01
7.614146464036156137e-02 2.007614146464000626e+01 2.638836906588635856e+01 2.972170243358132780e+01 1.480170743223189511e+01 1.872403013499564395e+01 3.872402583052800651e+01 5.211965453477034060e+01 4.366665865111126266e+01 5.521366403752043794e+01 7.521367257479170121e+01 6.950829598865212233e+01 5.122012429462840544e+01 6.122754275026805715e+01 7.876513008848047548e+01 8.143921668353843302e+01 6.131477682688983322e+01 4.963492544609822943e+01 4.061340935388563622e+01 5.406103371852724848e+01 4.989160703711574030e+01 3.269655031478487217e+01 5.285101527667997345e+01 7.095455489330134924e+01 8.109762309848797202e+01 9.646039263941517561e+01 9.663223803828191194e+01 8.832280811018490851e+01 7.278058168008263351e+01 5.893843361208535470e+01 7.918223319921231962e+01 8.962133411114051285e+01 6.947454077870924039e+01 8.962133411114051285e+01 1.028231954210408503e+02 1.032500978042729685e+02 9.138666999749727893e+01
2.352828262072655108e-02 3.185805942789112333e+00 6.388369018890868389e+00 9.721702352224230737e+00 2.972170243358132780e+01 3.872403031644985560e+01 2.579509794686124380e+01 3.211965326719822400e+01 5.211965480101392245e+01 7.195104500878410647e+01 8.349812980506975180e+01 7.951042921371150385e+01 7.123496120590768044e+01 7.951042921371150385e+01 8.949980276345519314e+01 8.452504601481649615e+01 6.441845440745011331e+01 5.012449884883855589e+01 6.079316250615866579e+01 6.904756849649218964e+01 5.503867344755335012e+01 3.489176024598124570e+01 4.914760390275315416e+01 6.926097343949304275e+01 8.009642158285956270e+01 7.641870301229830886e+01 9.646039263941517561e+01 1.012390815515507825e+02 8.631516191094104329e+01 6.614019286380673179e+01 8.631516191094104329e+01 9.792564504959300109e+01 7.957306942949790596e+01 9.792564504959300109e+01 9.809000760726594592e+01 8.983580268037712813e+01 8.939680678198337205e+01
6.786455232800275850e-02 2.006786455232764865e+01 2.638836906588635856e+01 2.972170243358132780e+01 3.800597892382870668e+01 5.407940766864002313e+01 3.993723357977683719e+01 4.579509873828505562e+01 6.040399437499551283e+01 7.716154423756151459e+01 7.870820749519145920e+01 8.456320482494592738e+01 8.348386206483807825e+01 7.520531335062905498e+01 8.348386573154586188e+01 8.671603206597677627e+01 6.661981395039906317e+01 6.441845440745011331e+01 7.861624402788341115e+01 6.951510297632870561e+01 5.095238615564285567e+01 3.714828823345597186e+01 5.728365145460822561e+01 6.849293310179892558e+01 5.999858998862233506e+01 8.009642158285956270e+01 9.205886265630581988e+01 1.003569541013796709e+02 9.462413239789674435e+01 7.781680035731605471e+01 9.462413239789674435e+01 1.079630019514398782e+02 9.966959879278330448e+01 1.079630019514398782e+02 8.983580268037712813e+01 7.004071220157999278e+01 6.961570755175782210e+01
3.257643153035955086e-02 2.003257643153000345e+01 3.245758972875991333e+01 3.963774574252155958e+01 4.789542234339177895e+01 5.787258484360564381e+01 5.993724549110499566e+01 6.579510937230925549e+01 7.130172230937716904e+01 5.716431317915449739e+01 5.871119802007083877e+01 6.456818647275852641e+01 7.348667771093954570e+01 5.520755603139190271e+01 7.348667843104583142e+01 8.592142432884325842e+01 8.671603206597677627e+01 8.452504601481649615e+01 8.356770075138148002e+01 6.581486781971695166e+01 4.573804171946516561e+01 4.116725425039769704e+01 4.166032484664047786e+01 4.836397772888193458e+01 6.849293310179892558e+01 7.568995984353279027e+01 7.201109502672632345e+01 8.956051846065423661e+01 9.957536049987822935e+01 9.792413968373774935e+01 1.062194762934035879e+02 1.014510265159833864e+02 9.310214726850374234e+01 1.014510265159833864e+02 8.725577631964523562e+01 6.748057751866053877e+01 5.616016921486367863e+01
1.880098487986705744e-02 6.009635739591056236e+00 1.231972259759897703e+01 1.949527082343955087e+01 2.965281185424684551e+01 4.379619688029099933e+01 6.368904625780722029e+01 7.284827210096506178e+01 6.130372257428634697e+01 4.302310866544102907e+01 4.457001639553615036e+01 6.456818649188205939e+01 6.512252276593616784e+01 4.520859192492737577e+01 5.764796072624813661e+01 7.299857123413141835e+01 8.299579218372355172e+01 8.942256466679143045e+01 6.940262886244123308e+01 5.521678843725159425e+01 6.526075248170265297e+01 4.522523048345513530e+01 6.178328131082729868e+01 4.694057577452966967e+01 5.080769035821744950e+01 5.555767437557638289e+01 6.116616167228026768e+01 7.125115969296696505e+01 8.541607558181796378e+01 1.054269154784761184e+02 1.006975327190998257e+02 9.135746337690987673e+01 7.290211874808967707e+01 9.135746337690987673e+01 9.550716724961861814e+01 8.406535990442304751e+01 7.583855996861832693e+01
2.900726248362994752e-02 1.311036230058232199e+01 2.778950396906559916e+01 3.941580213933644217e+01 3.658526510234322870e+01 4.043966788638680043e+01 4.897905609237813707e+01 6.456818650334614063e+01 4.457001639553614325e+01 3.302281939522573850e+01 4.571948261521941248e+01 5.400162573707964242e+01 4.512451479838950519e+01 3.764946602552743116e+01 4.472042237540524923e+01 5.471938127781615435e+01 7.471715052428419312e+01 8.942256466679143045e+01 6.940262886244123308e+01 7.526633230061611357e+01 6.945590838511181175e+01 4.943182143026862718e+01 6.945590838511181175e+01 6.706935867061422130e+01 7.094473465180756477e+01 6.159174914687159941e+01 8.126413736521030273e+01 7.280141466050933730e+01 8.696220171765244800e+01 1.069771063682673145e+02 9.234623550638008282e+01 7.215561993019636589e+01 6.280301661822879566e+01 8.300213300829665286e+01 9.510000309348895087e+01 9.122773187169882192e+01 8.298518366245023969e+01
5.081304048347550645e-02 1.497967127061706538e+00 2.149923342700730444e+01 2.502732476255043181e+01 1.890274039858737609e+01 2.073742130161908293e+01 4.071917622874458687e+01 4.491371189891578553e+01 3.662841253719714274e+01 3.905275580093435650e+01 2.571930217182575618e+01 4.495161318325206423e+01 3.098194284015064781e+01 5.098179572186129604e+01 6.471826590105020216e+01 7.299857123413141835e+01 8.299579218372355172e+01 9.773277264032228118e+01 8.942256466679143045e+01 8.213226508072511933e+01 6.208918528529334679e+01 5.533284992380672662e+01 6.578044936108648244e+01 8.580982561253232177e+01 8.998494805887045800e+01 7.166651642671740774e+01 8.998494805887045800e+01 8.696220171765244800e+01 1.011238193057173476e+02 1.060450419600156522e+02 9.289344713769540363e+01 7.586066692160009950e+01 5.569496269030526747e+01 6.656421268229995292e+01 8.674636629537151578e+01 8.298518366245023969e+01 6.326959945075228831e+01
4.469920835086939326e-02 2.004385286883183781e+01 3.560918508801596882e+00 5.027570813693872154e+00 6.506347975107086512e+00 2.650762567351292986e+01 3.094598660749188568e+01 3.327031304612899731e+01 1.662797819365588126e+01 1.905322973352039284e+01 2.196987219675110836e+01 2.495092724860644751e+01 4.495161318343131285e+01 5.696303191075652705e+01 6.299261260912768989e+01 7.006290352895007345e+01 7.834250247478382789e+01 8.833932668532182220e+01 9.844773175742358262e+01 7.846544762077668622e+01 8.130342558953097409e+01 6.147757388412372848e+01 8.130342558953097409e+01 9.408881555805149333e+01 1.000036309936338341e+02 9.170360820202024854e+01 1.000036309936338341e+02 1.069771063682673145e+02 9.750636650038065056e+01 8.915434174902624420e+01 7.751585329832784055e+01 6.435626649840511959e+01 5.014133288129023924e+01 6.435626649840511959e+01 8.453918640376616622e+01 8.041550702794660310e+01 6.071975686816341522e+01
2.324776005098762310e-02 2.002324776005063356e+01 2.356135472188506697e+01 2.502732476255043181e+01 2.650762567351292986e+01 8.651312298772142029e+00 1.093894657457076391e+01 1.326372250776112693e+01 3.326920019548762042e+01 3.905241559141663288e+01 4.197008695921584831e+01 3.909410185317196351e+01 3.161846438364832323e+01 3.696445565185445048e+01 4.299475578946147181e+01 5.006510091147768549e+01 6.006403792691702392e+01 7.420529878502094334e+01 9.420053926784119369e+01 9.844773175742358262e+01 8.953394193084395170e+01 7.196629963925478535e+01 7.765820828234176076e+01 9.752278260808479615e+01 1.010428826780516403e+02 9.281139567330242812e+01 9.755675686989756912e+01 1.057931351589377016e+02 8.915434174902624420e+01 6.897271183366078162e+01 7.488377438047407963e+01 5.735464109168405145e+01 4.578004748405901125e+01 5.996944274518597950e+01 8.013491220321631658e+01 8.865192592943878935e+01 7.724866566122551603e+01
8.699724428260374731e-02 1.422913286801342814e+01 3.422913286801271937e+01 4.130071652604751620e+01 2.130120591622935677e+01 2.865191540290184946e+01 1.162354153536939450e+01 3.161691460615610438e+01 1.502997054938475685e+01 3.669361462163895737e+01 5.691274157239071485e+01 5.909289647860227745e+01 4.316597511163732293e+01 5.696303191075652705e+01 6.299261260912768989e+01 7.006290352895007345e+01 7.487737252391900711e+01 8.197984159030451679e+01 9.027194466211166457e+01 1.002908811944807894e+02 9.272887304332593317e+01 9.105152797468228698e+01 9.752278260808479615e+01 9.006204030586881970e+01 8.956497718008337472e+01 7.293154263744796140e+01 7.768772112175264510e+01 8.794164992881056264e+01 7.962681596181748489e+01 7.488377438047407963e+01 5.473443325364259948e+01 4.765178473952944671e+01 4.193514072926926417e+01 6.200834801665403972e+01 6.812090179272121304e+01 7.647256939698441158e+01 8.991867129621719812e+01
2.249585233037712170e-02 2.002249585233002094e+01 3.828701051463578153e+01 4.958350324367761885e+01 3.544312752783523024e+01 3.989996692580056248e+01 2.575923581389454853e+01 1.467454364342552964e+01 1.692521109663244872e+01 3.691687001869896534e+01 4.851048136353821150e+01 6.265147037928977625e+01 6.316412453782671577e+01 7.144445276997984706e+01 7.373774439926707203e+01 6.588293204698776151e+01 5.476519219792496784e+01 6.189102543026917402e+01 7.195304934521740847e+01 9.200663383539159668e+01 1.105198373096712459e+02 9.221153112106929939e+01 8.139507979506838353e+01 6.996243516558247677e+01 8.132046211104066913e+01 6.139439243136983038e+01 8.133375717160161855e+01 7.635633707685455818e+01 5.956356998072467945e+01 7.635633707685455818e+01 7.488377438047407963e+01 5.828084700112503214e+01 3.822443033039833438e+01 5.390417806954503277e+01 4.801544727003775392e+01 6.812088385267837509e+01 8.167834039440171523e+01
2.739267172789772165e-03 1.000273926717287765e+01 2.414487489090408090e+01 4.414487489090478789e+01 5.544218732833913776e+01 5.403925839960469091e+01 3.466676053405729618e+01 2.466696779249726745e+01 3.691687001869896534e+01 2.022770140124335114e+01 3.436948894075364791e+01 4.381940196282862132e+01 6.381805287853113384e+01 6.783384488665518575e+01 5.362866570539281241e+01 4.575676274901984186e+01 5.287748013397817459e+01 7.299584988603743341e+01 9.027194466211166457e+01 1.002908811944807894e+02 9.997345655869369807e+01 7.929284544900539800e+01 5.865162138250412482e+01 5.600639826302249702e+01 7.318877455287170619e+01 5.506682483215848833e+01 6.653691209954017438e+01 6.804329539275362038e+01 4.800390338882008479e+01 6.804329539275362038e+01 7.842013172440243807e+01 5.828084700112503214e+01 5.390417806954507540e+01 3.386236951292671904e+01 5.390377813544644425e+01 6.699474901313452335e+01 7.706469898615551983e+01
8.327778614586213435e-02 2.008327778614550851e+01 3.143365842511636643e+01 3.993798329812995007e+01 5.178572830819423700e+01 6.294673765611953087e+01 4.466657601824449841e+01 4.466657601824449841e+01 4.778663954853996643e+01 2.778641732411305298e+01 2.381892360961910882e+01 4.381940196500824669e+01 5.065620959759775133e+01 5.385339224779541212e+01 3.940502130033946315e+01 5.951847849141465474e+01 7.299584988603743341e+01 6.561683687456935843e+01 7.982523917055435447e+01 9.986023832025624358e+01 8.677059906759356522e+01 7.299281266103011490e+01 6.478265595414445954e+01 4.435601808170113003e+01 6.478265572418497698e+01 6.653691208547473934e+01 4.653951729363189571e+01 5.899334098070289656e+01 4.093663680997673282e+01 6.048119040804857605e+01 6.873585417269482889e+01 5.568056559855923382e+01 4.734945068329311368e+01 3.103449066915819898e+01 3.859068872192786159e+01 4.859583463708047191e+01 6.870935280355823238e+01
6.510866554257997707e-02 5.420716092284769694e+00 1.101357947914894631e+01 2.276479843093221334e+01 4.327554139902256480e+01 6.366377925193833676e+01 6.466508242748129476e+01 6.192812961922395942e+01 4.192904256909820759e+01 4.778649432395150853e+01 4.186586704812868476e+01 2.756534315826741022e+01 3.054886035382340026e+01 3.373085806717113400e+01 4.033979786108024967e+01 5.398257230974977716e+01 7.387015254063157954e+01 8.569335456043532417e+01 9.398271739135620351e+01 8.869808989045910153e+01 7.849885865950537323e+01 5.868106763860831165e+01 5.864262758858270530e+01 3.848467608015338470e+01 5.326963694493375101e+01 6.163048772612280857e+01 5.899334098070289656e+01 3.898545122458367729e+01 3.427418907746795185e+01 4.047440421129598320e+01 5.228559148562620607e+01 4.396400030843705053e+01 2.732085616388720339e+01 3.398599968833067209e+01 5.402446983238503719e+01 6.699950702096019484e+01 7.706469898615551983e+01
8.953482861371392376e-02 1.501151029068000575e+01 3.045562611327862612e+01 2.276479843093222755e+01 3.456861744339693132e+01 5.516942073308982941e+01 6.345025206197601619e+01 7.021098967541874458e+01 6.192812961922395942e+01 5.966497531535877386e+01 4.013523154522970060e+01 4.761287999318265918e+01 3.800240942012687384e+01 4.910885899858298131e+01 4.642096376632191124e+01 5.144325497483692544e+01 6.266082490800685889e+01 8.294350486874466810e+01 9.463511903418280724e+01 7.436681357167452688e+01 6.012365815177818007e+01 5.254935303111631839e+01 4.589906271589207876e+01 5.326866544810892634e+01 3.315594160780684518e+01 4.825228042903147241e+01 5.659129382769286565e+01 5.899334098070289656e+01 4.894178941455697185e+01 2.893055792892979028e+01 4.396254266178351600e+01 2.394005423104020025e+01 4.396400030843705053e+01 5.402446983060615082e+01 4.553702033305439301e+01 5.711713220115007772e+01 7.723168247983558388e+01
