LEM/with_lateral_4open/elevation_000186.asc
nrows	100
cellsize	150.0
xllcorner	0
ncols	100
yllcorner	0
NODATA_value	-9999
[rows 51 to 67 of 100, columns 37 to 73 of 100]
8.648789873530344607e+01 9.245794377245726992e+01 8.874421740571860084e+01 7.709705452284279659e+01 6.859206888858906837e+01 5.080759419695732504e+01 5.301800480571815655e+01 5.551691820710109937e+01 5.810521702761308660e+01 6.131200091315856326e+01 6.664560743337089832e+01 7.211007718687460510e+01 9.262437230393550180e+01 1.084227504400464284e+02 1.167448102357190578e+02 1.165438051018257966e+02 9.648516003343128489e+01 8.500143521924496781e+01 7.620174458050868793e+01 7.134858797670101183e+01 6.693355302081837976e+01 8.076631455316376673e+01 7.083365807480336684e+01 7.998644503545625639e+01 7.629031730590264715e+01 8.549787198258384535e+01 7.727700973702862086e+01 7.248782181968677207e+01 5.682157091078264699e+01 3.714906917631108030e+01 5.493124164062120940e+01 4.536265493575935182e+01 5.921491300256340651e+01 7.867410174667561762e+01 6.993404113673125266e+01 5.007162967473683324e+01 5.388335798701625379e+01
6.583767659380629311e+01 7.188598662604231038e+01 7.415381029071022567e+01 5.956340317544670881e+01 4.781171327081873557e+01 6.859207816920532252e+01 6.161204142603680367e+01 7.644079848777050756e+01 7.901456078644511649e+01 8.215712546588322596e+01 6.722394769591558372e+01 8.788841602891764637e+01 1.009807731611727633e+02 1.034285506063214086e+02 1.235401655927954323e+02 1.248730311230002314e+02 1.075733063199316319e+02 8.758990504187687520e+01 9.017774050685076759e+01 8.523647976017467442e+01 8.073065267692408042e+01 9.482087617855452777e+01 7.955042037758398976e+01 9.808645372715001542e+01 9.603379306060239173e+01 7.650390824405801027e+01 6.266301183927488694e+01 5.293870745167347991e+01 4.601714007110097526e+01 5.492686257227454405e+01 3.517152202351503831e+01 4.941792930529573624e+01 6.935226550517872113e+01 6.657699598929221452e+01 5.938357599614827365e+01 4.488384234736997769e+01 6.480558854954296066e+01
5.114504147870592021e+01 6.079877466071705783e+01 6.278251112581476434e+01 4.494498384511288691e+01 6.563848571422727218e+01 6.479481114119185747e+01 8.241437741578882026e+01 7.641941036928054132e+01 9.688750816544886391e+01 9.626785391443590356e+01 7.928023526655491082e+01 7.389161118837459696e+01 8.315421492656805924e+01 9.753458983302689944e+01 1.176578306413041588e+02 1.296992530212711472e+02 1.158959980663719307e+02 9.909048906461545414e+01 1.101786941977682943e+02 1.051784557750386142e+02 1.006034527127652893e+02 1.076025701504126459e+02 9.351962114472894427e+01 1.074684311587871406e+02 1.053017813203957900e+02 9.070441220093682944e+01 8.073058577936627955e+01 7.248782181968677207e+01 6.557124221116175988e+01 5.362607166080970700e+01 3.380526523017305607e+01 5.178668856797629161e+01 5.984912924779286669e+01 5.657185282939502713e+01 3.963381995099223332e+01 5.938357599614827365e+01 6.453129487347489146e+01
5.805034530258267722e+01 4.023238769460336073e+01 4.216678693186000260e+01 6.278251112581476434e+01 7.415381029075585673e+01 8.548797886095925946e+01 9.390234541843490490e+01 9.688750816544886391e+01 1.052451593142043436e+02 1.079875771704714538e+02 9.964740963067359303e+01 9.436159205060573640e+01 8.202966373987997883e+01 9.117667097328761372e+01 1.012936401080422257e+02 1.213773397578907947e+02 1.274900842511336663e+02 1.191610501863546006e+02 1.126287969687874266e+02 1.042590329101745112e+02 1.016440097128848805e+02 1.100073282217071267e+02 1.134372093140518558e+02 1.082343031277136731e+02 9.674699073602413080e+01 8.848293294908961570e+01 8.104431474494599286e+01 7.451820474461828780e+01 7.882574781205053682e+01 6.158072523655292230e+01 5.145917222891077358e+01 3.190217541711838933e+01 5.006630972017557468e+01 5.208408153641621396e+01 3.629282499093925907e+01 4.033417604710215443e+01 4.465305376829937245e+01
3.762242743766169895e+01 3.994939016982827695e+01 4.226039934750021843e+01 6.517811829512390887e+01 7.488528389463606061e+01 8.690376467583078579e+01 1.043739752014274842e+02 9.601073501378100161e+01 9.195776025825765032e+01 9.785253934519982977e+01 1.042694783097384885e+02 1.106502862725112522e+02 9.642441167487088194e+01 9.642441167487088194e+01 1.165538649069719099e+02 1.296992530212711472e+02 1.249617894968404102e+02 1.165649696184970452e+02 1.042590342426631906e+02 8.415781932083865513e+01 8.155448090703127662e+01 9.265967744793836403e+01 1.010119368640323216e+02 9.993935593264937722e+01 8.009624925212403923e+01 6.880219908296771791e+01 6.146598474396291323e+01 5.499205905429823105e+01 6.619222824693778762e+01 5.105766203471569042e+01 3.708123134996896653e+01 5.006630971990239232e+01 3.017274010504866411e+01 3.258827798508354334e+01 4.392832804804366731e+01 5.919037543235153720e+01 6.453129487347489146e+01
3.807239005124669262e+01 4.261517692395351276e+01 4.838200444205057238e+01 4.548359867104530707e+01 5.746461927845910367e+01 7.843755522507422029e+01 9.259486328149213819e+01 7.552116137334446933e+01 7.138258280983826864e+01 7.743242558924319496e+01 8.397733557551400452e+01 1.042694783097384885e+02 1.165538649069719099e+02 1.165538649069719099e+02 1.248761608701514803e+02 1.204337748500865217e+02 1.120457185241707379e+02 9.641259718116400279e+01 1.042583960972349075e+02 8.415781768126828410e+01 7.001840344471578703e+01 7.261867374086733662e+01 8.793604101300644516e+01 9.628044745837260621e+01 9.674699073602413080e+01 8.747507732603618535e+01 6.780934445594112958e+01 5.405139573223151928e+01 4.666442858997469756e+01 4.253817305574326468e+01 5.679125074042259058e+01 4.885604037990871973e+01 2.898973490765995464e+01 4.885383510765355908e+01 5.906488650378832972e+01 6.989282301918582618e+01 6.999060142701284803e+01
6.365097778158835240e+01 7.197190625171887746e+01 5.905564694082966071e+01 6.632882501059917502e+01 4.903196441214350898e+01 7.015329604400290009e+01 7.829150361324840901e+01 6.335829780845075732e+01 7.282554802359047130e+01 9.336788777880627777e+01 1.042694783097384885e+02 9.574689048902521904e+01 1.074136666083483647e+02 1.275198740680682761e+02 1.237042076517748512e+02 1.035111121432751418e+02 9.191928565738753321e+01 8.483137884098137249e+01 9.672471929039937777e+01 8.535110322894659873e+01 6.536027413522593577e+01 6.116642511631020085e+01 6.794331281985346038e+01 8.470853374243775136e+01 9.627121920055128612e+01 8.747507732603617114e+01 6.780934445594111537e+01 6.619222824693778762e+01 6.619222824693778762e+01 5.385901556087512176e+01 6.182170230036327041e+01 4.200303888212093284e+01 2.792906352084090926e+01 4.621800803717736983e+01 5.159204565587974400e+01 5.613490838923853232e+01 5.039696139023811128e+01
6.436742017307312835e+01 8.498538875135264448e+01 7.878465949460547790e+01 7.499985904363896339e+01 5.387145284336637019e+01 5.374582857557501825e+01 5.725363010665869723e+01 7.829150361324840901e+01 9.259486328236344832e+01 8.964939463336112624e+01 1.099132848880743154e+02 1.159115497788164930e+02 1.242384802925117526e+02 1.358458847380636314e+02 1.321086851356320153e+02 1.204337748500865217e+02 1.120457185241707379e+02 9.672471929039937777e+01 7.665113480015493508e+01 7.180628192251332109e+01 8.535110322894659873e+01 7.639323401369935596e+01 5.655661796260257290e+01 6.794331245061312075e+01 8.793514237387205412e+01 9.573037588318169355e+01 8.747507732603617114e+01 8.584259310350680039e+01 8.160548443339277469e+01 7.340566230054525931e+01 6.816842631087578752e+01 5.099551603577904046e+01 2.954148401262907342e+01 2.642123680088221604e+01 4.475759261241935150e+01 3.641651908467298426e+01 5.051157942977862092e+01
7.638348838343821967e+01 9.333788777901982314e+01 9.185672340740973141e+01 7.121115783350217043e+01 5.964735221990860481e+01 7.487870951132985908e+01 7.225875907645769303e+01 6.794594767192663198e+01 8.001280092798869248e+01 1.004180288171519067e+02 1.182505924702236086e+02 1.153064871621852774e+02 1.153064871621852774e+02 1.236824954801493561e+02 1.252836980407278560e+02 1.139492315224679970e+02 1.055790533673142590e+02 1.050849402955160485e+02 9.672471929039937777e+01 9.185615062303745049e+01 9.301194317348793561e+01 7.343615718131519543e+01 5.364432323566921923e+01 7.343615718131519543e+01 9.040718398090855601e+01 9.695521812658870431e+01 8.852497559301575336e+01 9.674867429647657957e+01 8.032788076765612573e+01 6.045378381370940701e+01 4.877049444284568125e+01 3.877639567413596922e+01 4.139976513701172678e+01 4.476086587176896359e+01 2.491806341839867400e+01 4.328054858325651111e+01 3.072143063343673219e+01
9.673580317474639401e+01 1.050346931410414868e+02 1.002392446134322626e+02 8.750264792387834234e+01 6.679154960475743508e+01 7.458513630142856243e+01 9.285580655920820448e+01 8.001280092791890297e+01 9.703066810204880710e+01 1.087712597542421946e+02 1.091887722175325450e+02 9.469504895491560603e+01 9.469504895491560603e+01 1.153064871621852774e+02 1.167371788182767176e+02 9.674854677987705998e+01 8.547532881982418473e+01 8.916443101037582153e+01 8.399581113034643920e+01 7.915542809560193405e+01 7.459371551251706478e+01 6.474015385934943367e+01 5.081271453250345616e+01 6.216354164305560914e+01 8.207616190730472283e+01 8.666013301959351622e+01 6.842068525243432475e+01 8.547079138852755875e+01 8.887241521633674779e+01 7.720038418213950138e+01 6.816842631087578752e+01 5.139320807555191806e+01 5.558091381469698433e+01 5.291162706397260251e+01 3.750992345476796430e+01 2.339130415846165434e+01 4.185573088843951695e+01
8.968959253156108957e+01 1.043841596667982685e+02 1.019086120128661435e+02 8.153550221915975271e+01 7.887577848287382665e+01 9.511757376718487933e+01 9.511757376718487933e+01 1.004180251303869227e+02 1.087711302416875299e+02 1.102121702959675531e+02 1.007319994358174000e+02 7.996896521382524270e+01 1.007319994358174000e+02 1.172007053876932048e+02 1.083612497333723184e+02 8.824745820471325430e+01 7.668286253945373687e+01 6.914645229214542610e+01 6.403840060964704151e+01 5.927138393645700631e+01 5.477584463295783479e+01 6.749969645541212060e+01 4.812737025932437973e+01 6.788953573759211224e+01 7.673654274385499718e+01 6.846278396431604563e+01 5.853108261457884254e+01 7.838350485391698896e+01 7.924479407528602337e+01 8.512188031356916440e+01 7.928111034740717855e+01 7.114429268445377375e+01 7.368178002121624104e+01 6.531908393854078554e+01 5.144086346283772571e+01 3.350070211750290383e+01 2.187374281640597218e+01
7.600409229775054598e+01 9.604897802136630958e+01 1.102447361992450823e+02 1.019086120128661435e+02 9.928717073542213711e+01 1.076282779723401859e+02 1.153426435256399287e+02 1.094666375725183372e+02 1.102121702959675531e+02 8.959587242364835902e+01 9.337903357183141395e+01 7.353840506781200759e+01 8.810934409742914397e+01 1.033319239900102104e+02 1.136193126068168198e+02 1.051062990819963403e+02 8.916443101037583574e+01 8.916443101037582153e+01 8.019692243425704703e+01 6.029760603472202973e+01 5.438493763330256314e+01 4.871419452359849345e+01 4.549921986544259767e+01 6.241775875783728367e+01 6.846278396424250445e+01 4.867890614098735824e+01 6.846278396409032041e+01 7.346172084246484246e+01 5.934458883340600011e+01 6.517322400174860775e+01 7.452099727634292492e+01 6.616899319962153925e+01 7.454417605903392996e+01 7.284147682271891711e+01 5.325491048032183983e+01 4.085434372232876399e+01 2.081678552094130907e+01
7.710594754011950158e+01 9.126286123139534823e+01 1.113909540534292546e+02 1.086296383245414461e+02 1.001811318249487783e+02 1.086296383245414461e+02 1.033798603274443479e+02 8.888993878065652154e+01 9.645279059061461169e+01 9.268892641860402648e+01 7.285318597892899106e+01 6.807263663140741983e+01 7.432148654288855028e+01 8.452218360023564969e+01 1.051893241939572476e+02 1.176573580765939511e+02 1.017984035848065645e+02 8.171421466906062392e+01 7.019105316067951605e+01 8.019692243425704703e+01 6.482068883083699973e+01 6.846949173956735990e+01 5.660113882779339889e+01 4.262271442702423485e+01 5.963220982750546284e+01 4.317952761743530488e+01 5.612343047572718291e+01 5.457063241454526548e+01 4.533913448555161807e+01 6.516988743062259459e+01 6.421413222070344773e+01 4.627744513198449994e+01 6.074265368089301376e+01 6.437642150965146470e+01 5.038955692491107641e+01 4.061136846595558580e+01 2.049467072479347252e+01
9.715824312661591478e+01 1.054932197559269724e+02 1.109586904954122701e+02 9.836122993765705758e+01 7.958619351510635909e+01 9.836122993765705758e+01 9.491671432235975203e+01 7.446448450459260471e+01 7.598742023361893416e+01 8.419959546912538428e+01 6.408999322074541283e+01 6.295676874689388569e+01 7.698112774331171693e+01 9.753183012421810361e+01 1.136193126068168198e+02 1.184680976176219929e+02 1.101638019422924941e+02 9.854930657359315660e+01 8.171421466906062392e+01 9.308210667212394185e+01 8.475001204730568816e+01 8.461156533526030898e+01 7.066011379399176917e+01 5.963220984005190672e+01 3.980662181964213175e+01 3.783347771876152166e+01 3.623732058616874951e+01 3.464645522137596600e+01 5.237538675974484192e+01 5.094674894619660677e+01 4.951013370388463386e+01 3.628727751130825396e+01 4.083360408857327428e+01 4.587050379508149689e+01 3.640279383423272463e+01 2.215568003471071279e+01 4.059933784951335412e+01
1.052663663353617949e+02 1.109586904954131654e+02 9.040862798126157429e+01 8.988366267002749055e+01 6.954913088912090302e+01 7.971639677957412573e+01 8.817461462874227607e+01 8.198158843168876331e+01 6.203124881706332161e+01 7.257699887179879283e+01 5.741903180495454961e+01 6.592527380619071664e+01 7.742305683155341001e+01 9.800509696586426855e+01 1.124533178664934212e+02 9.806108091423836015e+01 1.124533178664934212e+02 1.101638020047340234e+02 1.017984035848391926e+02 9.859546499435107592e+01 9.028066537417940651e+01 8.363573533351112133e+01 7.789489277686776347e+01 6.204633448013592556e+01 4.225815280321864975e+01 5.768815101555932756e+01 5.612343034172971556e+01 5.242836548949330222e+01 3.244810354061359448e+01 3.095673968461979797e+01 2.949220859923208593e+01 2.805920160763287541e+01 2.666015026792405251e+01 2.526097945199959227e+01 2.383968106550570454e+01 2.984094877084946162e+01 4.968990827821270528e+01
8.479361770842963608e+01 9.923649700485839276e+01 9.417963471475778192e+01 7.374936969880626236e+01 7.971639677957411152e+01 5.987034672066378249e+01 7.971639677957412573e+01 8.680161663239928771e+01 6.668328225216636440e+01 5.311989871471150337e+01 7.257602349773139849e+01 8.553919198390528322e+01 9.461014446707984860e+01 1.064674809684926089e+02 1.033316812295652625e+02 8.360817010536182181e+01 1.033316812295652625e+02 1.144310442878330036e+02 9.439476414187026876e+01 8.029807602146337331e+01 7.034587525324282353e+01 6.374887336052534437e+01 5.806729306400606561e+01 6.521083628465162008e+01 4.544855169731755495e+01 6.521083628463115645e+01 7.133687207528431884e+01 5.154835991433418485e+01 3.892188594447684125e+01 5.096139013334891388e+01 4.368628469903018896e+01 4.807296550197705187e+01 4.645070908547011612e+01 2.673454404738081536e+01 4.280352666281784479e+01 4.967249598472049854e+01 4.396479285278095261e+01
7.057563240058851761e+01 9.017313581893907326e+01 9.155726175591195215e+01 8.125840058450538095e+01 6.132843265493614382e+01 5.463610763276651738e+01 6.830971122472980994e+01 7.455903279011229756e+01 6.624323712717671242e+01 5.047918433612160527e+01 6.402335374223319775e+01 8.402131865050276360e+01 1.021730891650654485e+02 9.371640647033289895e+01 9.384129678819755327e+01 7.455194267818794174e+01 9.490158950442568653e+01 1.130865646124766783e+02 1.086026392953025663e+02 9.859546497236020457e+01 9.028066537144066217e+01 8.363573533347930322e+01 7.040076450044362844e+01 5.063810579149406976e+01 5.290544028462043968e+01 7.269151790975551819e+01 7.183860846681751866e+01 5.197978087639528866e+01 5.198333716869409926e+01 5.780245657107454349e+01 6.356464841448375580e+01 4.963109075193428765e+01 2.991170778665453867e+01 4.651318428814514760e+01 3.384744713144399242e+01 5.341832783453855882e+01 6.365317013862919282e+01
