LEM/with_lateral_4open/elevation_000070.asc
nrows	100
cellsize	150.0
xllcorner	0
ncols	100
yllcorner	0
NODATA_value	-9999
[rows 34 to 50 of 100, columns 0 to 36 of 100]
2.064481644892168788e-02 1.416278044017974658e+01 3.416278044017903426e+01 4.496677999298282202e+01 5.270675036058797502e+01 4.442919495956017784e+01 5.270675048048725131e+01 6.164324495850880936e+01 7.317861800594585020e+01 5.980934375209834997e+01 4.049261386944241536e+01 5.980934375209834997e+01 6.227581262741579593e+01 4.226286489100588284e+01 6.227581262741579593e+01 5.799167391885471545e+01 4.383043186161496862e+01 3.396050743443156250e+01 4.809090790774633462e+01 6.515771545341097237e+01 7.071314143813543751e+01 7.828961268293214459e+01 8.660354346174669615e+01 8.684549242478163933e+01 6.741172796476546125e+01 8.684549242478163933e+01 1.014758807854295952e+02 8.990431306117990573e+01 7.572826915150587013e+01 6.941564372976787922e+01 7.609537892191725916e+01 9.614564847356990640e+01 1.154979227891481202e+02 1.027280183727886538e+02 8.272350392855157963e+01 7.118196749239895382e+01 7.963345708714172133e+01
2.905961989428186565e-02 2.002905961989392836e+01 3.659112300686540920e+01 4.807746841413964489e+01 5.213267434024471214e+01 4.645268145412322980e+01 4.645268145420807571e+01 5.454147639590162555e+01 6.795997711878237624e+01 5.108114348607811905e+01 3.007264186876515666e+01 5.108114348607811905e+01 5.560483004861249867e+01 3.560462063112318276e+01 4.707671209847059401e+01 4.565438008659579339e+01 2.970288227290053129e+01 4.969299215834589489e+01 6.225762488339934464e+01 7.642434185451291739e+01 7.534261484111699758e+01 8.364973855180996054e+01 8.926221800617858548e+01 7.851424273844067159e+01 5.845814313710310017e+01 7.551660241728635015e+01 8.384491039696291637e+01 9.389070943397656777e+01 9.577268160323339430e+01 8.099025090146859895e+01 9.614564847356990640e+01 9.027713463009293093e+01 1.103156793422642465e+02 1.110265290203971915e+02 9.947186741169535651e+01 9.117840657340056509e+01 9.398160168659258318e+01
3.542675937824442400e-02 8.394514590737582438e+00 1.994178314121670681e+01 3.980688172631550259e+01 3.298409346331226999e+01 2.740522165150292722e+01 2.740522165150292722e+01 4.645268145419055372e+01 4.781510080111355876e+01 4.407781164700286780e+01 2.327551712938374706e+01 4.247452817715454643e+01 5.124458955989077680e+01 4.707671209847059401e+01 2.708596285904111767e+01 2.566407966944197838e+01 4.565438008659579339e+01 5.327096252305531010e+01 6.150344136474162582e+01 6.117194039675469242e+01 5.530225485392595886e+01 7.534261484111699758e+01 6.917594402711273460e+01 6.917594402711273460e+01 5.178715516778226657e+01 5.546563157903722896e+01 6.547689894793805365e+01 7.966267928677088150e+01 9.978489952673058383e+01 1.010348751589994549e+02 1.093475029138085404e+02 1.103156793422642465e+02 1.186452293643777836e+02 1.219515494584985618e+02 1.104666843514630585e+02 1.022176810416759594e+02 8.571620816180941915e+01
3.411803931810562102e-02 2.003411803931775026e+01 3.621407325158737933e+01 3.091517119850261963e+01 2.481649436614312165e+01 1.371064502440021649e+01 3.298404945260508470e+01 3.733030002219864940e+01 3.364785717793732545e+01 3.797077735364868545e+01 1.744624016263895783e+01 2.646483626118943988e+01 4.070186315238969144e+01 3.827889370042039019e+01 2.173631941258905442e+01 4.037773605642375685e+01 4.203252722293198929e+01 3.482812848553115970e+01 5.006339054368959296e+01 4.110420532951028605e+01 6.117194039675469242e+01 6.584261155949933197e+01 6.747230264931747001e+01 4.913880235257323648e+01 4.546203621775870118e+01 6.549112753403653642e+01 8.384491039696287373e+01 8.313991871229917763e+01 8.440260229316260165e+01 9.264292060368028103e+01 9.356524632384456197e+01 1.020222721993078920e+02 1.111163559818629523e+02 1.137481351827914011e+02 9.376700548627272269e+01 8.221973585060851519e+01 7.515091657817546889e+01
3.327314952832965272e-02 2.003327314952663230e+01 2.722905124622285555e+01 1.195377863425022014e+01 4.842175820176681356e+00 2.209915071898196004e+01 2.708563575877087715e+01 1.730057277768081647e+01 2.943920479295215387e+01 3.053044357057473235e+01 1.207727878917385667e+01 1.321055895438041006e+01 3.324930626814579426e+01 1.826655687573531139e+01 3.805203031603697639e+01 2.037715871991740002e+01 2.203801051301925895e+01 2.371373401561998762e+01 3.038191019191382125e+01 4.797558939913245979e+01 4.981585614512321314e+01 4.581391598882942873e+01 5.371057587606826900e+01 3.914456088234957321e+01 5.915737318984301396e+01 6.237065330064667279e+01 6.557877390525540306e+01 6.308575155336453122e+01 6.433810528290928232e+01 7.708253480556068382e+01 7.341103916896513226e+01 8.246328860737033040e+01 9.793109347211552063e+01 1.069900496568687487e+02 1.104666843514630585e+02 1.021701495866823421e+02 8.730171877699383742e+01
6.779948344387334846e-02 2.006779948344351894e+01 2.416126984212890960e+00 3.418225315225914329e+00 2.339550717288869564e+01 6.285475210505813592e+00 7.331994430535766050e+00 8.379291321312559049e+00 9.434751097669419551e+00 1.052071529574677733e+01 3.050444722809803366e+01 3.322342227581197704e+01 1.483956583879066393e+01 1.643721712242507138e+01 1.804015436008352680e+01 3.805259666232833382e+01 4.203252071797110290e+01 4.370573707875709601e+01 2.620529221036831302e+01 2.798656720899928274e+01 2.982598641456945998e+01 3.168803902578138931e+01 3.371420498340746263e+01 3.615087895077506630e+01 3.922859265259400985e+01 4.234590153968957793e+01 4.554574020550782620e+01 4.892716021083624156e+01 5.277968623747106136e+01 5.704792775167278762e+01 6.239665832006375012e+01 6.947159078761333717e+01 7.843103370886954906e+01 9.265470256065673027e+01 1.129620806408084519e+02 1.036170750909071643e+02 8.363355240316207073e+01
9.516927588586144779e-03 1.002099035474397049e+00 9.029998192277933100e+00 2.254343530648792893e+01 3.138056809143098391e+01 1.082975028059426670e+01 1.747080010754052637e+01 2.827526639404433695e+01 1.435739966411915347e+01 3.054141802830918806e+01 3.874813211887367714e+01 4.300456994797210797e+01 2.900683585966234901e+01 1.819456116458738038e+01 3.800188577887291075e+01 2.959969980749834306e+01 4.113924317184507373e+01 5.449658283607062970e+01 4.619478227034720419e+01 3.613799474051130289e+01 4.981585372841218629e+01 3.683986141404876236e+01 5.371057587606826900e+01 5.615452812956171158e+01 4.203696972143014676e+01 6.205859323231735658e+01 5.970160929862628052e+01 5.787927434319842490e+01 7.282583358788686212e+01 6.860681449609414528e+01 8.245680102750461060e+01 8.245704784847890778e+01 9.793108431091810928e+01 1.069948032802025750e+02 1.121256572202347286e+02 1.038165467126950148e+02 1.036170750909071643e+02
1.945935296826603253e-02 2.001846828303426662e+01 1.497031090785997520e+01 3.128270678236485480e+01 3.760719162706290319e+01 1.590568575249382377e+01 3.310467515209617773e+01 3.273978754743549047e+01 2.869086274524237012e+01 2.268767131400706916e+01 4.270304422791209475e+01 5.680402303466744485e+01 4.056718727806156011e+01 2.058013963991346884e+01 4.058297549179025765e+01 4.959738988786062919e+01 5.789693570452666904e+01 6.115238407702291568e+01 6.445343178718840704e+01 4.612791709349367864e+01 6.219647936747634986e+01 4.217554407686859719e+01 6.219648041853654519e+01 6.642998218490505735e+01 4.639780043722589653e+01 6.642998218490505735e+01 7.976750440679285248e+01 6.944152061817943888e+01 8.627734953936155193e+01 8.871025497705926455e+01 9.708682765004614623e+01 1.026010210818293871e+02 1.105551921295393356e+02 1.022696268666146722e+02 1.005701553437404385e+02 8.385177941191432183e+01 1.005701553437404385e+02
5.600688922766024203e-02 2.005600685048919374e+01 3.341772983139626518e+01 4.136264726340768760e+01 4.313765024269881820e+01 2.171827432287371451e+01 4.313765122602409008e+01 5.162681945049556731e+01 4.869917932304355190e+01 3.429127154994427684e+01 3.343331292855444303e+01 5.325834084715555861e+01 4.300963435973924476e+01 2.301260517068367406e+01 3.455330677766319525e+01 4.869201916736403746e+01 6.873063090440189171e+01 8.120191998007821610e+01 7.447596197316383382e+01 6.027982232750646574e+01 6.823708286116662691e+01 4.820267105125823548e+01 6.823708286116664112e+01 7.159566067375017440e+01 5.156331287101006211e+01 6.274626495713974350e+01 8.281402562426130487e+01 8.953961634594568864e+01 9.789238647430886431e+01 1.005212714329596793e+02 1.005208569051201977e+02 1.087642866841127187e+02 9.902203845594476661e+01 8.230541251244827095e+01 9.228810558586208401e+01 7.233169185542585922e+01 9.228810558586208401e+01
8.215197286175310309e-02 1.162915752390995294e+01 2.577131960953140677e+01 4.577416293326112395e+01 4.313765024269881820e+01 3.713890449012298234e+01 3.282021090820275333e+01 5.345509154384403416e+01 6.240710098959825558e+01 5.419373938222662446e+01 4.235123524690624919e+01 5.805582053555916389e+01 3.934976079502232693e+01 2.553525402215257145e+01 4.553550636629816495e+01 5.657570354015727077e+01 6.488659331999564017e+01 7.385590541559523103e+01 8.544473532579830533e+01 8.034483232737726155e+01 7.532533932743692162e+01 5.527672247108050385e+01 7.532533932743692162e+01 7.715351064266046421e+01 5.711441999623806964e+01 7.715351064266046421e+01 9.114420277047634045e+01 1.042730448595900299e+02 9.458442600766151998e+01 8.039604879758341838e+01 8.039604698168250252e+01 1.005208592171901785e+02 9.008968562033911098e+01 7.077670108470201171e+01 8.523153856960041708e+01 6.527321832856340222e+01 8.523153859975766977e+01
2.613274238814250472e-02 1.416826836611921792e+01 3.416826836611992491e+01 4.990660516441021599e+01 6.348198569182385853e+01 5.761990695307792265e+01 4.756515310732830670e+01 4.756515310732830670e+01 6.767466079882679253e+01 7.022039614936143437e+01 5.378124551181712576e+01 5.617639359683385436e+01 3.621082476149673823e+01 4.553550636629816495e+01 2.949352336883040948e+01 3.655334821561459790e+01 4.549245014860242975e+01 5.705801532989714531e+01 7.713191562725289430e+01 9.062584049702256550e+01 8.365329449972057319e+01 6.683737580485066587e+01 8.365329449972101372e+01 8.546344637405501032e+01 6.606629069465391524e+01 7.127636059401585555e+01 9.133992886721962634e+01 9.600414470326133198e+01 7.583586649608797359e+01 6.602930325818458357e+01 8.629059003459614985e+01 9.593327358250411407e+01 7.596587502725775209e+01 6.181103447233481063e+01 7.238442549427813333e+01 5.924692293363008844e+01 7.921366714335808012e+01
7.532853315450405152e-02 1.007532853315459143e+01 2.162233391694731210e+01 4.162233391694801554e+01 5.008555797424397582e+01 5.836982922170617627e+01 6.767466079882679253e+01 6.767466079882679253e+01 7.592044159072571574e+01 8.156173245021675200e+01 7.342192790256704882e+01 6.448043844667641622e+01 4.619056592039149933e+01 5.780328204390050217e+01 4.949673192750194062e+01 3.395823101218722684e+01 5.397193137726439716e+01 6.338547597667925970e+01 6.223192330413608175e+01 7.642888190057944087e+01 8.802055562224738594e+01 8.692011312568543246e+01 9.525456231040699606e+01 9.443841029141404420e+01 7.763612056342753931e+01 9.133940952319039752e+01 9.962954100512088473e+01 9.295057047361707703e+01 7.953686035744175342e+01 5.938275901398613144e+01 7.953686035744175342e+01 9.406269956674103128e+01 8.213544380157746616e+01 6.931433027473539710e+01 5.225915187135084494e+01 5.368975206665860611e+01 7.367578779786795451e+01
6.101047412966256744e-02 2.006101047412930782e+01 2.890491385496211407e+01 3.375562635568916647e+01 3.008555797424327238e+01 4.715124948789163284e+01 5.543552073535383329e+01 6.698252611914774945e+01 7.448923745607012847e+01 6.960808046847604658e+01 7.477427316597979257e+01 7.448350188778755410e+01 6.030920588577058084e+01 6.815192855075130751e+01 4.809838423359394710e+01 5.397193137726439716e+01 3.887282091268900786e+01 4.333935617189624878e+01 4.805290474737618212e+01 5.962686973933283952e+01 7.970739244867382922e+01 9.299715301187578120e+01 1.045910171471835355e+02 1.060292163336139737e+02 9.771776452453109130e+01 9.686988240411453432e+01 8.785520239164601719e+01 7.283140052147003018e+01 7.283164013054292241e+01 5.436734133132203795e+01 6.565281660425893051e+01 8.575875726407802802e+01 7.078113831449849158e+01 5.412494726115303934e+01 4.634809632509810484e+01 4.856243435422261001e+01 6.857515183679805659e+01
6.842009524227352091e-02 4.432777899962140111e+00 8.904913854961757025e+00 1.375562635568845948e+01 2.008018167602532955e+01 2.715124948789092940e+01 3.869825487168385081e+01 5.869825487168455425e+01 5.448138010154777788e+01 4.959692594263477616e+01 5.476569488524962992e+01 6.891103410848764099e+01 8.034022074687337067e+01 7.646481551564487233e+01 6.815192855075130751e+01 5.890302731981925888e+01 4.781547982691159149e+01 5.152861088140696211e+01 6.811389725696740527e+01 5.701508968362811203e+01 6.459845306109399132e+01 7.619196586852525854e+01 9.628678531287513920e+01 1.074727632845639675e+02 1.027866484756469703e+02 8.267941151267503130e+01 6.836296118711891268e+01 5.943010140364435046e+01 5.291686084770316256e+01 4.953469635736604459e+01 6.934294058475484235e+01 6.935362341631737593e+01 6.107291333991243931e+01 4.363901302055043629e+01 6.369513996416176127e+01 6.857515183679404913e+01 5.174627916490713631e+01
1.934550753332892059e-02 2.001934550753297515e+01 2.890491385496139998e+01 2.789776197941966274e+01 4.008018167602603654e+01 4.715124948789163284e+01 5.543552073535383329e+01 5.707370835478416637e+01 4.032803397713414029e+01 3.544410333252895384e+01 4.061043816323829247e+01 6.062607178177364631e+01 7.664978303266033777e+01 8.493108521674581368e+01 8.728328256895166248e+01 7.618740082546312919e+01 5.938680909116930451e+01 6.310505349880603632e+01 7.990630002386265573e+01 7.120883785612397787e+01 8.468503589736279480e+01 9.299715301187578120e+01 9.484819822186743465e+01 8.751157325101053175e+01 1.016306542887085698e+02 9.686988240411453432e+01 8.785520239164601719e+01 7.953241053110768632e+01 6.502043926406992114e+01 4.525376648217355324e+01 6.042479224439512109e+01 5.853366114406183129e+01 4.099840899317381115e+01 6.107291333991243931e+01 7.197318897370563207e+01 7.173576744868246635e+01 6.588888344085600579e+01
4.364784840791047227e-02 8.987919758406990312e+00 2.053492514219930243e+01 4.053492514219858833e+01 5.618203322688256662e+01 5.801399330516579056e+01 4.972742810700640348e+01 4.334049984210115269e+01 2.877597755250403821e+01 4.032803397713414029e+01 6.034154584367425400e+01 4.956317563184454400e+01 5.664250705457084933e+01 6.819846233196379615e+01 8.819450180534107631e+01 8.777809459749003906e+01 7.946545094924030650e+01 8.318685713244605040e+01 9.149744553469338371e+01 9.129869643601837481e+01 9.497762481911432531e+01 8.670679389032470397e+01 7.489359148609111116e+01 7.340424076840425016e+01 9.335807045128498771e+01 1.018970130279751487e+02 9.027550696397172203e+01 8.195733435944033829e+01 7.332367891008891547e+01 6.042479224439826879e+01 4.061125522144364197e+01 3.843924322117804593e+01 5.853366114557662314e+01 5.521304390125457928e+01 7.521988961245584449e+01 9.169942518420914723e+01 8.585139411826692424e+01
5.219006137575642884e-02 2.005219006137540205e+01 3.727219100586788159e+01 4.881919638966019903e+01 5.634422366966022366e+01 4.646181878345586824e+01 2.971706030739623827e+01 2.333242057397355040e+01 4.334049984210115269e+01 5.707370835478416637e+01 6.862651475512231514e+01 6.957614277407145664e+01 7.664978303266033777e+01 8.493108521674581368e+01 9.647488741892878750e+01 8.739737878020157780e+01 7.912731971250164520e+01 8.739737878020157780e+01 9.738022316163552716e+01 1.008190332733793895e+02 8.086131294240772149e+01 6.674425999330330228e+01 6.076781571505261326e+01 8.073816048308927407e+01 9.646792351137852961e+01 9.360554394372501008e+01 7.343025312653303160e+01 6.181816295746970269e+01 5.486700225742849568e+01 4.868800941868950360e+01 5.675754470546241492e+01 3.664641320816476622e+01 5.675754470547416020e+01 7.521988961245584449e+01 8.349420349712761436e+01 9.052737395094696637e+01 9.879744464562186579e+01
