LEM/with_lateral_4open/elevation_000120.asc
nrows	100
cellsize	150.0
xllcorner	0
ncols	100
yllcorner	0
NODATA_value	-9999
[rows 34 to 50 of 100, columns 37 to 73 of 100]
5.613318685104506045e+01 5.142650594818879739e+01 6.592289032143524707e+01 6.640604922879495575e+01 4.647510381369038868e+01 6.640604922879495575e+01 7.462833317018107948e+01 7.249634385038136486e+01 8.656738064310755476e+01 9.805323317600490896e+01 9.940870918055853167e+01 9.025035073640069072e+01 8.183999600186253076e+01 7.533139125637535471e+01 6.967473466581424191e+01 6.140313951742449916e+01 4.123164263633538695e+01 6.140313951742573551e+01 8.066055614032542564e+01 6.881311351159673961e+01 6.881311351159673961e+01 5.324873149970340336e+01 7.344688908611819045e+01 8.619497305523978525e+01 8.024452777688452443e+01 9.465153084977337983e+01 1.148264188945328641e+02 1.152827296051923014e+02 1.041213303861116088e+02 8.649494804812212578e+01 1.041213303861116088e+02 9.635128054183356028e+01 7.931070037302127673e+01 5.945143870408649178e+01 6.210072797852090787e+01 6.893642696947784998e+01 7.758788498925019894e+01
6.402733564500047692e+01 6.551180264178009338e+01 7.962876462983999204e+01 6.972534197550336899e+01 4.980958590820578280e+01 5.125600433030802350e+01 5.473457903905267585e+01 5.844028997368705802e+01 6.991875540194004657e+01 8.979603067588838883e+01 1.041957700494948682e+02 1.055334841735309936e+02 8.533648240420120601e+01 7.518333889197855058e+01 5.493630373123087907e+01 4.886955660576658289e+01 4.306631048254908478e+01 5.206219165847659269e+01 7.229246694036820031e+01 8.907297076682333170e+01 8.182909655458547604e+01 6.486721088997272489e+01 5.825657888932275341e+01 6.586330949674623980e+01 8.619497305523978525e+01 1.006831372616529165e+02 1.108067671852505214e+02 1.069701113201578266e+02 8.794299670294573446e+01 7.685208457112830160e+01 8.781516001546224004e+01 8.399914772348552106e+01 8.037317519424455270e+01 7.208152655145192966e+01 5.212257797500348744e+01 4.939138131926784325e+01 6.565968622125846821e+01
7.550658477786504363e+01 8.542297652523700435e+01 7.752564517694007407e+01 5.763869605890717196e+01 5.417112033326780818e+01 7.116527508155868986e+01 6.880504326110714430e+01 7.831988044571795626e+01 6.458199107336217537e+01 7.604712986767012239e+01 9.593291818339515942e+01 9.966830527620616920e+01 7.940004699708781288e+01 6.502896814081378807e+01 7.518333889197855058e+01 6.524417771292522161e+01 4.505572786951410791e+01 6.524417771292522161e+01 7.229246694036820031e+01 9.254747767477267928e+01 9.353106667825420573e+01 8.516694745834831792e+01 7.255744359762232421e+01 6.431576525787161813e+01 7.196642331078616905e+01 8.217281770845508504e+01 1.025009905135273129e+02 1.110743172296037500e+02 9.352264736894099428e+01 7.375133120937709919e+01 6.798657849942907205e+01 6.413887825189178216e+01 6.048599205111302268e+01 5.699775582030654419e+01 6.943539949471352202e+01 4.945782983322603599e+01 4.560355544774670733e+01
9.544432806201254493e+01 8.641472974763787818e+01 6.653813238981291533e+01 7.752564517694007407e+01 5.863297978671269561e+01 7.851207340289380454e+01 8.868699862977257453e+01 9.270413581638254641e+01 7.604712986767012239e+01 7.237140456366020658e+01 9.224815647363169546e+01 1.055029242997747616e+02 8.533262870366671393e+01 8.533648239601420471e+01 7.892702953659230047e+01 6.727433713479238975e+01 4.707461541848551434e+01 6.727433713896743939e+01 7.875679024167104103e+01 8.712148248074943524e+01 9.725555333606466490e+01 1.012259273422747725e+02 9.008137823199314198e+01 6.971257307845127116e+01 9.008137823199314198e+01 1.006831372616529165e+02 1.108067671852505214e+02 1.028070167006463009e+02 8.311189516017853407e+01 9.352264736894099428e+01 7.947406774940300522e+01 8.399914772348552106e+01 8.037317519424455270e+01 7.506481734373895165e+01 5.516181875933347101e+01 6.943539949569778003e+01 6.263619446972671057e+01
9.120985953675840108e+01 7.715611259049471471e+01 8.641472974763787818e+01 8.319534196963739703e+01 6.332591619966432717e+01 8.319534196963739703e+01 1.020831155052389363e+02 1.041957700494948682e+02 9.593291818339515942e+01 7.835615615586395677e+01 9.824481176956182082e+01 1.035796204314462017e+02 9.183621975673331406e+01 8.275036671884640782e+01 7.055392952903233095e+01 5.033726298016701151e+01 6.727433712494021734e+01 5.360286516517540178e+01 5.848515009583327640e+01 6.859039326645071810e+01 8.298805180020163164e+01 1.032516045392249708e+02 9.843660427253020373e+01 7.882576541360351996e+01 8.261333045387252128e+01 1.029320903018205797e+02 1.167748173906939968e+02 9.702136421830428503e+01 9.702136421830427082e+01 1.074647284816539639e+02 9.920930394620908999e+01 8.682472006574120371e+01 6.704304175389438569e+01 6.149987414038933764e+01 6.927144451825171245e+01 8.327416805248545018e+01 6.561656795380565654e+01
1.053105119682635262e+02 9.120985953675840108e+01 1.053105119682635262e+02 9.022145485002239695e+01 7.034860659761270085e+01 7.394126459570590271e+01 9.382209031199964500e+01 1.097472048482594005e+02 8.982447562732654944e+01 9.240721783776157849e+01 1.065102226595016361e+02 9.521522515980018397e+01 7.486723733940314673e+01 6.315356616080246965e+01 5.414218206628663665e+01 5.521971808302024698e+01 7.546386070344939867e+01 7.384015527766013065e+01 7.280736991736512209e+01 6.859039326657442359e+01 8.034473790155237793e+01 1.006415778138763102e+02 1.075061327702714777e+02 9.063676070501554705e+01 9.703140469539145840e+01 1.112379015732198724e+02 1.251272702409028597e+02 1.167748173906939968e+02 1.167748173906939826e+02 1.095674408220822755e+02 8.986257280483984289e+01 7.593585738397624141e+01 8.682472006574120371e+01 6.964755559132704832e+01 8.905070818411192590e+01 8.333088142608588100e+01 6.352348438795704055e+01
1.053079996328351911e+02 1.111380495878961909e+02 1.042977157988528916e+02 8.439087665751409872e+01 8.439087665751409872e+01 8.540708648747865084e+01 1.020831155052402863e+02 1.180216853071344474e+02 1.013104242890633060e+02 1.123380102113408157e+02 1.016643062034369365e+02 9.334215823005561674e+01 8.719483740806404626e+01 7.727159508717647896e+01 5.701784737058276420e+01 7.546386071925179806e+01 6.283210101661540392e+01 8.313923305947825781e+01 9.311987095076327137e+01 8.034473789977811009e+01 9.725660746537968748e+01 1.089245856930723306e+02 1.191442779515300714e+02 1.108676965268947896e+02 1.171776055195923476e+02 1.183412152828460506e+02 1.101295092914996019e+02 1.183412153326850529e+02 1.221156450311665793e+02 1.022751921083575581e+02 8.839746183761167231e+01 8.986257280483984289e+01 9.762203559199885206e+01 8.108281503460436568e+01 9.762203559244052542e+01 8.720755568263649593e+01 6.744145301871543552e+01
9.357375060130462430e+01 1.047004077192178926e+02 1.125673740286476345e+02 1.042977157988528916e+02 1.042977157988528916e+02 1.053171993092384042e+02 1.135878737146625497e+02 1.295507500012961088e+02 1.212720614182761238e+02 1.076641171863496425e+02 8.741257867327216502e+01 7.294966754480068971e+01 6.684110923868269083e+01 6.125654891189110884e+01 7.727161398816608084e+01 8.564151817540761158e+01 6.922115564828804679e+01 8.313923644246074218e+01 1.033863564209712109e+02 1.006415421032791215e+02 1.089235220867614942e+02 1.104462765347123394e+02 1.021297587425048334e+02 1.047454852236819534e+02 1.130558553683198681e+02 1.083224941454301700e+02 9.000399285346860268e+01 1.083224941454301700e+02 1.175646598697990157e+02 1.163885133187059466e+02 1.080863262276358938e+02 1.095674408220821192e+02 1.090324099260085262e+02 1.007701207071277167e+02 1.006907847644760778e+02 9.249876168148634292e+01 7.746577652113668933e+01
7.584840454588420755e+01 9.637509204308317123e+01 1.007687660296102621e+02 1.007687660296102621e+02 1.090739042197465238e+02 1.171143263979207632e+02 1.088453271944375587e+02 1.171143263979207632e+02 1.203365899209017016e+02 1.002996512071182451e+02 8.589146609879306027e+01 9.334411697429199251e+01 7.924848432131267373e+01 6.486736558610949999e+01 8.520199876900703373e+01 9.790942884183219519e+01 8.957600419416061754e+01 8.011622068617283787e+01 9.454439197310709631e+01 1.146697448785701994e+02 1.063249296805384176e+02 9.799665910242231348e+01 8.186356145037667886e+01 8.449900856111334235e+01 1.047454852236819534e+02 1.000667510723817486e+02 7.982825919269080828e+01 8.921839354328108129e+01 1.093431962482075761e+02 9.981752447075807311e+01 9.140034232640955736e+01 9.981752447075807311e+01 1.162116696915708189e+02 9.654475750375146959e+01 8.269246064440922339e+01 7.280919926466444281e+01 6.576596841839986496e+01
7.245371382126202775e+01 8.104539763418422638e+01 8.041407419741015872e+01 8.041407419741015872e+01 1.007687660296102621e+02 1.047708462689332976e+02 8.866158235549299604e+01 1.070547622700378838e+02 1.160577215024601685e+02 1.144248018976524861e+02 1.061683346821660763e+02 1.078651555786791789e+02 8.912395389738061624e+01 6.874487725533553828e+01 8.317619021903108489e+01 1.034831256354421356e+02 1.087210308354221411e+02 9.454439197310709631e+01 1.087210308354221411e+02 1.136732452543283500e+02 9.799665910242231348e+01 7.771989537058391306e+01 7.011833784058534036e+01 9.042906385686184478e+01 9.858323543830340441e+01 9.291136364779008261e+01 7.263243293733380312e+01 9.291136364779008261e+01 9.915175296182775355e+01 8.966205336284724581e+01 7.109351452456654386e+01 8.966205336284724581e+01 1.023615762622655012e+02 1.105343950875638086e+02 1.006907847645108518e+02 8.553745012972095196e+01 8.553745012972095196e+01
4.777312502563458452e+01 7.245371382126202775e+01 6.574520676246054052e+01 8.637582540609916748e+01 9.877827276851546401e+01 8.450075272191642739e+01 7.838416162014318900e+01 8.758786464636426672e+01 1.019216592325982873e+02 1.219458432420129697e+02 1.136177549634824402e+02 9.346369311958282822e+01 8.165175913276820552e+01 7.486808152820816531e+01 7.964708076535607972e+01 9.410643346656519270e+01 1.142506764064296902e+02 1.146697448785701994e+02 1.136732452543283500e+02 9.349126602651999463e+01 9.719472821846839850e+01 8.365882196712192354e+01 6.338312098415316598e+01 7.833416182879791734e+01 7.833416182879793155e+01 8.749159144144395839e+01 6.721820529094539154e+01 8.749159144144395839e+01 9.033160778177175132e+01 6.989817048287839896e+01 6.101729168915422008e+01 7.360654769757888971e+01 9.316612294905692693e+01 1.096926514022652412e+02 1.013184832862258702e+02 1.052219909243488871e+02 1.030012366434974780e+02
4.865075331037451178e+01 5.523789798024242259e+01 7.606051521848932850e+01 8.003406222568703754e+01 8.339099262611952668e+01 6.989314497926284275e+01 9.043772566655192691e+01 1.070547622700378838e+02 1.160577215024601685e+02 1.268904405042069499e+02 1.218451358860162514e+02 1.102584603957217269e+02 9.157199248142725878e+01 9.527767910507193960e+01 8.670708637005047592e+01 9.410643346656519270e+01 1.142506764064296902e+02 1.178778259624875062e+02 9.773347896067278384e+01 8.600490941019188540e+01 7.689538129450733095e+01 7.102603696602909622e+01 7.833414206499567456e+01 5.813857316264271446e+01 7.350649275757031376e+01 7.617893951715849710e+01 6.234253069743523668e+01 8.251693483819904884e+01 8.839492694187956090e+01 7.360654769757888971e+01 5.349917865236644587e+01 6.451951633403608355e+01 8.474241927167130939e+01 9.792122959060920095e+01 8.085867441663948796e+01 9.328797475781928483e+01 1.016900611372520302e+02
6.947582044670149060e+01 5.283078586524184317e+01 5.600243343293695375e+01 5.926862076533643631e+01 6.269748387785754318e+01 8.339099256256356796e+01 9.655111206991313111e+01 1.029642252551497279e+02 1.105775726194913773e+02 1.069113392247130889e+02 1.268904405042069499e+02 1.200029589765336056e+02 1.117660937269473607e+02 1.152346701102734556e+02 9.694187851884551321e+01 1.142506764064296902e+02 1.224772979681868321e+02 1.261537289499870269e+02 1.145512104772939352e+02 1.055240774628001219e+02 9.719472821846839850e+01 9.133481151300716760e+01 8.670393416077142490e+01 7.350649275757031376e+01 5.342070248840271063e+01 5.604545514604131284e+01 7.617893951715849710e+01 9.089857236580475330e+01 7.992423213423501238e+01 5.969775331744649804e+01 4.822256668973060556e+01 6.823048816665883010e+01 8.397951269814554109e+01 8.879245683378853471e+01 6.905351543696154692e+01 7.283221962233861291e+01 8.990889667231148508e+01
8.213629116172693045e+01 6.496336881136723207e+01 7.682988504491325443e+01 7.403858732475153204e+01 7.474823462072812674e+01 7.035432400900019445e+01 7.613719048887966778e+01 8.268418077584388470e+01 9.043454884869437649e+01 1.105775726194913773e+02 1.221037587162645366e+02 1.138555284449108029e+02 1.221037587162645366e+02 1.252393300411238357e+02 1.170287744943575490e+02 1.252393300411238357e+02 1.193658005547870431e+02 1.110635329201941914e+02 1.012282441257466985e+02 9.288111227261649105e+01 9.288111227261649105e+01 8.975067301759249005e+01 8.453990901478212550e+01 6.432830578955402245e+01 5.024185523228676686e+01 7.024814731557140135e+01 8.029452867202820698e+01 7.242713929387697647e+01 7.334568157899394691e+01 6.396053578679115503e+01 4.399284729670240068e+01 5.545999120632258439e+01 7.557835328930893581e+01 8.035937478180809990e+01 6.008098359713427783e+01 6.117657042146030477e+01 7.369938520657640879e+01
8.567268727542570161e+01 8.561086754020580258e+01 9.398430046113897163e+01 9.450841919470522612e+01 8.928086603627521356e+01 9.088930895050354763e+01 9.655111209473672318e+01 1.029642252551497279e+02 1.105775726194913773e+02 1.141907437999341113e+02 1.059155151996819910e+02 9.371052751630352873e+01 1.120652355556195801e+02 1.236481709312127464e+02 1.229981433798345307e+02 1.147044155508732075e+02 1.077245313182876885e+02 9.085063096700461927e+01 9.288111227261649105e+01 7.259354718869150247e+01 7.259354718869150247e+01 6.947972606016709562e+01 7.244786698420146820e+01 6.776696286535346303e+01 4.780546524500041272e+01 6.431853433117919394e+01 6.256688726188610161e+01 5.259810418411689881e+01 5.359555045719356769e+01 5.791253817539615056e+01 4.014085219190976517e+01 6.006636186650595732e+01 7.484675378231264631e+01 7.318988082268997175e+01 5.312674421349070997e+01 5.235842762525788174e+01 5.360515582697941284e+01
8.567268727542570161e+01 1.027276926902224261e+02 9.437141769201237196e+01 1.027276926902224261e+02 1.094805603237719964e+02 1.039009043923367699e+02 1.073308118365239068e+02 9.902074623893373939e+01 9.681194289254253249e+01 1.013665477966736574e+02 8.564422328659320272e+01 8.347955569377414520e+01 9.527588953737659949e+01 1.154039952075711568e+02 1.147044155508732075e+02 9.451837601831934421e+01 9.939360853641670701e+01 7.910208701121553077e+01 8.767829312157473964e+01 7.853563742800984926e+01 5.832422616667552262e+01 5.527965523627663913e+01 5.238808525197353561e+01 4.959121636159052571e+01 4.681140998274127440e+01 4.438701525509945611e+01 4.275495477770055430e+01 4.113063059119014753e+01 3.953494637530050682e+01 3.796383215804295475e+01 3.641779709244991636e+01 4.835213502969305210e+01 6.124689331083099830e+01 7.321596581644455171e+01 6.421737336268319041e+01 4.436234544187347950e+01 6.421737336268310514e+01
9.404645739591968834e+01 9.239368181552342207e+01 7.349869602480151798e+01 9.239368181552342207e+01 9.790068834696512567e+01 8.342858743499800767e+01 9.702180130971848371e+01 7.859292754254380498e+01 7.634764929498884101e+01 8.099773527151860719e+01 7.371071259034839329e+01 8.828475795268879267e+01 1.085212162365691739e+02 1.208193640167533545e+02 1.147044155508732075e+02 9.451837601831934421e+01 8.013627721500506595e+01 7.243272873277352630e+01 6.735689411878819044e+01 6.324217585960855104e+01 7.853563742800984926e+01 7.541694896292418093e+01 7.244786698419326854e+01 5.400106263094904335e+01 6.675489100388347197e+01 4.948396781697670122e+01 6.269659093005179784e+01 5.520702839961877118e+01 5.951191814513158107e+01 5.795197842465409366e+01 4.106846459558262552e+01 3.442270649843641905e+01 4.640363358379102721e+01 6.064859941827397449e+01 6.046397321226674393e+01 4.061336664396683460e+01 6.046397321226753263e+01
