LEM/with_lateral_4open/elevation_000559.asc
nrows	100
cellsize	150.0
xllcorner	0
ncols	100
yllcorner	0
NODATA_value	-9999
[rows 51 to 67 of 100, columns 37 to 73 of 100]
4.009173524709320446e+01 5.997419599160037507e+01 7.074747483724620167e+01 8.580184318182573122e+01 8.686917855330166560e+01 8.989930545932425332e+01 9.313020270198042283e+01 8.315113672387644783e+01 9.996626345307520012e+01 1.054793250216086307e+02 1.113958396177317240e+02 1.006822079830836856e+02 1.175988494824335362e+02 1.225784096931118512e+02 1.073153913395306205e+02 8.827350688046917071e+01 9.385074571195752924e+01 8.786594757781283249e+01 7.944053126546137378e+01 5.947850937852884101e+01 7.491505496210460535e+01 7.198099311457573890e+01 6.073585384957043942e+01 4.654154004834596492e+01 6.374467617393321461e+01 5.380040556169839050e+01 7.368893846001732584e+01 7.580279963957521261e+01 5.584251409140426858e+01 4.189340546668458387e+01 5.584251377356608970e+01 7.580268409997046319e+01 6.855749887630847184e+01 4.851036843829035661e+01 3.422038693632162420e+01 5.438203701599304907e+01 6.857573847232909259e+01
5.997419635243575442e+01 4.267087424729665202e+01 6.251060337120970445e+01 7.344233679689510552e+01 8.541743281244637842e+01 8.541743368172578244e+01 9.372878252037715185e+01 1.032144432628589499e+02 1.115669848889066458e+02 1.132856910829748642e+02 1.216404559606547053e+02 1.209220254897401787e+02 1.292696059165338340e+02 1.306020064359005346e+02 1.154233406654358305e+02 1.073153913395306205e+02 1.085290023568898619e+02 8.804506611223168022e+01 6.786564318661110917e+01 7.944053126546137378e+01 8.794289307902172936e+01 8.879965627055777588e+01 7.476775506006406147e+01 6.374467617393321461e+01 4.367100584939391439e+01 5.792495969805210621e+01 7.779436833225143744e+01 7.215856934807278833e+01 5.224086973877255247e+01 3.825910686289280704e+01 5.333781398307212385e+01 6.155921411319942393e+01 6.241049372059621447e+01 5.150055579867544964e+01 3.135181301110920415e+01 4.562335619938293974e+01 6.569362177848243789e+01
5.159157552673117664e+01 6.251060376050266143e+01 4.540195154426947965e+01 6.520026205137673969e+01 6.558761286449549743e+01 6.558761286475294128e+01 8.541743371136531948e+01 1.017405187823511881e+02 1.005178042278005250e+02 9.309788939813709874e+01 1.073643921848151024e+02 1.275809711897764771e+02 1.247840574275878538e+02 1.107168017223589231e+02 1.247840574275878538e+02 1.147110944881298167e+02 9.383145440276953764e+01 7.933227552295538487e+01 8.199292442114176538e+01 9.660948853979580520e+01 9.642418144564713600e+01 8.650652032320849116e+01 7.828093547421696030e+01 6.187279648805697718e+01 4.176322806950911115e+01 5.933922867850605343e+01 6.758170830891849334e+01 7.800038562607888082e+01 5.807462888869387285e+01 5.333781398306572186e+01 3.346959764082210143e+01 4.927182088352396505e+01 4.229518764007061549e+01 4.707657009935222447e+01 2.860240262468393979e+01 4.499216286989117464e+01 5.173091190399796346e+01
7.134428338068764219e+01 6.868448507616196252e+01 4.894508533247385174e+01 4.869996773779973864e+01 5.164430641733691374e+01 7.139563290120318584e+01 7.345851910002258478e+01 8.759951894398703587e+01 8.045128010169808874e+01 1.005178042277955086e+02 1.124739830724732457e+02 1.208340986123645990e+02 1.159230829518147488e+02 9.676319537126498460e+01 1.128803056132635732e+02 1.210844198528815525e+02 1.085290023568898619e+02 9.994695939503709781e+01 1.026562286642645461e+02 1.022285336051248947e+02 8.237373551362162516e+01 6.837279971290070080e+01 5.844318559580347028e+01 5.133861622703942373e+01 5.933908930571475793e+01 3.919577266949622185e+01 5.688126586132539586e+01 6.514767398711499879e+01 6.038811265856557498e+01 5.041648486707526189e+01 3.026121539294086915e+01 2.915427689766775643e+01 2.805286351706250869e+01 2.695843478635807955e+01 2.588344381150070461e+01 2.488645555406611720e+01 3.166371261713686280e+01
7.385898901774210401e+01 5.415507490120759826e+01 6.868448526161118650e+01 6.846302134375382309e+01 5.420936381165916629e+01 5.619962511585368503e+01 5.949909992049026641e+01 7.930006978208463408e+01 7.344858921867022161e+01 9.342321658558873310e+01 9.219042298545127778e+01 1.124739830724738425e+02 1.076960753435879923e+02 8.806609577371501985e+01 9.311686899425424713e+01 1.096667150263859298e+02 1.084250042784179158e+02 1.001879620908464688e+02 1.029300103401098738e+02 9.469752110609466911e+01 8.826163340083263620e+01 8.003853691809793247e+01 7.828093547421696030e+01 6.983892584120417268e+01 5.881826640332429434e+01 3.862967858649512465e+01 3.668412414374823527e+01 5.504376907422133769e+01 5.210700420022917001e+01 3.194003671992075866e+01 5.041648486707526899e+01 4.928731873359457438e+01 4.817839887352560879e+01 3.330307885452206307e+01 4.599391276487124713e+01 4.356899112897376369e+01 2.348004579413773385e+01
7.183105294123713236e+01 5.794613650349149481e+01 7.765123986253736632e+01 7.787838513420736319e+01 5.815401619066852845e+01 7.597004999125131519e+01 7.930006978208433566e+01 6.460568447678757309e+01 7.093630292183711106e+01 7.775165370268314291e+01 9.075730910610120361e+01 1.121646294688138568e+02 1.007621311402539419e+02 8.127785432573547553e+01 8.180808713920511366e+01 1.008591882335107073e+02 9.697669973300334334e+01 8.038242558913020730e+01 9.109970705976091665e+01 7.486542161953917685e+01 7.679144774727683398e+01 6.016562506056785509e+01 6.645302195799914102e+01 6.159125274458369148e+01 4.143893182861565805e+01 5.881826631915706116e+01 5.504376636254477262e+01 3.485059770145644364e+01 3.363632931518386471e+01 4.998914306537233898e+01 6.027043240732835017e+01 6.499433626260490371e+01 4.496181992207581146e+01 4.496233326091723370e+01 5.778470610198869650e+01 3.768929544334125126e+01 4.218351653038854465e+01
7.765118866154465138e+01 6.534530756023134757e+01 6.534530756023177389e+01 8.512860650900279325e+01 7.787838513420736319e+01 6.406136611836073769e+01 8.384267381546396791e+01 8.449029166205988872e+01 7.449641215835212904e+01 9.448417116578430353e+01 1.065122608253321062e+02 1.202354868108888581e+02 1.029678688497399293e+02 9.267468367192684298e+01 7.308701329972424787e+01 8.642581668180987720e+01 8.296525587631431620e+01 6.896212972906543826e+01 7.129135125023888975e+01 7.438600120081969180e+01 5.862513144097935935e+01 4.857098094362533658e+01 4.640640713943889750e+01 4.432947491498216408e+01 6.158897484874993467e+01 6.983550970752908427e+01 5.844056672559721477e+01 3.860066113102987373e+01 5.381457898980061572e+01 4.985630515192184475e+01 7.206407337615264908e+01 6.494343098286823590e+01 5.917794251089172519e+01 5.918662485564394871e+01 6.604315557292709116e+01 5.778599408448718577e+01 5.048065239173981666e+01
7.779301039402020024e+01 8.512848636514351597e+01 7.099620108098493176e+01 9.086385654822116464e+01 9.047060965083130668e+01 7.058680214474254910e+01 7.241954148522535206e+01 9.233439654531150609e+01 9.448417116578421826e+01 8.708609946114067668e+01 1.072144712622343832e+02 1.203782748114661416e+02 1.104998154300464392e+02 9.249443393615500497e+01 7.295179692526249937e+01 6.674309317263956132e+01 6.320226588639184229e+01 6.011050464362862300e+01 5.726780678873945618e+01 5.451764162810006553e+01 5.179959043646536543e+01 6.856490590766574655e+01 5.466361263875526078e+01 6.442417207618844088e+01 7.265483978894793893e+01 6.425353763190790346e+01 4.454079447047628548e+01 5.844056680610679422e+01 5.373837530880201285e+01 7.167344466110351675e+01 8.154597706713451544e+01 8.453458391029764130e+01 7.903635287748441840e+01 7.910906710498437633e+01 7.250411276656517146e+01 5.222458789356026188e+01 4.760599712540834361e+01
9.186695231985814303e+01 9.717801222600186861e+01 7.721089878333077650e+01 9.717801222600186861e+01 9.803447864746047458e+01 7.802236233294463830e+01 9.233439654531150609e+01 8.229990827614788884e+01 1.023688848144455505e+02 1.012971673917295732e+02 1.155704704941736480e+02 1.121384233573950553e+02 9.243777234635508933e+01 8.270077002043478842e+01 9.051797201423697459e+01 7.224477484495986346e+01 7.908424291567118303e+01 7.410330667233239410e+01 7.709308475397865834e+01 5.799044697134876714e+01 7.172222250404060162e+01 7.994355202654250547e+01 6.466232360208466901e+01 8.280993217034388465e+01 7.145181919726626063e+01 5.173851325416447366e+01 5.333844743457945725e+01 7.248636642941148978e+01 7.270761950009243435e+01 8.088236010684335042e+01 8.335222315044670438e+01 7.508979832683060351e+01 7.412876688673338776e+01 7.331888928769031111e+01 6.503017736418480865e+01 5.309192522263013814e+01 3.317744828121691825e+01
1.119566013050182249e+02 1.055106133082203002e+02 8.607760119221856598e+01 1.055106133082203002e+02 1.063879137387957741e+02 8.951530385717551042e+01 1.063879137276198463e+02 9.645616497771149511e+01 9.645616497771149511e+01 1.166434532346722790e+02 1.298437732935968540e+02 1.203782748114661416e+02 1.104998154300464392e+02 1.022880978518750368e+02 1.028658977873234903e+02 8.581759357392199661e+01 8.829096782360832663e+01 9.390258545386926414e+01 8.228664333684308474e+01 6.245192622811990901e+01 8.228664333684308474e+01 9.273518886910407844e+01 7.870342840367430881e+01 8.209319829621321674e+01 6.218500094069479900e+01 5.968923785226685652e+01 7.308403109668205389e+01 6.942492236939631312e+01 8.936519784646841913e+01 8.335213688804947196e+01 7.176481642311063069e+01 5.496908290092978433e+01 5.400034009815683333e+01 5.657429856000815960e+01 4.486249247749577762e+01 4.710955365116841165e+01 2.566464190226349729e+01
1.062649238053724901e+02 1.144979013304665330e+02 1.002562118467503041e+02 1.144979013304665330e+02 1.180282926829220429e+02 1.096718878302953470e+02 1.129037348052066818e+02 1.166434532347575725e+02 1.166434532346838040e+02 1.249918547141253953e+02 1.153009916202526455e+02 1.069290750187433048e+02 9.872426345624175781e+01 1.005502456441522696e+02 1.087511838231794457e+02 1.083714748556377856e+02 1.063766489969675177e+02 1.021146171400588827e+02 8.228664333668633901e+01 6.844674702175657899e+01 7.648267889689054755e+01 9.629865300330806122e+01 9.853068993076148274e+01 9.035553934593426106e+01 7.209225580579374082e+01 6.956217104299030041e+01 8.783227033227029779e+01 8.936519784646841913e+01 8.925120019446099207e+01 7.508979633115856700e+01 5.496908290091518978e+01 4.323695725051778282e+01 3.969179474383074790e+01 3.641199881283110784e+01 3.322068372165674077e+01 3.011317143129228313e+01 2.771235658839272276e+01
9.229373396649152994e+01 1.120473474285370941e+02 1.204076567113326064e+02 1.190041744228687577e+02 1.107600543054953306e+02 1.071764476568592954e+02 9.319804451960068548e+01 1.030508896644245596e+02 1.112706284582343130e+02 1.150404305430792107e+02 1.035692415510934694e+02 8.721346345311111747e+01 7.878697301505553696e+01 8.061955179013962436e+01 9.316856981571660867e+01 1.013838202426891684e+02 1.148291941400210874e+02 9.497740924580786270e+01 8.097852457017873462e+01 7.731278499601438625e+01 9.629865300330806122e+01 1.045317468144415045e+02 1.094367460983214926e+02 1.003440607874879191e+02 8.625429951836616738e+01 8.372668899213263671e+01 9.782451943100321046e+01 9.816434848272864144e+01 8.099869393470585521e+01 6.096065356136639224e+01 4.922981715670724867e+01 6.347309785939891214e+01 5.400034009815683333e+01 5.657429856000815960e+01 5.338635906592335090e+01 4.983685300173221577e+01 2.980212349844239128e+01
1.062649238053724901e+02 1.116984038496211440e+02 1.199760651720154527e+02 1.076156827819593360e+02 9.110818095752618717e+01 9.741451220190168669e+01 7.956552432282954612e+01 8.355839704380130684e+01 1.030508896646652346e+02 1.068529119997781720e+02 8.694187076969610928e+01 7.540910376531753911e+01 6.725566218085111814e+01 6.908819622218494771e+01 7.322413611228397201e+01 9.316856952454101304e+01 1.073691270002995992e+02 1.090299756494545846e+02 1.007918624226663269e+02 8.873720945102647306e+01 1.053516543803452947e+02 1.035785227292961821e+02 8.943994809732787132e+01 1.035785227292961821e+02 1.061927647785880424e+02 1.036818790179673044e+02 1.039735571408672996e+02 8.409065444095503494e+01 6.997849541662749573e+01 6.096065356136639224e+01 5.489112852304723589e+01 7.500958052172524049e+01 7.412876688673345882e+01 6.739918778613220240e+01 5.815267251054231679e+01 5.176493292261821466e+01 3.184930203229221490e+01
1.084353148920880869e+02 9.170711573731142607e+01 1.084353148920880869e+02 9.889186632786324083e+01 8.002855289076926226e+01 8.926761594969416080e+01 7.005511765409782754e+01 8.926761594969433133e+01 1.006463427387721055e+02 1.106915455461032849e+02 1.035692415510934694e+02 9.319929396695722801e+01 7.906572520229340739e+01 5.910443613716224576e+01 7.322413610710557919e+01 9.316856149667931675e+01 8.739584168031670686e+01 1.014558981174465941e+02 1.168139258534895788e+02 1.085662388300063981e+02 1.017066360091166786e+02 9.342545642035237563e+01 7.530672217275696312e+01 9.463819439802811928e+01 1.071505285168980919e+02 9.886907951045533594e+01 1.071505282745396528e+02 9.816434848272864144e+01 8.499731132854843452e+01 6.502184946076975791e+01 6.916653901072254484e+01 8.326649502416739779e+01 7.382414610236290287e+01 5.351189703774991102e+01 3.930316468331054125e+01 3.475082732371966188e+01 5.099114437502240094e+01
9.259944559570179479e+01 8.016253144103338002e+01 1.001564282765317415e+02 9.074458657507206283e+01 7.154043173354570229e+01 8.169166116480474216e+01 6.449389496145528256e+01 7.234139235356450115e+01 8.473219244475829726e+01 9.987187538870847447e+01 9.906205432962988766e+01 7.913280188667766879e+01 6.501234323507300417e+01 5.502756659372982284e+01 6.914812982217451065e+01 8.909743038426857709e+01 7.293320491172504205e+01 9.137160322571202187e+01 1.020217038636606901e+02 1.116884231775790255e+02 9.342545642035237563e+01 7.343752604752714319e+01 6.637374091920310093e+01 8.635700667489425086e+01 9.715406255068020869e+01 7.887625545669970961e+01 9.715406255068020869e+01 1.048905086548568164e+02 8.499731132854844873e+01 7.505207574077971344e+01 8.911593058309651383e+01 8.545172965297712153e+01 6.759307365408483292e+01 4.728724152566424976e+01 5.945907429907217789e+01 5.467329716096202930e+01 3.796624339375113522e+01
8.674379490724153641e+01 7.260360988765852142e+01 9.259944559570179479e+01 9.889186632977717295e+01 8.169166116480573692e+01 6.251651460551353523e+01 5.906628349792646304e+01 7.846359741664812759e+01 7.531270777200170130e+01 9.209192409588251849e+01 9.744685243752405768e+01 8.551442836400688918e+01 6.556150317439413300e+01 5.143133282659486838e+01 7.140557965792375228e+01 8.308954261740338154e+01 6.246669598333547668e+01 7.346998034766870944e+01 8.777178225231563147e+01 9.936449919174695822e+01 8.341680263676430229e+01 7.929185531184306512e+01 5.930384401416800699e+01 7.929185531184306512e+01 8.887266748141041717e+01 6.888746730934454376e+01 8.180683226722628376e+01 1.017979447478317070e+02 1.031945849716845203e+02 8.912078313220636971e+01 9.140543811077178304e+01 7.099314889874372625e+01 5.656636212354134585e+01 6.759307365408483292e+01 7.390623573891549825e+01 5.428980072406832136e+01 4.026545622417592796e+01
8.119755803488257584e+01 6.705591451049974694e+01 8.705359860023229146e+01 9.833577684131762453e+01 7.900544030556247321e+01 7.386344036258095969e+01 5.452173293479530258e+01 6.196278564403053934e+01 7.472694492974487446e+01 9.334685338021704126e+01 8.922645819106152487e+01 6.928172708039541305e+01 6.802931571902473706e+01 4.801605201795099021e+01 6.802931571902473706e+01 7.529483858112062933e+01 5.473625778270650244e+01 5.887793695798393401e+01 7.080728122039465688e+01 9.116563291307267036e+01 8.341680263676430229e+01 6.342358642385818257e+01 5.412768847559099328e+01 7.413097298652967027e+01 8.180683222163412438e+01 6.182055489815495974e+01 8.180683222163412438e+01 9.570408209302230773e+01 1.061556021863547699e+02 1.089975265068033110e+02 9.140543593740601125e+01 7.099314889791351391e+01 7.697176935225461136e+01 8.414858660696560833e+01 7.362172093917854454e+01 6.246250687784674938e+01 4.271228635749989877e+01
