LEM/with_lateral_4open/elevation_000544.asc
nrows	100
cellsize	150.0
xllcorner	0
ncols	100
yllcorner	0
NODATA_value	-9999
[rows 34 to 50 of 100, columns 37 to 73 of 100]
4.659469167269056555e+01 6.148836235441689269e+01 7.006601348729520851e+01 7.815823675028514117e+01 5.722872794517241601e+01 4.250931002470654363e+01 5.175573984326808841e+01 6.391860974452202981e+01 8.480433337673758842e+01 7.105584957651923617e+01 5.099668990486884468e+01 5.515980067139697951e+01 6.293795032598467998e+01 5.465749014132164518e+01 3.641458839475556886e+01 5.298057676425036533e+01 4.906908962753498571e+01 6.904176211981086908e+01 7.960113720190052788e+01 7.130647043621875980e+01 6.075658057395518341e+01 8.071269018350584190e+01 9.301129992457900642e+01 8.720380465295710337e+01 1.070318771211909592e+02 9.884551364263487017e+01 7.917084456309376606e+01 6.788041166877070509e+01 7.041918655327317822e+01 7.207633393782799658e+01 5.992616189095965495e+01 6.468246117908077508e+01 5.919638843556397489e+01 3.939311612620385006e+01 5.527475615273574761e+01 5.746997656192544213e+01 4.176785736333442145e+01
5.316146666361588302e+01 7.417892674326323288e+01 9.014648174520451107e+01 6.938222754062306308e+01 5.449729123014754606e+01 4.650287311367849696e+01 6.746916311604054783e+01 8.125863132334271199e+01 9.322147663849945332e+01 7.930949928204313437e+01 6.106890147319248285e+01 7.518575268864475447e+01 7.072801375391154011e+01 5.066046092019419689e+01 5.653811106294993039e+01 3.831451327157321884e+01 5.846117661661884313e+01 6.374836466214885178e+01 6.601760920134475441e+01 5.121981336323000988e+01 5.616881575025956863e+01 7.616242364050012270e+01 7.312980356520985481e+01 8.461929633628990644e+01 1.044749620062761295e+02 1.025855359323223297e+02 9.004293445405451735e+01 7.041918655320826304e+01 5.654942742712291448e+01 5.241878223708535955e+01 4.851846985035664517e+01 4.493734469673636767e+01 4.146174385951476893e+01 3.841523381037819007e+01 3.543699572177390422e+01 4.990812036827293241e+01 3.057343059392985296e+01
6.061733306016211742e+01 8.159600861628753421e+01 9.237714764106566179e+01 7.166276489713037279e+01 7.229631077493996827e+01 5.124459729865501600e+01 5.976942450634201975e+01 7.196023650174940656e+01 9.268239361009881350e+01 8.928561357234761431e+01 8.104279767993713790e+01 8.928561351697668158e+01 7.896900519592303169e+01 7.072801375381921218e+01 6.027201914076331235e+01 4.010627282354380441e+01 4.134827766942423466e+01 4.356986764715725258e+01 4.584919411207984297e+01 6.601760920134475441e+01 7.602000708266939455e+01 6.376131032931090914e+01 7.523816477240774248e+01 9.511492693834014744e+01 1.125896636632666770e+02 9.433612080043153014e+01 7.470579810227970086e+01 6.492883507973006374e+01 7.616684925724706545e+01 7.207633326461034073e+01 6.822116442420139037e+01 5.140252255937736692e+01 6.124527768898645519e+01 5.822829864622681839e+01 5.248990585971692013e+01 3.258274953469953061e+01 5.047288349508058758e+01
7.121744258124363114e+01 9.004524948422053399e+01 1.007438092301078427e+02 8.349211030452153182e+01 6.254662501221297788e+01 5.789004494149973112e+01 7.894943756684992309e+01 8.916795646053273572e+01 1.010396789171642951e+02 1.012043929459532023e+02 9.300000147911151771e+01 9.640733719850850036e+01 7.656750419165095423e+01 7.323109879134911182e+01 6.209901560837946022e+01 4.191851975567075073e+01 5.148618450440948635e+01 6.374807426622619744e+01 6.601760920133355626e+01 5.011436159031600113e+01 7.020325381023482691e+01 8.275639548468296880e+01 9.182412671679860239e+01 1.032667478531009806e+02 1.067807096289919002e+02 1.025855414212553427e+02 9.272855149428859534e+01 7.470579810227970086e+01 9.272852550137500316e+01 8.497823025519450368e+01 6.533453265369379892e+01 6.533453280672873120e+01 7.926430236014346065e+01 6.338980718441587925e+01 4.352274672259716937e+01 3.460106181561916827e+01 5.450534556704820943e+01
9.197457465133143728e+01 1.003425190051976159e+02 9.805322844833429485e+01 7.746077301842137786e+01 8.349199327646847735e+01 6.737797614221713616e+01 7.515851198734908678e+01 9.581673582192701133e+01 1.017688268866294834e+02 9.030231444535105823e+01 7.313018219539293341e+01 7.677636197030206233e+01 7.231826225440315170e+01 5.657389536429674592e+01 4.484858652178807148e+01 4.596963854677658645e+01 6.613029043233511572e+01 6.789722115454370055e+01 7.842323834327093834e+01 7.020325381023326372e+01 5.458140073797699898e+01 7.456478346025025417e+01 8.394604399649647064e+01 9.056989898724803822e+01 8.692660231900323708e+01 1.067807095613618174e+02 1.025855618019522666e+02 9.433612088597332956e+01 1.025855142684230685e+02 9.319431371581993062e+01 8.497823207924341204e+01 8.497831862288101945e+01 7.965747255053055653e+01 5.973371808241384429e+01 5.659461388350683819e+01 3.669531169725127739e+01 5.659461388351219568e+01
1.016715000552934356e+02 1.072952625538734850e+02 1.063762626426138809e+02 9.805322887256190256e+01 9.665992535743902181e+01 8.810746890982403556e+01 8.827825421241759329e+01 1.041527101094769705e+02 9.356351653307368110e+01 7.368172227622231674e+01 6.222256079343502932e+01 5.684277855190731543e+01 5.227726733303172324e+01 4.790458414518785446e+01 6.502677490907936431e+01 5.023201666568468227e+01 7.031808271100264562e+01 8.781057830306274070e+01 9.597914170816876833e+01 8.029169289753248506e+01 6.042085967242380207e+01 6.009136830486611558e+01 6.409600506944906328e+01 7.069833396691467442e+01 8.062254706909988045e+01 9.213707009036582463e+01 1.119647907857964526e+02 1.112715427776307848e+02 9.091461192548709391e+01 9.091461229144586298e+01 9.237001746753429643e+01 8.642562851940250823e+01 8.801363405860342937e+01 7.066041361013694200e+01 5.871871200439591831e+01 3.882517607913504065e+01 5.871871187914842949e+01
8.251999830135753200e+01 8.812934329517928234e+01 1.064624177155899645e+02 9.848326083154330490e+01 9.953543079431879903e+01 1.075178449428128005e+02 1.086236017411236361e+02 1.060785172844626203e+02 8.620397740215855720e+01 7.214441917309257235e+01 8.208475726690778629e+01 7.677636197030206233e+01 7.051902833238089841e+01 5.042909464986547619e+01 7.051902833238089841e+01 5.469570540431653427e+01 7.467767649661774954e+01 8.950378909301261388e+01 1.009540696455585618e+02 8.657009953789508927e+01 6.672507032896471912e+01 7.997603621505052729e+01 8.394604399332715161e+01 7.186584850119582768e+01 8.333985346895417479e+01 1.032199817053842850e+02 1.201321286943820468e+02 1.052852337483708567e+02 8.496210598464836039e+01 7.079678552410224768e+01 7.224994708038295244e+01 6.637818839012213346e+01 6.913223698567351505e+01 6.235807815220795192e+01 4.247247839534356473e+01 5.871871200439591831e+01 4.458797704484577906e+01
6.860516657326178347e+01 8.812934329517928234e+01 9.536882991743713944e+01 7.928878819334988748e+01 8.039119691881641927e+01 9.393725016864826216e+01 1.130506343854270455e+02 1.060785172844626203e+02 8.620397740215855720e+01 9.202509536072298602e+01 9.372232741275041690e+01 7.385058930026315238e+01 5.978267672087785911e+01 5.302011757870684505e+01 7.304148333389552761e+01 7.467767649661774954e+01 6.142318019486057779e+01 7.290672488010770280e+01 9.277182732561689704e+01 9.361970272657470105e+01 7.372822921557809650e+01 9.361970250979071295e+01 9.837662950089728042e+01 7.847329392594852493e+01 9.837662950751170854e+01 1.114012462795324296e+02 1.090034681642511032e+02 1.003826914874363609e+02 9.292905266966542399e+01 7.929957967971093069e+01 5.936020651525377900e+01 5.235875496086882208e+01 4.925044742183947477e+01 4.624469162483757856e+01 6.235807815220795192e+01 6.889128514778766998e+01 4.904424346334431561e+01
6.138994101546594351e+01 8.122650441660299236e+01 7.905835101196403514e+01 6.785417872790473837e+01 8.740132688692943930e+01 1.036230713470097555e+02 1.146779114905440622e+02 1.142624168569126226e+02 1.060785172844626203e+02 1.026224300043330970e+02 8.274163477412491829e+01 7.127180353108076361e+01 7.580678375112543677e+01 5.586591900375134401e+01 7.580678375112543677e+01 8.950378909301261388e+01 7.548645050047291249e+01 7.032085985811538364e+01 9.013164899525042983e+01 1.018585682342728376e+02 8.521352111472214119e+01 1.018905440979161199e+02 1.065669358927677735e+02 8.844498558477390304e+01 1.065669738293194655e+02 1.135272224034637105e+02 9.168977320790723695e+01 7.958806671161546831e+01 7.246993888238485226e+01 7.771241164034192650e+01 5.775312663165576765e+01 7.224994025453689517e+01 6.913208280682302131e+01 5.224405464613845140e+01 7.211672835993246622e+01 7.401437352735884190e+01 5.417273755213102504e+01
5.490116479726136589e+01 7.259263743734649665e+01 5.914054383139967541e+01 6.747200276147015074e+01 7.641586760804948142e+01 8.759919395084889970e+01 1.066626478688078237e+02 1.121159909978066338e+02 1.201612251532556712e+02 1.108115369124150078e+02 9.935204813389873379e+01 9.114424753147049785e+01 7.864527436678173444e+01 5.877584021172274475e+01 7.864527364745106297e+01 9.198236089875167920e+01 9.534438577228344514e+01 8.025208785468420558e+01 8.437388883783978599e+01 1.042002642102621479e+02 1.051222375233278399e+02 1.133959917190701390e+02 1.164782154343638894e+02 1.083082734971938947e+02 1.164782237026327465e+02 1.220621138365215899e+02 1.090034681642511032e+02 1.003826914874363609e+02 8.367833798741688156e+01 6.357943811186294880e+01 7.771249752515068110e+01 8.612000627132619002e+01 7.875161325631674458e+01 5.884687984672717675e+01 7.875166936210442259e+01 8.235413671295604843e+01 6.300727146067966800e+01
4.946292178694260855e+01 5.248424483761825599e+01 7.259263743734692298e+01 8.302731800823660535e+01 8.776502419934817567e+01 9.291810273486652250e+01 9.866532397797571718e+01 9.309387527934532613e+01 1.121159909978066338e+02 1.065815744370842850e+02 8.669428527079219293e+01 7.263229822439139127e+01 6.604917049236586024e+01 7.864527123260666031e+01 6.393780817351506585e+01 7.794051704553844218e+01 9.782487809968192494e+01 9.175039254780982390e+01 1.042002642102621479e+02 1.123354217177293037e+02 1.191563155823335336e+02 1.170044338095867857e+02 1.241578651542809268e+02 1.140011829520435640e+02 1.061144249159713979e+02 1.113655556930091706e+02 1.127714593911436651e+02 9.086069660476510990e+01 7.622057186060629874e+01 7.770883362107899472e+01 7.770883234861264555e+01 9.808946906227522788e+01 8.712717432796303285e+01 6.873240156601690387e+01 8.712910890603004077e+01 9.130158393893800906e+01 7.442928621419297031e+01
6.591828844861652215e+01 7.259263743734692298e+01 5.865923991524846315e+01 6.325978097811953660e+01 6.823096115103230375e+01 7.363704836877442972e+01 7.960394752866001511e+01 9.064124272069447841e+01 1.096264228174526210e+02 1.051033037008463396e+02 8.520598973127727049e+01 9.251913731579929845e+01 7.489243415731846198e+01 8.765592501001613357e+01 6.781348835003984732e+01 8.182722951630063335e+01 1.017276520812808656e+02 1.115287500865939450e+02 1.196418350330000067e+02 1.191563155823335336e+02 9.952753980835370839e+01 9.738229624328857881e+01 1.065159600996962155e+02 9.693115043291709299e+01 8.733184478058602451e+01 9.665070892674896186e+01 1.151148870174220775e+02 1.054910052133487284e+02 9.683126670013147930e+01 9.809006117196476282e+01 9.808968827836410753e+01 1.065864443234028300e+02 9.719072059376009065e+01 8.877096044822205556e+01 9.719111715669343710e+01 1.029417475266763091e+02 9.451688908016519974e+01
6.010527032397273928e+01 7.995215564345221537e+01 7.860716235338090030e+01 8.302731800823660535e+01 8.776502419934817567e+01 9.291810273486652250e+01 9.866532397797571718e+01 1.066275492259900943e+02 1.176564692889911612e+02 1.132874025329712566e+02 9.930332742278218916e+01 1.029925635812579543e+02 8.638039886466506800e+01 9.189678728935403740e+01 7.200539461050414047e+01 8.606694712046291329e+01 1.059712675180424100e+02 1.158489197578742136e+02 1.077192876778472908e+02 1.077192876778472908e+02 1.031294872750820701e+02 8.347683107740942887e+01 8.687075261654909752e+01 9.693115043291709299e+01 7.766312936182850990e+01 9.693115043291709299e+01 9.744247043094840421e+01 1.055343865829226928e+02 1.059631320818678404e+02 9.777496590247973529e+01 1.059631320818678404e+02 9.957289923270113263e+01 9.130014633598467810e+01 8.870314029604281814e+01 9.697498996529664339e+01 9.634718322448527772e+01 8.829631828582817832e+01
7.995215564345221537e+01 8.798151085196661825e+01 9.462361291345153802e+01 9.679798854273288100e+01 9.106570504130093013e+01 9.219630230206043109e+01 1.002967266372277351e+02 1.008703504651902421e+02 1.089716850089815665e+02 1.174453033057704943e+02 1.191056850927909778e+02 1.144531618301357554e+02 1.062719596603932928e+02 8.824716963338264009e+01 7.710126048947046229e+01 9.122375184162871165e+01 1.111044388244064010e+02 1.077192876778472908e+02 8.807638982016523244e+01 8.807638982016523244e+01 9.789783874900631133e+01 9.262470067054616152e+01 7.284281649585513208e+01 9.118907309731072530e+01 7.167164057152027112e+01 8.360901313316190908e+01 7.787900781485481616e+01 9.744247028830722002e+01 9.598643036726733158e+01 7.774475833678995684e+01 9.598643036726733158e+01 8.801443487007001920e+01 7.126055933411132060e+01 6.863922676495363362e+01 8.540696307976773483e+01 8.498412692116012579e+01 6.851349336282257241e+01
8.590934315833291635e+01 7.773870437933189237e+01 7.484822393652717665e+01 7.703334415588854256e+01 7.122094996503702191e+01 7.241160543791347948e+01 8.485779620977905324e+01 8.125905676299591107e+01 8.981386958407978227e+01 1.025062544347008355e+02 1.105961633289946633e+02 1.203266344260807585e+02 1.081357252283591066e+02 1.028082938831631736e+02 8.284944412974397210e+01 1.028082938831631736e+02 1.127368597164846875e+02 1.045964062206897012e+02 9.382966140052562309e+01 7.405724223014810548e+01 7.816335549280914563e+01 8.666021803815628743e+01 6.675977865282973767e+01 7.885462750465183035e+01 8.360901313316190908e+01 6.377792231645155852e+01 7.787900781252820082e+01 9.744246575076486749e+01 8.775986211963478922e+01 6.747728410539271238e+01 8.775986211963478922e+01 7.973028538600415516e+01 5.954756387706429877e+01 5.690194044691114073e+01 7.639288345232009192e+01 7.607551881857787635e+01 5.681263301183228265e+01
7.368204219560243473e+01 5.759293531840140901e+01 6.053744833612499576e+01 7.212726307755472988e+01 5.680505365850658706e+01 6.063169656243132266e+01 6.484941406153973276e+01 6.998957608793917018e+01 7.639996884040662906e+01 8.303989302093660285e+01 9.280470807870773342e+01 1.122078007957317141e+02 1.278963825931371190e+02 1.094451163524753241e+02 8.953464894453865952e+01 1.094451163524753241e+02 1.045964062206897012e+02 8.494995445466811645e+01 9.070426695068151446e+01 8.394345181533688560e+01 6.398583750072522491e+01 7.579629272019261066e+01 7.279365326239185663e+01 5.878286010941215523e+01 7.389312439778532848e+01 5.942884568211995600e+01 7.363905932480865602e+01 9.332872349984538118e+01 8.099900237509028500e+01 6.062816689758285804e+01 8.099900278155413957e+01 7.973028538600415516e+01 5.954756387706429877e+01 4.778451640596293970e+01 6.111725174963731178e+01 6.790267043905473088e+01 4.769856867584604743e+01
6.120719493819589019e+01 4.585860794062344326e+01 4.875939626523071979e+01 5.184281480530315633e+01 7.212726307755472988e+01 8.077358430900069663e+01 7.654750523632266379e+01 8.981386958407976806e+01 8.981386958407978227e+01 1.025062544347008355e+02 1.105961633289946633e+02 1.203266347902551985e+02 1.234119702856033172e+02 1.036598560296898057e+02 1.036598560296898057e+02 1.108180907623345064e+02 9.121507081572195830e+01 7.983179451845190044e+01 7.089610199527801626e+01 6.505390931682450173e+01 5.940235862161680558e+01 5.565341026948271264e+01 5.253716029431105028e+01 5.344378701955277222e+01 5.370434792484919484e+01 7.389312439778532848e+01 8.753987706621971654e+01 8.980630589861137025e+01 7.511844897252173325e+01 5.480706107153775264e+01 7.511844897252173325e+01 8.801443487007001920e+01 7.639288345232009192e+01 6.111725174963731178e+01 4.086102656828993673e+01 5.755140544497045596e+01 4.294018788654816632e+01
