LEM/with_lateral_4open/elevation_000423.asc
nrows	100
cellsize	150.0
xllcorner	0
ncols	100
yllcorner	0
NODATA_value	-9999
[rows 68 to 84 of 100, columns 0 to 36 of 100]
5.009162696260269221e-02 2.005009162696224578e+01 2.660138395401089539e+01 3.013764487940855119e+01 3.385241754872529185e+01 3.777569918113334779e+01 2.630622641746501600e+01 3.297593063313956918e+01 4.053621070721609954e+01 5.053358072545145063e+01 7.052867063152355342e+01 7.456283131616308424e+01 5.612103556120462855e+01 7.456283131616308424e+01 8.045269913523696914e+01 8.127608430912967208e+01 8.964700950866485130e+01 9.604304372931773059e+01 8.464749300508090357e+01 6.812981455014001142e+01 8.464741700136835334e+01 7.356170120785421318e+01 5.385424465843150443e+01 6.827665152947025717e+01 7.161121323697074104e+01 5.997178869701775739e+01 6.330914750162483529e+01 6.923434908611771732e+01 7.576796831934832710e+01 8.965439436496349401e+01 1.094213420385513302e+02 1.030429730421879384e+02 8.329663173238066065e+01 7.189923256393861095e+01 6.300500868707835878e+01 7.670011896852140865e+01 7.264567150896772318e+01
4.695337527364121244e-02 3.170434619081430760e+00 6.600467434606588135e+00 1.013623977598506443e+01 1.385074470619482767e+01 1.777414827073080872e+01 2.444282507444659203e+01 3.444333162254273617e+01 4.598879503856563389e+01 6.598676602007431313e+01 7.881170878133363544e+01 6.621032042576113952e+01 4.605172943528175722e+01 6.027248826386090741e+01 6.027248826386090741e+01 6.108054528333151723e+01 8.127608430912967208e+01 9.763994807698058764e+01 9.609635404404892256e+01 8.783208885023628909e+01 8.962752225789500926e+01 6.995101851747210731e+01 6.011698575294316527e+01 7.977958348046323067e+01 8.556688590320790411e+01 6.591370316130459628e+01 8.296033094628937477e+01 7.934423621902777768e+01 9.544399929519768477e+01 9.181415973442840084e+01 1.115949331887892697e+02 1.112904772873786072e+02 9.986203769604131253e+01 9.101942229772616599e+01 7.670011896852140865e+01 5.683746403886066645e+01 5.275459810182567111e+01
7.614146464036156137e-02 2.007614146464000626e+01 1.471778882503603647e+01 3.013764487940855119e+01 3.385241754872581765e+01 3.191827371929379353e+01 3.777569713656575345e+01 3.858492225206572357e+01 5.858268672743547967e+01 7.427028774377090770e+01 6.662329208038421768e+01 5.828497002122865922e+01 3.891491335982443900e+01 4.010353826629981455e+01 4.683045591881159453e+01 6.108257109786965344e+01 8.134096657962643917e+01 7.745750443476161706e+01 8.601907763337398194e+01 9.433375670044327421e+01 9.782173671174457752e+01 8.672646306316333664e+01 6.707772041910897087e+01 8.672646306316333664e+01 9.212172103905795950e+01 7.245721563150770805e+01 9.212172103905795950e+01 9.905010734417193419e+01 1.072765481772659086e+02 1.115949331887892697e+02 1.157074764840874082e+02 1.042804951858859255e+02 9.605777951281019966e+01 8.910111287815067271e+01 8.315757469027404625e+01 7.144413153263494110e+01 5.151732876571885811e+01
2.352828262072655108e-02 2.002352828262037221e+01 3.471787106793711075e+01 2.886007380872715800e+01 4.885984465675343813e+01 5.191677518406797276e+01 5.777415404368939278e+01 5.858268672575843539e+01 6.686616506869238208e+01 6.414970660114474299e+01 5.498106857950205750e+01 3.810578503178411580e+01 3.214018102962985779e+01 5.236042594093755298e+01 6.699568171427017660e+01 7.536377739599821268e+01 7.647191343812457376e+01 6.311643847385262518e+01 6.574882167800140564e+01 8.601907763337398194e+01 1.027189554654388814e+02 9.491464618711813728e+01 7.840528276827184584e+01 9.491464618711813728e+01 1.003327152065968875e+02 8.226270993799086284e+01 1.003327152065968875e+02 1.084191977909589326e+02 1.001547212548111787e+02 1.084191977909589326e+02 1.074512189071894568e+02 8.771720300316778207e+01 7.638135490552261331e+01 6.938862678181959609e+01 6.337018477890602242e+01 5.815205436361537039e+01 7.039733176520547886e+01
6.786455232800275850e-02 1.421000017605907750e+01 3.421000017605977916e+01 4.885984465675343813e+01 5.714405610725989959e+01 6.150961759342632718e+01 6.940193923576529755e+01 6.523801065235812757e+01 5.675178709622174011e+01 4.843495017256527291e+01 3.563826307447149588e+01 2.634513411048792975e+01 4.663451213554562713e+01 6.025040420936229424e+01 7.534963394664988812e+01 7.053322126863511699e+01 5.623208693415387671e+01 5.147337463736432284e+01 7.168584194071894444e+01 7.337666730286007066e+01 8.804781138414945474e+01 1.003598941126457333e+02 9.809340673545568734e+01 1.063044221417561914e+02 1.102155292515450071e+02 1.019807321401248998e+02 1.102155292515450071e+02 9.842504976568979203e+01 8.015147842755902730e+01 9.842504976568979203e+01 1.113347525558210407e+02 1.042804951858859255e+02 9.605777951281019966e+01 8.910111287815067271e+01 7.738311199317658406e+01 7.226631443855386294e+01 8.511320529127669943e+01
3.257643153035955086e-02 1.190987260272085457e+01 2.797298666011208113e+01 5.111454095793376240e+01 4.699061568624563279e+01 4.324768820051571083e+01 5.488254169997836129e+01 4.618034962771812246e+01 3.674861279277119053e+01 2.819362007637008460e+01 2.121241413661024211e+01 4.155148423877334807e+01 5.375248261530609994e+01 5.008313948904408619e+01 6.055266070287514424e+01 5.453844191880883585e+01 4.199122525983185739e+01 6.215587381461443073e+01 6.493875739385083534e+01 5.892304217989487114e+01 7.108429673838385554e+01 8.743743541123369312e+01 9.944389859839210999e+01 1.044477430958462065e+02 9.615587632037420462e+01 1.044477430958648654e+02 1.016983715105705812e+02 9.015309984118515274e+01 7.015215272992091400e+01 8.308169717492098982e+01 1.016534193056393605e+02 1.017225241489046113e+02 9.345080872292290053e+01 1.017225241489044549e+02 9.709836084902916298e+01 9.200790548335805852e+01 8.731540964976785801e+01
1.880098487986705744e-02 1.552407781647483986e+01 3.583261458437359437e+01 3.669861828735381692e+01 2.850920785461728357e+01 4.699061568624556884e+01 3.979485059441090300e+01 2.275313974434325104e+01 3.161526967744936911e+01 1.640524800101274039e+01 3.674861279276077397e+01 3.993873624422487012e+01 4.146490912199731582e+01 3.617534330076378524e+01 4.138905553797901860e+01 3.435331814087063407e+01 5.404310612198774777e+01 5.793525970276056114e+01 4.451981588470145113e+01 5.070266758554194553e+01 5.833289833150032422e+01 7.003419017434397631e+01 9.085090237352332565e+01 9.444201435453345539e+01 7.614726852207658681e+01 9.444201435484696106e+01 9.339295176500198181e+01 7.338165504815340512e+01 6.308108650087487490e+01 7.338124607262098209e+01 9.338298162315783202e+01 9.172591427331846603e+01 7.344784162129199956e+01 9.172591427331846603e+01 1.001646982458417625e+02 8.794895250054152314e+01 7.939988389343093900e+01
2.900726248362994752e-02 1.588896536149566785e+01 2.770510048367608391e+01 1.776666118379580439e+01 3.669861829737568115e+01 3.722260206834194918e+01 2.855723651366533034e+01 1.061082520387954986e+01 1.205550451508597654e+01 3.235446683737892215e+01 3.687372280171468475e+01 1.959295517698027567e+01 2.180280438269287657e+01 2.442171079498473674e+01 2.713392916827190149e+01 3.046691443149011391e+01 3.385791917241960647e+01 3.744932157264498329e+01 5.793525970276056114e+01 7.108429673838384133e+01 7.883236798168418602e+01 8.743743541123369312e+01 9.807859416265169727e+01 8.615157242122535308e+01 6.614824888375027001e+01 8.615157242122536729e+01 9.118985426438840136e+01 7.119306397735307712e+01 5.704884820084615882e+01 7.072619700343685167e+01 7.900650905556041437e+01 7.344818742784849519e+01 6.344704968358951191e+01 8.344932517210739320e+01 9.190930189620766555e+01 7.024235434228158681e+01 5.202105644267042805e+01
5.081304048347550645e-02 1.465844238551591339e+01 8.620184176813143750e+00 2.412385365284357519e+01 2.546832924021516931e+01 2.682861441818927872e+01 8.594867902331337461e+00 2.781404402227532913e+01 3.224586012055414841e+01 1.441257185235100202e+01 1.652553270802648910e+01 3.687372374545517317e+01 4.218522710480676352e+01 2.819301040321803242e+01 4.745615768853914318e+01 5.075618324708016615e+01 5.411997504554704363e+01 4.692704801454901542e+01 4.613099499611724497e+01 5.773639724675263096e+01 7.218846409747834514e+01 9.309199770956138309e+01 8.978818179904759234e+01 6.978183476529690665e+01 5.948212908913264130e+01 7.948379790873362083e+01 9.329239248702724296e+01 8.227459989770518689e+01 6.227217933320021359e+01 5.071776104010100283e+01 6.528059048541244636e+01 5.344174249416265354e+01 6.758961615268785295e+01 8.759202965643648042e+01 9.068816055076020177e+01 7.100749021780758596e+01 5.849764104957700539e+01
4.469920835086939326e-02 1.327699806722779652e+00 2.613348504016810736e+00 3.934985767497014120e+00 5.265366522058063659e+00 6.604668993110375474e+00 2.682161191124182409e+01 3.624851637695186213e+01 3.448362938284994073e+01 3.474215535274135647e+01 1.846689752658889461e+01 3.871330867341841042e+01 5.688889292428860500e+01 4.850205918113049819e+01 3.509525527019495428e+01 5.530850042358118657e+01 7.058895852253932901e+01 6.584158498891456190e+01 6.033872004370579134e+01 5.885984640930865908e+01 7.946248910859974046e+01 9.626482807486318904e+01 8.471320306545018752e+01 7.345306784913664444e+01 5.345269563060658413e+01 6.499848348769772599e+01 8.500224486530083823e+01 9.055148541638044435e+01 7.900650815206066113e+01 6.528059048541244636e+01 4.526063612028428196e+01 6.527524661102700065e+01 7.053059683863860130e+01 7.895838275464164724e+01 9.249956596830446642e+01 7.551863894138281807e+01 7.687965431831052854e+01
2.324776005098762310e-02 2.002324775894024711e+01 2.278963415839409734e+01 2.412392505291864708e+01 2.392411940377464319e+01 1.157951925137244409e+01 2.304847945241376550e+01 3.861109384279961176e+01 5.392911306897389778e+01 4.163088961093106377e+01 2.141729579017235352e+01 4.163088961093106377e+01 5.429913954400092990e+01 6.369006285982766258e+01 5.530850042358118657e+01 4.287856437091750905e+01 6.302280101555233927e+01 8.090628958031496154e+01 8.094859200222840911e+01 7.333852261098110148e+01 8.808465014933950954e+01 8.797424986243345302e+01 6.796924110182847301e+01 5.642330645929563104e+01 4.886566184672765445e+01 6.342162779040378950e+01 7.170859829105889105e+01 8.435713325315427369e+01 7.615844253395380292e+01 6.222761673610526145e+01 4.219749199296724385e+01 5.800558789865660714e+01 5.001078192661670840e+01 6.307601174755892970e+01 8.453058995349945803e+01 9.308755333554347544e+01 8.289414057020083249e+01
8.699724428260374731e-02 2.008699724428224798e+01 3.465285312438119547e+01 4.293712437188251130e+01 3.943697843851526130e+01 3.337993477008797072e+01 1.920371158873487616e+01 3.042216891545753299e+01 5.039407377130592636e+01 4.163088961093106377e+01 4.163088961093106377e+01 2.590789308565768678e+01 4.601963047561344666e+01 5.907682458848719875e+01 7.140315945678990772e+01 6.302280101555233927e+01 5.239742741566254125e+01 6.656235387549199345e+01 8.682986672504412695e+01 9.424705208266904322e+01 9.451401498031742676e+01 8.622825473774079796e+01 8.471320306545018752e+01 7.642435266935736138e+01 6.342162779040378950e+01 4.342379994091204054e+01 6.342162633113782277e+01 6.622164475653855220e+01 5.618745991670542139e+01 5.985488479815035845e+01 5.419390195520172426e+01 3.796123411170393780e+01 5.214283138810761642e+01 7.216852608525435642e+01 9.124907085790400174e+01 8.605777367277082135e+01 6.587596877112318339e+01
2.249585233037712170e-02 7.093563664195882801e+00 1.465285312438049381e+01 2.619985850817321449e+01 4.619985850817391793e+01 4.702301312147203305e+01 2.659531400435945159e+01 3.921205838012109268e+01 5.869477592985407455e+01 6.163005959060103578e+01 4.235790816303258310e+01 4.601963047561344666e+01 3.081164439145214118e+01 5.079705806429723935e+01 6.313664345732762939e+01 7.144613985326816419e+01 7.249857095134028384e+01 6.656235387549199345e+01 8.682986672504412695e+01 9.175787432928211729e+01 8.296600748533866465e+01 6.622728907178363045e+01 8.296600748533866465e+01 7.402919938044878734e+01 5.402837081162908817e+01 3.988747110520874628e+01 5.510580087804833482e+01 4.619750461184024459e+01 5.918404709456005719e+01 3.985145946448469800e+01 3.416509554842481577e+01 5.419700910350655221e+01 6.630041179491678349e+01 6.294913509649354921e+01 8.295540462879344545e+01 9.429033114354005818e+01 8.289414057020083249e+01
2.739267172789772165e-03 1.414487489090361549e+01 3.414487489090290495e+01 4.293712437193560305e+01 5.448412975579264383e+01 5.550274559795428075e+01 3.837564672416787204e+01 5.550274559795428075e+01 6.805501091214014764e+01 7.061116496287171174e+01 6.231242634636257094e+01 5.576860355333968045e+01 3.588242159716990187e+01 3.794524565344654121e+01 4.326580732024627451e+01 6.313665541141619286e+01 8.088448756650656435e+01 8.682986672504412695e+01 9.525022528513815701e+01 8.345601377665484222e+01 6.345199668047613528e+01 5.468234501876496978e+01 7.468069182644799753e+01 7.924939197995796292e+01 5.924678188737298967e+01 4.510619101371932516e+01 3.510158667651744224e+01 3.204429815819372607e+01 4.788257713697861107e+01 3.088695176815156529e+01 5.091199260962989825e+01 4.125768442007932890e+01 4.661311369688758788e+01 6.662092706843621670e+01 8.492405453265139670e+01 9.493529795215401634e+01 9.035387981163020754e+01
8.327778614586213435e-02 2.008327778614550851e+01 3.186883824899454254e+01 3.893990606086049411e+01 4.722417730832268745e+01 5.877118269211540991e+01 5.896230296163439988e+01 6.731869597570609187e+01 6.728724059801952251e+01 7.557151184548082767e+01 7.522186033521109039e+01 5.521362130984713446e+01 4.122330153952587040e+01 5.782594743184640862e+01 6.313665541141619286e+01 5.256994968968071191e+01 6.666645658063529822e+01 8.678863092015325265e+01 8.807089876974680465e+01 7.652163063140837096e+01 6.712003126707890033e+01 4.712571700499098171e+01 6.712202721422639229e+01 7.200730479544725426e+01 7.339267220102651379e+01 6.339189059462982101e+01 5.510576965888643741e+01 4.788245852082876297e+01 2.785878152003185804e+01 4.788257700671267969e+01 4.355854911388472317e+01 6.127337870216604188e+01 6.662092706843621670e+01 5.661846344552279220e+01 6.661926311798934819e+01 8.662751827889717049e+01 8.214302710725621637e+01
6.510866554257997707e-02 5.838611357438861837e+00 1.186883824899418727e+01 1.893990606085978712e+01 3.048691144465250602e+01 5.048691144465320946e+01 5.296924587017577579e+01 5.723326019728550307e+01 4.728724059802093649e+01 6.402450646168873050e+01 7.305055227781799942e+01 6.937832602359245016e+01 5.262763615010473472e+01 5.177643301121437247e+01 7.175047151248993771e+01 7.256010499246222878e+01 6.666645658063529822e+01 8.678863092015325265e+01 7.978783937048021357e+01 5.978880533638924533e+01 4.824496709940299866e+01 4.158134526172612766e+01 5.567982151051266015e+01 5.201030338484287796e+01 7.200730479232728953e+01 6.457231254134865139e+01 5.628651275970068468e+01 4.617424119140655137e+01 2.614066089017137884e+01 4.031528192954303336e+01 6.031886819811116851e+01 5.770647301441082533e+01 7.770835885975947122e+01 7.662339069025618699e+01 8.492406714849488480e+01 9.493530039560231160e+01 9.035387986970977181e+01
8.953482861371392376e-02 2.008953482861335971e+01 3.186883824899454254e+01 3.893990606086049411e+01 4.722417730832268745e+01 4.711138149390451701e+01 3.296924587017507235e+01 3.723326019728621361e+01 3.574023521422883221e+01 4.476628103035810113e+01 6.476628103035668005e+01 8.093459260421995793e+01 7.261170824326715945e+01 6.585916933968005083e+01 6.805940914050805191e+01 8.817381567659597863e+01 8.678863092015325265e+01 9.510251855237783047e+01 8.238322289145344257e+01 6.238365340584090291e+01 6.722450337517507535e+01 4.722852781435135938e+01 3.568509224028277060e+01 5.068113919286022906e+01 5.896375029625158959e+01 5.628652751252928965e+01 3.627536401817974365e+01 4.213643380791238968e+01 2.442790510508637780e+01 3.863012400416330649e+01 5.863559584507316202e+01 7.770835885975947122e+01 8.598967093105991921e+01 9.146122270421795974e+01 8.317472611758368828e+01 9.146122270421795974e+01 9.210966025773048216e+01
