LEM/with_lateral_4open/elevation_000614.asc
nrows	100
cellsize	150.0
xllcorner	0
ncols	100
yllcorner	0
NODATA_value	-9999
[rows 51 to 67 of 100, columns 0 to 36 of 100]
6.455108993161302877e-02 1.420668671366268754e+01 3.420668671366339453e+01 4.500195159764660247e+01 5.328622263466896669e+01 5.938299971964862323e+01 4.894027180695179879e+01 3.485351943557623144e+01 4.086607931962191742e+01 2.196450077011038715e+01 1.797236848125860931e+01 3.733000198618484688e+01 5.048464565870195031e+01 5.931316628663909540e+01 7.083327089685380429e+01 6.357175820767322705e+01 4.281816834657784909e+01 3.050811081119471879e+01 4.078180212592905463e+01 2.804406465225548573e+01 1.840599195982863634e+01 1.924367472822330072e+01 3.922926944020309037e+01 4.811501505369839293e+01 5.967196728363770575e+01 6.875841163869752393e+01 5.461484771702718177e+01 5.659294879851424298e+01 3.701114586703882026e+01 5.659298149617601581e+01 7.130013919588347449e+01 5.717438556380366776e+01 6.404896750615715462e+01 5.008165140745376220e+01 3.777157216976802800e+01 3.912663463446429546e+01 4.054423663693444269e+01
3.995603441288197999e-02 1.003995603441296858e+01 2.418209165814417005e+01 4.418209165814487704e+01 4.847895680136977603e+01 4.016368989471757089e+01 4.014849853918928346e+01 2.099404597848065279e+01 2.855401140839614982e+01 1.329786367689628435e+01 3.270262465944370689e+01 4.552326469041305046e+01 5.577029264989030111e+01 6.400508903389587090e+01 7.075084419657771662e+01 5.941950340421457355e+01 5.034881199300728127e+01 4.025034645330178051e+01 2.116220906880424835e+01 1.722117074444643947e+01 3.720710505037190075e+01 3.313546313314643754e+01 2.571047439967908588e+01 4.570878689903554459e+01 5.278539555204772427e+01 7.278612644575406421e+01 7.463560212150501627e+01 6.113837197590159178e+01 4.134386313285685333e+01 6.113837036073396547e+01 7.772100866661604357e+01 7.719046515270802900e+01 7.801580639448971510e+01 6.415832428470839943e+01 4.410860936237380514e+01 4.429695786942323110e+01 6.059202623119347919e+01
4.804567899273937126e-02 2.004804567899238421e+01 3.832422728193770212e+01 4.612403378494181538e+01 3.731811348246196758e+01 1.991418291670633778e+01 2.432702321589553307e+01 1.189262628238722108e+01 9.010169605736374265e+00 2.831442546250856296e+01 3.998236472171495848e+01 4.168658335756226307e+01 3.585291996016002969e+01 5.577029264989030111e+01 6.257241055190235812e+01 4.299484115357911662e+01 3.010002066813511590e+01 1.825422605457812963e+01 1.603570504645722394e+01 2.294738476980908359e+01 3.412476334231892139e+01 5.206103372114685612e+01 4.570878689903554459e+01 3.276969057009113584e+01 5.278539555204772427e+01 7.106403566350287804e+01 7.764581384921270057e+01 5.742828216874338665e+01 6.113839787104096501e+01 4.915791245059920556e+01 6.348109491392121839e+01 8.370259593183914149e+01 7.489291820996872673e+01 5.483703860537531227e+01 6.417259962859189670e+01 4.964277118963506297e+01 6.971925529928908816e+01
9.707512844716031930e-02 1.999244105056677157e+01 3.049622223751965677e+01 3.786010503973404440e+01 1.817837979672302140e+01 1.194709302596352174e+01 4.191949040068352339e+00 4.805686451601721920e+00 2.020803068390438639e+01 1.022761702656306149e+01 3.130629629114522317e+01 2.173462676155430628e+01 3.585291996018210625e+01 5.577029281115855497e+01 5.826116910872783450e+01 5.314381153287566661e+01 4.203459792945582052e+01 3.406143342194265244e+01 1.520408379498250717e+01 3.521306379943472109e+01 5.218007426519039882e+01 6.185104381748278968e+01 6.106301620919585815e+01 4.432295792283000679e+01 4.277271090009548260e+01 5.279369473210943653e+01 6.695759823976841574e+01 7.764565705969158671e+01 7.772951792832310502e+01 6.083800375789032699e+01 6.348109339527169226e+01 8.370240651744644822e+01 8.315595033414332704e+01 6.489557463296209505e+01 7.551953262515208110e+01 5.544396625109294519e+01 7.551953262515208110e+01
5.001202446392439237e-03 7.713716874549598757e+00 2.087652122826829526e+01 2.198078756201099182e+01 2.258861906362504257e+01 3.326295131704556152e+00 2.345612471851980629e+01 2.317938214533413444e+01 5.697513270503081984e+00 6.329793054271360297e+00 1.234322073746113091e+01 3.228114079955032878e+01 4.992899730642756850e+01 5.239097858729624591e+01 3.824322119449331581e+01 4.509092460287540405e+01 1.341441197492349424e+01 1.403569404232381679e+01 3.285012458441367045e+01 2.785508124172600120e+01 4.200331098491905379e+01 6.201717809995379582e+01 7.261194807961085473e+01 6.434530033150042527e+01 6.279802290408707677e+01 7.106403566350287804e+01 8.105424974268001392e+01 9.514619967887944085e+01 8.938395760782759680e+01 8.110504610408447945e+01 8.370240656261216827e+01 9.198065495008289361e+01 9.314288142593551356e+01 7.905575863946356208e+01 8.219095599899401350e+01 6.217668587751978748e+01 8.219095599899401350e+01
5.279685921607564503e-02 6.547261244123623314e-01 1.256928184472056342e+00 1.859950849766651482e+00 2.463811842524842977e+00 1.008607586228612440e+01 3.016440670979162775e+01 3.402362296822643373e+01 2.717988364821221836e+01 2.038162627943798810e+01 7.233673521822987951e+00 2.739535660112034421e+01 3.660184092627194730e+01 4.403665247733475496e+01 2.408840835217992549e+01 3.145816320807118416e+01 3.212190490887990535e+01 1.320743658853167801e+01 3.325113260171207230e+01 4.783526211379782467e+01 5.614574810004714323e+01 5.999482667666566726e+01 6.204992508410200713e+01 7.004621320386743832e+01 6.478938912434801978e+01 7.157773968016512356e+01 7.955104734039892378e+01 9.061128552499646105e+01 9.678739016292311703e+01 8.854566133872131672e+01 8.854566132552886870e+01 8.706171279945309038e+01 9.530269245769545705e+01 9.897599841540655063e+01 9.042547823548638064e+01 7.223879440448762068e+01 9.042547823548638064e+01
5.738623160518319517e-05 1.999940493206023007e+01 2.137418116659522838e+01 2.198075216480786764e+01 5.699390693025878640e+00 2.656531335909344804e+01 2.282431472929111393e+01 4.279493761653175454e+01 4.652633033816995578e+01 3.504161346507680719e+01 2.714909186034369881e+01 8.144052451472601817e+00 2.830335911964968787e+01 2.986881408878186761e+01 2.771079615833335907e+01 1.135333623641620626e+01 1.203399630073521642e+01 1.321892295804467210e+01 3.318122453723584186e+01 4.310560824599676977e+01 5.390817654271130976e+01 4.042696713263578090e+01 4.255694745221932607e+01 5.612094419000025880e+01 4.540615699193282495e+01 5.237738483580607607e+01 6.351934553908598247e+01 8.258571079058697251e+01 8.854566133437931796e+01 6.861460196344259543e+01 6.861460196344151541e+01 6.712443963727243101e+01 8.123945978576550431e+01 1.011178749886651076e+02 1.003721059051689650e+02 9.214311759350053421e+01 1.003721059051689650e+02
4.532054705376769438e-02 1.159232581298484277e+01 3.159147724685053404e+01 3.313910646640917435e+01 1.245430886242822588e+01 3.313937490112540019e+01 4.279493764419279955e+01 4.279493764767450159e+01 5.649920092892372026e+01 3.747583026912007398e+01 1.748152093584717903e+01 1.351809231707314574e+01 9.071374218648069032e+00 9.731263449763149609e+00 1.039496424489731297e+01 3.052260439490972033e+01 2.517562255646629055e+01 3.316603925703938671e+01 1.488397267006334701e+01 3.481704693549472296e+01 3.937878052303077681e+01 2.633904927967932252e+01 3.133965176497317984e+01 3.650648697444511015e+01 5.612094419000025880e+01 7.157773968016512356e+01 7.955104734039892378e+01 8.409574914400815260e+01 7.584375595068760845e+01 7.445227407188878033e+01 5.441479091301374638e+01 6.861460196344124540e+01 8.854566131912096694e+01 9.793279119496627061e+01 8.968112677461381566e+01 9.793279119496627061e+01 1.078841287031263079e+02
9.001595176218035732e-02 2.008998287002300742e+01 3.986745413090145007e+01 4.165565792171542370e+01 2.754586026223540784e+01 2.754586026338755644e+01 4.751155605110889013e+01 6.263620698533541287e+01 4.821031419870912060e+01 2.812793365016876734e+01 2.203849123016422240e+01 3.269748437772382488e+01 2.834031860025591953e+01 2.298765837442582693e+01 1.392176402678236791e+01 3.447303719651583265e+01 4.309111276281603864e+01 4.281875556386512471e+01 2.631501262823552523e+01 1.654276512829850176e+01 2.047675133624637311e+01 3.937654795630223248e+01 4.776127145040534572e+01 5.612094419000025169e+01 6.410833596545035107e+01 7.484906186551931739e+01 7.669966450528767155e+01 6.843243563576146471e+01 5.583075713383531991e+01 6.927861817969493075e+01 4.921507687561705779e+01 6.927861817969493075e+01 8.694139528885136770e+01 7.971825242326973182e+01 6.975537807192574746e+01 7.973749576754241275e+01 9.379484394654303969e+01
5.674351268809080251e-02 1.419887913641916555e+01 3.419887913641986898e+01 4.869909585249952499e+01 4.751155497562169217e+01 4.751155605110889013e+01 5.577140900575500382e+01 6.457534113133944231e+01 4.453235834838102392e+01 4.821031421157830721e+01 3.364832118749696832e+01 3.476961289700265212e+01 4.596080733183907796e+01 3.624812712911125345e+01 1.729566861566916813e+01 3.159235705337445665e+01 5.232702861306515985e+01 4.579632955799289107e+01 4.437073772874848743e+01 3.647208609799233159e+01 1.826009810457311033e+01 1.949071667712293632e+01 3.947228401377475393e+01 4.956428286106800130e+01 4.656743797740893598e+01 6.659085424302902823e+01 6.843204995895935383e+01 4.839036432472439486e+01 4.423107026554804833e+01 5.835565644398925400e+01 4.447893759738039421e+01 5.869140167877472436e+01 7.118997403988890937e+01 5.971766675648449052e+01 7.971825242326939076e+01 9.170016930417624224e+01 9.991548708264869560e+01
9.518805923843161321e-02 2.009518805923807605e+01 2.939298243344729045e+01 2.869909585205580527e+01 4.058718712013696006e+01 4.765825493226999043e+01 5.594252645690868775e+01 6.748953213527309458e+01 6.457534113458561364e+01 6.217419548460458145e+01 5.388946773777507815e+01 4.496102266420781746e+01 5.657463599036196911e+01 3.594161968545756736e+01 2.107714788578517684e+01 3.321294849950261607e+01 5.395077169331980116e+01 6.504760130169222521e+01 4.816763485006966050e+01 2.763127554310529277e+01 3.848670223149155589e+01 3.947228400859502528e+01 2.125288139965135770e+01 3.019747217945342044e+01 5.024180332365759938e+01 6.556379348887597303e+01 5.958403352642951489e+01 5.130053370794001211e+01 3.421332012757093111e+01 3.829189347642119401e+01 5.835565644398918295e+01 6.332177957308552863e+01 5.112993547840249420e+01 6.988593421335131950e+01 7.544021119661194064e+01 7.178586900290248707e+01 9.002097519486639499e+01
9.062254805971975413e-02 4.678937225470975569e+00 9.392982433381334317e+00 1.455696022832460201e+01 2.058718711987998162e+01 2.765825493174558147e+01 3.920526031553850288e+01 5.920526031781165699e+01 6.600763800594910435e+01 7.429194026370539916e+01 7.329558824573648224e+01 5.917576867797557583e+01 5.876808210044772096e+01 3.821295394970060499e+01 2.640552961795918918e+01 4.740760202390119815e+01 6.220536394386758872e+01 6.304069904064606078e+01 4.200700994828727630e+01 4.200700994828727630e+01 5.692764201002139401e+01 4.956647995311220001e+01 4.127787706470724771e+01 2.307145089348754396e+01 3.725034934289655553e+01 4.676069880053236005e+01 4.841268414757188765e+01 3.127227377451813339e+01 5.130407467273627020e+01 3.789122440234233835e+01 4.054166025522415140e+01 4.324354022072093073e+01 4.645634698322812284e+01 4.980612986610664450e+01 5.539816866903800019e+01 6.253057286379894464e+01 7.012426827325515433e+01
3.063233560239582431e-02 2.003063233560203926e+01 2.939298243344729045e+01 3.455696022845458515e+01 4.058718712013696006e+01 4.765825493226999043e+01 5.594252645690868775e+01 6.274491944547131084e+01 4.600763120973726927e+01 6.274491944547131084e+01 7.429194026370539916e+01 7.915790905974239422e+01 6.699087635366028337e+01 5.572978807109898014e+01 3.711678972846743108e+01 3.711678972846743108e+01 5.769841433071007231e+01 7.184827667248812588e+01 6.304069904064603946e+01 6.304069904064606078e+01 6.167403275231035309e+01 4.812973180100237869e+01 2.808903071519333139e+01 4.311951772318166576e+01 2.507235461448845726e+01 2.672404741818994367e+01 2.838499928897626390e+01 3.127227377451813339e+01 5.130356743451942236e+01 5.795480697976419293e+01 6.061392327766794352e+01 6.332177957308559257e+01 6.067950426890495663e+01 6.987238375020321257e+01 5.618275151817214663e+01 6.157671036066500392e+01 6.828390904704826880e+01
5.666595628964066211e-02 1.419880158002071546e+01 3.419880158002141712e+01 4.041327047580113430e+01 3.995109129714072793e+01 4.823577028996029270e+01 5.380064045341432433e+01 4.551635549332794284e+01 3.446062580257617469e+01 4.600763120973726927e+01 6.600763800594910435e+01 7.424884078910217511e+01 7.643667602215667500e+01 6.590957488935417530e+01 5.183107476238081546e+01 5.183107476238913591e+01 5.183107476239691636e+01 7.186342515388616903e+01 7.926223468794435689e+01 6.771397438180277106e+01 5.339352891744495366e+01 3.334958684455394717e+01 4.812973183045959757e+01 5.340520556420438680e+01 3.925043932056939155e+01 2.917413793529464527e+01 4.824004142601608436e+01 5.129884706486807033e+01 3.547973506159211610e+01 5.552987495743683155e+01 6.822578467448759909e+01 7.976906527512099387e+01 8.068278296568213648e+01 8.444465341019962068e+01 6.624689432948677847e+01 8.149763792440559484e+01 7.791158755006466663e+01
2.110006612196471329e-02 2.002110006612160831e+01 2.418687168295184975e+01 2.041414643367381387e+01 1.995102841025193285e+01 3.668817994901048962e+01 3.821338747535737923e+01 2.551635389242159135e+01 4.551635549332794284e+01 6.274491944547131084e+01 6.839123391494287318e+01 5.424875117267490054e+01 5.643655035523200070e+01 7.643667602215667500e+01 7.186342505278180681e+01 7.186342509159875647e+01 7.186342515388616903e+01 7.998808458117181885e+01 7.100557040654565810e+01 5.097488952068777479e+01 3.938415172393389696e+01 4.492182412133922753e+01 6.167403614404143042e+01 6.756063991320978346e+01 5.212661872858461010e+01 3.209393851696135158e+01 5.212183101986254030e+01 6.374591000550275055e+01 5.552987495743683155e+01 3.989679726145814698e+01 5.149391751946313889e+01 7.152502721756768267e+01 8.718068379022479064e+01 9.434339989123786552e+01 8.627960638011263939e+01 9.434282469911512692e+01 9.780271397771684860e+01
9.367352646185668485e-02 2.134914978781175865e+00 4.186871682951492701e+00 6.272015823522249178e+00 8.404022987078372253e+00 2.840402355816939206e+01 1.821338645901872866e+01 3.821338747535737923e+01 5.380064045341432433e+01 5.839111086991194810e+01 5.010662822028283614e+01 4.010661464357787054e+01 6.010664179698779463e+01 6.844310211818167033e+01 7.672780020208050189e+01 8.672805586636523856e+01 8.747615656608449797e+01 6.754249618394068477e+01 5.595944421767153898e+01 4.696811741786132188e+01 5.097488952068777479e+01 6.496609399946089525e+01 7.323137359879929420e+01 6.897280231147212248e+01 5.514828143389652126e+01 3.510485251144456953e+01 4.928440155063927364e+01 6.930467309899024997e+01 6.822578482690563817e+01 5.996006064159051618e+01 4.475996847342163676e+01 5.897284724471816730e+01 7.607570781988884789e+01 8.393415166674000716e+01 8.493134830788383738e+01 1.044935817940460510e+02 1.095396198820082105e+02
3.648181865326004941e-02 2.003648181865290567e+01 2.418687168295184975e+01 2.627201612430432931e+01 2.840402355816937074e+01 1.154671979235194357e+01 3.154672046991107237e+01 3.816113129092049405e+01 4.124719845878190938e+01 4.444977013033615520e+01 3.010661464222657813e+01 3.545183948047525035e+01 4.177639480081313650e+01 4.844306146750973596e+01 5.844306149110546755e+01 7.844314274525781627e+01 9.571996342442456296e+01 8.421656059389557925e+01 6.701959911619981369e+01 5.517663131938343213e+01 7.100557040654570073e+01 7.926223468852263920e+01 7.485110847659018418e+01 5.485406337604675286e+01 4.065415815560564283e+01 5.514828143389652126e+01 4.296109813340351025e+01 5.456110307727855968e+01 7.455960373980036593e+01 7.190919522473338077e+01 5.187135099712918418e+01 5.068937789405488559e+01 5.607404601903898111e+01 6.507264306430856493e+01 7.917947103088138761e+01 9.893117588881912638e+01 1.012383326057888127e+02
