LEM/with_lateral_4open/elevation_000623.asc
nrows	100
cellsize	150.0
xllcorner	0
ncols	100
yllcorner	0
NODATA_value	-9999
[rows 68 to 84 of 100, columns 37 to 73 of 100]
8.647910990898439820e+01 6.638591202584420614e+01 8.647910990898439820e+01 8.186556452048750998e+01 6.737919362528504053e+01 4.776089555311573065e+01 6.794339428308778395e+01 8.069945071443218865e+01 7.319969972224679111e+01 5.335178354163658554e+01 6.432344176393428370e+01 7.262523358754704361e+01 7.331236681367377628e+01 6.140397618112255884e+01 4.186200541381094098e+01 5.799684374101643414e+01 4.399846579762037635e+01 6.366980804642749092e+01 7.836310194446754451e+01 8.833208147810513822e+01 9.255097450199497189e+01 8.726092655814237276e+01 7.116687168768611116e+01 5.145607431291470135e+01 5.290801717785797820e+01 7.247475940930530669e+01 8.881352258946714073e+01 7.464160381230652774e+01 7.682454838732355995e+01 9.683263687315746893e+01 9.424031801802730968e+01 8.600249966168625804e+01 7.845805930227102465e+01 5.855913734664257220e+01 7.703518945000182327e+01 5.715256795456733130e+01 6.864869895462526017e+01
7.127514736224527780e+01 5.974405163788856044e+01 7.192209155390021635e+01 6.785393888374400717e+01 5.792973026269301329e+01 4.468829799318835683e+01 6.497480935076012543e+01 6.318234697947614364e+01 6.379739872920961119e+01 6.432344176393428370e+01 4.463274435035318533e+01 6.432343157577734871e+01 7.607810568495513337e+01 6.760171121358773405e+01 5.799684499139761584e+01 3.830454229822740331e+01 4.709647261608726865e+01 5.836693346713270358e+01 7.781469191259809293e+01 9.255097450199497189e+01 7.258330377899461894e+01 7.624744097221466177e+01 6.623917234399327469e+01 4.658464366184454519e+01 6.512634407822255866e+01 6.666716969347004351e+01 7.058502023418742510e+01 6.067393943480022500e+01 8.049610103357454705e+01 8.459577877756662190e+01 1.046600815049061737e+02 9.831733568021081737e+01 7.845805930227102465e+01 6.520069881293051139e+01 8.171794055604370044e+01 6.185071018589737690e+01 8.171794055604370044e+01
7.082567849964023310e+01 6.084093772257595134e+01 5.200561823602576084e+01 4.834915292243968565e+01 4.500560716527415650e+01 4.175122634398856292e+01 5.824056201820857837e+01 5.608746056552499226e+01 4.440035467323107099e+01 5.250464737272879034e+01 3.960449850998443821e+01 5.923932524135987165e+01 6.745320181565807616e+01 4.750313302202588517e+01 5.316201368489613088e+01 3.624743789735475730e+01 5.596349124506637196e+01 7.470934410659573643e+01 8.598390053317774573e+01 9.035242354133436038e+01 7.040496589504914482e+01 5.646583818616491612e+01 6.304746203418297767e+01 4.340949878017097774e+01 6.144232450861077410e+01 4.699569304201489928e+01 5.086545319627329320e+01 5.594313407521024573e+01 6.474545553800406594e+01 7.873263187586195500e+01 9.875066754584756268e+01 1.049326337468455961e+02 8.508673954694135944e+01 7.332718910388402378e+01 8.744699297907429525e+01 6.760097322724523394e+01 7.808165043926830151e+01
8.264423539039130162e+01 6.258494104646152323e+01 7.192209155390021635e+01 5.969810150208105171e+01 6.465683639449488851e+01 5.215853316813959850e+01 3.865362796768546616e+01 3.648754572705090027e+01 3.465009605745286336e+01 3.285159392273557444e+01 5.017154624541812069e+01 5.840269280809773278e+01 6.424282111775032433e+01 4.607970672602886708e+01 3.340688918077721326e+01 5.316196207407992347e+01 5.233315326099570086e+01 6.627793597523864833e+01 8.621244947113775936e+01 8.257648013855548186e+01 7.969006038542008241e+01 5.986797577877540988e+01 4.599804714980569287e+01 4.029699574537702489e+01 4.179601340761200134e+01 6.144232450861077410e+01 6.076926492920269851e+01 7.551663150287407689e+01 6.578674952031992973e+01 7.719560009047415861e+01 9.719925435171435879e+01 1.093936725127031337e+02 8.956010110846256111e+01 8.738898960742021416e+01 9.445477100172880114e+01 7.463378155825253657e+01 8.744699297907429525e+01
7.894076426600540231e+01 7.673783961095847417e+01 8.809635701586272205e+01 7.971498490267293846e+01 7.818966406732640451e+01 6.039363121471110674e+01 4.144776041627159202e+01 5.608746265361920535e+01 5.427410802087990760e+01 5.017223016061841179e+01 3.047991064352618551e+01 4.787523436729049564e+01 5.609463637896986654e+01 5.089853131387526730e+01 3.148113787419438481e+01 5.125665127736714766e+01 6.645210374308520329e+01 7.790821181950815344e+01 7.680531972988417522e+01 6.271457696767063084e+01 7.373021947718014246e+01 5.395834405397065581e+01 5.395834405318935723e+01 3.720414990169457781e+01 5.687449735418952201e+01 5.354809071536167409e+01 6.574248560095621485e+01 8.456908371701467786e+01 7.719560009047415861e+01 9.398089490504246157e+01 1.055610353635314453e+02 1.073217534067802035e+02 1.093936725127031337e+02 1.072277543615999065e+02 1.026661003764601077e+02 8.456299080032927407e+01 1.026661003764601077e+02
9.912279217104023132e+01 9.690353618584119033e+01 1.024286771171763775e+02 9.253336119217456712e+01 7.836600785559090809e+01 6.440670410845902438e+01 4.503223559688225208e+01 6.440670355177152828e+01 7.304143097885886959e+01 5.836461826084727278e+01 4.787315510046337863e+01 2.814615213026607776e+01 4.787523434668769795e+01 4.675707102132768256e+01 2.958135342207648222e+01 3.847485566870786755e+01 4.984665010151114473e+01 6.961509257003375239e+01 6.853199371915215465e+01 4.880339274397523752e+01 5.605453089311653514e+01 5.111491445500497122e+01 3.425265236089849452e+01 5.393286846807841783e+01 6.506624106534195562e+01 7.308410520224776974e+01 8.131771872290859449e+01 9.311623492263170476e+01 9.719925435171435879e+01 1.055610353635314453e+02 1.011536465483050478e+02 8.653261614974076110e+01 1.011536465483050478e+02 1.181570882876763022e+02 1.125670197683904235e+02 1.043465512031282856e+02 1.125670197683904235e+02
1.063671804194454182e+02 9.726966100156154482e+01 8.207854432618935903e+01 8.207854432618935903e+01 6.419865451900729170e+01 5.056273627171157159e+01 6.440702325870270784e+01 7.263489523805483827e+01 6.488178833454486494e+01 4.520926134500415827e+01 3.539631019532068024e+01 2.652328638535640692e+01 4.432195675844654659e+01 2.699774915371137141e+01 4.682368150828941822e+01 4.575209315966541368e+01 6.552030708456065611e+01 7.562638874992993010e+01 6.423367272878834910e+01 5.604107083005289525e+01 3.635019434177394260e+01 3.136751098349282785e+01 3.528181212039518755e+01 3.933062521713583948e+01 5.895636059653445216e+01 7.025928831223943405e+01 7.851431841887880125e+01 7.907976723909457917e+01 9.903473671055540706e+01 1.028952317454709373e+02 9.262161347730963712e+01 7.184193118490235008e+01 9.262161347730963712e+01 9.751771132733746583e+01 9.751771132733745162e+01 1.060235848287223632e+02 1.097951604489184660e+02
1.032371055149905317e+02 8.280260137969362688e+01 6.866017483709288172e+01 6.222854435313234944e+01 5.692995380017069351e+01 7.002541452414138234e+01 7.836600203092839934e+01 7.615191711696711252e+01 7.304159200651804440e+01 5.608295532709491482e+01 3.637586016292002711e+01 2.493393166117667192e+01 2.447987522218360823e+01 4.424796640867960207e+01 4.292020666366991577e+01 6.260702272234583177e+01 7.379607410315364291e+01 6.740779979248210907e+01 4.772004771370093579e+01 3.635019347158516467e+01 2.882065310405180014e+01 4.860699171249481054e+01 5.495027413766661795e+01 5.895636059653445216e+01 4.539432709292820078e+01 5.061764748142368120e+01 5.935657676454209764e+01 7.325523512977891016e+01 9.314143165188191631e+01 9.438201068129370697e+01 7.367185983240240432e+01 6.413315712623347054e+01 7.954931168897398663e+01 8.551001832231034427e+01 7.671977696094100452e+01 9.751771132733745162e+01 9.825333412826016399e+01
1.032371055149905317e+02 8.280260137969362688e+01 8.878772907073748399e+01 7.287409904538178296e+01 7.657314488612655623e+01 7.665996022623589568e+01 6.836732310259952783e+01 5.630847096155223142e+01 7.038848650798290407e+01 6.436591843555939363e+01 5.291384830599547939e+01 4.257372697358643876e+01 2.273004207634816609e+01 3.349173128117475073e+01 5.172027105491568477e+01 7.092368137441944498e+01 7.182701140146083674e+01 6.357008069406860784e+01 6.423367272878834910e+01 4.693468900310235625e+01 2.712193293881654199e+01 4.693468900310235625e+01 6.047825414910796837e+01 7.036229140304057239e+01 5.337186863795184166e+01 7.025928831223943405e+01 6.299468381634333269e+01 7.692126165793753501e+01 9.685570003220040292e+01 9.062400196385745232e+01 7.747224332267639113e+01 5.696363275978193741e+01 5.900469950294948518e+01 6.486152484640767568e+01 7.942222909081966975e+01 1.002072416498438656e+02 8.996957085278121724e+01
1.117367206234326744e+02 1.032371055149905317e+02 1.015091273299556889e+02 9.303201141260549889e+01 8.244978751195161237e+01 6.253417535260947346e+01 4.861307712704439155e+01 4.240240128868716596e+01 5.466774805904795898e+01 5.087045761729394400e+01 4.726213923567475916e+01 4.141677838229146147e+01 2.158228017858586512e+01 4.141677850471187128e+01 5.774659943806639006e+01 7.270939837240524639e+01 6.039564259130027324e+01 4.382599075500404240e+01 5.121217046479321056e+01 4.300247088485109970e+01 2.544145333792981134e+01 3.251333757989333151e+01 4.240601233201584819e+01 6.211202344715646007e+01 6.723510722523525374e+01 6.939780381033777701e+01 8.275992347861378562e+01 9.106996655881943070e+01 9.674185698746431683e+01 7.600253178315567482e+01 6.149141684354381709e+01 5.132263892610696132e+01 7.178417817090429764e+01 8.551001832231034427e+01 9.406035536261912000e+01 9.956923333739524651e+01 7.958124799780173930e+01
9.989148156225122932e+01 9.161452297830378200e+01 9.868949172411882387e+01 9.663373268893336387e+01 7.657460505168779719e+01 6.253417535260947346e+01 6.836732310259952783e+01 5.466774805904795898e+01 3.493706549474625689e+01 3.110634535835493963e+01 2.747072382742140206e+01 4.027058720888661725e+01 2.043834350433883174e+01 3.103468047665784724e+01 4.512447664671046965e+01 6.203991959469696127e+01 5.217082505284548688e+01 3.239593898011408157e+01 4.075378925555981624e+01 2.314265218466212559e+01 4.300240046985157250e+01 5.225900418247432100e+01 6.047825414910796837e+01 7.036229140304057239e+01 8.705032746327182736e+01 8.923965237273129958e+01 9.757367113950785154e+01 9.586574264938514034e+01 9.243303563495776132e+01 8.278087305278700114e+01 6.219191526280141602e+01 4.778435687177663027e+01 6.822228138192440383e+01 7.520142188881021639e+01 8.394172166123077261e+01 9.440836435143233984e+01 7.958124799780173930e+01
8.005584665311815229e+01 7.159430831483852842e+01 7.868464735971738833e+01 9.282494509001759297e+01 9.078574507988639652e+01 7.599270169727626012e+01 5.614979002939671915e+01 4.479910481418524171e+01 4.887536405993824218e+01 5.087057643625476544e+01 4.231428691613922410e+01 2.250935670760905438e+01 1.929552515285520897e+01 3.763018014849924242e+01 3.399789117416657547e+01 5.379201233429215279e+01 4.680190033482237766e+01 3.857647847263009311e+01 2.088766379466859746e+01 4.075378925548828590e+01 5.022031897346748508e+01 5.486213454195049621e+01 5.993793032117968522e+01 6.737875828365423558e+01 7.566584131299107696e+01 8.561722667322388247e+01 9.586574264938514034e+01 7.574725478046835292e+01 7.220887969413998064e+01 7.220887969413998064e+01 6.486230728983282745e+01 4.447392805460998488e+01 6.024524857553815593e+01 5.430769754599085530e+01 7.497782178903476336e+01 8.612432621803044697e+01 6.613883404904899521e+01
7.633007598919371617e+01 5.999079514372873945e+01 6.449571173264335755e+01 8.454393061747096283e+01 9.187148401603424475e+01 8.430970286079876530e+01 7.281346659053451731e+01 5.614979002939671915e+01 6.865180006647906907e+01 5.629642638706636859e+01 3.652269511773170763e+01 4.174110652321742521e+01 2.132636847965603266e+01 1.775866011089382823e+01 3.613654522557171589e+01 4.435682887508635730e+01 3.658394739628340631e+01 1.870395037646900604e+01 2.227552625645678575e+01 2.598984248676975639e+01 3.046856046579026156e+01 3.516860584836434356e+01 4.027946240709561465e+01 4.769217794653122411e+01 5.747045839153921065e+01 7.728705817576920367e+01 9.367460429136772859e+01 7.354251310069723502e+01 5.898901076918934905e+01 5.141706232133700638e+01 6.372065579605636287e+01 6.024524857553815593e+01 3.996001649513822684e+01 5.927323608611049366e+01 7.285635342292482619e+01 8.344557618225039164e+01 6.980624019389929913e+01
5.624974684449940554e+01 5.176561830738003778e+01 7.186432367634046159e+01 7.551859129848334362e+01 7.184336252779695542e+01 9.187148401603424475e+01 8.430970278977471821e+01 7.599270169718049317e+01 6.889692765559939858e+01 6.454804813972236843e+01 5.629642638601600879e+01 5.287482020700444707e+01 3.393316895435690128e+01 3.613654523651695882e+01 1.623678596936533935e+01 3.465124039534200051e+01 1.670759790389530153e+01 2.526005294160508186e+01 4.226795958887434779e+01 4.580369658565108182e+01 3.662534765405678172e+01 5.486213573163303892e+01 5.993793032117968522e+01 5.267722789996922472e+01 7.243185095656151873e+01 8.561722667322388247e+01 9.561178471747157914e+01 8.775368086870754780e+01 7.943906609097871296e+01 6.372065579605636287e+01 4.259866358712223189e+01 5.625290383450298748e+01 3.705202783620489981e+01 4.599580065849897181e+01 5.743902735248202873e+01 7.603918420778444442e+01 7.808694342148706369e+01
6.628994577032298707e+01 4.618184125327017142e+01 6.392516636032033972e+01 5.543819027184878934e+01 7.551859129847767349e+01 8.674108522321020587e+01 8.299592786907882669e+01 6.305693055131639113e+01 4.908744032815835823e+01 5.488950483413447046e+01 4.999548770276911114e+01 5.822028176725819293e+01 5.376600327822227143e+01 4.435682946712848462e+01 3.465124039535833589e+01 1.473647213013606461e+01 1.923243236846131055e+01 4.236439732513155576e+01 3.897091672820724995e+01 5.863945444887242076e+01 5.055441897122153705e+01 5.055441897122153705e+01 7.031952185098715802e+01 6.659014433752294337e+01 8.073930988060611469e+01 8.975594891895985938e+01 7.577976345096141131e+01 7.907653486473294890e+01 7.071823680048413507e+01 7.214894634708382171e+01 5.625280607120379983e+01 3.514883815135404177e+01 3.424211828107448241e+01 5.414845236297490061e+01 6.549871220228186530e+01 7.768106090126951813e+01 7.458569693442515813e+01
5.098853966487849476e+01 4.199463084940091306e+01 4.382289239248090240e+01 4.832530201917259660e+01 5.838408669761844294e+01 7.845416308095937552e+01 8.302147562523363433e+01 7.305739122264914442e+01 5.488950483452511264e+01 3.531343630745830353e+01 3.054089137441657797e+01 4.368358317434987015e+01 3.972044247009917939e+01 3.589322343650786706e+01 3.263416302325369855e+01 1.390242413594623549e+01 3.380413335917830864e+01 5.061393559548960042e+01 5.863945444887242076e+01 6.688043660214620445e+01 7.031952185098715802e+01 7.031952185098715802e+01 7.861494393045057905e+01 8.653497830364902654e+01 9.128549825019942432e+01 7.982938641788790335e+01 6.167939028543920443e+01 6.749786704679603133e+01 5.071470680960273114e+01 6.749786704679603133e+01 5.141080873580629884e+01 3.047557046309756146e+01 3.781067741366606327e+01 4.290655599712315649e+01 5.096385929318193320e+01 7.002347453869433025e+01 8.286737695799553194e+01
6.869878177582951650e+01 5.681795190540788809e+01 3.673169813946748974e+01 5.681795190540572804e+01 7.671537224254402076e+01 8.674108521468616573e+01 7.470999664754077685e+01 5.483878881652915993e+01 4.500461693699435983e+01 5.488950483452511264e+01 4.368358317440283400e+01 2.427489107580269589e+01 1.984660788798680287e+01 1.231094597126705814e+01 1.273780951408310536e+01 2.848392498318866828e+01 2.488727669509521334e+01 3.443607724259678093e+01 4.813909832896448648e+01 6.779989716818822387e+01 7.057175484781929242e+01 7.878019696935811567e+01 7.964550471492485428e+01 8.797533720186140727e+01 8.312408888055961143e+01 6.322243589682048537e+01 5.169962045778781601e+01 5.915975201159621122e+01 3.916509870607870170e+01 4.847326050521800056e+01 4.530617404926941560e+01 2.827733188349573368e+01 3.686144151215290776e+01 5.622565143577600111e+01 6.836499126568953955e+01 7.839158444910593460e+01 7.731307065014347302e+01
