LEM/with_lateral_4open/elevation_000361.asc
nrows	100
cellsize	150.0
xllcorner	0
ncols	100
yllcorner	0
NODATA_value	-9999
[rows 68 to 84 of 100, columns 0 to 36 of 100]
5.009162696260269221e-02 3.338071373069741998e+00 6.671404706403061269e+00 1.015295782551698878e+01 2.429509344924819203e+01 3.967875126967461341e+01 3.829302284840501613e+01 4.048081884322866841e+01 5.018111411622965790e+01 6.602467482441173274e+01 7.757168020857456270e+01 8.008614539356068462e+01 7.179573283783487625e+01 7.179573283783487625e+01 8.008614539356068462e+01 9.163841297672260566e+01 1.001412392656389159e+02 8.862337774648248967e+01 7.450293212674867505e+01 7.602943752384686604e+01 5.621042717362580987e+01 4.480148888024477571e+01 6.454821443437766959e+01 6.458644687991161959e+01 5.267995260788053713e+01 4.423261015789892525e+01 4.750992008585645010e+01 5.158166269022960648e+01 5.590206038477464290e+01 6.334336506915889942e+01 7.215143550455017873e+01 8.617238030841249952e+01 1.062101820953796079e+02 9.863014235547356634e+01 8.547442991625784714e+01 6.536468443318204891e+01 8.547442988503568984e+01
4.695337527364121244e-02 2.004695337527328647e+01 2.667140470640270422e+01 3.015295782551663351e+01 1.559626836503520941e+01 1.967875126967390997e+01 2.415088722467356774e+01 3.018111411622894735e+01 3.774040357641375465e+01 4.928740896020667606e+01 6.928740896020809714e+01 7.483193940874934924e+01 6.898190285716403025e+01 7.334129716120301623e+01 7.818552801920510831e+01 8.403534930103690215e+01 8.420609440228436426e+01 9.248309669964815782e+01 9.441412327050144881e+01 8.431761351842530416e+01 6.901758070709716719e+01 4.923102334826838700e+01 6.901758070709716719e+01 8.094719222933078129e+01 6.809628950995583807e+01 4.831907303329711567e+01 6.731450896307893572e+01 7.134962798104018589e+01 6.984207873642897368e+01 6.642926458858802619e+01 8.626314236375668543e+01 1.003769186947406524e+02 1.033546902440478306e+02 9.036749407571879544e+01 7.028209136282946190e+01 5.868536159613821468e+01 7.089287472556185321e+01
7.614146464036156137e-02 1.421827708837143689e+01 3.421827708837214033e+01 4.388053961211272025e+01 3.559626836503591107e+01 3.382088689340535836e+01 3.569789260846648915e+01 5.018111411622965079e+01 5.774040357641445809e+01 6.602467482441173274e+01 7.171453973211045252e+01 5.485292914133154341e+01 4.900055889712035651e+01 5.336365313508296992e+01 5.821225272315596300e+01 6.406228961486294793e+01 6.423813468418380523e+01 8.420609440228436426e+01 9.460678182811147963e+01 7.463297026051213834e+01 6.062419029754855870e+01 5.517855728832951456e+01 7.501389272941179343e+01 8.480008608101994128e+01 6.630038761291704930e+01 5.256463054670328461e+01 7.234675581873342765e+01 8.841702718428362573e+01 8.971078733487759393e+01 7.629581917962507021e+01 9.457850532966394042e+01 1.092108768696305674e+02 8.925886662654735915e+01 7.503356064197399178e+01 6.496055246459373222e+01 5.600258549829907651e+01 5.080409885891711497e+01
2.352828262072655108e-02 2.002352828262037221e+01 3.187159413577909817e+01 3.894266194764409050e+01 4.722693319510570120e+01 5.382088689340606180e+01 5.569789260846719259e+01 6.398216385643164017e+01 7.264776622724421884e+01 6.420295121390925885e+01 5.592735957862019092e+01 4.345467079232901852e+01 3.486126339152399112e+01 3.922561155627486329e+01 4.407627724574094685e+01 5.010618882576351751e+01 6.010191349970897079e+01 7.422385596471787039e+01 9.418833283985074445e+01 8.878777307972950439e+01 7.463297026051213834e+01 6.916515622574397071e+01 6.573858444459260397e+01 8.565161854920806661e+01 8.007312448874225197e+01 6.243163997615913274e+01 6.030655044081127159e+01 8.011708790287292459e+01 9.909117194863888756e+01 9.034980368171579812e+01 1.045776384110968849e+02 1.066307932003889647e+02 8.666350698697542043e+01 7.503356064197394915e+01 6.602398823296057628e+01 7.607574125715956370e+01 5.873556003806427839e+01
6.786455232800275850e-02 5.841367244224235478e+00 1.187159413577945521e+01 1.894266194764480460e+01 3.048966733143711494e+01 4.463180295516756502e+01 6.463180295516615104e+01 6.577167117490738235e+01 6.232700142423211531e+01 4.438606411020644771e+01 3.593724133913729446e+01 2.931426447153279469e+01 4.930809484878162152e+01 5.921490236992991640e+01 6.406228961486294793e+01 7.008661467915557353e+01 7.836061569191593890e+01 8.834663151124551916e+01 9.304754247636893183e+01 9.557379367746821686e+01 9.460678182811147963e+01 8.913399171931072829e+01 7.568541943554687634e+01 9.412167156177352467e+01 8.226185961661488477e+01 8.226185961661487056e+01 7.169918434220684844e+01 7.085003944385229602e+01 8.488874245564504406e+01 1.049301381515695226e+02 1.188054731404779432e+02 1.148699036272396938e+02 1.033546904187060562e+02 9.439876281833714700e+01 8.612749428135838059e+01 7.294833206578087470e+01 7.882222322323848118e+01
3.257643153035955086e-02 2.003257643153000345e+01 3.187159413577909817e+01 3.894266194764409050e+01 4.722693319510570120e+01 4.632677137031976144e+01 5.450115612156049849e+01 4.578723676449851610e+01 4.578723676449853741e+01 3.405983375916805755e+01 2.439060483683507385e+01 4.438606562133831090e+01 4.564111213875077766e+01 6.562540498650137977e+01 7.516352356380339472e+01 6.681934185390505831e+01 7.291006992937816733e+01 7.291006992937816733e+01 7.291006992937818154e+01 7.543927418661463946e+01 8.966462203294419453e+01 1.042047926644457192e+02 9.583853973232302792e+01 1.042047926644457192e+02 1.022694119361414522e+02 9.995063266532440593e+01 9.161615801335031506e+01 8.488874245564504406e+01 9.909117194863888756e+01 1.051820580121817414e+02 1.073685683884752535e+02 1.156384311234379823e+02 1.106968280554952742e+02 1.129591528963323839e+02 9.300305091947628000e+01 9.300305091947626579e+01 8.497696204783382257e+01
1.880098487986705744e-02 1.416093660861094250e+01 3.416093660861164949e+01 3.818176567272742261e+01 4.305937053634558254e+01 2.647461969145228267e+01 4.305937053634558254e+01 4.406910277777267737e+01 2.579273787366700788e+01 1.991846886579479303e+01 3.146524825162332206e+01 5.145744559660512607e+01 6.562545219105378180e+01 7.050898026260502149e+01 6.215217582621519909e+01 4.647583762390853224e+01 5.266481518953341379e+01 5.266481518953341379e+01 6.859554093229850480e+01 6.119125256426124793e+01 8.133653840955290093e+01 9.526576214355911532e+01 1.060366296937058621e+02 9.776188436470390286e+01 1.005045399685389924e+02 9.222740315748939111e+01 1.005045399685389924e+02 1.049301381515695226e+02 9.932147034595216439e+01 8.518954403794793961e+01 8.737662603166343445e+01 1.048345571581735101e+02 9.070421624052896448e+01 1.048345571582347446e+02 8.709093894636312427e+01 7.703151231412444133e+01 6.874648831055164067e+01
2.900726248362994752e-02 2.002900726248327601e+01 2.269121118818397420e+01 1.818174690320014264e+01 2.540045087212812902e+01 1.493565467013407932e+01 2.934576624508587628e+01 3.197667050203880024e+01 1.579278387934031791e+01 3.578998731908279041e+01 4.819341759170013262e+01 5.973414730252710569e+01 5.788783241375975308e+01 5.875094065769159357e+01 4.170756372114644250e+01 3.447594479362525277e+01 3.806654069366263116e+01 4.315956661463224719e+01 4.836014445201300305e+01 5.516394555815818990e+01 6.679759716915893364e+01 8.694132572160764028e+01 9.449433609202560547e+01 7.776389990819825471e+01 8.881087082344261319e+01 7.223027860560274860e+01 9.050807899715259452e+01 1.051820580121817414e+02 8.518954403794793961e+01 7.105653191113266587e+01 8.162245985437198215e+01 8.501840084993942526e+01 7.656942487512377227e+01 9.655991666750239233e+01 7.885439282075304845e+01 5.863858380035012630e+01 4.789284261301967405e+01
5.081304048347550645e-02 1.369573987275048310e+00 2.691211188185225645e+00 4.039610913111714829e+00 5.400438547991263327e+00 6.770815967646331757e+00 9.352804865117965605e+00 1.197893352231244002e+01 3.197667050203880024e+01 4.406910277843504531e+01 4.934847024203737931e+01 4.091013260820527364e+01 3.739712764645384624e+01 4.595085257603003726e+01 2.972178951763784127e+01 5.034847762631269319e+01 5.859451301598486594e+01 4.787036660868108129e+01 6.815836911553606114e+01 7.531133861936855567e+01 6.941210122293909990e+01 8.955335754948734461e+01 8.621604265549041202e+01 6.622025788578744709e+01 6.881473973886765805e+01 6.223391944003537191e+01 8.064752468411812458e+01 8.892680177195755675e+01 8.938661979012165659e+01 8.110940714695286147e+01 6.163386276858198443e+01 6.502977247761153023e+01 8.501840084993942526e+01 1.015128054560511970e+02 8.709093894636160371e+01 7.703151231412444133e+01 6.874648831055164067e+01
4.469920835086939326e-02 2.004469920834495511e+01 1.025050063399915068e+01 2.403961677693645171e+01 2.540045087212812902e+01 2.677098477978885427e+01 9.119696845705165700e+00 2.911245748599115046e+01 3.480277350640490397e+01 3.557222462314280165e+01 3.752544083232415062e+01 2.044382616925638629e+01 2.287733186932794993e+01 2.537487186927090121e+01 4.595085257603003726e+01 5.831279975463203158e+01 6.667799659246075805e+01 6.815836911553606114e+01 5.963550346206424990e+01 7.980082011122043184e+01 8.955335754948734461e+01 9.787526369729503983e+01 8.621604265549041202e+01 6.622025788578744709e+01 5.467685346180910244e+01 5.407135526576130502e+01 6.065222746800012033e+01 8.064750979525696550e+01 7.784596501384974943e+01 6.111790429059045948e+01 5.560185130947801468e+01 7.559567107081221593e+01 8.152387790146183022e+01 8.152387790146183022e+01 8.609205185061213683e+01 9.436721806787208777e+01 8.556827090273496594e+01
2.324776005098762310e-02 2.002324776004605766e+01 3.024915698030014966e+01 2.289953226730225566e+01 4.289107910094279674e+01 3.739606376225237483e+01 2.326158935845866083e+01 1.151015406437397282e+01 1.327792330364964712e+01 1.516399133532716981e+01 1.707876013131764026e+01 2.045332149502398522e+01 4.096399331920265752e+01 4.595085183560681230e+01 3.242015695497342875e+01 3.779348058984621872e+01 5.831279975463213816e+01 7.574077802650413105e+01 7.980082011122043184e+01 7.610678953350912934e+01 9.623737127627428833e+01 9.841350977398414557e+01 9.449433609202560547e+01 8.064748449227363380e+01 6.065222729103562216e+01 4.651414430714110182e+01 6.650842831202176342e+01 7.382429184967388380e+01 6.956730759132685193e+01 4.955573257331039372e+01 6.421898929257666566e+01 6.738474049532786125e+01 6.152811802145046727e+01 7.195504437774229700e+01 6.609930415110981983e+01 8.609205185061213683e+01 8.453789071282211864e+01
8.699724428260374731e-02 2.008699724428224798e+01 3.830676709867363172e+01 4.289107910094279674e+01 4.288534589632675420e+01 5.148985869912023361e+01 3.788092460363063196e+01 1.752901518510623191e+01 1.864215317767559910e+01 3.490378177743972543e+01 3.752050907653626410e+01 4.096381117459952037e+01 2.548178626541504954e+01 4.606383522765444383e+01 5.301473432791668472e+01 5.831279975463213816e+01 4.708174675980745860e+01 6.149002041451425526e+01 8.166423988464853778e+01 9.623737127627428833e+01 9.255161929949311173e+01 7.841665985538310224e+01 8.406473836680679312e+01 7.820861455300892828e+01 6.266074469944913261e+01 4.266708427441312779e+01 5.749840541093905699e+01 5.382931797279004371e+01 7.382434781293063963e+01 6.421898929257665145e+01 4.416318421284745455e+01 4.734864300146374205e+01 6.194709865463200771e+01 5.193915293152165447e+01 6.609930415110983404e+01 8.609205185061213683e+01 7.623836589204398706e+01
2.249585233037712170e-02 1.002249585233046503e+01 2.416463147606166828e+01 4.416463147606588535e+01 6.280465434180837292e+01 5.766701324013092034e+01 3.746349638903298995e+01 2.502049349667400335e+01 3.708506475370717226e+01 2.648128620478621187e+01 3.420503134240335896e+01 5.278735293239875404e+01 4.606383522765444383e+01 3.084544103156532202e+01 5.148371025078349561e+01 6.823996936112506262e+01 6.739891249217090774e+01 5.998231214989015569e+01 7.426352981288611943e+01 9.439907997559609498e+01 8.427360159417168006e+01 6.427770408934051716e+01 6.406993122929839046e+01 5.821349684251917722e+01 7.094148017041453613e+01 5.749840541093905699e+01 3.750664714745486350e+01 5.278630273163318520e+01 6.106704605199539770e+01 7.249931466409022107e+01 5.920503794589051694e+01 3.908743448084423733e+01 4.186141419419803356e+01 6.194709865463200771e+01 7.644416530624739892e+01 8.472142210924380379e+01 8.453789071282211864e+01
2.739267172789772165e-03 2.000273926717243356e+01 3.243805999803868190e+01 3.999734945822336130e+01 4.828162070568555464e+01 5.982862608947827709e+01 5.270298275033728430e+01 3.477467514923682756e+01 5.185337397652629221e+01 4.446164928504949643e+01 3.525547280109358894e+01 5.337236095818465031e+01 5.680946500434157542e+01 3.618290553807672438e+01 3.931388531056368407e+01 5.393559057590345418e+01 7.422987037950983336e+01 8.016109591262204503e+01 8.848964472596252051e+01 8.493024989447330597e+01 7.668551693337741426e+01 7.162708559926272756e+01 5.163273451701208216e+01 4.407669532979659976e+01 5.590772685248606422e+01 6.418854659078758118e+01 5.278630273163318520e+01 3.279577359810684811e+01 5.278628265075225556e+01 5.765098917345595453e+01 5.252601265620305782e+01 3.593082485465706810e+01 5.602416550637180137e+01 5.009980475056187998e+01 5.644705066036523533e+01 7.058918827252465178e+01 9.057933026844399649e+01
8.327778614586213435e-02 6.113504677701160794e+00 1.243805999803797491e+01 1.999734945822265431e+01 3.154435484201537321e+01 5.154435484201607665e+01 6.250829976760098816e+01 5.428818092249581184e+01 6.250829976760098816e+01 6.138116213827571244e+01 4.400406230996618717e+01 6.138116213827571244e+01 6.250237616259455109e+01 4.197629307508500318e+01 5.987964751108262362e+01 5.040969184174740292e+01 6.485588968716079705e+01 8.499430747458335134e+01 9.257968113941522859e+01 7.668551693337741426e+01 5.680986573777884274e+01 6.263130919247115003e+01 7.087005781612612054e+01 5.590772685248606422e+01 3.591573809563779918e+01 4.883949144279974774e+01 4.966430653719130106e+01 2.967246024924283887e+01 4.716980934610778320e+01 3.037628474952252944e+01 3.260314164735161313e+01 5.204697501950454352e+01 6.394524441585370056e+01 7.012052241499748106e+01 7.644416530624739892e+01 7.058918827252465178e+01 9.057933026844399649e+01
6.510866554257997707e-02 2.006510866554222616e+01 3.243805999803726081e+01 3.999734945822336130e+01 4.459034266090359466e+01 5.287791335919573754e+01 5.289121056484739825e+01 6.112239676957874224e+01 7.059365501873338644e+01 7.088501361429317171e+01 6.274635147329622953e+01 7.088501361429317171e+01 6.864407985816536950e+01 4.827435312671234158e+01 6.864407985816536950e+01 7.075429569311280886e+01 6.706114269002280537e+01 8.718694210769822917e+01 8.081075564334997807e+01 6.445771956372747979e+01 6.263130919247115003e+01 4.271111030712230416e+01 5.267120974979670933e+01 6.091436644877976647e+01 4.883949144279974774e+01 2.884549607479309330e+01 4.235258287864844817e+01 2.662035584721947856e+01 2.717619752408896616e+01 3.084494949552815868e+01 4.952511443627724930e+01 6.010224345189405426e+01 6.834659102667774278e+01 7.014918517874224335e+01 9.020879561833655202e+01 9.057933026844399649e+01 9.885365594596298422e+01
8.953482861371392376e-02 1.423167045234478856e+01 3.423167045234549022e+01 4.132598408484253127e+01 2.458855672458815533e+01 3.657708652691553652e+01 3.290638432425644311e+01 4.234929089583658168e+01 5.608835461433212544e+01 6.436913736461401925e+01 7.331181154548629308e+01 8.485529565265062502e+01 7.696311751528951106e+01 6.012471285601940707e+01 6.274597791393576784e+01 8.288335755874915378e+01 8.718694210769822917e+01 8.402971151543624728e+01 6.418568778122264007e+01 5.269505303611556002e+01 4.454258677337820416e+01 3.788071162585771390e+01 3.271894500582192222e+01 4.713743442799987804e+01 4.355134113760011161e+01 4.017670252806821907e+01 2.235111237747385005e+01 2.431526364922955352e+01 4.431357906106747890e+01 4.378207223769332046e+01 3.618589845882705447e+01 4.043440014257687665e+01 5.015901974653397133e+01 7.014918517874224335e+01 8.545698347049089705e+01 9.703900367170696484e+01 8.698521175251828197e+01
