LEM/with_lateral_4open/elevation_000421.asc
nrows	100
cellsize	150.0
xllcorner	0
ncols	100
yllcorner	0
NODATA_value	-9999
[rows 68 to 84 of 100, columns 0 to 36 of 100]
5.009162696260269221e-02 2.005009162696224578e+01 2.660040520918571971e+01 3.013594301276381060e+01 3.384983430642036950e+01 3.777218127101394884e+01 4.238592291091839570e+01 3.139195102533490811e+01 3.896609290795927194e+01 4.886220895025691391e+01 6.866302118468554738e+01 7.511277951985339030e+01 5.667972462442361348e+01 7.511277951985339030e+01 8.130750492303153010e+01 8.253790126143879036e+01 9.086854420816119671e+01 1.017844248118359047e+02 9.089755694572484401e+01 8.288383691764025230e+01 7.239430481358877500e+01 7.320588871164099487e+01 5.304431240451356899e+01 6.747449976963255835e+01 7.099806031489133318e+01 5.905859146714139740e+01 6.273182130315686322e+01 6.883453816157454241e+01 7.556950909851879317e+01 8.978201484125601439e+01 1.097760800597431228e+02 1.032149370012989493e+02 8.311432323294012292e+01 7.168933837964040379e+01 6.286650934493234644e+01 7.658067237906929847e+01 7.253297980842613413e+01
4.695337527364121244e-02 3.170428613045769506e+00 6.600400315895961434e+00 1.013593422182873027e+01 1.384984098536980035e+01 1.777216368813354919e+01 2.233474365320384791e+01 3.244657032164250410e+01 4.395502490224784253e+01 6.375925045303095118e+01 7.691919460148484688e+01 6.677046641280043104e+01 4.643599851910767029e+01 6.110307386608538138e+01 6.110307386608538138e+01 6.237868428503015394e+01 8.253790126143879036e+01 9.045247248526284523e+01 9.869796084020434535e+01 9.997425303491873194e+01 9.202261875824180493e+01 7.320690213368342825e+01 5.947155869422800833e+01 7.955915915065968136e+01 8.530652297112995086e+01 6.516980937641450566e+01 8.288398025562055693e+01 7.920358269816983920e+01 9.563814122945382223e+01 9.196979507437360724e+01 1.119604098194613613e+02 1.116040089767011096e+02 9.997314347595799688e+01 9.102926594279138328e+01 7.658067237906929847e+01 5.675076307281982935e+01 5.268106410585963317e+01
7.614146464036156137e-02 2.007614146464000626e+01 1.471743401788395644e+01 3.013594301276381060e+01 3.384985511996366370e+01 3.382202135994072023e+01 3.110055422262680480e+01 3.765514433514005788e+01 5.682317236690193596e+01 7.200538890697160355e+01 6.688441336694683059e+01 5.851179000657086959e+01 3.908456627055975474e+01 4.063973537274581815e+01 4.797476896755627251e+01 6.828318223400921738e+01 8.719844276728206012e+01 7.053000927365731343e+01 8.412684428982774421e+01 9.237424925187730196e+01 1.014427047711528047e+02 8.663100063412440477e+01 6.662881236038754196e+01 8.663100063412440477e+01 9.200430979148968902e+01 7.191094933041026138e+01 9.200430979148968902e+01 9.925987143686171521e+01 1.075402513505562325e+02 1.119604098194613613e+02 1.161906565419195232e+02 1.044871955677437398e+02 9.606125836135888107e+01 8.899369304341109910e+01 8.299635949581477234e+01 7.126234669419383749e+01 5.140233892587043840e+01
2.352828262072655108e-02 2.002352828262037221e+01 3.471743849802403759e+01 2.885957036916997609e+01 4.885958318129669209e+01 5.362039245136265464e+01 4.984379807142984475e+01 5.596767255453076473e+01 6.494898156290764746e+01 6.416465214979861287e+01 5.511509059403837085e+01 3.805557795520292785e+01 3.224067664168759961e+01 5.274895090899613592e+01 6.828318223400921738e+01 7.662361424659563625e+01 7.562583895213211349e+01 5.900291629096055601e+01 6.419021958469241440e+01 8.412684428982774421e+01 1.035147376587595289e+02 9.487665622587785208e+01 7.822892534204557080e+01 9.487665622587785208e+01 1.002874036982251624e+02 8.198960479185144834e+01 1.002874036982251624e+02 1.073138399773446565e+02 9.902214700633150812e+01 1.073138399773446565e+02 1.077245327440494975e+02 8.752314893061286227e+01 7.607116491015992210e+01 6.910510476458527762e+01 6.315564192008569933e+01 5.803983096933255581e+01 6.543483066840325080e+01
6.786455232800275850e-02 1.421000017605907750e+01 3.421000017605977916e+01 4.885958318129669209e+01 5.714387474101653197e+01 5.447296771549768835e+01 6.257878153554383971e+01 6.510768218025107501e+01 5.652775423260246868e+01 4.812986139171335509e+01 3.543008035669181055e+01 2.647832922395617672e+01 4.670139047211351624e+01 5.704871423948156206e+01 6.530751322865384623e+01 6.977590874915566133e+01 5.567537292733966581e+01 5.006994382976689906e+01 7.002952176685526808e+01 7.535218708537026089e+01 8.943346237206493754e+01 1.012716383886344147e+02 9.810844892761360825e+01 1.063618916107566861e+02 1.102948022205555816e+02 1.020190147911282139e+02 1.102948022205555816e+02 9.727667248949254031e+01 7.892444319908308614e+01 9.727667248949254031e+01 1.102354228683054203e+02 1.044871955677437398e+02 9.606125836135888107e+01 8.899369304341109910e+01 7.713390525746501680e+01 7.202975645614334610e+01 8.533106641694961070e+01
3.257643153035955086e-02 2.003257643153000345e+01 3.985173735395192551e+01 4.878601387860293670e+01 4.070465334915513012e+01 3.500207265124020495e+01 5.447237408218121146e+01 5.500032238922282346e+01 3.651329611194128688e+01 2.800913376474372285e+01 2.157846109098904819e+01 4.139055420472548974e+01 4.300267380475680312e+01 3.708053671745877011e+01 4.987896369104177552e+01 5.446016494269256469e+01 4.155409470592029919e+01 6.151872913816954025e+01 6.708324004249102757e+01 6.124191946158616418e+01 7.310128172327232221e+01 8.888732635797147452e+01 1.003845390695404234e+02 1.040019134690298870e+02 9.576781468133337683e+01 1.040019400614941816e+02 1.041849341618201663e+02 8.897329510270736819e+01 6.884287065396719640e+01 8.185611528477356558e+01 1.005075464996258887e+02 1.004263363626175192e+02 9.214953763689285893e+01 1.004263361789333544e+02 9.715196103022374530e+01 9.198279204569954004e+01 8.573817286540966620e+01
1.880098487986705744e-02 1.156581041833289980e+01 3.156630017632528151e+01 3.091315969957749488e+01 2.108562770450541635e+01 4.070462187216413952e+01 5.291980218957044713e+01 4.084492882048643025e+01 2.669141847394451617e+01 1.694016865566997865e+01 3.650797559114704427e+01 3.949719162677972406e+01 2.301835064248366436e+01 2.553876963896482621e+01 2.990405778038429219e+01 3.449117587072981905e+01 5.446016494269256469e+01 6.023592504447397999e+01 4.712005786134573526e+01 5.314169549540104498e+01 6.069342086707588635e+01 7.222223446195606300e+01 9.214032694286846947e+01 9.406957409221358546e+01 7.591045373319084888e+01 9.407001969138312347e+01 9.569699823205134237e+01 7.577861715382188379e+01 6.169933432032052423e+01 7.208647769900375124e+01 9.220675378696002156e+01 9.041423956414132590e+01 7.210785132020794208e+01 9.041423956414132590e+01 1.000955477132428939e+02 8.853466975313270382e+01 8.020588564965098044e+01
2.900726248362994752e-02 2.002900726248327601e+01 2.260949760482142423e+01 1.113160959521676752e+01 3.091274424209949956e+01 4.182498275639063223e+01 3.878618294908066133e+01 2.464985601718721853e+01 1.255153619886296568e+01 1.419552734952464057e+01 3.398916981922909741e+01 1.950955922384206431e+01 2.359279975747845981e+01 4.356698835625129362e+01 3.012795624733936961e+01 3.341563257987755975e+01 3.679416962554459047e+01 4.027144481433440149e+01 6.023592504447397999e+01 7.310128172327232221e+01 8.064061088726985815e+01 8.888732635797147452e+01 9.767406233783233915e+01 8.583912572513952455e+01 6.593066575599026180e+01 8.583913264865289250e+01 8.739010153543421211e+01 6.726184225284238494e+01 5.557080250605698524e+01 6.941044899189760997e+01 7.774318764568843676e+01 7.208012903327951904e+01 6.203156358937770420e+01 8.212869447782729537e+01 9.171955359471786551e+01 7.177729573238481464e+01 6.034004100311830854e+01
5.081304048347550645e-02 1.328566170483356457e+00 2.608934969812318538e+00 2.076482611844677706e+01 2.559293238926870728e+01 2.133789434593360568e+01 2.850030740023963460e+01 1.051029432210436632e+01 3.029466790876164950e+01 3.397044440401644749e+01 1.654442418581682617e+01 2.976342325911311448e+01 4.328222120819209096e+01 2.976612043151793685e+01 4.969979410715168910e+01 5.338561999191184526e+01 5.676055512346350440e+01 5.439181040180434934e+01 4.878596486926432618e+01 6.031769582355929771e+01 7.442966075725333042e+01 9.434607034613966903e+01 8.943851815310337372e+01 6.952548051935413298e+01 5.922567636273812752e+01 7.920297547704024055e+01 9.292180660260166292e+01 7.892715079028374703e+01 5.971115853759976488e+01 4.906981668054628187e+01 6.382372450403131126e+01 5.185538940661790974e+01 6.619914522102320120e+01 8.626063214264392798e+01 8.984140265575267392e+01 6.991925853911908462e+01 5.590446156509060671e+01
4.469920835086939326e-02 2.004450497791857799e+01 2.260948926900917044e+01 4.478012223872330111e+00 5.808392434337980248e+00 7.150704544730850820e+00 8.505275467564249681e+00 2.850030740186392464e+01 3.046404697151529462e+01 3.929338991838582729e+01 1.934509982345368329e+01 3.930821099823134546e+01 5.581165789101122954e+01 4.969979410715131252e+01 3.642900835221612965e+01 5.633518698464173013e+01 7.208027560842394621e+01 7.434486587486776443e+01 6.290728963872020785e+01 6.141764699316780707e+01 8.136065985493908670e+01 9.587470927304659085e+01 8.438433840665892660e+01 7.317959230972682860e+01 5.309096119366333966e+01 6.475470597347630530e+01 8.468820252037457408e+01 8.537165584925942596e+01 7.645889946438767026e+01 6.382372450403131126e+01 4.337434919094882702e+01 5.529210785146182161e+01 6.959797850094383875e+01 8.962973230458418072e+01 8.984140265575267392e+01 6.991925853911908462e+01 7.575431945510547393e+01
2.324776005098762310e-02 1.945662959849298090e+01 3.302487601875545664e+01 2.540057793209447468e+01 1.994625287060346608e+01 2.714220466788252040e+01 1.350181585142069984e+01 3.313667668739213923e+01 5.027710952805537659e+01 4.223252170771393565e+01 2.223221661392422988e+01 4.223252173832242562e+01 5.490465492461211738e+01 6.456733818631556687e+01 5.633518698464173724e+01 4.396943742024976132e+01 6.384892826578992242e+01 8.144596156721540581e+01 8.284732590870521562e+01 7.552774465620537114e+01 8.960836012497273373e+01 8.764117917209210873e+01 6.772916369505570344e+01 5.610597990846854799e+01 4.834851042325255577e+01 6.306709522790144717e+01 7.134601268219086023e+01 7.482313281846901987e+01 6.478068261498769687e+01 6.075858286474809944e+01 4.020854859074233900e+01 6.075858286474809944e+01 6.794379443825749831e+01 8.803987842749606330e+01 9.820912912595649402e+01 8.984140265575267392e+01 8.903886041149966957e+01
8.699724428260374731e-02 2.008699724428224798e+01 3.465285457500843336e+01 4.293718139639782549e+01 3.993342465054869450e+01 3.901612027253874970e+01 1.949005116954007377e+01 2.952036474325306870e+01 4.922741958954505037e+01 4.223252173832240430e+01 4.223252173832242562e+01 2.659750128142568570e+01 4.659670599795983748e+01 5.969032106344662481e+01 7.208027578027960658e+01 6.384892826578992242e+01 5.334890420640829234e+01 6.739468524441393527e+01 8.725934968397194780e+01 9.544256283589419354e+01 9.276013133747883899e+01 8.450141728057467105e+01 8.438433840665892660e+01 7.614497167631714092e+01 6.306709522790144717e+01 4.264739923758686047e+01 6.306709522790144717e+01 6.677150097798434558e+01 4.745007543363331592e+01 5.375114018611622413e+01 3.714108183387239137e+01 4.762071854358373457e+01 6.794672036793915026e+01 8.346283140301734704e+01 9.170216008217745696e+01 9.442610933991193178e+01 7.263821015813157089e+01
2.249585233037712170e-02 7.093563664195882801e+00 1.465285312438049381e+01 2.619985850836713581e+01 4.619986463654678488e+01 4.649360299118966111e+01 2.687082827086786097e+01 3.904061139857684282e+01 5.753586265500167229e+01 6.226405729223921526e+01 4.292109453744056680e+01 4.659670599796283597e+01 3.137793835308776025e+01 5.137752056479685336e+01 6.380481162370688963e+01 7.213154245153612010e+01 7.321291075276525362e+01 6.739468524441393527e+01 8.725934968397194780e+01 9.002241277753999782e+01 8.131554481621269304e+01 6.472673404324277158e+01 8.131554481621269304e+01 7.371102138879838606e+01 5.355331265758150749e+01 3.890688876956028963e+01 5.454810844535829517e+01 6.234883258958097940e+01 5.216563466692655027e+01 3.303826258880261690e+01 3.714626399834951087e+01 5.764301233296398408e+01 6.938756079080967254e+01 6.355739280916186829e+01 8.346283140301734704e+01 1.024458661916036561e+02 8.903886041149966957e+01
2.739267172789772165e-03 1.414487489090361549e+01 3.414487489090290495e+01 4.293725690421040753e+01 5.448435372063790538e+01 5.484810075358149817e+01 3.808687434987384535e+01 5.484810075358149817e+01 6.724757087028312696e+01 7.127450284416936199e+01 6.295130149001302300e+01 5.637882388530102418e+01 3.637361060328424855e+01 3.844143102940327594e+01 4.377830600116641335e+01 6.380481162370688963e+01 8.159765812509424165e+01 8.725934968397194780e+01 9.549723789001669161e+01 8.177460797335191955e+01 6.207309230558390567e+01 5.351622874756167647e+01 7.308449859036156226e+01 7.856027700359062749e+01 5.879475293841483108e+01 4.435068808410104424e+01 3.386135415586585395e+01 5.008294174792234799e+01 4.794153030144970984e+01 3.035194095214625776e+01 5.107351841339054488e+01 4.429210825440049604e+01 4.942361863395478139e+01 6.938756079080965833e+01 7.713405109214006927e+01 9.557745527375067240e+01 9.424861969131541173e+01
8.327778614586213435e-02 2.008327778614550851e+01 3.186883824899454254e+01 3.893990606086049411e+01 4.722417730832268745e+01 5.877118269211540991e+01 5.806182144508139942e+01 6.641163646546685584e+01 6.728724059786303258e+01 7.557151175892541062e+01 7.592257121313710400e+01 5.584992126721427752e+01 4.171029767651592124e+01 5.845250285986055871e+01 6.380481162370688963e+01 5.319931110441977751e+01 6.737131621772273604e+01 8.748630022741333789e+01 8.626498946693999414e+01 7.480271859007022783e+01 6.568838779152538621e+01 4.604476413773851107e+01 6.568838779152538621e+01 7.354918038504119693e+01 7.281700549291467439e+01 6.236220822988642709e+01 5.008294174792234799e+01 2.936277616400831647e+01 2.722917946698290592e+01 4.794153030087477418e+01 4.243240845234571879e+01 6.287749413705753199e+01 6.938756079080967254e+01 5.930390096547224488e+01 7.056846137242052919e+01 9.033430589712556014e+01 8.604147925681758124e+01
6.510866554257997707e-02 5.838611357438861837e+00 1.186883824899418727e+01 1.893990606085978712e+01 3.048691144465250602e+01 5.048691144465320946e+01 5.296924587125249673e+01 5.723326019690355082e+01 4.728724059802093649e+01 6.402450641077770399e+01 7.305055219647749709e+01 7.005368340080059397e+01 5.324928713579830486e+01 5.239156709059412975e+01 7.245160630822107350e+01 7.326285863070209814e+01 6.737131621772273604e+01 8.748630022741333789e+01 7.798825248466053495e+01 5.818827452504487496e+01 4.700885268850360887e+01 4.015670383104968266e+01 5.394539514398551461e+01 5.226933660618453104e+01 7.195761705678911824e+01 6.079306334528236277e+01 5.145489999568476236e+01 4.330463314295121080e+01 2.507180704816704520e+01 3.707156204376565256e+01 5.764023373529475691e+01 5.697613260018165704e+01 7.712464119592806355e+01 7.891337253561458454e+01 8.710462793130702153e+01 9.867826718703807387e+01 9.433117754126224952e+01
8.953482861371392376e-02 2.008953482861335971e+01 3.186883824899454254e+01 3.893990606086049411e+01 4.722417730832268745e+01 4.711138149121548224e+01 3.296924587017507235e+01 3.723326019728621361e+01 3.574023521422883221e+01 4.476628103035810113e+01 6.476628103017699800e+01 8.164700191075843350e+01 7.331265537203049121e+01 6.656102356732010605e+01 6.876026756677786977e+01 8.887618017541151971e+01 8.748630022741333789e+01 9.582400003246600306e+01 8.058045794530498540e+01 6.074791151993355953e+01 6.150672869839178958e+01 4.133692778338359375e+01 3.375071811346771966e+01 4.884830780628256974e+01 5.703334747018407569e+01 4.947357127907060459e+01 3.386256920181601515e+01 2.263498559594543025e+01 4.266211546237191499e+01 5.418216565983358635e+01 6.598734962191913667e+01 7.712464119592806355e+01 8.540846177984866472e+01 9.223770420197595854e+01 8.395867985520293075e+01 9.223770420197595854e+01 9.146757374692691656e+01
