LEM/with_lateral_4open/elevation_000036.asc
nrows	100
cellsize	150.0
xllcorner	0
ncols	100
yllcorner	0
NODATA_value	-9999
[rows 51 to 67 of 100, columns 37 to 73 of 100]
8.930803524524934289e+01 1.014120934289954192e+02 9.413048805492917381e+01 9.751174864914239038e+01 9.864301593097151510e+01 1.069439856118468555e+02 1.099271047570685340e+02 1.121144434319798791e+02 1.204222353516747432e+02 1.308463599912175823e+02 1.390901907043865151e+02 1.279818815356442627e+02 1.078502987177099470e+02 1.078502987177099470e+02 1.089128556529465044e+02 1.231561541818649061e+02 1.280393160394502843e+02 1.202541665662887311e+02 1.086668052337134895e+02 1.003592862716512712e+02 9.277383577519189828e+01 8.608643918752414947e+01 8.028448977801893705e+01 7.397984839124664802e+01 5.350876508475625570e+01 7.397984840692441821e+01 7.854111869441273086e+01 8.139870174819208160e+01 6.694817945433788964e+01 5.660751102927090272e+01 3.596889300168311365e+01 4.628436567155840464e+01 6.090879769592118720e+01 8.102901067267362123e+01 7.119599861745844294e+01 4.932141681029580127e+01 6.308926687556583346e+01
9.544066416211295234e+01 8.823781552537265327e+01 7.404959956213801320e+01 7.744394348434406083e+01 7.856858944412449830e+01 9.115569321640998623e+01 8.990148549243431830e+01 9.209281659819761501e+01 1.078958807931715143e+02 1.161907706824181332e+02 1.251286998493803537e+02 1.279818815356442343e+02 1.078502987177099470e+02 9.362409608938204997e+01 9.468587076889036780e+01 1.079070392745778832e+02 1.079070392745778832e+02 1.226252256089333770e+02 1.148949995585766573e+02 9.481256367326584211e+01 8.322705911845912397e+01 7.320069289684708735e+01 6.647836092722309331e+01 5.999824665051730932e+01 6.546005113382834395e+01 8.230641715054727570e+01 9.742501253466494404e+01 7.754766373740868346e+01 5.711759352549607627e+01 4.241365702324203824e+01 3.469486604898850146e+01 5.518791305149778736e+01 6.932985564828726410e+01 7.815446418073594259e+01 6.308926687556583346e+01 4.162524431470629338e+01 5.679967364601832713e+01
7.538287247099297872e+01 7.538230963104270188e+01 5.986054913949121215e+01 6.324425875106819461e+01 6.696351143594498012e+01 7.105688120774030381e+01 7.566727155076029021e+01 8.148543882425454399e+01 8.786842527154973936e+01 9.686448611652855334e+01 1.109724885120762821e+02 1.309387344697248921e+02 1.220930684945318063e+02 1.047475995071235815e+02 8.463830996796430384e+01 8.779330092292177312e+01 9.415814092841327465e+01 1.142778160251434656e+02 1.231918154703235473e+02 1.074589728249511893e+02 8.738386713186621080e+01 9.095660392063852839e+01 7.087138552566011640e+01 7.173201314517193339e+01 8.561810792486474497e+01 9.392869161546829559e+01 8.919411438788536373e+01 6.899814660553860790e+01 5.711741534751131155e+01 5.398181815727309640e+01 3.345620801910158093e+01 5.215832535272139836e+01 4.847053549127706162e+01 6.377372545847572383e+01 5.690239809184904374e+01 3.600551213622988200e+01 5.690526750722645488e+01
7.110703985033222807e+01 5.532744611244509514e+01 7.530585710428439938e+01 7.483738694079774234e+01 8.705304039496304824e+01 8.267687909631776222e+01 9.576685357758574924e+01 1.015626432745674634e+02 1.078958807931715143e+02 1.161907706824181332e+02 1.251286998493803537e+02 1.293228458283691964e+02 1.210135944457791624e+02 1.130903889500562798e+02 9.785017009874978555e+01 7.775774783612394003e+01 9.785017009730971438e+01 1.076521990642507944e+02 1.159115919253071212e+02 1.157612358545405158e+02 1.074589728249511893e+02 9.926507554970838498e+01 8.092121558959426864e+01 9.181623261111707279e+01 1.001244217298087307e+02 9.374629572315400594e+01 8.479181081740193804e+01 7.649583873420544933e+01 7.010616592995017982e+01 5.693947057462006001e+01 3.639508924941844725e+01 3.172780884751015051e+01 5.041950164231170817e+01 4.323118708287236700e+01 4.819788010494112029e+01 3.118880155786212072e+01 4.905524558079209640e+01
5.105807565737962506e+01 7.110704963707898685e+01 8.319980481898207358e+01 9.498586689622405288e+01 1.034060325545569299e+02 1.027379686984222502e+02 1.110374867238863885e+02 1.139841358673062786e+02 1.222858860917741595e+02 1.319961356884391250e+02 1.352174162182252246e+02 1.151301788301017126e+02 1.009057478480383452e+02 1.082962756277534737e+02 9.398338163181286120e+01 7.390638732904713493e+01 9.345479865642620609e+01 8.757404285857595028e+01 1.076521990643990279e+02 1.147017614284902436e+02 1.139341490401407384e+02 1.092976656988292916e+02 1.009919922516825608e+02 1.092976656988292916e+02 9.958129940099534849e+01 7.958327249938201930e+01 6.544104197290482716e+01 5.629168719929358389e+01 4.968527836820575772e+01 4.389452354875896134e+01 5.693947199899162825e+01 5.041950164363240816e+01 3.008975147259577554e+01 2.897959342759065038e+01 2.786673093831199211e+01 2.674300589029260067e+01 3.803583919685576831e+01
6.107289663791910073e+01 5.484265793667276512e+01 7.489842791083303553e+01 8.721608089732139035e+01 8.897299079076101691e+01 9.316297860335545522e+01 9.765486734573683236e+01 9.398494799193805704e+01 1.037014946379089508e+02 1.190589936385493530e+02 1.290416168434053930e+02 1.225131318088328953e+02 1.024074609832426290e+02 8.819070774719760664e+01 9.026460869745292825e+01 7.019409456350736320e+01 7.339135766012719841e+01 9.345479865742534287e+01 9.460109005241170621e+01 9.460109005241170621e+01 9.383161578033750061e+01 9.383161578046488671e+01 9.272406475436376638e+01 1.010458757549049977e+02 9.786586166148750010e+01 9.374629572315400594e+01 8.479538856317266493e+01 7.649650306464491223e+01 7.010701578764469843e+01 6.444286253362760419e+01 5.721245511252671179e+01 3.652745487284430226e+01 4.439708441783007231e+01 4.919050804959243095e+01 4.694110005796038365e+01 3.038621266643927044e+01 2.518394150113785201e+01
8.085765416707546649e+01 6.639495452745438797e+01 5.884610959670430930e+01 7.890977131116832766e+01 6.888312620087974381e+01 7.306850296941932754e+01 7.756653019507493241e+01 8.364710066265141108e+01 9.077823160583206175e+01 1.008064945946696298e+02 1.207324291760719603e+02 1.249947772495495713e+02 1.149790511533331738e+02 9.881842003578843503e+01 7.873060017735058125e+01 8.587730799018392247e+01 6.582830033004219672e+01 8.190624716742861722e+01 7.452878102514694092e+01 9.460109005241170621e+01 9.383161578001059411e+01 7.375145430630253429e+01 7.264568460793496740e+01 8.945154628223164650e+01 7.779122872086844609e+01 9.197829266504635370e+01 9.888392226958499975e+01 7.875959195951033109e+01 6.437010942511261646e+01 5.399502009675625658e+01 4.462413347630434401e+01 4.719345227292968303e+01 6.486835004956027717e+01 5.369719436824659908e+01 3.796585415791574292e+01 4.898567538745861327e+01 4.728225001927386018e+01
9.434453197369900579e+01 8.618371522244871130e+01 6.780885442773615068e+01 6.321439342898366220e+01 8.329071899691129488e+01 9.316297860335545522e+01 9.765486734573683236e+01 9.398494799193805704e+01 1.107694618853708448e+02 1.190589936385493530e+02 1.290416168434053930e+02 1.167502298694636380e+02 9.666602588498274429e+01 8.661720325568467160e+01 7.952349834066797030e+01 7.319082709931862496e+01 6.741516491695851698e+01 6.185010869914053444e+01 7.854009966302773194e+01 7.652057958131268833e+01 7.452890104951099204e+01 7.256293208359286950e+01 6.103889681955412527e+01 8.112929230525902824e+01 6.358149889340960215e+01 7.362652524721777070e+01 9.370954180086113183e+01 9.296918441793152965e+01 7.826346203106795940e+01 5.782417593787762655e+01 5.935737303021983280e+01 6.253336642846757343e+01 7.670320044633939460e+01 6.211752875886659098e+01 4.364222415145407297e+01 6.211752875886659098e+01 6.259687255262033290e+01
1.039595943219317746e+02 8.415834982099094930e+01 8.779194588879965977e+01 6.989773566935349436e+01 7.480599031215029981e+01 8.641546863759569419e+01 1.064453058048543568e+02 1.139841358673062786e+02 1.222858860917741595e+02 1.174453729580287131e+02 1.257509548344402219e+02 1.249947772495495713e+02 1.149790511533331738e+02 1.067081278772233048e+02 9.960491335712443117e+01 9.325461234801339572e+01 8.264300001439701759e+01 6.257900406317880737e+01 5.845441019793692305e+01 5.640725303682326341e+01 5.438534964185139131e+01 5.239157969643060397e+01 6.993226031518292984e+01 6.820724049816037393e+01 5.347231119088525020e+01 7.361937915968464097e+01 8.653694686706123207e+01 8.761565816602329448e+01 8.659924944229439348e+01 7.234682724235292994e+01 7.977146614105807032e+01 8.334364504676996432e+01 7.563361032371658155e+01 5.652327683948106340e+01 5.652327683948106340e+01 7.008499740490508145e+01 5.860092266902822900e+01
1.047019799192944589e+02 1.039595943219317746e+02 9.708571813772958592e+01 7.700603729064778236e+01 9.488107392451317423e+01 1.031779181658822324e+02 1.147422977082312201e+02 1.187398356209783827e+02 1.104673789569051223e+02 9.770883274928324624e+01 1.101463738446727803e+02 1.184164343824997161e+02 1.257262314621098653e+02 1.140968287242445598e+02 1.050862909099281666e+02 8.885288134345381650e+01 6.876673838672877537e+01 8.261612167466374501e+01 7.253459342239993646e+01 7.652057864317409042e+01 7.452889078104297482e+01 5.518221203387808060e+01 4.973670938261925301e+01 4.800392633478779203e+01 4.629907499464391663e+01 5.826146943561745672e+01 7.126469543069512724e+01 6.759415353994872078e+01 8.761565816602329448e+01 9.254748198159234107e+01 8.911346694147333380e+01 8.079256361933481401e+01 8.375336979152875472e+01 7.563361032371658155e+01 7.563361032371658155e+01 6.444734628304287583e+01 4.448819772908378667e+01
9.053825905769610927e+01 1.105612462601166470e+02 1.053774809321528210e+02 8.862721613758247940e+01 9.708571813772960013e+01 1.170873585097919261e+02 1.114449053569551751e+02 1.032116352472341987e+02 9.084701169302489632e+01 8.650352606001969491e+01 9.053211881862021926e+01 1.101463738446727803e+02 1.174031470479786066e+02 9.724012874101423165e+01 8.560300628792920463e+01 7.662143047063446488e+01 7.772564319135675248e+01 9.681580642018053595e+01 9.178021430426066729e+01 7.757217572378040416e+01 6.344074208032598960e+01 7.503805625136342883e+01 6.092703326789981588e+01 6.820925815948614002e+01 6.416079139389759689e+01 4.397414676232179431e+01 5.112169352831352143e+01 6.540043470940020143e+01 8.543412958885305386e+01 9.500048307641451117e+01 7.490745068710779719e+01 6.067684393255760256e+01 6.807026542259384883e+01 7.639622252177927919e+01 7.030766058049742639e+01 5.871219430950242923e+01 5.039014170097496503e+01
9.053825905769610927e+01 1.105612462601166470e+02 1.169334542517072038e+02 1.086402467478918084e+02 1.103093304961633834e+02 1.020809006479700400e+02 1.032116352472341987e+02 8.367415085232511274e+01 7.965354045303068631e+01 7.681618351425682079e+01 9.627700110782876664e+01 1.070468199612157463e+02 1.184315343244395820e+02 1.110003224893783056e+02 9.084256666842667016e+01 9.084256666842667016e+01 9.195101425064285650e+01 9.785500610895768148e+01 1.053696658340272876e+02 8.996183548456777146e+01 7.013709415122329460e+01 8.752700588200400489e+01 7.976456507190029299e+01 7.683968674884030747e+01 5.668066155089332625e+01 4.240093142357929423e+01 6.256977886675494460e+01 7.954358062572505617e+01 7.905289784051329605e+01 8.731369516621454352e+01 8.064560784651618519e+01 6.807026542259384883e+01 4.790929815158872174e+01 6.807026542259384883e+01 6.198567246605943382e+01 4.190468488690682847e+01 3.044948102865521378e+01
9.272896231070536999e+01 1.127498095381965300e+02 1.084107142226173579e+02 1.002139696144255936e+02 9.897044089328549887e+01 8.253483671936307076e+01 9.897044089328549887e+01 8.939654754426760519e+01 6.988687297466024972e+01 7.061841975275936534e+01 7.935410172981454480e+01 9.054479326720635868e+01 1.101599137139845368e+02 1.193300151514296061e+02 1.110003224893783056e+02 1.110003224893783056e+02 1.121085033254415606e+02 1.180016372454274318e+02 1.039187677070861469e+02 8.418068491866630154e+01 8.418068491866630154e+01 9.815270941352680723e+01 8.684999957342031962e+01 6.674639788878239699e+01 5.248225798802373276e+01 4.084814355146243514e+01 5.880995547590802630e+01 6.494620004104308464e+01 5.910301449220384029e+01 7.905289784051329605e+01 7.231990229515963620e+01 5.217913087405728589e+01 4.153451064589641817e+01 6.169480778174531821e+01 6.186990300418260347e+01 5.367471476575273925e+01 3.888004884712871245e+01
1.127498095381965300e+02 1.080183486778804394e+02 9.719527456117110376e+01 8.093860981110090336e+01 9.079597537719112665e+01 7.125232937693209578e+01 8.034945717413916100e+01 7.853379919028613187e+01 6.359378364452082621e+01 7.168767084605212858e+01 8.143619072320178987e+01 9.517231227200095134e+01 1.148632080782398646e+02 1.119568927068822575e+02 1.037297590588768372e+02 1.022634016018333085e+02 1.104835605478368592e+02 1.188711371057900692e+02 1.121247339083873982e+02 1.039187677070861469e+02 1.039187677070861469e+02 9.670738559922796185e+01 8.837698489832693838e+01 7.531449776288657461e+01 6.207346308038535199e+01 4.200574537242131612e+01 3.867646806670979487e+01 4.489902255376089357e+01 6.422131279308727869e+01 7.375272829382026885e+01 6.750915061264885253e+01 4.735826484970262129e+01 3.576280713136066680e+01 4.951490589215448068e+01 5.044803935498219971e+01 3.374280356557413540e+01 3.984375530031248047e+01
1.050807950293015978e+02 9.538644566630570409e+01 8.043308987076275685e+01 6.973832618514822457e+01 8.851262511458162408e+01 8.034945717413916100e+01 6.063649031632763098e+01 5.877532345692864624e+01 7.853379919028613187e+01 8.322700775389806438e+01 9.935826942813152129e+01 1.091601797489586119e+02 1.046946258156382186e+02 9.650322352005254345e+01 8.419233094952269880e+01 8.274400423287082162e+01 9.099387227644356813e+01 1.027260961385189546e+02 1.109470219233039074e+02 1.056994868138277752e+02 9.409073407177018566e+01 8.513566659516638424e+01 6.836257858290980494e+01 6.701155093480743119e+01 4.695294324741158221e+01 6.207346308038535199e+01 5.683094163427284684e+01 3.671121278045983871e+01 4.655041951246548848e+01 6.553496126004179700e+01 7.583678839031684049e+01 6.419830625730691054e+01 4.951472388304064509e+01 2.952752958143626216e+01 4.220697496143861827e+01 2.245858971628245015e+01 2.148573327043969527e+01
9.122137754875721782e+01 7.766103433423776892e+01 6.790797256678460769e+01 6.085837723225085227e+01 7.371901882661089189e+01 7.021831708973091679e+01 5.424299267605863406e+01 7.411566970312946978e+01 7.853379919028614609e+01 9.812764289799409312e+01 1.110325713546362323e+02 1.145545220949492347e+02 9.650322352005254345e+01 7.697004016166744123e+01 7.293253453768814154e+01 7.147493706926782409e+01 8.891576775548629996e+01 8.319534243840796250e+01 1.027260961385189546e+02 9.736760600897265761e+01 7.726396604565171344e+01 6.577232424520542509e+01 5.686185961098048836e+01 5.235200871632599728e+01 6.701155093480724645e+01 7.531449776263279716e+01 5.547386966861575530e+01 3.536448912088373220e+01 5.547386962841071067e+01 7.375271451418250024e+01 6.507250612145671198e+01 5.274907342575908586e+01 4.615034012507318550e+01 4.362087389845188312e+01 2.383076775615209186e+01 4.218627602565631207e+01 4.121861466730052825e+01
9.895103531250039453e+01 9.538644566630570409e+01 8.728674679969688555e+01 7.371901882661089189e+01 5.393839030797612111e+01 5.026216258675894011e+01 7.021831708973091679e+01 7.830600413034648000e+01 7.830600413034649421e+01 9.797029451444210224e+01 1.088447314148423430e+02 9.486343967460693705e+01 9.594682414923819636e+01 8.269117710917825548e+01 6.300674206351308726e+01 6.334863587527363649e+01 6.937929751986007432e+01 8.067407623217458479e+01 1.001741277464849276e+02 1.004698915069056682e+02 8.035538390788381946e+01 6.625307789165340466e+01 7.682166202445554859e+01 5.993954012712787005e+01 7.990459655403303429e+01 6.836808285771829219e+01 4.822849815544176266e+01 3.403156915838802377e+01 5.224523487854133919e+01 6.057900753150895667e+01 5.352632612758512920e+01 3.352453633514367226e+01 2.626389676558645547e+01 2.525396470253293302e+01 4.359347966059209512e+01 3.428779810623908730e+01 5.433941698079595994e+01
