LEM/with_lateral_4open/elevation_000276.asc
nrows	100
cellsize	150.0
xllcorner	0
ncols	100
yllcorner	0
NODATA_value	-9999
[rows 0 to 16 of 100, columns 37 to 73 of 100]
8.884754177262699226e-02 6.929726548558100274e-02 7.395023591448830758e-02 4.828361932999872264e-02 4.897713358561925356e-02 8.568734790590110117e-02 1.075183056328203948e-02 6.823539046102447547e-02 7.194897206013613211e-02 1.557559815681563986e-02 7.704183385687686514e-02 1.685416958384493638e-02 9.680445094065920353e-02 7.639902522890137937e-02 4.559330980047965332e-02 5.839666421669215124e-02 9.739037529851846120e-02 3.670263267501718690e-02 2.041064012308905357e-02 6.895211126444661387e-02 9.031524355919069713e-02 1.560024811392830661e-02 7.641644294168103979e-02 3.888124420523987601e-02 6.873285589001959517e-02 4.772367030474261584e-02 9.504926490987847254e-02 5.760415539182907330e-02 9.666222459857021221e-02 9.627991409191682948e-02 1.286757495974483190e-02 9.381044340810595905e-02 7.584058927755046864e-02 1.435327048224320848e-02 5.777975670406795827e-02 2.716720951219454838e-02 4.735230246529398453e-03
3.138826535108528049e+00 2.006929726548522552e+01 2.007395023591413263e+01 7.607573079514575731e+00 2.004897713357667755e+01 1.422782321850031195e+01 1.416026173642862140e+01 2.000361468440086554e+01 1.648127772945225544e+01 6.470845761074885960e-01 2.007704183385652286e+01 1.413696258872307432e+01 2.009680445094030432e+01 5.240376820172145678e+00 2.004559330980012533e+01 1.420053228794776778e+01 2.009739037529816486e+01 3.518255751788981645e+00 2.002041064012273353e+01 2.006895171987107673e+01 2.009031519825914813e+01 2.000468336483096721e+01 1.965847343061186692e+01 1.834933420646319258e+00 1.916387059217702671e+01 2.004772219259245958e+01 8.261233227414988889e+00 2.005760415539147345e+01 2.009666222459821583e+01 5.869782605988199009e+00 2.001286757495939028e+01 1.423594606713918154e+01 2.007584058927719539e+01 2.001435327048188739e+01 2.005777975670371305e+01 1.297168485567820717e+00 1.998995757720566147e+01
6.224970941325842055e+00 2.625134965426442335e+01 3.589199738260901285e+01 1.760757307960752627e+01 3.589198261153376279e+01 3.422791890242012869e+01 3.429009627680138550e+01 3.236775951904445492e+01 2.015563092617493623e+01 1.278908599714052574e+00 2.190353115114457694e+01 3.369319115491695271e+01 3.058560165842103729e+01 1.058560165842068024e+01 3.058560165842103729e+01 3.420053228794846945e+01 2.119592528149426514e+01 7.053789657721734052e+00 1.860079504151137186e+01 3.860079400476313083e+01 3.588830332276736357e+01 1.595408742990416151e+01 4.813154767159760539e+00 4.216359874996834733e+00 2.979700740633775169e+01 3.641622173108470406e+01 2.243354724508613174e+01 2.831503769056241637e+01 3.190000949754388060e+01 1.190000949754352533e+01 3.190000949754388060e+01 3.423594606713988497e+01 3.322568710892291932e+01 2.310658193828630758e+01 3.104185801735038996e+00 2.129841254603049450e+01 2.956444942804894183e+01
9.427962927113547664e+00 2.099849396091995857e+01 4.104895149233936280e+01 3.174970900398850304e+01 4.589225596516349981e+01 5.073152057636373513e+01 4.288948402658017756e+01 2.741462895622746743e+01 7.459595153201085793e+00 1.911680596882385785e+00 1.615244887922811756e+01 3.697671941397495488e+01 3.661582854997676151e+01 1.661582854997605807e+01 3.661582854997676151e+01 4.948020115311998524e+01 3.097611238593939831e+01 1.097611236048544825e+01 3.097611199454603792e+01 4.688500372632497459e+01 4.412390023595767019e+01 3.191687079350070633e+01 1.197519888619303075e+01 6.859817872673113825e+00 2.705551457166370710e+01 3.801224735172008451e+01 4.251421169099910458e+01 4.838540918901347254e+01 3.897107730940982862e+01 1.897107730940912518e+01 3.897107730940982862e+01 3.908810722488638589e+01 1.908396068984551519e+01 4.937595737511767169e+00 2.310739368791061921e+01 1.724875621829369265e+01 3.725139572408696154e+01
1.649809210912035340e+01 3.676714768291653002e+01 4.934220213932076149e+01 5.174979383150848378e+01 5.324857137351948921e+01 3.461143473174334417e+01 2.343146680743961952e+01 1.639561430876484138e+01 2.258338434027877639e+01 2.549581528991883950e+00 1.672279156309524240e+01 3.684477953531351346e+01 4.368689636184236491e+01 2.368689636184165792e+01 4.368689636184236491e+01 4.928850891652096777e+01 2.928853622398394307e+01 1.514640064162698074e+01 2.669340602542013485e+01 4.669340610150932491e+01 4.600437712621618402e+01 2.608447547057839344e+01 3.191745344425066477e+01 2.705498771980625605e+01 9.814246928023315775e+00 2.977936242636635455e+01 4.437529925105706496e+01 5.259693684635926303e+01 4.725534855687202906e+01 3.051808269320184408e+01 4.725534855687001823e+01 4.039801586696431457e+01 2.039283647416006318e+01 6.245059691749979436e+00 2.625221785945901942e+01 3.725139572408696154e+01 4.553597529611046468e+01
3.676714768291653002e+01 2.948711098237231809e+01 4.528034409089275414e+01 6.779629913484779991e+01 5.777746350045690349e+01 5.075404752113674078e+01 4.289396892585757826e+01 3.612014458194133937e+01 2.325074584542288392e+01 3.188784301092478124e+00 1.736647054788500100e+01 3.753711131461091810e+01 5.197116760930455825e+01 3.523390174563458288e+01 5.197116760930455825e+01 5.413897547433253266e+01 3.413924807012732998e+01 1.999711314235372583e+01 3.999713561845397436e+01 5.497768116236839830e+01 5.426594760562004893e+01 4.600341860844258690e+01 4.284314173730912501e+01 3.173004164879565892e+01 1.179377345081948292e+01 1.781332950702710249e+01 2.446450816997117528e+01 4.437529925152300336e+01 5.880235394066474441e+01 5.051808269320255107e+01 5.182306204311127118e+01 4.353858278968976236e+01 2.757287508930079767e+01 7.563874308133986979e+00 2.757287508930079767e+01 4.126261367808911018e+01 4.954739424121226676e+01
4.221029486702818900e+01 5.019349654231967861e+01 5.883164332193936019e+01 5.947132709646181326e+01 5.117701200441258891e+01 4.412500326100509085e+01 3.809833662620345507e+01 4.032780972271699937e+01 2.389409556045094263e+01 3.829296916312828092e+00 2.383510874769383747e+01 3.548662290263936114e+01 4.964593672184054185e+01 5.523390174563528632e+01 6.351817299309748677e+01 5.413936621057209209e+01 3.413924932319642380e+01 3.999713561845397436e+01 2.999711314340094148e+01 4.999715809350693974e+01 6.274531409366225176e+01 5.123659896019260174e+01 3.469265493251993604e+01 1.477184945022089657e+01 3.172866300212079693e+01 3.772714800158539816e+01 4.437529922174463337e+01 3.856005794497120576e+01 5.841453368227242748e+01 5.768207342991336617e+01 3.768015730130447594e+01 2.353237740516619780e+01 1.596703129272339083e+01 8.891434650566560904e+00 1.492531313674916760e+01 2.125531400665845183e+01 3.540405890248826637e+01
5.331216794049674945e+01 7.039946773600969721e+01 6.532776854091726193e+01 4.531557672915270985e+01 3.123091919061183575e+01 2.413681129681426896e+01 1.805792058433240399e+01 2.476040886925084905e+01 1.223193071980049496e+01 4.470797215413357506e+00 7.823666422937154863e+00 2.146903424699680585e+01 4.067224711284031002e+01 5.440514741176307467e+01 6.271094097339619822e+01 6.242500703074843216e+01 5.413938023521458121e+01 5.828202652876908019e+01 3.999711316407479700e+01 5.828202652875754808e+01 5.445687720495010353e+01 3.441729679599559688e+01 2.444555252623344899e+01 1.691133437136729256e+01 3.682180965745030221e+01 4.818366210352029810e+01 5.642633368635306113e+01 5.841453368227242748e+01 6.663381574774726346e+01 6.353998122693839434e+01 4.353858289776399459e+01 4.029978073104138048e+01 2.029002562982325131e+01 1.028176552459924054e+01 3.029491666686022810e+01 4.126261367808911018e+01 3.540405890248826637e+01
4.745043796790823620e+01 6.746363593928869307e+01 7.119981984218452453e+01 5.117701200441258891e+01 5.117701200441231890e+01 4.412500326100509085e+01 3.080057883117453699e+01 1.019899177585572581e+01 5.396777555949193506e+00 2.453936664791901734e+01 2.728809162434312086e+01 1.276567655943231649e+01 3.237163708891995384e+01 3.430847814474093127e+01 4.856594332272001679e+01 5.687526815804788072e+01 6.585880779528397966e+01 6.828237771439570736e+01 5.999720302293908958e+01 6.828237771433344960e+01 6.278012828441870852e+01 5.247389784302509952e+01 4.079402632650622706e+01 2.089840729186374801e+01 2.078338724433671558e+01 2.830898171758054715e+01 4.237398265965665445e+01 6.224882614070830300e+01 6.717542365664310466e+01 5.888935197304147806e+01 6.030234437868141839e+01 4.029977229814455342e+01 3.170828554353392903e+01 1.169288143321724327e+01 3.170828498398688211e+01 5.123461643653072173e+01 5.540641617128171958e+01
6.746363593928869307e+01 7.574884826969822882e+01 6.832030613687427945e+01 5.667283434171114465e+01 4.833962567901070884e+01 4.126577957885387349e+01 3.607956696466274593e+01 2.375343689340918374e+01 6.057946109631740406e+00 2.661436090000000121e+01 4.015201587986778975e+01 3.237163708891993963e+01 1.811014990972391203e+01 2.309948581690792579e+01 2.841889569045702402e+01 3.745036109121525669e+01 4.908058462778515718e+01 6.913987487349021421e+01 7.897456807734614870e+01 6.909434668603780949e+01 6.077277016817582478e+01 4.098943881569756087e+01 2.690746332332841106e+01 4.080182323859101956e+01 2.375222437338724646e+01 4.361397590731208140e+01 4.819323130635904562e+01 6.809722026302770814e+01 5.888935676111072581e+01 3.888264563636548843e+01 4.474246701586152852e+01 3.717882516437218499e+01 3.313257666791744782e+01 1.311491013319212051e+01 2.312620474038453011e+01 3.726090706574876776e+01 5.708387464620808061e+01
7.472598762894570257e+01 6.648101092813908508e+01 6.001870880434740485e+01 3.978994344544398842e+01 2.833176749304695008e+01 2.162243939888772459e+01 3.247753039491282578e+01 2.676600099629800056e+01 6.720186067026666876e+00 1.446689316306282436e+01 2.772826089136340855e+01 4.631277141340108727e+01 3.210909461873351489e+01 3.430847814474093127e+01 4.856594332272001679e+01 4.118077238021988506e+01 6.127404431371778770e+01 7.743406953896676725e+01 7.079828238532152795e+01 5.102908189567228447e+01 4.109012698410674602e+01 3.355445271751490566e+01 4.679843893839981916e+01 2.837946309728011940e+01 3.329590662366288001e+01 4.333149423281695789e+01 6.248474013197780863e+01 6.461345371664052095e+01 5.632657788040526725e+01 4.474246962018104057e+01 2.473092512335912119e+01 1.716032055723792382e+01 1.547401688446829304e+01 1.600434445563891828e+01 3.589893425939674643e+01 3.424352746955443649e+01 4.571727004684318274e+01
6.648101092813908508e+01 4.660253698692589808e+01 5.242480720456928367e+01 5.667283434179388735e+01 4.833962567901070884e+01 3.248119373272403010e+01 1.313016508712894037e+01 7.660828292420855057e+00 2.684107879198557356e+01 3.330146212590568666e+01 4.266743980853793516e+01 5.760638598594608339e+01 5.220922214070344580e+01 5.440514741176307467e+01 6.271094097339619822e+01 6.127404431371778770e+01 6.127404431371779481e+01 8.131444640700669879e+01 7.897456807734614870e+01 6.909434668603780949e+01 5.969228756635785516e+01 3.986099608078742307e+01 5.152186154514730276e+01 3.169779318590467199e+01 5.088478809673036096e+01 4.743867560310929576e+01 6.461355176195293382e+01 5.632657804460647810e+01 3.631230607544208766e+01 3.965698501064088788e+01 1.963547493814148837e+01 3.717882516988707664e+01 2.963009507787513286e+01 3.590149695768498361e+01 2.022133929321703505e+01 3.166554045844540610e+01 5.160272037918650767e+01
6.334371732751293393e+01 5.242480720456928367e+01 3.261222703759963792e+01 4.183453764270355890e+01 3.739926307852282861e+01 2.874103667900495296e+01 8.609347770653597465e+00 2.778723736429431312e+01 3.502633120830256530e+01 3.729824530778873992e+01 4.540536771736853439e+01 5.692054304945154541e+01 5.886068151988115460e+01 6.535298736867306957e+01 5.743065456378772637e+01 6.332028395680372057e+01 7.027833396283824641e+01 7.852385968472677291e+01 8.422106780135952420e+01 6.447841475894840357e+01 5.048883316445930802e+01 5.969228756635785516e+01 5.496848391931504807e+01 3.516914577194766878e+01 4.920547233854395586e+01 6.461355176195293382e+01 6.982152657463866774e+01 4.780368383759503104e+01 3.128836902982975943e+01 2.215014718005427596e+01 3.965698686312538257e+01 4.794484039774395967e+01 4.963789736304734390e+01 4.335609545498043360e+01 2.350128172800869208e+01 4.335609545498043360e+01 5.990792422464375733e+01
4.515104433627264058e+01 3.528389473332032367e+01 2.830156809627422732e+01 2.200803131102930266e+01 1.753611996989070576e+01 1.336404547353713390e+01 9.280807310414889599e+00 2.727109746089496412e+01 1.542999330608740038e+01 1.775527237680165982e+01 3.729193751519297706e+01 3.730983132056871199e+01 3.973162860354896964e+01 5.009181472069537477e+01 3.805685581124058814e+01 4.378659310592086484e+01 5.059799659042995046e+01 6.191255271365615442e+01 8.170620367172442400e+01 7.843725634913117517e+01 6.191693903036079405e+01 6.054891694062097685e+01 4.081965963478958059e+01 4.665065958506826149e+01 6.313199890423659610e+01 7.705852555028394590e+01 7.210406791062750642e+01 5.184693776520539643e+01 4.402541695725888360e+01 2.400307155521057467e+01 3.816372824977461420e+01 5.817678532429835769e+01 5.831867744524360120e+01 3.830152031877547358e+01 2.690346302489038877e+01 4.089473327934358338e+01 6.092603727810188730e+01
6.334371732751293393e+01 5.509884967347552021e+01 4.809320346722748951e+01 4.183453764270355890e+01 3.739926307852282861e+01 3.045636762661361274e+01 9.962342809432309210e+00 1.218476777952266410e+01 3.185761176873884537e+01 3.729824513047441314e+01 2.115567367201829185e+01 2.360828172803308433e+01 2.614682779240572330e+01 3.086438926878398803e+01 5.009434154722161026e+01 6.332028395680372057e+01 7.027833396283824641e+01 7.852385968472677291e+01 8.998396628691300236e+01 8.983458937685554702e+01 8.165897201379164017e+01 6.465026260872795660e+01 4.498150453786373504e+01 6.465021853553773212e+01 6.632592664450844211e+01 8.599079052423095959e+01 7.555988498011600996e+01 6.005935641792022750e+01 4.004736634867965250e+01 2.588872145111284340e+01 4.416154291268868093e+01 6.516732739297083299e+01 6.663078638904235618e+01 5.052267069481817430e+01 3.062183567556650132e+01 5.052267069481817430e+01 6.487859795583722189e+01
7.292077290303664938e+01 6.471459001374489617e+01 6.255031559883446590e+01 5.844207472949548077e+01 4.609073986149815738e+01 2.503127352307127040e+01 1.067933908447451685e+01 3.056437996935003554e+01 2.822301206377567695e+01 4.738057336462617286e+01 3.491824033727510823e+01 3.730058070269977577e+01 4.547124720273663456e+01 3.050318666252435662e+01 4.153054848022200218e+01 5.525720106250471986e+01 7.502026504605733237e+01 8.657968945232845215e+01 8.657968945232845215e+01 9.482395368069846597e+01 8.431975722027260645e+01 6.465026260872795660e+01 5.245871513494846994e+01 5.340715504737267594e+01 7.300815861071481550e+01 7.817600657848090862e+01 6.727278419262087539e+01 4.726187212661906756e+01 4.782780435613792491e+01 2.781683996847574747e+01 3.833654767170686739e+01 5.190225774731290187e+01 7.136090908965597635e+01 5.883563908450952340e+01 4.464169949522987224e+01 3.653460842979693268e+01 4.649612593704772934e+01
6.035630740975641118e+01 4.463411615905559415e+01 4.242412785817768395e+01 3.822746789847379034e+01 4.029113736283992608e+01 3.169999456587548181e+01 1.139822272239728562e+01 3.166174935000771740e+01 4.119483696967564157e+01 5.514121832322886974e+01 5.440050206164167435e+01 5.674958435445689275e+01 5.299452557002747000e+01 3.369902433369448858e+01 5.299452557027173327e+01 6.227904472742081055e+01 6.721860670191500731e+01 6.670467512989779379e+01 6.670467512989779379e+01 8.657968945232845215e+01 9.177021637006554045e+01 7.205815430646761399e+01 6.224442413169433763e+01 5.993789982882189804e+01 7.954328800166121027e+01 6.988915680471176017e+01 4.987801318054695798e+01 3.987157775536845605e+01 3.092407070939673730e+01 3.229192829386933994e+01 5.230114155205948379e+01 6.418251860880712911e+01 7.258701116164769473e+01 7.302957867379001300e+01 6.159054039803023528e+01 4.147154812207237029e+01 6.159054039803023528e+01
