LEM/with_lateral_4open/elevation_000472.asc
nrows	100
cellsize	150.0
xllcorner	0
ncols	100
yllcorner	0
NODATA_value	-9999
[rows 0 to 16 of 100, columns 0 to 36 of 100]
8.271705653423140625e-02 2.127631151761726416e-02 9.425194436011796739e-02 4.939197167322698090e-02 3.975871534419905817e-02 6.171646774684565184e-02 1.696294146011132625e-02 1.936121709489252440e-02 4.216450047424835645e-02 2.297044857093000214e-02 6.704298068806634203e-02 4.162315340452049650e-02 3.835349583220235004e-02 2.777463300387698203e-02 2.207885817162396139e-02 7.161913568127860341e-02 9.025521335945362045e-02 3.502399586135773735e-02 8.040414306008919487e-02 3.131346976591601466e-02 7.604099264847130613e-02 2.387740603804927586e-02 5.687112022313325910e-02 4.074439634684711570e-02 8.709178300582484655e-02 7.612946965408906586e-02 1.077918208624280109e-02 9.929772718869623455e-03 4.600412614040166881e-02 2.152795518990661267e-02 2.378824418737431057e-02 9.511189423522797837e-02 9.406546861214974686e-02 1.749038473908382007e-03 2.223905489293687143e-03 6.269637160239108220e-02 9.476101746191394060e-02
7.813061968023242432e-02 2.002127631151726206e+01 2.009425194435976181e+01 2.004939197167287190e+01 6.706425382010894332e+00 2.006171646774648920e+01 1.415909856519118648e+01 2.001936121709453786e+01 3.964487203237921253e+00 2.002297044857057529e+01 1.420917860441914193e+01 1.418375877713559596e+01 1.418048911956327807e+01 2.002777463300352068e+01 2.074035562341927985e+00 2.007161913568092260e+01 2.009025521335909659e+01 8.979295905860594118e+00 2.008040414305973442e+01 2.003131346976556060e+01 3.998363695412144203e+00 2.002387740603769473e+01 2.005687112022277674e+01 1.158774977610268131e+01 2.008709178300546938e+01 1.269229442197875146e+00 2.000488468692201138e+01 1.987038788410029611e+01 1.418732712907354632e+01 2.002152795518955131e+01 6.054015135787913060e+00 2.009511189423487210e+01 1.423620109234322584e+01 2.000174903847355168e+01 1.831940615968472841e+01 3.186170759245884554e+00 1.950790255051467170e+01
2.526786264046545702e-02 1.416740348637154057e+01 3.416740348637224400e+01 3.377749319387713456e+01 1.377749319387643112e+01 3.377749319387713456e+01 3.415909856519188992e+01 2.796448720323754955e+01 7.964487203237904822e+00 2.796448720323826009e+01 3.420917860441984715e+01 3.418375877713629762e+01 3.418048911956397973e+01 2.413687805405311693e+01 4.136878054859506548e+00 2.413687805405311693e+01 3.726356529304921139e+01 2.312143152973082749e+01 3.726357090721256782e+01 2.799836369541177206e+01 7.998363695412127328e+00 2.799836369541177206e+01 3.987111959272912998e+01 3.158762001256246776e+01 2.246413826301379402e+01 2.464458051532266047e+00 2.246388612693016640e+01 3.251189552044308329e+01 3.415540012385795166e+01 3.237850352527614461e+01 1.237857045795699662e+01 3.237893164076815111e+01 3.423620109234393283e+01 2.753863319905709872e+01 7.774221410183606906e+00 2.239384573139277990e+01 3.194134752469111405e+01
4.163169627051844027e-03 1.414629879335787699e+01 3.414629879335716822e+01 4.206176444133933501e+01 2.532449857766915002e+01 4.206176444133933501e+01 4.377550691414350581e+01 2.377550691414279882e+01 1.222850153035007814e+01 2.637063715408127962e+01 4.637063715408198306e+01 5.011094483251868326e+01 2.969693565540140412e+01 2.623344773254937934e+01 6.233447728303334934e+00 2.037558335039265600e+01 4.037557983161185859e+01 4.312143172021445281e+01 4.380938340631590222e+01 2.380938340631661276e+01 1.226237802252430065e+01 2.380938340631661276e+01 4.380938340631590222e+01 3.656193756745007306e+01 1.660616595798904882e+01 2.198832331426254783e+01 4.179443902951220480e+00 1.908045667028250492e+01 4.144255764902855788e+01 4.066437351871039141e+01 2.132284305930163981e+01 4.066437351871039141e+01 4.734116591231423143e+01 3.084308811082882329e+01 1.110690701060729602e+01 3.084308811082882329e+01 4.600943018897832104e+01
5.883922493566802470e-02 1.420097484866674264e+01 3.420097484866744963e+01 4.886843403871748848e+01 4.532449857766985701e+01 5.360876982513205036e+01 5.205977816160569915e+01 3.777550349260297935e+01 1.777550349260227236e+01 2.855843314890488926e+01 4.855843314890559270e+01 4.421161831662582387e+01 2.368475724365479351e+01 9.619117970218109548e+00 9.521427474410510072e+00 2.952142740912643504e+01 4.265638299292887581e+01 5.420341947196981636e+01 5.209365465377750581e+01 3.742635581746672102e+01 1.742635581746743156e+01 3.742635581746672102e+01 5.209365465377750581e+01 4.476793613504548830e+01 3.646585704601628919e+01 2.535638693733285010e+01 5.401138346499103626e+00 1.925646565632392537e+01 3.836252357312893224e+01 4.960935353478406284e+01 3.546509303346390851e+01 4.960935353478406284e+01 3.914172327292628495e+01 1.996052940300044654e+01 2.765137281127340430e+01 1.712261341028197137e+01 3.883225375622688347e+01
1.256007409845548775e-02 2.001256007409810067e+01 3.472629841498679326e+01 2.886843403871820257e+01 4.301056966244865265e+01 6.301056966244794211e+01 4.932250887639570180e+01 2.932250887639499481e+01 2.777550349260245000e+01 4.605977474006517269e+01 5.684270439636779315e+01 4.726102309347385955e+01 2.678458631902250175e+01 1.206260934224377657e+01 2.952142748554448559e+01 1.437213997513721253e+01 2.591914535893024407e+01 4.591914541794168514e+01 5.742635581746601758e+01 3.742635581746672813e+01 2.449742362933278272e+01 3.742635581746672813e+01 5.742635581746601758e+01 5.143265435724416079e+01 3.997768307150000311e+01 2.070028105833524990e+01 6.632053256238513050e+00 2.662875178402006426e+01 4.244639088056797505e+01 5.071190791484112026e+01 5.546692914547274711e+01 5.186213979921031836e+01 3.215892539885660284e+01 3.345783330609555151e+01 3.972955699995038259e+01 2.168147942895753033e+01 4.115419108350512545e+01
9.594114293757748102e-02 7.167008954803022469e+00 1.472629841498750203e+01 3.472629841498679326e+01 4.842367445760514499e+01 5.842367445760532263e+01 5.760678012385789515e+01 4.086951426018791977e+01 4.191763911633390194e+01 5.605977474006535033e+01 6.090205375856022130e+01 4.929078690534994678e+01 3.603253869952271771e+01 1.501366809581982764e+01 3.603253869953260846e+01 3.437214000007887194e+01 1.971736481338579594e+01 3.126437019717924315e+01 5.126437027771412147e+01 5.278169487679367933e+01 3.344169553933225814e+01 5.278169487679568306e+01 5.460991014930901599e+01 3.477171876879042856e+01 2.329485818772289107e+01 2.501388125780029270e+01 7.872400601936194064e+00 2.786905916865363864e+01 2.249763140876218515e+01 3.660701153225984683e+01 5.654395192230002465e+01 6.041418545795665551e+01 4.631486289606305462e+01 5.261710264980879970e+01 4.654998910743554319e+01 2.713838845948652079e+01 3.747890970282431056e+01
7.711341127313005306e-02 6.401668731609915675e+00 1.306833539827664126e+01 2.013940321014224111e+01 3.013940321014241874e+01 5.013940321014312218e+01 6.915378550765181842e+01 6.086951426018862321e+01 6.191763911633460538e+01 6.513693414035276419e+01 5.261366349683177646e+01 3.246035861857134108e+01 2.028918124694079239e+01 2.742101242608601197e+01 4.438862684628724509e+01 4.379984776079369624e+01 2.379984771802449828e+01 4.379984776079369624e+01 5.954864497795144729e+01 6.172596678679516202e+01 4.758383116306370653e+01 6.172596678679516202e+01 6.292699964075262642e+01 5.143265435724416079e+01 3.311722256092281924e+01 1.175767254606111045e+01 2.786929521386268860e+01 9.857567254821109515e+00 2.398719815146341361e+01 4.393466914748155716e+01 5.793282935298374525e+01 6.559783235859001138e+01 6.809978438456751348e+01 5.697851467216835175e+01 3.746852977096446580e+01 3.829705389935373461e+01 5.437904420671812744e+01
2.297228869525369793e-03 1.154930261266193980e+01 3.154930261266158453e+01 4.013940321014294454e+01 4.842367445760514499e+01 5.842367445760532263e+01 6.068224666241996346e+01 6.189545009801646813e+01 7.017972134547707697e+01 5.685175384281424726e+01 3.680451168008141138e+01 2.656318969312752643e+01 2.902252306487850575e+01 4.779610235443507094e+01 5.609454922668404464e+01 4.879984777505017490e+01 2.879984771802458710e+01 3.644895835870998013e+01 4.799596374261294329e+01 6.799596401759633579e+01 6.758383116306512761e+01 7.057181229190973681e+01 4.994149220899460317e+01 4.812443509159671606e+01 3.512422010435847852e+01 1.473948672329722420e+01 2.928863330252828234e+01 1.128979696715438230e+01 3.125981039539507478e+01 4.634452719474275284e+01 3.920410540675963773e+01 5.237001061680107483e+01 6.980848391504619599e+01 6.520696052366513129e+01 4.712373575721328223e+01 5.782341627674266960e+01 6.605431864275256260e+01
9.647730019007895452e-02 2.009647730018972211e+01 3.983357386012283285e+01 4.338763084008867565e+01 4.896651790988227049e+01 4.068224666242208087e+01 4.068224666242067400e+01 4.189545009801717868e+01 6.189545009801646813e+01 6.513693414035276419e+01 5.143672732768035161e+01 3.134832934423240403e+01 4.922630843180258609e+01 4.336076265297182175e+01 6.338698860177608907e+01 5.414507263409856108e+01 3.414507255627326288e+01 5.414507263409856108e+01 6.473323402654766312e+01 7.628024245987226948e+01 7.556458442523720009e+01 5.497885755488714921e+01 4.994149220899459607e+01 2.924788183516161766e+01 1.910843400658262325e+01 3.512422003414126692e+01 3.270042884039282427e+01 1.273317252559070312e+01 3.269727991821127233e+01 2.682775153271297341e+01 4.562079467549660450e+01 5.848167715344961692e+01 6.827011802891925640e+01 7.509699577796541803e+01 6.683329330960235382e+01 7.509699577796541803e+01 6.706600992764663260e+01
3.582433992925927735e-02 2.003582433992890444e+01 2.608321755618997884e+01 2.338763084008938620e+01 3.283760125689344278e+01 2.068224666242137744e+01 2.775331447428672860e+01 3.930031985807883643e+01 5.930031985807812589e+01 6.777310164584882557e+01 4.776521098253880382e+01 3.676654691825348920e+01 5.678757112026984544e+01 6.338698860177608907e+01 7.167166596761697406e+01 6.121614048852828915e+01 4.121614036813898707e+01 5.047500417874179135e+01 7.047500458152038050e+01 8.022554176891036093e+01 7.182962274516367529e+01 5.497885755488714210e+01 3.420926815894600992e+01 2.398110822771699091e+01 3.959468702207811219e+01 4.812440608797157893e+01 3.459041374840845151e+01 1.441153469923262342e+01 1.685878281327916639e+01 3.672772086930962132e+01 4.619459250245612481e+01 4.209240754317716693e+01 5.813944810731471335e+01 6.645146345387674103e+01 7.547399197281180250e+01 8.265143744909832435e+01 6.343981038679456930e+01
1.813270376062421294e-02 3.033246149538254333e+00 6.083217556190334996e+00 9.245495216358687429e+00 1.283760125689415510e+01 1.800157905183746720e+01 3.800157905183675666e+01 5.445081610857576493e+01 6.758459110553873472e+01 7.605733177920345156e+01 6.507211843139916141e+01 4.833369345986785248e+01 4.678637862207351361e+01 6.093085966180929347e+01 8.093099479770660309e+01 6.950041649548850842e+01 5.121614036813947024e+01 6.950041649548850842e+01 7.875928407641310969e+01 7.182962274516367529e+01 5.116864138890369418e+01 5.046229611741743781e+01 2.971495845699446647e+01 3.581872994101757968e+01 5.312206855792055649e+01 5.027236079020838133e+01 3.023386120827276002e+01 1.610184130751777687e+01 3.601740245707126320e+01 2.150793873829932323e+01 2.635545228018609265e+01 3.211784733192784103e+01 3.842133508086166671e+01 4.733313167930598553e+01 6.147708025880722715e+01 8.200308964081663987e+01 8.265143744909832435e+01
2.372884694381488524e-02 2.002372884694345956e+01 2.608321755618997884e+01 1.741046102563580433e+01 3.283760125689344278e+01 3.800157905183675666e+01 2.616654486111487188e+01 4.616654486111416134e+01 6.445081610857512544e+01 7.599782149236804685e+01 7.661992348132775987e+01 6.833578276486485947e+01 6.678876361846636200e+01 6.093085966180929347e+01 8.093099479770660309e+01 7.950041916438760836e+01 7.121614060891715781e+01 7.950041916438760836e+01 8.362922742930383890e+01 6.319171260714545468e+01 4.846651779422804651e+01 3.639114389029557373e+01 4.006301021516141248e+01 5.658139054670036217e+01 6.505960637290266391e+01 4.889986118113735358e+01 3.765286321104021283e+01 1.781682128949689314e+01 3.781809543630100023e+01 2.609348136570535459e+01 4.589667660452633413e+01 5.194112142860724646e+01 5.827442546912330812e+01 6.645146338235565509e+01 7.547399944356534718e+01 8.294663076582038741e+01 7.461088156523049975e+01
8.175220331382776484e-02 1.422388782704490318e+01 3.422388782704560839e+01 3.741046102563509379e+01 3.155259664936650665e+01 5.155259664936579611e+01 4.616654486111416134e+01 3.616654486111522715e+01 4.771355024490814856e+01 6.771355024490672747e+01 6.811855489445395051e+01 6.811855489445395051e+01 7.640162168218589045e+01 8.093099479770660309e+01 8.921498356729563284e+01 9.163833842818448261e+01 8.334787058740533894e+01 9.163833842818448261e+01 7.835940277036206680e+01 5.782854066152464867e+01 4.574222111090704601e+01 5.722010272218342664e+01 5.483033847368945857e+01 6.931652565295752311e+01 6.044668633593207829e+01 4.057989606769938007e+01 2.029747273144218411e+01 3.186298283441456292e+01 4.555182334478082851e+01 4.589664192964772127e+01 3.314659471594499252e+01 5.286995821777613713e+01 6.826126238987433226e+01 7.635234172097165128e+01 8.760315509488752639e+01 7.461088156523049975e+01 5.436733514149939595e+01
9.124702163186203252e-02 2.009124702163150644e+01 3.537773769717947658e+01 4.432200960717678129e+01 5.155259664936579611e+01 5.983686789682739970e+01 6.445081610857512544e+01 5.616654486111451661e+01 6.445081610857512544e+01 6.225613354981594938e+01 4.811064541744610779e+01 4.811064541744610779e+01 6.811855489445395051e+01 7.178618673614680290e+01 8.006708576037291891e+01 7.679522154000500223e+01 6.333347450293536696e+01 8.163105781713143472e+01 8.672103942357978212e+01 7.492572619674159284e+01 5.622479211060593229e+01 7.492572619674159284e+01 7.542229198636324838e+01 6.632235150077443109e+01 4.619719915075468464e+01 3.205961374626395610e+01 2.207211923970755763e+01 4.199455629619570374e+01 5.838318429179729918e+01 6.096706197831725405e+01 5.286995821806524987e+01 4.125905266517036551e+01 4.873305530846889155e+01 6.004412136913955322e+01 7.948607991820412622e+01 7.461088156523049975e+01 5.436733514149939595e+01
2.239863785106879432e-02 7.093466449716574473e+00 1.603773835971588824e+01 3.017987398344709149e+01 5.017987398344779848e+01 5.774773271159302368e+01 6.360455638593310113e+01 6.766546131067424596e+01 5.938091243151711041e+01 5.397082642589511181e+01 3.395465199516340249e+01 4.729876828231790142e+01 6.730756212970302954e+01 5.178259360554729795e+01 6.851999019152681569e+01 5.677972571990213879e+01 5.332552977359574697e+01 7.334067254517039203e+01 9.249567457237250778e+01 8.515360667009183260e+01 7.678701589965342578e+01 8.515360667009183260e+01 7.833075470739487400e+01 6.994136927895966949e+01 5.761328837805785952e+01 3.797306754110712745e+01 2.389016301979090073e+01 4.388942446928049179e+01 5.216771196966963231e+01 5.717479357063091072e+01 6.554454228584062037e+01 6.088029467394991912e+01 5.730392121805382288e+01 7.635234990198691207e+01 8.030625085303803701e+01 7.022720466928700489e+01 6.188796871404802857e+01
1.766589122093755945e-02 2.001766589122058093e+01 3.537773769717947658e+01 4.432200960717879212e+01 5.190844914899601292e+01 3.778349719985098432e+01 4.363088640003493879e+01 5.938091243151711041e+01 3.936994763173616008e+01 4.523102352350668554e+01 2.728357227476667646e+01 4.464907763011476760e+01 4.789944901810585520e+01 4.021778225895300807e+01 5.507344440937144725e+01 4.261727228738787687e+01 5.263453155351851365e+01 6.419042653774386054e+01 8.420534367992854641e+01 9.062102989495761562e+01 7.890379959699164658e+01 7.050006338880459111e+01 6.441816149350970022e+01 4.979347007927080426e+01 5.348758262292832200e+01 4.660099230549580085e+01 2.661123158623336238e+01 2.745248503850497812e+01 3.216068658281368897e+01 3.714647004700100297e+01 5.717479357084862812e+01 7.413706730444867787e+01 7.679333168230503759e+01 8.490810488247984722e+01 7.197735855172379615e+01 5.179858406498764367e+01 4.173259920269649115e+01
