LEM/with_lateral_4open/elevation_000015.asc
nrows	100
cellsize	150.0
xllcorner	0
ncols	100
yllcorner	0
NODATA_value	-9999
[rows 17 to 33 of 100, columns 0 to 36 of 100]
5.222468517465790605e-02 2.005222468517430201e+01 3.721648997008606585e+01 2.893219885205001063e+01 1.305788267679623615e+01 3.305788413864070918e+01 2.425365748004148259e+01 2.925365748004157140e+01 3.459888231829024363e+01 4.062910920984678143e+01 5.477124511727338785e+01 7.477126793931840609e+01 8.064605917957564429e+01 6.225604037089310339e+01 4.200014657713828115e+01 5.460003214780565628e+01 5.214630923588938316e+01 3.193694112300807220e+01 4.352900571836828902e+01 4.506637671508492105e+01 3.602618526550580214e+01 1.883465575901367473e+01 3.910242700784689873e+01 3.265658309904422651e+01 5.287557081087155808e+01 4.620514413203783022e+01 5.973309937990212859e+01 7.934315941521941795e+01 8.010273337451732800e+01 8.593865579214369177e+01 8.046690725247074738e+01 8.046690725247074738e+01 8.876680375092625752e+01 8.439544364506318175e+01 7.610321689417686741e+01 7.695465623970798674e+01 6.866861949006043631e+01
7.333276091007127906e-02 2.007333276090971452e+01 2.508319683415474088e+01 8.932197691761025737e+00 2.893219885205001063e+01 3.305788408132922029e+01 4.425366025302820105e+01 4.925366104639302733e+01 5.459888718544276998e+01 6.062911617796463304e+01 6.062911617796464014e+01 8.062916923697865457e+01 7.232817048433588525e+01 5.218391025745034995e+01 6.225604037089310339e+01 6.381712690166553870e+01 4.360267773866879537e+01 4.623098591173047112e+01 6.048421080587727516e+01 4.922215231520404188e+01 2.892012860878490699e+01 3.910242702292013917e+01 2.048462080073363012e+01 4.069867417635959583e+01 3.423620934317276010e+01 4.763332836758233668e+01 6.694066846237051038e+01 7.437984708261869571e+01 6.039485390364593087e+01 6.616715815785697430e+01 8.241939075199063325e+01 9.235174524345825375e+01 9.179315427156568319e+01 7.610321689417686741e+01 5.613257760050504430e+01 6.198184242499098673e+01 4.868917425961102907e+01
6.343274376862209629e-02 2.563432743768627287e+00 5.083195897163486521e+00 2.508319683415474088e+01 2.526212942862114375e+01 4.526213510689879627e+01 6.134219640178268662e+01 5.476854872932119633e+01 6.301980803970538147e+01 6.578562545120222183e+01 6.429959007955602601e+01 7.254237588076723853e+01 8.064605917957564429e+01 6.384590130818674680e+01 8.064605917957564429e+01 7.213074583743546953e+01 5.530967962145733452e+01 6.642716303089558494e+01 6.200159206787805033e+01 4.180132022784768964e+01 4.922581839401984638e+01 4.414961042660282686e+01 2.181341959502264771e+01 2.450360196850212091e+01 4.408273472337642573e+01 5.154999224603555064e+01 5.481787705754001649e+01 5.826741615563859256e+01 4.681682115209665795e+01 5.456959421166116897e+01 6.425880438719678978e+01 8.407778307733066470e+01 8.349301749758534186e+01 6.353186020011044377e+01 5.199524689143026990e+01 4.199153784081455854e+01 3.712815828050158729e+01
3.497053469895897854e-02 2.003497053469860489e+01 1.922533028248603415e+01 1.922533155862355514e+01 3.922533609904238006e+01 5.354645015572534561e+01 5.149534276099910102e+01 3.479208706792783801e+01 4.731484719226463653e+01 4.583043852764717485e+01 4.433919088558169364e+01 5.846454700359882395e+01 7.838669091783894771e+01 8.391516566069309135e+01 9.223645363047457124e+01 8.373556491237413013e+01 7.543851600778690170e+01 8.209026002851305748e+01 6.200159206787805033e+01 6.200159206787805033e+01 5.848733500761179727e+01 3.779489158598109810e+01 2.317075800121181217e+01 4.328113120195309449e+01 2.901668169222700300e+01 3.226692579066244093e+01 3.560752505389582723e+01 3.909101602955851718e+01 4.434409693573830680e+01 6.361112953840324735e+01 8.059834866358207250e+01 9.235174524345825375e+01 8.503769481860395274e+01 6.507536590875000115e+01 5.354086000115581356e+01 6.198184242499098673e+01 5.128224097804325510e+01
9.635555453094322986e-02 2.009635555453058942e+01 3.922494846326909368e+01 3.922532153698359281e+01 4.750960991130639144e+01 4.624951431924505130e+01 3.798561425508875544e+01 2.324569205219981072e+01 2.732817454832773763e+01 3.169253053348721139e+01 5.167552443063915746e+01 6.684350140715304178e+01 7.508323061006763055e+01 8.503897421694473735e+01 9.741558449564325883e+01 7.735072897434615413e+01 7.735072897434615413e+01 7.059333578400492115e+01 7.671763839301071641e+01 6.837390745211274634e+01 5.765683736628057687e+01 4.526425676260277697e+01 2.455547658761082275e+01 4.526456430551271382e+01 4.842186580188600686e+01 5.154999224603555064e+01 4.703350625145370856e+01 4.864858411877645494e+01 6.361112953840324735e+01 5.280555225750613602e+01 6.654381760259694545e+01 8.637769294429264733e+01 9.334045032128230446e+01 8.180127793004919567e+01 7.351243884884797808e+01 7.954840210634930031e+01 6.538988942443837971e+01
8.845047570523793812e-02 2.008438576646935658e+01 3.424783748449779353e+01 2.597291998869883400e+01 3.428491710324141195e+01 3.313679853412305221e+01 1.799343487839157163e+01 3.798561425508875544e+01 4.731484719226463653e+01 5.167552443063915746e+01 4.022031265410454637e+01 4.688628027822537803e+01 5.687987895223520951e+01 7.680712386207095221e+01 9.155199225783020722e+01 7.146837311949602167e+01 5.707854940332231308e+01 5.011646175607936016e+01 6.186196736099144999e+01 4.780681287229486287e+01 4.919194128243658781e+01 2.841021633320759321e+01 4.526456430531499109e+01 2.686373234697248336e+01 4.761406329929346271e+01 5.846412801713785257e+01 6.527729489607095559e+01 6.807813799841596847e+01 6.812924636061093508e+01 6.654381760259694545e+01 6.654381760259694545e+01 8.637769294429264733e+01 9.427187969565881076e+01 8.428101953305268523e+01 7.599116590702026031e+01 6.893225120776352810e+01 5.710758952720353676e+01
8.023991185656004221e-02 2.008023991185620361e+01 2.348305829346755047e+01 5.962994705274800467e+00 2.596433771819787140e+01 1.314272238302728368e+01 3.313679853412305221e+01 4.624951431923580003e+01 5.470932719403729294e+01 6.624971310965325699e+01 6.019109436417718229e+01 6.684350140715304178e+01 7.508323061006763055e+01 8.503897421694473735e+01 9.374218661988135182e+01 7.366683293387967524e+01 7.625586649737699929e+01 5.589981912335332481e+01 4.109318130594275686e+01 3.563521809029254683e+01 3.243465127849701446e+01 4.919194128228709673e+01 5.609048387773811584e+01 4.761407832572065502e+01 2.919781232417932415e+01 5.000028566446251688e+01 6.875644166933932411e+01 7.710372972693252791e+01 8.786625548849663403e+01 8.637769294429264733e+01 8.637769294429264733e+01 9.465287996101341150e+01 8.596887200184274036e+01 6.601345981219775183e+01 5.602554009881329478e+01 4.895424588578124059e+01 4.360382086813866920e+01
4.598823041778624804e-02 1.760974081842876737e+00 3.482300013490621016e+00 2.346984977764087432e+01 8.492816833409525756e+00 1.066212141159610560e+01 3.066159218766268424e+01 2.643470096797416957e+01 3.798165618159243451e+01 5.797777823714171319e+01 5.981775308585777395e+01 6.809106801675325471e+01 6.322471137912891948e+01 7.149682180538815146e+01 8.148817129076043386e+01 9.374218661988135182e+01 7.451872161158755148e+01 5.413867863905435485e+01 4.201407878351457015e+01 5.649948986022245379e+01 3.942368495565814612e+01 6.020825176953144364e+01 6.548695581074082384e+01 4.557380801657672720e+01 3.086539167168510289e+01 5.170818112992277094e+01 4.817765976171395437e+01 6.875644166933932411e+01 7.846753177327090611e+01 9.011828969077599538e+01 9.306087756182601822e+01 9.892322430734807881e+01 9.427187969565881076e+01 8.428101953305268523e+01 6.526809287918987934e+01 6.893225120367560521e+01 5.360747946379700579e+01
7.340434288523949025e-02 5.846906992568207784e+00 2.348038780823898719e+01 3.172912115802061805e+01 2.263493546827936953e+01 3.066159218766268424e+01 1.378559664936825335e+01 3.378496947767162339e+01 4.071020591870689032e+01 4.442384844005277955e+01 3.982094306431889663e+01 5.253623655758963906e+01 4.322840599444909060e+01 5.322836739351468083e+01 6.736899520999752156e+01 8.734917835815349463e+01 8.283590861836768227e+01 6.760136243371312048e+01 4.702852571051785446e+01 6.760136243366021347e+01 4.741753495535039775e+01 6.798021386860821735e+01 6.627662548461159986e+01 4.566868802319390142e+01 5.170818112992277804e+01 3.331477988551699809e+01 5.420504543320765123e+01 4.960083489067601903e+01 6.157988101362418121e+01 8.181536098693467807e+01 7.299846938634459548e+01 7.887461269401075015e+01 9.744673272256127916e+01 9.353987120462453220e+01 8.523588612975653689e+01 8.186732820145394385e+01 7.357832992195919530e+01
3.515918393995972474e-02 2.003515918393960504e+01 1.437490450668548370e+01 3.435179297178146385e+01 4.263339253829711595e+01 3.378496947767162339e+01 3.378496947767162339e+01 1.711892998270164412e+01 2.071103602323720594e+01 2.442494278677905584e+01 2.827394458139037070e+01 3.253795890879621311e+01 4.667997473206252579e+01 6.667450328158506068e+01 7.681833129889187717e+01 8.680782670466456352e+01 8.409028006178078840e+01 6.389556276200944041e+01 5.311747959700149124e+01 7.347931923051930880e+01 5.783872244068333401e+01 7.632097103330643506e+01 7.467283529618529769e+01 6.631144335028538706e+01 5.784256407932841881e+01 3.694661033338875455e+01 3.623988326263540216e+01 5.714709849513465656e+01 6.366614486531794626e+01 6.719759255966995681e+01 5.864942856632495705e+01 7.887461057991464486e+01 7.741380609575055871e+01 9.744673272256127916e+01 9.564128356101454642e+01 8.567138205797894557e+01 7.740624756496755765e+01
4.608085242692564615e-02 2.004608011863765071e+01 2.104146915130929685e+01 4.100123408258962598e+01 5.979433328494616262e+01 5.378031216423149630e+01 4.539715014407050830e+01 3.126103189356398460e+01 2.176883553246078051e+01 4.176782648620739735e+01 4.827258943698851112e+01 5.253623655758963906e+01 4.148223171108713814e+01 4.855330206396690329e+01 5.855326693644970248e+01 7.854368467651138985e+01 9.238986306721706399e+01 7.986417640191082512e+01 5.967348520545333201e+01 7.986417640191082512e+01 7.223657515550397079e+01 8.642924843877798935e+01 8.707639312136075205e+01 7.542304512226441204e+01 6.158187149318170839e+01 4.076228894127246605e+01 5.714709820666549689e+01 3.933970514733602641e+01 4.291288883795010634e+01 4.660590859771694028e+01 5.365397765216007286e+01 6.095003405910959060e+01 7.522138759870480840e+01 9.525779899635460879e+01 8.737035141115440240e+01 6.744214371878072711e+01 5.746199065916535176e+01
1.610643649003322755e-02 1.416906018702145786e+01 3.435506943065452390e+01 3.172946260372184568e+01 4.584465208926752666e+01 6.565954933017194151e+01 5.953326839457703556e+01 5.004522747328570631e+01 3.591092057623458089e+01 2.676883553276688943e+01 4.676749013735428662e+01 6.048456506285720735e+01 6.147911433431325179e+01 6.854847580648052485e+01 7.681833129889187717e+01 8.680782670466456352e+01 9.623336781666228035e+01 7.618528458261829428e+01 7.138521746669032098e+01 8.816202039973927640e+01 9.232966629933665104e+01 9.327658679397687536e+01 7.877449565503121676e+01 5.853163718572067609e+01 4.648793891951918766e+01 6.158187149322564125e+01 6.298461518484131716e+01 4.220083127987665250e+01 6.298461524456224225e+01 6.719759256704381301e+01 5.407124611074485188e+01 7.437664226037958315e+01 8.108991662643308018e+01 1.011185226936587895e+02 9.564128356101454642e+01 8.567138205797894557e+01 7.740624756496755765e+01
2.022278438842990689e-02 2.002022278438807490e+01 3.835069312478086800e+01 5.164830112261382311e+01 5.164830112261383022e+01 7.139813747564750201e+01 6.620872781014951158e+01 6.417953437033686725e+01 5.504353549270800272e+01 4.091089291297005559e+01 3.221214607990796708e+01 5.221029757851739106e+01 6.422025296149773510e+01 7.024884426505592216e+01 7.731693764213089537e+01 8.557719243215129268e+01 9.710207010847472020e+01 9.623336781666228035e+01 9.144664970506711654e+01 9.973630232658854311e+01 9.824540400824039921e+01 8.498363276909007880e+01 6.486372896810566147e+01 5.301746997245999182e+01 6.708727586860730696e+01 7.542304530892749881e+01 6.582244548543478402e+01 4.516273182037444656e+01 5.725903738889250150e+01 7.752018023139743264e+01 5.960606602714192093e+01 7.976407947640699092e+01 9.660602987488373117e+01 1.081618701869181365e+02 9.965539789313405095e+01 8.485713341815629462e+01 6.491817677025714772e+01
6.642187732006160639e-02 1.006642187731997495e+01 2.420855750105067372e+01 4.420855750104995963e+01 4.911504567226310058e+01 5.466009718862729017e+01 4.620591281582738219e+01 6.034865544417645111e+01 6.917617807244592143e+01 6.048456505714059261e+01 4.115641909183192837e+01 3.887881299210053498e+01 4.422403857765858959e+01 5.025426889675362929e+01 5.732535061417333111e+01 6.887200045348976118e+01 8.885293637517870025e+01 8.727603926807898915e+01 9.553777866857065248e+01 1.041097938945030137e+02 8.409363441331964850e+01 6.989862715617829281e+01 6.082875506216579709e+01 7.336740089352237248e+01 7.336740089352238670e+01 8.043272352503528566e+01 6.025471239443523075e+01 4.827201238022422558e+01 6.878294336707170942e+01 8.581985758167495248e+01 7.976407947640699092e+01 6.825919158282493981e+01 7.985595787334969486e+01 9.987400537590255567e+01 9.138161658474410842e+01 7.144980580491078115e+01 6.147726229007109566e+01
1.591255364720534082e-02 2.001591255364684940e+01 2.718994393362308770e+01 3.096990955894714759e+01 2.911144494323420773e+01 3.465845426583830857e+01 3.206322217912131833e+01 4.620591281582738219e+01 6.620872781014951158e+01 6.942335507461200450e+01 5.270336590803123045e+01 5.042578916747109474e+01 6.422025296149773510e+01 7.024884426505592216e+01 7.731693764213089537e+01 8.557719243215129268e+01 8.405871433026000261e+01 6.741992831513054796e+01 8.405871433026000261e+01 9.644286206485877244e+01 9.824540400824039921e+01 8.808075708418364513e+01 6.801431459464387785e+01 8.808075708418364513e+01 9.344750021524590977e+01 8.872887726123859409e+01 7.188793295692381946e+01 5.152715460279714677e+01 7.188793295692381946e+01 8.539576552019535427e+01 9.660598568895673566e+01 8.245403565300483706e+01 8.464381628687975478e+01 1.046585058950698084e+02 9.965539789313405095e+01 8.968321517665199849e+01 8.141571119482738084e+01
6.189296070378335485e-02 3.597426866636528331e+00 7.189532907172042187e+00 1.096917763726448491e+01 1.496917763726951378e+01 2.051617960293357612e+01 3.051618718104380079e+01 4.206323801224119308e+01 6.205554745816473172e+01 8.095844130052540777e+01 7.269558784501278126e+01 7.041929700208493159e+01 7.868390332136010556e+01 7.105443894871659438e+01 7.105443894871659438e+01 7.938554438689565984e+01 7.581210826433505190e+01 5.596998377031484040e+01 6.831249013656938018e+01 8.461316683360573165e+01 9.868306785238503664e+01 9.637037692929052923e+01 7.961897988405985416e+01 9.637038279101037119e+01 9.554222167837284019e+01 7.550949082778733157e+01 6.124771424717120993e+01 7.188793295690911123e+01 5.691418263873194405e+01 7.122848338206901531e+01 9.127458226678315611e+01 1.024700149658683870e+02 1.046585058950698084e+02 1.014410760605592827e+02 9.147896753059352193e+01 8.322070739957609931e+01 7.746953679200048271e+01
2.247884206357958492e-02 2.002247884206322581e+01 2.718994392407833516e+01 3.096990955894714759e+01 3.496134492305322539e+01 2.496916238525496112e+01 3.651574006647879145e+01 5.649972500366768458e+01 7.031387245880105752e+01 7.574906780606467294e+01 6.801846916573973090e+01 7.574906780606467294e+01 6.494419020374185436e+01 5.050283602058794941e+01 5.050283602058794941e+01 7.105443894871659438e+01 6.831249013656936597e+01 4.844588069420295540e+01 5.650585125819586807e+01 7.054327088854290650e+01 8.447910378229815365e+01 9.273580442320943007e+01 9.963975970071680877e+01 1.079271412919611777e+02 9.554222167839080271e+01 7.550949082778733157e+01 7.550949082778744526e+01 8.104187429608596460e+01 6.094141450729650700e+01 8.104187429759765848e+01 9.756163478877621742e+01 1.058484916162568936e+02 1.072806277310944267e+02 8.733570373729027381e+01 7.326397807432692844e+01 6.329806800894064622e+01 5.752979733138889884e+01
