LEM/with_lateral_4open/elevation_000174.asc
nrows	100
cellsize	150.0
xllcorner	0
ncols	100
yllcorner	0
NODATA_value	-9999
[rows 17 to 33 of 100, columns 0 to 36 of 100]
5.222468517465790605e-02 1.005222494175154679e+01 2.419440841751883298e+01 4.419551176655855329e+01 4.674563366648084894e+01 4.736755175895707026e+01 5.565691390339841149e+01 5.439390167235512763e+01 6.267717809403166740e+01 6.402737066256324283e+01 7.231012507226270714e+01 7.281146587130425019e+01 7.367021942406771018e+01 7.953185667510309997e+01 6.969991750491612947e+01 8.385714804215790252e+01 8.276638860123507868e+01 6.869474472911842611e+01 8.276638860128572617e+01 8.105507542302274260e+01 7.281269101532807042e+01 7.216613822285208357e+01 5.804022439518988108e+01 4.626740642963917338e+01 2.635420715561253502e+01 4.309893395620790812e+01 5.137119993381210037e+01 6.240434199287263084e+01 4.375277069708386790e+01 2.380116885446568631e+01 4.375277069708386790e+01 5.105341853049686307e+01 5.035037705056304702e+01 5.035037748916241895e+01 7.029660758935229126e+01 8.203354963729118765e+01 7.345771539854590060e+01
7.333276091007127906e-02 2.007333276090971452e+01 3.186716395546483938e+01 3.893823746641619721e+01 4.722285143654139716e+01 5.877009831844772236e+01 6.613452025237030796e+01 5.789961256447055860e+01 6.613454026352216886e+01 6.109494500501970293e+01 5.280407617676650034e+01 5.280407617654351782e+01 5.366831410197342223e+01 5.952673653416356814e+01 5.555825438848700060e+01 7.385197824085949492e+01 8.540551733764606013e+01 8.856437972194407848e+01 8.674463847762130797e+01 6.704188942617679459e+01 5.317712179709921827e+01 6.039406663862913405e+01 4.391431055772722658e+01 2.984374049423502839e+01 4.626740642963917338e+01 4.042454067273879303e+01 6.039180433604401799e+01 5.972528632746976740e+01 3.981148831095882912e+01 2.571742420852599409e+01 3.981148831095882912e+01 5.972528632746976740e+01 7.029651852802932410e+01 7.029660758935229126e+01 7.859307831279899403e+01 8.759614113544085967e+01 6.760684253276073719e+01
6.343274376862209629e-02 5.836935435664904581e+00 1.186716232722023001e+01 1.893823013908583164e+01 3.048523552383311852e+01 5.048525554345923183e+01 5.614902560065436887e+01 3.789130180658740699e+01 5.614902536517836040e+01 5.214007135533204718e+01 3.277714993637005136e+01 4.714276861486970205e+01 3.951692571735905801e+01 5.612896959844022859e+01 4.555541902119877307e+01 5.710524182735790788e+01 7.710592091974187667e+01 9.548112488174515988e+01 8.774888567143639762e+01 6.774784743137536225e+01 6.039406663862913405e+01 4.065830340694040501e+01 3.362961129671533911e+01 3.873315309536632611e+01 5.804022439516298704e+01 6.039180433604401799e+01 6.867741223284207308e+01 6.224921753119287615e+01 4.757687154646463767e+01 2.767756784029078077e+01 4.757687154646463767e+01 6.547479266233972339e+01 6.547479266233983708e+01 8.547106638026623671e+01 9.676573263211894016e+01 7.670795177683831412e+01 6.263027792973184660e+01
3.497053469895897854e-02 2.003497053469860489e+01 3.186716370179311042e+01 3.893823402502818709e+01 4.722240191416327804e+01 5.101194932517694269e+01 4.270138965570708223e+01 2.786590767604178964e+01 4.783182476411982975e+01 3.957364777505139131e+01 2.380038749508788243e+01 2.710002879401330489e+01 3.054731626159682989e+01 3.611504989924735298e+01 5.027036322014365766e+01 7.027289657419143509e+01 6.716911548730125503e+01 8.717250167061939692e+01 8.310746214737615389e+01 6.774784743137534804e+01 4.777886363502283018e+01 3.781838644751629630e+01 5.356213445397464312e+01 5.868298948938816295e+01 5.501526389184194699e+01 7.500249691501343818e+01 6.804352573153971662e+01 4.818161319919180130e+01 3.414650339819446856e+01 2.987102660770483098e+01 4.974533653690956214e+01 4.553948739505156595e+01 6.547479266233983708e+01 7.512450702520146706e+01 8.511995824765635632e+01 9.089914299623855243e+01 8.090458990375134363e+01
9.635555453094322986e-02 2.009635555453058942e+01 2.589966811889625831e+01 3.421535256325839214e+01 4.593209643374706275e+01 3.943151396293136202e+01 2.267954163204531426e+01 2.030066248584700972e+01 3.548355818672267503e+01 1.953728653082920985e+01 3.957364777668965417e+01 4.714276861517517858e+01 5.057810700637470092e+01 3.813042446233101401e+01 4.416941571321527249e+01 5.083913364408171986e+01 6.238659221543206002e+01 8.238710898690446527e+01 7.481248368942145532e+01 5.483075278594708379e+01 4.485787782123023248e+01 5.776337012452298580e+01 4.368831138610763531e+01 6.364964680920249407e+01 7.500249691501343818e+01 7.307009622432680374e+01 5.311362127650927789e+01 4.163701955803018961e+01 5.402322390923495732e+01 4.974533653691191404e+01 3.300300865269097272e+01 5.283621849846998231e+01 4.689342868790001262e+01 5.684855288598742362e+01 7.683308559365268309e+01 8.681585534708479202e+01 7.822015109344117434e+01
8.845047570523793812e-02 1.570949109027441892e+00 1.218739783498603479e+01 1.870854595144827215e+01 2.669421668593145114e+01 2.824306092110733601e+01 1.116927087525565021e+01 1.326367062900614258e+01 1.548006895184491327e+01 1.916900376323238575e+01 3.920488988664145324e+01 5.306114713058953924e+01 6.643294092855464328e+01 5.814163283215295053e+01 6.417291471133503933e+01 7.083980524495764541e+01 7.913517863394035601e+01 9.068999404975478740e+01 8.310746214737615389e+01 7.084461924080103756e+01 5.086858480152854156e+01 6.800774156233659085e+01 4.803644247101770048e+01 5.955944941356364097e+01 7.954832325615308264e+01 8.133191692409751283e+01 6.981227667212121446e+01 6.154831882185134617e+01 5.157080007958599310e+01 6.105032522292761143e+01 5.281672194859099534e+01 3.630229205934586645e+01 5.620292748279117490e+01 7.512450702520146706e+01 8.511995824765635632e+01 7.822015109412438960e+01 5.753979331489827587e+01
8.023991185656004221e-02 2.008023991185620361e+01 3.690885379464004412e+00 5.198299922769153980e+00 6.727281857490430284e+00 8.278287154675298964e+00 2.824306091965324939e+01 3.324865360306232986e+01 3.548430242885373076e+01 3.920488988664136087e+01 2.471844171305303206e+01 4.476476814236922763e+01 5.581790754833023982e+01 6.098436743097354196e+01 6.675946663116290836e+01 7.342795335565499215e+01 8.173460331971659798e+01 9.174961618198847191e+01 9.085022062235108820e+01 7.084461924080105177e+01 5.841185209333373507e+01 7.300286463860449260e+01 5.302237233448533971e+01 7.300286463860449260e+01 8.784643141395045518e+01 9.715813200152352636e+01 7.721197244043398200e+01 6.308658765325239415e+01 7.152583756061154929e+01 7.068366264019059031e+01 5.867726504429441547e+01 3.878954481555189915e+01 5.283590516581489993e+01 7.281119090545038830e+01 9.028193750621804270e+01 6.939031060594187750e+01 5.487645033039873965e+01
4.598823041778624804e-02 2.004593015101451314e+01 2.742027642346777938e+01 1.941210944972278440e+01 1.820551230358582373e+01 2.704965446188520417e+01 1.171886048555431081e+01 3.169304773452423873e+01 4.359802880817773740e+01 5.306085176115305302e+01 3.890073563771088061e+01 3.106752571298489585e+01 3.579899403871380770e+01 4.097475434664768557e+01 4.675393616420686982e+01 5.342249318217928788e+01 6.342288214891982534e+01 8.343302456239028686e+01 9.254597084113487426e+01 7.253924891163840982e+01 7.253924891163840982e+01 7.932383968192002044e+01 5.933516150891441043e+01 6.933233140742017042e+01 8.933486463189950655e+01 1.029903841274574603e+02 8.305406730982907959e+01 8.305406731724812630e+01 7.665922298703974036e+01 5.666714726394067014e+01 4.259033509358702219e+01 5.868653090246163373e+01 5.283590516581489993e+01 7.281119090565611884e+01 8.757250261436037420e+01 6.667846860571796697e+01 5.487645033039873965e+01
7.340434288523949025e-02 2.007340434288488495e+01 3.831979375341388305e+01 3.973417792519146019e+01 3.259050352202081058e+01 3.688265147001636279e+01 2.310285610462716122e+01 1.531447838762558789e+01 3.530871977628012814e+01 4.737950264734271144e+01 5.892179494531207240e+01 5.109940438345126523e+01 5.581790754833023982e+01 6.098436743097354196e+01 6.675946663116290836e+01 7.342795335565509163e+01 8.173460332016323093e+01 9.174961618198847191e+01 1.008533889144679563e+02 9.254597084113487426e+01 9.254597084113487426e+01 8.639366692419812921e+01 6.639717578486913396e+01 8.639366692419812921e+01 9.763993913919878764e+01 9.602525818636159727e+01 8.771810417450528519e+01 8.064339009465288655e+01 7.509414819666967844e+01 6.534499760952310510e+01 4.538827385801223357e+01 6.534499760897639931e+01 7.281119090559903384e+01 8.110850608143374529e+01 9.614274793451245671e+01 8.411400626878230469e+01 7.550932645501339380e+01
3.515918393995972474e-02 1.003515918397423512e+01 2.417729496608637874e+01 4.417734570564684304e+01 5.373863160094411739e+01 4.989036269048400385e+01 4.248154009652512286e+01 2.944776327641471170e+01 1.907178607067007192e+01 3.909504634487223740e+01 4.670914800469877548e+01 5.071338066409187917e+01 5.488512374270151639e+01 5.935635487459742876e+01 6.490014137822559803e+01 7.092563601945558105e+01 7.799057789957583964e+01 8.627020821420373409e+01 9.780956699127088427e+01 9.977227431983432382e+01 9.149861861430582621e+01 9.469635929253330175e+01 7.793477083883333023e+01 9.469635929253330175e+01 1.018755284374286703e+02 8.185390704458286848e+01 6.770779096727743251e+01 6.063531389314449171e+01 5.509275304303654508e+01 4.994507399076467635e+01 6.534499665251722433e+01 5.534703015426290307e+01 6.948131263276715686e+01 8.949427573426132199e+01 9.184910869623716678e+01 8.364215021587014576e+01 7.669411834625847746e+01
4.608085242692564615e-02 2.004608085242657012e+01 3.133661109063901407e+01 3.800327775730614377e+01 4.628754900476834422e+01 5.628754900476852185e+01 5.774834584691426898e+01 4.653491450726860990e+01 2.663570163678714309e+01 2.323694562507029460e+01 2.667528457539230757e+01 3.069221736712624704e+01 3.487814677914365546e+01 3.936040136653257093e+01 4.491173487916884000e+01 5.094133111819859749e+01 5.800790465108828187e+01 6.954402602854968052e+01 8.952878232978066819e+01 8.824187837862727690e+01 7.152868773161858940e+01 8.824187837862727690e+01 9.794873386477935640e+01 1.062601447812915723e+02 1.040692535717183915e+02 8.404326721318271609e+01 8.064339009469844655e+01 8.064339009480542586e+01 7.419384269666602449e+01 5.419375482692315416e+01 7.419380601217829962e+01 6.948131288386625215e+01 7.167000901793132073e+01 9.168579459961783584e+01 8.364215021587014576e+01 6.408512519998315327e+01 6.981324520730134964e+01
1.610643649003322755e-02 5.563108398742348193e+00 1.133661109063865702e+01 1.800327775730544033e+01 2.800327775730561797e+01 4.800327775730632140e+01 6.049553868366616882e+01 4.075223463421104242e+01 4.653491450726860990e+01 2.928561312596822575e+01 4.670914800469877548e+01 3.825414149412357290e+01 5.488512374270151639e+01 5.935635487459742876e+01 5.350263550130410550e+01 7.092563601945558105e+01 7.799057789957583964e+01 8.627020821420373409e+01 8.678197887675602828e+01 7.996897364348807002e+01 5.996692982869286226e+01 7.996897364348807002e+01 9.483486265483642796e+01 9.613818467294620973e+01 1.044135258326337379e+02 1.040692535717183915e+02 1.006693301925465249e+02 8.834473810838723296e+01 6.833234989759573352e+01 5.935219402100701558e+01 7.935977893249783222e+01 8.949439381052306430e+01 9.168579455321773253e+01 9.498664504223982874e+01 7.533740363439200394e+01 6.155623333038002443e+01 5.032127970471526623e+01
2.022278438842990689e-02 2.002022278438807490e+01 3.133661109063901407e+01 3.800327775730614377e+01 4.628754900476834422e+01 5.628754900476852185e+01 6.869150290380123636e+01 6.049553868366616882e+01 5.563455904573331168e+01 3.563070701381870009e+01 5.563455904573317667e+01 5.825890168730725094e+01 5.240417479751340579e+01 7.239346274863834196e+01 6.763489948914920546e+01 8.176783198050259216e+01 8.205064569733461610e+01 7.381352954004793787e+01 6.689149759194521039e+01 7.289718323397211464e+01 5.284747093960106668e+01 6.655690750584278703e+01 7.983162471162671636e+01 7.616680899028082763e+01 9.165484985411578123e+01 9.992838181432277622e+01 1.083838361940822921e+02 8.834473810838723296e+01 8.568744888171472951e+01 6.567759956338866800e+01 7.568637341755743364e+01 9.570456155218325023e+01 1.017209552438643669e+02 9.030888078269954633e+01 8.208594959794164936e+01 7.796709907575858267e+01 6.109617322047962062e+01
6.642187732006160639e-02 1.006642187732014904e+01 2.420855750105135229e+01 4.420855750105205573e+01 5.983794849050547526e+01 5.198938854536211096e+01 5.049954272394614918e+01 5.876200730079546730e+01 6.391207557945615747e+01 4.978165024484533774e+01 4.978165024484533063e+01 6.976473085217055825e+01 7.239346274863829933e+01 8.067299003472231789e+01 8.762028566672137231e+01 8.787656931963901741e+01 6.798842773514897431e+01 5.383496991154843414e+01 5.273062092574087245e+01 5.895686343360703319e+01 4.644908093757632628e+01 6.655690750584278703e+01 5.982194498173408448e+01 7.753533475928554708e+01 7.168684011287534474e+01 9.165484985411578123e+01 1.062663130251774248e+02 9.984333085454970558e+01 7.982389058121374603e+01 7.722784956514141186e+01 9.399302809159055982e+01 1.040199643154805358e+02 9.344951976128380977e+01 7.376723942087457431e+01 6.247231382520205045e+01 7.076201118611781737e+01 5.983204111949840609e+01
1.591255364720534082e-02 2.001591255364684940e+01 3.835069312478104564e+01 4.399222304362893254e+01 4.716933224492400001e+01 3.204362763788515878e+01 3.051343788505079146e+01 4.465208789460071159e+01 6.461654747831622103e+01 6.976473085216272807e+01 6.976473085217033088e+01 7.804250091993100114e+01 8.264749517575890536e+01 9.081184837798528520e+01 8.776746559062087272e+01 7.633917167855878461e+01 6.797430075086583656e+01 6.055071422411537441e+01 4.106470837882757507e+01 3.878282507560508918e+01 4.284260158147235131e+01 4.707723876168076060e+01 5.214026335539826817e+01 5.752906769572206258e+01 6.649525061031538087e+01 7.803052424610046955e+01 9.799132297382148238e+01 1.081621660533041194e+02 9.984333085454970558e+01 9.724347645399163298e+01 1.055592907455302196e+02 1.018262076187535143e+02 9.179706067098328504e+01 8.347997754556226369e+01 7.076201160030822734e+01 5.116760647468676382e+01 4.469380355132317817e+01
6.189296070378335485e-02 2.006189296070342820e+01 2.646947035094373035e+01 2.399222298344848525e+01 2.756511386904011118e+01 2.051327354570420880e+01 4.052448950218917645e+01 4.683673354934803257e+01 6.095850505470374969e+01 8.089296972084417803e+01 7.518271201515318580e+01 7.371527339655051492e+01 6.269874692668220462e+01 7.933472277085363089e+01 7.938289547254491652e+01 5.977397687551343353e+01 4.854737388876331750e+01 4.100895309988160875e+01 3.431392733503945180e+01 5.450117288938660920e+01 6.298542889664069122e+01 6.717639207223395204e+01 7.218843497784597218e+01 7.168684011287534474e+01 8.580761096359896101e+01 9.473910052622058231e+01 9.706498485286495281e+01 9.879162847352807830e+01 9.080407835924026472e+01 9.879162847352807830e+01 1.084334543815523375e+02 9.350045717263991207e+01 7.345949816983790015e+01 6.341963023476795769e+01 5.711663981572973370e+01 5.117717812252914200e+01 5.029332957296625040e+01
2.247884206357958492e-02 3.225041918165329147e+00 6.469470340780593354e+00 9.850087359694688516e+00 1.344219340023021836e+01 3.344219342835323516e+01 3.684905058619055751e+01 5.100687929967445911e+01 7.105322241155248264e+01 6.927205901221226725e+01 5.517061898390185348e+01 5.369046287297570075e+01 5.108248231783628057e+01 7.113008000415840115e+01 7.193304323914271947e+01 6.360187235250672444e+01 6.797430075086583656e+01 5.171875039309809807e+01 3.152243777074493281e+01 4.581584628514969637e+01 6.596962153457745615e+01 7.207745913177775776e+01 8.072427570652681084e+01 9.165484985411578123e+01 9.393442386658847454e+01 8.593770139837371858e+01 7.779196448173487966e+01 8.913173630881614429e+01 7.146932745273355181e+01 8.113670290598693668e+01 1.002795696589586356e+02 1.018262076187535143e+02 9.179706131311512252e+01 7.901101976916694980e+01 6.371896833268018412e+01 7.090868686696909151e+01 5.648336384103184571e+01
