LEM/with_lateral_4open/elevation_000515.asc
nrows	100
cellsize	150.0
xllcorner	0
ncols	100
yllcorner	0
NODATA_value	-9999
[rows 68 to 84 of 100, columns 37 to 73 of 100]
5.909624770722234643e+01 5.909624770722234643e+01 7.904861590763074730e+01 8.854318172060881409e+01 6.859798545475939591e+01 5.705557500792092895e+01 5.819430005951117124e+01 7.816192286361523145e+01 9.165104136816685809e+01 1.053123526627766893e+02 9.035743522627113578e+01 7.879955638167318455e+01 7.049875802593437868e+01 5.699012260256016305e+01 7.698641050896962668e+01 7.825210909172365348e+01 5.825707380181400197e+01 5.971376058283986765e+01 7.384544374123326804e+01 9.386365864269586723e+01 8.290928319646617695e+01 6.287526485486085193e+01 8.290928319646617695e+01 9.433761031608811720e+01 7.597696004873904485e+01 8.686982309707792638e+01 9.519791899098608212e+01 9.836016437313497818e+01 9.920990788073426359e+01 8.776604452856376781e+01 1.026215135025321956e+02 1.051053729660453797e+02 8.665419317140349165e+01 8.277744174343271766e+01 7.492762178423804187e+01 6.288035658185506094e+01 4.372009911697673346e+01
5.275105649925351514e+01 7.273912308487015821e+01 8.728543598104083401e+01 7.929080628659889385e+01 7.331903462668624627e+01 5.332444338620106805e+01 7.331906298633212771e+01 7.816192286361523145e+01 9.809530549441527114e+01 9.429190427427117527e+01 8.204471687424323534e+01 6.204652952679894184e+01 5.049287598045262371e+01 6.484024008314244725e+01 7.313822038204843068e+01 6.528368816122478790e+01 5.117794665286286460e+01 7.118279656994390336e+01 8.801826008156251646e+01 9.053586206611099385e+01 7.657397033195998404e+01 5.654690912060925712e+01 7.657397033195998404e+01 8.601020714867964045e+01 6.596869240907133758e+01 6.682608742366980437e+01 8.197513680701837302e+01 9.029883716615253775e+01 1.003351549752055973e+02 1.107348723046040959e+02 1.041698550143942725e+02 9.619403480994910183e+01 8.685467902339385660e+01 6.730246435991470833e+01 7.310967096710398039e+01 6.520249649384352608e+01 4.603571499068718964e+01
4.919689185026208378e+01 6.920569869724883461e+01 7.342749680859569139e+01 5.931153814155069171e+01 6.747566499860710110e+01 5.084835007609252955e+01 6.501236633947245025e+01 8.497025111988972412e+01 8.843490680883634525e+01 7.435480064619507345e+01 8.843490680883634525e+01 7.638837524709941817e+01 5.638641835610978603e+01 4.483076460758080373e+01 5.983787121425197597e+01 4.527447903219823644e+01 6.528368816122478790e+01 7.118279656994390336e+01 9.120359747542920559e+01 8.221255126968223692e+01 6.217200600335541338e+01 5.099633903994659079e+01 7.101946294008452298e+01 7.727734600738003223e+01 6.896479037023445358e+01 5.527156913048307274e+01 6.194242711733020457e+01 7.194816144632231669e+01 9.200211216772606804e+01 1.084833540323477763e+02 9.021958271692145104e+01 7.693436788933371417e+01 8.428012676984009488e+01 7.310967096710422197e+01 5.361153949785892081e+01 5.027106587160310625e+01 4.985160326978713385e+01
4.653727877559246906e+01 6.309617000860608726e+01 6.197644551441215555e+01 4.513414318450569596e+01 4.745021491392669333e+01 6.747566499860710110e+01 7.911586487264185052e+01 8.802417829396625848e+01 8.019424310163961422e+01 6.022295134299211128e+01 8.019424310163961422e+01 8.469524359311088801e+01 7.313821700965125672e+01 5.983787121425197597e+01 3.983103014047819102e+01 5.983787121421998734e+01 7.358188461398826519e+01 7.625164119939137208e+01 8.448910992094185701e+01 8.386003209883077147e+01 6.584951457979904887e+01 4.583061065920657029e+01 5.951898131489610932e+01 6.330177599923668197e+01 4.894301105179290801e+01 6.896479037023445358e+01 8.197513680701837302e+01 9.029883716615253775e+01 1.003351550000630823e+02 1.036479186884160555e+02 8.402311051644271345e+01 7.263015697437816698e+01 6.460599934776010400e+01 5.922418333718634642e+01 7.310967096710422197e+01 5.799731515977378393e+01 6.908616209943710373e+01
5.718166882941062568e+01 4.307595162041299375e+01 4.195063370341402731e+01 6.197645288456096324e+01 6.747566499857350664e+01 7.573725153134556365e+01 8.219848829544675084e+01 6.810620415612996226e+01 7.264580433676891857e+01 5.266438828094564428e+01 7.264580433676891857e+01 8.159656521810869378e+01 6.221851045691074944e+01 5.578918179489359375e+01 3.731276715173692793e+01 5.715504281936713937e+01 6.218341555833312384e+01 5.635616569928185982e+01 7.625164119939137208e+01 7.538023310463681526e+01 5.551654153711879047e+01 5.551665694245536997e+01 3.950735945287233619e+01 4.328510800801333147e+01 6.330177599923668197e+01 7.727734599682706573e+01 8.908085318423749754e+01 8.535671173779667242e+01 9.368295452835066328e+01 1.117152075528611874e+02 9.231753040755931750e+01 8.874826295272632137e+01 6.899796696848359545e+01 7.887311495238360237e+01 8.581193681849447330e+01 6.774441811685834125e+01 7.949563298262314959e+01
7.087836919290199944e+01 5.976497113801571004e+01 3.974785093836267436e+01 5.749880903545535205e+01 6.577097888418619220e+01 6.811596040316982226e+01 7.224961864597173644e+01 5.405883551830761036e+01 6.632712577558281453e+01 4.634247325185396704e+01 6.632712577558281453e+01 8.056788912138949854e+01 6.439385632565770834e+01 4.296020739807519817e+01 3.485174503496867260e+01 5.077089030287005755e+01 4.223108798369663219e+01 6.218341555833310963e+01 7.313377097835434881e+01 6.707491649858715732e+01 4.705524622964091463e+01 3.550984801184322492e+01 5.511468646417819883e+01 5.865209800497193982e+01 6.250404565446700644e+01 6.072197668643900670e+01 7.118416010496990509e+01 6.531369700522002120e+01 8.535671173779667242e+01 1.022443487149895134e+02 1.118848146540449306e+02 9.687061783963564210e+01 7.888185591094214999e+01 9.687061783963564210e+01 9.569339091480919990e+01 8.175941140388739825e+01 8.477017616325821336e+01
7.988764312611574780e+01 6.348596118840019642e+01 4.351495273835671895e+01 3.749071842481993144e+01 5.538973190470245100e+01 4.811690585972115741e+01 5.257412478151869095e+01 4.409900996260169848e+01 5.393073964200250714e+01 4.080183314671823069e+01 5.234047343799566221e+01 7.231897190573268119e+01 7.242275221395205165e+01 6.265886225651540542e+01 5.130613848336157190e+01 3.154056694059633159e+01 4.846610988480391313e+01 4.479062977132316092e+01 6.482012096989804206e+01 5.953590322981639105e+01 5.286655610586928589e+01 3.286098188583285662e+01 3.510723552851352025e+01 3.864147845893416644e+01 4.248873811470125617e+01 4.657086101321083049e+01 5.116106448981461341e+01 7.118416010496990509e+01 7.384941651541488739e+01 8.802305390535909169e+01 1.081257574000465098e+02 1.067089984265516449e+02 9.861467363413842691e+01 1.067089984265516449e+02 1.096273704257309447e+02 9.864205674764578191e+01 7.902425508958488365e+01
6.004246841288934888e+01 5.296197379118769533e+01 4.643558184595750049e+01 5.538974706889720068e+01 3.538727956599774416e+01 3.397345938517321429e+01 3.257186653514807517e+01 4.879556216218212938e+01 3.394984931152266938e+01 4.814199435351295620e+01 5.653401275299473383e+01 7.290939353967773684e+01 6.394512685744069103e+01 7.290588242993771928e+01 5.985463254154633006e+01 4.260042207992572116e+01 2.845045949164149945e+01 4.551249318431318613e+01 5.365671356783369816e+01 3.952101669932136474e+01 4.737441957375627766e+01 3.025526737632533525e+01 5.026215974193348757e+01 5.018927013457634700e+01 6.250403850365369607e+01 6.072197668643900670e+01 7.118416010496990509e+01 5.969452704989863179e+01 7.384941651541488739e+01 9.391099943877053136e+01 1.010346664193983486e+02 1.092488157858902440e+02 1.056859614672138008e+02 1.056859614672137866e+02 1.139135718606291334e+02 1.067098431479669927e+02 9.864205674764578191e+01
7.642995987041848593e+01 5.645488448417854954e+01 6.644111403757496248e+01 5.431204973024090776e+01 4.022869734115577245e+01 5.367045264316879383e+01 5.063036437566656645e+01 3.062591786045294384e+01 2.935797529952921181e+01 2.813979075696730803e+01 4.643480914239430035e+01 5.472852579857325139e+01 4.536206938700048852e+01 6.342369108461923588e+01 7.090128846258038209e+01 5.676580228839706166e+01 4.551249318245085362e+01 2.549344840302358151e+01 4.260576366520434277e+01 2.536659709797219975e+01 2.736332430518893588e+01 4.737441956513784902e+01 5.856302548404780595e+01 7.021252436634108562e+01 7.852604620561565696e+01 8.075852880394410249e+01 8.804688261521067716e+01 7.384941651541488739e+01 8.804688261521067716e+01 9.793032981154900085e+01 8.152430048790606065e+01 9.793032981154900085e+01 8.609894376471523003e+01 8.609894376471523003e+01 1.056859614672137155e+02 1.021524727142130047e+02 1.107441100086538910e+02
6.910328261238045400e+01 7.642995987041848593e+01 8.160114337434475829e+01 6.547319984395834069e+01 4.557694378999171647e+01 6.551766893702419736e+01 5.383394180411582397e+01 3.400912574824843659e+01 4.934038435354710828e+01 4.639425794804249392e+01 2.642571868258522017e+01 4.477200258199745520e+01 3.545426772760625767e+01 5.525899286906729202e+01 5.938420365911031951e+01 6.271431308275020911e+01 5.378545727272023669e+01 4.260517820616661311e+01 2.259341423431990847e+01 4.262068637326017750e+01 4.737441956670594578e+01 5.567295786858424833e+01 6.327127457397205745e+01 6.930655050739153467e+01 7.638599613306267599e+01 8.470140550005081082e+01 9.628241316442098707e+01 9.391099943877053136e+01 9.642094333517245275e+01 8.827271512023811795e+01 7.044322945233493272e+01 8.215577530508704740e+01 7.247570218361799732e+01 9.183584842655608327e+01 9.794105946532415885e+01 8.049958382329387518e+01 9.794105946528985385e+01
8.903740731456299784e+01 9.370047676796986025e+01 7.466277694985716096e+01 5.456171922437194155e+01 6.567327027570014764e+01 7.060280578291708764e+01 5.727776422401191780e+01 3.748619208654448443e+01 5.327788803909735549e+01 3.329404581703936117e+01 4.475611291798667679e+01 2.477233327161568610e+01 4.316369493200576812e+01 4.204428864587780623e+01 3.650515748234417401e+01 4.177656180954047471e+01 5.636288378492228190e+01 4.122139581836701439e+01 2.118753345722453219e+01 4.122139581836663069e+01 5.156183550591747178e+01 5.542201897064887817e+01 4.325951284380030870e+01 4.928982368485424814e+01 5.636230009724850021e+01 6.791485367945290363e+01 8.795779192377051459e+01 9.148238984311511501e+01 8.827271508220023577e+01 6.891451868756868748e+01 6.257752197001120464e+01 6.285248804850131421e+01 7.646585726097882230e+01 9.589245261596445857e+01 8.920622271940062831e+01 6.811789889003104292e+01 8.920622271912203871e+01
9.698150649019993352e+01 7.691925222893146952e+01 6.531375025002392931e+01 7.466277694985716096e+01 7.608473178116740598e+01 6.237522185384320750e+01 4.263285522449917408e+01 5.727776422401191780e+01 5.842619888482419555e+01 3.845606090626158391e+01 4.477210989075349090e+01 4.316382108876486257e+01 2.314991003822519389e+01 2.202529072415552847e+01 2.090555196022034679e+01 3.579802983853797116e+01 3.404958015949674177e+01 3.981933729911039421e+01 1.979080668758430761e+01 2.324130716358257231e+01 4.326556313705436452e+01 3.541459056645738457e+01 5.542202223392134641e+01 6.930655050739153467e+01 7.638599613306267599e+01 8.470140550005081082e+01 8.585826382135677193e+01 7.207035949990427071e+01 8.585822637577285832e+01 7.458440230548590932e+01 5.519127852596430728e+01 7.458440312063959254e+01 9.027273652524019099e+01 9.425443580888297390e+01 8.114158459042580773e+01 6.096020052061516026e+01 8.114158459042580773e+01
1.052778091517207741e+02 9.370047676796986025e+01 8.539855859190592469e+01 8.219627213120882914e+01 6.784119935533875889e+01 4.813333828256445202e+01 6.237522185384320750e+01 6.657550663197585550e+01 4.661386089454448722e+01 5.842619888482419555e+01 6.470994222837975940e+01 4.861454157976308466e+01 2.940001927971036721e+01 4.150793832898559543e+01 3.311909235993265099e+01 1.933349512923179603e+01 1.823335274435734377e+01 3.662833959247632976e+01 1.849954898268789094e+01 3.857878168874505320e+01 2.833746991399186044e+01 4.248657945117329149e+01 6.249841368560809940e+01 7.267750834702980001e+01 8.269534950395672013e+01 9.148238984311511501e+01 7.207035949990427071e+01 5.836401866291285501e+01 6.739055528205145151e+01 6.582415110582013540e+01 5.137866590797847266e+01 6.517952579713538341e+01 8.454722837400748858e+01 8.589130818485838859e+01 6.581141653878364650e+01 5.519029108730659061e+01 7.502277619219096039e+01
1.138489698949717877e+02 1.056347084743778169e+02 8.972153322780179963e+01 7.393361838279336951e+01 5.419192441130350346e+01 6.784119935533875889e+01 7.608522245433671571e+01 7.288387910321556262e+01 5.293505376539260254e+01 7.288387910321556262e+01 6.851455299348270955e+01 4.861415521544943630e+01 3.710809207083959649e+01 4.942714070116500835e+01 3.222256413653288831e+01 3.937253048897494523e+01 3.659370133245175793e+01 1.667809610914853380e+01 2.703654430078693593e+01 4.481140181005702061e+01 4.248658409538526115e+01 3.728787240648945556e+01 4.435923368250707455e+01 5.436061584430589733e+01 7.438303981373476859e+01 8.826459484350901619e+01 7.956273034659562882e+01 6.739055528123243732e+01 4.784269178005249046e+01 4.624363014486675638e+01 5.762235203162786235e+01 7.702801438131011480e+01 8.110921205494337016e+01 7.121343905893296267e+01 6.295093709987927610e+01 4.992732131989373556e+01 6.949614531043907562e+01
1.056347084743778169e+02 8.560571966417765566e+01 8.144935532390852018e+01 6.156458445833639104e+01 6.550574202028631987e+01 8.219627213121005127e+01 8.693138692202774109e+01 6.706521084712166214e+01 6.706521084712166214e+01 8.103801223425364242e+01 7.082868563415483720e+01 5.063829124004345061e+01 5.655192029363335138e+01 5.822951311364350602e+01 5.000270624635180639e+01 5.068575457237569282e+01 3.023995524691587278e+01 1.583511346581476786e+01 3.412422628513372302e+01 5.084080528671849919e+01 6.249936837590433925e+01 5.729687058139731448e+01 6.437182408519026922e+01 7.267750834702980001e+01 8.269534950395672013e+01 8.011833412468766369e+01 6.065790588306651898e+01 5.903161915956534500e+01 4.154102796690087018e+01 6.120897805019048832e+01 7.389869804292629851e+01 8.512753654769656464e+01 7.278212231305481339e+01 5.311975056754292268e+01 4.353503629351934734e+01 5.744584969053304491e+01 5.410198958041556949e+01
9.884201447989249800e+01 9.147207466637570406e+01 7.142663598144139314e+01 7.297677340509459043e+01 8.544631159393236430e+01 9.371103461505900611e+01 9.501081362138570796e+01 8.693138692202774109e+01 8.693138692202774109e+01 8.221224936785543491e+01 7.917686751959391245e+01 7.082868563415483720e+01 6.733679181513517165e+01 5.906258024973788423e+01 5.150519258213582674e+01 4.517928382070008553e+01 3.509230920240900531e+01 1.498413009266107387e+01 3.509231070305017397e+01 5.417902219847699996e+01 4.611212690740302378e+01 5.437386914998789678e+01 6.911347572830327124e+01 7.731757669363645391e+01 8.461290085884023426e+01 7.648631050860294067e+01 6.746866381548176150e+01 4.679931313406468263e+01 3.868646811823159481e+01 5.842076646697476150e+01 6.349715999098973640e+01 7.160099801775520234e+01 8.110914994186954630e+01 6.872818800659321425e+01 4.918660365808987933e+01 3.798262531360017391e+01 3.456019789347121929e+01
9.057896603300150673e+01 9.972734477957462218e+01 9.147207466637570406e+01 9.302311746065315390e+01 1.012737086785608227e+02 9.237733700565982531e+01 8.397707158880709244e+01 7.574447705592403679e+01 7.638213583159992481e+01 6.231698996108600852e+01 6.962938249479898900e+01 7.319310757057242256e+01 5.320952558418246525e+01 3.906762273679304087e+01 3.150094875071687639e+01 2.515978253388535890e+01 1.957671932560315042e+01 1.412181530268316543e+01 3.422864399867866325e+01 3.879206780771313845e+01 2.610812865094446877e+01 4.611338611127567333e+01 4.921061698525440420e+01 6.911347572830327124e+01 7.648631050860294067e+01 5.697523259419358510e+01 6.268989500706500451e+01 5.579507809077642833e+01 3.603803547689071962e+01 5.215749111067034249e+01 4.385630074783914267e+01 5.778358705017009811e+01 7.729094577719898496e+01 7.701214135280167739e+01 6.565243905650892486e+01 4.918660365809709134e+01 5.294186710454271605e+01
