LEM/with_lateral_4open/elevation_000018.asc
nrows	100
cellsize	150.0
xllcorner	0
ncols	100
yllcorner	0
NODATA_value	-9999
[rows 17 to 33 of 100, columns 37 to 73 of 100]
6.767831838879844497e+01 4.772953476915615312e+01 4.772953476915615312e+01 5.961331045964961106e+01 4.538254611394137328e+01 3.565952670644796285e+01 1.560837646859611816e+01 3.435823632910460645e+01 4.264876743821147898e+01 4.454528569482181410e+01 5.107489351361029861e+01 3.330818013875887829e+01 3.401240447602192063e+01 1.528864341227684065e+01 3.543199235428624405e+01 4.609516714501862111e+01 5.737841084735074304e+01 5.401199142107221718e+01 5.067982752686751269e+01 3.857140900918210491e+01 4.560590886409296019e+01 5.711086818713591384e+01 7.722818520492670302e+01 9.179922858714526512e+01 8.346083585955268802e+01 8.496757290754506187e+01 6.488388357833997588e+01 5.072455760926001034e+01 4.741168449063340518e+01 6.744244140396081377e+01 8.335634909619655275e+01 8.163829673430480227e+01 7.059720941164805197e+01 8.732801889746421864e+01 8.274153791610866904e+01 6.446873179952147837e+01 8.274153791610866904e+01
5.430144506315965458e+01 5.038683223909762177e+01 3.359984372324493052e+01 4.289661877970520010e+01 3.131614256573642407e+01 1.704238818651267806e+01 3.556383368660443267e+01 3.575064255794217161e+01 5.573912106336156569e+01 6.453424221298686803e+01 6.005835464504846044e+01 4.826134151129927830e+01 2.825603951600791319e+01 1.658514114373408432e+01 1.770661004763736202e+01 3.781850984486124645e+01 3.711011103788239041e+01 3.620481307911246915e+01 3.074039013182380486e+01 5.067172869651616196e+01 6.552941486539715754e+01 7.394497565442330256e+01 7.697874637681852050e+01 8.525203052949923688e+01 9.502327880057492848e+01 7.491186701451509578e+01 6.073015683582347890e+01 7.076625999162017422e+01 6.744244140396081377e+01 5.496690020081969408e+01 6.653250079167655429e+01 8.662098883023234919e+01 9.058396305420686190e+01 9.887057003942078381e+01 9.273526742781878340e+01 8.445021559942519218e+01 9.273526742781878340e+01
3.434075788510666172e+01 3.040792164678754972e+01 2.660768619643550892e+01 2.285569438052056768e+01 2.044204490518064432e+01 1.817180779595335949e+01 3.785670752326547728e+01 5.212863382213353702e+01 5.351892316861469823e+01 7.339301656615306513e+01 7.233820289961417416e+01 5.652095769481974230e+01 4.339649431346401087e+01 2.335320679034708391e+01 1.847756558743398969e+01 2.015353444863528765e+01 2.188654361285666639e+01 2.363890104676779913e+01 4.366558301338739057e+01 4.785378123360450786e+01 5.634162105354796779e+01 7.061059403557146652e+01 5.705550875023416779e+01 7.374065468277656521e+01 8.370795610440399059e+01 8.914028437285499251e+01 7.491186701451509578e+01 8.080236314741696901e+01 8.171468870349572455e+01 6.163930715368721991e+01 8.171468870349572455e+01 9.496308752831292566e+01 1.044260953784530983e+02 9.752554996016067435e+01 8.932657415186903904e+01 9.752554996016067435e+01 8.799193990874927351e+01
5.430144506315965458e+01 4.788065308525151664e+01 2.789976128159041124e+01 4.289661877970559800e+01 3.941902177521711792e+01 1.930640857682172040e+01 2.454592568243807094e+01 3.353645655406965886e+01 4.768522838633577265e+01 6.760270874834411359e+01 6.406150615970358331e+01 4.409944306406737979e+01 3.409711560163690791e+01 3.989598043970293162e+01 1.981932658826523408e+01 3.989598044165253299e+01 4.187659316244644714e+01 4.366558301457474300e+01 2.632306460327353292e+01 2.824960308574811307e+01 4.239709148848054809e+01 5.656161136639300935e+01 4.554278079904636911e+01 5.551617040295172956e+01 6.959144568151984345e+01 8.954580321011765420e+01 9.502327880057492848e+01 1.009258443145974695e+02 9.005368131335390558e+01 7.166373944654260697e+01 9.005368131335390558e+01 1.044260953784530983e+02 8.465437254439352444e+01 8.759477196220360895e+01 6.943706810090607462e+01 8.759477196220360895e+01 7.967438916075482780e+01
5.319302473076337634e+01 3.326481671493728243e+01 4.788065308525151664e+01 5.614461393402316958e+01 4.056647673586488878e+01 2.047145917116139202e+01 4.056561714277485464e+01 3.459387681215573451e+01 4.875903287566622879e+01 6.886375240478825788e+01 7.233820293048047745e+01 6.235429361253748937e+01 5.407847048653553657e+01 4.122121482934958436e+01 2.116752577393368995e+01 4.122121571763899084e+01 5.160669686258160738e+01 5.391124008936975542e+01 4.048075434713809528e+01 4.824068956105426764e+01 3.104477778892668027e+01 3.659848485665279583e+01 5.656162565684545740e+01 7.374065467016127684e+01 7.620626236430067024e+01 8.447818479914269574e+01 8.555181383315792232e+01 9.382915333180351070e+01 1.001114744941263694e+02 9.176563796044882793e+01 1.001114744941265258e+02 1.039864519653170305e+02 8.828255128539281316e+01 6.837991360047466571e+01 5.925449617650156142e+01 7.148723476670357968e+01 6.670874396421378094e+01
3.904216886413531284e+01 5.319302473076337634e+01 6.144634443648352118e+01 5.184474044310145047e+01 4.167806672537151513e+01 2.164001613703106841e+01 4.166489542940084334e+01 5.464096771525947105e+01 4.875903289755145664e+01 6.886376121450545895e+01 7.776533579686555697e+01 5.794908164850406962e+01 4.906196094832825594e+01 2.907043776021698278e+01 4.103980986826485378e+01 2.313979906814638454e+01 3.737799651856196448e+01 5.803341901022255200e+01 6.043761966109774875e+01 5.928819753310356333e+01 5.102484402764126514e+01 3.408159090072494735e+01 5.405288361019139387e+01 6.055430650243562241e+01 5.629491737703071408e+01 6.927810347788596346e+01 6.562067053702648423e+01 8.231438510085705218e+01 9.059455723031037166e+01 1.005826557216468586e+02 1.039864519653170305e+02 8.423591163147942495e+01 8.786020331126340466e+01 8.759477196220360895e+01 7.148723476670357968e+01 5.121381535192456624e+01 4.663709694759620561e+01
5.310070850531161568e+01 6.715465099920906766e+01 6.188147149623712551e+01 4.347422355065798882e+01 2.334857406073933106e+01 2.627916634148535380e+01 4.627990530549524095e+01 6.130660051834664159e+01 6.886376121450545895e+01 7.719771537140474038e+01 7.198308788590342999e+01 5.213600848083984118e+01 3.802890410534840981e+01 4.899124007134545167e+01 4.453311067700139603e+01 2.454270453604811308e+01 4.455292144016725331e+01 6.097819939801205891e+01 7.081388565479271335e+01 6.666210874962708033e+01 4.672517326733867549e+01 5.405288361203151482e+01 3.726669551816802084e+01 4.060328777393838351e+01 4.477831645681590800e+01 4.936812858273956550e+01 5.538236049255367988e+01 6.240788456900883574e+01 7.233204702411433118e+01 9.229672317759973055e+01 1.018238553526406207e+02 8.207626925546630048e+01 6.808132555532253605e+01 7.797076443323413741e+01 7.973453316406549618e+01 7.148723476670356547e+01 6.670874396421378094e+01
7.294036036073418927e+01 6.771908500804403275e+01 4.769672816663251780e+01 3.354564252037684469e+01 2.455949799743154927e+01 4.459721724954835764e+01 3.316962071735279238e+01 5.313072345113887707e+01 6.912600695752192337e+01 8.055492626931103928e+01 7.198455061575128866e+01 5.213601998837452811e+01 5.794908137039350748e+01 5.617833708444288732e+01 4.595015338202215815e+01 2.595129321316903415e+01 3.303859935755577482e+01 4.299436402949910985e+01 6.259904786421436995e+01 6.666210874984717805e+01 6.666210874985519297e+01 6.030781130327596173e+01 4.035571961673321795e+01 6.030781130327596173e+01 4.912909327870420384e+01 6.904757612591846794e+01 6.562067053702648423e+01 7.527637434297524521e+01 9.059455723031037166e+01 1.005826557216468586e+02 1.077930305999811793e+02 9.605374330310799280e+01 7.797076443329299877e+01 5.817482226946818002e+01 6.952974397422238440e+01 6.671091563949819658e+01 6.041411312724667937e+01
7.914044527967661224e+01 7.363652237835385961e+01 6.188103315295983009e+01 4.582606874479613879e+01 2.578251577480235923e+01 4.582606812851235389e+01 5.313072345113887707e+01 4.102488446005546763e+01 5.255142071862232456e+01 7.240460882472235937e+01 8.015982571608304852e+01 7.198453479112390596e+01 6.774005854234501101e+01 4.801610317888928137e+01 2.802458663049449328e+01 3.352839018939601345e+01 5.276976210272744083e+01 6.097819934690695476e+01 7.081388558293087954e+01 8.660962468748121523e+01 7.499678052401851858e+01 5.508463094608816846e+01 4.356219700435685382e+01 6.350049399314795551e+01 5.577718242040366192e+01 7.568277297866679021e+01 8.555181383315792232e+01 9.382915333180351070e+01 1.035170920882284378e+02 1.015963463477466462e+02 9.340250518718249850e+01 7.982504500752692422e+01 7.982504500752692422e+01 6.952974637296223648e+01 4.979793131567262776e+01 4.701804345274534569e+01 4.428672059818034512e+01
5.726877582317677451e+01 6.394272560583308973e+01 4.607686852383255172e+01 4.704872192824561239e+01 2.700962936437997541e+01 4.702005056057370069e+01 6.109285774567648986e+01 6.094308431523939618e+01 5.169880117287280541e+01 6.576617202341455481e+01 8.553997490374132440e+01 7.357107942695684244e+01 5.361692449119030357e+01 3.950410611276227968e+01 2.950001299725156301e+01 4.947938870563523750e+01 4.506164246515524496e+01 5.396948486496815178e+01 6.542518647555522193e+01 8.521284265752230169e+01 8.326753561376858670e+01 6.691687091362734918e+01 4.699614126563427874e+01 6.691687091362734918e+01 7.568277297866679021e+01 6.725538378194978861e+01 7.874465015653305500e+01 9.873792102937984794e+01 1.047918684202785329e+02 8.506491263469926878e+01 7.365414494910199039e+01 6.663432408987728195e+01 6.001358643873934540e+01 5.453700093276645333e+01 6.952974637296223648e+01 6.671091563949819658e+01 5.121901477996718199e+01
4.261697736274862791e+01 5.380949760951126137e+01 3.588447625307489375e+01 2.883891170375804691e+01 4.704873230078543145e+01 3.280808818210731204e+01 5.282865916174289111e+01 6.748688140707605498e+01 7.155778479721618623e+01 6.793188085748133176e+01 8.768474000128877321e+01 7.704809145225748068e+01 6.503368238566139325e+01 4.513004910703092776e+01 3.099826891975316911e+01 5.097336420023697912e+01 4.586962718314201481e+01 6.581064270154136864e+01 8.194945487552040220e+01 9.334954313500747958e+01 8.198721914743244099e+01 6.207594398559706406e+01 5.058906039077118066e+01 7.049144508774503493e+01 8.505439832713696546e+01 8.719480070896069890e+01 9.547568943225670068e+01 1.070183991057989630e+02 1.130013485530779036e+02 1.015963463477466462e+02 9.340250518718249850e+01 8.156193413855123708e+01 6.175738434484492956e+01 6.443357445829168739e+01 8.252482017751540866e+01 7.915294288153896218e+01 6.106759194281681857e+01
5.450827801404131634e+01 3.438970734481264913e+01 3.069364630819178430e+01 4.885631238698744028e+01 5.713194080711873823e+01 5.282865916174289111e+01 3.914818170913021333e+01 5.915572875326508040e+01 7.480850436455871488e+01 8.768474000128877321e+01 8.288797218895800256e+01 6.292370693729514386e+01 4.883296988456333310e+01 3.884669373575342632e+01 5.097337396477819027e+01 3.323029564873651509e+01 5.319883854377802379e+01 6.214996090734334899e+01 7.624725601957484855e+01 9.622566861667948501e+01 9.026469110565295750e+01 7.875678362007033684e+01 5.949155839432317094e+01 5.689149141453001590e+01 7.678108768256149119e+01 9.110718684253670574e+01 9.939489830680636828e+01 1.094027668436849297e+02 1.175849407835705449e+02 1.077027817575850150e+02 8.963300814479754308e+01 6.986299515325328002e+01 8.156193413855123708e+01 7.844177320038808432e+01 9.241925101064748560e+01 8.904414975216141670e+01 8.085085459605414826e+01
4.213399371594564258e+01 5.450827541309725177e+01 5.072436412690750274e+01 3.268675434658339185e+01 5.270987255858172915e+01 6.748688140707605498e+01 5.915572875326508040e+01 4.645695499079889856e+01 6.646000986368233043e+01 8.378976772253137995e+01 8.356483046332024855e+01 6.361137873144026145e+01 4.952095146937138992e+01 5.880008558261898344e+01 4.896775412596792876e+01 3.484333182614108892e+01 5.480748853592089631e+01 6.539109639540188823e+01 7.949360860971181353e+01 8.066103413828624014e+01 8.886397442108913935e+01 8.766676286340306490e+01 7.095716355131786202e+01 7.093772738141652212e+01 6.414060061888730502e+01 7.115078065620087955e+01 8.109624001308375796e+01 1.011181336719894688e+02 1.093674236579564933e+02 8.963397414341778813e+01 7.976531738890783174e+01 8.963300814479754308e+01 9.782539650546046062e+01 9.819409940376262114e+01 8.687929728226212944e+01 7.865691122143665837e+01 7.608961331646359838e+01
6.264370180841159197e+01 6.788881343135571456e+01 5.412188846847830348e+01 3.410111689225754361e+01 5.412203669245129589e+01 6.460339860628428710e+01 7.479216466432858113e+01 6.646000986363185348e+01 5.538851917638093170e+01 6.536430029099697947e+01 8.546976767442416190e+01 7.772875770006852747e+01 6.102560294554533726e+01 7.717445969972919784e+01 6.305207646249253628e+01 5.474485443327787237e+01 3.716953808239505008e+01 5.128895004121091006e+01 6.681532482264104544e+01 6.108024455466838987e+01 8.066103426199055093e+01 9.919468115001397734e+01 9.091074731779613671e+01 9.088820737141826100e+01 7.406373825981664538e+01 8.405153177130107167e+01 9.939489830680636828e+01 1.094027668436849297e+02 1.175849407835705449e+02 1.077027817575850150e+02 9.950069890068721179e+01 1.034566989510971240e+02 9.515427409966767414e+01 9.723585311833024036e+01 7.865691122143665837e+01 5.881628634475879380e+01 5.623660016312644672e+01
7.379917248404839825e+01 5.957068255090763387e+01 3.955107289851832775e+01 5.412203669245128879e+01 3.627176773687533995e+01 5.628568453118491988e+01 6.680353241937558550e+01 7.839217860028772122e+01 6.691254776116221592e+01 8.378976772253137995e+01 8.546976767442349399e+01 8.925222990236542842e+01 8.097121245499612030e+01 8.763832008749534452e+01 7.604654840451628672e+01 6.535224667139301857e+01 5.712745700713574593e+01 3.954409379228618349e+01 4.709766745066937688e+01 6.681532487872527781e+01 8.468707509643265041e+01 8.907610655525088816e+01 9.735522322632880332e+01 1.023261351360344520e+02 9.403932528278546954e+01 1.023261351360344520e+02 1.123291995042951328e+02 1.113113262950576257e+02 1.196457968730930475e+02 1.076324063428518514e+02 9.932281709811351789e+01 9.192762472703748244e+01 7.521634989547690964e+01 8.878482950506192140e+01 6.898982957739045219e+01 6.462747082815923250e+01 4.471200770868678376e+01
6.547149103858308195e+01 4.546086359189359172e+01 5.957068255090763387e+01 6.460940885671077183e+01 5.629371724861161397e+01 3.847431560709046039e+01 5.003705747114486257e+01 7.005653238005581329e+01 8.703437820760831301e+01 9.543332718583516794e+01 1.057424840407537801e+02 1.021163863977104000e+02 9.057187032590422859e+01 7.935652159957676588e+01 5.943189807885891440e+01 4.793032629036584780e+01 4.439570612188611420e+01 5.949510704762474944e+01 4.238787299679059117e+01 5.649220367619971483e+01 7.279058158103454446e+01 6.913049336577384452e+01 8.572680460303428163e+01 9.400993631432166353e+01 1.040056868287074536e+02 1.132945418491596428e+02 1.049741569784122817e+02 9.133473191642360689e+01 1.080878530033213991e+02 9.609840812405458621e+01 7.937999601262852423e+01 8.300413973437295567e+01 6.370908748388686860e+01 8.050248991894846995e+01 6.056197727708676126e+01 4.903533198409388660e+01 5.572100496045309370e+01
5.195627704231940669e+01 6.547121220929830088e+01 7.276703077586378754e+01 6.144860174019164134e+01 4.144530536129306597e+01 4.088610081102263649e+01 6.090872413508270711e+01 6.693293016040924215e+01 7.526134143183332981e+01 8.486715666301211058e+01 9.322653807105780288e+01 9.382501652363494316e+01 7.383821269442547930e+01 6.236035814630103147e+01 5.346585383169578876e+01 6.785303485055391093e+01 6.433067852184592539e+01 4.584407478721826834e+01 6.232719419026908980e+01 4.773177497108189016e+01 5.288633407282629406e+01 5.918123409377243149e+01 6.580009654446816114e+01 7.573343494162321576e+01 9.572017426444536170e+01 1.049741569784122817e+02 8.502853109423580236e+01 7.986036164777613067e+01 9.916153647169764440e+01 8.780882397600831268e+01 6.787893421588179876e+01 7.472834311907040217e+01 5.478393913092737222e+01 6.475614112499894759e+01 7.302679212780243745e+01 5.746909502035691730e+01 3.749813305267943520e+01
