LEM/with_lateral_4open/elevation_000021.asc
nrows	100
cellsize	150.0
xllcorner	0
ncols	100
yllcorner	0
NODATA_value	-9999
[rows 51 to 67 of 100, columns 37 to 73 of 100]
8.771871553102326402e+01 7.939098875850764614e+01 6.633793812848817595e+01 7.177435023311053897e+01 7.789072621660500317e+01 8.501617024402608536e+01 9.397935062446123311e+01 1.055262698487213129e+02 1.196876104292607153e+02 1.397818638120517676e+02 1.448557849053302959e+02 1.249554097831495056e+02 1.108902683934016409e+02 1.192983887339555196e+02 1.145212744535594993e+02 1.285894296395494223e+02 1.288208867511633571e+02 1.117419759210842187e+02 1.017233834493532925e+02 9.343216085143463090e+01 8.674363070181733804e+01 8.096942757018351244e+01 7.260774014503236629e+01 5.288406783028503355e+01 6.652079643062593561e+01 6.347997884700689042e+01 5.823490855241301034e+01 3.837510386783495164e+01 3.683675623710690417e+01 3.532363453292813205e+01 3.382995302610049038e+01 3.397988945789361281e+01 5.382808131504258853e+01 7.019884295187904399e+01 7.862215816252340517e+01 6.017546436299013379e+01 7.028377356898648998e+01
7.300173471290666782e+01 5.918639342740263487e+01 7.939098875850781667e+01 9.191193515589577601e+01 9.796436496570531460e+01 9.924268165612340908e+01 1.068103834390172864e+02 1.151240511522858156e+02 1.251463219985231632e+02 1.377943288488707765e+02 1.295536473344516253e+02 1.333662979844759775e+02 1.134712699281559907e+02 9.937386624045780081e+01 1.004272426324015015e+02 1.186325929366504397e+02 1.089149790852073920e+02 1.229883938116044817e+02 1.075309070157984337e+02 8.749545113295110355e+01 7.591735996051082225e+01 6.597192834226427749e+01 5.977604730183811910e+01 6.677072967234289536e+01 8.088034740689255386e+01 6.621505672680258670e+01 4.652339865692674437e+01 5.029173042222954138e+01 5.670843630626590226e+01 5.350141028894446293e+01 5.024328241933676509e+01 3.173526272157024053e+01 4.578853775928826053e+01 6.534408271573801130e+01 7.028377356898648998e+01 5.003724428262036383e+01 6.353493047581270048e+01
5.290484210352006045e+01 7.300173471290666782e+01 8.037399954825689008e+01 8.489655561859541422e+01 8.978613595718877605e+01 7.918231888517179584e+01 8.678812652518017501e+01 9.679905928547253779e+01 1.168217075925618360e+02 1.295536473344516253e+02 1.096492226049761456e+02 1.154790936326222663e+02 1.237217755685136922e+02 1.103878713928174164e+02 9.040967456604734309e+01 1.035354064147274755e+02 9.479175329655038240e+01 1.130193759541675433e+02 1.158220436087705281e+02 1.001116031701748881e+02 8.007048917904242558e+01 8.594039461757964204e+01 6.857490352625279684e+01 8.669940539766147936e+01 7.552714989753451391e+01 5.577294831076769555e+01 6.621507267882424230e+01 6.804004905232592648e+01 7.312401247589160391e+01 4.984779155244408599e+01 2.999897360663245749e+01 4.429680729894738533e+01 5.411725612334621616e+01 6.422382080139703930e+01 5.588534086063513939e+01 4.329359982162224441e+01 5.761296298179149034e+01
6.720024287271451158e+01 5.597181611105126819e+01 6.013367856369499265e+01 6.467107000793251359e+01 6.962587975622535907e+01 7.975704149529558151e+01 9.394890477110618576e+01 1.139777933597218578e+02 1.251463219985231632e+02 1.352125779338063865e+02 1.154790936326222663e+02 9.552986902635302613e+01 1.055044813287160679e+02 1.137544312015095471e+02 1.035354064147274755e+02 8.352164048525865780e+01 8.476129203365907472e+01 1.047685188757214547e+02 1.169938308989219564e+02 1.084053426757006520e+02 1.001116031701778724e+02 9.687411409344514368e+01 8.009505838308443515e+01 8.964774804306580336e+01 6.967925272770160916e+01 6.967924097697739683e+01 8.381403545838001889e+01 7.889377971878188589e+01 7.055354403350280279e+01 5.982064929075882986e+01 4.715960937511339779e+01 2.827531964967317535e+01 4.667925963994047578e+01 4.933185790919511504e+01 3.568629069721845326e+01 4.994811401940031459e+01 7.000012916476185865e+01
5.030275157859566804e+01 7.032762401491937965e+01 8.037399954825689008e+01 8.489655561859541422e+01 8.978613595718873341e+01 9.809474412531105258e+01 1.081239667191177176e+02 1.120772647553419148e+02 1.203958697868243206e+02 1.269716280024747590e+02 1.070659745634856819e+02 9.552986902635302613e+01 8.550103235395575041e+01 9.820025450750837592e+01 1.064594348668243526e+02 9.720649792598527483e+01 7.721217782884832559e+01 8.875918590997549984e+01 1.087457407335476347e+02 1.151052009254366908e+02 1.109775942893440970e+02 1.084700459575096403e+02 1.001456570122537642e+02 9.796740773075391928e+01 8.964763391019404537e+01 8.964557281377437903e+01 8.222226187431012079e+01 6.201144971484660573e+01 5.030541199240026629e+01 4.315151954864545303e+01 3.678924312984196376e+01 4.667858361226066677e+01 2.659292991486971047e+01 2.921052024232029964e+01 4.933185790919200286e+01 5.775114716173725071e+01 6.611887526856187947e+01
7.032762401491937965e+01 5.405368410886467956e+01 7.420592448322256018e+01 8.238947019250606729e+01 8.660336909168502473e+01 9.099745653740484386e+01 9.572796022047282349e+01 9.205353787544179056e+01 1.094740411451994362e+02 1.177894416837179250e+02 1.222855790501441646e+02 1.023580197690795188e+02 8.820584226501031821e+01 7.820245631981090639e+01 9.230322554018796666e+01 8.884145438943852469e+01 7.375524986026510987e+01 9.367196809477384534e+01 1.092611967289595469e+02 9.514526877139844885e+01 9.101189563002078842e+01 1.050988195162457544e+02 1.032533250637771545e+02 9.503980502718113144e+01 9.245842684875798057e+01 1.007041273199762799e+02 9.054086455535296807e+01 7.889377971878188589e+01 7.055354403350280279e+01 6.339474829719070215e+01 5.340265847066185501e+01 3.323246138360393331e+01 4.504195028725600025e+01 2.496542807222167681e+01 4.346944043071528796e+01 3.756097555376775432e+01 5.775216605807190717e+01
8.252200389735632768e+01 6.566998221466128882e+01 5.809467341418277186e+01 6.213226465664485687e+01 6.639421991494938879e+01 7.086121820713869113e+01 7.565813282412115370e+01 8.238092642770568830e+01 8.946980920592986308e+01 1.010102049492251410e+02 1.210358564023706265e+02 1.164426561583744757e+02 1.064594348668243526e+02 9.230322554018796666e+01 7.241684950724152259e+01 6.910918044143423344e+01 8.548199259939443095e+01 9.373214397658627206e+01 9.432398960249096831e+01 8.110323714084906044e+01 7.699896651225522248e+01 9.518172007287346048e+01 9.503528305710480595e+01 7.529019602035697289e+01 7.274142899996920164e+01 8.929208772101922875e+01 9.420079254434033089e+01 7.405258279358925222e+01 5.973430707477145774e+01 4.959885006138955532e+01 4.055869035716175830e+01 5.340265847066185501e+01 5.339987831105901961e+01 3.756001157410354807e+01 2.339820191490017720e+01 4.191628009127840215e+01 5.021629177308675906e+01
9.411850069003294550e+01 8.584877384339782225e+01 6.717432906250992630e+01 6.505318343496064415e+01 8.527356156656827579e+01 9.099745653740484386e+01 9.572796022047282349e+01 9.205353787544179056e+01 1.094740411451994362e+02 1.177894416837179250e+02 1.293654026851904746e+02 1.153658021631929955e+02 9.541001021694614792e+01 8.385455779288712108e+01 9.230313118036286824e+01 7.965223737772380730e+01 6.594063754090601037e+01 8.229090268109069939e+01 7.456836566125481625e+01 7.857886911772143890e+01 6.735137709513463733e+01 8.692140062798523559e+01 8.676139882652698532e+01 8.107513921545249502e+01 6.165906977423088620e+01 7.493508321323220400e+01 9.461142044840002541e+01 8.827707272925232473e+01 7.358713773293889915e+01 5.335330612556350616e+01 5.486546195813411231e+01 6.079013899861648440e+01 6.609007436648306566e+01 5.022373748548950800e+01 3.000420225519678397e+01 2.184784611286140432e+01 4.037545124988827894e+01
1.037574847090188968e+02 8.368656867592837045e+01 8.736965039191302651e+01 7.185084999977239306e+01 7.677986895689015512e+01 8.840726423674466616e+01 1.084448901695523801e+02 1.120772647553419148e+02 1.203958697868243206e+02 1.182695983581683379e+02 1.265449191225555694e+02 1.236103944361363460e+02 1.120976357882278052e+02 1.038443203111351920e+02 1.078015252802889989e+02 9.372975650085952282e+01 8.229090268109069939e+01 6.292820184165514519e+01 6.106490405815098654e+01 5.932127323248279538e+01 7.619432322600590624e+01 7.451801255059217510e+01 6.718898276812785753e+01 7.133199183518473774e+01 5.558613774823374598e+01 7.493503473643819746e+01 8.962164052382404122e+01 9.083745843003663367e+01 8.192207186723233292e+01 6.767665175681790402e+01 7.509357466242957457e+01 8.099393575520328170e+01 6.502061362112810627e+01 4.430379992552655466e+01 4.862763000460708440e+01 3.899406616352811028e+01 2.031966902997357849e+01
1.036253185928198945e+02 1.037574847090188968e+02 9.907679760989847750e+01 7.901793111725370977e+01 9.687616144332480417e+01 1.051857121532440402e+02 1.167611289508012646e+02 1.193483805767914845e+02 1.110686280436841997e+02 9.824819004548162127e+01 1.149928278511210777e+02 1.282972394638134404e+02 1.083779454322771016e+02 1.083779454322771016e+02 1.013134854874249129e+02 8.836245254210963651e+01 6.868838239726183303e+01 8.229090266879336468e+01 6.586748162008431962e+01 7.619933538655052985e+01 5.694096755205775651e+01 5.525400872528415164e+01 5.356784455221418995e+01 5.193199590267120414e+01 5.030461976365874932e+01 6.192980388762489241e+01 7.492122066094728439e+01 7.134433810947203369e+01 9.083745602130339591e+01 8.785631313670626241e+01 9.022118290108883798e+01 8.186890015260213715e+01 7.366261627079147445e+01 6.498139120540993474e+01 5.689339844238767085e+01 3.518387572219436521e+01 2.035503246551677847e+01
8.944500704069500330e+01 1.094871431388348952e+02 1.073846098580159349e+02 9.061437926681455224e+01 9.907679760989847750e+01 1.191156575122634251e+02 1.119388124479171438e+02 1.036559491573628122e+02 9.104750055837985201e+01 8.668942162700437848e+01 1.060425049302015310e+02 1.224677786436967892e+02 1.025417454245322233e+02 8.839667275924644230e+01 8.133195446649941118e+01 7.509783483966131712e+01 8.836245254210963651e+01 9.068199933881504649e+01 7.090801108483259441e+01 8.438171879295046551e+01 7.619933538730977318e+01 7.454790995135418541e+01 6.040457428291167474e+01 7.043827070248916300e+01 6.689632681825834482e+01 4.810120814609854278e+01 5.557156257139155286e+01 6.921678648359673502e+01 8.869320621946594940e+01 9.619636971028702987e+01 7.593426794732134510e+01 6.156097385128636290e+01 6.902503981920274612e+01 7.076756900468994615e+01 5.172460730420186792e+01 4.128821543633585378e+01 2.110951884995241912e+01
8.887230683536078857e+01 1.089136591950002497e+02 1.189543575397073738e+02 1.106366760440026127e+02 1.109256205740519903e+02 1.026399610116570216e+02 1.036559491575381742e+02 8.362771759790743431e+01 7.947827691143561424e+01 7.772340327459350817e+01 9.775665389432558072e+01 1.089733568775036332e+02 1.166259379626778241e+02 1.083779444424265535e+02 9.133183568746248682e+01 8.655334656306133922e+01 1.032542813321685031e+02 9.643636515486542748e+01 7.650265721189886392e+01 9.643636515486542748e+01 9.111926600007623733e+01 7.145842251599523820e+01 7.975846948300981865e+01 8.002507563196122931e+01 6.052504337223565045e+01 4.658662955295318397e+01 6.615767719541828740e+01 7.391596146945626344e+01 8.199961827458552932e+01 9.316907700896956612e+01 8.090676204966534613e+01 6.879380316463789313e+01 4.873096738606950140e+01 6.902503981871255689e+01 5.193740792181044696e+01 3.263559040969290947e+01 3.436460275451729984e+01
9.106404194533827479e+01 1.111085790477379049e+02 1.057781879494164201e+02 9.747385790242077519e+01 9.936424011704471582e+01 8.260613773271090565e+01 9.740675850063182395e+01 8.911620135031667189e+01 6.942990345807427843e+01 7.061438469423724484e+01 8.065902694092932279e+01 9.482454553616366866e+01 1.148457941431245075e+02 1.195375530739449061e+02 1.112925889505465022e+02 1.065259484953276967e+02 1.147762219465085138e+02 1.030995448816341025e+02 8.311000566647300047e+01 1.030995448816341025e+02 9.111926600007625154e+01 9.111926600007623733e+01 9.936134255729045606e+01 7.951935503989760434e+01 5.909232507960617653e+01 4.508588523232216261e+01 6.250093138302566587e+01 5.444815941995392450e+01 6.568540645524976185e+01 8.514555035839143216e+01 7.247638764403264133e+01 5.210894881667903888e+01 4.201527062289775216e+01 5.484640811648046110e+01 5.993408734309660701e+01 5.152858416434187916e+01 4.330601512158349919e+01
1.111085790477379049e+02 1.083788534668366168e+02 9.420234615608653428e+01 7.742328221257403698e+01 9.107342774866003765e+01 7.100479835270583351e+01 7.948679916463895267e+01 6.903817581725303398e+01 6.269367606898447320e+01 7.171923686464373304e+01 8.331049606655706441e+01 9.747395259496488507e+01 1.174952762917520488e+02 1.086865811592775941e+02 1.003922699651588175e+02 1.086865811442118996e+02 1.193814531103193275e+02 9.944026950921646346e+01 9.725744063233632630e+01 1.113520243991740699e+02 1.110152097831627742e+02 9.992140675844500208e+01 9.161227228694554015e+01 7.886261240978168985e+01 6.586929243144440704e+01 4.640746121724544082e+01 4.298077223091381427e+01 6.082051707788576778e+01 6.085595196604001700e+01 8.044574094897730276e+01 8.098747842865981283e+01 7.058095135212782623e+01 5.484640809798392524e+01 3.472738911368016801e+01 4.799287461999283266e+01 4.714980849266930107e+01 4.478795104089795842e+01
1.069391715510238470e+02 9.691846461820722425e+01 8.002583885741661618e+01 6.579511336281615286e+01 7.515239334227420898e+01 7.948642599152897503e+01 5.934009488891637574e+01 5.735901553978916212e+01 7.752414790416240464e+01 9.110031329655495824e+01 1.000635823500791162e+02 1.067837019308407775e+02 1.150755504207874225e+02 9.866088988098384505e+01 8.032964408825878877e+01 9.866088988098384505e+01 1.075923628747687673e+02 1.193814531103193275e+02 1.172036318748424009e+02 1.088931539263222845e+02 9.732665128521898623e+01 8.846025494766165309e+01 7.182312317710295702e+01 7.068954818380694860e+01 5.140852516451107590e+01 6.586929243144440704e+01 6.085769472637024080e+01 4.108812401487831778e+01 5.904542083473750580e+01 6.710301683818661900e+01 7.822463213074210842e+01 7.165670625091398449e+01 5.792947599146055637e+01 4.813947630400630118e+01 2.812353606250056259e+01 2.712462668251190578e+01 2.610507962742456201e+01
9.276871820622017140e+01 7.859633225311294780e+01 6.853963849032162159e+01 6.138841190068404785e+01 5.496471792923444610e+01 6.860117143424990616e+01 5.256171809804812511e+01 7.277118062470466953e+01 7.752414790416240464e+01 9.758129473389040243e+01 1.035055212061838574e+02 8.673488253591422392e+01 1.035055212061838574e+02 9.036095702668681895e+01 7.027265354052943280e+01 7.922923958504178188e+01 9.180178758025265040e+01 1.001009217283934305e+02 1.101252946716527958e+02 1.005760434539005246e+02 8.056121462875981365e+01 6.928868787316925193e+01 6.084720023733881789e+01 5.660823774472346770e+01 7.068954818380694860e+01 7.469343881568048005e+01 5.512710539181656344e+01 5.903979361340235243e+01 3.924427114324293342e+01 5.076413735308546649e+01 7.026810934602768555e+01 5.939323219774715312e+01 4.366361929581836421e+01 2.955639052696883340e+01 4.813948943716329865e+01 4.714981199485936969e+01 4.616328243468337433e+01
9.470706742102825615e+01 9.691846461820722425e+01 8.861593891102280907e+01 8.151789482671480869e+01 6.860310645030484977e+01 4.836821972951349125e+01 6.518097874110597445e+01 7.024849513305069593e+01 7.024899053033391283e+01 9.195446268227776443e+01 9.520851065624576393e+01 7.513250257392633102e+01 9.520851065624576393e+01 8.325866921788431796e+01 6.314303594999343971e+01 6.499811515254413052e+01 7.171725022269249905e+01 8.177214687420884331e+01 1.018314287505132540e+02 1.036651886237190894e+02 8.363867573626357910e+01 6.975870468754901310e+01 8.019615222926739762e+01 6.373190465294734963e+01 8.317406680857421009e+01 8.287379624493206620e+01 7.469306007006989034e+01 5.778032662758855054e+01 3.797283709938329821e+01 5.739958404317374629e+01 5.358746433955094801e+01 5.100847593992732243e+01 3.099890839853420488e+01 4.957890820366473861e+01 4.104992595452853266e+01 6.122968528966060120e+01 6.159895825467913255e+01
