LEM/with_lateral_4open/elevation_000252.asc
nrows	100
cellsize	150.0
xllcorner	0
ncols	100
yllcorner	0
NODATA_value	-9999
[rows 0 to 16 of 100, columns 37 to 73 of 100]
8.884754177262699226e-02 6.929726548558100274e-02 7.395023591448830758e-02 4.828361932999872264e-02 4.897713358561925356e-02 8.568734790590110117e-02 1.075183056328203948e-02 6.823539046102447547e-02 7.194897206013613211e-02 1.557559815681563986e-02 7.704183385687686514e-02 1.685416958384493638e-02 9.680445094065920353e-02 7.639902522890137937e-02 4.559330980047965332e-02 5.839666421669215124e-02 9.739037529851846120e-02 3.670263267501718690e-02 2.041064012308905357e-02 6.895211126444661387e-02 9.031524355919069713e-02 1.560024811392830661e-02 7.641644294168103979e-02 3.888124420523987601e-02 6.873285589001959517e-02 4.772367030474261584e-02 9.504926490987847254e-02 5.760415539182907330e-02 9.666222459857021221e-02 9.627991409191682948e-02 1.286757495974483190e-02 9.381044340810595905e-02 7.584058927755046864e-02 1.435327048224320848e-02 5.777975670406795827e-02 2.716720951219454838e-02 4.735230246529398453e-03
3.004996364943203435e+00 2.006929726548522552e+01 2.007395023591413263e+01 6.714950285996636126e+00 2.004897713358526445e+01 1.423009029857449903e+01 1.432738470336344072e+01 1.943872934932629803e+01 6.997137926600139890e-01 2.001557420125852715e+01 2.007704183328100100e+01 1.452515374078589083e+01 2.009680445094030432e+01 5.240376820172145678e+00 2.004559330980012533e+01 2.005839666421633538e+01 1.566941689583767428e+01 3.570305510600516818e+00 7.091478425744231373e+00 2.006895211126409251e+01 2.009031524355883391e+01 2.001560024811357152e+01 1.007641644294159455e+01 2.003888121648665788e+01 1.802952794938257775e+00 2.004772367030438573e+01 2.009504926490952315e+01 1.005760415545824493e+01 2.009666222459198082e+01 6.762946741874003465e+00 2.001286757494475665e+01 2.009381044327920307e+01 2.007584058927719539e+01 1.350659480044366312e+00 1.004202384077192356e+01 2.002070737535589018e+01 1.436607558155297149e+01
5.948695028333482071e+00 2.590702301494145843e+01 3.378601452169158392e+01 1.378601809786204946e+01 3.378601452169158392e+01 3.428030272917651189e+01 3.499124230755732867e+01 2.791772636653622897e+01 1.973215344465423371e+01 1.588822261613080933e+00 2.195650095951148373e+01 3.518894363847138607e+01 3.058560165842103729e+01 1.058560165842068024e+01 3.058560165842103729e+01 2.793079180320317434e+01 8.685472086655913415e+00 2.435064607305699269e+01 2.708961285496629401e+01 1.863840636599292111e+01 3.862814160213748949e+01 3.836067757068749984e+01 2.421855206652316639e+01 2.354372602960157579e+01 3.543729354495232631e+00 2.354372603325335689e+01 3.834187465678694196e+01 2.419973994231758141e+01 3.384676253954967251e+01 1.383401877425564130e+01 3.384676253943869995e+01 2.443351649733632769e+01 3.253265456603923855e+00 1.896390395892368019e+01 2.779592576391440062e+01 2.588981561267895515e+01 3.530871942366770355e+01
2.590699988586591473e+01 1.070223759332316327e+01 3.062859597369687137e+01 2.378601809784025178e+01 4.207007921348639456e+01 5.127302013230991662e+01 3.216907319216105776e+01 3.043711921212585736e+01 2.217852223822103852e+01 2.218139084407985795e+00 1.564456767498401391e+01 3.373876272208458005e+01 3.661582854997676151e+01 1.661582854997605807e+01 3.661582854997676151e+01 3.155512579634585535e+01 1.237878717469385847e+01 3.155512579619822944e+01 4.544019197782483133e+01 3.018469186855702091e+01 4.688292725525066373e+01 5.250277426925541846e+01 4.354259447561197049e+01 2.530462596768983730e+01 5.304631167146473203e+00 1.944676597541387508e+01 3.944652181051367279e+01 4.419977004728708891e+01 4.216071526778321044e+01 2.538178570485684205e+01 4.215899798964359491e+01 2.461967542497821881e+01 4.604740213259652215e+00 2.437575539907951949e+01 3.394051597706776136e+01 4.412105949766836233e+01 5.141791770551485996e+01
1.573183825823665671e+01 3.062858588051553710e+01 3.890778557486331835e+01 3.792815360268485136e+01 5.206975301060600003e+01 4.405194815958843435e+01 3.113172348173447190e+01 1.401700201384479705e+01 3.112119973329870781e+00 1.994706136151027920e+01 1.684430175076541403e+01 3.736534300090197291e+01 4.368689636184236491e+01 2.368689636184165792e+01 4.368689636184236491e+01 3.971501974869671159e+01 3.155512579625091263e+01 1.798610034587860795e+01 3.723072193765711546e+01 5.016198078773311408e+01 5.839548600876261730e+01 4.940055480970863755e+01 2.940058643302451813e+01 1.525845135837765199e+01 7.093485549146297586e+00 1.376015221581246983e+01 3.376017988582945151e+01 5.273358250564893268e+01 5.373646432708603271e+01 4.541013593819717897e+01 3.723232363871785822e+01 1.725208787339559535e+01 2.447629094196351218e+01 6.556540353840077273e+00 2.662977972858340436e+01 4.172366451482465521e+01 5.004905988361278446e+01
1.962510244237474311e+01 2.755144284739496996e+01 4.685495380890004924e+01 5.792810275247618534e+01 4.926702502323428945e+01 3.570730011608308274e+01 1.566108363641871826e+01 4.009245312229795744e+00 2.311608630077653359e+01 3.101865353183441343e+01 3.750363661395768133e+01 4.586032896614980103e+01 5.197116760930455825e+01 3.523390174563458288e+01 5.197116760930455825e+01 4.856150165600903534e+01 2.893961199807819540e+01 3.723072193784737038e+01 2.536923772635893215e+01 3.906911792403577977e+01 5.892892390583528339e+01 5.525835245004265772e+01 3.525843954663312729e+01 2.900912717174442434e+01 9.009138119588584459e+00 2.900904560737676618e+01 2.445060187609073310e+01 3.599760682369299047e+01 5.599741414383904470e+01 5.349993989674338479e+01 3.357618308620588010e+01 3.502229137410838433e+01 1.501684194605055822e+01 7.946636435748311023e+00 1.461260241346759692e+01 2.168087533624349916e+01 3.323226194522371202e+01
2.753097695983514726e+01 4.234964831759128856e+01 5.511924514993913249e+01 5.562705801361663305e+01 3.415163073359936163e+01 1.959556373591064116e+01 1.814394504367572836e+01 4.645212436108981713e+00 2.465078865827595678e+01 3.236069413857380539e+01 3.572912610561895264e+01 3.572804750620358050e+01 5.570314467508843848e+01 5.523390174563528632e+01 6.351817299309748677e+01 5.685323739621955497e+01 4.015591404704281331e+01 5.112744144795061629e+01 3.138942108953599330e+01 5.112744144795061629e+01 6.419751942848814963e+01 5.419766179862460120e+01 4.591355281458859849e+01 3.095169592014117654e+01 1.095170984430309602e+01 3.095169578523790577e+01 4.445051968684566646e+01 5.273358250261554048e+01 6.427971707692553593e+01 6.165976759898559578e+01 4.657982646436635576e+01 2.656210545946319357e+01 2.942123239387684919e+01 9.401422329167496983e+00 2.942123240333554079e+01 4.172366467421642966e+01 5.004905795048085793e+01
4.704941233454976413e+01 4.049260885759618844e+01 5.970760723951271132e+01 5.575869711041595878e+01 4.366031840281167575e+01 2.600354967231249503e+01 5.564831124878668156e+00 2.278578624638443273e+01 9.174858522899976165e+00 1.241980386490905275e+01 1.580075914047884034e+01 3.572912826623662141e+01 4.926770471968121967e+01 6.507163651381112857e+01 7.008479092012801459e+01 6.837877284798858568e+01 6.005533067259721491e+01 5.941660936586352193e+01 4.011499682849089510e+01 5.941660936586352193e+01 5.591351847755282733e+01 3.591359034387939175e+01 2.591359038760868927e+01 1.924692372096791004e+01 1.292236840063166525e+01 3.292235064462278871e+01 3.582773888342401136e+01 4.737473833131000589e+01 6.737449854130689175e+01 6.290257066959316745e+01 4.291137316601069074e+01 4.657982647205595583e+01 3.088927198325110624e+01 1.086789334188874712e+01 3.088927198325046675e+01 4.541008764149965771e+01 5.424458824461912343e+01
5.853223438579623661e+01 5.392611361328607700e+01 6.692215847309699939e+01 4.380431359234909650e+01 2.489457189616196331e+01 1.388975962758923721e+01 2.560302810804123652e+01 6.493850253861505273e+00 2.617666279177882416e+01 3.228198971370451886e+01 3.572912826622624038e+01 2.105058783260291477e+01 4.095650070655490538e+01 4.505041435223358093e+01 5.000147450868767152e+01 6.417568781031279457e+01 7.329173185789210265e+01 6.834312832914483238e+01 5.417348999346710059e+01 6.834312832914483238e+01 6.419765480341908415e+01 5.419764008970719971e+01 4.591355284390306224e+01 3.501891567791783189e+01 1.501893807407548387e+01 2.168560474073933975e+01 3.582773888385668215e+01 5.582763315681314253e+01 7.565776806579344793e+01 7.111904168702214690e+01 5.714147010402134441e+01 4.293476031657312575e+01 3.238032454252513759e+01 1.242479033545254197e+01 1.402916719813412527e+01 2.355497519903796189e+01 3.552408062865740135e+01
6.680111164934778856e+01 7.366536756272267894e+01 6.348632186379856535e+01 4.205988510005574454e+01 2.704728266351253296e+01 3.454004094983864093e+01 2.029808151495659274e+01 2.253162699830368254e+01 7.425929462872108644e+00 2.219351100958558476e+01 4.408013932723217465e+01 4.094669528479698783e+01 2.669495493586513035e+01 3.103971934623899287e+01 3.599855432842949199e+01 4.482764065494304617e+01 5.628892945098598943e+01 7.658535196511240883e+01 7.419172846615020944e+01 7.241652424122358411e+01 6.241670344638151846e+01 5.413269357273075144e+01 4.067575935035273460e+01 2.067579232356776586e+01 1.771573752392840717e+01 3.771568561669561603e+01 4.168556853789008443e+01 6.168527390411346545e+01 6.246052337290976908e+01 5.387697354385071691e+01 4.481407079773983071e+01 2.872787212807116219e+01 1.463140465939043722e+01 3.238032454252513759e+01 2.026180189500268369e+01 4.114979029857848047e+01 5.424453482492359058e+01
7.807480570368210238e+01 6.981338871833065696e+01 6.763125012422371185e+01 5.710054974933580496e+01 4.833554312878508341e+01 4.409717188731623594e+01 3.320122245821808349e+01 2.765951618436819714e+01 8.086109884092069322e+00 2.470873678662911388e+01 4.534292931179396646e+01 5.488145801789232792e+01 4.072679598421581915e+01 4.505067399068818190e+01 5.000332802838489954e+01 4.850999485860838689e+01 6.862555511704179878e+01 8.506451182447484882e+01 7.827450331966798558e+01 5.827487983917919223e+01 4.413275986249124117e+01 3.413276002914015805e+01 2.657347056976148636e+01 4.046290526781343999e+01 2.046294880290214024e+01 4.046290498683388392e+01 5.281737855291540740e+01 6.282322653255227607e+01 5.415118320488701897e+01 3.384748642366968596e+01 3.407264472250038523e+01 1.687744255981332486e+01 3.460668362605439796e+01 4.293479228370005529e+01 4.119412994615995416e+01 3.173596743762029604e+01 4.614640556627626466e+01
6.711337304829565653e+01 4.979257093663371592e+01 4.759921104766917210e+01 4.905842372883650171e+01 4.494644980269100643e+01 5.178645200383462566e+01 3.782105592910393455e+01 2.867188804321732221e+01 8.747762837165796057e+00 2.114834158368701011e+01 3.957237893104981197e+01 5.731202474051451645e+01 6.071444972382493432e+01 6.508685132226042924e+01 7.014518808878671052e+01 6.862555511704179878e+01 6.862555511704179878e+01 8.903421479249470849e+01 7.982137654218250589e+01 5.982187783412955184e+01 4.567976469322648114e+01 3.413276002914014384e+01 4.657342579310169128e+01 4.874679780678591356e+01 4.046290567700029328e+01 2.454543170754070047e+01 3.454543163026415442e+01 5.454522008318206616e+01 5.375341587639026386e+01 3.364804237888061778e+01 1.950757411364286042e+01 3.687863579859583041e+01 2.150330032086992205e+01 4.153687657755731522e+01 5.475116303256237416e+01 4.352793310380699410e+01 6.040108887858590947e+01
4.779774543348341354e+01 3.871216825822487806e+01 3.326630232529211639e+01 2.891394766997231613e+01 2.493688685227291302e+01 3.945891718198543430e+01 2.987876230748042161e+01 9.726814968288520546e+00 1.105781515808862281e+01 3.058109956286601161e+01 3.034515697372830090e+01 4.938563891077689760e+01 5.661254774027085546e+01 6.300856530479546080e+01 5.493835097202052964e+01 6.081543024989979784e+01 6.768458369910997874e+01 7.576097455820693938e+01 7.896486193372911089e+01 5.896532650202323111e+01 4.482320937469066990e+01 4.827489080239759289e+01 6.241646047985639711e+01 4.907532491243194528e+01 2.907453984411900549e+01 3.868753330641733612e+01 5.280931199956580713e+01 6.281791145962344558e+01 5.292048096934675527e+01 4.125204348447592650e+01 2.143357410872348723e+01 4.147399324586325520e+01 4.153687668919286580e+01 2.634356357835047291e+01 4.640242056151408434e+01 6.370374752857822642e+01 7.204184443328234977e+01
5.040481687236507469e+01 5.884798205423785333e+01 5.346645945219808738e+01 4.905842378152911465e+01 3.945892320276026766e+01 1.968020476928814588e+01 3.035113802456748289e+01 1.042038934388420124e+01 3.032062432861077639e+01 1.436915174348623303e+01 3.422441696940398259e+01 4.017531368604092989e+01 3.703366608868856957e+01 4.754102799244657973e+01 3.536687400052841213e+01 4.132336342200146362e+01 4.825568375932017773e+01 5.948278533678646340e+01 7.888844861876148684e+01 7.310656352694761040e+01 5.637020951771499000e+01 6.827465431865391565e+01 6.650426009055492216e+01 4.650464956212889689e+01 3.236251959022603586e+01 5.236193771718192380e+01 6.691239197381396764e+01 6.202506936200879295e+01 3.924002630628793042e+01 2.422950705907857127e+01 4.037758395480093299e+01 4.896511486782980427e+01 5.000276141076570724e+01 2.992957767715311235e+01 5.000929545071962679e+01 6.406044328077538808e+01 7.571567547318832681e+01
7.038156018102432654e+01 6.982933389892129128e+01 6.155779741776056113e+01 4.989666309825737756e+01 4.165011150107008575e+01 3.431583031287928520e+01 1.463805739268536321e+01 1.111524508755915797e+01 3.104388396833926578e+01 3.350942749294137002e+01 1.782518047225408964e+01 2.038597859783892119e+01 2.301157009715042534e+01 2.785571694593543057e+01 4.754102799244790845e+01 6.081543024989979784e+01 6.768458369910997874e+01 7.576097455820693938e+01 8.699126390828168098e+01 8.465293982423465025e+01 7.636985621207594477e+01 8.002491229406859929e+01 7.002530463318800003e+01 5.584400921352775526e+01 3.584407270933987633e+01 4.998610335770007396e+01 6.997733220608635918e+01 5.935926115277546700e+01 4.011840643779016347e+01 2.624742329957512155e+01 3.786283334641202458e+01 5.791918478290059369e+01 5.000276141076572145e+01 5.000929545071962679e+01 3.557891786490600339e+01 4.716630376811667702e+01 6.735856140836753525e+01
7.391402581993607157e+01 6.155779741776056113e+01 4.167854656062051077e+01 4.165011150182863275e+01 2.182707726986010144e+01 1.807209235913540368e+01 2.488967974323761112e+01 1.182482283191007078e+01 2.275642406432541875e+01 4.114504883000037694e+01 2.674994512854578943e+01 4.017531368601540009e+01 4.276818775665044114e+01 2.765564162634604273e+01 3.908714934769290750e+01 5.292230884190917806e+01 7.236408210823073262e+01 8.503741906058387201e+01 8.545440622160722910e+01 9.357922202516091659e+01 8.588331844242266300e+01 6.588386750103828149e+01 5.174175074903288163e+01 4.174175095549844627e+01 5.584400921352775526e+01 4.849318202425806845e+01 6.849282278487979170e+01 6.264380035825197268e+01 4.249606085083735962e+01 2.832976148063533017e+01 4.839711169302667315e+01 6.673624796501214007e+01 7.014359782428715562e+01 6.406044328077538808e+01 5.570055602422247176e+01 4.225166479700525457e+01 5.387982548715570630e+01
5.400116699474644832e+01 5.983350831183411600e+01 4.750104433176832686e+01 2.765918012710784879e+01 4.165011150182849775e+01 3.275948285546741090e+01 1.283276699602556015e+01 3.173437067839336123e+01 3.672274796652408924e+01 4.838043101702603366e+01 3.818472122449870909e+01 5.454352040720375072e+01 5.075482171101882045e+01 3.112805932083161053e+01 5.075482171102314055e+01 6.062937086145606003e+01 6.563829650596461818e+01 6.563829650596461818e+01 6.608463272710055492e+01 8.545440622160722910e+01 8.397875872514708817e+01 6.397919919781775633e+01 5.243220021936148356e+01 4.806630627464146954e+01 6.806617458033920798e+01 6.263529015156736790e+01 7.677590500356397740e+01 6.479204260265980508e+01 4.463302333794056409e+01 3.045799903700061861e+01 5.053760514473030696e+01 6.306541566509167751e+01 7.469902141015245434e+01 8.212366533464218321e+01 6.190368290933368201e+01 4.761740208290053999e+01 6.782597864623365069e+01
