LEM/with_lateral_4open/elevation_000097.asc
nrows	100
cellsize	150.0
xllcorner	0
ncols	100
yllcorner	0
NODATA_value	-9999
[rows 68 to 84 of 100, columns 0 to 36 of 100]
5.009162696260269221e-02 2.005009162696224578e+01 3.302770380565588937e+01 4.131197505311749296e+01 4.578962546658917887e+01 5.421193718129296713e+01 5.649319590271608860e+01 6.492950805906104961e+01 6.624370329276042924e+01 6.126637621257312816e+01 4.149036196046588998e+01 3.070021602447637576e+01 4.457287748643084058e+01 6.439484252949476684e+01 7.213772221233411130e+01 5.634707279652386802e+01 7.213772221233411130e+01 6.038796961978266609e+01 4.097009654297463754e+01 4.060509796156620155e+01 2.329253379788293188e+01 4.360836335214509774e+01 6.202140852030699136e+01 7.097698917302638222e+01 8.311009827343075074e+01 7.686467157629161306e+01 5.715490268455852174e+01 6.292775915136711973e+01 4.592101655511991254e+01 6.265765166606859538e+01 6.074828044717696685e+01 5.324163883198508529e+01 6.201135999316167613e+01 7.332396960885556325e+01 9.317194485749219268e+01 9.631849191587487269e+01 7.673126627701144287e+01
4.695337527364121244e-02 2.004695337527328647e+01 2.673115736577116763e+01 3.034271293914084922e+01 2.562455779153735591e+01 3.995328254761501796e+01 3.623602184779485214e+01 5.600877454266615985e+01 6.508899129302164965e+01 6.949407465607266943e+01 5.738293757402446715e+01 3.757166966009108933e+01 4.674091231368796429e+01 6.656443568891675966e+01 8.303165885067851093e+01 7.506868296630311477e+01 7.317767321922993062e+01 5.922048708465780464e+01 4.584050473884000354e+01 2.593859177566267604e+01 4.346835764279862957e+01 3.323804290158212638e+01 4.081074015317960146e+01 5.231789862669081970e+01 7.431282878382140211e+01 8.510046162076484677e+01 7.686467157629161306e+01 7.215310680849260905e+01 5.240949743980338837e+01 7.215310680849260905e+01 8.046443027544322035e+01 6.456125974271500922e+01 6.201136001335220982e+01 7.332397319473908226e+01 9.317163989072663810e+01 9.893066207519257205e+01 7.924385261501537059e+01
7.614146464036156137e-02 3.364120657323544261e+00 6.697446524526449174e+00 1.028949067691713459e+01 1.406884340720504944e+01 1.984083212962753962e+01 2.740208837687444898e+01 3.637482471388568683e+01 4.803294034570305371e+01 6.840844744171924674e+01 6.560728511601546131e+01 4.746560602031671294e+01 6.560728511601546131e+01 7.479598504640028978e+01 8.229519086575918152e+01 7.250985398178272590e+01 6.438203916374436631e+01 4.541784831308617498e+01 3.139004148629559410e+01 4.587966151538098813e+01 2.889551623526427093e+01 4.869557037702307412e+01 5.967923458976650153e+01 6.976756970838594896e+01 7.965460010642939892e+01 8.340107750179306834e+01 9.109125592610774902e+01 8.042729548416241414e+01 6.223959987186544396e+01 7.872928233276500976e+01 9.257351320212431744e+01 8.429492704893171151e+01 7.075905916486721026e+01 8.998717025529606417e+01 1.014816377065191944e+02 1.073434910788106436e+02 9.893066209685417789e+01
2.352828262072655108e-02 1.971055034173468457e+01 1.813833311744966537e+01 3.032148615355173504e+01 3.414731821617096585e+01 2.260129283616306139e+01 3.158290208161725587e+01 4.327936873268122042e+01 6.369637856679467092e+01 7.685592585205424143e+01 7.552929887864577552e+01 6.730026912773217873e+01 7.552929887864577552e+01 8.798286837272577543e+01 6.841458107620307771e+01 5.461807859834076595e+01 4.477900793600391438e+01 3.727921793249772975e+01 5.116547228861957564e+01 5.682084327416527003e+01 4.869557037702307412e+01 3.183708574598851015e+01 5.156147246971801934e+01 5.621509923484659765e+01 6.988048398880627587e+01 6.526526976616862896e+01 8.340107750179306834e+01 9.033644659895303164e+01 8.207445974883719941e+01 9.042475436185448245e+01 1.069184895900137775e+02 9.888620395720499801e+01 8.472267329531538849e+01 9.889148993173574809e+01 1.005450911824011513e+02 9.233725721156230293e+01 9.233725499297392503e+01
6.786455232800275850e-02 2.006786455082112042e+01 3.723603811967721811e+01 4.191001077396772700e+01 5.030126411415069043e+01 3.422046277092014321e+01 5.129526322954819761e+01 6.034302585198297919e+01 7.211520789346313620e+01 7.805954139831602845e+01 6.972362642290008239e+01 7.234311202294195198e+01 8.067423675937909877e+01 8.934308329609515908e+01 6.976332906483204965e+01 5.597059847848012737e+01 4.614290284917586860e+01 4.718044028275938473e+01 6.509847389468068002e+01 6.734903410221703268e+01 5.467470126804970221e+01 3.498491344160391492e+01 3.577721870253232339e+01 4.325893565691953313e+01 5.199675933434726005e+01 6.921429860279128832e+01 7.692267325112466381e+01 8.985956268838893379e+01 8.708759818862043289e+01 7.786842456430206028e+01 9.014550748989316276e+01 1.085904318634979688e+02 1.047146768620693820e+02 1.068104063129038224e+02 9.233725721156230293e+01 7.267505504483477807e+01 7.267505504077519163e+01
3.257643153035955086e-02 2.003257643122712395e+01 3.526623726539248338e+01 4.399045753169789208e+01 5.622730853169069576e+01 5.460688573073517205e+01 6.308798880884753402e+01 7.608887006138637332e+01 6.852625610116110977e+01 6.017111308598365582e+01 4.945968554940257178e+01 5.209316152158938706e+01 7.234311202294195198e+01 8.159654493198992498e+01 8.365170964739053261e+01 7.386496213890818296e+01 5.597059847848012737e+01 6.104004030361876687e+01 7.489816689267254901e+01 5.924016013920218882e+01 3.960337896588769269e+01 5.467470126804970221e+01 5.507101574443807834e+01 4.016746921055608510e+01 5.865258502742153723e+01 5.028086497640178010e+01 6.379331386885991151e+01 7.925808259294969105e+01 6.889177406281849869e+01 7.640018370857499974e+01 8.805170324579056285e+01 1.063012069574563867e+02 1.035248248950663026e+02 9.858823070131042243e+01 7.888472474977795912e+01 6.758327393204973532e+01 5.880877957902100661e+01
1.880098487986705744e-02 7.092619430776632150e+00 1.471878765236037090e+01 2.675352216451758736e+01 4.843202935890336391e+01 5.536084231102600484e+01 6.359903932640457214e+01 5.587208276128788498e+01 5.587208276128787787e+01 3.990974387110075128e+01 3.776344345681365411e+01 5.802423470474360556e+01 6.881656501150040128e+01 6.138962243200760582e+01 7.565105740479877738e+01 8.365171712800112402e+01 6.976332906486076979e+01 8.058675088605512826e+01 7.638486798269205735e+01 5.688974511927720812e+01 4.301021309428664097e+01 5.688974511727253969e+01 6.797712473861322735e+01 6.022501704376870890e+01 4.478984957478091644e+01 6.429573609441752069e+01 5.633293283052907441e+01 6.078984038942430601e+01 7.926182908443655606e+01 9.338197023914800354e+01 1.011821071834284140e+02 9.766769129691883222e+01 8.346900390237902911e+01 9.766769129691883222e+01 9.540974721219571109e+01 8.661007311361792915e+01 7.843398072640840724e+01
2.900726248362994752e-02 1.417114288621470486e+01 3.417114288621540652e+01 4.410693949828657878e+01 5.211041960771929382e+01 3.545778316674824282e+01 5.211041960771930093e+01 5.587208276128787787e+01 3.563852852785034742e+01 2.827594022301902044e+01 4.847320561948272655e+01 6.285518183218049870e+01 4.855518471812688830e+01 4.704028484139544730e+01 6.730809300534150452e+01 8.201632481488559279e+01 8.934308343279286646e+01 9.450486653312282215e+01 7.493007243742023604e+01 6.622719478321873510e+01 4.669272903980938594e+01 6.622719387013947312e+01 8.452569716474036454e+01 7.279956587241397870e+01 5.458721871376072698e+01 5.862668750651062055e+01 7.500381836455417783e+01 7.390575278656567093e+01 7.589664534726348677e+01 9.423520871236927121e+01 9.626442827986288364e+01 8.870248454692593043e+01 6.931846962048230409e+01 8.870248454692593043e+01 9.839612678188943562e+01 9.107079071742512610e+01 8.286771570191312719e+01
5.081304048347550645e-02 1.431093190708564400e+01 3.449128684879966755e+01 3.607917435465527234e+01 3.326628128332965417e+01 2.399404857041159644e+01 4.369360900129435521e+01 5.614992375691575432e+01 4.296238249780200391e+01 2.292374192497806717e+01 4.194389865809343831e+01 4.683856431061732195e+01 3.424690936868726965e+01 4.327953977489605819e+01 5.342998719721627054e+01 6.778099271296572681e+01 8.794704118123966907e+01 8.873073078478842035e+01 6.921366492920957114e+01 5.546984159393689140e+01 5.162292221065882813e+01 7.109528540242138206e+01 8.717974219807410918e+01 8.276771495615879815e+01 6.837900157275601032e+01 7.250831759266273480e+01 8.695831374690050097e+01 9.219253818134534129e+01 9.423521302908883968e+01 9.041159019523820461e+01 7.622163269178639666e+01 8.038782560813372413e+01 6.037393378721883153e+01 7.004090180594673143e+01 9.007116006459318669e+01 8.286771570191312719e+01 6.317112904104841675e+01
4.469920835086939326e-02 2.004469920822908335e+01 2.299871117089312733e+01 1.759085937084563511e+01 1.336170640693272560e+01 3.326653680103481037e+01 4.408815414132604360e+01 4.309667566582821507e+01 2.894662703591404807e+01 1.855806569415928564e+01 2.180306458146601045e+01 2.665766862900683520e+01 4.683858195873416008e+01 5.952596525628008806e+01 6.594349035356941613e+01 7.428936674188341271e+01 8.332869458026146958e+01 9.495375105181388165e+01 8.306379318832325964e+01 6.519220889291723608e+01 6.538799651741226171e+01 5.959106317899107808e+01 7.330675472174053198e+01 9.285404917792062918e+01 8.855211193931685898e+01 9.282344515254877138e+01 9.372746713533774710e+01 1.020544149594706909e+02 9.196147541704523576e+01 8.039244703088809274e+01 6.207409360781127106e+01 7.371652268130890207e+01 5.370744533203157545e+01 7.371652268130890207e+01 8.442434307938978577e+01 8.286771570191312719e+01 6.317112904104841675e+01
2.324776005098762310e-02 1.485792608305097184e+00 2.952263758514589664e+00 4.430706300369283035e+00 2.448233990551332084e+01 2.823809925156400524e+01 2.394543860813474012e+01 3.147359078076932093e+01 1.490637678907186192e+01 3.499887826261046087e+01 4.194399007701599658e+01 2.847973958957135565e+01 3.366211419236478264e+01 3.924862260347013176e+01 4.564949410484157255e+01 5.474383009070508166e+01 6.647829446547099508e+01 8.665081736198969509e+01 9.283803645917798519e+01 7.892231857571357523e+01 8.487389963299136753e+01 6.928316079212329726e+01 7.330675472174053198e+01 9.285404917792064339e+01 9.927557885264164383e+01 9.047583951610894815e+01 7.369281317491480365e+01 9.047583951610894815e+01 8.364165836678206745e+01 6.362145447038920310e+01 5.207375677844638062e+01 6.265048089947703147e+01 4.854328870617175795e+01 5.610270162082089485e+01 6.765043174094975598e+01 8.767453045596157324e+01 7.712095987923683538e+01
8.699724428260374731e-02 1.742035755823691190e+01 2.285907555231607802e+01 2.448251907933467564e+01 6.612885197283199012e+00 8.174622804064703985e+00 9.775904308522513020e+00 1.139811845562060100e+01 3.147359902521308328e+01 4.294788263127617967e+01 5.704627047518152949e+01 4.867611532073836855e+01 5.390204228206011550e+01 5.952596525628008806e+01 6.594349035356933086e+01 7.428936673849122485e+01 8.127820240956958742e+01 8.980298256881179952e+01 9.916121354476734950e+01 9.853910124167180129e+01 8.878088863608776649e+01 8.878088863608776649e+01 9.285404917792064339e+01 1.010527296744076295e+02 9.095151781989733308e+01 7.091865681536418720e+01 6.214349629681096587e+01 8.216045427816652591e+01 8.836360864241632385e+01 6.833768638865356593e+01 5.419279841525275287e+01 4.264481418721212691e+01 6.265048089947703147e+01 7.611361167256991678e+01 8.442434307938978577e+01 9.599663010105054184e+01 8.387306600450698113e+01
2.249585233037712170e-02 1.570759058719812629e+01 3.682334622060581353e+01 2.667113517409978485e+01 2.667137139642116139e+01 1.634200131314364768e+01 2.984510117551538499e+01 3.147359902521506569e+01 1.450273186078569232e+01 3.459206893080732925e+01 4.120386168694272300e+01 4.413429621394309521e+01 5.288889851247925833e+01 6.774489640899901133e+01 5.899267894908867049e+01 6.382268217668449495e+01 5.989964352687699289e+01 6.962609285301311957e+01 8.632921213759976808e+01 9.678257088669170116e+01 1.085020622701159283e+02 9.320430116259637998e+01 8.490221215732377402e+01 9.320430116259637998e+01 8.853940026382234407e+01 7.459475530349564565e+01 5.458408139649989010e+01 7.459475530349564565e+01 8.417882650115055299e+01 7.355564520778310111e+01 5.354366834879353831e+01 3.939982573580044800e+01 5.940510975405083371e+01 7.415592164003028586e+01 8.246538790866085833e+01 8.966111293785772318e+01 6.979463107343163131e+01
2.739267172789772165e-03 2.000273926717243356e+01 3.836641231204463764e+01 4.681102604878094553e+01 3.644524855181096257e+01 3.053582945925046133e+01 4.480186660679971311e+01 4.076229736837551343e+01 2.155747599196635278e+01 1.783618244299398725e+01 2.058369609360926233e+01 2.341299495484222959e+01 4.413429621394133306e+01 5.268033416376498224e+01 3.758647629840993432e+01 4.222225107978976411e+01 4.791171842747261422e+01 5.619958072831236962e+01 6.721600745605711325e+01 8.835275297719341836e+01 9.247449175800353771e+01 8.321983336102246653e+01 6.496396160646987994e+01 8.321983336102246653e+01 8.022488532216608803e+01 6.020505969246934797e+01 4.903685721865617353e+01 6.904479293209088553e+01 7.586777743084756764e+01 5.585120674097195348e+01 5.631822650260253482e+01 3.631421817922027628e+01 5.631822665998942057e+01 5.414287155360734261e+01 7.415592163373439405e+01 8.988223293804914249e+01 8.198867520638084727e+01
8.327778614586213435e-02 1.008327778685186615e+01 2.422541474987591315e+01 4.422564202121446186e+01 5.662546244905192339e+01 5.071198954169339856e+01 5.531487457933273078e+01 3.496191233322917924e+01 3.660502497266275412e+01 2.255271361861849400e+01 4.075583900456111053e+01 4.413429621394309521e+01 2.763597211322301916e+01 3.157678038029866840e+01 5.268033416376498224e+01 6.382268217669323462e+01 6.962609285301526540e+01 6.573304047428402441e+01 8.632921213759976808e+01 9.678257088669170116e+01 8.417200808229456754e+01 6.421757273271497013e+01 5.498190772606740495e+01 7.493308688189684119e+01 7.803250325859177394e+01 5.801609627393251145e+01 4.387286031069048420e+01 5.770480956630652969e+01 6.600331436229888027e+01 5.781719253808738301e+01 3.952060347269203078e+01 3.333676464712893051e+01 3.999949696802233490e+01 5.000009359627984651e+01 6.154812293398192224e+01 8.156682571668545734e+01 7.870658452757621149e+01
6.510866554257997707e-02 2.006510866554222616e+01 3.189326441206567964e+01 3.896433222393162765e+01 4.724860347139382810e+01 5.879560885518654345e+01 6.338302253772435790e+01 4.929826194146921381e+01 4.229480332101144313e+01 4.248061765309250148e+01 3.014196259305698433e+01 4.997789563113748557e+01 4.854158675807070011e+01 3.458241455697782385e+01 5.582916048915391372e+01 7.225642639316886573e+01 8.087142219380324093e+01 8.694818948029721639e+01 9.541172719781548039e+01 8.965565274049640720e+01 8.198605510472999924e+01 6.203606221109816943e+01 4.790169852971983744e+01 6.787927984501945389e+01 6.670197295550410388e+01 6.360998248971267799e+01 5.770480956630652969e+01 3.770375512894224812e+01 5.204765707688994070e+01 4.952246023749753334e+01 2.954076431138123127e+01 4.952245977611409700e+01 5.289589211768536359e+01 6.045459925173085480e+01 6.874172623359521594e+01 7.873025232089617020e+01 8.669814499945117348e+01
8.953482861371392376e-02 5.863037520509996270e+00 1.189326441206532259e+01 1.896433222393092421e+01 3.051133760772364312e+01 5.051133760772435011e+01 6.369840124757254074e+01 6.818696888281100144e+01 6.169969971544631449e+01 5.806540040395579183e+01 3.912846280975804092e+01 4.170499765099479106e+01 6.127888444068737073e+01 4.673547544655897923e+01 4.308602764656134099e+01 5.065910926835753969e+01 6.326634621988957718e+01 8.453710429198591214e+01 8.965565274049640720e+01 6.970016181182128889e+01 7.336206262649888288e+01 6.272109052957547703e+01 4.269424950192474455e+01 5.585194072734338278e+01 4.666374574203360481e+01 4.349945316144621188e+01 5.769642721883818837e+01 5.204765707688994070e+01 3.206527550964096207e+01 4.670714096228271472e+01 2.705893309042624750e+01 4.347900154937121187e+01 3.291857925250926797e+01 4.045479997108486003e+01 5.045188586296087152e+01 6.459563594646938611e+01 8.459168202407170156e+01
