LEM/with_lateral_4open/elevation_000227.asc
nrows	100
cellsize	150.0
xllcorner	0
ncols	100
yllcorner	0
NODATA_value	-9999
[rows 68 to 84 of 100, columns 0 to 36 of 100]
5.009162696260269221e-02 7.609381087147114364e+00 2.175151671087831673e+01 4.175151671088821814e+01 5.761142582625547703e+01 5.859251334910814535e+01 6.679073323017752273e+01 6.888382320564249994e+01 6.059307675222909495e+01 6.888382320564249994e+01 6.747882576374917107e+01 5.073294338346933330e+01 5.029380648943345733e+01 4.810568569020156815e+01 4.339151507851240552e+01 5.493840424983083182e+01 7.494549002751186606e+01 7.813383356204813879e+01 6.985020518334297890e+01 7.057831945924424133e+01 5.633942232882073853e+01 3.632326048889151338e+01 3.480832523660414779e+01 5.482576541990984964e+01 7.216218398534738299e+01 8.371300935170613400e+01 8.631342028126377386e+01 6.631114502230617802e+01 7.216967580649495062e+01 5.947340506810986227e+01 7.276079872440180907e+01 6.006421278491113469e+01 6.609074042289775264e+01 8.023497356042253159e+01 1.002424553789836494e+02 9.438410817144068687e+01 7.437217823457339705e+01
4.695337527364121244e-02 3.639059415809132059e+00 2.363905941580877723e+01 3.677248940848753023e+01 3.853439045167947796e+01 3.875902083059457226e+01 5.380122747434704422e+01 6.131331346692353890e+01 6.959605538240992928e+01 8.110594819577920589e+01 7.903177566467211079e+01 7.073864928016378428e+01 6.443804168186461823e+01 6.811045263445600995e+01 5.339123426657913996e+01 7.168570206793768307e+01 8.323962847651644381e+01 9.118241299798832245e+01 8.223247559613550095e+01 6.450883015293750589e+01 4.449794948315270204e+01 5.633942232882150591e+01 3.743912817976789142e+01 5.745382369240386566e+01 7.658435327680743399e+01 8.658876783369083796e+01 9.460768112991713963e+01 8.631342028126377386e+01 8.481846646199463180e+01 6.481458798905383389e+01 8.481846646199463180e+01 7.160822523318222466e+01 8.609502931061255993e+01 8.242336995996294036e+01 1.024320399303219489e+02 1.026701036808671148e+02 9.266527619257432491e+01
7.614146464036156137e-02 2.007614146464000626e+01 8.891316730197990736e+00 1.888587223858374387e+01 3.834372028204592908e+01 2.723667545125384848e+01 3.389834879742083729e+01 4.143995119571523844e+01 5.291258380889731683e+01 7.278892359011273072e+01 7.104934165759119935e+01 7.933353158630924895e+01 8.445080749929692843e+01 8.169127874843492521e+01 7.339755306955646574e+01 8.169127874844431858e+01 9.704098851571373530e+01 7.702865342864410536e+01 6.288022589220345537e+01 5.393186494013122712e+01 6.450883015293750589e+01 6.012791515893668048e+01 4.011684698127083948e+01 4.828782333329532861e+01 5.829201033443363400e+01 7.244037289458398732e+01 9.244888396582422274e+01 1.048297312615620456e+02 8.481846646199463180e+01 7.148113504058120782e+01 9.148713217270143616e+01 9.161364206229400509e+01 9.990937489149781925e+01 1.024320399303219489e+02 1.009437763024589145e+02 9.265691675835853403e+01 9.046948656857361470e+01
2.352828262072655108e-02 2.002352828262037221e+01 2.889131673019763369e+01 1.492153008232270039e+01 1.939362791481909909e+01 3.092699645579289225e+01 5.062200905219401648e+01 6.131331346692353890e+01 6.778791150772191543e+01 5.950424953903885239e+01 5.105265553746242801e+01 6.778791228654728229e+01 7.579405904689285478e+01 6.993615023800951747e+01 7.464925289397605468e+01 7.683708457913459711e+01 8.512337659792126487e+01 9.118241299798832245e+01 8.223247559613550095e+01 7.394142920775314565e+01 6.591834684485746720e+01 4.589542498055002540e+01 4.420378358206878033e+01 6.420994277022438723e+01 7.554909874459765717e+01 8.109689430896187901e+01 8.816750410963059892e+01 9.642906505430946140e+01 9.978231418223130333e+01 8.562680769465042374e+01 8.562680769465042374e+01 1.056352070075188578e+02 1.099137343428503755e+02 8.992247302334931192e+01 8.992247302334929770e+01 7.263079528748457392e+01 7.043880676564533871e+01
6.786455232800275850e-02 1.421000017605907750e+01 3.421000017605977916e+01 3.524933430847512739e+01 3.352053994882626853e+01 4.745772911725951104e+01 5.855162842400804379e+01 5.942956029902327941e+01 5.357233000789215538e+01 3.950748827362669147e+01 3.950748827362669147e+01 5.950424954161802304e+01 5.579685557885883895e+01 4.994016799244070626e+01 5.465325170023606915e+01 5.684050393539391877e+01 7.320344750867518258e+01 8.148924338530864020e+01 9.148938783533043306e+01 8.171153343718582107e+01 6.171295040379362007e+01 5.016099632697566335e+01 6.420994277022441565e+01 5.037819096101826943e+01 5.554402617111156104e+01 6.109403293446656136e+01 6.816879955873567098e+01 8.231464636097355481e+01 1.022975526366485468e+02 1.056352070075188152e+02 1.056352070075188578e+02 1.139378206698191036e+02 1.040562913599594310e+02 8.406805378020784758e+01 6.990146943917176259e+01 6.229103173276192962e+01 5.621157820342262568e+01
3.257643153035955086e-02 1.417471205526143407e+01 3.417471205526214106e+01 4.985007761613101707e+01 5.345764502285121722e+01 5.783606952188891626e+01 5.478594746330442433e+01 3.943192110340784495e+01 3.357477198989361966e+01 2.796107402727365354e+01 4.795911403953246577e+01 4.597811785826317532e+01 4.990005963502116515e+01 3.579984762701318601e+01 4.051400057684629985e+01 4.654384653768258318e+01 5.320886140656166674e+01 6.320470802150845202e+01 8.320218699584196997e+01 8.997119056477896493e+01 7.488029017039136193e+01 5.487663144631385848e+01 7.488029017039136193e+01 6.452623472606569521e+01 6.671443138960184172e+01 8.109689430896189322e+01 8.109689430896189322e+01 8.450157009382594708e+01 1.044790399106738334e+02 1.123956868287532131e+02 1.040855935047219418e+02 1.032913137999793349e+02 1.054919194394865798e+02 9.820646786758078406e+01 8.235524495453982752e+01 8.235524495453982752e+01 7.630565704814657124e+01
1.880098487986705744e-02 1.001880098487978010e+01 2.156580636867209222e+01 4.156580636867138168e+01 4.032341342940885909e+01 3.852124249281506962e+01 3.852185683848679787e+01 2.650389437611563181e+01 1.943301674254038147e+01 3.780501757046759792e+01 4.063329620054872038e+01 2.597962631736868744e+01 2.990200213951424502e+01 4.990005964069678157e+01 6.050994485116166288e+01 6.653858547463741502e+01 7.320344750867518258e+01 8.148924338530864020e+01 9.148938783533043306e+01 8.752538641177511636e+01 6.753173373437165594e+01 6.120461115836534560e+01 8.120495386365678314e+01 8.452525182448094654e+01 8.671067912206859774e+01 9.497174142517482665e+01 1.010753379094618509e+02 1.044790399106738334e+02 1.091957270104594500e+02 1.007657439569603923e+02 8.390829153677361774e+01 8.311184465469459326e+01 8.532080610686011823e+01 1.054919194394865798e+02 1.023577477934354647e+02 9.909827915249768182e+01 9.014616049317258728e+01
2.900726248362994752e-02 2.002900726248327601e+01 2.337729654948685010e+01 2.475835424366552218e+01 2.032548367916578513e+01 2.762296132756002720e+01 1.904726914724320253e+01 1.236193586063681948e+01 1.505873533151784294e+01 1.780594672273494083e+01 2.063437440970292158e+01 2.563439558343818092e+01 3.079572019753474166e+01 3.632114021523874925e+01 4.435673450023750775e+01 5.309384083670578747e+01 6.450332615909819367e+01 7.872769196334922981e+01 9.894087518355114241e+01 8.752538641177513057e+01 8.752538641177511636e+01 7.015317752460485679e+01 7.753886815110006125e+01 9.751716463784208599e+01 1.006643467108175400e+02 9.233843903159242927e+01 1.006643467108175400e+02 1.032689562831138375e+02 8.905169154911465057e+01 9.243622274071618961e+01 7.223630007592988989e+01 6.881770158579628571e+01 8.814983836519934357e+01 9.648478051313632875e+01 1.049598604945184377e+02 8.493252154749735894e+01 7.078919430493751008e+01
5.081304048347550645e-02 2.005081304036514211e+01 3.368335014578264897e+00 4.758431108292090705e+00 6.183372108050277483e+00 7.623003609547660098e+00 9.073956109767696177e+00 2.907811436081471257e+01 3.505793601687626904e+01 3.780502155765086059e+01 4.063329620054872038e+01 3.696369323956790964e+01 5.055080044231785763e+01 5.019854289768330347e+01 5.022732716569048250e+01 7.008735558223911255e+01 8.136600110159969290e+01 8.739804041601608731e+01 9.555209437457065746e+01 1.074768640214706039e+02 9.839788711666066945e+01 8.170322568037444455e+01 9.751716463784208599e+01 9.393966457863885466e+01 9.058713025727948320e+01 7.216167435169198541e+01 9.058713025727948320e+01 9.319078379421013381e+01 7.476357984762776709e+01 8.833959073571064380e+01 8.077379207207667378e+01 6.057115747889832136e+01 6.795011386644375762e+01 8.224036764904440133e+01 1.024165627145875135e+02 9.909827915249768182e+01 8.892668485944520285e+01
4.469920835086939326e-02 1.411871062400194665e+00 2.139356978222512851e+01 1.182949867600535754e+01 2.618331099458846012e+01 2.762296132747953692e+01 2.907811436081471257e+01 1.178309795595192000e+01 3.178769674764973985e+01 4.283569637306242583e+01 5.284211978226920081e+01 5.696115594862420295e+01 6.524558982845010746e+01 7.000726715677923551e+01 7.008735558223911255e+01 7.841824748355392671e+01 8.027405053110140898e+01 6.813125142424502201e+01 8.435758211614356128e+01 9.555209437308595000e+01 1.099154997934022049e+02 1.016791121985521187e+02 8.802084122036865210e+01 7.377814726492670161e+01 8.225005669164217181e+01 6.208197531474294095e+01 8.225005669164217181e+01 8.485766139145395925e+01 6.465921095565904864e+01 6.814680568470154753e+01 7.537441086040517746e+01 5.517311680321226675e+01 6.945877609959698873e+01 8.965601652999409055e+01 9.285641953383330360e+01 1.011721782481663894e+02 9.722549274397006513e+01
2.324776005098762310e-02 2.002324776005063356e+01 1.773983657700896188e+01 3.181882227016446407e+01 2.337610813208100424e+01 4.333518947734889792e+01 4.007569864266974946e+01 3.178798821806888597e+01 1.454336019998859264e+01 2.454422417192767369e+01 3.869272382884899741e+01 5.870441834754345223e+01 6.377470595936244990e+01 6.406223590356106001e+01 7.212692024036152816e+01 7.470426855307856329e+01 6.102670416852034663e+01 5.705388819135097123e+01 6.813125142424502201e+01 8.739804041601577467e+01 9.735970964422983798e+01 8.904627805747173852e+01 7.968331896462976260e+01 5.953118386946721330e+01 6.693798964231901039e+01 5.538349705346810481e+01 7.552736289934237846e+01 9.206298751579286943e+01 7.406113520150081797e+01 5.386447587743161591e+01 6.544995646132701950e+01 5.096649640558852923e+01 7.116214986669119469e+01 8.953830453715701765e+01 7.267512392421402012e+01 8.953830453715701765e+01 9.395136201137451337e+01
8.699724428260374731e-02 2.008348245886283578e+01 3.770215771423367102e+01 4.589666553676396887e+01 3.491943529560334980e+01 5.149471805097318367e+01 4.800253374430626252e+01 2.810022047103871756e+01 1.655343584629437714e+01 3.656005807760359971e+01 4.199193073398372889e+01 4.453323610425513124e+01 4.431232629943993118e+01 4.456249926021814645e+01 5.632679786177076409e+01 6.001562476832300064e+01 4.728058938713117954e+01 5.705388819135096412e+01 7.061793038141519219e+01 8.993017068078752629e+01 8.904627805747173852e+01 6.889315895384135047e+01 7.479587086884491498e+01 6.693798954929467016e+01 4.683123673763568462e+01 6.693798964231901039e+01 8.240604051294320698e+01 8.377196818422736158e+01 6.359463280471432967e+01 5.349793840179434312e+01 4.527323484718676383e+01 6.544995646132701950e+01 7.875613708693569492e+01 7.041093160978253707e+01 6.101137086961589517e+01 8.120474308102413374e+01 8.567413756046082085e+01
2.249585233037712170e-02 2.002249585233002094e+01 3.300531236381682021e+01 4.455524176787941570e+01 5.479397841155504523e+01 6.254215562495891589e+01 5.616084403520515878e+01 4.474890313186988067e+01 3.655991980796250118e+01 1.950227528067879845e+01 2.198297102521745217e+01 2.452297760846935404e+01 4.320391987463671768e+01 3.308379221568164041e+01 3.667599522147321522e+01 4.045473850587219999e+01 6.001562476832300064e+01 7.470426855307856329e+01 8.435758211578215082e+01 8.641939569042486369e+01 7.808930920993320512e+01 7.479587087723459149e+01 5.466190048511926136e+01 6.244188508401356330e+01 4.235266110118917737e+01 5.393246824679116713e+01 7.406619634904997440e+01 9.206298751750709641e+01 8.195100956808711601e+01 6.243478662831638104e+01 4.228289535803042298e+01 6.244071801570172653e+01 6.249437058046873261e+01 5.022758202527278826e+01 6.187658690748357060e+01 8.206906327777605270e+01 8.412531320617659958e+01
2.739267172789772165e-03 4.716784475117390407e+00 1.626381929913133462e+01 3.626615971113869108e+01 4.985545937804116079e+01 6.145335052932154696e+01 6.375817025714167841e+01 4.365826639708238588e+01 2.950382519525234315e+01 2.421635695458661885e+01 4.199193073398372889e+01 4.453323610425513124e+01 2.830267450428426201e+01 4.844371684415411750e+01 5.632679786177076409e+01 5.931482337926379955e+01 5.101988296604916684e+01 6.470022755157650352e+01 8.397513843317507565e+01 7.808930920993320512e+01 5.795293097669237170e+01 6.385073961267140419e+01 6.403381101099348882e+01 4.393684205642450280e+01 3.834688995167081771e+01 5.842410861348630391e+01 7.519293443090330697e+01 8.352329030544888155e+01 7.380222259140666097e+01 5.361993043298159733e+01 3.939050135459824276e+01 5.558127351133606453e+01 4.233940237307217558e+01 5.658213888752422349e+01 7.676776051746733742e+01 9.040130412829846307e+01 9.240395801871108006e+01
8.327778614586213435e-02 2.008327778614550851e+01 1.256143107417705629e+01 2.150574882922965614e+01 3.305443449442230275e+01 5.313099441285562108e+01 6.368571327958491679e+01 4.365563316443963515e+01 4.952230780245586317e+01 3.836454570756048099e+01 3.152043644567200431e+01 5.153478684233081708e+01 4.844371684415411750e+01 3.497016994986026361e+01 5.521845338719071350e+01 7.131738392837654317e+01 7.034571824203038659e+01 6.680351692617189485e+01 8.610670666381595595e+01 7.885665337204389402e+01 6.385073961267140419e+01 4.375321113683978780e+01 5.310815877303157606e+01 5.455795134633106613e+01 3.449173862674727786e+01 5.456023723959694394e+01 5.506107838787474407e+01 6.773982331832750958e+01 7.607184529996679601e+01 6.788139933939508808e+01 5.558127351591048182e+01 3.546167433092426791e+01 5.558127351814729167e+01 6.442903043435045163e+01 7.080185886670680873e+01 7.878085032419426170e+01 8.732352159290100246e+01
6.510866554257997707e-02 2.006510866554222616e+01 3.256610729829505146e+01 2.410865190240912526e+01 3.825387209391645627e+01 5.827937541657367149e+01 7.199799077584509632e+01 6.368571327958491679e+01 6.666758238218750421e+01 5.708645740976670169e+01 3.706962451439228090e+01 5.708645740976670169e+01 6.375739553202007670e+01 5.521845338719071350e+01 4.253723316911323593e+01 6.298193392851898409e+01 8.268072735032583864e+01 8.610670666381595595e+01 8.806299649065958590e+01 7.052110492084716498e+01 5.040126776854988577e+01 3.882437095455949816e+01 3.304175996266496185e+01 4.691364455164001868e+01 3.128413069042504091e+01 5.134730901651963819e+01 4.347217872774271541e+01 4.763135686010816983e+01 6.773982331832750958e+01 6.748334140122956626e+01 4.732105582791211162e+01 3.311664136099882683e+01 5.322645241544380212e+01 4.510959498881246788e+01 5.168337324648432940e+01 6.030922308170744373e+01 7.367986054978355526e+01
8.953482861371392376e-02 1.423167045234478856e+01 3.423167045234549022e+01 4.411920622044900142e+01 4.411920622044900853e+01 6.415377190811167907e+01 6.203354797617486582e+01 6.422140289154657466e+01 7.250666476871688815e+01 6.537519655260372531e+01 4.707909723942834290e+01 4.973075516147998343e+01 6.974384987349358767e+01 7.158795396645696485e+01 5.421314260313821620e+01 5.333201748131052966e+01 6.521023677152389553e+01 8.615665958543930003e+01 7.973212004548972232e+01 5.958418922288946362e+01 4.954067887839657658e+01 5.890491152491475901e+01 4.103151797296350622e+01 2.686226602949256659e+01 4.342473210869925282e+01 4.532809678301823908e+01 3.345252654508590950e+01 4.763135686010816983e+01 6.773982331832750958e+01 6.971964344320352325e+01 5.093472686260514593e+01 3.083316926159266558e+01 3.661534690675060233e+01 5.511848613070328895e+01 6.360951227555032972e+01 7.878085032419424749e+01 8.732352159290100246e+01
