LEM/with_lateral_4open/elevation_000400.asc
nrows	100
cellsize	150.0
xllcorner	0
ncols	100
yllcorner	0
NODATA_value	-9999
[rows 51 to 67 of 100, columns 37 to 73 of 100]
6.425738243909452763e+01 7.027303258243512118e+01 7.723124675922345261e+01 8.617033675325666309e+01 9.696946255592919783e+01 8.894417914042297468e+01 7.047222190405018694e+01 6.504211275394176539e+01 7.412267786163815231e+01 9.435073410630207036e+01 1.006910049348234253e+02 9.001405118094265845e+01 1.043178978372157530e+02 1.244439357096759835e+02 1.441941535425584107e+02 1.341951251342813123e+02 1.260103251542559519e+02 1.260103251542559519e+02 1.167079584483802108e+02 1.084863382699870016e+02 1.101891939081303491e+02 1.019611444247331917e+02 9.272048313265698027e+01 7.254830835956271073e+01 5.804135776127091617e+01 4.870657665990063379e+01 6.835780046199319315e+01 5.353441913296368426e+01 5.780341932151960549e+01 6.245267980008119935e+01 7.424396068663213555e+01 9.437453612948583270e+01 8.882141894657063119e+01 6.846850858778940108e+01 6.082237122619319081e+01 8.123342140939540457e+01 8.361235936632428434e+01
7.137290427878490107e+01 7.808184651794643116e+01 8.325749573057086650e+01 7.616517974064576890e+01 8.449466714163129666e+01 8.034176808933764846e+01 6.031566323913511241e+01 8.059354813035433551e+01 9.364672007611933680e+01 9.064815499908736740e+01 1.108258789657518548e+02 1.102005480055619415e+02 1.043178693408517574e+02 1.159785375545171462e+02 1.360046075873947871e+02 1.223481926057814633e+02 1.141434514027118752e+02 1.223481926057814633e+02 1.051854119132831755e+02 8.848359891256195908e+01 1.051854119127107055e+02 1.054919579131109089e+02 9.728342927853634592e+01 8.676299867166402180e+01 6.732421860879310316e+01 4.668610529607821746e+01 4.773498115858205182e+01 6.835780042563652614e+01 7.821305685066897695e+01 7.424396069057786463e+01 9.103557283044017368e+01 1.026194431540985761e+02 9.203295080873191125e+01 7.442973801499468323e+01 5.391833172391194751e+01 6.694003140714183075e+01 6.319301120415690320e+01
6.172139627278563978e+01 5.758385509816072556e+01 6.476390857008439639e+01 5.676329480277664885e+01 7.468054676647948043e+01 7.351862002147095154e+01 5.729490016136748665e+01 7.164299858904480800e+01 9.188629252409255344e+01 1.108258932333431090e+02 1.145781743629425620e+02 1.115362466845668052e+02 1.080550393784251071e+02 1.163547902520911066e+02 1.279668219143836723e+02 1.123845381845068800e+02 9.416672217905107800e+01 1.123845381845068800e+02 9.693775131744696694e+01 7.685263872245431571e+01 9.406909386902552228e+01 9.728342927853640276e+01 7.716490338094533286e+01 8.305748318887245318e+01 7.569300471194178215e+01 6.452808932391273800e+01 4.388383991219854607e+01 5.854792207152141259e+01 7.896624132178227740e+01 9.437458029968392736e+01 1.026202582149128091e+02 9.797604874238706429e+01 7.768037696215401411e+01 6.323717335128938544e+01 5.290473886371144374e+01 4.632438597100760802e+01 6.161709464411303827e+01
4.166553727196473034e+01 4.335945743051253487e+01 4.507476659095455318e+01 4.681165643018138667e+01 6.700490412310857380e+01 5.325665087609198878e+01 7.351705161788494536e+01 7.757148598697668263e+01 9.778572038734657212e+01 9.944932423575349389e+01 9.438162416445817371e+01 9.132535511696619324e+01 8.783077774962271178e+01 9.952326946472470581e+01 1.197096538197837532e+02 1.041550867908815405e+02 8.410566239076108275e+01 1.041550867908815405e+02 8.934629232014914635e+01 6.918607602034040838e+01 7.394989966633514200e+01 8.813746517923134149e+01 8.305748318887245318e+01 6.272907193556748950e+01 7.219149031354318424e+01 6.279586822597782714e+01 4.215730817737873792e+01 5.413595425588252397e+01 6.869514591644168888e+01 8.894274550637648247e+01 8.754037223381638455e+01 9.582428538367680915e+01 8.782821285246218679e+01 6.746748974685361588e+01 7.343100747462476363e+01 5.561254690922866217e+01 4.094601822241790501e+01
4.329054590160139782e+01 6.336322972382242824e+01 6.522542091383962770e+01 6.700287560294883349e+01 4.935608501316559682e+01 6.958256552450011156e+01 7.566559375477430649e+01 7.872440671150054925e+01 8.185458582515761350e+01 7.921768640590970278e+01 8.006694786300592170e+01 7.701145597756669758e+01 9.724471681907407117e+01 1.163547902520911066e+02 1.114815715031586052e+02 9.747194532417472601e+01 7.740101059258061866e+01 9.747194532417472601e+01 9.572856554856582534e+01 7.984267521629401188e+01 5.952869938638440317e+01 7.216471404711731452e+01 8.049145090081948695e+01 7.219149031354210422e+01 5.167380447578477742e+01 6.109322711162555919e+01 4.045972514482973281e+01 5.509860164121999304e+01 7.555717917906761727e+01 8.410035122948052333e+01 6.710664114335936858e+01 8.410035618910843880e+01 9.623672243862949927e+01 8.782821285246218679e+01 8.453666260824978451e+01 7.007460475873931216e+01 5.667576225912530674e+01
6.339959202138518890e+01 4.670102750791133417e+01 6.683880902554334114e+01 7.786450793358636702e+01 6.958399773458475579e+01 5.284944572365789384e+01 5.538728609130102143e+01 5.843650626823473004e+01 6.156873774294407298e+01 6.486975727974379424e+01 6.836160458716312860e+01 8.006694786300592170e+01 9.438162416445817371e+01 1.145781743629507190e+02 1.032488559978526439e+02 8.320748564651310630e+01 7.157810380977866771e+01 8.457159133287933628e+01 8.745456009270884579e+01 6.724302274894444054e+01 7.095190895596739722e+01 5.168082532708161381e+01 6.513879817960845742e+01 6.401755940047208071e+01 6.301570224234969686e+01 4.239191250246598486e+01 3.877854444540205492e+01 5.341447565993437507e+01 7.392710921720374984e+01 7.574295207856691547e+01 5.498469413925325711e+01 7.574287220572360013e+01 8.697635074642246877e+01 8.914934447235896187e+01 8.081976056852286661e+01 7.718299110285413178e+01 5.667576225912531385e+01
6.930980593251078403e+01 4.915474141699542798e+01 6.340222322735031923e+01 8.359257733154764480e+01 8.148863468473544458e+01 7.311190960043225573e+01 6.445958812580016684e+01 6.366841716036601895e+01 7.592600004907204436e+01 8.514256279494686908e+01 8.861719794301697561e+01 7.577178029267736292e+01 9.008511196556855793e+01 1.102984437854151309e+02 1.074925513075819197e+02 8.765233904312238167e+01 7.346365053261574474e+01 6.438950908053089961e+01 7.874553158454149582e+01 7.095190895633751893e+01 5.042636870050248632e+01 4.744602051169319878e+01 4.454292678341972334e+01 4.209440067756437998e+01 5.706280975453798732e+01 3.640897317642366460e+01 5.480929143340796372e+01 6.324213324866941832e+01 6.623634137339577421e+01 6.840344954483649076e+01 4.774800975522831692e+01 5.809720728105539678e+01 7.865603672360867904e+01 8.081976056852286661e+01 6.029621012322026985e+01 6.630741887462525597e+01 7.472277729778491562e+01
5.401524659812803009e+01 5.293606685769987052e+01 7.308169773562464400e+01 8.695870894638373727e+01 9.850659842998896920e+01 9.308287449347538711e+01 7.617625485639049998e+01 6.979388391731390584e+01 9.005029893321697898e+01 1.044612138617333699e+02 1.027489695760274486e+02 8.251829648466662093e+01 9.229840264716894183e+01 1.124999724969319601e+02 1.132493521552365081e+02 9.346323340570225469e+01 9.281661557344487790e+01 7.874553158454149582e+01 5.843087556296789131e+01 5.499543275748901294e+01 7.095190895576183721e+01 6.801968840586089016e+01 6.465386858461742747e+01 4.786871712488891717e+01 3.867864644620395609e+01 3.639558346684379586e+01 3.411511172395000813e+01 5.298016528063575237e+01 4.566670736693684063e+01 5.443627456784355445e+01 4.150592089267932749e+01 6.187138257458960311e+01 7.310288050277084437e+01 7.902779673580963049e+01 6.630741887462525597e+01 4.534010890147161632e+01 6.630741887462525597e+01
5.775187083394745713e+01 7.308169773562464400e+01 5.861149654264161768e+01 7.022016158921182694e+01 9.029989132316958944e+01 1.047466298157537210e+02 9.641934335951773960e+01 7.886375933777421210e+01 8.413177894476554286e+01 1.044333515165101716e+02 1.110631211532269589e+02 9.263809518992721337e+01 1.027489695760274628e+02 1.207809236815283640e+02 1.093394495432962543e+02 8.933898617543972875e+01 7.772191964073942927e+01 6.867484718856657366e+01 7.285528420380198611e+01 6.687576672700835445e+01 8.371379005795300543e+01 7.984099866656715960e+01 6.163176017312717647e+01 5.880198626733483991e+01 5.331377732689529125e+01 5.704952628343583143e+01 5.298016702399738875e+01 3.223959992823931486e+01 3.091889558247651948e+01 3.425041500771452974e+01 5.442845275903194135e+01 6.699717750335997835e+01 5.261955375777239396e+01 5.861898126012275156e+01 5.931831555024069758e+01 3.844480782654348161e+01 5.931831555024069758e+01
6.227077761158618330e+01 8.247795675678867156e+01 7.870685328121308544e+01 6.511118991178298643e+01 7.926165704128379730e+01 9.921932336358868554e+01 1.073694308221898126e+02 9.055596844731799422e+01 1.044288076304082438e+02 1.128477978836944828e+02 1.211362862644588319e+02 1.128587725698295969e+02 1.211362862644588319e+02 1.311383132186574869e+02 1.175739648015907051e+02 1.060422669706816947e+02 9.708497232537355615e+01 8.881631157646425834e+01 9.296584646216889780e+01 8.705809401602004982e+01 9.533030636932119251e+01 8.749938298856028496e+01 7.984099860653773817e+01 7.821002091032720216e+01 7.380193234141295022e+01 6.894040400479232744e+01 4.832618401590676172e+01 3.393087362932836726e+01 5.014233552681731965e+01 2.933633410571356137e+01 4.862892515331758148e+01 4.756522647112598889e+01 3.794026832093510393e+01 5.861889667225378986e+01 5.329265042072685787e+01 3.278205783478483681e+01 4.593563019300995620e+01
8.247795678622105697e+01 9.074250477086843603e+01 9.000415272801468802e+01 7.010013221992446120e+01 9.000415302803686757e+01 1.064832388202941047e+02 1.145502315913534943e+02 1.107308392330644580e+02 1.189690110219704025e+02 1.168491760886208226e+02 1.085585822720804288e+02 1.105813901496567695e+02 1.105816366335974550e+02 1.188796432570770065e+02 1.247574753290574847e+02 1.147996708829145263e+02 1.065886253916707460e+02 9.950187697559468347e+01 9.315594065710469351e+01 8.736107996903972150e+01 8.341739757405808575e+01 7.966840180135957894e+01 8.795569740484006616e+01 8.575538263832713426e+01 7.744026044666588859e+01 6.806071514157197555e+01 5.648522303506630493e+01 3.602838703936296127e+01 5.648522119836588473e+01 4.862892519619804688e+01 2.780864841099703000e+01 2.674722910993670055e+01 4.607213048851193804e+01 4.510858656404825950e+01 4.422869367807577845e+01 4.461340243389071247e+01 2.544248904262246214e+01
8.373712124013712810e+01 1.037911489623862167e+02 9.817041365469384573e+01 8.159055150945260948e+01 7.937475687374137578e+01 8.677982364372670077e+01 1.007356240344369525e+02 1.203529642826855337e+02 1.079246988832278191e+02 9.962306071916064809e+01 8.847284932217334585e+01 9.050742154563602071e+01 9.050741941970858306e+01 1.105813766095661776e+02 1.165627290129812792e+02 9.661596574712650920e+01 8.654487218424276307e+01 7.943352761821385855e+01 7.308192308614870569e+01 6.725215099497548010e+01 6.322842339573879400e+01 5.934603463967118131e+01 7.458780889742925524e+01 7.744026036003609192e+01 5.687961261393463275e+01 5.961831293299377421e+01 3.895416104659817336e+01 5.043953767423239043e+01 6.494014623602313918e+01 5.575244732167615780e+01 3.393154806412660207e+01 4.607884285903229227e+01 2.527165942213943950e+01 2.431105100659732088e+01 2.335136948520455036e+01 4.144345930821074120e+01 2.064085809977318320e+01
1.037911489623862167e+02 1.119522002439711912e+02 1.093391353659354195e+02 1.011062521171380411e+02 9.622021396714370667e+01 1.064832388202941047e+02 1.145502315913534943e+02 1.138226560794961131e+02 9.374724867285607388e+01 7.942982589833938789e+01 7.674039644961652584e+01 7.615821976624634715e+01 9.050740378567826383e+01 1.105788359765379170e+02 1.247645112389767235e+02 1.148108318806261678e+02 1.048804490639600573e+02 8.484108988948176489e+01 7.584946995738994246e+01 8.736107996903972150e+01 8.341739757405808575e+01 7.458781321110660656e+01 5.401017231570127564e+01 6.973761945774700166e+01 6.290168665879882326e+01 4.200641905268829390e+01 5.357445849808321725e+01 6.806071514157197555e+01 7.944082636897114469e+01 6.420766841637185962e+01 4.556483432455111426e+01 2.898677578123999510e+01 4.601614290523828288e+01 4.508049708321080828e+01 3.401077279419586574e+01 2.198897806614323969e+01 3.244006110246717611e+01
1.004139894512122311e+02 9.207039122922225260e+01 1.004139894512122311e+02 1.049513633711087834e+02 1.122412982850173364e+02 1.105737995945024466e+02 1.022981506567987537e+02 1.105738591754645057e+02 1.011171252136716703e+02 8.094128075828926683e+01 6.639250590579561617e+01 8.094128075828926683e+01 1.011171252136716703e+02 1.133847447200890883e+02 1.216383275535737880e+02 1.211291815726100651e+02 1.012286297660272538e+02 9.591857519602662308e+01 9.006226704481419176e+01 1.041662103903783958e+02 9.266707896475995199e+01 8.289834207353929685e+01 6.973761945774674587e+01 4.887306872711526751e+01 4.542701792202711175e+01 5.687961261335924235e+01 7.131747968249601399e+01 8.254697178506070543e+01 7.713226918180629355e+01 6.533876155820452425e+01 5.241327256208830221e+01 3.167531578227525912e+01 5.239934393591791206e+01 5.421736509852605934e+01 5.073533116613378979e+01 4.277959990944422941e+01 2.927700351773103904e+01
8.795942738560776775e+01 7.169164158537637377e+01 9.025910597744667996e+01 8.205142768202637171e+01 9.871116823178357436e+01 1.005147599363300515e+02 8.212260268890950954e+01 1.005147599363300515e+02 9.690981754590296759e+01 7.665107691852102789e+01 6.198578964171034045e+01 8.258472466998169637e+01 9.870849802184037003e+01 9.333334405808575696e+01 1.059577739383616120e+02 1.142253666859275256e+02 1.211291815726100651e+02 1.158690023443056845e+02 1.100569537601195691e+02 9.857658568116904974e+01 7.851614524216731184e+01 6.418437906285647898e+01 5.757835338522024671e+01 5.110168102072988461e+01 6.041148547528308654e+01 7.477630151923807489e+01 8.575533991272425283e+01 8.193166764600572094e+01 6.878489767278476563e+01 4.824419322635876028e+01 3.624710083138157302e+01 3.690876002720227689e+01 5.758144340702182973e+01 7.330121319981070371e+01 5.881508888565980442e+01 3.808716420278222614e+01 4.997667210375050928e+01
6.751631889524152541e+01 6.136151918112938120e+01 7.715738493891294070e+01 6.875929329193354533e+01 9.010210758225952077e+01 9.221037577463940238e+01 7.185481054679128476e+01 8.203259275893410063e+01 9.038191031188891600e+01 7.862037568775902230e+01 5.792166491953459939e+01 7.000015737310366148e+01 9.039581289174604706e+01 8.164185120169643994e+01 8.582953144222243225e+01 1.059577739383616120e+02 1.077890150084506757e+02 1.160529318463273256e+02 1.112096860890827088e+02 9.123500048977813037e+01 7.701488802495930486e+01 8.439171221316210847e+01 7.680823852618092928e+01 5.633914636432137968e+01 7.680823868896709428e+01 8.914112338495252175e+01 8.367539738445061914e+01 7.361109407981875563e+01 5.313527683928177936e+01 4.115461769833190431e+01 5.692571643115129376e+01 4.247110031393530249e+01 6.309283340284945041e+01 6.983083951836481162e+01 4.922225715550458602e+01 5.881508888565980442e+01 6.724703463242785517e+01
7.350396674353741844e+01 5.288583136400878715e+01 5.627714713247748790e+01 7.111566301578631055e+01 9.174339194581199308e+01 9.638063248927899451e+01 7.608944010915716660e+01 6.144910262947993118e+01 7.395908350973573420e+01 7.496126334837990157e+01 5.423830376406345266e+01 7.496126334842770689e+01 8.262377638903116406e+01 7.137409826085435327e+01 9.172495717597441001e+01 1.044707592280265800e+02 8.768251881865271002e+01 9.618052402081066532e+01 1.044707592280269211e+02 1.053299674342602259e+02 9.708545044974519556e+01 9.323705049873628070e+01 7.311594751106851220e+01 6.267454978095872775e+01 8.290922190359812305e+01 8.965648835807311912e+01 6.944758824354720161e+01 5.491636805928743570e+01 4.643332445312636736e+01 6.178937548411715142e+01 6.902627649631936890e+01 4.847222669247076254e+01 6.902627649642612084e+01 7.819934398545119336e+01 6.121266815268033668e+01 7.819934398545119336e+01 7.302361978202925741e+01
