LEM/with_lateral_4open/elevation_000488.asc
nrows	100
cellsize	150.0
xllcorner	0
ncols	100
yllcorner	0
NODATA_value	-9999
[rows 51 to 67 of 100, columns 37 to 73 of 100]
4.239503194514076512e+01 6.264474917023552791e+01 7.340714945993494212e+01 8.206157663471763897e+01 9.051370503618024088e+01 1.055359984049146931e+02 9.721697288162644668e+01 8.485717567032942554e+01 7.622268372517166313e+01 8.817641394395758425e+01 1.084046698556045243e+02 1.087038167856333502e+02 1.286229565349996449e+02 1.238553234370881881e+02 1.034379015937833373e+02 8.911496605378400204e+01 7.914766372381482995e+01 7.170955946173100415e+01 6.742887058600453543e+01 8.168780378655299046e+01 7.208817170316639533e+01 7.508140960064365288e+01 6.643612910264597815e+01 6.583984054605123504e+01 4.704896717871581302e+01 5.593835873647495305e+01 6.737739727099703657e+01 8.744724682337903232e+01 8.116281823515664939e+01 6.143647108305119531e+01 8.116281823515664939e+01 8.311491440155749899e+01 6.245031364672878738e+01 6.597383401381354417e+01 4.538301290153955847e+01 5.552163392328958480e+01 7.557078353313877983e+01
4.739333258615396716e+01 4.478895998381272392e+01 6.469801110554250556e+01 6.156800220765919107e+01 8.209425343768582195e+01 9.378758931149327793e+01 7.675839083655834827e+01 7.023724825868693245e+01 9.080711766732213164e+01 1.050404617196765997e+02 1.166749336845061578e+02 1.286229565349996449e+02 1.196264574439349531e+02 1.110552692399926542e+02 1.144624879542636506e+02 1.076956891051484746e+02 9.926649602556257435e+01 8.573993925132097615e+01 8.139930679479738274e+01 9.569042875563313544e+01 9.207536929699774930e+01 9.391934166042021559e+01 8.258808150846046203e+01 6.503278944247439597e+01 4.516144619576729013e+01 5.920757708403208142e+01 7.909595633225332278e+01 9.035766075023632027e+01 7.569171391711668662e+01 5.595278602274525781e+01 7.569171391711668662e+01 8.309324157982146630e+01 6.244986224268001251e+01 4.798962479778404600e+01 4.157012739331368323e+01 6.196894163363807451e+01 7.878721057158298890e+01
6.772078825254877188e+01 6.507662729041884120e+01 4.722126904037453698e+01 6.155793817280467550e+01 8.201670744168997373e+01 8.540520503066836966e+01 6.484431484906576770e+01 8.540520503066836966e+01 9.915773177914485359e+01 1.067419146769938720e+02 1.150243348020967460e+02 1.180279031028635899e+02 1.077780491233046121e+02 9.060390279424400717e+01 9.400133183827988148e+01 9.400133183827988148e+01 1.025003728238618237e+02 1.059601169315780140e+02 1.013896822116203396e+02 9.793288506233150770e+01 9.697536139437319491e+01 8.849764480889531626e+01 7.526885538019425326e+01 5.484783832913439028e+01 4.330295145251933064e+01 5.736361691190650447e+01 7.725233883661495327e+01 8.215984597066436379e+01 6.240950612385745444e+01 5.098619012237578119e+01 7.075698194352381165e+01 8.606933082997737472e+01 7.699433272508140647e+01 5.824718690231167528e+01 3.785757172004215221e+01 4.957730395086607444e+01 7.031402999247448804e+01
8.417761627502869715e+01 6.919558823113817425e+01 4.898975106406548008e+01 6.934868222946322192e+01 7.456094478302821926e+01 7.726741736144929007e+01 6.144373751610382328e+01 8.197838985603191020e+01 9.240004789950485531e+01 8.645955847682263595e+01 1.067419208880993580e+02 1.094583965520369588e+02 8.903693808245120067e+01 7.907096028933233356e+01 8.973627640961029783e+01 7.394756143562376849e+01 9.083987664066667378e+01 9.931369656136834578e+01 9.134775497120760690e+01 7.675915515912060982e+01 8.849759068495178838e+01 6.838205498515567626e+01 7.427379099421865760e+01 6.138860970987732912e+01 4.148551640771206195e+01 6.138860970987643384e+01 7.939989079657861737e+01 8.041729964959382926e+01 6.065414851402410790e+01 4.663232404802989350e+01 5.809194530106363175e+01 7.785973116294141505e+01 6.965100334083767564e+01 4.912663411920274825e+01 3.471821515946301417e+01 4.912663411920274825e+01 6.965100334083767564e+01
8.892120357921379536e+01 7.261957712570422530e+01 5.238058818923762061e+01 5.197956051368323926e+01 5.412139893489801779e+01 5.677380942101699191e+01 6.156322770648087328e+01 6.651464130453034329e+01 7.183429151253805856e+01 8.645955842755901699e+01 1.067419014731624287e+02 1.180279031028520791e+02 1.040782284291868365e+02 8.379564537219751230e+01 6.978202075191191511e+01 6.514850636134322315e+01 7.083980872366298343e+01 8.768951060025268873e+01 7.892314266287803548e+01 6.250687313273597567e+01 8.070610551858288773e+01 7.424490178181662259e+01 5.434948045056803068e+01 5.960857432891974383e+01 3.968248569486542010e+01 5.120738322231202488e+01 7.108481480259297314e+01 7.661348399481694571e+01 5.683788140506673159e+01 4.277255798537543541e+01 6.263002130155426528e+01 8.125334234486273033e+01 6.668920416739001666e+01 4.618560306597477449e+01 3.171140253616013283e+01 5.218810942235458583e+01 6.833528429750307964e+01
7.445623354058005816e+01 6.026268303991808040e+01 5.687502373561327573e+01 7.238208187462589649e+01 7.456094478302821926e+01 5.848679326801769918e+01 7.921085195834041315e+01 8.709004120853855113e+01 9.240011916726446373e+01 8.380656127292199642e+01 9.564938183809177019e+01 1.157363595476454066e+02 1.040782284291868365e+02 8.379564537219751230e+01 8.973627640961029783e+01 7.929285061164443960e+01 5.945093707221173673e+01 7.929285061164443960e+01 7.242480680855184971e+01 5.258205314843441869e+01 6.347016320644891607e+01 6.145602925672925210e+01 4.682914277691418192e+01 5.785862437129210178e+01 3.790350718958026732e+01 5.203378759268638731e+01 7.192942255864103629e+01 7.534045454472388315e+01 5.906341514596111608e+01 3.914129502219191181e+01 5.326527764109599161e+01 6.988093465035770180e+01 6.397859884421610133e+01 4.335196621295903441e+01 2.879894382874451253e+01 3.945859143060685881e+01 5.392679202524286808e+01
7.035576409623918437e+01 8.053973755761315090e+01 6.148120062397948971e+01 8.182020352787503725e+01 8.784087570174425252e+01 6.842089470465755596e+01 6.432009930792112584e+01 8.609745737223998674e+01 1.018654605652935317e+02 1.041391375598285833e+02 1.124253863007496363e+02 1.239991173644796447e+02 1.126223936517481974e+02 1.040782284291868365e+02 8.702335347464406823e+01 7.572912246341147124e+01 5.588708381824254445e+01 7.084436258115745488e+01 6.541808172068309091e+01 4.554187497859651046e+01 4.356073491815568843e+01 4.162984884092111315e+01 3.975067737164670234e+01 3.794410275313083503e+01 3.613619135002596039e+01 5.438127953470414866e+01 6.265305099024431001e+01 6.714816694751837645e+01 4.731221973251122392e+01 3.568165786748344459e+01 5.116344958162613921e+01 5.083995911804427692e+01 6.169642761001875897e+01 5.782648009699332192e+01 4.546737441986758199e+01 2.482760254059864380e+01 4.403759069886472588e+01
9.072371101898716006e+01 8.677642261376415433e+01 6.634139307913697792e+01 8.677642261376415433e+01 9.846201598907309460e+01 8.391753877677568596e+01 8.609745737223998674e+01 7.197115964554988921e+01 9.347228123557144386e+01 1.110450319837326845e+02 1.211160470050128595e+02 1.152694443889020874e+02 1.067151638998750371e+02 9.320289438826293349e+01 7.863062916001437941e+01 5.879216882853892656e+01 5.482113117518533585e+01 5.099148885237221407e+01 4.850042799642256597e+01 6.540425461408153751e+01 5.351355527674681412e+01 5.055146079365025003e+01 5.384861153282955826e+01 5.784359671495548838e+01 4.829813503655623208e+01 3.433284038793654247e+01 5.265258036018837373e+01 5.143236512005698557e+01 5.031945119136468492e+01 4.920255312551446281e+01 3.097590279980415673e+01 4.704512365161235721e+01 4.036846261613445108e+01 4.497992265590004024e+01 4.272843018288280348e+01 2.217010931920620465e+01 2.410636185323842540e+01
1.012495688449786968e+02 8.078144915458607045e+01 7.349162654957049767e+01 8.677642261376414012e+01 1.071607620433021850e+02 1.046871240434954018e+02 1.018654605652935317e+02 8.476478119648722043e+01 8.201667835728223110e+01 9.263091494509764345e+01 1.128492023447382877e+02 1.067151638998750371e+02 8.637258646046529975e+01 8.476611225098655211e+01 6.488487346722425286e+01 7.863019881876356010e+01 7.466291247956779387e+01 6.500239251129697493e+01 5.240660072311075623e+01 7.224801341026550006e+01 6.494240539095822839e+01 6.046782868816867307e+01 7.373386607228887613e+01 7.469972043362237457e+01 6.213221841454478067e+01 5.265258036018837373e+01 3.252827513088963940e+01 3.124594806899563437e+01 3.007483939133465611e+01 2.890756184329461931e+01 2.774863116720221257e+01 2.666540624008448290e+01 2.559192140753977540e+01 2.453116275821899706e+01 2.354729229695164960e+01 4.019667526588315809e+01 2.089493031407977952e+01
1.095864332888034767e+02 1.012495688449786968e+02 9.404210255960130382e+01 8.540380097064534937e+01 9.994015270265278161e+01 1.200909653410551812e+02 1.136631841807576819e+02 1.053669474924144680e+02 9.420861372024762659e+01 1.110450319837326845e+02 1.211160470050128595e+02 1.040453766858833973e+02 8.375511639611133319e+01 7.231652432171398459e+01 7.626679993040333727e+01 9.319245303024678151e+01 9.337921596185705653e+01 7.630603685394633828e+01 5.646472749732831886e+01 7.630604798695867430e+01 7.890039199688359872e+01 7.447605787374997988e+01 8.863478092878213488e+01 7.891292679994445791e+01 6.734230360561298312e+01 5.497126440030308459e+01 3.532512086525431272e+01 4.155413547372597094e+01 5.031945194267329668e+01 4.335865944148390838e+01 4.230936408910758928e+01 4.677527074740857671e+01 4.083667746565381407e+01 2.739680899430918970e+01 4.401557741850154315e+01 4.107265308055821151e+01 4.018167936195071377e+01
1.137696120501473160e+02 1.149536078199494256e+02 1.141491519333370803e+02 1.058420344627249534e+02 1.141491519333370803e+02 1.086820377783430587e+02 1.060817945573047041e+02 1.143802771273549439e+02 1.143942291430054325e+02 1.226604424047525583e+02 1.205948771772142720e+02 1.125947441547704102e+02 1.008210154246836936e+02 8.114773348256449026e+01 9.637596197143452059e+01 1.048731728006955848e+02 9.692609293151727456e+01 8.063721394227464145e+01 6.078933310610781859e+01 8.063721141851102914e+01 9.846149310693357393e+01 9.446679516091016637e+01 8.346544173319449555e+01 7.057527969688301539e+01 5.057079869415861140e+01 3.937114336566273209e+01 4.913979827283488078e+01 6.149612107600243149e+01 6.153773513344476243e+01 6.333093275557315849e+01 6.283912412194141694e+01 6.004872466769119654e+01 5.007317456992623761e+01 3.029892936551478044e+01 5.119868244997446993e+01 6.036533364197655516e+01 4.853904115782078321e+01
1.090767554626051350e+02 9.490557930301785916e+01 1.090767554626051350e+02 1.128343512639315804e+02 1.028148326601682925e+02 8.864955962788495469e+01 8.605087494137461590e+01 1.028148471150651488e+02 1.143802771273549439e+02 1.147841254542984331e+02 1.006789188818511604e+02 1.147841254542984331e+02 1.099199201790391811e+02 9.536330068969313345e+01 1.099193183348624672e+02 1.077767219945004200e+02 8.846014301988654438e+01 6.851553467472010084e+01 7.064126271077692820e+01 8.904664357410050002e+01 9.846841401318448561e+01 8.843931349521558616e+01 7.512468820672492598e+01 5.503504439280575156e+01 4.365340642736856580e+01 5.316341844811081785e+01 6.734230617634203497e+01 7.738478707767293940e+01 8.144380729884133530e+01 8.267901623851155080e+01 6.840566659914063052e+01 5.548852574520037706e+01 3.457905276161606878e+01 5.119868244997446993e+01 5.959349643203368174e+01 6.233210898980866688e+01 5.129050962588836171e+01
1.001118328789334555e+02 8.072718105112113562e+01 1.001118328789334555e+02 1.041355196278550039e+02 8.452200102471644527e+01 7.452707668496189797e+01 7.452707668498160842e+01 8.605087494137461590e+01 1.060817945573047041e+02 1.058738686212136741e+02 8.660741932467165327e+01 1.031624576724732378e+02 1.114321964571310701e+02 1.158990885641335211e+02 1.110526705940061163e+02 9.060487160879576152e+01 7.906656714975123634e+01 7.992247741443661369e+01 9.063316517377216996e+01 9.063316517377216996e+01 9.008664033930348580e+01 7.010183244440693784e+01 6.003415914851410662e+01 5.290029411553725680e+01 4.737676525650960713e+01 6.746568903295751340e+01 8.152119390457339421e+01 9.402583745601479848e+01 8.264244705237136657e+01 7.362446132105837648e+01 5.413231695976974578e+01 3.919654377441961657e+01 4.675466238485420689e+01 6.384396800619165191e+01 6.693430322187059289e+01 4.622631776412696070e+01 3.586934687566248670e+01
9.181073080075314863e+01 7.178243833219673320e+01 9.181073080075314863e+01 9.585351648524027723e+01 7.587745566928330732e+01 6.460826115198324260e+01 8.452200720495672215e+01 1.003263856113683943e+02 1.086209437457570743e+02 9.761049378442289992e+01 7.769976706651311815e+01 8.325359738110562091e+01 9.732868676895704141e+01 1.172464265102466925e+02 1.196287953638570798e+02 1.077798281092316017e+02 9.924712834555853647e+01 1.001228111259478197e+02 1.086579647113612879e+02 1.110304808640557468e+02 9.846841665946212174e+01 8.843931349521558616e+01 8.009423638729276718e+01 7.158902787698865211e+01 5.138887546804132000e+01 6.312344774825722027e+01 8.315322539060976226e+01 8.595821676588131766e+01 6.614233942419366485e+01 5.412507223452337968e+01 4.456744205098379297e+01 4.786867670674548947e+01 6.741920496840791088e+01 7.563384427243184405e+01 6.384698486981263699e+01 4.953052640659705474e+01 2.534885156532935468e+01
8.547722861628973590e+01 6.549749743251784651e+01 8.547722861628973590e+01 9.510318787323770096e+01 7.954354590778933698e+01 5.968082513511909326e+01 7.954354590778933698e+01 8.033718054881690307e+01 9.252645970144099863e+01 8.427787991915181465e+01 7.067483201222796652e+01 7.956531013802592156e+01 9.364641136198807203e+01 1.136440448734566644e+02 1.127629741431547927e+02 1.044440118488666798e+02 1.044440118496248289e+02 1.055755234222403516e+02 1.138926113658453687e+02 1.152311911248998939e+02 1.035499770019036987e+02 9.514230514452214038e+01 7.917420457051414928e+01 5.910571338896246374e+01 6.157032090860610651e+01 7.991830240468625846e+01 9.150503818249140409e+01 8.646217926963089440e+01 7.146366589236468769e+01 5.089310071852961670e+01 6.539773715548064104e+01 5.846461157107045636e+01 7.674014021265963947e+01 6.965147155386755173e+01 4.975574184158709556e+01 3.558975317977838415e+01 2.724033183976736083e+01
7.368433636800838826e+01 6.003913729947253586e+01 7.993584821220699155e+01 8.681210587871989048e+01 6.688790374512163339e+01 5.549715404648374317e+01 6.411161017141780860e+01 8.400526802233204648e+01 8.427787991915148780e+01 6.441576406186779025e+01 8.427787991915151622e+01 9.882903511978003053e+01 9.948484008478837382e+01 1.194470994476655363e+02 1.044440118488166860e+02 8.424999883384622024e+01 8.424999883384622024e+01 8.537962403637600062e+01 1.022522330325716666e+02 1.067864808069518006e+02 8.661817694736656392e+01 7.519186019592928005e+01 6.815521092690605087e+01 7.332007684889151733e+01 7.574565448073408902e+01 8.995314669669093632e+01 9.222310142985099901e+01 7.264115522502126510e+01 5.822215576681031735e+01 6.303566821422265321e+01 7.961296751853086562e+01 7.288623973852759264e+01 8.673535872273623681e+01 7.550731739381220109e+01 5.558306615719741473e+01 4.981135041604876790e+01 2.933760252575885730e+01
5.394017302374385991e+01 5.502779309213801184e+01 7.479853954491886725e+01 8.549708144566119472e+01 6.559391015955236526e+01 5.168717507708498005e+01 6.886552390031400250e+01 7.184270042451919380e+01 7.493803587896798035e+01 6.047079712100082816e+01 8.030477118206702869e+01 9.115962645816919974e+01 1.108722586016316143e+02 1.047364830142560947e+02 9.640685530582551621e+01 9.016468830619767516e+01 6.998139903476729273e+01 7.372568332843565031e+01 9.323134594746447590e+01 1.033167270113692524e+02 1.035499770019036987e+02 9.514230514452214038e+01 8.808875768910274928e+01 9.330731911192005157e+01 9.576004876539933264e+01 1.019130168058545962e+02 8.253318605385059925e+01 6.854374189630729575e+01 6.748880695842586874e+01 8.297652482374297733e+01 9.104961230118250626e+01 9.251450482338631787e+01 9.003392453048327582e+01 7.780676606788604488e+01 5.774367067809947685e+01 4.347471932410364559e+01 3.153697884335952395e+01
