LEM/with_lateral_4open/elevation_000345.asc
nrows	100
cellsize	150.0
xllcorner	0
ncols	100
yllcorner	0
NODATA_value	-9999
[rows 0 to 16 of 100, columns 0 to 36 of 100]
8.271705653423140625e-02 2.127631151761726416e-02 9.425194436011796739e-02 4.939197167322698090e-02 3.975871534419905817e-02 6.171646774684565184e-02 1.696294146011132625e-02 1.936121709489252440e-02 4.216450047424835645e-02 2.297044857093000214e-02 6.704298068806634203e-02 4.162315340452049650e-02 3.835349583220235004e-02 2.777463300387698203e-02 2.207885817162396139e-02 7.161913568127860341e-02 9.025521335945362045e-02 3.502399586135773735e-02 8.040414306008919487e-02 3.131346976591601466e-02 7.604099264847130613e-02 2.387740603804927586e-02 5.687112022313325910e-02 4.074439634684711570e-02 8.709178300582484655e-02 7.612946965408906586e-02 1.077918208624280109e-02 9.929772718869623455e-03 4.600412614040166881e-02 2.152795518990661267e-02 2.378824418737431057e-02 9.511189423522797837e-02 9.406546861214974686e-02 1.749038473908382007e-03 2.223905489293687143e-03 6.269637160239108220e-02 9.476101746191394060e-02
7.813061968023242432e-02 2.002127631151726206e+01 2.009425194435976181e+01 8.214357780950559018e+00 2.003975871534384368e+01 1.420385209147792160e+01 2.001696294145975585e+01 4.020504474437399445e+00 2.004216450047389131e+01 1.416510607230200591e+01 1.161404836847354360e+01 2.004162315340416356e+01 2.003835349582415049e+01 2.147767036509335981e+00 2.002207885817126964e+01 1.963607057804144773e+01 1.122573194712357036e+01 1.918034640167893556e+01 2.008040414305973442e+01 3.880315264363413341e+00 2.007604099264811737e+01 1.416601302976912535e+01 2.005687112022277674e+01 5.040744396346867440e+00 2.008709178300546938e+01 1.007612946961694966e+01 2.001077918208588713e+01 2.000755239282751674e+01 2.004600395506178145e+01 1.132639066301035502e+00 2.002378824409399982e+01 1.856640246729877219e+01 2.009406546861179521e+01 1.000174903847382168e+01 2.000222390548893969e+01 3.112667778267171226e+00 2.009461538315169449e+01
2.526786264046545702e-02 2.002526786264010994e+01 3.649862902841346113e+01 1.976136316474327970e+01 3.649862902841145029e+01 3.420385209147862327e+01 2.820246194393754635e+01 8.109491788632864129e+00 2.820246194393754635e+01 3.416510607230271290e+01 2.575618526199122371e+01 3.628089519984960987e+01 1.630255574885286762e+01 2.116966271632800911e+01 5.252159206046838946e+00 2.553728352311845384e+01 3.081531914639659320e+01 3.667492789333791592e+01 2.780263796658116604e+01 7.802637967127077800e+00 2.780263794645944131e+01 3.416601302976982879e+01 3.020472219129048952e+01 1.020472219129013425e+01 3.020472219129048952e+01 2.421826483562519883e+01 3.836006492188997186e+01 3.215200307850481920e+01 2.224762483222732001e+01 2.245468834457915897e+00 1.414928425719144300e+01 3.180793807719641109e+01 3.000174903821559624e+01 3.000174903837842066e+01 2.620232499035484253e+01 6.198734777846500954e+00 2.034190736076631012e+01
4.163169627051844027e-03 2.000416316962669683e+01 3.728738238239780856e+01 3.976136316474398313e+01 4.804563441220618358e+01 4.457955159475543638e+01 2.452179503659596449e+01 1.330437520754672676e+01 2.452179503659596449e+01 4.457955159475543638e+01 4.575649827403106684e+01 4.443048088099470760e+01 3.610243929344361646e+01 2.727091900189303075e+01 7.473952676138489792e+00 1.900300522893433097e+01 3.897437475557756414e+01 4.611506082909676252e+01 2.611506187161527137e+01 1.197292624826861029e+01 2.351993163206262949e+01 4.351993180370698866e+01 3.597822488318714562e+01 1.597822488318644218e+01 3.597822488318714562e+01 4.421816756890459033e+01 3.804801269862655033e+01 1.800217971868564604e+01 3.857114785836619930e+00 2.222006751146772885e+01 1.115384759049073082e+01 3.109955369426430138e+01 5.000174903187682673e+01 4.100391984336812357e+01 2.099093569777962998e+01 9.443163206603404802e+00 2.944941805961928338e+01
5.883922493566802470e-02 9.003111134934902893e+00 2.055011651872762357e+01 3.469225214245907551e+01 5.469225214245977895e+01 5.287131578303046808e+01 3.899962666393045652e+01 1.871938083273452946e+01 3.899962666393045652e+01 5.287131578303046808e+01 5.846208069315122913e+01 3.963097394519230221e+01 2.607491099936637013e+01 1.474204214792129264e+01 1.003333999514245534e+01 3.043851099044669795e+01 4.728393409193473218e+01 4.830286002123597910e+01 2.830285787823554955e+01 1.731815108651700541e+01 3.731815051308472420e+01 5.180419911063273730e+01 4.264489154985393071e+01 2.264489154985322727e+01 4.264489154985393071e+01 5.243824143723087872e+01 4.112849343278978864e+01 2.499218498480818340e+01 5.004193512200956206e+00 2.496218777050160398e+01 1.925562059789746527e+01 3.107578167226078492e+01 5.108953514268291229e+01 4.929910499459413842e+01 3.293476563131966373e+01 1.292471641323926690e+01 3.293476563131966373e+01
1.256007409845548775e-02 2.001256007409810067e+01 3.189967072638938461e+01 3.856633739305628694e+01 4.685060864051848029e+01 5.685060864051865792e+01 4.614696143734195743e+01 2.592830158557964992e+01 3.660542061360263943e+01 5.826059876347672173e+01 5.890227891814951988e+01 4.208208383001278463e+01 2.310605754009533541e+01 3.244110417602028207e+01 1.263428484183816103e+01 2.681103578345025085e+01 4.713368471316584873e+01 5.658722518005929203e+01 4.398481702004141880e+01 2.398481775318355602e+01 3.364808267784967200e+01 5.364808038171065618e+01 5.092916279731613116e+01 3.264489154985357544e+01 5.092916279731613116e+01 4.451345223105479221e+01 2.477103030991096944e+01 1.322889969501413177e+01 6.156974541336629692e+00 2.623497606196352194e+01 3.921842617007876441e+01 3.335637013285854380e+01 5.337168852029677169e+01 4.709341334938574875e+01 2.707006172163385926e+01 3.293476563131966373e+01 1.858158854786452707e+01
9.594114293757748102e-02 5.869443834833809603e+00 1.189967072638902934e+01 1.856633739305557995e+01 2.856633739305575759e+01 4.856633739305646458e+01 5.445055911607347809e+01 3.609162935861282762e+01 5.445055911607347809e+01 6.433341897253383479e+01 4.992701321747208709e+01 3.261441637680450611e+01 4.208208383001278463e+01 3.548212330465785413e+01 1.532628833375339639e+01 2.951716214755124312e+01 4.988281342215875469e+01 6.271414450033169885e+01 5.226906924368461915e+01 3.292908966318239550e+01 5.226906924368461915e+01 6.193233752423718386e+01 6.092916279731647933e+01 5.264489154985427888e+01 6.092916279731647933e+01 4.914282632903316994e+01 2.951302282307086244e+01 2.732467641503359346e+01 7.329395960069524207e+00 2.147580590063194350e+01 4.151177886630596703e+01 5.337168852029677169e+01 6.157691831506220836e+01 5.539410441889592107e+01 4.709341334938574875e+01 4.287603159891465765e+01 2.284565111270212512e+01
7.711341127313005306e-02 1.007711341127304294e+01 3.007711341127268767e+01 3.856633739305628694e+01 4.685060864051848029e+01 5.685060864051865792e+01 6.449139121104090577e+01 5.620229351607117252e+01 6.449139121104090577e+01 6.091598485948132691e+01 4.415970995786939568e+01 5.109623476383826812e+01 4.045980216598832158e+01 2.023868496782780468e+01 3.548212330584030383e+01 2.217387224774924803e+01 3.378694894623767198e+01 5.423935741221655604e+01 6.121333201657758138e+01 4.707122527466540163e+01 6.121333201657758138e+01 6.876722614884060647e+01 6.038952764451427413e+01 5.952324230787042580e+01 5.623833838254800099e+01 5.703004959368118421e+01 4.053060495262164409e+01 2.852569813866071158e+01 8.509960682328879145e+00 2.852569813866071158e+01 4.053289503735451405e+01 4.759651747831592417e+01 4.759651747831592417e+01 6.777337276793041099e+01 5.926150289763744894e+01 3.919348095919266228e+01 2.819117871962372135e+01
2.297228869525369793e-03 2.000229722886917116e+01 3.007711341127268767e+01 5.007711341127197358e+01 5.499213607074837995e+01 6.085000044701722288e+01 5.958339806668190874e+01 5.958339806668190874e+01 6.786766931413613690e+01 6.911363032484877067e+01 6.091598485948132691e+01 4.588780633253131214e+01 2.557610619277251018e+01 4.045980293352310042e+01 4.045980293352310753e+01 4.243115387880748557e+01 3.035558508117511067e+01 4.473956722902788385e+01 6.530997961148071340e+01 6.707122082590153411e+01 6.876722601062692775e+01 5.718079424106105080e+01 4.038638023561837542e+01 3.954195180074785299e+01 3.629931652074925097e+01 3.911700007856821060e+01 3.224999968508470971e+01 1.235920728431394089e+01 9.828729418254567918e+00 2.520913859313658989e+01 2.061478835032459855e+01 2.762231208134588201e+01 4.169561265564131958e+01 6.184256193148981851e+01 6.758353146440298076e+01 5.460919888666030175e+01 3.451742354701925564e+01
9.647730019007895452e-02 1.423861292392115452e+01 3.423861292392185618e+01 4.288558650058127597e+01 3.499213607074909049e+01 4.085000044701793342e+01 3.958339806668261929e+01 3.958339806668261929e+01 5.958339806668190874e+01 7.358805189636730404e+01 6.175899467481207950e+01 4.119385754346279782e+01 2.949822132084902293e+01 4.988570721610596337e+01 6.091712373740893582e+01 5.925425890272302354e+01 4.207125745791356763e+01 4.320384909613507318e+01 6.377456389910430090e+01 7.458799338083412067e+01 6.038952764427804709e+01 4.038638023561837542e+01 2.904282357456088448e+01 2.559485010027984231e+01 2.232099675153081364e+01 1.927549563708786451e+01 1.635919184050554875e+01 3.224999946260339811e+01 2.984664662401187130e+01 1.170608192353821231e+01 3.172917775149339192e+01 4.759651747831592417e+01 5.596126271165898203e+01 6.303277488624027569e+01 7.143454530171570127e+01 6.192479501839913780e+01 4.159746116058103382e+01
3.582433992925927735e-02 2.003582433992890444e+01 2.576202690685123642e+01 2.288558650058198651e+01 2.085000044701864041e+01 3.544126244295163275e+01 2.544126244295216921e+01 4.544126244295145511e+01 4.530378064891644385e+01 6.530378064891502277e+01 7.020334739559699244e+01 5.672929401302821617e+01 3.620372504609257192e+01 3.772924816860073349e+01 5.826746512405176048e+01 7.118834303117360207e+01 6.266393977517258662e+01 5.775038003945400789e+01 7.223931332213122403e+01 6.619990255632612275e+01 4.607217343894279082e+01 3.470058703229396002e+01 4.884070510324866632e+01 4.539433629384335944e+01 3.372829303745770346e+01 3.328276245483815643e+01 3.622270859122838971e+01 4.451200924793842972e+01 3.309484949661636222e+01 1.307016437843225987e+01 3.309484949661636222e+01 4.126437045441301876e+01 4.879025669329731585e+01 4.293280233425898729e+01 6.303277488624027569e+01 7.051792019527863431e+01 5.326460870787902735e+01
1.813270376062421294e-02 2.875275560903475469e+00 5.762026906851591690e+00 8.743450876851285969e+00 1.190572853701963929e+01 1.544126244295234685e+01 2.002957712036350202e+01 2.897384903036250137e+01 4.897384903036179082e+01 6.354988198896175078e+01 7.354988198895811990e+01 6.454042391040611903e+01 4.389297635808556208e+01 5.826746512405176048e+01 4.736676441171979235e+01 5.930748228467954419e+01 7.982844630319566193e+01 7.831823027559043737e+01 7.557992870690003429e+01 5.532937944974889888e+01 4.121620218784364909e+01 5.457915273222894825e+01 6.294645863838159272e+01 6.200633714026947274e+01 5.363580429468838418e+01 5.314124613666758279e+01 5.523141580154387498e+01 4.505804325711024205e+01 3.459169592944560634e+01 1.456524765774966212e+01 1.799127274508879992e+01 2.157453975940428137e+01 2.907013077195371409e+01 4.877516783581888404e+01 5.523028709484468379e+01 7.728196333872044477e+01 7.408044912907432433e+01
2.372884694381488524e-02 2.002372884694345956e+01 2.576202690685123642e+01 2.288558650058198651e+01 2.604786416075033983e+01 2.698826782674465719e+01 4.002957712036278792e+01 2.819454292964061892e+01 3.526561074150584574e+01 4.526561074150549047e+01 6.526561074150407649e+01 7.303327178530820163e+01 5.581693921458943208e+01 7.302483718200815588e+01 5.930745597502518507e+01 6.798066220313309316e+01 8.810823353933345459e+01 8.160216661106910863e+01 6.130418241916709121e+01 4.966158386264605440e+01 6.126062800442112177e+01 5.754384514198224565e+01 7.779841522699523182e+01 7.130356560432610991e+01 5.113389197800780295e+01 4.939476451624390307e+01 3.520588447995714887e+01 3.673286820242946504e+01 1.670402756387978727e+01 2.871904371519269361e+01 3.772781152128919047e+01 4.126437045441301876e+01 2.763440447805877298e+01 3.178607595230867489e+01 5.523028709484467669e+01 7.391813663392501610e+01 8.951217076087492330e+01
8.175220331382776484e-02 1.422388782704490318e+01 3.422388782704560839e+01 4.288558650058127597e+01 4.604786416074962574e+01 4.698826782674394309e+01 5.527253907420201529e+01 3.974154831343272321e+01 5.526561074150513519e+01 6.354988198896175078e+01 7.354988198895811990e+01 8.491078430751598205e+01 7.646718927092122442e+01 7.598981968208462945e+01 7.982203544174112153e+01 8.807884416110340453e+01 9.655665293554771722e+01 8.998346043869416633e+01 7.755510216756989905e+01 5.725694522011841769e+01 7.755510216756989905e+01 7.779841522699523182e+01 7.243770700795835182e+01 6.406772853015856128e+01 5.113389197800780295e+01 3.105638300546733532e+01 2.104577575861383210e+01 1.888741581615420273e+01 2.821846523691074182e+01 4.462707363936215899e+01 5.711032620489748979e+01 4.733395975864572591e+01 4.145358361761378063e+01 3.615870553661703468e+01 4.484033149168350718e+01 6.546226109843078689e+01 8.168993047495310122e+01
9.124702163186203252e-02 2.009124702163150644e+01 2.885889239757090863e+01 3.420411723581979402e+01 3.997761992771614814e+01 4.664428659438293323e+01 5.492855784184513368e+01 5.974154831343201266e+01 6.802581956088694426e+01 7.264255051680676445e+01 6.433786500554209908e+01 7.264255051680676445e+01 7.011520373727572064e+01 5.592809102249251652e+01 7.011520373727572064e+01 8.111426382310116878e+01 8.936714965796326737e+01 9.411710906863794435e+01 7.383287605660265740e+01 7.755510216756989905e+01 7.659022416065825212e+01 6.826842535446384375e+01 6.066426076788076216e+01 4.392971391625657418e+01 4.432723018376317725e+01 2.427262243294634914e+01 4.109277393827628089e+01 2.111140943014489579e+01 4.109498849865124726e+01 4.760168477800546327e+01 6.667491649330663961e+01 6.748499822265986836e+01 6.153044359018012699e+01 4.304646782117629300e+01 6.310527194509406002e+01 7.391813663392501610e+01 9.003750096593918784e+01
2.239863785106879432e-02 4.386756442570935555e+00 8.858892397570553356e+00 1.420411723581908703e+01 1.997761992771544470e+01 2.664428659438222979e+01 3.664428659438257796e+01 5.078642221811402635e+01 7.078642221811544744e+01 6.263245221610134195e+01 4.432971696171563991e+01 6.263245221610134195e+01 6.114190675888547588e+01 4.177980958319242433e+01 6.114190675888547588e+01 6.111205205181769173e+01 7.783205436336461958e+01 9.195569151956595988e+01 9.411710906863794435e+01 7.991465787308139568e+01 5.974279143407502346e+01 4.813183612351077301e+01 4.056411469885729559e+01 3.389510104097584531e+01 2.756489795843094726e+01 4.432723018376317015e+01 4.341303113734419838e+01 2.336390178483609859e+01 4.341303113735416019e+01 5.469645300263778864e+01 6.439794267000152672e+01 7.416401618473723545e+01 7.152920195734773756e+01 5.448349720901824611e+01 7.152920195734773756e+01 8.274900164466177444e+01 7.449248437215437946e+01
1.766589122093755945e-02 2.001766589122058093e+01 2.885889239757019809e+01 2.518882401612536626e+01 3.997761992771614814e+01 4.664428659438293323e+01 5.492855784184513368e+01 6.492855784184648371e+01 6.555325328071128865e+01 5.433379098362888016e+01 3.434607421632855306e+01 4.433993259997868819e+01 4.776488686759342528e+01 3.285363384137619391e+01 5.284044063461620766e+01 4.955642413350486208e+01 6.370841720716332190e+01 8.284928409977158026e+01 9.282901377859940339e+01 8.821323343717405407e+01 7.659022416065825212e+01 6.385440304200602668e+01 5.135227036164997116e+01 3.128330545554325326e+01 4.762510847837402395e+01 5.597861288955463266e+01 5.175614229955241541e+01 4.341301486116310571e+01 2.665612769694677198e+01 3.925318821718138906e+01 4.824896550857786082e+01 5.836617034714289787e+01 7.835161929018637750e+01 7.488283526028061488e+01 8.328899869492259711e+01 7.449248437215437946e+01 5.457412628477178629e+01
