LEM/with_lateral_4open/elevation_000607.asc
nrows	100
cellsize	150.0
xllcorner	0
ncols	100
yllcorner	0
NODATA_value	-9999
[rows 0 to 16 of 100, columns 0 to 36 of 100]
8.271705653423140625e-02 2.127631151761726416e-02 9.425194436011796739e-02 4.939197167322698090e-02 3.975871534419905817e-02 6.171646774684565184e-02 1.696294146011132625e-02 1.936121709489252440e-02 4.216450047424835645e-02 2.297044857093000214e-02 6.704298068806634203e-02 4.162315340452049650e-02 3.835349583220235004e-02 2.777463300387698203e-02 2.207885817162396139e-02 7.161913568127860341e-02 9.025521335945362045e-02 3.502399586135773735e-02 8.040414306008919487e-02 3.131346976591601466e-02 7.604099264847130613e-02 2.387740603804927586e-02 5.687112022313325910e-02 4.074439634684711570e-02 8.709178300582484655e-02 7.612946965408906586e-02 1.077918208624280109e-02 9.929772718869623455e-03 4.600412614040166881e-02 2.152795518990661267e-02 2.378824418737431057e-02 9.511189423522797837e-02 9.406546861214974686e-02 1.749038473908382007e-03 2.223905489293687143e-03 6.269637160239108220e-02 9.476101746191394060e-02
7.813061968023242432e-02 2.002127631151726206e+01 2.009425194435976181e+01 2.004939197167287190e+01 1.158676409913661409e+01 2.006171646774648920e+01 3.939285644223800009e+00 2.001936121709453786e+01 1.418430012420532371e+01 1.156997583236354821e+01 2.006704298068770953e+01 2.004162315340416356e+01 2.170360659388302693e+00 2.002777463300352068e+01 8.187044667448954982e+00 2.007161913568092260e+01 1.423239083709052899e+01 1.417715961959218340e+01 1.422253976679116505e+01 2.003131346976556060e+01 2.933183849791334286e+00 2.002387740603769473e+01 2.005661690993264301e+01 2.004074439634649352e+01 7.651122543428286349e+00 2.007612946965373268e+01 2.001077918208588713e+01 1.200912441069693193e+00 2.004600412614004767e+01 1.914515914010912567e+01 2.002378824418702052e+01 1.164211727802764251e+01 2.009406546861179521e+01 6.668415705140604111e+00 2.000222390548893969e+01 1.420483199533346585e+01 2.009476101746155763e+01
2.526786264046545702e-02 8.969539772639700814e+00 2.896953977264005786e+01 3.987102394981295106e+01 3.158676385253999896e+01 2.793928565002432407e+01 7.939285644223816441e+00 2.793928565002432407e+01 3.418430012420602537e+01 2.571211145609474968e+01 3.586159111285826384e+01 1.586159111285650170e+01 4.314585729063884045e+00 2.431458572906352700e+01 2.818704466787406560e+01 2.232918029118015468e+01 3.423239083709123065e+01 3.417715961959147108e+01 3.422253976679186849e+01 2.581994410478300139e+01 5.819935195739475375e+00 1.996205802621827985e+01 3.995986249472576901e+01 3.597331012787807225e+01 1.767495508295395013e+01 3.590358614532326698e+01 2.239448194713701668e+01 2.394012413613364476e+00 2.239448194713701668e+01 3.285158168913703491e+01 3.992638852548853379e+01 3.164211727802728547e+01 3.373948351700684611e+01 1.373948351700614090e+01 3.373948351700684611e+01 3.420483199533416752e+01 2.721648748824048525e+01
4.163169627051844027e-03 2.000416316962669683e+01 2.529947139119451194e+01 4.529947139119521893e+01 4.634543396692323114e+01 2.634543559455967454e+01 1.220329997133606348e+01 2.634543559514771260e+01 4.634543578533230601e+01 4.571211145609817095e+01 4.414586235831881567e+01 2.652321625056195842e+01 6.523216250560824214e+00 2.066535187429152387e+01 4.066535187076555502e+01 3.647131591491837810e+01 5.061345203798411063e+01 4.462796333839142449e+01 3.089996887602393727e+01 1.089994027574713975e+01 2.581874428877077676e+01 1.398490100493280153e+01 3.398547088369568314e+01 4.598101281248106176e+01 3.184671621690965893e+01 3.259891508205765120e+01 1.280066692029995501e+01 1.952283092728247027e+01 4.115338344918360924e+00 2.523902976435745771e+01 3.701646805105568205e+01 4.402755538472930397e+01 4.202375476446904656e+01 2.528648890079886158e+01 4.202375476446904656e+01 4.254313760212468054e+01 2.254313760212539108e+01
5.883922493566802470e-02 1.420097484866649218e+01 3.420097484866577986e+01 5.358374263865741227e+01 4.634543592613062657e+01 2.634543559523624268e+01 2.634543559514771260e+01 2.073132862556063216e+01 4.073132872281414762e+01 5.447691132635942779e+01 3.447691132637320521e+01 2.033477570264275514e+01 8.787770318850034457e+00 1.773204222884903558e+01 3.773204222864426072e+01 5.647131592752406704e+01 5.048551746579112631e+01 3.048538776339923118e+01 1.634325081526541013e+01 3.089996887602393727e+01 3.917406824018942757e+01 2.105596881626941652e+01 3.398480708311134890e+01 5.398403829402493415e+01 5.183903685678976103e+01 3.862803563317097399e+01 2.185187212813054458e+01 2.505619237940380373e+01 5.339318466804471974e+00 1.111220273065243092e+01 1.713883461200644831e+01 2.419721430096332071e+01 4.402755538472930397e+01 4.528648890079956857e+01 5.357076014826176191e+01 5.082740884916653812e+01 3.536049002305217925e+01
1.256007409845548775e-02 1.415469569782953130e+01 3.415469569783023474e+01 4.964187111990897705e+01 5.462972875050883204e+01 4.634543599148734216e+01 4.634543578533230601e+01 2.739799529222741725e+01 4.739799543810767091e+01 5.619536760398172248e+01 3.619547714046702680e+01 3.119548738056410286e+01 1.119548738056543868e+01 3.119548738056423431e+01 3.406197384740200818e+01 5.406197384629405889e+01 5.048551934531906937e+01 3.048538776449205301e+01 3.634328587814494682e+01 2.300991748193948538e+01 4.300997703221323576e+01 3.519809593326174024e+01 3.370507713895040780e+01 5.370441001038251017e+01 5.744984300951543332e+01 3.920084706019916609e+01 3.920083373504000690e+01 2.689774167874899291e+01 6.596707690612401365e+00 2.538909963223038702e+01 3.638243984118380325e+01 4.402755536989799623e+01 3.824782916914451647e+01 5.798104880119735327e+01 6.843384051495938536e+01 5.688683513177227269e+01 4.007453523096241099e+01
9.594114293757748102e-02 2.009594114293722100e+01 2.964187111990968759e+01 2.964187111990968759e+01 4.425069768770764256e+01 5.579770307149995290e+01 5.495728498693294028e+01 3.495728475241222810e+01 5.495728498693294028e+01 5.516984966752347930e+01 3.619547714046827736e+01 1.619548738056534987e+01 1.462545908341564527e+01 3.462545908341395773e+01 4.798973540815752159e+01 6.234624479114071960e+01 5.877062471719950310e+01 5.048551864912825238e+01 4.800999415370701229e+01 2.800991748196150510e+01 4.800999604390495534e+01 5.519727989979590888e+01 4.784715414203703432e+01 6.198407587073872094e+01 5.793043619718081771e+01 4.890211064252446960e+01 4.052622084524398360e+01 2.790115372302402008e+01 7.861618743547142074e+00 2.781265336554348622e+01 3.888429005669981109e+01 4.770997272603644035e+01 5.798104880119735327e+01 6.615354046018607903e+01 6.014956926897878731e+01 4.014956926897949785e+01 2.860256388518739357e+01
7.711341127313005306e-02 4.791158619183427447e+00 9.641871119910044641e+00 1.596642644024674951e+01 2.751343182403905985e+01 4.751343182403834930e+01 6.324157014147214539e+01 4.909942037696929873e+01 6.324157014147214539e+01 4.688591505879070809e+01 2.688593705631844344e+01 2.055984518528512339e+01 3.462545908341395773e+01 1.970546416342335405e+01 3.970546416342125440e+01 5.343304594701056232e+01 6.498005132843935883e+01 5.870053574395950591e+01 3.870036732530487456e+01 4.800999604390495534e+01 4.065902931836424017e+01 6.065923981320490554e+01 6.784507656603155112e+01 6.387175755589959181e+01 4.360850540103120210e+01 2.938036398696478102e+01 2.043298197464417854e+01 2.914716169267397561e+01 9.134188231129630964e+00 1.413375066760046117e+01 1.947665471166775930e+01 3.953816577030160317e+01 5.742398232757856391e+01 6.754308140880782219e+01 6.274469950891710113e+01 4.274469950891784009e+01 4.274469950891784720e+01
2.297228869525369793e-03 2.000229722886917116e+01 2.964187111990968759e+01 2.964187111990968759e+01 2.861553708092004200e+01 4.275767270465049563e+01 6.275767270464978509e+01 6.909942117485259416e+01 6.102799870145978645e+01 4.102807221378252223e+01 4.503196426944555242e+01 2.503198114028462484e+01 4.503196426944555242e+01 3.970546416342125440e+01 2.514877470294162265e+01 3.669578008673454406e+01 5.669578008672762337e+01 6.698575805981433007e+01 5.284251814488335697e+01 5.870053574395951301e+01 5.480119032726504003e+01 6.894455843292831787e+01 6.373358070117075869e+01 5.530871528487513444e+01 5.793043619718076798e+01 4.890211064252477513e+01 3.105488745313570931e+01 1.100735918511951894e+01 2.917724616471253540e+01 3.414728024094993231e+01 3.953378688992876988e+01 2.890145285771788863e+01 3.892194708946471593e+01 5.912614925265400956e+01 7.102897075462568921e+01 6.274469950891710113e+01 6.274469950891710823e+01
9.647730019007895452e-02 1.164348268398249431e+01 3.164348268398213904e+01 4.964187111990897705e+01 4.861553708091933146e+01 5.689980832838093505e+01 6.541637908671394541e+01 7.352108269452499201e+01 6.931162712126446479e+01 6.102799870145978645e+01 4.988267136822897641e+01 2.988269364101120118e+01 4.402482889595435012e+01 5.343304594702571819e+01 4.514877470293865258e+01 3.147333002327849272e+01 4.561546564700894635e+01 6.561546564699432338e+01 7.284304128026958836e+01 7.870158914530352945e+01 7.480182233121368540e+01 6.637706354914971030e+01 5.202898120445236430e+01 3.506328429057371920e+01 4.047291944194044788e+01 3.740422000939325642e+01 3.242346462736648505e+01 1.236504677201639346e+01 2.253294910109231353e+01 4.156033518312891317e+01 5.742398232380859469e+01 4.902404817105935564e+01 5.742398232757856391e+01 6.754308140880782219e+01 8.157851140425307790e+01 7.332828759040724265e+01 7.053160098366267050e+01
3.582433992925927735e-02 2.003582433992890444e+01 3.992775393144339091e+01 4.159434262041097696e+01 5.015722786676835199e+01 6.210811633138505528e+01 4.556513865328436452e+01 5.395526007872545193e+01 7.370847463310907699e+01 6.402475411103945646e+01 4.402482889595435722e+01 3.654936030767763100e+01 5.654932689850452476e+01 7.230834449978520695e+01 5.779788534360923080e+01 3.779788534361547647e+01 4.216377969977584428e+01 5.630591532350629791e+01 7.630591532347499140e+01 7.795539679648955200e+01 6.617041527552535740e+01 5.706452779485199756e+01 3.768089885975504671e+01 2.371606033388032841e+01 2.058547397808770185e+01 1.750619488993080353e+01 1.449110706226937850e+01 3.242346462572298549e+01 1.713624288006165486e+01 3.713248431805384087e+01 5.053094833668046704e+01 6.484379379902387086e+01 6.926797294113617909e+01 7.765783322275947853e+01 7.332828759040724265e+01 5.335672169816577082e+01 5.920625791708936703e+01
1.813270376062421294e-02 2.001813270376026921e+01 2.733476062202494461e+01 2.145955089202293564e+01 4.156659747959169238e+01 5.395526007872545193e+01 3.402357669828941056e+01 4.690834583934067581e+01 6.672465865229028736e+01 7.230834449978520695e+01 6.402475411103945646e+01 4.809636565447086554e+01 5.069149523373394572e+01 7.069138354969221893e+01 6.486895315547153018e+01 4.486895315548120067e+01 6.216377969976667117e+01 5.849371131832978676e+01 7.849371131828030457e+01 6.956325948192166209e+01 4.908820544199850389e+01 3.737507071938522074e+01 2.857917466643311144e+01 4.362001025045518787e+01 3.703776711769189944e+01 1.697257742953688009e+01 3.455637896453849578e+01 4.292331837570487352e+01 3.713248431805774885e+01 2.210268434025083906e+01 3.621810289004204719e+01 5.488203193336669727e+01 4.892318006044929035e+01 6.926797294113617909e+01 7.074407080376778367e+01 5.075999267581772045e+01 3.928564654739943762e+01
2.372884694381488524e-02 2.002372884694345956e+01 7.312362961395130867e+00 2.722562358511767044e+01 3.540444013894720143e+01 3.908102449191574834e+01 2.695251369450008738e+01 4.108672856299847354e+01 6.096297322283151487e+01 7.000754349275727861e+01 7.637980076739559365e+01 6.809628669505977427e+01 7.069138354969221893e+01 7.897477823446310197e+01 7.315322439547050237e+01 5.486895315548154883e+01 7.315322439547050237e+01 7.849371131828030457e+01 8.137009470617844897e+01 6.097037024580495768e+01 5.449332845893373189e+01 3.419471023758061534e+01 4.863362211179590133e+01 5.045042649847179206e+01 3.029162127679863659e+01 1.874153867818584018e+01 3.881173896554434322e+01 4.990096964533394441e+01 5.053094833811312725e+01 4.214241764399510970e+01 2.759807259662541412e+01 3.463944102327755559e+01 4.892312168461256050e+01 6.926707297469175728e+01 7.899417198809801732e+01 6.746761655120937462e+01 5.920625791708936703e+01
8.175220331382776484e-02 2.999052033271725204e+00 2.293786528544671910e+01 1.202640816788752076e+01 1.545637986709660971e+01 1.910786356864648639e+01 2.488136745474552569e+01 3.304635170678590583e+01 4.198997755197847681e+01 5.609929993691127947e+01 7.584627342814766848e+01 7.931043668218607934e+01 7.660990862794085388e+01 8.247420193269417155e+01 8.315322439138387267e+01 7.486895315546222207e+01 8.315322439138387267e+01 8.791449961439857930e+01 7.773987937255753877e+01 6.097037024580495057e+01 4.048816569920507646e+01 5.449332845893373189e+01 6.293011843002521033e+01 5.884370669746148508e+01 4.438359137877986171e+01 2.428915532596613147e+01 2.144157960686276709e+01 4.151894835968167286e+01 5.266679021386457293e+01 5.612567061210445729e+01 4.772447821763702791e+01 3.487237999617799744e+01 4.915024309834029737e+01 6.940733921568903497e+01 7.954969200120538630e+01 6.946317241819173205e+01 6.115144992547408265e+01
9.124702163186203252e-02 2.000464414474371466e+01 2.297812751453562186e+01 3.200740732195215799e+01 2.960813684674212709e+01 3.065007102400163319e+01 4.482603967521221477e+01 3.901815116926344018e+01 5.891576647625150542e+01 7.000754349275727861e+01 7.344538532972340761e+01 5.928984294079420891e+01 5.659128233645107997e+01 6.245460222718909904e+01 7.545575729931873354e+01 8.374804965370469745e+01 9.376050215816935918e+01 7.955925286329359380e+01 5.913632773838358503e+01 4.882738580504757664e+01 5.231193615454094470e+01 6.939356140048481336e+01 6.776557933679002588e+01 4.746627978695681804e+01 3.322411304814667687e+01 4.438359578427960628e+01 4.151894836000015943e+01 2.419092847222571407e+01 3.841695216321031836e+01 5.886560841921396303e+01 6.344006534828046284e+01 4.651568241074556198e+01 4.494493690343416858e+01 6.522188146449394708e+01 7.128219343262223617e+01 5.102070641832597886e+01 4.080416189150286499e+01
2.239863785106879432e-02 1.417497528079205793e+01 3.434661155839476265e+01 5.096620667816198136e+01 4.967763263362622439e+01 5.040897492104024025e+01 5.835933187908972286e+01 5.891576647625150542e+01 6.705280150654112958e+01 6.921640491348807700e+01 6.092530585995878312e+01 4.514299883124017043e+01 4.244565838536033198e+01 4.877114144899401538e+01 5.543707978655377389e+01 6.544100990930871831e+01 8.547050468932874878e+01 8.791449961439857930e+01 7.773987937255753877e+01 5.805056177184385291e+01 7.279801117146477907e+01 8.117813961567490821e+01 6.776557933679002588e+01 4.746627978695681804e+01 4.746627978695681804e+01 6.180148725448495384e+01 4.626854800163074799e+01 2.617059658776001640e+01 4.007900875451066014e+01 5.924608920268074286e+01 7.511616241747276490e+01 6.678714160886462992e+01 5.402141233639950713e+01 7.355538697883973498e+01 7.954969200120538630e+01 6.946317241819173205e+01 6.115144992547408265e+01
1.766589122093755945e-02 2.001766589122058093e+01 3.728147918333053212e+01 4.883082092166275601e+01 5.229130959484912466e+01 4.391682043115432776e+01 5.229130959486938934e+01 6.240021225457271470e+01 6.872471550681105157e+01 5.746920555370909511e+01 4.091423125686999640e+01 3.513811626620967843e+01 4.669034624753030016e+01 6.670224286784133483e+01 7.545575729931873354e+01 8.374804965370469745e+01 9.376050215816935918e+01 9.230263632775223925e+01 8.684570234960305868e+01 7.255277272326598847e+01 8.684570234960305868e+01 9.214092304918850118e+01 7.613669996249559802e+01 6.776557933679002588e+01 6.776557933679002588e+01 6.039322217704830820e+01 4.830060102338622841e+01 2.818638782538037546e+01 3.498834584205651055e+01 4.944559583358635990e+01 6.984541033170648916e+01 8.258936767534237333e+01 6.839066142573307161e+01 8.258936767534237333e+01 7.550144526963616443e+01 6.696108679783058903e+01 6.955689863509175552e+01
