LEM/with_lateral_4open/elevation_000350.asc
nrows	100
cellsize	150.0
xllcorner	0
ncols	100
yllcorner	0
NODATA_value	-9999
[rows 0 to 16 of 100, columns 0 to 36 of 100]
8.271705653423140625e-02 2.127631151761726416e-02 9.425194436011796739e-02 4.939197167322698090e-02 3.975871534419905817e-02 6.171646774684565184e-02 1.696294146011132625e-02 1.936121709489252440e-02 4.216450047424835645e-02 2.297044857093000214e-02 6.704298068806634203e-02 4.162315340452049650e-02 3.835349583220235004e-02 2.777463300387698203e-02 2.207885817162396139e-02 7.161913568127860341e-02 9.025521335945362045e-02 3.502399586135773735e-02 8.040414306008919487e-02 3.131346976591601466e-02 7.604099264847130613e-02 2.387740603804927586e-02 5.687112022313325910e-02 4.074439634684711570e-02 8.709178300582484655e-02 7.612946965408906586e-02 1.077918208624280109e-02 9.929772718869623455e-03 4.600412614040166881e-02 2.152795518990661267e-02 2.378824418737431057e-02 9.511189423522797837e-02 9.406546861214974686e-02 1.749038473908382007e-03 2.223905489293687143e-03 6.269637160239108220e-02 9.476101746191394060e-02
7.813061968023242432e-02 2.002127631151726206e+01 2.009425194435976181e+01 8.214357780950559018e+00 2.003975871534384368e+01 1.420385209147792160e+01 2.001696294145975585e+01 4.019361217094876260e+00 2.004216450047389131e+01 2.002296740787197038e+01 7.138110792553572281e+00 2.004162315340416356e+01 1.418048911956327807e+01 1.416991044278747580e+01 2.002204429609946956e+01 2.225656966992383357e+00 2.009025521335909659e+01 1.487465171582485901e+01 2.008040414305973442e+01 4.007680894821477047e+00 2.007604099264811737e+01 1.416601302976912535e+01 2.005687112022277674e+01 5.040744396346867440e+00 2.008709178300546938e+01 1.421826509338491462e+01 2.000467875930620920e+01 1.119330165169326596e+00 2.002633309918145699e+01 2.002152795518955131e+01 2.002378824418702052e+01 1.423724751796630272e+01 2.009406546861179521e+01 1.000174903847399577e+01 3.052195312141380512e+00 2.006269209660928610e+01 2.009476101746155763e+01
2.526786264046545702e-02 2.002526786264010994e+01 3.649862902841346113e+01 1.976136316474327970e+01 3.649862902841145029e+01 3.420385209147862327e+01 2.810184411068589583e+01 8.101844121733471127e+00 2.810183341548693647e+01 3.542235645956581891e+01 1.608238270255291980e+01 3.542246062854494681e+01 3.418048911956397973e+01 3.416999333796042038e+01 2.441864664951184594e+01 4.393833975184665341e+00 2.441864952370648112e+01 3.422876184235435915e+01 2.796298021394186506e+01 8.035628525366767860e+00 2.796299023255654603e+01 3.416601302976982879e+01 3.020472219129048952e+01 1.020472219129013425e+01 3.020472219129048952e+01 3.421826509338420408e+01 2.944035449704412599e+01 2.112046277990130605e+01 2.695550977647525048e+00 1.683765171350351864e+01 3.683588478559323676e+01 3.423724751796700616e+01 3.000174926948122334e+01 3.000174924015775346e+01 2.305219545287991068e+01 7.469456355135224435e+00 2.676654186282032200e+01
4.163169627051844027e-03 1.414629882514569914e+01 3.414632756348721898e+01 3.976136316474398313e+01 4.804563441220618358e+01 4.401320840026907177e+01 2.401320731026351041e+01 1.246620192645328196e+01 3.246619851944006996e+01 4.436673678798033649e+01 3.022451835344527282e+01 4.436686273465714692e+01 4.452040885204912257e+01 3.623613997768871542e+01 2.664840782152996468e+01 6.660323385023464660e+00 8.401402096519442253e+00 3.780032565543977796e+01 3.222865865093780968e+01 1.231759502887681101e+01 3.222784993521693764e+01 4.834225548239790271e+01 3.597822488318714562e+01 1.597822488318644218e+01 3.597822488318714562e+01 5.089778962243362059e+01 3.114359678995018399e+01 2.381475082710712599e+01 3.815335999559231528e+00 2.381475082711433089e+01 3.892661504236610170e+01 4.743747261051764497e+01 5.000175229041889935e+01 4.482807200964028738e+01 2.481684501044853519e+01 1.067201949348892676e+01 3.067799769864847548e+01
5.883922493566802470e-02 2.005882719717673979e+01 3.346057157542390570e+01 4.241732883315751934e+01 5.399150037752983167e+01 5.229752246257905313e+01 3.746620306654408239e+01 1.746620192645319491e+01 3.746620306654408239e+01 5.427841025251784401e+01 5.022453484059678175e+01 5.037802706372018946e+01 3.037837854911362712e+01 1.623960793605929709e+01 9.923170109395421434e+00 2.664840724865911170e+01 3.317202388675879376e+01 4.459158834707142915e+01 2.692168390231001496e+01 2.637485455388909728e+01 2.008742128431751439e+01 4.006590387643243645e+01 4.264489154985393071e+01 2.264489154985322727e+01 4.264489154985393071e+01 4.511551140786578884e+01 2.535624026292565603e+01 1.126501742364007974e+01 4.940423901835799825e+00 1.665275725118165440e+01 1.920284927543378473e+01 3.328967806769838944e+01 5.330084208952649760e+01 4.971116450876122883e+01 3.035352466755901091e+01 1.880849586168354293e+01 1.611457978896324050e+01
1.256007409845548775e-02 5.176537869041654361e+00 1.412080982270935081e+01 2.566782981729726387e+01 4.567351106973601560e+01 6.100261702891152282e+01 4.575050034682185185e+01 3.746619750894676315e+01 2.599423058067776537e+01 4.599423323524769103e+01 6.043199444467796866e+01 4.043201878703907681e+01 2.888539445221197610e+01 3.241186789846528171e+01 1.241837520597158040e+01 2.655421518903802180e+01 4.655349960502075390e+01 5.470088908551148421e+01 4.642332902171817466e+01 4.635621545793996745e+01 2.639219849347533753e+01 4.638670873825683572e+01 5.092916279731613116e+01 3.264489154985357544e+01 5.092916279731613116e+01 4.526016264340600515e+01 2.537502432040422917e+01 3.114359678975327839e+01 2.494035234977696192e+01 6.565323817001213591e+00 2.656763009349450044e+01 4.051351612876260333e+01 4.870293636158292117e+01 5.098726709317294592e+01 3.243448243588511559e+01 3.786846725211096754e+01 2.019500833220643088e+01
9.594114293757748102e-02 2.009592082454035378e+01 1.517653772894549213e+01 2.273582675742859749e+01 3.273581921299122399e+01 5.273285424640726404e+01 6.013635650359752560e+01 4.013636619887364532e+01 3.754123596419567122e+01 5.427851322686906599e+01 6.871648700272467636e+01 5.716940120699240424e+01 4.786599081042096770e+01 3.499348064008361092e+01 1.499639432451848720e+01 2.913568458925341886e+01 4.913544533062495390e+01 6.168467344928709650e+01 5.793282862673983402e+01 3.793436282650877445e+01 4.638670901359697041e+01 5.466767071816763490e+01 6.092916279731647933e+01 5.264489154985427888e+01 6.092916279731647933e+01 5.350970531306440847e+01 4.519999534524902884e+01 2.980255128148195709e+01 8.249718819394521674e+00 2.314292470493109377e+01 1.440516951168836712e+01 2.104296929738091748e+01 4.054435572110642028e+01 5.880429904798014462e+01 5.098726709317295303e+01 4.425056668388963033e+01 2.445204282424635522e+01
7.711341127313005306e-02 1.007711341129093796e+01 3.007711534939939213e+01 4.273433570082146105e+01 5.100879481987832520e+01 6.100261702891152282e+01 6.842027281263058569e+01 6.013635705341292947e+01 5.754122607887796903e+01 6.582540130643651821e+01 6.286562773599698772e+01 5.286598622662017988e+01 3.958164652989110976e+01 1.958229503665798177e+01 3.499347708337616325e+01 2.185372556586000314e+01 3.340028426312527188e+01 5.340025518739246735e+01 6.621194550339991736e+01 5.207590685938748720e+01 6.621194550339991736e+01 7.013437975981219097e+01 6.189332181570414093e+01 6.095341376806939593e+01 5.732369301956511976e+01 4.907206782079096996e+01 3.913594423304355274e+01 2.889677582316863536e+01 9.445100903327794839e+00 2.912179450044228091e+01 2.576475480019997377e+01 4.051293587306481925e+01 3.483684554693702040e+01 5.432350432684959429e+01 6.043339523770532651e+01 4.061355896181017755e+01 2.958989301385696180e+01
2.297228869525369793e-03 2.000229722886917116e+01 3.007711896446212307e+01 5.007717800832028132e+01 5.493951268944657329e+01 6.080635271754514548e+01 6.552401625339240354e+01 6.229970020137432840e+01 7.037191095847367706e+01 6.872376233424655823e+01 4.872375069979160855e+01 3.458162213759344894e+01 2.458172301432730222e+01 3.958164652989110976e+01 3.958164583129106262e+01 4.185326660303711321e+01 3.001825816923095758e+01 4.416034728857949432e+01 6.416035745549974934e+01 7.207268859124016558e+01 7.013437975981246097e+01 5.863407615371899340e+01 4.196450403779432747e+01 4.102496284644934832e+01 4.907180010723321573e+01 2.912877439916385924e+01 3.113870345697574393e+01 1.115133410761318622e+01 2.943428416397627956e+01 3.770978400785713802e+01 4.489520638563053723e+01 5.286906370308324910e+01 5.432350426892267592e+01 6.256904274905753738e+01 6.869867116913403038e+01 5.759701057709478533e+01 4.935350105610994120e+01
9.647730019007895452e-02 1.423861292392115452e+01 3.423861292392185618e+01 4.283202199536400911e+01 3.489351490241057974e+01 4.076485171858292489e+01 4.568989169587368337e+01 4.276537842522880339e+01 5.910159125096196675e+01 7.037191097275392337e+01 6.005094998785743599e+01 4.005094368612409994e+01 2.850395477495963803e+01 4.850394096575745095e+01 5.958163095001186349e+01 5.830260997337175866e+01 4.156521752730526487e+01 4.266732254867908125e+01 6.266732998904392815e+01 7.600488549925179882e+01 6.189332181570414093e+01 4.196450403779432747e+01 3.044356741466276262e+01 2.691689588080391715e+01 4.209405038551972922e+01 3.496966368241768208e+01 1.500330488789081862e+01 3.073955458451792566e+01 1.307282476942662264e+01 2.736194988016735152e+01 4.856451134684452597e+01 5.740006813333176439e+01 6.564576791354953400e+01 6.756508252650101554e+01 7.585954219650083985e+01 6.926945672778849428e+01 4.938266425459912057e+01
3.582433992925927735e-02 2.003582433992890444e+01 2.571380911956478599e+01 2.280339831016630825e+01 2.072464862330351210e+01 3.529870425329445993e+01 3.158616207401503928e+01 3.129123995473992537e+01 4.276537842522880339e+01 6.229970020137862718e+01 6.833540543201351625e+01 5.517060867108420297e+01 3.517060555510452247e+01 3.666890444747222944e+01 5.666890838081544501e+01 6.984970268610037181e+01 6.156522344037603744e+01 5.680945586919339263e+01 7.095182321188501362e+01 6.776593740238691055e+01 4.785092901592324210e+01 3.632595629337989607e+01 5.038741350699688581e+01 4.209406083694476308e+01 2.214426613681004952e+01 1.913036298016016801e+01 3.496987665858851813e+01 3.437855756075531133e+01 1.444136455629335281e+01 3.409874946077066937e+01 4.238837574146196374e+01 3.742376998047780035e+01 5.342171658804841883e+01 4.756654754024796716e+01 6.756508252650101554e+01 7.755317152622966148e+01 6.341538892296562580e+01
1.813270376062421294e-02 2.846559847024913381e+00 5.703703015563266199e+00 8.652545056342940910e+00 1.177604058948291588e+01 1.525771947137275397e+01 2.129019433820876017e+01 3.539640362401529217e+01 5.506225150341617081e+01 6.393017227099992539e+01 7.370883231985553152e+01 6.272990084932284560e+01 4.272989365802777684e+01 5.666890838081544501e+01 4.609699372608574919e+01 5.764399905809744951e+01 7.764402187670270905e+01 7.680948913586155413e+01 7.697633793450287953e+01 5.708559459995336027e+01 4.298108896904172127e+01 5.626800194954840606e+01 5.618943596404437812e+01 3.625556529256404303e+01 3.625556531294111551e+01 3.908653798540876778e+01 4.733877413264556822e+01 3.593598991169599799e+01 1.595930128478773824e+01 1.909343059528082520e+01 2.242528482266833478e+01 2.590148189593189443e+01 3.344178787892633409e+01 5.342398282392503717e+01 6.202860191049577310e+01 8.201391747984820313e+01 8.340242661655160816e+01
2.372884694381488524e-02 2.002372884694345956e+01 2.571380911956478599e+01 2.280339831016630825e+01 2.593233704154389230e+01 3.438871843617115331e+01 2.233320637604242265e+01 2.901120292115056643e+01 3.609658718339578343e+01 4.605060499400043028e+01 6.560181707754185254e+01 7.101436699985688961e+01 5.427689895645487894e+01 7.101436699985688961e+01 5.764399905809744951e+01 6.609700331858239508e+01 8.592867379074164091e+01 8.251068702772688823e+01 6.263697725396903593e+01 5.113415584418100934e+01 6.291145843980180530e+01 6.291145843980175556e+01 6.443384135541549540e+01 5.618943596404432839e+01 5.618944943056750674e+01 5.827649496700690435e+01 4.793683942865011005e+01 3.745893182379705877e+01 1.748591325878277658e+01 3.160858969650019290e+01 4.239233743380576414e+01 4.586928531191246350e+01 3.205756383760991923e+01 4.203982433671767183e+01 6.202860191049577310e+01 7.846670498801388760e+01 7.957145692382947288e+01
8.175220331382776484e-02 1.422388782704490318e+01 3.422388782704560839e+01 4.283202199536400911e+01 4.597466994372162929e+01 4.938928436774966713e+01 3.346969723441701916e+01 4.168656574994712116e+01 5.582621103577113075e+01 6.393017227099992539e+01 7.370883231985553152e+01 8.256151186703209532e+01 7.427691617321848128e+01 7.737660598432537995e+01 7.764402187670270905e+01 8.592867379074164091e+01 9.438205682645289585e+01 9.075185246973707365e+01 7.806432615049872936e+01 5.818690170081451640e+01 7.806432615049872936e+01 8.280035496484018154e+01 6.985512312701807502e+01 6.158416970245177424e+01 5.242273889753783322e+01 3.829761929338089743e+01 3.966407252674694206e+01 1.969567412263783979e+01 2.901768398197402021e+01 4.571631928138175027e+01 5.978877978057278142e+01 5.203421312360672601e+01 4.617976341171002019e+01 4.020603949880899819e+01 5.019923116346354419e+01 7.018966052158914692e+01 7.128664092029305266e+01
9.124702163186203252e-02 2.009124702163150644e+01 2.903744356228819967e+01 3.452937757988024003e+01 4.047015079275632132e+01 4.737487569334744819e+01 5.222499808672388610e+01 5.946739899815926123e+01 6.848944718853012148e+01 7.619138650453813000e+01 6.788765651974098603e+01 6.958073499940564943e+01 6.371437533903418426e+01 5.735760600362225148e+01 7.152133137845801514e+01 8.150596972882462410e+01 8.981697434648731360e+01 9.429265576750022149e+01 7.441709229782554758e+01 7.806432615049872936e+01 8.630303640145501731e+01 7.554432112608284910e+01 6.158416970245177424e+01 4.160098681906212903e+01 4.414930671105633309e+01 2.418593457342026554e+01 2.193816909037931850e+01 3.966384035053675916e+01 4.793451876913037779e+01 4.898989081536800683e+01 6.896719879047792290e+01 7.202125969517199167e+01 6.616810501829891678e+01 4.775891047921313515e+01 6.775059073495793882e+01 7.846670498801388760e+01 7.957145692382947288e+01
2.239863785106879432e-02 4.494520684352478312e+00 9.082674961560934790e+00 1.462797769833591310e+01 2.064985736800788629e+01 2.768822066134887194e+01 3.756371191008759070e+01 5.142611234019401678e+01 7.109173368761709355e+01 6.463305851530266466e+01 4.787938066094821465e+01 4.956928910083646400e+01 4.371020254005820505e+01 4.321927780040876144e+01 6.151507426677763846e+01 6.148136352824215578e+01 7.824900967068937518e+01 9.241950153465423057e+01 9.429265576750022149e+01 8.353193225312440973e+01 7.524936754030564146e+01 6.727535048871006040e+01 4.728969578583906497e+01 4.745392557591600280e+01 2.748899474126261921e+01 4.414930671105633309e+01 4.190325184806523140e+01 2.513623525134434189e+01 4.509998758686217712e+01 5.665589336467750314e+01 6.817782702441058973e+01 7.644445617137532167e+01 7.602783042646218803e+01 5.930367385085726539e+01 7.602783042646218803e+01 8.121085346891713641e+01 7.289221634518098369e+01
1.766589122093755945e-02 2.001766589122058093e+01 2.903744356228812151e+01 2.538053752004081431e+01 4.047015079275632132e+01 4.737487569334744819e+01 5.553887227528521464e+01 6.536981392011200853e+01 6.603876086884552876e+01 5.633585134823448470e+01 3.633632172573651076e+01 4.478911277881687880e+01 2.957237685871744759e+01 3.322353844077126439e+01 5.322015865646432076e+01 4.993626862422652835e+01 6.407851780672450559e+01 8.328900514024135759e+01 9.330966209042829007e+01 7.524936754030564146e+01 5.523944223975146173e+01 6.110021366924750907e+01 5.095713175621372670e+01 3.098578377705898035e+01 4.745392557591600280e+01 5.572805497300918631e+01 5.337306681735807956e+01 4.509998758686217712e+01 2.841595160935931830e+01 4.838246161118458133e+01 4.819198127740175153e+01 6.185421027296119689e+01 8.182959722206852859e+01 7.928929378229508984e+01 8.756579173931184812e+01 7.289221634518098369e+01 5.287846355897995920e+01
