LEM/with_lateral_4open/elevation_000613.asc
nrows	100
cellsize	150.0
xllcorner	0
ncols	100
yllcorner	0
NODATA_value	-9999
[rows 17 to 33 of 100, columns 37 to 73 of 100]
3.645863198780750736e+01 3.344304536329335775e+01 1.356953727031018886e+01 2.774818079731130638e+01 4.748229818364861643e+01 4.780043757827220929e+01 4.191762004442488632e+01 6.200281545514617676e+01 4.676768267209991592e+01 3.255516552099931005e+01 2.125753705534411253e+01 4.148845941947121929e+01 5.307086020384722502e+01 6.654980473823466980e+01 6.814279702684673623e+01 6.664670692293198329e+01 7.494882425735450227e+01 8.912100721640422307e+01 8.697826323957912109e+01 8.479764021960195919e+01 7.730313661351215160e+01 9.140319821606624373e+01 8.685564467990960225e+01 7.866005132103940412e+01 8.013541462209417432e+01 7.639079376487300976e+01 7.530540083437118426e+01 6.710134853171018676e+01 6.767636850061442999e+01 5.717547127094443482e+01 3.721778134078487454e+01 2.307260664429799135e+01 4.305302862842535916e+01 6.253661307541902659e+01 6.901738877023150565e+01 4.904133163573911958e+01 3.494141957223437345e+01
2.229895580303261937e+01 1.827941953659513530e+01 1.435224230890354491e+01 3.461853314015765903e+01 5.073378001768109868e+01 5.985905693832508234e+01 6.200281545514617676e+01 7.029500697083965122e+01 6.090396514345061263e+01 4.732556007983653501e+01 2.741247556408219666e+01 2.459891748880972528e+01 4.475466508981903502e+01 5.098730474837287119e+01 4.807897845339769560e+01 4.658022273032828053e+01 6.077664129619216737e+01 7.435597003946868710e+01 8.265768595125335594e+01 9.422777825060887835e+01 9.723112755931009588e+01 9.263489309164717156e+01 7.287148232763571798e+01 5.883932977603878811e+01 6.032074353722855165e+01 5.655251942616033034e+01 5.889472021007335911e+01 4.720935015641677523e+01 5.253769774537277470e+01 4.950024137553968728e+01 4.449100347282627155e+01 2.450304269783928390e+01 3.450680685147608528e+01 4.863748298199853792e+01 6.857339806223320977e+01 5.935667024769676203e+01 3.935033822181436847e+01
3.659162032709340906e+01 3.525076520665583502e+01 1.515142197502013133e+01 2.330232215637679616e+01 3.309411441199655002e+01 4.642443596613004075e+01 6.522923275530020248e+01 7.147329083010625084e+01 5.143079724017399457e+01 3.743207868849511755e+01 4.733338176054608937e+01 4.475447536107648006e+01 2.797509090186712299e+01 3.085023649829571823e+01 3.382394201950771873e+01 5.395554832929878586e+01 6.278574651532635897e+01 5.431575504072591087e+01 6.588695584028299379e+01 8.592485858056747361e+01 1.013891157200806106e+02 8.997971099197062017e+01 8.013541462209417432e+01 6.032074353722855165e+01 4.622133995703043752e+01 4.243917687572022146e+01 3.895528989833002242e+01 3.566249486571535954e+01 3.238949156689572817e+01 2.680636287154364084e+01 2.661284186827998610e+01 4.449100347358550067e+01 3.393503791260809521e+01 4.548094482522658666e+01 6.542961514393446976e+01 6.492256520746579440e+01 4.489556502287993567e+01
5.625206176674991809e+01 3.704613643136082857e+01 1.595542944108562722e+01 3.235414142592090059e+01 4.492692416519218312e+01 5.397901869954753096e+01 5.397908755081673604e+01 7.354951845367530439e+01 6.568047873044260143e+01 4.733181950445898423e+01 6.399475469903052272e+01 4.391695156144687218e+01 3.227066213672900119e+01 5.098730474837287119e+01 4.207398093311157083e+01 3.896505348358288501e+01 4.271960422931495316e+01 6.278574651532656503e+01 7.758955627632433050e+01 8.915934711896917975e+01 9.318582218381973803e+01 7.344189586731326358e+01 6.199354905867568988e+01 5.307881281879240021e+01 6.612432633100466717e+01 5.655251942616033034e+01 5.307805467168882529e+01 5.561669816514234554e+01 4.906559644586556601e+01 2.901021638695848281e+01 4.659757981993880804e+01 5.484438747055279606e+01 4.548114563181388093e+01 5.392019833057190681e+01 7.365900632708300577e+01 7.094526192177539770e+01 5.097022797940182670e+01
4.384200066429576026e+01 3.700094606145670895e+01 1.676128564273054877e+01 3.683448688163912266e+01 2.699862226332566095e+01 3.418834347082514569e+01 4.825473175792536296e+01 6.779890494186395244e+01 7.599713405727304405e+01 6.147856910064946590e+01 7.229983279283069919e+01 5.714232992138731504e+01 3.703404504518332629e+01 5.714232992138731504e+01 5.107102523901301083e+01 5.905955743761683152e+01 6.278574651532656503e+01 4.924618567121140700e+01 6.081926312376391763e+01 8.085710412750795228e+01 9.734088604498572295e+01 8.435606990652863146e+01 6.457404456102122481e+01 6.304091297344952238e+01 8.112970952441925476e+01 7.639079376487300976e+01 7.293739346978375693e+01 6.492117279083626613e+01 4.498590940997002718e+01 3.084395608942709543e+01 5.082481278500801380e+01 6.357013640799660692e+01 6.544814656425195665e+01 7.371094213513529780e+01 8.214308008964236762e+01 7.916037583754173568e+01 6.254592989693734495e+01
2.365008423440534813e+01 2.072555651810219501e+01 3.551077581748353396e+01 1.795546295828330230e+01 3.871805424321257760e+01 5.397875775069066862e+01 6.210210123655735259e+01 7.207680444595045799e+01 8.023598204480720142e+01 8.271160723091381328e+01 7.351436428236341669e+01 5.346279916451106828e+01 4.286577762054878349e+01 6.293614630182109693e+01 7.111781360464333090e+01 6.744072900324400166e+01 7.758955627632433050e+01 6.928825123001747954e+01 5.743102074090916886e+01 6.899920383705922688e+01 8.903784521207761316e+01 9.255142881965863921e+01 7.601131024395503744e+01 7.704549457224968023e+01 9.102280086295479578e+01 8.636299128842610173e+01 6.651510471518780321e+01 5.242436778735163472e+01 5.297812933419564274e+01 3.300341935990243059e+01 3.537683315086758284e+01 5.534533740754059750e+01 6.370286484481751899e+01 7.191563536377896071e+01 8.338182360199094489e+01 9.062265631590715032e+01 8.241897260473865572e+01
4.383886995697806555e+01 3.237040606676708165e+01 3.896125945482945241e+01 1.880906511550885796e+01 3.902759025784895641e+01 5.279511552890941317e+01 5.941298039323413605e+01 5.197172596827260094e+01 6.623429867451437758e+01 8.576211898786141319e+01 8.181679975009396344e+01 7.123808232557908582e+01 5.185619003481050981e+01 5.706604142425379678e+01 7.710783310979668670e+01 8.747896382191503051e+01 9.578257446606184544e+01 8.577044273472967006e+01 6.899920383705922688e+01 7.159947422099115499e+01 9.163768481119029730e+01 1.039624226939201037e+02 9.575522359407990791e+01 9.679131516208117603e+01 8.988860503330577956e+01 8.168698046554564485e+01 7.015726035376307834e+01 5.024452319876911588e+01 3.610903213221323682e+01 5.297813134093860299e+01 5.534533740754059750e+01 4.016020181620969254e+01 4.375450193852422842e+01 5.529551312367102156e+01 7.518752087445449206e+01 8.516064567469443602e+01 9.505954370710828982e+01
6.085971783609423369e+01 5.255583829331901313e+01 3.994028812853031241e+01 1.966504734246912989e+01 2.404353968322913104e+01 4.440561867359947712e+01 3.908675863632118563e+01 4.820878799695106665e+01 5.997138358868787122e+01 7.425900635096051872e+01 9.419029506931688900e+01 8.020172869154085049e+01 6.343073731943545823e+01 7.710783310979668670e+01 8.541012322690440328e+01 9.297495874869467514e+01 1.013873311661649552e+02 9.734088604498572295e+01 8.903784521207761316e+01 9.163768481119029730e+01 9.994141124846822777e+01 1.019146040172009009e+02 9.048947631524150381e+01 8.229396060948987213e+01 7.630864035272004742e+01 6.182803545712143745e+01 6.547221976533563748e+01 5.835268285541360456e+01 3.838929648609541800e+01 5.756029858711917768e+01 6.789582263674260787e+01 5.429303590533450574e+01 6.370286484481751899e+01 4.952988070665792719e+01 5.708485435875446967e+01 6.706123200713219035e+01 8.688046891837811359e+01
6.702121113702101241e+01 4.661906563465595355e+01 3.221133232532761070e+01 2.053972793084075477e+01 4.070758744051740763e+01 3.078316328442629413e+01 4.253669455318645021e+01 6.286821825420250320e+01 7.674706681269557862e+01 8.146229846202406577e+01 8.954590891268721009e+01 9.177200123441738810e+01 8.346927344505834867e+01 8.709070123643158468e+01 7.870491638809656365e+01 7.279407130669825676e+01 9.297495874869467514e+01 9.803878788241408415e+01 9.589896988716148485e+01 9.589897016294301579e+01 1.042390074833123350e+02 9.372088565586278719e+01 7.392887090126369287e+01 6.244289906767080822e+01 5.642494902194405881e+01 5.088200513060505159e+01 4.553530092782033734e+01 4.251786453583122238e+01 4.224098275926852608e+01 6.216634767458673849e+01 7.583441081945881024e+01 7.418764875558893834e+01 7.442994499230124461e+01 5.452876672326804908e+01 6.862743831147854223e+01 8.516064567469443602e+01 9.505954370710828982e+01
5.504147256741848082e+01 4.359996021005429867e+01 4.171614107678807670e+01 2.141876179779454858e+01 4.171921321570703611e+01 5.112980205656161559e+01 5.949268963191396153e+01 7.119059988122977245e+01 7.815635471942439949e+01 6.164731277461121550e+01 7.815635473297604108e+01 8.686787147486518279e+01 9.531863551536090995e+01 7.870491638809656365e+01 5.860953172527209176e+01 7.870491638809656365e+01 8.281261229664764301e+01 7.779806009784181242e+01 7.564849016588024710e+01 7.564849016602059351e+01 9.589897016294301579e+01 9.628416173114634091e+01 7.649902956457252401e+01 8.229396060948987213e+01 7.121965765584955932e+01 5.130994877641601448e+01 6.547221976533563748e+01 5.664317518548062935e+01 6.219802294014569810e+01 4.801758795791078427e+01 6.213640780661084762e+01 8.202721116700435289e+01 8.016562897539594701e+01 6.029663682563813154e+01 8.016562897539594701e+01 9.661972913719050382e+01 9.680740162754862865e+01
6.353260082175218315e+01 4.360251229476625667e+01 2.943019855212632763e+01 2.230058886231935844e+01 4.261450674580512299e+01 4.781695555367198835e+01 6.274305152449295520e+01 5.652829487545641740e+01 6.556049792660652997e+01 5.030441208791546615e+01 7.002211081754778377e+01 6.682231491146217195e+01 7.529456399692864466e+01 7.199117133169801264e+01 5.168928376814295689e+01 6.501152192716826050e+01 6.240109929546478895e+01 6.336797435578925786e+01 6.119967156061977676e+01 7.564849016600909692e+01 9.589897013925325098e+01 1.044799230659106257e+02 9.628416173114634091e+01 8.267995850287520909e+01 6.283013516580215452e+01 5.630641602660473666e+01 7.619073819893114319e+01 7.652564634929912302e+01 7.241846790838121706e+01 5.248983128091698802e+01 6.401483841806215480e+01 8.389803922696293625e+01 8.677320863305227761e+01 6.695046966008318634e+01 8.677320863305227761e+01 1.000765784795376021e+02 7.985954914436291574e+01
6.974828230793359296e+01 5.769353930355048021e+01 4.240885830191323436e+01 4.261450606378971884e+01 2.356465367007779577e+01 4.389793321089570100e+01 4.638698200073211808e+01 3.515952458042885098e+01 5.271882651833195865e+01 4.286029773301436308e+01 6.277289583247598870e+01 5.546835630921567883e+01 5.546835630921567883e+01 6.582702020638984663e+01 4.537931442702382867e+01 4.425571508418714473e+01 4.761793540048032014e+01 5.133237407605017211e+01 6.601594442768083582e+01 8.635279951468533000e+01 9.640039867421423025e+01 1.080618438277593043e+02 9.667322386052751426e+01 7.688375820985005760e+01 8.149737575732287098e+01 6.164175613803466547e+01 8.149737575732287098e+01 9.227615934704166989e+01 7.241846790838121706e+01 5.851409404222745536e+01 7.241846790838121706e+01 9.211075557534604741e+01 9.494933653140753904e+01 7.690164974029424627e+01 9.494933653140753904e+01 1.084996902881389929e+02 9.680740162754862865e+01
4.931335869151553197e+01 5.543219055568759757e+01 6.247223547271229194e+01 5.068921257294594085e+01 2.502603150170484270e+01 2.515823977421927538e+01 2.627629929604894699e+01 2.738402257762119874e+01 3.341443423870911289e+01 5.041789040890139972e+01 5.164015629124279627e+01 5.286973086945010891e+01 4.138443929796413556e+01 5.645184435379238863e+01 3.985011332318310195e+01 6.037895863965395193e+01 6.240110087127713712e+01 7.197247212489700985e+01 5.855939843229317887e+01 6.776019168743529519e+01 7.949725353812205242e+01 9.972824359238489933e+01 1.048713630318247709e+02 9.667322386052751426e+01 8.747375700260211318e+01 6.765234280789358934e+01 8.747375700260211318e+01 8.988541381479186043e+01 7.002753889269720844e+01 7.002753889269995113e+01 8.663633272485915882e+01 1.004907473840846421e+02 1.048199441956963085e+02 9.664476752581033736e+01 1.048199441956963085e+02 1.096481301680557721e+02 1.075592474473247933e+02
3.749398496500368339e+01 3.492789474171515707e+01 5.191573270448614608e+01 4.722687242755571191e+01 2.650103333838565334e+01 4.524399467207209824e+01 4.041891984947005767e+01 4.754030997237422440e+01 2.897947069374687956e+01 3.012030446661623273e+01 3.128288639575533026e+01 3.247977523727725213e+01 3.370903631469104056e+01 3.628040784304538846e+01 5.649866174020585419e+01 6.883915211765359743e+01 8.281305476173898228e+01 8.734357057181823336e+01 7.304013192736066173e+01 6.883376418619786818e+01 7.792921635326288765e+01 8.963320523736918233e+01 1.098232820064183954e+02 1.014489451827446231e+02 8.168504452167103125e+01 7.911892523517744280e+01 9.566593341212013968e+01 9.809469651618908870e+01 8.151182443416557533e+01 8.988541509437463617e+01 9.809481305078148239e+01 1.053858505403530899e+02 1.029062653207333113e+02 1.108832371180176466e+02 1.096481301680557721e+02 9.067324236982908303e+01 8.859775665184777438e+01
5.795017338632406023e+01 5.191573270443134192e+01 3.129114400680424879e+01 2.926954078459054642e+01 2.901146564047288479e+01 4.971989778167569085e+01 6.074354040217777140e+01 5.786189397027025194e+01 4.326655606049555303e+01 5.042800519766798573e+01 4.034838970871519592e+01 4.157479694017780503e+01 5.411721749952562277e+01 3.574089250746160218e+01 5.614703278200018843e+01 7.359454951084977381e+01 7.359446758782205222e+01 9.391154553372466296e+01 9.330286070993483349e+01 8.911613137866764589e+01 9.746691983482715216e+01 1.065026250273059816e+02 1.181408031337239493e+02 1.096468223025692623e+02 1.014489451827446231e+02 9.888666944124965141e+01 1.070816804081428444e+02 1.095351952220339200e+02 1.013239496949487517e+02 1.023266495452779026e+02 9.437440049819508658e+01 8.631345873996475859e+01 8.384221945803768961e+01 9.984378788592768217e+01 9.719041965603652500e+01 8.922389723823214069e+01 7.500446625890899099e+01
3.945441765296227743e+01 3.600577731251697600e+01 5.189739460950679728e+01 4.996688416146924538e+01 4.971989778169444207e+01 3.272338896670049024e+01 5.330225331614079920e+01 6.549886980586791196e+01 6.402392185904346888e+01 5.701487358932507021e+01 6.075917055257091448e+01 5.179019489801714826e+01 5.759757566889745561e+01 3.718662664416450525e+01 5.759753550838352965e+01 5.314534362754527308e+01 7.359455002750027575e+01 7.680680766158845074e+01 9.710251139025250211e+01 1.070077310412118834e+02 9.867740595963958583e+01 9.867740595968281525e+01 1.070077310540846156e+02 1.186391520312125749e+02 1.187701392347249651e+02 1.102455462180668206e+02 1.090214246213507465e+02 1.004789603158213538e+02 9.820703678539997838e+01 9.437440049819508658e+01 7.529816144793811361e+01 7.282252987456988080e+01 7.282252987457023607e+01 9.189963331006261171e+01 8.616790437629802568e+01 7.019088153864626634e+01 6.771513236370965672e+01
4.860529743613277276e+01 5.649812570441833515e+01 5.649673010793767247e+01 6.776711640816154159e+01 4.731458728436894745e+01 5.330225331614079920e+01 3.658972490286831913e+01 5.108987385263971248e+01 7.151976193998923748e+01 7.140843081418843497e+01 7.222485380218739692e+01 7.222485380232028263e+01 5.958151489312199800e+01 3.915568849887577585e+01 4.022338968179317220e+01 6.066136217836752564e+01 5.636471084977328161e+01 7.085034899303877864e+01 9.118697096568973848e+01 9.472299469302440400e+01 7.840446867898685923e+01 7.840446867898685923e+01 9.014810565374460793e+01 1.103286468541008389e+02 1.102455462180668206e+02 8.936895493939462654e+01 9.548356695685772877e+01 7.997165400181111750e+01 7.773982182587597833e+01 8.692073235600759062e+01 8.088546250622276546e+01 6.174011054493718831e+01 7.389456842592150565e+01 8.182237084898189039e+01 7.823518050058547146e+01 5.910932368052500863e+01 7.265796317260463866e+01
