LEM/with_lateral_4open/elevation_000124.asc
nrows	100
cellsize	150.0
xllcorner	0
ncols	100
yllcorner	0
NODATA_value	-9999
[rows 0 to 16 of 100, columns 0 to 36 of 100]
8.271705653423140625e-02 2.127631151761726416e-02 9.425194436011796739e-02 4.939197167322698090e-02 3.975871534419905817e-02 6.171646774684565184e-02 1.696294146011132625e-02 1.936121709489252440e-02 4.216450047424835645e-02 2.297044857093000214e-02 6.704298068806634203e-02 4.162315340452049650e-02 3.835349583220235004e-02 2.777463300387698203e-02 2.207885817162396139e-02 7.161913568127860341e-02 9.025521335945362045e-02 3.502399586135773735e-02 8.040414306008919487e-02 3.131346976591601466e-02 7.604099264847130613e-02 2.387740603804927586e-02 5.687112022313325910e-02 4.074439634684711570e-02 8.709178300582484655e-02 7.612946965408906586e-02 1.077918208624280109e-02 9.929772718869623455e-03 4.600412614040166881e-02 2.152795518990661267e-02 2.378824418737431057e-02 9.511189423522797837e-02 9.406546861214974686e-02 1.749038473908382007e-03 2.223905489293687143e-03 6.269637160239108220e-02 9.476101746191394060e-02
7.813061968023242432e-02 2.002127631151726206e+01 1.423638756809119421e+01 1.419152759540430253e+01 2.003975871534384368e+01 2.006171646774648920e+01 5.016962941460088921e+00 2.001936121709453786e+01 8.986436410473327641e+00 2.002297044857057529e+01 1.420917860442061809e+01 2.004162315340416356e+01 2.332513397735421989e+00 2.002777463300352068e+01 1.781793438261921381e+01 1.007161913568136491e+01 2.009025521335909659e+01 2.003502399586100324e+01 3.672510183595580013e+00 2.003131346976556060e+01 1.421817661637954622e+01 9.391542764709001290e+00 2.005687018872620797e+01 1.418343207802958972e+01 2.007719206277953816e+01 1.046276423091895502e+00 2.001077918208588713e+01 1.155693515651128500e+01 2.004600412614004767e+01 2.002152795518955131e+01 2.720587694040348392e+00 2.009511189423487210e+01 1.423620109232917663e+01 2.000174903847355168e+01 6.032450797044592861e+00 2.006269637160203700e+01 1.423689664119299003e+01
2.526786264046545702e-02 2.002526786264010994e+01 3.423638756809189942e+01 3.419152759540500597e+01 3.766607358213266821e+01 1.766607358213338230e+01 1.134151826179679290e+01 3.134151826179714817e+01 2.312857203431374131e+01 2.898643549284825127e+01 3.420917861478937283e+01 2.633186001043501889e+01 7.991172622948630178e+00 5.891397106912148907e+00 2.891008755124197549e+01 2.421375475941256639e+01 3.835589038314427057e+01 2.732395798505282158e+01 7.323993900296671633e+00 2.732395798505282158e+01 3.421817661638024788e+01 2.137552994731620259e+01 3.729458035847694930e+01 3.420129711659464533e+01 2.201939859348892625e+01 2.017592975167703528e+00 2.201949910970151691e+01 3.155693511673827700e+01 3.984120325437094579e+01 2.544224296448689771e+01 5.442242963799446720e+00 2.544224296448689771e+01 3.423620093136378273e+01 3.235700611738211308e+01 1.235700611738140609e+01 3.235700611738211308e+01 3.423689664119369525e+01
4.163169627051844027e-03 2.000416316962669683e+01 3.541417828426407510e+01 4.696118366805679756e+01 3.766607358213267531e+01 3.766607358213266821e+01 1.841258607366214406e+01 3.841258607366285105e+01 4.312857245370558701e+01 4.898641904735002583e+01 4.940424434421611011e+01 3.193271879234624677e+01 1.384024794894441435e+01 8.442081224090127733e+00 2.829150303741943162e+01 4.421375475941326982e+01 4.732370953354132581e+01 2.732395798463967296e+01 1.548895970883094542e+01 1.381285074551826320e+01 3.381274190092145915e+01 4.062322436101099754e+01 4.866386254526174326e+01 3.374096221320552047e+01 2.222999157440754203e+01 2.992440323888923448e+00 1.422309128504793563e+01 3.381602293514872315e+01 4.238493876065109589e+01 2.238493875558737400e+01 8.242803131855490406e+00 2.238493875552483559e+01 4.238493849000696656e+01 4.064127736484430642e+01 2.130127802738072162e+01 4.064127736484430642e+01 4.423749166936830335e+01
5.883922493566802470e-02 7.129907036801173881e+00 1.867691242059389367e+01 3.867691242059459711e+01 5.766607358213196477e+01 4.669685732112504439e+01 2.841258607366232170e+01 4.669685732112504439e+01 6.125605322715308887e+01 4.153043008725305185e+01 3.061170921487467211e+01 2.260941225274718391e+01 3.078827429062788923e+01 1.102150631066761122e+01 3.088703729181194291e+01 4.987569855568348487e+01 4.963089844742584944e+01 2.963109105178746105e+01 3.548889901554510828e+01 1.866356324621854768e+01 3.280573078598889225e+01 5.280918411208267571e+01 4.378718436979943363e+01 1.887095747352629616e+01 4.389782863542887270e+00 1.185426206667906790e+01 2.749940407373677687e+01 3.932158237150742508e+01 4.273864764295855423e+01 2.273864763874617978e+01 1.119164225495345910e+01 2.013591416495277286e+01 4.013591416943894785e+01 4.958554927484362196e+01 3.544341365111217357e+01 4.958554927484362196e+01 4.747741798260875612e+01
1.256007409845548775e-02 2.001256007409810067e+01 2.345983865535598767e+01 3.760197427908743606e+01 5.760197427908813950e+01 5.669685732112522203e+01 4.841258607366302869e+01 5.669685732112522203e+01 6.952393082451699513e+01 5.809566035749872270e+01 4.940449927004984687e+01 3.773718558367247056e+01 1.776574213519434764e+01 1.449219680902198526e+01 2.157695258412705996e+01 4.157810061848599759e+01 5.791470633051849148e+01 4.963089844742584944e+01 4.400874320597289824e+01 2.400878808430512024e+01 4.400495616147257749e+01 5.152689977935193610e+01 3.296533194954297130e+01 2.538468500126031202e+01 5.384135123060295847e+00 2.518014711643346715e+01 2.499714880903768233e+01 4.234972043441553780e+01 5.102291941249075080e+01 3.447962200319128101e+01 1.447962200106063335e+01 3.447962200319128101e+01 3.646584578361746054e+01 5.646584580857380331e+01 5.544341365111287701e+01 5.930528912196790259e+01 5.106955246013163219e+01
9.594114293757748102e-02 1.164294652672999320e+01 2.578508215046069196e+01 4.578508215044092822e+01 5.227542558720023180e+01 4.968029534725786789e+01 4.968029534725786789e+01 6.968029534749567233e+01 7.364758990497881541e+01 6.363586242071095711e+01 4.531674666402790308e+01 2.526311368262688717e+01 3.773718585803902670e+01 1.800631690946940111e+01 3.799828311503290479e+01 3.570633591592792300e+01 5.575379459846516994e+01 5.469914216043641630e+01 3.469923705267194691e+01 3.555579195190347974e+01 5.228486877049069648e+01 4.777138104566498100e+01 2.801022094151590736e+01 1.436278077445655832e+01 6.382368880474095008e+00 2.637898397519602511e+01 4.235686753218510603e+01 4.974114095513578349e+01 5.205172933641718203e+01 3.205172932764390481e+01 1.790959370391086836e+01 3.205172932764390481e+01 5.205172933641718203e+01 6.475011853390093108e+01 6.258194706100329796e+01 4.264189469558587575e+01 3.109803723617246263e+01
7.711341127313005306e-02 2.007711341127277649e+01 3.757374577706437435e+01 4.585801697379434927e+01 3.227542558718693755e+01 2.968029534724820806e+01 4.382243097097966000e+01 6.382243097101257234e+01 6.536121858012431574e+01 4.533014832290857754e+01 3.528780987653936307e+01 3.528780987653936307e+01 4.172367742552943781e+01 2.166181509194449006e+01 4.172367742552943781e+01 5.575379459846516994e+01 6.404506119543896148e+01 6.298402956000925457e+01 4.469923188285998350e+01 5.555568836638138208e+01 6.384060317630568449e+01 5.353320105380613114e+01 3.306760055819533051e+01 2.738779416744487349e+01 7.389577872553926952e+00 2.738779416776554498e+01 4.266366785993007937e+01 5.085563657049316078e+01 5.576563610195882603e+01 3.576563609118571208e+01 2.162350046745197218e+01 4.162350047061009661e+01 5.580545054436905161e+01 6.735245633055102132e+01 7.080133078470986163e+01 5.930528914437707044e+01 4.928731924938664122e+01
2.297228869525369793e-03 2.000229722886917116e+01 1.757374577708007024e+01 2.918901805344059852e+01 1.813328996345548560e+01 3.813328996345959609e+01 5.643744509964429312e+01 6.472171637059666693e+01 7.364758990497881541e+01 6.363586242071095711e+01 5.534568345151653546e+01 4.688070861939455369e+01 4.610903738139583652e+01 2.601279343401020938e+01 3.434802669383036289e+01 4.594923891451975351e+01 6.598038265915657519e+01 7.298431747396554670e+01 6.469905243801284200e+01 7.298431747396554670e+01 5.722045320452085804e+01 4.893556626400862086e+01 3.823088505895093903e+01 1.052486444423212397e+01 8.429611139950525356e+00 2.840974690079410081e+01 2.272470481817273935e+01 3.939254996171334966e+01 5.346911619956559036e+01 4.990777217655520559e+01 4.162350047061009661e+01 2.752117871364796287e+01 3.906818409744088427e+01 5.906818410803789021e+01 6.890674565293826959e+01 6.919995480225477991e+01 4.928731924938666253e+01
9.647730019007895452e-02 3.045316423288028318e+00 6.026740393287759900e+00 9.189018053456166513e+00 2.918901805345875999e+01 4.229530947589897494e+01 3.643744509962463241e+01 5.643744509964429312e+01 6.385324801753560564e+01 7.213751929368470428e+01 7.519520865598977366e+01 6.690905411459094410e+01 5.071731648919141122e+01 3.063029355468071913e+01 5.071731648919141122e+01 6.270612042745360526e+01 7.426665860743338499e+01 8.776408794556739679e+01 7.950924539581747297e+01 6.286301749396502458e+01 4.893556626400862086e+01 2.893497993172397642e+01 3.153535427135615166e+01 1.147175845048695741e+01 2.749698499217113223e+01 1.007429404345908708e+01 1.122331868042570946e+01 2.531697887988970308e+01 4.107426774154763649e+01 5.264539838103569025e+01 5.580545054436905161e+01 4.752117871812687611e+01 3.459224652551368706e+01 4.062247341706917325e+01 5.476460904081667991e+01 7.476460907462656280e+01 6.505908296542349945e+01
3.582433992925927735e-02 2.003582433990771960e+01 2.602674039328385547e+01 2.918901805345875644e+01 1.473602001570850639e+01 2.229530947589318401e+01 4.229530947589897494e+01 3.678218020564745672e+01 4.385324801751318091e+01 5.540025340130610232e+01 7.540025340135920828e+01 6.142724937660940299e+01 4.139079962657906719e+01 3.963887080377385530e+01 4.485074486749509504e+01 6.488047326292372929e+01 7.830690638036719520e+01 6.940870056267539212e+01 6.031723938414281605e+01 5.457719995084911346e+01 3.458450148029919546e+01 3.479301604074319698e+01 1.471144021259712531e+01 3.153535427135600600e+01 3.792897335105329404e+01 2.157686915470536348e+01 3.117198699963249098e+01 1.285373565996100709e+01 2.437364664571162365e+01 4.436195965752832393e+01 5.705147350547824914e+01 6.287651855065416129e+01 4.613925190930660847e+01 6.062247342698844932e+01 5.216947880086209466e+01 7.216947882433078121e+01 7.654357830574092247e+01
1.813270376062421294e-02 1.001813270376053744e+01 3.001813270376018039e+01 4.302029127172951206e+01 3.473602001571206443e+01 2.180708782757410447e+01 2.735408978982649231e+01 4.735408978983415551e+01 6.385324801753560564e+01 7.213751929368470428e+01 8.368452469728421761e+01 6.971357874686290756e+01 5.142141965595572373e+01 4.967331999011378230e+01 6.488047326292372929e+01 7.316640405752291088e+01 6.608654839837572581e+01 4.837326485034060397e+01 5.003282611185918682e+01 5.018713684527655516e+01 3.825323000612614521e+01 1.822579375011101988e+01 2.893497993172397642e+01 4.307771656781204683e+01 4.984286104868346712e+01 4.155864208438919150e+01 3.399903102904621477e+01 1.401944308221733237e+01 2.181173306649949239e+01 2.874774218035758366e+01 4.038649505083460411e+01 6.028763361470547011e+01 6.613925192569925571e+01 7.442352447096568824e+01 6.371648418465805719e+01 8.045375171863133801e+01 8.901943451434927113e+01
2.372884694381488524e-02 2.002372884694326771e+01 3.001813270375989262e+01 5.001813270374206155e+01 5.009135908656703862e+01 4.180708782757968578e+01 4.735408978983415551e+01 5.563836105164320145e+01 6.231036712723350490e+01 5.979105564856837418e+01 6.808290266253113998e+01 7.971789275169165023e+01 6.557454795688046545e+01 6.382798442070848921e+01 7.797150213069552649e+01 7.233414812452127762e+01 5.710391027941516739e+01 3.751792122764766901e+01 4.625423108817533091e+01 4.190381937308788451e+01 2.190871792835349297e+01 3.825323000612614521e+01 4.653640866119297925e+01 5.722045320450697403e+01 6.285252979961416031e+01 4.928931335095399646e+01 2.934091346150929525e+01 1.521447199224548719e+01 1.719340021158439313e+01 4.795791146704318919e+01 5.705147350547824914e+01 6.854860795407739715e+01 7.781261250653170691e+01 8.610881331806386640e+01 8.371648424017759282e+01 9.200075825476298519e+01 8.611756882204075225e+01
8.175220331382776484e-02 1.422388782704490318e+01 3.422388782704626919e+01 4.175612355906647366e+01 4.450333484949984353e+01 4.736047772054660498e+01 5.052275539899281398e+01 5.646484205113307553e+01 4.238145024531648630e+01 3.978901533908674537e+01 5.393166578930676280e+01 7.393838303578006332e+01 8.557682443196000577e+01 8.383059920578295987e+01 7.819684670262333270e+01 6.407965695464743305e+01 4.422518227587202233e+01 3.273449481479548950e+01 2.895986989416023860e+01 2.583780137013431855e+01 4.190381937306187154e+01 3.604865201190606427e+01 5.603944382641949318e+01 7.347324813577648683e+01 5.457925792220470385e+01 3.459353156230069715e+01 3.638096501293694729e+01 1.641937135443699702e+01 2.748313995170025592e+01 4.549832179655066966e+01 6.103571567533866471e+01 6.933738872873624359e+01 5.775614151166504229e+01 7.453388352301850261e+01 8.745971022259868732e+01 9.827640983785386197e+01 7.905159417893160878e+01
9.124702163186203252e-02 2.009124702163150644e+01 2.496492316752067708e+01 2.175612348709582378e+01 2.450333476607273653e+01 2.736047762321966914e+01 3.052275528339385602e+01 3.970088371344931488e+01 2.824198188705759449e+01 4.824360055978237227e+01 6.808290265909349159e+01 7.154560217978475123e+01 7.982989811152924631e+01 8.523406049250675665e+01 6.993426128088186999e+01 5.008033205030495338e+01 3.861659273697463135e+01 5.261667065423782930e+01 4.894434893678913312e+01 3.215673585167773041e+01 5.214374487955965520e+01 5.603944382641841315e+01 6.432562168134032277e+01 6.519002481590659670e+01 4.504451676784963610e+01 3.826283394306149432e+01 1.826935451417812217e+01 3.640924549348215322e+01 2.112003370811159897e+01 4.102433428602312659e+01 4.101812405331219935e+01 5.355366243296020201e+01 4.618520495331480902e+01 5.910814227348181760e+01 7.450446953025937091e+01 8.347366757925978220e+01 9.266733079837065645e+01
2.239863785106879432e-02 2.484228457437728466e+00 4.964923149221907472e+00 7.613987863352005725e+00 1.036119914232580896e+01 1.321834199946869148e+01 1.638061965963712652e+01 1.971395299297051906e+01 3.971395303362986340e+01 5.073679956982019235e+01 5.740346627530857404e+01 5.154560178275129800e+01 7.154560217978475123e+01 7.696164332604635661e+01 5.708520533354842286e+01 4.564629516234789008e+01 5.847158989513647498e+01 5.847158989513647498e+01 5.921240885230771056e+01 3.921920793608827438e+01 5.921240885230771056e+01 6.799227004252269069e+01 5.975715060460269967e+01 5.449253109393885808e+01 4.867110028973425528e+01 2.855815822684765948e+01 1.959323990063341725e+01 3.513525793302548550e+01 3.536936248365113755e+01 2.600846964381884163e+01 2.956101414234763425e+01 3.358978866145578479e+01 3.908118039995007109e+01 4.613508848324956091e+01 5.511057295928019073e+01 6.930893674439994356e+01 8.934573419009146278e+01
1.766589122093755945e-02 2.001766564441984997e+01 1.312988895849909809e+01 2.761398788444460450e+01 3.036119916677701625e+01 2.138330780874609616e+01 3.638061969352104796e+01 3.971395303363122053e+01 2.588608699145430592e+01 3.073679949218104923e+01 3.740346615884794801e+01 4.895047154264175759e+01 6.895047181818780757e+01 7.954916422317100455e+01 5.966081341563693741e+01 5.265183466354890385e+01 7.250520174791860484e+01 7.835685507389322879e+01 6.749944463904347458e+01 5.075903392783283152e+01 6.749944463904347458e+01 5.975715060460269967e+01 4.005874812397325258e+01 3.473810701861348349e+01 2.989357100705939985e+01 2.530430325757718890e+01 2.093845383128800464e+01 4.093638585001875896e+01 4.972029879844992450e+01 4.590125804448641134e+01 4.101812405331219935e+01 5.355366243296020201e+01 4.987474584022378110e+01 5.910814227348181760e+01 7.450446953025937091e+01 8.347366757925978220e+01 8.785525873148658604e+01
