LEM/with_lateral_4open/elevation_000110.asc
nrows	100
cellsize	150.0
xllcorner	0
ncols	100
yllcorner	0
NODATA_value	-9999
[rows 17 to 33 of 100, columns 0 to 36 of 100]
5.222468517465790605e-02 2.487169831458648339e+00 4.981629501941888805e+00 1.495929452615574640e+01 3.145096540619021042e+01 3.427937334319680218e+01 2.582643151031699347e+01 3.737342952087763592e+01 5.737223682134303004e+01 4.775907305844800277e+01 4.775907305844800277e+01 6.775833191869779171e+01 7.856391568739066145e+01 8.149042566788558872e+01 8.474179170950689866e+01 7.062346469602404397e+01 7.062346469602404397e+01 9.058208279539195473e+01 9.245366545896892774e+01 7.254575540228154296e+01 5.845139904526354258e+01 4.846477160452799637e+01 6.027308233622156308e+01 5.556727883808451907e+01 5.120861580057813711e+01 4.148333614453666485e+01 2.148584958456330085e+01 3.961780556114523222e+01 4.768816284239630932e+01 4.478914125659230905e+01 6.441725722621410455e+01 7.109874382741801924e+01 7.328537547625661830e+01 8.156587834695496042e+01 9.057668689092152192e+01 8.708189189846068246e+01 6.647438450970281565e+01
7.333276091007127906e-02 2.007333276090971452e+01 3.923145105790518450e+00 2.482891786823030955e+01 3.128676700966176938e+01 5.127405255582404919e+01 4.582642965992987882e+01 5.410695048181849387e+01 6.564799338075120261e+01 6.775833191869779171e+01 6.775833191869779171e+01 7.603945299128119473e+01 7.560712074446938402e+01 6.142861314649665871e+01 7.560712074446938402e+01 9.058208279539195473e+01 9.058208279539195473e+01 9.886011872298975334e+01 9.398499338863894081e+01 7.408420655569469204e+01 5.999360278328322238e+01 6.825826171684950339e+01 7.167322489622645776e+01 5.750456819321756541e+01 4.529723410246113247e+01 2.529887043889779008e+01 4.148333610134226035e+01 2.381788130199810283e+01 4.381595961080436297e+01 5.447110907223594012e+01 7.254698025840586695e+01 7.208226904046281902e+01 8.035016848444138304e+01 9.032550652645365119e+01 9.674687550072616204e+01 7.610347768223687126e+01 6.154902543350286948e+01
6.343274376862209629e-02 1.462985952479523810e+01 3.340722186737499300e+01 4.425909358076273747e+01 5.127405255582404919e+01 5.655955517414875544e+01 4.829352526524544942e+01 5.657252699023380416e+01 5.712708930867314905e+01 6.539552702859914746e+01 6.563498882070942386e+01 5.977294396221817152e+01 6.664653300743064790e+01 4.727125432165319552e+01 6.664653300743064790e+01 8.081835277612262303e+01 8.034183356261343079e+01 8.863764255970572492e+01 9.982133081827966237e+01 7.991301206811614577e+01 7.991173584510518424e+01 7.586731974930202682e+01 6.166441130769182166e+01 4.336396392231069541e+01 2.922117395119446570e+01 4.529723018624962805e+01 5.206536540588620454e+01 4.381449288213968174e+01 2.618309438697646385e+01 4.618170529244386557e+01 6.218822956946342373e+01 5.229419010379087496e+01 6.211098982991334339e+01 8.205354825101217386e+01 8.996795176143113792e+01 6.928303716444605698e+01 5.746913910353816846e+01
3.497053469895897854e-02 1.417710615843003374e+01 3.417710615843447641e+01 4.747099485111193218e+01 4.166469886961061775e+01 4.656612238753653088e+01 2.829747231164459720e+01 4.656611561551221001e+01 3.736421665690220095e+01 5.227229396634228209e+01 4.572220845845701831e+01 3.990220327519837440e+01 4.943965097531210517e+01 3.843153299900610875e+01 5.247471323873867277e+01 6.615002117004225113e+01 6.027158000238467395e+01 8.034183356261343079e+01 8.891585019166132042e+01 7.890897581300912123e+01 7.061578493694645431e+01 6.394431976482584901e+01 4.753958323670873654e+01 3.339147324236110137e+01 4.921964777624407361e+01 5.750387485836265711e+01 5.603389934045267751e+01 3.603824841655242750e+01 2.787340212717818844e+01 4.787102369747058361e+01 4.278288010234915362e+01 6.218822957212687186e+01 8.035016848432175607e+01 9.032550652645365119e+01 9.843683628097213045e+01 8.653484763112345490e+01 7.734346355574862741e+01
9.635555453094322986e-02 2.009635555452911149e+01 2.981574726194669367e+01 2.751349239150798809e+01 2.166215412344644875e+01 2.912123401177643345e+01 1.829748179344476711e+01 3.584397413253359588e+01 2.619168189055316986e+01 3.262494966611716052e+01 4.091631334162464384e+01 2.621578295068846387e+01 2.978689473930151621e+01 3.471951092369561565e+01 4.012556286991515009e+01 4.609908381760727991e+01 5.766545252218884343e+01 7.774015748316298868e+01 8.061943460873916933e+01 6.061213526515377481e+01 5.061572592762500733e+01 4.395047859951016278e+01 3.792058188462846857e+01 4.753215442503525168e+01 6.167603951368855775e+01 7.017255183249167771e+01 5.017793326945621857e+01 4.974732760084153682e+01 2.961558856880605717e+01 3.492638266300773608e+01 5.391376179399918556e+01 6.770687874656888994e+01 7.598689861978338911e+01 8.753171741418996987e+01 9.178457329804399478e+01 8.332070161601703262e+01 8.156432237686669851e+01
8.845047570523793812e-02 1.600308367742148574e+00 2.157476272306465503e+01 2.528794184518477195e+01 7.520006659807049409e+00 9.121288197857907676e+00 1.073819236476678007e+01 2.418217078923561303e+01 1.650363938600121116e+01 1.897802036147296434e+01 2.152292664177715764e+01 4.036571100539133994e+01 4.925702076285008246e+01 5.456329364140982108e+01 6.010443608886509992e+01 6.615002117004225113e+01 7.445461128104527404e+01 8.603741746677194158e+01 8.891585019166132042e+01 7.890897581300909280e+01 7.061578493694645431e+01 6.176738623975987252e+01 4.176952553359588194e+01 6.176738623975987252e+01 7.581992460234182829e+01 7.844969196800569478e+01 7.017255088000837304e+01 5.167637866319464024e+01 3.147272652275006877e+01 5.167620140758280201e+01 4.213834536225450478e+01 4.782683185013010529e+01 5.925280219555694572e+01 7.925536208078987954e+01 8.332070161601703262e+01 6.277441230189636912e+01 6.106621453966317858e+01
8.023991185656004221e-02 2.008023982613662639e+01 3.756963831810912868e+00 5.290893809505647027e+00 2.528872405455623351e+01 2.912097051953828242e+01 3.073816928292709960e+01 1.311142111298121016e+01 3.333156271594641140e+01 3.270033148779086929e+01 3.490116951679146240e+01 2.740198720801852517e+01 3.231155018865492679e+01 3.746666584960433966e+01 4.367904005796938804e+01 5.770125667181856244e+01 7.745842743204678982e+01 9.212188464691276124e+01 9.014355542520495135e+01 7.013212164471002552e+01 5.599180019345707393e+01 4.932752990569819218e+01 4.883948597875463804e+01 6.176738623975987252e+01 8.177240326200339382e+01 7.562145522167786282e+01 6.733129019639905266e+01 5.495052033827220583e+01 3.476713636627539472e+01 3.463809936624567598e+01 5.477431258274446435e+01 6.770687874656900362e+01 6.184826765446660346e+01 8.185081710179210290e+01 8.332070161601703262e+01 6.277441230189636912e+01 4.835103034593554128e+01
4.598823041778624804e-02 2.004598823041402511e+01 2.376908408936754213e+01 1.943303967402167842e+01 1.943301635558156448e+01 3.943169511670278382e+01 3.573511551493827199e+01 1.548241964289580253e+01 3.573511551493827199e+01 5.247537743034635582e+01 5.348249254217869009e+01 4.173184999393718897e+01 4.303668131583984291e+01 5.722385549000107829e+01 5.722385549000107829e+01 5.428717315673262789e+01 6.419266365459108670e+01 8.391452596052171486e+01 8.754634792036766555e+01 6.753594238469146660e+01 6.565467227414880824e+01 6.932615666298667634e+01 5.639602372293985155e+01 7.639788118787934934e+01 7.888120930301907663e+01 5.887627236547267984e+01 4.729526232587303269e+01 3.964616177550886533e+01 5.495055211999508060e+01 3.701153947269666844e+01 5.136964028491142642e+01 7.181591954939318612e+01 8.185081710179210290e+01 9.012552958555438920e+01 8.475470854296175105e+01 6.420170046416056664e+01 5.241175670630673977e+01
7.340434288523949025e-02 2.007340434288488495e+01 3.409293312093092254e+01 3.943524619343168780e+01 3.943190591957844049e+01 4.770877749927799272e+01 3.819671365355304005e+01 1.789785538688762401e+01 2.954787688021749759e+01 4.405672891324090301e+01 6.438671644247104098e+01 6.396966792918264133e+01 6.220887557946597468e+01 7.025887573423094068e+01 7.699826861354415541e+01 7.405359480755642210e+01 8.224741386844857516e+01 9.212188464691276124e+01 9.583728850692929768e+01 7.908650667027667680e+01 7.980046717521749144e+01 8.468791072302211376e+01 6.794036543690340579e+01 8.468791072302211376e+01 8.717392252237986838e+01 7.562145522167102740e+01 6.361854915014768608e+01 4.355992098178267469e+01 6.004422489715938838e+01 3.941618894041556587e+01 6.004422489715938838e+01 7.688447382088041593e+01 8.518592988256199305e+01 9.521449214279432738e+01 9.321491527403570387e+01 8.137031992704342542e+01 7.288842379600941968e+01
3.515918393995972474e-02 5.808661875836241606e+00 2.580866187583659865e+01 4.352102353956653502e+01 5.506802892383648640e+01 5.259266895259122521e+01 3.210314519178302817e+01 2.039343473198944068e+01 4.076304314254042538e+01 4.841267337187304065e+01 5.217801735816477304e+01 5.613063050612165483e+01 6.093133919107426522e+01 6.598275907710892341e+01 7.178242844260972788e+01 7.935248449698147510e+01 8.763846815491564257e+01 9.918822995882175064e+01 1.073936185327556814e+02 9.910270597997528341e+01 9.981431946049478654e+01 9.624200785927496327e+01 8.795106255661967509e+01 9.401184855957913555e+01 8.400962653448846140e+01 6.939667458317117621e+01 4.938066093816601665e+01 6.361854915014768608e+01 6.307806869753593304e+01 4.227894868891053193e+01 4.919255077450223013e+01 5.662550025794957520e+01 6.684943462374717171e+01 8.691951301801373120e+01 9.464491872697445274e+01 8.442998912171826476e+01 7.599325557653833130e+01
4.608085242692564615e-02 2.004608085242657012e+01 1.523675229165695910e+01 2.678375767544967800e+01 4.678375767545038144e+01 6.095182606384831558e+01 4.852443659527964570e+01 2.798975233948343444e+01 2.431268912086877876e+01 2.780367506485631068e+01 3.155437897758070065e+01 3.559225012134334065e+01 4.056365719728746910e+01 4.577707953297042565e+01 5.169178442631314141e+01 5.932399876629511226e+01 7.089720688856483832e+01 9.090260850612824584e+01 9.965377127522265255e+01 9.133519228377801369e+01 9.965377127522265255e+01 1.089190193891176648e+02 9.986661530712622437e+01 7.986196662919304856e+01 6.572129247579735534e+01 5.572120261503768290e+01 6.939667458317117621e+01 7.768414264869353758e+01 6.652933367841977486e+01 4.582174378607047771e+01 5.229033896426432193e+01 7.269834496285592706e+01 8.518566338295536866e+01 9.521449214279432738e+01 8.623377639898194502e+01 6.575273475409480284e+01 5.554868948401446005e+01
1.610643649003322755e-02 2.001610643648967880e+01 3.523675229165766609e+01 3.156668391021177200e+01 5.156668391021247544e+01 6.292203686227220771e+01 4.256076470449140459e+01 4.852444324592057967e+01 2.921781378210380353e+01 4.841267337187304065e+01 5.217801735816477304e+01 5.613063050612165483e+01 4.758403772626957817e+01 6.011103492207298160e+01 7.178242844260972788e+01 7.178242844260972788e+01 8.763846815491564257e+01 9.696291692261239348e+01 8.963882159447909714e+01 7.132721594523928843e+01 8.055714359208968744e+01 9.473808149060370454e+01 9.803100530798796797e+01 7.802672230033834921e+01 6.388674057482634083e+01 7.572124252375124343e+01 8.400962653478879361e+01 7.903861839551147739e+01 5.891487466760889902e+01 4.957427258132275227e+01 7.003900660803631695e+01 6.333639260654698688e+01 7.758541086728406810e+01 9.760647666825357760e+01 9.464491872697445274e+01 8.442998912171826476e+01 6.577097253027640988e+01
2.022278438842990689e-02 2.002022278438807490e+01 2.823240292703908239e+01 4.823899805895209170e+01 5.985095515873336325e+01 7.124355411992230813e+01 6.292203686227220771e+01 5.819195606027331280e+01 4.982247052975016288e+01 3.708464636749818055e+01 5.756229371969018871e+01 7.540439294067694220e+01 5.776791662907150027e+01 7.610353644700917641e+01 8.844537058849118694e+01 9.179578839358721609e+01 9.111789587083391950e+01 7.698644280339144075e+01 8.133120411450862264e+01 6.140483875934974378e+01 6.646275770792921378e+01 8.642493607160869828e+01 1.002198073925492707e+02 8.021486599587373689e+01 7.282834099570111164e+01 9.217604541796757189e+01 9.538359112820772623e+01 7.536516960080257377e+01 7.393141255548799506e+01 5.370587795208628279e+01 7.393141255548799506e+01 8.344944527380593513e+01 7.977580327515730119e+01 9.979508336516008171e+01 9.033706346917867336e+01 8.063490201413159753e+01 7.245696832268411924e+01
6.642187732006160639e-02 8.231387703918485954e+00 2.237359551441515748e+01 4.237681524192778681e+01 5.198928682770551291e+01 5.699140987483465182e+01 5.699140987483465182e+01 6.530267079135444419e+01 6.589069690024804515e+01 5.165077967128650727e+01 4.686330481939052817e+01 6.710371420826855626e+01 7.784307008932911742e+01 7.784307008932911742e+01 9.785571013440636534e+01 9.448111668118129103e+01 8.283741660871366719e+01 6.287821847238981121e+01 7.021411133243934444e+01 5.413604415189519870e+01 7.379974593405675876e+01 8.212132789259291599e+01 9.044158621852754720e+01 1.002198073925492707e+02 8.437616081519911404e+01 1.011238807393386452e+02 1.036772656533355672e+02 8.809704013282885171e+01 6.806381731063358131e+01 5.942985314058072532e+01 6.460280610804181833e+01 8.464374497894533533e+01 9.979505034261210028e+01 9.600793886484018458e+01 7.638169997950315349e+01 6.211859018345450067e+01 5.195142946035011278e+01
1.591255364720534082e-02 2.001591255364684940e+01 3.649652044668664530e+01 4.612976788857817922e+01 3.198284824681196881e+01 3.698291768630976151e+01 3.698291768630976151e+01 5.699140987483465182e+01 6.717517033504329049e+01 7.183395110950534956e+01 6.710371420826855626e+01 5.972534791346018324e+01 7.393716510227069705e+01 9.395449756388329376e+01 8.626043490400452640e+01 7.132707142241363840e+01 8.039303835862727965e+01 6.222308257085966687e+01 5.031390837455953857e+01 4.932351306747282393e+01 5.485312376044675631e+01 6.192514637228907048e+01 7.363558088034014304e+01 9.371307388141816830e+01 1.043818185534451572e+02 1.126780983580035667e+02 1.081079840601891533e+02 8.809703996566264550e+01 8.527540496766611966e+01 6.525860375728797180e+01 8.464374497894533533e+01 7.878314886578993992e+01 9.879247559891599906e+01 9.529888678206849306e+01 7.532921334136359803e+01 6.367763861797791947e+01 7.246319509919523227e+01
6.189296070378335485e-02 2.005338317516045521e+01 2.751059818258388390e+01 3.151729441863216508e+01 1.784058565645175065e+01 2.284058565801973018e+01 2.991165357250408263e+01 3.885593284291744709e+01 5.299911662136110380e+01 7.302113262296894902e+01 7.282284044325633943e+01 7.980010603901139632e+01 8.808900682326532205e+01 9.017032375167802627e+01 7.744713860370727332e+01 5.474562869352899241e+01 6.266777254190106561e+01 5.826290296268732760e+01 4.283755848625297347e+01 4.655958009709217293e+01 6.969122477032665586e+01 8.212132789259291599e+01 9.044158621852749036e+01 1.020360148247755347e+02 1.041357370559085922e+02 9.587958894669229437e+01 1.041357504122152875e+02 9.942284275102714730e+01 7.941534424127839031e+01 7.421534216006823215e+01 9.356604664120563086e+01 9.879247559891599906e+01 1.070866107246871479e+02 1.040259893369016027e+02 9.286394656896189304e+01 8.470493470021206406e+01 8.694592301647723787e+01
2.247884206357958492e-02 3.736385605604624960e+00 7.516030335696913589e+00 1.151603033569694823e+01 3.151729441863216508e+01 4.284326936698638377e+01 4.991580489193707848e+01 5.821984112760807051e+01 6.717517033504329049e+01 6.686042039890945432e+01 5.259776090466294818e+01 6.686042039890945432e+01 8.438542011924535302e+01 7.039834934307340575e+01 8.319032939593638787e+01 5.973020841122517055e+01 4.211104451051566855e+01 3.837969566939271715e+01 5.826290296268732760e+01 6.923882449078810453e+01 6.568144684412801837e+01 8.753269052377483206e+01 8.272409083169269195e+01 9.093812968699873522e+01 9.425930047583044313e+01 7.620145402244538957e+01 9.425944626182632646e+01 1.077167236576281795e+02 9.942284279928698254e+01 8.836329576688470411e+01 9.422318365708795795e+01 1.142328792745656045e+02 1.235542281652748500e+02 1.032056367105221426e+02 1.022212208390688772e+02 9.372466376959638978e+01 8.655099401777555101e+01
