LEM/with_lateral_4open/elevation_000012.asc
nrows	100
cellsize	150.0
xllcorner	0
ncols	100
yllcorner	0
NODATA_value	-9999
[rows 17 to 33 of 100, columns 37 to 73 of 100]
6.770052190927722791e+01 4.777219139301584505e+01 4.777218977267862954e+01 5.704556853375191849e+01 4.531133883936673357e+01 3.510994392020542421e+01 1.586897181102958321e+01 3.447822736303042035e+01 4.274079132307618067e+01 4.462971995172788553e+01 4.579403969293296939e+01 2.652355392733959505e+01 1.514354313673137220e+01 3.513582327607662137e+01 3.836972591930859977e+01 4.282762821141371745e+01 4.222927566393735077e+01 5.063054155526710787e+01 5.182752101951297163e+01 3.984844008912372715e+01 4.774584416260211128e+01 5.940837576974325174e+01 7.921010162744207150e+01 9.078307492888471586e+01 8.249806293453401906e+01 7.641812881354904619e+01 5.648703974530671701e+01 7.101922125481179648e+01 5.102692218648414979e+01 7.101922125481179648e+01 8.710189925898066576e+01 8.227243713756959664e+01 7.122125699811077482e+01 8.796220513304396604e+01 8.356356928848940413e+01 6.527325118200835163e+01 8.356356928848940413e+01
5.433401745659358539e+01 5.042290795719193142e+01 3.365713807833260773e+01 3.710219187854550427e+01 3.728072767119294895e+01 1.728408997527888147e+01 3.586841653435401867e+01 3.586841653435919142e+01 5.582295428809779025e+01 6.456702015174316500e+01 5.379320253185179723e+01 4.329556160485217475e+01 2.409566711880118817e+01 1.659346415759991800e+01 1.824002062639489807e+01 1.989736123406980894e+01 2.159002505802235206e+01 4.221859027568132205e+01 3.118460224831530070e+01 5.182752101942308087e+01 6.771725367705668930e+01 7.121903904275984587e+01 7.938205077709538671e+01 8.958782523436318002e+01 9.616887666215259856e+01 7.641812881354904619e+01 6.465306760970844380e+01 7.927327262093373861e+01 7.101922125481179648e+01 5.887538329603005138e+01 7.042232718299578664e+01 9.037763869766497749e+01 9.122700208343246686e+01 9.951175090822735569e+01 9.356687642550208750e+01 8.528210519763412378e+01 9.356687642550208750e+01
3.439119379934652443e+01 3.047034508249469908e+01 2.668423817922017705e+01 2.296129385942231949e+01 2.059985229649577221e+01 1.839529783663838458e+01 3.838752994743811087e+01 4.100082561614139109e+01 5.510491782827054408e+01 7.500104238918302713e+01 5.806361587234351873e+01 3.821323056544041918e+01 3.802180731684016735e+01 1.790584036874741258e+01 3.739231891180379108e+01 2.813968003739964274e+01 4.116430045974189511e+01 2.403544455025690496e+01 2.579948677657185030e+01 4.656815308309193568e+01 5.485672512287562341e+01 5.117937898529400087e+01 6.163125823755065369e+01 7.794342750226535088e+01 8.780145921480547599e+01 9.265497753978547735e+01 7.875654520504546952e+01 8.453482040272191966e+01 8.591648258591492038e+01 6.594765029396579337e+01 8.591648258591492038e+01 9.860910307037453038e+01 1.090166341454044669e+02 1.022382019771411450e+02 9.409482145061834046e+01 1.022382019771411450e+02 9.291547627566430378e+01
5.433401745659358539e+01 4.793511310449310514e+01 2.797172220028657463e+01 4.294426537835402513e+01 3.950249596751432080e+01 1.950964489173689742e+01 2.468332023639911554e+01 4.465847366489513348e+01 5.357848201683491851e+01 7.347306871442968657e+01 6.623087378313140050e+01 5.806361587234351873e+01 3.922663120213385923e+01 1.922636560111241621e+01 3.917791287683478885e+01 3.368429089208727589e+01 4.248668221451142557e+01 4.107813912760623509e+01 4.656815308398328312e+01 2.852904349793557515e+01 3.420132826363458634e+01 4.130765889355387088e+01 4.980148039115847780e+01 5.991873492244895516e+01 7.392159712708098596e+01 9.353578753086695485e+01 9.848481075207658364e+01 1.041951882089262398e+02 9.415331656956355744e+01 7.749140337319303740e+01 9.415331656956355744e+01 1.090166341454044669e+02 8.948372864574101015e+01 9.250422208886713804e+01 7.470634922941314926e+01 9.250422208886713804e+01 8.481950155386614654e+01
5.326636276211829824e+01 3.331865309992902269e+01 4.793511310449310514e+01 5.618696766431398970e+01 4.064544158466789270e+01 2.065431965655606916e+01 4.064500434239285198e+01 3.363138408920686118e+01 4.774530690748256490e+01 6.766101585755886560e+01 6.692056185028837945e+01 5.702278658269273848e+01 4.055279726766283233e+01 2.055531647210691659e+01 3.762059853617607530e+01 5.172949466292606502e+01 5.704673765484626813e+01 6.379215358373114952e+01 5.763804040600532375e+01 4.339048102380123595e+01 3.157775387959844338e+01 5.235037803450284599e+01 6.364443535678147157e+01 7.774351209665184115e+01 7.783490356704079716e+01 8.596783768427388850e+01 8.681350885327796618e+01 9.494959385576251520e+01 1.042176380827969666e+02 9.742535481938941189e+01 1.056483363027683708e+02 1.085047033239499115e+02 9.306808358934486591e+01 7.368696830898444716e+01 6.498423335429019687e+01 7.678486552016954647e+01 7.218475316460990143e+01
3.908128776980262131e+01 5.326636276211829824e+01 6.151571108844235880e+01 5.590122331375046372e+01 3.595036472245541859e+01 2.180464034548286634e+01 4.179383572808648495e+01 5.354946645839080333e+01 4.774695666627918200e+01 6.771703280520148382e+01 5.866940374856358176e+01 3.892542723639385827e+01 2.896524148387518593e+01 2.189305240970028166e+01 4.188979929879885589e+01 4.023439984634163835e+01 5.453926666965881509e+01 7.512625082095395612e+01 7.188559978820964602e+01 6.061769232966837961e+01 5.235037803450284599e+01 3.475884498776533604e+01 4.953893784015397017e+01 6.249314027869210975e+01 5.807222442414586538e+01 7.076718711929075312e+01 6.716085860487780224e+01 7.647165642876468894e+01 9.201546290323648236e+01 1.018035324744531209e+02 1.085047033239499115e+02 8.903269378081502339e+01 9.260587410818816068e+01 9.250422208886713804e+01 7.678486552016954647e+01 5.727413851126062383e+01 5.261887886544425186e+01
5.902305514248610763e+01 6.726963295484084426e+01 6.668691884493236444e+01 5.842935169156847763e+01 4.294975114613136213e+01 2.296292072171134180e+01 4.294975114635757762e+01 5.689733804161561892e+01 6.768632446962833171e+01 7.602079401724965635e+01 6.692056148577343322e+01 5.702278371660133871e+01 4.860088248133595101e+01 2.941048913526877229e+01 2.386156501932969221e+01 4.409256398231444507e+01 5.421935749228763513e+01 7.429148167777721312e+01 8.020839090958114070e+01 6.038560872985848960e+01 4.603723221891308270e+01 5.541227997618902634e+01 3.820300226056847492e+01 4.225526893954562979e+01 4.637703172768169679e+01 5.086839847912634127e+01 5.671079508031231597e+01 6.426285446061893936e+01 7.411869100032095048e+01 9.366137378450703466e+01 1.063563047136534436e+02 8.691025926293443149e+01 7.325482454210114724e+01 8.293033872402261863e+01 8.471491150943441539e+01 7.678486552016954647e+01 7.218475316460323654e+01
7.373476698912485006e+01 7.252168659205534595e+01 5.259218496556017186e+01 3.848560879533038559e+01 4.411034198336366785e+01 2.412770779660149856e+01 2.885587735783051855e+01 4.870732293100569166e+01 6.437549679634533106e+01 7.592122130899089427e+01 7.048089570254330738e+01 5.159507159251019459e+01 4.058385442128173537e+01 4.521246914503860381e+01 2.527106747660118558e+01 3.420849417460318165e+01 4.834471150710749754e+01 6.851842096142466687e+01 8.233298012422186218e+01 6.255295799405060109e+01 6.618187413741405578e+01 6.153772746351030776e+01 4.124988062984038351e+01 6.153772746351030776e+01 6.642491544398218650e+01 7.076718711929075312e+01 6.716085860487780224e+01 7.647165642876468894e+01 9.201546290323648236e+01 1.018035324744531209e+02 1.123684529724612560e+02 1.007217061997574774e+02 8.293034932514468949e+01 6.351544709113772313e+01 7.449243782654143331e+01 7.186221162593606948e+01 6.560022318192864077e+01
8.368911472018329789e+01 7.141393156534483921e+01 6.298045063394445719e+01 4.581584746244020323e+01 2.583888577887724836e+01 4.411213556975665284e+01 4.870732106740948097e+01 3.640637719620473689e+01 4.785771227278659978e+01 6.758707959689319011e+01 7.825355123965525195e+01 6.737027249811188767e+01 5.740111431527327568e+01 4.669806136106447525e+01 2.670601020627696442e+01 4.669805660844307482e+01 5.707899527771970583e+01 6.782155004660964437e+01 7.827854180976072485e+01 8.233352604201554925e+01 7.627245972229691517e+01 5.647717980418614303e+01 4.473451305911628850e+01 5.051652572867999424e+01 5.727552493149656954e+01 7.704333798238587860e+01 8.681350885327796618e+01 9.494959385576251520e+01 1.042176380827969666e+02 1.061779781721506453e+02 9.802652279144703584e+01 8.474977696810049110e+01 8.474977696810047689e+01 7.465450619850837199e+01 5.511368870147479981e+01 5.228928664912568536e+01 4.955216558844668384e+01
6.620824338394328379e+01 6.318270184071508311e+01 4.314674126760181849e+01 4.396730750481727767e+01 2.706574616897426466e+01 4.700664121739049506e+01 6.077471449835901041e+01 5.618241461482578814e+01 4.633331631909132398e+01 6.025825650302892456e+01 7.996044294421969312e+01 7.843637755928230604e+01 5.599308224238956910e+01 3.969172397063024960e+01 4.669804449547484637e+01 2.878302019340795681e+01 4.610857631786134903e+01 4.633658637082132969e+01 6.906373414539926614e+01 8.133401448057587402e+01 8.440731902107101803e+01 6.831946390600492691e+01 4.835242760828018049e+01 6.831946390600492691e+01 7.704333798238587860e+01 6.875340571865491768e+01 8.009440946494478908e+01 9.966897909613079776e+01 1.092782003714752648e+02 8.978972313248274872e+01 7.869046173824126811e+01 7.186894521356649079e+01 6.537179436819414491e+01 5.991099477628757342e+01 7.465450619850837199e+01 7.186221162593606948e+01 5.653330236570820233e+01
4.625922953915451785e+01 5.770195529934938605e+01 4.886685477238445685e+01 2.890807943096483612e+01 4.703591709906066143e+01 3.262234949476336965e+01 5.257206043516450222e+01 6.684509625986713388e+01 6.602889330745209406e+01 6.025825650302892456e+01 7.996044294421969312e+01 8.078734478550352094e+01 6.038403463783345160e+01 5.644586730115594264e+01 3.660697299092199586e+01 4.633981519942044258e+01 3.095883572387873528e+01 5.182546585844918496e+01 5.413763181337098018e+01 7.325130393080087288e+01 8.583388653781194932e+01 6.619245121897372997e+01 5.208579100266574358e+01 7.194529713373765389e+01 8.630608463264532304e+01 8.836759605029449460e+01 9.650407031455365825e+01 1.078250616712087435e+02 1.174842017044405083e+02 1.061779781721506453e+02 9.802652279144703584e+01 8.644628272189078189e+01 6.708157599525905823e+01 6.969505491242659900e+01 8.745231808228098203e+01 8.412454866269952447e+01 6.634527361943644053e+01
5.770195529934938605e+01 3.776065539318653208e+01 5.016827785431432574e+01 3.022723156248042642e+01 4.696329717092196887e+01 5.254334241656373905e+01 3.863914481256574618e+01 5.858637696119588867e+01 7.349359267531006878e+01 7.996044294421969312e+01 8.820383261235299699e+01 7.929322985957958281e+01 5.950178681655813051e+01 4.550333910321656106e+01 5.644587265138620324e+01 5.219203695163278667e+01 3.252316989345764853e+01 3.827364012181399033e+01 4.822077605057905458e+01 5.968310567540677170e+01 7.958708656812450499e+01 8.007919772051718610e+01 6.106446082265171782e+01 5.845899076271747674e+01 7.818238065888033361e+01 9.201763473516517422e+01 1.001545503508799868e+02 1.099463270814163280e+02 1.220532692683934357e+02 1.122290023945920154e+02 9.433923011529445546e+01 7.500553643482483324e+01 8.644628272189078189e+01 8.336648931557631670e+01 9.716408779381346505e+01 9.384835706754988394e+01 8.574977915713030541e+01
4.625923820631001604e+01 5.206143602534089609e+01 3.212212943711489999e+01 5.017723357330260825e+01 4.439650615063941785e+01 6.423843035752274488e+01 5.858637696119588867e+01 4.528633826113204464e+01 6.523639578751100032e+01 8.077592744576006112e+01 8.903644354101859903e+01 7.781122740767541757e+01 5.802697346569168957e+01 5.950178681704629469e+01 6.569372785968141670e+01 4.567307350441017633e+01 3.415673492806246259e+01 5.413404153871184832e+01 5.233320045839853663e+01 7.222081050719732787e+01 8.788530050691966267e+01 8.887317164486412935e+01 7.247844049205862405e+01 7.818238065888033361e+01 6.550982342764707766e+01 7.248903575127214083e+01 8.225100017730869695e+01 1.017842692930216799e+02 1.138295755422448110e+02 9.426604636178815610e+01 8.463064927857244868e+01 9.433923011529445546e+01 1.024715110756329040e+02 1.027900832814182621e+02 8.677639732352140811e+01 7.855382278698715481e+01 7.598650666946844012e+01
6.620682871259985802e+01 5.348174056146056188e+01 3.354778969211201201e+01 5.348174056146056188e+01 6.438752287972599220e+01 7.263293014811043236e+01 7.349359267531006878e+01 5.681447572902719401e+01 5.380220184210468659e+01 6.086496802842373199e+01 8.077592744576006112e+01 8.605957713290528943e+01 7.199660603797094893e+01 7.929323081614592184e+01 7.401581241973107694e+01 5.580000974975008177e+01 3.581624669424265761e+01 5.339042513485822639e+01 6.845289956137432341e+01 7.222081050719732787e+01 9.219090519077043666e+01 1.001838630343221581e+02 9.204461438859391365e+01 9.323817170097801466e+01 7.534824893395641254e+01 8.511323235087347427e+01 1.001545503508799868e+02 1.099463270814163280e+02 1.220532692683934357e+02 1.122290023945920154e+02 1.040478109520164907e+02 1.050230839887161522e+02 9.671571446473035394e+01 9.693622456640176210e+01 7.855382278698715481e+01 5.867928678626422112e+01 5.609199258592848736e+01
6.857298890364533861e+01 5.387698020024678414e+01 3.498083867148844917e+01 5.491305806975734072e+01 6.452253703499654591e+01 7.559631645622232554e+01 8.500048124028678842e+01 7.674095253604146194e+01 6.790598263135422030e+01 8.077592744576006112e+01 7.712286822277691556e+01 9.703017653941518006e+01 9.184896517848048347e+01 8.266830416032804862e+01 7.135999850747931816e+01 5.836467615117238950e+01 3.922113051494999780e+01 3.853586865173593168e+01 5.474451994950418765e+01 7.810604018696265882e+01 9.138240574784482817e+01 9.043751564446027658e+01 9.877702611219275752e+01 1.030224953553893954e+02 9.487821576779046495e+01 1.030224953553893954e+02 1.128535104734591670e+02 1.115423875827879243e+02 1.199111665788266095e+02 1.063286921079461962e+02 9.801629836345486524e+01 9.354356743506049554e+01 7.690412593842725641e+01 8.852820642598972256e+01 6.881627475966521956e+01 6.450040360793983041e+01 4.442597444950980901e+01
6.082601440510392621e+01 4.084763993258755477e+01 5.491305478117379835e+01 3.715846572261608571e+01 4.906614420978585400e+01 6.592340545685559050e+01 7.937746687051567562e+01 7.936645572394370163e+01 8.762599822534946270e+01 9.608069397789914490e+01 9.703017653941518006e+01 9.717708898970533937e+01 8.565502954596072982e+01 7.440358602318571002e+01 5.501427676019714852e+01 4.415788078172604258e+01 5.837009603791873502e+01 4.049429152933619491e+01 6.031715377595490679e+01 6.298139925650785642e+01 7.402265149351076445e+01 7.033349496099511100e+01 8.707188113393158346e+01 9.541268102489873115e+01 1.054794979400882511e+02 1.135677567678837647e+02 1.052257237304892072e+02 9.162092215631858494e+01 1.083617226565329474e+02 9.484251050825550067e+01 7.819340809575878382e+01 8.467116428044768384e+01 6.548656514722060251e+01 8.028801391537341203e+01 6.041837884650941959e+01 4.880272921538031738e+01 5.552280070638850873e+01
4.731711417980806544e+01 6.082601440510392621e+01 6.535573828757159731e+01 5.709488218798285430e+01 3.937281020748724103e+01 5.931753190194618242e+01 5.945102429473039507e+01 5.944521849056400242e+01 7.612178671869963864e+01 8.581490340543759032e+01 9.408271065542749056e+01 8.885065269557372858e+01 6.895395292867921455e+01 5.782557999414732564e+01 4.947521005628044577e+01 6.320916593412368201e+01 6.270593672510617722e+01 4.287981811910005092e+01 4.542366492728073979e+01 4.894562804014881863e+01 5.402012554789750709e+01 6.029807323864991986e+01 6.696602736781552778e+01 7.700623991731227136e+01 9.713752235055075346e+01 1.052257237304892072e+02 8.536878330280508465e+01 8.023815611078252630e+01 9.946827003534441758e+01 8.657154733128409418e+01 6.677545537983063184e+01 7.514226831420984354e+01 5.656069226601067612e+01 7.642671850692558166e+01 7.466430915220951192e+01 5.722217014773299582e+01 3.708702003590491358e+01
