LEM/with_lateral_4open/elevation_000532.asc
nrows	100
cellsize	150.0
xllcorner	0
ncols	100
yllcorner	0
NODATA_value	-9999
[rows 17 to 33 of 100, columns 0 to 36 of 100]
5.222468517465790605e-02 2.005222468517430201e+01 3.303102183832084648e+01 4.131529308539927570e+01 5.286229846893355955e+01 6.419569855935279179e+01 4.985880592177679205e+01 4.733834808573436703e+01 4.733834808568914099e+01 3.554472506175941504e+01 2.569955991890466507e+01 3.980987074128417902e+01 5.538186075882092751e+01 5.170916155975788797e+01 6.779275122888303429e+01 7.601283489508725211e+01 8.594543909811511639e+01 8.139170018627550007e+01 8.973246602306574005e+01 9.054645137581577785e+01 7.057037572970432393e+01 5.643130748114634088e+01 4.643141902545340116e+01 4.010684555067629731e+01 3.476161599751553410e+01 3.147363591584088027e+01 2.835016059103431019e+01 2.653684962892623744e+01 4.653664889891119572e+01 5.015803442672776669e+01 7.015718895041000280e+01 7.420324356709001279e+01 8.244990731085667335e+01 7.729243297295535342e+01 5.705158453101893912e+01 4.692753688065079132e+01 3.867967344674509889e+01
7.333276091007127906e-02 2.007333276090874108e+01 3.989470935933397300e+01 4.771418907285425348e+01 5.357205284531466560e+01 5.395863717045973118e+01 3.524091644931581158e+01 4.560498111691300949e+01 2.736247551865409022e+01 2.142993417454270855e+01 4.138953351637825762e+01 5.389630220841570463e+01 6.798273367554723734e+01 7.172349817337956779e+01 7.994614155736987016e+01 8.151308304193275944e+01 7.317295488079081167e+01 6.125997484111171332e+01 7.810862017277902680e+01 8.973285038530892166e+01 8.055837871392009220e+01 6.057254466645795787e+01 6.108242346142451851e+01 4.108617884390239539e+01 5.475905571297338525e+01 4.561551522046022455e+01 4.834834906695314061e+01 4.653664556168612876e+01 3.015827948730266783e+01 5.015803442813913193e+01 6.248307387640905830e+01 6.419826897977375779e+01 8.419693271358335096e+01 8.564658809022293440e+01 7.462847287694312115e+01 5.438924147070849813e+01 4.271055092234705342e+01
6.343274376862209629e-02 1.161043812756103755e+01 3.161043812755869453e+01 2.771430804501817846e+01 3.357213757514718822e+01 4.255255415183331280e+01 2.510501777579502303e+01 3.729718337051532728e+01 1.738354208069001672e+01 3.735041180216423840e+01 4.963979686767255117e+01 5.691041068038030204e+01 5.714040215081175944e+01 6.547734116253418790e+01 6.585245125699115931e+01 6.989033740854112864e+01 5.304328682876445100e+01 4.963982321641913842e+01 6.125997484190607878e+01 8.139172048277826832e+01 8.882859801082358331e+01 8.055839743344330373e+01 6.579530599205074282e+01 4.580023680155396448e+01 6.579530659575007689e+01 6.560899716621702282e+01 6.084820131970464274e+01 4.084873023829911176e+01 5.015803442813913193e+01 3.419888994538637661e+01 4.419889600339229219e+01 6.419826897977375779e+01 8.004226313273473181e+01 9.158932482228657079e+01 8.298477478036896571e+01 7.131069719179760114e+01 6.294334712831553702e+01
3.497053469895897854e-02 2.003497053469763856e+01 2.310785580889634261e+01 1.357363234079647718e+01 2.618559397807656808e+01 2.198046120061230013e+01 1.692047948289728154e+01 3.001178073349636222e+01 1.472963423121495019e+01 3.478916436995079664e+01 5.104135180907508840e+01 3.683660531216533229e+01 3.705941362964136232e+01 4.853268111636985793e+01 4.573501001816075728e+01 5.502248359634506869e+01 4.142858458207010841e+01 6.155108561225567598e+01 6.387138946095043224e+01 8.400587294928003246e+01 8.934531732806787829e+01 6.936775734476046296e+01 5.522827230975761381e+01 5.474447805035703851e+01 7.407007715473433507e+01 7.498948006049020876e+01 5.499069187723073782e+01 6.084820132059402198e+01 5.757913679287248243e+01 3.757950782223030473e+01 4.419889600339229219e+01 5.175817462821738957e+01 6.330491565444489055e+01 8.330319734507449425e+01 8.883184273017722887e+01 8.335022068218162872e+01 6.320952964115708284e+01
9.635555453094322986e-02 1.603526254010083862e+00 3.114028871949247268e+00 4.636452403527356658e+00 6.194567917475017893e+00 7.771411001290942977e+00 9.367985925380121870e+00 1.103528545930885052e+01 2.707407133940659705e+01 3.570343283528549705e+01 3.886581992544588360e+01 2.270951394493850373e+01 2.553161890562438074e+01 2.850169583076070978e+01 3.157203096101273232e+01 3.493614268332199657e+01 5.502248359634506869e+01 6.989033740857152566e+01 8.400587294928003246e+01 9.234585088460757163e+01 8.934531732806787829e+01 6.936775734476046296e+01 6.936775734476046296e+01 6.888414383417448050e+01 7.473561469089666787e+01 8.327504752632060558e+01 7.498948006049020876e+01 6.283125908445310870e+01 4.283177324469908598e+01 5.757913679576707722e+01 5.390927085881049408e+01 7.175718402765949122e+01 8.004226313273473181e+01 8.710899045280213215e+01 6.866288876568201260e+01 6.866288876568195576e+01 6.320952964115637229e+01
8.845047570523793812e-02 2.008845047570488163e+01 2.310785580889643498e+01 1.877095946918893077e+01 2.032804339445926800e+01 2.776185033448952311e+01 1.821644268399699484e+01 3.103515308517515692e+01 1.417104474519172541e+01 1.649303269199105770e+01 1.886499534901914643e+01 3.886581992544588360e+01 4.554663802252027693e+01 4.853268111636985793e+01 4.157137949002625987e+01 4.912735974590378163e+01 4.347938477921007916e+01 6.360338695671590870e+01 8.270339660524388137e+01 9.432906057003717137e+01 9.761420180968491422e+01 8.934531732806787829e+01 8.934531732806787829e+01 8.886231499302637360e+01 9.470752700247658140e+01 8.352026800206024859e+01 6.352200250336286302e+01 5.352220818837999872e+01 4.730392530760655490e+01 6.730324231846523730e+01 7.390816763391080713e+01 8.219370321663610923e+01 9.300430254599898205e+01 7.285586465918250099e+01 5.856857204544894557e+01 4.844939587107788981e+01 5.855614231837054717e+01
8.023991185656004221e-02 1.422237553558738554e+01 3.422237553558667145e+01 3.876997036882428205e+01 4.032697203933193464e+01 4.531502795403078920e+01 2.931384671120540375e+01 2.692916035354151205e+01 3.649943152109441513e+01 3.649214550207970120e+01 2.517744548806508220e+01 3.299169797787408953e+01 4.455176261344128363e+01 6.465207929451337066e+01 5.317551652726154288e+01 6.925457154780718838e+01 5.770683509539824030e+01 5.423346634526440369e+01 6.585211593523179374e+01 8.598946651063748448e+01 9.325224641913254686e+01 8.495620446514558921e+01 8.544018598797806874e+01 9.373645833901866808e+01 1.035188097298212284e+02 8.352026800206024859e+01 7.352113525271155936e+01 7.201706836004360923e+01 5.201799820787589823e+01 6.615975718549512408e+01 8.615786841401366303e+01 9.648525251342685749e+01 8.640757003297477468e+01 7.805780980566186145e+01 7.132690048418768924e+01 5.855614231838015371e+01 3.835026257115025317e+01
4.598823041778624804e-02 1.418812385414886101e+01 3.418812385414956623e+01 4.740703694186890971e+01 5.569130809431695184e+01 5.635421007055324338e+01 4.828896432382578041e+01 4.142049854390488406e+01 4.743460842383007048e+01 5.352334528086842624e+01 3.671060358013452429e+01 3.781571270587888023e+01 5.789660546022986409e+01 7.298772259426328901e+01 7.330482842852106273e+01 8.164476504562379944e+01 7.783892243151568380e+01 7.436316173516118511e+01 8.270339660524388137e+01 7.714220770291842655e+01 8.170083213383082921e+01 6.495717561264696371e+01 6.544076148809074311e+01 8.218478847214363725e+01 9.218812569158322390e+01 1.018084189405050921e+02 8.615786843667470407e+01 6.615975718549638884e+01 6.018292971599521479e+01 6.615975718549665885e+01 8.615786843934665740e+01 8.813435758018700028e+01 6.798126203113662314e+01 5.786508184123955090e+01 5.111239771679772304e+01 4.527167712476336447e+01 5.855614231838015371e+01
7.340434288523949025e-02 2.007340434288488495e+01 3.107710532372107437e+01 2.740703694236701793e+01 4.265433417743790301e+01 4.972540198920327015e+01 5.800967315184801265e+01 6.195402109779058719e+01 6.790537791731983930e+01 6.512318124128049135e+01 5.678803443225348246e+01 5.789660653465036688e+01 5.789660688848933745e+01 7.802108808090559933e+01 7.631134967031513838e+01 6.802247284678662709e+01 7.631134967031513838e+01 7.905954093361845025e+01 7.129332047232340130e+01 5.715165392925197096e+01 7.129332047232340130e+01 5.342318678018041567e+01 5.390638960200141128e+01 6.389441536213710293e+01 7.803206121751976809e+01 9.804122763914644167e+01 9.444429014325221772e+01 8.615786843667470407e+01 6.912687407332722955e+01 8.615786844021613433e+01 9.444429083247459289e+01 9.648525251342685749e+01 8.640757003297477468e+01 7.805780980566186145e+01 7.132690048418768924e+01 5.539161812227028037e+01 7.258652399147848655e+01
3.515918393995972474e-02 2.003515918393960504e+01 1.107710532381336321e+01 1.662410728606555566e+01 2.265433417762072210e+01 2.972540198948607326e+01 4.127240737327817754e+01 6.127240737260906656e+01 7.476381543433970478e+01 6.647469420679939844e+01 7.476381543433970478e+01 6.682398066453805541e+01 5.853760450524723069e+01 6.682398066453805541e+01 6.631552757813841481e+01 4.803889533066553241e+01 6.631552757813841481e+01 5.906674277903081105e+01 5.906674277903081105e+01 4.302739912380484100e+01 5.798968696280625323e+01 4.449322587548388697e+01 5.447761436792660561e+01 6.860696398059798184e+01 8.860881613073148344e+01 9.705581121297328195e+01 9.924551064018473312e+01 9.741118953799779945e+01 8.326769708258743208e+01 9.741118953799779945e+01 1.026903089147014470e+02 1.046464647047284586e+02 9.629323347617400941e+01 9.632805743855732317e+01 8.394320595887296577e+01 7.559133423181806677e+01 8.394320595887296577e+01
4.608085242692564615e-02 4.410438657146754871e+00 2.441043865708523342e+01 3.662410728593783915e+01 4.265433417743790301e+01 4.972540198920327015e+01 5.800967315184801265e+01 6.955667847692988914e+01 6.476519253819053290e+01 4.648343922476281165e+01 6.476519253819053290e+01 5.682786289077727560e+01 3.855069001107553817e+01 5.682786289077727560e+01 5.803068408872611883e+01 3.805028060595127926e+01 5.803065248539061827e+01 5.735338699012498864e+01 3.908656558576952023e+01 3.409147652380992355e+01 3.801186395854770694e+01 4.954382027649430853e+01 6.952695541328496631e+01 8.275688891510120015e+01 9.119981327384580538e+01 7.704722008805265432e+01 7.923573928870139582e+01 9.924551064018473312e+01 1.032648545045626349e+02 1.026903089147014470e+02 8.247674278243363233e+01 8.618600127934834632e+01 7.604130495096667630e+01 7.605887464246670504e+01 7.605887464246670504e+01 7.732010343798361873e+01 7.755053802770682125e+01
1.610643649003322755e-02 2.001610643648967880e+01 3.269470771953386645e+01 4.894330955684425533e+01 5.282524393366206539e+01 4.709538104432595418e+01 4.709538104473154618e+01 5.520092783492039246e+01 5.647906671578111570e+01 3.648966314160361435e+01 5.647906671578111570e+01 4.854414725816139509e+01 2.855549501687584524e+01 4.854414725816139509e+01 5.137054261623858764e+01 3.138740788086458267e+01 4.284970291010742471e+01 4.455027213277094233e+01 2.909258581960253309e+01 4.907665427605119390e+01 5.798968696280625323e+01 6.627412123141461109e+01 7.781632153894950932e+01 7.820581263303172648e+01 8.290760074654733103e+01 6.290871288302359687e+01 8.290760074655298695e+01 9.393126553662817457e+01 1.022297112600977158e+02 1.004830413038411621e+02 8.026397339941246400e+01 6.586155406273564950e+01 6.425304832206080619e+01 7.021276009660273587e+01 5.563587683534236561e+01 5.691521114463510855e+01 6.005947640889903028e+01
2.022278438842990689e-02 1.416235842093625052e+01 3.416237251098944938e+01 2.894327518545327393e+01 3.315423072925596415e+01 2.737961917273113599e+01 2.737961917273114310e+01 4.709538104473154618e+01 4.981593219105526771e+01 2.982526481799707696e+01 4.129188298232980259e+01 4.188122337560358233e+01 2.188957880890744079e+01 3.740453665156687180e+01 3.896961446282089270e+01 4.054908010569856458e+01 2.286114443974853572e+01 2.456365615599139929e+01 4.455115259803689298e+01 5.573248285192048002e+01 7.041479699299256367e+01 7.096856080415196288e+01 7.235544265611741821e+01 5.821520564798897368e+01 6.771774184286518050e+01 5.625177779870995920e+01 7.624130479204229971e+01 7.392330902094111877e+01 9.393126553662817457e+01 9.683007774556088521e+01 7.659415794818583834e+01 6.215938026273087758e+01 5.488470211392104403e+01 4.973732393666881535e+01 4.536962637252339903e+01 4.246846772733751862e+01 3.976105136928435257e+01
6.642187732006160639e-02 2.006642187731970495e+01 2.216788959507523060e+01 1.480113929644729787e+01 2.434849248912134811e+01 1.329101250919868171e+01 3.315423212878089032e+01 4.232855829825513183e+01 4.349379940710732484e+01 4.129188298232980259e+01 2.129856046012725201e+01 3.373482401680231391e+01 1.585945507119207498e+01 1.741174520309522578e+01 1.897826503821826449e+01 2.055940374370612034e+01 4.054927852290568779e+01 4.455115259803689298e+01 2.746553974618915461e+01 4.745093785689842747e+01 5.042968111648757912e+01 5.098486832981193118e+01 5.922551437781228856e+01 4.409482850341616000e+01 4.774015458751144791e+01 5.272957222193993232e+01 5.978779574931644447e+01 7.132772625095925889e+01 9.133515148978750631e+01 9.683051535354374550e+01 7.659416369257377255e+01 8.252112163328990846e+01 7.231690943753677914e+01 5.185843822153246663e+01 6.584737573890457440e+01 6.289166572797574872e+01 5.142679174340581483e+01
1.591255364720534082e-02 1.091119214788144998e+00 2.167883018904473769e+00 3.254133912091608405e+00 4.348485222420769958e+00 2.344311588477977892e+01 2.697307479880926451e+01 2.233497025788506107e+01 2.350028795339609999e+01 3.053025897710610437e+01 3.171112764441481247e+01 1.373958066046320248e+01 3.373512024496108097e+01 3.740453665156687180e+01 3.896961446282089270e+01 2.871658916785166227e+01 4.850872554192424246e+01 5.573248239428707507e+01 4.745093784940925730e+01 3.044686102981589926e+01 5.042918961538450873e+01 3.686052323413544229e+01 3.924975755687288625e+01 5.922551471285275682e+01 6.771774184286570630e+01 7.271391724905626575e+01 6.426098873690314406e+01 8.425972124864458124e+01 9.963071776395665324e+01 1.051833551845777777e+02 9.683051535354374550e+01 9.415809093511296624e+01 7.712964231443416452e+01 5.671096192056312901e+01 7.712946422815147685e+01 8.024727615950399695e+01 7.185196100082218607e+01
6.189296070378335485e-02 2.006163492417295657e+01 1.216788301913055292e+01 2.325414127295697853e+01 2.407317764760314560e+01 5.929624052504952836e+00 7.076956939084675824e+00 8.219848699545966753e+00 9.371509713093381322e+00 1.053764678721781145e+01 1.171505143319507170e+01 1.413943793843223595e+01 3.413271172074480830e+01 4.012121931555263643e+01 4.840284923062674949e+01 4.850872554192424246e+01 4.467471759028526179e+01 6.370353320192677415e+01 5.871186521039264505e+01 4.457721959379071563e+01 3.355110750965781108e+01 5.353138324419931848e+01 5.922551471285275682e+01 4.424384693493056631e+01 6.421935225076460085e+01 7.826176723027926130e+01 8.425976892391048523e+01 8.058808629950755176e+01 9.473283902951797586e+01 1.147132770230982004e+02 1.000920750831544694e+02 7.987475593366987425e+01 6.547122428684924955e+01 6.855026745604597238e+01 8.550768098359246494e+01 9.428433776662684807e+01 8.265993720183359983e+01
2.247884206357958492e-02 2.002241003009196163e+01 3.216784801039450770e+01 3.216791265907683339e+01 3.470370308143706239e+01 2.631207073792630879e+01 9.155131115721145463e+00 1.530042592147653124e+01 2.935614293210460701e+01 3.048314834560360609e+01 2.165595789549388783e+01 1.837829694638990574e+01 1.762088597500158471e+01 2.012088411438211111e+01 4.012121931555264354e+01 5.133395767856941916e+01 6.103480081455489170e+01 7.162734343806720005e+01 7.284287526035924998e+01 6.059454661932757347e+01 4.061708352710729741e+01 6.059476907263240975e+01 7.250341236480367968e+01 5.317195081867269835e+01 5.000670477153626337e+01 6.998715270361145713e+01 8.337882383685987975e+01 9.044853082878515238e+01 9.045197270795429745e+01 1.104529444650059844e+02 1.000920750831544694e+02 7.987475593366987425e+01 7.724797225029959691e+01 8.884928631958185008e+01 9.720824591380035429e+01 8.604048273043660799e+01 6.581050599331099704e+01
