LEM/with_lateral_4open/elevation_000254.asc
nrows	100
cellsize	150.0
xllcorner	0
ncols	100
yllcorner	0
NODATA_value	-9999
[rows 68 to 84 of 100, columns 0 to 36 of 100]
5.009162696260269221e-02 7.609381087147180089e+00 2.175151671213698279e+01 4.175151813419284963e+01 5.317834965676176751e+01 5.536614845303812871e+01 6.365063204064374958e+01 7.870268094674132442e+01 7.059902531256155100e+01 7.870268094674132442e+01 7.870640074756762772e+01 7.371028946831222584e+01 5.980583149492046147e+01 5.668844782804383442e+01 6.247413576348090203e+01 6.371677557071519971e+01 8.340161367856661911e+01 8.105706578992260347e+01 6.427627312882654564e+01 6.918504916807293625e+01 4.921571452508028699e+01 5.288015570875317906e+01 3.645197497909968121e+01 5.637486112033383989e+01 6.981920195211922930e+01 8.279193643397496771e+01 9.111006715255761890e+01 9.200203841865746313e+01 7.739744764707488400e+01 5.715526845083241625e+01 5.917772565621862668e+01 6.498077247794722666e+01 8.531178655247418874e+01 1.047668608015779057e+02 1.075891356300228239e+02 8.721891110866796737e+01 7.271368094023102913e+01
4.695337527364121244e-02 2.004695337527328647e+01 3.589357006976668174e+01 4.732048023695832484e+01 3.317834450150301961e+01 3.536614055738815665e+01 5.277394686625105891e+01 6.105837709838419869e+01 7.260549458991727079e+01 7.286545971799064603e+01 5.877314674476314593e+01 7.286545971799064603e+01 7.952728750028386173e+01 7.644202204487152130e+01 8.217379023388609482e+01 8.340161367856661911e+01 9.147720507900042719e+01 9.263410022196698890e+01 8.431300696423522822e+01 7.749165607654052224e+01 6.704241334269484298e+01 4.708525055659449521e+01 4.052173602440741007e+01 4.159428214213573938e+01 6.151954077805239507e+01 6.275353818352716928e+01 7.953441127229781671e+01 9.111362115324284616e+01 8.352020395743625159e+01 6.321331865184062337e+01 7.944272832806115048e+01 8.531178655247418874e+01 7.577941073962404062e+01 9.022378120177425842e+01 1.108262812358041174e+02 1.015623659123758671e+02 9.243961071111100125e+01
7.614146464036156137e-02 2.007613637721075150e+01 2.779484886291460199e+01 3.196514191444814657e+01 1.903620887298906794e+01 2.570287553965585303e+01 3.277394335152157367e+01 4.432094873569455729e+01 6.432095705073353997e+01 6.394051425683717582e+01 4.464230406796385608e+01 6.394051425683717582e+01 6.987146425963052820e+01 6.158609366189116940e+01 6.418090699735456894e+01 7.246666496797210755e+01 8.101047400233899509e+01 8.928855239786433629e+01 9.388941307097549327e+01 7.382691835863451502e+01 5.968480425866782468e+01 6.459890541882062109e+01 4.465747113837990412e+01 6.151954077805239507e+01 4.709636044971325930e+01 5.123508208548749820e+01 6.275353821692872458e+01 8.279215858888208857e+01 9.031921378834817915e+01 6.992218429561235382e+01 9.031921378834825020e+01 1.047668608015779057e+02 9.625811375234542311e+01 1.047668608015779057e+02 9.908920156748737895e+01 9.070555910038308411e+01 8.847673953426038906e+01
2.352828262072655108e-02 3.872530077218239608e+00 7.794852779981937374e+00 1.196514106112346987e+01 2.351214644493706629e+01 4.351214846387506441e+01 5.277394686625105891e+01 6.105837709838419869e+01 6.790088109925517301e+01 5.568098290027990771e+01 3.569275609930009807e+01 5.568098290027990771e+01 5.832397138317987384e+01 4.158599890390290454e+01 4.418127779838770408e+01 6.418090699735456894e+01 6.101441753547066327e+01 7.774568517594741479e+01 8.928855239786433629e+01 8.802088318102340736e+01 7.970308701235994420e+01 6.308844566924729946e+01 4.898447915977685341e+01 6.895734124504157592e+01 6.118904690990238748e+01 7.122285572865787628e+01 5.876489787161236933e+01 7.031458005150768997e+01 9.037384999556405774e+01 8.429451585494480526e+01 8.429451585494480526e+01 1.048641212483720864e+02 1.058996766765835531e+02 9.571346272832661839e+01 8.731400556721433759e+01 7.024707310644424751e+01 6.800534160112808024e+01
6.786455232800275850e-02 2.006786455232764865e+01 2.779485340391319070e+01 3.196514191444814657e+01 4.024947347569911926e+01 5.179652105854317057e+01 5.244267139111617837e+01 5.829842947151531973e+01 5.964207605654466704e+01 3.965945770695243056e+01 2.934825318035208852e+01 4.245923078663570749e+01 4.544727839156201554e+01 3.002421029120160512e+01 5.003900408501455388e+01 5.946696927473355743e+01 4.946819313100554183e+01 6.101441753547066327e+01 8.101047400233899509e+01 9.822858077778133179e+01 9.144694282852837830e+01 7.380963251492913457e+01 5.380312308292050005e+01 7.380963251492913457e+01 8.121700091432288104e+01 8.513261171523988935e+01 6.508381365629594484e+01 8.513261171523988935e+01 9.869992755407496077e+01 1.048641212483720864e+02 1.048641212483720864e+02 1.133634229475021158e+02 9.753929828756299969e+01 7.708871284686576075e+01 6.681590720635914238e+01 5.998964923019406825e+01 5.360844890717625333e+01
3.257643153035955086e-02 1.417471205526118361e+01 3.417471205526047129e+01 4.365306958662783643e+01 3.537471025655614199e+01 4.365311277260310163e+01 3.251867674281468368e+01 3.835428232872159526e+01 5.450032159281887800e+01 4.332633649611890547e+01 2.328359983297711011e+01 2.240376234351410645e+01 2.540441440512107718e+01 4.544702598664879645e+01 3.538263568716994456e+01 3.946802284652023474e+01 4.841252422590024906e+01 5.841196361852268382e+01 6.995772875069846464e+01 8.995233274541327262e+01 8.325850150634128966e+01 6.321442349122865068e+01 7.380963251492913457e+01 6.793597330269035695e+01 8.798990024587331504e+01 9.345583479504998081e+01 7.925213606326931881e+01 7.925213606326931881e+01 9.932933578743178771e+01 1.033822151320909768e+02 9.497692314746149123e+01 1.033822151320909768e+02 1.058996766765835531e+02 9.571346272832661839e+01 8.731400556721433759e+01 7.024707310644424751e+01 7.400127523537433660e+01
1.880098487986705744e-02 2.001880098487951187e+01 2.268098623412448589e+01 2.402314358208747080e+01 1.537477310420656273e+01 2.674497913742478516e+01 1.871513034636459949e+01 3.662479931622941365e+01 3.215414934872232067e+01 3.491885838779700890e+01 1.833257676840540640e+01 3.234752452809829038e+01 3.699180993357573755e+01 5.372989749563667772e+01 4.693258770220249687e+01 5.946683538836639826e+01 4.946819313100554183e+01 5.841196361852270513e+01 6.995772875069846464e+01 8.995233274541327262e+01 9.084079460861364907e+01 7.077993269240043617e+01 9.084079460861364907e+01 8.798990024587331504e+01 9.631367924768584032e+01 1.016123616879162768e+02 9.932933578743178771e+01 9.932933578743178771e+01 1.076595335268306002e+02 9.317597985193958721e+01 7.451462242416923232e+01 9.317597985193958721e+01 9.696892362291853829e+01 1.052747225672374469e+02 9.908920156748737895e+01 9.070555910038308411e+01 8.966249811875364628e+01
2.900726248362994752e-02 1.353539619548672190e+00 2.680986242748613524e+00 4.023298353176656406e+00 5.374773109975634178e+00 6.745150529630702607e+00 2.674515285344742566e+01 1.410133450740063665e+01 1.465058366710147375e+01 1.511192586867259102e+01 3.491885838779700890e+01 3.245662513322133691e+01 5.248281299259966914e+01 5.699742119878417412e+01 6.693042106097621513e+01 7.520719977219438590e+01 6.946574541846162276e+01 7.774568517594741479e+01 8.668705376776794935e+01 9.822858077778133179e+01 9.916671412737537139e+01 8.495707337889109567e+01 9.916671412737537139e+01 9.988451883857624125e+01 9.160692780154556658e+01 8.160149391517497008e+01 9.574266555824416969e+01 1.047478327860107754e+02 9.635575387460085039e+01 8.474577278581527651e+01 6.469748197087945130e+01 8.474577278581527651e+01 7.694427277357767991e+01 8.695659819824807357e+01 9.525839598565664801e+01 1.068270177431397059e+02 1.003815178723341717e+02
5.081304048347550645e-02 2.005081304048307800e+01 1.422799162654067295e+01 2.402329833960840944e+01 2.537477323038936561e+01 2.673895789928563005e+01 8.725652121355059521e+00 1.020544354121964581e+01 1.182187197286175007e+01 3.174542534679973826e+01 4.269740271223201233e+01 5.248282192276166569e+01 6.077078126442162187e+01 7.699260496843510282e+01 7.575532758936695643e+01 6.747214801899197312e+01 7.575532758936684274e+01 8.489570519462991172e+01 7.956282509597811270e+01 8.784677014664273997e+01 9.939275118526344954e+01 1.050453541986323529e+02 1.109419766943677672e+02 9.160692780154556658e+01 7.158985881764422743e+01 6.744290377871648445e+01 8.573718882811017750e+01 9.301223301026792001e+01 7.600160150992007857e+01 7.806300918083671547e+01 5.846629037043648225e+01 7.806300918083671547e+01 6.548798050816580485e+01 6.702283263855193240e+01 7.848979741004632160e+01 9.852246316371379464e+01 1.003815178723341717e+02
4.469920835086939326e-02 2.004469920835051511e+01 3.422799160613674729e+01 4.251226212511318892e+01 3.689485144121728410e+01 1.689337811312783799e+01 2.872941472879115565e+01 3.022096880867704982e+01 3.174608977306853319e+01 1.469480251309890484e+01 2.859532076611610663e+01 4.852291868067317893e+01 5.925441630939135962e+01 6.234039125131064196e+01 6.575730834618190102e+01 4.747665876820766329e+01 5.661734216423799637e+01 6.801894366148623305e+01 5.956823593488707047e+01 7.111098906079286053e+01 9.110824782866197324e+01 1.018321206639980971e+02 9.355835886433850135e+01 8.266826671686969519e+01 7.745272258355002748e+01 5.744257855982741034e+01 7.745272258355002748e+01 8.460427852772566837e+01 6.465438200389749568e+01 7.239161163703417401e+01 5.304757486445236481e+01 6.735074219337198542e+01 5.561409170765320908e+01 7.544783328639456954e+01 8.519924084929219532e+01 9.352649555529616521e+01 1.087387101540414136e+02
2.324776005098762310e-02 1.416538338378206241e+01 3.416538338475353953e+01 5.358096996114449695e+01 4.321948709896046381e+01 2.321923304838926683e+01 4.321948709896046381e+01 4.535883005643964339e+01 2.723002187925917283e+01 1.662629144950406612e+01 3.637184095246939108e+01 4.213294184891534400e+01 3.925459918446576069e+01 4.234098785094766981e+01 5.144384828245079433e+01 3.747331481235841011e+01 4.247669117739919642e+01 4.802506985281497265e+01 6.216249751013756253e+01 8.215765538737993268e+01 9.322621593915398819e+01 8.494777893194844864e+01 7.354761018015098273e+01 7.721965098189535581e+01 6.265901145984238241e+01 5.167521204596452122e+01 7.167629156424025894e+01 8.724627758969155877e+01 6.722090438291476744e+01 5.369119590764792349e+01 4.788093950484239514e+01 4.753504003477843298e+01 6.735074219337198542e+01 8.192963616951921324e+01 6.512010745601197925e+01 8.192963617551023958e+01 1.002951596525079196e+02
8.699724428260374731e-02 2.008699724387712493e+01 2.529669938088242276e+01 4.529669937928943568e+01 5.150242128863598623e+01 3.736187726802599229e+01 3.736187726802553044e+01 5.369058619852681602e+01 4.357351050323401864e+01 3.637184095246922766e+01 1.936391577132494746e+01 2.218690651267027647e+01 2.512552638282063100e+01 2.819737816274056641e+01 3.143927199035781328e+01 3.747331481235841011e+01 5.747440339359980044e+01 6.801894366148623305e+01 6.801894366148624727e+01 8.801515200215520451e+01 8.494777893194844864e+01 6.493728510045930591e+01 7.079822304881096784e+01 5.721103773402447956e+01 6.633077821259675488e+01 4.633206699972783582e+01 6.047019960208821487e+01 8.047946657744009258e+01 8.143518881568826373e+01 7.305989638510965278e+01 6.223417169371406032e+01 4.239915647060450965e+01 5.795658207541369222e+01 6.291768068180731177e+01 5.360900153714175786e+01 7.360647714636061778e+01 9.221188037279434013e+01
2.249585233037712170e-02 8.966767762329457270e+00 2.896676776224536454e+01 4.181959709643162171e+01 5.336660247635126808e+01 5.736100819589234590e+01 5.150386381497015265e+01 6.564296358303423062e+01 5.076132801346973622e+01 3.077724869071615288e+01 2.631066630547162077e+01 2.403166783555100849e+01 4.399586999988815705e+01 4.819867748722872136e+01 5.144384828245079433e+01 5.144384828245079433e+01 4.690484852248749092e+01 6.690039386262063204e+01 8.672826247687271461e+01 8.700751704325736569e+01 7.873574022367786540e+01 7.079822304881096784e+01 5.079297117642602188e+01 4.826761975135756444e+01 6.196670164428557825e+01 4.196141201605313142e+01 5.610707715658327288e+01 7.611308655291011860e+01 8.272908680944239279e+01 7.124354833184301583e+01 6.293050009657792287e+01 5.731030716484482923e+01 3.810230603569503671e+01 4.297541818404300784e+01 5.446282684445400690e+01 7.445129375087996948e+01 9.069903807290029363e+01
2.739267172789772165e-03 4.591053944584045254e+00 1.353532585458312454e+01 2.508233123837543488e+01 4.508233123836265577e+01 5.966424249647118216e+01 7.150140557127097907e+01 6.708925127716457837e+01 4.709170988592412499e+01 5.076132702423623044e+01 3.384597230549184133e+01 4.399586999988815705e+01 2.899836007346138445e+01 4.899504047431304343e+01 6.376736439849355520e+01 7.144131832061778198e+01 6.690039386262063204e+01 5.844957891955510831e+01 7.844442175752932656e+01 7.873574022367786540e+01 5.872807805130574366e+01 6.458818568854123043e+01 6.010487178151768006e+01 4.009261042921470874e+01 5.279749567479356642e+01 3.794950462657578072e+01 5.210607885847804255e+01 7.211188467364466703e+01 7.449562713902155053e+01 5.459536539935370314e+01 4.309104794145697070e+01 4.871562516186244096e+01 3.516244770217792848e+01 5.629465369675509123e+01 7.120730158331667781e+01 8.273018308566739165e+01 9.878384431544242261e+01
8.327778614586213435e-02 2.008327778614550851e+01 1.243569935011133687e+01 2.137997126011033799e+01 3.137997126011016036e+01 4.552210688384061399e+01 6.552210688378660564e+01 7.537268024871325167e+01 6.649200582518901115e+01 4.649456234885838768e+01 5.384451323870978001e+01 5.502567580138525472e+01 3.502432174054460035e+01 3.548313259755279603e+01 5.548426448827600410e+01 7.106941020080503790e+01 8.672826247687271461e+01 7.844442175752932656e+01 8.672826247687271461e+01 7.873574022367786540e+01 5.872807805130574366e+01 4.457759128673475857e+01 5.458237125557734970e+01 5.279708246591590637e+01 3.276882486746973200e+01 5.279733812245879676e+01 5.796562820951917416e+01 7.797127388987308905e+01 7.288902509400857355e+01 6.568673435731713539e+01 4.568675986959371471e+01 3.157246960853834139e+01 5.064926140839064317e+01 6.399416950605813525e+01 7.233659407207386494e+01 8.056840272891658117e+01 9.051226552320540009e+01
6.510866554257997707e-02 2.006510866554222616e+01 3.243569935010692262e+01 2.398270473390364899e+01 3.552971011769575682e+01 4.967184574142621045e+01 6.967184574134267905e+01 7.177025467303440109e+01 7.477434655865609159e+01 6.063524961850076522e+01 6.502422021618073700e+01 4.502711829436231739e+01 5.502567782939293295e+01 5.548426448827600410e+01 4.278870841520872403e+01 6.278638268512531084e+01 8.106738046716772317e+01 9.106577242176776110e+01 8.281925130037284077e+01 7.281650348681155549e+01 6.453080491144503128e+01 5.458289298537636824e+01 3.456023951564187513e+01 4.604494208628987195e+01 2.990644716153532201e+01 4.407446018397862986e+01 6.408809271855800205e+01 7.295930341828818655e+01 5.218140701175308038e+01 5.535585022307353853e+01 4.912479195277156663e+01 2.921917842549708766e+01 4.920705379032946070e+01 6.168883011430005325e+01 5.241645173946146485e+01 6.238677427108466844e+01 7.646715660162861639e+01
8.953482861371392376e-02 1.423167045234478856e+01 3.423167045234549022e+01 4.398270473389329283e+01 5.226697597307352083e+01 5.453656208330308885e+01 5.912342030133186910e+01 5.177385377029214197e+01 6.591409526600359925e+01 8.063149047730954067e+01 7.330674539626383535e+01 5.502661975986916332e+01 7.330752090280228117e+01 7.106941020080503790e+01 5.433541995133387559e+01 5.278885017338178898e+01 6.278604941353280111e+01 8.278178098020480036e+01 7.453440176038932918e+01 5.452720806250066943e+01 4.452452005053446271e+01 3.784498553651260266e+01 3.179951609749066677e+01 2.601982714746056402e+01 4.604528911108132405e+01 5.822341474767363678e+01 6.611773014933531556e+01 5.784163235038560913e+01 5.578922740312012252e+01 3.565765959527146833e+01 4.355800435719783792e+01 2.690334082878466759e+01 4.702524739290762312e+01 4.175604327621532974e+01 6.168883011430005325e+01 7.187686673952724448e+01 8.010861469360376930e+01
