LEM/with_lateral_4open/elevation_000184.asc
nrows	100
cellsize	150.0
xllcorner	0
ncols	100
yllcorner	0
NODATA_value	-9999
[rows 17 to 33 of 100, columns 37 to 73 of 100]
5.595996840876084377e+01 5.855650132899522475e+01 6.779897474507092170e+01 7.607963181592704416e+01 7.243143645526700425e+01 6.415011991894097321e+01 5.367494570847529189e+01 3.354283141959776060e+01 2.359807992646548414e+01 2.307897380431457535e+01 1.277519599622260493e+01 1.648296240883368569e+01 3.217433605124988105e+01 5.305224686068881823e+01 6.450665719283787780e+01 6.909706576452622073e+01 7.128498662898078919e+01 7.956422998677456349e+01 8.507077452228327274e+01 7.731726108632022942e+01 6.957120691650106892e+01 8.507079661694315575e+01 9.800201426286790252e+01 8.263469385100532349e+01 6.325947852143619343e+01 8.263469367936868082e+01 7.134133474789535967e+01 7.244433494768276205e+01 8.658264333282890846e+01 7.614506110720306253e+01 5.608377409244460665e+01 4.447346362662167252e+01 5.875013201254568429e+01 5.505394549531907700e+01 6.076820525486412805e+01 8.054397464295693965e+01 8.852587528132703198e+01
5.595996840876084377e+01 4.439902173360162152e+01 4.778514462897674520e+01 6.202147696894061824e+01 7.030400917422787188e+01 7.374090270405096703e+01 5.367494570847205893e+01 5.189471664010370944e+01 3.378089876900819633e+01 1.375264672691956314e+01 3.280294123130839523e+01 3.828933449835053437e+01 3.828933432960740646e+01 5.887449124616743035e+01 6.467072141536566221e+01 5.883007377207942312e+01 5.883674748133675081e+01 6.713351367170790240e+01 7.321377913907065249e+01 5.924398410172840101e+01 5.924398410262892867e+01 7.731726328717985552e+01 8.358127605718811992e+01 9.367055778073354588e+01 8.586384490130303959e+01 9.464182388035501958e+01 9.134826208933783676e+01 9.244986595919372974e+01 8.578676476923465088e+01 6.560423508670339743e+01 5.395865220531232609e+01 5.083344208669586806e+01 7.091210114871476833e+01 6.915507390265955223e+01 8.051847583613314896e+01 8.863327036267239123e+01 9.846794457590344507e+01
5.226030636164747278e+01 4.330355579089661688e+01 3.622161952967978493e+01 4.200338207874474961e+01 5.875032653759239309e+01 5.816402052700753700e+01 5.011929335234730587e+01 4.425306279177477364e+01 3.448763868947169442e+01 1.445154143955620363e+01 1.777670474358843578e+01 4.576296589772022116e+01 5.673107270401122548e+01 5.479519160977666559e+01 4.466775683244515704e+01 3.880801717631407399e+01 3.880904703371681563e+01 5.880878401309755787e+01 5.465078445455650780e+01 4.893697419531804371e+01 6.159356612671100351e+01 6.735233869774640425e+01 7.492399911507945376e+01 8.589723242435408679e+01 9.438874573264428136e+01 8.595293203788403957e+01 9.438874573264428136e+01 1.081091634527058289e+02 9.408085929234886180e+01 8.245532616997734010e+01 6.405718412197080625e+01 6.504758103622576471e+01 6.244209534339392320e+01 8.248234424898468831e+01 9.651144724914087192e+01 9.377497804934776582e+01 9.159229258300342735e+01
7.160480097308317227e+01 6.332135258017489576e+01 4.460144910543942842e+01 3.042507646790451403e+01 4.545428748855000833e+01 4.700415626706427474e+01 3.047148901001699883e+01 3.599803277625998277e+01 1.620351234396046181e+01 1.532147279519151617e+01 3.527095996773925890e+01 2.970868045596401075e+01 3.912331965710636439e+01 3.473176774919629395e+01 4.222600220242557612e+01 2.481517327191451727e+01 4.452345103397067305e+01 5.517231408924656222e+01 4.140676682258533248e+01 6.008812106887424420e+01 7.402871614271025180e+01 5.644148831974171543e+01 5.357439984388284415e+01 7.057715627209275056e+01 7.491590365915662630e+01 6.640375486611438305e+01 8.066832801258259167e+01 9.391896141855042401e+01 1.019621145687216170e+02 9.300557959054782486e+01 7.876298719332612563e+01 8.507030514109570163e+01 7.404367797818440522e+01 9.072317450716127496e+01 9.377497804934776582e+01 7.378325760563237168e+01 7.159607185763461246e+01
7.996232142973084933e+01 7.289821178665506807e+01 5.875032654910116747e+01 4.545428748855000833e+01 2.540975984055259573e+01 3.893028086700340396e+01 1.915274875155872536e+01 1.794096852385821705e+01 3.598399983605537500e+01 2.408806355842326141e+01 1.657598514537944823e+01 1.746327309119932636e+01 1.912977413257107884e+01 2.077841429854159117e+01 2.243520195669612605e+01 4.225206895162983045e+01 2.727135829632164032e+01 4.707141840784333198e+01 3.655419164304805690e+01 5.370281769426298979e+01 5.590363783937911535e+01 5.814338788590939799e+01 4.156365675328865450e+01 6.178756378261331150e+01 5.471199319669109684e+01 7.255651587049710827e+01 7.760076113904149508e+01 7.393336756837972246e+01 9.031597778805398491e+01 9.830664399254588659e+01 1.005163286461510097e+02 1.022303249454602252e+02 9.400977674895686675e+01 9.697868344285380715e+01 8.803455977877965211e+01 7.745282930999208304e+01 5.748425134951521898e+01
6.023000003134058744e+01 6.088903809603070982e+01 5.632997046445747458e+01 5.247445022537618087e+01 4.069403070412462142e+01 2.082106778897298227e+01 3.893391707199408813e+01 3.770472187669948738e+01 2.761339416925502732e+01 4.273727030940778349e+01 3.655162858331305387e+01 3.740671709939723399e+01 1.889893765202755205e+01 3.880489557080488083e+01 3.376697533768867743e+01 5.053123868305866040e+01 4.720594572123526689e+01 2.978520968013764048e+01 3.176710101833805666e+01 3.380282245864052015e+01 3.600285788217716743e+01 3.825383066525521514e+01 5.823166998028230523e+01 4.508152760571957174e+01 4.760709827425828422e+01 5.233746987313624999e+01 5.736338061524804033e+01 6.346176874264436663e+01 7.026746596229949660e+01 8.047274148203786126e+01 9.442512500163618938e+01 1.132785477884821859e+02 1.028437314567524083e+02 8.283430664783344355e+01 6.869488099016885485e+01 5.976847837650863227e+01 5.313461932053468928e+01
4.694751165466952614e+01 4.210897032741568324e+01 3.762844235491267142e+01 4.768980172869763123e+01 3.529910910737221030e+01 2.209356084772079498e+01 4.393829671064693798e+01 5.588126022214839850e+01 3.647946597019495840e+01 5.588138202585449221e+01 5.498819528208212404e+01 3.982006800288280601e+01 1.989996777482664925e+01 3.932763583142126862e+01 5.272749512683275697e+01 6.147447447185253822e+01 5.836748894120554354e+01 4.396326842657028777e+01 5.236437697750109521e+01 4.017780127095655018e+01 5.619013051527947056e+01 5.844182719586379449e+01 5.475635085306239347e+01 6.527415427953133076e+01 6.780688323204614676e+01 5.240458248358604720e+01 7.260758770902370429e+01 8.366723328818035554e+01 9.031597778805391386e+01 9.830664399247794449e+01 1.077411763097634747e+02 1.058515830216368272e+02 9.756377591405693295e+01 9.697868344285380715e+01 8.803455977877965211e+01 7.975063699397847472e+01 7.242076846865695927e+01
6.601520575582694050e+01 6.088903809603070982e+01 5.025735189384636215e+01 3.141997297012121493e+01 3.642471973694401299e+01 2.340385680392006051e+01 3.517179062223777919e+01 5.570375090578769317e+01 4.808282845581478426e+01 6.485434540159927508e+01 4.667722358202225763e+01 2.768015499555973946e+01 2.089870947803714074e+01 4.083459095583818055e+01 5.055787047572297865e+01 6.606690339391371936e+01 6.841372169782339085e+01 6.459576130395636540e+01 6.870996458414104779e+01 5.177968248817935404e+01 5.289113927436300600e+01 7.308803012813041278e+01 7.516588741554656394e+01 8.317165316387546170e+01 7.560373441444794196e+01 5.590054737501532145e+01 7.611205455995521163e+01 9.052177714255762453e+01 9.943827787413898989e+01 1.107764684086197207e+02 1.132579311658097367e+02 9.756377591405693295e+01 7.756868262766317912e+01 8.342510986079030033e+01 8.602696320703489619e+01 9.431253869439829884e+01 8.070229758166539114e+01
7.250228555544609321e+01 6.392552320343629191e+01 5.392780425799502098e+01 3.607058216291152064e+01 2.537708861282713357e+01 4.384966905167167539e+01 5.228661560844263079e+01 6.409369339186523007e+01 6.228317449234319980e+01 6.075493081862795464e+01 4.084604661090573785e+01 4.667722378948980122e+01 4.083459096144216716e+01 2.233709947598494594e+01 3.656108034368774895e+01 5.197554906269152752e+01 4.893910281257547723e+01 6.841372169782340507e+01 8.039013150557431686e+01 7.205018184471335019e+01 7.308803012813041278e+01 7.297779432293590673e+01 9.262621100935750462e+01 8.576740883535380533e+01 6.599159597415109602e+01 7.611205455995521163e+01 6.212693897482136407e+01 7.124182680308747706e+01 8.300368699209867884e+01 1.027855319059180772e+02 1.049691149075332532e+02 8.496730622454980164e+01 7.342915444144718151e+01 6.345209736945033541e+01 6.604939206698566068e+01 8.277415740062755845e+01 7.667905791463454079e+01
5.851535346603178311e+01 4.437727975493085353e+01 3.522445819493397323e+01 2.762399961497221668e+01 4.593531316321901414e+01 3.340101568162116763e+01 4.802575583843309204e+01 6.850679886177739775e+01 8.229989149653793845e+01 6.914378813808993129e+01 6.075493081862795464e+01 6.033473773217576053e+01 4.610779335643576360e+01 2.630917699530257892e+01 2.384067201120831925e+01 3.275094839168195904e+01 5.256716737945729534e+01 6.747147349698360586e+01 7.013134931850619580e+01 6.180246847744243865e+01 6.719108752724338274e+01 7.555712695196598361e+01 8.846663209599645938e+01 9.316218490416858344e+01 7.493622069959239695e+01 9.047322786418706642e+01 8.236535503932843483e+01 7.044496772819070429e+01 8.221724962459076380e+01 1.020255105943545146e+02 1.061797584935594756e+02 8.617759283137392856e+01 7.204563970733701694e+01 6.207084454046724886e+01 5.455485446473883115e+01 6.848135806442691376e+01 7.675778198334694480e+01
7.249616711881415654e+01 6.189599936772074074e+01 4.983560763127977822e+01 2.926009788608634210e+01 4.983603072508069687e+01 5.402451445419722376e+01 4.315265533341425197e+01 5.512010952303309352e+01 7.546790005696409764e+01 7.867910203625119436e+01 6.714269950081151705e+01 5.206781157701308160e+01 3.230066744416043178e+01 4.610779335643576360e+01 4.380138238133010020e+01 2.536366197797040201e+01 3.947752215745948234e+01 5.080618839812290588e+01 5.490498548106490517e+01 4.175384146588979917e+01 4.710405234269650521e+01 5.869565767999939254e+01 7.941915856504373039e+01 9.601163483618647376e+01 8.590582191255111866e+01 1.013805339568605461e+02 9.764711818385114839e+01 7.768432732862912360e+01 9.764711818385114839e+01 1.100198685450137646e+02 1.070027984921478463e+02 1.003231507853004700e+02 9.032554234525964887e+01 8.204086562376394909e+01 6.848135806442691376e+01 4.858732850521407443e+01 6.848135806442691376e+01
6.300263349945137037e+01 5.348595365394781709e+01 3.283488802600468404e+01 3.139450771430087883e+01 5.200895406519592967e+01 7.207468610463182301e+01 5.512010952316484946e+01 7.207468610463182301e+01 8.377140501800120376e+01 7.036936329952436608e+01 5.042080235707381064e+01 3.907275404721513468e+01 5.206781157701308160e+01 6.033471352740138371e+01 5.360421128056661644e+01 4.533405165095638267e+01 2.689779465021557670e+01 3.080457995648745495e+01 3.488591302222639001e+01 4.644401345257423230e+01 6.646288821269260438e+01 5.711905547892914115e+01 6.717233030235237834e+01 8.762024253810268704e+01 1.020245726011560663e+02 1.108327243569588632e+02 1.056645534243452147e+02 8.937834166968411864e+01 1.056645534243452147e+02 1.028437169228881203e+02 8.700737670082709485e+01 8.700737666552315375e+01 8.098256389814183365e+01 7.875553681503738801e+01 5.881127259287463005e+01 4.479612016570522570e+01 5.960912572609959170e+01
4.233364280657695389e+01 3.654774825419851680e+01 5.348675743121779647e+01 3.353482990121242580e+01 4.820403613154729783e+01 6.872089402404250791e+01 7.546790584561237836e+01 8.377161371778042565e+01 7.934613213965721457e+01 5.927346679483659386e+01 4.784472614916403188e+01 5.885205626945494828e+01 6.714269949884939592e+01 7.390359477826696377e+01 6.233942737405625678e+01 4.245371289631675182e+01 2.802928582160485504e+01 4.801863734789725413e+01 5.490498548106490517e+01 6.319839768840770944e+01 7.475721300162658167e+01 7.135810221738269377e+01 8.568576146877849453e+01 9.615390443574587209e+01 1.036981144512131152e+02 1.130107806232765739e+02 1.169003775036448474e+02 1.089424769604195689e+02 1.061108050206455005e+02 8.611136481118681729e+01 7.457085173527556776e+01 6.702533297423616432e+01 6.101728950660020701e+01 7.315147708425388373e+01 7.291348355549901328e+01 5.960912572609961302e+01 3.979740840360152987e+01
4.092867700944444209e+01 5.727013064555170274e+01 5.646313745978920906e+01 3.572051903436206288e+01 5.646313745978920906e+01 7.017465322458544108e+01 7.692709729059379242e+01 8.521338844262074019e+01 8.765372894884183097e+01 7.606753544007572998e+01 5.772435669175425232e+01 7.606753544007572998e+01 8.019629387170202506e+01 5.977052914551382656e+01 4.544685712269741629e+01 4.778233649359020774e+01 2.916918949085749091e+01 3.926681159116760966e+01 5.733500052403967118e+01 6.613601706322251061e+01 7.440902207445448369e+01 8.594394652983143601e+01 1.000134207201743095e+02 9.719753162765125865e+01 7.991512420642425241e+01 9.719753162765125865e+01 1.048596658523053264e+02 1.131360554441049970e+02 1.143873323192782578e+02 1.028437169228881203e+02 9.456412283207274072e+01 8.191820469003093308e+01 7.315153909071857186e+01 5.322254759102064980e+01 6.610410857855802647e+01 5.957823055222196018e+01 3.977287001054140347e+01
6.163551549617110226e+01 6.999564555071182781e+01 5.900171084556517798e+01 3.822259214570244978e+01 4.335105630988667258e+01 4.971164875988674936e+01 5.666975922015639355e+01 7.105083130343376752e+01 9.111365833290749094e+01 8.609975305095470333e+01 7.778999010720693263e+01 8.609975304688899200e+01 7.723754474813897275e+01 6.896984262407823962e+01 5.124093359691700300e+01 3.122033951644786143e+01 4.918078295868018301e+01 3.186004850856682324e+01 5.185486050721441842e+01 4.614448120250064278e+01 5.768926739260677294e+01 7.767449169269124809e+01 9.058605270550664557e+01 8.801233935524177809e+01 6.688117977966852834e+01 8.801233935524177809e+01 8.480637530017197889e+01 1.015705119559562490e+02 1.082918955646085948e+02 9.674717675769998948e+01 8.780796862547202863e+01 7.363953547763455276e+01 5.370180231012304972e+01 4.989399443753784169e+01 4.623315757003787496e+01 4.336472821181290982e+01 5.958435139310272177e+01
7.206741714911071028e+01 7.595825322679706915e+01 5.562015709869519497e+01 4.081401933358109346e+01 6.157704753819238874e+01 6.028765503067447895e+01 7.692709729059498613e+01 7.324747187179931984e+01 9.329948656783517436e+01 9.482998211198592742e+01 8.602460985179395436e+01 7.776750340494260172e+01 6.896334706772849188e+01 4.899642962238193178e+01 5.272077095518189083e+01 3.269805716515341487e+01 5.271880866929510034e+01 4.960740630644583149e+01 3.459680716378570509e+01 5.459389845252067630e+01 6.576853736034696851e+01 7.691359418076173426e+01 7.049235352343713146e+01 7.049235352930494969e+01 5.939338419334492158e+01 7.981703737294655809e+01 7.318565227920353777e+01 9.328189315389337821e+01 1.000105060406552013e+02 8.001322526376986843e+01 6.847891858155965394e+01 5.956165627841819799e+01 7.363953547763455276e+01 6.980254109450196154e+01 5.219758150079103132e+01 6.321000059125524473e+01 7.150010546583088455e+01
7.845561782075432689e+01 7.594724849011625167e+01 5.564638991973016857e+01 4.353332650691572070e+01 6.422654232765836468e+01 8.054434406573113847e+01 8.883001606857521892e+01 9.329945508782726904e+01 9.087373320719234471e+01 8.090710138563375153e+01 6.663808906799413023e+01 5.782722331974066066e+01 6.147477953827166175e+01 5.470476988491809323e+01 3.482332161614223764e+01 5.272077095518189083e+01 6.098407762847172364e+01 6.198585933607067489e+01 4.873898745075204175e+01 3.748825041081566667e+01 5.748731663304408102e+01 5.688192189397413046e+01 6.508348388971438681e+01 5.039072813944539320e+01 5.574936827362403591e+01 6.155437979317746766e+01 7.318565227920353777e+01 9.328189315389337821e+01 1.004943379434494659e+02 8.049688920573112227e+01 6.896212016933182554e+01 6.709596735157711578e+01 8.708039557993097901e+01 7.876545366753299504e+01 5.881105359405312072e+01 7.876545366753299504e+01 9.087038071254835359e+01
