LEM/with_lateral_4open/elevation_000116.asc
nrows	100
cellsize	150.0
xllcorner	0
ncols	100
yllcorner	0
NODATA_value	-9999
[rows 17 to 33 of 100, columns 0 to 36 of 100]
5.222468517465790605e-02 2.005179641058087370e+01 2.499836202022012088e+01 2.170123692342807331e+01 2.755904914095004088e+01 3.462998608650897125e+01 3.771654902178138968e+01 5.771314931747644295e+01 6.035290741560743299e+01 4.361432698317683077e+01 4.620946193290224357e+01 6.620995838745831463e+01 7.702165156283695069e+01 8.061234730925221470e+01 8.188804390388612831e+01 6.774600668394329261e+01 6.774600668394329261e+01 8.774474577330158809e+01 7.935196169030078295e+01 7.105903358389477376e+01 6.921872445210935609e+01 4.833219215974267513e+01 5.937277311445020445e+01 5.387256087152304218e+01 4.890965765381216102e+01 4.430740640808754449e+01 3.994234133177959478e+01 2.180147870848636416e+01 3.969360439719477540e+01 5.159929128454991343e+01 5.942807643943816487e+01 6.778056524541133854e+01 6.836548209847239832e+01 7.671511158867556901e+01 8.601451788135376830e+01 8.741495840511686310e+01 6.771859228857472601e+01
7.333276091007127906e-02 2.007333276090852792e+01 3.834142897222949387e+01 4.170192110867734669e+01 4.755850491393354673e+01 5.462828513162121880e+01 5.771395135112146590e+01 6.597959094064317753e+01 7.190303820037119920e+01 6.361556969040118048e+01 6.620995838745831463e+01 7.449707465654294936e+01 7.475294310195108949e+01 6.061304851044974384e+01 7.475294310195108949e+01 8.774474577330160230e+01 8.774474577330158809e+01 9.603008112382880768e+01 9.634932462720669832e+01 7.524941923362013085e+01 6.028001087970001493e+01 6.921881074527995281e+01 7.027153259784621753e+01 5.943169035604542216e+01 5.156661654086575908e+01 4.380743393828426946e+01 2.551075662832450419e+01 4.180825546663530901e+01 2.419298751556488014e+01 3.837939110018738376e+01 5.818729968881822856e+01 6.821186857048962793e+01 7.636595206383204015e+01 8.618154208677570693e+01 9.669774328340771774e+01 7.684937598237428347e+01 6.303889109039124605e+01
6.343274376862209629e-02 1.006343275018495653e+01 2.420557826145254765e+01 4.420711480094243484e+01 5.206053342014300966e+01 5.369899726247517435e+01 5.776665297320353432e+01 5.199214702319980574e+01 5.414155134374715317e+01 6.236881302503765312e+01 5.534748017894386152e+01 5.894077239425644166e+01 6.580679936508509797e+01 4.646275261820454006e+01 6.580679936508509797e+01 7.994998313668442336e+01 7.946604523859879521e+01 8.774646697984761090e+01 1.024094408056178906e+02 8.142943844100710749e+01 8.142943844100710749e+01 7.818902975450313875e+01 6.164114715011433532e+01 4.322537718604976931e+01 3.212505535626157638e+01 2.932189021012080232e+01 4.548921440647254855e+01 4.588036734810398087e+01 2.590111272829629740e+01 4.588057265106301941e+01 5.839101921201263679e+01 4.857016985353562433e+01 5.841886102049380725e+01 7.800487612048533492e+01 9.012984188179298428e+01 7.037398056240111544e+01 5.916944631748152261e+01
3.497053469895897854e-02 2.003497053469799738e+01 3.733053364813255115e+01 3.890188205343541483e+01 3.206053333043371367e+01 3.369899717147592355e+01 3.816664077849959824e+01 3.243992859337667056e+01 3.457636156213235523e+01 4.948581173432852154e+01 3.533916082746026177e+01 3.893242880309399112e+01 4.857399018828412096e+01 3.751255645082392931e+01 5.166361559348586496e+01 6.532412655838214732e+01 5.946635204305886191e+01 7.946604523859879521e+01 9.095578791531247020e+01 8.114362925724003617e+01 7.297850766991754767e+01 6.646967324881711647e+01 5.041386222440113585e+01 3.637833792748550366e+01 4.802487974039383545e+01 4.585293143496555501e+01 5.818797778042775803e+01 4.703421059071089161e+01 2.763510150343259397e+01 3.304002512179619089e+01 3.862199961286667360e+01 5.839101921201263679e+01 7.636595206383204015e+01 8.618154208677570693e+01 9.842303925965831013e+01 8.697205899738250423e+01 7.818010090018601943e+01
9.635555453094322986e-02 2.009635555453058942e+01 1.733053361592241615e+01 1.890188201855984573e+01 1.791839770666644327e+01 1.955686154770453911e+01 2.968234019691392334e+01 1.844155868940327636e+01 3.384408517381778125e+01 3.641702505485904595e+01 2.119357732495958047e+01 2.478571564603329591e+01 2.856547881924471000e+01 3.373018477555888950e+01 3.927935759762593193e+01 4.531408753525221300e+01 5.687065703567262887e+01 7.687178067652062907e+01 8.275420312532770595e+01 6.320281221450727571e+01 5.345200440774299722e+01 4.687622029113304478e+01 4.086848069993749277e+01 5.615841454726630388e+01 6.372036041614191504e+01 6.917778817478813380e+01 6.342284609373087534e+01 4.364895931924020545e+01 2.949035509386503051e+01 4.942557796827374972e+01 5.839101921201263679e+01 6.653865901916807957e+01 7.727617711194086780e+01 8.860817538387158265e+01 9.013755594339360755e+01 8.187461691321124135e+01 8.026561411154145276e+01
8.845047570523793812e-02 1.636096940773509978e+00 3.188397992186178698e+00 4.759746394822957249e+00 6.371392322873724368e+00 8.009856163911818427e+00 9.682340183926013921e+00 1.137264869338306106e+01 1.387264869361761122e+01 1.641265123887251676e+01 2.041265380862435563e+01 4.041819644455554084e+01 4.857399018828412096e+01 5.374067708618080985e+01 5.929087278746465728e+01 6.532412655838214732e+01 7.360640951144860367e+01 8.515237081204594460e+01 9.095578791531247020e+01 8.114362925724003617e+01 7.297850766991754767e+01 6.427070461612331087e+01 4.464621618863692021e+01 5.601077192697805884e+01 7.555398250303592533e+01 7.558568902081579211e+01 5.594828944818624450e+01 5.124990020043601646e+01 3.138177181339482047e+01 5.128119088437582462e+01 4.322063401475118383e+01 4.950424153674484984e+01 6.085056185154051889e+01 8.042562363922003499e+01 8.187461691321124135e+01 6.229212993863581715e+01 6.070013713769218100e+01
8.023991185656004221e-02 2.008023879779512910e+01 2.318839796958718580e+01 1.370401830482219196e+01 2.637139233401848060e+01 2.215199178765037757e+01 2.968234019717918315e+01 3.137652821310228290e+01 1.485420186985797919e+01 3.485573307496247963e+01 4.041731703951758448e+01 2.644305838344203252e+01 3.160760465800677466e+01 3.695439586402075349e+01 5.110590633478354761e+01 7.111176705927780972e+01 8.126922371981645199e+01 9.126774223018934151e+01 9.205140932617337057e+01 7.240526953568424062e+01 5.864416856933579680e+01 5.211900575169534733e+01 5.124532939232915396e+01 7.078339222801712083e+01 8.372859740071551471e+01 7.545530984388446427e+01 5.595098303389559646e+01 3.614209158121834520e+01 5.128045731131712870e+01 3.468660765076466390e+01 5.451996585267272621e+01 6.912395644669970807e+01 6.338628862419560761e+01 8.297591192018069250e+01 8.187461691321124135e+01 6.229212993863581005e+01 4.864077847371375896e+01
4.598823041778624804e-02 1.418812385572867996e+01 3.418812653032045290e+01 3.370401832333172365e+01 3.003394992377442918e+01 4.215199183040898845e+01 4.936120214942882001e+01 3.735956143935685247e+01 1.735420201536111406e+01 3.735956143935686669e+01 5.473245524589755462e+01 4.059045902751885393e+01 4.277931696097473946e+01 5.696548728062861500e+01 4.590482279522301923e+01 5.298192925014969035e+01 6.298766126819479183e+01 8.298514268682488648e+01 8.948504712471009270e+01 6.986860789722506127e+01 6.805659468270390278e+01 7.165438329389830585e+01 5.864416856933578970e+01 7.815949065618106317e+01 7.861497380777008459e+01 5.901679226236779385e+01 4.764209509190754233e+01 4.008118377649251585e+01 5.703257899506496642e+01 3.724743510111861156e+01 5.128211353343468915e+01 7.091583634047009355e+01 8.297591192018069250e+01 9.116606559968593615e+01 8.324489644441733560e+01 6.363414887616232107e+01 5.248470506147125292e+01
7.340434288523949025e-02 2.007340434288488495e+01 3.386643412482633408e+01 4.541351975435051003e+01 5.003395002226907451e+01 5.831822771776402448e+01 4.107468956230337653e+01 2.106811234060836568e+01 3.735956143935685958e+01 3.735956143935686669e+01 5.736707694156046955e+01 6.059897439178247680e+01 6.278712146857152732e+01 7.107155609137531371e+01 6.591375282195924967e+01 7.298640197747208447e+01 8.126922371982396953e+01 9.126774223018934151e+01 9.770987008656089756e+01 8.113555605677507288e+01 8.187923793928980842e+01 8.634372239652130077e+01 6.986860789722506127e+01 8.634372239652130077e+01 8.679620940068507196e+01 7.545530984388446427e+01 6.375788975207922959e+01 4.407832419540254421e+01 5.962477867868627612e+01 3.988407885953185428e+01 5.962477867868627612e+01 7.577018819347630085e+01 8.390110865619183755e+01 9.368926352784073686e+01 9.151476211334586708e+01 8.013254942218154042e+01 7.192262605687545829e+01
3.515918393995972474e-02 5.582161146192274437e+00 1.712916652998666223e+01 3.712916743430591282e+01 5.541343050849480534e+01 5.792162383297146988e+01 3.791175926986069555e+01 2.376491947772615632e+01 4.377251291041712022e+01 5.148522580428230100e+01 5.513974345149940604e+01 5.899237619786889297e+01 6.371115715025343462e+01 6.871583663846526235e+01 7.449324617583782526e+01 8.205388488733571251e+01 9.033338809005857684e+01 1.018743853625418154e+02 1.091444553344436628e+02 1.008906640321804247e+02 1.016252358160926690e+02 9.770987009182135807e+01 8.948504712471338962e+01 9.388425269259839467e+01 8.431100605399049641e+01 6.966768582577140023e+01 5.006710965282774595e+01 6.375788975207922959e+01 6.252873925665237209e+01 4.283310047698456913e+01 4.925300823000742412e+01 5.622833919181148588e+01 6.600418078765230234e+01 8.553799598854593000e+01 9.313514884134266936e+01 8.331259426378679223e+01 7.512414615448538768e+01
4.608085242692564615e-02 2.004608085242657012e+01 1.558216114619218828e+01 2.712916652998397282e+01 4.712916643013095097e+01 5.796671990269008035e+01 3.791730850581885193e+01 4.326511237497707185e+01 2.793529547562694404e+01 3.147105225264761330e+01 3.512312592968470426e+01 3.897350921902200582e+01 4.369106508806324030e+01 4.869711868561790169e+01 5.447971246611326990e+01 6.205031510390444538e+01 7.360483092210546374e+01 9.359550724178599523e+01 1.006942931989269141e+02 9.246918079752811082e+01 9.498863825998616051e+01 1.032082967638768451e+02 9.943296758685593772e+01 8.023793903767219149e+01 6.657938169452538091e+01 5.682716288664737192e+01 6.393348359559669802e+01 7.781970591454870601e+01 7.059647484424439767e+01 6.248919084402806590e+01 4.718015666341509728e+01 6.682171691164552385e+01 8.390110865619183755e+01 9.368926352784073686e+01 8.489552326908716395e+01 6.535276903988365405e+01 5.569456663724567136e+01
1.610643649003322755e-02 2.001610643648967880e+01 3.558216110398860366e+01 3.191209276347361978e+01 5.191209254042336596e+01 6.626887774496678674e+01 5.794721173295146599e+01 4.782574108741385288e+01 4.208499500478889388e+01 3.736673676504297958e+01 5.513974345149940604e+01 5.899237619786889297e+01 5.053299068169712172e+01 6.285687037855241499e+01 7.449324617583782526e+01 7.449324617583782526e+01 9.033338809005857684e+01 9.598629949810681694e+01 8.915461147667589614e+01 7.242789773013453214e+01 7.496838497573084226e+01 9.167935691564883882e+01 9.902941276446958341e+01 7.934515104424251319e+01 6.556040668093828572e+01 7.637125364812825978e+01 8.351127452919193672e+01 8.041610904199241361e+01 6.091138964636633801e+01 5.213799227855228224e+01 6.681587795075900260e+01 5.771257202089514493e+01 7.152097497108866264e+01 9.119046330451539006e+01 9.313514884134266936e+01 8.331259426378679223e+01 6.540935639586557215e+01
2.022278438842990689e-02 2.002022278438807490e+01 2.901069378731894233e+01 4.901069378731823178e+01 6.019635383669062634e+01 5.827868141792036738e+01 6.656295266519047971e+01 6.750206025596247628e+01 6.209976818284540201e+01 4.444311668737802279e+01 6.445989131735399269e+01 7.883080370215368760e+01 6.209329751862053826e+01 7.883080370215368760e+01 9.114070185669913826e+01 9.448734855060186533e+01 9.009028653230609507e+01 7.597485671933925744e+01 8.089834089127937489e+01 6.077314731541817139e+01 6.332288246447210867e+01 7.757210706701081904e+01 9.757199734766088284e+01 9.331620922817864994e+01 7.426030971534332537e+01 9.331623863829905474e+01 9.640898827196292586e+01 7.682179145631980077e+01 7.551946813184386542e+01 5.600993221986481529e+01 7.551946813184386542e+01 7.728203472147971809e+01 7.366617084616213162e+01 9.337078394600563058e+01 8.689333364630037693e+01 7.738490254347230746e+01 6.937308557090594263e+01
6.642187732006160639e-02 9.010693787319297599e+00 2.315282941105050085e+01 4.315282941104978676e+01 5.501594728146311297e+01 3.827868141792107792e+01 5.501594728146799440e+01 6.656295266516991660e+01 7.274416500124289087e+01 5.859990628118352873e+01 6.078879983913857643e+01 8.079437519449221838e+01 8.209760268766470404e+01 9.037797488212565611e+01 9.283134958896370392e+01 8.458527106326658895e+01 8.183607260791370663e+01 6.172756430878769862e+01 6.911833529318641922e+01 5.252823973529669388e+01 7.268226512317235688e+01 8.026444608924040836e+01 8.852250264318610107e+01 9.852448391503905611e+01 8.554006971025036421e+01 1.021291349993852435e+02 1.045406234619685364e+02 8.933604686124134275e+01 6.979645383653181057e+01 6.166157204351542731e+01 6.643588092886177776e+01 8.595043724432522936e+01 9.337078394600563058e+01 9.246300184971865121e+01 7.306528106111058207e+01 5.999942920128120250e+01 5.105437975711028997e+01
1.591255364720534082e-02 1.415804817737802956e+01 3.415804817737731724e+01 3.303957129119707758e+01 3.730358561830779252e+01 2.673167603412897364e+01 3.827868141792107792e+01 5.827868141792036738e+01 6.792775190776019656e+01 7.860714666698004294e+01 8.079437519449221838e+01 8.075319795617137686e+01 7.247063404502465289e+01 8.075319795617137686e+01 8.126467457194628707e+01 6.449889777667382873e+01 8.126467457194414123e+01 6.911833529318641922e+01 4.896835859421066317e+01 4.732800353105255908e+01 5.340271548331464402e+01 6.013464985687259201e+01 7.023461143819373831e+01 9.029428074659931269e+01 1.053143364588150064e+02 1.135738971108313109e+02 1.089714231424764534e+02 8.933604686124134275e+01 8.702428529863919948e+01 6.751953672873274570e+01 8.595043724432522936e+01 8.020471116435570025e+01 9.982184707226861065e+01 9.122848806779303743e+01 7.128585211712180580e+01 6.000975513273719031e+01 5.261194619811536199e+01
6.189296070378335485e-02 2.006189296070342820e+01 2.726606859929980686e+01 1.303957129119637059e+01 1.730358561830850661e+01 2.362814093864515286e+01 3.069920875051050402e+01 3.964348066050934705e+01 5.378561628423980068e+01 7.378561628423838670e+01 6.833766146589088919e+01 6.588573582343968837e+01 5.236658351827835389e+01 7.071701417419035351e+01 7.298839803920895974e+01 5.285509587805422171e+01 6.222669536043235894e+01 5.743471355587244176e+01 4.185990713632371296e+01 6.199424271088801675e+01 7.355451401096316033e+01 8.026444608924040836e+01 8.852250264318610107e+01 9.852448420299681686e+01 1.083990058300303616e+02 1.004037320865114395e+02 1.083990058300303616e+02 1.009083227197417614e+02 8.127332869832301299e+01 7.721936169377809733e+01 9.515912312489454905e+01 9.982184707226861065e+01 1.079554156881268625e+02 9.953226901050850017e+01 8.800071760205379690e+01 7.953677817812727824e+01 7.691937204072237932e+01
2.247884206357958492e-02 3.614584882599070514e+00 7.266068599300162134e+00 2.140820422303086090e+01 3.730358561830779252e+01 4.362814093864444231e+01 5.069920875050978992e+01 5.898347999782804152e+01 6.792775190776019656e+01 6.243060002849764345e+01 4.823467020185141507e+01 4.577916356001164644e+01 4.230651457155689599e+01 6.241860878165149984e+01 7.384865292308386131e+01 5.371883194116202986e+01 4.209648737214884306e+01 3.732026186978978188e+01 5.743471355587244176e+01 6.199424271088802385e+01 8.208489147880771952e+01 9.240407006662906042e+01 8.427696652330732263e+01 9.240407006662928779e+01 9.863039498810189798e+01 8.076920195363021548e+01 9.863039498810189798e+01 1.090449175514659856e+02 1.009083227197417614e+02 9.682920876122494747e+01 9.682920886598091670e+01 1.165087010653740265e+02 1.230997797912551306e+02 1.030052955343620056e+02 1.023883438049583106e+02 9.408229239808180466e+01 8.709183394924906452e+01
