LEM/with_lateral_4open/elevation_000595.asc
nrows	100
cellsize	150.0
xllcorner	0
ncols	100
yllcorner	0
NODATA_value	-9999
[rows 68 to 84 of 100, columns 37 to 73 of 100]
7.928446622583005876e+01 6.475611505347859520e+01 7.928446622583005876e+01 9.943280346914063728e+01 8.654117960301599055e+01 6.973220010562059201e+01 4.905922295337938976e+01 5.663336801790327257e+01 7.127242109527703917e+01 9.173896927060367545e+01 8.577872703155809120e+01 6.522550297491623894e+01 5.064634826182511063e+01 5.934784033770463907e+01 4.264343676530003791e+01 4.450462668453850057e+01 6.506018223088649677e+01 7.598251560810862770e+01 8.949751211684019836e+01 9.897833008932001064e+01 9.067593991566620559e+01 8.432264419130666511e+01 6.914454461119532880e+01 4.860206792911202456e+01 6.914454461118972972e+01 8.473310042726488689e+01 8.463071222929741566e+01 7.451945508652003980e+01 7.451945508652003980e+01 9.474196937216083825e+01 1.084080931228708806e+02 9.287634158739153634e+01 7.262713042527593643e+01 5.824406177716264210e+01 7.086728336712319276e+01 5.698660527184144087e+01 7.730353517168273925e+01
8.025532368749991008e+01 5.972931225559155166e+01 7.362533972567835860e+01 8.201780754403409901e+01 7.814523331579025012e+01 5.752100437673162503e+01 4.556470827000698165e+01 6.623782918599631842e+01 8.083550969280189236e+01 7.644026969086512224e+01 8.240990392743510995e+01 7.968222804324325637e+01 5.935279490043578221e+01 3.880121555367094288e+01 5.579750001402877047e+01 4.023140245008521987e+01 4.670968900945219104e+01 5.879868835062030996e+01 8.109031612374448628e+01 9.067593991566693035e+01 7.039837212865377580e+01 7.633753422749438755e+01 6.581211485027793628e+01 4.525110495295327695e+01 6.581211485028217112e+01 7.861087369086637011e+01 6.427047428671430396e+01 6.002520743893338562e+01 8.044249238814245473e+01 7.997583827712884386e+01 1.001297985818683713e+02 9.876074210187738345e+01 7.855365280099773884e+01 6.503337322175080715e+01 8.208209479413272902e+01 6.178733453938036035e+01 8.208714768584506771e+01
6.664951325311871244e+01 5.818650393420082878e+01 5.301224461493826823e+01 6.890709848393139225e+01 6.590203111952970971e+01 6.298684774764125649e+01 4.255430784590463844e+01 6.322234457935048368e+01 6.026754102563183579e+01 5.583584938953481469e+01 6.187074437337319921e+01 6.779635588071147367e+01 6.783123172582075711e+01 5.580205527915239827e+01 3.526713849065260575e+01 5.574225238087993262e+01 6.729627219964812923e+01 6.130553760172951883e+01 8.187989503754450027e+01 9.067593991566739930e+01 7.039837212865379001e+01 5.587569626081024410e+01 4.857641497875643921e+01 4.202951179125265213e+01 6.131988729679801509e+01 6.474695189170915910e+01 4.970375739968569206e+01 5.486989328376595410e+01 6.329687795425829933e+01 7.776499270300963929e+01 9.794014807814789947e+01 1.054793998289831478e+02 8.531320179073138377e+01 7.334410790089552279e+01 8.732243939359527474e+01 6.704624179694103248e+01 8.732243939359527474e+01
6.854532024739046392e+01 7.877162623610773551e+01 6.890709848393139225e+01 4.826760713072589937e+01 4.525246921516009735e+01 4.233431150834110213e+01 3.961552938579208671e+01 5.613892019967343572e+01 4.564617396043626485e+01 4.122745161095907918e+01 5.096075298653905605e+01 4.768512134086883236e+01 6.608088613103161890e+01 5.379803528529975409e+01 3.328480656203533528e+01 5.379803528527968126e+01 6.949666250491033281e+01 8.186945295231154773e+01 9.017239027284701081e+01 8.841898966098635526e+01 7.650515961610565796e+01 6.811853498958437569e+01 5.942677124832322022e+01 3.885592667961728353e+01 4.075138146792425431e+01 4.418456432224167685e+01 6.474695189170915910e+01 7.535516879012897107e+01 6.518052159410078161e+01 7.700033231071225259e+01 9.718130736797965596e+01 1.100137056748002067e+02 8.987516274001370675e+01 8.766992848935035454e+01 9.447220710126306642e+01 7.424961018126086287e+01 8.141029161394187952e+01
8.044014264900802402e+01 8.342078108988047802e+01 6.289557049777871356e+01 6.289530203186414070e+01 6.589993796274980298e+01 5.894340042143491587e+01 3.830086408600983106e+01 3.551984350606715424e+01 3.377764841977780463e+01 3.207454683893796243e+01 3.043201028092524041e+01 3.523669844727804445e+01 5.580038103409543027e+01 5.182417727226619775e+01 3.134150939484953469e+01 4.046038721320404363e+01 5.499000771366436169e+01 7.558435962114126028e+01 8.037815629479779034e+01 6.813229640321752356e+01 6.811853481773358965e+01 4.761234269476738490e+01 5.361846718494830100e+01 3.604443221388405760e+01 5.059884523927271971e+01 6.474695189170915910e+01 5.876477281503392902e+01 7.918920975116309080e+01 7.700033231071225259e+01 9.384247805070685899e+01 1.054618398460211779e+02 1.081063170983205310e+02 1.100137056748002067e+02 1.078162535958251169e+02 1.028076065983795360e+02 8.332754646779090990e+01 1.015956267459885964e+02
1.006883961263463760e+02 9.177051458619415314e+01 8.342058351671983019e+01 8.340715345163029326e+01 7.585958838342926924e+01 6.156379509173824260e+01 4.090601346227310842e+01 5.613892019849597403e+01 5.437202516201708136e+01 4.391526008029187267e+01 4.862052132473254318e+01 2.813649104021481406e+01 4.633167905522704899e+01 4.726374112757480361e+01 2.946983569730069874e+01 4.991415864408178038e+01 6.950781113708748649e+01 7.431724256651247629e+01 6.006582649324530365e+01 5.364531013781033408e+01 5.738627707276793188e+01 5.074605235014895044e+01 3.309242328440236491e+01 5.361532595977198667e+01 6.502409368069433526e+01 7.946691575412116038e+01 7.918920975116309080e+01 8.753111160811182856e+01 9.718130736797965596e+01 1.054618398460211779e+02 1.022594915805263582e+02 8.811879967258154522e+01 1.022594915805263582e+02 1.073936330363947036e+02 1.118166531650777955e+02 9.759364767683496211e+01 1.118166531650777955e+02
1.060881006642997306e+02 9.438625587997852051e+01 8.603670708985558235e+01 7.983449060293290245e+01 6.741030800901015141e+01 4.674096282088172671e+01 6.153886586281422666e+01 7.002370358609935863e+01 7.301322469718083141e+01 6.455533855586190839e+01 5.712126401540113108e+01 4.633167905538364550e+01 2.591321341506993647e+01 2.688196286132341228e+01 4.124905994299104606e+01 4.991402445440542124e+01 7.045110646159662338e+01 6.601517015042237801e+01 4.553309122113322616e+01 5.306877661117292888e+01 3.687815486357163053e+01 3.026524186115744541e+01 3.409015146124248474e+01 5.457002052879675347e+01 6.547725500913585961e+01 7.092772857358387739e+01 7.705292754295449242e+01 7.705292754295449242e+01 9.722239518314009388e+01 1.066528032022316239e+02 9.332206531870829735e+01 7.399686817337702394e+01 9.332206531870829735e+01 8.740423776756441043e+01 1.015457977151522044e+02 1.177196830194394011e+02 1.050221378143292839e+02
9.780112986946069498e+01 7.742455189346416944e+01 6.546628213417680797e+01 5.920424685129573561e+01 5.345456031309587530e+01 6.138298977333737128e+01 7.580597256774581183e+01 7.700481310319200645e+01 6.852856105725230407e+01 6.359828549426347877e+01 4.303961985473422658e+01 4.303931926122516671e+01 2.436124151993816156e+01 4.473328687394716496e+01 5.574622458676168435e+01 7.023488126859254521e+01 7.528770602680086199e+01 6.622661883189581999e+01 5.306186591220522786e+01 3.257940207282652523e+01 2.779906842441155845e+01 3.545743722611197057e+01 5.457002459112114678e+01 3.987912777100028450e+01 4.502428662329023012e+01 5.053406012007310011e+01 5.673794079528085632e+01 7.113801702340356314e+01 9.133278473947761711e+01 9.743707408584072027e+01 7.837749616185793400e+01 6.505367513154556036e+01 8.503940667701411371e+01 7.327862942766567755e+01 9.155176335721213832e+01 1.033847782728596627e+02 9.682525479996445483e+01
1.004142338065802136e+02 8.008134053040690503e+01 8.603670708985558235e+01 7.035494923243808785e+01 6.810513400249291749e+01 8.196154143830996475e+01 7.699726313543163769e+01 6.511436000042969852e+01 4.789023447176214177e+01 5.222604495421262527e+01 4.303961985374802879e+01 2.271423269430864167e+01 4.143696757112189744e+01 4.143885536341323927e+01 6.196799456648263060e+01 6.916698104087929266e+01 5.487532700578378098e+01 5.194025572689960057e+01 3.752702915748597690e+01 2.545832063727898742e+01 3.982351999729721115e+01 5.598311877074837639e+01 4.844760673275386154e+01 6.036403503898416290e+01 5.087364049625345075e+01 7.092772857358387739e+01 7.705292754295449242e+01 7.113801702340356314e+01 9.133278473947761711e+01 8.915186201925500598e+01 6.916356164197621581e+01 5.838106170249255200e+01 7.837749616185793400e+01 6.327927329412340640e+01 7.510811446748547837e+01 9.382720104057717947e+01 8.584157767745540468e+01
1.086911712295501928e+02 1.004142338065802136e+02 9.916129134516405941e+01 9.083272158615706360e+01 8.861621478535866459e+01 8.347963884924904221e+01 6.852342392022876538e+01 4.789021379213453855e+01 3.604493941100235332e+01 3.172212329521724428e+01 2.785720435832334374e+01 3.788448139292426475e+01 2.115878574990993144e+01 3.986114890757875173e+01 4.834968039480256863e+01 6.085365621976835371e+01 4.018117084994802468e+01 4.352399874020807147e+01 2.321373484866999704e+01 4.350631621243246627e+01 5.427754481686577748e+01 6.873156963877056569e+01 6.032931022308768831e+01 7.733357548671358472e+01 6.533039876091601172e+01 6.533039876091601172e+01 8.558267734910687352e+01 9.133278473947761711e+01 9.965354300513321562e+01 9.132483259114465568e+01 7.283148310265043790e+01 5.282778694998469859e+01 6.616358438592969549e+01 5.510753812382340300e+01 7.510811446748547837e+01 8.584157767745540468e+01 6.620245092945516774e+01
1.020256754981456311e+02 9.376245493359759564e+01 9.202353510186047458e+01 1.002855473692741128e+02 8.955513277486112145e+01 6.901143430701245052e+01 5.437549983298150380e+01 4.407346043525805612e+01 5.661083449852744565e+01 4.351605537471903062e+01 4.225264246568133331e+01 4.919717495027345677e+01 3.986103030076563414e+01 1.961410366202937894e+01 3.831072389846858073e+01 4.678101956977028664e+01 4.768380778229010986e+01 2.709035195383157202e+01 2.165531571759911955e+01 3.594809074639034918e+01 5.651325812656590841e+01 7.371454215014522049e+01 8.072589334252964477e+01 8.906478321086692063e+01 8.558267734910717195e+01 8.558267734910687352e+01 9.391361560413362497e+01 9.141221689042883725e+01 8.800382942408317888e+01 8.349620962517037981e+01 6.424357681157133015e+01 6.601186525119281612e+01 4.615455945309490460e+01 6.030703788416970923e+01 8.030253837914757753e+01 8.369169397419264556e+01 6.396523184597302958e+01
9.052727590807360514e+01 7.386046364384198171e+01 7.212444868080740434e+01 8.878882697212334563e+01 9.225380939213687270e+01 7.174560732219359238e+01 5.711798680436924514e+01 5.597723851712680698e+01 7.260781591208350960e+01 6.412411198649868993e+01 6.283132373517790370e+01 5.004583194483149811e+01 2.905329301408906773e+01 2.143213874503035044e+01 1.806996306356947457e+01 3.829836585626665624e+01 3.768251066547524886e+01 1.946881089773550499e+01 2.345305805210430350e+01 4.369650915322498719e+01 5.438110594699695355e+01 5.336199509377471628e+01 6.497002575102757760e+01 7.337357939456464351e+01 7.407155804708210667e+01 9.437713890458145727e+01 9.141221689042883725e+01 7.135418366284116587e+01 6.795145764923468334e+01 6.793729331988818387e+01 6.218974512335304894e+01 4.808182783889348855e+01 4.267159052334545066e+01 5.700585348847401690e+01 7.845159049320919564e+01 7.801129130509644938e+01 5.819078894477489428e+01
8.227203490504747663e+01 6.238242234222749261e+01 6.064675101819592840e+01 7.890497310495254624e+01 8.715832597466065579e+01 8.619211902713307438e+01 7.775232063853599129e+01 7.662029801093552805e+01 8.506466323469226154e+01 7.765835389640501774e+01 5.708934461960961926e+01 4.245148893500454079e+01 5.000097432001863496e+01 3.722335662398278089e+01 1.699473869811610882e+01 3.570077649830734856e+01 1.746863618359746795e+01 3.767000683498306302e+01 4.369627266306441982e+01 2.949587916600330928e+01 3.401178814776709913e+01 3.894667995208247646e+01 4.460981071130755282e+01 5.371991313369453991e+01 6.811392388999310299e+01 8.845455922878363708e+01 8.921579595511498439e+01 6.916098246379161196e+01 5.499989706848422344e+01 4.792206245434405787e+01 4.237333663647898163e+01 3.808583971082632047e+01 5.809355025158771468e+01 6.247868597416060510e+01 8.190575968813367069e+01 7.444888953199711068e+01 5.469221047631436505e+01
9.052727590807360514e+01 7.164058979565503193e+01 5.175007027630894640e+01 5.901369597773883413e+01 7.307544906494112524e+01 9.297868910452822888e+01 9.162815327222342887e+01 8.163503968079029960e+01 7.350818876782727784e+01 8.163503968079029960e+01 7.157039653741368568e+01 6.311386795449400466e+01 5.191285208654966254e+01 3.127824666691513755e+01 3.423212461012431618e+01 1.549089672180629229e+01 3.451694726406969238e+01 3.535706897198199528e+01 5.277777996319012743e+01 4.982638802155952362e+01 5.438110594699695355e+01 5.932311811216732877e+01 6.497002575102757760e+01 5.901035215901984543e+01 7.935795056416954196e+01 8.725874863571115725e+01 7.897554126519715112e+01 8.334594770738854663e+01 7.503490133996876921e+01 6.795145764923468334e+01 5.507593269053393925e+01 3.507974156241686359e+01 4.661483531351191800e+01 6.070178191199711648e+01 8.032230516467572556e+01 7.111887771968723371e+01 5.140784018858092708e+01
7.968374370902841974e+01 6.632462484663130908e+01 4.641905866173684814e+01 6.632462484663130908e+01 8.181832170744991117e+01 8.592841225231120461e+01 7.208529955464358352e+01 7.176550802649532557e+01 5.371978864124085362e+01 6.701863793615038389e+01 6.303986633571771847e+01 6.521773972811432429e+01 6.056724215514380205e+01 5.180427320609309305e+01 3.869663481619412693e+01 1.464690799435077828e+01 2.462552459272933802e+01 3.112591029981958002e+01 4.968142459416981183e+01 5.796296017838563586e+01 6.642511669955878517e+01 6.148950640537179879e+01 6.994535370105292316e+01 7.935795056416954196e+01 8.773680663010937053e+01 7.571165991797273875e+01 5.897427326260361724e+01 6.742780379976588279e+01 7.571165991797263928e+01 6.611089232065300791e+01 4.780495391737768784e+01 3.259112989647403680e+01 5.257640878234962400e+01 6.478503068313796120e+01 7.306842135871640664e+01 7.693212687119076065e+01 5.717807539442627274e+01
5.969647176841827019e+01 6.208074387654784232e+01 4.215103936766907111e+01 5.367167114906450820e+01 7.356775084456087654e+01 7.780926888478597903e+01 5.806262355694708077e+01 6.361398870453414389e+01 4.352663105737565985e+01 4.701912172316326632e+01 4.291650346677213435e+01 4.512763008494950157e+01 6.521555843868664226e+01 6.651639258900731022e+01 4.261589532153382720e+01 3.102225152249553020e+01 1.345732032062351102e+01 3.364265448143493131e+01 4.166923581181830372e+01 3.743971202154133238e+01 5.179193453509324740e+01 4.091784991378044367e+01 5.547358138441801145e+01 7.601323418117826236e+01 8.466387320924955873e+01 6.742780379976589700e+01 4.742186692160557016e+01 4.742186692160556305e+01 5.896153575992509843e+01 6.471943315428110566e+01 3.515031203002994431e+01 3.015477716417289145e+01 3.721725866047989939e+01 4.477586532837962352e+01 5.892668230227815229e+01 7.892833479731604029e+01 7.490736324197372653e+01
4.808779039382297071e+01 5.824527045552420645e+01 3.828599976574991359e+01 5.241508052194397038e+01 7.232059406438476401e+01 7.926770945741043306e+01 5.954289987085064695e+01 4.508371435312187003e+01 3.802427018350376642e+01 3.248129059026243226e+01 2.842381287361703102e+01 4.364553867597334857e+01 5.193174029788151813e+01 5.310637605422476781e+01 4.079232592644071076e+01 3.279755213657819013e+01 1.262042988894883067e+01 3.279758906890243253e+01 2.138453905931851651e+01 2.574608205454720888e+01 3.131934920137181777e+01 5.179193453509324740e+01 5.547358138441801145e+01 7.601323418117826236e+01 7.638031371578296103e+01 5.637698529822824156e+01 5.587737075776940543e+01 3.588109607882312702e+01 3.955200303824566532e+01 5.308004363286399041e+01 4.479386039791940277e+01 2.785781902825727130e+01 4.787994471317245626e+01 6.478503068313796120e+01 7.306842135871640664e+01 7.393215221831607664e+01 6.550232210692534807e+01
