LEM/with_lateral_4open/elevation_000084.asc
nrows	100
cellsize	150.0
xllcorner	0
ncols	100
yllcorner	0
NODATA_value	-9999
[rows 0 to 16 of 100, columns 37 to 73 of 100]
8.884754177262699226e-02 6.929726548558100274e-02 7.395023591448830758e-02 4.828361932999872264e-02 4.897713358561925356e-02 8.568734790590110117e-02 1.075183056328203948e-02 6.823539046102447547e-02 7.194897206013613211e-02 1.557559815681563986e-02 7.704183385687686514e-02 1.685416958384493638e-02 9.680445094065920353e-02 7.639902522890137937e-02 4.559330980047965332e-02 5.839666421669215124e-02 9.739037529851846120e-02 3.670263267501718690e-02 2.041064012308905357e-02 6.895211126444661387e-02 9.031524355919069713e-02 1.560024811392830661e-02 7.641644294168103979e-02 3.888124420523987601e-02 6.873285589001959517e-02 4.772367030474261584e-02 9.504926490987847254e-02 5.760415539182907330e-02 9.666222459857021221e-02 9.627991409191682948e-02 1.286757495974483190e-02 9.381044340810595905e-02 7.584058927755046864e-02 1.435327048224320848e-02 5.777975670406795827e-02 2.716720951219454838e-02 4.735230246529398453e-03
2.008884754177227094e+01 1.421143288921665615e+01 1.421608585964556326e+01 2.004828361895575028e+01 5.212954928528863441e+00 6.752354014572596874e+00 2.001075183056292772e+01 1.161524077425364254e+01 1.421408459579121164e+01 2.001557559815645959e+01 2.007221250504100141e+01 9.136374101533414560e+00 7.125540203953660834e-01 1.587272322097290278e+01 8.744102351824373898e+00 2.005839666421633538e+01 1.164427873916818434e+01 2.003670263267466112e+01 5.184388434929408263e+00 2.006895211126409251e+01 2.009030064368376500e+01 1.001559964745013964e+01 2.007041164192731131e+01 1.747596559638763702e+00 2.006873285566328846e+01 2.004772367030438573e+01 8.260015074187210260e+00 2.005760415539147345e+01 2.009666222459821583e+01 5.869782605988199009e+00 2.001286757495939028e+01 1.423594606713918154e+01 1.421797621300862602e+01 2.001435327048014301e+01 1.748088266161099247e+00 2.002716720951183760e+01 2.000473055086474261e+01
2.639122090343393268e+01 3.421143288921736314e+01 3.421608586055387491e+01 3.055817976672204850e+01 1.055817976677739800e+01 1.382342182643813366e+01 3.382342182643883888e+01 2.575737639798484580e+01 3.421408459579191685e+01 3.511958350583871891e+01 1.464678224415843211e+01 2.141698509301118492e+01 1.328600363104823323e+00 2.100727409324445105e+01 1.912950558258645373e+01 3.514770180061125870e+01 2.578339134463704241e+01 3.052668119547269043e+01 1.052961326864678782e+01 3.052668119547269043e+01 3.829284396701801541e+01 2.415751864968949292e+01 2.346246783896634724e+01 3.462582411063855670e+00 2.346321110307289004e+01 3.654428632161204860e+01 2.240215069791841174e+01 2.826001507418756731e+01 3.190000949754388060e+01 1.190000949754352533e+01 3.190000949754388060e+01 3.423594606713988497e+01 3.421797621301360692e+01 2.344415263714232012e+01 3.444466125521037814e+00 2.344415263714243380e+01 3.433066479232375912e+01
2.968695100572491441e+01 4.390065790250542932e+01 3.908620842106161319e+01 1.908620842100196668e+01 3.055817976681241177e+01 2.276769373643744743e+01 4.210769307376234138e+01 4.575737639798555279e+01 4.586082772980476108e+01 2.576579983293169818e+01 3.254198810924327745e+01 5.583093445610141536e+00 1.945550948307273487e+00 2.198942652125494490e+01 3.661408290352330397e+01 4.432319652909259844e+01 4.574196122537006914e+01 3.655369450003468046e+01 1.655984000302778014e+01 3.655369450003487941e+01 5.238198276136430565e+01 3.336322922863518414e+01 1.336177106856426455e+01 5.196802350112102786e+00 1.933907718512277540e+01 3.934159686775953446e+01 4.240215069791911873e+01 4.826001507418827430e+01 3.897107730940982862e+01 1.897107730940912518e+01 3.897107730940982862e+01 4.885698101734015353e+01 4.057393374181156531e+01 2.815809792968621039e+01 8.158511331184236326e+00 6.048244345137503863e+00 2.604760550414935949e+01
1.556812065035976822e+01 3.561100730344666943e+01 4.575287508775824818e+01 2.575287508766875177e+01 4.575287508775824818e+01 3.431469912023037239e+01 5.105196498237996394e+01 5.996421027307757612e+01 4.001901540504515253e+01 4.586082772980476108e+01 2.833499891416278516e+01 9.648818440891206549e+00 2.566442473377041011e+00 2.262409855873906750e+01 2.964272598067153908e+01 3.085899433027442740e+01 5.197454576439149321e+01 4.361812160662803706e+01 2.363090311734202942e+01 4.361812160662803706e+01 4.750816295829304892e+01 2.750422917205879969e+01 2.699403927398063985e+01 6.992855370379859714e+00 2.699403927408632597e+01 2.853155123279158900e+01 4.267576534496130591e+01 6.268754293443916481e+01 4.725534855687202906e+01 3.051808269320184408e+01 4.725534855687202906e+01 4.057393374181160084e+01 2.057479949208249437e+01 1.522957797232427524e+01 2.791233610514940722e+01 7.913253961618103460e+00 2.205517548848338905e+01
2.004424501493565103e+01 4.010978032007007243e+01 5.403714641752348058e+01 3.575287508766910349e+01 5.403714641752348058e+01 5.431469912022944158e+01 6.259897036512468560e+01 6.817967135321458727e+01 5.996421027307757612e+01 4.230014399490031707e+01 2.255044643110607083e+01 2.833499885438820698e+01 2.262423808887109900e+01 3.449272238297026227e+00 9.877799061750442533e+00 3.003655296733144908e+01 4.172768224605207621e+01 5.185915735794629455e+01 3.517693200903116235e+01 5.185915735794629455e+01 5.580041878705169722e+01 4.750816295834903968e+01 2.881256823762828390e+01 8.811037188561693156e+00 1.588210684051646027e+01 3.588447240165491081e+01 4.853707929732237147e+01 6.855338105716694486e+01 5.880235394066474441e+01 5.051808269320255107e+01 5.000132130715094547e+01 3.000281227817539431e+01 4.057393374181160084e+01 3.522894028505573516e+01 2.981034541391290205e+01 9.811569953122994292e+00 2.395341205141933472e+01
2.540186900655539048e+01 3.643244909720890945e+01 5.647202787700694415e+01 4.989501071140055188e+01 6.403714646343993877e+01 6.779986953743832601e+01 5.952177569821679981e+01 6.171231962060517162e+01 5.343110341353947490e+01 5.064468171136846308e+01 4.230014397400989878e+01 3.712120009630302064e+01 2.568991000914142475e+01 5.634867041951482136e+00 4.374181391756538417e+00 1.333034220752629473e+01 2.753106354314138215e+01 4.762126061341593442e+01 5.508331683592797390e+01 6.324634059905017835e+01 6.202928639714087211e+01 4.244788897873828404e+01 3.071130628128727835e+01 1.070935318006670656e+01 3.071130655706975432e+01 4.417532349519638046e+01 5.221519606349083631e+01 6.051619882413955764e+01 7.053161437318216542e+01 6.414164009674058775e+01 4.414420948822376545e+01 4.414420948822377255e+01 5.828406538695881522e+01 4.588271892462850587e+01 2.588678957142952086e+01 1.174504293121390930e+01 3.174346168283815928e+01
3.120302374839639370e+01 5.134245125418247113e+01 6.474799049512353122e+01 6.989501071201298998e+01 6.741436152680383032e+01 5.625786845687218118e+01 3.952784290560289548e+01 4.488093796786422018e+01 3.337208590756387849e+01 5.014246723407575246e+01 4.031740518761189662e+01 2.881046735113372037e+01 8.760932545517880143e+00 2.509028574805390122e+01 5.030582206319121674e+00 2.509028589087778727e+01 4.172731398186322593e+01 4.585182047008185435e+01 5.411665835821155213e+01 6.866228678362804771e+01 5.701017855059721740e+01 4.244788932347428556e+01 2.263105513444514472e+01 1.263385407736547528e+01 3.263770788775615017e+01 2.512992968134261673e+01 3.220133325542086311e+01 4.220374136866526982e+01 6.222665075831640280e+01 7.242392128569383658e+01 6.414164009674058775e+01 6.414164009674058775e+01 5.673651079180608292e+01 3.674532817753111402e+01 3.371374793393818692e+01 1.371570148754076435e+01 2.078676404792228993e+01
3.882671843139088708e+01 5.202339187103063267e+01 7.272900100548395130e+01 7.282946009380628993e+01 5.888392998613292662e+01 3.951285226176236165e+01 2.788060013428258088e+01 2.475268014741893552e+01 2.171172110055670856e+01 3.778571573010759721e+01 3.200884527390298473e+01 1.196283512676660798e+01 2.880556873367188686e+01 2.539953701358779981e+01 5.688157066737494105e+00 2.574835149412531266e+01 3.251462512192002663e+01 2.699932047728832174e+01 4.585211731417604142e+01 6.028656339695602639e+01 4.020400079324024034e+01 2.864996222499013712e+01 1.970494777922992213e+01 3.263770788775615017e+01 1.570171403283622702e+01 3.570675379089930601e+01 4.734069447423546251e+01 6.051619882413955764e+01 7.053161437318216542e+01 7.317757121046632562e+01 5.320025117725644748e+01 5.320025117725644748e+01 4.687891478831620873e+01 3.674532817753156877e+01 1.674809366164787150e+01 2.188064987907174341e+01 4.078051214785320155e+01
5.048249514458853326e+01 6.721804044870145844e+01 6.943882343197439866e+01 5.546736515331766526e+01 5.290713130525272589e+01 3.287600158557820151e+01 4.797827331119940908e+01 4.408658394335675013e+01 2.377834317702830802e+01 1.765778156486588202e+01 1.526987705677256102e+01 3.200883474678524010e+01 4.025757479094489355e+01 2.205398750775383476e+01 2.574861487888965783e+01 6.621314720042144053e+00 1.399836361180555144e+01 3.251813355724661392e+01 5.047389146603931209e+01 5.984955500535817663e+01 4.917105281688893115e+01 2.913415564680833469e+01 3.972557913952034170e+01 4.400163084503259370e+01 3.557929802590763302e+01 1.903504736928469754e+01 3.904235325389354472e+01 5.146349122976759105e+01 7.151145042430461274e+01 6.732792982316514951e+01 4.734837507727226580e+01 3.321043186631943200e+01 2.688594744559370042e+01 2.111245137363367519e+01 1.987156889608596799e+01 3.986828801146887713e+01 3.452899230965339683e+01
7.051050033137745743e+01 7.693327630694767549e+01 6.212265505250905306e+01 4.210898565384263748e+01 3.809048371873367955e+01 5.290713130525253405e+01 5.415997013315428177e+01 3.401319775355924691e+01 4.339326045035202384e+01 2.459853524499125044e+01 3.531354118899517402e+01 4.361903101298440077e+01 5.037079327525557915e+01 4.209383807919969200e+01 3.086506316844715059e+01 7.283741564954119063e+00 1.194774946270380589e+01 2.407630702994850935e+01 3.266945785869651075e+01 5.175429339438093734e+01 5.675088614405064646e+01 3.669650500324299003e+01 5.675088614405064646e+01 5.275161080976441497e+01 3.297307064638663121e+01 2.144276443834774426e+01 3.144328992007837087e+01 5.146349122976758395e+01 6.765023034188833151e+01 6.951258982621635596e+01 4.953413672549989855e+01 5.320025117725644748e+01 4.481844543062349828e+01 2.482635770227046379e+01 3.986828801144054069e+01 2.445988309475438527e+01 4.445562605103302900e+01
7.432943625852321645e+01 6.013691146375764873e+01 4.859124222724976505e+01 6.212265505250905306e+01 4.962501513284139776e+01 6.634812797942107920e+01 4.829776570634889765e+01 4.829776570634889765e+01 4.360860327221347177e+01 3.797033362858064010e+01 3.919916889491112499e+01 5.762980828037149195e+01 5.314082266816682676e+01 4.383998274188501654e+01 2.835070947442194012e+01 7.952804496180316818e+00 2.770261154630536993e+01 1.839036198776291187e+01 3.620136551357919075e+01 5.369919006673529083e+01 6.347446656085360672e+01 4.826300006790901875e+01 6.507295388456957141e+01 6.048712582954317440e+01 4.134290560572771511e+01 4.145339057492299162e+01 2.515667139466727775e+01 3.930303375015463274e+01 5.761202633057899902e+01 6.918839080720955792e+01 6.951258982621635596e+01 6.268776442471324373e+01 4.866361037041377102e+01 2.867535726707836830e+01 4.778810820453526276e+01 2.779321526035818479e+01 4.193351051947049513e+01
7.171436241639956677e+01 5.752668648813108376e+01 6.013691146375764873e+01 7.693327630694767549e+01 6.371955822333880803e+01 7.659360831785814128e+01 6.245883283260266694e+01 6.831258356575149548e+01 6.308657638025913883e+01 5.722059147626814735e+01 5.762980829129629967e+01 6.363939367980344741e+01 3.993603456566696508e+01 2.357832970500441760e+01 1.481193914029713277e+01 8.622632535331087311e+00 2.895655587822484023e+01 3.613349547895369795e+01 2.677593767505448241e+01 3.583076963385504143e+01 5.532275669820130304e+01 6.834555299716321031e+01 7.667004015538041983e+01 6.900785495590601215e+01 5.587570520451662759e+01 3.584833617538019013e+01 4.517062616658575536e+01 2.928235890948447206e+01 4.083220476298331647e+01 6.087010332012447833e+01 6.853896667042934610e+01 4.858394885486299586e+01 3.444881304853648629e+01 4.866361031775890922e+01 3.304545231009974060e+01 4.778810813257509693e+01 4.778810819391217990e+01
7.021433809660764780e+01 7.171436241639956677e+01 8.021106393633436937e+01 8.852105395547403077e+01 8.374062734346334480e+01 8.066703526806833224e+01 8.244478797647073520e+01 7.220836792181637520e+01 6.395963593177723538e+01 6.395963593167792283e+01 6.317594186054488858e+01 5.509945377499804664e+01 4.344845396191622200e+01 1.462170629722959347e+01 9.579046741109417340e+00 2.863018722090520285e+01 1.657347734578424792e+01 3.694660067116614499e+01 4.557661789144553666e+01 5.369892296192080750e+01 6.347358308614469991e+01 7.718956099857233255e+01 8.816332081029145229e+01 7.005412618415655857e+01 5.000281094171457141e+01 5.587570520451662759e+01 5.597722290458816730e+01 3.594920577331755140e+01 3.420605264931469947e+01 5.423333359888456329e+01 7.281824146475902637e+01 5.303992141626002166e+01 3.892083901590070383e+01 5.889184006288515860e+01 5.303855390453265528e+01 3.848865484058958941e+01 5.262625879331561407e+01
9.030060473109134023e+01 9.179871905545103061e+01 8.374738215468482849e+01 7.473734648678963310e+01 6.643255937536004296e+01 6.053644640732737514e+01 7.473734648678949100e+01 6.395963593177723538e+01 4.398301551361969786e+01 4.398301551361969786e+01 5.189099629970218786e+01 3.553363609559222169e+01 4.192610383752003855e+01 1.941143810448035012e+01 1.025782423166901047e+01 3.044578610256876416e+01 3.689741135451265563e+01 2.577284080906419206e+01 3.264766115053162565e+01 4.100825001020643157e+01 5.001271323606912489e+01 6.128320871174062034e+01 8.024157560569800296e+01 7.837324741107066473e+01 7.005412618415655857e+01 6.755390226542647270e+01 4.750250542952051802e+01 5.597722290458816730e+01 3.779822670597227585e+01 5.198198999086233840e+01 7.241320033702066894e+01 6.388229918070345548e+01 4.392046300206646237e+01 6.388229918070345548e+01 6.255946263531354390e+01 4.257095309624888557e+01 5.670697755721932509e+01
9.121060017140186460e+01 8.960080389748624441e+01 6.962428994685275541e+01 5.525514764477946983e+01 4.605385950532787831e+01 4.605385950532787120e+01 6.459620241045575995e+01 6.395963593177723538e+01 4.398301551361969786e+01 2.980036254505060711e+01 4.073373599544104451e+01 2.382865669199681591e+01 3.407637336016307472e+01 3.159720393985361042e+01 1.123836170947015667e+01 1.159180932706437694e+01 3.187140970538197493e+01 4.157762195853069898e+01 5.273611394888988002e+01 6.034365152842158864e+01 5.691663753661246261e+01 6.356612254249667870e+01 6.966851107818604305e+01 7.849616847146907617e+01 8.395002794715564676e+01 6.386895710776587265e+01 6.755390226542647270e+01 6.162076278360392934e+01 4.157806274389312762e+01 5.573881476724295680e+01 7.582104145787603500e+01 6.941511438998293215e+01 4.946626549346622426e+01 6.941511438633449416e+01 6.771965289829620360e+01 4.773432175773615427e+01 5.521522634692503573e+01
7.132037505130669786e+01 8.539858011995525544e+01 8.374738215468497060e+01 6.799254151636981192e+01 4.764210140569431928e+01 3.610371799047780428e+01 4.953004562372188957e+01 5.548772414589387836e+01 5.780586038957481065e+01 4.077750606866516137e+01 2.044904697476095734e+01 1.462688267294567979e+01 1.362541951241861504e+01 1.262983203254646725e+01 3.037304874635977470e+01 3.187140924955590293e+01 1.292707341567795964e+01 3.323264305186800982e+01 4.294501312044082653e+01 5.395318516773393469e+01 3.755644220596072813e+01 4.975618271850494523e+01 4.843927794193199077e+01 6.656595569897669407e+01 7.558301120234091286e+01 8.395002794715564676e+01 7.992273245974506324e+01 5.982863238545654383e+01 4.566108856858403442e+01 5.722382415935994260e+01 7.731193319408166076e+01 7.571771518681192958e+01 5.578714153465242731e+01 7.571771515198091151e+01 7.326159089605060615e+01 5.327984874122363834e+01 7.326159120635470856e+01
