LEM/with_lateral_4open/elevation_000589.asc
nrows	100
cellsize	150.0
xllcorner	0
ncols	100
yllcorner	0
NODATA_value	-9999
[rows 17 to 33 of 100, columns 0 to 36 of 100]
5.222468517465790605e-02 6.718890998650272728e+00 2.671358380383546560e+01 4.646340935142902140e+01 4.900511139411589312e+01 4.033690020151325228e+01 4.179507794518851682e+01 4.994724846153820863e+01 5.756675466538935382e+01 3.771851831011571221e+01 2.625753141476884167e+01 4.610737006273686944e+01 5.541116689505513193e+01 4.834594164350418311e+01 6.236684257628839845e+01 8.238925976503196580e+01 8.498883564833204218e+01 7.087097560110321126e+01 8.498883564833204218e+01 9.326973189609904580e+01 9.303658171112903119e+01 7.286096703854049395e+01 5.871499990465775198e+01 5.111727871889452501e+01 6.134004487119764093e+01 5.086568457434753299e+01 3.103251957570980224e+01 3.156786381537142816e+01 3.789629832503441520e+01 4.497372988938134597e+01 5.652965896703282311e+01 7.660867004097183042e+01 7.978424601532329064e+01 8.804771644409792941e+01 7.966132178171159239e+01 5.842039654598742970e+01 5.442165796404934497e+01
7.333276091007127906e-02 2.007333276090971452e+01 3.498545754487107473e+01 3.663362462946669496e+01 2.962706104936995644e+01 2.020484867529973982e+01 2.191612104282757656e+01 3.857593069861180624e+01 4.689353296562688200e+01 3.864890478813642005e+01 2.308307995224744857e+01 3.711590202432991958e+01 5.700960205539483638e+01 6.822460708629127168e+01 7.654139815639472033e+01 7.225086667185713907e+01 6.519496484008239179e+01 5.676030876289237881e+01 7.671691931370871487e+01 9.204573168910681602e+01 9.902614394736150416e+01 7.877026776153491028e+01 7.581488293353667984e+01 6.172767549640939677e+01 4.161838282720428595e+01 3.581927607849707584e+01 5.107120043346234439e+01 3.455070060469368798e+01 5.457496025929713568e+01 6.501604759237233111e+01 7.337861059318248635e+01 8.500266773595690495e+01 8.417612375983854633e+01 7.585368616984420953e+01 7.966132178169449674e+01 5.842039654598742970e+01 4.296169504142476114e+01
6.343274376862209629e-02 2.006343274376826713e+01 2.308003396740006608e+01 2.305693199741898525e+01 6.998073978235513692e+00 8.688370503492773622e+00 1.040965134863474262e+01 3.034567106266412750e+01 3.461017100908505029e+01 1.880063204346463124e+01 3.864890478813642005e+01 5.117796236783064501e+01 5.979320607027349155e+01 6.264275236946910042e+01 6.640338571106973120e+01 5.228494077802553619e+01 4.522021718295723502e+01 5.229274508836184054e+01 6.381814752600803331e+01 8.377149185484361738e+01 9.608684607902110031e+01 8.440201845963360938e+01 6.742686621212425280e+01 4.737742475157572386e+01 4.201059107954456806e+01 5.587844485531844896e+01 5.762903433926993557e+01 3.760211633755856298e+01 4.761139220824424712e+01 5.916612195801808838e+01 7.923129284283244544e+01 8.417621092160000273e+01 7.235671221801754882e+01 5.522459643209298008e+01 7.235671220697307149e+01 7.328395278135714364e+01 6.464171950885645401e+01
3.497053469895897854e-02 1.555542377238368523e+00 3.080528080564412186e+00 4.632829131977072024e+00 9.095621951779135017e+00 2.789557716098481777e+01 3.034561705813906585e+01 1.290903610488318343e+01 1.468968246710323911e+01 1.701038759911483922e+01 3.692414994431020858e+01 4.292653690305503034e+01 3.981226888176514933e+01 4.266322885172066037e+01 5.236183918015453997e+01 3.814154489937376979e+01 4.969347477393497314e+01 6.966119198871813012e+01 6.640658365782579153e+01 8.636211387190664368e+01 8.761069735099218292e+01 6.746498067914195929e+01 5.592171189563874378e+01 5.837931162735046797e+01 5.618570296438308276e+01 7.044070848580318511e+01 6.092182716446599500e+01 4.089253405649793649e+01 5.245054641297155484e+01 7.249381187359757917e+01 8.760488319670477608e+01 7.585368904697146775e+01 5.522459643211303870e+01 4.307747658458015394e+01 5.410714912278743327e+01 6.259694667832616943e+01 5.902346016475468815e+01
9.635555453094322986e-02 2.009634198657460402e+01 1.308048782205382743e+01 2.463202842511731205e+01 2.808553396001126146e+01 1.560811970666170367e+01 3.432422628283531196e+01 3.283594168391180546e+01 2.617874889126410665e+01 3.692414994431016595e+01 2.034975022300472247e+01 2.300067774484109862e+01 2.572016294546381943e+01 2.854898470175418268e+01 3.237359043384976331e+01 5.236183951378146872e+01 6.640349514951796550e+01 7.793170392697224713e+01 8.636211387190664368e+01 9.463715376336793383e+01 9.024910079363142756e+01 7.006892607913472659e+01 7.006892607913474080e+01 7.255902092861801123e+01 7.627058115711218989e+01 7.864874817916420113e+01 5.858667863996196701e+01 4.443237372319746470e+01 6.446272276335170659e+01 8.085324974524263553e+01 8.257992217886202013e+01 6.216423345240278309e+01 5.000316269068019182e+01 4.059844194350378643e+01 3.340624883955722879e+01 4.756094315431626995e+01 3.836378684091912561e+01
8.845047570523793812e-02 1.163545585932843096e+01 3.163543602674960553e+01 2.940976575227332646e+01 4.230423993517478465e+01 3.432422659351972527e+01 2.270450286204366463e+01 4.138466333586062262e+01 4.027406198563282658e+01 4.559623240885869677e+01 2.564959359240098991e+01 4.292653690305503034e+01 4.566454949005876074e+01 4.851509914593729889e+01 3.518929543957908379e+01 4.932210682406345370e+01 6.925966618074568260e+01 7.879493302024350498e+01 8.844413783134855578e+01 1.015529013623273187e+02 9.873511084013264849e+01 9.024910079363142756e+01 9.024910079363142756e+01 9.278513032351877143e+01 9.407194580019597652e+01 7.392880265754830305e+01 5.977056853618537957e+01 4.821780075643486896e+01 6.824808704523023550e+01 8.447475206471366960e+01 9.086700936013254193e+01 7.914812461411311517e+01 6.993061572917319779e+01 6.149534031618748031e+01 4.756094315431626995e+01 2.717204637567889947e+01 2.413984623023591070e+01
8.023991185656004221e-02 2.008023991185620361e+01 3.991937773193630790e+01 4.940819760318218101e+01 5.769015784122635182e+01 4.682190187822357075e+01 2.798675424628174824e+01 4.682190187822357075e+01 6.025965895554309526e+01 5.225684259445171165e+01 3.227501203767285176e+01 4.192870654349162862e+01 6.191485112820195980e+01 6.341682015600846256e+01 4.673278599242473774e+01 4.371678198226840806e+01 5.078530254819834511e+01 6.073845995020140975e+01 7.461680711331905513e+01 8.306917099059162979e+01 9.251087929403496446e+01 9.677247922188831808e+01 9.894416658793969077e+01 1.020320140040819723e+02 8.182803736785442084e+01 6.765121924978673462e+01 5.765122278776161124e+01 6.824808704522183689e+01 5.606800004585886654e+01 7.021723566300944697e+01 9.033139217285169309e+01 8.257168382312062249e+01 6.209376663668938079e+01 5.446463830883979540e+01 3.375357635890726726e+01 4.756094315431626995e+01 4.441486505972027743e+01
4.598823041778624804e-02 2.004598823041743216e+01 3.306462795009834110e+01 4.134898973633078612e+01 5.134920475670671181e+01 5.495863835500701100e+01 4.113390879780524756e+01 3.864529959522468516e+01 5.799134831344189678e+01 6.053649914731558113e+01 4.226102489463824696e+01 5.225684259445171165e+01 7.019442006242999810e+01 7.492710109911462268e+01 6.667576986879049628e+01 5.781934654066091639e+01 7.061833577459080402e+01 7.879493302024350498e+01 7.884210139289557162e+01 6.154315505482415460e+01 7.890283811451990914e+01 7.733686881481985154e+01 7.882064043054099045e+01 9.302149120341196920e+01 9.614222258440547364e+01 7.769843218373192428e+01 7.180351314092044390e+01 8.279618357134860673e+01 6.273363388001207142e+01 8.279617619435948939e+01 9.164246996573825754e+01 7.666825675172150056e+01 5.605681573718150190e+01 4.120056671106607382e+01 5.446463830883979540e+01 5.925290950441858229e+01 3.854267427124096201e+01
7.340434288523949025e-02 6.397959663222025029e+00 1.306462632988874972e+01 2.306462632989439143e+01 3.720676201647341230e+01 5.720680592568326972e+01 6.055393191565399746e+01 4.965969904974077309e+01 6.621400610310521984e+01 7.053168791110849156e+01 6.225266029426518344e+01 7.053168791110849156e+01 8.052535828903073423e+01 7.733787269866205349e+01 7.996041355874237411e+01 7.766146821798092503e+01 7.973374807415113708e+01 7.148851003086481626e+01 6.999957910301489505e+01 4.956985398027870815e+01 6.695637376811784236e+01 6.320148416411169734e+01 6.450872422316777488e+01 7.882064043054099045e+01 9.894416658793969077e+01 9.786726537615621169e+01 9.193002568604607916e+01 9.117957087183474130e+01 7.273363583965392820e+01 9.117957057423063816e+01 8.336063929329174016e+01 6.297068727867112159e+01 5.245217189931315716e+01 5.605681573718150190e+01 7.052316282485804777e+01 5.547263076145561911e+01 5.320633409158077143e+01
3.515918393995972474e-02 2.003515918393960504e+01 3.306462795009834110e+01 4.134898978030258121e+01 4.561607132929029262e+01 5.389797373406255332e+01 6.389642528146877964e+01 6.937259286307948969e+01 7.763478857899795571e+01 7.221989759151331612e+01 6.398280261526697643e+01 7.221989759151331612e+01 7.151443757059142570e+01 5.753678331282490888e+01 6.015967671787199578e+01 7.413317602676399076e+01 6.821203657187697900e+01 5.151143393002361393e+01 5.635374795164276662e+01 4.191313162819198368e+01 4.676824549063530156e+01 5.282927847790517717e+01 6.713500978069664882e+01 8.732584334391758318e+01 9.559697639791092172e+01 9.241210665321086992e+01 1.007432467607087574e+02 1.012679879077525271e+02 9.285873130330467973e+01 1.012679878727182086e+02 9.164405664337324708e+01 8.150499916387950350e+01 7.316559049803375103e+01 7.666825675172150056e+01 8.441974640730536805e+01 7.607319352576408278e+01 7.385063387200342788e+01
4.608085242692564615e-02 2.004608085242657012e+01 2.958061583704269637e+01 3.492587116892944721e+01 2.561653813123722045e+01 3.561653371932465717e+01 5.561560893925591387e+01 7.328744305645862767e+01 6.740315445975637942e+01 6.224182558148674360e+01 4.399764806568336439e+01 6.224182558148674360e+01 5.922142465248041532e+01 4.359993835440204180e+01 4.620914937584863935e+01 6.595917826611128021e+01 5.936988499877044489e+01 3.995292541653788021e+01 3.626099500026062117e+01 5.635223361200885961e+01 6.693191936463087188e+01 7.304071149928826401e+01 8.137414312198244204e+01 8.971977452582807189e+01 7.551139486032437276e+01 7.233453678792149333e+01 8.914543948479173707e+01 9.085702871490495625e+01 1.109729794091794872e+02 1.038414700998385740e+02 8.397125152771340595e+01 8.397128090557872326e+01 8.631974366391017384e+01 7.808056271257696324e+01 7.503821703683084365e+01 6.682715631224368735e+01 6.682715244358307416e+01
1.610643649003322755e-02 4.730151644400330646e+00 9.580864145126948728e+00 1.492608898337391565e+01 2.647309302144956433e+01 4.647258085094086510e+01 6.389642528146877964e+01 5.304170546912732931e+01 4.709299852187938029e+01 5.399022534047519883e+01 3.400446488013297852e+01 4.399734511030408868e+01 3.934006611650746521e+01 3.374326199517278013e+01 5.346816323665537141e+01 6.348344894749054390e+01 5.082997066150157650e+01 3.100551552229185504e+01 5.098853184871165922e+01 6.413589989074456810e+01 7.721802978428733866e+01 6.894580978206552402e+01 7.491392251802504632e+01 7.968480645110876992e+01 6.133659811212237400e+01 6.076354112073330782e+01 7.078360385864598925e+01 9.085702871492789257e+01 1.053853285146269059e+02 1.010555216270603722e+02 8.397128090557872326e+01 6.418344737810797085e+01 7.145636490597732404e+01 5.832942289102366118e+01 6.682715639584196765e+01 4.730127476900552352e+01 4.730127476704022627e+01
2.022278438842990689e-02 2.002022278438807490e+01 2.958061583704269637e+01 3.492282993641816802e+01 4.320859583049630004e+01 5.475438488652143576e+01 5.207936585050049416e+01 5.215677747333818104e+01 3.215700003425694575e+01 5.215496069877147534e+01 4.399731629954741408e+01 2.399383280323605305e+01 2.526087685936787608e+01 4.516318121249288708e+01 5.858131033963525880e+01 4.900200866345512907e+01 3.724101016223321636e+01 2.774210740012204113e+01 4.584204850019553845e+01 5.488455799596795259e+01 6.565997295286659607e+01 4.887657851696447864e+01 5.485949847682459080e+01 6.427621492331701347e+01 5.131404363836369242e+01 7.136546180076878443e+01 6.694330240340757143e+01 7.696364423069420013e+01 9.705226020465866554e+01 9.278384939817871668e+01 7.297424256425581746e+01 6.156596225188188498e+01 5.175151051863169727e+01 4.707105222874640305e+01 6.062663802869992224e+01 5.302027302190636959e+01 3.395814215611411413e+01
6.642187732006160639e-02 1.427590749011577209e+01 3.454017981151488925e+01 3.486818913462350622e+01 4.269728581734936057e+01 4.689024402025690108e+01 3.428707015179598017e+01 3.549521104278566241e+01 2.233417369943343544e+01 3.647324761633068135e+01 3.289256494501492512e+01 1.796423744845174397e+01 3.546604589342567948e+01 3.680449660658350552e+01 4.483188884496540538e+01 3.151564720084613569e+01 2.317711259513635014e+01 2.508292575771589838e+01 2.701862368317613772e+01 4.704818588378629585e+01 5.287301003683767675e+01 3.733587728532176442e+01 4.070594262728263857e+01 4.423447850552359739e+01 4.958405319575319936e+01 5.537151315566399745e+01 7.542362124621270425e+01 9.533674566967093256e+01 1.053853285146269059e+02 9.541514663200474899e+01 7.559383111520104137e+01 6.418344738745308575e+01 7.145636490597732404e+01 6.062663802869992224e+01 4.119394676078119488e+01 3.739656873495355427e+01 5.302027302190636959e+01
1.591255364720534082e-02 2.001566338955792901e+01 2.225578142398051185e+01 1.685433763041033473e+01 3.169736977324229699e+01 2.271498167466156914e+01 2.765201500925775235e+01 1.769949609645616206e+01 2.996066423679097568e+01 1.167854658268534607e+01 1.290840074498977152e+01 1.414351555131638882e+01 1.545425666393668251e+01 1.677456084472610698e+01 3.678684302020985797e+01 2.089677017177086071e+01 4.096169737542673772e+01 3.926463608763290125e+01 4.704818587982131106e+01 2.981437543893765962e+01 3.287298330250139600e+01 5.287301004815189032e+01 5.974931774743735247e+01 6.319759370990090730e+01 6.963507624466019763e+01 7.542362124621270425e+01 7.173960809563654095e+01 8.592602700552059503e+01 1.060342868463757782e+02 1.036941225850288077e+02 9.222222663093457129e+01 7.987487651170488334e+01 7.164787628421998988e+01 6.168575662072378663e+01 4.222091920133360787e+01 5.665995719528944363e+01 5.578832509936918171e+01
6.189296070378335485e-02 1.154609691034346852e+00 2.248961016273336444e+00 1.298261574603334800e+01 2.413422662855172973e+01 6.527453090362688393e+00 7.668014354203824823e+00 8.813161144254209489e+00 9.968033173402472968e+00 2.043702972794536876e+01 3.196823000510836010e+01 3.414753337107880071e+01 3.546811618008688072e+01 3.558575213525411840e+01 1.866723274890252782e+01 3.871857833143336336e+01 4.926747119609597547e+01 5.928904144128522091e+01 5.812663807489489187e+01 4.982285190053276835e+01 3.353403085950488816e+01 3.672347249405957115e+01 3.997667332735225898e+01 4.338875734937872153e+01 6.319759531376680428e+01 7.681731750242110479e+01 8.765934027386259686e+01 8.765934027386259686e+01 1.078712898737958739e+02 9.728296000753816486e+01 8.736258224813451534e+01 7.164787628421998988e+01 5.193940693385163598e+01 4.750976837035456413e+01 6.168575659308631032e+01 6.988457082489391325e+01 5.876107873472037113e+01
2.247884206357958492e-02 1.984962098705824118e+01 2.224010567271313832e+01 3.813065082758062552e+00 4.924128498634678053e+00 2.215649734577153751e+01 2.739090427711528264e+01 2.879200889657170492e+01 2.996032306962303338e+01 1.556538203590790204e+01 2.641770115452191092e+01 4.627812779591043579e+01 5.311104063670146047e+01 3.291781260822062904e+01 2.128821834909786759e+01 2.949208430099920974e+01 3.951672766439624951e+01 5.956212266701306390e+01 6.991174178584417120e+01 5.093680084109034567e+01 3.821705066879921731e+01 5.649871554626995618e+01 5.387445146453428890e+01 6.319759531376680428e+01 4.847492843341940727e+01 6.844092213753214082e+01 6.736441672663330849e+01 8.765934027762175162e+01 1.013086890774917919e+02 8.902152864986565817e+01 6.922389446555997949e+01 5.934615634036211418e+01 7.164787185278831316e+01 5.621276009237366367e+01 7.534314964556675420e+01 7.610029720507831996e+01 5.637906337640180254e+01
