LEM/with_lateral_4open/elevation_000333.asc
nrows	100
cellsize	150.0
xllcorner	0
ncols	100
yllcorner	0
NODATA_value	-9999
[rows 51 to 67 of 100, columns 37 to 73 of 100]
8.338639061138337638e+01 9.352846603148624638e+01 1.055424084167709253e+02 9.396318094555931566e+01 7.929851054785848419e+01 5.904563220432460469e+01 7.929851171825403355e+01 6.823682667099429011e+01 7.207717834107612020e+01 7.613121621681101203e+01 8.041763868186055220e+01 8.606381252819041094e+01 9.366689087487449683e+01 1.051317477780710306e+02 1.248397078418676500e+02 1.182567753043097412e+02 9.849394989499120356e+01 1.042823474421302166e+02 9.887797865521545759e+01 8.899314175539862504e+01 6.927323072563457629e+01 8.881388893332831458e+01 8.328650973143071212e+01 7.504196469541783188e+01 7.286729551787331616e+01 6.517991748030358679e+01 4.482616618320251689e+01 6.292504504504906038e+01 6.586421397751306017e+01 5.054831375992104370e+01 7.067554277783166583e+01 7.220046682226761448e+01 9.204798433496411292e+01 1.057726471880556005e+02 1.139589585509714027e+02 9.796788054251513245e+01 7.829243370228668653e+01
8.242988653579634217e+01 9.072806915598008004e+01 9.731057979383044199e+01 7.717829744056064101e+01 6.541802791827491603e+01 5.652953904301082844e+01 7.662255881626273890e+01 8.856644824267831950e+01 9.232668773807246509e+01 9.627774761167231077e+01 1.004560439434250156e+02 9.682119060189593540e+01 1.134613117938562112e+02 1.134613117938562112e+02 1.271507316809353654e+02 1.072632406351278718e+02 9.339777453360004245e+01 8.479661866939068204e+01 7.940675750144403366e+01 7.497043729921438171e+01 8.899347555161092771e+01 9.701322999680698445e+01 9.739164783196929420e+01 8.920572741259950078e+01 7.313282434934686194e+01 5.284834762657692409e+01 6.275581162708459715e+01 4.258875613156144624e+01 4.567066607259082645e+01 6.586421397741275996e+01 7.890678781687286403e+01 9.204797603859786648e+01 9.177848284796556300e+01 8.598191018422222953e+01 1.057726471880556005e+02 1.061278579195275569e+02 9.796788054251513245e+01
6.216712565380725408e+01 8.242988653579634217e+01 8.991567142771494048e+01 7.828938067843021997e+01 7.065409424136865368e+01 5.418601501179321644e+01 7.411634030125038919e+01 9.067892434002266100e+01 8.807595272507869311e+01 9.635022702550267582e+01 1.079250303017511783e+02 1.166292866030800042e+02 1.248289400947291767e+02 1.331917262559467474e+02 1.329931536776306871e+02 1.130881519016623855e+02 1.042823474421302308e+02 9.526634790409734421e+01 9.312141457164648273e+01 8.878445920464932328e+01 9.452408124462090200e+01 1.006474943435383693e+02 8.082977269081604277e+01 6.921131709861741399e+01 6.200640287935656403e+01 7.313282434934686194e+01 6.134652340603031462e+01 4.102716101143675331e+01 6.134648631125512708e+01 7.240980289397847969e+01 8.070741019695815055e+01 9.177848284796556300e+01 7.186502656979200765e+01 9.177848284796556300e+01 1.084753225233330767e+02 1.024903697093863428e+02 9.399600616387346008e+01
6.810195091058032801e+01 7.676385076511937200e+01 8.180013501117329611e+01 6.213532680615933401e+01 5.088798473956957480e+01 7.058672048870539584e+01 7.343518458332486887e+01 7.041277955253764276e+01 6.776494396629200878e+01 7.957266840184747991e+01 9.969169569901032446e+01 1.001948258514463390e+02 1.077264370105965980e+02 1.159336640250633934e+02 1.258380530436536446e+02 1.323676044123963891e+02 1.232026424580112121e+02 1.149478926370360909e+02 1.127755537384372673e+02 1.083807546168193170e+02 1.141879512800975363e+02 1.088318711936440053e+02 9.740006232896519123e+01 8.920572741259950078e+01 8.213567450343224152e+01 7.857486429209481571e+01 5.993448993614234865e+01 3.963018182398523948e+01 5.794803771755027100e+01 5.207220997318112410e+01 7.243501562920000936e+01 8.473801720337826282e+01 6.471201190534645775e+01 8.473801720337826282e+01 8.868359096404356023e+01 9.399714822412985882e+01 7.411608311742386945e+01
6.077398671965511312e+01 5.643063999058490054e+01 6.390771953967591656e+01 6.567275842728787438e+01 4.844327178523137434e+01 5.089743772283532053e+01 5.350174316614411651e+01 5.615904676619021529e+01 7.634942385457928538e+01 8.939941326048008818e+01 9.286385837485941863e+01 8.011814457512937793e+01 8.779966691184618810e+01 9.782421048943467667e+01 1.176286635317584057e+02 1.187960840111275900e+02 1.105948761219710406e+02 1.087298208657432070e+02 1.005262996369878579e+02 9.579341888832304619e+01 1.039947103730201405e+02 1.010165065613587103e+02 9.279114723921054519e+01 9.268878329029625718e+01 7.272868762575978963e+01 5.841872055976943301e+01 6.432320071199575295e+01 5.794814919979337020e+01 3.766375182216904705e+01 5.201900269806588284e+01 7.225223519703648378e+01 7.158063957253850162e+01 5.856335702706410018e+01 6.871518149763683425e+01 8.868427909488178784e+01 8.572828052314274316e+01 6.561261239581652660e+01
4.050904382948249349e+01 4.210366827399865741e+01 4.371971582372096776e+01 4.535236795683892552e+01 4.805660619119490207e+01 6.932811352957929785e+01 5.733487407911042766e+01 7.634942385457928538e+01 6.069648960791008108e+01 8.109106671934550548e+01 7.261005943658307160e+01 9.286385837485941863e+01 9.179163036774066597e+01 1.116738043551549708e+02 1.258380530436536446e+02 1.105948761219710406e+02 9.081636718234014438e+01 9.660935832899930631e+01 8.064834191561342891e+01 7.587919265928054813e+01 9.167907402555088936e+01 8.949806003283593725e+01 7.281310974324787821e+01 8.950251802509102106e+01 7.858893537897620263e+01 5.841890413327014642e+01 4.403804403023993075e+01 5.475901491751751138e+01 3.630085088423086859e+01 5.657508142883884972e+01 6.547508969124451994e+01 5.133071489885730188e+01 6.310013993316619718e+01 8.316521751650459748e+01 8.778010341851577891e+01 7.953538134698044360e+01 8.011832762710636757e+01
4.259450024471083651e+01 6.238609831070098721e+01 6.402017858010476914e+01 5.705516153560601822e+01 7.122254158859345807e+01 8.030920389725707764e+01 6.216784567974696785e+01 8.232177197668430324e+01 8.109106671915952802e+01 6.571505969490679888e+01 8.022375680157809086e+01 1.003294980146346660e+02 1.116738043551549708e+02 1.080434321119710432e+02 1.278271084136863749e+02 1.105948761219710406e+02 9.081636718234014438e+01 7.672149540651417965e+01 7.034009113685367254e+01 6.420982436833246254e+01 7.174585667689791535e+01 8.125584226219963568e+01 6.111182488862513651e+01 8.125682191303613422e+01 8.470009617863209428e+01 7.261315811564573153e+01 5.476105898972753039e+01 3.450301566663069508e+01 5.311842118943293656e+01 4.142113764592376413e+01 4.517941077016716633e+01 6.547508969124451994e+01 7.983541094814667360e+01 9.138104001950480892e+01 7.618193614703828587e+01 5.937235298894913171e+01 7.618193401194936598e+01
6.287625802821905552e+01 4.636014781088896086e+01 6.668308642452902291e+01 7.715860404324460831e+01 8.526464786236087434e+01 8.772537142065741023e+01 6.750695364594851355e+01 8.772537142065741023e+01 9.439130711798156881e+01 8.611259206210061734e+01 7.494583580340780316e+01 8.930578802190753152e+01 1.092478667398122241e+02 1.278271084136863749e+02 1.208262778587973116e+02 1.126277817816049520e+02 1.048062255967338672e+02 9.660935832899930631e+01 8.915646709867137076e+01 6.914188485938890949e+01 5.739335306132036862e+01 7.188557740371417992e+01 5.388862529747492403e+01 6.458950251954999544e+01 6.458949319385637011e+01 6.782540505871926939e+01 4.758338139894551233e+01 3.326307336758708288e+01 5.351014178337022997e+01 6.170563315450164055e+01 6.547508969121592770e+01 6.178719313510908506e+01 8.188434758649064804e+01 8.275715424694161015e+01 6.789417485463363278e+01 4.755462960329356292e+01 6.789417485463363278e+01
5.206618880751613432e+01 5.003488707098458121e+01 7.040150565046756981e+01 7.595627489391436882e+01 9.614742441574527732e+01 9.598970097014228031e+01 7.923955731299869854e+01 7.837382666432934286e+01 9.846404462624110465e+01 1.033843573471187369e+02 8.930578802190753152e+01 8.930578802190753152e+01 1.092478667398122241e+02 1.174445623342097775e+02 1.092512913243972861e+02 9.286528891136380537e+01 9.649177392260553177e+01 1.046829935803792324e+02 9.737260192333502573e+01 8.584745994341001563e+01 7.188557740371417992e+01 5.159456770117769508e+01 4.786390460274520109e+01 4.427016997706640211e+01 6.030577131704050942e+01 6.862735129524681099e+01 5.227523092883131284e+01 3.203353489647701480e+01 5.226376737431114350e+01 6.056582559963833035e+01 6.944239684687535430e+01 8.188434758624116228e+01 7.388531809565195374e+01 6.559324146709447234e+01 5.426843917670838380e+01 4.035526638498262031e+01 6.070294846567343683e+01
7.244787697629638501e+01 7.040150510867263733e+01 5.554674959115601496e+01 7.595627490982160168e+01 9.087101803304257430e+01 1.075455907172343188e+02 9.931720906351161204e+01 9.263542490298522125e+01 9.481459353001183388e+01 1.147022398457025076e+02 1.092478667398122241e+02 1.092478667398122241e+02 1.174629266723301555e+02 1.092512913244436987e+02 8.947710458003864176e+01 9.526882978486342779e+01 7.661347936615253218e+01 9.649177392253534435e+01 9.500203023786514223e+01 8.678788697664316487e+01 8.015723107756333832e+01 7.188557740371417992e+01 6.818103374023533547e+01 6.030581092809985932e+01 4.000587702986696570e+01 5.620465457461048686e+01 5.106228243495377228e+01 3.081235306220562364e+01 4.939459186716048578e+01 4.013069710108410959e+01 5.692988746159597468e+01 6.950185043602937185e+01 6.224353596821774204e+01 4.536889699751633742e+01 5.426843917819881824e+01 3.402292722949596282e+01 5.426843917834310105e+01
8.386075154484495897e+01 8.428902145259159795e+01 6.737189742026185968e+01 6.218112479235634282e+01 8.257192363164419646e+01 9.947074314010947660e+01 1.084265445299155743e+02 1.125355774120409365e+02 1.147022398457025076e+02 1.158201837072364384e+02 1.096649307929757384e+02 1.177729637713355118e+02 1.175026739640057230e+02 1.092512913322001395e+02 8.947710458003891176e+01 7.537701235160643876e+01 6.898584397697314330e+01 8.231427118983756941e+01 7.857772374136686722e+01 6.673730231232407561e+01 7.204841148843831888e+01 6.905573676166093833e+01 6.615275158052378401e+01 6.331352018458037634e+01 5.620465457980453294e+01 3.593516119258339359e+01 3.314316657996798199e+01 4.953868480049639089e+01 2.942898349628792687e+01 2.845756428679660743e+01 4.136638964964679133e+01 5.540372856642252231e+01 5.391671073797773062e+01 3.369774627292664348e+01 4.224328616947128268e+01 2.891163986870561686e+01 4.904106666801718006e+01
9.102631862597556278e+01 9.596020063264845135e+01 8.768275226427498126e+01 7.137483116203087263e+01 7.094868195285530987e+01 8.010581386602703446e+01 9.437093815404502095e+01 1.142651686621276497e+02 1.100471855444677232e+02 9.615969080369218602e+01 8.991635202968380725e+01 1.064005496496906744e+02 9.787715668810726299e+01 1.117474188771432893e+02 1.034608337666553410e+02 9.526882978509944166e+01 8.231427118983756941e+01 6.219234737014504333e+01 5.838144043282105855e+01 5.495689751046045757e+01 5.175164353126803718e+01 4.873534197842494109e+01 4.582616213638618774e+01 4.298822000688331713e+01 5.632014288570409377e+01 3.324369318877749890e+01 5.339381365459988871e+01 5.070391939674090054e+01 3.498890288493424094e+01 4.730186906742366659e+01 2.709157589694151014e+01 4.583415453076099766e+01 5.178869841793099482e+01 4.224328610698140096e+01 2.210593959375755801e+01 3.255317394830634470e+01 4.020500514422253246e+01
8.735696025011398547e+01 1.073507272175615270e+02 9.988752041560013595e+01 8.315842014345869870e+01 8.273754019328491438e+01 9.947074314010947660e+01 1.084265445299155743e+02 1.174075960717891292e+02 1.019181158536703293e+02 8.197884478348022697e+01 7.823759669701432529e+01 9.749464195302847713e+01 8.373442701339813254e+01 1.018433306230544417e+02 1.069726365563186476e+02 8.717286502294447814e+01 7.303314212632152191e+01 8.231427118983756941e+01 6.750691067964955039e+01 7.521167652327591213e+01 6.355076923591673932e+01 6.905573676166093833e+01 6.428383446991259120e+01 4.396967308155768706e+01 3.896797428778822336e+01 5.038538888010212702e+01 6.465460684391304369e+01 6.720384251667306330e+01 5.988719864382328950e+01 5.564265280458207741e+01 4.594124507320370299e+01 2.574377437668636404e+01 4.347027236002139716e+01 2.332325244540298570e+01 4.104377971788229473e+01 2.091428115162046808e+01 2.007783923353207101e+01
1.073507272175615270e+02 1.045894210603302810e+02 1.114288923745489086e+02 1.032037223311179588e+02 1.027892822005664186e+02 1.110149453542837534e+02 1.069582362242667415e+02 1.092876960340844192e+02 8.950092806427511505e+01 7.782089521357463013e+01 6.905832252565356555e+01 8.930741356060954672e+01 7.354023654522418951e+01 9.367988231366122420e+01 1.057875927775343854e+02 1.011702369164944599e+02 8.459813518552890343e+01 8.753419964984441037e+01 8.172041218284869046e+01 9.194472155877475927e+01 8.367007697450785031e+01 7.168479444654636268e+01 5.141496739332900034e+01 4.623306880563735888e+01 5.936003552119876758e+01 5.935929749899345609e+01 7.889469905026187746e+01 6.726588787924814028e+01 5.896099011704212955e+01 4.901430387137046552e+01 2.882092623422622779e+01 4.469818048421812051e+01 2.453014509505743490e+01 2.533843370285154251e+01 4.636402075745000673e+01 2.767497142604401361e+01 3.013630121645671522e+01
9.310022330446770411e+01 8.469543434008835447e+01 9.536929908029740943e+01 9.536929908029740943e+01 1.035431962218705735e+02 1.011012841400175120e+02 8.711383006159259423e+01 1.011012841400175120e+02 9.786380022032236070e+01 7.782089521357463013e+01 6.333205209594006391e+01 7.740831778886744985e+01 6.575952314927079101e+01 7.759679952737911890e+01 9.763939441234818162e+01 1.126032959039594061e+02 1.044111104294571248e+02 1.073576292648031654e+02 1.015699242014200507e+02 9.399566675805095883e+01 7.407530096309442058e+01 5.976080246039617094e+01 7.168479444639622500e+01 5.149833510984048246e+01 7.177476314441783245e+01 7.951595050751683402e+01 7.324554014630165000e+01 5.304488058932234651e+01 3.868461600214504159e+01 3.196231456825058359e+01 4.904312740816093452e+01 5.304557206372726341e+01 3.614269824912231144e+01 5.178811995167790627e+01 5.387551267778611930e+01 3.472997278591532933e+01 5.036550446977162210e+01
7.300655046108624902e+01 7.037955987999745844e+01 7.531794723765997901e+01 7.531794723765997901e+01 9.536929908029740943e+01 9.292612205801967207e+01 7.278214229105138600e+01 8.129598991701021760e+01 8.954004289277463613e+01 9.191782088937694084e+01 7.740831778886744985e+01 5.697588663211276838e+01 7.740783889955854136e+01 8.814389500471604322e+01 9.714013281440024627e+01 1.086159008716230119e+02 1.112712739120481729e+02 1.030441542599471489e+02 1.064864154966198981e+02 8.673680764924341702e+01 7.258081282534477907e+01 6.992051344251966327e+01 7.850345491582362456e+01 5.831737985645061428e+01 6.589463943009610603e+01 8.597063757605054946e+01 7.324554017877221668e+01 5.304488058932417260e+01 5.220495216779513470e+01 5.220442758595351762e+01 3.538858810584051895e+01 5.565475948655419103e+01 5.638522257936911330e+01 6.470710857794702520e+01 6.262069391954700848e+01 4.565456776901325497e+01 6.262070130023212755e+01
7.889185097796875823e+01 5.856959472284895440e+01 6.090263287449417362e+01 7.531794723765997901e+01 9.536929908029740943e+01 9.292612205801965786e+01 7.278214229105138600e+01 6.093738419868074629e+01 7.298462393627440292e+01 7.819388695952854107e+01 6.987592654256535241e+01 5.357540209265931708e+01 5.948840874426550585e+01 6.870151883778511603e+01 8.050612472489702043e+01 1.004789665716264864e+02 9.971040300289993752e+01 8.295303920244894869e+01 9.971040300289993752e+01 1.006588061365494440e+02 9.252133386196490505e+01 8.152667778588455860e+01 8.608543342495381978e+01 6.602540431122908160e+01 8.597063757605054946e+01 9.420058351744293645e+01 8.148690262558733366e+01 7.324554018070438133e+01 7.240265203948804640e+01 5.813280632253515279e+01 3.784906023665104868e+01 5.813280632253495384e+01 7.021293864847500288e+01 7.923665382219788000e+01 7.432497419998649946e+01 6.596672676878367270e+01 6.895077081070535030e+01
