LEM/with_lateral_4open/elevation_000121.asc
nrows	100
cellsize	150.0
xllcorner	0
ncols	100
yllcorner	0
NODATA_value	-9999
[rows 34 to 50 of 100, columns 37 to 73 of 100]
5.563907005704606235e+01 5.095932190532613504e+01 6.550104415942556102e+01 6.606386667925630718e+01 4.601968598320934234e+01 6.606386667925630718e+01 7.430971852811026679e+01 7.216314384836485374e+01 8.629189672460130112e+01 9.782579990097895006e+01 9.958900078662463784e+01 9.067751533638310946e+01 8.243727172841063577e+01 7.612198928580882296e+01 7.058004689793777686e+01 6.266773725658335081e+01 4.268133435755294869e+01 5.422844918565322558e+01 7.419495363067215976e+01 6.732218502891454648e+01 6.732218502891454648e+01 5.190118787780239273e+01 7.191327199235234957e+01 8.447927963221961534e+01 7.860395887332678910e+01 9.276809804179150376e+01 1.128964597489099759e+02 1.162073021849847123e+02 1.047172504534903226e+02 8.652617305814831639e+01 1.047172504534903226e+02 9.623604693486959150e+01 7.909077828232975094e+01 5.914563238960338509e+01 6.500058836550799413e+01 5.937794988181313016e+01 7.733977054861784950e+01
6.358066750873786077e+01 6.507542401088642237e+01 7.923006560867904113e+01 6.939463692766607039e+01 4.941001543722521916e+01 5.086604206543076145e+01 5.436680113174146101e+01 5.807330984912256611e+01 6.957362237634905000e+01 8.953973652275684003e+01 1.039942273120247052e+02 1.061319116514505367e+02 8.626424297659391982e+01 7.629503316087883036e+01 5.632707184373089149e+01 5.029656663428254149e+01 4.452408310784277745e+01 6.450605040256880329e+01 8.240129733680730340e+01 8.737202017031449941e+01 8.023756096607759503e+01 6.344954512866107166e+01 5.690226867883642115e+01 6.446333337397467744e+01 8.447927963221961534e+01 9.888344238745295911e+01 1.089454324808626353e+02 1.079498969359630252e+02 8.806253832464118148e+01 7.659893992737281110e+01 8.758226191985582432e+01 8.375488647683324928e+01 8.011958317464814172e+01 7.180784172878787786e+01 5.183047528900240053e+01 4.910673241328854743e+01 6.540669917035444314e+01
7.514226229274704849e+01 8.509409802825872760e+01 7.721792374182763297e+01 5.727237767890611053e+01 5.380324235934819654e+01 7.083810221483214775e+01 6.846297216431263166e+01 7.801229514565751799e+01 6.421513527827480061e+01 7.572694178206734250e+01 9.570514339202638610e+01 1.003272581865166870e+02 8.043915134878466233e+01 6.632582329082732997e+01 7.629503316087883036e+01 6.646664882167482347e+01 4.648558876174645604e+01 6.646664882167482347e+01 7.248945764268664504e+01 9.240459865518374727e+01 9.181957865264753593e+01 8.347493789884747173e+01 7.104570662826962746e+01 6.293456385934213415e+01 7.049240494893993514e+01 8.048582677173533284e+01 1.005622480799492422e+02 1.109409697452765329e+02 9.331744884716661659e+01 7.345017854915231226e+01 6.769463573898626407e+01 6.384351025703485760e+01 6.018228469319748086e+01 5.668856490291083361e+01 6.917575236825925344e+01 4.923179756063861134e+01 4.553927903991758797e+01
9.515409909190390181e+01 8.614370451664181871e+01 6.618505195189665358e+01 7.721792374182763297e+01 5.826574894203980648e+01 7.820525248114719830e+01 8.842501289534527587e+01 9.245415631836567627e+01 7.572694178206734250e+01 7.203172920396340828e+01 9.200481022975009182e+01 1.061319085835914962e+02 8.626424280597011318e+01 8.626424297659352192e+01 8.019567654951892166e+01 6.871459584758626704e+01 4.873426697881925662e+01 5.251381259627296316e+01 7.248987353308335457e+01 8.777460959390475637e+01 9.772413670953346809e+01 9.945132869807552822e+01 8.830499546217794204e+01 6.827987593051852855e+01 8.830499546217794204e+01 9.888344238745295911e+01 1.089454324808626353e+02 1.026859070722065610e+02 8.281240605164070701e+01 9.331744884716661659e+01 7.918287319199600915e+01 8.375488647683324928e+01 8.011958317464814172e+01 7.482107291213139888e+01 5.486185071937256907e+01 6.917575236825936713e+01 6.244618832653468132e+01
9.096548506789442001e+01 7.684407767051703786e+01 8.614370451664181871e+01 8.290806422643042595e+01 6.295572377202901038e+01 8.290806422643042595e+01 1.018733517944325939e+02 1.039942273120247052e+02 9.570514339202638610e+01 7.804736524725133506e+01 9.802971553189765075e+01 1.039879944827597598e+02 9.248706297364164186e+01 8.356783103525583556e+01 7.195560622388981642e+01 5.197667648080813052e+01 6.871459584758579808e+01 6.665034037443099635e+01 5.958650189828574639e+01 6.958262292887997091e+01 8.368873303883574977e+01 1.035633524339432370e+02 9.666047221222389396e+01 7.721780495618658335e+01 8.092382042274329024e+01 1.010062204661332288e+02 1.167634970157839973e+02 9.685477839204978068e+01 9.685477839204978068e+01 1.073079111435701662e+02 9.905604029837307678e+01 8.664590167692814759e+01 6.673956086072864480e+01 6.119050010827881181e+01 6.898884371108297842e+01 8.306910464119116000e+01 6.966429297420016553e+01
1.051122964217402966e+02 9.096548506789442001e+01 1.051122964217402966e+02 8.996847714660610507e+01 6.999861373127292552e+01 7.361007293608015800e+01 9.358524030131025029e+01 1.095746284923768741e+02 8.957825267586642326e+01 9.217197643432440657e+01 1.063199325172823535e+02 9.575048110348402020e+01 7.581662513593157371e+01 6.428201645002579312e+01 5.533402279772159460e+01 7.172204375435097745e+01 8.000199028992369676e+01 8.658353015419449150e+01 7.371420692392193530e+01 6.958262292887997091e+01 8.110546478857423836e+01 1.009905111723498408e+02 1.056522254982118909e+02 8.876480097865982088e+01 9.509393345433761624e+01 1.093916909443695715e+02 1.250271610985032424e+02 1.167634970157839973e+02 1.167634970157839973e+02 1.096058185443613695e+02 8.971044038058590786e+01 7.565508181111474073e+01 8.664590167692814759e+01 6.934979801856829340e+01 8.890131972388999770e+01 8.643715417119564393e+01 6.763077741455263947e+01
1.046647336135264794e+02 1.109634683176763161e+02 1.041033634983599114e+02 8.411361551710719198e+01 8.411361551710720619e+01 8.513604938233480368e+01 1.018733517944325939e+02 1.178699830952670453e+02 1.011171041992741948e+02 1.121715487061022429e+02 1.018702845425857930e+02 9.359977248081077050e+01 8.757867496745463143e+01 7.782624934948185569e+01 5.783598193495198103e+01 7.639844860143989536e+01 8.969837257596608993e+01 9.768245839715561374e+01 9.362604273829410317e+01 8.110546478857423836e+01 9.772413759368498631e+01 1.091893263008742281e+02 1.173028250306559528e+02 1.088994879366312745e+02 1.152797439546526590e+02 1.189345550046046327e+02 1.106632041243087912e+02 1.189345550046463416e+02 1.222030746008460085e+02 1.022850638974247772e+02 8.822620740986519650e+01 8.971044038058590786e+01 9.749516906212502931e+01 8.084370663721981032e+01 9.749516906212544143e+01 8.383180247235026172e+01 6.259086903046868855e+01
9.302986048502373251e+01 1.041022372464823036e+02 1.123962059826378521e+02 1.041033634983599114e+02 1.041033634983599256e+02 1.051270497380556606e+02 1.134203823929109092e+02 1.294277598780303720e+02 1.211278215298789576e+02 1.077275154916361402e+02 8.774786984265141143e+01 7.363005101983016232e+01 6.760483713072501644e+01 6.205643455478553250e+01 7.782624935031869029e+01 6.514616871989294111e+01 7.069999474810126117e+01 8.485602093266282964e+01 1.046140850597360128e+02 1.009905111707688121e+02 1.091893254087729446e+02 1.109575034045057578e+02 1.026896018669556270e+02 1.052801558294307824e+02 1.135477341905158397e+02 1.089581580496059132e+02 9.071704325001121560e+01 1.089581580496059132e+02 1.181993120263125832e+02 1.163770226464323230e+02 1.081189141647106879e+02 1.096058185443613695e+02 1.089829788295357105e+02 1.007296099257744544e+02 9.832323150473281714e+01 8.957952059598811445e+01 7.326587242282212742e+01
7.561916026175217098e+01 9.575283806361984773e+01 1.001198724504151869e+02 1.001198724504152011e+02 1.084723116797945437e+02 1.166359372732390653e+02 1.082901443622704392e+02 1.166359372732390653e+02 1.203650077579025464e+02 1.003833780208200324e+02 8.625645041250024292e+01 9.359977256753479935e+01 8.551476827508524536e+01 6.565071442610350516e+01 8.562672682705822069e+01 8.550976250102907272e+01 9.065005303428779371e+01 8.141931905002886083e+01 9.550513325627207450e+01 1.151193195952453294e+02 1.068981660661430055e+02 9.863210587233379556e+01 8.275007768067507641e+01 8.533600595821522461e+01 1.052801558294307824e+02 1.006901236871600531e+02 8.076196329072351432e+01 8.998385334242068723e+01 1.099322645861964105e+02 1.010233500912032838e+02 9.284503988358287074e+01 1.010233500912032838e+02 1.153957542065223265e+02 9.417216694742977268e+01 7.877062945746280320e+01 6.802460462794556406e+01 6.066569790875342960e+01
7.281135112426943579e+01 8.114543717112071874e+01 7.996116822116917433e+01 7.996116822116918854e+01 1.001198724504152011e+02 1.042254270133844045e+02 8.808035546741726307e+01 1.065400145054271661e+02 1.155700075422408020e+02 1.145021417011765550e+02 1.062358618716527161e+02 1.068605925579795155e+02 8.940246578528696375e+01 6.943013594077757489e+01 8.355042895274104353e+01 1.035305324739258310e+02 1.093718901537996686e+02 9.550513325627207450e+01 1.093718901537996686e+02 1.141153353015209575e+02 9.863210587233379556e+01 7.865118206335493767e+01 7.115535303693434344e+01 9.117751221047474530e+01 9.923270773729466043e+01 9.364445501071324429e+01 7.365682372993796889e+01 9.364445501071324429e+01 9.978292325221509884e+01 9.109246316193994630e+01 7.293456012768746177e+01 9.109246316193994630e+01 1.034106838581710406e+02 1.090169046528952350e+02 9.832323150473284556e+01 8.195870697153357298e+01 8.195870697153357298e+01
5.284392669821694000e+01 7.281135112426943579e+01 6.578035818450395311e+01 8.586551598998131851e+01 9.830856439629700105e+01 8.404405200862193226e+01 7.802543488746358946e+01 8.701466229044912382e+01 1.013012971305310828e+02 1.215173609697347104e+02 1.101739715276099645e+02 9.033891320766757360e+01 7.884166315005803938e+01 7.649174489691523604e+01 8.010374000715908949e+01 9.422540207792059164e+01 1.142159066085497159e+02 1.151193195952453294e+02 1.141153353015209575e+02 9.416208256901471430e+01 9.782357266704282495e+01 8.450345915263305585e+01 6.434173696035826140e+01 7.920873150987159761e+01 7.920873150987159761e+01 8.830253585172577857e+01 6.821957931454630852e+01 8.830253585172577857e+01 9.159265200817364416e+01 7.160090813377620123e+01 6.272827388406070526e+01 7.526945966254599796e+01 9.445662717690595400e+01 1.094726887303395699e+02 1.012798448847309203e+02 1.033646961121515773e+02 1.010682322146822258e+02
4.958251505393214131e+01 5.580845815234801677e+01 7.582293708720428072e+01 7.976120689484675097e+01 8.305960775642478211e+01 6.985157335010531199e+01 8.995503989384818055e+01 1.065400145054271661e+02 1.155700075422408020e+02 1.265172713580770392e+02 1.185015518358202797e+02 1.070042027609253097e+02 9.033698890420508576e+01 9.643278119950124960e+01 8.801317169173516675e+01 9.422540207792059164e+01 1.142159066085497159e+02 1.182709325410972525e+02 9.829151946191736045e+01 8.680743775701570542e+01 7.788337461847538634e+01 7.205520333823795909e+01 7.920873150899653581e+01 5.889746898969129063e+01 7.435341109870749676e+01 7.704384173853411255e+01 6.323151077312132884e+01 8.343170088345391378e+01 8.970873344458573229e+01 7.526945966254599796e+01 5.486770029402295989e+01 6.612368011626143982e+01 8.624962612978157495e+01 9.804512952246317070e+01 8.148099966559883001e+01 9.373104096874820357e+01 1.019073183350869982e+02
6.949380312542045601e+01 5.358076176921092326e+01 5.659705262921359292e+01 5.970914692985166994e+01 6.299517150112362174e+01 8.305960775642199678e+01 9.598895577879376617e+01 1.023733842480662446e+02 1.100175920198753658e+02 1.063093737090087672e+02 1.265172713580770392e+02 1.183138073812101680e+02 1.100935583518919714e+02 1.161332779715673951e+02 9.799130865626483455e+01 1.142159066085497159e+02 1.224824501261541627e+02 1.265389509061123192e+02 1.150069853090244862e+02 1.060895053839672499e+02 9.782357266704282495e+01 9.206733331152535982e+01 8.749480994598448547e+01 7.435341109870749676e+01 5.388268460142617045e+01 5.665879864357185625e+01 7.704384173853411255e+01 9.170788433545331486e+01 8.149219886772020516e+01 6.126992001654933517e+01 4.927144091349418886e+01 6.981686002180643413e+01 8.542134607498059040e+01 8.912516658943141579e+01 6.983773000980690426e+01 7.370054052773788555e+01 9.039194951574260983e+01
8.191097792892584550e+01 6.508791197129475847e+01 7.662974922040044135e+01 7.386652267876606004e+01 7.715865675741959251e+01 7.029491564860386177e+01 7.584306505222245676e+01 8.218404872674642547e+01 8.979291928556122571e+01 1.100175920198753658e+02 1.219448296946967787e+02 1.134027120987377657e+02 1.219448296946967787e+02 1.260554504605697730e+02 1.178770546978445424e+02 1.260554504605697730e+02 1.208248716643755216e+02 1.127045445405951369e+02 1.076507657950546673e+02 9.774202763205963151e+01 8.996573649950346407e+01 8.834523557202045652e+01 8.553999577921980801e+01 6.518564950639010647e+01 5.045879124410183891e+01 7.103262075473925563e+01 8.252090609345489725e+01 7.426315044010071631e+01 7.525698146884793971e+01 6.543656176195399610e+01 4.484222709211757518e+01 5.683918796970355913e+01 7.718079302734822988e+01 8.089967487833956739e+01 6.061399896549604449e+01 6.178378938899204798e+01 7.433735105439559732e+01
8.521532540936097178e+01 8.516841133895658800e+01 9.351717699510726334e+01 9.399223347522222127e+01 9.724772902128533758e+01 9.040149100921472325e+01 9.598895577879487462e+01 1.023733842480662446e+02 1.100175920198753658e+02 1.138005587318926786e+02 1.052518380030577703e+02 9.271330959517285919e+01 1.116099266513147370e+02 1.235477537046359231e+02 1.243372136191193249e+02 1.162051045292125480e+02 1.095847757059838585e+02 9.329237190639659616e+01 9.951923765315967785e+01 8.016354717504562188e+01 6.913498010398389226e+01 7.097131233139157303e+01 7.489265214521718406e+01 6.848019793591414839e+01 4.785430442795320971e+01 6.590369059812167052e+01 6.414340542557538072e+01 5.385474049704340160e+01 5.488094990545213392e+01 5.923987908917327871e+01 4.090181681223008070e+01 6.125705137893449148e+01 7.510799241041335961e+01 7.372722377976559471e+01 5.323587839372945041e+01 5.242984745303910188e+01 5.375018985045969089e+01
8.521532540936097178e+01 1.016187094289195443e+02 9.327894844903822502e+01 1.016187094289195443e+02 9.995030097543424574e+01 9.122172907355499660e+01 9.993426307877395232e+01 1.019939648312700911e+02 9.605002950093253844e+01 1.006394070537612606e+02 8.477687310784661179e+01 8.263521277611630467e+01 9.430616878640606160e+01 1.150132494315746925e+02 1.162051045292125480e+02 9.680298206601727884e+01 1.014969214446850572e+02 8.199384624508117270e+01 9.023681572816816754e+01 8.613617752776112013e+01 7.449877469863774593e+01 5.768590726895055809e+01 5.458502427592674167e+01 5.157164059037095427e+01 6.490399297738832729e+01 4.528674608313753680e+01 4.352810981366824450e+01 4.188941540551910947e+01 4.028629945312865601e+01 3.870840876469747371e+01 3.714646849256985206e+01 4.827266295730050416e+01 6.323182746139909227e+01 7.582086538403413556e+01 5.783523935895993873e+01 4.392956832118133548e+01 6.463246977193482223e+01
9.356081678600131113e+01 9.157365003999021269e+01 7.320699098358531387e+01 9.157365003999021269e+01 8.955314672958776612e+01 7.074619760992341355e+01 8.955116033571924561e+01 8.164130947061983079e+01 7.569515929059065229e+01 8.022093604349132079e+01 7.331174135055722729e+01 8.741959307320946948e+01 1.079424937409047516e+02 1.168688415117760542e+02 1.162051045292125480e+02 9.680298206601727884e+01 8.305955975483955456e+01 7.551727546844426797e+01 7.043607799468830422e+01 6.625263602304072208e+01 6.265917970561237382e+01 7.789467589293212768e+01 7.489265214521718406e+01 5.718433205465316860e+01 7.334666833036034461e+01 6.482797115720042314e+01 4.872050094127503428e+01 6.206961990280898078e+01 6.084895720723444157e+01 5.923988083540206873e+01 4.188558546358185453e+01 3.511224058778141455e+01 5.309530061467646789e+01 6.196413565841113069e+01 6.070009566279993152e+01 4.013406348078167696e+01 6.070009566279993152e+01
