LEM/with_lateral_4open/elevation_000652.asc
nrows	100
cellsize	150.0
xllcorner	0
ncols	100
yllcorner	0
NODATA_value	-9999
[rows 17 to 33 of 100, columns 0 to 36 of 100]
5.222468517465790605e-02 2.005222468517430201e+01 3.415545801113476188e+01 2.018316028109146743e+01 1.995781451431726339e+01 3.947027066990938948e+01 4.086385598737847147e+01 5.063416120530447984e+01 3.232761583838844643e+01 5.064460511083837702e+01 4.339111276146077500e+01 2.885030738940122674e+01 4.297817385144951885e+01 6.291716248230282815e+01 8.023444013698801314e+01 7.200751647114114462e+01 5.357710230525131578e+01 6.958085101162188835e+01 6.614295221089005850e+01 8.568755392995896614e+01 9.170869608497557124e+01 8.345008519579970141e+01 6.867178291130834111e+01 5.257056960658684375e+01 3.262063210221898402e+01 4.948427994760260162e+01 5.775339345619630649e+01 6.235404221389482160e+01 7.057072259741117648e+01 5.724086963426998409e+01 7.390742390381061000e+01 8.540564550387473730e+01 8.253334795683167613e+01 6.493566718615288380e+01 5.500637278635104366e+01 6.347940976414513869e+01 5.641543299971440462e+01
7.333276091007127906e-02 2.007333276090971452e+01 2.368243393105423422e+01 5.871190281038552783e+00 2.552471082481473630e+01 2.126083426545959654e+01 3.134933313461005611e+01 3.304593273712572454e+01 2.232101429574288076e+01 3.823601227514524226e+01 2.340711002943440633e+01 4.339111276146077500e+01 5.707366886457144517e+01 6.609237153652455277e+01 6.693514197436948621e+01 5.283662269114694254e+01 4.465278882427311657e+01 5.154757841809222896e+01 6.133911626055583355e+01 8.432397614371330974e+01 8.345008521828437154e+01 6.349502921541382250e+01 6.040559713094614835e+01 4.043011754928935630e+01 3.644509540087615562e+01 3.723678671406101870e+01 5.717006708293590833e+01 7.021972481017992607e+01 8.173379760339616951e+01 7.708098859298468142e+01 8.540564550387473730e+01 8.815423369399994158e+01 6.956907230498038075e+01 5.922547476075231287e+01 5.120547947275879608e+01 4.425243977543600948e+01 3.947859106566180998e+01
6.343274376862209629e-02 2.006343274376826713e+01 3.682487660380212358e+00 2.368248821065439103e+01 8.121366082890581595e+00 9.722647620941438973e+00 1.135022453848374369e+01 1.304660239784367093e+01 1.476158824926874580e+01 1.824314135585431629e+01 3.823784731739019094e+01 4.221198837208299182e+01 4.823278450119166649e+01 4.460436140411957950e+01 5.337957969215185017e+01 3.875056234026118318e+01 5.872475929766125091e+01 5.529448443295744653e+01 7.244414978799119353e+01 8.691941520619107564e+01 8.086301261613539282e+01 6.090410103132729347e+01 4.936240221075897949e+01 6.032869593504173622e+01 4.035012232567337520e+01 5.717006708293590833e+01 4.204847183164523017e+01 5.353019439044607708e+01 7.347466896361683553e+01 8.300546863769413619e+01 9.297385791603836935e+01 9.616660363989811344e+01 8.530820694185892705e+01 7.724577821784710352e+01 6.964420691195969937e+01 5.755497648965669555e+01 5.882116319258474135e+01
3.497053469895897854e-02 1.538262590704618349e+00 2.153763434609736294e+01 1.781951121852398856e+01 2.826878958869858849e+01 2.972158289803860143e+01 1.767477859564476006e+01 3.304593273712572454e+01 3.476122967769434524e+01 1.767888807941097795e+01 1.992906388188376354e+01 2.220827541389983395e+01 4.188922867620468793e+01 3.007075645174055367e+01 3.340418640156444496e+01 4.340956823953519006e+01 5.754101288009550785e+01 7.507810079200945097e+01 6.933010920288455736e+01 8.895498004288126026e+01 8.912167052551417612e+01 7.760190996712049127e+01 6.933973013750096470e+01 6.443299621228506169e+01 4.442492939246777439e+01 6.249184481871490249e+01 6.195495125093145106e+01 4.733976668105575669e+01 5.482879500520812854e+01 6.477921165104751822e+01 8.471806599907601765e+01 9.298071405992604355e+01 8.112736873681353700e+01 7.267871686107733353e+01 8.068263517837345944e+01 7.540213277426518346e+01 6.667827712292753972e+01
9.635555453094322986e-02 2.009635286454596326e+01 2.982123476657976724e+01 3.774451927098395743e+01 3.774453872360285800e+01 3.767347678728584981e+01 3.767347678729304761e+01 2.922150035507310406e+01 4.302535620177979325e+01 2.302411421982495554e+01 3.993126833083655214e+01 4.221198870195200215e+01 2.554160911988483562e+01 4.556831652235872099e+01 5.337957969215185017e+01 6.159385660367313164e+01 7.153917414902633709e+01 8.553733541795715212e+01 8.895498004288126026e+01 9.702508060486738373e+01 9.914323418810462840e+01 8.917250198256616045e+01 7.092443949477494414e+01 5.091646752333104331e+01 6.443299621228506169e+01 7.191859483032020250e+01 7.158247069090408843e+01 5.175416267166536244e+01 7.159440147950914479e+01 8.300502693811108657e+01 9.297377678104987808e+01 8.460773940636136103e+01 6.394606627329492454e+01 5.190483410609851234e+01 6.135345995052178125e+01 6.975361352058338582e+01 5.831731843283799321e+01
8.845047570523793812e-02 1.423058610392022594e+01 3.423059258036477814e+01 4.883043484713261506e+01 5.755399797369023673e+01 5.767146395939212056e+01 5.750344916376098325e+01 3.922064845665391886e+01 4.879935737139666685e+01 2.879763060910940808e+01 4.879935737139666685e+01 5.391231412480284035e+01 3.554296449542414393e+01 3.108869780918952230e+01 5.112553539174788142e+01 6.319854273883419182e+01 6.925804578357927710e+01 7.637827986319442175e+01 8.479576732511907267e+01 9.650600805589039055e+01 9.089219502912351345e+01 7.094223267608710159e+01 6.093166540074489035e+01 5.759301167607550553e+01 7.759015340412466344e+01 8.785121134803962661e+01 6.794076683636870939e+01 5.766073212728755948e+01 6.794076683636870939e+01 8.785121134803962661e+01 9.182256643092750892e+01 8.018159465517489082e+01 7.185209114944250075e+01 6.135345995052178125e+01 4.082467352927550053e+01 5.249170311066906436e+01 4.977688444027183579e+01
8.023991185656004221e-02 2.008023991185620361e+01 2.054620812659675266e+01 4.054620734566849904e+01 5.002507868211596076e+01 5.830933689107494189e+01 6.750264489853496741e+01 5.336011940178752866e+01 5.546685138768803114e+01 3.546436933881403064e+01 5.546685138768803114e+01 5.559366854929348989e+01 5.559366854929348278e+01 4.003497917773858461e+01 3.757833231374628014e+01 4.312704316581158537e+01 4.916094776814367151e+01 5.623921665786865987e+01 6.782189350034423114e+01 8.806652099944275847e+01 9.914327701173505147e+01 8.917267313934567596e+01 8.091721353127665850e+01 6.516674344044542977e+01 8.513893059795411489e+01 9.610601220971466319e+01 8.400091356025123446e+01 6.416601741849673601e+01 7.998273179573074287e+01 9.610601220971466319e+01 8.352326055197067944e+01 6.330820286334608227e+01 5.155395435677858984e+01 6.013295609958368004e+01 5.249170297810579910e+01 3.178611042193929848e+01 2.887651065764882219e+01
4.598823041778624804e-02 4.216276511559264861e+00 2.421627650359847550e+01 3.588294312067485947e+01 3.002507880192537826e+01 5.002507868284174464e+01 6.067077814712466477e+01 7.335858429310002293e+01 6.375514892783994725e+01 4.546467021650977358e+01 6.375514892783994725e+01 7.574957570588649958e+01 6.847339950471059922e+01 5.159369987114119027e+01 5.173746576346170656e+01 5.393590995643379671e+01 6.925804578357927710e+01 7.637827986319442175e+01 8.479576732511907267e+01 7.863337980791735049e+01 8.697488882347180095e+01 9.020995378443721791e+01 9.339087401586024839e+01 7.671631012134918137e+01 9.339087401586024839e+01 9.807036732704126791e+01 7.817315499486558394e+01 7.817315493026043782e+01 9.224858281890426781e+01 1.048577982119386149e+02 8.528225002396375487e+01 7.380380216324776654e+01 6.013295623691606551e+01 3.974381139776028249e+01 3.641529932062590547e+01 5.249170276140812064e+01 3.704286324170737998e+01
7.340434288523949025e-02 2.007340434288488495e+01 1.088294317822587409e+01 1.588294317822583146e+01 2.344223263841024263e+01 3.238650454840908566e+01 4.652864017199664914e+01 6.652864007071246988e+01 7.375854390256122883e+01 6.546903255886613238e+01 7.375854390256122883e+01 8.108505736719821755e+01 8.011866965416238884e+01 7.171505179654046458e+01 7.186167561511230417e+01 7.407613636333068996e+01 8.248218431677719309e+01 7.901757624954582582e+01 7.065184946453098291e+01 5.828439032328734015e+01 7.368380591601410856e+01 6.996963893872700169e+01 9.020995378443721791e+01 9.664444413543147050e+01 1.048946214397599874e+02 1.063240106429430085e+02 9.807036732704126791e+01 9.807032985689994575e+01 1.000516958210137943e+02 9.000020478035158078e+01 7.365553815764795331e+01 5.583164952324148089e+01 4.505769097970988923e+01 6.013295615496129187e+01 5.094316418995709483e+01 6.525190822074630148e+01 4.550071706579142017e+01
3.515918393995972474e-02 2.003515918393960504e+01 3.088294316390095773e+01 3.588294309441400998e+01 3.588294314000029317e+01 5.172648602903534965e+01 6.067077087642858402e+01 6.959247360412322791e+01 6.959247360412322791e+01 7.787960328642265040e+01 7.543642276755976184e+01 6.182480728008109594e+01 7.543642276755976184e+01 7.936199431793684766e+01 7.096572374197107536e+01 7.936199431793684766e+01 7.242101952753779415e+01 6.403710965901719021e+01 5.026385212297848426e+01 4.647847775589148966e+01 5.328704392165981574e+01 6.775016172011861215e+01 8.800889020804133622e+01 9.824889196279892190e+01 9.237140987537287629e+01 8.976394544949748422e+01 9.807247605198411122e+01 1.096674904400266257e+02 9.177361020427971994e+01 7.162223846982000452e+01 6.144590604568219305e+01 5.421868653571542040e+01 5.053750472840096819e+01 7.089029832644722262e+01 7.123056008130609484e+01 7.414216575781473750e+01 5.568184714334355334e+01
4.608085242692564615e-02 2.004608085242657012e+01 3.300732843552798101e+01 4.129160084611799419e+01 5.129159805870935429e+01 6.416718200492709911e+01 6.368866083934885580e+01 4.949771839227501147e+01 4.949771839227501147e+01 6.959247360412322791e+01 6.673980724670475695e+01 4.793530978688626476e+01 6.673980724670475695e+01 6.919161966649404860e+01 5.059583078496498842e+01 6.919161965908362788e+01 6.068254549247757978e+01 4.366774780741108941e+01 3.852599846699938269e+01 5.888083371114832687e+01 7.368380591601410856e+01 8.203892528654186833e+01 9.438310568413048429e+01 7.808676994791187553e+01 7.216987835634131443e+01 6.953848419185270302e+01 8.126562162909287679e+01 1.013728716777565921e+02 1.000518425923305159e+02 9.000020478035158078e+01 8.169791757308165359e+01 7.453774810983453847e+01 5.701347154490898816e+01 7.089029832644722262e+01 9.106006291921278262e+01 8.423844925997157418e+01 7.592336156411343495e+01
1.610643649003322755e-02 6.340661756826818873e+00 1.300732842349354357e+01 2.300732842349372120e+01 4.300732846799987641e+01 5.458518707031821293e+01 4.622333407428379815e+01 3.490094910963309616e+01 4.949771839227501147e+01 6.959247360412324213e+01 5.873161197591625893e+01 3.903341816666809194e+01 5.873161197591625893e+01 6.078077726346796794e+01 4.072749201856331069e+01 6.078077726346526788e+01 5.227685311075676822e+01 3.200635248755179418e+01 5.227685311077154751e+01 6.727891753040518097e+01 8.379585535317869471e+01 7.788413053707608924e+01 7.417607048939274250e+01 7.808676994791187553e+01 5.769224693203460674e+01 7.216987835634131443e+01 9.237140987537287629e+01 9.685418215087041460e+01 1.051648857731470912e+02 1.042350580889858236e+02 8.419503070000610023e+01 6.989461431753505849e+01 7.140434944490338864e+01 7.730798789387202419e+01 9.281371253522108589e+01 8.084048335190888679e+01 7.226737595037826623e+01
2.022278438842990689e-02 2.002022278438807490e+01 3.300732843552798101e+01 4.129160206803848610e+01 5.129160734523446052e+01 4.622333407428379815e+01 2.492848142657578592e+01 4.622333407428379815e+01 5.683231172989861335e+01 6.511624679453449005e+01 5.250249615305097706e+01 3.272337973113036469e+01 5.250249615305097706e+01 5.409634884849882752e+01 3.422040727819226191e+01 4.562121955373081050e+01 4.299275490896459218e+01 2.808645460914634029e+01 4.234484482087548685e+01 6.268207264941620593e+01 6.348599012186225110e+01 5.752208508898001327e+01 5.975329605838014402e+01 7.263610439847694522e+01 5.218520584918716310e+01 6.669784802463141204e+01 8.697232347306349709e+01 7.670019438869314854e+01 9.354422417686238589e+01 1.051648857731470912e+02 9.834652386685714021e+01 9.006461882707412769e+01 9.156063190471921587e+01 9.742005788131679367e+01 8.426376390169727415e+01 6.348541046270566568e+01 5.226907614819502612e+01
6.642187732006160639e-02 1.420855926271594782e+01 3.420883871696923961e+01 3.670241884235581864e+01 4.489697111781335792e+01 4.072502676249232678e+01 1.878218117293959111e+01 4.072502676331623661e+01 3.699125706570502103e+01 4.552329601223001276e+01 4.701675627285052173e+01 2.721069478278707621e+01 3.989739729506241162e+01 4.870538702404393661e+01 4.552862561498433536e+01 2.582809323028746107e+01 2.286659047609929019e+01 4.299275483230796624e+01 5.408892540615250510e+01 5.164112766411975031e+01 5.393846444113753336e+01 4.307565398441119697e+01 5.877648673310365979e+01 6.134721544737708143e+01 4.736037983082661640e+01 6.781578138328997341e+01 7.507200764563850726e+01 6.492574340014400036e+01 7.670019438869314854e+01 9.685418215087041460e+01 1.055075207592199007e+02 9.724607752421360374e+01 9.724607752421360374e+01 8.826285063920505536e+01 8.002661612661889023e+01 8.079662040698069347e+01 6.157643658841430323e+01
1.591255364720534082e-02 2.001591255364684940e+01 2.224896252940650498e+01 1.753203866395033828e+01 3.577571425452553200e+01 2.852387179927926297e+01 1.332484014179636667e+01 3.555304845809568803e+01 2.568107792198280492e+01 2.571210726599314000e+01 3.273498663388697594e+01 3.373348793735497253e+01 2.006247268130500672e+01 3.711819075846055682e+01 3.839267800306554079e+01 2.057406655741194257e+01 4.062641739820352882e+01 2.551065301246410399e+01 4.568700163140481152e+01 3.138360409124965145e+01 3.364886074986730335e+01 3.594532831659914507e+01 3.841244584084013525e+01 4.094268884895169691e+01 4.506776022412014981e+01 4.931754783485853721e+01 5.462901333059173936e+01 6.384675637601386455e+01 7.563208854500368261e+01 9.579247370768392500e+01 9.724607752421360374e+01 7.715363882653007011e+01 7.715363882653007011e+01 7.668663070868383613e+01 5.986610536401731508e+01 6.510430690286476363e+01 5.737462674544413943e+01
6.189296070378335485e-02 1.154609690120090404e+00 2.248961000449257952e+00 2.224150686663462650e+01 2.492609867088061648e+01 6.517189297015185012e+00 2.682862313291548872e+01 2.866737784869396322e+01 2.847654490262378246e+01 1.218759237064391243e+01 1.336306233714093139e+01 1.451923426584822607e+01 1.566553682019281091e+01 1.704950757333207179e+01 1.846523280263529188e+01 3.298476459452146514e+01 4.899647629158362605e+01 4.435047623716816645e+01 2.822311939358040433e+01 3.222227087998486184e+01 5.249208669547939365e+01 5.626984657732374728e+01 5.877648673311826855e+01 6.134721544737713117e+01 4.812610955228514342e+01 6.857634501528681881e+01 6.031563008244969382e+01 8.061852126314850864e+01 9.247952276012058803e+01 1.041025330635724089e+02 9.724607752421360374e+01 7.715363882653007011e+01 6.285726872715475366e+01 6.839546223065944730e+01 4.813150339488149854e+01 4.475072124955553221e+01 4.144839148127025652e+01
2.247884206357958492e-02 2.002246992404415238e+01 2.224896240542290116e+01 3.813085638417379908e+00 4.924198817968673758e+00 1.424842228555618995e+01 8.169395228631152861e+00 9.341842536850531786e+00 1.050868079682436296e+01 1.615920758527241929e+01 3.273498663388697594e+01 3.396746839480321967e+01 3.518496630949782400e+01 1.912735614207446488e+01 3.810839391613590976e+01 4.677354189091136760e+01 6.296928275718828161e+01 5.640812811142468775e+01 4.843812518975744297e+01 4.652698789320336203e+01 3.841861898916981488e+01 5.877384618729782773e+01 7.396021538619734770e+01 7.403588393144634949e+01 5.360455869204645296e+01 7.403588393144634949e+01 8.061852126314850864e+01 7.474798981865410497e+01 9.483231754985138195e+01 1.109933183175017746e+02 9.100620535367544051e+01 7.676218237455847770e+01 7.352501750484917409e+01 5.332994378340843156e+01 6.839546223065944730e+01 6.389241932149983683e+01 4.350125292093175489e+01
