LEM/with_lateral_4open/elevation_000282.asc
nrows	100
cellsize	150.0
xllcorner	0
ncols	100
yllcorner	0
NODATA_value	-9999
[rows 17 to 33 of 100, columns 0 to 36 of 100]
5.222468517465790605e-02 2.005222468517430201e+01 2.810014864270917201e+01 3.246450631795875097e+01 3.717855143871143753e+01 4.234252910494579680e+01 4.234252910494580391e+01 6.234252227702782534e+01 5.773313415817391103e+01 4.944325880851662447e+01 3.323219556454330359e+01 4.471419187958574071e+01 3.286923176163377747e+01 5.287686350943321401e+01 6.076679746117566339e+01 6.076679746117566339e+01 7.611032516717021679e+01 8.610435426029177108e+01 9.213591586336985984e+01 8.366950031732423554e+01 8.589147979844268832e+01 7.635420838563017298e+01 5.691138127819790782e+01 3.682654943878666387e+01 2.999752590061866542e+01 4.058202411850236047e+01 5.492923356108222777e+01 5.850918585947795236e+01 3.844166551472366677e+01 4.904926604789506683e+01 3.250075591548403509e+01 3.933675764121439045e+01 5.943781956012161061e+01 6.272224195610230879e+01 8.336634632075302420e+01 7.824053103904938666e+01 5.828833911053295935e+01
7.333276091007127906e-02 1.971091257319590895e+01 3.749074090945335058e+01 3.565574312424085690e+01 3.802828475198766967e+01 3.870395849123210752e+01 4.685464749877552748e+01 5.622939493755858820e+01 4.589486075127288700e+01 2.944406562453301390e+01 4.022272058208724133e+01 2.471295357289286798e+01 2.986984563757938815e+01 3.521089710281052731e+01 4.075658469001751882e+01 4.782933339803184936e+01 5.783697128780421082e+01 7.784809173305251306e+01 8.366950031732423554e+01 6.290510406276807487e+01 6.898685491848299023e+01 5.671076729994457821e+01 4.744144035229425072e+01 3.351753178371136954e+01 4.981033330581481522e+01 5.826760925671587188e+01 6.927626249050480567e+01 6.620501631319568503e+01 4.584376280054174657e+01 6.079692618361717393e+01 5.233160887232067893e+01 3.602140776919678444e+01 4.247859373567362695e+01 5.667350271632291481e+01 7.732531651175118270e+01 8.636205192253225960e+01 7.292423495004729261e+01
6.343274376862209629e-02 2.006343274376826713e+01 2.052311513721263836e+01 1.313764184110562638e+01 2.246214197227394749e+01 1.886945478382413555e+01 3.560025083318530648e+01 4.287397612183022488e+01 2.878375193183273950e+01 1.791035637950017545e+01 2.024822020554281465e+01 2.402151972656901791e+01 2.793761523017581894e+01 4.793394690135463065e+01 6.076679746117566339e+01 6.784253151042835839e+01 7.611032516717021679e+01 8.610435426029177108e+01 8.098940073868507739e+01 6.020038155792163792e+01 4.837816640986260808e+01 4.243759485046025759e+01 3.727903757927277439e+01 5.342673271985655958e+01 4.744148444158470568e+01 6.787640028743068399e+01 8.081794334003788549e+01 6.015214375270935676e+01 6.620501631319568503e+01 7.234369110652386325e+01 5.881244153328408686e+01 3.874365416214777724e+01 5.881244152881906473e+01 5.667350271635778824e+01 6.856127348333670568e+01 8.929722209000100008e+01 8.153931065931503497e+01
3.497053469895897854e-02 1.472658518635987290e+00 2.912765258086751796e+00 4.363823619823985034e+00 5.840457713860227607e+00 7.330698113294616292e+00 2.732139168489158365e+01 3.161098931085814456e+01 1.471038689343813388e+01 3.469520325713958897e+01 3.176786517347984073e+01 4.385830410745272445e+01 4.793394690135113478e+01 3.382978158793125090e+01 5.383239613559550918e+01 6.825695959640343347e+01 7.653006903907900949e+01 8.652512429331801513e+01 8.946963101851754629e+01 7.752050996306891761e+01 6.898685491848299023e+01 6.063080830641177954e+01 4.043187992515795770e+01 6.063080830641177954e+01 6.787640028743068399e+01 7.638216608753451453e+01 8.930172300334656654e+01 8.081794334003788549e+01 7.774069329499258174e+01 6.380878998967596516e+01 4.351244024322462423e+01 4.563246133624680567e+01 5.014051666183013367e+01 6.189172014781490105e+01 8.263417049664116121e+01 9.773814399590811774e+01 8.606675967281820760e+01
9.635555453094322986e-02 2.009635554126929691e+01 2.290729470077202024e+01 1.850210281326871709e+01 2.583319027313707750e+01 2.732136475204463721e+01 9.481024585143810413e+00 1.162518389933574881e+01 3.161098931085814456e+01 4.298028432976808233e+01 5.157478820444335099e+01 5.950947593325037133e+01 6.211181752189632732e+01 4.537667434922290965e+01 4.068795481827210381e+01 4.824891256693696562e+01 5.825483889889137856e+01 7.240529876982972723e+01 9.239135904053257775e+01 9.348571141713431132e+01 8.158153906991657323e+01 6.548389010013757172e+01 4.511884983405466443e+01 4.713977125528555945e+01 6.159710542575236047e+01 8.234487276068968242e+01 9.939169145187834431e+01 8.747987420645615941e+01 6.920102740051102330e+01 4.866676866233689935e+01 6.380878998988789164e+01 5.316078996839463144e+01 7.065851120572577315e+01 7.918287042632518080e+01 9.111200019267954531e+01 8.719401379345690373e+01 7.769590328357588760e+01
8.845047570523793812e-02 1.423058609944978592e+01 3.423058619169745498e+01 3.849995256625633999e+01 4.211018675244554288e+01 2.212106666261729870e+01 2.946795753333246992e+01 1.261131619365970735e+01 3.233202882861144190e+01 4.270498826165430728e+01 3.678473413870249686e+01 4.843585542417346090e+01 6.809829272055507943e+01 5.952538397849437501e+01 6.069462864496730248e+01 5.069106955283880467e+01 6.069732561793586001e+01 7.484662621016144612e+01 9.482805039540997427e+01 8.504165881358423462e+01 6.432656335630075262e+01 5.255136218563180961e+01 6.548389010013757172e+01 5.248126678103086107e+01 6.713611887416013246e+01 8.789215739220428247e+01 9.100286004209944224e+01 7.021381729130729354e+01 5.820474412602182213e+01 5.349967423604790895e+01 7.422945440990872612e+01 6.774751918169370413e+01 6.774751851915480927e+01 8.853072770926527824e+01 8.745424519517976591e+01 6.549405457647939954e+01 6.701174367142968435e+01
8.023991185656004221e-02 2.008023991185620361e+01 3.540132933422314920e+01 4.434560388035762912e+01 5.039466867458381927e+01 3.625313769113542861e+01 4.066400440310396647e+01 3.233202882861176164e+01 1.570513560696282340e+01 2.248354176529831605e+01 3.684301888980591855e+01 5.745839495343365400e+01 7.611392901187531379e+01 7.952496931662611246e+01 7.896957270958488095e+01 7.069818773709587845e+01 7.896957270958488095e+01 8.896299648040398722e+01 9.744283363686959376e+01 7.694320710451815160e+01 6.250023293869563901e+01 7.308179287503287469e+01 8.058480263338509531e+01 5.974104600728411185e+01 6.941294030252618086e+01 9.013452425024705406e+01 9.582863456773034727e+01 7.519880661590320869e+01 7.900030061373493595e+01 5.874070256442284688e+01 7.962180220668315656e+01 8.853089152778120763e+01 8.853053575476050696e+01 9.697270770937392115e+01 8.147402042925051546e+01 6.001815487402807037e+01 4.809244193770248899e+01
4.598823041778624804e-02 7.117056042283292250e+00 1.606132795228260690e+01 3.020346357603422049e+01 5.020346375495580560e+01 5.625035687875680424e+01 4.973111207175504944e+01 2.945859307151885176e+01 1.797842203802773753e+01 3.802676776985601492e+01 5.008378992057033940e+01 6.126255950918842075e+01 6.954400054772099793e+01 6.907488034335784732e+01 7.735753826208552653e+01 7.834140852689408518e+01 8.663300170553273460e+01 8.850690970217483766e+01 9.674750861985819483e+01 9.137965515865018062e+01 7.360639242314772446e+01 9.137965515865018062e+01 8.906039465155625123e+01 7.020916235377922021e+01 8.906039465155625123e+01 9.855673548329328071e+01 1.040706259761056032e+02 9.076031248998316414e+01 6.991038141300114717e+01 7.081145628085850774e+01 7.581481967086791940e+01 9.655794865161382745e+01 9.320738867534234373e+01 8.475455089194963421e+01 8.954581777455689462e+01 7.733127312332088366e+01 6.880683101849440675e+01
7.340434288523949025e-02 2.007340434288488495e+01 3.540132958784920447e+01 4.434560501669491117e+01 4.798056639512039823e+01 5.626483651142417131e+01 5.803860977481651418e+01 4.637086683533698306e+01 3.802676776985601492e+01 2.144949677388960652e+01 4.175273267369115615e+01 4.121946545479390522e+01 5.353090255913883055e+01 4.915032223572782755e+01 6.207887485825447271e+01 5.842395382039469354e+01 7.455461862170105292e+01 6.877539042999168828e+01 8.850690970217483766e+01 1.004677092460300827e+02 9.344656240255064006e+01 1.017778521486988410e+02 9.937047594637074610e+01 9.096044291299101303e+01 9.937047594637074610e+01 1.006488109012415464e+02 1.090823779804504596e+02 9.923719743991541975e+01 8.044476064430988060e+01 8.563912250332634812e+01 9.655661572627977307e+01 9.078530788826348896e+01 8.142991650023033401e+01 6.436243413029460214e+01 8.119958796869974549e+01 7.696358565603522095e+01 6.801660358010073537e+01
3.515918393995972474e-02 2.003515918393960504e+01 2.867445298318706293e+01 3.383843075454692695e+01 2.798056640293208019e+01 4.798056639512039823e+01 6.033637281796358565e+01 6.190715478970836472e+01 4.175265062902833790e+01 2.784865481416704469e+01 2.571536098647035118e+01 2.943240284502246951e+01 3.343426158630386169e+01 3.761750378773466963e+01 4.223151282806175288e+01 4.848527872583139953e+01 5.499594032224322149e+01 7.217372889937259117e+01 8.726005434687604634e+01 7.608313815750497611e+01 7.905525432426163945e+01 8.724035686045951365e+01 9.074446384201331739e+01 8.240672489505764986e+01 9.074446384201331739e+01 8.049146969995871359e+01 9.737444335174173204e+01 1.095166396880244406e+02 9.515165321593754300e+01 1.061852999755836322e+02 9.683768339590301366e+01 7.617131143336422383e+01 6.171669917412063455e+01 5.264035244533426550e+01 6.462674868215592028e+01 7.091858921389166426e+01 5.156001606981618579e+01
4.608085242692564615e-02 4.310095179539116472e+00 8.674452984258927302e+00 1.383843077920210440e+01 2.050509744586865324e+01 3.205210282966076107e+01 5.205210282153728940e+01 5.825144625144827870e+01 3.811435884203874735e+01 4.818290254674349882e+01 4.607450947188890211e+01 3.450422162091203404e+01 5.353090255913883055e+01 5.757143135643332954e+01 6.207887485825447271e+01 5.844032292610844337e+01 7.455461862170105292e+01 8.275231688466519131e+01 7.345766454441664450e+01 5.585965426446112048e+01 5.890769455122119780e+01 7.903864231141973562e+01 8.036237767719852343e+01 6.229134931557255328e+01 7.737871729479485339e+01 6.887665047770897786e+01 8.900189981379415372e+01 1.033858886157462251e+02 1.155337644419611962e+02 9.761143120906132253e+01 8.941648813230995074e+01 9.052350519313255006e+01 8.132578183499121849e+01 6.462674868214558899e+01 4.427047476910798451e+01 5.715950464600631875e+01 5.413375334760350910e+01
1.610643649003322755e-02 2.001610643648967880e+01 2.867445298318706293e+01 2.500438460279845998e+01 4.050509744243520061e+01 3.464723306959776039e+01 5.464723305788152885e+01 6.653397123677837044e+01 4.823705912519874062e+01 6.653397123677837044e+01 6.296302053061867099e+01 4.620948907912063675e+01 4.620948907912063675e+01 5.779033975208790253e+01 7.778382474314231843e+01 7.850648467818705001e+01 8.686294517471323218e+01 7.847486352951797528e+01 5.832862830245733932e+01 4.420034624542268631e+01 6.471683982780217548e+01 7.421118277856970735e+01 6.025250211925398958e+01 5.224023659091207605e+01 5.726224241226618261e+01 6.486467510750836141e+01 7.492643726774312540e+01 9.503869166642664368e+01 1.049542477495240291e+02 8.941648813230995074e+01 6.946020716665044858e+01 7.530526653422815286e+01 7.016987322599801757e+01 6.617823711740432202e+01 5.703335091833250203e+01 3.642483031777631197e+01 3.332622255215026286e+01
2.022278438842990689e-02 1.416235840811950553e+01 3.416235840812021252e+01 4.500438459703900662e+01 5.328865518605007878e+01 5.464723305788152885e+01 6.293150282684403152e+01 7.654088475493101384e+01 6.826583337769773152e+01 7.654088475493101384e+01 7.452124751008621217e+01 6.624058080151830552e+01 6.624058080151830552e+01 7.452124751008621217e+01 8.606386644981965617e+01 7.854168877023029438e+01 7.024656520623069866e+01 7.485330977020230137e+01 5.829084875153644418e+01 3.792671609474322736e+01 5.831183767571808119e+01 6.613238061718540450e+01 4.604373829509789573e+01 6.614279819931404347e+01 7.737872672194443169e+01 8.498256446708488454e+01 9.332395309723543164e+01 1.033858886157462251e+02 9.677159325696045755e+01 7.691851075230182744e+01 6.530112233980433700e+01 5.518577127489949419e+01 5.042357100156223737e+01 4.618237989470558347e+01 4.215560239915414087e+01 5.548657419450415773e+01 3.473723203541334925e+01
6.642187732006160639e-02 2.006642187731970495e+01 3.646514961038528924e+01 4.646514961038511160e+01 6.060728523411556523e+01 6.121006193700412723e+01 6.242326537260063191e+01 7.070753662004815965e+01 7.605487379405522574e+01 6.774919687702579552e+01 7.605487379405522574e+01 7.450920718933264197e+01 6.615661173769618131e+01 6.351530400556247713e+01 7.188016171461737258e+01 7.024656520623069866e+01 5.018314485006047931e+01 5.605830057996907101e+01 4.714877310103813102e+01 3.283548221217154151e+01 5.306581114743704575e+01 5.699388807825447145e+01 4.217856456967131606e+01 6.227313274590682823e+01 7.255619835402659135e+01 7.925398544827932312e+01 8.684392238909124728e+01 9.514169343691769143e+01 1.000131163681293742e+02 8.018864021140393561e+01 6.599625731449134491e+01 7.530526653422815286e+01 6.209257058577953359e+01 6.049353811962073735e+01 6.257704279496135058e+01 5.859405014914678134e+01 3.798139388027878027e+01
1.591255364720534082e-02 8.180878362924394409e+00 1.818087836292421855e+01 3.232301398665467218e+01 4.121006193700483067e+01 4.121006193700483777e+01 4.242326537260134245e+01 6.242326537260063191e+01 6.603664629316581625e+01 4.771904738866145124e+01 6.603664629316581625e+01 6.615661173769618131e+01 4.561717341673998760e+01 4.293461145118759958e+01 6.006319030303627216e+01 5.392479705809029866e+01 5.605897976975433039e+01 3.599441496922200656e+01 4.533624046010241671e+01 2.833357521270893642e+01 4.841757420884984953e+01 3.690243159209751411e+01 5.699401475353361946e+01 6.398836814424983288e+01 5.246285544229163378e+01 5.916062415073425029e+01 6.676283677706412334e+01 7.837075109500203496e+01 9.841848962743412699e+01 9.419329930374206583e+01 7.760721856296649435e+01 9.034469110720951335e+01 8.213395431401934843e+01 8.055785968859730417e+01 7.482756941240297976e+01 6.177401276590624946e+01 4.141232417754724082e+01
6.189296070378335485e-02 2.006189296070342820e+01 2.845678145031687478e+01 3.304509612772771732e+01 2.121006193700554476e+01 2.828112974887089592e+01 4.242326537260134955e+01 6.242326537260063901e+01 5.773412213284360917e+01 3.770875264758412015e+01 5.773412213284360917e+01 7.057879146186226649e+01 5.163303561918523599e+01 3.146164620889664221e+01 4.261211603478029986e+01 3.386951374603053466e+01 4.107887097048141811e+01 4.233394646886547008e+01 2.527544972391876144e+01 4.533669645062283138e+01 3.188064781591156205e+01 3.567636865854519357e+01 3.961739251100456016e+01 4.390034712767536718e+01 5.394217259264692643e+01 6.554779610804233414e+01 8.562770381864177693e+01 9.514169343691769143e+01 1.067119321539667709e+02 1.056360023813978870e+02 9.745314692825523650e+01 1.006054322561639083e+02 8.908008526012768868e+01 8.010952930584291209e+01 6.653566139890916986e+01 4.633369717076497096e+01 6.177401276590624946e+01
2.247884206357958492e-02 4.192767123205057622e+00 8.456781450317230053e+00 1.304509612772842608e+01 2.459210151152073820e+01 4.459210151152002766e+01 5.656540099632525909e+01 5.546796779059219062e+01 5.105899897109047458e+01 3.103876185924436015e+01 5.105899897109047458e+01 6.236471274191772807e+01 4.238907242589087332e+01 4.260621326828607636e+01 2.316578498409139186e+01 1.970144186930097163e+01 2.103506553239711607e+01 2.238092440589116450e+01 4.185433621048928643e+01 5.296733505005447284e+01 4.347863964227427402e+01 5.576596847751845587e+01 5.121467187512834585e+01 6.398836814490616831e+01 5.810502412728865806e+01 7.819201705990211337e+01 9.392721803370288569e+01 1.026276683785502115e+02 1.026276683785502115e+02 1.108732591231074309e+02 1.045919198718623306e+02 9.237362062152203634e+01 7.237421300735620378e+01 6.071269656660243186e+01 5.166530477499539842e+01 5.803033847120711641e+01 7.482756941240288029e+01
