LEM/with_lateral_4open/elevation_000203.asc
nrows	100
cellsize	150.0
xllcorner	0
ncols	100
yllcorner	0
NODATA_value	-9999
[rows 68 to 84 of 100, columns 37 to 73 of 100]
6.482894147364476112e+01 7.655147093532166025e+01 7.438663033329225982e+01 8.842020603580492377e+01 8.377199989938090141e+01 6.934483499384950278e+01 4.924627144479324414e+01 6.500038825450447177e+01 4.617166921934281021e+01 5.613192618014290503e+01 7.550931125919929343e+01 8.912615402476504300e+01 8.666160331378441128e+01 6.658351718315491041e+01 6.808251774570079817e+01 6.176137365409796587e+01 8.183768310113802613e+01 9.251436877365533462e+01 1.125696133243000077e+02 1.065126585438594446e+02 8.643930795387844057e+01 7.209461979611479876e+01 6.194008843500179040e+01 7.356442439548025902e+01 5.655040552900629081e+01 7.683058304128917371e+01 7.550332670076491581e+01 8.026696638152148466e+01 7.161204083687117361e+01 6.706045197332593943e+01 4.670296867009133734e+01 3.220627185920594115e+01 5.266434689770245114e+01 6.343695750085906582e+01 5.505900374292108523e+01 4.646204830548032305e+01 6.680266326814376043e+01
6.560074427449386292e+01 5.672778590234425877e+01 6.037322833800772770e+01 7.850356675470095524e+01 8.302847472967486908e+01 6.010856756030663917e+01 4.525133460658958029e+01 5.935020077794647619e+01 4.359307308178992457e+01 6.355376950944729231e+01 7.596942765611194659e+01 9.577616217494362161e+01 8.816010412098884785e+01 6.808251774569387749e+01 5.390284828300207209e+01 6.240282445197587435e+01 7.243569711649857368e+01 9.251436877365533462e+01 9.987042258336974498e+01 1.025268070694176146e+02 1.005858554442451691e+02 9.051014339494102501e+01 7.102144448400305521e+01 8.514965682749284781e+01 6.670569874480845840e+01 8.515445624193654339e+01 9.564331638502447674e+01 8.647480439831862498e+01 7.636014870014923872e+01 6.800563050622376693e+01 5.544890200796091762e+01 3.498899977440035514e+01 3.854760000027962974e+01 5.893359785302261855e+01 7.400869591450596374e+01 6.680266326814376043e+01 6.308961732700026204e+01
8.477583682474009663e+01 7.028267130312183042e+01 5.043579220443290723e+01 6.429800044002182347e+01 8.338819797771533615e+01 7.190388407864058706e+01 5.747023013103353861e+01 4.000369717999493702e+01 5.997900166408173561e+01 7.089603488428474520e+01 7.921156326505027323e+01 8.923428639229760506e+01 8.607266001849475856e+01 6.978025364348175685e+01 4.973669119362389068e+01 6.978025364348175685e+01 8.607265909347268007e+01 9.398260975462689260e+01 7.979679894754761449e+01 8.245710151534697729e+01 9.664018914231742485e+01 9.949904781796608688e+01 8.275230184163002889e+01 9.524441675906086857e+01 8.695546733781365845e+01 9.524441675906086857e+01 9.244186733502533571e+01 7.222307672539569978e+01 5.786623762445604768e+01 4.768762290105562585e+01 3.992317223468339193e+01 3.999511846691370920e+01 5.893359785302261145e+01 4.540352912148343023e+01 5.979338874187653374e+01 7.995515111137606823e+01 8.332382311676090580e+01
7.653776707267213908e+01 6.660664610593369162e+01 4.673228090756886388e+01 6.157069098994303147e+01 6.980862467888678680e+01 7.123440028544540326e+01 5.792308422274395241e+01 3.795123612168562488e+01 4.427010637329841813e+01 5.091967847050796081e+01 6.088574443537013536e+01 8.090632533473730348e+01 7.776367241325564805e+01 5.770072367694120175e+01 4.615589694382713049e+01 5.770072367694118753e+01 7.776367240488234245e+01 8.394758000136619103e+01 6.559925940286913715e+01 6.825865229131520096e+01 8.833538217571692996e+01 1.029576063110154109e+02 1.028536577784565367e+02 1.110525935120394792e+02 1.016995932367514826e+02 9.161606095258062510e+01 8.329900131416881948e+01 7.718379464397598611e+01 6.596448954611771853e+01 4.563515084656669529e+01 6.032614546918302523e+01 4.514735048076439483e+01 6.548006650494392034e+01 6.569863221923121444e+01 5.341171022238477661e+01 6.774290566733030516e+01 8.783651190621948501e+01
5.667137810722592661e+01 5.135208986971142053e+01 4.636750546622886304e+01 4.166060192084014346e+01 5.767165879371018633e+01 4.964123236146020446e+01 5.302056406383321274e+01 3.601499007309384126e+01 5.599177166872633649e+01 7.089603487828837558e+01 7.921156252827614708e+01 8.923428639229760506e+01 7.711352048005583981e+01 5.705772658347186166e+01 4.292537177181015551e+01 6.293193261370153380e+01 7.685512968305263826e+01 6.854547480731304177e+01 5.557777872811227127e+01 6.453967822458396597e+01 7.457617520065964811e+01 8.878023539444910739e+01 1.088425724900059208e+02 1.076351895855921157e+02 8.753038455975436705e+01 7.317905701094882431e+01 6.301715527366062020e+01 5.690301116550798355e+01 5.165855750036774197e+01 6.596448954611771853e+01 7.090280102209439406e+01 5.061278635829874872e+01 7.090280102209439406e+01 8.075686280736590561e+01 6.059392187676297681e+01 7.362818667620862811e+01 9.367455873154496260e+01
7.653776707267213908e+01 7.122825128545169093e+01 6.625921093207490742e+01 5.767165879371018633e+01 3.773845503787106992e+01 3.508399073243891308e+01 3.330936195545553602e+01 5.329718284793413829e+01 6.428064702871731129e+01 6.850520139996741875e+01 8.853723936375534720e+01 8.505545128853650283e+01 7.673548818646496272e+01 5.984485325457727356e+01 3.985131239149122706e+01 5.984485325457727356e+01 6.854547480731304177e+01 4.851101525867022701e+01 5.558975806621801041e+01 6.454839338456237385e+01 7.613577635494714002e+01 9.621047799186477789e+01 1.044096848595751368e+02 9.613142821853246289e+01 9.977494047132458377e+01 7.959611848723828587e+01 8.329900131416881948e+01 7.125707550871187834e+01 5.933261629282258554e+01 7.961233023010976240e+01 7.701748453096770675e+01 5.673737361877086727e+01 7.701748453096770675e+01 8.902033985230640667e+01 7.489188945789877039e+01 7.708563400421604683e+01 9.709195771039132694e+01
7.295375730075846832e+01 6.466302358122591443e+01 7.096127489823619783e+01 6.591500975712474997e+01 5.755911789474441775e+01 5.067649571625768345e+01 3.141461968664806648e+01 3.959681799976877414e+01 4.852776298686702461e+01 6.850520140064328700e+01 7.916332636415084778e+01 6.495940190749072940e+01 6.842754331583836347e+01 4.839957801115434677e+01 3.687563152148169365e+01 5.686439215585862428e+01 5.906229380660068529e+01 4.405227483743397698e+01 5.298284492033125304e+01 7.303179773906413175e+01 9.292659936426787226e+01 1.045105537129759483e+02 9.280062600643853443e+01 7.597341427545080705e+01 9.280062600643853443e+01 9.977494047132458377e+01 9.978043204098480601e+01 8.793986227679584999e+01 7.105726961432995381e+01 8.793986227679584999e+01 8.535247992128959993e+01 6.845688860523769392e+01 7.109085228993426142e+01 9.132564014549237186e+01 9.491616101060628807e+01 9.709195771039132694e+01 9.423726934951753265e+01
5.361397885204925018e+01 4.471895863923669623e+01 5.099122572963590727e+01 6.512283312179538086e+01 6.500373178155849985e+01 4.427088320676217137e+01 2.991162304079553280e+01 4.928973826539311176e+01 6.529915409577790797e+01 7.679761307951301319e+01 6.913064240965859142e+01 5.078661093325918330e+01 6.913064240965859142e+01 5.403755451744206084e+01 3.404304015722309629e+01 5.403755451744206084e+01 3.906757707510116262e+01 5.059388128028605536e+01 7.063036044727273577e+01 6.934870993736066680e+01 8.941965913451312531e+01 8.821088920348438478e+01 7.988978844312370597e+01 6.423766638204550361e+01 8.449319344216604577e+01 9.680988225843246653e+01 9.006625610905894064e+01 8.421139748445195039e+01 9.129876015767881370e+01 9.958710879607276922e+01 9.700871534930676887e+01 8.871147604922313690e+01 9.132564014549237186e+01 9.961407759207941126e+01 1.085194493102669924e+02 1.107050097455952766e+02 1.026065101643625610e+02
5.731242645909338762e+01 5.684031771049014736e+01 3.690982928773301808e+01 5.037401339895041730e+01 5.468288655013910926e+01 4.640634436195781376e+01 2.841949876038158251e+01 3.837453819174073999e+01 5.812526441811136380e+01 7.204531859451286380e+01 6.081600471469922553e+01 4.079260700117578864e+01 5.685304228720967501e+01 4.855512146558460529e+01 3.127916388745323317e+01 3.441973410464323990e+01 4.595231196335684842e+01 6.597197366346888714e+01 7.893872920750602873e+01 8.941965913451312531e+01 8.839831002118232561e+01 6.822004714841298778e+01 5.967720360949983416e+01 5.662801895626544280e+01 6.829056383854253909e+01 8.851241662931739995e+01 7.005791495790033707e+01 6.419535105179082279e+01 7.834126648238013502e+01 8.788473005936631921e+01 9.372405007825844336e+01 9.544021461382259020e+01 8.715776600506126215e+01 9.544021461548069851e+01 8.851219152657817801e+01 9.070146231057215402e+01 1.107050097455952766e+02
7.731163135205335379e+01 6.512283312179538086e+01 5.037401339895041730e+01 3.040163510993338747e+01 4.438965180233510210e+01 2.634050674864425190e+01 4.002945774616948427e+01 4.773782632002028237e+01 6.499600338328383486e+01 6.374176935381853326e+01 4.371964292116715711e+01 3.371056850033355090e+01 4.587684136821287950e+01 2.851270844522331416e+01 4.855500311380197331e+01 3.945439587095763301e+01 5.945717394102020137e+01 7.427886491294637494e+01 7.647987772233437909e+01 9.654491713825352406e+01 8.250740366652837565e+01 6.230203030815105336e+01 4.821581756312232869e+01 6.204660782433444410e+01 7.037639533154111859e+01 8.198403332673467503e+01 7.005791482951637761e+01 5.004628432887905376e+01 7.005791456562921837e+01 6.789085370856322754e+01 7.374692450950774969e+01 8.543124257287075807e+01 6.713056660290907018e+01 8.543124257314428860e+01 7.434666715352237532e+01 8.619679959616779286e+01 1.062058934331222844e+02
7.516963270893749893e+01 6.747652423437256175e+01 4.757870957802634138e+01 3.503078304150773192e+01 2.428410461440702761e+01 4.438965180233510210e+01 5.430365716539078136e+01 6.544792993031742867e+01 7.389741266994289504e+01 7.204531859449944875e+01 5.967762887732770594e+01 3.998605620434389607e+01 2.579186406467562875e+01 4.587684136821282976e+01 5.685271166314688429e+01 5.945717394102020137e+01 4.886887474941612197e+01 5.642510047927234496e+01 7.060136956179280787e+01 9.067185185003454251e+01 8.839831002116206093e+01 6.822004714841237671e+01 6.204660782433460042e+01 4.224074127629290132e+01 5.355083507190604308e+01 7.365204796010657162e+01 6.298273481363143844e+01 4.298938901551527181e+01 6.298273474216203738e+01 5.373990247752548299e+01 6.109781832299871240e+01 6.713126324727355154e+01 5.711836019056239877e+01 7.714416630398496011e+01 6.616727131627925473e+01 8.033372221658221690e+01 1.003515205232062613e+02
5.520845318837956484e+01 6.105494859118648776e+01 5.437803367020482170e+01 4.304931689141635331e+01 2.291977583509024896e+01 4.124162023373055774e+01 4.951115355343383584e+01 5.363291339316880624e+01 6.195215368477494167e+01 6.257141819380682790e+01 5.427895669586472849e+01 4.411490613244205150e+01 2.399691852478188636e+01 4.411490613244120595e+01 5.239273405673770156e+01 7.242808833817116465e+01 6.889988070400585229e+01 7.647987527802614238e+01 8.478677168426696653e+01 8.940426857098577784e+01 7.931183730774968410e+01 7.097271049932402320e+01 5.830365083165004592e+01 3.855927547373403996e+01 5.320567503679239962e+01 6.149405697864299469e+01 5.695451375044160613e+01 3.697968870235715855e+01 5.413166276355230622e+01 5.685546826875194171e+01 4.110850833507576851e+01 4.712059023905774779e+01 6.713126324727355154e+01 5.799091108153421459e+01 7.801977891710568258e+01 9.448057591868703753e+01 1.063259606995510893e+02
5.261968897665006750e+01 4.108494016474057275e+01 3.439806359218991361e+01 2.935217735068198763e+01 4.123176376601246318e+01 2.107892349237806329e+01 3.943278389459662492e+01 3.358159395537234104e+01 5.363168270942219351e+01 5.427895669586521876e+01 3.423353306679680230e+01 4.010470171592453426e+01 2.222037245580770204e+01 3.234817668386537548e+01 5.239273405673802841e+01 5.933745312624517254e+01 6.626489310080786765e+01 7.461786978581407936e+01 8.434585136068565703e+01 8.108685876723595243e+01 6.085856223141210819e+01 5.089061182661811955e+01 4.440127597265987447e+01 3.825469300996842037e+01 3.347579538997578652e+01 4.925969909955178849e+01 4.799020478195756567e+01 3.144764267813546610e+01 3.416463428511556799e+01 3.695590894115571245e+01 5.692873420417011943e+01 4.643639529550766554e+01 5.042909904924523801e+01 5.750203481733571920e+01 6.645888010329846907e+01 7.802630995532791758e+01 9.804760955854386850e+01
6.851590911628395020e+01 4.855056530089918709e+01 5.439827911570449004e+01 4.095007737307466300e+01 4.951538211152851687e+01 3.358108828516391497e+01 1.926165853432348385e+01 3.766929301203237657e+01 4.596902202730250053e+01 4.619559690224349424e+01 3.789414051422468788e+01 1.992556616009656167e+01 3.972008485395030419e+01 2.850511211777181941e+01 3.373026433243329336e+01 3.912629053372121035e+01 4.589182713793235990e+01 5.513578395091536066e+01 7.116990458700222177e+01 8.940426857098577784e+01 7.931183730774968410e+01 7.097271049932402320e+01 5.212690597006642435e+01 5.212690597006642435e+01 4.925969910607325630e+01 2.949124038247741098e+01 2.801743962199630644e+01 4.799020752701741088e+01 5.413166276366349905e+01 5.692873420522783334e+01 6.521419231883018597e+01 6.058028047509726832e+01 6.458383947544018611e+01 7.753075640969288429e+01 8.581906802912686771e+01 9.477267666249747435e+01 9.046694864948852910e+01
7.679377105251825242e+01 6.851590911628395020e+01 6.920074731869982543e+01 6.092474485287670660e+01 6.189447848728737966e+01 4.773778338681947275e+01 3.768515723061138090e+01 1.748512476687744410e+01 3.593687543839728704e+01 3.751179551876321483e+01 1.769679739009810504e+01 3.535705213350522058e+01 4.809331998303198930e+01 4.274758493765256873e+01 4.495719996349227188e+01 5.933745312624517254e+01 5.933745315918969254e+01 7.461786978581407936e+01 8.434585135958076307e+01 1.024540059613246825e+02 9.229148609060985109e+01 7.215463262288223234e+01 7.215463262288216129e+01 7.215463262288086810e+01 5.707905315127590029e+01 4.514917052185471391e+01 2.563903272072589701e+01 4.561987606313947197e+01 6.030084556403384966e+01 6.858018774064490231e+01 8.012237625902849913e+01 8.060574637121371211e+01 8.460960044765275256e+01 8.031195361336236260e+01 8.031189747582688199e+01 8.860024078435223771e+01 8.218467427431318129e+01
8.647839353427463038e+01 8.134841413351598760e+01 7.132096389627393762e+01 6.301533426467032228e+01 5.766144427202984701e+01 5.280240323027825156e+01 4.597848356823041627e+01 3.593687543750834124e+01 1.573580746066923908e+01 3.108517541012873409e+01 1.615460800834724608e+01 3.341420549192743294e+01 5.749307738995099015e+01 6.272241194447037316e+01 6.513003655214019716e+01 7.358516024717869186e+01 7.944710106998202548e+01 8.459480873179053617e+01 8.179496142315088036e+01 9.152440627546295104e+01 8.672032908352029779e+01 7.861003829332406667e+01 7.861003829332406667e+01 7.027983431435477257e+01 5.027509196301279815e+01 4.384899768401977127e+01 2.386633569071528171e+01 4.385156006428016440e+01 4.031905894599440643e+01 5.184990387397824918e+01 7.184505960909577027e+01 7.600185546491225352e+01 6.771616397185549374e+01 6.031295468550820260e+01 6.031295415165079987e+01 8.031189747582686778e+01 9.046694864944333858e+01
8.723810688935193980e+01 6.716484261123480337e+01 5.298650293499910902e+01 4.298291222131991418e+01 3.762710481763102166e+01 3.274683273804607353e+01 4.629551693661146317e+01 4.423471832744861132e+01 3.420940450226890306e+01 1.400847084126949582e+01 3.318939280832620398e+01 4.534570187673763542e+01 4.747473037916922323e+01 5.599665407223992020e+01 6.656969870196869010e+01 8.376781675686689255e+01 7.577032826561790557e+01 6.534551958667758242e+01 6.504159548695464821e+01 8.369377793864651949e+01 7.861003829332406667e+01 5.875300543577406387e+01 5.875300543577406387e+01 6.469059689415671244e+01 4.443244586089481629e+01 3.028527873901240852e+01 2.211381417363331536e+01 2.878878025075033875e+01 4.291109031659506456e+01 6.289539283811113535e+01 6.937732113963427594e+01 6.131364629520322751e+01 4.772689593555111998e+01 4.618130187483578908e+01 6.617050903473646883e+01 7.785183904774356733e+01 8.785326486390299294e+01
