LEM/with_lateral_4open/elevation_000379.asc
nrows	100
cellsize	150.0
xllcorner	0
ncols	100
yllcorner	0
NODATA_value	-9999
[rows 17 to 33 of 100, columns 0 to 36 of 100]
5.222468517465790605e-02 1.419436030890573264e+01 3.419436030890643963e+01 5.398180540301216013e+01 6.281536680682216200e+01 6.866784019023485541e+01 5.852623235028151072e+01 5.023489015917912326e+01 3.761879863892031040e+01 4.306632349429217754e+01 3.059466541698666830e+01 5.064441745444349152e+01 4.731736606477060292e+01 3.241890641737996503e+01 3.910239467666558255e+01 4.665991584342418008e+01 6.655258178935180524e+01 6.823595963893122018e+01 8.809691719619573291e+01 7.864710507518682903e+01 5.863047727304452650e+01 4.707980589268798610e+01 4.041383906734748166e+01 3.725882613891725015e+01 5.726342548149133904e+01 5.357050156325082213e+01 5.968529825231117059e+01 5.135778964153431048e+01 3.135852215150969613e+01 5.135778964153431048e+01 5.880769231688123710e+01 6.513394850540882430e+01 6.146278532772465297e+01 8.146875140859754083e+01 7.427200619016731764e+01 6.604629097353101486e+01 5.425978206335010867e+01
7.333276091007127906e-02 1.151524287222175680e+01 2.576024114176328794e+01 4.576248441259073729e+01 4.278737653687321085e+01 4.865343907340306373e+01 5.023468489825648220e+01 3.012824645234858778e+01 2.594812603018088026e+01 2.290881059132886222e+01 4.023386524126470221e+01 4.248737932709024534e+01 2.729037578209734960e+01 4.731736606477060292e+01 5.903386078835065121e+01 6.655258178935180524e+01 6.073698528584186107e+01 8.059267374141515461e+01 9.637921168418164086e+01 8.693520711420782732e+01 7.042656374333947156e+01 5.041397301892108374e+01 6.042026838113030607e+01 4.068817592720270682e+01 6.069447797695804780e+01 7.358067762911549892e+01 6.585658269005475063e+01 4.585168867835680828e+01 3.430591763831693441e+01 4.844742762444962381e+01 6.845241151099472177e+01 8.202126309442751051e+01 8.146875140859754083e+01 8.011821940953902299e+01 6.021750737715557733e+01 4.613481796823487713e+01 5.345316965623582917e+01
6.343274376862209629e-02 2.006343245004623199e+01 3.652078602807053898e+01 4.483051004408010698e+01 2.852188543513238628e+01 3.592112660644609434e+01 3.139137570449271308e+01 3.328286193045354224e+01 1.566550426729539325e+01 1.772922033713763312e+01 2.000710985748500903e+01 2.233133701377845881e+01 2.550314090697333569e+01 4.558627406820665584e+01 5.840670818119033925e+01 7.254995970897523705e+01 8.059267374141515461e+01 8.886034708317892239e+01 9.723914205759405149e+01 7.722424109385815427e+01 6.306940071293778516e+01 7.042656374333947156e+01 6.423149795553314334e+01 4.422309145919120255e+01 5.836893303288196222e+01 7.838498170209025773e+01 7.413912836230545622e+01 5.789926182393568865e+01 3.789701224608597130e+01 4.373248274827408011e+01 5.373342728218570841e+01 6.788155304420358505e+01 8.788513080985343606e+01 7.966331139702209896e+01 6.753190401465840864e+01 4.762156704741276769e+01 3.363499818872548985e+01
3.497053469895897854e-02 1.551885474098232898e+01 1.911098017999913878e+01 3.680139764438385441e+01 3.592112660644002631e+01 1.559517464274587972e+01 1.098968772248322523e+01 1.288673061079209248e+01 2.738275476092766425e+01 3.802694529816354674e+01 3.436219047629088408e+01 3.662169431875938841e+01 4.558627360983284404e+01 3.009276308236479380e+01 4.426345665340352298e+01 6.219482849147687631e+01 7.047897035581759440e+01 7.942304347218569660e+01 9.096992169816317642e+01 9.137364522012995849e+01 8.308646986135929069e+01 7.536824772785743676e+01 5.166314499577596564e+01 4.988805382346652095e+01 6.018772405471100484e+01 7.979905226040625621e+01 7.576073964352599432e+01 5.575399210721628407e+01 4.161025594506114800e+01 6.161383279111413458e+01 5.787731737680064725e+01 7.788334192702845371e+01 8.703728725624606000e+01 7.142268045280637523e+01 5.148981162672631484e+01 4.000788167018365726e+01 4.762156704740556989e+01
9.635555453094322986e-02 7.910997062058269691e+00 2.239140667279186658e+01 2.491476422337773045e+01 2.647069562514668917e+01 8.353817337660682796e+00 1.178848560883713681e+01 3.218252731716930271e+01 4.160543050272751486e+01 5.582810624452742587e+01 5.440935596125832774e+01 5.664837055429314461e+01 5.840660688192820515e+01 4.426345665340352298e+01 3.511683305970269231e+01 4.219473509892918628e+01 5.113940086538154617e+01 6.268596192246497623e+01 8.268572717109789494e+01 9.700562801105901656e+01 8.575884557904115013e+01 6.465748804234651459e+01 5.876156708978962939e+01 5.558773401026871852e+01 7.457635082284546968e+01 8.803310186640305801e+01 7.976219725360049040e+01 5.975490920322830846e+01 4.560953115545186165e+01 6.561490820002966018e+01 7.788334192702845371e+01 8.616268828412657399e+01 7.887857717123824841e+01 5.902673446001706736e+01 4.751291177355825823e+01 5.987532518871714871e+01 6.753190395417939840e+01
8.845047570523793812e-02 1.583320766193965445e+00 3.082392839486171709e+00 4.594349878526182707e+00 6.124380178745370884e+00 2.647069562383616415e+01 3.218252464217115971e+01 1.695023054234809834e+01 3.725995955733172593e+01 5.085499042596302388e+01 6.276838744678037330e+01 7.105283020766540858e+01 7.254995970897715551e+01 6.340791154159511223e+01 4.667078651851885240e+01 4.161247779819245096e+01 4.977794965890996792e+01 5.872179916620885365e+01 6.872155849965831464e+01 8.872143979866969232e+01 8.575884557904115013e+01 8.488550959453388600e+01 6.655927580511382757e+01 6.257478438378411312e+01 7.457635082284548389e+01 9.419139805264936172e+01 8.194983774215614858e+01 6.194371656089384715e+01 5.163929056148036523e+01 5.630140040035126958e+01 6.785454059708278862e+01 8.786014135233472189e+01 8.172657511291527044e+01 6.162641646197234024e+01 6.161859388363764367e+01 6.161098961335930824e+01 8.143207530103427416e+01
8.023991185656004221e-02 2.008023991185620361e+01 2.337873547442655209e+01 1.898079919363983592e+01 2.053972434216793630e+01 2.053975800357570236e+01 4.078938629435481289e+01 3.725995955733172593e+01 2.237511748881457763e+01 4.256104341094210497e+01 4.275394850804522662e+01 6.276838744678037330e+01 7.845845749169376404e+01 7.495481975975138766e+01 6.667065999680838218e+01 5.161290167486676239e+01 5.161290167486676239e+01 6.315947260774878913e+01 8.315924217313192912e+01 9.700562801105901656e+01 1.063331424662859206e+02 9.394524006237186597e+01 7.737260731596245478e+01 7.608352669021992654e+01 7.608352669021992654e+01 9.583570322086357862e+01 9.022802707351061713e+01 7.164765795593871189e+01 5.871224460554929436e+01 7.045100456905439046e+01 8.459025468811951498e+01 9.613618950715614631e+01 9.051089754684682021e+01 8.179643600794024394e+01 8.162116705859310173e+01 8.143746983179769927e+01 8.951533775678269933e+01
4.598823041778624804e-02 1.418812385414861055e+01 3.418812385373908569e+01 3.924338280406961843e+01 4.078557004797828256e+01 4.078928552147458220e+01 4.909821462890512578e+01 5.085499042596302388e+01 3.408643438258958014e+01 2.853388368618864490e+01 3.860630764825626215e+01 5.017159841752174287e+01 7.017439794876860049e+01 8.683077817193985481e+01 7.989655604640644526e+01 6.575456564207100030e+01 6.315947260774878913e+01 7.989655604644869413e+01 9.144343557562908131e+01 8.695201344773496999e+01 9.532259734636744497e+01 1.053786653963020115e+02 9.710779795192927111e+01 9.583570322086357862e+01 9.583570322086357862e+01 1.041031224503022514e+02 9.992392049538429433e+01 8.700202980765845950e+01 6.766244624649934281e+01 8.700202980765845950e+01 9.872950480718455424e+01 1.036682162063727475e+02 9.359432515683232623e+01 8.521029309938607810e+01 8.611319639009082039e+01 9.449700902339752417e+01 8.500864043485282195e+01
7.340434288523949025e-02 1.421553996661631558e+01 3.421553996661702257e+01 4.612982925465953343e+01 5.071814393207068861e+01 5.071814393207069571e+01 5.900241517953229931e+01 6.242358284054328266e+01 5.413757463081261534e+01 3.860630764825626215e+01 3.803332591841158461e+01 4.699595967197357993e+01 5.854665106436072364e+01 7.854684060770689769e+01 8.190476474869745971e+01 8.575436014904934723e+01 8.315924217313192912e+01 9.144343557562908131e+01 8.370341792570704342e+01 6.686153653590214674e+01 8.057625389120009629e+01 8.893628931146608352e+01 1.015054946915487335e+02 9.324867318024377028e+01 9.739432983828085355e+01 8.925330016209449013e+01 9.706054102238579162e+01 9.594610943138866332e+01 8.181337907908117302e+01 9.594610943138866332e+01 1.096138165316286290e+02 8.937830617767960462e+01 7.517494951011470050e+01 6.518053675845203543e+01 6.603707953264267871e+01 8.287829146207477038e+01 7.675271235778292578e+01
3.515918393995972474e-02 2.003515918393960504e+01 2.781740534978773027e+01 2.612982925466024753e+01 3.071814393207140270e+01 3.071814393207140625e+01 5.071814393207069571e+01 6.196951727507755692e+01 6.691039563213344366e+01 5.276723932360060587e+01 5.219519368731257458e+01 6.633842107745243766e+01 7.528383163302481762e+01 7.607374696423825355e+01 6.192865240234483082e+01 7.607374696424471949e+01 7.774809034503920202e+01 8.605659950986735396e+01 7.471430111315815736e+01 5.527733464473986658e+01 6.049231291485021700e+01 8.057625389120009629e+01 8.996586395441026696e+01 7.323928756571426391e+01 8.029045499823122611e+01 6.924961249816200848e+01 8.285125362846433461e+01 1.014422885886090882e+02 1.018086425391991128e+02 9.989680011980698282e+01 9.140553747400052487e+01 9.128451285648061742e+01 8.284439479522927741e+01 7.452224491816075158e+01 5.444103229927202392e+01 6.664765981741568623e+01 7.500126205148438885e+01
4.608085242692564615e-02 3.895082647024423306e+00 7.817405349788087321e+00 1.198769363092954698e+01 1.657600830834070393e+01 2.474097411761782084e+01 3.368524602761666387e+01 4.782738165134711750e+01 6.782738165134570352e+01 7.276953556996006967e+01 7.219762309758736762e+01 6.872071941250835891e+01 7.706146930130893224e+01 6.714731511140381315e+01 4.784589093113530822e+01 6.714731511140321629e+01 5.778308773058218151e+01 7.451398666056468301e+01 6.637476303387276744e+01 4.630547554936234178e+01 6.049229157683786440e+01 8.057545860344585265e+01 8.102086405240777367e+01 6.167929059427075345e+01 6.029228211589306596e+01 8.026350474258535428e+01 8.345598787473959135e+01 1.032729907600108987e+02 1.048099550712838521e+02 9.140553747400052487e+01 7.110782924869442922e+01 7.705289034534067127e+01 6.269173214221344637e+01 7.961128422274919103e+01 6.664765874515610733e+01 4.640430210672609945e+01 6.664765981741568623e+01
1.610643649003322755e-02 2.001610643648967880e+01 2.781740534978773027e+01 3.198769363092918994e+01 3.071814393207140270e+01 3.071814393207140625e+01 5.071814393207069571e+01 6.196951727507755692e+01 6.586580818386269698e+01 7.415008170976868485e+01 6.546241881799669216e+01 4.864971411641126764e+01 6.546241881799669216e+01 5.886493020920428876e+01 3.888844158621816405e+01 5.469978693647372125e+01 4.626546079376949905e+01 6.622129071121088373e+01 6.101061476985874066e+01 4.095006242845025923e+01 5.513015385325737583e+01 7.520717687488588865e+01 7.274439306558372209e+01 5.271629860341731444e+01 7.274439306558372209e+01 8.856691742986858173e+01 1.033760933833837470e+02 1.113467960959960124e+02 9.604497159718187049e+01 7.517432282311584402e+01 6.509456904199494431e+01 5.690512591662916009e+01 5.105087767366372020e+01 6.427260473535710616e+01 6.020184665505746580e+01 4.144046732767795760e+01 5.524770578380147867e+01
2.022278438842990689e-02 2.002022278438807490e+01 3.542176020132175296e+01 4.436603341769981057e+01 5.071814393207068861e+01 5.071814393207069571e+01 5.900241517953229931e+01 6.258448011035135750e+01 4.582025922287922270e+01 6.258448011035135750e+01 5.713271910190028535e+01 3.712654224676442993e+01 5.713271910190028535e+01 5.220610066820889017e+01 3.199807550150510238e+01 3.456234262039591698e+01 4.885367334260073591e+01 6.881355366197550438e+01 5.628220252212422281e+01 3.623249908800847408e+01 5.628220252212422281e+01 7.185152166523813833e+01 6.856824668266334299e+01 4.856223737149339570e+01 6.856824668266334299e+01 8.206617951700384594e+01 8.946439755004857375e+01 9.758757167892456152e+01 1.045772293843530036e+02 9.401250633937083023e+01 8.253078675295240885e+01 6.243918288343500933e+01 5.236884629172882200e+01 4.396208616812362635e+01 3.969722134454426055e+01 3.708597894346548429e+01 3.456397845029797367e+01
6.642187732006160639e-02 7.137489689185567698e+00 1.608176159918488324e+01 3.022389722291608649e+01 5.022389722779062282e+01 5.842505518436031764e+01 5.870343992202651862e+01 5.429250509518502810e+01 3.426455763022646295e+01 5.429250509518502810e+01 5.005946744195831144e+01 3.006894099323906744e+01 4.850820031873825400e+01 4.011078250924410327e+01 2.489182658190268427e+01 4.611315182893473263e+01 6.298157415638335976e+01 5.729392590250176198e+01 4.898393498345614461e+01 3.186820715952253380e+01 5.190597772478635363e+01 5.180383135231030423e+01 6.019768793692474418e+01 4.473145985053111673e+01 6.464473913471414335e+01 6.221941732591237439e+01 6.975753789390961401e+01 8.114506535965399792e+01 1.004548299345804310e+02 1.028088920725367217e+02 8.253078675295240885e+01 8.086792064981815997e+01 6.473402560079379953e+01 4.445416122104202827e+01 6.020186682247890531e+01 5.771426591244842541e+01 4.318469376911569668e+01
1.591255364720534082e-02 2.001591255364684940e+01 3.542176104331769437e+01 4.436603305000800646e+01 5.255231407804996735e+01 3.839325610261087007e+01 3.867567884402036782e+01 3.867567884402036782e+01 2.719314914443579312e+01 4.721155636232494146e+01 4.373790792157930696e+01 2.374978768312796973e+01 3.561040228487055970e+01 1.746410611517915612e+01 4.011061711652299522e+01 5.440151268610384250e+01 5.443254562749901027e+01 4.612371409223715091e+01 2.895179647671099588e+01 4.897025825085356132e+01 3.522441140586956010e+01 3.763230609001218596e+01 4.050647020227590644e+01 6.019767754636983170e+01 5.279971547763097561e+01 6.692477800676003596e+01 8.684875873870336704e+01 9.758757167892456152e+01 1.084126023830051082e+02 1.030389444893806967e+02 9.293699446002868569e+01 8.453537862695812066e+01 6.800148552213981645e+01 4.784743641981194884e+01 6.800148552213981645e+01 7.193924678222599312e+01 5.349652469177086545e+01
6.189296070378335485e-02 2.005831403420022241e+01 2.902432117099698772e+01 4.916176065102699511e+01 4.426042966763999686e+01 2.424407013047600046e+01 3.160097744634946793e+01 1.866540151136821279e+01 3.867567884402036782e+01 5.550449949032010011e+01 4.179579358665904465e+01 3.203019756885352365e+01 1.558763528718396607e+01 1.691625637696945716e+01 3.687050812828021407e+01 4.709347474994967087e+01 4.339930304096595393e+01 2.609568385457069439e+01 3.365502903589253236e+01 5.370209613911917046e+01 5.526451045981051635e+01 5.767566389783902991e+01 4.168789133245357448e+01 4.670147333252383959e+01 5.243114865760194476e+01 5.921521997245248059e+01 7.927453228884205316e+01 8.998249082367792084e+01 1.099771308208993901e+02 9.460444224038492678e+01 7.446631501353107296e+01 6.449137737158517325e+01 5.740807116210168459e+01 5.187510871641333665e+01 7.193144348130269350e+01 8.202590642234956420e+01 6.774541361178150112e+01
2.247884206357958492e-02 8.967249078935211060e+00 2.902833507404445967e+01 4.458909161416735145e+01 3.353271654254577783e+01 2.582683053266141116e+01 1.159413608703909837e+01 3.160097744615811521e+01 4.356326238857337074e+01 4.048266065677289305e+01 3.216947164402918702e+01 1.385047854975052140e+01 3.387027310517422762e+01 3.688058061492647965e+01 1.879457351513600472e+01 3.879105412877047598e+01 2.337646274312011840e+01 4.339954244611205070e+01 5.370449797539697556e+01 4.782373443025436188e+01 6.790490694177603359e+01 7.646497344639428206e+01 5.853415100614606814e+01 5.833290106062570146e+01 7.258806845940948449e+01 7.258809485004547923e+01 6.994973474910891298e+01 8.411922101522164041e+01 1.041376763151056792e+02 1.030389444893806967e+02 9.293699446002868569e+01 7.949211182163826095e+01 5.948533828820986713e+01 5.899802104257549473e+01 7.193144348129989396e+01 9.204065091579290936e+01 8.788233508996847831e+01
