LEM/with_lateral_4open/elevation_000224.asc
nrows	100
cellsize	150.0
xllcorner	0
ncols	100
yllcorner	0
NODATA_value	-9999
[rows 34 to 50 of 100, columns 37 to 73 of 100]
5.207927404774723357e+01 4.642164369225942977e+01 5.031465758615720318e+01 7.008574117496200984e+01 8.415995014632754589e+01 8.046394560586077205e+01 1.006052844384139604e+02 1.020868261198998255e+02 8.186751314940387658e+01 6.812253948143269611e+01 7.388286805499539867e+01 6.858074009658713521e+01 5.786357237329294634e+01 3.833302308169864148e+01 5.786357575175294699e+01 6.655193943131499168e+01 6.331925649669737766e+01 5.512907970541417058e+01 3.826660500256028286e+01 5.763833006019296334e+01 6.245298864003125061e+01 4.862540287174893194e+01 6.819559587882892515e+01 7.855795164152074506e+01 8.685607183140908205e+01 9.577546830798802091e+01 9.770527977619725846e+01 1.060974470688832696e+02 9.741806454343009136e+01 8.741237827895501766e+01 7.325991043171137562e+01 6.337993743400576818e+01 8.336929598065844971e+01 7.928345760047791657e+01 5.964141707423668493e+01 5.964141707423668493e+01 7.616092759153043801e+01
6.289013149723199803e+01 4.933938531517800641e+01 6.900689439481848808e+01 5.791416336614465621e+01 7.793883104232492087e+01 9.483492662398113282e+01 1.089257601438717131e+02 9.413188620757131275e+01 7.409628843318675706e+01 6.315205398506539325e+01 5.481635707507233235e+01 4.952585447040330280e+01 4.466981235246430515e+01 3.991189606894006658e+01 5.943927377398354395e+01 7.055067079728139845e+01 8.031407357455519502e+01 6.601422048891235761e+01 5.782616799114790496e+01 4.108163078914557786e+01 4.321431723402045577e+01 4.585785224700170204e+01 6.537622427804345193e+01 7.304629942018107158e+01 7.706224267280008178e+01 8.128329889576200173e+01 7.759254291479351195e+01 9.464705156780978257e+01 1.036671626042389960e+02 1.015648461261986881e+02 9.044251807466179116e+01 7.043642484462876041e+01 9.044251807466179116e+01 8.755770401568321404e+01 7.087330995566389902e+01 7.928345760047572810e+01 8.755770400852894397e+01
6.532275138027073069e+01 5.506796414920628990e+01 5.520730963673918268e+01 7.515516984800527212e+01 6.639691067091513332e+01 8.651885837027028003e+01 1.055849240887830121e+02 1.025640469552109408e+02 9.094213320525368260e+01 8.215413853603934058e+01 7.388289537552634556e+01 6.858077672383291201e+01 6.212257327281388086e+01 4.272227734368993168e+01 4.287723538901528286e+01 5.259907354412193570e+01 7.214645803226869702e+01 6.896524407334499074e+01 4.939889510267730799e+01 6.062212884760229770e+01 5.697558700017281552e+01 6.537622427804345193e+01 4.967675098427631042e+01 5.346596565233855358e+01 5.738821906302066367e+01 6.148479026448053730e+01 6.632364289047822581e+01 7.514306698150086561e+01 8.671650218529015319e+01 1.069581002968753438e+02 9.874192536033261547e+01 8.198609552848317605e+01 9.874192536033261547e+01 9.906823327260140388e+01 9.077193293287518827e+01 9.645659686882768824e+01 8.813511097031481256e+01
6.439855012822872027e+01 7.503873850287843084e+01 5.969835310279688656e+01 7.972866161589836054e+01 8.651885837027028003e+01 7.714310420235143795e+01 9.140074142876727592e+01 1.114919903839450654e+02 1.003462591976548026e+02 8.034579639009390917e+01 7.874318866741099043e+01 6.628965272876713755e+01 4.680496873569382643e+01 6.222681527067655338e+01 4.504563693167334293e+01 6.450843823363209140e+01 8.020059493493762659e+01 7.551808464842025614e+01 5.585956990228032737e+01 7.551808464842025614e+01 7.667233995926041246e+01 7.748580253531142148e+01 6.920628003691601293e+01 5.536529093430639392e+01 7.499466735081895763e+01 8.128329889576200173e+01 8.626985089752329827e+01 7.619997098089925203e+01 9.633973081414737294e+01 1.153613884539518750e+02 1.103017379876896484e+02 1.019942060978772105e+02 1.025298673693062170e+02 9.420057527973047229e+01 8.752004462874043611e+01 8.174159184321688087e+01 6.812649834549252148e+01
7.882444781668962719e+01 8.400417793182914750e+01 6.451871586270421233e+01 8.460932378460157111e+01 1.023723287300931446e+02 9.140074142876727592e+01 1.055849240887857690e+02 1.039798890488640382e+02 9.240907617588084122e+01 8.034579634799614212e+01 6.064461110592562676e+01 5.099486601279966891e+01 6.628965272876713755e+01 6.670959868259306802e+01 4.723523319345298432e+01 6.670648290144036707e+01 7.809273571556208537e+01 8.381558594521925443e+01 7.551808464842025614e+01 6.968216833851830927e+01 8.960723295265970023e+01 8.910326068413041867e+01 6.915069664615452893e+01 6.218606429218033327e+01 6.449210500836727533e+01 7.846787992171691428e+01 9.858795496279749671e+01 9.040732473670909997e+01 9.040732473670909997e+01 1.106618260238035560e+02 1.184543886709476794e+02 9.834498354443935852e+01 8.416625861909489004e+01 7.415898332676933080e+01 6.750289701243634966e+01 6.176466251739212510e+01 5.668018506037845583e+01
9.979230909362843249e+01 9.275289782270539263e+01 7.455649880768685023e+01 7.398067325752610657e+01 9.408801610310064234e+01 1.114919903839450654e+02 1.072130557867206164e+02 9.565312845456379875e+01 7.563730160082829457e+01 6.429861797769098075e+01 5.566768901138543413e+01 6.470226471241205957e+01 7.874318864262697559e+01 7.494365585091587434e+01 6.670959867558991618e+01 5.041212835715926843e+01 6.989033080097158290e+01 7.880955681763859388e+01 8.712431853603111165e+01 8.960723295265970023e+01 9.794947896933808806e+01 9.747606828687131042e+01 8.910326068413053235e+01 6.955765637968805493e+01 8.436091349338961720e+01 7.697091916210671059e+01 9.707731437322846091e+01 1.106618260238035560e+02 1.106618260238035560e+02 1.190648651678553875e+02 1.209164764365163620e+02 1.125732584903825995e+02 1.025298673693062170e+02 9.420057527973047229e+01 8.752004462871410340e+01 8.174159184639158582e+01 7.012897722668465406e+01
1.033846733291514397e+02 1.029454554482457951e+02 8.878892655810490453e+01 8.821389463405806453e+01 8.821389463405806453e+01 1.082693998206900829e+02 9.888389996157475537e+01 7.880439323346834612e+01 6.892095241502670433e+01 6.099664358237848205e+01 7.524288646211839193e+01 8.351978325124896685e+01 9.278412995846161948e+01 8.555612733941006809e+01 7.286549085503386891e+01 5.335673442860128546e+01 5.546714403684620720e+01 5.915514169542292677e+01 7.880959184696601483e+01 9.186528927078293805e+01 1.002244628244017974e+02 1.103034294050692949e+02 9.794180454836086369e+01 7.947782740777159916e+01 9.794180454836086369e+01 9.115033499654678906e+01 1.054685483361190279e+02 1.132348870575110311e+02 1.215351601484415909e+02 1.150512329210753961e+02 1.009031762806570356e+02 1.150512329210753961e+02 1.066703477532945925e+02 8.657017790689710068e+01 7.241206973020710791e+01 6.349817442325221606e+01 5.651812155573466612e+01
8.352174007369457343e+01 1.033846733291514397e+02 1.088413614598224939e+02 1.082693998206900829e+02 1.082693998206900829e+02 1.165307628261283668e+02 1.072130557867206164e+02 9.716907681879813197e+01 8.526290864339307518e+01 6.541957910570241097e+01 7.678673468985886075e+01 9.684157759069145754e+01 9.135141670114627743e+01 7.140891728789976867e+01 5.764214577140297280e+01 7.286549085560255890e+01 7.502713355322815403e+01 7.880959184696601483e+01 6.495624443969467166e+01 7.185203989190016216e+01 8.179580693889901966e+01 1.019347716026669275e+02 1.080400889648931724e+02 9.964249489505759527e+01 1.080400889648931724e+02 1.113863083722438745e+02 1.099486061076650287e+02 9.315401487135662251e+01 1.099486061076650287e+02 1.067649361823864496e+02 8.679183108930867263e+01 1.067649361823864496e+02 1.125744864999009849e+02 9.245738134927015039e+01 8.349284546579968946e+01 8.245024767509856645e+01 6.246232329932053773e+01
8.716665623887526237e+01 9.670535724361660357e+01 9.888177434091106477e+01 1.071415081898767454e+02 1.135917451480692222e+02 1.211228323274889362e+02 1.069043305326681264e+02 8.677882464896572401e+01 7.524095299365113476e+01 7.418826296373036655e+01 9.358330589817903444e+01 1.051712258420301822e+02 9.886564690731975702e+01 8.235226017871308102e+01 6.259105960126128565e+01 6.356677835249035269e+01 8.335735260738368879e+01 9.033245888842303373e+01 7.034711205442863502e+01 9.033245888842303373e+01 1.002244628244017974e+02 1.103034294050692949e+02 1.076186339217082661e+02 1.028169089815588677e+02 1.111268127146765465e+02 1.128802055437353715e+02 1.016411900952721368e+02 8.146034443709810091e+01 1.016411900952721368e+02 9.921581204152344924e+01 7.928505450566456147e+01 9.257222619623719595e+01 1.125479385851283780e+02 1.119235580885550121e+02 9.663580318208134656e+01 7.657439820263762442e+01 7.397551840727309980e+01
7.829824013828954321e+01 7.683499806235724350e+01 7.900798282969881825e+01 9.369970206080151343e+01 9.369970206080151343e+01 1.011974485487974533e+02 1.152303642150538394e+02 1.036150718261335300e+02 8.677882464896572401e+01 8.571636113949487878e+01 1.025530341260107008e+02 1.047483702954812372e+02 8.461136504135836844e+01 7.052863153065821678e+01 8.235226017871308102e+01 6.800166147584738496e+01 8.792901950536020195e+01 9.868717100766181716e+01 7.920689744098827134e+01 8.443359685508070811e+01 1.045787640991183736e+02 1.076186339217082661e+02 8.747345448464118078e+01 8.264415456552833916e+01 9.949881621742014204e+01 1.045704706695533019e+02 8.440306287750998138e+01 7.426023056591562010e+01 9.450618368778522438e+01 9.257222619623719595e+01 7.269916507184402121e+01 9.257222619623719595e+01 1.069989004809226145e+02 1.101106037266440865e+02 1.049777203395575640e+02 9.663580318284613213e+01 9.402694316581751366e+01
5.825845753398112237e+01 6.269020677984308065e+01 6.807987481365553606e+01 7.385498271441595364e+01 8.136027594815224973e+01 9.536869607670969629e+01 1.152693018186272980e+02 1.152303642150538394e+02 1.069043305326681264e+02 1.058420667660363392e+02 1.141686202799265715e+02 1.012685921108810589e+02 8.113990695924802310e+01 9.050935732750188834e+01 9.279279184917666612e+01 7.274156097622410755e+01 9.278054431808023139e+01 1.074654695123795136e+02 9.081035473377501432e+01 1.045785762519099791e+02 1.129721967326548366e+02 1.054229010329241589e+02 8.526648672186328781e+01 7.098220087511893439e+01 8.256198747909613189e+01 8.946114845422678741e+01 8.810385116117474524e+01 6.793136643138420538e+01 8.810385116117474524e+01 8.726092719953031462e+01 6.745907572551294606e+01 7.881761980787307209e+01 9.014883789941397652e+01 9.014883789941399073e+01 1.054684715762141565e+02 1.154580611991245718e+02 1.075225967142636989e+02
7.829824013828954321e+01 8.265489152193575251e+01 8.797102503248731864e+01 9.369970206080151343e+01 1.011974485487974391e+02 1.094611060556849083e+02 1.075508190986119388e+02 1.158320048230374937e+02 1.182625882007646538e+02 1.096367303062530709e+02 1.182625882007646538e+02 1.096362535306815857e+02 9.118674967863546499e+01 1.035699653842858936e+02 8.340771990119294799e+01 8.427101777061737664e+01 8.688720660734841772e+01 1.070559756029252867e+02 1.109718647331233115e+02 1.193375087091299775e+02 1.160538501917364300e+02 1.080876971777739612e+02 9.949881621742014204e+01 8.256198747909613189e+01 6.265709505225186149e+01 6.942541918390520550e+01 7.659270037199823378e+01 6.312492383905889426e+01 8.306072997872709607e+01 8.231046433102599735e+01 6.259520175107558515e+01 6.489459075334129068e+01 7.031203418528782834e+01 7.727799753825512141e+01 8.720323494460180314e+01 1.071730335276373012e+02 9.915827517169070404e+01
7.953699901158853436e+01 8.657880825458576624e+01 8.657880825458578045e+01 1.064384527646401182e+02 1.095222588617132828e+02 1.012551692664250425e+02 8.770650092379766249e+01 1.043498159377381143e+02 1.077521683864926700e+02 8.853463170560799256e+01 1.077521683864926700e+02 1.197266222428648206e+02 1.054455388390273072e+02 1.119404659955817891e+02 9.348451324374391902e+01 9.852659559024712621e+01 1.070596413260526987e+02 1.154534979273859392e+02 1.118679736953371844e+02 1.060237928788315003e+02 1.050363357408837715e+02 8.906656155340738223e+01 9.957428399416420461e+01 9.090073317858200141e+01 7.529374842116457955e+01 5.587656461367124194e+01 5.708143103248536931e+01 7.659270037199823378e+01 9.139944852172581591e+01 7.766353237664054632e+01 5.803451764478185737e+01 7.766353237664054632e+01 9.014883789941397652e+01 9.718813423611955216e+01 1.054684715762141565e+02 1.154580611991245718e+02 1.075225967142636989e+02
5.952100105979437927e+01 6.666156398440406861e+01 8.076457974016491903e+01 1.006155975888368062e+02 1.012551692664250425e+02 8.142358344237263168e+01 7.627860986526894749e+01 9.547292115204295726e+01 9.908568100593059569e+01 7.839273146080398647e+01 9.908568100593059569e+01 1.115651248593268861e+02 1.256061138363618568e+02 1.220343617281776147e+02 1.077499747568337938e+02 1.186948596416676480e+02 1.138850222754494155e+02 1.056101740487428344e+02 9.197088956005480043e+01 8.614998641620667286e+01 9.710583940369689060e+01 7.793662914497377869e+01 8.043178154187658890e+01 9.017908694297909733e+01 7.083914094824983465e+01 5.161623881504576161e+01 7.083914094826863561e+01 8.491282769509015793e+01 8.842423199331413741e+01 6.864265142789626850e+01 5.485309987392436426e+01 7.443654223292099914e+01 8.984150650970427421e+01 9.810558284484223179e+01 1.084778277513529048e+02 1.001873746421640305e+02 1.031126853288217688e+02
7.953699901158853436e+01 8.657880825458576624e+01 9.481142802655084267e+01 1.028064047746455856e+02 9.461791235858993332e+01 8.723212044855259251e+01 6.735761998903376480e+01 8.723212044721448422e+01 9.214639355288991851e+01 7.177921826103083447e+01 8.221813627180772244e+01 1.029385986153981349e+02 1.136540925985074466e+02 1.218726747011095739e+02 1.279124175471369682e+02 1.171145086633826367e+02 9.718853941793510387e+01 8.573758974047068193e+01 7.874447967719076757e+01 7.217734152967433658e+01 8.448962642786119659e+01 8.603849070126979370e+01 6.670724275304914386e+01 7.739102305427908846e+01 6.220168240060162645e+01 4.873840634366639080e+01 6.432860456059286491e+01 7.247639206356407726e+01 8.385072424944640090e+01 7.137812236898788854e+01 5.181486285057619057e+01 7.137812236898788854e+01 7.004539415429046301e+01 8.984150650970427421e+01 9.696460738494285181e+01 8.027631255742902283e+01 8.318281693476372141e+01
8.406929563143265227e+01 1.039609958716952463e+02 1.065346342097560211e+02 9.461791235858993332e+01 7.483575740939078003e+01 8.062981644362308487e+01 6.174804451608240896e+01 7.896827221818359988e+01 8.161304068389890176e+01 6.574452555194551451e+01 8.591116578573179652e+01 9.765062908383100648e+01 9.430631874635774636e+01 1.127483727171337904e+02 1.209385935843311870e+02 1.254056753701261187e+02 1.138850278206517004e+02 1.056101740487428344e+02 9.851218252166381717e+01 7.868129351467051436e+01 6.478352836456612351e+01 7.792092357631165100e+01 7.516879793426602419e+01 5.802071956675911224e+01 5.242041231132599677e+01 4.698730679024578905e+01 4.471784448024842362e+01 5.612087753038505156e+01 7.000044545381538796e+01 6.842884693912866112e+01 4.885839612184676639e+01 5.622611180254767049e+01 7.004539415429046301e+01 8.984150650970428842e+01 8.808824895158137736e+01 6.889509740747685385e+01 7.177894035477939383e+01
9.814864012364263601e+01 1.027641141229501898e+02 9.246160936444363188e+01 7.838858451913120007e+01 8.062981644324615615e+01 6.065814644109998000e+01 5.629186229119139284e+01 5.893790485789519096e+01 6.164547378700108027e+01 7.865323295488762767e+01 7.067784659416030024e+01 7.897275944989287666e+01 9.785670139966434533e+01 9.366217124897968915e+01 1.070176496959420120e+02 1.265834111676422964e+02 1.153050140935107066e+02 1.053514210311606547e+02 9.709158954236534100e+01 8.959562777441590242e+01 7.792092357657939772e+01 5.832744387259139529e+01 5.565183921598188732e+01 5.306226481589098398e+01 5.052170822119138904e+01 6.655900069824795651e+01 6.187725531591778605e+01 4.221271203233771985e+01 6.182231674570310531e+01 6.206888105199996630e+01 4.614015311166718902e+01 5.743694204531553282e+01 7.708370263914977727e+01 9.253490950505511137e+01 7.983839989815038507e+01 6.016274961835754453e+01 6.302485047077299640e+01
