LEM/with_lateral_4open/elevation_000531.asc
nrows	100
cellsize	150.0
xllcorner	0
ncols	100
yllcorner	0
NODATA_value	-9999
[rows 51 to 67 of 100, columns 0 to 36 of 100]
6.455108993161302877e-02 6.632354300208626041e-01 1.262188178256341775e+00 1.861948322160409619e+00 2.462519135698614914e+00 2.254069872135414343e+01 3.169524104055884450e+01 2.545514170093074213e+01 3.990188271599046033e+01 4.761351011048721915e+01 2.755512841920768707e+01 4.761351011055940319e+01 6.271242687066396826e+01 6.360373329745230819e+01 5.584567095149838423e+01 4.313720115274138323e+01 2.303404474625423859e+01 3.365697394765982864e+01 1.465866570621340337e+01 3.480454196272057033e+01 3.888564408955907936e+01 2.324031011652609280e+01 4.325874514843282270e+01 4.625076867279975801e+01 6.036847357394153590e+01 6.997968109140272475e+01 6.219026124630779861e+01 5.485623352185673696e+01 7.005195350726565096e+01 6.290436485497766483e+01 4.317423262442650866e+01 6.290776881843716239e+01 7.757830037925481292e+01 6.594493933023554177e+01 4.589284346676677728e+01 5.807986804056901065e+01 5.952767628900519981e+01
3.995603441288197999e-02 2.003995603441252626e+01 2.133570681410045822e+01 2.193759450831672808e+01 2.252819316300229957e+01 3.322386296486772306e+00 2.340204322239022261e+01 1.245556841177161189e+01 3.103621453271536623e+01 4.343147628328652132e+01 2.330590728609069018e+01 3.773968680572080103e+01 4.579696449631238409e+01 4.542563125361387932e+01 3.601807956368556773e+01 4.025870872139325485e+01 3.252794741475774032e+01 1.351969925621579272e+01 3.366028616810301344e+01 4.309607074106821756e+01 5.030699763370471089e+01 3.037150190351175993e+01 2.837964595480485741e+01 3.218059831902959900e+01 5.210694833395945835e+01 6.643487186117496890e+01 7.537756981259236966e+01 7.273964541415716667e+01 8.024006051266498218e+01 6.860811771397904124e+01 4.886152989808375935e+01 6.860811771397904124e+01 7.540990960792443332e+01 5.533167509885554125e+01 6.594493933023554177e+01 7.428318982660539405e+01 6.993065369363822015e+01
4.804567899273937126e-02 1.159505106073214975e+01 3.159502303445370330e+01 3.760186666319673776e+01 1.743031788387178693e+01 7.370753274671539401e+00 4.185762957939710205e+00 4.798987533414677209e+00 2.488424533251891546e+01 3.406360824563061129e+01 3.773968680571130818e+01 1.714740437238215520e+01 3.737848324427093161e+01 9.672370559016119529e+00 3.056506660340739145e+01 2.057198540331968317e+01 1.237950361428528723e+01 3.253082138293429182e+01 2.778034161445146921e+01 4.785675169261009643e+01 5.858467677744154400e+01 3.928876505906243466e+01 4.248777183865924911e+01 5.210699994224825105e+01 3.818327431981236231e+01 4.706414673504156099e+01 5.868204112508684034e+01 7.306075229933318838e+01 9.321283785243208797e+01 7.522251204583444917e+01 5.537932905026858066e+01 7.522251204583444917e+01 8.301244456837666519e+01 6.289802772934592667e+01 8.301244456837666519e+01 8.608678361633820941e+01 6.596273034849706107e+01
9.707512844716031930e-02 2.009707512844680366e+01 3.987868941539828427e+01 4.594571972115216596e+01 3.698521661784191394e+01 2.940552601469133975e+01 1.071223995427766340e+01 2.485260524808053262e+01 5.668580906480410242e+00 2.575924163360356545e+01 3.408697468900746230e+01 1.453152187023971820e+01 9.424436254796587420e+00 1.056382401319760866e+01 1.035459468710231867e+01 1.119182287367744699e+01 3.139985914932248789e+01 4.082116293687505504e+01 4.785675062230067311e+01 5.614123425868370276e+01 6.751054853211070395e+01 5.076835730486110521e+01 6.245097726644539193e+01 5.813521768248096322e+01 5.813521768248096322e+01 4.627757658022287046e+01 5.626395280818915268e+01 6.788364951834645922e+01 8.795690867906240840e+01 8.357326425919363544e+01 6.518483125545455437e+01 8.357326425961176142e+01 9.136778438710783234e+01 7.710238581760599175e+01 9.136778438710783234e+01 8.133310405893034556e+01 6.123135302500493538e+01
5.001202446392439237e-03 2.000500120244603863e+01 3.589635834987648622e+01 4.484063208458120187e+01 5.638764204068984043e+01 3.782273595947183509e+01 1.769577049102040078e+01 3.402027678256911969e+01 2.553759307772692821e+01 6.538824466302155969e+00 2.663615312582409445e+01 2.798924065190058741e+01 8.925935144821744771e+00 2.841835009640031728e+01 3.051061747743762353e+01 1.205421296630749950e+01 3.201418593204762431e+01 4.191750827719064887e+01 4.687078276842307645e+01 5.514441431598123700e+01 6.668711844416020540e+01 7.076776321788199198e+01 7.906095191413315604e+01 7.819157734015779226e+01 7.461902460682378546e+01 6.043142758952691906e+01 6.043142758952691906e+01 8.052186323689700487e+01 9.623016195622049906e+01 9.363023221625526560e+01 8.526019283621459977e+01 9.363023221769026350e+01 9.985179296999565679e+01 9.728058855890876089e+01 9.559528534786248599e+01 7.542551514003091029e+01 7.542551514003091029e+01
5.279685921607564503e-02 7.612086319400653167e+00 1.655635822939996871e+01 2.810336361319268761e+01 4.810336365747399157e+01 4.623935080311425594e+01 2.772544787015582202e+01 4.598034311678249253e+01 3.107136900143671454e+01 1.143782403830944538e+01 7.413086036080497543e+00 8.031834753147075290e+00 2.814290287143936808e+01 2.857130148551234328e+01 3.982652558197191439e+01 3.201414481169209125e+01 1.369662592126448253e+01 3.362393857331244362e+01 2.679097094086407438e+01 3.841338307820482356e+01 5.842414803819724511e+01 7.287811291413750325e+01 6.462767345826829057e+01 7.287811291413750325e+01 8.283818328264202080e+01 8.052186323689710434e+01 8.052186323689701908e+01 8.880662162400682291e+01 9.365871744251461450e+01 9.950527026217291393e+01 9.292996789887779130e+01 8.468049330645219186e+01 7.994769289417719449e+01 9.402720862845283989e+01 1.039462542483247063e+02 9.559528534786248599e+01 9.559528534786248599e+01
5.738623160518319517e-05 2.000005738623125140e+01 3.240010275894843517e+01 4.068437401426019306e+01 4.962864593263334712e+01 5.636494054214848148e+01 4.198278085998011733e+01 4.209842367825913101e+01 2.155551106067898459e+01 3.112098766196339739e+01 2.751080391800485003e+01 1.099141711195588478e+01 3.052817994182229100e+01 4.352925033676329747e+01 5.448863556413319742e+01 4.192891000387810152e+01 3.363690309426768010e+01 1.527975180278767731e+01 3.527798150503490149e+01 5.059444029735875858e+01 5.861152937480167679e+01 5.464251525630949402e+01 4.465673498799296937e+01 5.465219713986439842e+01 6.876706166002790610e+01 8.868880423189861517e+01 9.300617975087104128e+01 8.782409438960067405e+01 7.371528576548305978e+01 7.955658166355507888e+01 8.142352253738737033e+01 6.474504801001201315e+01 6.584450976105702580e+01 8.577746883296879332e+01 9.477918410861308018e+01 1.047391589426523808e+02 9.702612800748997302e+01
4.532054705376769438e-02 6.075547438609066653e+00 1.240010275894588077e+01 2.134437466894519631e+01 3.548651029267664825e+01 5.548651029269802848e+01 6.226294926457899237e+01 5.038501603329841316e+01 3.357863368844531493e+01 5.037141477559712399e+01 3.764007498329576862e+01 1.756031310069478124e+01 1.584285960073887445e+01 3.603031694102553217e+01 5.030949052497676632e+01 4.965558129290734968e+01 3.044763709771276439e+01 1.639443775414993354e+01 3.645826817708842071e+01 3.098621741568468835e+01 4.751797329525961544e+01 3.464373135286104599e+01 5.464251366154355338e+01 6.840511466548663577e+01 6.828508766961934384e+01 7.663434393601249894e+01 7.302360911288985790e+01 7.669693750525084397e+01 5.959626322160678313e+01 6.803248643798556827e+01 6.685647801028950710e+01 5.320337838145785980e+01 5.952978114020080369e+01 6.659666231168064598e+01 7.657294990093093645e+01 9.647846912431451472e+01 9.923735946875963521e+01
9.001595176218035732e-02 2.009001595176025035e+01 3.240010275894792358e+01 4.068437401207594206e+01 4.962864592732127988e+01 5.418104825039033301e+01 6.001038747641894844e+01 6.198059890433775365e+01 5.374088059812469709e+01 5.197801882397694584e+01 3.187453474057589276e+01 3.187453474057589631e+01 3.603031694102553217e+01 2.173156685166085822e+01 4.201014273297990087e+01 5.404066185290119506e+01 4.019810240307114668e+01 2.025462926826331511e+01 1.807286475845530305e+01 1.929076445771192283e+01 3.948673583247799002e+01 2.856418398569877581e+01 4.016626773005637574e+01 6.015026311396815117e+01 4.829229188924286831e+01 6.502847663101532305e+01 5.812736084363522338e+01 5.582300896619383934e+01 5.849353075363251264e+01 4.804075587185640472e+01 4.686505728449466801e+01 6.685647801028950710e+01 7.947933748814310206e+01 8.652537141880132765e+01 9.477672619938745413e+01 1.047360704708432309e+02 1.075926041002156666e+02
5.674351268809080251e-02 2.005674351268773492e+01 2.733870301370868106e+01 3.118764606114290316e+01 3.545156744319187681e+01 3.418222237152378540e+01 4.003660122006570532e+01 5.377772722350496082e+01 6.206433678683118416e+01 6.025920489863002416e+01 5.197801882397694584e+01 5.197801882397695294e+01 3.463125558680694382e+01 2.707029025411065248e+01 4.721026075614603457e+01 4.608354772976362312e+01 2.622175771671929567e+01 4.021854185054400688e+01 3.822687102483730115e+01 3.948660918743053827e+01 2.110553395846417502e+01 4.128517880436793774e+01 4.453019866054201970e+01 4.615903970214539243e+01 3.674238363272031904e+01 5.606783481020593030e+01 6.193684108528020005e+01 3.686921442147407646e+01 3.838009306995117953e+01 4.089118127477586029e+01 4.444049046190866648e+01 6.444615830030335246e+01 6.960596883548929270e+01 8.955513983754620710e+01 9.037872395817419147e+01 9.865079618313346543e+01 1.086267445615180094e+02
9.518805923843161321e-02 3.687294099773922529e+00 7.338777816475014149e+00 1.118777961107248586e+01 1.545179393818465918e+01 2.004010861559562429e+01 2.670677528126214284e+01 3.377784306613331466e+01 4.532484161288699909e+01 6.532519302230839742e+01 6.886046017506220096e+01 4.884505411743376158e+01 5.277044372892451918e+01 3.272291891960993127e+01 5.277044372892451918e+01 5.051138016490968141e+01 3.070951152897957215e+01 5.051138016490968141e+01 5.285409171137512629e+01 3.282846670282566492e+01 4.129013006243437900e+01 2.305534241021919684e+01 2.444658775494051639e+01 2.611540895527107153e+01 2.777423234800418683e+01 4.779288049974945807e+01 5.188043719611805216e+01 3.508890637305802329e+01 5.508185208285177481e+01 6.096437409378204819e+01 6.444705995191532111e+01 4.962458744468877114e+01 6.960634165964150100e+01 7.970421340891931550e+01 7.040802681217350312e+01 8.041039948693510553e+01 9.450367640224359889e+01
9.062254805971975413e-02 2.009062254805936476e+01 2.733870301371517542e+01 2.273478428197726586e+01 3.545156744319187681e+01 3.158711136809568387e+01 4.003974285567480251e+01 5.377798475219181995e+01 6.206433678683118416e+01 7.361288016720902760e+01 7.714184394608479067e+01 6.886046017506220096e+01 5.910401987232381771e+01 3.907549352507685825e+01 5.910401987232381771e+01 5.531973422438061760e+01 3.549438255181448909e+01 5.531973422438061760e+01 6.112144479822324428e+01 4.441105885833398759e+01 5.147521016479392131e+01 4.318953523083447976e+01 4.453092136833606673e+01 2.794139420134615293e+01 4.779208273574146659e+01 3.016988699188906864e+01 3.187787255788904517e+01 5.188043719611805216e+01 6.335358373838067791e+01 7.599316049045282284e+01 7.642008549801472839e+01 5.380532715255007048e+01 5.530529212286338492e+01 5.963825459786851724e+01 6.678279633295937856e+01 7.574951408609433656e+01 8.726134665878349495e+01
3.063233560239582431e-02 1.417276795933347167e+01 3.417276795933417333e+01 4.273446998617522041e+01 5.101719317502155349e+01 5.158625219653604432e+01 5.986671372558158311e+01 6.831582103193399291e+01 6.917887831282135380e+01 6.768585345955345645e+01 7.597010369808025132e+01 7.910445900299997390e+01 5.910401987232381771e+01 4.909529271084680602e+01 6.738750580787549893e+01 6.064775535063678547e+01 4.071212574669284123e+01 6.064775535063678547e+01 7.264990577774233316e+01 6.438749298835953994e+01 7.048800484674532640e+01 6.224123044634463753e+01 5.040059870767169770e+01 3.040459463569325038e+01 5.040059536770593951e+01 4.432790372949033042e+01 5.188043568729231225e+01 3.566666984531928364e+01 5.566432907455923385e+01 5.600119754794875604e+01 7.599315969778412239e+01 8.079294533124934219e+01 7.532546358904860995e+01 7.970421340891931550e+01 7.604096800925940158e+01 8.677113319838186101e+01 1.039633505958932460e+02
5.666595628964066211e-02 1.419880158002071546e+01 3.419880158002141712e+01 4.124372634000112470e+01 4.368711523752563153e+01 4.954497318158249897e+01 5.263138271807547852e+01 6.091543126367032102e+01 4.917887895650225261e+01 4.768585397399522208e+01 6.182798959251244497e+01 8.182798785389927332e+01 7.739184934929431847e+01 6.911274703380070150e+01 7.739184934757309975e+01 6.894108101677211664e+01 4.954142352689803630e+01 5.326624181320784857e+01 7.334956282813669759e+01 7.898543603463299689e+01 6.224123287613269184e+01 4.228102289815648618e+01 3.727847724503428850e+01 3.333197303382463161e+01 5.331044776013769138e+01 6.439060404998295439e+01 6.394055504465085704e+01 4.721674486889280331e+01 3.967031633580089078e+01 5.966978800258399929e+01 6.865966725721983721e+01 7.366321074061337981e+01 7.901110018313538319e+01 8.729592207958195615e+01 9.600378624000362038e+01 1.042827226363428963e+02 1.150074267553208074e+02
2.110006612196471329e-02 2.002110006612160831e+01 2.472802738198884853e+01 2.124372631822437185e+01 2.368711520535522297e+01 2.954497920536314481e+01 3.263138711280038251e+01 5.263138271807547852e+01 3.503674333338791769e+01 5.503674314424149827e+01 6.355212547429055547e+01 7.183637750505023689e+01 6.842184630948808888e+01 7.670609770251276416e+01 8.670608661637353975e+01 7.791294334844130276e+01 6.114889624588214900e+01 6.748576208420011824e+01 8.162229231655044259e+01 7.074444486619195516e+01 5.080264510254519195e+01 6.224123287613269184e+01 5.637332636058729918e+01 3.631956126148695319e+01 4.448207466070051197e+01 6.415663466538170212e+01 7.547837125214940102e+01 6.720394370010768625e+01 5.966978891894520132e+01 4.393336326307272088e+01 4.864648154433911742e+01 5.364903847939113746e+01 5.900113022270414120e+01 7.901110018313538319e+01 9.672229430295199393e+01 1.067174257919819240e+02 1.101081063772804072e+02
9.367352646185668485e-02 2.403074603220364924e+00 4.728027378096760991e+00 7.101590694484477773e+00 9.544979581610602892e+00 1.848925149160960402e+01 3.633973719651054068e+01 3.942580468701741125e+01 2.837007666672148787e+01 4.722219431734703221e+01 4.355212603964624662e+01 5.773139686021705330e+01 4.842184673458957889e+01 5.842184673457740729e+01 7.842184588440017023e+01 8.947842505400372204e+01 8.122242209211786701e+01 8.750603011120206531e+01 8.224428774677653564e+01 6.232597559854480096e+01 7.074444486619195516e+01 7.898543603463299689e+01 5.968150528929321297e+01 3.961107320489284689e+01 5.968150528929321297e+01 5.824626429177760656e+01 7.698049482077337302e+01 7.581306284116237748e+01 5.551927825585502063e+01 6.394251518465341633e+01 5.060052055498724854e+01 7.061351039158691378e+01 7.901110001986768339e+01 6.844317763284189482e+01 7.844692477300480959e+01 9.842434510491962385e+01 1.042542429886626820e+02
3.648181865326004941e-02 2.003648181865290567e+01 2.472802738198884853e+01 2.710159070087168587e+01 2.954497959104676852e+01 1.332462431170290706e+01 1.633973775748059509e+01 1.942580475672248497e+01 2.313971152026358880e+01 2.722219442490229113e+01 3.238617221984533501e+01 3.773139705809363420e+01 4.927840244187925833e+01 6.927840197371449449e+01 8.670608661367448633e+01 8.412879597542847421e+01 9.244839998285151239e+01 1.009374469804142507e+02 9.047876361355092456e+01 7.641630506086100638e+01 9.047876361355092456e+01 7.126352172020955322e+01 5.120288080776500550e+01 4.339446539601067343e+01 6.349294072895789043e+01 7.698049482077337302e+01 8.148230438072526738e+01 8.424401285264919181e+01 6.727401307624259630e+01 7.768795491852924329e+01 5.767840852720647860e+01 6.061099763143381836e+01 8.061602622022778064e+01 8.258364298121482250e+01 9.672229430295199393e+01 1.067174257919819240e+02 9.870369371776671130e+01
