LEM/with_lateral_4open/elevation_000297.asc
nrows	100
cellsize	150.0
xllcorner	0
ncols	100
yllcorner	0
NODATA_value	-9999
[rows 68 to 84 of 100, columns 0 to 36 of 100]
5.009162696260269221e-02 2.005009162696224578e+01 2.772015765400294285e+01 3.245102184139074097e+01 3.747524046338095616e+01 4.305530465789259154e+01 5.150837324400801265e+01 6.060512798140403845e+01 7.246651867374097833e+01 7.810591285458151845e+01 6.976881648572552308e+01 7.810586690532802834e+01 7.772170546396577606e+01 7.512675351660571721e+01 8.338996175581429782e+01 9.493139331223891020e+01 8.824187368250133545e+01 7.638503612555905420e+01 5.652806799116835634e+01 7.638503612555905420e+01 6.871366522933629994e+01 7.180473910798360748e+01 5.794420050410628420e+01 3.761980076057765388e+01 3.880344671993168504e+01 4.682642641779461457e+01 5.891086770254422333e+01 8.340724774835044286e+01 8.913180561021090398e+01 7.171758752456696584e+01 7.296976007062974645e+01 9.225204296264644199e+01 1.079473138872688196e+02 9.968710143816038283e+01 1.079473138872688196e+02 9.283615699563135593e+01 7.297618708117614972e+01
4.695337527364121244e-02 3.826598104227801223e+00 7.675599880865372704e+00 1.238964514490023383e+01 1.738965201088711865e+01 2.293676751772607503e+01 3.188643523361004384e+01 4.348357254347487100e+01 6.387068688463595123e+01 6.806679471558530281e+01 4.971131997809789027e+01 6.627477964477968442e+01 7.455704752859044504e+01 8.447189849718063215e+01 7.619446744170051034e+01 8.447189849718063215e+01 8.439085550435153493e+01 8.556839333272029080e+01 7.104934805273249765e+01 8.556839333272029080e+01 7.759660159017445835e+01 6.329756858930826979e+01 4.289628509257926225e+01 5.794420050410628420e+01 4.265212106701060435e+01 6.287366868459587721e+01 7.674614971868098223e+01 8.911386081532789660e+01 9.956802968417258626e+01 8.561689307988817177e+01 8.552449594456510340e+01 9.225204296264645620e+01 1.118406694821255769e+02 9.906380964349214935e+01 9.077046104027786555e+01 8.960899369580008056e+01 8.133824276372197914e+01
7.614146464036156137e-02 1.920387784527245500e+01 2.727264253219946966e+01 1.922615052305679839e+01 3.745155457328025506e+01 4.305530465789259154e+01 3.711621599075596123e+01 5.738722019777879524e+01 7.104875276642054871e+01 5.972706859763303555e+01 3.978606366912130454e+01 4.632893353019948535e+01 6.627477964477968442e+01 7.447440618097903098e+01 5.619472005059432718e+01 6.806337862328882693e+01 6.439386193150514259e+01 8.439085550435153493e+01 9.167188166000663330e+01 8.369540951835510612e+01 6.305746401825162906e+01 4.859965043678241869e+01 6.330308667353209984e+01 7.150503606134410006e+01 6.300180066042729976e+01 4.850830632547306465e+01 6.099147125253477242e+01 8.085029259035742655e+01 9.326826738249475568e+01 1.053367046607545348e+02 1.009905979415434985e+02 1.055669644134267315e+02 9.570214610308758552e+01 8.737092155762375967e+01 7.086705430661805849e+01 7.451939749343070218e+01 6.152861448813914080e+01
2.352828262072655108e-02 2.002352828262037221e+01 3.692254740811191027e+01 3.905025638173730584e+01 3.339915151463996779e+01 5.348540769538920614e+01 5.739030613581339679e+01 6.588125652004370636e+01 6.286802431391871693e+01 4.292925903544422539e+01 3.235734513137781931e+01 5.141146857357923494e+01 6.084582713053877256e+01 6.619459374611615488e+01 4.619787435809293896e+01 4.806604307208723981e+01 5.961076561527517725e+01 7.375381421811390226e+01 9.374761443719633291e+01 8.820517870664113502e+01 6.753882003454093308e+01 5.301756687513052668e+01 7.359185634716558866e+01 8.342398069609610900e+01 6.283307510456297962e+01 6.886401172154731398e+01 5.583089653404092445e+01 6.413728267601324262e+01 7.874234300415449184e+01 9.940026364402336867e+01 1.162025374463996883e+02 9.352202426725337148e+01 7.646874839097773702e+01 6.712769965758600677e+01 5.998350061636020314e+01 5.466897683264119934e+01 5.014776329006701872e+01
6.786455232800275850e-02 1.010780004597919479e+01 2.479666619914021553e+01 4.676363539474040465e+01 5.348540769538920614e+01 6.175713358162563793e+01 6.222617187261379001e+01 6.003882137636161787e+01 6.063276253782736092e+01 4.658831552094891038e+01 2.666820701363368329e+01 3.197264079644834212e+01 4.383155079455116976e+01 5.197503525599574203e+01 3.865201728664733594e+01 5.863654424067714643e+01 7.634275615097017464e+01 8.255988147836420410e+01 9.083522100565755863e+01 9.393994645381992825e+01 7.326294728848972682e+01 5.866922900540297547e+01 6.753882003454093308e+01 8.820517870664113502e+01 7.738406630941722142e+01 8.485887645147170133e+01 6.762638011231706514e+01 7.031010749217138311e+01 8.479290787435851939e+01 1.053695340023545981e+02 1.101572235078529189e+02 1.055669644134307816e+02 9.408926193995314691e+01 7.411096926097098958e+01 7.996247571011524258e+01 6.409428105608415649e+01 6.409428105608415649e+01
3.257643153035955086e-02 1.417471205526143407e+01 3.417471205526214106e+01 5.014642212652379527e+01 5.851321992310055009e+01 6.222617187261379001e+01 4.222099917307481576e+01 4.003221842729739421e+01 4.668324226423924017e+01 3.257093037773498168e+01 2.180069253183510725e+01 2.470252767185552756e+01 2.766919082676522024e+01 3.201396757533032655e+01 5.197503525599807261e+01 6.307355742647052921e+01 6.841865081012986138e+01 6.256116127870082266e+01 8.255988147836420410e+01 9.425198463493291001e+01 8.586721705942127869e+01 6.516025317552809781e+01 8.586721705942127869e+01 8.820517870664113502e+01 9.800562392398892086e+01 9.674754032436429441e+01 8.829101905484905899e+01 8.493774673222489469e+01 9.940764541077132321e+01 1.042689798125356617e+02 8.999249973751553000e+01 1.042689798125356617e+02 1.023945250049523708e+02 9.408926193995314691e+01 8.392016679597278994e+01 8.392016679597278994e+01 8.392016679597278994e+01
1.880098487986705744e-02 2.001880098487951187e+01 3.553297311368438471e+01 2.947988440215751993e+01 5.014642212652379527e+01 4.708741552169549038e+01 4.589200810661010621e+01 2.584167415069304852e+01 3.517470446909686643e+01 1.832226599309809245e+01 3.257497179603735304e+01 4.469799863123757433e+01 4.761917317986348053e+01 3.367229876284325485e+01 3.824026905985039093e+01 4.307884355627072637e+01 4.841914266816439749e+01 5.597759578334083841e+01 6.597873307787911301e+01 8.597756610069488659e+01 9.433089279514049963e+01 7.441616481429477403e+01 9.433089279514049963e+01 1.087071216330313064e+02 1.037664159485776736e+02 9.545756813972172949e+01 1.037664159485776736e+02 1.055218905046821192e+02 1.041011548130594804e+02 9.525297300050230831e+01 7.575786288691826087e+01 9.123059108209236001e+01 9.959665604881452339e+01 1.081331102535158522e+02 1.038663201704327435e+02 9.459414163310745494e+01 8.464312246494567660e+01
2.900726248362994752e-02 2.002899919517040672e+01 1.501884587354065737e+01 3.553297315797682643e+01 4.704779580022646002e+01 2.639322989579218159e+01 2.993606781985976184e+01 3.209001511117828187e+01 1.495635467089859993e+01 3.517470382234669302e+01 4.672362119754880183e+01 6.087376656737207270e+01 6.191969767403242031e+01 5.363951556551086952e+01 5.822412700053900636e+01 6.307355742647052921e+01 6.841865081012986138e+01 7.597814958928705664e+01 8.425588068383997609e+01 9.425198463493291001e+01 1.035409625043631650e+02 8.911370533692266349e+01 1.035409625043631650e+02 1.033384247622933572e+02 9.372557145824605129e+01 7.536661903676571228e+01 8.705532392534269093e+01 9.536809582704225363e+01 9.572985549780749182e+01 7.558985240431645991e+01 6.676838521058104448e+01 7.109953808764535665e+01 7.960792221667783508e+01 9.132998302075117181e+01 9.973181177498879890e+01 8.626709240656275313e+01 6.644840909900916870e+01
5.081304048347550645e-02 5.856846300370835756e+00 2.527096163848122501e+01 4.393025019643661722e+01 3.617071554491113972e+01 2.742896542727179110e+01 9.540585591998036463e+00 1.175609921113718315e+01 3.209142235649813557e+01 3.679654950068817243e+01 4.506906795024733725e+01 5.616685427501482764e+01 4.894089621886263330e+01 4.958485803637595524e+01 5.787263213100266057e+01 7.200937759775956692e+01 8.054089071863540994e+01 7.223030581173391340e+01 7.931996102869823062e+01 8.763205832222769232e+01 9.921351352843443294e+01 1.096591027915286105e+02 1.007344323306798515e+02 8.914136743418559661e+01 7.494431010607779342e+01 6.532779885773510387e+01 6.697011009337978749e+01 8.377466669865756899e+01 9.352346707154593730e+01 7.338809909281417276e+01 5.918789884047293270e+01 5.950916817333696684e+01 7.707774207345842399e+01 7.117427057888050967e+01 9.132998302075117181e+01 9.459414163310745494e+01 8.464312246494567660e+01
4.469920835086939326e-02 9.621680044908577756e+00 2.191838184608184292e+01 2.444983851490388815e+01 2.584435268969701482e+01 7.466821735931132409e+00 2.788065318840941131e+01 1.245650193749614942e+01 1.454708698746315143e+01 1.665971174603183158e+01 3.547216082496150591e+01 4.190034966446393128e+01 2.636936113234497725e+01 2.966264808587290602e+01 4.373588666420987181e+01 5.834618534409207058e+01 6.368628963058478831e+01 5.219281173760971626e+01 5.926738790793815781e+01 7.084485779432826291e+01 9.089716734654324171e+01 9.593837250715891685e+01 9.242420716532821245e+01 7.233733877929758194e+01 6.075214319220716419e+01 5.714457168169887069e+01 5.539425804669647846e+01 7.479999347200286763e+01 8.582452869635461923e+01 8.697779540823499644e+01 7.140264023803023008e+01 5.134043868729715854e+01 5.698181611452757522e+01 7.707774207345843820e+01 9.160828646207168902e+01 9.997228574579204974e+01 9.230003061824164945e+01
2.324776005098762310e-02 1.368597002465229417e+00 2.717099004871942114e+00 4.075605658799100084e+00 5.446401465720708046e+00 1.323042886881886027e+01 3.366552381757162493e+01 3.275880223871372010e+01 2.890503215893905065e+01 3.680275421387841561e+01 1.968187106716072776e+01 2.186750455353563538e+01 3.786052195988270341e+01 4.836013076959335422e+01 3.472467871760399305e+01 3.841198311155028478e+01 4.370542361298028311e+01 6.368628963058478831e+01 7.931996102869823062e+01 8.763205832222769232e+01 9.017898601880969522e+01 7.631915651668924738e+01 9.017898601880969522e+01 8.429339087962152632e+01 6.421604032915759319e+01 5.004559605219008489e+01 4.644423467420539708e+01 5.744786286459649460e+01 7.751088739214441148e+01 7.862415103555065343e+01 5.853332799031024791e+01 4.698378263915164155e+01 6.702470891582609624e+01 8.545143470390269158e+01 7.148349448119395788e+01 8.834178336562057154e+01 9.997228228316166110e+01
8.699724428260374731e-02 2.008699724428224798e+01 2.306734197281395282e+01 2.444993598744279950e+01 1.572201052118733067e+01 3.362331420671888083e+01 2.772586050257321233e+01 4.800514001098616035e+01 4.892244633008693455e+01 3.608236373013112086e+01 3.389658017286584624e+01 4.188212593875924483e+01 2.621159675169069203e+01 4.621859805728099246e+01 5.464449691923049102e+01 5.834613288040712575e+01 4.651102829199592747e+01 5.648924650867092367e+01 7.065910958377389761e+01 9.071419389675259026e+01 8.141760898523996559e+01 6.232062674983557571e+01 7.790038257847416503e+01 7.369361905786004741e+01 7.531452576747317096e+01 5.525386445460048890e+01 4.110477248378875004e+01 6.112949648374434020e+01 7.742056520208680581e+01 7.778837720467143413e+01 5.770507970598105629e+01 4.356203549824535770e+01 6.354443066588189737e+01 6.994271795014090287e+01 5.989620352790253577e+01 7.148349448119391525e+01 9.160828643802058480e+01
2.249585233037712170e-02 2.002249443277989727e+01 3.236950853020470475e+01 4.407056913692994726e+01 3.588529261345268395e+01 4.407098908284270777e+01 4.800513996350230883e+01 5.632484138907346960e+01 6.433616460134638260e+01 5.606463769405790032e+01 5.391052482972009585e+01 4.933085162690586145e+01 2.934387599643519806e+01 4.348700480278370861e+01 6.345163314928395693e+01 7.481841622047531359e+01 5.543172588026853731e+01 7.481925582144900488e+01 8.484354991131139911e+01 8.787232023199878483e+01 6.752113529891899191e+01 5.340141745003330698e+01 5.812321321240808913e+01 5.343319657870023320e+01 6.760519104365532428e+01 5.753294982537673263e+01 3.752394477594952349e+01 4.906023579700230641e+01 6.910689242713701219e+01 7.453043614310540477e+01 5.446044283989952106e+01 4.032795214514831628e+01 6.033880778003941714e+01 4.988884670353117201e+01 6.994271795238606160e+01 7.760846220276957297e+01 8.595844280121023928e+01
2.739267172789772165e-03 4.085222171811402347e+00 2.408522279672743238e+01 3.484566040312960666e+01 4.000964303923597498e+01 2.943773905854403949e+01 4.943775372352024533e+01 6.841216848862232780e+01 7.995897262596250243e+01 7.407511673365765148e+01 5.417065353094866254e+01 4.263824436646956428e+01 3.263543508220507761e+01 5.262101273167647264e+01 6.677626715349225606e+01 7.675297095371767853e+01 7.547471132975553587e+01 7.179428072426392760e+01 9.185074955791588991e+01 8.968389965909577199e+01 6.871196618562983360e+01 5.404755154874500533e+01 4.398241895813028179e+01 3.927939551350382175e+01 5.325912007446232366e+01 5.419811565047222501e+01 3.420732346012378144e+01 4.961191338946953522e+01 5.791462327943494870e+01 6.947957132927064094e+01 5.725106572010441397e+01 3.725606430744305442e+01 4.137684450094025124e+01 5.762853695231197548e+01 6.340901957236376063e+01 5.752741785671096153e+01 7.760846220276958718e+01
8.327778614586213435e-02 2.008327395070409693e+01 1.025735617029502578e+01 1.484567084770622181e+01 2.000964864264935272e+01 4.000965089650632223e+01 4.012818874296168303e+01 5.167519432962134829e+01 7.167524268533095722e+01 8.224921064519475067e+01 6.328816548284544297e+01 4.332796304823846611e+01 5.262101273167647264e+01 3.853688879891065966e+01 4.853459130960175827e+01 6.264345189085988608e+01 8.259651839122047079e+01 9.185074955791588991e+01 9.085120127878629148e+01 8.253444394784837357e+01 8.355388853375006875e+01 7.240446148964112183e+01 6.404716655707379402e+01 5.325912007572812712e+01 3.327442768026059383e+01 4.771636367909482601e+01 4.961189979956327534e+01 2.964780985405117164e+01 4.115134987309070880e+01 6.116925808332001679e+01 5.423670584009086326e+01 3.426015156987813981e+01 3.562973684520338935e+01 3.763398413030634515e+01 4.338484039196671915e+01 5.337515980050826414e+01 6.755185557046844735e+01
6.510866554257997707e-02 2.006510866554222616e+01 3.025735451952748889e+01 2.898780642827304987e+01 3.415178423598383262e+01 4.829374052075917945e+01 6.012820938335651988e+01 6.841216848862232780e+01 6.539552785794801082e+01 7.368097447044470982e+01 7.154209939314237943e+01 5.331708995049653765e+01 6.677626715349225606e+01 5.007819724233534231e+01 4.638285290732256527e+01 6.633793992824995200e+01 8.457243124476840990e+01 9.454825094154456622e+01 8.253444394784837357e+01 6.252872202649936639e+01 6.838826231473011319e+01 6.164278127717567202e+01 5.652223626390240696e+01 6.156611115197688378e+01 4.771636367909482601e+01 2.775935641392354114e+01 4.256343606207160946e+01 2.668439252063746281e+01 4.077440465346559506e+01 6.078740184495421772e+01 5.513090369120283185e+01 4.682157732263182481e+01 3.012227359301540375e+01 5.007130633188750579e+01 6.340901957236376063e+01 7.174293032891252153e+01 8.178859760201942208e+01
8.953482861371392376e-02 1.423167045234478856e+01 3.423167045234549022e+01 4.898776493282741029e+01 5.415172657924451727e+01 5.276177903533854874e+01 4.447718946537325024e+01 4.906550904741857266e+01 4.539542107002389315e+01 5.906553042591372105e+01 7.906595995816655886e+01 6.483237649333969443e+01 7.830640446256815324e+01 7.003274700713681966e+01 5.790776707022084935e+01 5.636607127765871184e+01 6.633237191960557766e+01 8.628546313585599137e+01 7.994028688669568794e+01 5.993159339776720174e+01 4.815181920206676836e+01 4.116060122408239152e+01 3.595489898606283674e+01 4.966645717128919557e+01 5.601765553295142297e+01 4.256348656075824977e+01 2.261441596906276885e+01 4.256348656075824977e+01 5.028317061141536470e+01 4.193275602298318461e+01 4.383230404942284508e+01 2.688199735237833110e+01 3.283649674999274737e+01 5.230617270664271956e+01 7.052434734501017033e+01 8.060358228868589947e+01 9.141074801997245913e+01
