LEM/with_lateral_4open/elevation_000641.asc
nrows	100
cellsize	150.0
xllcorner	0
ncols	100
yllcorner	0
NODATA_value	-9999
[rows 0 to 16 of 100, columns 0 to 36 of 100]
8.271705653423140625e-02 2.127631151761726416e-02 9.425194436011796739e-02 4.939197167322698090e-02 3.975871534419905817e-02 6.171646774684565184e-02 1.696294146011132625e-02 1.936121709489252440e-02 4.216450047424835645e-02 2.297044857093000214e-02 6.704298068806634203e-02 4.162315340452049650e-02 3.835349583220235004e-02 2.777463300387698203e-02 2.207885817162396139e-02 7.161913568127860341e-02 9.025521335945362045e-02 3.502399586135773735e-02 8.040414306008919487e-02 3.131346976591601466e-02 7.604099264847130613e-02 2.387740603804927586e-02 5.687112022313325910e-02 4.074439634684711570e-02 8.709178300582484655e-02 7.612946965408906586e-02 1.077918208624280109e-02 9.929772718869623455e-03 4.600412614040166881e-02 2.152795518990661267e-02 2.378824418737431057e-02 9.511189423522797837e-02 9.406546861214974686e-02 1.749038473908382007e-03 2.223905489293687143e-03 6.269637160239108220e-02 9.476101746191394060e-02
7.813061968023242432e-02 2.002127631151726206e+01 2.009425194435976181e+01 1.419152759540430253e+01 1.003975871534428599e+01 2.006171646774648920e+01 2.001696294145975585e+01 6.686027883761529900e+00 4.042164500474231481e+00 2.002297044857057529e+01 1.420917860490120610e+01 1.418375878954976876e+01 2.003834723473227086e+01 2.249996855226103598e+00 2.002207885817126964e+01 9.015891045680357152e+00 2.009025521335909659e+01 1.417715961959243387e+01 2.008040414305973442e+01 3.117380469007760446e+00 2.007604099264811737e+01 1.416601302976912535e+01 2.005687112022277674e+01 7.111812208212352715e+00 2.008709178300546938e+01 2.002850537760156513e+01 1.428007859934849222e+01 1.196715055106580827e+00 2.004600412520921893e+01 2.002145461925438141e+01 2.002378824418702052e+01 1.009511189423531441e+01 2.009406546861179521e+01 5.165726833417153330e+00 2.000183042350637308e+01 4.776741579512688851e+00 2.009475287632355389e+01
2.526786264046545702e-02 1.416740348637129010e+01 3.416740348637058133e+01 3.419152759540500597e+01 2.418189433907548747e+01 3.832402996280517726e+01 3.375709569562623358e+01 1.375709569562694234e+01 8.124647405112826348e+00 2.812464717236611378e+01 3.420917973655427602e+01 3.418376946696483287e+01 2.448606438544356223e+01 4.486064832725902285e+00 2.448606508143376459e+01 2.056289642947266927e+01 3.730016229314124843e+01 3.417715961959314086e+01 2.624085570677953783e+01 6.240855706779894874e+00 2.624085570678025192e+01 3.416601302976982879e+01 3.539608345567324932e+01 1.605608411821166825e+01 3.539608345567525305e+01 3.622399846456957562e+01 1.807247492725070970e+01 1.669227138009849298e+01 2.890183701850469244e+00 2.507269458008136809e+01 3.837938284727418647e+01 2.423724751796651589e+01 3.051103722898462678e+01 1.051095167166568700e+01 3.051081572298793532e+01 2.477674364233459414e+01 1.184780939137810307e+01
4.163169627051844027e-03 2.000416316962669683e+01 2.822380503421335618e+01 4.822380503421405962e+01 4.418189433907619446e+01 4.530410107941854392e+01 2.530410107941925446e+01 3.238866131353403688e+01 1.238866173222499967e+01 2.653079735422036833e+01 4.653079593068280673e+01 4.090741299970036238e+01 2.090741198629801190e+01 6.765276361918671100e+00 2.676527665938592904e+01 4.056289642947195517e+01 4.884716767693356587e+01 4.443622206767373939e+01 2.948528412941806565e+01 9.485284129395173736e+00 2.362741975312587428e+01 4.362741975185488030e+01 4.434035536567456859e+01 3.019821974194287151e+01 4.434035536567256486e+01 4.402307819870175365e+01 3.245071323081431558e+01 2.367963723292455924e+01 4.092117536384857424e+00 1.498503446271477024e+01 3.704826742470737599e+01 4.423724751861482218e+01 3.654130105212910706e+01 1.654117856322106661e+01 3.654130105212910706e+01 3.719303082573359376e+01 1.719303422962649819e+01
5.883922493566802470e-02 8.223805034212999132e+00 2.236594065794420061e+01 4.236594065794490405e+01 6.163403269797248640e+01 4.163403269797319695e+01 4.530410107941854392e+01 3.755263873472549108e+01 1.755263952716813236e+01 2.871859332950266364e+01 4.871859116370931275e+01 4.350689022840313669e+01 2.328167901313971200e+01 9.106099305841302893e+00 2.324823493041370881e+01 4.324823614016008833e+01 5.029408641991040696e+01 3.029408641979316030e+01 1.615195079606195705e+01 2.948528412941806565e+01 1.678825156279751596e+01 3.093038718652871921e+01 5.093038718657700059e+01 5.019821974194357495e+01 4.753210089532573335e+01 3.924367731713587659e+01 2.799998686048396479e+01 5.823172618001195566e+00 1.342878461674425594e+01 2.865507907083193118e+01 3.648924345595843732e+01 5.687989093002875762e+01 4.361243585489400232e+01 2.361224637509864621e+01 4.361243585489400232e+01 4.322325663841235155e+01 2.322326112118166463e+01
1.256007409845548775e-02 2.001256007409810067e+01 3.650807628167389396e+01 4.646395853047776114e+01 5.474822977793936474e+01 6.163403269797248640e+01 4.608066614696552676e+01 2.608066818139240084e+01 3.755263873472549108e+01 4.583687384353972760e+01 5.700281600219381772e+01 4.440599831352646731e+01 3.096138636302713110e+01 1.153145555620461238e+01 3.153688643714790629e+01 4.467794973441625217e+01 5.623240014017160604e+01 4.149717563435740431e+01 2.149717563431053691e+01 4.149717563435740431e+01 2.311280688313438603e+01 3.678825156281276065e+01 5.678825156314709943e+01 5.334366257366875885e+01 3.340457770361008016e+01 1.937863707546687664e+01 1.308930622376901454e+01 7.056077149232899970e+00 2.647353913132682734e+01 2.476923605696785557e+01 3.482222919269693051e+01 5.179802024286713191e+01 5.189940123806392336e+01 3.515925205659615216e+01 5.189939813591298901e+01 5.029432402066885288e+01 3.029432893304701579e+01
9.594114293757748102e-02 2.009594114293722100e+01 3.381484788980446865e+01 2.646395853047847169e+01 4.060609415420892532e+01 6.060609415420821477e+01 5.436485598305937117e+01 3.502494009138978015e+01 4.241059957571861361e+01 6.241057741305227324e+01 5.115000177346045263e+01 3.085560276245469424e+01 1.669543714942975754e+01 3.148269042329507883e+01 1.638216808846106431e+01 2.792989235551063487e+01 4.794328654465714834e+01 4.752740252593302017e+01 2.752740252586591652e+01 4.752740252593302017e+01 3.205707879313386144e+01 3.725494250686583797e+01 5.725494250694197973e+01 5.336070437045930248e+01 3.340486563196748904e+01 3.924454704646324643e+01 2.831759389322881049e+01 8.322134360953555188e+00 2.831759159970464879e+01 3.727700886079788489e+01 2.450844531467558696e+01 4.145312763961537428e+01 6.193807467151978585e+01 5.515969966622785847e+01 6.344839581689060992e+01 5.857859035653072510e+01 4.184133431537676273e+01
7.711341127313005306e-02 6.743780077939767637e+00 1.381484788980518097e+01 3.381484788980446865e+01 4.471842501522132807e+01 5.300269626268352141e+01 6.330908930144064328e+01 4.657194547392595751e+01 6.241057741305227324e+01 6.525350001592296678e+01 5.470437240684745461e+01 3.476162065966315851e+01 2.061777138333816239e+01 4.060865123189786630e+01 3.638854802217235829e+01 2.172739432038850538e+01 4.173609938745607906e+01 5.459847033783545101e+01 3.459847033773164071e+01 5.459847033783545101e+01 4.205707879313420960e+01 5.725494250694197973e+01 6.553921377702567952e+01 6.173424536311623001e+01 5.335218448982672612e+01 4.384699665343797648e+01 2.374139796302447181e+01 9.597044852227433864e+00 1.347782441257366948e+01 1.746599951037459064e+01 2.189138494753861863e+01 4.189040971266297220e+01 5.609410101283757655e+01 6.440348426789522307e+01 7.443191065882746216e+01 7.012595282202553904e+01 6.184133158998027824e+01
2.297228869525369793e-03 5.549299191121840558e+00 1.132280188301814938e+01 1.764735720335502123e+01 2.471842501522062108e+01 3.626543039901354604e+01 5.626543039901424947e+01 6.657193676919258962e+01 7.485601049274046659e+01 5.696917532130932926e+01 3.694695513593736536e+01 2.694260199367898068e+01 4.062861859831562583e+01 4.891680323866924596e+01 4.566054493698180039e+01 2.564972049991783720e+01 4.566054493698180039e+01 6.288274163565484542e+01 4.874060596146308910e+01 5.459847033783545811e+01 5.619921441686565800e+01 7.034135006627137443e+01 7.566912151952200816e+01 5.551793492766036309e+01 4.131935700980053383e+01 4.493629728425590741e+01 3.079492748394218893e+01 1.095912846371449589e+01 3.095195042979994682e+01 3.759959464218646730e+01 4.189040971266297220e+01 2.890516358329729840e+01 3.601223216158230400e+01 4.606723743581573416e+01 6.612096458985934078e+01 8.249439722536519071e+01 7.077188709383170817e+01
9.647730019007895452e-02 2.009647730018972211e+01 3.132280188301850643e+01 3.764735720335572466e+01 4.471842501522132807e+01 5.300269626268352141e+01 6.454970164647744468e+01 6.403730244946746097e+01 7.230874399403295172e+01 6.525351027699781525e+01 5.212717309323409864e+01 3.210729657225114408e+01 5.212717337613774049e+01 6.139505951419678809e+01 4.137016501366156263e+01 2.982002244057533602e+01 4.396830505631063346e+01 6.399395212069019578e+01 6.874060596181730887e+01 7.459847034003547606e+01 7.619921441714103594e+01 6.885963799074046676e+01 6.056528948806715107e+01 5.921574656563038275e+01 3.912282936168789860e+01 2.497109025279659988e+01 3.179553467851084037e+01 1.232920327946533590e+01 2.386457337682323399e+01 4.384844954804422912e+01 5.730567124136763368e+01 3.895731343986947337e+01 4.899408819102684731e+01 6.440348426789522307e+01 7.443191065882746216e+01 7.417005106688580440e+01 5.378048069489766903e+01
3.582433992925927735e-02 1.003585705781557635e+01 2.418052422244185706e+01 4.422089916982690028e+01 5.909992910897423712e+01 6.250867128465122846e+01 6.080487375556099749e+01 4.413013184258735322e+01 6.080487375556099749e+01 7.214029359528791474e+01 5.212717232356765606e+01 3.843462705238189159e+01 5.845963784755580406e+01 6.968175675077257836e+01 5.518384858457660158e+01 3.516535558322026844e+01 4.615899595497086239e+01 6.031984453126788281e+01 8.034185615370655853e+01 7.747042151803985632e+01 6.915683457101664544e+01 5.737434675057765077e+01 4.072653486574625248e+01 4.542547363618754730e+01 4.196746130012240883e+01 3.428638320727947786e+01 1.429663071985327250e+01 3.229101963096579908e+01 4.054817025480488724e+01 5.205888877832581585e+01 6.731361274976252673e+01 5.904648882888050565e+01 6.739776081059162038e+01 7.737160776629080772e+01 7.707132985866688557e+01 6.705641405822386503e+01 5.877276806044353208e+01
1.813270376062421294e-02 2.001209313269782442e+01 3.828389253919136337e+01 3.909810668993001315e+01 3.909825996154371097e+01 4.258916902806284099e+01 4.258916902806284099e+01 3.263444598082366355e+01 4.671089159398074031e+01 6.662600191864832766e+01 6.674355742161775140e+01 4.999743154791173083e+01 5.259672251184832703e+01 7.261396756606599467e+01 6.275353659921937322e+01 4.272602461012839115e+01 4.782176605546354153e+01 6.198671167106861901e+01 8.201280967379904041e+01 6.915683457101664544e+01 4.925498393553527166e+01 4.911137916651033208e+01 2.926217042220388365e+01 2.556070513923024023e+01 2.209630250804005769e+01 1.882128737156063991e+01 1.588121805317654989e+01 3.587348484052082398e+01 4.612745439548640292e+01 5.021204593757845203e+01 5.497286337949400803e+01 6.322198802564250997e+01 7.474414272663497627e+01 8.290528602878571007e+01 6.295808882150213748e+01 4.874505752075716458e+01 3.859432381523104283e+01
2.372884694381488524e-02 2.002372884694345956e+01 2.597784360611258592e+01 1.909808016603977876e+01 3.250882266043294777e+01 3.626400924453287189e+01 2.258725757280445023e+01 2.971420758263931461e+01 4.380047530891489771e+01 6.370617328068264129e+01 7.829677325090159457e+01 7.001922662124773922e+01 7.261396756606599467e+01 8.089050859658242132e+01 7.104071495366048339e+01 5.273514520156576424e+01 6.785221997536194749e+01 7.613564907647337066e+01 8.116280941615656275e+01 6.915683457101664544e+01 4.925498393553527166e+01 3.527482363511363417e+01 4.911137916651033208e+01 3.960893091420623335e+01 3.614918034815762837e+01 3.869990598871513043e+01 3.587348480963641606e+01 1.813839689238126951e+01 3.814065694283711139e+01 3.021406972579758943e+01 3.493782309630224603e+01 4.652074297179490259e+01 6.651867457225588964e+01 8.323824907801268580e+01 7.293168742514382075e+01 5.290795800752870548e+01 5.877277256930363336e+01
8.175220331382776484e-02 3.030591326411764097e+00 6.012015296411471255e+00 9.098082295653282969e+00 1.252494236385528836e+01 1.617146194727195407e+01 3.626400924453287189e+01 4.963071926059436834e+01 4.380047530891489771e+01 5.786344662998879329e+01 7.781176320202645513e+01 8.009567476559170984e+01 7.186226303546104077e+01 8.009567476559170984e+01 8.105236349263941520e+01 7.277192799687284719e+01 8.105236349263941520e+01 8.705907955054559011e+01 6.694577646367116586e+01 5.288034004818783984e+01 4.303746489947707232e+01 5.508410102850598378e+01 6.336270272678755333e+01 5.946784996171742677e+01 5.600523302669650860e+01 5.087822976026045296e+01 3.990491713862322598e+01 1.988869589290469619e+01 2.389409598796725120e+01 4.392498257618651536e+01 5.497286337949400803e+01 4.349549545953957619e+01 5.506648538111961955e+01 7.503199757768464906e+01 8.120500245393219529e+01 7.293168742514382075e+01 7.611974124919780138e+01
9.124702163186203252e-02 2.009124702163150644e+01 2.601176858552291193e+01 2.139358170255706781e+01 3.250882266043294777e+01 2.610230682142328007e+01 2.767263102821303278e+01 3.909152340239701573e+01 5.908754321427160505e+01 7.197704054472109192e+01 7.458590385382190391e+01 6.634497410614153523e+01 5.188964783789696611e+01 6.789982424272781714e+01 7.496036659288317594e+01 8.318939228339425540e+01 9.468066077424020932e+01 8.600424032776547278e+01 6.589139964795785431e+01 5.441547307502018072e+01 6.285858329697208546e+01 7.116344647676078239e+01 6.351389116081681152e+01 5.521608693196295548e+01 5.003425913025092342e+01 4.257542091653707672e+01 2.252701998381423465e+01 2.521770109667663817e+01 4.391994248937893275e+01 5.230240751886853445e+01 7.173717470940415808e+01 5.766110407183931130e+01 5.766110407183931130e+01 7.761308414267770672e+01 7.892908580421926956e+01 7.062745606715259328e+01 7.062879862818763854e+01
2.239863785106879432e-02 1.551168343987695586e+01 3.579314493948246678e+01 4.141497634969243080e+01 4.892287525634117884e+01 4.464269500634220122e+01 4.745351084528846997e+01 5.583951011014688959e+01 6.739391178227734258e+01 7.458591691012246372e+01 6.306674771230054688e+01 4.636984058387092489e+01 4.189699273004874414e+01 4.792091163008917931e+01 5.499013709428464125e+01 6.653291647434521394e+01 8.647247754393217178e+01 9.432636493827325808e+01 8.271783896910272915e+01 7.439208634711047807e+01 8.052724499414024706e+01 6.938034079094560980e+01 4.934906088267696589e+01 3.514698668877770160e+01 2.994627397803757773e+01 2.521614363438969875e+01 4.257551073541034725e+01 4.526118730910810939e+01 3.339526665755101931e+01 4.758075194867679869e+01 6.760786866500812664e+01 7.761308414267770672e+01 7.761308414267770672e+01 8.581324534697044726e+01 7.062745606715259328e+01 5.047546100011096115e+01 5.047546908312899916e+01
1.766589122093755945e-02 1.586634708166995367e+01 2.637595451178192718e+01 4.004499746673439375e+01 5.668740965524210651e+01 4.849632425897151222e+01 5.308175061928975680e+01 5.319464954760704956e+01 6.147321158836861343e+01 6.634497420435094739e+01 4.636984058387098884e+01 3.484252510866333097e+01 5.481232543146811764e+01 6.789982424272781714e+01 7.496036659288317594e+01 8.318939228339425540e+01 8.078847978303370780e+01 8.078853266481601736e+01 8.901743103227497045e+01 8.378716140327472317e+01 6.376745699408719759e+01 5.220670217068851571e+01 4.462515038742925810e+01 5.521608693196295548e+01 5.003426746945587666e+01 4.529948124277595412e+01 2.820356184290625023e+01 4.831980699839392202e+01 4.158981033890341195e+01 4.977202093631954227e+01 6.393660633854228337e+01 8.394311272968394633e+01 7.841465293909621437e+01 7.010788649203583134e+01 7.062745606715259328e+01 5.047546100011096115e+01 3.607075992065566084e+01
