LEM/with_lateral_4open/elevation_000586.asc
nrows	100
cellsize	150.0
xllcorner	0
ncols	100
yllcorner	0
NODATA_value	-9999
[rows 17 to 33 of 100, columns 0 to 36 of 100]
5.222468517465790605e-02 6.082451576729956955e+00 2.608245171169594201e+01 4.505720217978755215e+01 5.660422803896360477e+01 5.604199714480886740e+01 4.773765934626949559e+01 5.604199714480886740e+01 5.678689117481282267e+01 3.695246008320523856e+01 2.544444736657035122e+01 4.533547704485015117e+01 5.524138854700600376e+01 4.796644637743567330e+01 6.193321985277839303e+01 8.182645101564136780e+01 8.411680375895736006e+01 6.996052066000527248e+01 8.411680375895736006e+01 9.308810369605302526e+01 9.516502171476589922e+01 7.512032142622562958e+01 6.089918633083147625e+01 5.331871130131077052e+01 6.393209976869628264e+01 5.335602152205419202e+01 3.333498242872253314e+01 3.266779047038705386e+01 3.880897738652224405e+01 4.547480682606106228e+01 5.549051744643373496e+01 7.556767442189944006e+01 8.433279084753823440e+01 8.741570278752796241e+01 6.810160053219009058e+01 5.669644604870894966e+01 5.738137346973320518e+01
7.333276091007127906e-02 2.007333276090971452e+01 2.608245171169594201e+01 4.608245346331036529e+01 4.107801195914115766e+01 4.603175735459335272e+01 2.772876339869097961e+01 4.601407494403586185e+01 4.581338376156473657e+01 3.784944399773336698e+01 2.220782134132154439e+01 3.633580707776719265e+01 5.618794339889095824e+01 6.775981236066935764e+01 7.602919630582304933e+01 7.134800439238823344e+01 6.427691293292002683e+01 5.582513789997462084e+01 7.582225233499471528e+01 9.119205067905726025e+01 1.009942860098719990e+02 8.099127821388717052e+01 7.798253501062784210e+01 6.393209887284619697e+01 4.388316767114292105e+01 3.811294765315916067e+01 5.335602152205451887e+01 3.549458694600902930e+01 5.551953654453584619e+01 6.552909593416656264e+01 7.381773077618660750e+01 7.556767442189944006e+01 9.558891163784451805e+01 9.530414768930799596e+01 8.419875431615194827e+01 6.580503037715581627e+01 4.604980908904538239e+01
6.343274376862209629e-02 2.006343274376826713e+01 3.724066108063458813e+01 3.522093069193444137e+01 2.102023946971600665e+01 2.847751009678562184e+01 1.772607410311211495e+01 3.192773409201609880e+01 3.345630032202810611e+01 1.784616489626134594e+01 3.784944225656924033e+01 5.039024007886280287e+01 5.628739207099155095e+01 6.457228147755942871e+01 6.549874068566622043e+01 5.135682654802088365e+01 4.429462412970627128e+01 5.135245563032510319e+01 6.289106299865818528e+01 8.289455462220318793e+01 9.809463095085807538e+01 8.653452001246948555e+01 6.969596686863856405e+01 4.962639117513425902e+01 4.428178590926646763e+01 5.814447076248804791e+01 5.841080697797470833e+01 3.837949782292421474e+01 4.593559255921522322e+01 5.410753790496863047e+01 6.831083349837132346e+01 8.838179038730467596e+01 8.450997293062198423e+01 7.626113051918513008e+01 7.626112936395141162e+01 7.380408172004533185e+01 6.580503087787491268e+01
3.497053469895897854e-02 2.003497053469860489e+01 1.724918869910957753e+01 2.465485594858381191e+01 6.877073020715917195e+00 8.468187589067364129e+00 1.016458453577517140e+01 1.191885151617289829e+01 1.369443473144693080e+01 1.601061852736711089e+01 3.609887882539027260e+01 4.205445725858773898e+01 3.633795517754793991e+01 4.761606670554108689e+01 5.145100857571246422e+01 3.725507670572634566e+01 4.876416909765146102e+01 6.875220472441164077e+01 6.548560230234593860e+01 8.549265835509598332e+01 8.985460436630064862e+01 6.977825778183948557e+01 5.817082653310757223e+01 6.064925996932140606e+01 5.845205635346817274e+01 7.262372864419364760e+01 6.161975769162010153e+01 4.157986690794542994e+01 5.313534349077536234e+01 7.320968302620343593e+01 7.050867494542251279e+01 9.056718796617899159e+01 7.626113051918513008e+01 5.631945388204087521e+01 5.631945388006663222e+01 6.983695804758107784e+01 6.158478912916595505e+01
9.635555453094322986e-02 1.599647610536602427e+00 3.107204333425423570e+00 4.654850798493703756e+00 2.463368235713743459e+01 1.330009378158041500e+01 3.016297921391967307e+01 3.192730862013196713e+01 2.182366147240355048e+01 3.546154406319590890e+01 1.937640326580602235e+01 2.206187472321310494e+01 2.481758846766545190e+01 2.769065494614530465e+01 3.152406608608222882e+01 5.145100857571246422e+01 6.549874068566622043e+01 7.704388729421177118e+01 8.549265835509598332e+01 9.379083937784497493e+01 9.244809084451571835e+01 7.238807874946019183e+01 7.238807874946019183e+01 7.485220741256546262e+01 7.852794232878461855e+01 7.925736218628286167e+01 5.917712336711093002e+01 4.500741143978844860e+01 6.505848914940109751e+01 8.148936613003806428e+01 9.056718796617899159e+01 8.621833610771022904e+01 6.630392493066004533e+01 5.218375056058128791e+01 4.218369199501930211e+01 5.364214088845910311e+01 4.160972646461427615e+01
8.845047570523793812e-02 2.008845047570488163e+01 1.127217014270275541e+01 2.465485594858381191e+01 3.287828258292051231e+01 3.320555789523342582e+01 2.048749826600490209e+01 4.029434178232672537e+01 3.948787238467134131e+01 4.439987838156900324e+01 2.479687909928558653e+01 4.205445725858071171e+01 4.476957931038042915e+01 4.761568323559170324e+01 3.414527172640795527e+01 4.823257180927772225e+01 6.821521881375618079e+01 7.719061311693151595e+01 8.613629252641567291e+01 9.769094644750894929e+01 1.006809612754786798e+02 9.244809084451571835e+01 9.244809084451571835e+01 9.488308584809865920e+01 8.823538195653878802e+01 6.815991944691032245e+01 5.395687176241147398e+01 4.947719657195840881e+01 6.954601290405348379e+01 8.570371969763201037e+01 9.727002549001019815e+01 9.336883670314588812e+01 8.038555807331830749e+01 6.896152197037906717e+01 5.364220985278478082e+01 3.365391155690547720e+01 3.005935906879197361e+01
8.023991185656004221e-02 2.008023991185620361e+01 3.127217014323166921e+01 2.541430576643433525e+01 4.541430576823812260e+01 4.564660152276341876e+01 2.589776643453523519e+01 4.564660152276341876e+01 6.320989159673595736e+01 5.142458301737436699e+01 3.149988655108256097e+01 4.112317779580707366e+01 6.106743687994939762e+01 6.236703802950147235e+01 4.564133184474872706e+01 4.226647064141356935e+01 4.891362581744820659e+01 5.784757037477554320e+01 6.938794018638169803e+01 8.939787790427494940e+01 1.033116213531588556e+02 9.503646998288847669e+01 1.002264531223803061e+02 9.979339575028679121e+01 7.977432862493341759e+01 6.554964054990625755e+01 7.403988628052432830e+01 5.843654695286448941e+01 5.733187276637109164e+01 6.893847808968544655e+01 8.902631384869901865e+01 8.512000573368706569e+01 6.520076400980097731e+01 6.070603247880912789e+01 4.072652495896597458e+01 5.364220985278478082e+01 4.527300099485179885e+01
4.598823041778624804e-02 2.004598823041743216e+01 3.591696505060117772e+01 4.541430576823812260e+01 5.369857714681155869e+01 4.564660959533645723e+01 3.982503774087173554e+01 3.687119544474450095e+01 5.637881602652525714e+01 5.969922016000906240e+01 4.145507088488251668e+01 5.142458301737438831e+01 6.934843105244580386e+01 7.390758452967364178e+01 6.562010185341135582e+01 5.638241756629636114e+01 6.890195220965468081e+01 7.719061311693151595e+01 8.230776754203365897e+01 8.815897702094322597e+01 9.177705132282626721e+01 7.505781037644486275e+01 8.025109478731013724e+01 9.437698182653059575e+01 9.389049250410845104e+01 7.977432862493341759e+01 8.680599111959600123e+01 7.004593860130863447e+01 6.631720210844642338e+01 7.374814733457191096e+01 9.380471712401048023e+01 8.294309946124123201e+01 6.302095069307156905e+01 4.889271935082690135e+01 6.070603247880912789e+01 5.526569178956470552e+01 3.528031019159466553e+01
7.340434288523949025e-02 7.632693803069816596e+00 1.763269380306999423e+01 3.177482942680119749e+01 5.177482942680190092e+01 6.549751084578990401e+01 5.970112732071454786e+01 4.802894966031363566e+01 6.452207514481924022e+01 6.967727672469665379e+01 6.139409514986624572e+01 6.967727672469665379e+01 7.967596137362394870e+01 8.057948174472593905e+01 7.226705159231593711e+01 7.637864480439330350e+01 8.291520098746408962e+01 7.463877401632527153e+01 6.232270761289690597e+01 6.817619614372148362e+01 8.283977837799891120e+01 6.351491274657152530e+01 6.611672031894958934e+01 8.025109478731013724e+01 1.002264531223803061e+02 9.979339575028679121e+01 9.836871696966406375e+01 9.012833884183929456e+01 8.055376105791529540e+01 8.641790333209280561e+01 1.020353352623542946e+02 8.294309946124123201e+01 6.302095069307156905e+01 6.302095069307156905e+01 6.937773293015605702e+01 4.942029295636468333e+01 4.942029295635884267e+01
3.515918393995972474e-02 2.003515918393960504e+01 3.591696504853815952e+01 4.591696505130645534e+01 4.531399933436360072e+01 5.359811149206117165e+01 6.359801935851754706e+01 6.778494560097554711e+01 7.590064858186674712e+01 6.938140539286051478e+01 6.109850891071585721e+01 6.938140539286051478e+01 6.884187733282128363e+01 6.046670541365563167e+01 5.182825200193204296e+01 6.884184886337503428e+01 7.137706802847286269e+01 5.465266265354642883e+01 4.819035430882649962e+01 6.323493345323303316e+01 6.749615710579631411e+01 5.457424727542638720e+01 6.611672031894958934e+01 8.610174178702102665e+01 1.017724730082148028e+02 9.366482825159394565e+01 1.017724730082148028e+02 1.072756753020298675e+02 1.005751951420978401e+02 1.063923089411045737e+02 1.000226192521539303e+02 9.119103400910906032e+01 8.294309946124123201e+01 8.294309946124123201e+01 7.762988403591799624e+01 6.937773293015605702e+01 6.937773290585853658e+01
4.608085242692564615e-02 2.004608085242657012e+01 2.907655819615243331e+01 3.462355466793946590e+01 2.531400870735160424e+01 3.531400870406960024e+01 5.531398996465756568e+01 7.426926246749445681e+01 6.841255321827016189e+01 5.938343185656039225e+01 4.110286585029447792e+01 5.938343185656039225e+01 5.474656191137982120e+01 3.997345017293145020e+01 3.997345017293120861e+01 6.046670519391548027e+01 6.244052812791547780e+01 4.311724751443346548e+01 3.925822808397487051e+01 4.325154597529510880e+01 4.750924652968129180e+01 6.164233681788401498e+01 8.162852943656895377e+01 9.437698182653059575e+01 9.192643991516884228e+01 7.392368593669476695e+01 9.126586432171782803e+01 8.766774141194393621e+01 1.072756753020298675e+02 1.000226192521539303e+02 7.998968371264975019e+01 8.366579587820321251e+01 8.723664807977660018e+01 7.893906032249427085e+01 7.585452170850211928e+01 6.755471257820150299e+01 6.755469993548048535e+01
1.610643649003322755e-02 4.488242391489630556e+00 9.076557068900905634e+00 1.462355903115314781e+01 2.617056441356524488e+01 4.617055409335685567e+01 6.359801935851754706e+01 5.427341923233780108e+01 4.841679817515424844e+01 5.110068738050515691e+01 3.110093821805721603e+01 4.110092226664153969e+01 3.461366201691249245e+01 2.873966095816359712e+01 4.863491847007265534e+01 5.791793579057301855e+01 4.963942384596353463e+01 3.418397385263131838e+01 5.416332380279995107e+01 6.323493345323303316e+01 6.749615710579631411e+01 7.577339560235580507e+01 7.603426193723612414e+01 8.050726059902500253e+01 7.234026898299245545e+01 6.395512205388546789e+01 7.149757405466617399e+01 9.126586432171782803e+01 1.046661984757259773e+02 1.019809177424787237e+02 8.366579587820321251e+01 6.361216850340417039e+01 7.208782871513459156e+01 5.888717336378544331e+01 6.755470159125326290e+01 4.751901366270450211e+01 4.751901363463790062e+01
2.022278438842990689e-02 2.002022278438807490e+01 2.907655819615243331e+01 2.540648921421550810e+01 4.290772548849959378e+01 5.445465857875876736e+01 5.672096350900442019e+01 5.427341923233780108e+01 3.427447446570693756e+01 4.272702308781502722e+01 4.110053176071194514e+01 2.109339640264787263e+01 2.121052245013015991e+01 4.050972496755743890e+01 5.698391644964646474e+01 4.963942369397205567e+01 2.965108702214266501e+01 4.963942384596353463e+01 5.959518781474987748e+01 5.134272335431118961e+01 5.970401065669990714e+01 5.878294383175230564e+01 5.615079399996360365e+01 6.529787408409509908e+01 5.242177145040084696e+01 5.997628829837091047e+01 6.689577450675797365e+01 7.685807483780442340e+01 9.656821582013114380e+01 9.368686852372903218e+01 7.364472323267729337e+01 6.206012688546626777e+01 5.203834139396180092e+01 4.732213422878841413e+01 6.131981455874566223e+01 5.338727695840540122e+01 3.336829115986858341e+01
6.642187732006160639e-02 1.420855750105113735e+01 3.420855750393592132e+01 4.540653754890225002e+01 5.369168299539040135e+01 5.071591687685414485e+01 3.629725065383751570e+01 4.337409792714260703e+01 4.272702308781502722e+01 2.272153736053600426e+01 3.329611443095564027e+01 1.505963486569851639e+01 1.634267899209385178e+01 3.631365054476651011e+01 4.650559612533544396e+01 4.241060638045597386e+01 2.662598336349082828e+01 4.620848726782692495e+01 4.814132253615051837e+01 3.124335925676052739e+01 5.123053762671963085e+01 3.883470788005475072e+01 4.203033416297962788e+01 4.535760941538404722e+01 5.020279904200666721e+01 5.536329470179984469e+01 7.527171110790081343e+01 9.483454207750185105e+01 1.046661984757259773e+02 9.633884888354261022e+01 7.630106027369565425e+01 6.471773986012495072e+01 7.208752733510067401e+01 6.131982791726620974e+01 4.129149028311894654e+01 3.729137021645954064e+01 5.338733028642827350e+01
1.591255364720534082e-02 2.001585716642488677e+01 3.742428588263948086e+01 4.564643972189288235e+01 3.993115483582553082e+01 4.169723512754847405e+01 2.194322313438915728e+01 2.337264667266067875e+01 3.039348663709693810e+01 3.156771115092445967e+01 1.328838365733309423e+01 3.329634756766020587e+01 3.635983789731348992e+01 1.823292544122669767e+01 3.825140498910721476e+01 2.239382401877167084e+01 2.429046751060644382e+01 2.620627223741190903e+01 2.814896184817916946e+01 4.797496107639648244e+01 3.442567199732160077e+01 3.775311314861329492e+01 5.770064965572321825e+01 6.529294091981813608e+01 7.013088188695063252e+01 7.527143264472334749e+01 6.689577452083574371e+01 8.095217077841061837e+01 1.006218525633059926e+02 1.046341635768246476e+02 9.306577517860998228e+01 8.291449041316343482e+01 7.461423483045919625e+01 6.309704108495104435e+01 4.306507011609629387e+01 5.731418593371417813e+01 6.561556438221728627e+01
6.189296070378335485e-02 2.001051433891806397e+01 1.744306869278403127e+01 3.358755352559156648e+01 1.952480337046280923e+01 2.583009131661921387e+01 2.528013404834858946e+01 9.229755914965657837e+00 1.039223230241133322e+01 1.156064478062460665e+01 3.156792065174222728e+01 4.158073288073964591e+01 4.630268208951177655e+01 3.454097408151584148e+01 2.014577025021579715e+01 4.016255186458286630e+01 4.430110603766171806e+01 4.620848726775608384e+01 4.814132253615051837e+01 3.464300490173925340e+01 5.437621331595855878e+01 5.770064965566454873e+01 4.266646636669053549e+01 4.637416268153450005e+01 6.631325284349574645e+01 8.001132002031343404e+01 8.671327965743952859e+01 8.671328718942498881e+01 1.063467389787959263e+02 1.019947135590669092e+02 9.167343172685967545e+01 7.461427336234423535e+01 5.456048305488361905e+01 4.955592088237304438e+01 5.722520385762975081e+01 7.139960180621793029e+01 5.929114013469697397e+01
2.247884206357958492e-02 1.113568293243540452e+00 2.106651874102844957e+01 2.376685097320105200e+01 5.351986964840603989e+00 6.477074865766623724e+00 7.607541703655071430e+00 2.760759257187040205e+01 3.039348663632842573e+01 1.580981986070666245e+01 2.698521125224945649e+01 4.676140409406806953e+01 5.478036809081228142e+01 3.464751047284711660e+01 2.277836119042222052e+01 3.096544483479659249e+01 4.096892595233231305e+01 6.094915088605885956e+01 5.933457574151258029e+01 3.935124996134417330e+01 5.933457574170552817e+01 7.080783786743261032e+01 5.678716956118709902e+01 6.631325284349574645e+01 5.191568742597986841e+01 7.183907718299184353e+01 8.398619552419478396e+01 9.219445067597800403e+01 1.035958444843031430e+02 9.363444666945964912e+01 7.356103392569113453e+01 6.352692108901968027e+01 6.874136051613962195e+01 6.372765204288263163e+01 7.727291015553051068e+01 7.694851285601181701e+01 5.690356702706901615e+01
