LEM/with_lateral_4open/elevation_000305.asc
nrows	100
cellsize	150.0
xllcorner	0
ncols	100
yllcorner	0
NODATA_value	-9999
[rows 0 to 16 of 100, columns 37 to 73 of 100]
8.884754177262699226e-02 6.929726548558100274e-02 7.395023591448830758e-02 4.828361932999872264e-02 4.897713358561925356e-02 8.568734790590110117e-02 1.075183056328203948e-02 6.823539046102447547e-02 7.194897206013613211e-02 1.557559815681563986e-02 7.704183385687686514e-02 1.685416958384493638e-02 9.680445094065920353e-02 7.639902522890137937e-02 4.559330980047965332e-02 5.839666421669215124e-02 9.739037529851846120e-02 3.670263267501718690e-02 2.041064012308905357e-02 6.895211126444661387e-02 9.031524355919069713e-02 1.560024811392830661e-02 7.641644294168103979e-02 3.888124420523987601e-02 6.873285589001959517e-02 4.772367030474261584e-02 9.504926490987847254e-02 5.760415539182907330e-02 9.666222459857021221e-02 9.627991409191682948e-02 1.286757495974483190e-02 9.381044340810595905e-02 7.584058927755046864e-02 1.435327048224320848e-02 5.777975670406795827e-02 2.716720951219454838e-02 4.735230246529398453e-03
3.291410617874363176e+00 2.006929726548522552e+01 9.018222177790109484e+00 2.004828361932964498e+01 1.419112146605161762e+01 2.008511860325139509e+01 2.001010720283560218e+01 7.003749317020386833e-01 2.001502501013207080e+01 1.001558585836348492e+01 2.007703930431735984e+01 1.156386185848483095e+01 2.009680445094030432e+01 5.849901717125133516e+00 2.004559330980012533e+01 1.420053228794776778e+01 2.009739037529619665e+01 3.688186389360621931e+00 2.002041064012273353e+01 2.006895211126409251e+01 1.360178723427353553e+01 2.001560024811357152e+01 1.797742404677878270e+00 2.003541524136526419e+01 2.006873285588966382e+01 2.004772367030438573e+01 7.654338726170348828e+00 2.005760415539147345e+01 1.423879784832939599e+01 2.009544599843099988e+01 2.001286757495939028e+01 1.302054630068458785e+00 2.007584058927719539e+01 2.001434224388091110e+01 2.005777975670371305e+01 8.192133018789526488e+00 2.000473523024617251e+01
6.535839040489600293e+00 2.653581269805534504e+01 2.316045339280709214e+01 2.901866363778774272e+01 3.419245989464144486e+01 3.132565543580475520e+01 1.133282569030286169e+01 1.332830463735715121e+00 2.133104734354211018e+01 3.001235598547802397e+01 3.001421329783510217e+01 2.570621631371732363e+01 3.188012847734297139e+01 1.188012860868035325e+01 3.188012847734297139e+01 3.420053228795044475e+01 2.714593033791239307e+01 7.402111104232759864e+00 1.886068228131630065e+01 3.821216521511160380e+01 3.022593175414669631e+01 2.353145695418883676e+01 3.525479677186772687e+00 1.767135692144181291e+01 3.767127523490444219e+01 3.594250058732018971e+01 1.765433972452803602e+01 3.594250061294450660e+01 3.423879784832868722e+01 3.196758101258217977e+01 1.199232180864035335e+01 2.114043297738797023e+01 3.039543601120732852e+00 2.311878713636560789e+01 3.647640426625041954e+01 2.233426864252072974e+01 2.819213301878988176e+01
9.916456059403637724e+00 2.991641031827921182e+01 4.316531147853999073e+01 4.902134487698970133e+01 5.119280655220889287e+01 3.131296132965901080e+01 2.196803621391786621e+01 1.967191943431267021e+00 1.610940965621862020e+01 3.611201826099767942e+01 4.999555614985674623e+01 4.571868853951353628e+01 3.895119538925048630e+01 1.895119642054595488e+01 3.895119692219593333e+01 4.834897229483875236e+01 3.159852170242853475e+01 1.148486080289874423e+01 3.079351432625961849e+01 4.486162724914295552e+01 4.309734662273927341e+01 2.079600850407717161e+01 5.279598819597460135e+00 2.528907233786283371e+01 3.895918393948631575e+01 4.592689329580767321e+01 3.765690146069763955e+01 4.595589179274789871e+01 4.606401228417836791e+01 2.612859577571825298e+01 3.194391235200156132e+01 2.425680317487193349e+01 4.272796433077142630e+00 1.841482083852191565e+01 3.841337837012503087e+01 4.233426864252143673e+01 4.819213301879058520e+01
1.345198996533634528e+01 2.759391057224791055e+01 4.757996083282126420e+01 5.711246711104699614e+01 3.722309434799221606e+01 3.698446039978130528e+01 2.260371907705250294e+01 2.602833669594996291e+00 2.260371910169540044e+01 3.657923972518252498e+01 3.674578776776338884e+01 5.673190698401285204e+01 4.723548878712565369e+01 3.049820180437599504e+01 4.723548878712565369e+01 3.990906492737099143e+01 1.966171468078278650e+01 3.159852170242901792e+01 2.150185063428895660e+01 4.158736805365251854e+01 3.865807685312780251e+01 2.718863599630569894e+01 7.289698147361161951e+00 1.072388179216236992e+01 3.073092938309783051e+01 2.927354573210337207e+01 4.340284129248418310e+01 6.340714377713291583e+01 5.427082837069384880e+01 4.606339751002710159e+01 3.901490281457125775e+01 1.958229654393300123e+01 5.515535965079547687e+00 2.551506818591352044e+01 3.273895369338060135e+01 4.262141831061101982e+01 5.416959824351040709e+01
3.345208587144388446e+01 2.759416077263029266e+01 4.759535400400649507e+01 5.124967764743795584e+01 3.143597771540041563e+01 1.800722364165380895e+01 1.021736458377761636e+01 3.239440683674227994e+00 1.804399978518507908e+01 1.678598809275878878e+01 3.674578776869249452e+01 5.434426565132966402e+01 5.878250882297759006e+01 5.049820299131246770e+01 5.435229295051569665e+01 3.392648399573730700e+01 2.971919112099178761e+01 4.824636753799506295e+01 2.969534795036220132e+01 4.969815613909480589e+01 3.038847645618949400e+01 1.017671600861598868e+01 2.692805995945084163e+01 3.070049008719638195e+01 1.662448822830869233e+01 3.662018736413988051e+01 4.926196583733089795e+01 6.928246196041881433e+01 5.965427991537990238e+01 3.971975032696336427e+01 2.559009593876555044e+01 1.404362898494046874e+01 2.551509786826644088e+01 7.329972811585613535e+00 1.260298656122496652e+01 3.266984057711839995e+01 3.615418765511822841e+01
4.434984956440479920e+01 4.759591634144612726e+01 5.588521999906687654e+01 4.878820426504756824e+01 4.050783764027058709e+01 3.411633705998161759e+01 2.923120189808786407e+01 2.324050025903218852e+01 4.144798144099445025e+00 2.414623788523610770e+01 2.604785835540444694e+01 4.019606767676305736e+01 4.914330052880536925e+01 6.069639729941714990e+01 6.284786733468179420e+01 5.435229295051569665e+01 4.142486091665431758e+01 4.604874462871561036e+01 4.948918418327617275e+01 5.031377813829903545e+01 3.216094899540688345e+01 1.225104557803295968e+01 3.220371789717562905e+01 4.150752570405369823e+01 2.162769874126916392e+01 3.575679885672921188e+01 5.572690802046346192e+01 6.981815403513878948e+01 5.710774585347949284e+01 3.713731376794751071e+01 2.559113132279052394e+01 3.403849632500288891e+01 2.940395559611492970e+01 8.654562701233610156e+00 2.636644442839560298e+01 2.112749284864229793e+01 3.419451963181767695e+01
4.434984956440479920e+01 6.435091924286417964e+01 5.462726082120723703e+01 3.465938106584160039e+01 2.050967589473347985e+01 1.417458394719294290e+01 2.422030713128826562e+01 5.073274834985868509e+00 2.414607516438118395e+01 8.616955455597953062e+00 1.190498290952769622e+01 2.084966618599357346e+01 3.239720526242221865e+01 5.240323706476045373e+01 6.888573594070554407e+01 7.044408340864434592e+01 6.194794938630625580e+01 6.013480061660734322e+01 5.722551875457092052e+01 3.671866973653072108e+01 2.253157557086633034e+01 1.436005123379724679e+01 3.437874158286130211e+01 4.619167200096793380e+01 4.160590840975135052e+01 3.015339080175969499e+01 4.166071567020899380e+01 6.154113220693892572e+01 6.537024790904507654e+01 5.384420081116314094e+01 4.557781151306442524e+01 3.759130735040343296e+01 1.211892286742197022e+01 1.000561595517331170e+01 2.869338886409832057e+01 3.910610542480825558e+01 3.419451963181767695e+01
4.481638655309531316e+01 6.481719854267706182e+01 5.462726082120723703e+01 3.465938106584160039e+01 4.050730957530279852e+01 2.600554782220608274e+01 6.003759045401067418e+00 2.507399431579864668e+01 3.335998167247900170e+01 2.275971205276603015e+01 3.190709853431829401e+01 1.734853023162458641e+01 3.735111164578065512e+01 4.887055425586697055e+01 4.887055425586697766e+01 6.349072606332116209e+01 7.504788164042662402e+01 7.994193247331095620e+01 6.230552706197045865e+01 4.245003188774429503e+01 3.904897023721647287e+01 1.921480064508722307e+01 1.787096072390848889e+01 3.202756447018866481e+01 5.205443755472762746e+01 5.006316836785602220e+01 4.164798501719059232e+01 5.561650248622186865e+01 7.528997074541641155e+01 7.009940701184770262e+01 4.953132773443757486e+01 3.355392950105743921e+01 3.134400271620470235e+01 1.545736809905297982e+01 1.179314130860685417e+01 4.504139059285575541e+01 5.217225733292529810e+01
6.481719854267706182e+01 7.310312234142936916e+01 6.291702746425357162e+01 5.462726082120723703e+01 4.240321146299698540e+01 2.627059044068838745e+01 6.666752589567650489e+00 2.613053249966353064e+01 3.537157947324745777e+01 4.276465149436840107e+01 4.564094563053119913e+01 2.889609347108818227e+01 2.352101748016992744e+01 2.886647876154468406e+01 3.519113979834573769e+01 4.673874761136726619e+01 6.675105868704036993e+01 7.369596044992827899e+01 6.366698215775716818e+01 4.681072983954347677e+01 2.678128704282362449e+01 3.924031204821289265e+01 2.043423881236809692e+01 4.041635832818088403e+01 5.257910570235832637e+01 6.546560784420580603e+01 5.561650248622186865e+01 6.956465897210044602e+01 6.294813673715058400e+01 5.455434164623139282e+01 5.455405637769322880e+01 4.720964260312685923e+01 2.699160919155373506e+01 1.341976530969598969e+01 3.254525192630384112e+01 4.912497562628851000e+01 6.095813347702965501e+01
7.722659608471239778e+01 6.578171584157465190e+01 5.695101237129627236e+01 4.874211634266055171e+01 3.472561758394974163e+01 1.422407558798435723e+01 2.547104859094255147e+01 7.613780037633864239e+00 2.803360672821144206e+01 4.573224162059784703e+01 5.719318478421664054e+01 4.890088126186965667e+01 3.506846242463361563e+01 3.985239438493466935e+01 5.519694550039227465e+01 4.933479391987950180e+01 6.934943135075310749e+01 6.537996613296093074e+01 4.532972621486075582e+01 3.531711721967010931e+01 4.681072983954347677e+01 4.856034946340484026e+01 4.028323704178833253e+01 2.418461897858403731e+01 3.581096039655396623e+01 5.696324056816582981e+01 7.528997074541641155e+01 6.553733266250411305e+01 5.455429605635703894e+01 3.420799306664493145e+01 3.420799076706119024e+01 3.840861592650308154e+01 3.428446778852691068e+01 1.456299398216381569e+01 1.538116376010804665e+01 3.030322935211114199e+01 5.254546720050618802e+01
6.896351476168028682e+01 4.919247932176477889e+01 3.785657953394180453e+01 2.902320165372856664e+01 2.273272172127354551e+01 3.132461573999348659e+01 1.254864284714365397e+01 8.284558509370915758e+00 1.722975159942230050e+01 3.140122906154778093e+01 5.160432150010012009e+01 6.336883165014945973e+01 5.507504744031062671e+01 5.986208046911337988e+01 6.815682483249368318e+01 6.934943135075310749e+01 7.764665820676275132e+01 7.369596044992827899e+01 6.366698215775716818e+01 4.687987712549724506e+01 6.366698215775716818e+01 5.926049898285862128e+01 4.695439311698000040e+01 2.696090248700398462e+01 4.110111970429167627e+01 6.093219175958692091e+01 7.153805145880872374e+01 5.119188836048982694e+01 3.678261345745092115e+01 4.016594950459167990e+01 1.996239314474259174e+01 1.826340797711980812e+01 1.666196984992457075e+01 1.681730704067179616e+01 3.639936896812118050e+01 4.823291745250405427e+01 6.095813385173950394e+01
7.277283002346707974e+01 6.470567604341476908e+01 5.688404949256675280e+01 4.874121912500592657e+01 3.879059422342831454e+01 1.887379731913053149e+01 2.897941040361791565e+01 8.966156688185158430e+00 2.898005636582305300e+01 4.568789545508594330e+01 5.691444250351300127e+01 5.427614276717694253e+01 5.706314789557321632e+01 5.072728180811547816e+01 5.678431759239428089e+01 6.349206835302343421e+01 7.182931687686107125e+01 8.189950696712783440e+01 7.524837148171798162e+01 6.693186919033067284e+01 6.548480658845750213e+01 4.543985748272466196e+01 3.127757555396660294e+01 4.698433055792033741e+01 4.112030850624069700e+01 6.116757050905484761e+01 6.902484136993611230e+01 4.854830386044113766e+01 3.413965795174711104e+01 2.250563094515065998e+01 4.016721917510879791e+01 3.245447895593427035e+01 3.073355885067896764e+01 3.674978087846424302e+01 2.036805086240836005e+01 4.045170449856691164e+01 5.157139369822317576e+01
5.644884004159189317e+01 4.508161915694989119e+01 3.806284835880619255e+01 3.175793981917742670e+01 2.573318939738591027e+01 3.878582089781887987e+01 2.966292203617110346e+01 9.648945435878761856e+00 2.966332981846265682e+01 2.897013590913093140e+01 3.744023329901945374e+01 3.421267476994997025e+01 3.698175153758523948e+01 3.067752584265661042e+01 3.669440466932289979e+01 4.336881607113610926e+01 5.341670816446682579e+01 7.356742854157992895e+01 8.937122995805411563e+01 7.935305983826805232e+01 6.869495919029716902e+01 4.864770159810836958e+01 3.448224667754401196e+01 4.864758629928726918e+01 6.116643133387725584e+01 6.950781930180716017e+01 7.170511789742856479e+01 6.236021811900458545e+01 4.463825841581891041e+01 2.437250791096263924e+01 4.463825841581892462e+01 5.278317415307729732e+01 5.104000655404865228e+01 3.672796285113160764e+01 4.045170450113478466e+01 2.425016749536480276e+01 3.129963341011518807e+01
7.277283002346707974e+01 6.470567604341476908e+01 5.776752419400985161e+01 4.197190130006758579e+01 3.980964539218938825e+01 3.908673344333203659e+01 2.094792079435281806e+01 1.033293101806418157e+01 2.456300632072395018e+01 1.486740022432030628e+01 1.744862943873071259e+01 2.009534643771544893e+01 2.286291772280346279e+01 4.286345635617429650e+01 5.606484161365683860e+01 6.349206835302343421e+01 7.182931687686107125e+01 8.189950696712783440e+01 8.108104692681395420e+01 6.103556585092920983e+01 5.100810739114153591e+01 4.392247388706046252e+01 3.848509429176954910e+01 5.852660155898963268e+01 7.694206395786008557e+01 7.793624724608439180e+01 5.746617706388634161e+01 4.296609230002570001e+01 3.386538767760819013e+01 2.626423747692138022e+01 4.655558196661773707e+01 6.415656091500038372e+01 6.541180747896008540e+01 5.702045477820910691e+01 4.748392120139374839e+01 2.728912803091688488e+01 4.748392120178870357e+01
7.611957423600274808e+01 6.774845030979480498e+01 6.983502703210771756e+01 6.170903451919065219e+01 5.955825879878674556e+01 4.733045710300159925e+01 3.753472692707043734e+01 3.034867198501213892e+01 1.130421697344082332e+01 3.132246959078771553e+01 3.744023329901945374e+01 3.421267476994990631e+01 4.286345635617432492e+01 2.769207074244290823e+01 4.183216337888178771e+01 6.194839782331224143e+01 7.833702182070562969e+01 8.673029007589026662e+01 8.937122995805411563e+01 7.935305983826805232e+01 7.105830638887164241e+01 6.270941977143817780e+01 4.265972373806299345e+01 5.683574830558477942e+01 7.686107131600404330e+01 8.493634538574946191e+01 7.190459543477585669e+01 6.082108235114763062e+01 4.855798344081892992e+01 2.823609210270529246e+01 3.535318554475932018e+01 4.980585203540822192e+01 7.018815509491534499e+01 6.247394095567676686e+01 4.205531094864652886e+01 3.043832522636486715e+01 4.470723795217810448e+01
6.410741073934863721e+01 4.746937649587748353e+01 5.119065587635031989e+01 4.679881992919317923e+01 5.514322357184471457e+01 4.581216705035444647e+01 3.390387527023388969e+01 1.231890994269321382e+01 2.777597645404476623e+01 2.377815691007486265e+01 4.267415955866011501e+01 5.427614276583428676e+01 5.138888942563434625e+01 3.132544986756757055e+01 5.138888942563436757e+01 6.183184453542869363e+01 5.812239058912560807e+01 7.192287217213242911e+01 9.214358437994795281e+01 8.843386639388030801e+01 6.841410148042682238e+01 5.683605329549923368e+01 4.783280038316616611e+01 6.201456148591738327e+01 8.203985766065224539e+01 7.470034366433371531e+01 5.518020607621997442e+01 5.238509003658487018e+01 3.202226801949367285e+01 3.152827808039256041e+01 5.190709546659045515e+01 4.980585203540822903e+01 7.018815509504099737e+01 7.086160135334758081e+01 5.417053380081839009e+01 3.384794995378628357e+01 5.417053380081839009e+01
