LEM/with_lateral_4open/elevation_000352.asc
nrows	100
cellsize	150.0
xllcorner	0
ncols	100
yllcorner	0
NODATA_value	-9999
[rows 0 to 16 of 100, columns 37 to 73 of 100]
8.884754177262699226e-02 6.929726548558100274e-02 7.395023591448830758e-02 4.828361932999872264e-02 4.897713358561925356e-02 8.568734790590110117e-02 1.075183056328203948e-02 6.823539046102447547e-02 7.194897206013613211e-02 1.557559815681563986e-02 7.704183385687686514e-02 1.685416958384493638e-02 9.680445094065920353e-02 7.639902522890137937e-02 4.559330980047965332e-02 5.839666421669215124e-02 9.739037529851846120e-02 3.670263267501718690e-02 2.041064012308905357e-02 6.895211126444661387e-02 9.031524355919069713e-02 1.560024811392830661e-02 7.641644294168103979e-02 3.888124420523987601e-02 6.873285589001959517e-02 4.772367030474261584e-02 9.504926490987847254e-02 5.760415539182907330e-02 9.666222459857021221e-02 9.627991409191682948e-02 1.286757495974483190e-02 9.381044340810595905e-02 7.584058927755046864e-02 1.435327048224320848e-02 5.777975670406795827e-02 2.716720951219454838e-02 4.735230246529398453e-03
1.423098316550370157e+01 2.006929726548522552e+01 5.419175074162952299e+00 2.004828361932964498e+01 2.004691777078788206e+01 1.889211745834820633e+01 6.345346921150870623e-01 1.833748720983627578e+01 2.007193628524073503e+01 1.154631421872025143e+01 2.007704180770604907e+01 2.001685416958348895e+01 9.041076360939895196e+00 1.421853464895997732e+01 2.004559330980012533e+01 4.140879568855305060e+00 2.009739037529816486e+01 1.417883825640609174e+01 8.964682550122324400e+00 2.006895211126409251e+01 2.009031524355883391e+01 2.001560024811236715e+01 1.966062998118904837e+00 1.990185426322528528e+01 1.157370159060005754e+01 1.982905306146671975e+01 2.006231826443897859e+01 2.005760415539147345e+01 3.945663725544707567e+00 1.009620919243814363e+01 1.997555808282369227e+01 1.423907093042462080e+01 2.007584057097484731e+01 2.001435327048095658e+01 1.197388252067847825e+00 1.912474691533940785e+01 2.000403442573957236e+01
3.423098316550440501e+01 3.096617703641483743e+01 1.096617703641519448e+01 3.096617703641483743e+01 3.038097181368774002e+01 1.156681724724207250e+01 1.258621171529383131e+00 2.084596464459905008e+01 2.933061306302156268e+01 3.054732199845643237e+01 3.935451763628561395e+01 3.732534760896430726e+01 2.058808174473261587e+01 3.421853464896068431e+01 2.831116784959777988e+01 8.311167849996765611e+00 2.831116784959777988e+01 3.417883825640679873e+01 2.051168793391504508e+01 3.724895381530762251e+01 3.801990000787164092e+01 1.800249955300851212e+01 3.863498424205020321e+00 2.385599018584724718e+01 3.127102566618452784e+01 3.867185085791017229e+01 2.955616796864741147e+01 9.602444116773424909e+00 2.392010963413737556e+01 3.006991380270294201e+01 3.005332052078496119e+01 3.431951462688714827e+01 3.231504710789252499e+01 2.235966129671852798e+01 2.338870067294055222e+00 1.609504282955083809e+01 3.422878885766976254e+01
4.453243734434526857e+01 3.729073235675112841e+01 1.729073235675184250e+01 3.729073235675112841e+01 4.129576580869890989e+01 2.308264538072895533e+01 1.547031522340963683e+01 2.145105585882577603e+00 1.989421692012416898e+01 2.393899816662259639e+01 4.590426480283107935e+01 4.887235299415428358e+01 4.058808174473332286e+01 4.245330347263002579e+01 2.245330347372746616e+01 1.831116784999658975e+01 1.647613365927388429e+01 3.647613365785900896e+01 4.051168793397675927e+01 4.879595919733205989e+01 3.696117866295107746e+01 2.579840450645515659e+01 5.794653933603862050e+00 1.993353728099626565e+01 3.995744650702958012e+01 4.024256662697148812e+01 2.028745037894108094e+01 2.958040697683217957e+01 1.690364123448816969e+01 3.682469916430584078e+01 4.985201236598332741e+01 3.818680229882815524e+01 1.812961038681604720e+01 3.977564112083683767e+00 2.236229767179660044e+01 1.652005534386625740e+01 3.656597174721029830e+01
3.624816582148797295e+01 4.485002181693554490e+01 2.485002181693625545e+01 4.485002181693554490e+01 5.335092496421000874e+01 4.223275127964407005e+01 2.941946144784371242e+01 2.132914009914263076e+01 3.033775077234488471e+00 2.316225784627631512e+01 3.944235599185768848e+01 3.945319897892383665e+01 5.949905772774640411e+01 5.073757455105005221e+01 4.245330347257024783e+01 2.985817323378890009e+01 3.647613365744152247e+01 2.590422407509435132e+01 4.590422407081033640e+01 4.282244104624054870e+01 2.278758731728000342e+01 8.644856754162198342e+00 2.579839970929178250e+01 1.993353728144477088e+01 3.995744684935279167e+01 4.850674472025043826e+01 3.027212833086552024e+01 4.231656608165228306e+01 2.244670505063042754e+01 4.176750724022512884e+01 5.303587075836600206e+01 4.083143540073651678e+01 2.517326076694465442e+01 5.144334502185209601e+00 2.517326076155012160e+01 3.664686159666016607e+01 4.497262517067395038e+01
4.033064872237529386e+01 5.313429306392183804e+01 3.899215744066670908e+01 5.313429306392183804e+01 4.930601332339183074e+01 3.115685420907194825e+01 3.142842509433317488e+01 2.366587113583910096e+01 3.663403627139807384e+00 2.339097291928196398e+01 1.934838581219761977e+01 3.945319897892382954e+01 4.967989914040182953e+01 5.867897141984958864e+01 5.814244369599045825e+01 4.985817323147123403e+01 4.004635969882279056e+01 4.004635969882674118e+01 5.418849406168460092e+01 4.489181772678477955e+01 2.484879341271927089e+01 1.070128836938091510e+01 3.071926193528658899e+01 3.995744585262735171e+01 4.826596266155825532e+01 5.847958757660226325e+01 4.437298661969763458e+01 4.858672102002851290e+01 2.875875013260350244e+01 4.858672102002851290e+01 4.450148674912051661e+01 2.413805716809973489e+01 1.264288929609202583e+01 6.317369220747621306e+00 2.634890003725513807e+01 3.628867979520273224e+01 3.946330886819364281e+01
3.873679867734120563e+01 5.873679865944655631e+01 5.899215744066599854e+01 6.016122265590625062e+01 4.933874000865595377e+01 3.265895268604287338e+01 1.207757496471828595e+01 2.115922760160377791e+01 4.293970289492983206e+00 7.187442175039642223e+00 2.673003263813000530e+01 2.115892029885045034e+01 3.022530070631107435e+01 4.466968680400776037e+01 6.461202649818682175e+01 6.833062390995266355e+01 5.418849532248398759e+01 6.004635972229899465e+01 5.928637801662922868e+01 3.946649055926070560e+01 3.420710431715971112e+01 1.422774789848771881e+01 1.440158184729427049e+01 3.479623008365271630e+01 4.706774276714211425e+01 6.702414777314318428e+01 6.431205631560416691e+01 5.606354489779179318e+01 3.628172832059596686e+01 5.606354489779179318e+01 4.879317405872195224e+01 2.710637838919677733e+01 3.249103204859705585e+01 2.634890003725825025e+01 8.015260766977954532e+00 1.956616694595123107e+01 3.797247467401725629e+01
4.975864084148631861e+01 6.657093917896160917e+01 6.639825310993586527e+01 4.553713475739650107e+01 3.064092124886551005e+01 2.032332347672166861e+01 2.699101853745552049e+01 5.208271901619085043e+00 2.029072010357769074e+01 2.623798349509741001e+01 1.145524528512631157e+01 3.129862356839928239e+01 4.967832072488854323e+01 5.867583277478919257e+01 6.400985005433872743e+01 7.184242008091055709e+01 7.418849520445247947e+01 6.513702791243144929e+01 4.537014682132005561e+01 3.946649056000374856e+01 1.948292027401819482e+01 3.420710433536747530e+01 1.706377536158688812e+01 2.706476790284866851e+01 4.706774276714211425e+01 5.486902544187312714e+01 6.314664463145077633e+01 6.422619007756105702e+01 5.028087133767931505e+01 6.422619007756105702e+01 5.748250376192925870e+01 4.859385031330129578e+01 3.641751291947957014e+01 1.654003569138531304e+01 2.804825948500550936e+01 9.768106073197834860e+00 2.132398205602879315e+01
3.828666950278193326e+01 5.828666949045341283e+01 6.863782180576868086e+01 4.816332173868546818e+01 3.340100473337896148e+01 4.114406805429272396e+01 2.613846850907362906e+01 5.861297383967381869e+00 2.514305126582393868e+01 3.420962452586805824e+01 1.495180839306264886e+01 3.512842787276525769e+01 4.558969631023870761e+01 5.084694149285746789e+01 4.486489682548135249e+01 6.393727607454059125e+01 7.681639361082815753e+01 5.936770597364507296e+01 3.957216799598100465e+01 2.540464760802062472e+01 3.365080122366250492e+01 4.534225647656048608e+01 3.706625536192535009e+01 2.108797115544503242e+01 2.775065356485412948e+01 3.484347890497683409e+01 4.642696527510747018e+01 6.640109408995178342e+01 7.002415383335987542e+01 6.731564882770440761e+01 4.824467485379433640e+01 3.498796046538011240e+01 2.646960637448988507e+01 3.641751274052298015e+01 3.105655321972042060e+01 1.101978561969533921e+01 3.105630178978944400e+01
5.828666949045360468e+01 6.657093917924946425e+01 7.450060296822046269e+01 5.416016396692949542e+01 5.201316848451644859e+01 4.151589451386936247e+01 2.666297162170994639e+01 6.515374673536070027e+00 2.631291183155558500e+01 4.237611300842097961e+01 3.512831041906665064e+01 2.073512689369102446e+01 2.516509165543770621e+01 3.048664357616539178e+01 3.739033380156543274e+01 4.923703732983261716e+01 6.892940084646350840e+01 6.404461830696436664e+01 4.430391576691482669e+01 3.014877361437971004e+01 5.008583367268686004e+01 6.168911683900307708e+01 4.429615721934469263e+01 2.427680762441515228e+01 4.429615721934469263e+01 5.486062921030789141e+01 6.314664463145077633e+01 7.468151711994617870e+01 7.913965052829345836e+01 7.302085504747424238e+01 5.383043380689932889e+01 5.370414319229934819e+01 4.603690310498580374e+01 3.289397455975100115e+01 1.284430213810184362e+01 3.103544010996644076e+01 1.955307250212926107e+01
7.811794347858094056e+01 7.445774398445298914e+01 6.621254802000156303e+01 6.394154573844417655e+01 4.259470021551935304e+01 2.235759482178387714e+01 1.355775075241651351e+01 7.170517375912162095e+00 2.714733271396994496e+01 3.361286715356064292e+01 4.274959782819659182e+01 4.103796520678051252e+01 4.558988383854921267e+01 4.188305756024813320e+01 5.756211111159293381e+01 5.182128233593658706e+01 7.142169780118476297e+01 6.619484159509903520e+01 4.646541676896178075e+01 3.622926683637547995e+01 5.611682386447812121e+01 6.199363888378708509e+01 4.346055904119349123e+01 4.288749955620509979e+01 2.917580236573308028e+01 4.096731954062813941e+01 6.312762379694468962e+01 7.369555953159955664e+01 6.003122274616843868e+01 6.363929964015469665e+01 5.526080248295276931e+01 5.458440419011760980e+01 4.884285201782534358e+01 2.833940753236341337e+01 1.413979403134892365e+01 3.417818513995621998e+01 3.960527839252078053e+01
7.523862635488531225e+01 6.369689714859659091e+01 4.612006002537152227e+01 4.472880415705141388e+01 5.261200731250799123e+01 4.135961801237879598e+01 3.271191740488698230e+01 2.719926427687489578e+01 8.103129210191575282e+00 1.481871694202147971e+01 3.361119509977570630e+01 4.395095423688114522e+01 5.303628001477265741e+01 6.142674519632912933e+01 6.946661618049532194e+01 7.142169780120873668e+01 7.930039808535669010e+01 7.437051552581502278e+01 5.611682386448103443e+01 4.385806146889238022e+01 6.367606271221809067e+01 6.834770552979126990e+01 5.414616340891552682e+01 3.468360345806533473e+01 4.512458126944098069e+01 5.879934023067931292e+01 7.109832145136762449e+01 6.408300877253894612e+01 4.650716022754389911e+01 5.528257549760738243e+01 3.516175340213684564e+01 3.508683834650666711e+01 3.926310201931209320e+01 3.548934772732548026e+01 1.544618200185668577e+01 2.300922704424859333e+01 3.117773663395514205e+01
6.700260915267669759e+01 4.696727905010108373e+01 3.514278240327367797e+01 2.936638489200112190e+01 4.316345503679652040e+01 3.916753825743507633e+01 3.818658819770985247e+01 3.567939700980830509e+01 2.808677209958710819e+01 9.039454105361247827e+00 1.565392518990120863e+01 2.452334629710047409e+01 3.881167286301428021e+01 6.006673439119094837e+01 6.740772197128630694e+01 6.740772197127650145e+01 8.723872843820886658e+01 8.397154275239685717e+01 7.182068105321104667e+01 5.539102339212881532e+01 7.154017525490006335e+01 6.244375468265491946e+01 4.090752021578523312e+01 4.562127192549981913e+01 6.051191470830521979e+01 7.479758190792826156e+01 6.196184934214051054e+01 5.606755594664161180e+01 3.668668322556794692e+01 5.053268885908919827e+01 4.103149463659936202e+01 2.107294549309839127e+01 1.940431041549894431e+01 1.775838497136498262e+01 1.774282722001304080e+01 3.777646748839779178e+01 4.933200512387750081e+01
5.619886993607759962e+01 4.610397262086834047e+01 5.543520592465161201e+01 4.316345503679652040e+01 2.248040254069591271e+01 1.863073751749539397e+01 2.303693207916401420e+01 2.097475038569330863e+01 9.981681335821766865e+00 2.906538621650401311e+01 3.560162109349633397e+01 4.411883028937698725e+01 5.373589034790642671e+01 6.562683995936058068e+01 4.739007060771858448e+01 6.344487481212113522e+01 7.051390308730744039e+01 7.869569826960909609e+01 8.315546817128505097e+01 7.499363689481367601e+01 6.799959088669173468e+01 4.762872741423628042e+01 5.695549275456718163e+01 6.239836793040371532e+01 6.952337246824156125e+01 7.108114415827506605e+01 5.905955592063441628e+01 4.030715774027331122e+01 2.924224914781332174e+01 4.185695898664871351e+01 2.350889202950152779e+01 4.103119553324835067e+01 3.348886566222475381e+01 3.772316562733088574e+01 3.778205510602541750e+01 2.105481859797385980e+01 4.110070710620151857e+01
7.438680175900080371e+01 6.615055484992731749e+01 5.767375963347786438e+01 3.724637479538697704e+01 4.088093845126757486e+01 3.591610348781178175e+01 1.395422298601829958e+01 1.096765900631125312e+01 1.228312209304387004e+01 3.232401501448234171e+01 4.395897146783931930e+01 5.782857900748928870e+01 5.876134787190855491e+01 5.051181060248320165e+01 3.731976362115056389e+01 4.339263256206416486e+01 5.051967176817265681e+01 6.211196629366302346e+01 8.199116218841643899e+01 8.398281153410259492e+01 6.227471438909154955e+01 6.399680638430758961e+01 5.557398994139877857e+01 7.183502865754337563e+01 7.822086003624684736e+01 6.252316913304801460e+01 4.388158348980537937e+01 3.269683760815956219e+01 4.459397108143912192e+01 2.602452595862110130e+01 4.346344429434796552e+01 3.605634948112566462e+01 5.355356940145151867e+01 5.269664878865154378e+01 3.261189751203058051e+01 4.110070710622006374e+01 2.461793395452122368e+01
7.550577817755826970e+01 8.126187858999959701e+01 6.596083401725239526e+01 5.758650104567345807e+01 5.117145556747618684e+01 2.788661023710871234e+01 1.197443560287631215e+01 2.936065612818063997e+01 3.227059157215334295e+01 1.561513010003149304e+01 2.980723524756420417e+01 4.169839317556763802e+01 4.431311291756033199e+01 3.042499656412763542e+01 5.051181060248320165e+01 6.344487481212113522e+01 7.051390308730744039e+01 7.869569826960909609e+01 9.013678093775649813e+01 9.294470748830379137e+01 8.121694281704672846e+01 6.505041594942696292e+01 6.678372712158950719e+01 7.903337182888496670e+01 6.802744130922964416e+01 5.035249372310295968e+01 3.626028988562814703e+01 5.024142643081329851e+01 3.014943950520621740e+01 4.647663799341437141e+01 5.582114372210656228e+01 4.754718061816812735e+01 6.419533591699961050e+01 6.102070213329263737e+01 4.419671235416004151e+01 4.743053715904530776e+01 2.736423720421688444e+01
5.578079457855971413e+01 6.155810851591185440e+01 6.459125822874928247e+01 5.636377016106015247e+01 5.112960052605075845e+01 3.102300448991315562e+01 2.685694228693131080e+01 1.298408484506643035e+01 3.455626968397761800e+01 3.568231385449963255e+01 1.907759455669792814e+01 2.160572973386268458e+01 2.421868383253197976e+01 4.421475858730973840e+01 5.288138737021069602e+01 6.116252597166833738e+01 7.010551397360096360e+01 7.341667254794221265e+01 9.319917587139998716e+01 1.003296565841711896e+02 8.172854503218515276e+01 7.638683298682045120e+01 8.402994933327948957e+01 7.358574330425487631e+01 5.292286532329320181e+01 3.997835155132094798e+01 5.612920355956772767e+01 5.343203305063532582e+01 3.311122055060769043e+01 5.343203305063532582e+01 6.670354079571565364e+01 6.746071512894695843e+01 7.568086410491572735e+01 7.262753800901515433e+01 6.430780174739523147e+01 5.082480349525237528e+01 3.074405307293627132e+01
