LEM/with_lateral_4open/elevation_000587.asc
nrows	100
cellsize	150.0
xllcorner	0
ncols	100
yllcorner	0
NODATA_value	-9999
[rows 68 to 84 of 100, columns 0 to 36 of 100]
5.009162696260269221e-02 2.005009162696224578e+01 2.412957382118927896e+01 7.215746974384695811e+00 9.424377495881607558e+00 2.942398564622442336e+01 2.947702054523883319e+01 3.980338266850532847e+01 4.452011753686814188e+01 3.182419210173775426e+01 5.182260239974844040e+01 6.862883933220693677e+01 6.426849314920042389e+01 7.093276448224007424e+01 7.920477913874570675e+01 8.919443743765414467e+01 8.981712256913830572e+01 9.174998875924748631e+01 7.885260201407189129e+01 6.055812786557434180e+01 7.885260201407189129e+01 8.494453560959173899e+01 7.344575378846788283e+01 6.189709364663496416e+01 4.178327964437907838e+01 4.362448664742512250e+01 4.973261332808114332e+01 6.388584441009806625e+01 8.335177565632626795e+01 8.646779237353291592e+01 7.466786558417315689e+01 5.468856501983134422e+01 7.396758624587506858e+01 6.663329497965165160e+01 8.074867824336634214e+01 1.006951496391322962e+02 9.845947507200727955e+01
4.695337527364121244e-02 1.418908899900446663e+01 3.418908899900375786e+01 2.722502526870376016e+01 2.942398564890932633e+01 1.836864910828110808e+01 3.836794081570305792e+01 5.770309775179669032e+01 6.010008400457914490e+01 5.182260239974844040e+01 4.035221038158564255e+01 5.035207462412878954e+01 6.449235559969416443e+01 8.448081357329996877e+01 8.288428355593919150e+01 7.461515346423851724e+01 6.987207678306944558e+01 8.398373012266659998e+01 8.885818216593976615e+01 8.061895943557391320e+01 8.885818216593976615e+01 8.382405179259765760e+01 6.391995696656623949e+01 4.972955345587278231e+01 5.604853735466938502e+01 5.188110284675088479e+01 6.972060684843053480e+01 6.243358827479281814e+01 8.226193750754313783e+01 8.858001420402440829e+01 6.880690265766888558e+01 6.224694400894582458e+01 8.220601601642260903e+01 8.659084100710857967e+01 9.484905132364185931e+01 1.051794774299760746e+02 9.527319340226716804e+01
7.614146464036156137e-02 2.007614146464000626e+01 3.053273091581210252e+01 3.881700216327909914e+01 4.664967661209648497e+01 3.836794081570305792e+01 2.991563227053616814e+01 4.146247751502605894e+01 6.145901610882471999e+01 6.034945698166753658e+01 5.449366703398874279e+01 6.862883933220693677e+01 7.862473386949423571e+01 7.396467288029791121e+01 6.569930524267269334e+01 5.467873060850669731e+01 5.577728032843158701e+01 7.571384544273281847e+01 8.298775068519684339e+01 9.126227827841083240e+01 1.027893959778231476e+02 8.599179315895804621e+01 6.609941127932715688e+01 5.734141881748383440e+01 7.601702349118718871e+01 6.192122565013796276e+01 8.005610186312404153e+01 7.655997803798231871e+01 9.063860941552937334e+01 9.665545987221575785e+01 8.858853821000410278e+01 7.636477679577529898e+01 7.854689543376582606e+01 9.848807496925692817e+01 1.109755934597761353e+02 9.119212708718910676e+01 7.716027073438684170e+01
2.352828262072655108e-02 5.187506077563925899e+00 1.053273091581245957e+01 3.053273091581281662e+01 4.824509257909415538e+01 5.718936448909347092e+01 4.991400909618565862e+01 5.819447191960257726e+01 6.973787476752747239e+01 8.033978285829026333e+01 7.448658458649703107e+01 7.657600363615850370e+01 6.813643406418965753e+01 5.920910161311680753e+01 4.572454254236987481e+01 4.311892352269128281e+01 6.310485454644340564e+01 7.148717024717267066e+01 6.306816105000618222e+01 7.455383940925824504e+01 9.450868774139303241e+01 9.419457322853135395e+01 8.549934668607131982e+01 6.735136642955698960e+01 8.549934668607131982e+01 7.601268353161397329e+01 8.997439500565408821e+01 9.658598337730614958e+01 9.363284442437021937e+01 9.213950387999720704e+01 1.004339185626272553e+02 9.630810478818690967e+01 9.848807496925692817e+01 9.901266782540491818e+01 1.077174226249971838e+02 9.949970925490593743e+01 8.039285494639889862e+01
6.786455232800275850e-02 2.006786455232764865e+01 3.053273091581210252e+01 1.996082133163326233e+01 2.890509324163257787e+01 4.304722886536402626e+01 6.304722886536331572e+01 6.807522007360941529e+01 6.807522007360941529e+01 7.634778944982842575e+01 7.127820648031355688e+01 5.673868596442251544e+01 5.557863870765045533e+01 3.538343917010129047e+01 3.418121899949947817e+01 5.416686985461623749e+01 6.209136903715055666e+01 5.155566599631048064e+01 7.148717024717267066e+01 8.362433275825382850e+01 9.189744643734262297e+01 1.018736663606125319e+02 9.542480666798530820e+01 8.722730355529186852e+01 9.542480666798530820e+01 9.577944170613372421e+01 9.055846144217549920e+01 8.781424699592560046e+01 7.370034886544665653e+01 7.221547508576156815e+01 8.628040140295290428e+01 1.062846285434114861e+02 9.540768295751252026e+01 7.822526025056907883e+01 9.540768295751252026e+01 1.077341548131156088e+02 9.674569841804515136e+01
3.257643153035955086e-02 2.003257643153000345e+01 3.830307223097428704e+01 3.996082133163255179e+01 4.824509257909415538e+01 5.718936448909347092e+01 6.221521652669673585e+01 4.808264360356515255e+01 4.808264360356515255e+01 6.807522007360941529e+01 6.295418303467921817e+01 4.268568178042914951e+01 3.781430468261930145e+01 3.033401881850512893e+01 5.032185309964125963e+01 3.874527258890884696e+01 4.209183787221331130e+01 6.209136903715051403e+01 5.619274759326835067e+01 6.371615137102135407e+01 7.364931768329108763e+01 9.359773285280972743e+01 9.960398669980895647e+01 9.127011051260495833e+01 9.959760850559629830e+01 8.999859281755874463e+01 7.074763071469892850e+01 7.074901481819458127e+01 5.988468577244830016e+01 7.953844164868462485e+01 9.820798886841139108e+01 9.371079034108721828e+01 8.540039817000948119e+01 6.660321710535717443e+01 8.684132366321020413e+01 1.003944127460778191e+02 1.072854399588258758e+02
1.880098487986705744e-02 1.001880098487978010e+01 2.416093660861048065e+01 4.416093660860941839e+01 5.526629370268529584e+01 4.947949186184471415e+01 5.393833367825052250e+01 3.394248818508695109e+01 5.393833367825052250e+01 6.353369256819727440e+01 5.521336029871640960e+01 4.663561271799558483e+01 2.667836524719600533e+01 4.665117285873952113e+01 5.858377911096039270e+01 5.875812320153541890e+01 6.209136903715046429e+01 4.802763447751889458e+01 6.797287360086190233e+01 7.026090744327125037e+01 9.019629497259269613e+01 1.018736663606125319e+02 8.951361217151581684e+01 7.111308220122083412e+01 8.945070272490994512e+01 8.177978132424280489e+01 6.221069106164451767e+01 5.160048616146904976e+01 7.074901481819458127e+01 7.014514024369685785e+01 8.992540126731255157e+01 8.217453591492116516e+01 6.545285345405636690e+01 5.918384686088934643e+01 7.203743420152227372e+01 8.927669967827579001e+01 1.008825783589933849e+02
2.900726248362994752e-02 2.002900726248327601e+01 3.752304727454649935e+01 4.561648545309797242e+01 3.542764396650849790e+01 2.960717799185638910e+01 4.363677090504906175e+01 2.761801074443325277e+01 4.761509212832957871e+01 5.521504072143827102e+01 3.524371919568017120e+01 4.108829078793506540e+01 2.427064833515853692e+01 4.424675558611067316e+01 6.119154963654992940e+01 6.945333886844061055e+01 7.460875433850057448e+01 5.470111212558446567e+01 7.460875433850063132e+01 9.019629497259269613e+01 9.847285909282086891e+01 9.314763785868808554e+01 8.118945369871605067e+01 6.092387212360033999e+01 8.118945369871605067e+01 8.091819102475129455e+01 6.580474340925594845e+01 4.709507011206107308e+01 5.455815196912344334e+01 7.377488577166961647e+01 7.965247916296583242e+01 7.139189976924616587e+01 5.428506071889060536e+01 5.249958849478979772e+01 6.102610329743586703e+01 7.245713339697567790e+01 9.254159944608942112e+01
5.081304048347550645e-02 2.005081303949450700e+01 1.768140181127699151e+01 3.462206177286354603e+01 2.654112153362969551e+01 1.547821828671987632e+01 3.542764396650849079e+01 2.184451995320606699e+01 4.184156690850791449e+01 4.864449910949272038e+01 4.108829077447321509e+01 2.110837073151040499e+01 4.108829072055728204e+01 3.369712742418554541e+01 4.125164819210529998e+01 5.535524911647345903e+01 7.528162550620363902e+01 7.460875433850063132e+01 6.728584874412689487e+01 8.135810260131036387e+01 1.013367456030675555e+02 8.482468020874001979e+01 6.460556180136656224e+01 5.414215436005486737e+01 7.443417506263890004e+01 7.268991074431926336e+01 5.351912961170818051e+01 4.323680060023807670e+01 6.162115617060244688e+01 7.502488456891036606e+01 6.683140140821203090e+01 5.208221672264930646e+01 4.633051692809841171e+01 5.249005209287490459e+01 6.101453340698277827e+01 7.244655937613249819e+01 9.248420451238830253e+01
4.469920835086939326e-02 1.369231565415911733e+00 2.112592787450057230e+01 2.458072265004056689e+01 6.542105026741360518e+00 7.918961808384383794e+00 2.791798340008691071e+01 1.649929631375086814e+01 3.281990421293070170e+01 2.854533808880371382e+01 3.599207396656399283e+01 1.897636356967336013e+01 3.895842070673283075e+01 5.365497529518074060e+01 6.119154963654992940e+01 6.945333886847150495e+01 7.342763516360875542e+01 8.170231409393646516e+01 8.720971165761993404e+01 9.548725126280874065e+01 9.167650534133784390e+01 8.002123863451926411e+01 6.831583915974680110e+01 4.811719686918127792e+01 6.831583915974680110e+01 7.173062898460720760e+01 5.268685522570380186e+01 4.000089815796618353e+01 5.383380179913076802e+01 5.722427674937894437e+01 4.794442473761459667e+01 4.191814401068013751e+01 4.374358348702572385e+01 7.070902458726538953e+01 8.030283706983651371e+01 8.922279416387786455e+01 1.007959271584055614e+02
2.324776005098762310e-02 2.002324776005063356e+01 3.263286460657421451e+00 4.608632048650041391e+00 2.460788914408731642e+01 2.791793241659717495e+01 9.913980480599633438e+00 1.133531858963702454e+01 1.286030429296305932e+01 1.439876583142458522e+01 1.599493960035981566e+01 1.849493960033128204e+01 3.849166571302527018e+01 5.039095393535490786e+01 6.538720344237279392e+01 5.711083146343710837e+01 5.344371351432017292e+01 6.945679894736782956e+01 7.652114436687317323e+01 8.479574603750290862e+01 8.335525427861789183e+01 6.312704909358347294e+01 5.144474596470626437e+01 4.338648536423344382e+01 5.763460428609089803e+01 6.597745171260925190e+01 6.629571701650843352e+01 5.383456866485119008e+01 3.552384465551306647e+01 3.561614717500410876e+01 3.789617250296042528e+01 5.592835602766815839e+01 6.747130605943945625e+01 8.183097737545482175e+01 9.134262935032137420e+01 9.154797584864714111e+01 9.984160698756097929e+01
8.699724428260374731e-02 2.008514729501209217e+01 2.337314628446399212e+01 1.615559025311431895e+01 3.290690218912413201e+01 3.798332447518240684e+01 2.991288967209612082e+01 1.765987310787830111e+01 3.285935736679353170e+01 2.106569959588210850e+01 3.535783957703527136e+01 3.849155538530825993e+01 2.211636940695299813e+01 4.211237275727284413e+01 5.025407727586965478e+01 3.712012955219459798e+01 4.314977882625570516e+01 4.947276980211280772e+01 5.654015816376793424e+01 6.807651281973070923e+01 8.805672558586920218e+01 8.002123863451926411e+01 6.769270220346434996e+01 4.757650636871754557e+01 3.781687439612434787e+01 5.268015530561011417e+01 5.625364634589000445e+01 4.835371343443809877e+01 3.233018489016163244e+01 4.218345433718221216e+01 5.436755126373063263e+01 4.277110184327606390e+01 6.113558167349064121e+01 6.369208176542056776e+01 7.752217870172147229e+01 7.171250330037106835e+01 9.154797584864714111e+01
2.249585233037712170e-02 1.416467633964493977e+01 3.416895501479573483e+01 3.616492416298624590e+01 4.449658248502145597e+01 4.835733951834478006e+01 2.835025851374012262e+01 3.766078277446283096e+01 4.594821312286958204e+01 2.814589878839572279e+01 4.803605530259596179e+01 4.637526300645042454e+01 2.638038255719182601e+01 2.683041220196762566e+01 3.026037824313345581e+01 3.658479652620662392e+01 4.325081022527720620e+01 6.323826778364785639e+01 7.652114436687317323e+01 8.479574603750290862e+01 9.633031073588379911e+01 8.787488967366518011e+01 6.769270220346434996e+01 6.597745171260883978e+01 5.268015530561011417e+01 3.296460447910855862e+01 4.836179020781150939e+01 2.967101479625852889e+01 4.078205505454376834e+01 4.753449309922277877e+01 6.277755486922264083e+01 6.113558164192082245e+01 4.789084358471126990e+01 5.222241411076611683e+01 5.840550054040257066e+01 6.981911735719806700e+01 8.902369303412845625e+01
2.739267172789772165e-03 2.000273926717243356e+01 3.868318186119962832e+01 4.696745310866123191e+01 5.851445849245354225e+01 5.667472940238986467e+01 3.989757376248060439e+01 5.667472940238986467e+01 5.726290690202344535e+01 3.823931439805269150e+01 5.726290690202344535e+01 5.084598797848587282e+01 3.085250834715684931e+01 4.682518617999024713e+01 4.439988183868230465e+01 4.658643665768315145e+01 6.323826778364785639e+01 5.479267624181176899e+01 6.892301930931994036e+01 8.890347872101513360e+01 9.134884659844007615e+01 8.299394090115126232e+01 7.352014534132410972e+01 5.339366242446810418e+01 3.940664485491766555e+01 2.962606937736268620e+01 4.484482895581076889e+01 2.781903190078722332e+01 4.551711748662091139e+01 6.414001032316022588e+01 7.246670530243817154e+01 7.511070419568868317e+01 6.241422629480391038e+01 7.188662338319832656e+01 5.630958867477082208e+01 7.484611321501373027e+01 9.694432843260639743e+01
8.327778614586213435e-02 2.008327778614550851e+01 1.868318186120033886e+01 3.023018724499264920e+01 5.023018724499193866e+01 5.692786520672313344e+01 5.992462939074255246e+01 6.824925466097866433e+01 6.766725447061639898e+01 5.895263913697822034e+01 6.766725447001843463e+01 5.555803911878161472e+01 3.556649933838108524e+01 5.555803911878161472e+01 6.438735529711001959e+01 6.657320658670533930e+01 7.484859673970717608e+01 6.892301930931994036e+01 8.304982232441312817e+01 8.639929765688133045e+01 8.299394090115126232e+01 6.246628207194462590e+01 6.847869414113530695e+01 6.762488232053642889e+01 5.764822878800076467e+01 4.499183816354234011e+01 2.522811273111577535e+01 3.777063016780105897e+01 4.519012163875003552e+01 5.880239345796420025e+01 5.597591483668637125e+01 6.407951239624266293e+01 7.528394439607335187e+01 8.797468259787650879e+01 8.745699938249141780e+01 9.482479120018005858e+01 8.899957754192686821e+01
6.510866554257997707e-02 7.136176477408024965e+00 2.713617647740766969e+01 3.895939516758024013e+01 4.724366453435549573e+01 3.692786537485756071e+01 5.106999762105662199e+01 5.423387785410856310e+01 5.423387786905016128e+01 6.251813492284486529e+01 8.040598088172805546e+01 6.383456741189381489e+01 4.711103088281009121e+01 4.409348497268784683e+01 5.303431134382687873e+01 6.457232364805510372e+01 8.455300502391095563e+01 8.890347872101513360e+01 8.639929765688133045e+01 6.599784782615556367e+01 6.974158362412525491e+01 6.318425965035164182e+01 4.763903179246416641e+01 5.644690947430909489e+01 6.461466944452470784e+01 4.838400086743965289e+01 4.241306713167220721e+01 2.302036527314269065e+01 3.487879746717084117e+01 4.911915294368032647e+01 3.694285388431008244e+01 4.784046827420412029e+01 6.708920867747490036e+01 7.963359416421920400e+01 8.951869532063467716e+01 8.892187537131293595e+01 7.734584247269378920e+01
8.953482861371392376e-02 2.008953482861335971e+01 2.491238980711903395e+01 1.895939519893853387e+01 3.003851845232560080e+01 2.278572975131423206e+01 3.637783573339856957e+01 3.423387817895744689e+01 3.423387817895742558e+01 5.423387786087319995e+01 6.040601005174585936e+01 7.537198246068564345e+01 6.709686268217929239e+01 5.408924934869558854e+01 7.235618323758789927e+01 8.129207165270314306e+01 9.282699150149363732e+01 9.431047867077708702e+01 7.407385851791153186e+01 5.948213991586083438e+01 4.900550451137459618e+01 4.243329200207375607e+01 5.471271258247126212e+01 3.553687482733192837e+01 4.631161515389581496e+01 4.293420114556899847e+01 3.936891022332988399e+01 2.148808434790999655e+01 2.574608844492075832e+01 3.008442277877636073e+01 4.924670878273168739e+01 4.537923675409904689e+01 5.201109335972384429e+01 6.155940707896915143e+01 8.125241774026603991e+01 8.059163006966177534e+01 6.056650152402479392e+01
