LEM/with_lateral_4open/elevation_000205.asc
nrows	100
cellsize	150.0
xllcorner	0
ncols	100
yllcorner	0
NODATA_value	-9999
[rows 68 to 84 of 100, columns 0 to 36 of 100]
5.009162696260269221e-02 1.419222725069367819e+01 3.419222725069437985e+01 4.993676369241160984e+01 5.091077877203731106e+01 5.309337878263090005e+01 6.135832260413248207e+01 6.575452759045263917e+01 4.899907018679616044e+01 6.575452759045263917e+01 6.975880110792512312e+01 5.564024977511363090e+01 3.559004577540229519e+01 5.328834006165708104e+01 4.482553347995143156e+01 5.639133785410836452e+01 7.640178709598298212e+01 8.445714868788476792e+01 7.604119164735143954e+01 6.976186606283634717e+01 5.307847588819650753e+01 3.237719666716240852e+01 5.307852750293550059e+01 7.238285564838571418e+01 8.080306873646907206e+01 9.256021910085438265e+01 7.630457653431857068e+01 5.631799524870471174e+01 6.216987421393420732e+01 4.660091226098897721e+01 5.043943243519889563e+01 5.454052702912626671e+01 6.155038446733045987e+01 7.570886988989765598e+01 9.589680470932620437e+01 9.671015149115085308e+01 7.674921331343023212e+01
4.695337527364121244e-02 1.418908899900471710e+01 3.418908899900542053e+01 3.302772281464697102e+01 3.091838134809125194e+01 3.310636874343268943e+01 5.021069374588127943e+01 6.174417641165725712e+01 6.901551194665321987e+01 7.731408328036332023e+01 7.198064756890750004e+01 5.196782917445997896e+01 4.229491177992411366e+01 6.231291877270835755e+01 6.484874883958137559e+01 7.314515549002086914e+01 8.470357990752896171e+01 8.854776110613877904e+01 7.943287393741995572e+01 6.130594077675315390e+01 4.055136431539305164e+01 3.457781996839617022e+01 5.531464176861835824e+01 5.181129959769466353e+01 6.376393683313585825e+01 8.415645522531066547e+01 8.468832705058964905e+01 7.630482875395911435e+01 7.143574843573586008e+01 5.150032148423343870e+01 7.035832116093838806e+01 7.452546979513461167e+01 6.342028848749831837e+01 7.497737985171029607e+01 9.516518541273558185e+01 9.602257064181200974e+01 7.679437756878326127e+01
7.614146464036156137e-02 2.007614146464000626e+01 2.693506217954828230e+01 1.259201612089128552e+01 1.676259374068762753e+01 2.192824907967993653e+01 3.349302892327145287e+01 5.348217489815397130e+01 6.717472898955855953e+01 7.868203156344978311e+01 8.028040285655735886e+01 7.060746318302159352e+01 5.645276630999561007e+01 5.645276630999561007e+01 7.059803574463578002e+01 9.061400813511178853e+01 9.451229441293429545e+01 7.419422999098726734e+01 5.972395703754368412e+01 5.042169776084020327e+01 5.859942433149784335e+01 3.782457543730001959e+01 3.974106901341794895e+01 6.050582815538366077e+01 7.145440265527484769e+01 7.986858939934906232e+01 9.161312372051638420e+01 8.564690945945456235e+01 6.554927199836254204e+01 5.774329693164024491e+01 7.776819814363086891e+01 9.187874345540495824e+01 7.342027329649691580e+01 9.187874345540495824e+01 1.035389725700779451e+02 1.043787950211737012e+02 9.311750375279370928e+01
2.352828262072655108e-02 3.453499985470910527e+00 6.935053104584882888e+00 2.575406429819407705e+01 3.081034047492589423e+01 4.194143608868480300e+01 3.137098044793654594e+01 3.894699742353892447e+01 5.049501194160098549e+01 7.041853582646503185e+01 6.615108448364115645e+01 7.443594215319517104e+01 7.646057832576343571e+01 7.646057832576343571e+01 7.560046309421376520e+01 7.778252272335151929e+01 8.602992466559967966e+01 8.854776110613877904e+01 7.943287393741995572e+01 7.101257196241498093e+01 6.197021597906869772e+01 4.119132970499894952e+01 6.050582815538366077e+01 4.591977094615117494e+01 5.088222890277016575e+01 6.284602680368015371e+01 8.321453932088208205e+01 9.400986050595912502e+01 8.564684861901031354e+01 6.770339514433291583e+01 7.186443935953431605e+01 9.202113266917623946e+01 8.766905475798631642e+01 1.019740160036452039e+02 9.834276546242651307e+01 9.006236896139671444e+01 8.299515493459476545e+01
6.786455232800275850e-02 2.006786455232764865e+01 2.693468445975094028e+01 2.112476719418608084e+01 4.122730639593358148e+01 5.772044156352829702e+01 5.136822986930263824e+01 5.891568394833280564e+01 6.717472898955855953e+01 6.288843627876006792e+01 4.615044495903792665e+01 6.288843627876006792e+01 7.371625206901002514e+01 6.545688464424692654e+01 5.562011345310219212e+01 5.780656601779649861e+01 7.679688638687090929e+01 8.677657612561696965e+01 9.361887822475266319e+01 8.188610056931996439e+01 6.542607700066851351e+01 4.469091087106962590e+01 6.542607700066851351e+01 5.637077998917970234e+01 7.145480398455617888e+01 5.975834214525446697e+01 6.813337867548072779e+01 8.843975948138940169e+01 9.620533227290293610e+01 8.191008872420607645e+01 9.202113266917623946e+01 1.003923327317532284e+02 1.079159307782628190e+02 1.041950051101258339e+02 8.420843939650868037e+01 7.007326911160340899e+01 6.300388734173706240e+01
3.257643153035955086e-02 1.417471205526118361e+01 3.417471205526047129e+01 4.139232349772527897e+01 4.979362146727526550e+01 5.444959947504917608e+01 6.273623747620273861e+01 6.053140532657471340e+01 5.224670513903318891e+01 5.460370987014682953e+01 3.460340733304083471e+01 5.460370987014682953e+01 6.218336335648062629e+01 4.546655946114533720e+01 4.147892169600056178e+01 4.854998465080781500e+01 5.854975097199640288e+01 7.852950674620494453e+01 8.522097873724713679e+01 6.487955970341450040e+01 5.295131796758289511e+01 4.942208278288626389e+01 7.003534185240216914e+01 7.684080926529442479e+01 7.684080926529442479e+01 7.420284772985952770e+01 8.014971425286098849e+01 8.249389664558486857e+01 1.027943421795990133e+02 1.021321737714069542e+02 1.027204909914460700e+02 9.443057327373665544e+01 9.702548974446796137e+01 1.053165688866816367e+02 9.006236896139671444e+01 9.006236896139671444e+01 8.299515493459476545e+01
1.880098487986705744e-02 1.416093660889646877e+01 3.416093753473413130e+01 4.859110454641262322e+01 4.030454898649165330e+01 3.444601233187417932e+01 5.444959947504917608e+01 5.224670512737025518e+01 3.224639745352370568e+01 3.810435193449988134e+01 2.753233835353120540e+01 4.400311497497392565e+01 4.759525246134685261e+01 3.391963270430174759e+01 5.391546501859530593e+01 6.853962885910064529e+01 7.679688638687090929e+01 8.677657612561696965e+01 8.435170526128359825e+01 6.400672332319521729e+01 7.347685498236491242e+01 5.439151084012554804e+01 6.891209616129208371e+01 8.919967123887012406e+01 9.715812419526706378e+01 9.450672006631391753e+01 1.004490586420415497e+02 1.027943421795990133e+02 1.111793047896505584e+02 9.824540175912572693e+01 8.995669338038462115e+01 7.443807159254323835e+01 7.703191441154766039e+01 9.702548974446796137e+01 1.100504543595548199e+02 9.382692585369122185e+01 8.229235534928922391e+01
2.900726248362994752e-02 2.002900687804617164e+01 3.858830706911210484e+01 3.030386124344765619e+01 2.030361189064065286e+01 4.030388808509077592e+01 4.283165042613734386e+01 4.278247006119119078e+01 3.451222706428912801e+01 1.810424753783886942e+01 2.102154736779680988e+01 2.400297133779658765e+01 2.759507737833375884e+01 3.426174404029774223e+01 4.133281159437597552e+01 5.027707868486710652e+01 6.182433609270909614e+01 8.184749475619143766e+01 9.275006107533283739e+01 7.420382767730411899e+01 8.328146648277382269e+01 6.891237615022902219e+01 6.283618632472668963e+01 7.054252343169423511e+01 8.066981545442405377e+01 9.501701919976216004e+01 1.153285488592240142e+02 1.019939803256582138e+02 9.370370221748117956e+01 8.995669338038462115e+01 6.996247035995500596e+01 6.289302630836407815e+01 8.201854796156314364e+01 9.030515056903462323e+01 1.018520109274939216e+02 8.555151347385987037e+01 6.557311371574922987e+01
5.081304048347550645e-02 2.005080990157622267e+01 2.285561701493557152e+01 1.030360841236701219e+01 2.575181674350367089e+01 2.724252862676537390e+01 2.289036939434419438e+01 3.110639461122986660e+01 1.451214149730330760e+01 3.451222714322864960e+01 4.102166959280805969e+01 4.400311497497392565e+01 3.253100028845170755e+01 5.253124900800528252e+01 6.133801170304035111e+01 6.964695648069877620e+01 7.860504643956340942e+01 9.018202408318141750e+01 1.028933329328881285e+02 8.855280916326350393e+01 9.760245454746086580e+01 7.943163525614228604e+01 8.316000840631340907e+01 9.081792525957411044e+01 9.920822232791556416e+01 1.093472137170665235e+02 1.077184926894181700e+02 9.370370221748117956e+01 7.370851208090229534e+01 7.956496768079179560e+01 7.581864270234900971e+01 5.581830581233504063e+01 6.202164010299210162e+01 7.356809491809843848e+01 9.356208149242347361e+01 9.184331301727948471e+01 7.186674541872314137e+01
4.469920835086939326e-02 1.448424021038060783e+00 2.855619110498641700e+00 4.273381520515307841e+00 5.751824062424447881e+00 7.242536047424301238e+00 8.750092770313106172e+00 1.110711537426828421e+01 3.110715976365480984e+01 3.084210127926066747e+01 5.084241452967756203e+01 5.253124900800528252e+01 4.667319263726751899e+01 4.518014248857137716e+01 5.932251648465361882e+01 7.932371988572438681e+01 8.805986885980657064e+01 8.810706383632550853e+01 9.666387362148232398e+01 1.088563645207095618e+02 1.080967663631194284e+02 9.971963226449852868e+01 9.516621644153646287e+01 8.688861691470762594e+01 9.516621644153646287e+01 1.002771373780701225e+02 9.942610932708124949e+01 7.943057078672538296e+01 7.956496768079179560e+01 5.956657732898852231e+01 6.887537839744705082e+01 5.046888985140399342e+01 7.047332782645693783e+01 8.863646634895107468e+01 8.524117310145261683e+01 9.353470118407577161e+01 8.599317234198122151e+01
2.324776005098762310e-02 2.002324776005063356e+01 2.285561730251678014e+01 1.427338132587528108e+01 2.574689756988079026e+01 2.138513745960849022e+01 2.875012184236074120e+01 1.157842426126969571e+01 2.562773498862843269e+01 4.556442334620358281e+01 5.912709058283668639e+01 7.253211272508950458e+01 6.667384814738649368e+01 6.518073332893578709e+01 7.346546581973315426e+01 8.182928134057414127e+01 6.782273766125304348e+01 6.783420649032332506e+01 8.804744865823752775e+01 1.030084365557556509e+02 9.446528919482710762e+01 8.618764626272705698e+01 8.517109420064998915e+01 6.689574158025924078e+01 8.517109420064998915e+01 8.028698624036289289e+01 9.441958114145199943e+01 8.309982047507209302e+01 6.310432192465098922e+01 5.554167038653024235e+01 4.887055649415391656e+01 4.620205287156828433e+01 6.035082013617704177e+01 7.109933379535445397e+01 6.524159215786772847e+01 8.524117310145261683e+01 8.378558944484225890e+01
8.699724428260374731e-02 1.422919593754866874e+01 3.423490457162615996e+01 3.427312619306426456e+01 3.427131314868274359e+01 4.140692117247481008e+01 3.348528499065171360e+01 1.360887850815715971e+01 2.506381844497571265e+01 3.911868975029683071e+01 5.916141796965771960e+01 6.302359017877543579e+01 6.647806844064010079e+01 6.965843187888285115e+01 6.135037576302750750e+01 6.540719833161367092e+01 5.357147993574771050e+01 6.365863254585062236e+01 7.521829338923615182e+01 9.494641429547749567e+01 8.292344616351935827e+01 6.619366307682530248e+01 7.689217924748334099e+01 5.689393047412026760e+01 7.349656421177039078e+01 6.614783023871021328e+01 8.614196595165334713e+01 9.138645336408323772e+01 8.309982047507209302e+01 7.554223240290541241e+01 6.220710442968270826e+01 4.220035811900373801e+01 6.220709379217831270e+01 5.109558401278383144e+01 7.109933379535445397e+01 8.182647928947470461e+01 7.550683704295944665e+01
2.249585233037712170e-02 2.002089834051231776e+01 3.328355052795463820e+01 4.483491456438193268e+01 5.425561972668603516e+01 4.963503324205021272e+01 2.970876286788540455e+01 1.569319040525014053e+01 3.555617907734558258e+01 4.693290428314897156e+01 5.711562220764032816e+01 4.290103541223694350e+01 4.633517183724841004e+01 5.585347082442159916e+01 4.115345736677360122e+01 4.528399090233791213e+01 5.542249475280366511e+01 6.704478070622347730e+01 8.686505655447510321e+01 8.397872902776289550e+01 7.398083164758303099e+01 5.464441605627649068e+01 6.982173058773311425e+01 4.981918401335843782e+01 5.349617572797134102e+01 7.349656421177039078e+01 7.663502888012978076e+01 8.491436211861119432e+01 9.323476627718390830e+01 7.340096580111074331e+01 5.339876024155036305e+01 3.925085568467360986e+01 5.537088101632522807e+01 4.353251943220573850e+01 5.353729399161350244e+01 7.353948111417753353e+01 7.291285834258997056e+01
2.739267172789772165e-03 5.002739267172810145e+00 1.654974478947674754e+01 3.654986242700339716e+01 5.336333091231371384e+01 4.967079963998757819e+01 2.970963871784910992e+01 3.555617907734558258e+01 1.879001446148689780e+01 3.863703400834510404e+01 4.421452118792506525e+01 2.882984349047713479e+01 3.217586462414438131e+01 3.570606357351539373e+01 5.585347082442159916e+01 6.547103988043724598e+01 5.809166058956974155e+01 7.821260096394576067e+01 9.488667617035932267e+01 7.569955052877736534e+01 5.570040457888381980e+01 4.569598876546436372e+01 5.717024807419593202e+01 4.349141602367596704e+01 6.349636996987085524e+01 7.336990658422793388e+01 5.663633670112308494e+01 7.336990658422793388e+01 8.494668984108004395e+01 6.494890919338941160e+01 5.339876024155035594e+01 5.537088101570145682e+01 3.536508244436052451e+01 4.951186658215748793e+01 6.950344894176113542e+01 8.182647928947470461e+01 8.119189648163964534e+01
8.327778614586213435e-02 2.008327778614550851e+01 1.353076792246360682e+01 2.507777383195700693e+01 4.507797824194015845e+01 5.798080372914525782e+01 4.967225651729992819e+01 3.496595828169248676e+01 3.863703393817893073e+01 2.200838197163310639e+01 2.434873940530181002e+01 2.882984349047713479e+01 3.344275146100610385e+01 5.352922168128336722e+01 6.417264697627958014e+01 7.455331640065750776e+01 7.821617087107354394e+01 7.821617087107355815e+01 9.835681943046466813e+01 8.397872902776289550e+01 7.131333809496274512e+01 5.131198836752091808e+01 3.716460505239619749e+01 5.238799642320347516e+01 6.067119239508902240e+01 6.508877856713978360e+01 4.508500354677973831e+01 6.508877856713978360e+01 7.784485576423914210e+01 7.894977723266457303e+01 7.068129380613521562e+01 5.297969766964937577e+01 3.297419530980312885e+01 4.712087983182573225e+01 6.713099231154535573e+01 7.234804418935958381e+01 8.063198903531423412e+01
6.510866554257997707e-02 2.006510866554222616e+01 3.353085484198889077e+01 2.507777383195700693e+01 3.921993089455317261e+01 5.922055559702570804e+01 6.328006778742158644e+01 5.497144792236067445e+01 5.016238695819559723e+01 3.339472940893286079e+01 4.421452118818194776e+01 3.272090994976450418e+01 5.275863649558196755e+01 4.048945003585473046e+01 4.608614559140539768e+01 6.625464485477691312e+01 8.458654714967539689e+01 9.459618230693871510e+01 9.120026960631945201e+01 8.120651632475475878e+01 7.293053516201271691e+01 5.773444190678472410e+01 3.772910208088270423e+01 3.238251011497087006e+01 4.846459776687304100e+01 4.984931307445387461e+01 3.801123901341454570e+01 4.956261868186427222e+01 6.956442345281077166e+01 7.068129380613748936e+01 5.068288205561532322e+01 5.065410525843344658e+01 3.064866091613687260e+01 5.065410525843345368e+01 5.969791221609945353e+01 5.234642932074851274e+01 6.649122997635832633e+01
8.953482861371392376e-02 1.423167045234478856e+01 3.423167045234549022e+01 4.507797824194015845e+01 4.507797824194016556e+01 6.507920653908406905e+01 6.239432817748478044e+01 6.825143069422802000e+01 6.173036560155693309e+01 5.341640839704167831e+01 4.425043108601300190e+01 5.275863649569745206e+01 5.275863649569745206e+01 5.477090473984953434e+01 6.037574789127300079e+01 5.620828515031573858e+01 6.628465871932205289e+01 8.631735039915415086e+01 8.292740357939207740e+01 6.293366674672081729e+01 5.293055626447318218e+01 4.626058058625392988e+01 5.773444190678757337e+01 4.846459776687304100e+01 2.845912015641002313e+01 2.984382345438896067e+01 4.984931307445387461e+01 5.570482748358404024e+01 6.398737876284796755e+01 7.171886530100330504e+01 5.654006138336178822e+01 3.653595720988613493e+01 2.836872833226200186e+01 3.391717786255148326e+01 3.969219044827053011e+01 5.124404038125673821e+01 7.124611590283240048e+01
