LEM/with_lateral_4open/elevation_000069.asc
nrows	100
cellsize	150.0
xllcorner	0
ncols	100
yllcorner	0
NODATA_value	-9999
[rows 68 to 84 of 100, columns 37 to 73 of 100]
7.474807506605090168e+01 7.841462462233531028e+01 8.666823116307836017e+01 8.085138222951754017e+01 6.638723001020410663e+01 4.633140370225353877e+01 4.557483590436646637e+01 5.164451898341116731e+01 5.831585095388592777e+01 6.832686604755646442e+01 8.833409840771312815e+01 1.030766538237358105e+02 8.848789544580114352e+01 6.848175925519186080e+01 5.429750515334231409e+01 7.434142088018620598e+01 7.545684120622142643e+01 8.959999005682188056e+01 1.095930515474035190e+02 1.014405191680588416e+02 8.133763410653801884e+01 7.913873530876708173e+01 8.640047425241480994e+01 6.964718673582176223e+01 8.640047425241480994e+01 7.980218464046900806e+01 6.592975635856674899e+01 5.558024081569824659e+01 3.638925699609038134e+01 3.479497860982908719e+01 4.369627680485641008e+01 3.103802410715951154e+01 4.909795144061036609e+01 4.787748622370951068e+01 4.206372586403785618e+01 6.191325815828022172e+01 6.654987366222626122e+01
6.443478013639096957e+01 5.838255266664863541e+01 7.154368062658889471e+01 7.980794644909175872e+01 6.229335008709687571e+01 4.217124072275174740e+01 6.229335008133152485e+01 7.165893807320099995e+01 7.833048219951534463e+01 8.661063527409554297e+01 9.661036070973580081e+01 8.893402358318844847e+01 7.479139327142712546e+01 7.141771528310371764e+01 5.134423001706006318e+01 6.555577104659569443e+01 8.556970056075631703e+01 9.515531857943226157e+01 9.515531857943226157e+01 1.034369807787922895e+02 1.014405191680588416e+02 9.924110218373036219e+01 9.795853294169195635e+01 8.964026293921133970e+01 9.046980419791698580e+01 8.118087899406532415e+01 6.158508647796458035e+01 5.745459760957417927e+01 3.887629431641299504e+01 3.880318976069014525e+01 5.519064561035008865e+01 5.085732465828509419e+01 3.690560020256151574e+01 5.669187905913877756e+01 6.191333903747580081e+01 7.020042150091971678e+01 6.657099246448015606e+01
8.444919894966943730e+01 7.154368062658890892e+01 5.148258020002788982e+01 6.535269062710024457e+01 6.027565044876474332e+01 4.010191980187099858e+01 5.440395796276504825e+01 7.445117008255064661e+01 8.430108382181488480e+01 9.257544829975182665e+01 8.893415332063372603e+01 7.892210245212665143e+01 6.061596049336953484e+01 6.860686473710399014e+01 4.849375379676288844e+01 6.860686511959639233e+01 8.515325323424339388e+01 7.515118788905441249e+01 7.515118788905441249e+01 9.515531857943226157e+01 1.140371736820169417e+02 1.079324637326972578e+02 9.631597375444015086e+01 8.798736627753501693e+01 8.216546927649041265e+01 6.244396650670594084e+01 6.158508647796457325e+01 4.288350272095744486e+01 5.745459760957417927e+01 4.294972146794767554e+01 6.282744968822471776e+01 6.496649915091592220e+01 4.829105816633421000e+01 4.367103363552948991e+01 5.763675587224037855e+01 7.761957015557884176e+01 8.653660059495821599e+01
7.753864680372753071e+01 7.045183924895343353e+01 6.535268958521362492e+01 4.523499797077216300e+01 5.829225007642520495e+01 3.807005226432913503e+01 5.829225007661445090e+01 7.014327933211401955e+01 6.427892469905783912e+01 8.430108382181488480e+01 8.065030691566414589e+01 6.061596049336967695e+01 5.052649068592355519e+01 6.205962797701388922e+01 4.570820901062266017e+01 6.586981824372426786e+01 6.512669919600705271e+01 6.097442002349109913e+01 8.101026211652413167e+01 8.576145898105323795e+01 9.989931633167554992e+01 9.961138950890266131e+01 7.947799068381286247e+01 6.800803024062942370e+01 7.645229123839760632e+01 6.606292969420475458e+01 4.706504987798896167e+01 6.158508630098894088e+01 6.725956669688797263e+01 4.743853684006483462e+01 6.725956670486192479e+01 7.647085167745630940e+01 6.816761381135282249e+01 5.505288614352010512e+01 5.205920077768381304e+01 6.610926092518110408e+01 8.617609840841149094e+01
5.749412808794827612e+01 5.036826943536081558e+01 6.124289275875720762e+01 4.106322853673348305e+01 5.564859894791125328e+01 3.606839687312419329e+01 4.290132362591610615e+01 5.007321139172369584e+01 7.014327933211731647e+01 8.872110231325056873e+01 8.893415332063372603e+01 7.892216023108038314e+01 6.205963154470549625e+01 4.182186809200899802e+01 6.205963154470549625e+01 6.278361496923999141e+01 5.088515068486081816e+01 7.099234107000762606e+01 7.896590317370626622e+01 7.161344170125489939e+01 9.161771904253450316e+01 9.771311505440419864e+01 7.759438548173146444e+01 6.358979331441170046e+01 5.681064078818977237e+01 5.217086890915525288e+01 5.527341390480713557e+01 7.428906736912379927e+01 7.205163224994657867e+01 5.229343984113280897e+01 6.620848605698125766e+01 8.615823503819346740e+01 8.332875790971843344e+01 7.501433391007249440e+01 5.904184672396588951e+01 7.906647773713662275e+01 9.367058332516079133e+01
5.535365607345741523e+01 4.772718097641982382e+01 4.128843453766256033e+01 3.718228516035534881e+01 3.536756080563890237e+01 3.415696414906972933e+01 5.445965598625505066e+01 7.014327933203155396e+01 6.038493558277230733e+01 7.455301894801412743e+01 8.612532934471104795e+01 7.387196134299611572e+01 5.377017357440552559e+01 3.937216752116390950e+01 5.756133553412092141e+01 4.255781368778219331e+01 4.767912475224216706e+01 5.311018226963652467e+01 5.893395938596781036e+01 7.051074168168928225e+01 9.051586856490141031e+01 9.620834552399432482e+01 7.609417158613709375e+01 8.213339966622667987e+01 6.231847819727002502e+01 7.154187862584569757e+01 6.637678413111316900e+01 8.308335470136887579e+01 7.955351077440542440e+01 5.970540583462345552e+01 6.363360045663441156e+01 7.506256105311189231e+01 9.514613347525911990e+01 8.738624760250664281e+01 6.901295688936762929e+01 8.738624760250664281e+01 9.105701863439828969e+01
6.782655658447183100e+01 5.778979099958503696e+01 6.147058069207445641e+01 5.181718018326406394e+01 3.147286284805496948e+01 4.966340783737241082e+01 5.799548622277054477e+01 5.618316234445552482e+01 4.610789968786574633e+01 5.777907372769978167e+01 7.784143424804712197e+01 7.153528185039624532e+01 5.140315617787181424e+01 3.697547541145038252e+01 3.724171996176430355e+01 5.756133553412091430e+01 6.781844504157260189e+01 7.318317910458519293e+01 7.896590317370626622e+01 8.724948863641797914e+01 9.879751582183048697e+01 1.045348787482170678e+02 9.030440156678592700e+01 9.045216653881996649e+01 7.365497473933378103e+01 9.045216653881996649e+01 8.628699957484765548e+01 9.460918346520496414e+01 8.787209110498874054e+01 6.953713795823087196e+01 8.355087753104314174e+01 9.187285535551596638e+01 1.034702429093773191e+02 9.743493396493954606e+01 8.911999858490555937e+01 9.743493396493954606e+01 9.937339451019295211e+01
8.614246486359614607e+01 7.784822438238163045e+01 6.607830216953421143e+01 4.591340065731629494e+01 4.962874307443878052e+01 2.926650773090059587e+01 4.753370319523171617e+01 3.589765366901596622e+01 5.618315999386015136e+01 7.455301894801449691e+01 8.112532084228209328e+01 6.953606497699908573e+01 6.123864833259948171e+01 5.401683794541556694e+01 3.366474344626553261e+01 4.142817315917419307e+01 5.318022232537077798e+01 6.741851122966215826e+01 8.743369380460930529e+01 9.346412366099997371e+01 1.017431339952553202e+02 1.101907613312120873e+02 1.104617270969773983e+02 1.020405147027977932e+02 9.371514350044161290e+01 9.843813738918426282e+01 9.022343583526327393e+01 9.843813738918426282e+01 9.789980995613139214e+01 8.956988359057993421e+01 9.789980995613139214e+01 9.936993203119531870e+01 9.115521596383517533e+01 9.115521596383517533e+01 9.043831668313785599e+01 9.865215039292478139e+01 1.109880716669643590e+02
8.454205245499814225e+01 7.629751537619554824e+01 7.438697627443569615e+01 6.607560447042391161e+01 5.797534881839774101e+01 4.753370319523598653e+01 2.705529361105817898e+01 3.632307607790959736e+01 5.070918506296148820e+01 7.080717172563618078e+01 7.285554641284495858e+01 5.273817042112877118e+01 4.098964194951165751e+01 4.950198689748246750e+01 3.179543998510895975e+01 5.218092700387325777e+01 5.799212301104550704e+01 7.806593186475296875e+01 8.752788082587537133e+01 7.345486426487175891e+01 8.191177236336763201e+01 9.914108480352987840e+01 1.106850560947688962e+02 9.871485705451405579e+01 9.050273451721518825e+01 8.860065379434941235e+01 7.061353195030785912e+01 8.860065379434941235e+01 1.008880360265685709e+02 9.602996413436849821e+01 8.782209468842852118e+01 9.115521596383517533e+01 7.151199114634260923e+01 7.151199114634260923e+01 7.080143744367573788e+01 8.728214444319422682e+01 9.608003020904128277e+01
7.629751537619554824e+01 5.624961235142463067e+01 6.212150719880977334e+01 5.573724626791241121e+01 5.010706779977400060e+01 4.608483279146730638e+01 2.555416077120741036e+01 4.609443873117715640e+01 5.659574906227329194e+01 7.665131403516296871e+01 6.726122333876486437e+01 4.705500332634794347e+01 4.705498627675568457e+01 2.919679571781876604e+01 4.953578288161055809e+01 6.054196895291218539e+01 7.806593186475296875e+01 8.165577728557055082e+01 6.750274137065346736e+01 6.187477728216813233e+01 7.084948837203940286e+01 8.240821682589539421e+01 1.024085401831371627e+02 9.050273451721518825e+01 7.087218662885530307e+01 7.662184098694868339e+01 6.085647141780447100e+01 7.302473815667941892e+01 9.102969331004901221e+01 8.464927297811529172e+01 6.815307788134295208e+01 8.464927297741849088e+01 7.726535849101414044e+01 5.767639345856784416e+01 5.950999464749872203e+01 6.825867259498954809e+01 7.953962767284690472e+01
7.629751537619554824e+01 5.624961235142463067e+01 4.193276532917610666e+01 3.543734152704042373e+01 2.967871746801056076e+01 4.256401998083843807e+01 2.408967448117867960e+01 3.872538315534963971e+01 5.910518533250735373e+01 6.492613805394510962e+01 5.298249654513829654e+01 4.462465299004312413e+01 2.672120870530213921e+01 4.112344451930664491e+01 4.955100046264170288e+01 6.973660836802905294e+01 8.752788092804065911e+01 6.750274137066503499e+01 5.327720350661935811e+01 7.336796895281338493e+01 8.450492643890180489e+01 9.605968073888598724e+01 1.012601606564474253e+02 9.304080238948948534e+01 7.662184098694868339e+01 5.702687609492899412e+01 5.341741621325957823e+01 6.322479899508743983e+01 8.284056181874169056e+01 7.646618254016242133e+01 5.681245472548859965e+01 6.596082313224528093e+01 6.488848085025038870e+01 5.068527525954799273e+01 5.815463084303127772e+01 6.793785552676988004e+01 8.176913477698300881e+01
7.718903409824962125e+01 7.039583240321135804e+01 6.212150719880977334e+01 5.573724626791241121e+01 4.265166217139684335e+01 2.211666725529615363e+01 4.262493121672912366e+01 5.310618790192327054e+01 6.262092051004764670e+01 5.062585882637969803e+01 3.632592165457442235e+01 2.431484198048651990e+01 4.462465298794670332e+01 5.540687779010943359e+01 6.968993825899435990e+01 7.766638113096215079e+01 6.937100655472812605e+01 6.304549773443775962e+01 4.848819836578113041e+01 5.614724709948061587e+01 6.775642860069471851e+01 8.777885790253144194e+01 8.315689448911602710e+01 7.337607637948090655e+01 8.479352184168470785e+01 6.682435854093880323e+01 4.713050282165870897e+01 6.682417710772448061e+01 7.949638228895423708e+01 7.818363730001348699e+01 6.583440218336691885e+01 4.622058833860786820e+01 4.515189792782787492e+01 6.488848085025124135e+01 7.774351622630801728e+01 8.592058219776163241e+01 9.575566199263612077e+01
5.711112891431442051e+01 6.079549316337543985e+01 5.557644531305504643e+01 5.103591155568282289e+01 4.129305078931441386e+01 2.086445073643462322e+01 3.949250897723241138e+01 4.787513713394132253e+01 4.831721587523544770e+01 3.401313476934869584e+01 2.197545655913608442e+01 4.226368541452908545e+01 3.868902235079835350e+01 5.895453298370269835e+01 7.577160381142674339e+01 6.605240890943738918e+01 4.921807530136798192e+01 4.282641422052119395e+01 6.304549773044181649e+01 7.621890295352311284e+01 8.450492643890180489e+01 7.743965718918812513e+01 6.352953248216673643e+01 6.206683583128054948e+01 8.168736753407081608e+01 6.280464740354427278e+01 4.304783886886967537e+01 5.166339244348917958e+01 6.558352379602354176e+01 7.034271980282952086e+01 5.134089113439033980e+01 3.989297088069483266e+01 5.970540024948257951e+01 6.812601793483298707e+01 7.505333421873160660e+01 8.322027206578718506e+01 9.456818219926022095e+01
4.828017177943519300e+01 4.058220775602496389e+01 3.527056104182129559e+01 3.062908924145779110e+01 2.637770610398923310e+01 3.948630075629392877e+01 1.922768341436981387e+01 3.772352110782964019e+01 3.769244250560015530e+01 1.968197255226344566e+01 3.401313479089673564e+01 5.062602974968010017e+01 5.895453298344133941e+01 6.727597175348189751e+01 6.152970223089692325e+01 4.728780065036709601e+01 3.744830032335130454e+01 4.658282308729311438e+01 5.827409759156436309e+01 7.834859449235135287e+01 8.315689416557810887e+01 6.352953248177138335e+01 4.960334736916217935e+01 6.088884554971137675e+01 6.904669781912018323e+01 7.096000259178346425e+01 5.742732792345935167e+01 3.759382500630130153e+01 5.742732792345935167e+01 6.119443408354123903e+01 5.302668531585453593e+01 3.686810897908355145e+01 4.242756069399656127e+01 4.845053225069495539e+01 5.545992493965751891e+01 6.677159272529272016e+01 8.636640348634479381e+01
6.079549316337544695e+01 6.079549316337543985e+01 4.706056896025010161e+01 4.512324182292849173e+01 4.093914037563465058e+01 4.786700411901252750e+01 3.176426909856627390e+01 1.757837661504365911e+01 1.744269410336158899e+01 3.769108390159372846e+01 4.830189326179517906e+01 6.262146711796470555e+01 6.500422224192988097e+01 5.668071180724840730e+01 4.896154845968040803e+01 3.287574090324595488e+01 4.728780065036709601e+01 6.605240890943738918e+01 7.505661149196949111e+01 8.663483372893171008e+01 8.101238125859511285e+01 6.139518729438102440e+01 5.001447598651562032e+01 4.110527368754856070e+01 5.478350272461636905e+01 6.294937889307459500e+01 5.397462319419263110e+01 3.409163003483655530e+01 5.397475699374852098e+01 4.950940872414138028e+01 3.312996428138185934e+01 4.724859315912846824e+01 6.219363576868984467e+01 6.812601793483327128e+01 7.505333421873160660e+01 8.322027206578718506e+01 8.822952993052965098e+01
8.086306689986041363e+01 7.550787045054909186e+01 6.720934874647383594e+01 6.531035901433128288e+01 6.118968097293929276e+01 6.045019381278952864e+01 4.610439833049052538e+01 3.611113733832981865e+01 1.587993495581509329e+01 3.014814965769217636e+01 5.010022823009859394e+01 6.392627831729308951e+01 5.332880016971432013e+01 3.640539563337355133e+01 2.863279835192257750e+01 4.040380921356483412e+01 6.065163766883740948e+01 7.577160381142674339e+01 8.605244880207462188e+01 8.870880968747559336e+01 8.919945335075556159e+01 7.784840926563829555e+01 6.088884399577559492e+01 4.901008083708327945e+01 3.490762706683848648e+01 4.937397455209951858e+01 5.066090040333939015e+01 3.071788420423520094e+01 4.608566065405117484e+01 2.954569842737598506e+01 4.950940872414138028e+01 6.119443068567310462e+01 7.514025200247331782e+01 7.749568971762752767e+01 7.864913393316778922e+01 8.665699516224000831e+01 7.994324409451658653e+01
8.233131707874618144e+01 8.200348378347462130e+01 7.196846932499373395e+01 6.367395817722169227e+01 5.652814834381622688e+01 5.067144810362112395e+01 3.946174253876503002e+01 1.919778397985127683e+01 1.492257780540233369e+01 2.923632739815145598e+01 4.977784379919193469e+01 4.962818080680457911e+01 3.533008329631607580e+01 2.466392584330975524e+01 3.904265527035366290e+01 5.730490612116123117e+01 6.896493820606895042e+01 8.015843534040631368e+01 6.597082124562717809e+01 6.863281379445743369e+01 8.281648164319393857e+01 8.874127729899819883e+01 7.688867755279582639e+01 6.294937919493958844e+01 4.937397455209951858e+01 2.939863233515105279e+01 4.421635657180816281e+01 4.338257603736290946e+01 2.603905053401701863e+01 4.608566065405117484e+01 5.768637535827135565e+01 6.620866754285120237e+01 5.821351594163237309e+01 5.821351594163237309e+01 5.946582248076352784e+01 7.864913393316778922e+01 8.555968343825097122e+01
