LEM/with_lateral_4open/elevation_000027.asc
nrows	100
cellsize	150.0
xllcorner	0
ncols	100
yllcorner	0
NODATA_value	-9999
[rows 68 to 84 of 100, columns 0 to 36 of 100]
5.009162696260269221e-02 2.005009162696224578e+01 3.648571887527980806e+01 3.815555501715620323e+01 3.229769064088694819e+01 5.229769064088765163e+01 6.252864644267009453e+01 6.001787788699404302e+01 6.830214913459498405e+01 5.501477489436139479e+01 3.471326535079357001e+01 5.501477489436139479e+01 6.431673750499332698e+01 5.844063353440849085e+01 4.948672899444154893e+01 2.951820210294185287e+01 4.242682128227320248e+01 3.982652947578318248e+01 1.960900346239885650e+01 2.779146484035011966e+01 3.789511887514093758e+01 5.237079995089294471e+01 7.283211659100217616e+01 7.581659301745547452e+01 6.751646733023483193e+01 7.128598306367102566e+01 7.128598276404355261e+01 7.958742143357846999e+01 8.342006827242229861e+01 7.846374884134225169e+01 6.295969691218100905e+01 7.470856540681690205e+01 9.997224938818247608e+01 8.905098816299806685e+01 1.028033978309537986e+02 1.064534125789714665e+02 9.630939293053639005e+01
4.695337527364121244e-02 2.004695337527328647e+01 2.660854963336242207e+01 1.815555501715549980e+01 3.510223957136614814e+01 3.424437519509697836e+01 4.587574226326259463e+01 4.001787788699333959e+01 6.001787788699404302e+01 6.334612007797490918e+01 4.646139000911428951e+01 6.334612007797490918e+01 7.145887063298503961e+01 5.146017776138695154e+01 3.735262525573492809e+01 4.948672899444154893e+01 5.316955377033447405e+01 3.277849195567903706e+01 2.116708453046514649e+01 4.139765403374663322e+01 5.222853515306678673e+01 6.677745576560157303e+01 6.540754755155906253e+01 7.373978119997728697e+01 7.127305222899737203e+01 6.756659738999353237e+01 7.575829957519422919e+01 7.626116405632939177e+01 9.599360994422411864e+01 9.763566434368911473e+01 8.819191016150129769e+01 9.723986369824118015e+01 1.098462198065217024e+02 1.082764271145277633e+02 1.123095045955426627e+02 9.241129120407444475e+01 7.818373296435555631e+01
7.614146464036156137e-02 3.320569887255618635e+00 6.608549633362778231e+00 1.038819436345508329e+01 1.510223957136544115e+01 2.010223957136552997e+01 2.587574226326188764e+01 3.587574226326223936e+01 5.001787788699368775e+01 7.001787788699510884e+01 6.669892625876212833e+01 7.499504475968200268e+01 6.144738495846888782e+01 4.732334108261923689e+01 5.731765928861099724e+01 6.560496141583834628e+01 6.157847808315010951e+01 4.618185846423167362e+01 2.588348099354247722e+01 2.354153497909953074e+01 4.379449515503824841e+01 4.839542777097702242e+01 4.470150847267469629e+01 5.492690299456293701e+01 5.128419652441669996e+01 4.706710924338447199e+01 5.622430264656760812e+01 7.047291675167626579e+01 9.023522920159253147e+01 1.002573577529897761e+02 9.182435525664644160e+01 9.236379876579245263e+01 1.037690064288253069e+02 1.089347801571349947e+02 1.169397454035792236e+02 1.064534125789714665e+02 9.750854522073308317e+01
2.352828262072655108e-02 2.002352828262037221e+01 2.660854963336313261e+01 2.453032998718628477e+01 2.107864403995224833e+01 4.010223957136623341e+01 4.587574226326259463e+01 5.416001351079366088e+01 6.416001351083220072e+01 7.802747401983302211e+01 8.630919557737001924e+01 8.975919983216145681e+01 7.560345624771771611e+01 5.884952557162997522e+01 7.560345624771771611e+01 6.813282567367141951e+01 4.763702577613194222e+01 3.321533004628559382e+01 4.618206823865781985e+01 4.379447653780214011e+01 2.594991625219774889e+01 2.809474175633994619e+01 4.839542444933961463e+01 3.453069351662252728e+01 3.689302688754629855e+01 5.717498024936526946e+01 6.920180631064953047e+01 7.956879397171752544e+01 8.779533431453270964e+01 9.084999064800214796e+01 7.509917732817689284e+01 7.803592555502218886e+01 9.446353053424061841e+01 8.951359888864607228e+01 1.089347873842438474e+02 1.010968234131489965e+02 9.284786869060329195e+01
6.786455232800275850e-02 2.006786455232764865e+01 3.648181348826858539e+01 4.453032998718698821e+01 3.522077966368370028e+01 3.522077966368370028e+01 5.522077966368440372e+01 7.216843573587831884e+01 6.388548114296782643e+01 5.802767589438663265e+01 7.802747401983302211e+01 7.570587423939394967e+01 8.399246463552151454e+01 7.887189870359054567e+01 8.716195865141069987e+01 7.407771283600951051e+01 5.364010658027876133e+01 3.960953029111193047e+01 6.012890032778521743e+01 5.466092905177173122e+01 4.622876632442685718e+01 3.003464564507918055e+01 3.123882986536439788e+01 5.152515949674697282e+01 5.728945187839885023e+01 4.059838843370176420e+01 6.103761833043856200e+01 5.935396990258343664e+01 7.105048860264592747e+01 7.482521471961888437e+01 6.407584600668985786e+01 8.345201368519438745e+01 7.536335094583819227e+01 9.515083957527778580e+01 1.046759996836129005e+02 9.284786869060329195e+01 7.275774257550983748e+01
3.257643153035955086e-02 8.197542240807690561e+00 2.233967786453889204e+01 4.233967786453959548e+01 5.522077966368440372e+01 5.522077966368440372e+01 6.350505091126827040e+01 6.388548114296782643e+01 4.388378169757994129e+01 6.388548114296782643e+01 7.244257702273877442e+01 5.570113339771167915e+01 7.122875874745403735e+01 7.951531981487812573e+01 8.951796730612859676e+01 7.309236501293011656e+01 5.259533011667343061e+01 5.413140604815037449e+01 6.854142135505362887e+01 6.004068903881367447e+01 3.955192230677499055e+01 3.328331292016854803e+01 5.157505197970215249e+01 4.558658275419762873e+01 6.602855726910449619e+01 6.103761827024266751e+01 4.446275756120756739e+01 4.747058223060199822e+01 5.068028276325776460e+01 5.459100331957581886e+01 5.963047426821447772e+01 6.499578666670655025e+01 8.501131749577044161e+01 1.032223094896400113e+02 9.636790869124681080e+01 7.621978894959609363e+01 6.611268570098104647e+01
1.880098487986705744e-02 2.001880098487951187e+01 2.819754224080804761e+01 4.819754224080875105e+01 5.204133880119577782e+01 6.025966144953790149e+01 7.089338136346938768e+01 5.089322638899368201e+01 3.721677347131364400e+01 5.172000835994965229e+01 5.631005321691205268e+01 4.415247800925248356e+01 5.122434864632051443e+01 6.122620782260128891e+01 8.123130967230692079e+01 8.144208016076014189e+01 6.714525017682606745e+01 7.460813773436532870e+01 7.099899832990098503e+01 5.049787887712584222e+01 5.705957796356946687e+01 3.658206605281836943e+01 5.705957787313305118e+01 6.603895644435866075e+01 7.440646276929322767e+01 7.212133472259968414e+01 5.172520084740779822e+01 6.789775985378200573e+01 7.105048860264592747e+01 5.991038575312860814e+01 7.977020866799321652e+01 8.501124724728759929e+01 7.925465417425110104e+01 9.890913216059814772e+01 1.047356471025760527e+02 9.459722958587420294e+01 8.627192385903981631e+01
2.900726248362994752e-02 1.417114288621445439e+01 3.417114288621374385e+01 3.801584783682303481e+01 3.220629926043852720e+01 5.204133880119577782e+01 6.338587434183071423e+01 5.089322636669114530e+01 3.089211585981861319e+01 3.171903776246974260e+01 3.630740923891912075e+01 5.045094349628292463e+01 7.045519536788710013e+01 7.951531981487812573e+01 8.951796730612859676e+01 9.015672452681336324e+01 8.744997030724310605e+01 8.536758526698255878e+01 6.504733474842483076e+01 7.099899832990098503e+01 6.058308992385623526e+01 4.003766118251210315e+01 6.058308992385623526e+01 6.836523226954128063e+01 8.865744179609879438e+01 8.039851769041263196e+01 6.202488230699358240e+01 8.039851769041263196e+01 8.760852102709579015e+01 6.764476462322946304e+01 8.006293050452872251e+01 9.990061255114902394e+01 9.890913216059814772e+01 1.070130381499164969e+02 1.133001942946698222e+02 1.050190698358464090e+02 9.770442216421150761e+01
5.081304048347550645e-02 2.005081304048312063e+01 2.862693635952754789e+01 1.809896596569130267e+01 3.220629951849485906e+01 5.204142954812705568e+01 4.924297761912362859e+01 3.510105139388101492e+01 2.554687554314170228e+01 4.554770474816323400e+01 5.624542463889652311e+01 6.452097545842345028e+01 6.784047933190441881e+01 6.973192635432643272e+01 7.802108229546520590e+01 7.015035112863580480e+01 8.429617766201170070e+01 9.365915102354425414e+01 8.536758526698255878e+01 8.169042739397730202e+01 6.558066506367656245e+01 4.497513489023609878e+01 4.777561895501970213e+01 6.836523226954128063e+01 8.846422541781890914e+01 9.044739255928088539e+01 8.221778713820599194e+01 9.044739255928088539e+01 9.578331466233886715e+01 7.924108010897347754e+01 9.578331465933445088e+01 8.894558360636858652e+01 9.723035265224342538e+01 1.017586098750298333e+02 9.347791405381205720e+01 8.502920164329559327e+01 1.017586098750298333e+02
4.469920835086939326e-02 2.004469920835051511e+01 8.672295533272524892e+00 2.862693635952754789e+01 4.623298035498822856e+01 5.510207341904516198e+01 3.510105111744427120e+01 2.095855921041007974e+01 4.095925368302432901e+01 5.383164433231577561e+01 5.760139590588695313e+01 4.921840826876510278e+01 4.759872935698669494e+01 4.959317609771049717e+01 6.334922189102843504e+01 5.599150432577224024e+01 7.601008223001196029e+01 8.920808710801449593e+01 8.769572204653341885e+01 6.741068319193664138e+01 5.279092524480316939e+01 6.558066506367656245e+01 5.813621522924069041e+01 5.973165699404436424e+01 7.425177114365665432e+01 9.442002325146995645e+01 9.137422945715015032e+01 9.964462764275830864e+01 1.071957683452482968e+02 9.903865961622007319e+01 8.566972495215671302e+01 6.891271368505533701e+01 8.566972495214200478e+01 8.823052761282674794e+01 7.348631012910040283e+01 7.348631012910040283e+01 9.347791405381205720e+01
2.324776005098762310e-02 1.459164077286462469e+00 2.898795578783854410e+00 2.289913309270168185e+01 3.330390574482320432e+01 4.213629580076528924e+01 3.385196998299939253e+01 1.797713513679406816e+01 3.797775543111351482e+01 5.189335452555652495e+01 4.341181111064206277e+01 2.788394517599714462e+01 3.241773532580617712e+01 3.780894066263861220e+01 4.323583372525330049e+01 5.089222917438395655e+01 6.091450218868632049e+01 8.092230743624668321e+01 8.988790569710933198e+01 6.963568104908291900e+01 6.065327410864354363e+01 8.106811997541396408e+01 7.004475468276999095e+01 8.015891542135538828e+01 8.846422541781890914e+01 8.810852878875324734e+01 7.138707182814057717e+01 8.810852878875324734e+01 8.826146844083280030e+01 7.976921462308926891e+01 7.737960076465742532e+01 5.734871346067543385e+01 7.737960076465742532e+01 6.823744958906760871e+01 6.194130343243216430e+01 7.348631012910040283e+01 9.347791405381205720e+01
8.699724428260374731e-02 2.008699724428224798e+01 2.289913309270168185e+01 5.018791338796583901e+00 2.501916883158874683e+01 2.989131268217176185e+01 1.385145010505531005e+01 3.385198182972050773e+01 3.690520458398853521e+01 3.911394471883636470e+01 2.287866707262811161e+01 4.341181111064206277e+01 5.352740066155746490e+01 5.815596739757156541e+01 6.334922189102843504e+01 7.091840481246650540e+01 7.920479422774720035e+01 8.920808710801449593e+01 9.815751713728089101e+01 8.936357918413874302e+01 7.254326267049965793e+01 8.936357918413874302e+01 9.027307615994064349e+01 9.853816847289441228e+01 9.226139958293295251e+01 7.226301656457783906e+01 5.980200964046503032e+01 7.983463861970604114e+01 7.976921462308926891e+01 5.867910010927131736e+01 6.485625163436779417e+01 5.030314595613546658e+01 6.760512276480596938e+01 5.409542267235794100e+01 6.564302256409058600e+01 8.563656185995651526e+01 1.017586098750298333e+02
2.249585233037712170e-02 2.002249585233002094e+01 3.330389871572452876e+01 2.501916849329320769e+01 7.169204661078474317e+00 9.890859930838049152e+00 2.989132120963230221e+01 1.473512709006690180e+01 1.690443166847823875e+01 1.911306219075065727e+01 2.199981354456039639e+01 4.200084493286301779e+01 5.080619271832738093e+01 5.565743727875108959e+01 6.082214099183140377e+01 6.659664257292729417e+01 7.326458849685919006e+01 8.154933293281600015e+01 9.155046340750270417e+01 1.009678810409716334e+02 9.271329161756412418e+01 9.466386148518729726e+01 8.638116396041804990e+01 9.466386148518729726e+01 8.891118798271237722e+01 7.226301656457783906e+01 5.220305954136323834e+01 7.226301656457783906e+01 7.878497782698100593e+01 6.485625160286845414e+01 4.526813206965622527e+01 4.363907841262083309e+01 4.758796263162759033e+01 5.915383163423913970e+01 7.914980114393831911e+01 9.391728476662707692e+01 9.625587569022582102e+01
2.739267172789772165e-03 2.000273926717243356e+01 3.731182069348000141e+01 3.545437483690486147e+01 2.716961829067068734e+01 9.795333318273154788e+00 1.168515568331987708e+01 3.168571389646012548e+01 3.690520458398853521e+01 3.911394471883636470e+01 4.200084493286301779e+01 2.621618420122583260e+01 3.080450367863856442e+01 3.565524354042097599e+01 4.081932952297571404e+01 4.659318231923750631e+01 5.326075072506353791e+01 6.326299469477570625e+01 8.326618229894255307e+01 1.013535336201790642e+02 9.759221767458591046e+01 8.466570568876517200e+01 6.638480643314848351e+01 8.466570568876517200e+01 7.976362596504358748e+01 6.060554667689790875e+01 4.640178566622508072e+01 6.647220577093521854e+01 7.049990557510467681e+01 5.047416746289940903e+01 3.888997562986415346e+01 5.893804031955070144e+01 6.760512276480589833e+01 7.588673112287233380e+01 8.743072415380436269e+01 9.047867958266235178e+01 7.669012433186732380e+01
8.327778614586213435e-02 9.027549696145097613e+00 2.316968531988592517e+01 4.316968534788358625e+01 3.808090553787571508e+01 2.393762503333063663e+01 3.168569187576531831e+01 1.758283444511929972e+01 3.172527954715820542e+01 5.172692332652852087e+01 5.450265192325647945e+01 4.621749054863635564e+01 3.211387937905065115e+01 5.211570803649316019e+01 6.082214099183140377e+01 6.659664257292729417e+01 7.326458849685919006e+01 8.154933293281600015e+01 9.155046340750226364e+01 8.136313906720847910e+01 8.721819007317897388e+01 6.931164759493832150e+01 5.638222211548751517e+01 7.638298519678328091e+01 7.148282004113720234e+01 5.142597066455639521e+01 4.137258061563397149e+01 5.525725426029401888e+01 6.355449925072344541e+01 5.604435143260580077e+01 3.596859372627307749e+01 4.418777162651758061e+01 5.421369535678503837e+01 6.837548680615547880e+01 8.837998160565567218e+01 8.242080022572054077e+01 6.267721377672628336e+01
6.510866554257997707e-02 2.006510866554222616e+01 3.731182186441891702e+01 4.339437964537987114e+01 5.167865099157131681e+01 4.393892242832866657e+01 3.758362537525803049e+01 3.758362537525803049e+01 2.444278954464095222e+01 4.444397559176616852e+01 5.968159224322909040e+01 6.040090436325596812e+01 5.211570803649316019e+01 3.860285263195170558e+01 5.860538720619513953e+01 7.283378767774513562e+01 8.111853462525057523e+01 9.111963949385078365e+01 8.721819007317897388e+01 6.726658309737734953e+01 6.726658309737734953e+01 6.931164759493830729e+01 4.930416012944782977e+01 6.931164759493830729e+01 7.976362596504358748e+01 6.679814395104585856e+01 4.677490875050792596e+01 3.512862904008704135e+01 4.986725959068871106e+01 4.974689026103125400e+01 3.323569124420024679e+01 5.336161546418613710e+01 7.251129049712112362e+01 8.251857758467532733e+01 8.885075786120557950e+01 7.498127944004170331e+01 5.514020602339586219e+01
8.953482861371392376e-02 2.008953482861335971e+01 3.184737426120404535e+01 2.339437964490114297e+01 3.753651526863259136e+01 5.753651527026597279e+01 5.758535091246740478e+01 5.272891896970116221e+01 3.858550347068398878e+01 3.260786760876170121e+01 3.967921007620635265e+01 5.968159224322909040e+01 6.689054638515236206e+01 5.274658833279301007e+01 4.616263871321309864e+01 5.283016957886326992e+01 6.283224320607286018e+01 8.283533214941752476e+01 8.892379654342410333e+01 7.311027348502089751e+01 5.332540892291196144e+01 6.321784120396642948e+01 4.374479684225676834e+01 6.376256898339767787e+01 7.630976646325188995e+01 7.499759765784838805e+01 6.299154354112919663e+01 4.980428640287630770e+01 2.962549599363294561e+01 2.951085577841538665e+01 4.974689026106877776e+01 4.749294690878951997e+01 6.753060069406318178e+01 8.474681914405633165e+01 8.070560450540590125e+01 6.088921644448729609e+01 4.937445457081292943e+01
