LEM/with_lateral_4open/elevation_000458.asc
nrows	100
cellsize	150.0
xllcorner	0
ncols	100
yllcorner	0
NODATA_value	-9999
[rows 0 to 16 of 100, columns 37 to 73 of 100]
8.884754177262699226e-02 6.929726548558100274e-02 7.395023591448830758e-02 4.828361932999872264e-02 4.897713358561925356e-02 8.568734790590110117e-02 1.075183056328203948e-02 6.823539046102447547e-02 7.194897206013613211e-02 1.557559815681563986e-02 7.704183385687686514e-02 1.685416958384493638e-02 9.680445094065920353e-02 7.639902522890137937e-02 4.559330980047965332e-02 5.839666421669215124e-02 9.739037529851846120e-02 3.670263267501718690e-02 2.041064012308905357e-02 6.895211126444661387e-02 9.031524355919069713e-02 1.560024811392830661e-02 7.641644294168103979e-02 3.888124420523987601e-02 6.873285589001959517e-02 4.772367030474261584e-02 9.504926490987847254e-02 5.760415539182907330e-02 9.666222459857021221e-02 9.627991409191682948e-02 1.286757495974483190e-02 9.381044340810595905e-02 7.584058927755046864e-02 1.435327048224320848e-02 5.777975670406795827e-02 2.716720951219454838e-02 4.735230246529398453e-03
2.008884754177227094e+01 5.414522099621349227e+00 2.007395023591413263e+01 1.419340371871388307e+01 2.001035315470596032e+01 2.008128925714340340e+01 6.425758541698450843e-01 2.006823538968427201e+01 2.006921337088034107e+01 1.415771122188789022e+01 2.007704183385652286e+01 6.047081061139143898e+00 2.009680443633389402e+01 2.007639902522854669e+01 3.967916012564152606e+00 2.005839562744455407e+01 2.009739037529816486e+01 1.003670263267510343e+01 2.002041064012273353e+01 2.006895211126409251e+01 1.794279135163312722e+00 1.115525485781469861e+01 1.871693776688232802e+01 2.003888124420488381e+01 7.774018272779248839e+00 2.004772367030438573e+01 1.423718488864095377e+01 2.005760415539147345e+01 4.016760151765056186e+00 2.009627991409156067e+01 2.001286757495939028e+01 5.018772627063073699e+00 2.007584058927719539e+01 1.415828696474328829e+01 2.005777975670371305e+01 1.987600674447265447e+01 1.069227821071227158e+00
3.095570497585027780e+01 1.096152395046263450e+01 3.095570497585027780e+01 3.427263369919181457e+01 2.282514143114231331e+01 1.540602364303718774e+00 8.162335106321599199e+00 1.872569944295185351e+01 3.542845176394198603e+01 3.415771122188859721e+01 3.237163644920364902e+01 1.237163638147595712e+01 3.237163644734093282e+01 2.833227385127299414e+01 8.332273817283963879e+00 1.811005163580014354e+01 3.811005049205636652e+01 2.417883825960853983e+01 3.832101525558131527e+01 2.361006000779303093e+01 3.506647749259190761e+00 2.323988924316305926e+01 2.650562397154685002e+01 3.624332085468510911e+01 2.068090226136880005e+01 2.833763753069056079e+01 3.423718488864165721e+01 3.216992066176861442e+01 1.390174462097655272e+01 1.015446259905911575e+01 1.134505784577970111e+01 1.252074202032531858e+01 3.086109471673164251e+01 3.418898039317612358e+01 2.729530252090336617e+01 2.581016175348045394e+00 1.050135664571345195e+01
3.727354048261528874e+01 1.728607633745702543e+01 3.727354048261528874e+01 3.639404171903172625e+01 1.631963552197343859e+01 2.176244090467446046e+00 2.195903953371193040e+01 1.921023751938631108e+01 3.191055029713327329e+01 4.943003305752690579e+01 4.065591680775492023e+01 2.131590829147527089e+01 4.065591680780324424e+01 3.292058853884694258e+01 1.292058849469515991e+01 3.292058853884694258e+01 3.811004969448782731e+01 4.417884355787211348e+01 3.962864326537653881e+01 1.944039501996894970e+01 5.239718885039990504e+00 2.443073611950004675e+01 4.134854069155240097e+01 4.769020677619998594e+01 4.233247467637394834e+01 4.870646201327069491e+01 5.387606228006782061e+01 3.387748218869285211e+01 3.387748121373216037e+01 1.462077501935652712e+01 1.422279488572860906e+01 1.939249931821214901e+01 3.675199389590301280e+01 3.763779967922769032e+01 1.776575582976560241e+01 3.652964584829847094e+00 2.280397285257714657e+01
4.481790478860943949e+01 2.484530047628072325e+01 4.481790478860943949e+01 3.761428230899409186e+01 2.280401153516757873e+01 2.813173845765926995e+00 2.280519785771680930e+01 3.715732308025079789e+01 3.715892642624555009e+01 5.497198759966173043e+01 4.960020643168961385e+01 3.286291367527196172e+01 4.925052034856569350e+01 2.925052011443830935e+01 1.846759045694735235e+01 3.846759051812829711e+01 5.811002134441095279e+01 4.772135925034013582e+01 3.868892798403320654e+01 2.712482745155841712e+01 7.005233934392246731e+00 2.712482746746466589e+01 3.447622408905980507e+01 3.775357347294329458e+01 4.611450397945915114e+01 5.778783997599251165e+01 5.299730106695809440e+01 3.300592455797058022e+01 2.151698268028459538e+01 3.440602933328001711e+01 4.028223922215438080e+01 2.223084359662981768e+01 4.259559633313235594e+01 3.785216136489699323e+01 1.786618977531068353e+01 2.363198498724341334e+01 5.187724778504085421e+00
5.305137714641644209e+01 3.638951696260751589e+01 4.342177168162319845e+01 2.365275977164662535e+01 1.035996655186918503e+01 3.451074777875425159e+00 2.338212508810950752e+01 3.175924249640630137e+01 3.393206139464826521e+01 5.325057257701548252e+01 6.114723476306058814e+01 5.286291459985327634e+01 5.753480267279166327e+01 3.846759051920850681e+01 2.513425712361390296e+01 4.513425721342245112e+01 5.366966559703326567e+01 3.344174113534433701e+01 1.915844007479669031e+01 1.019053565912910564e+01 2.712482741839110645e+01 1.117897882923489661e+01 1.430365124658172071e+01 1.755033502119717070e+01 2.919412245122395788e+01 4.944600100823784317e+01 6.128071409310784645e+01 4.722428983235229083e+01 2.723982761288124976e+01 4.722429506542663091e+01 4.974439332247015244e+01 2.952454200852307764e+01 4.974439332247015244e+01 4.612449947892803692e+01 3.783775951172658125e+01 3.294079847185795984e+01 2.516733469177376037e+01
6.454575217364251216e+01 5.633126978996541112e+01 4.790642212358906704e+01 2.676428641958735355e+01 2.935314756655895962e+01 2.344704606072205522e+01 4.358293201128450534e+00 1.546795677612741393e+01 3.089398429027676229e+01 3.762854561443758428e+01 4.624368282850349487e+01 5.577132974396465670e+01 6.675188448404568931e+01 5.269354672817538443e+01 3.269354658379818090e+01 5.269354672817538443e+01 5.828848422821296538e+01 4.772132881937845639e+01 3.270454044874851718e+01 1.254829796325598679e+01 3.270454043896351948e+01 2.121662423537872044e+01 3.447468296265896015e+01 3.775346245880712104e+01 2.264704775650645985e+01 3.433702815266336472e+01 5.459036134995032796e+01 5.389004277055021674e+01 3.389279965517909687e+01 5.389004277055021674e+01 5.803618896594858967e+01 4.127356672839066931e+01 5.803618896594858967e+01 4.915211019031237782e+01 2.848905864415165468e+01 1.724834376991508833e+01 8.317027683144935679e+00
6.689799147500818322e+01 6.558155441080923254e+01 5.575184073897717241e+01 4.377693630403079084e+01 3.564853992294370499e+01 2.756465031285457101e+01 7.643922994636320745e+00 5.285771003631317910e+00 1.106106394199938592e+01 1.739564735741689105e+01 2.638369659667147360e+01 4.094554091052826550e+01 6.292240805228236411e+01 6.097782775781396225e+01 4.683568220789403824e+01 6.097782775781396225e+01 4.995016434061504640e+01 2.968156814016535350e+01 2.204979411654437627e+01 1.495639032114790545e+01 3.513358981946606008e+01 4.143488209254393695e+01 4.143316791237850083e+01 4.679942092826556177e+01 2.652167843382012080e+01 4.679958132220294686e+01 6.292196451760317188e+01 6.217379701653168667e+01 4.389019266150465626e+01 6.217379700954638366e+01 6.960068766006966712e+01 6.131575764103545367e+01 5.734518317028878442e+01 4.405584912091160987e+01 2.404118290782371758e+01 9.904354705614883514e+00 2.830527192491435784e+01
4.795638550011816648e+01 5.350424203754021590e+01 3.962767042409252838e+01 3.564885101908262754e+01 1.586065819775410901e+01 1.240480840745455104e+01 2.590037444252471488e+01 5.946229217306415293e+00 2.595130090512960663e+01 3.762854561513865548e+01 4.624368378975596272e+01 5.574236197787539027e+01 5.767215940380378925e+01 6.623502979146930159e+01 6.683568269956758456e+01 6.642945796574045403e+01 4.624652761421202740e+01 4.995016434056432075e+01 3.776376147826829310e+01 1.756102962480473195e+01 2.516021880568775870e+01 4.542199855496600236e+01 6.161565454863597324e+01 5.133643440220862431e+01 3.104701062056451022e+01 4.087669472452245856e+01 6.109869447472060244e+01 7.217343228363253615e+01 6.388989287959644514e+01 7.217343228322270932e+01 7.597549755549417227e+01 6.779105212404846270e+01 4.907495340932450745e+01 2.907557629475178373e+01 3.105524743668419774e+01 1.103573140507067230e+01 1.476662171681414293e+01
4.071706381362421467e+01 3.416034831047455356e+01 4.049136030070349790e+01 2.114160276790823900e+01 3.564875859756425314e+01 3.224309366704090962e+01 2.656992937781858188e+01 6.607770510102754180e+00 2.075491492727189780e+01 4.090005683537121683e+01 5.771274278279601333e+01 5.524871458471096730e+01 3.861995452435116505e+01 5.360103387282772758e+01 6.186231711945026746e+01 7.473810287420822362e+01 5.621176552436313045e+01 3.596662818081352953e+01 2.165114567382130062e+01 3.183410431661612350e+01 4.542199668376441934e+01 3.949793719460183183e+01 5.972394783591068546e+01 5.611486693579414009e+01 3.584169464814971917e+01 5.611486693579414009e+01 6.109869447472079429e+01 8.120006002168420878e+01 7.486046013939038346e+01 6.663807411595564645e+01 6.472900532250852734e+01 4.842733018850523052e+01 4.688887885401408795e+01 2.688726749932845195e+01 1.271695945764496116e+01 3.105646437136164906e+01 3.436809444450063467e+01
5.982396340921615518e+01 4.631561411717688514e+01 2.695917386279406003e+01 4.070790855514408690e+01 4.860169343779480755e+01 3.133600608806774801e+01 1.195498470726414730e+01 7.270764352021465093e+00 2.721834107585240403e+01 3.604330019598219792e+01 3.858279906793038805e+01 3.950550187499932520e+01 2.711110719039170647e+01 3.380317858101108186e+01 4.780408559290694370e+01 6.759610503058809172e+01 5.661375082037971396e+01 3.635710218207280064e+01 2.464444350309268472e+01 4.491857054186091602e+01 6.041382073750440895e+01 5.972394783571284904e+01 6.804357941046002622e+01 6.325921378458602362e+01 4.305194936886729096e+01 4.672437167184574491e+01 6.689826823533714162e+01 7.332293519141180127e+01 6.335995582621836064e+01 4.669009278744191960e+01 5.605085297337534911e+01 3.711295794633270617e+01 4.811826994103648047e+01 2.809868255996086361e+01 1.392491601645491350e+01 3.395291740895495991e+01 4.498186164818144306e+01
6.079388893731648125e+01 4.090779607651408867e+01 4.681477508713435753e+01 5.458008367427911622e+01 4.072129306999444509e+01 2.018990447967624391e+01 3.133610611618378172e+01 2.726729630543484362e+01 8.216735937188827776e+00 2.092523790196058897e+01 3.316289489323885675e+01 1.938997528391116276e+01 3.109546088616291826e+01 5.099383151261832836e+01 4.780408559290694370e+01 6.759610503058809172e+01 6.493753740615684933e+01 4.812785866407116231e+01 2.783054264647570619e+01 4.812785866407118363e+01 6.035915078219791496e+01 6.867143964501399012e+01 7.872437780378423611e+01 7.157018993448141941e+01 5.213734963665409339e+01 5.685259290343510230e+01 7.520547500314151534e+01 6.509882934068491522e+01 4.514337411161233149e+01 3.514327884955054770e+01 4.611873959789968325e+01 2.821265802820685664e+01 3.910318709983652496e+01 3.544964666382208662e+01 1.543277720171540324e+01 1.687854335486193946e+01 3.670831437073172765e+01
6.941575680877672028e+01 6.087427381862818265e+01 6.404320721367253100e+01 4.395821011918130239e+01 3.213734166183592578e+01 4.072129306999444509e+01 4.011211475547572292e+01 2.070907865031929873e+01 2.812811789373504467e+01 9.167546402278428985e+00 1.308657656789483603e+01 3.322299143118270592e+01 4.777764083776615678e+01 5.928664256383389386e+01 6.759610503058809172e+01 7.592054864599373332e+01 6.242561799805506695e+01 4.220553283638867725e+01 4.812785866407118363e+01 3.290353145483270936e+01 4.011746572946799461e+01 5.029037484012820869e+01 7.042792672426941181e+01 8.055739849506662154e+01 6.378273368790089393e+01 7.107615821899884168e+01 8.524299952425359095e+01 7.332293519141180127e+01 6.335995582621836064e+01 4.618674772724391175e+01 2.620227684864908113e+01 2.065895531555858966e+01 1.911099907652243957e+01 1.758195872246035307e+01 3.544964339089409577e+01 3.670831436882907184e+01 1.988643089985435708e+01
6.742539723176798816e+01 7.569087562180706641e+01 7.235395076303164785e+01 6.076143818872443347e+01 5.244712873449516621e+01 5.465543182219290941e+01 3.612059536954242844e+01 3.883859854418889057e+01 2.984153858002084547e+01 9.850815878393156311e+00 2.321293507268319090e+01 3.204532438952696083e+01 5.162441608628162726e+01 5.972877609247717601e+01 6.614646589364402018e+01 7.382841836088246623e+01 7.073833285418989192e+01 6.242561799805498168e+01 5.743014899424225916e+01 3.715570124022728038e+01 5.743014899424348840e+01 6.867143963030619602e+01 7.872437780415798159e+01 9.213020533325564543e+01 8.383304150483712647e+01 9.111003053605502089e+01 7.757669439453223958e+01 6.604298018912200519e+01 5.777402216846223126e+01 4.299857405166893187e+01 2.300566257134694581e+01 4.065071915012623549e+01 2.947207412037871777e+01 3.758258434640835333e+01 4.585869571792812138e+01 4.185781973662346900e+01 2.206026148881406002e+01
4.690588711032953739e+01 5.775240739610458718e+01 6.551561478414176065e+01 5.717632949598711889e+01 5.749664488008086494e+01 6.251334835448116678e+01 4.546142683780703919e+01 3.148056299263993907e+01 1.082994392918213933e+01 1.446617016624187002e+01 3.403484640703307207e+01 4.519722418691519294e+01 5.150673638469181270e+01 4.134373639216639873e+01 4.799449798181682070e+01 5.846658705850352078e+01 7.663737548043238235e+01 7.166849414652341466e+01 5.153243332641993391e+01 4.627744336587237228e+01 4.585525706025140380e+01 6.015626649097113443e+01 8.022644851734354177e+01 8.952625524512828292e+01 8.128036083473270423e+01 8.127988294368756783e+01 6.931562887114824889e+01 4.932497975218711161e+01 3.777906153489729491e+01 4.467055170581363654e+01 2.467685529161275326e+01 3.880696062168853899e+01 4.912790246109360481e+01 4.998793225485304959e+01 5.830191819801294173e+01 3.822864647538095539e+01 2.427700204446630039e+01
5.775240739610458718e+01 3.714976867036131836e+01 4.934141535720728911e+01 3.662600868738778814e+01 3.697729122314718353e+01 5.140475822755233537e+01 3.657237334896061043e+01 1.181163648751214978e+01 2.516671005632823466e+01 3.327455033698965536e+01 2.168011205735692570e+01 2.698496132090775390e+01 3.262453389041933605e+01 5.150673638469181270e+01 6.614646589364402018e+01 7.382841836088246623e+01 8.442651426246658275e+01 7.996509296534138400e+01 7.166849414652349992e+01 5.641017104318533626e+01 5.599082684311101588e+01 6.015626649097113443e+01 8.022644851734354177e+01 8.128036083473270423e+01 6.140607059402189094e+01 6.140606309064091306e+01 7.189884000567960243e+01 6.604298018912200519e+01 4.708626640354588488e+01 2.709273761393157187e+01 4.467055989078497191e+01 5.287210071065978667e+01 6.671304566479042819e+01 6.823287984210972468e+01 5.863479688322007632e+01 4.658668683889240469e+01 2.666928931254355106e+01
4.087743888333434938e+01 3.468463142110552866e+01 2.880314753295290942e+01 2.478560971582074046e+01 2.246148424633406293e+01 3.978186460308442207e+01 3.691389329457628321e+01 1.250714435287202342e+01 2.185986000536225404e+01 3.448818605092844081e+01 3.864707466236409772e+01 4.104537648325943167e+01 4.345120806987540618e+01 4.920750493313534690e+01 5.569041478245618038e+01 6.313863414514288053e+01 7.139875063919406273e+01 8.135095377690701923e+01 8.478621355908472879e+01 7.062980619220478218e+01 6.761193858622996800e+01 8.022644851734354177e+01 8.851582010728665750e+01 8.128036083473270423e+01 6.140607059402189094e+01 4.731401825965095043e+01 5.201117730960121577e+01 5.510450435814514947e+01 4.885342170428622666e+01 2.886034184018705773e+01 4.839309938104062070e+01 6.104597759782730293e+01 7.641796860395383817e+01 6.303322534077322814e+01 3.357377718259576937e+01 3.119280192876689739e+01 4.658668683889240469e+01
