LEM/with_lateral_4open/elevation_000313.asc
nrows	100
cellsize	150.0
xllcorner	0
ncols	100
yllcorner	0
NODATA_value	-9999
[rows 68 to 84 of 100, columns 37 to 73 of 100]
5.788115069571971816e+01 5.328456342746478214e+01 7.335903640430193207e+01 9.056845609676352638e+01 8.624828506838937869e+01 9.467686805044948528e+01 9.520219496939731130e+01 7.878770321076636662e+01 5.876807961424874094e+01 5.355285502103865980e+01 5.092837454746737080e+01 5.192936768234321931e+01 5.776600042168188054e+01 6.934298125028996651e+01 8.932984721822268170e+01 1.002296067557011128e+02 8.855062530862328174e+01 6.855291096666924489e+01 7.364568975439350140e+01 8.778767805072133967e+01 1.077475000028728971e+02 1.128981011773680763e+02 1.013401999965624185e+02 9.303035813219858596e+01 8.600388063572793840e+01 8.000582563215502319e+01 8.828548740176690046e+01 7.646054391392617333e+01 6.706689311385397900e+01 5.416521580605100183e+01 3.416882617596832716e+01 5.426555979430393961e+01 6.155740577829280369e+01 6.155740577829281079e+01 7.369865037454232493e+01 5.687040982939202394e+01 7.369865037454232493e+01
6.870491558364251716e+01 4.867147294794245482e+01 6.870491558364251716e+01 8.124922321517215096e+01 6.622064483899104914e+01 8.298324095598877648e+01 9.075731649215801156e+01 8.203486278534258247e+01 6.286620924133089972e+01 6.337444423200886234e+01 4.656415190478279698e+01 6.673647275555673275e+01 7.779042476929983252e+01 8.605837273017435507e+01 9.759028904556711836e+01 9.196640485491440131e+01 7.197744424877126335e+01 6.098663199504234456e+01 8.099219974597758664e+01 9.287693458500118027e+01 1.011395744605260347e+02 1.045640075155729676e+02 8.458714078688305449e+01 7.315647858976242901e+01 6.611058271696326472e+01 6.005674776663751402e+01 7.246578292969448398e+01 6.756705188526487404e+01 6.419711948862598661e+01 5.659592309600595428e+01 3.668418313904660266e+01 5.073796114339030794e+01 7.073828363635546168e+01 8.160041256245855834e+01 8.530841900445147985e+01 7.715490244145334486e+01 7.521463714924718147e+01
6.495032238190673013e+01 4.487680179742091013e+01 5.393336197702179646e+01 6.312373604117925652e+01 5.467317503897022135e+01 7.467601626809093318e+01 7.074822116116433790e+01 7.074822115836553849e+01 6.307053118207152664e+01 4.313030319857387695e+01 6.337444423200886234e+01 6.673647275555674696e+01 8.674791477187558542e+01 1.049623815417536719e+02 9.670195263506657568e+01 8.978255727591277946e+01 6.978972056673734414e+01 5.563796073210228599e+01 7.564548686369955988e+01 7.289059592326957215e+01 9.287693458500118027e+01 9.918036744553289452e+01 1.013401999965624185e+02 9.303035813219858596e+01 8.600388063572792419e+01 7.246578292969208235e+01 5.247219485683521611e+01 4.767507073857573374e+01 4.433145711687498647e+01 4.116116590320334723e+01 4.042040908039930258e+01 6.028886371005073386e+01 7.321310627037894392e+01 8.153024086168592532e+01 9.153504352016673806e+01 7.096306480202466105e+01 5.649058233909627802e+01
4.647988524802724442e+01 4.298721340927829004e+01 3.965524937339650080e+01 4.302631010897336239e+01 6.312373602374852766e+01 7.576935412640463596e+01 7.074822116116433790e+01 5.060347538027943415e+01 5.800756524927950863e+01 4.080312815145673966e+01 6.108226229179615530e+01 7.183563603839284895e+01 9.183295939774954775e+01 9.343345688563171336e+01 7.672239829845565851e+01 8.541976264318624601e+01 6.542239266605167813e+01 5.127275601762831769e+01 5.874130027276850541e+01 7.874445898619985940e+01 8.287014303356252753e+01 7.920450374572628505e+01 9.918036744553289452e+01 9.636914839779392139e+01 7.642321811339391502e+01 6.228497524722887135e+01 5.518982398949982127e+01 6.761666648611820563e+01 5.835241179837473169e+01 6.097443889566353192e+01 4.661310778107419850e+01 4.714318675038033035e+01 5.310983282884264867e+01 7.321310725745182424e+01 9.313156677310919918e+01 8.545516276645760456e+01 7.521463714925243949e+01
5.807249521577230666e+01 5.723614617707870877e+01 5.642544413220361577e+01 3.624932604550637194e+01 4.741405382572358462e+01 6.130865600244472091e+01 5.307874673300820234e+01 5.506236521645173809e+01 3.770738222575484144e+01 5.800716167235484733e+01 5.171789036199616163e+01 6.597396738815297113e+01 8.598695599193921169e+01 8.516675156139274350e+01 6.517033922738873741e+01 7.362181751826962284e+01 6.719562991835741173e+01 4.719167943453239644e+01 6.719562991835741173e+01 7.344164697730654723e+01 6.286928254025479390e+01 7.701818905117067970e+01 9.699800970423615354e+01 9.706922792997040972e+01 7.648000004279064967e+01 8.202663056887043069e+01 6.520670768379559945e+01 8.340714726735342310e+01 7.830202158770769927e+01 7.331140009826974335e+01 5.321094512735628257e+01 5.603636101867532915e+01 7.321310725744862680e+01 6.471423795039284244e+01 8.482277863433830589e+01 8.623725712126037024e+01 7.598451065545458505e+01
7.791915034339686486e+01 7.710249631404533943e+01 6.471654033820307461e+01 5.329348269281280182e+01 3.312990360115195188e+01 5.027063356962533902e+01 3.279830915265699076e+01 3.477391860901354192e+01 4.272698854761668485e+01 6.270181051777842640e+01 7.183563324655598592e+01 8.011225236500499136e+01 9.155538248503610532e+01 8.775861026420045619e+01 6.776616623439085174e+01 5.361806287866165377e+01 6.371338910824104573e+01 4.371342775839256234e+01 4.789029045099685078e+01 5.343625019265679299e+01 7.344164697730654723e+01 8.287014303356252753e+01 1.028401708179717673e+02 1.059172456268263431e+02 9.706577006413591846e+01 9.339295420061492337e+01 8.512818460337337001e+01 9.339253281511207661e+01 8.752159486307421332e+01 6.742534470272462954e+01 6.481461105991719762e+01 7.614427378838730931e+01 7.245825028009534208e+01 8.482277863433830589e+01 8.482277863433832010e+01 7.776392605827301452e+01 5.723811091422967934e+01
7.399170535681713545e+01 6.761149653901811973e+01 6.177104774402692300e+01 5.385332375445711506e+01 4.120159477565405837e+01 3.011415068707635356e+01 5.032284288374523129e+01 3.653614187677791847e+01 6.117771398966904428e+01 5.685766466404039221e+01 7.681083852304277571e+01 8.570313697538030340e+01 7.158971954229690482e+01 7.892798850618093809e+01 8.189508777037011100e+01 6.509218788063544991e+01 4.509219827262105440e+01 4.033766260393891656e+01 6.033277862235997446e+01 7.344164697730654723e+01 7.011379873330267287e+01 7.838863766071105488e+01 8.838345361678652523e+01 1.011485790679450361e+02 9.295504786649394191e+01 1.011485790679450361e+02 1.009643869823664488e+02 9.270103320709941386e+01 9.582943925140403962e+01 8.752159486307421332e+01 8.491822977525620786e+01 9.322649504082664862e+01 9.254519758019047515e+01 1.008523636635733567e+02 1.048843261364281716e+02 8.623725712126039866e+01 7.278427765501463398e+01
5.381571354508205474e+01 4.737958843515977492e+01 4.158048060254064637e+01 3.704594860370428933e+01 3.284065107930837257e+01 2.872611454843205436e+01 4.867356690979296729e+01 5.873003816151486944e+01 6.726295970355334930e+01 7.681083852304277571e+01 8.501377619292949817e+01 7.743752682734027815e+01 5.745425652759362123e+01 5.894657706457264368e+01 7.306985358147713328e+01 7.336924417028298251e+01 5.753290234849775686e+01 3.754191838799049918e+01 5.407898638055259255e+01 5.942249563767940401e+01 5.011220213231431586e+01 6.011384505977678572e+01 8.011375240682848187e+01 9.131992941674327824e+01 7.334895979485897044e+01 9.131992941674327824e+01 8.948294371149832216e+01 7.284070945802798747e+01 8.857520778368507308e+01 9.683251062871400450e+01 9.599587961209262232e+01 8.776220197814673440e+01 9.599587961209262232e+01 1.059348077181325181e+02 1.041115748676789536e+02 8.358144180609411933e+01 6.900624873980679297e+01
7.399170535681713545e+01 5.586466441538755845e+01 6.177104774402692300e+01 5.713901396599999316e+01 4.733736120639447620e+01 2.741561937555081840e+01 4.552047943244936334e+01 4.080294148941437271e+01 5.976372302989432939e+01 6.898599944652600868e+01 7.734156705723283665e+01 7.892798850618093809e+01 5.894657706457264368e+01 4.480956022536678063e+01 5.663834359648556216e+01 6.491180959321303590e+01 5.925557282629915079e+01 5.097644317762114952e+01 3.409225014797170417e+01 3.942892326401500469e+01 5.096893284802503388e+01 7.097027716083483995e+01 8.838345361678652523e+01 8.315200383067650591e+01 6.351930707911746765e+01 8.315200383067650591e+01 8.059875882505872369e+01 6.138868431630492495e+01 6.871482770732012568e+01 7.847869115439320353e+01 8.614556383991008204e+01 6.813497929473628290e+01 7.794859063644149444e+01 9.505553881904316427e+01 1.033215432517815628e+02 9.387140977249404727e+01 7.324507946080623810e+01
7.603031848060253139e+01 7.603031848060253139e+01 6.831929834940322621e+01 4.823104479205799322e+01 3.360567612126710202e+01 2.886979720607139654e+01 2.554847576743346949e+01 3.960381439478189947e+01 5.902853770443216774e+01 4.906170947129016469e+01 6.579636354321020519e+01 7.734156705723283665e+01 7.306985358147713328e+01 5.663834359648556216e+01 3.665324731983302797e+01 5.622537184873127813e+01 4.794635629410142741e+01 3.099164341387965749e+01 5.097609271946787857e+01 5.942246151854065772e+01 6.770114960764128398e+01 7.924467162490542194e+01 8.989377858929437082e+01 7.660777158015675070e+01 5.691341464399422279e+01 7.660777158015675070e+01 7.235927535540801614e+01 5.249057297878098183e+01 6.424791157641467976e+01 5.877536051622498547e+01 6.867057153504799771e+01 5.826831898918273822e+01 7.794859063644149444e+01 7.540400545060347781e+01 9.505553881904316427e+01 1.022799999128190791e+02 9.387140977249404727e+01
9.095249546057611667e+01 7.097239207129409522e+01 6.201933140932750632e+01 4.186654447278014146e+01 5.411475803680956886e+01 4.425524956254035658e+01 2.425482872289705583e+01 4.252086895771949315e+01 4.772906669195837281e+01 3.797542811800537521e+01 4.906170947129016469e+01 6.898599944652600868e+01 6.577378517019596416e+01 4.578836466948310857e+01 3.165913748149760565e+01 4.516145785812522462e+01 2.796095027160552249e+01 3.350268658574850633e+01 5.348978740310878521e+01 6.950375109423443121e+01 7.778003164117281187e+01 8.932105105899907471e+01 8.171977512182550640e+01 6.202898087663723459e+01 5.116583292636045854e+01 7.092250044085180605e+01 8.059875882505872369e+01 6.424791157641467976e+01 4.434156771488913762e+01 4.472415282752521648e+01 4.889125858992132834e+01 5.490356090608151618e+01 6.152299985947293948e+01 7.540400545060347781e+01 9.505553881904316427e+01 9.986968964447935093e+01 9.161563530413364731e+01
8.510574826212184973e+01 6.511816425520349583e+01 5.095273982445758065e+01 6.201933140932750632e+01 5.241136510626713374e+01 3.242273333966414128e+01 4.229953629689507011e+01 2.251665764487914956e+01 2.827550712325163218e+01 4.197456174653126482e+01 6.162167057595141983e+01 6.779057532758118043e+01 5.945362971700438948e+01 5.888051806852285353e+01 3.927161296002316249e+01 2.517264970312242767e+01 4.516145785812522462e+01 5.348978963925026875e+01 4.243630385240658143e+01 4.950254568673878453e+01 6.105144237377193406e+01 8.104999562785678791e+01 8.007645627218570894e+01 6.564230894487792511e+01 4.583036842951782575e+01 5.921446665335826509e+01 6.738797316968118878e+01 5.910811569244356889e+01 3.917592725718481717e+01 5.910811569244356889e+01 6.867057153504799771e+01 7.461420416216154194e+01 8.115980631350575436e+01 8.936277435119258428e+01 9.680373387925580175e+01 8.854874488263030230e+01 7.166563315000360035e+01
8.510574826212184973e+01 6.511816425520349583e+01 7.097239207129409522e+01 6.183160026853143165e+01 4.184826377770437489e+01 5.241136510626713374e+01 4.132579280104170749e+01 2.131924008179144536e+01 3.965087072423778380e+01 4.760531277232856695e+01 5.853592880318992542e+01 5.945362971700438948e+01 3.991774605460572189e+01 4.563967390285081649e+01 4.099769726119282609e+01 2.339455079977246399e+01 4.338728620022511961e+01 5.857389050354469617e+01 6.243227768983837223e+01 6.950382552320783702e+01 7.778003164117281187e+01 8.581382028020837538e+01 6.616088225066400241e+01 5.217107836017039091e+01 4.511646185404205767e+01 3.934320176033754990e+01 5.439497700226691279e+01 5.610322522469747497e+01 3.615787551917211573e+01 5.610322522417691005e+01 6.488186582514254042e+01 7.214923759412542381e+01 8.078676197562199945e+01 9.282796579083881738e+01 8.854874512749205451e+01 6.859297372684024197e+01 7.443788150944438087e+01
9.337150399276430335e+01 8.510574826212184973e+01 6.861816121313547967e+01 5.449219104642307343e+01 5.598350939677425941e+01 5.716902954910990786e+01 3.709319939927962650e+01 3.120107322195386956e+01 1.963873490612128236e+01 3.114800409486130661e+01 5.052354728809607565e+01 5.880871429773709025e+01 4.563962132568391183e+01 2.618805975607282122e+01 2.099654937994981196e+01 4.099769478199538497e+01 3.192229602125545540e+01 3.858259423827782797e+01 4.751998518022075757e+01 5.906596562209096390e+01 7.906058889094163078e+01 8.581382028020837538e+01 6.616088225066400241e+01 6.493582356198074024e+01 6.493582356198072603e+01 5.439497700226691279e+01 3.448888832135767757e+01 4.988713487311365213e+01 3.323802233885392354e+01 5.319389695700204612e+01 4.450157289070165234e+01 5.159400241422475375e+01 6.333266388898434940e+01 8.419288940190460835e+01 9.242536541270840189e+01 7.443788379926317589e+01 5.445403327190810217e+01
9.374104066912403255e+01 9.682493400638843184e+01 8.272154760976198418e+01 7.446095635723938244e+01 7.595014056511784872e+01 6.554117167822376189e+01 5.356417453414522356e+01 3.848174396478558634e+01 1.846314012154164175e+01 3.687638623435788077e+01 3.574978368294196684e+01 4.289138777273279857e+01 3.053558516117196930e+01 1.864450982398036771e+01 3.865930440971294502e+01 3.732938228048283946e+01 5.191012508165150763e+01 5.857389050354469617e+01 6.685098668177438697e+01 7.579109731495191227e+01 8.732973135919627339e+01 9.399203029370744389e+01 8.581382028020837538e+01 8.463015717938469606e+01 7.415839563821570835e+01 5.439487359981512782e+01 4.988681090530844386e+01 2.995677385177301488e+01 3.037919669793714306e+01 3.554674475604256401e+01 5.576752311265182982e+01 7.214923759412542381e+01 8.078676197562199945e+01 8.403973547598228322e+01 8.420138573035393392e+01 6.425682593785964514e+01 5.270721685567660586e+01
8.913079727837231303e+01 8.086118963499346535e+01 8.913079727837231303e+01 7.901486008815118112e+01 6.903346589890914231e+01 6.076575938469107285e+01 4.560400399347316380e+01 2.559035650677298790e+01 3.685302176254178619e+01 1.684942914841697714e+01 1.571939943816928142e+01 2.967328095896536055e+01 1.636821320112854750e+01 3.639307519486438025e+01 4.693912841436240058e+01 5.731982681668119994e+01 6.559602716464823402e+01 7.587582174664316881e+01 7.709147345759051007e+01 8.535892043893061043e+01 9.198661187742732182e+01 8.370287108441077351e+01 8.420855910525651211e+01 7.835080045620205169e+01 7.312528368099061993e+01 5.313037183984586420e+01 4.687276582458341778e+01 2.686970193026121834e+01 4.687276293955829232e+01 5.576512499226992503e+01 5.576752311265170192e+01 7.636745357786716681e+01 7.238018323951779109e+01 6.384486735232188437e+01 7.811361433283832412e+01 8.092560732723767103e+01 6.970268705628041062e+01
7.916386424580944947e+01 6.094005353854269913e+01 7.916386424580944947e+01 7.074830474886690013e+01 5.078321402051516742e+01 4.081526604613385700e+01 3.415414478363072703e+01 3.975770822980001640e+01 4.513470276085300981e+01 3.686849414122269764e+01 3.416512411063855836e+01 1.413361333806686027e+01 3.408300617338203153e+01 4.459049002339666146e+01 5.917096780169138270e+01 5.089527002573713332e+01 5.589395126315822182e+01 5.589395126315822182e+01 5.710995115727209281e+01 7.709147345759051007e+01 8.044088207291966341e+01 6.370546514834009599e+01 6.421192591509540648e+01 5.835541232347737406e+01 6.726870398291497111e+01 4.727411014211131146e+01 3.313072790085658426e+01 2.496176785946859766e+01 4.496554868030278129e+01 5.719240088678196798e+01 6.057053801550878092e+01 6.419237519628231325e+01 5.232424145255529879e+01 4.973503991299548233e+01 6.384486724973778848e+01 8.403967122082497099e+01 7.772120468194233922e+01
