LEM/with_lateral_4open/elevation_000061.asc
nrows	100
cellsize	150.0
xllcorner	0
ncols	100
yllcorner	0
NODATA_value	-9999
[rows 34 to 50 of 100, columns 0 to 36 of 100]
2.064481644892168788e-02 8.964916726448157291e+00 2.310705235017935877e+01 4.310705235018006221e+01 5.285182758168716788e+01 4.456755633422697827e+01 5.285182758168716788e+01 6.179609949168512628e+01 7.334310487547602975e+01 6.156414485136603076e+01 4.327594288894574248e+01 6.156228306650585580e+01 6.311032277420780900e+01 4.312614628682236173e+01 6.312786745660333310e+01 5.422227630552895050e+01 4.015615397569597889e+01 3.028414897008869389e+01 3.436358420923484402e+01 5.435994970116227876e+01 6.639717450429667167e+01 7.395922633707448313e+01 8.226094082181802492e+01 8.555908727192660024e+01 6.622548312677693616e+01 8.555908727192660024e+01 9.888060437043330353e+01 9.624685414970255692e+01 8.202774994396284569e+01 7.604635729436532188e+01 8.310477945841702763e+01 1.031967183978269134e+02 1.181901506356085179e+02 1.035194933930443000e+02 8.352242127814075445e+01 8.937942809671957889e+01 8.387410856532898151e+01
2.905961989428186565e-02 2.002905961989392836e+01 2.896491672644851434e+01 4.896491672644921778e+01 6.166845016239435040e+01 5.581049950415503957e+01 5.581049950415503957e+01 6.409436195642591372e+01 6.935188850349302925e+01 5.327557220116030123e+01 3.328013266350343713e+01 5.327557220116030123e+01 5.605094621425546109e+01 3.605843413744464243e+01 4.711011941427252481e+01 4.201637802921731435e+01 2.602260108659719151e+01 4.601482253163339209e+01 5.435994970116227876e+01 6.265296481631747127e+01 7.036735558797855106e+01 7.864244283610696584e+01 8.412075682542440802e+01 7.728058074620766149e+01 5.727969309128927478e+01 7.061355784868824514e+01 8.645036090763215952e+01 9.644597633118843305e+01 1.021078611351515093e+02 8.759185295145333328e+01 1.031967183978269134e+02 9.949608538758947418e+01 1.196626470186837707e+02 1.118248545038866411e+02 1.035194933930443000e+02 1.013513142666673446e+02 8.739398286195965682e+01
3.542675937824442400e-02 1.003542675937833195e+01 2.417756238310953520e+01 4.417756238377098299e+01 4.166445594189946888e+01 3.580497284449263162e+01 3.580497284449263162e+01 5.581049950415503957e+01 4.937571792155001305e+01 4.661033665411090965e+01 2.661661333912268645e+01 4.661033665332082876e+01 4.853091189020593532e+01 4.711011941427252481e+01 2.711893356715986414e+01 2.202386992300020907e+01 4.201637802921731435e+01 5.430227919161249162e+01 5.967771652727712706e+01 5.622708198137901547e+01 5.036999041609647776e+01 7.036735558797855106e+01 6.412429601482683950e+01 6.412429601482683950e+01 5.061239153792278245e+01 5.817246970407320106e+01 6.817410654198526743e+01 8.231705804830416184e+01 1.023072405060912615e+02 1.077061265236812346e+02 1.160715624732495428e+02 1.196626470186837707e+02 1.149510747316341934e+02 1.061055073348431677e+02 9.790565687676522089e+01 9.165850206598159389e+01 7.343665145725209698e+01
3.411803931810562102e-02 2.003411803931775026e+01 3.831969796833406150e+01 4.875375572982743222e+01 4.166445583055939750e+01 2.158139337048272921e+01 4.166445553424282622e+01 4.190660361384841082e+01 3.523949701724760786e+01 3.890800580644043549e+01 2.084350928591064900e+01 3.299611122579820233e+01 2.853648707387679551e+01 3.580310666376665552e+01 3.717099898449779261e+01 1.927692473371723025e+01 3.927019570260232939e+01 4.366718485271761097e+01 3.968302084723012513e+01 3.623246284817972906e+01 5.622708306907705378e+01 6.664063561790996459e+01 6.412429601482682529e+01 4.412431498976276600e+01 6.412429597374523382e+01 7.817307669710177720e+01 8.396735625224656019e+01 8.615392884704418464e+01 9.442624437795684855e+01 9.704277964915895893e+01 1.053100526394746765e+02 1.207402501440055715e+02 1.009487708462283138e+02 8.697893456124850786e+01 7.815041877901099099e+01 7.193161582541043231e+01 6.627919781146965761e+01
3.327314952832965272e-02 1.417540927570909481e+01 3.417558414301434766e+01 2.875395076326420352e+01 3.560917689679801867e+01 1.523464284731258189e+01 3.443504897750645455e+01 2.187276674755146288e+01 2.884724532349586923e+01 1.890163071794020411e+01 3.108715152292629469e+01 1.297810576427523088e+01 1.439130209429036533e+01 1.580738799329157551e+01 1.723011251015959999e+01 3.722030284099189146e+01 2.182700936140737724e+01 2.367569586280505334e+01 2.554836456387077703e+01 4.553953083296050863e+01 5.036872294905577263e+01 4.664267542188647298e+01 5.468153975926649935e+01 4.012641218409046928e+01 6.012428735507032940e+01 6.582603080976365106e+01 6.396891313653625843e+01 6.615677550129720430e+01 8.071898268399768028e+01 7.705029303444007382e+01 9.654987070129612903e+01 1.080864196445027261e+02 1.149510747316341934e+02 1.061055073348431677e+02 9.790565687676522089e+01 8.233872469267979000e+01 8.596384052534828868e+01
6.779948344387334846e-02 2.006779771959454450e+01 2.204152432534502992e+01 1.461181467043712523e+01 2.409485019156122831e+01 1.223574749442607690e+01 6.581625142143200158e+00 7.619720710253044871e+00 8.704749724049960946e+00 9.846167045253098493e+00 1.102018871865147176e+01 3.108641508119041674e+01 3.439263642132225840e+01 3.580310666376665552e+01 2.877277163549041461e+01 4.542712850433532878e+01 3.076708298349512205e+01 4.366718479861949476e+01 4.553953065460684968e+01 2.834760534347514138e+01 3.037700381345832668e+01 3.250729263151581705e+01 3.468743195830356996e+01 3.833557226442432153e+01 4.204693720565605020e+01 4.582520254731772980e+01 4.982486800386106296e+01 5.517063839268111991e+01 6.071861058928573840e+01 6.827941209324195881e+01 7.982776134100227239e+01 9.982024572087398440e+01 1.101238416275667191e+02 1.122844499299429657e+02 1.102958885985132440e+02 1.020937562392074085e+02 8.964323681284854217e+01
9.516927588586144779e-03 1.024863092722206437e+00 2.041520228272906134e+00 3.064809248466209723e+00 4.094861653715422989e+00 5.129037033705465376e+00 8.157510911864250147e+00 2.630868212297631459e+01 2.884696268403734720e+01 2.423715447862417349e+01 3.016394005876138706e+01 1.399524792561320119e+01 3.400548988747243584e+01 4.526738809533510022e+01 4.870439373465136157e+01 5.687974916406235337e+01 4.490252352900936472e+01 5.075508274118522678e+01 4.466947515479120767e+01 4.833886984350007054e+01 3.793055427543939118e+01 5.249994235340305693e+01 4.622891397903266864e+01 4.071309753850143665e+01 6.071101011451209928e+01 6.582603081033569481e+01 6.396891313653625843e+01 6.615677550129720430e+01 8.071898268399768028e+01 8.827757948238566144e+01 9.654987070129612903e+01 1.043810936167352992e+02 9.042535831889823328e+01 9.257886903119084820e+01 1.122844499299429657e+02 1.176191626332766162e+02 1.066754865707874274e+02
1.945935296826603253e-02 2.001945887945037228e+01 1.358836443626462476e+01 2.306299628915281730e+01 2.406939274147912755e+01 1.013232911953341819e+01 2.292649407657273386e+01 1.781103491692582352e+01 3.659836691348728976e+01 4.479826508233839633e+01 4.177639347850019647e+01 3.400548988747243584e+01 1.699062335955039416e+01 3.698625559195188117e+01 4.848995768959608910e+01 5.848655548078457400e+01 6.488441070066259897e+01 7.072600320399432405e+01 5.880912038824465071e+01 5.792697337835962657e+01 5.206905237505970518e+01 5.792654306240751794e+01 6.036941512683320354e+01 6.071101011451209928e+01 4.719975931388581358e+01 6.719991865771152106e+01 8.396735625224656019e+01 8.615392884704418464e+01 9.442624437795684855e+01 9.947741345182015493e+01 9.128793499702075565e+01 8.734737890027632545e+01 7.641122840880657918e+01 9.042535831889823328e+01 1.101238416275667191e+02 1.165628594785951435e+02 1.180982029562647426e+02
5.600688922766024203e-02 2.005600688922730512e+01 3.357257707769202426e+01 4.179032890907227937e+01 3.612856625363783536e+01 1.532064961402052994e+01 3.430626323704985481e+01 3.658306794719590727e+01 3.308929438540859991e+01 5.234975197570410899e+01 4.641062868301273170e+01 2.641855278353922998e+01 3.698626889625788294e+01 2.021599817886566086e+01 3.021232264629905728e+01 4.434835795446738160e+01 6.434188107693564973e+01 7.384532128923245864e+01 7.880508831412528536e+01 7.792600861457212602e+01 7.206924571183643025e+01 7.792279004803845055e+01 8.033805228904239470e+01 7.254530552800730447e+01 5.254469925962317944e+01 6.353049777804651654e+01 8.352696922373571908e+01 9.577417988712599595e+01 8.757680908894987226e+01 8.757680908894987226e+01 7.143234076190172743e+01 6.744318917597436780e+01 8.734737890027632545e+01 1.043810936167352992e+02 1.107760296750378188e+02 9.674141172140467404e+01 1.070299404089186339e+02
8.215197286175310309e-02 1.162913374082166662e+01 2.577040606577403636e+01 4.575259211244620161e+01 4.474231661928539694e+01 2.725476432664360971e+01 2.562403684010243410e+01 4.665548364910289791e+01 5.235489990550950523e+01 5.795355692760787747e+01 3.796062649263353705e+01 4.641062767506782194e+01 3.672515748753373543e+01 2.258944081450899688e+01 4.258087018548403080e+01 5.052380740357456546e+01 5.499437958149616179e+01 5.385092050292119126e+01 6.505100846549903792e+01 7.107935959106809776e+01 7.814779997084697527e+01 8.643340741673971195e+01 9.253611902868334482e+01 7.254530552800730447e+01 5.886999316931827053e+01 7.886979965317746633e+01 9.179816938575433483e+01 8.757680908894987226e+01 6.768643656512442419e+01 6.768643656512442419e+01 5.986365622370306028e+01 7.982430232045483365e+01 9.553624562623993199e+01 9.467458160435796799e+01 9.410728200085232231e+01 8.270614642797184501e+01 9.721039950740065194e+01
2.613274238814250472e-02 1.416826836611921792e+01 3.416826836611992491e+01 4.990660516441021599e+01 5.679238492227420920e+01 4.826994983677262496e+01 4.053113760658355602e+01 4.053114542900875961e+01 6.144094404061393533e+01 6.623694471440211373e+01 4.950311747565501008e+01 6.499958604698093723e+01 4.964900019546384868e+01 2.965730653848918763e+01 2.627049064791995647e+01 3.053209943899595302e+01 3.500125505552530569e+01 3.971260994983938986e+01 4.505612567654029732e+01 5.108556907401251834e+01 5.815521660441235952e+01 6.969688458449444113e+01 8.969196507383728090e+01 8.594008363897903280e+01 6.594230063408680564e+01 8.594008363897903280e+01 9.900205000296179492e+01 7.921295225117843586e+01 6.509591127966909596e+01 5.361695401775374137e+01 7.351219179702633255e+01 8.802806047022622238e+01 8.886585657916522507e+01 7.483061441121292034e+01 7.426300053878786400e+01 7.278120421439460586e+01 8.906360465105397850e+01
7.532853315450405152e-02 1.007532853315459143e+01 2.162233391694731210e+01 4.162233391694801554e+01 5.168884647204389893e+01 5.997311771950550252e+01 6.144048792557040173e+01 6.144094404061393533e+01 6.990225225033786671e+01 7.778157779791503401e+01 6.949709630184288756e+01 6.229400877661929314e+01 4.230049849175196641e+01 4.964900259218257617e+01 4.626151621518388879e+01 3.104865837700580045e+01 5.104045409974681746e+01 5.970712385460409166e+01 6.505097413877730617e+01 7.107935959106809776e+01 7.814779840266997724e+01 8.643042110525701105e+01 9.797990018467712048e+01 9.421110640955942017e+01 7.749068191930304295e+01 9.421110640955942017e+01 9.655196669102414830e+01 8.400439272438312344e+01 6.411278442443837378e+01 5.015249414409910145e+01 6.993890160678553514e+01 8.627636794619081684e+01 7.896279391843299322e+01 6.085576553148906243e+01 6.029185573406051901e+01 8.007525601125209391e+01 8.248668320589025882e+01
6.101047412966256744e-02 2.006101047412930782e+01 3.050820235276340142e+01 3.535891485348966512e+01 3.168884647204460947e+01 4.875453798569166253e+01 5.703880923315326612e+01 6.858581461694437564e+01 7.622902992648191400e+01 7.129402825178493686e+01 7.653048790135430579e+01 7.057680731254326645e+01 5.643775622052488217e+01 6.517826120238929377e+01 4.518438268130414315e+01 5.104045409974681746e+01 3.639049944725542929e+01 4.138803525005924655e+01 4.673185618318512979e+01 6.087027207203674806e+01 8.086383728695433604e+01 9.150741017768672236e+01 1.030539261669936906e+02 1.057464930093258602e+02 9.748218103510295407e+01 9.221793155697150723e+01 8.333667346264570597e+01 6.851018069271651711e+01 6.659438831620924759e+01 4.692718426930720454e+01 5.819545284048501088e+01 7.806754754079487668e+01 7.074927168396537525e+01 5.109918734417748709e+01 6.412922208918074318e+01 6.622719545065777424e+01 6.840930756307123772e+01
6.842009524227352091e-02 2.006842009524191894e+01 1.050820235276375847e+01 1.535891485349037566e+01 2.168347017382702191e+01 2.875453798569237307e+01 4.030154336948447735e+01 6.030154336948376681e+01 5.595276791422767815e+01 5.097951728308444785e+01 5.624976688546969683e+01 7.055379234579652348e+01 7.643225312222452317e+01 7.346029391733928549e+01 6.517826117425559573e+01 5.638391375126266070e+01 4.305430232693090176e+01 6.138252971705907157e+01 6.672625174063006170e+01 5.567441154685054272e+01 6.323110121388046423e+01 7.477265729683408324e+01 9.476896021195857145e+01 1.073908792945868527e+02 9.801471720244659025e+01 7.822195003521919432e+01 6.413292758786674597e+01 5.527905626009752638e+01 4.880381999458276709e+01 4.391524144438455579e+01 6.348473031643462861e+01 6.753878664597766601e+01 5.936227285794413433e+01 4.630516120021600557e+01 4.452134128691388781e+01 4.654639118579083146e+01 4.864944266826830699e+01
1.934550753332892059e-02 4.019345507533312656e+00 2.401934550753366793e+01 2.950105047722107443e+01 4.168347017382630781e+01 4.875453798569166253e+01 5.703880923315326612e+01 5.853468470052339256e+01 4.154483593380720663e+01 3.657410479846467410e+01 4.181659393092459709e+01 6.218985254366975113e+01 7.844469553939200068e+01 8.676425357489814871e+01 8.465989185183489951e+01 7.133055929242181037e+01 5.459840517997642451e+01 5.719264768973830826e+01 7.718652838185936105e+01 6.981109715869776267e+01 8.322403024547840289e+01 9.150743193506625062e+01 1.016408886161724325e+02 8.768824439452419028e+01 1.016413505224533367e+02 9.221793155697150723e+01 8.333667346264570597e+01 7.512574290903900476e+01 6.046509262643144922e+01 4.095472714916674306e+01 6.046485160093842381e+01 5.679921591213589949e+01 3.985447295391981015e+01 4.168784674160738746e+01 6.124622970636545460e+01 5.631515329173655715e+01 6.840930756307123772e+01
4.364784840791047227e-02 2.004364784840755576e+01 1.816148113126451236e+01 3.816148113126521935e+01 5.778532172468197103e+01 6.220564965916804567e+01 5.301290766304074964e+01 4.461895108297785129e+01 2.984268956956225693e+01 4.154483593380720663e+01 6.189154756050198358e+01 5.095253832288630491e+01 5.818279164997880315e+01 6.992796070792351770e+01 9.007877167647373540e+01 8.287405290731445007e+01 7.459206415154835668e+01 7.718652838185936105e+01 8.546848843200237411e+01 8.980573917485921243e+01 9.614895307552961867e+01 8.796752395271603575e+01 8.206541692727030579e+01 7.372472454574435119e+01 9.345901254965595228e+01 9.471038086922170862e+01 8.329423864876316941e+01 7.458048283389356925e+01 5.788087833382434155e+01 3.838324943624583341e+01 5.430379563297116619e+01 3.730445053035852965e+01 5.681174719790298866e+01 4.114778871646741010e+01 5.729515594416396596e+01 7.613921872650337264e+01 7.613920091876474316e+01
5.219006137575642884e-02 2.005219006137540205e+01 3.816148113126521935e+01 4.644575237872741269e+01 5.515122169360248705e+01 4.676399696670000594e+01 3.353446276558906902e+01 2.437872263271500373e+01 4.461895108297785129e+01 5.853468469915593886e+01 7.025594650697522070e+01 7.128103071941487201e+01 7.844469553939200068e+01 8.676425357489814871e+01 9.837957748512273781e+01 8.637950649719334706e+01 7.810947822506560101e+01 8.637950649719334706e+01 9.636231370508328098e+01 1.019093432965142227e+02 8.219263323047903214e+01 6.825411954549633720e+01 6.236818197814628917e+01 8.206541692727036263e+01 9.506146057147968520e+01 8.644762684953670373e+01 6.674665759805459686e+01 5.573891713948828652e+01 4.728600141399151369e+01 4.092076547025302347e+01 3.477674343568942561e+01 5.430379563297116619e+01 6.499948859474437768e+01 7.424375712915018255e+01 7.699328577490246062e+01 8.561700351923012420e+01 9.586391211071473606e+01
