LEM/with_lateral_4open/elevation_000062.asc
nrows	100
cellsize	150.0
xllcorner	0
ncols	100
yllcorner	0
NODATA_value	-9999
[rows 34 to 50 of 100, columns 37 to 73 of 100]
7.744469549669666719e+01 8.574557093813881181e+01 7.705082235667956070e+01 6.509495097111410189e+01 4.630304448186768695e+01 6.626795596532485888e+01 7.198515000426804988e+01 6.878194324826645811e+01 6.890419738001730821e+01 8.474453079026794455e+01 7.894781301248758609e+01 9.873909321525282223e+01 9.407252868299107718e+01 7.378970139189831912e+01 7.973040396382383221e+01 7.688544696753476160e+01 5.594988789998954104e+01 4.155765461185595200e+01 4.361984968409593222e+01 6.396954255561696101e+01 6.947179548575516606e+01 7.567051407346605174e+01 8.291835709249971842e+01 9.136696312762232708e+01 1.031558796504922810e+02 1.082186108906437454e+02 8.849779153330004533e+01 7.629015024782792409e+01 9.591546223688607142e+01 9.251159692932338885e+01 7.285914378950533887e+01 7.861521404720716077e+01 7.440805554358787788e+01 5.452838436316507398e+01 6.735595259248094635e+01 7.556281854325885661e+01 5.990454033741419693e+01
8.103029008565589209e+01 7.672274225921212576e+01 6.973585772198360644e+01 4.982903830175578719e+01 6.626795595705873154e+01 4.965610997788742509e+01 5.209603453694563768e+01 5.473542950264226903e+01 5.746342984781653485e+01 6.496246253336906307e+01 8.474454477551442722e+01 9.980119919344878099e+01 1.023799526176676267e+02 9.407252868299107718e+01 8.854746660014012605e+01 7.683202202501796307e+01 6.421528584021672259e+01 4.378816966352231077e+01 6.397664881054633668e+01 5.188693839775183392e+01 5.805334708307822211e+01 6.490079800857134273e+01 7.675153483387141762e+01 9.117495520139608800e+01 1.111831030452981963e+02 1.024170477162265769e+02 8.273224684418634922e+01 6.890884365944442891e+01 8.050063705181344176e+01 7.691337341179192322e+01 7.342507117704013808e+01 5.889315568012336399e+01 6.790600841558244838e+01 6.531230160336326662e+01 4.742544105265854881e+01 6.490801163136403318e+01 5.459316547709072864e+01
6.125221218875029905e+01 5.693037152966433467e+01 5.345929880246750798e+01 6.942854062905784929e+01 7.764969712131816948e+01 6.376746576319015247e+01 5.916511851008054634e+01 7.458238391888488650e+01 7.726760728145852397e+01 6.180662878777609137e+01 7.167739618976979443e+01 8.574615308675437575e+01 1.061933441096466169e+02 9.579091800177151583e+01 8.021360620464137980e+01 5.973899116710202151e+01 4.789840272883223093e+01 6.421528584021672259e+01 4.918628084685543911e+01 6.969351141890497559e+01 7.849621791059611553e+01 8.521293851851307011e+01 7.939828178602893161e+01 9.963139350163552876e+01 1.131923112093666788e+02 1.033167809325802438e+02 9.437889358381221427e+01 7.475129144397463676e+01 6.085238489823516517e+01 5.718055609162225750e+01 5.360103093443520805e+01 5.067524426998300413e+01 4.798336836367741398e+01 4.539764055341633764e+01 4.291397828216314991e+01 5.661836885167870292e+01 3.762116145683621937e+01
6.604033800627124151e+01 7.671969723974247302e+01 5.730128733914666839e+01 7.703249675507680649e+01 9.065014420337574563e+01 8.361332424535922314e+01 6.666780118332314942e+01 8.648798239583967984e+01 8.479136928365736026e+01 6.506029982078563023e+01 7.620403287278494986e+01 9.491707372244113117e+01 9.848791839787136837e+01 8.617886822000934899e+01 6.691822586896964253e+01 5.234509422977888704e+01 6.842111331178217881e+01 7.372606901699622028e+01 5.318623614204842198e+01 7.372606901699622028e+01 8.764862753394697847e+01 9.597928754474428104e+01 9.963139350163552876e+01 1.077711642344918488e+02 1.049774273106442166e+02 8.526009350325162472e+01 7.550209186743754231e+01 6.859608202109315300e+01 8.050063705181344176e+01 6.147120303811569642e+01 7.342507117704013808e+01 7.056371743441667377e+01 6.790600841558044465e+01 6.371631553499502587e+01 4.392223399307754761e+01 3.996343999107587308e+01 5.433970719519186332e+01
7.273988791790598896e+01 8.546859365151028953e+01 7.714744111353940070e+01 6.315522318047375450e+01 8.297121794022800145e+01 9.466400438423572439e+01 7.810863371896887486e+01 9.466400438425189634e+01 8.827901123039066533e+01 6.854250778923916698e+01 8.827901123039066533e+01 9.934289199357041866e+01 9.001750429533579734e+01 6.907299338183538850e+01 5.712504591553685884e+01 7.287215254105471729e+01 8.130095194206954545e+01 8.211158973376666381e+01 6.506214253301760664e+01 5.985738938197606274e+01 6.714157495845870471e+01 7.633890662441704933e+01 8.817796623677753587e+01 1.085740935407945074e+02 1.131923112093666788e+02 9.511876040694787093e+01 8.456892475951052290e+01 8.818418221352884245e+01 8.679975827655441378e+01 6.719268650367175155e+01 8.679975827655441378e+01 8.436119272464249264e+01 6.981677483670006268e+01 5.004893005144759144e+01 4.867403451965944328e+01 5.964727635171217202e+01 6.560435139432088647e+01
8.189719343957324327e+01 1.004049891121542544e+02 8.777185980594811099e+01 6.795619990264468413e+01 7.933544524036041423e+01 9.911570838454284171e+01 9.214432753270618548e+01 9.410506746011940038e+01 7.433948401638721748e+01 7.734668202524431990e+01 9.640317883492932083e+01 1.103562771082164602e+02 8.704417878990491886e+01 7.011884617055140723e+01 7.737399245225677191e+01 6.292266125117350128e+01 8.338208289227303283e+01 9.380544990360604629e+01 8.551327731003168253e+01 6.906773756322363056e+01 7.287147034053998595e+01 9.333067766657831044e+01 1.052037724479658607e+02 1.169498412255875337e+02 1.231085532701748235e+02 1.124799443512192028e+02 1.042657508164104314e+02 9.662056397381769557e+01 7.697895257929118884e+01 8.679975827655441378e+01 9.004067879670829200e+01 7.068595783818216205e+01 5.674067579217820878e+01 6.981677483670006268e+01 5.532344018375336248e+01 7.508267835691404457e+01 7.198157154304094263e+01
9.391316419998894105e+01 1.036928029813182803e+02 8.412402869381455162e+01 7.366830996630795880e+01 9.350245180610035334e+01 1.072020759394692533e+02 1.119128221614405163e+02 9.842068306829591506e+01 7.863490105342779657e+01 9.709225315643088550e+01 9.348562990480813539e+01 1.130689412448580669e+02 1.013019325555227255e+02 9.024195035222709294e+01 8.704197996125068926e+01 6.717612791686039486e+01 7.902899038462859949e+01 9.941258066513344716e+01 8.955082517776624229e+01 8.358060710964326745e+01 8.736833967414672486e+01 1.017184393560684299e+02 1.089675140802327178e+02 1.006478154275704213e+02 1.089675140802327178e+02 1.141369793591181008e+02 1.127584116290339011e+02 9.299366547800904925e+01 9.083464735605365092e+01 1.048235950792295910e+02 9.519343481324939660e+01 7.591358720171433561e+01 6.208257995938912188e+01 8.156052382688966418e+01 6.285996065084493978e+01 8.250960994478960231e+01 7.717070725567573675e+01
1.127053785964623955e+02 1.115165701399460545e+02 9.347620311153141870e+01 8.770822286201843099e+01 8.513064995689785519e+01 9.917710706462871428e+01 1.188478893595284944e+02 1.065536525298966382e+02 9.268820105379752761e+01 8.562834879934321464e+01 1.054002786691034572e+02 1.210410555117794473e+02 1.207978254110608276e+02 1.087675287105211623e+02 9.236819870601205196e+01 7.195350805329147192e+01 9.234553165857039403e+01 1.074607401453465485e+02 1.098846889803475193e+02 1.039642066081535177e+02 1.077250349113587475e+02 1.077437107114933923e+02 9.895293950183496179e+01 8.064201969989885299e+01 9.895293950183496179e+01 9.409687565566396472e+01 1.082862880707430122e+02 1.127584116290339011e+02 1.105890023431835232e+02 1.073484030035599375e+02 8.812971081942174578e+01 7.447166940405450930e+01 7.190740076224236077e+01 8.955252422880859342e+01 7.271802307684575339e+01 9.063662087810274670e+01 8.303886447757469114e+01
1.011392030842677627e+02 1.091137004568197142e+02 1.130715923350431069e+02 1.074909579063976111e+02 1.049385458075605158e+02 1.049385458075605158e+02 1.245276916988095337e+02 1.212961612365511428e+02 1.112215290829172716e+02 9.161353452886730508e+01 1.017997677846992701e+02 1.214207149381679756e+02 1.127501585361500105e+02 9.293240106586127069e+01 8.045290093451862390e+01 9.242487243075653680e+01 8.868318100221947020e+01 1.090734900626922723e+02 1.137997160371450889e+02 1.085071634593935244e+02 1.013972394204846523e+02 9.942436629014255800e+01 7.937148720830703041e+01 7.055398568008482130e+01 8.729258163786514046e+01 7.992727597847041920e+01 9.996646054355213096e+01 9.984148426870268622e+01 9.984473164478805529e+01 1.080404464640598547e+02 1.017531920733426887e+02 9.375873543461898407e+01 9.121364689153705285e+01 9.121364689153698180e+01 8.655990770517026078e+01 1.004366274293219163e+02 9.126280139345061571e+01
8.289057964498448428e+01 9.905924296442067600e+01 1.001584017514741873e+02 1.060279500372467254e+02 1.104182047725442715e+02 1.096149501878266648e+02 1.097199185006131330e+02 1.179026824017006163e+02 1.168707305939815768e+02 9.829053541698996810e+01 1.182102071244706707e+02 1.294675106901871402e+02 1.152986233977304096e+02 9.488624518746242131e+01 9.488624590979908646e+01 1.092182843046700071e+02 1.090734900626922723e+02 1.137997160371450889e+02 9.373108916552288861e+01 8.839726104970694109e+01 8.123982306683147669e+01 8.123982314146535089e+01 8.305125908206663610e+01 6.286780878782335691e+01 6.715701632205917804e+01 8.729254356190747899e+01 9.389971761311932141e+01 7.976633920888825457e+01 7.976635874749396748e+01 9.984225381976071390e+01 1.005595147901065616e+02 9.796396236805856006e+01 1.062524729946476043e+02 1.104506495860621840e+02 1.061621836696536576e+02 1.039600328005791283e+02 1.011478700153748065e+02
7.246340933527167749e+01 9.104959566121569026e+01 8.019824620014334471e+01 8.604444040758929191e+01 9.040541203390188230e+01 8.953528484178188762e+01 8.954870582413096258e+01 1.097199185006131330e+02 1.256212518126413613e+02 1.182102071244706707e+02 1.124552435097168512e+02 1.321039183341730450e+02 1.235503234218776214e+02 1.152986233977304096e+02 1.152988812820631068e+02 1.165355504995351339e+02 1.082230848795897771e+02 1.060311566162396986e+02 9.741375081255125679e+01 7.725226678440041894e+01 6.815296929512696522e+01 6.096144050140429727e+01 7.296120807038904843e+01 5.701394423333512407e+01 7.133392567432552767e+01 9.143487630026076829e+01 8.564659940235728186e+01 6.542332027343766754e+01 8.564659940235728186e+01 9.467676977087519674e+01 8.057401987236191587e+01 7.798406455060229803e+01 9.471194357323190616e+01 1.062524729946476043e+02 9.804294578472615740e+01 8.384702730065390597e+01 9.804294578472615740e+01
6.453172635611051078e+01 7.453672689513800265e+01 6.621493957268978647e+01 7.999929473926003709e+01 7.634320617231846029e+01 7.543632215069220592e+01 8.953528484178188762e+01 1.096149501878266648e+02 1.135011232433361954e+02 1.218174232283464562e+02 1.321039183341730450e+02 1.401355489760204875e+02 1.282932608628509570e+02 1.167352994460324140e+02 1.084377742523738135e+02 1.023967122334530160e+02 8.814127622447388433e+01 8.594270609452273391e+01 8.786074015028481199e+01 8.422078820962296675e+01 8.079068092646704713e+01 7.296120796133001818e+01 5.270945531135790674e+01 5.281851959825822718e+01 6.711157526052791411e+01 8.724662372590326243e+01 7.925126473948047590e+01 5.900769447501427578e+01 7.925126473948047590e+01 8.470984506509752521e+01 6.642716398581475801e+01 6.642716407083106844e+01 7.798406455060229803e+01 9.796396236805856006e+01 8.902519426800934355e+01 6.952631246095324968e+01 8.902519426800934355e+01
7.111514804747899632e+01 5.477165382278354855e+01 5.742647835474038942e+01 6.024341066867925321e+01 6.614901769566624523e+01 8.598645676176032282e+01 9.277742364911883044e+01 9.713946495776751533e+01 9.346226617062428943e+01 1.130182682178305242e+02 1.219828511012105992e+02 1.335666493848001721e+02 1.199885639284494090e+02 9.998215292487039108e+01 8.840166223721571725e+01 8.230947938254777796e+01 7.687687749249586489e+01 7.160510246646299493e+01 6.759434138466026809e+01 6.392799642833654161e+01 6.049129857978102365e+01 5.720993383778753838e+01 6.910295766073868151e+01 4.889094742095065982e+01 6.600257721580371140e+01 7.432086139717067397e+01 6.625177910233793455e+01 5.341231584055100967e+01 7.363660669524422531e+01 7.642786352779999959e+01 5.636304451880176458e+01 7.642786352779999959e+01 8.764431501047006634e+01 9.919552561362100107e+01 8.069905313723711515e+01 6.050134787157362126e+01 7.396648471524096635e+01
5.128858059803185654e+01 7.111514778507199708e+01 7.717641776737393400e+01 7.999929473925938339e+01 6.513907926423554784e+01 6.883622156421493798e+01 7.284204827783332803e+01 7.715047493716191696e+01 8.468247190383607403e+01 9.363362819073614673e+01 1.051922543066782509e+02 1.252467980796927947e+02 1.225862292185735498e+02 1.025774095537170325e+02 1.084378571500147359e+02 1.023967122334530160e+02 8.594270609452273391e+01 9.182647702880319684e+01 7.934815414935076205e+01 7.831572213456075815e+01 8.079068095732618815e+01 7.749768688460540034e+01 6.910295764212598613e+01 6.600257721580371140e+01 4.582168747042207713e+01 6.299182139334376274e+01 4.607955515117684797e+01 5.982468844469202196e+01 6.817461611538030297e+01 7.141171052589042745e+01 5.133792437434716760e+01 5.931365822325598458e+01 7.090095372447446209e+01 9.090714595497608741e+01 7.396648471518544454e+01 5.385966390308981033e+01 6.248662385416574949e+01
7.111514853446051632e+01 6.273025541020228246e+01 7.672715613518994360e+01 9.323961301645638855e+01 7.910573321410484482e+01 8.026075953698511967e+01 9.277725682662587303e+01 9.127134340517477540e+01 8.781614956074105294e+01 9.782464752777650574e+01 1.119870796866573244e+02 1.320597705643222639e+02 1.308931893383479235e+02 1.225862292185735498e+02 1.260802587111777200e+02 1.060311566165738668e+02 1.060311566164626669e+02 1.078013565653232178e+02 9.948914888361029796e+01 9.847687881474716676e+01 9.935147648595830105e+01 9.103405125510926155e+01 8.932448848335681646e+01 7.436788128518298890e+01 6.299414666406201491e+01 4.283650116472893643e+01 4.122567069141516072e+01 3.971134828076171885e+01 5.768760338748582939e+01 6.121882212037460391e+01 4.661337171401758894e+01 6.081099834139347848e+01 8.085010881209197464e+01 8.384737177287063048e+01 6.838985599011067507e+01 4.837435999946636400e+01 6.838985599011067507e+01
9.085101957871043510e+01 8.256912499734434618e+01 9.085104174464804316e+01 1.049746554633779283e+02 9.906852641845314622e+01 1.002480137990591373e+02 1.085562322168740650e+02 1.113034218984583816e+02 1.078457685223983731e+02 1.161563602191738624e+02 1.261807872124520884e+02 1.244092067611344703e+02 1.233539300222631994e+02 1.316896639293876490e+02 1.222269980811392713e+02 1.122148924405451709e+02 1.039111929041133777e+02 9.633190944717935622e+01 9.158555848153808654e+01 8.717710423628656713e+01 8.295406218123204667e+01 7.082917598290519834e+01 7.885790352779726220e+01 6.667655662306933095e+01 4.649211855201193799e+01 6.141333008397695892e+01 6.137007634433031456e+01 5.768760437097595428e+01 3.759636816104201529e+01 4.116924043109529663e+01 6.121882213632711967e+01 7.497446010980529252e+01 8.049375870808215439e+01 7.551888937325378492e+01 5.541907308096477891e+01 4.394887244129142090e+01 5.246580430013671759e+01
8.876799336599074763e+01 8.049339314704833726e+01 8.876799336599076184e+01 1.060137110704359458e+02 9.769981222845903801e+01 1.060137110704391574e+02 1.054375657968787010e+02 1.030863572208888570e+02 1.114105195386278950e+02 1.147751367957859543e+02 1.185402057629968766e+02 1.043357995517009158e+02 1.032847863410781173e+02 1.200934212131250689e+02 1.139138988993439341e+02 9.390848691145855298e+01 8.385829378400296719e+01 7.619484770984568911e+01 7.138348320459157037e+01 6.692410602510358331e+01 6.267253637129542909e+01 5.908554005786244545e+01 7.049845666207680495e+01 5.027486265205620697e+01 6.667655662306933095e+01 7.409168319809040781e+01 7.146239679924603649e+01 5.628185704226478236e+01 3.623265409439909490e+01 5.628179741217313392e+01 6.951610140166579299e+01 7.457147363585906419e+01 6.033146831404069843e+01 7.457147354387565485e+01 5.983883837151943652e+01 3.988821289953990856e+01 5.983883837179025988e+01
