LEM/with_lateral_4open/elevation_000035.asc
nrows	100
cellsize	150.0
xllcorner	0
ncols	100
yllcorner	0
NODATA_value	-9999
[rows 0 to 16 of 100, columns 0 to 36 of 100]
8.271705653423140625e-02 2.127631151761726416e-02 9.425194436011796739e-02 4.939197167322698090e-02 3.975871534419905817e-02 6.171646774684565184e-02 1.696294146011132625e-02 1.936121709489252440e-02 4.216450047424835645e-02 2.297044857093000214e-02 6.704298068806634203e-02 4.162315340452049650e-02 3.835349583220235004e-02 2.777463300387698203e-02 2.207885817162396139e-02 7.161913568127860341e-02 9.025521335945362045e-02 3.502399586135773735e-02 8.040414306008919487e-02 3.131346976591601466e-02 7.604099264847130613e-02 2.387740603804927586e-02 5.687112022313325910e-02 4.074439634684711570e-02 8.709178300582484655e-02 7.612946965408906586e-02 1.077918208624280109e-02 9.929772718869623455e-03 4.600412614040166881e-02 2.152795518990661267e-02 2.378824418737431057e-02 9.511189423522797837e-02 9.406546861214974686e-02 1.749038473908382007e-03 2.223905489293687143e-03 6.269637160239108220e-02 9.476101746191394060e-02
7.813061968023242432e-02 2.002127631151726206e+01 1.423638756809119421e+01 2.004939197167287190e+01 5.203736510287398254e+00 2.006171646774648920e+01 1.415909856519118648e+01 1.416149684082571802e+01 8.986436410473483960e+00 2.002297044857057529e+01 2.006704293352924395e+01 2.870050278150716672e+00 2.003835349583184566e+01 2.002777463300352068e+01 1.416421448190269849e+01 1.421375475941235322e+01 7.161323025224959338e+00 1.417715961959243387e+01 1.573709174746296391e+01 1.992525530645935561e+01 9.740675024298600659e-01 2.001351028745702010e+01 1.999272368807734424e+01 2.003811082727260739e+01 1.008730519835099848e+01 2.007612946965373268e+01 7.570068642270753934e+00 7.080997584584315163e+00 2.004600412614004767e+01 1.416366357892098193e+01 2.002378824418702052e+01 2.435922495159608125e+00 2.009406546860644838e+01 2.000174903847355168e+01 7.127853424369432922e+00 2.006269637160203700e+01 2.009476101746155763e+01
2.526786264046545702e-02 2.002526786264010994e+01 3.423638756809189942e+01 3.054896134853548162e+01 1.054896134853583867e+01 3.054896134853548162e+01 3.415909856519188992e+01 3.416149684082500926e+01 2.053344179426620286e+01 3.727070665096006508e+01 2.864355296467385159e+01 8.643552970047025497e+00 7.519955827903507917e+00 2.751995582805130880e+01 3.416421448190444465e+01 3.421375475941305666e+01 1.472061248540957124e+01 3.417715961959314086e+01 3.606325553369522652e+01 2.191753997428557454e+01 1.873000646456969065e+00 1.600504270496191239e+01 3.576237642429413199e+01 3.821488105498598742e+01 2.424617916759883229e+01 3.585433988973164787e+01 1.651434055226975417e+01 1.464028704476879383e+01 3.464028704476950082e+01 3.416366357892168537e+01 2.477014502188295708e+01 4.792839122299767496e+00 2.173696187505327160e+01 3.515977442290277111e+01 1.643738972940883869e+01 3.596832101601292209e+01 2.801117024458569915e+01
4.163169627051844027e-03 1.414629879335812745e+01 3.414629879335883089e+01 3.883323259599673349e+01 3.054896134853548162e+01 1.997705176435630747e+01 3.997705176435559338e+01 4.881771466709538743e+01 4.053344180691031085e+01 3.807164338765880274e+01 1.807164338586782648e+01 2.864355297099371356e+01 2.751995582805327345e+01 1.237066832863021126e+01 3.237066832884529788e+01 4.300488373287247157e+01 2.472061248540974887e+01 4.300488373287247157e+01 3.151053580554543387e+01 1.304587589311467610e+01 2.775587960869152493e+00 2.272536335581294864e+01 2.404214487695627156e+01 4.394435414483155000e+01 4.450204312275214846e+01 3.651434055226904718e+01 3.065647617600045294e+01 2.464028704476861620e+01 4.292455829223169417e+01 2.854486351942263411e+01 8.570930691892003850e+00 1.033600842824320054e+01 3.024472749642343672e+01 4.427937052590788625e+01 3.138459899294144861e+01 4.587244787558149994e+01 3.227518457173942323e+01
5.883922493566802470e-02 2.005883922493531202e+01 3.375029455263139511e+01 4.203456580009358845e+01 4.826132301181720408e+01 3.411918738808675755e+01 3.411918738808675755e+01 5.411918738808604701e+01 5.221377901571021596e+01 3.221377900960015950e+01 3.221377900960015950e+01 4.635591492787790457e+01 3.590620223484032181e+01 1.590620223456297921e+01 3.004833785829418247e+01 5.004833785888341424e+01 3.886274810914120081e+01 5.300488373287264920e+01 4.026131009113549197e+01 3.001957474910911117e+01 2.278032606538555171e+01 4.061235027032130240e+00 2.406310749565733076e+01 3.772069024819306549e+01 4.668475746876837462e+01 5.651434055226833664e+01 5.065647617599974240e+01 3.618729242856072403e+01 4.539301717790752377e+01 2.540984646689238602e+01 1.129024393802633064e+01 3.031727802428454055e+01 1.926672276231026970e+01 3.925736502850124765e+01 5.200513609426772632e+01 4.860511619069500000e+01 2.860511619020384799e+01
1.256007409845548775e-02 6.679226740765150439e+00 1.375029455263068812e+01 2.529729993642340702e+01 4.529729993642411046e+01 5.411918738808604701e+01 5.411918738808604701e+01 6.240345863554765060e+01 6.049805084615563544e+01 5.221377901571021596e+01 5.221377901571021596e+01 4.193642912660312305e+01 2.193642912611835882e+01 3.590620223345253947e+01 2.855531287523671935e+01 4.855531287598326884e+01 5.886274810914190425e+01 6.047703078571711188e+01 4.185198005648872766e+01 2.920114311369179205e+01 2.542174822589450400e+01 9.437426773971793637e+00 5.342748022113985584e+00 1.594268407848544733e+01 3.228977780210441750e+01 5.280056270032841326e+01 6.447156367602462979e+01 5.618729242856142747e+01 4.819158266546804725e+01 2.820582614995279513e+01 1.408682084148264835e+01 3.405951875598890410e+01 3.925736502850124765e+01 2.994521434684415695e+01 4.995080077811884678e+01 5.688938756379478434e+01 4.330541146353930770e+01
9.594114293757748102e-02 2.009594114293722100e+01 3.375029455263139511e+01 4.203456580009358845e+01 5.358157118388631091e+01 5.336458223245586652e+01 5.336458223245586652e+01 7.336458219503398936e+01 7.656984204083276779e+01 5.656984204364301405e+01 4.242770641991059932e+01 3.088070103611767792e+01 2.826098444645522889e+01 4.826098444829059275e+01 4.269744849896887473e+01 5.683958426861938307e+01 6.963298352173772798e+01 5.659692318565491576e+01 3.746489607321924353e+01 3.255994822332615968e+01 1.472384251415633827e+01 6.594752237935472827e+00 2.571402035333940717e+01 3.772069768614449714e+01 3.829724761133558530e+01 5.866653206519396946e+01 6.887758455747650999e+01 4.887996982264678536e+01 3.474476006764536606e+01 2.475782378617563140e+01 1.724299105179506597e+01 3.721781587049329687e+01 5.057530560462924996e+01 4.995080077811884678e+01 4.408971623320597644e+01 6.410071057666279160e+01 4.997207813050738423e+01
7.711341127313005306e-02 2.007711341127277649e+01 3.809047418208267999e+01 4.637474537524840201e+01 4.071547159351230505e+01 3.336458223519083788e+01 5.336458223245586652e+01 5.741584882779746835e+01 6.570011960158096542e+01 6.352981167514332128e+01 4.352981167679163832e+01 5.088070102745347612e+01 3.533205225832094953e+01 5.533205226308739100e+01 6.269744850153107052e+01 6.550540082758774929e+01 5.000822106643941822e+01 5.000822106643941822e+01 3.746489607321924353e+01 1.932742719041869250e+01 2.689504437594154851e+01 7.452417742031626879e+00 2.509222005022059676e+01 3.850262360054634314e+01 5.011801562546963851e+01 5.071440125282382638e+01 5.935718835727418252e+01 6.302022485497656135e+01 5.302333840881490801e+01 4.474094781928386055e+01 2.478730726987495814e+01 2.231227095028665985e+01 4.229290097078838073e+01 5.660277758246137125e+01 6.410071057666279160e+01 7.238288827287728111e+01 5.825634968773369593e+01
2.297228869525369793e-03 2.000229722886917116e+01 1.809047418269936358e+01 3.002502191755296579e+01 2.071547159451776565e+01 3.855966800246171999e+01 4.327371320952759248e+01 3.741584883552058471e+01 5.741584882779746835e+01 7.181408226213991952e+01 5.767194730052462859e+01 6.361632450135994077e+01 4.533205225832129770e+01 6.361632552431291288e+01 6.878941641801962703e+01 4.901163171802286200e+01 3.789140003037533688e+01 3.107382883509002269e+01 2.610364772269939238e+01 3.325366614315682057e+01 1.316982839238260006e+01 2.101338867686994405e+01 8.636869690097933372e+00 3.100606134904505851e+01 3.041840247149499632e+01 3.046533479845792414e+01 5.068801199108390421e+01 6.496585710509975797e+01 5.741660514897309753e+01 3.742199978412249806e+01 4.477090637514311311e+01 3.046365126712724702e+01 2.833142802574341701e+01 4.246238991955893738e+01 6.245996820902324487e+01 7.240538358821281406e+01 6.825635021689670623e+01
9.647730019007895452e-02 3.299040376291815235e+00 6.543468798907052353e+00 1.002502191802097897e+01 1.419531019916243864e+01 1.855966800388221216e+01 2.327371321179244745e+01 3.482071859558455174e+01 4.896285421907001023e+01 6.896285359516171809e+01 7.767194729281338539e+01 7.361632739015661286e+01 6.533205227078093458e+01 7.361632741465558638e+01 7.688441862407206884e+01 6.550540082758705296e+01 5.737070709664934043e+01 5.000822106643941822e+01 4.405363425861643378e+01 4.012204473120264936e+01 3.317228040333608874e+01 2.872852391615914769e+01 9.463549061759605863e+00 2.915315656842321346e+01 1.651744126207384156e+01 3.607316358742970408e+01 3.666487361742949247e+01 5.663708999116055054e+01 6.569982831933478451e+01 5.155923089104687307e+01 5.873716638745971608e+01 4.045501177822204397e+01 4.831954499323418162e+01 3.518249423130297515e+01 4.412210620639707059e+01 5.826478608199776232e+01 7.826345206170431368e+01
3.582433992925927735e-02 2.003582433992890444e+01 2.654346879864642261e+01 3.002502191755296579e+01 3.419531019829891250e+01 3.855966800246171999e+01 4.327371320952759248e+01 3.327371321179209929e+01 4.221798512179093876e+01 5.376499050558016535e+01 7.376499020977209398e+01 9.025184722603307819e+01 8.022207053114158271e+01 7.191796813892001694e+01 6.433399149985636711e+01 5.896993976840157359e+01 5.436187557024903327e+01 4.427222309589821947e+01 2.414653534675222346e+01 2.033675640195890466e+01 1.667181848997973859e+01 2.314481191587086428e+01 1.030298574638178088e+01 1.275703720326600710e+01 3.249661909329982024e+01 2.059806642943219046e+01 4.032277279972510087e+01 5.300548330755822946e+01 6.458769563896575505e+01 7.155755752235354805e+01 6.873600875957528444e+01 5.459519183973140599e+01 6.120809214927987796e+01 4.120827093513802453e+01 6.120809214927987796e+01 7.240538358821281406e+01 7.661281521621472734e+01
1.813270376062421294e-02 2.001813270376026921e+01 2.932608873318789477e+01 3.509959142629296736e+01 4.142414674876032166e+01 4.970841843632849333e+01 5.865269094228765567e+01 5.327371330774631986e+01 6.155797815847358834e+01 7.050224424318410854e+01 8.204924126122899963e+01 8.195258151078533615e+01 6.188335476705471905e+01 5.185265200770056992e+01 4.425887486881452304e+01 3.888037129758532728e+01 3.426082926147699226e+01 2.996598635285041112e+01 4.427222309589821947e+01 3.881459420663781401e+01 3.161270723268030025e+01 1.165319417073380315e+01 3.013856584967336261e+01 3.249835856416018487e+01 4.078889225931123974e+01 4.033177085217539570e+01 2.491405520038606625e+01 3.624017387395989687e+01 5.626186799579178199e+01 6.606065890812143948e+01 7.611814858483892010e+01 7.459411347538106440e+01 6.827962568929713427e+01 4.827830841115976312e+01 6.827962568929713427e+01 8.237477093242185333e+01 6.263011383593413228e+01
2.372884694381488524e-02 4.612043524355070367e+00 9.326088732265429115e+00 1.509959142416173705e+01 2.142414674449860712e+01 3.036841865449792266e+01 4.451055427824908861e+01 6.451055431865337653e+01 6.797435473031603692e+01 6.797435473031603692e+01 7.625834342369695662e+01 9.025184722603307819e+01 7.849148194280783741e+01 5.845515823734567817e+01 6.433399150162007629e+01 5.048585234179223136e+01 5.436187557024903327e+01 5.007696158096804595e+01 3.881487727258273424e+01 1.876830251765833424e+01 1.575471530830741962e+01 3.161267457612879284e+01 1.325378729194934024e+01 3.327519309462939390e+01 5.265716173036562964e+01 5.301486833951457811e+01 4.470233750491983926e+01 2.961393974097303428e+01 3.764867783291735748e+01 4.767127197635625180e+01 6.190009758999157441e+01 8.202497465101545515e+01 7.656244636344143828e+01 5.982739298852881404e+01 7.656244636344143828e+01 8.027995735963924062e+01 7.038910695260895523e+01
8.175220331382776484e-02 2.008175220331347077e+01 2.932608873318789477e+01 2.565602035084218357e+01 4.142414674876032166e+01 4.970841843632849333e+01 5.865269100605376451e+01 6.211641806534978372e+01 4.797449270700253976e+01 4.797449270700253976e+01 6.797435473031603692e+01 8.106042598290184742e+01 8.673591844111015803e+01 7.845085412570718120e+01 7.886941356664142688e+01 7.055941872107811719e+01 5.638343471655892358e+01 4.329746507704705749e+01 2.325704796414894915e+01 3.881487727258273424e+01 3.579187305616755310e+01 3.446190877080041304e+01 1.441466077081035557e+01 2.443689289051597413e+01 3.860068744811593433e+01 5.857448243545574229e+01 5.785882644713162648e+01 3.948785812621213154e+01 3.551561627565155277e+01 5.558457099249149280e+01 6.211558133593690201e+01 8.223428592428480499e+01 8.810792535577945728e+01 7.982559027724427381e+01 8.603048597786454366e+01 6.630158068437819452e+01 5.230440778158786941e+01
9.124702163186203252e-02 1.163825240542427686e+01 3.163825240542391981e+01 4.565602035574799089e+01 5.394029185772659218e+01 5.893004101989506438e+01 5.355520435460259421e+01 4.627304435491429047e+01 3.383236203357808591e+01 4.277663382492520583e+01 5.277663212539837190e+01 6.691872866924578034e+01 8.691831499691582508e+01 8.484680180387105963e+01 7.364056597931475778e+01 5.347734631227853441e+01 4.802147787857556693e+01 2.798615189715649976e+01 4.329746507704705749e+01 5.160956747390346067e+01 4.975248630028078622e+01 2.977906882892771634e+01 1.560097180827817276e+01 3.564934241936119008e+01 3.736314255655361904e+01 5.739317871856106734e+01 6.790624265108318980e+01 5.368508129170697885e+01 5.558457099249149280e+01 4.198565552860198835e+01 6.211558133593689490e+01 7.865145509371149046e+01 9.026017247348822536e+01 9.530997304995810282e+01 7.555121635669198099e+01 6.162277385371132965e+01 5.016282062355995919e+01
2.239863785106879432e-02 2.002239863785071350e+01 3.992252365288516813e+01 4.185788453077549320e+01 4.455467417293599652e+01 3.893013282433727085e+01 3.355526360658497254e+01 2.627307257687592212e+01 4.627304435491429047e+01 6.211641806534978372e+01 6.254605964046216116e+01 7.083216364944506438e+01 8.083340511588900767e+01 7.626262816540749157e+01 5.597646942627874012e+01 5.347734631227853441e+01 3.343635581795427925e+01 4.802147787857556693e+01 4.064498314592093919e+01 6.069633075439954695e+01 4.980522433101022983e+01 2.978001623854537527e+01 3.564818721658627254e+01 1.731522097169074925e+01 3.736926503116051634e+01 5.426934564637949165e+01 6.220598724175325600e+01 7.380902799505710732e+01 6.211558133593690201e+01 6.211558133593689490e+01 5.021103626254232921e+01 6.182473832485622722e+01 8.194486053435272765e+01 9.273599798689555485e+01 7.299481764838327535e+01 6.162277385371133676e+01 6.417869067521851889e+01
1.766589122093755945e-02 2.001766589122058093e+01 2.511198678557301989e+01 2.185790393384320041e+01 2.455470322278018713e+01 2.478800049054574117e+01 1.941312917127158855e+01 3.941311062835016799e+01 4.669112266534967404e+01 5.185537420053604762e+01 4.254561856747402260e+01 5.254562247106274242e+01 7.254649680986156568e+01 7.977508621790704524e+01 5.967092930555972430e+01 3.960809996386171150e+01 5.347734631227853441e+01 6.184028307363092836e+01 5.481513717439952416e+01 6.903257298174357004e+01 5.806722264453103577e+01 4.980461129557783551e+01 3.859019716975367231e+01 1.853838884318241398e+01 3.547534785940059265e+01 3.611863250605569675e+01 4.881230978323010561e+01 6.744379563755155971e+01 8.223428592428480499e+01 7.865145509371149046e+01 6.443429959601617441e+01 6.443429959601617441e+01 8.455836729698177123e+01 1.009802761010022607e+02 8.955526052987291052e+01 8.133842220433454884e+01 8.390224905941548172e+01
