LEM/with_lateral_4open/elevation_000040.asc
nrows	100
cellsize	150.0
xllcorner	0
ncols	100
yllcorner	0
NODATA_value	-9999
[rows 17 to 33 of 100, columns 37 to 73 of 100]
5.756289396721613372e+01 6.436671434702441275e+01 4.453105219288567440e+01 5.034067416467797074e+01 4.650522464470737560e+01 3.686341444982759441e+01 1.670736438396150447e+01 1.567271554272609002e+01 1.465098519780485375e+01 3.349645379557667724e+01 4.175513967699141915e+01 4.773264734515488072e+01 2.780168023243089337e+01 3.363561390717399036e+01 1.485110639732352134e+01 2.085559432994486073e+01 4.078294168186820201e+01 5.721711332820236606e+01 4.346074615787709661e+01 3.790437343933929526e+01 4.536304543754320662e+01 5.681500363862005543e+01 7.683248677614186306e+01 8.801800628132173188e+01 7.973320094476575548e+01 7.973320094476575548e+01 7.181159887987193713e+01 5.180651906539416274e+01 6.328140418547627633e+01 4.927244321874427158e+01 6.927717105365624661e+01 8.654734165611930052e+01 6.826139202506317361e+01 8.654734165611930052e+01 8.379089631568764673e+01 6.550382146478152379e+01 8.379089631568764673e+01
4.359499258737817229e+01 6.170121831092034625e+01 5.034078312610070327e+01 3.052150646328259498e+01 3.826811403309047677e+01 1.821079050631061946e+01 3.686341444466930284e+01 3.005184622853595044e+01 2.906056311019521132e+01 2.386504259323975319e+01 4.382861457934081528e+01 5.598095426728929880e+01 4.771863822070233851e+01 3.142799534272079498e+01 3.507865247387441343e+01 1.638140953249178366e+01 3.615359671643022921e+01 4.247154457107230030e+01 2.945700194013973316e+01 4.928735451540655532e+01 6.527538749819485986e+01 7.037448310725226008e+01 7.259597664721006538e+01 8.098038873719227126e+01 9.595860196036704792e+01 7.595569194322638396e+01 6.180878911596127523e+01 7.181159887987193713e+01 7.505234456278698474e+01 5.504655668212009800e+01 6.560623604109132145e+01 8.561095873850892701e+01 8.240868313826652525e+01 9.654825959458757723e+01 9.379242965732673554e+01 8.550969581206324222e+01 9.379242965732673554e+01
3.375218307857726785e+01 4.821124165694478592e+01 4.482118951628443426e+01 3.974736224599769940e+01 1.974506521823799687e+01 2.321792510235751905e+01 4.311502355206386028e+01 4.993672869726465535e+01 4.896884091688573193e+01 3.543058655674123969e+01 3.652685431730320431e+01 5.655387623001275443e+01 5.956401186169404127e+01 5.132275528845313062e+01 4.476536597161942410e+01 3.654197511054807279e+01 1.792682928221936223e+01 2.255421357725812470e+01 4.247358486622151474e+01 5.756231558268117254e+01 6.245353265473350035e+01 5.018007425959949330e+01 5.238634289243762510e+01 7.208711308563104581e+01 8.222589748838726109e+01 9.009908899782149660e+01 7.595569194322638396e+01 8.181440864378252797e+01 8.212563711644114051e+01 6.211934459642048267e+01 7.505234456278698474e+01 9.389548859598322395e+01 1.024061681007962363e+02 1.042229487795031275e+02 9.589897135957419039e+01 9.589897135957419039e+01 8.867052911125767878e+01
4.821124165694487829e+01 2.844671971950040046e+01 2.483500962049130223e+01 2.128402360536558291e+01 3.974736281214688205e+01 4.311502356483650544e+01 3.080277767089498653e+01 5.059598340749005985e+01 6.355496272012659631e+01 5.527916317377525246e+01 5.060793212450753487e+01 6.521643947455092416e+01 6.940391842465490413e+01 4.940735409664009126e+01 3.525420897516010399e+01 2.626962167962141592e+01 1.905022540379593465e+01 3.907759212250211078e+01 4.899711017008906566e+01 4.625325559720243973e+01 4.239669841232625913e+01 3.614839404371838327e+01 4.359250474049793667e+01 5.354908467167810215e+01 6.787411085101579999e+01 8.822309949241098082e+01 9.595860196036704792e+01 1.018160607136527460e+02 9.041029493005352435e+01 7.212338654680220884e+01 9.041029493005352435e+01 1.033398304165829984e+02 1.116923680773210350e+02 9.589897135957419039e+01 7.568697821320957075e+01 7.568697821320957075e+01 8.034126548907612175e+01
4.958837102353935222e+01 2.996174501914350330e+01 2.617890855611416967e+01 2.241650717893010381e+01 4.248878753167004874e+01 5.883303271589667105e+01 5.059598340749005985e+01 3.965023310423851655e+01 5.362604873592067634e+01 7.351294402778863457e+01 7.112965753537773139e+01 7.729245845817558802e+01 7.517281834730317769e+01 5.525351691223598039e+01 5.456176239288738117e+01 4.565073845906973560e+01 3.761696758047938971e+01 2.065049444922066968e+01 4.068074247824235812e+01 2.635885980954698837e+01 2.839651643084097188e+01 4.827122469553152939e+01 5.979229974305362560e+01 7.208711308563104581e+01 7.447144781608670883e+01 8.286774436687980483e+01 8.389582621686446373e+01 9.226696197503201802e+01 1.004117372275089082e+02 9.212788768608001533e+01 1.004117372275089082e+02 1.050580868108850296e+02 1.033852416189576360e+02 8.317229237812271947e+01 7.149857795532213345e+01 6.143138269702858167e+01 7.300404998683013957e+01
3.555759483688588318e+01 4.958837102353935222e+01 4.343675812577500039e+01 2.359537740276157436e+01 3.766034171691411103e+01 5.752628567904874046e+01 6.770115703845662836e+01 5.362604873592067634e+01 5.362604873592067634e+01 7.351294402778863457e+01 7.729245845817558802e+01 5.783299257206810751e+01 6.143419848243047454e+01 5.635872962814620735e+01 5.172468470339890700e+01 4.738872771679314866e+01 3.631489206324905439e+01 2.200511612711172660e+01 2.348400186262010791e+01 4.342576181038229066e+01 4.827122469553152939e+01 3.156186241475412757e+01 5.143293677487916682e+01 5.864266968790678902e+01 5.415325336161225067e+01 6.725907874022504984e+01 6.352005506821347325e+01 8.062435810490494248e+01 8.900873727866425611e+01 9.917701189234296066e+01 1.050580868108850296e+02 8.485092199768135401e+01 8.855900583066117804e+01 9.690098109603984256e+01 8.728054852401500341e+01 6.709053066952867539e+01 5.287724395744020711e+01
4.943217736498753112e+01 6.311958430351861438e+01 4.463022567663626461e+01 2.477340836768246746e+01 4.458120839695058635e+01 5.469963773387258499e+01 6.904382922262534805e+01 7.351294402778863457e+01 7.351294402778863457e+01 8.177626534099262301e+01 7.525354972485513372e+01 5.571003577462064982e+01 4.208413119553065229e+01 3.695371772051962722e+01 3.223096135853740662e+01 4.363217519267395517e+01 2.390768653394606602e+01 4.228003402795462051e+01 3.498610823612989407e+01 5.176577298612120615e+01 5.143228569333626865e+01 5.143293677487916682e+01 3.482907416736464512e+01 3.867332349649195322e+01 4.266440576771721993e+01 4.705242130699036096e+01 5.304189015068692470e+01 6.017977268861256590e+01 7.041678816314598066e+01 9.083192804666380482e+01 1.028553089691151285e+02 8.263728317891643371e+01 6.834393555405210918e+01 7.902953031415923135e+01 8.558969586591736345e+01 7.723908021244433542e+01 6.565477952586671506e+01
6.885936201198346396e+01 5.852238941504201364e+01 3.880306652695076508e+01 4.446824717418914474e+01 2.644988224401713950e+01 4.046388300083196299e+01 5.716005270214293432e+01 6.339192685615383738e+01 7.188579500596148364e+01 8.520589293607612547e+01 6.898906864523493709e+01 5.290853437315064411e+01 6.143419848243047454e+01 5.635858710556264128e+01 4.548709480537769423e+01 2.581134316755473890e+01 4.363834071223725886e+01 5.175472588329036228e+01 5.496088730487358021e+01 6.338472584736837945e+01 7.158747415399976433e+01 6.310131264762066650e+01 5.472635869161007349e+01 3.900741167110182062e+01 5.898575588004936066e+01 6.725907874022504984e+01 6.352005506821347325e+01 7.339610561170093206e+01 8.900873727866425611e+01 9.917701189234296066e+01 1.104654332944027288e+02 9.690098109603984256e+01 7.902953031415923135e+01 5.887097543409402789e+01 7.079983472758300422e+01 5.709335489105151140e+01 6.294573799752824783e+01
7.813730575314417592e+01 5.852237475287745383e+01 5.728051715758159901e+01 4.743974435821890978e+01 2.763900749947127622e+01 3.231287378255299814e+01 3.766513751527055121e+01 4.336463266938128669e+01 5.559858072137930662e+01 7.739128402015131769e+01 8.015475562608881432e+01 6.381887492151561503e+01 6.946560662774450634e+01 4.986265952064820084e+01 3.603496290051930373e+01 2.721645156489087825e+01 4.685898949431275184e+01 5.698902878891865242e+01 6.014789259611038119e+01 7.984321731800359601e+01 7.848004811851136253e+01 5.813640770405030622e+01 4.398011407311424392e+01 5.898575588004936066e+01 4.781769141655011879e+01 6.802090982529520602e+01 8.389582621686446373e+01 9.226696197503201802e+01 1.020939039202505825e+02 1.033404453503175802e+02 9.500904361744035498e+01 8.192479105342029300e+01 8.219313195285424456e+01 7.079983474615070804e+01 5.069155966370556854e+01 4.551520131814455539e+01 4.286321498027782440e+01
6.451801188944521925e+01 5.943261897086367185e+01 4.917861083807417089e+01 2.937901822784175465e+01 4.744513852584621816e+01 5.164013079518458227e+01 4.798919027792272374e+01 6.339188226338805521e+01 5.736830200808579860e+01 7.793424374962587819e+01 9.142484621203968231e+01 8.325055544599561586e+01 7.521804126992347506e+01 5.560422979707634283e+01 5.497502032972651875e+01 4.685898950622800641e+01 2.923652093797808149e+01 4.056048634411909859e+01 5.913258509327572909e+01 6.702504436317845204e+01 7.521665123554750210e+01 6.791678480626244152e+01 4.769338707663904842e+01 6.791678481137121537e+01 6.205712625542496141e+01 5.941349225653156196e+01 7.117088920579483613e+01 9.153756887434033729e+01 1.066853390083527131e+02 8.646140214711032002e+01 7.475911264469687012e+01 6.762829580171086263e+01 7.383923677186999157e+01 5.371846362432373923e+01 5.017677238055873090e+01 6.560790044564855350e+01 5.288366732566149153e+01
4.483395316164897793e+01 3.977950483403336079e+01 3.515201176017458806e+01 3.061331636902399111e+01 5.039715471994527007e+01 6.069992253055336562e+01 6.789518591717953200e+01 7.633186204066302594e+01 7.793424374962587819e+01 8.640328800383700525e+01 9.412923227350400168e+01 8.271405497474081869e+01 7.390039372841351906e+01 5.898376479999246413e+01 3.941233861704004937e+01 3.504614175406477727e+01 4.883914255479326982e+01 3.141251510388254431e+01 5.097980820778734312e+01 4.740584783823858572e+01 6.702510548717198446e+01 7.198270515961625904e+01 5.165310253452680200e+01 7.198270515961625904e+01 8.241875700273371308e+01 7.977886088520672558e+01 8.816075836084294792e+01 9.988203423715630436e+01 1.149852626298092417e+02 1.033404453503175802e+02 9.500904361744035498e+01 7.922721372301491272e+01 5.906724996399599803e+01 7.383923677186999157e+01 6.437172734325004342e+01 7.028235298803350872e+01 6.447897689425793999e+01
6.451796851996284943e+01 5.941691524406127201e+01 5.312677490544660230e+01 3.342098660778091812e+01 3.264881505995079181e+01 5.241954311105948250e+01 6.264567609965639150e+01 6.802797386446734151e+01 7.637439272543574020e+01 8.798264498305498194e+01 8.589701923400346573e+01 6.616787256813218221e+01 5.484281091118835150e+01 4.609489894189580639e+01 5.898376479999246413e+01 4.885797945167645651e+01 5.913412776173565533e+01 5.098056070174056487e+01 3.360779174926955903e+01 5.315214150842788854e+01 6.942067857955292709e+01 8.039141635707706257e+01 6.600465793752816523e+01 5.817666790748739203e+01 7.861318718641854275e+01 9.329704421025697059e+01 1.016310596610845778e+02 1.117318663408810693e+02 1.156889930004311680e+02 1.056062526584980787e+02 8.715770700899767576e+01 6.693883700017624960e+01 7.922721372301491272e+01 8.758189295922618101e+01 8.455186558177986456e+01 9.046386783828083367e+01 8.466228465904511324e+01
6.932171049864088275e+01 5.730960061010134865e+01 3.747942936557036830e+01 5.320555430272720088e+01 5.241957828131771180e+01 3.469573880778728636e+01 5.406382700037791267e+01 4.810173130134629815e+01 5.954835014637691870e+01 7.962266828008669961e+01 8.951532044899968810e+01 6.976148373522764246e+01 5.587789284759443120e+01 6.571257070091702701e+01 7.390039372841351906e+01 6.848793686611467990e+01 6.794467201047571336e+01 5.471615040928982410e+01 3.518155186581111593e+01 4.166095322229573839e+01 5.548201489329593983e+01 7.515333609138738780e+01 8.641498783968536657e+01 7.264164424527763231e+01 6.562542870326608124e+01 7.289369747783415221e+01 8.316247074592720878e+01 1.034316176745868034e+02 1.073911234654879081e+02 8.717069672553515147e+01 7.703450392248380751e+01 8.123222538055436814e+01 9.550461401770105851e+01 1.013538398166028429e+02 8.943847811005994686e+01 8.090378769623616506e+01 8.358571766961354399e+01
4.929182680232126046e+01 4.420693895063430290e+01 4.117828265463203508e+01 6.109432139226483827e+01 6.276970076901695705e+01 5.446212557413200983e+01 3.675972374934850961e+01 5.653355969111200352e+01 7.175071781990510544e+01 8.006136572683413988e+01 9.008969289808702285e+01 8.375722676096924602e+01 6.720559768853894411e+01 8.375722676096924602e+01 8.468346172713391695e+01 7.329730370260817551e+01 5.976918809837757607e+01 4.019929462723282398e+01 3.700267094815770719e+01 5.653777814382326028e+01 5.401654203048431668e+01 6.534292613807906491e+01 8.506603732265207896e+01 9.302974690021787296e+01 7.590135153359142350e+01 8.608337179355879698e+01 1.016310596610845778e+02 1.117318663408810693e+02 1.156889930004311680e+02 1.056062526584980787e+02 9.728091009551155821e+01 1.014630851199779187e+02 9.781294649880422298e+01 9.283807432092467593e+01 7.216728353487457071e+01 6.033916332699548235e+01 6.300195044238033404e+01
6.932171997076480352e+01 6.415002295675863309e+01 4.501677087043822212e+01 6.504580415084116396e+01 5.878495595001050589e+01 3.893683557312601096e+01 5.642614255429035097e+01 4.516813153235493417e+01 5.177829371194115993e+01 6.172530031108606607e+01 8.177627603586182659e+01 9.517616170330930458e+01 8.694215554628723908e+01 9.078075428545517411e+01 7.647038355347997651e+01 5.679318443634996783e+01 4.548776705825177658e+01 5.837669993105001254e+01 3.882844622523699485e+01 5.837670562521316242e+01 6.923001456244723784e+01 8.187772092093683796e+01 9.328606241374542662e+01 1.045895174421425793e+02 9.626539205352598572e+01 1.045895174421425793e+02 1.146376256461888232e+02 1.075778658578732063e+02 1.160053267163383879e+02 1.107366192456354668e+02 1.022937379504371620e+02 9.180170961434956212e+01 7.733124192493507110e+01 9.180170961434956212e+01 8.338881194578202383e+01 6.903079628087159847e+01 4.865102817505169241e+01
7.104340123485980030e+01 5.084075981216277285e+01 6.504580415084116396e+01 7.152053532759222776e+01 6.030481287155228642e+01 4.048166372518503664e+01 5.262033927026982383e+01 6.460358755524249830e+01 7.175071781990510544e+01 8.006136572683413988e+01 9.008969289808702285e+01 1.045802904110351221e+02 9.465517751718442696e+01 8.255183138006587740e+01 6.284715757884682574e+01 5.152121538766100883e+01 6.510974734630708838e+01 6.652649086927847577e+01 5.837100814808822236e+01 4.145633417008580324e+01 6.104474114535153006e+01 7.690393674386238843e+01 8.346849885073189057e+01 9.169555498271724048e+01 1.016028874836219984e+02 1.094896985680963581e+02 1.010418047963460282e+02 8.700050867740417004e+01 1.041641593367279768e+02 9.890162881475561107e+01 8.174693157925841547e+01 8.269054864076544220e+01 6.298723880112785167e+01 8.269054864076544220e+01 7.488700004434694790e+01 5.448531067414297979e+01 4.286408408326038000e+01
5.730475943486638357e+01 6.094904777629022874e+01 7.456706770106045212e+01 6.311211248235387217e+01 4.237554164318204641e+01 4.274917986186399332e+01 6.244396473106099421e+01 6.842061472153650925e+01 7.679119546334015922e+01 9.067551933950173293e+01 9.999927531474955344e+01 9.631938786613061154e+01 7.650783188589969086e+01 6.668814622018636840e+01 5.868359905448880909e+01 7.117533265663836062e+01 7.937691118328936568e+01 7.430975782030802179e+01 6.295541211452688657e+01 4.333972161715196592e+01 6.295624357100756185e+01 5.723390355058572965e+01 6.377493553468299581e+01 7.358071950418340634e+01 9.335627819728031795e+01 1.010418047963460282e+02 8.052868606006244079e+01 7.521361164142824407e+01 9.500919231407945631e+01 8.975748798052569555e+01 6.998531653323672685e+01 7.423262805005028042e+01 5.400850002235775804e+01 6.469888266873941518e+01 7.313028611671943224e+01 7.158900696321529722e+01 5.613197021005223775e+01
