LEM/with_lateral_4open/elevation_000164.asc
nrows	100
cellsize	150.0
xllcorner	0
ncols	100
yllcorner	0
NODATA_value	-9999
[rows 17 to 33 of 100, columns 0 to 36 of 100]
5.222468517465790605e-02 1.419622178344045338e+01 3.425320377670431782e+01 3.942762320082076144e+01 4.771129578547998307e+01 4.438087915118074989e+01 3.852318523316019139e+01 4.438087915118074989e+01 4.123774830939618852e+01 5.209536801982077492e+01 6.037876940856272512e+01 7.192499532097752990e+01 7.463432352030331174e+01 8.048626723451856435e+01 8.250482022055049924e+01 8.236850482579221477e+01 6.552250250590930136e+01 7.488543798820447250e+01 8.323062529097114748e+01 7.787024389788091128e+01 6.957580616309004995e+01 5.665246102490172575e+01 5.485560834072074243e+01 3.485331914412279986e+01 2.669636115324820835e+01 4.344635936492344541e+01 5.173390058233155742e+01 4.445609720326626757e+01 2.449258577823924554e+01 4.194466900638594353e+01 4.670978819742199306e+01 4.597219267968237943e+01 5.190317548596703290e+01 5.266106813903773798e+01 7.299887271568044866e+01 8.516312128918950464e+01 6.528763962263514031e+01
7.333276091007127906e-02 2.007333276090971452e+01 3.380116722230559390e+01 4.208543848275952826e+01 5.208543848927273245e+01 6.437988654028742985e+01 5.852260325229643456e+01 6.437988654028742985e+01 6.123714258377250985e+01 6.277014764055873997e+01 5.447615741291495084e+01 6.277014764055873997e+01 5.462323842270253493e+01 6.048434954888874415e+01 6.251359939192371229e+01 7.664591403581165707e+01 8.563719152296606296e+01 9.399052726765975763e+01 8.371003300214395892e+01 6.372121801899618987e+01 4.958370403186285813e+01 4.250565582669386799e+01 5.019794658609416871e+01 3.019791296663795777e+01 4.668970860107022247e+01 5.497803055248705562e+01 6.035833395266779888e+01 4.043580748691961446e+01 2.630733991654821935e+01 4.043580748734439112e+01 6.035833521658189227e+01 6.620980325878514350e+01 7.224662789623350534e+01 7.299887271568044866e+01 8.159616239790555881e+01 8.298065278010479062e+01 6.311689996418733273e+01
6.343274376862209629e-02 6.730099410435260054e+00 1.380116722230067339e+01 2.380116722230085102e+01 3.794330284603230297e+01 5.794330284606727588e+01 5.690898754444314989e+01 5.913470967411338108e+01 5.975937318573661372e+01 5.145561623918235483e+01 3.426275201229705658e+01 4.785559490279733552e+01 4.038373915027709415e+01 5.569920423838948409e+01 4.833635647772017307e+01 6.836889240843072457e+01 8.434535872462630834e+01 9.261802163645484143e+01 8.957765090287158216e+01 6.957580637967677717e+01 6.957580637967676296e+01 5.397870264870716284e+01 3.397282284191116730e+01 3.914041910571376803e+01 5.019794653054138678e+01 7.019895811532678920e+01 6.220753046948928500e+01 4.229133877851078438e+01 2.816003664058866818e+01 4.812465678582243811e+01 5.907345260793375274e+01 6.674304133187401078e+01 6.674304978720466863e+01 8.651240463828752070e+01 9.559234593206768693e+01 7.565150817639212733e+01 6.163739015948361555e+01
3.497053469895897854e-02 1.158197591849137353e+01 3.158197591847018870e+01 4.208543848275952826e+01 4.899670886028278716e+01 4.310732292831344381e+01 3.675730089203356243e+01 3.898324447562414008e+01 4.810631976622877914e+01 3.121533836169332687e+01 2.405831081512549474e+01 2.752807915510466330e+01 3.123127326586651620e+01 3.553695532402576163e+01 4.983308783604915959e+01 6.986126201537858549e+01 6.435914517190420270e+01 8.434535872462630834e+01 9.093373811717354727e+01 8.093198013182643535e+01 7.263569344662003857e+01 5.702992071055703605e+01 3.702174466693924870e+01 5.702992062441556698e+01 5.328775008492853971e+01 7.328112506647045166e+01 6.220753266915676960e+01 4.229133877937149322e+01 4.812465580574041724e+01 3.088808449509096477e+01 5.085435079965827043e+01 4.684613445001978960e+01 6.674304978714614833e+01 7.603381413288305168e+01 8.594870732128534030e+01 8.976299223441989739e+01 8.149204433248881685e+01
9.635555453094322986e-02 2.009635555453058942e+01 3.986624712230889145e+01 3.877984339808870828e+01 2.892900477001960269e+01 2.305615323503531044e+01 2.257267552415720147e+01 2.473513288616774375e+01 3.552054091120651691e+01 1.961344560081714405e+01 3.976988635814133488e+01 4.785559490279733552e+01 4.561738835000445391e+01 4.983308783604915959e+01 4.383416327076110974e+01 5.020176255206919791e+01 6.176469069636389264e+01 8.175353791198081410e+01 8.262689235696926460e+01 6.264449453627089071e+01 5.264823173465373429e+01 4.597541189192508426e+01 4.067609992026167731e+01 6.068258920271950529e+01 7.328112506647063640e+01 8.158035961361404986e+01 7.040603495559105340e+01 6.220753272179014459e+01 5.444019006196746346e+01 3.447540303025849084e+01 3.419372569686317576e+01 4.086478510695451405e+01 4.794496123986132119e+01 5.793665158013680383e+01 7.775013708618260466e+01 8.513225622035878359e+01 7.690650541479017477e+01
8.845047570523793812e-02 2.008845047570488163e+01 2.310828909474276571e+01 1.877986738493961383e+01 2.618536812021596560e+01 9.141068843401777499e+00 1.127663237848870814e+01 1.343245027739028430e+01 1.561135811523930528e+01 1.912382286639772744e+01 3.925970732521808060e+01 5.321271774747779659e+01 6.568509901174267895e+01 6.986126201537861391e+01 6.388487166149671737e+01 7.021297159125417409e+01 7.848858340417956470e+01 9.002636267518276725e+01 9.093373811717354727e+01 8.093198013182643535e+01 7.263569344662003857e+01 6.446238226998488585e+01 4.446159734344450243e+01 5.601586355331676970e+01 7.600054141049422185e+01 8.501902393166250249e+01 7.359206389710701046e+01 5.977152115913805375e+01 3.982350687274628598e+01 5.444019008728302822e+01 3.681881243758675026e+01 5.678018362799267038e+01 6.784196461638106257e+01 7.603381413288305168e+01 8.593498440406048644e+01 7.690051558738316828e+01 5.710336271649575934e+01
8.023991185656004221e-02 1.592097803893467445e+00 3.108293891051271185e+00 4.637732116855009856e+00 6.185378581923277608e+00 8.558941898310964191e+00 2.855893489587213807e+01 3.325166828051251855e+01 3.551478265493766173e+01 3.925945207747712828e+01 2.458469319849701407e+01 4.489197114115876985e+01 5.605385329938903283e+01 6.123968982057602517e+01 6.702168960287360733e+01 7.368917990060913326e+01 8.196554490905633372e+01 9.195780362851925815e+01 9.418733670708161299e+01 7.419069209802759701e+01 6.006943615011014970e+01 5.299871824302194767e+01 5.024372010566987967e+01 7.023270524569541351e+01 8.429987128111295647e+01 7.684582709025495717e+01 5.702880260800359480e+01 4.548900696600672688e+01 5.977152115915551889e+01 5.944653196970535447e+01 3.949340803274181155e+01 4.706507779372027755e+01 6.117518097975246860e+01 8.095930166575423925e+01 8.838027377554733732e+01 6.851314777802265610e+01 5.453916431204946491e+01
4.598823041778624804e-02 2.004598823041743216e+01 2.310828909474276571e+01 2.463772454645492971e+01 1.773238091344365230e+01 2.855892690538502876e+01 1.198891360116111215e+01 3.198891250774889983e+01 4.379949072806961397e+01 5.320202223496515614e+01 3.898667284615011397e+01 3.103743235931855793e+01 3.588221713401915736e+01 4.115503133786476297e+01 4.699225481829027018e+01 5.368670900740247021e+01 6.369542802890866540e+01 8.368293177230962954e+01 9.418733670708161299e+01 7.419069209802759701e+01 8.004757370304209019e+01 6.713006412406885204e+01 5.657179401819523434e+01 7.655053920344745677e+01 8.598277605774748622e+01 6.624392384059245842e+01 5.216278840836599784e+01 6.540446267089413368e+01 7.359206394288167985e+01 6.235497807267149284e+01 4.241567616685317432e+01 6.235497807267149284e+01 6.117518097975246860e+01 8.095930166575423925e+01 8.580097268133617661e+01 6.593888311479629749e+01 5.453916550566014365e+01
7.340434288523949025e-02 9.017676296067630659e+00 2.056469542040570531e+01 4.056970541858686374e+01 3.187434190734255068e+01 4.027258986754964809e+01 3.198891250775444561e+01 1.552444750709381971e+01 3.552445386426635565e+01 4.758842671393597357e+01 5.914862237482244467e+01 5.129935305933541656e+01 5.605385329938903283e+01 6.123968982057602517e+01 6.702168960287360733e+01 7.368917990060913326e+01 8.196554490905633372e+01 9.195780362851925815e+01 1.025100685094690789e+02 9.418733670708161299e+01 9.543022440660875816e+01 8.361284506156285090e+01 6.363762760921551376e+01 8.361284506156285090e+01 9.106803184939008133e+01 7.137292085715361623e+01 5.732658404041732325e+01 7.714148531055791125e+01 7.680114257029704561e+01 5.698128987579286076e+01 4.543738765089599951e+01 6.535814528182622496e+01 8.095930166575423925e+01 8.913411244095289021e+01 9.405050348396791549e+01 8.257398252608444977e+01 7.433358992342586191e+01
3.515918393995972474e-02 2.003515918393960504e+01 3.730856178305245408e+01 4.887854587988993416e+01 5.186790902374271894e+01 4.966660421644078838e+01 2.966658338727624056e+01 3.552445386426635565e+01 1.930409223718602618e+01 3.930410007569811626e+01 4.718830219786261893e+01 5.111062853954395990e+01 5.528092170891996204e+01 5.975306441572227811e+01 6.530007796694810907e+01 7.133032289864469533e+01 7.840142347063543582e+01 8.668605806992412965e+01 9.823337642143151527e+01 9.994394251409443086e+01 9.170575580882592703e+01 9.191956572414486004e+01 7.516255983224148451e+01 9.191956572414486004e+01 9.683414972453890357e+01 7.714148531055791125e+01 6.397710256807945939e+01 8.372367668179718692e+01 8.497306461709437997e+01 6.854429023476970428e+01 4.864682138103122355e+01 6.854429023476970428e+01 8.069930324595438265e+01 1.003488738224394154e+02 9.063674482086513251e+01 8.239611242222765952e+01 8.203167037985184606e+01
4.608085242692564615e-02 2.004608085242657012e+01 3.181983601994128463e+01 3.889090383180794674e+01 4.717517507984973690e+01 5.795096368170073475e+01 4.966660421644078838e+01 4.686334475086822238e+01 2.686338169722587210e+01 2.347438051832745032e+01 2.718828728186842270e+01 3.111060998463187843e+01 3.528089826577072330e+01 3.975303422074259885e+01 4.530003618230971085e+01 5.133026306626489088e+01 5.840133081100854895e+01 6.994833856276200379e+01 8.994855219513732436e+01 8.844115886197177190e+01 7.176799194476606658e+01 8.844115886197177190e+01 9.515614935403988284e+01 1.034801897129205202e+02 9.761777047651433747e+01 7.796855459514138431e+01 7.796855459514138431e+01 9.188838719413428180e+01 8.629170266122326893e+01 7.185698726415124327e+01 5.198572010721267134e+01 6.092092486267432605e+01 7.494229377791054958e+01 9.459795358241603935e+01 8.239611242222765952e+01 6.298914362544046952e+01 6.269053228678355794e+01
1.610643649003322755e-02 5.789609128386315362e+00 1.181983601994164168e+01 1.889090383180724331e+01 3.043790921559996221e+01 5.043790921560066920e+01 6.100539120809768434e+01 4.100551730857338129e+01 4.686334475086822238e+01 2.847438051832663675e+01 4.718830219786261893e+01 5.111062853954395990e+01 5.528092170891996204e+01 5.975306441572227811e+01 5.389517189680324094e+01 7.133032289864469533e+01 7.840142347063543582e+01 8.668605806992412965e+01 8.671745227446180593e+01 8.019468247487178303e+01 6.023287858076848522e+01 8.019468247487178303e+01 9.501121108355408751e+01 1.012971855351279515e+02 1.058082197931271793e+02 9.761777047651433747e+01 9.761777047651433747e+01 8.797585683171890025e+01 6.826776851315960926e+01 5.831069523895489937e+01 7.185698726415124327e+01 6.197036285622286300e+01 7.598298492256513725e+01 9.565184990016395261e+01 8.239611242222765952e+01 6.298914362544046952e+01 4.975409880760454229e+01
2.022278438842990689e-02 2.002022278438807490e+01 3.181983601994199873e+01 3.889090383180794674e+01 4.717517507984973690e+01 5.872218046402610270e+01 6.928818938135225380e+01 6.100539120809768434e+01 5.675875573455888201e+01 4.002138596502616252e+01 3.700240917020513365e+01 4.594668107102936006e+01 5.749368760278538559e+01 7.749379109270256549e+01 6.803732686646894479e+01 8.217987157873152171e+01 8.199113721786233100e+01 7.378985541953116467e+01 6.688919053166655715e+01 7.313711902575349200e+01 5.316585168922291160e+01 6.682164977139738937e+01 8.137952646998483885e+01 8.137952646998485307e+01 9.123021032238193584e+01 9.946896014026592070e+01 1.076451554091001981e+02 8.797585683171890025e+01 8.340141308259289588e+01 6.364695720872659024e+01 8.340141308259289588e+01 7.598300472427638397e+01 7.813430876746464548e+01 9.780684056408917115e+01 8.820958057250858531e+01 6.867331318374372984e+01 6.867331318374372984e+01
6.642187732006160639e-02 1.006642187732014904e+01 2.420855750105135229e+01 4.420855750105205573e+01 5.252220857135272070e+01 6.080647981881492115e+01 6.049463313876244541e+01 6.877890438622620195e+01 6.830583280279655867e+01 6.002141947372507502e+01 4.700240919475768209e+01 6.528682926921862872e+01 7.423117002361966854e+01 8.577832480975203566e+01 8.803758887008515899e+01 8.780619745097490636e+01 6.798409645524712630e+01 5.388533385177949242e+01 5.278575032456914329e+01 5.927041913019589714e+01 4.684297140228748191e+01 6.682164977139738937e+01 6.142196878114546621e+01 7.713058502826373797e+01 7.129032900706114617e+01 9.123021032238193584e+01 1.028750248827441425e+02 9.729319732385903308e+01 7.764724764429965376e+01 7.116480035235693435e+01 9.083668756663422528e+01 9.565324807445198019e+01 9.780684056408917115e+01 9.155042870959407253e+01 8.312273974662504372e+01 7.531726625036323242e+01 6.224053004078861306e+01
1.591255364720534082e-02 2.001591255364684940e+01 3.835069312478104564e+01 3.838007294762127231e+01 3.252220857135201726e+01 5.252220857135272070e+01 4.049463313876174198e+01 5.723189900243172445e+01 6.617617091243219818e+01 7.528691066540936561e+01 6.700245875419875574e+01 7.528691066540936561e+01 8.311193801316903773e+01 9.117010658935821255e+01 9.032182371477061622e+01 7.883120722292008509e+01 7.058713042815284666e+01 6.120113064152261728e+01 4.124293430431316665e+01 3.928216882967640089e+01 4.320650753446725645e+01 4.728927287108870559e+01 5.200212918803443785e+01 5.716335808352505410e+01 6.471708798109715133e+01 7.470711514564132472e+01 9.463956262242069783e+01 1.054894521516158648e+02 9.729319732385903308e+01 9.083668756663422528e+01 8.509124591993079889e+01 1.047074107119287021e+02 9.499392150187367179e+01 7.443243155589841820e+01 6.247139801041058149e+01 5.485792107012170504e+01 4.883040805006707785e+01
6.189296070378335485e-02 2.006189296070342820e+01 2.683306756382820168e+01 1.838007294762056532e+01 3.500335584497011610e+01 4.000335584497020847e+01 2.894762775496882057e+01 3.789189966496829243e+01 5.203403528869974082e+01 7.203403528870116190e+01 7.530945281557089288e+01 7.424845882737554348e+01 6.331939988285218135e+01 7.980010318821663873e+01 8.208901942047961597e+01 6.217567647514286477e+01 5.064190637547462615e+01 4.247771666417284564e+01 3.491192912519652225e+01 5.490929498971264877e+01 6.318938354167504201e+01 6.726740209228476886e+01 6.613188857770092000e+01 7.129032900706114617e+01 8.467333888403105391e+01 9.291616488908644556e+01 1.028750248824736957e+02 1.029714081761765812e+02 9.467277028569543518e+01 1.029714081761765812e+02 1.047074107119287021e+02 1.129295525558780184e+02 1.033600998293269839e+02 9.155042870959407253e+01 7.531726625036323242e+01 6.538275502090903046e+01 6.194027078797599017e+01
2.247884206357958492e-02 3.403095860977653153e+00 6.833067563827844637e+00 1.083306756382788016e+01 1.500335584496941266e+01 2.000335584496950148e+01 3.155036122876222038e+01 5.155036122876292382e+01 6.617617091243219818e+01 6.943134741866960269e+01 5.543525527548761289e+01 5.438050348018010283e+01 5.179207622786321252e+01 7.168471079568477933e+01 7.330246120993298575e+01 6.500896604059083472e+01 6.622915595010225331e+01 4.648406170872347332e+01 3.234379080042693744e+01 5.234605675640936795e+01 6.567766865566360934e+01 7.460261097538055708e+01 8.608175510507595618e+01 9.123021032238193584e+01 9.242372589618599932e+01 9.243780457576609422e+01 1.003073137695992187e+02 9.295647235609034453e+01 7.464489205005246220e+01 9.295647235609034453e+01 1.022307297202363685e+02 1.148980584560104177e+02 1.090293729276142614e+02 1.042065134484921458e+02 9.431933672421749293e+01 8.590437022577825132e+01 7.041547416888020905e+01
