LEM/with_lateral_4open/elevation_000112.asc
nrows	100
cellsize	150.0
xllcorner	0
ncols	100
yllcorner	0
NODATA_value	-9999
[rows 17 to 33 of 100, columns 37 to 73 of 100]
6.350661350981050646e+01 6.350661350981050646e+01 8.031785409641142337e+01 7.682681849184422163e+01 6.367087564285932189e+01 4.390377455090658287e+01 6.367087564285932189e+01 6.028727829185728382e+01 4.023841288896449697e+01 4.607820337782334974e+01 3.278811217803628608e+01 1.258849331974609065e+01 3.186916736474798384e+01 3.479475115367498006e+01 2.526367734623948280e+01 4.231538330141904680e+01 3.526467468505494196e+01 5.451350732086292794e+01 5.769151152989903863e+01 4.959107524871542694e+01 3.532362536971137246e+01 4.038142525699184660e+01 4.741454782464287376e+01 5.625227844089127416e+01 7.022327312232711449e+01 8.974723280208363008e+01 9.146519888278206167e+01 7.146247777253555000e+01 6.927457846986511925e+01 6.506075321034026615e+01 8.440607979731666433e+01 7.722218218553553015e+01 5.715740755788308292e+01 7.722218218553553015e+01 7.518410118816649401e+01 5.841899140578660621e+01 5.841899140578660621e+01
5.206015847228186288e+01 5.206015847228186288e+01 7.138198613640919632e+01 6.857629589037840390e+01 4.866731765266082022e+01 3.747313492284448699e+01 4.967044732931565676e+01 5.771566158388495893e+01 4.611058961037542758e+01 2.594522661245598982e+01 3.382315701033951427e+01 1.362914682675142153e+01 1.383056582805561519e+01 1.467359707207896591e+01 1.548713434247326504e+01 2.906150726679858920e+01 2.510530754520470254e+01 4.552936572870124365e+01 4.432525678627060728e+01 2.955551856085602580e+01 4.959107524871542694e+01 6.016362555141980550e+01 6.713632769927141908e+01 7.519730006291790403e+01 8.395890453722553559e+01 8.661604551897387694e+01 9.473496619750532943e+01 9.146519888278206167e+01 8.927663601453342324e+01 7.660779968362115255e+01 9.335281542860927573e+01 8.550333964884615057e+01 6.720573778088582628e+01 8.550333964884615057e+01 8.675031603435724037e+01 7.847039122301437430e+01 7.847039122301437430e+01
5.069118426594054938e+01 4.322688041481471544e+01 5.734334899781175920e+01 6.563484924707410073e+01 6.533075041393188087e+01 4.966262253611410671e+01 2.997348614684880630e+01 4.371618581881703136e+01 3.799017779290311125e+01 3.531729432753732567e+01 1.510778101334735624e+01 3.321441905079137058e+01 2.834034103601529608e+01 2.899531357990466773e+01 3.514825402636642337e+01 1.669192948535301468e+01 1.760825274739900337e+01 3.795988776418404598e+01 2.422987999529642877e+01 4.255042194530211219e+01 4.262632707285171563e+01 6.255807495446635613e+01 7.241628471621432084e+01 7.821907020511444841e+01 8.183282027821238103e+01 6.674437015135652018e+01 8.330785321260049159e+01 9.420404127828196295e+01 9.034950341834216658e+01 9.661070121695986757e+01 1.049051674396252878e+02 9.551063040728986664e+01 8.723862659018521981e+01 9.551063040728986664e+01 9.502971217562144091e+01 8.917994496514528180e+01 8.853476695061108614e+01
6.883134262051383701e+01 4.893355398896654407e+01 3.746530290579776334e+01 5.229432024140894697e+01 6.057544600982317462e+01 4.504651253702841984e+01 2.513726840184995126e+01 3.786920023773691213e+01 1.775519704370244511e+01 1.661107868314992686e+01 3.504206121933827234e+01 4.351138170620042445e+01 5.006637344631995745e+01 4.935840330836073520e+01 3.123283668563443882e+01 3.120839380661667661e+01 3.801082523704624094e+01 1.901478148983681038e+01 2.082891226362063364e+01 2.257122611727163175e+01 4.263820589830479690e+01 5.337017093997489070e+01 5.254500818895088088e+01 5.836517032830559515e+01 6.197081617243411955e+01 5.525838310837123402e+01 6.625039996044652924e+01 8.143614337046783191e+01 7.022789960819042676e+01 8.308527970628060189e+01 9.125542411942653587e+01 1.013510606600819699e+02 1.003701690622545186e+02 9.042828582794463443e+01 7.520585522394971179e+01 6.941759773132773148e+01 6.997095308284497150e+01
7.715703858388114611e+01 6.563484924707410073e+01 5.229432024140894697e+01 3.230498606419811836e+01 5.084547630702641641e+01 4.081999941549209154e+01 2.056009456756473242e+01 1.938981940404029558e+01 3.720691827788247252e+01 1.954672366676774331e+01 3.978046378039125130e+01 5.173304190681941606e+01 6.013884593740392148e+01 6.002277787650485408e+01 4.567205244848673118e+01 5.127384358269762288e+01 4.775641688367437609e+01 3.939786509322105701e+01 2.081620594953239944e+01 4.103758942878241811e+01 2.496694738092719490e+01 4.511841988718997243e+01 3.844888554818969340e+01 5.755284983717236003e+01 4.795455329005757505e+01 4.642413032583862531e+01 6.357344048754906396e+01 6.170055347927041822e+01 5.611057843313254523e+01 6.314162248369635932e+01 7.315797170922608927e+01 9.311025641879733428e+01 9.206520435128231838e+01 7.225027685127285793e+01 6.249483943191693669e+01 5.561864495864647751e+01 5.039252757106086023e+01
6.440307636072486730e+01 6.338007653988970702e+01 4.310678313957841823e+01 2.877085126506426960e+01 4.255400241056436528e+01 2.229508700007939836e+01 4.081999941542184018e+01 3.966273681580111088e+01 3.375083005232931299e+01 3.978806734175879711e+01 2.389438320767746760e+01 3.163670893582912669e+01 4.328149214889656093e+01 6.340239613117079642e+01 6.675764095768387563e+01 5.803357877965405009e+01 3.705884865963002994e+01 2.258898247719922381e+01 4.078459976213547122e+01 4.891625885448209488e+01 4.511841720344381201e+01 2.742878119232920398e+01 2.925273262792850559e+01 4.937694399207305196e+01 3.647125598912796107e+01 4.005142271664050213e+01 4.378851964047034073e+01 4.770537609141802449e+01 5.514684385868355321e+01 7.499279597832126854e+01 9.120710651879288378e+01 1.012912383918854857e+02 1.003701690622545186e+02 9.042828582794463443e+01 8.215774060127765210e+01 7.520585522394971179e+01 5.729730569479145430e+01
4.468745664424125863e+01 5.751133280090229505e+01 5.441010276648898270e+01 2.416632525781564311e+01 2.406281168978991047e+01 4.255399570185934266e+01 5.084542912307827578e+01 5.372826061267889486e+01 5.372826061270166065e+01 4.745014800157811408e+01 2.732262214077028162e+01 4.741899687998675006e+01 6.015922491486026757e+01 7.183510104800647866e+01 7.018572265795008036e+01 5.142820572683173452e+01 4.397055582994848066e+01 2.382776116116182052e+01 4.394627477874075794e+01 5.379495058338129354e+01 5.538215572093888284e+01 4.180401256738308291e+01 4.945997352176724604e+01 3.202914593667921395e+01 5.210948175864992749e+01 5.144227538737126082e+01 6.357344048754906396e+01 6.171146595955265468e+01 6.752054348533042116e+01 6.773961261355871954e+01 8.172614476372713455e+01 1.006679382058581496e+02 9.891039454698136524e+01 9.297875114638915761e+01 8.471428771508109890e+01 8.517833569951666561e+01 7.123782069715407772e+01
5.764067726349571075e+01 3.786365328130687402e+01 4.615739069546972217e+01 2.599186414117505350e+01 4.430243992688817656e+01 3.499587628274331763e+01 5.498945955864716240e+01 7.363536083063981152e+01 6.242735020970758342e+01 4.252458025870141967e+01 3.090902448270299985e+01 4.252458025870141967e+01 6.242735020970746973e+01 7.960061433018461230e+01 6.976498422752869999e+01 5.174424848710039271e+01 3.184033348334426705e+01 4.390457879300664246e+01 2.561718145703009952e+01 3.994967397773607587e+01 6.019507273291549154e+01 6.174741962460716138e+01 5.450926718582455521e+01 3.457515235851935387e+01 5.450926718582525154e+01 7.129835454147192308e+01 7.947541103440362065e+01 8.162547995541467571e+01 8.729483199227470891e+01 8.734756423939452930e+01 9.515554244406958162e+01 9.311956864770668574e+01 7.902321240351774634e+01 8.471428771382494460e+01 6.501042379436448471e+01 7.078155191920954792e+01 7.885673120820078452e+01
6.576059674149793466e+01 5.154119467292678536e+01 3.163999089510358687e+01 2.744638490381998963e+01 4.768221787926562172e+01 5.498945958516679156e+01 4.915044647614778484e+01 6.908608422383474590e+01 7.072737820449307833e+01 5.484425065861953641e+01 3.491845498152655125e+01 5.484425065861953641e+01 7.072737820384253382e+01 7.140031919010452555e+01 5.178125135886219965e+01 4.189540630211462968e+01 5.167744116916350094e+01 4.698464845063208628e+01 2.689198090247723982e+01 4.118289546276449897e+01 6.101331629695187075e+01 7.099584255601601512e+01 5.113034227172664714e+01 3.712987015123493251e+01 5.694881005729175882e+01 6.836714651640325258e+01 7.412383690817637216e+01 8.119304346460288002e+01 8.941333791594715308e+01 9.936836919148367997e+01 9.800514568321669628e+01 8.484803319464630533e+01 6.515813859814814180e+01 7.239505044926603716e+01 6.791318878016014082e+01 5.118591443724225343e+01 5.946800534299955387e+01
7.122315209037128625e+01 5.148211713617983065e+01 4.898077700788933697e+01 2.895614104362504548e+01 4.322594955795347005e+01 6.318047319494164782e+01 6.908608422383474590e+01 7.740413783925036739e+01 7.047954708418333780e+01 5.057077690850300655e+01 3.912585426418151258e+01 5.057077690850300655e+01 7.047954708418333780e+01 7.960061433018461230e+01 6.976498422752869999e+01 6.159078527438251882e+01 5.851772487798303501e+01 4.825558548188613628e+01 2.818277943796084628e+01 4.245499598263393182e+01 6.228348142866560266e+01 7.140766828996086701e+01 5.152509118617366823e+01 4.016371490196270599e+01 4.374686292098853357e+01 4.850465048004497959e+01 5.418207642418713021e+01 6.119830788997254700e+01 7.121128870405927103e+01 9.117479822514647481e+01 8.971528208405131011e+01 6.994243860681648073e+01 5.871682865065508850e+01 5.285906835417769400e+01 4.836075160192439171e+01 4.404763317712763637e+01 3.980971396953925989e+01
6.374450118487532535e+01 5.748144093787641395e+01 3.080057810881822178e+01 3.131079404719885417e+01 4.473192356388597091e+01 6.464403528213441064e+01 7.492539635673078635e+01 8.496871542841378755e+01 7.880034296902120161e+01 6.394669317515439388e+01 4.410077353061649319e+01 6.394669317515439388e+01 7.880034296902120161e+01 8.134690407434220560e+01 7.310816985312897032e+01 6.655323852663768491e+01 5.019764048500447728e+01 3.008230457746879338e+01 3.501742880879803721e+01 4.819130536365722151e+01 6.771856607304836473e+01 7.964246928660426761e+01 6.816359774618328515e+01 5.992845704690675745e+01 4.466900379746940075e+01 6.447144970773388195e+01 6.470754000565547415e+01 7.412383690817637216e+01 8.941333791594715308e+01 9.936836919148367997e+01 8.971528208425816331e+01 6.994243860681648073e+01 7.829942557991286378e+01 7.239505044926603716e+01 6.537305568625534136e+01 4.578821932902024372e+01 5.946800534299955387e+01
4.388221690509386974e+01 3.815213506252375453e+01 3.247154694097668681e+01 5.056391232751080622e+01 3.965946597807365492e+01 4.669213652953924054e+01 5.656191934358501783e+01 7.654540724151353004e+01 8.027270687158423357e+01 6.027750532661298166e+01 5.034076487080860574e+01 7.023909888926895917e+01 8.709031379866959810e+01 6.731657619983322149e+01 5.341906987214364477e+01 4.687894572945563709e+01 5.139765996392841174e+01 3.144102017549098704e+01 5.137584345662946816e+01 4.500271276182641600e+01 5.888391817630937908e+01 7.826363724493215557e+01 6.929329564840428191e+01 4.941231552404486393e+01 6.447144970773388195e+01 7.271292196933272578e+01 8.465052814859798502e+01 9.286402661980480389e+01 1.022424240664626467e+02 1.060181401524674811e+02 8.605129834440312209e+01 8.971528208425816331e+01 9.266210227782038089e+01 8.438895190359571075e+01 6.974475409017040306e+01 5.019392447370169918e+01 6.974475408490671668e+01
6.376832247239180163e+01 5.429130777083702952e+01 3.428697381426032820e+01 5.429129066028902884e+01 5.937975668399448637e+01 6.653128071609535255e+01 7.492539635673078635e+01 8.496871542841378755e+01 8.860989983043667451e+01 7.730531636052606359e+01 5.731903519546712289e+01 7.730531636052606359e+01 8.908686414249412167e+01 6.945449884555274878e+01 7.310816985312897032e+01 5.817269430781377082e+01 3.844757731814390667e+01 3.281131684720304520e+01 5.270668458541925361e+01 6.456045893592325058e+01 5.888394322663389602e+01 7.826478014831353391e+01 7.281788792896945495e+01 5.287978310837893758e+01 7.281788792896945495e+01 8.298226424846421878e+01 8.798798095443912359e+01 9.504329884217601432e+01 1.032217700412259944e+02 1.120734211908685154e+02 1.060181401524674811e+02 9.585926626565181152e+01 7.599209901178366522e+01 6.470147726706345281e+01 5.783890310944997992e+01 6.144254795650115852e+01 7.795244857628435398e+01
4.582644039276946302e+01 4.071508576068027452e+01 5.429129964470347147e+01 3.686809570505559464e+01 4.603877289129308537e+01 6.347262710354273452e+01 7.076766884921980250e+01 7.784727401007803849e+01 8.629741668875637117e+01 8.564409467088393058e+01 6.881313667381687083e+01 8.564409467088393058e+01 9.722719820898818455e+01 8.166586982330356648e+01 7.297265565874027970e+01 6.455172059071684032e+01 5.405605651214035845e+01 3.422543705136801151e+01 5.405520898547145237e+01 6.588646231346153570e+01 7.826478014831353391e+01 8.620925398806477347e+01 8.105844634789440306e+01 7.281788790339059858e+01 5.826048326997463533e+01 6.295361313982080986e+01 6.796511413053953277e+01 7.508784635479381109e+01 8.408204250475020558e+01 9.814569821558542628e+01 1.178301528664127034e+02 1.041627033334914927e+02 9.266210227782038089e+01 8.438895190359571075e+01 6.756091945905929208e+01 8.108577857621764906e+01 8.934259559326251576e+01
5.688759951178585794e+01 6.056737898129775743e+01 6.506815242921528863e+01 5.673461358249226549e+01 3.939477300853965858e+01 4.501158201223143607e+01 5.092214630103003259e+01 5.782312674061326163e+01 6.928248341492981410e+01 8.954699554114452553e+01 8.890584954607307111e+01 9.725573806530337606e+01 9.063915347945913936e+01 7.297494644522097929e+01 5.286305552315657508e+01 5.618562665847430537e+01 3.657992869676127157e+01 5.405605801430834845e+01 3.794090345917916807e+01 5.765541908172504293e+01 6.962121926770913660e+01 7.926794550130237837e+01 8.759817652617027761e+01 8.649150825876658644e+01 7.826146590948380322e+01 6.981599297882075916e+01 8.798798095443912359e+01 8.068060577252752807e+01 1.005622141731228112e+02 1.120734211908685154e+02 1.142127488147212802e+02 1.059047274622693209e+02 1.059047274622693209e+02 9.557719536263800819e+01 8.729583752820201425e+01 9.557719536263800819e+01 9.914268328278895126e+01
7.692548016056063886e+01 7.746592866144879963e+01 6.401380966890579316e+01 4.418532755109372090e+01 4.162105929760263479e+01 6.142152362680266720e+01 7.076766668809402461e+01 7.784727401007803849e+01 8.629741668875637117e+01 9.803598424919751153e+01 9.459194145369698958e+01 8.562378949853381016e+01 7.063389940119333232e+01 7.063389940119333232e+01 5.861790105576611154e+01 3.893566939180118425e+01 5.573416238868519201e+01 6.454436893681081244e+01 5.765541882369756621e+01 4.170593883517978639e+01 6.137194496671312294e+01 5.946761739162067073e+01 7.926794550130237837e+01 9.785328515641853642e+01 9.799591518433359738e+01 8.140026787300415378e+01 9.799591518433359738e+01 9.478317725183323716e+01 1.087342684907996073e+02 1.203367727454524356e+02 1.059047274622693209e+02 8.577334210863405417e+01 8.577334210863405417e+01 9.429081657630995039e+01 1.026111470773213057e+02 9.914268328278895126e+01 7.902681511691868366e+01
8.293998350715439472e+01 6.907175635737110042e+01 4.915874114506710413e+01 6.401283217548996163e+01 6.141040862182614291e+01 4.478900003241203365e+01 5.614181336363402863e+01 7.031253804356622084e+01 9.122197762918514741e+01 1.003808395046514477e+02 8.023349741862143958e+01 6.623207717399945693e+01 5.743394604631876632e+01 5.090528576931896509e+01 4.568373962262552368e+01 4.061709353730198302e+01 6.027343312921949092e+01 7.264684768076722321e+01 6.962111522536474695e+01 6.137194496671312294e+01 4.559793938190843221e+01 6.526699922131506071e+01 6.956646894952912419e+01 8.535954150447635413e+01 9.428392249849181894e+01 1.012699802957171755e+02 1.094452182193893179e+02 1.145140434859549714e+02 1.144482924162020225e+02 1.002600685200795709e+02 1.059047274622693209e+02 8.577334210863405417e+01 7.146972596097189978e+01 7.410406574328104057e+01 9.097317985658503403e+01 9.489783725147037785e+01 8.271814570296301383e+01
