LEM/with_lateral_4open/elevation_000180.asc
nrows	100
cellsize	150.0
xllcorner	0
ncols	100
yllcorner	0
NODATA_value	-9999
[rows 0 to 16 of 100, columns 0 to 36 of 100]
8.271705653423140625e-02 2.127631151761726416e-02 9.425194436011796739e-02 4.939197167322698090e-02 3.975871534419905817e-02 6.171646774684565184e-02 1.696294146011132625e-02 1.936121709489252440e-02 4.216450047424835645e-02 2.297044857093000214e-02 6.704298068806634203e-02 4.162315340452049650e-02 3.835349583220235004e-02 2.777463300387698203e-02 2.207885817162396139e-02 7.161913568127860341e-02 9.025521335945362045e-02 3.502399586135773735e-02 8.040414306008919487e-02 3.131346976591601466e-02 7.604099264847130613e-02 2.387740603804927586e-02 5.687112022313325910e-02 4.074439634684711570e-02 8.709178300582484655e-02 7.612946965408906586e-02 1.077918208624280109e-02 9.929772718869623455e-03 4.600412614040166881e-02 2.152795518990661267e-02 2.378824418737431057e-02 9.511189423522797837e-02 9.406546861214974686e-02 1.749038473908382007e-03 2.223905489293687143e-03 6.269637160239108220e-02 9.476101746191394060e-02
7.813061968023242432e-02 2.002127631151726206e+01 1.423638756809119421e+01 1.419152759540430253e+01 2.003975869676417787e+01 5.061716467746823156e+00 2.001696289440307197e+01 2.001936121709453786e+01 2.004216450047389131e+01 6.347525768907661181e+00 1.420917860441889147e+01 2.004162315340416356e+01 6.068580387387501496e+00 2.002777463300352068e+01 2.002207885817126964e+01 2.240923713867836398e+00 2.009025521335909659e+01 2.003502399586100324e+01 5.853906839985571153e+00 2.003131346976556060e+01 7.147108804513977454e+00 2.002387740603769473e+01 9.001143030222369390e+00 2.004074439634649352e+01 1.423087281711854857e+01 2.005089055924000974e+01 2.001072759933454392e+01 1.006200735492306375e+00 2.003071056685689655e+01 2.002152795518955131e+01 3.226351320289123858e+00 2.009511189423487210e+01 2.009406542531833750e+01 6.668415705140546379e+00 2.000222390548893969e+01 2.006269637160203700e+01 2.009476083206851627e+01
2.526786264046545702e-02 2.002526786264010994e+01 3.423638756809189942e+01 3.419152759540500597e+01 3.334598747532555763e+01 2.506171647976845662e+01 1.290636187327411477e+01 3.290636185211450737e+01 1.634752576890748443e+01 2.634752576890801734e+01 3.420917860441817737e+01 3.239313570772360151e+01 1.239313570772431561e+01 3.239313570772502260e+01 2.442298918319416856e+01 4.423102616227751582e+00 2.442298918319416856e+01 3.188757538652297185e+01 1.188413387642783192e+01 3.188757538652297185e+01 1.470639826469858846e+01 3.470639826469929545e+01 2.054814841401508829e+01 3.728541427768886507e+01 3.428607163132580382e+01 2.244839682495611299e+01 2.422185386301886290e+00 1.514507276959920823e+01 2.907874439509797426e+01 2.647012851861012805e+01 6.470779742904388065e+00 2.647081113500418326e+01 3.495265381174674246e+01 2.081055132799183482e+01 1.931752634559586923e+01 3.931752384173309878e+01 2.730219784162997954e+01
4.163169627051844027e-03 2.000416316962669683e+01 3.305006121193988378e+01 4.133433245940208423e+01 5.133433245940225476e+01 3.893658873453590274e+01 1.893658876482928122e+01 3.893658873453590274e+01 2.390681522909189738e+01 4.390681522909118684e+01 4.653527133145622230e+01 2.653527133145551531e+01 2.653527133145551886e+01 4.067740695518721594e+01 2.664514007578750210e+01 6.645324838449964133e+00 2.664514007578750210e+01 3.896322601506997785e+01 1.895520646760299499e+01 3.896322601506997785e+01 2.470639826469876610e+01 4.299066951216148880e+01 4.054814841401579173e+01 4.883241966148743529e+01 3.757204501035191413e+01 1.756836959996295988e+01 3.425956612758879416e+00 2.342196828981066048e+01 4.299577175350660951e+01 2.985142770486671537e+01 9.851396761818483228e+00 2.399353619023641571e+01 4.399364923242019643e+01 4.081055039542938090e+01 3.086453172734823980e+01 4.447078587504006464e+01 3.065428855055099433e+01
5.883922493566802470e-02 6.383394545272453868e+00 1.305006121193917856e+01 2.305006121193935442e+01 4.305006121194006141e+01 4.600765652983321985e+01 2.600765657669463238e+01 4.600765652983321985e+01 3.390681522909154211e+01 5.219108647654702793e+01 5.481954257891841564e+01 4.653527133145622230e+01 4.653527133145622230e+01 4.305120568838126616e+01 2.305196914131032315e+01 8.909878906739136184e+00 2.890960990739356617e+01 4.722044784602195477e+01 3.050285182726204525e+01 4.726116618164495264e+01 3.884853388843021804e+01 5.299066951216166643e+01 5.871595086188798263e+01 5.036040024066210208e+01 3.857747836882739989e+01 1.857730189753517891e+01 4.434823157369519819e+00 1.893712105531011503e+01 3.989351895123359526e+01 3.344354667697734129e+01 1.344350280235401307e+01 2.344350298544443589e+01 4.344359045857792267e+01 5.914851717569161593e+01 5.086452074874094365e+01 3.617718940498768632e+01 1.588476140111549029e+01
1.256007409845548775e-02 2.001256007409810067e+01 3.305006121193846980e+01 4.133433245940208423e+01 5.133433245940225476e+01 5.429191980730735168e+01 3.755466196048674021e+01 5.429191980730735168e+01 4.804895085282199574e+01 6.219108647654295652e+01 6.906869217380199188e+01 6.078401029271957867e+01 5.754648305027073718e+01 4.340428192076971925e+01 3.123478153853193007e+01 1.123483168161550338e+01 2.537269028969605955e+01 4.526922888192362393e+01 5.052031208113784544e+01 5.882269287600087893e+01 5.884853388843092148e+01 5.473317901028880073e+01 4.645086355033673442e+01 3.065419500682891751e+01 3.375275241795207393e+01 2.545099512861618152e+01 5.450169322503149338e+00 1.931764026285874891e+01 3.805599923399087459e+01 3.744355544704549033e+01 1.744350280235408235e+01 3.744355290612579523e+01 4.344358800057218417e+01 6.344386428312560611e+01 5.443440557858729534e+01 3.442154887055297507e+01 2.016803571239446313e+01
9.594114293757748102e-02 1.164294652673019570e+01 2.578508215046139895e+01 4.578508215046210239e+01 5.055148360265846463e+01 5.878751509256338181e+01 5.755466184961219511e+01 6.583891966029214871e+01 6.804895085282058176e+01 6.800744854400929285e+01 5.906313371337697049e+01 4.078407954709815186e+01 4.445413522012836438e+01 2.926208079126533335e+01 1.511997513103919921e+01 3.123478153853193007e+01 1.830589935716450967e+01 3.830458349588484879e+01 5.442891046405698319e+01 6.442564017475130811e+01 6.058274631089503259e+01 4.059727336575873125e+01 2.644704964086839283e+01 3.315010748748289870e+01 1.591684891670338864e+01 6.903034747087945178e+00 2.545099512848260659e+01 1.960538105959507504e+01 3.960997563231932617e+01 4.170758187335093226e+01 2.170751712946763945e+01 3.584966209207633625e+01 5.584950064280720738e+01 6.755010211953653254e+01 6.029253718375767335e+01 4.028317536629452889e+01 2.693332635839721689e+01
7.711341127313005306e-02 1.421924903500420534e+01 3.421924903500490700e+01 3.989616979611897563e+01 3.061721679634205628e+01 4.214234430273960896e+01 5.622087356377236489e+01 7.608377093676634217e+01 7.386500244054329301e+01 5.386492276414396940e+01 3.972304156958804811e+01 3.077879568265919019e+01 2.445424118531330748e+01 1.929026341192922445e+01 3.511991289892679191e+01 3.511991289892679902e+01 3.830458349588484879e+01 2.615054103470093594e+01 3.615045018909982133e+01 5.614630535025469982e+01 5.428552880033398509e+01 3.430433396205348373e+01 2.273648503627221729e+01 1.373509688587492228e+01 8.371481258882790044e+00 2.690418566016685631e+01 3.518920573960468801e+01 3.965637853737383267e+01 4.794973876652462508e+01 4.999177259430469888e+01 3.325452456518041089e+01 2.926680661185520549e+01 3.926680869909429816e+01 5.926705126181079208e+01 6.110187392735773670e+01 4.109958959012591606e+01 3.695659649323003038e+01
2.297228869525369793e-03 2.000229722886917116e+01 3.096811129004112573e+01 1.993242406943365097e+01 3.989616979611897563e+01 5.878751509256338181e+01 5.736061412938115467e+01 6.573007564315354045e+01 6.848695522771727440e+01 6.800744854400929285e+01 5.077864191479783784e+01 5.077864191479783784e+01 4.294165094081104428e+01 2.294174712729118326e+01 4.294165094081104428e+01 5.511991760400886875e+01 5.442891046405698319e+01 3.509476165660448999e+01 5.442891046405698319e+01 6.442564017475130811e+01 6.257000973462643145e+01 5.103017435787350564e+01 4.208258659980901228e+01 3.379932300110063181e+01 2.837131975368443193e+01 9.872657661817550334e+00 2.987276767174166281e+01 3.979512626614858561e+01 5.383982724501738915e+01 6.153871508194554707e+01 5.325467157131819107e+01 3.593347341235876513e+01 5.593362911955405536e+01 6.754075685737501544e+01 6.938687730931646058e+01 6.110187323338345067e+01 4.850648086280882865e+01
9.647730019007895452e-02 5.441701903146568320e+00 1.098869924960071032e+01 3.080855617972509108e+01 3.667189115898148799e+01 4.084998200726177231e+01 3.713930211438219686e+01 5.190246699320886137e+01 4.817518831784898481e+01 6.848695522771727440e+01 7.077881952747395644e+01 6.144802050793688863e+01 4.144815771240070745e+01 2.730610491303365350e+01 3.448872660137692492e+01 5.448856032474582634e+01 6.337047664846038941e+01 4.923561094410642625e+01 6.337047664846038941e+01 6.490180746980708193e+01 5.661667688060853010e+01 4.824833157470817468e+01 3.615035416052453598e+01 1.615052402833923750e+01 1.352426319981972291e+01 2.987276767891334117e+01 1.152788851155085048e+01 2.566897736006331954e+01 4.502867252189309255e+01 5.320725006455445083e+01 6.214911258093435009e+01 5.593362911955405536e+01 4.748049240499170054e+01 5.902757600198270183e+01 7.902829818627202485e+01 7.679128615440833983e+01 6.850680048453051540e+01
3.582433992925927735e-02 1.996660219374301448e+01 2.691524509594124837e+01 3.059307866250708230e+01 1.635889294626248258e+01 2.063287706645262887e+01 2.605456541679726712e+01 3.169942881039873939e+01 4.067739886577428621e+01 5.239844802816840286e+01 7.271146189591760844e+01 6.363586496587689112e+01 4.363592443347477712e+01 3.247008238470031927e+01 5.246991699354264682e+01 4.863069125564550887e+01 6.863070727797358472e+01 6.922698232318117562e+01 7.076137311111011741e+01 5.075775186628715119e+01 3.661173495953109835e+01 3.996420240906773813e+01 1.996421663875915442e+01 3.615035492458459032e+01 3.352424858050044776e+01 3.272481115967221399e+01 1.270642884923867655e+01 1.873660837212023367e+01 2.506009617779161758e+01 3.400391598030200413e+01 4.814413074224256661e+01 6.804094094673172322e+01 6.748084157874679079e+01 7.576438018733827562e+01 8.731217183336883636e+01 8.694650611922602934e+01 7.678371929620048775e+01
1.813270376062421294e-02 3.448104406641433695e+00 6.929657526577496007e+00 1.058114125753134438e+01 2.391802228790275109e+01 3.870836491583879990e+01 3.764037059841216148e+01 5.190246699320886137e+01 6.031776302912478371e+01 6.940094625075646206e+01 8.113093489485771670e+01 7.192059489002578232e+01 5.801685652223846290e+01 3.801708162962770388e+01 5.215900790362607609e+01 6.863070727797358472e+01 7.691555380478276049e+01 7.818665797567457787e+01 7.104589882833455761e+01 5.690084917187920865e+01 4.396444069461073667e+01 2.396324926689587187e+01 3.996420240906773813e+01 4.824973728815207608e+01 4.916672431154607636e+01 3.391630867769569591e+01 1.391253132126895764e+01 3.391189948540331756e+01 4.503111228216317130e+01 5.280417508498554469e+01 6.208086307745030297e+01 6.798009938433946786e+01 7.327801482725503490e+01 7.545517688804362422e+01 8.375019574286844204e+01 7.855521265951524867e+01 5.820180420596737747e+01
2.372884694381488524e-02 2.002372884694345956e+01 2.693769211900455574e+01 3.059307866250710717e+01 3.847112854186163844e+01 4.931856686552180236e+01 5.813329895239063205e+01 6.731559096742307702e+01 6.706324439657146286e+01 6.706324439657146286e+01 7.534754652736202729e+01 7.215895410362092832e+01 5.215900790362606898e+01 4.801698917678214684e+01 6.630144292517962867e+01 8.044387794673315284e+01 7.818665797567457787e+01 5.872969359318790339e+01 6.158095190537175512e+01 4.275579951542389523e+01 2.861146112529226215e+01 3.290595486508709655e+01 5.225010242553204165e+01 5.484381521384752745e+01 3.504942954179725234e+01 2.167896692642227663e+01 1.512530603672350615e+01 3.513124933798752636e+01 4.518738372791995772e+01 5.744044560199603922e+01 4.925696826321303945e+01 4.813754183769389527e+01 5.345503037576595773e+01 5.562150070609101959e+01 7.501640692771847796e+01 8.694650611922602934e+01 7.678371929620048775e+01
8.175220331382776484e-02 2.008175220331347077e+01 2.556011357112100058e+01 3.384436938469008993e+01 4.417102645405292805e+01 5.245534627018194129e+01 5.075420623738173731e+01 5.903848932904398339e+01 4.706324293031772754e+01 4.706324293031772754e+01 6.706324439657146286e+01 8.044387794673315284e+01 7.215895410362092832e+01 6.215872568957599498e+01 7.630154273825556288e+01 8.184526422613828345e+01 7.351077636104703572e+01 6.230011308214165666e+01 4.255396270621322685e+01 3.361048248446913789e+01 4.861522021495856904e+01 4.445579519640244825e+01 6.119629278618096180e+01 5.484381521384752745e+01 3.504942954179725234e+01 4.084705926287853828e+01 3.513074856621292952e+01 1.687964447634257681e+01 3.688640530448380872e+01 4.310574242338057616e+01 2.932806170838250637e+01 3.404176752336758227e+01 3.938627810459084344e+01 4.693032612313249530e+01 6.094755364949566712e+01 8.077031399472974726e+01 8.001175353960402958e+01
9.124702163186203252e-02 2.812902291390954712e+00 5.560113570364746849e+00 2.556011254848881364e+01 2.417102582880006878e+01 3.582658353972099974e+01 3.075420592381778206e+01 4.292110751980153793e+01 3.292110730356051107e+01 5.292110773604257190e+01 5.929655959670232335e+01 6.636762771666786875e+01 7.465192463748633145e+01 8.215918251766586877e+01 8.777642373884070537e+01 6.760175174113270202e+01 5.339092084551806749e+01 4.631266542894387328e+01 3.964205063341032798e+01 4.775753948481106903e+01 6.190215808979277057e+01 6.446089126054945950e+01 7.274552773118652738e+01 6.328401910982442047e+01 5.484381521384752745e+01 4.070062295081478965e+01 1.986130291523206282e+01 3.688640528599874102e+01 1.907520214320794949e+01 2.315722271385898168e+01 4.310558918403891937e+01 5.394847883052717208e+01 5.926104809825164210e+01 6.675350573277887634e+01 6.675350573277889055e+01 8.663143890237250844e+01 8.839818840648858611e+01
2.239863785106879432e-02 2.002239863785071350e+01 2.556011357112100058e+01 9.642596475003411882e+00 1.262402044500315768e+01 1.582658352110492750e+01 1.920720054001905197e+01 2.292110730356015580e+01 2.792110730356024462e+01 3.326633214180891684e+01 3.929655903336440304e+01 4.636762684523012723e+01 6.050976247665006014e+01 8.050976542567266847e+01 9.366673761932057118e+01 7.351077636104703572e+01 7.351077636104703572e+01 6.551043415135804082e+01 4.541873523095607368e+01 6.551043415135804082e+01 7.604677669477455026e+01 7.831226881813265095e+01 6.802992823754644292e+01 5.951578838454815212e+01 5.379725868008544865e+01 4.216169664889978463e+01 2.199321857061896424e+01 4.052039139183878547e+01 3.905072052012146600e+01 2.146566279450665959e+01 4.140756354286832419e+01 4.832284728333665669e+01 5.316506819654248517e+01 6.069636226272293555e+01 6.897314435288741663e+01 7.894131163662848394e+01 9.594187629200801837e+01
1.766589122093755945e-02 2.001766589122058093e+01 3.792686905785806317e+01 2.964259661413529656e+01 2.676615606876253040e+01 2.996871914176108476e+01 3.334933614587069428e+01 3.446811268745663170e+01 4.792110759188211944e+01 4.740846776774505145e+01 5.929655959670232335e+01 6.636762771666786875e+01 6.636762771666786875e+01 8.636763779947392550e+01 9.001224337593248492e+01 9.057988323237805162e+01 7.036313625673625438e+01 5.612808209232591850e+01 6.551043415135804082e+01 7.385890968305014326e+01 8.438880672518446602e+01 6.376017161937537736e+01 4.922941781412396978e+01 3.909426550883519269e+01 4.531651406329721965e+01 2.511581924745557615e+01 4.216169663859071903e+01 4.158278874569877814e+01 4.969930815657774303e+01 4.143785619628514638e+01 2.389050202288060376e+01 2.836110906736936599e+01 3.321165759553323937e+01 4.077050197180444968e+01 5.074707690728774878e+01 7.064568177573386265e+01 8.427124360118220636e+01
