LEM/with_lateral_4open/elevation_000461.asc
nrows	100
cellsize	150.0
xllcorner	0
ncols	100
yllcorner	0
NODATA_value	-9999
[rows 51 to 67 of 100, columns 0 to 36 of 100]
6.455108993161302877e-02 5.301412762567771608e+00 2.620302996656686290e+01 4.127542728608099765e+01 3.176507645844438699e+01 1.178478175514943693e+01 3.176507699627225634e+01 3.899774114047669826e+01 3.280685576608826182e+01 3.280685558690289128e+01 2.310971726932903891e+01 2.213001754423131118e+01 3.626122521535080523e+01 5.625050091920252271e+01 4.788491219930315168e+01 3.459896283339616474e+01 1.449597620350985139e+01 3.326315224072159538e+01 2.758150090577263569e+01 4.744233908984345049e+01 6.062002199368969713e+01 6.888896686493674792e+01 7.903049026946908384e+01 6.245627836628450780e+01 7.903049026946908384e+01 7.427897561962352313e+01 6.604852279068110477e+01 5.376057614153779696e+01 7.351498905841543774e+01 8.055883249055973749e+01 8.874817583422870371e+01 8.525531858553954123e+01 6.558728924413745176e+01 5.167369574299512180e+01 6.496472089959519280e+01 6.904071350291931708e+01 6.087419762709212989e+01
3.995603441288197999e-02 6.197270698649101073e-01 1.455698170953416160e+01 2.861903781661889923e+01 2.860570112402172427e+01 8.622649846388416250e+00 2.425819309621274300e+01 1.899822864825319968e+01 2.545525995310794443e+01 1.446885742948897580e+01 1.315625679748539589e+01 3.317796833921413935e+01 5.039793608224356802e+01 5.163604632292442886e+01 4.858784066048119143e+01 3.736721265349520138e+01 3.232167738964501780e+01 1.339298350894450529e+01 3.342339721419835996e+01 4.741634853377584591e+01 6.691626126648404238e+01 7.855570086863151857e+01 8.675211900803782328e+01 8.224299547629709650e+01 9.046500506041901701e+01 9.339942736254215561e+01 7.351498905841543774e+01 6.072143229337088854e+01 7.351498905841543774e+01 9.339942736254215561e+01 9.298150552784082379e+01 7.328411574701146947e+01 5.940846825043618651e+01 7.134792166565809168e+01 7.952035500288126002e+01 8.355189370609181765e+01 7.074859085817345772e+01
4.804567899273937126e-02 2.004797303493597127e+01 1.440682547699414284e+00 2.144032905425893532e+01 2.284396134065056927e+01 2.094873155652813779e+01 4.258435976744678442e+00 4.856576035509548639e+00 5.456053471327788174e+00 6.056605785874245029e+00 2.605581589592159730e+01 3.519607297264541046e+01 4.386488598082112844e+01 2.948683062479625860e+01 2.577840665026007727e+01 3.125452828805579486e+01 1.229929666641842267e+01 2.405010470350912044e+01 3.265684960090748490e+01 5.198772626818553988e+01 6.474917831617123909e+01 5.904744494813517264e+01 7.855570086886862669e+01 8.462303748040865514e+01 7.643074771627922814e+01 8.462303748040865514e+01 8.877674344113134453e+01 7.468069856220600400e+01 7.468069856220600400e+01 9.459006708326953117e+01 9.298150552784082379e+01 7.328411574701146947e+01 6.818079945599006919e+01 8.724037134331058496e+01 9.232501903317650260e+01 7.524391660038823204e+01 5.428296351680721443e+01
9.707512844716031930e-02 2.009707512844680366e+01 1.774977314460932476e+01 2.263024389862794195e+00 2.845492996830707888e+00 3.428703123678856990e+00 2.341283470678926903e+01 1.899947987855144049e+01 2.101460168262275019e+01 2.605226258823687502e+01 6.914852768880042966e+00 2.691334431011476980e+01 2.954851765904792416e+01 1.631307189799447954e+01 1.044597613522712010e+01 1.121263517736213267e+01 3.125407280407831934e+01 3.935974391775134507e+01 4.937070303822170558e+01 5.353685528469094379e+01 4.531692390555375027e+01 5.812705365675689251e+01 6.626749945516188234e+01 7.471962441582464010e+01 5.661195534097329585e+01 7.471962441582464010e+01 8.703118892999965794e+01 9.459006708326953117e+01 9.459006708326953117e+01 1.028727883200567561e+02 1.011966269396096436e+02 9.298150552784082379e+01 7.950958174575670512e+01 9.605706540391740589e+01 8.408199104311223948e+01 6.335299281722623022e+01 7.519097009291276379e+01
5.001202446392439237e-03 2.000497839403370648e+01 2.966325553699327600e+01 1.640467389110980534e+01 2.284405434333351792e+01 9.238040762401487527e+00 2.475847418337449923e+01 3.903991775051107282e+01 4.229722328546885990e+01 3.203744871111189241e+01 1.534097202192059761e+01 7.775101475480490798e+00 2.680193846196681662e+01 9.554141714747293790e+00 2.183150617941879190e+01 1.201534119803939937e+01 3.232271050866716422e+01 4.147968944391348600e+01 5.353650382962535303e+01 3.394550512215135285e+01 4.430233226660626400e+01 3.857596311054946625e+01 5.812706928075719048e+01 6.522972780592002096e+01 4.652784739149325333e+01 5.896451727382699204e+01 7.866702401157382951e+01 8.774504489245651939e+01 8.515576582095009428e+01 9.343240940410713335e+01 1.049574639001853740e+02 1.074763950749861294e+02 9.924285585652900465e+01 9.565364196715682965e+01 7.561313603560812169e+01 8.408325047288093401e+01 9.232501903317650260e+01
5.279685921607564503e-02 2.005279685921572153e+01 3.722866223734573055e+01 3.640547803982262565e+01 3.504298094400950703e+01 1.574786397572274055e+01 3.504357945159615184e+01 5.277952504746213691e+01 3.858376159156130569e+01 2.222806055075626119e+01 2.928556158337672954e+01 9.937277600535310285e+00 8.663647628080928698e+00 2.867799729121131946e+01 3.321151434041330219e+01 2.063803469910372002e+01 1.358045228470270160e+01 3.330601308477285727e+01 4.307232358089439117e+01 3.826897394366654481e+01 2.453699537849676560e+01 4.430232970579474028e+01 5.937271291172243792e+01 4.530469556139190956e+01 3.901736994178724416e+01 5.054205875956401428e+01 7.046980956626788384e+01 6.788177151758128502e+01 6.531308653284646937e+01 7.672696112702456617e+01 9.666972715638999603e+01 9.343796018513194213e+01 1.016994838049400300e+02 1.038545128297173932e+02 8.985678648229705345e+01 1.038545128297173932e+02 9.019856314980255263e+01
5.738623160518319517e-05 8.944329296230964843e+00 2.308646494091224000e+01 4.308647234871634879e+01 4.355644103103893627e+01 2.681025951532355833e+01 4.355647548040114003e+01 4.693903733589903737e+01 3.138248230996585875e+01 3.312230284344213516e+01 1.312395444591778926e+01 3.065068050560744695e+01 2.090188368539787689e+01 3.794003798059768684e+01 3.473280521258941889e+01 3.564534215634895986e+01 3.330580700951160367e+01 1.512712475636548959e+01 3.489011389434825361e+01 1.835118579570654518e+01 1.952303313825303732e+01 3.946025185222886478e+01 4.492647921021387702e+01 3.148981966055598392e+01 4.530469556138836396e+01 6.522972776294041353e+01 7.369958959252002728e+01 5.394063979875686954e+01 7.369958959252002728e+01 8.743734962451975434e+01 9.011149707809816789e+01 7.331482917803316468e+01 9.011149707809816789e+01 1.025632614510161318e+02 1.096484890978223348e+02 9.600937629290159236e+01 7.625668123877171922e+01
4.532054705376769438e-02 2.004532054705341082e+01 3.722837955140605004e+01 4.261281893754104999e+01 5.057774266950288222e+01 4.680566171080051419e+01 5.510971935311046366e+01 4.382511926369183186e+01 4.449852858858899651e+01 3.681497674815522458e+01 1.583050215733616994e+01 3.591875653432567361e+01 4.482374424275747771e+01 5.251440011264780594e+01 5.060225569459574757e+01 4.941060980484935783e+01 3.590973467262588059e+01 1.888656973261306860e+01 1.672553312980652152e+01 3.650284011025425457e+01 3.945546935034067815e+01 2.129220282742599224e+01 2.544999436976286233e+01 4.492647925432950728e+01 5.937274380836095844e+01 6.874911014347149774e+01 6.052352869956371961e+01 4.797332904200192871e+01 5.937401992299238884e+01 7.917297290876867066e+01 8.181986508124538204e+01 6.170530279628390957e+01 7.421727514739869491e+01 9.150249421701106201e+01 1.030856040683777337e+02 1.010380044596477802e+02 8.131831032618678989e+01
9.001595176218035732e-02 2.009001595176182420e+01 3.048415862496470652e+01 2.343576112996887773e+01 3.703528992650601737e+01 5.607816637359990608e+01 6.863314849413106344e+01 6.079438114593891385e+01 5.721262903604925043e+01 3.984545540830001897e+01 1.874627906334552208e+01 3.984545540862490043e+01 5.348452336744750113e+01 6.563866666429430552e+01 5.581833285140971412e+01 3.590543203776730508e+01 2.462842118767788691e+01 3.896918341883223036e+01 2.662154457514414574e+01 4.463203275578531048e+01 4.935970911767915226e+01 4.122903555533744679e+01 2.318965974106277628e+01 3.729205985937331036e+01 5.707640216169316005e+01 5.409331400895102604e+01 4.070427530879018008e+01 6.052352869956371961e+01 7.194966646974427249e+01 6.364769594827063059e+01 6.689443460706961275e+01 5.416285040264092032e+01 6.309615908126085060e+01 7.471289529792447581e+01 9.482778269438709629e+01 1.068244544651442993e+02 8.709411594941856549e+01
5.674351268809080251e-02 3.905745906774003906e+00 1.097166862014671196e+01 3.048418301473849112e+01 4.169871593106476837e+01 4.892928040375875298e+01 5.731695615380758113e+01 6.528858804941657468e+01 4.409826509240965464e+01 2.868782146341088790e+01 3.984545540854060874e+01 2.357691319521021001e+01 3.586721732415739439e+01 5.715033520927146782e+01 6.409950158501872863e+01 4.900869175303471081e+01 2.918101068142863852e+01 4.900863697625003823e+01 4.649169061681905646e+01 4.649177658084020948e+01 5.428262805683664283e+01 3.577629871774740167e+01 2.454175011243893323e+01 4.441148677154875202e+01 4.810202898172862263e+01 3.422246980763762991e+01 5.409331288551489081e+01 6.752666875984466799e+01 5.922635306899082508e+01 4.362921472052997984e+01 4.688019343276375395e+01 6.689442843701473862e+01 7.842183909573201106e+01 8.603624928500956059e+01 9.431890936418734839e+01 1.043525796694190149e+02 9.989340248674677980e+01
9.518805923843161321e-02 2.009518805923807605e+01 1.056941973415502289e+01 1.556160944718262940e+01 2.185595331476440251e+01 2.887595782713746573e+01 4.040729171452440482e+01 6.057229912625106039e+01 5.891059704316227652e+01 3.961422300820046161e+01 4.486252136908334620e+01 4.486252136910671595e+01 2.915286209306457721e+01 4.442952262494929272e+01 6.547126976053176861e+01 5.730944225056225605e+01 4.053289628860561322e+01 3.747724546159406600e+01 5.766509537676931529e+01 6.625787784451257778e+01 6.229323228933326817e+01 5.117489592657029362e+01 4.332070750418597527e+01 2.646482909864650779e+01 2.822134133677488066e+01 4.810198481320403374e+01 5.287611380194329769e+01 5.502784192561335175e+01 3.919608897365995404e+01 5.922635136257271427e+01 6.689443460706961275e+01 5.335117537892570283e+01 5.832933588253531809e+01 6.589042127851323016e+01 7.597307441734130862e+01 9.609942415267764204e+01 1.080736598050181101e+02
9.062254805971975413e-02 1.946110151594028537e+01 3.083073899469465573e+01 2.954306118880155196e+01 3.124388355930010874e+01 4.887854645128112452e+01 5.731695615380758113e+01 6.898289896125007203e+01 6.946413441067537065e+01 5.492370030635374434e+01 6.587081177782272334e+01 5.488567901792630011e+01 3.341982229303874874e+01 4.877168515969184881e+01 6.964616591074171481e+01 6.888354689358214955e+01 6.058684367472577037e+01 4.558876190581045762e+01 5.088002123994979087e+01 6.919747102059602639e+01 6.480928283918056820e+01 5.147508207337468633e+01 3.189108329399724440e+01 2.898662474781115961e+01 4.810202116673689687e+01 3.099775827355587765e+01 3.298583517458993697e+01 3.501294010936758383e+01 5.102599247629913748e+01 6.597240451066886635e+01 8.170206766743828553e+01 7.339871929897707048e+01 7.252902375503769861e+01 7.102378282635424966e+01 9.115212058580918608e+01 1.043525796694190149e+02 1.179516826498812208e+02
3.063233560239582431e-02 2.003061586919843151e+01 3.833978069794202526e+01 4.927642224729024178e+01 5.014774105462737452e+01 5.815088925636940331e+01 6.457133548684123525e+01 6.457133548684123525e+01 7.285314745227053379e+01 7.565347574218841942e+01 7.415417256596145990e+01 5.349589083505205167e+01 3.818771484107384140e+01 5.954656146637324809e+01 7.556156604315259528e+01 8.170018396509762226e+01 6.192376122173018871e+01 5.960001772496691075e+01 6.898928508752943856e+01 6.962343613815461651e+01 5.141937144069101606e+01 3.754154093086353328e+01 5.120408946544091577e+01 3.152721234923799187e+01 5.142921033557203003e+01 5.088711708180765925e+01 5.281137993897201000e+01 4.483045986803986693e+01 3.928865822387193418e+01 5.926704408661663592e+01 7.212899187481731644e+01 8.627154215705442653e+01 9.264836374622834114e+01 9.115212058580918608e+01 9.115212058580918608e+01 1.111529005843538584e+02 1.104894997669091055e+02
5.666595628964066211e-02 1.005666595621508108e+01 3.005666367839724273e+01 4.786106673920450305e+01 5.614479981223360738e+01 5.871367784857152117e+01 4.457420824487261513e+01 4.457420824487261513e+01 6.457133548684123525e+01 6.581673614817697171e+01 7.410355921127136014e+01 6.799202186351610067e+01 5.954656146637324809e+01 4.624484749703923825e+01 6.719732422664451121e+01 8.515120594196331183e+01 8.170018396509762226e+01 7.951701804844562105e+01 8.641053838077975513e+01 7.453147757350653535e+01 5.565145330365209730e+01 4.190852396008877179e+01 5.404200285079154753e+01 3.414356788209235560e+01 4.823241829479081844e+01 6.806758067765282760e+01 6.262687636155220616e+01 6.269461512646377344e+01 4.927876005760247580e+01 4.388672029278980347e+01 5.798643460769499569e+01 7.486501145434212390e+01 8.154967572550222599e+01 8.983096011654886581e+01 9.985192901140723620e+01 1.071620267238050559e+02 9.899456232083610985e+01
2.110006612196471329e-02 2.002110006612160831e+01 3.833821420139272362e+01 2.786074305168766685e+01 4.459813121755502863e+01 5.043123120979499419e+01 3.043499525545070483e+01 5.043123120979499419e+01 6.255594463552558437e+01 4.581779575436922869e+01 6.134050639777908032e+01 6.962690514077443993e+01 7.556156604315259528e+01 6.123866479264798812e+01 5.638228624553119062e+01 7.095142188688154761e+01 9.106392601724115821e+01 9.409970482510654222e+01 7.852855069149769918e+01 5.990288167634811600e+01 4.870639669572973673e+01 6.118128438333225461e+01 5.674732378052632242e+01 3.686735617558339584e+01 5.094086664802693321e+01 7.076535133914487119e+01 7.999511298288457795e+01 6.925532456355784916e+01 6.925532456355784916e+01 5.798643460769950764e+01 4.887652755448228703e+01 5.486855628170810206e+01 6.149568292601453123e+01 7.150834877295220338e+01 9.159100267805219175e+01 9.899456232083610985e+01 7.955797943982206277e+01
9.367352646185668485e-02 2.009364750912432385e+01 2.476705299994949172e+01 1.631399209332576916e+01 3.631318240579952317e+01 4.410786618520715052e+01 2.411084669770997735e+01 4.225703874845967078e+01 4.642701499410851795e+01 3.427370245412187444e+01 4.134306313295930835e+01 5.288695999035145690e+01 7.288826554239756206e+01 8.158280064576133839e+01 7.095142188688154761e+01 7.315416456828899072e+01 9.325228268716632840e+01 8.615449267816741497e+01 6.747038949445213518e+01 5.659773283789537146e+01 6.770460935290536497e+01 6.944996059328815363e+01 4.965891250673971058e+01 3.970515180141450173e+01 5.118593268348821113e+01 6.515767603930021323e+01 8.505690555259369035e+01 8.927250540860495676e+01 8.627155039718306284e+01 6.743030163025289880e+01 5.332182067914533974e+01 7.330400579664745919e+01 8.154967572550222599e+01 8.983096011654886581e+01 9.985192901140723620e+01 9.899456232083599616e+01 7.955797943982206277e+01
3.648181865326004941e-02 2.393504422608295990e+00 4.767067738992384562e+00 2.474968042529576806e+01 3.105596516884638092e+01 3.380659909060349833e+01 1.833742416815246301e+01 2.225972815995523391e+01 2.642994425401084513e+01 4.642701499410851795e+01 6.134050639777908032e+01 6.962690514077443993e+01 8.117575896250173173e+01 9.049651150390012333e+01 9.106392601724115821e+01 9.325228268716632840e+01 9.951650509121097343e+01 8.061976591608708986e+01 6.747038949445213518e+01 7.536722067548259929e+01 8.322833236514372857e+01 6.944996059328815363e+01 6.261116929451668511e+01 4.280127699306178357e+01 6.261116929451668511e+01 7.488257165771334201e+01 8.316942890869447069e+01 9.314286146705015312e+01 9.575386577863935145e+01 7.908769314730130873e+01 5.905241245444958054e+01 6.743030163025289880e+01 8.161935723593927605e+01 1.016438045220361630e+02 1.086775452008960627e+02 9.397605820047976977e+01 7.459035930832024519e+01
