LEM/with_lateral_4open/elevation_000005.asc
nrows	100
cellsize	150.0
xllcorner	0
ncols	100
yllcorner	0
NODATA_value	-9999
[rows 68 to 84 of 100, columns 37 to 73 of 100]
8.302799766397671988e+01 1.020028325716241824e+02 1.198660754446784296e+02 1.045214000989512186e+02 9.280927918828149359e+01 7.894951857596690559e+01 5.794887314611597873e+01 7.895129037154980267e+01 9.325548466606795728e+01 1.055185981122961749e+02 1.033471724539015781e+02 8.689082779206535179e+01 8.910383762231612081e+01 1.074874298262977987e+02 1.042796852751029633e+02 1.134985822195176723e+02 1.248523277524740394e+02 1.130369959403630702e+02 9.172785796552904003e+01 8.144138617319647722e+01 7.366880656500804037e+01 8.652745239667252974e+01 8.346082916486174952e+01 7.748492865185914980e+01 9.185073802892090100e+01 9.232119414362475140e+01 8.597491040487835789e+01 6.633997318941769095e+01 5.496481276870233046e+01 3.498950503701995274e+01 5.348626772829987885e+01 5.256712057154870621e+01 5.165626240077594389e+01 4.948035437943788395e+01 2.945670219339902118e+01 3.476876074355056545e+01 4.036279003796209253e+01
9.640370257760005757e+01 1.006618551318022980e+02 1.141500410071515574e+02 8.887622762975010460e+01 7.272828158571772406e+01 6.232806556194783099e+01 5.423215826535501094e+01 6.351055759921453614e+01 7.557029048101628632e+01 9.665889212528671237e+01 9.228799120546429435e+01 7.201092509922085583e+01 7.487275928241012934e+01 9.783410504914903072e+01 8.205661424875296461e+01 9.198530479623238421e+01 1.103312420954732289e+02 1.221110479796864894e+02 1.109480297357589649e+02 9.566109094725153739e+01 8.566545456399337866e+01 1.030735817809151200e+02 1.037973321482544549e+02 9.788792923074473151e+01 8.634617655831331717e+01 7.211050815281566884e+01 6.980934183709935326e+01 5.798165924535113191e+01 3.823243611666458719e+01 3.586093961240545980e+01 3.348499653974771206e+01 3.256176439282970847e+01 3.164295377922671904e+01 3.072817909718492402e+01 4.294536868311636368e+01 5.410286381959942759e+01 5.983551735719381526e+01
1.155213826540616822e+02 1.184190923322244657e+02 1.082959279723063304e+02 9.496337476367389741e+01 8.529830955546975702e+01 7.181145316007935264e+01 5.112486918426860427e+01 6.573391902635661665e+01 8.647902524756857190e+01 9.770733066552742230e+01 8.353712283641461056e+01 6.194398888025426686e+01 8.340153724400099122e+01 9.111010647142946084e+01 7.003983147154698941e+01 7.921919093087079489e+01 1.008026319146869128e+02 1.133554880048095583e+02 1.268508420606963938e+02 1.150834130360861707e+02 1.065410585359842202e+02 9.864582030623523679e+01 9.009914108775605257e+01 8.942557322453862412e+01 7.622085853563045532e+01 5.770745325556219996e+01 6.144188866153912443e+01 4.156222147281305013e+01 5.798165924535113191e+01 5.550678501410784094e+01 3.657594205495363582e+01 5.256459801266210263e+01 5.165092570175104925e+01 3.588710219366889476e+01 5.513723290368366747e+01 6.918440503918540685e+01 7.893707521197451626e+01
1.037938049946708077e+02 1.176798225962972282e+02 9.875391186554435308e+01 7.715915472722807067e+01 6.513691478280155422e+01 5.592617715219342500e+01 4.815734176279939760e+01 6.270783753044421616e+01 8.336004666715538747e+01 8.923160966324921617e+01 6.847682287015712177e+01 5.642059354216198841e+01 7.766945027381889588e+01 8.297016391538035407e+01 6.230426871391101429e+01 8.278798375281208166e+01 8.125795075192159800e+01 1.018408652122799083e+02 1.210442925672573296e+02 1.184550202735082678e+02 1.058703816955574268e+02 9.014172631494457733e+01 6.978405494255261488e+01 6.973288888033475530e+01 6.786876718390928431e+01 4.801752035063755386e+01 4.498132974753615088e+01 6.143808499314424409e+01 6.980462495633463504e+01 5.940379072189827525e+01 3.967302468545781835e+01 5.940311635276441393e+01 6.422711277302285282e+01 5.591096727308909919e+01 4.436235381355392349e+01 5.593862423672116080e+01 7.618540766169984124e+01
8.979127141343116136e+01 1.004816949769925714e+02 9.017635384389370756e+01 8.108775299404972259e+01 7.467079660606941616e+01 6.599874960346892294e+01 4.546088960789263922e+01 6.599874957719731583e+01 8.288496176691343464e+01 8.819566479133192161e+01 7.228539715494841289e+01 5.132623633906142402e+01 7.228539718192854480e+01 7.046802921051255453e+01 5.659268612183151959e+01 6.470214237663496704e+01 7.954170354828410439e+01 1.011023862493469920e+02 1.055776642130060736e+02 9.945769271356654428e+01 9.779246498573297686e+01 7.782791367759260481e+01 7.568751991733020645e+01 5.537671662380376603e+01 5.169329111125154697e+01 4.780117464398438187e+01 5.266601933039581951e+01 7.277113548341353066e+01 6.538486821581628305e+01 4.554787832645112644e+01 5.940379072189827525e+01 4.678463103286836855e+01 6.666196791901174379e+01 7.284774104860075283e+01 5.437306280160294136e+01 6.449593801350054889e+01 8.451243609259697109e+01
1.037938049946708077e+02 9.194362359569277032e+01 7.129452181024093704e+01 6.103021583594263433e+01 5.421599224101706938e+01 4.831127003186482227e+01 4.283294790049013301e+01 5.396170857844147406e+01 6.842334102030119425e+01 7.972722018978144831e+01 5.902744224238255555e+01 4.700864192582555035e+01 6.777620607477226145e+01 5.018109644171246231e+01 7.068012417860516905e+01 8.159674252904146385e+01 9.073132233621205955e+01 1.025429893874383112e+02 1.050218811314513090e+02 8.589028259887750494e+01 9.392471951435781818e+01 8.151291979353571548e+01 6.133751268116660782e+01 7.568751991733020645e+01 5.786682758195651388e+01 7.792021690566845393e+01 6.258270420027074010e+01 8.112493388763513735e+01 6.985106147215657302e+01 4.987763802850034978e+01 6.985106147215657302e+01 6.074802593219207125e+01 5.511439874604081979e+01 7.524619445040033838e+01 6.869229842019169041e+01 8.295187809456878369e+01 9.301077720627965562e+01
1.130721468471245572e+02 1.006184393707254827e+02 9.017635395081870797e+01 8.160500149101744682e+01 7.467105371810073677e+01 6.877981231457351896e+01 5.994965869668973113e+01 3.950577087907966245e+01 5.994965869669002245e+01 8.023000679546038327e+01 6.375066933769961963e+01 4.313214783916602357e+01 6.375066933769981858e+01 4.595455505466903645e+01 5.274116520116510998e+01 6.184535228947081009e+01 7.361053961826311820e+01 9.406424114978329953e+01 1.078323553840225628e+02 8.816398769890770382e+01 7.409033230263464986e+01 6.816797599485109060e+01 8.151291979353571548e+01 8.502978177021496720e+01 6.476125768311813147e+01 8.502978177021496720e+01 7.701512806850338677e+01 9.124770037242154785e+01 7.473913564401607346e+01 5.458508952758585053e+01 7.473913564401607346e+01 8.093948687067968706e+01 7.524619445040033838e+01 6.509533049052545550e+01 7.947045333567859871e+01 9.721145776895143342e+01 1.043868367410399998e+02
9.298303119104512859e+01 1.071597505480753227e+02 9.628484443836919127e+01 8.690225072862462241e+01 7.842312532822167270e+01 7.209316338568908122e+01 5.168509728416523785e+01 3.724495170599173832e+01 5.766248145455164575e+01 7.179202416873998516e+01 5.130181478695579500e+01 3.946802620160630681e+01 5.720858420803082112e+01 4.182838680824493593e+01 6.223063304333079770e+01 7.670365375937423380e+01 8.513460098446019231e+01 9.688702636587193240e+01 9.819757951821094366e+01 1.020109685016401215e+02 9.392471951435781818e+01 7.821555548441597239e+01 9.636564067525657151e+01 9.330478445018633238e+01 7.494599567002430263e+01 9.330478445018633238e+01 9.720880158987300490e+01 8.759911053805603842e+01 6.726570487918169761e+01 7.473913564401607346e+01 6.456510155970174480e+01 8.491316972833048737e+01 9.372077269188910975e+01 7.683121292648982603e+01 9.372077269192860172e+01 1.079710920482048095e+02 1.126519773696633280e+02
7.902341289448281714e+01 9.886699693416073842e+01 8.597759581054495470e+01 6.706764214639986221e+01 5.789327343805633319e+01 6.166057145132104012e+01 5.543343289675775765e+01 3.504204552394141814e+01 5.543343289675775765e+01 7.330270587213483680e+01 5.642754271067965277e+01 3.602667629084641021e+01 3.684876515304426903e+01 4.273878980484820289e+01 4.917524386995393826e+01 5.636204947306733715e+01 6.809957788007027091e+01 8.845703997868676538e+01 7.805835489639166269e+01 9.229882457722222000e+01 1.062922518839804695e+02 9.816745048359302928e+01 1.062922518839804695e+02 1.033455394421090148e+02 9.511356787040566019e+01 1.033455394421090148e+02 1.012230716287870109e+02 9.591575245772760638e+01 8.167654096011452225e+01 8.491316972833048737e+01 7.897989675942534404e+01 8.491316972833048737e+01 1.050979209985959244e+02 9.709822094601788933e+01 1.053728453261593643e+02 1.119915930920771387e+02 1.004612671488520164e+02
8.631749707488938839e+01 9.205669747059474162e+01 7.138331631810108036e+01 5.669692522541772917e+01 4.625873503029797718e+01 4.107755042493866426e+01 3.688685748592168778e+01 3.288159350304673012e+01 4.458632160295663738e+01 5.894451373763111945e+01 5.300937803283805749e+01 3.267885347718307543e+01 5.300937803283714089e+01 6.308082353152324373e+01 6.951181059467600676e+01 7.670365375937399222e+01 8.513460097670530047e+01 8.222643678691382263e+01 6.381096835835082004e+01 8.222643951512134208e+01 9.475518249998221165e+01 1.097503677984172015e+02 1.029644403680456293e+02 9.472765636889951679e+01 1.029644403680456293e+02 9.534222096183955841e+01 8.122642241414563102e+01 9.534222096183955841e+01 1.018974583372210247e+02 1.050979209985960807e+02 9.923735779912284727e+01 9.523148504722223606e+01 8.698888119788040285e+01 8.957679696261611468e+01 9.781598084366108026e+01 1.037264623716831835e+02 8.374817796278460946e+01
8.337199556803855671e+01 9.789140641531427889e+01 7.254409178629653354e+01 5.711072922326186330e+01 6.706764038368008585e+01 5.297932465409976288e+01 5.734694974351450725e+01 4.458231464611150585e+01 3.021086113287393715e+01 4.790737028980976930e+01 5.081281760956298399e+01 3.050771926083905328e+01 4.223742208767093587e+01 5.658617132605290578e+01 7.686951703855734763e+01 7.905898125615792082e+01 7.879948614028332088e+01 7.290058570980725960e+01 5.374064945293366691e+01 6.627049878696632845e+01 8.468451997718264579e+01 8.981963562043389970e+01 8.981963814548228697e+01 7.474398636546847285e+01 9.298700317135299542e+01 8.640593912135418009e+01 6.708321653323329770e+01 8.640593912135418009e+01 9.971138691002853705e+01 8.999199704296482594e+01 8.174368675926108097e+01 8.174368675926108097e+01 6.701240401751820741e+01 6.960620607310131902e+01 8.957679696261611468e+01 1.026062700428498999e+02 1.004612671488613245e+02
1.012558335699915091e+02 1.068484321335449607e+02 8.789673947070242832e+01 6.990619548401585348e+01 8.200235951687916724e+01 7.351935531682318015e+01 7.305031472086611188e+01 5.890160504548449438e+01 4.790737028980976930e+01 2.762209328923740870e+01 4.790506303081781425e+01 2.839781808738588609e+01 4.274538931610984349e+01 6.300874036587695315e+01 7.315855978969445061e+01 5.891722153501963533e+01 5.865957393479447290e+01 5.276075373626017040e+01 4.613390152229935381e+01 5.619852280205645911e+01 7.634246491394712564e+01 8.981963794809257706e+01 6.983492167217804081e+01 6.474551164166973649e+01 8.473582136718400193e+01 7.813899372994372072e+01 5.816926828978661490e+01 7.148241858322465703e+01 9.051620773043791246e+01 8.174368675926108097e+01 6.175580317141163533e+01 6.175580317141163533e+01 5.545369097555471427e+01 6.440994499909663773e+01 7.441004138372066734e+01 8.853696060382105770e+01 1.084620543457670436e+02
8.815523458178907390e+01 9.642096366523522022e+01 1.022855228288822076e+02 9.271116582180478360e+01 8.970390533376735220e+01 7.641449226834244257e+01 6.746583878209976604e+01 6.005567222807538030e+01 4.608389027085125633e+01 2.582222769250076766e+01 4.363983944528096970e+01 2.632366219280780939e+01 4.659253724031333377e+01 6.660507754426491545e+01 6.309019168643523301e+01 4.468089205349753712e+01 5.272312152577431732e+01 3.852808855518853193e+01 5.014777561675158069e+01 7.028690669736532470e+01 8.468446323777153850e+01 8.955583177803484318e+01 7.718019448648881564e+01 5.718967116746610202e+01 7.718019448648881564e+01 7.148241858322465703e+01 5.152871479194276816e+01 6.228298001927873173e+01 8.225686867080426623e+01 8.074139518708290097e+01 6.761011873272546779e+01 4.759390853355255757e+01 6.761011873272546779e+01 7.827461468289918400e+01 8.720664382516525848e+01 9.872247152829820038e+01 1.102321075641843464e+02
6.814126989746370100e+01 8.815523458178398641e+01 9.620595757259528114e+01 9.344964188842945418e+01 7.975065448635014320e+01 5.721479610422215245e+01 4.634743227872544225e+01 3.943578609843576999e+01 3.351999127290275737e+01 4.365540742358385984e+01 2.342439781914398012e+01 4.180045885569004582e+01 3.809606455520404467e+01 5.827287655140717959e+01 5.474874928520471684e+01 3.461473778648440458e+01 3.258859740598971655e+01 5.272312152583954514e+01 6.700162153149585720e+01 7.862905532109802209e+01 9.542318533267200564e+01 7.545426922918353796e+01 6.131591500249735560e+01 5.202713888687929256e+01 7.201866368935046125e+01 6.594825687900251410e+01 4.599487015187718697e+01 6.594825687900251410e+01 7.615663197892558856e+01 6.661020592691895104e+01 5.247901666674984966e+01 4.332442102409424933e+01 5.000130195951506806e+01 5.896108760862393439e+01 7.051456968982211038e+01 9.048429024286640754e+01 1.019950572098966575e+02
6.891211633136870773e+01 9.085103365437475986e+01 7.881770866865284120e+01 7.449923546832000909e+01 8.348384665092181933e+01 7.641442474815150376e+01 6.746583878001331414e+01 6.005567222807538030e+01 5.396390986070380791e+01 4.788904611465804351e+01 2.769548739322037534e+01 2.159051943992800204e+01 4.000680989510232877e+01 4.835807667888298766e+01 4.257665914332597623e+01 2.699290539944874467e+01 3.707159466797458691e+01 5.130758332650620446e+01 7.144609527548649908e+01 7.022380104010807145e+01 7.855123288300160311e+01 8.130298991146985088e+01 6.131591492112518438e+01 4.717672254588348579e+01 6.151505279393590797e+01 6.137063601979598104e+01 4.140991952380275620e+01 5.521062517384530821e+01 6.202077258684308703e+01 4.788491319476066366e+01 3.831903877984055384e+01 5.833809154067653679e+01 7.001332158954846818e+01 7.827461468290267987e+01 7.630929234967290142e+01 8.456920354641277982e+01 9.299734197783600109e+01
6.788138609796992284e+01 7.877477826906924463e+01 7.082368466879094626e+01 6.117142253629713622e+01 7.436891687776598303e+01 9.376607720348208375e+01 7.865658924401176932e+01 5.847199738911039901e+01 4.682390164191899373e+01 3.779945634579532765e+01 4.788904528315378428e+01 4.000680989510232877e+01 1.981633026893360494e+01 3.822884524247680105e+01 2.241668976852160711e+01 4.257665914338866031e+01 5.547981330201042738e+01 6.554752423991946841e+01 6.278439681004571327e+01 5.012939957312686801e+01 6.694778314661971308e+01 7.855106249162984966e+01 7.543595103891887277e+01 5.566024647665162917e+01 4.151843655178657855e+01 5.635194266401875751e+01 5.521062517384530821e+01 3.523531310425157415e+01 4.947695507769276446e+01 3.372459704006034542e+01 5.374540586015586285e+01 6.661020592691879472e+01 7.641430727883735585e+01 6.814862207378070025e+01 5.631981421463950710e+01 6.476836176745118223e+01 8.119229011533651885e+01
5.903095590970507800e+01 6.353552636857723712e+01 5.168340556962724008e+01 7.082368466879094626e+01 8.741987886672275465e+01 9.054351620967962333e+01 8.701465166971803455e+01 7.536207952115462660e+01 6.633747137222579227e+01 5.797863666545607231e+01 5.266437131982233666e+01 4.685341810154635311e+01 3.822884524247680105e+01 1.805838719585853980e+01 3.822786988513777118e+01 5.091231855424857144e+01 6.025247711604711043e+01 5.690945438563900893e+01 4.270914761213410316e+01 3.855582661399353128e+01 5.012939957486221232e+01 7.022382533871696353e+01 8.391973283471274669e+01 6.978413644505097579e+01 5.635194266401875751e+01 3.635020169748120367e+01 5.159889866533431046e+01 4.603535581944888122e+01 2.944930688811854225e+01 4.947695507769276446e+01 6.202077258684264649e+01 6.975454523981980515e+01 6.148552467769596319e+01 4.815932988552631855e+01 4.477914660087458287e+01 5.293959186437044195e+01 6.448039285649569763e+01
