LEM/with_lateral_4open/elevation_000427.asc
nrows	100
cellsize	150.0
xllcorner	0
ncols	100
yllcorner	0
NODATA_value	-9999
[rows 0 to 16 of 100, columns 0 to 36 of 100]
8.271705653423140625e-02 2.127631151761726416e-02 9.425194436011796739e-02 4.939197167322698090e-02 3.975871534419905817e-02 6.171646774684565184e-02 1.696294146011132625e-02 1.936121709489252440e-02 4.216450047424835645e-02 2.297044857093000214e-02 6.704298068806634203e-02 4.162315340452049650e-02 3.835349583220235004e-02 2.777463300387698203e-02 2.207885817162396139e-02 7.161913568127860341e-02 9.025521335945362045e-02 3.502399586135773735e-02 8.040414306008919487e-02 3.131346976591601466e-02 7.604099264847130613e-02 2.387740603804927586e-02 5.687112022313325910e-02 4.074439634684711570e-02 8.709178300582484655e-02 7.612946965408906586e-02 1.077918208624280109e-02 9.929772718869623455e-03 4.600412614040166881e-02 2.152795518990661267e-02 2.378824418737431057e-02 9.511189423522797837e-02 9.406546861214974686e-02 1.749038473908382007e-03 2.223905489293687143e-03 6.269637160239108220e-02 9.476101746191394060e-02
7.813061968023242432e-02 2.002127631151726206e+01 2.009425194435976181e+01 2.004939197167287190e+01 8.984030625343434551e+00 1.420385209147767114e+01 2.001696294145975585e+01 3.941683919858581575e+00 2.004216450047389131e+01 2.002297044470128284e+01 1.161404836448068423e+01 1.418375877713559596e+01 2.003835349583184566e+01 2.147770393016592561e+00 2.002207885817126964e+01 9.015891045680357152e+00 2.009025521335909659e+01 1.417715961959243387e+01 1.422253976679116505e+01 2.003131346976556060e+01 3.633695257333114714e+00 4.163336371557315729e+00 1.454573486431951324e+01 1.997166710866076400e+01 1.265603084983405235e+00 2.007612946963161704e+01 2.001077918208588713e+01 2.000992977148482055e+01 1.004600371307602025e+01 2.002152795518955131e+01 1.416592388446574802e+01 1.423724804227075857e+01 2.009399856171228294e+01 3.715655802014953490e+00 2.000222390548893969e+01 2.006269637160203700e+01 6.419316337798645300e+00
2.526786264046545702e-02 1.416740348637154057e+01 3.416740348637224400e+01 2.898403062534307750e+01 2.312616624907413510e+01 3.420385209147696060e+01 3.150097439849472636e+01 1.150097338004319347e+01 1.060835058652530805e+01 3.060835072426380776e+01 2.575618398821188748e+01 3.418375877713629762e+01 2.427977755656825565e+01 4.279777556572688546e+00 2.427977755656825565e+01 2.901589104568000010e+01 2.534582266423458918e+01 3.417715961959314086e+01 3.422253976679186849e+01 2.134719586154208315e+01 7.239436675494019369e+00 1.153081289203652204e+01 3.411137812488273369e+01 2.950321886559654772e+01 1.540773968074403655e+01 2.943965801576787111e+00 2.287213982119270739e+01 3.285655239517264903e+01 3.004092640901462374e+01 3.004465909836113013e+01 3.416594068125689887e+01 3.423740807477495451e+01 2.749530068255020865e+01 7.495300532107242120e+00 2.749530178747082232e+01 3.308598300446454488e+01 1.308598300446525364e+01
4.163169627051844027e-03 1.414629879335787699e+01 3.414629879335716822e+01 4.898403062534236341e+01 4.312616624907342100e+01 4.564311867832238789e+01 2.564310902331590825e+01 3.150097439849472636e+01 1.560835058652535068e+01 3.560835076708637814e+01 4.575618398821259092e+01 3.863099913219945591e+01 2.644908202181084533e+01 6.449082134759259510e+00 2.059121775849046188e+01 4.059121775867443915e+01 4.534582266423387864e+01 5.363009391169548223e+01 4.962927663935872147e+01 3.105326443323501096e+01 1.107690286204556607e+01 2.553742060037436801e+01 4.496090396970534186e+01 4.369209001359241995e+01 3.122830686702725345e+01 2.294397707825924826e+01 4.634274311033826699e+00 2.463426517174645980e+01 4.441318360222422967e+01 5.003607855147535588e+01 5.169143108812917831e+01 3.169141657321522132e+01 2.014441117442267881e+01 1.196743648710685903e+01 3.196743815105127240e+01 4.137025425192614847e+01 2.308598300446507778e+01
5.883922493566802470e-02 1.420097484866649218e+01 3.420097484866577986e+01 4.574188300203291391e+01 5.402536837699219774e+01 5.392747445926074334e+01 4.564311866856686351e+01 3.509571105143545111e+01 2.095357542477393054e+01 4.095357572532745394e+01 4.446295114405998561e+01 2.453725540096227320e+01 1.040967210668740783e+01 1.010056585146039865e+01 3.010056585159926712e+01 4.382814767108216358e+01 5.537515309518215645e+01 5.933635849421035147e+01 3.933695410081472232e+01 2.519571321443863354e+01 1.564363201683050697e+01 2.718807778387584762e+01 4.718775703325817261e+01 4.052363923210727137e+01 2.049820450338495093e+01 6.355600242681574308e+00 2.461271448729922895e+01 1.618124548668055240e+01 3.032226719423067607e+01 5.031211860433531058e+01 5.997596332453002077e+01 4.842881092300806500e+01 3.903850724432758312e+01 1.903850429897245888e+01 2.091170839710636997e+01 4.091171140720947363e+01 3.722811862819553141e+01
1.256007409845548775e-02 2.001256007409810067e+01 3.309278845970923300e+01 2.574190235593100695e+01 3.988403743392822776e+01 5.988386989063046428e+01 6.337998156960203744e+01 4.727813118252105795e+01 2.727813074511080060e+01 4.727813118549189397e+01 4.736769295138574165e+01 2.745070480166477012e+01 1.332697137913612551e+01 3.010056585160290865e+01 1.554387639097861928e+01 2.709088177477133996e+01 4.709088177528589370e+01 6.000028184256188268e+01 5.347765340176665916e+01 3.494710741104837837e+01 2.080513939706558801e+01 4.080479121763483619e+01 5.547010762271345641e+01 4.654278501536555268e+01 2.757949857311386310e+01 7.579580365405788278e+00 2.757744949416680669e+01 3.616061189183960067e+01 4.439587239928540896e+01 5.430832172929853385e+01 6.259060351546490608e+01 5.168762389119257250e+01 3.168761494260260747e+01 3.903850759093383971e+01 2.798277620897306406e+01 4.798278086535437126e+01 5.722811862819482087e+01
9.594114293757748102e-02 2.009593724432110307e+01 1.309279172127696000e+01 2.203706363127446011e+01 3.358406901292624269e+01 5.358403992326417864e+01 6.142026785949968115e+01 4.142026637418394586e+01 4.142026637418394586e+01 5.556241609736660791e+01 4.624935062863405477e+01 2.633498328857863058e+01 1.634208247386938240e+01 3.629216695860631603e+01 3.554387639121284082e+01 2.171601038946240436e+01 3.171601038946258200e+01 5.171601039025578217e+01 6.322705152810114981e+01 4.683503247043037732e+01 2.683520816493435746e+01 4.683389404599312655e+01 4.981536245260268458e+01 2.981701129289553265e+01 1.827002901191591278e+01 2.757404414929376202e+01 9.347347318372172253e+00 2.934890102567594639e+01 4.016675379558515147e+01 3.430912456422062462e+01 5.430832172929853385e+01 5.997211543992581539e+01 4.582975074230514423e+01 5.626719752383376516e+01 3.798277620914684860e+01 5.626719752383376516e+01 6.623631188161321859e+01
7.711341127313005306e-02 4.927825911999769382e+00 1.647483129594572659e+01 3.647483833774226269e+01 5.032090672769565742e+01 6.186744630177994253e+01 6.970456582063665962e+01 6.142026785949968115e+01 6.142026785949968115e+01 6.616469605723226266e+01 4.624935062863405477e+01 3.952693243142667257e+01 1.958649885434525473e+01 3.952693243142667257e+01 4.671601039002976563e+01 2.671601038946249318e+01 4.671601039005108902e+01 6.000028184256188268e+01 5.948385452099601878e+01 3.948431082202161946e+01 4.097733086019339765e+01 5.511771740132849828e+01 5.810260272277935911e+01 4.654279323899395138e+01 3.826828109833264335e+01 3.060161134140971129e+01 1.060225892864849939e+01 1.531630413656763068e+01 2.016701663748805018e+01 2.649157196279343296e+01 4.649118755573730510e+01 6.546334833190871905e+01 6.582978069389784537e+01 6.626727959832457771e+01 5.798278552156191523e+01 6.626727959832457771e+01 6.783496034569883193e+01
2.297228869525369793e-03 2.000229570636507859e+01 3.321209040803554302e+01 4.475958620792860643e+01 5.884458617469159236e+01 6.076920660701420474e+01 6.908964613690685042e+01 6.772123651068993411e+01 7.600421511540952224e+01 6.431911129499783897e+01 4.443600130581128127e+01 3.295129654872472713e+01 2.296705850130216575e+01 4.289544446929244259e+01 5.500028176721924922e+01 4.671601038953113516e+01 3.524403904368720930e+01 5.524403904495258644e+01 6.776540900396102529e+01 5.362639960712340326e+01 6.097677514219934380e+01 6.455833727950694367e+01 5.630734585999020680e+01 4.733184141880818885e+01 3.908141874554002726e+01 3.190957576116574046e+01 1.190969982956973716e+01 3.190957576116578309e+01 4.016673975172660249e+01 4.649118755573730510e+01 3.718201552400102372e+01 4.872894885406992671e+01 6.872719647536855803e+01 7.940218291880506740e+01 6.918221959213086336e+01 6.071228097750243791e+01 4.745555966821464722e+01
9.647730019007895452e-02 1.423861292392115452e+01 3.423861292392185618e+01 5.298650787685082264e+01 3.884246322050128697e+01 4.085657002154693629e+01 5.358182894661992179e+01 4.772509456966145791e+01 6.772123651068993411e+01 7.260437245877807300e+01 6.085009954883500427e+01 4.659308710898794459e+01 2.668067209914180538e+01 3.819257035820650970e+01 5.806840638862292536e+01 6.352830275001470994e+01 4.524403904368755747e+01 4.938617466741913375e+01 6.938617467173628484e+01 7.362500161505622032e+01 7.036868627044822233e+01 5.048294795683364811e+01 3.640374569592319176e+01 3.908141876186287078e+01 1.912145118853640113e+01 1.603538465657929990e+01 2.981312651395867164e+01 1.400053332320879562e+01 3.509070759829121045e+01 4.711444632689158141e+01 5.718120282789098496e+01 6.546334833190871905e+01 7.700837620199693845e+01 7.092880052327626572e+01 5.049576143172861009e+01 4.042144835510877954e+01 3.333488646772442365e+01
3.582433992925927735e-02 1.417795996366033506e+01 3.417795996366103850e+01 3.470750037055005777e+01 2.470599702938924125e+01 3.968546178924239598e+01 3.358013350134912400e+01 4.541617097470923170e+01 6.541458595708405710e+01 6.664729004490268949e+01 4.676397359056161918e+01 3.270590596877890022e+01 4.659308710843490786e+01 5.484973630605372108e+01 6.634147906210414192e+01 7.352830879647341078e+01 5.938617466742719841e+01 6.938617467173628484e+01 7.767044684691049383e+01 7.968150945988041656e+01 7.141671770583491252e+01 5.729192467376377351e+01 4.371920382883961054e+01 2.377133639725946423e+01 3.908141875991153569e+01 2.603272676431416244e+01 3.993007130610823197e+01 3.124020701984514048e+01 1.611459899215210001e+01 3.172887422524648215e+01 5.623426017459896542e+01 7.216016043380923861e+01 8.176288759583026433e+01 7.940218291880506740e+01 6.918221959213086336e+01 5.353838830589452868e+01 4.372360974612513473e+01
1.813270376062421294e-02 2.001813270376026921e+01 2.576762305004704601e+01 1.471071861489849475e+01 3.268484948659547484e+01 3.646537159524557836e+01 2.541074371413995081e+01 4.541617097470923170e+01 5.575030002761753423e+01 6.403413429766054321e+01 6.085009962729751720e+01 4.676397359056136338e+01 3.998243198010821686e+01 4.699948310629483217e+01 5.447576645950075402e+01 7.438392956645648724e+01 7.938617473183046513e+01 8.592630162851806119e+01 7.597664506020912256e+01 6.771701403460066615e+01 5.153959395335686366e+01 4.904553012196644346e+01 2.911624200292026288e+01 4.371920382883959633e+01 5.196702319278304572e+01 3.755925488305717863e+01 3.801078075493364850e+01 1.826501191251839984e+01 3.619780994440007049e+01 4.499763950756273800e+01 4.461285049911635525e+01 5.268035723446408269e+01 7.044553540571818928e+01 8.234017699525035994e+01 8.240091544540170787e+01 7.258764976955225734e+01 6.409304077942587696e+01
2.372884694381488524e-02 2.880871704086677809e+00 5.767623050034818455e+00 9.148242260689192662e+00 1.268379885601800794e+01 1.646356262946638438e+01 2.201124109561057907e+01 2.867922957407000339e+01 3.575133320996507535e+01 4.729799304681260708e+01 6.729636608515110652e+01 6.664729003628276871e+01 5.142988610889322132e+01 5.618097291117089753e+01 7.438392956427728109e+01 6.851632305895299169e+01 8.854958477704795428e+01 7.764960496039752513e+01 5.778442310880399901e+01 4.786778143955763909e+01 4.082496002616707642e+01 3.528561676135803538e+01 4.064033084670430185e+01 5.724342084314272938e+01 6.571201683648527592e+01 5.746004626683399863e+01 4.371277808237366003e+01 3.435818860481426640e+01 2.044072071649333111e+01 2.502774239315197491e+01 3.211014181442537563e+01 4.120363056305095739e+01 5.320437442760921698e+01 7.393276743291556841e+01 9.192458890872217125e+01 8.252562759366681178e+01 7.475480172942458523e+01
8.175220331382776484e-02 2.008175220331347077e+01 2.576762305004704601e+01 2.329076986603651633e+01 2.682688727555121488e+01 2.801212941791681033e+01 4.201280819182291282e+01 4.201280819182291282e+01 5.575030002761753423e+01 6.403413504469435225e+01 7.558036556986755272e+01 7.962351372083969636e+01 7.132328899431260538e+01 7.610896439179229844e+01 8.441366636318831240e+01 8.854958477704795428e+01 9.686939895209935969e+01 8.592630162851806119e+01 7.597664506020912256e+01 5.705146292712876033e+01 6.069925054994873648e+01 4.525450671180117723e+01 6.047220913081136473e+01 6.862983749768569908e+01 7.527513805934107438e+01 5.704407951769891838e+01 4.846283850600161713e+01 3.418651590201987034e+01 2.207917450191612829e+01 4.309068015499724424e+01 3.509461992272313324e+01 4.424472534408157998e+01 5.626733543976793328e+01 7.694101216891124295e+01 8.416929167806988232e+01 6.534031178077930235e+01 5.562760518365242035e+01
9.124702163186203252e-02 1.423338264536293707e+01 3.423338264536364051e+01 4.329097728588376981e+01 4.682722130436778230e+01 4.801271515381883859e+01 5.629663209479836894e+01 6.201212898673639984e+01 6.959844130022764830e+01 7.545381973459070934e+01 7.903857307447059100e+01 7.318598281132233296e+01 6.835314088942408262e+01 6.835300487193792662e+01 7.663181683149537093e+01 8.475271010282678219e+01 8.083284784513492127e+01 8.911170678642315579e+01 8.520235327575102247e+01 7.693004416153780767e+01 7.337515476968755479e+01 6.511932479765472692e+01 7.337515476968755479e+01 8.203291258431340793e+01 6.249988427602242780e+01 5.704407936232224330e+01 3.934484509525655938e+01 4.277258968485057267e+01 2.374005341594305207e+01 4.345381581449580466e+01 5.572075573222759459e+01 6.422578114978784924e+01 7.346652583941772718e+01 8.533221201297104130e+01 9.192458890872217125e+01 8.252562759366681178e+01 7.475480172942458523e+01
2.239863785106879432e-02 2.002239863785071350e+01 3.464802314624755297e+01 3.464802314624756008e+01 5.464802284659033660e+01 6.373586785178580527e+01 5.788091601882958059e+01 6.373829003113516478e+01 4.959960192980237537e+01 5.545712636553941621e+01 5.904697211435583171e+01 5.319040212513405663e+01 4.835322810413089201e+01 4.835322720113066453e+01 6.835268785629733657e+01 6.476110705908848786e+01 6.083794176441555379e+01 7.757030987104393205e+01 8.911544959636694330e+01 9.393374289266608912e+01 8.254861724557726177e+01 7.438730733789168426e+01 7.694813900981044696e+01 7.320687393692058720e+01 5.937151420286146930e+01 4.305890676675135609e+01 4.571952756326869860e+01 2.613020725072166783e+01 4.340439243461404573e+01 5.157778400651616835e+01 6.084641174371191852e+01 6.734886338235530445e+01 7.552118734696335878e+01 8.537043212614787535e+01 8.990186758113149779e+01 7.803507469773880700e+01 6.948796110054965425e+01
1.766589122093755945e-02 7.088733703086383287e+00 1.464802316327086196e+01 2.879015878698956143e+01 4.879015872891029204e+01 4.373878586001333701e+01 3.788092374738612023e+01 5.201999429623982962e+01 3.545420426635827482e+01 4.390843398500565087e+01 4.639751011246144685e+01 3.904543634975166100e+01 3.420685241587340641e+01 5.036495086230362972e+01 5.428804451234122297e+01 5.061825999308357638e+01 4.928944490397119438e+01 6.083794178017762277e+01 8.083305790995125051e+01 8.578175271220780473e+01 6.604599439982411013e+01 5.478250550698883359e+01 5.731932246373057893e+01 5.883574891347344504e+01 4.557623698108650245e+01 3.179311996670548268e+01 2.939238808890178234e+01 4.574990863837335553e+01 2.983794292252065361e+01 3.554580767374160644e+01 4.141959503110791729e+01 4.784152255611360971e+01 5.751256103443776624e+01 7.718516573027278582e+01 8.130910913774627602e+01 6.083428013352863672e+01 4.921534497966005262e+01
