LEM/with_lateral_4open/elevation_000408.asc
nrows	100
cellsize	150.0
xllcorner	0
ncols	100
yllcorner	0
NODATA_value	-9999
[rows 68 to 84 of 100, columns 0 to 36 of 100]
5.009162696260269221e-02 1.419222725069367819e+01 3.419222725069437985e+01 3.150762001975684612e+01 3.477893098845772357e+01 2.057490162145006707e+01 3.682963249102455450e+01 3.512342803355883092e+01 4.255411372985880547e+01 5.299926695995661419e+01 7.326161136514036798e+01 7.975137671330155342e+01 7.142145785773512046e+01 7.975137671330155342e+01 8.149939723919904111e+01 8.149939723919904111e+01 8.981136000702184674e+01 1.032750519249879488e+02 9.485748512471951699e+01 8.166279744073187885e+01 6.141755136451659780e+01 5.606459904824952645e+01 7.623095442333455196e+01 7.866415057527545684e+01 7.025756258182974534e+01 5.798366567284729456e+01 6.145208418595160538e+01 6.724018171611095340e+01 7.362339739352457002e+01 8.538641781774079220e+01 1.058134487480436263e+02 9.737864405990639227e+01 7.727712854215457128e+01 6.568198039217583073e+01 5.670690543668704464e+01 7.098241650865814734e+01 7.928925321823828654e+01
4.695337527364121244e-02 2.004695337527328647e+01 2.628567632210424421e+01 1.120934295358448907e+01 1.480144795369131039e+01 3.478093607659786102e+01 2.710709993882595370e+01 3.488899338788223758e+01 4.504792766050835695e+01 6.434267407796028237e+01 8.154873987760096554e+01 6.963449054147724837e+01 5.113650144694381083e+01 6.963449054147724837e+01 6.127640689007643005e+01 6.127640689007643005e+01 8.149939723919904111e+01 9.726529259280066242e+01 9.607785694216026684e+01 7.569188429282513653e+01 8.166279744073187885e+01 6.607214239903389341e+01 6.607214239903412079e+01 8.638976644763478419e+01 8.403534226727330747e+01 6.374737677037671801e+01 8.170466328659438204e+01 7.796462223604143560e+01 9.401989694168841538e+01 9.027327230339049891e+01 1.105975341622009296e+02 1.056816910702958410e+02 9.408557697610724802e+01 8.510366149317404449e+01 7.098241650865814734e+01 5.091656717736253057e+01 6.561266710418465209e+01
7.614146464036156137e-02 3.162208463882193676e+00 6.285683701654302347e+00 2.573472172773269762e+01 3.461124736592818607e+01 3.111981652909254237e+01 4.716752984668685400e+01 4.350481778214420814e+01 6.133644740275754970e+01 7.257386375801172562e+01 6.785559384760527735e+01 5.954589099090292592e+01 4.091395203617987875e+01 5.853270474674722124e+01 4.687395098216615708e+01 5.707195480687071409e+01 6.880522018400418460e+01 8.896847037160995342e+01 1.044923876289528266e+02 9.607785694216026684e+01 9.482327107280238465e+01 8.040803646164609120e+01 7.510630279626474248e+01 9.482327365701830502e+01 9.047701664863922133e+01 7.010665365836693752e+01 9.047701664863922133e+01 9.834593757861811980e+01 1.067309037827071450e+02 1.105975341622008870e+02 1.111778855454386274e+02 9.933313897727674657e+01 9.087950385091872363e+01 8.372992694143428594e+01 7.026950130350114421e+01 5.028360870184943821e+01 4.556350239434256366e+01
2.352828262072655108e-02 2.002352828262037221e+01 2.628567632210424421e+01 2.044664654022443884e+01 4.046782115944904490e+01 5.107104995032590011e+01 5.933069844765599754e+01 6.346472960863772528e+01 7.172839390659940761e+01 6.546256254023192866e+01 5.617040778389173994e+01 3.918844244493788409e+01 3.315132767311349937e+01 3.813810939828889701e+01 5.259139919804444929e+01 7.287628518062803096e+01 7.664600404812206591e+01 8.464141001898271099e+01 9.387525085196320163e+01 8.870038751436929658e+01 9.699133499138937964e+01 1.008309397608496880e+02 8.687359509065113627e+01 1.039418855836744200e+02 9.890144585178136083e+01 8.025519414777799909e+01 9.047701664863922133e+01 1.108791386160220043e+02 1.059548145245769888e+02 1.142450228659569547e+02 1.026164669072429660e+02 8.233811652916858748e+01 7.075007267439029590e+01 6.365775112689243542e+01 5.760798692479028205e+01 7.034098539066027911e+01 5.558530247113168343e+01
6.786455232800275850e-02 1.421000017605907750e+01 3.421000017605977916e+01 4.058285842408631083e+01 4.894699931363113166e+01 5.571606789195057985e+01 4.983740487928169927e+01 5.571606789195057985e+01 5.810270429559217575e+01 4.972055699610837110e+01 3.672858233576794618e+01 2.738833383174257818e+01 4.779968344444876749e+01 5.853270472314202522e+01 6.683253710779030143e+01 6.118432347520930392e+01 5.715541848439620765e+01 6.648846249129130115e+01 8.213821499499411516e+01 6.857088572742864585e+01 8.538873516516248685e+01 9.882129407863693871e+01 1.073271398966042938e+02 1.157172641801800239e+02 1.090994195371050068e+02 1.006988391495003867e+02 1.090994195371050068e+02 1.026995527013861960e+02 8.596451212231917793e+01 1.010018988777223967e+02 1.092899688430333498e+02 9.933313897727674657e+01 9.087950385091872363e+01 8.373349580256740410e+01 6.919095888130451044e+01 7.563686696422043099e+01 7.563686696594221814e+01
3.257643153035955086e-02 1.417471205526118361e+01 3.417471205526047129e+01 3.819695286815096580e+01 3.953600018524446824e+01 3.562377435462799014e+01 2.973629582075615119e+01 3.562377435462799014e+01 4.638011615434825785e+01 2.938834488474351048e+01 2.243254572707348515e+01 4.269446380641863925e+01 5.619136076039571037e+01 5.755706628336548647e+01 4.923228630369916914e+01 4.096821494077656922e+01 4.662985987025077605e+01 5.363220502381363985e+01 6.430304147323141706e+01 5.687866006246209594e+01 7.040332044119271870e+01 8.634800682986494280e+01 9.794463839743021083e+01 1.050381002870197875e+02 9.724281891058028293e+01 1.055286427171744918e+02 1.062012155737535153e+02 9.376498823120876125e+01 7.444597907451814933e+01 8.102105286319778088e+01 9.774923222099883446e+01 1.046946155634002054e+02 9.641462799781115223e+01 9.759207093390475052e+01 8.926254760367481822e+01 9.565425394675614257e+01 8.131420916756496808e+01
1.880098487986705744e-02 2.001878443586549849e+01 2.267996531229093193e+01 1.811572064169940788e+01 1.945018541478142637e+01 2.668426690376771404e+01 1.556522319311111779e+01 3.072898368697719462e+01 3.366010537460292795e+01 1.795019895726516879e+01 3.798174886038635378e+01 5.109555727182493001e+01 5.365070906669272688e+01 4.533885860017583980e+01 2.937387225431085014e+01 3.217240467545880733e+01 3.518287799745539246e+01 3.945402823906941592e+01 4.411805020372145236e+01 5.017098398796858305e+01 5.783188319251874532e+01 6.953880832184360372e+01 8.965767698470824598e+01 8.503234928982098495e+01 7.723722511132970681e+01 9.397871984472592999e+01 9.774923222099396014e+01 7.793549645262795877e+01 6.551302670777583614e+01 6.949461711903113326e+01 8.946595205260017281e+01 9.316077608726796200e+01 7.643811010768831693e+01 9.316077608726796200e+01 9.951618407434885683e+01 8.796065412314149512e+01 7.968381171979666533e+01
2.900726248362994752e-02 1.333663408590515909e+00 2.641104309511745463e+00 3.962741510421927682e+00 5.296074843755286032e+00 6.644474568682052329e+00 8.005302203563980257e+00 1.088457152089487145e+01 1.379330101910923467e+01 3.366010537460292795e+01 3.768503752439560373e+01 3.986263848511119789e+01 4.207960426399178999e+01 2.550952788212912736e+01 4.533885962932190949e+01 5.208314194810854758e+01 4.925672467533206600e+01 4.237817554100367801e+01 6.251346696194651287e+01 7.040332044119260502e+01 7.804204274641260497e+01 8.634800682986494280e+01 9.089189809417092647e+01 7.088360350256789388e+01 6.568271231602390969e+01 8.503073659609160018e+01 8.946595205260017281e+01 6.949461711903113326e+01 5.794607394268565770e+01 7.145007139833572296e+01 7.972915030271769865e+01 7.420246317587735518e+01 6.490294029178897972e+01 8.488129165795763242e+01 9.125784407622828098e+01 7.121103198644257759e+01 5.942989229131149642e+01
5.081304048347550645e-02 1.890716752699385239e+01 1.423453691662171217e+01 2.399592683643922442e+01 1.945517295992567952e+01 2.079984760399520738e+01 2.804802003325964321e+01 1.024830899829642306e+01 3.028726373869209354e+01 1.566745423159793127e+01 1.783207399361771550e+01 2.002032634512700326e+01 2.224670972148831183e+01 4.207960427552158222e+01 3.206273102379687145e+01 5.197692393208445338e+01 6.941551645300921791e+01 6.251346696194651287e+01 5.055588447950724884e+01 6.223853426852356563e+01 7.652713267403797204e+01 9.660425643696092379e+01 9.362890755905925744e+01 7.674389730847025248e+01 5.672744936272935234e+01 7.674389730847022406e+01 9.081504753094084492e+01 8.557883373735798216e+01 6.559774641796613537e+01 5.143558937754363569e+01 6.567238810713814701e+01 5.419760318652630815e+01 6.835072021474276482e+01 8.832982039616976522e+01 8.938031349392751679e+01 6.930465717837259376e+01 5.483563284694915296e+01
4.469920835086939326e-02 2.004467269341321867e+01 3.415791645028790668e+01 4.239517356730117115e+01 3.963732670164868210e+01 4.089064345649162391e+01 3.515884952593468427e+01 1.540284854562464467e+01 1.262120466345118253e+01 1.533995731169567200e+01 3.507222575743052317e+01 3.973888218293474495e+01 3.622921881153074253e+01 5.038052483740933241e+01 3.696567672881718636e+01 5.698067299984019485e+01 7.322063802346985995e+01 7.908510666270717593e+01 6.486054092968610973e+01 6.335266292991541093e+01 8.351434757549041876e+01 9.359318846859569874e+01 8.204085708875358307e+01 6.533110302591680352e+01 5.116690905508717435e+01 6.251309861488204689e+01 8.252841384768913713e+01 8.100969530725490131e+01 7.238209524907576053e+01 6.531883498783543018e+01 4.562309250571958330e+01 5.722024274326627591e+01 7.136617684514926907e+01 9.134634767062648564e+01 8.938031349392751679e+01 6.930465717837259376e+01 7.518468077642808112e+01
2.324776005098762310e-02 2.002324776005063356e+01 3.190025605793227470e+01 4.017267331744318426e+01 5.176676424362689488e+01 4.322612290451883865e+01 2.346541951145507454e+01 3.515884952593769697e+01 3.266195852168195302e+01 2.343703096724523505e+01 1.949719979657408686e+01 3.917539460845825516e+01 5.164518862862402671e+01 6.453183086318378514e+01 5.698067299984019485e+01 4.473732744264187744e+01 6.488210472913202409e+01 8.272673375408331253e+01 8.501272362788408543e+01 7.763548834729617454e+01 9.181292100557578806e+01 8.530689750239356783e+01 6.529587124844012180e+01 5.373167417629868936e+01 4.614488923978961310e+01 6.073148407527425263e+01 6.902279235810058822e+01 7.266622840369144853e+01 5.240605859017782109e+01 5.690024766258399325e+01 4.246153716455845029e+01 6.290813188107593845e+01 6.949417379407046269e+01 8.911823899507363933e+01 9.763963926943536364e+01 8.938031349392751679e+01 8.816822813594066588e+01
8.699724428260374731e-02 5.860499949369626371e+00 1.189072720040434383e+01 2.343877873529176625e+01 4.350914168042815788e+01 4.950887034356926364e+01 2.964107847257998074e+01 4.950887034356926364e+01 3.946545420765971102e+01 3.730736558228205979e+01 3.917539391819815364e+01 2.377962762565935506e+01 4.340874400036127412e+01 5.642627354811705231e+01 6.789990018999229449e+01 6.488210472913202409e+01 5.420844656224301872e+01 6.850066337262462923e+01 8.864545120246731358e+01 9.770716925547911558e+01 9.194707921434719822e+01 8.366185605958722249e+01 8.204085708875358307e+01 7.375352610791283325e+01 6.073148407527429526e+01 4.065984752432600402e+01 5.563328324861308261e+01 6.392795161211779487e+01 5.822693799901787060e+01 3.807904267262610887e+01 5.419724273721266172e+01 4.965230469792803092e+01 6.643271423168908996e+01 8.099386165032474594e+01 8.927196760904486439e+01 9.828206373558468556e+01 7.989161910869583494e+01
2.249585233037712170e-02 2.002249585233002094e+01 3.190026180774766118e+01 2.603444021732633118e+01 4.606160784580458767e+01 5.790632020994049611e+01 3.836201744372613831e+01 5.790632020994049611e+01 5.341555838313784221e+01 5.707506729046214389e+01 4.340874400024614488e+01 3.356003402209208986e+01 2.855231994807509821e+01 3.979536921242065972e+01 5.959974510571155548e+01 6.918146648985869263e+01 7.440093512242128782e+01 6.850066337262464344e+01 8.864545120246731358e+01 9.284129938981979535e+01 8.039983793470879903e+01 6.366223014243045952e+01 8.039983793470879903e+01 7.977115794734081078e+01 6.829218722517862261e+01 5.563328329260149729e+01 3.551288932739056037e+01 5.563328329260149729e+01 5.926612312286315642e+01 5.095651489530277445e+01 3.399695395800378606e+01 3.800008376570427515e+01 5.814117974083337970e+01 6.098249001152177584e+01 7.001084011053953304e+01 8.536416651586000626e+01 8.816822835858174301e+01
2.739267172789772165e-03 1.414487489090361549e+01 3.414487489090290495e+01 4.606160784580458767e+01 5.438850490007741456e+01 6.694507740853833866e+01 5.254704609367230006e+01 6.694507740853833866e+01 7.335800182734897135e+01 7.153225568227142617e+01 6.153743474068818387e+01 4.742162681179635797e+01 3.375036402480981934e+01 3.564697011293284845e+01 4.102194889602856165e+01 6.087130847097916586e+01 7.863071832636600789e+01 8.864545120246731358e+01 9.695280413554198162e+01 8.313735712465189920e+01 6.454417080703130694e+01 5.208435904321219567e+01 7.211506665262494664e+01 7.149782705610756750e+01 5.165353690569624234e+01 4.028353811163739095e+01 3.211774691278704097e+01 4.795645440586871899e+01 4.794078069663420649e+01 3.072634153521118705e+01 4.940699124047695534e+01 5.797738506063794262e+01 4.457879649913317621e+01 4.996979358750273548e+01 5.707265964391551449e+01 7.123357585983669082e+01 9.121829977301578651e+01
8.327778614586213435e-02 2.008327778614550851e+01 3.506462720668744737e+01 4.262391666687212677e+01 5.090818791433432722e+01 6.245519329812724862e+01 7.296342071611223901e+01 7.243040450940807773e+01 6.414606477660021255e+01 7.243040450940807773e+01 7.565324282451378224e+01 5.891563389598006495e+01 3.911371007556516588e+01 5.536608664543746983e+01 6.087130847097916586e+01 5.028296302312741517e+01 6.442575645003833529e+01 8.452967029062276083e+01 8.835738888128214796e+01 7.485104125993188973e+01 5.481123664838516873e+01 4.446014543356743332e+01 6.454417080703130694e+01 6.249068924214026310e+01 6.829218722517862261e+01 5.878150239684235601e+01 4.760144436379639643e+01 2.772899119860265671e+01 2.769583729800391225e+01 4.794078069663420649e+01 4.089100657338358502e+01 6.096625734785114048e+01 6.465464512756803117e+01 7.001084011053953304e+01 7.001084011053953304e+01 7.123357585983669082e+01 9.121829977301578651e+01
6.510866554257997707e-02 2.006510866554222616e+01 1.506462720668674571e+01 2.262391666687142333e+01 3.417092205066434474e+01 5.417092205066504818e+01 6.454889008641505654e+01 5.626439991898813275e+01 4.414463499687256132e+01 6.242987479271110374e+01 7.397742690055208925e+01 6.722283579012008659e+01 5.045240402718075501e+01 4.959782176646614715e+01 6.961557086437913711e+01 7.031405648555536914e+01 6.442575645003832108e+01 8.452967029062274662e+01 8.007218489849310572e+01 6.006073272643192951e+01 4.845865102421038273e+01 3.833951093585350378e+01 5.195137856593347436e+01 4.235820337605417762e+01 5.657158125381932479e+01 5.410841610969653459e+01 3.212792320959292880e+01 2.476111845764873109e+01 4.498775406528008602e+01 5.625779210893983873e+01 6.096968137261633558e+01 5.362099671746783969e+01 6.776058545800862021e+01 8.774880100617487244e+01 9.000487676699920314e+01 9.121829977301578651e+01 9.949475717188339274e+01
8.953482861371392376e-02 5.636536790866029101e+00 1.977867241459723147e+01 3.977867241459793490e+01 5.090818791433432722e+01 5.741386441854032796e+01 5.300035205204569877e+01 3.626086462708620672e+01 3.414130657071549280e+01 4.569181645814127535e+01 6.569309130193802559e+01 7.879272225978101574e+01 7.047662089482707870e+01 6.372779408891682351e+01 6.592739686161498014e+01 8.602606325927791886e+01 8.452967029062274662e+01 9.283568020269366627e+01 8.219390400369888994e+01 6.218426263432506573e+01 4.798323720802462589e+01 3.892992880100867836e+01 3.170479824106703148e+01 2.790322213630549797e+01 4.331886950978321238e+01 4.929895779673549328e+01 4.096762264547327703e+01 2.312022935812894886e+01 3.739143904653124650e+01 5.755596471415834969e+01 7.673791506339240698e+01 7.361499824824815619e+01 8.190207087067859959e+01 9.159550110699707659e+01 8.331285650445288127e+01 9.159550110699707659e+01 9.571683262709902351e+01
