LEM/with_lateral_4open/elevation_000135.asc
nrows	100
cellsize	150.0
xllcorner	0
ncols	100
yllcorner	0
NODATA_value	-9999
[rows 68 to 84 of 100, columns 0 to 36 of 100]
5.009162696260269221e-02 2.005009162696224578e+01 3.004695337527319765e+01 5.004695337527248711e+01 4.876706418612799609e+01 5.375114617981154908e+01 4.750894124659981799e+01 5.900462141206715216e+01 6.999622802349986728e+01 7.447358906370253351e+01 5.475393539651925323e+01 4.639127769525644140e+01 4.018634841756057341e+01 5.999361530549897736e+01 7.351443554055585139e+01 8.161340283670041629e+01 7.532866634906503123e+01 5.493370946738548355e+01 5.320087963786647833e+01 4.476816816165157320e+01 2.695583175260117414e+01 4.733599245570832181e+01 6.148174639348299308e+01 6.880855706337999322e+01 7.756166830414369429e+01 8.398013926358929382e+01 6.368904289683480613e+01 6.744737521204390873e+01 5.115112798170272868e+01 4.652064745592819150e+01 5.019977955558614724e+01 5.418417474615387164e+01 6.434855269443860948e+01 7.625549422929886134e+01 9.692889455392048603e+01 1.002798975245297726e+02 8.087819645610564123e+01
4.695337527364121244e-02 1.004695337527355470e+01 3.004695337527319765e+01 3.112426095256168068e+01 2.875850164584830182e+01 3.431794265431038582e+01 3.234917186856200289e+01 4.307240037208782013e+01 6.195090454559082360e+01 7.182472346749452186e+01 7.429455388459872722e+01 6.617753825959776748e+01 4.718355709274388232e+01 5.637505950492358409e+01 7.609434222384763302e+01 8.939485175062368683e+01 7.732737600203067529e+01 6.813576466032931478e+01 5.293939488509265345e+01 3.322101675032931212e+01 2.907477985197767012e+01 4.939401993510298183e+01 4.111627089558260906e+01 4.827101644118544499e+01 6.003873819242141252e+01 8.106476137292388273e+01 8.398013926358929382e+01 6.775552648606010564e+01 7.153444730368110527e+01 5.203199880242265607e+01 7.057349648631381456e+01 7.467082700293693165e+01 6.213083659862392238e+01 7.402273328492539406e+01 9.470408981630937717e+01 9.558304318805119237e+01 7.628008475050830839e+01
7.614146464036156137e-02 2.007614146464000626e+01 2.632568308016067249e+01 1.119367035363590368e+01 1.469305739729712990e+01 2.158091635790815488e+01 4.076717086095699472e+01 5.225221760647331593e+01 4.395392523881461244e+01 5.522888476200829189e+01 7.500651720173580372e+01 7.511231977884516198e+01 5.714178060671184056e+01 6.699966878139748871e+01 8.418785280744720012e+01 8.079762624947673544e+01 5.983569368316005210e+01 4.826094879521827608e+01 3.970469543449186034e+01 5.293939488509265345e+01 4.939987512049345497e+01 3.205849158631524887e+01 5.236167167759221996e+01 6.880855706337999322e+01 7.756166830414369429e+01 9.016299026171728315e+01 9.684232867143713008e+01 8.834871672047536606e+01 7.245432694495424641e+01 5.838974012589428497e+01 7.895885089122896261e+01 8.966102568599258404e+01 6.896905779513947721e+01 8.966102568599258404e+01 1.031877029019868957e+02 1.037861716760080100e+02 9.255685871132230602e+01
2.352828262072655108e-02 3.183721862933736713e+00 6.377729780575534413e+00 2.559032880286190093e+01 3.461874793217355517e+01 2.129172021913990420e+01 2.641013079347810333e+01 3.266253864469106105e+01 5.225221760647331593e+01 7.182472346749452186e+01 8.327415854498643455e+01 8.494073400926066597e+01 7.685755695608301608e+01 8.494073400926066597e+01 9.469799184368284273e+01 8.402936031615169554e+01 6.306003873797039461e+01 4.874155141350738063e+01 5.955675204521548949e+01 6.813378663172049698e+01 5.460328998291748093e+01 3.430188606439774190e+01 4.862802950801063417e+01 6.902955235455976890e+01 8.710523271538687595e+01 8.707755452714025068e+01 1.072847601352178089e+02 1.015484650474552382e+02 8.626506197798177311e+01 6.559997636108884933e+01 8.626506197798177311e+01 9.816199526319728363e+01 7.932239293074849229e+01 9.816199526319728363e+01 1.018687909963360596e+02 9.365541616356419752e+01 9.317315619314422293e+01
6.786455232800275850e-02 2.006786455232764865e+01 2.632518822749139531e+01 3.459708363069525916e+01 4.914909522365974937e+01 4.266629319919771035e+01 4.030426405273683343e+01 4.605741719140189616e+01 6.044651773677271223e+01 7.450615049768916265e+01 7.606312545358031230e+01 8.194487640556528163e+01 8.531696183131373346e+01 7.709752620681929614e+01 8.531696183131373346e+01 8.631559184218748726e+01 6.535557631903107279e+01 6.306003873797039461e+01 7.783287128374021790e+01 7.327920301844278583e+01 5.690246410351231532e+01 3.659730405895022898e+01 5.690248588355093773e+01 7.414792059854471518e+01 6.660461481905410608e+01 8.710523271538687595e+01 9.097203063008778656e+01 9.970252703736090893e+01 9.477434166576627206e+01 7.752681474014504204e+01 9.477434166576627206e+01 1.084657159187654685e+02 9.999965844123667580e+01 1.084657159187654685e+02 9.365541616356419752e+01 7.371890402432761391e+01 7.324206223393623816e+01
3.257643153035955086e-02 2.003257643153000345e+01 3.182259759267046206e+01 3.889389462547350718e+01 4.718220068815571722e+01 5.718560114769967129e+01 5.992856379896952035e+01 6.573934826413719179e+01 6.855999602208814281e+01 5.430501414238295865e+01 5.587166845485589306e+01 6.178560928774570016e+01 7.539986334988556393e+01 5.726717148766336152e+01 7.539986334988556393e+01 8.774032350990951556e+01 8.631559184218748726e+01 8.402936031615169554e+01 8.288286252087269190e+01 6.485114781880170653e+01 4.452670096559599244e+01 3.916833618576836074e+01 5.934156589619909994e+01 5.370697992842926993e+01 7.081272729439575642e+01 7.551375042876894383e+01 6.967298107490776715e+01 9.095104402039517311e+01 1.029942690029733967e+02 9.820172968941601255e+01 1.066733751094277096e+02 1.028687512358280856e+02 9.456660702830956211e+01 1.028687512358280856e+02 9.107469671054434457e+01 7.112749292728996409e+01 5.958487651351187964e+01
1.880098487986705744e-02 5.792303676776149324e+00 1.182253056833147475e+01 1.889359838021217186e+01 2.889359845776731106e+01 4.303576824896885711e+01 6.303818502261128742e+01 6.933714766525790196e+01 5.845192138579054841e+01 3.997004354182515584e+01 4.153846791782498826e+01 6.178560928774570016e+01 6.707924519949564512e+01 4.724584984444092584e+01 5.964706050799892267e+01 7.491546519476766264e+01 8.483332824973003028e+01 8.888911814371614639e+01 6.848562449090607629e+01 5.407467443300848231e+01 6.485114265672979172e+01 5.947801504827847907e+01 4.288632923344655268e+01 4.656945882101982903e+01 5.038567203974037767e+01 5.503026102222360549e+01 6.412134967637642546e+01 7.429472283218910889e+01 8.867684952748072647e+01 1.090101461305033155e+02 1.021309722253269001e+02 9.286172646335529635e+01 7.456461093135899887e+01 9.286172646335529635e+01 9.929193134708999935e+01 8.779384751033187229e+01 7.955817323670206065e+01
2.900726248362994752e-02 2.002900726248298469e+01 3.182261607425980543e+01 3.889392901567833860e+01 4.079189297149994076e+01 4.079189341701031424e+01 4.914115118418921924e+01 6.100129310700250329e+01 4.078181979305261962e+01 2.989129261945003080e+01 5.009591676194281007e+01 4.998160495248399116e+01 4.712634314340937181e+01 3.961711753786030243e+01 4.675515135810248779e+01 5.678137536555612286e+01 7.661438413022082727e+01 8.888911814371614639e+01 6.848562449090607629e+01 7.446166942191750593e+01 6.968805782708274421e+01 4.927238985050657760e+01 6.323458520792903670e+01 6.695355170083655594e+01 7.081425723889014989e+01 6.212860726978175308e+01 6.522044508413330277e+01 7.548040786543569425e+01 9.008111489104697966e+01 1.106424441110052328e+02 9.382840370324387891e+01 7.382299313874516145e+01 6.456423212783261079e+01 8.456560897983428049e+01 9.657932077329384413e+01 9.482653260815975216e+01 8.673397263628756093e+01
5.081304048347550645e-02 2.005081304011138243e+01 3.309731553603662491e+01 2.702570391697292607e+01 2.067577461564485120e+01 2.067577461573727504e+01 4.079189343102861187e+01 4.590089214576744325e+01 3.758172583694179991e+01 2.434495105467263087e+01 4.321659267104227808e+01 2.873150434196666581e+01 3.290439613454917378e+01 5.297041285128601373e+01 6.669787974788849283e+01 7.491546519476766264e+01 8.483332824973003028e+01 9.728010055083939278e+01 8.888911814371614639e+01 8.154532463853998081e+01 6.100793608219648689e+01 5.602607210644356428e+01 6.591516715278170579e+01 8.647549618302751639e+01 9.116987412511507216e+01 7.236601992770800962e+01 8.580718021787401995e+01 8.580039488924732893e+01 1.045172705892415337e+02 1.074491167401879039e+02 9.438860105861854777e+01 7.749405437727529034e+01 5.748924499772414975e+01 6.827469476827118910e+01 8.827990112039712756e+01 8.673397263628756093e+01 6.698226642822908161e+01
4.469920835086939326e-02 1.821845001675242770e+01 2.278997189572223547e+01 5.023702699407680328e+00 6.522765838041910236e+00 2.656764939955819216e+01 3.709081677895441231e+01 3.421310091529066000e+01 1.749626920143091624e+01 2.026521757286581860e+01 2.308615219298613042e+01 4.141485372401491105e+01 5.226847694742335904e+01 5.961399227023449043e+01 6.554728554289589226e+01 7.245554936507554089e+01 8.060046253084590262e+01 9.038822320545031630e+01 9.837798319056363994e+01 7.776227095708691195e+01 8.154532463853983870e+01 6.322250833091872124e+01 8.379117117638665491e+01 9.497311035098820753e+01 1.014540434764187324e+02 9.298374635120262610e+01 1.014540434764187324e+02 1.063959150604552235e+02 9.896488307186569955e+01 9.066396018043458582e+01 7.912957790902693489e+01 6.608667360134606383e+01 5.193497564798425969e+01 6.608667360134606383e+01 8.609070427000500558e+01 8.418097214890838131e+01 6.441162022316895275e+01
2.324776005098762310e-02 1.470396970636256517e+00 2.921349470867164566e+00 1.903156712727340860e+01 2.610716667442162375e+01 8.698473624891912337e+00 2.874879630306193334e+01 1.416565036564033875e+01 3.423414726586795354e+01 4.036971848723960932e+01 4.279535144482980513e+01 2.924814119845702720e+01 3.442250365958006597e+01 3.980116744821488339e+01 4.586877798633813086e+01 5.291602858552009536e+01 6.270425542287495801e+01 7.645156098288298097e+01 9.610132395011176243e+01 9.837798319056363994e+01 9.230403177632884137e+01 7.506578503028167404e+01 8.379117117638553225e+01 1.044076581392295253e+02 1.032124885946307415e+02 9.487571944533081592e+01 9.968025304732964287e+01 1.080230528351321055e+02 9.066396018043458582e+01 7.065854391840572646e+01 7.651799468109430791e+01 5.912341858643968351e+01 4.756080885217413368e+01 6.171936479763526506e+01 8.172546690127418856e+01 9.228147120523154001e+01 8.046913924274414853e+01
8.699724428260374731e-02 2.008679334829490415e+01 2.298428656393722846e+01 1.550636669797358103e+01 3.483781362873885001e+01 2.871626962192643262e+01 1.090036285602895028e+01 3.095697861983978072e+01 3.630850549277013783e+01 4.466242646178618259e+01 5.762222083565128372e+01 5.013296976459154308e+01 4.558760566885072052e+01 5.961399227023449043e+01 6.554728554289589226e+01 7.245554936507554089e+01 7.427533432227400567e+01 8.140865605301330277e+01 8.969953396782663901e+01 9.972886106131761608e+01 1.041966628378736033e+02 9.571027030979453798e+01 8.990115200700773812e+01 9.076166948525427358e+01 9.167130923542742948e+01 7.494248813464317038e+01 7.970100212810578455e+01 8.950646373679752799e+01 8.120967205948278433e+01 7.651799468109430791e+01 5.650963099922434907e+01 4.942635503816956799e+01 4.369943349510509734e+01 6.372651059242621585e+01 7.571642850667184632e+01 8.401104378256188454e+01 8.979148171519938160e+01
2.249585233037712170e-02 2.002249585233002094e+01 3.828441815557943073e+01 3.527039210382766043e+01 3.526663168840036633e+01 3.929529668660782704e+01 2.505776845091287441e+01 1.396766941480330537e+01 1.623118677776217211e+01 3.630850549277231920e+01 4.799293466966761201e+01 6.226770855693256834e+01 6.541372984514640621e+01 7.360147629328854180e+01 7.311841719533373407e+01 6.522355523937693533e+01 5.403483866186626727e+01 6.123256953315242157e+01 7.136164026713588271e+01 9.145568615709827043e+01 9.561089654672612426e+01 8.401180700385316413e+01 6.980663196080097066e+01 7.066729893806120799e+01 8.336726298228620635e+01 6.353221908155548903e+01 8.336726298228620635e+01 7.801657299999229167e+01 6.136209423129379559e+01 7.801657299999229167e+01 7.651799468109430791e+01 6.000757573814129842e+01 3.996860394923531601e+01 6.000757541052195876e+01 5.570218700373982301e+01 7.571642850667184632e+01 8.243801549243258364e+01
2.739267172789772165e-03 1.000273924639686562e+01 2.414485281211198497e+01 4.414277626431597668e+01 5.518880613641116639e+01 5.354960362068902668e+01 3.403519679328631753e+01 2.396452643753519496e+01 3.630850549277231920e+01 1.953706013444720213e+01 3.371816078240257042e+01 4.325078981858398208e+01 6.346309388342469049e+01 6.715279429646315634e+01 5.287334399411112429e+01 4.491994094541929883e+01 5.212808011788354179e+01 7.238570840602895373e+01 8.969953396782663901e+01 9.972886106131761608e+01 8.729401868128832120e+01 6.719904569387114179e+01 5.568992909075758035e+01 5.654367421208267785e+01 7.330714333927539883e+01 5.726094045490040685e+01 6.863765480617875880e+01 6.975066765761587817e+01 4.988636701742507995e+01 6.975066765761587817e+01 7.103397274809155704e+01 5.101442474219790313e+01 3.682284871250611502e+01 4.152461565066629845e+01 5.968881080333294165e+01 6.798104577956414118e+01 7.799049458597258422e+01
8.327778614586213435e-02 2.008327778614550851e+01 3.095733546604378716e+01 3.924160671392611022e+01 5.078861209800912491e+01 6.254697403339304174e+01 4.410586717036800763e+01 4.410586717036800763e+01 4.726083215104732460e+01 2.708604007567327088e+01 2.311977091587187161e+01 4.325078981858397498e+01 4.989579341010215074e+01 5.306000868489055478e+01 3.849848826446600469e+01 5.880298864913120838e+01 7.238570840602895373e+01 6.498049506741018888e+01 7.925490223922075472e+01 9.930792811504372253e+01 9.189969796706337490e+01 8.358191452434944324e+01 6.500052744940279581e+01 4.513083742780219154e+01 6.500052744940279581e+01 6.863765480617875880e+01 4.876574209718920372e+01 6.112677779144014778e+01 4.280723364116624197e+01 6.272757681350331183e+01 6.185202110390225272e+01 5.717166880257918393e+01 4.887215913382921428e+01 3.251130141338532553e+01 3.964441808953423418e+01 4.967949807817628738e+01 6.969812431104887196e+01
6.510866554257997707e-02 5.410333503791090237e+00 1.095733546604343012e+01 2.250434084983615080e+01 4.250434084983685779e+01 6.233561748229264055e+01 6.430350707958567114e+01 6.156895827033282842e+01 4.133421226029454232e+01 4.726076984431441730e+01 4.265716368724729790e+01 2.685452995963106204e+01 2.967601208666498636e+01 3.279914516643790989e+01 3.952398362468090198e+01 5.390060691503619950e+01 7.413806520776071807e+01 8.512829753494008855e+01 9.341492283995779644e+01 8.894941843468357945e+01 8.062785754399588711e+01 6.353172008304110108e+01 5.969012941781483050e+01 3.983107714234645869e+01 5.456254416885798264e+01 6.284263141510273698e+01 6.112677779144014778e+01 4.119244797325406893e+01 3.644529892084109690e+01 5.118044131703996413e+01 4.189641462879086475e+01 4.546724745266440237e+01 2.872842997365029660e+01 3.549073021238123715e+01 5.549921865661376330e+01 6.798104577956692651e+01 7.799049458597258422e+01
8.953482861371392376e-02 2.008953482861328865e+01 3.095733546604307307e+01 2.250434084983615080e+01 3.405134623362907575e+01 5.405134623362977919e+01 6.492739634379162794e+01 6.990486917803023914e+01 6.156895827033282842e+01 5.986472542893692861e+01 3.959565087830389274e+01 4.703628451251986320e+01 3.727772714531635501e+01 5.306000868489013556e+01 4.712340170225310487e+01 5.126623912909106195e+01 6.300019858633779535e+01 8.316686104540690394e+01 9.484939130440807276e+01 7.473710538269158121e+01 6.055161981909120783e+01 5.354792072531119373e+01 4.731264792222335558e+01 5.456254416885798264e+01 3.465155982706973248e+01 4.973342113643374773e+01 5.800789918458801253e+01 6.112677779000753731e+01 5.118044133600675849e+01 3.112684125731243512e+01 2.762550411867992040e+01 2.526418448592860244e+01 4.546724745266440237e+01 5.549921865661376330e+01 4.708829077900765014e+01 5.861584126205222134e+01 7.842637924279644324e+01
