LEM/with_lateral_4open/elevation_000099.asc
nrows	100
cellsize	150.0
xllcorner	0
ncols	100
yllcorner	0
NODATA_value	-9999
[rows 68 to 84 of 100, columns 37 to 73 of 100]
7.372084997752158131e+01 7.969963483811768867e+01 9.363357611410685877e+01 8.647431340043169712e+01 7.182680343981965621e+01 5.151232887959100992e+01 4.824455504587826482e+01 6.848788542015968517e+01 8.061401017615240505e+01 8.246715724888228749e+01 1.022928742339301351e+02 9.977193390060789113e+01 9.167940882918750845e+01 9.244282880903389810e+01 7.838198414460759977e+01 5.873601517345619527e+01 6.684616185596357241e+01 8.077001699301419535e+01 1.004056559473067836e+02 1.024311107447429094e+02 8.247250776092384683e+01 7.768672056495806544e+01 9.087905815783457797e+01 7.759011050866128301e+01 7.117121497649758055e+01 7.118595066783052516e+01 7.530334018701434218e+01 6.961494719195395930e+01 5.188487734269266127e+01 4.982583228335325032e+01 3.088610034684117522e+01 2.956158651195938702e+01 4.708890447546937708e+01 4.678266088627913177e+01 4.557040173245457737e+01 3.246656507452949825e+01 5.273709304609910475e+01
8.549026867514133698e+01 6.536221848935744561e+01 7.858642257640985918e+01 7.460254582659196387e+01 6.632385708223283416e+01 6.287485455598089601e+01 4.572236260933375718e+01 6.583639977563106527e+01 8.122418524527262207e+01 8.943462011287512325e+01 9.940707146976001241e+01 9.167940882961663362e+01 7.200365457373982281e+01 7.775622344229122973e+01 7.161436889104814441e+01 5.580443817592421851e+01 7.561437453485942228e+01 9.411440657375538876e+01 9.733993523357612787e+01 9.967532184140253548e+01 1.024311107447429094e+02 9.185367422068925691e+01 1.056945097838847403e+02 9.754573985098650724e+01 9.125631869738090529e+01 8.562266098999147346e+01 7.101207085968388810e+01 6.203884056322529972e+01 5.360090616038462485e+01 3.454905932434344606e+01 5.106876125640048514e+01 4.976894403194315686e+01 3.590493883058748992e+01 5.616278714244868553e+01 6.110862617130101171e+01 4.679676427946805717e+01 4.108934789883339533e+01
9.268888930436273199e+01 7.274496664547810099e+01 5.829157982532315430e+01 6.632384748629303317e+01 4.603068563547796543e+01 4.273634755530757445e+01 4.676824071961398488e+01 5.328004937798639418e+01 6.072355760446217232e+01 7.120071899022536854e+01 9.124765149963667454e+01 8.913312750189533062e+01 6.944563701755402008e+01 5.798032641997833991e+01 5.177329726561195145e+01 7.165312191457353208e+01 8.375819416975261333e+01 9.122655080193197819e+01 7.703862143333169854e+01 7.962746244211655267e+01 9.378801332007621738e+01 1.118524101443951508e+02 1.007961088340891251e+02 9.049271456180909468e+01 8.199847450048014252e+01 7.466538184898170982e+01 5.640148141980176177e+01 4.183430212827373396e+01 3.833807145314602138e+01 5.378769100924012037e+01 6.285067250922379856e+01 6.451957978701376817e+01 5.022700053615317017e+01 4.326051831078537901e+01 6.358380056438335970e+01 6.707831531945483050e+01 4.876592246279277987e+01
8.945423861198487714e+01 8.147983016065749950e+01 7.232318331061945571e+01 5.197808236331179899e+01 6.080889227899550775e+01 4.059529251096140712e+01 6.080889227938322250e+01 7.438892005568698096e+01 8.122418524527262207e+01 8.943462011287512325e+01 9.940707146976001241e+01 9.723120530052955246e+01 8.588779379091280930e+01 6.892325010484377401e+01 4.900003082283776479e+01 6.892325002526467870e+01 8.534533944991824228e+01 8.114086868633425809e+01 6.298942044766707937e+01 6.561297475943464974e+01 8.545880503063006017e+01 1.025500488174916143e+02 9.234324000354243367e+01 7.165370899741780875e+01 6.125735633670501556e+01 5.392237606956066998e+01 4.739304475125920391e+01 6.246855116022025811e+01 5.923635506005233964e+01 4.474161719730116005e+01 5.661836807490148260e+01 7.705584798348174047e+01 7.049304367086082834e+01 5.503339075153435545e+01 5.238298504710844838e+01 7.264545066871733070e+01 5.896490509312445027e+01
7.520167044073724583e+01 6.285449437708981435e+01 6.677332837261727150e+01 6.304204692975307012e+01 5.901734775293554947e+01 3.882406765709683327e+01 5.901735034854273465e+01 7.683344740488409741e+01 7.683344740488409741e+01 9.691478553956736164e+01 1.089582990286010613e+02 8.931529802524011075e+01 7.537640832843405292e+01 6.647124500522255630e+01 4.651710587617675685e+01 5.736060027310171705e+01 7.131100044063968824e+01 6.562480602657601025e+01 5.300291987834579999e+01 6.298876432405242554e+01 7.442655603214845428e+01 9.424707323661789360e+01 1.007961088340891251e+02 9.049271456180909468e+01 7.738104731717551488e+01 5.664111467732504934e+01 5.664111467732504934e+01 7.664080491437121623e+01 7.038566339403116956e+01 4.986810619424606728e+01 7.038566339403116956e+01 8.541391933962702865e+01 8.358082741443094221e+01 7.526387758150283958e+01 5.960957647491349576e+01 7.977500700562275426e+01 7.329145888430657863e+01
5.674856534144410602e+01 5.220357959796933045e+01 4.810228317467779391e+01 4.418593117754453203e+01 5.672446633548852191e+01 3.707159994395475167e+01 5.724835143172476393e+01 5.641445847286500026e+01 7.683344740488409741e+01 8.736939305702534853e+01 9.871694849671658289e+01 9.053979980996327015e+01 7.898999279619606284e+01 5.919354627613457609e+01 6.314100863527961849e+01 4.318392484389413255e+01 5.995403145318540084e+01 4.565622254496216925e+01 5.277073991285514154e+01 6.171175387754617248e+01 7.315124060387171312e+01 9.292532910323402007e+01 1.012205697629817678e+02 8.062614453221888766e+01 6.863353393864277052e+01 7.132618802109907108e+01 6.863353393864277052e+01 8.589016759255440547e+01 7.810935474932479394e+01 5.767438821979843055e+01 6.177359670923776491e+01 7.360383126034777490e+01 9.382420141842321470e+01 8.808310779071317143e+01 6.974781073264981046e+01 8.808310779071317143e+01 9.337954003790004265e+01
7.520178693639689982e+01 7.072621246691984709e+01 6.677709068948898619e+01 5.627613667853692192e+01 3.879911751603031433e+01 3.533627674397569507e+01 4.352173441865974013e+01 5.056796389133974401e+01 5.947595263178814662e+01 7.092122784152942927e+01 9.059370463368217941e+01 8.235773358536938815e+01 6.254490486412829853e+01 6.618062666363863400e+01 6.543753596317732502e+01 5.725612040630414157e+01 3.996804397443386137e+01 5.997750241272149907e+01 7.265520961774751640e+01 8.087797848461678996e+01 8.974188387481437701e+01 1.011877346326728002e+02 1.096405756534013278e+02 9.779548374939713540e+01 8.933037281219522185e+01 9.199877074802378729e+01 8.933037281219517922e+01 9.779548374949682454e+01 8.646030939879142352e+01 6.796740972902466638e+01 8.214996526454449111e+01 9.049062679434490519e+01 1.021407923909448101e+02 9.811101473319459387e+01 8.980220327859564122e+01 9.811101473319459387e+01 9.686812246868633736e+01
8.286549004272858099e+01 7.470112224874581841e+01 7.572544279343144069e+01 6.570414070245040250e+01 5.355005131917948091e+01 3.363848965633024335e+01 3.904611047399246360e+01 5.709897676159263114e+01 6.557682159705244374e+01 7.743303300275282197e+01 7.955321385844654003e+01 7.136351559788907650e+01 6.618062667596942106e+01 4.624188379701064378e+01 5.466898808378829244e+01 3.726678643958832993e+01 5.727375038997030288e+01 5.415076237476311150e+01 6.823596790925893174e+01 8.806752873798699000e+01 1.033636273613057313e+02 1.115889324474034936e+02 9.951838484238815852e+01 9.130556721433076461e+01 9.130556721433076461e+01 9.316440827481744691e+01 9.316440827481744691e+01 1.013745200463885254e+02 9.657441207178349885e+01 8.825129976962473677e+01 9.657441207178349885e+01 9.627732372758006818e+01 8.805371446105462496e+01 8.805371446105462496e+01 8.547059663923570838e+01 9.369766989063504070e+01 1.020923015756525558e+02
7.053883809333288468e+01 5.478016490274096384e+01 5.360285868232558215e+01 6.664686867151313265e+01 6.173948593793554096e+01 5.142673468043001606e+01 3.146078896439336248e+01 3.813844540257655069e+01 4.839136477624681021e+01 6.899379593987295323e+01 7.136351559788907650e+01 5.147239543243758675e+01 5.729836964350187145e+01 5.216810406674212430e+01 3.466246316525377580e+01 5.466884964787007561e+01 5.144593467638743789e+01 7.134338340944623269e+01 8.231036805017578217e+01 8.940132476664771843e+01 8.361794966998333223e+01 1.033636273613057313e+02 9.130556721433076461e+01 7.136846002765361163e+01 7.136846002765361163e+01 7.323596283720560507e+01 7.323596283720560507e+01 9.316440827481744691e+01 9.825569436220264663e+01 9.004875709375856729e+01 9.107717114241235379e+01 8.805371446105462496e+01 6.809692917317099159e+01 6.809692917317099159e+01 6.550271755309285027e+01 7.394213627370524478e+01 9.033181234597552134e+01
5.055678173910227713e+01 4.418280223019142738e+01 3.837495317549584684e+01 5.187576100138940660e+01 5.614566889839009889e+01 4.793793120171648070e+01 2.996061551346488017e+01 4.997206688810598507e+01 6.557682159704980052e+01 6.971828723129331706e+01 6.151081896895389178e+01 5.729836964350187145e+01 3.730645525257884998e+01 3.216359046705552061e+01 5.216810406674212430e+01 6.289049550449223602e+01 7.134337064109644189e+01 7.953308804828766654e+01 8.690529138012811927e+01 6.974644671301757626e+01 8.137725440197748128e+01 1.011028042637487090e+02 8.959312494234674773e+01 6.964825264125298077e+01 5.720694728749672464e+01 5.908023817599877248e+01 7.323596283720560507e+01 9.316440827481744691e+01 8.676633357581685857e+01 7.011262296481523038e+01 7.115726796709239466e+01 8.521556347729199388e+01 7.394213625330820605e+01 5.392352082168995508e+01 5.392352082168995508e+01 6.211782142965504505e+01 7.212926725319407240e+01
7.053883809333288468e+01 6.421995705201194937e+01 5.187576100138940660e+01 3.180861541344056320e+01 4.591970139388965322e+01 2.782632786652404988e+01 4.173222428259852990e+01 4.956855445780286118e+01 6.851676485978764219e+01 6.151081896895389178e+01 4.155637448811938839e+01 4.740089596174532716e+01 2.973905052007414795e+01 4.974082127688433985e+01 4.483766710713189241e+01 5.897221149993718115e+01 7.880822434677678245e+01 8.116599016315649351e+01 6.723108469715741364e+01 6.171564480242477657e+01 7.560923321720309787e+01 9.530243835115304307e+01 8.377004900318981129e+01 6.379881306306770483e+01 4.961000240728838406e+01 6.964825264125298077e+01 8.154445820289197400e+01 8.977383834063468271e+01 7.853862468781271389e+01 5.854583744514048504e+01 5.699559801445552409e+01 6.955922337282359535e+01 6.140647897155230339e+01 4.681048528662901731e+01 6.686448689247667687e+01 6.809692917319665639e+01 8.805371453063247600e+01
7.672505509243721633e+01 6.856350645015523071e+01 6.008980023256090419e+01 4.591970139388965322e+01 2.568813532901269880e+01 4.401431170614687005e+01 5.220206570588430850e+01 6.765317767316582831e+01 6.525632037693739562e+01 5.338321782288547013e+01 4.514297175632965065e+01 2.739608235307564144e+01 4.740089596174532716e+01 5.797225763885872141e+01 6.478200047014365737e+01 7.298215608761059059e+01 7.476229024228655362e+01 6.658920380395026939e+01 5.325413809293772260e+01 6.468189126088813623e+01 8.434546741736700426e+01 9.102331445300688983e+01 7.108542254743072419e+01 5.692161937509383307e+01 4.531603035325122875e+01 6.522890046976750966e+01 6.156206254535428002e+01 7.333409257049338237e+01 8.157694108206533201e+01 6.699578359140491557e+01 4.694534457431667818e+01 6.127129457278672930e+01 4.132551966278688838e+01 6.140647897155230339e+01 7.512122504320413441e+01 8.805371453063247600e+01 9.627732842505008648e+01
5.865694635433905546e+01 4.872173707846660307e+01 4.133723603420836668e+01 3.444806349760133202e+01 2.774155537993216214e+01 2.370884292835718199e+01 4.221343211268138162e+01 5.044947159524195968e+01 5.113271271791366246e+01 3.706970354162282177e+01 2.512722714996527529e+01 4.514297175632965065e+01 4.155637448811938839e+01 6.151081896895389178e+01 7.576083254545552848e+01 6.758273674358581218e+01 6.119135540645905991e+01 4.675645385619113625e+01 6.658824454309352348e+01 8.115710920357484781e+01 9.252407538999190706e+01 9.406651681975017709e+01 7.559153589369633153e+01 5.558105205124265780e+01 4.136315838376332010e+01 4.516858099370578117e+01 5.917679385813387682e+01 5.331264872490741880e+01 7.333409257049338237e+01 6.126588575611636145e+01 4.112916525304122928e+01 5.354757231520821392e+01 3.776052828172435483e+01 5.785559168412959963e+01 7.308051762720477029e+01 8.132312737994287488e+01 9.129312603378039626e+01
6.592680820024949639e+01 5.196468548236843077e+01 4.070972648558618090e+01 3.484839208651322906e+01 4.754123855293848067e+01 4.043899530715992796e+01 2.193677353626704019e+01 4.220998743312679125e+01 4.072277406249835963e+01 2.286727294094923835e+01 4.291895229882879903e+01 5.338321835426769724e+01 6.151081896895389178e+01 6.971828723129917194e+01 6.432849274812438978e+01 4.775743347588084475e+01 4.129073419983198079e+01 6.118810633696001133e+01 6.081808840128290683e+01 8.052775331823400506e+01 9.991506782942384746e+01 7.996978342734092848e+01 6.578651981602027377e+01 6.970565552859240199e+01 5.625765287000088222e+01 3.615766223765676557e+01 3.908947213895334727e+01 5.917679385813387682e+01 6.907290153087376439e+01 5.832125719927466179e+01 5.003643342234450841e+01 3.351004584596998370e+01 5.361940089185886649e+01 4.635236415599074178e+01 5.305953137475275838e+01 6.309371140758364760e+01 8.306732384682602799e+01
6.251207160345686020e+01 5.111959252066354509e+01 5.443197123230537215e+01 4.875495053344595675e+01 4.041498218855770830e+01 2.023009436780864689e+01 3.856517759851035265e+01 3.858575741603806364e+01 2.060264860179694324e+01 4.074472872396485457e+01 3.910259835992835065e+01 5.853583752754810376e+01 6.699842081571496522e+01 5.880769049942576032e+01 5.162063818804998050e+01 3.619467799483717130e+01 5.033546674520066233e+01 6.937204506788961567e+01 8.052708594636800399e+01 8.874186454392784640e+01 9.579194646641049360e+01 7.583130408354261931e+01 6.162583394498819445e+01 5.152546233850785740e+01 6.216412087836731359e+01 5.158449989037700334e+01 3.147268961685109190e+01 4.739089749829488341e+01 5.490235036225352871e+01 4.073179976973920446e+01 2.992168805049777447e+01 4.415997685916699567e+01 6.189777486781405713e+01 6.640685554305412097e+01 7.308051762720477029e+01 8.132312737994287488e+01 9.129312603378039626e+01
7.901585117733249319e+01 6.507942168664224880e+01 7.414084780408987285e+01 6.846820923067630815e+01 4.900828967998486263e+01 3.872225155957634968e+01 1.846863460675867685e+01 1.827431458338772075e+01 3.855685105553971681e+01 4.895383675891376640e+01 5.853583752386986561e+01 5.771055094000886498e+01 5.552803456543465188e+01 3.890182734989205215e+01 3.165637774728633147e+01 5.162063816545749262e+01 6.432849164169896028e+01 7.832151875104804617e+01 7.919387683520648125e+01 8.340284716760633899e+01 9.168057429844320438e+01 8.993559267448425487e+01 7.377500139974756621e+01 5.366436639781161944e+01 4.205216727287960765e+01 5.456251726607897723e+01 4.739089749829488341e+01 2.727748799344308495e+01 4.332737511177536049e+01 2.649851970417650193e+01 4.661187174845670711e+01 5.832125719925136309e+01 7.248253753922874409e+01 6.633029065577306937e+01 7.472220953562214163e+01 8.637270976663090494e+01 9.398408126205993085e+01
9.295228066806335221e+01 8.225732409241165044e+01 7.341658571084687424e+01 6.524166551787598678e+01 5.884883673508492308e+01 3.869365276126090691e+01 3.701785880510995241e+01 1.659644822021896005e+01 3.569274329234503540e+01 4.296555307028673809e+01 4.972942422034769550e+01 3.527274590269663435e+01 4.331671214620256194e+01 2.732342052422121270e+01 4.731503505159064105e+01 5.982347687563277816e+01 6.060404167668475850e+01 5.910331872789162588e+01 5.910331867791058613e+01 6.333725459936494673e+01 7.597193935674479803e+01 8.425861351193567828e+01 8.204655690202744722e+01 6.877293937072401775e+01 4.867444828515108668e+01 3.460047299144050470e+01 2.998960928379462487e+01 2.643244327381354708e+01 2.322116271875780669e+01 4.332737510153840077e+01 5.490234584719804900e+01 6.162226708000508069e+01 5.476786330373958123e+01 4.630357902322699459e+01 5.783492895248210175e+01 7.793517055680592875e+01 9.099663058694910944e+01
