LEM/with_lateral_4open/elevation_000262.asc
nrows	100
cellsize	150.0
xllcorner	0
ncols	100
yllcorner	0
NODATA_value	-9999
[rows 17 to 33 of 100, columns 0 to 36 of 100]
5.222468517465790605e-02 2.005222468517430201e+01 3.591689346855547882e+01 4.386264178318609197e+01 4.745454094232124476e+01 4.885961297659349611e+01 5.714516403980877612e+01 6.179342750232694215e+01 5.521452045549892063e+01 4.692685348360558351e+01 4.692685348321924010e+01 5.495970503158076781e+01 3.492925939851554062e+01 5.495970503190397238e+01 6.305564762454567784e+01 7.134231501259685615e+01 8.029052742093963957e+01 9.183996311499586795e+01 9.054998361751870561e+01 8.227828144224761786e+01 8.448311673251879483e+01 7.524762864984926125e+01 5.648093364961228957e+01 3.651795155261623194e+01 2.945097562747647757e+01 4.029296751036648061e+01 5.440226221564287812e+01 6.086689033296666196e+01 4.127266336770392030e+01 2.718205208527909278e+01 4.713811600978360161e+01 5.708849346833687122e+01 6.350973823372574145e+01 7.049440088321890130e+01 7.868506145600676405e+01 8.293808487063364510e+01 6.292956061235500442e+01
7.333276091007127906e-02 7.632622221094583104e+00 1.763262222109440458e+01 3.177475784482510335e+01 5.177475784482439281e+01 5.112297937126342617e+01 5.911902819117251795e+01 5.083478434076031505e+01 4.626916368467787777e+01 2.692244360601982223e+01 4.058117511441601977e+01 4.327726820404740948e+01 2.992761736790173543e+01 4.995209362352881044e+01 4.303420137342803997e+01 5.199381862068921123e+01 6.354977906820223410e+01 8.355470471108382924e+01 8.227828144224761786e+01 6.229721250016240219e+01 6.814953209794327904e+01 5.627848145142878167e+01 4.713511913687504773e+01 3.301368971016312059e+01 4.942303186345636590e+01 5.768432208527180194e+01 6.851155692091914773e+01 5.778177478838377823e+01 3.785946885085585478e+01 4.713811600978360161e+01 3.036399358199729193e+01 5.030649771612182519e+01 5.853269637058067332e+01 6.605185933010636745e+01 7.428860675741508146e+01 8.423272762020700100e+01 7.138615800402928357e+01
6.343274376862209629e-02 2.006343274376826713e+01 3.591689346855547882e+01 4.591689346855530118e+01 4.526784629443572072e+01 3.112116470642055788e+01 4.526762747117061281e+01 3.083524468199023261e+01 3.450539189634572068e+01 1.801752297492096488e+01 2.060503837590928811e+01 2.328250671076423117e+01 2.669249819005431945e+01 3.301305597739006004e+01 5.304492446395146743e+01 6.921192917505300102e+01 7.093089871115547851e+01 9.093487808755460833e+01 7.968399675565326845e+01 5.970571793039201935e+01 4.818298569979430113e+01 4.216401177138306622e+01 3.682542137344285749e+01 5.298061896382279912e+01 4.713566575702422767e+01 6.709158426711186962e+01 7.185475623613895380e+01 5.195432731711490248e+01 5.778302799897620190e+01 5.854775459527480308e+01 5.030650313985079691e+01 3.362907028656476882e+01 3.862306430427258874e+01 4.615802604481257276e+01 5.610650644013205124e+01 7.599721222008059840e+01 7.961231821800723196e+01
3.497053469895897854e-02 1.417710615843003374e+01 3.417710615843073896e+01 3.642276941388081468e+01 2.950248637026349385e+01 1.701339669621579986e+01 2.960747817907251900e+01 3.117826420141846100e+01 1.455214904754874539e+01 3.450539189547780694e+01 3.471826559565003834e+01 4.327726820565088417e+01 4.671029142591820715e+01 3.271808702314763195e+01 4.090090081070884764e+01 5.091911929537344861e+01 7.093089871115547851e+01 8.779497480042340385e+01 8.795722926367297134e+01 7.642359805884049706e+01 6.814953209794327904e+01 5.994296945433529800e+01 3.998465670070613953e+01 5.994296945433529800e+01 6.709158426711186962e+01 7.534542856338396177e+01 8.008735887073106596e+01 7.185475623613895380e+01 6.912042648585281768e+01 5.578709916834704785e+01 3.775075501675591738e+01 3.965034074534572284e+01 5.853269711629684480e+01 5.012488983374621654e+01 7.001797545438482473e+01 8.423272762020700100e+01 9.419897484440677715e+01
9.635555453094322986e-02 2.009635555453058942e+01 2.296941099810240061e+01 2.264929024491261700e+01 6.585177762507964161e+00 8.105421886680684196e+00 9.657178018216471926e+00 1.122875140884109513e+01 3.117984503472613866e+01 4.179297122675537679e+01 5.008225435367434386e+01 6.302423408673897143e+01 6.103707015827161086e+01 4.428865221911510730e+01 4.126467777220745603e+01 4.794558813212523063e+01 5.950412260266317332e+01 7.951008224700072446e+01 9.873551655916621428e+01 7.879903040071489784e+01 7.813138788676459967e+01 6.322388035626031666e+01 4.326792486829992868e+01 5.479040510851257295e+01 6.890105503331466252e+01 8.882969384628906084e+01 9.370491465456727553e+01 7.385647664674411317e+01 6.188702456697264864e+01 4.200581467916953216e+01 5.765301660121085803e+01 4.595443898216132084e+01 6.579095405609218972e+01 6.160981178485243248e+01 7.825409118366566474e+01 9.207344262725708006e+01 8.025404665277619642e+01
8.845047570523793812e-02 1.535554399078436383e+00 2.986199793242068079e+00 4.451598058250862522e+00 1.865210678829441804e+01 2.259433566314703867e+01 2.842040129753096167e+01 3.117984503468111868e+01 1.428784778965411206e+01 2.181082935935865663e+01 3.593083872065549400e+01 5.594541910617976299e+01 7.258847389405988793e+01 6.430818243885079255e+01 6.128828670710313276e+01 6.795963606094559850e+01 6.210020311190639575e+01 8.210555855433200634e+01 9.290323183653262618e+01 7.295687887955695317e+01 5.884502326386222393e+01 4.992098681995865661e+01 5.737987653018219447e+01 5.141588739337350944e+01 6.552682374468382420e+01 8.547656425086823617e+01 8.788956795813018630e+01 6.804377990354797134e+01 5.401358631450573711e+01 4.511971655039333484e+01 6.498246631615242563e+01 5.298873584554250016e+01 7.275560386829874915e+01 8.150374062614348247e+01 8.973694539611038579e+01 8.363868828370246433e+01 6.312195342187320790e+01
8.023991185656004221e-02 2.008023954339007844e+01 1.711335493482207681e+01 2.442606711450852330e+01 1.417633432470213961e+01 3.291388222958083531e+01 4.885059759668205004e+01 3.651462887559940640e+01 1.655863321615601791e+01 3.651462666570278515e+01 4.179296904603701535e+01 6.180675349666764617e+01 6.478271977732626397e+01 7.307155313365259985e+01 7.138181831515335318e+01 7.967045114392334426e+01 8.210555855433200634e+01 9.039036239793763627e+01 9.031701229148673349e+01 7.036728245601166520e+01 5.884502326386222393e+01 6.987532712441118576e+01 7.733255365173842222e+01 5.895806300635989317e+01 7.137000109586035990e+01 9.131182749949739730e+01 9.256486868346617314e+01 7.418551305704241372e+01 5.448149828283965945e+01 4.910245416267546403e+01 6.314100939331309803e+01 7.275560386829874915e+01 6.550743737623383822e+01 7.937169534073443344e+01 9.876083146945808267e+01 8.470877377248632456e+01 6.419833725758002174e+01
4.598823041778624804e-02 2.004598823041743216e+01 3.710702136673197771e+01 3.478840762878862591e+01 2.902265559629912417e+01 2.803647802717158299e+01 4.669616018188298767e+01 3.883543911297461193e+01 1.887107193472018096e+01 3.883543883407785557e+01 4.603435456156962857e+01 4.957303842096757052e+01 4.477005845600527323e+01 5.723159430092207600e+01 5.137037960360997602e+01 7.138181831515335318e+01 9.122447587937374180e+01 9.275907206795184834e+01 9.856081758472393517e+01 8.705085506629431791e+01 6.882338587457159917e+01 8.705085506629431791e+01 8.716216007034300617e+01 6.893645824229881214e+01 8.716216007034300617e+01 9.822828483933734844e+01 7.876570212488390155e+01 6.500461336473371432e+01 7.318224626766914298e+01 5.334283397370525392e+01 7.318224626766914298e+01 9.120356732497378971e+01 8.470510592836566843e+01 9.308302213335650777e+01 8.472628284599829840e+01 7.634324016382005595e+01 7.866988954596241967e+01
7.340434288523949025e-02 1.421553996661631558e+01 3.421553996661702257e+01 5.067776728036096046e+01 4.363050921999561638e+01 4.628479136864140742e+01 5.480837244991016632e+01 4.372957620792702471e+01 2.399814142725607979e+01 2.262342494001168802e+01 2.603144907532291086e+01 2.955522078468628067e+01 3.320714047975559424e+01 3.721564467761580630e+01 4.877398499068772253e+01 6.292301080202499719e+01 7.641747398641815892e+01 7.274478362725088232e+01 9.275907206795184834e+01 9.701978899044674165e+01 8.877467492685816808e+01 9.701978899044674165e+01 9.713012739120314620e+01 8.888715713697146725e+01 9.713012739120314620e+01 9.943319098836600745e+01 8.063068877790844624e+01 8.127943498529037925e+01 6.144545427609738653e+01 6.479730104598580454e+01 6.737051408496611771e+01 8.721300892403074556e+01 9.388954623260650578e+01 8.553501205743921787e+01 7.634278991522599256e+01 5.594671092261710044e+01 6.192029781143271805e+01
3.515918393995972474e-02 2.003515918393960504e+01 2.902336110933434909e+01 3.453173531402090646e+01 2.022744044544153752e+01 4.541844009657001635e+01 6.052427251664087748e+01 4.918697723065601934e+01 2.950204755727256867e+01 4.260388474128730252e+01 2.892176675862119595e+01 4.893152629940279752e+01 5.322840437626081211e+01 5.723159430092207600e+01 4.452856819255350729e+01 5.007726395838523814e+01 5.640187013756006706e+01 6.795751889289626035e+01 8.797398755904471557e+01 9.631516087018945882e+01 8.802806815447686972e+01 9.353102218214840491e+01 8.926276350097676016e+01 8.094308563401850165e+01 8.926276350097676016e+01 1.028338521621036676e+02 9.943319098836600745e+01 8.755342430355590011e+01 6.771332804226985047e+01 7.881999910790514718e+01 8.721300892403074556e+01 9.543434973547009292e+01 8.205600739387494968e+01 6.507910650287124099e+01 8.085131413550443824e+01 6.165118912337231194e+01 4.155720945103012554e+01
4.608085242692564615e-02 4.262942529760256782e+00 8.669056798349899395e+00 1.398563272737511021e+01 2.097609023233695424e+01 3.236232806926056327e+01 5.224377394108267225e+01 5.513087619592879918e+01 3.544695754636321539e+01 5.513087619592879918e+01 4.893152629940279752e+01 3.578067594028097176e+01 4.993534454310151460e+01 6.994864569071495453e+01 6.453800904692538154e+01 6.422560571665060536e+01 7.641747398641815892e+01 8.470613483522109277e+01 9.626097061499383756e+01 8.477841641851964027e+01 6.805602367071315939e+01 7.351055966239802331e+01 7.351055966239800910e+01 6.081546203423545904e+01 7.185686789620503134e+01 8.581222185092902066e+01 9.583994162487850588e+01 9.457381645310336182e+01 7.471714887096797497e+01 9.457381645310336182e+01 1.068965561500279904e+02 8.774048218864771798e+01 7.346063948400775701e+01 5.344123206899715228e+01 6.298620799183093766e+01 5.925456108808170796e+01 5.106816887856840737e+01
1.610643649003322755e-02 2.001610643648967880e+01 2.902336110933434909e+01 2.533739614381428140e+01 4.080002819614522735e+01 3.497930354437956169e+01 5.485250059327744765e+01 6.213054417643080996e+01 4.233249339616155282e+01 6.213054417643080996e+01 6.408628415033068393e+01 4.473407621195391215e+01 4.579048533970404122e+01 5.734496572117456026e+01 7.735860300309317950e+01 8.424101816940168419e+01 8.339076987092873594e+01 7.513063220381096130e+01 8.339076987092873594e+01 7.582811238685981436e+01 5.647506992748695609e+01 7.176890175617778311e+01 5.341838679538214052e+01 5.069750698604611472e+01 5.769138046711016443e+01 6.747726701688617368e+01 8.749950677425695744e+01 1.027965184048877774e+02 8.617295374844856326e+01 1.027965184048877774e+02 8.986133295872775761e+01 7.930027214480348619e+01 5.890101044431560950e+01 4.713812362008032153e+01 4.262645560573024284e+01 3.895952662946850609e+01 3.552153136958914814e+01
2.022278438842990689e-02 1.416235840811950553e+01 3.416235840812021252e+01 4.542402441567432447e+01 5.371169495498772761e+01 5.485250059327744765e+01 6.312960571681126254e+01 7.048320231208441555e+01 5.363276338961697576e+01 7.048320231208441555e+01 7.303620223664607636e+01 5.628854598209441917e+01 5.734496572117456026e+01 7.409258878397390902e+01 8.564673957819884720e+01 7.997035723993691647e+01 7.170516470880842519e+01 5.511676225616609770e+01 7.339439861306935597e+01 6.754303282130153718e+01 4.739671319068870758e+01 5.746987300599506199e+01 4.321506718366767785e+01 6.346447322889003573e+01 7.748838689557153714e+01 8.581222185092902066e+01 9.583994162487850588e+01 1.142650815590635887e+02 1.060496083213671454e+02 9.584462880486218239e+01 7.544673714184085611e+01 6.103054953242834557e+01 5.456953633194212472e+01 6.752275291075719110e+01 6.298621664555546573e+01 5.328334243265788928e+01 5.577399396829762424e+01
6.642187732006160639e-02 2.006642187731970495e+01 3.585947326129468848e+01 4.480374517129399692e+01 5.635075055508671937e+01 6.068450601729851002e+01 5.919148103424112861e+01 6.747575228170173034e+01 7.373872860700967635e+01 8.210828555697337094e+01 8.459037592979298381e+01 7.630213222440680454e+01 7.735860300309317950e+01 8.564673957819884720e+01 8.583322422467917079e+01 7.170516470880842519e+01 5.162491088766958569e+01 4.496990842172524339e+01 6.512369722998860766e+01 6.204135507519912807e+01 5.746987300595368708e+01 3.710192388023732946e+01 5.746987300599506199e+01 7.176890175617531042e+01 8.731486471682853789e+01 8.113383214316158387e+01 8.940620129827782137e+01 9.938443391420216244e+01 1.087568670187519899e+02 8.834082579547398950e+01 7.392479642675775153e+01 8.142114128803136452e+01 6.635443445961668374e+01 8.341457380014966816e+01 8.215330957402622403e+01 7.296691478510125251e+01 5.950945036750945150e+01
1.591255364720534082e-02 7.575202013831782821e+00 1.651947392383109658e+01 2.806647930762381549e+01 4.806647930762451892e+01 4.068450601729922056e+01 3.919148103424183915e+01 5.333361665797229278e+01 7.333361665797087880e+01 7.349437916516312441e+01 8.177307657336992008e+01 7.283616291598072223e+01 6.455006404158248756e+01 7.283616291598072223e+01 7.757895613110038369e+01 5.754650213158683414e+01 5.750378540621628076e+01 3.725774803910798738e+01 4.956556577268145958e+01 4.184570541384720599e+01 5.023217437303154753e+01 3.365978837019623882e+01 5.401838301972053102e+01 5.904865775101617942e+01 7.046519887045666053e+01 6.117464689736245731e+01 7.116173012630122230e+01 8.525626670192080780e+01 1.052282806727419171e+02 1.027542618445691005e+02 9.432054582478805571e+01 9.518432893327384647e+01 8.674634511635314027e+01 9.021452739961479494e+01 7.836369513169407242e+01 6.448127298326505752e+01 4.398192318667030065e+01
6.189296070378335485e-02 2.006189296070342820e+01 2.827525002784329544e+01 3.274738598284248070e+01 3.759809848356905349e+01 2.654237039356877048e+01 4.068450601729922056e+01 6.068450601729851002e+01 7.022804628572190211e+01 5.349364330365489195e+01 7.022804628572190211e+01 6.282553630051409499e+01 4.452183506108868016e+01 6.282553630051409499e+01 6.799322607869494561e+01 6.122359983287554286e+01 4.107864308580438717e+01 4.847955989684449207e+01 2.944609341875511888e+01 2.771832709004254269e+01 3.002186222927410242e+01 5.023115203103427007e+01 3.999377901708861316e+01 4.473840115740718204e+01 5.041615329239303378e+01 6.461977753310178230e+01 8.457729434088408027e+01 9.419386331363614318e+01 9.419386331363614318e+01 1.025153259545716651e+02 1.133758029753760042e+02 9.304804694542362142e+01 9.232135858355830749e+01 8.177397009458050547e+01 6.118603531589910460e+01 4.930114353738717625e+01 6.448127298326505752e+01
2.247884206357958492e-02 4.104961746702191938e+00 8.275250027843652489e+00 1.274738598284319302e+01 1.759809848356976758e+01 2.914510386736207792e+01 4.914510386736136383e+01 6.478795430854705728e+01 5.650619842668100290e+01 4.194564326862760595e+01 6.194694893153075554e+01 5.453594955133552702e+01 3.441439592493715338e+01 5.453594955133552702e+01 4.798777207278831014e+01 5.165903218482184656e+01 4.845876211738131190e+01 2.845590801264120273e+01 2.452708207221647640e+01 4.436934060329791407e+01 3.899496758923536532e+01 5.841879137869253213e+01 6.027811223934609330e+01 5.645079974456741212e+01 7.046519887045666053e+01 7.873567671690453551e+01 8.834061674687515620e+01 7.416590753917870416e+01 7.416590753917870416e+01 9.419386331363614318e+01 1.074370763877668935e+02 8.708791580101916452e+01 7.256953104976983582e+01 6.330030641688434656e+01 5.547772569312530777e+01 6.988752040805034937e+01 7.836369513169407242e+01
