LEM/with_lateral_4open/elevation_000259.asc
nrows	100
cellsize	150.0
xllcorner	0
ncols	100
yllcorner	0
NODATA_value	-9999
[rows 0 to 16 of 100, columns 37 to 73 of 100]
8.884754177262699226e-02 6.929726548558100274e-02 7.395023591448830758e-02 4.828361932999872264e-02 4.897713358561925356e-02 8.568734790590110117e-02 1.075183056328203948e-02 6.823539046102447547e-02 7.194897206013613211e-02 1.557559815681563986e-02 7.704183385687686514e-02 1.685416958384493638e-02 9.680445094065920353e-02 7.639902522890137937e-02 4.559330980047965332e-02 5.839666421669215124e-02 9.739037529851846120e-02 3.670263267501718690e-02 2.041064012308905357e-02 6.895211126444661387e-02 9.031524355919069713e-02 1.560024811392830661e-02 7.641644294168103979e-02 3.888124420523987601e-02 6.873285589001959517e-02 4.772367030474261584e-02 9.504926490987847254e-02 5.760415539182907330e-02 9.666222459857021221e-02 9.627991409191682948e-02 1.286757495974483190e-02 9.381044340810595905e-02 7.584058927755046864e-02 1.435327048224320848e-02 5.777975670406795827e-02 2.716720951219454838e-02 4.735230246529398453e-03
2.008884754177227094e+01 2.986597095443478178e+00 2.007395023389890198e+01 1.419041924306082336e+01 1.419111278756384209e+01 2.008568734790554444e+01 2.001074071305752256e+01 1.292315143004006295e+01 6.978665159845415245e-01 1.688923162706581138e+01 2.007704183385652286e+01 1.022832981321618462e+01 2.009680445094030432e+01 5.240376820172100381e+00 2.004559330980012533e+01 2.005839666421633538e+01 3.689496415837416610e+00 1.983244178342683384e+01 2.002041064012273353e+01 6.735620241615563941e+00 2.009031524355883391e+01 1.415773883361488039e+01 2.007619972847692225e+01 2.003888124420488381e+01 1.843445874722239530e+00 2.004772367030438573e+01 1.009504926490979138e+01 2.005760415539147345e+01 2.009666222459821583e+01 6.126506805647215614e+00 2.001286757495939028e+01 1.423594606713918154e+01 2.007584058927719539e+01 2.001435327045937740e+01 2.004918327241571063e+01 1.331823355619080607e+00 1.999377063662076637e+01
2.593544444314170505e+01 5.935436218541433107e+00 2.593544443762219487e+01 3.419041924139699518e+01 3.419113634723847639e+01 3.553553020293772136e+01 1.565021574692609896e+01 1.584350930258931811e+00 2.091981887658591788e+01 3.025024696245077394e+01 3.937158784634544162e+01 2.494436563463028378e+01 3.058550022407634472e+01 1.058560165842054168e+01 3.058550022407634472e+01 2.736178447519289847e+01 7.340980132662135560e+00 2.729218302308359512e+01 3.380193291609645456e+01 1.380673023035343761e+01 3.384095687289152465e+01 3.415842909355539803e+01 3.463507677868528845e+01 2.362366721073711773e+01 3.625187487471500880e+00 2.362366721073711773e+01 3.009504926490943433e+01 3.009504926490943433e+01 3.245106212640268950e+01 1.245106212598402884e+01 3.245106212640268240e+01 3.423594606713988497e+01 3.338599569273419121e+01 2.318852137746766573e+01 3.188776737389649618e+00 2.133268600843922869e+01 2.961966061295802888e+01
1.052375089595270907e+01 2.593511503511820138e+01 2.007758000728909664e+01 4.007903584545282172e+01 4.399195291140275543e+01 3.500436730015069031e+01 2.209821631290837374e+01 2.212115750635620604e+00 2.209857931484183524e+01 3.793431210868499903e+01 4.619200785714807012e+01 4.545635907019359223e+01 3.661561542692503934e+01 1.661582854997195113e+01 3.661561542692503934e+01 3.121574422585315389e+01 1.118998193044599176e+01 3.121574422585315389e+01 4.217768545175947281e+01 2.535766493315297510e+01 4.217768545175947281e+01 3.789981621735621076e+01 1.790588951737133172e+01 6.359531193722263609e+00 2.362361446553833844e+01 1.092812424092974233e+01 3.092579863627298309e+01 5.009504926490872379e+01 4.073533357532104304e+01 2.139533403598334260e+01 4.073533357521162657e+01 3.924255119904638889e+01 1.923833520780225470e+01 5.095701915882708377e+00 2.318702751521147576e+01 1.261695472675111063e+01 3.262132931683520098e+01
1.385708422928607142e+01 3.385705342653893268e+01 4.007886469906407001e+01 4.837097658612091067e+01 2.981054629498555286e+01 1.520615610965857378e+01 6.891358878971089119e+00 2.840811722268533401e+00 2.259579455251604685e+01 1.799002162289454887e+01 3.770537119244109192e+01 4.894934879441960618e+01 4.368561419876626672e+01 2.368689636315032132e+01 4.368738432556381213e+01 3.955796132589704683e+01 3.121574422585315389e+01 1.722021283155035221e+01 3.725709000293762330e+01 4.542934917029425179e+01 5.378178310222667591e+01 4.617298126695674654e+01 2.833513230742398648e+01 8.339826274854681643e+00 2.833530911433079424e+01 1.647504346216659243e+01 3.647188463551776749e+01 5.417911822115552667e+01 4.967960591633299572e+01 3.553746965971483718e+01 4.967960591619611677e+01 4.060143437042842152e+01 2.059931220036972022e+01 6.456529550766574310e+00 2.645756372085122621e+01 2.017651628916858897e+01 4.018481852213866290e+01
2.092815204115068894e+01 3.018699231472484712e+01 5.018585316021199816e+01 5.834822241998128334e+01 4.410574179508814296e+01 3.507131305772268348e+01 2.728757896420121298e+01 2.272381117217422641e+01 3.735283038298879976e+00 1.825064779780112190e+01 2.058212432573986916e+01 4.044590868984824539e+01 5.197354431694300558e+01 3.523390876153882090e+01 5.197354431694300558e+01 4.885043177683127169e+01 2.877017479493677854e+01 3.725709000293762330e+01 2.506510979270816364e+01 3.922602950394604449e+01 5.936764573514221155e+01 4.320051407025570711e+01 2.761204308303765842e+01 1.034990188742413686e+01 3.034383063178661288e+01 3.061540722762712718e+01 2.590235751024036048e+01 4.004150666240071388e+01 6.003631474278612501e+01 5.553746967208956420e+01 5.016552813948526079e+01 4.189076884788060084e+01 2.783181429548291419e+01 7.830135190267673018e+00 2.783181421355408247e+01 4.017996583838438340e+01 3.432316588504487953e+01
2.848744150120147012e+01 4.848691249099150724e+01 5.846105169527031364e+01 6.417879119014239109e+01 4.437922917722698202e+01 3.590951490731155360e+01 1.607472830565783184e+01 1.077666737289123589e+01 2.346522610824319699e+01 4.640337399026124743e+00 2.457508270454938426e+01 3.662339172935686804e+01 5.657616363726070574e+01 5.523504669629293318e+01 6.352218454620206955e+01 5.722923058457596568e+01 4.033402149721040075e+01 5.147742945671189574e+01 3.139046105822111699e+01 5.147742945671189574e+01 5.364020001264204041e+01 3.806761457715463592e+01 1.326642997112011813e+01 2.073448566655686776e+01 3.447986074062355755e+01 5.061067182126450348e+01 4.589785036062201584e+01 4.004150666240071388e+01 6.003631474278612501e+01 5.602508426086249926e+01 3.603760002182258404e+01 2.189456684033932277e+01 2.905388383377002981e+01 9.213564118046340568e+00 2.075525018345853212e+01 4.055809639972584080e+01 5.433613410005467870e+01
4.848609558328457325e+01 4.262956437019740719e+01 6.262808621011065213e+01 6.401491161986618295e+01 4.437922917739943074e+01 2.451598853013909718e+01 3.590589317156352678e+01 3.059137618454045437e+01 2.513889066144301765e+01 5.282030841191685866e+00 1.674869763361751041e+01 3.206656708093888852e+01 4.030515852377404684e+01 5.376703461086658109e+01 6.206829085568880799e+01 6.888520067438476246e+01 6.048406456784433516e+01 5.986287403241069427e+01 4.034194131572434827e+01 5.986287403241069427e+01 4.531431923440949561e+01 2.529307530187434594e+01 1.535938153416666374e+01 3.377163340846402662e+01 4.239054044712931812e+01 5.429704413031348054e+01 6.263144462976513438e+01 6.003631474278612501e+01 6.831672977991036078e+01 6.187303551048542261e+01 4.189179861657810733e+01 3.120675802880348471e+01 1.120363849934679124e+01 2.921440055586866080e+01 3.735495778800662947e+01 4.864834762685507741e+01 6.316802669115293156e+01
5.037479108384706450e+01 6.262808620697641970e+01 7.090165503449385653e+01 5.583965916073987046e+01 3.598961215080932163e+01 4.437922917739943074e+01 4.523009452166920852e+01 3.490608876161876140e+01 2.578864955492808164e+01 5.935184792428148448e+00 6.357974871135127160e+00 1.184279611355055728e+01 3.206656708093889563e+01 3.384084126024669104e+01 5.176635833861913483e+01 6.007453938100495350e+01 6.903558173188400815e+01 6.889082316044543575e+01 5.455300059326412310e+01 6.889082316044543575e+01 5.364020001264204041e+01 4.357741228880847473e+01 3.428250708059297835e+01 1.844035100654343395e+01 3.837964127748480081e+01 3.425889541474289501e+01 4.845318179685927618e+01 6.852440627241057314e+01 7.019425841653394116e+01 6.190291240691735197e+01 4.679386887024200803e+01 2.678719071560768228e+01 1.264327000270748336e+01 3.264700960186682721e+01 2.694257360653287137e+01 3.510325165846474249e+01 4.506987350538830839e+01
6.532982477205867156e+01 7.864907044711357287e+01 7.557025736103106794e+01 5.583965916230559401e+01 5.583965916280024544e+01 4.423914460218257005e+01 2.620175292101810527e+01 2.654870618248702741e+01 6.860042731613527067e+00 1.477895167996215164e+01 2.841741383304183799e+01 3.206656615459166915e+01 1.791985700278459248e+01 3.749736586876532840e+01 3.177945257155512593e+01 4.069827769358199276e+01 5.225310733758059456e+01 7.228746610189317323e+01 7.481030813422974290e+01 8.171625255122886244e+01 6.759384784651331302e+01 5.733040938188064217e+01 4.660996041453618943e+01 3.841722569758023553e+01 2.160250553790468331e+01 3.575626076538583220e+01 5.579531653254109358e+01 6.977370194060014796e+01 6.150996996416348139e+01 4.188264919947874176e+01 4.489274597926204535e+01 3.410358258480241744e+01 1.409805594303378484e+01 1.909807624398473891e+01 3.904710681722480814e+01 3.847139104415552424e+01 5.831379053949796543e+01
6.866001205837567056e+01 6.021901588210313605e+01 5.799296706587035999e+01 5.549661779215928448e+01 4.705976501531731060e+01 3.561642832552165316e+01 1.972033348457380697e+01 7.787898180490559596e+00 2.671027358278869812e+01 3.413705658961047362e+01 3.060633295345856553e+01 4.577089762638763659e+01 3.749736586886017875e+01 2.411474695454256434e+01 4.392684891409362535e+01 4.440569202886108968e+01 6.443229275802522693e+01 8.061377638821828384e+01 8.531960141749100046e+01 6.535491891766538686e+01 5.347144314179768543e+01 3.927452922658019219e+01 2.919959202520690056e+01 2.502482294090750869e+01 4.162523009964907317e+01 4.162534787347217247e+01 6.164412207635407270e+01 6.150996996416365192e+01 4.149696584055500637e+01 4.555566863028932545e+01 2.554307858905003670e+01 1.659805609851119002e+01 1.714802798103330161e+01 3.713694116527727118e+01 4.727850859420119178e+01 5.831376313520445365e+01 5.468212263510182680e+01
5.728785598702475568e+01 3.986297701700079443e+01 3.763594645549338225e+01 3.935849797383802695e+01 2.701545161345163137e+01 2.858969015420206361e+01 8.721411667666254530e+00 2.752052132279105834e+01 2.757228033099286790e+01 4.717192868256316984e+01 5.018529668855078540e+01 5.857661282220152543e+01 5.222689437789649247e+01 3.807466829791122365e+01 5.222689452882664796e+01 6.443229275802522693e+01 6.443229275802522693e+01 8.449635702096396983e+01 7.948775843405405794e+01 5.950090511513484870e+01 4.532662071385349378e+01 3.632911754792567649e+01 4.930257317629021685e+01 4.509494299452477861e+01 2.939528265673799012e+01 4.361413438976629209e+01 6.361062582959051781e+01 6.172352098284394373e+01 4.735863903644561645e+01 2.734581029662319551e+01 1.918004615636827381e+01 3.660542491732767445e+01 3.715474734478885210e+01 2.162019507354918701e+01 3.576712911670309580e+01 5.578020234532571209e+01 7.447292579384473754e+01
3.758414133746748576e+01 2.851149948082518293e+01 2.331023940579041565e+01 2.050166345855531347e+01 1.608830104364076874e+01 1.274225252186909607e+01 9.383039775340987987e+00 2.918162968246672051e+01 3.274235421197635532e+01 3.513864615850951623e+01 3.513864615959716531e+01 5.561031354108219205e+01 5.861078089094366561e+01 5.822397260223976900e+01 5.729355912886421009e+01 6.355728250333442020e+01 7.086017099990552026e+01 7.910336232876937856e+01 8.122997189790331163e+01 6.124838773158958105e+01 4.707762835653814193e+01 5.053630053292580726e+01 6.466556978955114232e+01 5.267854183913785704e+01 3.262356866110609843e+01 4.423502763677168304e+01 6.421259673678488866e+01 5.343604046913955585e+01 3.341538760756490234e+01 2.186467635922128494e+01 3.918967272530236556e+01 4.747809265408844226e+01 4.491846380943233186e+01 2.490824293172410719e+01 3.905654164916443705e+01 5.907039598336322683e+01 7.314082318112720316e+01
3.936517304153948515e+01 4.884967376793034077e+01 4.314320854611668210e+01 1.727386888688085165e+01 3.553626738540506125e+01 3.172435776815851582e+01 2.686387092007561250e+01 1.033866162188355453e+01 1.266731589661406332e+01 1.501310246188889153e+01 3.513864615928492441e+01 4.130945643831543634e+01 3.796486533486062598e+01 4.915763061809951751e+01 3.654520031459173168e+01 4.278286228127272040e+01 5.020448308772494528e+01 6.228987027476111393e+01 8.256741950852493517e+01 7.535244654594025349e+01 5.865210588733381769e+01 7.054936589857000229e+01 6.998949128827183586e+01 5.610700618095364689e+01 3.608869814746039850e+01 5.610700618095364689e+01 7.244966996544626170e+01 5.797209064192166750e+01 3.794792428072835122e+01 2.379815888141694913e+01 4.381286682031435475e+01 6.255445830570501897e+01 4.254004403036140047e+01 2.838999046661887249e+01 4.840213025013670745e+01 6.223546128041186876e+01 7.378565373916065084e+01
5.974102449903936218e+01 6.817813013063067729e+01 5.876817511942557104e+01 5.005846944388790121e+01 4.715816851117304509e+01 3.077958161568218998e+01 1.993429217311415869e+01 1.104454353196333116e+01 3.129177418292913515e+01 3.513851990787954094e+01 1.845840058127402727e+01 2.099235978034471728e+01 2.360000328640782641e+01 2.857276870981136341e+01 4.915763061816952728e+01 6.355728249574498534e+01 7.086017099940882247e+01 7.910336232876937856e+01 9.070295600490298682e+01 8.687397730650974381e+01 7.864206857232115055e+01 7.584008797263986423e+01 5.592213937780154964e+01 4.178386319794990555e+01 4.612179810216698428e+01 5.610700618095365400e+01 7.602973832443987590e+01 6.429169754719772811e+01 4.578614198336621399e+01 2.576883810252841656e+01 3.732157127893182036e+01 5.734896059780223254e+01 4.840213025013597559e+01 4.840213025013670745e+01 3.393813677936601181e+01 4.549357578428380577e+01 6.550962172955652818e+01
7.075923117832229536e+01 7.075923117832229536e+01 6.660202476628212764e+01 5.832290712090997431e+01 5.450950510702498519e+01 4.449905984267904557e+01 3.142521231706315632e+01 1.175251285897782161e+01 3.157687619143830204e+01 4.714339291017741118e+01 3.000394949275015577e+01 4.130945643831543634e+01 4.401304170889810763e+01 2.822043234875907913e+01 4.003707921532605951e+01 5.475779451379046492e+01 7.526144206880120180e+01 8.848238716698524797e+01 8.904029709870364684e+01 9.716454721773456527e+01 9.166431000046557642e+01 7.177958477601706022e+01 5.769332412427583279e+01 4.616294782065769908e+01 6.589497243927871750e+01 6.555891878919064197e+01 7.020031264777946944e+01 5.011996898282986024e+01 3.595701424796290979e+01 2.778918634301776081e+01 4.780947941405474211e+01 6.563786841829370644e+01 6.841119638129556790e+01 6.223546128041186876e+01 4.809141743299156246e+01 4.060824592364545538e+01 5.216706047978250638e+01
5.078934884011766115e+01 5.078934884011766115e+01 5.153063606298692179e+01 3.853746941953896510e+01 4.272839902460148664e+01 3.873916042933116444e+01 3.227233112542636917e+01 1.246108100469449553e+01 3.227159062030542458e+01 4.828547675618322899e+01 5.054757585254137808e+01 5.897773326439720165e+01 5.239870525580032279e+01 3.170819230775711617e+01 5.239871533315187691e+01 6.295199549775262682e+01 6.831700549409164580e+01 6.831700549409164580e+01 6.894019001123723456e+01 8.904029709870364684e+01 8.823655739641584717e+01 6.834427640553209926e+01 5.683993308454252968e+01 5.248741449253162727e+01 7.240781783988418852e+01 8.381766957616332547e+01 7.603171431705717964e+01 5.598922485503863555e+01 4.992126558307632678e+01 2.989746019214691941e+01 4.992126558310651063e+01 6.243615862122119609e+01 8.000032650237612586e+01 7.637950545007035430e+01 6.597599387595816722e+01 4.595779566245584391e+01 6.597599387598413045e+01
