LEM/with_lateral_4open/elevation_000431.asc
nrows	100
cellsize	150.0
xllcorner	0
ncols	100
yllcorner	0
NODATA_value	-9999
[rows 17 to 33 of 100, columns 37 to 73 of 100]
5.763270008932839517e+01 5.100869984371026788e+01 4.243360640975841847e+01 2.405289851694895020e+01 3.038284306541426361e+01 1.409019615615223842e+01 3.311432343554437097e+01 2.723393342441996978e+01 4.731998665531300929e+01 4.521181555589112833e+01 2.686437134622827472e+01 3.908266052456730932e+01 2.250824086470217367e+01 4.260531152984613357e+01 4.627274241112294817e+01 4.260095878934262004e+01 5.266845535706861625e+01 6.682285408931480220e+01 8.674137522306705250e+01 9.120936861475821900e+01 8.756148336828223933e+01 9.583900414278190283e+01 8.616523545714090915e+01 6.625380807426043361e+01 5.470681343602475266e+01 4.573155557128586679e+01 6.137535588817132037e+01 5.276498103500004788e+01 5.594845154812302468e+01 5.333367738902779820e+01 3.459359902824918009e+01 4.902227405247523961e+01 6.904960636910745109e+01 7.161842415561379482e+01 5.165726598286749294e+01 3.722526136543709896e+01 4.347845523923569999e+01
5.624380360483267083e+01 4.341593278597397187e+01 2.375065505915418740e+01 2.082796796051788135e+01 3.489882853109656224e+01 1.481842243846742946e+01 3.489828725092556283e+01 4.731938127938604310e+01 5.560144808187249055e+01 5.524636778604202902e+01 4.108195495751514414e+01 5.090146772305183021e+01 4.260531150871709372e+01 2.616925730290228458e+01 3.252267976298692531e+01 5.263180669848430426e+01 7.092380520866548466e+01 6.978329381911687790e+01 7.673496533039802614e+01 8.484551890901552440e+01 9.461991736212414139e+01 1.007899028817354008e+02 8.935203458857154146e+01 7.303240090705543253e+01 5.306471839051136641e+01 5.023079805105339091e+01 7.021056860155526635e+01 7.274760736671215966e+01 7.169753427608270613e+01 5.170611697406082641e+01 3.737831652909593316e+01 5.170611697406084772e+01 7.169753427728302597e+01 6.481873787970606315e+01 4.478582907904171861e+01 4.455097413704040576e+01 6.350546472255826558e+01
4.201374202890988840e+01 2.806987615861737950e+01 4.341593278597397187e+01 3.808312277024589321e+01 1.771531103246854499e+01 1.554867099493066362e+01 3.565651306611231064e+01 4.263033373774042190e+01 4.338948881034310290e+01 6.371559707913255011e+01 6.114104409309569377e+01 6.046276801924786781e+01 4.039504137691984198e+01 4.627274240000019745e+01 3.054905654937391901e+01 5.065527068710873237e+01 6.092971853446805142e+01 4.998609763872998712e+01 5.707266906556514385e+01 6.697374364927449619e+01 8.649618701152148503e+01 9.264510647598598325e+01 7.277296181832571165e+01 6.123425377749195064e+01 7.303240090705543253e+01 5.495273641556475752e+01 7.491536500725359815e+01 8.337505471043688487e+01 6.345455741026368202e+01 4.929649632626729527e+01 4.025306138645254350e+01 5.190370312360428073e+01 7.188349251283997887e+01 7.034385642408264516e+01 5.042275820931583041e+01 5.358490009432640022e+01 6.458296212151445559e+01
3.282464546605852007e+01 4.790847074569092712e+01 5.624367260686394587e+01 4.942563202400071276e+01 3.821165847604039101e+01 2.133827900960367430e+01 1.666109940397188183e+01 2.463266888084717721e+01 4.324521464565351891e+01 4.805131094944707826e+01 6.847203108055462906e+01 6.873003617390173758e+01 6.046276802544487339e+01 5.694398522464332757e+01 3.791527900873494872e+01 3.557997681556402370e+01 4.097369668805355047e+01 5.515363898871591886e+01 7.487440811116847783e+01 8.484551890901552440e+01 9.461991736212414139e+01 9.373432985010447283e+01 7.387141332030658702e+01 7.535792583837071845e+01 7.990271732138630512e+01 5.995330806485532094e+01 7.990271732138630512e+01 8.917385915907580340e+01 6.928913593725442865e+01 6.340314521882810794e+01 4.337023946121758655e+01 6.340314521882810794e+01 8.009771781666439949e+01 7.633713334004460194e+01 5.645968254510056283e+01 7.348058120669939797e+01 6.984417238805508532e+01
4.692170989219616928e+01 6.117937256882942876e+01 6.451311274275005303e+01 4.451353201453152053e+01 3.032100682671282144e+01 4.140274335729979782e+01 3.676975052252070242e+01 1.778330880458875995e+01 2.783933813522417822e+01 4.801253984035216149e+01 5.828885813217287648e+01 6.670688517684030217e+01 7.741945803817546334e+01 6.655990123163857675e+01 4.712052907143669955e+01 5.568036864404427178e+01 4.271250552271824574e+01 4.907838325915107447e+01 5.897948240572232237e+01 7.018285078983264214e+01 8.969020159420021798e+01 1.018761202780802506e+02 8.795186199021864581e+01 9.520813812287894962e+01 8.543064185397784627e+01 6.549942650482388729e+01 8.543064185397784627e+01 9.049118443704567483e+01 7.233480767164010672e+01 5.236300336584114490e+01 4.741002516820410762e+01 5.606863563397096328e+01 7.602407019915803232e+01 8.453181709559450496e+01 7.633713334004460194e+01 6.709093907664426126e+01 8.695482925844439137e+01
6.710960546229244983e+01 7.344774222900859684e+01 5.348878572106076490e+01 4.191377028304793129e+01 5.037127160537036730e+01 3.922984615729778568e+01 1.892688880584196909e+01 3.751080187074521888e+01 2.538281985719333989e+01 3.119237351239691236e+01 3.792646346435386562e+01 4.813202853629671552e+01 6.897192640085253856e+01 7.568219619106747587e+01 5.879243579490997007e+01 7.134715700171740593e+01 5.273806635019582956e+01 6.868869655774223304e+01 6.299738103258680866e+01 8.247947717483232566e+01 9.796086674354515367e+01 1.068133601843834413e+02 1.076944421814274193e+02 9.798484161068157050e+01 7.813490889472392098e+01 7.549466785097500576e+01 9.362706765859259406e+01 8.230052511635426526e+01 6.236909023419968179e+01 7.147797052944891050e+01 5.150705852818249042e+01 7.147797056737351795e+01 7.237819901274173162e+01 9.224633664662646026e+01 9.512933441287866287e+01 7.857809975111761958e+01 9.512933441287866287e+01
7.889646845613088999e+01 8.168649454725941439e+01 7.017481981137575531e+01 6.192443329170406940e+01 5.534685686673005023e+01 3.986246700918853492e+01 1.973814252140900649e+01 3.983881946289942277e+01 4.552928509377159827e+01 4.556455039855466538e+01 5.828885813217287648e+01 6.670688517684030217e+01 7.733206132495270424e+01 8.722260775152679457e+01 7.912123294795848949e+01 8.152484302717202524e+01 7.289440385768966735e+01 8.152484698051627277e+01 8.247947717483232566e+01 9.069851869224257257e+01 1.010153183088395679e+02 8.696021121166516821e+01 1.010153183088395679e+02 1.061604873781171534e+02 9.220375679482971520e+01 8.958010435466397325e+01 1.035440064100533561e+02 9.049118106720320043e+01 7.236173510905017281e+01 7.583333413145615509e+01 5.587455045231175887e+01 7.000644109465876852e+01 8.990069877954353217e+01 1.004182466625133401e+02 1.065479972521070806e+02 9.839765456608338923e+01 9.279644258675641311e+01
8.647883117296765931e+01 7.823716613100923212e+01 7.081286946018911976e+01 5.117121174555934715e+01 3.748125492387021751e+01 2.763892794382722684e+01 2.055231282255040171e+01 4.067668128162919317e+01 5.014418328886270615e+01 6.434099611052366186e+01 7.449533961537592575e+01 7.529961505469387362e+01 7.302811634615980552e+01 8.101805509003644090e+01 9.199419861256517095e+01 8.736799893108292281e+01 7.913166953463847619e+01 8.736799893108292281e+01 9.754745189083671164e+01 1.033747035195066815e+02 9.277506391786752715e+01 7.293051092811388969e+01 9.277506391786752715e+01 1.027090900924091272e+02 1.119416149783401409e+02 1.093364904047016353e+02 1.083690039211816014e+02 8.861424984354727030e+01 8.397091398251062344e+01 6.403799593066632667e+01 7.583333426388888654e+01 7.000644109465876852e+01 8.990069877954353217e+01 1.057965119136570991e+02 9.752841206672519547e+01 9.752841206672519547e+01 8.453914451276729380e+01
7.240982798779479879e+01 5.826331541760408328e+01 6.560459308697640779e+01 6.511726160647091888e+01 5.534552309717697227e+01 4.720261568613116054e+01 4.067668127568730796e+01 2.171532633174031446e+01 3.594703065955805954e+01 5.130924942106874909e+01 6.986945173722867253e+01 5.636196904743761849e+01 5.387262667768273872e+01 6.510824763881507238e+01 8.427836928001963201e+01 7.741629839227661591e+01 5.922033918977157185e+01 7.741629839227661591e+01 7.768546238274326754e+01 8.350290442180774164e+01 8.450070844970356632e+01 6.539487162768625694e+01 7.460073075758246830e+01 9.446563183227711136e+01 9.948032309900615644e+01 1.016551681069752391e+02 1.099047641601008820e+02 1.083690039211816014e+02 9.215783258014464252e+01 7.297892477291537716e+01 7.815948880976687008e+01 8.990069877954353217e+01 9.807422880648583430e+01 9.752841206672519547e+01 7.743495231468425288e+01 7.743495231468425288e+01 8.669078320875618715e+01
7.874661532365887240e+01 6.560459375982475194e+01 4.550773249129899511e+01 5.555610159168147533e+01 4.947424720950466082e+01 4.799022907717080955e+01 4.651823015530811034e+01 4.183839645977913335e+01 2.288373964464052079e+01 4.300486927140230620e+01 5.261843115702336604e+01 4.242534544915182693e+01 5.332492632364997576e+01 6.150277580744639039e+01 7.219595291646557200e+01 6.917600436220496363e+01 4.921914464257101685e+01 6.917600435406006909e+01 6.360711714641799119e+01 7.091970371428151054e+01 6.460658786249109653e+01 5.832779185630646168e+01 7.824600802352833284e+01 8.014210436885979050e+01 7.964325037172294230e+01 8.181212891915976115e+01 1.007029745449577121e+02 1.106297468665266877e+02 1.010276036370844821e+02 8.449958725270418824e+01 9.222355957362464096e+01 1.061561763505223865e+02 1.075720175412445343e+02 8.748480659220581401e+01 7.327216637306156599e+01 6.324170326850805424e+01 7.512318235826775492e+01
5.877954941212367146e+01 6.462776761701439909e+01 5.555616319277633153e+01 3.538732876227153668e+01 2.933441123064402589e+01 2.786094264321314284e+01 2.639562525553812122e+01 2.493812451485001702e+01 4.299745204428297995e+01 2.431000673170250082e+01 4.437257788054630225e+01 4.690845001678999182e+01 3.342899099798486162e+01 4.420767488178120885e+01 6.403058476656933351e+01 6.252371778740882036e+01 4.252571864806544966e+01 5.874779756750159976e+01 6.104252877945305045e+01 5.097347771748659540e+01 5.048538735219994322e+01 6.933114100108815592e+01 7.310163713608426406e+01 6.022865591143633424e+01 6.558036667151864663e+01 7.263297107022583532e+01 8.255259477102114829e+01 1.023776388924497809e+02 1.124302482343789507e+02 1.042891013411627767e+02 1.119487546499925941e+02 1.156321705609838375e+02 1.072977901054162828e+02 1.016481613495746643e+02 9.161573211417083940e+01 7.512318236444951935e+01 5.505961679113451623e+01
5.847572545245481024e+01 4.451024410333993586e+01 5.166198317045071775e+01 3.149936686607606617e+01 4.947502458094977129e+01 4.797585240461916811e+01 4.651756078750170786e+01 4.505838365661781353e+01 3.065571075120475086e+01 4.442912334296117649e+01 2.577880212741846577e+01 2.682537265357781209e+01 2.787394042456661580e+01 4.800062959659305761e+01 5.146424019631034241e+01 5.352187630619461345e+01 3.644538853796475308e+01 3.871644348629833843e+01 4.103752607918637096e+01 4.340306274305751799e+01 4.636623946749562464e+01 4.937896828331788157e+01 5.315004690497369921e+01 5.948162443667830956e+01 7.940055655330186823e+01 9.246511683170869844e+01 1.007029745449577121e+02 1.106297468665266877e+02 1.095669802340644736e+02 1.012099646363511170e+02 1.095669802340644736e+02 1.072977901054162828e+02 8.710138855064057850e+01 9.301677761046791204e+01 9.650235938203358899e+01 8.342485551815200040e+01 6.924047615719904059e+01
3.828308812218062940e+01 3.622059834324996075e+01 3.424938724328815454e+01 3.404081189066720015e+01 4.572978553731573470e+01 6.579075787821732035e+01 5.751393955482160436e+01 3.736814994998655237e+01 5.062539789153375835e+01 5.424505916759271429e+01 3.477177259120968955e+01 4.696293333110890700e+01 4.718914717406645565e+01 2.939249380633573239e+01 3.141731101799935644e+01 3.346652924802886986e+01 5.352187630625594750e+01 5.874779759152779235e+01 6.104252877945204148e+01 5.495733629333741277e+01 6.632323778940805425e+01 6.933114100108815592e+01 5.721889364103898856e+01 7.714796633287609495e+01 6.947262387567646158e+01 8.351648465121297704e+01 1.033599095118480733e+02 1.095669802340644736e+02 9.947245216943117896e+01 8.101534324454412683e+01 9.416182881009437722e+01 1.025203033232398013e+02 9.301677761046791204e+01 7.287316358639476732e+01 7.634586144970478472e+01 8.790759978524776841e+01 8.932529147339884901e+01
5.847572545245481024e+01 5.641482303494452566e+01 5.443461638650487089e+01 3.668348430144133943e+01 5.686274383486795614e+01 7.395237470626844356e+01 6.254805764743231578e+01 4.242388407802909001e+01 6.253686271362796845e+01 6.419966087299003732e+01 4.940492753980372242e+01 6.189104740978586250e+01 5.327285146437198193e+01 3.111494577846401555e+01 3.203555524733252469e+01 5.188032496211956612e+01 6.178088954149679068e+01 7.051710914059269442e+01 7.871284352659881733e+01 7.488732088925237917e+01 8.312521144483288538e+01 8.314561995031992581e+01 6.325365327596171738e+01 8.314561995031992581e+01 8.932848923092728910e+01 8.351648465121297704e+01 1.033599095118480733e+02 1.012099646363511170e+02 8.101534324454412683e+01 7.097695962834052352e+01 7.400930720601591872e+01 8.724957092578787865e+01 9.560537105954048798e+01 8.224956300911125595e+01 6.215344326137764597e+01 6.778751126815994610e+01 8.202108812318563480e+01
6.943717743920518615e+01 7.202838296388780748e+01 5.957425426593298567e+01 3.939048417722003137e+01 5.110445312387834349e+01 7.114421778539326624e+01 7.081433937695786085e+01 5.408906845108171524e+01 5.195981606344007275e+01 7.199071303561493096e+01 7.146529715839102437e+01 7.259228391261497393e+01 5.333039317627795128e+01 3.285145724451643190e+01 5.183800483355631172e+01 3.472291556897778975e+01 5.454226289859436605e+01 5.083677340545725798e+01 6.733364208059833800e+01 7.332377306320796606e+01 8.153067982205557485e+01 9.137822844722617788e+01 7.733305531680883860e+01 7.585230587408882741e+01 8.987816591082291495e+01 1.033599095118480733e+02 1.116123368202531196e+02 1.095669802340644736e+02 9.947245216943117896e+01 8.252676503712986289e+01 6.243184048907937012e+01 6.713126707181454833e+01 8.398086673452633022e+01 8.119555793467657168e+01 7.368054875674121718e+01 5.359657680500876609e+01 6.518125779777501805e+01
7.443248422752310489e+01 6.377242357727041622e+01 4.363871085374695014e+01 4.954645863482449641e+01 6.784255353848386960e+01 7.939013383705479043e+01 8.235306947782812870e+01 7.410325177998544177e+01 5.957505162213881533e+01 7.953478201493403787e+01 7.876787857331501641e+01 5.838171790191566402e+01 4.378308897006670719e+01 5.311359275616652553e+01 3.541941517000927320e+01 5.454226243700949084e+01 3.745984384304176729e+01 3.941793664127666830e+01 5.915484182875208319e+01 5.363467671006077353e+01 6.753287306641351506e+01 8.730424237438731438e+01 9.717839235331909720e+01 9.569565741774368917e+01 1.039389636622448165e+02 1.179997614136667607e+02 1.154557428194351161e+02 1.037945549597463639e+02 9.543635291432731549e+01 9.088073789896137100e+01 7.563426278005765369e+01 5.555048990963882716e+01 6.971188159197377843e+01 6.108891397668539014e+01 6.433966248025430446e+01 4.898352787659570851e+01 6.907276496417854617e+01
8.018266534265580958e+01 6.683563842592214144e+01 4.674879536915155143e+01 6.683563842592214144e+01 6.594669573095070803e+01 8.004424461850567241e+01 9.992270466064591972e+01 8.777957770117312464e+01 7.112317925310739497e+01 8.777957770117312464e+01 8.465813289611855907e+01 6.435256960712879959e+01 6.434499916905311068e+01 5.777083105631141535e+01 3.725232178670287908e+01 5.381596970638893396e+01 5.629551435409488391e+01 5.915484184372542131e+01 4.227677675845259841e+01 6.195626798410901159e+01 8.153067982205557485e+01 9.396649440396966213e+01 1.021954891507930512e+02 1.027395120476809183e+02 1.027395120476809183e+02 1.109779278425591968e+02 1.071084527980003287e+02 8.689178276845996152e+01 7.527767615339149643e+01 8.379773545989435490e+01 7.350739181234297348e+01 5.342398087119821071e+01 4.962229676453708294e+01 4.688483839769953931e+01 4.424628265100390223e+01 4.459657529092743999e+01 5.619568340810359786e+01
