LEM/with_lateral_4open/elevation_000655.asc
nrows	100
cellsize	150.0
xllcorner	0
ncols	100
yllcorner	0
NODATA_value	-9999
[rows 68 to 84 of 100, columns 37 to 73 of 100]
9.243558944908529895e+01 7.586488044804481490e+01 8.829197823222385466e+01 8.167492440309857216e+01 6.188337282641369086e+01 4.780299386740545486e+01 6.768018856275311634e+01 8.101308917118126374e+01 8.010669398530841079e+01 6.619318498541026941e+01 7.833226148384284215e+01 6.153677620937305903e+01 4.149153337870275493e+01 3.653184256013884124e+01 3.953409555545808018e+01 4.338116815639246227e+01 4.738078394158129214e+01 6.745835067161137033e+01 6.791493305672635472e+01 8.806800958218104824e+01 1.020837347070035861e+02 8.197659332289076417e+01 7.574564013611605162e+01 5.574531327670623426e+01 7.574564013611605162e+01 7.140647161503123641e+01 7.140647161504872997e+01 9.146852780541026107e+01 9.516914993649815813e+01 8.366087607531244430e+01 6.437831751326133656e+01 8.366087239844290480e+01 8.781124457190324506e+01 7.308611637119624049e+01 5.306850749060078698e+01 7.308611637119624049e+01 8.838675054854414270e+01
7.586488072046950037e+01 6.444930038459301613e+01 6.854181343018022687e+01 7.070796746510308139e+01 6.478074093440977776e+01 4.488591570735930958e+01 6.076129859145987666e+01 6.897762639461274148e+01 7.023990772788663151e+01 5.214683644866141066e+01 6.626243584391983177e+01 6.983834960481823373e+01 5.422394279987756249e+01 3.419818350299835430e+01 5.422394280931602850e+01 6.344283510547043647e+01 6.745835067161137033e+01 7.579757748203140011e+01 8.806800958218104824e+01 9.640441748786609821e+01 9.354769969334539326e+01 8.197659332289074996e+01 6.195527394791206888e+01 5.197215828171568575e+01 7.196593363538043775e+01 5.727558000416606632e+01 7.488459775891007553e+01 8.066242750869520250e+01 8.899820873241557706e+01 9.257858700968552057e+01 7.850811741817176426e+01 9.257858659793781442e+01 8.249667027940509456e+01 6.253387082975689992e+01 7.308611637119624049e+01 6.017837139387765433e+01 7.017166177521043835e+01
7.149200429119073874e+01 6.263263050881952410e+01 5.450118782475792045e+01 5.085225298005717320e+01 4.742297507934837597e+01 4.408980745394372747e+01 4.084585432242791114e+01 5.779244736276167771e+01 5.572578856871281516e+01 4.216622757551430567e+01 4.639329767128654680e+01 5.105897781136383173e+01 5.238816516689070113e+01 3.237641302097095064e+01 4.650847222935112057e+01 6.658299959928822886e+01 7.499414594889459806e+01 8.329124120402845222e+01 9.485066614844656385e+01 9.941862325199680583e+01 7.931936526322428449e+01 6.516580130671474080e+01 6.853702945059340834e+01 4.854658920034496106e+01 6.382523749723986128e+01 4.972844742941809670e+01 5.488452955516713416e+01 6.064743791768780312e+01 7.478220220290646125e+01 9.485854739015843506e+01 9.842810564201047896e+01 9.510285291975094424e+01 7.517072804796701746e+01 7.666018755359594650e+01 8.645636782730954906e+01 6.649995668066448218e+01 8.645636782730954906e+01
8.316508075869478489e+01 6.340453951456646564e+01 6.597869700530117143e+01 6.491656762965371286e+01 6.730274052392408635e+01 6.398944628316273509e+01 5.779244736276167771e+01 3.786615479099605608e+01 3.579583939056559672e+01 3.401364614757659410e+01 3.229094244532949887e+01 3.059952815730228437e+01 4.819097477988250944e+01 3.059102085736825671e+01 5.058374788844938053e+01 6.342928089064329811e+01 5.496321208532538094e+01 6.653597331462253806e+01 8.654822463690460665e+01 9.146238144357268141e+01 8.520630118169077605e+01 6.516580130644274504e+01 5.103655756489072104e+01 6.034562850760175223e+01 4.383640606247808336e+01 6.382523749730421514e+01 7.488459775891007553e+01 8.066242759291647246e+01 7.218259898709675326e+01 8.374152869684773748e+01 1.038635341576108999e+02 1.033268477540001413e+02 8.927909098475086580e+01 9.658718603261007729e+01 8.280302610779078520e+01 7.803425978490714954e+01 9.469030379402258291e+01
7.482476778746870139e+01 7.738193826837428446e+01 7.994660076832153095e+01 8.468964349297034744e+01 8.621896905040557613e+01 7.478326209658283119e+01 6.095448318010930677e+01 4.104321815635726978e+01 5.572616566825734452e+01 5.394422822675827689e+01 5.207040835176528049e+01 4.665686521211514304e+01 2.823073117852700875e+01 4.790059944456597663e+01 3.786200176853656529e+01 4.340276474087028191e+01 5.756351774424561540e+01 7.759048583234502416e+01 8.560181686592322592e+01 7.139324161613664899e+01 8.560181686592322592e+01 7.449419495356255538e+01 5.448509697092183757e+01 4.035574736634175252e+01 6.034561064497741256e+01 5.796276651251634604e+01 7.210082618298507384e+01 9.216842623156017567e+01 9.224608888820412744e+01 1.005992633994399625e+02 1.122293799880704483e+02 1.160389065578133057e+02 1.091626579672602446e+02 1.109286270952549387e+02 1.027118743351896484e+02 9.796118136664826181e+01 1.061812743869802347e+02
8.876004209371151887e+01 9.712682179196275456e+01 9.970300911695399293e+01 9.281374289455523297e+01 7.801075091891313207e+01 5.820732216689538774e+01 4.669780276552126708e+01 6.095448318010931388e+01 6.916617023079570004e+01 6.206172183560245514e+01 4.204135543352454363e+01 3.407066093241102323e+01 2.705414745935102516e+01 4.628795041253347620e+01 5.766239808945537959e+01 6.342928089064329811e+01 6.342928089064330521e+01 8.345278105390221413e+01 7.663618016942938027e+01 5.724981164096061548e+01 7.246767018605260091e+01 7.222862858624831972e+01 5.222259031848286526e+01 3.809122837195855027e+01 5.222259030956517734e+01 7.222861845490194810e+01 8.630948970256314112e+01 8.675878061242632100e+01 9.512251518203399314e+01 1.090740093550177647e+02 1.008906556888491508e+02 9.616632261877188625e+01 1.101662303237764036e+02 1.113803708260474821e+02 1.032050059890477058e+02 1.113803708260474821e+02 1.143176793728380005e+02
1.085560554076417787e+02 1.097423162181679004e+02 9.831115919555466576e+01 8.459888284786201496e+01 6.483448706101545156e+01 5.335590075426271994e+01 6.657723599805821380e+01 7.478326209713513606e+01 7.594508367887928557e+01 5.631104506878416771e+01 6.194943904303016780e+01 4.581212466340938505e+01 2.588668756833037321e+01 4.417890396004261788e+01 5.077759643814101764e+01 4.713477142112571272e+01 6.118317620430904213e+01 8.099631085230728900e+01 6.831745235940395844e+01 4.831308246466744549e+01 5.245314821256788207e+01 6.112589621619279256e+01 5.282392522126993128e+01 3.589575152858480322e+01 5.588792373278307934e+01 6.637804380505991730e+01 7.265238819939105497e+01 6.680932914575487302e+01 8.675878061242632100e+01 9.758807982185976471e+01 8.093934277721712078e+01 8.204063077026779638e+01 1.019868676948181161e+02 1.014390533622957093e+02 8.326207885585898794e+01 1.014390533622957093e+02 9.418002710810773692e+01
1.042942800419960747e+02 1.014878575198946464e+02 8.174181434313294403e+01 7.035095788055940602e+01 6.148598138927451373e+01 7.318790361995579019e+01 8.139125953206148267e+01 8.223408780609827318e+01 8.398575265455713179e+01 7.594508367887928557e+01 6.207652464590630359e+01 4.145681953697459221e+01 2.745407614258378004e+01 2.421509114017548825e+01 3.087835511484044559e+01 4.238346038596871779e+01 6.238217080857514674e+01 8.186922013087536243e+01 6.182506137671529700e+01 5.831526696314575986e+01 3.831876885696513568e+01 5.015173085486436833e+01 3.282705365142788168e+01 3.691033667366563265e+01 4.117365453192364555e+01 4.651273973159446484e+01 5.281116908899489459e+01 6.423521328788963558e+01 8.415046295659877273e+01 8.937175980863202085e+01 6.939369396363218812e+01 8.937175980863202085e+01 8.885019877938903221e+01 8.324865027547613749e+01 7.326375812849911995e+01 9.323354242245325452e+01 7.992271922348349733e+01
8.436590633356591695e+01 9.844842236675869174e+01 9.738969263956337841e+01 7.763620284519664949e+01 7.547776249915662561e+01 8.946936719633264090e+01 8.223408780609827318e+01 6.224853314524710157e+01 6.959411320008159407e+01 7.788061252300296644e+01 7.036452764771691193e+01 5.699179481192994245e+01 3.780767217013325165e+01 2.303465083157179194e+01 4.304436876536010459e+01 5.890460812676555946e+01 7.038192313932957234e+01 7.449146413244727682e+01 6.182506122796097969e+01 4.182169082330133136e+01 4.768053998456112197e+01 3.015189024863468248e+01 5.015173085486436833e+01 5.682159578177705583e+01 5.266721356762138839e+01 5.524389284064783823e+01 6.637804380505991730e+01 8.096592216389444729e+01 9.250840389534832298e+01 8.360458896188258393e+01 6.362080733725745318e+01 7.605142947139967191e+01 6.887765240953463319e+01 6.326472475816940033e+01 8.324865027547613749e+01 8.844143150930621289e+01 6.830543292305520708e+01
7.026907244265852626e+01 8.953732949245380723e+01 9.929376726849558565e+01 9.738969263956337841e+01 9.522309250489850285e+01 1.022438932266449854e+02 8.223408780609827318e+01 6.959411320008159407e+01 4.958665775967471490e+01 6.016250825594867280e+01 6.844929426856018040e+01 5.603389749675849174e+01 3.606691256412378976e+01 2.185426303050468988e+01 4.191150906746631932e+01 5.359010699001154876e+01 6.230560807273953827e+01 5.446302084068952354e+01 5.357844476140079593e+01 4.528067625226238135e+01 2.767367640033884868e+01 4.768054229254776999e+01 4.429266048744685236e+01 6.429677799878187727e+01 6.667501949976437459e+01 6.927574556568325193e+01 8.345419512779490390e+01 9.468967292337136143e+01 1.016843880955576225e+02 8.174521621712305830e+01 6.760807626162818451e+01 5.606254959777492530e+01 5.473786493752196947e+01 7.472747580370224796e+01 8.933522523903228318e+01 9.175550222645863130e+01 7.837343221618070288e+01
6.135010061962577765e+01 7.936609089183539822e+01 7.936609089183539822e+01 9.911962116306256121e+01 9.338746998106626052e+01 8.339157408985008146e+01 7.510408879711414443e+01 6.844299625818969446e+01 6.016250825594867280e+01 4.008496761422749444e+01 5.228744890848029314e+01 4.872208775476352827e+01 4.080091572968493097e+01 2.067587941805931706e+01 3.886350983638466516e+01 3.347414391308430481e+01 5.401550611774529642e+01 5.120856420925280617e+01 3.445720949671719069e+01 2.525727119901593909e+01 4.528067813723508550e+01 5.597932258074014555e+01 6.429677799878187727e+01 7.261115312169594915e+01 8.661794053564112517e+01 8.926830690360588960e+01 9.572934370366978385e+01 8.755559998886275253e+01 8.540184039246260284e+01 7.716985981497828107e+01 7.323448893237694790e+01 6.497907027811126568e+01 4.957143015205147663e+01 6.112005038526634593e+01 8.110380873314466044e+01 8.342239340072976006e+01 6.331478448657532709e+01
5.429497447008716193e+01 5.942572527762123258e+01 7.094099985206763392e+01 9.087497928135462644e+01 8.509337068801659143e+01 6.511480690621159795e+01 5.512081118034102900e+01 4.844389624120004356e+01 4.263203046196846913e+01 3.720645565458975312e+01 3.211872051510250969e+01 2.859479923140435176e+01 2.529453239314209867e+01 2.531364835002263547e+01 1.909651104562713542e+01 3.926929178905793805e+01 5.705888334574839149e+01 3.705267814516892599e+01 2.285399784873137108e+01 4.291266037736134820e+01 4.921058570909742258e+01 5.406079242826530873e+01 5.922368105169550745e+01 6.678301493873796346e+01 7.509961468936710105e+01 8.512249225365499683e+01 8.755559998886275253e+01 6.760244164509245479e+01 7.344658598049652198e+01 5.718225368615679116e+01 6.085019234183975101e+01 4.496359187271703917e+01 5.392833459993529033e+01 6.547538232257527113e+01 8.544920999693586339e+01 8.121983425657892042e+01 6.111645643147233642e+01
4.876021656742164367e+01 6.870751713535003091e+01 7.469058645402266450e+01 9.462734365698464956e+01 9.338746998106626052e+01 8.339157408985008146e+01 7.510408879711411601e+01 6.844299625818969446e+01 6.266975336901013094e+01 5.731444665977713981e+01 5.228744890848029314e+01 4.872208775369114164e+01 4.530802393612926693e+01 3.815706168292028622e+01 1.798325224640885978e+01 3.820459237619768089e+01 5.543238396074733032e+01 3.541860199436604262e+01 2.117627952439383776e+01 2.517574810734364377e+01 2.920361167399876479e+01 3.406287795819876152e+01 3.922789944810548945e+01 4.678289739632039357e+01 5.677351348281298016e+01 7.679251639466278334e+01 8.582291407891078450e+01 6.588647247053883405e+01 5.344799953897806688e+01 6.084253134255704509e+01 4.076252296638130446e+01 6.085019234183975101e+01 7.323202336572452964e+01 8.215505721072116785e+01 9.366233069864452432e+01 8.711632733481275181e+01 6.700459947169082398e+01
4.477090630085963596e+01 5.474636822155422067e+01 7.469053282151020312e+01 7.899156823841335040e+01 8.784813171495952133e+01 9.095277863339866542e+01 8.001680518883145510e+01 7.212085214568335800e+01 6.477063152486782371e+01 7.272631160409130757e+01 6.565240767556019819e+01 6.374205070185944066e+01 5.563524050968055690e+01 3.715017467427254871e+01 1.686910292259898725e+01 3.715041641731178146e+01 4.599416793575949214e+01 3.769098596672964874e+01 1.961991618483952138e+01 3.978184355104043846e+01 4.921058575608063990e+01 4.185887571757807990e+01 5.922368105169550745e+01 5.186866681630275622e+01 7.187988961089159545e+01 8.512249225365499683e+01 8.006940725480720289e+01 6.003776781007147889e+01 4.581417089649040975e+01 4.178712437498939636e+01 3.791993200247579665e+01 5.811654412083311882e+01 6.517627243631778811e+01 8.512345359625105345e+01 8.530584039115177575e+01 8.839779968150867262e+01 6.828874324796822748e+01
4.124473734643898126e+01 6.119185030498260147e+01 7.517601726535467321e+01 5.843850670052785290e+01 7.584968747110846721e+01 8.317268590294447961e+01 6.399761365064738072e+01 5.265839190869181863e+01 4.514464244554024219e+01 5.599865743680477692e+01 4.603721356278651200e+01 4.789247158912228031e+01 3.583828326289467014e+01 3.609680875974489567e+01 1.575944300644352403e+01 3.609749018390214559e+01 3.561795737735590706e+01 1.743250124496507425e+01 3.746383688151209412e+01 3.392140993048712261e+01 5.398194207334258010e+01 5.340042027214850862e+01 7.017292414714542303e+01 6.600713166655096131e+01 8.020327619695079591e+01 8.995840485575261880e+01 8.175295998031992895e+01 7.420867399643822182e+01 5.430524785080990569e+01 3.399593914843405429e+01 5.121472326116406037e+01 4.544065927699547558e+01 6.517627243631778811e+01 7.266803027181751418e+01 6.532370808424778375e+01 7.943941725919145824e+01 6.828874324796819906e+01
3.791669070860026380e+01 5.766694439056660570e+01 6.699002068409970434e+01 4.686455594106084277e+01 6.711291749934110840e+01 7.895984439609144090e+01 8.001680518883389936e+01 6.981400006196126640e+01 5.027615515263386925e+01 3.621654516990248140e+01 3.194368552059641786e+01 2.799492950245863909e+01 2.422141458215228838e+01 3.503949959907816947e+01 1.466033048831837071e+01 3.356294977424882831e+01 1.525789614736556743e+01 2.973843954642284260e+01 4.591620503526146990e+01 5.396427657572269254e+01 6.231033182621870736e+01 7.341862375517941075e+01 8.174424016266387127e+01 8.605798148865291353e+01 8.843199415912319239e+01 7.848720790478664355e+01 6.184434891836388459e+01 7.848720790478664355e+01 6.069857346738027815e+01 3.175181734420872459e+01 3.313538745960551779e+01 5.122186588640504823e+01 5.298498721717498228e+01 5.267589978422435593e+01 5.118302852162855743e+01 7.117633913437322235e+01 6.748203362674284733e+01
4.942575133364897511e+01 5.766119443802724476e+01 5.225632487056740416e+01 3.980200469287478171e+01 4.980047969554826892e+01 7.029060368410448234e+01 7.766518628025721682e+01 5.828454938755778869e+01 4.687488688536063819e+01 5.599865743680477692e+01 5.178223868772788308e+01 4.789248434667674559e+01 3.928111249328210164e+01 1.915061895162471117e+01 3.346916407040948371e+01 1.312556527959069719e+01 3.103890367940579154e+01 4.307364640697770142e+01 5.811659250022417211e+01 6.245157298675499646e+01 6.464058646002294495e+01 7.293606824506861130e+01 7.413156477031594704e+01 8.244153651937583049e+01 8.021483232703249655e+01 6.030389096755455824e+01 5.031502284451307361e+01 6.134015514506163669e+01 6.255365913424446234e+01 4.394668567757048550e+01 2.880063350489917795e+01 4.568452158603122371e+01 3.299184571497428209e+01 3.853336998025957172e+01 5.008098313894912224e+01 7.007502425314417849e+01 6.159693029071722492e+01
