LEM/with_lateral_4open/elevation_000109.asc
nrows	100
cellsize	150.0
xllcorner	0
ncols	100
yllcorner	0
NODATA_value	-9999
[rows 0 to 16 of 100, columns 37 to 73 of 100]
8.884754177262699226e-02 6.929726548558100274e-02 7.395023591448830758e-02 4.828361932999872264e-02 4.897713358561925356e-02 8.568734790590110117e-02 1.075183056328203948e-02 6.823539046102447547e-02 7.194897206013613211e-02 1.557559815681563986e-02 7.704183385687686514e-02 1.685416958384493638e-02 9.680445094065920353e-02 7.639902522890137937e-02 4.559330980047965332e-02 5.839666421669215124e-02 9.739037529851846120e-02 3.670263267501718690e-02 2.041064012308905357e-02 6.895211126444661387e-02 9.031524355919069713e-02 1.560024811392830661e-02 7.641644294168103979e-02 3.888124420523987601e-02 6.873285589001959517e-02 4.772367030474261584e-02 9.504926490987847254e-02 5.760415539182907330e-02 9.666222459857021221e-02 9.627991409191682948e-02 1.286757495974483190e-02 9.381044340810595905e-02 7.584058927755046864e-02 1.435327048224320848e-02 5.777975670406795827e-02 2.716720951219454838e-02 4.735230246529398453e-03
2.008884754177227094e+01 3.231574925653953656e+00 2.007395023591413263e+01 4.898996120056679615e+00 2.004896801689313079e+01 1.422782299806893391e+01 2.001075183056292772e+01 5.615237352713339902e+00 2.007194897205977924e+01 8.180541407434146706e+00 2.007704183385652286e+01 1.416377161486553327e+01 2.009680407681189251e+01 6.858266605649069314e-01 2.004151404302026762e+01 2.005839578729678507e+01 1.153228644545622039e+01 2.003670263267312990e+01 2.002041064012273353e+01 6.099179002819745676e+00 2.009031524355883391e+01 2.001560024811357152e+01 2.007641644294132632e+01 1.747596559638763702e+00 2.006873285588966382e+01 2.004772367030438573e+01 1.164205464870229356e+01 2.005760415539147345e+01 2.009666222459821583e+01 5.096279914091894625e+00 1.155987295862720288e+01 2.009381044340775091e+01 2.007482651632984982e+01 2.001435327048188739e+01 1.772765608129154735e+00 2.002716720951183760e+01 2.000473523024617251e+01
7.819889603065170114e+00 2.323157490537705883e+01 2.989899725763498850e+01 9.898996120056722248e+00 2.989899162854166548e+01 3.422784506264341076e+01 3.138874004461000311e+01 1.138874004460964784e+01 3.138874004461000311e+01 1.818054140743432256e+01 3.646481265489504153e+01 3.423128546694096030e+01 2.668619044898730053e+01 1.180959948458764330e+01 1.549695086146267942e+00 2.291546425445023871e+01 2.964246151765887305e+01 3.895915150573134156e+01 3.242373955450962342e+01 1.242373432315655890e+01 3.242373955450962342e+01 3.377068107277796116e+01 1.478761439265167077e+01 3.462582411064834886e+00 2.346412302357465052e+01 3.424963208841268880e+01 2.578419027243299411e+01 3.265556922020311958e+01 1.265556937427637330e+01 2.509627981825283882e+01 3.155986622314285484e+01 3.984387450049732848e+01 3.428865601115556672e+01 2.349406945796133783e+01 3.494091539776892130e+00 2.349406945796133783e+01 3.829001884019816515e+01
1.115322293639847473e+01 3.115322290482208700e+01 3.745828767330011289e+01 1.745828558024140165e+01 2.144600150386758131e+01 4.144599872224661397e+01 3.805540671127713637e+01 1.805540671127643293e+01 3.805540671127713637e+01 3.232267703116577451e+01 4.646481265489722290e+01 4.488809381216699990e+01 2.876435045290971715e+01 2.190465294738755375e+01 2.161112926662012157e+00 2.222103008262345369e+01 3.816142473422189596e+01 5.051340850384918468e+01 4.070819392812283155e+01 2.136800623316087666e+01 4.070819525061143196e+01 4.100474344868923993e+01 2.295397056925373747e+01 2.346405883810496817e+01 5.962582418181263222e+00 2.596441159196670156e+01 4.578419027243228356e+01 4.093983211525161892e+01 3.265556922020311958e+01 2.159984128427537442e+01 4.159984100555430331e+01 4.017093412590805457e+01 2.014630224466447572e+01 6.003914760327971223e+00 2.344944866630423164e+01 1.767870094021174410e+01 3.799076281663818833e+01
1.718344982795364118e+01 1.747777825673512098e+01 3.747777821055545644e+01 2.640255749024080245e+01 3.299300688806802384e+01 4.973015763654165511e+01 4.633967795873933682e+01 2.805540671127661057e+01 4.633967795873933682e+01 5.232267703116647795e+01 4.554107865638661679e+01 3.680928900466849285e+01 3.056776100770846583e+01 2.273952089956977218e+01 2.778684837988449896e+00 4.208592239320950057e+00 2.138628068298353213e+01 4.286360044964020233e+01 4.965283897639598365e+01 3.551014220345622618e+01 4.965282972736088141e+01 4.984893382825628549e+01 3.482537844659455573e+01 1.482269912136621670e+01 7.751436817974854065e+00 2.775340071342570170e+01 4.684853361440421082e+01 5.792977145539848038e+01 3.792977288677046488e+01 3.159984128427306160e+01 4.988410009117855992e+01 4.325654659110565348e+01 2.596623251062225890e+01 7.807254029658861505e+00 2.731258723616242534e+01 3.775814271234744979e+01 4.646707102473880724e+01
3.718344978274693347e+01 2.219182346464535627e+01 4.219182340422430855e+01 3.640255749027527798e+01 5.299300829403976110e+01 6.127735203944961029e+01 5.633967795873951445e+01 4.805540671127731400e+01 5.633967795873951445e+01 5.141277698801695806e+01 3.125650263412069663e+01 1.681062557995634421e+01 7.234696608999890977e+00 3.652309843156385405e+00 2.277321966807874531e+01 9.905785743809966348e+00 3.025173051155687531e+01 4.544440752161624886e+01 5.381806549053997202e+01 5.551028604276151412e+01 6.051586438267011658e+01 4.051591539771203543e+01 2.637144900547836812e+01 2.961861240812796936e+01 9.616446504961079000e+00 1.856128264176986065e+01 3.270589655204493340e+01 5.270732770760992736e+01 5.792977145539848038e+01 4.314684666780833311e+01 5.796293647264258198e+01 3.646952961903154034e+01 1.742719267401904304e+01 9.632997295957588690e+00 1.497969041064347273e+01 2.053053375595189323e+01 3.207850996673933963e+01
4.719182338408382549e+01 2.719182346464526745e+01 4.719182338408382549e+01 5.054469317725843069e+01 6.468701633574075061e+01 6.824895174273756027e+01 6.016434403810163900e+01 6.217791353483848127e+01 5.392089420854001958e+01 4.582878927866951813e+01 3.943270259396022226e+01 1.874937244333424857e+01 4.529745978716630539e+00 2.361652189909282029e+01 3.174692428988225146e+01 3.024960755358360842e+01 1.877721159200388357e+01 2.545611904868745512e+01 3.956268878148190993e+01 5.964409723982167577e+01 6.637299732959530729e+01 4.637376483091153290e+01 4.637376483091152579e+01 3.154334401827734879e+01 1.154094768450083563e+01 3.154334401827734879e+01 4.684853361436471175e+01 6.070711987319252501e+01 7.143108539440545712e+01 6.314684534950568917e+01 5.038366478866562659e+01 3.262923385939536303e+01 2.701142433459821035e+01 1.164309738843998687e+01 3.164462123617155953e+01 4.051728940120047184e+01 3.053330586890699649e+01
3.661991388046556750e+01 3.873882884843012420e+01 5.547609113307508011e+01 7.054471302140996158e+01 7.392591726310827482e+01 5.446411376871347443e+01 4.062232263459037540e+01 4.780488449433043741e+01 3.451675211175234637e+01 2.623576612641472039e+01 3.191437593608515044e+01 2.514715028353508686e+01 5.151232513004719848e+00 2.511168472955058562e+01 3.210985294425123016e+01 4.086475594988107218e+01 3.878162783398114044e+01 4.544426695511620551e+01 4.175579641049248636e+01 6.185669894364325927e+01 6.274248244194838975e+01 4.276078010168421883e+01 4.276076722551374587e+01 3.349540334406400888e+01 1.349274886750789904e+01 2.243793852085146767e+01 3.244023385216669197e+01 4.658407591867864994e+01 6.657345976596462833e+01 6.349175652805686809e+01 4.335192249333192649e+01 2.949623758928310835e+01 2.102487547753818831e+01 1.368448209465599774e+01 3.371560123534170827e+01 4.526491458372325383e+01 5.050066396124618961e+01
4.417920334064984900e+01 5.873882865783791374e+01 6.702309404770593915e+01 7.710890188767756115e+01 6.644917602395479150e+01 5.876755714887030990e+01 4.780487906169209111e+01 2.821792124213469677e+01 3.451675257713058897e+01 1.485824864536336776e+01 1.249813502074169413e+01 2.771852127032747859e+01 1.953260600068656316e+01 6.032419893298279767e+00 1.063603941491265559e+01 3.213564184521543865e+01 4.903577487504860954e+01 6.127063822933748582e+01 6.185669894364325927e+01 6.734368207953487229e+01 5.735462794954899124e+01 4.276078010168421883e+01 2.276087973918403051e+01 1.883816808972891010e+01 1.588321249160641813e+01 3.588623233868617746e+01 4.760742743627045570e+01 5.722407188479321860e+01 6.557056040818901010e+01 6.939732411919234778e+01 4.925074331013122020e+01 4.901396685542178489e+01 3.971358109211683995e+01 1.974594260050043459e+01 1.693068223277920481e+01 3.109918688004183096e+01 5.112884597030559064e+01
5.572620872432350581e+01 7.246346726142459715e+01 7.548798940988635309e+01 6.938095747831744120e+01 5.099801272360804916e+01 4.000809348146439959e+01 4.793655708909260227e+01 3.801140033103219196e+01 1.839586944394597978e+01 3.451675257713058897e+01 2.892851475991544774e+01 9.208164122896482340e+00 6.923082417217075069e+00 2.619519599571537682e+01 3.212952733589736454e+01 1.853440522963209958e+01 3.130291313343166948e+01 5.282717706246297240e+01 7.073339798052806771e+01 5.907903672521834437e+01 3.909004847415143757e+01 2.908710320078862921e+01 4.276076722551374587e+01 3.883846471407500900e+01 3.588623233868617746e+01 1.933876290329377312e+01 3.928883026419010349e+01 3.720038829273705971e+01 5.723404291062232829e+01 7.094515265625499012e+01 5.094025676778318257e+01 3.682073089655003173e+01 2.924124040500354837e+01 3.932707231543881932e+01 1.929045237394640822e+01 3.086239879465706792e+01 4.502357453874778059e+01
7.572620814490068142e+01 6.989418584265159495e+01 5.622929082518292887e+01 5.729113828136247832e+01 5.293237918694400435e+01 4.793678112112341694e+01 2.878810712290828988e+01 2.226509174889619302e+01 3.792896061015655107e+01 4.360832323848202918e+01 2.462902835922985290e+01 2.739383596672651322e+01 7.578508730452293563e+00 2.352833938259403723e+01 4.083464474493035823e+01 3.414036954073692698e+01 3.035595835856405600e+01 4.146682715672056929e+01 6.240131637256734365e+01 6.734473460891477714e+01 5.442808970554457915e+01 3.443428712746590747e+01 5.442808970554457915e+01 5.199279551069574268e+01 3.199066994097993799e+01 3.934234053361029027e+01 2.305298943335900930e+01 3.719888761704360292e+01 5.720157303749215316e+01 7.313742866354270689e+01 5.312770182746273662e+01 5.679955511658565115e+01 4.924826934891591890e+01 4.177486580909477709e+01 2.173882450304665426e+01 3.590920265741680595e+01 5.593582934217935332e+01
6.734706977301162567e+01 5.373062702539309754e+01 4.244342782259735003e+01 3.779817501603205443e+01 3.341100875704735529e+01 3.001102114949009803e+01 2.675742992435253953e+01 3.357837484408166517e+01 4.983073038471352589e+01 5.162868782267516110e+01 3.807279273852888934e+01 8.506427217414049835e+00 1.154468766460732887e+01 1.348847427950119560e+01 3.837500220659050143e+01 5.551237492550786357e+01 5.193407176442980244e+01 6.038610270983917161e+01 7.073339838714939276e+01 6.855385437593677977e+01 4.857700640010517645e+01 4.199576938878010424e+01 6.198228105461436854e+01 6.027698253264484407e+01 4.613513334596967042e+01 4.585876326807512982e+01 2.585401702301836124e+01 4.585876331699907382e+01 5.914588503308885237e+01 7.069445976736902537e+01 7.313742866354270689e+01 7.002541275584908931e+01 4.999141394897081625e+01 3.583590928321955005e+01 2.426594956745227449e+01 3.843349278807842495e+01 5.845877815200346106e+01
6.445637379225027530e+01 5.081330013180719618e+01 6.161872580812800493e+01 4.219546428703493746e+01 5.293237918694400435e+01 4.384965679166410979e+01 4.723352599662749185e+01 5.316040548556414791e+01 6.124564433787639217e+01 5.005452536331053892e+01 2.550733872953559356e+01 9.159989478436777688e+00 2.160008248134822395e+01 3.095714366772609338e+01 4.024194062320746923e+01 4.097389440510710301e+01 6.060784333784592803e+01 6.887815178303796415e+01 7.718525047817432494e+01 7.681398164393336003e+01 6.855385437603034404e+01 5.199546558546003183e+01 7.024557116286267444e+01 7.441882914151891271e+01 5.655047542851829689e+01 3.654811362763494031e+01 3.252319382386971824e+01 3.085580180010618534e+01 4.240634441198474036e+01 6.240731793892501145e+01 7.931213178689002063e+01 5.926642475794611897e+01 4.511094269719919225e+01 3.510496625811290983e+01 2.692412336352133195e+01 4.695144687778206816e+01 5.548782011320653851e+01
6.302633588316231084e+01 6.197151444216997618e+01 6.844713024702673465e+01 4.913348591330824888e+01 6.844713024702673465e+01 6.325771278158831024e+01 6.711327578008580019e+01 5.821911378937137016e+01 4.994583365117031803e+01 4.375728295229697551e+01 3.762619691060890403e+01 2.910032940463753093e+01 1.007698894316911264e+01 2.955573858993984260e+01 2.223962918731541194e+01 4.097389440511104652e+01 5.623782078301721299e+01 4.889204340196844356e+01 6.301139448695323608e+01 8.304175681439684809e+01 8.022688533743551886e+01 7.196909652376874078e+01 8.022688533743551886e+01 7.069374434288425846e+01 5.069214162803488222e+01 5.655047542843788477e+01 3.959697437594354597e+01 5.085975048909146068e+01 3.640534698642627376e+01 5.640729186307239473e+01 7.253906467574621786e+01 7.344393597008581764e+01 6.342671019142765232e+01 5.019918621569726724e+01 3.017877636461937030e+01 3.546825033562553386e+01 4.962035348063896834e+01
8.224318358242139482e+01 7.551272998269151060e+01 7.648788662238959546e+01 6.031984372227947233e+01 7.648788662238959546e+01 7.297061683289417999e+01 5.294444856628224017e+01 3.898970661471940247e+01 3.037617338076891826e+01 2.438096617398328192e+01 1.907826611010836615e+01 2.182367421230968318e+01 1.072418620313510296e+01 1.536094735187594473e+01 3.412642524372755304e+01 3.027097064657777281e+01 3.647817193447830419e+01 5.039722905235483097e+01 7.061493624679106063e+01 7.445786281435844955e+01 6.615101454622909216e+01 7.445786281435844955e+01 8.079269478831012918e+01 7.898202403420434337e+01 7.069374434288425846e+01 6.715710431145652137e+01 4.715750610414308142e+01 6.243745770714051702e+01 4.243766017874981600e+01 4.425214397805061850e+01 6.425180386547022238e+01 7.103785164790402007e+01 5.100368648102170965e+01 3.685444344090956292e+01 3.490111414336053031e+01 5.491696827917235879e+01 4.702240387584644310e+01
9.650802200363331451e+01 9.485720379088202492e+01 8.764218625135123375e+01 7.954921010366658152e+01 7.696126127197368305e+01 7.475946259706982744e+01 6.711648520841563936e+01 5.821911378937137016e+01 4.994583365117031803e+01 4.375728300307547158e+01 3.129760346748892985e+01 1.166226091769740947e+01 3.036441746799755492e+01 3.411092976603984539e+01 4.244737680589648221e+01 4.548211797169769000e+01 5.345708906376944469e+01 5.613422570334843442e+01 6.428065718499414061e+01 6.444003135209287336e+01 4.612315657535064162e+01 6.444003135209287336e+01 6.069742800088965851e+01 7.488871593955755657e+01 8.349043574226071485e+01 6.348627184020767800e+01 6.129831189251538603e+01 6.910377956270507127e+01 4.910481399601139429e+01 5.057686630624989021e+01 7.057612465513012978e+01 6.444009700576985722e+01 4.441562395802156971e+01 5.687155760299021523e+01 5.491696827932393177e+01 4.220652908480666810e+01 6.222764681896878614e+01
7.640209850187795837e+01 8.229098715356600735e+01 9.059411506970653249e+01 7.696126127197368305e+01 5.681806219836157368e+01 5.461391332975362189e+01 6.884419487773625690e+01 6.889043837492971534e+01 6.059061001475658514e+01 5.095937016613367376e+01 3.129652555517123602e+01 3.128566523195764049e+01 1.262825615006322089e+01 3.223918739403838174e+01 3.427918207694873587e+01 2.681085407862549275e+01 4.292860043657048408e+01 3.729311942727308349e+01 5.333667865922034679e+01 5.613708455624067994e+01 3.630215604745850300e+01 5.392061245390607382e+01 4.656189383035963658e+01 6.658319537317224501e+01 7.826679131704374015e+01 8.349043574226071485e+01 8.130148042996360402e+01 7.666322791289748295e+01 5.666280752945091592e+01 5.764665253530633748e+01 7.764748776544202258e+01 7.022325571714655723e+01 5.018980628446903580e+01 7.022325571714655723e+01 6.778276271578695855e+01 4.775350750866400773e+01 6.778276271578695855e+01
