LEM/with_lateral_4open/elevation_000425.asc
nrows	100
cellsize	150.0
xllcorner	0
ncols	100
yllcorner	0
NODATA_value	-9999
[rows 17 to 33 of 100, columns 37 to 73 of 100]
6.432752480107392046e+01 4.473790407703266681e+01 3.083417491471103489e+01 2.555730736427275218e+01 4.170391064769034983e+01 4.522919423487420687e+01 3.195597732669219226e+01 1.371530990422245111e+01 2.491860423791145607e+01 2.671420302976234851e+01 3.679781355969431900e+01 3.892629529148644707e+01 2.266913983593826387e+01 4.248525491425602496e+01 4.622246340899297934e+01 4.255470984217659236e+01 5.242508079505673635e+01 6.649683067218319366e+01 8.648866032335737941e+01 9.126597581282152305e+01 8.935731324597990977e+01 9.765469846580165836e+01 8.563162376464129011e+01 6.576033926026872223e+01 5.428568982683135857e+01 4.536889551786912733e+01 6.087563210488257681e+01 5.228625850697102351e+01 5.544771820502875670e+01 5.442173021588614290e+01 3.447216595887392998e+01 4.859815270748558191e+01 6.853390356616661450e+01 7.304811095423779932e+01 5.762584050675472014e+01 3.741194049057681070e+01 5.222344848453741406e+01
6.182590082220531258e+01 4.938124882782606306e+01 2.972248951968434838e+01 4.523696844920662130e+01 5.335307010440904918e+01 4.335661655045144869e+01 3.430974944550707306e+01 1.448231270725082709e+01 3.442317080646832750e+01 4.628941277289148104e+01 5.462355298531104353e+01 5.071221258335335591e+01 3.668515578111987452e+01 2.644732835407303639e+01 3.271447919588282360e+01 5.247061399610400656e+01 7.060331498459321153e+01 6.837197449354216872e+01 7.543129619521157281e+01 8.372062672737362732e+01 9.372302768084900038e+01 9.846146185387638639e+01 8.696909303801848523e+01 7.024142611159690830e+01 5.036111528564671858e+01 6.527134853721129559e+01 7.351758175055368838e+01 7.217790393790141934e+01 6.120143914676668118e+01 4.711826751376631961e+01 3.712280228727592402e+01 4.865920712967699302e+01 6.858849395824316275e+01 6.476417872700444889e+01 4.457390927923759705e+01 4.416418694901882702e+01 6.435666728562257788e+01
5.372018209449750969e+01 3.407451779304673778e+01 4.938124882782606306e+01 5.749234391360996455e+01 5.020521727117878896e+01 2.971757933396064288e+01 1.557237952876831599e+01 3.352819272324509825e+01 3.453729553273020514e+01 5.478606088645070571e+01 6.656062145624242987e+01 6.473926946327851795e+01 5.445499464924811406e+01 4.041933043860225894e+01 3.089044680125996223e+01 5.063821712065151104e+01 5.945454706035360459e+01 4.847054935564628408e+01 5.546451921190439549e+01 6.543196551145180706e+01 8.543062687897142382e+01 9.018669789863760400e+01 7.031102231915119205e+01 5.884745325481341638e+01 7.024142611159690830e+01 5.699896501348889188e+01 7.686265666067455982e+01 8.950420751817938481e+01 7.535282333247536712e+01 5.992998318794533219e+01 3.998475210715583472e+01 5.992998318794533219e+01 7.690471440585788798e+01 7.035517567155712015e+01 5.019654950700969920e+01 5.322056474438237217e+01 6.435666728562257788e+01
3.870730898853311430e+01 5.370593744941550085e+01 6.182589999719957063e+01 5.645043250314841288e+01 4.797436621199457818e+01 3.628146226348382442e+01 1.634593530557840424e+01 3.624113955399949560e+01 4.346221089224538758e+01 3.847412590010711853e+01 5.258101722470968298e+01 7.241749702808297684e+01 6.849065887236565686e+01 5.887989664911598453e+01 4.225945218978567652e+01 3.567225548608190167e+01 3.967729489124311471e+01 5.363418839149476014e+01 7.356484465695042729e+01 8.372062672737362732e+01 9.372302768084900038e+01 9.277054337845304133e+01 7.288801290354216178e+01 7.288801288690689262e+01 8.182760020821777402e+01 6.196782601809884028e+01 8.182760020821777402e+01 8.328199650727874825e+01 6.334671680544526851e+01 5.186325408646072788e+01 4.293769004512026299e+01 5.703190569860280590e+01 7.692848899936676332e+01 7.642535577668797941e+01 5.629284595808912428e+01 7.336596349258799421e+01 6.968872558373891479e+01
5.005629535747178949e+01 6.643547798524026859e+01 6.237179064220426028e+01 4.215972835423196585e+01 2.866340293406201312e+01 2.291944928812862159e+01 1.712177261505635428e+01 2.646586913599643864e+01 2.447136288003597571e+01 4.444293200295623336e+01 5.846535579781415493e+01 6.568232235992104506e+01 7.410719882607875775e+01 7.034630716724474553e+01 6.208382286852651788e+01 5.543007447925646858e+01 4.550003399455083297e+01 4.847054935572246848e+01 5.838391664468722553e+01 6.990900164692442331e+01 8.990418794564719462e+01 1.010501731724946382e+02 9.277054337845304133e+01 9.277051960728614688e+01 8.733730797389085865e+01 6.747177410653479512e+01 8.733730797609931074e+01 9.164685852921273579e+01 8.009337405059974913e+01 6.638915095236443165e+01 4.647356901976159804e+01 5.445165253773438252e+01 7.436839678790845198e+01 8.467384506122218113e+01 7.642535577668797941e+01 6.708015679801036413e+01 8.715674192604721782e+01
6.967984219839117088e+01 7.776099342452981489e+01 6.234738357294533273e+01 4.215923133154699087e+01 4.797457732542666520e+01 3.280284175929639190e+01 3.705793879419319836e+01 1.823446258434253053e+01 3.817183873985372600e+01 3.219778748790052703e+01 3.818478109332121306e+01 4.526967410271531378e+01 5.701111713667762615e+01 7.752740993900935962e+01 7.946980943065941005e+01 5.951566943188541359e+01 5.692832684106644336e+01 6.837198472754518264e+01 6.251956924789186587e+01 8.250110081813252805e+01 9.819768404385818883e+01 1.003581588478959503e+02 1.085604229642912912e+02 9.992201302941215602e+01 8.002384720369556703e+01 7.739206103675061854e+01 9.560667197989066324e+01 9.719777004890599414e+01 8.412106591015647439e+01 6.418334738102778658e+01 5.011978959531123223e+01 7.001322187902354699e+01 6.851561595078891287e+01 8.848757545094784405e+01 9.536421373656632738e+01 7.871578957132457788e+01 9.536421373656632738e+01
8.364532534531335273e+01 8.397909641186113561e+01 7.074163367474983488e+01 6.234738357294533273e+01 6.091393417470170135e+01 5.254947816482508927e+01 3.897185061421864560e+01 1.903565076917999122e+01 3.897185057799583063e+01 5.233160137444916415e+01 5.846536125701417319e+01 6.568232273262690057e+01 7.410719882607875775e+01 8.590175051195333822e+01 8.773857933293800215e+01 7.946980943065941005e+01 7.687812041492580306e+01 8.514759054954845396e+01 8.250113505187958651e+01 9.079686779689464515e+01 9.705205801370942709e+01 8.037126756490152957e+01 9.705205801384465758e+01 1.082134421152790367e+02 9.408057608355358070e+01 9.144426250736782436e+01 1.055685732584549044e+02 8.881322619696040022e+01 6.886020611687060011e+01 6.075346010006843045e+01 5.469249095084822443e+01 7.458710813917316784e+01 8.848465079519741039e+01 9.687968088466534766e+01 1.068499274148674942e+02 9.868729727473240132e+01 9.050091018511412244e+01
7.804863896435765014e+01 6.380206763295546324e+01 7.121802293875794021e+01 6.632728034356308910e+01 5.779204512571099173e+01 5.300808169452106711e+01 3.849212821298573317e+01 1.983950016747243339e+01 2.981573576865944730e+01 4.390634783591747237e+01 6.460743574133046252e+01 6.494127342393241520e+01 6.259245238004866252e+01 7.101844779955109743e+01 8.286956635349228861e+01 9.495466328931635758e+01 8.670356053983752531e+01 9.495466328931736655e+01 9.715281277923740788e+01 9.351531651285712599e+01 8.881871569532485466e+01 6.860848323768981061e+01 8.881871569533093691e+01 1.015124531719832390e+02 1.140244893268460800e+02 1.113774396253617454e+02 1.052394777216324542e+02 8.512151040776534217e+01 8.271584297236033478e+01 6.280459037672889622e+01 7.458710813860319888e+01 6.874142274212937309e+01 8.869984110648202602e+01 1.004032529538976064e+02 9.206550770825909069e+01 9.188891945516483872e+01 8.215516996751091483e+01
6.971178253810084868e+01 4.960382248708197039e+01 5.110277111000333861e+01 5.803333829838444302e+01 3.811235374663570497e+01 3.609594451369313362e+01 3.646650302485554107e+01 2.064829822075952848e+01 4.043409279732798467e+01 5.734117263520374053e+01 5.917240183436287282e+01 4.463861400515187228e+01 4.200167976263269765e+01 5.384037301510813478e+01 7.454801512849495282e+01 8.491154801246841544e+01 6.654844362333730601e+01 8.491154801202196722e+01 7.711294313794692812e+01 7.338391829692911017e+01 7.338391829692933754e+01 6.136852577824318189e+01 7.316806267504789218e+01 9.329170328718170424e+01 9.846775544950328651e+01 1.006332649440930282e+02 1.088221616733348753e+02 1.052394777216324542e+02 9.107290453883709347e+01 7.167839332529065643e+01 7.685128657127602025e+01 8.869984110634540286e+01 9.708366767810611009e+01 9.206552649971449398e+01 7.189161416897604795e+01 7.171520408746600594e+01 7.171523820773934688e+01
5.897611233727661784e+01 5.699436808389101117e+01 3.713628344206215104e+01 4.763319263753132304e+01 4.380845617168149886e+01 2.338797407575058784e+01 2.125124821447245083e+01 2.164358153207880875e+01 4.156810284284048862e+01 4.396670743602505382e+01 4.498846755600995095e+01 3.151597948053760945e+01 5.070436426656111450e+01 6.162807453718267681e+01 6.996482135764730970e+01 7.662600208158738724e+01 5.645852987537355006e+01 6.654226597848037272e+01 6.284741105495298541e+01 7.338391829692928070e+01 5.309397319267662141e+01 7.338391829692933754e+01 8.715548661855579837e+01 7.887849761033805862e+01 7.844204877945298904e+01 8.063829759658764829e+01 9.963663385362366398e+01 1.096683888865763947e+02 1.000423872677367996e+02 8.315638260228550394e+01 9.096143327171131432e+01 1.052945211036037421e+02 1.021604061648794328e+02 8.197527835388851258e+01 6.771484144598339583e+01 5.761780234145899726e+01 5.148411739050295211e+01
4.485582238463621252e+01 5.222358300520618002e+01 4.763319282477709748e+01 2.794713330616419711e+01 2.602104666230690455e+01 4.380783739263316079e+01 3.658516142779568270e+01 4.121176670557450450e+01 2.306185270466941972e+01 2.407094831852563388e+01 2.511170698477941343e+01 2.615624151677543807e+01 4.601769928840409563e+01 4.164365917083421920e+01 6.162807360176592653e+01 6.274286202358990039e+01 5.897489476524520313e+01 4.652088366975073797e+01 6.654226597848037272e+01 6.205422912703247817e+01 4.842124070891011201e+01 6.812688001293743412e+01 7.189609036664391795e+01 5.852042632226267216e+01 6.399295571592134024e+01 7.127227401452560684e+01 8.146529991182654840e+01 1.014371881176323456e+02 1.116920070822312141e+02 1.032414414368409012e+02 1.111486582357304798e+02 1.179217842588028731e+02 1.096635557065265658e+02 9.624743748086004302e+01 8.615076539294076952e+01 7.780060342658670436e+01 6.278587343881337546e+01
5.174617059057813151e+01 3.252493683733818841e+01 3.063777977348517823e+01 2.955011781742740951e+01 4.000443796519015649e+01 5.411571632804754728e+01 5.696342786991175444e+01 5.114447037436206500e+01 4.297033751260624967e+01 2.851326802370214963e+01 3.697187702551476463e+01 4.036810002310215140e+01 2.765694318381341787e+01 4.749695367876535812e+01 5.007854376182631739e+01 4.021019917481397243e+01 3.909232029178210155e+01 5.629776197023019790e+01 5.857661667736883970e+01 4.207677228690533155e+01 4.496441104334054017e+01 4.793673052452086836e+01 5.159754695589260365e+01 5.797177378478867382e+01 7.833559733871089747e+01 9.143548219834246993e+01 9.928816329051585399e+01 1.096064872077119787e+02 1.104479402421696363e+02 1.021174535307085733e+02 1.104479068184104449e+02 1.096635747922012882e+02 8.965250990411021803e+01 9.551336596605831630e+01 9.896732871328532610e+01 9.132537232838380703e+01 8.298006170556392647e+01
3.527272364440250385e+01 5.207514587681411200e+01 5.031028128585464287e+01 3.196029185097950887e+01 5.166279027682818281e+01 6.823238769741315934e+01 7.084196538414292377e+01 5.497426308723721178e+01 3.512635224331554440e+01 4.835846553163052874e+01 5.435390483506737525e+01 4.075760532235237577e+01 3.584716901626847374e+01 2.918257466026673796e+01 3.026375627263667667e+01 3.045459697360005435e+01 3.412053124182259012e+01 3.647498302122526326e+01 3.870944177167528011e+01 4.613996653249255786e+01 6.504795428265882151e+01 6.812688001293743412e+01 5.647112077766081484e+01 7.679153282117671608e+01 6.822190645751071258e+01 8.260428758016090001e+01 1.025590462005718138e+02 1.105053311893206143e+02 1.003952825699673923e+02 8.201481075240062069e+01 9.509705847889529196e+01 1.034110610839166213e+02 9.551362055407169294e+01 7.549143987471138928e+01 7.894774764951026214e+01 8.783363676889143790e+01 9.611396963585315234e+01
5.522410907162046101e+01 6.361954307513143902e+01 5.413340653420139859e+01 3.436851846781328845e+01 4.824590503547430131e+01 6.834709250092042510e+01 6.252724573182605639e+01 4.254515191619902481e+01 5.497404463415617215e+01 6.328093789032514138e+01 5.567993496750908378e+01 5.025757594757153868e+01 5.507313976817506074e+01 4.056465773148920562e+01 5.007854337746547913e+01 3.200866452418492258e+01 5.172124251323552357e+01 5.627490224692746068e+01 5.857661667736883970e+01 6.645448686319360831e+01 5.903772901978621235e+01 7.948604036534294437e+01 6.325854680174273170e+01 8.355802583086742175e+01 8.844890106313856393e+01 8.260426918758884085e+01 1.025553687686824418e+02 1.021355468584918214e+02 8.201482211532334077e+01 7.198493124940237919e+01 7.501360698599843602e+01 8.820602383145045167e+01 9.651309332647269912e+01 8.481134718684977258e+01 6.476776380665398847e+01 6.779574008439028887e+01 8.416637937857593954e+01
6.601663341395975237e+01 6.832680978867915655e+01 4.818401724267266673e+01 3.683703730876138138e+01 5.079410536832619982e+01 7.094908794389431250e+01 7.085513734004268827e+01 6.252702538377197072e+01 5.188383316718115879e+01 7.201805939602611772e+01 6.913884656146494478e+01 6.371306765825961804e+01 6.887589290494638306e+01 6.053594224310771921e+01 5.364895989293705014e+01 3.381609401554329963e+01 3.475683864546736146e+01 5.458951968033763080e+01 6.564796769204653515e+01 7.963003444774173545e+01 7.948604036507387605e+01 7.948604036534294437e+01 7.768609949675352766e+01 7.618099027089648700e+01 9.043758948533925945e+01 1.025573607167553547e+02 1.107339791308640429e+02 1.105231850630745072e+02 1.003952568713141602e+02 8.350187220951538336e+01 6.342522349270063131e+01 6.812905979098886178e+01 8.427710884980555761e+01 8.236092333190477177e+01 7.626475172410076198e+01 5.616816747947086697e+01 6.685832744435847985e+01
7.107614452842670971e+01 7.667196683447890848e+01 5.941493619709558516e+01 3.944492974425799048e+01 5.941493619699990347e+01 7.784012704695439311e+01 8.693592459529079974e+01 8.032278217971617096e+01 6.085876983493358949e+01 8.032249780894774460e+01 8.893480940333384410e+01 8.384430514655534239e+01 8.068344026228510302e+01 6.635413052909484577e+01 5.541040272989322801e+01 3.555999061867015598e+01 5.458543701963153438e+01 3.745139624577821280e+01 5.142275971632155773e+01 6.014437906938861289e+01 8.029875720821549123e+01 9.959839374150287483e+01 9.773411002411774007e+01 9.625212778751026121e+01 1.044607278773271304e+02 1.184838662693151434e+02 1.159442193907170093e+02 1.043758163661921117e+02 9.608254138299609792e+01 9.181783062498197978e+01 7.661486687126102879e+01 5.650330899934839834e+01 6.995085062859577363e+01 6.208989657997891953e+01 6.531657783969143338e+01 5.122928890732077889e+01 7.134283123628840428e+01
7.693059917282255356e+01 7.390891914693506237e+01 5.367273104348014812e+01 4.215417135424707595e+01 4.915367549169126704e+01 5.817662654709653225e+01 7.856141929083648279e+01 8.932593549035267699e+01 7.515638032458822693e+01 8.932749571169198077e+01 9.101154879985895718e+01 7.151511738300744980e+01 6.868368420396208762e+01 5.202482079539735338e+01 3.804147404067995808e+01 5.541040272989322801e+01 6.379261480925818972e+01 5.733354668982651248e+01 4.019465015391953244e+01 5.423568728951251927e+01 7.445113608884850009e+01 8.752449139487582386e+01 9.586386453818171560e+01 1.043590365512313412e+02 1.043590365512313412e+02 1.126833604338893196e+02 1.076778233272535914e+02 8.760753484176140660e+01 7.603932668394401162e+01 8.451496345820501688e+01 8.014130355174896181e+01 7.067391488723536952e+01 5.049889126276956119e+01 4.772839458733433560e+01 4.504855801166996088e+01 6.217557497957877644e+01 6.216932084322011320e+01
