LEM/with_lateral_4open/elevation_000328.asc
nrows	100
cellsize	150.0
xllcorner	0
ncols	100
yllcorner	0
NODATA_value	-9999
[rows 0 to 16 of 100, columns 0 to 36 of 100]
8.271705653423140625e-02 2.127631151761726416e-02 9.425194436011796739e-02 4.939197167322698090e-02 3.975871534419905817e-02 6.171646774684565184e-02 1.696294146011132625e-02 1.936121709489252440e-02 4.216450047424835645e-02 2.297044857093000214e-02 6.704298068806634203e-02 4.162315340452049650e-02 3.835349583220235004e-02 2.777463300387698203e-02 2.207885817162396139e-02 7.161913568127860341e-02 9.025521335945362045e-02 3.502399586135773735e-02 8.040414306008919487e-02 3.131346976591601466e-02 7.604099264847130613e-02 2.387740603804927586e-02 5.687112022313325910e-02 4.074439634684711570e-02 8.709178300582484655e-02 7.612946965408906586e-02 1.077918208624280109e-02 9.929772718869623455e-03 4.600412614040166881e-02 2.152795518990661267e-02 2.378824418737431057e-02 9.511189423522797837e-02 9.406546861214974686e-02 1.749038473908382007e-03 2.223905489293687143e-03 6.269637160239108220e-02 9.476101746191394060e-02
7.813061968023242432e-02 2.002127631151726206e+01 2.009425194435976181e+01 8.214357780950559018e+00 2.003975871534384368e+01 1.420385209147792160e+01 2.001696294145975585e+01 4.189649498236406089e+00 2.004216450047389131e+01 1.416510607230200591e+01 2.006704298068770953e+01 2.004162315340416356e+01 2.158349255844926429e+00 2.002777463300352068e+01 2.002207885817126964e+01 8.236584944958609711e+00 2.009025521335909659e+01 1.417715961959243387e+01 2.008040414305973442e+01 3.810958199858196505e+00 2.007604099264811737e+01 1.416601302976912535e+01 2.005687112022277674e+01 5.204722191290091615e+00 2.008709178300546938e+01 9.079102296989571386e+00 2.001077918208533291e+01 2.000988460214293951e+01 2.003170680028503980e+01 1.995663384134446261e+01 1.126174224814563640e+00 1.832610152539481341e+00 8.398417864072936112e+00 2.000174903847355168e+01 1.414435952922036854e+01 2.006269637160203700e+01 3.428094350789290257e+00
2.526786264046545702e-02 2.002526786264010994e+01 3.649862902841346113e+01 1.976136316474327970e+01 3.649862902841145029e+01 3.420385209147862327e+01 2.845366382534900751e+01 8.453663825348652239e+00 2.845366382534829697e+01 3.416510607230271290e+01 3.843160972499497063e+01 1.843248630218350925e+01 4.290356419401040178e+00 2.429035641940139456e+01 3.652085619241950099e+01 2.237872056868981119e+01 2.823658494495896676e+01 3.417715961959314086e+01 2.765995999445607367e+01 7.659959994455718402e+00 2.180209561818692166e+01 3.416601302976982879e+01 3.054994702953898056e+01 1.054994702953862529e+01 3.054994702953898056e+01 2.114416737017242909e+01 3.789861340944577250e+01 3.330254037807311107e+01 1.406731082446864178e+01 2.689632663141731328e+00 2.112831536916947783e+01 2.868123061167553089e+01 1.420287405843169992e+01 3.469084365581611706e+01 3.414435952922107020e+01 2.680581661629260282e+01 6.808711369532328028e+00
4.163169627051844027e-03 2.000416316962669683e+01 3.728738238239780856e+01 3.976136316474398313e+01 4.804563441220618358e+01 4.478359544390416858e+01 2.478359544390346514e+01 1.400066578760089442e+01 2.478359544390346514e+01 4.478359544390416858e+01 3.801918488507335070e+01 1.801953987979889149e+01 6.472535321760973126e+00 2.647206869334200263e+01 3.798341808170722089e+01 4.237872056869051818e+01 4.823658494495967375e+01 5.166152490682255660e+01 3.183024827559760794e+01 1.183024827559725090e+01 3.183024827559760794e+01 5.008636686564781826e+01 3.658017392109471189e+01 1.658017392109400490e+01 3.658017392109471189e+01 4.260651813995039561e+01 4.973550443779323160e+01 3.773237516745400200e+01 2.379888459830976188e+01 3.802060798895507521e+00 2.379888811352376621e+01 4.296367216489133511e+01 2.622476295783066291e+01 4.296367402569718763e+01 4.447219650795652512e+01 2.448509017882227212e+01 1.034424527228736324e+01
5.883922493566802470e-02 9.003111134934902893e+00 2.055011651872762357e+01 3.469225214245907551e+01 5.469225214245977895e+01 5.306786669136636903e+01 3.977416847949633905e+01 1.977416847949704959e+01 3.977416847949633905e+01 5.306786669136636903e+01 4.629131510607378885e+01 3.473946034546670347e+01 2.647028805637644311e+01 9.695827177862522461e+00 2.383802030890988277e+01 4.384443817675958854e+01 5.751938928311930255e+01 3.751938928312001309e+01 2.337725365938956301e+01 1.786047516715262873e+01 2.816017989415148293e+01 4.816017989415077238e+01 4.365124173296030818e+01 2.365124173295960475e+01 4.365124173296030818e+01 5.622591004622246658e+01 3.571123465751677628e+01 3.507962554294340407e+01 2.491691052189245781e+01 4.919868205064063638e+00 2.491008816937999271e+01 4.125607654933321555e+01 4.625572495975337972e+01 5.451181443249033265e+01 4.824348156532581555e+01 2.826381670409148583e+01 1.412388995570643146e+01
1.256007409845548775e-02 2.001256007409810067e+01 3.376911989518566060e+01 4.043578657922483188e+01 4.872006252352927191e+01 5.872006512082161578e+01 4.644083514616288966e+01 2.644083514616360020e+01 4.644083514616288966e+01 6.158216271385880702e+01 4.158354197582442424e+01 4.158100128542135820e+01 3.203514532890757494e+01 1.203665012178515425e+01 3.203547899207861605e+01 3.852518096297841055e+01 5.852218134143684125e+01 5.166152490682255660e+01 4.337725365938884892e+01 2.493154297901822858e+01 3.786047516715333927e+01 5.644445114155054455e+01 5.193551298387642134e+01 3.519824711675252615e+01 5.193551298387834692e+01 5.123502219564796434e+01 2.979685522094219507e+01 1.548805546637505159e+01 6.541980955957964028e+00 2.469251047451369274e+01 1.308438702463307024e+01 2.462819641173869556e+01 3.874590079780610097e+01 5.859195317021530514e+01 4.973085622363777247e+01 2.975209661834400876e+01 1.820637231972847303e+01
9.594114293757748102e-02 2.009594114293722100e+01 1.376911986044086866e+01 2.043578652710765198e+01 3.043578652710782961e+01 5.043578663134207574e+01 5.472510639362650409e+01 3.644083514616324493e+01 5.472510639362650409e+01 5.572714610697855875e+01 3.572580293810887042e+01 2.158365208403778013e+01 1.603665012178522531e+01 3.203668380110070757e+01 1.852550696701554145e+01 3.852522250910758572e+01 4.608433912556844092e+01 6.608051271361536294e+01 5.321581422650942272e+01 3.387581488901770399e+01 5.321581422650942272e+01 6.614474641465346849e+01 6.348251837338543879e+01 5.519824711675487094e+01 5.732017429377638962e+01 4.904334234751627974e+01 3.952955223201863078e+01 2.769887067110788337e+01 7.702477268883603401e+00 2.767552293880206093e+01 3.305088295446265789e+01 2.462824022989789796e+01 3.874687854026624478e+01 5.860210555124060505e+01 5.799720145451061626e+01 4.335652508460673715e+01 2.337033884571681952e+01
7.711341127313005306e-02 5.241091206216374587e+00 2.524109122614594014e+01 4.043578657922483188e+01 4.872006252352927191e+01 5.872006512082161578e+01 6.472510639362714358e+01 5.644083514616253439e+01 6.472510639362714358e+01 5.313162284755379972e+01 3.313065878996363267e+01 4.158406002969741166e+01 3.603705374402320416e+01 2.081756455912288217e+01 3.852522250910758572e+01 2.608479642707688129e+01 4.608433912556844092e+01 6.378906687191260261e+01 6.216008613651771242e+01 4.801795051274915238e+01 6.216008613651771242e+01 6.764116238418351656e+01 5.936081428366168922e+01 5.879586774964445794e+01 4.904334234751625843e+01 2.907072215984322128e+01 3.125150618391568713e+01 1.124385144569022366e+01 2.769874058389063975e+01 9.571349661184834545e+00 2.956457130812640344e+01 4.456054508425155092e+01 4.456233988978173244e+01 6.437947442127615716e+01 5.747707441957257402e+01 3.750760204190549274e+01 3.003680654912722048e+01
2.297228869525369793e-03 2.000229687493277098e+01 2.524109119608158736e+01 4.524109104324473662e+01 6.047269220778776599e+01 5.218837197788887039e+01 5.329047722413444887e+01 6.157478595988018100e+01 7.571696064542504701e+01 6.142253082260352670e+01 4.727287020737529843e+01 6.142253082260352670e+01 4.424753490258652278e+01 2.424753626197311718e+01 4.424753490258652278e+01 4.608433912556844092e+01 3.551288677928747006e+01 4.965497778953461250e+01 6.965217679662220007e+01 6.801795051275057347e+01 6.764116597563173627e+01 5.611608614440407194e+01 3.941060424781412763e+01 3.884489056728634182e+01 4.167928767769299725e+01 3.492056717474919481e+01 1.491175731291604301e+01 3.124481295485454169e+01 1.148172279530763085e+01 2.200733170093408120e+01 1.991136744866109254e+01 2.936669641585910995e+01 4.293840894004641484e+01 6.256917797559420791e+01 6.574180448249018127e+01 5.747707441957257402e+01 3.759476469858569914e+01
9.647730019007895452e-02 2.009647730018972211e+01 3.713919920247013096e+01 4.542341281966546518e+01 4.892565783246891442e+01 3.218837035463777596e+01 3.329047561207565309e+01 4.743261127262846344e+01 5.942207840079424130e+01 6.770636897323343817e+01 6.727590293006203126e+01 5.938664364993897493e+01 3.938664777113081783e+01 2.783964230250867899e+01 3.938664777113081783e+01 5.938664364993897493e+01 4.705988609512647969e+01 5.551202177397366455e+01 7.550555436236676599e+01 7.530810885596271476e+01 5.936081429691574840e+01 3.941060424781413474e+01 2.789430898171211481e+01 2.472859356364260464e+01 2.170067476667122719e+01 1.882414684892557588e+01 3.492056717474934402e+01 3.279509075090565062e+01 1.283510659640641016e+01 3.198278366058507416e+01 3.902293929353009361e+01 4.713146036057150923e+01 5.684733237916110227e+01 6.543592859229042347e+01 7.368598691671216727e+01 6.582780597549142954e+01 4.913125026776478421e+01
3.582433992925927735e-02 2.003582433992553646e+01 1.713919923673734402e+01 2.857361793150083074e+01 3.169709337126780824e+01 2.064136497071401877e+01 3.970189897257880318e+01 4.677296695095987644e+01 3.942207712139909148e+01 5.356421278301226607e+01 7.356421702180247735e+01 6.767091142223370070e+01 5.192212312517561656e+01 3.192212520714738133e+01 5.192212312517561656e+01 6.767091142223220857e+01 6.705785382751167845e+01 7.533049437085028899e+01 7.825740550012611152e+01 6.672358538059081923e+01 4.706340091667446046e+01 3.296401252683300243e+01 4.784255515467734199e+01 4.468839648769579043e+01 3.324654776867900807e+01 3.297993439400660520e+01 4.402269303631783259e+01 2.871033079188233827e+01 2.616645057891837212e+01 1.476990120041804389e+01 3.643265763258130363e+01 4.333882867750938317e+01 4.911125040722397728e+01 4.544236270801217614e+01 6.493636755220444456e+01 7.492160781986756035e+01 6.908352475469479259e+01
1.813270376062421294e-02 2.791633684886775324e+00 5.592193852942807020e+00 8.573617822942551925e+00 1.169709306071469967e+01 1.561941576347841476e+01 1.970189866811711710e+01 2.677296647998271695e+01 4.677296695096014645e+01 6.290189889432163994e+01 7.290190751447076423e+01 6.825204321324049772e+01 4.825205733514857798e+01 3.824668052754265091e+01 4.192212524035866039e+01 5.606426236119959583e+01 7.606424280637314439e+01 8.356524550431772980e+01 6.996631481250713591e+01 5.000543142221825121e+01 3.849204896858206126e+01 5.290862605605440194e+01 6.118575488631852721e+01 6.147449314560115141e+01 5.319862461691332811e+01 5.295214015653675688e+01 4.756186609242052299e+01 3.929724049531924379e+01 3.535497967499633631e+01 1.614357456285123860e+01 1.971360807198061593e+01 2.339013225380670846e+01 2.911499507150299948e+01 3.666124385225564453e+01 4.667908339970127685e+01 6.667329332159302169e+01 7.892828608946408053e+01
2.372884694381488524e-02 2.002372884694345956e+01 1.973432945559875407e+01 2.271575342240242890e+01 2.324409844383052004e+01 3.561940677097312147e+01 3.970189897257881739e+01 2.754654407364461832e+01 3.461761188551034252e+01 4.461761188554550017e+01 6.461761343533437696e+01 7.653631518207504314e+01 5.824667748262482547e+01 4.580596999305904404e+01 6.192212100999257984e+01 5.606426236119958872e+01 7.606424280637314439e+01 7.526957250503481589e+01 5.530582295418937377e+01 4.532891990474457344e+01 5.844189341386117320e+01 5.477971078807173200e+01 7.476849393714482517e+01 7.193096416285445116e+01 5.204495564986843448e+01 5.018830712199622468e+01 3.972218406272698132e+01 1.978074700141133135e+01 1.826072204954278178e+01 3.607938660987547763e+01 3.963444872620586779e+01 4.333882867750938317e+01 3.089770114379443200e+01 5.089837156077950198e+01 6.493636755220444456e+01 7.492160781986756035e+01 7.048916662520494469e+01
8.175220331382776484e-02 2.008175220331347077e+01 3.973430780418588881e+01 4.271573350698489691e+01 4.324408464499328630e+01 5.152779562557484638e+01 5.583082714211873565e+01 3.909354945760681233e+01 5.461761266043995988e+01 6.290189889432171810e+01 7.290190751447077844e+01 8.653093645969403269e+01 7.409023217294483743e+01 5.580597034078108720e+01 7.409023217294483743e+01 7.606424280637314439e+01 8.434851456517411350e+01 8.356524550431772980e+01 7.105077193622516063e+01 5.108689726680697163e+01 7.105077193622516063e+01 7.476642286163954054e+01 7.444389669807296173e+01 6.511009904859690778e+01 5.196790282398090000e+01 3.228037591142216201e+01 2.195424480728029337e+01 3.972804528281363901e+01 3.820130720248825185e+01 3.234236700426215805e+01 5.234609095589227934e+01 5.089837156077950198e+01 4.504191583155753875e+01 4.089528104028507727e+01 5.245847422242625413e+01 7.243479798030361394e+01 6.781961364122504676e+01
9.124702163186203252e-02 2.009124702163150644e+01 2.885889239757090863e+01 3.420411723581979402e+01 3.997761992771614814e+01 4.664428659438293323e+01 5.492855784184513368e+01 5.909355064246734912e+01 6.737784068108634017e+01 7.475514648550384322e+01 6.645512266484509212e+01 7.475514648550384322e+01 8.409022702354717183e+01 7.580595983802045623e+01 8.409022702354717183e+01 8.014985018208490430e+01 8.847563253419498608e+01 8.516941786332050413e+01 6.520263730514471945e+01 6.106898261983247522e+01 7.934147144880347469e+01 7.786785434605504008e+01 5.764647261387730026e+01 4.491056442787977687e+01 3.373778732046659457e+01 2.484909955307785978e+01 2.410430697282933465e+01 4.364451873464965814e+01 5.498553856191975342e+01 5.234612273614128242e+01 6.061272798719742383e+01 7.087755876786106057e+01 6.503710640970477641e+01 5.245847422242625413e+01 6.915662666340917042e+01 8.067664777712910507e+01 7.626424089099158721e+01
2.239863785106879432e-02 4.386756442570935555e+00 8.858892397570553356e+00 1.420411723581908703e+01 1.997761992771544470e+01 2.664428659438222979e+01 3.664428659438257796e+01 5.078642221811402635e+01 7.078642221811544744e+01 6.474617985690051114e+01 4.644551378248260676e+01 6.474617985690051114e+01 7.401625853073859673e+01 7.742053604569116487e+01 7.689620180856917386e+01 6.011193574813359675e+01 7.689620180856917386e+01 9.348030294987157163e+01 8.516941784739577770e+01 7.518216250859651950e+01 8.933502743015418446e+01 8.600650004945194382e+01 6.997613337306250969e+01 5.845534010593154761e+01 4.661991981295667387e+01 2.684341867456657837e+01 4.364451873464965814e+01 2.711412441062316603e+01 4.673353707413464520e+01 5.232506438429204110e+01 5.790395494521582975e+01 6.586410078062398554e+01 7.459041240768854664e+01 7.243479798030361394e+01 8.067664777712910507e+01 8.133785344179533183e+01 7.298548174650217391e+01
1.766589122093755945e-02 2.001766589122058093e+01 2.885889239757019809e+01 2.518882401612536626e+01 3.997761992771614814e+01 4.664428659438293323e+01 5.492855784184513368e+01 6.492855784184648371e+01 6.154316178848477392e+01 5.645031822366374996e+01 3.645689916462316660e+01 4.571039341034011727e+01 6.571647141154487315e+01 5.739301167693984240e+01 5.788159825620702037e+01 4.856429149902982800e+01 6.858095488964420383e+01 8.019536507302625239e+01 9.032025674507860913e+01 9.515667324572483210e+01 9.081012152036419138e+01 7.092355544085390306e+01 6.179442187842540335e+01 4.164418600708651041e+01 2.992800372639204198e+01 4.649624328757946756e+01 5.461700989962415775e+01 4.078330993503233515e+01 3.018563740697541675e+01 3.243528875838667602e+01 3.583361217328546644e+01 4.465653727678405005e+01 6.030711519858007108e+01 8.061794363473761393e+01 8.735643738140369408e+01 6.703283701826400431e+01 5.248189017491809238e+01
