LEM/with_lateral_4open/elevation_000211.asc
nrows	100
cellsize	150.0
xllcorner	0
ncols	100
yllcorner	0
NODATA_value	-9999
[rows 17 to 33 of 100, columns 0 to 36 of 100]
5.222468517465790605e-02 2.005222468517430201e+01 2.594792898084650545e+01 2.058100136735274077e+01 3.246396767658823279e+01 2.760307911073832443e+01 4.434034312784616816e+01 5.588734722913705610e+01 5.880228208409561574e+01 5.051866713907945439e+01 4.798026366188341285e+01 4.798026366189531444e+01 3.528315012417137098e+01 5.528327774086481838e+01 6.935313427744974035e+01 7.763592334936535622e+01 8.762924664998679702e+01 9.324118112688513804e+01 8.720428433876544716e+01 7.716981009875217978e+01 6.176541310639472471e+01 6.176539614569267655e+01 5.598166989508272451e+01 4.711801977677458098e+01 2.710404950181647976e+01 4.384972405574527698e+01 3.452882225984703979e+01 5.458121202522818294e+01 6.352277189522295231e+01 5.208754595409785537e+01 4.385770941367355391e+01 2.646456972532423890e+01 4.644833143012436238e+01 6.162642561748857162e+01 6.992675760579204791e+01 7.993359704029592194e+01 7.783854852118636813e+01
7.333276091007127906e-02 1.162033814470248672e+01 3.162033814470213144e+01 4.058100135334967717e+01 4.886527129899742761e+01 4.760307907507410619e+01 5.588734723769816526e+01 5.766647777634819505e+01 4.717920524525804638e+01 3.051857665513663065e+01 4.149137976722745691e+01 2.798018038784798378e+01 4.785930677607282746e+01 5.302331228994627565e+01 4.935326854752787540e+01 5.934791662897581688e+01 7.519034298647417813e+01 8.518970056088978993e+01 7.888307976657951315e+01 5.882250562560307827e+01 4.880665331204384927e+01 4.172996689969220796e+01 3.595506500720475174e+01 3.061042665378031558e+01 4.124972901845952578e+01 5.542569713298327372e+01 4.453592981373685689e+01 6.294246187994649944e+01 6.083976571471919215e+01 4.085721651559667578e+01 2.931976661292583231e+01 4.644832802155690388e+01 3.714706515472185799e+01 4.713382566292915499e+01 6.125679208790524655e+01 8.129111669863347345e+01 8.045308026567646209e+01
6.343274376862209629e-02 2.006343274376826713e+01 3.990460939216337977e+01 4.536859914978417407e+01 3.708415148287617313e+01 4.536739591569406826e+01 4.425836382272684233e+01 4.373130508774550407e+01 2.967852375253662700e+01 1.897156029172411351e+01 2.149132344512019799e+01 2.461479868290455997e+01 2.785922710562256199e+01 3.302320493700293014e+01 3.934776165555898331e+01 4.690707081954035118e+01 5.690724636770077183e+01 7.690733013342105551e+01 8.720428436176271703e+01 7.716981009875217978e+01 6.885279269589062778e+01 5.471720079212045817e+01 3.469216080674699043e+01 5.062961829365382016e+01 5.893948468498220450e+01 6.960166524750684403e+01 5.874664516218196297e+01 7.314758035499539801e+01 6.914264560129701920e+01 5.136365364099373920e+01 3.138165498204121917e+01 5.136365831297143814e+01 5.712926778629518054e+01 6.542992480560955926e+01 7.543639369633243064e+01 8.575504041283269885e+01 6.558656835284037356e+01
3.497053469895897854e-02 1.417710779484544581e+01 3.417727033816222360e+01 3.536101890643961099e+01 1.708426077297439249e+01 2.859170070186983637e+01 2.425892950415870786e+01 3.233889460191823417e+01 1.554158858887347172e+01 3.554143528361426263e+01 4.149137976723641685e+01 3.875698281804121592e+01 4.785930677564080327e+01 3.418378271897450560e+01 3.995728725204845233e+01 5.995744786267192694e+01 7.519034295867122353e+01 8.518970056085714759e+01 9.022154265757924918e+01 7.013806560410169766e+01 7.013806560410169766e+01 5.767036919757717328e+01 3.764100657621595047e+01 5.179721581089058446e+01 7.184941575368071653e+01 8.445013627182453320e+01 7.926807049682959416e+01 7.667181528319291317e+01 5.699080868112618958e+01 5.345820249891493603e+01 3.347763524536107838e+01 5.312079067124141574e+01 6.515337383832215323e+01 7.387320447335081042e+01 8.429544939174940055e+01 9.405202305074436708e+01 8.243104983304857569e+01
9.635555453094322986e-02 2.009635555453058942e+01 3.326767348693681470e+01 2.498489760579771968e+01 7.084260864334569696e+00 8.591817587223401276e+00 1.011680329054946093e+01 1.233902551277170190e+01 3.233889662584640234e+01 2.819069425893493275e+01 4.233274793255102253e+01 5.875704507374931040e+01 6.174325431948076925e+01 4.174307956434140010e+01 5.995744786267192694e+01 4.938543385505070660e+01 6.093275114470991127e+01 8.093248057302916720e+01 8.433155196989181945e+01 6.425893105403386585e+01 5.008898896978719506e+01 4.341635238409120490e+01 5.767036919757717328e+01 4.450378599426995407e+01 5.606649367332840939e+01 7.612487034929431218e+01 8.078036717642859799e+01 6.078590753910071243e+01 5.704440104583105153e+01 3.709360867348021884e+01 5.345820249891493603e+01 3.905559342280719193e+01 4.541757769316514981e+01 5.544392251405088246e+01 6.973252436985804081e+01 9.030505100259024687e+01 8.803059027602213860e+01
8.845047570523793812e-02 2.008845047570488163e+01 2.291931748703045102e+01 4.987691190890724435e+00 2.498764609187632857e+01 2.273394622101633544e+01 3.011668867536848282e+01 1.131546442308985512e+01 3.297154964459545567e+01 4.819029067621456619e+01 5.647347585579210261e+01 7.061420414686273261e+01 7.002654864136768254e+01 5.329023311094412918e+01 7.002654864136768254e+01 6.093275114470991127e+01 6.938563140386963823e+01 8.921449640434065032e+01 8.653097175837143595e+01 6.645384401872603064e+01 6.881289269166455824e+01 4.876564381264460479e+01 6.881289269166455824e+01 6.454416117651979334e+01 5.267793130284075431e+01 7.273064882336790049e+01 8.075212512562646339e+01 6.078590753910098243e+01 4.085691424198343213e+01 5.704440104582933913e+01 6.433942546986125421e+01 4.430351993013423595e+01 6.458906721730465961e+01 6.185130721129157649e+01 8.224618085148811986e+01 8.803059027602213860e+01 6.788189994526419468e+01
8.023991185656004221e-02 1.498002321873233234e+00 2.919340430910638773e+00 2.291931748703045102e+01 3.327168506678920323e+01 4.273365582785905303e+01 3.526442878243455681e+01 1.412479712408052102e+01 3.526442878243455681e+01 4.646478971882434905e+01 6.644385562445093285e+01 6.810478755534879269e+01 7.163505731538549526e+01 7.329029603080694244e+01 8.157289839220329952e+01 8.093248057302918141e+01 8.921449640448162199e+01 9.766518967684820041e+01 9.486038235947528108e+01 7.826962364414912088e+01 5.820886789107344583e+01 6.881289269166455824e+01 7.713387277155796085e+01 6.269633639829169169e+01 7.273064882336790049e+01 8.105404043002509695e+01 6.658855529452141297e+01 5.249917227356715443e+01 4.361205896772847268e+01 6.352828215807078038e+01 7.309179169607877213e+01 6.460699297958834109e+01 5.358868782379039430e+01 7.419759088420828164e+01 9.072935431504622272e+01 8.583457722240962084e+01 6.567450509341374243e+01
4.598823041778624804e-02 2.004598823041743216e+01 1.706134308757216189e+01 1.446634526943295995e+01 2.860845369910171598e+01 4.860770385898307211e+01 3.751392024916845713e+01 1.714355288911131581e+01 2.645003712671561047e+01 4.061146426734236314e+01 6.059596740923606717e+01 4.812972141031243467e+01 5.166446306387139487e+01 6.577874462253684840e+01 7.989302618120224508e+01 8.988689540770286612e+01 8.739204565345890785e+01 9.564153716883620859e+01 9.467598952402308043e+01 7.458237705447355381e+01 6.978163021041216041e+01 8.659637521180026454e+01 9.035585224659978110e+01 7.027224243608155518e+01 9.035585224659978110e+01 9.491569495673122958e+01 8.075212512562646339e+01 6.682361520538087518e+01 4.686480458927949400e+01 5.325863053540822989e+01 7.268581820757559342e+01 8.290497282858974870e+01 6.812349573825555638e+01 6.748076604166107018e+01 8.882557981619397935e+01 8.803059027602213860e+01 6.788189994526419468e+01
7.340434288523949025e-02 2.007340434288488495e+01 3.705201656544123523e+01 3.446604188984345996e+01 3.446609845044994103e+01 5.137436228111615577e+01 3.138116746677948399e+01 1.976190647425495328e+01 3.983128588235084067e+01 4.595847841637364439e+01 4.920170602935500881e+01 3.398995959455148608e+01 3.752549410144607123e+01 5.166446306387139487e+01 6.168123291816553433e+01 7.329065322341148203e+01 6.744966523054044671e+01 8.739204565345909259e+01 9.965068426424294046e+01 9.467598952402308043e+01 8.986443830178926362e+01 9.819683329376093184e+01 9.868886362254590949e+01 8.446311296134474844e+01 9.868886362258565725e+01 9.646561267146348939e+01 8.749075920382914262e+01 7.021899557597724595e+01 5.022283167041458540e+01 7.021899557597711805e+01 6.385200721539435875e+01 8.284051175217355478e+01 8.922445176982515136e+01 8.650349952848729629e+01 9.772712296418812628e+01 9.631040265436205061e+01 8.131802934115717107e+01
3.515918393995972474e-02 1.158216456773237546e+01 2.572430019146307600e+01 4.572430019146236191e+01 5.446470204913410385e+01 5.964591433861025394e+01 4.810688040961630918e+01 3.397616740917090539e+01 2.328503822738662876e+01 2.596401892897489816e+01 2.920901382488422371e+01 4.920170602881806587e+01 5.751371469577227202e+01 4.318233726430940322e+01 4.754666557782296366e+01 5.331994944943910752e+01 6.148262957086653557e+01 7.147112405108416056e+01 9.140284498453681294e+01 9.938776504373174703e+01 9.120495744674521177e+01 8.863370517331365761e+01 9.681668257580453485e+01 1.045821833485910020e+02 1.023587458193722881e+02 8.225899316424420249e+01 6.808463405986049111e+01 5.914959897114421494e+01 5.947617125914874947e+01 5.675765499056978314e+01 6.378452436328650776e+01 7.616759382199769846e+01 9.107571659196439384e+01 1.085128087766743619e+02 9.118581745017424112e+01 8.283556165591895137e+01 7.306565431469640259e+01
4.608085242692564615e-02 2.004608085242657012e+01 3.302884598485820788e+01 3.905907287641337433e+01 4.613014068827872904e+01 5.441441193559946754e+01 6.223759254113041095e+01 4.962250157520876570e+01 2.961629710158559092e+01 4.595740306815817888e+01 3.326756354030603546e+01 5.325217709307467118e+01 6.966826878288490832e+01 5.472703328402642597e+01 6.752560762350688606e+01 6.019063596380977543e+01 8.014652280822171804e+01 8.968770520509667676e+01 9.965068426424294046e+01 8.795564374086519877e+01 7.138490117408552749e+01 6.879561742237245880e+01 8.537713062991151958e+01 8.973687925955206879e+01 9.750120151978393324e+01 9.646561267146348939e+01 7.917432554477979068e+01 7.917432554477979068e+01 6.859134466927551443e+01 6.167647860892982692e+01 8.163602338017638260e+01 9.516710427160168706e+01 1.032611013105278346e+02 9.597812901332805779e+01 8.283556165591895137e+01 6.303997030320267214e+01 6.883796477281546800e+01
1.610643649003322755e-02 2.001610643648967880e+01 1.302884598485892198e+01 1.905907287641408843e+01 2.613014068827943959e+01 3.767714607207154387e+01 5.767714607207083333e+01 5.678559569996906475e+01 3.668797396219626705e+01 5.660876034371836596e+01 5.325217709309911385e+01 4.143240664994193878e+01 6.141241278394018366e+01 7.469353965553501951e+01 8.294867623221470865e+01 7.430965843028695872e+01 8.839343261689691644e+01 8.798429320729773906e+01 9.381715192389326319e+01 7.976184262237158862e+01 5.980246596547745241e+01 5.718550881488067716e+01 7.469101710255468163e+01 7.104358289796167014e+01 8.563785212625130328e+01 9.412084569772095222e+01 9.925609923437093585e+01 9.383806129541429186e+01 8.003952762090804640e+01 6.789754988621436382e+01 7.792901445748239553e+01 9.813032155810901713e+01 1.019601412105175200e+02 8.164949625288613788e+01 6.764800975365447755e+01 5.797884391324737408e+01 4.925907903070256566e+01
2.022278438842990689e-02 5.184200579331629477e+00 2.518420057933127509e+01 3.905907287641337433e+01 4.613014068827872904e+01 5.441441193559946754e+01 6.596141731929374430e+01 6.533392696115119236e+01 4.825061162972904327e+01 6.482959729290057282e+01 6.964280894172088665e+01 5.297696424645339164e+01 5.407734322303605268e+01 6.819910110269385939e+01 8.813111529544983114e+01 9.423557698704127006e+01 8.211280304398788132e+01 6.799910782511193474e+01 7.385263310028371109e+01 7.715844647470969164e+01 6.668659720391248413e+01 4.811706831384756100e+01 5.518343988977999715e+01 7.193412888453258347e+01 6.512741480568250552e+01 7.968456834572387493e+01 1.002833874065857174e+02 1.074155615046605021e+02 9.474745792796957744e+01 7.447426805416773732e+01 9.474745792796957744e+01 1.064829347923605809e+02 9.883493819287154736e+01 8.878586363196957620e+01 8.048900385733654161e+01 7.285997838965198525e+01 6.048949984148915604e+01
6.642187732006160639e-02 1.161320735643191959e+01 3.154568895438723075e+01 4.375481215587696227e+01 5.204098369210669262e+01 5.934860492802804544e+01 5.536535326738746932e+01 6.352014207220205577e+01 6.840769996066396175e+01 7.647869862650038897e+01 8.103307393877274478e+01 7.298754556074095490e+01 7.403547841574490462e+01 8.229712499145875881e+01 8.942870271730211584e+01 8.117813196874847392e+01 7.385263310028365424e+01 5.382896229697431778e+01 7.385263310028364003e+01 6.553182629624603805e+01 5.066244488638296417e+01 4.250920876701920292e+01 4.726003597544590917e+01 5.229691110610966831e+01 7.256551621933255092e+01 9.196097588648876808e+01 1.038769702689495915e+02 1.149913856074492315e+02 9.474745792796957744e+01 8.616677515820984468e+01 1.031122507228018321e+02 1.047435456874240458e+02 8.469367277405689265e+01 7.041186312621941568e+01 6.030449972406523784e+01 5.268867160547409156e+01 5.928486963564239431e+01
1.591255364720534082e-02 2.001591255364684940e+01 3.978951139275969950e+01 2.398916054852374558e+01 4.072946506146820411e+01 3.976350864181070932e+01 3.570351219788993546e+01 4.548919075098516629e+01 5.946321286130191197e+01 7.930686647384001731e+01 7.833409038921570300e+01 6.995352265268810754e+01 6.742910880368287962e+01 7.588836779651870756e+01 7.789362258516923987e+01 6.117364225147646550e+01 6.677319639565003229e+01 4.672918924428110898e+01 5.780924388925945578e+01 5.789728098345001683e+01 3.781681538370017392e+01 5.789728098345003104e+01 6.741730409169478833e+01 7.256551621933255092e+01 6.308448971524008186e+01 7.480580299751468942e+01 9.537168244740749401e+01 9.769277032580859554e+01 1.059606650278628877e+02 1.064688885732768426e+02 1.148028995521303273e+02 1.052111980286000232e+02 9.363270726100687114e+01 8.535002848719871338e+01 7.642510478903315629e+01 6.335113318132778204e+01 4.322415732511367992e+01
6.189296070378335485e-02 2.006189296070342820e+01 2.694821286042477837e+01 1.256469018047557640e+01 3.237607323707891283e+01 2.596930284479339690e+01 4.553568324466603912e+01 6.338265158781865694e+01 7.342044484108205893e+01 6.664655039211304199e+01 6.991236410532732748e+01 4.989390183785163657e+01 4.729557023354240641e+01 6.424221692763788383e+01 6.894321162508055068e+01 4.958993795676182259e+01 6.894321162508055068e+01 5.780924388925946289e+01 3.772483627523398297e+01 5.081444129727951520e+01 3.473202019458136647e+01 4.296624341590673168e+01 5.301058173940011642e+01 6.718203562568476173e+01 8.349796641089042737e+01 9.200871592859736836e+01 9.431665269151918096e+01 7.743877624514837521e+01 8.863490880976172548e+01 9.694125185552434232e+01 1.085616715228291582e+02 9.696320311458777041e+01 7.684856316134450083e+01 6.517209727368648942e+01 6.810194579280040728e+01 4.794575194573449295e+01 6.335113318132778204e+01
2.247884206357958492e-02 3.503794951849388273e+00 7.037601162539210975e+00 2.691274367783134380e+01 1.882110990116351701e+01 3.848084699998612024e+01 4.124432411940494347e+01 6.006696466402230783e+01 6.079904734993137083e+01 4.653216128741069468e+01 5.519054431459065313e+01 4.678516956617789191e+01 3.574064335094359279e+01 5.581013540947755303e+01 6.066700166098767966e+01 4.059197964089344879e+01 5.168917888364052970e+01 5.223883146697576763e+01 3.211789361163724976e+01 3.068380511533866084e+01 4.077845615602716833e+01 6.084882376804777238e+01 7.129620546317282503e+01 8.129694515702909996e+01 9.541185468837373662e+01 8.891386265961703828e+01 8.054048192899628589e+01 6.525090077594742866e+01 6.799808850157532447e+01 8.009757274092984858e+01 1.002971267604310839e+02 9.918976431693660345e+01 8.913769066979384093e+01 7.370032256831906636e+01 5.351530974234258764e+01 6.810200916865544229e+01 5.957235767692021255e+01
