LEM/with_lateral_4open/elevation_000261.asc
nrows	100
cellsize	150.0
xllcorner	0
ncols	100
yllcorner	0
NODATA_value	-9999
[rows 51 to 67 of 100, columns 0 to 36 of 100]
6.455108993161302877e-02 8.229516899208221048e+00 2.822942355639693446e+01 4.693055648781077593e+01 5.756100026726222296e+01 5.437319098862833044e+01 3.608913527119521802e+01 5.437321406661546774e+01 6.592008671715684898e+01 6.654089737391160497e+01 5.825475459551883972e+01 6.083741821701445218e+01 6.913119629901497376e+01 6.854643349244140893e+01 4.891363557777734883e+01 3.936771744384081728e+01 4.268548240297991470e+01 5.661487079736538419e+01 7.618612978732539887e+01 8.165985484691361762e+01 6.198281956802303228e+01 4.794976780456821785e+01 5.966427516869826064e+01 6.704477034021789450e+01 5.489121384535573611e+01 3.481205899014523197e+01 4.932226028747495405e+01 5.155119254958127328e+01 3.151282257334546344e+01 4.185135091471085644e+01 6.256867722894801176e+01 6.544092016504795595e+01 5.313783249690328603e+01 3.496290913717668047e+01 5.474163377634748429e+01 7.208211954592648851e+01 6.810569824339987122e+01
3.995603441288197999e-02 2.003995603441252626e+01 2.237165233876852355e+01 3.651378528170106108e+01 5.651363542005552887e+01 6.437311024941028847e+01 5.608909759350621016e+01 6.437311495503884373e+01 6.247595825480357234e+01 5.419007125404290548e+01 3.830414675400331248e+01 4.089537717548545714e+01 6.083741821701445218e+01 6.640050029234544127e+01 4.676530580591418129e+01 3.250998638178599265e+01 4.674098974746058843e+01 5.284913561621531386e+01 6.100501404037370889e+01 7.085492964986255515e+01 7.107538808178094314e+01 5.131076074542890098e+01 3.968995748649851407e+01 4.719119031651971596e+01 6.040781601986666516e+01 4.932226028747495405e+01 2.896025491097360316e+01 4.225851528707097771e+01 2.481715519950000726e+01 4.504350911688983672e+01 4.775623776018836963e+01 4.875934118725756150e+01 5.007050860188230956e+01 3.299976273507269298e+01 4.374034212733482718e+01 5.284617711515425498e+01 6.281145729534112832e+01
4.804567899273937126e-02 1.419018130272381484e+01 3.419018130272451828e+01 5.065532066936727063e+01 6.113753363995153478e+01 6.113753363995153478e+01 6.952230421870162047e+01 7.090321781958455460e+01 5.419007125404290548e+01 3.420365813935190147e+01 2.670009745074084861e+01 4.673626578678721444e+01 5.420809058763719435e+01 6.005929403036648750e+01 6.066095146251601022e+01 4.674098974746058843e+01 2.647854735974015483e+01 3.283382616741322124e+01 4.299516127947056532e+01 6.270310995300381762e+01 7.922279503712549342e+01 6.782775474996054754e+01 5.300616927463112660e+01 3.277767312487960538e+01 4.537386267978347121e+01 5.087878015527207509e+01 4.266078681120448124e+01 2.343103607024568547e+01 4.398333983126138946e+01 2.624566472752076862e+01 2.726881834043628317e+01 2.830683659218690096e+01 3.023454828423217222e+01 4.977990463033427915e+01 5.228963966497218507e+01 4.297112105083444789e+01 4.557757238770329167e+01
9.707512844716031930e-02 1.164408051223977836e+01 2.578621613597098161e+01 4.578621613597238849e+01 4.039826024338538701e+01 4.039826024338538701e+01 6.113753363995153478e+01 5.084526001703482478e+01 5.084526001703482478e+01 4.005754300904914089e+01 2.000456733770034745e+01 4.005754299770647719e+01 3.422737710319427151e+01 4.007959256472688025e+01 5.432327927041335869e+01 4.284148089179792152e+01 2.249742423925790291e+01 4.284148089179792152e+01 6.100501399673358804e+01 7.085492944430063744e+01 6.532501652389038327e+01 6.169937099289270321e+01 5.348468848668926512e+01 4.701243972785347580e+01 2.657764322123362888e+01 4.134556131520466948e+01 2.211699945795417932e+01 4.266078682141910861e+01 3.330655391647897545e+01 4.677473625811391145e+01 4.776398131224234334e+01 4.684442930939111704e+01 3.009251489191738926e+01 3.148931584263562300e+01 3.288818245190152822e+01 3.428725077805795252e+01 4.650673956230463091e+01
5.001202446392439237e-03 1.414713682617746748e+01 3.414713682617875889e+01 4.647265278435781966e+01 2.578396489679404979e+01 3.612830884057594716e+01 4.416849410307963097e+01 3.675627982403381822e+01 3.092041898657317844e+01 3.504429897992616816e+01 1.499720036026384484e+01 2.843038259164226034e+01 2.001867156934929071e+01 4.005265866428630517e+01 3.196999198617200832e+01 3.505423382546416633e+01 1.922251888460808189e+01 3.367917206454870183e+01 5.369352087509560079e+01 5.950055446249707813e+01 4.560473146099835162e+01 5.347207511685003567e+01 3.325676424660640862e+01 3.917371739999317271e+01 4.007122354734342906e+01 2.081771222459687110e+01 3.544176044853491447e+01 5.091953599951395404e+01 5.350422448149871713e+01 4.425723212960765807e+01 6.412283686924371295e+01 6.050995228360325484e+01 5.175131938988555191e+01 3.446606235889282033e+01 5.289134424806811552e+01 5.182058378406390631e+01 3.628555410759733491e+01
5.279685921607564503e-02 1.419493247855709583e+01 3.419492823868586129e+01 4.168592536538716331e+01 3.034970480975053420e+01 1.590500524505536362e+01 3.564092199940056105e+01 1.693450323423515513e+01 3.642421047114541466e+01 3.446654728623521180e+01 2.163372900712287716e+01 8.329536706156535075e+00 2.842820286720764855e+01 3.246953650642147693e+01 1.648390219260983613e+01 1.484556199299752954e+01 3.440147945034161836e+01 3.386094807354475478e+01 3.448209339349444491e+01 4.293876482856114762e+01 3.128138702202161525e+01 3.723494289977215033e+01 3.780371336652908809e+01 1.869143656434605205e+01 1.956610197999491518e+01 4.007017884588735512e+01 4.961258057328088000e+01 6.378941851687437747e+01 7.227785255006479304e+01 5.835160949604266989e+01 6.412283686986347675e+01 6.726660123154753990e+01 4.748487808044007608e+01 3.752911711816238949e+01 5.737555622362232555e+01 6.623370200285330611e+01 5.926406229893660083e+01
5.738623160518319517e-05 1.890039853893723176e+01 2.772890263353443530e+01 2.337239444495945406e+01 7.942262697280247252e+00 1.943294264206666355e+01 2.413482425552088273e+01 1.037299339384714791e+01 2.928008819391569872e+01 2.615610725628229005e+01 7.407339096120796995e+00 2.748732686768126143e+01 9.264759139536593580e+00 9.927913495365949359e+00 1.059405621834253886e+01 2.934087635988651144e+01 1.255345305434911651e+01 1.325542912960539610e+01 1.395913635780284956e+01 3.431794346133128215e+01 3.494464235483181369e+01 1.681461405475426929e+01 1.758673729182821788e+01 3.803401152412739350e+01 2.076172116127003875e+01 4.140147154613345748e+01 4.049535904403856534e+01 5.476623488389042649e+01 7.452219709118806179e+01 7.805581226751696988e+01 8.381322255503513929e+01 6.726660123154753990e+01 6.566237755715340541e+01 5.737573965599376891e+01 4.211687401321545821e+01 6.184564528537377015e+01 7.510623454434099244e+01
4.532054705376769438e-02 2.004529155346758884e+01 2.131992522252499356e+01 2.189530312179710059e+00 2.806450010655346716e+00 3.428420424208860062e+00 4.053115471410684734e+00 4.678726715129231550e+00 2.460258548905591525e+01 6.487335482616144233e+00 2.574972867244604657e+01 3.446460397671818754e+01 1.783593102431778377e+01 1.707076386567214854e+01 3.009366768270778181e+01 1.156293808214914343e+01 1.781759027279819918e+01 3.243896868612972639e+01 3.405217821333784656e+01 1.495518815408012081e+01 1.572606421822081302e+01 3.611158190037391336e+01 2.654917041208838313e+01 4.525416721835998857e+01 4.140147578656911520e+01 2.313747502880766405e+01 4.417596562437994123e+01 5.522121188952834814e+01 6.927132540059342602e+01 7.490311728133708868e+01 8.307524053314182311e+01 8.733667428022413048e+01 7.592372382384724006e+01 5.601431422258448123e+01 6.184564528537377015e+01 4.704379560410487926e+01 6.678353132655585966e+01
9.001595176218035732e-02 7.040215116076968815e-01 1.318316628441647431e+00 1.887310169999220832e+01 2.123740664533152156e+01 1.080114057708970243e+01 2.391319539193765564e+01 1.391081229846982481e+01 5.568715051627294521e+00 1.077483670859563425e+01 3.260721083296749612e+01 3.065481627612724225e+01 3.600440031298413146e+01 2.446136004769586592e+01 3.110295701867346807e+01 3.216577802061550528e+01 1.631592359810141346e+01 3.560715799066774423e+01 3.703617131111959537e+01 1.665108863247219873e+01 3.579940678170969903e+01 4.352496829948186274e+01 3.767911545745527491e+01 5.399153778920143765e+01 5.242680801282507730e+01 4.409663741193280373e+01 2.618840051139106606e+01 4.117109837846324893e+01 5.809232918240385857e+01 5.517865448399680872e+01 7.287691700545390461e+01 8.101639297224686231e+01 8.430258051470656255e+01 7.592372382384724006e+01 5.943678284290730574e+01 6.678353132655585966e+01 5.278805462949316762e+01
5.674351268809080251e-02 1.961515337306016349e+01 2.131299013652129304e+01 2.089141830512289744e+01 3.274429854985390165e+01 1.879038032295684246e+01 2.937864676456463187e+01 9.366182936893093114e+00 2.567973669738827169e+01 3.227094178962335747e+01 3.446619624072280175e+01 4.143065617553458679e+01 3.951485356254296022e+01 3.971749884119243745e+01 5.036229281431078419e+01 3.944451618804552595e+01 1.957184807807843541e+01 3.944361648191205205e+01 4.171087766669634078e+01 2.781992175528042566e+01 1.910758373977113322e+01 4.313543297263225185e+01 5.695490703480989225e+01 6.535270466318657157e+01 6.133307857886865833e+01 4.118380980176950601e+01 4.693654960668297349e+01 2.952650842921307728e+01 3.891757476929578274e+01 5.879731666873272644e+01 5.316856169916681552e+01 6.711940301697728728e+01 8.677678536198712322e+01 8.782875866804039333e+01 7.088841903537687017e+01 7.709802288559549766e+01 5.714560363089400852e+01
9.518805923843161321e-02 1.435930224976065617e+01 3.487917344153411392e+01 4.020290474921664270e+01 3.438531331140664093e+01 3.022653219464126906e+01 3.220827640997651287e+01 1.208825394933823816e+01 3.220920585403147385e+01 4.473756668251751023e+01 5.649370632476681919e+01 5.874394441916376053e+01 5.272387324573266909e+01 6.267664220603752767e+01 5.871918151975697242e+01 4.353699309791869609e+01 2.309024019432341390e+01 4.353699304756227662e+01 5.018897761013350589e+01 4.035910082047451652e+01 2.087420657105001709e+01 3.544079874124314955e+01 5.563861835273716849e+01 7.372958824825668955e+01 6.994308486847376116e+01 6.132268756115039565e+01 4.628174398924386423e+01 4.981456874770067600e+01 3.288240289385134929e+01 4.060827577903869212e+01 6.041225866470739447e+01 7.310038992897406729e+01 8.447158637719239493e+01 9.951586422846754942e+01 9.108740855202002251e+01 8.266697300766583112e+01 6.258783779203962894e+01
9.062254805971975413e-02 1.181092269196589228e+01 2.724082124716230169e+01 4.997874288248525687e+01 5.045864378552673912e+01 4.719217245021779661e+01 4.057612159145025288e+01 2.630135945997396618e+01 1.618230372066777534e+01 3.637254306980970853e+01 4.167633739446768715e+01 6.180945036712638796e+01 7.165182600845771788e+01 6.473378691317581968e+01 4.448870798029597751e+01 2.978200818904660707e+01 3.487921459312185846e+01 5.188962264213680697e+01 5.484545857737783336e+01 3.464426262762523123e+01 2.268825572036330840e+01 4.318229209293800608e+01 4.564903668644455337e+01 6.562337912059554412e+01 7.848239133671914658e+01 7.437343237257096007e+01 6.615908398044646788e+01 6.104932078138798346e+01 5.292839446820836713e+01 3.623964159518219930e+01 4.519208900220068870e+01 5.661795731410911969e+01 7.631563871815771449e+01 9.525530829484863204e+01 1.029973841264977494e+02 8.266697300766583112e+01 6.919150172684962286e+01
3.063233560239582431e-02 2.003063233560203926e+01 3.251150159720388189e+01 4.665515736866966279e+01 4.970915919958360263e+01 5.799596982929226385e+01 5.484712374955000058e+01 4.159156694517273678e+01 2.137820251935104920e+01 2.146797828104176631e+01 4.167633739446768715e+01 5.583463650534952905e+01 6.588292774676008889e+01 7.012137425367059507e+01 4.999280704887826943e+01 3.543153124864418402e+01 5.536373847580944840e+01 6.362506825453900206e+01 6.308665000931809175e+01 4.524067872410962821e+01 2.475975312072957735e+01 2.896715090519448665e+01 4.931718868529480204e+01 5.039056372094621139e+01 6.447419085481514855e+01 8.430567250467566964e+01 8.280696469710071028e+01 6.312729195279157324e+01 4.916724114177724658e+01 3.923121943432467873e+01 4.182159077735573760e+01 6.159414058121652857e+01 6.741126461906857514e+01 8.437330796074228090e+01 9.573299711653167776e+01 9.784481294865622658e+01 8.343456964188263214e+01
5.666595628964066211e-02 4.226954237431154837e+00 1.836909068808849455e+01 3.556667433497588604e+01 2.970866529839909020e+01 4.970915919958360263e+01 6.242378327355966405e+01 4.718434986389073060e+01 2.701951667982313410e+01 4.167633739446768715e+01 2.733979146898768775e+01 3.746206824220482190e+01 5.162845494471623198e+01 7.172770928275046742e+01 6.362899106204994837e+01 4.331883986381646423e+01 4.998748304880297866e+01 7.000407199982358009e+01 6.267810946952327811e+01 4.230501162271249171e+01 2.687669755967109708e+01 4.731594388609277502e+01 3.609807028887290414e+01 5.621683476835844573e+01 7.173762593547780853e+01 7.992185694228373904e+01 8.982645398432640604e+01 7.704682669599817757e+01 6.211549013283590170e+01 4.235415378133490805e+01 6.159414058121652857e+01 4.768443723088483921e+01 5.652404008769027399e+01 6.790755504822031696e+01 8.757315195365954708e+01 9.924531335557571765e+01 1.038178992060738892e+02
2.110006612196471329e-02 2.002110006612160831e+01 1.071581108266302707e+01 1.556652358339373876e+01 2.263759073904913777e+01 3.418421395542306840e+01 5.416595011584858810e+01 5.324128619301481535e+01 3.315270101023765648e+01 5.324128619301481535e+01 4.748872924286913388e+01 3.430758025279597945e+01 5.436004783599926071e+01 7.119615879281631976e+01 7.198652251600738339e+01 5.350977269926659829e+01 6.992804008701757823e+01 7.803184614875091540e+01 5.980356937265302264e+01 4.203853807544781063e+01 2.905835646930439964e+01 4.943749834008664124e+01 5.621683476835843152e+01 4.520398662913253673e+01 5.189194626954272849e+01 6.182636110697498566e+01 8.164984736246842090e+01 7.664415995973108409e+01 5.695296576266141386e+01 4.554154005337740330e+01 6.527544368938762887e+01 6.741126461906857514e+01 5.515803888876981631e+01 6.261447198796514613e+01 7.143135703019954974e+01 8.533302717370705182e+01 1.049693663336765326e+02
9.367352646185668485e-02 2.009367352646150096e+01 3.071589641231267720e+01 3.556667433497588604e+01 3.557828318416417090e+01 3.677798841922179207e+01 5.673982438682655527e+01 6.032706030862183155e+01 4.028546460021446052e+01 6.032706030862183155e+01 6.269912250809479559e+01 4.589679447254052036e+01 4.288451671904667961e+01 6.286967332788363905e+01 8.198423820137617213e+01 7.376279049864943715e+01 8.173355549406670661e+01 7.074068447393021586e+01 5.089356266895353542e+01 3.666968762281210559e+01 4.943749834008688282e+01 3.255045128735436322e+01 5.278702182406597387e+01 6.444836288148817971e+01 7.173762593547780853e+01 7.989235654486965643e+01 8.982028872565227573e+01 8.479894879223175508e+01 6.865544613799664830e+01 4.894681445534176589e+01 6.865544613799664830e+01 8.301047227944297902e+01 6.909688270799223631e+01 7.124825698289670584e+01 9.044976808271209734e+01 9.924531335557571765e+01 9.746442085526011567e+01
3.648181865326004941e-02 2.003648181865290567e+01 2.899047759288926329e+01 4.895927747704173072e+01 5.565090237777621951e+01 5.673982438682655527e+01 6.494716834974526876e+01 6.873085609495468873e+01 5.182055011433450176e+01 6.873085609495468873e+01 7.429101415079948367e+01 6.592106692914796895e+01 5.440346412953253008e+01 5.550076352922106082e+01 6.959983134321980458e+01 8.941016050482230071e+01 7.663714871954420005e+01 5.679667571487171784e+01 4.532246393909287718e+01 5.671400664158758076e+01 6.102050769532051788e+01 4.695168121334188527e+01 3.614262576147842054e+01 5.623230589382584554e+01 6.701139159063356487e+01 7.545207171394012846e+01 8.715191521323184531e+01 8.355447615660347083e+01 6.387483477539024079e+01 5.249933772288282086e+01 7.219242990760474754e+01 8.806856944747075033e+01 8.876190227911723696e+01 9.091206824493006877e+01 9.907795717929238322e+01 1.008285555493005461e+02 8.917706859316174928e+01
