LEM/with_lateral_4open/elevation_000049.asc
nrows	100
cellsize	150.0
xllcorner	0
ncols	100
yllcorner	0
NODATA_value	-9999
[rows 34 to 50 of 100, columns 37 to 73 of 100]
7.868926947060023736e+01 8.701412368315538970e+01 7.352054808663936569e+01 6.193179542926839787e+01 4.184760300921324472e+01 4.285972289183484207e+01 4.521410072883764286e+01 4.757740650275820116e+01 6.746668964719950168e+01 6.249743196914399590e+01 7.431718149901207937e+01 9.459900938548094018e+01 1.011229834624947301e+02 8.104105384535876055e+01 8.692291485090645153e+01 9.522162782102866174e+01 7.828309431716607492e+01 6.662570266843648881e+01 4.646534023372660016e+01 6.639358448577263516e+01 6.825052947184646257e+01 5.577216366005246329e+01 7.593819931394284595e+01 9.012381466308937661e+01 1.001788905733598938e+02 9.587894262651643373e+01 7.589955537147386622e+01 7.225310209623371804e+01 9.228012886093696920e+01 9.397690396836605942e+01 7.424057013614557832e+01 7.790663862536548834e+01 7.330015089311577015e+01 5.319497649479551882e+01 6.619189831102909238e+01 7.445129875559486266e+01 6.203338794433082626e+01
7.751866934848001733e+01 7.324213303682307696e+01 6.520388468306990148e+01 4.516651202143680877e+01 6.193179542926107928e+01 5.676092412092665285e+01 5.646745443512433127e+01 6.746668964719950168e+01 5.096181893470502899e+01 7.111604552832639570e+01 8.353567402873990488e+01 9.525956506735295193e+01 1.094022017966985345e+02 1.011229834624947301e+02 9.428886021345424240e+01 8.267488441945826594e+01 6.996025035127662761e+01 4.981450387482713893e+01 6.662570266843648881e+01 7.487555687119031234e+01 8.264774193193730412e+01 6.248801992434256647e+01 7.223941596213892069e+01 8.650482286723935488e+01 1.066182109874547734e+02 1.040245839254326938e+02 8.519951012690330572e+01 6.511343835093279608e+01 7.831021588982318349e+01 7.490998656211301920e+01 6.572899873487480704e+01 5.780177834024736683e+01 6.640320877978304281e+01 6.396804617093862078e+01 4.611245123711262295e+01 6.418923632273923374e+01 5.372867704655897114e+01
5.745993603482718015e+01 5.321803254148788653e+01 4.984095091099749908e+01 4.857298977925582051e+01 6.858755470279996302e+01 7.692667769837946423e+01 7.074895459128359221e+01 7.950592048779772369e+01 7.111604552832639570e+01 5.475293308272585335e+01 6.654055183207832158e+01 8.692612005573148792e+01 9.968139979678571194e+01 9.902812753709483218e+01 8.598847797565210271e+01 6.584054563771562130e+01 5.421188741228366581e+01 5.362386029794750186e+01 7.376693334596703266e+01 8.777994131797117916e+01 9.102675236763693079e+01 7.676401186546281963e+01 7.676401186546281963e+01 9.694877334362595889e+01 1.097560409708164855e+02 9.984563984565585315e+01 8.349965837119222556e+01 6.340103406474905512e+01 5.819418790625412896e+01 5.479096663383829480e+01 5.148727768596537402e+01 4.881056554124072022e+01 4.631591582918222372e+01 4.390381313958790344e+01 4.154798270884841571e+01 5.595532013377418679e+01 3.604846128370275693e+01
6.213323313186993602e+01 7.324213303682307696e+01 6.985744229067424271e+01 5.205557757378542760e+01 6.202495805881820701e+01 8.211774516453915851e+01 9.104467266970945616e+01 9.175329466773062848e+01 7.142653776801715537e+01 7.515656715776553654e+01 5.913698769968181779e+01 7.103914413608769962e+01 9.136081346319413399e+01 9.073644602456245423e+01 7.059252359912244401e+01 5.895260232472473660e+01 7.435606381673112253e+01 7.376693334596703266e+01 5.931316488300103629e+01 7.946741655747004529e+01 9.380174286925056037e+01 9.694877334362595889e+01 9.694877334362595889e+01 1.052894928698108004e+02 1.016315108013918831e+02 8.172519361129694460e+01 7.164472554777502467e+01 8.349965837119222556e+01 7.831021588982318349e+01 5.883711514110662932e+01 7.160244006032831976e+01 6.303785282275549662e+01 6.052303589340109369e+01 6.396804617110005609e+01 5.863244407552784310e+01 3.860546413278678557e+01 4.010592624234966763e+01
6.880316106890798267e+01 8.894255223865667404e+01 7.585891591930942468e+01 5.581703101471236295e+01 7.585891591930942468e+01 8.211774516453915851e+01 1.022362942753467365e+02 1.000788125572664882e+02 8.465726133536647069e+01 6.422867976345256125e+01 7.962809220679905309e+01 7.368527653509187303e+01 9.397531840014875115e+01 9.689653455685790107e+01 7.677814687057721699e+01 6.250773880392620185e+01 8.267068619734891399e+01 8.777994131483600881e+01 7.095423477689722347e+01 6.602570527632539665e+01 7.365839285914994150e+01 8.270085013282965747e+01 9.433411385943043115e+01 1.143233372528045351e+02 1.097560409708164855e+02 9.167835220634447069e+01 8.327467361905792131e+01 9.984563984565582473e+01 8.428059992626489816e+01 6.422644132012064233e+01 8.428059992626489816e+01 8.310529914769627169e+01 8.059920191118484922e+01 6.412050917148501128e+01 4.401561105614475622e+01 5.863784910074218715e+01 6.002607414333379410e+01
7.780702376218127370e+01 9.419184391540375145e+01 7.440507838452379019e+01 6.026157519577232335e+01 6.846141210101532693e+01 8.007889879350923934e+01 1.002122134657190742e+02 1.025747166288599459e+02 8.240520314513747735e+01 6.796000180848363925e+01 8.831271687127893699e+01 9.397531840014832483e+01 1.022912192519209782e+02 9.809803110378759072e+01 7.797924475514247433e+01 6.631251592025776631e+01 8.648244438962878178e+01 9.938796173409185997e+01 9.109663913676384084e+01 7.505857889477842093e+01 7.879805343561145037e+01 9.890505927172743839e+01 1.110518343875189942e+02 1.225853554843904334e+02 1.195632164322838236e+02 1.112779154509871233e+02 1.031579906418172499e+02 9.368364928428451321e+01 7.373676938962204019e+01 8.428059992626489816e+01 9.154078653179729486e+01 8.980670863574901830e+01 8.134163747172161152e+01 6.816118942984502382e+01 4.800272264081819884e+01 6.813198315891160917e+01 7.066308671060903634e+01
8.945864900609535653e+01 9.517470629795390380e+01 7.616450544655461385e+01 6.559233043148077513e+01 8.575107316434952054e+01 9.691525050083998849e+01 1.085306150049053713e+02 1.042655185447452482e+02 8.412121434222514438e+01 7.236096036690074129e+01 8.089486760836351209e+01 9.259179787422873176e+01 1.126681185025223044e+02 1.063752318066731277e+02 9.068785093352950355e+01 7.051942966194459927e+01 8.480924904846050083e+01 1.048800513322550785e+02 9.519238322256406093e+01 8.932476723729052992e+01 9.304399495850643120e+01 1.071827790430861995e+02 1.165620766756762237e+02 1.082399187952156723e+02 1.165620766756762237e+02 1.158991288631346634e+02 1.097641146589285910e+02 9.006964716174321950e+01 8.790694075360120507e+01 9.368364928428452743e+01 9.645140886636366417e+01 7.544770780251376152e+01 6.105658238653001035e+01 5.468849434438621415e+01 5.962803252038947477e+01 7.652265075944750095e+01 7.557217842692085696e+01
1.095526757906205688e+02 1.026103638495574870e+02 8.537605459514104211e+01 7.985193515024276678e+01 7.566405985795356059e+01 8.996236047841455274e+01 1.100233438502190353e+02 1.125563222692885006e+02 9.739912070908050623e+01 7.718751302104242029e+01 9.739912070908044939e+01 1.093746772350954615e+02 1.209531512643651183e+02 1.094757397500155349e+02 8.944359836099769723e+01 7.515957446257084484e+01 8.944359836099769723e+01 1.094757397500155349e+02 1.152013421565244897e+02 1.093580613130086476e+02 1.130549202266466295e+02 1.153326939579305872e+02 1.065330765721915043e+02 8.819578074889749075e+01 1.065330765721915043e+02 9.585381087552489987e+01 1.100428913682053178e+02 1.097641146589285910e+02 1.076298573649366830e+02 1.133394837007199527e+02 9.575465219999406941e+01 7.537157129658800159e+01 8.134163747172161152e+01 6.230348562617444230e+01 8.016594725948081646e+01 8.868251035374483138e+01 7.537213212936481455e+01
9.947567087083815807e+01 1.078399691392243653e+02 1.046118112738704582e+02 9.999285216431678691e+01 8.996236047841455274e+01 9.215971005230041158e+01 1.122049846147124299e+02 1.174540182281486977e+02 9.739912070908050623e+01 8.362511147779045473e+01 9.371637325686316444e+01 1.137854677229826308e+02 1.184021956801710758e+02 9.844203342218708030e+01 8.421425833694951280e+01 9.531087673215326106e+01 9.163717107302785791e+01 1.116569923804367477e+02 1.081157201169660880e+02 1.059263255629668521e+02 1.053785161309431686e+02 1.070088947201557090e+02 8.695537089680684062e+01 7.815620580629467895e+01 9.014551055717160466e+01 8.166877359912986378e+01 9.585381087552489987e+01 1.158991288631346634e+02 1.140874927681255571e+02 1.057637862788807439e+02 1.042418459749099355e+02 9.575465219999406941e+01 9.101076351009422183e+01 7.241281288740721322e+01 9.101076351009422183e+01 1.023296338356159509e+02 8.791509991989167361e+01
7.903456665233287026e+01 9.765572142257984467e+01 1.063467769312901225e+02 1.146720602708493573e+02 1.100233438502190353e+02 1.122049846147124299e+02 1.092137131914146266e+02 1.175188827137773870e+02 1.104617140760133083e+02 9.038435094666556324e+01 1.104617140760133083e+02 1.220694253189863190e+02 1.184021956801710758e+02 9.844203342218708030e+01 9.844203342218708030e+01 1.125520844552431328e+02 1.116569923804367619e+02 1.081157168659710806e+02 8.811367025524172902e+01 8.592622159310126051e+01 8.578277692855192527e+01 9.770174680993902427e+01 9.063526108283868155e+01 7.055530776267762860e+01 7.006436118076808839e+01 8.304575210813419517e+01 1.031109821657769601e+02 9.751859492908458549e+01 1.024723689702988452e+02 8.563636616419219649e+01 9.564537271624806181e+01 1.015358531971133687e+02 1.011823210987432589e+02 9.273031283948382963e+01 1.011823209357447553e+02 1.038552900730671098e+02 8.433262387712579766e+01
6.893934670765533212e+01 8.925511876158552127e+01 8.597980607980700540e+01 9.458790103504630054e+01 9.771574313515451138e+01 1.058136784715320289e+02 8.884710498521538113e+01 1.058136784715320289e+02 1.187412260043364114e+02 1.104617140760133083e+02 1.046078264539230389e+02 1.245942489658714862e+02 1.266621354882991852e+02 1.184021956801710758e+02 1.184021956801710758e+02 1.170305962480611441e+02 1.087208099805823451e+02 1.068461712130444425e+02 9.178410223612446828e+01 7.175183730492456391e+01 7.222285897977536706e+01 7.464571149625578528e+01 8.483867785548362406e+01 6.474802208171139739e+01 6.295178598688880101e+01 8.304575210813419517e+01 9.163646148779348266e+01 7.743521156078422507e+01 9.163646148779345424e+01 7.401826462617833613e+01 7.552069799520482718e+01 8.141507875182493592e+01 9.640593354087523892e+01 1.080216921950432010e+02 1.059751169287903707e+02 9.766549958102821449e+01 1.038552901126285519e+02
6.235262851329962075e+01 8.248319474350296332e+01 7.426630701366818244e+01 7.426630701373274235e+01 7.735535363457657354e+01 8.655155236171506772e+01 7.705647684180743795e+01 9.745504646108587110e+01 1.128302146533915220e+02 1.211530648408753166e+02 1.245942489658714862e+02 1.328746255547497128e+02 1.275849789482843306e+02 1.160301754887584451e+02 1.077229611376853455e+02 1.021829181231788652e+02 8.873940542594095859e+01 8.685510740983841060e+01 8.911405360312070911e+01 8.107640745405667815e+01 6.100566966158397975e+01 5.819941281628163665e+01 7.442662295025600372e+01 7.188832315981892407e+01 5.716387115673100539e+01 7.724512373354004069e+01 8.265528135843349844e+01 6.323547620277057035e+01 8.265528135843348423e+01 8.141507875182493592e+01 6.151234067189270860e+01 6.805629930899755209e+01 7.956901051701403560e+01 9.969514077721950684e+01 9.441054376046260188e+01 7.764785372281311027e+01 9.441054376046260188e+01
5.670530033840488926e+01 7.372673204511488620e+01 7.617689598284869135e+01 6.017989982748398603e+01 6.318613996748408823e+01 6.632033894427297582e+01 8.655155236171506772e+01 9.612224276438524839e+01 9.251643056249332631e+01 1.093895190391225896e+02 1.184240780982584766e+02 1.299970435769940593e+02 1.192540661595060101e+02 9.928160639430008416e+01 8.774805198060597888e+01 8.219022925918339695e+01 7.717614722489265944e+01 7.268667658926027286e+01 6.907474185660296939e+01 6.562200345514609978e+01 8.088139863849765732e+01 7.357195148543878815e+01 5.436076850060644716e+01 5.184182808957189792e+01 6.889491462320857806e+01 6.690551635681737253e+01 6.503162066295112709e+01 5.429056182189281543e+01 7.433654502626077942e+01 7.541417743256539552e+01 5.595026027035098082e+01 7.541417743256256756e+01 8.746459249256530200e+01 9.902201105634132716e+01 8.610830626881849525e+01 6.610790470101549943e+01 8.610830626881849525e+01
5.145992061444030696e+01 5.383646346634945701e+01 5.624603298027226828e+01 6.241979578473625168e+01 8.253921602541937830e+01 8.655155236171506772e+01 7.162518733767115009e+01 7.601192127601716209e+01 8.067815349325547913e+01 8.985429381608076937e+01 1.016491833432474721e+02 1.217666168515238212e+02 1.192540661595060101e+02 9.928160639430008416e+01 1.077229611376853455e+02 1.021825621818772447e+02 8.340438151580562476e+01 9.271037003509198371e+01 8.911405167888187862e+01 7.721893133637333051e+01 8.856476783937338837e+01 6.856640163345629446e+01 7.441903549837236653e+01 6.304376510463548300e+01 4.891996871385585877e+01 4.690445645415158538e+01 4.490530518787051051e+01 6.196812722660857276e+01 7.036874919737050504e+01 7.094884519973854253e+01 5.191133369488861149e+01 5.960958504343609832e+01 7.071223282362015539e+01 9.069529324931953340e+01 7.903709642888546227e+01 5.904835003216557965e+01 6.904516838499856135e+01
5.825818201415885511e+01 7.372673204587714224e+01 7.024492687724692530e+01 7.245841780795987574e+01 7.236365829761729174e+01 9.271477375323965475e+01 9.197454303174097845e+01 8.448591251138667246e+01 1.010744854710788161e+02 9.091836684433106086e+01 1.026304748276676548e+02 1.225318710228445838e+02 1.275849789482843306e+02 1.107944114821518156e+02 1.175207782398485108e+02 9.754225955483022403e+01 1.033891410328868403e+02 1.116818679993913008e+02 1.055305349349516320e+02 9.723184057331855001e+01 9.707614527655232450e+01 8.874469964498808849e+01 9.113975561275243820e+01 7.709923551967109745e+01 6.741493766877717064e+01 4.746949664242790590e+01 4.481284118690279428e+01 4.221899438334710908e+01 6.003946737013541934e+01 6.202745941715550515e+01 4.803094730231316589e+01 5.854989154913720739e+01 7.805689613612983635e+01 8.756001729398204247e+01 7.271609980258574524e+01 5.274096788688557069e+01 7.271609980258574524e+01
7.662529102475731690e+01 7.456336721477512697e+01 9.049793873023349988e+01 8.676664810827496410e+01 8.674409576129615118e+01 8.674409576129615118e+01 1.071292655379522358e+02 9.630102556517053358e+01 1.131769994794024257e+02 1.026304748276676122e+02 1.169376438293389953e+02 1.307076237055587455e+02 1.391687569982708794e+02 1.308101693560157059e+02 1.258214764439524203e+02 1.175207782398485108e+02 1.109448474572684660e+02 1.035118037226602752e+02 9.762247312854090353e+01 9.238456487466375222e+01 8.761726421934690734e+01 8.310135897178855657e+01 7.880043837933814643e+01 7.134534848712944211e+01 5.132359413660452674e+01 6.745159151132557440e+01 5.891704279696620716e+01 6.004015505622708559e+01 4.006812789265641328e+01 4.330661782555373662e+01 6.202046643695705797e+01 7.489823664089834665e+01 8.636149336790901998e+01 7.926213647514971683e+01 5.927458250629609182e+01 4.775807714112912095e+01 5.591444227988996829e+01
7.954239339717045709e+01 9.484333937296338490e+01 1.032101152393108379e+02 1.071002780713582183e+02 1.071292655379054253e+02 1.071292655379522358e+02 1.154535290562646139e+02 1.165533689504413815e+02 1.248196992627265729e+02 1.225318709346232851e+02 1.307076169081150283e+02 1.313864434820105487e+02 1.334516472738722257e+02 1.378591422723842186e+02 1.154562009320966069e+02 1.005435333932497031e+02 9.036019262042047728e+01 8.323490683863772688e+01 7.742777745894706243e+01 7.223269509248316922e+01 6.748706391400814653e+01 6.298683034160861638e+01 5.870859401508792530e+01 5.538173075536833778e+01 6.547369897115893878e+01 7.962208845017313763e+01 7.893689327351309259e+01 6.201619450751876883e+01 3.855963200819177672e+01 4.947257508388209146e+01 5.470489810533876351e+01 7.275626440764546032e+01 7.578424570583079856e+01 6.749764162981914239e+01 6.325817708683447194e+01 4.330040409969835480e+01 6.325803617285274782e+01
