LEM/with_lateral_4open/elevation_000547.asc
nrows	100
cellsize	150.0
xllcorner	0
ncols	100
yllcorner	0
NODATA_value	-9999
[rows 17 to 33 of 100, columns 0 to 36 of 100]
5.222468517465790605e-02 2.005222468517430201e+01 2.518164293524110420e+01 4.518163097425243535e+01 5.302544926968857908e+01 6.130970101487162793e+01 6.389160636575113728e+01 4.390514517884744095e+01 4.757272914179954171e+01 3.700033455735901100e+01 2.746758334643778809e+01 4.157853029105240239e+01 5.651338900742540261e+01 5.252803246048861752e+01 6.854411716463675930e+01 7.682875425406831482e+01 8.683087654271432143e+01 8.272632096886896136e+01 9.100843740871030718e+01 9.186626092777298425e+01 8.625483306932778760e+01 6.626750752752157325e+01 5.213042882494248431e+01 4.506585596356151058e+01 3.840448855962907260e+01 3.506807578119181557e+01 3.189768838333426260e+01 4.753434322066537732e+01 2.985163816101169942e+01 4.985973390152948070e+01 5.398478518871453247e+01 7.397223968283890372e+01 9.122538208088694489e+01 7.736228377259237732e+01 5.763758575400151329e+01 4.793665241901990015e+01 4.122713994153951234e+01
7.333276091007127906e-02 1.421546838586478323e+01 3.421547116756701712e+01 4.148020903996810915e+01 3.884923826192546414e+01 4.684789783426692367e+01 5.474095216802844277e+01 4.692022145813835010e+01 2.760419918266022421e+01 2.288561366114238282e+01 3.440946043254221109e+01 5.438416852930028256e+01 6.984691645224091872e+01 7.253305038695643248e+01 8.081717212585593302e+01 8.284227686008212288e+01 7.455878584651743779e+01 6.272002746284757535e+01 7.945974240837152536e+01 9.100843740871138721e+01 8.843911204530532189e+01 6.845439589887469367e+01 6.455938029227134223e+01 4.457180332112495336e+01 5.839108012372525991e+01 4.920559513835825527e+01 5.189898368301957277e+01 5.242454328771140126e+01 3.244358799667932658e+01 4.658708056163331435e+01 6.657624717759007638e+01 6.950372990095077341e+01 8.949015305261556819e+01 8.561198331876916257e+01 7.571950464655650137e+01 6.058318033253833335e+01 5.140506019451070330e+01
6.343274376862209629e-02 2.006343274376826713e+01 2.390796227393456519e+01 1.994635878806678875e+01 1.946241602374936974e+01 3.860204460915006308e+01 3.476303021506641500e+01 3.476303021506852531e+01 1.867157809722366935e+01 3.864253106192423104e+01 5.113075793639156785e+01 6.266674678150243238e+01 6.007991648903168880e+01 6.046402706494507839e+01 6.874819970547387982e+01 7.129197723224083916e+01 5.454993639559039309e+01 5.116577386970919150e+01 6.272002746284757535e+01 8.272632096886896136e+01 9.669797528116792762e+01 8.635302764804370668e+01 6.914548644898032137e+01 4.915511316753613613e+01 6.914548644898032137e+01 6.919372055508132746e+01 6.376228213172444015e+01 4.377454588740325647e+01 3.561325078465920768e+01 3.952058553331770696e+01 4.951347690271158086e+01 6.950372990095077341e+01 8.386322543931559892e+01 9.540078175130912541e+01 8.854928983261707742e+01 7.919702120621890629e+01 7.097154775619424072e+01
3.497053469895897854e-02 2.003497053469860489e+01 3.861611258373464750e+00 5.442750044817310950e+00 2.304571006357725338e+01 2.905743477777814476e+01 3.105358374950348832e+01 1.478704961891282288e+01 3.476303021506852531e+01 3.801449176767274452e+01 4.049123972011101813e+01 4.318323066859835535e+01 4.009909218876197201e+01 4.048090602665865845e+01 5.208307296834315281e+01 5.634141106870125526e+01 4.301089074640375287e+01 6.300667122984999935e+01 6.531648422024463230e+01 8.532103683902005287e+01 9.221663288951367576e+01 7.223323399525675370e+01 5.809411220911503193e+01 5.809411220911502483e+01 7.741677394873258322e+01 7.789819296429185158e+01 5.790699614837826914e+01 5.908130742899548693e+01 3.909606388939355526e+01 5.908130742899548693e+01 4.804243527280014803e+01 5.559621178493689797e+01 6.713965590829754149e+01 8.713056879490791573e+01 8.674523732269859977e+01 8.345000543970004969e+01 6.399235730720491233e+01
9.635555453094322986e-02 1.639389054140723889e+00 2.154577774303596271e+01 2.542925623392950385e+01 7.744490693954224625e+00 9.382953199021624613e+00 1.107325811821288220e+01 1.332341637945804358e+01 1.561752107197217398e+01 1.804272846370001204e+01 2.052305393057732275e+01 2.321888507783013722e+01 2.599021216101689902e+01 2.896699040067604614e+01 3.212083096280133532e+01 3.636803492849627162e+01 5.048294572727998286e+01 7.048499755065326156e+01 8.532103683902005287e+01 9.360300059649854632e+01 9.221663288951367576e+01 7.223323399525675370e+01 7.223323399525675370e+01 7.223323399525675370e+01 7.808623602022885279e+01 8.617159489808943817e+01 7.789819296429185158e+01 6.273031047140211314e+01 4.274389768409127299e+01 6.273031047140211314e+01 5.958269784032707861e+01 7.558880985847704892e+01 8.386322543931559892e+01 8.511296404370786206e+01 6.733510888576347497e+01 6.733510888576347497e+01 6.039822274737949925e+01
8.845047570523793812e-02 1.999901720623319079e+01 1.559797299146872440e+01 3.503763334663449314e+01 2.880442693227115569e+01 1.693836546585273695e+01 3.105358374952463762e+01 2.745117408169780759e+01 2.317170365712031810e+01 3.801449176767274452e+01 2.758504153323433172e+01 4.318323066163820556e+01 3.596420096655550225e+01 4.892676674603887221e+01 5.208307296834315281e+01 3.939669884991096183e+01 5.352078831243614587e+01 7.352503641079898955e+01 8.417127753032798410e+01 9.571788414000029377e+01 1.004728213008305886e+02 9.221663288951367576e+01 9.221663288951367576e+01 9.221663288951367576e+01 9.805982015659283491e+01 8.341304503546371052e+01 6.342038796863332095e+01 5.342428147073168532e+01 4.720987237813316995e+01 6.720030769916648694e+01 7.957471394074688931e+01 8.784767816066262469e+01 9.072365841200642933e+01 7.136910648584226635e+01 5.763229427333826749e+01 4.771463197068252526e+01 4.060854161678594920e+01
8.023991185656004221e-02 2.008023991185620361e+01 3.504133912675994367e+01 4.026166771988017956e+01 4.504077236783976446e+01 2.690404671340926512e+01 4.504077236783966498e+01 4.742464028594589820e+01 3.132184567539545128e+01 5.129293403972561549e+01 3.512518781070230034e+01 5.509942649767004497e+01 5.593847929840000432e+01 5.593847929193182011e+01 6.765860600299878058e+01 5.937989693681975467e+01 4.832215335141746237e+01 5.587940944366013696e+01 6.743458968565578004e+01 8.743685053573858568e+01 9.575658432897235173e+01 8.746042306738776517e+01 8.794369740979659866e+01 9.624040282219696962e+01 1.033912627194050486e+02 8.341304503546371052e+01 7.341671650204851574e+01 7.191289965319811017e+01 5.191906528723248471e+01 6.605738661575944093e+01 8.604935864283503122e+01 9.681774952472443374e+01 8.712571894205630940e+01 7.904951976450661277e+01 7.260361514305729713e+01 6.024851553138818616e+01 4.045523353322521132e+01
4.598823041778624804e-02 1.345271667355345713e+01 3.114702141161892968e+01 4.909396180523668818e+01 5.496007700348282299e+01 4.673319240305483646e+01 5.496007700348282299e+01 5.957426026317575207e+01 4.543809769967889878e+01 5.957172958619789682e+01 4.924278277142258275e+01 5.142999432146687866e+01 7.142652733739653570e+01 7.593625979823900707e+01 7.111120334791303321e+01 7.660996014845279944e+01 6.832579943735218819e+01 7.588853984935524011e+01 8.417127753032798410e+01 7.969555748782850912e+01 8.424252243373710769e+01 6.755300781882287708e+01 6.803268536205472117e+01 8.472465039120618258e+01 9.469304888132555220e+01 1.016698540693333115e+02 8.604935864283503122e+01 6.605738661575944093e+01 6.008093509763383366e+01 6.605738661575944093e+01 8.604935864283503122e+01 8.869449219817686014e+01 6.940454733083642225e+01 5.971180590015863743e+01 5.312800083878374835e+01 4.735166572025931941e+01 5.453469083301274622e+01
7.340434288523949025e-02 2.007340434288488495e+01 1.803786010383263871e+01 3.440478139633604826e+01 4.086564006727040521e+01 4.791483708679039211e+01 5.619450992467679384e+01 6.773160428552610313e+01 6.542775933734183980e+01 6.276215949694786644e+01 6.923861521774884409e+01 7.142652733739653570e+01 6.708925924228249471e+01 6.538164659241864740e+01 5.139134347019800231e+01 6.125073132354801686e+01 6.947706663300355956e+01 8.162927260540330110e+01 7.392831927428855465e+01 5.988146006078766703e+01 7.392831927428855465e+01 5.617439734491524206e+01 5.665050503944096505e+01 6.649816020159288144e+01 8.054166681969878994e+01 1.005363648561461929e+02 9.432021609901740078e+01 8.604935864283503122e+01 6.902437472671316243e+01 8.604935864283503122e+01 9.432021609901740078e+01 9.681774952472443374e+01 8.712571894205630940e+01 7.904951976450661277e+01 7.260361514305729713e+01 5.727618912784532768e+01 7.404290861122842671e+01
3.515918393995972474e-02 4.512538419162695824e+00 9.391427548968984240e+00 1.460365045415063712e+01 2.094255949077329149e+01 2.797669702910031120e+01 3.947160998710310054e+01 5.944849979488440539e+01 5.711549475435548828e+01 4.326439267573761072e+01 5.711549475435548828e+01 6.135998445527174994e+01 4.740669617039360872e+01 5.558652768185250181e+01 3.768004365296540925e+01 4.169598873070136591e+01 6.125073132354801686e+01 6.182320936692280355e+01 6.182320936692280355e+01 4.608118197600333588e+01 6.074211877175875429e+01 4.747161136523875768e+01 5.721370187633376503e+01 7.117932907429491252e+01 9.111077380991342523e+01 9.798927615860630169e+01 1.002201043667631239e+02 9.728634435235352385e+01 8.316415083611195769e+01 9.728634435235352385e+01 9.916491312933750635e+01 9.697397512918888651e+01 9.487822771192277571e+01 8.659217360110116601e+01 8.476060260288662107e+01 7.668678999706368415e+01 8.476060260288662107e+01
4.608085242692564615e-02 2.004608085242657012e+01 2.938391873969291268e+01 3.456540880439122532e+01 3.456540880439121821e+01 4.791483708679039211e+01 5.619450992467679384e+01 5.010700305867052151e+01 4.840373616319924821e+01 2.956753207697094155e+01 4.840373616319791239e+01 4.974820117942635278e+01 3.356016226928042556e+01 3.931045122496186650e+01 2.800409536662295196e+01 4.468172934711819266e+01 5.487165118601509306e+01 5.892406608977938021e+01 4.229084387668202538e+01 3.747459623059238254e+01 4.124203085633618571e+01 5.240735044289527167e+01 7.212762631472807584e+01 8.529475265474803791e+01 9.208850777936213206e+01 7.771591594903671307e+01 7.993066399830752289e+01 1.002201043667631239e+02 1.031453080778792639e+02 9.916491312933750635e+01 7.921174776973489884e+01 7.703249858021418106e+01 8.659217360110116601e+01 6.668115643658082092e+01 7.251295834374705862e+01 8.077969105441459874e+01 7.646600188155254330e+01
1.610643649003322755e-02 8.960378346489269674e+00 2.050738373028199035e+01 4.050738373028269734e+01 5.451951535757634559e+01 5.486843150055099017e+01 4.624173661447670014e+01 3.047574606928272090e+01 3.083904509214173828e+01 2.078337389835727933e+01 3.435814038591561115e+01 3.003967558083974509e+01 3.711623452220258912e+01 1.960076963169037256e+01 3.931045112378995299e+01 4.308563290939878954e+01 3.281868840104196039e+01 4.736219765727579301e+01 3.261315798608548988e+01 5.205702667825347874e+01 6.074211877175875429e+01 6.896705220645471002e+01 8.039151902505574299e+01 8.970126894455805200e+01 8.365384567698211526e+01 6.340102848636747268e+01 8.365282312183178703e+01 9.389154471295891824e+01 1.053692194856163411e+02 9.697397512918888651e+01 7.703249858021418106e+01 6.298630603067518763e+01 7.292976393260572365e+01 6.809694839013971546e+01 5.257182273359135394e+01 6.214225658909166583e+01 6.831604569641876878e+01
2.022278438842990689e-02 2.002022278438807490e+01 3.724464959395016450e+01 4.879165497774489069e+01 5.192736397527099967e+01 4.376147226352556174e+01 2.634337897057118028e+01 2.559054471797615804e+01 1.084431380091790231e+01 2.728325377831901477e+01 1.458364688269556630e+01 1.603370453903249171e+01 1.749932508218173055e+01 3.723782517631070021e+01 2.181534255747889617e+01 2.343150818591849216e+01 2.506336493496160855e+01 2.813852701626065311e+01 4.768145314800011647e+01 6.023475706447587896e+01 7.086339134229680781e+01 8.232457953467293521e+01 8.454791016153102134e+01 6.973646830160515719e+01 6.973647040161553434e+01 5.669800441472916219e+01 6.448175667317472914e+01 7.538769611581489016e+01 9.686690651323081624e+01 9.453448349845355381e+01 7.460867781679604605e+01 6.056186507192155943e+01 5.300355498189139070e+01 4.811260004920666944e+01 4.493890885614693076e+01 4.205159491630529089e+01 5.820215366668117696e+01
6.642187732006160639e-02 1.421005716141128872e+01 3.422770606534585625e+01 3.754233729954651011e+01 3.872746133359942888e+01 2.386055277822114817e+01 2.753934195086194237e+01 9.182844274635582948e+00 2.556738548302134717e+01 1.254347113601709829e+01 3.272385515719769700e+01 3.579099003711613136e+01 3.606727312850270550e+01 4.528083435602770379e+01 2.843629978860593965e+01 4.308563025855956852e+01 4.469907506769170880e+01 2.784483107779499278e+01 4.742658990290564702e+01 4.298643598419682377e+01 5.424986292849470004e+01 7.405425034007275542e+01 6.462271271539006534e+01 6.462269642261972535e+01 4.992979458888087407e+01 5.639928161553335428e+01 7.582745553463890076e+01 8.866647348138725704e+01 1.039123574470523437e+02 9.453448349845353960e+01 7.460867781679603183e+01 7.424352839794934766e+01 5.432633279163333384e+01 6.809694839013971546e+01 6.497591753082505761e+01 4.974889107976461133e+01 3.804273410532246658e+01
1.591255364720534082e-02 2.001585908872930730e+01 2.297502730754702682e+01 1.784163206604143070e+01 1.894421579898360619e+01 2.574993614269768827e+01 7.543098658492205288e+00 2.753936442837563447e+01 2.898570263231949085e+01 3.277201722866581690e+01 1.566530252563012127e+01 3.594105613450548731e+01 4.729156470057676387e+01 5.601320859083404002e+01 4.809803443973032699e+01 3.975533964341561699e+01 5.560794859771140608e+01 4.742653402636267401e+01 3.067090296306409059e+01 5.020271891981596468e+01 5.529868308801727039e+01 5.758206086760955600e+01 5.991892141237877212e+01 4.494435864637363665e+01 6.462269724019945727e+01 7.566345736956156998e+01 6.721894480550142248e+01 8.052351094338125392e+01 1.002258894497442157e+02 1.028330513928878389e+02 9.453448349845353960e+01 7.880545039518389672e+01 5.892049342092347786e+01 7.880545039518389672e+01 6.974952511174953429e+01 6.647793770684984338e+01 4.974889107976460423e+01
6.189296070378335485e-02 2.006189210822599733e+01 2.632456245338937961e+00 3.722155146966868777e+00 4.818620999957358819e+00 5.922037632364575366e+00 2.592010856479003422e+01 3.582139031967921738e+01 4.886503199364986472e+01 4.439351814407734764e+01 2.994725673016072065e+01 1.888712675218719994e+01 3.922088524309840096e+01 5.108038141271356380e+01 6.773582815329912421e+01 5.366625559548264590e+01 5.949241734885669075e+01 5.836911853619599100e+01 4.040615439056013258e+01 3.366002527932664634e+01 3.580625724868018267e+01 3.807285487489578202e+01 4.036802037771649054e+01 4.385793072590016806e+01 6.350703325541326905e+01 7.716120801752865077e+01 8.614532484572818305e+01 8.615293901616979610e+01 1.055920336048988730e+02 1.092254623775559281e+02 8.921657687330541364e+01 7.514849323852953944e+01 6.444621369817633649e+01 8.431646713556662576e+01 8.969677947163563658e+01 7.801927140827636720e+01 6.974952508946793728e+01
2.247884206357958492e-02 1.096138845986900812e+00 2.033687169708293041e+01 2.363729979858424457e+01 2.481758500117162214e+01 2.567820239556972339e+01 1.224845061296927540e+01 3.225489739043950266e+01 4.835980384188217585e+01 5.883978161240642635e+01 4.767916484058243043e+01 3.922088524309839386e+01 2.222009323581172424e+01 4.262104364421205815e+01 5.509453725143557534e+01 7.356166774771324413e+01 7.939216747508457672e+01 5.999010212005001819e+01 5.998731035262407119e+01 4.485003766104503597e+01 4.261776865392955216e+01 5.758206087005623175e+01 5.155094715693145702e+01 6.350629482660662006e+01 4.910228781047091928e+01 6.889511784311069675e+01 8.129567715838457787e+01 8.836743713142732304e+01 9.666801693041560384e+01 1.066832730513482517e+02 9.582164270732674538e+01 7.589409406703843786e+01 7.435875616830469426e+01 9.259972124351968148e+01 9.792197728293908199e+01 7.798042744494259182e+01 6.391152264124274751e+01
