LEM/with_lateral_4open/elevation_000237.asc
nrows	100
cellsize	150.0
xllcorner	0
ncols	100
yllcorner	0
NODATA_value	-9999
[rows 68 to 84 of 100, columns 0 to 36 of 100]
5.009162696260269221e-02 8.990226614206521916e+00 2.876175771054925079e+01 4.345354280005552283e+01 5.900707666938767204e+01 5.898279803727884740e+01 6.721353867872929300e+01 7.433559582422529388e+01 6.586620789365714757e+01 7.433559582422529388e+01 7.394005745349186043e+01 5.918142037629893082e+01 6.092061092895721686e+01 5.504045223917182028e+01 6.092061092895721686e+01 6.202254405938536053e+01 8.227793025342030830e+01 8.459459594004258065e+01 7.428084064654164820e+01 6.601817044845215321e+01 6.101719317096677742e+01 5.275334660532153919e+01 3.592837851831653495e+01 5.586722873502544218e+01 6.783729531149566583e+01 8.108957595356721981e+01 8.935605076562742966e+01 9.067192984146231538e+01 7.791998000158316984e+01 5.795346574797599004e+01 7.375380803573825972e+01 6.108089329088553399e+01 6.923728189645198938e+01 8.334463194729285362e+01 1.032936968617191269e+02 9.546041788216002999e+01 7.534806826837940719e+01
4.695337527364121244e-02 3.663402869688412444e+00 1.518695612910661730e+01 3.517442416182876741e+01 3.904812311249801127e+01 3.917624601212926194e+01 5.411652537508656735e+01 6.151134553751890621e+01 6.966554829955397565e+01 8.271676762070153188e+01 7.634574666345190508e+01 8.008074251982196756e+01 8.110998502393358933e+01 7.511656978674309926e+01 8.110998502393358933e+01 8.227793025342030830e+01 9.080305668371310901e+01 1.004123229058974829e+02 8.890378204820613917e+01 7.780317342678773684e+01 5.785456644378884761e+01 4.373446608376291067e+01 5.586727983129291175e+01 3.961270926446435681e+01 5.957399816502287848e+01 6.071790471395651423e+01 7.781090260854705321e+01 8.936748471709962871e+01 8.368149890790391510e+01 6.372301195887189351e+01 8.368149890790391510e+01 7.519974959788756053e+01 7.261167443494935014e+01 8.671536348893322099e+01 1.066708043901905398e+02 1.037820550982694812e+02 9.372912264647735014e+01
7.614146464036156137e-02 2.007614146464000626e+01 9.116532560158059795e+00 1.908261793700054199e+01 3.904812311249801127e+01 2.774948227379880450e+01 3.443012185856747465e+01 4.197582532681971657e+01 5.621712442108015750e+01 7.023566148865225500e+01 5.519453459842279841e+01 7.030305699697440502e+01 7.697745845621290073e+01 6.861835685176822608e+01 7.697745845621290073e+01 7.871737505725739936e+01 8.706487617975000148e+01 9.214498360614382477e+01 7.222227011950731423e+01 6.069945144926234093e+01 5.314864675839773156e+01 6.369737815388402424e+01 6.316915465416533948e+01 4.335134672925531873e+01 4.106819376512288500e+01 4.820364409070644029e+01 6.105975531206928508e+01 8.110561850198777734e+01 9.033075652729920080e+01 7.038298366911318737e+01 9.033075652729920080e+01 9.514952521405191987e+01 8.671536348893322099e+01 1.008420495209019379e+02 9.950124192319842109e+01 9.118211782450353553e+01 8.898139828503907722e+01
2.352828262072655108e-02 2.002352828262037221e+01 2.906537052328732429e+01 1.529842383948821727e+01 1.989121307727365107e+01 3.137014930098563426e+01 5.126140135851993307e+01 6.151134553751890621e+01 6.964129839061534710e+01 6.086263368016238928e+01 4.104197993628459784e+01 6.092023277740297971e+01 6.688173902838707363e+01 4.842245178272318640e+01 6.688173902838707363e+01 5.847220068538968007e+01 7.539196528938934705e+01 8.968425708324359391e+01 8.890378204820613917e+01 8.064259961164648871e+01 7.310479812630615015e+01 6.947418554044409689e+01 4.953592722204642484e+01 4.983015288105519147e+01 6.492694800253083542e+01 6.950799278277276017e+01 5.731672614284696721e+01 7.157804946182481842e+01 9.150847412194494268e+01 8.448863549418886976e+01 8.448863549418886976e+01 1.044348843584594562e+02 1.066708043901905398e+02 9.787251707172207205e+01 8.889603384043508072e+01 7.113814717909667706e+01 6.894890200921994960e+01
6.786455232800275850e-02 1.421000017605907750e+01 3.421000017677754101e+01 3.521329334900619301e+01 3.977718162858378292e+01 4.802250645554703112e+01 5.951093349511140218e+01 6.701359511562276339e+01 6.454775209089036991e+01 5.240659547530130169e+01 3.215272023650356203e+01 5.243820533484755941e+01 4.775857342438278152e+01 3.838686228949917734e+01 5.623667099612838882e+01 4.683855956178871338e+01 6.109967349852774277e+01 7.681105699293041766e+01 8.849063468622694018e+01 8.782344176412037484e+01 6.789433624123897459e+01 5.636623542674571752e+01 6.947418554044409689e+01 5.691058931526200126e+01 7.686864203693312447e+01 8.446765190639233367e+01 6.452125512113754269e+01 7.741553569284673131e+01 9.734730070811612279e+01 1.044348843584594562e+02 1.044348843584594562e+02 1.127294349374625995e+02 1.011793409971731847e+02 8.102760820386357921e+01 6.948638468254749512e+01 6.062778416209121701e+01 5.492462605242285179e+01
3.257643153035955086e-02 1.417471205526143407e+01 3.417471205596455519e+01 5.032962928027465210e+01 5.189775275075251670e+01 4.337727168984044113e+01 5.221373545295718799e+01 4.719903335261686550e+01 5.631363489919080223e+01 3.623888649206326562e+01 2.584566877595056411e+01 4.274120431844168166e+01 2.768896861367013074e+01 3.185700804949496145e+01 3.612004220666576515e+01 4.189813070492118641e+01 4.823946494428689391e+01 5.988162892439923723e+01 8.014345723122664822e+01 9.608652210162902918e+01 8.184823760294131034e+01 6.190640122061461881e+01 8.184823760294131034e+01 7.103242208839066052e+01 7.103242208839066052e+01 9.095852338969690720e+01 7.863484380251210837e+01 7.863484380251210837e+01 9.854929633749981122e+01 1.044551429405909317e+02 9.627829470629303898e+01 1.044551429405909317e+02 1.094937851432811016e+02 9.478139210655530178e+01 7.468962414165207520e+01 8.057436673254561299e+01 7.481628432431313058e+01
1.880098487986705744e-02 1.416112207313022786e+01 3.417348760694278553e+01 3.035010052218388310e+01 4.063269638594441346e+01 2.265452315577050513e+01 4.147940305227319158e+01 3.308019608598601735e+01 4.475745244469703721e+01 3.643279323566861905e+01 1.987677526780983683e+01 2.268838275027095364e+01 2.803404470161832407e+01 4.810293009409210896e+01 5.623667099612838882e+01 6.205564380273718683e+01 6.844528520400594118e+01 6.251180686267832698e+01 8.276996908768636274e+01 9.593157988876293985e+01 7.601472622441416149e+01 7.083635987090737274e+01 9.010787431083505794e+01 9.095852338969690720e+01 9.095852338969690720e+01 9.922454784655465687e+01 9.854929633749981122e+01 9.854929633749981122e+01 1.068216111084695399e+02 9.461580015036737734e+01 7.662527890304669143e+01 9.461580015036736313e+01 1.003098446759442766e+02 1.031024435392181147e+02 9.478139210655530178e+01 1.000371679044362736e+02 9.001639442794569845e+01
2.900726248362994752e-02 2.002900725794671288e+01 2.331819187092208168e+01 1.620733336755779064e+01 2.603835275655887571e+01 1.383588922390171305e+01 3.290327398338197185e+01 2.153420236876102578e+01 3.305343783708160288e+01 1.639383848126332666e+01 3.637962396090093620e+01 3.423980558845292421e+01 4.804145240605949141e+01 3.656360278966000266e+01 4.659148434175341436e+01 5.822327033133712604e+01 7.844641087085292952e+01 8.276996908768553851e+01 9.111030712560251743e+01 1.042010214768103111e+02 9.593157988876293985e+01 8.234382557527010249e+01 9.902047364760392156e+01 9.828913069716648465e+01 9.485262005369794736e+01 8.650419046691872893e+01 9.485262005369794736e+01 1.057768891012150476e+02 9.759538894956689603e+01 8.645178680466990784e+01 6.675540164807949850e+01 8.645178680466990784e+01 8.063537359419615314e+01 8.895078350073346485e+01 9.712146254733703188e+01 9.174007911662624792e+01 7.169414039259318372e+01
5.081304048347550645e-02 2.005081301945783423e+01 3.295853444056708881e+00 4.656253754448406390e+00 6.032923170155657822e+00 7.422913100685020638e+00 2.742713299651734005e+01 1.152329079212715612e+01 1.301501518587225625e+01 3.305344995232078276e+01 4.416714446018373508e+01 5.430746061622072318e+01 6.251083812256087668e+01 5.076725736168688030e+01 5.076725736168688030e+01 7.095813938824790057e+01 8.678033635113695254e+01 9.172394993647270667e+01 9.974726985260936374e+01 1.079340007175486136e+02 1.105256589415085386e+02 1.022496900288789874e+02 9.238940091803311816e+01 7.814102795875042773e+01 8.478461689196112161e+01 6.637600681901082567e+01 8.478461689196112161e+01 9.440394516683274162e+01 7.791897958869573415e+01 7.988632508580644753e+01 6.013184266902107566e+01 7.146298548082052093e+01 6.668607820083052218e+01 6.924582159916226942e+01 8.895078350073346485e+01 1.000371679044362736e+02 8.831606442884800856e+01
4.469920835086939326e-02 1.381688175106641436e+00 2.133299242086387082e+01 2.465702969627969310e+01 2.020360114217650960e+01 2.725794011772667957e+01 9.443191996810416100e+00 2.945505812533596668e+01 3.246514500450640384e+01 1.576989876251742473e+01 3.604569043316248411e+01 5.501648688364946338e+01 6.372177564720927023e+01 7.095813938824790057e+01 7.095813938824790057e+01 7.930257367082562325e+01 8.520461714223397109e+01 7.262177099551054482e+01 8.069530178360372474e+01 9.974726985260936374e+01 1.060822036194341678e+02 9.424310582883371978e+01 8.232514862245457721e+01 6.392339673492965346e+01 7.644009864296477019e+01 5.634430756200819701e+01 7.644009864296477019e+01 8.623520870838262908e+01 6.651829510443201343e+01 7.485164333155319127e+01 7.146298548082052093e+01 5.162879005042574931e+01 5.521644766493353274e+01 7.501727131710985930e+01 9.191745766247770177e+01 1.000908863158518045e+02 9.661290136727545530e+01
2.324776005098762310e-02 2.002324776005063356e+01 1.770334471486527406e+01 3.759052908150720640e+01 4.036870161811943802e+01 3.609162619197604727e+01 1.611898860246805043e+01 3.614436517072327604e+01 3.760244318709818145e+01 1.774467615008488153e+01 3.709328955413538864e+01 3.480074572431934854e+01 5.519540539115907762e+01 7.072311670641799708e+01 6.278333260891663770e+01 6.713369390121260949e+01 6.606808679867290834e+01 6.155625899409026403e+01 7.262177099551054482e+01 9.172394993647270667e+01 9.183587705259600398e+01 7.758955048575798230e+01 6.578261996435411163e+01 5.389649429567516847e+01 6.974150161382027591e+01 4.967017003029039302e+01 6.368976744186853267e+01 8.379980988699057320e+01 7.485164333155319127e+01 5.505023547130110018e+01 6.551717014820331997e+01 4.628540832206334699e+01 6.616207377775944565e+01 8.318364207324970039e+01 7.222963046355222616e+01 8.871657624397425934e+01 9.126277163703859685e+01
8.699724428260374731e-02 1.422744420794151310e+01 3.415062107546452097e+01 4.579509431379887019e+01 5.268903562522942963e+01 3.248484659354645032e+01 3.027602218952817381e+01 4.441442653689835396e+01 4.519032599622128288e+01 3.693252222027016529e+01 2.060479323826857367e+01 4.111146210064878659e+01 5.369516887573689701e+01 5.693176996751125785e+01 4.317771715411318922e+01 4.764187623170524688e+01 5.233155656577367409e+01 6.210506085741961613e+01 7.563568557875359488e+01 9.477369964272577363e+01 8.348979015895821476e+01 6.337514226863455491e+01 6.578261996459588090e+01 4.572321622267720187e+01 5.681178188808149798e+01 4.363716600953496538e+01 5.780336493827670807e+01 7.790080019962681490e+01 7.647446707144119671e+01 6.551717014810699879e+01 4.563902825712870737e+01 4.236271625233459304e+01 6.226393896915367776e+01 6.914504022723210142e+01 6.079552851935532942e+01 8.055068532941918136e+01 8.295887986335981168e+01
2.249585233037712170e-02 2.002249585233002094e+01 3.300104959752818701e+01 4.194531867518470136e+01 5.349231788045020153e+01 5.274601828735688258e+01 5.051728716379032136e+01 5.675601606700166712e+01 3.761022331297905197e+01 2.358614490066275948e+01 4.060021746039623736e+01 4.858252255853309265e+01 3.395114405677357183e+01 3.728336430751397756e+01 4.331098708688505639e+01 6.289589825950022117e+01 7.165901139307086964e+01 7.963430716064132753e+01 8.922137030687154891e+01 8.774657254273745366e+01 7.940296150982121048e+01 7.076816982581345883e+01 5.069244000019458696e+01 4.312644066996382008e+01 3.677371928175368510e+01 5.681178189355029673e+01 7.202392567598565165e+01 8.226908228206153240e+01 6.250583914423612697e+01 4.844048116537405235e+01 3.986431246752228219e+01 3.858082377991435408e+01 4.374704462719833487e+01 4.929293508567042892e+01 6.079552851935532942e+01 8.055068532941918136e+01 8.141434582386789032e+01
2.739267172789772165e-03 4.716784475083087180e+00 1.366105638508216735e+01 2.520806176885923833e+01 4.520806133981854202e+01 6.307601167545652743e+01 6.700434783430864627e+01 4.758159966445875710e+01 3.357191884124093662e+01 4.343260093098231778e+01 2.678630909042789199e+01 2.936582884980550290e+01 3.383488436347206374e+01 5.166510139358812381e+01 6.257209164599249362e+01 5.323986705950228071e+01 6.200928435751345091e+01 7.558819288234333555e+01 9.459989808333976669e+01 7.940296150982121048e+01 5.930168390606869622e+01 6.518921180569451224e+01 6.734213444041344587e+01 4.727616153114780673e+01 3.311664145999148445e+01 5.315334892648885301e+01 5.763702558495971573e+01 7.773006611613830330e+01 7.143065218170761455e+01 5.425554737497676427e+01 3.430589701003830072e+01 5.425554737497676427e+01 6.363905634464133954e+01 6.914503985643368367e+01 7.731784620643560402e+01 8.871657624397425934e+01 8.971545781236760320e+01
8.327778614586213435e-02 2.008327778614550851e+01 1.324481312930742938e+01 2.324481312930603139e+01 3.479181851283933469e+01 5.479181586120659375e+01 6.702786218172431632e+01 4.758418711754180919e+01 5.327910650421874550e+01 5.150894549777545706e+01 3.163317080573999363e+01 4.788816642795420364e+01 5.353406135859074055e+01 4.068532868091507027e+01 6.024307991107416171e+01 7.261607898752430401e+01 8.046979549177794411e+01 8.115014935485783099e+01 1.000978591905603849e+02 8.443736524405944976e+01 6.518921180569451224e+01 4.512864191236591438e+01 5.446638615937052919e+01 5.006161784071841225e+01 3.002138553489215411e+01 3.759438061751291116e+01 5.175601053063770962e+01 7.183505188962527654e+01 6.324449764584597489e+01 4.335595305606875627e+01 3.177791017487131597e+01 4.594181608885612178e+01 6.581262357149371667e+01 7.972916304548482458e+01 7.150994034151176493e+01 7.972918588773958959e+01 8.963971749101123976e+01
6.510866554257997707e-02 2.006510866554222616e+01 3.324481256882049252e+01 2.589392376957288633e+01 4.003605935964459661e+01 6.003604803307403159e+01 7.501486981462022641e+01 6.702786218172431632e+01 7.108732954274013593e+01 5.150509826019968784e+01 3.979641179279720120e+01 4.230864038084499867e+01 6.195150461080168469e+01 6.024307991107416171e+01 4.819397321854454930e+01 6.756433838512759849e+01 8.441984900124136004e+01 9.467815478191106138e+01 8.991078652898171697e+01 7.609612860371071008e+01 5.600345945918775215e+01 4.443712755555702643e+01 3.442624381825978475e+01 3.024468770912996618e+01 2.720873734036170788e+01 4.725542402415698007e+01 5.763702558495955230e+01 7.773006611613303107e+01 6.343760845277596161e+01 4.354767901961856325e+01 2.931783073781357629e+01 4.354767901961856325e+01 6.343760845277596161e+01 6.158231288974470630e+01 5.165468548129443604e+01 6.160850108366332023e+01 7.561243888313452999e+01
8.953482861371392376e-02 1.423167045234478856e+01 3.423167045234549022e+01 4.589392041843797188e+01 5.417772373399950681e+01 5.628806477992114310e+01 6.163524534762596829e+01 6.164297278592097484e+01 6.996441420463457916e+01 6.761701825226370488e+01 4.977827358108799416e+01 5.224265388573687829e+01 6.993291935638279710e+01 7.554872104078344819e+01 5.945831557492873998e+01 5.797271296759238624e+01 6.758879391628640576e+01 8.681518692475900423e+01 8.156554825085309801e+01 6.145509165271744223e+01 5.143152895359325782e+01 4.386444318965284594e+01 5.446638614083072838e+01 4.450179979026236765e+01 2.444889175032651352e+01 4.450179983597217159e+01 5.343382344165710407e+01 6.175874219268602161e+01 6.114091723192915140e+01 4.122395452577613639e+01 2.686789369956114015e+01 4.705749784176865091e+01 6.158231288974440076e+01 4.166446937393190098e+01 6.158231288974470630e+01 7.109201838858975009e+01 8.101535457247774730e+01
