LEM/with_lateral_4open/elevation_000467.asc
nrows	100
cellsize	150.0
xllcorner	0
ncols	100
yllcorner	0
NODATA_value	-9999
[rows 0 to 16 of 100, columns 37 to 73 of 100]
8.884754177262699226e-02 6.929726548558100274e-02 7.395023591448830758e-02 4.828361932999872264e-02 4.897713358561925356e-02 8.568734790590110117e-02 1.075183056328203948e-02 6.823539046102447547e-02 7.194897206013613211e-02 1.557559815681563986e-02 7.704183385687686514e-02 1.685416958384493638e-02 9.680445094065920353e-02 7.639902522890137937e-02 4.559330980047965332e-02 5.839666421669215124e-02 9.739037529851846120e-02 3.670263267501718690e-02 2.041064012308905357e-02 6.895211126444661387e-02 9.031524355919069713e-02 1.560024811392830661e-02 7.641644294168103979e-02 3.888124420523987601e-02 6.873285589001959517e-02 4.772367030474261584e-02 9.504926490987847254e-02 5.760415539182907330e-02 9.666222459857021221e-02 9.627991409191682948e-02 1.286757495974483190e-02 9.381044340810595905e-02 7.584058927755046864e-02 1.435327048224320848e-02 5.777975670406795827e-02 2.716720951219454838e-02 4.735230246529398453e-03
2.008884754177227094e+01 5.616299227737895805e+00 2.007395023591413263e+01 1.004828371454853375e+01 2.004896858220038780e+01 2.008356567034066131e+01 2.000618287510766180e+01 7.003750937544049870e-01 2.007194707205995243e+01 1.531712283114629791e+01 2.007704183385652286e+01 7.576143629768422372e+00 2.009680445094030432e+01 2.007639902522854669e+01 3.967916012564152606e+00 2.005839666421633538e+01 2.009739037529816486e+01 1.422118986524068873e+01 1.970011166963244165e+01 8.337255523132657942e+00 1.805291891977986785e+00 2.001560024811357152e+01 1.421855206667275695e+01 2.003888124420488381e+01 7.628022316075621312e+00 2.004772367030438573e+01 2.009504926490952315e+01 1.005760415539174168e+01 2.009666222459821583e+01 3.476896933005976020e+00 2.001286757495939028e+01 1.164081582720052133e+01 2.007584058927719539e+01 2.001435327048188739e+01 9.002051666458003254e+00 2.002716720951183760e+01 2.000473522753151556e+01
3.138981574974342337e+01 1.138980191963420374e+01 3.138981574974342337e+01 2.419046503553495242e+01 3.832798857842712437e+01 3.665269629961485975e+01 2.133390555886008144e+01 1.332850339685706986e+00 4.772503391041267307e+00 3.211679144417450260e+01 3.586047232713755761e+01 1.757614362977551181e+01 3.586047232713755761e+01 2.833227381728432093e+01 8.332273817283963879e+00 1.811005163629485537e+01 3.811005163629555881e+01 3.452929278384574729e+01 3.111005827026840009e+01 2.244956526742544511e+01 3.527722135785653190e+00 2.396159244620706730e+01 3.421855206667346039e+01 3.591261223590770157e+01 1.762802232089273602e+01 3.591261223590770157e+01 3.005760415539138464e+01 3.005760415539138464e+01 2.690686863585578337e+01 6.906868635856138638e+00 2.690686863585578337e+01 3.164081582720016428e+01 3.992508707466141260e+01 3.728516568115092866e+01 2.054905689725030626e+01 2.359157162313266554e+01 2.552439221016092663e+00
3.805649979803292382e+01 1.805646858630098706e+01 3.805649979803292382e+01 4.419372794251958680e+01 4.253032687423154101e+01 2.270064486372855939e+01 8.633757093871565758e+00 1.966674387160847415e+00 5.644414936209273925e+00 3.564964264408597217e+01 4.586047088252168180e+01 3.757615048112366907e+01 4.586066946876920269e+01 3.292058849469586335e+01 1.292058849469515991e+01 3.292058849469586335e+01 3.811005163629556591e+01 4.900939084255448108e+01 2.892186625853179649e+01 2.573934533797241286e+01 5.276245555093223238e+00 2.573935263803759810e+01 3.830680620056428154e+01 4.591152353297990629e+01 3.762814118237363203e+01 4.591366042390093583e+01 5.005760415539067054e+01 4.652321924393898200e+01 3.137900459085532390e+01 1.137900459085567917e+01 1.029949096899819594e+01 3.414209057181307827e+01 5.352616861533434900e+01 4.883137282384679168e+01 4.054886367005810399e+01 2.361022542450746187e+01 3.613929005884567225e+00
4.634134939043669732e+01 2.805646858860882276e+01 4.634134939043669732e+01 5.512417314162873083e+01 3.524545115848920318e+01 2.123534379907223268e+01 2.179315921255899369e+01 2.606131261139017052e+00 1.262743747873684974e+01 1.847532185996286458e+01 3.051854512977115164e+01 5.064857076700679528e+01 4.925052011325067980e+01 2.925052011324997281e+01 1.846759045694735235e+01 3.846759045694805934e+01 5.811005163629626935e+01 4.851515042970243741e+01 2.892188553924347971e+01 8.483161674607293534e+00 2.573935263803759810e+01 9.580162182851696073e+00 2.999643966014361851e+01 3.768973961863246558e+01 4.597581480389199271e+01 5.753310682861700798e+01 4.978595338034751450e+01 2.978595338034822504e+01 1.823894799655591470e+01 3.137900459085532390e+01 3.414209057181307827e+01 2.311652904622038918e+01 4.516765209740606224e+01 4.974285501949555055e+01 4.144562673617446791e+01 2.467581036874182843e+01 4.679932587662354315e+00
5.634271413418951369e+01 4.805658439285593886e+01 5.634182303854805696e+01 5.335603979434834088e+01 4.933098444876753774e+01 4.102521809414666620e+01 2.324718377783775125e+01 3.246723803877353820e+00 1.738892057037932659e+01 3.738763587400282518e+01 4.733929589872295907e+01 5.894389725334949048e+01 5.753479136071287314e+01 4.449781734850180470e+01 2.449781734850251880e+01 4.449781734850180470e+01 5.436031256504383435e+01 3.439314466489214794e+01 2.014051893688377959e+01 1.084995602932440839e+01 3.122128037887750196e+01 2.999643966014361851e+01 1.414823685104257223e+01 1.753226122364035433e+01 2.922805591289011318e+01 4.924964387546564382e+01 5.807022462767685766e+01 4.401245068845135933e+01 2.401245068845206987e+01 4.401245068845135933e+01 5.352616861533434900e+01 3.654242496730135059e+01 5.352616861529896397e+01 4.144692921880628234e+01 2.144522076822567414e+01 2.572833784477816366e+01 5.750508090453084975e+00
5.599188081797817773e+01 6.489910711871313254e+01 4.490648956874871800e+01 3.339427451137927960e+01 4.073120059625551193e+01 3.492965375261919547e+01 2.380219214528892735e+01 3.888665559862499510e+00 2.388907962211235869e+01 3.792963180763171493e+01 3.807011580741104950e+01 5.807815860824707244e+01 6.082774896705575429e+01 4.082774896705646483e+01 3.449781734850216708e+01 5.278208859596341540e+01 6.034287901390104736e+01 4.851035142049916260e+01 3.361688837473506197e+01 1.335683496255701108e+01 3.361688837473506197e+01 4.271468452761622103e+01 2.854777431561527834e+01 3.769017467607918093e+01 2.273292740198783335e+01 3.433015646658502362e+01 5.432947615783869821e+01 5.067911735511790994e+01 3.067911735511862048e+01 5.067911735511790994e+01 6.524321851588217669e+01 5.694993147053974525e+01 5.357590069124450594e+01 3.357370998182138067e+01 2.729893685082760157e+01 7.302818822720837488e+00 2.510116963519969246e+01
6.425750572164433549e+01 7.318635824699036618e+01 5.484938225221029739e+01 3.488346693307383362e+01 2.071383329878965540e+01 2.669594724553675391e+01 6.724167401946763434e+00 4.532599630689614578e+00 1.867091615235461788e+01 1.810222986007512702e+01 3.806980139669152408e+01 5.059886268809868426e+01 5.861165087464146950e+01 6.082774896705575429e+01 4.863995297223262071e+01 6.278208859596306013e+01 5.196033445151365271e+01 3.156913234234771792e+01 2.330854044577124284e+01 1.592397119937379202e+01 3.023942575840732516e+01 5.017977468767341520e+01 4.859724260244191640e+01 4.663359295431615692e+01 2.662461603340655358e+01 4.663359295431615692e+01 6.261282444672116299e+01 5.896338860245091951e+01 4.067911735511826521e+01 5.896338860245091951e+01 6.704767372141634496e+01 5.704641044854606946e+01 4.876514403018358479e+01 3.357724155445223602e+01 1.357674245519429945e+01 8.410538439914013509e+00 1.233445610938833248e+01
6.357856088842918041e+01 5.650679385262223775e+01 4.919880661943341948e+01 3.517272825948079173e+01 1.502318626393497958e+01 1.087242096239245193e+01 2.669594724382332629e+01 2.453581367075018349e+01 5.468074683117105650e+00 2.545582036249531299e+01 3.829669675783945593e+01 3.127041918900779649e+01 4.498210936144141670e+01 6.415890474581895830e+01 6.863995297223119962e+01 7.227035633696775108e+01 5.196033445151365271e+01 3.993718420486845844e+01 2.008055631213563785e+01 3.607981881261716950e+01 2.610881246202963268e+01 4.021160839957666155e+01 6.014794146404504005e+01 5.071482064879980811e+01 3.072096989759912944e+01 4.485826780531746039e+01 6.485378995228953158e+01 6.896338860237962365e+01 6.067911735511755467e+01 6.896338860237962365e+01 5.877045865907479794e+01 3.875982940129303955e+01 2.876688888238129849e+01 2.210469369606599344e+01 2.958979307324565866e+01 9.597394651909976204e+00 2.959624505730776534e+01
4.357658318446679857e+01 3.651475878511870121e+01 4.091974706464641542e+01 2.101148993652558516e+01 3.517272825948078463e+01 2.543704419768253899e+01 3.419664018571759101e+01 6.422684808269657708e+00 1.288443337492813257e+01 1.053520903557384436e+01 1.814930913160658221e+01 3.837448167149832301e+01 4.703981164927390068e+01 5.276491418381090881e+01 6.083242209594541094e+01 7.200326046639709432e+01 5.678875990901241266e+01 3.696898741522774401e+01 2.301739744156283507e+01 4.277406274406938280e+01 4.605082516586575281e+01 4.021160839957875766e+01 6.014794147667205237e+01 5.571283466674847773e+01 3.572077859495390584e+01 4.485826780531746039e+01 5.899629711981478408e+01 7.899502858995344923e+01 7.557285190143028331e+01 6.727831674407869400e+01 6.704767372025696659e+01 5.704641044816013817e+01 4.876514403018072130e+01 4.209905898089687781e+01 3.078747407590454799e+01 1.079069025308787033e+01 2.722104620281908538e+01
6.357856088842918041e+01 4.756608396872270816e+01 2.762707325426012872e+01 3.507093298935920700e+01 4.919880277701017235e+01 4.543718068312407610e+01 3.270197616228577431e+01 7.096782444143035384e+00 1.740110499891763851e+01 2.696250381116141170e+01 1.700153621683536542e+01 2.194461529131245925e+01 2.778898017567294687e+01 3.377689728517125900e+01 4.464041438187454958e+01 6.386318790553047364e+01 5.715994458488577834e+01 3.735999880780847349e+01 2.602012830244364494e+01 4.572844124284769407e+01 5.880287041128980974e+01 6.014794147667205237e+01 6.842452898600525657e+01 6.105668699873444893e+01 4.106182244692983119e+01 6.105668699873444893e+01 7.313761736336427077e+01 7.402351667510093591e+01 6.401247731381512551e+01 4.725583292633546506e+01 5.917522111029544618e+01 5.104674900696245743e+01 5.917522108280910231e+01 4.612559616177760802e+01 2.614530318387829766e+01 1.260211773679545288e+01 1.136517955148311820e+01
6.170534480545491363e+01 4.170941036821749748e+01 4.170941036821746906e+01 5.504003310035577812e+01 5.988793050285628539e+01 4.991486233163242048e+01 3.283098308477976701e+01 7.770323468416864721e+00 2.125014811845602836e+01 2.036887792105847339e+01 3.453566525060987402e+01 3.607774240582488545e+01 3.817286117439601156e+01 5.276491418381090881e+01 4.711396957712862843e+01 6.640750129348239739e+01 6.541804831996981306e+01 5.382633272326867768e+01 3.365366232240830868e+01 3.092205968311184705e+01 5.058167608777480240e+01 6.938292768633475305e+01 7.931660642948148165e+01 6.934060372247968473e+01 5.000180824968272475e+01 5.370621166311085659e+01 7.370508520430387023e+01 6.572863924538125957e+01 4.570802139873814696e+01 3.571592198650391481e+01 4.674453986737686506e+01 3.122919816160266038e+01 3.966709152287879192e+01 4.360719705300385840e+01 3.319568932266092531e+01 1.305997796437274161e+01 3.304505206940702777e+01
6.999324332771352886e+01 6.170534480545491363e+01 6.170534480529524757e+01 6.653974465808360605e+01 4.491641102327766788e+01 2.833601092608926564e+01 1.790571370151083030e+01 2.784098537037819909e+01 8.727791250660565936e+00 2.768610657818627274e+01 4.251470682364222853e+01 5.527535048405428597e+01 5.739719210411686134e+01 6.548198703637690699e+01 6.640750129348239739e+01 7.455087461476227872e+01 6.844844585936583314e+01 4.816182360048661337e+01 5.405675547959867089e+01 3.508958080169181670e+01 4.139072727974613741e+01 5.121992002385080411e+01 7.105194379773060120e+01 7.828431887481173135e+01 6.154733010448605768e+01 6.784728529301028743e+01 8.198909259522983461e+01 7.402351667510093591e+01 6.401206154247900315e+01 4.677297884931700622e+01 2.678520464412260083e+01 2.124346676662971234e+01 1.968088474109244501e+01 3.532343173242669820e+01 1.530449413452898710e+01 3.319514043369349565e+01 1.613860959219074331e+01
5.875769383704970039e+01 6.707614669127447371e+01 5.933363645839550315e+01 6.519733063882598856e+01 5.988793305695379132e+01 4.985895181753797800e+01 3.720928688955872587e+01 2.395399212988849413e+01 9.405559173184800059e+00 2.918095893184005618e+01 3.676554822375206300e+01 5.615528676794389895e+01 7.049673779558969500e+01 6.518200748258422550e+01 7.239344558550793352e+01 8.082504177368178944e+01 7.676466708806698591e+01 6.844844585936375836e+01 5.890157232861677983e+01 3.935404623746693176e+01 5.890157232862559766e+01 6.938292768633475305e+01 7.931660642948148165e+01 8.983113309247487166e+01 8.154720483947838261e+01 8.784706519581683892e+01 7.269985095300735622e+01 6.442558979358013005e+01 5.515891728035752806e+01 4.357384158625453097e+01 2.359157514535156608e+01 4.122694508832485383e+01 3.747149117751377645e+01 1.748133827471778190e+01 3.454613422243318155e+01 3.829411722692274367e+01 1.831212762987513187e+01
3.902377239907594486e+01 4.945503405825383680e+01 3.958775942648597379e+01 4.537118472108636524e+01 5.441396136728209854e+01 4.558609756339102859e+01 3.737216611115659504e+01 2.984977442992711261e+01 1.008358220298308972e+01 1.849131726378717389e+01 3.114753018960439945e+01 5.063541106913080370e+01 5.032207156315651275e+01 4.516715758045468476e+01 5.199641844677022817e+01 6.371481589490569775e+01 8.424867421290855418e+01 7.280712406322466279e+01 5.314170420787424121e+01 4.903104614491267910e+01 4.804300989422701207e+01 6.174386160329311934e+01 8.135516492621346174e+01 9.103948052931029622e+01 8.277943600453416195e+01 8.277943600452046269e+01 6.442558979361790250e+01 4.442369175464892805e+01 4.687971095804508792e+01 2.689824195191929235e+01 2.597970695064737257e+01 4.597091350292618728e+01 3.747250413002777947e+01 3.161697735766623296e+01 4.538849721073140842e+01 4.051168147218930216e+01 2.052342146623107411e+01
4.945503405825383680e+01 2.986959749555799348e+01 2.581767005167534279e+01 4.014528337609488062e+01 3.776988931160435925e+01 2.973293514438110918e+01 1.365427968849754947e+01 1.110343971523380091e+01 1.209012570939023057e+01 3.165977105128706270e+01 4.248082452617092031e+01 5.623109449446086927e+01 3.674181793575989019e+01 5.623109449446089769e+01 7.239344558550793352e+01 8.082504177368178944e+01 9.262935150679000174e+01 8.104282171943282265e+01 7.280712406322494701e+01 5.995407814939614610e+01 5.906123352941700233e+01 6.174386160329311934e+01 8.135516492621346174e+01 8.277943600453416195e+01 6.277270930885232048e+01 6.277270930885232048e+01 6.442558979363369076e+01 4.442369175464892805e+01 3.029753046648969317e+01 4.687971095819829515e+01 2.840159349121060828e+01 4.838737783143418625e+01 5.746797640446755651e+01 5.161038057610011265e+01 4.492967935762146681e+01 2.493831516518648073e+01 4.051168150389910494e+01
3.855126726589929120e+01 4.945503320296807459e+01 4.014528842930528896e+01 2.058183336747368841e+01 1.832998627655819135e+01 3.188654674095835162e+01 1.212153987539307920e+01 3.084753553430093476e+01 3.173158477361009489e+01 1.493278319908080398e+01 3.461233238650623889e+01 4.583854988747185644e+01 3.182285836704216564e+01 5.118381036685630647e+01 5.963236092340515881e+01 6.740966812463499025e+01 7.596380204226974797e+01 8.684585239560975367e+01 8.673736538080076741e+01 7.730458804536043260e+01 7.201060528232956415e+01 8.135516492621346174e+01 8.958576369848506715e+01 8.277943498283241297e+01 6.277270930761301315e+01 4.862100577082538422e+01 5.919901423784358485e+01 5.282061160537651290e+01 3.283244599799668606e+01 3.198679012617530049e+01 4.838621616255346680e+01 4.471467626306559140e+01 6.473119088348026651e+01 6.230099073503836138e+01 4.226551666959551312e+01 2.813687463015414636e+01 4.813377115066867873e+01
