LEM/with_lateral_4open/elevation_000518.asc
nrows	100
cellsize	150.0
xllcorner	0
ncols	100
yllcorner	0
NODATA_value	-9999
[rows 68 to 84 of 100, columns 0 to 36 of 100]
5.009162696260269221e-02 2.005009162696224578e+01 1.901169075446268764e+01 2.119948674928680177e+01 3.577323063095298039e+01 2.470624422565959222e+01 4.472661070935183147e+01 4.711029687796426657e+01 5.167048276715647859e+01 4.247177505209329951e+01 5.395407070904313684e+01 7.354376182852350041e+01 8.161391443021720704e+01 6.724721876485834571e+01 7.731396652606845521e+01 5.763531199974227803e+01 7.731396652606845521e+01 8.455644824776996415e+01 9.294874629977739744e+01 9.618251547622625708e+01 9.082410767740988433e+01 7.088599993519595444e+01 5.676814593481076088e+01 4.923208426312111641e+01 6.919599938227504765e+01 8.010969167721324879e+01 8.010969167721323458e+01 8.836760238485543084e+01 1.022542232618246629e+02 8.906511147493020530e+01 6.874964558437709172e+01 8.581652176858423786e+01 9.416305528703591676e+01 9.579226308258141387e+01 8.749840041721255091e+01 7.102866545856019798e+01 7.097076628550523480e+01
4.695337527364121244e-02 2.004695337527328647e+01 3.901169075446023982e+01 4.119948674928998145e+01 4.948375800359504950e+01 4.472661070935183147e+01 3.539916270142243349e+01 5.543761286024739121e+01 7.030256630972807841e+01 6.223364838734990201e+01 7.030256630972807841e+01 8.158135988662783689e+01 7.145278095391176976e+01 5.287388888766863460e+01 6.889875943218966370e+01 4.857273824944786611e+01 6.889875943218966370e+01 6.419205185835971861e+01 8.455644824776996415e+01 9.558406339066341673e+01 9.666039954036746451e+01 7.672573648886240960e+01 7.435044500611395790e+01 5.438736421278321842e+01 5.921757288590485047e+01 6.815062584900309162e+01 7.967347178385334416e+01 9.959397580315210519e+01 1.056717817212265089e+02 8.533284643679972703e+01 8.064162033559135523e+01 9.749808456504121068e+01 1.015085510819288146e+02 8.202318171418097847e+01 6.825070173906854620e+01 6.236560891429690656e+01 5.685765689485055674e+01
7.614146464036156137e-02 1.162314684843277668e+01 2.576528247216347722e+01 4.576528247216276668e+01 5.886133843298303958e+01 6.375544821542001017e+01 4.695729816921166844e+01 6.375544821542001017e+01 7.505104834733407415e+01 6.664107547735460457e+01 6.663867561560074648e+01 6.548843444194785945e+01 6.304024751473709642e+01 4.277989442077500826e+01 5.571724061725602439e+01 4.220950752940660777e+01 4.982262242271351482e+01 7.015664546604712370e+01 8.271955662259752273e+01 7.524349337862528841e+01 8.960051854354070144e+01 8.845203088537846270e+01 6.850937688395366365e+01 6.104576869386989557e+01 7.917442587864533721e+01 8.743126288242312683e+01 9.634808119331420073e+01 1.078518600178843343e+02 1.041528330801149878e+02 1.056717817212265089e+02 1.018707714314835329e+02 1.100919873738577621e+02 9.759467645034115435e+01 7.998123186193549827e+01 8.773031442540036551e+01 8.205466869979893829e+01 7.060484718985148334e+01
2.352828262072655108e-02 2.002352828262037221e+01 3.057706718552013925e+01 3.057706718552013925e+01 4.552800509964946940e+01 5.447227700964878494e+01 6.702193816028844253e+01 7.534445747184561526e+01 6.664107547735460457e+01 4.636605702241737959e+01 4.636598346842037444e+01 4.528069865215752543e+01 4.528794105495357059e+01 3.519332827531034269e+01 3.552671577596110097e+01 5.571724061725602439e+01 7.015664546587933614e+01 7.592395814992107717e+01 6.233276412849278358e+01 6.080885925787826096e+01 8.120110833011054297e+01 9.670807306273063375e+01 8.845203088537846270e+01 7.257788360213660894e+01 7.367698227708588377e+01 8.777610299155101359e+01 1.076899221038090246e+02 9.827089546076513216e+01 8.415212632532923465e+01 9.252919766382922262e+01 1.008198005762227751e+02 1.139853922146108687e+02 9.653503488838377677e+01 9.877062762105249760e+01 8.022278252609642379e+01 6.603736222218182661e+01 5.438448362797442570e+01
6.786455232800275850e-02 5.231842347271247640e+00 1.057706718551978220e+01 1.724373385218656551e+01 2.618800576218588105e+01 4.033014138591732944e+01 6.033014138591803288e+01 6.150535539307984578e+01 6.693426672350337014e+01 5.230447243918609246e+01 3.213968371683530023e+01 4.218466386518175426e+01 2.518128041921749727e+01 2.935164223586745535e+01 4.948630937604607283e+01 5.512971224502089029e+01 5.845263721033681747e+01 5.553100541537403956e+01 4.790405499703545900e+01 5.435327453248483920e+01 7.475574442107451034e+01 9.404614709450635246e+01 1.007668514483809901e+02 9.251142373369528116e+01 9.360872557020911700e+01 1.018643666088340467e+02 9.642720715413950927e+01 8.810180146005087920e+01 6.984075111793852386e+01 7.191413861576204170e+01 8.518603412663395602e+01 1.064553465431117587e+02 1.145710892286871427e+02 1.082987500682482676e+02 8.863577369469308564e+01 6.864043534892742571e+01 7.444509666870418130e+01
3.257643153035955086e-02 2.003257643153000345e+01 3.057706718551942515e+01 3.724373385218726895e+01 4.552800509964946940e+01 5.447227700964878494e+01 5.607897544146278079e+01 4.290143610942347863e+01 4.835039758630260565e+01 4.772985634032697533e+01 3.935163596953318432e+01 2.213130784919942684e+01 4.222169062626057467e+01 2.914192180670463728e+01 3.199917903298660349e+01 3.494836854528186620e+01 4.046817616900852244e+01 4.121755037129344856e+01 6.150396262685173809e+01 7.475574276189344403e+01 6.526368683737361209e+01 7.706169208731664355e+01 9.739549032339135692e+01 1.056105303938244475e+02 9.719528816558570838e+01 9.917276043588056211e+01 8.818301362699283175e+01 6.858219584381996015e+01 5.948675803518838023e+01 7.992547254680336266e+01 9.378989387875040507e+01 1.018579987143977945e+02 1.042549877091696118e+02 9.841101853692347845e+01 9.683678431604589321e+01 8.863577369469308564e+01 8.592561170591844188e+01
1.880098487986705744e-02 8.963073092079669735e+00 2.051012296862554152e+01 4.052070589534888256e+01 5.803507155092753322e+01 4.985228226750334102e+01 4.835039691558213804e+01 2.920872156911453743e+01 4.835039744750247337e+01 3.935163565674805142e+01 1.927416494437278871e+01 3.935163596953318432e+01 5.060626048635087670e+01 4.927485606405458896e+01 4.621433583802449618e+01 5.013184289151946160e+01 3.738366249454646351e+01 6.073617074834471197e+01 4.865092705170850707e+01 6.896155839758093009e+01 8.565576913719442587e+01 9.404614709450635246e+01 1.057634674281361811e+02 9.388082860098529636e+01 7.687874616635926373e+01 7.917367954920243278e+01 7.917367954920243278e+01 7.391179646099472222e+01 5.367354738902636058e+01 6.541080772124999498e+01 8.552435720736352209e+01 8.184184294041816088e+01 8.424754541447937584e+01 7.838084275685612567e+01 9.252441402687249195e+01 9.889149477405376842e+01 8.900557894169202200e+01
2.900726248362994752e-02 2.002900719164839671e+01 3.725899946647895433e+01 4.882088523142294179e+01 4.985207220854618271e+01 3.008845927681273125e+01 3.587681249557667940e+01 2.216370767397075880e+01 4.158279273635936590e+01 3.737334398403277902e+01 1.730350638798279661e+01 3.737334398403395141e+01 4.441763412255394172e+01 6.465587713556877247e+01 6.649408043253306744e+01 6.896794832701557709e+01 7.005356288111414642e+01 7.350662289584320774e+01 5.434091043559570977e+01 7.462236362952582169e+01 8.551279389809586462e+01 1.058017222810975824e+02 9.421208414784862839e+01 8.481983484001271734e+01 6.522745045173684275e+01 7.917367954920243278e+01 5.909990104556835178e+01 6.647790728576036656e+01 4.921436381739611221e+01 6.942649700141672042e+01 8.770443923333048986e+01 6.764073860215439993e+01 7.351726046132905878e+01 6.417302043271871526e+01 8.424754541402487007e+01 9.074848613534295794e+01 7.092990228084396165e+01
5.081304048347550645e-02 2.005081304048312063e+01 3.412904748646250397e+01 4.232763250155216639e+01 3.933725010450600479e+01 3.587681809504662311e+01 1.598823832971991799e+01 1.584266591671485536e+01 3.119913113194417420e+01 3.275262861416311466e+01 1.536093466325828061e+01 2.430723237348045274e+01 3.849705900097671218e+01 5.871116687811453971e+01 6.760812900562000038e+01 6.783420209552929236e+01 7.619087357016753970e+01 8.302987531880488348e+01 6.865893108368557307e+01 6.513866446832523138e+01 7.956178657942376731e+01 9.987979647661560989e+01 8.580341522732371118e+01 6.556639144547298770e+01 5.623443850210004769e+01 7.641478411666196280e+01 6.647790728576035235e+01 4.636874167144983261e+01 4.496716919958163317e+01 6.515222838128242699e+01 7.492695191152716916e+01 6.662905197054982409e+01 5.343485428562997441e+01 6.503382740841647092e+01 8.510584542380918549e+01 9.889149477405376842e+01 8.900557894169202200e+01
4.469920835086939326e-02 2.003687750980542503e+01 1.413361722695987410e+01 2.388339700715136260e+01 1.933266971899243813e+01 2.650983094858536759e+01 8.429287895345556336e+00 9.812716823077694883e+00 1.124494657115654839e+01 1.268832224413060139e+01 1.506188556050575222e+01 3.513489036900883633e+01 4.688465210424129026e+01 4.735495442160755886e+01 4.735495442160756596e+01 4.752920898862963384e+01 6.188991340250376538e+01 8.218498447689249531e+01 8.901936335999072014e+01 8.551279389809586462e+01 9.390376722086455175e+01 8.945231375933398965e+01 8.129179030421482821e+01 6.927995450128968002e+01 4.913731074937603438e+01 6.137935961310802213e+01 5.936830252574400646e+01 3.922195264465688780e+01 5.936830252574553413e+01 6.887794433752642931e+01 6.057637438887625336e+01 4.655459145514269181e+01 6.662905197054982409e+01 8.180859064270845238e+01 9.338145932595115539e+01 1.039905824882127092e+02 8.414820481689056919e+01
2.324776005098762310e-02 1.303616559379948692e+00 2.586617157579119919e+00 3.883024604683451120e+00 5.190465505604683116e+00 6.509226452396262630e+00 2.650983094863886791e+01 2.401817505808985231e+01 3.130455334980799620e+01 2.024810100528443613e+01 3.513384139569210163e+01 1.849185734683283755e+01 3.853038899472391421e+01 2.721953028141396302e+01 3.478595263745574329e+01 5.499219687716497873e+01 6.406063962410495094e+01 7.050053138237457517e+01 7.885665563526433175e+01 8.899590170461320326e+01 9.527429760672620773e+01 7.550004614353369448e+01 6.136606543950415471e+01 6.978766768977565960e+01 6.137622753360870576e+01 4.126518738847175172e+01 5.426646209585926783e+01 3.584999161359495901e+01 5.598036371393065735e+01 5.501023935714352575e+01 4.050738912580749229e+01 6.057637438887625336e+01 7.492695191152716916e+01 8.574566075721212144e+01 8.245821392582985254e+01 9.078819689384062031e+01 9.815487688061060112e+01
8.699724428260374731e-02 2.008699724428224798e+01 2.258694020252655221e+01 1.802519080389886597e+01 2.519071812200225224e+01 1.283377932545824329e+01 3.280397590113634720e+01 4.455954303303353470e+01 3.292369968074710584e+01 4.033695503650075409e+01 4.694763490804787409e+01 3.858004420966187809e+01 2.205534256695061757e+01 4.216439724642475539e+01 3.371216509058335475e+01 3.857062381776995608e+01 4.375468315901997585e+01 5.013580554129610789e+01 6.031778309759077672e+01 7.476396893440751512e+01 9.497375991806616469e+01 8.945231375933398965e+01 6.978766768977565960e+01 4.978355736509061558e+01 4.422048031571328153e+01 3.903684626398963076e+01 3.416252135099504983e+01 3.257842902680683039e+01 4.973999191627195415e+01 3.494173636820331552e+01 5.501023556616841148e+01 5.872607252495713226e+01 5.733097148850973923e+01 6.824061699055937424e+01 6.235149551561625714e+01 8.245821392582985254e+01 9.101788364841661405e+01
2.249585233037712170e-02 1.416463147606145334e+01 3.416463147606215500e+01 3.802636741064909387e+01 4.104816461533157224e+01 2.437966745836038385e+01 2.696819695025088492e+01 4.689279259137557432e+01 4.716976433187107176e+01 5.309335057066031993e+01 5.429408969451208122e+01 2.672184145631527485e+01 2.590384960618700561e+01 4.582158357801654347e+01 5.390703561300571778e+01 5.881766420956580532e+01 6.406063962410495094e+01 6.406063962410496515e+01 6.677655970705924915e+01 8.707030515410555438e+01 9.774103347810923026e+01 8.601622323440855666e+01 6.614038306102592912e+01 6.978766768977565960e+01 6.423952572856866539e+01 5.894631741949873316e+01 4.906384506602076101e+01 2.936047199592788459e+01 2.967241379702311832e+01 4.973999064413049354e+01 5.267225739816380781e+01 3.865433250294456258e+01 4.313893487159744211e+01 4.815182269952589422e+01 5.483899906957795167e+01 6.243185540757063734e+01 7.404677451095206209e+01
2.739267172789772165e-03 2.000273926717243356e+01 3.469091413126415091e+01 4.293379369877726504e+01 5.268361624826209066e+01 4.439616887294666725e+01 4.689279259137557432e+01 5.513171274831589130e+01 6.739415280623180138e+01 7.329802377090742027e+01 6.356697691442179377e+01 4.346441529146503058e+01 3.573814142721229814e+01 3.207973275085991816e+01 5.217685148088457936e+01 6.802035625304601751e+01 7.821358784733898517e+01 8.434792413328257510e+01 8.707030515410555438e+01 9.167353633382957412e+01 7.729954762960625203e+01 9.167353633382957412e+01 8.601622323440855666e+01 7.385785878192410792e+01 6.501097973708621680e+01 5.677368212817260940e+01 5.742017076117995344e+01 4.619251125992732199e+01 2.613100293054627699e+01 4.619246361978388649e+01 3.260714735470401848e+01 5.267281793154852210e+01 6.321676639002465237e+01 6.824061699055937424e+01 7.494783715227968912e+01 8.257267023142453866e+01 9.101788364841661405e+01
8.327778614586213435e-02 7.154343941965933595e+00 1.471359712162186995e+01 2.884468432408793959e+01 4.869240943231011443e+01 5.387653889710882993e+01 6.216205833777654277e+01 6.291637844170399774e+01 6.291390402976934837e+01 7.118857489010183315e+01 7.426462052973930383e+01 5.590502761581521440e+01 5.590502761581521440e+01 4.359633692534239202e+01 3.931920397786803534e+01 4.938277511722093749e+01 6.377952669991395140e+01 8.420368744522666304e+01 9.453413353296306809e+01 7.403684451828932822e+01 6.260336937113111588e+01 8.247608751374733060e+01 7.961884879440297880e+01 5.976918557510324348e+01 4.588537464522091369e+01 3.702219524559102837e+01 4.746269664997696935e+01 4.209944511983476190e+01 2.424019454023462217e+01 2.693873209980928252e+01 4.699624530491654895e+01 5.647014453389818556e+01 6.074862879468403776e+01 6.905173537650391324e+01 8.063438137294929220e+01 8.806662061156272614e+01 9.634144985246558690e+01
6.510866554257997707e-02 2.006510866554222616e+01 3.469091413126415091e+01 4.293379369877726504e+01 4.382242605912576039e+01 3.387639802048526150e+01 5.061294234123072755e+01 4.291503984815826556e+01 4.291502459478653009e+01 6.291388252285427996e+01 7.523955747406307637e+01 7.627020342357585037e+01 7.234726979400261371e+01 6.389805234129739375e+01 5.095625288011476073e+01 5.095625288011476073e+01 6.270860151983905695e+01 8.313497469252833127e+01 8.770110065644371389e+01 6.713324913358488288e+01 5.332624829575168945e+01 7.095966360703640419e+01 7.940738950364338677e+01 7.385785878192429266e+01 6.501097973708621680e+01 4.746270614585517933e+01 2.760791635461373872e+01 2.205639307038175545e+01 4.209944451920819830e+01 4.699624438140982363e+01 3.239300177765193212e+01 3.640424254075594490e+01 4.068075878973746029e+01 5.226280881036791470e+01 7.234047446520155233e+01 6.800003071473635430e+01 8.806662061156272614e+01
8.953482861371392376e-02 2.008953482861335971e+01 2.477423168442154733e+01 2.719958863596230358e+01 2.382241720260186568e+01 2.232939222948049363e+01 3.808232507893911389e+01 2.877289624327022821e+01 4.695998537694499930e+01 4.696027312033437084e+01 5.931506314577719507e+01 6.759822343866845529e+01 7.654195834310479540e+01 7.979284616398962271e+01 7.134180264270845839e+01 7.134180264270845839e+01 7.979284616398962271e+01 9.157923149662877904e+01 8.702858013836990381e+01 6.713326948474593792e+01 4.650222610218589381e+01 5.031468145857729724e+01 6.753467550474654502e+01 6.379256779305838165e+01 6.980728893287825088e+01 5.568070931834547110e+01 4.061732122958664348e+01 2.058015364114052304e+01 3.474366864481476114e+01 5.479757793294899670e+01 5.245696413518651013e+01 5.647014453389818556e+01 6.074862879468403776e+01 4.800291892139694028e+01 5.379321382289108300e+01 6.277668707585643659e+01 7.438346466395017842e+01
