LEM/with_lateral_4open/elevation_000143.asc
nrows	100
cellsize	150.0
xllcorner	0
ncols	100
yllcorner	0
NODATA_value	-9999
[rows 68 to 84 of 100, columns 37 to 73 of 100]
7.201165271006159685e+01 7.350455871951331233e+01 8.665664838216395083e+01 8.295813094227139572e+01 6.295672530641348175e+01 4.876389593440567438e+01 6.313734230098373246e+01 4.676118016872020888e+01 6.683283315704703398e+01 6.539474092464496380e+01 8.538219136369282580e+01 9.027321407419773891e+01 7.027233353113267356e+01 5.612922378208873653e+01 5.551960525107238453e+01 7.552091288987931250e+01 8.284484471771547476e+01 7.698687209485744631e+01 9.698724167185025635e+01 1.097996872687594561e+02 9.011549175264222811e+01 7.624607911906774405e+01 7.875373786454146341e+01 8.939989800015551680e+01 6.862769239896061890e+01 6.847026027842349549e+01 8.268128477342412452e+01 8.464836446444638796e+01 7.922022300321451382e+01 7.072705501245647497e+01 5.880864218345033834e+01 4.846646931213587806e+01 2.847129360494051653e+01 3.908061881979434560e+01 4.986318192663357962e+01 3.766397484353392855e+01 5.518758144199941285e+01
6.603851724579828897e+01 5.938651879871917316e+01 6.665630344655788520e+01 8.080805954641813571e+01 7.655351102449091627e+01 6.247487027188338260e+01 4.293589014962476824e+01 6.313734230098373246e+01 7.512302260952863264e+01 8.538219136369282580e+01 9.368649631069024508e+01 9.613042564211251317e+01 7.613045581249429006e+01 7.035659746405481485e+01 5.035207476773686608e+01 5.617537446055713701e+01 6.284356155285916401e+01 7.698687209485744631e+01 9.698724167185025635e+01 1.040998810558449037e+02 1.040777497400565892e+02 9.011501042986152754e+01 9.802369370604225196e+01 9.831364092528656329e+01 8.961620175362011764e+01 8.855488426546783387e+01 8.805570573055436512e+01 8.708599574999955450e+01 7.075300230849485672e+01 5.036510282324659471e+01 5.206874097507848376e+01 3.201612245206424490e+01 3.300291363998551475e+01 5.253068251183380966e+01 6.402297764887232745e+01 5.751783580512576322e+01 4.657566633913393161e+01
8.603242257089632972e+01 7.251426885213879814e+01 5.252785574440089533e+01 6.662059437008133500e+01 7.488873077268719669e+01 6.098261254107727325e+01 4.062136479352651719e+01 6.098261254071179138e+01 6.751453892384344613e+01 7.580962100663428771e+01 8.736884067755948990e+01 8.333186834006792765e+01 7.501761811979289973e+01 6.723241589972539600e+01 4.722366222171235250e+01 6.137402526419542426e+01 8.137582201917594205e+01 9.112891842183380220e+01 9.621436514935659545e+01 8.408856766474292499e+01 9.824019354857429676e+01 1.097880441712724888e+02 1.046182099729113588e+02 9.462821609213703766e+01 8.635119421218436742e+01 7.969665045325537278e+01 6.806583874837382098e+01 6.873612499544806553e+01 5.874857735374565948e+01 5.622598203055243715e+01 3.608406600608689274e+01 3.750811601295941244e+01 5.298478778513069187e+01 4.005783463241170494e+01 6.005477322658679640e+01 7.461695005121286783e+01 5.645825342188203422e+01
8.962653375595441219e+01 8.080844835137791904e+01 6.662059437008133500e+01 4.665254947286226894e+01 6.128341218365731180e+01 5.884823099532486168e+01 3.827746955342320945e+01 5.594770393207299009e+01 4.748019303859745577e+01 5.905465039509059011e+01 7.907096156725224034e+01 7.501519232290542050e+01 5.499055993297638878e+01 6.084932995401746325e+01 4.451918650656839560e+01 5.867565690714502580e+01 7.867878029352415581e+01 8.018820620764324758e+01 7.620493935012419229e+01 6.994178373625648248e+01 8.823519481103134865e+01 9.978819475217267154e+01 9.634014811988785709e+01 7.636224030448074984e+01 6.638756293539766773e+01 5.968829320792107751e+01 5.384082612800130363e+01 4.858903415727289854e+01 4.444152111852490350e+01 4.055418721602550391e+01 5.622598203151462570e+01 4.331048959657743325e+01 6.347454318618259350e+01 5.422592824978248416e+01 4.827451753883092067e+01 6.818194745904224874e+01 7.045340741355227010e+01
7.091154368799718100e+01 7.276084894399609482e+01 7.491150693352486201e+01 6.128341218365731180e+01 4.147747132939491621e+01 5.618160650271331491e+01 3.616914112931816305e+01 3.681104505351555645e+01 5.594770391771863416e+01 6.849194083861507920e+01 7.977718873178305614e+01 7.488467792723353966e+01 5.498551088959980149e+01 4.082096127311518075e+01 6.084932995401746325e+01 7.281931865748822474e+01 7.432900491635740536e+01 6.018027867297097799e+01 6.205903884746610544e+01 5.993964952517715972e+01 7.148923989797228273e+01 9.149759239878997619e+01 1.046182099729113588e+02 9.462821609213703766e+01 8.635119421218436742e+01 7.969665045325537278e+01 6.027033296551430652e+01 6.873612499544806553e+01 4.961196373644213509e+01 6.073957107866957017e+01 6.904222594266941826e+01 4.972021009422538640e+01 6.983558244829539774e+01 7.412684982255812827e+01 5.643779089205681032e+01 6.235570646929706840e+01 8.224773747413891556e+01
5.718002422631766279e+01 5.234989774583212352e+01 6.555430273941770736e+01 6.169649156925905231e+01 5.625227085824670326e+01 3.688098942196585028e+01 5.154838155868861094e+01 3.393488460197271195e+01 4.118087536301067786e+01 5.110515948847616841e+01 7.133576762290492468e+01 7.567046869099172568e+01 5.841185471847648358e+01 3.838377337037075421e+01 5.842064388784768880e+01 6.855033714834777925e+01 6.026190703537949389e+01 4.602294977867743597e+01 5.050499150758322742e+01 5.945572953885255174e+01 7.100528962699898727e+01 9.101357860492989005e+01 1.030376785749779742e+02 9.463226547623791873e+01 9.662243065506331163e+01 7.663236693057784521e+01 7.444590310308869618e+01 7.642917337903405439e+01 5.636763681581470564e+01 7.642917337903405439e+01 7.691989784717640077e+01 5.688242801272434690e+01 7.691989784717640077e+01 8.457450840328068864e+01 6.633068667762339032e+01 8.224773747413891556e+01 9.054856890804680347e+01
7.535088969652680646e+01 5.780687713201176336e+01 4.588324830302288859e+01 4.192525886988062211e+01 5.641240736386880883e+01 5.146393819865859598e+01 3.269753809253955978e+01 3.218181619188836606e+01 5.849940303699357003e+01 6.944043530625712890e+01 8.000742976436507092e+01 6.765823900616949516e+01 4.758302862128423527e+01 3.600710268455199525e+01 5.604297959437505483e+01 5.490882516530608370e+01 4.023258351097296526e+01 6.026190703537949389e+01 7.051479156122046277e+01 7.879943086541956632e+01 8.775110658989119372e+01 9.930504495339570781e+01 9.138923944077887995e+01 7.450494639632306360e+01 9.138923944077887995e+01 9.662243065506331163e+01 9.443512952534248939e+01 8.470816993920455218e+01 6.643047028437848667e+01 8.470816993920455218e+01 7.691989784717640077e+01 7.106808660620886542e+01 8.519433086473804906e+01 9.455238582521499779e+01 8.623774728664336919e+01 9.455238582521499779e+01 9.850795493192856611e+01
8.249083390413902350e+01 7.261601655086492713e+01 6.555430273941770736e+01 5.641240736388373023e+01 3.656338277448995200e+01 3.300380655687263243e+01 2.966646726028976033e+01 4.996704331172011138e+01 6.758127946324754021e+01 7.785729319098150825e+01 7.708111170856453498e+01 6.879059120341639755e+01 5.374488056732820240e+01 3.372317164142349810e+01 5.053895534656660971e+01 3.488376523674303797e+01 4.066211230299164470e+01 4.700408014397412870e+01 5.408614737257445881e+01 6.823397302893707206e+01 8.824229876660790239e+01 9.435923789963266017e+01 8.301175238738353812e+01 6.287738663074805601e+01 8.301175238738353812e+01 8.819199896717323384e+01 9.039735074881882326e+01 9.470457581584764739e+01 8.642787647368976423e+01 9.470457581584764739e+01 9.690071015812789312e+01 9.104741990956756581e+01 9.720235827756815183e+01 9.507236284145399452e+01 9.980307406070525644e+01 9.260909615634012937e+01 1.005790648486152037e+02
7.666948169992133444e+01 6.999255531700109145e+01 6.421853167878045099e+01 5.905651553253130004e+01 5.362816274341574285e+01 4.540677268609049833e+01 2.807039293614074538e+01 4.820924680509371285e+01 5.031613333364450114e+01 6.966220856990948107e+01 6.553199110081477841e+01 4.878259470501007655e+01 5.624699701711178079e+01 4.801320660371781912e+01 3.054446476568040225e+01 5.053901005555123760e+01 6.069053740072882874e+01 6.702016616702857732e+01 7.409377148419892478e+01 6.823397210810036029e+01 8.824199286412029153e+01 8.597160237121539694e+01 6.580362223785215292e+01 5.569045105706977239e+01 7.589317910667992351e+01 6.820766917771808835e+01 7.038942018935975398e+01 9.039735074881882326e+01 1.003913685911033582e+02 9.239860437590377273e+01 9.367117121885178221e+01 9.720235827756815183e+01 7.756284747658382628e+01 7.540687757959764781e+01 8.154578760093366441e+01 7.339168946482688227e+01 8.725302292624269285e+01
5.663870255116066232e+01 4.999075070599732129e+01 4.422797526284313818e+01 3.907998240515694732e+01 4.595838252819397241e+01 2.601949349006284606e+01 4.400769428750368917e+01 3.575115920429866634e+01 5.530684091859816931e+01 6.804330031229653741e+01 5.723915656704868837e+01 3.723137887354624809e+01 4.568589984889160149e+01 2.800525328868659258e+01 3.155414332636736674e+01 5.624509012355122195e+01 6.602166528752934482e+01 7.434234061815755013e+01 8.335516794535836027e+01 8.824182712735309053e+01 9.653244018341501942e+01 8.376473920170609233e+01 6.359773750830309780e+01 4.933473878739188478e+01 6.424858602222620618e+01 5.443622818887127579e+01 6.820766917771808835e+01 8.819199896717323384e+01 8.915277418185382885e+01 7.286254686234634903e+01 7.400896074211910047e+01 8.786975640708404001e+01 8.116668142316031265e+01 6.132596778984636643e+01 6.193045072605325885e+01 7.192711641596226002e+01 8.610126628994666476e+01
7.666948169992133444e+01 6.999255531700109145e+01 6.421853167878045099e+01 5.220482094423513786e+01 3.227245741538395407e+01 4.037713568549747123e+01 2.408077160195339772e+01 3.066155066484578740e+01 5.379806212053083669e+01 5.976348739728566528e+01 3.975773771891172004e+01 4.342927801948039246e+01 2.567973030286868408e+01 4.568736640624504730e+01 3.831678025492282558e+01 3.778316350142979019e+01 4.540003201342408090e+01 5.485674949260049971e+01 6.918545804401416888e+01 8.922411003299367849e+01 8.729170925234173239e+01 7.826455201171748399e+01 6.446207135792558063e+01 4.454299720465706969e+01 4.524983644482129108e+01 6.424858602222620618e+01 7.732104506679979750e+01 8.432917367312479939e+01 8.037462000674223361e+01 6.139381333638471716e+01 5.993600630511610916e+01 7.799345126712240983e+01 7.366727719523348128e+01 5.377082534922627843e+01 7.365430415599975333e+01 8.850373115591388284e+01 9.504483947524630594e+01
7.820431627204779090e+01 6.925798691528252959e+01 6.096195866095382598e+01 6.049836545581520397e+01 4.906623933392123149e+01 4.077885511834068666e+01 2.274158475802781254e+01 3.927318131792289790e+01 5.657037181863439912e+01 4.955425569841885647e+01 4.126566061979279709e+01 2.342257444316779669e+01 3.098384551170289569e+01 5.099146748868649581e+01 5.498654568225340711e+01 5.276160772993448234e+01 4.920270670714258898e+01 6.967249106235667000e+01 8.335686205361646728e+01 9.137026813490943766e+01 7.891117957946086392e+01 5.847415950761971004e+01 4.658849736254305895e+01 4.013957330711472338e+01 3.993805895623523128e+01 5.005293890028944048e+01 6.835611296861408448e+01 6.117439206445609301e+01 6.420357952874915952e+01 5.246624796742901964e+01 4.994514918523067593e+01 6.075431269535383194e+01 6.390481450469857094e+01 4.950937194136708541e+01 6.102775579022882368e+01 8.061405231966818974e+01 9.636702586393819558e+01
6.144209770588966535e+01 4.991353880496966866e+01 4.098374374167429579e+01 5.097285120131378733e+01 4.077890332983042043e+01 2.085461807339242668e+01 3.899713996132100391e+01 4.727719381436856594e+01 4.742178660696049519e+01 3.913314844867148423e+01 2.126038515132379203e+01 4.126566061979279709e+01 4.342927268595860113e+01 4.363788834515527526e+01 5.778464670558683736e+01 7.314161389970239213e+01 6.378413133241158306e+01 6.598516861673992651e+01 8.608081886050615594e+01 8.299610616154032527e+01 6.301940207716293685e+01 5.330116104330767257e+01 4.587417621497637299e+01 3.948176575475869754e+01 3.455649651706225711e+01 5.075036674033042772e+01 5.901199635794692711e+01 4.586985565882849869e+01 4.341093783350908808e+01 5.746079778516833869e+01 4.178023529906764111e+01 4.079897519963935082e+01 4.396402150193146241e+01 5.028657278200610392e+01 5.735427752079122143e+01 6.887480099695636682e+01 8.845301150297387949e+01
7.665230311605486690e+01 5.664978581738289876e+01 4.252825254297843571e+01 3.103498544855770902e+01 2.671453246066853993e+01 3.699137977343372796e+01 1.907065570304133217e+01 3.724299065172155565e+01 3.703606192234179417e+01 1.912939325071048913e+01 3.327311745946265376e+01 4.955425569839582067e+01 6.343741604157173697e+01 6.364535246698966375e+01 7.193861055196052234e+01 8.609649263543447262e+01 8.388874608202898742e+01 8.608061230144888043e+01 9.232567850893907746e+01 9.137037767948837086e+01 8.134664869414369548e+01 7.169661010760974307e+01 5.178381263333436380e+01 5.326604948300110465e+01 5.075036334501087509e+01 3.072957788748031049e+01 4.703810567361700379e+01 4.589582062684254993e+01 2.915156187475985305e+01 4.918273618991777596e+01 3.642613138439902087e+01 5.640288939389967027e+01 5.808352670819459007e+01 7.015725205438005219e+01 7.712824099168632586e+01 7.351006613368710418e+01 9.266175807941721132e+01
7.405322524303362286e+01 5.405697969546540094e+01 4.252825254297843571e+01 4.511960218137451761e+01 4.662205218518133876e+01 3.526171569855806354e+01 3.722274205439072858e+01 1.731047478930561212e+01 1.703359666592282906e+01 3.701883556992952151e+01 4.733397799463845956e+01 6.157045575436882245e+01 6.299719357354812388e+01 7.135640817065066699e+01 8.564444017235425122e+01 8.933111758261270552e+01 9.763837966687788139e+01 8.649077344819849600e+01 7.246099020741425534e+01 8.649090002664598842e+01 9.178855200304131756e+01 7.169661010760975728e+01 7.169660963950892096e+01 7.319344272644292460e+01 5.906442575255331917e+01 4.709912622286961437e+01 2.706472712770767330e+01 2.580606278376817286e+01 4.574948821853431724e+01 3.270026973799152614e+01 4.426448984711348800e+01 6.420748465948058481e+01 7.782486341517760309e+01 7.353925341739906685e+01 7.612360982063921711e+01 8.471199075438843806e+01 1.003838585317936491e+02
8.236075615694139174e+01 7.080578780427698860e+01 6.250838749336392652e+01 6.510384436919785855e+01 6.347795136529903459e+01 5.513151301316608510e+01 4.552094672077483040e+01 3.556568826860218735e+01 1.556297649573614628e+01 3.294602313303561658e+01 4.603371935771306767e+01 5.026095786007108757e+01 4.285960292556625717e+01 5.707836581670789400e+01 7.504025845411541695e+01 6.912047914939144277e+01 8.933134541026443287e+01 7.827935608328563433e+01 5.835073796799461121e+01 7.827935608328563433e+01 8.891410501475841954e+01 8.339354937238604748e+01 7.335248328235778104e+01 6.501991565767811210e+01 5.834392029533390200e+01 5.230600591336102667e+01 4.353399250910410956e+01 2.348915364414435913e+01 4.342376270034187513e+01 5.258841990166484948e+01 6.082713174578598370e+01 7.232303694590602561e+01 6.732129820317375390e+01 5.287977587659156598e+01 5.519123619702416050e+01 7.546142539152326378e+01 8.695573059492934931e+01
7.876609161278189220e+01 6.873766945461885314e+01 6.043732593232950023e+01 5.376157828481471768e+01 4.802925666332746601e+01 4.276820385432544924e+01 4.876845127021316273e+01 2.876274671604041089e+01 1.461926247501459386e+01 1.839938080082187000e+01 3.913039179798944645e+01 3.022094798543654193e+01 5.026095786007107336e+01 6.422339529656343871e+01 5.480361078256591156e+01 7.504025845411541695e+01 7.115633536009376314e+01 6.292189828059724022e+01 5.079669630949148740e+01 6.078793676548128389e+01 8.070618533424206476e+01 7.504670563337555222e+01 5.499312568198059381e+01 4.499192957064550313e+01 3.831842377403926747e+01 3.227428667493090586e+01 4.184607227988415445e+01 2.180007175352622895e+01 4.181395869435658597e+01 5.975008522572978364e+01 6.368964939925470503e+01 5.456481544594121402e+01 5.101492288461684410e+01 3.850288477955054134e+01 4.622954023520807709e+01 5.682134366255868230e+01 7.828340703212499818e+01
