LEM/with_lateral_4open/elevation_000596.asc
nrows	100
cellsize	150.0
xllcorner	0
ncols	100
yllcorner	0
NODATA_value	-9999
[rows 51 to 67 of 100, columns 0 to 36 of 100]
6.455108993161302877e-02 1.420668671844235575e+01 3.420669362147589965e+01 4.792181256916838095e+01 5.415302589559934177e+01 4.596926436090353008e+01 5.040056080583711662e+01 5.841954333562077295e+01 3.991529515885326873e+01 2.055240109907489554e+01 1.696581925452584372e+01 3.696428935092382062e+01 5.105450873677910550e+01 6.025090844942675261e+01 5.723601858828192235e+01 3.723275363758056500e+01 5.723601858828192235e+01 4.950416857207155630e+01 2.949859263287880040e+01 3.535341694325056494e+01 1.653421912901099233e+01 2.005391759404388452e+01 3.959539464250396890e+01 5.333725537661394611e+01 6.754306398234409414e+01 8.175441949702035060e+01 7.585868210514639998e+01 7.377491993262121639e+01 5.468808409885376420e+01 7.377491993262121639e+01 7.246445312406434880e+01 5.807204132536431729e+01 3.825186011479110704e+01 3.492066596709496196e+01 3.623113314328492152e+01 5.623758108862330118e+01 4.009748291611951032e+01
3.995603441288197999e-02 1.505503514973306345e+01 3.424934192659075904e+01 3.513404082134753992e+01 4.126552275495519950e+01 2.568083471010421803e+01 3.052886988365930065e+01 3.920439280276217886e+01 3.161942616676078899e+01 1.202727476008931262e+01 3.161903525574783203e+01 4.524534681665485891e+01 5.856266040666422157e+01 4.024581813898571170e+01 4.024581822646209872e+01 2.967212970878261302e+01 4.967549509715324518e+01 4.916683581121900914e+01 2.947368351571540757e+01 1.535284914178519067e+01 3.535595907878676769e+01 3.959539464249565555e+01 2.507772904739551834e+01 3.913144677088384782e+01 5.885864084409517005e+01 6.714535486718934010e+01 7.714597986220945813e+01 8.260210997640096764e+01 6.859443909830328323e+01 8.260210997640096764e+01 6.620832902552631083e+01 4.641218812987146691e+01 5.812658834709343836e+01 5.459642225816452310e+01 5.503004921745185385e+01 3.811482432580972812e+01 5.811958287044888749e+01
4.804567899273937126e-02 2.004796673726353617e+01 2.656920523365014830e+00 1.900385989385294394e+01 3.347757957342670920e+01 1.379558223706784048e+01 2.425508918833890348e+01 1.900275929928888630e+01 2.546593906312300604e+01 9.078971053390855417e+00 1.948908805149585177e+01 3.184910719587034222e+01 4.866550179913388519e+01 4.024562447933008968e+01 2.024061839782973493e+01 4.024388592625719951e+01 4.429127239252071035e+01 4.163079698782272686e+01 3.336316543397406065e+01 1.452250224445930549e+01 3.452821871564912470e+01 5.333725535579322496e+01 4.502411264583584227e+01 3.106082545003511086e+01 3.874577615409942410e+01 4.885994086187975682e+01 6.300016442773338810e+01 8.299781552496723691e+01 8.844188513996836321e+01 7.608770857406757671e+01 5.632894947698505916e+01 6.620832902552631083e+01 7.445219068489089409e+01 6.963403032637191359e+01 4.967386252142765102e+01 4.347154454854171490e+01 6.346424856392943070e+01
9.707512844716031930e-02 6.987379565967358763e-01 1.301767619507250728e+00 2.028102275404144450e+01 2.266691930132571642e+01 2.139765192153879170e+01 4.231917238950431148e+00 4.847308732260744435e+00 5.463901668148446689e+00 6.081395501180848484e+00 2.608494845571913245e+01 3.525469310551427071e+01 2.573382124931728754e+01 2.943885956510501245e+01 1.507142472520932230e+01 3.073100280107093596e+01 2.532736622875519217e+01 3.220071167958057146e+01 1.335323285652963676e+01 3.055419270953623823e+01 2.877423455013141051e+01 4.889743487552652113e+01 5.955524819053926677e+01 4.538150274144988572e+01 4.014836566530613027e+01 4.731480694351814265e+01 5.626716326900487530e+01 6.779502432048610672e+01 8.780425183560505786e+01 8.436412043184311926e+01 6.617743479895540304e+01 8.436412043184311926e+01 8.402664436586444197e+01 6.384859594674283301e+01 6.923552664948500990e+01 4.924422129375842161e+01 6.923647424793699656e+01
5.001202446392439237e-03 1.996032450654442414e+01 2.128710925641060214e+01 2.155668296839431619e+00 2.760518536154482394e+00 3.366171852897258177e+00 8.939725440020181324e+00 2.484488711163883679e+01 2.546578710957951941e+01 2.608593964376338192e+01 6.973594066493468802e+00 2.696894406268486932e+01 8.780316338995707071e+00 9.424851719958963869e+00 1.006957537994528806e+01 1.072013734123357587e+01 1.137242551822338754e+01 1.218957158477315161e+01 2.232741294699859225e+01 3.952528477963715403e+01 4.873016303892581647e+01 5.716879359741004407e+01 6.498059957711816992e+01 6.544065543602667390e+01 6.024351776220982657e+01 6.731446450310677676e+01 7.560233358225579536e+01 8.454437218785548680e+01 9.609971292121498720e+01 9.431074908701143045e+01 8.599798234917967932e+01 9.431074908701143045e+01 9.241373797895383291e+01 8.402664436586444197e+01 7.590371297381314264e+01 5.590199679618454098e+01 7.590371297381314264e+01
5.279685921607564503e-02 1.974884101549485393e+01 3.085897802459358630e+01 1.728169542882412202e+01 2.237066157257293497e+01 1.017539484570131059e+01 2.741587913979168079e+01 1.752821594269536831e+01 3.732817601466523172e+01 3.249118866560905161e+01 1.068970650571887759e+01 7.869131156421772744e+00 2.668996742821596158e+01 2.933586607153016601e+01 3.007551657318960636e+01 3.073100175079580865e+01 2.272343891361964552e+01 1.292487012541871394e+01 3.273562209788153154e+01 4.737458881159231794e+01 5.666866492657045029e+01 5.831247778497014878e+01 4.497623420068099875e+01 5.599981678082924930e+01 6.177407555124616323e+01 6.844241530482281632e+01 7.673351144929826262e+01 8.673966777518721472e+01 9.378171594998346450e+01 8.544865769557578972e+01 8.284637326280216030e+01 9.117540807852002160e+01 8.948322322798297535e+01 9.782236219586489767e+01 8.423569169804636658e+01 6.589272051032047273e+01 8.423569169804636658e+01
5.738623160518319517e-05 2.000005738623125140e+01 3.565265409826586307e+01 4.014754189119371119e+01 3.711211984474525849e+01 2.475770703488851154e+01 2.297392708863381827e+01 3.732975948986928216e+01 2.750074271584258057e+01 4.028233488895909176e+01 2.537702322567546531e+01 2.787164859090243851e+01 1.278956572104786638e+01 2.685389777581014314e+01 4.604785681445313372e+01 4.104892777850125896e+01 2.221284290015357499e+01 1.402114687288703188e+01 3.383488004725894172e+01 3.004515822164190908e+01 4.467925279716501308e+01 3.830532676669255920e+01 3.082510255095805007e+01 3.599802816051245458e+01 4.177145641842150781e+01 4.843739604409302757e+01 5.843798380859222164e+01 7.844684680105342522e+01 8.544865769557578972e+01 6.539811544112002650e+01 6.279686332134657789e+01 7.530453662829808081e+01 6.943153234207088076e+01 8.948322322798297535e+01 9.426779576140742734e+01 8.591470543730586940e+01 9.426779576140741312e+01
4.532054705376769438e-02 7.595132454694454971e+00 1.747794569328227610e+01 3.121043980245367067e+01 5.066975431718657319e+01 4.764248295149644008e+01 3.634843740073353757e+01 5.028806464878989146e+01 3.495646975714789306e+01 5.158252227634639553e+01 3.832359763523678708e+01 1.856633823953955797e+01 3.292977313550210994e+01 2.544717924713630808e+01 4.554196614281869415e+01 4.095454007608560687e+01 4.035533604023500232e+01 2.783933029126037084e+01 1.555869217350205780e+01 1.662933054069975469e+01 3.652057450908704084e+01 2.412775366214368233e+01 4.416528562772334965e+01 5.599981678082924930e+01 6.177407555124616323e+01 6.844241530482281632e+01 7.673351144929826262e+01 8.673966777518721472e+01 8.702442103689959652e+01 7.127078330098262882e+01 5.121616744369894292e+01 5.525182490129136426e+01 7.530453662829808081e+01 8.919912637962482904e+01 8.574967900726191772e+01 9.400613059122029824e+01 1.039919837780749390e+02
9.001595176218035732e-02 2.009001595176182420e+01 3.566328050770560054e+01 4.504122622250101671e+01 5.327575185793391199e+01 6.157968051436141366e+01 5.686518278513020874e+01 6.156539731985753150e+01 4.444512756674607346e+01 6.156539731985753150e+01 4.280667222410526307e+01 2.283319808551410190e+01 4.280620356319280262e+01 4.562945583340913203e+01 4.562729773544799627e+01 6.121947977096017723e+01 5.486608088642755376e+01 4.331695352899703266e+01 3.540346284893963258e+01 3.652057457584091793e+01 1.814030265355984994e+01 3.810379948797674388e+01 4.816188697101493688e+01 6.234170828666897535e+01 6.340500057566582370e+01 7.169691522000202610e+01 7.982605567742695030e+01 7.471096186398933980e+01 6.880661022261385540e+01 5.871228047467320010e+01 4.453537282757962146e+01 6.458589253191617274e+01 8.331126625034242750e+01 6.917259984291429475e+01 6.571040245584391926e+01 7.574816772118897745e+01 8.990840518365375544e+01
5.674351268809080251e-02 1.419887913641916555e+01 3.419887913641986898e+01 5.001568770558788657e+01 3.325379871005377908e+01 4.171607181830698607e+01 6.174775093740236542e+01 6.982014753839625598e+01 5.716823305754240891e+01 6.317018519725829861e+01 4.189454513797183921e+01 2.742350685321731163e+01 4.154734258644950273e+01 6.155847457481604579e+01 6.614205353549255051e+01 7.225164787462246352e+01 6.140849049773645163e+01 5.333844680190483700e+01 4.330206688974276119e+01 2.325679451337907722e+01 3.812386313553042072e+01 1.984055262498621275e+01 3.403479433265711407e+01 4.925818651838918782e+01 4.339838427149483380e+01 6.340500057566582370e+01 5.982630332540930596e+01 5.460354002830589337e+01 4.872616746854380665e+01 5.682219092217451362e+01 4.005735216969411283e+01 6.010220214125097016e+01 6.685181764002459204e+01 5.497170243391838795e+01 7.493491428369104312e+01 9.099112336292515124e+01 9.903737948824763748e+01
9.518805923843161321e-02 2.009518805923807605e+01 2.801613681293897784e+01 3.228283397620655393e+01 2.170515247821984772e+01 3.585080134048266842e+01 5.587608735287381023e+01 6.968239703616414715e+01 7.487508282245248381e+01 6.155847457481603868e+01 4.154734258644950984e+01 3.449308379312690676e+01 4.740846744662302825e+01 6.746005306498412324e+01 7.925244692354893061e+01 6.448463706551386565e+01 4.484205947488731425e+01 3.332225723542229900e+01 2.894567631353403669e+01 3.484188836658196209e+01 4.817636273100850275e+01 3.989756750634627736e+01 2.162078754394974567e+01 2.924494416037924793e+01 4.925818651838921625e+01 6.568717294272443041e+01 4.566817622696720491e+01 5.153145334509607522e+01 3.456361667022932238e+01 3.678690389768230062e+01 5.680961481042427152e+01 4.394744574362279366e+01 4.677978798549835204e+01 6.685094519559663695e+01 7.550602692995424547e+01 7.103934009280986572e+01 8.434844898495325083e+01
9.062254805971975413e-02 4.012945250847343992e+00 8.012945251550176451e+00 1.227695959359094857e+01 2.044198156433802538e+01 2.938712471401173332e+01 4.094747646471475377e+01 6.118655007863572592e+01 7.121245652961997052e+01 6.992185703577514744e+01 6.155847457481603868e+01 4.601067795420635775e+01 4.860160137977213424e+01 6.864482383078791372e+01 7.093626337118189440e+01 5.088583229485874426e+01 4.088204175966518505e+01 5.333844680190483700e+01 4.050589977841288203e+01 5.481820890164861737e+01 6.299770111346324342e+01 4.985059883244645818e+01 4.169389199449882000e+01 2.347809706332450475e+01 4.352490985179034766e+01 4.693129073326276313e+01 4.859423750003244180e+01 3.151860128996297661e+01 5.152738715875606346e+01 5.682106140842645914e+01 5.681972408769080118e+01 5.813148960741391136e+01 6.685181764002459204e+01 5.164294619827591504e+01 5.537122242231845348e+01 5.939350957064261394e+01 6.428226311333567367e+01
3.063233560239582431e-02 2.003063233560203926e+01 2.801613681294507074e+01 2.642036876564078440e+01 2.860944408622754764e+01 4.862754461290462871e+01 5.786231829321882003e+01 6.535437954818961259e+01 5.121296135348160306e+01 6.535437954818961259e+01 7.440844499979212401e+01 6.603067737172439422e+01 6.864482383078791372e+01 7.702860892110939517e+01 7.925244692371735766e+01 6.760660711841060788e+01 4.754910629582042958e+01 6.760660711841060788e+01 6.052656218316248271e+01 6.883201383106388960e+01 6.175116859026891802e+01 4.837685021019825626e+01 2.837252018381863294e+01 4.352435811310980540e+01 2.550011112867505148e+01 2.693397695440962281e+01 2.859699313892135208e+01 3.141427377284041356e+01 5.142351898574292335e+01 6.379740505121328198e+01 7.683938561737340933e+01 7.818622606939563013e+01 7.174835449533919984e+01 6.586362424458951637e+01 6.961399589333056781e+01 6.959061464491310289e+01 8.448550897533738180e+01
5.666595628964066211e-02 2.005666595628928661e+01 3.985108856254048959e+01 4.643607699649476928e+01 4.862754461290462871e+01 4.705889056941242643e+01 4.961956825415747119e+01 5.641034222223935046e+01 3.707085012062510287e+01 5.641034222223930783e+01 6.798931082747971288e+01 7.047958800588199324e+01 7.062696786623619971e+01 7.875108394686724012e+01 8.401969204935593893e+01 6.391785045646611252e+01 6.171958451665341272e+01 7.593263604713385462e+01 7.896929904225932262e+01 6.741177658253822358e+01 5.345811724420959621e+01 3.345396371654011602e+01 4.837685021019825626e+01 5.380000745316510802e+01 3.965250130265614104e+01 4.691625838747322064e+01 3.088944293347116599e+01 5.083734552418405173e+01 3.549233548537824134e+01 5.550948174701332505e+01 6.807187016186411199e+01 7.963117533500252421e+01 9.182241389553047384e+01 8.596131172203992321e+01 8.973177543363181030e+01 8.518879988600653519e+01 9.887229054797175820e+01
2.110006612196471329e-02 1.156810543824205517e+01 3.156790623540326735e+01 4.138502298998282214e+01 4.120100395500286083e+01 2.705891156256814156e+01 2.961964811045363888e+01 3.812653074824309130e+01 2.812657850351752131e+01 3.964944243245585653e+01 5.109503774565067147e+01 5.109503774565067147e+01 5.133566347937733809e+01 6.493262482744188446e+01 8.437432805929830693e+01 8.401969204935593893e+01 8.181913692556977935e+01 8.266140216384148687e+01 7.067149761226842486e+01 5.065926632518629447e+01 3.910873662119104210e+01 4.759800351041942434e+01 6.175116858999712122e+01 6.795137473963438879e+01 5.494751755470488064e+01 3.500855971982095838e+01 5.083800126209614234e+01 5.912753591112475959e+01 5.550948174701332505e+01 3.976000008641183570e+01 5.131677587969939935e+01 7.133424333532411765e+01 8.688516578940389934e+01 9.439826738506876325e+01 9.609763006455001744e+01 1.044057529966662798e+02 1.169670646166569128e+02
9.367352646185668485e-02 2.009335623850496333e+01 2.508914685762532315e+01 2.136877951151324595e+01 2.940855830088664291e+01 1.291677623262412844e+01 1.547751383128206903e+01 1.812657854541220104e+01 2.177806480702209058e+01 2.549200321180596873e+01 3.151884233794218915e+01 3.902997244283317713e+01 5.842607568662183581e+01 7.019180338958285859e+01 7.844902074516390655e+01 8.837761732528161929e+01 8.592106443684043882e+01 6.590096477045875645e+01 5.434946986370572120e+01 4.618175244077190200e+01 5.065926632518629447e+01 6.741177658253830884e+01 7.606338235697886319e+01 7.223392701880494826e+01 5.858506062158630101e+01 3.866068849745709457e+01 4.231120096437656741e+01 6.221547856588701819e+01 6.807187015917773465e+01 5.977715311132460130e+01 4.441428095112241436e+01 5.856752377982583369e+01 7.437063112473020965e+01 7.437063112473022386e+01 7.607131588417948365e+01 9.609763006455001744e+01 1.105221355814103248e+02
3.648181865326004941e-02 2.003648181865290567e+01 5.094358089479926299e+00 7.226365253036039604e+00 9.408544155395981434e+00 2.940855830088486300e+01 3.547748909735226874e+01 3.812653074823572297e+01 2.519646346383503044e+01 4.514533036497836349e+01 3.277561785121008597e+01 3.827564205434244826e+01 4.418433297875142074e+01 5.062942385347129459e+01 6.029530544741445652e+01 8.008830133175119670e+01 9.422439353844802667e+01 8.266140216384148687e+01 6.619218773826118252e+01 5.374358502767630341e+01 7.067149761226842486e+01 7.896929904225984842e+01 7.802853756142783936e+01 5.817903997420788897e+01 4.410600028690166141e+01 5.858506062158630101e+01 6.221547856588836112e+01 5.045860725076099840e+01 7.032651996763910063e+01 7.271858869526504066e+01 5.856730972862230544e+01 4.949811605327981567e+01 5.435261965814752472e+01 6.191845476633010747e+01 7.607131588417948365e+01 9.609763006455001744e+01 1.024014280983970480e+02
