LEM/with_lateral_4open/elevation_000065.asc
nrows	100
cellsize	150.0
xllcorner	0
ncols	100
yllcorner	0
NODATA_value	-9999
[rows 68 to 84 of 100, columns 37 to 73 of 100]
7.691211627842339738e+01 6.844949025747544624e+01 7.210334313143334839e+01 6.766437177011941628e+01 6.164702487022314159e+01 4.183556127319030793e+01 6.164702471551930785e+01 7.070150859750434336e+01 6.075768978109126550e+01 7.068405958967379377e+01 9.060659613259149125e+01 9.429250252234119500e+01 8.595747841503099096e+01 7.295202124963984147e+01 5.325346471611007360e+01 7.295180506489778338e+01 7.401844328939850470e+01 8.805995812904133402e+01 1.080184432445922056e+02 1.033845453299939976e+02 8.324770692342403322e+01 8.104992626805120892e+01 8.833913804297526440e+01 7.157381974434257188e+01 8.833913804297526440e+01 8.165822412117914553e+01 6.753792191599448813e+01 5.700495291168683565e+01 3.703932908662118706e+01 3.539410901326174752e+01 3.403652511613726261e+01 3.270351651571198204e+01 4.777602067366279925e+01 4.977718915205597483e+01 4.395912890972937959e+01 6.389807894752171080e+01 6.836369213306981862e+01
6.285769547850745198e+01 5.736032634722096901e+01 5.225165970355862299e+01 4.783291205924852818e+01 4.361510002060029478e+01 3.978489367878409411e+01 5.378801775412072317e+01 7.364375478651773221e+01 8.064532786113259988e+01 8.891193742826531832e+01 9.888109484881148603e+01 8.264023175156123102e+01 6.575038630572367992e+01 7.004762774838862072e+01 5.032627819039331740e+01 6.424851268547476479e+01 8.404817747756671054e+01 9.004310273895544015e+01 9.004308787603996223e+01 9.829834934229761245e+01 1.033845453299939976e+02 1.011697480111336915e+02 9.990549674410119962e+01 9.154158817299067152e+01 9.336151381841024488e+01 7.803388259396282933e+01 6.095779776897786917e+01 5.381768552238732894e+01 3.896920756045481227e+01 5.547228481252427912e+01 4.991095253605693927e+01 5.280736919627076986e+01 3.871466732629689034e+01 5.868111722025585664e+01 6.395089363007165417e+01 7.218931135101058771e+01 6.838759137350740502e+01
8.275288009749937146e+01 7.723494850731347583e+01 6.667192610157439958e+01 5.843140409194607088e+01 5.759133726681491083e+01 3.776232507143748762e+01 5.177728631891048394e+01 7.162771012083416622e+01 8.356210666178290580e+01 9.179225525178136991e+01 8.796673000286916988e+01 7.408896191921732566e+01 5.451295510627104335e+01 6.341930052695051501e+01 4.749549532097707782e+01 6.725860781142749545e+01 8.156165485953003724e+01 7.015236701600215952e+01 7.015236700225813138e+01 9.004308787603996223e+01 1.056747772757075836e+02 1.111878048416382541e+02 9.937439754188157792e+01 9.092068409902749693e+01 8.490607765259684925e+01 6.454666173123165152e+01 6.355089003357848298e+01 4.347055830459137837e+01 5.979710826267806567e+01 4.507593088380162527e+01 6.273371598231241819e+01 6.645585682350468915e+01 5.030585346619427867e+01 4.565429022049682573e+01 5.967799387365677433e+01 7.949393058206369744e+01 8.825444956072627178e+01
7.723158923976913570e+01 7.020547151471167524e+01 5.843140409194607088e+01 3.860153507697677355e+01 5.331134833157141628e+01 3.597313576455435680e+01 5.581064439856465498e+01 6.950290508483628571e+01 6.367939311552783721e+01 8.356210666178290580e+01 7.924581499571084464e+01 5.797446865982892916e+01 4.970073294775015427e+01 4.359390503031993092e+01 6.341930052469828638e+01 7.548205013796706453e+01 6.170335178375884766e+01 5.614126033999730936e+01 6.603974189302407183e+01 7.749737747787025910e+01 9.741772414403921232e+01 1.027637135388214062e+02 8.225098483356426016e+01 7.040065568698879872e+01 7.907344017155814697e+01 6.828268433348716826e+01 4.820738129243052583e+01 6.355089003357848298e+01 6.870932443935792833e+01 4.952933729249658512e+01 6.870957168346738797e+01 7.836627258672909591e+01 7.012193513400337963e+01 5.711384124312527888e+01 5.413631756872604939e+01 6.809599776645967495e+01 8.796692186513752176e+01
5.735872728455652236e+01 5.036132314538873800e+01 4.410401751431307105e+01 5.331135167859583390e+01 3.346587555523907298e+01 5.331056348877184092e+01 5.889422007466748710e+01 4.965587276870827083e+01 6.950290508483628571e+01 8.038685079981884485e+01 8.796672724427448031e+01 7.736286122250258757e+01 6.091514028018310967e+01 4.104357721160994998e+01 6.089965542239974639e+01 6.027798805514223801e+01 4.768434788400050195e+01 6.751971409179452621e+01 7.859766863815104898e+01 8.685600973363511912e+01 9.681382457093228311e+01 1.008365885458163831e+02 8.031201153265106996e+01 6.581719580352435628e+01 5.874220966382029729e+01 5.380998811084261035e+01 5.707985117871701419e+01 7.672527067496081088e+01 7.359454309020783569e+01 5.425776927989306841e+01 6.748412079925655860e+01 8.503919726925302314e+01 8.517123024636867967e+01 7.691299344635720558e+01 6.110644803517229207e+01 8.092186429371359679e+01 9.333280256896658500e+01
5.906671188719494126e+01 5.158332614417196993e+01 6.393020080737400690e+01 5.174571429099380282e+01 3.189553880175574463e+01 4.953783389446071084e+01 3.905750265623321127e+01 5.596742757927651724e+01 5.293858200268117287e+01 7.203617240946908851e+01 8.443220309794507727e+01 7.270224811908457241e+01 5.274647806017929241e+01 3.866179213825609651e+01 5.523257556884147590e+01 4.039822097079149188e+01 4.616594926995854564e+01 5.215687911416040379e+01 5.875297855963269456e+01 6.864887098192119197e+01 8.854646629438080652e+01 9.931066362107503664e+01 7.877618806594311707e+01 8.491188377656779096e+01 6.448009360415916547e+01 7.399063254462369343e+01 6.869434307060589617e+01 8.581078819328229201e+01 8.088310772866330467e+01 6.149686768395420700e+01 6.526794477883088064e+01 7.613975855888087096e+01 9.437911626992656977e+01 8.918989003938153814e+01 7.096872149862240065e+01 8.918989003938153814e+01 9.073740042315859000e+01
7.143248509931589751e+01 6.302432006067827075e+01 7.968859459351538987e+01 6.002819153069066971e+01 4.954628146585081794e+01 2.969531256392614793e+01 4.742360113471956851e+01 3.708054452030593495e+01 4.312699593076602866e+01 5.589162894774926116e+01 7.617893161202533747e+01 7.491973495498200464e+01 6.684594865862733570e+01 5.528380839183795104e+01 3.538483889238801794e+01 5.530841772033240034e+01 5.663432633459967036e+01 7.198277194531156908e+01 7.859766863815104898e+01 8.685600973363511912e+01 9.681382457093228311e+01 1.077433186204739428e+02 9.332371674547886187e+01 9.337554794538884551e+01 7.623943633444442014e+01 9.337554794538884551e+01 8.916430429801789614e+01 9.761938856999890390e+01 8.891559140404081063e+01 7.114976000875449813e+01 8.454012275101769092e+01 9.195524334723523907e+01 1.019864423470634733e+02 9.915537802309786741e+01 9.087500708880476452e+01 9.915537802309786741e+01 9.902121551962405022e+01
9.118687573040551797e+01 8.291825214130710719e+01 8.409054610699729437e+01 6.451350386347382937e+01 5.778084533234240894e+01 4.742815353062357531e+01 2.757402723923799570e+01 3.032195825432197012e+01 5.992767464623893403e+01 7.278055980211273379e+01 6.910980160684779605e+01 5.504533641031419222e+01 5.906019895800707076e+01 5.081988585571485117e+01 3.348292769515011003e+01 4.258137225020806937e+01 6.298350214706503891e+01 7.649041207053969060e+01 9.640108634826125922e+01 9.224695571284676987e+01 1.005311285161363060e+02 1.089840226831874617e+02 1.137644319653464038e+02 1.051977161920168555e+02 9.675866729549360912e+01 9.857449499728751618e+01 9.010247719743051675e+01 9.857449499728751618e+01 9.863204723366673932e+01 9.061645544857206858e+01 9.863204723366673932e+01 1.003594545420740616e+02 9.210096414563766132e+01 9.210096417476039221e+01 9.089420501440008593e+01 9.915315569178326882e+01 1.105689189065078182e+02
8.717907487192236715e+01 7.882084959487194453e+01 7.840834299744267355e+01 5.875980173333726952e+01 4.476109579810265870e+01 4.597892213302208120e+01 2.608147238552442460e+01 4.597892656295502434e+01 5.153383174133958278e+01 7.234231553572315931e+01 6.086622992143261257e+01 4.097360495998702845e+01 4.828514389622701941e+01 3.087764106395055563e+01 4.499691843078289111e+01 5.883622254123083195e+01 6.055302615416123757e+01 8.221797315190262623e+01 8.632981978257591038e+01 7.229577736639379282e+01 8.072813752387185104e+01 9.793104866655373542e+01 1.094662812686317324e+02 9.885284188925612625e+01 9.038911020949910835e+01 8.838183663871382123e+01 6.974530362262693473e+01 8.838183663871382123e+01 1.010833595185488036e+02 9.763227809380327926e+01 8.936269757895729526e+01 9.210096414437893486e+01 7.211591876430270531e+01 7.211591876430445325e+01 7.090610011649830824e+01 8.762134451737807694e+01 9.655604216872420409e+01
7.882084959487194453e+01 5.907024558090682831e+01 6.485506356406700945e+01 5.867933446023427990e+01 5.202200066094620468e+01 3.219351732830851631e+01 2.465014806814124881e+01 3.364399750722139260e+01 4.702168716229654422e+01 6.672281993629756869e+01 6.233634042382193741e+01 4.245897094676759309e+01 2.833902665009813759e+01 4.828514389691824960e+01 5.906008665474097086e+01 7.312212607840673684e+01 8.138441570807680137e+01 7.788200583656463039e+01 6.638034592546500789e+01 6.078278712322575217e+01 6.970154149711895286e+01 8.121084732922362548e+01 1.011753549469615763e+02 9.038911020949910835e+01 7.004392991605898544e+01 7.600289525954474357e+01 5.970145438521863923e+01 7.228052803494851730e+01 9.089865881825538452e+01 8.608952438687407493e+01 6.935842128520789629e+01 8.456904675846301700e+01 7.630048603394895679e+01 5.797573951329534481e+01 5.936013412742236994e+01 6.830204738551357480e+01 7.985490564285019843e+01
7.791614257147679723e+01 5.889761833063779761e+01 4.518877850770508076e+01 3.892716463852092801e+01 3.340939937776342106e+01 2.825923156580350692e+01 2.325366293948569663e+01 4.317272451884220885e+01 6.099049143295717101e+01 6.419144472581726291e+01 5.241983305332742304e+01 4.417458611420718029e+01 2.661049638186233679e+01 3.660744652695571233e+01 5.069294694030457293e+01 7.056741282065405585e+01 7.813397537536084769e+01 6.157060843814085871e+01 5.227172131727853355e+01 7.222341153710905814e+01 8.303850831520315978e+01 9.461609906828060446e+01 1.002868819231988340e+02 9.180148881904830205e+01 7.600289525954474357e+01 5.582511554586522351e+01 5.214781332077236442e+01 6.219828246558905249e+01 8.244707232589017565e+01 7.781322327581736431e+01 5.781443326474099820e+01 6.626691647945570196e+01 5.631302914638618518e+01 5.043042709351351505e+01 5.797573951329534481e+01 6.797258130041940660e+01 8.211882026310273375e+01
7.979228020363724738e+01 7.312466022641460484e+01 6.485506356406700945e+01 5.867933446023443622e+01 5.323053068553673484e+01 4.184814767254039936e+01 2.190436042017110552e+01 4.184810051209178283e+01 5.948192229510038231e+01 5.009948559399331458e+01 3.601944305739740315e+01 2.421107112358092195e+01 4.384375903023759946e+01 5.457471659187455515e+01 6.475610982906593449e+01 7.537219396493313184e+01 6.599600061769511683e+01 6.166251142562524024e+01 4.728868732447314471e+01 5.475737964237740840e+01 6.625690927247633510e+01 8.630920473275733684e+01 8.154659980037919809e+01 7.139864525841051091e+01 8.444834711591120424e+01 6.591400463703030255e+01 4.584160948599154040e+01 6.011960282511076059e+01 6.851360755579102602e+01 7.908497617239166289e+01 6.624127786869358658e+01 4.629033149964774196e+01 4.479232238142628830e+01 6.476072242281421154e+01 7.796940303789143911e+01 8.623768764725934943e+01 9.622720601506159710e+01
5.754717694735006717e+01 6.074910296355436401e+01 5.540823338461245129e+01 5.084524344860800227e+01 4.670695553511606590e+01 4.053069550198879512e+01 2.055212143976445560e+01 4.053006042895670191e+01 3.957150675337903323e+01 3.957225170135551906e+01 2.185857546478877822e+01 4.185226605218353768e+01 3.834695187294911278e+01 5.826103659164205339e+01 7.433346833498642070e+01 6.469212891857627312e+01 4.792219883505417499e+01 4.177197428787234657e+01 6.166251142562524024e+01 7.473200655089415534e+01 8.303850831520315978e+01 7.564550642526425861e+01 6.127208471097908671e+01 5.976506905106793255e+01 8.002189796360630680e+01 7.432708544170701259e+01 6.011960262425601798e+01 4.010580817868562065e+01 6.011960282511076059e+01 7.099832699801488900e+01 5.115826354862153380e+01 3.966474264767968094e+01 5.960490370210069955e+01 6.815341317275226629e+01 7.521936138024859986e+01 8.348531003647687498e+01 9.501491172699533649e+01
4.785079842777514614e+01 4.042735391902249376e+01 3.526850559506463156e+01 3.080357535171581063e+01 2.672174719521311914e+01 2.292007294465015832e+01 1.919556762039197295e+01 3.747226126859173689e+01 3.733570718006388489e+01 1.952298247748162652e+01 3.373586558339388120e+01 5.009948871990173558e+01 5.827485280063554995e+01 6.653225964594975039e+01 6.024233704749921259e+01 4.615120576001201158e+01 3.647838835970061666e+01 4.544638595653619006e+01 5.691564007058473607e+01 7.682145188845262851e+01 8.154659980037919809e+01 6.127208471097908671e+01 4.711445431662298944e+01 5.864143198644510591e+01 6.704303141601739924e+01 7.060129883171056520e+01 5.640311010478343690e+01 3.645655913352209154e+01 5.640313418109046495e+01 6.116836215874903360e+01 5.290330010942464867e+01 3.670362933353008827e+01 4.217943410544320670e+01 4.817964746065566572e+01 5.523384180811415689e+01 6.677327064769481524e+01 8.675693588358556951e+01
6.214845385392800381e+01 6.074910296355436401e+01 4.684530263219948409e+01 4.494646430583021868e+01 4.084834342148755582e+01 4.288169294098943141e+01 3.161164124026115374e+01 1.737775182635988358e+01 1.720452186782713611e+01 3.729561451886299750e+01 4.765219636055501695e+01 6.190863132392401980e+01 6.369875630066675853e+01 5.544029730330779415e+01 4.781894729617029327e+01 3.195865675325754296e+01 4.615120576001201158e+01 6.469212891857627312e+01 7.359280958349221180e+01 8.509835461817820601e+01 7.932137536403801903e+01 5.907292093745617478e+01 4.752980784722997498e+01 3.867171609944968225e+01 5.247864355374994005e+01 5.640549535263234304e+01 4.220869303798757954e+01 3.303916395004864626e+01 5.287704601034404561e+01 4.940369160701430928e+01 3.310652488242295988e+01 4.706052735690700217e+01 6.213107619055989517e+01 6.815341317275226629e+01 7.521936138024859986e+01 8.348531003647687498e+01 8.784022893276078037e+01
8.460481653915960010e+01 7.580117109369962236e+01 6.716955968913453034e+01 6.498130883271676339e+01 6.089790747596173759e+01 5.889770684615657359e+01 4.526088237676392367e+01 3.576291603746052772e+01 1.555439609873603857e+01 2.780422743317240020e+01 4.568620654274540982e+01 6.264731211687681167e+01 5.217101836606889975e+01 3.546164608797227658e+01 2.782786934643326049e+01 3.937966419924946138e+01 5.929233167745090327e+01 7.433346833498642070e+01 8.671151679716219007e+01 8.924805292500448672e+01 8.779188201906356426e+01 7.606741525359917944e+01 5.864143198644511301e+01 4.659711760688137616e+01 3.267910957207772071e+01 4.698724063087167480e+01 2.844368799480279719e+01 4.806563451724482405e+01 4.603374412602748578e+01 2.975368987215962591e+01 4.940369123819844077e+01 6.116793818832634599e+01 7.527340540247958245e+01 7.551820940465002252e+01 7.673271675865500185e+01 8.501604134205405217e+01 7.955432399193331605e+01
7.135560465001799457e+01 9.057303052748706307e+01 7.402287122743256020e+01 6.407798760341090372e+01 5.583346893010921974e+01 4.879632163086113650e+01 4.303996141441157874e+01 3.479354757383944730e+01 1.446292769865947569e+01 3.478906727830676004e+01 5.067764227753293937e+01 4.854667996082412174e+01 3.444601509636360248e+01 2.405165806509137738e+01 3.805624553188190617e+01 5.602598685840411719e+01 6.749668903625804717e+01 8.112076351766222615e+01 6.752920538593505739e+01 7.007248912948658415e+01 8.366649116374694017e+01 8.732628670451707364e+01 7.510665929598688706e+01 6.085188842202069992e+01 4.698724063084259228e+01 2.742924208626177673e+01 2.547276736262344699e+01 4.278715679290970542e+01 2.655459056068979606e+01 4.603374412602748578e+01 5.766062542336893415e+01 6.381749218108486588e+01 5.553975664467196793e+01 5.553975664467196793e+01 5.672795763434451288e+01 7.673271675865500185e+01 8.516855973930454127e+01
