LEM/with_lateral_4open/elevation_000287.asc
nrows	100
cellsize	150.0
xllcorner	0
ncols	100
yllcorner	0
NODATA_value	-9999
[rows 68 to 84 of 100, columns 37 to 73 of 100]
7.692170434752222263e+01 5.670358463427186990e+01 5.670358463427186990e+01 5.670358463427186990e+01 7.098749474329282805e+01 9.124815365234078968e+01 8.737375418635801338e+01 6.699957317356303577e+01 5.263235094271704639e+01 6.599229435333045046e+01 4.967019592436988518e+01 7.003666434910731198e+01 8.146518536209173078e+01 9.061963353501245422e+01 1.009877114762811345e+02 1.031290509274044922e+02 9.719073727724024536e+01 7.812546223928318057e+01 9.719073727724122591e+01 1.080235092172870850e+02 9.976537076734183529e+01 1.080235092172870850e+02 9.561253200637378313e+01 8.662947839766879099e+01 7.833394330971250952e+01 7.195181221034908958e+01 6.612666975895449184e+01 5.222330416607724857e+01 5.274048294460518349e+01 3.270912373926112338e+01 3.116127552438552328e+01 4.272696673006725376e+01 6.299460330330683178e+01 4.839763800522771930e+01 6.592534397422321035e+01 7.199171772025985661e+01 6.340029488092019250e+01
6.665669448576855416e+01 5.656896898516170324e+01 4.770877347168914895e+01 6.787988633571565344e+01 8.530696398174079320e+01 9.485128099257029533e+01 8.646870263678688673e+01 8.140719039628791620e+01 6.599229435333045046e+01 4.570335074795148955e+01 6.598668457969296242e+01 7.835483031611778415e+01 8.271190979972089963e+01 1.025669912515809870e+02 9.870883088690639795e+01 9.096634355263476834e+01 8.850077120703498679e+01 6.792996891010572824e+01 8.850077120703498679e+01 1.003575990712965194e+02 1.085126395130373425e+02 1.014815458141195563e+02 8.147574129570233481e+01 6.720797288635125710e+01 5.815191011106374219e+01 5.177295760895415100e+01 4.597922417541608553e+01 4.064147469462128015e+01 3.727635142766947496e+01 3.555871039999443894e+01 5.118379260967251554e+01 5.950576770266595616e+01 7.140433917504648775e+01 6.918849932510906342e+01 7.801767236513602199e+01 8.154307749362449442e+01 7.129541996770535661e+01
6.808360947389584794e+01 6.399796937316911993e+01 4.384550408092425755e+01 6.399797060988160524e+01 7.135930513929626784e+01 7.973857937913147964e+01 6.618881484330331944e+01 6.991024359180967451e+01 6.360241368479746882e+01 4.334321009446072992e+01 5.237005956542712681e+01 6.250332657122110902e+01 8.271291511788122364e+01 9.045795951926764644e+01 7.811814578685776667e+01 7.906423279566595852e+01 8.145473292055262959e+01 6.126803026360042992e+01 8.145473292055262959e+01 8.034556487914738909e+01 9.280375988994977376e+01 1.009658200806311328e+02 9.561253200634386928e+01 8.662947839766879099e+01 7.833394330971250952e+01 6.786792580455215784e+01 4.771285821875649447e+01 6.074203147295509808e+01 5.144657596385818721e+01 5.561305675288335948e+01 4.006599371402153764e+01 6.016446402184834596e+01 7.163423414869831163e+01 7.163423414869831163e+01 9.172713758677384988e+01 7.300244378220200758e+01 5.255832498221338511e+01
4.791116830443000651e+01 4.411736448054377036e+01 4.045505788842107364e+01 5.708619988625832775e+01 5.117408611327130785e+01 7.135930513929626784e+01 6.991024359180967451e+01 4.966726276931763806e+01 5.822295316474344418e+01 4.109112898039595763e+01 5.010525430871165042e+01 6.179983588332812161e+01 8.230534367479759794e+01 8.258758613216770073e+01 6.373123851093728121e+01 7.329496793587740910e+01 7.558079278528973077e+01 5.552574793714376256e+01 7.464206139210476465e+01 6.877061469039813346e+01 7.281153384203172152e+01 8.697512068498133431e+01 1.068053584740646613e+02 8.849799867047055102e+01 6.838939296861603623e+01 5.671815145899071098e+01 5.934888816865526451e+01 7.618407656965879937e+01 7.158305850331946374e+01 6.536625348853705475e+01 4.521980950037241342e+01 4.608886501761304544e+01 5.145224992915695594e+01 7.163423414869831163e+01 8.942833401033293228e+01 8.154307749366698488e+01 7.129541996771973800e+01
6.215742353345211058e+01 6.427111930882809077e+01 5.117378305670708727e+01 3.696505451958166333e+01 5.380043060673995825e+01 6.159447318191291032e+01 5.335181499754357759e+01 5.532083130443569985e+01 3.803982989274178550e+01 5.229186156957034370e+01 6.970741870177847943e+01 7.898646313205460956e+01 9.096303609693032399e+01 8.715794631707784390e+01 6.755273427549811061e+01 5.374863981651200362e+01 6.540788295340560410e+01 5.022192554335754267e+01 5.465795397360485453e+01 6.017139142856659362e+01 6.907681386588612327e+01 8.305080643024786013e+01 1.025562399154749471e+02 9.677523690677807622e+01 7.688835672800421150e+01 6.682772380022700531e+01 7.950514763098303206e+01 8.779863851107567996e+01 8.520040644698309507e+01 6.506631299899122212e+01 5.078246460836263765e+01 6.624037198192678488e+01 5.771785590264403965e+01 6.097463364717896894e+01 8.114052783430139471e+01 9.296828088654567068e+01 7.229741888133281691e+01
8.242230830672612285e+01 7.958858165773789040e+01 6.544780139343284020e+01 5.380043060673995114e+01 3.369158521841095677e+01 5.046236913368777977e+01 3.321887045697403096e+01 3.516851484826121066e+01 5.532083130443569985e+01 6.661250830961373026e+01 8.093315504965714524e+01 9.008175884409476453e+01 8.176570420081316115e+01 9.008175884409475032e+01 7.955698435930257517e+01 5.954713325381629119e+01 4.548715645309474098e+01 6.540788295340560410e+01 7.464206139210476465e+01 8.016799200258807900e+01 8.825038989498084163e+01 8.841133146820335753e+01 1.070268743976213983e+02 1.052278273206543133e+02 9.522765944055791465e+01 8.694885571821242820e+01 9.522765824957706116e+01 9.787450141292677586e+01 7.783499751945915079e+01 6.355917423393884746e+01 6.088067660821661065e+01 7.927452854253601799e+01 6.675937347887598605e+01 8.114052783430139471e+01 7.376487025286472488e+01 9.383225862153535957e+01 9.002293151894205891e+01
8.017933382551800037e+01 7.305260158787652358e+01 6.668332552201346175e+01 6.053349902715783770e+01 4.690646092567644132e+01 3.050212885233634807e+01 5.060527936499975254e+01 5.532083130396575399e+01 4.939591877609723269e+01 6.366156741080195758e+01 8.379781996287053403e+01 8.001483287133453359e+01 6.160819235992774168e+01 7.586162697547970879e+01 7.681655944596235486e+01 5.678782765872390570e+01 4.271349694463155799e+01 5.886635015801148541e+01 6.418767212805470024e+01 7.042276297761523551e+01 7.831819611008961601e+01 8.780812889800199628e+01 1.028348892071682030e+02 9.982956595476545658e+01 9.161412031321179938e+01 9.982956595476545658e+01 9.931590483237248179e+01 9.113005652381302468e+01 9.198850651393239275e+01 8.370443237499553391e+01 7.517133314076426132e+01 8.933446112358684843e+01 7.841596112147905728e+01 9.515908419146907704e+01 8.798385716239549481e+01 1.021003423809008410e+02 9.192703763495480018e+01
6.002189105520936607e+01 5.291118080639024157e+01 4.656462753417671507e+01 5.846990130521385964e+01 4.915771184021619433e+01 2.905563770921663647e+01 4.706296511743987310e+01 5.520961368143715475e+01 6.530796302185360958e+01 7.786788410220187018e+01 8.594019289976226617e+01 6.578306105119699509e+01 5.158154893600467972e+01 5.574107553144160221e+01 6.996214893029308257e+01 6.381185282967725669e+01 5.552279114977832819e+01 3.889447441257444638e+01 4.402997346160310599e+01 5.003538169694357407e+01 5.716150934265238703e+01 6.954015684292336630e+01 9.300686025913368837e+01 8.988461639797927205e+01 7.170100087411886136e+01 8.988461639797927205e+01 8.783803918193385130e+01 7.120102484884056082e+01 8.479888453778904989e+01 9.300054081864064415e+01 9.522947978899182431e+01 9.089894839710504471e+01 9.844450264116298399e+01 1.067101304498864778e+02 1.079515487423937401e+02 9.804057435274017962e+01 7.736798884183112079e+01
7.614548718933595239e+01 5.600109927529872067e+01 4.595661538247021127e+01 3.838118243878658120e+01 5.227038620650812817e+01 4.709115487058735283e+01 2.701965625207621002e+01 3.703753979459689560e+01 5.703323468461166357e+01 7.118127760734090259e+01 7.959614060602754648e+01 7.582656853806633990e+01 5.573992104947075177e+01 4.158652482966230934e+01 5.405801734277104487e+01 5.234228908289581739e+01 3.555750393794106401e+01 4.966383844026957917e+01 5.819908738900942780e+01 7.041497629859168228e+01 7.831819611008961601e+01 8.766076693296456313e+01 9.045376479866058617e+01 8.165756059366535169e+01 6.168321478882351272e+01 8.165756059366535169e+01 7.891125052548764529e+01 5.960907244259188076e+01 6.482196023233460380e+01 8.479888453778904989e+01 8.487296502889417127e+01 7.049995021463418254e+01 8.487296502889417127e+01 8.997748532378696495e+01 9.811826208071030919e+01 9.804057435274017962e+01 7.736798884183112079e+01
7.614548718933595239e+01 7.436526796490538516e+01 6.607329284644099232e+01 5.227038806704847218e+01 3.220123757039164758e+01 2.886286946042958235e+01 2.560631831389294888e+01 4.568927695786833709e+01 6.513609808131654688e+01 5.127559589145630525e+01 6.803432664129694274e+01 7.551832585621808391e+01 6.510653520458502896e+01 5.405460319083204013e+01 3.403873758717758591e+01 3.235006289816679015e+01 5.234228900065635770e+01 6.385904747183432306e+01 7.798055493161911045e+01 8.678230315355601476e+01 9.591719698963480312e+01 8.618216994769704797e+01 7.229740175444845818e+01 7.499944532538474107e+01 5.496980000336115069e+01 7.499944532538474107e+01 7.067306589415187545e+01 5.058551902021805802e+01 7.067306589415187545e+01 7.204208165208649461e+01 6.676140501509179614e+01 5.602297615929097674e+01 7.587942334944607126e+01 7.101879258638405190e+01 8.997748532378696495e+01 1.064860864280784227e+02 9.804057435274017962e+01
9.096966305037541645e+01 7.090452583483104831e+01 6.083990953642965849e+01 4.074260029785607173e+01 5.226994047302330415e+01 4.425734324401499720e+01 2.419661655200364336e+01 4.241438962817353797e+01 4.837235644736431084e+01 4.008820591111111753e+01 5.968872691027190314e+01 6.697573803381671098e+01 4.673516158366393825e+01 3.674319274774522626e+01 2.920032563408030768e+01 4.920303154763667663e+01 5.964818412321154995e+01 6.674953337792518937e+01 6.674953338080301535e+01 8.689923577566902679e+01 8.785946810005656005e+01 6.838238244408043442e+01 5.852621993629226438e+01 6.839657008045806208e+01 4.913766360998069871e+01 6.921738476616314983e+01 6.510178279312761163e+01 4.497186632262869921e+01 5.776520611434412444e+01 5.627358751531482284e+01 4.429351217901112392e+01 5.120297809359610852e+01 5.820553391236295937e+01 7.101879258638405190e+01 8.997748532378696495e+01 1.069754286212422869e+02 9.645783242252863943e+01
8.512920728537065429e+01 6.501246996595760663e+01 5.077529324555315071e+01 6.083990953642965849e+01 5.214281720345100979e+01 3.206234899852906040e+01 4.248832635221836540e+01 2.241258915096905824e+01 2.875496641203390880e+01 4.261094694059857346e+01 6.228164439781915007e+01 7.517998215904688664e+01 6.427162264093733768e+01 4.727020824442434588e+01 2.726212848573183933e+01 3.328196468371890404e+01 3.959902687090387730e+01 4.666332820147497529e+01 6.084579498521787855e+01 8.100241868434279979e+01 9.591719698963480312e+01 8.233216229597745439e+01 6.262425878508899757e+01 4.869964474279372268e+01 4.372734770884673594e+01 5.650278816152725625e+01 5.349948255796909535e+01 5.771690190700729062e+01 3.757276843109121245e+01 3.738530085975078521e+01 4.191748388132866410e+01 6.175309849464122181e+01 7.392874792604148126e+01 8.208625041067836037e+01 7.905450716339602479e+01 9.875174723343106109e+01 8.501265541468173126e+01
9.096966406482270884e+01 7.090452588570525450e+01 7.090452588570525450e+01 6.113856075622659603e+01 4.102346656606709274e+01 5.214279931517644684e+01 4.126043735538652157e+01 2.117999853574320923e+01 3.954402858750180627e+01 4.787360434093194073e+01 6.037983006328052937e+01 6.970499642001607299e+01 5.960002023168908636e+01 3.956757253576389388e+01 2.542877678118519924e+01 3.174881136293937089e+01 3.841003146083905762e+01 5.846277075040350724e+01 6.674774063942143698e+01 8.688088307702949464e+01 9.436822521275941256e+01 8.425688561580716396e+01 7.589022822600514928e+01 6.046723806049531191e+01 4.108614187390416816e+01 3.632745850485434858e+01 3.331126761222203214e+01 4.931255170765690110e+01 3.280093848910173193e+01 4.710520362430283114e+01 6.175309849464117207e+01 4.882714368701405050e+01 5.435968780274205159e+01 6.312517989562451959e+01 8.266901806253487450e+01 8.968429335998153817e+01 7.681306730917819436e+01
9.044855766101682093e+01 8.443941624181307759e+01 6.424511476344773087e+01 5.261626676469199992e+01 5.523116630734183019e+01 5.547769924768315519e+01 3.537662288921217879e+01 3.948280703027226224e+01 1.945898174668048242e+01 3.196091077907938782e+01 4.597511843316402036e+01 5.200220482902172847e+01 4.130443645237124883e+01 4.130444925299116932e+01 2.368327958153150448e+01 4.370974209405994770e+01 5.846277075042639382e+01 4.996195669755383051e+01 6.155232919424732785e+01 8.171741835427017975e+01 8.607704394965281836e+01 6.578566601858125296e+01 5.536978139253719888e+01 4.810884513120269190e+01 4.197812453144253908e+01 5.650278816152588490e+01 4.934065377758270898e+01 2.915535016387687861e+01 4.929932464136093273e+01 6.122939929182726360e+01 7.550988152154215527e+01 6.023047400976415133e+01 7.392874792604148126e+01 6.818990315511112499e+01 8.778354480437566565e+01 8.150695699671952354e+01 6.161632133004980716e+01
8.216943774537455170e+01 9.277421678632563840e+01 8.112725965701667974e+01 7.278023084718239488e+01 7.540027203200554595e+01 6.383244158509545230e+01 5.547336020235330523e+01 4.783849161651274073e+01 3.784101571647921247e+01 1.776306216827923024e+01 3.715647347382716958e+01 3.152939623652776291e+01 3.895186393155787385e+01 2.126418960390521207e+01 3.930914697366545596e+01 3.843060762773584571e+01 6.022301496555778755e+01 7.007509869949812753e+01 7.841320862978332684e+01 9.004549476322044654e+01 9.437025296837298072e+01 8.425688561580716396e+01 7.593058568167431588e+01 6.897965802997804019e+01 7.189291158367758783e+01 6.168011098846377394e+01 4.153342617653912328e+01 2.726547952065542546e+01 4.153088288408700635e+01 6.161191299875639515e+01 7.385994983617361243e+01 7.979938076205395703e+01 8.797547218551714820e+01 8.778354480437566565e+01 9.598259766624552469e+01 7.679295791732826615e+01 5.684633738188180274e+01
8.695219695789478465e+01 8.295464141466034391e+01 9.124114202177739230e+01 8.239143160118216258e+01 6.201467028485838995e+01 6.201467028485838995e+01 5.490102934603019946e+01 4.885528362163647387e+01 3.665915419677782694e+01 1.658530722762763432e+01 3.499452726909555622e+01 1.725916893069807045e+01 1.889643394791034225e+01 3.895186393151782056e+01 4.957804408475154645e+01 5.841991170405187006e+01 6.829940425698096362e+01 7.097042976217149146e+01 7.079504678319153754e+01 7.932031355409461071e+01 9.124375543755222395e+01 8.176071136730432443e+01 7.365164420360160591e+01 6.890735471100717291e+01 7.714644080131837711e+01 6.358699293340875158e+01 4.556411706872532363e+01 2.542026345679791532e+01 4.557067851399087743e+01 4.546252504679311102e+01 5.972383399308969842e+01 7.977391181013759081e+01 7.886040254648594328e+01 7.739123321055960503e+01 8.548520670951080547e+01 8.508171876668019706e+01 7.351256436659815563e+01
7.968900496637201059e+01 6.294430079733639616e+01 7.968900496637201059e+01 7.637930701197448968e+01 5.606464293392431131e+01 4.189425529777169288e+01 3.484995173298219839e+01 2.882605759757658248e+01 2.346635282058285199e+01 3.215665467081003470e+01 1.497639555362778019e+01 3.370230675095231021e+01 3.895186370411714449e+01 4.727186972331657699e+01 5.376961767405176573e+01 5.733252890157088189e+01 5.082042172946513858e+01 5.070095693407707671e+01 5.069219731628122361e+01 7.078347015138078291e+01 7.728249259513508207e+01 6.325083709223308404e+01 5.360978650449463601e+01 4.879697093311877865e+01 6.559390408699019304e+01 5.536722705001971434e+01 3.520962512849683179e+01 2.359907679255880453e+01 3.118269107274931429e+01 4.546274824150940219e+01 6.560541272728809759e+01 7.076291506986150637e+01 5.902314061711155091e+01 5.753372847006810531e+01 7.164091060098836294e+01 9.126492700787008516e+01 7.320352433006574699e+01
