LEM/with_lateral_4open/elevation_000181.asc
nrows	100
cellsize	150.0
xllcorner	0
ncols	100
yllcorner	0
NODATA_value	-9999
[rows 0 to 16 of 100, columns 37 to 73 of 100]
8.884754177262699226e-02 6.929726548558100274e-02 7.395023591448830758e-02 4.828361932999872264e-02 4.897713358561925356e-02 8.568734790590110117e-02 1.075183056328203948e-02 6.823539046102447547e-02 7.194897206013613211e-02 1.557559815681563986e-02 7.704183385687686514e-02 1.685416958384493638e-02 9.680445094065920353e-02 7.639902522890137937e-02 4.559330980047965332e-02 5.839666421669215124e-02 9.739037529851846120e-02 3.670263267501718690e-02 2.041064012308905357e-02 6.895211126444661387e-02 9.031524355919069713e-02 1.560024811392830661e-02 7.641644294168103979e-02 3.888124420523987601e-02 6.873285589001959517e-02 4.772367030474261584e-02 9.504926490987847254e-02 5.760415539182907330e-02 9.666222459857021221e-02 9.627991409191682948e-02 1.286757495974483190e-02 9.381044340810595905e-02 7.584058927755046864e-02 1.435327048224320848e-02 5.777975670406795827e-02 2.716720951219454838e-02 4.735230246529398453e-03
3.037686664871401820e+00 2.006858837485335556e+01 2.007395023591413263e+01 2.004828361932964498e+01 6.079204025140917622e+00 2.008568734790554444e+01 8.175717639840613060e+00 2.006823539046066784e+01 1.421408462452515309e+01 1.972975812565566400e+01 2.007704183354523408e+01 6.262818049198504156e-01 2.006493788734722727e+01 1.422164436664305143e+01 1.418790541045145126e+01 2.005839666421633538e+01 5.644392337550785399e+00 2.003670263267466112e+01 2.002041064012273353e+01 3.720435827965561604e+00 2.009031524355883391e+01 1.415773587184500393e+01 1.421855211483823567e+01 2.003886106254569910e+01 2.006866671442787364e+01 1.744101529664682904e+00 2.009504926490952315e+01 9.001876066235666940e+00 2.009666222459821583e+01 2.009627991409156067e+01 5.786370266855977107e+00 2.009381044340775091e+01 2.007557992727760876e+01 2.001435327041867396e+01 1.664218414509067712e+00 2.002712741418381626e+01 2.000473479662372256e+01
6.019110634895951328e+00 1.601920404739306392e+01 3.602374458275584601e+01 3.240375934548504233e+01 1.240375934547773085e+01 3.240375934548504233e+01 1.817571763998358136e+01 3.646019190935564325e+01 3.421410542321864767e+01 3.220888641491544746e+01 1.272475209124228535e+01 1.235992565769543416e+00 2.123326168289537819e+01 3.428219520966572986e+01 3.419829920105001975e+01 3.141789502944663681e+01 1.141789502944699386e+01 3.141789502944663681e+01 2.743434259150697230e+01 7.434342591506615250e+00 2.743434259150697230e+01 3.415773587184570914e+01 3.421858060908080290e+01 3.239087133118671602e+01 1.239088650116730506e+01 3.446614591182176390e+00 2.344661681878136861e+01 2.054888200865264380e+01 3.728712796224233017e+01 3.181659715833884405e+01 1.181659715841119684e+01 3.181659715833884405e+01 3.392203496617050718e+01 2.328002407018090381e+01 3.275864352806842295e+00 1.068362722991893499e+01 2.968458786847816810e+01
9.221673711665298256e+00 2.922609484107441702e+01 3.602389745245934449e+01 4.068803059790388943e+01 2.134803125547704639e+01 4.068803060733530685e+01 3.231785363893551732e+01 4.645992689871132342e+01 4.999858981033000305e+01 3.958845186255222615e+01 2.156015463993140457e+01 1.847124897121684928e+00 2.184790870163968179e+01 3.574386011396651242e+01 4.595374198993494019e+01 3.808456169611306308e+01 1.808456169611377717e+01 3.808456169611448416e+01 3.135666529427068738e+01 1.135666529427033034e+01 2.290367067806264245e+01 4.290367067806192836e+01 4.872079739690862965e+01 2.872081770500984277e+01 2.519402472591804454e+01 5.194022704504244636e+00 2.519402473100642936e+01 4.054933910964614086e+01 4.883736006875977864e+01 3.888766497011079792e+01 1.888766497027654623e+01 3.888766497011079792e+01 2.563804555291674347e+01 5.632891104745436195e+00 2.327912836561747412e+01 2.968379982672276185e+01 2.392787289224060032e+01
1.629275674827282216e+01 3.629957232221557462e+01 5.603506309126203888e+01 4.963230251422938011e+01 3.549016687920849478e+01 4.963230253684464799e+01 5.231795305685312769e+01 5.281066347956356566e+01 3.277571561148022994e+01 2.227420670537611258e+01 2.245781365096689441e+01 2.459114958485424385e+00 8.498703086804539453e+00 1.732748783839365103e+01 3.755427057863243334e+01 4.636883294357467378e+01 2.808456169611395481e+01 4.636883294357667751e+01 3.572102309899091921e+01 1.572102309899021577e+01 3.572102309898950523e+01 5.118794192552353906e+01 5.700477985964071337e+01 3.794301946905441980e+01 2.696179292781897630e+01 6.961789657470606407e+00 2.110391383178384572e+01 4.110225159062616029e+01 5.463729824201741536e+01 4.717193549992587975e+01 3.043467035406885657e+01 4.717193602990343493e+01 2.732233495120082267e+01 7.317204763696409486e+00 2.732221961322904846e+01 3.809253598575067201e+01 4.358253306847191766e+01
3.629957232217113727e+01 2.894340442648986311e+01 4.049524519555043156e+01 6.051778452448890988e+01 5.549016687927740321e+01 5.195086256775767453e+01 4.420582182327812149e+01 3.768190545672587888e+01 3.101308515429509072e+01 5.609243318607465945e+00 3.329091419125658646e+00 2.244455756931739643e+01 2.741828302859125444e+01 3.549428456635290985e+01 4.599089829572687904e+01 5.636883294357685514e+01 4.222669731984540675e+01 5.057936281514578525e+01 2.206574154056765735e+01 2.143070994092644455e+01 4.092543421310141838e+01 5.859167093668365567e+01 4.700849112867573609e+01 2.965859306323583056e+01 9.658589107323551914e+00 2.696179256856690998e+01 1.480643506299620960e+01 2.635344041939716675e+01 4.635339028403797101e+01 5.871894099360675767e+01 5.043467035347303096e+01 5.296387735821688381e+01 3.399055485543205890e+01 1.398589469755292924e+01 9.807600221083756509e+00 2.395531020507296560e+01 4.395587824068607574e+01
2.766093166432444406e+01 4.783281664633599206e+01 5.725472614589379106e+01 6.881705767240961791e+01 5.472690768857015797e+01 3.650401126918020367e+01 2.575536831480610545e+01 1.886885434731633637e+01 2.337410440209430362e+01 4.212883318804646393e+00 2.332924085991804475e+01 8.255247172233485031e+00 2.830277216541337992e+01 4.184445145306747804e+01 5.200875365651501170e+01 6.029386325744339814e+01 6.222669731984611019e+01 5.839921831091111670e+01 2.734099538684104758e+01 2.721172305350787823e+01 4.648880127210748014e+01 5.028558427534263586e+01 3.021879080830440500e+01 1.866326491742339044e+01 1.159206208541486305e+01 3.159206623362750932e+01 3.480642404789827538e+01 2.480643506131973197e+01 3.894856974320813237e+01 5.894849775476490805e+01 5.622545968925593485e+01 3.622933650239491499e+01 2.468127478803272012e+01 3.160273921214906778e+01 1.159663081396475093e+01 1.792489768880322742e+01 2.459613110709284101e+01
3.932714871394635026e+01 4.043811368752807311e+01 5.468413469849522812e+01 7.473644341215813824e+01 6.260761359030575335e+01 5.195086256775767453e+01 4.420582182327812149e+01 2.928756464295492634e+01 9.998713201615691659e+00 4.835430863315329120e+00 2.560659532680179851e+01 2.830277216541338348e+01 1.343173595825297006e+01 3.353846265226839307e+01 3.189796411291388978e+01 4.613974940115546275e+01 6.617778356698862297e+01 5.867379326311967702e+01 3.849579735991370200e+01 3.654036351730725585e+01 5.475700364599658343e+01 5.501739351070743567e+01 3.500364929324146601e+01 3.362225744318682530e+01 1.362275441568208478e+01 2.776470832764829311e+01 4.776363196018601087e+01 4.480641303449198176e+01 3.894856974320812526e+01 5.894849775456623320e+01 6.450900282606289693e+01 5.296387730014073014e+01 4.468069258442118752e+01 3.348477608337660172e+01 1.347847820988048717e+01 3.348477608337206135e+01 4.459454638877301846e+01
5.357733239991801355e+01 6.055731994228099779e+01 6.885197122301048012e+01 6.473192576790583530e+01 5.634939970985200830e+01 5.533149289794432946e+01 4.358298108032742135e+01 2.558062230711654195e+01 2.543390008286849735e+01 5.461704216215037100e+00 2.521684204709673693e+01 4.077145355275393968e+01 3.353846265226839307e+01 1.912445248945792997e+01 3.928957353417096243e+01 5.300147763981901505e+01 6.128359238039786305e+01 6.733139382881235235e+01 5.315763522087112847e+01 5.058143720197618620e+01 6.472001495891379363e+01 6.329756704677293300e+01 4.827209555069082825e+01 3.458866216173456110e+01 1.569665780514291775e+01 3.569975992174348534e+01 3.938275898422373444e+01 5.939115347210540108e+01 5.894849775456600582e+01 6.723250892538574419e+01 6.962168905323321155e+01 6.073270652753198107e+01 4.659312949615851807e+01 3.539228268270865385e+01 1.538619109695500597e+01 2.953511117295539279e+01 4.953200740654610712e+01
7.363393439983781263e+01 7.493268837784505365e+01 6.657915568714767574e+01 5.299568352273772831e+01 3.598412044187764991e+01 3.499259249330323485e+01 4.877794763249067955e+01 4.358189896625467696e+01 2.648358085094952941e+01 6.091395074721661196e+00 1.792322630154212248e+01 3.088570623842454310e+01 4.644664973623520154e+01 3.340150850339139055e+01 2.650310298017899768e+01 3.289731456215138650e+01 4.713503399160629925e+01 6.716432579080309040e+01 7.321993555752455052e+01 7.057439521122699944e+01 6.625958224447785483e+01 5.470780213113256707e+01 4.087141237273818462e+01 2.086068670222395482e+01 3.569975951873304609e+01 1.937895628049825802e+01 3.938275931671945784e+01 5.792992690115317345e+01 6.793489605606288251e+01 6.778607644056792481e+01 5.778840197075551544e+01 4.134273963238881322e+01 3.245354881942643033e+01 1.830591376842408380e+01 3.539228097604270573e+01 2.392075032439473503e+01 4.391997313863679153e+01
6.847420608594967462e+01 6.126648360419138584e+01 4.619757928395983981e+01 4.459150024252049604e+01 2.431491763466407363e+01 2.071792091669755820e+01 3.609922741400446000e+01 3.285986623609444024e+01 2.683265255518714909e+01 6.727553304394930933e+00 2.679288390821498922e+01 3.759483372031964166e+01 5.487916009670797735e+01 5.350438082443207577e+01 4.076773229383530150e+01 4.664398312087708121e+01 4.563764837808454899e+01 5.982108848642326393e+01 7.980026908744081027e+01 7.292751312369070149e+01 5.797716638808595491e+01 3.796361781378946176e+01 2.640818912725690737e+01 4.087141237273818462e+01 4.208015085539364719e+01 2.207575574064834001e+01 2.963513405525487343e+01 3.963656992008712621e+01 5.964754440728269458e+01 5.950233587055357276e+01 3.950838327216253987e+01 2.951110571591269505e+01 2.134182645256068867e+01 3.245354881942845537e+01 4.659308674202407019e+01 4.391997315522910128e+01 3.392257011261986577e+01
4.808768831090151252e+01 4.085513066945437544e+01 3.442337597629064305e+01 3.011857432049986016e+01 4.459150024242025978e+01 3.609922741452254513e+01 1.592271786440564973e+01 1.255425878650400584e+01 8.613420902846510074e+00 7.376885751428137183e+00 1.014735497499407124e+01 2.800393255490807931e+01 4.220337747720157040e+01 5.853886433124838362e+01 6.083050756342734644e+01 6.668447676108866062e+01 6.567285500191053416e+01 7.394143041341033040e+01 7.922445431779097191e+01 6.464682678207273625e+01 4.463784548427779697e+01 3.307774405770992132e+01 4.056122703121644690e+01 5.470780213113256707e+01 4.502975031276787377e+01 2.502459491908987843e+01 4.502975031276787377e+01 5.792992689515119764e+01 6.793489605595409841e+01 6.778607644056792481e+01 5.559486604370952989e+01 4.360705041511020852e+01 2.360919899456743565e+01 4.360705041775818813e+01 6.073271671232122060e+01 6.220053041137149563e+01 4.806070414823781789e+01
6.570957767526404325e+01 4.532179055539289436e+01 5.481184706425823805e+01 5.046501042290793748e+01 4.750141733543545541e+01 4.186495330390102509e+01 3.609922741486615649e+01 2.840689607963291152e+01 8.312859355897071367e+00 2.747629329595607572e+01 2.966143154015734140e+01 1.404142987039226753e+01 3.382307070649287795e+01 3.826387681222101378e+01 5.219196390402969143e+01 6.058389299337226674e+01 6.966090469350210412e+01 8.136394046448492645e+01 7.094500624549372958e+01 5.094447524108763048e+01 4.093082227022350850e+01 5.309463606289822479e+01 6.057231407764264475e+01 6.223056154565799858e+01 4.221956383283065151e+01 2.807456662075338016e+01 4.808064936460929317e+01 5.977553903644411548e+01 6.805688824069331133e+01 6.171771249401358261e+01 4.114773690966474362e+01 2.694149262628658192e+01 2.739197851389513971e+01 4.738546398319401476e+01 5.720864088877500109e+01 6.549234457126731002e+01 6.805663329035547804e+01
5.976980568693795703e+01 6.570957767526404325e+01 6.544591924675029304e+01 4.750141733552460721e+01 2.717830041257356299e+01 2.155458588399772069e+01 1.660698847783726251e+01 1.604176900508688064e+01 8.978967450966715447e+00 1.972513096839434255e+01 3.845206110329417015e+01 3.382307069257225152e+01 1.815668565430850734e+01 2.475700942218520595e+01 3.190109303404472030e+01 4.095687337309477982e+01 5.269747438403758366e+01 7.300816114644906918e+01 7.922445431779097191e+01 6.922597209285368081e+01 6.094474074443455436e+01 5.249237146096063356e+01 7.249089190782716230e+01 6.399723630993828749e+01 4.390721202296484904e+01 3.178511247126866834e+01 3.678235326915879000e+01 4.019236130856754841e+01 5.977553870816893777e+01 6.483576500101581530e+01 4.436226660003340072e+01 2.943151411555419728e+01 4.738546363168507014e+01 3.304834255662875364e+01 3.721626447533832049e+01 5.720864088877500109e+01 7.215785913281699493e+01
8.004945576688471931e+01 6.880074367989101347e+01 4.849442583614145974e+01 3.676424996411152080e+01 4.749686335290398631e+01 4.186495488771634399e+01 3.003859943974418201e+01 9.930541352913548891e+00 2.903559985562674939e+01 3.321678971828676197e+01 4.511333233313581559e+01 4.665504016932224829e+01 3.826473845185628875e+01 2.352131462607092161e+01 4.377673410765213902e+01 5.441537730501083558e+01 6.028646200055445092e+01 6.672363210211081253e+01 7.505967734298369010e+01 8.410772357406418109e+01 8.077044884076262576e+01 6.663758858124612061e+01 8.077044884076262576e+01 7.228534843933758225e+01 5.732055570616567053e+01 3.742397876736590945e+01 3.457483182515120745e+01 5.894749648721120394e+01 4.843290505495112086e+01 6.829700195467671620e+01 5.876009621760037760e+01 5.036885860538259152e+01 3.421461220741402798e+01 5.303994224934952939e+01 5.720864088877500109e+01 4.387846157618703558e+01 6.387373050275548536e+01
8.768531662006917315e+01 7.714071977570065997e+01 6.544591924675029304e+01 4.849442583614145974e+01 5.475897800603732435e+01 3.445794572518147447e+01 2.004079383146228110e+01 3.003859665974381699e+01 1.089857467652642242e+01 3.101071319273184557e+01 3.337268889796629168e+01 5.652892399280840863e+01 5.215775787311685008e+01 4.377673410765213902e+01 2.947792216562434220e+01 3.411574671392594382e+01 3.994842802411134386e+01 4.636751289525528819e+01 5.549528910934773762e+01 6.990211684648741652e+01 9.006453501158942743e+01 8.662201618354262678e+01 7.828980107032438696e+01 5.827983450760886797e+01 4.676165863318460936e+01 4.621315908063470346e+01 6.401787036744373438e+01 7.372546519649495167e+01 5.510140321741999969e+01 7.496982214199550754e+01 7.278484125327700838e+01 5.268405252111995907e+01 3.793146135000293384e+01 5.857143723357064857e+01 7.215785913281699493e+01 6.387373050281492226e+01 5.171969103040324001e+01
6.751062471785643027e+01 7.865335387861235006e+01 7.714071977570065997e+01 6.880074367989101347e+01 5.474474332193209847e+01 3.445770970697476798e+01 3.976915615056932296e+01 2.973542659401873323e+01 2.862066644023707696e+01 1.186926817924633504e+01 2.870678541202498124e+01 5.174657675287323144e+01 5.751101578809626602e+01 5.810087619822053284e+01 4.380937335451405801e+01 4.846484898129829588e+01 5.069002923139924377e+01 6.672363210211081253e+01 7.505967734298369010e+01 8.410772357406418109e+01 8.302997740291137063e+01 9.134027480182579950e+01 8.657438999591506956e+01 7.502318608837906311e+01 5.673184346455605009e+01 5.778309296160735897e+01 7.453372634680091835e+01 8.325215682539197815e+01 6.497392242388444572e+01 8.325215682539197815e+01 7.644384914403507025e+01 6.210570016960647166e+01 4.180290537330414224e+01 6.210569987918668033e+01 8.110540572572824658e+01 8.000181427799439859e+01 7.171752710024159683e+01
