LEM/with_lateral_4open/elevation_000381.asc
nrows	100
cellsize	150.0
xllcorner	0
ncols	100
yllcorner	0
NODATA_value	-9999
[rows 0 to 16 of 100, columns 0 to 36 of 100]
8.271705653423140625e-02 2.127631151761726416e-02 9.425194436011796739e-02 4.939197167322698090e-02 3.975871534419905817e-02 6.171646774684565184e-02 1.696294146011132625e-02 1.936121709489252440e-02 4.216450047424835645e-02 2.297044857093000214e-02 6.704298068806634203e-02 4.162315340452049650e-02 3.835349583220235004e-02 2.777463300387698203e-02 2.207885817162396139e-02 7.161913568127860341e-02 9.025521335945362045e-02 3.502399586135773735e-02 8.040414306008919487e-02 3.131346976591601466e-02 7.604099264847130613e-02 2.387740603804927586e-02 5.687112022313325910e-02 4.074439634684711570e-02 8.709178300582484655e-02 7.612946965408906586e-02 1.077918208624280109e-02 9.929772718869623455e-03 4.600412614040166881e-02 2.152795518990661267e-02 2.378824418737431057e-02 9.511189423522797837e-02 9.406546861214974686e-02 1.749038473908382007e-03 2.223905489293687143e-03 6.269637160239108220e-02 9.476101746191394060e-02
7.813061968023242432e-02 2.002127631151726206e+01 2.009425194435976181e+01 8.214357780950559018e+00 2.003975871534384368e+01 2.006171646774648920e+01 3.668446658161226281e+00 2.001936121709453786e+01 2.004216450047389131e+01 1.416510607230358509e+01 2.006704297024893080e+01 8.206588962681710342e+00 2.003835349445846603e+01 2.002777463057280727e+01 1.993599411362650642e+01 2.228274599750042384e+00 2.004824965737754283e+01 1.803627804427802062e+01 2.008040414305973442e+01 3.512972192708581964e+00 2.007604099264811737e+01 2.002387740603769473e+01 8.221895227807417328e+00 2.004074439634649352e+01 1.163409716679938022e+01 1.994567541004122546e+01 2.001077918208588713e+01 1.144025726966356071e+00 2.004600395794131984e+01 2.002151125616369853e+01 1.416599740040591904e+01 2.009511189423487210e+01 1.009406550193166474e+01 2.000174903847355168e+01 1.000222390548920615e+01 2.006269637160203700e+01 2.009476101746155763e+01
2.526786264046545702e-02 2.002526786264010994e+01 3.649862902841346113e+01 1.976136316474327970e+01 3.649862902841145029e+01 3.114706768536418835e+01 1.121090568470872739e+01 9.697317281383483589e+00 2.956305333723705786e+01 3.416510609735232151e+01 2.820658895145722411e+01 2.234872458641497062e+01 3.649085927629936776e+01 2.532591634253440560e+01 5.332876702575361172e+00 2.223738339521403518e+01 3.053441976788947798e+01 3.239918001186887153e+01 1.489931954646166901e+01 7.251853243849545549e+00 2.723907756859424012e+01 3.651102991519751129e+01 2.237053089695332275e+01 2.822523240151436141e+01 2.577623279206087759e+01 3.636443338977774431e+01 1.729685344661183422e+01 2.060510276879943348e+01 2.760929893875250674e+00 2.302813561646726725e+01 3.416922950053190533e+01 3.837865361774343143e+01 2.423620878630102737e+01 3.000222390548885087e+01 3.000222390548885087e+01 3.395444959394443174e+01 1.395447623668595938e+01
4.163169627051844027e-03 1.414629879335787699e+01 3.414629879335716822e+01 3.976136316474398313e+01 4.804563441220618358e+01 3.992650415806480879e+01 2.112311491245536388e+01 2.956305333723705786e+01 1.617579426977950163e+01 3.599241365439736029e+01 4.820658872295993547e+01 4.234872462304376484e+01 3.913819074846016122e+01 2.754705838941408302e+01 7.555098924797573723e+00 2.169615996168866090e+01 4.167317911439547373e+01 4.301614013549541227e+01 2.981877978199360157e+01 1.543736294535397313e+01 1.360112138209039934e+01 3.354564679690556517e+01 4.239965479809855964e+01 4.822999878344702296e+01 4.577623554432400255e+01 4.408608520880207493e+01 3.283374363691493159e+01 2.385945101885100428e+01 3.908008563228077659e+00 2.390075371277244898e+01 3.436870565869087102e+01 4.258960189490041870e+01 4.423645873539053497e+01 5.000222390548813678e+01 4.550141860211152789e+01 2.550148160654289597e+01 3.004566744220044683e+01
5.883922493566802470e-02 1.420097484866649218e+01 3.420097484866577986e+01 4.693507539468487266e+01 5.521934664214707311e+01 4.947665705643867540e+01 3.519573146116816531e+01 4.079015194920957299e+01 2.100857019562787897e+01 3.499489172083239907e+01 5.478114779003917079e+01 4.500285386285364808e+01 2.502916572560748776e+01 1.088843225812933824e+01 2.754654874414842425e+01 2.169616057867729708e+01 4.167317501149071290e+01 4.948848073401664038e+01 2.953640454008389327e+01 3.538023235853611936e+01 1.833462868667998436e+01 3.167916622079960476e+01 4.907763637829037151e+01 6.476917514113495145e+01 4.556306368411462415e+01 3.184796974384014945e+01 2.570920560847966740e+01 5.604386422589278105e+00 2.362864191383519952e+01 9.938241253461967517e+00 1.441039187910893027e+01 2.854631257885539952e+01 4.847186548020983565e+01 6.183110838870658199e+01 4.183140457115870703e+01 4.550141860211152789e+01 3.337899707841200581e+01
1.256007409845548775e-02 2.001256007409810067e+01 3.060514377612900105e+01 2.693507539468416923e+01 4.596048283545786006e+01 5.596048283545803770e+01 5.538428995001181931e+01 4.737568033911342980e+01 2.761909516940177767e+01 3.499489172083239907e+01 5.478114779003917079e+01 4.742347764385108633e+01 2.745422664602980589e+01 1.331378850848861006e+01 3.330294719935040604e+01 4.167302614524013649e+01 4.991866008557305889e+01 5.776700870169981528e+01 4.948848073401664038e+01 3.001323243677911279e+01 2.737670823582496737e+01 3.274206428845990757e+01 5.265937636001831379e+01 6.316089015763218839e+01 4.206444874116319710e+01 3.539700562840469189e+01 1.574689380372908509e+01 6.810431800903238297e+00 2.678338470628510848e+01 2.991616661238457553e+01 3.438225439909003711e+01 2.196969239134018892e+01 3.609845257516430905e+01 5.599027137904329265e+01 6.183110838870658199e+01 5.111316915732859911e+01 3.111326070598160243e+01
9.594114293757748102e-02 5.259918937880821765e+00 1.060514377612935633e+01 1.767621158799495618e+01 2.767621158799513381e+01 4.767621158799583725e+01 6.138538670665143826e+01 4.157266995681446531e+01 3.900852480711542825e+01 5.478114779003917079e+01 6.302595379066623593e+01 5.043322251805678036e+01 3.046888016665140597e+01 1.632890195422541879e+01 1.963834290206296984e+01 3.377740913176295123e+01 5.373440225521880365e+01 6.621633074086969373e+01 5.846252179008639871e+01 4.014049033080836892e+01 3.750840970019817178e+01 5.289038820185845680e+01 6.107409940937296966e+01 5.696975541389964803e+01 3.589046856598561419e+01 2.139518844551367138e+01 2.803247678498003026e+01 8.032126244475996657e+00 2.802916808643092494e+01 4.662200821042326027e+01 4.856894137561793201e+01 2.863601787692824985e+01 4.192463141268641635e+01 6.178903025367762325e+01 6.266005161986829819e+01 4.266026447782292763e+01 2.851813082831634460e+01
7.711341127313005306e-02 2.007711341127277649e+01 3.060514377612971160e+01 3.767621158799565961e+01 4.596048283545786006e+01 5.596048283545803770e+01 6.964194547888210707e+01 6.138538670665143826e+01 5.880542735323820125e+01 6.705877399649990878e+01 5.999501374620695771e+01 5.176110048788524409e+01 3.943744642988335869e+01 1.945237719164525103e+01 3.943744385619454107e+01 2.649826506790818215e+01 3.804304918168973160e+01 5.799196487494954511e+01 6.848317353567956900e+01 5.439458809014653440e+01 5.177974053151215372e+01 6.587805356541468882e+01 6.186960081401072387e+01 5.330811247634682104e+01 5.071202566526318378e+01 3.051201546591720870e+01 9.796450610253788938e+00 2.658690334968711966e+01 1.871111176511884011e+01 3.851062952697748187e+01 5.677698595994247199e+01 4.275349523956055009e+01 4.275349523956055009e+01 6.260867030853779625e+01 6.484775205107966656e+01 4.484805340717263533e+01 4.618614995217664898e+01
2.297228869525369793e-03 1.414443285283637408e+01 3.414443374626187477e+01 4.059915978945647197e+01 4.888342001686215355e+01 4.871541940917301616e+01 5.699969599437150691e+01 5.951884533930135746e+01 6.780311477215794014e+01 6.327018056371181842e+01 4.333586912400156166e+01 3.179251915613800961e+01 2.423329150106118846e+01 3.943744642988336579e+01 3.943744642988336579e+01 4.647445302940487011e+01 3.466287301261974108e+01 5.462323785219745531e+01 7.433807957040471592e+01 7.434708204081363192e+01 7.175093809466908112e+01 6.929539736755006629e+01 5.330811247634682104e+01 3.266328633948099736e+01 3.870999022196497918e+01 3.057058073030583856e+01 1.106389911175543794e+01 3.091887606026325130e+01 3.848383067854666706e+01 3.490168374960961728e+01 5.455074986377113788e+01 6.260867030853779625e+01 6.260867030853779625e+01 7.080110117421217808e+01 7.313008000503617723e+01 5.513038483327291317e+01 3.513046767394452985e+01
9.647730019007895452e-02 2.009647730018972211e+01 2.596608716135942529e+01 2.059915981606102520e+01 3.238548773615768539e+01 2.871541938415290929e+01 4.537670974174329785e+01 3.951884537631548966e+01 5.951884533930135746e+01 7.148812344577478939e+01 5.999453816522943583e+01 4.805799418618173746e+01 2.808229281404713973e+01 4.805799418618173746e+01 5.937620088417175879e+01 6.285219222548838758e+01 4.620351633226887600e+01 4.620351633226887600e+01 6.612479134121034008e+01 7.995647973565847622e+01 7.145463091563266289e+01 6.074646811840876381e+01 3.996455179492041765e+01 3.871001591855173984e+01 1.835821276997372564e+01 1.523433037292813452e+01 1.247811267588737749e+01 3.244043399579509668e+01 3.778649648176318721e+01 4.607262648203537481e+01 6.268268276100652514e+01 6.278341817481390308e+01 7.112209551247769923e+01 7.723741897695342118e+01 7.512964460378144338e+01 5.513038478072317616e+01 4.329543348000500202e+01
3.582433992925927735e-02 2.984663463027195540e+00 5.966087433026902254e+00 9.052154432268714856e+00 1.238548776560201858e+01 1.871004308593866483e+01 2.537670975260521544e+01 3.692371513639731972e+01 5.106585076001668710e+01 7.106585067265616829e+01 6.364022126955102010e+01 4.370870788252282324e+01 3.216477317373720268e+01 4.629885502474830616e+01 6.622325477927967086e+01 7.433807957040480119e+01 6.612479134121034008e+01 6.030861144596326540e+01 7.433807957040471592e+01 6.876771881003811870e+01 5.056423604889324253e+01 5.439769493270982537e+01 4.377810449515442315e+01 2.328792266078962214e+01 3.827532266389670923e+01 2.510124730250921132e+01 3.242728244001331461e+01 1.449328345206227375e+01 1.782654338720056231e+01 3.778668760319816755e+01 4.643875040757059480e+01 4.276537016288857984e+01 6.099272646150632937e+01 5.734181513132626407e+01 7.723741897695342118e+01 7.157805926999293433e+01 5.484243827839305396e+01
1.813270376062421294e-02 2.001813270376026921e+01 2.596608742931307390e+01 2.319429005599506510e+01 3.238548776065231039e+01 1.871004308593866483e+01 3.285217870965867348e+01 5.285217868498113347e+01 6.000706699765186158e+01 6.829133659034620507e+01 7.183544281346635785e+01 6.035930406372260393e+01 4.110830307347499257e+01 4.032931092095564196e+01 4.739957996691300224e+01 6.154219576706567096e+01 8.143870487383145473e+01 8.016629172551787974e+01 7.498808183269080985e+01 5.406832594450737162e+01 3.929100658058800377e+01 3.362849748306491193e+01 2.886329414642802860e+01 4.377810449515442315e+01 5.003797620940651569e+01 3.600892188433491015e+01 3.602872789225072836e+01 1.607442186273440399e+01 3.603048461665964908e+01 2.282432891432889832e+01 2.647174120174814504e+01 3.352181115021662805e+01 4.105420161023924663e+01 5.516448776653390951e+01 7.506333936365651027e+01 8.312392985991905903e+01 7.484210815367025305e+01
2.372884694381488524e-02 1.416586447067489019e+01 3.416586447067559362e+01 4.319429004213714762e+01 4.699431362701843540e+01 3.285217870965867348e+01 2.626933254612307778e+01 3.293599921278951115e+01 4.000706702465473796e+01 5.155407240844589012e+01 7.155407234455952903e+01 6.927884719538329250e+01 5.264500329179266203e+01 5.186731045861033351e+01 6.722657540717472102e+01 6.157313447457773492e+01 8.190953727617682034e+01 8.271322480994172111e+01 6.187989465711376624e+01 4.970606512868805993e+01 6.019558058338906648e+01 4.339095544222053036e+01 4.339095544222053036e+01 5.809379952302578687e+01 6.106369917659466751e+01 5.365433279137880618e+01 3.762284784839039276e+01 1.767059374249518555e+01 3.762284784840282725e+01 4.278622269139151513e+01 4.643875041356966449e+01 3.352228605684107521e+01 3.982562519948270818e+01 5.401812099749507468e+01 7.426002670895286428e+01 9.024710489888090592e+01 7.636804895235938773e+01
8.175220331382776484e-02 2.008175220331347077e+01 2.939360690695284717e+01 3.767787811703472300e+01 4.922488352938494671e+01 5.285217868498113347e+01 4.626933253448578398e+01 4.259926416428113072e+01 6.000706699765186158e+01 6.829133659034620507e+01 7.983834081388975790e+01 8.075711468416142225e+01 7.254396985235544548e+01 7.176779181060466328e+01 7.995884179447737949e+01 8.190838819038856400e+01 9.057172903166477340e+01 9.113707878486555103e+01 7.919288338092442814e+01 6.187989465711376624e+01 6.425655530064408083e+01 6.425655530064408083e+01 6.425655530063986021e+01 6.520530146274106187e+01 5.616117303416986317e+01 5.332792390524477355e+01 3.339088677913258607e+01 1.928223208537217914e+01 3.360241987690861265e+01 5.420582448980933776e+01 6.189488259715465546e+01 4.765524544101619142e+01 5.354459161504604481e+01 5.054663320914164615e+01 6.070069300804917134e+01 8.155760839550828223e+01 6.801867913487049577e+01
9.124702163186203252e-02 4.679561699043078171e+00 9.393606906953353430e+00 2.094061229074566555e+01 4.094061229074299035e+01 5.214759168802562073e+01 6.043186293021327771e+01 6.259926410302431776e+01 7.088353313176169479e+01 7.903320091409754866e+01 8.339933843592598350e+01 7.753953847299017355e+01 8.018489489301727247e+01 7.432590693081340305e+01 7.224020152173837062e+01 7.442885305373222593e+01 8.271256253287234017e+01 9.241437242841776367e+01 9.113707878486555103e+01 8.271322480994172111e+01 8.498866357040094499e+01 7.488610553471335152e+01 6.660061530707778843e+01 5.487059882732002336e+01 3.673524381076335743e+01 4.643877355295814624e+01 4.087063447340944577e+01 2.092066871918602899e+01 3.969883664305947946e+01 4.399389789755147007e+01 6.336737430945003524e+01 6.776273102189900044e+01 7.367429896501637643e+01 7.095172244482887436e+01 7.946355152111637210e+01 9.013006643409555352e+01 7.636491392992519422e+01
2.239863785106879432e-02 2.002239863785071350e+01 2.939360690695284717e+01 1.792163556117762013e+01 2.458830222784417074e+01 3.214759168802844869e+01 4.628972731175890232e+01 6.628972731174940236e+01 7.316873619889778979e+01 5.901821724018423510e+01 6.338626901342088615e+01 5.752379285134635012e+01 6.017050416626037190e+01 5.430714494968304962e+01 5.221975775518549057e+01 5.441010041867384217e+01 6.412182965551966163e+01 7.948531444520962452e+01 9.103554060780297164e+01 8.803939619106918713e+01 7.974980348323440182e+01 6.660061530708023270e+01 4.664985441781256270e+01 4.888530822292587175e+01 2.893283956501036513e+01 2.650357811600303748e+01 2.416426678117599636e+01 4.087063447340265299e+01 2.432469909827915799e+01 4.426433389486739856e+01 5.733020113230026737e+01 6.364320971360271528e+01 6.364320971360271528e+01 8.364137692672059643e+01 9.006006626380612090e+01 7.875541814208496305e+01 6.996814827149182747e+01
1.766589122093755945e-02 1.415980151495038442e+01 3.415980148158916307e+01 3.792163556117690604e+01 4.458830222784236241e+01 5.214759168802562073e+01 6.043186293021327771e+01 6.404935150286182477e+01 5.573961562709887829e+01 4.486390809805083535e+01 5.072662341131668029e+01 4.336961140315501240e+01 5.950634156328239754e+01 4.014967159860922408e+01 3.806392983583851475e+01 4.409532056609740636e+01 5.117815097113556533e+01 6.274338009570449515e+01 8.275423514125156998e+01 7.974980348323440182e+01 5.974714438126157035e+01 6.560578759046661901e+01 5.249329699244493952e+01 3.256752773991276939e+01 4.888530822294667644e+01 3.800695972765444708e+01 3.826133389986767241e+01 4.705545689498402595e+01 2.712285175436091578e+01 3.186421882643042025e+01 3.738701507590339190e+01 4.367972370849880548e+01 5.778676618622528594e+01 7.778191510466940883e+01 8.191501564273075076e+01 6.236944664387680604e+01 5.095375767912130271e+01
