LEM/with_lateral_4open/elevation_000232.asc
nrows	100
cellsize	150.0
xllcorner	0
ncols	100
yllcorner	0
NODATA_value	-9999
[rows 34 to 50 of 100, columns 37 to 73 of 100]
6.496269875094814950e+01 4.511046697147507700e+01 6.496269875137862471e+01 7.520354967278672120e+01 8.268884022955155899e+01 7.903680381076274841e+01 9.893853881522323945e+01 1.066457686895547283e+02 9.698086239335806624e+01 8.893753550416869302e+01 8.254654387613618383e+01 6.955920115952997662e+01 5.019546671161993601e+01 4.604805508798285274e+01 4.197918600353035856e+01 6.191838511410146850e+01 6.866894551410534575e+01 6.042087271874382992e+01 4.347957053266389238e+01 6.321137065272679934e+01 7.031786852059039461e+01 5.704409203671372808e+01 7.669272540159036566e+01 8.970504073162024383e+01 9.729643959902071515e+01 9.892263441410642599e+01 1.073582929739321088e+02 1.082135099502500424e+02 9.660666122223183550e+01 8.758441638936855611e+01 7.334258504785314869e+01 6.387164158233397160e+01 8.410943554143597112e+01 8.723922252672369382e+01 7.411191980271028967e+01 5.393503542845050447e+01 7.411191980271028967e+01
5.634558004831029621e+01 4.823032935273025856e+01 5.292370507429676962e+01 5.865229930702722072e+01 7.844627843459305439e+01 9.557136795007920682e+01 1.072015237041044315e+02 9.856578544507544848e+01 7.930928556326190915e+01 6.976456062007123649e+01 6.341091999533003332e+01 5.785492929662112971e+01 6.955920115952956451e+01 6.340167343150633172e+01 4.372514274076664265e+01 5.767178833752036837e+01 7.753910041061776326e+01 7.146776486608050050e+01 5.742689335235281334e+01 4.643817785280407406e+01 5.067876767911246816e+01 7.031786852059039461e+01 7.526702315060795456e+01 8.080661383894357641e+01 7.758681063861659766e+01 7.897063691077424608e+01 9.214449573343129885e+01 1.005669399466297307e+02 1.096225690465491027e+02 1.018262477308839493e+02 9.126222620817407005e+01 7.103107906874052446e+01 9.126222620817407005e+01 8.838925804416648191e+01 6.819805266851103909e+01 6.557290322996024656e+01 8.244223764728096171e+01
7.377399780778857519e+01 5.397837590008594333e+01 5.423278811412394163e+01 7.402796412489955458e+01 6.748715728959233218e+01 8.731239368419667812e+01 1.070743455833404880e+02 1.066457686895547283e+02 9.698086239335806624e+01 8.893753550416869302e+01 8.254654387613599908e+01 7.606786484721442321e+01 7.652915584293695872e+01 6.524904580387008934e+01 4.550442275945074755e+01 6.523460802145670812e+01 7.869603550629706490e+01 8.550863572126104373e+01 6.613079905431456496e+01 6.613079905453827223e+01 4.993230054657972516e+01 5.279367881986904365e+01 5.566443798761449813e+01 6.787029882506679712e+01 6.482166172255068659e+01 6.843692264332905495e+01 7.259623640666842448e+01 8.098615544510352038e+01 9.252999147354010745e+01 1.129768188813832381e+02 9.955686055650589594e+01 8.275038170287811568e+01 9.955686055650589594e+01 9.668642262604936377e+01 8.838925804416648191e+01 8.577643336442288557e+01 9.408035685530984438e+01
6.330679985760021822e+01 7.377399780859846601e+01 5.866893317716061063e+01 7.845147493982069875e+01 8.731239368419667812e+01 7.889791961391190966e+01 9.295322066073359224e+01 1.129385190106172416e+02 1.017824837431619613e+02 8.105265448349830137e+01 7.641621515548767718e+01 5.698376132859686294e+01 6.815497499560677852e+01 4.843479902769342260e+01 6.524904580450372293e+01 5.070810202759654572e+01 7.034731449623951960e+01 8.426251513841482677e+01 8.599435436837248403e+01 7.786325705179376655e+01 6.377614127290006962e+01 5.762474413739750645e+01 7.526700382074184859e+01 5.982002725375470931e+01 8.017055259290083313e+01 8.740337012885306933e+01 9.214452609118033877e+01 8.203820003768088043e+01 1.022508521446799108e+02 1.214147032497132273e+02 1.111516158400841334e+02 1.028896220354712767e+02 1.063981990750736628e+02 9.812565568953205286e+01 9.139354935636984578e+01 8.555207359414123403e+01 9.298268357747132029e+01
7.728251499795615587e+01 8.311552223916315540e+01 6.332764540041399215e+01 8.311552223916315540e+01 1.002608125773921444e+02 9.880677902246949884e+01 1.070743455833404880e+02 1.068745545108472896e+02 9.481638112442999500e+01 8.105265448349830137e+01 6.138190311876814320e+01 7.200322938126977590e+01 5.261010062705316415e+01 5.140711114960441819e+01 7.111555975470034241e+01 7.034731449639269840e+01 5.620518422180929718e+01 6.992162322438575472e+01 9.006350441892023184e+01 9.195037222166375557e+01 8.299578880101927325e+01 6.323022634975914968e+01 8.299578880125207547e+01 6.759403347640780169e+01 6.891366105241671391e+01 8.394999320055539727e+01 1.053213336623699803e+02 9.626060856475028515e+01 9.626060856475028515e+01 1.167125794372645231e+02 1.222755032569299232e+02 1.023274995122157094e+02 8.808117684115636337e+01 7.792933669004541741e+01 7.115808373364571082e+01 6.531592309654882911e+01 7.790343792570780579e+01
9.717437458748131007e+01 9.136884981983901355e+01 7.318517648855569746e+01 7.214195686040338273e+01 8.614710889150026674e+01 1.061073327916864315e+02 1.185320076089799954e+02 9.822177162856750954e+01 7.733818248411687080e+01 6.603876858269832439e+01 8.105265448144635343e+01 8.044095878054963578e+01 6.360383347239742591e+01 7.111555975502928106e+01 5.572490250460587191e+01 7.545731013670103948e+01 6.037679481700718753e+01 8.004404057750225832e+01 9.508895300539823836e+01 1.031864663239930309e+02 8.299578880125207547e+01 7.056734640946606874e+01 9.054762382530950049e+01 7.691344358656199631e+01 9.020951389877441784e+01 8.233642621341131473e+01 1.037572021236734230e+02 1.167125794372645231e+02 1.167125794372645231e+02 1.251406800298771316e+02 1.271183747703258575e+02 1.164161111843463914e+02 1.063981990750736628e+02 9.812565568953205286e+01 9.139354935636984578e+01 7.790352763558335880e+01 5.770106909839736886e+01
1.108974875659391444e+02 1.013138309925546849e+02 8.719812134447218455e+01 8.614710889150053674e+01 8.614710889150055095e+01 1.061073327980060128e+02 1.099377945423702840e+02 8.883076878440232349e+01 7.848217047892860876e+01 7.009176602551320912e+01 9.065102121715445094e+01 9.205685750398423295e+01 8.347701757255136101e+01 7.861280956583620139e+01 5.882942426953076165e+01 7.861280956537858344e+01 8.004404057750225832e+01 6.665915074405887708e+01 8.655033516181627817e+01 1.028155448773608356e+02 9.896425257714828660e+01 8.198495420075977336e+01 9.896425257714828660e+01 8.954055508856524170e+01 1.071173668826791356e+02 9.762035208813908582e+01 1.123254994046252193e+02 1.142358102105612261e+02 1.224933132455459344e+02 1.213170183408662410e+02 1.071827672859942879e+02 1.213170183408662410e+02 1.097806597726664819e+02 8.970637608628284454e+01 7.537977147831523439e+01 6.631303603782642142e+01 5.918434489129127485e+01
9.052884317158407157e+01 1.108974875659391444e+02 1.071635772501723665e+02 1.061073327976143759e+02 1.061073327981768415e+02 1.143745170726385538e+02 1.185320076089799954e+02 1.055570627229110983e+02 8.447660489568849584e+01 7.572447296242229697e+01 8.678451172261767965e+01 1.078550155438055498e+02 9.367211392479775611e+01 7.330451231660786959e+01 6.202941363654375806e+01 8.191288584572569675e+01 9.463948584229154903e+01 8.655033516181627817e+01 7.389983135674029313e+01 8.546479005835401210e+01 1.062197454526530436e+02 1.022444480566577738e+02 1.106782356949496631e+02 1.107425481422887827e+02 1.192435732816046112e+02 1.185728687097100931e+02 1.110774580009095729e+02 9.453029291871152395e+01 1.110774580009095729e+02 1.130217715310816828e+02 9.327421671786402158e+01 1.130217715310816828e+02 1.156168153638012228e+02 9.558599765056212050e+01 8.654949859258624656e+01 8.549673911846876706e+01 6.525899156612776153e+01
9.071409195409282233e+01 9.911582717827623412e+01 1.000440575619924743e+02 1.084158539907277969e+02 1.087617119801819285e+02 1.170988273581743471e+02 1.264967961057641901e+02 1.055569919005367296e+02 1.030994356244065102e+02 8.190356772476620506e+01 1.030994575949855232e+02 1.164615566186438400e+02 1.022559418892409440e+02 8.772132513173819746e+01 6.760028052180939540e+01 6.631768479234733604e+01 8.731377704025227615e+01 1.011222904876087085e+02 8.046544396771673746e+01 1.011222904876087085e+02 1.147857950329028967e+02 1.127561695715554748e+02 1.045322507694692007e+02 1.019720898532920899e+02 1.101880579597024337e+02 1.140070916256618432e+02 1.028588244975909305e+02 8.328139431996473263e+01 1.028588244975909305e+02 1.055578973828830556e+02 8.590509362483544464e+01 9.900696279686718526e+01 1.188204216277482317e+02 1.149192617185633765e+02 9.975687545490193031e+01 7.958999724662876929e+01 7.696305280639157331e+01
7.031095312055087732e+01 8.337711221821552954e+01 7.963130173043764160e+01 9.431645085091672343e+01 8.833302777915430681e+01 1.087617119801819285e+02 1.235489528181504966e+02 1.180276094286465849e+02 9.691601464330472027e+01 9.415752139227883788e+01 1.117436301571440822e+02 1.121675169549347544e+02 9.130084216632288019e+01 7.685434875737790605e+01 8.772132862891797345e+01 7.046244775810868077e+01 9.269173983125189409e+01 1.097056045873639647e+02 9.500730254043064349e+01 9.729411414962892479e+01 1.181549481136587474e+02 1.045322507694692007e+02 8.491222984601164114e+01 8.237689863306269444e+01 9.883419970878358640e+01 1.057832545845902530e+02 8.615074513660067623e+01 7.638232853877883599e+01 9.593715767918810400e+01 9.900696279686718526e+01 7.940514510285601091e+01 9.900696279686718526e+01 1.091808319538557726e+02 1.042895371863946963e+02 1.080286347651678369e+02 9.975687545490193031e+01 9.715397140869366410e+01
5.859537552952788531e+01 6.301775576502745935e+01 6.824588846607839798e+01 7.386359862141566168e+01 8.299450450297041471e+01 9.486390418506756816e+01 1.152407864746765256e+02 1.265712436558007994e+02 1.180276094292704840e+02 1.153143696103394120e+02 1.238762505871733595e+02 1.106095759885244831e+02 8.974321814653089291e+01 9.741254971109286487e+01 9.850119665061380658e+01 7.654314079226001866e+01 9.220058220142583139e+01 1.134885834855792410e+02 1.158807585626558989e+02 1.181549481136587474e+02 1.143905621269675379e+02 9.467602448566680096e+01 8.086793975257904776e+01 7.107934765061445148e+01 8.325844245022182122e+01 9.058369942218695314e+01 8.975337774527550039e+01 7.017264638095780072e+01 8.975337774527550039e+01 9.376815665622478946e+01 7.417213324762141724e+01 8.129253701567130008e+01 9.523668411345934715e+01 8.461566643152771405e+01 9.858018773647677335e+01 1.084352335786574173e+02 1.119324772290832044e+02
7.893433425623395294e+01 8.337711221821552954e+01 8.864384575943161337e+01 9.431645085091672343e+01 1.027159275686642559e+02 1.118373376142563700e+02 1.081426747497448417e+02 1.165626839223071158e+02 1.159661795154171529e+02 1.075499427385075251e+02 1.159661795154171529e+02 1.191754951897027865e+02 1.044972430298965378e+02 1.107786650250025957e+02 8.951346593536383978e+01 9.228963235326469317e+01 9.461780989396812913e+01 1.157802861887813890e+02 1.114438955984259110e+02 1.031916969372987580e+02 1.114436583681360986e+02 1.086630921972927979e+02 9.883419970878358640e+01 8.325844245022182122e+01 6.361348372998514833e+01 7.096347631840801284e+01 7.831539028745318376e+01 6.522978105396761350e+01 8.485819490419609679e+01 1.019814294638065633e+02 8.704677607822463870e+01 6.742017136400994559e+01 8.112913209950848170e+01 7.075817742429953228e+01 8.056095460301621358e+01 1.001950649239785349e+02 1.036694318093040152e+02
7.938638605143898985e+01 8.652879256089515536e+01 9.500375270694503627e+01 1.068404833770774474e+02 1.100438586517335011e+02 1.015998740229494501e+02 8.754823571979295593e+01 1.047175850449542196e+02 1.057070158645599491e+02 8.694888276812217498e+01 1.057070158645599491e+02 1.189134034492899161e+02 1.253658803597781599e+02 1.193679612965664205e+02 1.019048389999549187e+02 1.134972393268627684e+02 1.157802861887813890e+02 1.137433465095387533e+02 1.015641931597119054e+02 8.350106928754998137e+01 1.015643289707897736e+02 1.090596091554268270e+02 1.032536607768714845e+02 9.141595411563042717e+01 7.671010661711190437e+01 5.698288555827324586e+01 5.860882286251197826e+01 7.257065664327120658e+01 9.218440416345856647e+01 9.106297062914728713e+01 8.459635348891258388e+01 7.642311602840379692e+01 6.144245444154166336e+01 8.112913210203261372e+01 9.858018773647677335e+01 1.084352335786574173e+02 1.119324772290832044e+02
5.935831746818998056e+01 6.632701625358569686e+01 7.784653301250094160e+01 9.838897966625175684e+01 1.015998740229494501e+02 8.107653559641734375e+01 7.575938179699018349e+01 9.556019712403060851e+01 9.724941275328657753e+01 7.673534830778633875e+01 8.999667448313570617e+01 1.087131327710836786e+02 1.231798993462267049e+02 1.314157150736066342e+02 1.229005363143193961e+02 1.134614372526070554e+02 1.048377273124119995e+02 9.746714662975868748e+01 8.570854075009665962e+01 7.370961327249094097e+01 9.334637540844923365e+01 8.934365131797220272e+01 8.358196084327853725e+01 8.640053360908081004e+01 6.674816923481951392e+01 5.272648678156645730e+01 7.250424058698982321e+01 8.646855249323026271e+01 9.047939769445343927e+01 7.189365763688556399e+01 7.206263580427426518e+01 5.668020212244514511e+01 7.642311602940627324e+01 8.930618465756832336e+01 1.077989505501188034e+02 9.959125457721694374e+01 1.021489800433449346e+02
6.933605298458901700e+01 8.652879256089515536e+01 9.500375270694503627e+01 1.006477919384113449e+02 9.218502196856989883e+01 8.708768224896205368e+01 6.681496342699053059e+01 7.966658841615063125e+01 8.257039684916584577e+01 6.965908630751732744e+01 7.972682329225608555e+01 9.424921046130322111e+01 1.130468229737567043e+02 1.213861671340438164e+02 1.173578901808476758e+02 9.626494369359079428e+01 8.468367705242523868e+01 7.775751671184730185e+01 7.183936388873075884e+01 6.673974568548679542e+01 8.071549086243111049e+01 7.691596838360139543e+01 6.969371301199396385e+01 8.370668538239716838e+01 6.967884506528817212e+01 4.987192401899888239e+01 6.967823494626127001e+01 7.898998654280491394e+01 8.291726237453305259e+01 6.370464950880217714e+01 5.227103760644931185e+01 7.206263580536003133e+01 7.642311602897072476e+01 9.610400430867143484e+01 9.644872795223452044e+01 7.999669671831681228e+01 8.253292050373710254e+01
8.959127057087977164e+01 9.803838354014861523e+01 1.066957095981203452e+02 8.617449835305049533e+01 7.181486725120923609e+01 7.930180487318180838e+01 6.110071806139073658e+01 5.957002064832208532e+01 6.243249930740409326e+01 6.603367510501405491e+01 8.625695245260970978e+01 9.859030092832506398e+01 9.260221343236162284e+01 1.130468229737567043e+02 1.260961543941204326e+02 1.134614381275079893e+02 1.048377273124119995e+02 9.746714662975868748e+01 9.149637971435302575e+01 8.071549086243111049e+01 6.100830663798548414e+01 5.717116513303418657e+01 7.212030925154418526e+01 6.402029138750553727e+01 6.693219093191723346e+01 4.709934862111509091e+01 6.311170251425870248e+01 5.946288264998839423e+01 7.899070530311502125e+01 6.923012655847861652e+01 4.941616678597817014e+01 6.090314203527319137e+01 7.484859222472034901e+01 9.450219415000510992e+01 8.827833132272922967e+01 6.868256883192424311e+01 8.827833132272922967e+01
9.233119712618625385e+01 9.139286667014386012e+01 9.984922036324782368e+01 9.228712523134382195e+01 7.930105293405141254e+01 5.917536901604586319e+01 5.558053570467471616e+01 6.970279265602982832e+01 8.257039684916584577e+01 8.625695245260970978e+01 7.141528101005098961e+01 7.810429059369441518e+01 8.990983007182477138e+01 1.041942251268210953e+02 1.235450486530861554e+02 1.243780918966788249e+02 1.129452240533986753e+02 1.041430820365107763e+02 9.594791422444507134e+01 8.866205612359424038e+01 7.550653328569397615e+01 5.575445854977856186e+01 5.232882193576482166e+01 4.997381693491823995e+01 4.769574937112444246e+01 4.545932668982251812e+01 4.324819147098899208e+01 6.074544572875154103e+01 6.891140102206543361e+01 6.287946167493738159e+01 4.669481492769249797e+01 5.819557159946129588e+01 7.792206741881106780e+01 9.662092029413622640e+01 8.236998662610020006e+01 6.271972882661054882e+01 8.236998662610010058e+01
