LEM/with_lateral_4open/elevation_000002.asc
nrows	100
cellsize	150.0
xllcorner	0
ncols	100
yllcorner	0
NODATA_value	-9999
[rows 68 to 84 of 100, columns 37 to 73 of 100]
7.471465556624332294e+01 9.572210374074157357e+01 1.123549405753621073e+02 1.241742930788336423e+02 1.231825216879944804e+02 1.042852663787480907e+02 1.098201443129744206e+02 1.091400908646153312e+02 9.028893974861955485e+01 7.691863117134019490e+01 9.581032987777074084e+01 1.040492477273940324e+02 1.022975223985326210e+02 8.334239967245237324e+01 9.561747698543938156e+01 9.936528758096335423e+01 9.132445061144728982e+01 1.101734992364327326e+02 1.069391327300378691e+02 8.611649421028842255e+01 7.374118182020249890e+01 8.493404221652681940e+01 8.026662890554534613e+01 7.410805537304416646e+01 8.880643261217073814e+01 9.395016733920054719e+01 8.339914863114150023e+01 6.441348214112528581e+01 5.289316611214989194e+01 3.268615256842750938e+01 5.177991513744304086e+01 5.101671470386241936e+01 5.025971829786519152e+01 4.844668334427382916e+01 2.828589703651848808e+01 4.637322954119429141e+01 3.565849582000982565e+01
9.572210370882109487e+01 8.301382130561911765e+01 9.522291741769670637e+01 1.158085915911488399e+02 1.310579677482194256e+02 1.231825216881920397e+02 1.260956401328495531e+02 1.078849592545706599e+02 1.001026358581217153e+02 8.145102665770427564e+01 9.224452550230454051e+01 1.112010098850819020e+02 1.073047062100851861e+02 8.850692538768367967e+01 1.073047062099273319e+02 1.179203458176111354e+02 1.101734992407565272e+02 1.098477270815596256e+02 1.152470201205323264e+02 1.033511990300093970e+02 8.611649299975273664e+01 1.033473263223430507e+02 1.010953586719471389e+02 9.513827957698335069e+01 8.524250503767076736e+01 7.691184459871450940e+01 6.763211954213106480e+01 5.600747196074314616e+01 3.575711550734042277e+01 4.794261971360831609e+01 3.158935460280729401e+01 3.083886675426265001e+01 3.008847682889992825e+01 2.933822415157811037e+01 4.805928654488592144e+01 5.649077733499891707e+01 5.590411023640264432e+01
1.123549405882714183e+02 1.039234470322950443e+02 9.522291677913295871e+01 1.098670819656008604e+02 1.301506275591153212e+02 1.359223012170620564e+02 1.183555094601832423e+02 1.078849702908602950e+02 8.975419313436479740e+01 9.448008979849271327e+01 1.078682495391752099e+02 1.188524926706661660e+02 1.130309062864377267e+02 1.073047062146439572e+02 9.756886069856427923e+01 1.083151270727697124e+02 1.265945799477702991e+02 1.277533592287517195e+02 1.245255285337249660e+02 1.152415615901988133e+02 1.069376065824731228e+02 1.003946979009753022e+02 9.192402221706510090e+01 8.362275284080457993e+01 7.346509506672572343e+01 5.639395841443420920e+01 5.922515794528508337e+01 3.890888944623529966e+01 5.600747196155416674e+01 5.422168916470372579e+01 3.454636073476763869e+01 5.101672688033142578e+01 4.428837964500216628e+01 4.950837038116087996e+01 3.686025249200125131e+01 5.718374832949758968e+01 7.453855764796806227e+01
9.874877180563677825e+01 1.076093456673171715e+02 1.158079838408115876e+02 1.158069124691782008e+02 1.360337935291826739e+02 1.307263520503085488e+02 1.132535557276187888e+02 1.010558374383344500e+02 1.059325753338907958e+02 1.125192373521590099e+02 1.124354836229070571e+02 1.039796451476489381e+02 1.124126974530577314e+02 1.234423622583748568e+02 1.086971671528420416e+02 1.234423544072139265e+02 1.339902800014297100e+02 1.172787824193133019e+02 1.025161451455074655e+02 1.092687081109752398e+02 9.908543055772588559e+01 9.081231688538674973e+01 7.180094491550281077e+01 6.314677740344853163e+01 6.506583284167764702e+01 4.460833972943547110e+01 4.216634378370613945e+01 5.922515912851647357e+01 6.763209465941596932e+01 5.735065179434331384e+01 3.743898527748587668e+01 5.735065158464033885e+01 6.467781748879588122e+01 6.399972924765432936e+01 4.355269386371288931e+01 5.343718679191950116e+01 7.385449427633390940e+01
7.958975631264277695e+01 9.358118952754492170e+01 1.133518871235432073e+02 1.163537826738029963e+02 1.255606842675759651e+02 1.233192544947529967e+02 1.121060520873350868e+02 1.079752410575786712e+02 1.150717501481096861e+02 1.167889764551517686e+02 1.009129548990677279e+02 8.010166430267059923e+01 1.008451079739556207e+02 1.156287703080059970e+02 1.261277738329026050e+02 1.330541783857415226e+02 1.267704545630948871e+02 1.084436655442961239e+02 8.769347456555202314e+01 8.915910944751355771e+01 9.081217168286407571e+01 7.045005490591493924e+01 7.180094022525268826e+01 5.123011013193050900e+01 4.828853151811681954e+01 6.506583702437225725e+01 4.978805819840235358e+01 7.032313030736308690e+01 6.348601387500879412e+01 4.306097155480678396e+01 5.735065185087082540e+01 4.434413834476701766e+01 6.483484171898831505e+01 7.239745373051518129e+01 5.375980031559362260e+01 6.400421707532082394e+01 8.220790092457394849e+01
9.874877004580667972e+01 1.076093458611735372e+02 1.008758474897249613e+02 9.553433916019160677e+01 1.160676399847592677e+02 1.119191785963724612e+02 8.589314458242783701e+01 8.180869261322017394e+01 1.003274441692309722e+02 1.059018021656896309e+02 8.155502859004012350e+01 6.927605844495708709e+01 8.315049526090477627e+01 9.931659165574100712e+01 1.103936660434387136e+02 1.248500747086842040e+02 1.135756683940552136e+02 9.754076154420064881e+01 9.498194248844252741e+01 7.469622569130351053e+01 8.542873408222459375e+01 7.641406033646133267e+01 5.585501569789452248e+01 7.180094137282297595e+01 5.444386086409955539e+01 7.503044462662937519e+01 6.008155358773890953e+01 7.869008492515500564e+01 6.807325556791613508e+01 4.747450842753449507e+01 6.807325568952597905e+01 5.883672143982362712e+01 5.302510273313847478e+01 7.362009442594764153e+01 6.829351087591339819e+01 8.259341931129286252e+01 9.278076697258646277e+01
1.000902040859149906e+02 9.188932524606751429e+01 8.144560092947787666e+01 9.519030209452182589e+01 1.138809097596313222e+02 1.034563206621846660e+02 8.655803859217071761e+01 6.751858440403815109e+01 9.044200858197035586e+01 9.756742531723422474e+01 7.940435178610262312e+01 6.134540073194358456e+01 8.231109459898128478e+01 7.735283486306201439e+01 9.405300110433803695e+01 1.156573087329737604e+02 9.981325242619136873e+01 8.629374780103240994e+01 7.734825974362159684e+01 7.109908583052400388e+01 6.501570717822116308e+01 6.099091611774712618e+01 7.641406033568298994e+01 8.186872171705799417e+01 6.135389216154427316e+01 8.186872153911718897e+01 7.464028874341227038e+01 8.886742434607805308e+01 7.302700144638977520e+01 5.250447728243979384e+01 7.302700142531922722e+01 7.931558501016309037e+01 7.362009344517967691e+01 6.341796059787158413e+01 7.792273697721941517e+01 9.690298506836452930e+01 1.036509959209639788e+02
8.491873054277425581e+01 7.209500820221016681e+01 9.188932524560674153e+01 1.092865822095384942e+02 1.121212233330201684e+02 9.404980229599713937e+01 7.245577670458925468e+01 6.095684747492285283e+01 8.258100670631017692e+01 8.876486895085999151e+01 6.779355623786334206e+01 5.595472638655941466e+01 7.469537888662732428e+01 6.464757002876424963e+01 8.338535341350002739e+01 1.025482763881661157e+02 1.135754248019529911e+02 1.006287815947357274e+02 9.743104170925771257e+01 8.172024626834758010e+01 8.542873203044854336e+01 7.129962434633414148e+01 8.981486376486120093e+01 9.017162326076622492e+01 7.171520891673480946e+01 9.017162199822128343e+01 9.486752712646502061e+01 8.455441552126683291e+01 6.556023115092438047e+01 7.302700157121306290e+01 6.291425543533351572e+01 8.309118816121035422e+01 9.213544052332714784e+01 7.529243092801833370e+01 9.220220787182944377e+01 1.065263619222931482e+02 1.116113955810982077e+02
6.505329463766724984e+01 8.491873054285166234e+01 8.822624888256333975e+01 1.077480960153573477e+02 9.695797505850325138e+01 7.939596829023524549e+01 7.625911263512440996e+01 5.514681402393783571e+01 7.632604044144355271e+01 8.880347171564372388e+01 7.163937964149512538e+01 5.071586125305723414e+01 5.339538943019351791e+01 6.155998378502648194e+01 7.120983978690885863e+01 8.771398730867888105e+01 1.114646113359959116e+02 1.227412313562196431e+02 1.101909441437615982e+02 1.019296194664482300e+02 9.994119823572361838e+01 9.165946690239879047e+01 9.994119800088819261e+01 1.002657780837148067e+02 9.202223625256702633e+01 1.002657736592811659e+02 1.016914625296092396e+02 9.349452175422135269e+01 7.971481810277897750e+01 8.310536831932073198e+01 7.730289089648992729e+01 8.305135251108161754e+01 1.025086306468491699e+02 9.551169872704357999e+01 1.039192464795098374e+02 1.104019294750319062e+02 9.955452788978824685e+01
7.880686994857076400e+01 9.314872837340352874e+01 1.077507473739402144e+02 1.037716261812045389e+02 8.178977352317528471e+01 6.671663005953053016e+01 5.731921331437560951e+01 5.038810930215637285e+01 5.962113923536661986e+01 7.435698297810775159e+01 6.702608745939446067e+01 4.611182381861912205e+01 6.092086594403285460e+01 8.176561752722496124e+01 9.192105277368379745e+01 1.018896004789660168e+02 1.029732988947878027e+02 1.136313453822246089e+02 1.119443622020391871e+02 1.176671737829863389e+02 1.031900467326518509e+02 9.496214664621221857e+01 9.666589050177148579e+01 8.844697012185523022e+01 9.666588985840076020e+01 9.347643667014801849e+01 7.916007310759573556e+01 9.347643975184578835e+01 9.927708773284972210e+01 1.027819272344236907e+02 9.714220957673298074e+01 9.335709711179866588e+01 8.484394213152232567e+01 8.741689257439593064e+01 9.604587448954843865e+01 1.024559365723708169e+02 8.312636990717837193e+01
7.149773452660545559e+01 8.555653082801525500e+01 1.054532061806576877e+02 1.093498335535672510e+02 9.695763180136664516e+01 8.727820073904804588e+01 7.774471853389020737e+01 5.692779117334210071e+01 4.496398648825051936e+01 6.082510536763464870e+01 6.371870012021652485e+01 4.288470698776934853e+01 6.096089237776867265e+01 8.369334733234556722e+01 9.287880928993223506e+01 1.044043196246136205e+02 8.813268398049929431e+01 1.044835012444356295e+02 9.247843742092184982e+01 9.817987478693707715e+01 9.496214668331604969e+01 7.516817479864242557e+01 8.096569425235966833e+01 6.865340157202973614e+01 8.676197966292467356e+01 8.386596751655370952e+01 6.398194999618785062e+01 8.386596633954046354e+01 9.731914055852936940e+01 8.742076243069600139e+01 7.895056139636314185e+01 7.894956308850943572e+01 6.402252522131612977e+01 6.670609383560686467e+01 8.741570984577953141e+01 1.043209935645926976e+02 9.957029265188249667e+01
9.138413211567397809e+01 9.964389245918782478e+01 1.034921265289991368e+02 8.932401891430922092e+01 1.034921265827050121e+02 1.033353834027245171e+02 8.639600401419968989e+01 7.435679149490786699e+01 6.082510521714633711e+01 4.017202537488719116e+01 5.619864456652494766e+01 3.982369802451465546e+01 6.055298331511562537e+01 6.495484255611872015e+01 8.447823522685800413e+01 9.659806816362049631e+01 7.789193145994758538e+01 8.704736235249933429e+01 7.889779773859844170e+01 9.817987475114932749e+01 9.496217332539676192e+01 7.516817483581066028e+01 6.113723580721209316e+01 5.871044885888922948e+01 7.855018348902264336e+01 7.537051420150211811e+01 5.483916759029665400e+01 6.846351023716957229e+01 8.781125362627508935e+01 7.895058482847365156e+01 5.852243136003114188e+01 5.852242719607463073e+01 5.213284122855341707e+01 6.146953974065657178e+01 7.246036111340431773e+01 9.030767036152337823e+01 1.147845835304703996e+02
9.468455913025321991e+01 1.031351531952377769e+02 9.519062577717821227e+01 7.518808838975267861e+01 9.519060642640178571e+01 8.331503023567225341e+01 9.746841390894533674e+01 8.039491289764283977e+01 6.937245371678942263e+01 5.619864252004062166e+01 3.562185262790500673e+01 5.619863836757358655e+01 5.016552073955588043e+01 6.078327815665034706e+01 8.113696906017376875e+01 8.245628049023295603e+01 8.704736235257905719e+01 6.794705086521253179e+01 8.043797928377560424e+01 8.850534531320789711e+01 9.405181570166746496e+01 8.603730732612413590e+01 7.105146348912155929e+01 5.116752561176075886e+01 7.105146369106968507e+01 6.846351009986375402e+01 4.810412002733513503e+01 5.904579728795221882e+01 7.940223677920015177e+01 7.772614831803630864e+01 6.450521898323796677e+01 4.414910905228754245e+01 6.450546819597332160e+01 7.530941539646404692e+01 8.442402584107166774e+01 9.620038315348084268e+01 1.024919568479351568e+02
7.492546408238534639e+01 9.341275888657256132e+01 8.511118714840443999e+01 6.764122629387716756e+01 7.763615942709007811e+01 6.918620747652471437e+01 8.917880498596342420e+01 7.194893814016573685e+01 5.152302494055413717e+01 4.126140272909626816e+01 3.350100498333705445e+01 5.107763822168206502e+01 4.060853868245357745e+01 6.078338590927802443e+01 6.967611105648894920e+01 6.178486383963367246e+01 7.635503760226248460e+01 8.043797966645880138e+01 6.122439907817729221e+01 7.452626630241917383e+01 7.452626630193569213e+01 7.782409400726686499e+01 5.797596349278821748e+01 4.646167429036844965e+01 6.636477427940117479e+01 6.278127310964433150e+01 4.252832303582912488e+01 6.278127239240436097e+01 7.300689221636545767e+01 6.340561971673472641e+01 4.907607700765936443e+01 3.985291495970630393e+01 4.657770305764736918e+01 5.563433286314287329e+01 6.736481568101501693e+01 8.775559398014173951e+01 9.864878915902095002e+01
7.492546342036011708e+01 8.511118703737429314e+01 6.511971909833191319e+01 7.097508434551467360e+01 5.765264079929604435e+01 7.763615942725780883e+01 9.747892281373911771e+01 8.039627822081736497e+01 7.018723658705008006e+01 6.173594779225171436e+01 5.107763819852159060e+01 3.063126024884957488e+01 4.839248090713478945e+01 5.683387021163686370e+01 4.920304819810112917e+01 4.681523304759357273e+01 6.369584665982554128e+01 8.660455854246734475e+01 7.452626630245572414e+01 5.514233330894847285e+01 6.926360237294076683e+01 7.739256082919274604e+01 6.221468982498268474e+01 4.230239812718538417e+01 5.658264322121834056e+01 5.811516704971503344e+01 3.792986481358970252e+01 5.186191764108852453e+01 5.872205471428549828e+01 4.443721718876185633e+01 3.483557547328013726e+01 5.500788524327168005e+01 6.688210762802614795e+01 7.531530805654563210e+01 7.356237991602068860e+01 8.187515679330857665e+01 9.048309449200407073e+01
6.828489170158928800e+01 7.371738742637963071e+01 6.542651757863330886e+01 5.096923443087396066e+01 7.097508434559831869e+01 8.593019792496119180e+01 1.000279969823171342e+02 8.665662882723950133e+01 6.623734109513418389e+01 5.179216683139944877e+01 4.156372587511076233e+01 4.839248090722087170e+01 2.799577149540792576e+01 4.576678045070141110e+01 3.460025661935567598e+01 5.519943567894453906e+01 6.680816515739273598e+01 7.520142955885194169e+01 8.262840643769463611e+01 6.926360237529131325e+01 4.975414445893991910e+01 6.439666467421717755e+01 6.117833213813042903e+01 5.658264322120125200e+01 3.666552552216239746e+01 5.125956960201068568e+01 5.186191763879610050e+01 3.175700820450107287e+01 4.603868983352155198e+01 3.024920514867492827e+01 5.034882343670567906e+01 6.340536411594227673e+01 7.368879637450167763e+01 6.538835395304968756e+01 5.354314542202279625e+01 6.200941547593235725e+01 7.849592807493782232e+01
5.698748862257026104e+01 6.033503080755033920e+01 4.538113802402920527e+01 6.542651757872492624e+01 7.926622400900112098e+01 9.415215715834997923e+01 8.007688135621060610e+01 9.412373969818189323e+01 8.069791504108179936e+01 7.047252589912341136e+01 6.200341237022654184e+01 5.677902093917654724e+01 4.576678041866617264e+01 2.542044268240558935e+01 4.576678043130959850e+01 5.248315194920573390e+01 4.654953740911233950e+01 6.680816510978728218e+01 7.372127549005666935e+01 7.739024614597121854e+01 6.439666467787628790e+01 4.478313938884073053e+01 4.150130202822547432e+01 5.673041378891613817e+01 5.125956960191401635e+01 3.134281936057906393e+01 4.620070997071091057e+01 4.413694906027676979e+01 2.599479666002163114e+01 4.603868983326171360e+01 5.872125877121093396e+01 6.703136753318126750e+01 5.871811579490783828e+01 4.537160370871062298e+01 4.198684458482320991e+01 5.015800276857667228e+01 6.171563187077774160e+01
