LEM/with_lateral_4open/elevation_000157.asc
nrows	100
cellsize	150.0
xllcorner	0
ncols	100
yllcorner	0
NODATA_value	-9999
[rows 51 to 67 of 100, columns 0 to 36 of 100]
6.455108993161302877e-02 2.006455108993125691e+01 2.495744472363698918e+01 2.161931100579076670e+01 2.422309111817503791e+01 2.177243336463133261e+01 3.577717956090042151e+01 2.991401411123624499e+01 4.932893045119000419e+01 4.212249972007729326e+01 5.606698937851143683e+01 7.542600998086832931e+01 8.029411257100798593e+01 8.847996366233716969e+01 7.875896253174479966e+01 5.863804129232898532e+01 5.863804129232898532e+01 5.863804129232898532e+01 7.875896253174479966e+01 8.374867749397228067e+01 6.371017176919305314e+01 5.212878215713685393e+01 4.372907614304142498e+01 5.581564136343081373e+01 6.998738610751608746e+01 6.289441291471334949e+01 4.316564006848022217e+01 6.289441291471334949e+01 6.633041729363870331e+01 4.645756639912818997e+01 5.001359163688007925e+01 3.256569420931911196e+01 4.685449080786465004e+01 5.322671662514926538e+01 6.694914553920759204e+01 8.024370125122968034e+01 8.766517337632650708e+01
3.995603441288197999e-02 1.418209165814395689e+01 3.418209165814466388e+01 4.161950215093154526e+01 4.422337553656575437e+01 3.331944286838486846e+01 5.005803379442499335e+01 4.402881189377669813e+01 5.806332606608778235e+01 6.173267366565637104e+01 6.973639535582000804e+01 7.698238040380820735e+01 6.029339562094097715e+01 7.698238040380820735e+01 7.462446478005757911e+01 6.453132267963346180e+01 4.448418561052283593e+01 5.634711324247427910e+01 6.471172479677997558e+01 7.482049970490326984e+01 7.217944083877358707e+01 5.212878215713772079e+01 3.788514543606417107e+01 4.159316823080926895e+01 5.994851450365565171e+01 5.810948266125236472e+01 3.843139426982446594e+01 5.172506773326396967e+01 5.622316763878816914e+01 4.797437617795470999e+01 3.038530306236144085e+01 5.010645919725271824e+01 5.036724080900705758e+01 6.804363583806406268e+01 7.813752208040983760e+01 8.323011310707667576e+01 8.154022917380038393e+01
4.804567899273937126e-02 2.004804567899238421e+01 3.190080471190796985e+01 3.897187252382425271e+01 4.725614385423088493e+01 5.331997597902321218e+01 6.160595333603053803e+01 6.389806499429867159e+01 7.025257056478299944e+01 6.196688190991097400e+01 7.025257056478299944e+01 6.874786094889078925e+01 4.874033691255916523e+01 6.874786094889078925e+01 6.623044708193626207e+01 4.617213945479829817e+01 4.985290748518156789e+01 3.633277415691814838e+01 4.631897852481706934e+01 6.638763999655404291e+01 7.920458391291950306e+01 6.630292300570978625e+01 5.164013927275781413e+01 3.144759359415875011e+01 4.624345443731710503e+01 5.437222392574279439e+01 5.090781198810564234e+01 3.207612290601552019e+01 4.587108103490356825e+01 2.823730300712653829e+01 4.797295974720718448e+01 5.836090018408464886e+01 6.996677597911059365e+01 7.156472179559276015e+01 6.324638399471205474e+01 6.329175504760640081e+01 6.753496091386867306e+01
9.707512844716031930e-02 5.870577820343442887e+00 1.190080471189876832e+01 1.897187252376436817e+01 3.051887790755708707e+01 5.051887790778219056e+01 6.815023247733104483e+01 5.986397688659126004e+01 6.024793523578303223e+01 4.195518862704551566e+01 6.024793523578303223e+01 6.167442763700210406e+01 4.165748504467146773e+01 6.167442763700210406e+01 5.263643419654820121e+01 4.430535358651519573e+01 2.985241856313122710e+01 4.398133223582268414e+01 6.402814352076633497e+01 7.475878925954398824e+01 6.530798231089568162e+01 5.141138043082008835e+01 5.994851481683752326e+01 4.624345443731710503e+01 2.611367356363926007e+01 4.131868991317877970e+01 3.882080159644185358e+01 4.386933015278265202e+01 2.610940666853725745e+01 4.587107713528934738e+01 5.622255180342242653e+01 7.338936101299854897e+01 6.128332986091022860e+01 5.301467948233410965e+01 4.338834428716183567e+01 5.582136568966578238e+01 5.725686668195525186e+01
5.001202446392439237e-03 2.000500120244603863e+01 3.190080471190796985e+01 3.897187252382425271e+01 4.725614385423088493e+01 5.880314933904151786e+01 5.660261725049482351e+01 3.986446742558902656e+01 5.196103526847823417e+01 3.197419741788105796e+01 5.196103526847823417e+01 5.563927307013079115e+01 3.559278976912060699e+01 4.742648445392370604e+01 3.914190609119143005e+01 2.430867575578900741e+01 4.430535358651519573e+01 5.497864797350688093e+01 5.840137811446943061e+01 6.658745134067729055e+01 5.712582009714168407e+01 3.773589102525328087e+01 4.487394230106470161e+01 3.922850378152355688e+01 2.519435438433125896e+01 2.130639341808896603e+01 2.248116487113969342e+01 2.407953911117758139e+01 4.388207715740515624e+01 4.627440500513849031e+01 5.453297071244391958e+01 5.933441645767831574e+01 4.523142770582950334e+01 3.324898047138441370e+01 3.462584342352560896e+01 3.602394345439013534e+01 3.743173312949033971e+01
5.279685921607564503e-02 1.419493248294715038e+01 3.419493248294785559e+01 5.110879026132868574e+01 4.903558610619305824e+01 4.322548779479112113e+01 4.831725471562111096e+01 2.841693274684424964e+01 3.682779846998759865e+01 2.543259967046834547e+01 4.529875598494586342e+01 5.007951865560589511e+01 3.001246982615440828e+01 3.913562216265533777e+01 1.914637789264906687e+01 3.914190609105250473e+01 4.307257040525324499e+01 3.512116263012216422e+01 3.649912026756357619e+01 5.556766470135483615e+01 5.486530596610183608e+01 4.333994261685804616e+01 2.546133946868981823e+01 1.922818568354967894e+01 2.008497400106714181e+01 4.008998484467115730e+01 2.341576423883865488e+01 2.312147929321748308e+01 2.487325315828869776e+01 2.641778970417478334e+01 4.628477539441646371e+01 4.914676810212937141e+01 3.130645667912672891e+01 5.106656509507303099e+01 4.855456501029028971e+01 5.122106857102991029e+01 4.972206548161058492e+01
5.738623160518319517e-05 1.414219300996268025e+01 3.414219301050083999e+01 3.105375164157607770e+01 2.875981876507482582e+01 2.276794246498682739e+01 3.711375188646058376e+01 3.682779846998531781e+01 1.699966174689036080e+01 3.682779846998759865e+01 4.612679223466282252e+01 3.786358356225744615e+01 2.465749767678927640e+01 3.576063185704727232e+01 1.576659649343731751e+01 3.112483942361344447e+01 2.050335828256427462e+01 2.121767208524008552e+01 3.412067600695795022e+01 5.195233420156070991e+01 4.599195364778130113e+01 2.468363429494802830e+01 1.801745497067357604e+01 3.801631864249418413e+01 2.891967785029658344e+01 4.674560954340556407e+01 4.656173954719506725e+01 3.556465369066165039e+01 3.612805209602971246e+01 3.992161033370958734e+01 2.817479946944919789e+01 2.938006046955663919e+01 4.914676810079836855e+01 5.934240249808046741e+01 6.852323884098616702e+01 7.148508897221525160e+01 6.860442070843959073e+01
4.532054705376769438e-02 2.004532054705341082e+01 3.688844881916790541e+01 1.688036676220004040e+01 2.272814873736633956e+01 5.775869101413181106e+00 2.875981876497205292e+01 3.249816458813995013e+01 1.180153624221247100e+01 3.249815850157562380e+01 3.785388093360562323e+01 1.864074402311752365e+01 1.798934828991157531e+01 2.943224376817141774e+01 2.814898944873539932e+01 1.111759228545377098e+01 1.186583012512846658e+01 3.017659521562063674e+01 3.362206890422412897e+01 3.445545211847402811e+01 3.521701144974083775e+01 3.598009770700863186e+01 1.717043369106121986e+01 3.716863384581327523e+01 4.801971045413499439e+01 5.676945577466614878e+01 6.374522136540016248e+01 5.546851928473920879e+01 5.561603440476793736e+01 4.159175622704138675e+01 4.795432558305661530e+01 3.817580808391834779e+01 3.314300488786958709e+01 5.291648043441843186e+01 6.232798914878233631e+01 6.835880522022779360e+01 7.544816770372727888e+01
9.001595176218035732e-02 2.009001595121173267e+01 2.126416166113401118e+01 2.114943166222171556e+01 2.729135398851419758e+00 3.338731095512271985e+00 2.333754041798960799e+01 2.481678560542446732e+01 6.714605763739068145e+00 2.827006932512422210e+01 4.600398652482547845e+01 3.181620530054178531e+01 1.284221863972013722e+01 9.433251835897419113e+00 1.008733148436270177e+01 3.008775777625916348e+01 3.186911273003351752e+01 1.293474545508401441e+01 1.369174114826101096e+01 1.445040313288435918e+01 1.521126740436601210e+01 1.597433447121137995e+01 1.775119127033521593e+01 3.753632698755735930e+01 4.196954258694191964e+01 5.027325764622898419e+01 5.736947869147378043e+01 6.567205050446814596e+01 6.900323678756686263e+01 5.502022922766504820e+01 5.793686875158432059e+01 5.214104509899244277e+01 5.291655013774302319e+01 3.698214298687052093e+01 4.241067480969954318e+01 4.835685363918634749e+01 5.539642255823927997e+01
5.674351268809080251e-02 6.603151529715473034e-01 1.264161831610715270e+00 1.869286321164514986e+00 2.186909186216071177e+01 1.668482678408862085e+01 4.204639294725161847e+00 4.818432763455238188e+00 5.442215699900001091e+00 2.542265682048619979e+01 2.695626601608115180e+01 2.759740223299690953e+01 8.521238475403659862e+00 2.812289790160385650e+01 2.904217491749430735e+01 1.222475877577192982e+01 3.273341885032104415e+01 3.349933838376215078e+01 3.370093771454027376e+01 2.859317432852200724e+01 3.216541146086356662e+01 2.822589058295906739e+01 3.751254405972483141e+01 2.020444463676902558e+01 2.196487749754739127e+01 4.196955316344963194e+01 3.732531295378159086e+01 5.150049340682907228e+01 7.153838988389216524e+01 7.469888698973724672e+01 7.770313409815149441e+01 7.192922734156694275e+01 6.002866406369734875e+01 4.015000999176313456e+01 6.002866406369734875e+01 6.835880522022779360e+01 7.544816770372727888e+01
9.518805923843161321e-02 2.009516972721001693e+01 2.124959143392310068e+01 3.958846735616671886e+00 2.734998262720685602e+01 2.017421646029901083e+01 1.834532388362871558e+01 2.481668086642577009e+01 7.412061710407471082e+00 6.348897432581988909e+00 6.987120018192782389e+00 7.622010312906375873e+00 2.759743107520273853e+01 2.259672900880401514e+01 3.284514212125066024e+01 1.374511688481726601e+01 3.372021700824733870e+01 3.748672906658653403e+01 4.574829798464111974e+01 4.861003334776150808e+01 5.231753213127826285e+01 4.621395327421018351e+01 3.415580806994984897e+01 3.422409172462970872e+01 4.196955316419830240e+01 2.459142217433660349e+01 4.469214715563347085e+01 5.905498646291646025e+01 6.662776236003350050e+01 7.492159547913385609e+01 8.648788865568010920e+01 7.497003830846961137e+01 5.492911537198551741e+01 4.345781820295252373e+01 6.339940803927179047e+01 7.429048743874812999e+01 8.027981183810929622e+01
9.062254805971975413e-02 2.009059255381778897e+01 3.562859099569811860e+01 2.138845284616975562e+01 2.735045714731151278e+01 3.419109221551561006e+01 3.834972603822364334e+01 3.012885693585213787e+01 9.892783468876883646e+00 2.631651959699298970e+01 2.695640673452300007e+01 1.821971898325553596e+01 3.474291132496383483e+01 3.401885313982402437e+01 4.065652216834192245e+01 2.961579268929578035e+01 1.592698201307276484e+01 1.751267291343059540e+01 3.748672979576314646e+01 4.802197725456230160e+01 5.773704951225661830e+01 6.234580890943456666e+01 4.820770305079800266e+01 5.427184817970413633e+01 4.668343183482947012e+01 2.657630426484914565e+01 3.269042427602600043e+01 3.903200424144622360e+01 4.659202135333817552e+01 5.815642308144346373e+01 7.819982981210317519e+01 8.327390419678235389e+01 6.981895915311226020e+01 4.730977815455375435e+01 5.003857237297588512e+01 5.482905260459144614e+01 6.041547005770760848e+01
3.063233560239582431e-02 2.003063233560203926e+01 3.834106428174158765e+01 4.174400879125278863e+01 4.755606378166032755e+01 5.432700707734710477e+01 4.280007021667713474e+01 2.276738190244813964e+01 3.013028245104575120e+01 1.421993916397839541e+01 3.432180640484385492e+01 3.626575258222719356e+01 4.444630589873123228e+01 4.783152636844120309e+01 4.653553302415568282e+01 2.673426921107622078e+01 3.590368396163569287e+01 3.748672992460384279e+01 1.979066879240029664e+01 2.890741539297091123e+01 4.347062540113331153e+01 6.370723415914117282e+01 6.816974955458576346e+01 5.996499163443780134e+01 4.032841378232112106e+01 2.874554694970612800e+01 4.881110461906581577e+01 5.905500658239282075e+01 6.662776287620624771e+01 6.956657404216720408e+01 7.748079670582851008e+01 8.591312315286521084e+01 8.305311762348740956e+01 7.181853690648731003e+01 5.440487410873829788e+01 7.421761434566363391e+01 8.027981183810929622e+01
5.666595628964066211e-02 1.005666595630545679e+01 2.419880166824466627e+01 4.419883244290743818e+01 5.048405576915930482e+01 5.876832599806547108e+01 5.108204341346581145e+01 3.694462389180269923e+01 4.139525279550149861e+01 2.138852515872784821e+01 1.902484292135638455e+01 3.903923710417466708e+01 5.224168400038121973e+01 6.697623253101721730e+01 5.479736572370018166e+01 3.820214893953588842e+01 5.444398632583585140e+01 4.140415270098736755e+01 2.143900402130079286e+01 3.982189980516834282e+01 5.642316256219096715e+01 6.606225983513459710e+01 7.762674345624471073e+01 6.800684090027971251e+01 4.874828042643988368e+01 4.881119388615717014e+01 3.194125713693141932e+01 5.195624831363107887e+01 6.002270127397264332e+01 4.932083041845783811e+01 5.686432636678649288e+01 6.888085974537125367e+01 8.932029028229578671e+01 8.285708882365055672e+01 6.333707796561775893e+01 6.861101022181676967e+01 8.879549495226336830e+01
2.110006612196471329e-02 2.002110006612160831e+01 2.915412415807990598e+01 3.415412415733879925e+01 3.048405577740673422e+01 4.754974728451095700e+01 5.583401694643416135e+01 5.693639707799948013e+01 4.967599937424888878e+01 3.034568546229280983e+01 3.903923710417466708e+01 2.396797404411940846e+01 4.396123649974178704e+01 5.826847901777541239e+01 6.624637177532676446e+01 5.797597387276744030e+01 4.863308282615452072e+01 2.963483081552260501e+01 2.310424846596609783e+01 3.712538929886081718e+01 3.797923570299793994e+01 4.929965944575143766e+01 6.929562272530770883e+01 7.684887782447984250e+01 6.352127295693880882e+01 4.349006268394369812e+01 5.195624831363107887e+01 3.528160258959873374e+01 4.057582883302892185e+01 5.405886815016038582e+01 7.442066808400188904e+01 8.591312315286521084e+01 9.766364673697144383e+01 9.188461161483222384e+01 7.507377118034415275e+01 8.879549495226336830e+01 9.710316742548441482e+01
9.367352646185668485e-02 4.565809481461417185e+00 9.154124158872612327e+00 1.415412415887256969e+01 2.047867947920921594e+01 2.754974729107456710e+01 3.909675267486667138e+01 5.909675265056895910e+01 5.861579201563412767e+01 4.188713530499612148e+01 5.102770644205730122e+01 3.104071269697508129e+01 3.000024553042259967e+01 4.413373836956113649e+01 6.412034042350539664e+01 6.337978837409482935e+01 4.252479738787511110e+01 4.863308282615452072e+01 4.307911709938931466e+01 2.554769234959162461e+01 3.969245858437939489e+01 5.961244051374426789e+01 7.178133732206370610e+01 8.005625236637888520e+01 7.182632948224014058e+01 5.504851550330501908e+01 6.359488454359169651e+01 5.529118031799004029e+01 3.904545247838963462e+01 5.317630901285352962e+01 7.323087087143014173e+01 9.129895651192289563e+01 9.129895651192289563e+01 9.952766533140197680e+01 9.518182867276884451e+01 1.034823759440983935e+02 1.104130471259827146e+02
3.648181865326004941e-02 2.003648181865290567e+01 2.915412415807990598e+01 3.415412415733879925e+01 4.047867947593497462e+01 4.754974728451095700e+01 5.583401694643416135e+01 6.738101911276903877e+01 7.015685796608313751e+01 6.187391070732726206e+01 5.930845732407716753e+01 3.998036977296899863e+01 3.516296852344360246e+01 4.631989809159741611e+01 6.630741182490714891e+01 7.193054308985347234e+01 6.337978837409482935e+01 5.435256377689824347e+01 3.442188234086804499e+01 2.733172073317465589e+01 4.730637435145173697e+01 5.771434600554641037e+01 5.188760742046041941e+01 7.178133732206370610e+01 8.340130892757237291e+01 7.509527487870647633e+01 7.182994783214688539e+01 5.177009336701500075e+01 4.178069094105217118e+01 6.180002060022112431e+01 7.438508875089502226e+01 7.150041131845939901e+01 7.150041131845939901e+01 9.129895651192289563e+01 1.091900707394118228e+02 1.092252214675247330e+02 9.893254825448831014e+01
