LEM/with_lateral_4open/elevation_000566.asc
nrows	100
cellsize	150.0
xllcorner	0
ncols	100
yllcorner	0
NODATA_value	-9999
[rows 17 to 33 of 100, columns 0 to 36 of 100]
5.222468517465790605e-02 2.005222468517430201e+01 2.896238213627024294e+01 4.896574932751699549e+01 5.720033021276582019e+01 6.548420746327526842e+01 6.686701271390771240e+01 4.679124933095839367e+01 4.981111398309408145e+01 3.562254237875703211e+01 2.598785031615846464e+01 4.604273474629200535e+01 4.936600274412950995e+01 5.156368425494093088e+01 7.114589399107748591e+01 8.011997532455383464e+01 7.838296882090358508e+01 8.059046505011478700e+01 8.893209056858569284e+01 9.373953683831233263e+01 9.301221303799152906e+01 7.297504740365963016e+01 5.880503683689853034e+01 6.813262900223182328e+01 5.499265265722014107e+01 4.090336208825949171e+01 3.096076686208305873e+01 2.956166925210314034e+01 3.162333416913532957e+01 5.163047686721832719e+01 4.719066760546002115e+01 6.128127535800286552e+01 8.127491127727826381e+01 7.505621144287052005e+01 5.466410308039434085e+01 4.440924826888244326e+01 3.719722349783053517e+01
7.333276091007127906e-02 1.421546838464114693e+01 3.421546838464185214e+01 4.528373122974684861e+01 5.356905309759279987e+01 5.812062878948381694e+01 5.012214055540152202e+01 5.047522055221553927e+01 3.040869546795225986e+01 2.145847130932691016e+01 4.150119773384649591e+01 5.435321033818223668e+01 6.944871408498990206e+01 7.164183034585005316e+01 7.993870709606738956e+01 7.242542586735874011e+01 5.812359106291528832e+01 6.034170954508980600e+01 7.917821078315323291e+01 9.084614608744202258e+01 9.888361710653742875e+01 7.884379734219730551e+01 6.813262930419351449e+01 4.811567450867143236e+01 4.183833753380728382e+01 3.586765189227735817e+01 5.088035119914687243e+01 3.276012576268369259e+01 5.163047482040094849e+01 3.721268750548674120e+01 5.716397132859568586e+01 6.713727573818371752e+01 8.714153730123486241e+01 8.344361146947420593e+01 7.326851869890745661e+01 5.762966904653119826e+01 4.798673467316073271e+01
6.343274376862209629e-02 1.420556836749969776e+01 3.420556836750040475e+01 2.528265534097600664e+01 4.202117956967248347e+01 4.220597705698780544e+01 3.100902984785333771e+01 4.295936816317126983e+01 3.829538461202784561e+01 1.860132397147984307e+01 3.276096789235600681e+01 5.282624366910688707e+01 5.920005185823295335e+01 6.211986597023126677e+01 6.526517850702556700e+01 5.688984103157033445e+01 4.378443533836940560e+01 5.052857109625403353e+01 6.226565824012890005e+01 8.250983138205776868e+01 9.622935491063498148e+01 8.465961414165994370e+01 6.781307678814947337e+01 4.779746277966334844e+01 4.229361250448435783e+01 4.992497434312572580e+01 5.594807594068952739e+01 3.600359685208245963e+01 5.594807528736448177e+01 4.221777838072563327e+01 6.214603448125100726e+01 7.736199779150658173e+01 8.566113629406946472e+01 9.722396773396221192e+01 8.639111350399193157e+01 7.679702770635711317e+01 6.839286892084616909e+01
3.497053469895897854e-02 2.003497053469860489e+01 2.321525483084644392e+01 1.373558616087090201e+01 2.640862676094712569e+01 2.220560055652314091e+01 1.970118836623208480e+01 2.526790766550124090e+01 3.180386538477187841e+01 1.585411228366160685e+01 3.620980004873936053e+01 4.217070211146363334e+01 3.898907784028386914e+01 4.189080040878899780e+01 5.092732797756205088e+01 3.666997549602600515e+01 4.832154329052897879e+01 6.859435341167883848e+01 6.489687401481855034e+01 8.512601615142402522e+01 8.792604150522649320e+01 6.788939357037014588e+01 5.631854363732784918e+01 5.858603116092549357e+01 5.639524884092750057e+01 6.992629950903086922e+01 5.926608883052250576e+01 3.935801149158460532e+01 5.926608883052250576e+01 5.629280234258673943e+01 5.033615498465791660e+01 5.737067191181400716e+01 6.890093072441439404e+01 8.892003034827828856e+01 8.589123598754585487e+01 8.250986689905947458e+01 6.261877720706693395e+01
9.635555453094322986e-02 1.653353442853990884e+00 3.215091061740054990e+00 4.791311874218262545e+00 6.408216041127155371e+00 8.063427818331906138e+00 9.741790534925298672e+00 1.148256709448234858e+01 1.325033404745159160e+01 3.200121516534625243e+01 1.941760052072243425e+01 2.206667888308166070e+01 2.478838409173479462e+01 2.767532107287767928e+01 3.076204029196786394e+01 5.092732797756205088e+01 6.526517757890277949e+01 7.695455488727736792e+01 8.512601615142402522e+01 9.345954755148800075e+01 9.052617962420845288e+01 7.048917450023816400e+01 7.048917450023816400e+01 7.274747069403997557e+01 7.642471712958337093e+01 7.953891468757379357e+01 6.273099613641078776e+01 4.282661905335365304e+01 6.273099613641078776e+01 7.621502774620371667e+01 6.184010954459606069e+01 7.736199779150658173e+01 8.566113629406946472e+01 8.418422422027616392e+01 6.597176931029169111e+01 6.597176931029169111e+01 5.897616863237619356e+01
8.845047570523793812e-02 2.008845047570488163e+01 2.321525483084643682e+01 1.888889699168764480e+01 1.535185161632837314e+01 2.789529442187658148e+01 1.868606631222860770e+01 3.191973683727801969e+01 3.342712948065624801e+01 2.481529638111453906e+01 2.836945417724767182e+01 4.217070211145589553e+01 3.636981442847419999e+01 3.926797888033968320e+01 5.092732797756205088e+01 3.808415186696041843e+01 5.237897007883287159e+01 7.264363483779465014e+01 8.585981635440035120e+01 9.750763682377153430e+01 9.883005378308166655e+01 9.052617962420845288e+01 9.052617962420845288e+01 9.278658742621996680e+01 8.539450776125696052e+01 6.538196491228821117e+01 5.127990482058019950e+01 4.736681346777344714e+01 6.730516848481771319e+01 8.376485801641844375e+01 8.184105079476057654e+01 9.013948667930435477e+01 9.001703090711438904e+01 7.008720434824982704e+01 5.601902322111389765e+01 4.618522865824814971e+01 3.929554772112015115e+01
8.023991185656004221e-02 1.008000061358263189e+01 2.420639430939023740e+01 3.850059328157931304e+01 2.948091219816408781e+01 3.519570617952000191e+01 3.023313210594255551e+01 4.696906657948209585e+01 4.128537323663915970e+01 3.906591140726324340e+01 3.997300335712719033e+01 5.688931793074384302e+01 5.064346352477836177e+01 5.356101789677489222e+01 6.668819986269568290e+01 4.974616256214491727e+01 4.817639840866586098e+01 5.725013351855436383e+01 6.897642005826689626e+01 8.917905120791196794e+01 1.031730119149991936e+02 9.458563745300226344e+01 1.000133635153588898e+02 9.695817344520997949e+01 7.692931696320908941e+01 6.278675676069065048e+01 7.124350300396471880e+01 5.625269987423035900e+01 5.547488278188706801e+01 6.960267682434285064e+01 8.962424482623235633e+01 9.616037879961237422e+01 8.619179159179967087e+01 7.793235156891545046e+01 7.128535644341940269e+01 5.855425646784259897e+01 3.887991953113647270e+01
4.598823041778624804e-02 2.004598823041743216e+01 3.827979511399721702e+01 5.208354256223984180e+01 4.960110484467550407e+01 5.470370518025288931e+01 5.023319308536515848e+01 5.851515259395372226e+01 5.563220003264453339e+01 5.935751518922073444e+01 6.019309139875853276e+01 6.855984865416101570e+01 7.088856889145742457e+01 7.381146986570419699e+01 7.837647664071560882e+01 7.001871872747706504e+01 6.845230752785553818e+01 7.681264026477055040e+01 8.181078199809343232e+01 8.787769511470160921e+01 9.119301021683992303e+01 7.382812063683309134e+01 7.920919336211626671e+01 9.389334229579154112e+01 9.109619434613206579e+01 7.692931696320898993e+01 8.454508258913321583e+01 6.778545784835225163e+01 7.546685832210854983e+01 6.614886500068284647e+01 8.616700335888354800e+01 8.789974679219368170e+01 6.796495634563717658e+01 5.799136619242730006e+01 5.140849672555984995e+01 4.576780078947943764e+01 4.864637165091563276e+01
7.340434288523949025e-02 2.007340434288488495e+01 2.910129782054788095e+01 3.410667373249612666e+01 4.014837825189778187e+01 4.683589773557665836e+01 5.518323038972933148e+01 6.536771786351043545e+01 7.593326676704117517e+01 7.907766284482030983e+01 7.085993280762637880e+01 7.907766284482030983e+01 8.798972345132366968e+01 8.168261134351463681e+01 7.348506841458218730e+01 8.168261134351463681e+01 8.254293601383109547e+01 7.400128909165862012e+01 6.131733479510600660e+01 6.731972651097257199e+01 8.198625390513953448e+01 6.207869040973531582e+01 6.472705111743792372e+01 7.920919336211629513e+01 1.000133635171637678e+02 9.695817344114801983e+01 9.610751331637699479e+01 8.780521642243908786e+01 8.616700335888354800e+01 8.029971069630167335e+01 9.446877962188872857e+01 9.616037879961237422e+01 8.619179159179967087e+01 7.793235156891545046e+01 7.128535644341940269e+01 5.713375011958696348e+01 6.262867936121325840e+01
3.515918393995972474e-02 4.507295139836347886e+00 9.095609840532130619e+00 1.409561030660131742e+01 2.012584920006837663e+01 2.679264999834676786e+01 3.679632862580042740e+01 5.100331912140880775e+01 7.150237596179360366e+01 6.909001164450354793e+01 5.089731786424023596e+01 6.911440632884806234e+01 6.814660501274225624e+01 7.173434456081780297e+01 5.354466373112357047e+01 7.173434456081780297e+01 7.074440497904834046e+01 5.364255526422161324e+01 4.705468268319429370e+01 6.222293929744996177e+01 6.644478311830997086e+01 5.307760444673286315e+01 6.315071977402989489e+01 7.760600138809186888e+01 9.839813916888518008e+01 9.566545125869251365e+01 9.419188608744015312e+01 1.023471663708582895e+02 1.062045689864599893e+02 1.003319008793006333e+02 1.011112439484960674e+02 9.895889444495813336e+01 9.663593547485697854e+01 8.847583396209674333e+01 8.530066617504226656e+01 7.704066252510310164e+01 8.254536417620595046e+01
4.608085242692564615e-02 2.004608085242657012e+01 2.910129782054786673e+01 3.410667373249611956e+01 3.410667373249613377e+01 4.683589773557665836e+01 5.518323038972933148e+01 5.377666620330327873e+01 6.206823231774808391e+01 6.073313696471770839e+01 4.092947248310597530e+01 6.087862533593330028e+01 5.402899333136090831e+01 6.351486607285291086e+01 4.352906888405385644e+01 6.351486607285291086e+01 6.166734558526736976e+01 4.204022284364922513e+01 3.808466917613781533e+01 4.201718326193427799e+01 4.619740792432521914e+01 6.044464840046477860e+01 8.092779250234967492e+01 9.228774958751402835e+01 8.982679060748689892e+01 7.583506831743879673e+01 7.435075506011914115e+01 8.841037203325936389e+01 1.081496957280942155e+02 1.011112439484960674e+02 8.145164019300793257e+01 7.930182126304354995e+01 8.524621530562093596e+01 6.873693274714248957e+01 8.524612734910893153e+01 7.721451510558647158e+01 7.496042261089651504e+01
1.610643649003322755e-02 8.960378346489269674e+00 2.050738373028199035e+01 4.050738373028269734e+01 5.414546541393458767e+01 5.458822749360236770e+01 5.056081421446223345e+01 3.390964670175595330e+01 5.054306419029315833e+01 4.572504486905328491e+01 3.429976904427256557e+01 5.420745820771333712e+01 4.247190235179605367e+01 4.832399673022077025e+01 3.685080354269925351e+01 5.685293367658658070e+01 5.321034775416075036e+01 3.307213770446902856e+01 5.308599376750101584e+01 6.204789816360440113e+01 6.644478311830997086e+01 7.497487656786674393e+01 8.365932878072970880e+01 7.542084858074407805e+01 8.164258217532386652e+01 6.170428601048681116e+01 8.164325300740605940e+01 9.130139283929899818e+01 1.012005901589722185e+02 1.038986790780205496e+02 8.505924469974605984e+01 6.527836852518457533e+01 7.448592027734157739e+01 5.718207780612419810e+01 6.601089722816897165e+01 5.733393032511959575e+01 6.046374284708891622e+01
2.022278438842990689e-02 2.002022278438807490e+01 3.724464959395217534e+01 4.879165497774489069e+01 4.867111548265887677e+01 3.433955032209324543e+01 4.228963259538467412e+01 2.231983018657637174e+01 4.228691869341349729e+01 2.577781099730827918e+01 4.572503358402002505e+01 4.991077016055862714e+01 4.165222685526556035e+01 2.830868710535527555e+01 4.832399673022077025e+01 5.705864478340575374e+01 5.007247608052809795e+01 2.994560817496360627e+01 4.859221582946835127e+01 5.689694360620661229e+01 6.861372166998280875e+01 7.092095617173374933e+01 7.212235056401655697e+01 5.544508805474119839e+01 6.747836703347215348e+01 5.565817732875864010e+01 6.319940051201874098e+01 7.320143194679359055e+01 9.304918556938581276e+01 9.573147765783306795e+01 7.607088348340954553e+01 6.459141495055068560e+01 5.454915648057517075e+01 4.897869697304318493e+01 4.603235443903081148e+01 4.318442736648282931e+01 4.050011857824988226e+01
6.642187732006160639e-02 1.420855750767352355e+01 3.420856280703783625e+01 3.782517173374549913e+01 4.015545712248910348e+01 2.002250072721865592e+01 2.741757042276304901e+01 1.511328367070582246e+01 3.322207205876627256e+01 2.032811423307063592e+01 3.969831305000587918e+01 3.561394575982610888e+01 2.161137383487719887e+01 4.165175819620282027e+01 4.127145827203001005e+01 3.698629438961559401e+01 4.432333170437650693e+01 2.689856029786781022e+01 2.905191568677989977e+01 4.911227341811469671e+01 4.862540528652000660e+01 5.093985066217281599e+01 5.916768295852327242e+01 4.387272144076280966e+01 4.747237398716031720e+01 5.248460800053264563e+01 7.247632934468505539e+01 9.130139283929899818e+01 1.012005901589722185e+02 9.480335607209974569e+01 7.513932402590015158e+01 6.364918499259162132e+01 5.465978259164071318e+01 6.895645774342995082e+01 6.601089722816897165e+01 5.474315335530337734e+01 6.046374284708891622e+01
1.591255364720534082e-02 2.001591166492131180e+01 2.246649329577026322e+01 1.766225496717627763e+01 2.451751949438450140e+01 2.519033677360701162e+01 7.118593192761832000e+00 8.265329774881180924e+00 1.300638015230192401e+01 3.323726180217564519e+01 2.469769124822809303e+01 1.547684026993256623e+01 3.554829474755130292e+01 3.905758366496377931e+01 2.125071948512518105e+01 2.282733572611111228e+01 2.442123087176507923e+01 4.443327053056751197e+01 4.907883545726652841e+01 3.219610420802492712e+01 3.445074233876839287e+01 3.676682608955682952e+01 3.914756048302770353e+01 5.916672362445038402e+01 6.747551740568681566e+01 7.247581761136342493e+01 6.405562777549766906e+01 7.817305641343068601e+01 9.799654435887852344e+01 1.029686178370040466e+02 9.160735623148478624e+01 7.915424548511413150e+01 5.928088652963650418e+01 7.915424548511413150e+01 8.282758640897782243e+01 7.465010161099694130e+01 7.606448702822264352e+01
6.189296070378335485e-02 1.141791721346440136e+00 2.223272801369537977e+00 3.316034066314661910e+00 4.415581568071990759e+00 5.522565108904494480e+00 2.580332172183660333e+01 2.857223590829235960e+01 9.991009653953055292e+00 3.018778257955130329e+01 1.360257243624772450e+01 3.378902027353976223e+01 1.744046908298912868e+01 1.902040974767911408e+01 3.906759377916417009e+01 3.764353103087056240e+01 3.765863761733212556e+01 3.031616599324727801e+01 3.479167152449663547e+01 5.218611681094838417e+01 5.447984761072684989e+01 5.679218097031935741e+01 5.916819852935574175e+01 4.423948800123929459e+01 6.425116703026982634e+01 7.791612786593816509e+01 8.397922160588247209e+01 8.397922160588248630e+01 1.037802359864163435e+02 1.091237011128294938e+02 8.947055070537953725e+01 7.554201562684851012e+01 6.598379812418207280e+01 7.338726375136538138e+01 9.307697100068821783e+01 9.207235769923279634e+01 7.268174354138967885e+01
2.247884206357958492e-02 9.659680934093740845e+00 1.125939007346528875e+01 2.356697424525536988e+01 1.878653283702099230e+01 1.989975479406182046e+01 1.833292904610815199e+01 3.495784375823522083e+01 1.576149242251557681e+01 1.178210156916503593e+01 3.204316176205338706e+01 2.193037187543919231e+01 3.751876828634978267e+01 2.145797039391665351e+01 4.136547030327039209e+01 5.824974988674344445e+01 5.554778092824494706e+01 4.444695583868219302e+01 4.890055193472441175e+01 4.165670277432604962e+01 5.572991132140989379e+01 7.525279927122890911e+01 7.248617446681095089e+01 6.425117156906212301e+01 4.969509176011685980e+01 6.969426166630410080e+01 8.210752809399326679e+01 8.913855663080605041e+01 9.731964708965803368e+01 1.072099691678424449e+02 9.962059778606804628e+01 7.998971742992875988e+01 7.592360469299623560e+01 9.307697100068821783e+01 1.012402055594174755e+02 8.379059038447724106e+01 6.380076925856177184e+01
