LEM/with_lateral_4open/elevation_000028.asc
nrows	100
cellsize	150.0
xllcorner	0
ncols	100
yllcorner	0
NODATA_value	-9999
[rows 34 to 50 of 100, columns 0 to 36 of 100]
2.064481644892168788e-02 7.091712630198542477e+00 2.123386743113382380e+01 4.123432931001198654e+01 4.658587907079113677e+01 4.655660066954529697e+01 5.573254335081529121e+01 6.406884415373149011e+01 6.517736020781363493e+01 5.626962864448816504e+01 3.888178550711081982e+01 5.626962864448761792e+01 6.061279303761768489e+01 4.179616200359497924e+01 6.061279303761768489e+01 6.499729916114323203e+01 5.678521910091507152e+01 4.363794728029566272e+01 6.364892931263012343e+01 7.539826628016892585e+01 6.963735341309812554e+01 8.930634025550060073e+01 9.259383102712322966e+01 8.828680189399946698e+01 6.917346826877208343e+01 8.828680189399946698e+01 1.047004230310129884e+02 8.493344418754466574e+01 7.656704892110747096e+01 7.356712767770807204e+01 8.109395307634058270e+01 1.008500242170293291e+02 1.141440929243639602e+02 1.025144130176059321e+02 8.260488685249384844e+01 8.843625205604411121e+01 8.308627025249883502e+01
2.905961989428186565e-02 2.002905961989392836e+01 1.974083327246199104e+01 3.128789575140725532e+01 5.128908287254449760e+01 6.622926083945192488e+01 6.417496923767535577e+01 7.228495440656594440e+01 5.709100651567584350e+01 3.861403951500321341e+01 3.055586832166826028e+01 4.826613880203663598e+01 4.727709131431532086e+01 3.639591803206619147e+01 5.470397043520475933e+01 5.678521902149393696e+01 3.651972958245001877e+01 4.124331472567009627e+01 4.807302696238082262e+01 5.567504698254576567e+01 7.539826628016892585e+01 8.666207746363957654e+01 7.272294934204983008e+01 8.009734278538321917e+01 6.029836971749911356e+01 8.009734278538321917e+01 9.344705489150774724e+01 1.045416922200883789e+02 9.636215265959971532e+01 8.504124949163902158e+01 1.008500242170293291e+02 9.723396314237926674e+01 1.169396508779623503e+02 1.107466714225784585e+02 1.025144130176059321e+02 9.768335767074813702e+01 8.353126346114952128e+01
3.542675937824442400e-02 2.003542675937788786e+01 3.726282476871102034e+01 4.802713858399981461e+01 5.957526653120765303e+01 6.048895192593790426e+01 4.339088364233375472e+01 5.522557522025766730e+01 5.374549712565168846e+01 4.186851679710752450e+01 2.486929963122732090e+01 4.112596454756921105e+01 2.979370478558189461e+01 4.178187784567312235e+01 6.041835104308891857e+01 5.236292609059876213e+01 3.184941271299148013e+01 5.236292609058860137e+01 6.785554035049540289e+01 6.943024369136361429e+01 6.995086416609616720e+01 7.608062443362595673e+01 5.871992483956466202e+01 6.637801396981694779e+01 5.410343489253144611e+01 6.547717411434820178e+01 8.525521498336169657e+01 9.894313130775276477e+01 1.103464668711691985e+02 1.047778803229730187e+02 1.129593016705429278e+02 1.169396508779623503e+02 1.111950126392488869e+02 1.022908575273690559e+02 9.405825824749940978e+01 8.773112907398872551e+01 6.937916963419965555e+01
3.411803931810562102e-02 8.978389949317341134e+00 2.312052559560220644e+01 4.312054811563664458e+01 4.549557573685441270e+01 3.884862025869011148e+01 2.982093328267275822e+01 3.678222256449247851e+01 4.171513326429980850e+01 2.828810607162004231e+01 1.998798292769246743e+01 2.409184086178785122e+01 4.110805814308359629e+01 4.278128820996999337e+01 4.230325604938582273e+01 4.398601263630465041e+01 2.814257359404092540e+01 4.831834768866469432e+01 6.114237811434148284e+01 4.804859093690882332e+01 4.996483274319469103e+01 5.804632918349673787e+01 4.896601919721292262e+01 4.695484237669116112e+01 5.410343489253144611e+01 6.212478745946446423e+01 7.099712401357193414e+01 8.241411337506615098e+01 1.021366082046055652e+02 1.032660058639865071e+02 1.114984666926589085e+02 1.170133176153679102e+02 9.715894565395812776e+01 8.303760184627729757e+01 7.405011900910712086e+01 6.767171126135082204e+01 6.224398859536960060e+01
3.327314952832965272e-02 2.003327314952797522e+01 3.726265582849222113e+01 4.314147591454141661e+01 2.871204125123590956e+01 1.407798220396372813e+01 3.478712095538592308e+01 2.484016821829516886e+01 3.078985286792540421e+01 1.524355486940810067e+01 3.408248936217319880e+01 2.900982700576831874e+01 3.701724603020507232e+01 1.980520976390678456e+01 2.143776601170019802e+01 2.310452318093064861e+01 2.506576736366431035e+01 4.583794522440021524e+01 5.070327577440698974e+01 3.322665659954857631e+01 3.549603395533151939e+01 3.778627617145969708e+01 4.162980629248522035e+01 6.065193975940020010e+01 6.844533965791698904e+01 7.246560653653313011e+01 7.704553494540881786e+01 8.186161422612185845e+01 8.714865533140529408e+01 8.352636345878727298e+01 1.028146787990888527e+02 1.142306770321890923e+02 1.111950126392488869e+02 1.022908575273690559e+02 9.405825824749940978e+01 8.188736137776294299e+01 8.237002415734298211e+01
6.779948344387334846e-02 1.422984942115441775e+01 3.447821407119432280e+01 3.068695326413467583e+01 1.795954601141569995e+01 6.404075081247477819e+00 2.640707243191602416e+01 2.914986808021497922e+01 1.082671813061812571e+01 1.200318493390455465e+01 3.239890124913651448e+01 1.597642795579854713e+01 1.752934417462122951e+01 2.650007532158169354e+01 4.148510621155412537e+01 4.398601263288401952e+01 4.593294193437693451e+01 2.794284245491179064e+01 3.006012851568525335e+01 5.056621094757280588e+01 4.659623285371465329e+01 5.806623193803979177e+01 4.160697600521434225e+01 4.446588869014993151e+01 4.826257613317929440e+01 5.236428588672760043e+01 5.708208984246837758e+01 6.200441065039320421e+01 6.736635892564412131e+01 7.487978863363193227e+01 8.626730645657927710e+01 1.059910187299941668e+02 1.129611220102462852e+02 1.151393711753468807e+02 1.100647114646489939e+02 9.989947623380265895e+01 7.992207264449196202e+01
9.516927588586144779e-03 2.000446853693389215e+01 2.215834688899207094e+01 2.304562266865849907e+01 4.812960512830213311e+00 2.461736756428228290e+01 8.026288930655816500e+00 9.177158728852315761e+00 2.914891127273069316e+01 3.239890124913648606e+01 1.380018972078006811e+01 3.480472041676650008e+01 3.853358192398739135e+01 4.383107835829307675e+01 3.936362751548678318e+01 5.703685544148785169e+01 5.714538599774203220e+01 3.857324707509582851e+01 5.071665999120385493e+01 4.131950525385819617e+01 6.135366185275089634e+01 5.228801140917608592e+01 6.893855150476701965e+01 6.456117227872704234e+01 5.179817884732062083e+01 7.190207154952906876e+01 6.665335743289344350e+01 8.186161422612185845e+01 8.136958338610354247e+01 9.460352813951931239e+01 1.028146787990888527e+02 1.071661102833952839e+02 9.310432532316336562e+01 9.527508131298048966e+01 1.151393711753468807e+02 1.081394410684424514e+02 9.026991277360852450e+01
1.945935296826603253e-02 1.088504320617962540e+00 2.159079775762339004e+00 3.234286436903277551e+00 7.598643139144591885e+00 2.758184434318051004e+01 2.800492517283296934e+01 2.066986705141658831e+01 2.906577764762901595e+01 4.333237968736420953e+01 3.480472041676650008e+01 1.711399055603190789e+01 3.828463058794024931e+01 5.052763767234984726e+01 5.729313468144584220e+01 6.523687744281394885e+01 6.767305040333991428e+01 5.916974307604424155e+01 6.731590659913982222e+01 5.150194382437670981e+01 6.942988775246348609e+01 6.137949783933212444e+01 8.041446667852905250e+01 7.744243871415669389e+01 5.746636417550706000e+01 7.744243871415669389e+01 8.070787359331710320e+01 9.470607837663105499e+01 1.011005691996826243e+02 1.006168390373209860e+02 9.827920774652064040e+01 9.003993075130885870e+01 7.906325692294306862e+01 9.310432532316336562e+01 1.129611220102462852e+02 1.184439363965286276e+02 1.084953552396839456e+02
5.600688922766024203e-02 2.005600688517105112e+01 2.215860960415560399e+01 1.736398579348034943e+01 2.759031421855155131e+01 1.426526135062947986e+01 3.427696193538203318e+01 4.003754275549938058e+01 4.801475995409863629e+01 5.700077949218569984e+01 4.536207933932060143e+01 2.412972516014771429e+01 2.077883358608116637e+01 4.207993705350199320e+01 5.439470367980518262e+01 6.508518010481327565e+01 7.330221284226465173e+01 7.765230219378629783e+01 7.923500587114820348e+01 7.122029648426308768e+01 7.923500587204519263e+01 7.293886499950941982e+01 8.921766951861712869e+01 8.371914376710553540e+01 6.387045959872423850e+01 8.371914376710554961e+01 1.004752945686762615e+02 1.018383447716913679e+02 9.359657499483388676e+01 8.075255027001358599e+01 8.277969141299378464e+01 7.015694645890351921e+01 9.003993075130885870e+01 1.071661102833952839e+02 1.035156421902972710e+02 1.020459633653056812e+02 1.102465637829706395e+02
8.215197286175310309e-02 1.422495727789251596e+01 3.424141347048038142e+01 3.718158723269346666e+01 4.248118086618081435e+01 2.581292095045578705e+01 2.243008369460527263e+01 3.657857736870627718e+01 5.662520591672643633e+01 5.732176788166103165e+01 3.660697968362796928e+01 4.536203407603755267e+01 4.207958504861835536e+01 2.469159450179860826e+01 4.600384267249278025e+01 4.482055721931462244e+01 5.837114725793062320e+01 5.777246255768831418e+01 6.937039788097280280e+01 7.599072519633929801e+01 8.417258660555582139e+01 9.247454930275715412e+01 1.004483833613039394e+02 9.192167021920019465e+01 7.279760344278579964e+01 9.192167021945677163e+01 1.050582636156357808e+02 8.520603658387300072e+01 7.372430270087005511e+01 6.667746267319411402e+01 6.287527492463386380e+01 8.277969141299378464e+01 9.827920773478953720e+01 9.778030787848675232e+01 8.383953086508091701e+01 8.237116839523383760e+01 9.627969734084470588e+01
2.613274238814250472e-02 1.416826836611921792e+01 3.416826836612208496e+01 4.990660656048127919e+01 5.415194703161373724e+01 4.583905683431879652e+01 3.243142999945361993e+01 3.508325681876755908e+01 5.512666041694372154e+01 6.560151228741626994e+01 4.878155627052760224e+01 6.055551041669983192e+01 3.997641269063959868e+01 4.600384267183489584e+01 2.904223551765497646e+01 3.244588801992412641e+01 3.781436253678459991e+01 4.336272385739596302e+01 4.936429271064252333e+01 5.612974325030879896e+01 6.611736290905621161e+01 8.009526913693005667e+01 9.979124697623230134e+01 1.007660786899699872e+02 8.677039283524389646e+01 1.007660787139504208e+02 1.133129400702291036e+02 1.018383447716913679e+02 9.359657499483388676e+01 7.808817545483314859e+01 5.816730672966992444e+01 7.808817545483314859e+01 8.636235576897648514e+01 8.960253044454910309e+01 6.987883109665926895e+01 8.960253044485538965e+01 1.032167228287305107e+02
7.532853315450405152e-02 1.007532853315459143e+01 2.162233391694731210e+01 4.162233392069304472e+01 5.886189400452137477e+01 6.078582115451607137e+01 4.659067679271588247e+01 4.924713636409160955e+01 6.344461497996866228e+01 7.720556543828071483e+01 6.898791389616422975e+01 6.881572303065669871e+01 6.055559923520053189e+01 4.646738479253527743e+01 3.993972011057299198e+01 5.338539462684433801e+01 3.922627430608616095e+01 5.970538557199753171e+01 6.937039788097280280e+01 7.599072519633929801e+01 8.417258660555582139e+01 9.404731645929288675e+01 1.019255437722837314e+02 1.101355170184905461e+02 1.065197836971193084e+02 1.047676545042623104e+02 9.635387228055651576e+01 8.810803075716292199e+01 8.863205224907186164e+01 6.874054150537739361e+01 5.462621324488017649e+01 6.986662878484202110e+01 6.656880529996765006e+01 7.666808458420842953e+01 6.389254637725027663e+01 7.532920929838175539e+01 9.502968803751157623e+01
6.101047412966256744e-02 2.006101047412930782e+01 3.057762272843440954e+01 3.057762272843613971e+01 4.552856063793098684e+01 5.447283254578803735e+01 6.665973504073691913e+01 6.932108712563804431e+01 7.216951988451349109e+01 7.216951988451349109e+01 8.047343545602670645e+01 8.401932828088703786e+01 7.499082643311855634e+01 6.676545352636725283e+01 5.197372163518016919e+01 6.552517586370998970e+01 4.536483091442114102e+01 5.037991032604968922e+01 6.049742895282125232e+01 7.455189317868716614e+01 9.428236890755688648e+01 9.866306388962803453e+01 8.203386023306600805e+01 9.560815242484164855e+01 1.038252852446543670e+02 9.635387228055651576e+01 7.661142869398275934e+01 6.819533186933213642e+01 8.485819629571660982e+01 8.280756778016159103e+01 6.986662878484202110e+01 4.988646934422520474e+01 5.246816273048298029e+01 5.684532912146716654e+01 7.666831271022775240e+01 9.183169310467781088e+01 9.229923790932205918e+01
6.842009524227352091e-02 5.232397890185517930e+00 1.057762272843405249e+01 1.724428939510060133e+01 2.618856130509960067e+01 4.033069692883005075e+01 6.033069692881347379e+01 6.629802281126033847e+01 5.212261016649414103e+01 5.212261016649414103e+01 7.216951988451349109e+01 6.390865072025698623e+01 7.810397176018148002e+01 8.021617067972044879e+01 7.201598653796783367e+01 7.183479334544830408e+01 5.188203093873367067e+01 7.041412233822400424e+01 7.861092861017009170e+01 8.851753053272931027e+01 9.439015177675500468e+01 8.615987507752480212e+01 7.046811616315542892e+01 7.566879308911651947e+01 9.560815242491999300e+01 8.810803075716292199e+01 6.819533186933213642e+01 5.664570718226858048e+01 6.768248658997762846e+01 7.144395716417156450e+01 6.318708676552760295e+01 4.663880347634157886e+01 6.666724274088458913e+01 7.526212484241305845e+01 8.484690514489972202e+01 8.114654773357273143e+01 7.236578329792278907e+01
1.934550753332892059e-02 2.001934550753297515e+01 3.057762272843440954e+01 3.724428939509785863e+01 4.552856063793098684e+01 5.447283254578803735e+01 6.242267420471114292e+01 5.799421408106751130e+01 3.813843221288751550e+01 5.243894850017453990e+01 5.711935579051673528e+01 4.975076181972842448e+01 6.979893180186537904e+01 7.885086669979085627e+01 8.890231974178308860e+01 8.002337890714611035e+01 6.347322346324454401e+01 6.604419071116392104e+01 8.581454475945264448e+01 9.766282026919679993e+01 7.773913476054273985e+01 6.615751618465098716e+01 6.147405569848403672e+01 8.150889622540647395e+01 9.524229355590468060e+01 9.141804014085062136e+01 8.318372694824719815e+01 6.768248658997762846e+01 4.762733153027577515e+01 5.981620787380035154e+01 4.306878897994680955e+01 6.318708676552324022e+01 7.491491332904384137e+01 8.372941806905792816e+01 7.276490650336258170e+01 6.118096146781640243e+01 6.916352831651956024e+01
4.364784840791047227e-02 8.208613657685100762e+00 1.820861365768492490e+01 3.235074928141537498e+01 5.235074928141466444e+01 6.053639939094379230e+01 4.256966641524311967e+01 4.257333107738596567e+01 3.168566870764268373e+01 3.271127410671831370e+01 3.726206938820279646e+01 4.345065043645151803e+01 5.045748612318926263e+01 6.047252107120466036e+01 8.061068170845678083e+01 9.144129719436814696e+01 8.325691022005695174e+01 8.581454475945234606e+01 9.400256711181722835e+01 1.058776542557465916e+02 9.439015177675500468e+01 7.546816451974817141e+01 5.540659588393272372e+01 6.701663949508298401e+01 8.701316240416072390e+01 8.318372694824719815e+01 6.320365181046582137e+01 6.905567885028963815e+01 5.981619397178729258e+01 3.956644768534057022e+01 5.981620787380035154e+01 7.144395716416913444e+01 7.336561617733642038e+01 7.131488185645977751e+01 5.438708418343368578e+01 4.697838918854666446e+01 4.914002155779373737e+01
5.219006137575642884e-02 2.005219006137540205e+01 3.649288490514599204e+01 4.649288490514582151e+01 5.395091693642439168e+01 4.570076201224751600e+01 3.260095746404196149e+01 2.309146964052670725e+01 2.664933592905936166e+01 4.620051009802963904e+01 5.711935579051673528e+01 6.344079433942398083e+01 7.054160138931078450e+01 7.885086790074788610e+01 8.890231987414298942e+01 9.050906826480006373e+01 8.218225919803479940e+01 9.050906826480006373e+01 9.990843379349055908e+01 8.840149154163411538e+01 8.015961081473935224e+01 7.128503829059050645e+01 5.120146709410903441e+01 7.128503829059050645e+01 8.974768387501929112e+01 8.318372694824718394e+01 6.320365181046582137e+01 4.891729405428992550e+01 5.766042340991861437e+01 3.729829543345584142e+01 5.766051376381020077e+01 6.712333723955538289e+01 5.332855458792801784e+01 6.119026191190211250e+01 4.394948509853306717e+01 6.406789251506023675e+01 6.330284127693897744e+01
