LEM/with_lateral_4open/elevation_000177.asc
nrows	100
cellsize	150.0
xllcorner	0
ncols	100
yllcorner	0
NODATA_value	-9999
[rows 17 to 33 of 100, columns 0 to 36 of 100]
5.222468517465790605e-02 1.005222468517474432e+01 2.419436030890594580e+01 4.419436030890665279e+01 4.693038462429495894e+01 4.753830119392628717e+01 5.582203537241765900e+01 5.468298650981384412e+01 6.296625883123129341e+01 6.762200205539437547e+01 6.550900078255678238e+01 7.137124055016128921e+01 7.387615512246065919e+01 7.972253958483284464e+01 6.992381573447573828e+01 8.407472722541764654e+01 8.311247302770030387e+01 6.889871547486973213e+01 8.311247302770030387e+01 8.189429113250622549e+01 7.340444125760063798e+01 7.347310525512715174e+01 5.930689382981798019e+01 4.746172044822044711e+01 2.740340043733318609e+01 4.424982036172130506e+01 5.254991988222434429e+01 6.361133999718601473e+01 4.419872025872773236e+01 2.421503123371148192e+01 4.419872025870829191e+01 5.163053937993797859e+01 5.092475341093022223e+01 5.092475341093022223e+01 7.097340239329425060e+01 8.270588497486369306e+01 7.401687889547642385e+01
7.333276091007127906e-02 2.007333276090971452e+01 3.186716232722058706e+01 3.893823013908653508e+01 4.722250138739438796e+01 5.876950677177124049e+01 6.523245223649983870e+01 5.694679929848906852e+01 6.523245223649983870e+01 5.965284900845448135e+01 4.550260517629971702e+01 5.136222448589293776e+01 5.388083088238837348e+01 5.973732576028179864e+01 5.577819465303155511e+01 7.407039219241764272e+01 8.562266864012562451e+01 8.895882140380003023e+01 8.772262511933546136e+01 6.601455379151126124e+01 5.257059659193865997e+01 6.154442872998934888e+01 4.514068240450882996e+01 3.093729245376935566e+01 4.746172044822044711e+01 4.158983496176008288e+01 6.163770602633481133e+01 6.025374523848477537e+01 4.022283603324723344e+01 2.609288326491185828e+01 4.022283603324723344e+01 6.025374523854058850e+01 7.097340239329425060e+01 7.097340239329425060e+01 7.927743734861039115e+01 8.829050490816399588e+01 6.810454941678003138e+01
6.343274376862209629e-02 5.836935435664904581e+00 1.186716232722023001e+01 1.893823013908583164e+01 3.048523552287855054e+01 5.048523552288006755e+01 5.523150540034448142e+01 3.694550293197353596e+01 5.523150540034448142e+01 5.136227342903718096e+01 3.136004541630334685e+01 4.708999666710905529e+01 3.973794897677703375e+01 5.635114007081874377e+01 4.577778289953176483e+01 5.732548597566912463e+01 7.733347610272616635e+01 9.569061167733381978e+01 9.240880611189096783e+01 7.949209720481390207e+01 6.154192533417140254e+01 4.122738740164279392e+01 3.476671490518859287e+01 4.098563909119926052e+01 5.930689382981798019e+01 6.163770602633481133e+01 6.993162269612139426e+01 6.219513878083995451e+01 4.215699074864762252e+01 2.801563979185885245e+01 4.802582468302048824e+01 6.731280455400413132e+01 6.731281045223697390e+01 8.737476809841361103e+01 9.753770210392545437e+01 7.731112106104113479e+01 6.307038489051578978e+01
3.497053469895897854e-02 2.003497053469860489e+01 3.186716232721987296e+01 3.893823013908653508e+01 4.722250138739416769e+01 4.310995403087393640e+01 4.520651848270502171e+01 2.694547954235383003e+01 4.694615110438106598e+01 3.958522183670138617e+01 2.380075518588404293e+01 2.708873493143588718e+01 3.080264169231716664e+01 3.634964371084745238e+01 5.049230564758494211e+01 7.049802902027961693e+01 6.739198908668203103e+01 8.740310836887428536e+01 8.601340316312673906e+01 6.942210249870466043e+01 6.258080748358556633e+01 4.358747031555367357e+01 3.821942397699114480e+01 5.832834927458618068e+01 5.734680656644405872e+01 7.728055126235206274e+01 7.357686083761214491e+01 6.417231740222770497e+01 4.412945055699668018e+01 2.998032571488987941e+01 4.999997974199293793e+01 4.725589522217681804e+01 6.681288903622407815e+01 7.507899752332704679e+01 8.507321160873156884e+01 9.158874573817445253e+01 8.150598256632228811e+01
9.635555453094322986e-02 2.009635555449435529e+01 3.458818647235792554e+01 4.287245988180897882e+01 3.725229456737154976e+01 2.310912167928197292e+01 2.520569449473232027e+01 1.987441140673282547e+01 3.550256811869591900e+01 1.958438497252592825e+01 3.958522183670138617e+01 4.708999666710905529e+01 5.080418194755120709e+01 3.836193383257836587e+01 4.439217050850960078e+01 5.105889025439837781e+01 6.260699813250094081e+01 8.261671101155846486e+01 8.495969671678572865e+01 6.664283066041846837e+01 5.316203002889336915e+01 6.174748887625037241e+01 4.177960193412339152e+01 6.193904633759132849e+01 7.728055126235206274e+01 7.685890870422701937e+01 5.678221593199387485e+01 4.521278044427426579e+01 3.705476180993938584e+01 5.000014481332092231e+01 3.310783768773636382e+01 5.312770143409781554e+01 4.660087748667260854e+01 5.680530539905280563e+01 7.682079742674899592e+01 8.906773005942181953e+01 8.075356828059719305e+01
8.845047570523793812e-02 2.008845045466688362e+01 1.458818647088052955e+01 2.454447314395031654e+01 2.606530887675414476e+01 8.966949986073004197e+00 1.106351965951682281e+01 1.320774472919239528e+01 1.550190206789799419e+01 3.547025171524776255e+01 4.552485105521535758e+01 5.381813669839020520e+01 6.665180876440935265e+01 5.836440567717671968e+01 6.439569534775112913e+01 7.106409789442746217e+01 7.935239430692543294e+01 9.090500877542899616e+01 8.721665551852709086e+01 6.866231353551451377e+01 6.950018814121770561e+01 5.033903688129357334e+01 4.696915267035215891e+01 5.820363103486438661e+01 7.851918258435513565e+01 8.516512159145179339e+01 7.357784887758128889e+01 6.376327400202499973e+01 4.371415116181934479e+01 6.143956752391841292e+01 5.313058088449879079e+01 3.640310490047622238e+01 5.642639214237159706e+01 7.387985839577970637e+01 8.507321160873156884e+01 8.075356828059719305e+01 6.079289143737410939e+01
8.023991185656004221e-02 1.558682453765707354e+00 3.041181087087912793e+00 4.544473143093576972e+00 6.065044985632981778e+00 2.606530738319189311e+01 3.106380150621056302e+01 3.320803423848484215e+01 3.545592484067879013e+01 2.127540476011239079e+01 2.553941908818070772e+01 4.553812391310773933e+01 5.756068233952897373e+01 6.333310484765441117e+01 6.999789460889563486e+01 7.755375661979826418e+01 8.582692796392166201e+01 9.581622602643064113e+01 9.493058315388478263e+01 7.988338947530968426e+01 6.034264357673546897e+01 7.047370655258382044e+01 5.232895812299803850e+01 7.249626041957905898e+01 8.704722134095420927e+01 8.953789417412504292e+01 6.948040319320351443e+01 5.527748149926285492e+01 6.376328421150360981e+01 7.114457187592064713e+01 5.895922381882894570e+01 3.890380310192054480e+01 4.910429421727450006e+01 6.196037262234906962e+01 8.427105218600067360e+01 7.867044157546988004e+01 6.056511092246683603e+01
4.598823041778624804e-02 2.004598823041743216e+01 2.304118108783917762e+01 1.869183717906114950e+01 2.597590259421505721e+01 9.353024731740156028e+00 1.176074179345556026e+01 3.176111626394139265e+01 4.347929773541324039e+01 4.129579201453460513e+01 4.553812391303618767e+01 3.239936271349412777e+01 3.756334112689468441e+01 4.333684671392423837e+01 5.000352532507631764e+01 5.756282479814522901e+01 6.756222442925549387e+01 8.754528881034100607e+01 9.432929998181607800e+01 7.443641006109859859e+01 7.443641006109859859e+01 7.924117532648656947e+01 5.900634814368672920e+01 6.875963185518746457e+01 8.912235088943079120e+01 9.540668462147831974e+01 7.535510628792744114e+01 7.535510628792744114e+01 7.564342616307158096e+01 6.282540775357377782e+01 4.273612672789705869e+01 5.895922381882894570e+01 5.336801490743754783e+01 7.298476624652246869e+01 8.973054416234330688e+01 6.967132453131203818e+01 5.821325302091783982e+01
7.340434288523949025e-02 2.007340434288488495e+01 3.831943043140294947e+01 3.877424425893078563e+01 2.933487892588374990e+01 2.349520892875421652e+01 3.176111211399197032e+01 1.524229491256987679e+01 3.524281177545028498e+01 4.209709478441980224e+01 4.538522255296943086e+01 5.239739104054768859e+01 5.756068233952897373e+01 6.333310484765441117e+01 6.596288072152600535e+01 7.173755404770678012e+01 8.002426030519961841e+01 9.581622602643064113e+01 1.025893379887278201e+02 9.432929998181607800e+01 9.432929998181607800e+01 8.692905250758302316e+01 6.658873770291756955e+01 8.692905250758302316e+01 9.763033979524446693e+01 9.565066401390056683e+01 8.735761899398968922e+01 8.026607761602063817e+01 6.732846686299690475e+01 4.719017432625529551e+01 4.875552321293363178e+01 6.889884899514709105e+01 7.338396129270732615e+01 8.162568855756562414e+01 9.804817546147708640e+01 8.646337458048938629e+01 7.814934830863352033e+01
3.515918393995972474e-02 1.003515918394004736e+01 2.417729480767124883e+01 4.417729480767195582e+01 4.924979364825901484e+01 4.349606362057636488e+01 4.352814978648723354e+01 2.938452306881389831e+01 1.889377862928325769e+01 2.209634170544978105e+01 2.538432145195475087e+01 4.538522255286934382e+01 5.423179074661343435e+01 5.840247055159473177e+01 4.595991560245519025e+01 5.173349885175368712e+01 7.173755404787101497e+01 9.071803380379505199e+01 1.022690182811402480e+02 9.407508810761663653e+01 8.578693830187613401e+01 9.407383159658640182e+01 7.826095087345511558e+01 9.544317681007250087e+01 1.015015734034235635e+02 8.149900125201538970e+01 6.729971100428218733e+01 6.014776875238719356e+01 5.453610896434882704e+01 5.146293925651853840e+01 6.889884899514709105e+01 5.883760085199806866e+01 7.308937545940027292e+01 9.313327303640473076e+01 9.175167765486527571e+01 8.336582379613638238e+01 7.643782889666033498e+01
4.608085242692564615e-02 2.004608085242657012e+01 3.133661109063901407e+01 3.800327775730614377e+01 4.628754900476834422e+01 5.628754900476852185e+01 5.767179758174084725e+01 4.645408404660587820e+01 2.645306896661524831e+01 2.673842532014761986e+01 4.538522231138928476e+01 3.030798113070240163e+01 3.423030396654358753e+01 3.840059286927058224e+01 5.840247054896628498e+01 7.173755404667519997e+01 6.242496788425589216e+01 7.397500028483551660e+01 9.398326948037627915e+01 8.407202372466480256e+01 6.578790667104726708e+01 8.407202372466480256e+01 9.876989954238727876e+01 1.072971592353814714e+02 1.036907088512908643e+02 8.368684081458317792e+01 8.026607761602063817e+01 8.026607761602063817e+01 7.468626267855650269e+01 5.586995191339034506e+01 7.602599198735551056e+01 7.308937545940027292e+01 7.528270845824283697e+01 9.532260035042070001e+01 8.336582379613638238e+01 6.311666631733875477e+01 6.904750722956433151e+01
1.610643649003322755e-02 5.563108398742348193e+00 1.133661109063865702e+01 1.800327775730544033e+01 2.800327775730561797e+01 4.800327775730632140e+01 6.059802787011378200e+01 4.059547068946572068e+01 4.645408404660587820e+01 3.251193148855018222e+01 5.251338582976031688e+01 3.847296013182350549e+01 5.423179074661343435e+01 5.840247055159473177e+01 5.105011090593580292e+01 7.105411120110753131e+01 8.243148987431234787e+01 9.071803380379505199e+01 8.803135210648068210e+01 7.578729396185730138e+01 5.578247751491449691e+01 7.578729396185730138e+01 9.108404909277570027e+01 9.365897962791825648e+01 1.019478933481021414e+02 1.036907088512908643e+02 1.002918603952692678e+02 9.020559746606288343e+01 7.015260708897501729e+01 6.110773577198802542e+01 8.121859299392269804e+01 9.313327303640473076e+01 9.532260035042070001e+01 9.512257103726018670e+01 7.475928748388859901e+01 6.050004692060154099e+01 4.916860545209058841e+01
2.022278438842990689e-02 2.002022278438807490e+01 3.133661109063901407e+01 3.800327775730614377e+01 4.628754900476834422e+01 5.628754900476852185e+01 6.888419662505505414e+01 6.059802787011378200e+01 5.883860641664436031e+01 3.883650265921698264e+01 5.883860641664436031e+01 5.847495782732199388e+01 5.261582703098137159e+01 7.262015085956537064e+01 6.519436742938407292e+01 7.934065912450770952e+01 8.176303882601402506e+01 7.348501917390758820e+01 6.807136816421528636e+01 6.807359798893816105e+01 4.910644858137337110e+01 6.279066572226184206e+01 7.951703652190796845e+01 7.365925188957025682e+01 9.365897962760875828e+01 1.050231755550198187e+02 1.102197347460800643e+02 9.020559746606288343e+01 8.755861925969270487e+01 6.750969583456769385e+01 7.754528574093268389e+01 9.756293593819329146e+01 1.016568581467427350e+02 8.991622972141716730e+01 8.152144273244030614e+01 7.743417198610201524e+01 6.015739209106979501e+01
6.642187732006160639e-02 1.062138294332084776e+01 2.542883923664717116e+01 4.567996425570412100e+01 6.096320475527674887e+01 5.279038863411824423e+01 5.171268174643037696e+01 5.980581736737718757e+01 6.712479045055025040e+01 5.297944651863336674e+01 5.297944651863337384e+01 7.298386970653506012e+01 7.262015085956537064e+01 8.090660549855451222e+01 8.520078408719433583e+01 8.762413622612841380e+01 6.762840513089705041e+01 5.347741236333036596e+01 6.082477109800426263e+01 4.806441903464659759e+01 4.277002389713132402e+01 6.279066572227641529e+01 5.951381667353000893e+01 7.951703651966852249e+01 7.673422875825886535e+01 9.673363739194985556e+01 1.091844241969544811e+02 1.016979762918878691e+02 8.170190581372204974e+01 7.910738141381281707e+01 9.585003243991607746e+01 1.058610609824279862e+02 9.330086213639981452e+01 7.289830924507924692e+01 6.124905965623963766e+01 6.981717690628063622e+01 5.884194830557759559e+01
1.591255364720534082e-02 2.001591255364684940e+01 3.836852788831034644e+01 4.719751916253911617e+01 4.826129509798331441e+01 3.314701547602945908e+01 3.227766844840591176e+01 4.602527832245820605e+01 6.544328822727121064e+01 7.298386970653506012e+01 7.298386970653506012e+01 8.127013438246682142e+01 8.019955182345580624e+01 8.852493753592679582e+01 9.008323970685039228e+01 7.854311806386151318e+01 6.959925774530653086e+01 6.083078504042508428e+01 4.081133869736417807e+01 3.804930249002944009e+01 5.807178184260278897e+01 4.881168831456351853e+01 5.436726680144577983e+01 6.040310014854703979e+01 6.934954284079793752e+01 8.089491436994256901e+01 1.008941476354233799e+02 1.099981590661102189e+02 1.016979762918878691e+02 9.910322485058892994e+01 1.074007530362245149e+02 1.021506847758258232e+02 9.196472352539474571e+01 8.356863039407987515e+01 6.981717690628063622e+01 4.992446840131095342e+01 4.351650258425770801e+01
6.189296070378335485e-02 1.499765860556669672e+01 2.040527907461290269e+01 3.019371119602067566e+01 2.851719166834497088e+01 2.175513375574050912e+01 4.144928185350340044e+01 5.104359467716081866e+01 6.829903409730492569e+01 7.916783444811514414e+01 7.049402734793844161e+01 7.118574093822930138e+01 6.006367443490417202e+01 7.690567553049221772e+01 8.181473111621789940e+01 6.181583011187908028e+01 5.025806238638050161e+01 4.130032962014579567e+01 3.373591037031795281e+01 5.375354110588078527e+01 6.635989564831604071e+01 6.882486576440825843e+01 7.437363354324325826e+01 8.040418862193808991e+01 8.869054464614728772e+01 9.763528017201619491e+01 9.540072536419764049e+01 9.656625695092216688e+01 8.828161597262116800e+01 9.656625695092216688e+01 1.065667032555252831e+02 9.379682510466655287e+01 7.334043568349306952e+01 6.317862637934442205e+01 5.619434085943132828e+01 4.975265926315352516e+01 4.906331075106735540e+01
2.247884206357958492e-02 3.355791403497773828e+00 6.736203091513767838e+00 1.032715515699487874e+01 1.449218782183481125e+01 3.430010567443748215e+01 3.784297365205920727e+01 5.172932584044118443e+01 7.141632094419500731e+01 6.614652513384753263e+01 4.912991749238349826e+01 5.102470857663640658e+01 4.840547557150740943e+01 6.857409759280616868e+01 7.267477365283612301e+01 6.744629055061641054e+01 5.589187588313486543e+01 4.760345456640385464e+01 3.115633201292193633e+01 4.530695646213652594e+01 6.532204452012017271e+01 7.293474643184616468e+01 8.118160216590952416e+01 9.265689981870141878e+01 9.213919777608542461e+01 8.385461067854980399e+01 7.540226809863257529e+01 8.656658206338565265e+01 6.828290526037048380e+01 7.828226061649584722e+01 9.656625699761997339e+01 1.021506847758258232e+02 9.196472352539474571e+01 7.378792671047061447e+01 5.951454437808923359e+01 6.963789718011707919e+01 5.515495756800068250e+01
