LEM/with_lateral_4open/elevation_000405.asc
nrows	100
cellsize	150.0
xllcorner	0
ncols	100
yllcorner	0
NODATA_value	-9999
[rows 68 to 84 of 100, columns 37 to 73 of 100]
6.640632788586428603e+01 4.710571909024645976e+01 6.640632788586428603e+01 7.434452289716571727e+01 9.403288710060215294e+01 9.334750797753754625e+01 8.517040076499642964e+01 7.313353452809714383e+01 5.377195535184028330e+01 6.649256765839078298e+01 5.155525054360921189e+01 7.086547163060185994e+01 6.199043917864711517e+01 7.322712441300136277e+01 9.287646429486289890e+01 9.383697721813935289e+01 7.386237844487301629e+01 7.386237844487301629e+01 9.055833462459031580e+01 1.018594105333244499e+02 9.609457929709697055e+01 1.008822810265899790e+02 8.953156599166298690e+01 6.940810058000468530e+01 8.953156599166298690e+01 9.433608534594905848e+01 7.419557305528358881e+01 7.019900479225221090e+01 5.021627187258881975e+01 7.019900479225221090e+01 7.555252926544703485e+01 5.554137479980244763e+01 7.555252926544703485e+01 9.086697930373888710e+01 8.248501415710136087e+01 7.991067622942684068e+01 5.984644260194574628e+01
6.223408700161704132e+01 4.363001324069973208e+01 6.288284916935855051e+01 7.727670688805068266e+01 8.453953534581653173e+01 8.105575072553905613e+01 6.563959133429688109e+01 6.922356164207923257e+01 6.350460793996084874e+01 4.724398365644756126e+01 5.105432439895641039e+01 5.500084845042965753e+01 6.612042067481286267e+01 8.570153983260854602e+01 1.010757900346266780e+02 9.641910992258419810e+01 7.645823122833604657e+01 6.226076181128124887e+01 8.230463723943924492e+01 8.220521518728601507e+01 7.645205220026424797e+01 9.036608244933523792e+01 9.790548922299488765e+01 8.098090714954881264e+01 9.790548922299488765e+01 9.230654686947713117e+01 7.214500296003508595e+01 5.803350490116187643e+01 5.775026768943432387e+01 7.776317139453495031e+01 8.390566342458382110e+01 6.965430207535453633e+01 7.555252926413054126e+01 9.571091210492733126e+01 8.270439198670612768e+01 7.112263711237372377e+01 5.984644260266092175e+01
4.291723562121558899e+01 4.022371034948018576e+01 5.084846733099848137e+01 6.448566097153110377e+01 6.498690295943549700e+01 6.157420869914334105e+01 6.867124675701900571e+01 4.990464847400640735e+01 4.424109089435840048e+01 6.350460793800432668e+01 7.035212847318490503e+01 6.612042067481286267e+01 8.255033115352209450e+01 9.388529549018301168e+01 9.892619217312872593e+01 9.108434069309622316e+01 7.109209218205430147e+01 5.689493347714439864e+01 7.026343529222931750e+01 7.334002721269582992e+01 6.238205224278859617e+01 7.389842014858571417e+01 9.355250823418118955e+01 1.012119831890849753e+02 1.095817236756432038e+02 9.822650479603153428e+01 7.805018245192034954e+01 6.504885401082979968e+01 7.776317139453495031e+01 7.185854236763115921e+01 9.201820687206796379e+01 8.979210934172620284e+01 9.012053569550704424e+01 8.182930963169546601e+01 7.439156406806031896e+01 5.433500221859991086e+01 4.269071539843059782e+01
6.223408700161704132e+01 5.664083867893539548e+01 3.724452803977698068e+01 4.560318137087227797e+01 5.432558127808220405e+01 4.793329343708428780e+01 5.793146720415166584e+01 4.127401694972505197e+01 6.058388102303388933e+01 7.160496163145151627e+01 8.670817520921694666e+01 8.570153981444734370e+01 9.388529081283714106e+01 9.307295590465527368e+01 7.897623103673412004e+01 8.630872888855914482e+01 8.521059602667884292e+01 7.026343529222931750e+01 5.021250671708399693e+01 5.341520504539598591e+01 7.334002721269582992e+01 9.036608244933451317e+01 1.017270888881471649e+02 1.001838531870433258e+02 1.084258465427201088e+02 9.945218079078874496e+01 7.924115155270246191e+01 7.924115155270246191e+01 9.352195629774608676e+01 9.201820687206796379e+01 1.003833858761191351e+02 9.597022642254276548e+01 7.597195053499203254e+01 6.182644466594031485e+01 7.113733051670524787e+01 6.613120757523375914e+01 5.685734492610591673e+01
7.565907721133218899e+01 6.469518039119117248e+01 5.379270577486465754e+01 3.437062756894555093e+01 3.492078602372539109e+01 3.672361926425750056e+01 3.857184258588436876e+01 5.793146720415166584e+01 4.950598794537884828e+01 5.909139777121175996e+01 7.279937010383923734e+01 9.242137457594046168e+01 1.009004712939490673e+02 8.481943936917605242e+01 6.480482678892370529e+01 6.630094174284079145e+01 8.042994708404326332e+01 6.588796374393018596e+01 4.583323178621236593e+01 6.588796396128859101e+01 8.151675509296970290e+01 8.212312184773053048e+01 9.038222729611261741e+01 8.024640275809532852e+01 9.692163679142504407e+01 1.078137650947369934e+02 9.945218079078874496e+01 9.945218079078874496e+01 1.053504974452993821e+02 9.722937077917141835e+01 1.053506812609892194e+02 1.018335505584285130e+02 8.182929918473962516e+01 7.113733051198732937e+01 5.111283873534805622e+01 4.607380211726002273e+01 4.129238903404566940e+01
6.203000171563662235e+01 4.843908411705668726e+01 3.977903355652367878e+01 3.240142667739437599e+01 5.048049380786816442e+01 5.611026684686748212e+01 4.975553836028984733e+01 6.600961462151329329e+01 6.881895996068450927e+01 6.165639230461616194e+01 7.539077732513000285e+01 9.503355701226996644e+01 9.265391479320462054e+01 7.267622126723740905e+01 6.108759163069904474e+01 5.210779488835530771e+01 6.483860096176749721e+01 6.263446177853279551e+01 4.256016733143011521e+01 6.263465678451834862e+01 6.577709400869358092e+01 6.210340808424360404e+01 7.712611595762918171e+01 6.867323885496561786e+01 8.867296081493529414e+01 1.013249050098241071e+02 9.316292217475384518e+01 1.013249050098241071e+02 9.548367336386274928e+01 7.744551126251886330e+01 9.548367336386274928e+01 9.792955963329640667e+01 7.793001710720712083e+01 6.378569769977600146e+01 7.113733051670524787e+01 5.404995565242446531e+01 6.076117601279671021e+01
7.565926571844276793e+01 6.708244026890241685e+01 5.374769687446146094e+01 4.356639092559363746e+01 3.057354577278443486e+01 5.370346801465628062e+01 6.909991281525796580e+01 7.722267885546773414e+01 8.182251620063030373e+01 8.114401429413997846e+01 8.931224222774397958e+01 9.879411131065877782e+01 9.056551489760455809e+01 8.936092252159973270e+01 8.043106424475188021e+01 6.483864890332762343e+01 4.476328228789816421e+01 5.949953165183605108e+01 3.938682425216675398e+01 5.908612092487781808e+01 4.570420684710057913e+01 5.128462914992611843e+01 5.707980061027025442e+01 7.127214585827147175e+01 9.125884996522516701e+01 9.141798471101776613e+01 7.330390291398150282e+01 9.141798471101776613e+01 8.733739100088862983e+01 6.748693501077107726e+01 8.733739100088862983e+01 1.020537959672942208e+02 9.208043013935605359e+01 8.378773190263360959e+01 8.276926063892338448e+01 6.566747550858573845e+01 7.466538352229392217e+01
6.346300901994962373e+01 5.864265668275800181e+01 4.848666112124466565e+01 2.875933183520203329e+01 4.674943281215906410e+01 5.440522740282261793e+01 6.488651916478163173e+01 7.600960421208499440e+01 6.199548693423772505e+01 7.190900156743408900e+01 8.011424413042301751e+01 9.056552309229040532e+01 7.058311915356472355e+01 7.643564403638468718e+01 7.428338714131349718e+01 5.423552772701049918e+01 3.998559106629735993e+01 5.403997831141688835e+01 3.626377631092042009e+01 3.895385934080323409e+01 4.905454094933067211e+01 6.911772229365712406e+01 7.712611595762918171e+01 8.538927662552301001e+01 9.500085439520682939e+01 8.323341254436765269e+01 6.333372380904244636e+01 8.323341254436765269e+01 8.072055916577446055e+01 6.083648856545661232e+01 8.072055916577446055e+01 8.234715841409411041e+01 9.624750816993301328e+01 1.028759182082912105e+02 9.540018722240019144e+01 8.633141182190091456e+01 8.326763758186714881e+01
4.358818718101561274e+01 3.878767194615645764e+01 3.427865374343958393e+01 4.660462623520471936e+01 2.704565514038060670e+01 3.818215594136110980e+01 5.687478553222372568e+01 6.607173340927218419e+01 4.790106087118572020e+01 5.202922268812124429e+01 7.190900156743408900e+01 9.056548317826067773e+01 7.058311892376168828e+01 5.639500910600828831e+01 6.641547549389370886e+01 6.839213859406862639e+01 5.404002072049445360e+01 3.381853243618046889e+01 3.315710676261217316e+01 5.339188175204228770e+01 6.737299286525620801e+01 6.911772229365712406e+01 8.911226499471386830e+01 9.684971695627936583e+01 8.682425244844736767e+01 6.694640641906848089e+01 5.668012375527072777e+01 7.660018296592134845e+01 7.498051406323190804e+01 5.507316099700934586e+01 7.410475344358958694e+01 6.829982147987571750e+01 8.705138467010742431e+01 8.345094942898802515e+01 1.028759182082912105e+02 1.052417482676331844e+02 8.498923438880827064e+01
6.346300901994962373e+01 4.827417529872138147e+01 5.408761078842174186e+01 4.553862701195539131e+01 2.584283642646721901e+01 4.383704330337302224e+01 5.204224572909053848e+01 4.934912441305468178e+01 3.791115717004839070e+01 5.785187511338284594e+01 7.487443444683064797e+01 8.308643084835782133e+01 8.057450981193466077e+01 6.055061144925472405e+01 4.633806679978093968e+01 5.821894235867913636e+01 4.999573393305484359e+01 2.969215324737490747e+01 4.999573383522513126e+01 5.938075460582776088e+01 6.607363538344007736e+01 7.435108698815368200e+01 8.435926315364567074e+01 8.865263302679933588e+01 6.875934595366048541e+01 7.059405912925163307e+01 5.065998934391370057e+01 7.059405912923763537e+01 6.490110142891546730e+01 4.973671154721414922e+01 5.420151049607048321e+01 5.973926983135874735e+01 6.727982749779951632e+01 8.129210831305091745e+01 1.006169755144941007e+02 1.022537931850487070e+02 9.396416088147213941e+01
6.812248559163751338e+01 6.812248559163751338e+01 6.273889254003906046e+01 5.374332486128202646e+01 4.383586673914849285e+01 2.414230777337236233e+01 4.222886767984273604e+01 2.953055831459372271e+01 4.348984234656847292e+01 6.342025052886187808e+01 5.509893731954924334e+01 7.166058446085332889e+01 7.398221023419604592e+01 6.570143223067594818e+01 5.821894235867913636e+01 3.806748436478518016e+01 3.277240029572572411e+01 2.762757675061872220e+01 3.333292783563058492e+01 3.924164302494786938e+01 4.599499323691662767e+01 5.605186621792959301e+01 7.609540454895065409e+01 8.648213691732566133e+01 6.658089265893480047e+01 5.247285530429660128e+01 4.582286459823473734e+01 6.033207423334513209e+01 4.497032043009008362e+01 6.490110142907593627e+01 7.410475344358958694e+01 7.960343059713542857e+01 7.382028486689488034e+01 9.356517943645611979e+01 1.025750824918963531e+02 9.069469932335543660e+01 7.393991133496287205e+01
6.324358957777810986e+01 5.176565686133172051e+01 4.288217691018553523e+01 3.590226952389366488e+01 2.937196751121084048e+01 4.222886767984179102e+01 2.252376281626904131e+01 2.854758891925658304e+01 5.237423482059423918e+01 6.289677331565128071e+01 4.394698025844656541e+01 6.289677331565135887e+01 6.570143223067597660e+01 4.557608498538021280e+01 5.147057830779920096e+01 5.196931792506748593e+01 4.365661415321022787e+01 2.583167182308377363e+01 4.616539334848659593e+01 5.938075466767280375e+01 6.607363538344007736e+01 7.435108698815368200e+01 8.435926315364567074e+01 9.228904497932278161e+01 7.240983214816769475e+01 7.238338372293206646e+01 6.024397333281675770e+01 4.041824598895623666e+01 5.692801123771662475e+01 6.527036108333680886e+01 8.250475348776990359e+01 8.834087690326752806e+01 9.356517943465097176e+01 1.016482630862457341e+02 9.419758701149373792e+01 7.394970307007966426e+01 6.237278761502689406e+01
7.981902589770800205e+01 7.094777167808875618e+01 5.591039090467033645e+01 3.609302118432204765e+01 4.911308916809887393e+01 4.112396815563089092e+01 2.141005392693134723e+01 3.957260894910403692e+01 4.777172950592194667e+01 4.627401426305280552e+01 3.581951816716724579e+01 5.473187927225080074e+01 6.570143223067536553e+01 4.557608498538021280e+01 3.120927426459735798e+01 4.133993520660942522e+01 2.332783585968320494e+01 2.788252613718810480e+01 4.798353809317191576e+01 6.081859556237500186e+01 6.746557300537585888e+01 7.578886375653304697e+01 8.584632848170222985e+01 9.265342790454752731e+01 7.283800947798147263e+01 5.882428191293850972e+01 6.163684955402558785e+01 5.356268353410459326e+01 3.705264176001977461e+01 5.697548739098686355e+01 6.255373252450178967e+01 6.839725127134981619e+01 8.370181197144762564e+01 9.366967295078886480e+01 9.531908324463078941e+01 8.383805436321959803e+01 7.236049429420647527e+01
8.850679091871865012e+01 7.860005865991318785e+01 6.103686935054110307e+01 4.118210370499244988e+01 6.103686935054110307e+01 4.929567791482875094e+01 3.378019630255789707e+01 1.983931691797840458e+01 3.871106956188594950e+01 2.834089470694049595e+01 4.627401426305280552e+01 6.289677331565135887e+01 5.913113819016612638e+01 4.747226501875731230e+01 3.913124300951146495e+01 2.103677914679640537e+01 4.133993520661314847e+01 4.798353807817242256e+01 3.487820368702460883e+01 4.094126304450326614e+01 4.752464067659749958e+01 5.739952244685579075e+01 7.753162356389586307e+01 8.440100463094475458e+01 7.611609341060480460e+01 6.246363266569558448e+01 4.260471509837925197e+01 3.382825959274639871e+01 5.361536383958186747e+01 6.057553826608449299e+01 4.845450397254874275e+01 5.549779227354140687e+01 6.547631052161895582e+01 8.542808880340149358e+01 8.711069494096439314e+01 6.719642091387895277e+01 5.564267108919106164e+01
8.030649882971610509e+01 6.048632068031518827e+01 5.054182628863537019e+01 5.522603730430856928e+01 6.924731453615390819e+01 6.163991475479217996e+01 4.344150482386982759e+01 1.873731939901588461e+01 2.199181087152282288e+01 3.294288864196784061e+01 4.961963929360075554e+01 6.028827337964387567e+01 5.082554574930790636e+01 3.056990428062766085e+01 1.885929021693732466e+01 3.913124300951146495e+01 3.541721516626007826e+01 5.563864628448924066e+01 4.897467512621172148e+01 5.115673422170327456e+01 6.746557300537585888e+01 7.578886375653304697e+01 8.584632848170222985e+01 7.611609341060480460e+01 5.615981381760136060e+01 6.200381833424981437e+01 5.141694700629787462e+01 3.171376628345486637e+01 5.141690754984158218e+01 4.068592045343422114e+01 6.057553826608449299e+01 7.545219966251023891e+01 8.370181407173082277e+01 9.366967295078886480e+01 8.822595160965029493e+01 6.832728659398617310e+01 6.298272243745623911e+01
8.850679091871865012e+01 7.860005865991318785e+01 6.459445933565508824e+01 7.506545888522774135e+01 6.673977553982909683e+01 5.793568939815668983e+01 4.861154112744412714e+01 3.698069194098084012e+01 1.718576431747038669e+01 3.551321019072362617e+01 4.370944253407928670e+01 5.198667653609430772e+01 3.175758864184967578e+01 3.546943818656294667e+01 1.735246046819633392e+01 3.760339145951945738e+01 5.563864628972879700e+01 6.393790127703159953e+01 6.895014333889557179e+01 7.114884175394655585e+01 7.945672970633344789e+01 9.030563586245229146e+01 8.202512926645655966e+01 7.611609341060480460e+01 5.615981381760136060e+01 4.210934101713873190e+01 4.926787607358800614e+01 2.965579793992689162e+01 3.378915361189105226e+01 5.354385054169300417e+01 5.837808458175216941e+01 7.830827182934505970e+01 7.609729449809390189e+01 8.437080570063756113e+01 8.241926374840042513e+01 6.249019853597602037e+01 4.833657241245661851e+01
7.867359982380041572e+01 8.695504741797697079e+01 8.440355714565208700e+01 6.995637514030647708e+01 5.020080546860607740e+01 3.889881061582030242e+01 3.025524141578853232e+01 2.464617371115241085e+01 3.521296435960939419e+01 1.570383828242237279e+01 3.405474497734082462e+01 3.612992347453651121e+01 3.337862801921773581e+01 1.523302231236104198e+01 2.069153602771802625e+01 3.271704948770532440e+01 4.794011619943812974e+01 6.831141518102774057e+01 7.487791036137521417e+01 8.310928197080312430e+01 8.548057869461992198e+01 7.721836176830606746e+01 6.200408289071261692e+01 7.046597275196208443e+01 7.028040922427314285e+01 5.262532198104869252e+01 3.289904645408290662e+01 2.763006650948670284e+01 2.929591023755707369e+01 3.860067914406990042e+01 5.837808458256174049e+01 6.198817471711330285e+01 5.614398595068465880e+01 7.609729449809390189e+01 7.780032691308043979e+01 5.785668141781932405e+01 4.370132968149940211e+01
