LEM/with_lateral_4open/elevation_000167.asc
nrows	100
cellsize	150.0
xllcorner	0
ncols	100
yllcorner	0
NODATA_value	-9999
[rows 51 to 67 of 100, columns 0 to 36 of 100]
6.455108993161302877e-02 2.006455108993125691e+01 2.471796585528889167e+01 2.104789740059567649e+01 3.966355415821018937e+01 3.599348558770429207e+01 4.469023009232060417e+01 3.883236546645570542e+01 5.733143313094769411e+01 4.474666005256780466e+01 6.146398854772895959e+01 7.304026866648226246e+01 7.501385344380733500e+01 8.330565964205979412e+01 7.468536731761834346e+01 5.448222651785606274e+01 5.448222651785606274e+01 5.448222651785606274e+01 7.468536731761834346e+01 8.361812906870748918e+01 6.385287777746058424e+01 5.238196385892828033e+01 4.312334256065841487e+01 5.680857769751590780e+01 7.080954707757409494e+01 6.185858580456896050e+01 4.199129670444532536e+01 6.185858580456896050e+01 6.833689789282628624e+01 4.854065622716894524e+01 5.217333425759806431e+01 3.450350919799538474e+01 5.442149754893925717e+01 6.494132786204590957e+01 7.887311602464528448e+01 7.871445449968544494e+01 8.700313055582053323e+01
3.995603441288197999e-02 1.418209165814395689e+01 3.418209165814466388e+01 4.104789779997108923e+01 4.933219056691436322e+01 5.599348661870092059e+01 6.427779820292430202e+01 5.297450110107311616e+01 6.711667852286370817e+01 6.474401317155729885e+01 7.301543663167417719e+01 7.174020534902543034e+01 5.497619798064462771e+01 7.174020534902543034e+01 7.423936407529910753e+01 6.039958945683979152e+01 4.022145304075250039e+01 6.039958945683979152e+01 6.941581430870398606e+01 7.950649777998431489e+01 6.964198584881064846e+01 4.980393478556378284e+01 3.826637602371803837e+01 4.271848102957131488e+01 6.087785543092312679e+01 5.704006042489293549e+01 3.713675420140771166e+01 5.058257518334389857e+01 5.818231231921294011e+01 4.999216258027242787e+01 3.224289213601259263e+01 5.217333425759806431e+01 5.079233279868459050e+01 7.056942889949166897e+01 8.326999346993746087e+01 7.507585427952986379e+01 7.503029484419074890e+01
4.804567899273937126e-02 2.004804567899238421e+01 3.026105292339080322e+01 3.603455561528750906e+01 4.270122228195429415e+01 5.098549352941649460e+01 6.098549352941684276e+01 7.297450397340674044e+01 7.104984344534440766e+01 6.304357994402477772e+01 7.104984344534440766e+01 6.344510766822141079e+01 4.337123944481736970e+01 6.344510766822141079e+01 6.589315035870774295e+01 4.571515983735574196e+01 3.465326654136381279e+01 4.089173349658332768e+01 5.096573494258709758e+01 7.116393823460180101e+01 7.783973855838942768e+01 6.639416959634741033e+01 5.266308375576376477e+01 3.267702940004979695e+01 4.781575357059053033e+01 5.179200835354739496e+01 4.443942245284366521e+01 3.063607906403791503e+01 4.784185162419132098e+01 3.005179374182415231e+01 4.999216258027243498e+01 4.637042494407095461e+01 6.618279662353637605e+01 7.873221458798269623e+01 7.490106098130634393e+01 5.508139789708177858e+01 5.498630833167256782e+01
9.707512844716031930e-02 5.097075128447181136e+00 1.026105292339044794e+01 1.603455561528680562e+01 2.270122228195359071e+01 3.270122228195393888e+01 5.270122228195464231e+01 6.762172642826449476e+01 5.957111045333639510e+01 4.302644821192381386e+01 6.114207704463319715e+01 5.634792349551432977e+01 3.626517675173461441e+01 5.634792349551432977e+01 5.238976323597024276e+01 4.404024117759633583e+01 2.929657031882426566e+01 4.089173349658332057e+01 6.106483658859445995e+01 7.950649777998420120e+01 6.899272223271179882e+01 6.077321166571590538e+01 6.087785543092179807e+01 4.781575357059053033e+01 2.759383306644435052e+01 2.425076075651863405e+01 2.444017949965649095e+01 4.382792948540445366e+01 2.788917368568190014e+01 4.784185162364394017e+01 5.817932826856882400e+01 6.618279662353637605e+01 7.434617126353229821e+01 7.910338481113846854e+01 6.657650278259907850e+01 5.641343816243812626e+01 4.085733116357840800e+01
5.001202446392439237e-03 2.000500120244603863e+01 3.026105292339080322e+01 3.603455561528750906e+01 4.270122228195429415e+01 5.098549352941649460e+01 6.098549352941684276e+01 5.957111045333639510e+01 3.944548823249574809e+01 3.267653862968418821e+01 5.303499501114814052e+01 5.029274752198259790e+01 3.019578514385648660e+01 4.269550092162892696e+01 3.913562238141044958e+01 2.393956553847649715e+01 4.011232932386486283e+01 5.777090708008314834e+01 6.941581430870398606e+01 7.626403559322453418e+01 6.077321166571590538e+01 3.984155945950866595e+01 4.597229844926842901e+01 4.113360703184915224e+01 4.198237975328608229e+01 2.321468511311341487e+01 4.318907765517798225e+01 2.573046772742360488e+01 4.573516777420133650e+01 4.824634760200058992e+01 5.662829732715150044e+01 7.000243781164049039e+01 6.759507942729490537e+01 6.505584689199910997e+01 5.100982616590771102e+01 3.885103519799125849e+01 5.879168104923350313e+01
5.279685921607564503e-02 1.419493250174891230e+01 3.419494821688138586e+01 4.559473236212853209e+01 4.580923433888064267e+01 5.397023747125334125e+01 5.521393739520956245e+01 4.703175404852517971e+01 4.534014648690260429e+01 2.486765183257443823e+01 4.534014547374237480e+01 5.856883896309003035e+01 4.269550092162892696e+01 2.255526653016835681e+01 1.896995646957096682e+01 3.913562238141044958e+01 5.238976323596646267e+01 6.801087552157825655e+01 6.506980275199609309e+01 5.850869943474643975e+01 5.823799963575262240e+01 4.558670225707199819e+01 2.593362548491488084e+01 2.111840828783266133e+01 2.198908313916775015e+01 4.198238043120299778e+01 5.141967639600959927e+01 4.572969696500427972e+01 2.737156900343887855e+01 2.853648078281995382e+01 4.851334148627699960e+01 5.015648302697218242e+01 4.771382525123797080e+01 5.489867986443130832e+01 3.688291566450024561e+01 5.683167990259256896e+01 5.297289311365097575e+01
5.738623160518319517e-05 2.000005493497179643e+01 3.077163082022580554e+01 2.682003835977387851e+01 2.697087000981004934e+01 4.580923433888041529e+01 4.703174012758442046e+01 2.664787780036386522e+01 3.261817077163490097e+01 1.936041675874162493e+01 3.984134987593123611e+01 4.150588644415540784e+01 3.669918486322308837e+01 3.202721806416436579e+01 1.556024727186262702e+01 2.988598564418242276e+01 4.985692029442776629e+01 4.381052414248819815e+01 4.451364635999419050e+01 4.602133728987687533e+01 5.028292377138959779e+01 3.135556228943130108e+01 1.987868663143541426e+01 3.993749384431883698e+01 3.347172434440704336e+01 4.984560468090307239e+01 6.144492491752578189e+01 4.152053087945821375e+01 4.735611799735750793e+01 4.843214040035403656e+01 3.019017730112120645e+01 5.015665008427160387e+01 3.357815506733464872e+01 3.494163603196674472e+01 5.489868956537169709e+01 6.505654259270514217e+01 7.283947779988976379e+01
4.532054705376769438e-02 2.004531399935445535e+01 1.384684197291172403e+01 1.502388283343911546e+01 3.248843779552974098e+01 4.315956337789612718e+01 3.533621566542683468e+01 3.185884081331410300e+01 1.209151633873918463e+01 2.718377430151845786e+01 2.708579915543783301e+01 2.504749080842618625e+01 1.703124090551237302e+01 1.172526769617370057e+01 3.202721676618405411e+01 4.398933654635857238e+01 4.068278986357599081e+01 2.266488092919709629e+01 4.188959024717994595e+01 3.535815675857570284e+01 5.230153836544004520e+01 3.909647237823855193e+01 1.900114171202631752e+01 3.909647245813076921e+01 5.266336205707621332e+01 6.063159391205039128e+01 6.967871039929156041e+01 6.144528392794792637e+01 6.321792772431096097e+01 4.289719978567880787e+01 4.942830657889085444e+01 3.187287342226897380e+01 5.184235371738412113e+01 3.733019323491883767e+01 5.721888311355647261e+01 7.069268636691947449e+01 7.725273744530954900e+01
9.001595176218035732e-02 6.922180154218583459e-01 6.880610405280768838e+00 2.176742838264862812e+01 2.655350816956402937e+01 2.321992357815460650e+01 1.588573687153524716e+01 2.287453665028040461e+01 2.546670030709374188e+01 6.105597588672541320e+00 6.745446831314568570e+00 7.386317963797484509e+00 8.028248269890454480e+00 2.837225903780959868e+01 3.768335877868668149e+01 3.941562809585400373e+01 2.279921100645963961e+01 1.272593782313701105e+01 3.310685925697070076e+01 2.559012010424668304e+01 3.630909882572158409e+01 3.707429624725629935e+01 1.812006084329940592e+01 3.825618188349560711e+01 4.196539611384089596e+01 5.062398100679012458e+01 5.774254432345988874e+01 6.595105305575947341e+01 7.159121450230509254e+01 5.722367209846357383e+01 5.179086217268632453e+01 4.601251828790611853e+01 5.995128295576297717e+01 4.041918345793225598e+01 4.517585625552805340e+01 5.094159025973456068e+01 5.757258503928918714e+01
5.674351268809080251e-02 2.005674351268585198e+01 1.548531174807554311e+00 2.154591780334717654e+00 2.762048517732609287e+00 3.372895733247575301e+00 3.984852119974618745e+00 4.597912365336457086e+00 5.212122482976978333e+00 2.322655267457104244e+01 2.691430383382646951e+01 2.771641093812889167e+01 2.837226055207779041e+01 8.969210377604463602e+00 2.932968271588642750e+01 3.080343434276811365e+01 1.164967881354718138e+01 3.145297813044514612e+01 1.382254285747975331e+01 3.351746241587380837e+01 1.606853439262265582e+01 1.687087097489768794e+01 1.880279444945926315e+01 2.069656521311540587e+01 2.255158873198385905e+01 4.240961602532169650e+01 3.781344527246585585e+01 5.193439187697801174e+01 7.176466402266488842e+01 7.744540287651176413e+01 7.154285002415348060e+01 6.592644624515874341e+01 6.337885118883516355e+01 4.354434941289403582e+01 6.337885118883516355e+01 7.069268664330274987e+01 7.725273744530954900e+01
9.518805923843161321e-02 2.009518805923807605e+01 2.395501359662875629e+01 1.163441325510365232e+01 8.402627759330488999e+00 2.292381468311261017e+01 2.001552707413929255e+01 2.172324812630917634e+01 2.501796592293989363e+01 9.087811355740536001e+00 2.083316139299142478e+01 4.068187973711336269e+01 3.627984036874624962e+01 1.834798321449187597e+01 9.914533859374536462e+00 1.058747865392572152e+01 1.219615020977038711e+01 3.249745989111416833e+01 2.432569967430144686e+01 1.493926349707441048e+01 3.526297036912239236e+01 2.564195899946600932e+01 3.862571680407967989e+01 3.211050047346102332e+01 4.240961607005390732e+01 2.517985761125928335e+01 4.513827297865196186e+01 5.464814880320964363e+01 6.285750975987848932e+01 7.173527245708370970e+01 8.316380892236594491e+01 7.795483192811903450e+01 5.827202999341270129e+01 4.679017290304498999e+01 6.659096372904988925e+01 7.645418939794230084e+01 8.169201656028637615e+01
9.062254805971975413e-02 1.989936109046429991e+01 3.629094012155328386e+01 2.849270771835135463e+01 2.492920220693699207e+01 1.611508436516371034e+01 3.348008255631198438e+01 4.318141597276914467e+01 3.209124398251051247e+01 1.196402261769935471e+01 3.209282273170400401e+01 4.867919927806065061e+01 4.124261013263024722e+01 2.146509744256164254e+01 3.029100716106616886e+01 1.977491362169163480e+01 2.929154917397324098e+01 1.453923198454859289e+01 3.479933585120839012e+01 3.557785523384148973e+01 4.424775700137235646e+01 4.432419186812754219e+01 4.432416029641577637e+01 4.622106653142699884e+01 5.336746197871325847e+01 4.513827467643955060e+01 2.798330449841856193e+01 3.469601151555359309e+01 4.366132180743534263e+01 5.516972607563366893e+01 7.496614849207708176e+01 8.614323728423275384e+01 7.476491903196281896e+01 6.082550615390887572e+01 5.195377526928386658e+01 5.679334170811375770e+01 6.209386186765645022e+01
3.063233560239582431e-02 2.003063233560203926e+01 3.824571859448791145e+01 4.652998983893023421e+01 4.168681485778521534e+01 2.437652182349949470e+01 4.168681485778512297e+01 4.645554304961242309e+01 2.666841990446450339e+01 1.496224641740288774e+01 3.503288295006033337e+01 4.809526463025225240e+01 4.961755280084446440e+01 3.292899710695223803e+01 4.736022963049438772e+01 3.397072552232259568e+01 4.244916672808304270e+01 3.480697697422637304e+01 1.693549652511063996e+01 2.865578184381499582e+01 4.281621717920106818e+01 6.279393518012001607e+01 6.469444907073076934e+01 6.609093209956002113e+01 6.777972509619449681e+01 5.013033868065551957e+01 3.012194149825309708e+01 5.013033868065551957e+01 6.285750975987848932e+01 7.050960741824555100e+01 7.798306875595260124e+01 8.617760017075516998e+01 8.870455766587903668e+01 7.735838502153229967e+01 5.770774342834877757e+01 7.645418939794186031e+01 8.169201656028637615e+01
5.666595628964066211e-02 2.005666595628928661e+01 1.824571859449127942e+01 3.824571859448791145e+01 5.115412843761908590e+01 4.320493284962589087e+01 5.115412866039344664e+01 5.469922142269177812e+01 4.204885410875357366e+01 2.220385097806288854e+01 1.995649902166158896e+01 3.986025215740416172e+01 5.320630294403419214e+01 5.283667970266563430e+01 6.113095313843458456e+01 5.718036072194829700e+01 5.507933133486079669e+01 3.876121733405867786e+01 1.865144765779896119e+01 3.876121733405867786e+01 5.440448748172488536e+01 6.266153548145599217e+01 7.418534270793011842e+01 7.099814459393537902e+01 5.142021566258310372e+01 3.991890731623683308e+01 3.232537215709712086e+01 5.229842679121120597e+01 6.116032177154452398e+01 5.067677757814842465e+01 5.821017305109663909e+01 6.964588658329151372e+01 8.937187759432924850e+01 8.554153429774821404e+01 6.651790339022713283e+01 7.159959481643360846e+01 9.126133443754306995e+01
2.110006612196471329e-02 4.103582970760577098e+00 2.410358297075958234e+01 3.577024963741986596e+01 4.154375232919532124e+01 4.821041899600448488e+01 5.649469026251810533e+01 6.649469026210901745e+01 5.029273700772277778e+01 3.116425901919350494e+01 3.986025215740416172e+01 2.521193691134692827e+01 3.918498092628325935e+01 5.889835467952945436e+01 7.076032025162395200e+01 6.083663346689095874e+01 4.115519831177657295e+01 2.709881265951156948e+01 2.037290661053827634e+01 4.042158007231206085e+01 3.441495672636989411e+01 4.595789510887109230e+01 6.594274723845515496e+01 7.906611709386598363e+01 6.777972509621227459e+01 5.969482205524375473e+01 4.130224613085221819e+01 3.571787490293770162e+01 4.126535486371140138e+01 5.535914676393495881e+01 7.516559715261530528e+01 8.617760017075516998e+01 9.758279546087210576e+01 9.433949362459972576e+01 7.779353118679918566e+01 9.126133443754314101e+01 9.948347377968431715e+01
9.367352646185668485e-02 2.009367352646150096e+01 1.077024963742718633e+01 1.577024963742714370e+01 2.154375232932330064e+01 2.821041899598985125e+01 3.821041899598949954e+01 5.821041899606109382e+01 5.913918554052280996e+01 4.250960784684133387e+01 5.320631549556196660e+01 3.512920820065316008e+01 3.137987694252650073e+01 4.268520246745728031e+01 6.240543668936869892e+01 6.083663346689095874e+01 4.115519831177657295e+01 4.691975720522633964e+01 4.042158007231206085e+01 2.287533340179696140e+01 4.286352651914641854e+01 5.337531336984419994e+01 6.078500962220322634e+01 6.910873344427525922e+01 7.736245736597288669e+01 5.756086367234632206e+01 6.119452381848321920e+01 5.564250190072232272e+01 3.950089905309114613e+01 5.359897774036896578e+01 7.341785953137122078e+01 8.833566830602204334e+01 8.833566830660156199e+01 9.654467608366674369e+01 9.751432382917739972e+01 1.057545191673335268e+02 1.087631699977151101e+02
3.648181865326004941e-02 2.003648181865290567e+01 3.077024963742317354e+01 2.991238526115784424e+01 4.154375232932758166e+01 4.821041899600448488e+01 5.649469026251810533e+01 6.649469032337668750e+01 7.061189713668056811e+01 6.225703346776597868e+01 5.478858129178964020e+01 5.478858129182972192e+01 3.616272801997781272e+01 4.996280064270453636e+01 6.981423219332991437e+01 6.900346435794513411e+01 6.083663346689095874e+01 5.228629560997769943e+01 3.229758384493226231e+01 4.286352651914641854e+01 2.552387358368480363e+01 4.324281529109590139e+01 4.083482592461223248e+01 5.502783010047134837e+01 7.496796351424367799e+01 7.736245736597288669e+01 7.204815606802328887e+01 5.222501145780174880e+01 4.224157268451502745e+01 6.213658376291314767e+01 7.026467095022545095e+01 6.861743870957768365e+01 6.861743870957769786e+01 8.833566830644957690e+01 1.038547696882853870e+02 1.075734412193345833e+02 9.728972930472420444e+01
