LEM/with_lateral_4open/elevation_000624.asc
nrows	100
cellsize	150.0
xllcorner	0
ncols	100
yllcorner	0
NODATA_value	-9999
[rows 34 to 50 of 100, columns 37 to 73 of 100]
6.170810841930843083e+01 8.186029046850738666e+01 8.261672324133307654e+01 7.120166441848905947e+01 5.086308748124695711e+01 3.892073932862771102e+01 3.977623203200116819e+01 6.024493357110016234e+01 6.532094405379127977e+01 8.548404531535592810e+01 8.273929294533562029e+01 7.265186554099012994e+01 6.141265130770793235e+01 4.095444872114742196e+01 4.202307196721978499e+01 4.427174953095929055e+01 6.461831152986633242e+01 7.624200879774237194e+01 8.927981223458296256e+01 7.517599297370558986e+01 6.770455566518454305e+01 8.769632566000858276e+01 1.059579272830178525e+02 1.159507815349737712e+02 1.049786561558443339e+02 8.500483826249610786e+01 7.344745984177222908e+01 6.742609339424944892e+01 6.189648545804351443e+01 6.953951325154260132e+01 8.365154438005428972e+01 7.347019340587935687e+01 5.352819053379575820e+01 6.700015331367309557e+01 7.333939463249436130e+01 5.326256982857128719e+01 7.333939463538943926e+01
6.593624125205460018e+01 8.605543166975738245e+01 7.428840978941185824e+01 5.394924550858922174e+01 4.357594200582617106e+01 5.946209886891899998e+01 6.024508377835179829e+01 4.788522688240786351e+01 6.822170789558084891e+01 8.817969370910287807e+01 7.443238634921493713e+01 5.422146791631710272e+01 4.393299869493479548e+01 6.141265130771569147e+01 6.242428532542636077e+01 6.461831152986633242e+01 4.769655509999830656e+01 6.794755548509689902e+01 7.524892771660969970e+01 6.099729966031323158e+01 8.103262915519654541e+01 7.770530043954438781e+01 8.768672151510612878e+01 1.076879802458396114e+02 1.131971623104378182e+02 1.016876942136623825e+02 9.344676701837512667e+01 8.741674902093390642e+01 7.539131611213218775e+01 5.543566795758581378e+01 7.087225169075958320e+01 6.805319801221585863e+01 6.536854513499950770e+01 4.709495482625376894e+01 6.699589984082130911e+01 4.898557079713928886e+01 6.905900120931570996e+01
7.182901569341635195e+01 9.192128204506626332e+01 8.261672324133303391e+01 6.764385856104020434e+01 4.711451066363223106e+01 6.764385856104020434e+01 7.654814437286016471e+01 5.812080852816087884e+01 5.968833291585900014e+01 7.987851489789900938e+01 8.273430596697852479e+01 6.644589998802798902e+01 4.611175467149480767e+01 5.792309308982399330e+01 7.808827072252387325e+01 7.624200879774237194e+01 6.794755548509689902e+01 5.121419166975701387e+01 5.515046640776862574e+01 7.524892771660969970e+01 8.930815929944550646e+01 9.768735088047284876e+01 1.059579272830178525e+02 1.159507815349737712e+02 1.157912898099766323e+02 1.058295186300524051e+02 9.759666865574428130e+01 8.268614167901591827e+01 6.270843909877768851e+01 7.087225169075958320e+01 5.093853196455484778e+01 4.814327940698201758e+01 4.547364824311350162e+01 4.284017154131179694e+01 5.961005894911444614e+01 4.500742319814138170e+01 6.497362814962646382e+01
7.486539607109595806e+01 9.493894959894406327e+01 8.563705511366525513e+01 6.539242748296274499e+01 5.081996335595683689e+01 7.133432519244747994e+01 8.662638899923929614e+01 7.243479591072792800e+01 7.399294622556085699e+01 8.817969370910287807e+01 8.279283641207568678e+01 6.272280578975740184e+01 4.834484707265806236e+01 6.861959600396784253e+01 8.638268689720810301e+01 8.554642559614853781e+01 6.551345612287099129e+01 7.138097703429076546e+01 5.602748694821153919e+01 7.611584916580974891e+01 8.605440454406254958e+01 9.432819249554106023e+01 1.083503356012940344e+02 1.166139893976776989e+02 1.075781913173247801e+02 8.761514599416376825e+01 7.760334981097479101e+01 7.053516304819818572e+01 8.154697598475088682e+01 6.157639548333863644e+01 7.087225165818973949e+01 5.961619812916387673e+01 6.536854512833886588e+01 5.962668653429632570e+01 3.963996039570762520e+01 4.421577376843852392e+01 6.969168843860676077e+01
9.493894959894406327e+01 9.573686814495593467e+01 7.563452986365528830e+01 6.387356775780497742e+01 5.518523129971183039e+01 6.977322014353352131e+01 9.008721579096011567e+01 9.253704128235200699e+01 9.408753460893498755e+01 9.757997615056380880e+01 7.755074924227741917e+01 7.083034538887199005e+01 5.061658866674049762e+01 6.494955803158931928e+01 8.505878349805105643e+01 9.382128147614479019e+01 8.554642559614853781e+01 8.439532483426850717e+01 7.025644070928423446e+01 6.117083948439356078e+01 6.605720539147080217e+01 8.605440454406254958e+01 8.835236421948877705e+01 1.083503356012940344e+02 1.157912898099766323e+02 1.058295186300524051e+02 8.686603760971860311e+01 9.052796298896365101e+01 7.788266764034484879e+01 7.569635069735207367e+01 8.783359897323339283e+01 7.957835416019847230e+01 7.182600705128616880e+01 5.184562153788076699e+01 3.770614083275570039e+01 5.508888945261696790e+01 6.335642709416083562e+01
1.058379494089688677e+02 1.039560156418213381e+02 9.232922101323283925e+01 8.078643861713477747e+01 6.026655778771895200e+01 7.199103864948185105e+01 8.634418788116492749e+01 1.062580930933753933e+02 1.001364636777381065e+02 9.185089965906624343e+01 7.755695977050172019e+01 5.740895978368306629e+01 5.324509850283379819e+01 7.342291917623722952e+01 8.414327074674325502e+01 8.951157389566071743e+01 9.778777389466479519e+01 9.853420174006939192e+01 8.674977999086257796e+01 6.675552476746327102e+01 8.605440454406254958e+01 7.423348247835070879e+01 8.421203744044660766e+01 9.834799728210875003e+01 1.183526739204793046e+02 1.150381573286509820e+02 1.068216624027521391e+02 1.060828336601514081e+02 9.785127837758062697e+01 9.567163489900779894e+01 9.469787409643437570e+01 8.647036449191799079e+01 7.716917943534582491e+01 5.581761782009440509e+01 5.508887984758336387e+01 3.510209159906879961e+01 5.253436876143722856e+01
1.081697726176249859e+02 1.146566766443096839e+02 9.173656236178152312e+01 7.313125488574033284e+01 8.093562603107605469e+01 7.068169746531097530e+01 9.112067019387667699e+01 1.060164416089487531e+02 8.598334006503748128e+01 7.176896689603442780e+01 6.504931184970148195e+01 7.687716566119922845e+01 5.673560516142915588e+01 5.898642529425675463e+01 6.403654526920776391e+01 6.942522276407017046e+01 8.951157389566071743e+01 1.030690184458641454e+02 8.308211485381715988e+01 8.674977999962564468e+01 7.744865269915479189e+01 9.420963442724502102e+01 9.420963442724502102e+01 1.124759947452962621e+02 1.090034844660739282e+02 1.008009631636513035e+02 1.015991886247551577e+02 9.338183056723946152e+01 9.369571655556713097e+01 8.546487727696369063e+01 8.647036449131796587e+01 6.651636604584460599e+01 7.236075687864966710e+01 7.675558265941197078e+01 6.317469807775023583e+01 5.253436933450719692e+01 3.254943065391886137e+01
8.974171369106473151e+01 1.033296295538630289e+02 1.038259354302974202e+02 9.092946262509845212e+01 9.947410439787712733e+01 8.096966130615690815e+01 9.947410439787712733e+01 1.060164416090175052e+02 8.598334006503748128e+01 8.515692207139352377e+01 7.928262029295868274e+01 8.043400863950452617e+01 6.031348088047820966e+01 7.911658937735971620e+01 6.976789284825906634e+01 8.951157389566071743e+01 7.891462514903781766e+01 9.896199438208510912e+01 1.030690184458641454e+02 1.057025492218667466e+02 8.742993158401830556e+01 1.057025492218667466e+02 1.141997349526820926e+02 1.095031509217523080e+02 1.008009631636513035e+02 8.085993084668140796e+01 8.670052398134970417e+01 7.341871309426257142e+01 7.778087931692547841e+01 6.550331341715893529e+01 7.056706775446954794e+01 6.732977039432626043e+01 5.240248513383799889e+01 6.130734463088745656e+01 5.235583892351312585e+01 3.565577215766189312e+01 5.210775231321630230e+01
7.950020810669749949e+01 8.514619453573244812e+01 1.009130836290580788e+02 1.139326275163234499e+02 1.095945203779718753e+02 1.012716790815965879e+02 1.095945203779718753e+02 1.142895873225551924e+02 1.060164416090191963e+02 1.051962159499981908e+02 9.933874109437452660e+01 8.410496976939987235e+01 6.399829196267639730e+01 8.410496976939987235e+01 7.876983465922040750e+01 9.812794240877681773e+01 9.310749714597585580e+01 9.161311474915953568e+01 1.116076467675169539e+02 1.156961756511317674e+02 1.074311829232621562e+02 1.156961756511317674e+02 1.127793171032604249e+02 9.290207853533385673e+01 8.135217785367500198e+01 7.378837090385407294e+01 6.672653186891824362e+01 6.189160230742641033e+01 5.782341226781213095e+01 5.398515391750484582e+01 5.061102661166139427e+01 4.737159174324414579e+01 4.425320155575661829e+01 4.137161470386354978e+01 3.885573702608806457e+01 4.977316365333686576e+01 6.356163124317058788e+01
7.017874909553678719e+01 8.395666921789495518e+01 1.040480616711847830e+02 1.116121627548331361e+02 1.082358044183968246e+02 1.163491667293031924e+02 1.261435483041521053e+02 1.253582511344170030e+02 1.054201053508115677e+02 9.126398263284573886e+01 8.122420275030707160e+01 7.300930033023615806e+01 6.888789276860781285e+01 8.897738806866340155e+01 9.881764539502557909e+01 9.515107898518850504e+01 1.130960010103757156e+02 1.057681079805623341e+02 1.198541014133481610e+02 1.224338534722633511e+02 1.141395065925884609e+02 1.189260019138294524e+02 1.209561970811647171e+02 1.095031509217523080e+02 1.013031880647385634e+02 8.670052398846182484e+01 8.670052398846181063e+01 7.341871309426257142e+01 7.778087935097231309e+01 6.395848020303838410e+01 7.056706775288807876e+01 6.732977040014110059e+01 4.920165428138616903e+01 4.700623695895558996e+01 5.887122461201110468e+01 6.707842791492312529e+01 7.784797932314458535e+01
7.648570170571844073e+01 9.608451643319016000e+01 1.058292458012639230e+02 9.193055456838501982e+01 8.851607214178085314e+01 9.844085378773486639e+01 1.123193755818545299e+02 1.318192448186424315e+02 1.195061114562849269e+02 1.095210110531858589e+02 9.308155490965025081e+01 9.308155490965025081e+01 7.600976898796926662e+01 7.964714834803466204e+01 9.969159603112730395e+01 1.151319950268291876e+02 1.233766027633523095e+02 1.257055405049867005e+02 1.250313502008873598e+02 1.109098307232811749e+02 9.420587795303144674e+01 9.896856233209396692e+01 1.189260019138294524e+02 1.156004231597388667e+02 1.073058383845385180e+02 1.066087550241541919e+02 1.015991927945607785e+02 9.338183057980437241e+01 9.215530856226865808e+01 7.808144306518690314e+01 7.767142452305684230e+01 5.771117534244975644e+01 6.916034568099911439e+01 6.696422991297744431e+01 5.593190959557154684e+01 6.745746012761389920e+01 8.740803336793162259e+01
9.029786623830334236e+01 9.834093171237633157e+01 9.017948268559990765e+01 7.781054007594424604e+01 8.936508161645112125e+01 1.033456001534026569e+02 1.229044972703617447e+02 1.182600315068692964e+02 1.101236246164452837e+02 1.182600315068692964e+02 1.130722713814112126e+02 1.036391945187160957e+02 8.361196811354710690e+01 9.969159603112730395e+01 9.383800269774138769e+01 1.138234204452044196e+02 1.214337695153339922e+02 1.131425609383560555e+02 1.131425609383560555e+02 9.678831131487389428e+01 8.278971077011678403e+01 9.375760660708722583e+01 1.020174680564667540e+02 1.040973264387439059e+02 8.742370573141884904e+01 1.040973264387439059e+02 1.181286559861665637e+02 1.098494468236648203e+02 1.062291746980785661e+02 9.177635377324810406e+01 7.182897154567265829e+01 6.769200317418906820e+01 8.591197885618262831e+01 8.412742136503055690e+01 6.591249689470755868e+01 8.412742136503055690e+01 9.562799342524293422e+01
9.068719579286944565e+01 9.017948268559990765e+01 7.016630527858248456e+01 9.017948268559990765e+01 9.719898765185949685e+01 9.719898765564136056e+01 1.053666157043637668e+02 1.084036013061312076e+02 9.038183697393442628e+01 1.067385715900087888e+02 1.148841714868361379e+02 1.118947752247091785e+02 9.519475350280201553e+01 1.118947752247091785e+02 1.138234204452044196e+02 1.220678569670672857e+02 1.131425609383560555e+02 9.321897821068938583e+01 9.321897821068940004e+01 1.073263738630117388e+02 9.375760660708722583e+01 7.400181624234068067e+01 8.629061971303501366e+01 9.350498527650600522e+01 7.604970399681842252e+01 9.582688374519598540e+01 1.066494048875621843e+02 9.001034816530254545e+01 1.009723302933078202e+02 9.999498616669255568e+01 9.177635377324810406e+01 8.181649669521698343e+01 9.587681444377687967e+01 9.408949435322878685e+01 8.586663217958621885e+01 9.408949435322878685e+01 9.553038654862226053e+01
9.877078406161977853e+01 8.558814490368722261e+01 6.550214172040075766e+01 8.547115867367638486e+01 7.726852198196974086e+01 7.726852198196986876e+01 9.719898765564136056e+01 1.002527307951898621e+02 8.037979033969202192e+01 8.694367408140716691e+01 1.067385715900087888e+02 1.219171852533905991e+02 1.151745154672139222e+02 1.234160859515044137e+02 1.204713540519205992e+02 1.121750463690997464e+02 1.141568084636576828e+02 9.905446048609178433e+01 7.924645464178978216e+01 9.905446048609178433e+01 9.554072209412768757e+01 8.629061971303501366e+01 6.661430122398121512e+01 7.375791524645811137e+01 6.865295757959809464e+01 8.835181240032130745e+01 9.839533787277807164e+01 7.866854958028380906e+01 8.122105746855996244e+01 8.998380708206605050e+01 9.821285957607312866e+01 1.017362108512792815e+02 1.003660690647322014e+02 9.219812111182531567e+01 9.219812111182531567e+01 8.958579183791539435e+01 7.503694456456346984e+01
9.408687656036363478e+01 8.150261503948574671e+01 6.116769136315793531e+01 7.521588067790530374e+01 6.298137977587207104e+01 7.847464035982841324e+01 8.154823629922417183e+01 8.490076878813995620e+01 7.275153299833255005e+01 9.274146532878393145e+01 9.407606456439260967e+01 1.079966249088915617e+02 1.193707925695647276e+02 1.278381087297620695e+02 1.121747894982398321e+02 9.225391199196860725e+01 9.808818627817574054e+01 8.600865776103134408e+01 7.304406853488893603e+01 8.437066161850623303e+01 7.577221481927200841e+01 7.886726111988278376e+01 7.625105060179535599e+01 5.995340293101929063e+01 7.954070135096513638e+01 9.657844688241708297e+01 1.009723302929812547e+02 8.122105746855994823e+01 6.739343846205055399e+01 7.034132814927792765e+01 8.683435451847434194e+01 9.821285957095660990e+01 9.219812111182531567e+01 7.269322502971665756e+01 7.269322502971665756e+01 8.103933475184112467e+01 6.085718389000113149e+01
7.915465338230613668e+01 8.057246565025907614e+01 7.549782321400226692e+01 5.531317552981852259e+01 5.531317552981854391e+01 5.829720410674740805e+01 6.139331988335350587e+01 6.478557385464510787e+01 6.933827882696513711e+01 7.457824668587952033e+01 7.997362335694700164e+01 9.150988555204968122e+01 1.112367171893664590e+02 1.195606202043015855e+02 9.959212993040569017e+01 8.814200838646372915e+01 7.828912992496090340e+01 7.209015763347824191e+01 6.832910406458375974e+01 6.471196611195378523e+01 6.194226808967122366e+01 5.928933429916754960e+01 5.671434203673361196e+01 5.649030498402062506e+01 7.601605473670954893e+01 8.366026117497702330e+01 9.189110817570210088e+01 9.227770632151433006e+01 7.864321658266926818e+01 5.911087354233257685e+01 7.034132814927792765e+01 8.998380708206141776e+01 9.055927391564792117e+01 7.099223151001484666e+01 5.879088586148645845e+01 7.341119873715304323e+01 5.333940809947996087e+01
5.901389972903718473e+01 6.047763736334854912e+01 6.851857912025327835e+01 5.143024891331932480e+01 6.573471876190490093e+01 7.847464035874642718e+01 7.047804569253359830e+01 8.490076878813995620e+01 8.938287725476448031e+01 8.574655694262807515e+01 9.984742563330328835e+01 9.150988555204968122e+01 1.112367171893664590e+02 1.207557441459569674e+02 1.007763883610717528e+02 8.674634847112120895e+01 7.978497386358483823e+01 9.182719956426761598e+01 8.802880407368364502e+01 7.209342327847387821e+01 8.156227654614167477e+01 7.886726111988278376e+01 7.262317489793977643e+01 5.313456013095401431e+01 6.978047106260513033e+01 6.403167015520227778e+01 8.366054026287461909e+01 8.406803901293670833e+01 6.448326479279400303e+01 5.477368039549348566e+01 6.875966138311208908e+01 7.508176401880778883e+01 8.325962190610702862e+01 7.099223151001484666e+01 5.128583815056655482e+01 6.261894618526033440e+01 4.704058645607450018e+01
