LEM/with_lateral_4open/elevation_000637.asc
nrows	100
cellsize	150.0
xllcorner	0
ncols	100
yllcorner	0
NODATA_value	-9999
[rows 34 to 50 of 100, columns 0 to 36 of 100]
2.064481644892168788e-02 8.185610625726253531e+00 2.232774624945745501e+01 4.232774624945815845e+01 4.637038328517240870e+01 2.816498161175562842e+01 1.570342447799449204e+01 3.571026457296461132e+01 2.136046792488015811e+01 4.135946420503404397e+01 5.624332605369622229e+01 4.791793093313622620e+01 3.470074060106115610e+01 5.341997565560163963e+01 4.862236932440298176e+01 2.865915992117493971e+01 4.864089422767639093e+01 6.000973638567703006e+01 6.823485385372667622e+01 6.454737390932501739e+01 5.628661072476192828e+01 4.287567894521317413e+01 6.281240700692298873e+01 8.081933759071661427e+01 6.538355674168346354e+01 6.047381651623237531e+01 7.454650673094712943e+01 9.447531977359302857e+01 1.141972158363969783e+02 1.021452030729947893e+02 8.228190732841207478e+01 6.852689818396488874e+01 8.864325924811700474e+01 8.550578995758625922e+01 7.009156637479763674e+01 5.586022914486581215e+01 4.576524702394839039e+01
2.905961989428186565e-02 2.002905961989392836e+01 2.818561062572661058e+01 4.818561062572731402e+01 5.521651977162251512e+01 4.398926799767541951e+01 2.570735136239953533e+01 4.402202742139535729e+01 3.550443452741176031e+01 2.892213851837414751e+01 4.891495515822720819e+01 6.367733563250210693e+01 5.536814075432863547e+01 6.371399293568945410e+01 5.691005610733764541e+01 4.864089423690783320e+01 3.297138311215777406e+01 4.003116163286176743e+01 5.001948779869746886e+01 6.994574533084676204e+01 6.800074349700236098e+01 4.861793793137573516e+01 5.787456287309225189e+01 6.968241974286749496e+01 8.060259187737673869e+01 7.454650672736484296e+01 7.454650673094712943e+01 8.864688256071246997e+01 1.085464119403697367e+02 1.105856205227407685e+02 9.573311291622906083e+01 7.567997849085962514e+01 9.573311291622906083e+01 9.845788346622254039e+01 8.427472492051010988e+01 6.971700877486929926e+01 4.961190292858650253e+01
3.542675937824442400e-02 1.417756238310906980e+01 3.417756238310835926e+01 4.459715234111830995e+01 5.286806520804034903e+01 5.407972408430126166e+01 4.576280433289917937e+01 5.416329387270770468e+01 5.547432030614619691e+01 3.892292101965691131e+01 3.892291062458685502e+01 5.046798544011979004e+01 7.042328204650341661e+01 7.223717106927881559e+01 5.225432078894878174e+01 3.812721254805195059e+01 5.294877468816934396e+01 4.928211753274450757e+01 6.823485385410788240e+01 6.992547164018223782e+01 7.544733247986580693e+01 5.556630427747017364e+01 6.492014677365573050e+01 6.737160445534608755e+01 9.335245217000726825e+01 9.447531848188702952e+01 9.447531977359302857e+01 9.937138295660967913e+01 9.787579181217881796e+01 1.061842961264512581e+02 1.040013184735602749e+02 8.728405973485300251e+01 1.040013184735602749e+02 9.292341873894183379e+01 7.284455250863761933e+01 6.121506474964203193e+01 5.434214880100446265e+01
3.411803931810562102e-02 2.003411803931775026e+01 2.846626079252099117e+01 2.460282955386350423e+01 3.839651214811804891e+01 4.503147559619373652e+01 5.335019333482531323e+01 6.229359464107638900e+01 6.715642211063565981e+01 5.306106950197815308e+01 5.046798544011979004e+01 6.713767075527256623e+01 7.863805245731109039e+01 7.194628948954481018e+01 5.195927316005641927e+01 4.196858115631108177e+01 6.195278139555879449e+01 6.926352809153472379e+01 7.752541244479766647e+01 8.955026928692363697e+01 8.396867922593689570e+01 6.536685314992232065e+01 8.247115019979811734e+01 8.884101813068757281e+01 9.989668366401237165e+01 9.430366163221830789e+01 9.359135132292055914e+01 7.950176024455443269e+01 7.802561550885400266e+01 9.200785913466638988e+01 1.120422344653217124e+02 1.072747341999144624e+02 1.155345209828846720e+02 1.011987102615550072e+02 8.133088021328815387e+01 7.965943075737614265e+01 5.951620106137072241e+01
3.327314952832965272e-02 4.203561430669512156e+00 8.467575757769749245e+00 1.305589043478865108e+01 1.840111525368731549e+01 2.506778153667996278e+01 3.401207648439802256e+01 4.815526385308504587e+01 6.815699147781137412e+01 7.302028814999557937e+01 7.042328204650341661e+01 7.863805245727336057e+01 9.189718256566496279e+01 7.194628945523332675e+01 6.195278133249212260e+01 4.828459996894015660e+01 5.138742057942789643e+01 6.033053992929502130e+01 7.187497694701141882e+01 9.175032487921194502e+01 9.428263018660547345e+01 8.560412268465834984e+01 9.431641137859369906e+01 9.410169895294849596e+01 8.576141015315370453e+01 7.555046708779305220e+01 7.788936592919213808e+01 6.565802357918174437e+01 7.541609833869803481e+01 8.936542062894412197e+01 1.093773452842753073e+02 1.181122740127937192e+02 1.097665695750154384e+02 1.096426937943879381e+02 9.604464025502932145e+01 7.597694026050990601e+01 6.664982753320937547e+01
6.779948344387334846e-02 2.006779948344351894e+01 2.846626079252099117e+01 3.305342469763248658e+01 3.839651214811804891e+01 3.839651214811804891e+01 5.335019333482531323e+01 6.229359464107638900e+01 5.729952789990982609e+01 5.807720544126123485e+01 6.634548985256844844e+01 7.479742017426210055e+01 8.657783912736407217e+01 9.016807836864673220e+01 7.493664424125817902e+01 5.494864444315216190e+01 7.137051251664671270e+01 7.137051251664671270e+01 8.850631459584614902e+01 9.991914593173805770e+01 1.034553428239355952e+02 9.762183380369475572e+01 1.032803803158255391e+02 8.576343113650760586e+01 6.600907018317924724e+01 7.179036428878569609e+01 5.829978153569626187e+01 7.788936592919213808e+01 9.359135132292055914e+01 1.035317272549093559e+02 1.116938172794041577e+02 1.033400785158717241e+02 8.952741959915843495e+01 1.064425643923615041e+02 1.043161355590278561e+02 9.505595361276859023e+01 7.674931629736840932e+01
9.516927588586144779e-03 2.000951692758822986e+01 3.505772584650043200e+01 4.326217984536484806e+01 5.522301982849888446e+01 5.837390019302134192e+01 5.676081263451770553e+01 4.858679853811494809e+01 3.730465568987624891e+01 3.807918621019047123e+01 4.653151693078269346e+01 6.635158188607844920e+01 6.655110044573977746e+01 8.070831222836623908e+01 8.319008866724115592e+01 6.909001065426346599e+01 6.909001065426346599e+01 8.905166638084929787e+01 9.951756889247693039e+01 9.481566108301606732e+01 8.364684063735899144e+01 7.788079956479693067e+01 8.362257514457793661e+01 8.660274140730754766e+01 6.612008073875432501e+01 5.211934063543734652e+01 7.179036428878569609e+01 8.612363413114816524e+01 8.756373859570334162e+01 9.577412919087417720e+01 1.033400785158717241e+02 8.305218755015766874e+01 7.776207797550885914e+01 9.737298354229577058e+01 1.116931807378080208e+02 1.050681860215070458e+02 9.679992349536475160e+01
1.945935296826603253e-02 7.805360388101655111e+00 1.612791619752452021e+01 2.867193817940842493e+01 4.057416108187688764e+01 4.562531131516643512e+01 4.630251712982480683e+01 2.986009560487465464e+01 2.321395811098143014e+01 2.658192681015524172e+01 3.807918713234077046e+01 5.807825813696805284e+01 5.238647110853455047e+01 7.241679640053656897e+01 8.977467755815891337e+01 8.905166638084929787e+01 8.905166638084929787e+01 9.729016668021880321e+01 9.481614763563972303e+01 7.511710123140566964e+01 7.872988570152038790e+01 6.409426671888164151e+01 7.317946152176823205e+01 8.008584289512093335e+01 6.817285074138861489e+01 4.846105691555176520e+01 6.817285074138861489e+01 7.359554203062856459e+01 6.782999626871550447e+01 8.756373859570334162e+01 8.938013634221354664e+01 8.097723779559505886e+01 6.855461266659726505e+01 8.305218753416963295e+01 9.517018557423257619e+01 1.035386363134453234e+02 1.107452043316288268e+02
5.600688922766024203e-02 2.005600688922730512e+01 3.501239260296760136e+01 2.928069031333496852e+01 1.935880255852850951e+01 2.964184887452958961e+01 3.438348315186152604e+01 1.862899847902376393e+01 3.859207017495291581e+01 4.653245160894046961e+01 3.220366848771029566e+01 3.973357455361549029e+01 5.974850636117581359e+01 6.145277080113451973e+01 7.561811580932732113e+01 9.564139757856572999e+01 9.364946806382508271e+01 8.535209985197491278e+01 9.364946806382508271e+01 7.813210389068001405e+01 5.910492843168693611e+01 7.317955032230854329e+01 5.358161849450157632e+01 7.315144176781717533e+01 6.471884193951855480e+01 4.496934432223896039e+01 6.305820550609811193e+01 5.386634377042184241e+01 7.360987557810220494e+01 8.923214888763051533e+01 8.097723779559505886e+01 6.053307453574667107e+01 8.097723779559505886e+01 8.077199137221030867e+01 7.480809749644369333e+01 9.517019163789764491e+01 9.048759227119313664e+01
8.215197286175310309e-02 2.008215197286139642e+01 2.423920511124974198e+01 7.329894058696654113e+00 9.576148943685613091e+00 1.189477354251255647e+01 1.440303996093693151e+01 3.438348513146114271e+01 4.687763814527926343e+01 6.047742881053830644e+01 4.631928990980401295e+01 3.973357455363911583e+01 4.728892011935787565e+01 6.145277080113451973e+01 8.148279925792826361e+01 8.898860205024992354e+01 8.367378285254289949e+01 6.543396942430514684e+01 8.367378285254289949e+01 6.995419951177362350e+01 5.025851834979727073e+01 6.010606444730495213e+01 4.784131062035188364e+01 6.753236268598494974e+01 6.135984409668977690e+01 4.157457705564858230e+01 4.324959211514624258e+01 6.305820550319330664e+01 6.125251374008954741e+01 8.100639229416319154e+01 7.615850158192918684e+01 5.588304042860356446e+01 6.990135762963045352e+01 6.043478259275109821e+01 8.077200463008084341e+01 8.980977401123817572e+01 8.142621806119012717e+01
2.613274238814250472e-02 2.112412092138773900e+00 4.212862852025268445e+00 1.717978677741268001e+01 2.893409392483732390e+01 1.857269173038064025e+01 3.438348446222735788e+01 2.170885864910791696e+01 4.167356581795515780e+01 5.812380463539622610e+01 6.634142363317849345e+01 5.388187415418698833e+01 5.388187415418698833e+01 7.391216010789639768e+01 8.898860205024992354e+01 6.904197495596081069e+01 7.270224922672261414e+01 5.548950971813434307e+01 7.539303463814003692e+01 7.402211042860095347e+01 5.434202656603559944e+01 4.030033276890991090e+01 5.481859917151857076e+01 6.299642789977597346e+01 6.956177953994807694e+01 5.679489354648350030e+01 3.696299460657578351e+01 4.507935726465065329e+01 5.909363928973426994e+01 7.884069497923744052e+01 8.457225850570280556e+01 6.990135762963045352e+01 4.996339115329035963e+01 6.989874300747651148e+01 8.242500894310248327e+01 7.405974245717813176e+01 6.125229377304515310e+01
7.532853315450405152e-02 2.007532853315414911e+01 1.578017148774000056e+01 3.041897280304507234e+01 4.033021639631452615e+01 2.563184792723098226e+01 4.560363965255195495e+01 4.167356581795515780e+01 2.984837680485905054e+01 4.396796807620291503e+01 6.398813890345667232e+01 7.391216010789639768e+01 7.391216010789639768e+01 8.220532958494942477e+01 8.679987656492529879e+01 6.686282078595719724e+01 5.278793846453148575e+01 4.843855373827541655e+01 6.835607591791426785e+01 7.979289862414275092e+01 6.010606450251494692e+01 5.481861792865036875e+01 3.495620274164539865e+01 5.481865227398044738e+01 6.469992807235615828e+01 5.413461557828004089e+01 3.428033758420266963e+01 4.576591244891761079e+01 5.978017106833291194e+01 7.953585780364323909e+01 6.993989996498903849e+01 6.158378293825171568e+01 4.661469456324361715e+01 6.637677412700519142e+01 6.784967994203219632e+01 5.406294952407936449e+01 6.643001947809185026e+01
6.101047412966256744e-02 2.006101047412930782e+01 3.579445993243077595e+01 4.408035346091114803e+01 5.389350965071339772e+01 3.974270875142798332e+01 4.193133802737322924e+01 5.812353185246666953e+01 4.396796807620291503e+01 4.247367730594738333e+01 5.662780263810914505e+01 7.665350539476710878e+01 8.407620131410740782e+01 7.613107154746175809e+01 8.407620131410740782e+01 7.355562254313126402e+01 5.364046697718120527e+01 4.212129571532774719e+01 5.590512540477729431e+01 6.198637805110963228e+01 7.025531031442362462e+01 5.136431579544623105e+01 3.147301218785811017e+01 4.667998942912822002e+01 4.619161937264438222e+01 4.803003696767881081e+01 3.170657450848684533e+01 5.158363211525842473e+01 6.343645635465040300e+01 6.365631433824786001e+01 6.157848455786108133e+01 4.194518673721607627e+01 6.158378293825171568e+01 6.240037245193860116e+01 4.792527105507962659e+01 5.933472680073548133e+01 7.948132224506768750e+01
6.842009524227352091e-02 1.968898159098722189e+01 3.062769694806951648e+01 3.518582554407725382e+01 4.341641387156061427e+01 5.975317852217690984e+01 6.194349297377056729e+01 7.023379717159555469e+01 6.398813890345667232e+01 6.249319517750815578e+01 7.078502360905221735e+01 7.660869361548402878e+01 6.870465169310278952e+01 5.728586771275446665e+01 7.460438803422410103e+01 8.183464658811051606e+01 6.740952088756696980e+01 4.748321092104578867e+01 3.595047282304361147e+01 4.204662605615562398e+01 5.873916318975084039e+01 5.955672476465282728e+01 4.667998942739021118e+01 2.675700839163102174e+01 4.333934042001829567e+01 2.812012197550438586e+01 4.670896272511409819e+01 4.776796078750383145e+01 4.299797748677478637e+01 4.398036233620415203e+01 5.791123735617618706e+01 3.878317439005316203e+01 5.732553801945524441e+01 4.250628188606508928e+01 6.240037245193860116e+01 7.621570823498011293e+01 8.786186268712044978e+01
1.934550753332892059e-02 2.001934550753297515e+01 1.045436853206650873e+01 1.530381419741716265e+01 3.518582554407691276e+01 4.956441124650960717e+01 5.704734307894777601e+01 5.704734307894784706e+01 7.697373423214570209e+01 7.261483606850944739e+01 6.475947208779652442e+01 6.424932386110094740e+01 4.968751915703536071e+01 4.765233367493101468e+01 5.874306254981652131e+01 7.759175537540984635e+01 7.567985058320597602e+01 6.416927182470332980e+01 5.047415686924856004e+01 3.050549636467156134e+01 4.563104531263263652e+01 5.059300775263700700e+01 4.232659549984497005e+01 2.363737734323569484e+01 2.458806717224977945e+01 2.563271216737290459e+01 2.668149676274753546e+01 2.773585383764249102e+01 2.879702666802718269e+01 2.986471494673385152e+01 4.989740754302270176e+01 3.563188507928477122e+01 3.741074442713472337e+01 5.732554095350281642e+01 7.075141707891491194e+01 7.970806942821050711e+01 8.804371686708884681e+01
4.364784840791047227e-02 3.965970609566305427e+00 1.289538884727409140e+01 3.229659545040403401e+01 2.313254472552843310e+01 2.976496570294359145e+01 3.724936637266788608e+01 5.704734307894783996e+01 6.674761397549626452e+01 5.876568924470122823e+01 4.634678839732045219e+01 4.504734645917997682e+01 3.836836080049702247e+01 5.216224540636905260e+01 7.115145446020875397e+01 8.554714138011361513e+01 7.800468901201494987e+01 6.921546789065786243e+01 5.873916318975087592e+01 4.563104531263263652e+01 2.565526691020947325e+01 4.104740668852826246e+01 2.235237466584938204e+01 4.126333415136522120e+01 3.125486627572523446e+01 4.566165324859185404e+01 4.671218132375806675e+01 4.188917904963109606e+01 4.882969064203962262e+01 4.988431339331448555e+01 3.138765768319935390e+01 3.250886224415525305e+01 5.256927460973660260e+01 6.273973009709198578e+01 7.181534605661933313e+01 5.992235645682055889e+01 7.369825318812559090e+01
5.219006137575642884e-02 2.005219006137540205e+01 3.154395212474193855e+01 2.883084786817245160e+01 4.296459606532098974e+01 4.296459606532098974e+01 5.704734307894777601e+01 6.531212745139413300e+01 5.881565798403538281e+01 3.938032289552351273e+01 3.524412847386803094e+01 3.109275847160382256e+01 3.990673667978079209e+01 5.079532417691382307e+01 6.913156879541742228e+01 8.556406756631021437e+01 6.915908870916874207e+01 4.864689391136088403e+01 5.457544288126404552e+01 5.358031895094974573e+01 4.072625063250085731e+01 2.107015008107899590e+01 4.104740668846245200e+01 5.041826420643317874e+01 5.137544422844242575e+01 4.196115390939233691e+01 6.218617013876403377e+01 6.196059825750016614e+01 5.708909585277933729e+01 3.704528656728851388e+01 5.141999387323109971e+01 5.256927460973662392e+01 3.432819025461101603e+01 5.439644999565669536e+01 5.170157439669188193e+01 4.870900732521808152e+01 6.036824865931804851e+01
