LEM/with_lateral_4open/elevation_000600.asc
nrows	100
cellsize	150.0
xllcorner	0
ncols	100
yllcorner	0
NODATA_value	-9999
[rows 51 to 67 of 100, columns 37 to 73 of 100]
4.244112823286249636e+01 4.440329273669973276e+01 6.460301926255728233e+01 7.572998141353457413e+01 8.561659969241318890e+01 9.384126186345949350e+01 8.335690403633087442e+01 8.915626427642789054e+01 1.018470647680104406e+02 1.035916036676429002e+02 1.117989586227985086e+02 1.011851146877340710e+02 1.177638207722378638e+02 1.204434066487202273e+02 1.003880979196381702e+02 1.055148848480398698e+02 8.534559563426374496e+01 9.387014029110311242e+01 9.000247027346914308e+01 8.629404108262804129e+01 8.334348899356324125e+01 8.054225011963244185e+01 7.784985108359380490e+01 7.249987340139635705e+01 5.349653958975488166e+01 6.441474444150513534e+01 8.377313505749268074e+01 8.075664704189773602e+01 6.818564203400241297e+01 4.865476394599534871e+01 3.965976064635013643e+01 4.631187967580444820e+01 6.297029421660548820e+01 6.715471317479703828e+01 4.730834614765138468e+01 3.295751876853019979e+01 4.855503500949505025e+01
5.672482253209508940e+01 6.460302311358843497e+01 4.723720219447032065e+01 5.897398072559347071e+01 7.323227611954614247e+01 9.313037592504885254e+01 1.031571584211575754e+02 1.089554178230673642e+02 1.145636183594463660e+02 1.130821115236098393e+02 1.213105369242968123e+02 1.209787882398852759e+02 1.292014360896605467e+02 1.286834953079020067e+02 1.204434066487202841e+02 1.137923131886978894e+02 9.963921637442669521e+01 1.137923131886978609e+02 1.036037374007207461e+02 9.210744860583488958e+01 8.331882491657289336e+01 7.511150662647710874e+01 7.619348740619840044e+01 6.805033442322414317e+01 5.163949879536069432e+01 6.492027265742574116e+01 8.443890230323791002e+01 8.413672481219379051e+01 7.783515143836589800e+01 6.636642460493986562e+01 5.466565765240165575e+01 3.464296000966382394e+01 5.021801400381197311e+01 5.850657634650657712e+01 6.135165204102528236e+01 4.855503500949505025e+01 2.823933807139859908e+01
7.682627018376133776e+01 6.953953018714149437e+01 4.930446091961484001e+01 6.953953018823018795e+01 8.099932879995907342e+01 8.276344676702888137e+01 1.025986570140138383e+02 1.087705350396251163e+02 9.474817494760316094e+01 9.327024027219526658e+01 1.072694384502669038e+02 1.271151456909151563e+02 1.324571397451109362e+02 1.209744264692681242e+02 1.127480472045083388e+02 1.153299961326951717e+02 1.197000033650420363e+02 1.136243388747937075e+02 9.532318427764128899e+01 7.544369594037354432e+01 6.431538025464649877e+01 5.590024910316957119e+01 6.550587786483006880e+01 4.901355105293449554e+01 6.799109372090816805e+01 7.873892732676240769e+01 8.413672481219379051e+01 6.454620883349718952e+01 6.594173973977713388e+01 7.121744439871433485e+01 6.247542340417049900e+01 5.021801387763339619e+01 2.999501777284408988e+01 4.636203868205622314e+01 5.493726090690067565e+01 5.680495214007562765e+01 4.422371387018691991e+01
7.775082114751100448e+01 5.763734816771462022e+01 6.953953018823018795e+01 5.253853105191909378e+01 6.274941214841620507e+01 8.276344676702888137e+01 9.842589915435495129e+01 1.005519839507139039e+02 8.079686179992567929e+01 1.005519839507139039e+02 1.117422691285958507e+02 1.199699760836319626e+02 1.242468335740624212e+02 1.043303513566141447e+02 9.268707343454315151e+01 9.529885244784134102e+01 1.094261629510939429e+02 1.052717777036251192e+02 8.566810371552220715e+01 8.566810371551881076e+01 7.878386043587801169e+01 6.550587786483006880e+01 4.637021123778586684e+01 6.318535638859522408e+01 7.125667827985348879e+01 8.241301594438672851e+01 8.006219636782439864e+01 6.813325800124577825e+01 4.899096608108310846e+01 5.834627357687034532e+01 4.415891998201821167e+01 4.728094061703564677e+01 2.683341148763645378e+01 2.569290215580608461e+01 4.435321912796769084e+01 4.351729193763024028e+01 4.257131901842532784e+01
8.406814391511697693e+01 6.409101525504374308e+01 8.099932879995914448e+01 7.275642945772243309e+01 5.597665540974686138e+01 7.031182893417522450e+01 8.343528806421861077e+01 8.684271952206263734e+01 7.482957028503534502e+01 9.459559050873173192e+01 9.193864062815748639e+01 1.117422691285958507e+02 1.226407859541481997e+02 1.144155877078340922e+02 1.011658385982129005e+02 8.101682258105013545e+01 1.011658385982129005e+02 9.708593527421260205e+01 7.730967090229158600e+01 6.613616401453174376e+01 5.950885885526459163e+01 5.387638568231296432e+01 6.317538599659989984e+01 4.392229180008713030e+01 5.505385545717391693e+01 7.427490713231020436e+01 7.181692036806107637e+01 5.219492987797409711e+01 4.080237519749925212e+01 5.014278928805823199e+01 2.984587720002226519e+01 2.859142676959158536e+01 4.712114321802923911e+01 4.373805443123712422e+01 2.410404649739726324e+01 2.300962625429664854e+01 2.193077217251804001e+01
9.108710869846930791e+01 7.123447831759719406e+01 9.108710869846930791e+01 8.086451252264951961e+01 6.082297433964401989e+01 6.009128745793604764e+01 6.347011949820330301e+01 6.697415060639160345e+01 7.201158915513134673e+01 7.799658278818270674e+01 9.193864062815748639e+01 1.117422691285958507e+02 1.144155877078340922e+02 9.437279226535804355e+01 9.534931868750531692e+01 7.526977412628114905e+01 8.775996420915696206e+01 8.486897425798690620e+01 9.260797452547745934e+01 8.566810371551881076e+01 7.878386043587801169e+01 7.298580275550325780e+01 6.157449174935524638e+01 4.221063098946718384e+01 5.930815215396541618e+01 5.804823704080996549e+01 6.009850105987820967e+01 5.481387145560155716e+01 5.183745069534339933e+01 3.163246317610296643e+01 5.014278928780781541e+01 4.311777699508597550e+01 5.648666660283112861e+01 4.083594353592164339e+01 4.461025569493530440e+01 4.348196908790922777e+01 2.314830153002076685e+01
9.108710869846930791e+01 8.528768388742516038e+01 9.929847789613621956e+01 8.584102461533380790e+01 6.593497609574757234e+01 6.599310182101420708e+01 8.343528806421861077e+01 7.848661420672415545e+01 9.178642964437307228e+01 8.815588284872404756e+01 9.193864062815748639e+01 1.117422691285958507e+02 1.118324399959145552e+02 9.175927214983532565e+01 8.009209155044447925e+01 7.306814238458397881e+01 6.789661515706652040e+01 6.455854690483560887e+01 7.954352351200483895e+01 7.670805001281974000e+01 7.692494082705607639e+01 6.873563746086526294e+01 6.967061476749266546e+01 5.930815099993397155e+01 3.979876771314528128e+01 3.847412810908355851e+01 5.010492800085960141e+01 3.475666696273962231e+01 3.345531179013948275e+01 5.182505732439097557e+01 5.183678779682153959e+01 6.314540829273735767e+01 6.808384078115561522e+01 6.036659937375294049e+01 4.602039315342172188e+01 2.558790789319017023e+01 4.354705425705640920e+01
1.108971876017833722e+02 1.050881587312550636e+02 1.051211917606878785e+02 8.533919828244138728e+01 7.133166884462556823e+01 7.207136701505916676e+01 9.186861894931089978e+01 9.825737165951329644e+01 1.064721721059259778e+02 1.021322767328480978e+02 1.117422691285958507e+02 1.199699760836319626e+02 1.200608666794106369e+02 1.073293894131963810e+02 8.723244190790087771e+01 9.311870155370939983e+01 8.175907714036600282e+01 7.343725406712250958e+01 6.010023709957303595e+01 5.716904307981322830e+01 6.873541766491952387e+01 4.956136741339788898e+01 6.219501963713729253e+01 4.277765592032670128e+01 5.430261273617158935e+01 5.671950355328154103e+01 3.660312261345879392e+01 5.481387145563834906e+01 4.776774400559403233e+01 4.628930393293263279e+01 6.610402937468539619e+01 7.994478522068344262e+01 7.791667911969736338e+01 5.829718024014501054e+01 4.769676878534732367e+01 2.734597535150388126e+01 4.768970671145578422e+01
1.109447373557475629e+02 1.176568850634092058e+02 9.783621935690483440e+01 8.386412505080397750e+01 7.943901478687004669e+01 9.186861894931089978e+01 8.198301917269334638e+01 9.338098850320989186e+01 1.131922639218975633e+02 1.219628267981241976e+02 1.164931430084686212e+02 1.082195172166603783e+02 1.164931430084686212e+02 1.155737855287493261e+02 1.073293894135733666e+02 1.088042057662571409e+02 9.888811969845156113e+01 8.707860474399255679e+01 7.719632627191589336e+01 5.791239500944828222e+01 5.308738462882634934e+01 6.531705094608807372e+01 4.605341496655970701e+01 4.770018235806869455e+01 5.997196243157388551e+01 6.583613121356150089e+01 5.169502676521209850e+01 5.169502676521207007e+01 6.758551129063634733e+01 6.029330869971361295e+01 7.435193369101794758e+01 8.047436296081984608e+01 7.217481709683134738e+01 5.254887681804946453e+01 3.841642893444529250e+01 2.913603567018719076e+01 4.941025251706160759e+01
1.022908263085733722e+02 1.105205515732459816e+02 1.118614801429391719e+02 1.036415579347083025e+02 8.930238929452340813e+01 1.074173246825740620e+02 9.338098850320989186e+01 1.099732562552795372e+02 1.214202277393347629e+02 1.172340262700750344e+02 1.064788705971283207e+02 8.816850328563641881e+01 1.064788705971283207e+02 1.130851481848130931e+02 1.048370025899505862e+02 1.130851481848130931e+02 9.920705038213054650e+01 7.940543769361686088e+01 6.558942570019665652e+01 7.719534057878803424e+01 7.226808164016293290e+01 5.465147633306673214e+01 6.531727465102754593e+01 6.852074758504483043e+01 5.460198074756966946e+01 7.301251145200717474e+01 7.404036866002340389e+01 6.752332305226453002e+01 8.299264504491081595e+01 8.013363377740883209e+01 7.478556420509748648e+01 6.074439028176749389e+01 6.267702466343154555e+01 5.904060587100055102e+01 5.116052992454635984e+01 3.097573587882317270e+01 4.537720702074324919e+01
8.263307995437078546e+01 1.022908263085733722e+02 1.195886850170660409e+02 1.173247118258078672e+02 1.090996369911318169e+02 1.173247118258078672e+02 1.131922639218975633e+02 1.214202277393347629e+02 1.146392483483225107e+02 1.030811470822944784e+02 8.892826789451403613e+01 7.817159804235306808e+01 9.819401025114835591e+01 1.030896260308667109e+02 8.481354219858965848e+01 1.030896260308667109e+02 9.922456203569176125e+01 7.940587315315555372e+01 7.940552856285120242e+01 8.157531647072364933e+01 8.044766462283897113e+01 6.094597159023111033e+01 8.044648328085652622e+01 7.882215701947214370e+01 5.963175600115342689e+01 7.270691179888598299e+01 9.261766673988336152e+01 8.977390855126935776e+01 9.097019968700496406e+01 8.102584237078578155e+01 6.652316548684497377e+01 4.691161834931038754e+01 4.297157087174458923e+01 3.917695785326125701e+01 3.572263133196070584e+01 3.320288262175836991e+01 5.327451225415829583e+01
8.839070055867162523e+01 9.158008972095218780e+01 1.113232229762004408e+02 1.144362492301838898e+02 1.061572480067353723e+02 1.061572480067353723e+02 1.120192271926160288e+02 1.164664872568555722e+02 1.063640666235719863e+02 8.632779785113774551e+01 7.482743432408454964e+01 7.118242147159357103e+01 9.111501852687266023e+01 8.484537868344702360e+01 7.486274210676353391e+01 9.481127923782895550e+01 1.073642523076684512e+02 9.922457150871007059e+01 9.921352184549967035e+01 9.560198426477201394e+01 8.873859579793450791e+01 7.052197143351764907e+01 8.873241227428682976e+01 8.717471882842880859e+01 7.031457841703014822e+01 7.291396746163482590e+01 9.308578837907424486e+01 9.675141672335172416e+01 7.674031250577453989e+01 6.284329123576556242e+01 5.311878502423721926e+01 6.652316548684598274e+01 6.262124819263063813e+01 4.814896601024818779e+01 4.991759293990028112e+01 5.327450621689854415e+01 3.637562183425654894e+01
7.560815754729163984e+01 8.687621335161163927e+01 1.065776545637298227e+02 1.061572480067353723e+02 8.614080260613265239e+01 8.614080260613265239e+01 9.200348372871889069e+01 9.644166427248444506e+01 1.105874165516289764e+02 1.030811470822944784e+02 8.481177788916788529e+01 6.500899320556710848e+01 7.854958752776057906e+01 6.504365293665311754e+01 8.484537868344702360e+01 9.766599972812868202e+01 1.073208225346641598e+02 9.903756615202243552e+01 1.073208225346641598e+02 1.152131113822267992e+02 9.871296317005715082e+01 9.037865103755873974e+01 9.871642144756795290e+01 9.880649511062942736e+01 9.044372551510085145e+01 9.308578837907424486e+01 1.014354701952226776e+02 9.355264975347203915e+01 7.359758186164418703e+01 6.228373622972288359e+01 6.284329123576556242e+01 8.102583776866846677e+01 7.545910440760633264e+01 5.945589052085230009e+01 6.935254480713349778e+01 5.859716752309577714e+01 3.878992040050508905e+01
9.520302214257178264e+01 1.034179149832314550e+02 1.148300010045219750e+02 1.042676794947529118e+02 9.200348372871889069e+01 7.202739968880887034e+01 8.965398648537502879e+01 8.230094574632329341e+01 1.023067991325465727e+02 1.026270327668179192e+02 8.262218341393571563e+01 6.861770692273121597e+01 5.888682624908567220e+01 5.920622784509897940e+01 6.955850414315747798e+01 8.939223594931090133e+01 9.733870430476822833e+01 7.908712857080317349e+01 9.733870430476822833e+01 1.102552849536964601e+02 1.108559254142180066e+02 1.025203099514953635e+02 9.990425426144440735e+01 1.082245452381992123e+02 1.062719477643381367e+02 9.793761544643467687e+01 1.062719477643381367e+02 1.019867296869807376e+02 9.039690281436142527e+01 7.206771295474270289e+01 7.674031250571870544e+01 9.097019322740254665e+01 8.649968876864406297e+01 7.873424255895264423e+01 7.260971090458551203e+01 6.093529476031787340e+01 4.123515395010494444e+01
1.082827409684386879e+02 1.062746478810618243e+02 1.145078505045391211e+02 9.598691782770589498e+01 7.599436744359044837e+01 6.570905889958446267e+01 6.967215110468761452e+01 8.965398648518105063e+01 1.015569818457092168e+02 9.327478175760262502e+01 9.676342469040650940e+01 8.681241079636475888e+01 7.319806174254890152e+01 5.361734078694649952e+01 6.739531561199578391e+01 8.720713014993724244e+01 8.906234736141281871e+01 6.927802263846864150e+01 8.206753227501759795e+01 1.001715375410640974e+02 9.928068886913662539e+01 8.250177040620449986e+01 7.990645792029843619e+01 9.666735706995022781e+01 9.625866103304974786e+01 7.795009596570100996e+01 9.625866103304974786e+01 1.062719477643381367e+02 1.004214595806974586e+02 8.608551160806185010e+01 9.675141655919571804e+01 9.289292881094644372e+01 8.461761234200056947e+01 7.625815437792208229e+01 6.433089611081365433e+01 4.500114340905818011e+01 6.093529476031787340e+01
1.029963516021042693e+02 8.626619146261542426e+01 1.029963516021042693e+02 9.379774915246719047e+01 7.380829249119965141e+01 5.962986231712105933e+01 7.421072059697068823e+01 8.249500237062459007e+01 9.004375721063185267e+01 7.335545643872747235e+01 9.004375719431524772e+01 8.428628483808795124e+01 6.452241561441780959e+01 5.073667413763674006e+01 7.031111888756259987e+01 7.060961433227969053e+01 7.479250032873855503e+01 6.236644312164303017e+01 7.200048507331979408e+01 9.186704539673668535e+01 9.096262291814926471e+01 7.105194440342700091e+01 6.847532893516174113e+01 8.774784371973227337e+01 7.945805370454507965e+01 6.804288598472598437e+01 7.795009596570100996e+01 9.205542097074554420e+01 1.121384891261593424e+02 1.062633333812254079e+02 9.860709008915441132e+01 7.882298092861273631e+01 6.497404196169793522e+01 6.835523145586925864e+01 4.886563637243936853e+01 6.456894322055356383e+01 7.269674446260707157e+01
8.349181688087394093e+01 7.471750329509880828e+01 9.472563658932945430e+01 9.965850100504684406e+01 7.966306879505033578e+01 7.421072059697068823e+01 5.407671970597444044e+01 7.421072059697065981e+01 8.177435392249329027e+01 6.197797217378347767e+01 8.177435392249358870e+01 8.149143775926685862e+01 6.176527285784886345e+01 4.795329768926404768e+01 6.495279332609119649e+01 5.101381155056582628e+01 5.517302592510205983e+01 6.205171320644212329e+01 8.284295438724784333e+01 1.001715375410640974e+02 9.356213846196234840e+01 7.362885832254306706e+01 5.974405010244498726e+01 7.225376250181923865e+01 5.938518764822192963e+01 7.356710675892081497e+01 9.356087237337155216e+01 9.339355718668619488e+01 9.339355718668619488e+01 1.017425846348825900e+02 1.044840155777536523e+02 8.461761234200056947e+01 7.411768231113303784e+01 5.460569990167352472e+01 5.262762334549106669e+01 7.209355300489886531e+01 8.514610968286366699e+01
