LEM/with_lateral_4open/elevation_000318.asc
nrows	100
cellsize	150.0
xllcorner	0
ncols	100
yllcorner	0
NODATA_value	-9999
[rows 68 to 84 of 100, columns 37 to 73 of 100]
5.836792284222820371e+01 5.153628005139511004e+01 7.125591186738745364e+01 8.676354664960128105e+01 8.386599038815064944e+01 9.225107916117512730e+01 9.091612790666474098e+01 7.458183037288998207e+01 5.485506295756079709e+01 5.105730366924446173e+01 7.076276341066015618e+01 7.067816925778248560e+01 5.934172760220716469e+01 7.071394060494684197e+01 9.056846007600294968e+01 9.786918154976275730e+01 8.625780908927653456e+01 6.651100037635353601e+01 7.153315496485318192e+01 8.549029400219842501e+01 1.052874825603281437e+02 1.026379749335150535e+02 1.111202078443586032e+02 1.049819208956597123e+02 9.517321691315882504e+01 8.700648946949291940e+01 8.015225947549423324e+01 7.519923673488681004e+01 6.708344438927535691e+01 5.661976541924321538e+01 3.644294623899527608e+01 5.661985814646798332e+01 6.161282399846199809e+01 5.584588407547681044e+01 7.553560168057427404e+01 7.700575559238787093e+01 6.968816789375439669e+01
6.673191766240276479e+01 4.703749953606050838e+01 6.673191766240276479e+01 8.057130658637227327e+01 6.364159604115536695e+01 8.057130658637228748e+01 9.009970081788274854e+01 8.281974756754212308e+01 6.760736539524697264e+01 4.788656629780265916e+01 6.391331948031199062e+01 5.095541616933335405e+01 6.231500467949618383e+01 8.210246452775216142e+01 9.883096387006538919e+01 8.965093761748727275e+01 6.987969820149169209e+01 5.901421191980904268e+01 7.879421694048257052e+01 9.055198860354727231e+01 9.877227079848547930e+01 1.003948908800802258e+02 1.086440386604891160e+02 9.677430156790018145e+01 7.723869355706601425e+01 6.761783928897666840e+01 6.073265096037685140e+01 7.146819509935424719e+01 6.736912416616279131e+01 5.915036840367899629e+01 3.906683264377710429e+01 5.080431870809137962e+01 7.050893092768950510e+01 7.553565313035026918e+01 8.368634314779436068e+01 7.791084328946269011e+01 6.972613166790685568e+01
6.301002232781900148e+01 4.331785994488483027e+01 5.958193741782051944e+01 6.171982574485319617e+01 5.260259319543329326e+01 7.218943086771569995e+01 7.026299741132982035e+01 7.026299741132982035e+01 6.894107792867876583e+01 6.073032368590820340e+01 4.416273558352209250e+01 6.391332082727309682e+01 7.890675078234556850e+01 9.035336238406017628e+01 9.869495003123954291e+01 8.748556118953970895e+01 6.771800510351103242e+01 5.368593059218578389e+01 7.350778823362341541e+01 7.077453534264064672e+01 9.055198860354727231e+01 8.060072410708271207e+01 9.719539975675400001e+01 1.049819208956597123e+02 9.517321691315882504e+01 7.732904312745873199e+01 5.788888846686452894e+01 5.180990528993743993e+01 4.754007337551821166e+01 4.397543415155762858e+01 4.335023509557219512e+01 6.330982966161438696e+01 7.855077667018855436e+01 8.923809497941743984e+01 8.114853189444089310e+01 6.136450898196956416e+01 4.994033709337467997e+01
4.795358243645664942e+01 5.957936326713480923e+01 3.991272459769793812e+01 4.270257570571089900e+01 6.171982574485319617e+01 7.542800193943084253e+01 7.026299741132982035e+01 5.050586120585573724e+01 5.776748732103494177e+01 4.096574040305385722e+01 4.845350867290572694e+01 6.239097006518824884e+01 8.214309928272373895e+01 9.291493106105183131e+01 7.890502174045667516e+01 8.317192680532475890e+01 6.338761289548070721e+01 4.932484356032059480e+01 5.675550018053710488e+01 7.656721728816023642e+01 7.755172469401388469e+01 6.919536574622729574e+01 8.896672333264083932e+01 1.008856861444021291e+02 8.128400837909995857e+01 6.763287938031241708e+01 7.732904311753617321e+01 5.828490712827170483e+01 6.736912416519862745e+01 6.391731002725870781e+01 5.015945276332353586e+01 5.166380594041017105e+01 6.161410338932660835e+01 8.108511919669032864e+01 8.932949429816413556e+01 7.791177316396536412e+01 6.968750142135414194e+01
6.184951576420153430e+01 5.958151307064558466e+01 5.629276424364901033e+01 3.669355391131781374e+01 4.749553773575277660e+01 6.062631784688152692e+01 5.303702188598918355e+01 5.493442324987614001e+01 3.803747953073077070e+01 5.776748732103494177e+01 6.072443823879272884e+01 6.239097880935559459e+01 8.214425159880637750e+01 8.470135753763145203e+01 6.491463459674943692e+01 7.218713515285303117e+01 6.512891708296541537e+01 4.524259431205346971e+01 6.465223064303293654e+01 6.946813629092774534e+01 5.775105782694031120e+01 7.175895706601590973e+01 9.153670286520221566e+01 1.008856861444021291e+02 8.128400837909995857e+01 8.702520687392333798e+01 7.421829183302367028e+01 7.209043097137919176e+01 8.593777453405951405e+01 7.678438327643367245e+01 5.728332565275448474e+01 5.923291760958060337e+01 7.871214714851080885e+01 8.923809497939178925e+01 8.885972573381323514e+01 7.907305646503718322e+01 6.955032506364091205e+01
8.166266153965189289e+01 7.936538684430244928e+01 6.449521526698639207e+01 5.326853779472699557e+01 3.380258997744130767e+01 4.885659685832061427e+01 3.350822741060304821e+01 3.530755129756907706e+01 4.265485359387444930e+01 6.239579948041846791e+01 8.048417860462134854e+01 8.214419601774773128e+01 9.035398195428565771e+01 8.617870040518423025e+01 6.639163906650927061e+01 5.235021546562395400e+01 6.161347866649915517e+01 4.170744509776579889e+01 4.476517085330404200e+01 4.961301209769626297e+01 6.946813629092774534e+01 7.755172469401388469e+01 9.734912343799504697e+01 1.091090027940822011e+02 1.008856861444021291e+02 1.019468840383115378e+02 9.374122342983780243e+01 9.158690682603891275e+01 9.271067962300686816e+01 7.320502985227884096e+01 6.856627273310300552e+01 7.871214714851080885e+01 7.300028616697933614e+01 9.250179939651381744e+01 8.073219974598936233e+01 6.117884491308392825e+01 5.119771211916965115e+01
7.481065302437116316e+01 6.841115252299074712e+01 6.257463967824568840e+01 5.220010220938795698e+01 3.443341329652576377e+01 3.097838115937566883e+01 4.973120834655102840e+01 5.493442320432259152e+01 6.239579947044035180e+01 5.660433321491106540e+01 7.637763588463275255e+01 8.855048837855397892e+01 8.024688757338536504e+01 8.024693057006277286e+01 8.039281780430324886e+01 6.331579497588342775e+01 4.342330078416905081e+01 3.827785184754440451e+01 5.819962207784602271e+01 6.946608653406792655e+01 7.764652700790026074e+01 8.411978164374980338e+01 9.231334301684007926e+01 1.022485052869096904e+02 9.399139904101826914e+01 1.022485052869096904e+02 9.654591935073706566e+01 8.827540412317479479e+01 9.654591935072011211e+01 9.271067962300686816e+01 8.801053104973219376e+01 9.619767712687762184e+01 9.250179939651381744e+01 1.007079555309310308e+02 8.885972573382230166e+01 7.907305646503718322e+01 6.869883777595828178e+01
5.457365555261916512e+01 4.819287895073728833e+01 4.283575430276368934e+01 3.910101359002758414e+01 4.955881575445671672e+01 3.408993672756975712e+01 2.914536571859482095e+01 5.559686982758737628e+01 6.787526657477771153e+01 7.637763588463275255e+01 8.461656051073779850e+01 8.024691059932330006e+01 6.038716302222120191e+01 6.038716305549228025e+01 7.446905184893594765e+01 7.152496831348823036e+01 5.551331681760782999e+01 3.557966704995682505e+01 5.551331681760782999e+01 6.383792896193448740e+01 7.012218445737457273e+01 6.433748241786619815e+01 8.412086079325987953e+01 9.234432177879907044e+01 7.423524400410566670e+01 9.234432177879907044e+01 8.660511402399426117e+01 6.842907592286559293e+01 8.660511402396259939e+01 8.415203351585519442e+01 9.241434977067268619e+01 9.012224441664683638e+01 9.839388374704078899e+01 1.068339891953625340e+02 9.871762102244153425e+01 7.900353580133156584e+01 6.508520546501176796e+01
7.481065302437116316e+01 5.670184752467432787e+01 6.257463967824568840e+01 5.804622880404257046e+01 4.721547347407413753e+01 2.728664284500069215e+01 4.541884345176786297e+01 4.051820641946974888e+01 5.968247278619867302e+01 6.879739774826460064e+01 7.708411034730667666e+01 8.024693056789017476e+01 6.038716305549193208e+01 4.631519113447892266e+01 5.730943064704252521e+01 6.370150309930698285e+01 5.314759094698536757e+01 3.320266167645662847e+01 3.842322023777106210e+01 4.396962611555070310e+01 5.028606993975618877e+01 6.433859208204955848e+01 8.417052986139844961e+01 8.411332152256186134e+01 6.447512558145420769e+01 8.411332152256186134e+01 7.835224002302024360e+01 5.858657920426745136e+01 7.835224002302021518e+01 6.434020216119905911e+01 8.095312699392148659e+01 7.026508989143272288e+01 7.865771090617633376e+01 9.410319596060396918e+01 1.023802400857821908e+02 8.884327276434828491e+01 6.916715450492372952e+01
7.675281414439599814e+01 7.675281414439599814e+01 6.804824443725972571e+01 4.821464537228600022e+01 3.412207414286122287e+01 4.428957346012879981e+01 2.549494153369401062e+01 3.955630789061260799e+01 5.907070563636908389e+01 4.911002192554935419e+01 6.566373657183915213e+01 7.708411034730667666e+01 7.135219072382525951e+01 5.148698987921891757e+01 3.737747946028947865e+01 4.394045938633074400e+01 4.782185358061674663e+01 3.085784811738478695e+01 5.081317815966897200e+01 6.385735649070260678e+01 7.013459044775409268e+01 7.835929436801372105e+01 9.094552548435083850e+01 7.756725620885929118e+01 5.797517053704250856e+01 7.756725620885929118e+01 7.176368641676927496e+01 5.202030187252903204e+01 6.370348342861257862e+01 5.296622962133451296e+01 6.809052871053066269e+01 5.888832325833830339e+01 7.865771090617633376e+01 7.421396586905322579e+01 9.410319596060396918e+01 9.703920472284615073e+01 8.884327276434828491e+01
9.047038610993843122e+01 7.067291360405509693e+01 6.181501929905988391e+01 4.195115840233032145e+01 5.402377204308167080e+01 4.417068208001087015e+01 2.424391741223798036e+01 4.245247350673017905e+01 4.772326676102791509e+01 3.801564750467323250e+01 4.911002192554935419e+01 6.879739774826460064e+01 7.232263886494081362e+01 6.478891100792633040e+01 4.977861856746202562e+01 2.981473459219587596e+01 2.786027338640532491e+01 3.320768863575136720e+01 5.314575272411639162e+01 6.824091863989066553e+01 7.642317566665599315e+01 8.630590199035144394e+01 8.272470825324278110e+01 6.306640594515343423e+01 5.231369236859726612e+01 7.191150824055443991e+01 8.000108203381921612e+01 6.370348342861257862e+01 4.393651282332273666e+01 4.411639584725984520e+01 4.835239621618576678e+01 5.405326400307585999e+01 6.026834950769125498e+01 7.163944023697519015e+01 9.151392646273919240e+01 9.811604284308100432e+01 8.982117539536159256e+01
8.465740551304526207e+01 6.488034739245455285e+01 5.086605980057746734e+01 6.181501929905988391e+01 5.230352550280510826e+01 3.238217182245738002e+01 4.245167851086726074e+01 2.251570179211003264e+01 2.826664960682175476e+01 4.200830978621662837e+01 6.152039339799611639e+01 6.648307708237457803e+01 5.243253889936781320e+01 5.657129800755654259e+01 3.664617677918041494e+01 2.512265594982011407e+01 4.506777035688788402e+01 5.314575272411639162e+01 4.173759813175185940e+01 4.839720937439221160e+01 5.835333170241525380e+01 7.812850557844664934e+01 8.182725218450822524e+01 6.667377163184427502e+01 4.703412985411306835e+01 6.030183043247890140e+01 6.846822285144834552e+01 5.859967356466197685e+01 3.878782593266553391e+01 5.859967356466197685e+01 6.809052871053066269e+01 7.378723563344566116e+01 8.003938649028883390e+01 8.829710297741756619e+01 9.978919032979715098e+01 8.982117539536159256e+01 6.983075626727261920e+01
8.465740551304526207e+01 6.488034739245455285e+01 7.067291360405508271e+01 6.168216310452142892e+01 4.178706836512718326e+01 5.230352550280510826e+01 4.126805708013969820e+01 2.132202242378853541e+01 3.960876486106371175e+01 4.746892490655930885e+01 5.827679080852434623e+01 5.824905695692913099e+01 3.833281006340651231e+01 4.565045781705340033e+01 4.092496340761464779e+01 2.339484281313090364e+01 4.330486495884883169e+01 5.844486763807491769e+01 6.162634010011310437e+01 6.824086528360173531e+01 7.642285590206071788e+01 8.630590177120319595e+01 7.363219537246664004e+01 5.403294490963612162e+01 4.658151686211432718e+01 4.058652791166632312e+01 5.544825846771199451e+01 5.567857599475767216e+01 3.584100069841353786e+01 5.567857599475767216e+01 6.365782484479230874e+01 7.064802379446108205e+01 7.888420982738649911e+01 9.034272988745638600e+01 9.416596825818398031e+01 8.585536606285242556e+01 7.568581447112860872e+01
9.289025071624344321e+01 8.465740551304526207e+01 6.842784755811480579e+01 5.438924082286256123e+01 5.587133596484076747e+01 5.751624556084349393e+01 3.761619690100193480e+01 3.960670664548977271e+01 1.964760958323452300e+01 3.111620873859921588e+01 5.030386901660260435e+01 5.868132036976890475e+01 4.565045781705340033e+01 2.569804315728811872e+01 2.097281412995151939e+01 2.419952392107730077e+01 3.131964973684798537e+01 3.845445985483159035e+01 4.745825894613501816e+01 5.895571410941789736e+01 7.877712538043657275e+01 8.755144623480778421e+01 6.786665288998503343e+01 6.622437500128737042e+01 6.622437500128735621e+01 5.544825846771199451e+01 3.567109853523493257e+01 5.091106680794685957e+01 3.298489381411261689e+01 5.284463666670849591e+01 4.386713283186580270e+01 5.087675547784568408e+01 6.227520253284001939e+01 8.208551033918172379e+01 8.585536606285242556e+01 6.576578415759642837e+01 6.981712464761076831e+01
8.905017600408464773e+01 9.647446799439241261e+01 8.245115777625362341e+01 7.423152622226527342e+01 7.571073294798870279e+01 6.573954318716812395e+01 5.372737691750255351e+01 3.844844843644276722e+01 1.847923562003139608e+01 3.685472866827879557e+01 3.573621829225407254e+01 4.367837714203810151e+01 3.051455462240298289e+01 1.864920267009986787e+01 3.859772510475156082e+01 3.697068308091856892e+01 5.177977338495500703e+01 5.844486763807491769e+01 6.666667993555758187e+01 7.555020086808123381e+01 8.699896848310021369e+01 9.578785147903133179e+01 8.755144623480778421e+01 8.590683096364693938e+01 7.512980072888451843e+01 5.544825846771195188e+01 5.091106680794684536e+01 3.108489262276697573e+01 3.018495972070792277e+01 3.496368099713588862e+01 5.480715831225911927e+01 7.064802379446108205e+01 7.888420982738649911e+01 8.522095016321668481e+01 8.585536606285242556e+01 6.576578415759642837e+01 5.107546898140780200e+01
8.682048666401661308e+01 8.668130491783514913e+01 9.489426672395005369e+01 7.876345344899279155e+01 6.883899254427450387e+01 6.061928153024926047e+01 4.549635949424239811e+01 2.556171035733719066e+01 3.684941951488178091e+01 1.687802444295294180e+01 1.575694595040249624e+01 3.351157339400577939e+01 1.640212398496548829e+01 3.635334100926122147e+01 4.684073427518522692e+01 5.717524180677600043e+01 6.540624323758898129e+01 7.716416589015700822e+01 7.836348910171251703e+01 8.659141848898845240e+01 9.107455973437497221e+01 8.278522344618667717e+01 8.231076552777598465e+01 7.645098856151852829e+01 7.312499623623433820e+01 5.345034633868325358e+01 3.947069225880980525e+01 2.796184352813906315e+01 2.741175603114114523e+01 4.730702886663606677e+01 5.480715831225911927e+01 7.461653334486416611e+01 7.367556205027571536e+01 6.522375135850114702e+01 7.936518335288042181e+01 7.996587620789699713e+01 6.713041102385463432e+01
6.669930956259463528e+01 6.669415497348406063e+01 8.668026550195816071e+01 7.054572403289395766e+01 5.069283902760454197e+01 4.072444626999025985e+01 3.407378199133072627e+01 3.966916953612994945e+01 4.479900685013394934e+01 3.599155232881361144e+01 3.416187873596222602e+01 1.417966223345444199e+01 2.147724545930086748e+01 4.181917816734959814e+01 4.765990852746299566e+01 5.235152471143857866e+01 5.732285760477877545e+01 5.732285760477877545e+01 5.853633609096812052e+01 7.836348910171251703e+01 7.952495803215701642e+01 6.278392883156109150e+01 6.230945808102636363e+01 5.645184436329395083e+01 7.059553368015929209e+01 6.148350780014176564e+01 4.485451712648095679e+01 2.498038882871196265e+01 2.498630800060971424e+01 4.489437265100730201e+01 6.192118221544915713e+01 6.551242813856686098e+01 5.368004926457966519e+01 5.108566142209846106e+01 6.522375135850114702e+01 8.522095016321668481e+01 7.582774401140854081e+01
