LEM/with_lateral_4open/elevation_000540.asc
nrows	100
cellsize	150.0
xllcorner	0
ncols	100
yllcorner	0
NODATA_value	-9999
[rows 0 to 16 of 100, columns 0 to 36 of 100]
8.271705653423140625e-02 2.127631151761726416e-02 9.425194436011796739e-02 4.939197167322698090e-02 3.975871534419905817e-02 6.171646774684565184e-02 1.696294146011132625e-02 1.936121709489252440e-02 4.216450047424835645e-02 2.297044857093000214e-02 6.704298068806634203e-02 4.162315340452049650e-02 3.835349583220235004e-02 2.777463300387698203e-02 2.207885817162396139e-02 7.161913568127860341e-02 9.025521335945362045e-02 3.502399586135773735e-02 8.040414306008919487e-02 3.131346976591601466e-02 7.604099264847130613e-02 2.387740603804927586e-02 5.687112022313325910e-02 4.074439634684711570e-02 8.709178300582484655e-02 7.612946965408906586e-02 1.077918208624280109e-02 9.929772718869623455e-03 4.600412614040166881e-02 2.152795518990661267e-02 2.378824418737431057e-02 9.511189423522797837e-02 9.406546861214974686e-02 1.749038473908382007e-03 2.223905489293687143e-03 6.269637160239108220e-02 9.476101746191394060e-02
7.813061968023242432e-02 2.002127631151726206e+01 2.009425194435976181e+01 1.419152759540405206e+01 2.003975871534384368e+01 7.621005927931422619e+00 2.001696294145975585e+01 4.189649498236370562e+00 2.004216450047389131e+01 1.416510607230175545e+01 1.420917860441914193e+01 2.004162315340416356e+01 1.950734944193458986e+01 2.101678022464731566e+00 2.002207885817126964e+01 2.007161913568092260e+01 9.034527123358689238e+00 2.003502399586100324e+01 2.008040414305973442e+01 2.003131346976556060e+01 3.456658011562544708e+00 2.002387740603769473e+01 9.001143030222369390e+00 2.004074439634649352e+01 1.588182133000096208e+01 2.007609088513124007e+01 1.185228189300985946e+00 1.972728702261245104e+01 1.574773019813110686e+01 1.416858467988812720e+01 2.002378749732889318e+01 5.868614586131510436e+00 2.009406546861179521e+01 1.414388466220498408e+01 2.000222390548893969e+01 3.307124794217635166e+00 2.009476101746155763e+01
2.526786264046545702e-02 1.157227324643288036e+01 2.571440887016358090e+01 3.419152759540334330e+01 3.590527717539231389e+01 1.656527783793073638e+01 2.845366382535216232e+01 8.453663825348543881e+00 2.845366382535216232e+01 3.416510607230104313e+01 3.420917860441984715e+01 3.276405132589656688e+01 1.279112060287188868e+01 2.210259542934553423e+01 5.187745021774656351e+00 2.518882981660267006e+01 2.058153250715140814e+01 3.731879837098011876e+01 3.843363509820986934e+01 1.843363509820545687e+01 6.886629714412736192e+00 2.688662971441458183e+01 2.054814841401508829e+01 3.728541428943617575e+01 3.514997950995417852e+01 2.236597497775206378e+01 2.361749605020006637e+00 2.235802025011299321e+01 3.435412223153074507e+01 3.427186767380990062e+01 3.189884128427789634e+01 1.189884147768683675e+01 3.189884154274204775e+01 3.414388466220568574e+01 2.659276264027097625e+01 6.595104540324767228e+00 2.659510454032512428e+01
4.163169627051844027e-03 1.414629879335787699e+01 3.414629879335716822e+01 5.399868011762447395e+01 3.656527783793144692e+01 3.070741346166193964e+01 3.361764162029993486e+01 1.361764162029181158e+01 2.259579944907974536e+01 4.259579944909208393e+01 4.688036019875926996e+01 2.692138995993303396e+01 3.276723699738474949e+01 2.739759500481011401e+01 7.396375543442856859e+00 2.739759500487850019e+01 4.058153250715211158e+01 4.886580375529442222e+01 4.671790634995211633e+01 3.060053647795719201e+01 1.060053647795380627e+01 3.060053647793601783e+01 4.054814841404613190e+01 4.883241971471651510e+01 3.067507873292027298e+01 1.229452677680864348e+01 7.184134682464650368e+00 4.046137042367897507e+00 3.111957657013265788e+01 4.301179447733765926e+01 3.896990939018746758e+01 1.896990928955243660e+01 3.896990939018746758e+01 4.415257495039934099e+01 2.416688754297083364e+01 1.002507624317497381e+01 2.416721802215192128e+01
5.883922493566802470e-02 1.420097484866674264e+01 3.420097484866744963e+01 5.365441591895178419e+01 5.656527783793215036e+01 5.070741346166264663e+01 3.916464358255966260e+01 1.916464358254420119e+01 3.916464358255966260e+01 4.259579944909209104e+01 5.515425778203554330e+01 4.688036019875926996e+01 3.068581467048798217e+01 1.068435529719031329e+01 2.739759500485514820e+01 2.153899648473313988e+01 4.154150300871490487e+01 5.479665250243986208e+01 3.479665250242047136e+01 2.324964711862754640e+01 1.496489428267369171e+01 3.496489428268068167e+01 5.141413134189172496e+01 5.185824283960150893e+01 3.067084479957875232e+01 1.989080710297477239e+01 2.406365818570081316e+01 9.862681142685355340e+00 5.646678540906270527e+00 3.392642805187482935e+01 4.725418750103782628e+01 3.051691467334747543e+01 4.725418750103782628e+01 4.527394704416191473e+01 2.528590154565679882e+01 1.373898300671604389e+01 2.788062535069711956e+01
1.256007409845548775e-02 2.001256007409810067e+01 2.537014467149089114e+01 4.537014467149018060e+01 5.405210500416542629e+01 5.916464357955793929e+01 3.916464358242770061e+01 2.623571139440980104e+01 4.623571139445439826e+01 6.259579944937679841e+01 5.812668713026712908e+01 3.812359640663715510e+01 3.304295271277038637e+01 1.304137791854937412e+01 3.304303223782302723e+01 4.154150300871018686e+01 4.982654823077453443e+01 6.308092375748724834e+01 5.153391837058962466e+01 4.252418374289707970e+01 2.252418374285836933e+01 2.312986009195109816e+01 3.727199571568255010e+01 5.727199571605581241e+01 4.773557304299612269e+01 3.937648656428240201e+01 2.649738837133090286e+01 7.114588314744659137e+00 2.612198026335983414e+01 3.766219766225569998e+01 4.571196646088119309e+01 5.051691491144659807e+01 5.880119768929414903e+01 5.350417979188321027e+01 3.790205277734280287e+01 1.790927128785931544e+01 3.791027475172719363e+01
9.594114293757748102e-02 9.040213052936657334e+00 2.904021305293630206e+01 3.772217338574126444e+01 3.405210500431219600e+01 5.405210500416247754e+01 5.451998178397209927e+01 3.623571139441015276e+01 5.451998269932559538e+01 7.209122930049203148e+01 5.227092225633236211e+01 3.226471951885541500e+01 1.812138729787711355e+01 1.663348431659019511e+01 2.373212522768783828e+01 3.267721670953564228e+01 4.682226225852848955e+01 6.682517477021785623e+01 5.666631936677561754e+01 3.666631936658981772e+01 4.252418374287749003e+01 3.020092790381669801e+01 5.020092790384276071e+01 6.134834116839607532e+01 4.134937461230681777e+01 2.744054132303776683e+01 2.445157708402442864e+01 8.103026026240572222e+00 2.769602292163994051e+01 1.882321660961838106e+01 2.576416297483784845e+01 3.985109026938621213e+01 5.986137324977784147e+01 5.789060658901642142e+01 3.790669189055752497e+01 2.607423600111954443e+01 2.607423616965964897e+01
7.711341127313005306e-02 5.624115373525397032e+00 1.139761806542160549e+01 1.772217338575825352e+01 2.926917876955056386e+01 4.926917876944065000e+01 6.451998259632738097e+01 5.623571139487726356e+01 6.451998297073875221e+01 6.381562721162300988e+01 4.381379765182193609e+01 3.226469585940529328e+01 2.238541794284521202e+01 2.028497048613028042e+01 4.028741694931037642e+01 5.201980983651436219e+01 5.268097968972074341e+01 7.268280313003072024e+01 6.495059074427645385e+01 5.666631936676988346e+01 4.653085952237064049e+01 4.434306352754814640e+01 5.848519919185942229e+01 5.523887505114756635e+01 3.521480928836496105e+01 3.135557643464042599e+01 1.138330018521470244e+01 2.769711185521173036e+01 9.785642354915312424e+00 2.967219727448459921e+01 4.571196646088119309e+01 4.203924155285633191e+01 6.205371110994357053e+01 6.017058591814920021e+01 4.021471444979523824e+01 4.605965387838902814e+01 3.274089881076136521e+01
2.297228869525369793e-03 2.000229722886917116e+01 3.139761806541336853e+01 3.772217338574126444e+01 4.600644460704600647e+01 5.755344993736415660e+01 6.258676550629947855e+01 6.305345590241246612e+01 7.133774662380987763e+01 6.026335528749748960e+01 4.025915256767177652e+01 2.871016304749066350e+01 4.238817899848302062e+01 4.028741694931037642e+01 2.572833362474791841e+01 4.573162264741637983e+01 6.018933382011496036e+01 6.190734260901708552e+01 8.190743443266704560e+01 7.481513060252619596e+01 6.653085952224260780e+01 6.434306352784854255e+01 5.928341509219047367e+01 3.926396344868501842e+01 3.521480928837223701e+01 1.516164715534804763e+01 3.135557643464042599e+01 3.112058218004953858e+01 1.110337270410100707e+01 3.112058217813251915e+01 4.885557218188605333e+01 5.780773623709647779e+01 7.036061090376425398e+01 6.836059668711963866e+01 6.017058591814920021e+01 4.688105949331635713e+01 4.688105949331636424e+01
9.647730019007895452e-02 1.423861292392115452e+01 3.423861292392754052e+01 3.257207441355698307e+01 3.742278692730796763e+01 4.258676474241657672e+01 4.258676474241658383e+01 4.305345564124578317e+01 6.305345590241246612e+01 6.854625407094492573e+01 5.371505108320621247e+01 3.371054060100404826e+01 5.371505108320621247e+01 5.401626656730909559e+01 3.727682755426427264e+01 3.190078586202221800e+01 4.190282272991332491e+01 6.190734260901720631e+01 7.775024320896547181e+01 8.099193140573540006e+01 6.095396239253051363e+01 6.095396239253050652e+01 5.187858641581394892e+01 3.926396344868501842e+01 1.922167290558120456e+01 3.521480928837223701e+01 3.324862912651961011e+01 1.318773786068533482e+01 3.111706725674649476e+01 2.053423130791211548e+01 2.949873940330721922e+01 4.364672823424232462e+01 6.366798938237684524e+01 8.076209067384618834e+01 7.507843372585755048e+01 6.101145737354696053e+01 6.684681898533470701e+01
3.582433992925927735e-02 2.003582433992577450e+01 2.608321755618851157e+01 1.257207440142089361e+01 1.742278690214763870e+01 2.258676469709095258e+01 2.891132001742782265e+01 4.045832540122086840e+01 6.045832558241211530e+01 6.785954014753330910e+01 4.785621187992396131e+01 4.037845517316484489e+01 6.038334903822685362e+01 6.556477120239756573e+01 5.728108752845420781e+01 5.190508266946526561e+01 3.946134305998691616e+01 4.946449431491205928e+01 6.946793102261908359e+01 7.816856036218142378e+01 6.095396239253050652e+01 4.094739411084808012e+01 4.358302467517915346e+01 2.355636164386742948e+01 3.926396344868501842e+01 4.755948294826649203e+01 3.475811413002319483e+01 1.470838063678961305e+01 3.475643043690919143e+01 4.056086406954420198e+01 4.885524732043839435e+01 5.780779600745034941e+01 6.457647536339318606e+01 6.093884241411183211e+01 8.076209067384618834e+01 8.093462812986417987e+01 6.906527514241000176e+01
1.813270376062421294e-02 3.033246149538254333e+00 6.083217556190334996e+00 2.608321755619068938e+01 3.712181806495403436e+01 4.258676469548270660e+01 4.891132008219489791e+01 5.719560113252784816e+01 6.874261332398327795e+01 7.614138397062548336e+01 6.785954014753330910e+01 5.192921221551708300e+01 5.452491877506589901e+01 7.452685083376698572e+01 7.360994228656986138e+01 5.360768803853297726e+01 4.946449431491205928e+01 6.774972078203684589e+01 7.775024320896547181e+01 6.985768316127888511e+01 4.984383756354625916e+01 3.829871119363367171e+01 2.828530647054540381e+01 3.512604994658040169e+01 5.187857552736603139e+01 4.889935857978097999e+01 2.889731784025706673e+01 3.445561832779343803e+01 1.691751502100683524e+01 3.707807355043435393e+01 4.972272904219851597e+01 5.523638704640170971e+01 4.476315486088156348e+01 5.468697990750440852e+01 6.864625997745017116e+01 8.851600169562648546e+01 7.775683075671895494e+01
2.372884694381488524e-02 2.002372884694345956e+01 2.608321755619068938e+01 1.240777287652703897e+01 1.712181808443727249e+01 3.712181658406046125e+01 5.045461002780218962e+01 5.801389991256571932e+01 6.629817762784335855e+01 7.784518762267944680e+01 8.021319776735825258e+01 7.193191470511783336e+01 7.452685083376698572e+01 8.280769926156301608e+01 8.189175352554089216e+01 7.360994228656986138e+01 6.361024251763766557e+01 7.775024320901793828e+01 8.623773587641697702e+01 6.862479482143599796e+01 4.861268494492163228e+01 3.446999839237353314e+01 3.724305572128890418e+01 5.513546662072923965e+01 6.343610432846688951e+01 5.716072019305892837e+01 4.883743611215329850e+01 3.845997813459441517e+01 1.848323783613844995e+01 3.849483108540606935e+01 2.981338778195645034e+01 3.535838582424828047e+01 4.943395603386458248e+01 6.924469469160317203e+01 8.273550028223863251e+01 8.698274095808126560e+01 7.858239655087639619e+01
8.175220331382776484e-02 1.422388782704490318e+01 3.422388782704560839e+01 3.240777286699324833e+01 3.712181806495403436e+01 2.468110754462194834e+01 3.045461023651830601e+01 3.801389969670311331e+01 4.956090508051358512e+01 6.956090559120751493e+01 7.617174604354669043e+01 7.026940133560351853e+01 7.247388169592481688e+01 8.081716800352745622e+01 7.802753598849287187e+01 8.637351569609529633e+01 8.360964205550216377e+01 8.623773587641697702e+01 6.618639851747524006e+01 6.133387373733087600e+01 4.133435738642850055e+01 5.447409622190244249e+01 4.878862209448279685e+01 6.554807515870230361e+01 7.149526654160764849e+01 5.073258069878529852e+01 4.567641430342557385e+01 4.020512205893103186e+01 2.019943505316838994e+01 2.403978252739989685e+01 4.397642531986055303e+01 3.922987255769678683e+01 5.071279958908269947e+01 6.469577852809588592e+01 8.448510830609279765e+01 7.466726805684392332e+01 5.889982938829164993e+01
9.124702163186203252e-02 2.009044988876344107e+01 3.205013068963745582e+01 3.782429668289935165e+01 4.611548981733493946e+01 4.468110779762671569e+01 5.045461037076091770e+01 5.045461037079252264e+01 6.629817762784335855e+01 6.930188577056638621e+01 5.605128407325604911e+01 5.016194707178066636e+01 5.236038948263351500e+01 6.378778785712862742e+01 5.788949105634066683e+01 7.802753598849287187e+01 9.025387254341326582e+01 8.143550494774251547e+01 6.139633966915162944e+01 4.985654161942939311e+01 5.287363398390738922e+01 6.963830916197794352e+01 6.880021821731659770e+01 7.711038798423406604e+01 6.369611707288943592e+01 5.086489748622733487e+01 3.186459762292724207e+01 2.275298917988864034e+01 4.020503505475259942e+01 2.872956698935572106e+01 4.869152720904002507e+01 5.907896810779427454e+01 5.327914162801325659e+01 7.308098744697221605e+01 8.048181671601876985e+01 6.060207297180469510e+01 4.655510328199814296e+01
2.239863785106879432e-02 2.002239863785071350e+01 1.204909131874190997e+01 1.782259405038204747e+01 3.782429691467196875e+01 4.851668223789776846e+01 6.853266524005879035e+01 7.045461213795719857e+01 6.930188577056638621e+01 4.929267482222617502e+01 5.296443344418499066e+01 3.599773139698109503e+01 5.305308591405513141e+01 4.370499944706986639e+01 6.378778785712862742e+01 6.175687575695894793e+01 8.190817982706060718e+01 8.975454470602757340e+01 7.817735597909931755e+01 6.139633966915162944e+01 7.289077616261441506e+01 8.120422417554732419e+01 8.427581977373138500e+01 6.954506266762001587e+01 4.951619079624543218e+01 3.538203641047601877e+01 2.539073822044870354e+01 4.275570211730119041e+01 5.104842239010285709e+01 4.869254007839905540e+01 3.872228130179735928e+01 5.866283619103382563e+01 7.308098762952165828e+01 8.133344793884158719e+01 8.628057008989085830e+01 6.641035707268426336e+01 6.640776479849024838e+01
1.766589122093755945e-02 4.489801846220535353e+00 2.447969484541000895e+01 3.782170062756419782e+01 2.851306097445720411e+01 4.265586115316241944e+01 6.266595598730811645e+01 6.096311959624406285e+01 6.217170959066437064e+01 5.229667759482374834e+01 3.294746322286302131e+01 2.892618924846459549e+01 3.300871580744837530e+01 3.903946669752087928e+01 4.536643679585043287e+01 5.538685530563120807e+01 6.961285530417313794e+01 8.978985810168394721e+01 8.975454470602757340e+01 8.143550494774251547e+01 8.889039521497448959e+01 7.887934868361939778e+01 6.425532391179662284e+01 6.425532391179662284e+01 5.890753554486595789e+01 5.367791510906803154e+01 4.538159096434042539e+01 2.811153854249994311e+01 4.810192410462209267e+01 6.693935736180807794e+01 5.866283619103382563e+01 5.282447465042117329e+01 7.275788780441828862e+01 8.928774439752267256e+01 7.938806097880413404e+01 7.117472946604898709e+01 6.416797898914545328e+01
