LEM/with_lateral_4open/elevation_000111.asc
nrows	100
cellsize	150.0
xllcorner	0
ncols	100
yllcorner	0
NODATA_value	-9999
[rows 51 to 67 of 100, columns 37 to 73 of 100]
9.216107388098131992e+01 8.737169331719616139e+01 6.738396076465998874e+01 8.737169331719616139e+01 9.590489314993068604e+01 7.587362766788879753e+01 7.601277692199130342e+01 7.830310027743561818e+01 6.921159460742897807e+01 6.753785893780241167e+01 8.747880069642978640e+01 1.030120772573893220e+02 1.053185195538923864e+02 1.016559532931230763e+02 1.216150705634495495e+02 1.062478769662008915e+02 8.576713156053386911e+01 9.530045806137931663e+01 9.019322419279953351e+01 7.352605402780365296e+01 8.214008124600476890e+01 6.528096104923776011e+01 7.005174418322827989e+01 7.337885283901997013e+01 7.082011724104985717e+01 5.453450023885535103e+01 6.814550861469136578e+01 4.801844918140168517e+01 4.045213248560715869e+01 3.892976437282266033e+01 5.485983709456764501e+01 3.484844025847846183e+01 5.292901360041220471e+01 4.577106166063884274e+01 6.003444824295639393e+01 5.380662439845028189e+01 3.778475596346014953e+01
7.215895097562098215e+01 7.215895097562098215e+01 6.065716674681566900e+01 8.070892868203577564e+01 8.313151870715823577e+01 8.174053153492961599e+01 6.168422707869564192e+01 5.829656283155600249e+01 6.100636636609728214e+01 8.101034271753661642e+01 9.032597669963215026e+01 9.466974402613512041e+01 8.539648474712716109e+01 9.947370950743709273e+01 1.194291392375392604e+02 1.146421642230414051e+02 9.602726982163021319e+01 1.083518744054526621e+02 8.792382374207787166e+01 9.390706125495806589e+01 9.277142084331188698e+01 7.239824355829246372e+01 9.037680769912796563e+01 8.483934914856268961e+01 6.456118682294355438e+01 7.470026798575304383e+01 6.221393165530707137e+01 6.814536250144908536e+01 5.201648021562326818e+01 5.900609465347223903e+01 6.319675714317740045e+01 5.294725296062689068e+01 3.295026790993177457e+01 3.170509604341480525e+01 4.986811069347180592e+01 3.378994134504563362e+01 5.380662439785724160e+01
6.503116529305047777e+01 5.199853527656613750e+01 7.215894736270114151e+01 6.672464798214508619e+01 6.311225293639621725e+01 7.126853565817363290e+01 5.452713645058413761e+01 7.461681628692764434e+01 8.101034282073258908e+01 6.639321437820861149e+01 7.040527446138639789e+01 7.476410162997234465e+01 8.139621075975378517e+01 9.546390025813043678e+01 1.154118199295540848e+02 1.248229880302768180e+02 1.105247095627489102e+02 1.167348705984359043e+02 1.083518744054526621e+02 1.072157656033142104e+02 8.678837734412635996e+01 8.678837734412635996e+01 9.925416368957965574e+01 7.886853746658054831e+01 7.886853746658054831e+01 8.246560215739879141e+01 8.246560215739891930e+01 8.058031847858266872e+01 7.217689245019168709e+01 7.323806157830459540e+01 5.862337590334166748e+01 3.855528235807510384e+01 5.294668121800894056e+01 4.986841958631826088e+01 2.997351991719722264e+01 4.825119336554423910e+01 5.539636056187745083e+01
4.479640691060929214e+01 6.189295488121042865e+01 6.357965543518941587e+01 4.657676950757381462e+01 4.884196523763404230e+01 5.114818732904757326e+01 7.126853565817363290e+01 6.876734373048891769e+01 8.873869226541120270e+01 8.050679666799236145e+01 8.449077896966733192e+01 8.624878411297535763e+01 1.013065106593258520e+02 9.397573869958215198e+01 1.080718073051555734e+02 1.280422143283162200e+02 1.308180252362961369e+02 1.204007276213207120e+02 1.120085695729803916e+02 1.156017266743591563e+02 1.072157656033142104e+02 1.072157656033142104e+02 1.076577424586362923e+02 9.925416368957965574e+01 9.925416368957976943e+01 1.028250484861635670e+02 9.422239500056828376e+01 8.577018236431202070e+01 7.859011959849179618e+01 6.482978803026657033e+01 4.471872298164854698e+01 5.862337590334166038e+01 6.701134455785373234e+01 5.823315299216623941e+01 4.825119329844075367e+01 2.842659675023699606e+01 3.579097044256881333e+01
4.003578638224711739e+01 4.165074921199595792e+01 4.341159236832575630e+01 4.636066754259231715e+01 6.648873999202704965e+01 7.126852288861826423e+01 7.954116845685351223e+01 8.873869226541120270e+01 9.699855486357631662e+01 1.004288682502053689e+02 1.044133903316653829e+02 1.061729891917618858e+02 1.144511712956866063e+02 1.139210040991839321e+02 1.222054801052464228e+02 1.212380485982493070e+02 1.177985434619771326e+02 1.120085695729803916e+02 9.177472157688472976e+01 9.770107844544330078e+01 1.060877245991025717e+02 1.048451447742186247e+02 1.045371234247701011e+02 9.621982033464065864e+01 1.045371234246363059e+02 9.755539493836917586e+01 7.714280798210276657e+01 6.546189808008594468e+01 5.836226006505417274e+01 5.202712899373378974e+01 5.890383388871255477e+01 7.323789531875027592e+01 7.296798501619717570e+01 6.462106309782177505e+01 4.712952320134397866e+01 2.735519450986858203e+01 4.712952736505702944e+01
6.026178668015719353e+01 6.189295509209319590e+01 4.590144520873466405e+01 6.587330179114810846e+01 5.061521450280915957e+01 7.072838461413795130e+01 8.337325023072888541e+01 9.810800788859151567e+01 8.985693650688638456e+01 9.810800788859089039e+01 1.056312146402665917e+02 1.122796633997954814e+02 1.205235683061660268e+02 1.304860987687499971e+02 1.212380485982493070e+02 1.009962868843575023e+02 9.755785840073303916e+01 9.755785840073302495e+01 9.770107844544330078e+01 7.749285867649585668e+01 9.770107844544330078e+01 8.463177681222529714e+01 9.450213884674681708e+01 7.615390085880545712e+01 9.450213884993377178e+01 1.060055670468718318e+02 9.422239500060948103e+01 8.577018236431202070e+01 6.846534797778147663e+01 7.219350876693043517e+01 7.913630688880741104e+01 7.886762319251101871e+01 5.871975844403066702e+01 4.456329618109088386e+01 4.601625316496733120e+01 2.628636072013518898e+01 4.601632495622693142e+01
5.734816289566472136e+01 7.562912737233811811e+01 6.708813205923829059e+01 5.296110191806513257e+01 7.072838461413795130e+01 5.502931695598429229e+01 7.511044629120168281e+01 8.355164067294292352e+01 6.991784035045429846e+01 8.985693650688638456e+01 8.569828475516936805e+01 9.233431712120852808e+01 1.023078073772673946e+02 1.222515194223236108e+02 1.163948722788211398e+02 9.615732579197478458e+01 8.447937339064986872e+01 7.734401186363220404e+01 8.930559010826272015e+01 7.079238703089920648e+01 8.194353609193844079e+01 7.038950050583530071e+01 7.629430826846477487e+01 6.614597998370258836e+01 8.618686059672300814e+01 9.457433176668916985e+01 1.028663049654605999e+02 9.722702134753954795e+01 8.878192195769508999e+01 8.200849753643743156e+01 7.371679471936290895e+01 7.368564036860136923e+01 6.594348798848332649e+01 4.604123056348894494e+01 3.204298415790680821e+01 2.521566920027017034e+01 4.491083595504389336e+01
7.568529744449999441e+01 7.377784384814752627e+01 8.027724764571669880e+01 5.907560718427588853e+01 8.027724764496308296e+01 7.511044627969414478e+01 5.967614124258601294e+01 6.356648274689538880e+01 8.355164067294292352e+01 7.720879227345554341e+01 9.713178477912875053e+01 1.122796633997954814e+02 1.205235683061660268e+02 1.304860987687499971e+02 1.247885552258651529e+02 1.130999047556007895e+02 1.036054017300864274e+02 8.338241419512296204e+01 6.913715655167455054e+01 6.542252653656576911e+01 6.183327818442016621e+01 5.882164344393118682e+01 5.615240011661772002e+01 7.248607862606486663e+01 7.824113858241616981e+01 7.457033718080278106e+01 9.054186544005501958e+01 9.888731609147951929e+01 8.677273933444563170e+01 7.371818716693005058e+01 5.380016216818428632e+01 5.379951345584886724e+01 5.479805172843239092e+01 5.035896058267995556e+01 4.320739799717053131e+01 2.415122451969497064e+01 2.798791413681768958e+01
8.010581379571101479e+01 8.792170943417451667e+01 8.618027162118566764e+01 6.573159673368961364e+01 8.618027162100618455e+01 8.601965565990526841e+01 6.605252720573078307e+01 8.355164067294292352e+01 7.989394296140521590e+01 9.713178477912875053e+01 1.053824028629747716e+02 1.171127776781480634e+02 1.171127776781480634e+02 1.254226376920771600e+02 1.288215203471670236e+02 1.171310873359893208e+02 9.792513542626869594e+01 7.771050982522746153e+01 8.338241419512296204e+01 8.556040601846349603e+01 8.193118518199065647e+01 6.589026153232882166e+01 7.077382013787504889e+01 5.267534390669402455e+01 5.825583697418792894e+01 7.637543178778577158e+01 7.051237522488777643e+01 9.054186544005501958e+01 7.848853605727434513e+01 5.859188515264365549e+01 4.862185101495036577e+01 3.970518680616042673e+01 3.490938197300953760e+01 3.074946415036266245e+01 2.689640762105577210e+01 2.311656920803295634e+01 4.234991743576130574e+01
8.845322962534706335e+01 1.078405532317899258e+02 9.286802326501285165e+01 7.280476833353110067e+01 9.286802326501285165e+01 9.306655768288541708e+01 7.313490886401213231e+01 9.306655768288541708e+01 9.982652912263172595e+01 1.080746111783499401e+02 1.076751825072826989e+02 9.709261504791095376e+01 9.709261504791095376e+01 1.171127776781480634e+02 1.204259631154764776e+02 1.001859245975932424e+02 8.850691758954027932e+01 9.199823916126921119e+01 1.036054017297816330e+02 9.702959060681939718e+01 7.742775168737850322e+01 8.579521875391209562e+01 7.256619258276288065e+01 6.930891650389997949e+01 4.932275659104171694e+01 5.638501561886776869e+01 7.051237522488777643e+01 9.054186544005501958e+01 8.677273933444563170e+01 7.371261168759325244e+01 5.380003940375047478e+01 5.963244939625014496e+01 4.638041154815277878e+01 5.055780467874261319e+01 4.175374106554732379e+01 2.210981333897869305e+01 4.035395291612400115e+01
9.387448862884001244e+01 1.053833284318739061e+02 1.011382631950376663e+02 8.289327989515376771e+01 1.011382631950376663e+02 1.013174465148036347e+02 8.464269909743521225e+01 1.013174465148036347e+02 1.028019261508539728e+02 1.006135210730131035e+02 8.770178776082084937e+01 8.300637411727571191e+01 9.709261504791095376e+01 1.171127776781480634e+02 1.214523384851627412e+02 1.171310873359893208e+02 1.087403714287682135e+02 1.122339287720033809e+02 1.121407890403789054e+02 9.337377222335369709e+01 9.702959060681939718e+01 1.001649490042706958e+02 8.159735954140366232e+01 6.131369472808376742e+01 4.716838575867724614e+01 6.420694077238830744e+01 7.248391181961262930e+01 8.385732175995019588e+01 9.732471893386457396e+01 8.198675519443202120e+01 7.371201341980636812e+01 7.455645395526543950e+01 6.629676205461085203e+01 5.165597332459119428e+01 3.184099595069637800e+01 4.008565763197697152e+01 2.069219387236793750e+01
7.719254338300784468e+01 9.717105830656331023e+01 1.111167759030115718e+02 1.028427666348719924e+02 1.111167759030115718e+02 1.128213205507464068e+02 1.045737625084979214e+02 1.028019261508539728e+02 8.290395240071454452e+01 8.073219221211955698e+01 7.376259666341832144e+01 8.511485984120291448e+01 1.050770156939085922e+02 1.155998356908919789e+02 1.014414797017457204e+02 1.155998356908919789e+02 1.184276768431292481e+02 1.267316903306304141e+02 1.198308543843538132e+02 1.071100245093159060e+02 9.879903515406640224e+01 9.723586231770086385e+01 7.734297609425566122e+01 6.338098750905654555e+01 6.231911197262906654e+01 4.422260339734084766e+01 5.578042967709895095e+01 7.566966054159033206e+01 7.727397114091253627e+01 8.095476529667371324e+01 8.026596729458637469e+01 7.842715247409192614e+01 5.841305131237583481e+01 4.432254029595036116e+01 5.165521445137532197e+01 4.851708160816570370e+01 4.032773006314029374e+01
7.979162555307604521e+01 9.974712950103939590e+01 1.088157192309393793e+02 1.005198496296438719e+02 1.088157192309393793e+02 1.073913534494391939e+02 9.590800694472146404e+01 8.764679338131027464e+01 8.091437977148842720e+01 6.701458253469502324e+01 8.655529861647548273e+01 1.018405422857547649e+02 1.133795562924606486e+02 1.066531916536633418e+02 8.730806311848547807e+01 1.066531916536633418e+02 9.842076972727075201e+01 1.151738053928507242e+02 1.050931788760843233e+02 9.493648431303918755e+01 7.798123285917817782e+01 9.493648431303918755e+01 8.832513791473185449e+01 7.982639061056774210e+01 6.219992916020801488e+01 4.221580246873343611e+01 5.585121579155308069e+01 7.492340872170404964e+01 6.312500975099513312e+01 6.093616421634511227e+01 6.024596648493424311e+01 7.441091255403053140e+01 7.258553943070850778e+01 6.427504582328896277e+01 5.888935961372143169e+01 4.933877200945662622e+01 3.952423515353861205e+01
9.974712950103939590e+01 1.079573517046040934e+02 9.885795989051261756e+01 8.065092261078159197e+01 9.885795989051261756e+01 9.909924903236611726e+01 7.926301397330804832e+01 6.811800307210442895e+01 6.165658728331054306e+01 8.091437977148842720e+01 9.482105588017053321e+01 1.067012474503674611e+02 1.108910695934955868e+02 9.836072955872823798e+01 7.838471153911332578e+01 9.836072955872823798e+01 8.688478335667331010e+01 1.062280311515491604e+02 9.665102076586548208e+01 7.636570847620542679e+01 6.630180950213879498e+01 7.742083611215399230e+01 7.253293098160378349e+01 5.954594707744178095e+01 6.023395532243159067e+01 4.025213779393282465e+01 5.746810799213960763e+01 6.574653861193347382e+01 6.679886161933242761e+01 4.681716182980571261e+01 4.612821741332861336e+01 6.441505246362842740e+01 6.914380131583489231e+01 5.888936159893061983e+01 3.900269445757900399e+01 4.108219952030055566e+01 2.143683723654734052e+01
1.163343646015126751e+02 1.033177788525697878e+02 9.058538612021280301e+01 7.095060974083385474e+01 8.698013011498659353e+01 9.523084148768853652e+01 9.590800694136893867e+01 7.720821587913924589e+01 5.813108594910295324e+01 6.745374074954128218e+01 7.858270221959054425e+01 9.840996857814081977e+01 1.025963405805046023e+02 8.261816676225336664e+01 7.209216761461387080e+01 9.204375800647326855e+01 7.796491764469737973e+01 9.793603403017559117e+01 1.050931788760843233e+02 9.166134036759679304e+01 7.152222611451777823e+01 5.733186697563494505e+01 5.248114912374229135e+01 4.789651379212326532e+01 4.373113120377887242e+01 4.057703728730304249e+01 3.751388626769426793e+01 5.517295330530010489e+01 5.362973811666019230e+01 5.210359387666380826e+01 3.621436892210189740e+01 4.915946296602131582e+01 4.915900224178465550e+01 5.252815697103601167e+01 4.265195861447096348e+01 2.301447854123173187e+01 4.108221522871197351e+01
9.693729980267065116e+01 9.503560212350201652e+01 7.530380606536634502e+01 6.426959554887457671e+01 6.750144098411517746e+01 8.391036113651689732e+01 7.835306527019329792e+01 7.023424676921744947e+01 5.521182589797462725e+01 6.350380898188186052e+01 7.450404159597798071e+01 9.422398200651453237e+01 1.004080161488077891e+02 8.043396617521690928e+01 6.636637357443973428e+01 8.628422996472269801e+01 7.093369649612841954e+01 8.422801757748081286e+01 1.042046578182361856e+02 9.758243920935922233e+01 7.742083611215399230e+01 7.742083611215396388e+01 7.102368433496026512e+01 5.102731874555504987e+01 6.372204400066877383e+01 6.055262327069753781e+01 4.151443633452499427e+01 3.524949574686335296e+01 3.375561248084753885e+01 3.228622687019901605e+01 3.082760889364344692e+01 2.941740607685109765e+01 4.714212283173824858e+01 4.425375010904485862e+01 2.460314773915556330e+01 4.265190088254432510e+01 3.341801875878089589e+01
8.311302638129230047e+01 9.539264591935881299e+01 8.955211977974607862e+01 7.001049403724913134e+01 5.665701434889384558e+01 6.970139835363842451e+01 7.022258397037245459e+01 5.129959270466992649e+01 6.062986235135415569e+01 7.983863117562832201e+01 9.107339530307886832e+01 1.025045584345169800e+02 9.582565481574916078e+01 7.586983644804352878e+01 6.183113911367949100e+01 7.670634712303498759e+01 6.432754811123490413e+01 7.838057180940504054e+01 9.834500045601028262e+01 1.049333775463305898e+02 8.486143010975801815e+01 7.073085037753729409e+01 5.918978477949195849e+01 7.102368433496026512e+01 7.158499952798888444e+01 5.152904433505034376e+01 6.121955171488590253e+01 4.402100822765514465e+01 5.362992655650510443e+01 5.210609042104962896e+01 5.059794552615535679e+01 4.713565509131769460e+01 2.743800478266420484e+01 2.623304819350725836e+01 2.901431877092421630e+01 4.867954374231664616e+01 5.325558030012486199e+01
