LEM/with_lateral_4open/elevation_000316.asc
nrows	100
cellsize	150.0
xllcorner	0
ncols	100
yllcorner	0
NODATA_value	-9999
[rows 51 to 67 of 100, columns 0 to 36 of 100]
6.455108993161302877e-02 2.006455108993125691e+01 3.239473824631537724e+01 3.995402770650635205e+01 4.823829896439752218e+01 5.761540768619833131e+01 5.761540768619833131e+01 6.589065736612549529e+01 6.872773400902217134e+01 6.028626690775499952e+01 6.804566801567139578e+01 5.110355043939065212e+01 6.804566801567139578e+01 7.377135369518273933e+01 6.141667900029785443e+01 4.133190527075362297e+01 6.142061542872098556e+01 7.792190554498415622e+01 7.280927373909736389e+01 5.872016526650837420e+01 7.147289190914091250e+01 6.320880033072423032e+01 4.732452355073136374e+01 2.717339971754879713e+01 3.999922872102689553e+01 2.357110874222258801e+01 4.169172587590009016e+01 4.260168827963982352e+01 2.386536371683315494e+01 4.390476112768602945e+01 4.259903128670575256e+01 2.778851445371561368e+01 4.536249111024925185e+01 6.942043983483372926e+01 6.283591464095494672e+01 6.892454899018670744e+01 7.609958432971504294e+01
3.995603441288197999e-02 6.070182925968180321e+00 1.239473824630499443e+01 1.995402770648967206e+01 3.409616333022112400e+01 5.409616333027807400e+01 5.858587019736474133e+01 6.692906111681186587e+01 5.722355539610420294e+01 4.054836649753395506e+01 5.722355539549995740e+01 3.993119909676570956e+01 5.961050876867701476e+01 5.947738657866127454e+01 4.523209624599436296e+01 3.696091309147259096e+01 5.703720204473341937e+01 7.047059843106715959e+01 6.312572683235451620e+01 4.453705178138157095e+01 6.312572683234672866e+01 5.985040153249202177e+01 4.603767732968463378e+01 3.225796266326130279e+01 1.982209851914294774e+01 2.069881650315765143e+01 2.162123915124689688e+01 2.254527135124089909e+01 4.260168831387672128e+01 4.390476115414428904e+01 4.854162897565032608e+01 2.896388329452708987e+01 4.885869468362574963e+01 5.874822381175535213e+01 7.278611786445763698e+01 7.449086261113926355e+01 8.294315502154198327e+01
4.804567899273937126e-02 2.004804567899238421e+01 3.239473824630287879e+01 3.995402770650635205e+01 4.823829896439752218e+01 5.513276573980028417e+01 3.803415658798149224e+01 5.513276573980028417e+01 4.888828714538632170e+01 2.942213061094008708e+01 4.297505091568419999e+01 3.266184392004696235e+01 5.217242885934786045e+01 5.112266470543867314e+01 3.103950846336072544e+01 4.574647127308848127e+01 4.206425478379409810e+01 6.216244316603732756e+01 5.473297061301478550e+01 3.464730850595034894e+01 5.473078800470306504e+01 4.579476047482847889e+01 3.164666131645710578e+01 1.860069332388987462e+01 3.838855050534459679e+01 3.480936806359627411e+01 4.167015819490126205e+01 2.890734055147630599e+01 4.868442030119556563e+01 6.394539664711707161e+01 5.656711015630641270e+01 3.018733417958605258e+01 3.058106949806315811e+01 4.471032667857841858e+01 6.044787021910634905e+01 5.223200013580894563e+01 7.040537854127063611e+01
9.707512844716031930e-02 1.440899753216470636e+01 3.544181576428938030e+01 5.493047988412667593e+01 4.962650416368909134e+01 4.214276019875003954e+01 2.667721320520060857e+01 4.660359246582962101e+01 4.151758091411661411e+01 2.198327680221921909e+01 2.345530057826260517e+01 4.297505091568419999e+01 5.021825307626235002e+01 5.360540188584715793e+01 4.575290238046619606e+01 2.557299085214145862e+01 3.986670750712227829e+01 5.996343387446535189e+01 4.809835909385149222e+01 2.823227192266072905e+01 3.993826544072718576e+01 3.632351562173023751e+01 1.738385565112978526e+01 3.752112200004111742e+01 4.657006182376215975e+01 5.365981470920984009e+01 4.834534395582355160e+01 4.296089299814052254e+01 4.289213070991498000e+01 6.266824438965767996e+01 7.046980492200250978e+01 5.752972254548476627e+01 3.829851831854575295e+01 3.230650148589333526e+01 5.222019542378650669e+01 4.045292557774973119e+01 6.125304902176818445e+01
5.001202446392439237e-03 1.428318035937686936e+01 3.426077419689032411e+01 3.420006171420044438e+01 4.015229742468758900e+01 2.442970143256290783e+01 1.970914718489659734e+01 3.881047517099778332e+01 3.500608557423503697e+01 1.530294511841473870e+01 3.489617220571694389e+01 4.312754725699398506e+01 2.883066150278224526e+01 3.427209717191679772e+01 4.236454883780373848e+01 2.185288246491128206e+01 4.238958379241233843e+01 5.480474544858714125e+01 5.631971097866575349e+01 3.993801267775055663e+01 2.028386095997164773e+01 1.617464202223429481e+01 1.812030214656108384e+01 2.008407907201576492e+01 4.017995106441145481e+01 5.115215954502550488e+01 6.706726633100817025e+01 6.329352800235280796e+01 6.266824438965767996e+01 7.101755028934596226e+01 7.212149633762979306e+01 5.232168328422763892e+01 5.785738081234254082e+01 4.733903633648786524e+01 3.405675439516959102e+01 3.531501555888434751e+01 4.423175143531747722e+01
5.279685921607564503e-02 1.826935772006526193e+01 3.107780591574377382e+01 1.935134160457862151e+01 2.323626487144004216e+01 1.424133770684269606e+01 1.357373940378971611e+01 2.548351045066037557e+01 2.583319047521580814e+01 1.119817035946702610e+01 3.037783935388054246e+01 2.852805362384604493e+01 1.550644370637412628e+01 3.267276417824079005e+01 3.881208784695216707e+01 1.773402628083305999e+01 3.437560778496189329e+01 3.437560739150305977e+01 4.245824677002796932e+01 3.236415896164634631e+01 1.508809336418961422e+01 3.524349361560879146e+01 3.874636968048529440e+01 4.017995106441145481e+01 2.288922235879256561e+01 4.294852212328648022e+01 5.411090755951114772e+01 6.829641874235130672e+01 6.577760970589790190e+01 7.409606470966667757e+01 8.033899165109953344e+01 7.212149633762979306e+01 6.223491543502950663e+01 4.253547119061766324e+01 5.393337566918461334e+01 5.517505377348422257e+01 3.713119702222324747e+01
5.738623160518319517e-05 1.043800096107658959e+01 2.003727609658772835e+01 2.788739199805491786e+00 2.700227115923460985e+00 1.341261016863138344e+01 2.269322884767375115e+01 5.026679352312367399e+00 5.638487751159342309e+00 2.321577252320423312e+01 2.702128323536319954e+01 8.064960728089761943e+00 8.708172950640602039e+00 2.755344488766721867e+01 3.034141274169213887e+01 3.111184983218221589e+01 1.179668898050182513e+01 3.232302505791165714e+01 3.309870499615602313e+01 1.407342656244257739e+01 3.416744526320409392e+01 2.936146619377250033e+01 4.944396399184213209e+01 5.126174058157167934e+01 3.707845745404031135e+01 2.576205406553025412e+01 3.992539637667200481e+01 5.506063888308758436e+01 4.572799318439339089e+01 5.728377423092525333e+01 7.738040474027593518e+01 7.280625961337588592e+01 5.302948035564571683e+01 6.223512644247823999e+01 7.048324937202080775e+01 5.333551495278507559e+01 5.696511727756703891e+01
4.532054705376769438e-02 6.447670342081249784e-01 1.244531955496869235e+00 1.845562560250065154e+00 2.011707443680022678e+01 3.558766349845349453e+00 4.166159907663349315e+00 2.189747893466370954e+01 2.544930949910245843e+01 6.516201441373410397e+00 7.156324649538032823e+00 2.615066622379547212e+01 2.875773838884251887e+01 9.622668751499903195e+00 1.027040038501406549e+01 1.091923941678630072e+01 1.377103460231437460e+01 1.260686784462405896e+01 1.315384384221786007e+01 3.309870426326939707e+01 4.248903942207411433e+01 4.944396399184022783e+01 5.776681559105810493e+01 6.544502370910295497e+01 5.410963344811649023e+01 4.579513906692870506e+01 2.871101864832850126e+01 3.504142243600252726e+01 5.506063888308758436e+01 7.409606470966667757e+01 8.569482942148867721e+01 8.108859969914009014e+01 6.437992378852015918e+01 8.108859969914009014e+01 8.143129005642796869e+01 7.315703344756707338e+01 6.700712629640045748e+01
9.001595176218035732e-02 2.008853925342727820e+01 2.145079605767847042e+01 4.237404121293123715e+00 1.254521940461399510e+01 2.690100465169347999e+01 1.839630333595805567e+01 2.945093329353962375e+01 1.016067206992400962e+01 2.672782022168969007e+01 2.727262656885300629e+01 2.307934109085652352e+01 3.643635789572299899e+01 3.028723313246699078e+01 3.028230029881047258e+01 1.494414720269083041e+01 3.184516176809578525e+01 2.597649576254202231e+01 1.688997584869795787e+01 1.520713958980375935e+01 3.532863092687382078e+01 4.593447235547447605e+01 5.420015462413272189e+01 6.252571058326059017e+01 6.290941115570244335e+01 4.285969779441544603e+01 4.873205704333540922e+01 3.194060112920151795e+01 5.195088776571969902e+01 6.366380287646592961e+01 7.543614445841505756e+01 8.729674549248497328e+01 8.431684841094779870e+01 9.261588093297439173e+01 9.336458126428445325e+01 8.192540196362929805e+01 6.788865485917979470e+01
5.674351268809080251e-02 2.005674351268773492e+01 3.507968026130730266e+01 3.738937222834703533e+01 2.579057172609221027e+01 2.810131146752448217e+01 3.829085494928247613e+01 2.200467082136870189e+01 3.006409660849439547e+01 1.409305896532812952e+01 3.392236171476000095e+01 4.159569018831832921e+01 4.909424285636083596e+01 4.105086167196553504e+01 2.104799195607396456e+01 3.502094660185336750e+01 4.318335139217279561e+01 3.732743438480869713e+01 4.138616815841111674e+01 3.532863092687382078e+01 1.743784954237943197e+01 3.761255339574550050e+01 3.412647856974767535e+01 5.420019240447491171e+01 7.124145905584404659e+01 6.290949964417992391e+01 4.827987153370297335e+01 5.191978721331742719e+01 3.529809662328253239e+01 4.684053382281671674e+01 6.693332459557611003e+01 6.716370641244284911e+01 8.140213299417102633e+01 1.015275989308482991e+02 8.510717694263792055e+01 6.534159109367350027e+01 5.400336580887410065e+01
9.518805923843161321e-02 7.746465097572043490e+00 2.148612998150088771e+01 4.126921379480300089e+01 4.691839582081842508e+01 4.148686629490080691e+01 4.953608551920905256e+01 3.211630947662739999e+01 3.671915256537710093e+01 1.694285375360130530e+01 3.101681952605825288e+01 5.048577479264148593e+01 5.945709705872127415e+01 3.973237977257184639e+01 2.557042936839840053e+01 3.715341854919583398e+01 5.692390214437239848e+01 5.778645487654316071e+01 5.770304879057269432e+01 3.761301903445957606e+01 2.420656327570736721e+01 1.984313873414165741e+01 4.000589898974932623e+01 4.674915749006471088e+01 6.682704600858164667e+01 7.678372361203396679e+01 6.837811346675646007e+01 5.776680231043229696e+01 3.775909027807188778e+01 5.778175296024303975e+01 5.298199468761360009e+01 7.306053703309339653e+01 8.699893928766074680e+01 9.863512599130181968e+01 9.235997697095849901e+01 7.253218218500732917e+01 5.863384480929080667e+01
9.062254805971975413e-02 2.009062254805936476e+01 2.264256377611821591e+01 3.592209858206967965e+01 5.550944411390658217e+01 6.058731290763873290e+01 5.950893554145045528e+01 4.650170342783341937e+01 3.962358492274200472e+01 1.992476548200232145e+01 3.393898664370704665e+01 5.334739160053131712e+01 5.945664410381359488e+01 3.973237829092574458e+01 3.193321820878119865e+01 5.178821876339782904e+01 6.496300001247213629e+01 6.855117390291695756e+01 4.846419797953542741e+01 3.428495681370845460e+01 4.173238790839191381e+01 2.159824024524142061e+01 2.668207916367617472e+01 4.674915749006471088e+01 6.127697546708905207e+01 6.960810801572201001e+01 7.421454190860683298e+01 5.409833970817238935e+01 5.778269161739988391e+01 4.143931862025821999e+01 4.959720754875035453e+01 5.854095570068084697e+01 7.013240601562328891e+01 9.030758705752847959e+01 9.236380986538557636e+01 7.253221401436269389e+01 6.844513258762151509e+01
3.063233560239582431e-02 1.848652036129666243e+01 3.303574429797774314e+01 4.906698597468957956e+01 4.485440618966940463e+01 5.407782142736812858e+01 7.330599963684191778e+01 5.633385906041083047e+01 3.697951481045362243e+01 2.304606442492805485e+01 4.264827099593124871e+01 5.580074876989446153e+01 6.748702967289750632e+01 5.945663162430691528e+01 5.178821876339782904e+01 4.262491821182679530e+01 6.231072522322929075e+01 6.855117390291695756e+01 4.846419797953542741e+01 5.434753701396297743e+01 4.358245794559954334e+01 2.348555323804098549e+01 4.358245794520023253e+01 3.488558638190710326e+01 4.121812773501402916e+01 5.538742601122834230e+01 7.549560563969508564e+01 7.421625981657211923e+01 6.574409401798465069e+01 4.570005131513197938e+01 4.720771657689809331e+01 5.875633928859713251e+01 7.296567713213987361e+01 9.313740536065604658e+01 1.006416626190254533e+02 9.236394751109344270e+01 7.982131592507789719e+01
5.666595628964066211e-02 4.462574134389062586e+00 2.554587163131313332e+01 3.537470433770482714e+01 2.246884573978172384e+01 4.332480554693926678e+01 6.074832354100963983e+01 5.232951023293238535e+01 3.296703175886955250e+01 4.264827099593124871e+01 2.831634656494583524e+01 4.775228867163691149e+01 6.163275988885658307e+01 7.281906119743207739e+01 7.032273244133295975e+01 5.408802597713077631e+01 7.032273244133295975e+01 7.688205688675205352e+01 6.855117390291695756e+01 5.886985488177823100e+01 4.545359666996292702e+01 2.538786931039793160e+01 4.545359666996292702e+01 5.493381085990303347e+01 6.127697546708905207e+01 5.538742601122834230e+01 7.549560563969508564e+01 8.617485515880336777e+01 7.023042238620286071e+01 5.016695198144986279e+01 6.725899535528395745e+01 5.368933024248206465e+01 7.377595793550807457e+01 8.923609391159307336e+01 1.008781811037870852e+02 1.080179592915100102e+02 9.973104925034525081e+01
2.110006612196471329e-02 1.599177737835523239e+01 1.116212085676167654e+01 1.611158205351587469e+01 2.802462011765612360e+01 3.301784995036198467e+01 5.246243296121355115e+01 6.039388957983043582e+01 4.166763191944965428e+01 5.580074876923385574e+01 3.960044161345024349e+01 3.427689879618736057e+01 4.541944832507024188e+01 6.470227268567499834e+01 7.607456143054581332e+01 7.354314128107910165e+01 8.152302312640524917e+01 7.602366540743307155e+01 6.563769827795177036e+01 5.031766101850251260e+01 3.040846952189522767e+01 2.753362809660998778e+01 4.757833091975174966e+01 5.891124013757634259e+01 7.278736016916950291e+01 7.549560563969508564e+01 8.382879002021572035e+01 7.783249951885409246e+01 5.771929398177672965e+01 7.023042238705244245e+01 6.653320856109222348e+01 7.377595793550585768e+01 6.075949769652518029e+01 7.236100794192041974e+01 9.255240489316852859e+01 1.103799390197198278e+02 1.030790032409463493e+02
9.367352646185668485e-02 2.009367352646150096e+01 3.033295888027343779e+01 3.537470433729306052e+01 4.303346199734990307e+01 5.142910681563284925e+01 6.074832352094224319e+01 6.905432117838401496e+01 5.276362106257595741e+01 6.697730737371067278e+01 5.888827376101042432e+01 4.393744853842726883e+01 4.187529856750023072e+01 4.864121410962488312e+01 6.222122799891744904e+01 8.174318221686387176e+01 8.207880963663021134e+01 6.164380552493773990e+01 4.664411205023780127e+01 3.611772059371216415e+01 5.031766101850251260e+01 4.757833091975174966e+01 3.059865297675412421e+01 4.474645315377512844e+01 6.200934460556784700e+01 7.110588093437449686e+01 8.271717151644938326e+01 8.617485637811485333e+01 7.783249951875042427e+01 6.716830519532713595e+01 8.077361617068895328e+01 8.923609339157910370e+01 8.089489642805087044e+01 7.022286224882569172e+01 8.187466527192142962e+01 1.020748751511773662e+02 9.474284637573208556e+01
3.648181865326004941e-02 1.417861744238496868e+01 3.417861745380554339e+01 4.269352868995905936e+01 5.097780024596688264e+01 5.194859087894482030e+01 6.023286197026855149e+01 6.924815589204830246e+01 7.214498894417450003e+01 8.029324298533889248e+01 7.131135270280277894e+01 5.750655631264780254e+01 5.543122105427117674e+01 6.111625150220250191e+01 6.222122799891744904e+01 8.174318221686387176e+01 7.796595051464495896e+01 5.744344924297338650e+01 4.505742114101246187e+01 5.713731939764865331e+01 6.564354312620113774e+01 5.895591350286773036e+01 5.063363740110067823e+01 3.376585661874690203e+01 4.271248466926897436e+01 5.427543433518211202e+01 7.438114940298457611e+01 8.738864032764506362e+01 9.448714858921947268e+01 7.428013380656953757e+01 9.448714858850786413e+01 1.092504967579036617e+02 9.874270974297668602e+01 8.187466527192142962e+01 9.874270974297668602e+01 9.985345425753793336e+01 8.819185566868225123e+01
