LEM/with_lateral_4open/elevation_000271.asc
nrows	100
cellsize	150.0
xllcorner	0
ncols	100
yllcorner	0
NODATA_value	-9999
[rows 51 to 67 of 100, columns 0 to 36 of 100]
6.455108993161302877e-02 1.161155643488091016e+01 3.161112932510116380e+01 3.946593897536283180e+01 4.775351783853928112e+01 5.930217967917830180e+01 6.145996743599543777e+01 5.314346337926938446e+01 6.145997012408979998e+01 6.828555825320648864e+01 6.951470016011958819e+01 6.951470016011958819e+01 7.799006131925725072e+01 6.960442684563207649e+01 4.998533448202668694e+01 3.682549767948155051e+01 3.953274168998943594e+01 5.349783330683523275e+01 7.333162873374521951e+01 8.121784534520597276e+01 6.121689573461454614e+01 4.704864131341324907e+01 5.922003911130232012e+01 6.650771672973684190e+01 5.389445693868088227e+01 3.385565343586419829e+01 4.833669282111528531e+01 5.662348844759037547e+01 4.966312899138887360e+01 3.008592967565882503e+01 2.676152580073980403e+01 4.684340717889849515e+01 3.081512301853231151e+01 5.090199752386948262e+01 4.558185381685812132e+01 6.568321140405632264e+01 8.407035308173287547e+01
3.995603441288197999e-02 6.070182925968180321e+00 1.239473824630499443e+01 1.946580605817490550e+01 3.101281172759135174e+01 5.101330574373481852e+01 5.139657371853274981e+01 3.299639075263768007e+01 5.139657354625669683e+01 6.304082119330841039e+01 4.809187451141674075e+01 4.809187451141674075e+01 6.951470016011958819e+01 6.140943647053237697e+01 4.162231139559182935e+01 3.055604254757586702e+01 4.998533448202667984e+01 5.999081123090961398e+01 6.795473330977627313e+01 8.092455969203086852e+01 7.337282747175861175e+01 5.335776222700525295e+01 3.917095732022783494e+01 4.647615103633770417e+01 6.063342183616304482e+01 4.833669282111528531e+01 2.828501386117306993e+01 4.317689081771859350e+01 4.411567481854152106e+01 2.539697146473853451e+01 4.547044624742873964e+01 2.814061180193647260e+01 4.613494434383915177e+01 3.737818956073520127e+01 5.742455051313947934e+01 7.353842099151901834e+01 7.489768354327711108e+01
4.804567899273937126e-02 2.004795332505072025e+01 3.239480443619158478e+01 3.946602124360040165e+01 4.775351783853928112e+01 4.787891566472056581e+01 4.306992706106822055e+01 2.284683575386522492e+01 4.306992706103272894e+01 5.436647487087866182e+01 3.249449068178418543e+01 4.707581354279020758e+01 6.848914487103581905e+01 6.002306476707239113e+01 4.033213683014062667e+01 2.697809434216722124e+01 4.609947609501232080e+01 4.119507719996778405e+01 5.434118700137083380e+01 6.594109919559853950e+01 5.739123048651924108e+01 6.258183896700855797e+01 5.234326079015054489e+01 3.227709778489506931e+01 4.629308500191914533e+01 4.970326988839993732e+01 3.952807535050451548e+01 2.313762855211435721e+01 2.406192933540625489e+01 4.411567020119166216e+01 5.376520786995113355e+01 4.822968410215208479e+01 2.976977777989664631e+01 4.986024356425671300e+01 5.199482827653569217e+01 6.053548076353973073e+01 5.468694283769590214e+01
9.707512844716031930e-02 1.164408051223957585e+01 2.578621613597027462e+01 4.578621613025641324e+01 4.607942049518913308e+01 2.782675469834426707e+01 2.783421228953754323e+01 1.639162687274948027e+01 3.632889616836303759e+01 4.707581354293717624e+01 2.542737905854601266e+01 4.707581354293717624e+01 5.712372270997177992e+01 5.636655135345856849e+01 3.682519346344753330e+01 2.369989127751570024e+01 2.998014535055007457e+01 4.879345779870791944e+01 6.660235134655577838e+01 5.393789438244740353e+01 3.670478926316859258e+01 4.264193567734994872e+01 5.190059176403461549e+01 4.629307678700861572e+01 2.623726900801514716e+01 4.062044258606014324e+01 2.187177168847126296e+01 4.189445544506869368e+01 2.921205572396330297e+01 4.310252402426112894e+01 6.277397566376116345e+01 5.806491935454015163e+01 4.398815376336453653e+01 3.145580872586427290e+01 3.265893248495129342e+01 4.030016189492362599e+01 6.060653171116707938e+01
5.001202446392439237e-03 1.959797884138709634e+01 3.787524445371811055e+01 4.075763685905139511e+01 2.969087066717888490e+01 1.776483864095025922e+01 8.707856352255937793e+00 2.196042964673413778e+01 4.195907643349517713e+01 4.129002586443656497e+01 2.000371197697863934e+01 4.129002609279388025e+01 3.568370131586208061e+01 4.322265743522766002e+01 3.513660276838309926e+01 2.052395192306966010e+01 3.921669017077501707e+01 4.936714777492789352e+01 4.306858544433647751e+01 4.024567958349441454e+01 2.509607483272365869e+01 2.847758528830486568e+01 3.185867678369142553e+01 3.851248758804686645e+01 3.938406106803232376e+01 2.060786032771589760e+01 3.474790022616340934e+01 5.019188065619373162e+01 4.886662044649362002e+01 3.763740899439881105e+01 5.721263048328153644e+01 7.214541072226356277e+01 5.969449994918646496e+01 4.307084434015147423e+01 5.274262975675307530e+01 3.439184644493555254e+01 5.447073824627086225e+01
5.279685921607564503e-02 1.148640152097584632e+01 3.050890328877039792e+01 2.917007245181639163e+01 7.569636628620933116e+00 3.614133088944251782e+00 4.230987364551348051e+00 2.425706107073019524e+01 3.344508626286949493e+01 3.612730928067105651e+01 1.517434857033216744e+01 2.941846515080214530e+01 2.101538438939106967e+01 3.120663743228400477e+01 1.640588708250357186e+01 3.507433209259691154e+01 3.401134345254904900e+01 2.791791619555309012e+01 3.121412340491105297e+01 1.539247907912448809e+01 1.616342665870437756e+01 1.694101497694484593e+01 1.772173129895247357e+01 1.850527590689402047e+01 1.937605658519743912e+01 3.938406111206096938e+01 4.891770053842488863e+01 6.308749901133382565e+01 6.547156041682791283e+01 5.140434759794083419e+01 4.885090844840003399e+01 6.863495608536385362e+01 7.132697108615532500e+01 6.309869912815138093e+01 4.600421575398773655e+01 5.447073824627086225e+01 3.615579243972317158e+01
5.738623160518319517e-05 1.774033050634145781e+01 2.120774159034732875e+01 2.189994184525009757e+01 2.742947527317622924e+00 2.276885995285576669e+01 2.425709245342562426e+01 5.111365839857420212e+00 2.513904765165780475e+01 3.356331653881693455e+01 1.876167702736555754e+01 8.717998560840630518e+00 9.368857505061889412e+00 1.228627266087021574e+01 3.051504844922014215e+01 3.171008756639803750e+01 1.277285469510748861e+01 1.353904725951960053e+01 1.430534286500350305e+01 2.239286829245470045e+01 2.561345947717982341e+01 3.694605952042793007e+01 3.190272722491789281e+01 3.851249875622315244e+01 2.045329888668244678e+01 4.064821769855415567e+01 5.163758100100164938e+01 5.339098687230470119e+01 7.339660465024628877e+01 7.123506617280625619e+01 6.017079613884872913e+01 7.693815412458232572e+01 8.016421756626398576e+01 6.017757265354973839e+01 6.603152541531522957e+01 5.955307045796563870e+01 3.733187819877110769e+01
4.532054705376769438e-02 6.547481823897726150e-01 1.264458943239464395e+00 1.875021454112128616e+00 2.190039074748565895e+01 2.276657323779702580e+01 3.343593743842262000e+01 2.513265985693572802e+01 5.993012254882351897e+00 2.600326861943268142e+01 7.809280491752088160e+00 2.162982207897161757e+01 2.755101252098464215e+01 1.032242894824764079e+01 1.100379190924740236e+01 1.168861101758199617e+01 1.321599318728993211e+01 1.484050991012423637e+01 3.423606596272745151e+01 2.636425929753232111e+01 3.737574089780961373e+01 4.159281848637441215e+01 5.237326442250235914e+01 4.896904371258774802e+01 3.474093216100999371e+01 2.277294821988108353e+01 3.328265865131332646e+01 5.339098687230486462e+01 6.852951947317090742e+01 8.046857361716679691e+01 8.019721479420806531e+01 8.850601168865463819e+01 8.841612683764692804e+01 8.016421756626336048e+01 7.040527397683631250e+01 5.010266024725800094e+01 4.316674630964220682e+01
9.001595176218035732e-02 2.004921021204179610e+01 2.086904086942338665e+01 8.756739007563487220e+00 2.771803063779674758e+01 4.279561512487718034e+01 3.884470593326233967e+01 2.715032284509391047e+01 7.952578055584503147e+00 6.901190848406238310e+00 2.669259774419601072e+01 3.326342679657944501e+01 2.045703442550324525e+01 3.298249672711686742e+01 2.518627967272167112e+01 3.172612430518500659e+01 1.768766807551340747e+01 3.468219340593240929e+01 1.714940285444033208e+01 3.702330173471187180e+01 5.516551097655379010e+01 6.097879602488473694e+01 6.878619337248905197e+01 6.319715786117475886e+01 5.163758101763698960e+01 4.333682276181028215e+01 2.572821263058970587e+01 4.023473670892503407e+01 5.720380656765060934e+01 6.046261527472587716e+01 7.005558215457210736e+01 7.828852578552240971e+01 8.977535201879494764e+01 8.298949437606381707e+01 6.309209485650771398e+01 6.837319003488627800e+01 4.830202377747979625e+01
5.674351268809080251e-02 2.005621224824072968e+01 3.514096668820479863e+01 1.799448878712649957e+01 3.603364011693117419e+01 4.555210253458676561e+01 2.539860859008134497e+01 1.120367023986785782e+01 2.763528902937965626e+01 2.693715221492281842e+01 2.251950744935169269e+01 4.338708308530280533e+01 2.834512319861370955e+01 4.577687282337980434e+01 4.558511766988969072e+01 4.179316956494343316e+01 2.226604150564603657e+01 3.864978902291998253e+01 1.879201221310041703e+01 3.865109601717635712e+01 4.915548816387480713e+01 6.245065995788306168e+01 6.395572976628164241e+01 7.223825230665488561e+01 6.024583032989303888e+01 4.023473977861225848e+01 4.609422244978070182e+01 2.884658660076652126e+01 4.047117293575726649e+01 5.852130893179621296e+01 5.007763490434544451e+01 6.163848898377583652e+01 8.155354525190247728e+01 9.123916229389526222e+01 7.716381007706820583e+01 7.661301358902116476e+01 5.997356395979653598e+01
9.518805923843161321e-02 2.009518805923807605e+01 3.643859058312244059e+01 3.741523420066033623e+01 3.741579772603481757e+01 4.553967207182193988e+01 2.539840192319255863e+01 3.129764336801451918e+01 1.524271437091175407e+01 3.535680834379387960e+01 4.408873772950814640e+01 5.130689288397777403e+01 3.724645685614231638e+01 5.346723318169755856e+01 4.865066386288427935e+01 2.926289126016248332e+01 4.179605612771772627e+01 3.865109601721662358e+01 3.865109601721662358e+01 2.116122762296321724e+01 4.100456338771238762e+01 4.297413650980105615e+01 4.463065903174257443e+01 6.395575205604267666e+01 6.853171805835604857e+01 6.024578190149998136e+01 4.306413205953887768e+01 4.892055135201263028e+01 3.193218410709376442e+01 3.854753646320154559e+01 5.852130893179731430e+01 7.054538960317788110e+01 7.882565354330225205e+01 8.882426630751865559e+01 9.705394042080295947e+01 8.809253575333463004e+01 7.984729263574914171e+01
9.062254805971975413e-02 8.255589472740975765e+00 1.980279033479630613e+01 3.981524278255312055e+01 5.771627137492721715e+01 5.391375035643190472e+01 4.553967207182168409e+01 3.238864358741420091e+01 1.819479513080008104e+01 3.829420322005480415e+01 5.204348502609920502e+01 6.234104379265688323e+01 5.460881790714657313e+01 6.233975993484708766e+01 4.807564597391128558e+01 3.449029565930476338e+01 5.381578387676208308e+01 5.836015031766703487e+01 4.915548846164008268e+01 4.100456338981867788e+01 2.357214855085369720e+01 3.152238514832283656e+01 5.029079395872069114e+01 5.909195510124800421e+01 6.722242083487428488e+01 7.134139269309144993e+01 5.719879889880272827e+01 6.016322362245076505e+01 5.187743156117170429e+01 3.509594970673581571e+01 5.505252485212069047e+01 5.051610113642499300e+01 6.054391875537552181e+01 7.469396647442742676e+01 9.467699646830591576e+01 9.154264787664619973e+01 7.169389213063135458e+01
3.063233560239582431e-02 2.003063233560203926e+01 3.656214452410067395e+01 4.812438859843533123e+01 4.785044195029794167e+01 5.613471319776155610e+01 6.093254471291880492e+01 4.348902816131406013e+01 2.336955767735407008e+01 2.355114668158360303e+01 4.367162706032047481e+01 5.786974508971573528e+01 6.797653961664350675e+01 7.598232830808217386e+01 5.994213895735433084e+01 4.056890316173746669e+01 5.994213895735433084e+01 6.717822365533115203e+01 4.756078574043889517e+01 3.616130780303322467e+01 4.339847183444806689e+01 2.612903575203199935e+01 3.245263087827166260e+01 3.947943256547523561e+01 5.081473996889233291e+01 7.039884156913622348e+01 7.720638665205466111e+01 7.230059080950620398e+01 5.227476273248930028e+01 3.812982197510463322e+01 3.981483196676528991e+01 5.983928458268476192e+01 7.379095910709799000e+01 8.273854192053775591e+01 9.427871809419055182e+01 9.980181229571260815e+01 9.154264787664619973e+01
5.666595628964066211e-02 2.005666595628928661e+01 2.885759382584097921e+01 3.370830632656723935e+01 2.785044195029865222e+01 4.785044195029794167e+01 6.061065076968831278e+01 4.907770403919608526e+01 2.892744659954361097e+01 4.367162706032047481e+01 2.933685869918851097e+01 3.939020783243172730e+01 5.365620964317471930e+01 7.390837093908315580e+01 6.821272688256031813e+01 4.908903824652987424e+01 6.821272688256031813e+01 7.532048854340558819e+01 6.398609391714018813e+01 4.858905321114767872e+01 2.882685633461709784e+01 4.592653721184156268e+01 5.215788119313337035e+01 5.909195509743313579e+01 6.722241872304991261e+01 7.854206086821733379e+01 9.427439025681400153e+01 7.550613347654817176e+01 5.548752593518820930e+01 4.130034777200090446e+01 5.983928458268476192e+01 4.546440602961244792e+01 5.444380067709092685e+01 6.601117492691709288e+01 8.600203960068107278e+01 9.658147673054041604e+01 1.081155546197258559e+02
2.110006612196471329e-02 4.385457870841793948e+00 8.857593825841334478e+00 1.370830632656795167e+01 2.077937413843330106e+01 3.232637952222540889e+01 5.232637952222469835e+01 5.516189001829263816e+01 3.498292797088842576e+01 5.516189001829263816e+01 4.948906909274710131e+01 3.622798581047918987e+01 5.641219607149238868e+01 7.342642297854214917e+01 7.705696464890749553e+01 6.285524855356800344e+01 7.705696488269938982e+01 7.646104179576677495e+01 6.433914185592740864e+01 4.474674010695712667e+01 3.075492665617856503e+01 5.048607793215177963e+01 4.315561777249330078e+01 5.006833204891518818e+01 5.740207032917731311e+01 6.703783058172703591e+01 8.620060534100703364e+01 7.624725242139909653e+01 5.623585810241920768e+01 4.463669938185796582e+01 6.469366852447625149e+01 5.964896626237175070e+01 5.256572736674667823e+01 6.014700733693514678e+01 6.832021987275898312e+01 7.986294913770380788e+01 9.983789406434561897e+01
9.367352646185668485e-02 2.009367352646150096e+01 2.885759382584097921e+01 3.370830632656723935e+01 3.370830632656724646e+01 3.492150976216375113e+01 5.492150976216304059e+01 6.230685376599731029e+01 4.209784449666115336e+01 6.230685376599731029e+01 6.479930487640834258e+01 4.786061578982447173e+01 4.481349112216959441e+01 5.909675438394474867e+01 7.936926665591802532e+01 8.288723646203973772e+01 8.159683763767100118e+01 6.832248866793739239e+01 4.875565544080115643e+01 3.740704225090271962e+01 5.048607793215177963e+01 3.383116989802050512e+01 5.283666420386444429e+01 6.410054363477941308e+01 7.661618817342613852e+01 8.464481223559096179e+01 9.427439025681400153e+01 8.452505579664617130e+01 6.829260955588821957e+01 4.825455393657010461e+01 6.829260955588821957e+01 7.965519183667076675e+01 6.673220515799690133e+01 6.413713870958223140e+01 8.413061417251635987e+01 9.658147672972062026e+01 1.047293752598090606e+02
3.648181865326004941e-02 2.003648181865290567e+01 2.899436353696148316e+01 4.899436353696076907e+01 5.370830632656653592e+01 5.492150976216304059e+01 6.320578100962665502e+01 7.069823129787943117e+01 5.374481475677588804e+01 7.069823129787943117e+01 7.648527172848140765e+01 6.809387197875295783e+01 5.646815695575725869e+01 5.909675438372865131e+01 7.936926555413543838e+01 8.733070372902329837e+01 6.770179942605172130e+01 5.387635625101364667e+01 4.513873049785535585e+01 5.702557747538709521e+01 6.162019765546962446e+01 5.349987496833262668e+01 3.716567188133374344e+01 5.676266812157038544e+01 7.461978023710186392e+01 8.338087191229563189e+01 9.472011400773853040e+01 8.361731189876211090e+01 6.362564854298144468e+01 5.205995744461424124e+01 7.207511967875380776e+01 8.929338862393481691e+01 8.672300794148220859e+01 7.568624487085557462e+01 9.240726861823831939e+01 1.044844752598408775e+02 9.450817025576762376e+01
