LEM/with_lateral_4open/elevation_000366.asc
nrows	100
cellsize	150.0
xllcorner	0
ncols	100
yllcorner	0
NODATA_value	-9999
[rows 34 to 50 of 100, columns 37 to 73 of 100]
7.086045683754736046e+01 7.417519548648851924e+01 6.276654727693050262e+01 4.417788101238645737e+01 6.379441116528586520e+01 7.759779039045965021e+01 8.273182217714264652e+01 9.088601097113257765e+01 9.393775736723785030e+01 8.583904336219013942e+01 8.729652538435746578e+01 8.455102635071609996e+01 6.937454630031375302e+01 5.310586639930372144e+01 4.003483244341055070e+01 5.757807862745223559e+01 6.576573109511461723e+01 5.866338984738461448e+01 4.183837944399228093e+01 6.187155611941391697e+01 6.764966893339462217e+01 7.578684695245439684e+01 8.987096754607252080e+01 7.879818839314597767e+01 7.879818839314597767e+01 9.810224489604853204e+01 1.018546841249445407e+02 8.198758905270257458e+01 6.787809929694445543e+01 5.971885798077726548e+01 5.455332879313779415e+01 5.116946276311468722e+01 4.792007543747163112e+01 4.489671378475962626e+01 6.089182486878643630e+01 6.164175222319133951e+01 4.160481397360204880e+01
8.766810852690815636e+01 7.118670654771773343e+01 5.159339849618038443e+01 6.379441116528652600e+01 4.984067314505625745e+01 6.371465646300391938e+01 8.332099702453160717e+01 9.964451131537366280e+01 8.012063130122656673e+01 6.612098954055252875e+01 6.759897104622142194e+01 7.004264312623894284e+01 5.657233506251618849e+01 4.246311052647685358e+01 5.994291964964299524e+01 5.412499041117538212e+01 7.399006765915277128e+01 7.003974583792948749e+01 6.187155261954175955e+01 4.512698681520094368e+01 4.762556054111473003e+01 6.764973041454089753e+01 7.054766701475789148e+01 6.511624652468637464e+01 7.879818839314597767e+01 9.810224489604853204e+01 1.036746215294034101e+02 8.381555771373197672e+01 6.971014486314214764e+01 6.397948660482970951e+01 7.451868776068148748e+01 7.114392614496101430e+01 6.206326105139968519e+01 5.490912506948682648e+01 7.313148266439758061e+01 6.989922761132152118e+01 5.817003506323941053e+01
7.953082841202522957e+01 5.996212806490767377e+01 7.118670654771773343e+01 7.384328513254762072e+01 5.422820850045538776e+01 6.556046708023586689e+01 8.515782500693336488e+01 9.829423838746163256e+01 8.698299910587461170e+01 7.336825114182440188e+01 5.341460304865359632e+01 5.008316068825369172e+01 4.689851243849140161e+01 4.456258382067462520e+01 6.449896116570123183e+01 7.399024938232645354e+01 8.214308277324165886e+01 7.770345854128527208e+01 5.788795284393204810e+01 5.678749921120066091e+01 6.764973041454089753e+01 5.133678877171860222e+01 5.659471465546844371e+01 7.620733070547430543e+01 8.445221563843779222e+01 1.038391599979676414e+02 1.036746215294034101e+02 8.381555771373197672e+01 8.963214283732573051e+01 7.104354962565946607e+01 9.095866527018134207e+01 9.020921046149467770e+01 7.487200904766237386e+01 7.487259906001735033e+01 7.236598961792456919e+01 7.388528540312741200e+01 5.961536157593354801e+01
7.126797996474903130e+01 7.380197436368175090e+01 8.219915920376492124e+01 6.260289748839643664e+01 6.556046708023586689e+01 8.198681079419154116e+01 9.331931163247094219e+01 9.020295322844926034e+01 7.058717525055213571e+01 5.901287918635109264e+01 7.336825114182440188e+01 7.004264312517840096e+01 6.663818002379547067e+01 4.668752116949885789e+01 6.663812786510654007e+01 7.623749533326834182e+01 8.413824717887062832e+01 8.581130448260429944e+01 7.196242157007914386e+01 7.087301127488184704e+01 7.941124347107951564e+01 7.129326844258288531e+01 5.578576842078595632e+01 7.561223790710346293e+01 9.500464910185905865e+01 1.047532009343238855e+02 1.118591396865617327e+02 1.036746215294034101e+02 9.915834298679627068e+01 8.102349564853481922e+01 9.915834298679627068e+01 1.029309832577223034e+02 8.369392682144390960e+01 6.407336403999876495e+01 5.268164951002189866e+01 5.406334483871030727e+01 5.134755577955132111e+01
9.081808929862523883e+01 9.336150555239194659e+01 8.872813482211685709e+01 6.914120796706123429e+01 8.515782500693026691e+01 9.331931162473004804e+01 9.905430008431942213e+01 7.956053985723968935e+01 6.556759785863989975e+01 7.887778461009865794e+01 8.698314009674969327e+01 7.038045632346427283e+01 5.041016207154663675e+01 6.663510029486042185e+01 5.221804284871213042e+01 5.631947868342712837e+01 7.039246852181835834e+01 8.936394879711728834e+01 9.156354853318218545e+01 9.046487411392543265e+01 8.153907822509388836e+01 6.188180550708574401e+01 6.162554794190876351e+01 6.733837804646221059e+01 7.718013250438580997e+01 9.094767317369053217e+01 1.104130458211152472e+02 1.206605929830708845e+02 1.008938348918278933e+02 1.008938348918278933e+02 9.643002719875008211e+01 9.061877224825454391e+01 9.193872878512505054e+01 8.056274126489131504e+01 6.100128823955459012e+01 4.124128244595729598e+01 3.427595668598488032e+01
9.562670834260590880e+01 1.038367815629189579e+02 9.689598179263920485e+01 8.297765568941274239e+01 8.297765568941274239e+01 1.026110195344343907e+02 1.011842374267396849e+02 8.169351602248136146e+01 7.112766122010897618e+01 9.069795214978643116e+01 8.700563714604497534e+01 6.729966071151919493e+01 5.310083257391286082e+01 7.307066977707981437e+01 7.217205489169606381e+01 7.623749929780078105e+01 6.305933606957853499e+01 7.710395239452027738e+01 9.659927810897742972e+01 9.966280920095387330e+01 8.021502306971881069e+01 6.635864741004188261e+01 8.128842020383595468e+01 7.050688513975646288e+01 8.029190286738555926e+01 9.150932891650118961e+01 1.109592379288712323e+02 1.122602956448642857e+02 1.040474840477396583e+02 9.625023248457080172e+01 7.653008449314513939e+01 7.069449597083882963e+01 7.382271860964284826e+01 6.554956077875017684e+01 5.736404873644080027e+01 3.741957743835677519e+01 5.419282429055632377e+01
7.561034904667633327e+01 9.385723064244913871e+01 1.025888769566922747e+02 1.026110195344343907e+02 1.026110195344343907e+02 1.108143078958656815e+02 1.092941024465420981e+02 9.656844229221674425e+01 7.709822915429509749e+01 9.656844229221674425e+01 8.975654785351878218e+01 7.011080958908539174e+01 5.591520334739016818e+01 7.586492243232876831e+01 8.829303515054728280e+01 8.934234192393047636e+01 6.975755445958260736e+01 7.456582929328114062e+01 8.588064358231856943e+01 1.052838384435608532e+02 9.063414552606334951e+01 7.116074829602818852e+01 9.063414552606334951e+01 9.001086529612564391e+01 8.431520729826006288e+01 1.037614000812115052e+02 1.191049981732812455e+02 1.040474840477396583e+02 8.420652399171611080e+01 8.804128967878283163e+01 6.810265353660970788e+01 5.643527145252830479e+01 6.554956077875017684e+01 4.539891609016144258e+01 4.202744511062363841e+01 4.046617967445115482e+01 6.049146993184118060e+01
6.547597387369934552e+01 7.432725327050290787e+01 9.437105041060080168e+01 1.067300480073538296e+02 1.020602251032835568e+02 1.102442479906987529e+02 1.160325585376823199e+02 9.656844229221674425e+01 8.583834447026620751e+01 1.046582654166003863e+02 8.975657934792081960e+01 7.011080962554473217e+01 7.586492243232876831e+01 6.034615267452424092e+01 8.019665777560555853e+01 9.669274391341383534e+01 7.724540821288654513e+01 9.408139866728383538e+01 1.021553572849573612e+02 1.133832488817543123e+02 9.649090099327722214e+01 7.706624061966643069e+01 8.706604406096323601e+01 1.065103763962366372e+02 1.037614000812115052e+02 1.118842000990254490e+02 1.139590146191222715e+02 9.413584070836233764e+01 8.009366558537192304e+01 7.011558504749382337e+01 6.340216167159408656e+01 7.084554980397190604e+01 5.067628031917853804e+01 6.554956077873815445e+01 6.209373881480385649e+01 4.358828480077069401e+01 5.783293106508303794e+01
5.778780765537482722e+01 7.212839283517142519e+01 9.219360955600099317e+01 8.683800313862555242e+01 8.212834835132420608e+01 9.876598002807057242e+01 1.087126168263007600e+02 1.133620139189405336e+02 9.955260492886141321e+01 1.133620139189405336e+02 9.785067743047640931e+01 8.975658051033116180e+01 8.335947508366697889e+01 6.360768732552390503e+01 7.764905434680912322e+01 9.714565027344555403e+01 9.669274391341384955e+01 9.101653655544915011e+01 1.103963206998542859e+02 1.102382685156706685e+02 9.079655491857442939e+01 8.678019776553972520e+01 1.045869326408079729e+02 1.146384201369902200e+02 1.187423284723642922e+02 1.104657374926212725e+02 1.187423284723642922e+02 1.081540955246946396e+02 9.485908429076086179e+01 7.498225238638232781e+01 8.338469862134634525e+01 7.910109371437719972e+01 7.084656368290609407e+01 6.861091330630365803e+01 4.842117770054603199e+01 6.371419000371015073e+01 7.199319037602923288e+01
7.036384258865621177e+01 8.627202065616883431e+01 8.933496752212442971e+01 7.261174933278020660e+01 7.047294251027237522e+01 8.057927950618793034e+01 9.472020817081222788e+01 1.145418132482188724e+02 1.190022489858214669e+02 1.173381019031477734e+02 1.038112491199495651e+02 8.437785600779956496e+01 7.050607601675201863e+01 7.119689302509887341e+01 7.215148255100309882e+01 8.600006191719228354e+01 1.054310524946877905e+02 1.103963206998542859e+02 1.185122586375959486e+02 1.183773103630414312e+02 1.102382685156706685e+02 1.004928988287650782e+02 1.143257593264709868e+02 1.131570382056862201e+02 1.048523247731106096e+02 9.014067593038946313e+01 1.086301172395783681e+02 1.196045867921881722e+02 1.030722224928653930e+02 8.905135333589021229e+01 1.030668405167505028e+02 9.687029465807856354e+01 8.797810954475498590e+01 7.217717347653599802e+01 5.200334776840394113e+01 6.110937727013315879e+01 7.272178962808513347e+01
7.863843844115234560e+01 8.077323358348702698e+01 8.108693262105191479e+01 6.087595040570968052e+01 8.108693262105191479e+01 9.302521088085596546e+01 1.012308477513006579e+02 1.009353856720946112e+02 1.091212334636643959e+02 1.092121765091972350e+02 8.980504707531898134e+01 7.856415028328864025e+01 8.437785600779956496e+01 7.924652250328634295e+01 9.169126729216890226e+01 8.264779734168136827e+01 9.638258694833577067e+01 1.158216903033251128e+02 1.266870516838419860e+02 1.206292780017155621e+02 1.147736902682728868e+02 1.199836382025763015e+02 1.191418946995549959e+02 9.893339110909872147e+01 8.447081030786287670e+01 7.987131830436106839e+01 9.940513590507246988e+01 9.940513590507246988e+01 1.101853627738543224e+02 1.088850283986877514e+02 1.001191716863019110e+02 8.026995191378165373e+01 6.873993785332348239e+01 5.971133680283885070e+01 5.880784759970610054e+01 7.217717327940299299e+01 8.935816801710569734e+01
6.382175467543922309e+01 6.059068439572544662e+01 6.928430753379193163e+01 5.578454844307095328e+01 7.603418707150231626e+01 7.297905689793137185e+01 8.683334210124003505e+01 8.099208439701577333e+01 1.009353856720946112e+02 1.131198808236544693e+02 1.048665083327630043e+02 8.546620442136904217e+01 1.038112491199495651e+02 8.898428669860442142e+01 1.067779867258081765e+02 9.386760143497012621e+01 1.101791417071761430e+02 1.207353420496216927e+02 1.065933400124641395e+02 1.004462991207790026e+02 9.451169939406280207e+01 1.087679806936335893e+02 1.153978670550733199e+02 1.063609148096485768e+02 8.599766558844002873e+01 7.147211962917512551e+01 7.897786094136647250e+01 9.940513590507246988e+01 8.987398139436143651e+01 1.041467370306646103e+02 1.083189224111489750e+02 9.124385060856600660e+01 7.133884380621975652e+01 7.975168957301012540e+01 6.596955204912130455e+01 8.591286086612444706e+01 1.003375640851957797e+02
4.360943593803423823e+01 4.626648549907438479e+01 4.902892081031730243e+01 5.291728283942025257e+01 5.697986658641853808e+01 6.123455843896092432e+01 6.669655167052825107e+01 7.499421630849046494e+01 8.505811465755766676e+01 1.049441467391662428e+02 1.129749709774620641e+02 9.516277162043358828e+01 1.129749709774620641e+02 1.026854853388816622e+02 1.165096844163430063e+02 1.132892796414533336e+02 1.214324398787698414e+02 1.106423963643693043e+02 9.218818070486375404e+01 1.004462991207789884e+02 8.001745772825091763e+01 1.004462991207789884e+02 9.512847355219061285e+01 1.009186075334160932e+02 8.050752526477521087e+01 6.599969564937930500e+01 8.648579284990358929e+01 8.489459494608192358e+01 7.537754373001097008e+01 8.722458666115011283e+01 1.075687628836504928e+02 9.946051286982105921e+01 8.285591147119450284e+01 9.413250063827157987e+01 7.598025744462654529e+01 9.413250063827157987e+01 1.082753712334695422e+02
5.527765433848675514e+01 6.650201619118961105e+01 5.731053617391662414e+01 7.318479136888925041e+01 7.723602256450706705e+01 7.558888090366275492e+01 7.778253543233935829e+01 8.683334210124003505e+01 1.031985482495953477e+02 1.131198808236544693e+02 1.227167862874384952e+02 1.145702450450923067e+02 1.227167862874384952e+02 1.221529568368118532e+02 1.213198038998570354e+02 1.130672197692605891e+02 1.053957430675173157e+02 9.994840444111579814e+01 8.192818445525503535e+01 9.055245020296871417e+01 7.273809400014145865e+01 9.322241878434641649e+01 8.065259025769412915e+01 9.666260267389972682e+01 7.622939970866336523e+01 6.177268133756232515e+01 7.654470398408166432e+01 6.444147639321911925e+01 7.625635642594073715e+01 9.669464820854381060e+01 1.158541282208786924e+02 1.109159933113342760e+02 1.027019885556133261e+02 1.040602920979201400e+02 9.584546428762234882e+01 1.040602920979201400e+02 1.068189648498888005e+02
7.549321278819927272e+01 8.376556874919538132e+01 7.754498783145614027e+01 7.166659146582988171e+01 9.173669206235582863e+01 9.560531420548332449e+01 9.777683891075768940e+01 1.059727036306868371e+02 1.149095019468442445e+02 1.223626893123390573e+02 1.141317987353569805e+02 1.167068711458024239e+02 1.249397157917243391e+02 1.246907482152801663e+02 1.045582063835521325e+02 9.277040022782178141e+01 8.501366825778315217e+01 7.951211068560810702e+01 7.465328409544770238e+01 7.005032562540596075e+01 6.624877331497351918e+01 8.215636657337917370e+01 6.880988821083876417e+01 8.747175534189641155e+01 8.713627812714729259e+01 7.654470398408146536e+01 5.620805210367589666e+01 7.055900824122041115e+01 9.099545182670905774e+01 1.050358948538779060e+02 1.070471134560106492e+02 9.875865793744600296e+01 1.070471134560106492e+02 1.170767062163899084e+02 1.122159317837321453e+02 1.021484557305142857e+02 8.668033061060756950e+01
7.569359804485013399e+01 8.399567084674450257e+01 9.402238529649056886e+01 9.173669206235582863e+01 9.995072964400820581e+01 1.077510587225691125e+02 1.041252087899169538e+02 9.588796210577173440e+01 1.041252087574111016e+02 1.108940275826010975e+02 9.427032008665230478e+01 9.684833941002122515e+01 1.167068711458024239e+02 1.328835956408877337e+02 1.213198038998570354e+02 1.016946408498089340e+02 9.947890440218721153e+01 9.401155904591348644e+01 9.513152380883582282e+01 9.055245020296871417e+01 8.216210175932626214e+01 6.170896690583376909e+01 5.865036732469966552e+01 7.492339512732671380e+01 6.673201934617060260e+01 7.055143536771446122e+01 5.318253765747381578e+01 6.746400162610925122e+01 8.787894504072949076e+01 9.696954215152594259e+01 8.865104768295128679e+01 7.854343742845664167e+01 8.870873400277535836e+01 1.088085818721165481e+02 1.038614159211584251e+02 8.374080943707798497e+01 7.366049952713669313e+01
5.573553853586889772e+01 6.566255417474432932e+01 7.983656128478679648e+01 9.993972602865603960e+01 1.019083042366378038e+02 8.783195575509044772e+01 9.413690148271292912e+01 7.587400956243102712e+01 8.974861555259238344e+01 9.375416346087106945e+01 8.274004967574252589e+01 1.026647686910232835e+02 1.146253005156478508e+02 1.235044048521895661e+02 1.300751486187408261e+02 1.218637594222027900e+02 1.196802552197305687e+02 1.142812171119255282e+02 1.081487411230239246e+02 8.783561965453552034e+01 8.225919387936767180e+01 6.180606553425862160e+01 5.814315961196655280e+01 5.462802176716664349e+01 5.246697831223612951e+01 5.035251795178586320e+01 5.025864591826265837e+01 7.043421101919633998e+01 7.601729306745362180e+01 8.067942749201245078e+01 6.832732422867762523e+01 8.274205161357572536e+01 1.029166261336470285e+02 1.170767062163899084e+02 1.122159317837321453e+02 1.021484557305142857e+02 9.380111267911826189e+01
