LEM/with_lateral_4open/elevation_000147.asc
nrows	100
cellsize	150.0
xllcorner	0
ncols	100
yllcorner	0
NODATA_value	-9999
[rows 17 to 33 of 100, columns 37 to 73 of 100]
5.979072640447810727e+01 7.683924470372352289e+01 7.819897129527437585e+01 6.989294313632848343e+01 7.819897129527439006e+01 7.488534779444722744e+01 6.375669049301001223e+01 4.298763942368776725e+01 2.531507076908752296e+01 3.238952787337145622e+01 1.209851612404624355e+01 3.246061515686682952e+01 4.724496615971623470e+01 4.764609895019174957e+01 6.856601100808518368e+01 6.472856775262448537e+01 6.694497978623017787e+01 7.541763680857447127e+01 7.183041551892902987e+01 5.774296277266554256e+01 5.182261884657770423e+01 7.167697893806857223e+01 8.935635161124749004e+01 9.935659082050473501e+01 9.944188317783333275e+01 9.115818827027150917e+01 9.381045695689010699e+01 7.382833873184252127e+01 7.164263463858027592e+01 7.660414863159816434e+01 9.073603363186600745e+01 7.268700385629510663e+01 5.268152556783466878e+01 7.268700385629510663e+01 7.810132598924373326e+01 6.137249884814815459e+01 6.137249884814815459e+01
4.987233507727798809e+01 5.689795569541163189e+01 6.814980310580807554e+01 4.977563140705127154e+01 6.814980310580808975e+01 6.738343759327733551e+01 5.002063312811668538e+01 3.960917159923607045e+01 3.839891756584214733e+01 1.308243655669386207e+01 2.057881735938643430e+01 2.083686788726981476e+01 2.767182397136213723e+01 4.764715766541919351e+01 6.573919475826494363e+01 6.574594071552439800e+01 7.409432020059468016e+01 7.764273246829019115e+01 5.774296277266554256e+01 4.374760777852321780e+01 6.357147037246345889e+01 7.292399757042716146e+01 7.520435314456089770e+01 8.347592022762795239e+01 8.788737087486343569e+01 7.113922380884659447e+01 8.788737087486343569e+01 9.381045695689010699e+01 9.162428915272046481e+01 9.658606009291410999e+01 8.900945008928822233e+01 6.901861777686499977e+01 6.024455981939465943e+01 8.024734663302474758e+01 8.964250951565092862e+01 8.137191009205380965e+01 8.137191009205380965e+01
6.273862402034544772e+01 4.285385060849124983e+01 5.645050654656379407e+01 3.976189852374527334e+01 5.966057547181471676e+01 6.439677600956336789e+01 5.558841201756687411e+01 5.417313692170202444e+01 3.109800242948011828e+01 1.378491645254349862e+01 3.187167125262192258e+01 3.886482048376044673e+01 4.724404111001902606e+01 5.612757526496313432e+01 4.601168551656257932e+01 4.601182779376397747e+01 6.574581730556877801e+01 7.307741219971389057e+01 5.320227001990699023e+01 3.917886814919705074e+01 5.304016334184127857e+01 5.304016334183710768e+01 5.531566781064248062e+01 7.520435314456089770e+01 7.960023374957025055e+01 5.968311870688009435e+01 7.960023374957025055e+01 9.450113184969754343e+01 9.654215597414655292e+01 9.872916515747877497e+01 9.727688333654803898e+01 8.851849245957214407e+01 7.179926448848023313e+01 8.851849245957214407e+01 8.975536259614631263e+01 8.138377706009354995e+01 8.633305086715559185e+01
6.794304847729024743e+01 4.803738194515626247e+01 3.653710304304627243e+01 3.264822357085860460e+01 4.601349498506861835e+01 4.983125875284964934e+01 3.341652167913656513e+01 4.144954958491021557e+01 4.265752222160924845e+01 3.368294549137547023e+01 1.478599505606713294e+01 3.512022544903996391e+01 4.464113980283170235e+01 5.165025983663490194e+01 3.228529916935592325e+01 4.486003985914695136e+01 6.453363089806997266e+01 6.782889651576842027e+01 5.624906788220915388e+01 4.806315182283120180e+01 3.313211726110635880e+01 4.129818679127651393e+01 6.114092887606171445e+01 7.075730626519855093e+01 7.255847019447774926e+01 5.272268898794623482e+01 6.628584541679605024e+01 8.583674355606116535e+01 7.651416324785105871e+01 7.870588638872457921e+01 9.872916515747877497e+01 1.000530535362503599e+02 9.178764145572971245e+01 9.458089533729011578e+01 8.138377706009354995e+01 6.132406728615860203e+01 6.719942025031006949e+01
7.620500635454953908e+01 6.470562184298555053e+01 5.645050654656379407e+01 4.789498279871214237e+01 2.782175365603076145e+01 4.153128765337733341e+01 2.121611845473575997e+01 1.991786029813258807e+01 3.678397860086430171e+01 1.643817602214566520e+01 3.511992968162406470e+01 1.605268912644391577e+01 3.636696980366020426e+01 3.859015693266493940e+01 2.513180883050277714e+01 4.486225489306186631e+01 5.537483464708085279e+01 5.389688538052124755e+01 3.987189253328264016e+01 2.803382301998775716e+01 4.806315060836591613e+01 5.270229353223593449e+01 5.469837285903606272e+01 5.090991916507537240e+01 5.880084193762269962e+01 4.648246130479527949e+01 6.628582324244894153e+01 6.587148546600786858e+01 6.243522390057628257e+01 8.238022650382818313e+01 8.501775965748463193e+01 1.050434230460819691e+02 1.004682036850351210e+02 8.028551084087769141e+01 6.611821319197365199e+01 5.612656422364468511e+01 4.719431663817559297e+01
6.380069589676811148e+01 5.855521380379978780e+01 6.717110910347555830e+01 5.361613610310560318e+01 4.335661012352802857e+01 2.310107001270464266e+01 4.129101907264021776e+01 3.609807892499001269e+01 1.810521773734681972e+01 3.677149250288265137e+01 4.469016247230899097e+01 3.639212501799422483e+01 1.732755689047271375e+01 1.823608811181528111e+01 1.915057191358454602e+01 3.950966949013642449e+01 3.584786646564651846e+01 4.337855663349504454e+01 2.556761137216025048e+01 4.570503677488940042e+01 3.083398689555205507e+01 3.281025049526277115e+01 3.483763622552402239e+01 3.688504500039177003e+01 3.898096766621528531e+01 5.879962728181531162e+01 4.788430386549433848e+01 5.190872750344554021e+01 5.757482615397413639e+01 6.502005678558204238e+01 7.914593116443616339e+01 9.919360764133101327e+01 1.022376039311298683e+02 8.204130685012465563e+01 6.786539542656289825e+01 5.787144280707887845e+01 6.053243718046932287e+01
4.279947372831689023e+01 3.774191973993715976e+01 5.180762691647516505e+01 4.536440090532098424e+01 2.518839025756964389e+01 4.336019340587140647e+01 5.070610095162692232e+01 4.144050819268168340e+01 2.140763254039870134e+01 4.169633188922034606e+01 5.497516679804626705e+01 4.600879330490922570e+01 2.760657074947711820e+01 3.859416415055009963e+01 3.933812192980367684e+01 2.047650620951645450e+01 2.143131920714560223e+01 2.312929334850502272e+01 4.338194761881784700e+01 5.395523227027948820e+01 5.077285363402820906e+01 4.169136998732512467e+01 5.469837285903606272e+01 5.090995935464714961e+01 5.879882703676944544e+01 4.228019684601096628e+01 6.207804911229578693e+01 6.587148546600786858e+01 7.745933843011093245e+01 7.378561782577358485e+01 8.501775965748463193e+01 1.050434230460819691e+02 9.881068609642575495e+01 9.634416995004497153e+01 8.627540265732655200e+01 7.791103036842801544e+01 6.664368908620427590e+01
6.380069589676811148e+01 5.180779731327049120e+01 3.118031241595473801e+01 2.729428296701775380e+01 4.189584555589727444e+01 5.129995745319065037e+01 5.653516198493623079e+01 3.741122756098563684e+01 4.169673285552888586e+01 2.660033848723520933e+01 4.663484362434208208e+01 5.646410611702232529e+01 4.199859540719579343e+01 5.182743371272565014e+01 3.158003987420124759e+01 4.082449517170962139e+01 4.176205267229008200e+01 2.311005932394169804e+01 4.338118880341099981e+01 5.484155488323011696e+01 6.742179648165361527e+01 5.293308756660837133e+01 6.936550522806098229e+01 7.076075326326871107e+01 6.499417529420843209e+01 4.521119564754907572e+01 6.499454189734048271e+01 8.214495807988249965e+01 9.411712317668859384e+01 9.380552057696087331e+01 1.020803840429724261e+02 9.289620814661050474e+01 7.856870004797904983e+01 8.656787757271551698e+01 7.817962667035375546e+01 7.629678885929808985e+01 7.498681993362008313e+01
5.890483324211454885e+01 4.410529076217746791e+01 5.135518408883908137e+01 4.751654004650569618e+01 2.955531766565421847e+01 3.950880759463538539e+01 5.962253013946661184e+01 5.653516435892356640e+01 5.044440920682545482e+01 3.042740448256532915e+01 5.044440843913098860e+01 6.485306372770818939e+01 6.285258804389277998e+01 6.027727327859652462e+01 4.343728536096947579e+01 5.895067173728821786e+01 4.643807129447326787e+01 4.153506752330668661e+01 2.481215211868817860e+01 3.706395464132125284e+01 5.977030077084841508e+01 7.248188247537201789e+01 8.070221682809463459e+01 7.838386455001544562e+01 5.849196370959092661e+01 4.865724634642643309e+01 5.402687351568955876e+01 7.386757200671399914e+01 9.282092702854660615e+01 1.028286219400500414e+02 9.785606917110993663e+01 8.449744049688561631e+01 6.433901497694715488e+01 7.174813275971172288e+01 5.804801531081265153e+01 5.616431794750268836e+01 6.985618797034216243e+01
7.363311677112818643e+01 6.504477182411727654e+01 5.472900490661485406e+01 3.182872971937686302e+01 4.264468899881715913e+01 5.124834976591566260e+01 6.464495154171734725e+01 6.453110823944945196e+01 4.460950796201665725e+01 5.044440587151380839e+01 3.666957487816856087e+01 5.075835627433185238e+01 7.067865882560859347e+01 7.189514639668593077e+01 6.364352476019334404e+01 6.298078732794733980e+01 4.143531863692962247e+01 2.653610027580908692e+01 4.505799992793053832e+01 4.175371019452679633e+01 5.682632836904029006e+01 7.883842873729230405e+01 9.839253603799939185e+01 7.838386456379637934e+01 7.218016293519792725e+01 5.237804377770876840e+01 7.218016293543047368e+01 6.457496822247760804e+01 7.452258619616925728e+01 9.455453668089299413e+01 8.944804369266115884e+01 6.926491820862224813e+01 5.922668374945278913e+01 5.164155007032185551e+01 4.645146277063523144e+01 4.193713825320783428e+01 5.559279997419763930e+01
6.791163548862306243e+01 6.233644454715200567e+01 5.298445510266100911e+01 3.343323467045388497e+01 5.217897851038049595e+01 5.363920350772551870e+01 7.132763478037708182e+01 7.279641703844410472e+01 6.453110769357093091e+01 6.190963021832113355e+01 4.201613921427294684e+01 5.293634356677522845e+01 7.286255110644707145e+01 8.016169822974484305e+01 7.205440169226480407e+01 6.161231957489732025e+01 4.192747915146819793e+01 2.775427559207876982e+01 4.720480771928676944e+01 5.817779416514425606e+01 6.479199925818765848e+01 7.197110672318436286e+01 8.024604141110182809e+01 8.849367831924101324e+01 6.851378355539614518e+01 7.218016292367853737e+01 5.842505215450283629e+01 7.831982229446063570e+01 9.282092697687586735e+01 1.028286219400500414e+02 9.785606917110993663e+01 8.774757080735835757e+01 7.935648095064178165e+01 7.174813275971172288e+01 6.655663543270175353e+01 5.624381328340972885e+01 3.607879279972854647e+01
4.859860754357162449e+01 4.301604993745477401e+01 3.775081927292303163e+01 5.298412485508677605e+01 3.610918858013449295e+01 5.084005174859019149e+01 6.985459430273792236e+01 8.381870301507444765e+01 7.819231867035975370e+01 5.825018121762353474e+01 4.864141406419165037e+01 6.854374040361899745e+01 8.113140327830384990e+01 7.205441467184068927e+01 5.258608186037796628e+01 5.828729532419993831e+01 4.886613169470338391e+01 2.897153497950617762e+01 3.313653855060174891e+01 3.760203327527888462e+01 4.387805401025165963e+01 5.166552520520475866e+01 6.354819025834052582e+01 8.347702604230470058e+01 8.849367842207071533e+01 7.744050090242214424e+01 6.333080322203112900e+01 7.464395119323587835e+01 9.467557305586831262e+01 1.023997694779027086e+02 9.055036686890760222e+01 8.205924183272459516e+01 7.597686996718428531e+01 7.039466867170362718e+01 6.089113736548484468e+01 4.064412345725565245e+01 5.624381328340972885e+01
6.242828286939591464e+01 4.310718992389350035e+01 5.715103397949901876e+01 5.025958439174223713e+01 3.803575448966334704e+01 4.763403699423326287e+01 5.573474600496616915e+01 7.552774948155106927e+01 8.646339243053310497e+01 7.608153000256668008e+01 5.613841328862182678e+01 7.608153000256668008e+01 8.147650451169633357e+01 6.226544688151182072e+01 5.828818062157232305e+01 3.867951002506662661e+01 3.109506374470718981e+01 3.116609218841140105e+01 5.081545573830729268e+01 5.841594602504244449e+01 6.479199926099710183e+01 7.197110673503343037e+01 8.024604533017219410e+01 9.176600419583709822e+01 1.057729174926854938e+02 8.888173104167329086e+01 6.881478633115771970e+01 8.888173111045210817e+01 1.029516669160667419e+02 9.392243823094219124e+01 7.337477932906114120e+01 6.124868043083260005e+01 5.530808285541804281e+01 4.987026244778405726e+01 4.555078124821129393e+01 5.493271251215200124e+01 6.927029941897025367e+01
4.890262180974907835e+01 5.234197406116338414e+01 6.883531411946349010e+01 6.405044754380429595e+01 5.746044017121744218e+01 4.081756097792014515e+01 6.017216463118180059e+01 7.473933916926841903e+01 8.347224263135524325e+01 8.435675417782826457e+01 7.022523933677975094e+01 8.435675417782826457e+01 7.545929395199320311e+01 5.553300943532137524e+01 4.385985099015281463e+01 3.324664108117936934e+01 5.090574954786339390e+01 4.791863289159728367e+01 3.427651063863431347e+01 5.578752257459638741e+01 7.201036717898908535e+01 8.052711418307130486e+01 9.492015936234146523e+01 8.946792830165503574e+01 9.787767733498451150e+01 9.598814887385891836e+01 7.588816411206086343e+01 8.888173111045212238e+01 1.089089251469835204e+02 9.625370954297946469e+01 7.456989619545362302e+01 8.205924183272459516e+01 6.365360806832556761e+01 7.039466867170362718e+01 5.174137345928728848e+01 7.205228285153602030e+01 8.290463717254117171e+01
6.238402409570265661e+01 7.168639354240147554e+01 7.434866118204629970e+01 6.323877322510501386e+01 4.397107892193979239e+01 6.017216463117768654e+01 4.732612160435752457e+01 5.585637710479112172e+01 6.694884420203747766e+01 8.666782275947258540e+01 9.021986635310840086e+01 9.034988694502246176e+01 7.858248617680251868e+01 6.023269504254919582e+01 3.541804302662696813e+01 4.182194259152939253e+01 5.627519550414433525e+01 5.556724687596483392e+01 3.648193210434461520e+01 5.614255144140925324e+01 5.211469583995944532e+01 6.604808343673214210e+01 8.501898493561705550e+01 6.950506505502879406e+01 8.629460633535212821e+01 1.042600315577044228e+02 9.598814887385891836e+01 9.012631334035002340e+01 1.101398717192567460e+02 1.048139503294693355e+02 9.127932710954291906e+01 9.403657189941661443e+01 7.758760519733927197e+01 7.884761590844594537e+01 5.853415303568616679e+01 7.884761590844594537e+01 8.932267188117430123e+01
8.198463869624676192e+01 8.021089556295657985e+01 6.068355690526836099e+01 4.718284431200495987e+01 5.754197189129097723e+01 7.136178107351297228e+01 6.659518615782262430e+01 5.585637710479112172e+01 7.528306522351506658e+01 9.487170131092554470e+01 8.392317010163820612e+01 7.557773873872393722e+01 6.256294673250735627e+01 5.085360960322093149e+01 3.696025524558660891e+01 5.538745130990817245e+01 6.410820157125593255e+01 6.430152248382677271e+01 5.614255144140925324e+01 3.967510459867183670e+01 5.891345984579835005e+01 6.676823375076592981e+01 6.519464264241068463e+01 5.830991437454343185e+01 7.794236383181288375e+01 9.394913192811370095e+01 1.023776884694870830e+02 1.101398717192567460e+02 1.183937497750589074e+02 1.228059774446347063e+02 1.153346768867118612e+02 1.078844049056418584e+02 1.016632852132957936e+02 8.736180896125404161e+01 6.864862046697291476e+01 8.736180896125404161e+01 9.761964091794473575e+01
8.994552613238725769e+01 8.176157995808260637e+01 6.869911526125409296e+01 4.948828460833797749e+01 6.869911524329880592e+01 8.518151489387120989e+01 8.222439631999831988e+01 6.259134719875092401e+01 8.222439644402187753e+01 8.719047418241208902e+01 6.712208399235493061e+01 5.614709575812963749e+01 4.968354948363617041e+01 4.374565656094409860e+01 3.850939136267929541e+01 5.813492533365072035e+01 6.042378042757891166e+01 8.004683782297811945e+01 6.744590792846753402e+01 5.354829326478630236e+01 4.308261865775540400e+01 4.720577684820030839e+01 5.148206134463470818e+01 7.100124476050702071e+01 6.694409846923116447e+01 7.384188731253313165e+01 8.535788488535538932e+01 1.056849936387096562e+02 1.178682700485791202e+02 1.059329923291708440e+02 1.091204387523459189e+02 9.172723669899545484e+01 9.433385381846444773e+01 9.774526368944574983e+01 8.912460429892999514e+01 9.777313103922247706e+01 1.002385206870952885e+02
