LEM/with_lateral_4open/elevation_000196.asc
nrows	100
cellsize	150.0
xllcorner	0
ncols	100
yllcorner	0
NODATA_value	-9999
[rows 17 to 33 of 100, columns 37 to 73 of 100]
5.543766422016543771e+01 5.543766422016543771e+01 6.764740288895623621e+01 7.596526541436846003e+01 7.867877302068363576e+01 6.749710538378832325e+01 4.684148316503717524e+01 3.200170164355655800e+01 2.275417327179325966e+01 2.502243775361155187e+01 1.224702113180951635e+01 3.140551464740275733e+01 2.548848756026906059e+01 4.571820369361589798e+01 3.947920739242106691e+01 4.427266173441424257e+01 5.543655282908773785e+01 6.385669956561019234e+01 7.556338553471316288e+01 7.275132243884945638e+01 6.158959557016616060e+01 7.851984803616691977e+01 9.597524516726595323e+01 8.597662976337092289e+01 6.924125163452325182e+01 8.597662976337092289e+01 7.576427446359771523e+01 7.686612533735556951e+01 9.100824912788814913e+01 7.208565592660072241e+01 5.231647519063715635e+01 4.639141654251212543e+01 6.659942154319945473e+01 6.148684334104781612e+01 6.148684334104781612e+01 8.149917415028319567e+01 8.429981591187505785e+01
5.543766422016543771e+01 4.361681395110964132e+01 4.740697784993710684e+01 6.180449546656119963e+01 7.013582937599106515e+01 7.344118641259954927e+01 5.289137484328184513e+01 5.181830205576410719e+01 3.337503731161974230e+01 1.322481792904061138e+01 3.238907016580625964e+01 4.074873245162879698e+01 4.571793719131112965e+01 5.413833254007644058e+01 5.974832843925601367e+01 6.452087902320312196e+01 5.984917830671497541e+01 6.176413098366033694e+01 6.371394204533574879e+01 5.254313100023062333e+01 4.992170661682384747e+01 7.012819443093438565e+01 7.571624926164501801e+01 9.003543065065518647e+01 8.923677752146470255e+01 9.752233280278252892e+01 9.576201432757471821e+01 9.686421845852737533e+01 8.527243997166478096e+01 6.565364718324394744e+01 6.536134273246835846e+01 5.187024073597036988e+01 7.248565897444153450e+01 8.149917415028319567e+01 8.149917415028319567e+01 8.978324316875568911e+01 9.428480629757763154e+01
5.252977344090395206e+01 4.332226617556162296e+01 3.535891378007951147e+01 4.138294581500828428e+01 5.839751381631339200e+01 5.789627996467489623e+01 4.979755169736515796e+01 4.398306010158097479e+01 3.372427083363519529e+01 1.441553947687551052e+01 1.443716975339474118e+01 4.049774443953375425e+01 5.304177823110612877e+01 6.137821037146000691e+01 6.298508416573629631e+01 5.391360379764412158e+01 3.958993966732168701e+01 4.149818789284579168e+01 4.345087572183982161e+01 3.816701312815043678e+01 5.846197325204875739e+01 6.888203781151032956e+01 6.146209560109619474e+01 8.164997178237081243e+01 8.636370761481927616e+01 8.484934950124863917e+01 9.325302350288777120e+01 1.075982621448144698e+02 9.352981075283005907e+01 8.452524440575943743e+01 6.633257060121104587e+01 6.659280713667776297e+01 6.395326901369322314e+01 8.414112041581901735e+01 9.972454584040858094e+01 9.136904240881146677e+01 9.136904240881146677e+01
7.196020422707150033e+01 6.180449546656119963e+01 4.138294581500828428e+01 2.943904020037130209e+01 4.494887666462257414e+01 4.162051401122275962e+01 3.025072236289364369e+01 3.590287787061288327e+01 1.609964028857199025e+01 3.128816213806212332e+01 1.529525750002429518e+01 3.532830802687713145e+01 3.284315928358876135e+01 5.160138823148658815e+01 4.283205066568661579e+01 4.287729886569400151e+01 2.536908922514869147e+01 2.721816575922212778e+01 2.910160928674640601e+01 4.938579116921491874e+01 5.878840323550640790e+01 4.869476866137594584e+01 6.888203781151284488e+01 8.046628756354560608e+01 6.616508448499874362e+01 6.466101273217910261e+01 7.890778486096108679e+01 9.167449571688661081e+01 1.001021683881898809e+02 9.364639584453702525e+01 8.012480115412415671e+01 8.671200437467112465e+01 7.575937806281822873e+01 9.235033154443748060e+01 9.136904240881146677e+01 7.115835762594007008e+01 7.115835762594007008e+01
7.463968159420151949e+01 7.013582937599106515e+01 5.839751381631339200e+01 4.494887666462257414e+01 2.483671449007921339e+01 2.192133881842548249e+01 1.896494838107043179e+01 1.777337275902926805e+01 3.512570219353380452e+01 4.275071066451515378e+01 3.532830721296562615e+01 1.650832767533047019e+01 3.655018978466306123e+01 3.251026904865467060e+01 4.031745004051007442e+01 2.279818024795159914e+01 4.287721828270381508e+01 4.743394485578373576e+01 4.938579116921484768e+01 3.201612491005743522e+01 3.849222332255908441e+01 5.791887232776141303e+01 6.030658060459974479e+01 6.281146086003756324e+01 5.194903486218672839e+01 7.011565265853438689e+01 7.515044025906635738e+01 7.143674354033106511e+01 8.796186369001210892e+01 9.639258166242369441e+01 9.912814665516641810e+01 1.037963963160052714e+02 9.559079339799421859e+01 9.719876855791076764e+01 8.816706072412293338e+01 7.707793014641930540e+01 5.682832430494961784e+01
5.451410657310003671e+01 6.302017543817260758e+01 5.812096495800670226e+01 5.335649060918446906e+01 4.070821897486064955e+01 2.077743546002649211e+01 3.881600560162926428e+01 3.759389349499854660e+01 2.696917905485323175e+01 4.704844203202353015e+01 4.480559975616696988e+01 3.060425822866022827e+01 1.772093199787624229e+01 1.857877172718523795e+01 2.031024495476746594e+01 4.021743322807972021e+01 4.283514725154712721e+01 6.285686729734950973e+01 6.075623394309577918e+01 5.237000096224971912e+01 3.523500511594352247e+01 3.760327333398851124e+01 4.005029012308802550e+01 4.261643945163481106e+01 4.521989728194405700e+01 4.998646192998332793e+01 5.501343511110772511e+01 6.106909861717743127e+01 6.776275392102699868e+01 7.781605668386755781e+01 9.212793860960765358e+01 1.125440209988609723e+02 1.031347045519612493e+02 8.291715202654521022e+01 6.863800064195578443e+01 5.958942614388226389e+01 5.279126817769863322e+01
5.000153289646000587e+01 4.282021314631557374e+01 3.787080021458173462e+01 5.155094395238574378e+01 4.206364360476379005e+01 2.205623718086916440e+01 4.206364360476379005e+01 5.467479397562066623e+01 3.450234836712748177e+01 5.468314888192099232e+01 5.850370341774409866e+01 4.551819950473029053e+01 2.521539141653998684e+01 3.866146498225064931e+01 1.996678651452610254e+01 3.939249211195494382e+01 5.202998229381270079e+01 6.104023642220749934e+01 7.020614423407170079e+01 6.397321189313242940e+01 4.967100721003563990e+01 5.200735668419600444e+01 4.916373606554911646e+01 6.281146086003756324e+01 6.537153490476806894e+01 5.019721086105279539e+01 7.032717453393647133e+01 8.122882710035041498e+01 8.796186369001210892e+01 9.639258166242369441e+01 1.065524205354852540e+02 1.080221838120323667e+02 9.966268449413412611e+01 9.719876855791076764e+01 8.816706072412293338e+01 7.980469254319372396e+01 7.306627041008984236e+01
7.014030747161075396e+01 6.302017543817260758e+01 5.155094395238574378e+01 3.127111847595221761e+01 4.343441699508358766e+01 2.334618353417289427e+01 3.729898384482815032e+01 5.646251853156110911e+01 4.616405704872702387e+01 6.302120059048432665e+01 6.002813331195483926e+01 3.960841279013682481e+01 4.558921046104320851e+01 4.111282522070390399e+01 2.094897886147421673e+01 4.111282522008768581e+01 3.192261193248720375e+01 4.104045931101345701e+01 5.556777736096763221e+01 7.629960461168413133e+01 6.989325994826162969e+01 7.218659816311605937e+01 6.079411905969680419e+01 7.770684123861862247e+01 7.393424388431346017e+01 5.381001765867373621e+01 7.394335545271202648e+01 8.889744310353917456e+01 9.795670127646961589e+01 1.097007236053759840e+02 1.155077673482906704e+02 9.966268449413412611e+01 7.944358461885134659e+01 8.536562186283360631e+01 9.062042814113617339e+01 8.816453398823996679e+01 6.793701634460948924e+01
7.711617853357309116e+01 6.878520731160941182e+01 5.570594530687660040e+01 4.501326496734436944e+01 2.525070656184022155e+01 4.343441699508355924e+01 3.400937884595119698e+01 5.421517354873030570e+01 6.632044474323650718e+01 7.465090933846745713e+01 6.840464766884925041e+01 6.002813331195483926e+01 5.805325990805412317e+01 4.465639214376378874e+01 2.450045258698697737e+01 2.241355203121917938e+01 4.292841898067938899e+01 6.104023642220775514e+01 7.020331036196432706e+01 7.471720655393453114e+01 8.289191621455186976e+01 8.938016842003337104e+01 8.097057605925962775e+01 8.403304382956541474e+01 6.385316002242904432e+01 7.394335545271202648e+01 6.032638649699508449e+01 6.930881153851413501e+01 8.093386137170308814e+01 1.012563927244710555e+02 1.071557997330093031e+02 8.691947984877342037e+01 7.525888872522888562e+01 6.517348065565468573e+01 7.041837842463191066e+01 8.406601771160492831e+01 8.223794591136750398e+01
6.288989110275969097e+01 4.861254028506079550e+01 4.759354467188434512e+01 2.732907162690671399e+01 4.543886928826232463e+01 5.379858950109831994e+01 5.421999379832259791e+01 4.831959415063997199e+01 6.846481866603396327e+01 8.528261296425026217e+01 6.593066574901185106e+01 5.197261060666880894e+01 4.992179406485335136e+01 2.979155347256297404e+01 4.350414389564265605e+01 2.347439853006079957e+01 3.784628513471391642e+01 5.871287781041728948e+01 5.885696133936414753e+01 5.468410923853699046e+01 7.138510731778832508e+01 8.292826677147537850e+01 9.434499804733067663e+01 9.245248526420009227e+01 7.284111819291092615e+01 8.889744310353917456e+01 8.048303615977374648e+01 6.930881153851413501e+01 8.356501739461411660e+01 1.039074357232426280e+02 1.113427939755605678e+02 9.111225091576315549e+01 7.682111171264054406e+01 6.517348065565467152e+01 5.611140441654369937e+01 6.385388854156668970e+01 7.814256533155604245e+01
7.711617853357309116e+01 5.713851257355889146e+01 3.686486588486710758e+01 2.966030361292400030e+01 3.013973542440137621e+01 5.042431498529840894e+01 6.165755293673054638e+01 6.846481866603396327e+01 7.679347934412255938e+01 7.782968222801237346e+01 6.914473003539491458e+01 5.557406875759259179e+01 3.554497373962029627e+01 4.992179303951162694e+01 4.479900629638679987e+01 2.455061840375180537e+01 4.481078632578633147e+01 5.302515576948592013e+01 3.864403843827841456e+01 4.300417173482261290e+01 5.468412002006007810e+01 7.472313924411145081e+01 7.444823384624875473e+01 9.434499804733067663e+01 8.448528994555989868e+01 1.015222580471098865e+02 9.718940220600786972e+01 7.690646828992838380e+01 9.718940220600786972e+01 1.057811580527863953e+02 9.742117484271958006e+01 9.520894065517089189e+01 9.373288421544187088e+01 8.470160782895713680e+01 6.977388411325244988e+01 4.946175887092955747e+01 6.977388411325244988e+01
6.289447379805555016e+01 5.359008778336498580e+01 3.327629951799680441e+01 4.997069604708255497e+01 5.044881069920993610e+01 3.303761734569307862e+01 4.386186492184209840e+01 5.951513632290097888e+01 8.208459537412778673e+01 6.951427250504610811e+01 4.994176388917551179e+01 4.233357020092479672e+01 5.557406875759259179e+01 6.365031506622263180e+01 4.593558608526415554e+01 2.563861952995060633e+01 2.914804761175761527e+01 3.273866631031980035e+01 5.302522937953694537e+01 6.315360610080930570e+01 5.095944728589469008e+01 5.808523066408735502e+01 6.967060785382150812e+01 8.961324507173625875e+01 1.048384311655382390e+02 1.132760273899940557e+02 1.056346237944655115e+02 9.121123892503729280e+01 1.056346237944655115e+02 9.691862659177522232e+01 7.720948247781186069e+01 7.499906019103293886e+01 8.728197335870804352e+01 8.002359187759731185e+01 5.978317954723724625e+01 4.532543456318793318e+01 6.204853842983768430e+01
4.269412227046959174e+01 3.701621745204107583e+01 5.359008778336498580e+01 5.637705512159624988e+01 3.608969550485058164e+01 5.335279383942653908e+01 5.591776129365856463e+01 7.330097054752897634e+01 8.301691124027523472e+01 6.523984636307255869e+01 5.487359639886275176e+01 5.239613608841420245e+01 7.017424889784219033e+01 6.164222685669653856e+01 4.117445973454429264e+01 2.679209480677227262e+01 2.679107344813721525e+01 5.302522871586730702e+01 4.713836538631301210e+01 6.736304244981721467e+01 7.102329548890159572e+01 6.736284601791912507e+01 8.629396431117002919e+01 9.776238382922039705e+01 9.904474546459722717e+01 9.904474546459722717e+01 1.073441972150109933e+02 1.116219650770078715e+02 1.002292227121762664e+02 8.000163780620152920e+01 6.835732552200479972e+01 6.072158205852676360e+01 6.707934026933034488e+01 8.136312971304366215e+01 6.185886256103767522e+01 4.141719315986669869e+01 5.364101781035711269e+01
4.133850891150476770e+01 5.729190431997068345e+01 5.972698175827671463e+01 3.948878659978896621e+01 5.637676339451394369e+01 4.381834461109340850e+01 5.811721488633519783e+01 7.822976456406331636e+01 9.058578609865274700e+01 8.117829792189367311e+01 6.586067617350120429e+01 6.629666482802142013e+01 7.989672637362842522e+01 6.128299249015880434e+01 4.115362125177665575e+01 4.705345864761117980e+01 2.845168621400266673e+01 4.877464656276062271e+01 6.733206506295842075e+01 7.566868451249779071e+01 8.789279847702611903e+01 8.731046819876208076e+01 9.546953865539616402e+01 9.317022969018260881e+01 7.899626216535411061e+01 7.899626216535411061e+01 9.904474546459722717e+01 1.122352055156838730e+02 1.085896224506981440e+02 9.691862659177522232e+01 8.855082108504009852e+01 7.299655450338543972e+01 5.273510145070554245e+01 6.624273626152975680e+01 6.327015228428225413e+01 5.658084621707679673e+01 3.610773007322735140e+01
6.155362498343590261e+01 6.988663662209046379e+01 6.212423348745223706e+01 4.192383682599505335e+01 6.212417332843391904e+01 6.400804429602500534e+01 5.288423941641448067e+01 6.712190567454763368e+01 8.721621128727964845e+01 9.174589374287600663e+01 8.407641879624846126e+01 8.553204598755883126e+01 8.114444042518412914e+01 6.128312203292214377e+01 5.096796277032088085e+01 3.061064080841166302e+01 3.031720638494657294e+01 5.042343125833589568e+01 6.148752479157630546e+01 6.807434665798348306e+01 6.804476619258730352e+01 7.766593332410936057e+01 8.118214354626175577e+01 8.486832697119719171e+01 6.481919511636743891e+01 7.231312866690423391e+01 8.388804291942896896e+01 1.039374459144490856e+02 1.059247361520908868e+02 9.425798308051213326e+01 8.522906601225756162e+01 7.047417802513399465e+01 5.018064236255616350e+01 4.586456800176707560e+01 4.283932675672172508e+01 3.991779606354783283e+01 4.639346485343087068e+01
7.181542804466837993e+01 7.878437372625110413e+01 5.868167932639278916e+01 4.440443031226752879e+01 5.607205605961762274e+01 7.617751336642028548e+01 6.712190567455273538e+01 6.562172600434946901e+01 8.571634356779492236e+01 9.830273368714541959e+01 8.996095906559236255e+01 8.775598038749438956e+01 8.272750449839702469e+01 6.668677284429288932e+01 4.653668763255932106e+01 3.215230710279486459e+01 5.062678715934716678e+01 3.301046438552835838e+01 5.332071761265591192e+01 4.797137596758986433e+01 6.066118887583250796e+01 5.745861028184364727e+01 6.112495186137942937e+01 7.086229494610354607e+01 5.813045423864556938e+01 7.818528301958724569e+01 9.259491652199903911e+01 1.026175942992403520e+02 9.756516040706615911e+01 7.734714417167442946e+01 6.570604034005799576e+01 5.665575466925535153e+01 7.047417802513399465e+01 5.612261966153599957e+01 6.327015228428225413e+01 4.772239730286975856e+01 6.674639490879782500e+01
7.817411793836750178e+01 7.872981648217512429e+01 5.863296197863670756e+01 4.699092856781375360e+01 6.712689212469253164e+01 8.449490656199260741e+01 8.721621134116466578e+01 7.983163179739487703e+01 9.403149149279533958e+01 8.856926585023883547e+01 6.984127128896052739e+01 6.764207683110484481e+01 6.264232713752619475e+01 6.404480196398030500e+01 5.398525245793366167e+01 3.371580994664966369e+01 5.398770434439794741e+01 5.301563265386736390e+01 3.577395183672390289e+01 3.778224464769743918e+01 4.046365229357036952e+01 4.318244106183194475e+01 4.690047081976108956e+01 5.079097330004819355e+01 5.714876900423372774e+01 6.424365166947039540e+01 7.426918061150011852e+01 9.431674820204713683e+01 9.933218394032695642e+01 7.911077961244345147e+01 6.746618937543959760e+01 6.492076388082251981e+01 8.468482967334676914e+01 7.044385352145098977e+01 7.593095453591135424e+01 5.795405366402146541e+01 7.650098785425194592e+01
