LEM/with_lateral_4open/elevation_000222.asc
nrows	100
cellsize	150.0
xllcorner	0
ncols	100
yllcorner	0
NODATA_value	-9999
[rows 17 to 33 of 100, columns 37 to 73 of 100]
7.289181467820318971e+01 5.291475677200054406e+01 6.920575637351147691e+01 7.746854151244693298e+01 7.325699167085952013e+01 6.497017628246975107e+01 5.993261922509117312e+01 4.039592565540642255e+01 4.013315189442028696e+01 3.336812702136440123e+01 1.293647044908418842e+01 2.086668055554090273e+01 3.965868231631397833e+01 5.572045772526811902e+01 4.143927416267568020e+01 4.599412058029344763e+01 3.969913834611133296e+01 4.630638845172653362e+01 6.055027378477583966e+01 8.100362056023918456e+01 7.891747884892582476e+01 9.303204039325561325e+01 1.011807439290825812e+02 8.887866625543321675e+01 7.216500622093325035e+01 8.887866625543321675e+01 9.296238209230492089e+01 8.470214091993817362e+01 7.575329659006503391e+01 5.929785970507721515e+01 3.930113199307016458e+01 4.225286783130409418e+01 6.225225407008009881e+01 7.760154156594293795e+01 7.916303380495473618e+01 6.242821401831545813e+01 7.916303380495473618e+01
5.738947121673393070e+01 4.586978014983255036e+01 4.924381949895121124e+01 6.344322668528707965e+01 7.170697951496886446e+01 7.085860715269657817e+01 5.350865106150818207e+01 3.397491339122764487e+01 2.292684427452827833e+01 1.398177693437660096e+01 3.336823531709293889e+01 3.954301562511112422e+01 3.399379173735713522e+01 5.333581386289969117e+01 6.156740818447855901e+01 6.620383454500756670e+01 5.979607638880826670e+01 6.654092035734903732e+01 7.500052373650174786e+01 7.212415891543611224e+01 6.477827320822966328e+01 8.476465947559027825e+01 8.123280301932916814e+01 9.533914037909259775e+01 9.214351332406174322e+01 1.004093860261074695e+02 8.796576596354191224e+01 6.795272673327734481e+01 5.640341041125566335e+01 4.746190238793030147e+01 4.401267997854336045e+01 6.225225407014111312e+01 4.932036762091257032e+01 6.346272765908905455e+01 8.348232930073881164e+01 8.243074769926896295e+01 9.070835164522208061e+01
5.369397122645176523e+01 4.477991847352917887e+01 3.778890157032971331e+01 4.351636053025755047e+01 6.019820750734242409e+01 5.723525406602217203e+01 4.354919786599067066e+01 3.537380743389891791e+01 1.505440307348020923e+01 3.436987249813115852e+01 4.255487912469337175e+01 5.770208555951803220e+01 5.333559200969813929e+01 6.162685661134036508e+01 7.681589131333713283e+01 7.856106648139487447e+01 7.028823095126712417e+01 7.040375728253060572e+01 6.212839173828622563e+01 5.213262456113635324e+01 7.212415891543611224e+01 7.443624547772961364e+01 6.709113059120555533e+01 8.707541964108737886e+01 9.278349053841283478e+01 9.496477110318464554e+01 9.625752740684096409e+01 8.161262603032551510e+01 6.160268689609466009e+01 6.746346237738076468e+01 4.886047280080810395e+01 6.886298854942286596e+01 6.346272765908905455e+01 5.826263760691146842e+01 7.241083056149581409e+01 9.243935993398714857e+01 9.576103423826502592e+01
7.299944522321764850e+01 6.473626488831285997e+01 5.193844514657512690e+01 3.212503442412987198e+01 4.690583379046013590e+01 4.775093024343676262e+01 3.039310200036986487e+01 3.926553873700127895e+01 3.537277292793638850e+01 1.615380926978021847e+01 3.051908492197882339e+01 4.564505498505640446e+01 5.526023721453503867e+01 6.367548512857410259e+01 5.613152730712806004e+01 6.052482897582655141e+01 5.031093506964123918e+01 5.397683716773806140e+01 4.216124242999109129e+01 6.212839173828622563e+01 7.443624547772961364e+01 5.442611037158145848e+01 7.443624547772961364e+01 8.693065592023184252e+01 7.281519782274629904e+01 7.500021187503027420e+01 9.496477091397858317e+01 8.990390628403524431e+01 8.161262603032551510e+01 7.402873936002036714e+01 5.402187249991885665e+01 7.402873936002036714e+01 8.348232930073881164e+01 6.582308299411738517e+01 8.584439602688884463e+01 9.559849007457412995e+01 7.602712378925549785e+01
7.791632040079932153e+01 7.859014691338840919e+01 6.019820750734242409e+01 4.690583379046013590e+01 2.714306197647221452e+01 3.975809432479071859e+01 2.061930980010959047e+01 1.933757348169885759e+01 1.802921014988687531e+01 3.636361981269470078e+01 1.752553642549304058e+01 3.743179273531619344e+01 3.522738652917271907e+01 5.422761528495387040e+01 4.180215889922352090e+01 3.964509663078934665e+01 4.734091065936650011e+01 3.406904681727228734e+01 5.397683716773805429e+01 6.710337038916858887e+01 5.882751720810923501e+01 4.777869710125370517e+01 6.476044091326389207e+01 6.796447811900267766e+01 5.864722372420925467e+01 7.835990563644558904e+01 8.591602412237250519e+01 9.417639573865587010e+01 9.404335662153874864e+01 7.402873936002036714e+01 6.034544236565629660e+01 8.035692618191940539e+01 8.584439602688884463e+01 7.997574845798395415e+01 9.415178728327971669e+01 8.747365930544415846e+01 6.764763064524832714e+01
5.789299151568440749e+01 5.859486477371082458e+01 5.859486525086701647e+01 5.515611677688206527e+01 4.218796961258409084e+01 2.239983349202200458e+01 4.046713446277313864e+01 3.345234734787131714e+01 3.225285037609438632e+01 4.583334566083303230e+01 3.179091992836826464e+01 1.888260391561006912e+01 3.883873609023233797e+01 3.506420524471977984e+01 4.265519855326178345e+01 2.574729398064277675e+01 2.763630846039776046e+01 4.717873669015734350e+01 5.282749658258519077e+01 5.524490078075456978e+01 3.888035313819464989e+01 4.172541812735467914e+01 4.478307905352731666e+01 4.795527208611250103e+01 5.165151229576849801e+01 5.833372255811571705e+01 6.592442174790187437e+01 7.748792012332710044e+01 9.742902838691433942e+01 8.743311968281719260e+01 6.741862204492534261e+01 8.743311968281719260e+01 1.058901868751899684e+02 1.000125645805271262e+02 9.541214280728576114e+01 7.566461729258078606e+01 7.566458621007984675e+01
5.678864698009635248e+01 4.527968254122788494e+01 3.870801775123448607e+01 5.245765063054982136e+01 4.349676241993986281e+01 2.373441464097682285e+01 4.349676101324773470e+01 5.330302046718611564e+01 5.210781440328979386e+01 5.990452328441830332e+01 4.497642635535547839e+01 2.596286021387029308e+01 2.021492745188264450e+01 2.114036605287347470e+01 2.308232473692919484e+01 4.166499615665761524e+01 4.718496656550783541e+01 3.067931884251571262e+01 3.292535736269088886e+01 3.529084075685917554e+01 5.524490078075458399e+01 4.984085763310651629e+01 6.476044091326389207e+01 6.796447813735488808e+01 7.168451294320223610e+01 5.833372255811572415e+01 7.835990813089199492e+01 9.417639573865587010e+01 1.056897408302087484e+02 9.572484027345984714e+01 7.897353675104955073e+01 9.572484027345984714e+01 1.037115468891046532e+02 1.015668215213182748e+02 8.966354754675533911e+01 6.986621869234544135e+01 5.553985737965997771e+01
5.752019947117472753e+01 4.859927703499423046e+01 5.245765063054982136e+01 3.266781171211143686e+01 4.481344320254051894e+01 2.506411949115884141e+01 3.897982715628352679e+01 5.869634746431128036e+01 7.138752798084912854e+01 5.960335075162895180e+01 3.919287372902338262e+01 3.885216549069428993e+01 4.007718880823556873e+01 4.095459595678730125e+01 2.258445489276916618e+01 4.231809069001102586e+01 5.795573300709900622e+01 5.063783122354920607e+01 4.700941676604666242e+01 4.680163269714466168e+01 5.524488895821661316e+01 6.984419557204361695e+01 6.398796082715853117e+01 8.398239691758581671e+01 8.336120669452644449e+01 6.335601243998888066e+01 8.336120669452644449e+01 1.001309940560225016e+02 1.100956863263241559e+02 1.072815302092201790e+02 9.898912487303280727e+01 1.037115468891046532e+02 8.410454750746140462e+01 8.195970848202230741e+01 9.232391483654900810e+01 8.383803098872586190e+01 7.566459362719290027e+01
7.686852739283557412e+01 6.859045083862136494e+01 5.566816746009736505e+01 4.144768213167894544e+01 2.702576055893952756e+01 4.481344320254051894e+01 3.179468830064364226e+01 4.318139684087203989e+01 6.312058766820621969e+01 6.800985208084671285e+01 5.960333881546422674e+01 5.873637036825734015e+01 5.553177251279509363e+01 3.843314447247718135e+01 2.359546021613212829e+01 4.334069775197178842e+01 5.124652731307403286e+01 6.419717891418062550e+01 6.698442567464635999e+01 6.677856883625450735e+01 7.505079493741054364e+01 8.349295660354009385e+01 8.398239691758581671e+01 9.224774508516962612e+01 9.162258308948391061e+01 8.336120669452644449e+01 7.191178731786915534e+01 8.191128041925432512e+01 9.599827753179502565e+01 1.159215226848771749e+02 1.128701551000005026e+02 9.329220704682359155e+01 7.941278754953060570e+01 6.792199719180425177e+01 7.260123425238572281e+01 8.653256713588690729e+01 8.997569959929680294e+01
6.520309169809276284e+01 6.519916088242781882e+01 4.888425401764263256e+01 2.912223181983534204e+01 4.677357872158356855e+01 5.503124830229570819e+01 4.576666496318184585e+01 4.018073073640815096e+01 5.165777616184718823e+01 7.164384198249230451e+01 7.525864341447302763e+01 6.372409159217532704e+01 4.914460021677665225e+01 2.932043296157999990e+01 4.327225799876173795e+01 2.506311319706745167e+01 3.822045213409607101e+01 5.408583952357778202e+01 6.743267007626322140e+01 7.063333897537623329e+01 7.063337691967757337e+01 7.889751589280953681e+01 8.329617138832810497e+01 9.154813935926412682e+01 9.704431624985301141e+01 1.001309940560225016e+02 9.187247067657258981e+01 8.821619050756562785e+01 1.081410517853103670e+02 1.035549177720130984e+02 9.779477240235081581e+01 1.030926708633061253e+02 8.344795407398206066e+01 6.940140529495874944e+01 5.838604201975881125e+01 7.837788098801991055e+01 8.894414963849297351e+01
6.520309456159424144e+01 4.523621887615603043e+01 5.026790453141151005e+01 3.061048453852916040e+01 4.196590627668694395e+01 6.190358241239401593e+01 6.571431049029229143e+01 4.767404474176683493e+01 6.765817140294191745e+01 7.990804073010522757e+01 6.698892541916309540e+01 4.700396511503509345e+01 3.555913764743233685e+01 4.914200616386158771e+01 5.223836672593832731e+01 3.887582996105189181e+01 2.653357774579150785e+01 4.629923299654121394e+01 4.746365456487387746e+01 5.064486107096698220e+01 5.064486111829216242e+01 7.063337832176192421e+01 6.331243469317936245e+01 7.710745770744070171e+01 7.710745770744070171e+01 9.047859473687870491e+01 9.872421988509648827e+01 1.081410517853103670e+02 1.034216103966188740e+02 8.389846748841672763e+01 7.814242952619324001e+01 8.977173701954983187e+01 8.705282677152941062e+01 6.722839663647340558e+01 5.292422536149502577e+01 6.083137677206565996e+01 7.267474490243147045e+01
6.366046159792644232e+01 5.257533037520880015e+01 3.275111451043839139e+01 5.039244829946665050e+01 5.865736821995437822e+01 7.017297757053196960e+01 7.592541474875785923e+01 5.920951242213045163e+01 7.592541474875785923e+01 7.812256475855545546e+01 5.810293987781464864e+01 4.399490262865447221e+01 4.703335164797849899e+01 6.352680821317260751e+01 6.382792138383178582e+01 4.729171452986037849e+01 2.757248013713696722e+01 3.050936419246981046e+01 3.347374312260068763e+01 3.659703323676440334e+01 5.649936183170126469e+01 6.557991765285089514e+01 5.173748071590613762e+01 5.709369273725733507e+01 6.344163386944057237e+01 7.053526708596480432e+01 8.207079924170184881e+01 1.019638569731148294e+02 9.525167552782291125e+01 7.558734237467193395e+01 6.403275584514086916e+01 6.999620562825990078e+01 8.396803511577643064e+01 8.078379298342004233e+01 6.083137677206565996e+01 4.646371664734234486e+01 5.257407666935387880e+01
4.366538882361653862e+01 5.415518445397223957e+01 3.429674377199421542e+01 3.878942260874008952e+01 4.344808268336754509e+01 6.344256876259645850e+01 7.902511038361252815e+01 7.919925419864183880e+01 8.745768147217118837e+01 7.552663031554507711e+01 5.550398794506679678e+01 5.810293987821752637e+01 6.741019407113628858e+01 7.513805991326331934e+01 6.320686299787947604e+01 4.269408117525817659e+01 2.867976485799114172e+01 4.842367549126780801e+01 5.331243844408476917e+01 5.649936183170126469e+01 4.168335310155674023e+01 4.557369038399644978e+01 6.557991765285089514e+01 6.809472030775962992e+01 8.342756362618558796e+01 9.047859473687870491e+01 9.872421988509648827e+01 1.102133806234252802e+02 9.779477240235081581e+01 7.814242952619324001e+01 7.578832467120132321e+01 5.572672952617703857e+01 6.910112628952653324e+01 7.731149555178733124e+01 7.488776320527917107e+01 6.106961868717278463e+01 4.083448335768707693e+01
4.144131121939585682e+01 3.795856393444720567e+01 3.647479989781481891e+01 5.052292548018053964e+01 6.344245625164288782e+01 5.072802845302392427e+01 6.489893603302208192e+01 8.489484233759938547e+01 9.948713269894039968e+01 8.378729169609793814e+01 6.706626085005504478e+01 7.812256498337309552e+01 8.230863800998211843e+01 7.392965473336997206e+01 6.573060414280344332e+01 4.954961388117965981e+01 2.978947530850779302e+01 4.954961301340640034e+01 6.851346032408916642e+01 6.992790988295159593e+01 5.579926241629433292e+01 6.557991765285089514e+01 7.384899248206923517e+01 8.806076230851178366e+01 9.631275112004946948e+01 9.847848112862612879e+01 1.067212668316332298e+02 1.182010810974616106e+02 1.059742065944986820e+02 9.779477240235081581e+01 8.396803511577647328e+01 6.910112628952653324e+01 4.890103961184267689e+01 6.301057099517780813e+01 6.027878890261075640e+01 5.754719846056878652e+01 3.733700565710132224e+01
5.964018678786052163e+01 3.968021332898077702e+01 5.638073677090519453e+01 6.465552755815238584e+01 7.878143574390124115e+01 7.075560139366193368e+01 5.969010527801165722e+01 7.126886468046301104e+01 9.123554277792251810e+01 9.532309657453515683e+01 8.708370993080664846e+01 8.555240116904606396e+01 6.571094962118161220e+01 5.421230133808652596e+01 4.578423537837207391e+01 5.068253726947151705e+01 3.090123469407419776e+01 4.071085293443178443e+01 5.469583805789929443e+01 7.423875785207313527e+01 7.579669093309819061e+01 8.303822262702576040e+01 8.453132734731153164e+01 9.277475381704013557e+01 8.699767304530698198e+01 7.859314594024463929e+01 9.008139380425902232e+01 1.099491157315827934e+02 1.009657675119363063e+02 9.279932439596187521e+01 8.038383799411488440e+01 6.670629101178940346e+01 4.646399881857409753e+01 4.275113277320689775e+01 4.003175018636975580e+01 3.742156129834609146e+01 3.484469997221969351e+01
6.197977161483953523e+01 4.199035010227733977e+01 4.828556945905310727e+01 6.831300179875002243e+01 8.588234592277100887e+01 8.796707284631705193e+01 7.386207958041974564e+01 7.604622910180516726e+01 9.599979029558559773e+01 8.913755257360418227e+01 8.087627981005321942e+01 7.876068651960815714e+01 6.461400340341668880e+01 4.578409190183489130e+01 3.437353843708796575e+01 3.292783435862119035e+01 3.270089263825997961e+01 5.251481922774512867e+01 5.513903276507141982e+01 7.504627254547669679e+01 7.717787605170236986e+01 6.307066468920075408e+01 6.457024569389024293e+01 7.759568397403756990e+01 6.705303658674347389e+01 8.699767750473708361e+01 1.033263055603800638e+02 1.066635516826164434e+02 8.705657342200629500e+01 7.309205661270749488e+01 7.219030368701274369e+01 5.204075449113410912e+01 6.670629101178940346e+01 6.301057099517780813e+01 5.439833058735136007e+01 4.245590080770199393e+01 5.503162012602102493e+01
6.454208906340022622e+01 4.452975004198493281e+01 6.454208906324383577e+01 5.830095364513490352e+01 6.588762016341412675e+01 8.588234592277103729e+01 9.382053492600410038e+01 9.599979029558559773e+01 9.392960927282598504e+01 8.087627878561940520e+01 6.090234651773805297e+01 6.675257376351477490e+01 5.052744037932349386e+01 3.648472121211894859e+01 5.421680088430107247e+01 4.696111971193527523e+01 5.222263898293823559e+01 3.528554476967138243e+01 5.516124208495856607e+01 5.997554286693349468e+01 6.356788445036970359e+01 4.890537724088640914e+01 5.299081457928781447e+01 5.759316495362822508e+01 6.518207454181448668e+01 7.519102471148289624e+01 8.926677619191276847e+01 1.091348064446366095e+02 9.171928663151950900e+01 7.200173669026023049e+01 6.038413699931424361e+01 5.795690261044069302e+01 7.796660811745159947e+01 8.264357772331240426e+01 6.826641286189891389e+01 4.808970104146885660e+01 6.826641285447932717e+01
