LEM/with_lateral_4open/elevation_000029.asc
nrows	100
cellsize	150.0
xllcorner	0
ncols	100
yllcorner	0
NODATA_value	-9999
[rows 0 to 16 of 100, columns 0 to 36 of 100]
8.271705653423140625e-02 2.127631151761726416e-02 9.425194436011796739e-02 4.939197167322698090e-02 3.975871534419905817e-02 6.171646774684565184e-02 1.696294146011132625e-02 1.936121709489252440e-02 4.216450047424835645e-02 2.297044857093000214e-02 6.704298068806634203e-02 4.162315340452049650e-02 3.835349583220235004e-02 2.777463300387698203e-02 2.207885817162396139e-02 7.161913568127860341e-02 9.025521335945362045e-02 3.502399586135773735e-02 8.040414306008919487e-02 3.131346976591601466e-02 7.604099264847130613e-02 2.387740603804927586e-02 5.687112022313325910e-02 4.074439634684711570e-02 8.709178300582484655e-02 7.612946965408906586e-02 1.077918208624280109e-02 9.929772718869623455e-03 4.600412614040166881e-02 2.152795518990661267e-02 2.378824418737431057e-02 9.511189423522797837e-02 9.406546861214974686e-02 1.749038473908382007e-03 2.223905489293687143e-03 6.269637160239108220e-02 9.476101746191394060e-02
7.813061968023242432e-02 2.002127631151726206e+01 1.423638756809119421e+01 2.004939197167287190e+01 5.039758715344176743e+00 2.006171646774648920e+01 1.415909856519118648e+01 1.416149684082571802e+01 8.986436410476576597e+00 2.002297044857057529e+01 2.006696413526482203e+01 2.958932302345103960e+00 2.003835349583184566e+01 2.002777463300352068e+01 1.416421448190269849e+01 1.421375475941235322e+01 7.161323025224959338e+00 1.417715961959243387e+01 1.421440318050267493e+01 2.003131346975340321e+01 2.007604098675744808e+01 9.129858549868224982e-01 2.005608492708537938e+01 8.985016305718202645e+00 2.008709010846684606e+01 2.007612946965373268e+01 5.356004020334706794e+00 2.000992977271851458e+01 2.004600412614004767e+01 1.421167419985322944e+01 1.979343512130407845e+01 2.452134498259596285e+00 2.009406546861179521e+01 2.000174903847355168e+01 7.073291717354799779e+00 2.006269637160203700e+01 2.009476101746155763e+01
2.526786264046545702e-02 2.002526786264010994e+01 3.423638756809189942e+01 3.020373651028699769e+01 1.020373651028735296e+01 3.020373651028770823e+01 3.415909856519188992e+01 3.416149684082500926e+01 2.053344179933384694e+01 3.727052025695557802e+01 2.874812154831537825e+01 8.733503767099577431e+00 7.810807624415516237e+00 2.785437164809949806e+01 3.416421448190340016e+01 3.421375475941305666e+01 1.472061248540957124e+01 3.417715961959314086e+01 3.398792277937614870e+01 2.249996749284854403e+01 2.174119177207233911e+00 2.027198062869317852e+01 2.845849688363897201e+01 2.053202118076715266e+01 3.726418937566288747e+01 3.352096982961025162e+01 1.352096982961189653e+01 1.604645369683149525e+01 3.604645369683078115e+01 3.460382941199448226e+01 2.481453468719666589e+01 4.825697816190897882e+00 2.483611015274530942e+01 3.535756296481770278e+01 1.601756362735411443e+01 3.535756296481770278e+01 2.786017203940144071e+01
4.163169627051844027e-03 1.414629879335812745e+01 3.414629879335883089e+01 3.848800775774824956e+01 3.020373651028770823e+01 1.914800842028667205e+01 3.914800842028737549e+01 4.881802476917148681e+01 4.053346316728730869e+01 3.818299936845025400e+01 1.816862429635704856e+01 2.874813247865820287e+01 2.785437164809949806e+01 1.289708361467579323e+01 3.298208319523939025e+01 4.300488774674542469e+01 2.472061248541250933e+01 4.300489177975557453e+01 3.513112944992302289e+01 1.462842948573172919e+01 3.067653280379982306e+00 2.297857856822594513e+01 3.227226993310552672e+01 4.053095613378157935e+01 4.880428520034243434e+01 3.352096982960641469e+01 2.766310545334259530e+01 2.604645369683131761e+01 4.433072494304331457e+01 3.944125304323107883e+01 2.726511541310956233e+01 7.251054085545448835e+00 2.726511549645914556e+01 4.430183487481701832e+01 3.015969925108531768e+01 4.430183487481701832e+01 3.203046032076547789e+01
5.883922493566802470e-02 2.005883922493531202e+01 2.817761724724605088e+01 4.817835767996302110e+01 4.743227966774957594e+01 3.069501380407939095e+01 3.329014404401812044e+01 5.329014404401882388e+01 5.233089629829503053e+01 3.232274858105187576e+01 3.232274858105188287e+01 4.646941257070125886e+01 3.673833145797893707e+01 1.662042364189248644e+01 3.085326108156171543e+01 5.094604637213942766e+01 3.886274811661591144e+01 5.300489618074099951e+01 4.375297613096491034e+01 3.132497204458917039e+01 2.305588064837106188e+01 4.340222805219829283e+00 2.433534573975933668e+01 3.770365298465832637e+01 4.641425529894915059e+01 5.352096982945660386e+01 4.766310545333731596e+01 3.759345908062342545e+01 4.529941294867419543e+01 2.524994209095719455e+01 1.110005994574456700e+01 2.726511549643545607e+01 1.619600224334549310e+01 3.622021623093436204e+01 5.015969925108602467e+01 4.836039194148001741e+01 2.836039193883456733e+01
1.256007409845548775e-02 8.177525883473521162e+00 2.231966465980152137e+01 4.231996583159322256e+01 5.897928505154229128e+01 5.069501380408009794e+01 5.329014404401882388e+01 6.157441529148102433e+01 6.061607656035059932e+01 5.233089629829503053e+01 5.233089629829503764e+01 4.344451227489727785e+01 2.332596982414215958e+01 3.085326123511029905e+01 2.958644097737077061e+01 5.030841755543023197e+01 5.886274996866244180e+01 5.664311216711413977e+01 3.697897214418562584e+01 2.293643768341268441e+01 2.521394639639353130e+01 5.242816529158546679e+00 1.018621562350823417e+01 1.677238471355594029e+01 3.206812873915883699e+01 5.250153634599627850e+01 6.587773032481729274e+01 5.759345908062068276e+01 5.231882381603393384e+01 3.395799522943869420e+01 1.392849734516365245e+01 3.395799522943869420e+01 3.622021623093436204e+01 2.689101280942360717e+01 4.693323417859883762e+01 5.664466368869911150e+01 4.351899343766285000e+01
9.594114293757748102e-02 2.009594114293722100e+01 3.645913851572851172e+01 4.910572305272095406e+01 5.706834795102765412e+01 5.472809219631867705e+01 5.472809219631868416e+01 7.466382056362243702e+01 7.705387679614932495e+01 5.703715664146225350e+01 4.285239613916105839e+01 3.123288215573826321e+01 3.495849084035008048e+01 5.094613635363307935e+01 4.541387322318774267e+01 5.874100522400925684e+01 6.670005216719232521e+01 5.697510432674132375e+01 3.740051857169894589e+01 2.663437069399639157e+01 6.638206855280929908e+00 7.652533388078039955e+00 2.741791706130534934e+01 3.770014737460717669e+01 3.805293526445272789e+01 5.833166498490432161e+01 6.824836486156847570e+01 4.812960799768992359e+01 3.394506690386192105e+01 2.393232927614052485e+01 1.713110643338806938e+01 3.717156017919971589e+01 5.060326944916050707e+01 4.693323417859883762e+01 4.105265366054189258e+01 6.113021142031426791e+01 5.059006125472302529e+01
7.711341127313005306e-02 2.007711341127277649e+01 3.127483994354260233e+01 2.940905834784339490e+01 4.208069138607879722e+01 3.473079567561013192e+01 5.472809219631867705e+01 5.884938278092142383e+01 6.719394112392635066e+01 6.289991823765662815e+01 4.285239613916105839e+01 4.285239613916105839e+01 5.503663313154803660e+01 6.332936832621805223e+01 6.790128558137291748e+01 6.274553281933555127e+01 4.851145579463841528e+01 4.851145579463841528e+01 3.740047543108485684e+01 1.762636745785258441e+01 7.631185427897605678e+00 2.762442454598496511e+01 1.111178603012039723e+01 3.108548897119730370e+01 4.286285198762264770e+01 5.236061008693921792e+01 6.059547855935094418e+01 6.236776515118425124e+01 5.231882381603393384e+01 4.398366117896922844e+01 2.530263134687151094e+01 2.221173963086429026e+01 4.226512520976469744e+01 5.666164708917432336e+01 6.113021142020987497e+01 6.947612672012439816e+01 5.887433553841455591e+01
2.297228869525369793e-03 3.125772466641653757e+00 1.312516250518829963e+01 3.126174227468724354e+01 2.207896645841139360e+01 3.993962575485208077e+01 4.466231532863091758e+01 3.878583957959025241e+01 5.884938278092142383e+01 7.118834710736312843e+01 5.443880009299078893e+01 6.289991823765662815e+01 7.118834710736312843e+01 7.711418674338676738e+01 5.954022784177627159e+01 4.748738725714505904e+01 3.715490473135614735e+01 2.994055986543643755e+01 3.351940181438233424e+01 1.379594977306091863e+01 8.631916598134623086e+00 2.862580566357377876e+01 3.108548897119730370e+01 1.464478416221190393e+01 3.460647997117531816e+01 3.241834088004777215e+01 5.236061008693921792e+01 6.673162255999672254e+01 6.046517159556339749e+01 3.964208993523990898e+01 4.550273148203790186e+01 3.038380078243364224e+01 2.824533693434305093e+01 4.242540186935961799e+01 6.254037730842736664e+01 7.256651298306582021e+01 7.042134714869460765e+01
9.647730019007895452e-02 2.009647730018972211e+01 7.906686909205206781e+00 1.138824004230451692e+01 1.555852843918677131e+01 1.992288707289285909e+01 2.463693832208639378e+01 3.130374249222782268e+01 4.545841725138247824e+01 6.554486554569093926e+01 7.445802056769166200e+01 8.274382523183155058e+01 8.445497211448331143e+01 7.617389468693680499e+01 6.805810912858659378e+01 6.274553281933555127e+01 5.519624373516498395e+01 4.069232490459673812e+01 2.159562712210733793e+01 2.965005618013110933e+01 9.654922467560846044e+00 2.724077097166463801e+01 4.223061537651886965e+01 3.460647997117531816e+01 1.831625161647682987e+01 3.825929629849863289e+01 3.857458964128262124e+01 5.850856817988253056e+01 6.899128899546842320e+01 6.046517159556339749e+01 5.880888424301168982e+01 4.040767044634343819e+01 4.831694177218460595e+01 3.511572183909481026e+01 4.408707836658653889e+01 5.830076223233358235e+01 7.846418262337573424e+01
3.582433992925927735e-02 2.002130432826886874e+01 2.792635806221182193e+01 3.139949090485638195e+01 3.557324199581287161e+01 3.994228870291596678e+01 4.466231532863091758e+01 4.466231532863091758e+01 4.285666759703360640e+01 5.442644500063392599e+01 7.455136576647275604e+01 8.263731371468884390e+01 7.286841131277384420e+01 5.681448410135085680e+01 4.858357932016125602e+01 5.256190266332526306e+01 4.873024641668082779e+01 4.010187738492702181e+01 2.038080123357207540e+01 3.068052586322215802e+01 1.068203792700967547e+01 3.067609352754696417e+01 4.332304555586156880e+01 4.650571039297474840e+01 3.356856968906162564e+01 2.226379180772685729e+01 4.223254285882903503e+01 4.619233570040004366e+01 6.521674377758560581e+01 7.949203472678053117e+01 6.887284224692868406e+01 5.461396861672520942e+01 6.127250298538262996e+01 4.116152947663766071e+01 6.127250298538262996e+01 7.256651298306582021e+01 7.065395932060494033e+01
1.813270376062421294e-02 2.001813270376026921e+01 2.932608873226578439e+01 3.509959142416244049e+01 4.142414674449931056e+01 4.970841799201666333e+01 5.865268990204192079e+01 6.474640750360383379e+01 6.293223734489583165e+01 7.128248750619160035e+01 8.291143665155918541e+01 7.450944708297603825e+01 5.500668518211411140e+01 4.530034342617802423e+01 3.732525544711862864e+01 3.302319253112776209e+01 2.913745007638079798e+01 2.544456923495560829e+01 3.558291129398536157e+01 1.546260887070615730e+01 2.674295105052680910e+01 1.221471309712513964e+01 3.080968338561794084e+01 5.574429935937872216e+01 5.001821822779376703e+01 3.380170682801391280e+01 2.662156396024585803e+01 4.658257278600743234e+01 5.141963707039077036e+01 6.776054136926552474e+01 7.768813320299332759e+01 7.476607072914490004e+01 6.838985584136675300e+01 4.825894196711150386e+01 6.838985584136675300e+01 7.653498530406835698e+01 5.644971131350975924e+01
2.372884694381488524e-02 4.612043524355070367e+00 9.326088732265429115e+00 1.509959142416173705e+01 2.142414674449860712e+01 3.036841865449792266e+01 4.451055427822937105e+01 6.451055427823078503e+01 7.174503384930712002e+01 7.174503384930712002e+01 8.003479248240068955e+01 8.263731371468884390e+01 6.654390863399319755e+01 4.708148469573684736e+01 5.681448410135084970e+01 4.432834524206646165e+01 4.872176085925780598e+01 4.508479403872034652e+01 3.705804700463328771e+01 1.747432273926197155e+01 1.376237413080615646e+01 3.221851626213746300e+01 3.263170413148120730e+01 5.325391400089507243e+01 6.197812766142742902e+01 5.374927905206370582e+01 3.661932906790168829e+01 3.147380586357306598e+01 3.963657634235372740e+01 4.960866317706866369e+01 6.367765843708378526e+01 8.351823855755492332e+01 7.675372585141923309e+01 5.986554105506461809e+01 7.675372585141923309e+01 7.398215741872810725e+01 6.392385758744362079e+01
8.175220331382776484e-02 2.008175220331347077e+01 2.932608873226507384e+01 2.565602035082024202e+01 4.142414674449931056e+01 4.970841799201666333e+01 5.865268990204192079e+01 6.589263780011842186e+01 5.175048311783632471e+01 5.175048311783632471e+01 7.174503384930712002e+01 8.034352541391795910e+01 6.082136963247209138e+01 6.082179501902145091e+01 7.193021023111256795e+01 6.381113974429852220e+01 5.629356586023612863e+01 4.245383392011540735e+01 2.299908893472973048e+01 3.705804700637628457e+01 3.352463926075029121e+01 1.538659720411209797e+01 2.937406978664131074e+01 4.902285464827211570e+01 6.509004617564883688e+01 6.476379481855917675e+01 5.072284600112281794e+01 5.141963707039077036e+01 3.724937862001955580e+01 5.716911443888318445e+01 6.362171903450590094e+01 8.344490598515068314e+01 8.840484989726944320e+01 8.003428638931079320e+01 7.988012017489877792e+01 5.973648022889046416e+01 4.553298934709299317e+01
9.124702163186203252e-02 1.423338264536293707e+01 3.423338264536364051e+01 4.565602035082094545e+01 5.394029159841159782e+01 6.054206946432908154e+01 5.566343097108885729e+01 4.908353836263489001e+01 3.761804496838555423e+01 5.175048311783632471e+01 7.174503384930712002e+01 8.842081724124244602e+01 8.032526593179194663e+01 8.035831292869750087e+01 7.412685934037510549e+01 5.443200981559129303e+01 4.815946125622387086e+01 2.881091653107710115e+01 4.245383392011540735e+01 3.948790270764575894e+01 1.956123508033646985e+01 1.657980684304995123e+01 3.627632788474365810e+01 3.788388290855785101e+01 4.365211292516671904e+01 6.651803768824950680e+01 7.060371086573090338e+01 5.716911443888319155e+01 5.716911443888318445e+01 4.372974427591515223e+01 6.362171903450590094e+01 7.990392589115457156e+01 9.132431587960189745e+01 8.914854849980034146e+01 6.892064110285386391e+01 5.467501356471485963e+01 4.308447733049548134e+01
2.239863785106879432e-02 2.002239863785071350e+01 3.984894252247424618e+01 4.319190019078727261e+01 4.601946273310791469e+01 4.055053859029280261e+01 3.567299925589675524e+01 2.909362461214196927e+01 4.908353836263489001e+01 6.589263780011840765e+01 6.614690446796466006e+01 7.447926749067954688e+01 8.613087372736774228e+01 8.162330971017708237e+01 6.178956631594287785e+01 5.443200981559129303e+01 3.509871672875753745e+01 4.815946125622387086e+01 4.621848223474899697e+01 2.547418361457918223e+01 3.352982116468837859e+01 3.627908557946497581e+01 1.829373496377338526e+01 2.291155157768591621e+01 4.432245541881374606e+01 5.719016135816688973e+01 6.660144682929229987e+01 7.702053405126285668e+01 6.362171903450590094e+01 6.362171903450590094e+01 5.186511448512440126e+01 6.335018774431642186e+01 8.317376745979034069e+01 8.648048653396860175e+01 6.628753507372232434e+01 5.467307092613857833e+01 5.461279240795820300e+01
1.766589122093755945e-02 1.156467127501335312e+01 3.156467127501299785e+01 2.319964903640997278e+01 2.602766124319693120e+01 2.641452629568728838e+01 2.153553116178836291e+01 4.152806114642993407e+01 4.904627848037869597e+01 5.459177366371569207e+01 4.613897143249914734e+01 5.767859217641809266e+01 7.773458596255447617e+01 7.934406539411230597e+01 6.178956631594287785e+01 4.232330155890591783e+01 5.443200981559129303e+01 5.338163366730833559e+01 3.312207941832280511e+01 4.621848223474899697e+01 5.387198396083207541e+01 3.952410910766879226e+01 1.954324894057220874e+01 3.341213558556169971e+01 3.056818751855589511e+01 3.998231172403141898e+01 5.340945027452509919e+01 7.202322736018639660e+01 8.344490598515068314e+01 7.990392589115457156e+01 6.592412645143384964e+01 6.592659108510486021e+01 8.573595134670252094e+01 9.485107477198522474e+01 8.319005852057271966e+01 7.481339853924791328e+01 7.423196122794379903e+01
