LEM/with_lateral_4open/elevation_000555.asc
nrows	100
cellsize	150.0
xllcorner	0
ncols	100
yllcorner	0
NODATA_value	-9999
[rows 51 to 67 of 100, columns 0 to 36 of 100]
6.455108993161302877e-02 6.611010762035064436e-01 1.891854858412034091e+01 2.202937132907451812e+01 9.164542526646858533e+00 2.867192274998783219e+01 1.240034472507701402e+01 3.267210856305604949e+01 3.364792674203467726e+01 3.231262140844208375e+01 1.899008757742664599e+01 3.756685613337035790e+01 5.205318851565071725e+01 6.047315680170967056e+01 5.701723273886621968e+01 3.697714010844464383e+01 2.283801846761230792e+01 3.389029336496183475e+01 1.501991669333747659e+01 3.501178038672691883e+01 3.893691345272951310e+01 2.339499710418379408e+01 4.321133200840710487e+01 5.191553011858157163e+01 6.024164152077282353e+01 7.447335002378264335e+01 7.056838778663777134e+01 7.643174419539765552e+01 7.635889218144686197e+01 6.662319648450103671e+01 4.662762652649815465e+01 6.662319648450103671e+01 7.759712144208211271e+01 6.504224387827305520e+01 4.504764923075141780e+01 5.714526390488805418e+01 3.922652996051298402e+01
3.995603441288197999e-02 2.003995603427682326e+01 1.506255330983776064e+00 2.104403935663630154e+00 2.703356684332625992e+00 2.268344649706904548e+01 8.171651053334096915e+00 2.525321578236048481e+01 1.000184949027361014e+01 1.376502246897329051e+01 3.231262140844208375e+01 4.000058425997509914e+01 4.059748655870073719e+01 4.063045615677544475e+01 5.054293784708572446e+01 4.036103183945531470e+01 3.276353964436069788e+01 1.384334347321764191e+01 3.389029336496150080e+01 4.329478382302735895e+01 5.027529643663755365e+01 3.029417091213968760e+01 2.826662656437958887e+01 3.186847304108135148e+01 4.600993376745514496e+01 6.550423406353995404e+01 7.380209426710975151e+01 8.383878151025558623e+01 8.629159459597231319e+01 6.631871123306419236e+01 5.217427643815396010e+01 7.216863333021201754e+01 7.398243717149773602e+01 5.399155723585949573e+01 6.504224387827305520e+01 5.921202250700293490e+01 5.921988913542210042e+01
4.804567899273937126e-02 2.004804567857826925e+01 2.228099622285131431e+01 2.205405829386293703e+01 2.252035166886854256e+01 3.553583559284285709e+00 4.157041943059096134e+00 4.769080392083187903e+00 1.798904790149319410e+01 2.637124555333071285e+01 2.733072985321735260e+01 2.158909494233538950e+01 2.058126131629646238e+01 4.060788745070298233e+01 4.259614937218884734e+01 2.399496385582056845e+01 1.265061712159979024e+01 3.276150831880969605e+01 3.000312547181592748e+01 4.936923407202502290e+01 5.860189620290339008e+01 3.913985454248260965e+01 4.229620424163758940e+01 5.191554841824227395e+01 3.767985880154522960e+01 4.530330863648256212e+01 5.545074306914790441e+01 6.969612715633560640e+01 8.970887420914334598e+01 7.883132267709665086e+01 5.884325463644258747e+01 7.883132267709665086e+01 8.104719773606881006e+01 6.106503732539870555e+01 8.104719773606881006e+01 7.915523596884072788e+01 7.260776190295916876e+01
9.707512844716031930e-02 1.423921085571240930e+01 3.423926651984537983e+01 3.813481659145709557e+01 1.854654474803432151e+01 8.659358472958368580e+00 8.971168593046121131e+00 2.359467391798875013e+01 5.647458915119414335e+00 6.272638466115137312e+00 6.899297327598518770e+00 7.530883334628398096e+00 2.794599891280480364e+01 2.953729750969414170e+01 3.019234928614809021e+01 3.081537128699548944e+01 1.178661966340023426e+01 2.307473768010822468e+01 4.234762018266535932e+01 5.742375467941444356e+01 6.760260951120946515e+01 5.077300731510136700e+01 6.242878345916367522e+01 6.618547342647235610e+01 4.934647399979109395e+01 4.628708869772524537e+01 5.642937142782791682e+01 6.806797841900409196e+01 8.808495181605925950e+01 8.708709672953142444e+01 6.884696316801911564e+01 8.708709672953142444e+01 8.929945819901152504e+01 7.261239883822422314e+01 8.929945819901152504e+01 8.328819495751325519e+01 6.330693434125477381e+01
5.001202446392439237e-03 2.000500120244603863e+01 3.833690326260541781e+01 4.619580275820964488e+01 2.802467012875732877e+01 2.861061452436889141e+01 2.529734841505812071e+01 1.256218837776156505e+01 2.679278136548337130e+01 2.101033909165900582e+01 2.730832539630550215e+01 1.007024171908599719e+01 8.465773828945668100e+00 9.144353105751175548e+00 9.841391892568967847e+00 1.055333726668139604e+01 2.811341129177469966e+01 3.764859614879718208e+01 5.001005977875286135e+01 5.484711679578050081e+01 6.306405593539681576e+01 7.091683012769014738e+01 7.921331754132879155e+01 7.780266458668629070e+01 6.951099158760922592e+01 6.059966969756559507e+01 6.059966969756559507e+01 8.067213658027212375e+01 9.635748128932566203e+01 9.706295702751529575e+01 8.881568218617427135e+01 9.706295702751529575e+01 1.008118262194614800e+02 9.256934730633759045e+01 9.739722519164500625e+01 7.744404328260385739e+01 8.328819495751325519e+01
5.279685921607564503e-02 1.005279685921252764e+01 2.419493243348496847e+01 4.419489030318497669e+01 4.854887836851731464e+01 4.868135194501794416e+01 2.840423372302248950e+01 1.846342008251107103e+01 3.791264804474531758e+01 4.177592679288545696e+01 2.843834644627969865e+01 1.386578104900769581e+01 2.888956750799176021e+01 2.953859947739798386e+01 2.445582498970193086e+01 3.002816955409533506e+01 1.229834409781961746e+01 3.244758415155087050e+01 4.093461422394196347e+01 3.517186697213750790e+01 5.484711679578050081e+01 6.815099771215754743e+01 6.470033806499593254e+01 7.300175194859993155e+01 8.455555620031960018e+01 8.067213658027212375e+01 8.067213658027212375e+01 8.895004931700701434e+01 1.003387482825039854e+02 9.841629708578196301e+01 9.254106514511369141e+01 9.066549732481058754e+01 9.285838212839360040e+01 1.011697757364501484e+02 1.056416471712112042e+02 9.739722519164500625e+01 9.227320181102813024e+01
5.738623160518319517e-05 2.000005738623125140e+01 3.564317080594977227e+01 4.362230330878018236e+01 5.320581554075092612e+01 5.719363406751283918e+01 4.552794604983872517e+01 2.534476058496832351e+01 4.552461696582331996e+01 5.558840133652453375e+01 4.253813468513835971e+01 3.432766778515487971e+01 2.027278906450841944e+01 4.039979768423630446e+01 4.497442817964612516e+01 4.040111059758981327e+01 2.658867508139579527e+01 1.400001625488666335e+01 2.112842419495136426e+01 3.517186697213750790e+01 5.484711679577291221e+01 4.819177850030119714e+01 4.475236594522117173e+01 5.625463119560733816e+01 7.623738820149752371e+01 8.340866984209820600e+01 8.479372865441216334e+01 8.395560368218762903e+01 8.027355621004161890e+01 7.838969673150765516e+01 7.252800943737778994e+01 7.065570515128624152e+01 7.284366937774240114e+01 8.950833312342268755e+01 9.781766425625805539e+01 1.078367417253724909e+02 9.626615975882174325e+01
4.532054705376769438e-02 1.903140393196832392e+01 1.634012210167963985e+01 2.609954959350800152e+01 3.958555628817628502e+01 5.870937128432600360e+01 5.398363091060781471e+01 3.691284594156608279e+01 5.395485156399032434e+01 6.437303965621354962e+01 4.748610099327110845e+01 2.746170910108525476e+01 4.040014277534763210e+01 3.672755068673574641e+01 5.674141626417530659e+01 5.489786413925164510e+01 4.234258289959288390e+01 3.405581635888087533e+01 1.568085299964009494e+01 3.568909758336234006e+01 4.589182017593188334e+01 3.408445315683074739e+01 5.403769846026507651e+01 7.300175194859993155e+01 7.760703855321938249e+01 6.361628628273156494e+01 6.478577334459505721e+01 6.393159196095464125e+01 6.612100000800843702e+01 7.774259846215058190e+01 5.839565555772489347e+01 5.652414300138806169e+01 6.284237392441496439e+01 6.950439647000648336e+01 7.949851124679572933e+01 9.951815500004940418e+01 9.499207976426920652e+01
9.001595176218035732e-02 6.412810753191096502e+00 2.661592328750291969e+01 4.362230330878018236e+01 4.910164094166502480e+01 5.737938823591021276e+01 6.331474234786968935e+01 5.731771269789155809e+01 6.577318516119002823e+01 5.646285267659556695e+01 3.641957419055998457e+01 3.902203048222395410e+01 5.579224587199874463e+01 5.674144323198111550e+01 5.780943436227644128e+01 4.953006614972512978e+01 3.988526841754314489e+01 2.010251795039450329e+01 1.685551976172444455e+01 3.523581461754064748e+01 2.592083118634002759e+01 4.589182017593188334e+01 6.232448765499857046e+01 6.875159726902465707e+01 6.044628647797578935e+01 4.951660782350555934e+01 5.064914143642374711e+01 4.979302827751810412e+01 6.979646337909851184e+01 6.400822869097390821e+01 4.946075155388955125e+01 6.099633935349085334e+01 8.099340735216925680e+01 8.950833312342268755e+01 9.781766425625805539e+01 1.078367417253724909e+02 1.033269293443389927e+02
5.674351268809080251e-02 3.770650225837104852e+00 2.376482091875200808e+01 3.320396840782840542e+01 2.912061315021295016e+01 4.333431631427582431e+01 4.333431631427582431e+01 5.867564819406990040e+01 6.866583597633777458e+01 6.404912840538737839e+01 4.397776412464963158e+01 5.904823633078424194e+01 6.736198306625730936e+01 6.360043418392889691e+01 4.370220892363479237e+01 2.982538963740260485e+01 2.486784881642650902e+01 3.988615747646924348e+01 3.686053426121248577e+01 1.862532603620050864e+01 3.862610873246732268e+01 4.835656003612429288e+01 6.209480972393911458e+01 5.717986338276899261e+01 4.043447424441884408e+01 3.951217595083250700e+01 3.909569600511995446e+01 5.645698908581566400e+01 5.884725526817515373e+01 4.401954059530155661e+01 6.400822869097390821e+01 7.774283832400897154e+01 8.929621360927798435e+01 8.992430327615214480e+01 9.823681773882785251e+01 9.957464332803982643e+01 1.078956533309300170e+02
9.518805923843161321e-02 2.009518805923807605e+01 9.213946660477464690e+00 1.321391101225851195e+01 1.757813188331052245e+01 2.335085928813427714e+01 3.041890838776289741e+01 4.040931787166306322e+01 6.038665705203842293e+01 7.240438532814658856e+01 5.553625663900131570e+01 7.240438532814658856e+01 7.214263021393547604e+01 5.210940477261398485e+01 3.816764768756534920e+01 4.924823840116814466e+01 2.954459598111951024e+01 4.924824790890137649e+01 4.691671684470767900e+01 3.276574151633992926e+01 2.046002455018696153e+01 3.456916414400862436e+01 5.043625957759787326e+01 4.655330331690953471e+01 2.886273461668384144e+01 3.054473660278224756e+01 5.056910304534809342e+01 3.645025675671657694e+01 3.884885031810434697e+01 4.214348650558826392e+01 6.213361158779789406e+01 7.051426541554974392e+01 7.429204718599278578e+01 6.991753648345917327e+01 8.322393976558315387e+01 7.954920299627679015e+01 9.860910711188101629e+01
9.062254805971975413e-02 2.009062254805936476e+01 2.920595692871444626e+01 2.735112782379678009e+01 3.171335121421028447e+01 3.389903385217193232e+01 5.039798746185071820e+01 5.867564819406990040e+01 6.866583597633777458e+01 7.175264430901974322e+01 7.567793980465158654e+01 8.404167270677739054e+01 7.802657488987834711e+01 5.797700065533813785e+01 4.615141773741734710e+01 5.434211760501901267e+01 3.461364511640245212e+01 5.434211760501901267e+01 6.106770418867708372e+01 4.810579923883025089e+01 2.802466570087216269e+01 2.233599943362646201e+01 4.234562685313975550e+01 2.652803771842183167e+01 4.655331061275391846e+01 5.056880346897640521e+01 3.310406600667221966e+01 5.312266263817841860e+01 5.884725526817515373e+01 6.213361158779789406e+01 4.699466419516805615e+01 5.052717287343995167e+01 5.430190504186131051e+01 5.837897105889069138e+01 6.322461520417196112e+01 7.029196906294727398e+01 7.923231893176202334e+01
3.063233560239582431e-02 1.157763771939481146e+01 3.157763771850888546e+01 4.733397552420525756e+01 5.169414140485599063e+01 5.387988943486131888e+01 6.215826813938881656e+01 6.800742343749483609e+01 5.973037409577655410e+01 5.175411037087310717e+01 6.588936837622551934e+01 7.588567997448772928e+01 8.254503020304815664e+01 6.244747617103369208e+01 6.024816641811084139e+01 6.007258825195751228e+01 4.022165562839825981e+01 6.007258825195751228e+01 6.226823312692292234e+01 4.223952704616996812e+01 4.793579775385782682e+01 3.885046726344379664e+01 2.422909120607583233e+01 4.424866068662087315e+01 5.484435795351293308e+01 6.141027197822746331e+01 5.312266263817841860e+01 3.724472726465094041e+01 5.724928854311768589e+01 6.985589264850401037e+01 6.698101324736741446e+01 6.465564254406416467e+01 6.843209453699023470e+01 6.991753648345917327e+01 8.322393976558315387e+01 7.954920299627679015e+01 9.860910711188101629e+01
5.666595628964066211e-02 2.005666595628928661e+01 3.986190699152513872e+01 4.193620742626536213e+01 4.230606632687813118e+01 3.401743719676583311e+01 4.230846396652846408e+01 5.646349706739456309e+01 3.973069418807446596e+01 3.761175447924517101e+01 4.761184110254774282e+01 6.175443301746540214e+01 8.175085560057479483e+01 8.254503020304815664e+01 8.034859638585609787e+01 6.674997119531074929e+01 4.671782236525106669e+01 6.674997119531074929e+01 7.055364354030389507e+01 6.226823312692292234e+01 5.231489636106130803e+01 3.239025664833072682e+01 4.424866068682257492e+01 2.800834180783577665e+01 4.217362798187040340e+01 6.217862965616096460e+01 6.554200800490346523e+01 5.724928854311768589e+01 4.156785929603553598e+01 6.156115319667159014e+01 7.456775627246305760e+01 8.465823220874098354e+01 8.843922434607928551e+01 8.992430327615214480e+01 9.823681773882785251e+01 9.957464332803982643e+01 1.078956533309300170e+02
2.110006612196471329e-02 2.002110006315512436e+01 3.607883543369911195e+01 2.193641731240612813e+01 3.033438835604066242e+01 1.401656818259642812e+01 3.401641547367613327e+01 4.088062174044359409e+01 2.818365116665555448e+01 4.818355351736506975e+01 6.588936837622551934e+01 6.449341808456267700e+01 7.205281942081920477e+01 8.032913238817363322e+01 9.032474181803675606e+01 7.507984139642510968e+01 5.667879743245042334e+01 7.507984139642510968e+01 7.585925630014956766e+01 5.584810085746009634e+01 4.178083603635011656e+01 5.231489636106130803e+01 5.078327533078113731e+01 3.076065796609208647e+01 4.232981639105568661e+01 5.647327773877127299e+01 7.647250229321343795e+01 6.985589264850401037e+01 5.371026615557448025e+01 4.624886741375818389e+01 6.626898071099253684e+01 7.980208514085428817e+01 8.607843144394188073e+01 9.274906016797379493e+01 1.010748883737814054e+02 1.111062928664323977e+02 1.117101965176850342e+02
9.367352646185668485e-02 2.009367352646150096e+01 2.431281102199667288e+01 7.794267170998931071e+00 1.033426971100276326e+01 3.033331674883979900e+01 1.786556997720439810e+01 2.088068342301425417e+01 2.480300612625390144e+01 4.480291206314939245e+01 5.506520580469251058e+01 4.449315957187526749e+01 5.205252342455505499e+01 6.205288897824323868e+01 8.205274986339517795e+01 8.514370651575772797e+01 7.682114495817100419e+01 8.514370651575772797e+01 7.585925630014956766e+01 5.584810085746009634e+01 5.584810085746009634e+01 6.781225037217669183e+01 4.781533756488747144e+01 3.365656347316057406e+01 5.367229772396714083e+01 6.630847835073771535e+01 7.460440722758178822e+01 8.144606948499728105e+01 7.219790841481629684e+01 4.911795797430987420e+01 5.136598021698002725e+01 7.149188311900141457e+01 6.606156356261523399e+01 7.273717399587808075e+01 8.273319630011758363e+01 1.027649240358299920e+02 1.058283730036880854e+02
3.648181865326004941e-02 2.168488982209360483e+00 4.312714051884959154e+00 9.312714051933104642e+00 1.465793889249754045e+01 3.465858710355808370e+01 2.453223670944225177e+01 4.088062174044359409e+01 4.480291206314939245e+01 3.070068446299172038e+01 3.506504250613932072e+01 4.506507851327144465e+01 5.661235165617740250e+01 7.661232048078468893e+01 9.032474181803675606e+01 8.955527551182761670e+01 8.700477202265103926e+01 9.519487712118068146e+01 8.418291744311744651e+01 7.585925630014956766e+01 7.585925630014956766e+01 6.183616968854714457e+01 4.183884916469033755e+01 5.367229772396714083e+01 3.875146613678117546e+01 4.631747068904792997e+01 5.785761727457158798e+01 7.785256926463382854e+01 7.482775045031681316e+01 7.482775045016713023e+01 6.143928781431374375e+01 5.747322855474886438e+01 7.754321030095302092e+01 9.274906016797379493e+01 1.010748883737814054e+02 1.111062928664323977e+02 1.003073486773108272e+02
