LEM/with_lateral_4open/elevation_000274.asc
nrows	100
cellsize	150.0
xllcorner	0
ncols	100
yllcorner	0
NODATA_value	-9999
[rows 17 to 33 of 100, columns 0 to 36 of 100]
5.222468517465790605e-02 2.005222468517430201e+01 3.988338673557689873e+01 3.228326438352685557e+01 3.636569626980964642e+01 4.060535175792160345e+01 4.063164012915126477e+01 6.064923807657162769e+01 5.430814043166344618e+01 4.018713281510248692e+01 4.604258360153085050e+01 5.321605646632053066e+01 3.319672132513020557e+01 5.319949424678858918e+01 5.949902194888709062e+01 6.615011773317228005e+01 7.439562108730528678e+01 8.435064174912801604e+01 9.328538873389099706e+01 8.494401123106244711e+01 8.333619202674414339e+01 7.499156293666538886e+01 5.768760686697235229e+01 3.766333788064650889e+01 3.113201908374766802e+01 4.184625693492512966e+01 5.605529757118090828e+01 5.950458478064441437e+01 3.952177297001446021e+01 5.008459695499700359e+01 3.335589178289301060e+01 3.955360681504436826e+01 5.954882457904254522e+01 7.796798970872711720e+01 8.806138646645069912e+01 7.584756510416865183e+01 5.614810911978430141e+01
7.333276091007127906e-02 1.162032677118407342e+01 3.160987955418243800e+01 3.595487051573305592e+01 4.384718596488171727e+01 3.902652809395537048e+01 4.730798364574152259e+01 5.590206925332841337e+01 4.581325326892641669e+01 2.589265706985782955e+01 4.042519247421451922e+01 4.303579412452246800e+01 2.817677602886713473e+01 3.374463095018557368e+01 3.952687987999737373e+01 4.619683038238407846e+01 5.619359128181998386e+01 7.610664418452455493e+01 8.494401123106244711e+01 6.469253054319065654e+01 7.062384959784949956e+01 5.477468532299885595e+01 5.462614395081688912e+01 3.467001971175386643e+01 5.101281142060408058e+01 5.935901461443287985e+01 7.026433820743660874e+01 6.710060089316823451e+01 4.700343130459050656e+01 6.156433771036439850e+01 5.322640019783495546e+01 3.678136943364397382e+01 5.672467796007966712e+01 7.265442240866602219e+01 8.165269778793809508e+01 8.413994200621854702e+01 7.271232408338156006e+01
6.343274376862209629e-02 2.006343274376826713e+01 2.297188324226218370e+01 1.599935773853892229e+01 2.589993120882597921e+01 1.902526174879340104e+01 3.576074281345004380e+01 4.266775457535619154e+01 2.854969322856566905e+01 1.785264735899710331e+01 2.037764366079798606e+01 2.298373483540249040e+01 2.692950767542210855e+01 4.695627721370781416e+01 5.949901491787444030e+01 6.615011773317228005e+01 7.439562108730525836e+01 8.435064174912801604e+01 8.232261786631669054e+01 6.206010725012349383e+01 5.037394208979957000e+01 4.370989246365997616e+01 3.843552967110028362e+01 5.462638028050378125e+01 4.871813027508277116e+01 6.889024937548627747e+01 8.138231780717227082e+01 6.118492005341449413e+01 6.710060089316823451e+01 7.255372271285769159e+01 5.958255080474631171e+01 3.957745108902855691e+01 4.423606518097693652e+01 5.316202459558810034e+01 6.478447016528366476e+01 8.498397746044012990e+01 8.631179023460803990e+01
3.497053469895897854e-02 1.501441684912493413e+00 2.971870929100111969e+00 4.454369562422320072e+00 5.957661618427984251e+00 7.478233460967401491e+00 2.747822523194431810e+01 3.125441610502684497e+01 1.450231639799193495e+01 3.449285436504094093e+01 4.042463822251890804e+01 4.303579412452246800e+01 4.695629030844420981e+01 3.285188643481572512e+01 5.285522152230666393e+01 6.726157684425082550e+01 7.550442168466777559e+01 8.546805224468459983e+01 9.066814017272812976e+01 7.819344412570764291e+01 5.794268266992197169e+01 6.183962373796192225e+01 4.171117246003623080e+01 6.183958952374160845e+01 6.889024634763863730e+01 7.725242483130148230e+01 8.973578353450400868e+01 8.138231780717227082e+01 7.744422475369506742e+01 6.419117363137723942e+01 4.410265246064151512e+01 4.617444038087688085e+01 6.431067238135348418e+01 5.578189629639756220e+01 7.596119717659243520e+01 9.329005342059367933e+01 8.576239139698199665e+01
9.635555453094322986e-02 2.009635555453058942e+01 2.297081070134472469e+01 2.445440099387802491e+01 2.009979694547292439e+01 2.747781844900569581e+01 9.673518660761226684e+00 1.125465749084542999e+01 1.762424323810135007e+01 3.862626152139526425e+01 4.782278981853740163e+01 5.618696933909134117e+01 6.111431508141220803e+01 4.441105137561668670e+01 3.972237973708379144e+01 4.728550835702993282e+01 5.728664930778318620e+01 7.140836903632234112e+01 9.130686777250545560e+01 8.654545442297060731e+01 7.819344412570764291e+01 6.674318449997960556e+01 4.652528553654617127e+01 4.875798106493312645e+01 6.306172788908681071e+01 8.331649316671466465e+01 9.499290785656869218e+01 8.189873209282774269e+01 6.907837020877511236e+01 4.892794250638434761e+01 6.419117363137723942e+01 5.324029861024949639e+01 7.342186796390997472e+01 6.741675066583532328e+01 8.430504926371878582e+01 8.576239139698199665e+01 7.412563643688434922e+01
8.845047570523793812e-02 7.159518287570743489e+00 1.471880774775535450e+01 3.471880791246350384e+01 4.010001163122610279e+01 2.600344301970509164e+01 2.381631924891409113e+01 3.125464170407816411e+01 1.440200438763019619e+01 2.094190847814662249e+01 2.788930577638556585e+01 3.936254086375424777e+01 5.943647730964458731e+01 5.855376272824141637e+01 5.971143066952497946e+01 4.972649736432387613e+01 5.972567799946501310e+01 7.384109467886572986e+01 9.373005930731838475e+01 8.900777809315316347e+01 6.876804699239112040e+01 5.442002252821020392e+01 6.080919500666557553e+01 5.483068482173840152e+01 6.899421083336703475e+01 8.922435741652445529e+01 8.636391180630295139e+01 6.554561776038993060e+01 5.543169405476403711e+01 5.471204132219538252e+01 7.489424238756627972e+01 6.223847499740645617e+01 8.178674547572244080e+01 8.763312817156401024e+01 9.595625182101058215e+01 7.745901853107302770e+01 5.725827948294170255e+01
8.023991185656004221e-02 2.008023991185620361e+01 3.471880804775373974e+01 2.886094337222397854e+01 4.886094439396393341e+01 4.014554605681325228e+01 4.383513564650059635e+01 3.674875430263134035e+01 1.677105604787574578e+01 3.677028146101271489e+01 4.782278981853740163e+01 5.618684489376947511e+01 6.790143869503553731e+01 7.858268943477830248e+01 7.793502427793991671e+01 6.969684483874419811e+01 7.793675421154752314e+01 8.789436568316469334e+01 9.852648525183944628e+01 7.833425811173144382e+01 6.398494143272104395e+01 7.469612698241211035e+01 8.106910241371807047e+01 6.249879143995198660e+01 7.139634052486827898e+01 9.162339003111563329e+01 9.510173679695283511e+01 8.122181218423266102e+01 6.101149182555293038e+01 6.107415365930249607e+01 8.127649437692490153e+01 8.246942293102847543e+01 7.875737345413287471e+01 9.898614900530257898e+01 9.119290094529314672e+01 7.108116319509797165e+01 5.676786102120418320e+01
4.598823041778624804e-02 1.159299361421020080e+01 3.159299361420984553e+01 4.886094439396393341e+01 5.714525626127351643e+01 6.014509934362142474e+01 4.829168864000735084e+01 3.012573119842629765e+01 1.919333652539741664e+01 3.922872132851626503e+01 5.151947222359550693e+01 6.248134965484788950e+01 7.048942605079645318e+01 7.027585137322090247e+01 7.852812822570096785e+01 7.952328286282150316e+01 8.780991285488433107e+01 8.869869973693641896e+01 9.697248340026662561e+01 9.258885532210248925e+01 7.414142721110900425e+01 9.258885532210248925e+01 9.111275607984845237e+01 7.265873745736743672e+01 9.111275607984845237e+01 9.995192911152741999e+01 9.285308038733845137e+01 7.267955707290909118e+01 7.004315415139687673e+01 7.274383200491931234e+01 7.386018676974764219e+01 9.403817413927086477e+01 9.898614900530257898e+01 9.379377775576772081e+01 8.699299828928307932e+01 7.868085823781750321e+01 7.363767530407999118e+01
7.340434288523949025e-02 2.007340434288488495e+01 3.987726486167109385e+01 4.762251908441263737e+01 4.981031507923624702e+01 5.809458632669844036e+01 5.659158285167953295e+01 4.463485185540568523e+01 2.497471742722106569e+01 2.319093081266916201e+01 4.323766215466199725e+01 4.250387919840549245e+01 5.473821698005330916e+01 5.029306145895540681e+01 6.320931854641265346e+01 5.954305846471615382e+01 7.457224600718397767e+01 6.872087728408446594e+01 8.869869973693641896e+01 1.026780887738070618e+02 9.435542181651113935e+01 1.026780887738070618e+02 1.012055940019739211e+02 9.288084432750876829e+01 1.012055940019739211e+02 1.091917474020208942e+02 8.918104877041365341e+01 9.285308038733845137e+01 8.017593644083649451e+01 8.706172570866065996e+01 8.817288508118332402e+01 1.022520201024716471e+02 8.793996204369405234e+01 7.380168391794272509e+01 7.868085823781750321e+01 5.854251208427061925e+01 6.444089711076246374e+01
3.515918393995972474e-02 2.003515918393960504e+01 2.848038346068104332e+01 2.762251908441193038e+01 2.981031507923554003e+01 4.808921002848050108e+01 5.963621541227322354e+01 5.140886719777352454e+01 3.133889026616071405e+01 4.323784966219410109e+01 2.737837294360568663e+01 3.093018861560081945e+01 3.472418926407350170e+01 3.873639074823264394e+01 4.321846904610093532e+01 4.856847714378994141e+01 5.459574255696971079e+01 6.872087728408446594e+01 8.869869973693641896e+01 9.745081206431855492e+01 8.917028079655435135e+01 9.428977624129852586e+01 8.923443359649729700e+01 8.094095127350044550e+01 8.923443359649729700e+01 9.893252324119633556e+01 1.091917474020208942e+02 1.086200080956627261e+02 9.448000151660046697e+01 1.071050154086503170e+02 1.081982345305442692e+02 8.948676991964174476e+01 7.790260918106200450e+01 5.955004094637671130e+01 7.790131766986019102e+01 6.444089711073337412e+01 4.428432387744711463e+01
4.608085242692564615e-02 4.216369133568439231e+00 8.480383460680686269e+00 1.348038346068072890e+01 1.980493878101760075e+01 3.135194416481031965e+01 5.135194416481102309e+01 5.848984900253621788e+01 3.846179574016641567e+01 5.569503071384268367e+01 4.741564253568755305e+01 3.593699116392325266e+01 5.473868693882918279e+01 5.873926139699795357e+01 6.320938083303025934e+01 6.269789959920375111e+01 7.457224600718397767e+01 7.457224600718397767e+01 9.454913696897601483e+01 8.592192833170440736e+01 6.921092961554016654e+01 7.428209699786714282e+01 7.428209699786714282e+01 6.096438844660076484e+01 7.062550123149506476e+01 8.315160902466288917e+01 9.144681660619886543e+01 1.014597295025148895e+02 1.145004405147834632e+02 9.746253001350817158e+01 8.919163464158637566e+01 8.120412911901932773e+01 6.111148701173910780e+01 4.940213358017756917e+01 6.056920929170766499e+01 5.741310417185018622e+01 5.436838080928374950e+01
1.610643649003322755e-02 2.001610643648967880e+01 2.848038346068104332e+01 2.481031507923549739e+01 3.980493878101830774e+01 3.394707440474905269e+01 5.394707440474975613e+01 6.675761136908212734e+01 4.850467546473142733e+01 6.675761136908212734e+01 6.422426148508758104e+01 4.750040117652127236e+01 4.750040117652127236e+01 5.904570494928669433e+01 7.902303450991003331e+01 8.267515962744123215e+01 7.938367413500749592e+01 7.110824162844467367e+01 7.938367413500749592e+01 7.700460172320612173e+01 5.772286560922538001e+01 7.259356355491834734e+01 5.435032861482257971e+01 5.104329869893341254e+01 5.653274401922103465e+01 6.315771849290819517e+01 7.313893506885362683e+01 9.316428298047206624e+01 1.048495086159369265e+02 8.919163464158637566e+01 6.918555994525841868e+01 7.504520355888824668e+01 7.029021934623530399e+01 6.056920929369952944e+01 4.036410376520257870e+01 3.721995951513380874e+01 3.417083810363947549e+01
2.022278438842990689e-02 1.416235840811950553e+01 3.416235840812021252e+01 4.481031507923620438e+01 5.309458632669839773e+01 5.394707440474975613e+01 6.223134565221195658e+01 7.674047350086357255e+01 6.847502254034105817e+01 7.674047350086357255e+01 7.576201840391523490e+01 6.748911791039429886e+01 6.748911791039429886e+01 7.576201840391523490e+01 8.729456876369317797e+01 7.599195063208756551e+01 6.772426294317980933e+01 5.125162459132568671e+01 6.943749263450087028e+01 6.873558339417716923e+01 4.886530221429523380e+01 5.880981042027072192e+01 4.446259666001728306e+01 6.431621280634490745e+01 7.648697884741135056e+01 8.315160902466288917e+01 9.144681660619886543e+01 1.014597295025148895e+02 9.657525538749503369e+01 7.663158920492300297e+01 6.502963276941753179e+01 5.487151407167732486e+01 5.007044874886690877e+01 4.584744986576561132e+01 6.056738449431419014e+01 5.741173064356575395e+01 5.436926950684247828e+01
6.642187732006160639e-02 2.006642187731970495e+01 3.646514961038137415e+01 4.646514961037047442e+01 6.060728523408531032e+01 6.160068987136023111e+01 6.279854902546204443e+01 7.116127005014703855e+01 7.248738881396798206e+01 6.432287557216983487e+01 7.248738881396798206e+01 8.435829298173722179e+01 7.606149887861045045e+01 7.346622704182516372e+01 8.176114954806185153e+01 6.772426294317980933e+01 4.787864506452621782e+01 4.136685098293435203e+01 6.117993310946640406e+01 6.302311807853936187e+01 5.841635747684432545e+01 3.898558629868774972e+01 5.880981042027072192e+01 7.259356355492546697e+01 8.555148049769906038e+01 7.846000710227873753e+01 8.674823983906259173e+01 9.569267911982724684e+01 9.985318010482752982e+01 7.990725493634637644e+01 6.572378564659354083e+01 7.504520355888824668e+01 6.180240011038308978e+01 6.018440109173180019e+01 7.434970489300667396e+01 6.978228466970794841e+01 5.676037333460428158e+01
1.591255364720534082e-02 8.180878362924394409e+00 1.818087836292421855e+01 3.232301398665467218e+01 4.154194285253812780e+01 4.154194285253813490e+01 4.274649662917443038e+01 6.279854902546204443e+01 6.261280056917175330e+01 4.455783557668652861e+01 6.261280056917175330e+01 7.606149887861045045e+01 5.611443629455576598e+01 5.353130712344188424e+01 7.023636463814652586e+01 6.918128732642520617e+01 5.369129196433276974e+01 3.383914012620098077e+01 5.369129195949535216e+01 4.302322812969816113e+01 5.115896519832281086e+01 3.576795451072676002e+01 5.559063309431012101e+01 5.732910566925428952e+01 6.848259192567603293e+01 5.850517674907333543e+01 6.740787859953265126e+01 8.153870547917956912e+01 1.015550835625879813e+02 9.401840640231579016e+01 7.732011496145874219e+01 9.016555522978275405e+01 8.188593084195147753e+01 8.028832112920250097e+01 7.484005698012290964e+01 6.146691968207768042e+01 4.122333671366245511e+01
6.189296070378335485e-02 2.002732486287115776e+01 2.864097282829568059e+01 3.337204633409427146e+01 2.152986514734854140e+01 2.860095011236906615e+01 4.274649662917443038e+01 6.279854902546204443e+01 5.444035557442821016e+01 3.464017223420832892e+01 5.444035557442821016e+01 6.133213132715177807e+01 5.306704396130085399e+01 4.207870655778270930e+01 6.195679566067292399e+01 4.884166179491359117e+01 4.741885515492968040e+01 2.847504360132534984e+01 4.557815428429867666e+01 2.896332859280220973e+01 3.131760290425678406e+01 3.515033651911105750e+01 3.911662660167091587e+01 4.332790563237100656e+01 4.859870154415045107e+01 6.004622401031031842e+01 8.000688481373751415e+01 9.569267911982724684e+01 1.090687972890322186e+02 1.055385234117639897e+02 9.726373632266130187e+01 1.008609153499076996e+02 8.932313715439481427e+01 8.033407387182575121e+01 6.653456664498754947e+01 4.626397879535105062e+01 6.146691968207768042e+01
2.247884206357958492e-02 4.286493169175922269e+00 8.650850973901807350e+00 1.336489618207056829e+01 2.750776301809845492e+01 4.752967867194321627e+01 5.695388333966069183e+01 5.437893451351882845e+01 4.784029446102154992e+01 2.800612676123976641e+01 4.784029446102154992e+01 5.306704396130085399e+01 3.320458827041502303e+01 5.306613364204985572e+01 4.745049546258346851e+01 3.922348810441229716e+01 3.077271309113904607e+01 2.345933155937162340e+01 2.569771694162407272e+01 4.557815429275295571e+01 4.276774962613074393e+01 5.497403840504009764e+01 5.310758502043135820e+01 5.732910566925428952e+01 5.950852055657726680e+01 7.676280912285712077e+01 8.829554689887558538e+01 9.632609253241257363e+01 8.892081199804225378e+01 1.031498578441088512e+02 1.053848563997489123e+02 9.264576534429988897e+01 7.259924034961704820e+01 6.089721877551488660e+01 5.178632065099597526e+01 6.653456664498754947e+01 7.484005698012290964e+01
