LEM/with_lateral_4open/elevation_000197.asc
nrows	100
cellsize	150.0
xllcorner	0
ncols	100
yllcorner	0
NODATA_value	-9999
[rows 51 to 67 of 100, columns 37 to 73 of 100]
8.472483078830056513e+01 7.645147765220174563e+01 7.641341723656783813e+01 7.530747266885819613e+01 6.120875460136273460e+01 4.991184176597304401e+01 5.225636543366650244e+01 5.463239676510811904e+01 7.462722850516854578e+01 6.253524303859225597e+01 6.574617695755431157e+01 7.088807395063379602e+01 9.070592135515711618e+01 1.058275531303396235e+02 1.141081771273300376e+02 1.243065218955274815e+02 1.043011854528165117e+02 9.027764686082707613e+01 8.036740740521474891e+01 7.284912513757937802e+01 6.838908092603449518e+01 6.979816087219131759e+01 8.966521558523353974e+01 9.006175457425649711e+01 8.101269217373783249e+01 8.101269217374593268e+01 8.279922466992690033e+01 6.753034154507426479e+01 4.760314964162500218e+01 4.127393386129938335e+01 5.929212335684002966e+01 5.562299012329648207e+01 6.910105309453088296e+01 8.861301462950649466e+01 7.390773919391943991e+01 5.396738649039122748e+01 5.854040861126789252e+01
7.643758019762675815e+01 5.637498297668694391e+01 5.637191139026534614e+01 6.421192199009857404e+01 4.685941990995547712e+01 6.705363058329390924e+01 7.230333740089729133e+01 6.363595700407140754e+01 8.286677693046959803e+01 7.402712744144956503e+01 8.558852702168690030e+01 7.219976303368007109e+01 8.104968454888060592e+01 9.506199270459765671e+01 1.149691127506015533e+02 1.207314454732948121e+02 1.008434123382872940e+02 8.941901330380329682e+01 8.132753543918556716e+01 9.269859347762651680e+01 7.834196411087994250e+01 8.966521558523353974e+01 8.237184112169957473e+01 1.022153569386815803e+02 1.008934661260461212e+02 8.225847573272201885e+01 6.825645214998496613e+01 5.828934274243539448e+01 6.753034154507426479e+01 5.929226479339990163e+01 3.931444200382258458e+01 4.931398906997213771e+01 6.910105309453329880e+01 8.330417430649899302e+01 6.907149328752437611e+01 4.910932986203313533e+01 6.907149328752437611e+01
6.775766038920536971e+01 5.938691823313362761e+01 4.190854362189840998e+01 4.392963913027995204e+01 6.421191052204468974e+01 6.120875463368435732e+01 8.116447686989170052e+01 7.513174260000079130e+01 9.176081982566776674e+01 8.804149055196755569e+01 9.751756848114696652e+01 7.769078255819889023e+01 9.751756848114696652e+01 1.008926531721774893e+02 1.208228518817787887e+02 1.290111228409069497e+02 1.092490841891461315e+02 9.750668818887083944e+01 1.011588090615675668e+02 1.064478845349929514e+02 9.818420845410260256e+01 1.064551255686207867e+02 9.639076821246894156e+01 1.104847186175361031e+02 1.101802124837204531e+02 9.621934410822115069e+01 8.633296884559345585e+01 7.814207135234234158e+01 7.204018065488669720e+01 5.209822892849014409e+01 3.796380793539476173e+01 5.788551566817625371e+01 7.507782443787159821e+01 6.919553595809003355e+01 5.510664899794440430e+01 4.537054013204190284e+01 5.142838267837166200e+01
5.687101724324601548e+01 3.915596660217159553e+01 5.953654012098469650e+01 6.421192198964398301e+01 7.247675482113506007e+01 8.116447560996643062e+01 8.940680974868850228e+01 9.497707443040926023e+01 1.032331860896281626e+02 1.079117391960213439e+02 1.057815067022798274e+02 9.751756852882354565e+01 8.758038060854541129e+01 1.016158566344699778e+02 1.215510999872801676e+02 1.374594300150355934e+02 1.256832953068661993e+02 1.173874194511238471e+02 1.182862587171487547e+02 1.098833814063169001e+02 1.072418909904532001e+02 1.156493247259349744e+02 1.162771580367496966e+02 1.070885930034468316e+02 9.715979974966872135e+01 8.893165589783002645e+01 8.230594063319111342e+01 7.630487130145040453e+01 7.077793251700076382e+01 5.685940722124320956e+01 3.662669230621606431e+01 4.878788219111859092e+01 6.224866017690170139e+01 5.684965076859408128e+01 4.086887932927240286e+01 5.510664899794439009e+01 7.138037496200075793e+01
3.648220755887719235e+01 3.885629042589577153e+01 4.129075708958787061e+01 6.163980180208100279e+01 6.508824076140859916e+01 8.504688820095040569e+01 1.017713810740028180e+02 9.352588137755282105e+01 8.908493702230032341e+01 9.438387283938486405e+01 1.026302918914231128e+02 1.157359511827713874e+02 1.074547542279040186e+02 1.037951106923809590e+02 1.237382767727423385e+02 1.308045964601119806e+02 1.222382997668432125e+02 1.138429879731734786e+02 1.098833814063169001e+02 8.951572977858461400e+01 8.687190972507968922e+01 9.813215842849879778e+01 1.065491070684751520e+02 9.885738553145478136e+01 7.900592853265236215e+01 6.905451098416259015e+01 6.240264602377813219e+01 5.637721070525088152e+01 5.082937744555917448e+01 6.349374993165164227e+01 5.471291881474645891e+01 3.473141506329912431e+01 5.295961672615889881e+01 3.669149650954633302e+01 5.684987719450091248e+01 6.920541161560299770e+01 8.330417397682518299e+01
5.078384572226514848e+01 5.924164524678322863e+01 6.163980180208130832e+01 4.483324808451618537e+01 6.508824076141814885e+01 7.695544285471986257e+01 9.030523784761702188e+01 7.368518085168186360e+01 6.924609621101595280e+01 7.455707049734935765e+01 9.438387283938486405e+01 1.102876950768020521e+02 1.185539299680262246e+02 1.237382767727423385e+02 1.278587779222012983e+02 1.176885431854931028e+02 1.020571144053003820e+02 9.342925614203417695e+01 1.098833814063169001e+02 8.951572977858461400e+01 7.529901144162754179e+01 7.790758126124725891e+01 9.485617143521757555e+01 1.070883160429969934e+02 9.715979974966872135e+01 8.893165589783002645e+01 7.807619440693089530e+01 5.815566598660423381e+01 5.059750154216452955e+01 4.352326177582780531e+01 3.981199662944096929e+01 5.294028304826219511e+01 3.290101662264826388e+01 3.468137574585071548e+01 6.364402773409307201e+01 7.845430656444125361e+01 8.666686171360315427e+01
6.804275703483169480e+01 7.798632880125931877e+01 6.508824076141816306e+01 6.508824076141814885e+01 4.855984808339101733e+01 6.870672704160514854e+01 7.655474484451968920e+01 6.218225630557464712e+01 7.215143126324329614e+01 9.199026391281778103e+01 8.341180424549050088e+01 9.041168067988994039e+01 1.018710203562847312e+02 1.217850865604191739e+02 1.194752013698979027e+02 9.909335025830468169e+01 8.884278500564161618e+01 8.166721073881770110e+01 9.435045464068824117e+01 8.971639129300342574e+01 8.545431636127374020e+01 6.663217316962102643e+01 8.645548752091369238e+01 9.132604029309550242e+01 9.972222539906914562e+01 9.213115248482590403e+01 7.225444015248154983e+01 7.807619440693089530e+01 5.983849725438888356e+01 6.349374993165164227e+01 5.978416453739290404e+01 5.181755619810797242e+01 3.164553088461465791e+01 5.182224009902932238e+01 6.414601148339706072e+01 5.854991163323009573e+01 7.845412027811764233e+01
6.067005573329196721e+01 8.092689820403602141e+01 8.504688820118835224e+01 7.356413069475179611e+01 5.353651523741680052e+01 5.304237629142578214e+01 5.658867236677977530e+01 7.655474484451968920e+01 9.030523784761810191e+01 9.199026391281778103e+01 1.032604627952930514e+02 1.102876950768020521e+02 1.185539299680529979e+02 1.300634350851665317e+02 1.278588217290492395e+02 1.176885431854931028e+02 1.092842726616685383e+02 9.435045464068824117e+01 7.415105002260297340e+01 6.972549172567994447e+01 6.568105182458735669e+01 6.190947511730045250e+01 7.722472945232632924e+01 7.138378155068369324e+01 9.132604111114802947e+01 1.003612774364399485e+02 9.213115248482590403e+01 8.799131234134905810e+01 7.975775922641282989e+01 7.626591509337004027e+01 5.737057503227591582e+01 3.733225285308299135e+01 3.043561655201031257e+01 5.069147196903981012e+01 4.455796572569756364e+01 5.854990854246723586e+01 7.845349253277392165e+01
7.500009428323380689e+01 8.934924274218620610e+01 8.979804009130893405e+01 6.991564281523992008e+01 5.938845266392931421e+01 7.307909774895310306e+01 6.381706511206297705e+01 7.073722142388301393e+01 8.220741324192690058e+01 1.020632771697861472e+02 1.201357446263054243e+02 1.188974680736408658e+02 1.188974680736408658e+02 1.272025539148815199e+02 1.306212177959606890e+02 1.197162207564054057e+02 1.113163312402710829e+02 1.027764568086489305e+02 9.435034656579261991e+01 8.971639129300342574e+01 8.545431698788847541e+01 7.722473357573039721e+01 5.776588163344782600e+01 7.722473357573039721e+01 9.426731113701893605e+01 1.030119295538436290e+02 9.464195650226902501e+01 9.204248333264246185e+01 7.217565171153660231e+01 5.807908181384668467e+01 4.808018295475259407e+01 4.957862798036271812e+01 2.925293334713727234e+01 3.436267375613984143e+01 5.437784432155607561e+01 6.285709843103568062e+01 7.114477505899316157e+01
9.212782098553665833e+01 1.036983912011386479e+02 9.804125763353115985e+01 8.530619620495318145e+01 6.544231120634668741e+01 8.530619620495318145e+01 7.789912957028317919e+01 7.789912957028317919e+01 9.775568966224822987e+01 1.103190348292402945e+02 1.130420814627413364e+02 9.888160901060109609e+01 9.888160901060109609e+01 1.188974680736408658e+02 1.220551266421845753e+02 1.018863863400840586e+02 9.095724388924887194e+01 9.469320602735250247e+01 8.930363256531744298e+01 8.431617901701297058e+01 7.966515106612592945e+01 7.447283630858528625e+01 5.503124837945454573e+01 6.611520625615477798e+01 8.588957139450489819e+01 9.148032162784942045e+01 7.476537422132371091e+01 9.148032162784942045e+01 8.621262449916480364e+01 7.626591509337004027e+01 6.404141435174669539e+01 4.396261266431683623e+01 4.329670864633213512e+01 2.763285933862431420e+01 4.646570944117036817e+01 4.278466834617593406e+01 5.916391842059177009e+01
8.390512995504921889e+01 1.005899312748887553e+02 9.934054946123585239e+01 7.949297674706576800e+01 7.692029065018418521e+01 9.354276940032067955e+01 9.775568966224822987e+01 9.775568966224822987e+01 1.060066262556101719e+02 1.097167595849707880e+02 1.047441183988911888e+02 8.473964062224942495e+01 1.006797109804439287e+02 1.089760752587330472e+02 1.136600162854004594e+02 9.326749103059816548e+01 8.154100003036390376e+01 7.452726867156795265e+01 6.935381837209952494e+01 6.458353859565056609e+01 6.009587346488982007e+01 5.579528783292358440e+01 5.238788430354319559e+01 7.185133222260770935e+01 8.094655396877205078e+01 7.271330983080510180e+01 6.361062759390524235e+01 8.316620637179549647e+01 9.601049816448887952e+01 8.760109654877884111e+01 7.232971829760212756e+01 6.373365834684546627e+01 5.548514315760595395e+01 4.610430899354560097e+01 2.610921530476747421e+01 4.494846915988453873e+01 3.905838750848916163e+01
7.252428737221546839e+01 9.236541535376656498e+01 1.075925620535753922e+02 9.934054946123585239e+01 9.676155622650452415e+01 1.050105833899660155e+02 1.131753610494448452e+02 1.048768615595192131e+02 1.097167595849707880e+02 8.970670850907053762e+01 9.337862129730913807e+01 7.807357662012302058e+01 8.067610162571345711e+01 9.742265940288038450e+01 1.063711321783138573e+02 1.103026236172577512e+02 1.018863863400840444e+02 9.469320602735250247e+01 8.561753991151299203e+01 6.582230295352850646e+01 6.007638827520075608e+01 5.452554750506354253e+01 4.976532837169069268e+01 6.645758863189227839e+01 6.453883480371605685e+01 5.331530294116471680e+01 7.133347828507666577e+01 7.882230687195865926e+01 8.282758360219169447e+01 6.734060237855206310e+01 7.105847233088252324e+01 7.374854379466846410e+01 5.345996551532169150e+01 3.909858921493492545e+01 4.494846639057762161e+01 2.465579740165151534e+01 4.343853554994917943e+01
7.361752355928761915e+01 8.764535342111999228e+01 1.074942572584714924e+02 1.084169322183686432e+02 1.001205423475524157e+02 1.084169322183686432e+02 1.016197691188214947e+02 8.487005714359494846e+01 9.592222757092528695e+01 9.272429232270442867e+01 7.337651736739904607e+01 8.280550723834934956e+01 6.912885346483012938e+01 7.807357662012302058e+01 9.221502117944828569e+01 1.122255150526136589e+02 1.074404273848552407e+02 8.709450850796730492e+01 7.554137417865239001e+01 8.561753991151299203e+01 7.034854618690440020e+01 7.395205632527560624e+01 6.064234940420504216e+01 4.689042949511655678e+01 4.493150058705079175e+01 6.124224267409871914e+01 6.685935136852174310e+01 5.350538323922938133e+01 5.954226485110369538e+01 7.105847233088252324e+01 5.091764564038413710e+01 7.105847233088252324e+01 6.784749575412477895e+01 5.943544516380478626e+01 5.250782069550295006e+01 4.294606876473454804e+01 2.321447412767799179e+01
9.345896275567505995e+01 1.016838009100410147e+02 1.106326581342354842e+02 9.841112063323788561e+01 8.011622332588513018e+01 9.841112063323788561e+01 9.332592764436117250e+01 7.332235051948134696e+01 7.591765267400153050e+01 8.443340848125018283e+01 6.442924876692205771e+01 6.280063259253494579e+01 7.435141333088758131e+01 9.435401428173344129e+01 1.063711321783138573e+02 1.156554666622175915e+02 1.158462187167378090e+02 1.041083821760949490e+02 8.709450850796730492e+01 9.862460717840659186e+01 9.024116764144736180e+01 8.780864863592692870e+01 7.451523601210222125e+01 5.816957977048086548e+01 6.197506015419296688e+01 4.231857660317849934e+01 5.775508917079420002e+01 3.756198602657379837e+01 5.547057404854655971e+01 5.397589194815477498e+01 4.335466872654150450e+01 6.344590523628831846e+01 6.364380310859441181e+01 5.435551329805039700e+01 4.445050079472483873e+01 2.477321976625888666e+01 2.784899149090566084e+01
1.065995414837405804e+02 1.106326581342354842e+02 9.062035829272235787e+01 9.011838283671883687e+01 7.011503383688207691e+01 8.011670833680037163e+01 8.840694320586464983e+01 8.177685700655629830e+01 6.177139990174403295e+01 7.283014460509419052e+01 5.735372842063022603e+01 7.150177942526542552e+01 8.280550723826877402e+01 1.026480084982808165e+02 1.097979020742755978e+02 9.563491019392048997e+01 1.097979020742755978e+02 1.158462187167378090e+02 1.074404273848552407e+02 1.006582272788136265e+02 9.226099943049284491e+01 8.558423053428749938e+01 8.603066769949786874e+01 7.776092619588445132e+01 7.019391106069114983e+01 5.945258244591268237e+01 3.974920177600800031e+01 5.147098659292541356e+01 3.541730945055370938e+01 3.392419619020659383e+01 5.188092788978873671e+01 5.050640640642959056e+01 4.324057418961457699e+01 4.605454507216209237e+01 2.628535272468720407e+01 4.418662052651366423e+01 3.906871430065061901e+01
8.659456895666686194e+01 1.007469786644254839e+02 9.429268373713964024e+01 7.428866755483291229e+01 8.011670833680037163e+01 6.011329986896178212e+01 8.011670833680037163e+01 8.697590970472830918e+01 6.697077685064054720e+01 5.283458118726134245e+01 7.283014460509419052e+01 8.565053143375887146e+01 9.979928323360852005e+01 1.111109242587766488e+02 1.008460879443314724e+02 8.148978023317332031e+01 1.008460879443314724e+02 1.167702597921422409e+02 9.643616410773847747e+01 8.213011601658153893e+01 7.223069274187676569e+01 6.578594252342141147e+01 7.713773111330289112e+01 7.253171407019370065e+01 6.368594376389064138e+01 4.405638690463192830e+01 5.945255989978283395e+01 5.444517859564956552e+01 5.547057404854231066e+01 5.192398696189461305e+01 3.187670250075553469e+01 3.047651467102696898e+01 2.911546337737541990e+01 2.780122020655753090e+01 4.605454492470434502e+01 5.435521909281490593e+01 5.821951613446675111e+01
7.247406876796979702e+01 9.180629952907402469e+01 9.316655664068565557e+01 8.164103303974856374e+01 6.163762706979766648e+01 5.457942255308053348e+01 6.854174871255658275e+01 7.465498571942517003e+01 6.636867875851166332e+01 5.014074396576640424e+01 6.425026472678415246e+01 8.425355594208508592e+01 9.979450432988294040e+01 9.149904287963488514e+01 9.149904287961577154e+01 7.254623173070376652e+01 9.255049179608306531e+01 1.097199747268988119e+02 1.107915878111913486e+02 1.006582272788136265e+02 9.226099943049284491e+01 7.714280170312403584e+01 5.759568269535231622e+01 5.302103729942343335e+01 4.861831835477045871e+01 5.792631575906496977e+01 7.191458605000559601e+01 7.311559049878981398e+01 5.872075908050922521e+01 4.453384993773176603e+01 5.170316772903539260e+01 5.043539629696147131e+01 3.083691321520818107e+01 4.732222269842766593e+01 3.696515517315152977e+01 5.655121296285619081e+01 7.368485834687936631e+01
