LEM/with_lateral_4open/elevation_000480.asc
nrows	100
cellsize	150.0
xllcorner	0
ncols	100
yllcorner	0
NODATA_value	-9999
[rows 34 to 50 of 100, columns 0 to 36 of 100]
2.064481644892168788e-02 1.415701693529990379e+01 3.404597586336989679e+01 3.309376686587863503e+01 1.312237179266051434e+01 3.311609331879323292e+01 4.067161497564752182e+01 3.478868818573074151e+01 1.490257230403355493e+01 3.047579714611960711e+01 3.174541542522128523e+01 2.440984643223472972e+01 3.546230825260849429e+01 3.810272401061674685e+01 2.209476707542122398e+01 2.551994501773471313e+01 4.526894316631223347e+01 5.877048028446112937e+01 7.031762431369213573e+01 7.810874102587978030e+01 6.979796026923015972e+01 5.570477830949107556e+01 6.090767579065899895e+01 8.093917435073772992e+01 8.087940789443719325e+01 6.266543909906052079e+01 6.418336210449287194e+01 8.402454612423932190e+01 9.422131044024108348e+01 1.043142412633121410e+02 1.129903830017418045e+02 1.046859534400345666e+02 1.046859534400345666e+02 9.404454219619238131e+01 7.392109223934203044e+01 6.228344125799870312e+01 5.405298389892283240e+01
2.905961989428186565e-02 1.157523721264101191e+01 3.153321814349653707e+01 3.795606531711088394e+01 1.797308417441134765e+01 3.796251215912684529e+01 4.908010635594553861e+01 2.893778191679159306e+01 3.480162052006197371e+01 1.975107078874507138e+01 3.971671913976177848e+01 4.326729591141510411e+01 5.136388007703219927e+01 4.630217352676690012e+01 2.638307060653473002e+01 4.527786972232549090e+01 3.071793207814779691e+01 4.206716222047359821e+01 6.202090494079550353e+01 7.612193237357953990e+01 8.404533578919065917e+01 6.726265409174115462e+01 8.093917435073772992e+01 8.925885342844367187e+01 9.084095820675780431e+01 7.658595261612545357e+01 7.553502029234407189e+01 9.239797563404350456e+01 1.059510537861226140e+02 9.774920614808672781e+01 1.059510537861226140e+02 1.008147566192198639e+02 1.029901713710185618e+02 1.023751680956978589e+02 9.075884027061145787e+01 7.420299042709876858e+01 6.413349402252360676e+01
3.542675937824442400e-02 2.003542675937788786e+01 3.969762516692786392e+01 4.330069875715654604e+01 2.331830711132958456e+01 4.330069875715654604e+01 5.748572205858934581e+01 4.908209601690738566e+01 4.803096370575863716e+01 3.971671912635196833e+01 2.492065479618013413e+01 3.910359604522677301e+01 5.918743193020031157e+01 5.102064428248036876e+01 3.086785133140552162e+01 5.102064428248036876e+01 5.050060620987712667e+01 3.658375108686490762e+01 4.797766204967767578e+01 6.785366917917730234e+01 8.297646428294980581e+01 8.729796760522131649e+01 9.562367346399415169e+01 9.263507604675832852e+01 1.009056177315776637e+02 9.668568277532432376e+01 9.562145407669248698e+01 1.040316939308841171e+02 9.600421117217345568e+01 7.781713433124762958e+01 9.136275724155524358e+01 8.076403805206669517e+01 8.296141166731648298e+01 1.029901713710185618e+02 1.026628852470429365e+02 9.260484237157326959e+01 7.837697339626836879e+01
3.411803931810562102e-02 1.417517375529852863e+01 3.414260566492075810e+01 4.742384013084462424e+01 3.745664843163003610e+01 3.274597328661199214e+01 4.687493152236670113e+01 6.676882309001818783e+01 6.052279985909810733e+01 4.044397914998852173e+01 2.881783685928400374e+01 4.305121978115445813e+01 6.312361187841489851e+01 5.872817648594294582e+01 4.905000074095410412e+01 3.836621581155605298e+01 5.889510208521128476e+01 5.040836204681406230e+01 4.351261701789685077e+01 5.489865577750682490e+01 7.470603873875494116e+01 9.361946917815006941e+01 8.936209178695017386e+01 7.262986933401445810e+01 8.936209178695017386e+01 9.851552242790965863e+01 9.028110140290246477e+01 9.851552242790965863e+01 8.777656050612213789e+01 6.774470328235507566e+01 7.124025963650814219e+01 6.647837042872876623e+01 8.076403805206669517e+01 1.008147566192198639e+02 1.024832560643176009e+02 1.046579681382223441e+02 9.850551532458274551e+01
3.327314952832965272e-02 7.592562609712906863e+00 1.913956799350562576e+01 3.913956799639498740e+01 5.740948431223337423e+01 4.687493152236665850e+01 4.687493152236670824e+01 6.676882309001818783e+01 6.882859131464036295e+01 5.342757293088594395e+01 3.331441707014000997e+01 4.755423671908073402e+01 6.760706086980327711e+01 6.634510655697351922e+01 4.775518727777021866e+01 5.436665372457972722e+01 6.855431852456733566e+01 6.962288255925884073e+01 5.220204369238746267e+01 5.405238635322117347e+01 6.546072502300714291e+01 8.532272349656815891e+01 8.108506456596167311e+01 6.092767573256274005e+01 8.108506456596167311e+01 8.854390800012906482e+01 7.031153770286448434e+01 8.854390800012906482e+01 8.857599267402717658e+01 7.066045789741806971e+01 5.692326958516257207e+01 7.713400273061631651e+01 9.489631160465462756e+01 9.664615275710454512e+01 8.258081001118945608e+01 8.475847679949593783e+01 1.046579681382223441e+02
6.779948344387334846e-02 2.006779948344351894e+01 2.392249422827536876e+01 3.806462985205694594e+01 5.806462987643291029e+01 6.676882308849449998e+01 6.676882309001818783e+01 7.495734262164492634e+01 7.316286845327230992e+01 5.312749623062541104e+01 3.891837084754327236e+01 4.974812609480840564e+01 6.979919835021667041e+01 7.364619885085173223e+01 5.505733073790155174e+01 7.362499274768417479e+01 8.627051143920186860e+01 6.996404362163985979e+01 6.585082485684040421e+01 6.803272276470084989e+01 8.212371001520358504e+01 8.766546559868929478e+01 6.756632900370235006e+01 5.374500177633751719e+01 7.395835139840646377e+01 8.029631955288346035e+01 6.023250963051039264e+01 8.029631955288346035e+01 8.877705922461531429e+01 7.270942698507913349e+01 5.254380121912234358e+01 7.270942698507913349e+01 8.772886689735885568e+01 7.948242899186908517e+01 6.844721889349560229e+01 8.258081001118945608e+01 1.024832560643176009e+02
9.516927588586144779e-03 1.415165255131966227e+01 3.415165255132036748e+01 4.059351484144876565e+01 4.888059308222594268e+01 5.005899591652593017e+01 4.746324027426098269e+01 5.575276062340510208e+01 6.730450297956089400e+01 6.533318954009175172e+01 4.529104319409329804e+01 6.533318954009175172e+01 7.810378258857990375e+01 8.182984317842577582e+01 6.818109056833600334e+01 8.182990252291965305e+01 9.167816844885265937e+01 8.834668876628671796e+01 8.548151467991345953e+01 8.791256358211994382e+01 9.014010199516135913e+01 8.197096773110411050e+01 6.756632900370235006e+01 4.743405879390491720e+01 6.756632900370235006e+01 7.360838291209245199e+01 5.342642104007668991e+01 7.360838291209245199e+01 8.064781050986451305e+01 6.025865340388749303e+01 4.839546341658629558e+01 6.752437436212476030e+01 7.215860103441404760e+01 5.942530009394366175e+01 7.948242899186908517e+01 9.664615275710454512e+01 9.732270311650053429e+01
1.945935296826603253e-02 2.001945935296791035e+01 2.592246213938089738e+01 2.059263163150131604e+01 3.237948836662326357e+01 3.005669547064672287e+01 2.746150604357328717e+01 3.900862856688229385e+01 5.901245464567366383e+01 7.362881049331356564e+01 6.533318954009175172e+01 5.797245276013329374e+01 7.213068965788934861e+01 9.215274922088929088e+01 8.728376914485103555e+01 8.593994777996763901e+01 7.228361128366290700e+01 8.593994777996763901e+01 8.815968351608712794e+01 7.990134444477159548e+01 7.865588727354507625e+01 6.200963583064273621e+01 6.236819918744276237e+01 4.236760986640600635e+01 6.236819918744276237e+01 6.778235235230089017e+01 4.748080056531001958e+01 6.778235235230089017e+01 6.901893874080334967e+01 6.491529112959139525e+01 4.453666717674897768e+01 4.721015456943131028e+01 5.195846139005001874e+01 7.215860103441404760e+01 8.772886689735885568e+01 9.172661900258438550e+01 8.926099836041643698e+01
5.600688922766024203e-02 2.973306719185557778e+00 5.922145842283512707e+00 9.045621080055660457e+00 1.237895441338902280e+01 1.591448831932179075e+01 3.591523363191409146e+01 4.724125752732640393e+01 5.356754680570813321e+01 6.064723064212724779e+01 6.898340076461758485e+01 7.798734006133153684e+01 8.627448640866158769e+01 9.278209480076807836e+01 8.154970040986853519e+01 7.353904694781427054e+01 5.822340184492750836e+01 7.717520637722682864e+01 7.660340488641296020e+01 5.985269754795559294e+01 6.970410608822763265e+01 5.034786961240521208e+01 5.765401507523197466e+01 3.772968498111960400e+01 5.765401507523198177e+01 6.254051422075534816e+01 4.217345340318190239e+01 5.555568359895605113e+01 4.874952023496066289e+01 5.736214732681044381e+01 4.083953749539635680e+01 6.125527393931781006e+01 7.215860103441404760e+01 7.383012542459489680e+01 7.192573726328905082e+01 7.192573726328905082e+01 8.267310314088014422e+01
8.215197286175310309e-02 2.008215197286139642e+01 1.746906282986379821e+01 2.903819528682488027e+01 2.652113872385243454e+01 3.005669547064672287e+01 2.223904364654683974e+01 2.723904367206391441e+01 3.356359939236187273e+01 4.063467221178478894e+01 5.218222269898335952e+01 6.633381005905634709e+01 8.646757867373123929e+01 8.483469066338670928e+01 6.527013792550498295e+01 5.368828375240509132e+01 4.917381986276295436e+01 6.913581658491737869e+01 6.760828158046000169e+01 4.815832740553837255e+01 6.145800170905172166e+01 4.122800192606384684e+01 5.134300181755777714e+01 3.336713767386169138e+01 4.729972028883170765e+01 5.559108470538534164e+01 5.555198754004759110e+01 3.520284078195272315e+01 3.434588698306268384e+01 3.697584687952818427e+01 5.736214732679374606e+01 6.956421319668000081e+01 6.791180807290113819e+01 5.381069054501931959e+01 5.189114502979158061e+01 6.422320926508818673e+01 6.657837083926263233e+01
2.613274238814250472e-02 2.001833392093652009e+01 3.744917900234248975e+01 4.567570977920640729e+01 4.652279552732423440e+01 5.005899591652613623e+01 3.378608013190810055e+01 4.724125752732616945e+01 4.356965642968188490e+01 6.064723064212777359e+01 6.898341680633154738e+01 7.604367001071591403e+01 8.445015170270576732e+01 8.389418684892403633e+01 7.280116511807928248e+01 6.207818496078784420e+01 4.194289290687129323e+01 6.207818496078784420e+01 5.930688234956591742e+01 3.902061855727367146e+01 4.916375045341978023e+01 5.134296567557289848e+01 3.096474147767925444e+01 4.266381071756373444e+01 2.723629328612721423e+01 4.556606075778663012e+01 4.785390791739752814e+01 3.070608105997683879e+01 5.100403652868644855e+01 5.093793413570546136e+01 5.952719026417297954e+01 6.478066410071737380e+01 5.658175004487776505e+01 3.939628774239199061e+01 4.167549279262095041e+01 4.404352865212864998e+01 4.645586152868690988e+01
7.532853315450405152e-02 2.007532853315261789e+01 2.962576818276705737e+01 3.565599507432273185e+01 4.232266174098951694e+01 5.060693299068983464e+01 5.378938710542381330e+01 6.208305490486495870e+01 6.357800895089841475e+01 7.187894904817163422e+01 7.275560412964897239e+01 5.583211000485415809e+01 7.275502103764489448e+01 7.606012558158425918e+01 5.641359752923597171e+01 4.471106395856877924e+01 3.691653792634905784e+01 5.146187814423452522e+01 5.965801135112688769e+01 4.916373132046677341e+01 2.873752580252586952e+01 4.045514112522217687e+01 4.096225098800906039e+01 2.214160171612223849e+01 2.308726522747505427e+01 2.530979661058718122e+01 2.754170883320782792e+01 4.785310569265030267e+01 4.921680010457749432e+01 3.041870591418803471e+01 5.082869794089009474e+01 5.351406277080435814e+01 3.625343241300588915e+01 5.658175005233348998e+01 6.190844114654033348e+01 6.422320926508818673e+01 6.657837083926277444e+01
6.101047412966256744e-02 4.775055682039998750e+00 9.625768182766700320e+00 1.565599507432202664e+01 2.232266174098880995e+01 3.232266174098916167e+01 4.646479736472061006e+01 6.646479736472633704e+01 7.098994777333918194e+01 7.923936858865440058e+01 6.437128298848202235e+01 4.412734937057074802e+01 6.437128298848202235e+01 7.617832393871815100e+01 6.476011539260414906e+01 6.308228074734120128e+01 4.295514950007764554e+01 3.089458514683421697e+01 4.632195665477663482e+01 4.659512521755836900e+01 3.911104575662123040e+01 1.990598627450518521e+01 2.082652855927055313e+01 4.136600473954769086e+01 4.359508998709691951e+01 2.461889793912704505e+01 4.507390527261367197e+01 2.770840374709050380e+01 2.880476260301958291e+01 4.886110501966265218e+01 3.203985237963595978e+01 3.318960253299524510e+01 5.355142312475092581e+01 6.373545874708739944e+01 6.894444686115305387e+01 7.276252458493979702e+01 8.120942652132634976e+01
6.842009524227352091e-02 2.006842009524191894e+01 2.962576818276705737e+01 2.595569980132151144e+01 4.232266174098951694e+01 5.060693299069010465e+01 6.060693299316240967e+01 6.804074275686521389e+01 5.180844947193985917e+01 6.804074275686521389e+01 5.721107482529023258e+01 3.694540419666184050e+01 4.713311898559846469e+01 6.766104687105480764e+01 8.429922860480270685e+01 7.118163797415452620e+01 5.965823851236181952e+01 4.632195836855623838e+01 2.529524382978402031e+01 2.169744638038267226e+01 1.863619872711194603e+01 3.918317556657038381e+01 2.154707115048918453e+01 3.598172500382406014e+01 5.268781711969882053e+01 4.099036780326359519e+01 2.615391352626683386e+01 4.660038215102612469e+01 4.921682300445569069e+01 3.450267205132563220e+01 5.240955474097584954e+01 5.355142311035536551e+01 3.512953935206876821e+01 5.547377281112738956e+01 5.113663810073414595e+01 5.302866362379143084e+01 7.304526872072376875e+01
1.934550753332892059e-02 1.416148113126415353e+01 3.416148113126344299e+01 4.595569980132744092e+01 5.423997105966542165e+01 5.729833680492875914e+01 5.789811648683250667e+01 4.991478743799938655e+01 4.120587600886617707e+01 5.991550456556736037e+01 5.080218710631519485e+01 3.055884493311312866e+01 5.080218710631519485e+01 6.098708470348599775e+01 7.107967519780957844e+01 6.795787997389980717e+01 5.959801283468566169e+01 5.456185427189117831e+01 4.180267469324095941e+01 2.365049520719895071e+01 1.777930354207210684e+01 3.836001809286915432e+01 5.442013107038717834e+01 4.975898528914394348e+01 5.965559260366441663e+01 5.260506366975607762e+01 3.236913127517036060e+01 5.296552359115957387e+01 5.888133952166255369e+01 3.861553376816591765e+01 5.890709500087710637e+01 6.373521439217560669e+01 5.547369755880016129e+01 3.709532228083735816e+01 3.850694065333495786e+01 5.880805987544933089e+01 5.714953653518379895e+01
4.364784840791047227e-02 1.004364784840799807e+01 2.159065323220071875e+01 4.159065323222991140e+01 5.729833680492817649e+01 3.859327203823417562e+01 4.202571537689211567e+01 3.141327347509925616e+01 4.991478743799938655e+01 5.921798232305060594e+01 4.573683392792074187e+01 2.557481923190528761e+01 3.244479888620758601e+01 4.253818079014297382e+01 6.274497355578046864e+01 5.960280147842988896e+01 3.929584936145647589e+01 4.523586909246972709e+01 4.433249069721956914e+01 3.607170675087090217e+01 1.693032375206106366e+01 3.146848880741637444e+01 5.202396266934604796e+01 6.956205578877326445e+01 6.821396676001475612e+01 4.731052156079014281e+01 4.696535938958246703e+01 5.296597737258991856e+01 6.321721048794259445e+01 4.300097704925855879e+01 6.321721048794251629e+01 7.160009381359483882e+01 5.154027956355530904e+01 5.741565973771938758e+01 5.880805987544907509e+01 4.055120218102408813e+01 6.081441752513632792e+01
5.219006137575642884e-02 1.419432568510683090e+01 3.419432568510753612e+01 4.987492450257034449e+01 5.541729125773207443e+01 3.657947753182981643e+01 2.332314825779354450e+01 4.202571537689211567e+01 5.329435024488318362e+01 3.905461425686220878e+01 4.098085271232953630e+01 2.084792540481944556e+01 3.506586028531859256e+01 5.526090765095351287e+01 7.107770530306768819e+01 5.958883114052902386e+01 3.929556663198535205e+01 2.479159274350845266e+01 3.501322177073426900e+01 1.574617334976411165e+01 3.577566927198635938e+01 3.369753408602798572e+01 4.816833488812903852e+01 6.870862583662831469e+01 7.784169442993302823e+01 6.924521532624740416e+01 6.772001721053533174e+01 7.348444538415367333e+01 6.783511160616072289e+01 4.770614730058420605e+01 6.783511160616072289e+01 7.979216377610340771e+01 7.160009961404436751e+01 6.815407186326791589e+01 4.805357146607826024e+01 6.081316265796482412e+01 4.271267921010269220e+01
