LEM/with_lateral_4open/elevation_000326.asc
nrows	100
cellsize	150.0
xllcorner	0
ncols	100
yllcorner	0
NODATA_value	-9999
[rows 68 to 84 of 100, columns 0 to 36 of 100]
5.009162696260269221e-02 2.005009162696224578e+01 2.706404040031995706e+01 2.269352868875163054e+01 3.561865925995773807e+01 3.194859087851326152e+01 4.096388409820774257e+01 5.741312115494734059e+01 6.741312115494868351e+01 7.911134392393444159e+01 7.088928823269542079e+01 7.911134392393444159e+01 7.529131610624081361e+01 8.111754231904325252e+01 8.191226264593312578e+01 9.015810497298177495e+01 9.263118960933667267e+01 8.271346295516715941e+01 6.868520208092397183e+01 8.271346295516715941e+01 7.409147094928950139e+01 6.041227145698370293e+01 4.066326015109387271e+01 3.894496443112822703e+01 4.302903522229882327e+01 4.850639712689942229e+01 5.418991437736548278e+01 6.041798992872571006e+01 6.740353751802014415e+01 7.732571277336678861e+01 9.721298677097971108e+01 1.117640427508758023e+02 1.035333178731919048e+02 1.004928059947682044e+02 9.248630430591930462e+01 9.243894336879914420e+01 7.212605048600741497e+01
4.695337527364121244e-02 3.528506494387591008e+00 7.064040400320314106e+00 1.114652330495890986e+01 1.561865925995845039e+01 2.096388409820703203e+01 2.912884990748443670e+01 3.912884990748478486e+01 5.912884990748548830e+01 6.915160546706577804e+01 5.094094951714949815e+01 6.915160546706577804e+01 7.836212598704150878e+01 8.517329505238927823e+01 7.695611478162626895e+01 8.517329505238927823e+01 8.195874713226896802e+01 9.017016501045915788e+01 8.852213542252320622e+01 7.988169039681871197e+01 6.008978021229822275e+01 4.614837632271709111e+01 6.041227145698370293e+01 5.870654817188520269e+01 4.390051973495128124e+01 6.364189098419650747e+01 7.397564429331266922e+01 8.024572449765992133e+01 8.726934977217314326e+01 9.551079060237249507e+01 1.054565399203990381e+02 1.128095434791206060e+02 1.012220819554473081e+02 9.102948841427487991e+01 7.417225736750364717e+01 7.862398635939463531e+01 7.411221544470014067e+01
7.614146464036156137e-02 2.007614146464000626e+01 2.706404040032067115e+01 1.971315104099405247e+01 3.561865925995915205e+01 4.096388409820773546e+01 3.510601972193848042e+01 5.510601972193918385e+01 6.741312115494868351e+01 6.091511887492242749e+01 4.094380190909952688e+01 5.019469924920792891e+01 7.013706771479785118e+01 7.522268393694017163e+01 5.702871666565213360e+01 6.788077487300967050e+01 6.204948783251231959e+01 8.195874713226896802e+01 9.357039679735436266e+01 8.410529471919201683e+01 6.429483444227393818e+01 5.034824733834756927e+01 7.009718391895646050e+01 6.364189098419651458e+01 6.364189098419650747e+01 4.926531962412715870e+01 6.901784838294764768e+01 8.125871134543248786e+01 8.788340950507331684e+01 9.612541370315562972e+01 1.060725280577533596e+02 1.045171002600812358e+02 8.442617533198828994e+01 7.274227060463390160e+01 6.366135703159917369e+01 5.842880817413177397e+01 5.394108817747247997e+01
2.352828262072655108e-02 2.002352828262037221e+01 3.591142525997548063e+01 3.971315104099475946e+01 3.604308265954914958e+01 5.604308265954985302e+01 5.510601972193918385e+01 6.339029096940138430e+01 7.046344269153530604e+01 5.385387275177260591e+01 3.387597452942476650e+01 4.816334578040984837e+01 5.169511040414596437e+01 5.547032522706485480e+01 4.703556957416593320e+01 4.792211927819321460e+01 5.547891576547760195e+01 6.546829693071056511e+01 8.536461751561667199e+01 7.943169173053965437e+01 5.963021041271201028e+01 5.690438430064113362e+01 7.669358372811429092e+01 8.346327118923257160e+01 7.724470359594384661e+01 5.910970545030732382e+01 5.548331523235651730e+01 6.142040061260789940e+01 6.800931502615100044e+01 7.793784000425706893e+01 9.782897900588949369e+01 1.062765774503659202e+02 8.618814536293250228e+01 7.451025956458214239e+01 8.389812937196377618e+01 7.676019422884527899e+01 5.658765599393439061e+01
6.786455232800275850e-02 7.627154012512580294e+00 1.657142592251189583e+01 2.811843130630461474e+01 4.811843130630531817e+01 6.432735390701304823e+01 6.283774493148645490e+01 6.065772799385248248e+01 6.141094995321957839e+01 4.246311382020505931e+01 2.833192984486037247e+01 2.818272210901525909e+01 3.171643268415747130e+01 3.549376609248852077e+01 4.007978023362417730e+01 6.005234607739065922e+01 7.541645722316360434e+01 8.363480410671130016e+01 9.357039679735439108e+01 8.692757405974747087e+01 6.709533355965989188e+01 7.669358372811429092e+01 6.831192717861598851e+01 8.814313950052509483e+01 7.892599131558816339e+01 7.892599131558816339e+01 6.534984985336751606e+01 6.945924015332938950e+01 8.788340950507331684e+01 9.612541370315562972e+01 1.060725280577533596e+02 1.145696499864639435e+02 1.029829492431150442e+02 8.879835813416781320e+01 8.754161882369488978e+01 6.737142034519327183e+01 7.003601481825442931e+01
3.257643153035955086e-02 1.417471205526143407e+01 3.417471205526214106e+01 4.485569716997479617e+01 5.640270255376751862e+01 6.283774493148645490e+01 4.287680561391479017e+01 4.069183013670195237e+01 4.774697865879521430e+01 3.364330663426382984e+01 2.333317238511003211e+01 4.331778027391401764e+01 4.585017457626894100e+01 5.547032522706485480e+01 5.421303372328534209e+01 6.005234607739065922e+01 7.996729866329862091e+01 9.521606690495636371e+01 9.023387103469123360e+01 9.513946464899109401e+01 7.854661384731831220e+01 9.513946464899109401e+01 8.233757133046663057e+01 8.814313950052509483e+01 9.880395831048129196e+01 9.344542501949753444e+01 7.938018594858169763e+01 8.349821295516296971e+01 9.756503816435882470e+01 1.053416115173679515e+02 1.053416115173679515e+02 1.136276270512730662e+02 1.171675403520621899e+02 1.017671795184586614e+02 8.164919865156211642e+01 8.754161882369488978e+01 9.018808012114362782e+01
1.880098487986705744e-02 1.001880098487995419e+01 2.416093660861115566e+01 4.416093660861186265e+01 5.382646841110523894e+01 5.040053779870034134e+01 4.653970622658335543e+01 2.655633941641361062e+01 3.585814736402841874e+01 1.951863239884557188e+01 3.950701157757530524e+01 3.963989183637870894e+01 5.948574530353265288e+01 7.403797718528511496e+01 7.414969315760447444e+01 7.666468603808915816e+01 6.770369067090257431e+01 8.145987878792942638e+01 7.031444063905151154e+01 8.439379350419623904e+01 9.837617861803241226e+01 1.065868383777715565e+02 1.021590209139618679e+02 1.079602156770594092e+02 1.073005484366592128e+02 9.903457087385118029e+01 9.926605229297985034e+01 1.033856865853660736e+02 9.947881608170119705e+01 8.533000511212908634e+01 8.533000511212908634e+01 1.053416115173679515e+02 1.093725824877887192e+02 1.100886024727191455e+02 1.017671795184586614e+02 9.143838922878767050e+01 8.242836521450897180e+01
2.900726248362994752e-02 2.002900726248327601e+01 3.830307223234285630e+01 4.797469605944599635e+01 3.382878569465706420e+01 3.028033488718597965e+01 3.028033483811547910e+01 3.254945873400783540e+01 1.586637696491678007e+01 2.741256730863229762e+01 4.739502426939463930e+01 5.948574530353265288e+01 6.421516221883804576e+01 5.615650366840026209e+01 5.759586992020335572e+01 5.736367344891845477e+01 5.369521143318831236e+01 6.204250304381076120e+01 5.619952216543082102e+01 7.500705768424467124e+01 8.325206722711217822e+01 9.475126252182336373e+01 1.057705164452227251e+02 9.734508307409308259e+01 8.908782294405295943e+01 7.914092642826580004e+01 9.014863402663317515e+01 9.839390079945974321e+01 9.119126892578739785e+01 7.118356841282280811e+01 9.013888352079571575e+01 8.935999238086880325e+01 8.935999238086881746e+01 1.046434696581452499e+02 9.734499985823060797e+01 7.722527827745392415e+01 6.294619157085339367e+01
5.081304048347550645e-02 1.419294866421430079e+01 3.419294866421358847e+01 3.948903507401681878e+01 1.973872299237477534e+01 2.709767933389957761e+01 1.026069568335111981e+01 1.255587476413182024e+01 3.254945873400783540e+01 4.412278398277241109e+01 5.565112818619843438e+01 5.278579065980519403e+01 5.297513501446239559e+01 3.642125126935277279e+01 3.760369282821105230e+01 5.087228134387000722e+01 4.372320461668452651e+01 4.207394959723892924e+01 4.839197304564761026e+01 5.505249244899606254e+01 6.658410159716770238e+01 8.651302967415259104e+01 9.580485614560191721e+01 7.761372117640459578e+01 6.921409571127037452e+01 6.767840948952017754e+01 7.027708180213541311e+01 8.691525751052022031e+01 8.452203542146591531e+01 6.449749672621085494e+01 7.012020958782240143e+01 6.934344652494206684e+01 8.764023363237477326e+01 8.463151216685126599e+01 1.046434696581452499e+02 9.143838922878767050e+01 8.242836521450897180e+01
4.469920835086939326e-02 2.004469920835051511e+01 2.260255546094379397e+01 2.390169506711168168e+01 1.834679534316596161e+01 7.094245804577225201e+00 2.704726816717244731e+01 3.121812310964069681e+01 3.296545037387095078e+01 3.477598302899489369e+01 3.670462200997484814e+01 3.280908143269576982e+01 4.119140114697377442e+01 2.489922646813675655e+01 2.761917819599915447e+01 3.109619828615775816e+01 3.501227592369887276e+01 4.166996381220607759e+01 4.922153052063868728e+01 6.918392323865495541e+01 7.135210926086611494e+01 9.126971320446925517e+01 8.754903283738990183e+01 6.767840951541965921e+01 5.769789572402273592e+01 5.769789572364606300e+01 5.876788747471848495e+01 7.801387581864773324e+01 8.675779009288244481e+01 7.598354343242776565e+01 5.589696898969238248e+01 5.928961855683171933e+01 6.828635545449083111e+01 8.830377478883278286e+01 8.557879383296423725e+01 9.386612623303668101e+01 9.627726342381787106e+01
2.324776005098762310e-02 1.311561012852647812e+00 2.602555461588450747e+00 3.901695066511710053e+00 5.209717529913971745e+00 2.521275903524630024e+01 9.505815970342105459e+00 1.122853838071809029e+01 1.296930523476568808e+01 1.477948573125139120e+01 1.671294486715320460e+01 1.867502575402280129e+01 2.121674666759310313e+01 4.119140114659231244e+01 4.758682843625302183e+01 3.491201043390592673e+01 5.487701869233365670e+01 6.163884799498666922e+01 6.918392323865495541e+01 6.334491105719308024e+01 8.328054563800202459e+01 9.950771211297121965e+01 9.580485614560191721e+01 8.278067346600066401e+01 6.287762547954329762e+01 4.871661563550262031e+01 4.979236955072536830e+01 5.856266608956667596e+01 7.850109366035344749e+01 7.079721298280506403e+01 5.065990842142760187e+01 7.079718708073772859e+01 8.453737462254744628e+01 7.922453532781715069e+01 6.556323472381083661e+01 8.231151915921110174e+01 9.231841350986978512e+01
8.699724428260374731e-02 2.008699724428224798e+01 2.260255546094379397e+01 2.390024616125116452e+01 1.051128729996570677e+01 3.135072828758449859e+01 2.370008856362262506e+01 3.122512806205135405e+01 2.004065316789108664e+01 2.033230355261175148e+01 3.670461936260021929e+01 3.866012409952423212e+01 2.326424461293777313e+01 4.296698102984516510e+01 5.532751892466868782e+01 5.487701869233341512e+01 4.306640535077786325e+01 5.305493107532767993e+01 6.716765494531291836e+01 8.328054563800202459e+01 9.152139612540872804e+01 9.029312413731813081e+01 8.500082419566365388e+01 7.865322090175750702e+01 7.695480894188250431e+01 6.222131643315374561e+01 4.218393466860723606e+01 5.638010363546746362e+01 7.632248340688984456e+01 6.705780846138770812e+01 4.697064718997626187e+01 5.621565867300327568e+01 7.037705122451748707e+01 5.920120969495618368e+01 5.399456946192250228e+01 6.401464209399726712e+01 8.403096869263002588e+01
2.249585233037712170e-02 1.416463147826650548e+01 3.416463301428886012e+01 4.133049552891916534e+01 3.241722318800971436e+01 4.135041867820080341e+01 4.425048850945626810e+01 3.158076274618085577e+01 4.001413517290261268e+01 4.047474747648442417e+01 2.893720858175662869e+01 4.941213431336770867e+01 4.325198969154006789e+01 2.803898284554099263e+01 4.212331898997096147e+01 6.223964668668624256e+01 5.061740655164354763e+01 7.056438629450479993e+01 8.122667653015228950e+01 9.528569811499163222e+01 9.029312413731813081e+01 7.020758893426003056e+01 6.492898355246521191e+01 5.858628007282432293e+01 5.858627010065976748e+01 5.408469374118411821e+01 3.865312572352132037e+01 5.380197113813945720e+01 7.532200229523638768e+01 7.268144758087269963e+01 4.618170744325953336e+01 4.202006924282428457e+01 5.749527550354304850e+01 4.503590045336332537e+01 6.506590599091475724e+01 8.231151915921110174e+01 9.231841350986978512e+01
2.739267172789772165e-03 2.000273926717243356e+01 3.339405226976386132e+01 3.971860759010073139e+01 4.800287883756293184e+01 5.694715074756224737e+01 5.964341270803177508e+01 4.567396941583375281e+01 5.146927893252954789e+01 5.652654505287717512e+01 3.574131701451220522e+01 5.652654505287717512e+01 5.147338289963745694e+01 3.162094939764712720e+01 4.566007594319658125e+01 6.550794739611482953e+01 7.056438629450479993e+01 6.473419074819106811e+01 8.463972345370277139e+01 9.022990949039919428e+01 8.194648733448200062e+01 7.389335331791771466e+01 5.384841314692201308e+01 4.487169510757594537e+01 3.845474665451932594e+01 3.391920042115053491e+01 5.370468054117590384e+01 5.679807016053577939e+01 7.331947825022278664e+01 7.582083062964130704e+01 6.889910008552338638e+01 5.749527550354304850e+01 3.747586445690900803e+01 5.749527550340202708e+01 6.783032113752470593e+01 7.612034784152278633e+01 8.507333121642191998e+01
8.327778614586213435e-02 2.008327778614550851e+01 1.339405226976315610e+01 1.971860759010002795e+01 2.866287950009934349e+01 4.280501512383079188e+01 6.280501512383149532e+01 6.546039376588639414e+01 7.122386109400559917e+01 6.498917657441334939e+01 4.631157148393815248e+01 6.479263426522227576e+01 5.313476898466963405e+01 3.545138205400235165e+01 4.688811685935119300e+01 6.087837532198808788e+01 8.075203066556970555e+01 8.463972345370277139e+01 9.286192063777676253e+01 8.194648733448200062e+01 6.203477223401947782e+01 6.786677856189034230e+01 7.324876436052684880e+01 6.492898293126647502e+01 5.160432438389337051e+01 3.059925882165258315e+01 4.828755765084315499e+01 5.639389196887074718e+01 6.553483012202886471e+01 5.836350128616261657e+01 7.090830018472998120e+01 5.482583592609678647e+01 3.482575891298966297e+01 4.114120890830449895e+01 4.780327127784092767e+01 5.676151186407899019e+01 7.092359492417071465e+01
6.510866554257997707e-02 5.229086460485824261e+00 2.522908646048617953e+01 3.971860759010073139e+01 4.800287883756293184e+01 5.694715074756224737e+01 6.081123620404597574e+01 5.931847590818487248e+01 6.760338504591453557e+01 7.627480865736499993e+01 6.779964584375129277e+01 7.520895508133092733e+01 6.336826188756502631e+01 4.431440797032280443e+01 4.246189462212294075e+01 6.226149673038245425e+01 7.831206185731551273e+01 8.981696554953019529e+01 9.344256408764978517e+01 7.353077506345178449e+01 5.945110455660137205e+01 4.787804866449621244e+01 5.844403780664924852e+01 6.671483945304373719e+01 4.964767969037867346e+01 2.781948233919563407e+01 4.290104195100025208e+01 3.841268838376007011e+01 5.811338942154007725e+01 4.355236465831871584e+01 5.735654179256611229e+01 4.907085050492736400e+01 3.241720778443358597e+01 4.654382773337124490e+01 6.655439849559073195e+01 7.612034784152278633e+01 8.507333121642191998e+01
8.953482861371392376e-02 2.008953482861335971e+01 3.351335770794671731e+01 4.413649813130845700e+01 4.738328410765507925e+01 5.080521926520471254e+01 4.081105873048441879e+01 3.931802792177561656e+01 5.346025357692059998e+01 7.346147571172004120e+01 7.066598553674359096e+01 7.894900345732105507e+01 7.238180118319668566e+01 5.573264552045487363e+01 6.226149673038245425e+01 5.022050995610425161e+01 6.163582196374181166e+01 8.150218061694832272e+01 8.622160609827014355e+01 6.633169368702102986e+01 5.480997348010936321e+01 4.475675785739356627e+01 3.831221360413889698e+01 5.237407442526679091e+01 5.651491827336870699e+01 4.387794830388723000e+01 2.418227783685158627e+01 4.458702634045800295e+01 4.198668436373809953e+01 3.336514511600604038e+01 4.600926333849800187e+01 2.908319400519688003e+01 3.488438222106014308e+01 5.420730423199822923e+01 7.270688093988786704e+01 8.296144539118770922e+01 9.050363191741510605e+01
