LEM/with_lateral_4open/elevation_000000.asc
nrows	100
cellsize	150.0
xllcorner	0
ncols	100
yllcorner	0
NODATA_value	-9999
[rows 68 to 84 of 100, columns 37 to 73 of 100]
1.465660219943761278e-01 1.549777783616179405e-01 1.692962535048503359e-01 1.855601923493220839e-01 1.612729717986371158e-01 1.532509528424035872e-01 1.700693134467031187e-01 1.821631868775208107e-01 1.298565341209528823e-01 1.271006090825505808e-01 1.454131277033422209e-01 1.096783113430646606e-01 1.475953435855809071e-01 1.395874296797379455e-01 1.543791233050645917e-01 1.730176344025893265e-01 1.653957576590626977e-01 1.312555678423510119e-01 1.135304333517642011e-01 1.311509770640324479e-01 1.584554890391871029e-01 1.628955822418933497e-01 1.344470764390695572e-01 1.966248702310557095e-01 1.302207043337260117e-01 1.573092853903907407e-01 1.700419974422494318e-01 1.024556090039559220e-01 1.636328166443424270e-01 1.111485297464262362e-01 1.605402825101419906e-01 1.286456702280696640e-01 1.148176174664994470e-01 1.110175575141183618e-01 1.090343075584169347e-01 1.010758473908477673e-01 1.086252557939644814e-01
1.597879138182066727e-01 1.419553385231155374e-01 1.133769935965682346e-01 1.782895301117253806e-01 1.790258211580667558e-01 1.764621521636053070e-01 1.727496218614394397e-01 1.916944786319435545e-01 1.801527733097541550e-01 1.482542654774706148e-01 1.875564809543702749e-01 1.931191293989170110e-01 1.779529497571878116e-01 1.269207284687002835e-01 1.304722163071463381e-01 1.691787838122600363e-01 1.671460029572631456e-01 1.502248907818348744e-01 1.829728118593879904e-01 1.927185533548144702e-01 1.667107887583363091e-01 1.714295215464323174e-01 1.738666214023709966e-01 1.949608422480651748e-01 1.103161356219968664e-01 1.653459921608535776e-01 1.951410849560925309e-01 1.054132843426503624e-01 1.543580925471333409e-01 1.599054416935780099e-01 1.183125442589907789e-01 1.219561792139467610e-01 1.228715596314815250e-01 1.757966261891906745e-01 1.696042937657087635e-01 1.758885568234868912e-01 1.153978394538494462e-01
1.880239315046622894e-01 1.707376492808911350e-01 1.336259595832191838e-01 1.884709429302010020e-01 1.091595331957976450e-01 1.764806137103881456e-01 1.362929716064285868e-01 1.093390501201978587e-01 1.077514268183477897e-01 1.614286906852065995e-01 1.268931452296499507e-01 1.243545706815820523e-01 1.330613478719763765e-01 1.708404404226038231e-01 1.041369468620026578e-01 1.515565284045453098e-01 1.608756362683975705e-01 1.915805178290673760e-01 1.275316306035827185e-01 1.606969093289219441e-01 1.542402109326790893e-01 1.334800308997040608e-01 1.671575672541991686e-01 1.787956256577298841e-01 1.680093099161833470e-01 1.853926398549708976e-01 1.928272706467724085e-01 1.039524467067829278e-01 1.888922650762773214e-01 1.194052340696919595e-01 1.046114856976237267e-01 1.771316649138334476e-01 1.028129727018116529e-01 1.824135154475570730e-01 1.062673599145380482e-01 1.929955712956317182e-01 1.513354441161869346e-01
1.162621087391391833e-01 1.023318747613445601e-01 1.636385914213717985e-01 1.196789253616944437e-01 1.126670136916846365e-01 1.988766277298706087e-01 1.720904029930941659e-01 1.814602370424690525e-01 1.772808413145705309e-01 1.680031811946773035e-01 1.639747435729139169e-01 1.434747202655066722e-01 1.260075057218870420e-01 1.735580388653757966e-01 1.976089446007247563e-01 1.763603445345625076e-01 1.665566068844751557e-01 1.827367315161212702e-01 1.827063484406108440e-01 1.337058732184194798e-01 1.332205104103645066e-01 1.874471461987537446e-01 1.929777330181975947e-01 1.951886074692397444e-01 1.482070922814731628e-01 1.641482881038157371e-01 1.092181806663551497e-01 1.365611477704721799e-01 1.157217616950777656e-01 1.765126991348312524e-01 1.110709213496628434e-01 1.252891658002990849e-01 1.668077112202244749e-01 1.895844792644527932e-01 1.320073122861528114e-01 1.886661471485630015e-01 1.401292520422953713e-01
1.385329416396144375e-01 1.022438550976952215e-01 1.907629081189840536e-01 1.527610034195998057e-01 1.987450994084944966e-01 1.084527862410755716e-01 1.302072405464138327e-01 1.962178649223884630e-01 1.376019313136532807e-01 1.655441611557675885e-01 1.414131806567553440e-01 1.449575820589827924e-01 1.539794126402076468e-01 1.760966416963576364e-01 1.033147668890670862e-01 1.772586561684034723e-01 1.149352963767639735e-01 1.011531813574716582e-01 1.904983903026624126e-01 1.303316075970327170e-01 1.409624331690663146e-01 1.099293438389022382e-01 1.991236453840752318e-01 1.406047807209917788e-01 1.256764816442221266e-01 1.813738738160915187e-01 1.514200787281835825e-01 1.263973530886461083e-01 1.368007214695046159e-01 1.045511606172795788e-01 1.780869859776316178e-01 1.075717025572197338e-01 1.754620708922574324e-01 1.120177476311095544e-01 1.743399649331718315e-01 1.190941572091839262e-01 1.689964406209872871e-01
1.020943830014807568e-01 1.285641120659291037e-01 1.977260870260603709e-01 1.258915447344960969e-01 1.887859698863347258e-01 1.570873542140050205e-01 1.697679304895322594e-01 1.529652088578384028e-01 1.824245538609569894e-01 1.417900329372916435e-01 1.276743566453039658e-01 1.429451039438728310e-01 1.412978024873285388e-01 1.670275961134100040e-01 1.380265119298326737e-01 1.576500562999338662e-01 1.563309928232020085e-01 1.049787081550669771e-01 1.857315600276835399e-01 1.069508376678207640e-01 1.881689728277254892e-01 1.872340598455909944e-01 1.507751483924682778e-01 1.452817984880477031e-01 1.895590780612400605e-01 1.302994219567099321e-01 1.919222946444684164e-01 1.757445880453650799e-01 1.766679483562784703e-01 1.682641311050138144e-01 1.755333798397508138e-01 1.845775815196755709e-01 1.424196195199669279e-01 1.928103159100020003e-01 1.089799137994908323e-01 1.973450200802263632e-01 1.230058294376785710e-01
1.538784979089745097e-01 1.651104423898232254e-01 1.906179096382230043e-01 1.995361735868735054e-01 1.542745192799199749e-01 1.826764675696173068e-01 1.005850974220748179e-01 1.169758109864903473e-01 1.522889708731693659e-01 1.509077191347263369e-01 1.386657007634609640e-01 1.443117002875471400e-01 1.795843200458698274e-01 1.785625053819467900e-01 1.245790615694893633e-01 1.363049429651699840e-01 1.816800306616624672e-01 1.352715822063899898e-01 1.022032914356439531e-01 1.451227843063697120e-01 1.130481368543102411e-01 1.361520968517813679e-01 1.918185489566629487e-01 1.627374933504127652e-01 1.735586992587973276e-01 1.346254162090722573e-01 1.066601200962269541e-01 1.995188249422275018e-01 1.452167641780815477e-01 1.132452553252302624e-01 1.409004029346926368e-01 1.587489423017954260e-01 1.203161429880508504e-01 1.300349161728479586e-01 1.574027713536952366e-01 1.603278418796595384e-01 1.988122036654463853e-01
1.566384546594563054e-01 1.076388317278725720e-01 1.222036815433031332e-01 1.693246484083421877e-01 1.164101559533459729e-01 1.877066923600411719e-01 1.785952548980534460e-01 1.986786422010753117e-01 1.169894960157356611e-01 1.060268420977285436e-01 1.555491520309888465e-01 1.439233751778460080e-01 1.218460372538944514e-01 1.456662507085776381e-01 1.508054937461140443e-01 1.689744860622230671e-01 1.101258828276892726e-01 1.954598587492834549e-01 1.449634089023727201e-01 1.952353443609021744e-01 1.651646241433985252e-01 1.584852992597361454e-01 1.083061297367996639e-01 1.016945599142213136e-01 1.360174910325131492e-01 1.497654397674030857e-01 1.685945875342626799e-01 1.204950756445129778e-01 1.124009303032323381e-01 1.249561191050882064e-01 1.240755625141942570e-01 1.115166924617859573e-01 1.272781309889329249e-01 1.925363457047576388e-01 1.345618889636012450e-01 1.922897646044632314e-01 1.068597924021729845e-01
1.016029023715918078e-01 1.959093481202408560e-01 1.100876787635301779e-01 1.000785302399586491e-01 1.692317103320624683e-01 1.558727126066097313e-01 1.772288739126301471e-01 1.712371324445851883e-01 1.125687203555672811e-01 1.063184273584320411e-01 1.924217420940158851e-01 1.112023690610711435e-01 1.302721011847174926e-01 1.580029570652526361e-01 1.665785454250114928e-01 1.775771203579277202e-01 1.522011059170025327e-01 1.122436509877541289e-01 1.756893835603121623e-01 1.066578819544862222e-01 1.556667139945655809e-01 1.019027182547823096e-01 1.630956330033064283e-01 1.605504751041968159e-01 1.233345333845808911e-01 1.560138412072418213e-01 1.103701149503554246e-01 1.522344171512177158e-01 1.888744620216854520e-01 1.153100099556920860e-01 1.835850499155746440e-01 1.955520550718334860e-01 1.642223379005562922e-01 1.850178859715222446e-01 1.505912814206859240e-01 1.049015654501687378e-01 1.111364169929489054e-01
1.827775260755649112e-01 1.330741927815710102e-01 1.929133630839722224e-01 1.788303575980314530e-01 1.640308680806661090e-01 1.400410313254740191e-01 1.502693163198140225e-01 1.397851050115835880e-01 1.051870969214273588e-01 1.972681067370197772e-01 1.063894886663349776e-01 1.335658458723035513e-01 1.855860717274413763e-01 1.986051226814560255e-01 1.226602835010430492e-01 1.181103389502902307e-01 1.593800055663742721e-01 1.538524618900184993e-01 1.645475949367806168e-01 1.861556882256043544e-01 1.584749583494465541e-01 1.131325254646514678e-01 1.404083234572907346e-01 1.902088531425313034e-01 1.390502765450570832e-01 1.012443635900647648e-01 1.418194918063490351e-01 1.437212363794437009e-01 1.499263942123070237e-01 1.570153524623950081e-01 1.068305751893436212e-01 1.239378962458698719e-01 1.529465779962788374e-01 1.045716002004590806e-01 1.148331331662667126e-01 1.205622450531463746e-01 1.745066276567766583e-01
1.006200894495112158e-01 1.314040471223967554e-01 1.596723472932750909e-01 1.915033589154524485e-01 1.183018741206586649e-01 1.142216945668435013e-01 1.748551075002312272e-01 1.870896136389125775e-01 1.263312832643735395e-01 1.848348945751523698e-01 1.486005845950738036e-01 1.578332583139667455e-01 1.669153972712105749e-01 1.325971244170039975e-01 1.301376973121021186e-01 1.036955559838103613e-01 1.078761877612097325e-01 1.891219301943299069e-01 1.485749046262444806e-01 1.266850453642493490e-01 1.644583366359347598e-01 1.149299897672037968e-01 1.875605741105984825e-01 1.693814980222690947e-01 1.029906406028271576e-01 1.158410502147471099e-01 1.140094745062211756e-01 1.499115512015221086e-01 1.846094680182338854e-01 1.011913171767501035e-01 1.981728624748234358e-01 1.481068241851780098e-01 1.380669481323512915e-01 1.964586708678736637e-01 1.490508694342062013e-01 1.865078781171121691e-01 1.501493307793247967e-01
1.711498866156825061e-01 1.104880555546971094e-01 1.836802435337628325e-01 1.848866634874509751e-01 1.644801853001378877e-01 1.797767582105025963e-01 1.380204045940359447e-01 1.505846016295678269e-01 1.341757764479186710e-01 1.683983274348532788e-01 1.166697293101696953e-01 1.436506992514814118e-01 1.914933809054635283e-01 1.471066516793531898e-01 1.974063019330781765e-01 1.231993484493333485e-01 1.154444352795638978e-01 1.634501295737043058e-01 1.051169097359026944e-01 1.411314803997561207e-01 1.221454862401983171e-01 1.356842324983440207e-01 1.677480684479611683e-01 1.059608694905270765e-01 1.873629675399939576e-01 1.653679401194929899e-01 1.872339700924620931e-01 1.079275791992952288e-01 1.694671103300838810e-01 1.949313945253866032e-01 1.096540187729110327e-01 1.971444852708109652e-01 1.888392129404037889e-01 1.045188792444212283e-01 1.699631660260537691e-01 1.834514716398387146e-01 1.888881640528081163e-01
1.110469215610205285e-01 1.696600322941701211e-01 1.418690227787025304e-01 1.492079699866215581e-01 1.972576951600106820e-01 1.664604570672508221e-01 1.059155519564658338e-01 1.022091772449988806e-01 1.767439353408071234e-01 1.902760030660625157e-01 1.527051497189677032e-01 1.481395447635273643e-01 1.034088504337831033e-01 1.032751036380859105e-01 1.471199760697536330e-01 1.928506088588832768e-01 1.926070959490119860e-01 1.267219683267761243e-01 1.256258276392953066e-01 1.799276177677569255e-01 1.288444529735505162e-01 1.585965983385906330e-01 1.668174611421250342e-01 1.674129409225389442e-01 1.573985660761835492e-01 1.881113433384075662e-01 1.664702498521253571e-01 1.907943893516212408e-01 1.323762860960079335e-01 1.735661492517410753e-01 1.487212236014457956e-01 1.676548756598543466e-01 1.883209870399621677e-01 1.623996718397195393e-01 1.524913028825473638e-01 1.677097756760548841e-01 1.069564561264992747e-01
1.768642056379700067e-01 1.334855040552303806e-01 1.648254392487142339e-01 1.380694637070211117e-01 1.458600801631837751e-01 1.201032767384739297e-01 1.498643024782019550e-01 1.634663096171082852e-01 1.737955793715127428e-01 1.750351783447672560e-01 1.183374416604942025e-01 1.377016567266947655e-01 1.151437951452864150e-01 1.651755405860147463e-01 1.812981629805910100e-01 1.332524151178148264e-01 1.612674485370751420e-01 1.318102494599298069e-01 1.799354356323853987e-01 1.884831888792415089e-01 1.505259009852748797e-01 1.286848911989034450e-01 1.603319491225404791e-01 1.453985725888074787e-01 1.481804115223090690e-01 1.519149913174931976e-01 1.426683389322871420e-01 1.687949932938351272e-01 1.650363322861872484e-01 1.970052757868872573e-01 1.509652919632086254e-01 1.074315034078660996e-01 1.192993555262829436e-01 1.198586729515583038e-01 1.952822234373011723e-01 1.300159404442224054e-01 1.398440317961676671e-01
1.225022512409100206e-01 1.142105352527598566e-01 1.180953089956775504e-01 1.436855327458632647e-01 1.540876193207046940e-01 1.975328869025688161e-01 1.783681152956937410e-01 1.222531718846171095e-01 1.711331673776847750e-01 1.935769787015876320e-01 1.663958195604973711e-01 1.277378597510352987e-01 1.542038172880773050e-01 1.388525611474809018e-01 1.698863090341304338e-01 1.392296821415959784e-01 1.464616636876886480e-01 1.394323955894160860e-01 1.971453373738619452e-01 1.498859891902518116e-01 1.541120148449532656e-01 1.973806193072232817e-01 1.507704900544598048e-01 1.082755059063694736e-01 1.989948022107604908e-01 1.823962712789410912e-01 1.033894978003312287e-01 1.864008406165335308e-01 1.868181056452788147e-01 1.452092601897012059e-01 1.024029259566816979e-01 1.767162477526439956e-01 1.741335805788850610e-01 1.779508626066592658e-01 1.085184185684583413e-01 1.565492633752207929e-01 1.621826345646055767e-01
1.489915279470461762e-01 1.317656491204254599e-01 1.279567984790737079e-01 1.139069769590949077e-01 1.861035367372558258e-01 1.426159838226166710e-01 1.242427153779322446e-01 1.220147218244604925e-01 1.017620845604172153e-01 1.374817639712234141e-01 1.535899552579195193e-01 1.978873670687861241e-01 1.210457148591209953e-01 1.397234861271561546e-01 1.976872250579326806e-01 1.925391835810812968e-01 1.097069145832143960e-01 1.282592816233545374e-01 1.641712975824422549e-01 1.144774445544413377e-01 1.174384566928686341e-01 1.577321186228967664e-01 1.714803007745751007e-01 1.903253500353263572e-01 1.049155992511722341e-01 1.800166520483190702e-01 1.726714856991871105e-01 1.297427533628168206e-01 1.978665717284815995e-01 1.623562499249379676e-01 1.818632075027182826e-01 1.560773651221225022e-01 1.373105190445571278e-01 1.583215799068163343e-01 1.417057234644154839e-01 1.796468432369735524e-01 1.684231148732791006e-01
1.256801618160162670e-01 1.785381674938265328e-01 1.150915832546476336e-01 1.724207806865086234e-01 1.077038645573639986e-01 1.193480712019075879e-01 1.333203153264180540e-01 1.078843136550508564e-01 1.196116868051019244e-01 1.017076316427214938e-01 1.631325498363556947e-01 1.838979646760119380e-01 1.063566173362777839e-01 1.003712780686090295e-01 1.260777922678537888e-01 1.378885308048511393e-01 1.689332699656683479e-01 1.535446298095070605e-01 1.207299444765320695e-01 1.107439162020518730e-01 1.740459277150365747e-01 1.251472057839660146e-01 1.016677794482716141e-01 1.788582284736403294e-01 1.455677937431846258e-01 1.320030888181843720e-01 1.621399724752525251e-01 1.737320992221360050e-01 1.328503453357189057e-01 1.124328580377387671e-01 1.491697601645122218e-01 1.243983777276124608e-01 1.124664718323236251e-01 1.497619604645122615e-01 1.445983911153165269e-01 1.241230475746171458e-01 1.542970594089902725e-01
