LEM/with_lateral_4open/elevation_000275.asc
nrows	100
cellsize	150.0
xllcorner	0
ncols	100
yllcorner	0
NODATA_value	-9999
[rows 34 to 50 of 100, columns 37 to 73 of 100]
7.263101929677706892e+01 6.584291871650538042e+01 4.553330105457503407e+01 6.177963954017967296e+01 5.105742241731085329e+01 6.280467257077375365e+01 8.300886387529079968e+01 1.004190924653674841e+02 9.058076276414807637e+01 8.242330409994215756e+01 6.779763635825811718e+01 4.766664600624663706e+01 4.051544557066871022e+01 6.068025647774400255e+01 6.695502791997121506e+01 7.514974611632999313e+01 6.970555328941064488e+01 6.896726686844604615e+01 6.073256489385006063e+01 4.385448652286648041e+01 5.557858265421418054e+01 7.556696359458970846e+01 7.016211752217338926e+01 8.006478170520699678e+01 9.965986271837655863e+01 1.154482067780595287e+02 1.010683132453533375e+02 8.649235308838962055e+01 6.693358460489113781e+01 5.725959440787105592e+01 7.121072365359447076e+01 5.842480899715747000e+01 7.788978135198517805e+01 8.932615251477879781e+01 6.939142049686611813e+01 5.540921800035005162e+01 6.588648273494270313e+01
8.405561966589382905e+01 6.877311417995862541e+01 4.846155811082272180e+01 6.877428633232793231e+01 7.134396858686918108e+01 7.969032621858617915e+01 9.133970403024989082e+01 9.225451432364201310e+01 7.259209387624227361e+01 6.258536387889636643e+01 7.250433398568384291e+01 6.314618503788356207e+01 4.296169079479716402e+01 4.415456357311200719e+01 4.679228154445048915e+01 6.695502791997185454e+01 7.899728187046031280e+01 8.049184664978334069e+01 6.059103567995660455e+01 4.625453790192469938e+01 6.641984855796512477e+01 5.942700537043360498e+01 7.933211986923906522e+01 9.726223774181873694e+01 9.579977647141650721e+01 9.579977647141652142e+01 9.286310712996539962e+01 7.322712441828474539e+01 6.352812817980311877e+01 7.671296884664032234e+01 8.440094540876998508e+01 6.486745323841529398e+01 8.440094540876998508e+01 8.932615251477879781e+01 6.939142049686611813e+01 6.939142049686611813e+01 6.900378848164166357e+01
7.572807711581853596e+01 5.545380117563331623e+01 5.231070588597573590e+01 7.261097960451121480e+01 8.547648992376375077e+01 9.379601255792957204e+01 1.038366682928494242e+02 1.004190924653674841e+02 9.058076276414807637e+01 7.250433398944502983e+01 5.243886963202768925e+01 4.654101579863326066e+01 6.314618504045772340e+01 6.433003674478867140e+01 6.695502791997185454e+01 5.072375457438776891e+01 7.082316028396462571e+01 8.306172857629496775e+01 7.462648472994135318e+01 6.641984855796512477e+01 4.983087461725831702e+01 6.994875890763896109e+01 7.897684925576105286e+01 7.766270305112804806e+01 7.619918482566887974e+01 9.579977647141650721e+01 1.010683132453533375e+02 8.827811625664153894e+01 6.869802134624228529e+01 8.827811625664153894e+01 9.258487033360979979e+01 7.457475480661159395e+01 9.258487033360987084e+01 9.758748086514283671e+01 8.932615251477879781e+01 8.932615251477879781e+01 7.110867955017027953e+01
6.345107854261107860e+01 7.572807711581853596e+01 7.261097492821117783e+01 5.808390768068655774e+01 6.529250458225341447e+01 7.543740526196384621e+01 9.551557490917969062e+01 1.065484416495441309e+02 9.613689561750700818e+01 8.068289459566483401e+01 6.953119505166627334e+01 4.939764593160913364e+01 6.113015450255375782e+01 8.100710730675210414e+01 7.899712237085338984e+01 6.502489333846098418e+01 5.490266129525605265e+01 7.490640924919431143e+01 8.849849950257602416e+01 6.875974660050657405e+01 5.452357118646361300e+01 5.471998241879494884e+01 5.907010747000632023e+01 6.360770125636267380e+01 8.340327385393044324e+01 9.992493338928598234e+01 1.112479766834914017e+02 9.420483621709813349e+01 7.454812987075366948e+01 9.420483621709813349e+01 1.024349295912345070e+02 9.422713601092827673e+01 1.024349295912345070e+02 1.059264139093737640e+02 9.764747597803797419e+01 8.484286202294293844e+01 6.477736742084748300e+01
8.364750975683061540e+01 9.196740782769555267e+01 8.339211609952344872e+01 6.318480930219115521e+01 7.751190440015813010e+01 9.379591722985325930e+01 1.038366682928494242e+02 9.490712824676965909e+01 7.870494134763909244e+01 6.822661242471721721e+01 5.397691803675112965e+01 5.851575828462981121e+01 7.772141525079230462e+01 8.916759637970022823e+01 9.296825901820039917e+01 7.787694660771168742e+01 5.794996436042465859e+01 7.212009944790152360e+01 9.177520729408340117e+01 7.951442204276979453e+01 5.962110776511875088e+01 7.473271764673198447e+01 6.336929969353005987e+01 8.318004993112784007e+01 7.214602849559142328e+01 8.351229827724533550e+01 1.030542043177308074e+02 1.024155093986000367e+02 8.328266675463220281e+01 9.420483621709814770e+01 1.140117684534961882e+02 1.087019383172069524e+02 8.861885380183238681e+01 8.861885380183238681e+01 7.751829572304120575e+01 8.121206912295525626e+01 7.338499634045261644e+01
1.034910262427142698e+02 9.978194825048129246e+01 7.970878161547109642e+01 6.997084852934655430e+01 9.010295295019463424e+01 1.059140665803363390e+02 1.006053269724004622e+02 8.102289624363976372e+01 6.703145241904213947e+01 5.878997250420410836e+01 7.401093418342013308e+01 7.844287173451591855e+01 7.483139265458615341e+01 9.451212186486269218e+01 9.395806843921225493e+01 8.097625714056744073e+01 6.113099079472007702e+01 7.268541292182916891e+01 9.230176084852274698e+01 8.479641143360746014e+01 6.503301681251801369e+01 8.479641143360746014e+01 7.006533070579233424e+01 8.973740954379550772e+01 9.177167960477808606e+01 8.458665040791375134e+01 1.041353848416549681e+02 1.112639764555265316e+02 9.722983059624651503e+01 1.112639764555265316e+02 1.101495255855237048e+02 1.011641762763665611e+02 8.861885380180851257e+01 6.849067906352486546e+01 7.588867833882879665e+01 6.117540128341430972e+01 6.508523441891971117e+01
1.031998558134430226e+02 1.081135342677639386e+02 9.841803261951471882e+01 8.423706222884086969e+01 8.423706222884086969e+01 1.042644871966551960e+02 1.063733885589908539e+02 8.675845741197696270e+01 8.251888554428343525e+01 6.270105351584687270e+01 7.677551579793932035e+01 9.638456831356961629e+01 9.451212302643621399e+01 9.964601841756818601e+01 8.010926046212593121e+01 6.610958077627269347e+01 8.097625710815634648e+01 8.097625711000320337e+01 1.004419507284679014e+02 9.071674938313917380e+01 7.108120977244057315e+01 9.071674938313917380e+01 8.146889628797721628e+01 8.400383985955063793e+01 1.035794712363107806e+02 9.837881905925837600e+01 1.123338649857483063e+02 1.236181285539811370e+02 1.170705983510331976e+02 1.134580237059498700e+02 9.341256799100277419e+01 8.173471884029839885e+01 7.269348723434995918e+01 7.588867833875629287e+01 5.596648018427111282e+01 5.239132426583668689e+01 4.908116730558947438e+01
8.325709962150287424e+01 1.031998558134430226e+02 1.009782959321405684e+02 1.042644871966551960e+02 1.042644871966551960e+02 1.126016574342679490e+02 1.061683104342585580e+02 8.660090269859671253e+01 7.270570735443807564e+01 7.029315767733432097e+01 7.270570735443729404e+01 9.233206256131771283e+01 1.094182321198562420e+02 9.254602101866287001e+01 7.296983432777230405e+01 8.010926046210450124e+01 7.502316461735073005e+01 9.457552634957572479e+01 1.087479418676213498e+02 9.762312179244858612e+01 7.808895073635939355e+01 9.762312179244858612e+01 9.528304527980070304e+01 1.035794712363107806e+02 1.117770824592549985e+02 1.180329640262095694e+02 1.176916263824278133e+02 1.034742246548600235e+02 1.176916263824278133e+02 1.216963182950630653e+02 1.027432975131099369e+02 8.260098052583229844e+01 7.092838016124935052e+01 6.200262692816193066e+01 7.588867833879925229e+01 7.225139885659591243e+01 5.414918688942787384e+01
8.691666356839388641e+01 9.283604170902121666e+01 8.103399756206964355e+01 9.352484823754664944e+01 1.017831067127321205e+02 1.117536237327958304e+02 1.061683104342585580e+02 8.660090269859671253e+01 9.233206373412997436e+01 7.838388915506915566e+01 8.153096420838890879e+01 1.004882129002722735e+02 1.012550359721416555e+02 8.178108667746131744e+01 8.178108667746131744e+01 9.964601823994880192e+01 8.483602028608316914e+01 8.886120678125442396e+01 1.083711149049744478e+02 1.057917522273195345e+02 8.936477084057527520e+01 1.057917522273195345e+02 1.149125998535201632e+02 1.062494668053748512e+02 9.790647732151211358e+01 1.062494668053748512e+02 1.086581549453199216e+02 8.912528146293040265e+01 1.059123966550078677e+02 1.142389168010436720e+02 1.110067298954223247e+02 9.941003265371590203e+01 8.208678498847723404e+01 7.092838016125136846e+01 9.040331093676772412e+01 7.944794914421896692e+01 5.935401427566029753e+01
7.937757571572932136e+01 7.289070897491197343e+01 6.692940804222352824e+01 7.357690738967720279e+01 8.355274294550400782e+01 1.034969535295892342e+02 1.143755991580738254e+02 1.061683104342585580e+02 9.432768415983487387e+01 9.219088392067833126e+01 9.279372511613962615e+01 1.092554720912969373e+02 1.086121564586007935e+02 8.914704569637574139e+01 1.012550356675272809e+02 9.766325035014006062e+01 9.605309965575571596e+01 1.083711148126926389e+02 1.165693114506738937e+02 1.171246929896427531e+02 1.089042389860755549e+02 1.076483746575750473e+02 9.859846732550475679e+01 9.023968371564777158e+01 7.762204808713516968e+01 9.612814585360786168e+01 1.003186290696006466e+02 8.000406065278339440e+01 8.563897725195049304e+01 9.689180417000041246e+01 1.052412098270875589e+02 1.104811827767772741e+02 9.941029626619071280e+01 8.260098053201160440e+01 9.591148253049105676e+01 7.574785445169128195e+01 6.639097570029385054e+01
7.169030042505031020e+01 5.881404169912869406e+01 7.873256169065695076e+01 9.352484823754664944e+01 1.017831067127321205e+02 1.117536237327958304e+02 1.202897102295788159e+02 1.221723273134224002e+02 1.139327965925106554e+02 1.117693686158160062e+02 1.123763937521833043e+02 1.206123975591162889e+02 1.168120422122322282e+02 1.028614552086498861e+02 1.086121565721500417e+02 1.114476586115449805e+02 1.156010405490580553e+02 1.238359270320090388e+02 1.228237159771132099e+02 1.144306523017687738e+02 1.135949558361094773e+02 9.339080525170855651e+01 7.903005487327179424e+01 6.996006355638424168e+01 6.748619527833977827e+01 8.776426270432369847e+01 9.313634452739584901e+01 7.282817195957893830e+01 7.390097410257868660e+01 7.659386145637695620e+01 9.096486849804550445e+01 1.112007463579781898e+02 1.110075876865373488e+02 1.027433574801049900e+02 1.041958639249162530e+02 9.489820475557482382e+01 7.649418553142837141e+01
5.188007125242788220e+01 5.929917020229895996e+01 6.819342821310534930e+01 7.970984156280809430e+01 9.965513606530004154e+01 1.144385488725288411e+02 1.003068830156135363e+02 1.144385488725288411e+02 1.138980267620254097e+02 1.056136744419306552e+02 1.030139004027241896e+02 1.100749522195587247e+02 1.183615382776638398e+02 1.224955780359337609e+02 1.283273057709958493e+02 1.312124987350158847e+02 1.174550026845045636e+02 1.090641692967872842e+02 1.111250671924116489e+02 9.416799577396065501e+01 1.053606471452917788e+02 1.076483746575750331e+02 9.180720723669212191e+01 7.152951061916284914e+01 5.987973570676981439e+01 7.370570459009822173e+01 7.454401405077925347e+01 7.823237227027554752e+01 6.387181023140177416e+01 7.546338784957526968e+01 9.576883973428471108e+01 1.127011829365819864e+02 1.043703583088106654e+02 1.127011829274063501e+02 1.085503642751443039e+02 1.049636971046334537e+02 9.668390455807799810e+01
5.326686534176806020e+01 7.309875217830888516e+01 8.747942100719014036e+01 9.639871527300971366e+01 1.079123350304270730e+02 1.054700819028191461e+02 8.607776606067632486e+01 1.054700819028191461e+02 1.023642784731035960e+02 8.564622863245506323e+01 8.304931018506307794e+01 9.010328173158544018e+01 1.042207532379297703e+02 1.242082387978382485e+02 1.238593733591501120e+02 1.121665772066801026e+02 1.037765172158974423e+02 8.877990568607287969e+01 1.027320021009411448e+02 8.241754763973804643e+01 8.505649906185949760e+01 9.940527140432263309e+01 1.001627222852287815e+02 8.847326257206742639e+01 7.370570459009822173e+01 5.355114023149929636e+01 5.438066206608094433e+01 5.803040325602705707e+01 6.473559648089900520e+01 8.811240378217057412e+01 1.041220898373401695e+02 1.025970404028839056e+02 8.412021186944012641e+01 1.025970403058064164e+02 8.832002680584210452e+01 1.025975907733967460e+02 1.127032048569870426e+02
7.309875217830888516e+01 6.577226703998589130e+01 7.986467428795971557e+01 9.980776115918433788e+01 1.113531182230548069e+02 9.130759928150936844e+01 7.625889336777483152e+01 8.782313104180741448e+01 8.701296213349992570e+01 7.408140746262787957e+01 9.408546422880064597e+01 1.100749522195587247e+02 1.100749522195587389e+02 1.300679437041473818e+02 1.154676840150650463e+02 9.521798911922017794e+01 8.346371070776608292e+01 7.701359491401009905e+01 8.966545469863771700e+01 8.522872715452422199e+01 7.066832867572765053e+01 9.100344634926833010e+01 9.718752160252815031e+01 7.695283880526474718e+01 6.950318741228934982e+01 4.938719162824656905e+01 6.950318741228940667e+01 7.823237227027692597e+01 7.999519888704243442e+01 9.591319312175372147e+01 1.064458180619588887e+02 9.424534619500322208e+01 7.397872679396536455e+01 8.411204112864822946e+01 7.397872679398739137e+01 8.412021187074346074e+01 1.043704990565497610e+02
8.581818790834287825e+01 8.570586919474902743e+01 9.396500742225657632e+01 1.012886860993897074e+02 1.095730819363790260e+02 1.025790155435392563e+02 8.782313068660489819e+01 6.447516477012325709e+01 6.686830150280883345e+01 8.701296213349992570e+01 1.009521115397291879e+02 1.124850306355894247e+02 1.214337183532195041e+02 1.297261533216060911e+02 1.180927004139669947e+02 9.784655997390122195e+01 1.013974374581971034e+02 8.107704714845023375e+01 6.933381494172802206e+01 6.493387811027518808e+01 6.457986463365209318e+01 8.487217768026256692e+01 8.650312503750285487e+01 7.695283880526477560e+01 5.677081660446745559e+01 4.676576270375711886e+01 6.677713956580689114e+01 7.246823130757861975e+01 9.177459713045384149e+01 9.743670876215502119e+01 8.907973622537392089e+01 7.786715336148942868e+01 7.786715336148942868e+01 6.387628812294904179e+01 7.554768925312147587e+01 9.581116335756667013e+01 1.127032048569870426e+02
9.315516244484652475e+01 9.544344552996550135e+01 8.716431490468856680e+01 8.131380912355196244e+01 1.012886860993897074e+02 9.430050721269802239e+01 7.434121546020840299e+01 6.281501565567666034e+01 8.277700635926932193e+01 7.265935744356031023e+01 8.423526360593146478e+01 1.042013894720998195e+02 1.014480959254346715e+02 1.214337183532195041e+02 1.264865944394589690e+02 1.180927004139669947e+02 1.097912088831168660e+02 9.806870721299901561e+01 8.966545469863771700e+01 7.924410265906533368e+01 5.901465700069452680e+01 7.460314953108657221e+01 6.623921181273745162e+01 6.982378638739142218e+01 6.435422699034937466e+01 4.426912146892265554e+01 5.334339644548785486e+01 6.984142938323778083e+01 8.458266433738008061e+01 7.904802690764915951e+01 6.885406567377482645e+01 7.256554537307447106e+01 5.767922875957847850e+01 6.930906293145459074e+01 8.955772229669705098e+01 1.041603738340527627e+02 1.012956678889189135e+02
8.486712180421001506e+01 8.716431513640786477e+01 6.719908506482713051e+01 8.716431513640786477e+01 8.830016143789099203e+01 9.658005126174734301e+01 8.024183099471157732e+01 6.028510479886455897e+01 8.024183099471157732e+01 9.267394132859364220e+01 7.918866570988615194e+01 8.733504179365925779e+01 1.073017492082988866e+02 1.226129859359014915e+02 1.341599876795643240e+02 1.183279697201324865e+02 1.066227563919051420e+02 9.753754230425684568e+01 8.913366514106772343e+01 8.434185098350143051e+01 7.460314953108657221e+01 5.442826435281023834e+01 5.202419192539259996e+01 4.968739882755601656e+01 4.742686804165172987e+01 6.199378722974726230e+01 4.192849397583564297e+01 5.609019588990780392e+01 7.310760977261497828e+01 5.887010911514182965e+01 6.788250439104650980e+01 5.242302224713055381e+01 6.664173096243229111e+01 8.623765042038840534e+01 9.791664815825895118e+01 9.534898805003233235e+01 8.107288343297531696e+01
