LEM/with_lateral_4open/elevation_000577.asc
nrows	100
cellsize	150.0
xllcorner	0
ncols	100
yllcorner	0
NODATA_value	-9999
[rows 0 to 16 of 100, columns 0 to 36 of 100]
8.271705653423140625e-02 2.127631151761726416e-02 9.425194436011796739e-02 4.939197167322698090e-02 3.975871534419905817e-02 6.171646774684565184e-02 1.696294146011132625e-02 1.936121709489252440e-02 4.216450047424835645e-02 2.297044857093000214e-02 6.704298068806634203e-02 4.162315340452049650e-02 3.835349583220235004e-02 2.777463300387698203e-02 2.207885817162396139e-02 7.161913568127860341e-02 9.025521335945362045e-02 3.502399586135773735e-02 8.040414306008919487e-02 3.131346976591601466e-02 7.604099264847130613e-02 2.387740603804927586e-02 5.687112022313325910e-02 4.074439634684711570e-02 8.709178300582484655e-02 7.612946965408906586e-02 1.077918208624280109e-02 9.929772718869623455e-03 4.600412614040166881e-02 2.152795518990661267e-02 2.378824418737431057e-02 9.511189423522797837e-02 9.406546861214974686e-02 1.749038473908382007e-03 2.223905489293687143e-03 6.269637160239108220e-02 9.476101746191394060e-02
7.813061968023242432e-02 2.002127631151726206e+01 2.009425194435976181e+01 1.419152759540405206e+01 2.003975871534384368e+01 7.621005927931356894e+00 2.001696294145975585e+01 4.189649498236406089e+00 2.004216450047389131e+01 1.416510607230200591e+01 2.006704298068770953e+01 2.004162315340416356e+01 2.182578565507796498e+00 2.002776375205095150e+01 2.002207885817126964e+01 6.396174456018064447e+00 2.009025521335909659e+01 1.417715961959218340e+01 2.008040414305973442e+01 3.193591129934301609e+00 2.007604099264811737e+01 2.002387740603769473e+01 8.221836929500465629e+00 2.004074439634649352e+01 1.422922602780107049e+01 1.421826509338516509e+01 2.001077918207191786e+01 1.178342248392842961e+00 2.004600412581964619e+01 1.416366357892098193e+01 1.416592386791844937e+01 1.423724751796630272e+01 2.009406546861179521e+01 8.166714847751240569e+00 2.000222390548893969e+01 2.006269637160203700e+01 3.339189440077158011e+00
2.526786264046545702e-02 8.969539772639700814e+00 2.896953977264005786e+01 3.419152759540334330e+01 3.590527717539426078e+01 1.656527783793035624e+01 2.845366382656409954e+01 8.453663825348652239e+00 2.845366382656409954e+01 3.416510607230271290e+01 3.847951696738656580e+01 1.848135312742153502e+01 4.339234029576573448e+00 2.433921734066124998e+01 3.306284307639455733e+01 1.306284112268478914e+01 3.306284534812606779e+01 3.417715961959147108e+01 2.639615420603641383e+01 6.396154206036057666e+00 2.639615420603641383e+01 3.650610817696336596e+01 1.976884231329318453e+01 3.650610817696336596e+01 3.422868667565470702e+01 3.421826509338586675e+01 2.234875672271118674e+01 2.348753720354150865e+00 2.234875672257658508e+01 3.416366357969257450e+01 3.416592386791915459e+01 3.423724751796700616e+01 3.645098609521414090e+01 1.971372023154395947e+01 3.645098609521414090e+01 2.662709678559548010e+01 6.627169186184289629e+00
4.163169627051844027e-03 2.000416316962669683e+01 2.529947139119451194e+01 4.529947139119521893e+01 3.656527783793106323e+01 3.070741346166155950e+01 3.345366382792506954e+01 1.345366382534869487e+01 2.478359544392064251e+01 4.478359545044909140e+01 3.809341297470969323e+01 1.809486588425922804e+01 6.547864551073513617e+00 2.654786796957342787e+01 4.134711611760753414e+01 2.306284112270794040e+01 4.134726708496251035e+01 4.172280431991995897e+01 2.172280431992067307e+01 1.017579893612836273e+01 1.639615420603623619e+01 3.639615420603693963e+01 3.976884231329388797e+01 4.805311356075608842e+01 4.462735154523279135e+01 3.637304272657330984e+01 2.352522898174218824e+01 3.525224308589447464e+00 2.352522898165853604e+01 3.536710136325271492e+01 4.243621787812330126e+01 5.071283695226846788e+01 4.799799147900686336e+01 3.971372023154466291e+01 4.419886380245075230e+01 2.419926937695846902e+01 1.005714088903443759e+01
5.883922493566802470e-02 1.420097484866649218e+01 3.420097484866577986e+01 5.358374263865741227e+01 5.656527783793176667e+01 5.070741346166226293e+01 3.879888866831706906e+01 1.879888866359727473e+01 3.879888866831706906e+01 5.306786741770915228e+01 4.635382083170175349e+01 2.882582822130203581e+01 8.827076080266291314e+00 2.037408148109460271e+01 4.037409105406408116e+01 3.720497683588140347e+01 5.134735170129232529e+01 5.000707556738156967e+01 3.425828184076631544e+01 1.425828184076702776e+01 3.425828184076772942e+01 2.794315958982895864e+01 4.794315958982966208e+01 5.032147318226403598e+01 3.063503726647316583e+01 1.678033534205365385e+01 1.047891946408339869e+01 4.707849100567617739e+00 2.457702484044800784e+01 1.537044324099949932e+01 2.244189896879931112e+01 3.398906738990901033e+01 5.397524003461413855e+01 5.419847517547720628e+01 3.419925245567836924e+01 2.005714076225201481e+01 3.005701496363336744e+01
1.256007409845548775e-02 1.415469569782953130e+01 3.415469569783023474e+01 4.930701848448676117e+01 5.759128985479539864e+01 5.879888875558585681e+01 3.879888866831706906e+01 2.546555533026405982e+01 4.546555533999566734e+01 5.682220767900635394e+01 3.687005964236013256e+01 2.273100154562502340e+01 1.118409868422146936e+01 3.118411373205159620e+01 4.865841860204474756e+01 5.720500538346536246e+01 6.254255308823038462e+01 4.254255308822968118e+01 2.840041746449822924e+01 1.910899434149377285e+01 3.910899434149447984e+01 4.208529521356040703e+01 4.794315958982966919e+01 5.032241667555715736e+01 3.063504187956409197e+01 3.637304272657330984e+01 3.017451887017371703e+01 2.470875594811579745e+01 6.425996218920393410e+00 2.642711277879545761e+01 4.243620209505922958e+01 5.071283695226846788e+01 6.225053126547415872e+01 5.419847517914622870e+01 3.419925245567846872e+01 4.005688917154635220e+01 4.094280166651730468e+01
9.594114293757748102e-02 2.009594114293722100e+01 3.516488286048026168e+01 2.930701848409739441e+01 4.930701848448676117e+01 6.118669471584075836e+01 5.374982863741361427e+01 3.440982724026353168e+01 5.374982863741361427e+01 5.887965058585334077e+01 3.888001199170088995e+01 3.362476541307156452e+01 1.362748757134759536e+01 3.362760869470063341e+01 4.676309001874118110e+01 4.847851298548014398e+01 6.847979630585490440e+01 5.668468871196112957e+01 4.427297213643779372e+01 2.427297213643708673e+01 4.427297213643779372e+01 6.208529521356111047e+01 6.794315958983108317e+01 5.863346416374417203e+01 5.032214642762144763e+01 3.966852890250792996e+01 1.975627269123044982e+01 8.236711139879403731e+00 1.158998674079136926e+01 2.573099016331237010e+01 4.567548634088588244e+01 5.309883572809528118e+01 6.132503916789557508e+01 6.248058406621439786e+01 5.419847517896533162e+01 4.947003560516772325e+01 2.947134859645658267e+01
7.711341127313005306e-02 2.007711341127277649e+01 1.516488286036619471e+01 3.516488286048026168e+01 3.290242281466024821e+01 5.290242281708432870e+01 6.269410341429205147e+01 4.855196286402209438e+01 6.269410341429205147e+01 5.871986337536110057e+01 3.891343583950543206e+01 1.887974488561725295e+01 3.357375317993090391e+01 1.847820007207633708e+01 2.847820085958623082e+01 4.847851298548014398e+01 6.375413620201975817e+01 6.427297213643920770e+01 4.427297213643779372e+01 3.183226159662176613e+01 4.060290375499218385e+01 6.060290375499288729e+01 6.984722487402483182e+01 4.990685715903308761e+01 4.990625418004891856e+01 4.681196305754318843e+01 2.925592748460957537e+01 9.527705588865996944e+00 2.952154787476789366e+01 1.975527418617720343e+01 2.608038341808893890e+01 3.315226731220575829e+01 4.469439641761437798e+01 6.461509966204671684e+01 6.360231225901073060e+01 4.361331960288197962e+01 3.841561768641194163e+01
2.297228869525369793e-03 4.474433183869122921e+00 1.024793587576543175e+01 1.657249119610230181e+01 2.657249119610247945e+01 4.071462681983393139e+01 6.071462683062140542e+01 6.855196303297539373e+01 6.197548075192655403e+01 4.197357963547582216e+01 3.042672843496285751e+01 2.346805956223678891e+01 4.344462702068594950e+01 3.847835692253319451e+01 2.392151061182471850e+01 3.546852217071729996e+01 5.546902043085805190e+01 6.992673277599855908e+01 6.011653284408466646e+01 4.183226159662211785e+01 6.011653284408466646e+01 6.888717500245608960e+01 6.232709403375061186e+01 4.823594091708427811e+01 3.008491930522705715e+01 3.719247959849762708e+01 3.082753185805896123e+01 1.082684519460246264e+01 3.082762774884231050e+01 3.972747702699621186e+01 4.604080909129262267e+01 5.309847776604262037e+01 6.132024686974715166e+01 7.284372293731667014e+01 7.186531739442339983e+01 6.360610143598122335e+01 4.996253495317056093e+01
9.647730019007895452e-02 2.009647729950751938e+01 3.024793587571328501e+01 3.657249119655054415e+01 4.485676271986157104e+01 5.485676339386048284e+01 6.344319375287292928e+01 7.178286185909298922e+01 7.027309900448784674e+01 5.871986698211787825e+01 4.831551059009227345e+01 2.831877205513216111e+01 4.831551059009227345e+01 5.220658262901984159e+01 4.392172737643913649e+01 3.009364462117492423e+01 4.164066324835015820e+01 6.164137834803566562e+01 7.011653284408602360e+01 6.183226159662282129e+01 7.011653284408602360e+01 6.413140256243428894e+01 5.263844411848310756e+01 3.418120148336130626e+01 2.015573977788326587e+01 1.732791931327124146e+01 1.460642601971076004e+01 1.232590857683005581e+01 3.232662667369577747e+01 4.097014052865389289e+01 4.843171036695706988e+01 4.271654103784504031e+01 5.404565018541553201e+01 6.773787493375236579e+01 8.696760238114032404e+01 7.822722654135057496e+01 6.995713558820425249e+01
3.582433992925927735e-02 1.417795996366033506e+01 3.417795996529615365e+01 4.050369727978100087e+01 4.881519859683832863e+01 5.601657737146175009e+01 4.338093429650947286e+01 5.186024286603661437e+01 7.194412998184051844e+01 6.245095338660561879e+01 4.246041847362737798e+01 3.538983855480758933e+01 4.831551059009228055e+01 6.830053123808129101e+01 5.641866582714479961e+01 3.641820007151765992e+01 4.078410179377807765e+01 5.492641714707581002e+01 7.492806253198449440e+01 7.800268003319909838e+01 6.643553481854407039e+01 5.584016323868899434e+01 3.597951873974250958e+01 2.456524983215683733e+01 3.999867884805025398e+01 3.137580320085544372e+01 3.448909419814527411e+01 3.232676109515886509e+01 1.446399862740689279e+01 2.113066163178488921e+01 2.868703561905046584e+01 4.843171465818897303e+01 5.938747976502209269e+01 6.762408579759637917e+01 7.651063155503362623e+01 7.785009751892799557e+01 5.780269318057897010e+01
1.813270376062421294e-02 2.001813209841220953e+01 2.589482381478462614e+01 2.048753683843692741e+01 3.725047890375302728e+01 3.596944898253582323e+01 3.182199101364140148e+01 4.598229826040820711e+01 6.605085645539865880e+01 7.072076595305351532e+01 6.245095338660561879e+01 4.693654602973239776e+01 4.953099839244721636e+01 6.951711140805362277e+01 6.348999453545906135e+01 4.348926933859164023e+01 6.078476344542701781e+01 5.711435268234452423e+01 7.711621848756320219e+01 6.970119508988138080e+01 4.966907647661798109e+01 3.825649950060916638e+01 2.945604932005948129e+01 3.854898723396774329e+01 5.263844411848310756e+01 5.123348482673691962e+01 5.017208303515238299e+01 3.016515147302871469e+01 1.602099677076428463e+01 3.602504605600154264e+01 4.346616949895686588e+01 3.319623048137371057e+01 3.950965970560839935e+01 4.840891201800047838e+01 6.244180976587520604e+01 8.233820039421111403e+01 7.197985847496033784e+01
2.372884694381488524e-02 2.941028676906872086e+00 5.889867800145879961e+00 8.939839209118902730e+00 2.894736166041211334e+01 2.181912053765190151e+01 4.184111694459359398e+01 5.664056244167000642e+01 6.561560603726773877e+01 7.721791440126781936e+01 7.519326890915253614e+01 6.692531857485352020e+01 6.951711140805362277e+01 7.778402180658888199e+01 7.177573131214190028e+01 5.348930483111701051e+01 7.176865458651289487e+01 7.711621848756320219e+01 7.655464609060547332e+01 6.824748162588122113e+01 5.485272412028387379e+01 3.502791532884702264e+01 4.924542142742315320e+01 5.752454143144392162e+01 6.672790100334592012e+01 6.075045535159799925e+01 4.827124023084540738e+01 3.778007530481881560e+01 1.778189961140585851e+01 2.102108059839613574e+01 2.467272266352431487e+01 4.474213555662396402e+01 5.938747977247702181e+01 6.762408756460590098e+01 7.651063155503362623e+01 8.253908218421344145e+01 7.285181206854245772e+01
8.175220331382776484e-02 2.003882227720028908e+01 2.588943233464356908e+01 2.894736110394648776e+01 1.365388541443882886e+01 2.072506854737124726e+01 2.828523816949753567e+01 3.723402666698213892e+01 4.879817907104197161e+01 6.887240947883177000e+01 8.315564532844953760e+01 7.734370900703092389e+01 7.951475617549090202e+01 8.772771549457034723e+01 8.177990262065972615e+01 7.349087764821933888e+01 8.177918872569533448e+01 8.246289581058307760e+01 6.235926427620939450e+01 4.818812362378959335e+01 4.122452920659210207e+01 4.899071647132901575e+01 6.314869795709319789e+01 6.736422169035201080e+01 5.838407179588006812e+01 4.978988252534269776e+01 3.413433817484520461e+01 2.030167314835536274e+01 3.778007530481881560e+01 4.100076748631957457e+01 4.473969712023231438e+01 3.197451129443614448e+01 4.613960893071556058e+01 6.644085179842721800e+01 7.954605667632476695e+01 6.925516246952898314e+01 5.351214766540067558e+01
9.124702163186203252e-02 1.420798248272926578e+01 3.392916690334412522e+01 4.197755373541468060e+01 2.779975300601814681e+01 2.181924735597466380e+01 3.054263541492264267e+01 4.025682429727259404e+01 5.427362456256952328e+01 7.439819308612305804e+01 6.331053849349650164e+01 5.749780894369634865e+01 5.966872367455535198e+01 6.930922984738023729e+01 7.592340313849638278e+01 8.413912858475221412e+01 9.405982762740860892e+01 8.465380505086613994e+01 6.456024457755671619e+01 6.719989389136092939e+01 4.715266711484422046e+01 6.719989389166428850e+01 7.730667932122342734e+01 5.908686270785898387e+01 3.897370597891810462e+01 2.999321881586936200e+01 2.291659945784417118e+01 4.029957398899295384e+01 3.444437413366344458e+01 5.443527689013451010e+01 6.054107849865009428e+01 4.352331913200188040e+01 4.197000485150888949e+01 6.220140574879768991e+01 7.104785038279800347e+01 5.043901236393005405e+01 4.029027238702533253e+01
2.239863785106879432e-02 1.995996042439260165e+01 3.528221489879716444e+01 4.437702168132781111e+01 4.783232716862380585e+01 3.597807932667306119e+01 3.704319716337258228e+01 5.808981935409713770e+01 6.852761666900286741e+01 7.066452614138802346e+01 6.244695859581643305e+01 4.345897538781235170e+01 6.084678971084773025e+01 4.946304099936237719e+01 5.608077562442765185e+01 6.599985335871585335e+01 8.584709152351672401e+01 9.293930268107177994e+01 7.881535571440561228e+01 5.869678568405831243e+01 6.719989389176801353e+01 7.550849926629734910e+01 7.908360417127506992e+01 5.908568469398944245e+01 4.898245856541645793e+01 3.484302306968630347e+01 2.484116779576477541e+01 4.483867003327954848e+01 5.443527689013451010e+01 6.271140072591974501e+01 7.228159577473117281e+01 6.378214232286057239e+01 5.092962009261515988e+01 7.069793593956070765e+01 7.954605667632476695e+01 6.925516246952898314e+01 6.074343137336401810e+01
1.766589122093755945e-02 7.088740605998458122e+00 1.603332579587710072e+01 3.018476185585781835e+01 5.024278402856284487e+01 5.607812329181510336e+01 5.845551436100637943e+01 6.714590526598207987e+01 7.323829624629404123e+01 5.920411901097574514e+01 4.259292620837600651e+01 3.643226547904652080e+01 4.099270375920448828e+01 6.084678971084773025e+01 7.592347244111628868e+01 8.413912858475221412e+01 9.405982762740860892e+01 9.477051330957291952e+01 8.710686575591194014e+01 7.294127977473300461e+01 8.710686575591194014e+01 8.473099946981844255e+01 7.645478750292656400e+01 7.719344969491680786e+01 6.310039902297523895e+01 4.681867600485693970e+01 2.682159591692484923e+01 4.663450499586738118e+01 6.060884734760767856e+01 6.728423053438976353e+01 7.559826901588888859e+01 7.984029365388239796e+01 6.528517164000179207e+01 7.984029365388239796e+01 7.685425430716848894e+01 6.833775784927597385e+01 6.101269486788204688e+01
