LEM/with_lateral_4open/elevation_000615.asc
nrows	100
cellsize	150.0
xllcorner	0
ncols	100
yllcorner	0
NODATA_value	-9999
[rows 51 to 67 of 100, columns 37 to 73 of 100]
4.169729658612832424e+01 4.289925401373560732e+01 6.305836479413969897e+01 6.888132603822971589e+01 7.178357418024724268e+01 7.475406284039065952e+01 7.187638418543842533e+01 7.187638418543842533e+01 9.221327905676737657e+01 1.038082393837027837e+02 1.121870671839249098e+02 1.010390730062759701e+02 1.179801793866529209e+02 1.211819197824006551e+02 1.016391845049458027e+02 1.073631191447787216e+02 9.219038932428524902e+01 1.060009801635985411e+02 8.636463923444948421e+01 8.636463923445261059e+01 9.524423827516727670e+01 7.547115730726066829e+01 8.055758556729847442e+01 6.947886783886501405e+01 4.940933693699511053e+01 6.339882850209955478e+01 8.202342667241678953e+01 9.025454009715629411e+01 7.496532589215175335e+01 5.648614433589476391e+01 4.624654781660509428e+01 5.265475554775225930e+01 6.945219631824539874e+01 7.565067164141970579e+01 5.948760652441519881e+01 3.970335001570808231e+01 5.454154376973391294e+01
5.288145269624953926e+01 6.305836478611191609e+01 4.563914994212014165e+01 6.599672810195620798e+01 7.738631177427846808e+01 9.171798997418140686e+01 9.221327905676734815e+01 9.221327905676737657e+01 1.005988853340717668e+02 1.159997083477362452e+02 1.243244034483993943e+02 1.212948439502243048e+02 1.296678139247546824e+02 1.293891335675812400e+02 1.211819197824006551e+02 1.198999730695525017e+02 1.117311558832708300e+02 1.141594457876825146e+02 1.060009801635985411e+02 1.060009801988464204e+02 1.034037594075968514e+02 9.524423829059580271e+01 8.159168111235520371e+01 6.168947873015486039e+01 4.730056240409788160e+01 6.751865783014589795e+01 7.710513164414290088e+01 8.530196618975452338e+01 8.361728536096751441e+01 7.347686426814485117e+01 6.111500104649454101e+01 4.129745571130391113e+01 5.656854734788475270e+01 6.488492021143935062e+01 6.780797892507179370e+01 5.454154376973391294e+01 3.483794435689764413e+01
6.726891276409327247e+01 7.439050831324686897e+01 6.599672810195623640e+01 4.865160912008304450e+01 6.305463299725729343e+01 7.233270724424482978e+01 9.260282981725316631e+01 1.115603252600233759e+02 1.032135753314524607e+02 9.578305694906832457e+01 1.100857424503364825e+02 1.302772850246511780e+02 1.277754173677476075e+02 1.164362133136200157e+02 1.082695275641290067e+02 1.082695275641290067e+02 1.164362133136200157e+02 1.090455882290969640e+02 1.008792531977064471e+02 1.008792531977064897e+02 1.059021156066409759e+02 8.619306827125586778e+01 8.445398104973692455e+01 6.558232596345494869e+01 4.521283673648685664e+01 6.293006275723102760e+01 5.706870230757812834e+01 7.710678268976620586e+01 7.717595461269630164e+01 6.843566906916451842e+01 6.945219635462625263e+01 5.656854734788475270e+01 3.685514439685221788e+01 5.226769878486888388e+01 6.056269433838475180e+01 6.236664970132687102e+01 4.806096757630542271e+01
8.761533710880276260e+01 7.695762818592598364e+01 5.666044231637995665e+01 6.899640453558973263e+01 5.203876497025613190e+01 6.639159914749781422e+01 8.667581098750638091e+01 1.032135753314524607e+02 8.299872143509388422e+01 1.032135753314524607e+02 1.176137846467901653e+02 1.259486718959181815e+02 1.195657028197162219e+02 1.000001533458368499e+02 8.869836249195660116e+01 8.869836249195660116e+01 1.051122831345343798e+02 1.008792531977064471e+02 8.117820261349253030e+01 8.117820261349253030e+01 9.102872790559946736e+01 8.619306827125586778e+01 6.633806120715625809e+01 5.627882133186345470e+01 6.293018066772934560e+01 4.253007556898032249e+01 6.293005807588118472e+01 7.066918190252611964e+01 6.429349736488912015e+01 4.780942631536721166e+01 5.158450797359650863e+01 5.219134734750881677e+01 5.226478930908383091e+01 3.261769291787377512e+01 5.226769939859278935e+01 6.271538845018743302e+01 5.821174198304277780e+01
8.603078422260135483e+01 6.574262766563458626e+01 7.695762149864305002e+01 7.477426566755381998e+01 5.449052589131955671e+01 7.477462570523347551e+01 8.332187081573060539e+01 8.856026436074070318e+01 7.658630082020226837e+01 9.682107724345019051e+01 9.739721661335210001e+01 1.176137846467901653e+02 1.186058767971940142e+02 1.104283513260283911e+02 9.697011014135567564e+01 7.725661359389341953e+01 9.697011014135567564e+01 9.483224149549977255e+01 8.694850673310953937e+01 6.712059876909172829e+01 7.123797560788264605e+01 8.521547758277240803e+01 8.445398104973692455e+01 7.530512374613138604e+01 5.523436957404410208e+01 4.099045396678023678e+01 6.111094655900208750e+01 5.967660475444232304e+01 4.556111493727071604e+01 5.140762799870045541e+01 3.181296581554789782e+01 3.063720477983205015e+01 4.857969343827111430e+01 2.975780129437960042e+01 4.539372248161175349e+01 3.948073984296949845e+01 5.360032702216075506e+01
9.319559211350491523e+01 7.293056250870401414e+01 9.319549592557268625e+01 8.315992593948826084e+01 6.883351110983269905e+01 5.808278221298894550e+01 6.300052371007634378e+01 6.827103335603132450e+01 8.856026436074026265e+01 8.310205867784489442e+01 9.739721661335210001e+01 1.176137846467901653e+02 1.104283513260283911e+02 9.081821862138794188e+01 9.150256993977438924e+01 7.168945614321471282e+01 8.426784369924597229e+01 7.506181035859222561e+01 7.762028669014135573e+01 7.451326427691219578e+01 5.721548632055932870e+01 6.894345276224244401e+01 6.667428199506508690e+01 6.961890635550177819e+01 5.934809106836386405e+01 3.960260989508346796e+01 5.708875243911564468e+01 5.365054945268695263e+01 3.466436701680110843e+01 3.348497688238322922e+01 5.068897458299314707e+01 4.501690362436748671e+01 2.897628758000966442e+01 4.506054547229686591e+01 2.573685490516819740e+01 2.467910144022981100e+01 4.229694895132423227e+01
9.319559211350491523e+01 8.727018125802825921e+01 1.015642227831737330e+02 9.748864303150941168e+01 8.363961209559555243e+01 6.332025160598790592e+01 6.332025160598793434e+01 6.827103335603149503e+01 7.354159931857566335e+01 9.378838466711157196e+01 1.033185122980220285e+02 1.235195415396407839e+02 1.078567270878022128e+02 8.827020249133897778e+01 7.682212240409427295e+01 6.972410993620222541e+01 6.435276320574138254e+01 6.092813174700007295e+01 5.772563616974666445e+01 5.468982512602708113e+01 5.176305830106804962e+01 4.929185746323667416e+01 4.706914511556280445e+01 4.488126795867604102e+01 5.905785909077894047e+01 3.929141808512481759e+01 3.752477250999082514e+01 3.633964515329375899e+01 5.404561767556816676e+01 5.304449389361634815e+01 5.729054084282154236e+01 3.867272110447518685e+01 4.700373695389583872e+01 2.734614121400822739e+01 4.523727000507830098e+01 4.088245191045620430e+01 2.317097719891954810e+01
1.134166538167427092e+02 1.075007993634294081e+02 1.062132820376935456e+02 8.599072720763153654e+01 7.164629582881384806e+01 8.363677271245171596e+01 6.921242196710052497e+01 8.856115367472759203e+01 9.378838466711199828e+01 9.007894708638451675e+01 1.102934891340546244e+02 1.193028068935089152e+02 1.160227136509231798e+02 1.014925926172438722e+02 8.334951836827713123e+01 8.955482036871023865e+01 7.598203455502755332e+01 8.085243557161078343e+01 7.762028669014135573e+01 5.888011651915541478e+01 7.149021814732688540e+01 6.894345276224244401e+01 6.495907542878589425e+01 5.257914260747101309e+01 4.183049789294955900e+01 5.815040282277655592e+01 4.333899829838017581e+01 5.615104937086142911e+01 6.449748226605572654e+01 6.938356485233536830e+01 5.070784276123882250e+01 5.797127773369467008e+01 4.385108652242986693e+01 4.715899317810437452e+01 5.459576480171039492e+01 4.949881713577291720e+01 4.139459952193883652e+01
1.137385088687642991e+02 1.189953772045238907e+02 9.878511020641703055e+01 8.448055514869106730e+01 8.180081436083790436e+01 9.664982370279840040e+01 7.641397823053752347e+01 8.578383152420749980e+01 1.060100363313748062e+02 1.102934891340550934e+02 1.134212624955986257e+02 9.920800432042388195e+01 1.134212624955986257e+02 1.094632610544860256e+02 1.014925926172438722e+02 1.039115643951823671e+02 9.597832289990411425e+01 8.653007726983088332e+01 6.667732049482057732e+01 7.874318540872400263e+01 8.453974827588278629e+01 6.460258720908007035e+01 5.120001903592331161e+01 4.663857348202094499e+01 6.157093261499927905e+01 6.853308351487308414e+01 6.299961530269693810e+01 5.259389380370284783e+01 7.227862939768398576e+01 7.714660373236102942e+01 6.393902248528261367e+01 7.341161432135321263e+01 6.544479846856343386e+01 6.620567938281720899e+01 4.636897914851702751e+01 4.384057468625227472e+01 2.412264237789231558e+01
1.039996333162138171e+02 1.123344009798175591e+02 1.130535986795150194e+02 1.047045603605718753e+02 9.348163258616837368e+01 1.050203057499712997e+02 8.654011633357423250e+01 1.050203057499712997e+02 1.143715535914898282e+02 1.159427953217864484e+02 1.044595015821883948e+02 8.508168617729099026e+01 1.044595015821883948e+02 1.097328435694153086e+02 1.014172096284811033e+02 1.097328435694153086e+02 1.062165296765826099e+02 8.653007726983088332e+01 7.334660093169676998e+01 9.312181543889791158e+01 7.893364363635039638e+01 5.901908309085829529e+01 7.043769798804444804e+01 6.681559754970976428e+01 5.402476655280327122e+01 7.506981363022639187e+01 8.039459032615123135e+01 6.143621045940221137e+01 8.039459032615123135e+01 9.035418489409242682e+01 7.470264974595205842e+01 6.627965637374721553e+01 6.133784011726873331e+01 6.039543138894302388e+01 4.057015135124779448e+01 2.662986093231436158e+01 4.386096477781817526e+01
8.385812079743487857e+01 1.039996333162138171e+02 1.198042715464103907e+02 1.220371376849980294e+02 1.136995700387474528e+02 1.151274569545688564e+02 1.067604120069483002e+02 1.151274569545688564e+02 1.133355688726665562e+02 1.017702315567716767e+02 8.759766779175703277e+01 7.620813596649001909e+01 9.614401981616815362e+01 9.973095909798553294e+01 8.144324223184577249e+01 9.973095909798553294e+01 1.091514111597177248e+02 8.951924601016303029e+01 8.737206196519382218e+01 9.312181543889791158e+01 8.563327501453819934e+01 6.553438087997474781e+01 8.563327501453819934e+01 8.150438805423193855e+01 6.016331900418839496e+01 8.150438805423193855e+01 8.916107366942135570e+01 7.533527125818464754e+01 8.916107366942135570e+01 8.333900097103793314e+01 6.627965637374721553e+01 4.651330194630818937e+01 4.178881127916991289e+01 5.482122982813544354e+01 4.819242247191988326e+01 2.847022945748305034e+01 3.982268142710648817e+01
8.975743323083153768e+01 9.131768675941306412e+01 1.114758636273717087e+02 1.108256874378040777e+02 1.026076152700050841e+02 1.026076152700050841e+02 1.054795018400982087e+02 1.112853406890674535e+02 1.050108496668260756e+02 8.500639374555468919e+01 7.355402735346926590e+01 6.962857502857885095e+01 8.949872519960820227e+01 9.143022593016330291e+01 7.154401049657633394e+01 8.439938703755034055e+01 1.043740955332588811e+02 1.091514111597177248e+02 1.070029482554160154e+02 1.127638867954250088e+02 9.383378829180230696e+01 7.567122821326310600e+01 9.383378829180230696e+01 8.987076648366371501e+01 7.275656525056845680e+01 7.548092949346001035e+01 9.604630340403980426e+01 9.484689030231517393e+01 8.935296458044010137e+01 6.890080997273267371e+01 5.469546463953866322e+01 6.627893098578844899e+01 5.481404371598610936e+01 3.542341273764717613e+01 3.115557073936572507e+01 4.819224150441977628e+01 5.646344723768874019e+01
7.490419314591902378e+01 8.911240040506122284e+01 1.092712171772803060e+02 1.026076152700050841e+02 8.327938934882234889e+01 8.327938934882234889e+01 8.606860908457205994e+01 9.175392794333784252e+01 1.111446149658794411e+02 1.017702315567716767e+02 8.350764950457870839e+01 6.370193166114174943e+01 7.739548762157974693e+01 8.439938703755034055e+01 6.458599944580664953e+01 7.855832771444715945e+01 9.850095167401215690e+01 9.697573455618628202e+01 9.697573455618628202e+01 1.052820920585464251e+02 1.037672222431610578e+02 9.559532181581317900e+01 1.037672222431610578e+02 1.016778188055617420e+02 9.345413623184097673e+01 9.604630340403980426e+01 1.042606034744203640e+02 9.850855813719711307e+01 7.805942488662810774e+01 6.624475412240464323e+01 7.489110736745446673e+01 6.403890624071294724e+01 4.416622720505934296e+01 3.443135322417728617e+01 5.083269831000385608e+01 3.806067493119001455e+01 5.781971463503214892e+01
9.501678113694704564e+01 1.033575341513443817e+02 1.036445346413873523e+02 9.548383382719653412e+01 8.894049565283120273e+01 6.994435859365508179e+01 7.269476603152622829e+01 8.357829490635725733e+01 1.029220503615395188e+02 1.014346479266516923e+02 8.146844284138605019e+01 6.747318170832826922e+01 5.765468326600621651e+01 7.211953573315888377e+01 5.934641691136475572e+01 7.910403646328875027e+01 9.116530073450290672e+01 7.704850941045832258e+01 7.704850941045832258e+01 9.697573455618628202e+01 1.104460312210283774e+02 1.019983117487865911e+02 1.104460312200248069e+02 1.070571009431459402e+02 9.861932382225526794e+01 1.012611777955866330e+02 1.096997536397623065e+02 1.069108192168375524e+02 9.513228680403078386e+01 8.670224555028666202e+01 8.401772599409508757e+01 6.401298754879772446e+01 5.648710671466182731e+01 3.680470691558615925e+01 5.650923104756271442e+01 5.781971463475530726e+01 4.571488823977064442e+01
1.059716658536662663e+02 1.108490596198924152e+02 9.548383382719653412e+01 7.630022613701623868e+01 8.191897474184759176e+01 6.322635625890466571e+01 7.661187397123720189e+01 9.577405542368440194e+01 1.012972263925389456e+02 9.298747241030613964e+01 9.560254756232654927e+01 8.565907392832886558e+01 7.211953573315888377e+01 5.242200271230425557e+01 6.630884738350725627e+01 8.605250682365678472e+01 8.288505852541095464e+01 6.308649896436511284e+01 8.288505852541095464e+01 9.482942075450799280e+01 1.003036777871589607e+02 8.175912366195869652e+01 1.003036777829070445e+02 9.536919491809599947e+01 7.842769502188605202e+01 8.103863619782892158e+01 1.012611777955866330e+02 1.128266163383924834e+02 1.007589373239118515e+02 8.908699004072846606e+01 8.071494807541456851e+01 7.358891047862842072e+01 5.995421110787967933e+01 4.016567083053722342e+01 4.171712154024319119e+01 6.154601147279889517e+01 6.563175704384434539e+01
1.020398255067307929e+02 1.026328374226752373e+02 8.328829309495907296e+01 7.237368993597760891e+01 6.287991610846273005e+01 5.879835515653976330e+01 7.226903855950753552e+01 9.137794954231260647e+01 8.975532010317645870e+01 7.302544480025713369e+01 8.975532010317645870e+01 8.330567320676094312e+01 6.350567981037490028e+01 4.961954917426320577e+01 6.930496360872749051e+01 7.765632409053685592e+01 6.941595634904631140e+01 5.688360434659092135e+01 6.670713078919951045e+01 8.654127774094075676e+01 9.187871770537256566e+01 7.178608962466006460e+01 8.183240366501621565e+01 8.696168149898427657e+01 6.694423920481803236e+01 8.696168149898512922e+01 8.412706923064732223e+01 1.043766949606157226e+02 9.238944636378970188e+01 7.216862217544800728e+01 6.055947004470353789e+01 5.351835194607957646e+01 4.728349409215183385e+01 4.501788424504409392e+01 6.154601147279889517e+01 4.692414235413916401e+01 5.837598365499012232e+01
8.269911909886015167e+01 8.836388085278720439e+01 9.647284914560970037e+01 8.997238038919878989e+01 7.380069286309939969e+01 5.465578808080219630e+01 7.380069286309939969e+01 9.040831934183765384e+01 8.146239039207029009e+01 6.159315364289948036e+01 8.146239039207029009e+01 8.058593494765295873e+01 6.080819933643462605e+01 4.692158111156244615e+01 6.291467781972015416e+01 6.333878795328685385e+01 4.972365578125249641e+01 6.105590270576279721e+01 8.083600200277223280e+01 9.482942075450803543e+01 9.607984096944106511e+01 7.593092190446319023e+01 6.190020637752898125e+01 7.369511819721113000e+01 6.100902641243865787e+01 6.781648139742081582e+01 8.784294478703041875e+01 9.466678252815718508e+01 9.690556116547671195e+01 8.908699004072846606e+01 8.071494807541456851e+01 6.354525161591987370e+01 6.724204259107754922e+01 5.008019748390302794e+01 7.010280063066625189e+01 5.093265338338192549e+01 7.096917111384789223e+01
