LEM/with_lateral_4open/elevation_000503.asc
nrows	100
cellsize	150.0
xllcorner	0
ncols	100
yllcorner	0
NODATA_value	-9999
[rows 34 to 50 of 100, columns 37 to 73 of 100]
6.580462934431329813e+01 6.149073488131894294e+01 7.575442540082364928e+01 8.151378283680172387e+01 6.693794629691083742e+01 4.673053830570542289e+01 6.101725336019227797e+01 8.123151301700190174e+01 8.476442809048890581e+01 8.358920970670428119e+01 7.915978261302441865e+01 7.081790263039735578e+01 6.816818023789777214e+01 5.725421462088463898e+01 3.714814004314979456e+01 3.808861372857081307e+01 5.806713813038025052e+01 6.300733872496370225e+01 5.865406539116862206e+01 5.500226931929170604e+01 7.515939777952088718e+01 9.039319696855534403e+01 9.871391931450150992e+01 8.687098470503761405e+01 8.687098470503761405e+01 1.070066935810643827e+02 1.029433436184580017e+02 8.309312307122219465e+01 6.911103356651648255e+01 6.204215389039763551e+01 5.764152914586821197e+01 5.359867991227636708e+01 4.984189006998249738e+01 5.880030710767192659e+01 5.924268754526209335e+01 3.921888342491801183e+01 5.609645186050997268e+01
8.601065199444289533e+01 8.170233344646693752e+01 8.843701654467092510e+01 7.318195859588921337e+01 5.294904628221510734e+01 6.693794629691083742e+01 5.344953160969370742e+01 6.776619275866238468e+01 8.796453324043606870e+01 9.874853494832959200e+01 7.862502429495125966e+01 6.433042565084593889e+01 5.981754702991666051e+01 3.970088339068654903e+01 5.725421462088463898e+01 5.806713938885233972e+01 4.095926519137398003e+01 4.302791807940178614e+01 4.512292801793311270e+01 6.511875875942348557e+01 7.672675759298903131e+01 7.005547803273988450e+01 8.410739246862895868e+01 7.245627149227790653e+01 8.687098470503761405e+01 1.070066935810643827e+02 1.022186933769769581e+02 8.237541674532916147e+01 7.096396601587554187e+01 8.190814526780121696e+01 7.176309143981526972e+01 6.776891045621601961e+01 7.165758911165877976e+01 7.532046611550303794e+01 6.751675530744104492e+01 5.609645186050997268e+01 3.607600245819840268e+01
9.670943931686498729e+01 9.920138486211511974e+01 8.012026858475327629e+01 5.989179269645798342e+01 7.318195859588921337e+01 7.952203392212804545e+01 5.929208170128437416e+01 6.997771108858027844e+01 9.016501153277545200e+01 9.400675810801463683e+01 7.379917002138418525e+01 5.949437314463158089e+01 4.785973928235961949e+01 4.152737623023983815e+01 6.165966248278391504e+01 6.928963341117103880e+01 5.502926589284750492e+01 6.300733894153277248e+01 6.511875875942348557e+01 4.829498552793207011e+01 6.835109318288948543e+01 5.828705436423752673e+01 6.369222503422222559e+01 8.410739246862895868e+01 9.276859729082764261e+01 1.128700433022376899e+02 1.105356684187627394e+02 9.903929381405140475e+01 8.084720115866475965e+01 9.903929380880506983e+01 9.159946431897483876e+01 8.763218974314693810e+01 8.612493183038250777e+01 7.786022401197712384e+01 6.828862828801959495e+01 6.001552333342382184e+01 5.609645114105234143e+01
1.025376863408297652e+02 8.240334804664429669e+01 7.072154327345623415e+01 6.755116843530230142e+01 8.775757080954711853e+01 8.591440783187321983e+01 6.569994662164306476e+01 8.591440783187321983e+01 9.845302250460134985e+01 9.870640277694134568e+01 7.862146588299529526e+01 6.432982838450021745e+01 6.359332625726025867e+01 4.345188886408794104e+01 5.743401633159272990e+01 7.664811812140368374e+01 7.519464965926368905e+01 7.917741550265462536e+01 5.890315266818493001e+01 6.835109318288948543e+01 5.169042999928085891e+01 7.186315776558538460e+01 8.269730779099261042e+01 8.750103926268452881e+01 9.577050536233637956e+01 1.047612155987942231e+02 1.162731327766658040e+02 1.089888796680196492e+02 1.006771433855170272e+02 1.089888796680196492e+02 1.088047477441019311e+02 9.592033438545348645e+01 7.786022401197143950e+01 5.788423698677714668e+01 6.001552333334772982e+01 3.999070609267734966e+01 3.745083927186097128e+01
1.107903160008989119e+02 9.920138486212204043e+01 9.091312070672674395e+01 7.767787201332130564e+01 9.605498084981230988e+01 9.354215540211610858e+01 7.336103226767605179e+01 9.354215540211610858e+01 9.824807580658429629e+01 8.659002909269558756e+01 7.823656899020770084e+01 7.346067374044231713e+01 6.557496830804501542e+01 4.541277439527033977e+01 6.509264987063949093e+01 7.867086293577479239e+01 9.101733531205576355e+01 8.746456362659338879e+01 6.903746836992175417e+01 7.594392138774915679e+01 5.560347446535929095e+01 5.778587172143200235e+01 6.228805725247308089e+01 6.712053267088892028e+01 7.633009346825882346e+01 8.807480973027487892e+01 1.081001733028802221e+02 1.129294965798580677e+02 1.046206645105651774e+02 9.730704187289506990e+01 8.903783374368607895e+01 8.064123471820781219e+01 6.770189333228964301e+01 6.373506812543553224e+01 4.370470641263649725e+01 4.223251126655267740e+01 5.747236900069351151e+01
9.993547209279073229e+01 1.021243252804376311e+02 1.061057554132458165e+02 9.783726960577290299e+01 1.061057554132458165e+02 1.018236248618392494e+02 8.765343867147724666e+01 1.018236248618392494e+02 8.991150627582726429e+01 6.969180995943933965e+01 5.798517434327986564e+01 5.323452283951992570e+01 4.874782396965721176e+01 6.557508360690101767e+01 5.076796188924599562e+01 6.242794525752260881e+01 8.267091579823285485e+01 9.743731294116457775e+01 8.341598044435461645e+01 8.449839939964866176e+01 6.998525200760832377e+01 6.196120001448367276e+01 8.237114346120412733e+01 8.750103926268459986e+01 7.682322965225932876e+01 8.856231326804315529e+01 1.085818662278498863e+02 1.046206645105651774e+02 8.476088631940446305e+01 8.903783374369287174e+01 6.913443284650411158e+01 6.654833813971953305e+01 6.770189333231041928e+01 4.767040794943244464e+01 6.373506812550385803e+01 4.566488135415181659e+01 6.569493458497213112e+01
7.985992619775775836e+01 8.205760582469899589e+01 1.021243252804376311e+02 1.038277644807727569e+02 1.003979690465199752e+02 1.085805735081520709e+02 1.077587751981978101e+02 9.851567339081354646e+01 7.833711287267090029e+01 6.663131739153695321e+01 7.823721858289644615e+01 7.173729343985043272e+01 5.155340869031116569e+01 7.177179284928507741e+01 7.098373566627148534e+01 5.683823211041779899e+01 7.116689032290472028e+01 9.138903305289737489e+01 1.032947131125925466e+02 9.924250108125274039e+01 8.956343424367031503e+01 6.922197586373638956e+01 7.114657718843633916e+01 9.145291139639986966e+01 8.700457811389767926e+01 1.052441432173271920e+02 1.167529034773316710e+02 1.046206645105651774e+02 8.476088631940447726e+01 7.070526504503240517e+01 7.496400400060960578e+01 5.495637317760157003e+01 5.185480457625987327e+01 6.770189333230629813e+01 6.923536451395156632e+01 4.920766842517382855e+01 6.923536451395158053e+01
6.557172107469068578e+01 8.573991745439113288e+01 9.792743896861512098e+01 8.385649974878081991e+01 8.039502883322482774e+01 9.198641815462846694e+01 1.118883612500695932e+02 1.068428914280470536e+02 8.686557604380473663e+01 7.570549688335646010e+01 8.782746170191522594e+01 6.764461171030410469e+01 5.594216158640169567e+01 5.703328823201424314e+01 7.728309112485091248e+01 7.708981879839737417e+01 6.358609619182377770e+01 7.792748659195636662e+01 9.811980628336807797e+01 1.022888967580668549e+02 8.216817384577367989e+01 8.956343424367031503e+01 7.841166191215560843e+01 9.858540757726592574e+01 1.012225502369400232e+02 1.152196926154772285e+02 1.105876973208254412e+02 1.016953087488364105e+02 9.342412494564241854e+01 7.995542771460766573e+01 5.998973285861292482e+01 7.496400400060960578e+01 6.604052657791619652e+01 8.013684238367966373e+01 7.295227237706968992e+01 5.293611096124502780e+01 7.295227237706968992e+01
5.874487326317269975e+01 7.901718532782436455e+01 8.182656495626446258e+01 6.961738442448267961e+01 8.970594775990943504e+01 1.085805735081520709e+02 1.200288472445781878e+02 1.153397075190293037e+02 1.042237054504863920e+02 8.738063930675663471e+01 9.597467591747640370e+01 8.098036087638897129e+01 6.084532985843954123e+01 6.107711394299449381e+01 8.133458542031502247e+01 8.906735398140929760e+01 6.882840607252242648e+01 8.316101563575357147e+01 1.033265161194557038e+02 1.104975130260385043e+02 9.644968296043047928e+01 1.068079385024150838e+02 8.857437312828193399e+01 1.068079385024150838e+02 1.210933261724120911e+02 1.163700770077011271e+02 9.645532991398226841e+01 8.246749559408785046e+01 7.358760092888080351e+01 6.651389261060955960e+01 7.155719707341067704e+01 8.820929899268350027e+01 8.596667230959396022e+01 8.077916511235602570e+01 6.082442571834446454e+01 5.851613216560250663e+01 7.849280437404451050e+01
5.279655175633926945e+01 7.316294748220143163e+01 6.163492593907306372e+01 8.182656495626446258e+01 9.792743896861512098e+01 1.027143715306634988e+02 1.110087726425916657e+02 1.178846543994854983e+02 1.158437022304495372e+02 1.075241051977599938e+02 1.030293366289787258e+02 8.640463941496321354e+01 6.608819120440607264e+01 6.530913836057025890e+01 8.555643956777164760e+01 9.670090008425518135e+01 7.650443547457888371e+01 8.316101563575357147e+01 9.743737440732103039e+01 1.175441619116280663e+02 1.163860059019164055e+02 1.167802065394386091e+02 1.085964420262499317e+02 1.167802065394386091e+02 1.173829814084313057e+02 1.114975850696589106e+02 1.105876973208254412e+02 9.895864608567644893e+01 7.911884577055010936e+01 7.544732246297965617e+01 9.142762411732235250e+01 9.969754994234240542e+01 8.966949534183930837e+01 6.979011260629349067e+01 8.077916511235602570e+01 7.849280437404451050e+01 6.749537508294481825e+01
4.961347070096822165e+01 5.434865473165665861e+01 6.878661460195512234e+01 8.865056025992790012e+01 9.937956495676543511e+01 8.259779872498904751e+01 9.780644670911617311e+01 9.780644670911618732e+01 1.161512181390189085e+02 1.090904804772822985e+02 8.875463062804200831e+01 7.439006592857890610e+01 8.640463941496321354e+01 6.974757410991314543e+01 8.996914897126504229e+01 1.050257414231694924e+02 9.670090008425518135e+01 9.300832975401385738e+01 1.116451879130164855e+02 1.208451220138058062e+02 1.125074208131961626e+02 1.125074208131961626e+02 1.115559334320156921e+02 1.056796228470590506e+02 9.736433717346176309e+01 9.151015421447579001e+01 1.056717954230888097e+02 1.072482206905961277e+02 9.313076859895862469e+01 8.689208990333217741e+01 1.035576468883612904e+02 1.037139781872023576e+02 8.385208007077365266e+01 8.128032216854441572e+01 9.793629414352970741e+01 9.565189599237861273e+01 7.900174161497132275e+01
6.403114064701755126e+01 7.217225286278640795e+01 7.576789387498071449e+01 7.952813769816373224e+01 8.348618083752714369e+01 7.097034962243955647e+01 7.768729500017163048e+01 8.774791055695801845e+01 1.078649828612744130e+02 1.055790404045604873e+02 8.524654254759718697e+01 9.471086314769303272e+01 9.579485326309142579e+01 7.561402161646078923e+01 8.058443871422629456e+01 9.223895357144174056e+01 1.123666218832713923e+02 1.131309538931692913e+02 1.214418310509718992e+02 1.125074208131961626e+02 9.251436131986925204e+01 9.251436131986925204e+01 9.156668764006798256e+01 8.572091847243940776e+01 9.736433717346176309e+01 7.744660709945672750e+01 8.983614282250036354e+01 1.098166450898017530e+02 1.130283869539594690e+02 1.067393722794112279e+02 1.150551804638865860e+02 1.120205082162857195e+02 1.037139781872023576e+02 1.011293190133071107e+02 1.094272150402887860e+02 1.071388033405032871e+02 9.884836480795573266e+01
4.828610543403640065e+01 5.175585610499103950e+01 5.543420579580433838e+01 5.928559673826198662e+01 6.331183108647112334e+01 7.759733098559570408e+01 9.770312201683886144e+01 1.061091324393176052e+02 1.161512181390189085e+02 1.139937450682271987e+02 9.697836993188117560e+01 1.139937450682271987e+02 9.579485326309142579e+01 8.277164413090196149e+01 9.485223247879510211e+01 1.090740113990943740e+02 1.206884832582242382e+02 1.147429954081484595e+02 1.064649533069902532e+02 1.064649533069902532e+02 9.837019286879856850e+01 7.844781083413177214e+01 8.840900185146493584e+01 7.165509398003824515e+01 8.134654189490406395e+01 6.992626382979570110e+01 8.983614282250036354e+01 1.078507550367710763e+02 1.111091857674796302e+02 1.028520222091966332e+02 1.111091857674796302e+02 1.067834463010678689e+02 9.853016819212081145e+01 9.594495393666238670e+01 1.041981295513227082e+02 1.064073899616455776e+02 9.815310652469929664e+01
6.872027691473978450e+01 7.217225286278652163e+01 7.576789387498071449e+01 7.952813769816373224e+01 8.348618083752714369e+01 7.412326659395029083e+01 8.419080312610304873e+01 9.841539782484871068e+01 1.184555306733551703e+02 1.257326174687139400e+02 1.173277747598191638e+02 1.242389456100378169e+02 1.112440319921202416e+02 9.179120795297366442e+01 1.112440319921202416e+02 1.232957903193935749e+02 1.221355187572182217e+02 1.064649533069902532e+02 8.653231221200590539e+01 8.653231221200590539e+01 1.006376538100771256e+02 8.840900185146519163e+01 6.850063803516984251e+01 6.272440955658752415e+01 6.140187212881176038e+01 8.134654189490406395e+01 7.959037652188685286e+01 9.953897250767455773e+01 1.011544423034554256e+02 8.295291933394372563e+01 1.011544423034554256e+02 9.853016819212081145e+01 7.863074203891156344e+01 7.605095625078901378e+01 9.270709416998967356e+01 9.645418072155904099e+01 7.825546296871030449e+01
7.782763078494187425e+01 8.355159844072144892e+01 7.789252263437306567e+01 8.462232977599109063e+01 9.293404605721393352e+01 9.423790998319996959e+01 1.025273513977731454e+02 1.125559426516982597e+02 1.253800165952488044e+02 1.171316819148393193e+02 1.182308000570421740e+02 1.264781845830115401e+02 1.202404825393786325e+02 1.060312186790309994e+02 1.202404825393786325e+02 1.230972382780957730e+02 1.138532515393333142e+02 9.389516275517993904e+01 8.241045163624634995e+01 7.247027764558795582e+01 8.424623724905281108e+01 9.149707740303938408e+01 8.840900185145429191e+01 7.601610468368508577e+01 5.601085712246020876e+01 6.329716658920429495e+01 7.741067278760660031e+01 9.735083844601165026e+01 9.290247077157016520e+01 7.304482556892129708e+01 9.290247077157016520e+01 9.743850030737844747e+01 8.445914901746557746e+01 6.455333967903854386e+01 8.445914901746557746e+01 8.820428474670477215e+01 6.830703069871161404e+01
6.813337533659304768e+01 6.338020113403528200e+01 5.771375362670736564e+01 6.443290835113684523e+01 7.454298532020563073e+01 8.882188077571818496e+01 1.088967513373453215e+02 1.180827963618538661e+02 1.098237389097666039e+02 9.711805603219490024e+01 9.822308442912961368e+01 1.123917488504006883e+02 1.323275166715071123e+02 1.261327753712991324e+02 1.230972382780957730e+02 1.030629864392509631e+02 1.067393401502339856e+02 1.098412794369460244e+02 8.989880535171910481e+01 7.583235014508655070e+01 6.432386451875905209e+01 7.157907067384773825e+01 7.305630384947818357e+01 7.032728025858637011e+01 5.252823982121119428e+01 7.258523303150901995e+01 9.153461789380183689e+01 1.003441549894321412e+02 8.045904052084088676e+01 6.645325561259814151e+01 8.628325570402057565e+01 8.918865875145729660e+01 6.927100490158531443e+01 5.851372247476585642e+01 7.845732167892785469e+01 7.404030919255949073e+01 6.164523849979445203e+01
5.979806644506012958e+01 4.914713033333495673e+01 6.928826661915562113e+01 8.462232977599109063e+01 9.293404605721615042e+01 1.029924511684195210e+02 1.121767814688812024e+02 1.039068151046524235e+02 8.975847372157194570e+01 8.548153466766839870e+01 9.372212218037390130e+01 1.079106748147050041e+02 1.278655900649890071e+02 1.311054268027968703e+02 1.195217001782873325e+02 1.067393401502339856e+02 8.678563931154897659e+01 9.521906559968999773e+01 9.052896357772065983e+01 8.618729614546535345e+01 7.741291977720155160e+01 5.742860843082067390e+01 5.300504883994884864e+01 5.023628825925561614e+01 4.942439132383567113e+01 6.952657024120813389e+01 8.298872884245811576e+01 9.451812786980119085e+01 8.078340323309144821e+01 6.097172730780050642e+01 8.078340323309144821e+01 8.701040276905273174e+01 6.709199629799019249e+01 5.294094785198282693e+01 7.292596248222348265e+01 5.406351701897819595e+01 7.404030919255849597e+01
