LEM/with_lateral_4open/elevation_000357.asc
nrows	100
cellsize	150.0
xllcorner	0
ncols	100
yllcorner	0
NODATA_value	-9999
[rows 34 to 50 of 100, columns 37 to 73 of 100]
6.606257059138962973e+01 7.188582249424858617e+01 6.444957995892583824e+01 4.441231407815080701e+01 5.342511274067315696e+01 6.497251066312725243e+01 8.486364576917864611e+01 9.537511438840904532e+01 9.638602718485088872e+01 8.805836043331950691e+01 8.956326947851877662e+01 8.632197474539118787e+01 6.791984616834642452e+01 4.440203188632026610e+01 3.935015846422232499e+01 5.711316602312228952e+01 6.545340257898601521e+01 5.765718388958415375e+01 4.062925687293349597e+01 6.078613878868660692e+01 5.786857733183763486e+01 7.472694933468068257e+01 8.940623589336725274e+01 7.783815202569633129e+01 7.783815202569633129e+01 9.800571262894246161e+01 1.017488034851186285e+02 8.169569218101467811e+01 6.753604224468627137e+01 5.936516118198990455e+01 5.381216158600353339e+01 4.963985029194704168e+01 5.660392743491058098e+01 7.334196155958773033e+01 7.206112890674826588e+01 5.994117138696372393e+01 3.993749827800088781e+01
8.594439621524549011e+01 7.199061167290767571e+01 5.203676493748868381e+01 4.882273439516508517e+01 6.876994159383822591e+01 8.152672633484955611e+01 9.313226910727938446e+01 1.023130635093578888e+02 8.215386909162295126e+01 6.789323320418579044e+01 6.939876859294993494e+01 6.616124582072616533e+01 6.195387430982300003e+01 4.180613356741767461e+01 5.950512251339070247e+01 5.580622212948581051e+01 7.596295598351447609e+01 6.911855971779324648e+01 6.077295275832475596e+01 4.383345411987733087e+01 4.622618406038556316e+01 6.638656295496222981e+01 6.924576978753310641e+01 6.358929805604545749e+01 7.783815202569633129e+01 9.800571262894246161e+01 1.051414669336759999e+02 8.508551048077214318e+01 7.092146341398928655e+01 7.751599490465135034e+01 5.749011027934449913e+01 6.966119671377461486e+01 7.662830864424059030e+01 8.491990077799971459e+01 7.996671678597833477e+01 5.994117138696383051e+01 5.619258979597837822e+01
8.046742083437928272e+01 6.058787809968670501e+01 7.199061167290767571e+01 6.880703218645257380e+01 5.553407696861493292e+01 6.706019003244929877e+01 8.690739139665636515e+01 1.006619982940138271e+02 8.902777303326593028e+01 7.530481416309103793e+01 5.514473386743442518e+01 6.616123155311166215e+01 4.598338840918525250e+01 6.195329348675137737e+01 4.489100645828383307e+01 6.506739099267021231e+01 8.429423572232087736e+01 7.674178927919918181e+01 5.658593228762153160e+01 5.809050095946021486e+01 6.638656295496222981e+01 4.979506751292130673e+01 5.500600356743915142e+01 7.515063359805218113e+01 8.374509376637726632e+01 1.038926729069548571e+02 1.073358373409183315e+02 8.727932565330567627e+01 8.753331221210849833e+01 6.749867759719425919e+01 7.164649406844782220e+01 8.581955151810871030e+01 8.297812033404237297e+01 7.470230082964820895e+01 6.772631439804086995e+01 6.176788057788508013e+01 5.627354731814347844e+01
7.208216699608027511e+01 7.465607715757701612e+01 8.868444454034012381e+01 8.075791665816640830e+01 6.089173898214267666e+01 8.075823756861979064e+01 9.513192798366155500e+01 9.233901041818025135e+01 7.216408285258297894e+01 6.053770868185394249e+01 7.061769535880257820e+01 5.044027857305879081e+01 6.616124308861562042e+01 6.729653066700902286e+01 4.710739546788486365e+01 6.729664076453994426e+01 8.158384802038328587e+01 8.507992634196001802e+01 7.083773136925439928e+01 7.824619193062358136e+01 6.404614373151557061e+01 6.994937479169720973e+01 5.414903727291614643e+01 6.838941953409772623e+01 8.854868373862213105e+01 9.855327266339494940e+01 1.101798177659999141e+02 1.073358373409183315e+02 9.583957018494929514e+01 7.645156532219036194e+01 9.168622342777409528e+01 8.614764334304130955e+01 6.632372859981641966e+01 5.497123158462857617e+01 4.797451663847746772e+01 4.196961542459094119e+01 3.642797147591245022e+01
9.192189059459479950e+01 9.449724555087429678e+01 9.010593180846117889e+01 7.027647785388420232e+01 8.075823756945358411e+01 8.898089293048724358e+01 1.023196263981391780e+02 8.214878698527090251e+01 6.788494771140476303e+01 6.765143652529107499e+01 7.895894231231415006e+01 7.061771180207088605e+01 7.114434520632113390e+01 5.096681267979978713e+01 6.729664076453138932e+01 5.307507239978809821e+01 7.324418887783713217e+01 8.829956824575386065e+01 9.099765981596002007e+01 8.420103527900984375e+01 8.420103527900982954e+01 7.849373735628323345e+01 5.835217515621061324e+01 6.105613643073580477e+01 7.005335995737156907e+01 8.170071479316294472e+01 1.018733791947695266e+02 1.165576635732561215e+02 9.649863377341394255e+01 9.649863377341394255e+01 1.048060434644489192e+02 9.446795102594343518e+01 8.297812033404237297e+01 7.470230082964820895e+01 6.772631439804086995e+01 5.444705018047215361e+01 3.450879394141546896e+01
9.689512217180654829e+01 1.053102987285735708e+02 9.833310047209467086e+01 8.429390011698100693e+01 8.429390011698100693e+01 1.041374175429834850e+02 1.045187053127039576e+02 8.435693534310510699e+01 7.459687584056239018e+01 7.526400337664281892e+01 9.545350357217256487e+01 8.816945972557600442e+01 6.800867730643159348e+01 5.375290853732984431e+01 7.391363376297029220e+01 6.733871282872426889e+01 5.980721564095270537e+01 7.996267580442750500e+01 9.591643443252390000e+01 1.043391493153719836e+02 8.486822903625605363e+01 6.471031640174889787e+01 7.849373735628323345e+01 8.120490031193226343e+01 7.005335995737156907e+01 8.170071479316295893e+01 1.018733791947695266e+02 1.141426603878055488e+02 1.041002101148644812e+02 9.578772011324166158e+01 8.867968672753821124e+01 8.331607185510991087e+01 7.846133608110930879e+01 8.449754383022907689e+01 7.036933010041528291e+01 5.676391640532756355e+01 3.683347953889668958e+01
7.644067301004820081e+01 9.510334467063019304e+01 1.068854347810573415e+02 1.041374175429834850e+02 1.041374175429834850e+02 1.123723008272083916e+02 1.128202823570108535e+02 1.019243368745341485e+02 8.173575607143325783e+01 8.536721149419322785e+01 1.037723681536618017e+02 8.843360463254941806e+01 6.826908922391079670e+01 5.664573870258977450e+01 7.679161623329355280e+01 8.750126924787458904e+01 7.996267580442747658e+01 6.741677714829096146e+01 7.905785293719341666e+01 9.923538329055963914e+01 8.962418250715539614e+01 6.944638080547126435e+01 8.962418250715539614e+01 9.855327266339494940e+01 8.170071479316295893e+01 9.022668597222993014e+01 1.101798177659999283e+02 1.058371185895792195e+02 8.573832163690424579e+01 7.568316568151652746e+01 6.861087752030597642e+01 6.329948347444091894e+01 5.849555719317162783e+01 7.198358203040427838e+01 5.624111571501337181e+01 4.217437736988323138e+01 3.984832712515492403e+01
6.614245167219399946e+01 7.802532587025183375e+01 9.847387011538221202e+01 1.065540212774529465e+02 1.033272857014748496e+02 1.117294389417094749e+02 1.220128573382236397e+02 1.019243368745341485e+02 9.185225042953179297e+01 9.965323502727603966e+01 1.138384825808492025e+02 9.676268941780013222e+01 7.982777553820658056e+01 5.968817283349998348e+01 7.982777553820658056e+01 9.837252369190755985e+01 7.819256219096993732e+01 8.758588070946171911e+01 9.591643443252390000e+01 1.075471352217272027e+02 9.545466149211206641e+01 7.525731333602045936e+01 8.592448368141690196e+01 1.060856431135632079e+02 1.018733791947695266e+02 1.101798177659999283e+02 1.186554311814806795e+02 1.141426603878055630e+02 1.041002101148644954e+02 8.499252715673816283e+01 8.867968672753821124e+01 8.331607185510991087e+01 7.198358203074170092e+01 5.206964818735976763e+01 4.792688272642021730e+01 4.449230639272535370e+01 5.976672837696217044e+01
7.148627128246076268e+01 9.197963688249771508e+01 1.005456392497454488e+02 8.614351573394242223e+01 8.290691188518829335e+01 9.996269154403638879e+01 1.101556959636971555e+02 1.202819096529353402e+02 1.061210818977208987e+02 1.197512101416299970e+02 1.094870060922586390e+02 9.785187720295024860e+01 8.297380655965521612e+01 6.282938019925249051e+01 7.706353155870789351e+01 9.724244171989694507e+01 9.837252599467409198e+01 9.247553800744066166e+01 1.126091143706043880e+02 1.097057515007770405e+02 8.955166673192341875e+01 8.429733042159016065e+01 1.037745933802058147e+02 1.143823363434013913e+02 1.170741951938011454e+02 1.229816761042906563e+02 1.275070288105200831e+02 1.191412144432089519e+02 1.133929281856862161e+02 1.050856654178181913e+02 1.076080662808408022e+02 9.929783139860539620e+01 8.028551243860788134e+01 6.961983785772113720e+01 4.971933949130610841e+01 5.200507726422485888e+01 7.192135720434256996e+01
6.596980070511334304e+01 8.650255456396779152e+01 9.032967160708595600e+01 7.165051928893285549e+01 7.106363173318526094e+01 8.132552578047064173e+01 9.577949564088612533e+01 1.161628058663913947e+02 1.261807522636561743e+02 1.177012912165212271e+02 1.011778988067361524e+02 8.098686858930503263e+01 6.934202294955312595e+01 7.041981033211767738e+01 7.139624834388155250e+01 9.158032577816608466e+01 1.099836415300821102e+02 1.126091143706043880e+02 1.208963923675461558e+02 1.179976930189703950e+02 1.097057515007770405e+02 9.597813291639940303e+01 1.127824728211225249e+02 1.111938486597102411e+02 9.694947220545833488e+01 1.028438670992431838e+02 1.158753956169817769e+02 9.901546261113089997e+01 1.158753956169817769e+02 1.134970013613609154e+02 9.341634262559136914e+01 7.919946640597483167e+01 8.761651004117656782e+01 6.758569860161581744e+01 5.353703637294200490e+01 7.192135720434256996e+01 6.605880804762088587e+01
7.945987590657040300e+01 8.194026617576656690e+01 8.188606684455453433e+01 6.130441567652295021e+01 8.188606684455453433e+01 9.447298411789694228e+01 1.028924885326491676e+02 1.025760055541939550e+02 1.109800711539560467e+02 1.094096118526921799e+02 8.924611458535478903e+01 7.756577688276460947e+01 8.361023734768208726e+01 7.864831482090329473e+01 9.158032577936315022e+01 8.148491869761666351e+01 9.578165874936810553e+01 1.159052865193074950e+02 1.223847856439597450e+02 1.282935751230278356e+02 1.243757524482393819e+02 1.160964446146685702e+02 1.170741951938011454e+02 9.694947220545833488e+01 8.274067165938686230e+01 9.279226937931505859e+01 1.011341314580953110e+02 8.741102698036993957e+01 1.075216062053150239e+02 1.062898264041030387e+02 1.076080662808408022e+02 8.769403495983888774e+01 6.763649047316596352e+01 6.101794991038794080e+01 6.053307809088445168e+01 7.345258745006812262e+01 8.607480288857907169e+01
6.471927970405009489e+01 6.137107876410189533e+01 7.020104269765315053e+01 5.626433043140834656e+01 7.689428321423545754e+01 7.402465051839075727e+01 8.814129513903051816e+01 8.216224231614164353e+01 1.025760055541939550e+02 1.150830348326023227e+02 1.049067309437542406e+02 8.471594881570874236e+01 1.037894849067256899e+02 8.876537524150867853e+01 1.071626719399020260e+02 9.316388315149681887e+01 1.099836415300821102e+02 1.165004796094009407e+02 1.022534099943324293e+02 1.081496596617803903e+02 1.085260547949186076e+02 1.168863907065393732e+02 1.153868367878732215e+02 1.070118336996297614e+02 8.690233298680402640e+01 7.272580985751055493e+01 9.279226937931505859e+01 7.982922840870268999e+01 8.987487506767551793e+01 8.618569894067094594e+01 1.062898264041030387e+02 9.601030394745508545e+01 7.732381523233956955e+01 8.100818680715624964e+01 6.804050109707971217e+01 8.810044961258850549e+01 1.018084103755259804e+02
4.422316741544337759e+01 4.683803115012471352e+01 4.958573221136729359e+01 5.359885285938741362e+01 5.774485974790252385e+01 6.209689701563976172e+01 6.765885681101573823e+01 7.605637968762260925e+01 8.627157387172009351e+01 1.066857338582190664e+02 1.132073959351138512e+02 9.484140505159624013e+01 1.132073959351138512e+02 1.030510238780276353e+02 1.172244876116352543e+02 1.133031357976353775e+02 1.215875583306864200e+02 1.081497534074944298e+02 8.803681604127501714e+01 9.739895355981765590e+01 8.841150896797870473e+01 1.052578399819555841e+02 9.526358983174776540e+01 1.016375167848588887e+02 8.154411132184505107e+01 6.739348865737015615e+01 8.742928248673221958e+01 8.255404078889186792e+01 6.982594469644102730e+01 8.398779938600264927e+01 1.040875330210870260e+02 1.057130856440222999e+02 9.740176029496392118e+01 9.641654396651901493e+01 7.960592743486331813e+01 9.641654396651901493e+01 1.093594475062568989e+02
6.471927970405009489e+01 6.137107876410189533e+01 6.417968659469012493e+01 6.264074451331833160e+01 7.837794245144709748e+01 7.668047785681484640e+01 7.891780800262208118e+01 8.814129513903051816e+01 1.048966300295936804e+02 1.150830426736428080e+02 1.232520898881567462e+02 1.149720568359123405e+02 1.232520898881567462e+02 1.231300627326465360e+02 1.225764045163074059e+02 1.142192112939934532e+02 1.066152188306218989e+02 1.012383727402278595e+02 9.649827427900858368e+01 7.731208194297667546e+01 7.682688598453322015e+01 9.626139173751708711e+01 8.107112110894490797e+01 8.475733473193415080e+01 8.270679934976453751e+01 6.268740525998093460e+01 7.637610958482576962e+01 6.253525569581427135e+01 7.407327456734513760e+01 9.413898289107886797e+01 1.105060034557880186e+02 1.046064374808401425e+02 1.068087804214627425e+02 1.080141538256806513e+02 9.970418270122029014e+01 1.058535106649809165e+02 9.734920529935064337e+01
8.245373543068478739e+01 8.194026617576656690e+01 8.473788226530456313e+01 7.455737089820574681e+01 9.165374991637679614e+01 9.712019775603484106e+01 9.934971726118435242e+01 1.077583208971805675e+02 1.169226429290845033e+02 1.169702582727092732e+02 1.169702582727092732e+02 1.169702582727092732e+02 1.254551376851223665e+02 1.258400317246411220e+02 1.057121803131249322e+02 9.410093826470290423e+01 8.649690293895288562e+01 8.112791142205368544e+01 7.640633207835911378e+01 7.204854035126233214e+01 6.789295004637759234e+01 8.339199974436989748e+01 8.412061902797822199e+01 6.472794224508393768e+01 7.364000082328986707e+01 7.637609968804673599e+01 5.634398826338501465e+01 7.637610958482576962e+01 9.088375976558495495e+01 1.024812790170413876e+02 9.039513185718710986e+01 8.450861632884205221e+01 8.670624852154314510e+01 1.068087804214627425e+02 1.066215527595479386e+02 9.631337066117379209e+01 7.687821432019383394e+01
7.589700725767512779e+01 8.421335141311925554e+01 9.427180216064002138e+01 9.503088353933266319e+01 1.034485067287597104e+02 1.019477259023193909e+02 1.019477259023193909e+02 1.103970723956916515e+02 1.110121424491256192e+02 9.656914721314973349e+01 9.656914721314973349e+01 9.656914721314973349e+01 1.169702582727092732e+02 1.342109981980821658e+02 1.225764045163074059e+02 1.029211542058911704e+02 1.007204490690918561e+02 9.534445395169143467e+01 9.649829154993773273e+01 9.211386203740656242e+01 8.339245509068381068e+01 6.337859451595199545e+01 7.579969804477821071e+01 5.576271410229927028e+01 5.357219223705981648e+01 7.061386975143297207e+01 5.331989466966107472e+01 6.751858003943846143e+01 8.756451003725929638e+01 8.894036398928504639e+01 8.184403023131528698e+01 7.034102094226548729e+01 8.190311852878794241e+01 1.019954377930581586e+02 9.810721008398860477e+01 7.746561090568356178e+01 6.755835009872863850e+01
5.569485126720386603e+01 6.582010304182934135e+01 8.009202996888805615e+01 1.001734634642419195e+02 9.612467622173353732e+01 8.185228004777535205e+01 8.185228004777535205e+01 1.019477259023193909e+02 1.009096568043826920e+02 8.243799802417512979e+01 8.243799802417514400e+01 1.025444942987549126e+02 1.147962301576569786e+02 1.250257281002633079e+02 1.314196032948867696e+02 1.230519214875396159e+02 1.208464519359746134e+02 1.154675514150385993e+02 1.079327196036493035e+02 8.782414332232343668e+01 8.256238738873130956e+01 6.255234688571552937e+01 5.901209535406844964e+01 7.579937112967742507e+01 7.061205675535916271e+01 5.049529212096149422e+01 5.037236170722154327e+01 7.049304146127910542e+01 7.074712952187682902e+01 6.888725571394779479e+01 6.180927656793436853e+01 7.336394354414636609e+01 9.342804407228220498e+01 1.103447394505538881e+02 1.066215527595479386e+02 9.631337066117379209e+01 8.778641049483601932e+01
