LEM/with_lateral_4open/elevation_000598.asc
nrows	100
cellsize	150.0
xllcorner	0
ncols	100
yllcorner	0
NODATA_value	-9999
[rows 34 to 50 of 100, columns 0 to 36 of 100]
2.064481644892168788e-02 1.416278044017999704e+01 3.416278044018070403e+01 3.882338884112193966e+01 4.681337072566572743e+01 5.455066984600272662e+01 4.818994731086093708e+01 3.423674950324026867e+01 2.074623104236053450e+01 4.074506538647916898e+01 4.799620320845034627e+01 4.308433987935909215e+01 3.365418210221406525e+01 5.150931469050382105e+01 4.694344948926312355e+01 2.700747456546154268e+01 4.694384486611127727e+01 6.250753971008501964e+01 7.620579985448300420e+01 7.317874582526458482e+01 5.358499877653526511e+01 7.317874582526458482e+01 8.984715950213499980e+01 8.143992978066279420e+01 6.220081734594564438e+01 6.012170342062936612e+01 6.545399712932778868e+01 7.696822333549944517e+01 9.684716769459228658e+01 1.022208117313314091e+02 9.100838108537354287e+01 7.091159762700894476e+01 8.898837462182683566e+01 7.482531937182356785e+01 8.898837462182683566e+01 8.586006809372325677e+01 6.983129317874350761e+01
2.905961989428186565e-02 1.417119524362535721e+01 3.417119524362605887e+01 4.301134350758606217e+01 5.129762629263198903e+01 6.484685694191161076e+01 6.111904042532982118e+01 4.877462350080468667e+01 3.229434958362440256e+01 2.891165015989304266e+01 4.891521173706427561e+01 6.336644935612896745e+01 5.729711766019580921e+01 6.614174964794528933e+01 4.990142515111942600e+01 2.998310900225322584e+01 3.810513753272161352e+01 4.806536710992103423e+01 6.799392974146475410e+01 8.132133442217433128e+01 6.334745104996721210e+01 6.635289570612124521e+01 8.535804058301252439e+01 9.033754399049506389e+01 7.371596634468041032e+01 7.422292434723895838e+01 7.955114566412723320e+01 7.696822333549944517e+01 8.846791074499206786e+01 1.082934455525837052e+02 9.928642052714972976e+01 8.096807060400084310e+01 9.928642052714972976e+01 9.488178967662653918e+01 9.184569508108759806e+01 7.158096790005970433e+01 5.718356945098376798e+01
3.542675937824442400e-02 2.003542675937788786e+01 2.745156488948253326e+01 2.292386511313268826e+01 3.388703189976143193e+01 5.391711653216036382e+01 6.047892943371178376e+01 6.059426792905782122e+01 5.229677670331221861e+01 3.891335794911023527e+01 4.046092640644155836e+01 6.046596807998351863e+01 7.778573423801253739e+01 5.900405580733034583e+01 3.934001755711291537e+01 3.374056171618154565e+01 5.366720717618549230e+01 6.625665444488106459e+01 7.620579985448300420e+01 9.115157765634333487e+01 7.725351906559014026e+01 8.082778365935156728e+01 9.336515834783247669e+01 1.018047363101174767e+02 9.360432767450591030e+01 9.410846300701935263e+01 9.941814080013759281e+01 9.684716769459228658e+01 1.050429624007027485e+02 1.164780565351976520e+02 1.093050587737749026e+02 1.010486915667463848e+02 1.093050587737749026e+02 9.875026643070309262e+01 7.856007705702096189e+01 6.677738760961993592e+01 7.751636907248735042e+01
3.411803931810562102e-02 3.685679201432532359e+00 7.400233914495074394e+00 1.132556841771240563e+01 2.553244593690767417e+01 4.410970123355469497e+01 4.043080114693037785e+01 6.047892943371167718e+01 6.722327058319990556e+01 5.305910060068441680e+01 5.201152525441896302e+01 6.878766818840385611e+01 6.963722024960370049e+01 4.985292644406640505e+01 5.757634351990648014e+01 3.764358102197851963e+01 5.757634351990648014e+01 7.072930073249172267e+01 7.897000710315253968e+01 8.788241907425924637e+01 9.690751296238320833e+01 9.801313045897265397e+01 9.510145922465169122e+01 1.039696841292674492e+02 9.528470811628230308e+01 8.717524820241868611e+01 8.782884911061245248e+01 8.371265820108818900e+01 9.197771949850829287e+01 1.019269649689276065e+02 1.152615558114671046e+02 1.094522902958927517e+02 1.116222599370975672e+02 1.070202082359501077e+02 9.540140833577491719e+01 7.698924537439422977e+01 9.177656273788497288e+01
3.327314952832965272e-02 2.003327314952797522e+01 2.745156488948250484e+01 3.141477333082372425e+01 1.820906251692033706e+01 2.401607003541564467e+01 3.301875445565235623e+01 4.461576771276488529e+01 6.464819014347872894e+01 7.305944389325141231e+01 7.201719561613019494e+01 8.036149478325292250e+01 7.794992835327504110e+01 6.118227161725040730e+01 6.582672395955863465e+01 4.654841886137414519e+01 4.447061407887103712e+01 5.077237272844618587e+01 5.969889779981132705e+01 7.381987476539146087e+01 9.373569739205753137e+01 8.875720233776847579e+01 7.001507941259673373e+01 8.877022977474825893e+01 8.599424326823994136e+01 6.786459997812525557e+01 6.801774136996390041e+01 6.392790276818595885e+01 7.378624920963535772e+01 9.363906719254090660e+01 9.540630896134223349e+01 8.958827299573199809e+01 9.176185714480365618e+01 1.116222599370975672e+02 1.054713546367175212e+02 9.132512902357852624e+01 1.018664682780312774e+02
6.779948344387334846e-02 1.420993510717494956e+01 3.420993510717565300e+01 4.661537463770918066e+01 2.982442068240776223e+01 4.410970123355469497e+01 5.241158482163854160e+01 6.138028977766034444e+01 7.294609915862598370e+01 6.814080918326946801e+01 6.814080918326946801e+01 7.642349140360919080e+01 8.951790033756019227e+01 8.118689486909075015e+01 7.474246380801218947e+01 5.806614270073018247e+01 5.260899464728883146e+01 7.072930073249172267e+01 7.897000710315253968e+01 8.788241907425924637e+01 8.587475258256498023e+01 7.913871698571675495e+01 5.734037511159789346e+01 7.926105509631850055e+01 8.782884910815891999e+01 6.801774136996385778e+01 5.407546711468402378e+01 7.382028048463710945e+01 9.197771949850829287e+01 1.019269649689276065e+02 9.540630896134223349e+01 7.546854239771298012e+01 9.540630896134223349e+01 1.028091614178334936e+02 1.051607996392347815e+02 1.113752208196742686e+02 1.136982910241890323e+02
9.516927588586144779e-03 2.000951692758822986e+01 3.724800251042772459e+01 4.879500789421570772e+01 4.990292234756001477e+01 5.821825072145564661e+01 6.874716254389100811e+01 6.315266593380245297e+01 5.487507526970288296e+01 4.817087763752016372e+01 4.817087763752016372e+01 6.814080918326946801e+01 7.150367069678661380e+01 7.978808953089307465e+01 8.624742352939789214e+01 7.801641988285044249e+01 6.259152289016239479e+01 8.080403000259961743e+01 9.013232612842308811e+01 7.989130631014350570e+01 6.539481317364770518e+01 7.096561762586304667e+01 4.994706946556186011e+01 7.096561762586304667e+01 7.120257624917873329e+01 6.294209033237950024e+01 4.933209088839706169e+01 6.919154101858762829e+01 7.776956651265213338e+01 8.610878295324702947e+01 8.910143358156051363e+01 6.911820719450005868e+01 8.910143358156051363e+01 8.280218463807447904e+01 8.500397479438645121e+01 1.051419181748863423e+02 1.021684533940906476e+02
1.945935296826603253e-02 8.963731262967344904e+00 2.051073664675965702e+01 4.051073664675894292e+01 5.200175756510998326e+01 5.779917676075471888e+01 4.880438913728909256e+01 4.880614008137258963e+01 3.490906693245659653e+01 3.405400200496307406e+01 5.239334082890795230e+01 5.738292431966576856e+01 5.153391965943153963e+01 7.150367069678661380e+01 8.214505168335121255e+01 9.076478089386918668e+01 8.253973115926270054e+01 9.076478089386918668e+01 8.162014920712223898e+01 6.116634788933778566e+01 5.100278692476967990e+01 6.178109275791477728e+01 4.385343219249984514e+01 6.458119423067572029e+01 6.294209033237950024e+01 4.280487273141557836e+01 6.294184762260277921e+01 6.362060147880635697e+01 5.776597234187929786e+01 7.776957716512470142e+01 8.355908378250269664e+01 6.354181888894238028e+01 7.864012093377905899e+01 6.863675004572954208e+01 8.866209246582407388e+01 1.048997927016889093e+02 9.382835833094981126e+01
5.600688922766024203e-02 1.419814251295873575e+01 3.419814251295944274e+01 4.613886398764955743e+01 3.202540434672982883e+01 3.786957878578594006e+01 4.708622157788074958e+01 2.883846321823943271e+01 2.337103641918100649e+01 2.784263602430485918e+01 3.242924401854448746e+01 3.742459035663463141e+01 4.496773203488096726e+01 5.388591601284266375e+01 6.800165991394000287e+01 8.799951749894276531e+01 9.305382594783260686e+01 8.966370977739380521e+01 9.013232612842308811e+01 7.989130631014350570e+01 6.178109275791477728e+01 4.144841114451766373e+01 3.830596501329672066e+01 5.879797335537627134e+01 5.893048365143003053e+01 3.861779529351881735e+01 5.351913145810878802e+01 4.341884585182661738e+01 5.776583467621945545e+01 7.775828985193025744e+01 7.839064821121058912e+01 5.834349689276099582e+01 5.858284298912683141e+01 7.864012093377905899e+01 9.696466858681827716e+01 9.700175348409534593e+01 7.732551013052942324e+01
8.215197286175310309e-02 2.008215197286139642e+01 2.568057825472422095e+01 2.746835879647303358e+01 1.789293535738957530e+01 3.215914158632747188e+01 3.465736047580615775e+01 1.884205225736702971e+01 3.882391604508412541e+01 3.336470560589509660e+01 5.239334082890795230e+01 5.738292431966576856e+01 5.738292431966577567e+01 7.320872834069959367e+01 8.214505168335121255e+01 8.366602119174226004e+01 7.299449016128421874e+01 6.959960411808150127e+01 8.377847240302254761e+01 7.901895800628321354e+01 6.726727139074336037e+01 5.348004904944394866e+01 3.322465051451313656e+01 5.348031024869941064e+01 6.721200157466385861e+01 5.352082182427793100e+01 3.325699715052513028e+01 4.499313847862454452e+01 5.931346625149161866e+01 7.929881818370367341e+01 7.352849983599253392e+01 5.344091456059975087e+01 5.248947719450646332e+01 7.258873469306823267e+01 8.942314583865925215e+01 8.318621647914078210e+01 7.509276086287788132e+01
2.613274238814250472e-02 2.002613274238778729e+01 5.269580638593808430e+00 7.478211158627512845e+00 9.728386954991183444e+00 1.217177581438214418e+01 1.467177568047277347e+01 2.021868703514335763e+01 4.019886469375475713e+01 5.333068435720769429e+01 4.489197547783881959e+01 5.641406601126922737e+01 7.639304253659987864e+01 8.564605826667924759e+01 8.366602119174226004e+01 6.362233684436543513e+01 5.883109716209224160e+01 5.544965680250305695e+01 7.376272359596734418e+01 7.056150720318025549e+01 5.023332218111614367e+01 3.858184464990522855e+01 2.963829387384997816e+01 4.977399957968232513e+01 5.457665954189621971e+01 4.625019979800027414e+01 3.044954821953275115e+01 4.449038222800854925e+01 6.467633780752687755e+01 6.713598613351179267e+01 7.559300672741471772e+01 6.701122657507325187e+01 4.682061422118198379e+01 6.114294539364249914e+01 7.797628676441033235e+01 6.973290353604912184e+01 5.503360334489866545e+01
7.532853315450405152e-02 2.183513639933419181e+00 1.216874817978568402e+01 2.732890848358778868e+01 1.867197077556969020e+01 3.215914158632747188e+01 2.621520547939375945e+01 4.019886417618794638e+01 2.915973871005037310e+01 4.912970521789470268e+01 6.485817506156696766e+01 7.313976917062845473e+01 8.467879746843769340e+01 8.865284038426490554e+01 8.610899848122926414e+01 6.730040468974098644e+01 4.734824673126244932e+01 4.552749636671507005e+01 6.268946646412877044e+01 7.098287617285907913e+01 5.810761137117654584e+01 3.792481318672675172e+01 2.640698605241266606e+01 4.208458428227163495e+01 4.302021969767518783e+01 2.668261484081035206e+01 4.625019710826478558e+01 5.873184247195570151e+01 6.349390032382414972e+01 4.595636969770516345e+01 6.349390032465537104e+01 6.364550957684424759e+01 4.334778187479787448e+01 6.364550957684426180e+01 6.470034857786116334e+01 4.959878904977475145e+01 6.973290353604912184e+01
6.101047412966256744e-02 2.003160226859854731e+01 2.970451923868861499e+01 2.810792297744134771e+01 3.865311702776406833e+01 3.498824622065866663e+01 4.618955841228611092e+01 5.446497299952008575e+01 4.069127580867515093e+01 4.179116692556663537e+01 5.590599787825487965e+01 7.588448966671748508e+01 8.276933995837245561e+01 6.858067159700321724e+01 7.781038699635824685e+01 5.777517645808425328e+01 4.630014715263251901e+01 3.730289717695224994e+01 4.269487691857251122e+01 5.943434883665354107e+01 6.654139056872107005e+01 4.788686299111946454e+01 3.032159856480350868e+01 2.205990982721523253e+01 2.300395856087520130e+01 2.395145525140151221e+01 4.397265170645601984e+01 5.000960017547473058e+01 4.793855710238869960e+01 3.517488149234836925e+01 5.490792888229866264e+01 6.039472587439063034e+01 3.997878841554680207e+01 6.011270260513255437e+01 4.443861940777790664e+01 5.465993495659157020e+01 6.889582978880649478e+01
6.842009524227352091e-02 1.421295890553305341e+01 3.427591992614032534e+01 4.674333463001897115e+01 5.433809156420436892e+01 5.495992104368389874e+01 6.323668096339159916e+01 6.893624063209951203e+01 6.065681415669557452e+01 6.175756264516380156e+01 7.003736872758928200e+01 7.429085423323797954e+01 6.598156123143888863e+01 5.440010409226342603e+01 7.273942199404827136e+01 7.454255947701167884e+01 6.561157720054329445e+01 5.114557407174608983e+01 3.070647559948007554e+01 4.595404564197931307e+01 5.425969392561273708e+01 4.084806122200194523e+01 2.078240108647387530e+01 4.030583817110205302e+01 4.288105954343255632e+01 4.395800055312776067e+01 2.539011360093225633e+01 2.641697983093951763e+01 2.747660111543844152e+01 2.854008252057347406e+01 4.901764477585746249e+01 5.273046970852417559e+01 3.670048836140574622e+01 3.968968073952257214e+01 5.422085658362268390e+01 7.296378553553492452e+01 8.297449382749611857e+01
1.934550753332892059e-02 2.001934550753297515e+01 2.867395373102197809e+01 3.338974408799384008e+01 3.893815793214208298e+01 4.526506588433123568e+01 5.356382824687292299e+01 5.421523344150159573e+01 7.425323054326430849e+01 7.199620286150853588e+01 6.368780877010314612e+01 6.270987510663132980e+01 4.592336465122873079e+01 4.437206421333421957e+01 5.855349506363746315e+01 7.861664033112228367e+01 6.528581330433934227e+01 4.528851038928911521e+01 4.595404564197931307e+01 2.527890359415231103e+01 4.108041700030993582e+01 3.858085688338677954e+01 1.987722357164741283e+01 3.413449611250621984e+01 5.471622440297516476e+01 5.336507530594425219e+01 4.447065293395606744e+01 3.074504551581904366e+01 4.717803044274973701e+01 4.901764478980803830e+01 3.006044221008600204e+01 3.218744248758685700e+01 3.521506731828043257e+01 5.575911581777570802e+01 6.839909322623479682e+01 8.257732998355132281e+01 8.680064820793224101e+01
4.364784840791047227e-02 4.307662175524317405e+00 8.672019980387727145e+00 1.338606519238392600e+01 1.893306731961532918e+01 2.525762620924138702e+01 3.420205037373122536e+01 5.421523344150158863e+01 6.444910602392289434e+01 5.613826092542153390e+01 4.362412030786781969e+01 4.730587573988894690e+01 3.433304012968925889e+01 4.852567907125912683e+01 6.858166913695937694e+01 7.582023177565928052e+01 7.358018728402166175e+01 6.528581330433934227e+01 5.427466046454814119e+01 4.108079415456115413e+01 2.111547097204729084e+01 1.859964407191235480e+01 3.641263624526430931e+01 3.406606439888947335e+01 5.417447174505851137e+01 5.891127691162564162e+01 4.056883284353699537e+01 4.834064829191136425e+01 3.766809574390870807e+01 5.571479482219031354e+01 5.056541108373248505e+01 3.183080326813972150e+01 5.237029909605675471e+01 6.251935708451573248e+01 6.908627184830551471e+01 7.734793466350909341e+01 7.854895934747885633e+01
5.219006137575642884e-02 2.005219006137540205e+01 2.867395373102197809e+01 2.493362831797675128e+01 3.893815793214208298e+01 4.526506588433123568e+01 5.356382821028174135e+01 6.251817214719199001e+01 5.286429106772995823e+01 3.607222061668718283e+01 4.125423050618456955e+01 2.723472668925051110e+01 4.730541624458766847e+01 6.270453421383680137e+01 7.043805257180338231e+01 5.706449340750517507e+01 7.043962844005982049e+01 7.097580100164658745e+01 5.688183768843364874e+01 4.790204667167584063e+01 1.960384410011752720e+01 1.773392716638588240e+01 3.774045785800522879e+01 5.404599412760208565e+01 6.246628970767078926e+01 5.892255554895155711e+01 5.325121823076831618e+01 6.165393276102246034e+01 4.287694577068280921e+01 6.165393276102246034e+01 6.071005757352071441e+01 5.237029906569232196e+01 3.362704633173356683e+01 5.419151882498040607e+01 4.888516076402493837e+01 5.877749780133650148e+01 6.020093691744696685e+01
