LEM/with_lateral_4open/elevation_000433.asc
nrows	100
cellsize	150.0
xllcorner	0
ncols	100
yllcorner	0
NODATA_value	-9999
[rows 34 to 50 of 100, columns 0 to 36 of 100]
2.064481644892168788e-02 1.897644672449167302e+01 2.258300316893232207e+01 1.782716026293958578e+01 1.883400082578990364e+01 2.575589924644847528e+01 7.329410519184047068e+00 2.147380195863910757e+01 3.702140850473143985e+01 3.216877250289812196e+01 3.333972736302742135e+01 1.507502257167624293e+01 3.509210652011078935e+01 3.818452219428977656e+01 2.433048011926853960e+01 2.314480045799793828e+01 4.315016041259359270e+01 5.514830409023759472e+01 7.157316270260169233e+01 7.603047495102754283e+01 7.352289853253391527e+01 8.163098208744045792e+01 8.464214388959489099e+01 7.658625950804594140e+01 6.186044961734712189e+01 7.654354306192855972e+01 7.299509631696598433e+01 9.105553062823410926e+01 9.974090742860381908e+01 1.023506552372175804e+02 1.074179479923982115e+02 9.902616615641439068e+01 8.882662229286617617e+01 1.032335794213280451e+02 8.894161260217967424e+01 7.107309517802097787e+01 6.475726803645429186e+01
2.905961989428186565e-02 1.462962337859970141e+01 3.559185847342694586e+01 3.822571288481583451e+01 3.883296676219017485e+01 3.555586595538814976e+01 2.146526313461965074e+01 8.921636225503501549e+00 2.883207118391330681e+01 1.216627998426461410e+01 1.332318100085783641e+01 3.333972736302749240e+01 3.509222001332152274e+01 4.877581787531615021e+01 2.925709275996067404e+01 4.315016041259359270e+01 2.690381707174966763e+01 4.268401115441137250e+01 5.398724167883283087e+01 6.213568626251588967e+01 7.584158297012592698e+01 8.474625160078466024e+01 8.548362883250587174e+01 8.927594070701641726e+01 8.121019944683874314e+01 8.927594070701641726e+01 9.233232045645212338e+01 1.004447391283737545e+02 9.650070149967586985e+01 8.244497062714133051e+01 8.912812660561036182e+01 9.735241079839816791e+01 1.092441271761055077e+02 1.153720456420014671e+02 9.701430542911795385e+01 8.894161260217967424e+01 7.803208813866076810e+01
3.542675937824442400e-02 2.003542675937788786e+01 3.408641600990060283e+01 3.419389161601549887e+01 5.490850463596968467e+01 4.938353861885610030e+01 3.581664841452843007e+01 1.797595696327410764e+01 1.053585396383247996e+01 3.054413294966159143e+01 1.671566621701796151e+01 3.644790638254486481e+01 5.505867111038103445e+01 5.415219789260110872e+01 3.439894250777619078e+01 5.368687299931509926e+01 4.293542610022012695e+01 3.084062954907992804e+01 3.401227699142175709e+01 4.813976032383105519e+01 5.683391113397847505e+01 6.683866271085901190e+01 6.559504090286858968e+01 7.675333654851267795e+01 8.304983815910826195e+01 9.054862820518144417e+01 9.874835173021402568e+01 1.023506552372175804e+02 8.244497062714133051e+01 6.837118648878400506e+01 6.922328721340750235e+01 8.586874418257905006e+01 9.675211013764740642e+01 1.013357370812782676e+02 8.730700132853571915e+01 1.013401171141165946e+02 9.773302967385347984e+01
3.411803931810562102e-02 6.700800230243281419e+00 1.377759215468592480e+01 2.816546169471226335e+01 4.952404089815981791e+01 5.238198638464461965e+01 3.274025332157005863e+01 2.975137147529101611e+01 2.604839584450737888e+01 3.878246045550975651e+01 2.021851165876541856e+01 3.409441923175696587e+01 5.392815565903041630e+01 6.025890400720241757e+01 4.014609011470286504e+01 6.009341700692478128e+01 5.606339024009390215e+01 3.689417093519308111e+01 5.398724167883283087e+01 3.886476525818778782e+01 4.270762167257496600e+01 4.686782209465618365e+01 5.144949527560418545e+01 5.679884157155044733e+01 6.313855177870750879e+01 7.070869460938516227e+01 8.476417108615262919e+01 1.045135430329064832e+02 9.650070149967586985e+01 7.763606222434589199e+01 5.774153499158884983e+01 6.847114668187226982e+01 8.842399005339017037e+01 9.242131463144706061e+01 7.321564092971885884e+01 9.244433091804192770e+01 1.056561237259680723e+02
3.327314952832965272e-02 2.003327314952797522e+01 3.373716296410097470e+01 4.303994291950124307e+01 5.016960839190272736e+01 5.845387963936433096e+01 5.238198638490713677e+01 4.932762965680984024e+01 4.503937685077067954e+01 2.513482914856212957e+01 2.658630307961322714e+01 3.538540018374742857e+01 5.507009234930093555e+01 6.746278922949758794e+01 4.708712486319953427e+01 6.746278922949758794e+01 6.361991293454701690e+01 4.360108925538785485e+01 6.361991293454701690e+01 4.701768022078597653e+01 6.267445458154426063e+01 6.100561987421890819e+01 6.559504090286858968e+01 7.093983344362513321e+01 8.304983815910826195e+01 9.054862820518144417e+01 9.874835173021402568e+01 9.464291134801155181e+01 8.315105267565822089e+01 7.212238242802318666e+01 5.215135118557027738e+01 6.628889250668784427e+01 8.616201102666107658e+01 8.421920385329231351e+01 6.431576449083021885e+01 7.758709901448314383e+01 9.728468212766762235e+01
6.779948344387334846e-02 1.420993510717494956e+01 3.420993510717565300e+01 3.752049775122898723e+01 3.016960839190343791e+01 4.431174401563488630e+01 6.431174401563346521e+01 6.366527700932440581e+01 4.349030185476532040e+01 2.913370486387036706e+01 4.387966664476434175e+01 5.203977597587189763e+01 6.331706042187109773e+01 7.580791272069885167e+01 5.890533223609441649e+01 7.580791272069885167e+01 7.182954126045380860e+01 5.366031599137647845e+01 7.182954126045332544e+01 5.701540352818724244e+01 7.533510016804082454e+01 8.092087383697899838e+01 8.548362883250587174e+01 9.078837458923014481e+01 8.688446038619440515e+01 7.858855398479634857e+01 8.383644868633862757e+01 8.641260025528845290e+01 6.649372140456807756e+01 5.495002017856213428e+01 4.763641890387031452e+01 6.765520204823990014e+01 7.854168950676800875e+01 7.031062520405465932e+01 5.765933433883075310e+01 6.917346551168957092e+01 8.908033611737862145e+01
9.516927588586144779e-03 2.000951692758822986e+01 2.683004807473217568e+01 1.752049775122969777e+01 3.527693485413544039e+01 4.355919497435713339e+01 5.510026901896868168e+01 6.611871935878954787e+01 5.769229396141896871e+01 4.939941526726555310e+01 3.609700788966804907e+01 4.782754001286385659e+01 6.214533807916447472e+01 8.205920735976086178e+01 7.915249287427914737e+01 8.746896832234092756e+01 8.176662052556586957e+01 7.357950987771752693e+01 8.176662052556265792e+01 7.114676128310743763e+01 8.535447495819035169e+01 8.267761509431761624e+01 8.313076901224161475e+01 7.472685511545458326e+01 7.472664298935787031e+01 5.867959694942786086e+01 6.392458207461281461e+01 7.803039280535014655e+01 8.315105267565822089e+01 6.338712739574484800e+01 4.344246040391109176e+01 6.338712739469625745e+01 6.415063527417588318e+01 5.034973926635201735e+01 6.447741587817000664e+01 8.439323805787689992e+01 8.200626040987053500e+01
1.945935296826603253e-02 3.400076371882339465e+00 6.830048074732530949e+00 1.091253097937119598e+01 1.527688878409108142e+01 2.682389402034516124e+01 4.682331386188674571e+01 4.611815093514031361e+01 6.611871935878954787e+01 6.460697718344503926e+01 4.518138159708789203e+01 4.695776560451353987e+01 5.712405700217282600e+01 7.133426737714799515e+01 9.109297411928363886e+01 7.700224966446739927e+01 6.870332105781275800e+01 7.700224966446739927e+01 8.701994266237683462e+01 9.113857887938077340e+01 7.676962272352078287e+01 6.216018873718665816e+01 7.472685518386902004e+01 5.277951097201197683e+01 5.277951050825783597e+01 4.737923170916474902e+01 5.005755994279704169e+01 6.975663277910524585e+01 7.273154267332007805e+01 5.980492690541669276e+01 4.006284073592424733e+01 5.841182271025306960e+01 4.426854440655377232e+01 6.415063527417721900e+01 7.854168901266778846e+01 7.160026875873458607e+01 7.375103740889782955e+01
5.600688922766024203e-02 2.005600688922730512e+01 2.683004807473217568e+01 2.505466660310239746e+01 2.941902045540105703e+01 2.312153418963952589e+01 2.978820085642361803e+01 4.133520656816214967e+01 6.133549626407427269e+01 7.359083524393052755e+01 5.692104137439127243e+01 6.712275779830798683e+01 7.533108322565972514e+01 8.528883651922578224e+01 7.995603988373935067e+01 6.704020843717680123e+01 4.882534203935899342e+01 5.876433154858587216e+01 7.628236049667260943e+01 7.333384326215708882e+01 6.482005073994275790e+01 4.843753090785063620e+01 6.675250907723854255e+01 5.920763686275869020e+01 3.625606775387904435e+01 3.761320617414607881e+01 5.728031920653128140e+01 5.342675620019367244e+01 5.328204907969165305e+01 5.636824402343580687e+01 3.686121030639154839e+01 3.878606558981199726e+01 5.841182271067582121e+01 6.654557665689996782e+01 6.580824832988481887e+01 5.176632385284164428e+01 5.977589094492245891e+01
8.215197286175310309e-02 1.422428759659282882e+01 3.422428759659353403e+01 4.505466660310168692e+01 4.941815010240330253e+01 3.466853983372960357e+01 4.978832362426887670e+01 5.807402608206046324e+01 6.962210332595864770e+01 8.509129183738757263e+01 7.692322284518488118e+01 6.950366618694859255e+01 6.950348056117894657e+01 7.779831413731947976e+01 7.130224166932789842e+01 5.175848910624473120e+01 3.894881675297007462e+01 4.811055414525026919e+01 6.798993829752973284e+01 6.482005073994275790e+01 4.525729730367299197e+01 3.900154196882962054e+01 5.829624663981441302e+01 6.465894576482362766e+01 4.703845659909985955e+01 3.101626203270691207e+01 4.514571090296962552e+01 3.364024206074670786e+01 5.109316853104952116e+01 5.306948783548686777e+01 3.370499317934133643e+01 4.964847355811984642e+01 5.044874198073438265e+01 4.668715179302613194e+01 5.454426187197611142e+01 3.793054955418730856e+01 4.009545719267408259e+01
2.613274238814250472e-02 1.416826836611921792e+01 3.416826836611992491e+01 4.811023166606551627e+01 5.279141335106045574e+01 5.466918825542697391e+01 6.296097030607975853e+01 6.982930827085149872e+01 7.202587827475713311e+01 8.024009334538828853e+01 6.370684348679981213e+01 4.961382533510882809e+01 4.961382488913491784e+01 6.950348056117894657e+01 6.302009225945989357e+01 4.315798584536083382e+01 3.193553381056713647e+01 4.594042572848145767e+01 6.580453661958699740e+01 6.480930637582548570e+01 4.525531761057190039e+01 3.172798951227753506e+01 5.098709512647595687e+01 6.034948406120027187e+01 5.171967032594579194e+01 4.501663688843429867e+01 2.529547502644749812e+01 2.369322459524163094e+01 4.354895106383221304e+01 4.575172178029790615e+01 4.668904888294326128e+01 3.027340139672218555e+01 3.072620587802028069e+01 3.280523547013417129e+01 3.490782545893189592e+01 4.874711037539413638e+01 5.977589090386656778e+01
7.532853315450405152e-02 1.421746415688557974e+01 3.421746415688628673e+01 2.814685969539259602e+01 3.285438109143159124e+01 4.401439508004929735e+01 5.000182088915344991e+01 5.000182088915345702e+01 5.229215344760048367e+01 7.202587827475713311e+01 5.543939469498165096e+01 3.559347198064630646e+01 4.656402824188948131e+01 5.481661482020111009e+01 6.238428896109174104e+01 4.680275028232534140e+01 2.694984147269683561e+01 4.098894870601058926e+01 6.083850889965262354e+01 5.970754016478588966e+01 4.030231874612209708e+01 2.663195500410192551e+01 4.599878717813783169e+01 4.633113378881989064e+01 3.178053188218720848e+01 4.102954269178765401e+01 2.241475941041773723e+01 4.225872668268227983e+01 2.497837276365864057e+01 2.589627994632986940e+01 2.681915436523420837e+01 2.778231706988294292e+01 4.768504218783348847e+01 5.246919733709199818e+01 5.314533222473060192e+01 6.228769396263047042e+01 7.678590172364850730e+01
6.101047412966256744e-02 2.006101047412930782e+01 2.783495650248186593e+01 1.401183025045028252e+01 1.872574263438823294e+01 2.407038723706648042e+01 3.009828903830664615e+01 3.825040219152824505e+01 5.807201522105720670e+01 6.039179160196030693e+01 6.370684348679981213e+01 4.656402824188948131e+01 2.658031223325678027e+01 4.656402824188946710e+01 5.411878544937073343e+01 3.427701274021885069e+01 2.278431826237258306e+01 4.266313263454225790e+01 4.626084273562254623e+01 4.033226207613031988e+01 3.627251333709895675e+01 2.206183201211882050e+01 4.140567797849180209e+01 2.733152545815130097e+01 2.030153635701220338e+01 2.117159464223717436e+01 4.102980846347839616e+01 5.043907732921623932e+01 3.163035376927458131e+01 4.576259434628357781e+01 4.089054076729679821e+01 4.769159230298820518e+01 2.948560932637242615e+01 4.912870850489806429e+01 5.752129445549070397e+01 6.572654678908293135e+01 7.466159992797021516e+01
6.842009524227352091e-02 3.917421875699463207e+00 7.839744310906268332e+00 2.783495650248186593e+01 3.869380264354199284e+01 4.401439508004929735e+01 5.000182073336009836e+01 5.322662883966827252e+01 4.465962370191411424e+01 4.064752841140956008e+01 5.456915993480162541e+01 4.140425495543794909e+01 2.139612559662755586e+01 4.140425495543794909e+01 5.294818859453613413e+01 3.309008634927896253e+01 1.900950551123717247e+01 3.890612896016861555e+01 3.090434788599390714e+01 1.509892738873533347e+01 1.590017245393793033e+01 3.229907904269887808e+01 3.754525891040022145e+01 1.908539039890582245e+01 3.892223315822514706e+01 3.940394230382212726e+01 4.881208086387003675e+01 4.308038887170342690e+01 5.144378684279867286e+01 5.966178348035700196e+01 6.068788934403469426e+01 5.754921064420037169e+01 4.933750160659338491e+01 3.118145581025391166e+01 3.784029851074180328e+01 4.664633185543316785e+01 6.062476526888183770e+01
1.934550753332892059e-02 2.001934550753297515e+01 2.779769245246144749e+01 3.602792727337062217e+01 5.094227824051482401e+01 4.773572615738194713e+01 3.939035330907710630e+01 4.073806005542632391e+01 2.405830884422136506e+01 2.660568062011554247e+01 3.884203180720055570e+01 3.057430570367712264e+01 1.695612820688824129e+01 3.668829363686811007e+01 5.089414910325547936e+01 3.533390354717253246e+01 1.547889328352535188e+01 3.275683278566271639e+01 1.396841273592902333e+01 2.377047106879971849e+01 3.351890568068966303e+01 1.705620442877508225e+01 1.787523990488685754e+01 1.952772119287467589e+01 2.264303384991827173e+01 4.276030362676731045e+01 5.481113258630382035e+01 6.286840091289725763e+01 5.705378888405049764e+01 7.690611613287688897e+01 7.783436322143131747e+01 6.813380683050272069e+01 5.219553462764298501e+01 3.239753063002998346e+01 5.211546590138685531e+01 6.561088983103466887e+01 7.466159997558575867e+01
4.364784840791047227e-02 1.733277371922271826e+01 2.631477263408021727e+01 3.860970243702747240e+01 3.241392200939279178e+01 3.930123091940686919e+01 1.936981769482767746e+01 2.519900174799139592e+01 1.250507286387484207e+01 2.636325029127786124e+01 2.702627013925430788e+01 1.145173271561274220e+01 3.059866356536097598e+01 4.494811108397333044e+01 3.868325557634121026e+01 2.463173072822183940e+01 1.205217777482023145e+01 1.284053553357592392e+01 1.926645820538570675e+01 3.652342244635800483e+01 4.222204933075703082e+01 3.785816118266235719e+01 2.246036958268474137e+01 4.155820290787981008e+01 4.277473088622982544e+01 2.687284780791149075e+01 4.675224358596301499e+01 5.915430639920085554e+01 7.690611613287688897e+01 8.514870667553336148e+01 6.947490525186371713e+01 5.039704641597558066e+01 4.103580492708147176e+01 3.361778389199494654e+01 5.337287158920269547e+01 6.328134467883771208e+01 7.125642150038406442e+01
5.219006137575642884e-02 6.339197885389067366e-01 1.437416481993022543e+01 2.572560370744481162e+01 1.936672900628195038e+01 2.368611085210157796e+01 2.269552078689894614e+01 5.222100664998488462e+00 5.840788889037857423e+00 6.462759300135665796e+00 7.085936245958563973e+00 7.710023603163379313e+00 2.764959121559862254e+01 2.917723175609960151e+01 2.981440824543338763e+01 1.096586724243847044e+01 3.089165170818034767e+01 2.432344084892913827e+01 3.894395380705938692e+01 3.001114189453386416e+01 4.947522764000197526e+01 4.683658393306286172e+01 2.699399112666587186e+01 4.683661904798577780e+01 5.497470595442770502e+01 4.675224358596301499e+01 3.111669425855334836e+01 5.092905622973979973e+01 6.358270787586776862e+01 8.171042398036343002e+01 7.783436321750299669e+01 6.813380683296297491e+01 5.296817320610054480e+01 5.337676863337855337e+01 3.537740497654865379e+01 5.509994417631085639e+01 5.218708493833202766e+01
