LEM/with_lateral_4open/elevation_000086.asc
nrows	100
cellsize	150.0
xllcorner	0
ncols	100
yllcorner	0
NODATA_value	-9999
[rows 34 to 50 of 100, columns 37 to 73 of 100]
7.359301816764207160e+01 7.774279607941416259e+01 7.376527376780559564e+01 6.986702346365713368e+01 4.987987328366563844e+01 5.111659761788393297e+01 7.112944697553938056e+01 7.898509425439745257e+01 7.898509425439095821e+01 9.882527241049069744e+01 9.304164959706032789e+01 8.410565026340829320e+01 6.874728049394525442e+01 6.165003221058574212e+01 4.161272110407415425e+01 4.266124148958286355e+01 6.266611024996898749e+01 7.647871112757700018e+01 7.935008671443570449e+01 6.502271270419517180e+01 6.562685408566909473e+01 5.284263534535966755e+01 5.817198099314808246e+01 6.445978512257688919e+01 7.611184533827481857e+01 9.019093842960928953e+01 1.100369215664237714e+02 1.039038715061493434e+02 9.293597254032819421e+01 7.330376917521988389e+01 9.293597254032819421e+01 8.932013377278929056e+01 8.196261102947910615e+01 6.172151128954910604e+01 7.602111420492533966e+01 9.622908013070090760e+01 8.763518481603267674e+01
9.342822623258304304e+01 8.842645070936795548e+01 6.840348215153304068e+01 5.425050807131709263e+01 6.989988288797968607e+01 7.112944632933773903e+01 5.559484554042722237e+01 5.897945030814000944e+01 7.052850961081927039e+01 9.053700370676011744e+01 1.042718916612120239e+02 9.701985676347753440e+01 7.794561831300480037e+01 5.790290417605093154e+01 4.368635563629484153e+01 6.266611024700132759e+01 4.830970611918594670e+01 6.825554524513705701e+01 8.247231866632557740e+01 8.561171379564325434e+01 7.890023681148927892e+01 5.874719795545721013e+01 7.847100933066231221e+01 8.451912910664719902e+01 7.869540705797152214e+01 9.857883786005120896e+01 1.099587391832203451e+02 8.930643372944901159e+01 7.554115797774925056e+01 6.612075218977936686e+01 7.832443915298605930e+01 6.907050130306440394e+01 7.184901818733941070e+01 5.653348912919168612e+01 7.672907689440131662e+01 7.729997473755905446e+01 7.526101282254502678e+01
1.002780389252844202e+02 9.163302990639188295e+01 7.160794923825814351e+01 5.745740573127135065e+01 7.747315957218039273e+01 7.560352285462242605e+01 6.974273381779347858e+01 7.898509425438528808e+01 6.442637571926967155e+01 7.597042808362458288e+01 9.598401106579706266e+01 9.124012708594658250e+01 8.295934856427948034e+01 6.593633387442794458e+01 4.581888113515319105e+01 6.593633387385450817e+01 6.825554524513705701e+01 5.451047321800363221e+01 7.429422109382996098e+01 8.903857916872952671e+01 8.723270779092310079e+01 7.317618864229960707e+01 6.902791355153502195e+01 8.900614754914228399e+01 9.857883786005120896e+01 1.068199938916413316e+02 1.079935777136845019e+02 9.787187847685183328e+01 8.274253359346992909e+01 6.249628139302551233e+01 5.811167585951926640e+01 5.481586813618918086e+01 5.168818901027987778e+01 5.167122418590264488e+01 6.511194854830200995e+01 5.711381035378188642e+01 5.508657888064969654e+01
8.195480335650501047e+01 7.195497376758689256e+01 6.562839789658401912e+01 6.163176810268149808e+01 8.164652484727385229e+01 9.561544814150144589e+01 8.975272144880388225e+01 8.859988785065955597e+01 6.859779674372150282e+01 8.859988785067336892e+01 9.708687954068277293e+01 7.710753363100739932e+01 6.294356296947805163e+01 5.533115607363830435e+01 6.593632610091526658e+01 4.913278536849892220e+01 6.925583145478874769e+01 7.429422109382996098e+01 6.135040774245550210e+01 8.091494753909057636e+01 9.659239912148736096e+01 9.311807030040358768e+01 8.319101062687811066e+01 8.319101062687809645e+01 1.030451299739288800e+02 1.139365014108574456e+02 9.371611671526467546e+01 7.936508904370475648e+01 6.922398146293055277e+01 8.274253359346991488e+01 7.239018792869825347e+01 7.500148133691156715e+01 6.750102194687026724e+01 4.737153853825710570e+01 4.499725491336532457e+01 4.292315459769539387e+01 4.090321818426443201e+01
8.829664056321452392e+01 9.197605959901949291e+01 8.564483635331507116e+01 6.599950387072502167e+01 8.014564336420016843e+01 1.001816669258055157e+02 1.049487600369145781e+02 8.492556267378310508e+01 7.859129921202769253e+01 7.643724845832629455e+01 9.644923461277012677e+01 9.124012708594658250e+01 8.295934856427948034e+01 7.539409271007463076e+01 7.163458683595837329e+01 5.152074306553772942e+01 7.163458852510376573e+01 8.407553167154206619e+01 7.938140798713617130e+01 6.906421712254297063e+01 8.847729795716476531e+01 1.070158291618220971e+02 1.030451299739288800e+02 1.030451299739288800e+02 1.112907133099927677e+02 1.102528733091702549e+02 9.001759866554046141e+01 7.829287035303002540e+01 8.950180965905396135e+01 9.787187808104100384e+01 9.265098892812787312e+01 7.320866854935650281e+01 5.303495450094164454e+01 6.749503121271388295e+01 5.919583039248913536e+01 5.711383762578751799e+01 5.818210985083275233e+01
1.083475968582349083e+02 1.023757873035968515e+02 8.233684422850727458e+01 7.177520823071948541e+01 8.233684422850727458e+01 1.023757873035968515e+02 1.132318530025104621e+02 9.860847648931900267e+01 9.860847648931900267e+01 8.246065552218556149e+01 1.024875793411966072e+02 1.022335673167710297e+02 8.229232802906261668e+01 6.813977236932143455e+01 6.103248633376846755e+01 7.086031982297180321e+01 5.524991263381317452e+01 6.761464586525156051e+01 9.052929908294206029e+01 8.018471926324062338e+01 7.943802546681671117e+01 9.312821966036395338e+01 1.126887934867715444e+02 1.136550904466694760e+02 1.222971963095054662e+02 1.185922307424352056e+02 1.069266860464091167e+02 8.844907156459224495e+01 1.069266860417766907e+02 1.034218938483420800e+02 8.318313573922907267e+01 6.885772004153442083e+01 5.721497157518111720e+01 7.740399842949449294e+01 7.938315480316920514e+01 7.730148266511460520e+01 6.607166450062587160e+01
1.071452632409846899e+02 1.106755649098948879e+02 9.783107802348757787e+01 7.780362847055906172e+01 9.783107802348757787e+01 1.106755649098948879e+02 1.269061310844662387e+02 1.151661786142908284e+02 9.511955299252436191e+01 9.401408950725871705e+01 1.107752878227135938e+02 1.022335673167710297e+02 8.229232802906261668e+01 8.813298179116887354e+01 7.910650357915736208e+01 5.920782103839889032e+01 7.537623470264371406e+01 8.472284141476427521e+01 1.007011968625294003e+02 9.356088730407061860e+01 9.312821966036395338e+01 1.070158291618220971e+02 1.101353364569013422e+02 9.250684534738518039e+01 1.069357879064130117e+02 1.156036666620005491e+02 1.170324289737615260e+02 1.086909925284971621e+02 1.170324289728923475e+02 1.082439884307693632e+02 8.802692322801811997e+01 7.370247809073730139e+01 6.240391654978685665e+01 7.670994354251388359e+01 9.690306540889331188e+01 8.516543621533168107e+01 6.474482564326694956e+01
9.305428277977786422e+01 1.019527633569953053e+02 1.061352619636453483e+02 9.195422330053067128e+01 9.045666524536436270e+01 1.046417387444043641e+02 1.247136546574954679e+02 1.234410433597645635e+02 1.093038622438951109e+02 1.140625817130649295e+02 1.223388041558968666e+02 1.105047721530561233e+02 1.022335673167710297e+02 9.457808285410523297e+01 8.191529555886451419e+01 6.205506005782674350e+01 7.208313875511562685e+01 8.353917129415461318e+01 1.029601727597453049e+02 1.125902208951833643e+02 1.126887934867715444e+02 1.117994692406707316e+02 1.006500513188120323e+02 8.014023116439445005e+01 8.569643597562362913e+01 1.069357879064130117e+02 1.128990174959751869e+02 1.043116998952163783e+02 1.108475492082510385e+02 1.098244871100037443e+02 8.954904944332038497e+01 7.519820388841870340e+01 7.003575208664953777e+01 9.036557537087814751e+01 9.419853573399242919e+01 8.378427665385603973e+01 6.490850625735130563e+01
7.381329701821843514e+01 8.782522142249099772e+01 1.077586299903999816e+02 1.120190603997462944e+02 1.105206668039425750e+02 1.188195131566859715e+02 1.174482501033696309e+02 1.257151775329857202e+02 1.293190623026222283e+02 1.236726794224841512e+02 1.140273314996666727e+02 1.059816484692361485e+02 9.868804587952921281e+01 8.651573633283030063e+01 6.672901237680966346e+01 8.191529555886451419e+01 7.361799185328179362e+01 9.325639758269133495e+01 1.110133158359796113e+02 1.170997088481625497e+02 1.231668107664961695e+02 1.031152475502762087e+02 8.189120082059660888e+01 7.067746334047602375e+01 9.191729812814416789e+01 1.067014576532520493e+02 1.010271065044479570e+02 8.381889329499453822e+01 9.024614356638068102e+01 1.048389168800483020e+02 1.038595305908286548e+02 9.548758764436682611e+01 8.018574230587412899e+01 9.882208896001890253e+01 8.568827274077699485e+01 6.476643822388486171e+01 5.459893922039259451e+01
8.947222253903701983e+01 1.019527633569953053e+02 1.017910499660987682e+02 1.017910499660987682e+02 1.100646561353978115e+02 1.100421548764718551e+02 9.744732355657008327e+01 1.141748744720319451e+02 1.257151775329857202e+02 1.155717812084993454e+02 9.639151572997292305e+01 8.668458985513498760e+01 7.920023960558754084e+01 7.252857369055658410e+01 7.308028388939605691e+01 9.273033010815778709e+01 8.504963631774312205e+01 1.013276775152034332e+02 1.110338391624854495e+02 9.643299968223266205e+01 1.024861386521232873e+02 1.008045151290857433e+02 7.956496607280091382e+01 6.492146300174762530e+01 7.674089582098754647e+01 9.798158845437218645e+01 9.192492704386400248e+01 7.224348773739987450e+01 7.596235774559882259e+01 9.628015557690960691e+01 1.095427095408238927e+02 1.090146453938619686e+02 1.005927674184959528e+02 1.090146453938619686e+02 9.423981988518082176e+01 8.379713458517949221e+01 7.522351641545080270e+01
8.539629042335413089e+01 9.592090098103717821e+01 8.177714582667672971e+01 8.177714582667672971e+01 1.017910499660987682e+02 9.003383109844175181e+01 8.588755712816850973e+01 9.744732355657008327e+01 1.174482501033696309e+02 1.236726794224841512e+02 1.109387061251905493e+02 9.168809372156668758e+01 8.036586551691972602e+01 9.219211045488201250e+01 8.014753397779576005e+01 9.961415831960974288e+01 1.044829216780741632e+02 1.125755765872076921e+02 1.024857651317115170e+02 8.225512751994500604e+01 9.167180560912196086e+01 1.001526886472033198e+02 8.116219097634599677e+01 6.070970849546893078e+01 8.116219097634599677e+01 8.439619121707696081e+01 8.343005193975527334e+01 6.335647806716313113e+01 8.343005193975527334e+01 1.036176486068875704e+02 8.925497155220514856e+01 9.939884054651449219e+01 1.078243793202116478e+02 1.121154656177461533e+02 1.035274373733345072e+02 9.511082779438628165e+01 8.817165246492407960e+01
8.436290552805276377e+01 8.763905963803550492e+01 6.761666107980454399e+01 8.763907689131386292e+01 8.772128270249804416e+01 7.587481937056404036e+01 9.589413345285075252e+01 1.136146756877330262e+02 1.218840332197922578e+02 1.270048498247776649e+02 1.190141210240021650e+02 1.062552285844184894e+02 8.696262244684253062e+01 1.062552285844184894e+02 8.896157352754219971e+01 1.076751957497966004e+02 1.203859221452879495e+02 9.965667567750317346e+01 8.792985090654553915e+01 7.917115426357185015e+01 7.209233433541054126e+01 8.495982298812981526e+01 7.698681835626821623e+01 5.672663991394420435e+01 7.281532639005860119e+01 6.427560018352893678e+01 7.098827973989415341e+01 5.804871322721267290e+01 7.806516365694560022e+01 9.352284622863720642e+01 7.506523574129208498e+01 7.922131313706285027e+01 9.939884054651449219e+01 1.007383256914554863e+02 8.348009953514808501e+01 7.496581552035850393e+01 9.186720407898172880e+01
6.433554026043810836e+01 7.276781331878937920e+01 6.128029679863028178e+01 8.041013094124792815e+01 6.769898443019086187e+01 8.772128270249804416e+01 9.728108655083589440e+01 9.361019616090085549e+01 1.106855069067481878e+02 1.070178182814403414e+02 1.270048498247776649e+02 1.143023535005872020e+02 9.666472456427413817e+01 1.143023535005872020e+02 1.001087603863402080e+02 1.163448189562579387e+02 1.286757514202246853e+02 1.169032993157966303e+02 1.077583241960513192e+02 9.648403956536924397e+01 7.656565283179521941e+01 6.584507525703286035e+01 6.205231092108802926e+01 6.684264260950041603e+01 5.283599766788993435e+01 5.019313637419116958e+01 5.101121629677195557e+01 6.509225652964333619e+01 8.522253893792213830e+01 8.513117408771383054e+01 6.511567165050298911e+01 8.513117408771383054e+01 9.881114858521299027e+01 9.233228008586915792e+01 7.219545180641863169e+01 6.340024697717039004e+01 8.192133865203989274e+01
5.014061147053570977e+01 5.272320262157944626e+01 5.565667651089542289e+01 6.038438606773427608e+01 8.041017309127175849e+01 7.225538409166375686e+01 7.726196515751047400e+01 8.359477797644642294e+01 9.067483541869077612e+01 1.048301976456195348e+02 1.248214739368535504e+02 1.239486930771568751e+02 1.158457326045626701e+02 1.239486930771568751e+02 1.193562803543761390e+02 1.275349427788309242e+02 1.161693515219890429e+02 1.076187396519210466e+02 1.161579613252033312e+02 1.051594480306621193e+02 9.336398186360651152e+01 8.495982040126401102e+01 8.105858972675940777e+01 7.878929140278334842e+01 7.279673125700178105e+01 6.647342589005376112e+01 4.655333978146085627e+01 6.063944844951576130e+01 8.072194925354614270e+01 7.935319622766876080e+01 5.938220807896755815e+01 7.033097447507977051e+01 9.041098538919666794e+01 9.011827607147277774e+01 6.999734412024844232e+01 5.586086707707879384e+01 6.185385629101205751e+01
6.018592853623110273e+01 7.276787735019352965e+01 7.569004614834852873e+01 6.111487473875565257e+01 6.538618273116865964e+01 7.954658486312048638e+01 9.728108655083589440e+01 1.036106661540972738e+02 1.106855069067481878e+02 1.108129462592275445e+02 1.188056893922980066e+02 1.303985546359425882e+02 1.220401253003482367e+02 1.303985546359425882e+02 1.225308422745476093e+02 1.138039741678378078e+02 1.059284995296006002e+02 8.726614998845226978e+01 1.026821262328835047e+02 9.424908783031506232e+01 9.347563381421677775e+01 9.029723267369384132e+01 8.644405538999299665e+01 8.050244822158371960e+01 6.741877517267509745e+01 6.402145624680558456e+01 4.438742659557542680e+01 6.440332160453885990e+01 7.587525589834002915e+01 6.754362603960109368e+01 5.406737599338138267e+01 7.401572513282886234e+01 7.784052885174405390e+01 8.624002181753193952e+01 7.033537230894236814e+01 5.040340201945640075e+01 7.033537230894236814e+01
8.021691087665637099e+01 8.021691076806141041e+01 8.942589054867983123e+01 7.267879968364606214e+01 8.540918657198945141e+01 9.369335774910879877e+01 1.078401306350970827e+02 1.141603066766924712e+02 1.080610542146116728e+02 9.248681573460807215e+01 1.080610542146116728e+02 1.201426978053894601e+02 1.013906109888928881e+02 1.201426978053894601e+02 1.138021360462881262e+02 9.332825987505832188e+01 9.739563592409055559e+01 7.725203309586355260e+01 8.663666144773758049e+01 7.413511905374643618e+01 7.337610165760179370e+01 7.023571010001816717e+01 6.995841415776082783e+01 5.897084852778191078e+01 6.451186800847668223e+01 4.458260880623209488e+01 4.227132614762551555e+01 5.995988961036658083e+01 6.166658836484112527e+01 4.761363374083406796e+01 6.754362603960129263e+01 7.464962493384344100e+01 5.784946353615083581e+01 7.464962493384344100e+01 6.608586196484525033e+01 4.626192446996021346e+01 6.036318414031015323e+01
9.211264086294255549e+01 1.002297570420766704e+02 1.009796950878838118e+02 9.269884841858585389e+01 9.913884997269883570e+01 1.073459757524262557e+02 1.084071429115208787e+02 9.447544468790493966e+01 1.002323498676342410e+02 8.212422226931192881e+01 1.002323498676342410e+02 1.117153681446205411e+02 9.090253399484211627e+01 1.117153681446205411e+02 1.136477836983042522e+02 9.332249524429977328e+01 7.909501060996491617e+01 7.157813325255017389e+01 6.663441570427876570e+01 6.268278771830604512e+01 5.933188132327355646e+01 5.617924494879152064e+01 5.312301475782351901e+01 5.046648643250615152e+01 4.796873890208476610e+01 6.451187052109615649e+01 5.995988961042768040e+01 4.008772987233946594e+01 4.177436767023957742e+01 6.166659247467578808e+01 7.277953541593115006e+01 6.448559934141258054e+01 4.639338326080423514e+01 6.629848162064796213e+01 6.401196859690600149e+01 5.572529264304872498e+01 4.068582812476144994e+01
