LEM/with_lateral_4open/elevation_000290.asc
nrows	100
cellsize	150.0
xllcorner	0
ncols	100
yllcorner	0
NODATA_value	-9999
[rows 17 to 33 of 100, columns 37 to 73 of 100]
4.080985659509430974e+01 3.466349306971204669e+01 2.958456802733303448e+01 2.546045201495480370e+01 2.178472404342222291e+01 1.828787149097087550e+01 3.403833109770206278e+01 3.205770364121625704e+01 1.296290925942624028e+01 2.701029235367084524e+01 3.951314651929154564e+01 4.797146701785248979e+01 5.965181913970876337e+01 5.485266307240978989e+01 4.005871158701295087e+01 4.451727078926633396e+01 4.930928370930770654e+01 6.936751614622791351e+01 8.708937380917264193e+01 9.709457994535968339e+01 8.720121195149690152e+01 7.057305340868502697e+01 8.242684856490954814e+01 6.379768264365602448e+01 8.375515656664912001e+01 7.087610383373062461e+01 5.097590533288258285e+01 3.689237317598378496e+01 3.607437995919013218e+01 5.609939932797339424e+01 6.863962792227201248e+01 7.065611778206294957e+01 7.890940195610558305e+01 7.186694137604681032e+01 5.185195884766831398e+01 4.528230556689548791e+01 4.666374617983352380e+01
5.120897399518158721e+01 5.490136066545130689e+01 4.131349757614254514e+01 3.559785972129538578e+01 4.201160578431738202e+01 2.541173989792694954e+01 4.588434112520465646e+01 4.142846476499072850e+01 3.309916630915562052e+01 1.400908300460605815e+01 1.943409794451725148e+01 3.103470300834208828e+01 5.148240709796849046e+01 6.844736385042247662e+01 4.836470307622513332e+01 6.463973366711374524e+01 6.936751614622791351e+01 5.879164474351748737e+01 6.879558354326694314e+01 8.880269592641674592e+01 9.867294442643985519e+01 9.049272746393360478e+01 9.197605262407948601e+01 7.534159251503926669e+01 9.197605262407948601e+01 7.391033947378514313e+01 5.400118182075237883e+01 3.997100547931198378e+01 5.609939932797339424e+01 4.085521868840121584e+01 5.636408055312714538e+01 7.221821352443187436e+01 8.594323288733082222e+01 8.019648399930287042e+01 7.186694137604681032e+01 5.342674544551995552e+01 5.818349943908148703e+01
7.133059624406510579e+01 6.982799696757362540e+01 6.149189962802639542e+01 4.729505381171048128e+01 5.471601703773502123e+01 3.570247662237816400e+01 5.434615001016352664e+01 4.455274389187211881e+01 2.625610980246993620e+01 1.475609878658061724e+01 3.492290904695103393e+01 2.959795519229462712e+01 4.381113884727830055e+01 6.403781706477366242e+01 5.998649468297939080e+01 7.673818300153726568e+01 8.708937382463102495e+01 7.879913973484218559e+01 8.708937382274092442e+01 9.709457995405131214e+01 9.321573151527684331e+01 1.015130960783232297e+02 1.034521325286534790e+02 9.524829879751573003e+01 8.768492009711002311e+01 7.610160742286250013e+01 6.296584472509722730e+01 4.316031792956018620e+01 6.296584363453670363e+01 6.088682622927715471e+01 4.594617032756528374e+01 5.752949995574608977e+01 7.760647089992944814e+01 9.600217634444473447e+01 8.177236219519839722e+01 6.339952199104903485e+01 7.822545307692274719e+01
7.763975906437585195e+01 7.763975905326219618e+01 7.548057600379671328e+01 6.727643673749189190e+01 6.636109192241384847e+01 5.728062196851801957e+01 6.464170185479903807e+01 5.371383447885272489e+01 3.565737239030693218e+01 1.550584423688669489e+01 3.567282577402100685e+01 4.934142780906151415e+01 4.381113884661238700e+01 6.403781494959513054e+01 8.000512610182191509e+01 8.829513840741790887e+01 8.124850885397266609e+01 7.292869573077290113e+01 8.124850885361617259e+01 7.902241402677364590e+01 7.314334942796938321e+01 9.321573151527684331e+01 1.017836302038663518e+02 9.162928754318886604e+01 7.929780547581674455e+01 5.931171451408883399e+01 4.799684395353212096e+01 5.712504697630154027e+01 7.128165346967298888e+01 7.050180578010528620e+01 5.043707615653499232e+01 5.752955995574237846e+01 6.755217848542726244e+01 8.766140172834498401e+01 9.182080216608315482e+01 8.347550303547370731e+01 9.182080216608315482e+01
5.729840154679091313e+01 5.729840154679033049e+01 7.164933514502588707e+01 6.471071643710180865e+01 5.627379945028007313e+01 5.556497891305181724e+01 5.614395321917171344e+01 4.727013091974926340e+01 3.534592858163979656e+01 1.626046145406012045e+01 1.782903110950033820e+01 5.147843863566383504e+01 6.403781492699326350e+01 7.240743760789598582e+01 8.156169487599835577e+01 7.324567757699837500e+01 7.117947303041816554e+01 5.276897717875261407e+01 6.891712544379370797e+01 5.881183686081303819e+01 7.314334942796938321e+01 9.321573151527684331e+01 9.339319735348833262e+01 7.306281198843878144e+01 6.311139044701733525e+01 5.514241149052240587e+01 5.323995576720642475e+01 6.714686636033081868e+01 8.543831352791175959e+01 7.522994348789391950e+01 5.517015472479673122e+01 7.522994348789391950e+01 8.594357702931722542e+01 9.600217634444473447e+01 1.051594481855961476e+02 9.685193903003806781e+01 9.210436377769451610e+01
6.140165126541440088e+01 4.275885988749703159e+01 6.325624722515161835e+01 5.628015274130665091e+01 3.577356696145318438e+01 3.567491777878837667e+01 3.466422913628052527e+01 3.785236672693227433e+01 1.732978387054744474e+01 3.281066615203508974e+01 3.104333021180703156e+01 4.191918895199249562e+01 6.290799416709142378e+01 7.949323372101531504e+01 6.996191086588518715e+01 5.314814375759463161e+01 5.761905813079626881e+01 4.293466836273592691e+01 4.879088774773266834e+01 6.891712544379370797e+01 8.460107427327386631e+01 9.289718400508314744e+01 1.017836302038663518e+02 8.579555346746678879e+01 6.562779160605415996e+01 7.501543130411657501e+01 5.909160194875641992e+01 7.908173999776610685e+01 9.571072932523013321e+01 8.192192352886647200e+01 6.184598400988125633e+01 6.673357802423031160e+01 7.831757535179626473e+01 9.847281783974359826e+01 9.685193903003806781e+01 7.674260437773271804e+01 8.263249213224331413e+01
4.087738198434281145e+01 3.588602896120638519e+01 5.083411563957510992e+01 5.210324360196079141e+01 4.177405696678195568e+01 2.103287659174325697e+01 1.987297404837386239e+01 1.885355007957588214e+01 1.828223010959993644e+01 3.753253774100281959e+01 4.599955375240028843e+01 5.310755078870693069e+01 5.301539963390808197e+01 6.094288489621879279e+01 6.103520390959238284e+01 4.173327040728981530e+01 3.779563062945663887e+01 5.761905813635938500e+01 5.092299133093943198e+01 5.724521785628019899e+01 6.444167015208165594e+01 7.873939783756175359e+01 9.875241302261302678e+01 9.419382583322783375e+01 7.562535268912503739e+01 8.582174427334075517e+01 6.560173144661685285e+01 8.582174427334075517e+01 9.616695889404050490e+01 7.602143668412702482e+01 7.341015561236751807e+01 8.683617953493752850e+01 9.517850108855763835e+01 1.068110069668384625e+02 9.685193903003806781e+01 7.674260437773271804e+01 6.250497538116044183e+01
6.140165126541440088e+01 5.083411563957510992e+01 3.036126319225734704e+01 4.365846971323989578e+01 2.301576227820256193e+01 4.177405696678231806e+01 3.445154793162866724e+01 3.917384644302602936e+01 3.841729973683236921e+01 1.963367136003487801e+01 3.976985599862412357e+01 3.286234902680394043e+01 4.476197549382168006e+01 4.078417278713056504e+01 4.863961676835258885e+01 3.279656409036140730e+01 5.273874502126918884e+01 6.590603493980160010e+01 7.107537783453592795e+01 7.747364859388633818e+01 8.460107427327386631e+01 8.460107427327388052e+01 1.046182350739214257e+02 1.043492610117999106e+02 9.001129025155682939e+01 9.422908948710674792e+01 7.562610835907341311e+01 9.422908948710674792e+01 1.045074639666487570e+02 9.616695889404050490e+01 9.354921450370331115e+01 1.018921871630955991e+02 1.041686260282530583e+02 9.558393228311425105e+01 9.757323972872694640e+01 9.095102628166434044e+01 8.263249213224331413e+01
6.414143531626554307e+01 5.603032144667520242e+01 4.554804785155458546e+01 2.506550880394090441e+01 4.365846125971665259e+01 5.210324359916264569e+01 5.496515722070743948e+01 4.649470483697651702e+01 2.631961747992045275e+01 3.976705930115753773e+01 2.102005787591635411e+01 2.262334897913016007e+01 2.420733196307802970e+01 2.602860546662994778e+01 2.808356236119413651e+01 3.074850536540420620e+01 5.112952629770140334e+01 5.727097141908446076e+01 6.551425642226153911e+01 7.256328738519439980e+01 8.080335548352431374e+01 9.227260562465919236e+01 9.528549867498293224e+01 1.035640387108445566e+02 1.103411019773934783e+02 1.044033977087788259e+02 9.601738018760789828e+01 1.044033977087788259e+02 1.077670863169823861e+02 9.941870047825845802e+01 1.020406819012330573e+02 1.043864215066063821e+02 8.360280940672578254e+01 7.483200986919673880e+01 7.680414338023864218e+01 9.147649067318650395e+01 9.151001175720321612e+01
4.366047768155813458e+01 4.758929178058246379e+01 2.717685260362880229e+01 3.955367012852325814e+01 5.399007421906743076e+01 6.799074579977656185e+01 4.799598236039963695e+01 3.370264641523866800e+01 4.649470483697651702e+01 4.946375785341476927e+01 3.527410695610646485e+01 2.266614175031666889e+01 4.283328249764863926e+01 4.668852271049263436e+01 4.863961695081660253e+01 5.112952627335381806e+01 3.447076120912451103e+01 3.712836260850865955e+01 5.728790940739034454e+01 5.267096443560765096e+01 6.417879504654202094e+01 8.401671691762948058e+01 7.545766780901647053e+01 9.208966083902996047e+01 1.005616424212968525e+02 1.017409372436290909e+02 1.100340626992757791e+02 1.077670863169823861e+02 9.610471509449361349e+01 7.920022763096636709e+01 8.182432626117810059e+01 9.610471509449359928e+01 8.360280940679139405e+01 6.318256664554952806e+01 6.248819194049685422e+01 8.122757938872057082e+01 7.267132843141757803e+01
4.965921128753565483e+01 2.922039382414037334e+01 4.758929178137745453e+01 5.603032264877603552e+01 6.842647831945888015e+01 6.281558583918284455e+01 4.277313332785642075e+01 5.385232897921004991e+01 6.211924313114077023e+01 6.366568412836478075e+01 5.113509134208673856e+01 4.283328249772662843e+01 2.431793726568615810e+01 4.452290694347681210e+01 5.456768462438192557e+01 6.296484913977400311e+01 5.470673102996350678e+01 5.728790940739034454e+01 4.102079719520484957e+01 6.107844937544349762e+01 6.831300433491094282e+01 7.157907308402825208e+01 6.403345325989175763e+01 8.069876414071448778e+01 8.069876414071448778e+01 8.188005422640965492e+01 1.017409372436290909e+02 9.941870047825845802e+01 7.920022763096636709e+01 6.760608357593774542e+01 6.760608357593774542e+01 8.602892729383981418e+01 8.718869155451268682e+01 6.668123703805986224e+01 5.257910047232620343e+01 7.259837945222143674e+01 5.925797144744245770e+01
3.201530537221503891e+01 4.965645134644569225e+01 3.223484499332707998e+01 4.677941274788546622e+01 6.726484085487372511e+01 7.106632059777562915e+01 5.285083746731083210e+01 5.916216012802203750e+01 7.907146609536759740e+01 6.766482807703974345e+01 5.157018830404903298e+01 3.126069171904034860e+01 4.452290694347681210e+01 2.604491569831470699e+01 4.627590556078732220e+01 5.598079072277411683e+01 6.849131234243216682e+01 6.931835493154989081e+01 6.107844937544349762e+01 4.527778465097541982e+01 4.840469372894033739e+01 5.171235247551936709e+01 5.514414371378424562e+01 6.089212356256798131e+01 6.790268504835091790e+01 7.931108408247975206e+01 9.915278156384709973e+01 9.957298326921927867e+01 7.935817544037034565e+01 6.516295404540285574e+01 5.767335572007084465e+01 7.150292665358493593e+01 7.984123428857634508e+01 6.764565779640895471e+01 4.762934428160348688e+01 6.095543070927438833e+01 4.952096843229254830e+01
5.254865170843338262e+01 5.502022056191016475e+01 3.442180840650401308e+01 4.903365731088963742e+01 6.946774431203451172e+01 8.102869912735101821e+01 6.695977022247106447e+01 7.907146609536759740e+01 7.357575674317675407e+01 5.348500492552589947e+01 3.902467111299456803e+01 5.157018830404903298e+01 5.456769138458103896e+01 4.038997386274709100e+01 2.780798997395115890e+01 4.183863625421196275e+01 5.751881727317014281e+01 6.819810583564911610e+01 7.347594717390427377e+01 5.942720892673138877e+01 5.993112898602849725e+01 7.157907308402825208e+01 7.498107950594699389e+01 6.240834273047558867e+01 7.230723793621925211e+01 9.211787322428183700e+01 1.074410820395814881e+02 9.957298326921927867e+01 7.935817544037034565e+01 8.309102062409920109e+01 6.301985310428602816e+01 5.157798139933361625e+01 6.617776103989666581e+01 7.449998152359553671e+01 6.095543070923680773e+01 4.100973092678454179e+01 4.204124063272494993e+01
5.899455808120255540e+01 5.732667180130177087e+01 3.670168024889796499e+01 4.520932078080703320e+01 5.973794860303407717e+01 8.004725734976314300e+01 8.683241876848322249e+01 8.251163075238028455e+01 6.254987545578136832e+01 5.086502820994652296e+01 5.136126437182678472e+01 6.766482807703974345e+01 6.874541003245207094e+01 5.633516308933739936e+01 4.804995001574197033e+01 2.960056142621783692e+01 3.979640162527532254e+01 5.406219382497780401e+01 7.402839701547405582e+01 7.927702454603854676e+01 7.976285899283882941e+01 8.800935341398566436e+01 8.847265242154870180e+01 6.867648802982121481e+01 8.847265242154870180e+01 9.211787322428185121e+01 1.120493358281176484e+02 1.079211093297215029e+02 9.957298326921927867e+01 9.144627065950747635e+01 7.984123428848022286e+01 6.617776103989666581e+01 4.628466027520827453e+01 6.120448584872401909e+01 6.917855679670147140e+01 5.511565883046537806e+01 3.500179021176371919e+01
6.207917614295971021e+01 5.975515838379972422e+01 3.914867024317427280e+01 5.975517180753566748e+01 6.196150977374201574e+01 7.633483512867366017e+01 9.656564190187798147e+01 9.077978982108646733e+01 7.925497554150932444e+01 7.098670595839149655e+01 7.266983570003819182e+01 7.970873684662500125e+01 6.918299641811219658e+01 6.003674214630004258e+01 5.112938911019307398e+01 3.088628043447442550e+01 5.101351405721241150e+01 6.220270704472019219e+01 7.074269731640249859e+01 7.897084858105552030e+01 7.885757860569661659e+01 8.710941404851192260e+01 9.673452920700081847e+01 8.265392175489223803e+01 8.265392175489223803e+01 1.025203109127866412e+02 1.074307356841373462e+02 9.575471651830929432e+01 8.673405114657700210e+01 7.837201192779485837e+01 7.129312066982228657e+01 6.499246071803028713e+01 6.120448584872401909e+01 4.131386880218641977e+01 5.645371854319478899e+01 5.410646042481840112e+01 4.760668107214240763e+01
7.042977773914884665e+01 6.222926936036546408e+01 4.167787159644338146e+01 6.222926930733989792e+01 7.556165949994156961e+01 8.392421425373144928e+01 9.297184925454372717e+01 1.046341013425499682e+02 9.394168066984018139e+01 8.342406009851072213e+01 7.577080301733309398e+01 6.894089135386744260e+01 5.995816775088093209e+01 4.448823487713946179e+01 3.323940531470039872e+01 5.112938896125887567e+01 3.386399917029704199e+01 5.407767660291378320e+01 5.083313495378740754e+01 6.630173168187685917e+01 5.900568664126473806e+01 7.304192264068633733e+01 9.289781411052041449e+01 1.025203109127866412e+02 1.025203109127866412e+02 1.108151366591095268e+02 9.907548078188608542e+01 7.883044650090170080e+01 6.722886793342581768e+01 5.834988388061662334e+01 5.136868445995308008e+01 4.510427323547227019e+01 4.206741143270073735e+01 3.906222556734670803e+01 3.654953037089865120e+01 3.456373232083654301e+01 3.266811526927821774e+01
7.679037990906550704e+01 5.648625764040697561e+01 4.459892998043910950e+01 4.955330290378231695e+01 5.526185323569374219e+01 6.436071521411770391e+01 7.606753447522692113e+01 9.631096233243121674e+01 8.614156687273018065e+01 6.817887696188347491e+01 5.748252541584278674e+01 5.008541019369322811e+01 5.776838051684975284e+01 5.521142482629789328e+01 3.494137564234857507e+01 5.523582273065687076e+01 5.407767658130882182e+01 3.692948174541449191e+01 3.915259355669581254e+01 4.635261907608181531e+01 6.630213971145681739e+01 7.266784164517845568e+01 7.839072355779758539e+01 8.499251483732859924e+01 9.325118759815165959e+01 1.031903102457342527e+02 1.058615593527376717e+02 8.563593452969352882e+01 8.392732836313854250e+01 7.013313694012298072e+01 5.022338346914506957e+01 6.499245851589691370e+01 4.588403814017878801e+01 5.896068933333690865e+01 5.645371854319478899e+01 4.160573576050613553e+01 5.367882632800221643e+01
