LEM/with_lateral_4open/elevation_000617.asc
nrows	100
cellsize	150.0
xllcorner	0
ncols	100
yllcorner	0
NODATA_value	-9999
[rows 34 to 50 of 100, columns 37 to 73 of 100]
6.982222146396684082e+01 7.229382611317987539e+01 6.633896038810620155e+01 8.063628514756297250e+01 7.148134932272114384e+01 5.859000930185818135e+01 3.886668170230886687e+01 5.009016461409754584e+01 6.427874090450940514e+01 8.447464448634437417e+01 8.379748578261693126e+01 7.333150183279637702e+01 6.219059584218566528e+01 4.199386068112792714e+01 5.956430251249232555e+01 4.311631065083152947e+01 6.258666708051892869e+01 7.419025230519899594e+01 8.711555990670227345e+01 7.281177546414629376e+01 6.505255393048481949e+01 8.532535022862501251e+01 1.038049676767836047e+02 1.138992629780608894e+02 1.049077170692462175e+02 8.478377146021027500e+01 7.311794533792179607e+01 6.701273774336090128e+01 6.120021049273448455e+01 6.874424987615553562e+01 8.299573594055438264e+01 7.147744498591440276e+01 5.145726868241445118e+01 6.498204208343007338e+01 6.627495751013715619e+01 5.228092719424964230e+01 7.231565532799129414e+01
7.461166908124727115e+01 9.256637854016621247e+01 8.667015273783950136e+01 7.644528835171820447e+01 6.311801450391756418e+01 4.312288492854332844e+01 5.859000930185818135e+01 4.671179703035350883e+01 6.678428976256897442e+01 8.594173770365230780e+01 7.526185792068564240e+01 5.499830839655854220e+01 4.491952260305989597e+01 6.216139115253939451e+01 7.046668615871756458e+01 6.258666708051892869e+01 4.596410591084416097e+01 6.583074312927142557e+01 7.302903713958130538e+01 5.852847805278943838e+01 7.874798657719495054e+01 7.518270725374568997e+01 8.534828434273013897e+01 1.055877020642786306e+02 1.132291139060431249e+02 1.016163514808725807e+02 9.328915165471197213e+01 8.669108181395964152e+01 7.465182679795528031e+01 5.456781739402963893e+01 6.872937553005895950e+01 6.593509616585291155e+01 6.324796063841365878e+01 4.503596884747256723e+01 4.631508152826112479e+01 6.627495751013715619e+01 8.065525199542246071e+01
7.367392464099663130e+01 9.431306870400187847e+01 8.237373018581283191e+01 6.215685344573447679e+01 4.792970972931796325e+01 5.720359778762689018e+01 7.148136373573352387e+01 5.824643800488162526e+01 5.738242952385147788e+01 7.758074182037849198e+01 8.290864581963315061e+01 6.699255171495707373e+01 4.705917103077794650e+01 5.865398381856699217e+01 7.876443186737948565e+01 7.419061500934013509e+01 6.583087240480155344e+01 4.916363071915381511e+01 5.287980030077573446e+01 7.302904405310923153e+01 8.711662893544013286e+01 9.546799320350450557e+01 1.038049676767836047e+02 1.138992629780608894e+02 1.117874504862849676e+02 1.017289359911221567e+02 9.340167089290285674e+01 7.834803307038903597e+01 5.818674739296113785e+01 5.339548702100479716e+01 4.877422947540551945e+01 4.600676573263705649e+01 4.330599345532637301e+01 4.063882099705433859e+01 5.787048273030010392e+01 6.612811604798069709e+01 7.759704384638359898e+01
7.593007907647444199e+01 9.657771017700437710e+01 8.612968360868275397e+01 6.590325796507747214e+01 5.163737457452976543e+01 7.182744087693512824e+01 8.575912955947433147e+01 7.252267116100324529e+01 6.902990381784431406e+01 8.594173770365230780e+01 8.104135227369067707e+01 6.080638040239461617e+01 4.922219573954389205e+01 6.934435811925719406e+01 8.659965685589746442e+01 8.354450771773618101e+01 6.329946782939686756e+01 6.914153505086085261e+01 5.381186683356069977e+01 7.399084797920941980e+01 8.405456124161807452e+01 9.246583763286450619e+01 1.067253156467942290e+02 1.151205394112952547e+02 1.034656665322918485e+02 8.333767525351382233e+01 7.323030182824416556e+01 6.607284482813909676e+01 7.834803307038751541e+01 6.022206735587738535e+01 6.283226885047310617e+01 6.004836222251754663e+01 6.324796063841365878e+01 5.787048285878786658e+01 3.779943031772042161e+01 4.940982354388936670e+01 6.937150321264913089e+01
9.657771017700437710e+01 9.362781703211365425e+01 7.337902961509263378e+01 6.171770758780008492e+01 7.182744087696657687e+01 5.876409004315230078e+01 7.897202468728802671e+01 9.275031938144752530e+01 8.926140375548570205e+01 9.760917720780189200e+01 8.940349077285593182e+01 7.157837301078231462e+01 5.142930934854965130e+01 6.565673500579285360e+01 8.602850706048988627e+01 9.193697182183618111e+01 8.353128113728962489e+01 8.194893821071580930e+01 6.793260362694074672e+01 5.888671416336383402e+01 6.375817440520010138e+01 8.405456124161807452e+01 8.640805400472150666e+01 1.067253156467942290e+02 1.117874504862849676e+02 1.017289359911221567e+02 8.257436671439995735e+01 8.627001496718453666e+01 7.665237846653472786e+01 7.444633363303965723e+01 8.296624838772929422e+01 8.014693053059475858e+01 7.014277026478698929e+01 5.010496746770992615e+01 3.583602943124996898e+01 5.334099577739737441e+01 6.165783295793069385e+01
1.078328355305027628e+02 1.019749661772202955e+02 9.030072396151864211e+01 7.337902961509263378e+01 8.507315583358739275e+01 6.483799302456131386e+01 7.525793209318995025e+01 9.549784158847430149e+01 1.027897671873023597e+02 9.443994071559380643e+01 8.766880001640919318e+01 7.386251771866542981e+01 5.368963298598472278e+01 7.386251755522242490e+01 8.475968701385664872e+01 8.983684197128391702e+01 9.811589323876211211e+01 9.523105398526074339e+01 8.438965936329914541e+01 6.446109562012244965e+01 8.396664554609847642e+01 7.201759122264802215e+01 8.219219162793049804e+01 9.658604613186885501e+01 1.168645851617195888e+02 1.110374411210416241e+02 1.027137639608839805e+02 1.051341038444632972e+02 9.680566241057556454e+01 9.460467426836886773e+01 9.362536616181606064e+01 8.530618583061837512e+01 7.603157151638504274e+01 5.597390402396931819e+01 5.334099590419447168e+01 3.312358706292160804e+01 5.082364569900323659e+01
9.966978866146975236e+01 1.079234145056687595e+02 1.019749661772202955e+02 9.362781703211365425e+01 9.182906467842022380e+01 7.156133814392192960e+01 9.182906467842022380e+01 1.038415065217243267e+02 9.443994071559380643e+01 7.412651861803989561e+01 6.737301291848208962e+01 6.155716339602130205e+01 5.681230528470587160e+01 5.987180539973505233e+01 6.448211398697014829e+01 6.952890242227474005e+01 8.983684247755002161e+01 1.018041660840292906e+02 8.113594796941401910e+01 8.484230273574698344e+01 7.530252407179489182e+01 9.235884216454331863e+01 9.235884216454333284e+01 1.109217182583235655e+02 1.103688351203393694e+02 1.020395780939661279e+02 1.020395780939661279e+02 9.860465060666602710e+01 9.027891574087730930e+01 8.902393367061343099e+01 8.530618583061837512e+01 6.525121628780442506e+01 7.112518087040497505e+01 6.457026342470624058e+01 5.305414513750358196e+01 3.273359413530835127e+01 3.052732442907396049e+01
7.977481469781959333e+01 9.145949648254674003e+01 9.970931342612037440e+01 1.112046674850819272e+02 1.001817539820743548e+02 8.169815903205338259e+01 1.001817539820743548e+02 1.087561966540204708e+02 8.850995334349320842e+01 9.443994071559380643e+01 8.765780225354431821e+01 7.882297870899182612e+01 5.997854032710116456e+01 8.010756371918894558e+01 8.475968708655302919e+01 8.983684247755002161e+01 7.819459502996166123e+01 9.848745615023635480e+01 1.018775486729924609e+02 1.042093310554715515e+02 8.550425287473208869e+01 1.042093310554715515e+02 1.126606899913381739e+02 1.127414657866951586e+02 1.020395780939661279e+02 8.194889804203010897e+01 8.194889804203010897e+01 8.296893429973866319e+01 7.021632553552980482e+01 6.896535651418862756e+01 7.124315338906355066e+01 6.795013141767113041e+01 5.106899214490091765e+01 5.625465594219178200e+01 3.601343257057611424e+01 5.305104433725951907e+01 4.229861779832703661e+01
6.987057694417136133e+01 7.160035805534649000e+01 8.304691562799469295e+01 1.029512956412553564e+02 1.102907677348576101e+02 1.019599703247870224e+02 1.102907677348576101e+02 1.170695810311117384e+02 1.087561966540204708e+02 1.100465736487341104e+02 9.831282929605190191e+01 8.380010120950534258e+01 6.358288232949141872e+01 7.077195665534820535e+01 7.985616719369616590e+01 1.001384782585141835e+02 9.257524284379736912e+01 8.907746294758990757e+01 1.092278875837738354e+02 1.144965022198585558e+02 1.059689326203871502e+02 1.145075279050809343e+02 1.186329865800440331e+02 9.852055408672470094e+01 8.431117254822302698e+01 7.534378947062350562e+01 6.777693773724688242e+01 6.292603534703324186e+01 5.866254787713487673e+01 5.481188018300903053e+01 5.121214740580651892e+01 4.790597557080120339e+01 5.954576235214110369e+01 3.939193423134566530e+01 5.625465594219178200e+01 6.453391101102556604e+01 5.653948534935661030e+01
6.100641391572759886e+01 8.084434048381817206e+01 9.970931342612037440e+01 1.066982175861137137e+02 1.025927570238167164e+02 1.108172375185336733e+02 1.196856112580543794e+02 1.311499129190407587e+02 1.138826483520607411e+02 9.303401881574021104e+01 8.102165326916232857e+01 7.185137872747512233e+01 6.847321392004811003e+01 8.881782461729345357e+01 9.941879969863660449e+01 9.643721871001864088e+01 1.127608016982837711e+02 1.034062761994337620e+02 1.056134373153553412e+02 1.257507577651248027e+02 1.185041386784241269e+02 1.102749181159824161e+02 1.185041386784241269e+02 1.127414657866951586e+02 1.037510176686893999e+02 8.783332199059282175e+01 8.783332199059280754e+01 7.448461332699174875e+01 7.869577388517869565e+01 7.484037774235187612e+01 6.122234515595818038e+01 6.341005230484748978e+01 4.332678496713100458e+01 5.954576234669386992e+01 4.767476273465679526e+01 6.773554237662888511e+01 7.634206810122309150e+01
6.841612694639141523e+01 8.827172951589734851e+01 1.009132066548362587e+02 8.689974378128133026e+01 8.280440797932820374e+01 9.164135109954430902e+01 1.030682235922822372e+02 1.229059433998718731e+02 1.223432876296585050e+02 1.069222750533295994e+02 8.637409308906622130e+01 9.239251624534382756e+01 7.565714742736516030e+01 7.935207650936642665e+01 9.968764112634018204e+01 1.166071946549231200e+02 1.248977011029716664e+02 1.234735977568698644e+02 1.257519254650925404e+02 1.177801989382865315e+02 1.086058911112436505e+02 9.050766677195755960e+01 1.086058911112436505e+02 1.153720007662664102e+02 1.071185482806283034e+02 1.079290376885753062e+02 1.028863776869405058e+02 9.455873228237210526e+01 9.765451972215065268e+01 7.757975814960627758e+01 7.195604409925384459e+01 5.191605945239430042e+01 6.341096593432216366e+01 7.172115631843809069e+01 5.587658233668566510e+01 6.186314608205769616e+01 8.191276115461195673e+01
8.246691079785725265e+01 9.369024964070828787e+01 8.548333536520121356e+01 7.293881442874692311e+01 8.433340622033378509e+01 9.831863643523682583e+01 1.181449383112846192e+02 1.199379473752595402e+02 1.116879483142863876e+02 1.153086911804097667e+02 1.069222750533295994e+02 1.036960064823249610e+02 8.337566144595649575e+01 9.968764112634018204e+01 9.376433877476128487e+01 1.139877579975584041e+02 1.211221510910799992e+02 1.127239556551966899e+02 1.127416171498986159e+02 1.095505063451782064e+02 8.977732677231044534e+01 8.063325928697955192e+01 1.003912924439699879e+02 1.039351327892725152e+02 8.735750996705446880e+01 1.039351327892725152e+02 1.175814921021996469e+02 1.093090784602614747e+02 1.059689548927788110e+02 8.613635969073877163e+01 6.608236506253015818e+01 6.193327461220521002e+01 8.027027506126900391e+01 8.423399807378676485e+01 6.589007741025285725e+01 8.191276115461195673e+01 9.023243551337930057e+01
8.350367610556250497e+01 8.548333536520121356e+01 6.574470862184300302e+01 8.548333536520104303e+01 8.654882327043394241e+01 9.477099314289959864e+01 1.062203594567349541e+02 1.084460138188139098e+02 9.178857400400019628e+01 1.053709718376709645e+02 1.136194283599826349e+02 1.120174658970081936e+02 9.515387972140909767e+01 1.120174658970081936e+02 1.139877579975584041e+02 1.222811583480837783e+02 1.127040703458342819e+02 9.281477378822218327e+01 9.281488080671594787e+01 1.068761250648566090e+02 9.337920377507462888e+01 7.366786140620301637e+01 8.566521283378806118e+01 8.519553537598577009e+01 7.603966677691752807e+01 9.570950749082000186e+01 1.061092623315960566e+02 8.948038295225430261e+01 1.012804697841415731e+02 9.445818506000777859e+01 8.613635969073877163e+01 7.609915549921724676e+01 9.029911362004050090e+01 9.426698525931627159e+01 8.594397044424844978e+01 9.426681234516550489e+01 9.637995459341927074e+01
9.174644307806769916e+01 8.106964424713692097e+01 6.132851719877377406e+01 7.513118856507917087e+01 6.677289977021895595e+01 7.817525410962812771e+01 9.798733146444062925e+01 9.955353318462199752e+01 8.032552096582891465e+01 8.548763800926147383e+01 1.053709718376709645e+02 1.204027268250339091e+02 1.153647686400829286e+02 1.236516194048621031e+02 1.201046229784288357e+02 1.118133875223098670e+02 1.132261641141434723e+02 9.852299486441374654e+01 7.879408347516370270e+01 9.863688487958228279e+01 9.963425251083776857e+01 7.987904714622627012e+01 6.595095493329854719e+01 6.567382202533063662e+01 8.283116650014611082e+01 9.512529646654705573e+01 9.786097577103438994e+01 7.813263160614145875e+01 8.143504422477168703e+01 9.024084202254087472e+01 9.848358123755032523e+01 9.617356388226137653e+01 1.003755541793678532e+02 9.213761157729011586e+01 9.213763366488097972e+01 9.057783073257822082e+01 7.653497553005247767e+01
7.797751288674969317e+01 8.648349618964135743e+01 7.513118856503866994e+01 5.533238187742430370e+01 7.513118856507952614e+01 8.810262824719430341e+01 7.987386864077417670e+01 8.321662951407948583e+01 7.148344178992034870e+01 9.131133165500671112e+01 9.225007624173059639e+01 1.063264015333821817e+02 1.178190213518094112e+02 1.274719207700230186e+02 1.118133875223098670e+02 9.199515881894271274e+01 9.778939742818232617e+01 8.571880310154139693e+01 7.250014618305202418e+01 8.388223854912868660e+01 8.101238911008680077e+01 7.822638151010085039e+01 7.551706933749863992e+01 5.914859860145873682e+01 6.264194188619457293e+01 8.503216131387002008e+01 1.060533656523258514e+02 8.724763479557819323e+01 6.747046109271727232e+01 7.039128682702144602e+01 8.701492978823077351e+01 9.848255560533974062e+01 9.213761716079359587e+01 7.228112116326663283e+01 7.228112118033581623e+01 8.234742631288860082e+01 6.246588970393252538e+01
5.690778853397644355e+01 7.503697736129591078e+01 6.682454657001449050e+01 5.176562532071829992e+01 7.163680291450552318e+01 7.533794466719243133e+01 6.010223671515252164e+01 6.344058545646996095e+01 6.784067327158827254e+01 7.292639894270259049e+01 7.820667226589023358e+01 8.966796698886538763e+01 1.095694277983660641e+02 1.191548799440023885e+02 9.931393499473284692e+01 8.789986219354102559e+01 7.797971227434886998e+01 7.168171833858879438e+01 6.777126734994085666e+01 6.400029286221786151e+01 6.111721110819134850e+01 5.831792936001286165e+01 5.559505985735832923e+01 5.527557994530656060e+01 7.521896713147741309e+01 8.289392787929558892e+01 9.112057534419635374e+01 9.250096933125632859e+01 7.878069598711340404e+01 5.900236412493456584e+01 7.039128658850466991e+01 9.024069433775959226e+01 9.044867374416357109e+01 7.057356059177162422e+01 5.819192311570070331e+01 7.572025426432026052e+01 5.580341824374077220e+01
6.031246714392650432e+01 6.380824190805023477e+01 4.682342449131409268e+01 4.969290332618106731e+01 5.259876374322904979e+01 5.553884364657031369e+01 6.439791988691047209e+01 8.321662907759265693e+01 8.764501493497607498e+01 8.399756921555213296e+01 9.807931404273398357e+01 8.966796698886538763e+01 1.095694277983660641e+02 1.206484171442901498e+02 1.008044035213707588e+02 8.682406294116847789e+01 7.980675909614652141e+01 9.153060890549694761e+01 8.763586403709307149e+01 7.153651026510833333e+01 8.101238911008680077e+01 7.822638151010085039e+01 6.075314568428782280e+01 5.180760785265415791e+01 6.887457700856667486e+01 6.315152157608518735e+01 8.241580321758723926e+01 8.426570677211620364e+01 6.443068859197865095e+01 5.456198519074295916e+01 6.874195389731447392e+01 7.515279299675944458e+01 8.338214702839766801e+01 7.057356059177161001e+01 5.061804859425937764e+01 6.242675694708294287e+01 5.001120363974415994e+01
