LEM/with_lateral_4open/elevation_000561.asc
nrows	100
cellsize	150.0
xllcorner	0
ncols	100
yllcorner	0
NODATA_value	-9999
[rows 0 to 16 of 100, columns 37 to 73 of 100]
8.884754177262699226e-02 6.929726548558100274e-02 7.395023591448830758e-02 4.828361932999872264e-02 4.897713358561925356e-02 8.568734790590110117e-02 1.075183056328203948e-02 6.823539046102447547e-02 7.194897206013613211e-02 1.557559815681563986e-02 7.704183385687686514e-02 1.685416958384493638e-02 9.680445094065920353e-02 7.639902522890137937e-02 4.559330980047965332e-02 5.839666421669215124e-02 9.739037529851846120e-02 3.670263267501718690e-02 2.041064012308905357e-02 6.895211126444661387e-02 9.031524355919069713e-02 1.560024811392830661e-02 7.641644294168103979e-02 3.888124420523987601e-02 6.873285589001959517e-02 4.772367030474261584e-02 9.504926490987847254e-02 5.760415539182907330e-02 9.666222459857021221e-02 9.627991409191682948e-02 1.286757495974483190e-02 9.381044340810595905e-02 7.584058927755046864e-02 1.435327048224320848e-02 5.777975670406795827e-02 2.716720951219454838e-02 4.735230246529398453e-03
2.008884753850933791e+01 1.421143288921556014e+01 2.007395023591413263e+01 5.595285581582313483e+00 2.004897713358526445e+01 2.008568730107091227e+01 1.155775713543226324e+01 2.006815294427072871e+01 1.653936587241008738e+01 6.614092817880087294e-01 2.004282654919113682e+01 1.520428090666894150e+01 2.009680445094030432e+01 4.158881929722999082e+00 2.004559330980012533e+01 2.005839666421633538e+01 1.423952599902959371e+01 7.107770444540522981e+00 2.002041064012273353e+01 1.421108773499552136e+01 2.009031524355883391e+01 1.688084268128111409e+00 2.007641644294132632e+01 2.003888123918330422e+01 1.421086847962084398e+01 7.607013130489320041e+00 2.009504926490952315e+01 1.419973977912290408e+01 2.009666222459821583e+01 4.178762818730529460e+00 2.001286757495939028e+01 2.008957941639566158e+01 2.007584058644157921e+01 2.001434868776060227e+01 1.064088967557322185e+00 8.920293942114373209e+00 1.997299163050486470e+01
2.044643887820126338e+01 3.421143286209095891e+01 3.136878827385108792e+01 1.136878827347862142e+01 3.136878827336919073e+01 3.983789720412432445e+01 3.155711720008030241e+01 3.082075389781737584e+01 2.080299129196404095e+01 1.307579949967985211e+00 2.157084152170199687e+01 3.616988396296119390e+01 2.832581267140912473e+01 8.329170206943084409e+00 1.987589895646551241e+01 3.986860946580802789e+01 3.423952599903029892e+01 1.466705990472513399e+01 3.466705990472583920e+01 3.421108773499622657e+01 2.336644698473619641e+01 3.366446984721493063e+00 1.491345239740347850e+01 3.491357486671417831e+01 3.421086847962013167e+01 1.655128504048863647e+01 3.589128441766104061e+01 3.419973977912361107e+01 2.834905109980849858e+01 8.349051099871989123e+00 2.834905109980849858e+01 3.047710443008575609e+01 6.514994416279458633e+00 2.492660396128748346e+00 1.520622439438891504e+01 2.827747424214283711e+01 2.471242009669087381e+01
2.959228300803492928e+01 4.873068808311313660e+01 3.803545494070570498e+01 1.803545494014540651e+01 3.803545494070570498e+01 4.858909137818011459e+01 3.857411902531854508e+01 2.515005122857136755e+01 2.225242722896322523e+00 1.361227468296059762e+01 1.459995664420290318e+01 3.313388613586786846e+01 3.294151711011605954e+01 1.304321529091178355e+01 3.303653608783992013e+01 4.814765234250072723e+01 4.295133115329356599e+01 2.621406528851785467e+01 4.295133115331644547e+01 3.608929041367331081e+01 2.507014507358448441e+01 5.075162300155008133e+00 2.507516215039037988e+01 4.319840713263456422e+01 4.483555641733950381e+01 3.069342066422006354e+01 4.483555637799447169e+01 3.501571776655376311e+01 1.501571776653859835e+01 2.834905109724815375e+01 3.663332232564668089e+01 2.393223919025466628e+01 3.926355910118428660e+00 2.247837355793141256e+01 3.072733114754953476e+01 4.348772982760412020e+01 4.408709813538519029e+01
2.758342041892633389e+01 4.758342055745947619e+01 4.631972630516165879e+01 2.803545494014558415e+01 4.631972630499834764e+01 4.026283876426175112e+01 2.028588653045873968e+01 1.039630366129152961e+01 2.875155036470929293e+00 2.256325328390321161e+01 3.095021088586041813e+01 4.083753737386945915e+01 3.819841994730374068e+01 1.820719102495559483e+01 3.819841994730376200e+01 5.590165812642440102e+01 5.449833653845220027e+01 4.621406528851856166e+01 4.194745711795219734e+01 2.192677559902475437e+01 7.784304146069382035e+00 9.075162300154973494e+00 2.321715287724823185e+01 4.320896872221050700e+01 5.503965754531392207e+01 5.069342066662799340e+01 4.766482836644831877e+01 2.766482840721188907e+01 3.501571775290717881e+01 2.395998967653759948e+01 4.395998967707608074e+01 3.225081081637721780e+01 2.392138297567916538e+01 5.361641587903564599e+00 2.536738721096324056e+01 4.383041345985188997e+01 5.178284907084058375e+01
3.166590332355606208e+01 5.166590338193666554e+01 5.631972638707340195e+01 4.803545494127245519e+01 5.631972635962914353e+01 4.858863096680470761e+01 3.853863521927499391e+01 2.357197210881202309e+01 3.528177136700948235e+00 1.768597876014854720e+01 3.768073260868619201e+01 4.956949309537941417e+01 4.647523699603765124e+01 3.234649746763898293e+01 2.763487929662565890e+01 4.176982307824154361e+01 6.174380235923855054e+01 6.092449929116452267e+01 4.387717536371799554e+01 2.387821758104824355e+01 9.736104291966432456e+00 2.907273651307537321e+01 1.524729629798804709e+01 2.679426623782863359e+01 4.678604091432238477e+01 5.682529092975914864e+01 5.594909413693873290e+01 4.180696403090028923e+01 5.103105747537218662e+01 3.103105748840295064e+01 5.103105749154153159e+01 3.704651466141990568e+01 1.921877213121430117e+01 6.378109418479096071e+00 2.639304795472157750e+01 2.415206447003664181e+01 3.303860793875492874e+01
3.385369931859676740e+01 5.385369941060219645e+01 6.335133841391582621e+01 5.500735573348389096e+01 4.274876900766815169e+01 3.436173368349280111e+01 4.100550122864335378e+01 2.422719996211420579e+01 4.182594377888496417e+00 2.422708056261659237e+01 2.060290058576379124e+01 3.536773028526250329e+01 5.556667399964442211e+01 5.232621056360395784e+01 3.763222055210874828e+01 5.590165812815293123e+01 6.092449929116452267e+01 4.094657661813866412e+01 4.461245594587688146e+01 3.171603578367074050e+01 1.171639937791976394e+01 3.171603578366801202e+01 2.938917699460449029e+01 2.255026361730285345e+01 2.858049002000278094e+01 4.272170789844371086e+01 6.269780692203185168e+01 6.180696397976900869e+01 4.736098910689748465e+01 4.517319311213658040e+01 5.220030871696869923e+01 3.246615535786483520e+01 1.816332078352044377e+01 2.639307367144187921e+01 7.843716938265988148e+00 1.680530147200412117e+01 3.668384414830638462e+01
5.051498972434914236e+01 6.213798234396872289e+01 5.500735573348389096e+01 3.471195899976112287e+01 3.436173368349279400e+01 1.430359253536467001e+01 2.794613654396977509e+01 2.353347765507420064e+01 4.838061454991960275e+00 9.666119025708958645e+00 2.935828590461731480e+01 4.128072888547102792e+01 6.135988324247750825e+01 6.589220260728602341e+01 5.761082654105010903e+01 6.591095873571214270e+01 6.441005283824526373e+01 4.461259373460040223e+01 2.461870183809558554e+01 1.907169984799445572e+01 1.372647500843820545e+01 3.372703022824656216e+01 4.937805789707691417e+01 3.409717287723015744e+01 4.857257184079873724e+01 4.012729523299358192e+01 6.010903422904701188e+01 7.564525459707569155e+01 6.736098907057409235e+01 6.517319312294641520e+01 5.836882742783884481e+01 3.846999186997350506e+01 3.846999186904398726e+01 3.614214910096813327e+01 2.786486918591507234e+01 9.340404664350256070e+00 2.935911036255431483e+01
5.879926932355113678e+01 6.254155498900868082e+01 5.419949786805646852e+01 4.065634307619722421e+01 2.029941841139790526e+01 2.898449708342462117e+01 9.275137076850276330e+00 5.771556018016201328e+00 2.488003526270717103e+01 2.934893149613673913e+01 3.776614719264255626e+01 4.408555140461320576e+01 4.946517922568950354e+01 5.526901129715138694e+01 6.351329133467245924e+01 7.026809735066757412e+01 5.030417320400316328e+01 3.616554916214986548e+01 4.461034948928865163e+01 3.587523539058030053e+01 1.592176020823203153e+01 3.006403803849530121e+01 5.006572271307432231e+01 5.408431323734497909e+01 6.232912556287991634e+01 6.010903422904701188e+01 5.644967821053100465e+01 7.639130129862591900e+01 6.739832274681428714e+01 5.876994284201295926e+01 5.162943940687812727e+01 4.559399807908265956e+01 5.279384345874870377e+01 4.013586087874401898e+01 3.042157015604503911e+01 1.040442945022037335e+01 1.506437373179274175e+01
6.849367553044206147e+01 4.827865561732579636e+01 3.391223603111867391e+01 2.800512839650510344e+01 4.057302598801912552e+01 2.678692513865889424e+01 6.735993222069848407e+00 2.580955965747071090e+01 1.121188722277707761e+01 1.520881887916235797e+01 1.947346765901735921e+01 2.395730938305267088e+01 2.933645505154511923e+01 3.516394724396712945e+01 5.526901129734230267e+01 7.418575215315379978e+01 6.441005283824526373e+01 5.615147120746728149e+01 5.378304993270906920e+01 3.816205553188218857e+01 1.817193601008411719e+01 3.817271178613181348e+01 5.040950318946253361e+01 5.748194073070007448e+01 6.576858431977460384e+01 7.471564390841535896e+01 7.639130129862591900e+01 7.063100502117337953e+01 5.010015126771322258e+01 3.861953347523492397e+01 3.180540393363516927e+01 2.600087075650572999e+01 3.816021121431128904e+01 3.166482786249291692e+01 1.195506426574806191e+01 3.006111465140036998e+01 3.443328901070682946e+01
5.735357630638843318e+01 4.564988948186432793e+01 5.419949786805646852e+01 4.833685666537527936e+01 3.837500846589730230e+01 2.036841954448270542e+01 7.418737995869753021e+00 2.746524623310438429e+01 3.127984873622102313e+01 2.940668318503027123e+01 3.958473961179403489e+01 4.408555140480152801e+01 4.040490377093430396e+01 5.526901129734230267e+01 4.594907495031311839e+01 6.597138757157900102e+01 6.796099403258868676e+01 4.792791247853271130e+01 3.378291138894737600e+01 2.711621746627223928e+01 2.100036313483035499e+01 2.524300423657039971e+01 3.040698314408471248e+01 3.747806655099045514e+01 4.642255724706110698e+01 6.056796703314718400e+01 8.057936540853741292e+01 7.933229576402723637e+01 6.739832274681428714e+01 5.876994284201295926e+01 5.162943940687812727e+01 3.822257988834449804e+01 1.860206397135899437e+01 1.375982961391478732e+01 1.411722111616679776e+01 3.411465541307812543e+01 4.543218010325778522e+01
7.419474321187254873e+01 6.587846571534372231e+01 5.527416257465894489e+01 3.505107096852300685e+01 2.375563691636519792e+01 1.450030263251212936e+01 8.103074159458506287e+00 2.815198739869004285e+01 3.569246711791371496e+01 4.494446054629639775e+01 5.716950804003045761e+01 5.724506525446299321e+01 6.046255529849028676e+01 6.869401836709222664e+01 5.754882817519600025e+01 7.418575215315368609e+01 6.796099403258868676e+01 4.792791247853271841e+01 5.379546621765256020e+01 4.385861094232569712e+01 2.385750599197335831e+01 4.379009981368115945e+01 5.040749694678284243e+01 4.454984545602208357e+01 6.455596836039858033e+01 7.471564390841535896e+01 8.007806601779427069e+01 7.185550111733228107e+01 6.430516405133960234e+01 5.876252953753886743e+01 5.376625472751787527e+01 3.565397486373217362e+01 1.563535103214296385e+01 3.374101792702738578e+01 3.412249862685845869e+01 1.722493457620295132e+01 3.722773622665079785e+01
6.614027041459560508e+01 6.395185303352678119e+01 6.367544227102449383e+01 5.002760268223914863e+01 3.005951940532995792e+01 3.324866543862373192e+01 2.202814077874174714e+01 9.078276442545677227e+00 1.973681327690543696e+01 3.516569892289764709e+01 4.282402381372239830e+01 3.688269118897231635e+01 5.123797979172653783e+01 7.190975260214443665e+01 7.747681767192138125e+01 8.566353187583685269e+01 7.628426993923463328e+01 6.796099403258868676e+01 6.265322635139200003e+01 4.680782943904151949e+01 2.680634511507447115e+01 4.679119771441223463e+01 6.286779089873486015e+01 6.455596836039858033e+01 7.284206429913494674e+01 8.337106252757722302e+01 6.342552508735359851e+01 5.187918692590908876e+01 4.432091111073656720e+01 3.877743029750403991e+01 3.378178942231362925e+01 4.392845305022555635e+01 3.563642628812564794e+01 1.752644976076269856e+01 3.752340048976586928e+01 3.722773622665729931e+01 2.040978291501130570e+01
4.674226525144935351e+01 4.463466935047778605e+01 5.841550097449960077e+01 5.487969883377755309e+01 5.002698090683115595e+01 4.904997945854941577e+01 3.719755792202609257e+01 2.912941322319497672e+01 1.005675398648536856e+01 1.585378023717739282e+01 2.258937456614645001e+01 3.692678936517288690e+01 5.775449366880982183e+01 7.099350489455798652e+01 7.099349411286587497e+01 7.921118907975900925e+01 8.160117753767600846e+01 7.159898889237207698e+01 5.436801847068826987e+01 3.436563842831277071e+01 3.180634514273403468e+01 3.465099735092542943e+01 4.465126190801687045e+01 5.620063123846649944e+01 7.622457649337670205e+01 9.156661984396077969e+01 8.007806601779427069e+01 6.064502462930141036e+01 6.430516405133960234e+01 5.876252953753886743e+01 4.710476629243532898e+01 2.711877465982135860e+01 3.886542690816948920e+01 1.886962257286931788e+01 3.886541954875016813e+01 4.285310808089678147e+01 2.285540342597044727e+01
3.673919331808571798e+01 3.135389407925539729e+01 4.415459311862108649e+01 3.574678642068680290e+01 3.864568085277340970e+01 3.988592545631498609e+01 3.103644602104966665e+01 1.104295324436188075e+01 2.992930316471611008e+01 3.602493865565394771e+01 4.282404387772528764e+01 4.725565598297231418e+01 5.168638608430422465e+01 5.104554506688664617e+01 5.104554505787897511e+01 7.099349411286587497e+01 7.331756456957354828e+01 5.331071586660851125e+01 4.331000385590924395e+01 5.436801847068826987e+01 3.697032341795891597e+01 5.465750410911645218e+01 4.619858400060823556e+01 6.621260386592159364e+01 8.452627677767000591e+01 9.472683005742698015e+01 8.879262174628580340e+01 8.059091686877079042e+01 7.325694964429162326e+01 5.330103937273073456e+01 3.916662700938364594e+01 4.078209024390717730e+01 2.079144090806443046e+01 3.886542690816948920e+01 4.712961511312916940e+01 4.535247436082504890e+01 2.535754662336416843e+01
5.580596978492130233e+01 4.415491894247437443e+01 2.513826295214882478e+01 2.221974597333349877e+01 1.940465743111347763e+01 3.004911995122702706e+01 1.209341966204808116e+01 3.109827933306648973e+01 1.392015514648187668e+01 3.399489811380605886e+01 4.104723510206175519e+01 2.712415570700147072e+01 3.175035581322455869e+01 3.680457477702139357e+01 5.104554505787897511e+01 7.099349411286587497e+01 8.160117753766076021e+01 7.159898889237217645e+01 5.485813090892713006e+01 6.231918683428286698e+01 4.231555252021418312e+01 6.231918683428286698e+01 5.774868241563888915e+01 7.451164875654146158e+01 8.886480723018921424e+01 7.480349296267834802e+01 8.468131212551050169e+01 7.641177320670335860e+01 6.849455834985386105e+01 4.852239682075901328e+01 3.438594540161881952e+01 2.284040608163725494e+01 4.078484953775579669e+01 3.630005841436142333e+01 5.539892473558523989e+01 5.362148363198318179e+01 4.535247436082493522e+01
4.973895930085399186e+01 3.080255694087953700e+01 4.415491894247411864e+01 4.135117413705901868e+01 3.488314046790480916e+01 1.549750858573285761e+01 1.283702414645324197e+01 3.477059001685804418e+01 3.399489811380605886e+01 1.684290219155992219e+01 2.092296854252784399e+01 4.104723510206175519e+01 5.186726664448903534e+01 5.688816406532084358e+01 4.844832472581833116e+01 6.002026029777963601e+01 7.988763059767528318e+01 8.314847247222887461e+01 7.486526374904659065e+01 6.231918683428287409e+01 4.898227528013335075e+01 6.898764261135761444e+01 7.777453558264392086e+01 8.607638484685399760e+01 8.063890329393339584e+01 6.067388429069602296e+01 6.801347550460016578e+01 5.645496429249989490e+01 6.005963878548360668e+01 5.410532171247002964e+01 4.431475523302409414e+01 2.431662303242570999e+01 3.351855352819043787e+01 5.220360900528756076e+01 6.353242204044285302e+01 5.447418455669509285e+01 3.448317702516894201e+01
