LEM/with_lateral_4open/elevation_000495.asc
nrows	100
cellsize	150.0
xllcorner	0
ncols	100
yllcorner	0
NODATA_value	-9999
[rows 17 to 33 of 100, columns 0 to 36 of 100]
5.222468517465790605e-02 8.996496904361398705e+00 2.054356515465613953e+01 4.055644652753883861e+01 5.743646860631245232e+01 4.619499648991927643e+01 3.213745513892195760e+01 3.794654205865099783e+01 4.831896755567924373e+01 3.502955234871974000e+01 2.486210557340295324e+01 4.471381513457970414e+01 5.267606155985179583e+01 4.772384383508806849e+01 6.064538300544288774e+01 5.946979338110958224e+01 5.684605511741548156e+01 6.851314123396853972e+01 8.874842645329394486e+01 8.524425619495710293e+01 6.519010025872383096e+01 5.354168533375058558e+01 4.698076004431887753e+01 4.079234691637034871e+01 3.533673068221381897e+01 3.248333521848365280e+01 4.876263243825149374e+01 4.789274993889853249e+01 3.158501697957678900e+01 5.157003055295848526e+01 4.545727710537934740e+01 5.544982633938305838e+01 7.545559269847500161e+01 7.697816324821560841e+01 5.692493108269334101e+01 4.679257912239761197e+01 3.905296502314043039e+01
7.333276091007127906e-02 2.007333276090971452e+01 3.729427445114818340e+01 4.887511863188738914e+01 3.628680675927255805e+01 3.569882411422452861e+01 1.814664729674240107e+01 3.794651384406145667e+01 3.783082748400860851e+01 2.098552676880956724e+01 4.085789511403456231e+01 4.471381513421061982e+01 6.466693618235136398e+01 6.774104778717691033e+01 7.605210358094183221e+01 7.968393233252169239e+01 7.706557324747400628e+01 8.539432705584422933e+01 9.704062252355970486e+01 9.003774946803929424e+01 6.998651351229874251e+01 7.366598386680198018e+01 6.193674241690752069e+01 4.132096653224886751e+01 5.610572044592181840e+01 4.427548878840993751e+01 6.133265250852221584e+01 5.153180039752153618e+01 5.156861664788802813e+01 3.546736932016050758e+01 5.545662503335058346e+01 7.373693099320504984e+01 8.373848063460012270e+01 8.529103487589708266e+01 7.526210270187857532e+01 5.933217343265063448e+01 5.933217343265054211e+01
6.343274376862209629e-02 1.420556836749969776e+01 3.420556836753031860e+01 3.860126246532467320e+01 3.515167909400540225e+01 1.702511939827666154e+01 1.061008971718582039e+01 3.060374201403731576e+01 3.478757658803524322e+01 1.838441369302347894e+01 3.244175059448290455e+01 5.233265315156484121e+01 6.184443905689307286e+01 5.631143995805604163e+01 6.511886795010086360e+01 7.638823969713425299e+01 7.020935851382068904e+01 7.728906773591100432e+01 8.557958314011851542e+01 9.559207872007202411e+01 9.003774946803929424e+01 8.348120031760323911e+01 6.618324995321545146e+01 4.581771524660463513e+01 6.618324995321545146e+01 6.483608071317260624e+01 7.321913027229371096e+01 7.132748957125943434e+01 5.850265257864851520e+01 3.851480660275868217e+01 5.850354325313665527e+01 7.452057622225163414e+01 8.281104246368126098e+01 9.436682703931228389e+01 8.774228505636460795e+01 7.618104426867577672e+01 6.788551567246003060e+01
3.497053469895897854e-02 2.003497053468632316e+01 2.299501518940531852e+01 1.859949963642220538e+01 2.592330891465089948e+01 8.244845732312551689e+00 2.824692320789176492e+01 1.305341565917675162e+01 1.479407380593097443e+01 1.723682305666829961e+01 3.723178761564543038e+01 4.333285728341750342e+01 4.381572089231710976e+01 3.806733856112664682e+01 4.805748290226908637e+01 6.125651843993181700e+01 5.019019951692103376e+01 5.726462613683482061e+01 6.727246463533036547e+01 8.730567083649168580e+01 8.935815094410499171e+01 6.930631790930503655e+01 5.506344166820848329e+01 5.768721697797364811e+01 5.682445186461206532e+01 7.693025238856665737e+01 7.792295745954811537e+01 5.789397334794932704e+01 4.376100071801045743e+01 5.850354325313661974e+01 4.744892923754423464e+01 5.451323771992408496e+01 6.606105125149218793e+01 8.607650223625793728e+01 8.360234892671439866e+01 6.788551567246003060e+01 4.783755703953158900e+01
9.635555453094322986e-02 1.543504765115787825e+00 2.994457265335814355e+00 4.457002113590081471e+00 5.935444655499233058e+00 9.935444794995506257e+00 2.993816675764020374e+01 3.304692518943203083e+01 3.478757658803527164e+01 3.723178761564536643e+01 2.076910193154008866e+01 2.332599038201867003e+01 2.612105343426492965e+01 2.903023623581708534e+01 4.912837676221347039e+01 4.121795266803416524e+01 5.539215060780789202e+01 7.541435479498987604e+01 8.557958314011851542e+01 9.559207872007202411e+01 8.935815094410499171e+01 6.930631790930503655e+01 6.930631790930503655e+01 7.191646171782485908e+01 6.690364142204366260e+01 8.523161408181043441e+01 7.923035512729772734e+01 5.921773988717350790e+01 4.767788715785308540e+01 5.767015737642859108e+01 6.744691385800635430e+01 7.452057622225163414e+01 8.281104246368126098e+01 7.770329782416501985e+01 6.350131821112569241e+01 7.088934085106144778e+01 5.370946817416893992e+01
8.845047570523793812e-02 2.008845047570488163e+01 2.299501518940543221e+01 2.445788033326408950e+01 1.409992608775144696e+01 2.991873717698012314e+01 1.596569205677308290e+01 3.596955938031360489e+01 4.912930921940886009e+01 4.906190849851059710e+01 4.076958481324898997e+01 3.038782656540113081e+01 4.613795465033315679e+01 4.912837676221347039e+01 3.359187248936511594e+01 5.368265248809576917e+01 6.659191969252682952e+01 7.326474561200495828e+01 8.155652313353591865e+01 9.156951419898504696e+01 9.765608272590152694e+01 8.935815094410499171e+01 8.935815094410499171e+01 9.196672144985915054e+01 8.108587325513344979e+01 9.525551517784731459e+01 8.752245048657808013e+01 7.239153403299130218e+01 5.238549890267471909e+01 7.239153403299130218e+01 7.400876953219950849e+01 9.402586661076868779e+01 8.239127037949664611e+01 6.938877379888255348e+01 4.933299060535277647e+01 5.082878074952763114e+01 5.221825314764269166e+01
8.023991185656004221e-02 2.008023988861169329e+01 3.829884603497146855e+01 4.214116616664480830e+01 2.562598443414782778e+01 4.214116617192805592e+01 3.596955935085413358e+01 2.245470891644900391e+01 2.912196232497523951e+01 4.912930921940886009e+01 5.798621063791139818e+01 3.794866344735584818e+01 5.798621063791139818e+01 6.197664640958506510e+01 4.261071445570265581e+01 4.051585630431912932e+01 4.657488171145013922e+01 5.324626785357080649e+01 6.324849866962746603e+01 8.328099255438253579e+01 9.162231097258064949e+01 8.326097301638259296e+01 8.590381434373038871e+01 9.425134579654933020e+01 1.011306872789619149e+02 9.464855768880639175e+01 7.463047754850104809e+01 6.307403302466129702e+01 5.945236917711611113e+01 7.946819827667628999e+01 9.402586661076868779e+01 9.158070066746860505e+01 7.407589105758410142e+01 5.400254940844322959e+01 4.245655523087398819e+01 3.664184831483756710e+01 3.210700660908146631e+01
4.598823041778624804e-02 1.004598382826353209e+01 2.418735024645321019e+01 4.416696464820265078e+01 4.537819301383352411e+01 5.353495792276750365e+01 4.912931194359223497e+01 2.912196232497523951e+01 4.912930921940886009e+01 4.177527886455961692e+01 6.178380882599962831e+01 4.951680526148901862e+01 6.627940200938522253e+01 7.118707782618417923e+01 5.425552028306383789e+01 5.469231628159950986e+01 5.688241069774885261e+01 7.326474561200495828e+01 8.155652313353591865e+01 9.156951419898504696e+01 7.993890647177175879e+01 6.300393148706238122e+01 6.562646714699415895e+01 8.590381434373038871e+01 1.017003485662447417e+02 1.029410876117252087e+02 9.138332945142506958e+01 7.722817018643797837e+01 7.360492722275482436e+01 7.360492722275482436e+01 9.362338677492299155e+01 8.327398850465270641e+01 6.315433417585641962e+01 5.314462299160672387e+01 6.248654185291729846e+01 4.634247879907378120e+01 4.374334627341483639e+01
7.340434288523949025e-02 5.620386390494757300e+00 2.559841668502573953e+01 4.081104201368427198e+01 4.081104201368327722e+01 6.078635315608082834e+01 5.741526122599227477e+01 4.067261412987975433e+01 4.545784639779105873e+01 6.178380882599962831e+01 6.178378932651007460e+01 6.955563353705296947e+01 7.784388311824095297e+01 8.319666484928636407e+01 7.492368347984742627e+01 7.471408188800580774e+01 7.690462596335304113e+01 8.519392552185357204e+01 8.230190305899226644e+01 7.394127247361645061e+01 7.156556463644417931e+01 5.157438418427696547e+01 7.156556463644417931e+01 7.310858894893914339e+01 9.317533040211512230e+01 1.097882346974525660e+02 1.015775907037210288e+02 9.724551155219299403e+01 9.362338677492299155e+01 9.362338677492299155e+01 1.019159497157598793e+02 9.158070066747369253e+01 8.153046241210701339e+01 7.321416134025457723e+01 7.471633953174266196e+01 6.051993907232091630e+01 5.795744908226191683e+01
3.515918393995972474e-02 2.003515918393960504e+01 1.414609471335850266e+01 2.081000517317698595e+01 3.495792754536932279e+01 5.494171034521252039e+01 6.896597911100798228e+01 6.068137600100836693e+01 6.546546025769448818e+01 7.374939364490390403e+01 8.178631086259355243e+01 8.198370911104919401e+01 7.446798192750668477e+01 7.991429973060419911e+01 7.527369089748086139e+01 6.681824314180194335e+01 7.605155001027129913e+01 8.142077421741882404e+01 7.069682243080184492e+01 5.387537709606795033e+01 5.907565826286100474e+01 4.561973142624296429e+01 5.307868521208771284e+01 6.453489461722149656e+01 8.482047321034796994e+01 9.408895364174522058e+01 8.143883032523758914e+01 8.995047197805820360e+01 1.099848082306822761e+02 1.057995181169048067e+02 9.757667455452877903e+01 9.660508076324488513e+01 8.838171585385596529e+01 8.662169941770657999e+01 8.264400788167586143e+01 8.060822994228814764e+01 7.847339543723470001e+01
4.608085242692564615e-02 2.004608085242657012e+01 3.406197391882862746e+01 4.020304722543968268e+01 4.081098942823083320e+01 6.078576690156135953e+01 6.940436937818958540e+01 6.116464533626500355e+01 6.940436937818958540e+01 7.533296592074101738e+01 6.736479121780105572e+01 7.234366390130435320e+01 5.617370280921512204e+01 6.893548704102468605e+01 6.470950194637569552e+01 4.554178592612352361e+01 6.502154416033363304e+01 6.960724924831636429e+01 5.334100402086748005e+01 4.242655674426547563e+01 3.916263571424262580e+01 5.062019259729683540e+01 7.062603916284869854e+01 8.148292145479227599e+01 8.811492372445692922e+01 7.393005462104910919e+01 6.973549093247652308e+01 8.407351806280485107e+01 1.043835629399018927e+02 9.757667455452877903e+01 7.772026711821057177e+01 8.353607420630518732e+01 6.850704063394455545e+01 6.673324173755304400e+01 6.273525906633489768e+01 6.486083493556104429e+01 7.315324722035184379e+01
1.610643649003322755e-02 1.415824206022110943e+01 3.415824206022181642e+01 4.783960582783046078e+01 5.154638587649981218e+01 5.845391609056620297e+01 5.942604073349767901e+01 4.118139397991105710e+01 5.942604073349767901e+01 6.406639917937410189e+01 4.773495151420061688e+01 5.946146490281227415e+01 4.674658040694814787e+01 5.541916342281347596e+01 5.572520412401041767e+01 3.543349314519800686e+01 5.603827747053106378e+01 5.704624497515331427e+01 4.261731534223704188e+01 3.350358169605350867e+01 5.344340495164149729e+01 6.740556540649679107e+01 7.898575967332209302e+01 8.023036288193715393e+01 7.191180237982551660e+01 5.962536921700709769e+01 7.974197539125808021e+01 9.293129066583821896e+01 1.012295369443958322e+02 9.500098544204614370e+01 7.514317667747553742e+01 6.364905188414083881e+01 5.697913768445958738e+01 5.259823844812966342e+01 4.858854872232351596e+01 4.481715357164337377e+01 5.972473230165662272e+01
2.022278438842990689e-02 1.418008957647904644e+01 3.430504307498250682e+01 2.655228139681231880e+01 3.205123406156112509e+01 3.919880624439137051e+01 4.117824018023209476e+01 3.118346070237599932e+01 5.117301965808806585e+01 4.676217542587171749e+01 3.614000823244605698e+01 3.812066581670931953e+01 4.661026299345456181e+01 3.642095769981712294e+01 4.858543918295227826e+01 2.874880329392500755e+01 4.451355269357358679e+01 4.623013652344226898e+01 2.864432625078461925e+01 3.074514047303534880e+01 5.085025285804878337e+01 6.221999348623849357e+01 7.380026062685803367e+01 7.191180237982551660e+01 5.171845966619994783e+01 7.191180237982551660e+01 7.886880614553176372e+01 7.293280972871117740e+01 9.311339749648622899e+01 1.032237308563686753e+02 8.753135759618973566e+01 6.765512946340393796e+01 7.690706676558373545e+01 7.255843612472830273e+01 6.388091221685724719e+01 4.390902487950828004e+01 3.976156970964871817e+01
6.642187732006160639e-02 2.006642187647797826e+01 2.216994402503343053e+01 1.220065497522605646e+01 1.953882126102671890e+01 3.265339617336174172e+01 2.118572452542161955e+01 4.117824004611806998e+01 4.046243799169364763e+01 2.631845953646165981e+01 3.340204582774433817e+01 2.341313161519142128e+01 2.709179002345629428e+01 4.660816584865521151e+01 4.046174558803883059e+01 2.270937848090169098e+01 2.441944698105005074e+01 2.614942143426400989e+01 4.624012850748458447e+01 5.085025285804878337e+01 3.376557761851135808e+01 5.388308053499714134e+01 5.361437510633661674e+01 6.210789548857300701e+01 4.697362059255495836e+01 5.255752323810063587e+01 5.863371153641661238e+01 7.030909679517853306e+01 9.052781384966019118e+01 1.015703614996407111e+02 8.171621177717143780e+01 8.753135759618973566e+01 8.442585259554536492e+01 6.453203282368436078e+01 5.039261364401730248e+01 5.804442236847053493e+01 5.387708878597042172e+01
1.591255364720534082e-02 1.092676357763447736e+00 2.171004089795500303e+00 3.255656378857093802e+00 2.324520565780933268e+01 1.265917041654688013e+01 2.804554608962807549e+01 2.920292026675366870e+01 3.036993373224828119e+01 1.213783625130607113e+01 1.339346041767901596e+01 1.893854684044245218e+01 3.656177928517833209e+01 3.820052172805333157e+01 2.039139062989510620e+01 4.038152519650518713e+01 4.447590235923229329e+01 4.621460733037422841e+01 5.455143211885911825e+01 6.221997942220151145e+01 5.388307894473415161e+01 3.687520535504657460e+01 3.938001799988108331e+01 4.194799000755764951e+01 6.202973106551429083e+01 7.274201498533963672e+01 7.886880614553176372e+01 8.721793161103897774e+01 9.878812188554951490e+01 1.097933273940534633e+02 1.015703614996407111e+02 9.457046375359603019e+01 7.788856014984705212e+01 5.796668135859930970e+01 6.453203282368436078e+01 7.797144515913871032e+01 7.384219258786845330e+01
6.189296070378335485e-02 2.006189277719829533e+01 1.631242232532972025e+01 2.325406465924848476e+01 4.815018721738195673e+00 2.480405105662875798e+01 8.051864906215927320e+00 9.210432522306128078e+00 1.037487459616975904e+01 2.993468168656946560e+01 3.293233997294701254e+01 1.525889162161270463e+01 1.659018910740685016e+01 1.815557685922519937e+01 3.812598122967892778e+01 3.040827207819831557e+01 3.938065164291927545e+01 5.098089047113884220e+01 7.086019931335709998e+01 7.127702541177919215e+01 5.109807249776421401e+01 5.700835082964722034e+01 4.475061372174446461e+01 6.210789548856725872e+01 4.763485564487670842e+01 6.781552804229431786e+01 8.044293263782617487e+01 8.759355089567431207e+01 9.586605773862413571e+01 1.059080965181039318e+02 1.003919437950848277e+02 8.055356648550535681e+01 6.648720701494343643e+01 7.788856014984705212e+01 8.442585259554257959e+01 8.640995101950998958e+01 7.441448756474690640e+01
2.247884206357958492e-02 2.002247884206322581e+01 3.630486189931406216e+01 3.209845099372189026e+01 1.878018223795016439e+01 6.418872492111079353e+00 2.641228600005285188e+01 2.920292118431424200e+01 1.378553075879495893e+01 3.350606351490853285e+01 4.143526902704892478e+01 2.635411117675062442e+01 3.262818073982012379e+01 2.027194796546110211e+01 4.148401158817330270e+01 5.050391186666114152e+01 5.859749788566118411e+01 6.742814661915726049e+01 7.874322991686452156e+01 7.959186615617122129e+01 7.127702559977193175e+01 5.749631439551334466e+01 5.235770175395635562e+01 7.255167471692845993e+01 6.189986948193926253e+01 5.384934643275271782e+01 6.022480680505819350e+01 6.736854825647110090e+01 7.750492164647012316e+01 9.768218014487862888e+01 1.003919437950848277e+02 8.055356648550535681e+01 8.055356648550535681e+01 9.457046375359603019e+01 9.086205567063548472e+01 7.813715867425450767e+01 5.817779817355661720e+01
