LEM/with_lateral_4open/elevation_000089.asc
nrows	100
cellsize	150.0
xllcorner	0
ncols	100
yllcorner	0
NODATA_value	-9999
[rows 0 to 16 of 100, columns 37 to 73 of 100]
8.884754177262699226e-02 6.929726548558100274e-02 7.395023591448830758e-02 4.828361932999872264e-02 4.897713358561925356e-02 8.568734790590110117e-02 1.075183056328203948e-02 6.823539046102447547e-02 7.194897206013613211e-02 1.557559815681563986e-02 7.704183385687686514e-02 1.685416958384493638e-02 9.680445094065920353e-02 7.639902522890137937e-02 4.559330980047965332e-02 5.839666421669215124e-02 9.739037529851846120e-02 3.670263267501718690e-02 2.041064012308905357e-02 6.895211126444661387e-02 9.031524355919069713e-02 1.560024811392830661e-02 7.641644294168103979e-02 3.888124420523987601e-02 6.873285589001959517e-02 4.772367030474261584e-02 9.504926490987847254e-02 5.760415539182907330e-02 9.666222459857021221e-02 9.627991409191682948e-02 1.286757495974483190e-02 9.381044340810595905e-02 7.584058927755046864e-02 1.435327048224320848e-02 5.777975670406795827e-02 2.716720951219454838e-02 4.735230246529398453e-03
2.008884754177227094e+01 1.421143288921665615e+01 1.421608585964556326e+01 2.004828361932964498e+01 4.219265571561994221e+00 2.008548141164771650e+01 2.001075183056292772e+01 6.392790710797823905e+00 2.007147090925776212e+01 1.001557528326019231e+01 2.007704183385652286e+01 2.001398752146953797e+01 2.009612825967962024e+01 6.906941420859307179e-01 2.002275854698543256e+01 2.005839600167893977e+01 1.640382835324889754e+01 2.003670263267466112e+01 5.567391343121976810e+00 2.006895211126409251e+01 2.009031524355883391e+01 1.156260483066563083e+01 2.007641644294132632e+01 1.717243960798616298e+00 2.006873285588966382e+01 2.004772367030438573e+01 8.260015074187210260e+00 2.005760415539147345e+01 2.009666222459821583e+01 4.946992415153771638e+00 2.001286757495939028e+01 1.164081588957116686e+01 2.007561855163638143e+01 1.156135840929319869e+01 2.005777975487916365e+01 1.711471051645230723e+00 2.000473523024617251e+01
2.630430325447624895e+01 3.421143288921736314e+01 3.421608585964627025e+01 2.850117181703934577e+01 8.483282580838165998e+00 2.850055092665020950e+01 3.305955243628125828e+01 1.305945737746763413e+01 3.305962042972591064e+01 2.415755886567736255e+01 3.829165417089099321e+01 3.078996096939186344e+01 6.464075181331519815e+00 1.305279654708646930e+00 2.130331107894622988e+01 2.882871316666273032e+01 3.419188485441534908e+01 3.126879268280303137e+01 1.134062103688172662e+01 3.126879268293354031e+01 3.983966943247170889e+01 3.156033603842395863e+01 2.340142341639505474e+01 3.401547802931650821e+00 2.340142341479234034e+01 3.654428624420165050e+01 2.240215069791841174e+01 2.826001507451128347e+01 2.995148153862619012e+01 9.946992425067790577e+00 2.995148153862619012e+01 2.578296333442629873e+01 3.983543127990429866e+01 3.156102639917455477e+01 2.998464691234407908e+01 2.170814184030093230e+01 4.119188113360604753e+00
1.207780594637220162e+01 3.207780594637358007e+01 3.671704770728353395e+01 1.664937915357199216e+01 2.850117181703934577e+01 2.003361679037467979e+01 4.006794095116737964e+01 2.200372929318740844e+01 4.134640098008709685e+01 4.414913672197073424e+01 4.883144933454143910e+01 2.999669007281499589e+01 9.682434241094055594e+00 2.123512156812697071e+01 2.181097705763524797e+00 8.197767905192664628e+00 3.029050562738631669e+01 3.784949671423424888e+01 1.800473723266467374e+01 3.784949671423424888e+01 5.299977487942975785e+01 3.924204170328172836e+01 1.924613755565982132e+01 5.104060864449141199e+00 2.510386309268514182e+01 4.183854834908900244e+01 4.240215069902464506e+01 4.826001508147599850e+01 3.550316758948284246e+01 1.549399465002873910e+01 3.550316758948284246e+01 4.578453998963001226e+01 5.090850369929313501e+01 4.260314514987525314e+01 3.502411312256118947e+01 2.583398688815115918e+01 5.834173964785685840e+00
1.634182027348448685e+01 3.634182027348377630e+01 4.310353731247384701e+01 2.297706981577246665e+01 4.310353731247384701e+01 3.159351270772778619e+01 4.837337333810214801e+01 3.355073614031920926e+01 5.029190878579176172e+01 5.215476886768618670e+01 3.222050965165584557e+01 2.025544607655183782e+01 2.962694899440790763e+01 2.329240383804962633e+01 2.130884982442489317e+01 3.059943884746763043e+00 2.349314152755084351e+01 3.943667061405869134e+01 2.689532902961471450e+01 4.579974245995152415e+01 4.479028426320608247e+01 2.496574387824249186e+01 1.499365346765490159e+01 6.831797715612544231e+00 1.437443536798154220e+01 2.289377916894538245e+01 3.629468321499481220e+01 5.561691203339017164e+01 4.183723740272015590e+01 2.181855546729715556e+01 4.183723740272015590e+01 5.417308533841704588e+01 3.413889461213864962e+01 2.258997054519861791e+01 1.503066271641202256e+01 8.363996092920368497e+00 2.583390454191321695e+01
2.081395622848414462e+01 4.081395622848343407e+01 5.147963704943022378e+01 3.194439629540383052e+01 5.147963704943022378e+01 5.164428848413721340e+01 5.994976476406365862e+01 5.355156619647717520e+01 6.184160945056648728e+01 6.031654254427845530e+01 4.884638514746313120e+01 4.064528693077232901e+01 4.669764543562516934e+01 2.959160195297609874e+01 3.942263541978907604e+00 9.391391172641943896e+00 9.709079656269052450e+00 3.137831234562868232e+01 3.817771791735589915e+01 5.425288694002554024e+01 5.300762470972220797e+01 4.309592365686086879e+01 2.934046800616157924e+01 8.657539574045605590e+00 1.992226016729043536e+01 3.746182410696399501e+01 4.195403300826468040e+01 6.137094123045929450e+01 5.018286569668961761e+01 3.076311333765229961e+01 5.017914080105011720e+01 6.241094212064342628e+01 5.090850369929313501e+01 4.130631150096117210e+01 3.022865588538350679e+01 1.022900570940098142e+01 3.022864110636160362e+01
2.615918106673272447e+01 3.714388784703808710e+01 5.714388784703648838e+01 4.362596732061076921e+01 6.073607762899444396e+01 6.731715306290092826e+01 5.902440064742685166e+01 5.782483900279680711e+01 5.602647740645584662e+01 5.352810441135888198e+01 5.155151449694839272e+01 3.751816201332453460e+01 2.929249348796551189e+01 2.454597815363553082e+01 4.566727569000700093e+00 2.392351744128167823e+01 2.876928851971077705e+01 3.981171370344424076e+01 5.735785853480224006e+01 6.534311307146640502e+01 6.292749594507182564e+01 4.273620116016341797e+01 3.072751169037659480e+01 1.052254919258066401e+01 3.039412460959144369e+01 4.454248934535829108e+01 5.274887868668687929e+01 6.114810775712039970e+01 5.923962085341084816e+01 4.492535095892142749e+01 5.920119542851854533e+01 5.711308860571122636e+01 4.516361252991083575e+01 3.302959907930524963e+01 1.301593776656742740e+01 3.020251396668659183e+01 2.022899824935787194e+01
3.193268375862908215e+01 5.193268375862837161e+01 6.542815909155598320e+01 6.443410886366915236e+01 7.299649298915720408e+01 5.908117784393629535e+01 3.911556344108867478e+01 3.889679347144439703e+01 3.629977307093309236e+01 3.363356728083296332e+01 4.072096540315585145e+01 2.348481034576491666e+01 9.539042774838444316e+00 7.360529064281949196e+00 5.191849884939689019e+00 1.216568273694308644e+01 3.223702226912921986e+01 5.062799680697627025e+01 6.192900496508136143e+01 6.831621418159610926e+01 5.650766988565845139e+01 4.273620116016341797e+01 2.244681760911848301e+01 1.241237158403657403e+01 3.263924913846263109e+01 4.196335582004873999e+01 3.257059057038054561e+01 4.419593120412984177e+01 6.443122506605166677e+01 6.521447046662208891e+01 6.787199565847407712e+01 4.554137527145964270e+01 2.682218492320901149e+01 1.608379772142340869e+01 1.817990442073007529e+01 3.800442895885480254e+01 4.022516107227984605e+01
3.949197321881336364e+01 5.193268375862837871e+01 7.193268375861372022e+01 7.561425011479076375e+01 7.026928268203654682e+01 5.621271089538485199e+01 4.492916556741298706e+01 2.502311742441585452e+01 2.227514986684175469e+01 1.964337682254508977e+01 3.248984805574959722e+01 1.273695429799415813e+01 2.774734672156504445e+01 1.622961261264526911e+01 5.846640785890664382e+00 2.801339339724854227e+01 2.323560761283458476e+01 3.424060374419943997e+01 5.378335121837494626e+01 5.992127908022244043e+01 3.938386630902400753e+01 2.759404899200868755e+01 1.858814467309730034e+01 3.263924913846263109e+01 1.549845407439328682e+01 2.182879665261831903e+01 4.196335582004873999e+01 6.114810775712039970e+01 7.283437727768186676e+01 6.864502979909887870e+01 4.988163930695277060e+01 5.235788612072945369e+01 3.860117685991099989e+01 1.833354764002047332e+01 3.727563177988771770e+01 2.634186607800112867e+01 4.607488123308378647e+01
5.103897860260546793e+01 6.777624446364444566e+01 6.980775096245223210e+01 5.577155996412404448e+01 5.748888240992131671e+01 4.340716229846384522e+01 2.934919166495298981e+01 4.492916556741298706e+01 4.213721413351797196e+01 3.578258713565880100e+01 1.601741927525288745e+01 3.248977015917614608e+01 3.649771423176781582e+01 2.286111987984550353e+01 6.500759510436789235e+00 2.365473789825060535e+01 3.765025661632210330e+01 5.062451189873179658e+01 5.700648600307192737e+01 6.483884307633636013e+01 4.664401046632221437e+01 2.618601002439888248e+01 3.891161311046811733e+01 4.422273801796991677e+01 3.576650935585990965e+01 1.885541823790491023e+01 3.917295617328782242e+01 5.188558084997902142e+01 7.233724828365406267e+01 6.634263063204662103e+01 4.656521527781913505e+01 3.269180481920094650e+01 2.655791710586618493e+01 2.061073606446344897e+01 4.042151922352257998e+01 4.036897107069027157e+01 3.630475539535926544e+01
7.103897860260339314e+01 7.625221524682933705e+01 6.158334935227082241e+01 4.168652352063344324e+01 3.769320709324178154e+01 3.404813982737540812e+01 4.905347237210605726e+01 5.746119262566391228e+01 4.466760824956539722e+01 2.480009705715347934e+01 3.578258713565886495e+01 4.401681904368474108e+01 4.755099688109444145e+01 2.474072927404265698e+01 7.153267466820017795e+00 1.174673517028627856e+01 3.162971357634586411e+01 4.380955543553349685e+01 3.834462724966557801e+01 5.700661511656232250e+01 5.257567194389469734e+01 3.202779383898552368e+01 5.257567194389469734e+01 5.347484943106596234e+01 3.294838643606380657e+01 2.126361384838189039e+01 3.136220014083868435e+01 5.188558084997901432e+01 6.835681455763860015e+01 6.850658413765776800e+01 4.872854906177320800e+01 5.235788612072945369e+01 4.305497003145455182e+01 2.310577787779397596e+01 4.305497003145455182e+01 5.978575049427782062e+01 4.768548187364042690e+01
7.366806410939233274e+01 5.965178336231355161e+01 4.816144668597215173e+01 6.158334935227082241e+01 4.920818751557796844e+01 4.841407851749700342e+01 5.019933312439605544e+01 5.873791376940096853e+01 3.883949687651648475e+01 3.883949687651648475e+01 4.466760824878691949e+01 5.813106042628330528e+01 3.791061969401407339e+01 2.812419042599020003e+01 7.810543971381544104e+00 2.801587171811964438e+01 1.895907134119314463e+01 2.461138610380458758e+01 3.834460646203701373e+01 5.700379497242086302e+01 5.944066864830911356e+01 3.884567853506582935e+01 5.944066864830911356e+01 6.190750173735526118e+01 4.162389049540232122e+01 4.162389049540885821e+01 2.498173491021304216e+01 3.939948889867506665e+01 5.809001815816478853e+01 6.989379515069254012e+01 6.850658413765776800e+01 5.961184251554345792e+01 4.560922966724865546e+01 2.565982417378014446e+01 4.560922966737062012e+01 5.876533692011847876e+01 6.699115940081793497e+01
7.109288290749357486e+01 5.706966126391730398e+01 5.965178336231355161e+01 7.625221524682933705e+01 6.326510760689911450e+01 6.979519019088981224e+01 6.395011255259198180e+01 6.697080244253128001e+01 5.873791376940096853e+01 5.873791376940096853e+01 6.455860020915652342e+01 5.222053142936925241e+01 3.197638580736711233e+01 1.754754809673101690e+01 8.466533405382424604e+00 2.875203461099937030e+01 3.248211527710453339e+01 4.377878012699900978e+01 3.834460686687419440e+01 5.700392639465465550e+01 6.785221319779059002e+01 4.918193342517934497e+01 6.785221319779067528e+01 7.051189952566878105e+01 5.641465060238421358e+01 3.584300907216171339e+01 4.541864567529524521e+01 2.912547804537460294e+01 4.095064016019124153e+01 6.153043759679701452e+01 6.544031905411648609e+01 4.553642901544991162e+01 3.142360915241911812e+01 4.560922966737062012e+01 3.057450818718438867e+01 5.051929733409352963e+01 5.575354340342527593e+01
6.961554029269005639e+01 7.109288290749357486e+01 7.947331315156240805e+01 8.770481914911088950e+01 8.309309394692152750e+01 8.320318426328839223e+01 8.301770836811743948e+01 7.282019385816872159e+01 6.475027881453389966e+01 6.475020104635237317e+01 6.185738993328106261e+01 4.215437227639881002e+01 2.798260395793897715e+01 1.762169275271136826e+01 9.124751668344721622e+00 2.348062401253886833e+01 4.291549802639999456e+01 5.374630261127391861e+01 5.700389141658578041e+01 6.482215249749775410e+01 7.806332827038156097e+01 6.969940387143890348e+01 7.806332827038181676e+01 7.090028885977787354e+01 5.041450277654119105e+01 5.641465060238421358e+01 5.652717130004645441e+01 3.590452481227743675e+01 3.411231592932129786e+01 5.472692127331460199e+01 6.988814792852289770e+01 4.999685249760473482e+01 3.589175496509616892e+01 5.582287804273563125e+01 5.051929733409352963e+01 3.582212818128000009e+01 4.992749328957366828e+01
8.942370073654537066e+01 9.090569113990582650e+01 8.628968696423466156e+01 7.732717600652767942e+01 6.902558281647041838e+01 6.315302801527784737e+01 7.732717600652767942e+01 6.475027881453389966e+01 4.577383777867623849e+01 4.577383759617229231e+01 5.929701581825288059e+01 5.607790717482755838e+01 4.528350640115365167e+01 3.022811217265064698e+01 9.788692075190802200e+00 2.156169054669552310e+01 3.582372159055353222e+01 5.537371578703496766e+01 7.047758327288573810e+01 7.028059846151927559e+01 6.192115436593722677e+01 7.028059846158433288e+01 7.681204858646445643e+01 7.925901567419185767e+01 7.090028885977787354e+01 6.839038203015637407e+01 4.784385360112644747e+01 5.652717130004645441e+01 3.778092480303018164e+01 5.243794059160359211e+01 7.291717437343882580e+01 6.080107432890425656e+01 4.088828918422986902e+01 6.080107432890425656e+01 5.981906229430742883e+01 3.990216864969333699e+01 5.399604491840734966e+01
9.199727250395582701e+01 9.217769619271284398e+01 7.211007745363718868e+01 5.794773878366346054e+01 4.901554069394224200e+01 4.901554069394224200e+01 6.731750134852281064e+01 6.475027881453389966e+01 4.577383777867623849e+01 3.303187040879598868e+01 4.352874938231799717e+01 4.319442682270290135e+01 3.864570718837885011e+01 2.254187292667800691e+01 1.045914799607983525e+01 3.084975327985506155e+01 4.046741743038532491e+01 3.746975184904872691e+01 5.200982914594016648e+01 6.015885168973904484e+01 4.165197534233477228e+01 6.015885168973938590e+01 5.657974669244744348e+01 7.086363153362243850e+01 8.496165359343187617e+01 6.466607373387300584e+01 6.838974789073515126e+01 5.636034434148413652e+01 4.167927097480693277e+01 5.636201243600536515e+01 7.677346769388081782e+01 6.631756937071075697e+01 4.642756363663436048e+01 6.631756937071075697e+01 6.495600020969584421e+01 4.506072521289532773e+01 5.251196656395007523e+01
7.199171797476056156e+01 8.612664897312212986e+01 8.628968696423466156e+01 7.057622196186481744e+01 5.056123136893032921e+01 3.902246047751098956e+01 5.235452799597453577e+01 6.064829625724186002e+01 5.929701581841459301e+01 4.352874938231799717e+01 2.547458893820914128e+01 2.037641580507896322e+01 3.229509077378277482e+01 1.187558955488879242e+01 2.942676692668034732e+01 1.177168878038548350e+01 3.219878717471409146e+01 1.781468391023388520e+01 4.106870954712657351e+01 5.178656484854351305e+01 3.144111617774944634e+01 4.968576924347647150e+01 4.223563832144260743e+01 6.250565071819163165e+01 7.427007202867778801e+01 8.496165359343187617e+01 8.489911436332140227e+01 6.662729357629142157e+01 4.602096239958009249e+01 5.803091150457096603e+01 7.839668501807960865e+01 7.260064572967571905e+01 5.273181372258895294e+01 7.260064572967571905e+01 7.046795014950382097e+01 5.059433201373534672e+01 7.046795014950382097e+01
