LEM/with_lateral_4open/elevation_000443.asc
nrows	100
cellsize	150.0
xllcorner	0
ncols	100
yllcorner	0
NODATA_value	-9999
[rows 0 to 16 of 100, columns 0 to 36 of 100]
8.271705653423140625e-02 2.127631151761726416e-02 9.425194436011796739e-02 4.939197167322698090e-02 3.975871534419905817e-02 6.171646774684565184e-02 1.696294146011132625e-02 1.936121709489252440e-02 4.216450047424835645e-02 2.297044857093000214e-02 6.704298068806634203e-02 4.162315340452049650e-02 3.835349583220235004e-02 2.777463300387698203e-02 2.207885817162396139e-02 7.161913568127860341e-02 9.025521335945362045e-02 3.502399586135773735e-02 8.040414306008919487e-02 3.131346976591601466e-02 7.604099264847130613e-02 2.387740603804927586e-02 5.687112022313325910e-02 4.074439634684711570e-02 8.709178300582484655e-02 7.612946965408906586e-02 1.077918208624280109e-02 9.929772718869623455e-03 4.600412614040166881e-02 2.152795518990661267e-02 2.378824418737431057e-02 9.511189423522797837e-02 9.406546861214974686e-02 1.749038473908382007e-03 2.223905489293687143e-03 6.269637160239108220e-02 9.476101746191394060e-02
7.813061968023242432e-02 2.002127631151726206e+01 2.009425194435976181e+01 2.004939197167287190e+01 6.706425382010894332e+00 2.006171646774648920e+01 1.415909856519093601e+01 2.001936121709453786e+01 4.212452781615726671e+00 2.002297044857057529e+01 1.514263747250766556e+01 2.004162315340416356e+01 2.105061638042221794e+00 2.002777463300352068e+01 1.416421448190244803e+01 8.236584944958609711e+00 2.009025521335909659e+01 1.417715961959243387e+01 1.422253976679116505e+01 2.003131346976556060e+01 3.925042768735251819e+00 2.002387740603769473e+01 1.419900674395420914e+01 1.418288001848355151e+01 2.008709154231901550e+01 1.254640672373021459e+00 2.001077840883681702e+01 2.000992977271851458e+01 1.418813975357358004e+01 1.416366357892098193e+01 9.419080264025717852e+00 2.009511189423487210e+01 2.009406546861179521e+01 3.715493705307059802e+00 2.000222390548893969e+01 2.006269637160203700e+01 6.124777545249139088e+00
2.526786264046545702e-02 1.416740348637154057e+01 3.416740348637224400e+01 3.377749319387713456e+01 1.377749319387643112e+01 3.377749319387713456e+01 3.415909856519022725e+01 2.261860273245859787e+01 8.476467108727899102e+00 2.847646710872754383e+01 3.422205126487517646e+01 2.419591520014262898e+01 4.183739116736735042e+00 2.419591520014262898e+01 3.416421448190173749e+01 2.237872064336923472e+01 2.456651674749013736e+01 3.417715961959314086e+01 3.422253976679186849e+01 2.783367050908367801e+01 7.847365116738071578e+00 2.783321128822126056e+01 3.419900674395491080e+01 3.418287544205576722e+01 2.243289887202460520e+01 2.435202202939972249e+00 7.955135421251630312e+00 2.783012895407914655e+01 3.418814544699565516e+01 3.416366357892168537e+01 2.285846669094821948e+01 3.890795039861127691e+01 2.505121800419422939e+01 9.364554930228424112e+00 1.100281133834486624e+01 3.086536002674321466e+01 1.244720762188778629e+01
4.163169627051844027e-03 1.414629879335787699e+01 3.414629879335716822e+01 4.206176444133933501e+01 2.532449857766915002e+01 4.206176444133933501e+01 5.090287397991949092e+01 3.319051231663746648e+01 1.319051231663817525e+01 3.319051231663746648e+01 3.567359717913966222e+01 7.722002488207527549e+00 6.349857246185099058e+00 2.632217939333341761e+01 3.778864924507928436e+01 4.237876387795498090e+01 4.456653019669452931e+01 5.285098342703714280e+01 4.188518545815891514e+01 2.198316049075772582e+01 1.284735012019796763e+01 2.417028367240894937e+01 4.413389951692349911e+01 3.778737685298551696e+01 1.778783992573634976e+01 3.647873243759168105e+00 2.364555942802229538e+01 1.630578620179787563e+01 3.603602930391608794e+01 5.318298493462204846e+01 4.489736964957240417e+01 4.789528487464569650e+01 2.724435866057710598e+01 1.656837050132466160e+01 1.651577132507291523e+01 3.602653833509574355e+01 1.950656761431402586e+01
5.883922493566802470e-02 1.420097484866674264e+01 3.420097484866744963e+01 4.408879005713278332e+01 4.532449857766985701e+01 5.360876982513205036e+01 4.952044393519368981e+01 2.952044393519298637e+01 1.896401500853433220e+01 3.896401500853362165e+01 4.455530258531240406e+01 3.301809378044355725e+01 1.632553136371224056e+01 9.518653804040765110e+00 2.950191434606679408e+01 4.105545409748512498e+01 5.260622132647507954e+01 6.155512390740781825e+01 4.188263201683576398e+01 3.790617211358187433e+01 1.801120007162375103e+01 3.797433078060864631e+01 5.236604226323233746e+01 4.212259971972640216e+01 2.470046833301788070e+01 4.869540534371365581e+00 2.486724298327278859e+01 3.603602930364770884e+01 2.591494299072537899e+01 3.968918188660998680e+01 5.954436680831451412e+01 5.629362508826142886e+01 4.345110112933244295e+01 2.412700779153133368e+01 2.245794042259251100e+01 4.188359294704332569e+01 2.840353840442092093e+01
1.256007409845548775e-02 2.001256007409810067e+01 2.994665387546044499e+01 2.408878926808452903e+01 3.823092490547407607e+01 5.823092755282003452e+01 5.780471518265589026e+01 4.528857032887026435e+01 2.528857032887097844e+01 4.528857032887026435e+01 5.632203844109971413e+01 3.631882742295463373e+01 3.631882742295462663e+01 2.950193789662828436e+01 1.277317432022921118e+01 2.431339040971832333e+01 4.431518744689576295e+01 5.806403701954285168e+01 5.201200327025224368e+01 3.213283284705411091e+01 2.509877634335815699e+01 4.471757995919134032e+01 4.978377907898608612e+01 2.854771459953915169e+01 1.426059232645627617e+01 6.098055706968040113e+00 2.606966370471451810e+01 3.625375879439226168e+01 4.550463090846432124e+01 3.968918188660998680e+01 5.954436680831452833e+01 5.706457914510669127e+01 3.781221390413076477e+01 4.345110112933244295e+01 2.894253548903464690e+01 4.835412167604766864e+01 3.983723133019540796e+01
9.594114293757748102e-02 4.946653643664258304e+00 9.946653643664301825e+00 2.994665387546044499e+01 4.823016691794887834e+01 5.823128184028060872e+01 5.943070595260071798e+01 3.943070595260142852e+01 3.943070595260142852e+01 5.357284157633187505e+01 6.168848203402266961e+01 5.013612199908887845e+01 3.713143535327402844e+01 1.713174236133303552e+01 3.276714454320497083e+01 1.821039588882386795e+01 2.975610128192273862e+01 4.976265174002433866e+01 6.014504938628082442e+01 5.196144505894365295e+01 3.411773864008242185e+01 5.360328670258905959e+01 5.389816452041140593e+01 3.416017427582115573e+01 3.321970932932696741e+01 2.561340899932579873e+01 7.868981357081735517e+00 2.201357544499896690e+01 4.212797830043286496e+01 5.954436680831451412e+01 6.782025047807792362e+01 6.518999172905162709e+01 5.706457914510669127e+01 5.655197343887116546e+01 3.754922121689475745e+01 5.655197343887116546e+01 5.964742441693226738e+01
7.711341127313005306e-02 2.007711341127168936e+01 2.994665387546008617e+01 1.994665364366467486e+01 2.994665364368180960e+01 4.994666532864032860e+01 6.771497720006132681e+01 5.943070595260071798e+01 5.943070595260071798e+01 6.474371558078432543e+01 5.339523824348754033e+01 3.339109462351319735e+01 2.184431326707139931e+01 2.867714087438528381e+01 4.542081135524102109e+01 3.821186444748352073e+01 2.423934775160108401e+01 4.424529569169185805e+01 6.252075435437440376e+01 6.235182936851040125e+01 4.838896094941078019e+01 6.266166626146019070e+01 5.833483903433256046e+01 4.857814262921925064e+01 3.993590177313703293e+01 2.855332528747375065e+01 9.131031375507578929e+00 2.327352416271804714e+01 4.330152570115080835e+01 5.912025644050837769e+01 5.080884149866350441e+01 5.789942326842673026e+01 6.621226546565321769e+01 6.534027688945390366e+01 5.129118297576769692e+01 6.534027688945390366e+01 7.663237040572543890e+01
2.297228869525369793e-03 1.414443285260060001e+01 3.414443285260398397e+01 3.994665477213487748e+01 4.823098383172466441e+01 5.823133201988979835e+01 6.493521708233639345e+01 6.712757543106840785e+01 7.060023350304363987e+01 5.058836590759445073e+01 3.644516009179704241e+01 2.750090360745222640e+01 3.000900786969403100e+01 4.868021591103692458e+01 5.697223667643453382e+01 5.002045288422026914e+01 3.001267498956954327e+01 3.423921472540013866e+01 4.578711420428283674e+01 6.578869844560885838e+01 6.854221118056931061e+01 6.399908401591661544e+01 4.498770143826482126e+01 3.074597110446639192e+01 2.016463655083457596e+01 1.250099395226073362e+01 1.056273384770994994e+01 3.057243324877076418e+01 4.091787317212718023e+01 4.226407665430309635e+01 3.076959165368546323e+01 3.784422946059758175e+01 4.941328286522852409e+01 6.949170663927701241e+01 7.110825766864803654e+01 7.493929408770775069e+01 5.678485780000524130e+01
9.647730019007895452e-02 2.009647730018972211e+01 3.707756883426159078e+01 4.536187329126245515e+01 5.954107214892020039e+01 5.909162093060407273e+01 4.492526602322924845e+01 4.711335485836492865e+01 6.712757543106840785e+01 6.474371558078432543e+01 5.209246840598142825e+01 3.208918830074068040e+01 5.001204711511899603e+01 4.415169725706703474e+01 6.416018322267937890e+01 5.635009821932936802e+01 3.633721563135638633e+01 4.838252930824214104e+01 6.255909066654886175e+01 7.417763787148024335e+01 7.194962296812890656e+01 5.186501251572854443e+01 5.006218443437189336e+01 3.700457104113852580e+01 1.627399019190244545e+01 3.265009560303843728e+01 3.057243331299690325e+01 1.260312684605967881e+01 3.261477271477487960e+01 2.224034957904607879e+01 4.226407665430324556e+01 5.789942326842673026e+01 6.621226546565321769e+01 7.780184909952467365e+01 8.071750478296293352e+01 6.084066859806188177e+01 4.690725647192521564e+01
3.582433992925927735e-02 2.003582433992890444e+01 1.707756815777494452e+01 3.707756826306025033e+01 3.957642078451414847e+01 5.077950494326672981e+01 3.078327518626353054e+01 4.371200369527026908e+01 6.371680897565322965e+01 7.109460210355079823e+01 5.108295679773246434e+01 3.693989821538625051e+01 5.694423200510670569e+01 6.416018322267937890e+01 7.245681614056363173e+01 6.343043752868382512e+01 4.340833023230859311e+01 6.342963069962130618e+01 7.659234549689136884e+01 7.728296475514656549e+01 6.898001143671760360e+01 5.186501251572854443e+01 3.156572485614032431e+01 2.091304954257776316e+01 3.700457104135097097e+01 4.539458835677326221e+01 2.893869104206863341e+01 3.261487367057268472e+01 1.468187029082821304e+01 3.469391310886713597e+01 4.520428365892086475e+01 5.090113035583213019e+01 5.749282143689310232e+01 6.586722515032853664e+01 7.592673976157379911e+01 7.077908669051241475e+01 5.098825839860377585e+01
1.813270376062421294e-02 2.935432533718508985e+00 2.293543097484370463e+01 3.055525474882727721e+01 2.543556870538108683e+01 3.754028463928536041e+01 2.371220769739719003e+01 4.371200369527026908e+01 6.018294628407478797e+01 6.838912834369270399e+01 6.523826524496675461e+01 5.108295679773246434e+01 4.588424109208357038e+01 6.002869478067845677e+01 8.004710918593261226e+01 7.176275182293012733e+01 5.495728066845808968e+01 7.176275182293012733e+01 7.557503838857243750e+01 6.726622674237516719e+01 4.891278380881367127e+01 4.699845198301587601e+01 2.653715835679280488e+01 3.578767969680029637e+01 5.006218571115925187e+01 5.733736168322502635e+01 4.898619485080666180e+01 4.293504535865512395e+01 3.468914385181488313e+01 1.687000948906545617e+01 3.688874809683662903e+01 3.116574968336674090e+01 3.771774819379083965e+01 4.747413577334697976e+01 6.751150710043917513e+01 7.906868588821554056e+01 7.077908669051241475e+01
2.372884694381488524e-02 2.002372884694345956e+01 7.352693576712352908e+00 1.055525665281406766e+01 1.388858998614743001e+01 1.754007370284860201e+01 3.751998765606070663e+01 3.314028165116439339e+01 4.021130138998307757e+01 5.175662344193111153e+01 7.169351734693213984e+01 7.109460210355079823e+01 5.743232455825628335e+01 6.002869478067845677e+01 8.004710918593261226e+01 8.335681189692834892e+01 7.500498505000260252e+01 7.886709501056952831e+01 5.877380175814327856e+01 4.721462249663802879e+01 3.962753734686791063e+01 3.241586751812554468e+01 4.699845198301587601e+01 5.531656187782899536e+01 6.433669172551813631e+01 6.429283100109083193e+01 5.600070440284672202e+01 4.910699593775581207e+01 3.846961459241492065e+01 1.843146955347217997e+01 2.269510142265453467e+01 4.248593576200438093e+01 5.749282143689310232e+01 6.586722515032853664e+01 7.592673976157379911e+01 7.684378400801702469e+01 6.856391794890447500e+01
8.175220331382776484e-02 2.008175220331347077e+01 2.735269416229792938e+01 3.055525661279610361e+01 2.803072562122967781e+01 3.168147469950530137e+01 3.168193890883196673e+01 5.165096511043277161e+01 6.018294628407478797e+01 6.838912834369270399e+01 7.986385935477619569e+01 8.574943536221476847e+01 7.744801943850255554e+01 8.004710918593261226e+01 8.834935179056745369e+01 9.409146084103471708e+01 8.580643451983199554e+01 8.716617707312022389e+01 7.557503838857243750e+01 5.617087192138676244e+01 4.199173934961222443e+01 5.259518868983563067e+01 4.671811687353709175e+01 6.678369517578435932e+01 7.015445970580977075e+01 5.013335172106206272e+01 3.595168550170787825e+01 4.087571681294224391e+01 2.083031560793794768e+01 3.737504736834468133e+01 4.248590337688062135e+01 3.265686309855333747e+01 4.419790461502977763e+01 6.470444218162371897e+01 8.008489619073554877e+01 6.013128161853042997e+01 4.860048930645110943e+01
9.124702163186203252e-02 2.009124702163150644e+01 2.818736444712416755e+01 4.818736444702127386e+01 4.803073136642723284e+01 5.165668376488302016e+01 5.169400495347156266e+01 6.000877761151274115e+01 6.939636505343841577e+01 7.158461678268766093e+01 7.987203159253063234e+01 7.653327822001793379e+01 7.067527221532648696e+01 7.151072024480873779e+01 7.979522694963544893e+01 7.685510248742320982e+01 6.580757705388811019e+01 8.254461363725360457e+01 8.454768817550190363e+01 7.035928004844427619e+01 5.201654682612404201e+01 7.035928004835062666e+01 6.678369517578435932e+01 7.508874942403899411e+01 6.634428959969483230e+01 5.516741584025287182e+01 4.332567007780583879e+01 2.327378630533692672e+01 4.087313690073833783e+01 4.915561407625308732e+01 6.085290555176226235e+01 4.725092604166431443e+01 6.138367584438446301e+01 7.324010415987990541e+01 8.837370512177167825e+01 7.684378400801702469e+01 5.789586966282436720e+01
2.239863785106879432e-02 8.187364447128258504e+00 2.232950007085895905e+01 4.232950007084502886e+01 5.318494730309426188e+01 4.874503836587733474e+01 5.063821242342859108e+01 5.885323397204393814e+01 4.937257454210569563e+01 5.156345543710391155e+01 6.445578571040900329e+01 5.652568892364124764e+01 5.066473962229748196e+01 5.150687691347486208e+01 6.824655640732959228e+01 5.685550994846116879e+01 5.426038597676214437e+01 7.426008877838442857e+01 9.254440037595446711e+01 8.039125396420350000e+01 7.208626606071490528e+01 8.039125396420350000e+01 8.015295902569833686e+01 7.580833142991197349e+01 5.277399106486369362e+01 3.695827741729993932e+01 2.678415969226232463e+01 4.332396530554800762e+01 2.689756905022472111e+01 4.694988375962454086e+01 5.894797556925038862e+01 6.940418746183249254e+01 7.524836981812683234e+01 8.350299713496347920e+01 7.940876313305443546e+01 6.944832297960333278e+01 6.120351771723261436e+01
1.766589122093755945e-02 2.001766589122058093e+01 3.647163560526288961e+01 4.153946913855218526e+01 3.073298569329358898e+01 3.000697717802349374e+01 3.065786790915324644e+01 5.063821242342859108e+01 3.513029436166146979e+01 5.523736286978152776e+01 4.439578146383956891e+01 4.439586122172157445e+01 3.645722329241044690e+01 3.992747063983429001e+01 5.486306874705250891e+01 4.269912858309199066e+01 5.271332701309196977e+01 6.426073232253548895e+01 8.425944523423324028e+01 9.187401423978013781e+01 8.185115224546174773e+01 7.355247023414628416e+01 6.011661582202208365e+01 6.098557412636004216e+01 5.446655256474790718e+01 4.944683285874182843e+01 2.939161654085506825e+01 4.944250661585869011e+01 4.694988401472763684e+01 3.061876124218320072e+01 5.066406696687627687e+01 5.996470015264917208e+01 5.511157910706030094e+01 7.524882736846096520e+01 7.117065140584303151e+01 5.123638402862211905e+01 4.124460147963284840e+01
