LEM/with_lateral_4open/elevation_000417.asc
nrows	100
cellsize	150.0
xllcorner	0
ncols	100
yllcorner	0
NODATA_value	-9999
[rows 51 to 67 of 100, columns 37 to 73 of 100]
4.084148202488871249e+01 6.061491514193340890e+01 7.461408777412955828e+01 8.286357529387912280e+01 9.278340071064179995e+01 8.628911030415653727e+01 6.815001929355410937e+01 6.259324087299140871e+01 8.245341459840192044e+01 8.237266636184857305e+01 9.602681725164903526e+01 8.467488534781814735e+01 9.128111562998422812e+01 1.011774708152339173e+02 1.209382466810155421e+02 1.316789640512024846e+02 1.234348473351107174e+02 1.234348473351107174e+02 1.179792558055851401e+02 1.096852922333375204e+02 1.090206838940051313e+02 9.376002216540737777e+01 7.401630564100257459e+01 6.246460941220223617e+01 6.807790599128161091e+01 4.808396921211275554e+01 6.514565014685183542e+01 6.358057460791371085e+01 5.728510145108228357e+01 6.397917256607590986e+01 7.822889231622090733e+01 9.810410232303591727e+01 8.670208995407381281e+01 6.669315806492225818e+01 5.251453636747344689e+01 7.255539010102654629e+01 7.768063764765368262e+01
3.787741059558615575e+01 4.786402621159540871e+01 6.199082746144779321e+01 8.195249760717734944e+01 9.209671074943963731e+01 7.226065701290073662e+01 5.815526514067212105e+01 7.807050264072330492e+01 9.066532394287899876e+01 1.021620932941946620e+02 1.103670332495520512e+02 1.044656110420751247e+02 1.110578587481192443e+02 1.192661917622673400e+02 1.291592418032627450e+02 1.182278186721150206e+02 1.099356864458756746e+02 1.182278186721150206e+02 1.064406622701393275e+02 8.971558929436635310e+01 1.064406622701393275e+02 1.018119541067585061e+02 9.046442813827913199e+01 7.484390950322291758e+01 5.489278968547143478e+01 6.514565802727355504e+01 4.516460752869208051e+01 4.943653471613108508e+01 6.090044460975898488e+01 7.896335312552322705e+01 9.118353724150031780e+01 9.377139820581275842e+01 7.378321552020204876e+01 5.960838999791601367e+01 4.806468468999578647e+01 6.229783135047077991e+01 5.777268496902982520e+01
3.921227203721532817e+01 5.918498478653113182e+01 7.606086662997751091e+01 8.154285741292844136e+01 7.573513029698145260e+01 7.148879312300461208e+01 5.531127233777550600e+01 6.532317627271558536e+01 7.937938931312896784e+01 9.921293804720619391e+01 1.108733609199051102e+02 1.026576649483181569e+02 1.108733609199051102e+02 1.222897499175346070e+02 1.174922745152859136e+02 1.082379100451784524e+02 8.997209013795226440e+01 1.082379100451784524e+02 9.815577886588567935e+01 7.816465502884211958e+01 9.815577886588567935e+01 9.951201836345281038e+01 8.047390646914385570e+01 6.743011023225351153e+01 6.779265989277141102e+01 4.782788933629844053e+01 4.313375095231091194e+01 6.310622050718261278e+01 7.760826637057650146e+01 8.838009928946463845e+01 8.867567774326560937e+01 9.666873989576480142e+01 8.531459003534929764e+01 6.538221944263611363e+01 5.123154910619898317e+01 4.233975922623437071e+01 4.626030152497730796e+01
4.063119992180412510e+01 6.053745417753855662e+01 6.430587591147246940e+01 6.413551747989464502e+01 5.800577198537806822e+01 5.151466486852919502e+01 7.148879312299739297e+01 8.347970502994159858e+01 9.340984035495313265e+01 1.002931275044898030e+02 9.207661067893688767e+01 8.286007126531856670e+01 9.428265077283076323e+01 1.140917499713728773e+02 1.091987260480069182e+02 8.922079634400570569e+01 7.996518579529876547e+01 9.995388829191396951e+01 9.108784925152889400e+01 7.108432092473827879e+01 9.108784925151049094e+01 9.720630938193890813e+01 8.346027445128582656e+01 6.483947354490487669e+01 5.249709676157839766e+01 5.887373248415100591e+01 4.142687865146717030e+01 5.555742620577285606e+01 7.583139873938777953e+01 8.546916686863552570e+01 6.897886653030444393e+01 8.546916686863552570e+01 9.110467143121627487e+01 7.122027087671604306e+01 7.052621340681466222e+01 5.145154378552153673e+01 3.732572534574561729e+01
5.470189642493411242e+01 4.264751874736487025e+01 4.433854691884166499e+01 4.606367813218445662e+01 4.782246463749595478e+01 6.786327146252308751e+01 7.398628613191945647e+01 7.711132336279476363e+01 8.030934575731320990e+01 8.362829683550826587e+01 7.226138874518962041e+01 9.206747430490410977e+01 1.049037237272396084e+02 1.164006865357008706e+02 1.073675402299478918e+02 9.288681475067544113e+01 7.288205554730409119e+01 9.288681475067544113e+01 8.505655852941315231e+01 6.504946951271570299e+01 7.720913258269723656e+01 7.720913258197388984e+01 8.364328472483680343e+01 6.103912715239616915e+01 4.689343838680216692e+01 3.905475276993822575e+01 5.901377153120157004e+01 6.138273387486648147e+01 8.128725770300417253e+01 7.733832332602968052e+01 5.744711413374353270e+01 7.733832332602968052e+01 7.946970554190566816e+01 8.755774342401710442e+01 7.972588986447686921e+01 6.558871682499918165e+01 4.709222124435974166e+01
6.536319950702514348e+01 4.539416006727357455e+01 6.430587591155557448e+01 6.603740294576095948e+01 6.786327146251348097e+01 5.134028952512348098e+01 5.395563142286358271e+01 5.710111263624273903e+01 6.033795385940079825e+01 6.371459036633828532e+01 6.801797738220064105e+01 7.691641606717095669e+01 8.833589538001153585e+01 1.081466296494179318e+02 9.908203110615228582e+01 7.909117860730525251e+01 6.753073145139755695e+01 8.087047196141547545e+01 8.915525039950941277e+01 7.720913258276608815e+01 5.720633731406640266e+01 7.720913258257132838e+01 7.806486088461278428e+01 7.432866085135648859e+01 5.739912432086288163e+01 3.744782883871472734e+01 5.508148885347175394e+01 5.513800551352213830e+01 7.507597637734563989e+01 7.031469560385176010e+01 5.038510234951045419e+01 7.031469264777760486e+01 5.959416684132344955e+01 7.614151300369796616e+01 7.961987815342548913e+01 7.536266495069165217e+01 6.032030859637485776e+01
6.818707040819217013e+01 4.822010905003320147e+01 6.818707040819217013e+01 8.231097263927019014e+01 7.961554975391011624e+01 6.140280176993240957e+01 7.330283780189282083e+01 6.131957422583166561e+01 8.030854570491649724e+01 8.362829683550826587e+01 8.785862079922065959e+01 7.529328004247942374e+01 8.928120631236288318e+01 1.090981674174092859e+02 1.039417120431347854e+02 8.396420933127484432e+01 6.981130438229241975e+01 6.086120135515712093e+01 7.542463828245962532e+01 7.226194815151474415e+01 5.262793250032999737e+01 6.629807392901193452e+01 5.807226465604456678e+01 6.019907574077842582e+01 5.941053280153561644e+01 5.513793312726071605e+01 3.518723515397872603e+01 5.291864260125349517e+01 6.118400034817852884e+01 6.431139161000126592e+01 4.436998180219499233e+01 5.650470192733103403e+01 4.806582043199673393e+01 6.799372878436540191e+01 5.993471128484425492e+01 7.384425711274998605e+01 6.859986102816817777e+01
5.976455339704848768e+01 5.294268518016158964e+01 5.412604799540891065e+01 7.406747701571008236e+01 8.974199153714282318e+01 7.559119530016511135e+01 8.641603625759012175e+01 6.670668432177687635e+01 8.088585743857753130e+01 1.009581798047518646e+02 1.016844974638416943e+02 8.188751974319448834e+01 9.144780379180696173e+01 1.112714186153164206e+02 1.097887390542945809e+02 8.981548440440604963e+01 8.914668233860041369e+01 7.542463828245962532e+01 5.542203334604982246e+01 5.226786503913377402e+01 4.922998133737378623e+01 4.632714334803520728e+01 4.396604795597719573e+01 4.168322278527323022e+01 3.945663637566057957e+01 3.726826665963649532e+01 3.510248883783142304e+01 3.295767032270851615e+01 5.113675939325815989e+01 5.938590700659722899e+01 5.646980849596791074e+01 3.654440554764678950e+01 5.046353412039361785e+01 5.301502838785254568e+01 4.642080493934337682e+01 6.427716513618361205e+01 7.098187241861694474e+01
7.772128855390427304e+01 5.779434957083301327e+01 5.859761467145563074e+01 7.269346237960215262e+01 9.259643489161666707e+01 9.593125814247235894e+01 9.499141521059441118e+01 7.567290140801175369e+01 8.089963414137976372e+01 1.010385110527590626e+02 1.099219761752766544e+02 9.177254635003563976e+01 1.016844974638417085e+02 1.195239783837466803e+02 1.059064300251423276e+02 8.592760201587087465e+01 7.437339199648586430e+01 6.542111781158590134e+01 6.956607982551996372e+01 7.226194815151482942e+01 6.075913154544200268e+01 6.044109822014812750e+01 5.807226465604456678e+01 5.578393413618112362e+01 5.941054637034975627e+01 5.722358513066675556e+01 5.514186052859515996e+01 5.113624579211074916e+01 3.116825772076590439e+01 4.960743320214174190e+01 4.853768185006452285e+01 4.744881595587986567e+01 3.051411938620376318e+01 3.336872827678671882e+01 4.443765112566783415e+01 3.978965905375352463e+01 5.461054173651094601e+01
6.533480609376042025e+01 7.772128855390445779e+01 7.852290806260192824e+01 6.565054898001022821e+01 7.973637577919377861e+01 9.962983476472028599e+01 1.041129167879084036e+02 8.727266770946404506e+01 1.010385110527590626e+02 1.093391543762988505e+02 1.198482289526524625e+02 1.115964485776477773e+02 1.198482289526524625e+02 1.298090090001824137e+02 1.141976164266451974e+02 1.026564313720577957e+02 9.371254901415436223e+01 8.542815605850351801e+01 8.956834504632652738e+01 8.904602994122090820e+01 8.076092664053706471e+01 8.043806411985286786e+01 7.806486088492599151e+01 7.577155281701578815e+01 7.552533495312385980e+01 6.554284208909908216e+01 5.418040647728384585e+01 3.422178589502662760e+01 4.960701374727638324e+01 2.963070532692274384e+01 2.855497940541814827e+01 2.748346985652755947e+01 2.641650669471705726e+01 2.538705135745273367e+01 2.436907384026408963e+01 2.335476533413151756e+01 4.196123271739623561e+01
7.683799779435740618e+01 9.348724783255705972e+01 9.219789499015918466e+01 7.229331499932084171e+01 7.973637577919377861e+01 9.122841644560830332e+01 1.111063856164472838e+02 1.074454997035011274e+02 1.157309700803100299e+02 1.191438913788031471e+02 1.111158527480810250e+02 1.140919103929769847e+02 1.140919103929769847e+02 1.221243874067138080e+02 1.227365377532638746e+02 1.128577240040746972e+02 1.046505990712594070e+02 9.720680808987079047e+01 9.211965067521427386e+01 8.746473192920601036e+01 8.305433661530702238e+01 7.918800520424873923e+01 8.738744229053611434e+01 8.138553813169318119e+01 6.141704715103698931e+01 4.729072716648533969e+01 3.732204698001988419e+01 5.418040845690256901e+01 5.670554830181947636e+01 3.899795191889090518e+01 4.853768199432573738e+01 4.747256532046509392e+01 4.641826625566338294e+01 4.536392000117606926e+01 2.672781947740147857e+01 2.431052720841449499e+01 2.193108683420219762e+01
9.673539572111792495e+01 1.049735331356229864e+02 1.004358085939057901e+02 8.637414064507724731e+01 8.637414064507724731e+01 1.062576818598415969e+02 1.193488720550722064e+02 1.178209248776037157e+02 1.097842429824681574e+02 1.079127517049425080e+02 9.163332994791628039e+01 9.464324886911843748e+01 9.464324886911843748e+01 1.140919103929769847e+02 1.145061651577770618e+02 9.479503298474162420e+01 8.495617932295984076e+01 7.750433214337033405e+01 7.237050300816537174e+01 6.761334085526178228e+01 6.328348327190600031e+01 5.924280620529142993e+01 7.399875129736268775e+01 8.221712198758584123e+01 7.119132225936334635e+01 5.955263954139397242e+01 3.959455706663251107e+01 5.370182212554428247e+01 6.584499718726996775e+01 5.749939235584448483e+01 6.584498584783932529e+01 6.124702908626262143e+01 4.975714671789119592e+01 3.019482820982332427e+01 4.635900009059997018e+01 4.291700697614580662e+01 2.724670616782301025e+01
1.057797225173609803e+02 9.773913061476507380e+01 1.057797225173609803e+02 1.062576818598301429e+02 1.062576818598415969e+02 1.144974820819260231e+02 1.158492211144696000e+02 1.097842429824681574e+02 9.026305706782524396e+01 9.598068004542079734e+01 8.018264005572568465e+01 8.066352570646085951e+01 9.464324886911843748e+01 1.140919103929769847e+02 1.227365377532638746e+02 1.111450322362884719e+02 9.143340661302850947e+01 9.143340661302850947e+01 9.211965067521427386e+01 7.907773430480172294e+01 6.890605198459479652e+01 7.399875129736294355e+01 5.401615057186057101e+01 6.925039839670924380e+01 6.292764694003504644e+01 4.296083389938657149e+01 5.370182212556554902e+01 6.781713144469850363e+01 8.193242589755774929e+01 7.601818738014233645e+01 6.482137415457093255e+01 5.319999743791263569e+01 3.373114278541839184e+01 4.975714671789119592e+01 5.444797368263414938e+01 3.548051736968805159e+01 4.730802209563226768e+01
9.596123782370924005e+01 7.800885408593158843e+01 9.596123782370924005e+01 9.915400631661033515e+01 1.072049250800308045e+02 1.101255804209660596e+02 9.632226184776452271e+01 1.101255804209660596e+02 9.598068004542079734e+01 7.620857639265491912e+01 7.118583756876792279e+01 9.106422545510882571e+01 1.055509982808992220e+02 1.185723547883811193e+02 1.266108595819529938e+02 1.193680384296213646e+02 1.111450322362884719e+02 1.111450322362884719e+02 1.010931549125747608e+02 9.729404948057828051e+01 9.312802769754738108e+01 7.475360840233236104e+01 6.925039839670924380e+01 4.924232134316424236e+01 4.648029151848688656e+01 5.707598974361172139e+01 7.119132225071174958e+01 8.193244507656348219e+01 8.242755742560710530e+01 6.793909058697963133e+01 4.859170823224497582e+01 3.739227918883951673e+01 5.319999743791263569e+01 6.124702908674296964e+01 4.675139337714026055e+01 4.645757188086921730e+01 6.237489039364276522e+01
7.664181546153444913e+01 6.778505229494201956e+01 8.519289036668358506e+01 7.941000679436054099e+01 9.915400631661033515e+01 1.013289639731306977e+02 8.230823674290687109e+01 1.013289639731306977e+02 1.040419909727145296e+02 8.609462847902490523e+01 6.604201585338806524e+01 7.775031792312394430e+01 9.749316867545222465e+01 9.918446177461127888e+01 1.154140795635238703e+02 1.093295712133654689e+02 1.013144820728360003e+02 1.093295712133654689e+02 1.159565980879892351e+02 1.023641857867035441e+02 9.359696583666462288e+01 7.661570545348618566e+01 5.678969106019384583e+01 5.554050345728892069e+01 6.645950654577023897e+01 7.472146938295355767e+01 8.530665467097902877e+01 8.702750440665104747e+01 7.322115429224326988e+01 5.487483230886476093e+01 4.125321298521964763e+01 5.653463333567849958e+01 6.465903298364733587e+01 7.191590522932266083e+01 5.586001880971847555e+01 6.537356068871440584e+01 7.335621578216529315e+01
8.028108670899271715e+01 5.980544241020913176e+01 6.494563536982164464e+01 8.519289036668358506e+01 1.033725345777851174e+02 9.321655828962650503e+01 7.327715482126221502e+01 8.381703335276354494e+01 9.112463800349880216e+01 8.237095179617384133e+01 6.212887309171344441e+01 8.237095179617384133e+01 1.009512382140123208e+02 8.782949617788317198e+01 1.066910683829776190e+02 9.966262053954110911e+01 8.198730571393728894e+01 9.966262053954110911e+01 1.075919820790023351e+02 8.595238401726250288e+01 7.313644166900226651e+01 6.531111977441823058e+01 7.660660444477794329e+01 7.419556965092492362e+01 6.526208232405566889e+01 8.445417433510723981e+01 8.946620394448861191e+01 7.815622559811346548e+01 5.940174754566796622e+01 4.582274048730771909e+01 4.708000584437718317e+01 6.037234664337541545e+01 7.903824419458280204e+01 7.994466052635787889e+01 6.794747492568332348e+01 7.288857101552822826e+01 6.390396121260528162e+01
6.582674322056341509e+01 5.354093228407544558e+01 7.437027733512589123e+01 7.535537662859628938e+01 9.529073280868666984e+01 9.783958847653849489e+01 7.800287452674365340e+01 6.355685018458358115e+01 8.224157011788463478e+01 7.878811648780708765e+01 5.833013942270982710e+01 7.296281800377212789e+01 8.877364475217156325e+01 7.891123185093718462e+01 9.863605765340594189e+01 9.165089389338666592e+01 7.200178723288034632e+01 9.165089389338666592e+01 1.038461694353835298e+02 1.023641857867820875e+02 9.359696583698246286e+01 8.533176749005586714e+01 9.363684097717838029e+01 8.445417429316636060e+01 7.851359206013231073e+01 9.291482785574760328e+01 8.133736211821772599e+01 6.175772172793594450e+01 5.067880930682325413e+01 6.511462568583819177e+01 6.646067866375035749e+01 5.609628690418865204e+01 7.545758304796805760e+01 8.898164746974778438e+01 6.856631828813273444e+01 5.303998754188020115e+01 4.242880658576108033e+01
