LEM/with_lateral_4open/elevation_000043.asc
nrows	100
cellsize	150.0
xllcorner	0
ncols	100
yllcorner	0
NODATA_value	-9999
[rows 0 to 16 of 100, columns 0 to 36 of 100]
8.271705653423140625e-02 2.127631151761726416e-02 9.425194436011796739e-02 4.939197167322698090e-02 3.975871534419905817e-02 6.171646774684565184e-02 1.696294146011132625e-02 1.936121709489252440e-02 4.216450047424835645e-02 2.297044857093000214e-02 6.704298068806634203e-02 4.162315340452049650e-02 3.835349583220235004e-02 2.777463300387698203e-02 2.207885817162396139e-02 7.161913568127860341e-02 9.025521335945362045e-02 3.502399586135773735e-02 8.040414306008919487e-02 3.131346976591601466e-02 7.604099264847130613e-02 2.387740603804927586e-02 5.687112022313325910e-02 4.074439634684711570e-02 8.709178300582484655e-02 7.612946965408906586e-02 1.077918208624280109e-02 9.929772718869623455e-03 4.600412614040166881e-02 2.152795518990661267e-02 2.378824418737431057e-02 9.511189423522797837e-02 9.406546861214974686e-02 1.749038473908382007e-03 2.223905489293687143e-03 6.269637160239108220e-02 9.476101746191394060e-02
7.813061968023242432e-02 2.002127631151726206e+01 1.423638756809119421e+01 2.004939197167287190e+01 5.203736510287398254e+00 2.006171646774648920e+01 1.415909856519118648e+01 1.416149684082571802e+01 8.986436410473483960e+00 2.002297044857057529e+01 2.006704298068770953e+01 2.004018954925972906e+01 5.811367438443298283e+00 3.009198788083958132e+00 2.002207885817126964e+01 1.421375475941235322e+01 7.649544673544030893e+00 1.417715961959243387e+01 9.024676053059325298e+00 2.003131346976556060e+01 1.432012315521463641e+01 2.002386318548443001e+01 9.594584866105017040e-01 1.459624282603073553e+01 1.971550751111133692e+01 1.532909822103598430e+01 2.001077918208588713e+01 8.954218569626007707e+00 2.004600412614004767e+01 2.346480730066287990e+00 2.002378824418702052e+01 2.009511189423487210e+01 1.423620109234322584e+01 2.000174903847355168e+01 7.073291717354799779e+00 2.006269637160203700e+01 2.009476101746155763e+01
2.526786264046545702e-02 2.002526786264010994e+01 3.423638756809189942e+01 3.054896134853548162e+01 1.054896134853583867e+01 3.054896134853548162e+01 3.415909856519188992e+01 3.416149684082500926e+01 2.053344179426620286e+01 3.727070765793438056e+01 3.427359718579308634e+01 1.473251040947481094e+01 2.560063964254098323e+01 6.024314897127714730e+00 2.607992327156561174e+01 3.421375475941305666e+01 1.581451048282136185e+01 3.417715961959314086e+01 2.057168143685204598e+01 3.730894938189905474e+01 3.456992426899572024e+01 2.193033075690971501e+01 1.862966414636793910e+00 2.169828832177685385e+01 2.589522066090114549e+01 3.715730910764197148e+01 3.725472484057349476e+01 2.050223235723798254e+01 2.468716425218986288e+01 4.687303673988888697e+00 1.882941221140533017e+01 3.882902867226601984e+01 3.423620109234393283e+01 3.535756296486276540e+01 1.601756362735411443e+01 3.535756296486276540e+01 2.771749406646202374e+01
4.163169627051844027e-03 1.414629879335812745e+01 3.414629879335883089e+01 3.883323259599673349e+01 3.054896134853548162e+01 1.997705176435630747e+01 3.997705176435559338e+01 4.881771304172910675e+01 4.053344179426690630e+01 4.437718757817543036e+01 2.526972232215072012e+01 3.427359727389141852e+01 2.918370345652875741e+01 9.110401997070907143e+00 2.918370345652875741e+01 4.409878173113279587e+01 2.736151586661408075e+01 4.409878173173727589e+01 4.057168149726175699e+01 4.885596018205379920e+01 3.560389729882323451e+01 1.820270181328347547e+01 1.014031024920810786e+01 3.148641670752609922e+00 2.475224150093355036e+01 4.791502407270229469e+01 4.885417028677766638e+01 4.052959537617657304e+01 2.731317696920273264e+01 7.313432331183328472e+00 1.321533179788606738e+01 2.735740052613827444e+01 4.735680220061315282e+01 4.430183487499137129e+01 3.015969925108531768e+01 4.430183487485940219e+01 3.179997697110061949e+01
5.883922493566802470e-02 2.005883922493531202e+01 3.375029455263139511e+01 4.203456580009358845e+01 4.826132301181720408e+01 3.411918738808675755e+01 3.411918738808675755e+01 5.411918738808604701e+01 5.771191098892199989e+01 3.885376429095023809e+01 4.342414896065092478e+01 3.489698910773761042e+01 1.476847079080487291e+01 1.445642438489249670e+01 2.864267642307262918e+01 4.882985328086004273e+01 4.736151586661579671e+01 5.564578711653313547e+01 5.526076637817107695e+01 4.702256869277216111e+01 3.140376649577485679e+01 1.274871692208078500e+01 2.324426979332124077e+01 4.061571144839787983e+00 2.417852061231679528e+01 4.243023023015233264e+01 5.224553850989319415e+01 4.140609180716826643e+01 2.153089541270064800e+01 9.986044750307549123e+00 2.998648410274402565e+01 2.321531952986491731e+01 3.077458033386789893e+01 5.077388730318102716e+01 5.015969925108602467e+01 4.771134015961376207e+01 2.771134015961305863e+01
1.256007409845548775e-02 6.679226740765150439e+00 1.375029455263068812e+01 2.529729993642340702e+01 4.529729993642411046e+01 5.411918738808604701e+01 5.411918738808604701e+01 6.240345863554765060e+01 6.562924001229450255e+01 5.771191098892199989e+01 5.591985420404316187e+01 3.912082071876110945e+01 1.894131627814653740e+01 3.455536363171460579e+01 2.341344119819295244e+01 3.501838452168609450e+01 5.525022920394857806e+01 6.110169617391778019e+01 4.119199174888592552e+01 2.730520093806104853e+01 2.071963765904797228e+01 2.561992362316907546e+01 5.367871807266086037e+00 2.341071433979412575e+01 1.466241333450555651e+01 2.451269844173298296e+01 4.412405971839473295e+01 4.951861923963942758e+01 3.815492822572358733e+01 2.998648410281513677e+01 1.402665492851340368e+01 3.402720551661887782e+01 5.077388730318097032e+01 4.491637683568734474e+01 6.491516851554681011e+01 5.599561140714806129e+01 4.171133673807222664e+01
9.594114293757748102e-02 2.009594114293722100e+01 3.375029455263139511e+01 4.203456580009358845e+01 5.358157118388631091e+01 5.336458223521312050e+01 5.336458223521312760e+01 7.336458223571935378e+01 7.419586590498107626e+01 5.371019290769301335e+01 3.921963887110528901e+01 2.750596232921967754e+01 2.528075832785108190e+01 4.552150766376350077e+01 3.239299645159909602e+01 5.195274968674070237e+01 6.363573347089995025e+01 6.692786335050496405e+01 4.702340916355790768e+01 4.702256869277216111e+01 3.999922121883471249e+01 2.950725122094580399e+01 1.833660284097348381e+01 6.696965162208134537e+00 2.918636528922763418e+01 4.244049887301812873e+01 5.224553850992008108e+01 5.922036604547052718e+01 4.248086216939538673e+01 3.432091952370979726e+01 1.694395475846392429e+01 3.108624328974340756e+01 5.108792208349154862e+01 6.491516851554681011e+01 7.319902558549064508e+01 5.804126835662759021e+01 3.804126835662688677e+01
7.711341127313005306e-02 2.007711341127277649e+01 3.809047418269864949e+01 4.637474543016026018e+01 4.071547159452249076e+01 3.336458223519210975e+01 5.336458223520646271e+01 5.741584883552570062e+01 6.570012008791343305e+01 6.083978186402762844e+01 4.034859045326120963e+01 4.788001449832746204e+01 3.239387877291717643e+01 5.270124631080890509e+01 4.404050876320582830e+01 6.099865234552251536e+01 7.584351684365149993e+01 6.419733891326606567e+01 5.583449251366641874e+01 5.483229188463387516e+01 3.591374864026361280e+01 2.322712182343166987e+01 2.718147730741287305e+01 7.638558380641913281e+00 1.766251150370414891e+01 3.222411646800640739e+01 5.409216896897929416e+01 6.648312708388912995e+01 4.575204644333701509e+01 2.825016424617848543e+01 2.009137968630772519e+01 4.021920675063564232e+01 4.947965771528647849e+01 5.775000008662679107e+01 6.927461266353388680e+01 6.632553960428057849e+01 5.706667579739321638e+01
2.297228869525369793e-03 2.000229722886917116e+01 1.809047418269936358e+01 3.002502191802062370e+01 2.071547159451814579e+01 3.855966800388149807e+01 4.327371321177136565e+01 3.741584883552389584e+01 5.741584883552663854e+01 6.927766241694909866e+01 5.484204423460607813e+01 6.111242348555899895e+01 4.251852822332798354e+01 6.111242348555899895e+01 6.431908354270487393e+01 7.269804081429170139e+01 6.747052783396155462e+01 4.731632346054437477e+01 3.566489262886449296e+01 4.418956859048027042e+01 4.883362639495385338e+01 2.718326437737177770e+01 8.980288005304688070e+00 2.639603255119056513e+01 3.482438514973766530e+01 4.536454212572561318e+01 5.173905665381349195e+01 6.027169240451574694e+01 5.268164352377062443e+01 3.293573353968480433e+01 4.021920675063581285e+01 2.534910381869922702e+01 2.946923377295619773e+01 4.104519236683760397e+01 6.100135164860743942e+01 7.352093996243878848e+01 6.706667579738896734e+01
9.647730019007895452e-02 3.299040376291815235e+00 6.543468798907052353e+00 1.002502191802097897e+01 1.419531019916243864e+01 1.855966800388221216e+01 2.327371321179244745e+01 3.482071859558455174e+01 4.896285421931500537e+01 6.896285421931334270e+01 7.531960139253266107e+01 7.128176248221822675e+01 6.288396439828979823e+01 7.128176248221822675e+01 7.399826082454126208e+01 6.880013650856203355e+01 6.440551031539634153e+01 5.845017230282149967e+01 3.828263312555216658e+01 2.401443881863302465e+01 3.516697556952992443e+01 3.003549741963025710e+01 9.934208446424461769e+00 2.984989402893926425e+01 3.791232949574794731e+01 3.741774459035209333e+01 3.156710421877033923e+01 5.183212798992142467e+01 6.113948093135835649e+01 4.705348736484015859e+01 5.366802307613681222e+01 3.540569014048414687e+01 4.947965771528656376e+01 3.636407038267074654e+01 4.530301514281225650e+01 5.939746139527794355e+01 7.936315423249523349e+01
3.582433992925927735e-02 2.003582433992890444e+01 2.654346879890669797e+01 3.002502191802062370e+01 3.419531019916172454e+01 3.855966800388149807e+01 4.327371321179173691e+01 3.327371321179209929e+01 4.221798512179093876e+01 5.376499050558304305e+01 7.376499050558120985e+01 8.581611312265064839e+01 7.573500624643641288e+01 6.736595820209072372e+01 5.386601191723777760e+01 4.866142932734494764e+01 4.425308773441709320e+01 4.611566180828344130e+01 4.222879187224162933e+01 3.516697627736575527e+01 1.502312245753392084e+01 1.289125542048621575e+01 2.993021671435156250e+01 1.145705330331335858e+01 3.060974737825972980e+01 1.731567170090341889e+01 3.744824762328605061e+01 5.050100889842505580e+01 6.209637028573281015e+01 6.694689229654053975e+01 6.365602461499381093e+01 4.953932342688543145e+01 6.233882392603799616e+01 4.239928459997992860e+01 6.233882392603799616e+01 7.352093996243878848e+01 8.123566171346719500e+01
1.813270376062421294e-02 2.001813270376026921e+01 2.932608873226578439e+01 3.509959142416244049e+01 4.142414674449931056e+01 4.970841799196151101e+01 5.865268990196082655e+01 5.327371321179138874e+01 6.155798445929422513e+01 7.050225636931169504e+01 8.204926175314439263e+01 7.742947941768022702e+01 5.730243698650105699e+01 4.724939264262461336e+01 3.961267548282300766e+01 3.437676994045916956e+01 2.995592643722121196e+01 2.591889317337286158e+01 2.204844750773145634e+01 1.832056789453267243e+01 3.516697627736574816e+01 2.711770895003597559e+01 3.939186793867931868e+01 3.145709666975087160e+01 1.299271222994867614e+01 3.313604142743952963e+01 2.204930288263319227e+01 3.369365150365846517e+01 5.381311614340969385e+01 6.389107187745800331e+01 7.390084178490950251e+01 6.949567653389570410e+01 6.938971777114007011e+01 4.944677836594748044e+01 6.938971777114007011e+01 8.418987644439928886e+01 6.443352183105068320e+01
2.372884694381488524e-02 4.612043524355070367e+00 9.326088732265429115e+00 1.509959142416173705e+01 2.142414674449860712e+01 3.036841865449792266e+01 4.451055427822937105e+01 6.451055427823078503e+01 6.615720969609439805e+01 6.615720969609439805e+01 7.442664424139150015e+01 8.581611312265064839e+01 7.399826082454127629e+01 5.386601191723778470e+01 5.976261110165149404e+01 4.604982482717505121e+01 5.015559565104904038e+01 4.288564817361935155e+01 2.270282920897485113e+01 3.848139600033385221e+01 4.684102807870986140e+01 4.736434634608891514e+01 4.417762336869866147e+01 3.427884806722442335e+01 1.416184386525210748e+01 3.428828254270482745e+01 4.219713781769816308e+01 2.724745139145723627e+01 3.549817065457749266e+01 4.558893706620551711e+01 5.978176449550278448e+01 7.976750380545421137e+01 7.766812415641642531e+01 6.094865234106698892e+01 7.766812415641642531e+01 7.848250043647728091e+01 6.441577178110526347e+01
8.175220331382776484e-02 2.008175220331347077e+01 2.932608873226578439e+01 2.565602035082024202e+01 4.142414674449931056e+01 4.970841799196151101e+01 5.865268990196082655e+01 6.031833875169061088e+01 4.621003326198972871e+01 4.621003326198972871e+01 6.615720969609439805e+01 7.921532496383109390e+01 8.237779963885057555e+01 7.399826082454127629e+01 7.455338665774098672e+01 6.618492642277095683e+01 5.933466743143939937e+01 4.607896990563663309e+01 2.588262995189369420e+01 4.017251465453363579e+01 6.033841413753306426e+01 5.554086745865451746e+01 3.600244934939890840e+01 1.584475751396471210e+01 3.423442864597153346e+01 2.838897871199203138e+01 4.844700264042390359e+01 4.740067867400282609e+01 3.334034273214321331e+01 5.346999814273847562e+01 6.016337641678938297e+01 8.015037207613994497e+01 8.920285346277636052e+01 8.092042758362653387e+01 8.405109530975119014e+01 6.490152513003856427e+01 5.100834691857037484e+01
9.124702163186203252e-02 1.163825240542427686e+01 3.163825240542391981e+01 4.565602035082094545e+01 5.394029159828314590e+01 5.075550311558473737e+01 5.116243826933671812e+01 4.450613265696466669e+01 3.208681053675196893e+01 4.102429715744180783e+01 5.100468156911927053e+01 6.510113257018825550e+01 8.505012657530252795e+01 8.251925043351870670e+01 7.244114287657203022e+01 6.407620723897122161e+01 5.097724883792820805e+01 3.078112741635165506e+01 4.607896990563663309e+01 5.443777571817349070e+01 6.144915864393592386e+01 4.136438541458910834e+01 2.710294791355543609e+01 1.704349215288109320e+01 3.716993857830307491e+01 4.843943872659610150e+01 5.660269460884344994e+01 6.175216901103707556e+01 5.346999814273847562e+01 4.008324159463659697e+01 6.016337641678938297e+01 7.660016749488725907e+01 8.812626277319630219e+01 9.392552964179152752e+01 7.433259611791088162e+01 6.036879328571087200e+01 4.886997509649183513e+01
2.239863785106879432e-02 2.002239863785071350e+01 3.992252365288516813e+01 4.185790422192167881e+01 4.297179919838619355e+01 2.902775558118375088e+01 3.171509125319250089e+01 2.452874383071550923e+01 4.450613265696466669e+01 6.031833875169061088e+01 6.449417227750018355e+01 7.276203482751039076e+01 8.273590685180163007e+01 7.413835682460135956e+01 5.401405765334117604e+01 4.394448321182065342e+01 3.629601653065016365e+01 5.097724883792835726e+01 4.727916349526335438e+01 6.743184163805312892e+01 6.411060089315182609e+01 5.249793799092034163e+01 3.837235534099147571e+01 1.825599071263424023e+01 3.838741804273835356e+01 4.850117619645975253e+01 5.475051793469182826e+01 6.302849423277681495e+01 6.843466315924037247e+01 6.016337641678938297e+01 4.831403073735867792e+01 5.989321061463664364e+01 7.987430716458185032e+01 9.141275191004966416e+01 7.179326168511478556e+01 6.036971718419959387e+01 6.293343984428005200e+01
1.766589122093755945e-02 2.001766589122058093e+01 2.511199037857294414e+01 2.185790422192097182e+01 3.027333012104428178e+01 1.458285631387232328e+01 1.766892326325458029e+01 3.765394481987764408e+01 4.867898133749825718e+01 5.383335595310781230e+01 4.454961120289860332e+01 5.452553667954906302e+01 7.446280787545140356e+01 8.251925043351870670e+01 6.653208669365579908e+01 4.640217485890821081e+01 4.240232801154401443e+01 6.253837840485476107e+01 6.743184163805312892e+01 7.080903613564264276e+01 5.582468295181153906e+01 3.570194765357783240e+01 2.405157811497493725e+01 3.838741804273848857e+01 2.006227246982967571e+01 4.019643237447054673e+01 3.463038435354743427e+01 4.888214013341325881e+01 6.891806112620071190e+01 7.660016749488725907e+01 6.248770945338817739e+01 6.248770945338817739e+01 8.246258720262389375e+01 9.955592585497252855e+01 8.822186566890573545e+01 8.008543394732026854e+01 8.263044664408751316e+01
