LEM/with_lateral_4open/elevation_000302.asc
nrows	100
cellsize	150.0
xllcorner	0
ncols	100
yllcorner	0
NODATA_value	-9999
[rows 68 to 84 of 100, columns 0 to 36 of 100]
5.009162696260269221e-02 2.005009162696224578e+01 2.754956915399760575e+01 3.204495411294594476e+01 3.679404590707474654e+01 4.201403814733042452e+01 4.251497671962152225e+01 5.823423591414865541e+01 6.818676927904613194e+01 7.748472769937031046e+01 6.918893058031692078e+01 7.748472769937031046e+01 7.902096674092537398e+01 7.649496719330056749e+01 8.457639698215278656e+01 9.582477556920605366e+01 8.739008237143241331e+01 7.609200233386901857e+01 5.718277092903557701e+01 7.609200233386901857e+01 6.856130511256527882e+01 7.006537380196255071e+01 5.681631183933511409e+01 3.727839217075339207e+01 5.681601078063825128e+01 5.054611916973858143e+01 5.793081829675311667e+01 6.916463137922323767e+01 8.870516228297631756e+01 8.145808651149583568e+01 8.364802063707155355e+01 1.036818197104337997e+02 1.054887173416424275e+02 9.717933998685283825e+01 1.054887173416424275e+02 8.812907913924412640e+01 6.757636392184805629e+01
4.695337527364121244e-02 3.730494984165090067e+00 7.500345612512736793e+00 1.195766439937336045e+01 1.666436225661109205e+01 2.182104199016677981e+01 3.006043062976146629e+01 4.003679842245562526e+01 5.991752912919019991e+01 6.748432101361972002e+01 4.919930617090005853e+01 6.577490389553153705e+01 7.406907455957042430e+01 8.448501785041777623e+01 7.625483963772134643e+01 8.448501785041777623e+01 8.390449527148120978e+01 8.483705471690156230e+01 7.094756244047094640e+01 8.483705471690156230e+01 7.559481101947920934e+01 6.194652956257235843e+01 4.241123747367439734e+01 5.681631183933511409e+01 4.208970819930067364e+01 6.162571934453229261e+01 7.487284874648372579e+01 8.557071197612928870e+01 9.688622064584325244e+01 1.014865623372913461e+02 1.036818197104337997e+02 1.099438582586320052e+02 9.880453428507067315e+01 9.076951790704356426e+01 9.880453428504435465e+01 9.334789481332522598e+01 8.391313453837885561e+01
7.614146464036156137e-02 2.007614146464000626e+01 2.754956915399760575e+01 2.017268343619718252e+01 3.679404590707474654e+01 4.201403814733042452e+01 3.610990489670906101e+01 5.626787671503839761e+01 6.818676410610767391e+01 5.919411837560847545e+01 3.921372041936497510e+01 4.578829581880763300e+01 6.577490389553153705e+01 7.450163849650236614e+01 5.624775688917203809e+01 6.755069518888055313e+01 6.387526249255274280e+01 8.390449527148120978e+01 9.051773118771562565e+01 8.126224437799953648e+01 6.175378689287110490e+01 4.794746725453326519e+01 6.194653134575316500e+01 6.974387948248873670e+01 6.162574426057913257e+01 4.722898522556564416e+01 6.675301299153312584e+01 7.907178726540149682e+01 8.595861275356165265e+01 9.415277078360236374e+01 1.039925712985504589e+02 1.018497863518357036e+02 8.265819844395350913e+01 7.149803443633771849e+01 8.215104849349120286e+01 7.754683654515376645e+01 6.705973285803025874e+01
2.352828262072655108e-02 2.002352828262037221e+01 3.610710543606910505e+01 4.000842931124180524e+01 3.629360844075122827e+01 5.560318372855226698e+01 5.626787671503839761e+01 6.459020865584358262e+01 6.575043111115112993e+01 5.164223565236558500e+01 3.166434909720831570e+01 5.164223779156225902e+01 5.869445693784665963e+01 6.543061342441237116e+01 4.615865862343165560e+01 4.743367645866617721e+01 5.907681593376412366e+01 7.327333545135971349e+01 9.325636575954753482e+01 8.552035247365073189e+01 6.600724980802479536e+01 5.222445469632213388e+01 7.172250525679741884e+01 8.630492995023526248e+01 6.675301299140946298e+01 5.700907276626018216e+01 5.342538021487706601e+01 5.960773626282058046e+01 6.647972873945616357e+01 7.616141262016101621e+01 9.575581288696233173e+01 1.064897413211527635e+02 8.723647831759248561e+01 8.215104849349120286e+01 6.261703154935401727e+01 5.785158602119356885e+01 5.332629652952697796e+01
6.786455232800275850e-02 7.627858410577352366e+00 1.658435336844296870e+01 2.826351061875525161e+01 4.922618117483619926e+01 6.356099402748514393e+01 6.150275425322177369e+01 5.931522834031877522e+01 5.746063689487539961e+01 3.747704298890636920e+01 2.632289742602972282e+01 4.375912368255549012e+01 4.022086471587716971e+01 5.121194142806500338e+01 3.792710192559079019e+01 5.806744161461963216e+01 7.584147874849473681e+01 8.185168133685043301e+01 9.015811744879786716e+01 9.094078243814685436e+01 7.139714426609489806e+01 5.765555575714247993e+01 6.600724980802479536e+01 8.552035247365073189e+01 7.649695321658045088e+01 7.649695321669278769e+01 6.317574476589907562e+01 6.574760969379262576e+01 8.525301606024572720e+01 9.415277078360217899e+01 1.039925712984847337e+02 1.146067926089473019e+02 9.576569671171972686e+01 7.651167655456215755e+01 8.215104849349120286e+01 6.744391365965168461e+01 6.744391365965168461e+01
3.257643153035955086e-02 1.417471205526143407e+01 3.417471205526214106e+01 4.553120439009275344e+01 5.840441946722437905e+01 6.150275425322177369e+01 4.151616458732869575e+01 3.933033130681685208e+01 4.604835101015947885e+01 3.776616446573430608e+01 2.115996439024346998e+01 2.396057472496280383e+01 2.687710837011292497e+01 3.124033795151137838e+01 5.128158130563210904e+01 6.233415654757676805e+01 6.768442590549625493e+01 6.181615656422552263e+01 8.185168133685043301e+01 9.358262214714967797e+01 8.327457540395246838e+01 6.381634716604315827e+01 8.327457540395246838e+01 8.552035247365074611e+01 9.611290668457957054e+01 9.083654579187057720e+01 7.691319347248550287e+01 7.949869442681423948e+01 9.344251316032767818e+01 1.068629656219921173e+02 9.858632780349903157e+01 1.068629656198413898e+02 1.038272451257796405e+02 9.576569671171972686e+01 8.690128111951571555e+01 8.690128111951570133e+01 8.690128111951570133e+01
1.880098487986705744e-02 1.416174809727443851e+01 3.419332051565460517e+01 4.946745848756435038e+01 5.281076726516883468e+01 5.715144554685148393e+01 4.518377212661464171e+01 2.520025456490381899e+01 3.450213268397150301e+01 1.777812359410079424e+01 3.776616640505908151e+01 3.808940171760106352e+01 4.686660200028073575e+01 3.290249539367340503e+01 3.748507985076244609e+01 4.232816021903100534e+01 4.766555104120649844e+01 5.522228650906536984e+01 6.523710455606932612e+01 8.527636760265916394e+01 9.145618345995482912e+01 7.247447907458416694e+01 9.145618345995482912e+01 1.052303595743468208e+02 1.074303212857068530e+02 9.916552354232327104e+01 9.652610763731027532e+01 9.914517738993289697e+01 1.028426663875873146e+02 9.456620041432695700e+01 7.859576828196550480e+01 9.686900215151932514e+01 9.785274540004124333e+01 1.061278025998393417e+02 1.062457101036113301e+02 9.470228657112261317e+01 8.508157112605780981e+01
2.900726248362994752e-02 1.421280109879696596e+01 3.452199307773000925e+01 2.967560507883985110e+01 3.388848947866155470e+01 3.840608678012389987e+01 3.866905835459521512e+01 3.143544168846634079e+01 1.450975336014855444e+01 3.450213268069636285e+01 4.604835045810654748e+01 5.807166521288304750e+01 6.119014128194896784e+01 5.289438396970950151e+01 5.748198972301290155e+01 6.233415654757676805e+01 6.768442590549625493e+01 7.525673607936420240e+01 8.356096829470195075e+01 9.358262214714967797e+01 1.002347528060824828e+02 8.622970957590152352e+01 1.002347528060824828e+02 9.850621730845948321e+01 9.024106457706650986e+01 7.920982663360082654e+01 8.988577128001752214e+01 9.815082177439782640e+01 9.456620041432695700e+01 7.458055933498663137e+01 6.861097671726693648e+01 8.153279418192926187e+01 7.786496884429780607e+01 9.225160662396760358e+01 1.005279444324290949e+02 8.655865743313539440e+01 6.749079404683665473e+01
5.081304048347550645e-02 2.004094537801928411e+01 2.269231260215134327e+01 1.557001152085366869e+01 2.018692181549359077e+01 3.698430538723839334e+01 1.930892399454542385e+01 1.143945658180960656e+01 3.143544168842079500e+01 3.633285210064510551e+01 4.459915422319189560e+01 5.553692363711549973e+01 5.868658622210367071e+01 6.196101629561144364e+01 6.278986770848904797e+01 7.106100365532390128e+01 7.708343442944318724e+01 6.880843646067800989e+01 7.586338052957229650e+01 8.414158411874275600e+01 9.567671569112610541e+01 1.059718098635807024e+02 9.850621730758410877e+01 8.696731609475300218e+01 7.024179714376595030e+01 6.763215034612493071e+01 6.988507588110452673e+01 8.661137933477486683e+01 9.456620041432694279e+01 7.458055933498663137e+01 6.045835310919810723e+01 6.155631077536193629e+01 7.812059773709107446e+01 7.226734220613207071e+01 9.225160662396760358e+01 9.470228657112261317e+01 8.508157112605780981e+01
4.469920835086939326e-02 1.366336456890026696e+00 2.690869415787672470e+00 4.024206616520572766e+00 2.402633175640613317e+01 2.733208576931723854e+01 9.358912938973288576e+00 2.936003548826719012e+01 1.431348144389027510e+01 1.637788258726030932e+01 3.633285210070292237e+01 3.562702856522173533e+01 3.877131084575248110e+01 4.203974004759714234e+01 4.286609634417390424e+01 5.498320789288892030e+01 6.030664052970676892e+01 4.886995764996294156e+01 5.590898536154433174e+01 6.742152922291887762e+01 8.739516386943168413e+01 1.012524852868419885e+02 9.024106457706641038e+01 7.024179714376595030e+01 5.863590513734003196e+01 5.757404243157497348e+01 5.827784414555454617e+01 7.765152879851814305e+01 8.860606600100784647e+01 8.794329180015544978e+01 7.259903921223310874e+01 5.262061539613172556e+01 5.814285794015439990e+01 7.812059773709107446e+01 9.340625503910456473e+01 1.016810930680132259e+02 9.781622205427868266e+01
2.324776005098762310e-02 2.002137099406394682e+01 2.269206529019707119e+01 2.402644676896511200e+01 5.948767427725527135e+00 7.322477988552769546e+00 2.733209834129174354e+01 3.759543700136218547e+01 2.843971622858262194e+01 3.633285181815852383e+01 1.937610639281045621e+01 2.155632173893037518e+01 2.470967285447170170e+01 2.798167526644407133e+01 3.138978962156501851e+01 3.507783503021078531e+01 4.038817948116376755e+01 6.030664052970676892e+01 7.586338052957229650e+01 8.414158411874275600e+01 9.539981267491997130e+01 8.126219962942613506e+01 9.539981267491997130e+01 8.283447824375816992e+01 6.279608378672273972e+01 4.853617289533637802e+01 4.924336176636149531e+01 6.143479307510860110e+01 7.974121936229303742e+01 7.966623878761124899e+01 5.968787978350364654e+01 4.814780661542696549e+01 6.813172783862272297e+01 8.639764331928050467e+01 7.342005914489266161e+01 9.014357428215808454e+01 1.016810930680132259e+02
8.699724428260374731e-02 1.422911831192045184e+01 3.422686316978695231e+01 2.595344215431462942e+01 2.467745029152742475e+01 1.696397501075122349e+01 1.515227329162551406e+01 3.440908178544250973e+01 4.840269314533526313e+01 3.930124012516832721e+01 3.346516076441861998e+01 4.145850148195894747e+01 2.600985261082441724e+01 4.583079308133601870e+01 5.128687294761360249e+01 5.498320789288892030e+01 4.124688055119577257e+01 5.053237054648236892e+01 6.598180006865266023e+01 8.693511429982150673e+01 8.646115757404854207e+01 6.713330333748427847e+01 8.289094597498633732e+01 7.818007620662420720e+01 7.695064966467174372e+01 6.176099648336457193e+01 4.149853152650989330e+01 5.312739458430721839e+01 7.246282348024199393e+01 7.878146363450871092e+01 5.880076151832316356e+01 4.466208623365114505e+01 6.465297367528552286e+01 7.187683878710794261e+01 6.188645811471118918e+01 7.342005914489266161e+01 9.340625503910456473e+01
2.249585233037712170e-02 2.002249585233002094e+01 3.331268200086947928e+01 4.595217217122441866e+01 4.218613337318909373e+01 3.293193468868027907e+01 3.440750037454782984e+01 2.406232308750463034e+01 4.380038801770942314e+01 5.923435070439155936e+01 5.339079894622157241e+01 4.899088848633207505e+01 2.923101479685818305e+01 4.899088848548115038e+01 6.277970298942446448e+01 6.995499642241541949e+01 4.903092838261783726e+01 6.995499642241541949e+01 8.063522043776221437e+01 9.231255776291781956e+01 7.232630100805741336e+01 5.819347683199099919e+01 6.290441822401311356e+01 5.818777597176170957e+01 7.232457966442993325e+01 5.808684159472910835e+01 3.774660062248342740e+01 5.190913386788346173e+01 7.054344488346558251e+01 7.549665644095782113e+01 5.551358628470572398e+01 4.136623280573765982e+01 6.136649202454540841e+01 5.189257200221796040e+01 7.187683878710794261e+01 7.890818903259419415e+01 8.719939256464260779e+01
2.739267172789772165e-03 5.156104114209417943e+00 2.505346246216264561e+01 3.963182575289654608e+01 4.780427205494093101e+01 5.530022699845021350e+01 5.349892676642513578e+01 3.579231392907345821e+01 4.614210042530180544e+01 7.170811980310297429e+01 6.038068086760720377e+01 4.640568575659519013e+01 3.662008632713043710e+01 3.471697645789137709e+01 4.872281138158432157e+01 6.858994011842992222e+01 7.097706009511229297e+01 6.713428894543264391e+01 8.807543090947491748e+01 9.288420717126638237e+01 7.289768477870620700e+01 5.876507168464977582e+01 4.875449146725890870e+01 4.401899844534064954e+01 5.800580538267386288e+01 5.463953759374798125e+01 3.424889049160240262e+01 5.463953758718848519e+01 6.109063905397924543e+01 6.938628167041463257e+01 5.824297630359694011e+01 3.823218847824291089e+01 4.335745848108938816e+01 5.900444373627874484e+01 6.477671306168205945e+01 5.892326405818072033e+01 7.890818903259419415e+01
8.327778614586213435e-02 2.008327778614550851e+01 1.321325185556522008e+01 2.009527012212200248e+01 2.954230796915593871e+01 4.297501303825905694e+01 6.246655662475379245e+01 5.713289059520813140e+01 6.573093347200335756e+01 8.064624925853379978e+01 6.707242887382966501e+01 4.845552047808494223e+01 5.599109671224224627e+01 3.893403421742244319e+01 5.041534842067047606e+01 6.449409096311092071e+01 8.441656941496569289e+01 8.807543090947491748e+01 9.138318948508351980e+01 8.309296988903552972e+01 8.703272035994676514e+01 7.703859732669597804e+01 6.875833666990006066e+01 5.800580538267386288e+01 3.795545134740632420e+01 5.133173784579405918e+01 3.100544808015564513e+01 4.678664125585947886e+01 4.086173140592441655e+01 6.109063905903349223e+01 5.519135976900135176e+01 3.517231495741634717e+01 5.144159460790352512e+01 3.899513575680904864e+01 4.478129599034416231e+01 5.478482747432898492e+01 6.891433378593663406e+01
6.510866554257997707e-02 2.006510866554222616e+01 3.293658409563477818e+01 3.293654856542668341e+01 4.700297293987176062e+01 5.680531922848540205e+01 5.779840574371083051e+01 6.229529373838894202e+01 6.126149166186183237e+01 6.982472075022883473e+01 7.499463886964150561e+01 6.058098248149473619e+01 6.708275943839180400e+01 4.900008261585458769e+01 4.680204329632373828e+01 6.664618935528841348e+01 8.485314587434530154e+01 9.481542197402740157e+01 8.309296988903552972e+01 6.321901238431917136e+01 6.903995976843728499e+01 6.244126042165358115e+01 5.748609980788442897e+01 5.399573457942650379e+01 3.394598060430210751e+01 4.853888271523157982e+01 4.678664127862702315e+01 2.672312315581754660e+01 4.678664127941620166e+01 5.729201441766550573e+01 5.643164567702649492e+01 4.815095154276516354e+01 3.142105488492758880e+01 5.144167737199947510e+01 6.477671306168205945e+01 7.306132831141168538e+01 8.305707853285939279e+01
8.953482861371392376e-02 1.423167045234478856e+01 3.423167045234549022e+01 5.276872773480564405e+01 5.684239636448620558e+01 4.876806501113269832e+01 3.755940501736515102e+01 4.198067181730389308e+01 4.053727889002850304e+01 5.556527232752413425e+01 7.791008214965818013e+01 7.504773044032299367e+01 7.825932260948222563e+01 6.549528986986034340e+01 5.858806475947276482e+01 5.669267048215187543e+01 6.663785002947543035e+01 8.656156642737428797e+01 8.050110647274011910e+01 6.064981806788696872e+01 4.924386172808623741e+01 4.262061796657688717e+01 3.763375542319383982e+01 5.086865167965424206e+01 4.853888272300886797e+01 2.852123541263363649e+01 4.335765664220445359e+01 2.403615533144771277e+01 4.120446547653224911e+01 3.728605783777945959e+01 4.513505423479822554e+01 2.814176885098396497e+01 3.416843561456762046e+01 5.408733248685039285e+01 7.221788133966563805e+01 8.211205284015960615e+01 9.386739398768791887e+01
