LEM/with_lateral_4open/elevation_000178.asc
nrows	100
cellsize	150.0
xllcorner	0
ncols	100
yllcorner	0
NODATA_value	-9999
[rows 17 to 33 of 100, columns 37 to 73 of 100]
5.444038410813609374e+01 5.704814120586161863e+01 6.802153982823757872e+01 7.634531756768258504e+01 6.781891403286995512e+01 4.762790629460585023e+01 3.667027264283660770e+01 1.719211456900848489e+01 1.281424051547461929e+01 3.268151412344681006e+01 4.097927572219260384e+01 4.250303665698874767e+01 6.287774595315066506e+01 6.386466540659562696e+01 6.655767437172885082e+01 7.140014773896135125e+01 7.357836991901939427e+01 8.182366055184832021e+01 8.039739138362602944e+01 7.205145281699475390e+01 6.353159804328126370e+01 8.039739138363778181e+01 9.223216389337817134e+01 8.568961861107398192e+01 7.155185626045580705e+01 7.847535576322650286e+01 8.675265438410060881e+01 8.527272269146820349e+01 8.527108571756474475e+01 8.544651706701206706e+01 6.772295891588223071e+01 4.770798520438905399e+01 6.167825345873561105e+01 5.582284482693801664e+01 7.584378493181522174e+01 8.216383787040834363e+01 8.999049817580440447e+01
5.444038410813609374e+01 4.286659780139161313e+01 4.793647766767310259e+01 6.474804620930078158e+01 6.757738379760080250e+01 4.741083626910672422e+01 3.292730398394753877e+01 3.664426042400747718e+01 3.266276604179726206e+01 1.378445527189932562e+01 2.387121990534416227e+01 4.167304801234724465e+01 5.678576212909080567e+01 4.337674071136968479e+01 5.739222973547429518e+01 6.349483962639202161e+01 7.180777073344826533e+01 7.368472225983555290e+01 6.534029452664819360e+01 5.191797967039837403e+01 5.191797967039837403e+01 7.205145281699475390e+01 7.206577185464121271e+01 9.223216389337817134e+01 9.155840381474222056e+01 9.476353370403488441e+01 1.031034100706131937e+02 1.051569245749829378e+02 8.871968651024633346e+01 6.869180688326119366e+01 5.713767441875914699e+01 5.403302716742653189e+01 7.404660456155873760e+01 7.584279365733772238e+01 8.415567856928277024e+01 1.021980372983891812e+02 1.000069626530525397e+02
5.357998281454747769e+01 5.642547845962748454e+01 3.637948396053842259e+01 5.086571991854020069e+01 5.918503997265380434e+01 5.898495408691252351e+01 5.080472863388125404e+01 3.532355612351570073e+01 1.544479154294170975e+01 3.365265466166703590e+01 1.497736069449783258e+01 3.485076130813450135e+01 3.855021522417986546e+01 2.926719613056378577e+01 4.778738528953912379e+01 4.341340575894221843e+01 6.349483964892768739e+01 6.206470648293712600e+01 4.523161286662292468e+01 4.033685264843514062e+01 4.741986940385760363e+01 5.561946844498461928e+01 6.985976522333662331e+01 9.002618814256040025e+01 9.145912476209905151e+01 7.458085263955565836e+01 9.145912476209905151e+01 1.057183996771186969e+02 9.703861159220723209e+01 8.545702595595093953e+01 6.869180389644822071e+01 6.818349787232746451e+01 6.558539485084503440e+01 8.561224729134950451e+01 9.680179771666625754e+01 8.852315272197890295e+01 8.852315272197890295e+01
7.368251646844956326e+01 6.474870121810282342e+01 4.498651969353399949e+01 3.084073544813422529e+01 4.585947380093870862e+01 4.754044492442432102e+01 3.094527881607868380e+01 3.651010949194527200e+01 1.661822688528279102e+01 2.488319277648645667e+01 1.597255050672133692e+01 1.721033302616693916e+01 1.879148751108946414e+01 2.038466391611697759e+01 2.927185682810670997e+01 4.445092362929786134e+01 4.618200681129396656e+01 4.793940906538647795e+01 3.367239122541696617e+01 5.373054200020191473e+01 6.754143409759963390e+01 7.086306487559542688e+01 7.921490508347255854e+01 8.137604594701801375e+01 7.302546424835645666e+01 6.293987113822239365e+01 7.719984984703253872e+01 9.293508810355014305e+01 1.012798309308075346e+02 9.701650733689714912e+01 8.871781640827074966e+01 8.820993057434024820e+01 7.714442360758525297e+01 9.391068679823113996e+01 8.852315272197890295e+01 6.853680122328869118e+01 6.853680122328869118e+01
8.157582041533945016e+01 7.338356025177357367e+01 5.918503997265380434e+01 4.585947380093870862e+01 2.585764887037167270e+01 3.926406648588776704e+01 1.947370999784371648e+01 1.828478171954959564e+01 3.064756335695864209e+01 4.254080262280965741e+01 3.585494602877599846e+01 1.738139914741573122e+01 3.728344973230520054e+01 4.034116733638040131e+01 2.275210845788654268e+01 2.444470806473245261e+01 2.616170871385165952e+01 2.790892343265163689e+01 4.794027767573700061e+01 5.908786154576903726e+01 6.568390655714071613e+01 5.065972397642381253e+01 6.179915298553161307e+01 6.443068732667711629e+01 5.286876818354089380e+01 7.183154773669200210e+01 7.645705315179063177e+01 7.275369930577038247e+01 8.898514063079342407e+01 9.733480723109548194e+01 1.063571773677927155e+02 1.054776973784183696e+02 9.717950955813898872e+01 9.459621520057608279e+01 8.566040826067489888e+01 7.439066804607718097e+01 5.437861182283513983e+01
6.145083595783310670e+01 6.232325672952845963e+01 5.771859308224895102e+01 5.417442748829198251e+01 4.114635859511471239e+01 2.118182560264493475e+01 3.941149380577659400e+01 2.974431850769716945e+01 4.646836951358292822e+01 5.881472605225918215e+01 4.329247280737767056e+01 2.333223796751078183e+01 1.881243225334938884e+01 3.873817762038304124e+01 4.274108642309960970e+01 4.445117567893501587e+01 4.029998560168581179e+01 4.794027767572798382e+01 3.070306682092834549e+01 5.075031829368395364e+01 3.655704658134356322e+01 3.883668267330575929e+01 4.148865793156268467e+01 4.421748851181737194e+01 4.728099845166192239e+01 5.168423923668102304e+01 5.629517223813181204e+01 6.167333467960496307e+01 6.880196129569034724e+01 7.782593784274455118e+01 9.210076128509821558e+01 1.122868347928932451e+02 1.004481390713288107e+02 8.046460248679942140e+01 6.633871253894918141e+01 5.738461887448531940e+01 5.069288988420052533e+01
4.725709983966957850e+01 4.225198916888822964e+01 3.766186720804694943e+01 5.152895423391551333e+01 4.247258466843115343e+01 2.249097375851054181e+01 4.247258466843116054e+01 4.975673264118351824e+01 5.807604053853324899e+01 5.329554724678360600e+01 3.328939839270363876e+01 4.329246714258540152e+01 3.873786388790577462e+01 2.025119224898513082e+01 4.019279661479595234e+01 4.998170334271643611e+01 6.038246218945850785e+01 5.817004988384116615e+01 4.154914097699180786e+01 3.359457366092411945e+01 3.714264589686712270e+01 4.116478407952290297e+01 4.579222486106633028e+01 6.443068732667711629e+01 6.743508355618479300e+01 5.335889503087369690e+01 7.351124599039221152e+01 8.184930914391563306e+01 7.593726576293398978e+01 9.612224445561959385e+01 1.063571773677927155e+02 1.008138180351243989e+02 9.252644675043075040e+01 9.459621520057608279e+01 8.566040826067489888e+01 7.738279469157296830e+01 7.016063768882685281e+01
6.734530743416279108e+01 6.232325672952845963e+01 5.152895423391551333e+01 3.149193379815561400e+01 4.380879526536019597e+01 2.381345931485639511e+01 3.272170055099473984e+01 4.414611607380698644e+01 6.362750034809269550e+01 6.159035161343074805e+01 4.222571430119798919e+01 5.436672200200428051e+01 3.433270669901433791e+01 4.020052768973824442e+01 2.170852635353907090e+01 4.167833972998747072e+01 5.964604907801636102e+01 6.837960692756443848e+01 5.974445219151566278e+01 4.515345032827925564e+01 4.410796137755094293e+01 6.060859735134931014e+01 6.582206240179297652e+01 5.358317186884545436e+01 7.372061901253108829e+01 5.785473365835186144e+01 7.802043357260541256e+01 9.329287148920735717e+01 9.612224445561959385e+01 1.044659257314675642e+02 1.082100907793617637e+02 9.252636402282342942e+01 7.251880598851676041e+01 7.837892811228964263e+01 8.098237572850678134e+01 8.926695456760758418e+01 7.844114513830682256e+01
7.107561302653439839e+01 6.274701594306185370e+01 5.619892793142199139e+01 4.574476559336788739e+01 2.573025625634345204e+01 3.752070450825765846e+01 5.084190970065634474e+01 6.051919995444770706e+01 7.181495693524739465e+01 6.225123022465406564e+01 5.638608812343701970e+01 6.269554145725064132e+01 5.436673954221000571e+01 4.272827058668440259e+01 2.274628229525684020e+01 3.163619215745566393e+01 4.533662722739964579e+01 6.424099838821635444e+01 7.361752895278613096e+01 6.526062441542420345e+01 6.396757192346698417e+01 5.807638820494062060e+01 7.815585391632907886e+01 6.780994106512653730e+01 6.305685260523669911e+01 7.802043357260541256e+01 6.476274928495470817e+01 7.902952143125600060e+01 9.921525564368812411e+01 1.116154950346394372e+02 9.993380736267498321e+01 7.992487002685879816e+01 6.837573278266707177e+01 5.836987491587479582e+01 6.097399316817416093e+01 7.771702087646553991e+01 8.353861913065853173e+01
5.685713775728069663e+01 4.267488835637027478e+01 4.787912846758423768e+01 2.785465690317510479e+01 4.574476559336788739e+01 3.385330963111854885e+01 4.790934403960139321e+01 6.798926525728458614e+01 8.229108732050863750e+01 8.227374148498036277e+01 7.641093583065764960e+01 6.209997003668131299e+01 5.384918785802985042e+01 4.378933352426918901e+01 2.379737593534149909e+01 4.378933352416393632e+01 5.964604742380435454e+01 6.788072657244063635e+01 6.955438290572335802e+01 7.789448612547680284e+01 8.242927994657765112e+01 7.816591945277765774e+01 8.649084012112915332e+01 8.799025787597464898e+01 7.018049385428899711e+01 9.036798317348619491e+01 8.494178609884814080e+01 7.299726098853369649e+01 8.308767271351308636e+01 1.032769062243613263e+02 9.700331932658517076e+01 7.699546772943200779e+01 6.544621517375459518e+01 5.649527408845865040e+01 4.941519874587633865e+01 6.352834820075204192e+01 6.352834732586600097e+01
6.424821026191325757e+01 4.417214825067431860e+01 3.001933794997287208e+01 4.200120624850136153e+01 5.619968819460657272e+01 5.383050135653172674e+01 4.379409637695049895e+01 5.378791324618774183e+01 7.394589569683930108e+01 8.132145937157946491e+01 6.985355824415312043e+01 5.385221775246536424e+01 3.401898265527934484e+01 2.931478029059670476e+01 2.485580795586452041e+01 4.485626720607047702e+01 5.474164367944281651e+01 4.779234406035561022e+01 4.945618994902098819e+01 6.281899512191872503e+01 6.229244355649868936e+01 7.530530141478350004e+01 8.364812963724889983e+01 9.371989710928399120e+01 7.920276798534824536e+01 9.872398263520955197e+01 1.008129057240726638e+02 8.062419276281721636e+01 1.008129057240726638e+02 1.116154950346394372e+02 1.052839105954569305e+02 9.373520215551765489e+01 8.478966850827426072e+01 7.650504156147745505e+01 6.352834820075204192e+01 4.351135822575992051e+01 5.817858239744389692e+01
6.048375743220573497e+01 5.162665396000085138e+01 3.158828087291200859e+01 5.162665396000085138e+01 7.039817014071165602e+01 7.221369348386215847e+01 6.386689700292500760e+01 7.221369348386217268e+01 8.229108732050863750e+01 7.303804836954795121e+01 5.323095318869687276e+01 4.182672597890815069e+01 5.384918785802985042e+01 4.916223258097802074e+01 3.300169437211604162e+01 2.642033641157674140e+01 4.642116673890483725e+01 3.364388404860520154e+01 3.790107814383725326e+01 4.274644153181708361e+01 4.809248059232825057e+01 5.518128275006072414e+01 6.523263679719312336e+01 8.537796603237401882e+01 9.086147263257004170e+01 1.077520621501081308e+02 1.091544072941135965e+02 9.228000185020135859e+01 1.053644244494477533e+02 9.536134995847808682e+01 8.707513413190397955e+01 8.040709560417758439e+01 8.474406975945748854e+01 7.059477819929190900e+01 6.230693444694551175e+01 5.817858252535913266e+01 3.816524825170651525e+01
4.055598383030755372e+01 3.521021593407425598e+01 3.359635277459555880e+01 5.364124106518265478e+01 6.486280160004830009e+01 7.907584962151641150e+01 8.281328327128353806e+01 9.113875318415688298e+01 8.628835457934125941e+01 6.634296333702855009e+01 5.238694466359759616e+01 6.160241663501906118e+01 6.710806693836573800e+01 4.711723360100711488e+01 5.292704178676728333e+01 4.642802039481185972e+01 2.799712096960855945e+01 4.801019808845374115e+01 5.795068579086790805e+01 6.281899512191873214e+01 6.819038638350882309e+01 6.819038638351021575e+01 8.364812963724889983e+01 9.371989710961871367e+01 1.110658138434351656e+02 1.194048452081506468e+02 1.207960249929814438e+02 1.124690691838315502e+02 9.707881103297965808e+01 7.707145723082857103e+01 6.707101854872490776e+01 6.040038173312265712e+01 7.187620414571624394e+01 5.644548663912861031e+01 4.228871495628311550e+01 3.963996491127431199e+01 3.703765309545700291e+01
3.928836524902411753e+01 5.495511743843186281e+01 5.364124106518265478e+01 3.648251126806792399e+01 5.064987922291474121e+01 6.638021075916461200e+01 6.268693902047311184e+01 7.973958154349074334e+01 8.874085398470411690e+01 8.046671313772593237e+01 6.634296333702855009e+01 8.046671313759679833e+01 7.557283984720365311e+01 6.713220399763440582e+01 6.337162549367340603e+01 4.330103062467383523e+01 2.916307492933746914e+01 4.917956817058765751e+01 6.009391605001109582e+01 6.614681995142586857e+01 7.450119808433500168e+01 8.615249339998970868e+01 9.666844939136154835e+01 1.016774737962368818e+02 9.334332658386519199e+01 1.016774737962389850e+02 1.044996096887273893e+02 1.128310302518897004e+02 1.053644244496237121e+02 9.536134995847808682e+01 8.707513413190397955e+01 7.187620414571624394e+01 5.186213937605463542e+01 4.650864664257143488e+01 4.985647812563713899e+01 5.965545650232425601e+01 5.704966144933963790e+01
5.914025796589977091e+01 6.753133880293385971e+01 5.902373935426702189e+01 3.896424293544610151e+01 4.192904739417604532e+01 4.629677296347703219e+01 5.130275210748582282e+01 6.027777867377344023e+01 7.189370792813336664e+01 9.204104889752056806e+01 8.628835457934125941e+01 8.319375669595568468e+01 7.162276858190382711e+01 6.331467500753046806e+01 5.785309326560371801e+01 5.065551052280521560e+01 3.063487256193900166e+01 3.191714519506438918e+01 5.176952585794121120e+01 4.608317171888462127e+01 5.761276503417796846e+01 7.780457375446546564e+01 8.857761354345437610e+01 9.161130653274430813e+01 7.320605326594574080e+01 9.161130653274430813e+01 8.436696228343988935e+01 1.012106231641228220e+02 1.067407953335222572e+02 9.519007019486814158e+01 8.624387363314478705e+01 7.178319763566547351e+01 5.176903236769690153e+01 6.652722033966179538e+01 5.881154132892775976e+01 7.815892540955344714e+01 6.789313925014660356e+01
6.947135453583284459e+01 7.577244467044133103e+01 5.566142309977194458e+01 4.148595473574799541e+01 6.155179702736843694e+01 5.460657506930139959e+01 7.140602952043657581e+01 6.133958701345827791e+01 8.147247496341192630e+01 1.003636654881662764e+02 9.256544088942852966e+01 7.487662524789726604e+01 5.485073999700497183e+01 4.319364535344019629e+01 3.775818622470363550e+01 3.273368454649967418e+01 5.065551622019341238e+01 5.177031714576718002e+01 3.471669719902088502e+01 5.456309487820939808e+01 6.585796250244139571e+01 8.262718553719483339e+01 6.837683927101558368e+01 8.264051529295932141e+01 6.305490086049346843e+01 8.124725091143484690e+01 7.273440089698159738e+01 9.287602028978474777e+01 9.845559981350093892e+01 7.844741258468113188e+01 6.689971266425554575e+01 5.794994158554173680e+01 6.072378387883681938e+01 8.006963147523630653e+01 7.036457723799243524e+01 8.710661258082956238e+01 7.618213490536678023e+01
7.594777940139192651e+01 7.577847266915345870e+01 5.566359258314049896e+01 4.409166706136628022e+01 6.416514123668949310e+01 6.620600920954463220e+01 8.304706234826291222e+01 7.557195742698816332e+01 7.557195742698816332e+01 9.571758442486654417e+01 8.429372640239051861e+01 6.446853360311460790e+01 5.432700711077942657e+01 6.331467500753404920e+01 5.432280016827695590e+01 3.429274695171821463e+01 5.432280016839533232e+01 6.289988369189682516e+01 5.456309487820939808e+01 3.764008605856275835e+01 5.750859924231507136e+01 6.286487452589467750e+01 5.400975632354833067e+01 6.936328790106658460e+01 5.531847573984365596e+01 6.100243799777254594e+01 7.273440089698159738e+01 9.287602028978474777e+01 9.893975693028542651e+01 7.893127154072234930e+01 6.738355772042694980e+01 6.689971266425554575e+01 7.227490734075117018e+01 8.901660806051592090e+01 9.037118017960125371e+01 9.865690841851557025e+01 8.773528365459681311e+01
