LEM/with_lateral_4open/elevation_000460.asc
nrows	100
cellsize	150.0
xllcorner	0
ncols	100
yllcorner	0
NODATA_value	-9999
[rows 68 to 84 of 100, columns 37 to 73 of 100]
7.282232646205463311e+01 5.243208068894213625e+01 6.132136597679523504e+01 8.054538026783201587e+01 7.827903016256321678e+01 7.262886520213798747e+01 5.265383820067959419e+01 7.262886520213666586e+01 6.643365365971556002e+01 7.510944567459517884e+01 5.944544267189360909e+01 7.098114953309328712e+01 9.109371406337027111e+01 1.042499001322083103e+02 9.371019735832814490e+01 8.087759412623302069e+01 6.077701687334077718e+01 7.200045552344258226e+01 9.209376981403121931e+01 8.901132005991961194e+01 1.031842302488504401e+02 1.109193990461803310e+02 1.037251496607149619e+02 9.540194683467755965e+01 1.037251496608211596e+02 1.011196332398312023e+02 8.116594529716994089e+01 6.964407303953996120e+01 8.145244350773333508e+01 7.873899537812316396e+01 9.284979419717818416e+01 8.489276981624023222e+01 7.491374999633839593e+01 5.740047151984124696e+01 4.325310755324183276e+01 3.319385651558572192e+01 5.011599356799242599e+01
6.329437428646133412e+01 4.917972627114180284e+01 6.923312986311414363e+01 7.827779574731508205e+01 5.914022038713088136e+01 6.344302444185289858e+01 4.879806391639561269e+01 6.846894897818809511e+01 5.234181887022290169e+01 5.512359013288580201e+01 6.922632738876086478e+01 8.778552444524341070e+01 9.937881250663464527e+01 9.960426082292984518e+01 7.952294988018884681e+01 6.531097904157125811e+01 5.560161071660330379e+01 7.568764739625937921e+01 8.217910304093015839e+01 7.479399875231641204e+01 9.488708933663836831e+01 9.075587442929496262e+01 9.361184976166555316e+01 7.512041790561944765e+01 9.361184976166555316e+01 1.059046402051124431e+02 8.593483941087518474e+01 7.962422686741339817e+01 9.788439187716228673e+01 9.868465992257192454e+01 9.071957628193082712e+01 7.080031803331540630e+01 5.668333555036536353e+01 4.668121353181613387e+01 3.849518023224374019e+01 3.611732735026804875e+01 5.613762833347013270e+01
6.608732287132507111e+01 4.613724093705508977e+01 6.176631410873127948e+01 6.887152194689608109e+01 6.057254657946570120e+01 4.340194095286960163e+01 4.591964408444400192e+01 4.849053732914779857e+01 6.846894897819079517e+01 6.506957316035385475e+01 8.338961681022216510e+01 9.759878804593128621e+01 1.036611547514160065e+02 9.207283736414542830e+01 8.309201147237676821e+01 7.119627305483287216e+01 5.112586596541495965e+01 5.574045207384760658e+01 6.208137797917235190e+01 8.217910304093015839e+01 9.332116651312033184e+01 7.641845737794641025e+01 8.526118237014848944e+01 6.501748859574550465e+01 8.526118237014848944e+01 9.697642356919746476e+01 1.059046402051124431e+02 9.371990146033959945e+01 1.078779340480689370e+02 9.529991194172698954e+01 8.637973535976834683e+01 7.816124380358618851e+01 6.466846099098273726e+01 4.468712644752076102e+01 5.850196135459493263e+01 5.613762833258671492e+01 4.035911131773818283e+01
4.846718747095246727e+01 6.176630954729169787e+01 4.188163482126434900e+01 5.779374700399129949e+01 4.051415292938686008e+01 6.058549687173011478e+01 6.001713781017528504e+01 5.842159333470805649e+01 7.624410560568644257e+01 8.506715033887982713e+01 8.504779027617310305e+01 1.047261822784942780e+02 9.536455853590761933e+01 7.527569017518074190e+01 6.367297227674387727e+01 5.470309291519853190e+01 4.720383491031916634e+01 6.726014238580619065e+01 8.217910304093015839e+01 9.048773274415789558e+01 8.497423055207775633e+01 6.478424187276361579e+01 7.331753515314017022e+01 5.840271130265897170e+01 6.844906714192204333e+01 8.863776827852481688e+01 1.058444921388026074e+02 1.137112699139278362e+02 1.011208420101986150e+02 8.124522159651961317e+01 6.715634115336639809e+01 5.821944317641796829e+01 5.155229854328219830e+01 6.466846099098273726e+01 7.292447524507930723e+01 6.373010056840764292e+01 4.374873143869601932e+01
6.351197913972799824e+01 4.385873239413972868e+01 4.073025277723763793e+01 3.771783264470412433e+01 5.779374700399129949e+01 6.888101746298026740e+01 7.955942706760890815e+01 7.216782132408476969e+01 8.630404666971018912e+01 8.374182853409908489e+01 9.244808664024185418e+01 9.983609439905545457e+01 8.824306901042952234e+01 7.993295714914243888e+01 7.282877106341580031e+01 6.404856289760937216e+01 4.400295283452283712e+01 5.816720633408167629e+01 7.824741367842968032e+01 8.981724072333487641e+01 8.147714538608825308e+01 7.331753515314017022e+01 5.333049717757880614e+01 5.219421936308977195e+01 6.312841925931602560e+01 7.732602776138308798e+01 9.282679390803164665e+01 1.011576811115078840e+02 1.076494796853133806e+02 9.532162348456978407e+01 8.640679697964756656e+01 7.151808011673351473e+01 6.154932957672809124e+01 7.977059031957548996e+01 8.443024746759721211e+01 6.726099254676447003e+01 4.728725126817497681e+01
7.199919015054319971e+01 6.233028324292852318e+01 5.404161140520412232e+01 3.609052669366086974e+01 5.095117616170495722e+01 7.281904982154095762e+01 8.803933497912090900e+01 9.116655430700438956e+01 8.032938576671610065e+01 6.316289349054276414e+01 8.032938577016490456e+01 9.153578527111528729e+01 7.143909762179127654e+01 5.983928533494162139e+01 5.275371612376340380e+01 4.672101439132197243e+01 4.117640287306622326e+01 5.767156089792850793e+01 6.598238948345527888e+01 7.677844448520147580e+01 6.139523420764597006e+01 6.508033357039579414e+01 4.678565285465283097e+01 4.694694295973528853e+01 6.681935045291598385e+01 7.850993988275259028e+01 7.257970477496618855e+01 9.282679390803164665e+01 8.768832094864714577e+01 1.017294912431051728e+02 9.976108206252376931e+01 8.973612882721239714e+01 7.565539653283551047e+01 8.768045184526945945e+01 6.776749932104181084e+01 5.623191545820890980e+01 6.142204036925163280e+01
6.826875441618925322e+01 4.816926644233480914e+01 3.402604355659072866e+01 5.393882021484545675e+01 5.110182265712264638e+01 6.293384465121937410e+01 7.859174368801141952e+01 7.675663479017811142e+01 7.175844196730513147e+01 5.155968665264916950e+01 7.175844196730513147e+01 8.300256214617988348e+01 8.824303671963686213e+01 7.993295714914243888e+01 7.282877106341580031e+01 6.677591133723731787e+01 5.179486741240452830e+01 3.764316354021914179e+01 4.841196316849880787e+01 6.259520382685018092e+01 6.448757720718928965e+01 4.519960552836398193e+01 4.053260572326389166e+01 4.564626538102479003e+01 5.185534573161648808e+01 5.839984283819525501e+01 7.850993988275259028e+01 9.181146035211698120e+01 7.356695154541530712e+01 9.181146035211698120e+01 9.001175165596971794e+01 9.827935063229732293e+01 9.555234076659841946e+01 9.592584493630384657e+01 8.443024858657257425e+01 6.622494974107722499e+01 8.135747008556739956e+01
6.528800683595372334e+01 5.292275494629230082e+01 3.257973868151909613e+01 4.974187800743859356e+01 5.811933110463522212e+01 6.163391989075258692e+01 5.632989559331720386e+01 5.667613094109194094e+01 6.457010633703869473e+01 4.448507423487545509e+01 5.451906280379873238e+01 7.463989948554647924e+01 8.017902899046563903e+01 8.017900326278365242e+01 8.846596165560697500e+01 8.016917850026649717e+01 6.598228133417572394e+01 5.428614384680314231e+01 3.426426819309555327e+01 5.105932640756885377e+01 5.240228229344063493e+01 3.632957997998941124e+01 5.034642267473978450e+01 6.549744179299489133e+01 6.180996236349199791e+01 7.850993988275259028e+01 8.686869294323700785e+01 8.355324450718651974e+01 6.361187349996108509e+01 7.589945962405025170e+01 7.005395686825944779e+01 9.001175165596971794e+01 9.181923352941019800e+01 9.767001713967326282e+01 9.438705726500758431e+01 8.031898011439024287e+01 9.126314729893705646e+01
4.522488067448780669e+01 3.946454219745157133e+01 4.999498826215741332e+01 3.062630850939326166e+01 4.878249053868619001e+01 4.160136805103213931e+01 3.859758262679536500e+01 4.249825531600663453e+01 5.088115484599543947e+01 3.815159866777223385e+01 5.821130442917846182e+01 7.428912093636560598e+01 6.011204938637366979e+01 6.011204935894699020e+01 8.017900326278365242e+01 8.484954404578918741e+01 7.434709167246079176e+01 5.428614384680314231e+01 5.105932640756885377e+01 3.104177562102311683e+01 3.251901884411226007e+01 5.240228229344063493e+01 6.448757720718928965e+01 7.862873173963873796e+01 8.190484369129254105e+01 9.024905762228661388e+01 9.061570115733181296e+01 7.065751538562999201e+01 5.659724272720747962e+01 5.599629417675726728e+01 7.589945962405025170e+01 8.597435627607981701e+01 7.185832876211968312e+01 7.770474240984017911e+01 9.489932368185974099e+01 1.002015737045067851e+02 1.027501281400493554e+02
5.580904341425345905e+01 5.950225785412811064e+01 5.854875795554501394e+01 4.878217950443559658e+01 2.870801205554302271e+01 2.741197253112534327e+01 2.614171979756618214e+01 4.436915209174411956e+01 3.082894348554591346e+01 4.500293356651532406e+01 6.507241503390882542e+01 6.598952590508469029e+01 4.604138897992454105e+01 5.658588408309636009e+01 6.487322288144588356e+01 6.477455621713684764e+01 6.973333365531108541e+01 6.135065779615410975e+01 4.881541101716557307e+01 2.880550538200941091e+01 3.435149330452023975e+01 5.437407473279574077e+01 6.960747269604441101e+01 7.791479687948964283e+01 8.794954426083711496e+01 9.594551503394031045e+01 8.767477282320717791e+01 8.476814519280061688e+01 6.837677018454874656e+01 4.850098932389540352e+01 6.837677018454874656e+01 6.921318524350287760e+01 5.779027563062496142e+01 6.667609863683088633e+01 8.077569903066302004e+01 1.007536406168626542e+02 1.044575458329521069e+02
7.593517762222555234e+01 7.677592212472640654e+01 5.774366926162689850e+01 3.770585406758033287e+01 4.878245584884270158e+01 4.747402753611489601e+01 4.436681470457581611e+01 2.438524227260296584e+01 4.271830912976334105e+01 4.509539967657224224e+01 5.200790589425240995e+01 5.712814061998277992e+01 4.884311080478833844e+01 3.680068808873809871e+01 5.658588408309636009e+01 5.059580500562562833e+01 5.427646206819877506e+01 4.126782835537775895e+01 4.486296754158387756e+01 2.718810241685642026e+01 4.721987643972391879e+01 4.287750618033373939e+01 4.954621994841097887e+01 5.956699257745964360e+01 7.964795281462917842e+01 8.767477282320717791e+01 6.772861331261429996e+01 7.357070796462684825e+01 6.413929394040791010e+01 4.425886201758185479e+01 6.239208915023488800e+01 4.932644364852151853e+01 6.079165180755864384e+01 8.071721385582263508e+01 9.489932368185974099e+01 9.500321346874297035e+01 8.425842435473346370e+01
8.005864036692433672e+01 5.997572584312495536e+01 4.840830316034331560e+01 5.774366936288530638e+01 6.391953035228090840e+01 4.982778342351628709e+01 2.978019012295538914e+01 4.272609479285667078e+01 2.278703841466777646e+01 2.165972941136278251e+01 3.779439439726388628e+01 4.243335012332244816e+01 2.909427041424638460e+01 4.286263282024347632e+01 6.195848383297034445e+01 5.427662283647848795e+01 3.424837446223818915e+01 4.271324782203339510e+01 2.492272503589257582e+01 4.492296111623970489e+01 5.555896154492207017e+01 6.292038844683327881e+01 6.960747269604441101e+01 7.791479687948964283e+01 8.794954426083677390e+01 8.946568790848871799e+01 7.357070790659061288e+01 5.366922736627559942e+01 4.615582600854063600e+01 4.018591019188828994e+01 4.250183802297721058e+01 6.239208915023488800e+01 7.747653622498057757e+01 8.898740375646451639e+01 9.500321346874297035e+01 7.482537000827889528e+01 7.000221661107421767e+01
8.836634307475219430e+01 7.677592212472640654e+01 6.846376426049646113e+01 7.042611316425363555e+01 5.561323939491051505e+01 3.557216007288141668e+01 4.982789449223743361e+01 5.103266577632755485e+01 4.208961338280772679e+01 3.285649446847493493e+01 2.006251472520270696e+01 2.270378730154359204e+01 4.240450758004506326e+01 5.670098025858029445e+01 6.134997325434813575e+01 4.895701243790597346e+01 4.065450066165841037e+01 2.269995736549623189e+01 2.728927335817706279e+01 4.730511734196355889e+01 5.994282984309971596e+01 6.628495061010853817e+01 7.460085825440718565e+01 8.358570032921075210e+01 9.532158527597508169e+01 7.538017216321816250e+01 6.130021712638424702e+01 6.713612515527699998e+01 5.610224032801153271e+01 3.618862860458035158e+01 5.027323948761588213e+01 7.017461455395604730e+01 7.649759406235186532e+01 8.476643080188534896e+01 9.279557761010873662e+01 7.261827947504033887e+01 5.841400424021409066e+01
1.022359083563017492e+02 9.394801219039106854e+01 7.800979874217081544e+01 6.211557822887205305e+01 4.207402395000760009e+01 5.561323939530091565e+01 6.392169743030505913e+01 4.903905911736745793e+01 3.082884473271768044e+01 2.634813503507267640e+01 3.841946521810933746e+01 1.850481749090933548e+01 3.622469055602250876e+01 4.500606934219052846e+01 4.691515247146850953e+01 3.279865678593080958e+01 2.064292430811541479e+01 4.065450066165107756e+01 4.730511734196355178e+01 3.435970930651555477e+01 3.990526013781078518e+01 4.622980447444292906e+01 5.518574069498146883e+01 6.938021314911850368e+01 8.947970746590145552e+01 8.123317475178924951e+01 6.130035221768733322e+01 4.724017789446034499e+01 5.346463116436223117e+01 3.354016629461772681e+01 5.346463117750359118e+01 6.240777329553750974e+01 5.657157844251691614e+01 7.649759406235186532e+01 8.966177463078952314e+01 8.132483596587280772e+01 6.904621019932505988e+01
9.394801219039106854e+01 7.386146866661297850e+01 6.969955071940020730e+01 4.963424555949811179e+01 6.211557822887205305e+01 7.042611316425363555e+01 5.641652293863108980e+01 3.760760694429709616e+01 4.903905911736747214e+01 4.921325596152786375e+01 3.841759486074413132e+01 3.690774890549774767e+01 1.699822070521381789e+01 3.688301254629548254e+01 3.661336879673679334e+01 1.861356658463290259e+01 3.862263003046130905e+01 4.895698733542232617e+01 6.269480124852589853e+01 5.438532525223660485e+01 5.994282984309971596e+01 6.628495061010853817e+01 7.460085825440718565e+01 8.358570032921075210e+01 8.175561911536884452e+01 8.111957570352808489e+01 6.294798896440380531e+01 5.718835743318083331e+01 3.727847445398997195e+01 3.095934087496645049e+01 5.089240643310353107e+01 4.249841016970909635e+01 5.398859648401757738e+01 7.390858269902658151e+01 8.132483596587280772e+01 6.119665084379721520e+01 6.455632213847634659e+01
8.138748032478248717e+01 7.974468105412829289e+01 5.965442038467145380e+01 6.381556848580743235e+01 7.800979874217081544e+01 6.677071712032775963e+01 4.689917342048136106e+01 4.105566821856719883e+01 6.309800724580896514e+01 6.670120489744354586e+01 5.001793077013179811e+01 2.999730371750584368e+01 1.593749004066127739e+01 3.473024027406334113e+01 1.660995554306049726e+01 2.069038723598357521e+01 4.070129277050688188e+01 5.147171070657153535e+01 5.647916556987929937e+01 6.203808164456828678e+01 6.962155466889004174e+01 7.793476713169465597e+01 8.952672374123817178e+01 8.175561911536884452e+01 6.175308704598406706e+01 6.542362007081896991e+01 6.294798896439748859e+01 4.525493008604007628e+01 4.806176961109851931e+01 2.860424904280830205e+01 3.357709282085643565e+01 5.350403542792148670e+01 7.066900462219992107e+01 8.217678397782535171e+01 8.132483596587280772e+01 6.119665084379720810e+01 4.701171750199660693e+01
7.310492080995490483e+01 8.804868851145742781e+01 7.974468105412883290e+01 8.390474042837588797e+01 8.096053379825943352e+01 6.089310260488584703e+01 6.672704044352340702e+01 6.550321910504392520e+01 7.436778399956338603e+01 6.878520949678117802e+01 4.894751001762041653e+01 2.894621911325190666e+01 1.487961263029220582e+01 1.472363431012750112e+01 3.472877353796241096e+01 4.070129251529254333e+01 2.686209489335292488e+01 3.145030212484709153e+01 3.644934619265301734e+01 4.199512470127613284e+01 4.955757097236782016e+01 6.113234492737356618e+01 8.121803083385586319e+01 7.956821344540729513e+01 5.956473766081179377e+01 4.541677879377024851e+01 5.542019943208010346e+01 4.973479292775368776e+01 3.215999872793160819e+01 2.628209861678284298e+01 4.726694180782781274e+01 4.984884808526614108e+01 6.392716218129150008e+01 8.386819003911284653e+01 8.218850130743425098e+01 6.205751069715307011e+01 4.787048060499573410e+01
