LEM/with_lateral_4open/elevation_000322.asc
nrows	100
cellsize	150.0
xllcorner	0
ncols	100
yllcorner	0
NODATA_value	-9999
[rows 34 to 50 of 100, columns 0 to 36 of 100]
2.064481644892168788e-02 1.416278072296039703e+01 3.416290205985815476e+01 2.426564714222045538e+01 1.840348337563572301e+01 1.939317700118726151e+01 2.624595705770521903e+01 2.686655723306682120e+01 8.867050889597624774e+00 1.004352147783290938e+01 2.649313434312786697e+01 1.344962100522364956e+01 1.467589986137158320e+01 3.443472489481862908e+01 3.745948518383519144e+01 3.873894936650965093e+01 2.168104457814752095e+01 4.130218191338798306e+01 5.209121600501377003e+01 6.097459325325863944e+01 6.789297206311675836e+01 6.251796489436277682e+01 6.759204357220872339e+01 7.632003329653696255e+01 8.365148252308290466e+01 9.193999475955671130e+01 9.384295978493089763e+01 7.967807363099673523e+01 8.187152960807738111e+01 1.019123743168912029e+02 1.121544757214795993e+02 9.224215758831859091e+01 7.806595151242051145e+01 6.653837727600806318e+01 6.544975836733371466e+01 7.822526815924442189e+01 9.773576218957856554e+01
2.905961989428186565e-02 2.002905961989392836e+01 2.192208547083192371e+01 2.285967029223225921e+01 4.260899606225515335e+00 5.251047149202185516e+00 6.246084339412171005e+00 7.244836678290011989e+00 2.676300654777689303e+01 2.999918852658107937e+01 3.593089551685925187e+01 3.322017039161904961e+01 2.099123797145353976e+01 3.339159278964697108e+01 5.325956704687350651e+01 4.944481580824606937e+01 3.558232369204004186e+01 2.438025483303449192e+01 4.394531639904212739e+01 4.140197630728252420e+01 5.686252573651391629e+01 6.760322081020004248e+01 7.584948408301995926e+01 6.956325323693448581e+01 6.372771769019498578e+01 8.365148252308290466e+01 7.612401404338515931e+01 6.555548112027094021e+01 7.967807363099673523e+01 9.972298804051705190e+01 1.113056812139848972e+02 9.138586857919308670e+01 7.720657985261689760e+01 8.652249174903610651e+01 7.296807939697859524e+01 9.299743565668239853e+01 9.366534854984315928e+01
3.542675937824442400e-02 9.782358009603073778e-01 1.922094157326323938e+00 2.869121604947078907e+00 6.583028368488151649e+00 2.524927530965960898e+01 2.624599739296264644e+01 2.724446292732675090e+01 1.017777897871705228e+01 3.017442655930363671e+01 4.140756672690792328e+01 4.814416929844720983e+01 3.383762337766971484e+01 3.383762337766971484e+01 5.404974067033211327e+01 6.330730792445623223e+01 5.081651520966850200e+01 3.136850486560936702e+01 2.722120420614652403e+01 2.924544030904416658e+01 4.870277946841051175e+01 4.799714467385260264e+01 5.865972582328141982e+01 4.988525745654840904e+01 6.470094580493817205e+01 6.802158284900922069e+01 5.627719194115501011e+01 7.612401404338515931e+01 8.713061821381171512e+01 9.608884219587045550e+01 1.076603885816283253e+02 1.054444917392678178e+02 8.879154636199035622e+01 9.299743565668239853e+01 8.715161329193401230e+01 1.012325340739778738e+02 9.727471601847231852e+01
3.411803931810562102e-02 2.003410545766883999e+01 2.190496018838545922e+01 1.700820277828771054e+01 2.655584140654913128e+01 1.202633890927823757e+01 3.202221890134626392e+01 3.844880152289221797e+01 3.017454459574570791e+01 1.317590573470047310e+01 3.310415173161256774e+01 4.444887859348074954e+01 5.404974067040468810e+01 5.404974067035009000e+01 6.245080678332567459e+01 6.464987055251837944e+01 4.508655181353378794e+01 4.508655181353378794e+01 4.672294174583273474e+01 4.870277946841051175e+01 3.219354850912919375e+01 5.159052051633790370e+01 3.924905771001167665e+01 4.206435794786857940e+01 4.515235601305133173e+01 4.837642916556831807e+01 5.352041073084433265e+01 5.891734272828855978e+01 6.776045062262156193e+01 7.931600440157482979e+01 9.937601894442784101e+01 1.169333245924774047e+02 1.087340652932267204e+02 1.129132986357359272e+02 1.071104992928816557e+02 1.031278148427180952e+02 8.306658342190934263e+01
3.327314952832965272e-02 2.003326907434625070e+01 3.648818055844269281e+01 3.693879901661750864e+01 4.019394016344384823e+01 3.202221890145270322e+01 1.792401720296242829e+01 3.791818861084156822e+01 4.144671243770280711e+01 3.317207888109381031e+01 1.626197273394163645e+01 3.625744916341889734e+01 4.773170179160201343e+01 5.692119221796686190e+01 6.518684250332299257e+01 7.285537314050010593e+01 6.464987055251837944e+01 6.464987055251837944e+01 6.286709834448784306e+01 4.334320478907633145e+01 5.159489911445755439e+01 3.532123010367188698e+01 5.469754069080745040e+01 6.152974553218246712e+01 6.470094580493817205e+01 6.218829500609012229e+01 6.070607886728861757e+01 7.883492564847075812e+01 7.146909608039253214e+01 8.563950797291302308e+01 1.056817501319210351e+02 1.013543873793432937e+02 1.096290616699701133e+02 1.115155686776580808e+02 1.032430620586064833e+02 1.050563894457170022e+02 9.727471601847231852e+01
6.779948344387334846e-02 8.232765920232681722e+00 2.237553565737141881e+01 4.239428012394177614e+01 5.422978411487442685e+01 3.425260404641899470e+01 3.791818861108087901e+01 2.478396182751269095e+01 4.477508848561916466e+01 4.453107573510654760e+01 3.040331140591304759e+01 1.946453581002908351e+01 3.945914978291401098e+01 3.693865678514544015e+01 5.692119221796686190e+01 6.602441227740075647e+01 7.428621968153447597e+01 7.903796161681940191e+01 5.923277975805670081e+01 6.286709834072806302e+01 4.749316075040609064e+01 5.469754164141479436e+01 4.110857252859684507e+01 5.477689307919877137e+01 7.453322842738447207e+01 8.210438547261085773e+01 7.474583164871081920e+01 8.060980377491243587e+01 9.150974479110358573e+01 9.980105577752721047e+01 9.808639811042938561e+01 8.135542567647799217e+01 9.808639811042938561e+01 9.998306024465566111e+01 8.326680756245811210e+01 8.508060153199862441e+01 9.920471716894610381e+01
9.516927588586144779e-03 2.000951692758822986e+01 2.823759249015575179e+01 4.826305921355411499e+01 5.599348737606867132e+01 5.422979848031674521e+01 4.993597668935134948e+01 2.994794262465824630e+01 4.993597668935134948e+01 5.865884006430002984e+01 4.773170179160201343e+01 3.360564117415408703e+01 2.279786914313784152e+01 4.279140590811836375e+01 5.339233345577552114e+01 4.605134194784494639e+01 6.018077486886802063e+01 8.013220096267147596e+01 7.903796161681940191e+01 7.534583408440447272e+01 5.871589677462760193e+01 6.505105665478298249e+01 4.549006790033318026e+01 5.667400916177545156e+01 7.064091670376480181e+01 9.062547810898990974e+01 9.476668481136613309e+01 1.006296001826633812e+02 1.039822553984419784e+02 9.570545321667998451e+01 8.980798145668103416e+01 6.979152539148144285e+01 8.980798145668103416e+01 9.104892006526806369e+01 7.173082834256547358e+01 7.095220724935902012e+01 8.921594649410592126e+01
1.945935296826603253e-02 2.001945935296791035e+01 3.021998468417130468e+01 3.599348737606796078e+01 3.599348737606796789e+01 5.183704808371282979e+01 5.817392954703383623e+01 4.993597668935134948e+01 3.889224714248230441e+01 5.887054157404906363e+01 6.185776240904991141e+01 5.106274964420381224e+01 4.279140590811836375e+01 2.633340304592415393e+01 3.340445685886712113e+01 5.339233345577552114e+01 7.134185185044343314e+01 7.724750249842487904e+01 8.594230815686981373e+01 8.681879374042374309e+01 7.853996932596095348e+01 7.330458271854705288e+01 5.411706783977724200e+01 5.515224174145675562e+01 6.497125398470122093e+01 7.906231360464138902e+01 9.909068971863331399e+01 1.039822553984419784e+02 9.243547631371093587e+01 7.569853846820979015e+01 8.273109554716840819e+01 6.270888561930156158e+01 8.273109554716840819e+01 8.277491353768128590e+01 6.278091941139306442e+01 6.094446437714573506e+01 7.672135442423217455e+01
5.600688922766024203e-02 5.056006889227680823e+00 1.021998468417094763e+01 1.599348737606725557e+01 2.355277683625193319e+01 3.509978222004404103e+01 5.509978222004333048e+01 6.709123131624775738e+01 5.043845892497946437e+01 5.303106029236524677e+01 7.296829648151404513e+01 5.786263147665879103e+01 3.787982350348303839e+01 4.632555191418113338e+01 3.041588588236430724e+01 5.040602119337727061e+01 5.249809785947451957e+01 5.567834324795241230e+01 7.312624331700943969e+01 8.251364293987988674e+01 9.466054271427915978e+01 8.217833435994269564e+01 6.546091722155951231e+01 6.909842979327775936e+01 8.323242768564877281e+01 9.321979521799295298e+01 9.250256997919042590e+01 9.570545321667998451e+01 7.569853846820979015e+01 6.413668707504506017e+01 7.414557133802098576e+01 5.667387085482534559e+01 7.669417211039903748e+01 8.759739852164769047e+01 7.277791647453722135e+01 5.273487943383638310e+01 5.669916077902343687e+01
8.215197286175310309e-02 2.008215197286139642e+01 3.021998468417130468e+01 3.599348737606796078e+01 4.355277683625121909e+01 5.183704808371282979e+01 6.338405346750493408e+01 7.857994482676423331e+01 7.038898067948817072e+01 7.296829648151404513e+01 8.115140234012925191e+01 6.612763304358594496e+01 4.942326867344109331e+01 5.573800217505139187e+01 3.576110724069221902e+01 3.541588380314500029e+01 3.906736275625038957e+01 4.514807945271257239e+01 5.273514780659083812e+01 6.490683631001222409e+01 8.621192525367507642e+01 9.371164614904652979e+01 8.542052345397472379e+01 8.907650166163730887e+01 9.599159970210585868e+01 8.664402184438108634e+01 7.251245020546930675e+01 8.664402184438108634e+01 8.829736636516572901e+01 6.828370590585343791e+01 5.412603563932399453e+01 5.112243925970350489e+01 7.114153959292150375e+01 7.932226898894272438e+01 5.930822830823149161e+01 4.768488565312085115e+01 6.776715721436195849e+01
2.613274238814250472e-02 2.002613274238778729e+01 3.591888924079991341e+01 4.486316115079890920e+01 5.641016653459121954e+01 6.507918019634973916e+01 5.922065984453346488e+01 6.027643547142370295e+01 6.027643547142400848e+01 6.856243555536036638e+01 8.084617627117168581e+01 7.765193975449125219e+01 6.939101545760748024e+01 5.566714774023981249e+01 4.153456966794041705e+01 5.540215728978667187e+01 5.905057621056493389e+01 4.668378504915519045e+01 5.552735437460148660e+01 6.664740073575336510e+01 8.647574218383513767e+01 1.034177711953939109e+02 9.187757923723977171e+01 8.359985303169183624e+01 7.600318822136063091e+01 7.600318937831949029e+01 5.836071086461826241e+01 7.770005359769122322e+01 8.646733953806375439e+01 8.012682369672734239e+01 6.010977116637469919e+01 4.595475210614074513e+01 6.597263011314764469e+01 7.844550705787746381e+01 6.416027476522151574e+01 4.407079628762755874e+01 6.416027476522151574e+01
7.532853315450405152e-02 7.634617993339015918e+00 1.657888990333801615e+01 2.812589528713032649e+01 4.812589528712961595e+01 4.507818885144313725e+01 3.922018556063721206e+01 4.027591618523198491e+01 4.027591618523198491e+01 6.027643547142400848e+01 6.084446364946548158e+01 7.498915075565128063e+01 8.382063379870554343e+01 6.816103266336919830e+01 4.820087489430266459e+01 6.816103266336919830e+01 7.268771166613191781e+01 5.317709436625398922e+01 7.268771166613191781e+01 8.327415186765784938e+01 9.474491336472037517e+01 9.514230825498468391e+01 7.515018936415265216e+01 6.360034596336267043e+01 7.205312828603710784e+01 5.598582699891613146e+01 4.938818728695702731e+01 5.817615913477857248e+01 7.819006335793041274e+01 7.653165493132756581e+01 5.651439272969503236e+01 4.237556176422151566e+01 5.759597931542714377e+01 6.427956525339818938e+01 5.011365034236543181e+01 4.065148204527228870e+01 6.071495763006332425e+01
6.101047412966256744e-02 2.006101047412930782e+01 2.493718019666581753e+01 2.743718994923165511e+01 3.026563242113473606e+01 3.315240256174907074e+01 2.507803959266075466e+01 2.613376772486947175e+01 4.613393265690528722e+01 5.515547570894352702e+01 4.670222593768423991e+01 6.084446364946548158e+01 8.084617627117168581e+01 7.641237952497839103e+01 5.819556108728944821e+01 7.641237952497839103e+01 8.088007903306086632e+01 6.692555328703481621e+01 6.692555328735608100e+01 8.659879257271423114e+01 9.708120339137786914e+01 8.553883396367393743e+01 7.659547148902341007e+01 6.831439633601064543e+01 5.204877886998389158e+01 6.184877898871198454e+01 4.175449744899604809e+01 5.598582700688971414e+01 7.600319717876929815e+01 8.167285296446986820e+01 7.066345181533718289e+01 5.759582988334868503e+01 3.764339350500144832e+01 5.307005625255513337e+01 3.599558544850003017e+01 3.866935095792756982e+01 4.141188684765757699e+01
6.842009524227352091e-02 2.493776345605608569e+00 4.937165232731723918e+00 7.437165232731733688e+00 1.026559235747794752e+01 1.315234370342610148e+01 1.613376767342587215e+01 2.216399456498538711e+01 2.848854988549855705e+01 3.515521655581319749e+01 5.515547570894354124e+01 6.885850748655197151e+01 7.780259623278466563e+01 8.637548835832460270e+01 7.812650423944913314e+01 8.637548835832460270e+01 8.377634478612993973e+01 8.659879168641685965e+01 8.659879257271423114e+01 9.483460477876488426e+01 8.880445623662981802e+01 6.880828787080474740e+01 5.725743860329914980e+01 4.831118046369711294e+01 4.497731425805812933e+01 5.711251127663323501e+01 3.696027896316056172e+01 5.711251127663323501e+01 7.583799725143330761e+01 6.174856030278958485e+01 6.753368262312115178e+01 6.259146586841904991e+01 4.482069342585567284e+01 3.313102106393074564e+01 5.307005657004938826e+01 5.871363227742504165e+01 5.562923298664482985e+01
1.934550753332892059e-02 2.001934550753297515e+01 2.493718019666579266e+01 2.743718994923165511e+01 1.596519388772909487e+01 3.315240256174908495e+01 3.613385019088734396e+01 2.262262451868131663e+01 2.747333701948176454e+01 3.350356391202251416e+01 4.057463174732620814e+01 4.951890420000949433e+01 6.366099649034890717e+01 8.366000439679417866e+01 7.748288375658657401e+01 7.792291778102806177e+01 6.378954645600803985e+01 7.378294406470968170e+01 8.206244951023195711e+01 8.404457178336198808e+01 7.575984334378792084e+01 7.455361401300035595e+01 6.869817996195796184e+01 5.831278879835927853e+01 3.831590458370179419e+01 5.271493355421837634e+01 3.257807160832023641e+01 5.271493355421837634e+01 5.811473153705169636e+01 4.768446113785113738e+01 4.762250568196467526e+01 5.419569386429736113e+01 4.897303497500285374e+01 3.144758677214575115e+01 4.548901578765022435e+01 6.550620948596213111e+01 7.567071813657784674e+01
4.364784840791047227e-02 8.987919758407146631e+00 2.053492514219986731e+01 4.053492514220057075e+01 3.596523697662150454e+01 2.539328434078652208e+01 4.539336578615890261e+01 4.262283540346314226e+01 4.161549219714073899e+01 4.380334040313873345e+01 5.350609143634734721e+01 6.885850748655197151e+01 7.780259623278466563e+01 7.162865413672277271e+01 5.749414638714356585e+01 6.792787757440342489e+01 4.965272711984854226e+01 5.379330563857487135e+01 7.378294406470968170e+01 7.575984334378792084e+01 5.578640361509943091e+01 5.458434567790557423e+01 4.873820989264487480e+01 5.372518910769705514e+01 3.374215408298955055e+01 4.755829083187052220e+01 2.859766911775517428e+01 4.307449768961814129e+01 3.814289514516417512e+01 4.491422764812443802e+01 3.352729795615280750e+01 3.537376014399253421e+01 2.908562216323773342e+01 3.417871048311447879e+01 5.410940691797308943e+01 6.830882421002918647e+01 7.537583548008920786e+01
5.219006137575642884e-02 2.005219006137540205e+01 3.727219100627014114e+01 4.881919638988937038e+01 5.367806586383611034e+01 3.953542747052368611e+01 3.953542747052368611e+01 5.953567991531041059e+01 6.161660284683849653e+01 6.380482860751076402e+01 7.209398647334445798e+01 8.185377723656412741e+01 7.748297566178226248e+01 5.749414656105331289e+01 4.335868566326642792e+01 5.180745957605796548e+01 3.965825631279203378e+01 5.379330563857487135e+01 7.378294406470968170e+01 7.724200143456309320e+01 6.163648866801148074e+01 4.169001614720721705e+01 3.464741765264055573e+01 4.676443890896779720e+01 4.755829083187045114e+01 2.760379902341573199e+01 2.861659938849616935e+01 2.312521360862080044e+01 2.404819306661503120e+01 2.497447390271683787e+01 2.590432443635366155e+01 2.684228090886538354e+01 4.676564793867943592e+01 5.410697139865229843e+01 4.227210006552570576e+01 4.829273618599874141e+01 5.538730911296461557e+01
