LEM/with_lateral_4open/elevation_000013.asc
nrows	100
cellsize	150.0
xllcorner	0
ncols	100
yllcorner	0
NODATA_value	-9999
[rows 17 to 33 of 100, columns 0 to 36 of 100]
5.222468517465790605e-02 2.005222468517430201e+01 3.721646893966968861e+01 2.893219769176138101e+01 1.305788267679623615e+01 3.305788267679694314e+01 4.102681437835354927e+01 2.809788218498727730e+01 3.344310702323595308e+01 3.947333391479143927e+01 5.361546953853738273e+01 7.361546959247505129e+01 8.382169371724577900e+01 6.590491685974458846e+01 4.625244214310547619e+01 5.847697961014295487e+01 5.353024701193910317e+01 3.390233242695354932e+01 4.516087611176777017e+01 4.764193884329185380e+01 3.945445819955004652e+01 2.113563864251934277e+01 3.340713414877612308e+01 3.446441728180426622e+01 5.474919600649420204e+01 4.942433825402858361e+01 6.342557161407146538e+01 8.302729455328410779e+01 8.276862772701049664e+01 8.838785083798592268e+01 8.394407091131560605e+01 8.394407091131560605e+01 9.233232570714018550e+01 8.407043307111926822e+01 7.579054906959099469e+01 7.662809403823300158e+01 6.834829669708904021e+01
7.333276091007127906e-02 2.007333276090971452e+01 2.508319589716384357e+01 8.932197691761025737e+00 2.893219769176138101e+01 2.938781429535104905e+01 4.938781429535314516e+01 4.809788219308052959e+01 5.344310703428115517e+01 5.947333393060442575e+01 5.947333393060442575e+01 7.947333419633203277e+01 7.576316569121061661e+01 5.604666802827860295e+01 6.590491685974458846e+01 6.480144887102692053e+01 4.527915458872203658e+01 4.781828375834270872e+01 6.160353610502553323e+01 5.103005408945560362e+01 3.115833432782055823e+01 4.109635723003886199e+01 2.284651988775599207e+01 4.278080840279554309e+01 3.683861670439082303e+01 5.090248778931395890e+01 7.063007644298394894e+01 7.715622428690707579e+01 6.353893736335804476e+01 6.917118327075431239e+01 8.485473989251640603e+01 9.438112810840722489e+01 9.146987543204896554e+01 7.579054906959099469e+01 5.579678729437785023e+01 6.165282453690942788e+01 4.834463498345128585e+01
6.343274376862209629e-02 2.563432743768627287e+00 5.083195897163486521e+00 2.508319589716384357e+01 2.526212931031583864e+01 4.526212931031761144e+01 5.767208554405045362e+01 5.377606708573439676e+01 6.211510152461772094e+01 6.498714488301328629e+01 6.348802083863933632e+01 7.178650007677627798e+01 8.382169371724577900e+01 6.748340083946578716e+01 8.382169371724577900e+01 7.286569342457910636e+01 5.659299142227344248e+01 6.732014616654828387e+01 6.353888667728519835e+01 4.376068575364531199e+01 5.100613013774491833e+01 4.411243405487614666e+01 2.420236528482000438e+01 2.686546101297436095e+01 4.675958668012530950e+01 5.442456272871637424e+01 5.777929245672351755e+01 6.134087838549273641e+01 4.963749690917881452e+01 5.771680912450248258e+01 6.743643327772079488e+01 8.637575903742548178e+01 8.318967065954174700e+01 6.320715869288807198e+01 5.165288707730944395e+01 4.164072398780351847e+01 3.678014921496544076e+01
3.497053469895897854e-02 2.003497053469860489e+01 1.922533152089418707e+01 1.922533152089468800e+01 3.922533152090360176e+01 5.354640055883479022e+01 5.035356073653881026e+01 3.330532800489334022e+01 4.615032023094195779e+01 4.471104571649792803e+01 4.318897604888424269e+01 5.760622687350201687e+01 7.768792760035813671e+01 8.707353481605542811e+01 9.509344845654359801e+01 8.409219715344315205e+01 7.601441027190762156e+01 8.312708932953484009e+01 6.353888667728520545e+01 6.353888667728519124e+01 5.982725229377605558e+01 3.967609170504845650e+01 2.555914372478493490e+01 4.544859447714148359e+01 3.133156916514951718e+01 3.456499905553009455e+01 3.793244373509995171e+01 4.151080717620114768e+01 4.703869350255689596e+01 6.688407655216944647e+01 8.379895029400216799e+01 9.438112810840638645e+01 8.473393064117001927e+01 6.475383089834602401e+01 5.320086595157151521e+01 6.165282453690942788e+01 5.094129763784726350e+01
9.635555453094322986e-02 2.009635555453058942e+01 3.922533152077375718e+01 3.922533152089979325e+01 4.750960277584679403e+01 4.502975544401722630e+01 3.663325396803702461e+01 2.168399183521423623e+01 2.560870395483960138e+01 3.003067338232711236e+01 5.064977766635940526e+01 6.607270868298054722e+01 7.436090143746638148e+01 8.437833972977392705e+01 9.711183971152605920e+01 7.760920901283263618e+01 7.760920901283263618e+01 7.104979103101815952e+01 7.653544221310316686e+01 6.866561287540045555e+01 5.851481014447966800e+01 4.655688882891601565e+01 2.692219979190501888e+01 4.679627543826662617e+01 5.120291607830360192e+01 5.442456272869858935e+01 5.200155538291448210e+01 5.147027329628686232e+01 6.688407655212262171e+01 5.597527111966818580e+01 7.009929395850952005e+01 8.975895721691627216e+01 9.301511841761259802e+01 8.147749610155723587e+01 7.319841467621498055e+01 7.922154282357939792e+01 6.543979679575544139e+01
8.845047570523793812e-02 1.163545585949785632e+01 2.577759148322905958e+01 4.577759148322976301e+01 4.018899119063027570e+01 3.182383159916821924e+01 1.680349758071604782e+01 3.663325396803702461e+01 4.615032023094195779e+01 5.064977766635940526e+01 3.895749508981271703e+01 4.587932617259581747e+01 5.604474554333992842e+01 7.610067182262130814e+01 9.140586805580657881e+01 7.189444572179534987e+01 5.793095506738905698e+01 5.129807620850039029e+01 6.259763119189879177e+01 4.915038870514174363e+01 5.054988894958387391e+01 3.068797173264838207e+01 4.669539115331626533e+01 2.917777717961234174e+01 4.903367670857240768e+01 5.944614734026590241e+01 7.172798366075683418e+01 7.121148347456174577e+01 7.121148347455047656e+01 7.009929395850952005e+01 7.009929395850952005e+01 8.975895721691627216e+01 9.404070320496325053e+01 8.401985409629313040e+01 7.570257412147137188e+01 6.894829156806213177e+01 5.712390578276399822e+01
8.023991185656004221e-02 2.008023991185620361e+01 3.428428702474803202e+01 2.600000743564030259e+01 2.778174889616889942e+01 1.226639895108000466e+01 3.182383159916821924e+01 4.502974233479073973e+01 5.400788075640154062e+01 6.555486550464695483e+01 5.934158117951903932e+01 6.607270868298054722e+01 7.436090143746638148e+01 8.437833972977392705e+01 9.353394573928544276e+01 7.403020610530107604e+01 7.654882775802575168e+01 5.686128325099589631e+01 4.280749012124530850e+01 3.766528704121266458e+01 3.459265591652165739e+01 5.047365706560891851e+01 5.710291820564421528e+01 4.903370951284401968e+01 3.145653249906630577e+01 5.129848739232632937e+01 6.920686734582523059e+01 7.730554505009772015e+01 9.075386283971633361e+01 8.975895721691627216e+01 8.975895721691627216e+01 9.783470542970640338e+01 8.570768646993091977e+01 6.569746177301196610e+01 5.580291915242399625e+01 4.874563668908638903e+01 4.337529014217242462e+01
4.598823041778624804e-02 2.004598823041743216e+01 2.350971598778797755e+01 6.000007351416814849e+00 7.781748964166303573e+00 9.951053542352847003e+00 2.995105345845706069e+01 2.572363942071383036e+01 3.727064480374621525e+01 5.727064334629349673e+01 6.053767823814178684e+01 6.882191740099850108e+01 6.394513665393417767e+01 7.222937277075375562e+01 8.222935263221199875e+01 9.353394573928544276e+01 7.470499962290438134e+01 5.513980985386569245e+01 4.367005854904765982e+01 5.750870301004609786e+01 4.123078681408385648e+01 6.103256029001093452e+01 6.710008840313527401e+01 4.714626022953527951e+01 3.308273634630198501e+01 5.291501102495589492e+01 4.949719714617975086e+01 6.920686821601132976e+01 8.027641532250994771e+01 9.421886469369677286e+01 9.799930040689747557e+01 1.036854182095038652e+02 9.404070320496325053e+01 8.401985409629313040e+01 6.695016596308833812e+01 6.686292795717101001e+01 5.343860330621959065e+01
7.340434288523949025e-02 1.788390194310326420e+00 3.509716125958063593e+00 1.765185173337072300e+01 2.778174885620242307e+01 2.995105346439385130e+01 1.307452878012494146e+01 3.307452868510218025e+01 4.469213063660860286e+01 4.514168049509368075e+01 4.053767972525736241e+01 5.325468788142325138e+01 4.394513834513724504e+01 5.394513834480175518e+01 6.808727388692528848e+01 8.808726261958415193e+01 8.276045810599178765e+01 6.805454712142710605e+01 4.836420527554670201e+01 6.802753149124581000e+01 4.875715451359458541e+01 6.846626265089619778e+01 6.720332785512434270e+01 4.719626850761736847e+01 5.291502254339958000e+01 3.545492662882429613e+01 5.491763760613312684e+01 5.159901363603260904e+01 6.481099471186689698e+01 8.550203795408191354e+01 7.871809116820901409e+01 8.436542660474408706e+01 9.847796721268649378e+01 9.973932924048614268e+01 8.960785031826817715e+01 8.191968165498404630e+01 7.359843215634603553e+01
3.515918393995972474e-02 2.003514704708997840e+01 2.350969593222150422e+01 3.179385690473762338e+01 4.593502433194174017e+01 3.307452868510194577e+01 3.307452868510218025e+01 1.640786211345821854e+01 3.640786199943087098e+01 2.514167254696092613e+01 2.899067434155836409e+01 3.325468866867042550e+01 4.739682428645548384e+01 6.739682161892611134e+01 7.755425497563963688e+01 8.755423054935432958e+01 8.394027876886281092e+01 6.448581177484773264e+01 5.411156205633180605e+01 7.371471612322010003e+01 5.869132215041697265e+01 7.650624803373727900e+01 7.537673591047186505e+01 6.695153412162322581e+01 5.772027033460428669e+01 3.889182757726512563e+01 3.825106992150923446e+01 5.822892225424904211e+01 6.784632377178716922e+01 6.835379543457737839e+01 6.499644384701920785e+01 8.372631731964384016e+01 8.001191190034226963e+01 9.847796721268649378e+01 9.201350188002938069e+01 8.200449899057296932e+01 7.372856754043588978e+01
4.608085242692564615e-02 6.076307743982224174e+00 1.240086306431903829e+01 3.240087083011788138e+01 5.137613027863460502e+01 5.307452754412275908e+01 4.469213063660860286e+01 3.054999773642751038e+01 1.988941523257211585e+01 3.988940252651763529e+01 4.899066908874694093e+01 5.325468788142325138e+01 4.219896057866903760e+01 4.927002839053258754e+01 5.927002839032898152e+01 7.927002398467828925e+01 9.202493161434402680e+01 7.987423347542804208e+01 6.039612935512123926e+01 7.987423347542804208e+01 7.258410248280054589e+01 8.624955440969108622e+01 8.626230370730252162e+01 7.486206141117625634e+01 6.203155649220699530e+01 4.241921318239808159e+01 4.061153222338562330e+01 4.408534853607495307e+01 4.827778774970021658e+01 5.264638139575398412e+01 5.828497839658790269e+01 6.447888195985660786e+01 7.814018750352836662e+01 9.721242768288662717e+01 8.375336846504394828e+01 6.370376661582780287e+01 5.370181638068300600e+01
1.610643649003322755e-02 2.001610643648967880e+01 3.240087085966501945e+01 2.309131274096832698e+01 3.723344855372979367e+01 5.723351517678525369e+01 5.883426353678965626e+01 4.817368337332486306e+01 3.403155085529267154e+01 2.488941523257202704e+01 4.488941504807085892e+01 5.861699212678916382e+01 6.219895915452645596e+01 6.927002618750357499e+01 7.755425497585589767e+01 8.755423054997139332e+01 9.563817170711050153e+01 7.633136920492357547e+01 7.172223100215528291e+01 8.792739484321600685e+01 9.189865230785896699e+01 9.194949143437317218e+01 7.834518383268915898e+01 5.898745971561567814e+01 4.764067242465455365e+01 6.205397029275066245e+01 6.037232134488570523e+01 4.399873676183160853e+01 6.372694634110891343e+01 7.211540630975615329e+01 7.768244405287565257e+01 8.372631731964384016e+01 8.372631731964384016e+01 1.028484030408802283e+02 9.201350188002938069e+01 8.200449899057296932e+01 7.372856754043588978e+01
2.022278438842990689e-02 2.002022278438807490e+01 3.835069312478086800e+01 4.309133244344001668e+01 4.309133244344001668e+01 6.309156262072674082e+01 6.590956034641581596e+01 6.231581589135706167e+01 5.317368252885660951e+01 3.903155085473989772e+01 3.033272577209010379e+01 5.033272551859680988e+01 6.234458420729198025e+01 6.837479682392165614e+01 7.544583874307933513e+01 8.372978637242709965e+01 9.527651877661389790e+01 9.563817170711050153e+01 9.101007594563225211e+01 9.910730413318798071e+01 9.626544844650445043e+01 8.405443115066748305e+01 6.487626875040329821e+01 5.361849299653360390e+01 6.716899660370177116e+01 7.512739537475412988e+01 6.650772459572154105e+01 4.681174689636942787e+01 5.081758685179596569e+01 5.578383908203957020e+01 6.128554694752278209e+01 8.076273235614880264e+01 9.739100469338170285e+01 1.084919099093206682e+02 9.603228264219056598e+01 8.121569169234399510e+01 6.118659828741970585e+01
6.642187732006160639e-02 1.006642187731997495e+01 2.420855750105067372e+01 4.420855750104995963e+01 4.929433861543289908e+01 5.431807954777185188e+01 4.583252666820541776e+01 6.003348762019724205e+01 6.731581420297345630e+01 5.860886628205584969e+01 3.927699758827859711e+01 3.699939243875534345e+01 4.234461727699811462e+01 4.837484416849381574e+01 5.544591197871662303e+01 6.699291619075943061e+01 8.699274568577087052e+01 8.620247535063670341e+01 9.454867841759362079e+01 1.016996334122928829e+02 8.288050107565929636e+01 6.942740346400124452e+01 6.081758007849492742e+01 7.298191392711530057e+01 7.298191392706799263e+01 8.057611705551850889e+01 6.111541407075755217e+01 4.968174340893215657e+01 6.934027282692210292e+01 6.969785828732258892e+01 8.076273235614880264e+01 7.009759647808091643e+01 8.130035644726979172e+01 1.004430448054078653e+02 8.777811181971050303e+01 6.774538338127300108e+01 5.772748524512656587e+01
1.591255364720534082e-02 2.001591255364684940e+01 2.719813896261949893e+01 3.104668451827627607e+01 2.926667338368054061e+01 3.426945542239229781e+01 3.167071446236024457e+01 4.583252666820541776e+01 6.590956034641581596e+01 6.754833001143819615e+01 5.082398410598180050e+01 4.854639767021786412e+01 6.234458420729198025e+01 6.837479682392165614e+01 7.544583874307933513e+01 8.372978637242709965e+01 8.289667502280802580e+01 6.600721561989637109e+01 8.289667502280802580e+01 9.544200645798397886e+01 9.626544844650445043e+01 8.609816585110515064e+01 6.735542597954341204e+01 8.609816585110515064e+01 9.207499274372634090e+01 8.857581989779616549e+01 7.232538188382061151e+01 5.271293140305144220e+01 7.232538188382061151e+01 8.528895950631822132e+01 9.703270893569320776e+01 8.378108509560057371e+01 8.587306979400599971e+01 1.050440408451346599e+02 9.603228264219056598e+01 8.603135349912271579e+01 7.776174760049168810e+01
6.189296070378335485e-02 3.634095993589960827e+00 7.243061109820670751e+00 1.105834086049069676e+01 1.512610917537011801e+01 2.012186474572506256e+01 2.906610374601327962e+01 4.062143750076327109e+01 6.068617877404187055e+01 7.908642194256394475e+01 7.081943241717878834e+01 6.854631379599958052e+01 7.683017873386378938e+01 7.072587273514068329e+01 7.072587273514068329e+01 7.916449288349112123e+01 7.454273670873934066e+01 5.429681157372072420e+01 6.689049628449808438e+01 8.563454904405169543e+01 1.022866256084744379e+02 8.559328691405680445e+01 7.820512752274585466e+01 9.392548411235797801e+01 9.531577138343855893e+01 7.593966095687709128e+01 6.206069580277795694e+01 7.231790408280770066e+01 5.784165477078688156e+01 7.171174576635829112e+01 9.091591006452780732e+01 1.029345617651858618e+02 1.050440408451346599e+02 1.018389837758736576e+02 9.193388959375836578e+01 8.374252971969212922e+01 7.801205736287288062e+01
2.247884206357958492e-02 2.002247884206322581e+01 2.232911170279756874e+01 3.104668451827627607e+01 2.926667338368054061e+01 3.145692109188039254e+01 4.034347115638122716e+01 5.742105771473481468e+01 6.901108123688453588e+01 7.150789666090921060e+01 6.316934608605711787e+01 7.150789666090921060e+01 6.483606827974116982e+01 5.050764367599125393e+01 5.050764367599125393e+01 7.072587273514068329e+01 6.689049628449784279e+01 4.661569252641479011e+01 5.666386751840048674e+01 7.619455500928552283e+01 8.884521418241025970e+01 9.900716471286645515e+01 9.688025672068816618e+01 1.047709258741101621e+02 9.532471354237718231e+01 7.593977395829868726e+01 7.626188363137856641e+01 8.034481595773810625e+01 6.173398906956185783e+01 8.111599211194305781e+01 9.684022562208646434e+01 1.048028056237879895e+02 1.076949813696720639e+02 8.785003640106374689e+01 7.382256134717296447e+01 6.389159487173738228e+01 5.813454957080985963e+01
