LEM/with_lateral_4open/elevation_000107.asc
nrows	100
cellsize	150.0
xllcorner	0
ncols	100
yllcorner	0
NODATA_value	-9999
[rows 34 to 50 of 100, columns 37 to 73 of 100]
6.015923506272476118e+01 5.535737506905761762e+01 5.109030255856477254e+01 4.810485184891264510e+01 4.957881197624315206e+01 5.273589315583232917e+01 7.236445539467061394e+01 7.241785213828043766e+01 8.891764940298995157e+01 1.003019535283261234e+02 1.009660740672087371e+02 9.266586503587808465e+01 8.510042011950845620e+01 7.067389296890969774e+01 5.103365795395706783e+01 4.626119414938906971e+01 4.341036183114503189e+01 5.192816809231941733e+01 7.299807910378277143e+01 6.801633494317847806e+01 6.801633494317847806e+01 5.283476684633396303e+01 5.897795631980267927e+01 6.559672005281589691e+01 7.477427711868794802e+01 8.678049397091042749e+01 1.069378232555739174e+02 1.118781787472710363e+02 1.007602931525426726e+02 8.317042733087109241e+01 1.007602873594159689e+02 9.653789626960161740e+01 7.899653710535686457e+01 5.882648666293873418e+01 7.183891466630181810e+01 7.183891466630181810e+01 7.760225706783860744e+01
7.398157856695860346e+01 7.452365126094676384e+01 7.306558897701229682e+01 6.765390404172593719e+01 5.234054572610324385e+01 7.193086574417277745e+01 5.748365154984717407e+01 6.107432961614640732e+01 7.241785214225348000e+01 9.204934227731857277e+01 1.063973559318256150e+02 1.008571110031650022e+02 8.083808170405887950e+01 7.272620217538273835e+01 5.303365179171195365e+01 6.475585913423053341e+01 4.528914363795553299e+01 5.715964340796879384e+01 7.627648596675453518e+01 8.791734666632760309e+01 7.253613990070462592e+01 6.412018343625663874e+01 5.895628833304022010e+01 7.875480057611584073e+01 9.245711856139914175e+01 1.028767441341539950e+02 1.150775780193202849e+02 1.037858945259912247e+02 8.464503202154709527e+01 7.346901634296435191e+01 8.411894174314551265e+01 8.049912727059168560e+01 7.637868251567527977e+01 7.174196108217992673e+01 5.171078785942709288e+01 6.559601404883818532e+01 5.751921685150786345e+01
9.372048293451786094e+01 9.157794678315406145e+01 7.643182062883536787e+01 5.681121882234385367e+01 7.193109937977652635e+01 8.012179603195265543e+01 6.883071535430666188e+01 8.071507496465486042e+01 6.715785484031106023e+01 7.845807259591383342e+01 9.811576820904180352e+01 9.498628199753443369e+01 7.497770525933030683e+01 6.096811600387374597e+01 6.688926513145645458e+01 6.671703554702013150e+01 4.720359905923695010e+01 6.671703554702013150e+01 8.472489889732321444e+01 1.007875790641833760e+02 9.232561343025722067e+01 8.403255022828436438e+01 6.773263033583604908e+01 6.662155270309195032e+01 7.766182081838998386e+01 9.700368102730448072e+01 1.160996134972223643e+02 1.049762612977723251e+02 8.911560480716504173e+01 6.976361211940380258e+01 6.462564407211566220e+01 6.091201428713762311e+01 5.736246421244071314e+01 5.395646585743985213e+01 6.459720699056254034e+01 4.549891710699125014e+01 4.332413967802063581e+01
8.483257554144334733e+01 7.355176830318444559e+01 6.374837246468806029e+01 7.643182075938874220e+01 6.317653779944902936e+01 8.279779827770919098e+01 8.268255587934243067e+01 9.499119127418644837e+01 7.845807259591383342e+01 7.484943586527279535e+01 9.445715889510991303e+01 9.238425373221879511e+01 7.238569714651531228e+01 8.083808170405887950e+01 8.681781474954760824e+01 6.871465612243983401e+01 4.914207483595401271e+01 6.871465612243983401e+01 8.194114625509851635e+01 8.950055007769472581e+01 9.780016136313814457e+01 9.583441881211169289e+01 7.918864503191271353e+01 7.365416415977448139e+01 8.886826138685832177e+01 1.042825515377750065e+02 1.079760441818926893e+02 8.885307637930456792e+01 7.778090119982856265e+01 8.911560480716504173e+01 7.848628373693816229e+01 8.044733121629921868e+01 7.577391797941399432e+01 6.933540233860199464e+01 4.920095924287595324e+01 6.559600981574038769e+01 6.289004635652106856e+01
8.275789665549254437e+01 7.299332297590630958e+01 8.336862898990780479e+01 8.755322862253062510e+01 6.794608701556467167e+01 8.755322862253062510e+01 1.024254154068802336e+02 1.063973535979009029e+02 9.811576818262780364e+01 8.072735814708138946e+01 1.003837792830636033e+02 1.006819069468888443e+02 8.390910981315808215e+01 9.439721524191260471e+01 8.286657824116234394e+01 7.098346351296392243e+01 5.133504490588024538e+01 5.553514517356730806e+01 6.203060967428538675e+01 6.950029600820722919e+01 8.950055813610840971e+01 1.073183039952087228e+02 9.915342318221703977e+01 8.384128964260189321e+01 9.185050159875081022e+01 1.130762711945066741e+02 1.104914928154724265e+02 9.132027341440685575e+01 9.132027341440685575e+01 1.049762612977723251e+02 9.771738122246684100e+01 8.189960347093833093e+01 6.179545583479433191e+01 5.574019259341050514e+01 7.019933753239894259e+01 7.649689756945875274e+01 6.302894264325165352e+01
1.008702801648883423e+02 8.682355515927017109e+01 1.008702801648883423e+02 9.279160049405919608e+01 7.319140768628530225e+01 8.699675160100770199e+01 1.067816032835667244e+02 1.118616425161633146e+02 9.198133021191388536e+01 9.454795081374466292e+01 1.086804095809160486e+02 1.122534252810062299e+02 1.039615156263850366e+02 8.610079477066793174e+01 6.615303818081768839e+01 5.482565758856340921e+01 5.666749862118012970e+01 7.530430307863645112e+01 6.601787186605423585e+01 8.596820435233462376e+01 8.581989853434829740e+01 1.058776152808165989e+02 1.122462081355367758e+02 1.039504114285690122e+02 1.122406475289742929e+02 1.218992484174349045e+02 1.186322491811376949e+02 1.104914928154724265e+02 1.104914928154724265e+02 1.057198688921475025e+02 8.547803955850667990e+01 7.123906448016931847e+01 6.873124087574556995e+01 7.578438326377613521e+01 8.613777564744093240e+01 8.043858061652628066e+01 6.034634977065798012e+01
1.065400927924039394e+02 1.066185919420050396e+02 1.067816032835667244e+02 8.699675160100770199e+01 8.699675160100770199e+01 8.699675160100770199e+01 1.067816032835667244e+02 1.201998089865616777e+02 1.033666851617564930e+02 1.144726310805572211e+02 1.022253190564269829e+02 9.393331502266600808e+01 8.790486176716328259e+01 7.839600527721995604e+01 5.854625692684210492e+01 7.458395213378877031e+01 6.231078903579594908e+01 8.241069619442602345e+01 8.596820435233462376e+01 8.009862562883523651e+01 1.001386209120234696e+02 1.141655047312796540e+02 1.189688063464935084e+02 1.204909973857911893e+02 1.262497680056897025e+02 1.153578746110135427e+02 1.071994799219449845e+02 1.153578746110135427e+02 1.185286729170832700e+02 9.827617550631848076e+01 8.396742452402301637e+01 9.140673410670920873e+01 8.022686593951347334e+01 9.750652463849694129e+01 9.542020148884235198e+01 7.552410511524752224e+01 6.130661418451654754e+01
9.503775142991332814e+01 1.055546302352727110e+02 1.150852575889369405e+02 1.067816032835667244e+02 1.067816032835667244e+02 1.067816032835667244e+02 1.150852575889369405e+02 1.318106592325060547e+02 1.234655187033989279e+02 1.081014128112450123e+02 8.806485275857714612e+01 7.393931653490366784e+01 6.794205609681316105e+01 6.245792261738417750e+01 7.839600461029699829e+01 8.668321420315290027e+01 6.935084408691336932e+01 8.241069619442602345e+01 1.026158781575784644e+02 1.001386209120234696e+02 1.084303295966967653e+02 1.131697959615351010e+02 9.922453565541876230e+01 1.007554451692341786e+02 1.065358545830026031e+02 1.054632098208399356e+02 8.737153632821515714e+01 1.054632098208399356e+02 1.146091249664899436e+02 1.125806124803205961e+02 1.042079946619685131e+02 1.095805818278143988e+02 1.009698977675469109e+02 1.028566018340516734e+02 9.465194253252934686e+01 8.764595041553346277e+01 7.383640451119995873e+01
7.739196828751012447e+01 9.729989280945471819e+01 9.721456757316870778e+01 9.721456757316870778e+01 1.054618474254504008e+02 1.171769471029964080e+02 1.089343169059907837e+02 1.171769471029964080e+02 1.207780504376377877e+02 1.007349604101906237e+02 8.656935005021449570e+01 9.393331399778072921e+01 8.736110329639019767e+01 6.739829021525818575e+01 6.871405700206624090e+01 8.007804277868419263e+01 8.972655179203772491e+01 8.117277826495255511e+01 9.593859511932505768e+01 1.166610984243647522e+02 1.139264073189360857e+02 1.032680958816211358e+02 8.516355887440477090e+01 8.670330849924296501e+01 1.065358545830025889e+02 9.728550812508011347e+01 7.739950191832296866e+01 8.661599326852751801e+01 1.064453237256435330e+02 1.046240832520857253e+02 9.634994580529463803e+01 1.046240832520857253e+02 1.060728847768727690e+02 8.629123253936020888e+01 7.483600439306013641e+01 6.779647267487325735e+01 6.143963480459489546e+01
8.104514050391959756e+01 9.138417534906349715e+01 7.730650327267657929e+01 7.730650327267657929e+01 9.721456757316870778e+01 1.049206831534277455e+02 8.899044857027182331e+01 1.072115149777992968e+02 1.161256532281189493e+02 1.148919491050935733e+02 1.066050220515928970e+02 1.069178086452656515e+02 8.683525053525038118e+01 7.271138885682711361e+01 7.368237110759852726e+01 9.360243254881859798e+01 9.863072974853896824e+01 9.665967271506752923e+01 1.104936288545035694e+02 1.147887867923963796e+02 1.057613595839927427e+02 8.592920240357527462e+01 7.519349430309112847e+01 9.508552876282828947e+01 1.051658415426836513e+02 9.025474320532218542e+01 7.036635308476421358e+01 9.025474320532218542e+01 1.092870784280991217e+02 9.465007375095713371e+01 7.641332423661762618e+01 9.465007375095713371e+01 1.142850161275424057e+02 1.028566018340516734e+02 9.465194253252934686e+01 8.136899441300350588e+01 8.136899441300350588e+01
7.118590506857144362e+01 7.377002731101981681e+01 6.326613637291698211e+01 8.313744030599295343e+01 9.907736667948486797e+01 8.498944214754538962e+01 7.903525870858220514e+01 8.793705239453450417e+01 1.020467890153334451e+02 1.219697238481067814e+02 1.133054597148325513e+02 9.318240889265227622e+01 8.163157446031236475e+01 9.271817466990036394e+01 7.900003308637387534e+01 9.892860626425660087e+01 1.168485058481312109e+02 1.194184995345953553e+02 1.147887867923963796e+02 9.501159399436119202e+01 9.864077649245218993e+01 8.956847105376060370e+01 6.968362912989132951e+01 7.712221388527838428e+01 9.114402771398098935e+01 8.493934736206314540e+01 6.507151135391424646e+01 8.493934736206314540e+01 8.948400038946060420e+01 8.638163502095611079e+01 6.648228511217047298e+01 8.638163502095611079e+01 9.828009232500427572e+01 1.074455445524835966e+02 9.917738585423121833e+01 1.011832255012807735e+02 9.622338410812395182e+01
5.134143210513530420e+01 5.392100816974715372e+01 5.681114065718640660e+01 7.666600028938408684e+01 8.400385753736627237e+01 7.093377083364082125e+01 9.082716748070495782e+01 1.072115149777992968e+02 1.161256532281189493e+02 1.261164667494949043e+02 1.216836740217945305e+02 1.100476703328381518e+02 9.057126639782566713e+01 1.059819617963336356e+02 8.603236609511533572e+01 9.308572635856859279e+01 1.130345661758856011e+02 1.189039200662373048e+02 9.916631033432270215e+01 8.767978390075063544e+01 7.875241135060477404e+01 7.300271283750613804e+01 6.788063367906468670e+01 6.308191372967883126e+01 7.844317628734802383e+01 7.548482613272285846e+01 6.027049341402332772e+01 6.962554693948366946e+01 8.948400038946058999e+01 7.974851838469417942e+01 5.987195874420329744e+01 7.010228538535540110e+01 9.001049633326915966e+01 9.593835456536807271e+01 7.925880071078671563e+01 9.026952377495935309e+01 9.853211351613093427e+01
6.759273200329950271e+01 7.377002731101960364e+01 7.666618296903352814e+01 6.103826448797384785e+01 6.413534719221139824e+01 6.909018415884126796e+01 8.897508199687459296e+01 1.028013471387399136e+02 1.098555068582512746e+02 1.062009395187898804e+02 1.261164667494949043e+02 1.190545824609964143e+02 1.021555782822560445e+02 1.142115929745296938e+02 9.494189586936012404e+01 1.130345661758856011e+02 1.212438974927324722e+02 1.270473913656719986e+02 1.156649876983392602e+02 1.068152892199019135e+02 9.864077649245218993e+01 8.709134706917603808e+01 8.776217165123469499e+01 7.262571919970754664e+01 5.859796014638179429e+01 5.563297713196831751e+01 5.559006381423238707e+01 7.544191578186909908e+01 9.104944502454827671e+01 7.375551016190965470e+01 5.386666363212507491e+01 7.375551016190965470e+01 8.867898029965006401e+01 8.705049789085759926e+01 6.783248395678526776e+01 7.040801381143903370e+01 8.529696807087616151e+01
5.766328720580279565e+01 7.752217680079758111e+01 8.914767258034717656e+01 8.090091621757693474e+01 7.222864743526538689e+01 8.897508199687459296e+01 7.686831273957592714e+01 8.285856508249746355e+01 8.990333016529329768e+01 1.040208948291960667e+02 1.239415063499814380e+02 1.307123009951078245e+02 1.223257349645549823e+02 1.231272898400903131e+02 1.090822581552801580e+02 1.231277015499054670e+02 1.215673708792009649e+02 1.132267155912072099e+02 1.110766946557281187e+02 1.027476226360895595e+02 1.110766946557281187e+02 1.069216216061288804e+02 1.006752672199060470e+02 8.665049320980669734e+01 7.844317628734802383e+01 7.138970236775980993e+01 5.151079411923653595e+01 6.299646790606526991e+01 8.285453301172150020e+01 6.893175633755672038e+01 4.899490135040779393e+01 6.052411911273527778e+01 8.041680237246636409e+01 7.880247565100856377e+01 5.900983562866213816e+01 5.900983562866214527e+01 6.546695848649672200e+01
7.752217680079758111e+01 7.021127294220505632e+01 9.010248202241469073e+01 1.003790802823257451e+02 8.628944902213564205e+01 9.212755083062904760e+01 9.678837210634094390e+01 1.028013471387399136e+02 1.098555068582512746e+02 1.095226470737825508e+02 1.177526373709722662e+02 1.145355651735531382e+02 1.242015454452334069e+02 1.371952797979896559e+02 1.256453412609450879e+02 1.172337140060132157e+02 1.099263434452891062e+02 9.305279358437626058e+01 1.010280030195200283e+02 8.265470266366671126e+01 1.010280030195200283e+02 9.306308600416284094e+01 9.006742414697734489e+01 8.745603545826689640e+01 8.315269864103248665e+01 6.329252268355397604e+01 4.920243814221897338e+01 6.910943354594147081e+01 8.291537812163247168e+01 6.468085035018589224e+01 4.467407833501890480e+01 5.884978515176852198e+01 7.875949642563804787e+01 8.291852154180989487e+01 6.310204364230318674e+01 4.902347377994676947e+01 5.142511378958328550e+01
8.414430293034122599e+01 9.010248202241454862e+01 9.010248202241466231e+01 1.100196253109426010e+02 1.062219753952086165e+02 1.120549960447156366e+02 1.069729141389984051e+02 9.871463598305227549e+01 1.062321413825708589e+02 8.953338981879359437e+01 9.884358960789251114e+01 9.309177186453780450e+01 1.143359908161308596e+02 1.310028365212111794e+02 1.172337140060132157e+02 9.679779141178063639e+01 1.015792962899528789e+02 8.143210482855189980e+01 8.994730987629799301e+01 7.265895122973667242e+01 8.198815002024146281e+01 7.304105181418081827e+01 7.007663397784753556e+01 6.748858855781040234e+01 7.082583224826885271e+01 6.688376379840293851e+01 4.694274514565874057e+01 6.376949989959197751e+01 7.183277443866425926e+01 5.491681375141917698e+01 4.066179367705991154e+01 6.042095404445819895e+01 7.139761309360029884e+01 8.041801201371161767e+01 6.377246925841888014e+01 4.358525662485425300e+01 6.377246925837108904e+01
9.251306450361700229e+01 9.583160454328373135e+01 8.757870163344145453e+01 9.583160454413018670e+01 1.064063403440120936e+02 9.779121906368527561e+01 9.548760659267016138e+01 7.883972927204403902e+01 9.548760197569097841e+01 7.802221063473936624e+01 7.852737995981769359e+01 9.060642476317939042e+01 1.100216903615504833e+02 1.125371754071213388e+02 1.189919518445146593e+02 9.716647546779478262e+01 8.244302226086857388e+01 7.485589015583950356e+01 6.987910781697925700e+01 6.591929382489630029e+01 6.204362127605438815e+01 5.898949552888258552e+01 5.602766145400901365e+01 5.342839468577754047e+01 5.090154823960955355e+01 6.732703713720711391e+01 6.376949959468208817e+01 4.377037359296038233e+01 6.070861973621949659e+01 5.700534202234980796e+01 3.689561075306691862e+01 4.714274882855432480e+01 5.340542164834516825e+01 6.605557170107796594e+01 6.020384052185647761e+01 3.966168273682568923e+01 6.020384052185647761e+01
