LEM/with_lateral_4open/elevation_000371.asc
nrows	100
cellsize	150.0
xllcorner	0
ncols	100
yllcorner	0
NODATA_value	-9999
[rows 0 to 16 of 100, columns 37 to 73 of 100]
8.884754177262699226e-02 6.929726548558100274e-02 7.395023591448830758e-02 4.828361932999872264e-02 4.897713358561925356e-02 8.568734790590110117e-02 1.075183056328203948e-02 6.823539046102447547e-02 7.194897206013613211e-02 1.557559815681563986e-02 7.704183385687686514e-02 1.685416958384493638e-02 9.680445094065920353e-02 7.639902522890137937e-02 4.559330980047965332e-02 5.839666421669215124e-02 9.739037529851846120e-02 3.670263267501718690e-02 2.041064012308905357e-02 6.895211126444661387e-02 9.031524355919069713e-02 1.560024811392830661e-02 7.641644294168103979e-02 3.888124420523987601e-02 6.873285589001959517e-02 4.772367030474261584e-02 9.504926490987847254e-02 5.760415539182907330e-02 9.666222459857021221e-02 9.627991409191682948e-02 1.286757495974483190e-02 9.381044340810595905e-02 7.584058927755046864e-02 1.435327048224320848e-02 5.777975670406795827e-02 2.716720951219454838e-02 4.735230246529398453e-03
2.944266878833445844e+00 2.006929726548522552e+01 2.007395023591413263e+01 7.607573079514575731e+00 2.004897713358526445e+01 2.008481360900822921e+01 1.155845557405571178e+01 1.979299662074764043e+01 6.975602191736925972e-01 2.001544661328292563e+01 2.006770095572292334e+01 1.415898979331491958e+01 9.041076360939895196e+00 1.421853464895997732e+01 2.004559330980012533e+01 3.980719366980380869e+00 2.009739037529816486e+01 1.417883825640609174e+01 1.416254626385391369e+01 1.421108773499552136e+01 1.423245086729026632e+01 2.001560024811357152e+01 1.966238807987819026e+00 2.003888124402627113e+01 1.161573823968243424e+01 2.004772367013091028e+01 2.009504926490952315e+01 7.128671967257274034e+00 4.360676551710797710e+00 2.009627991409156067e+01 2.001286757495939028e+01 7.164878255273611884e+00 2.007584058927719539e+01 1.415648889421306755e+01 2.005777975670371305e+01 2.001040249930071369e+01 1.100728478948912459e+00
2.289814547741518425e+01 3.117290926883381275e+01 3.589184433099145366e+01 1.760757307951475426e+01 3.589184433080349379e+01 3.968771916272266509e+01 3.145621829556200666e+01 2.129892385511830710e+01 1.323477763565973353e+00 2.053127933160112661e+01 3.521733604376956350e+01 3.415898979331701923e+01 1.904107636094007105e+01 3.421853464896068431e+01 2.798117154393999328e+01 7.980719366980404850e+00 2.798117154393999328e+01 3.417883825640679873e+01 3.416254626385320137e+01 3.421108773499622657e+01 3.423245086729097153e+01 2.386456101507129191e+01 3.864554799492820880e+00 2.386456101505889649e+01 3.161573823936991801e+01 3.990000898762237114e+01 3.468796142689466677e+01 1.468796142744175270e+01 8.725034356430683147e+00 2.872503435652550152e+01 3.544914950290525013e+01 1.610915016527292565e+01 3.544914950272730181e+01 3.415648889421235879e+01 2.265747016633484989e+01 2.657726367271961543e+00 2.110176182453956883e+01
2.992345868535642950e+01 4.335637624618119190e+01 4.589184433884464198e+01 3.760757307951931239e+01 4.589184434116950229e+01 4.043639690558784139e+01 2.758809221182857385e+01 2.195430283475004885e+01 1.950316909039370827e+00 8.187053002087170128e+00 2.780786405840110831e+01 4.732535082777382485e+01 3.318321198469037370e+01 4.212431254838547545e+01 2.212289072534363399e+01 1.692499155627783480e+01 1.582536484582354319e+01 2.996767226249178862e+01 4.997282097599141792e+01 4.887552237276707245e+01 2.887546426953151979e+01 1.473332760737918434e+01 5.789055696791581163e+00 1.993119170267797458e+01 3.993122409525085459e+01 4.733707206662652567e+01 2.733707206811504520e+01 3.331334903374361289e+01 1.331334903384195911e+01 3.331334903399345393e+01 4.439342141313716894e+01 3.025128578900412890e+01 4.439342141321568391e+01 3.790341923917900147e+01 1.790424233662394116e+01 3.762041628020428963e+00 1.789631989635315534e+01
1.552731753154365180e+01 2.598516462017382267e+01 4.343308305504574918e+01 5.345828626074676038e+01 4.111749715879525979e+01 3.072200678007414609e+01 1.460690287742264104e+01 2.840746445544672483e+00 2.194021675703533703e+01 2.751258713197604067e+01 2.778582330694605673e+01 4.845732412050784887e+01 5.318321212604085702e+01 5.041282348546427983e+01 4.212431254838547545e+01 2.692499978180202902e+01 3.582704466203047389e+01 2.525346147204195901e+01 4.525855025813188348e+01 5.473347324688823079e+01 3.473334566384423994e+01 2.778907028886659702e+01 7.789055696791589156e+00 2.193119189511357447e+01 4.193124184221565542e+01 5.562134261617274689e+01 4.147920769184549528e+01 3.886035099630937140e+01 1.886035099609434695e+01 2.964328065239735466e+01 4.964328065307715576e+01 5.025128578900495313e+01 5.586903277658368694e+01 3.902073527714119194e+01 1.901715290902831157e+01 4.874871396169748294e+00 2.472721629364016138e+01
1.979194062891036054e+01 3.949365748564563461e+01 4.615564111124290747e+01 4.535579769457034160e+01 2.161705840508503229e+01 1.092912281938198582e+01 3.740591351775004458e+00 2.268507109332120208e+01 9.912875513256150128e+00 2.989150582182443827e+01 4.347413915381875427e+01 4.977888174662564325e+01 5.680671099108934641e+01 6.493842940747225612e+01 5.522864878261820820e+01 4.106758610952540067e+01 3.939659198530122808e+01 3.939631281106773741e+01 5.356103060967011942e+01 6.129033747450173308e+01 4.402256996918869447e+01 2.397436337722059463e+01 9.830297149110920785e+00 2.137730260184964237e+01 3.551944224357892210e+01 5.551958685144055039e+01 6.147920768676522840e+01 4.489057788795987136e+01 2.489057788764972656e+01 4.489057788794060855e+01 5.792755204927863844e+01 5.761123407489994008e+01 3.762395815886139872e+01 2.762724429301234252e+01 2.599789485252176036e+01 5.995068160387831746e+00 1.023629832265877226e+01
2.426845471814524302e+01 4.158830963339352849e+01 6.240546315005731515e+01 5.250764206304249626e+01 4.040245277405886526e+01 2.440062106705170919e+01 4.379798253375993156e+00 2.434948258636072893e+01 2.988532221295799474e+01 1.775868448817474388e+01 2.353267752998496576e+01 2.985724793396891386e+01 3.692686290808221372e+01 4.844921070076092207e+01 6.820613886931103309e+01 6.108123255627909032e+01 5.094701727717121287e+01 5.941124340868572773e+01 5.694423726933144536e+01 4.710071366727979125e+01 3.310218411549787021e+01 3.190852783899168088e+01 1.193848225588982181e+01 3.193972105334228928e+01 4.018235551276251982e+01 4.847639273568647411e+01 6.003141839384215928e+01 5.196164570002043348e+01 3.196164569951532641e+01 5.196164570001280936e+01 6.196497349800150545e+01 5.367427704426063428e+01 3.762466382798194786e+01 1.763075080554952478e+01 7.626168689869865958e+00 2.599865785960105313e+01 3.014057910636861948e+01
2.910430787017633136e+01 4.286916401274963562e+01 6.264922769865067664e+01 4.789632510172968693e+01 3.147743425197338496e+01 2.470532288124497811e+01 5.019992120125348123e+00 1.916468258303428129e+01 3.912486400927471664e+01 3.488368310461168420e+01 3.885625186806941400e+01 4.715505970321594731e+01 5.680671099108849376e+01 6.493842940747225612e+01 7.627853497273872563e+01 7.939075146836526642e+01 7.101428679728752513e+01 6.272870548241732536e+01 4.304757974341974602e+01 2.895851337710218587e+01 1.896051640409829986e+01 1.597909243409863045e+01 3.193972125625490932e+01 1.658838780564240878e+01 2.018049384617732045e+01 3.172751896764238566e+01 5.173187806469628214e+01 6.024591724574943896e+01 4.350865108330825137e+01 6.024591724574943896e+01 5.367427704426120982e+01 3.366339117951596904e+01 3.952438548380121830e+01 2.879212237859673351e+01 8.794669812352804428e+00 2.879226226181658177e+01 4.038633173538458720e+01
3.498399391952468562e+01 4.673572284878613203e+01 6.122392714313429707e+01 3.657680246091865683e+01 2.003083540162675291e+01 1.154708640309779710e+01 5.661512532735326175e+00 2.566299695756713817e+01 2.954400012348956039e+01 1.526492940995559700e+01 1.899501862085385895e+01 3.885626630392859937e+01 4.991729888427840223e+01 5.569615902716447664e+01 6.202201421622726940e+01 7.027811139329500634e+01 6.935394065307063727e+01 4.936172019880877571e+01 3.522142875717344879e+01 2.367456160972172796e+01 3.895897603673847698e+01 3.012338647995177254e+01 4.427426243692542585e+01 2.553266024455560412e+01 4.018235595504626900e+01 2.595399653847235655e+01 3.750104139681241833e+01 5.750714178777463559e+01 5.765078670703969976e+01 6.135174340876181986e+01 4.123539533096650445e+01 2.707900793739385747e+01 1.952244550359383979e+01 2.991275149839621861e+01 9.969583409294088483e+00 1.547208186654399142e+01 2.105323672935617552e+01
5.484064834986992309e+01 6.275253590477218069e+01 6.984677427432569630e+01 5.058935271499314723e+01 3.941373539556487060e+01 3.069324971144739678e+01 2.566986586562094530e+01 6.574938135242706316e+00 1.015850972205775804e+01 2.954563878393268794e+01 3.885626630333472775e+01 2.515267434407764924e+01 2.986283797651880789e+01 3.567010767423616358e+01 4.200917273193932999e+01 5.616207812967827095e+01 7.616649467284925379e+01 5.874709049258872540e+01 3.875689617373743800e+01 2.721009550881055716e+01 4.720574922764769354e+01 5.020392329576377222e+01 5.383178495701808686e+01 3.707972360732281203e+01 5.042950424225222861e+01 3.042613249487088822e+01 5.042950424225222861e+01 6.580995020721739763e+01 7.765078671113882081e+01 6.371587862461084484e+01 4.344766991777534315e+01 4.711739913942671620e+01 3.167654927480019467e+01 1.168497175196348259e+01 2.996523402701665617e+01 2.589046734231128255e+01 4.039143563319620966e+01
7.374083857502496642e+01 6.865667192936089691e+01 6.036109051614189269e+01 6.036109051484077526e+01 5.619670081036920095e+01 4.647373896719313535e+01 2.656580529027625204e+01 2.654328655474259335e+01 7.505092773959496810e+00 2.164983307804795842e+01 4.170192768737602051e+01 4.519164831450967057e+01 4.991667964150030912e+01 4.624231056940139695e+01 6.202201421622726940e+01 5.616044894443615476e+01 7.612884781156974157e+01 6.700999786506817202e+01 5.547567214387926526e+01 4.720574734318479670e+01 3.286694909316505431e+01 5.286050267039298944e+01 6.538899771626773827e+01 5.708612283431390466e+01 5.528129635353389659e+01 3.527684500518115840e+01 4.941951221523986248e+01 6.943289511990685980e+01 7.727050690707149272e+01 7.211111866485831001e+01 5.664049583802133014e+01 3.495367719340695345e+01 2.298377064401651282e+01 1.293041145107712531e+01 3.292119748122625822e+01 4.562902360234499355e+01 5.394755500202060006e+01
7.606191240092576322e+01 6.036109051617967225e+01 4.039384894937176540e+01 4.039384894937175829e+01 3.623594091267175799e+01 3.824173305765344821e+01 3.466644679206041246e+01 2.816633242852860874e+01 8.163942816766246224e+00 2.816905793737867114e+01 3.940921187472656584e+01 4.793926688061438313e+01 5.699974042598018542e+01 6.626912169618225334e+01 7.454147485961070174e+01 7.608288232963954556e+01 8.428143400646968075e+01 7.056521146818305112e+01 5.058522601848674327e+01 3.903907320174978679e+01 5.286050184868702217e+01 6.112625570561056776e+01 7.382021050032727771e+01 5.380504750568056949e+01 4.380488044731880848e+01 5.528129635353389659e+01 6.358207496892771360e+01 7.135514558685510167e+01 5.719358148305348521e+01 6.563656582644586024e+01 6.391756970473902300e+01 4.833491432192648318e+01 2.832245671246023022e+01 1.418856598744203978e+01 3.417995945656807777e+01 3.932174527442622036e+01 4.465044749656584600e+01
6.776003373777066940e+01 4.777099657429903345e+01 3.626487945472734964e+01 2.629378701497543602e+01 2.212810542427389748e+01 1.828166685135666114e+01 1.469036756249393960e+01 2.807276074330290072e+01 8.823942964058298699e+00 1.344901967988461244e+01 1.901808090075577695e+01 2.834910589764592004e+01 4.284399527279787634e+01 6.285132721700145453e+01 7.025000538068795208e+01 7.866968150403937443e+01 8.775532994573305245e+01 7.881663617056570104e+01 6.387750057297698447e+01 4.388976029006108348e+01 5.802869122314098149e+01 7.799777542908559269e+01 7.382021050032727771e+01 7.211914778449350649e+01 5.380504750568056949e+01 7.211914778449350649e+01 7.724627806227844928e+01 6.307397679437176663e+01 4.300312659627319078e+01 4.466925554802840281e+01 5.337395305229723874e+01 4.622725186422814403e+01 3.575996197377117625e+01 1.576603033665747589e+01 1.719737066605962994e+01 1.936314047336210820e+01 2.490789634627923732e+01
5.229272511519021549e+01 4.232843287517064823e+01 3.479851890345676679e+01 4.624211860266307639e+01 4.208230578468924676e+01 3.210807280010526199e+01 2.977047888396086961e+01 9.765201957447084524e+00 2.882741354806803713e+01 3.294139529781782016e+01 3.940927029872765530e+01 4.793926688061438313e+01 5.700173161674273814e+01 6.705916132598463264e+01 5.026446141834704662e+01 5.876116643816740037e+01 7.455573555983310996e+01 8.383268214372189675e+01 6.387750057297698447e+01 5.096060190044362770e+01 6.021402063199503374e+01 8.017811699326829000e+01 9.387468453296786208e+01 8.213546182345483260e+01 7.382021050032727771e+01 8.213546182345484681e+01 6.895117166366969741e+01 4.894471744026658655e+01 5.038005655353001089e+01 3.034180722769485783e+01 3.581596650639546198e+01 3.800549538591576493e+01 1.801861105838514732e+01 3.575758450373479036e+01 3.131876373296828220e+01 3.932177739585429777e+01 2.276638650018878351e+01
7.060885174122347507e+01 6.229976424371001542e+01 4.889365175925497908e+01 6.300135137238466854e+01 5.890674365541192969e+01 4.303602408974258964e+01 3.044909362447542733e+01 1.044412628613170391e+01 3.044072228507059563e+01 4.149626987145620660e+01 5.230634266271128041e+01 5.363490602692669995e+01 5.883505703218144589e+01 5.131107141952507078e+01 3.914602533131722595e+01 4.635572984363806626e+01 5.767167035144014164e+01 7.782905208345758297e+01 7.919350266238404856e+01 5.990342551384462411e+01 7.919350266238404856e+01 8.842001716024668667e+01 7.969259809916555071e+01 7.138517031805862700e+01 7.969164073231667089e+01 7.221288750300995218e+01 6.928175377965794723e+01 5.261597019377398965e+01 3.261879087064105676e+01 2.367163334929812635e+01 2.197540333478350760e+01 2.030982099348117487e+01 3.800820203661891128e+01 4.628734012293431732e+01 5.125888365086813536e+01 4.514912518493255078e+01 2.521010774033390334e+01
6.609726804282229295e+01 7.438363442698020833e+01 6.889294969914742239e+01 5.632065688012835381e+01 4.745222373212249067e+01 3.314452924739654094e+01 1.145836303928889421e+01 2.636242090648421055e+01 1.349578208495284137e+01 3.329354563286683799e+01 3.339626306548009893e+01 2.058671133148824595e+01 4.451022620349313996e+01 3.195044499287141093e+01 5.131107141952507078e+01 6.619118231431927768e+01 7.455573555983310996e+01 8.620401751039993599e+01 8.811468679330512543e+01 7.403329410016637269e+01 8.811468679330512543e+01 9.038958774311248590e+01 7.138516503813197289e+01 5.147540513987834032e+01 6.325703928288388767e+01 5.227995892469000694e+01 4.933718626023073028e+01 4.622272833553822835e+01 2.622328255562266364e+01 4.367295973042122625e+01 3.633430705723265675e+01 4.031482937266402189e+01 3.185741916623837966e+01 5.185453914448417123e+01 5.012865102494029657e+01 3.021214581792533593e+01 4.514952641226938823e+01
4.605182765623176522e+01 6.281722251853251748e+01 5.752885003000159969e+01 4.766829383624925498e+01 2.744201410463525193e+01 2.827982607805000015e+01 1.217697457740772471e+01 3.195214645789130259e+01 3.328555527882814147e+01 1.661870220738073201e+01 1.894175979973426394e+01 2.146533821395564701e+01 2.563849674904522402e+01 4.501335493961060763e+01 5.958616003570695341e+01 7.122682781072694524e+01 7.342041942087918471e+01 8.173188809479887595e+01 8.996919343669361524e+01 9.396914930874127947e+01 9.365437928843667237e+01 7.358124978812611516e+01 6.208468509416974968e+01 6.325701261994995406e+01 4.335433853824398653e+01 3.820074433958582460e+01 4.933717050770334112e+01 2.938828823239661858e+01 2.934945828695257575e+01 4.934136864467948413e+01 5.755493420758649137e+01 6.014659722302373268e+01 4.599741788836153233e+01 6.014705806619205219e+01 5.376149442609391826e+01 3.386343327518604696e+01 5.376152935277224287e+01
