LEM/with_lateral_4open/elevation_000243.asc
nrows	100
cellsize	150.0
xllcorner	0
ncols	100
yllcorner	0
NODATA_value	-9999
[rows 0 to 16 of 100, columns 0 to 36 of 100]
8.271705653423140625e-02 2.127631151761726416e-02 9.425194436011796739e-02 4.939197167322698090e-02 3.975871534419905817e-02 6.171646774684565184e-02 1.696294146011132625e-02 1.936121709489252440e-02 4.216450047424835645e-02 2.297044857093000214e-02 6.704298068806634203e-02 4.162315340452049650e-02 3.835349583220235004e-02 2.777463300387698203e-02 2.207885817162396139e-02 7.161913568127860341e-02 9.025521335945362045e-02 3.502399586135773735e-02 8.040414306008919487e-02 3.131346976591601466e-02 7.604099264847130613e-02 2.387740603804927586e-02 5.687112022313325910e-02 4.074439634684711570e-02 8.709178300582484655e-02 7.612946965408906586e-02 1.077918208624280109e-02 9.929772718869623455e-03 4.600412614040166881e-02 2.152795518990661267e-02 2.378824418737431057e-02 9.511189423522797837e-02 9.406546861214974686e-02 1.749038473908382007e-03 2.223905489293687143e-03 6.269637160239108220e-02 9.476101746191394060e-02
7.813061968023242432e-02 2.002127631151726206e+01 2.009425194435976181e+01 1.419152759540430253e+01 1.003975871534428599e+01 2.006171646774648920e+01 2.001696294145975585e+01 2.001936121709453786e+01 4.124647405112860987e+00 2.002297044857057529e+01 2.006704259125165990e+01 2.004162315340416356e+01 2.101195988349793264e+00 2.002777463300352068e+01 2.002207885817126964e+01 1.007161913568119083e+01 2.009025521335909659e+01 2.003502399586100324e+01 6.110631034615387591e+00 2.003131346976556060e+01 2.007604099264388253e+01 1.157088278983032659e+01 2.005687112014786777e+01 1.061365126636649281e+00 2.008709178300546938e+01 1.978907168052803911e+01 1.420301372194118628e+01 2.000992977271851458e+01 8.210973141409473541e+00 2.002152795518955131e+01 2.002378824418702052e+01 2.009511189423487210e+01 3.217540706384264482e+00 2.000174903847355168e+01 1.414435952922036854e+01 2.006269637160203700e+01 2.981512363410036670e+00
2.526786264046545702e-02 1.416740348637129010e+01 3.416740348637058133e+01 3.419152759540500597e+01 2.418189433907548747e+01 3.832402996280517726e+01 3.044920272544920792e+01 1.044920272544956497e+01 2.412464740511321537e+01 2.412464740511250483e+01 3.572520861382155744e+01 1.572229544406887847e+01 4.175099377810745693e+00 2.417652172381712816e+01 3.835587532502312058e+01 2.421375475932671151e+01 3.765763455125456005e+01 1.765763641839673781e+01 1.765763641841087050e+01 3.439490972275466873e+01 3.985507635852383146e+01 3.157088260973332794e+01 2.208497197783783861e+01 2.083317447131123767e+00 2.208497197784377875e+01 3.183404822036474613e+01 3.472080216764879879e+01 3.650730065825543136e+01 1.975829930424190906e+01 3.645376691610310615e+01 2.784939971694892336e+01 7.931585914185632191e+00 1.476453942330018698e+01 3.150132720207996329e+01 3.414435952922107020e+01 2.589881217491866394e+01 5.898812193367914958e+00
4.163169627051844027e-03 1.414629879335787699e+01 3.414629879335716822e+01 4.297346774444869055e+01 4.418189433907619446e+01 4.677913434400308290e+01 2.677913434400379700e+01 1.561318052039274207e+01 3.561318052039202797e+01 4.412464740511179428e+01 4.401153826319458062e+01 2.630943778917891862e+01 6.307106541368996844e+00 2.045001040592571684e+01 4.045534817320714183e+01 4.421375476439022378e+01 4.594182012352064959e+01 2.920464180189154391e+01 3.765763744171280791e+01 4.594199936289916764e+01 5.014382841668762580e+01 4.157046091369703333e+01 2.663964489541271874e+01 6.797638236591681427e+00 3.569909303468458361e+00 2.389820973978707386e+01 4.319328739623852442e+01 4.806240233276163565e+01 3.976795313252866748e+01 3.285417410854105924e+01 1.285524554988212742e+01 2.793108812689415998e+01 3.476418815833187637e+01 4.304800275608789661e+01 4.305606167985681054e+01 2.305606126298876291e+01 8.913925639145524826e+00
5.883922493566802470e-02 7.129907036801173881e+00 1.468919649698578489e+01 2.623620188077850557e+01 4.623620188077921256e+01 5.506340559146469360e+01 3.561318052039203508e+01 2.317246998057715501e+01 2.975531614412344439e+01 4.975531614412273029e+01 4.004367208097195885e+01 2.003679848535275099e+01 8.489285443758836536e+00 2.849269822754628478e+01 3.702924294659715088e+01 4.237605695793266136e+01 5.066293027833087592e+01 4.920463772274970182e+01 5.748876565989090892e+01 5.331828878248251868e+01 3.417217969050552284e+01 2.279272742215680836e+01 1.386894833809982508e+01 2.454140936457462274e+01 4.625476425521204860e+00 1.462793457761390137e+01 2.878066048892076267e+01 4.892969411943244751e+01 4.550162833792394679e+01 2.550424735402982179e+01 3.285417410854105924e+01 1.851209968249280635e+01 3.265388303336126086e+01 5.264998544976047157e+01 4.305661659912774297e+01 2.305606529463117127e+01 2.891272097842288247e+01
1.256007409845548775e-02 2.001256007409810067e+01 3.468919649698649010e+01 4.297346774444869055e+01 5.452047312824140590e+01 6.389745176785292813e+01 5.145674122803804806e+01 3.211674189057599449e+01 4.975531614412273029e+01 5.803958739158434099e+01 4.833264788688830293e+01 3.365954515178342632e+01 1.365326762526761328e+01 1.202481938967537722e+01 1.702482512781103452e+01 2.237010616483037850e+01 4.237605879094275707e+01 5.961072299948926911e+01 7.116210115956157267e+01 6.116265339878192719e+01 4.339144934675461940e+01 2.384653359639137804e+01 3.362038723374065796e+01 2.568996986311113773e+01 5.689989102219736417e+00 1.724006674785653104e+01 3.137691717106692124e+01 5.129306442607897765e+01 5.378302011940389349e+01 3.964541071914275960e+01 4.277421545267988989e+01 2.277611370266298607e+01 3.691774542999171871e+01 5.691298480908509561e+01 5.134462321511630734e+01 4.305646246421548540e+01 3.722826295386455797e+01
9.594114293757748102e-02 1.009594114293766509e+01 2.423807676666886834e+01 4.423807676666957178e+01 5.784500917763392636e+01 6.612251163931149733e+01 6.040101313803688754e+01 4.625887751430644812e+01 6.040101313803688754e+01 6.045991354214708480e+01 4.187105606637174304e+01 2.181906238832262801e+01 3.365954515227954147e+01 3.202814014939507103e+01 1.619510915469227896e+01 3.619854252939278183e+01 3.131546952608994516e+01 4.286711884145488938e+01 6.287693788555890251e+01 5.696622745760326723e+01 3.776861677485464241e+01 3.776861648465042975e+01 4.125919909513670802e+01 2.094687848769273941e+01 6.762149172871255942e+00 2.632054476325498626e+01 2.485338067953730246e+01 3.921753816009097449e+01 5.991176737226570737e+01 5.963978833686323355e+01 4.793753320940331264e+01 2.794008952643636690e+01 3.910511922319766853e+01 5.909982149104551752e+01 6.616096817659767737e+01 5.611457956331076957e+01 4.101009346719015269e+01
7.711341127313005306e-02 2.007711341127277649e+01 3.838021239039856169e+01 4.371661777938123805e+01 3.786444644770955392e+01 5.784500917763392636e+01 6.464328448739279054e+01 6.625887751430502703e+01 6.638305161497558515e+01 4.605921366523576665e+01 3.183007933382776855e+01 4.187105606617467402e+01 5.020620665668506888e+01 3.921372916263474195e+01 1.921022595837915503e+01 3.921372916263474195e+01 5.132426347400975430e+01 4.546373129366866550e+01 6.547283974651328720e+01 6.484028527087278349e+01 5.696621367356506482e+01 5.696606102614342859e+01 4.081592133183198712e+01 2.883905073724108803e+01 9.344742430411747236e+00 8.440754775174779567e+00 2.303990394957810750e+01 4.525263392235974891e+01 5.129780134573251615e+01 5.959307571167022388e+01 5.396666291805331639e+01 3.397030186207651070e+01 4.793753320940331264e+01 6.738061895782098532e+01 5.787209050117123610e+01 3.786996266184006288e+01 2.786996211823697323e+01
2.297228869525369793e-03 1.414443285260060001e+01 3.414443285260130523e+01 2.372989220435207613e+01 4.371661777938123805e+01 4.485714827855420594e+01 4.485714827855420594e+01 6.175934432147613506e+01 7.275328605825720274e+01 6.045991354214708480e+01 4.345427169565176939e+01 5.596538733165097312e+01 3.601097323971499264e+01 2.446255239605989473e+01 2.553493534179124325e+01 3.921372916262056663e+01 5.921585953047062389e+01 6.547283974651328720e+01 7.375771470530997931e+01 6.231858813061705860e+01 5.248591821790691370e+01 4.435172552465377294e+01 3.300122379633012315e+01 1.309307855742620852e+01 2.927174761456974750e+01 9.640579463642126257e+00 2.895612515718909563e+01 3.747048661673441927e+01 3.174302728588094169e+01 5.129780134573251615e+01 6.063155159901113223e+01 4.063688555613767051e+01 6.063155159901113223e+01 7.621118787922755189e+01 6.616953290079420924e+01 5.390058734285687336e+01 3.390018900998991569e+01
9.647730019007895452e-02 2.009647730018972211e+01 2.616692440469894976e+01 1.617150322916262084e+01 3.550451241602907260e+01 2.496189614685567193e+01 3.389000775302336166e+01 4.534719267304619450e+01 6.449345865724782811e+01 7.279474633665554961e+01 6.426585344304623959e+01 6.377011913140676569e+01 4.846631484079723862e+01 2.846269878841548362e+01 4.553983337800666931e+01 3.553695061828545221e+01 4.708900913475058303e+01 6.709069465994538461e+01 6.803103224528400972e+01 4.846513500404587660e+01 3.450759784083199833e+01 2.454012400101048641e+01 1.698061898745731924e+01 3.300122425778324242e+01 3.791327034245151140e+01 2.963979564583206283e+01 1.135010542870145756e+01 1.831562391188871430e+01 3.174302512226832107e+01 5.129762132837144151e+01 6.891186768409129115e+01 6.063155159901113223e+01 5.477661858943407225e+01 7.476661027751795530e+01 6.804363536893096409e+01 4.804234550071573295e+01 4.544719673305657182e+01
3.582433992925927735e-02 3.085795746450696431e+00 6.171862742623397402e+00 9.763968668457543743e+00 1.553743327432523635e+01 3.550451241602907260e+01 4.771104317537491113e+01 5.436428640742696672e+01 6.261551255160045315e+01 7.258279833182136542e+01 7.414694602268926360e+01 5.415960946553992983e+01 4.260894693446287107e+01 3.305147549987005817e+01 5.305556852221339170e+01 4.708900913475058303e+01 6.382392973862163643e+01 7.536931713249032327e+01 7.366976408180438796e+01 5.410113240303753201e+01 5.238862899660937700e+01 3.982429372703521153e+01 1.996364678294177253e+01 3.982416679063930331e+01 5.132054902399556795e+01 3.134968966316772310e+01 3.134809680481911442e+01 1.309879574668976865e+01 3.309670447950353633e+01 4.759342007136481101e+01 5.587303054889616760e+01 6.480356242717326154e+01 7.476661027751795530e+01 8.304711677874858822e+01 7.633326663771514120e+01 6.804363533044036672e+01 6.544813111334011069e+01
1.813270376062421294e-02 2.001813270376026921e+01 2.616200681368851022e+01 2.975427785743510967e+01 1.662381599019615663e+01 2.196876099062777143e+01 2.774125900442648174e+01 3.440455671127089232e+01 4.439105687094759389e+01 6.433751594390635375e+01 8.241737680874408056e+01 6.460175347741979124e+01 4.460317450141496920e+01 3.908337229520503797e+01 5.908684138313479650e+01 6.709069465994538461e+01 7.536931713249062170e+01 7.518682961095650796e+01 6.540863428786722977e+01 5.410113240303753201e+01 3.441075266592829962e+01 2.443700656276505256e+01 3.982429372703521153e+01 4.796872506330978325e+01 4.902498380893452889e+01 2.905090433567022146e+01 1.490393269805763232e+01 3.309628214594446405e+01 2.095048098303097461e+01 2.761953082794012815e+01 3.655808849452399301e+01 5.067409733395030713e+01 7.063603195653462308e+01 8.455001565341187586e+01 9.279078909785903306e+01 7.911664288169053805e+01 6.795512583077305635e+01
2.372884694381488524e-02 1.157073423073643248e+01 3.157073423073678953e+01 4.489965072167986193e+01 3.661706447365693151e+01 4.194626304199704947e+01 4.771104317537491113e+01 5.436428640742696672e+01 6.261551255160045315e+01 7.258279833182136542e+01 8.091497098847740688e+01 6.093544150591409192e+01 6.460175347741979124e+01 4.664690335217266437e+01 5.908684138313480361e+01 7.906990128908660154e+01 8.085969722796876624e+01 6.133837864394102724e+01 4.752991672806455625e+01 3.765228325192259717e+01 2.951583708387667215e+01 3.850008371241928273e+01 5.238862899660937700e+01 6.183231458762476507e+01 4.187228064830072327e+01 2.774260935892571922e+01 1.618843498272958215e+01 3.618538847936240188e+01 4.093545699022303808e+01 4.093545699022325124e+01 5.587303054889607523e+01 6.480356242717326154e+01 7.048989706325349403e+01 6.466600525463580595e+01 8.455001565341187586e+01 7.096412454424618943e+01 5.177661183766771558e+01
8.175220331382776484e-02 2.008175220331347077e+01 3.985500547819732731e+01 4.144636722320989008e+01 4.973063847067149368e+01 4.916027398675285554e+01 5.744454523421504888e+01 5.387431919466345676e+01 5.020425081321785399e+01 6.434638643694979976e+01 8.434638643695122084e+01 8.091497098847740688e+01 7.491759739252617578e+01 6.664566144745862175e+01 6.079391090972391964e+01 8.077303695928175387e+01 8.281025235151909669e+01 7.152642575944582859e+01 5.601754118604502963e+01 3.635885054512215220e+01 3.705245617282790249e+01 5.670123318875390339e+01 6.627717428079925810e+01 6.148445151043225110e+01 5.330984641212561570e+01 3.748303988120916586e+01 1.748656096285527894e+01 3.163343363593053326e+01 5.160523861310381477e+01 6.090668562123352103e+01 6.784394278163193803e+01 6.157131593878087727e+01 5.054734326333726102e+01 6.208485504831982382e+01 8.197139672330037286e+01 7.350962729387445904e+01 5.423810484321882797e+01
9.124702163186203252e-02 2.009124702163150644e+01 2.646939013656843898e+01 2.144636722321060063e+01 3.361326860295864805e+01 2.916027398675214855e+01 4.232731381087053535e+01 3.387431919466275332e+01 5.387431919466345676e+01 5.655326993772213484e+01 7.655326993772355593e+01 8.058831585779529405e+01 7.231946844648517470e+01 8.058831585779529405e+01 8.077303695928175387e+01 8.904128387533054934e+01 7.465842675808768547e+01 5.517063485489141783e+01 4.385609125654390539e+01 5.601754118604502963e+01 4.693649016079766056e+01 6.481799982316054809e+01 6.473464605910956493e+01 4.495297562141385583e+01 3.343561803855391901e+01 2.587530285579975597e+01 1.879591047405233795e+01 3.879182352084203700e+01 4.924530476362333786e+01 6.096566988873184556e+01 4.779805495496380274e+01 4.142520095221088638e+01 6.157131593878087727e+01 7.872839717624478340e+01 9.021069887167502088e+01 8.167018232093022334e+01 7.047098941179817189e+01
2.239863785106879432e-02 3.224961713952818165e+00 6.469390136568082816e+00 9.899361839418290288e+00 1.361326860295936036e+01 1.761326860295942964e+01 2.232731381086982836e+01 2.899398047753661345e+01 3.655326993772142430e+01 5.069540556145287269e+01 7.069540556145429377e+01 7.066707768951594915e+01 5.252681671156695842e+01 6.633888429244498752e+01 7.458454609205074348e+01 8.604124244364304275e+01 7.573581593042563043e+01 5.624247537268457364e+01 5.769506767858909058e+01 6.340714485686589796e+01 6.074933499462940034e+01 7.459568896066980415e+01 7.288948349564930140e+01 6.148445150753848765e+01 5.250271676697279588e+01 4.105346659173793711e+01 2.106412907305501392e+01 2.109643183310376457e+01 4.094220737309313307e+01 4.052179199638684537e+01 3.279768317946935952e+01 5.366935956449002276e+01 6.378381841137279196e+01 7.083157313155714974e+01 7.907617404655802318e+01 9.056083639718541178e+01 8.294866547675732704e+01
1.766589122093755945e-02 2.001766589122058093e+01 2.061152576029928696e+01 2.989936183941864556e+01 2.775540422669056184e+01 2.916027398675214855e+01 4.232731381087053535e+01 4.899398047753732044e+01 5.655326993772212774e+01 6.483754118518533005e+01 7.316379036115031909e+01 6.241431074779107746e+01 4.258892419460394763e+01 4.654548362847539522e+01 5.797818224423631506e+01 7.775981568377073927e+01 8.389140136351910826e+01 7.000162718139851847e+01 7.719731904998359084e+01 8.295124933619676710e+01 8.026727275542850748e+01 7.763184778217910775e+01 5.767681827362213198e+01 5.596193686921314736e+01 4.431964383235354177e+01 2.433519227147132824e+01 4.105573248125816832e+01 4.094320791244209801e+01 2.333656109641592380e+01 2.481825858776531035e+01 3.108330423390439634e+01 3.747971357688140159e+01 4.378884668815714321e+01 5.091755929295621996e+01 6.242927376999534772e+01 8.230932750965226319e+01 7.462729740925304611e+01
