LEM/with_lateral_4open/elevation_000562.asc
nrows	100
cellsize	150.0
xllcorner	0
ncols	100
yllcorner	0
NODATA_value	-9999
[rows 17 to 33 of 100, columns 37 to 73 of 100]
3.591457306231006896e+01 4.338956360994036743e+01 5.755545088349597194e+01 4.876922685384632672e+01 2.976533384581829367e+01 3.172701554912261557e+01 1.481202526431943589e+01 3.569391256614459706e+01 4.566663962814275379e+01 3.740989306420685523e+01 2.089460380936575490e+01 4.089078065811222018e+01 5.275776901828317733e+01 6.688908183846544375e+01 6.895250687194540262e+01 7.717716220486900625e+01 8.861862015628982192e+01 8.986309462835653505e+01 9.059444520825076097e+01 7.726096300736772093e+01 5.792117615129441788e+01 7.726096300736772093e+01 9.149437230446389435e+01 7.979058352790930542e+01 7.074214960100583482e+01 6.235691271804576985e+01 4.599655892038502003e+01 6.002918385141381208e+01 4.005668676158916242e+01 3.111020919935405615e+01 2.403971639451995657e+01 4.194134885994794359e+01 3.442677233043314544e+01 4.808441539852385915e+01 6.703424354212525316e+01 5.560515288579351534e+01 3.560345348246728037e+01
5.005580362829309138e+01 6.341058430348114427e+01 6.642868107038309233e+01 5.651422094090747095e+01 4.434332958424282367e+01 3.539236346399147237e+01 1.559222392300975102e+01 2.829787256240422977e+01 4.677242336309616633e+01 4.916739257619134662e+01 4.089078065811222018e+01 2.448711664258591014e+01 3.862645619810027142e+01 4.829461330672387476e+01 6.828081569870171563e+01 7.047452683418990205e+01 7.873997864389082224e+01 6.989428548761394211e+01 8.400532764777366879e+01 8.620513664997361047e+01 7.206269373823739954e+01 8.620513664997361047e+01 8.311627365650046784e+01 6.282606174459227333e+01 5.117692306135371183e+01 4.221008155116034999e+01 3.843052732376336422e+01 5.380742719781284222e+01 5.076574595669733014e+01 4.532098574496862398e+01 2.559668263943351363e+01 3.314624806883167452e+01 4.187141870458822979e+01 5.363469474837363293e+01 7.265365802208545176e+01 5.986981716809143705e+01 3.986676860805425804e+01
7.008797464088951301e+01 7.237154384558351694e+01 5.226754044101090813e+01 3.849221379672795962e+01 3.679183903146056167e+01 1.670478773088425228e+01 3.534541655076733946e+01 2.732001870507356500e+01 4.141535098099188872e+01 6.063170820568195296e+01 5.275776878401105563e+01 3.862645619809939745e+01 2.830089413218082228e+01 4.829461330672387476e+01 5.550413714077739513e+01 5.048423235039666679e+01 6.310214720184442427e+01 5.575604850102752152e+01 7.574301427271751663e+01 9.288783140594198073e+01 9.206292020416729827e+01 9.617542674997966401e+01 8.446634346339087074e+01 6.891216986658041321e+01 4.870751038683555834e+01 6.235691268853786795e+01 5.380742749353531451e+01 3.371763811053772031e+01 3.076954064645377684e+01 2.788320214699534105e+01 4.530203868480688101e+01 4.558582269927334352e+01 6.063466346276130992e+01 5.528119941825534767e+01 7.439480539587789565e+01 6.550857911361696040e+01 4.555980508548429952e+01
6.418827472937233836e+01 6.512334480198354925e+01 5.828282185354502332e+01 3.849669598511410129e+01 2.495735719319146284e+01 1.749340876775241327e+01 3.747597585283271826e+01 4.723876597251810949e+01 4.723876825766177490e+01 6.652410699322584264e+01 6.688907784211843932e+01 5.656950500410058424e+01 3.984470552829991874e+01 3.242531966844418889e+01 3.551011957751985904e+01 3.893886206954325502e+01 4.310821878252994566e+01 5.310725117044897559e+01 6.465325895569510806e+01 8.463146706044166478e+01 9.705788419906754427e+01 8.780387917839155421e+01 6.749414734208646394e+01 5.580988019298913372e+01 6.891216986658041321e+01 6.545394973864547694e+01 4.528158160744407468e+01 5.380742757394437348e+01 4.993711063321115518e+01 2.984415275225282826e+01 4.943345432378055904e+01 6.243279539323158644e+01 7.375729447490168411e+01 7.439480539587789565e+01 8.254655661889964335e+01 6.550857911361697461e+01 5.401742466743633742e+01
4.425436542792426309e+01 4.518725900311918053e+01 4.801748402938819993e+01 4.107184893143216442e+01 2.108944244020916869e+01 1.828790865167121993e+01 3.828677933287544732e+01 3.114004301513740813e+01 5.112800399715009547e+01 6.562907074780115124e+01 7.389037746892356040e+01 6.810791270179531409e+01 5.983740198623045359e+01 4.242252331141105515e+01 4.367306335206207279e+01 5.893312493279199771e+01 5.048423235039666679e+01 5.127229430838362845e+01 5.883127656167640396e+01 6.883080868631229521e+01 8.880457988982301742e+01 8.780387917839155421e+01 6.749414734208646394e+01 6.592123772023948902e+01 8.446634346339087074e+01 7.383747299725283142e+01 5.689655263225154158e+01 6.679989270092747233e+01 4.643825988946075967e+01 3.225138817477394326e+01 3.484298978105436362e+01 5.498647041512730027e+01 6.876584500021741064e+01 8.054806800908052367e+01 9.330261007045547217e+01 8.161640031374254534e+01 6.369994362988903447e+01
3.426808188676756828e+01 3.106664530357169696e+01 2.805169703476192922e+01 2.513319550853257667e+01 3.839120080738193508e+01 1.911848044845433492e+01 2.383604636175470759e+01 4.382944476585645788e+01 3.898112422667341548e+01 4.564339780861478602e+01 5.977834899355470810e+01 7.975396255657392430e+01 6.241546319172068280e+01 6.241546319172067570e+01 5.367202888796852278e+01 7.193557700100825514e+01 5.942777301659715761e+01 7.126353844476989252e+01 6.759848933184059661e+01 7.881769428806767053e+01 9.705788419906754427e+01 9.617542674997966401e+01 7.923484721128272668e+01 8.029838137169572576e+01 9.460899858601474932e+01 8.552497920372849194e+01 7.714357157765573447e+01 6.709285443145402894e+01 5.488585845313219380e+01 3.471247520561254873e+01 5.485387136199837244e+01 4.009489037345258566e+01 5.168763361674594847e+01 7.204094200650494884e+01 8.499564433841712230e+01 9.141523584914322953e+01 7.738681251895255286e+01
5.422132134627854327e+01 4.518725899583100869e+01 4.801748402938819993e+01 4.510529202340051569e+01 3.996318152402378843e+01 1.996441154135220941e+01 3.996176274923260507e+01 5.209025710063261272e+01 5.896717633139518000e+01 5.896717976807232020e+01 5.977834899355470810e+01 7.975396255657392430e+01 8.239104461481690578e+01 8.192424314245081973e+01 7.366071246570012931e+01 8.192424314245081973e+01 7.097216830910983276e+01 8.767139664956086165e+01 8.757113687954529269e+01 9.582596244346319736e+01 1.070205037979527276e+02 1.078626978210872238e+02 9.950939453130312984e+01 1.005667952434052808e+02 9.432283744394008806e+01 8.593422551542131771e+01 7.301952439245438597e+01 5.255072821729945076e+01 3.833269846636665079e+01 5.488584812604824492e+01 6.341030691183432566e+01 6.028995392877808257e+01 4.599748412717045198e+01 5.605646344439637829e+01 7.045131814475873000e+01 9.102716133531991716e+01 9.714093949999484323e+01
6.833781047842899170e+01 6.512333632095312907e+01 6.338730955469036843e+01 5.525611152568934870e+01 4.081100953624532934e+01 2.081323912029327872e+01 4.081095926294753440e+01 4.671169877172150109e+01 6.635585266617847822e+01 7.893795058016011978e+01 7.975396255657392430e+01 8.800240594429247665e+01 8.102814374837049627e+01 7.276162468283847318e+01 8.102814374837049627e+01 8.663910426341507787e+01 9.093993234863177122e+01 9.919216002411667432e+01 1.036085275997213415e+02 1.118529786950309557e+02 1.066720003457649000e+02 1.149168763962998412e+02 1.117799213045127686e+02 9.956789765010438487e+01 7.935183599181425507e+01 6.548049594360911385e+01 6.931820081121666988e+01 6.125014287713948846e+01 4.098114407557059025e+01 5.171428664810771636e+01 7.009604193619432522e+01 7.214365657568248480e+01 5.178685196758453202e+01 5.762792881383887789e+01 6.937307133639369283e+01 8.994680264445656803e+01 9.754090355205950402e+01
7.825964388026424956e+01 6.848643903452662585e+01 4.940230195313043993e+01 3.550543410025102986e+01 4.157437712699682208e+01 2.166485289541125780e+01 2.720446899443953370e+01 4.671205330456058391e+01 5.281351320731845789e+01 6.675434488446144599e+01 8.673720923923369241e+01 8.164256551856863098e+01 7.099566272412347701e+01 5.274087497248191170e+01 7.032006606638051949e+01 6.665244592555357883e+01 8.663910426341507787e+01 1.003490886811709260e+02 8.367431810397465597e+01 9.258186561766868294e+01 8.674554071762707963e+01 1.066720003457649000e+02 1.013629945401583825e+02 8.230369453989619899e+01 7.945166591674865231e+01 5.900749363942689030e+01 4.891370102952114962e+01 4.557311602534064576e+01 4.633525108248802127e+01 6.625762688061308836e+01 7.881711025820079897e+01 7.861394081391802047e+01 5.815310551240749959e+01 7.806855333551135345e+01 8.658630734043569532e+01 9.846168354764553499e+01 8.938335486536594487e+01
8.253720780574440141e+01 7.135406052804421506e+01 5.916648905917414680e+01 4.288200596993768698e+01 2.288742880289318293e+01 4.166176805344432665e+01 4.671205330346436568e+01 3.697838609087463624e+01 5.065685904140983808e+01 7.042126881641962655e+01 7.916685747229104209e+01 6.761581466560714659e+01 5.349245413765610380e+01 4.276167930323543942e+01 5.029486057957360146e+01 6.446418239772529546e+01 8.445741983892702365e+01 9.142837319228327431e+01 7.213929084819267246e+01 7.262270416533843331e+01 8.674554071762707963e+01 1.066720003457649000e+02 9.273332985207260037e+01 7.187405922771979760e+01 6.164442470704539545e+01 5.449270966910090408e+01 6.931820463938626631e+01 6.591745406622234782e+01 5.305039426054855056e+01 6.293673313861000196e+01 8.361241760478820595e+01 8.713859514713908538e+01 6.990673204386240513e+01 7.257789292554015503e+01 9.318624948917329220e+01 1.008508019127483379e+02 9.094977643416831370e+01
6.253646270921830563e+01 6.291849605902692133e+01 4.268596413288762648e+01 3.130001707539997824e+01 2.375760090761732357e+01 4.375064128268110153e+01 5.326447717599530307e+01 5.644572059341223991e+01 6.467619230790705842e+01 6.482411269699065315e+01 7.090029491402447093e+01 5.089694495526789098e+01 3.940453221385761395e+01 5.935142722115246983e+01 4.649548106158201932e+01 6.653324419583712768e+01 7.325281069900141517e+01 7.631436498902998267e+01 6.317676349048125672e+01 8.317302667784220205e+01 1.008312085569634604e+02 1.119860987617028201e+02 1.013629945401583825e+02 9.093708147545993370e+01 8.001394654596471412e+01 5.938873151878905787e+01 8.001394654596471412e+01 8.087196041195930718e+01 6.022169982398272481e+01 8.087196041195930718e+01 9.224569813144185559e+01 9.902682215189841486e+01 9.050820918986873664e+01 9.318624948917329220e+01 1.016992973687379163e+02 9.268057979923490564e+01 7.284647288632965001e+01
4.840506395412240437e+01 6.645345057823030288e+01 5.906029315461599793e+01 5.084570357609910474e+01 4.375009759986839697e+01 2.499954594823585552e+01 4.499042159514947059e+01 5.463387776277201624e+01 5.888763713712410919e+01 4.481594551007349025e+01 5.177221254377790416e+01 5.394721863856607769e+01 3.715348326886058317e+01 5.708036217441545546e+01 4.908051614755497383e+01 5.024326684499526863e+01 5.310365994765322029e+01 5.623841094335521973e+01 6.047482635787475402e+01 8.048724213962901786e+01 9.505585490495045065e+01 9.207129802142519281e+01 1.119860987617028201e+02 9.709006531330547318e+01 7.617617642973129932e+01 6.550716178760599462e+01 8.627598121759288574e+01 8.087196041195930718e+01 7.475864831294451562e+01 8.951700633486638026e+01 9.705900312042393807e+01 8.890989512172399145e+01 9.705876459723104688e+01 9.432343599038627247e+01 1.024626307376642274e+02 1.008508019127483379e+02 9.094977643416831370e+01
3.841303531247498881e+01 5.482814653900398127e+01 5.238619632293202244e+01 5.050842428986736365e+01 4.644878949336592200e+01 2.650810535912556531e+01 2.653222895646073098e+01 4.643143115886493888e+01 4.909713033065016674e+01 3.073084501734005158e+01 3.184447184899868688e+01 3.402386472125105144e+01 5.394645958752738579e+01 5.785613829352777060e+01 7.561317301473428643e+01 6.453808023187518472e+01 6.218718679528677029e+01 7.631436498902998267e+01 8.048724213962901786e+01 6.683055531079143918e+01 7.577417037792666576e+01 9.572573204740925235e+01 1.119864091596726468e+02 1.057368578660295668e+02 9.325114261338630683e+01 7.232565842600598671e+01 9.325114261338630683e+01 1.017626155534224921e+02 9.563080139242028110e+01 9.858309576833168819e+01 8.716607671154902448e+01 6.907793179820848195e+01 8.716594918516480561e+01 7.453549811153500571e+01 8.699329204143981542e+01 9.514868365624585067e+01 1.023778608563976320e+02
5.486906705204942369e+01 3.487844808491941961e+01 3.243620400710772600e+01 3.053050010513336687e+01 2.865829917659347004e+01 4.645500573442686942e+01 4.647476726877898301e+01 2.807303598749828666e+01 2.916539025529792539e+01 4.905942970741916298e+01 5.176877175034459810e+01 3.368752283796928992e+01 4.926014702047166338e+01 5.486097855237686360e+01 7.455828822904055642e+01 8.456316058232286537e+01 7.636097789182744577e+01 8.220508849046831301e+01 9.505585490495045065e+01 7.837299612241243096e+01 7.625733600223320252e+01 8.380688432669495569e+01 9.533073578279392279e+01 1.152345929183859852e+02 1.019225197629383501e+02 8.271395724728914445e+01 1.019225197629383501e+02 1.153052977648298167e+02 1.039535566950379319e+02 9.043673287804905669e+01 7.061718424816361050e+01 5.908644352256640531e+01 7.253507521253204970e+01 6.302113374353825037e+01 6.714722484312763129e+01 8.699329219860280205e+01 9.488452156068198917e+01
5.093748779703190621e+01 3.690622231837620859e+01 5.242311884422571922e+01 4.466386494190118128e+01 4.865417504210380883e+01 3.240269008618286506e+01 5.238353112057562555e+01 4.752620621707305304e+01 3.801345064824014486e+01 5.537072656758157763e+01 6.182916546810086089e+01 5.360971469419750690e+01 3.554493093623548106e+01 5.546172823877359548e+01 7.288020546569644864e+01 8.114977692966752443e+01 9.631401955771555379e+01 1.021456006153686360e+02 1.065653249550833834e+02 9.831888909337139637e+01 9.620791603918155488e+01 1.037430956432400961e+02 1.119864091596726468e+02 1.234771240542106341e+02 1.124280314432662209e+02 1.037883279794834692e+02 1.124280314432662209e+02 1.071840180293063440e+02 8.749932445164418482e+01 7.604452794021578654e+01 6.850835466031374210e+01 7.253507152357757093e+01 5.256241383335495954e+01 5.299166160223045807e+01 7.296000106458193102e+01 8.888682282016949898e+01 8.347312017842475029e+01
5.419118940363564008e+01 4.019213480111757519e+01 5.999544088120028817e+01 6.464271925192927881e+01 5.507411211718017086e+01 3.509820287263320182e+01 5.507411211718017086e+01 6.518735077637269626e+01 5.206287330140821723e+01 6.567027596196842865e+01 7.207171254275330341e+01 5.678306258884374813e+01 3.686834214487281258e+01 5.678356206598523670e+01 5.288516079899207512e+01 7.288020529642318479e+01 8.900037967348190193e+01 8.761535433494734093e+01 9.586300486602539195e+01 1.045512615649245873e+02 9.629460779254657155e+01 9.629460779254605995e+01 1.045512615631226652e+02 1.160619147072263075e+02 1.225285550016038485e+02 1.113034701978283749e+02 1.032889068786117406e+02 1.058195861657543730e+02 1.039535566950379319e+02 9.581905489332774550e+01 8.834498650840650669e+01 8.072401069617642122e+01 6.664545851073705762e+01 4.651586226805388691e+01 6.081666450011216085e+01 7.089912930064890872e+01 7.531065406200940515e+01
6.343667700228622408e+01 4.366828052317902831e+01 6.343667700228622408e+01 6.936302032677869533e+01 4.940481952248080688e+01 3.787071138998383191e+01 5.162943165084676167e+01 6.920421200191782418e+01 7.340334030317505665e+01 7.799202214070669470e+01 5.798505251273834915e+01 4.387563038333536269e+01 5.678356206598523670e+01 3.882174866494771237e+01 5.874156877145238553e+01 6.074008807057382597e+01 7.348624688314053799e+01 6.763377895237545090e+01 8.761535433494734093e+01 9.302999662835213712e+01 7.633004127916831294e+01 7.633004127916831294e+01 8.786668789982283556e+01 1.078073604670664309e+02 1.145669245795220661e+02 9.503282491288442202e+01 8.362500208702618920e+01 8.618515416584273225e+01 9.839820621154835578e+01 9.032309762889782689e+01 8.791553474707795601e+01 7.974210237401720747e+01 6.333617321890783813e+01 4.300230359334468488e+01 5.873145525896394048e+01 5.075343563075640674e+01 5.926150207001238357e+01
