LEM/with_lateral_4open/elevation_000477.asc
nrows	100
cellsize	150.0
xllcorner	0
ncols	100
yllcorner	0
NODATA_value	-9999
[rows 68 to 84 of 100, columns 37 to 73 of 100]
4.830779561568071756e+01 6.826279489055028193e+01 8.295769825653924556e+01 6.886041923540557264e+01 6.863408345589705561e+01 4.870755437770395702e+01 6.591497074430172631e+01 5.003517309496072585e+01 5.298805751129827257e+01 5.608066010827387515e+01 5.930285070844432482e+01 7.069129280131819826e+01 9.059360824392072686e+01 9.161925717257264523e+01 8.340253664002246126e+01 8.077753028405687985e+01 6.107265040719754268e+01 7.206694253147337292e+01 9.180940653621421177e+01 8.731591249789822484e+01 1.013581140214046457e+02 1.064611850904449852e+02 1.049044210269966868e+02 9.664279298555430842e+01 9.406505159886715717e+01 1.023215837119159630e+02 9.489211857444371390e+01 7.659711263261334580e+01 7.639737643639085718e+01 9.314328293659799840e+01 9.838285065686788755e+01 8.681291336846035733e+01 7.781690211091313358e+01 6.185718015806653369e+01 5.727567439109252234e+01 3.707926764571603684e+01 5.406219469100052777e+01
4.473513786136713577e+01 6.478922890630475706e+01 7.299563309122568455e+01 5.478208140809064020e+01 6.531299428176029664e+01 4.528745479871163582e+01 4.590674077574458778e+01 6.009473002824318399e+01 7.282951471223381645e+01 7.010945387207091528e+01 7.067768908847835974e+01 8.713778229722142044e+01 9.888882940376379338e+01 8.340253664002446499e+01 6.366753125749414011e+01 6.944778050727036600e+01 5.595090460989784020e+01 7.568975217725868276e+01 8.062917063656762195e+01 7.336955650475758262e+01 9.312121858792922069e+01 8.661849506612641392e+01 9.664279298555430842e+01 7.690659371399060262e+01 7.435802181077224304e+01 9.090550737049379393e+01 1.048947290467969822e+02 9.074428410058015970e+01 9.640496910511043893e+01 1.046962494778121027e+02 9.008179707610328535e+01 7.004240794426905836e+01 5.836502793809525258e+01 4.927566175382099090e+01 4.162579848725844300e+01 5.727567439109252234e+01 4.174771508646979612e+01
4.129267719015515326e+01 5.788133987354463983e+01 6.473592474874052982e+01 4.467019414562091129e+01 5.914348290206689995e+01 4.193314597291914936e+01 5.623325015966096174e+01 7.416491285178844350e+01 8.823509303379461244e+01 9.032261939159525355e+01 9.022545673470172289e+01 9.821885876894597800e+01 9.209752528515839742e+01 7.234437021091267184e+01 5.836819528100474486e+01 4.961787562127204154e+01 6.944778050728267260e+01 7.075852576017709339e+01 6.088788088379225627e+01 8.062917063656762195e+01 8.926979180252038759e+01 7.273138507384513218e+01 8.210631743094872093e+01 7.391860097236965998e+01 6.308002559709260026e+01 8.268719264578255945e+01 1.021972388993530814e+02 1.107494861268914974e+02 1.022289965262905156e+02 9.328487083624501963e+01 8.499181147035542949e+01 7.830393190208542364e+01 6.726714098458424473e+01 4.702492109588666835e+01 6.185718015806652659e+01 6.550406973313894810e+01 4.525672486473893485e+01
5.788123157363792615e+01 3.764126597937546848e+01 5.443286148942586067e+01 3.689748068767314493e+01 3.892812928471953171e+01 4.915323146903552498e+01 6.913374341681341662e+01 8.440638184019292112e+01 8.987716408662207357e+01 8.160120077958501383e+01 8.418818501512997443e+01 9.246743837423531431e+01 9.790968455353589661e+01 7.812993538232971957e+01 6.563151353263501164e+01 4.570640515510356749e+01 6.266175376281497478e+01 5.092556580298001023e+01 6.497492211409463891e+01 8.472138012194947976e+01 8.046207693289426288e+01 6.141735165385754414e+01 7.391860097156147447e+01 5.426174364767626912e+01 6.290813735417596320e+01 7.423141177784344791e+01 9.394554681894818771e+01 1.080560864942707866e+02 8.807697016792994305e+01 7.394518766692128509e+01 6.492817276554561090e+01 5.815298208147333980e+01 5.289197123182909621e+01 6.726714098458424473e+01 7.558658116561790052e+01 6.955265003861575224e+01 4.930974851245770196e+01
5.788132690664954083e+01 5.443282933848556837e+01 3.414909197611793701e+01 5.443289099958613519e+01 5.914348744273087988e+01 6.740755683630646899e+01 6.913374341680281532e+01 8.904481704344441084e+01 7.837736930707342253e+01 6.170852553046383093e+01 6.428733560788082002e+01 8.418818504892595911e+01 9.012718497362557457e+01 8.024448550229230648e+01 6.221438563707719283e+01 4.219288760326549692e+01 4.265206094845024865e+01 6.266175376140748199e+01 7.718715791906845425e+01 8.982372731850685454e+01 7.227394835085486591e+01 5.254578444943000903e+01 6.240986639803985270e+01 4.888434723952855876e+01 6.866508487162651875e+01 8.425683571911443437e+01 9.044848330902999578e+01 9.869155743724117258e+01 1.022289965262905156e+02 9.328487083624501963e+01 7.463062174597959597e+01 7.830393190208542364e+01 6.009041404472256431e+01 8.021669330275835819e+01 8.963174696341795311e+01 6.955265003306466554e+01 5.651192468639329292e+01
7.133979231369910678e+01 5.293714296736979463e+01 3.265450061833913509e+01 4.706011732673871961e+01 6.712553797581703918e+01 7.519080235637161991e+01 6.692305638005865376e+01 7.519080243385290885e+01 7.011615938914624735e+01 5.015968689190120955e+01 7.011615837741037183e+01 8.311208811538107000e+01 8.191270480752965000e+01 6.217467232309360980e+01 5.222834007571275095e+01 4.458855689829853475e+01 3.735226402665843892e+01 4.908569872612542895e+01 6.898296578772178123e+01 7.585527821907605528e+01 6.188682667860101816e+01 6.240986639510049372e+01 4.243501329415823875e+01 4.478860277573161852e+01 5.636981872725891662e+01 7.605852763499929381e+01 7.077310698036924919e+01 9.044848330902999578e+01 1.005233799424062937e+02 1.029531554778633620e+02 9.464828776374012875e+01 8.851284199909618167e+01 7.020617252279082265e+01 8.851284199909618167e+01 8.935903831719768675e+01 6.931940212617809038e+01 7.081691535969882523e+01
6.307195431437865807e+01 4.295512509871161910e+01 3.118325814330551182e+01 4.938821836600315862e+01 5.769007147596315122e+01 6.035335790234078246e+01 4.687390079843125079e+01 6.517926581410841891e+01 6.409905657229205644e+01 4.403506775491673864e+01 5.486920875978540835e+01 7.484212146147770284e+01 9.012718497362557457e+01 8.024448550229230648e+01 6.647614575745970456e+01 4.652525336078592488e+01 3.477833385027578572e+01 5.149132967955648610e+01 5.974064951060560702e+01 6.766279655116535707e+01 4.778825613527652649e+01 5.509303351527326953e+01 3.873968678790357245e+01 5.882227687496948221e+01 5.136431514742498905e+01 5.690634059789781674e+01 6.386265002393936641e+01 7.258627904659843466e+01 8.645476390886467755e+01 1.063088803181773017e+02 1.047824097677878967e+02 9.852509199721779964e+01 9.022721408272579424e+01 9.852509199721779964e+01 9.765768516386341958e+01 8.350405106849727588e+01 9.085132999148200383e+01
6.595308216491375219e+01 5.367024338258622862e+01 3.344531818228088582e+01 2.913282010481675144e+01 4.744318994640938314e+01 4.021457870025304260e+01 3.672082795965106783e+01 5.689847310666738167e+01 5.853430736796416767e+01 3.836963851570858708e+01 5.268251962180148240e+01 7.266176293477208503e+01 7.469875546213611983e+01 7.688647202588147422e+01 7.468367805344855981e+01 6.021045941643139088e+01 4.145705527863115947e+01 3.128005617725044729e+01 4.819084253887885438e+01 4.921631767965195081e+01 5.161033267721550288e+01 3.493544584444256884e+01 5.509303351729370490e+01 5.882227687496948221e+01 6.533411372078047918e+01 6.748136002373084352e+01 8.346711708476621538e+01 9.168889293713799304e+01 1.005233799424062937e+02 9.887545756965968735e+01 8.456445721978731456e+01 9.719146364129785809e+01 9.945944835317810373e+01 9.106948770879164101e+01 9.945944835317810373e+01 1.034942279405319852e+02 1.013939567738063232e+02
4.599923258975370999e+01 4.008880837801050490e+01 5.367000168370181257e+01 4.744201989079946458e+01 2.721284138505189887e+01 2.590358996111765322e+01 4.427456528489621235e+01 5.258758312298053283e+01 4.806541483580827645e+01 3.381422630802341445e+01 5.402535008361252977e+01 6.882242413809453296e+01 5.465642675321387856e+01 5.684991157145168472e+01 7.688647202588147422e+01 6.724362642147389124e+01 5.003316600263553227e+01 4.819084253887885438e+01 2.801805156091492677e+01 2.906283137052800214e+01 3.143497038301302382e+01 5.161008282002116943e+01 6.330158859349416645e+01 7.858923972667892599e+01 8.499151575387334390e+01 8.715550816922305444e+01 9.538589986835951606e+01 9.798777649452844685e+01 8.960245323216960855e+01 8.879163799222752118e+01 7.035410875580377876e+01 7.701928368377004119e+01 8.030649760881856025e+01 7.093377700312221634e+01 8.514685515628160317e+01 1.053679875420137932e+02 1.129426223980003527e+02
5.655081786514296738e+01 5.437823399557048987e+01 6.841885642885765151e+01 5.292130648866503861e+01 3.303810453402212488e+01 4.427548535771732929e+01 2.409302926117665322e+01 4.245903585850599882e+01 2.785132768473680898e+01 4.806541483563057682e+01 6.230988973722423907e+01 6.052668891925504369e+01 4.035657125866143957e+01 6.052668892128789224e+01 7.241779533990840889e+01 7.665506229260968496e+01 6.009768231850421927e+01 4.002863625612899057e+01 2.577440892301539677e+01 4.590672321508655784e+01 5.161032307549334064e+01 5.914245456879903884e+01 6.492141138354838859e+01 7.154389132108312310e+01 7.974842574223785618e+01 8.964192829443871346e+01 1.000344465484784990e+02 8.960245323216960855e+01 6.947167417187522176e+01 7.536784284806724088e+01 6.033863466760285377e+01 6.283295815945616170e+01 6.022536925432681443e+01 8.030649760881856025e+01 9.945944835317810373e+01 1.086268653575327647e+02 1.003468639057012552e+02
7.639831774492664351e+01 7.423075219693160420e+01 6.218232951848798962e+01 4.253673296315017893e+01 5.292130648866503861e+01 5.253446018609716361e+01 4.240355638816468797e+01 2.230322394480699799e+01 4.082391152918655308e+01 3.969876194151085258e+01 4.767141449476824988e+01 5.374122831681264501e+01 3.357878837013800677e+01 4.400377018640447346e+01 6.412421739483686167e+01 6.308366327018334374e+01 5.484074261972594400e+01 4.428977923677571482e+01 2.417826424273289732e+01 2.887469081614380073e+01 3.376033743335834458e+01 3.902233547015228510e+01 4.492055918007058324e+01 5.167647664586276335e+01 6.165887731704808061e+01 8.142890532511827928e+01 8.580712903871017261e+01 7.157981152949636794e+01 7.536784284806724088e+01 5.530340060290124171e+01 5.216988268030906539e+01 5.127695403644234062e+01 6.283295815945616170e+01 8.292757840201461761e+01 1.012233827371765784e+02 9.294247334135508254e+01 8.034841571572346197e+01
8.504139350083046622e+01 6.510661897668396136e+01 5.387376035634159166e+01 6.218232951848798962e+01 6.186355242307441671e+01 4.786108887374967935e+01 2.764748677094053875e+01 4.082391823934958097e+01 2.069092210797102993e+01 1.958135579178860297e+01 3.733044666721635707e+01 4.094541007015995149e+01 2.748834873869728668e+01 4.179903376495136058e+01 6.195690500554079705e+01 5.484074261972594400e+01 3.476228794548441670e+01 4.064313116382297864e+01 2.266843246110107657e+01 4.276949133918740387e+01 5.394724568834701728e+01 5.914766730830340435e+01 6.492141976267633652e+01 7.154389132108312310e+01 7.974842574223785618e+01 8.964192829443871346e+01 7.747122945925892168e+01 5.740593757420276688e+01 6.478103538021190388e+01 5.985410418145360723e+01 4.460977911117199568e+01 6.464294734262091424e+01 7.968032267876780850e+01 9.130328489922679580e+01 9.294247334135508254e+01 7.294354614229251865e+01 6.880143814504098998e+01
9.339720529209341748e+01 8.184762179260718540e+01 7.353204606307994595e+01 6.837975224962832499e+01 5.357898585571832228e+01 3.336316720533763203e+01 4.786108887374967935e+01 4.589027850265538433e+01 2.602111638177775887e+01 3.811792089570693065e+01 1.801872268741713512e+01 2.081296103057643876e+01 4.091772717102799817e+01 5.582337884136039463e+01 5.076553817103388155e+01 4.693552674579303385e+01 3.865231826772779300e+01 2.053690656111644230e+01 2.446166629865054887e+01 4.438297047892457670e+01 5.667259096059284218e+01 6.258224912171851884e+01 7.014263050068845473e+01 7.831899577777565469e+01 8.970657909711682976e+01 8.902567392675275926e+01 6.892000073892484124e+01 5.475284049753546611e+01 4.474966471811980284e+01 3.982883775483102085e+01 5.985410418145360723e+01 7.298558448692473632e+01 7.957762744273497901e+01 8.795011942801120597e+01 9.247508307399478156e+01 7.247664949791605693e+01 5.880143945956663032e+01
9.974418444660676641e+01 9.145832405222161299e+01 7.567912629539283387e+01 6.011180902664116132e+01 3.997629570976264546e+01 4.770880788187826482e+01 6.186355242307441671e+01 5.158347783057116942e+01 3.180235252887083419e+01 3.438386082945760336e+01 3.655306145255279660e+01 1.646876107810341594e+01 3.504322846315852047e+01 4.327635190481388605e+01 2.958743987776956175e+01 3.643892405289761882e+01 1.854729116882450057e+01 3.865231823763315333e+01 4.438297047483469271e+01 3.056146587769655198e+01 3.584032677674766632e+01 4.211059403407119817e+01 5.013974383605290797e+01 6.181281056130178087e+01 8.152137614684077960e+01 8.481575630818807099e+01 8.314051218967794910e+01 7.309424020844475933e+01 5.660557700320474339e+01 3.658444166010533394e+01 5.660557700319080965e+01 6.537370885817536248e+01 5.949025314161566058e+01 7.957762744273497901e+01 8.661825727046193890e+01 6.661900376476674523e+01 5.247688414241705601e+01
9.145832405222161299e+01 7.153928638248424932e+01 6.741822994990519646e+01 4.740877217840795765e+01 6.011180902664116132e+01 6.775084913370668005e+01 6.095916086125171063e+01 4.114644045914392478e+01 5.160130744951855775e+01 4.849060117868612707e+01 4.487164413345778513e+01 2.914666175908305590e+01 1.497019826328396874e+01 3.342984508068054339e+01 1.529655111574529514e+01 1.658747397865436568e+01 3.668035794765200563e+01 4.692516322233660020e+01 5.962226366323422155e+01 5.129372321100719745e+01 5.667259096059289192e+01 6.258224912171851884e+01 6.258224912171852594e+01 7.831885236806836303e+01 7.696571540425665603e+01 6.471022340348534385e+01 7.895001866554616754e+01 7.106391886397148028e+01 5.385546260392853668e+01 3.383733216890119877e+01 3.930554473625014822e+01 4.533604922427266359e+01 5.688911508138239270e+01 7.696387949807945006e+01 8.161844389405113986e+01 6.161900942210932897e+01 4.747688414253903488e+01
9.045765881828609167e+01 7.737343744124002853e+01 5.746301480324454047e+01 5.900317948751769137e+01 7.567813743010233907e+01 7.517889485639646807e+01 5.506915418712502941e+01 5.506915418712502941e+01 6.911358432995938017e+01 6.771892143668645758e+01 5.757648404939847353e+01 4.336152976987281704e+01 3.354689854699834228e+01 1.348211176024070745e+01 3.314543877243742287e+01 2.030594414336096065e+01 3.981073149021051449e+01 4.998268963832804701e+01 5.534216228547960270e+01 6.103734263462040133e+01 6.913669819112629966e+01 7.797583105468405051e+01 8.240190765461923661e+01 7.696571540425665603e+01 5.689024305099926693e+01 5.054935998520744533e+01 6.890889230590802583e+01 6.272331853480365282e+01 4.268851355810947723e+01 3.114081351388768582e+01 5.115579338308312884e+01 6.537350930419401607e+01 7.372018628481339420e+01 8.533190778007109145e+01 7.714643439497062616e+01 5.714687673822058400e+01 4.300474818755679252e+01
8.217698164018041496e+01 8.564173541454555050e+01 7.737343691750834296e+01 7.891317378574824204e+01 8.718070298425035958e+01 8.358726396770272515e+01 7.517889485639646807e+01 7.517889485639646807e+01 6.946291047935770280e+01 6.127734736843781604e+01 5.853887706944716740e+01 3.846158707411775168e+01 2.422485816061677966e+01 1.267020439059141346e+01 3.272138128428458970e+01 3.981039527313370741e+01 2.553731861786603119e+01 2.944141136046367180e+01 3.458525758638951686e+01 4.050307786277824817e+01 5.002403866499538054e+01 6.173429823188389776e+01 8.116645180887277888e+01 7.215312779789995545e+01 5.209778536626659218e+01 4.054745132916630013e+01 5.271905141581535048e+01 6.104298075307187332e+01 4.879737879191863925e+01 2.878439925281533363e+01 4.292824337397937740e+01 6.296406943542699963e+01 6.469507654421451548e+01 7.305676801380221264e+01 8.300361453926566924e+01 6.300461155514765466e+01 5.734779595113201367e+01
