LEM/with_lateral_4open/elevation_000398.asc
nrows	100
cellsize	150.0
xllcorner	0
ncols	100
yllcorner	0
NODATA_value	-9999
[rows 34 to 50 of 100, columns 0 to 36 of 100]
2.064481644892168788e-02 2.000253840411865980e+01 2.203582412027348170e+01 3.481137420213316069e+00 4.503105468266796585e+00 5.541496373169174205e+00 2.554625016079017286e+01 1.279180173249248575e+01 2.916961887091392569e+01 2.741876343990016451e+01 1.196509076883066314e+01 1.317483571282331489e+01 1.448830115879326641e+01 1.580819279886756945e+01 1.713363151209065904e+01 1.850116274580853215e+01 1.988118179575218392e+01 4.008555863580895107e+01 3.897694920470978275e+01 5.347508518802759170e+01 7.406045688356461199e+01 8.355814470285082507e+01 7.542276114643084384e+01 8.355814470285083928e+01 8.422074107732629500e+01 7.903253861252352408e+01 8.607955108966665136e+01 9.436707729825627666e+01 1.043638425838938559e+02 1.089658106959886652e+02 8.865869647860915848e+01 7.705303768641527995e+01 6.956447173584597010e+01 8.724446878504828362e+01 9.564290555572399910e+01 7.798178303666357181e+01 5.794310595123072716e+01
2.905961989428186565e-02 2.002901097766905281e+01 3.225743171972442980e+01 2.395180442837670753e+01 1.193361276661531711e+01 1.473784253808164912e+01 7.020271160701803126e+00 8.073416620272798383e+00 9.165503690411298976e+00 1.026301139702594334e+01 2.109337795325135900e+01 3.228486135359550957e+01 3.445166145514081535e+01 3.577085912646151655e+01 2.264814275036300373e+01 3.857758087277827741e+01 4.008555864677044411e+01 2.296078148033535626e+01 3.724127016180914040e+01 5.766616475781955842e+01 7.466998023216996216e+01 7.247887545091639083e+01 7.604854553679707863e+01 8.215443608436018508e+01 7.377173241597225228e+01 8.058994624021033815e+01 8.826483523129738273e+01 9.659940274984647601e+01 1.066728799443802842e+02 1.173840259041542424e+02 1.039965470901725979e+02 8.373138432801526676e+01 8.111127586735646844e+01 9.807499272105800969e+01 9.071189571176959987e+01 7.058382024981249003e+01 7.208243285433898961e+01
3.542675937824442400e-02 9.677747806846207723e+00 2.213854379253973903e+01 3.946922424313001443e+01 3.611187892852012027e+01 2.176534004676572920e+01 2.702530906188432880e+01 1.624301929008483469e+01 2.916942480731846388e+01 3.025485126466350749e+01 1.418907143124762094e+01 3.412031456479388680e+01 5.156781519586892415e+01 3.159101319284701148e+01 4.263410979839498083e+01 5.089217274923767320e+01 4.549368404097065621e+01 2.518928492368712568e+01 4.549368412700907527e+01 4.575663110866830863e+01 5.480718957084871334e+01 5.195972260259110698e+01 5.554235210098246256e+01 6.537557298174837683e+01 5.320542600306858816e+01 6.013530476749628662e+01 6.795898762085364808e+01 7.818078380684883655e+01 9.246253539156433021e+01 1.125597957106243570e+02 1.124186011141007242e+02 1.039965470901725979e+02 1.013541308561466394e+02 1.097782261783223277e+02 9.911151238600976399e+01 8.477888258376354713e+01 9.222407425601957698e+01
3.411803931810562102e-02 2.003411803931381741e+01 3.727375853529301253e+01 4.889885893943768025e+01 4.947193783369733922e+01 4.119126084576874547e+01 4.453757908038217295e+01 2.778962010780848857e+01 4.451279674172336343e+01 3.693234712080591464e+01 1.701795855200694874e+01 3.111508814553381796e+01 5.098467909863727954e+01 5.156833978326610435e+01 4.228585768517454113e+01 6.222770616264430998e+01 5.394333988697972870e+01 4.549367616112993318e+01 2.846540922684047104e+01 3.136882032740715331e+01 3.436848911529941830e+01 3.747460055904777221e+01 4.098964228372594931e+01 4.476603093664895994e+01 5.129206520740017794e+01 5.822754762301089926e+01 7.014805983414201762e+01 8.452977731579430554e+01 1.046685887049855666e+02 1.077966985890934950e+02 9.951228137906603877e+01 1.077966985890934950e+02 1.058983376620479646e+02 9.765643871444737556e+01 1.058983376620479646e+02 1.050354564711391276e+02 1.008430411143759784e+02
3.327314952832965272e-02 2.003327314952797522e+01 3.096002628394524336e+01 3.728458160428231594e+01 4.556885285343166458e+01 5.451312476421170317e+01 5.609251883957981022e+01 4.779395751840895201e+01 4.875299578243852494e+01 2.889253252391384663e+01 1.996561519776464522e+01 3.987212358579438387e+01 5.363703004884335712e+01 7.047453629628043359e+01 5.381327239740812018e+01 7.047453629628043359e+01 6.329603666278882201e+01 4.281973153555038891e+01 4.881710161393255021e+01 3.468245089307043827e+01 5.480718957084871334e+01 4.579470638326284870e+01 6.154847710200943567e+01 6.537557298174837683e+01 5.938022836883985178e+01 7.871949729211333135e+01 7.278715416415678874e+01 9.304144052827686551e+01 1.070726421752057718e+02 9.783559448078189291e+01 7.962244153672391178e+01 9.783559448078189291e+01 9.605727060302351106e+01 7.806359665585732444e+01 9.410242795783869951e+01 1.023772304200601724e+02 1.092734932859327017e+02
6.779948344387334846e-02 5.413024321692383900e+00 1.096002628394472289e+01 1.728458160428159474e+01 2.622885351428091028e+01 4.037098913801236222e+01 6.037098913801731470e+01 6.498459216851516373e+01 4.510502774017118810e+01 4.538481195798655676e+01 2.550853136203544125e+01 2.550853136203544125e+01 4.538481195955321823e+01 5.962855628730277147e+01 7.372203647096131363e+01 8.196910808047324792e+01 7.171912871065778461e+01 6.329603769056011231e+01 5.370952491817470786e+01 3.920063115126340847e+01 5.971283970608786262e+01 6.636910734940990153e+01 6.038129137293650928e+01 8.082497388880604205e+01 7.391317647431964133e+01 8.821492503667367657e+01 9.304144052827686551e+01 1.013726189488945266e+02 9.879562597686350500e+01 7.894413740661916279e+01 6.982378605829688922e+01 8.956736145789494685e+01 8.786001768515221499e+01 6.861504446128385837e+01 7.458430699857939317e+01 9.306496702210101546e+01 9.999872522827904220e+01
9.516927588586144779e-03 2.000951692758415845e+01 3.096002628394377609e+01 3.728458160428231594e+01 4.556885285343166458e+01 5.451312476421170317e+01 6.279294675466720577e+01 6.668216783340798770e+01 6.498459216851516373e+01 5.136722431216194451e+01 3.152580719303719903e+01 4.538481195955321823e+01 3.152580719303720258e+01 5.136722431403292433e+01 6.547853571565100594e+01 7.377494352423244095e+01 8.376731656845704777e+01 8.259364954077021537e+01 6.656815426841629346e+01 4.600221058143127095e+01 5.015466652279307880e+01 7.068879083846900357e+01 8.082497388880604205e+01 8.918920244966798805e+01 9.418144627948045411e+01 9.396682581486460606e+01 9.258615589068763541e+01 1.007934462911480722e+02 9.679675708210795904e+01 8.258695343293317137e+01 6.291785971919403408e+01 8.258695343293317137e+01 8.058610152251613101e+01 6.146359369281644547e+01 6.454924236482982280e+01 8.887332466153841892e+01 9.009747091009671749e+01
1.945935296826603253e-02 3.799104083060530712e+00 2.379910408306017544e+01 3.342858894995065810e+01 3.779294675467043163e+01 4.279294675467033926e+01 4.279294675467034637e+01 4.668216783340940879e+01 6.668216783340798770e+01 5.797490657046442664e+01 3.815185979573292485e+01 5.797490657046442664e+01 5.136722431403292433e+01 3.815185979573292485e+01 4.562579907422357905e+01 5.550461760958932445e+01 7.545245382171262349e+01 8.101770920838066559e+01 6.058295264202789809e+01 5.791685699859782233e+01 7.068879083846900357e+01 6.471951695217018141e+01 8.509989281229140090e+01 9.462747155000137411e+01 8.530050404636939732e+01 7.492374742448879488e+01 7.304117802026325990e+01 8.946363021306477492e+01 8.854214602799980582e+01 6.879131249159156880e+01 5.767213084107712717e+01 7.733016701970740314e+01 7.488893071293875892e+01 5.479362845509147206e+01 6.799462948802180051e+01 8.666051242586306103e+01 8.186063084146999813e+01
5.600688922766024203e-02 2.005600688922730512e+01 9.346106045312774668e+00 1.342858894995137042e+01 1.779294675467114217e+01 2.279294675467105336e+01 3.035223621485546630e+01 4.189924159864757058e+01 6.189924159864686004e+01 6.625176757930024962e+01 4.803693272624271060e+01 6.625176757930024962e+01 6.625176821975082930e+01 5.797490657318291341e+01 4.803693272624272481e+01 6.791288042012310200e+01 8.376731656845704777e+01 8.938154219513330645e+01 8.101770920838066559e+01 7.838604611467918915e+01 8.675562526043739808e+01 8.509989281229140090e+01 9.345442323866939205e+01 8.326092945966537684e+01 6.491222920959104670e+01 6.172515056838549441e+01 6.189781696365003683e+01 8.130185765589284586e+01 8.782532975335780634e+01 7.241565797504979685e+01 5.276702245011685477e+01 7.241565797504979685e+01 7.005277649249310912e+01 4.995339369890854897e+01 7.005277649249310912e+01 8.802972390336549324e+01 7.492380137675689866e+01
8.215197286175310309e-02 2.008215197286139642e+01 2.934610604531241762e+01 3.342858894995065810e+01 2.933995213846345251e+01 4.279294675467033926e+01 3.693508237840150343e+01 5.693508237840079289e+01 7.018351284560337433e+01 7.621379155418841833e+01 6.791288041468607162e+01 7.621379155418841833e+01 8.205092137019549625e+01 6.205671211321690350e+01 6.791288042012310200e+01 7.621379254491313304e+01 7.920555924890381050e+01 8.746099571892210633e+01 8.146223151658912798e+01 7.350390874396212837e+01 7.681404506276413713e+01 7.284027874340890207e+01 8.079939875220067336e+01 7.417496777564130639e+01 5.451317775715359915e+01 5.067183749944388893e+01 7.009884322113786936e+01 8.644645397708777068e+01 7.959156049647239684e+01 5.990679321178640038e+01 4.861627114396806348e+01 6.822655480572385045e+01 6.576757368259525549e+01 4.551932762200641491e+01 5.994987500174940465e+01 7.091156627570674686e+01 6.274173192969414714e+01
2.613274238814250472e-02 2.002613274238778729e+01 2.824029434243219328e+01 4.824029434243289671e+01 4.933995213846274197e+01 5.762422338562003432e+01 5.693508237840079289e+01 6.521935362542448900e+01 7.381278795933894799e+01 7.042675622229772614e+01 7.042675622229772614e+01 7.870960945696955946e+01 9.037087297660923468e+01 8.205092137019549625e+01 7.963081338238927742e+01 7.136925768132979897e+01 5.922104738217043973e+01 7.593208508765545162e+01 7.028106877108409378e+01 5.407408805908492866e+01 5.744521074940912087e+01 5.339626834332549521e+01 6.961242419818958638e+01 7.944135266725605504e+01 6.297921744802759036e+01 4.470958893992525418e+01 5.862792517296983164e+01 6.854290061941807721e+01 7.674754963790795159e+01 6.445255395539052756e+01 4.489442206477322372e+01 6.445255395539062704e+01 6.179656592186560005e+01 4.171132275130975131e+01 5.652192278418859672e+01 5.634448960076941404e+01 4.302820781228591329e+01
7.532853315450405152e-02 8.240294342431836228e+00 2.238242996616303770e+01 4.238242996616374114e+01 4.708728682801744725e+01 5.041257335114573834e+01 5.140255935353943784e+01 5.967841860928967179e+01 5.378352944008607750e+01 5.039515718871435723e+01 5.039515718871435723e+01 7.042675622229772614e+01 8.506576365117707894e+01 8.549462360953563689e+01 6.551833954038413310e+01 5.139864271097228965e+01 4.770217228637521600e+01 6.700500282765642623e+01 6.228609654124209527e+01 4.263020298454799217e+01 4.347910923699557628e+01 4.194491939728946761e+01 5.593301524541337955e+01 7.533071721378628638e+01 6.019734911403819666e+01 4.047573779328894972e+01 5.460781842395053332e+01 4.884921956287129063e+01 6.854406088520747176e+01 6.088174394900651265e+01 4.135818738321831489e+01 6.088174394900651265e+01 7.004158388512549038e+01 5.652192195932182983e+01 3.695416964261480786e+01 3.658609931522235570e+01 3.892144863056490323e+01
6.101047412966256744e-02 2.006101047412930782e+01 3.652456558989474189e+01 2.979656015768495081e+01 2.710259922644255326e+01 3.043383944875855818e+01 3.143136294629649896e+01 4.378662369663692999e+01 3.962400055177894842e+01 3.623939229238914805e+01 4.518787139478244796e+01 5.675511980837687531e+01 7.678716616442086718e+01 7.495447102961131236e+01 7.286051224052454245e+01 5.288929876748292003e+01 3.879302884978486787e+01 5.873873176521266259e+01 7.028106877108409378e+01 5.177957949552113348e+01 3.200923404482535517e+01 5.177957949552113348e+01 6.961201708278818501e+01 7.549164031428111343e+01 6.837090758576809435e+01 5.461529217753298582e+01 3.486644896683898054e+01 4.884917666041541651e+01 6.854113900638253654e+01 5.748312898611563782e+01 3.795783513613814364e+01 5.748312898611563782e+01 6.660607054284035655e+01 5.062312117437650016e+01 3.367098083985214885e+01 5.346724693758545754e+01 5.867278629527332612e+01
6.842009524227352091e-02 2.006842009524191894e+01 2.543542313217098538e+01 9.802157318483265769e+00 1.296443315608335034e+01 1.629775930159408404e+01 1.988983525121020079e+01 2.381203323216125867e+01 2.807561559753785119e+01 3.962399894473787043e+01 5.964866125788355333e+01 7.350799170042266439e+01 6.936538123722733928e+01 5.572854671425300666e+01 6.935716969276565180e+01 5.358571206367668083e+01 3.364287104466282585e+01 4.674748643410809734e+01 5.501289168936305174e+01 4.746533253556688692e+01 2.775070803066746805e+01 4.746533253555986676e+01 5.893086275528675344e+01 5.081085238554911854e+01 5.284723739962941380e+01 5.086744172995719282e+01 3.147017278217350267e+01 4.545786705803045180e+01 6.516399438777375508e+01 5.422891334445271383e+01 3.467096413294787993e+01 4.988200105770788895e+01 4.832267847626852841e+01 3.989710905941647212e+01 3.190917172649818312e+01 4.595052533915449544e+01 6.565156682435643631e+01
1.934550753332892059e-02 2.716144957368130886e+00 5.437800226675123305e+00 2.543542313217096407e+01 3.295597870504912663e+01 3.043383949166492286e+01 3.987219360258490042e+01 3.805772684363382297e+01 4.198548812334288982e+01 5.582649568258107564e+01 6.789854791927317024e+01 5.855519462416932441e+01 5.038475979634664981e+01 4.231497768882080379e+01 6.135735296276013884e+01 6.085742667279402696e+01 4.090295769427794426e+01 2.679189077297840527e+01 4.073071747680506860e+01 4.342877557163176050e+01 2.385666393270899377e+01 4.344109132733709799e+01 3.903952934862495994e+01 4.247938188947722438e+01 2.413311246320206038e+01 4.441152800288028857e+01 2.824693917369547691e+01 4.801330599157424928e+01 5.781264637323350541e+01 6.150454802451959324e+01 4.936151703383673350e+01 3.017680251426014593e+01 2.847447053934257255e+01 2.944631574583588574e+01 4.904553604836227265e+01 5.718121463059726040e+01 6.948001006478060049e+01
4.364784840791047227e-02 2.000564437143670560e+01 2.539410411200292472e+01 1.543754035260480606e+01 2.957694042150284019e+01 4.956703585389962541e+01 5.869159403958439469e+01 5.852523516886093091e+01 6.060765579360623434e+01 5.976836230919278137e+01 5.159919759733460154e+01 5.038569317810556214e+01 3.127193141518921848e+01 4.181071466418209326e+01 4.981712502420892719e+01 5.185126443667999041e+01 4.789147776368235299e+01 4.041815756447432051e+01 2.076056815092167440e+01 3.482303341690538900e+01 2.022902119351333639e+01 3.370903196679626745e+01 3.758978963848525012e+01 1.921378519092938220e+01 1.996513202931354769e+01 3.951526306887869566e+01 2.515877029059776504e+01 4.294284854555893105e+01 3.805200751186881547e+01 4.474211269762004406e+01 4.564717789803621173e+01 2.710667937138305916e+01 4.692013762790718800e+01 4.926546196851911930e+01 3.111900292384049393e+01 4.110138459303919234e+01 5.526071219904481069e+01
5.219006137575642884e-02 2.004378225374765421e+01 3.668325244099954574e+01 3.543182128110060347e+01 2.957694042149793390e+01 4.956703576917000476e+01 5.874022579078750539e+01 5.047819080668450908e+01 5.874022725188930139e+01 4.811086485165982651e+01 3.132897583300375643e+01 4.256686850031663738e+01 3.453937255693575992e+01 2.251001928291422161e+01 4.183740594817472669e+01 3.214653629083733932e+01 2.750094403342522043e+01 2.944291550410485314e+01 3.126089275396421385e+01 1.509911946650024106e+01 2.157586842404164074e+01 1.734050834613655567e+01 1.812573221121039424e+01 3.188751061318986402e+01 3.746482879035522728e+01 2.100017443926684280e+01 3.961838019410618017e+01 2.322598252416362641e+01 2.406674527361157701e+01 2.493151338333887779e+01 2.581680321533295341e+01 4.564847880953417558e+01 5.374142840675553146e+01 5.212723330044904202e+01 3.231446132220742129e+01 5.212816140268421350e+01 6.178408639988074924e+01
