LEM/with_lateral_4open/elevation_000634.asc
nrows	100
cellsize	150.0
xllcorner	0
ncols	100
yllcorner	0
NODATA_value	-9999
[rows 51 to 67 of 100, columns 0 to 36 of 100]
6.455108993161302877e-02 1.420668671366268754e+01 3.420668671366339453e+01 4.434824246924839741e+01 5.266430939826539515e+01 5.833459422857492882e+01 5.878307430822242452e+01 5.052448459787774482e+01 5.052448459787760271e+01 4.754980638522392411e+01 2.760781907733108298e+01 4.754980638522392411e+01 6.181675094189517239e+01 7.178309560794991739e+01 7.441039013933566082e+01 5.453956668356248372e+01 4.071209098282926675e+01 3.025823551122528343e+01 4.188124592757543496e+01 3.709618123718955474e+01 1.841184417563961873e+01 2.287930566854349124e+01 4.287011487770935503e+01 5.799313428946297222e+01 7.006152673932574260e+01 5.335007744751749215e+01 7.006152673932574260e+01 6.248574566625488558e+01 4.249599580693411127e+01 5.616443172501026027e+01 5.616443113864497860e+01 6.063362433727127154e+01 4.325470136739158278e+01 3.539560356403691799e+01 3.673250648536186702e+01 3.808206937283872406e+01 3.945453550218307726e+01
3.995603441288197999e-02 2.003995603441252626e+01 3.649628993227320706e+01 4.803956242367014795e+01 5.454381690962720342e+01 5.780403093493278277e+01 5.052448459787770219e+01 3.057934251718958762e+01 3.057934251718958762e+01 3.950129795603798044e+01 2.412743603189288422e+01 3.565340880973407423e+01 4.974588362689947729e+01 6.968883337504492204e+01 7.380192005778891939e+01 6.154493873588219088e+01 5.263629567311056690e+01 4.188261638402497766e+01 1.749543849214945013e+01 1.722003392355078688e+01 3.720571759956300184e+01 4.287010851601368699e+01 2.973605668525758361e+01 4.972692556941148467e+01 6.582832853262632966e+01 7.332908412971879386e+01 8.159072132315259296e+01 6.719648321173126249e+01 4.721051643495282235e+01 6.719648321173126249e+01 7.613288741614640287e+01 6.186396574985648300e+01 6.044749716138863960e+01 4.123023125552405332e+01 5.675606265543542861e+01 5.810406035966233418e+01 4.446079066081908593e+01
4.804567899273937126e-02 8.213011488232302426e+00 1.976001664598026153e+01 3.975958798247800274e+01 3.097200390085300015e+01 3.681257372970544139e+01 4.063985544538734018e+01 3.238692481717119165e+01 1.645268007310151859e+01 1.953945405034692229e+01 3.950129795603798044e+01 5.233622570674673824e+01 4.741613801493348745e+01 5.573339849328601758e+01 6.528867479804178231e+01 4.377857003229332378e+01 3.161649942914153044e+01 3.456546223498005332e+01 3.519879914456395653e+01 1.637818738735504809e+01 2.792233631814900363e+01 4.791470265646463389e+01 4.972692556941148467e+01 3.757813311327147687e+01 5.756733599673692936e+01 7.649844834480762756e+01 8.130918621624230980e+01 6.135081022551921848e+01 6.719648321173126249e+01 5.615739504780514579e+01 7.612729313875074411e+01 8.275882376875225077e+01 6.763081883665103078e+01 4.764624119069791419e+01 6.762989702858163810e+01 5.301016334160698307e+01 6.448492645924416422e+01
9.707512844716031930e-02 2.009707512844680366e+01 3.649628994878533206e+01 3.559364275752928819e+01 1.545177340088496365e+01 3.553500279581182753e+01 3.147888167673141524e+01 1.241138146181437207e+01 3.238692481717143323e+01 3.950129795603798044e+01 4.120450310835537522e+01 3.276128237041464786e+01 2.667857314844768979e+01 4.741107540538271081e+01 6.142754139965821025e+01 5.315412130528672918e+01 4.006999056261436465e+01 2.044487933950938441e+01 1.520257272430634110e+01 2.225203066841185517e+01 4.171696319466257563e+01 5.618979773069341377e+01 6.582832853262632966e+01 5.171814874460063294e+01 4.826796486251290474e+01 5.981262539148215751e+01 7.976643248871768321e+01 7.547147426855025287e+01 8.438629688149858055e+01 6.769838638499938099e+01 7.028742727615023966e+01 9.022597650668090807e+01 7.589802972082217991e+01 5.662616228395769014e+01 7.587857468249352166e+01 5.934870284353924319e+01 7.933345662735516157e+01
5.001202446392439237e-03 2.000489859692257610e+01 2.125689382443519548e+01 2.182122228012497445e+01 8.041515256258392697e+00 2.710229254706054292e+01 2.965291086478783456e+01 9.691232990250275847e+00 2.593210087868396840e+01 2.655374990577637462e+01 2.717891333419544964e+01 1.178825276163640901e+01 3.270520986681587061e+01 4.138082059819861058e+01 4.138963327527982727e+01 4.515409773696215012e+01 2.556445422514666532e+01 1.403623067071496600e+01 3.403872788422672357e+01 4.171696319047052270e+01 3.458034929367939014e+01 4.823119161400607169e+01 6.791807869617011306e+01 7.168852316892913734e+01 6.824609658977082915e+01 7.649844834480762756e+01 8.800996337028608707e+01 9.540266957358807076e+01 9.589925209873022993e+01 8.764139389050551188e+01 9.022597650668090807e+01 9.848516648684700669e+01 8.482573913950496092e+01 7.070390480026819091e+01 8.478217939529478997e+01 6.642636124389247243e+01 8.639187082626580150e+01
5.279685921607564503e-02 6.533676367401543006e-01 1.254209015344558198e+00 1.855863757929846258e+00 2.458879005246085381e+00 2.239868699570752497e+01 3.083125423449504154e+01 2.375270390304937251e+01 5.915556338299207795e+00 6.550774714720379421e+00 7.186697582003579221e+00 7.823230826021658757e+00 2.782098980747209183e+01 2.137817171433504271e+01 4.138951633478418302e+01 4.035656890024640830e+01 3.207747436653443884e+01 1.322080832905728265e+01 2.736788995916271361e+01 4.736472339228078710e+01 5.399734732609942967e+01 6.220763786484686619e+01 7.129947939551517777e+01 6.474338308077592785e+01 7.050084766803429659e+01 7.712233430172841508e+01 8.542540571422880191e+01 9.540491672012402091e+01 9.968220329044436312e+01 9.112842529758697196e+01 8.274538232870430932e+01 8.386184110222909283e+01 9.224424118728880728e+01 9.061743195805047435e+01 9.464352657609035191e+01 7.641756989292152014e+01 9.464352657609035191e+01
5.738623160518319517e-05 1.997687260409343324e+01 2.124678456958546846e+01 1.239200103241091355e+01 2.245808991301866087e+01 3.316331078998147053e+00 2.325938411790402682e+01 5.042210967094403529e+00 9.728439183913542010e+00 2.652465277602799887e+01 2.718171906869162768e+01 2.782106719904024672e+01 8.727869412162137408e+00 2.872811476912500339e+01 3.028618691040010802e+01 3.093371180538997933e+01 1.207168707345226188e+01 3.173128846299329808e+01 4.085969451449682310e+01 4.893544621591737354e+01 5.738333027595780322e+01 6.542326644748619913e+01 5.125267160557051938e+01 4.458504027672105963e+01 5.055640529221423662e+01 5.725787440064608802e+01 6.717859709934700163e+01 8.706607150410989959e+01 9.033289845603357548e+01 7.096592983615931871e+01 6.234277212627264220e+01 6.347161505012608984e+01 7.793027392198661119e+01 9.818191103489735383e+01 1.046116332818464230e+02 9.636617175960996917e+01 1.046116332818464230e+02
4.532054705376769438e-02 1.832485296383952900e+01 3.966617115405308880e+01 2.608376621726268141e+01 2.745735612239899126e+01 8.525674197945333432e+00 4.176902253429582323e+00 2.417350574847701949e+01 2.941572785759414543e+01 1.664445987380670999e+01 3.611879530724500853e+01 3.622151370724228059e+01 2.446697115258188049e+01 9.636698054783442657e+00 1.028130259974962257e+01 1.092749667245891487e+01 3.093371180477304705e+01 3.365698688165709740e+01 3.069030889355555658e+01 2.908108300419065628e+01 4.913351106196750351e+01 5.039779731482344260e+01 3.639193835942103306e+01 5.712424566610199861e+01 7.050084766803429659e+01 7.712233430172841508e+01 8.542540571422880191e+01 9.540491672012402091e+01 8.194182069618334197e+01 6.151532876627744173e+01 5.040611355622500867e+01 6.499805624616938360e+01 8.537364099258597605e+01 9.102298409949669633e+01 8.753275987108644074e+01 9.591026661833871003e+01 1.060242848662011141e+02
9.001595176218035732e-02 2.009001595176182420e+01 3.830740563390142484e+01 4.599841005035800379e+01 2.759905496496941879e+01 2.765058453567160157e+01 1.417762091367492516e+01 1.573397299993777487e+01 3.594909308819868698e+01 3.611881837616882507e+01 2.417047714548718673e+01 4.300689574089494727e+01 3.688747852327753662e+01 2.129289038356057517e+01 3.028620298981931214e+01 2.232256911346505035e+01 1.246300107165584414e+01 1.363352896619966437e+01 1.481014581460746626e+01 3.483508940622816397e+01 4.480081621759294563e+01 2.915020608302538463e+01 4.384066176747501942e+01 5.230223757202386992e+01 6.666387202545422497e+01 6.666387202545942614e+01 7.512528753105874557e+01 7.958293466957586304e+01 7.118658543678246531e+01 6.526365952728176012e+01 4.470838962346768852e+01 5.927462540552418346e+01 7.972246248998489193e+01 7.071619928187108428e+01 6.719902022658089891e+01 7.741752131376927082e+01 9.172980478005374039e+01
5.674351268809080251e-02 1.005674633625496206e+01 2.419941307150628518e+01 4.421844937054685687e+01 4.798789175529645235e+01 4.347437111962009482e+01 2.854151820413004259e+01 2.738348370533485365e+01 4.452910179786439215e+01 3.717237788974086499e+01 4.324111690884435433e+01 3.481214407378742948e+01 4.979472845852385632e+01 4.202483363739173683e+01 3.667136695495653953e+01 1.668481283779357227e+01 3.248776106086713611e+01 3.365815985564530166e+01 3.483508940622816397e+01 1.649724704792932783e+01 3.652270412121965393e+01 3.947386870096710254e+01 2.339184718219532755e+01 4.384066460227508344e+01 4.607311104853280881e+01 4.607311104853280881e+01 6.666387202545941193e+01 6.373144409484604012e+01 5.073005672482037909e+01 5.448851081210536051e+01 4.017438436642494537e+01 6.066736111986394064e+01 6.792172450553883323e+01 5.616165578449657403e+01 7.666391885085752733e+01 9.458805054745312191e+01 1.029641317645534571e+02
9.518805923843161321e-02 2.009518805923807605e+01 3.240484429478463113e+01 3.814789255638515186e+01 4.475718417139561467e+01 5.279786214994545190e+01 5.008454597483166282e+01 4.836735794920367937e+01 5.665648176402848435e+01 4.723520646262131351e+01 6.010478980369477853e+01 4.379728726237949843e+01 5.937358925875442139e+01 3.861960066990020835e+01 2.127168868023722226e+01 3.667136695513750055e+01 3.080237032448557599e+01 5.084037821837952009e+01 4.479452934026934940e+01 3.651658230317054432e+01 1.820039024449868137e+01 1.942128662403908734e+01 2.071242184881012349e+01 4.069250643708426907e+01 3.168567473114857691e+01 4.594280955809573186e+01 4.760100884296856805e+01 4.329702065290105395e+01 5.135669026587062547e+01 3.411959257026133230e+01 3.667370380269812102e+01 4.187400381688102158e+01 4.733187840592713513e+01 6.792172450553883323e+01 7.803379833934988596e+01 7.431331505585582420e+01 9.287886064331391367e+01
9.062254805971975413e-02 2.009062254805936476e+01 1.244039820442649535e+01 1.821323410000871590e+01 2.487678315956834396e+01 3.302637568704398774e+01 4.704589829666434042e+01 6.668433129481651633e+01 7.221971870405241134e+01 6.213471912773135131e+01 6.810906155178567190e+01 5.585901558258873933e+01 6.250801212249897532e+01 4.473648028322711667e+01 2.464493619267314628e+01 4.473648028322711667e+01 5.084037821837952009e+01 5.913490228576819874e+01 5.237248311234890963e+01 3.236989838881951442e+01 3.236246479676599819e+01 3.932617489776620801e+01 4.068367624589687637e+01 2.254968514769391419e+01 2.413431237737820823e+01 2.575505768403558093e+01 2.738760003586995495e+01 2.903417681713743193e+01 3.111862651161852966e+01 5.141070394439491054e+01 5.711419851355363164e+01 4.095822800903304284e+01 4.622045855507205658e+01 5.174697721003237660e+01 5.752887758530582119e+01 6.487561773908531393e+01 7.264252914024351071e+01
3.063233560239582431e-02 4.881344246236010598e+00 2.487211110730477515e+01 3.814789255638515186e+01 4.475718417139561467e+01 5.279786214994545190e+01 6.093225511977957609e+01 6.436333532651879352e+01 6.957748511178213846e+01 7.641737888973509030e+01 7.890651104525643689e+01 6.506102265395088580e+01 4.575774007602355908e+01 3.409230241562391939e+01 3.465876573133248684e+01 3.112704648747814673e+01 4.536615793692988063e+01 6.553181504574395433e+01 6.065759341996837151e+01 5.236851876882824541e+01 5.220285999786270992e+01 4.809891636959033434e+01 2.819603689652744549e+01 4.237643949732994031e+01 2.646805125873846265e+01 4.548533675263691123e+01 4.759949330924598598e+01 4.927729340750311593e+01 3.297566557435138890e+01 5.327194062715951617e+01 6.996932765673662402e+01 6.151693259997735908e+01 4.662027424165123080e+01 5.113723423268517365e+01 5.637839966153057247e+01 6.182691400106855895e+01 6.884149289638000369e+01
5.666595628964066211e-02 2.005666595628928661e+01 3.314542200691679597e+01 4.093294410118237181e+01 4.093476117585422713e+01 4.922472955583135246e+01 5.607604256450966318e+01 4.404430892539772202e+01 4.781112968044053702e+01 6.646364550271350424e+01 7.874497654673052693e+01 7.389364986581848882e+01 6.306328990340524854e+01 4.581006803820567796e+01 4.629101054923021508e+01 5.127254215701879758e+01 3.846418092677397027e+01 5.273619357993935353e+01 7.289148797433909976e+01 6.950664164248712495e+01 5.429138438204485340e+01 3.434590517119755049e+01 4.230330307099646348e+01 5.395938308387635374e+01 4.600362335059485019e+01 3.048943396298393083e+01 4.993151727755330427e+01 5.617882263239630447e+01 3.582429863959020366e+01 5.617918205342207472e+01 6.894805286155281010e+01 7.573618653859919903e+01 5.861592476354234549e+01 7.185817676095058459e+01 6.810814306444972033e+01 8.251684421903109978e+01 7.712311036332866365e+01
2.110006612196471329e-02 2.002110006612160831e+01 2.451534845415110908e+01 2.091214083641667187e+01 2.091215307254261546e+01 4.093483085210168326e+01 3.589299078038872892e+01 2.957390337827913740e+01 3.733974077041894901e+01 4.925066203982913038e+01 7.025319710689485930e+01 8.297745187007205914e+01 7.500145677271257227e+01 6.646376216611389509e+01 6.056223497709311232e+01 6.446462074657074481e+01 4.428595823904939977e+01 6.446462074657074481e+01 7.836955909380871788e+01 6.134097420698820713e+01 4.140172312778908292e+01 4.587536263986056184e+01 6.221763504839903902e+01 5.400748465179581359e+01 3.467347379509718053e+01 4.993151727754555225e+01 5.799993713337087087e+01 6.459924245846919177e+01 5.617918205342207472e+01 4.010130808572024108e+01 6.053583859676886192e+01 7.363362178905143196e+01 7.914894650930216358e+01 8.754834433919053538e+01 8.854391322862282721e+01 9.693325281523743797e+01 9.392867569918999493e+01
9.367352646185668485e-02 2.288975704510872955e+00 4.497742524567956757e+00 6.748488148269764508e+00 2.677665535267047758e+01 3.474112113331626972e+01 2.155647990029080319e+01 4.180447237686612993e+01 5.789064602739383503e+01 6.646364550271350424e+01 6.663003217061164207e+01 6.295603343264658491e+01 6.852693281782711665e+01 7.681306187694202947e+01 8.068849852656529720e+01 7.118741961414438890e+01 5.101902301142375507e+01 7.118741961414438890e+01 7.023888368204386268e+01 5.034255323818889138e+01 5.294279998619489191e+01 6.578788388067074777e+01 7.393620150678596303e+01 5.694352179405986192e+01 3.769063872863288367e+01 4.881450020198801809e+01 6.232974628894699265e+01 8.185298647206165867e+01 6.894805286155281010e+01 5.456465692206271711e+01 4.474983508050258507e+01 6.523559401710495820e+01 7.503771203400967238e+01 8.340325849164671013e+01 8.408360967775993799e+01 1.042438303428341442e+02 1.171768399597230115e+02
3.648181865326004941e-02 2.003648181860970467e+01 2.451534845414733610e+01 2.677607903021243629e+01 1.013281122471829043e+01 1.462105048357931736e+01 3.474112113331630525e+01 4.078253744277831316e+01 4.443902383308064685e+01 4.829284015883450110e+01 4.660222225129549400e+01 4.879321750090252863e+01 4.849724738409224045e+01 6.006255935004242730e+01 8.008948200194004130e+01 7.949630109566122371e+01 6.112026087524711926e+01 7.949630109566122371e+01 7.773497015309401093e+01 5.790218954445965238e+01 7.281309353799943551e+01 8.093400202138001021e+01 7.371540377751790629e+01 5.439511918555889025e+01 4.088024353139108769e+01 6.005389952808644694e+01 7.400610055004901255e+01 8.223874906420763864e+01 8.333144898346775165e+01 7.363349651353884440e+01 5.927831977672513375e+01 4.987797209790314668e+01 5.462537947823230411e+01 6.385636762882925410e+01 7.818637094190756898e+01 9.832080341440648397e+01 1.118789897377050835e+02
