LEM/with_lateral_4open/elevation_000372.asc
nrows	100
cellsize	150.0
xllcorner	0
ncols	100
yllcorner	0
NODATA_value	-9999
[rows 51 to 67 of 100, columns 37 to 73 of 100]
6.396079035635631982e+01 8.165082591175702476e+01 9.056985977396362841e+01 1.012198993981589012e+02 8.119113359558326692e+01 8.482056499850261844e+01 7.013386474278566141e+01 6.503362854066062937e+01 6.886687966801603977e+01 7.291498926250679347e+01 7.898305793351870818e+01 8.565186659999045560e+01 9.455916726860527888e+01 1.086151870804952466e+02 1.285214521004610901e+02 1.290107800039468202e+02 1.246698413008656843e+02 1.164057732556352676e+02 1.015705851377519338e+02 8.753263480017578502e+01 6.834290115666392751e+01 8.237652669717820686e+01 9.048237044783409999e+01 8.983469134394117361e+01 7.039304391197629229e+01 6.783376502442786204e+01 4.784383242075042375e+01 6.783414207734686840e+01 5.650185959466745089e+01 6.100785767254099312e+01 7.444970194705580013e+01 9.295180787971092684e+01 1.011946211858378319e+02 1.093475264491722641e+02 1.168935502478120156e+02 9.978542872503983574e+01 8.431596172705815206e+01
6.396079035635631982e+01 8.393140307987142990e+01 8.310430349358428259e+01 9.112033776136118490e+01 8.378431103977032990e+01 6.472968784181755098e+01 6.003804525916301316e+01 7.015897136814474777e+01 8.890929954382973222e+01 8.707538882135163760e+01 9.891869908179779713e+01 1.055521153227016100e+02 1.137996830778773756e+02 1.226979463137717516e+02 1.290107800039468202e+02 1.091259393076351358e+02 1.127748755631158275e+02 9.665414932878942977e+01 9.338710103257594142e+01 7.410494119504976140e+01 8.749146588492449439e+01 9.567741186793334407e+01 9.517045612757364381e+01 8.356206661398671542e+01 6.394753501744832391e+01 6.394486918566502709e+01 4.606553537620195726e+01 5.027461086377987698e+01 7.012842746094040081e+01 7.440691879358379879e+01 8.824709827436544174e+01 9.682155271974987443e+01 8.052068072195470450e+01 8.560382862191640641e+01 1.095271901292521619e+02 1.117204531667001959e+02 1.016531204067764378e+02
6.837859213623741539e+01 7.958330640155841706e+01 6.292783392994281400e+01 7.950931592612592169e+01 7.509935252470695843e+01 5.566374915217189567e+01 7.583718742386470524e+01 8.845284684648328266e+01 8.654082947227736611e+01 1.064856664390855343e+02 1.152380725503320065e+02 1.141530147752095843e+02 1.059444214801921618e+02 1.141912017845120886e+02 1.268256118656333769e+02 1.069548700252851035e+02 9.304259243762103893e+01 8.656698250244053838e+01 8.078302031119224580e+01 8.927673499795719181e+01 1.014808863797472611e+02 1.008300419412885134e+02 8.129681828726452864e+01 6.754591407409826331e+01 6.394833724040986311e+01 4.376833564374525309e+01 6.182195630709778555e+01 6.917528606103951461e+01 7.751971949170622622e+01 9.009189323961041396e+01 1.006551161853893461e+02 8.847261451093338280e+01 6.707651437412299344e+01 8.847261451093338280e+01 1.054998655106635823e+02 9.378199908292937437e+01 8.553282871701532031e+01
5.898524739874726919e+01 6.064354760693847624e+01 5.125166244658102954e+01 7.134877735111274433e+01 7.303838336263410724e+01 5.285212714740017503e+01 6.715825652754811870e+01 8.723426558180968016e+01 1.064856664390855343e+02 1.082055544568140988e+02 9.995487210879524298e+01 9.597866412120635005e+01 8.601594272790693196e+01 1.001158273507862617e+02 1.200347213661604684e+02 1.210346380644325706e+02 1.127748755631158275e+02 1.061974478546175504e+02 1.002786398515954147e+02 1.065792072278354965e+02 1.001819888525627817e+02 9.827251509307389199e+01 7.877463616688169168e+01 6.502228219399653142e+01 5.351436499923077861e+01 6.169984168690795201e+01 4.158147213267292130e+01 5.189570369438319375e+01 6.316944488871980923e+01 8.225853858954683062e+01 9.434110472851924101e+01 8.141263808177085082e+01 6.042620874195881697e+01 8.141263808177085082e+01 8.436958146466180608e+01 8.553282871701532031e+01 6.546255257062831845e+01
3.892277934527234606e+01 4.053772612910172768e+01 5.951298787163500492e+01 6.466568846920517899e+01 6.659323837054677142e+01 5.014534717487507720e+01 7.034206983577918493e+01 8.741774730613644806e+01 9.568198907177428225e+01 9.668583992505020319e+01 7.998813187146822656e+01 7.599434234949413280e+01 9.597667359908473372e+01 1.059366268485320290e+02 1.257814314635546680e+02 1.160359329360280469e+02 1.077210484558801653e+02 1.098825072202970148e+02 9.570155201591867922e+01 8.506102655471251239e+01 8.051195209716458123e+01 8.558549173892616579e+01 8.470558191780365576e+01 7.647406353346018193e+01 7.324782456774768491e+01 6.034686413483630929e+01 4.008331079952769471e+01 5.030362362320233416e+01 5.599973877706452896e+01 8.120144670787360042e+01 7.348891608202350767e+01 7.348891608202902148e+01 5.462207761649312943e+01 6.359883637275707713e+01 8.436958146466180608e+01 8.553282871701532031e+01 6.546255257062831845e+01
4.071160929445689192e+01 6.064354760653813514e+01 4.292889058764107801e+01 4.464351516655463570e+01 4.639684624462638141e+01 6.659323879925356948e+01 7.291285213454959546e+01 6.733864165628432374e+01 7.889915579147319136e+01 8.208250911268297045e+01 6.836380844700796899e+01 8.842706925793510209e+01 9.232554230060669909e+01 1.122486880394117748e+02 1.205808277660010219e+02 1.077210484558801653e+02 8.775088565790727557e+01 9.360001092003419387e+01 8.152059681154037207e+01 6.699930427654774689e+01 6.639856319396599815e+01 6.547093475624106418e+01 6.797831677369205750e+01 5.630506000626787255e+01 6.187306463131710643e+01 5.878324544983650668e+01 3.861952436735889194e+01 5.684597131858638619e+01 6.847646826862086300e+01 8.374711134189514894e+01 6.506731209298935426e+01 5.301450663988878631e+01 4.902399043887538710e+01 6.624786344600218513e+01 8.843848988833565272e+01 8.203441469384745233e+01 7.962227582677893167e+01
4.314172620368064770e+01 6.327381221791139154e+01 6.367154350338873314e+01 5.892409380819083253e+01 6.659323818561736630e+01 4.985771905232630985e+01 5.272222969642903934e+01 5.564863127624266070e+01 5.874102886175181482e+01 6.194921492851467093e+01 7.622314769147990887e+01 9.622825892259737657e+01 1.076394787476899495e+02 1.204986915282180604e+02 1.120396597247164721e+02 9.174605650339903207e+01 8.181012437141346538e+01 7.370316535075993158e+01 8.545697788544720197e+01 7.482903798385201810e+01 5.458096083560786127e+01 5.095085754390866839e+01 4.751046542072457868e+01 4.429349748249014596e+01 4.131399925827659558e+01 3.846104797402999509e+01 5.191461595639109561e+01 3.656587490344264069e+01 6.018823442185775718e+01 6.645789534768881879e+01 5.789951674589334374e+01 4.273851233532054295e+01 6.325171136096040669e+01 7.835743905456553193e+01 7.852153000915733116e+01 6.394929685620326865e+01 7.852153000915733116e+01
4.564951814330012780e+01 6.516542229214763893e+01 7.872652393438654883e+01 7.906164239292948537e+01 7.005746675090833264e+01 7.005746677559940849e+01 5.751855998033536821e+01 7.582506988759416799e+01 7.889915579147294977e+01 8.208250911268297045e+01 6.935164351663912896e+01 7.942098063614591297e+01 9.355467536551932994e+01 1.134739370074249649e+02 1.205744951731045091e+02 1.101858817590638751e+02 9.692944459844089522e+01 7.705854936339316907e+01 6.552688821587450718e+01 6.084253993483727641e+01 7.482903798385201810e+01 7.131480322440346242e+01 5.948952546387013740e+01 5.893624535387235142e+01 5.999189693621133301e+01 5.502979841298689223e+01 3.455055704702839137e+01 5.416708849442326823e+01 6.504668321414825982e+01 5.789951662768184804e+01 3.742588219707614883e+01 5.789951674589334374e+01 7.185095112461178246e+01 8.215289890110193483e+01 6.415861037778020659e+01 5.134452005547537823e+01 7.059824756797804923e+01
6.581363733096124236e+01 5.093452541229421371e+01 7.111521677876275760e+01 8.511820909074485542e+01 9.012850424888789291e+01 8.595846262064559085e+01 6.919717832553808989e+01 6.706310115413303663e+01 8.714144585191299086e+01 9.766273305152516571e+01 8.356064397915882580e+01 8.011169819770898926e+01 1.000766542042346572e+02 1.185850855568969848e+02 1.102455297984106153e+02 1.107921098448346982e+02 1.051952238830980519e+02 9.370847461109033816e+01 8.545697788544720197e+01 8.087772906717258081e+01 8.912052457966744612e+01 8.779825203410398160e+01 7.957422135033336019e+01 7.905702026713778707e+01 7.256255674229122121e+01 4.763999529785129994e+01 3.330185793268378092e+01 5.032663058819877477e+01 5.910002945229270210e+01 5.431306745078049403e+01 3.400323063945120339e+01 4.971057707686209426e+01 5.779459595921230886e+01 6.044964678502279298e+01 6.305717296901440960e+01 4.349141319998020805e+01 6.305881886226550392e+01
7.542710708571264888e+01 7.111521677876275760e+01 5.664963558794181608e+01 7.093423505215038460e+01 9.103071876533738305e+01 9.752208897089019501e+01 8.925928726425505033e+01 8.128957750327168696e+01 7.979603154654471098e+01 9.978113680577151001e+01 1.035143061864173433e+02 9.011557806144490712e+01 1.083271844373851280e+02 1.105696121780804759e+02 9.121159724197534047e+01 9.123649254548334397e+01 1.050915588076645690e+02 9.754523532700254407e+01 8.364947760036190516e+01 7.550172651922953548e+01 7.488429821669774356e+01 8.201425537343672545e+01 7.798132498063944240e+01 7.654936264963848203e+01 7.826492449946496777e+01 6.304924543765461920e+01 5.196800121798213468e+01 3.155882012677266957e+01 5.019785826715958876e+01 5.711595507885910195e+01 4.962085125713008438e+01 2.936922163984296930e+01 4.406414800052222347e+01 3.830274325814019676e+01 5.288971738437521708e+01 3.751092724999604400e+01 4.931891032435941469e+01
8.009086588599633671e+01 8.511820909074482699e+01 7.093423505201010926e+01 6.339184082803134856e+01 8.353461786659099175e+01 9.882446448077185153e+01 1.070808269216382200e+02 1.012691057844248093e+02 9.394310192020539318e+01 1.080351531138060608e+02 1.182874426745349439e+02 1.100377303470016130e+02 1.182874426639825458e+02 1.082492013180548014e+02 8.870300609114343615e+01 7.745275929753839250e+01 8.901646936584624825e+01 8.398716704411967271e+01 6.975369012911846767e+01 5.562207558446073818e+01 5.219185675070586683e+01 6.788658688385744711e+01 5.886507886746650797e+01 5.643057252686138980e+01 5.965704644968869985e+01 5.336063396298171568e+01 5.215171504361836696e+01 3.176112869643166903e+01 2.984109419471633728e+01 4.839277334949681375e+01 4.747662831583957654e+01 4.262914952241352040e+01 2.509455629994842951e+01 2.419601117850480065e+01 4.287816913304471456e+01 4.201516496824724811e+01 2.945960346969664201e+01
7.385089907668891840e+01 9.318067812477768541e+01 9.103071827036382047e+01 7.349430162326019911e+01 7.164462207271029115e+01 7.877950636074550061e+01 9.038285725649812719e+01 1.103559143979001078e+02 1.138754074663478804e+02 1.160489036936170777e+02 1.138442071046206081e+02 1.138442071046266477e+02 1.221901456784297295e+02 1.163979876902829034e+02 1.050915588076645690e+02 8.901646936584624825e+01 6.950282929463314474e+01 6.441364540147772288e+01 6.073951924313954009e+01 7.377679993694260929e+01 5.527447386654384331e+01 4.750200887768599500e+01 4.460198283601041425e+01 4.183466366265378156e+01 3.916903221360625764e+01 3.657322808790215163e+01 3.453980036376056262e+01 5.215171629287901567e+01 4.871499832887605663e+01 2.841249771146852510e+01 2.742381931894649938e+01 2.645108549043711577e+01 4.506751529666046707e+01 2.508261127100845655e+01 2.293307441979412786e+01 2.210466609268475935e+01 4.074669025522929644e+01
9.091622857446112960e+01 1.013378192278337622e+02 1.018402091858502700e+02 8.771888645521310934e+01 8.327728500623312868e+01 9.882446448077185153e+01 1.070808269216382200e+02 1.186007219386792713e+02 1.160489036936170777e+02 9.585711332130705387e+01 9.364664889303462303e+01 9.364664889303462303e+01 1.138442071046266477e+02 1.156782710114339920e+02 9.599508097127117878e+01 8.216759390500567406e+01 7.242501228627880039e+01 8.398716704411967271e+01 8.041683622923193298e+01 6.716642639500250311e+01 6.711345731498978751e+01 6.788658688385744711e+01 6.505509954622999658e+01 6.199859304186308151e+01 4.153122241247415047e+01 5.703497405437548906e+01 4.479509110970689534e+01 6.215341976444597805e+01 5.675732922084866772e+01 4.749768508664118372e+01 4.767635019775236316e+01 4.678511836551317771e+01 2.825876728069403754e+01 4.484274372912825157e+01 4.287276571181320151e+01 4.069966618251550017e+01 2.093623477426374180e+01
1.061700991348896679e+02 9.780525153600274280e+01 1.063356952669449385e+02 1.077126837798230383e+02 1.032943723250441934e+02 1.115462557681339604e+02 1.159063944120610898e+02 1.242181961365618434e+02 1.135859037651064085e+02 9.956237672979987963e+01 7.933125918685630040e+01 9.364664889303462303e+01 1.138442071046266477e+02 1.162583526091657120e+02 1.099429839124994146e+02 9.936327228935812172e+01 7.978630425294970507e+01 9.936327228935812172e+01 9.295837915088473835e+01 7.744002772968522663e+01 8.596982785606664379e+01 7.363868584143584428e+01 5.346852396741921609e+01 4.688765554812439262e+01 6.199859304186308151e+01 6.968370175086404572e+01 5.940474026839919475e+01 7.378899674491667326e+01 7.184919262124331851e+01 6.212164611491786559e+01 5.191101897465142656e+01 3.167918478398480175e+01 4.838329300294996926e+01 4.038222284314031896e+01 5.353786132023471822e+01 3.517334419099592679e+01 2.689230853446985492e+01
9.058237817326761387e+01 7.637734713133971809e+01 9.494509622344413913e+01 9.760074273726151262e+01 1.059514731952254465e+02 1.125980291092138117e+02 9.575471619364547848e+01 1.125980291092138117e+02 1.052319556821776700e+02 8.501516246230325180e+01 7.370990016126104649e+01 9.395127437162948070e+01 9.991493267382648469e+01 9.624183286235999901e+01 1.088265531846561629e+02 1.075405297307306682e+02 9.360279725962038810e+01 1.075405297307306682e+02 1.036644579613512320e+02 9.568594959834005920e+01 8.358783876387586531e+01 6.368953291899601510e+01 7.230382378606707050e+01 5.209949545854367159e+01 6.353412263079184896e+01 8.316218426964761079e+01 8.015902344037489513e+01 7.893231390323771279e+01 6.573334038696640391e+01 4.676872032830662818e+01 3.526653991765630280e+01 5.191101967645878545e+01 6.015921832635022781e+01 4.956927128360059953e+01 6.122536871749018417e+01 5.333743923536298581e+01 3.369310501188894591e+01
7.015980781231496621e+01 6.563036271138855682e+01 8.328897212663960659e+01 7.736084263814767326e+01 9.760074273726151262e+01 1.042718175680361981e+02 8.407059897503695822e+01 9.347381202941748768e+01 1.018156740122421553e+02 8.872501670771841020e+01 6.846999429205312993e+01 8.860926952471588436e+01 7.979005681161393682e+01 8.199417686504155256e+01 8.873499516102047835e+01 1.088265531846561629e+02 1.132702892370496528e+02 1.109284210210015544e+02 1.100343617118748085e+02 9.029577705584395630e+01 7.632985883203652122e+01 8.358783876387586531e+01 7.765983332813826223e+01 5.763699104883614410e+01 7.750525064349966442e+01 9.109665459388456554e+01 8.056649327711947706e+01 7.083494502002849913e+01 5.097192685648726496e+01 3.912747139496868698e+01 5.556279643651119926e+01 6.379474163516143648e+01 7.605232421168312840e+01 6.197647563335810617e+01 7.460187614375529108e+01 5.179837263912274636e+01 4.977339440229027900e+01
7.766601057011146736e+01 5.717801652662576828e+01 6.302111858887519702e+01 7.501465556847549010e+01 9.525532694946170409e+01 1.077475687049593205e+02 8.756142842839454943e+01 7.323854037534373163e+01 8.521279696957191163e+01 8.440703451922010458e+01 6.404030744131411268e+01 7.806653114148612360e+01 6.546620309780560376e+01 7.222992113142827009e+01 8.391977637306283100e+01 1.040359334648517660e+02 1.049906163486097199e+02 9.073283552819248143e+01 1.049906163486097199e+02 1.042729367905390916e+02 9.607707465057076490e+01 9.163485524340916299e+01 7.187118971637192999e+01 6.532922597953600530e+01 8.515222131270324724e+01 8.657113354423786689e+01 6.679501979153305058e+01 5.260741490864686654e+01 4.418603613871580649e+01 5.942133503669238337e+01 4.618824492991680586e+01 6.635966378947789224e+01 8.203646401413230649e+01 7.984032887651557076e+01 8.470023233509849092e+01 7.652272267987989096e+01 7.201319134322598359e+01
