LEM/with_lateral_4open/elevation_000128.asc
nrows	100
cellsize	150.0
xllcorner	0
ncols	100
yllcorner	0
NODATA_value	-9999
[rows 0 to 16 of 100, columns 37 to 73 of 100]
8.884754177262699226e-02 6.929726548558100274e-02 7.395023591448830758e-02 4.828361932999872264e-02 4.897713358561925356e-02 8.568734790590110117e-02 1.075183056328203948e-02 6.823539046102447547e-02 7.194897206013613211e-02 1.557559815681563986e-02 7.704183385687686514e-02 1.685416958384493638e-02 9.680445094065920353e-02 7.639902522890137937e-02 4.559330980047965332e-02 5.839666421669215124e-02 9.739037529851846120e-02 3.670263267501718690e-02 2.041064012308905357e-02 6.895211126444661387e-02 9.031524355919069713e-02 1.560024811392830661e-02 7.641644294168103979e-02 3.888124420523987601e-02 6.873285589001959517e-02 4.772367030474261584e-02 9.504926490987847254e-02 5.760415539182907330e-02 9.666222459857021221e-02 9.627991409191682948e-02 1.286757495974483190e-02 9.381044340810595905e-02 7.584058927755046864e-02 1.435327048224320848e-02 5.777975670406795827e-02 2.716720951219454838e-02 4.735230246529398453e-03
2.008884754177227094e+01 2.006929726548522552e+01 2.746562655038737422e+00 2.004827966975043552e+01 2.004897713358526445e+01 1.422782297163697685e+01 2.001075183056292772e+01 5.615237352713339902e+00 2.007194897205977924e+01 1.007328163883254746e+01 2.007704183382815444e+01 2.001685399086203176e+01 7.559367665006460513e+00 6.881028557263517698e-01 2.002519900033372835e+01 1.420191397071692840e+01 2.009739037529816486e+01 8.201668441952348232e+00 2.002041064012273353e+01 5.414158585784480948e+00 2.009031524355883391e+01 1.001560566630630333e+01 2.007641594056926593e+01 2.002849527458980461e+01 1.765110715249963214e+00 2.004772367030438573e+01 2.009504926490952315e+01 2.005760415539147345e+01 5.096662224598590640e+00 2.009627991409156067e+01 2.001286753729004886e+01 9.038082353407341785e+00 2.007584058927719539e+01 1.415648889428842949e+01 2.005777962594818220e+01 1.788069022163440769e+00 2.000473523024617251e+01
2.696293290937657972e+01 6.962932868596594993e+00 2.274656268425394501e+01 1.217465307085928750e+01 3.217465289430526099e+01 3.422782297163767851e+01 3.138874004461000311e+01 1.138874004460964784e+01 3.138874004461000311e+01 2.452237842301217086e+01 3.767585551427507085e+01 2.643340683698810878e+01 1.036401159353265378e+01 1.300093767279475232e+00 2.187323286544354062e+01 3.424653951552559050e+01 3.648595438580385775e+01 1.820166844195252409e+01 3.090717284828530964e+01 1.096092914933653084e+01 3.090717284828530964e+01 2.415902666344497263e+01 3.825443473377316650e+01 2.715632485244940497e+01 1.654648502932105103e+01 4.190461421285054833e+00 2.676965321935347930e+01 3.338092852123472909e+01 1.664366760839090276e+01 1.362469087882293373e+01 3.362469086841478116e+01 2.058508773739762532e+01 3.732243016432405369e+01 3.415648919805595085e+01 2.355583547452275894e+01 3.555835975129805870e+00 2.355583547621256457e+01
2.415503989912074090e+01 1.001290427524871518e+01 3.001290432601941660e+01 3.217465289901672776e+01 2.372165845464218137e+01 4.372165804808113876e+01 3.805540671127713637e+01 1.805540671127643293e+01 3.805540671127713637e+01 4.496915975910665253e+01 4.201724987801307520e+01 2.490272528398797292e+01 2.202830862332802653e+01 1.914104030624150354e+00 1.646743499028660196e+01 3.783399151868098187e+01 4.648598783277562063e+01 3.234380406723571610e+01 3.717032966086296142e+01 1.728345380920971763e+01 3.717032966086296142e+01 4.420498922250465057e+01 4.668022895313043108e+01 3.451163862578025743e+01 2.521220068771954814e+01 5.918184612275140921e+00 2.589574208122693832e+01 4.492792165818710259e+01 3.664366751178888393e+01 2.029135754548948256e+01 4.029135752249722202e+01 4.058509643870552708e+01 4.886958479915391251e+01 3.948684428727659679e+01 1.948682599376050462e+01 5.344690357129630698e+00 1.948682625993481921e+01
3.321546741490586641e+01 1.321546735135048500e+01 3.321546741490586641e+01 5.002777315838315531e+01 3.526866383822591899e+01 5.200591458033908054e+01 4.633967795873933682e+01 2.805540671127661057e+01 4.633967795873933682e+01 5.847061068682113927e+01 4.467948693284222372e+01 3.973912477810232957e+01 1.912667502589759394e+01 2.529288974471711082e+00 2.180984440481172726e+01 2.672996169704084934e+01 4.704196907665326677e+01 5.234380716523559585e+01 4.460050025015343778e+01 2.482965452368091519e+01 4.460050025015343778e+01 5.252130732498337551e+01 3.231765028727217270e+01 1.899634108541590294e+01 8.417987375268946693e+00 2.589526885877587148e+01 2.589562821545925786e+01 4.589722211743783475e+01 4.785064696906312776e+01 2.785064700567389551e+01 4.785064696906312776e+01 5.882368477631346337e+01 3.882383368711509064e+01 3.816312093784913628e+01 2.717042021289202935e+01 7.170432215480176730e+00 2.131256737292043724e+01
1.898897004324684445e+01 3.321546741490586641e+01 2.174349600557505369e+01 4.174349611637622104e+01 5.526866287678615208e+01 6.355290953180100644e+01 5.633967795873951445e+01 4.805540671127731400e+01 5.633967795873951445e+01 5.283896765093083303e+01 3.126032450697595522e+01 2.916851641050363853e+01 1.945318854687521082e+01 3.145687264755665069e+00 6.686273359956519613e+00 2.745064243816097616e+01 4.173786950118929440e+01 5.015987882912706652e+01 5.275928157564193555e+01 3.875883540798069049e+01 5.275928157564226950e+01 5.034889632664154391e+01 4.012215008535331862e+01 1.072840781115468012e+01 1.186646050926937868e+01 1.610504871351665912e+01 3.011844789803010869e+01 5.013959918051052966e+01 5.613491395365919345e+01 4.199278262935803951e+01 5.613491395365919345e+01 5.296597770361816515e+01 3.296598150603790600e+01 1.882384597138529614e+01 9.879574061394539086e+00 2.717042734892774902e+01 1.871743760005931634e+01
2.415294783819015834e+01 4.415294798851434876e+01 3.174349600557541606e+01 3.588563162977404630e+01 5.588563200647498519e+01 6.798588588472888716e+01 5.980040126420323787e+01 5.728774232588524740e+01 6.546274108189804508e+01 4.707473688970956260e+01 2.507703577478602597e+01 4.750710345131859746e+00 4.026405413523214349e+00 2.327432638258424902e+01 2.485373725942616119e+01 1.454008132356917393e+01 2.134872900411398433e+01 3.057246284520137891e+01 5.076417005190056386e+01 5.793210803491028571e+01 5.683422572069580525e+01 3.371142760891992651e+01 2.078131102897181393e+01 1.263644614772109698e+01 3.028126328758977337e+01 3.598126016427088558e+01 2.597525120936001386e+01 4.012100953541573745e+01 6.015818893569071690e+01 6.199278250452085359e+01 6.128234427868691370e+01 5.293592384438260723e+01 4.580375271679346838e+01 3.185986676451497246e+01 1.185986914734787057e+01 3.185986677537404077e+01 3.871745419683955447e+01
2.969994980044254618e+01 4.969995002798317074e+01 4.329050138942683645e+01 5.588563200647498519e+01 6.416991468701024814e+01 5.980040126420323787e+01 4.066575165083892074e+01 3.820924990125394771e+01 5.081477490013207898e+01 4.149929895295807825e+01 2.097053223106706454e+01 4.878133068329593591e+00 2.253622688734842683e+01 3.106379551699071939e+01 3.733093940617652606e+01 3.526768856684056885e+01 4.173786950122425310e+01 5.015987882912706652e+01 4.703020315213809255e+01 6.737841747228564770e+01 6.432392808474392609e+01 5.027243129530803145e+01 4.117083657828012377e+01 3.291586569965670606e+01 1.568901258610837424e+01 3.579593070901604790e+01 4.598976350656429446e+01 4.012100953541595771e+01 6.015818893794170918e+01 6.721622718823094544e+01 4.702082852455873052e+01 3.276310280191864166e+01 2.567655119123915242e+01 1.964371969520645678e+01 1.386994477786627833e+01 2.142923423805050476e+01 2.959420004730441178e+01
3.725923926062735347e+01 5.725923962642743703e+01 6.329050191360245492e+01 7.157478807416823940e+01 6.943591327055924012e+01 6.124570596071944806e+01 4.627016076696477853e+01 2.743128287944050925e+01 3.233730697964276146e+01 3.918143326860454323e+01 8.897836463693510112e+00 5.507637995150969523e+00 2.553710566912795343e+01 1.327054992598389838e+01 1.819881305541886363e+01 3.815842946607067887e+01 5.391196445207784649e+01 6.510621165216031159e+01 6.737841747228564770e+01 7.174387657506193250e+01 5.760570059768499362e+01 3.802428423998660634e+01 2.358335280656663357e+01 2.015501104372992458e+01 1.816624509023220568e+01 3.818912227432739570e+01 4.993805156558419611e+01 6.015818893794170918e+01 6.843912522209997462e+01 7.311188517312561430e+01 5.293592384438260723e+01 5.293592384438260723e+01 4.542077816585854322e+01 3.473459464982759926e+01 1.612012057946105159e+01 3.611789472747556573e+01 4.959418686629246764e+01
4.880624464446507460e+01 6.554353006301073492e+01 7.725762926957989407e+01 7.277313196963729069e+01 6.124570596071944806e+01 4.206995022053982325e+01 4.662265009252919157e+01 2.181496197706955797e+01 2.177103629313377908e+01 3.397617925024942309e+01 2.905330614226654973e+01 2.223719617955173078e+01 6.429562129009568139e+00 2.719318227968449619e+01 3.807603883532117806e+01 2.612035477048460663e+01 3.768601795737910720e+01 5.717172509155793847e+01 7.380989222213879941e+01 6.346953413545178080e+01 4.309703401829736436e+01 3.053833051591263015e+01 4.482775403135097037e+01 4.044007857706850473e+01 3.818912227432739570e+01 2.163554179611830008e+01 4.164648702401017033e+01 5.365697432930901556e+01 6.343315633304982271e+01 7.170828261551548621e+01 6.566364098159174034e+01 4.619492599000069788e+01 3.486150466157867100e+01 2.596814072081008362e+01 1.841427791313953577e+01 2.735946271989413603e+01 4.151320348805250404e+01
6.880624550985035626e+01 7.165076140623523315e+01 5.771015872654935208e+01 5.335507264107651082e+01 6.124570793648061340e+01 4.206995022129333250e+01 2.874290514195078927e+01 2.142595479279350101e+01 1.844661612211899637e+01 1.593446057530753279e+01 1.358295865816815784e+01 2.324309451805732962e+01 7.086236871041300844e+00 1.907739015273047656e+01 3.712144346491709257e+01 4.592164683228954658e+01 3.684169269987842199e+01 4.672284792144467502e+01 6.593919316858621471e+01 6.826109617153514364e+01 4.798712215036712081e+01 3.704369849205581744e+01 5.765842452128255502e+01 5.432247832338399007e+01 3.427997627013468218e+01 4.164648702401017033e+01 2.533450236255356103e+01 4.536629810954055841e+01 4.339143812491877839e+01 6.343315341344048619e+01 7.381433995959928041e+01 6.253876142289690421e+01 5.291783162353883796e+01 4.095008754271360374e+01 2.093404099886907588e+01 4.095008754271360374e+01 4.738013454612967479e+01
6.885479635464339765e+01 5.520545857611751472e+01 4.428688190183725482e+01 3.998334884600383532e+01 5.329594311503043969e+01 4.506987929216925437e+01 2.597101893362904335e+01 4.092666681541565055e+01 4.114095256966971448e+01 3.430699557691799839e+01 2.981296992595212103e+01 1.017905384743503383e+01 7.742615452391254038e+00 2.945424349580281032e+01 4.240426844973950438e+01 5.288433746236827204e+01 5.626847943236928984e+01 6.423317586847817040e+01 7.380989222213879941e+01 7.652547445676620441e+01 5.765842451313166350e+01 4.460167530178925688e+01 6.479939779019160540e+01 6.260570057880667605e+01 4.845587287610904070e+01 5.365697432930901556e+01 4.536629810954055841e+01 2.920964240047709382e+01 4.926141042641182111e+01 5.452922308824442155e+01 7.454734247384214996e+01 7.393533314424803393e+01 6.145222648871111915e+01 4.321656817090941871e+01 2.351602951921070428e+01 3.506822771663836846e+01 4.923323668419232035e+01
6.589885464587882780e+01 5.231943870251368622e+01 6.343548029355871165e+01 5.329594311503043969e+01 3.433396866425376714e+01 3.056237786015032398e+01 3.700864089264352685e+01 5.311342368760139721e+01 5.509153924816596515e+01 4.549447198206928533e+01 3.675281853577252633e+01 2.848704576197728500e+01 8.431073395147883787e+00 9.189912483528583920e+00 2.354408416034588925e+01 3.880269808856836278e+01 5.881235508777407972e+01 7.255552023273911288e+01 8.027506808005166761e+01 8.596473478474979402e+01 7.306497981541239994e+01 5.478398902566931383e+01 7.306498072265291910e+01 7.675552828150426876e+01 6.815623655147136617e+01 4.812377319014953514e+01 3.992928440828806202e+01 3.525144260932673745e+01 3.447033474530162778e+01 4.866214361402979449e+01 6.869369623250786105e+01 6.586607362585276348e+01 4.628357501977427546e+01 3.510400304254504533e+01 2.621282908951592816e+01 4.632578439722194474e+01 6.024672547368304265e+01
6.443448250358991913e+01 6.335790968238203646e+01 7.177395160541315988e+01 5.249308009475461034e+01 3.931994346127505935e+01 4.950354754156343517e+01 5.608173573105794674e+01 6.422419269435090428e+01 4.599181078438601133e+01 2.529503413785737820e+01 2.888816133640243677e+01 9.411475743978362729e+00 2.881973052389386680e+01 3.511535354242251117e+01 4.339489941605192769e+01 5.247887375710705271e+01 6.068691246984219845e+01 5.379010254403941360e+01 6.711898911310913718e+01 8.568046739401302148e+01 8.306318707693760928e+01 7.481480655471415275e+01 8.306318707693760928e+01 8.230040273629769843e+01 6.229753108925736882e+01 6.475601842514686268e+01 4.471616990357234300e+01 5.530914323610917904e+01 3.856854122894456083e+01 5.275840422401318364e+01 7.278073800009997285e+01 6.673352325184747258e+01 4.661131413127041867e+01 3.238816234577863895e+01 4.632578439240617030e+01 3.176176003779790946e+01 4.600284335550871617e+01
8.419926250696235570e+01 7.720476319793442599e+01 7.177395279553614671e+01 5.249308009505244854e+01 5.249308009563215194e+01 6.508930949308994229e+01 5.465332041871137392e+01 4.522403323021882215e+01 3.743336726914185419e+01 2.150141163866073768e+01 1.039578528793686907e+01 2.970528018621220667e+01 3.779208157753436126e+01 2.596955713003043797e+01 3.066380126890579305e+01 3.557701616629515939e+01 4.158040380543621239e+01 5.128061236073137508e+01 6.465291983550028476e+01 8.322939570956462774e+01 7.798499617280863561e+01 8.629036804820273687e+01 9.003434470912472420e+01 9.055617912450600215e+01 8.230040273629769843e+01 7.232397601600405324e+01 5.230104229791241721e+01 6.299671284664659510e+01 4.295297202380256607e+01 5.453615167022056198e+01 7.455405434391687436e+01 7.147438537519376212e+01 5.136194118229472849e+01 3.711022685871395055e+01 5.667473683002280893e+01 3.648254983831088083e+01 4.600283823325530363e+01
9.631102695439284389e+01 9.730828150292212797e+01 8.004842613494508896e+01 7.177395290048256982e+01 7.177395448236619302e+01 5.816664539695642588e+01 3.438844038960884575e+01 2.326581645029354206e+01 1.696691184326492419e+01 1.139720506524024657e+01 2.891871632933172265e+01 1.568561951957313383e+01 1.948135708175016845e+01 3.950407322324472403e+01 5.023856262980142162e+01 5.492628404737187253e+01 4.939101872621068168e+01 6.828960119719882016e+01 7.781028829323402363e+01 7.481849903594756768e+01 5.819014257213175512e+01 7.481849903594756768e+01 7.010190168187779136e+01 8.423774024445057762e+01 8.864519714117710691e+01 6.865586527327334920e+01 6.646767768760481943e+01 6.800443058173480892e+01 4.797355964138203177e+01 6.800443058173480892e+01 8.281862318662859934e+01 6.486994632203968081e+01 4.471671191751923402e+01 5.725273970090363918e+01 6.173169610924147577e+01 4.150385900062275368e+01 6.173169610924147577e+01
7.641675438511416019e+01 8.224365191388230301e+01 9.048665296381773260e+01 8.704716214767223903e+01 7.885972470607245555e+01 6.736975003697787656e+01 5.465336122743166669e+01 4.522403323021882215e+01 3.746103631325460981e+01 3.175744998256426754e+01 1.239933963154619079e+01 3.263294845303245495e+01 3.950407322271792054e+01 3.122491228732971535e+01 4.270396008279865896e+01 6.189162068500248637e+01 6.828960119720267130e+01 7.602064088688918275e+01 7.234474732650313911e+01 6.409365509639420111e+01 4.689134383662340610e+01 6.343632252566581542e+01 5.616996218451922118e+01 7.593997907894392085e+01 8.757336167329933119e+01 8.864519714117710691e+01 8.646233086572856052e+01 7.556940961242088406e+01 5.555435642380703598e+01 5.954805531481247982e+01 7.955605402028511719e+01 7.068165114023585716e+01 5.054931509281853863e+01 7.068165114023585716e+01 6.734570237940472737e+01 4.710411491155493025e+01 6.734570237940472737e+01
