LEM/with_lateral_4open/elevation_000257.asc
nrows	100
cellsize	150.0
xllcorner	0
ncols	100
yllcorner	0
NODATA_value	-9999
[rows 68 to 84 of 100, columns 37 to 73 of 100]
6.286046639869991992e+01 5.580548475420840049e+01 5.476652552166128629e+01 7.468683671632453525e+01 8.814480493870051703e+01 9.458048878211411647e+01 7.455969210078025355e+01 6.039918355042220099e+01 4.883720580644114051e+01 6.236543304408227328e+01 4.609234050280230122e+01 5.316989162295504201e+01 6.318518627524945686e+01 8.320879359624024119e+01 9.117056402141908222e+01 7.115827389425416527e+01 8.832347020716476038e+01 7.311668482033742578e+01 9.141565881615409239e+01 1.029721412116112020e+02 1.027184239995365687e+02 1.043532582398878930e+02 9.074894118532424159e+01 7.070814203144003329e+01 5.655826840798312105e+01 7.070814203137305753e+01 9.074894077083560262e+01 8.127843076373667941e+01 6.999372502250807315e+01 5.012284238250308022e+01 3.644336411160956146e+01 3.394877016334829989e+01 5.344874421784804497e+01 7.297121591557154829e+01 6.000198188353388673e+01 6.219547813362698463e+01 8.227161552604194128e+01
8.278611232377977558e+01 6.869294618257316642e+01 4.873226908793741075e+01 6.026326136755539409e+01 8.005647037732670412e+01 8.817728796858763474e+01 7.988181019574983566e+01 7.651707316191188113e+01 5.650031083263047549e+01 4.234957755949221081e+01 6.236547270063429238e+01 7.319697539468435821e+01 8.149295865289492724e+01 9.150581184778879162e+01 8.360662932979748518e+01 6.358766104724787738e+01 6.830687101180306797e+01 6.310316941750149056e+01 7.466465612882252856e+01 9.467618946528102697e+01 1.105367189109810369e+02 9.603761472866314364e+01 7.602270240697700387e+01 6.597900940034105588e+01 6.410080706292943376e+01 8.415938718673949381e+01 8.452479602827220617e+01 6.456941708355296328e+01 5.314269102856024318e+01 4.573938143708139137e+01 5.610339047521466682e+01 3.678167165425117702e+01 5.046420270872669533e+01 7.044516282304698507e+01 8.006914536098356905e+01 8.227161552604194128e+01 8.015970655937860556e+01
8.421764172337763910e+01 6.516100934318950522e+01 4.519286125261768916e+01 5.933063990767846008e+01 7.939620228706668570e+01 7.988181019574983566e+01 5.985919473269208169e+01 6.572368302473111612e+01 6.014148310414871190e+01 4.013165873711855625e+01 6.014148310414871190e+01 7.333096747922961356e+01 8.334357008940577316e+01 9.244742098167334632e+01 8.697874952690378336e+01 7.416959717983125699e+01 5.413942866166387802e+01 7.416959717983125699e+01 9.141565881615409239e+01 8.222501432182278336e+01 9.638086661933077437e+01 1.043532582407840437e+02 9.433689416794150873e+01 7.757077301927864710e+01 7.414956428549787404e+01 9.246492042908994335e+01 9.280594670528569168e+01 8.127843076373667941e+01 7.300355261853522393e+01 6.549685253272429009e+01 5.931583050177648886e+01 3.964778712827905593e+01 5.084424237895063214e+01 6.498081835776552850e+01 8.514990470725703631e+01 9.373716263739895282e+01 7.415300537980441220e+01
6.873195851477323970e+01 5.599065166714795083e+01 4.185765450350020700e+01 5.730946309593525001e+01 6.408968453359915429e+01 7.250594239998213197e+01 6.572368298780459384e+01 4.570743357669773133e+01 5.502454784720205794e+01 3.795317130084231394e+01 4.501732010926259875e+01 5.502365327747901347e+01 7.504811745666910383e+01 7.243064223420108760e+01 7.243059473401490322e+01 5.865905752817081265e+01 5.004684331903043670e+01 7.008095615220881314e+01 8.369692990142576150e+01 6.807034685014711783e+01 8.637158636666505629e+01 9.532424243106585493e+01 1.059038067536560561e+02 9.758589412753457282e+01 8.830485436354713613e+01 1.024819213233062811e+02 9.528311207206530753e+01 8.694401709888957441e+01 7.944805881758405519e+01 5.929524317330571392e+01 4.525091262396978919e+01 5.931583050177648886e+01 4.688443606184283396e+01 6.686945840380565187e+01 8.685284914773316700e+01 8.524885553877689404e+01 6.477743139932216820e+01
4.877551115989679431e+01 4.477105554874458448e+01 4.092008960793752692e+01 3.732826317752158474e+01 4.652395789007830729e+01 6.030860303601325967e+01 6.058231554780305572e+01 5.228991984761837131e+01 3.502251618935060407e+01 5.502411881577443609e+01 6.503578541515689437e+01 7.333096747922384395e+01 8.334357008940577316e+01 7.243064223420108760e+01 5.240070807212727289e+01 4.448888233298322348e+01 6.452449309785858134e+01 7.783332890255169900e+01 6.367575804582617138e+01 5.805351020939922790e+01 6.701345815944009132e+01 8.116873802668294502e+01 1.011814704910337639e+02 1.068129566940154831e+02 1.083270183411147798e+02 9.859803754118946983e+01 7.841268202267967524e+01 6.672996228813664743e+01 5.961160995660485895e+01 5.328865954660363258e+01 5.219423757085276350e+01 7.230978687598991428e+01 5.495181498676839738e+01 5.835062516569095692e+01 7.850640101767368151e+01 8.033273881385721893e+01 5.989673709824990055e+01
6.030872720550725319e+01 6.474066904379795062e+01 5.246602116985740594e+01 5.399405468109394945e+01 3.401715669600773140e+01 5.081556242018741187e+01 4.961672486976374330e+01 3.228551814954440857e+01 5.228992636091007995e+01 4.916146903881936936e+01 6.917929326686228819e+01 8.793492274200490044e+01 7.965053038082736236e+01 8.071867738957504912e+01 6.086651521830529532e+01 4.083475417520016038e+01 6.086651521830529532e+01 6.266898429913936042e+01 4.950805768720905320e+01 6.367575804582617138e+01 8.369692990142576150e+01 9.532424243106585493e+01 1.009567144257884195e+02 8.682648098537528369e+01 1.009567144257884195e+02 1.069219871544046754e+02 9.528311207206530753e+01 8.694401709888957441e+01 7.979726948290957012e+01 7.341400346532975618e+01 6.114876756274783531e+01 8.066099655064203944e+01 6.392712464229072822e+01 7.850640101767368151e+01 7.850640101767368151e+01 8.882866351443229291e+01 7.701725401519962588e+01
8.023830646518312903e+01 8.069261503058648088e+01 7.241519148507694581e+01 6.226788608475006725e+01 5.081556242018741187e+01 3.083023437726332006e+01 2.960652836830546875e+01 4.961672486976374330e+01 6.058236630129061240e+01 6.917931049644953134e+01 7.747442142056269176e+01 7.965053038082736236e+01 5.963759299683940185e+01 6.549909047540418783e+01 5.765886520393808468e+01 3.763346316963844629e+01 5.633469336117020987e+01 4.263816455806657046e+01 6.266873489160758481e+01 7.553280634819419959e+01 7.553283326344241289e+01 9.555132845135447894e+01 9.201580671797127309e+01 7.268308171973085052e+01 9.201580671797127309e+01 9.661235129016021972e+01 8.831971985272140557e+01 8.572404714602524223e+01 9.401565082658918016e+01 8.968492041913096102e+01 8.133924117494984785e+01 8.133924117494984785e+01 7.559045785231904802e+01 9.246565289376883356e+01 9.867662920253629011e+01 9.721130602208108940e+01 8.802041049220906643e+01
8.259449425025076152e+01 6.841271217519565084e+01 7.578750122419555169e+01 7.078355476697986148e+01 5.081556242018741187e+01 4.775076442461939763e+01 2.773694389796519033e+01 4.575621945363138821e+01 5.404845217809881319e+01 6.632414565158252628e+01 6.519321176134825180e+01 7.338465167888253404e+01 6.549924663319046658e+01 4.547539824313080459e+01 5.453142007342206199e+01 3.451350586339069793e+01 3.631299411934634236e+01 4.208637803368612396e+01 4.841935644327435995e+01 5.550513255663270940e+01 6.966998677663936235e+01 8.968699676599381121e+01 8.373731865109503758e+01 6.373574703684133880e+01 8.373731865109503758e+01 8.831971985272140557e+01 6.831518915985468254e+01 6.571943778315865359e+01 7.865134967828979029e+01 8.694159756573132825e+01 9.849395938410758333e+01 1.015101029177933327e+02 9.577989424242593941e+01 1.041078153343581931e+02 1.006291340510565675e+02 7.997520805848755288e+01 6.814714241102525705e+01
8.846860273022585375e+01 7.578750122419555169e+01 5.587292597953442197e+01 6.583106943414216516e+01 6.072111860403053640e+01 4.978877813068159952e+01 2.991641351638714497e+01 2.573917708309374675e+01 3.801490485855450885e+01 5.127113118128583835e+01 4.550441658857302230e+01 6.519321176134825180e+01 5.793088395672530311e+01 3.791244412248236983e+01 4.849560974028791094e+01 3.146748723033500283e+01 5.147872047059811251e+01 6.211707416283383765e+01 6.845195016149953915e+01 7.553283326344241289e+01 8.382821247008662624e+01 9.002429380461376240e+01 7.741226634269384022e+01 5.740944428951402756e+01 7.741226634269384022e+01 8.710721684623896977e+01 6.710144895476359750e+01 5.416910898307765621e+01 5.864633480276577870e+01 7.019656760507498916e+01 9.020079677376251936e+01 1.031012097340632323e+02 9.483879365194927402e+01 1.031012097340632323e+02 1.091024546482855584e+02 9.407023791512402511e+01 7.348038996966162983e+01
9.157051802587270117e+01 7.146198991662502920e+01 5.740499989865486441e+01 4.603984113315929960e+01 4.092925858826953345e+01 3.623645357017146296e+01 4.978877813068159952e+01 4.387732988754138574e+01 2.386228186114493255e+01 3.142730477547119960e+01 5.127113118128593783e+01 6.632776841194781525e+01 5.795735217319857213e+01 4.838678577844924433e+01 2.848898837828733832e+01 4.849561149721786535e+01 3.999206377005356927e+01 6.001768552880046315e+01 7.832767679503153602e+01 8.834120533139254405e+01 9.002429380461376240e+01 7.002768824803875702e+01 7.186448168371519785e+01 5.186011806558968829e+01 7.186448168371519785e+01 8.235123193186220192e+01 6.710144895476359750e+01 4.709321708141514762e+01 6.710144895476359750e+01 7.301212519002181978e+01 8.128643772100912201e+01 9.311087514318919034e+01 7.484427639194483106e+01 9.311087514318919034e+01 1.023563124526006192e+02 1.025604310147566025e+02 9.407023791512402511e+01
9.352265703225648963e+01 8.525949943679013643e+01 7.411955004051259266e+01 6.583106943414216516e+01 6.072111860403053640e+01 5.605622635474013293e+01 5.579289065659599345e+01 4.257974897557745919e+01 2.256810210584170306e+01 4.086668599743521924e+01 4.915675613050346016e+01 5.798251451784947363e+01 3.791673771704358842e+01 4.377653656813478733e+01 2.651971756651281709e+01 4.652426457514894054e+01 6.001767556618420940e+01 5.000313109163207059e+01 6.002047045777735690e+01 8.004417456755895444e+01 8.783778922765063157e+01 6.783988245264798422e+01 5.369241451276192834e+01 4.685515215121537835e+01 6.686339077918376006e+01 7.406183111035824140e+01 5.405559120330247680e+01 4.249669998761945777e+01 5.886643504020322126e+01 5.300709833233934631e+01 7.301212519002181978e+01 8.484153502175601602e+01 6.484084156733224802e+01 7.410149115213026505e+01 9.409420281562422872e+01 1.130281130968974423e+02 9.497938871512809555e+01
8.525889312099188544e+01 6.525899203342223132e+01 7.111719105263085794e+01 6.576765904897848714e+01 6.105005560422906541e+01 5.668333379879346978e+01 4.750498457554214582e+01 2.749284283218620217e+01 4.075189308332215887e+01 2.086053327366728638e+01 4.086616059988377003e+01 4.939157191459847240e+01 4.111558950616350927e+01 2.377514086604355370e+01 4.377649977680913196e+01 5.481732577571106191e+01 6.402331175236933802e+01 7.003228722345656365e+01 7.832679123758319406e+01 8.833970819784651951e+01 8.264172253535737411e+01 6.264101395258730065e+01 5.108842175181244727e+01 4.213264016339454088e+01 5.697973648246529876e+01 6.526468873190972886e+01 5.833901888398251856e+01 3.831512569024373249e+01 3.884562772507735673e+01 5.886643503987068726e+01 6.752196826183501344e+01 7.144496291528493259e+01 5.776799640241386413e+01 7.777022204496107349e+01 8.479303763606984035e+01 1.047750226600107624e+02 8.670318994976456395e+01
8.524864529084258891e+01 6.525890154920612929e+01 5.110034505347390876e+01 4.575197763857998012e+01 4.103871184460321331e+01 3.667507866581025411e+01 3.275059129719183204e+01 4.750498457554213871e+01 3.966664886072181417e+01 1.966453452354048892e+01 3.966664683217819487e+01 4.110413885919859212e+01 2.111901060877590552e+01 4.111558950991831551e+01 4.788443257146979448e+01 3.572645147925914699e+01 5.573075571502707248e+01 7.135490942997662955e+01 7.962650304009524405e+01 8.965268149819137022e+01 9.092041688594316895e+01 7.937539898306187069e+01 6.366449382191989059e+01 4.363761000215910713e+01 3.695925441922095445e+01 5.261028049778605720e+01 5.087008567749023058e+01 3.429822351694216565e+01 5.433297288978944550e+01 4.385780795385565511e+01 4.751553902865032342e+01 5.144153662426761286e+01 7.144496290962469232e+01 6.846143061453591372e+01 8.845980021384811209e+01 9.530315869259372619e+01 8.525923261298386535e+01
8.526012609567473532e+01 6.525899554604029618e+01 6.525899554604029618e+01 5.990753668177438840e+01 6.105005560422906541e+01 4.822497918162077468e+01 4.689845922216920826e+01 5.002698156384033723e+01 3.001563797634154085e+01 1.847418467767877814e+01 3.680116670083693720e+01 3.927475087891877337e+01 1.928209248545261545e+01 3.927466431398186586e+01 2.788077651545647129e+01 4.788440197581962110e+01 4.466701418189004613e+01 5.133450850142271804e+01 6.134492281838330285e+01 8.136535996849015362e+01 8.935390422005582423e+01 6.934797655550183038e+01 5.519643473744326911e+01 6.361769999095188410e+01 4.674863998057562497e+01 3.263309022159661055e+01 3.080252520085180734e+01 5.068001277754058975e+01 6.234906909794730723e+01 6.386931073333546749e+01 6.166417297369876138e+01 6.558757929684253440e+01 7.972080235203728193e+01 8.845980023362797340e+01 9.672659086331543676e+01 8.703020258084006855e+01 6.689483140359796209e+01
9.352878148093475374e+01 8.526012609567473532e+01 8.526012609567473532e+01 7.991524594504859635e+01 7.652087119458640530e+01 6.823766108006884679e+01 6.690921747802539699e+01 5.831874298258517797e+01 4.648182960121847174e+01 3.622035766652044231e+01 1.680285517931154970e+01 3.514040254015086617e+01 1.746615405937155785e+01 2.138599611782922949e+01 4.139444059778567464e+01 4.421236673812320106e+01 6.422210140096940734e+01 7.135490942997662955e+01 7.964532703196515229e+01 8.965850294504072338e+01 9.520197092421031471e+01 7.520757710452208755e+01 7.520642041357328367e+01 7.485597639608839415e+01 6.087054734666094191e+01 4.848990145754071079e+01 2.888561206842966556e+01 2.775773226799231708e+01 4.636441015104598762e+01 6.741185011383753078e+01 8.166393709205867424e+01 8.558593788695054627e+01 7.844398206951269970e+01 8.672512235265132574e+01 9.128023967684681850e+01 9.530316070774323123e+01 8.525929789339328124e+01
9.535436488690578472e+01 8.704176323963541506e+01 7.703145309061534363e+01 6.873517567206673107e+01 6.210310053371671302e+01 5.638164864996473113e+01 5.124226590195167574e+01 4.647387485738166646e+01 4.196393300879069699e+01 4.491442035056782345e+01 3.514040298350622749e+01 1.513765846348466582e+01 2.639339719243979587e+01 4.075003661693563117e+01 3.553449342938800015e+01 5.554169822333766149e+01 7.250911995920498043e+01 7.524499518601865589e+01 7.807063624905519816e+01 8.692767357597216460e+01 8.405543343141891910e+01 7.577454639534049363e+01 8.405543343141891910e+01 7.494357246308932474e+01 5.493733470873614522e+01 4.669389002201903338e+01 2.699903499127073303e+01 3.884856708198397968e+01 5.655708736309802731e+01 6.741185011383753078e+01 8.743877223548248878e+01 7.515803072737290336e+01 5.839165006269868741e+01 7.515803072737290336e+01 7.130408990594041541e+01 8.543635607968104750e+01 9.092283160631937733e+01
9.017109197358352901e+01 7.874202085710875565e+01 5.872833048702467096e+01 4.883895025701662007e+01 4.228340982227859257e+01 3.647690485712443831e+01 3.101169604416372039e+01 2.580672495636455110e+01 2.121373111416258439e+01 3.584503229288468162e+01 3.284569843751176421e+01 1.418167368311255139e+01 3.110610243548153520e+01 4.922966925529263449e+01 5.554163452853114080e+01 6.383718985379034194e+01 7.132198764018905024e+01 5.021257348471296211e+01 5.921155009732848384e+01 7.868350236191457725e+01 7.405468428805272652e+01 5.576904328653959908e+01 6.922411977024893304e+01 6.405813101169428592e+01 5.493733470874151692e+01 3.498802905504714289e+01 2.558025680168574922e+01 2.916344500935273132e+01 5.242538852426224594e+01 7.618483047347781678e+01 7.201637366459777923e+01 6.371454211360920539e+01 4.665229812964147982e+01 6.446115593984104919e+01 5.708428843621339865e+01 7.715496871184080874e+01 8.760821145945493527e+01
