LEM/with_lateral_4open/elevation_000228.asc
nrows	100
cellsize	150.0
xllcorner	0
ncols	100
yllcorner	0
NODATA_value	-9999
[rows 0 to 16 of 100, columns 0 to 36 of 100]
8.271705653423140625e-02 2.127631151761726416e-02 9.425194436011796739e-02 4.939197167322698090e-02 3.975871534419905817e-02 6.171646774684565184e-02 1.696294146011132625e-02 1.936121709489252440e-02 4.216450047424835645e-02 2.297044857093000214e-02 6.704298068806634203e-02 4.162315340452049650e-02 3.835349583220235004e-02 2.777463300387698203e-02 2.207885817162396139e-02 7.161913568127860341e-02 9.025521335945362045e-02 3.502399586135773735e-02 8.040414306008919487e-02 3.131346976591601466e-02 7.604099264847130613e-02 2.387740603804927586e-02 5.687112022313325910e-02 4.074439634684711570e-02 8.709178300582484655e-02 7.612946965408906586e-02 1.077918208624280109e-02 9.929772718869623455e-03 4.600412614040166881e-02 2.152795518990661267e-02 2.378824418737431057e-02 9.511189423522797837e-02 9.406546861214974686e-02 1.749038473908382007e-03 2.223905489293687143e-03 6.269637160239108220e-02 9.476101746191394060e-02
7.813061968023242432e-02 2.002127631151726206e+01 2.009425194435976181e+01 1.419152759540430253e+01 1.418189433907527430e+01 2.006171646774648920e+01 4.099445846098759283e+00 2.001936121709453786e+01 2.004216450047389131e+01 8.967242358570009841e+00 2.006704298068770953e+01 2.003237522982592722e+01 2.090310200002506225e+00 1.999945771731439947e+01 1.997773900834050309e+01 1.421847079881855436e+01 2.009025521335909659e+01 2.003502397723916673e+01 6.747070809726726459e+00 4.882025970492555267e+00 2.007604099264811737e+01 2.002387740603769473e+01 1.947952209108841615e+01 1.389961516407669784e+01 4.772371124935784081e+00 1.094581139064797037e+00 2.001077918198912897e+01 2.000992977271649309e+01 1.418813974987147652e+01 1.416366357892098193e+01 2.002378824418702052e+01 1.783911383030993747e+01 3.217533973271181402e+00 1.921688452860266594e+01 2.000222390548893969e+01 3.011535494700340099e+00 2.009476101746155763e+01
2.526786264046545702e-02 1.416740348637129010e+01 3.416740348637058133e+01 3.419152759540500597e+01 3.418189433907598129e+01 2.409944584532286171e+01 1.117051365796417173e+01 1.194409125162605179e+01 3.194409125269553584e+01 2.051424774236232196e+01 3.725151331692047307e+01 3.041282158960113691e+01 2.209423650130311856e+01 5.039149323100437172e+00 2.503472918154423255e+01 3.431032068866580431e+01 3.743752047265518001e+01 1.743752048622351225e+01 2.674707081406916842e+01 2.488202597022674922e+01 1.218499340389470653e+01 3.218499340347602811e+01 3.620151970618967852e+01 2.959930767252354755e+01 2.128977868638832405e+01 2.119427234382067926e+00 1.657790303100055951e+01 3.636838028535309775e+01 3.418813974987726567e+01 3.416366357892168537e+01 2.747158634666592292e+01 7.804705098627691129e+00 2.357445855961699976e+01 3.204649668539453700e+01 2.599295946470042651e+01 5.992959464700072125e+00 2.599295946470042651e+01
4.163169627051844027e-03 1.414629879335787699e+01 3.414629879335716822e+01 4.297346774444869055e+01 5.238371568852193150e+01 3.872980311483927807e+01 1.872980311814858467e+01 1.797431814318121823e+01 3.797431814105625136e+01 4.051424774081869629e+01 4.879851850125544388e+01 4.128583066322163830e+01 2.128934738691082984e+01 7.147334429879347972e+00 2.714618025705559390e+01 4.077761766442574753e+01 4.572178872005024886e+01 2.898452587001582259e+01 4.572178917026215572e+01 3.773199536556755618e+01 1.773199536614690075e+01 3.773199536556755618e+01 4.933167518618812153e+01 3.066230998585060519e+01 3.628375509422941292e+00 1.332429878500456510e+01 1.438911115736867252e+01 2.524804781152955968e+01 4.447760865186145907e+01 4.381140905704182842e+01 2.962202839372706009e+01 1.113534768515686402e+01 2.503206956162741292e+01 4.451618237399990363e+01 3.427723071215949346e+01 2.013509508843077001e+01 1.052206760127849527e+01
5.883922493566802470e-02 7.129907036801173881e+00 1.468919649698578489e+01 2.623620188077850557e+01 4.623620188077921256e+01 4.701407306140572473e+01 2.872980311814840704e+01 2.691859005318021758e+01 3.211645376691166831e+01 5.211645375966102023e+01 5.349360247541029167e+01 4.175342697233272560e+01 2.972799976495698004e+01 9.729323327350936523e+00 1.269407671924876801e+01 3.255631734908613595e+01 4.675482727131776528e+01 4.898452584028457579e+01 5.726879278555419717e+01 4.405655068563625321e+01 2.405655068648354700e+01 4.405655068563625321e+01 4.235773888811621646e+01 1.779498813390061329e+01 4.725880370556669874e+00 9.847618920849226853e+00 2.779995157083037327e+01 4.052688123722762015e+01 5.277607192233895717e+01 3.739402054497634964e+01 1.635346138673960681e+01 2.749845138788095511e+01 3.027186112164527998e+01 4.906573047493525053e+01 4.841936633588298378e+01 3.385540093461114708e+01 1.385540093461185762e+01
1.256007409845548775e-02 2.001256007409810067e+01 3.468919649698649010e+01 4.297346774444869055e+01 5.452047312824140590e+01 5.701407234811236435e+01 4.287193874187671838e+01 3.691859005317986231e+01 5.211645375966102023e+01 6.040072352430318858e+01 4.516683301267018891e+01 2.506687870098166471e+01 1.347566657367762488e+01 2.972799976495813112e+01 3.255631734908613595e+01 1.872087289607819471e+01 3.852855959942550612e+01 5.365542729640172581e+01 6.489849837549631673e+01 5.161584014530586018e+01 3.161584014666795994e+01 5.161584014530586018e+01 4.358120837311850693e+01 2.099957581407323559e+01 5.873850589167590286e+00 2.176017194492491313e+01 1.672427891188517179e+01 3.536303630132976394e+01 4.952478096017883047e+01 4.668665006790888583e+01 3.595705289968403662e+01 2.197002178989242793e+01 3.245054033894596301e+01 5.051230503474749867e+01 4.899451235894084533e+01 2.899451235894013834e+01 1.744750697514741944e+01
9.594114293757748102e-02 1.009594114293766509e+01 2.423807676667376398e+01 4.423807679511983082e+01 5.436158453574196159e+01 6.244454289504855637e+01 6.287193871928830902e+01 5.106072567690561215e+01 6.520285961512543338e+01 6.150925191743012732e+01 4.205585916587340023e+01 2.319002275139768798e+01 1.649102532760338491e+01 3.648237253001639857e+01 4.675482727131998217e+01 3.274161815954731480e+01 2.576752603037732570e+01 3.715971101623209449e+01 5.676697454680576982e+01 5.990011111458679238e+01 4.575797577039797659e+01 5.990011111458679238e+01 4.225735157335320480e+01 2.138940377960611627e+01 7.029430789957731740e+00 2.669421871808624402e+01 2.533286266803403919e+01 2.441027418561940721e+01 3.607658776401265754e+01 5.472445715041241954e+01 4.408378128821724573e+01 2.619773755934017245e+01 4.408378128821704678e+01 5.845304643394082689e+01 5.727878360640303868e+01 4.191964293014778065e+01 2.191964293014707721e+01
7.711341127313005306e-02 2.007711341127277649e+01 3.838021189479014339e+01 4.185396790660951183e+01 3.458530621161391849e+01 4.862140682637618028e+01 6.821959941212455192e+01 7.106072565068365066e+01 6.723994941669832315e+01 4.725715067671178105e+01 3.396368333658529082e+01 3.580407004387858194e+01 3.648237253001639857e+01 2.102431769975101972e+01 4.100772262136818824e+01 5.249947210823812327e+01 4.550780060597492138e+01 3.460862423638511132e+01 4.850329857788490528e+01 6.837370048563455782e+01 6.575797576575045866e+01 5.435755731581003403e+01 3.402099523404416459e+01 1.979745007106080834e+01 8.175410918346454281e+00 2.672172386349794238e+01 3.421846295751080902e+01 4.148033281870657163e+01 3.607658776401265754e+01 5.472445715041241954e+01 4.884890528744421090e+01 3.101944387684278226e+01 4.070133883037527056e+01 5.913392430993947357e+01 5.824957454870288132e+01 3.824957454870217788e+01 2.708362072509039109e+01
2.297228869525369793e-03 2.000229719707807163e+01 3.190677499304429432e+01 2.195958208774386833e+01 4.185396790660951183e+01 5.400232996851990919e+01 5.095728518261439177e+01 5.935241041141573959e+01 6.946175396988850537e+01 6.150925191743012732e+01 5.310997692056781716e+01 5.520609559120756415e+01 4.429119770407165646e+01 2.431859850183539606e+01 3.587383381754283818e+01 5.578953060596771252e+01 6.260144634731380364e+01 4.338247032576022377e+01 6.260144634731380364e+01 6.893328683339591123e+01 5.733190551463647466e+01 4.827431091304253385e+01 3.984601210614860634e+01 2.936321056725038048e+01 9.306247454923935791e+00 2.592122253024208689e+01 4.620346870414135765e+01 5.565175518389219889e+01 5.472445715041241954e+01 6.297297415634491813e+01 5.406177482473347595e+01 3.600386504110718278e+01 5.406177482473347595e+01 6.720173714086888594e+01 6.653384579616607652e+01 5.375028739175799330e+01 3.375028739175728987e+01
9.647730019007895452e-02 1.983589308854683253e+01 1.196142822681053275e+01 2.998111598389898091e+01 3.386849099211891456e+01 3.386849099211892167e+01 3.085099214946186663e+01 4.086821243572622109e+01 5.510326117754614472e+01 7.539426271057131146e+01 6.900327805255398061e+01 4.911157712842721423e+01 3.501989935020076672e+01 2.833036672356260866e+01 4.828140544919890687e+01 6.403946983726922326e+01 7.148974796351645011e+01 5.731578735529223678e+01 7.148974796351645011e+01 6.063482274813316053e+01 4.051582788733168172e+01 2.868927623369878788e+01 1.935588845861333240e+01 1.261765604973452071e+01 1.052805238210519789e+01 3.056145012288251905e+01 4.039421161038557528e+01 5.368481465194475533e+01 5.189888982417284069e+01 6.022475834687734420e+01 6.209313527806776278e+01 5.406177482473347595e+01 4.529581936195035041e+01 5.589794066562580355e+01 7.537046400151402281e+01 6.130957685194280060e+01 4.130957685194209716e+01
3.582433992925927735e-02 3.017248309929544181e+00 6.447220012940202416e+00 9.982753922857117601e+00 1.383175580007206484e+01 2.015634558977872004e+01 3.431352312757388745e+01 5.444542097873289066e+01 6.393559476956444598e+01 7.406145972973145319e+01 6.900327805255398061e+01 4.911157712842721423e+01 5.297647139393743032e+01 3.305699358808163169e+01 4.096867592767134880e+01 5.245923198669570553e+01 7.234714293918051453e+01 7.732763219965528378e+01 7.166427635563861998e+01 5.159423859152119007e+01 4.980561227297818760e+01 3.689600913870507526e+01 1.626055947469343010e+01 3.259321615837333042e+01 3.056145012278946993e+01 1.223761402462117864e+01 2.629136475864211420e+01 3.912291385932216770e+01 3.178001146688653478e+01 4.599401850410357895e+01 6.615451024915198275e+01 7.229960803199320196e+01 6.412799741173760992e+01 7.229960803199320196e+01 8.361508470095812129e+01 6.959384809940600292e+01 5.285658223573501857e+01
1.813270376062421294e-02 2.001813270376026921e+01 2.647069039046472128e+01 2.153161859508683307e+01 3.386849099211890746e+01 2.199699369933963666e+01 2.832236560095977040e+01 3.539699354943512333e+01 4.542118861487830372e+01 6.563689387076630055e+01 7.726261718744419227e+01 6.900327805255398061e+01 5.794871627963593852e+01 3.805973673684191994e+01 5.794871627963593852e+01 6.911711581005179994e+01 8.060935568707981247e+01 7.310254559422452303e+01 6.307670672987531191e+01 5.159423859152119007e+01 3.135200921960188580e+01 2.074937832207663391e+01 3.689600915975321982e+01 3.689600915974621387e+01 4.058766384150963091e+01 3.226641457525179391e+01 1.395393235846207780e+01 1.911208485065007423e+01 3.917459390879825776e+01 4.622512620807027162e+01 6.048878391830421464e+01 8.061170274694445936e+01 7.746800992373943018e+01 7.746800992373943018e+01 8.574100030034927045e+01 8.114085348319892432e+01 7.285658223573643966e+01
2.372884694381488524e-02 1.002372884694372779e+01 3.002372884694337074e+01 4.159740899596580732e+01 4.997065827767258384e+01 4.205861262070294515e+01 4.841128752123974976e+01 5.552904124282231635e+01 6.393559476956443177e+01 7.406145972973131109e+01 8.459863231395929972e+01 6.468937341728386059e+01 5.064267141667394156e+01 5.794871627963593852e+01 4.869782791680330547e+01 6.857180258017170615e+01 7.901499738250532801e+01 5.891922024845543149e+01 4.474519100196482668e+01 3.468357607862608916e+01 2.617410162199916712e+01 3.555833027082868369e+01 4.980561564427751620e+01 5.717746033732826305e+01 5.253760208604411019e+01 3.524846608315466767e+01 1.520290674799765362e+01 3.524846608308828877e+01 2.981361549696566016e+01 4.401853068102061428e+01 6.418140824992366333e+01 6.984302542960435289e+01 5.729419720153453710e+01 5.729419720153453710e+01 7.746800992373943018e+01 8.918804854826220208e+01 8.149152181214923019e+01
8.175220331382776484e-02 2.008175220331347077e+01 3.002372884694337074e+01 5.002372884694266020e+01 4.785519515050064854e+01 4.925832507830913443e+01 5.759069187889940622e+01 5.397945257324833790e+01 5.029387135335902315e+01 6.447587454672353147e+01 8.462838570600726484e+01 7.878096812262346305e+01 7.052066033972153036e+01 7.683016217327343611e+01 6.016240791072618777e+01 7.683016217327343611e+01 7.996567193203848944e+01 6.837833698654749526e+01 5.250376172703967370e+01 3.239095767546803728e+01 4.657280760798894192e+01 5.488031593724900148e+01 6.405290101772642686e+01 5.589060965701394679e+01 3.581826342782875372e+01 2.407917326473468478e+01 1.645995306459177243e+01 3.651438289278681282e+01 4.666702464042626985e+01 5.825283715117723915e+01 6.389898582324438081e+01 4.965978238425476121e+01 4.301151490414893175e+01 5.062875811870043918e+01 6.075841314322634190e+01 8.092834380848177034e+01 8.149152181214923019e+01
9.124702163186203252e-02 2.009124505564120255e+01 2.656026215857897910e+01 3.004296260053635237e+01 2.783095764483475421e+01 2.923515141303421316e+01 4.241509930081718238e+01 3.394940522669515559e+01 5.397945257324833790e+01 5.665964894018613762e+01 7.677001215010714930e+01 8.419909171562807160e+01 7.590867346523830861e+01 8.419909171562807160e+01 8.005924932908382630e+01 8.832921164605090780e+01 7.167692358882501935e+01 5.158261383686507884e+01 4.004261547002758448e+01 5.250376172703967370e+01 4.402791164886974684e+01 5.819701107330921275e+01 7.829037004032622349e+01 6.407223952798861433e+01 5.253760208629328332e+01 4.428160328112689825e+01 3.651437916259353500e+01 1.828040507588806562e+01 3.834193773973650821e+01 4.896932047710267710e+01 4.903802193214247751e+01 3.543434861896295729e+01 5.557131740590150315e+01 7.084337847585408099e+01 7.913665455748127897e+01 8.918804854826220208e+01 8.989306181591614120e+01
2.239863785106879432e-02 3.266827060466325872e+00 6.554806806573485467e+00 1.003635992568772828e+01 1.368784364239714257e+01 1.768784364266211639e+01 2.240188886525641010e+01 2.906855920334816190e+01 3.662792621714914532e+01 5.077819712072040659e+01 7.085872968918430104e+01 7.413615391539781285e+01 5.573680548682320790e+01 6.898053429175773488e+01 7.728656735033936798e+01 8.889477220275682612e+01 7.278459010595264544e+01 5.268970435053057599e+01 5.419017816553607503e+01 6.007546844435121614e+01 5.819702190359042504e+01 7.238253304282788747e+01 6.895878818774325225e+01 6.064237548752958418e+01 5.290046381328797054e+01 4.141903001636353565e+01 2.135883378116293230e+01 3.834193819543680348e+01 2.058215956241980749e+01 4.064308336368993224e+01 2.895440907765772565e+01 4.903802198264784096e+01 5.970627767634578476e+01 6.685307075952620437e+01 7.515948170251051863e+01 8.522638060351584954e+01 9.357161313506810529e+01
1.766589122093755945e-02 1.989826122952707266e+01 2.069589496556657338e+01 3.004296050490184911e+01 2.783095764484303558e+01 2.923515141303430909e+01 4.241509934535976356e+01 4.908836941721579450e+01 5.665964893988624596e+01 6.500311675525030353e+01 6.940397245426579786e+01 6.582273939008933894e+01 4.566674406464609604e+01 4.882039967783580892e+01 6.046059348463428762e+01 8.061898987302815556e+01 8.107070740759058936e+01 6.690239632317951646e+01 7.428381605396931775e+01 8.015174682724050115e+01 7.829204518832604265e+01 7.490038322585090214e+01 5.473651530989629777e+01 4.048494935451573440e+01 4.457118503632318607e+01 2.451098240709989895e+01 3.552576151877958921e+01 4.896963976445485400e+01 4.064308413905214934e+01 2.292554334526726123e+01 2.719198189856452075e+01 3.320928467611947354e+01 3.953376653613648273e+01 4.663888734811015269e+01 5.675289068983486374e+01 7.695325082921750948e+01 8.527539092122647446e+01
