LEM/with_lateral_4open/elevation_000603.asc
nrows	100
cellsize	150.0
xllcorner	0
ncols	100
yllcorner	0
NODATA_value	-9999
[rows 51 to 67 of 100, columns 37 to 73 of 100]
4.050935942841213233e+01 4.249141809460657981e+01 6.266072068747104140e+01 7.385385604614614863e+01 8.454783066684785808e+01 7.627220133497826282e+01 7.352074478301398130e+01 7.352074478301416605e+01 9.374906931056284520e+01 1.085885924681576142e+02 1.167792985814142526e+02 1.057502616286694916e+02 1.222780827539077393e+02 1.206642363268617686e+02 1.003252985241698951e+02 1.062824354842677224e+02 9.042630749031452808e+01 9.467858928970454713e+01 8.182367131277105443e+01 8.659705393448756183e+01 8.353715511159553841e+01 8.061510931910225963e+01 7.779344279376347515e+01 7.212527600479207024e+01 5.221518350844920775e+01 6.353740910753879945e+01 8.385651932104774176e+01 8.416595692331343059e+01 7.322949280535453909e+01 5.328004285553672759e+01 4.173773165563223131e+01 4.850107199497735166e+01 6.521716463544839826e+01 6.882844907824186009e+01 4.867043941819542141e+01 3.450829971008027997e+01 5.003046440952219598e+01
5.480940877385417309e+01 6.266072328429221727e+01 4.533033993707754661e+01 5.698397911793703940e+01 7.131737948985215780e+01 9.139090118113544747e+01 9.374906930738424649e+01 9.374906931204895955e+01 1.019950040322990361e+02 1.123560283864968028e+02 1.205562020994694450e+02 1.254956498430293124e+02 1.336805926423207893e+02 1.290204529725014595e+02 1.206642363268617686e+02 1.192174459128504509e+02 1.108380540320442691e+02 1.107139996454285011e+02 1.023116147811048506e+02 9.399074209436902549e+01 8.382994833583049399e+01 7.540481125235177728e+01 7.578080096624698569e+01 6.738549604897876577e+01 5.031259629984641890e+01 6.419401235533764805e+01 8.447531356690184623e+01 8.574371751917594509e+01 8.152359378713958904e+01 6.999321240294570146e+01 5.693698739832831279e+01 3.695776206366254968e+01 5.252431471254293882e+01 6.080377700150755516e+01 6.292687426380940963e+01 5.003018136612725186e+01 3.022123732164002163e+01
7.533833133010229233e+01 6.718588109409289189e+01 4.738965662213962560e+01 6.761807176231538108e+01 7.917185012057102256e+01 8.097538306279402320e+01 1.009899933984783473e+02 1.080026658756534772e+02 9.978889243068512371e+01 9.248564174501093760e+01 1.065587322862751307e+02 1.263519392567446573e+02 1.271707746270020039e+02 1.154925953402989620e+02 1.071252357422192176e+02 1.068981348934838280e+02 1.150743600334892278e+02 1.126857102774219470e+02 9.999721382014401172e+01 7.957700953135460509e+01 6.525167660419883475e+01 5.538010411889568729e+01 6.470065556064997736e+01 4.765974047132511515e+01 6.738252190476691794e+01 7.854376896868436120e+01 8.574371751917594509e+01 6.550475328206896108e+01 6.921867241805938420e+01 6.899640735038275352e+01 6.087758533493872193e+01 5.252431471254293882e+01 3.253985319072906179e+01 4.831122013874620080e+01 5.442119407889558147e+01 5.583054544737398572e+01 4.574018093808710717e+01
7.587809021693284706e+01 5.563348365796387895e+01 6.761807176231538108e+01 5.059930232844033071e+01 6.075028381421726920e+01 8.097538306279400899e+01 9.678467227511596604e+01 9.978889243144097065e+01 7.980462206155810634e+01 9.978889243144097065e+01 1.104041369529144276e+02 1.186063255693672289e+02 1.188247269581107446e+02 9.856519424984010413e+01 8.669671706358714403e+01 8.668895072776788879e+01 1.031440812808473453e+02 1.039521488938422635e+02 8.305443832048199226e+01 8.672037262585411099e+01 7.902750437701232045e+01 6.470116249824312149e+01 4.503568854914272634e+01 6.225067165224792376e+01 7.059056976155821417e+01 8.214630993677133119e+01 8.025238178726847593e+01 6.866592766783030299e+01 4.930560910013814180e+01 5.788894410288695980e+01 4.139273026648608322e+01 5.386814885373166817e+01 4.800067853820782915e+01 2.831435026160261614e+01 4.281310778979488418e+01 3.720105529787349496e+01 4.293136061457567365e+01
8.226667986773718155e+01 6.206419337022883553e+01 7.917158005503125651e+01 7.086275829631051693e+01 5.400944746079904490e+01 6.839051687973916671e+01 8.176036926720510678e+01 8.527583514694450173e+01 7.339947556767725700e+01 9.346931125693387798e+01 9.051708242162808915e+01 1.104041369529144276e+02 1.178394599281605082e+02 1.094241006542383303e+02 9.533561912054980780e+01 7.477523851206376548e+01 9.432741782190470303e+01 9.385813764600521836e+01 8.651964410965038610e+01 6.637423831787120321e+01 5.896258896121644000e+01 5.287305240989557831e+01 5.812352527346183706e+01 4.262630839307454522e+01 5.381739254078575385e+01 7.376278985854992243e+01 7.184488653640629252e+01 5.187155845399676224e+01 4.052936353576037476e+01 4.978756166065335265e+01 2.996147585902975763e+01 4.303803093335864816e+01 4.094292903657843397e+01 2.544782830907306348e+01 2.437320859005147256e+01 2.330521021518038793e+01 4.057156099240327052e+01
8.937736199629274836e+01 6.926533199890515391e+01 8.937734603073279516e+01 7.904762531219417099e+01 5.880354681363252212e+01 5.811564891937086941e+01 6.151857093538053078e+01 6.508102116897856604e+01 7.018998363516774930e+01 7.631803049100246028e+01 9.051708242162808915e+01 1.104041369529144276e+02 1.094241006542383303e+02 8.891664315325560608e+01 8.963780969015262201e+01 6.910372655969085542e+01 8.215234599548432470e+01 7.274032587017714491e+01 8.713701395180285658e+01 8.672037262585411099e+01 7.902750437701232045e+01 7.268084572060720916e+01 6.056913846227463694e+01 4.094538703401530455e+01 5.822333054479410919e+01 5.693464148734112484e+01 5.566393184082289736e+01 5.441468942123691477e+01 5.146564336096826509e+01 3.166394973279722080e+01 4.853278979153920858e+01 2.827794292844669144e+01 2.710010300220119461e+01 4.556020776555656226e+01 4.484824724477779512e+01 4.168397006555145623e+01 2.180457560649590221e+01
8.937736199629274836e+01 8.353792513288911437e+01 9.761045243342830702e+01 8.409294397631821028e+01 6.391160819768650470e+01 6.401335421157413919e+01 8.176036926720510678e+01 7.680992027960633095e+01 9.030445231753667201e+01 8.664720600282706187e+01 9.051708242162808915e+01 1.104041369529144276e+02 1.067753715662435212e+02 8.624670152252653565e+01 7.432764360934814363e+01 6.710288033971905008e+01 6.176575322911114796e+01 5.842814186495106554e+01 7.401765497805456562e+01 7.096976905245379896e+01 6.801509357350535367e+01 6.551758242757293260e+01 6.022548979157789972e+01 4.073512950742069449e+01 3.855041335251726764e+01 3.719790292391444098e+01 3.591171579820316850e+01 3.464892294577017395e+01 3.340399394243172537e+01 5.122280690069888465e+01 5.374966289901475847e+01 4.573994507442480284e+01 4.593697994096383752e+01 5.452491818765103915e+01 3.564956792052323920e+01 2.412973334091216060e+01 4.182285533340686356e+01
1.092777767767103398e+02 1.034750096685432084e+02 1.035244195848418940e+02 8.364122550935546485e+01 6.937097139053889805e+01 7.016855853784912256e+01 9.028357825174202844e+01 9.684048992200463601e+01 1.050625917676778585e+02 1.007688095243550919e+02 1.104041369529144276e+02 1.186063255693672289e+02 1.151969347742571443e+02 1.021736195223183756e+02 8.162214338130186775e+01 8.764153137961208984e+01 7.346466711047763454e+01 7.401765497752462863e+01 5.403090318201943631e+01 5.114880313288033875e+01 4.834935208700473197e+01 4.599292656850388994e+01 4.369717590422023790e+01 5.987413645345448998e+01 4.033450521856820359e+01 4.003449219050209251e+01 4.664690550421085646e+01 4.271405458336968763e+01 5.318412895214198954e+01 4.588597064114215840e+01 6.573553753893075680e+01 7.283742893318868994e+01 7.157515961743180810e+01 5.776008155204472416e+01 4.581521134798728667e+01 2.579429086945214422e+01 4.581521134798728667e+01
1.151480069850954067e+02 1.160236919238939919e+02 9.626696669643168036e+01 8.215136377035328508e+01 7.765522750778831096e+01 9.028357825174202844e+01 8.029247827658572589e+01 9.187547141154951191e+01 1.117482081083043965e+02 1.206003466997289593e+02 1.164209691419830932e+02 1.080528950571974462e+02 1.164209691419830932e+02 1.106087557344342542e+02 1.021736195223183756e+02 1.024767040236372821e+02 9.401993605286631350e+01 8.247838639114050352e+01 7.401765497800737137e+01 5.554611280424632014e+01 6.801509357302668946e+01 5.098501437428495109e+01 5.440013658275534425e+01 4.838674735708612928e+01 6.788631404136773995e+01 7.030509933856936300e+01 5.575207388347408255e+01 5.249880333352921014e+01 7.085355591383296314e+01 5.984780917864372185e+01 7.412074660266820558e+01 7.815901037890057523e+01 7.190950607988298771e+01 5.181887823544601446e+01 4.750130739624686527e+01 2.748002645014545209e+01 4.750126768014159495e+01
1.028518033130841900e+02 1.112203773036484620e+02 1.102368571070498717e+02 1.020535775415159492e+02 8.770406867177135268e+01 1.058018818938440120e+02 9.187547141154951191e+01 1.084874170597112624e+02 1.199479642839123272e+02 1.171640935007229132e+02 1.062597468479902858e+02 8.768069238507797536e+01 1.062597468479902858e+02 1.130347256253858603e+02 1.046680266168680618e+02 1.130347256253858603e+02 9.840455113396311049e+01 7.789487142115042673e+01 6.354563886112820370e+01 7.559156073784721741e+01 7.665724028695355230e+01 5.640880975362874494e+01 7.057629222891993948e+01 6.983577469124142567e+01 5.730841182280915547e+01 7.792050136913715619e+01 7.009406357575714708e+01 6.653341559508083947e+01 8.089209981886294543e+01 7.997586065414091649e+01 7.228095168397527459e+01 5.804038363209995310e+01 6.007299982374289016e+01 5.181887825455721952e+01 3.179911421471392430e+01 4.750118480295171253e+01 3.040316561084646807e+01
8.245555210387531986e+01 1.028518033130841900e+02 1.204872688440931370e+02 1.156999046135545655e+02 1.075254424076991455e+02 1.156999046135545655e+02 1.117482081083043965e+02 1.199479642839123272e+02 1.145365514553225665e+02 1.028151907669696214e+02 8.846628803321648604e+01 7.755622882575151777e+01 9.786679372113773923e+01 1.029015067663204377e+02 8.437365454341511395e+01 1.029015067663204377e+02 9.840455113396311049e+01 7.789487142115042673e+01 7.789487142115042673e+01 8.014005033833551295e+01 8.358315455102690805e+01 6.280686720923221600e+01 8.358315455102690805e+01 8.408493254854330701e+01 6.363982728048522830e+01 8.408493254854253962e+01 9.047703533400013498e+01 8.681949963727124953e+01 8.856083603804891879e+01 7.848634333193575685e+01 6.393299297807683246e+01 4.387588019755872892e+01 4.003102373409655002e+01 3.638482453937347572e+01 5.181887816387527579e+01 5.253123210645276231e+01 3.251393940894835310e+01
8.842947577226831868e+01 9.178939016276711982e+01 1.121495576620274619e+02 1.131305557875283512e+02 1.047131993092101681e+02 1.047131993092101681e+02 1.106706143246116341e+02 1.146057387303893904e+02 1.061648816592543625e+02 8.582519867774007594e+01 7.418798630368929992e+01 7.050726841539220402e+01 9.068592463750927379e+01 8.440973668831536258e+01 7.429863279648903074e+01 9.452084058014165180e+01 1.068406331417137523e+02 9.840455113396311049e+01 9.840455113396311049e+01 9.465311500318479432e+01 9.210456278843771827e+01 7.315408431171175607e+01 9.210456278843417977e+01 9.247126178352849024e+01 7.543470621027320533e+01 7.809733926400828352e+01 9.854026146204171255e+01 9.447567740144512527e+01 7.427818920777532696e+01 6.006586760002046788e+01 5.004966640283318924e+01 6.393299297807683246e+01 6.007299982374289016e+01 4.393753107644685940e+01 6.399478103396835138e+01 5.467767571764104417e+01 3.465718646593885666e+01
7.511117405170986672e+01 8.690405882545628913e+01 1.073027271737804114e+02 1.047131993092101681e+02 8.440170923510031287e+01 8.440170923510031287e+01 9.035080694180389571e+01 9.426800785428345364e+01 1.086418699746060526e+02 1.028151907669696214e+02 8.430487325916733710e+01 6.425048624095738603e+01 7.801666940282299834e+01 6.430666484995130361e+01 8.440973668831536258e+01 9.737886131275152479e+01 1.081102287519759813e+02 9.978919878794911824e+01 1.081102287519759813e+02 1.150965277185676996e+02 1.024689236209039507e+02 9.401222479034215951e+01 1.024689236209060965e+02 1.042247465239884008e+02 9.590136147510540354e+01 9.854026146204171255e+01 1.068451843030486828e+02 9.078248473746128866e+01 7.059766160064889107e+01 5.900664280390108729e+01 6.006586760002046788e+01 7.848634333193574264e+01 7.234275492195705226e+01 5.549617081625227399e+01 7.234274584546648157e+01 5.700548092000129685e+01 3.697737825842927606e+01
9.552555051176545931e+01 1.039185408622584674e+02 1.156567971152017975e+02 1.028114756719700864e+02 9.035080694180389571e+01 7.012324805787950766e+01 8.739446863941647337e+01 7.993826993073675169e+01 1.002247913139478470e+02 1.005983494190823819e+02 7.915157209707993502e+01 6.596381674053016297e+01 5.798260739028745547e+01 5.831087166597917104e+01 6.886864737719109542e+01 8.900694684538574109e+01 9.801735415310925248e+01 7.956326846987940371e+01 9.801735415310925248e+01 1.110350087432356077e+02 1.122705309909791964e+02 1.040629711598852793e+02 1.060186194992743793e+02 1.064467986568864148e+02 9.793629920120044119e+01 9.995913965218129249e+01 1.081726614806234466e+02 9.915281696920207821e+01 8.749522360606019333e+01 6.797757697822395073e+01 7.427818920777532696e+01 8.856083603804891879e+01 8.396517873666974197e+01 7.560410021197651531e+01 7.154486779145013031e+01 5.948703302455198383e+01 3.936101947346747210e+01
1.088797117077726284e+02 1.044814803697075689e+02 1.128995346024738211e+02 9.439912754139142237e+01 7.415411919369209670e+01 6.377215260524593532e+01 6.718821543491804960e+01 8.739446863941647337e+01 1.042553715877771765e+02 9.589147910858004309e+01 9.425037179096617024e+01 8.477460184869825355e+01 7.256408835771328825e+01 5.256433656108509211e+01 6.667004016344787942e+01 8.679355830064120880e+01 8.967623362891434624e+01 6.952577787275470200e+01 8.255197167432433503e+01 1.009734886813496360e+02 1.007995342618088443e+02 8.417244216337653029e+01 8.666670437497133150e+01 9.417440199513383448e+01 7.738599925217987163e+01 7.996814904175430172e+01 9.995650410203869285e+01 1.131718793610261713e+02 9.652165303119535622e+01 7.960156058843911353e+01 9.447567740144512527e+01 8.888413426297269382e+01 8.052628416342017204e+01 7.343936485440050888e+01 6.321702229837827502e+01 4.313041532997935690e+01 5.948703302455198383e+01
1.011692937007258593e+02 8.416642983324005911e+01 1.011692937007258593e+02 9.217731477535427587e+01 7.194251048355683054e+01 5.773055518520888540e+01 7.786914744462995941e+01 9.580499292202959793e+01 9.257483246858684822e+01 7.564401082514255847e+01 9.257483246858684822e+01 8.382652533590558619e+01 6.372879766192741613e+01 4.962232739792542446e+01 6.961528581119500814e+01 7.095483074006648394e+01 7.522164967221510778e+01 6.247705810266598547e+01 7.246569080255630979e+01 9.263825254609221815e+01 9.257916888942683897e+01 7.262071921534348462e+01 7.261489439446829408e+01 8.584884054281478427e+01 6.578448538186452765e+01 8.581646504744398385e+01 8.507168539840351684e+01 1.050183645487305313e+02 1.081947901700445271e+02 9.982804238697822541e+01 9.477981218049725953e+01 7.462227954728795964e+01 6.048144936830888696e+01 5.342389122027053361e+01 4.707001772310682242e+01 6.321702229837831055e+01 7.154486779150145992e+01
8.137804209833959135e+01 7.250814743046792898e+01 9.275258041422186750e+01 8.828312396507413951e+01 6.807450617893763933e+01 5.388207778279537052e+01 7.399345111248688056e+01 8.807995555752464156e+01 8.420159784472899389e+01 6.402319287851115348e+01 8.420159784472899389e+01 8.098427743096343079e+01 6.090750360912696948e+01 4.679413186138486225e+01 6.518218278219104889e+01 5.095779162795477646e+01 5.520849491114915253e+01 6.672074003127548281e+01 8.683410819701383332e+01 1.009734886813496360e+02 9.515852913478515518e+01 7.521475697404636662e+01 6.104594569053060127e+01 7.290018947961129925e+01 5.973726632824374150e+01 6.870809792308737940e+01 8.874438958295858981e+01 9.377535512854184674e+01 9.377535512854184674e+01 1.020079779219403520e+02 1.007010350012292150e+02 8.052628416356583330e+01 8.052628415245864346e+01 7.195917444747313141e+01 5.195151643190339996e+01 5.275715048258387441e+01 7.278888769338998088e+01
