LEM/with_lateral_4open/elevation_000576.asc
nrows	100
cellsize	150.0
xllcorner	0
ncols	100
yllcorner	0
NODATA_value	-9999
[rows 68 to 84 of 100, columns 0 to 36 of 100]
5.009162696260269221e-02 2.005009162696224578e+01 3.831606253098681947e+01 3.516547269915535878e+01 1.514809263091814806e+01 3.179014340132085437e+01 3.443118333809685083e+01 3.126541718873521702e+01 3.407299748107515569e+01 2.698306623586902475e+01 4.116292872637782807e+01 6.121948940438949194e+01 6.268561417602268193e+01 6.957331505509745284e+01 7.807684600380515860e+01 8.878469511034928985e+01 9.111138012997655267e+01 9.440012679427348985e+01 8.006845655287494878e+01 6.108964569652374621e+01 8.004025992591668626e+01 7.829676070795274256e+01 7.319027139063490495e+01 6.203342882156886873e+01 4.191285923998226792e+01 4.322657442018812191e+01 4.854766981376981505e+01 6.276857303458125159e+01 8.298644171667008607e+01 8.581780433850461520e+01 7.746391020143384765e+01 5.986180220119931050e+01 6.438864200731424603e+01 7.869982514649582583e+01 9.889553575393507856e+01 1.026430356726931450e+02 9.180162921105522855e+01
4.695337527364121244e-02 1.418910291105878230e+01 3.419099270099260934e+01 4.347963753056686187e+01 3.516866888832251448e+01 2.515340014680484515e+01 4.517207197619866577e+01 5.130963496847202521e+01 5.412842403795563229e+01 3.516629333043367467e+01 3.770020084381041414e+01 4.773347238397186487e+01 6.191647313572140376e+01 8.195476309401037440e+01 8.531578334339552327e+01 7.630893253375512586e+01 7.150406969461359097e+01 7.607396043485738346e+01 9.167874236040857738e+01 8.366058746083398034e+01 9.192927232151244255e+01 8.671438010729845303e+01 6.532381943111953149e+01 4.976443983122293702e+01 5.611112792645763392e+01 5.137248399864404291e+01 6.869024967042589935e+01 5.857980108054183432e+01 7.025158895846236362e+01 9.047899875505527234e+01 8.773795020831671820e+01 6.749952743981226888e+01 7.869982514649582583e+01 9.296085844890144756e+01 1.026430356726931450e+02 8.238978205870553495e+01 8.610632334421019607e+01
7.614146464036156137e-02 2.007533633538736950e+01 2.502115655711700981e+01 4.500335919096895765e+01 5.345463738139551424e+01 4.517207197619866577e+01 3.931038466510026552e+01 5.932343698104273244e+01 6.352907541799763180e+01 4.519967915928567948e+01 5.775951236187249549e+01 6.606071761850316193e+01 7.608422490222673673e+01 8.340835528263227161e+01 7.448829173581928842e+01 5.776301946591802050e+01 5.770826340808668675e+01 7.724691796047602566e+01 8.222704514191863723e+01 9.079936605442696873e+01 1.031855382849975342e+02 8.677400810941284703e+01 6.639645627766401503e+01 5.742202681776770135e+01 7.636145493433295428e+01 6.142634222348303297e+01 7.987767467701117141e+01 7.025158895846236362e+01 8.712383615301818907e+01 9.876396488008266772e+01 9.607943376767123311e+01 8.182515266534149134e+01 8.773795020831673241e+01 1.072218917513072398e+02 1.004273263019935172e+02 8.017436969231110311e+01 6.591607408397368317e+01
2.352828262072655108e-02 5.023528282620704388e+00 2.502363049072926771e+01 3.951232422862577209e+01 4.779062251919593507e+01 5.673179698852160158e+01 5.932343698104273244e+01 6.759889009769075585e+01 7.355375511614285244e+01 6.525468766580490865e+01 7.355375509757804764e+01 7.602292900964263822e+01 7.009903419336458796e+01 6.312347899306161025e+01 6.312347899487943437e+01 4.626797876828994305e+01 6.623932615096730103e+01 7.016710065474873659e+01 6.145752919391657798e+01 7.345983629626785216e+01 9.458670660847324996e+01 9.509304581926862454e+01 8.622223747455301179e+01 6.766095761586237245e+01 8.622223747455301179e+01 7.573940969731769712e+01 8.996910506930531426e+01 9.047899876814625486e+01 9.876396743279569534e+01 9.626139425142521588e+01 1.046139931057541617e+02 1.020127062281336094e+02 1.078993783152493080e+02 1.114276201838035547e+02 9.116275578645746691e+01 7.684901575621223913e+01 6.522103550033008901e+01
6.786455232800275850e-02 2.006715444303239693e+01 1.318849408716297411e+01 1.951304939136413097e+01 2.845732070850511519e+01 4.259934362883296899e+01 6.259525321039107837e+01 6.277388901361568685e+01 6.277388901362277807e+01 7.109472625449089378e+01 7.158276258479871501e+01 5.567602220299356475e+01 4.970181502633002424e+01 5.025577882013494957e+01 4.270375647812596043e+01 4.046258221598282745e+01 6.026292525134697087e+01 4.949711059575160732e+01 7.015411845150215697e+01 7.762420330203704566e+01 8.592546772108735809e+01 9.597925165724443275e+01 9.637373851837895700e+01 8.806108233518004624e+01 9.637373854617982261e+01 9.593506263101552634e+01 9.222749591565614935e+01 8.693394762291582367e+01 8.343475989796048964e+01 7.598070461587045088e+01 9.033644205407328798e+01 1.105654942026844196e+02 1.064487123198919249e+02 9.810006226760451398e+01 1.024116748661322305e+02 8.215727184944560690e+01 6.788986064284047472e+01
3.257643153035955086e-02 2.003257643153000345e+01 3.318799822488175977e+01 3.951232422862577209e+01 4.779062251919593507e+01 5.673179698852160158e+01 5.681430105158896993e+01 4.253387584919558861e+01 4.253387584919558861e+01 6.277388901362277807e+01 6.320163206869861483e+01 4.282958531232571886e+01 3.530956735330627794e+01 2.998680739266660211e+01 3.260015367101237871e+01 3.579691548073003560e+01 3.982089598480335013e+01 4.527352946010299206e+01 5.099993981603865478e+01 5.725547664518293089e+01 6.754285481249659995e+01 8.185011746141952926e+01 1.018418207641330895e+02 9.634952525590995265e+01 1.022467658263331032e+02 8.627384206982570447e+01 7.196109511429695260e+01 6.667240087092054068e+01 6.317763375571034601e+01 8.161129843823370322e+01 8.998383929709567042e+01 9.739520557715941607e+01 8.903010005245030811e+01 7.781901020116525558e+01 9.476068537343213904e+01 9.647093172433909558e+01 8.808964914414785596e+01
1.880098487986705744e-02 1.001880098515159645e+01 2.416093729168109050e+01 4.416107897036972219e+01 5.336102925876397762e+01 5.042440612441110659e+01 4.846203845374924413e+01 2.804312317279185152e+01 4.523511353199970131e+01 6.655896578088868409e+01 5.157493664793798871e+01 4.316154652381657542e+01 2.635507222441614061e+01 4.656794743671186154e+01 5.291361773702663385e+01 5.619904608257348855e+01 4.408155436027734453e+01 6.455887876342224274e+01 7.148280114042225364e+01 7.762420330203704566e+01 7.393693300060482443e+01 9.403067468705614829e+01 9.039084608246912467e+01 7.610459022805737561e+01 8.203419441303439896e+01 7.789698647877064275e+01 5.768174425816901874e+01 5.242787214321548106e+01 6.730628573731658548e+01 6.138095546667733515e+01 8.161129843823370322e+01 8.570311184952680605e+01 6.875554191966365636e+01 6.611812296345358675e+01 8.570311184952680605e+01 9.739520557715941607e+01 1.082273588259571682e+02
2.900726248362994752e-02 2.002900726248327601e+01 3.830376861693480350e+01 4.015931610790461548e+01 3.510090601461887161e+01 3.011491365231057316e+01 3.398767497615542510e+01 2.183706070442988789e+01 4.213463726370675033e+01 5.214825012623872880e+01 4.316154652278775217e+01 2.299011410914103237e+01 4.316154611899430904e+01 5.426032692863476115e+01 6.198550323243642168e+01 7.037223911717339320e+01 6.455887876342224274e+01 5.376707676532666369e+01 6.825645633827470249e+01 8.849118282937723734e+01 9.403067468705614829e+01 9.334841198405679563e+01 8.203419441303439896e+01 6.178275360504601110e+01 8.203419441303439896e+01 8.627384206858137361e+01 6.622571094097278888e+01 4.609792646690889484e+01 4.716976248437407548e+01 6.730628573731658548e+01 8.209636819677935193e+01 7.372000314392299458e+01 5.710785699591821185e+01 5.710785699591821185e+01 6.875554191966365636e+01 8.903010005245030811e+01 9.986169366155600358e+01
5.081304048347550645e-02 2.005019851521996799e+01 2.477061061507063400e+01 1.893942431688301298e+01 2.491097156603922613e+01 1.618849226536479691e+01 1.385696507530226462e+01 3.026784370090522813e+01 3.772277981813741121e+01 3.783561693721069474e+01 4.083888198876607589e+01 2.068748545492882585e+01 4.083887745641771971e+01 3.389417606876358491e+01 4.154660834218736909e+01 5.602140140767284038e+01 7.638411905459543050e+01 7.418307051204736524e+01 6.674043166121732895e+01 8.110042351343862777e+01 1.012089000654941771e+02 8.500007504310076456e+01 6.475655629853946493e+01 5.462642541035302912e+01 7.487422885097107894e+01 8.627376783571193641e+01 7.460116701751793755e+01 5.969539533778009144e+01 3.960833687989057239e+01 5.969539533778009144e+01 7.043663593180542648e+01 5.353597361012747058e+01 4.813917792400345519e+01 5.817199285123713537e+01 7.245757094191741032e+01 9.272846610636399589e+01 1.082273588259571682e+02
4.469920835086939326e-02 2.004469920835051511e+01 3.226134393546586931e+00 4.568446359266995493e+00 5.923016796663572947e+00 7.287003934588393683e+00 8.673749774192229367e+00 1.016444482809406757e+01 2.108898308079842465e+01 3.385051328905397128e+01 3.557080770167696926e+01 1.842718024122268616e+01 2.444057978432982736e+01 4.465963354358132875e+01 6.198550323268395346e+01 7.037223914253033286e+01 7.331952549096776295e+01 8.167441497582480281e+01 8.699005993620504285e+01 9.530312210386274785e+01 9.171989101074782980e+01 8.004247993276192119e+01 6.847131120219634681e+01 4.810634922347998810e+01 6.847131120219634681e+01 7.790158611525244226e+01 5.770147432950807342e+01 5.596532222446010252e+01 3.589434862417003558e+01 5.596532222445929250e+01 5.669437199608663036e+01 4.196515692966613642e+01 6.206674825925476569e+01 7.666049828848792913e+01 8.677219767591496691e+01 9.659927741404115409e+01 1.049516275213835570e+02
2.324776005098762310e-02 1.336312088604453052e+00 9.378768062910001646e+00 2.422425337467005946e+01 2.590146475656223757e+01 2.679303257503529423e+01 1.444302585115180726e+01 3.005916173728157048e+01 1.231468673104281208e+01 1.384833760909374156e+01 1.544902076815908032e+01 1.796644172543579643e+01 3.810846826015882982e+01 5.021720880427361777e+01 6.460682682801301269e+01 6.991729557269816553e+01 5.287547172320059019e+01 6.800210071360004349e+01 7.522590582510190416e+01 8.357006664155666442e+01 8.336823203623976042e+01 6.311619235295876251e+01 5.135562450746825647e+01 4.271544247968677155e+01 5.728640428926561867e+01 6.570481851950211194e+01 6.140812188542550842e+01 4.130506973683006322e+01 3.235827829518333942e+01 5.159541382726016678e+01 3.661975361085220015e+01 5.669437199608663036e+01 7.043663589176522066e+01 7.997044103231583279e+01 8.834743227191385984e+01 7.631134463844099969e+01 9.325928099602086263e+01
8.699724428260374731e-02 2.008694002800811873e+01 2.728365717371169552e+01 2.105724115049925516e+01 3.865647576128268526e+01 2.329697108840622732e+01 3.371640903478945006e+01 3.994797740961090682e+01 3.291111130962436704e+01 1.961367314138945517e+01 3.463527239258539936e+01 3.810818421983184123e+01 2.160962431422175456e+01 3.582759205222787813e+01 5.009853798761601240e+01 5.402763194963360149e+01 4.100800645349953300e+01 4.749170957849032959e+01 5.479389950384999253e+01 6.666478303255173898e+01 8.692061704464323668e+01 8.004247993276192119e+01 6.754552282961205378e+01 4.702728574891722957e+01 3.616736001285316604e+01 5.183349050457411522e+01 4.838531625348092291e+01 4.632056338579938881e+01 2.911074345828812326e+01 3.153903807650492297e+01 5.159541382727113756e+01 6.014551048660833743e+01 6.408977162334787181e+01 5.973841797926289843e+01 7.318458225866874045e+01 6.461852508750565960e+01 8.488603396474729834e+01
2.249585233037712170e-02 1.416463696511243953e+01 3.416560181991726353e+01 3.865670128697708208e+01 3.865665315762018395e+01 4.212528843192494321e+01 3.292892620290563599e+01 5.132165065841672202e+01 4.632643668608913856e+01 2.563440597026013990e+01 4.570304274990073168e+01 4.684873362351195425e+01 2.659172325690253302e+01 2.606511679884613386e+01 2.976553715360169150e+01 3.361146083986230337e+01 4.127109076647088415e+01 6.177882807349446637e+01 7.522590582510190416e+01 8.357006664155666442e+01 9.523298712317725290e+01 8.779448619271586551e+01 6.754552282960899845e+01 6.382463896106072809e+01 4.305536059331114984e+01 3.085906496104326280e+01 2.818223054767046065e+01 2.636356071926985578e+01 4.642169458920127312e+01 5.159541382727113756e+01 3.646340432544699439e+01 4.005558860508543262e+01 4.397790710094720623e+01 4.814839730085188307e+01 5.300154654179270608e+01 6.198547622168963755e+01 7.366697558975764082e+01
2.739267172789772165e-03 2.000273926717243356e+01 3.868188034993078617e+01 4.695982775116105756e+01 5.680790797027878369e+01 5.906246665119883943e+01 4.221375531908593359e+01 5.906246665119883943e+01 5.376036357726150072e+01 3.274006816607096937e+01 5.376036357359975426e+01 5.229048416310991598e+01 3.193007301407750020e+01 4.632279452158979183e+01 3.553231503117716272e+01 5.402763194963360149e+01 5.402763194963360860e+01 5.427123876987876372e+01 6.876676587131076701e+01 8.901583732745999100e+01 8.406833078491500544e+01 7.570439413597105727e+01 7.570439413600091427e+01 7.221738952607678641e+01 6.031204107816999738e+01 5.183349044135196237e+01 4.450922626590912756e+01 2.442771653314463975e+01 4.450922656060274107e+01 6.283269993235591500e+01 5.653725399938680596e+01 5.162086861770510637e+01 6.408977162814295525e+01 6.236139881149275510e+01 6.724783566928468304e+01 7.318458225866874045e+01 9.062259274076875215e+01
8.327778614586213435e-02 2.008327778614550851e+01 1.868317948670513218e+01 3.282518941902324627e+01 5.282118302595524995e+01 6.827733286275314128e+01 6.042954633574672130e+01 6.827733286275314128e+01 6.261587833062437625e+01 4.746277552493724983e+01 5.376040115710534195e+01 5.819446068515837567e+01 3.774349930504310180e+01 5.819446068515110682e+01 4.270872247172185610e+01 6.318540869124058190e+01 7.443369758347421339e+01 7.469758158808599546e+01 8.304843430604954335e+01 8.546830994514989754e+01 7.570439413597105727e+01 5.551804812520374810e+01 5.551804812520374810e+01 6.515583913324738319e+01 5.924566544082347974e+01 5.710700148192663761e+01 3.699459303673461363e+01 2.276178844071482033e+01 3.439163496225402383e+01 5.447627107564436244e+01 6.778448968920714890e+01 7.179038783769456700e+01 8.016639195896757997e+01 8.260112402079671767e+01 8.751715639113179179e+01 9.344481331969191729e+01 8.251958966488176372e+01
6.510866554257997707e-02 7.136176477324092993e+00 2.713562502310465163e+01 4.695982775116105756e+01 4.643382578498130897e+01 5.031414394735836026e+01 5.443582552847875178e+01 5.632499968843775662e+01 6.472161706075115717e+01 6.896421436903379742e+01 7.524495205475258786e+01 6.658044708758244212e+01 5.819446068515926385e+01 4.868400519624076850e+01 6.318540869124041848e+01 5.568853991126617586e+01 7.015881755264322805e+01 9.039451040104660251e+01 8.546830994514989754e+01 6.523888922643267563e+01 6.895105709416878881e+01 6.143049198437949343e+01 4.132431980307044483e+01 4.504107476717550895e+01 3.915734066219219045e+01 5.335055894981492486e+01 4.127402029466051658e+01 2.112960101781924749e+01 4.127984551720881967e+01 4.835905964036069093e+01 4.764109100452287038e+01 5.934094664494576676e+01 6.605185809705254485e+01 7.442487975622411511e+01 8.452945273131119563e+01 8.406761942778538810e+01 7.251387001548833666e+01
8.953482861371392376e-02 1.953514151680826316e+01 2.486923393745921729e+01 2.853196676441966062e+01 2.629577737091934608e+01 3.015141932704998950e+01 3.424379201653335514e+01 3.611377574286230896e+01 4.986001892832771887e+01 5.825498467307028250e+01 5.998338899488349796e+01 8.029102819702082172e+01 7.745477648511362645e+01 5.896787501335388981e+01 7.745477648511362645e+01 7.608571476593245109e+01 8.443350262029925091e+01 9.338093258605223923e+01 7.312917858662807191e+01 5.884133418619991573e+01 4.879772257486438036e+01 5.993821190247722086e+01 5.137740589372380384e+01 3.134016752481238299e+01 2.513835857679470109e+01 4.052384913609687800e+01 3.969167247353874473e+01 1.955783863685072532e+01 2.386953143633186158e+01 2.828787871195294557e+01 3.347155803308744737e+01 3.924918927910432842e+01 4.591912374073226744e+01 5.594940444459030715e+01 7.615431174951481808e+01 7.577812258189803174e+01 5.576682823426592961e+01
