LEM/with_lateral_4open/elevation_000072.asc
nrows	100
cellsize	150.0
xllcorner	0
ncols	100
yllcorner	0
NODATA_value	-9999
[rows 51 to 67 of 100, columns 37 to 73 of 100]
9.534942025506325081e+01 7.839612137095966204e+01 9.534942025506325081e+01 9.372028522909933201e+01 7.535605352794340206e+01 9.173063266597996801e+01 8.340752335898490344e+01 7.405920786327502015e+01 8.825538830265799106e+01 1.018646826928350890e+02 1.101947698467870822e+02 9.665083656104143017e+01 9.583183899093920388e+01 1.152767244868797718e+02 1.224344038452076404e+02 1.068175799678432156e+02 8.691497159018567231e+01 9.686627577901442976e+01 9.214497585881220232e+01 7.511924504720229834e+01 8.358067683829212058e+01 8.002880106566644258e+01 6.141395378617898615e+01 6.482585871019458068e+01 8.158230476644364160e+01 7.811268628583648876e+01 5.795988997802863452e+01 4.622895771569487522e+01 3.716666281794736193e+01 5.546501260687740853e+01 5.231173991633026787e+01 3.214182622293289171e+01 3.092753962452851368e+01 4.041648898137675161e+01 5.076039479060898429e+01 3.527963365567740794e+01 5.540620226009036031e+01
8.719606964528088611e+01 6.763772078506369212e+01 8.719606964528088611e+01 8.539862184813625845e+01 6.532545505833866173e+01 7.484796665550776140e+01 6.333362941015559500e+01 8.340749490866502924e+01 9.858383041428106708e+01 8.176711071555064336e+01 9.399076829475117734e+01 8.660161407894270269e+01 8.684127029217721372e+01 1.010599547134789304e+02 1.211699504047990956e+02 1.149706598661422845e+02 9.588831204171619049e+01 1.091884628428242650e+02 8.931981556166134339e+01 9.513920761731024811e+01 9.154827191932992037e+01 7.150646844782660594e+01 7.306292585128058192e+01 8.491399078466369588e+01 9.314268032874440451e+01 8.636333724212967411e+01 7.171633665416797498e+01 5.150468329017340352e+01 5.541381253700722453e+01 3.523395676794812914e+01 3.387798350818538040e+01 5.233437159773846759e+01 4.941449432976728673e+01 2.923198887277105484e+01 3.067611927600010091e+01 5.078711779378993896e+01 4.350315349119946973e+01
7.188881428364435067e+01 6.081586299270158946e+01 8.047878652625904294e+01 7.781169442991054552e+01 5.772877822792906244e+01 5.474443365140189144e+01 5.904403388551179432e+01 7.789205694889064091e+01 8.538947308387164981e+01 7.017456649167874616e+01 7.390667655709121675e+01 7.828167100325902084e+01 9.837562953907016094e+01 1.069500360818343552e+02 1.270567448958683627e+02 1.237957743164947146e+02 1.073588706629969067e+02 1.173471171698484170e+02 1.091884628428242650e+02 1.056223676238082305e+02 8.571859060039800227e+01 8.571859060039801648e+01 9.309001617041604959e+01 1.012915952736912431e+02 9.958271744100728995e+01 9.133490957111965258e+01 7.999786097595618628e+01 7.171278015870355205e+01 5.821700125998695796e+01 3.811123567268570866e+01 5.410435116398304700e+01 6.247012796079394548e+01 5.774857009862802215e+01 4.771972206629212110e+01 2.754890085135297539e+01 3.270635078613467783e+01 5.291603606933199444e+01
5.209855298442046490e+01 7.188881428364435067e+01 7.601603962496612610e+01 6.769404451792026123e+01 5.099736841544473265e+01 7.111746441537030705e+01 5.819323240313121914e+01 6.170409007993956152e+01 6.521169155161911135e+01 7.950385580554132048e+01 9.399076828001474837e+01 9.248576539746372305e+01 8.987635764041436914e+01 1.014864727992073057e+02 1.215962172047634482e+02 1.351355604276657232e+02 1.269984733601162930e+02 1.263870603498293690e+02 1.182228210927359129e+02 1.137903369196156405e+02 1.056223676238082305e+02 1.056223676238082305e+02 1.062747287323638119e+02 9.625329975358528145e+01 8.798967599844783649e+01 7.132213367196810339e+01 7.499454647458951229e+01 7.029944743254347372e+01 6.128163356390233218e+01 4.118603211751720750e+01 6.128132896658748763e+01 6.893850078324116737e+01 4.873983914948065177e+01 3.443395413058034649e+01 4.617947440044248708e+01 2.602097220153221713e+01 4.466640739348532207e+01
6.129000602791430907e+01 6.307838855500947517e+01 6.496886602587291293e+01 4.757565469607566655e+01 5.090747499900430029e+01 7.100111804398700599e+01 8.369311968744183616e+01 8.219911813695165392e+01 8.538951173053332866e+01 9.371436836698124750e+01 1.079248874477280111e+02 1.125950192268976338e+02 1.099858508580881278e+02 1.183118549377887518e+02 1.299196515588775753e+02 1.299981434361296522e+02 1.278494484403485814e+02 1.182228210927359129e+02 9.844813897471030373e+01 1.042400092712716315e+02 1.083354800337231865e+02 1.121624092563976802e+02 9.220374839348096430e+01 7.792984718006900380e+01 6.793249631085311080e+01 6.135186540231269703e+01 5.507492824874987747e+01 5.032853540377409729e+01 4.590114804408651850e+01 5.542311204040256456e+01 6.952899299789373799e+01 7.696847408001323743e+01 6.006619443205311626e+01 3.982218367596362185e+01 5.451752653428676609e+01 4.466640741526371983e+01 2.452007330151198516e+01
4.132935851676472794e+01 4.298421530700210980e+01 4.486360025038529642e+01 6.496886602587287030e+01 7.100111804398694915e+01 5.581027767927072603e+01 7.587296268466621996e+01 8.946574207744744456e+01 9.382554220815896429e+01 9.901380733219238550e+01 1.048175386447146451e+02 1.115214826485904780e+02 1.198504427672055499e+02 1.299053331016204709e+02 1.299981434361296522e+02 1.103284674318299778e+02 1.081755765728750731e+02 1.182228210927359129e+02 9.844813897471030373e+01 8.432329228801673082e+01 8.846036409932899858e+01 1.002214979307356515e+02 9.523486208492633409e+01 9.625329975358528145e+01 8.798967599844783649e+01 7.499454647458949808e+01 7.499454647458919965e+01 7.029944743251780892e+01 5.113274442080999904e+01 7.108888829171300472e+01 8.352729122527678385e+01 6.868592912802208161e+01 4.847087630736953656e+01 6.006619443205311626e+01 6.115372308367346932e+01 4.096096777577445636e+01 4.317511195377999655e+01
6.129413918676470274e+01 5.051874535193965698e+01 4.848531799520303309e+01 7.095970545754651937e+01 8.419376798148088881e+01 7.587296268466631943e+01 6.107535924191521559e+01 8.114297638878917951e+01 7.374236747560600236e+01 7.891974291110236095e+01 8.471282363118061198e+01 9.140965063696269510e+01 1.014658085434128907e+02 1.215771567537680369e+02 1.253026823947479045e+02 1.056183369106161791e+02 9.413058002767996868e+01 1.050798084011960611e+02 9.993675250022162970e+01 9.428165077964426644e+01 7.428281885581893107e+01 8.027495453654037760e+01 7.525900789130028556e+01 8.729926844500315042e+01 9.544953598138420148e+01 9.499652465800625123e+01 8.741938574053133948e+01 6.742769773903441433e+01 5.746644647246710491e+01 7.739968401921797181e+01 8.030527991701147528e+01 6.017997399951634918e+01 6.868592912802208161e+01 7.696991437971411187e+01 6.945771682610940445e+01 5.781569051155004502e+01 4.212834608713480122e+01
6.432670491649808753e+01 6.782722869427315970e+01 5.247618858535522435e+01 7.255036553546470657e+01 8.830862803532038185e+01 8.946243138888479507e+01 8.113810331302552470e+01 6.686600713001193697e+01 8.693707010455379702e+01 9.901380733219238550e+01 1.048175386447146451e+02 1.115214826485904780e+02 1.198504427672055499e+02 1.299053331016204709e+02 1.334599527643484294e+02 1.220936606883107487e+02 1.050798084011960611e+02 8.516083854810872822e+01 7.996667284353215166e+01 7.522827214464909673e+01 8.611716183546846537e+01 6.608771498886355289e+01 6.105979800715152095e+01 6.862668039531179431e+01 8.509505623714680667e+01 9.636484542863433944e+01 9.567392738801433438e+01 8.447137918738496865e+01 6.446960475580478089e+01 8.447137918738496865e+01 8.855325980440080968e+01 7.184183699596913186e+01 8.316545166457910909e+01 7.312678248745088183e+01 6.484051786941775219e+01 4.949087895608037257e+01 2.931573207341245180e+01
8.322954542418477786e+01 6.661875652609192855e+01 7.255036553546470657e+01 5.966217785771618054e+01 7.141871303064009169e+01 9.163535668054026928e+01 9.524767000759618440e+01 7.844573128081580649e+01 9.526277915070603797e+01 1.106582613685333882e+02 1.055887605434065506e+02 1.139207678122775604e+02 1.145708788860783898e+02 1.228978966328153746e+02 1.355229996819001883e+02 1.241634465591757817e+02 1.132509581600508284e+02 1.050798084011960611e+02 9.993675250022162970e+01 8.874042015030076413e+01 6.871527978865834996e+01 6.550317788732142787e+01 7.745502899939748431e+01 5.735623907701986468e+01 6.811688371291442934e+01 8.224086457119483384e+01 9.322618301638168248e+01 9.274103229492982337e+01 7.598116496754357740e+01 9.274103229492982337e+01 1.000824361174003485e+02 9.186655795063484220e+01 7.490922827119950966e+01 5.477180746763607289e+01 4.463989240212693232e+01 3.790043725530773600e+01 4.949087892791447274e+01
9.520557297859744494e+01 8.096624120056050344e+01 8.637375632244105361e+01 6.610206325412663375e+01 8.637375632244105361e+01 9.996093454825016522e+01 1.068659323242728902e+02 9.853653729619834678e+01 1.047515491689055551e+02 9.051539506093867260e+01 8.544050226394575986e+01 1.003274756355346682e+02 9.442766483481059936e+01 1.145708788860783898e+02 1.273635615756881521e+02 1.076978908251860787e+02 9.622965905175590251e+01 8.865822477846059257e+01 8.195910177249831463e+01 7.560130606258100272e+01 8.874042015030077835e+01 8.553383139843867866e+01 8.570410796150956401e+01 7.398248699813046869e+01 5.381633207383690376e+01 6.493898334867490973e+01 7.661607939333511297e+01 8.569188381773760455e+01 9.606922749526026450e+01 1.043036303821748874e+02 9.273397157990842743e+01 8.450922734261365576e+01 8.316545166457910909e+01 7.312678248745088183e+01 6.484051786941775219e+01 5.810697604698750496e+01 5.039612542117165361e+01
9.823987515911976232e+01 1.011247661262834754e+02 9.470427759196368811e+01 7.629509789538336406e+01 8.637375632244105361e+01 1.064994510291150931e+02 1.134315016885253442e+02 1.018093403385547902e+02 9.347372902573196995e+01 7.629538513881053063e+01 7.384603100627413141e+01 8.017960084980903446e+01 9.442766483481059936e+01 1.145708788860783898e+02 1.213365690633993239e+02 1.241634465591757817e+02 1.160095812740912891e+02 1.085334733951627726e+02 9.559987150775521059e+01 8.719335243425787496e+01 1.037988315504794912e+02 1.031788849063889444e+02 8.343793449187336364e+01 6.337990136593641211e+01 7.081368146536848940e+01 5.057769189194392823e+01 5.743467274501838205e+01 7.060005435102023341e+01 9.218603306318162538e+01 9.298097402103809372e+01 8.117451364169644989e+01 6.441919792812474554e+01 8.117451364169644989e+01 8.744462064770063137e+01 6.985713617557065902e+01 6.164216139802307026e+01 5.872269054264693011e+01
8.826580801385827613e+01 1.082139423043812059e+02 1.047725922912087242e+02 9.645241474949857263e+01 1.047725922912087242e+02 1.003167048416760991e+02 1.050994144235140055e+02 8.496313664172444646e+01 7.338557148874768643e+01 6.632267510334000349e+01 8.635524457435485601e+01 1.003274756355346682e+02 1.086627807338129230e+02 1.153178179519958491e+02 1.008508035561786329e+02 1.153178179519958491e+02 1.175101760627070604e+02 1.235928720824111906e+02 1.152549175268824371e+02 1.070833901195510265e+02 1.090238512186378586e+02 8.915757105549300832e+01 7.499128681278358499e+01 8.343793449187336364e+01 6.866703085008701635e+01 4.842250284693354700e+01 6.866703064856986316e+01 8.569176962746576010e+01 9.273399838735508638e+01 8.117452422667901146e+01 6.464679197079770745e+01 5.266900380861860498e+01 6.737305469037517014e+01 6.737305469037517014e+01 6.164216139802312000e+01 4.122864336869497492e+01 4.720762437157345914e+01
9.044699592872633787e+01 1.104002227694980007e+02 1.080310022127297316e+02 9.974968949504690841e+01 9.430319829253733133e+01 8.026973698954412839e+01 9.445468994851380273e+01 8.485695507562410000e+01 7.653807947562273739e+01 6.190378714161893470e+01 8.187582586423739883e+01 9.119561023439199232e+01 1.113252340149852699e+02 1.061738452502862060e+02 8.640203735219027692e+01 1.061738452502862060e+02 9.703596401744212585e+01 1.114994970021754312e+02 1.217197986596332555e+02 1.072153403405880994e+02 9.903671391691210601e+01 1.031788849063889444e+02 9.497626979832665484e+01 8.080416161426211374e+01 6.068669877575170091e+01 4.630940236690486245e+01 6.068669877582863137e+01 8.080416199946833444e+01 8.450922808358099303e+01 6.441919792812727508e+01 5.266900380861860498e+01 4.429829010137586209e+01 4.706008456317748312e+01 6.554895456117077401e+01 6.164216139801089867e+01 4.122864336869497492e+01 2.112095197809193792e+01
1.104002227694980007e+02 1.073756384293657788e+02 9.640423674396713238e+01 7.968714915875828808e+01 8.556134940762166252e+01 6.616865212068164226e+01 7.462259427511912691e+01 7.214178573231768610e+01 5.663301296255801276e+01 6.361332452012705829e+01 7.111705082560199287e+01 8.529809476954694958e+01 1.054334720539260388e+02 9.770591568326221932e+01 7.733756829492526208e+01 9.770591568326221932e+01 8.262028833034183606e+01 9.282650510819537715e+01 1.102493453311888345e+02 9.903671391691172232e+01 7.913152452124431591e+01 8.496161951443193061e+01 8.908411921907642750e+01 7.878228052702928608e+01 5.864319884667056471e+01 4.425513110212728662e+01 6.454179930397785370e+01 7.401652923563773356e+01 8.228428807582093896e+01 8.117452422667901146e+01 7.154251489320459712e+01 5.128256880360678593e+01 3.684275089926947544e+01 5.132223735467567849e+01 5.617444190446407504e+01 4.203848447177975345e+01 2.185437638263791982e+01
1.044787386814556669e+02 9.449767933206234716e+01 7.917618590491976249e+01 6.812218421612720931e+01 8.743561432358124819e+01 7.462259427511912691e+01 5.473519498462001565e+01 5.227031114689344804e+01 6.628260429558520173e+01 7.653795880025545273e+01 9.119558106927881624e+01 9.952910123785029839e+01 1.003754573154069618e+02 9.126487869119351615e+01 7.098155345025529073e+01 8.298424583665797627e+01 7.252257681651795451e+01 8.141350211065022791e+01 1.017882692930076161e+02 9.903671391690780013e+01 7.913152452124431591e+01 6.491782528614159276e+01 6.908092140635717726e+01 7.082808566601622147e+01 6.254289449116760125e+01 4.224770581795603164e+01 5.974220739937445046e+01 5.382958970111579333e+01 7.401652923563773356e+01 8.362026022510883649e+01 7.546290508261107277e+01 6.508123202865124313e+01 5.128627848863509797e+01 3.110802132961340760e+01 3.133732218542234449e+01 4.315693723520725911e+01 2.299447302520874814e+01
9.041176390850252176e+01 7.624803968393004538e+01 6.624941929814066555e+01 5.920443953980350216e+01 7.232324694911862650e+01 6.799829685268778690e+01 4.812529884275347314e+01 6.799829685268778690e+01 8.044911586316494834e+01 9.461562743074460968e+01 1.049358427108065257e+02 1.003754573154069618e+02 8.002471124104006606e+01 8.375914272635795044e+01 8.298424583665797627e+01 6.282586667606452124e+01 6.496064030021732094e+01 7.918819863425595429e+01 9.955105626994951251e+01 1.005673023223573068e+02 8.067784575485828213e+01 6.647457213511529517e+01 5.479710067587447497e+01 5.062964482254803045e+01 4.669220624181536294e+01 4.283247475087603107e+01 3.944667019272570485e+01 5.737488744096059179e+01 5.577001600019035266e+01 6.422097360134250721e+01 5.536727601211919847e+01 5.672978236979658817e+01 4.673923044327542442e+01 4.596488448407287564e+01 2.581247169872794700e+01 2.465378608932898175e+01 2.935176183490348478e+01
9.262236699116051852e+01 9.449767933206234716e+01 8.624606932101362133e+01 7.232324694911862650e+01 5.236470926419692518e+01 6.538438191292637214e+01 4.549536355347169092e+01 6.538915094582655740e+01 7.542482464446975143e+01 8.381527491308612809e+01 9.396515160869890337e+01 9.813988649225073857e+01 7.780244360201818665e+01 6.359160612293781156e+01 7.297914094968567156e+01 5.769855615723719922e+01 7.777937471829039850e+01 8.515234155141435224e+01 1.055406238831381955e+02 9.903694201463046909e+01 7.913152708845485961e+01 6.491782528902140825e+01 6.908091340054625107e+01 7.082754661902195892e+01 5.459509962681892148e+01 6.311640736873766144e+01 5.737457864404173336e+01 3.709336912437026257e+01 3.546571482691292942e+01 5.342825603597901107e+01 5.208217896690889148e+01 3.883506705328597519e+01 2.877285090849409599e+01 2.753808053633402864e+01 4.594632614365497147e+01 4.479581636164001424e+01 4.944159577264294825e+01
