LEM/with_lateral_4open/elevation_000432.asc
nrows	100
cellsize	150.0
xllcorner	0
ncols	100
yllcorner	0
NODATA_value	-9999
[rows 68 to 84 of 100, columns 37 to 73 of 100]
7.348083514005676875e+01 5.372537969665340540e+01 6.230953146684948507e+01 8.216274853233106512e+01 9.553154485862106071e+01 8.697012238722423660e+01 7.723944072312310993e+01 5.734485382237470930e+01 7.723944072312310993e+01 7.414075661706276321e+01 5.803500522089600366e+01 6.303852040779225518e+01 6.858102013935935304e+01 8.847738627794136335e+01 9.697227300909209191e+01 8.340982166125948538e+01 6.351633297605128092e+01 7.375777121985397855e+01 9.366986843340359314e+01 9.540214793672238613e+01 1.012617508689292976e+02 9.993448601740227843e+01 9.161969475059333945e+01 9.993448601740227843e+01 1.045957710808331882e+02 8.721301885846787627e+01 6.715201350954498594e+01 5.560275373893249906e+01 6.244628036461808307e+01 5.829954196417856593e+01 7.833563094373141666e+01 6.528725126830828174e+01 8.366137194693168055e+01 9.297700719410165959e+01 8.154166474280992816e+01 7.330018842539536195e+01 5.593173938697592718e+01
6.899037670951379653e+01 4.997483263641054663e+01 6.960623124700858000e+01 8.536859752443029947e+01 8.697012238722423660e+01 6.534716555473534072e+01 7.094495103872367281e+01 5.261471882934828415e+01 7.046097747349918450e+01 5.415444007079337752e+01 6.830545621122683997e+01 7.712700888106542152e+01 8.847738627794136335e+01 9.676462045736647610e+01 8.869184413001615042e+01 6.878133865212026876e+01 5.750481051276619127e+01 7.741170913943982157e+01 8.599734538575070530e+01 7.545154895818450314e+01 8.129494411026486489e+01 1.010997149930551728e+02 1.012757763409145326e+02 9.299034994186297354e+01 1.012757763409145326e+02 8.981886009064309917e+01 6.975390180134152729e+01 6.315794738850043188e+01 8.249217324367589299e+01 6.724575600197952951e+01 8.665105372929458838e+01 7.947314970376370979e+01 9.371051223256134222e+01 9.291038364872741795e+01 7.288019972490309328e+01 5.873648899316202687e+01 5.844989920980377462e+01
4.937970301572237730e+01 4.665732143057957870e+01 5.737372240187314532e+01 7.137979928979899569e+01 7.458806034141042574e+01 7.136291095967374076e+01 5.137603980121656377e+01 4.803269868807224441e+01 5.041583761877852510e+01 7.046097747349918450e+01 8.241255272799274678e+01 9.651964315731831334e+01 1.053477101322857692e+02 9.384789560495268290e+01 8.388584365273393928e+01 7.243498448277139801e+01 5.255148800573120837e+01 7.243498448277139801e+01 6.598040469945968312e+01 6.124483257009735127e+01 7.286494647649898582e+01 9.281053503183174769e+01 9.131234201818142537e+01 7.309492844686877788e+01 9.131234201818142537e+01 9.813668362199794615e+01 8.981886009064309917e+01 7.211200355022388919e+01 9.152732882728719233e+01 7.881967457041059788e+01 9.562552453144428455e+01 9.960112600019168383e+01 9.570430006853501936e+01 8.741623518009092209e+01 8.033465553740342102e+01 6.240847119540290322e+01 4.241868707357829038e+01
6.899037670951379653e+01 6.315724601671284688e+01 4.367051539862077192e+01 6.023409954610193751e+01 5.469907976760678991e+01 6.235934175040605254e+01 4.523252571836625435e+01 6.505712848979436558e+01 7.046097747349909923e+01 6.203262235742016628e+01 7.613711755267954118e+01 9.606658927328571451e+01 9.966844800915298208e+01 7.973114962043337073e+01 6.567095764516641054e+01 5.575156021086437619e+01 4.837199864355944356e+01 6.819580879021211217e+01 5.165604858072855876e+01 7.184323088786544531e+01 8.957291901452819616e+01 8.134801049032708420e+01 7.308579781960030175e+01 6.312895644483452173e+01 8.304263919436591834e+01 9.515935397730821421e+01 1.005064371234675633e+02 8.630413751279574797e+01 1.005064371234675633e+02 9.890215196940634712e+01 1.072198459433120519e+02 1.015969907817350020e+02 8.154237388519152319e+01 6.738650323266358555e+01 6.032290251038579498e+01 6.535604572893363695e+01 4.536455364612476870e+01
8.185694469571224374e+01 7.104769576847056101e+01 6.016420825821276708e+01 4.074178708859759013e+01 4.116924446554311601e+01 4.285345758310337061e+01 6.235933972884728860e+01 5.400244750902339774e+01 7.400055316670942318e+01 8.197432467417955593e+01 8.197432467417955593e+01 1.019310665712535666e+02 9.868504171219642274e+01 8.717231641424359623e+01 7.890202168687420681e+01 6.414929048878656204e+01 4.435729378527244648e+01 5.920129131910070441e+01 4.621998451898223692e+01 6.624431389436389850e+01 7.162356556074458069e+01 7.308579781960030175e+01 5.312196953149604894e+01 5.804097860004253562e+01 6.697737864625678128e+01 8.104667089322008167e+01 1.009752253040721115e+02 1.063920700193095996e+02 1.031272752251385185e+02 9.484240230689141526e+01 1.031272752251385185e+02 1.074572716543830353e+02 8.741623518009093630e+01 8.741623518009092209e+01 7.138513155358265294e+01 5.138894692855269142e+01 4.972488865167917282e+01
6.760571613813590375e+01 5.458159561435843443e+01 4.647230984000940879e+01 3.867785470336829690e+01 5.820160376696006210e+01 6.232355952198862781e+01 7.062166226026215554e+01 7.400055316662430016e+01 6.471856412195836583e+01 7.469788250703861365e+01 8.876891576413635221e+01 1.087485809508218182e+02 9.040024341747690073e+01 7.048473918338051192e+01 5.896519490048471823e+01 5.188007097580014459e+01 4.518933486993378068e+01 3.925318706804058877e+01 4.338955701662143127e+01 6.331735103391149977e+01 5.166845578703655661e+01 6.115765088376967640e+01 4.734556675632860134e+01 6.732273700150398099e+01 8.624743087642823980e+01 9.515935397730821421e+01 9.648834260669922003e+01 1.047727593146419025e+02 9.312735796131369170e+01 7.484323799091862384e+01 9.312735796131369170e+01 1.033910462261903263e+02 9.822077483332924430e+01 7.817623363332542397e+01 6.402674455563985134e+01 6.032290251038838136e+01 6.971915757569358618e+01
8.189865330690146550e+01 6.830670351529352047e+01 5.686860450978375781e+01 3.732429555968384705e+01 5.111922722238770689e+01 7.085594907427983458e+01 7.349072942663499930e+01 8.194877410798454775e+01 8.465935335925917116e+01 9.294588077987098984e+01 1.029260424313042250e+02 9.170465422011605483e+01 8.317402123061650343e+01 8.717231641424359623e+01 7.890202168687420681e+01 6.779234463813970990e+01 4.779781867194415668e+01 3.621287237531802106e+01 5.274363094807861785e+01 5.119207423633975651e+01 3.757129198426381578e+01 4.119601859349318573e+01 5.011971892520213601e+01 6.166482798701200352e+01 8.159271029071776127e+01 9.322575923278451171e+01 7.648850105421583123e+01 9.322575923278451171e+01 8.484282014890493429e+01 6.484412645641575068e+01 8.484282014890493429e+01 8.338997400351729539e+01 9.753275662397666679e+01 9.233519202827562822e+01 8.404714382503341596e+01 7.031607647725667221e+01 8.467708718802316525e+01
7.325575630692691220e+01 6.016142781113509130e+01 4.063462937769101302e+01 3.598113868042455721e+01 5.376085145279861877e+01 5.917304957847678537e+01 5.324281529235626920e+01 7.349101403076660688e+01 8.159492955608946829e+01 8.159492955608946829e+01 8.965830866467092619e+01 8.317402123061650343e+01 6.241432484769792666e+01 6.849469914288093264e+01 7.705948953390698364e+01 7.606153786146404627e+01 6.452292268521517826e+01 5.274366094565756669e+01 3.272853483896263782e+01 3.267659769595208985e+01 5.264361173817547268e+01 6.115765088376966929e+01 6.942224686962313740e+01 7.834902174311991985e+01 8.985941278878009086e+01 8.494142870262309941e+01 6.494275482447903869e+01 8.494142870262309941e+01 7.817658891807523958e+01 5.817773306682676093e+01 7.659944982642878131e+01 6.924879759531933132e+01 8.924815242653642144e+01 9.962085225357483864e+01 9.863971394361044531e+01 8.447947159820402874e+01 9.362994314513161953e+01
5.354683851143951756e+01 4.796671763581213810e+01 6.014459458652594748e+01 5.375423601578753363e+01 3.415695053896642719e+01 4.052646047528577355e+01 5.917304957847678537e+01 7.575990525762850325e+01 6.186150185058635032e+01 6.186150185058635032e+01 8.159492955608946829e+01 8.317402123061650343e+01 6.241432484769792666e+01 4.787490251659270513e+01 5.877443379545703550e+01 6.733129386146889317e+01 6.891926769702365618e+01 6.100964635268926628e+01 4.934461248053774085e+01 2.934971756205979077e+01 3.922974361020407486e+01 5.014121399517238586e+01 6.248923932377732626e+01 7.981948566076096085e+01 9.154637171688288788e+01 7.154699939248463636e+01 5.787311524407052588e+01 7.787082974563614357e+01 7.214670700034842810e+01 5.215152128188623237e+01 5.660263073267717004e+01 7.659944982642878131e+01 8.329059830628175121e+01 7.962045748310630700e+01 9.962085225357493812e+01 1.045340750607060301e+02 1.051926019835186281e+02
7.325575630692691220e+01 6.756628180959644681e+01 6.642072620071121491e+01 4.677144191073715973e+01 3.289440970203419567e+01 5.251836889182690982e+01 6.759328444555441706e+01 6.764128900947372358e+01 4.775089794183958247e+01 6.657469771820665017e+01 6.576911630073709603e+01 7.385198733565496809e+01 7.338780650545949413e+01 5.272137662696112415e+01 3.834229847243433653e+01 5.105181243070500585e+01 5.030352202164745279e+01 5.319120229556681778e+01 4.492184556603802292e+01 2.745983616064348709e+01 4.746111288000463446e+01 6.379923951062512089e+01 7.262552709221722580e+01 8.410971574014035923e+01 8.568822369648482606e+01 6.568951385674776589e+01 5.155419935383195451e+01 7.154697558642808985e+01 6.660104027935331317e+01 4.661500787035617321e+01 5.060390876589765696e+01 5.662723649176434293e+01 6.329183275953160148e+01 7.743270655886988152e+01 9.743280000979682143e+01 9.924688162746669207e+01 9.095247806276742608e+01
7.526452291154788554e+01 6.869362839565225443e+01 6.303360956138200066e+01 5.128705218005509892e+01 3.164094484608272495e+01 4.960512380291665124e+01 5.777465350477361028e+01 6.101115861174940846e+01 4.107655726606206059e+01 4.668727025079369497e+01 4.591840226554943172e+01 5.457731611024419038e+01 5.637712679952570483e+01 6.467657234846284098e+01 5.105181253585978141e+01 3.076528383804933497e+01 4.721640854336489213e+01 4.244318513146232874e+01 2.492749378346485045e+01 4.166717204690989007e+01 3.600818501361823110e+01 4.278283233903577099e+01 5.348546526168580328e+01 7.556482210316340797e+01 7.809367043331064906e+01 5.809751586366654408e+01 4.656377787549697445e+01 6.038123286889620545e+01 5.785048298107577835e+01 4.245603961509554836e+01 6.243366444275385163e+01 7.662434312403162551e+01 8.329059830628175121e+01 9.157510628487256099e+01 9.924688162746669207e+01 8.769569895264865522e+01 7.095237814848495361e+01
5.555183936386091403e+01 4.908674801014679900e+01 4.348748334269948401e+01 3.843125744215267048e+01 4.908938231819524134e+01 2.992980882029499412e+01 4.957783581939487050e+01 4.925021140158448674e+01 5.230088520502397387e+01 3.254302611108210641e+01 3.437810267931951813e+01 3.439175233541815402e+01 3.552529807976691245e+01 5.129652653134532159e+01 4.675727932490886474e+01 2.617389387126695155e+01 4.000832894492351244e+01 2.244112865657004363e+01 4.244326463098181534e+01 5.262391332154238910e+01 5.634353191875874955e+01 6.391212257804599517e+01 7.281018250531114688e+01 8.434037201403035056e+01 8.637999862868663570e+01 7.483342854562239665e+01 6.038128937221591741e+01 4.040467475200440362e+01 3.787635164722891545e+01 5.785048298149865786e+01 7.071672115305929651e+01 7.371941728124154736e+01 8.200350102917101935e+01 9.354968719611042616e+01 9.095247806276742608e+01 7.095237814848495361e+01 5.941226258242439684e+01
7.526452291154788554e+01 6.869362839565225443e+01 6.303360956138201487e+01 5.798682147286031352e+01 4.842492523467173982e+01 2.872964000741463764e+01 4.565781801192784428e+01 2.552118485991369212e+01 4.386793255034432804e+01 4.285999757480211514e+01 2.523685287859607840e+01 2.022451253608949173e+01 2.338262932081664758e+01 3.310531161006962719e+01 4.565564065925067894e+01 3.899243764875370744e+01 1.999039251526102490e+01 4.000832881912387506e+01 4.858804072138053698e+01 5.436491476558756375e+01 6.103695592530405634e+01 6.932519548423692868e+01 7.932943934512671547e+01 9.512577952354681088e+01 7.512877417222757970e+01 7.512884430060221064e+01 6.866376963576651349e+01 5.473103718840300758e+01 3.475042429530700616e+01 5.473104898742401048e+01 6.217733012577199503e+01 5.372793590258018526e+01 6.526742261192718786e+01 8.526505671217547899e+01 8.934475079265253328e+01 8.105368647324966958e+01 6.940883878793073336e+01
8.174492905598580705e+01 7.348147545201653941e+01 6.691208390656774441e+01 5.447476130210873890e+01 3.487028520195153192e+01 4.680006557788112787e+01 2.709760243407627556e+01 3.906776866579314600e+01 2.395117113794807651e+01 2.285510902555946089e+01 2.176302377401501076e+01 3.876098962749706089e+01 1.873658285737721840e+01 1.770423385477398526e+01 3.597621811113619827e+01 3.841745089098854038e+01 1.840395461133210020e+01 2.341146025725513269e+01 2.858037799509667209e+01 3.435323630463081912e+01 4.102083244615463542e+01 5.103316464641044092e+01 7.104074720419761491e+01 8.926934485392681040e+01 6.927165719267088662e+01 5.513704587651425015e+01 6.358659068185739471e+01 5.232566408338863795e+01 3.233540167262043497e+01 3.703535125793105465e+01 4.219646449196543614e+01 5.112719963471250395e+01 6.266534443104619356e+01 8.266235007410828928e+01 8.105368647324966958e+01 6.106134675686454472e+01 6.441318650867196993e+01
6.356447191610219249e+01 5.377330081567035336e+01 4.729966660835900427e+01 4.142684871319695361e+01 5.447476130210873890e+01 5.123463642245890526e+01 3.159180480414806169e+01 4.921632661215650728e+01 3.289907728666050701e+01 4.286373832790614813e+01 3.592208739059591238e+01 4.702766477296105307e+01 3.872616775592914706e+01 3.626044717175688703e+01 1.627404324213048881e+01 3.480546256533851590e+01 1.692042862616631282e+01 3.691551242912247233e+01 4.858804079240277929e+01 5.436491476558756375e+01 6.103695592530405634e+01 6.932519548423692868e+01 7.932943934512671547e+01 8.361249156476783639e+01 6.361792926953619087e+01 6.358659068185739471e+01 4.360255963572117111e+01 4.995325606567458721e+01 2.995253475693444400e+01 4.995325606453212686e+01 6.217733012524790581e+01 7.046004990434065007e+01 7.940101554707986509e+01 9.094692071775007491e+01 8.105368647324966958e+01 6.106134675686454472e+01 4.693894789082289520e+01
8.174492905598580705e+01 7.348147545201653941e+01 5.737683269426249666e+01 5.522428509616793235e+01 6.921382563070385174e+01 5.595248508009458277e+01 3.634684703476505518e+01 5.595060025747550725e+01 4.704639922965026955e+01 5.287945367709252054e+01 5.609838875914399381e+01 5.535901766113065037e+01 4.649813573095825348e+01 3.872445277753048742e+01 3.363772837994790166e+01 1.491558283194886592e+01 3.480721706915879565e+01 4.520484499218078156e+01 5.174267230125978045e+01 5.776951049420527085e+01 6.485203477922928528e+01 7.316018141596687485e+01 8.473962501536638570e+01 7.775495935740043763e+01 5.776217967546637055e+01 4.362947255099037136e+01 5.207758743207504182e+01 3.417711645902661388e+01 2.783639002447504396e+01 3.939733022072201862e+01 5.352972157026457722e+01 7.351993304186282785e+01 7.691855967395842697e+01 8.520237172486433508e+01 7.921547858360736427e+01 5.922541329307744462e+01 5.623826683101938784e+01
9.255252416081064837e+01 8.538345868629959057e+01 7.711425731889937651e+01 7.493943085403034843e+01 7.189881607277121134e+01 5.237076916910710622e+01 4.217647209633322092e+01 6.179974939051685823e+01 6.701582069137731423e+01 7.273170332878238753e+01 6.150824498334243629e+01 4.086780994970720826e+01 2.640107166315487319e+01 1.957307683588424752e+01 1.390114512268684344e+01 3.022235536221403862e+01 2.146644770880865138e+01 2.645673135504558360e+01 3.178447809467309781e+01 3.778074953602150998e+01 4.481963097979386390e+01 5.637589669150110439e+01 7.643065473305081525e+01 7.919027072458928274e+01 7.190051027300714281e+01 5.207758841576725928e+01 3.207893159908056901e+01 4.313389848510409053e+01 2.586944238327841816e+01 4.588299788541007729e+01 5.675507136815572551e+01 6.278146470744689367e+01 5.692568823976136372e+01 7.691855967395842697e+01 7.335684919667927772e+01 5.337198088599946999e+01 3.925231819733153316e+01
