LEM/with_lateral_4open/elevation_000619.asc
nrows	100
cellsize	150.0
xllcorner	0
ncols	100
yllcorner	0
NODATA_value	-9999
[rows 68 to 84 of 100, columns 37 to 73 of 100]
8.980571924403201933e+01 6.948126373018898505e+01 8.980571924403201933e+01 7.617927690271230290e+01 6.813975476038588397e+01 5.340591221519925824e+01 7.260297849819394855e+01 7.303984213739920506e+01 7.562070439640355346e+01 5.610755833336536824e+01 6.689416018603648695e+01 7.505071001057775959e+01 7.732678780450630995e+01 6.553311067019680536e+01 4.598661538034428276e+01 4.652718465870871256e+01 6.606191089071030831e+01 7.745860061590556711e+01 8.723901300647754908e+01 9.948524995020393646e+01 9.128904722562286622e+01 9.043653187578971142e+01 7.435848077700025271e+01 5.437194621880411205e+01 5.586165581099342603e+01 7.582951999268861698e+01 8.910510336851213253e+01 7.505798083908443630e+01 7.723821274513646529e+01 9.713561762404580691e+01 9.431484659132098614e+01 8.607300489207266025e+01 7.824128953054201929e+01 5.865280866460066989e+01 7.748682088028378701e+01 5.789988522475916000e+01 6.917140557989095839e+01
7.444431572075994552e+01 6.286944707662288323e+01 7.512292799718785830e+01 6.813975524156658992e+01 4.886448368072711190e+01 6.408549767687638621e+01 7.224379159305790665e+01 5.919855433412594437e+01 7.566224006831231463e+01 6.689416018603648695e+01 4.737727304850898946e+01 6.689416018603648695e+01 7.920378784314985410e+01 7.101696770694006489e+01 6.199424552784179099e+01 4.238459306063162302e+01 4.984028688201963320e+01 5.957582931043739904e+01 7.911559816495508812e+01 9.128904722562286622e+01 7.142087839881793343e+01 7.724013031842399357e+01 6.936184713702419913e+01 4.936595123187752421e+01 6.936184713748954778e+01 6.698504037321293936e+01 7.091186655377400427e+01 6.092506332951694503e+01 8.088945457108172832e+01 8.500073053605358098e+01 1.049115239489179601e+02 9.802441459825932668e+01 7.824128953054203350e+01 6.516409067052057935e+01 8.210341005432120198e+01 6.251688098883575151e+01 8.210341005432120198e+01
7.398793585390575345e+01 6.396659986656853647e+01 5.522014647877938387e+01 5.147606177620697565e+01 4.794778048062973852e+01 4.449654188221947493e+01 6.092846279104223584e+01 4.790323395603444112e+01 5.694194695148636498e+01 5.517120565119755327e+01 4.226452530634063010e+01 6.185492159580618221e+01 7.101670924737281609e+01 5.141150064801833963e+01 5.715335372958549698e+01 4.031105407709946320e+01 5.996040087712152911e+01 7.745860061496696858e+01 8.723901300640211787e+01 9.128904722562286622e+01 7.142087839881793343e+01 5.729914745258973596e+01 6.611808448689907891e+01 4.611687337563365219e+01 6.164567771918313355e+01 4.699112135677982849e+01 5.091877787988266135e+01 5.608806879423695335e+01 6.503478501636880083e+01 7.916453109974119684e+01 9.909056236791319350e+01 1.046466774171125138e+02 8.477988896055251189e+01 7.310635040180693522e+01 8.777319809171581255e+01 6.813247619388833698e+01 7.847064745134206021e+01
8.679177249746838640e+01 6.658074095736188269e+01 7.512292799718782987e+01 6.279351497479084543e+01 6.837984400360730319e+01 6.092845918412058381e+01 4.128081738629870756e+01 3.904352121655271191e+01 3.722380297107677194e+01 3.542702790254315204e+01 5.079457690611644693e+01 6.043435576709848078e+01 7.100881274742040716e+01 5.141141103015579006e+01 3.745183840227589656e+01 5.715335368177167652e+01 5.636228621984790266e+01 7.019796187832479006e+01 8.990553060111297157e+01 8.420865517401536238e+01 8.058098579519894145e+01 6.061955234109342427e+01 4.729205526621215228e+01 5.842103549104874105e+01 4.163937510269631304e+01 6.164567771918805761e+01 7.091186655377400427e+01 7.607174854716156176e+01 6.609009927936421036e+01 7.762947667665831375e+01 9.756068808935418701e+01 1.091189821164103790e+02 8.917334703086191894e+01 8.699595037201780201e+01 9.475880695283537136e+01 7.500052136717766871e+01 8.777319809171578413e+01
8.307661272952866227e+01 8.679177249746838640e+01 9.125350662554143355e+01 8.290098473289653214e+01 7.734112609045671149e+01 5.774240532752143196e+01 4.388078548900424636e+01 5.873178925892680979e+01 5.694194691813488873e+01 5.282805520188414050e+01 3.306266985907839029e+01 5.055331540571708615e+01 5.781381963158990800e+01 5.524873141570203217e+01 3.551708749660107856e+01 5.524873141570203217e+01 7.030928252535868239e+01 8.165497302145712410e+01 7.834899532029285751e+01 6.423430615884458916e+01 7.475394182797036535e+01 5.477015455371181929e+01 4.061883132772280192e+01 3.841464335496542759e+01 5.835418924634329585e+01 5.319780692880436845e+01 6.474801086034480591e+01 8.470199305967582859e+01 7.762947667665831375e+01 9.429594035778367811e+01 1.057940994610855938e+02 1.053295287017502915e+02 1.091189821164103790e+02 1.069263841193696436e+02 1.030433830794287502e+02 8.479582738912593243e+01 1.030433830792886454e+02
1.033223377777169958e+02 1.060433962728373416e+02 9.784193436377621822e+01 9.451181250242565568e+01 8.058187313421420583e+01 6.699430135213079041e+01 4.744272751701910096e+01 6.699430135081016147e+01 6.671417451872174809e+01 4.707623654167927896e+01 5.055331540571745563e+01 3.076457275625448062e+01 4.693741338908113647e+01 5.080236748681588921e+01 3.361054786565069463e+01 4.251141048254470434e+01 5.386382078394280626e+01 7.346929059572534015e+01 7.008465753560120959e+01 5.008841904664348732e+01 5.743792588339525196e+01 5.240689922702903658e+01 3.527338083525751955e+01 5.527962905332805121e+01 6.665206803328032947e+01 7.318071949245900498e+01 8.142720363658705196e+01 9.293414451649709918e+01 9.756068808935418701e+01 1.057940994610855938e+02 9.947657211948344980e+01 8.534499521614965545e+01 9.947657211948344980e+01 1.158831663829953413e+02 1.130233026744390941e+02 1.047217865165448387e+02 1.130233026744390941e+02
1.054670925517203983e+02 9.784193436377621822e+01 7.807029168181483669e+01 8.386127175293451330e+01 6.665193410517548500e+01 5.287779277126874433e+01 6.699429135932763302e+01 7.514872478903077990e+01 7.488426408442254001e+01 6.671417456835743565e+01 4.896838996777603370e+01 2.916752298404952271e+01 4.830394302430259046e+01 3.103161612910146516e+01 5.081679208159380323e+01 4.761710607040137688e+01 6.724981456252419321e+01 7.548128255090001915e+01 6.529513251825245845e+01 5.709172926539420700e+01 3.743342620618428640e+01 3.240578141081689978e+01 3.632360693320666201e+01 4.040624564315707801e+01 6.041482616508555736e+01 7.193226024626011395e+01 8.019548926144338452e+01 8.086890392301921793e+01 1.008126428931292793e+02 1.011763314825726496e+02 9.119832955523249041e+01 7.122548384818524880e+01 9.119832955523249041e+01 9.589692316609117029e+01 9.589692316609115608e+01 1.041753731186483094e+02 1.072647759269098344e+02
1.048406285861084655e+02 8.504533205616189662e+01 7.109525130746946786e+01 6.419981003361064609e+01 5.901821524261448815e+01 7.241198341210176181e+01 8.058187313421419162e+01 7.587472210698730635e+01 7.518777524781648935e+01 5.565405369940363300e+01 4.739246691469563189e+01 2.758119231606912791e+01 2.849755150577292184e+01 4.089709013536735682e+01 5.744482070361529935e+01 6.724981427588879512e+01 7.542057319092981515e+01 6.736665200182869739e+01 4.829200783264101915e+01 3.736442268775122244e+01 2.988201629000651138e+01 4.987693570508493224e+01 5.633059176874323271e+01 6.041482616508555736e+01 4.658454485688680791e+01 5.193601252705407489e+01 6.088596117109209871e+01 7.502392098593294634e+01 9.497994100157239927e+01 9.289861096658238182e+01 7.292610359363885664e+01 6.368576567675730615e+01 7.859980634332477223e+01 8.436303741510371879e+01 7.591964703668617176e+01 9.589692316609115608e+01 9.571638210058480922e+01
1.048406285861617988e+02 8.504533205616189662e+01 9.084324017420026109e+01 7.498473364216336279e+01 7.282774239526779070e+01 8.170928901928564869e+01 6.957791688426621590e+01 5.475246174968736312e+01 6.957641946573217240e+01 5.565405347475363129e+01 3.596505131704259384e+01 2.600466483519037553e+01 3.353214299735814308e+01 5.282166296924292936e+01 6.631079917647475952e+01 8.018805472445808391e+01 8.415374848380533024e+01 7.305962874744786006e+01 6.529513098674200933e+01 4.819584271212936244e+01 2.820276439028415894e+01 4.819584271212939086e+01 6.188078627217337413e+01 7.187741819901948759e+01 5.475768369335848718e+01 7.193226024626011395e+01 6.459016031176439299e+01 7.872381642772030830e+01 9.867112008693550251e+01 8.931275737111603519e+01 7.659112698402016406e+01 5.662945750408047019e+01 5.863747949290340955e+01 6.439861935094216960e+01 7.851135576695394036e+01 9.849024661275673509e+01 8.742996752335326960e+01
1.130427559385876464e+02 1.048406285861617988e+02 1.029218796858746430e+02 9.472164891155905764e+01 9.255774059795783160e+01 7.315589629144605510e+01 5.199583713240524929e+01 3.997342456537860045e+01 5.199923374599414672e+01 4.759635561436609663e+01 4.327809184898690376e+01 2.485260888374687838e+01 4.468329891697701584e+01 4.569650540836766339e+01 5.609974380249902737e+01 7.161698275859227181e+01 6.735776844408808017e+01 4.886449102347837936e+01 5.252946473474812450e+01 4.425042805048454397e+01 2.654126805971536029e+01 3.359989556735447280e+01 4.360267330102032446e+01 6.360852582939714495e+01 6.890134833184055196e+01 7.108647823567218893e+01 8.456624640311720498e+01 9.282046558454521801e+01 9.516132520936608330e+01 7.518619450590841780e+01 6.107273715667106728e+01 5.107827569468123841e+01 7.105475599526728558e+01 8.436303741510371879e+01 9.264002124987204922e+01 9.921821203785364673e+01 7.921724625685693866e+01
9.531495771315044863e+01 8.701571700327878034e+01 9.040557297103728729e+01 9.870393883300030780e+01 9.287765201898628220e+01 7.205322406932505430e+01 5.707032421532802857e+01 5.199922915220152930e+01 3.129030745050732421e+01 2.703772568155985923e+01 2.322748071858655194e+01 3.913631133461607448e+01 4.803164963389018283e+01 6.386728100404194919e+01 6.467592369077365788e+01 7.025877184996707570e+01 5.624914830152999912e+01 3.429789754134355206e+01 4.151647334988598459e+01 2.426117481698621958e+01 4.425033219104550852e+01 5.360558186508857403e+01 6.188078627217340966e+01 7.187741819902677776e+01 8.886912797695127608e+01 9.104957956371762862e+01 9.930013324433713251e+01 9.300333616878263854e+01 8.960206073116430048e+01 8.169790138451310213e+01 6.172835133929617513e+01 4.757852005239295323e+01 6.757729713029607410e+01 7.587322195882445897e+01 8.414862841293819429e+01 9.377405115581356654e+01 7.921724387653686961e+01
7.543265441766369861e+01 6.695326197156346382e+01 7.034787177042144890e+01 8.712762293042391093e+01 8.861160915446868103e+01 6.767275426992608800e+01 5.262639430260822593e+01 4.204799406086953439e+01 5.199924355095450323e+01 3.956899577064762497e+01 3.622665012524950612e+01 2.167555973164081706e+01 4.011463815593169357e+01 4.838797408710564696e+01 4.252961562002932538e+01 5.647997086973673930e+01 4.031371993773066720e+01 3.774549758415235345e+01 2.200831767507434122e+01 2.565157597460852656e+01 4.564869836513616974e+01 5.581267191149935769e+01 6.098056554700224297e+01 6.854157525230613146e+01 7.680703894792365816e+01 8.679326174116282289e+01 9.300333616878263854e+01 7.300590987898830519e+01 6.960292931234721436e+01 6.960292931234721436e+01 6.428951843134326793e+01 4.426551013220952768e+01 5.975497449326221044e+01 5.588906359169313021e+01 7.261170938541218334e+01 8.547616019170550317e+01 6.547370359986160793e+01
6.672802401795573246e+01 5.536580617945124061e+01 5.875969340426057386e+01 7.882525378353670931e+01 8.392399580543509785e+01 8.234976426065834687e+01 7.184096603213146182e+01 6.210056775239149829e+01 6.898487201915196465e+01 6.013386468360016579e+01 4.973410059395755667e+01 3.426064784088810455e+01 2.013321169574652814e+01 3.858802108244481133e+01 2.757279613626908343e+01 4.576800797226269424e+01 3.796914782479003492e+01 1.998365353458928340e+01 3.997010503098328371e+01 4.564869862366430908e+01 3.108457946543633454e+01 3.579638103666529503e+01 4.096540345806694461e+01 4.853702391152621942e+01 5.854795831900667480e+01 7.853519218560566628e+01 9.081630781526882856e+01 7.081819407107758479e+01 5.667123829902246968e+01 4.959640370856197933e+01 6.143529821388277412e+01 5.975468980692578214e+01 3.970280890645592109e+01 4.430884849900029110e+01 6.183655681934985893e+01 7.153267728195152131e+01 6.914422513682700355e+01
5.254637650454902342e+01 4.719267100893016220e+01 6.724039709712093327e+01 6.754793061298713042e+01 6.386749394741012509e+01 8.392399580543509785e+01 9.149269219780606477e+01 7.360644601680385790e+01 6.536039839154871345e+01 6.536011341832046639e+01 6.246866953143648260e+01 4.829056635135894737e+01 3.846434736098932916e+01 1.860268491100728028e+01 1.752776769940347990e+01 3.599354741216487952e+01 1.798132870630020719e+01 2.615592073458952527e+01 4.638902577141242034e+01 5.817117141039862815e+01 3.815613534549364516e+01 5.581267291752964610e+01 6.098056554700224297e+01 5.363133453729178513e+01 7.362682256728396624e+01 8.679326174116282289e+01 9.296211422724221052e+01 8.495727849712791624e+01 7.667550597581129068e+01 6.143529943648034930e+01 4.142828507527713100e+01 5.436175133008106997e+01 5.537923330428638735e+01 3.532666856352364704e+01 4.445076574118083101e+01 6.281247990585467988e+01 7.743409360737027214e+01
6.188241689573773385e+01 4.185821188806578874e+01 5.597760096005930563e+01 4.750753179379537983e+01 6.754793061298713042e+01 8.572558228939593050e+01 7.241747266934551419e+01 6.536040872993135054e+01 4.539869596675450225e+01 4.539869505900747981e+01 4.715919150809345695e+01 5.537253403077220071e+01 4.679882809343452266e+01 3.858331745875484131e+01 3.601260993676770283e+01 1.602094709698262776e+01 3.333873877795842589e+01 4.265735449852179073e+01 4.068257492633453154e+01 6.168921483059963151e+01 5.231419399397682213e+01 5.231419399397682213e+01 7.231116574932194396e+01 6.777819567167884429e+01 8.188858716862023357e+01 8.708747760859633047e+01 7.304794908121378683e+01 7.627559020829849601e+01 6.794198606842336119e+01 6.971933227395754784e+01 5.436175131783691938e+01 3.435612633366955038e+01 4.894310359775230523e+01 3.259038100628612256e+01 5.062019880559777363e+01 6.854952138574336118e+01 7.426170352054997181e+01
5.003716111789783838e+01 4.248311857386637058e+01 3.597550137053221420e+01 5.010695914623417480e+01 7.015058404683044557e+01 7.748668308549351025e+01 5.780472080268481960e+01 6.486308621110224237e+01 5.124533741799755404e+01 3.127470039912612165e+01 2.716658836851138048e+01 4.170594597829179406e+01 4.995881695415366863e+01 4.223255441962679413e+01 3.399331878303650711e+01 1.517961202231378159e+01 3.517276378922914404e+01 5.378198066916813502e+01 6.155055520883860964e+01 7.019989018616293208e+01 7.231116574932194396e+01 7.231116574932194396e+01 8.057396110796783262e+01 8.774665693991390469e+01 8.862459810630301149e+01 7.712518175740984816e+01 5.890984979835402413e+01 6.470081156499226438e+01 4.792328864653399023e+01 6.470081156499226438e+01 4.977214598816952673e+01 2.976770451707780651e+01 2.893886997026613983e+01 4.894309546017152712e+01 4.673596731497906376e+01 6.674177814309726386e+01 8.254517058674436214e+01
6.666143677865237294e+01 4.662803473159409862e+01 3.249800233814882944e+01 4.662803473159409862e+01 6.666143677865238715e+01 7.895579003755649694e+01 5.902569715567774011e+01 4.502348144996251733e+01 3.864346538169206013e+01 5.124533741799599795e+01 4.170594597828127803e+01 2.172430258534721403e+01 3.670068898942613345e+01 3.395107411596704594e+01 1.399959588358120577e+01 3.157914361246966095e+01 2.593661438369100836e+01 3.764841500311946731e+01 5.792678626481285420e+01 7.289244569078461211e+01 6.462998562782867396e+01 7.289244569078461211e+01 8.404222415850867378e+01 9.230731694428422429e+01 8.042228330749520637e+01 6.045689571169607746e+01 4.890575934465631036e+01 5.637989647010195426e+01 3.637294491967158194e+01 4.568618875154020031e+01 4.247336736214180775e+01 2.540333198538851178e+01 4.540682142085207573e+01 5.722833103284462197e+01 6.674177666166562517e+01 7.502589178911632928e+01 8.128662125014530204e+01
