LEM/with_lateral_4open/elevation_000618.asc
nrows	100
cellsize	150.0
xllcorner	0
ncols	100
yllcorner	0
NODATA_value	-9999
[rows 0 to 16 of 100, columns 0 to 36 of 100]
8.271705653423140625e-02 2.127631151761726416e-02 9.425194436011796739e-02 4.939197167322698090e-02 3.975871534419905817e-02 6.171646774684565184e-02 1.696294146011132625e-02 1.936121709489252440e-02 4.216450047424835645e-02 2.297044857093000214e-02 6.704298068806634203e-02 4.162315340452049650e-02 3.835349583220235004e-02 2.777463300387698203e-02 2.207885817162396139e-02 7.161913568127860341e-02 9.025521335945362045e-02 3.502399586135773735e-02 8.040414306008919487e-02 3.131346976591601466e-02 7.604099264847130613e-02 2.387740603804927586e-02 5.687112022313325910e-02 4.074439634684711570e-02 8.709178300582484655e-02 7.612946965408906586e-02 1.077918208624280109e-02 9.929772718869623455e-03 4.600412614040166881e-02 2.152795518990661267e-02 2.378824418737431057e-02 9.511189423522797837e-02 9.406546861214974686e-02 1.749038473908382007e-03 2.223905489293687143e-03 6.269637160239108220e-02 9.476101746191394060e-02
7.813061968023242432e-02 2.002127631151726206e+01 2.009425194435976181e+01 2.004939197167287190e+01 1.158676409913661409e+01 2.006171646774648920e+01 3.865964736057624140e+00 2.001936121709453786e+01 1.418430012420532371e+01 1.416510610000719872e+01 2.006702677803149371e+01 2.223802055764449115e+00 2.003835349583184566e+01 2.002777463300352068e+01 8.966350768170702423e+00 2.007161913568092260e+01 1.423239083709052899e+01 1.417715961959218340e+01 2.008040414305973442e+01 3.364646803099256012e+00 5.623042954900737911e+00 2.002387740603769473e+01 1.419900674395420914e+01 2.004074439634649352e+01 6.753758449672520037e+00 2.007612946965373268e+01 1.415293422529218326e+01 1.415247102893276931e+01 2.003846809386320871e+01 1.240949476889290137e+00 2.002378597059759002e+01 1.423733473955061335e+01 2.009406546861179521e+01 5.775251730370190906e+00 2.000222390548893969e+01 1.420483199533346585e+01 2.009476101746155763e+01
2.526786264046545702e-02 1.416740348637129010e+01 3.416740348637058133e+01 3.987103534659750892e+01 3.158676409913625704e+01 2.778828743882167629e+01 7.788287438821321906e+00 2.778828743882167629e+01 3.418430012420602537e+01 3.416512415025541571e+01 1.855373362837212170e+01 2.222380207285419829e+01 5.406031192467382951e+00 2.540603121279131926e+01 2.896635076817034715e+01 2.529628238672493623e+01 3.423239083709123065e+01 3.417715961959147108e+01 2.674526382201369401e+01 6.745263822013336963e+00 1.139654564679694637e+01 3.139654564679658932e+01 3.419900674395491080e+01 3.382482626153876026e+01 1.382482626153805683e+01 3.382482626153876026e+01 3.415534163966110981e+01 3.416813757199977175e+01 2.246252592760390954e+01 2.462643920452340041e+00 2.246269976529733725e+01 3.424130055869897404e+01 3.180547865042153433e+01 1.180547862192551634e+01 3.180547865042153433e+01 3.420483199533416752e+01 2.989653853923049454e+01
4.163169627051844027e-03 2.000416316962669683e+01 2.822380503421249998e+01 4.822380503421178588e+01 4.778828743883108388e+01 2.778828743882167629e+01 1.673255934882063656e+01 1.485935525068685870e+01 3.485935525068807550e+01 4.683790774819584612e+01 3.855372890734572167e+01 3.207101604421944074e+01 1.207269785905508286e+01 8.836002895317589534e+00 2.883851043940326875e+01 4.529628238672422214e+01 5.358055363418583283e+01 4.920153786507417948e+01 3.022681694112768014e+01 1.022681694112732487e+01 3.022681694112696960e+01 2.034081755679594750e+01 4.034081755679523695e+01 4.210909750900096071e+01 2.537183164533077573e+01 4.210909750899894988e+01 4.675005493208626461e+01 3.356163587044179053e+01 2.369126940066626830e+01 3.691234154120239808e+00 1.523821550708134964e+01 3.523059387804596554e+01 3.887654653789743264e+01 1.887654643379111619e+01 3.887654653789743264e+01 4.581133697602998467e+01 2.580677821406582240e+01
5.883922493566802470e-02 8.223805034212857024e+00 2.236594065794405850e+01 4.236594065794476194e+01 5.306249096737916204e+01 3.306249096737573723e+01 3.673255934882134000e+01 2.020458008893544033e+01 3.434671571266689227e+01 5.434671571267379875e+01 4.275953701037211374e+01 2.276314529701685174e+01 3.129671493660246284e+01 1.129783271490426522e+01 2.543996454172844679e+01 4.543967580444933674e+01 5.505940224135385108e+01 3.505940224135456162e+01 2.091726661762411155e+01 1.439710522226885736e+01 3.439710522226955902e+01 2.741188536866129866e+01 4.741188536866058456e+01 5.365610289279367606e+01 4.537183164533148272e+01 4.376492522854014311e+01 3.510551453473356531e+01 1.950151552276728850e+01 5.452135966771479936e+00 2.369127980164790870e+01 3.193103605324138883e+01 4.348144984776467226e+01 4.716083495143765703e+01 3.042355181758432181e+01 4.716084214057081425e+01 5.408110626028594936e+01 3.926222246691212803e+01
1.256007409845548775e-02 2.001256007409810067e+01 3.650807628167375185e+01 4.378400674364015543e+01 5.206827799110176613e+01 5.306249096737916204e+01 4.623480698049439752e+01 2.623480698049081994e+01 4.623480698049439752e+01 5.689362282604535892e+01 3.690500697378165285e+01 4.275953701034859478e+01 3.383773403370287980e+01 1.383783525490809652e+01 2.797996625049266939e+01 4.797963646116305370e+01 5.724719823617734704e+01 3.724719823617805758e+01 3.876146302698948887e+01 1.876146302698878188e+01 3.876146302698948887e+01 4.741188536866058456e+01 4.006099600933436733e+01 6.006099600933365679e+01 4.969844058578930657e+01 2.930765208776049846e+01 1.491730489853103947e+01 7.309089348542039843e+00 2.525010914010585594e+01 1.162422174143040188e+01 3.159933320209741936e+01 4.527844564331613242e+01 5.348773721025631289e+01 5.042355236492375070e+01 5.870789261828684857e+01 6.245437083449696303e+01 4.480858463499264133e+01
9.594114293757748102e-02 2.009594114293722100e+01 2.964187111991052603e+01 2.378400674364086953e+01 4.378400674364015543e+01 5.579770307150018738e+01 5.330587479236337600e+01 3.330587479235654058e+01 5.330587479236337600e+01 6.513664770569616280e+01 5.689362282603924115e+01 5.028831318041561360e+01 3.646384739091703153e+01 1.646396391210259225e+01 3.060609385227725099e+01 5.060571542894086150e+01 6.553146948355681900e+01 4.818955344280995234e+01 2.818955344280924891e+01 2.632075248717319482e+01 3.876146302698807489e+01 5.876146302698736434e+01 5.420313163306482096e+01 6.834526725679425851e+01 5.570923972448122186e+01 3.527997576509246613e+01 2.864292098796153141e+01 8.645395558104267408e+00 2.862230914089431622e+01 3.159933320209741225e+01 1.829031201987362110e+01 2.535843788383294850e+01 3.946286440225777881e+01 5.931850014623613276e+01 6.831216700815771503e+01 4.838815368546470808e+01 3.424220217791229715e+01
7.711341127313005306e-02 4.791158619183466527e+00 9.641871119910168986e+00 1.596642644024698221e+01 2.751343182403929433e+01 4.751343182403858378e+01 6.159014605290073519e+01 4.485288017614946199e+01 6.159014605290073519e+01 6.803020735671975672e+01 4.803962386680851893e+01 4.200987001601852455e+01 2.201096587435071683e+01 2.024360864219480050e+01 4.024346496940412976e+01 5.418334930555430873e+01 6.572940039865846984e+01 5.574884290299281986e+01 3.574884290299353040e+01 4.632075248717248428e+01 3.896986312784626705e+01 5.896986312784555651e+01 7.420313163306340698e+01 6.491882069172214642e+01 4.497140153406270002e+01 4.497140153406270002e+01 2.998831214947180612e+01 9.990741146097274594e+00 2.998831214931090727e+01 4.477858814848739399e+01 2.495428190651087164e+01 4.484136810544531926e+01 4.163650864276910823e+01 6.148320446508886050e+01 6.831216710503741751e+01 4.838815368547862761e+01 5.417266587042942660e+01
2.297228869525369793e-03 2.000229722886917116e+01 2.964187111991052603e+01 3.596642644024627344e+01 2.861553708092027293e+01 4.275767270465072301e+01 6.275767270465001246e+01 6.485288017617581602e+01 7.313715144105451316e+01 6.217827789781909331e+01 4.218320161350910524e+01 2.804119276549822004e+01 4.200987001601949089e+01 4.024346496940412976e+01 2.590046289168471105e+01 3.744746667644933780e+01 5.744699645851774505e+01 6.403311415040830923e+01 4.989097852672398403e+01 5.574884290299282696e+01 5.311199875157672068e+01 6.725413437524140647e+01 6.985535550009610972e+01 5.907792850715592436e+01 3.912823519181100806e+01 2.500187756425547647e+01 3.134375015482573090e+01 1.134531206905589329e+01 2.939110523793548424e+01 4.332204057647896889e+01 4.484136810544558926e+01 3.753484132657335692e+01 5.143256346199154905e+01 6.967669306497398907e+01 7.652058798351528424e+01 6.831216710503741751e+01 6.019964247316140415e+01
9.647730019007895452e-02 1.009647730019016620e+01 2.423861292425361924e+01 4.423861348443931263e+01 4.861553708091955883e+01 5.689980832838116953e+01 6.448696639193555313e+01 6.448696639196327851e+01 7.279386842780691325e+01 6.702743504556291043e+01 4.703384793007910503e+01 3.289190526466504849e+01 5.288983401595279332e+01 5.418334930555430873e+01 3.744746667644933780e+01 3.297153070183570378e+01 4.711364047369390562e+01 6.711267066748796140e+01 6.989097852672256295e+01 7.574884290299141298e+01 7.311199875157529959e+01 6.392495775520244905e+01 4.973814137827856285e+01 5.657000605057009324e+01 4.387008495719133805e+01 3.344122060376314920e+01 1.345936577284079405e+01 3.134375015482573090e+01 1.613175589789083375e+01 3.088998675171562880e+01 5.384732933083833473e+01 5.711427982118926394e+01 6.515896688537216619e+01 7.888531032548509359e+01 7.637648523770927511e+01 6.822889121697058101e+01 5.154226935750300242e+01
3.582433992925927735e-02 2.003582433992838574e+01 3.838074672411522670e+01 4.818898204470713154e+01 5.645602736113720255e+01 5.863632469669027358e+01 4.447878099080643466e+01 4.447878099080643466e+01 6.448696639196346325e+01 6.702743504554021570e+01 4.703384793007910503e+01 3.955857186284910654e+01 5.955546509250597609e+01 6.572940042683174511e+01 5.744699645852762160e+01 4.113649640192110013e+01 4.366197847245999242e+01 5.780401598541678254e+01 7.780209185073613298e+01 7.447102134179593236e+01 6.286239494690898510e+01 5.375147390386013058e+01 3.514999011738503043e+01 3.620269689433101234e+01 3.560754334779405639e+01 1.562858706500149708e+01 3.344193381065185378e+01 3.749524124195652064e+01 1.973612174922097040e+01 4.008694975798954374e+01 5.425026266437474476e+01 6.876887878903606577e+01 7.393193182819865683e+01 8.238928046461560939e+01 6.822889121697058101e+01 4.866680800868020640e+01 5.438519685159725015e+01
1.813270376062421294e-02 2.001813212407543219e+01 3.404937820062804832e+01 2.819284868787078224e+01 4.818898204470713154e+01 5.033904281556204552e+01 3.033640044419423276e+01 4.367149535843903152e+01 6.368286280607591010e+01 7.529726189750103060e+01 6.702743504554021570e+01 5.110550272436492492e+01 5.370034257647038345e+01 7.369098128007502169e+01 6.941817201794049197e+01 5.113649181256246834e+01 6.366131679568577795e+01 5.999168453135408896e+01 7.998930791561609510e+01 6.621282753180136638e+01 4.603581005971813056e+01 3.405114655684186431e+01 2.505532481811883017e+01 2.225156758605440288e+01 1.952626921079003708e+01 1.746179658057979722e+01 3.743696142282885830e+01 4.616651980035511826e+01 4.008694975798954374e+01 2.533096552965284332e+01 3.973164653971332427e+01 5.934806152763039222e+01 5.330722465724483072e+01 7.393193182819865683e+01 6.568908311317329662e+01 4.612959870733617862e+01 3.476131524791212968e+01
2.372884694381488524e-02 2.001766353628954320e+01 1.405076918549220721e+01 2.908911129724616984e+01 3.251923718404038510e+01 3.611154004424466279e+01 2.366973367432021291e+01 3.781199886638630403e+01 5.781757125823030918e+01 6.730009914587495246e+01 7.936641520898125179e+01 7.109832834840912597e+01 7.369098128007502169e+01 8.195754942390520625e+01 7.941675492996979813e+01 7.113545395638956848e+01 7.941675492996979813e+01 7.998930791561609510e+01 7.665604967767238520e+01 6.508903377474533158e+01 5.090216005149806477e+01 3.027815776207226506e+01 4.539016358641705295e+01 4.217494326665756432e+01 3.059685025109799383e+01 3.743696142282885830e+01 2.008721714252364166e+01 3.765638823014205627e+01 5.004955189613758648e+01 4.575057930347078639e+01 3.158391442330578869e+01 3.877578506440898565e+01 5.330721218439096276e+01 7.393161376580660260e+01 7.383048685298764724e+01 6.252164662319476918e+01 5.439640952625294545e+01
8.175220331382776484e-02 2.968503549261962693e+00 5.885803379219866294e+00 9.088366455321637005e+00 1.251833815817184359e+01 1.611044419870740541e+01 2.188394689069613719e+01 3.004891288869276522e+01 3.899318995972689805e+01 5.313596658978025999e+01 7.314982380679852270e+01 7.477418392866479735e+01 7.288775489578387123e+01 6.460793425685932334e+01 7.288775549798739917e+01 8.768036852761268563e+01 9.596135304113933273e+01 8.293543160489694799e+01 6.840571249160542777e+01 4.832276286884276573e+01 3.634263108794436192e+01 5.090216005084678841e+01 5.922119886827422874e+01 5.920446169029659700e+01 5.087947134288659612e+01 4.831990476470834750e+01 4.005656504062539369e+01 2.275858237280606033e+01 4.272389875159829842e+01 6.055553365530573728e+01 5.207443403394635340e+01 4.069435506671561598e+01 5.523906114563153835e+01 7.580164679496648716e+01 7.376124112555540080e+01 6.383058409349752793e+01 5.560906602827240874e+01
9.124702163186203252e-02 2.009124702163150644e+01 2.588642895224938556e+01 2.063537511404548752e+01 3.251923718404038510e+01 2.765745634502509631e+01 4.188548746027001357e+01 3.602618446002626484e+01 5.603109622951168234e+01 6.730009914587495246e+01 6.892026708437452953e+01 5.478603975888795219e+01 5.730902211233244259e+01 4.461904012420605170e+01 6.460793425660413902e+01 6.769205809930784312e+01 8.768036852761268563e+01 7.468989563209976268e+01 5.473806004476879394e+01 4.456478992987557319e+01 5.681081612033103312e+01 4.943467258248979590e+01 6.950338312167255594e+01 7.731481228532092587e+01 5.605811887591617193e+01 5.464668612315161056e+01 4.463599150437569563e+01 2.467308158396139817e+01 3.620525714238239345e+01 5.613645297118364397e+01 6.971247235393252595e+01 5.523906114563153835e+01 5.523906114563153835e+01 7.580164679496648716e+01 6.554503064701350468e+01 4.567310140953133413e+01 3.571636921678894083e+01
2.239863785106879432e-02 1.416453426158214413e+01 3.416453426158285112e+01 4.063712968578331441e+01 4.893100518911905539e+01 4.766003314309845251e+01 5.595653023347159660e+01 5.603109622951168234e+01 6.433228100712018716e+01 6.771761066980459987e+01 5.892522419765218444e+01 4.065001667056748857e+01 3.731762824484956553e+01 5.730902211186265305e+01 5.355926100777114840e+01 6.509863681592416640e+01 8.508649259232488760e+01 8.293543160489694799e+01 7.177692954525538482e+01 5.179988535983802933e+01 7.177692954260960789e+01 6.367097614594717214e+01 7.775367747121364914e+01 6.781495174111691426e+01 5.605811887591648457e+01 3.066953901356529144e+01 2.761955109820323884e+01 3.044098524233021408e+01 5.039567841797859415e+01 6.434556413268170161e+01 7.802524892536678180e+01 7.580164679496648716e+01 7.580164679496648716e+01 8.418588356223352775e+01 7.376124112555540080e+01 6.383058409349752793e+01 5.560906602827240874e+01
1.766589122093755945e-02 1.001766589122102502e+01 2.415980151495222827e+01 4.415980151495293171e+01 4.858117372155229674e+01 5.443750905059947343e+01 5.706171719095141981e+01 4.879557131271847226e+01 5.706171719095161876e+01 5.358197980680158423e+01 3.944634894379854728e+01 3.065143249278940019e+01 4.219641306306520789e+01 6.218651474243854693e+01 7.354649867929650497e+01 8.182670557022358082e+01 9.336736588712901153e+01 8.995512848706052011e+01 8.002157916736787513e+01 6.337119077449508353e+01 8.002157907321735308e+01 8.358405914646074564e+01 7.364745066778621663e+01 5.371632455672642692e+01 3.957541867606908426e+01 3.061621834649199414e+01 4.757882606877696219e+01 5.039685424345470466e+01 3.985577497753795484e+01 4.983384421138178055e+01 6.392450777400357964e+01 8.385164230116591000e+01 7.942521091180307735e+01 7.117481188866683794e+01 7.135505376928932719e+01 6.308189053363444998e+01 6.092467171507216506e+01
