LEM/with_lateral_4open/elevation_000556.asc
nrows	100
cellsize	150.0
xllcorner	0
ncols	100
yllcorner	0
NODATA_value	-9999
[rows 0 to 16 of 100, columns 37 to 73 of 100]
8.884754177262699226e-02 6.929726548558100274e-02 7.395023591448830758e-02 4.828361932999872264e-02 4.897713358561925356e-02 8.568734790590110117e-02 1.075183056328203948e-02 6.823539046102447547e-02 7.194897206013613211e-02 1.557559815681563986e-02 7.704183385687686514e-02 1.685416958384493638e-02 9.680445094065920353e-02 7.639902522890137937e-02 4.559330980047965332e-02 5.839666421669215124e-02 9.739037529851846120e-02 3.670263267501718690e-02 2.041064012308905357e-02 6.895211126444661387e-02 9.031524355919069713e-02 1.560024811392830661e-02 7.641644294168103979e-02 3.888124420523987601e-02 6.873285589001959517e-02 4.772367030474261584e-02 9.504926490987847254e-02 5.760415539182907330e-02 9.666222459857021221e-02 9.627991409191682948e-02 1.286757495974483190e-02 9.381044340810595905e-02 7.584058927755046864e-02 1.435327048224320848e-02 5.777975670406795827e-02 2.716720951219454838e-02 4.735230246529398453e-03
1.423098316550345110e+01 8.234264232351941715e+00 1.421608585964556326e+01 1.004828330416322224e+01 2.004897709501569381e+01 1.436026561616119324e+01 1.998735123780410561e+01 7.113920318453561542e-01 1.906546219905329664e+01 1.529739052509853359e+01 1.769754546957159036e+01 1.431714574035447107e+01 2.009680445094030432e+01 3.611935941111929615e+00 2.004558788337553565e+01 2.005839666421633538e+01 1.423952599902959371e+01 1.158370801646763404e+01 2.002041064012273353e+01 2.006895211126409251e+01 1.780426350979626759e+00 2.001560024811357152e+01 1.975643400348794998e+01 1.418101686793631444e+01 1.421086847962084398e+01 7.607013130489681529e+00 2.009504926490952315e+01 1.456493241048244514e+01 1.910944913292889069e+01 4.178762836964729388e+00 2.001286757495939028e+01 1.423594606713918154e+01 1.422377630071206944e+01 2.001435327048188739e+01 2.005777975670371305e+01 2.002716720787245919e+01 1.003490959916759850e+00
3.423098316550274234e+01 1.717857099730549209e+01 3.421608585964627025e+01 2.419037855832630868e+01 3.833191246014211373e+01 3.518307190375590210e+01 2.513431055283876248e+01 1.425558491770528313e+01 1.622367069193241917e+00 2.396749273814218029e+01 3.588855300244360080e+01 3.517007364203757902e+01 2.764606392572038374e+01 7.612006450476639152e+00 1.516306541538243913e+01 3.518267210145216950e+01 3.423952599903029892e+01 2.572584364019883552e+01 3.501381874296768615e+01 1.501489700441630148e+01 3.475902716810168158e+00 2.346743589347174108e+01 3.423915603323096946e+01 3.418101686793701788e+01 3.421086847962013167e+01 1.655128504066814799e+01 3.589082492734913643e+01 3.568815721711337119e+01 2.820954118701565605e+01 8.349051517851583171e+00 2.841061696695485495e+01 3.423594606718091171e+01 3.427313303388146437e+01 3.199898180590196617e+01 2.242555412302384354e+01 2.423126765375188452e+00 1.514652588692220725e+01
4.374876639209573881e+01 2.872687304523212859e+01 4.552927951434482168e+01 4.418971286258655340e+01 4.888325225820419462e+01 3.087046410799820961e+01 1.830979653316330413e+01 2.108893155269684883e+01 2.267192949410783864e+00 1.385146629050534273e+01 3.407974546925693460e+01 4.779243436952652502e+01 2.647702500159327954e+01 1.178280202357053597e+01 3.184659029941677844e+01 2.931878808239717316e+01 4.933934042843763024e+01 4.572584364019954251e+01 4.329899633907361078e+01 3.046146388407802164e+01 1.102365789144131014e+01 5.981621856232853141e+00 2.630401500134916049e+01 4.056001891193277942e+01 4.483582820111385558e+01 3.069342142516928007e+01 4.483582820111385558e+01 3.551161231368402582e+01 1.542035190471921702e+01 1.990214613183773196e+01 3.676951513962623608e+01 4.391764378555851778e+01 3.306522426501358325e+01 2.344089698895357188e+01 3.853845390331983811e+00 1.397223774165867560e+01 3.071009888728346127e+01
4.829246700779506085e+01 4.879305596077458773e+01 5.718381104520373270e+01 5.654301520706127349e+01 4.862508805464059236e+01 3.886333048349976593e+01 2.313780131394404194e+01 3.182450473262959711e+00 2.202992640412841752e+01 3.129045809389201693e+01 4.396070262353904212e+01 4.824636662925078667e+01 2.816082558247859069e+01 1.678598966064026499e+01 3.686709755299956015e+01 4.933934042843763024e+01 5.762872710546429289e+01 5.282849821102261956e+01 3.446433612966902871e+01 2.346128425284858210e+01 2.753725532674469889e+01 7.773259175268195875e+00 1.231830115118747315e+01 3.227930516569595198e+01 4.756636358557786082e+01 5.069349949814425571e+01 5.201922215618560585e+01 3.180160937069399552e+01 2.145155769002004220e+01 4.003340111706953053e+01 4.843969263411941029e+01 3.571143757603170599e+01 1.665047335739359013e+01 5.294165508793123642e+00 2.385756825908501355e+01 3.214150444645904514e+01 3.397284414700117594e+01
3.414333742143060846e+01 5.414765328150118506e+01 5.979722958710997460e+01 4.043566851307029708e+01 2.875479577953083066e+01 3.183266661856038127e+01 9.393047278027060187e+00 3.831336157652730723e+00 2.381867094931322271e+01 2.571171118399626820e+01 4.791723399608640221e+01 5.655570250114743658e+01 4.518351159992355548e+01 2.837384062109304494e+01 2.575732309649414020e+01 3.997397019572419197e+01 6.008196967449842418e+01 6.043134210987345512e+01 4.972353687787121856e+01 4.015527871455959996e+01 2.971909234675362299e+01 9.738109516292686507e+00 2.971912583620033388e+01 1.926099234287033823e+01 3.927087935121333828e+01 5.565832631861616875e+01 6.042439999004298556e+01 4.996630125022227986e+01 4.157677396299668970e+01 3.146970242373603810e+01 5.167146918844176184e+01 3.570391312656269633e+01 1.597127498883024721e+01 2.359050134641933028e+01 6.759780493216331898e+00 2.212875464859204300e+01 4.552175214439112239e+01
3.633308746899357544e+01 5.636714597780738245e+01 6.760311217906689762e+01 5.654273179274856886e+01 3.800680186557679718e+01 1.819006212348319096e+01 2.656105047278096265e+01 7.422531607225910655e+00 4.771537144467284719e+00 2.564072533486947592e+01 3.902219211054603676e+01 4.782901758901228106e+01 5.678046912413068981e+01 4.846910228285220512e+01 3.335511681324092592e+01 5.345236490132294449e+01 6.544785613523707468e+01 4.553893196314318459e+01 4.553671216761260609e+01 3.338049097842208113e+01 1.264839514460066106e+01 1.852401155397224741e+01 3.642233292381175147e+01 3.927087935121331697e+01 2.725511314166649157e+01 4.145374815685521952e+01 6.156930772000739438e+01 6.601748416766290006e+01 4.572915532155774088e+01 4.572557950394027415e+01 4.947606626200234103e+01 2.996060994482496298e+01 3.536356560035831365e+01 2.766647060600645247e+01 7.800508726191541342e+00 2.640549662189915736e+01 3.795340306477782377e+01
5.299537821592468845e+01 6.471830467054245162e+01 6.526361327153088610e+01 4.848411362914037426e+01 3.519514904073962214e+01 1.647873843732346799e+01 1.263425953371514687e+01 2.429058267930385995e+01 5.437833743805354558e+00 2.118728881503862027e+01 1.744492891767263387e+01 2.989619827368919047e+01 5.148853154470315019e+01 5.345236490132294449e+01 4.757346062765639516e+01 6.176816380077755753e+01 6.445017602097340159e+01 4.554044996846416637e+01 2.562472361379841956e+01 2.008276332609966630e+01 1.474148573258792538e+01 3.435779999984169564e+01 3.138909124469977741e+01 4.873230286987970317e+01 4.734545914554060886e+01 3.765727493622406996e+01 5.787002086658240785e+01 7.435374483218528496e+01 6.601748416766290006e+01 6.588099681160977639e+01 5.761139718255572006e+01 4.943551575139213838e+01 3.867691379224291381e+01 2.885869982773039766e+01 8.894212547572173833e+00 1.122384847090734539e+01 1.704194005944467349e+01
6.128858547119251199e+01 5.999530944936866916e+01 4.650565857967144723e+01 4.067828252739138151e+01 2.211706035339143028e+01 3.519512055567363262e+01 2.563055653995835570e+01 2.961599990986713138e+01 1.880875572045809463e+01 6.382744870237607060e+00 3.003616793984297573e+01 4.782901758901228106e+01 6.020083284649044941e+01 7.352307252854585329e+01 6.764529533070187028e+01 6.767660040574266134e+01 4.775854876984554664e+01 3.627820426458382741e+01 4.554044996846416637e+01 3.701612735027303813e+01 1.704873298184960007e+01 3.701510958878758117e+01 4.873196908940725081e+01 5.234824695018422602e+01 6.544740990600563180e+01 5.787002086658240785e+01 5.259132113154502264e+01 7.226614859434734228e+01 6.913163901100058695e+01 5.777689538513951106e+01 4.891500220745969330e+01 4.213713776438155634e+01 3.041100364736236017e+01 1.044540713117824993e+01 2.885782448995503202e+01 3.165639533296287311e+01 1.749999165020754077e+01
6.535986870676866545e+01 4.651587320143004689e+01 3.351320890374059047e+01 2.836520787760644069e+01 4.067828252739138151e+01 4.828709575294021761e+01 4.132254475395470195e+01 3.411842198007720128e+01 2.545987750598742849e+01 7.054279047429331762e+00 2.219988471967121768e+01 4.551379645672024310e+01 6.175469562035500104e+01 6.423044075230960459e+01 7.237250400795808503e+01 7.598275791952409008e+01 6.446027278447326125e+01 5.617690793202462629e+01 5.366076962412255824e+01 3.357793865240928710e+01 1.940450885201047626e+01 3.313725330602687791e+01 4.856635819119323116e+01 5.841984074752885903e+01 6.674218314160671639e+01 7.571226643408758150e+01 7.226614859434734228e+01 8.015914383452378900e+01 5.779404778313313074e+01 3.814785634146728199e+01 2.871517980214809995e+01 2.235026027678141958e+01 1.673727366459576160e+01 1.154505375588606064e+01 3.151261068503813334e+01 4.153627751396256684e+01 3.841918536986523236e+01
5.475830570244685447e+01 4.411036244839182530e+01 5.203515170029486114e+01 3.900546071121511460e+01 5.468596838768753088e+01 5.647714789047989115e+01 3.267491211651314131e+01 2.681788650699950693e+01 8.007199637948792414e+00 2.705054894560987222e+01 3.516850274027064671e+01 3.610081117833109232e+01 5.068418112659958297e+01 4.507313676224760712e+01 6.423044075230960459e+01 7.625229137952510428e+01 6.857337333674664137e+01 4.849672437002682557e+01 3.428421229387386404e+01 2.794096953799641625e+01 2.252686882785757305e+01 2.653658923062362263e+01 3.172778935367489694e+01 3.863013258586769894e+01 4.734637242842601523e+01 6.147492847163240270e+01 8.163086228477844486e+01 8.145110071404511132e+01 6.800846567907164797e+01 5.775973532761263840e+01 4.891187610395786578e+01 4.214128168827985377e+01 3.618778967831738669e+01 3.067839358271327299e+01 1.314042648294049087e+01 3.317815269615661578e+01 4.482385488554263020e+01
7.095430179827354777e+01 6.286061513803233680e+01 6.550391846617058889e+01 5.752879729380020279e+01 5.507821129141421324e+01 4.753454985107732966e+01 3.062522049028084226e+01 8.976768926196385223e+00 2.408446590268933818e+01 1.354540179701188762e+01 1.760964819298328266e+01 3.680890273056629525e+01 3.178620956082757587e+01 3.943639749656043847e+01 4.880909884415648747e+01 6.807890201878174707e+01 6.597079245796003022e+01 4.588982191410646294e+01 5.437703504790665932e+01 3.989138821580465333e+01 2.568920765113088933e+01 4.567285768381938738e+01 5.142312232812219008e+01 4.558468881416320784e+01 6.551834770053559964e+01 7.571226643408758150e+01 7.852868014785961748e+01 7.029093861380086139e+01 5.625507063333604663e+01 5.716351062395700211e+01 5.217356426158732319e+01 4.898514833466177976e+01 2.910431266396944139e+01 1.499095369317863735e+01 3.315342406567976496e+01 1.637031002189084816e+01 3.643270086402103658e+01
7.024423896721241078e+01 6.816385655158424584e+01 6.991747315565167753e+01 5.219608502631836444e+01 3.979735905585668121e+01 2.912043587348994578e+01 2.942653396858704795e+01 9.663972544940355291e+00 2.938942468067646985e+01 3.291680269788203361e+01 3.680850637351080223e+01 2.398206062535770045e+01 3.495748627798308661e+01 5.391324274084612256e+01 6.654965760994157620e+01 7.625229137952510428e+01 7.427597512364681620e+01 5.749209743320989219e+01 6.826688426173956259e+01 5.099309351470568430e+01 2.949724577556953875e+01 3.459333516607803460e+01 5.231551524489594129e+01 6.551834770053559964e+01 7.384365219118078016e+01 8.170935712874862134e+01 6.199842244828467841e+01 5.080080694799487873e+01 4.395894965514319352e+01 3.778085098936789876e+01 3.268087273932901127e+01 4.552553203612276889e+01 3.624722644029705521e+01 1.630938482968080194e+01 3.624722644029733942e+01 3.643270325143745936e+01 1.969661194132780224e+01
5.091267881380773730e+01 4.878354469866021503e+01 6.109024211121300141e+01 6.050105149076917144e+01 4.395103035404343217e+01 3.546836119152717970e+01 1.788580824042558959e+01 1.035239178347737088e+01 2.454567959096646135e+01 4.504562266920157754e+01 5.094693895606160794e+01 4.296911774841192511e+01 5.094694171198421628e+01 6.197930035830118101e+01 7.034412057070919388e+01 7.857115345335562040e+01 8.585513791110464865e+01 7.755290525270937962e+01 6.150224474863166790e+01 4.048409540899591263e+01 3.582760560966316632e+01 3.898426471777055724e+01 4.669552156759536388e+01 5.753929735649413857e+01 7.726417217568696572e+01 8.993287102390887355e+01 7.852868014785961748e+01 7.032924368500373191e+01 6.334839274155731914e+01 5.716351062395700211e+01 4.552553203612288257e+01 2.586043707905747624e+01 3.385181115687227305e+01 1.763860536879525398e+01 3.757830040826932816e+01 4.223413331766977308e+01 2.213791340381699868e+01
4.052175669935323299e+01 3.475536359229167260e+01 4.211600550269130849e+01 4.723595957918362842e+01 3.078945786325405010e+01 1.583574983974800610e+01 3.095685645666405250e+01 1.104491708425120855e+01 3.057539052798419021e+01 4.137034016440286166e+01 5.294179338317571393e+01 4.600662087185293103e+01 5.023724936220266812e+01 5.647379037273356062e+01 5.072851149013896332e+01 7.034412057070919388e+01 8.586655010171647007e+01 7.443311227426866594e+01 5.398761552280930687e+01 6.150222544705046346e+01 4.256405088248786228e+01 5.313125305105969431e+01 4.920803185118067091e+01 6.805838815419257060e+01 8.551247926044302972e+01 9.752599067209942518e+01 7.771650810191896142e+01 7.771650810191896142e+01 7.115474671359932302e+01 5.136890168385346556e+01 3.751988437679327859e+01 2.767542001559827369e+01 1.954284576782530181e+01 3.757907895451089075e+01 4.579270292361793082e+01 4.474698210003278831e+01 2.463734587942418486e+01
6.011664249132682158e+01 4.789830832423982088e+01 2.808771669035086305e+01 3.931647518403992336e+01 1.974977924593947876e+01 3.227316422186972034e+01 1.209384000301666440e+01 2.964379064634144001e+01 1.383026504056929973e+01 3.046942119537152749e+01 4.018326169298945416e+01 2.610709588688730065e+01 3.039381777818702446e+01 3.675213708901585363e+01 4.667616773014685094e+01 5.797520496978275162e+01 7.760424396060545860e+01 8.276108898233258060e+01 6.853046593480506488e+01 7.119089294811814739e+01 4.976637477075312432e+01 7.019941142939939027e+01 5.981102632279873177e+01 7.620608211386239361e+01 8.774725137044423207e+01 7.959579205785065881e+01 7.771650810191896142e+01 5.803983109387179695e+01 6.527188487613975099e+01 6.538756115900602595e+01 5.599983045312804819e+01 4.092022267632640364e+01 2.098157432278198087e+01 3.509841405009339610e+01 5.483827691636853530e+01 4.825160840901186532e+01 2.811907851769763411e+01
5.384230242100147734e+01 3.411978684625201907e+01 4.375544574128890218e+01 2.382529143477846745e+01 3.967237193283821739e+01 3.279067190383756270e+01 1.286754909170271155e+01 3.270403033080342681e+01 3.355366189554282386e+01 1.666845577878723361e+01 2.044066415394302183e+01 4.033720689948829374e+01 5.023725601242053784e+01 3.983454005223619987e+01 4.732778983768020709e+01 5.711193003656063638e+01 7.092416045227571431e+01 9.073575316148681225e+01 8.868336112089328083e+01 7.961012187601173196e+01 5.971622488974907128e+01 7.953879391514752228e+01 7.929446418993627788e+01 8.746220309886867028e+01 7.658761033530461759e+01 6.041182512172749597e+01 7.658761033530461759e+01 6.527188487613975099e+01 4.558245333473423244e+01 5.542716910543695974e+01 5.266289786908805581e+01 4.237021675767310569e+01 2.243602253420892012e+01 3.397599578421340283e+01 5.378821564420414347e+01 5.187266332526210988e+01 3.171148260875855485e+01
