LEM/with_lateral_4open/elevation_000363.asc
nrows	100
cellsize	150.0
xllcorner	0
ncols	100
yllcorner	0
NODATA_value	-9999
[rows 0 to 16 of 100, columns 37 to 73 of 100]
8.884754177262699226e-02 6.929726548558100274e-02 7.395023591448830758e-02 4.828361932999872264e-02 4.897713358561925356e-02 8.568734790590110117e-02 1.075183056328203948e-02 6.823539046102447547e-02 7.194897206013613211e-02 1.557559815681563986e-02 7.704183385687686514e-02 1.685416958384493638e-02 9.680445094065920353e-02 7.639902522890137937e-02 4.559330980047965332e-02 5.839666421669215124e-02 9.739037529851846120e-02 3.670263267501718690e-02 2.041064012308905357e-02 6.895211126444661387e-02 9.031524355919069713e-02 1.560024811392830661e-02 7.641644294168103979e-02 3.888124420523987601e-02 6.873285589001959517e-02 4.772367030474261584e-02 9.504926490987847254e-02 5.760415539182907330e-02 9.666222459857021221e-02 9.627991409191682948e-02 1.286757495974483190e-02 9.381044340810595905e-02 7.584058927755046864e-02 1.435327048224320848e-02 5.777975670406795827e-02 2.716720951219454838e-02 4.735230246529398453e-03
2.008858556991332733e+01 2.006929726548522552e+01 2.007257781889074622e+01 5.393508457578438886e+00 2.004897713358526445e+01 6.408126588008540736e+00 2.001075183056292772e+01 2.006763335337733167e+01 6.957318336119412416e-01 1.998036389910575394e+01 2.007704177557134884e+01 2.001685415975896021e+01 1.026410649024648158e+01 1.421853464895997732e+01 2.004559330980012533e+01 4.228684945358206271e+00 2.009739037529816486e+01 1.417883825640609174e+01 1.416254626286304052e+01 2.006894824457856785e+01 2.009031524355883391e+01 1.922525426605115051e+00 2.007641644294132632e+01 2.003888124420488381e+01 1.421086847962109445e+01 1.424909714779887970e+01 2.009504926490952315e+01 3.593138059932924566e+00 2.009666222459821583e+01 1.423841553782274261e+01 2.001286757495939028e+01 7.164878255273611884e+00 2.007584058927719539e+01 1.415648889478643468e+01 2.005775826418968677e+01 2.002706015969928544e+01 1.119291655467989033e+00
2.757176846461455710e+01 3.355738945632887749e+01 1.355847426079581020e+01 2.539372503925388003e+01 3.271174294730028009e+01 1.305779386173861134e+01 3.037778984763931334e+01 1.216922329138504288e+01 1.319818313026237311e+00 2.131480877177125066e+01 2.989911903125971193e+01 3.822533878139239505e+01 2.474529460708790651e+01 3.421853464896068431e+01 2.849269927247080858e+01 8.492699272470453309e+00 2.849269927247080858e+01 3.417883825640679873e+01 3.416254429480184029e+01 3.538517302854439350e+01 1.538518338047275869e+01 3.838177997047421908e+00 2.382457398586921471e+01 3.500552825691602266e+01 3.421086847962180144e+01 3.458632438494765893e+01 2.678083220182551472e+01 7.185244070378123737e+00 2.718522279191768121e+01 3.423841553782202851e+01 3.544915434726465264e+01 1.610915016527292565e+01 3.544915434726468817e+01 3.415649015670449273e+01 2.886859987731238419e+01 2.713396716171118772e+00 6.772621822118743751e+00
3.090685065036987567e+01 3.988126488914233647e+01 1.988302956042327096e+01 3.988126488914233647e+01 3.997082296176597538e+01 2.054059993737945433e+01 3.827886941475929206e+01 2.856688254020063056e+01 2.119535182965425335e+01 2.205433198566197905e+00 1.819325028276177392e+01 3.221146606842602722e+01 4.477422031696052329e+01 4.263483489620262645e+01 2.263483489620165301e+01 2.003970465626317221e+01 1.665766508174785798e+01 3.079980070547906124e+01 5.079980070547976823e+01 4.366858353794697223e+01 3.201877174061751674e+01 1.383810393371878256e+01 6.680854215122240092e+00 2.082443133041458694e+01 4.088114000584834429e+01 3.871497474110486792e+01 1.873144887828213712e+01 2.718522279191768121e+01 1.335736119853350345e+01 3.335735762431833962e+01 4.439343998817279413e+01 3.025128578960861603e+01 4.439343998817279413e+01 3.797638393803911327e+01 1.795028029011056958e+01 3.841311346424593154e+00 2.271496717603480064e+01
3.433945388997982207e+01 4.743915385194741674e+01 2.744231878784367495e+01 4.743915385194741674e+01 4.807305674712889498e+01 3.177911040255762032e+01 4.807305663686923936e+01 3.507946168496265216e+01 1.612606309987310027e+01 1.964680880776516148e+01 3.094541647511942273e+00 1.764696591137317228e+01 3.969258693000448091e+01 5.091910614634586807e+01 4.263483489620262645e+01 3.418184027999462415e+01 3.665766508174856142e+01 2.665766508174803562e+01 4.665766508174873906e+01 4.994428712775530954e+01 3.014869371988244851e+01 2.872504576244804042e+01 8.732810919292566254e+00 2.287491353222744905e+01 4.287399244660880981e+01 4.699242942666632672e+01 3.027463013958050198e+01 3.834889138620203397e+01 1.835730376539709852e+01 2.968662291268766396e+01 4.969025407219709223e+01 5.025128743562354572e+01 4.822282876328182510e+01 3.988009212731108732e+01 2.495533146335461083e+01 4.970701487754594972e+00 2.495530027523852112e+01
3.793508239861349551e+01 5.258157526754924760e+01 3.898928472203525075e+01 5.570346479176087229e+01 5.931421690414034487e+01 5.116091041820595109e+01 5.338278276825548119e+01 3.500555684198328521e+01 3.106037187547802958e+01 2.280960929635979184e+01 3.724482435854096440e+00 2.419993026307619388e+01 3.807682514284518049e+01 4.538660676556163764e+01 5.406619953158399028e+01 5.418184027999532759e+01 4.298759670030313629e+01 4.079980070547948401e+01 5.494193632959590445e+01 5.789450211223830678e+01 4.388401424444592180e+01 3.082911892549069321e+01 1.082938059273642040e+01 2.497148699765708457e+01 4.497069339629704388e+01 5.852510984142807615e+01 5.025215967461626576e+01 3.784294638117684428e+01 2.370230715037652303e+01 4.370321815909422725e+01 5.797843128413553870e+01 5.145678813350620828e+01 3.140904724898139833e+01 1.983535188074858624e+01 1.273584141158399419e+01 6.097788841010424399e+00 1.763235470262537419e+01
2.424831862782149727e+01 4.427087601687005503e+01 5.898188974206129132e+01 6.723454333367082825e+01 5.716957543924544183e+01 4.890466975868782384e+01 4.227508110242133199e+01 3.917068183156599304e+01 1.880081432147526499e+01 4.622961922720087102e+00 2.368629543494979828e+01 1.157145809585717622e+01 1.760852732152651612e+01 2.471150744516740261e+01 3.650464663304673252e+01 5.751958994197758557e+01 5.712973232403458468e+01 6.079980070548018745e+01 5.701388780653969945e+01 4.728974126096835562e+01 3.568023099681990118e+01 1.568009309354935077e+01 1.357659187171022452e+01 3.357628854768848470e+01 3.757621271668210738e+01 5.757443490899547101e+01 6.613598214377664419e+01 5.077532105619889080e+01 3.077237870378121087e+01 4.370321943105012963e+01 6.371512189105417434e+01 5.982240839161899970e+01 4.818281457203742235e+01 3.987356464561560898e+01 2.727500437062542105e+01 7.243526497281749243e+00 2.727500668062528533e+01
2.909913885208545281e+01 4.328374102032586990e+01 6.342251479636870215e+01 6.297767002864425478e+01 4.307544218359169008e+01 2.901590378988817420e+01 2.238381819999178290e+01 3.379341810238978638e+01 2.523322376870984129e+01 5.259568936608637557e+00 2.375938017940371338e+01 3.130886322157271451e+01 3.806389814949444883e+01 4.538660676556163764e+01 5.406619953158399028e+01 6.618187884975368718e+01 7.712973232403660973e+01 6.372375223027022884e+01 4.171637281073229531e+01 2.774804045828415866e+01 2.084407089159683935e+01 3.568023099681990118e+01 3.357628854768848470e+01 1.757659187171394422e+01 3.757621271668210738e+01 4.944841515853846659e+01 5.773116552400046686e+01 5.906834070428208605e+01 4.077024506673979687e+01 5.906834070428208605e+01 5.866141531401613207e+01 4.964897094301459646e+01 4.121868789102794040e+01 3.749918588816757392e+01 2.844724285776166184e+01 8.395790574161237529e+00 1.341786336178697780e+01
3.542440391068428340e+01 4.317649587445853854e+01 6.279353486923001526e+01 6.297767002864425478e+01 4.307544218359169008e+01 4.785996155195450541e+01 2.796686502986842626e+01 1.388081916957254158e+01 2.263821623911660552e+01 5.897145652928434068e+00 9.515355395975007013e+00 1.301850964216944284e+01 3.290780282808432844e+01 4.435019468943458776e+01 5.002082285635651004e+01 5.838788443331841904e+01 7.009527025811181034e+01 6.112138687455862396e+01 4.106898807404819252e+01 2.696490328889531440e+01 3.498625533707450330e+01 4.912835775630372126e+01 4.585943606290463492e+01 3.171867693024722712e+01 2.188990280000511746e+01 2.944919219338275340e+01 4.099615231746696509e+01 6.099442091890546891e+01 5.491628743758660391e+01 6.907590151427730518e+01 5.020410807352671867e+01 3.016156381608729120e+01 2.128875502301682587e+01 2.481368285811519314e+01 1.010294689419281156e+01 2.771714112122804607e+01 3.337658537124203662e+01
5.548174119847274710e+01 6.267046517150047436e+01 7.075414919469909591e+01 7.126370869489925042e+01 6.297767002864425478e+01 5.270653857796075670e+01 4.194999472909507432e+01 2.678673752428374755e+01 6.812884089207338789e+00 2.586846558917661199e+01 2.925952460905952890e+01 3.290740351999004787e+01 1.865774017865915013e+01 2.385745780003216510e+01 2.957508223642907552e+01 4.141814876547538660e+01 6.177229420497840096e+01 6.584996417840814331e+01 4.579152330256187753e+01 3.162685068489077267e+01 5.166650461506780800e+01 6.327046017553284685e+01 6.000019519555265646e+01 4.526993807630152133e+01 2.527051981940537928e+01 4.526993807630152133e+01 5.773116552400034607e+01 6.927661680425603663e+01 7.493772379823076335e+01 7.051315242042691978e+01 5.020410807352671867e+01 4.953461329387918965e+01 3.194143224413164361e+01 1.185007094893546942e+01 3.016492065588715477e+01 3.804522141761032827e+01 4.307386495728264464e+01
7.457115333073987529e+01 6.795247352228338400e+01 5.944145986099727708e+01 6.071270212841803016e+01 5.217760498293078797e+01 4.452318234372840067e+01 2.469247606183746413e+01 2.677298673731732137e+01 7.466607711442509121e+00 2.136340106202497324e+01 4.011545958533826450e+01 4.746478269464687827e+01 3.307937721424959676e+01 3.531649960748345762e+01 5.002082285635651004e+01 4.141814876547538660e+01 6.177229420497871359e+01 6.804026144566573464e+01 4.798658674197802299e+01 3.764099458673454990e+01 5.772079104363599811e+01 7.483166312676094378e+01 5.483526887214042489e+01 4.880534705986193700e+01 2.880605372751489668e+01 3.880604429758960094e+01 5.294777685577048487e+01 7.294439197062618518e+01 7.670527186737390934e+01 7.529690179931742477e+01 5.855341722352780920e+01 3.870854257885132910e+01 2.456786390865673653e+01 3.168253710845809223e+01 1.366919397428052996e+01 2.348976848888267099e+01 3.922767163292047599e+01
7.584961035870246349e+01 5.958365705713105598e+01 3.871370088464907866e+01 4.486274429266116215e+01 3.125772386358620381e+01 4.098277279349380109e+01 2.483976936273567304e+01 8.399141866057586725e+00 2.743891294635665901e+01 1.599433441937452294e+01 3.592012160507508867e+01 5.408547588632913516e+01 5.349515560910650436e+01 5.571115239907717864e+01 6.405889555831706161e+01 5.322934703553666225e+01 7.009527025991782523e+01 7.632861678850015608e+01 5.772079104363599811e+01 4.524156336303846615e+01 6.530348448990467602e+01 7.067605076668260722e+01 5.483526887214041778e+01 3.483628070563283075e+01 4.035302711709984891e+01 5.708813935230514147e+01 6.708694915297078865e+01 7.085934476704862561e+01 5.682609177593091232e+01 6.123940771645865055e+01 4.712649769629299357e+01 5.266571837772495712e+01 4.450226621481564138e+01 3.499424552408812872e+01 1.496992185440077705e+01 3.405410607379863563e+01 4.355486367878035736e+01
6.744891557005972516e+01 4.653116771114757455e+01 3.435344037235746129e+01 2.408789564775285186e+01 1.950693522598163909e+01 3.233967104457746444e+01 9.336342107182174388e+00 1.501174945081277556e+01 3.044815416315119450e+01 3.591856039345609730e+01 2.598045286128382969e+01 3.594044881105963896e+01 4.997117449041139992e+01 6.980084683162849046e+01 7.479153831074034997e+01 7.344217706162544346e+01 8.173103609848372741e+01 8.603767428292542263e+01 7.359143639764461398e+01 5.684051572781959294e+01 7.359143639764461398e+01 6.239394447608732719e+01 4.239556858703287645e+01 4.483625673326031347e+01 6.035143082258876035e+01 6.863365895223887492e+01 7.594067465610308432e+01 6.264856882028595919e+01 4.269808633769057593e+01 5.002958374827679933e+01 3.297535633956501755e+01 4.128586873658459666e+01 3.729427166263625537e+01 1.726353869986973777e+01 3.501894580546097302e+01 1.808139233589724881e+01 2.364361328079882085e+01
5.233111097024931979e+01 4.168512237406491039e+01 3.375108124765537099e+01 4.328870436373397013e+01 2.258588847215968087e+01 1.364086956011505869e+01 1.000019360260355406e+01 2.670499429671586711e+01 2.992079079027642052e+01 4.739396446353881487e+01 4.585979993075303440e+01 5.408547588632913516e+01 6.400932071978468230e+01 6.933625817654370849e+01 5.596940529758643379e+01 6.716076677331190581e+01 7.379177551572146854e+01 8.169329728123123857e+01 8.514786220419186691e+01 7.686411481034699023e+01 7.133694346600286451e+01 5.133978980183977114e+01 6.239394447608732719e+01 5.897771486285562048e+01 7.311626776307249997e+01 8.174347627894309198e+01 6.189887006727008156e+01 4.780535445415677742e+01 4.986826833969098516e+01 3.004474574822023314e+01 2.296757927181862513e+01 2.126831037980597472e+01 1.958496207579432635e+01 3.136499274868914711e+01 4.505702818784974539e+01 3.810880853758079212e+01 2.149872244491974271e+01
7.116480784128718540e+01 6.272422229709161456e+01 5.477218998212219248e+01 3.945249582627845797e+01 4.261213644630635855e+01 3.261021112106858055e+01 1.067613798318717500e+01 1.862650790905799880e+01 2.795893026223583178e+01 4.446917353570047737e+01 5.717283362353935416e+01 5.367119752051538484e+01 6.084317260839316077e+01 5.454541709036076469e+01 4.248489779883684747e+01 4.832735816469115520e+01 5.503645052426109174e+01 6.583141577917507448e+01 8.466582913910690422e+01 8.288090409038608186e+01 6.288617776837979534e+01 7.133694346600286451e+01 7.961859377169962215e+01 7.897328243485532084e+01 7.844135662867917347e+01 7.013610289683960275e+01 6.902930984717983165e+01 5.367780146415871201e+01 3.367075056964795721e+01 2.550007071605531905e+01 4.298360536370785923e+01 4.128586873658459666e+01 2.740359693168409549e+01 4.751029931158132058e+01 5.863583993261716643e+01 4.395576256053156783e+01 2.394665143589632450e+01
6.695902398352934881e+01 7.275967207291527927e+01 6.884156165684927942e+01 6.035787490219255602e+01 4.598782314066170329e+01 2.568467605587461122e+01 1.135408213215538176e+01 2.971015504441442445e+01 3.713683691990442526e+01 3.960659908905515181e+01 3.711807893814704329e+01 3.640066601189612072e+01 4.818443181906441453e+01 3.522352340659131897e+01 5.454541709036076469e+01 6.716076677331190581e+01 7.379177551572146854e+01 8.169329728123123857e+01 9.263637678974833989e+01 9.116225324678603670e+01 7.702539569296857280e+01 9.116225324678603670e+01 8.544188179029913499e+01 7.712564764880733037e+01 6.692267039839977372e+01 5.022645285451871189e+01 4.911017328010043315e+01 4.814404530567667706e+01 2.812864174513928006e+01 4.551605930104497588e+01 5.380937516810206489e+01 4.770032694263765194e+01 4.182782603180007186e+01 5.597876221864594726e+01 6.074770479633778564e+01 4.738685268336818979e+01 2.738033454975244396e+01
4.727504019345325048e+01 5.304034556479996354e+01 5.591681045427802133e+01 5.303315055682772794e+01 4.676490822562417549e+01 2.638252606359324304e+01 1.203355690813040368e+01 3.210690605811780785e+01 1.762926076735267600e+01 1.966492613017428681e+01 2.182553034956191595e+01 2.420358647615024950e+01 2.866095760433706019e+01 4.833428208263838144e+01 6.240326185746958743e+01 7.307603477838958383e+01 7.471231516091694402e+01 8.277861526654605484e+01 8.225781568778883468e+01 9.062659779608742383e+01 9.701735187802120208e+01 9.132044312262804908e+01 7.124597084843861694e+01 5.716971285573060868e+01 5.864126108543520388e+01 3.887934651605034020e+01 3.513909701557198417e+01 3.148835208234116223e+01 3.118138441558173568e+01 5.119629021959098480e+01 6.396591525466596551e+01 6.771695573706328730e+01 6.187779828663018122e+01 6.660817581626382378e+01 4.661061066306733380e+01 3.246420234221547929e+01 4.738685268336818979e+01
