LEM/with_lateral_4open/elevation_000418.asc
nrows	100
cellsize	150.0
xllcorner	0
ncols	100
yllcorner	0
NODATA_value	-9999
[rows 51 to 67 of 100, columns 37 to 73 of 100]
4.038521915459118361e+01 6.035195475608163207e+01 7.456502977664582943e+01 8.292851817936913505e+01 9.303772982614677289e+01 8.707929854879093057e+01 6.889178854938508323e+01 6.326683168956483883e+01 8.327083428480231930e+01 8.328965348067031016e+01 9.691866362586812045e+01 8.560537297066981921e+01 9.217470887282634351e+01 1.020103077895361849e+02 1.218011802469091975e+02 1.346874859442702075e+02 1.265867615731871751e+02 1.265867615731871751e+02 1.190088964850964288e+02 1.108917716312227668e+02 1.116049074177871745e+02 9.637487472664766130e+01 7.701070417221559694e+01 6.576641588567980534e+01 7.052658861551834946e+01 5.085243231461905822e+01 6.762892282067144833e+01 6.610200001740338394e+01 5.966036819631299437e+01 6.622831563474811389e+01 7.998429392036197783e+01 9.934609388297275245e+01 8.007276829286067255e+01 6.004847869683069916e+01 6.262358385389142512e+01 5.635467886686015504e+01 7.632141111663118238e+01
3.737668434387131100e+01 4.753824921193498199e+01 6.190306709279194308e+01 8.208405474748985853e+01 9.291632259996654852e+01 7.302734174975651626e+01 5.875558721598621759e+01 7.885268936989372435e+01 9.148645695115314425e+01 1.030376736839984488e+02 1.112500996653237308e+02 1.053287323030906322e+02 1.119057440182226344e+02 1.201349033313927777e+02 1.300475737882215412e+02 1.197620834450462439e+02 1.117000429854554824e+02 1.197620834450462439e+02 1.078574061203895411e+02 9.169343522000129099e+01 1.078574061203895411e+02 1.044317548717860973e+02 9.323715780096353001e+01 7.757465537120994270e+01 5.803206029017673728e+01 5.289612279690715013e+01 4.790726103729097929e+01 5.215955558612115794e+01 6.356978774398145049e+01 8.304264764194300597e+01 9.369584936645176754e+01 9.408775237731229879e+01 7.416136412358301300e+01 6.005064695310674239e+01 4.851821115448739619e+01 6.284104949757039549e+01 6.206002527820500347e+01
3.874071002136002306e+01 5.903838589977838325e+01 7.614907826993557194e+01 8.029449235986530198e+01 8.044932772515078057e+01 7.220121361411040084e+01 5.585352183460608444e+01 6.602483787005790816e+01 8.018751801041183569e+01 1.000196744325571387e+02 1.115274428783706213e+02 1.033037379844415966e+02 1.115274428783706213e+02 1.229761058094131840e+02 1.190936143516688759e+02 1.101623368263180538e+02 9.260989971794484177e+01 1.101623368263180538e+02 9.980760693621108715e+01 8.091728769871814109e+01 9.980760693621108715e+01 1.026026251951348769e+02 8.262285337670286367e+01 6.866237698533903711e+01 7.223535947599363283e+01 6.558180391655093899e+01 4.600070523737747408e+01 6.574452793286010888e+01 7.984740015891981102e+01 9.107665843303982456e+01 8.738168480631910029e+01 9.589795321221599522e+01 8.588900015766994045e+01 6.592426956385772030e+01 5.180202846437000375e+01 4.286440606181813706e+01 4.793667216094529948e+01
4.011047270751675597e+01 6.042124099367508450e+01 6.424767393496526324e+01 6.008580035650757623e+01 6.850772715879480756e+01 5.197370118266142924e+01 7.220121361411040084e+01 8.424693075310155166e+01 9.421292427641068912e+01 1.009443178921964517e+02 9.273268507015755802e+01 8.352710877330149231e+01 9.493268751671597272e+01 1.147388052964829512e+02 1.110453829427096792e+02 9.207882878694854867e+01 8.349947205615629287e+01 1.021549713517001408e+02 9.312887052040608182e+01 7.435180242296290487e+01 9.312887052040608182e+01 9.905146438799877728e+01 8.628366513103239299e+01 6.650236018415573369e+01 5.252572558727437269e+01 6.167087446830963415e+01 4.427294245787285831e+01 5.830596074398658146e+01 7.788403788410235506e+01 8.411484358470126210e+01 6.703513178955650176e+01 8.411484358470126210e+01 9.173568950576043335e+01 7.177180377001259615e+01 7.111060387730097432e+01 5.207376209764470332e+01 3.794217071396281682e+01
6.032010834408378486e+01 4.219175658331143808e+01 4.392037648772384983e+01 4.567097609547419523e+01 4.823526060279159822e+01 6.850819273509060281e+01 7.460102190009402534e+01 7.774128125252774169e+01 8.094951247806193351e+01 8.427662173369377285e+01 7.290060948755041181e+01 9.273268466564184109e+01 1.055838019995217536e+02 1.170229367484403298e+02 1.093877670756771749e+02 9.555925632255006974e+01 7.730791893013453375e+01 9.555925632255006974e+01 8.746737147111777233e+01 6.866091420747939367e+01 8.009087204274544547e+01 8.009087204274541705e+01 8.512235284131709534e+01 6.576962169961066706e+01 5.184071240255426005e+01 4.187457959587465695e+01 6.167088066858015338e+01 6.404024178141735035e+01 8.358376350000821731e+01 7.563459847714972284e+01 5.550973108953089508e+01 7.563459847714972284e+01 7.785561185375334503e+01 8.633520786060633156e+01 8.031102592018589803e+01 6.619239400891527225e+01 4.771265831604938512e+01
6.534980857593664894e+01 4.502874629648142957e+01 6.424767393496526324e+01 6.597981656721782429e+01 4.919310597859680456e+01 5.176343365416079223e+01 5.442900111464686574e+01 5.763381047187633044e+01 6.091411490733992196e+01 6.431396619990287888e+01 6.863460198830641446e+01 7.757888238508633094e+01 8.900297479067113215e+01 1.087825865747268068e+02 1.014004874141303532e+02 8.283445088111015764e+01 7.265959201039827065e+01 8.467411815384237173e+01 8.125115115645864705e+01 8.009087204274544547e+01 6.109991813587784293e+01 8.009087204274543126e+01 7.994973006325912479e+01 7.941334550225104749e+01 6.007144033847346520e+01 4.025944106553689750e+01 6.004615573632248982e+01 6.707857550129060087e+01 7.593012983955895834e+01 6.851938377446461459e+01 4.846650007338290322e+01 6.851938377433364735e+01 5.766633693610549471e+01 7.463119019194319037e+01 8.196665411838019111e+01 7.595392118400653203e+01 6.093027874021502299e+01
5.627723538169578177e+01 4.793500130042473018e+01 6.751275986574751187e+01 7.804233298509878125e+01 6.934900679896645670e+01 6.221138487274981088e+01 7.460099164021566764e+01 6.189010806061479286e+01 8.094951244263937440e+01 8.427662173369377285e+01 8.851517626857251742e+01 7.595201635681327446e+01 8.994624344584195796e+01 1.097312714754244496e+02 1.060457566528455402e+02 8.728836917407708995e+01 7.465187787680078202e+01 6.672259153402634979e+01 6.305155778481669415e+01 7.560940435949869709e+01 5.657025637662743378e+01 6.977285727453561037e+01 6.037429546366142574e+01 6.382747496323011660e+01 5.852367381818311998e+01 3.866069917316301030e+01 5.627791327443028280e+01 4.709944837404743367e+01 6.353475932845005758e+01 6.247321209921403806e+01 4.245055479184411240e+01 5.461968042959049541e+01 4.614278844766754162e+01 6.619932850859564155e+01 6.111481424934171969e+01 6.496867583741429542e+01 6.919930065186812840e+01
7.119585217727711779e+01 5.112825934602619782e+01 7.106314255820809933e+01 8.494257836816947815e+01 9.017613328691199115e+01 7.618824784529546434e+01 8.723575403386746530e+01 6.731597062602375559e+01 8.143342438716273080e+01 1.012438696970888827e+02 1.023259103679604607e+02 8.257161123928574398e+01 9.210859887731284346e+01 1.119041162185566094e+02 1.116897274403487472e+02 9.278228076926471601e+01 9.244559428867310658e+01 8.175596930562610964e+01 6.368233315803584560e+01 5.790289993242603828e+01 6.614719573777831840e+01 5.043479102285584048e+01 4.635734419897558922e+01 4.404866237014577734e+01 4.179977990714274227e+01 5.649278195666357050e+01 3.683425609792848832e+01 3.555578297214010064e+01 5.362769684157324690e+01 6.176305556980897649e+01 5.461967888467348331e+01 3.461855840567212539e+01 4.858911422065904873e+01 5.489647450286076946e+01 4.618455276931117481e+01 4.387526870139593882e+01 5.870436881072335211e+01
7.641430862830327442e+01 5.610210129393151135e+01 5.745210432405396261e+01 7.180294616826726894e+01 9.194690499322288701e+01 9.603805708380859585e+01 9.545334719356424102e+01 7.628217352025227171e+01 8.143342439661370236e+01 1.012438747035542121e+02 1.105551477539244019e+02 9.243236565881102251e+01 1.023259103679604607e+02 1.201478124443688387e+02 1.098933401461180921e+02 9.107491488859787410e+01 8.062621739195337511e+01 7.271318004172168514e+01 8.163268198869850778e+01 7.317745607571845312e+01 5.348207829425992088e+01 5.047684677716163293e+01 6.508371970115287297e+01 5.808540107811824527e+01 6.160253667434407987e+01 6.434215989761557353e+01 5.598903590755898563e+01 5.362769681883343509e+01 3.376563698418996751e+01 5.210254328903850762e+01 5.103875900445417813e+01 4.852051866052785556e+01 2.859542505563404191e+01 3.657279691505346619e+01 4.945816204198515464e+01 3.053998544598566411e+01 4.342570143978386454e+01
6.381473114724828832e+01 7.641430862830327442e+01 7.770297510815416331e+01 6.466061437214187890e+01 7.894527796439263057e+01 9.905773093365246496e+01 1.043196983903632713e+02 8.773226882667354687e+01 1.012438747035542121e+02 1.094734846754792699e+02 1.204668264037525489e+02 1.122194550771098989e+02 1.204668264037525489e+02 1.304222842591064762e+02 1.177944394469603253e+02 1.068862392240015851e+02 9.858209118449958908e+01 9.079875856941104928e+01 9.504464156120273799e+01 8.428418252630109464e+01 7.481414750311452622e+01 7.215475295495578223e+01 7.854849333107348741e+01 7.769028515428183823e+01 7.767356523110890976e+01 6.781272795352791150e+01 5.665273326083667627e+01 3.681144365792037121e+01 5.210254327046702372e+01 3.223127774372815679e+01 3.116208849159590599e+01 3.009742474112428567e+01 4.660667008182551285e+01 2.714424740357428689e+01 4.314994004340829292e+01 2.437106155160686427e+01 2.344115306481909755e+01
7.550459659612867824e+01 9.248116506831138395e+01 9.154610309575178917e+01 7.141603096687340724e+01 7.894527796439263057e+01 9.056368383416776169e+01 1.106608150524899798e+02 1.075244229189213740e+02 1.157633320181804493e+02 1.187455521265508196e+02 1.104580352661592428e+02 1.135386053220483831e+02 1.135386053220483831e+02 1.218258872475212087e+02 1.267373672941818654e+02 1.172986572030753365e+02 1.095101984686319128e+02 9.518565840416695778e+01 7.576683519798982047e+01 8.853175812721789839e+01 8.456068886841484300e+01 8.087712159148154001e+01 8.896461590637852623e+01 8.340525270343445641e+01 6.385453824557450986e+01 4.988159581682090504e+01 3.991187716272390418e+01 5.665417008119636932e+01 5.888680654990414354e+01 3.973472586912264148e+01 5.103875900446061564e+01 4.997961476055399288e+01 5.469426848913728634e+01 4.571707313753637436e+01 2.570098128679503802e+01 4.435120226685623379e+01 4.211586077980114595e+01
9.577086539469408422e+01 1.041932648323587358e+02 9.987856009629439313e+01 8.565990420011891615e+01 8.565990420011891615e+01 1.057566443004206604e+02 1.190060072262880624e+02 1.173887798756023102e+02 1.090984408500363685e+02 1.071711416939247385e+02 9.039415249307076294e+01 9.348672927451569592e+01 9.348672927451569592e+01 1.135386053220483831e+02 1.189797332873829276e+02 1.000406636498809263e+02 9.039252887346189880e+01 8.308657329924415080e+01 8.820135854588095015e+01 6.908654079036497819e+01 6.507671502038617461e+01 6.134384074173637202e+01 7.591393702977467228e+01 8.399837423979057860e+01 7.340537819758952764e+01 6.198776282119180792e+01 4.218867303474781494e+01 6.196117325989823854e+01 6.694182624263928005e+01 5.083126489814305415e+01 6.694182623312833869e+01 6.135520634328856460e+01 4.930181569483325177e+01 2.918063060840641043e+01 4.580042847682935303e+01 5.150178084555830083e+01 3.155753623468189772e+01
1.049751799569336157e+02 9.665865804318217158e+01 1.049751799569336157e+02 1.057566443004206604e+02 1.057566443004206604e+02 1.140972159971158106e+02 1.152104695989267071e+02 1.090984408500363685e+02 8.900521450156035996e+01 9.489038424311266340e+01 7.868905651219971276e+01 7.918033005472157981e+01 9.348672927451569592e+01 1.135386053220483831e+02 1.267373672941818654e+02 1.157176429967996683e+02 9.672016652043303964e+01 9.672016652043303964e+01 9.638093039206121659e+01 8.030790929875546169e+01 7.886021098593927547e+01 7.591393702977467228e+01 5.630557614103307174e+01 7.129083009020482109e+01 6.530503946605962540e+01 4.554302954448398566e+01 5.623857890876353594e+01 7.009719051739983797e+01 7.824349284540484462e+01 6.997043363634556101e+01 6.517602884356466575e+01 5.291933889933186208e+01 3.277002542040419542e+01 4.930181569483325177e+01 5.771929845072747156e+01 4.308821879506724173e+01 5.150205283054634009e+01
9.487369501994369614e+01 7.640386596093611615e+01 9.487369501994369614e+01 9.814906543623422408e+01 1.064669121173074871e+02 1.093264229005588106e+02 9.515413633435611018e+01 1.093264229005588106e+02 9.489038424311266340e+01 7.463995222629218063e+01 6.951937237414779247e+01 8.984710018823624011e+01 1.047502907667270478e+02 1.177009408436397280e+02 1.260165421457719646e+02 1.234952173408626237e+02 1.157176429967996683e+02 1.157176429967996683e+02 1.079014292547518323e+02 9.976611448233842339e+01 9.832106995610638478e+01 8.399211421453652804e+01 7.129083009020482109e+01 5.161054215953070923e+01 4.907485323344959482e+01 5.701696142527790556e+01 7.339782386974637518e+01 8.395580212965340650e+01 8.362486107620905784e+01 6.917713193440638975e+01 5.670529845469055630e+01 3.654803679306179021e+01 4.696425498970874202e+01 6.135520634328896250e+01 7.084845655875808745e+01 5.305483916653899001e+01 6.619737558063623339e+01
7.511175711590873050e+01 6.616327714641356295e+01 8.383164811192787624e+01 7.790117967804465593e+01 9.814906543623422408e+01 1.003237006481143823e+02 8.085731544095291667e+01 1.003237006481143823e+02 1.031969971885813209e+02 8.476516823471391149e+01 6.434421586096020462e+01 7.621438773689344259e+01 9.644575161692125675e+01 9.763720687603920112e+01 1.144307270374027325e+02 1.091844623220694785e+02 1.008908582560221561e+02 1.091844623220694785e+02 1.132329097049892397e+02 1.019651866159021552e+02 9.386381890120138394e+01 7.868665617430049508e+01 5.911912459578729795e+01 5.823848728320960788e+01 6.879094419558896334e+01 7.662256464601682637e+01 8.469405197524172024e+01 8.856641968198782422e+01 7.411010850749802614e+01 5.475089732166797063e+01 4.050756393429013258e+01 5.673209471266375914e+01 6.517589267983724710e+01 7.581374930467438844e+01 8.085611372571756306e+01 7.281597603275319841e+01 8.091520208548237747e+01
7.883288733983516750e+01 5.841402421480340479e+01 6.345237658898514610e+01 8.383164811192787624e+01 1.025534853271907423e+02 9.200767221680399643e+01 7.170520324498163234e+01 8.243699656026734601e+01 9.078348545326846875e+01 8.097309257777222058e+01 6.047148078133490401e+01 8.097309257777222058e+01 1.000391328161893512e+02 8.598934178271434803e+01 1.054367713158883646e+02 9.911822638317177336e+01 8.071284754839626885e+01 9.911822638317177336e+01 1.051040725449124977e+02 8.563549728111988202e+01 7.442468039413039094e+01 6.751560615345630367e+01 7.868665577135061540e+01 7.781690273874654906e+01 6.875264913981366988e+01 8.822567046512685351e+01 9.127303242196929034e+01 7.945443151213621036e+01 5.965378638175217674e+01 4.535704041894406657e+01 4.653839396423735764e+01 6.073630255953731449e+01 8.117820153332900190e+01 9.019702083257803338e+01 8.035737342601350974e+01 7.227562556553365880e+01 6.564941636694155136e+01
6.432856833147248210e+01 5.253705833750000664e+01 7.293846927894357179e+01 7.394244005672442199e+01 9.422318252858306664e+01 9.675211575340017589e+01 7.650747978552246309e+01 6.195814878870854159e+01 8.243692680616335622e+01 7.734888519657133088e+01 5.675906068737810273e+01 7.139690032900239203e+01 8.699959029381233222e+01 7.688346635160084475e+01 9.711571423602381969e+01 9.080185290220921956e+01 7.049747531497202147e+01 9.080185290220921956e+01 1.027510873092252410e+02 1.019651866159021836e+02 9.386381890120141236e+01 8.699099991022771405e+01 9.507886869197923829e+01 8.822567046512499189e+01 8.252429740862552876e+01 9.631348426121510897e+01 8.287088913998562134e+01 6.232348668802754332e+01 5.061410193993800988e+01 6.565632199605309438e+01 6.686502250060233621e+01 5.603122131091409130e+01 7.652665847539115873e+01 8.217182943834818332e+01 6.238077599378569715e+01 5.239785386626662955e+01 4.573495743494293464e+01
