LEM/with_lateral_4open/elevation_000303.asc
nrows	100
cellsize	150.0
xllcorner	0
ncols	100
yllcorner	0
NODATA_value	-9999
[rows 0 to 16 of 100, columns 0 to 36 of 100]
8.271705653423140625e-02 2.127631151761726416e-02 9.425194436011796739e-02 4.939197167322698090e-02 3.975871534419905817e-02 6.171646774684565184e-02 1.696294146011132625e-02 1.936121709489252440e-02 4.216450047424835645e-02 2.297044857093000214e-02 6.704298068806634203e-02 4.162315340452049650e-02 3.835349583220235004e-02 2.777463300387698203e-02 2.207885817162396139e-02 7.161913568127860341e-02 9.025521335945362045e-02 3.502399586135773735e-02 8.040414306008919487e-02 3.131346976591601466e-02 7.604099264847130613e-02 2.387740603804927586e-02 5.687112022313325910e-02 4.074439634684711570e-02 8.709178300582484655e-02 7.612946965408906586e-02 1.077918208624280109e-02 9.929772718869623455e-03 4.600412614040166881e-02 2.152795518990661267e-02 2.378824418737431057e-02 9.511189423522797837e-02 9.406546861214974686e-02 1.749038473908382007e-03 2.223905489293687143e-03 6.269637160239108220e-02 9.476101746191394060e-02
7.813061968023242432e-02 2.002127631151726206e+01 2.009425194406314574e+01 8.214357780950559018e+00 2.003974397182488687e+01 1.420385213844124195e+01 2.001696294145975585e+01 2.001936121709453786e+01 3.891166295071745829e+00 2.002297044857057529e+01 2.006704178376442016e+01 2.004162315340416356e+01 2.101195988349784827e+00 2.002777463300352068e+01 2.002207885817126964e+01 8.236584944958609711e+00 2.009025521335909659e+01 1.417715961959243387e+01 2.008040414305973442e+01 3.953636172529604753e+00 2.007604099264811737e+01 2.002387740603769473e+01 9.001143030222213071e+00 6.707411063013542396e+00 2.008709178300546938e+01 1.008948319064494470e+01 2.001077918208588713e+01 2.000992974799417823e+01 1.127480267012150872e+00 1.999459369042907753e+01 1.416721742897692238e+01 2.009511179720706764e+01 6.124292360167981286e+00 2.000174903847355168e+01 2.000222022677249001e+01 8.227078200523582296e+00 2.002275535743530810e+01
2.526786264046545702e-02 2.002526150961560347e+01 3.649835699683535495e+01 2.235649355748738643e+01 2.821435011879416166e+01 3.420388773117683456e+01 3.021572161537655532e+01 1.021572161540844981e+01 1.205613210434893645e+01 3.205613210429003601e+01 3.572905432695167605e+01 1.572214349447207660e+01 4.175099377810626677e+00 2.417509937739468739e+01 3.652088299432028151e+01 2.237872057312817731e+01 2.823658533684901784e+01 3.417715961959314086e+01 2.209577179626082355e+01 7.953636172529621184e+00 2.795363617252997557e+01 3.728541427768310967e+01 2.054814841401452341e+01 1.377847887487907919e+01 3.377847887487978085e+01 2.432737216484334652e+01 3.829410912745245099e+01 2.221078907383303402e+01 2.210540989159913483e+00 2.220902280186845346e+01 3.419342902443137433e+01 3.244883519089322022e+01 1.244884768053535673e+01 3.244895460015565192e+01 3.632695252477906678e+01 1.821454552908089042e+01 2.644421182766300404e+01
4.163169627051844027e-03 2.000416316962669683e+01 3.834286278938188275e+01 4.235658259427158612e+01 4.821424768563026930e+01 3.707566502103755113e+01 1.707566502110868356e+01 3.021572161537655532e+01 2.360313748814124679e+01 4.034040329549817017e+01 4.401477061349389430e+01 2.630708857597312544e+01 6.307106541366722219e+00 2.630708977239766000e+01 4.342848103641851054e+01 4.237872780219490210e+01 4.823659097044155430e+01 5.038004304372372388e+01 3.231799397725021095e+01 1.231799397724950751e+01 3.231799397725021095e+01 4.883241966147542001e+01 4.054814841401380932e+01 2.272275078487839295e+01 4.206275012234198130e+01 4.448154426899944980e+01 3.590983748013551491e+01 1.717007555611307268e+01 3.298397575600753751e+00 2.329870312071031790e+01 3.335471744650894266e+01 4.073388974029786880e+01 2.139311962718960913e+01 4.073398425070177353e+01 4.595469887159829625e+01 3.218185067570490787e+01 2.980477958790417503e+01
5.883922493566802470e-02 1.005883922492032845e+01 2.420097471061139416e+01 4.420091198280714906e+01 5.638177843833375391e+01 3.638177843978226633e+01 2.223964281605181625e+01 4.223964281622343719e+01 4.360313748765152297e+01 5.188740851115336739e+01 4.258769743858483281e+01 2.261785079175828983e+01 8.476411119553265650e+00 2.847641240966529708e+01 2.342844258082279296e+01 3.757058147590221608e+01 5.757070899502712535e+01 4.864792559580502740e+01 2.864792559580432041e+01 1.809149666914586518e+01 2.864792559580432041e+01 4.864792559580502740e+01 4.272275078487910349e+01 4.272275078487909639e+01 5.100702203234129684e+01 5.130224914112247347e+01 3.701776631556369779e+01 2.556035477969281899e+01 5.577609104748673552e+00 5.062721941165410300e+00 1.920487905951048546e+01 3.921422952901777137e+01 3.294012865149639424e+01 4.967851801618450480e+01 5.904362865331194143e+01 4.738523017239463542e+01 3.329397419759883547e+01
1.256007409845548775e-02 1.415469569782928083e+01 3.415469569782857207e+01 4.301057025559796898e+01 5.455757637455907627e+01 5.052391415156095889e+01 3.378664819984474121e+01 3.293009249254917137e+01 5.293009249292931173e+01 5.114565277299669077e+01 3.114654906425090530e+01 1.700443975564727594e+01 2.847642535563515764e+01 1.188143724258823042e+01 3.188145447991097825e+01 4.342847834708413046e+01 6.342863985908391555e+01 5.693219684326722074e+01 4.412172356070195178e+01 2.412172356070124479e+01 4.412172356070195178e+01 5.693219684326722074e+01 6.272275078487980693e+01 5.885605913072706130e+01 5.065724269357687604e+01 4.056135745240236190e+01 2.300848483053713167e+01 8.865588825372379134e+00 2.557861311367153689e+01 6.320111168088610398e+00 2.046213883920482957e+01 4.046057799335503091e+01 5.294056602153776225e+01 6.122629850102410387e+01 5.342762880484580990e+01 3.332575075542650467e+01 1.916638686518459522e+01
9.594114293757748102e-02 7.167008954803082865e+00 1.472629841498769387e+01 2.627330379878041455e+01 4.627330380179819969e+01 6.207091960914046780e+01 5.378664820025083770e+01 4.293009249254951953e+01 6.121436394950318771e+01 5.700339357819878927e+01 3.700427639677318581e+01 2.516940536736332135e+01 3.444219463543264226e+01 1.444217484124612838e+01 3.444219463544111193e+01 4.621787715324624202e+01 4.621787876024001918e+01 6.621817704692186624e+01 5.119279137256754808e+01 3.119279137256684464e+01 5.119279137256754808e+01 6.507286870439982351e+01 5.656829020197773161e+01 4.989049789193796869e+01 3.039868289031509718e+01 3.227317358928472402e+01 1.227061471296016926e+01 2.886767371630533674e+01 2.758538448533446896e+01 7.585022232153614929e+00 2.758538448533446186e+01 4.126068815916870847e+01 4.965351363023263076e+01 5.967066212548730419e+01 5.563434506530692403e+01 3.552294358811684560e+01 2.416685053052639987e+01
7.711341127313005306e-02 2.007711341127277649e+01 3.472629841566933351e+01 4.301057025904121645e+01 5.162038533617946001e+01 5.990465658364107071e+01 7.121436406407849518e+01 6.293009249341312028e+01 7.121436406407849518e+01 5.931069857438713200e+01 3.931149999610440915e+01 4.516912964138700204e+01 3.998920413351927294e+01 1.998917680347400605e+01 1.865854505480389136e+01 2.621783450835469509e+01 4.035997224903159264e+01 6.036012939370363029e+01 5.947706262002974853e+01 4.273979675635976605e+01 5.947706262002974853e+01 5.681661347749232505e+01 3.674058532797766929e+01 3.766830735226663052e+01 3.580925714834550888e+01 1.580614784071130074e+01 3.227317358928472402e+01 4.052266384516673270e+01 2.883827937396294416e+01 8.874134103385200589e+00 1.188621489001748799e+01 2.097774304244641641e+01 3.133788761256820976e+01 5.137867112799735025e+01 6.400467190699963282e+01 4.422898918517974920e+01 3.049406396134459030e+01
2.297228869525369793e-03 2.000229722886917116e+01 3.190020688364117518e+01 3.897127469550616752e+01 3.162038533618017411e+01 4.576252095991062419e+01 6.576252095990921021e+01 6.767490484355784019e+01 7.595292239523466549e+01 6.759367626350767466e+01 5.931069857438713200e+01 4.893349819328377492e+01 2.893344866490883405e+01 3.998920413352202274e+01 2.194652480091072633e+01 4.194655485567162145e+01 5.450257499412239071e+01 6.860352975204541792e+01 7.102406800382367180e+01 6.273979675636046949e+01 6.927259458856198648e+01 5.511782534950968682e+01 4.245818186772931568e+01 2.244709781601001808e+01 1.961959821876605048e+01 2.994962568568999828e+01 4.409734168280988342e+01 4.300218013236948877e+01 2.300094959467166689e+01 2.885888485356815991e+01 1.071229268782465205e+01 2.483081637878270698e+01 4.483103528670559257e+01 5.967066212482606602e+01 7.275572672085914405e+01 5.894641663378997976e+01 4.051386890501989768e+01
9.647730019007895452e-02 5.869979992086311604e+00 1.190020688364153223e+01 1.897127469550688161e+01 3.897127469550616752e+01 5.077025791767462692e+01 5.905487978601565402e+01 4.766599085890160126e+01 6.440483095305830830e+01 7.376636420305698039e+01 5.376604841882595309e+01 3.962389786995463226e+01 4.893349819328378203e+01 4.586888489061907848e+01 2.586884750367061869e+01 3.137461513618554676e+01 4.031888657861252057e+01 5.446103441627898434e+01 7.446134536983286978e+01 7.152938872995623854e+01 5.997390623084412198e+01 4.096305611045740136e+01 2.680792695724307961e+01 4.245818186772931568e+01 3.375374735014711547e+01 3.961296875328306299e+01 5.824203562985884730e+01 5.129654518554224296e+01 4.300298048737246859e+01 3.200963084718487295e+01 1.202098696829681224e+01 3.200961430609410030e+01 4.464884331102730641e+01 5.800549205246496598e+01 6.633281199829612262e+01 6.902751173421883379e+01 5.473214343735183718e+01
3.582433992925927735e-02 2.003582433992890444e+01 3.190020688364117518e+01 3.148451458937676506e+01 3.520202885430220618e+01 3.074176920594729623e+01 4.456004213073352815e+01 3.609555032438958477e+01 5.612275296832448390e+01 7.102629853613709088e+01 6.790854636162193003e+01 5.117090578112958354e+01 5.293997315698421602e+01 3.293991530292282022e+01 3.293991530292282022e+01 4.551675478150874454e+01 5.965914022850751763e+01 6.860352975204541792e+01 7.349545486813873651e+01 6.324101099996263287e+01 4.322357328959118661e+01 3.165662486649868868e+01 3.836448303874225019e+01 5.511782534950968682e+01 5.375848977800562523e+01 5.962141014335468014e+01 5.872316291055310700e+01 5.049745620592423023e+01 4.372203886643088566e+01 3.340124060983357879e+01 1.344889098520122239e+01 1.687852667555414854e+01 3.630825235294520326e+01 3.763402163042844251e+01 5.470958553038166627e+01 6.486004636057687378e+01 7.493094919025303113e+01
1.813270376062421294e-02 2.001813270376026921e+01 2.640046945903381470e+01 1.146860889530085714e+01 1.518260186480515550e+01 1.918292599752134819e+01 2.453006126283739619e+01 3.270603367507580828e+01 4.272879926357379787e+01 6.274739722935570541e+01 7.945581026178183492e+01 7.117115395073714978e+01 5.828521911072406425e+01 3.828514010378972188e+01 4.049920458072279672e+01 6.049929788157695043e+01 7.380152567529331975e+01 7.675328762621315093e+01 5.675381278734617041e+01 4.519448129806016112e+01 3.700864369987989022e+01 5.168396098526351068e+01 5.838611051474203606e+01 6.667592180792961187e+01 6.206603770599080150e+01 5.376028265827221020e+01 4.711547892978175156e+01 3.056028213814450467e+01 3.544277581119917642e+01 1.549205650238199539e+01 3.340124060511589477e+01 3.630821895222957352e+01 2.183916421726091883e+01 2.611293421657169844e+01 3.615020761977918085e+01 5.063820907559617979e+01 7.079556470825346537e+01
2.372884694381488524e-02 3.186006508722758923e+00 6.388569647425444309e+00 2.640046945903378983e+01 2.933678665452469758e+01 3.920680456849749618e+01 3.074176920594729623e+01 5.077025791767462692e+01 6.102162172301163423e+01 7.102629853613709088e+01 8.507700043114473942e+01 6.507643422801233157e+01 5.093425147784239471e+01 4.584442906890303959e+01 6.049929788157695043e+01 5.464134814465666778e+01 7.464163958414964384e+01 8.504547939604208295e+01 7.349545486866841770e+01 6.140559182596483367e+01 4.138471527530684568e+01 5.554722644564259326e+01 7.554893697992481805e+01 6.792022497897097821e+01 4.791524448976376505e+01 3.380176248272627504e+01 3.852117645465003903e+01 1.905501860260311275e+01 1.756494889892694999e+01 3.544265768703365183e+01 4.372167875283491156e+01 4.875819838677359996e+01 2.847136433992309179e+01 4.634618473469588196e+01 3.556177459854210809e+01 5.005738580395802018e+01 7.022309191994392563e+01
8.175220331382776484e-02 1.931390009816622566e+01 2.525436467024077558e+01 2.055073761649079245e+01 4.061295637231457789e+01 5.764723977525105170e+01 5.077025791767462692e+01 4.709828453796859549e+01 6.125333783587648639e+01 8.124467800515041915e+01 7.861238209183048298e+01 7.921915726005936165e+01 7.093446444133935813e+01 5.739143354881483106e+01 6.217440204006879156e+01 7.464163958414964384e+01 8.292638199966573609e+01 8.339394323646095586e+01 6.339302324469798577e+01 4.924881191676529824e+01 5.295224722131834483e+01 6.969387245085270877e+01 7.928487709439316689e+01 6.842923346160898745e+01 5.527077878365074781e+01 3.529111356487189965e+01 2.120291908067525810e+01 3.899753001918007556e+01 3.751109488445897711e+01 3.166313973962718720e+01 5.162932607128725948e+01 4.875825417331493128e+01 4.279576685488116539e+01 4.875826785434913546e+01 4.477185003525465845e+01 6.428349099630169405e+01 7.159701564536078422e+01
9.124702163186203252e-02 1.404761240080677531e+01 3.306333894876731705e+01 4.054632223224770371e+01 4.890286688444955843e+01 4.714870991361363650e+01 5.421983669958540020e+01 6.250417659406736703e+01 7.405126027583172288e+01 7.277241692453038979e+01 5.865851500371105942e+01 7.277241692453038979e+01 8.567651811136488504e+01 7.739173808777574948e+01 8.217487318561096288e+01 9.045971202970851266e+01 9.494997347723122516e+01 7.493434196641469214e+01 6.079917105289641199e+01 5.925320975515315780e+01 7.295307530285609232e+01 8.124388550216831106e+01 7.063910998629799565e+01 4.858048017875778157e+01 3.762888335068812040e+01 2.983285706286988415e+01 2.275669193362721998e+01 4.269384390474626656e+01 4.793267612540999068e+01 5.162933531613489180e+01 5.992065731163189213e+01 6.903398606975227381e+01 6.315304910872743704e+01 6.903418472390805505e+01 5.654755506472809401e+01 7.330714291690058815e+01 7.987477572632367639e+01
2.239863785106879432e-02 2.002239863785071350e+01 2.845202190385163732e+01 3.304036456725756210e+01 3.820437020201943312e+01 2.714855830463802633e+01 3.421966989562365313e+01 4.576679723829094826e+01 6.576690334290591977e+01 6.383913401813195776e+01 4.452289595766257690e+01 6.383913401813195776e+01 7.378707929917432295e+01 7.751019470784183341e+01 7.530174867068075173e+01 7.530249718188409247e+01 8.361805312874476215e+01 8.909048389453005257e+01 7.493434196641469214e+01 7.338741711685219116e+01 8.754231170215660995e+01 8.339526238525935753e+01 7.928487711539243321e+01 6.842923346160898745e+01 5.434991668037163492e+01 4.082730615701267141e+01 2.508815592965276764e+01 2.453475937959114361e+01 2.674399711031424332e+01 4.793267613266315408e+01 5.957723514399818754e+01 6.543057387608367037e+01 7.372045282617736461e+01 8.372705446714043376e+01 7.658943319413525330e+01 8.486954819476952139e+01 8.669861713477924070e+01
1.766589122093755945e-02 4.187954173085841170e+00 8.451968513204501932e+00 1.304028333745825385e+01 1.820426237886558241e+01 3.820437020201943312e+01 5.421983669958540020e+01 6.250417659406736703e+01 6.356394982676678040e+01 5.556755251279187746e+01 3.553957198036347620e+01 4.537312036072978572e+01 6.547670505160544963e+01 5.832667931481182677e+01 5.556830408608437466e+01 5.556856057169954966e+01 7.530249718188409247e+01 8.575694016576464662e+01 9.494997347723122516e+01 9.340046935606969214e+01 8.339526238525935753e+01 6.317194382240468542e+01 6.665292896941133449e+01 5.893310683730312860e+01 4.837527813167200463e+01 2.844796587254650078e+01 4.498312180028931806e+01 3.959980855650498199e+01 4.793267613266315408e+01 3.077127139184021587e+01 5.128196796396256474e+01 4.541675988952489718e+01 5.542411095931063159e+01 6.957599534783538786e+01 8.958684253910897155e+01 8.669861713477924070e+01 6.664585664195384140e+01
