LEM/with_lateral_4open/elevation_000260.asc
nrows	100
cellsize	150.0
xllcorner	0
ncols	100
yllcorner	0
NODATA_value	-9999
[rows 34 to 50 of 100, columns 37 to 73 of 100]
6.380725826778963494e+01 6.930488831192286625e+01 4.912204940421650434e+01 6.079790918715538339e+01 8.092563790581938576e+01 7.680739764388627577e+01 9.355390170260302796e+01 9.582798784924412416e+01 8.582622985022713635e+01 7.755377340123143881e+01 6.187545798221559323e+01 4.161430021433794479e+01 5.844640480566108920e+01 4.158949804521907367e+01 6.184353981615922180e+01 7.357179803323211331e+01 7.645511117628413444e+01 5.633537985465844145e+01 4.200903035948629594e+01 6.222831478309673514e+01 7.087102807925842285e+01 5.976155527625861197e+01 6.688049157107509757e+01 7.693253168028286382e+01 9.698115275383409539e+01 1.042901152927422999e+02 1.097756016008990940e+02 1.007511145844567437e+02 9.094435698211763963e+01 7.355878498417412459e+01 7.714876765675658987e+01 6.181536133354378393e+01 8.133334786619457191e+01 8.904141972827490292e+01 6.898942138761641729e+01 5.484187852466648394e+01 6.542469683977994066e+01
8.392395369341681999e+01 7.231076013378169876e+01 5.214675895779939907e+01 7.231076013378169876e+01 8.920166328503900388e+01 9.687339353269187825e+01 1.051072804982071602e+02 8.756880257166957904e+01 6.753874423079344069e+01 5.749251824431065216e+01 5.075823277678591694e+01 4.450403958981040375e+01 6.466984570454079062e+01 6.184353981615922180e+01 4.514921046800630933e+01 6.529241131707878765e+01 7.713215933200409324e+01 7.053622915142210559e+01 6.222831478309598197e+01 4.511045073411570172e+01 5.073608384259777182e+01 7.087102807925842285e+01 8.695684221705846539e+01 9.358099617286569583e+01 8.533845257651076111e+01 8.434846988181948291e+01 8.990525800994223005e+01 1.023521168145714029e+02 1.013397798931556792e+02 9.312235873518183382e+01 8.752402318302161177e+01 6.799876517855925329e+01 8.752402318302161177e+01 8.904141972827490292e+01 6.898942138761641729e+01 7.486251572525394238e+01 7.589761497031756221e+01
8.131044226914471551e+01 6.118654123858275540e+01 5.572733354423969132e+01 7.587183928745061223e+01 9.114561546305884576e+01 9.939857107649621071e+01 1.093980054737818080e+02 9.582798784945930493e+01 8.582622985027539642e+01 7.755377340123146723e+01 6.751649488120072817e+01 4.739249469799858616e+01 6.751649488120072817e+01 7.357179983761869835e+01 6.529241028267561830e+01 4.877808953380546342e+01 6.886503750362476239e+01 7.950071946792778022e+01 5.939891797714389554e+01 6.528659931972850927e+01 4.859531263814986346e+01 6.874025833955950304e+01 7.561583677676487980e+01 7.900529020592965423e+01 6.528891629935020546e+01 7.016285073171792419e+01 7.573147910460215826e+01 8.242358831668225605e+01 1.023521168145714029e+02 1.018050904092169873e+02 8.175489891057659975e+01 8.172575532928350128e+01 9.579171285975031935e+01 9.735115238238964253e+01 8.904141972827490292e+01 9.227188509439226038e+01 7.221758173715126361e+01
7.126457868315691258e+01 8.048825444710840316e+01 6.036576728473112041e+01 6.433588478903213570e+01 7.105106419650930150e+01 8.111533399237917763e+01 1.011758969337384571e+02 1.032691620651759052e+02 9.189266219816519765e+01 8.303536647926682690e+01 7.044802667332494650e+01 5.035045756935224404e+01 6.457978944574698232e+01 8.461519482606752263e+01 7.144938020378390320e+01 5.139375596920601907e+01 7.144938020378390320e+01 8.777577433540504614e+01 7.950071946792783706e+01 6.485515315966999594e+01 5.079746938952470003e+01 5.260780623454080285e+01 5.561805330467327479e+01 5.894036821622978550e+01 7.900529020592965423e+01 9.018924259466105298e+01 9.572514690322675790e+01 1.023521168145714029e+02 9.507931993130173964e+01 1.102892719910678920e+02 1.018050904092169873e+02 1.015222800737882380e+02 9.861018430060154571e+01 9.030753148657525742e+01 9.494950475103453869e+01 8.664764212603208193e+01 8.551464047889426467e+01
9.135630585513241897e+01 7.948908583113583859e+01 6.525886639049321047e+01 8.444743170754234995e+01 9.114561546305884576e+01 9.939857107649621071e+01 1.093980054737818080e+02 9.515240019765481350e+01 7.540254233215908641e+01 6.386271662972578156e+01 5.486892264805815245e+01 7.044802667332494650e+01 7.044802800520324126e+01 8.302353291130002333e+01 6.306232235200062775e+01 5.407119288542129709e+01 7.409660841252703278e+01 9.328886527244932836e+01 9.337747957934391252e+01 8.436854989314873876e+01 7.553631580380880450e+01 5.624929802249607746e+01 7.560844124454402504e+01 7.900079986352463379e+01 6.750220361027709259e+01 7.754508318155731672e+01 8.913251776942666993e+01 1.090898521665103544e+02 1.065243238958082230e+02 1.227302811717859328e+02 1.108484536798906390e+02 9.079106518073149346e+01 7.923139389442488323e+01 7.027570383500879814e+01 8.086443737493756601e+01 6.660815060297971968e+01 7.121580006414006903e+01
1.077773854331872201e+02 9.363323563557187867e+01 7.532259783430269806e+01 7.474702266521634897e+01 8.897321216297459046e+01 1.089812983933613708e+02 1.098987926053472535e+02 9.991351614729170194e+01 8.010621484968351069e+01 6.007272254250766963e+01 6.907082544871448704e+01 8.321024660737967338e+01 9.046776429341748837e+01 7.936668513948521309e+01 7.691756358957620421e+01 5.692586532602386740e+01 6.512196699417916079e+01 7.922313550368244250e+01 9.913546397167012003e+01 8.657452200941490617e+01 6.645199158180166421e+01 6.459671657003410417e+01 6.714908067728832464e+01 8.726586479285545295e+01 8.755628117167667313e+01 8.020284653523370366e+01 1.002097724624715909e+02 1.172838261875995158e+02 1.259319740170326725e+02 1.339107378508794852e+02 1.191498019129018360e+02 1.075723961215437896e+02 9.861017112063353807e+01 8.086443737493756601e+01 6.081906324289142418e+01 5.501010735315689715e+01 5.112398358559715916e+01
1.050818656484816813e+02 1.036476559866456029e+02 8.954787766055503084e+01 8.897321216297459046e+01 8.897321216297459046e+01 1.089812983933613708e+02 1.016647654562750915e+02 8.165616582329313644e+01 7.164791622793705983e+01 6.435900364016501385e+01 8.437327098491735455e+01 9.734966776604503025e+01 1.075176522354472013e+02 9.929463722514518054e+01 7.998815745798678734e+01 6.003588967082220051e+01 7.998815745798678734e+01 8.505532148274201631e+01 1.049546387275590860e+02 9.483481698326583853e+01 7.549045550047482322e+01 7.364569477916275275e+01 8.726689278977293895e+01 8.140328420892230099e+01 1.014228961501095228e+02 9.437657360046203792e+01 1.084267319906903708e+02 1.137520122777331864e+02 1.220711505215443964e+02 1.289705198052293440e+02 1.206586952125280590e+02 1.097867617881646396e+02 8.973505646765309507e+01 7.557195039557207394e+01 6.399973462375616862e+01 7.507783630077452131e+01 5.658176679867659686e+01
8.577544068272086975e+01 1.050818656484816813e+02 1.095509145234055524e+02 1.089812983933613708e+02 1.089812983933613708e+02 1.171794720862145027e+02 1.098987926053472535e+02 9.507024383794113476e+01 7.505804009212273797e+01 6.991544773215557029e+01 8.992212484509983028e+01 1.097142550117386151e+02 1.106348803998052119e+02 9.917475315739638120e+01 8.316745924473245566e+01 6.325656283693607662e+01 8.316745924473245566e+01 1.019993304983598534e+02 1.119234700044560071e+02 1.037811062777150397e+02 8.709255152828710322e+01 8.525110806139153397e+01 1.019494375180033785e+02 1.014228961501095228e+02 1.096522611238373912e+02 1.142923602671545495e+02 1.104305442438213305e+02 9.355760484448447301e+01 1.104305442438213305e+02 1.173563901766556654e+02 1.005218284089985445e+02 1.173563901671532932e+02 9.820990421036158580e+01 7.817092878447250826e+01 7.817092878447250826e+01 8.394882576258419249e+01 6.355557261297813909e+01
8.931823567400034847e+01 9.902184627841296560e+01 9.190331867698216683e+01 9.904745136410211614e+01 1.067700769677252168e+02 1.172217608617005737e+02 1.092045467924885429e+02 8.921562385947756013e+01 9.507024383794113476e+01 7.885515873347705451e+01 8.146234979714982671e+01 1.014783924709012979e+02 1.024331635552872086e+02 8.256341627393412352e+01 7.109073457956733932e+01 6.826151832716553258e+01 7.391816572231857663e+01 8.385376463564847427e+01 1.037236636439797195e+02 1.152945059637205816e+02 1.070834992036642035e+02 1.052542903316427925e+02 1.134695807544426884e+02 1.065284860761029222e+02 9.817921689653175576e+01 1.065284860761029222e+02 1.020927657100220927e+02 8.178769772394963411e+01 1.020927657100220927e+02 1.090326697428745462e+02 8.879432049131727922e+01 1.090326697428745462e+02 1.065124978438195171e+02 9.820990421036158580e+01 9.820990421036158580e+01 9.227255156238263112e+01 7.453969307671870581e+01
7.968896032767921156e+01 8.368958821979909146e+01 7.207434821662660340e+01 7.915832952048003790e+01 9.021985707472374827e+01 1.093571092780617420e+02 1.174219783137736215e+02 1.092045467924885429e+02 9.887548850557428182e+01 9.302275331098444155e+01 9.563118632795995211e+01 1.097142550117386151e+02 1.015825016183074467e+02 8.171216439949090216e+01 9.096135961366741185e+01 7.340382464458525646e+01 9.315827095961215321e+01 1.019993304983598108e+02 1.119234700044560071e+02 1.246213271942598482e+02 1.186967045822747195e+02 1.070380742127048990e+02 9.868941849465041116e+01 9.639067798278551891e+01 7.785443467949237117e+01 9.639067798278551891e+01 9.491384007731920747e+01 7.456454948559961338e+01 9.491384007731920747e+01 1.018773327449756891e+02 8.157466265986681719e+01 1.018773327449756891e+02 1.108196245449050110e+02 1.024795096821394651e+02 1.073040338292248492e+02 1.037584228794940628e+02 9.540323715574793084e+01
5.984105555075935001e+01 6.421725026932695357e+01 8.326416170021494167e+01 8.924456451670883439e+01 9.828221457698921881e+01 1.146268738399408136e+02 1.111042394044863926e+02 1.192262501604593865e+02 1.188167440830123667e+02 1.130052411893313149e+02 1.155947968431815838e+02 1.156192990666958451e+02 9.576826974290094086e+01 1.015825016183074467e+02 8.585268627669069019e+01 8.225970676228062928e+01 8.954510517801263347e+01 1.092350150438141156e+02 1.187077693209023863e+02 1.044859144687503942e+02 1.103694949717642260e+02 9.013900907711290245e+01 7.836942139751693048e+01 8.695766270068801873e+01 6.766943929177101325e+01 8.801682578801211321e+01 8.877829810980620096e+01 6.842913843374404337e+01 8.877829810980620096e+01 9.575584738909579130e+01 7.542612591945676570e+01 8.778187458297304602e+01 9.615419680416688664e+01 8.219480149158457039e+01 8.705176790722993019e+01 1.073040338292248492e+02 1.147650154617464722e+02
7.968896032767921156e+01 8.400755995423727995e+01 7.842466972220819343e+01 9.805094914220330793e+01 1.113221330407128846e+02 1.078712777002874219e+02 9.141236158968256120e+01 1.078712777002874219e+02 1.103538455067329522e+02 1.022097190028810303e+02 1.103538455067329522e+02 1.238026552033838072e+02 1.156192990666958451e+02 1.130581384361700543e+02 9.700015350048484208e+01 9.621564679959602984e+01 1.019753946095395492e+02 1.173707853951467683e+02 1.103834403140621987e+02 9.011224515544965641e+01 9.756281079506344156e+01 1.059194621436645463e+02 8.695766270068801873e+01 6.661108367983968037e+01 6.051963956302905245e+01 7.440247149938169002e+01 7.615577618437318108e+01 6.302038741319351089e+01 8.333975642290756980e+01 1.021268087420593531e+02 8.183997074334233446e+01 6.745977846502576369e+01 8.118851764695179440e+01 7.044670573313091211e+01 8.483224698160678656e+01 1.050986122813218770e+02 1.065194001654594018e+02
6.319542082922506410e+01 8.297565624995831968e+01 9.843012880122159913e+01 1.066079777059903648e+02 1.107353515249294560e+02 9.973512844726015203e+01 7.983090298372846405e+01 9.973512844726015203e+01 9.811641320675936129e+01 8.232917991313144057e+01 1.003918581488243973e+02 1.086978183576039783e+02 1.190929562931570871e+02 1.232028564154586832e+02 1.145593509635147171e+02 1.158806558881541946e+02 1.216267845863209658e+02 1.114331633724784467e+02 1.030689339390127088e+02 9.756281079506344156e+01 7.714786561368377704e+01 9.756281079506344156e+01 9.533414571100239243e+01 8.695766270068801873e+01 7.440247149938169002e+01 5.416864363771992430e+01 5.590252501561712961e+01 6.599369845752092090e+01 8.037410283179481496e+01 1.006672047079890149e+02 9.615419680416640347e+01 8.118851764695179440e+01 6.091273152819026393e+01 7.260252147239559406e+01 8.698571220659314918e+01 1.072371005986746013e+02 1.147650154617464722e+02
8.119685469396989674e+01 7.726926263624527280e+01 9.112633923986257400e+01 1.103339190102366132e+02 1.024422153117310330e+02 8.241164962168993213e+01 7.269266186545210928e+01 9.143325259633081714e+01 7.825015577826701474e+01 7.225590071516083412e+01 8.015322822048240425e+01 9.046452630398889028e+01 1.049739955344671216e+02 1.262861072104858522e+02 1.235337133179909301e+02 1.132879219456584678e+02 1.048360648681084797e+02 9.790042306712915376e+01 8.267063404703544904e+01 8.641379182047485585e+01 7.067598823540024000e+01 9.110703828699949725e+01 9.611002355359325122e+01 8.786262737376907239e+01 7.018342673858951741e+01 5.000364658574775234e+01 7.018342673867564940e+01 8.454577699780413980e+01 9.469239794785428899e+01 1.063415452142538129e+02 8.609545477975498784e+01 7.771124952190918123e+01 5.746854408196018227e+01 7.771124952190906754e+01 8.452556854227502470e+01 1.047793503614475412e+02 1.136984334797051304e+02
8.119685469396991095e+01 9.675210910442363854e+01 9.893524760474538482e+01 1.032976480289507890e+02 1.025240849301915489e+02 8.060936708656008420e+01 6.597458122287950744e+01 7.934210007130262454e+01 6.403416335403011317e+01 8.406884786227466577e+01 9.627469125290710394e+01 1.043949646754537213e+02 1.131977647656586186e+02 1.244772136131106919e+02 1.155279715881721643e+02 9.457998422783317949e+01 8.419971014538329257e+01 7.732483448469076848e+01 7.140997386732102825e+01 6.597386936221906240e+01 6.481071186209551627e+01 8.520910216344088894e+01 8.786262737396920386e+01 6.760847330527703036e+01 6.729986908946013102e+01 4.715685416541646191e+01 6.716620166371295397e+01 7.634157639080557090e+01 8.484873753917447914e+01 8.994000165662907875e+01 8.156528857513714570e+01 6.580952834767697368e+01 5.417356880326993007e+01 6.424117084459280136e+01 8.452556854227509575e+01 9.719850857934086719e+01 9.349023507963765667e+01
1.006279879111784226e+02 9.320312064072095382e+01 7.942189052749048983e+01 8.472247012201312089e+01 9.518009658931973149e+01 8.084722679369174614e+01 6.079116955642057007e+01 5.989842262757198199e+01 7.992936123892089029e+01 6.922864605386911308e+01 7.636140237639800432e+01 8.536086669347541545e+01 9.684831935702906947e+01 1.163818499291541002e+02 1.241191373360318977e+02 1.132879219456584678e+02 1.048360648681084797e+02 9.790042306712915376e+01 9.192479165372260752e+01 7.975740303848877488e+01 5.941867238716328359e+01 7.488576185893442982e+01 7.242602544910138818e+01 7.003577231942941239e+01 5.333348542927296876e+01 4.439516967844974715e+01 5.973183851676888878e+01 5.619602569052573671e+01 7.647582568672380887e+01 8.156528857513714570e+01 6.132266722808562065e+01 6.725159375164535902e+01 5.119139480574208534e+01 6.543421536705146480e+01 8.570254197103567151e+01 7.686412376131049484e+01 9.647764334261540853e+01
8.988717827563593232e+01 8.513722049170399941e+01 6.539063318271890068e+01 8.513722049170399941e+01 8.722793666696063042e+01 6.751232529602405918e+01 5.593480932337629952e+01 7.597247559393893823e+01 8.811034901403991171e+01 8.923428045275396414e+01 7.560878761447240493e+01 8.977389850853808184e+01 1.094460363452753313e+02 1.186317508673210739e+02 1.283729401584466814e+02 1.189662059055592636e+02 1.073064191036926047e+02 9.822537779421851667e+01 8.985044936538527338e+01 8.490028768614268984e+01 7.488576185893442982e+01 5.462314110627708885e+01 5.220058692753483598e+01 4.984988637518042509e+01 4.756416835786491504e+01 6.207154342858592599e+01 4.198869783829616154e+01 5.971176206885211002e+01 6.808129389484429339e+01 7.188664525587363130e+01 6.351217396303521667e+01 4.711420017770534230e+01 5.869905875452330690e+01 7.893457382446850090e+01 8.810469523258971947e+01 6.771244378708260570e+01 8.810469523258971947e+01
