LEM/with_lateral_4open/elevation_000162.asc
nrows	100
cellsize	150.0
xllcorner	0
ncols	100
yllcorner	0
NODATA_value	-9999
[rows 0 to 16 of 100, columns 0 to 36 of 100]
8.271705653423140625e-02 2.127631151761726416e-02 9.425194436011796739e-02 4.939197167322698090e-02 3.975871534419905817e-02 6.171646774684565184e-02 1.696294146011132625e-02 1.936121709489252440e-02 4.216450047424835645e-02 2.297044857093000214e-02 6.704298068806634203e-02 4.162315340452049650e-02 3.835349583220235004e-02 2.777463300387698203e-02 2.207885817162396139e-02 7.161913568127860341e-02 9.025521335945362045e-02 3.502399586135773735e-02 8.040414306008919487e-02 3.131346976591601466e-02 7.604099264847130613e-02 2.387740603804927586e-02 5.687112022313325910e-02 4.074439634684711570e-02 8.709178300582484655e-02 7.612946965408906586e-02 1.077918208624280109e-02 9.929772718869623455e-03 4.600412614040166881e-02 2.152795518990661267e-02 2.378824418737431057e-02 9.511189423522797837e-02 9.406546861214974686e-02 1.749038473908382007e-03 2.223905489293687143e-03 6.269637160239108220e-02 9.476101746191394060e-02
7.813061968023242432e-02 2.002127631151726206e+01 1.423638756809119421e+01 1.419152759540430253e+01 1.418189433907527430e+01 2.006171646774648920e+01 5.180940736403355729e+00 2.001936121709453786e+01 6.366719820811034047e+00 2.002297044857057529e+01 1.420917860441914193e+01 2.004162315340416356e+01 2.003835349583184566e+01 2.236405154500812120e+00 2.002207885817126964e+01 2.007161913568092260e+01 6.120482104914700905e+00 2.003502399586100324e+01 1.008040414306000265e+01 2.003131346976556060e+01 6.400596312985256553e+00 2.002387740603769473e+01 1.419897424529824015e+01 2.004074439634649352e+01 2.008708613403189602e+01 2.007612946947563870e+01 9.820650444435067294e-01 1.974787669947742330e+01 1.421761676516923067e+01 2.002152793879823633e+01 3.186080469921909408e+00 1.549378249067717483e+01 8.068157562246861758e+00 8.166714847751098461e+00 2.000222390548893969e+01 1.420483199533346585e+01 2.009476101746155763e+01
2.526786264046545702e-02 2.002526786264010994e+01 3.423638756809189942e+01 3.419152759540500597e+01 3.418189433907598129e+01 3.052616557465224645e+01 1.052616557465188940e+01 3.052616557465224645e+01 1.303338648747775963e+01 3.303338648747846662e+01 3.420917860441984715e+01 3.203487093097308502e+01 1.201792969451921778e+01 4.458627376723043767e+00 2.445862737675112797e+01 3.244503742442152827e+01 1.244503742525140488e+01 3.244503742442152827e+01 2.162740952685231477e+01 3.306726297965268913e+01 1.306726297965198214e+01 3.306726297965268913e+01 3.419394988596557283e+01 3.197962322327256146e+01 2.227826580397861989e+01 2.368815535006576933e+00 8.553109505613019081e+00 2.868990609948374981e+01 3.446330878237619544e+01 2.680208743483657585e+01 6.389015063093540725e+00 2.543633554787734141e+01 1.646422884247455798e+01 2.816671484775074319e+01 2.230885047148180078e+01 3.420483199535082264e+01 3.061790467041441488e+01
4.163169627051844027e-03 2.000416316962669683e+01 3.305006121196220903e+01 4.133433249467303483e+01 5.133433251396404984e+01 3.655639246620797422e+01 1.655639246620726723e+01 3.655639246620797422e+01 2.059267594766243903e+01 4.059267594766314602e+01 4.620781062750723578e+01 2.616424708997261561e+01 3.202986535665587553e+01 2.445160392183349174e+01 7.815352809909814624e+00 2.781804547519263693e+01 2.000432688543581605e+01 4.000432688342878862e+01 3.576954515058276485e+01 4.135153422711488247e+01 2.306726297965215977e+01 4.135153422711488247e+01 3.790956843767213513e+01 1.790260727467622814e+01 3.760593536285016025e+00 2.236763776552700733e+01 2.875419243568308048e+01 2.282912939809233421e+01 4.305781681247526649e+01 3.022431946983546425e+01 9.725428689764491708e+00 3.022431945170869483e+01 2.733006015536867395e+01 4.394636882398299349e+01 3.385585585527390862e+01 4.473448267698311298e+01 2.477062660580509501e+01
5.883922493566802470e-02 6.383394545272453868e+00 1.305006121193917856e+01 2.305006121193935442e+01 4.305006121198578484e+01 4.362746027807357052e+01 2.362746027807286708e+01 4.362746027807357052e+01 3.059267594766261666e+01 4.887694719512533936e+01 5.453462784419558318e+01 4.620781062750723578e+01 4.434866070509107061e+01 2.436501527329800609e+01 1.022306987162521885e+01 3.022339839610279100e+01 3.155133226922812639e+01 4.000432688342878862e+01 5.576954515058205430e+01 5.135153422711506011e+01 4.306726297965286676e+01 5.135153422711506011e+01 3.807753955000672619e+01 2.475081462953862754e+01 4.749529889153309981e+00 1.889121829747812598e+01 3.887432781115256830e+01 4.305693831477992006e+01 5.136794796041936451e+01 3.381602664660391611e+01 1.322103228814582820e+01 3.381602664660391611e+01 4.708756812722910468e+01 5.540988171738559487e+01 4.799799147900436225e+01 5.292590205668194869e+01 4.473448267698319114e+01
1.256007409845548775e-02 2.001256007401365267e+01 3.305006121193250834e+01 4.133433249467303483e+01 5.133433251396404984e+01 5.191173152553577097e+01 3.517446566186578849e+01 5.191173152553577097e+01 4.473481157139406861e+01 5.887694719512551700e+01 6.291984830444847177e+01 5.122432128639751880e+01 3.122514596092074513e+01 1.708301327748072751e+01 1.310982121757337282e+01 3.311021766339284511e+01 5.155133226447945560e+01 5.983560235122548931e+01 6.828859578307722700e+01 6.218815688602057890e+01 5.058848215072255528e+01 4.225003795740619239e+01 2.983962447621783198e+01 1.021073939195897395e+01 5.743337879153230574e+00 2.574356457322259928e+01 3.546276000385882554e+01 4.815072249818926053e+01 5.270119975233485121e+01 3.211385524793676183e+01 1.744732372736787696e+01 2.420947302145488322e+01 3.885943959472741227e+01 5.930407891435879009e+01 6.799799147900294827e+01 5.474643368093062179e+01 3.475434154733010672e+01
9.594114293757748102e-02 1.009594114293749101e+01 2.423807676666818978e+01 4.423807676664149113e+01 5.312403139348658954e+01 6.140830264094878999e+01 5.517446566186649193e+01 6.345873690932869238e+01 6.473481157139548259e+01 6.878180844477907385e+01 4.878441497601395582e+01 3.464230347646964248e+01 2.464230274662322273e+01 3.605892505544435522e+01 1.605866034067136638e+01 2.500293232990684089e+01 3.500293547903481084e+01 4.914529496428772859e+01 6.915041840530986406e+01 5.382732706615073681e+01 3.377487412032214564e+01 2.255997609733853793e+01 1.718077631366499247e+01 2.983962418102441916e+01 2.574431804868620688e+01 7.190487090161139072e+00 2.315901182623875698e+01 2.753925759528585715e+01 4.916632429635109958e+01 4.279695678282415372e+01 2.204717146891259105e+01 4.279695678282415372e+01 3.885943959321647156e+01 5.930407571251779331e+01 6.628436834262042510e+01 4.630007929416373713e+01 3.475434154733010672e+01
7.711341127313005306e-02 2.007711341127277649e+01 3.838021237773400429e+01 4.157702600969366813e+01 3.312403139348588610e+01 4.467103677727880751e+01 5.881317240101025590e+01 7.881317240101166988e+01 7.877927121703095281e+01 5.878434567252710963e+01 4.464230805872720254e+01 3.464230347646964958e+01 4.464190969254305941e+01 3.926179309338101575e+01 1.926122341677316285e+01 2.820549545020440618e+01 4.820652578157848467e+01 6.329596411314594917e+01 6.550345408478681009e+01 4.527980872968604587e+01 3.377487412032211012e+01 4.225003795740619239e+01 3.678899736876761750e+01 4.446834461558604090e+01 2.924259693820591366e+01 9.531310966658002926e+00 8.807407307781565109e+00 2.934992165852999335e+01 4.685423811896767887e+01 4.784469637255564578e+01 2.710863492109482564e+01 4.784469637255564578e+01 5.930407571251779331e+01 6.766106940504569423e+01 7.454969100433085316e+01 5.731520117639862377e+01 3.732340670281013217e+01
2.297228869525369793e-03 1.414443285260034955e+01 3.414443285259224581e+01 2.157702600969296114e+01 4.157702600969366813e+01 5.582362275101449001e+01 5.399116182548846865e+01 6.227543307295066910e+01 6.898173486108353814e+01 7.291616699735720886e+01 5.464151591695966914e+01 5.464151591695966914e+01 4.515970958809099045e+01 2.515890166303170261e+01 2.592789008422217023e+01 4.592874459467592629e+01 4.453569329538959209e+01 6.453985727635125613e+01 7.385317375343802837e+01 6.218814632969143474e+01 5.382732699502388840e+01 5.965252478455055041e+01 4.538263261560658890e+01 3.670505336085174974e+01 3.096304359340287249e+01 1.190488349289111802e+01 9.960223377385920784e+00 1.890120091234302890e+01 3.866441159290585006e+01 5.602383028546068999e+01 4.784232808669438697e+01 3.565951870882459218e+01 5.630599615168152638e+01 7.500179106370632098e+01 8.460018407933516471e+01 6.558466056354826890e+01 4.886933176870253703e+01
9.647730019007895452e-02 2.009647730018972211e+01 2.596608743302729749e+01 1.491035934302617783e+01 2.753935150355158612e+01 3.766123020693337509e+01 3.399116182548776521e+01 4.898173486108211705e+01 4.898173486108212416e+01 6.482529556873012666e+01 7.463563279086677937e+01 6.366872726755732970e+01 4.366547635083865941e+01 2.952325946792975486e+01 4.592874459467595472e+01 3.747490429280973245e+01 5.747690520656201585e+01 7.283444776766073403e+01 7.244645269974664359e+01 6.428142096404094730e+01 6.320992630680788693e+01 4.931782650179647476e+01 3.182794260596754299e+01 1.775368358787568468e+01 1.531005285561102447e+01 3.108212416954111745e+01 1.112475771795583590e+01 3.104183365410592543e+01 3.823665154305567171e+01 5.606340241698556071e+01 6.405750107822777295e+01 5.630599615168152638e+01 4.603208191428539209e+01 5.630057972519427523e+01 7.639591220470890676e+01 7.711653160856201339e+01 6.885247334435739219e+01
3.582433992925927735e-02 2.984663463027208419e+00 5.966087433026940445e+00 9.617571149728078694e+00 1.339721587982038464e+01 1.766123020693266810e+01 2.320823216918505594e+01 2.898173486108141361e+01 3.654102432126622091e+01 4.808802970505914232e+01 6.808802970506056340e+01 6.585767706379698438e+01 4.585344857496841087e+01 3.468723726443096211e+01 5.468863039942281290e+01 4.902200170889010877e+01 6.576881560420480355e+01 7.813542915092527608e+01 5.854290287980550289e+01 4.474280699914915971e+01 5.192411647367467964e+01 3.542572669678507680e+01 2.137593068213672609e+01 3.759191828403569247e+01 3.516761305260117609e+01 3.228631228745471304e+01 1.229534750342907223e+01 3.228312279153110609e+01 4.201692660581613126e+01 5.497279859621529852e+01 5.542503736507268286e+01 6.373552697366832831e+01 6.657991038907762515e+01 7.500179106370632098e+01 8.460018407310975874e+01 9.074395457531025500e+01 7.947196053309590980e+01
1.813270376062421294e-02 2.001813270376026921e+01 1.751309281681966112e+01 2.961757114972843397e+01 2.494422126361310532e+01 3.766123020693337509e+01 3.399116182548776521e+01 4.898173486108211705e+01 5.654102432126692435e+01 6.482529556873012666e+01 7.637230095252304807e+01 7.415254858060882270e+01 6.071945864276472804e+01 4.071746418452138272e+01 5.468863039942282001e+01 6.902651817092773001e+01 7.732240815544160739e+01 7.869320522632715154e+01 6.866471018997911813e+01 5.192411647367467964e+01 3.228002979516585214e+01 2.522579703316278454e+01 3.542572669678507680e+01 4.931782650179647476e+01 4.859803627645301560e+01 2.862035356520622642e+01 3.228631495811129781e+01 1.397121364268358512e+01 2.801120272325227845e+01 4.265585451218411350e+01 3.540444930669487889e+01 4.955512218728541995e+01 6.959626619726627439e+01 7.336547102856529534e+01 8.168171857412180259e+01 8.273176141091032321e+01 6.313332079110405459e+01
2.372884694381488524e-02 2.002372884694345956e+01 3.751309281682036811e+01 4.579736406428256146e+01 4.494422126361381231e+01 5.322849251107600566e+01 5.399116182548846865e+01 6.227543307295066910e+01 6.476244733102898010e+01 6.476244733102898010e+01 7.304671857840362748e+01 7.486587071921793779e+01 5.485982290177927467e+01 5.071747774752068239e+01 6.901188055177829028e+01 8.299539812718131770e+01 7.869320522632715154e+01 5.910967511485957715e+01 6.051272662831937055e+01 4.096149470699609196e+01 2.953722883322564385e+01 4.497888302337970856e+01 5.311276172193552014e+01 6.320992630680788693e+01 5.689084549680015357e+01 4.549393950300333955e+01 2.551815192444047398e+01 3.396095590712548073e+01 1.568049712368077664e+01 2.275389005021773059e+01 4.276290569282993204e+01 5.215687582964675073e+01 5.696342240727698680e+01 5.327714609932696987e+01 7.087654024830284527e+01 8.244038861911759852e+01 7.947196052723511173e+01
8.175220331382776484e-02 1.422388782704490318e+01 3.422388782704560839e+01 4.197987317683480057e+01 4.221317006164257890e+01 5.049744130908928241e+01 4.857521105055628396e+01 5.685948229798358966e+01 4.476244733103039408e+01 4.476244733103039408e+01 6.476244733102898010e+01 8.316393820177916041e+01 7.486587071921793779e+01 6.486032875322082702e+01 7.901742168418812184e+01 8.456902679204098661e+01 7.636129365605326313e+01 6.270331984781871171e+01 4.319730951583331802e+01 3.437398434267458214e+01 4.922481761555459201e+01 4.349781457313792288e+01 6.305102603230886160e+01 7.595053586805738632e+01 5.594594211771988057e+01 4.182795151709549941e+01 4.549393950300279954e+01 3.691076543960671330e+01 1.697870003633893177e+01 1.927733915885583826e+01 2.371969299773515161e+01 2.981210061138521894e+01 3.601217160797104810e+01 4.235155819762678675e+01 5.411486064767811399e+01 7.412323944720927216e+01 8.472416875515482104e+01
9.124702163186203252e-02 2.009124702163150644e+01 2.516512513398022577e+01 2.197987317683551467e+01 2.221317006164329300e+01 3.364758864784996462e+01 2.857521105055699451e+01 4.062031170729940754e+01 3.062031170729994400e+01 5.062031170729922991e+01 6.153725896834992426e+01 6.909654842853349521e+01 7.738081967576950149e+01 8.487141268521510540e+01 9.029142965891908545e+01 7.059124239796445011e+01 5.684707301454618289e+01 5.966399713289561646e+01 4.009686047020787214e+01 4.555562473721992944e+01 6.211193997426159541e+01 6.305102603230886160e+01 7.121202508426073052e+01 7.160302074627495017e+01 5.167365481943513572e+01 4.999089070403174873e+01 3.875376251984698683e+01 1.882135366736200410e+01 3.690874352579987772e+01 2.501031943200466046e+01 4.260380931625670087e+01 5.215687582964675073e+01 5.696342240727698680e+01 6.257139656125200844e+01 5.325852569538631798e+01 6.739717231715685841e+01 8.743344023676330323e+01
2.239863785106879432e-02 2.583136236508983163e+00 5.165125133980582817e+00 7.837737553104815014e+00 1.066616467785098088e+01 1.364758864785067516e+01 1.702820566676468417e+01 2.062031170730012164e+01 4.062031170729940754e+01 5.210916855252962421e+01 4.153725896835063480e+01 4.909654842853491630e+01 6.323868405226536993e+01 8.323868405226394884e+01 9.612097421710721790e+01 7.636129365605327735e+01 6.593050396884878239e+01 4.646914119437568047e+01 5.053764457447311997e+01 6.272954988028655521e+01 7.245284603876824292e+01 7.716890743589627277e+01 6.887826975336045621e+01 6.669701675502416549e+01 5.167357224689104811e+01 3.178989143907522319e+01 2.183220895389528593e+01 2.047004561837323777e+01 4.040887511848769265e+01 4.265712616274666402e+01 5.085052878220542993e+01 5.747397623141029044e+01 6.412473331793520970e+01 7.242965443744080289e+01 7.326565932108503887e+01 6.958708855568237084e+01 8.963342220985521180e+01
1.766589122093755945e-02 2.001766589122058093e+01 1.930726075771128336e+01 1.938474293689712624e+01 3.066616467785062383e+01 3.364758864784996462e+01 2.433803832434746184e+01 4.062031170729940754e+01 2.710916855253050883e+01 3.210916855253033475e+01 4.365617393632243903e+01 6.365617393632172849e+01 6.909654842853350942e+01 8.909654842853208834e+01 9.029142965891908545e+01 7.059124239796445011e+01 5.684707301454618289e+01 5.767802330987033343e+01 7.013072876860925930e+01 7.697649650474211569e+01 7.790337817201483972e+01 6.641991428036661205e+01 4.901167084781812378e+01 4.684180187624392744e+01 4.487897291354889262e+01 2.497496608072490432e+01 4.173187458721704957e+01 4.040909126277801988e+01 2.282358319998621710e+01 2.750969256997129264e+01 3.235301048916009137e+01 3.752196691128328609e+01 4.417246205836066508e+01 5.826846153832358510e+01 7.826302407321618659e+01 8.963342220985514075e+01 8.524541449961117223e+01
