LEM/with_lateral_4open/elevation_000654.asc
nrows	100
cellsize	150.0
xllcorner	0
ncols	100
yllcorner	0
NODATA_value	-9999
[rows 17 to 33 of 100, columns 37 to 73 of 100]
3.073413431725576217e+01 2.400959506773923735e+01 1.812904176704996928e+01 1.897358752647624769e+01 1.282037729179163144e+01 3.339802448882652897e+01 4.571310727882819691e+01 5.403346779949525569e+01 5.942686348690129705e+01 4.823179493959317909e+01 3.990626283599677748e+01 2.305755856927669001e+01 4.334576269177630792e+01 5.573856470086562354e+01 6.404160304983902563e+01 7.300596781412004077e+01 8.457693608330914969e+01 9.607633544764055955e+01 8.509639826894925818e+01 6.515600377453817771e+01 6.405727926958498131e+01 8.027923038944668122e+01 8.852928892954609807e+01 9.020033175967279249e+01 8.613159751067347258e+01 7.793278409036847165e+01 7.788156911208372435e+01 6.379525650400449166e+01 4.399055412708906942e+01 2.353428883178681374e+01 4.193284585804976672e+01 3.179934193032526935e+01 4.620411918113402550e+01 6.621902641725560557e+01 7.690030688000426551e+01 5.699742192139995467e+01 5.212908761446049510e+01
2.875084261675618791e+01 2.413197684590261716e+01 3.532843507681825201e+01 1.389686591232406165e+01 2.736069323792110808e+01 2.438045380158117581e+01 3.412164238177876285e+01 4.769488749466844268e+01 6.727482457995611753e+01 5.480535574714111391e+01 3.468644236941451453e+01 2.556618046226879315e+01 4.580795038172745137e+01 5.785091279722859525e+01 7.204692952428138142e+01 8.196971540578525151e+01 8.304737737262377095e+01 9.137992765597880407e+01 9.334486020066313472e+01 7.925625336650857378e+01 8.399744621179765147e+01 9.224670538678533660e+01 8.444247445779637928e+01 7.048769115474847524e+01 7.793278409036847165e+01 5.795037401548682965e+01 6.380308642196914803e+01 4.970894389293285087e+01 3.536636383221402724e+01 2.501512183935975031e+01 4.546071885400034063e+01 5.206634978577431383e+01 4.620411918113402550e+01 6.621902641725560557e+01 6.984094842951931525e+01 4.988126592311895280e+01 3.827062813414988085e+01
5.056605728550375289e+01 4.601726897354269852e+01 4.403789032654565716e+01 3.468136504524066765e+01 1.501671681474170583e+01 3.547851443493788537e+01 5.190159397758412752e+01 6.162236157358171340e+01 7.118134268916647045e+01 5.112499419541445889e+01 5.412260488256479363e+01 4.580795038172745137e+01 2.935290368529524940e+01 4.365489607017531171e+01 5.358464706031514169e+01 6.880657351503931807e+01 6.290783941813277380e+01 8.304737737262377095e+01 9.886810488041140843e+01 9.919575529864569319e+01 1.001983061250698483e+02 8.883287059621996207e+01 7.626138991283751523e+01 5.635632182744728880e+01 6.367231948672550601e+01 5.964270388295357606e+01 4.365156755000606381e+01 5.223198244485283936e+01 4.695270584565839300e+01 2.652821661095288164e+01 4.106591250658224368e+01 6.105182099167330989e+01 6.621902641725560557e+01 7.443937782077141208e+01 7.805181997190958043e+01 6.317249210525570646e+01 4.315369386471351731e+01
6.822565504850030038e+01 6.193211551529390846e+01 4.710722592786262197e+01 3.627148975278660004e+01 1.581277659168892491e+01 3.058955573073559364e+01 5.157265677707767537e+01 5.748820567549955030e+01 6.578516869460949579e+01 7.118138131127619772e+01 6.373893287559586440e+01 4.365489607017531171e+01 4.953737425688274953e+01 3.343283028287622471e+01 5.358464706031513458e+01 4.865514545407183533e+01 6.880657351503931807e+01 7.042322252044903053e+01 8.465919432992978955e+01 1.047585291704679520e+02 9.202102378259297666e+01 7.235878837488874638e+01 6.092083448400625656e+01 5.183558402967005208e+01 4.336645466072043575e+01 3.933597144423295333e+01 3.568621648477004982e+01 3.233382288455298692e+01 2.895330502857428456e+01 3.012222308131685722e+01 5.043489618961267951e+01 6.374521698065686337e+01 7.663894503541192194e+01 8.484140317422262001e+01 8.274594854522008802e+01 6.290096672967376890e+01 4.873530126075343816e+01
4.831787374748725483e+01 4.200875952771870203e+01 3.882289022004477630e+01 1.713889602844993476e+01 1.667251522030846900e+01 3.642577550417151144e+01 4.472330475862602128e+01 3.803147696592108673e+01 5.177938970262137275e+01 7.140733568980590462e+01 7.204692952428258934e+01 6.373893287559586440e+01 5.072218789011571261e+01 5.139599725220590898e+01 3.785857312894493987e+01 5.803518213527325997e+01 5.615680280133993563e+01 7.387216803590604286e+01 8.087898851953734436e+01 8.926037832068900002e+01 9.395536576036155907e+01 7.588429764362217611e+01 6.336026101803389565e+01 5.215980310020248822e+01 6.367231948672550601e+01 5.964270388295357606e+01 5.201974038771292186e+01 3.178943580812655867e+01 4.930769354598173493e+01 5.043686607332708860e+01 3.541093751007063162e+01 5.555334616034463835e+01 5.676641070382807897e+01 7.337983549339773504e+01 8.484140317422101418e+01 7.692245241095298525e+01 5.877745413194411839e+01
4.752498100520108437e+01 3.204642584521597115e+01 2.099916281939814766e+01 3.882289022004478340e+01 3.713702019706902746e+01 1.789038616512894819e+01 2.529024645735703203e+01 4.525272798036763078e+01 5.538728886068222579e+01 6.099480299317981036e+01 6.914079216159865382e+01 8.083565385371738898e+01 7.160723642352994034e+01 5.742542271925766784e+01 4.790404970069162971e+01 4.336673387749914355e+01 4.827991506099164098e+01 5.352893720486254381e+01 6.036576160385111223e+01 7.662312660528128561e+01 9.937237300702496157e+01 8.584667004447888417e+01 6.623156966509337451e+01 6.622860656573173799e+01 8.009199670805348603e+01 7.334426055711470838e+01 5.237336799235961138e+01 4.094143054229416379e+01 3.472404896219933335e+01 5.485284447875913116e+01 5.554875544342898763e+01 4.098069322201340725e+01 4.520123187621670979e+01 5.676641070382807897e+01 7.663894503541192194e+01 8.684628149521435603e+01 7.285600676772895667e+01
2.768983181727976373e+01 2.508915276911867664e+01 4.200875960323245550e+01 5.022907634327511772e+01 3.989108912588466183e+01 1.876624949287509736e+01 3.709749646528027256e+01 4.710840567936851642e+01 3.586878252993844285e+01 4.156980422988697654e+01 6.099480299317981036e+01 7.958491441834397051e+01 8.381576559960475947e+01 6.734608073704465880e+01 6.790919120123371044e+01 5.348255175388458582e+01 6.854375098437033387e+01 6.794370766094786518e+01 7.387216803590604286e+01 7.492398210986699780e+01 9.525564575778207654e+01 9.405896778240418143e+01 8.584564850719374363e+01 8.576789581039440691e+01 8.746252272296307240e+01 6.873678360919303998e+01 5.502620843623130753e+01 5.687067251743581409e+01 3.679781945970346868e+01 5.687067268035090706e+01 6.920948252145112178e+01 5.517700726896946861e+01 6.516553198959192628e+01 5.278716510792696681e+01 6.430964343876303246e+01 8.413053961216074583e+01 9.263589032271123358e+01
3.657735288626928138e+01 4.523461551212473353e+01 5.348225792563557945e+01 4.321768503293864683e+01 2.987503710967939341e+01 1.965764773513785357e+01 4.004115739144859987e+01 2.820029475521187479e+01 4.800998690145536330e+01 6.099480299317981036e+01 5.195236426464115453e+01 6.311615526493602601e+01 8.266512016415605046e+01 8.661913630238747430e+01 8.198066090038692266e+01 7.365065972303338526e+01 8.198066090038693687e+01 8.818473747712188526e+01 9.408167263712370243e+01 9.525564575778207654e+01 1.035967745315112438e+02 1.112849334218402362e+02 1.016662295467866812e+02 9.365081840235495747e+01 8.684647512485653920e+01 8.197487413015510072e+01 7.010819382930895927e+01 5.891595980509017494e+01 3.888075393661196699e+01 5.066437763674375816e+01 7.146587676102846842e+01 7.506712423385846478e+01 7.896449262326278529e+01 5.911312779384264360e+01 7.896449262326278529e+01 9.233021626753885869e+01 1.007627345466978994e+02
4.796053911967712224e+01 6.465404760429444764e+01 7.102996429996166228e+01 5.712383325689648217e+01 4.774688738105002983e+01 4.022957215552933974e+01 2.095396941001261126e+01 4.150280043212405445e+01 5.518957383532091399e+01 6.518547880095732694e+01 7.137852001721286399e+01 7.958491441834397051e+01 9.094667757355345827e+01 9.254269544075634712e+01 8.417453209468484943e+01 9.254269544075634712e+01 9.781782154994300527e+01 8.946346902944743817e+01 9.781782154994300527e+01 1.008040688491228991e+02 1.091420646179727498e+02 1.032231179955861222e+02 8.407913047673724805e+01 7.441107625546877102e+01 6.745670032749431755e+01 7.817582567732772247e+01 6.241985720074281119e+01 4.191199278395004768e+01 5.816801786061415669e+01 6.643003804205724805e+01 7.957426665646711683e+01 9.086166029701648483e+01 8.716300954888298236e+01 7.317082008583471975e+01 7.317082008583471975e+01 9.295165543906983885e+01 1.026510749575435000e+02
6.788545231431074001e+01 7.617086486205266738e+01 7.401794191981029769e+01 5.399462520341489125e+01 3.992473708148497735e+01 4.000776712525678391e+01 2.189981656698961032e+01 2.845409679151779159e+01 3.575498580897948386e+01 5.060914589522329976e+01 7.146448981474108564e+01 7.802746840229323766e+01 8.640916331704958964e+01 8.237718580138545121e+01 6.379029223989095954e+01 8.237718580138506752e+01 8.568515667681127468e+01 6.911889324112269151e+01 8.649591461653864144e+01 8.056928308087618973e+01 1.008040688491228991e+02 1.112849334218402362e+02 1.016662295467866812e+02 8.504589248030008264e+01 6.561440918595484106e+01 5.857372701166978857e+01 7.010663135620687569e+01 6.194079473582790740e+01 4.502106869002393097e+01 5.396881646570560065e+01 6.382443989499800097e+01 7.743145233666928107e+01 9.638471064227658758e+01 9.295165543906983885e+01 9.295165543906983885e+01 1.011551990119314297e+02 9.848573127176616993e+01
8.382166358999053557e+01 7.163496470394909466e+01 6.329914115676899655e+01 5.471713821542326173e+01 4.372171884212543347e+01 2.327394178955914583e+01 4.241779021812502037e+01 4.788083800403788359e+01 5.603191093011071899e+01 6.518547880095732694e+01 7.466890292644363569e+01 5.765151591265647824e+01 7.466890292644363569e+01 7.398241216728789027e+01 5.356042805106552862e+01 7.398241216728789027e+01 6.529697932212783940e+01 5.883737473034129550e+01 6.611785101159408384e+01 8.056928308087618973e+01 1.008040688491228991e+02 1.107854954532536027e+02 9.157135985857838989e+01 7.798322080742984497e+01 8.504589248030008264e+01 7.197671786988213682e+01 5.224237792053229867e+01 4.921450488844115512e+01 6.487843802542691662e+01 5.012719102909846214e+01 6.990026543069464537e+01 8.166441069832544031e+01 8.750610523428160548e+01 9.550366100772708933e+01 1.066176908612492014e+02 1.043585381073876164e+02 8.432635343023635244e+01
7.763596717280330495e+01 6.329363320202146781e+01 4.320608500786843109e+01 4.639296551404765978e+01 2.613723470839244101e+01 4.372171872197640141e+01 2.487282275140677257e+01 4.521533614949856883e+01 5.212518160383829979e+01 6.137880914296698620e+01 6.626338860254304564e+01 4.597741236462544379e+01 5.542020759543342479e+01 5.807564925234220254e+01 4.682812918852048512e+01 6.424500721720222884e+01 5.079160252823659505e+01 7.126853821328066374e+01 8.447050447980623744e+01 9.341201115962074653e+01 1.048328801493168783e+02 1.164896404796198510e+02 9.719904987962095788e+01 9.394777865059126043e+01 7.802702172618486998e+01 5.842179650654728817e+01 7.197671786988213682e+01 6.900292588566816221e+01 7.582663617715348892e+01 5.617108792967652420e+01 5.680620656467368690e+01 6.214375069087244441e+01 6.813139631885979952e+01 7.939398873406105395e+01 9.858746245204167735e+01 1.017606706382467081e+02 8.172600041258171188e+01
5.742227269564673264e+01 6.006503362922992295e+01 4.893572938038935405e+01 2.900721301232613669e+01 4.639296551404714108e+01 5.350467660151687710e+01 3.932078107868959904e+01 2.648573088550211807e+01 3.903032166586253737e+01 4.905031114109625179e+01 5.077528446799390593e+01 5.194216077743345750e+01 3.540021998206606924e+01 3.795854242331167683e+01 4.086131896553984433e+01 4.386323007498582882e+01 4.805059396909116742e+01 5.581627832821376956e+01 6.505440691554318278e+01 7.685757870538563452e+01 9.675218983266313444e+01 1.095638444633939201e+02 9.953301209203183930e+01 8.032506469653934289e+01 6.654138022457175339e+01 6.594523978145888066e+01 8.536821712034836196e+01 8.554334907783385233e+01 6.610992338855069761e+01 7.582663623319233182e+01 6.824967979885872182e+01 8.166441069832544031e+01 8.750610523428160548e+01 8.188314239200344957e+01 1.010811383888291601e+02 1.100484520800728063e+02 9.848585960507423920e+01
4.322612647213411918e+01 5.188526783800804054e+01 3.191216765439252256e+01 4.908850113852727048e+01 4.908850113851868002e+01 6.720248393214521343e+01 5.245479735304766677e+01 4.226001175079325378e+01 2.810111356276311767e+01 2.940578329693419590e+01 3.069745122263703507e+01 3.197423551880648773e+01 5.194545293292729582e+01 5.805921504387943344e+01 6.111512789164612514e+01 6.424495745929682755e+01 6.847588362105892656e+01 5.588682661812862307e+01 6.329458658734439780e+01 7.115618004750972148e+01 8.138290734251295078e+01 1.013691026941433364e+02 9.953301209203183930e+01 8.032506469653934289e+01 7.634276461204633790e+01 7.575684157032630139e+01 9.336427950467343351e+01 9.354828369951889044e+01 7.591649767230110513e+01 9.354828369951889044e+01 8.764544528819617142e+01 9.565411987804876048e+01 1.043509079428643815e+02 1.010811383888291601e+02 1.091241796234507149e+02 1.048985844443596847e+02 1.070733873596305301e+02
3.781449364469435892e+01 3.481379360304410397e+01 4.599389461752568309e+01 6.020757700505660637e+01 6.919103453266164649e+01 6.315207889086655513e+01 5.113171819584616884e+01 3.125557644413894565e+01 4.885340950198114740e+01 4.947739037337483126e+01 4.477501298088942150e+01 5.192749747814990968e+01 3.402107236762446973e+01 5.328795746451221760e+01 6.368224433854887678e+01 7.554134532587342221e+01 8.478778998907458231e+01 7.349001962182325087e+01 7.652917530319176365e+01 9.137600501832811517e+01 9.960037859421052531e+01 1.095638444633939201e+02 1.075704926046431638e+02 9.953301209203183930e+01 8.746122655565447701e+01 8.936103795966228347e+01 1.029941070739790518e+02 1.031914276829933783e+02 9.517020048336662796e+01 1.031914276829933783e+02 1.020691261095197575e+02 9.848292075047086769e+01 8.440257553280245872e+01 9.848292075047086769e+01 9.909709546440629424e+01 8.506852947391624298e+01 8.723647728001924406e+01
3.932161840161891320e+01 4.886167442429943719e+01 6.308300568328866831e+01 7.437026450093536312e+01 6.943933953443577423e+01 4.881149410531286037e+01 3.480421439548663898e+01 5.097310220335325681e+01 3.738683209453726874e+01 5.725273894227706961e+01 6.454929593587621639e+01 6.222335966322060585e+01 4.804328321889404663e+01 3.604495952102223555e+01 4.938369199327810577e+01 5.856358320309173138e+01 8.022790870124751450e+01 9.562222341618179655e+01 9.677831038063781932e+01 1.003804655755599669e+02 1.062685903487369501e+02 1.057238568866437447e+02 1.140422745873485866e+02 1.146940232369532850e+02 1.066210478307840788e+02 1.085439836538971576e+02 1.107099066339931142e+02 1.025050689023135391e+02 1.025050689023135391e+02 1.020691261095197575e+02 8.210790519316523728e+01 8.577085748017319133e+01 7.023081847175456005e+01 8.954882156159322903e+01 9.087661810345706215e+01 7.101154436653071400e+01 9.087661810345706215e+01
5.344337836433951594e+01 6.770773765418371681e+01 7.734412768928747539e+01 7.815718015861158108e+01 6.768597583046947364e+01 5.708380859968136178e+01 3.734073460662436617e+01 5.716429441782645426e+01 5.725292171077546044e+01 4.393126253476231113e+01 6.391374745044265637e+01 7.671056403083504449e+01 6.310406897265348647e+01 4.730483607267149182e+01 3.808788339897191122e+01 5.894848374412129743e+01 7.193175808279974603e+01 8.358534454072633935e+01 9.444463047557705693e+01 8.018351787971475630e+01 8.609906690055778711e+01 8.559149843069837971e+01 1.024272938590260225e+02 1.140422745873485866e+02 1.181622633739489316e+02 1.099738606167241812e+02 1.025050689023135391e+02 8.255602298037932485e+01 8.255602298037932485e+01 9.663296480718619819e+01 8.577085748017319133e+01 6.570455362475686911e+01 6.118731241951662980e+01 8.129455551815759407e+01 7.642624325643316752e+01 6.429562163322026436e+01 7.586686099354464830e+01
