LEM/with_lateral_4open/elevation_000457.asc
nrows	100
cellsize	150.0
xllcorner	0
ncols	100
yllcorner	0
NODATA_value	-9999
[rows 0 to 16 of 100, columns 0 to 36 of 100]
8.271705653423140625e-02 2.127631151761726416e-02 9.425194436011796739e-02 4.939197167322698090e-02 3.975871534419905817e-02 6.171646774684565184e-02 1.696294146011132625e-02 1.936121709489252440e-02 4.216450047424835645e-02 2.297044857093000214e-02 6.704298068806634203e-02 4.162315340452049650e-02 3.835349583220235004e-02 2.777463300387698203e-02 2.207885817162396139e-02 7.161913568127860341e-02 9.025521335945362045e-02 3.502399586135773735e-02 8.040414306008919487e-02 3.131346976591601466e-02 7.604099264847130613e-02 2.387740603804927586e-02 5.687112022313325910e-02 4.074439634684711570e-02 8.709178300582484655e-02 7.612946965408906586e-02 1.077918208624280109e-02 9.929772718869623455e-03 4.600412614040166881e-02 2.152795518990661267e-02 2.378824418737431057e-02 9.511189423522797837e-02 9.406546861214974686e-02 1.749038473908382007e-03 2.223905489293687143e-03 6.269637160239108220e-02 9.476101746191394060e-02
7.813061968023242432e-02 2.002127631151726206e+01 2.009425194435976181e+01 2.004939197167287190e+01 6.706425382010894332e+00 2.006171646774648920e+01 1.415909856519093601e+01 2.001936121709453786e+01 3.964487203237921253e+00 2.002297044857057529e+01 2.006704298068770953e+01 1.004162315340460765e+01 2.003835349583184566e+01 2.002777463300352068e+01 2.107233640745501457e+00 2.007161913568092260e+01 2.009025521335909659e+01 1.003502399586144556e+01 1.422253976679116505e+01 2.003131346976556060e+01 3.855685722740751942e+00 2.002387740603769473e+01 1.419900674395420914e+01 1.158774978291038948e+01 1.422922740673906894e+01 2.007612946965373268e+01 2.001077758046545796e+01 1.190492509390271625e+00 9.017397267874200040e+00 2.002152795518955131e+01 7.017361395337773367e+00 2.009511189423487210e+01 1.423620109234322584e+01 2.000174903847355168e+01 3.653707622190408788e+00 2.006269637160203700e+01 1.423689664119273957e+01
2.526786264046545702e-02 1.416740348637154057e+01 3.416740348637224400e+01 3.377749319387713456e+01 1.377749319387643112e+01 3.377749319387713456e+01 3.415909856519022725e+01 2.796448718583000925e+01 7.964487203237904822e+00 2.796448720323754955e+01 3.832589440086550070e+01 2.418375877713581090e+01 3.422260813351374509e+01 1.421167326942188858e+01 4.203892179073182689e+00 2.421714070146780173e+01 3.831929524332233683e+01 2.417715961959264703e+01 3.422253976679186849e+01 2.770471878344776329e+01 7.704687517338273395e+00 2.770471878344776329e+01 3.419900674395491080e+01 2.572988635021904358e+01 3.422922743894638131e+01 3.746615265703745479e+01 2.237384232096841075e+01 2.373119248192922637e+00 1.012710255019533712e+01 3.106864330889746029e+01 1.433641340773132811e+01 3.391472149211064391e+01 3.423620109234393283e+01 2.736761438573110539e+01 7.367614385731462434e+00 2.150975000946216298e+01 3.423689664119202547e+01
4.163169627051844027e-03 1.414629879335787699e+01 3.414629879335716822e+01 4.206176444133933501e+01 2.532449857766915002e+01 4.206176444133933501e+01 4.377550691221550494e+01 2.377550691414286987e+01 1.222850153035015097e+01 2.377550691414286987e+01 4.377550693108626945e+01 4.418375877713651789e+01 3.422260813351374509e+01 2.639509486224321577e+01 6.373601721889707861e+00 2.053333551433106763e+01 4.054663377934019763e+01 4.417715961959335402e+01 4.184692755577734147e+01 2.184682410803709729e+01 1.217682347233789031e+01 2.372382901526550469e+01 4.372398021909038590e+01 4.573015631171669071e+01 3.782897765533392231e+01 1.790712152029444226e+01 1.038230428217724644e+01 3.566249689589330973e+00 2.028886244495188862e+01 3.702478055063519946e+01 2.401825980995490184e+01 4.216159106897275421e+01 4.550975000946198890e+01 2.550975000946269944e+01 1.136761438573149796e+01 3.136761438573185501e+01 4.979402125692305958e+01
5.883922493566802470e-02 1.420097484866674264e+01 3.420097484866744963e+01 4.408878926739608062e+01 4.532449857766985701e+01 5.360876982513205036e+01 5.205977162024488081e+01 3.739247931483980381e+01 1.739247932529346485e+01 3.739247933599928331e+01 5.205978003413773791e+01 6.251049885957538521e+01 4.278175800430641829e+01 2.276461012861836508e+01 8.597033404684953695e+00 2.276461012861836508e+01 4.278175800443813159e+01 6.184757506942412419e+01 4.184692755577734147e+01 3.717694363587281714e+01 1.717682347233797913e+01 3.717694363587281714e+01 5.200932391142985267e+01 5.787409913367299197e+01 3.782764554616724695e+01 2.527979087639803524e+01 5.283595884638142337e+00 2.356545548132757872e+01 1.770847665596844678e+01 3.770559822830954033e+01 3.796894817314066017e+01 5.208450842944090908e+01 4.205806406222936999e+01 2.205806406222866300e+01 1.803428105239828128e+01 2.401672502640523632e+01 4.401672502640594331e+01
1.256007409845548775e-02 2.001256007409810067e+01 2.994665364366381866e+01 2.408878926739537363e+01 3.823092489112682557e+01 5.823092489112752901e+01 4.893948473555936118e+01 2.893948470908618731e+01 2.739247932529364249e+01 3.739247933599927620e+01 5.739247952036055977e+01 5.500587014148260323e+01 4.350314111854310539e+01 3.093369594313618265e+01 1.089393892247915474e+01 3.093369594285787372e+01 4.454966284152034461e+01 5.611862953061164916e+01 5.131935885425781407e+01 3.131896344770606078e+01 2.473611293234532127e+01 3.717798645661498114e+01 5.718802235689943103e+01 5.052338420961092424e+01 4.138433627695319217e+01 2.650430052483334364e+01 6.514768115545646054e+00 2.650430052226563049e+01 3.770718201772714195e+01 4.599332246735441032e+01 5.791558614855457421e+01 5.620019968596081839e+01 3.620019968596011495e+01 4.205806406222936999e+01 2.510534886426388113e+01 4.401672502640594331e+01 4.401672502640594331e+01
9.594114293757748102e-02 4.946653643664216560e+00 9.946653643664173927e+00 2.994665364366452920e+01 4.823092489112725190e+01 5.823092489112742953e+01 5.722375752793272596e+01 4.048649009287974820e+01 4.153461494905132412e+01 5.567675041530913660e+01 5.994496225638852849e+01 4.677180931688539545e+01 2.679462384600174119e+01 1.521880719634269497e+01 3.093369594313618265e+01 1.616695802987558750e+01 2.778023225954881781e+01 4.783076863490720143e+01 5.960580542755698019e+01 5.131935885425781407e+01 3.368038479907148286e+01 5.301888487404747963e+01 5.516277075338987856e+01 3.302840040317210679e+01 2.111821140892242354e+01 1.406709836222605858e+01 7.752008144649409793e+00 2.748665155980107855e+01 2.584847050507861610e+01 3.997026848281789313e+01 5.992783617470632151e+01 6.448447093342402070e+01 5.620019968596081839e+01 5.338962011172678501e+01 3.404962077426335298e+01 5.338962011172678501e+01 6.401672502640735729e+01
7.711341127313005306e-02 2.007711341127277649e+01 2.994665364366452920e+01 1.994665364366435156e+01 2.994665364366452920e+01 4.994665364366523619e+01 6.877076103231105719e+01 6.048649012444217021e+01 6.153461499157966585e+01 6.311611874335515182e+01 5.166274396047777628e+01 3.165498466538340239e+01 2.008593302191004426e+01 2.679501679498425304e+01 4.354232174753996532e+01 3.625459292269026434e+01 2.211443382952264258e+01 4.226035028735091714e+01 6.059450241693714645e+01 6.196246341218496667e+01 4.782248961965511569e+01 6.196246341218496667e+01 6.238899505495145803e+01 4.986729955495686539e+01 4.118254472991878146e+01 3.359687023233092873e+01 2.704739138176019253e+01 9.542933930648539231e+00 2.366777349247096041e+01 4.367923383546190763e+01 5.127746103916949494e+01 5.836316066646818257e+01 6.666958001143318313e+01 6.233389202172625687e+01 4.819175639799480138e+01 6.233389202172625687e+01 6.820019740922623441e+01
2.297228869525369793e-03 1.000229722886943762e+01 3.000229722886908235e+01 3.994665364366505855e+01 4.823092489112725190e+01 5.823092489112742953e+01 6.214167528293352660e+01 6.432947127775788942e+01 6.897481745119380037e+01 4.897721741141251783e+01 3.483098181067553867e+01 2.587533303693302500e+01 2.827002218826002888e+01 4.681098609533286492e+01 5.509625307816079243e+01 4.798620494012103421e+01 2.774213411043249877e+01 3.221720818807838782e+01 4.383644890187486709e+01 6.386968888173748837e+01 6.782133395690379984e+01 6.837593102885030305e+01 4.966116976585941245e+01 4.501008290012386936e+01 3.509835386574943072e+01 1.651329949349132065e+01 1.361313276774752090e+01 1.097084540393268703e+01 3.095897046023594257e+01 4.232032234103073165e+01 3.124869002623751157e+01 3.832177564281249005e+01 4.988558957414345230e+01 6.994373814097234288e+01 6.819175639799621536e+01 7.034399043495525916e+01 6.012820058012437130e+01
9.647730019007895452e-02 2.009647730018972211e+01 3.000229722886908235e+01 5.000229722886837180e+01 4.863110196247377814e+01 5.628381090702654888e+01 4.214167528293282317e+01 4.432947127775647544e+01 6.432947127775788942e+01 6.311611874335515182e+01 5.060407312538131208e+01 3.059796297379427799e+01 4.828050355483841116e+01 4.242256351931153091e+01 6.242282183617565039e+01 5.426718048378936743e+01 3.391461904294725827e+01 4.643723273011615760e+01 6.059450241693714645e+01 7.215584915878093852e+01 7.423935944242614937e+01 5.475123463519427958e+01 5.003732359662972584e+01 3.057129769482709136e+01 2.073235136484628072e+01 3.626751473170764939e+01 3.154133725905805719e+01 1.240422663848317519e+01 3.239679043693136151e+01 2.230700085246511932e+01 4.232032234103083113e+01 5.836316066646818257e+01 6.666958001143318313e+01 7.824882058271370511e+01 7.597023557261016435e+01 5.661703336164283940e+01 4.272915531845710291e+01
3.582433992925927735e-02 1.417795996366033506e+01 3.417795996366103850e+01 4.277323758641102103e+01 2.863110196247307471e+01 3.857144924338128078e+01 2.799953965920137477e+01 4.214167528293282317e+01 6.214167528293352660e+01 6.974470428881012651e+01 4.974745389900582637e+01 3.560275370224263014e+01 5.560451293309415632e+01 6.242282183617565039e+01 7.070373576883289957e+01 6.129051434747182725e+01 4.081591583300642867e+01 6.129051434747182725e+01 7.475177210375804293e+01 7.955727506108507896e+01 7.145387401659111504e+01 5.475123463519427958e+01 3.516756537549494510e+01 2.531634538903551856e+01 4.042611525157207808e+01 4.816279440824268931e+01 2.765041363114085016e+01 3.239679026528933292e+01 1.447278544780535015e+01 3.447044921065074874e+01 4.810106239302619713e+01 5.401717841982765123e+01 6.069651435779874760e+01 6.896857909875809867e+01 7.897442867061532468e+01 6.629363446712655161e+01 4.679682062101444728e+01
1.813270376062421294e-02 2.001813270376026921e+01 2.602026626272154530e+01 2.914374150049369305e+01 1.448896633874187323e+01 1.857144924338057379e+01 2.411845120563296163e+01 4.411845120563366862e+01 6.013379092749886468e+01 6.841806217554751868e+01 6.388613837509678461e+01 4.974745389900582637e+01 4.503339484975430196e+01 5.917557199750891073e+01 7.917031789869909630e+01 6.962602671367163509e+01 5.153036105312699533e+01 6.962602671367163509e+01 7.806703309543341618e+01 7.003337685932534384e+01 5.203863567899516340e+01 5.014526781971779457e+01 3.057500500348218253e+01 3.668768651937828906e+01 5.305470042418326670e+01 5.673638981078754995e+01 4.840089116024785199e+01 3.614648179728164479e+01 1.614100644213252522e+01 1.980902307476321056e+01 3.981590906842855304e+01 3.398907228478034881e+01 4.065850654388547980e+01 5.067361233544446009e+01 7.071941638015303511e+01 7.436452307667188677e+01 6.629363446712655161e+01
2.372884694381488524e-02 3.005152816943540195e+00 6.020266262721189143e+00 9.143741500493337782e+00 1.808801341049265332e+01 2.808801341049283096e+01 4.411845120563366862e+01 3.306272311563243704e+01 4.013379092749816124e+01 5.168079631129108265e+01 7.168079631129249663e+01 6.974470428881012651e+01 5.917557199750891073e+01 5.917557199750891073e+01 7.917031789869909630e+01 8.097010146521159868e+01 7.256911322396128128e+01 8.050617555038498097e+01 6.350250265227753488e+01 5.115805228101652347e+01 4.344691670183581778e+01 3.612604171964814981e+01 5.014526781971779457e+01 5.625877076000089971e+01 6.434626974110615549e+01 6.825920245047684887e+01 5.199312812686499541e+01 3.196149866275980145e+01 1.782179750766549731e+01 3.782732117524295035e+01 2.546160916682781661e+01 4.547716526935114700e+01 6.069651435779874760e+01 6.896857909875809867e+01 7.897442867061532468e+01 8.722144965087852597e+01 7.897859372763467434e+01
8.175220331382776484e-02 2.008175220331347077e+01 2.602026626272154530e+01 2.328587712422403655e+01 2.328587712422453748e+01 4.328587712422524447e+01 4.441794502904792807e+01 5.306272311563314048e+01 6.013379092749886468e+01 6.841806217554751868e+01 7.996506755974563418e+01 8.126654850532669627e+01 7.917031789869909630e+01 7.917031789869909630e+01 8.744944827802714826e+01 9.453048808770383005e+01 8.627481599410712931e+01 8.956238820185539851e+01 7.806703309543341618e+01 5.907236864035111523e+01 4.533814260493207371e+01 5.560139829604713668e+01 4.991621795007174711e+01 6.932663779183788222e+01 6.825920504673761968e+01 4.820284748010168840e+01 5.123674629705659100e+01 3.953823153548497515e+01 1.952793997718741892e+01 3.953707778145046348e+01 4.547715506561551990e+01 3.398907228478034881e+01 4.293924888263702400e+01 5.450880557151688777e+01 7.455047480467818843e+01 7.897859372763467434e+01 5.900624844563035509e+01
9.124702163186203252e-02 2.009124702163150644e+01 3.586595934510848593e+01 4.328587712422024936e+01 4.328587712422524447e+01 5.157014837274225272e+01 6.441794502904934916e+01 7.270221627740940562e+01 7.076645979490039906e+01 7.094965029811960733e+01 6.516529073561451924e+01 6.154527597395406247e+01 6.962542858288034608e+01 6.962542858288034608e+01 7.784769138218375417e+01 7.738746344370694885e+01 6.641610879527465272e+01 8.305284080411705361e+01 8.659763237302671257e+01 7.283500050668888548e+01 5.506406409739232544e+01 7.283500050668888548e+01 6.932663779183788222e+01 7.742254446213486574e+01 6.641175672552685683e+01 5.188324975582741416e+01 3.186367762795898884e+01 2.292961529607139681e+01 3.953823151020458226e+01 2.306146692982507318e+01 4.309466499196361156e+01 4.554706549570998675e+01 5.401717841982765123e+01 7.124777204424469801e+01 8.279595067473786685e+01 7.897859372763467434e+01 5.900624844563035509e+01
2.239863785106879432e-02 7.581688098035580303e+00 1.758168809803540356e+01 3.172382372176610232e+01 5.172382372176496546e+01 5.753369692877953412e+01 6.329459778366797451e+01 6.510819686988321564e+01 5.123176909686718261e+01 5.135476449744152916e+01 4.563466681500783295e+01 4.776628058435833424e+01 5.005949382900406874e+01 5.005949382900406874e+01 6.962542858288034608e+01 5.763711565224245703e+01 5.508560991806942297e+01 7.480938604710328832e+01 9.298983679413122161e+01 8.255424836118756104e+01 7.444439465460574468e+01 8.255424836118756104e+01 8.070652030023504153e+01 7.238159223081532900e+01 5.809434392185119123e+01 3.807062003084122637e+01 2.654598083492739136e+01 4.293022910980759832e+01 4.565222072279843957e+01 2.560187467313241072e+01 4.565222072856594338e+01 6.558756784709528631e+01 7.385076997175222857e+01 8.228226635639302344e+01 8.397941793698997515e+01 7.399009208277247751e+01 6.573109019371314332e+01
1.766589122093755945e-02 2.001766589122058093e+01 3.586595934510848593e+01 4.586595934394210161e+01 5.185081983615644674e+01 3.799708922856656557e+01 4.371922914257766735e+01 5.536239734129129175e+01 3.754113518810464001e+01 5.135476449744152205e+01 3.188305727011915280e+01 5.135458263790301459e+01 3.638205127839861319e+01 5.199835776310405322e+01 5.576976313218153791e+01 4.391276656102117926e+01 5.356982961899957019e+01 6.488376779748091394e+01 8.473500429672552059e+01 9.214689766316018904e+01 8.210046456901828549e+01 7.377464004201540604e+01 6.618775519424229969e+01 5.233001424319969885e+01 5.600954736172149495e+01 4.916748350817686486e+01 2.918918320588010928e+01 4.916748350817684354e+01 4.827688907432067111e+01 2.820884841690406475e+01 4.827688907432067111e+01 6.515451901500111376e+01 6.581049510818624526e+01 8.589590272371808055e+01 7.573684265443337438e+01 5.572533773299299042e+01 4.573727069752709440e+01
