LEM/with_lateral_4open/elevation_000199.asc
nrows	100
cellsize	150.0
xllcorner	0
ncols	100
yllcorner	0
NODATA_value	-9999
[rows 51 to 67 of 100, columns 0 to 36 of 100]
6.455108993161302877e-02 2.006455108993125691e+01 3.987123266566619151e+01 5.462152134473008402e+01 6.290555770129572011e+01 6.459213125586846616e+01 5.873678121818438314e+01 4.853730549387543647e+01 4.267528939629165308e+01 4.267528939629165308e+01 6.268946425951148882e+01 7.924212056891479961e+01 7.632885108665159635e+01 8.470587186345909458e+01 7.179336027627324768e+01 5.355838496324138731e+01 5.921718580804706988e+01 5.742018773767941298e+01 7.412710338142689181e+01 8.070197861404726325e+01 6.120638345826827020e+01 4.730232706697847078e+01 6.071396228334731404e+01 6.879033694945115940e+01 7.587279494373611044e+01 5.594407089622193752e+01 4.187113255147287560e+01 6.178105900439651066e+01 7.192680897223171144e+01 5.948483400360728979e+01 3.968102924603986992e+01 5.062830327337045588e+01 3.327107927196168902e+01 4.735389596036036153e+01 6.216958371448454557e+01 7.513587334773986015e+01 8.340380776005532937e+01
3.995603441288197999e-02 1.158696141820529668e+01 3.158696141820493963e+01 4.237507428398593134e+01 5.065933671281000272e+01 5.132828882699634221e+01 5.961256072694941111e+01 6.854666885767052520e+01 6.268946425951148882e+01 6.268946425951148882e+01 7.097186783675743982e+01 7.300429800866407959e+01 5.604298673171881262e+01 7.300429800866407959e+01 6.351830229584009402e+01 4.364316875917347716e+01 4.517750756806104562e+01 4.596412736494675499e+01 6.522118839134961377e+01 7.672511723530386973e+01 7.201312611176128087e+01 5.244233195049481111e+01 4.105450217890273024e+01 5.536333435519623691e+01 6.345255220631636206e+01 5.762955241788868221e+01 3.772470217036174489e+01 5.199961049141664660e+01 5.199961048592945190e+01 5.650268086192208017e+01 4.827006267331923084e+01 3.076908431199570870e+01 5.062830327337045588e+01 5.944301519507735776e+01 7.024920714199704719e+01 7.985784717214724537e+01 7.462994672145434549e+01
4.804567899273937126e-02 2.004804567899238421e+01 2.711416212775758794e+01 2.237507430082725790e+01 3.499835717435459514e+01 3.132828881677004063e+01 4.631886185605178952e+01 5.298552852458199425e+01 6.126980033934012937e+01 7.126980065266225495e+01 7.600308610225543759e+01 6.461680184058688781e+01 4.462121501459068895e+01 6.461680184058688781e+01 7.179332749307627637e+01 5.358073538461793817e+01 3.368475325957615496e+01 3.706968611467853236e+01 4.854636153033136026e+01 6.844383404911175717e+01 8.006601684972891064e+01 6.878977555124730259e+01 5.536333435519623691e+01 3.564924830266861733e+01 5.043481237503738868e+01 5.853756000752245825e+01 5.199961055393010412e+01 3.213663678051161554e+01 5.199961048584092538e+01 4.594129094006488856e+01 2.838450637002240384e+01 4.827006266935975276e+01 5.008838212035521309e+01 4.317000697354364291e+01 5.953050391678578990e+01 6.007466065341270678e+01 5.297520209136776259e+01
9.707512844716031930e-02 3.578628247561124631e+00 7.114162153493877483e+00 1.082806891703494756e+01 1.499835719817648005e+01 2.054535916042886967e+01 2.631886185232522735e+01 3.298552851899212612e+01 4.298552851899247429e+01 6.298552853017207553e+01 6.763334697368165394e+01 4.764326778146618580e+01 3.782803076921376828e+01 5.754729432135376754e+01 6.656895104282203590e+01 4.806258274381898588e+01 2.811360746412607980e+01 4.223548805670409223e+01 6.213043376668415618e+01 7.053329565729573858e+01 6.206307661692142830e+01 5.987592607558611491e+01 6.345255220631455728e+01 5.043481237503738868e+01 3.066106698540627207e+01 4.583745796174940779e+01 4.842792728925085299e+01 2.860034827595480778e+01 4.363617036297011254e+01 2.603689660821680363e+01 4.594129081383786684e+01 4.824159205341427281e+01 3.021149592455570598e+01 4.423869011928039896e+01 5.264421471664517327e+01 5.083371794244560249e+01 4.225650088059422416e+01
5.001202446392439237e-03 2.000500120238897495e+01 2.711416215349429493e+01 2.497020454076704610e+01 2.914049282190886814e+01 3.132828881677004063e+01 4.631886185605178952e+01 5.298552852458199425e+01 6.126980033934012937e+01 7.126980065266225495e+01 6.542068634278697914e+01 4.546730581043217967e+01 3.175775809293569907e+01 4.439821837381894909e+01 5.266152712466296748e+01 3.839199898200953953e+01 2.430981650854200282e+01 3.839199898330943483e+01 5.830164962869891099e+01 5.467914512078027656e+01 4.195229748283476567e+01 3.976422048193483505e+01 5.408674080514565929e+01 5.852276994812984867e+01 4.583703544356034598e+01 2.601233721839594892e+01 4.144458771853037149e+01 3.194713398774305091e+01 2.371845713182505477e+01 4.350235040028906042e+01 4.639336383484011606e+01 2.834693054892420250e+01 4.824108057317438636e+01 3.210101875947335515e+01 3.344206057785779507e+01 3.479004773343648083e+01 3.614490148768514644e+01
5.279685921607564503e-02 1.419493248294715038e+01 3.419493248308693722e+01 4.497020454731259775e+01 4.914049282844685251e+01 5.132828882699634221e+01 5.961256072694941111e+01 6.145085261359662354e+01 5.552382923937910419e+01 6.145087239966653669e+01 5.624642151238138865e+01 4.787258253742366776e+01 4.439821837381894909e+01 2.495571495846190047e+01 3.824995891492673650e+01 3.597309133864986563e+01 2.093513691102170071e+01 4.070314347039026615e+01 5.078196627869207447e+01 3.376846775659815592e+01 3.571689698842749294e+01 2.567474407561991612e+01 4.558264608379556648e+01 4.759775743327941910e+01 3.936918997896207628e+01 3.976354216356768490e+01 2.154541731587147169e+01 2.244086851177740627e+01 4.234021342868862092e+01 2.534306647941817658e+01 2.649695051382195388e+01 4.640523037132207662e+01 5.297827949196362596e+01 5.482563121302690945e+01 5.326448145801833789e+01 5.459715877735121836e+01 4.249756728283353624e+01
5.738623160518319517e-05 2.000005738623125140e+01 3.346585361233864120e+01 4.185004645076834606e+01 5.254465893596856318e+01 6.683576968871143720e+01 5.869069418979771768e+01 4.122254332188431647e+01 3.529876611582419343e+01 4.122254444514899774e+01 4.468078503098417542e+01 2.791651358244017800e+01 4.468078502980624478e+01 3.824995891555506944e+01 1.895418575043940379e+01 1.646558534643905602e+01 3.597309366100823524e+01 4.869592348627484313e+01 4.017415121893441210e+01 1.988254206066424601e+01 1.569527868558430939e+01 3.562356573315424413e+01 3.739466395032365398e+01 3.827620304589017053e+01 1.947284282557896518e+01 2.033018513492697465e+01 4.026917448838606362e+01 3.394895454431696891e+01 5.004841863227213850e+01 4.530008351970423774e+01 3.262019397603064874e+01 3.039237614795599640e+01 3.319727730551101530e+01 5.293542028291177814e+01 6.522142507460310412e+01 6.721617585961483599e+01 4.695071769800575368e+01
4.532054705376769438e-02 6.700051664943164731e+00 1.370959946641951532e+01 2.481937355634388354e+01 4.413802938022781319e+01 5.550543507008406152e+01 3.908192933673671376e+01 4.122254124502764228e+01 2.131175648240868270e+01 3.140633087167634230e+01 2.758146706063695675e+01 1.639802275679778631e+01 2.884361857099950299e+01 2.949881096004451209e+01 3.015540776929991296e+01 1.336585452858308543e+01 3.280561441274996781e+01 4.124925264022919436e+01 3.153041310627974525e+01 1.460021107510461214e+01 3.442102219014667952e+01 1.679885341737945126e+01 1.758001303858577558e+01 1.836298942656654276e+01 3.827685095648015334e+01 2.224321079659458533e+01 4.185933359312873137e+01 5.359177497480607855e+01 6.154356388811233813e+01 5.804080252176694898e+01 3.870654490691099170e+01 5.021691175212505698e+01 5.297838110885660967e+01 3.730144929340691817e+01 5.123886999555692512e+01 7.108910398900957262e+01 6.120736043927810499e+01
9.001595176218035732e-02 2.009001595176182420e+01 3.343078070585278283e+01 4.170009875144449296e+01 4.545385585394622296e+01 4.048542981231270943e+01 2.556789156264411744e+01 3.607166202208868810e+01 3.067357136943843443e+01 1.223953589257395258e+01 7.589482672600379232e+00 8.240971530413544244e+00 8.895286356597781108e+00 9.551194587939081160e+00 1.020879414880657166e+01 1.086775212061136209e+01 3.081833410800359374e+01 3.247188728336766417e+01 1.351099591491042418e+01 3.345320769976375885e+01 4.256197911240649745e+01 3.671533073345582920e+01 3.202989064747652748e+01 3.220423597165360263e+01 4.375590634072177210e+01 2.421286032799535448e+01 4.380884083636109239e+01 6.274868761161418718e+01 7.102903467161151241e+01 6.649423205682911941e+01 4.699668459214041860e+01 6.649423205682910520e+01 6.006446928866763102e+01 4.031608503824627121e+01 5.424226781304619038e+01 7.412050705398161199e+01 8.175537483880088985e+01
5.674351268809080251e-02 1.980631854191104324e+01 3.399774300271217697e+01 3.381400181351541789e+01 2.117327011520668734e+01 5.830115631171385537e+00 3.095105360573698761e+01 1.794504572632672534e+01 2.568292016239033870e+01 6.668912582386631094e+00 2.654832036779643900e+01 2.802708838738567820e+01 2.724207911207666299e+01 2.373427737920815872e+01 3.015540047286627257e+01 1.619152058925617510e+01 1.183597633731742249e+01 1.252523235717641192e+01 3.247187813119398925e+01 1.585367831306714592e+01 3.578661635561300614e+01 4.639365452789525790e+01 5.302313502595823991e+01 5.086500891196544671e+01 4.578670078388444864e+01 2.619103596647946475e+01 4.578784836838504901e+01 4.284177856584377508e+01 6.274868761190481337e+01 7.551136495505154755e+01 6.120578727537573371e+01 7.551136495505268442e+01 6.322985678593985170e+01 4.346201820131978621e+01 6.322985678593985170e+01 7.295900076348769403e+01 8.122717415050043144e+01
9.518805923843161321e-02 1.955651613660268140e+01 1.511747114368882094e+01 2.192988284172602320e+01 2.791560960222019716e+00 3.406717958051958650e+00 2.343924472516201973e+01 2.486055693429715774e+01 5.785836616936244958e+00 2.571114694210311313e+01 1.003892145931112090e+01 2.915833577371267182e+01 4.577745714710442826e+01 4.415182488008834127e+01 4.163326426445486561e+01 2.141474590228038011e+01 3.178461423718896128e+01 1.722268162354371768e+01 3.633975441911702120e+01 3.578664240389438334e+01 1.821910460504251361e+01 3.814336231925444309e+01 4.883059363456565904e+01 6.032487238685441611e+01 5.404048580856348849e+01 4.578784837188657519e+01 2.899652599319140123e+01 4.284177878623609814e+01 6.274879264972043558e+01 8.220574977127905925e+01 8.152146319662551832e+01 7.730874934991072678e+01 5.739818905435044627e+01 6.322984333574558491e+01 4.843355955702610771e+01 5.305568934426371186e+01 6.451396867246980094e+01
9.062254805971975413e-02 7.010460431038822993e-01 1.311645107212822348e+00 1.923354839954469098e+00 1.699937490776206417e+01 2.164557898324939345e+01 4.282268635657274558e+00 4.904006294825537182e+00 2.486055910136569835e+01 3.231661693931789614e+01 1.245261241080540060e+01 2.266608774991268760e+01 4.111006094678442224e+01 5.444947471829075880e+01 3.428439563578783122e+01 4.167132382407822888e+01 2.487699303215507030e+01 3.633979143707823312e+01 4.462658903560574686e+01 4.639204102177314581e+01 2.714776649920431240e+01 2.066110631124792008e+01 3.217345685922104792e+01 5.205690825180531789e+01 6.489528915687338895e+01 4.496631416940183357e+01 3.103347817370744366e+01 5.080354086838114824e+01 5.396942067653705521e+01 6.547523143690820291e+01 8.546805004338550305e+01 8.557243866570630075e+01 7.730874882168421891e+01 7.401683471668880543e+01 5.410139561219532567e+01 7.295900076348769403e+01 6.149863619055756914e+01
3.063233560239582431e-02 2.002988857202237227e+01 2.132319664839356577e+01 6.244167570752703789e+00 2.561119104963066917e+01 1.433951762641660999e+01 2.423130509533704213e+01 1.199643362469902286e+01 3.100160578100779674e+01 1.605475150845680687e+01 3.232235620233129936e+01 3.959588747207931902e+01 4.962663032085752235e+01 6.299400829685477987e+01 4.858945847009090357e+01 5.124797380964899673e+01 3.105061747524727167e+01 5.124797380964899673e+01 6.110304839535342580e+01 4.121342169396699262e+01 4.233041748049294739e+01 2.242022010305948143e+01 4.231761379706871651e+01 5.315670621293937614e+01 6.430263434182238313e+01 5.060483857381996131e+01 5.080354086838114824e+01 3.407201698164015369e+01 4.554656904240344772e+01 6.333854754582106494e+01 6.997418710889650129e+01 7.826700927862152923e+01 8.827556585374453846e+01 8.033453156303461640e+01 6.035623236739861142e+01 8.033453156303461640e+01 7.562746721149693485e+01
5.666595628964066211e-02 2.005666565433534743e+01 3.381118158348979819e+01 3.277337156469592117e+01 3.764841281802928563e+01 2.156038408344266699e+01 3.808121892921223406e+01 3.303879601195990290e+01 3.930330625037481695e+01 2.102231217973719524e+01 2.029773928353892742e+01 4.013277067759926808e+01 5.274189930278271987e+01 6.419977854066065959e+01 6.892398522850527343e+01 5.951800399898166916e+01 4.020086889813517672e+01 5.951800399898318261e+01 6.937332111113288136e+01 6.110304986879549460e+01 5.048649718301545875e+01 4.228707829383702688e+01 2.495696762854173656e+01 3.499962736492098259e+01 5.578547647753809713e+01 6.995277796244536717e+01 6.224077065842747913e+01 4.812949631382619486e+01 3.739823160583727457e+01 4.344448551917493972e+01 5.006731968515515518e+01 5.996709295710984122e+01 7.998128126068310451e+01 8.860045884213350575e+01 7.188602134342002614e+01 7.666923827096124455e+01 9.560380532061591907e+01
2.110006612196471329e-02 5.948175819811203802e+00 2.588266217265143609e+01 4.387278320844909985e+01 4.747719066300010127e+01 3.415518677996780639e+01 3.960824463796559058e+01 4.824414970551137571e+01 2.849419831082142807e+01 4.077936973465953230e+01 4.013277067759926808e+01 2.469255942137955273e+01 3.613382085493929452e+01 5.595119077301869481e+01 6.901656535087604993e+01 6.845273999874235926e+01 5.435657166787002126e+01 6.845273999874234505e+01 6.971257051843342367e+01 6.141381177922997381e+01 5.512635496592925932e+01 4.667726613666522439e+01 2.679595338170912200e+01 4.668799142206494679e+01 6.394460991060840627e+01 7.507519447724607176e+01 7.635204511142345041e+01 5.995609582710223862e+01 4.003456285885670241e+01 5.995609582710223862e+01 6.997418710889650129e+01 7.826700927862152923e+01 8.827556585374453846e+01 1.001317149837740033e+02 9.187541114716060520e+01 9.664321647040726759e+01 1.048988092405089247e+02
9.367352646185668485e-02 2.009367352646150096e+01 1.530243417751096402e+01 2.955508971392082884e+01 4.984329935733808270e+01 5.277535271417797702e+01 5.842806160220008849e+01 5.395138823983031529e+01 3.418093401511968921e+01 5.395138823983031529e+01 5.274185200990864786e+01 4.450962691619168510e+01 2.951336783615034420e+01 4.092959588548374938e+01 6.076100957391700774e+01 7.559770486084987340e+01 7.425783087017697426e+01 7.552403074636612246e+01 5.556916771498806895e+01 4.156539143252147284e+01 3.528780321876768511e+01 2.952843887241605003e+01 4.668237521021872283e+01 3.740569028945473917e+01 4.722667415298302274e+01 6.685325217819554666e+01 7.674797603007783664e+01 5.679053845803135658e+01 4.276170559228260970e+01 5.679053845803136369e+01 7.674797603035683835e+01 9.207491393485099707e+01 8.947380386403703767e+01 9.775985711878377060e+01 1.093262956368960346e+02 1.130312785369255550e+02 1.017491870714484179e+02
3.648181865326004941e-02 2.003648181865290567e+01 3.549667930842898045e+01 2.972518766816132185e+01 4.451758202714876944e+01 6.549177368977009905e+01 7.385819009786405331e+01 5.395138823983031529e+01 4.161392309769180287e+01 6.144794319269116301e+01 6.552648966238396611e+01 4.566706498361386224e+01 3.463111744872239939e+01 3.759062295565027512e+01 4.745738260910859907e+01 6.149052462441398603e+01 8.145222360774083370e+01 7.552403074636612246e+01 5.556916771498806895e+01 6.141381177922997381e+01 5.145442209438841985e+01 3.159044326494108645e+01 5.145343556580699840e+01 5.703996316558922786e+01 6.522925569418934799e+01 7.507519448029978548e+01 7.697199725669838699e+01 5.700074874640005618e+01 4.560261503653158854e+01 6.544159155320693344e+01 7.368874493577277462e+01 7.197988988919887277e+01 6.936780721676922212e+01 8.099442312624765350e+01 1.010568539439980640e+02 1.044044389400796433e+02 8.420406093530101543e+01
