LEM/with_lateral_4open/elevation_000660.asc
nrows	100
cellsize	150.0
xllcorner	0
ncols	100
yllcorner	0
NODATA_value	-9999
[rows 34 to 50 of 100, columns 0 to 36 of 100]
2.064481644892168788e-02 1.416698464211867581e+01 3.420506821076015314e+01 3.704821681685287160e+01 3.930693125971583157e+01 1.972069085594072746e+01 3.052611868099719317e+01 2.248036204154025341e+01 3.425668014244419624e+01 2.047577720973315962e+01 4.146141625382486495e+01 4.467912251695657488e+01 5.279187614797685058e+01 4.330443584159692705e+01 4.330443584178381400e+01 2.706988999983429522e+01 4.163086116597074238e+01 6.175042061984834874e+01 7.284410530264389649e+01 6.755332589966684509e+01 5.923950281534774120e+01 4.604432450320198456e+01 6.612822325576900084e+01 8.314409345917081851e+01 6.895948849224554067e+01 6.636105135232318730e+01 8.639848165805616986e+01 8.946106815421555325e+01 9.779355361933654933e+01 1.093952317946185389e+02 1.131229482943672622e+02 9.297118398752984092e+01 8.396332710211301276e+01 6.396975876698896002e+01 8.396333066444881865e+01 7.247448157869023078e+01 5.277247712670290980e+01
2.905961989428186565e-02 1.417119524362535721e+01 3.417119524362605887e+01 4.990667843341757504e+01 3.945579012863163371e+01 3.367629771877435019e+01 3.810358172505267760e+01 3.593882053158154122e+01 3.182047017456463323e+01 4.146193571624457519e+01 2.871607451801979494e+01 4.351941590247457015e+01 6.383425722496031796e+01 6.346923706856807712e+01 5.062966056744863153e+01 3.026280161276158864e+01 5.062759250502857356e+01 6.260241994753159389e+01 7.092211832946533434e+01 8.092248022975454091e+01 7.280914701342518924e+01 5.276637574045658852e+01 5.765793915299727246e+01 7.769884651742665937e+01 8.900259894771028257e+01 8.052119501095680221e+01 8.639803808690732012e+01 1.064738550069574643e+02 1.025572388818826397e+02 1.108243993449085849e+02 1.072405564273570633e+02 8.706094495495139540e+01 7.282861322176536589e+01 7.805959305217974986e+01 9.229440279842926032e+01 7.660123496552310485e+01 5.681001710253669756e+01
3.542675937824442400e-02 1.003542978322510315e+01 2.158257495939767168e+01 4.160187543600508775e+01 5.927695904875953659e+01 5.340871908814152391e+01 5.685075197554178317e+01 5.619261155466493562e+01 4.116162195542629121e+01 5.620847571964659295e+01 3.589186131611285191e+01 4.946949498235284892e+01 6.971631709232403296e+01 7.066169318527873600e+01 5.062878509450689535e+01 4.058723057864211370e+01 3.533389214478306428e+01 4.259456988158547119e+01 5.263720364178692535e+01 7.257092313677391360e+01 8.038104088385161106e+01 6.034769274892909152e+01 7.769884651742665937e+01 7.401818968896635909e+01 9.407589132236567764e+01 1.005875067914378747e+02 9.924493148560020472e+01 9.096121911555465545e+01 8.247195257893811515e+01 9.924473744445026568e+01 1.094406691763964119e+02 8.926998295721529075e+01 8.706094419985130628e+01 9.821259252112356819e+01 9.078597942146593880e+01 7.072572205940001311e+01 6.181419323304470481e+01
3.411803931810562102e-02 2.003411803931775026e+01 3.054247578271961316e+01 3.657270267427442434e+01 4.364377048613977905e+01 4.364377048613978616e+01 6.364377048613907562e+01 6.791403461863177426e+01 5.974925484216360871e+01 6.495188581023981556e+01 5.066656729612969201e+01 5.066656729543623783e+01 7.093806607008399112e+01 7.694012769948098196e+01 5.700225553723595340e+01 5.953685390573781433e+01 3.947743376362060275e+01 5.954050890516907657e+01 7.092212513864875234e+01 8.092248368203478037e+01 8.870261255702280323e+01 7.190781646011947714e+01 8.870261255702280323e+01 9.407589132236567764e+01 9.630177218543178697e+01 9.212670762332848540e+01 8.382781855307003127e+01 7.078643978834877259e+01 7.078643947985665363e+01 9.096074408648911458e+01 1.082114841938272889e+02 1.094406698950628538e+02 1.072403737711490521e+02 1.109248189406442577e+02 9.078598041459557066e+01 8.754202526194202960e+01 6.747150611362292238e+01
3.327314952832965272e-02 5.197250944471528911e+00 1.054247578271997021e+01 1.657270267427513843e+01 2.364377048614048960e+01 3.778590610987094323e+01 5.778590610987023268e+01 5.921058365673651025e+01 6.153002251901818909e+01 7.015622380418588477e+01 7.093806795592337266e+01 7.093806626432565565e+01 7.923720388538032466e+01 8.516869141519890718e+01 6.735807636418797983e+01 4.742711185078170644e+01 5.954050890413322605e+01 4.957502649670026784e+01 6.106873948381603867e+01 8.103149165280440513e+01 1.002893079307034014e+02 9.195568069863649896e+01 9.433773593133021507e+01 8.604735168551724200e+01 7.617487204397265543e+01 7.617487204397265543e+01 6.362382312283678942e+01 5.908993604170193237e+01 6.814991760279933430e+01 7.984682476593827971e+01 9.995173289479197365e+01 1.015619113431008032e+02 9.322372004478107499e+01 1.015619113431007889e+02 1.077035402819943499e+02 8.754202526194077905e+01 7.499473877075477901e+01
6.779948344387334846e-02 2.006779948344351894e+01 3.054247578271961316e+01 3.657270267427442434e+01 4.364377048613977905e+01 5.192804173360138265e+01 5.315028772153051762e+01 3.843957267451114745e+01 4.070107849499569141e+01 5.779107519684589533e+01 6.602846793161008065e+01 7.749433253676552624e+01 8.630749999772302772e+01 8.736466879841802324e+01 6.735807636418502398e+01 5.408784790395943531e+01 7.399319059213961225e+01 6.106873948381603867e+01 7.781614106497541172e+01 8.937013905947151216e+01 1.033977622572568009e+02 9.756100993352771411e+01 8.604735168551724200e+01 6.586852186591352165e+01 7.177876428366613482e+01 5.596966938727623386e+01 5.196233846502261144e+01 7.216303635271894734e+01 8.762494255270648580e+01 9.663166047277621828e+01 9.750007196134369281e+01 8.915637579747138375e+01 7.303080708432568713e+01 9.147467102661281046e+01 1.006971663964000783e+02 1.034998945725659496e+02 8.663208391252608465e+01
9.516927588586144779e-03 2.000857640538591653e+01 3.036293306566589578e+01 2.862286875565243705e+01 3.121363185457429879e+01 3.386561893585228944e+01 3.659066164407547461e+01 2.553715202269430762e+01 4.423434527978704978e+01 3.805039165876657847e+01 4.940881479434655432e+01 6.924145584779637375e+01 6.633177460124956326e+01 8.044841970462982772e+01 8.231589517298996839e+01 6.812961424463935600e+01 6.812961424463955495e+01 8.103149165391954512e+01 8.937013999980308654e+01 9.388427584972647821e+01 8.334916925482454531e+01 7.746243209941994223e+01 8.604735168551724200e+01 6.586852186591352165e+01 5.159187115261652679e+01 4.591341156754977959e+01 6.607227071562442688e+01 8.049045375271376201e+01 8.617900320733451736e+01 9.446945842195596299e+01 8.915637579747138375e+01 6.894780211356420807e+01 6.289323333699341845e+01 7.215920728566469222e+01 8.642818683203914532e+01 9.546166350724963934e+01 1.068237187894205533e+02
1.945935296826603253e-02 2.071416035426410396e+00 2.207141729067386393e+01 8.612348306264683728e+00 1.119435089652382231e+01 1.384355554790801612e+01 1.656576915688322416e+01 1.961739617619123521e+01 2.666647058113835911e+01 4.639378624214855762e+01 5.402175654329268184e+01 6.066004213648014343e+01 5.222499624356072445e+01 6.633177460125054381e+01 8.630750001569460039e+01 8.814911613234147580e+01 8.225338010653342735e+01 9.650217463356997882e+01 9.388427584972647821e+01 7.376536248242844351e+01 7.745725187334642214e+01 6.315920754234436174e+01 8.262482118509525719e+01 8.010243680905546171e+01 6.226259183981696310e+01 4.213338419733305074e+01 6.226259183981696310e+01 7.191476535421713834e+01 6.600632457854034385e+01 8.617900320733451736e+01 8.595888779543825819e+01 7.486675630747258481e+01 5.464303595591636764e+01 5.784785037071902991e+01 6.689790665291917549e+01 8.121266492762215705e+01 1.013692173263892045e+02
5.600688922766024203e-02 2.005312520195561277e+01 5.020251250805521259e+00 2.069510335751365560e+01 3.049869333807659189e+01 3.386561893500073239e+01 3.659066164408390165e+01 3.955007517800179784e+01 2.454237952889946683e+01 2.813085608746577648e+01 3.413038164130070129e+01 4.074518535806249275e+01 6.066004213648014343e+01 7.439513277549487213e+01 7.439513277549488635e+01 9.436728889015391530e+01 1.023826820184109465e+02 9.547559098143013046e+01 8.386803157634122385e+01 7.556680500086200425e+01 5.726465560573321056e+01 5.412541732459877863e+01 7.431994083693756181e+01 7.478156425459008005e+01 5.907987664579408005e+01 3.897469945571787520e+01 5.907987728605258582e+01 5.173260484431094852e+01 7.191476535421713834e+01 8.333992691974161460e+01 7.167998905821529831e+01 5.740109031997565125e+01 4.884087005565854867e+01 6.902867118995069973e+01 8.642818683201986119e+01 9.546070885962934938e+01 9.362575208892371847e+01
8.215197286175310309e-02 2.008215197286139642e+01 2.501923443091404664e+01 1.045160605407871834e+01 1.442561723160422282e+01 1.906793284950477840e+01 2.380875840162425305e+01 4.369772273942168539e+01 4.445131669798786334e+01 4.802428135081488136e+01 3.476187026978599448e+01 3.988568143957593293e+01 4.690409046043535568e+01 5.442587797129444027e+01 6.854314228225284467e+01 8.852308759115797443e+01 9.432730372612914493e+01 8.721054834874658468e+01 6.704299327991833479e+01 5.537195778173958871e+01 4.825240970473687696e+01 4.700960437686875792e+01 6.718009848729300870e+01 6.055222760555610506e+01 4.632061706090942010e+01 3.593181196245857478e+01 4.169786128255091029e+01 6.182368509926405409e+01 8.023789150019212002e+01 7.498406486986178265e+01 5.477902878577361889e+01 4.317497984211420459e+01 6.331868184771632713e+01 7.738989116661481660e+01 8.511246045322984344e+01 9.185728739385409369e+01 7.343326978536207150e+01
2.613274238814250472e-02 2.002613274238778729e+01 3.733099884763890230e+01 3.341948100436711400e+01 2.836657418637094707e+01 2.836657418636129080e+01 4.369772273942164986e+01 3.123579286349252015e+01 5.126961688204065126e+01 6.291803032102787085e+01 5.465548689132968008e+01 5.395061877919143001e+01 5.395061877919143001e+01 7.390942099938135357e+01 8.266137882785800173e+01 8.840747455663337462e+01 7.416716159273784115e+01 8.268784023851164022e+01 8.386803157634122385e+01 7.556680500086200425e+01 6.080162724436964794e+01 4.063985859333151041e+01 6.080162724436964794e+01 5.221870329622853291e+01 3.216910003942543028e+01 5.221870329622836948e+01 6.182368508849614841e+01 7.015975075264348959e+01 7.415969286209482902e+01 6.335748563709463355e+01 5.500275657665690687e+01 3.969319974370043980e+01 5.981210542667002272e+01 6.651381264812765437e+01 6.489923719030709037e+01 7.559037224193119187e+01 6.328797755286959159e+01
7.532853315450405152e-02 9.029876377227928685e+00 2.319608012686124709e+01 4.319408964488210501e+01 4.830287358020959942e+01 4.830287347484684091e+01 4.830287347484684801e+01 5.126961688204065126e+01 3.973878699008338344e+01 5.396527187743894416e+01 7.402611127612317432e+01 7.390942099938135357e+01 7.390942099938135357e+01 8.217411215539654279e+01 9.432730372612797964e+01 7.416716159273784115e+01 5.987748429299148967e+01 6.249968893493441158e+01 7.676015480184304351e+01 7.118391271131730491e+01 5.101380513337579714e+01 3.673355953970124688e+01 5.179375245333383759e+01 4.967239748927699594e+01 2.965468928524267511e+01 4.967239753033636873e+01 5.986048562211733781e+01 5.918901557883678777e+01 5.982200674192333878e+01 4.564561520036154718e+01 3.486822439566992671e+01 3.856366891591544288e+01 4.234303677772060581e+01 4.634439657354668185e+01 5.061784451787510619e+01 5.535646546217247277e+01 7.558679361724080081e+01
6.101047412966256744e-02 2.006101047412930782e+01 3.733439278557987961e+01 4.525477222476652628e+01 4.740971151958526519e+01 5.563551778340847420e+01 6.834074220876792083e+01 6.812066190171472613e+01 5.396518156032656321e+01 5.246507878955809190e+01 6.667511167671636940e+01 8.667541161343147849e+01 8.868251939655442584e+01 8.045289184558657780e+01 8.868251939655442584e+01 8.007193051391743666e+01 5.987748429299148967e+01 4.824350221581679676e+01 6.050166639608334407e+01 6.885105840904067520e+01 6.525237797685917940e+01 5.179375245333383759e+01 3.158110426316901354e+01 4.689150077998363741e+01 2.721708886437709651e+01 4.718551837044577013e+01 3.916954311168863256e+01 3.996067674231050404e+01 4.817076708872043156e+01 3.105050144356108532e+01 5.154971595298125209e+01 5.867444938818339750e+01 5.656309469787105115e+01 6.651381207900730885e+01 7.082114574493641612e+01 7.559037224193119187e+01 8.394727001619098417e+01
6.842009524227352091e-02 2.006842009524191894e+01 2.726305497299976111e+01 2.525408576986045261e+01 2.743969776200036392e+01 4.347609775986943248e+01 5.184136186400107960e+01 6.202992019891595987e+01 7.402008333647820848e+01 7.253306390241533563e+01 8.078629469629888149e+01 8.030220480438195807e+01 7.207941825132432712e+01 6.064105999089640164e+01 7.876836634650042868e+01 8.840747453947861345e+01 7.215101702571237752e+01 5.197374986001063490e+01 4.038290633365563309e+01 5.413955584651306907e+01 5.012632233005169269e+01 5.845137412581402714e+01 4.689116882522683483e+01 2.681956218251217194e+01 2.483841004427593546e+01 4.339244689490289630e+01 2.498666482646752485e+01 2.603162141542152241e+01 2.669444699933258747e+01 4.817932055159698734e+01 5.989628866603858626e+01 7.337230065235029031e+01 7.676448620440655191e+01 7.018466185761796794e+01 7.707498486467252974e+01 6.877853472321477568e+01 7.707498486467252974e+01
1.934550753332892059e-02 3.611451548068834949e+00 7.262935264769957655e+00 1.111193705936749687e+01 1.714216394910441466e+01 2.346671925077239962e+01 3.346681007172796996e+01 4.761719126173125716e+01 6.777778806508412401e+01 7.707919274750980776e+01 6.885381799081393694e+01 6.762876966265721990e+01 5.220832695030144777e+01 5.066670076093253527e+01 6.474347129041258597e+01 8.455787550003971376e+01 8.049467895518992577e+01 6.885105840904067520e+01 5.413955584651306907e+01 3.407338826420636479e+01 3.011226185797782406e+01 4.477699390724826856e+01 4.767193726893714967e+01 2.560508992645195647e+01 2.250556028741655368e+01 2.352251850668015010e+01 4.339262707336867209e+01 4.598374096327710703e+01 2.764461711976732516e+01 4.771882239026498240e+01 4.488550472929677682e+01 5.913470014764837401e+01 6.427971960536140728e+01 5.001277166312634392e+01 5.731438468370257056e+01 4.862927246794154712e+01 6.703075236898212097e+01
4.364784840791047227e-02 2.004364784840755576e+01 2.726305497299976111e+01 2.525408576986045261e+01 2.111195057128750463e+01 4.108095451636214079e+01 3.979789151884803289e+01 5.980521689945683761e+01 6.970219275066044418e+01 6.146618497048420693e+01 4.891146989522439981e+01 4.765968445040366674e+01 4.052967741996347684e+01 5.220832694018891118e+01 6.627544426744559303e+01 8.609121048091554940e+01 7.582725281697193509e+01 6.745908906003924699e+01 6.248538608544833295e+01 5.413955584651306907e+01 4.477723964064753659e+01 2.488231782541500436e+01 3.972382617831410556e+01 2.125599740208614463e+01 2.996341042953060807e+01 4.339638041707267746e+01 5.171211595686343543e+01 5.593287287385555828e+01 4.736093620414995087e+01 2.942761547862316007e+01 3.073253628463697495e+01 5.078410996378904940e+01 5.396999449547742955e+01 3.583449644081400010e+01 3.721821659487451228e+01 3.861232696765477357e+01 5.871876702170216333e+01
5.219006137575642884e-02 2.005219006137540205e+01 3.834882233739460133e+01 4.525477222451551285e+01 3.525518751896945702e+01 3.525518751896945702e+01 5.527377290930746057e+01 6.808170303802239687e+01 6.146618497048308427e+01 4.129493600720011415e+01 3.706581813753403765e+01 3.307621362281102506e+01 5.350849409498071907e+01 6.883292719795298353e+01 6.755587263918231145e+01 7.532726565469793911e+01 6.745908906003924699e+01 4.700843007636738236e+01 5.299828941295128715e+01 5.972541284294135266e+01 4.678856921642807265e+01 3.848148406284532541e+01 2.002187002000029281e+01 3.386131791478448605e+01 4.933558827138835312e+01 4.406645909828324648e+01 6.418623946796122937e+01 5.617869190529275869e+01 3.609428470601188366e+01 4.948817749303100300e+01 5.078367245316039913e+01 3.258026276042378555e+01 3.389704798346576808e+01 5.396998025899770113e+01 5.731438316595841798e+01 5.864642455549623179e+01 4.062415061432531616e+01
