LEM/with_lateral_4open/elevation_000068.asc
nrows	100
cellsize	150.0
xllcorner	0
ncols	100
yllcorner	0
NODATA_value	-9999
[rows 0 to 16 of 100, columns 0 to 36 of 100]
8.271705653423140625e-02 2.127631151761726416e-02 9.425194436011796739e-02 4.939197167322698090e-02 3.975871534419905817e-02 6.171646774684565184e-02 1.696294146011132625e-02 1.936121709489252440e-02 4.216450047424835645e-02 2.297044857093000214e-02 6.704298068806634203e-02 4.162315340452049650e-02 3.835349583220235004e-02 2.777463300387698203e-02 2.207885817162396139e-02 7.161913568127860341e-02 9.025521335945362045e-02 3.502399586135773735e-02 8.040414306008919487e-02 3.131346976591601466e-02 7.604099264847130613e-02 2.387740603804927586e-02 5.687112022313325910e-02 4.074439634684711570e-02 8.709178300582484655e-02 7.612946965408906586e-02 1.077918208624280109e-02 9.929772718869623455e-03 4.600412614040166881e-02 2.152795518990661267e-02 2.378824418737431057e-02 9.511189423522797837e-02 9.406546861214974686e-02 1.749038473908382007e-03 2.223905489293687143e-03 6.269637160239108220e-02 9.476101746191394060e-02
7.813061968023242432e-02 2.002127631151726206e+01 1.423638756809119421e+01 2.004939197167287190e+01 5.203736510287398254e+00 2.006171646774648920e+01 1.415909856519118648e+01 1.416149684082571802e+01 8.986436410473483960e+00 2.002297044857057529e+01 2.006704298068770953e+01 2.004162315024603913e+01 2.519048187616376833e+00 2.002777463300352068e+01 2.002207885817126964e+01 1.421375475941235322e+01 1.009025521335936659e+01 2.003502399586100324e+01 5.244381812072457016e+00 2.003131346976556060e+01 1.421817661637954622e+01 1.994799562689127725e+01 2.005640796308562201e+01 2.004074437828248278e+01 1.007666400904149162e+00 1.999624792778707416e+01 2.000769929502919453e+01 1.415206539644994521e+01 8.990276036162430984e+00 2.002152795518955131e+01 2.002378824418702052e+01 2.420064669111211320e+00 2.009406546861179521e+01 2.000174903847355168e+01 8.119794262429865128e+00 2.006269637160203700e+01 2.009476101746155763e+01
2.526786264046545702e-02 2.002526786264010994e+01 3.423638756809189942e+01 3.054896134853548162e+01 1.054896134853583867e+01 3.054896134853619571e+01 3.415909856519188992e+01 3.416149684082500926e+01 2.053344179426620286e+01 3.727070765793438056e+01 3.146332009748922331e+01 1.146332009761545834e+01 2.251904818763303950e+01 6.404191637045450136e+00 2.640419163706613048e+01 3.421375475941305666e+01 2.163726059715167693e+01 3.057474092822611667e+01 1.058960412520899652e+01 3.057474092822611667e+01 3.421817661638024788e+01 3.110188655944081759e+01 1.871304328698354524e+01 2.316506382911528661e+00 2.076029908605351082e+01 1.731921506858249415e+01 3.714637299477042376e+01 3.415206539645065220e+01 2.053728146078371708e+01 3.727522219623853772e+01 2.476278103544749953e+01 4.760887613023513154e+00 2.476278103544749953e+01 3.596687496376167559e+01 1.922146326809391681e+01 3.598322025441770222e+01 2.727149437244634811e+01
4.163169627051844027e-03 1.414629879335812745e+01 3.414629879335883089e+01 3.883323259599673349e+01 3.054896134853619571e+01 1.997705176435664143e+01 3.997705176435734842e+01 4.881771304172910675e+01 4.053344179426690630e+01 4.215376977384386237e+01 2.215376977411224502e+01 3.146332009749049519e+01 2.920475180512555369e+01 9.204751805101492934e+00 2.334688743169144232e+01 4.334689074232067441e+01 3.577939622088212701e+01 3.661333979319923060e+01 1.661979633861979622e+01 3.644039238489408916e+01 3.875022507768451163e+01 1.785639080706188864e+01 3.639588786264266851e+00 2.206697422228955219e+01 1.300603867920859180e+01 3.291086988626512522e+01 4.519156375346504007e+01 4.882420840319002053e+01 4.053746900118716923e+01 3.919727234830926932e+01 2.715888420389538283e+01 7.151344832054619793e+00 1.857644679389541054e+01 3.789656046730032557e+01 3.252426985875003140e+01 4.538575706093369888e+01 3.109289675078303006e+01
5.883922493566802470e-02 2.005883922493531202e+01 3.375029494684018516e+01 4.203458170315223441e+01 4.826132301181954176e+01 3.411918738808809337e+01 3.411918738808809337e+01 5.411918738808879681e+01 5.629590539692667761e+01 3.629590539784269509e+01 4.215376977384386237e+01 4.796561686793032209e+01 3.212205169087032175e+01 1.212205163505940853e+01 2.626418725274563570e+01 4.626417877422077396e+01 5.577939622088141647e+01 4.368104446278370290e+01 2.369055686563570973e+01 4.368104446278370290e+01 4.443075253199603480e+01 2.378642499294833357e+01 2.364452275549100335e+01 4.972922120401165103e+00 2.495952912580063554e+01 2.564032601540710843e+01 3.970178370148568803e+01 5.933463675020248473e+01 4.506053422740372838e+01 2.504436454951791191e+01 1.089768939221424660e+01 1.428196971669821203e+01 3.372293954814679040e+01 4.560902320441385172e+01 5.157480945179563747e+01 3.737002284468177749e+01 1.720480155175604864e+01
1.256007409845548775e-02 6.679226740765150439e+00 1.375029455263068812e+01 2.529729993645773689e+01 4.529730086908566733e+01 5.411918738808879681e+01 5.411918738808879681e+01 6.240345863555099726e+01 6.458017647126173699e+01 5.629590539692667761e+01 5.649364747552440491e+01 3.968134118496715246e+01 1.968134109524408615e+01 1.697276413578615362e+01 2.028701744433681498e+01 3.442915306781719664e+01 5.442915262871244408e+01 5.195974494797387422e+01 3.523415500613070606e+01 5.195974494797387422e+01 5.021687348686498353e+01 3.958375941297342138e+01 2.002477753877957412e+01 5.917833304627012403e+00 2.590380525518001775e+01 3.951324109111603633e+01 4.545124497414007436e+01 6.500425511766361808e+01 4.781014611449351293e+01 2.779266942360685633e+01 1.364490417446094561e+01 3.365565260412385129e+01 2.602793281724103380e+01 3.772653065858006016e+01 5.781929370611976537e+01 4.568455522551711567e+01 3.737002284237118488e+01
9.594114293757748102e-02 2.009594114276474031e+01 3.375029458625539291e+01 4.203458170315223441e+01 5.358159805840913492e+01 5.297030715151978342e+01 5.297030715151978342e+01 7.297031102868875507e+01 7.389851200998410263e+01 5.389851076134952734e+01 3.975637513327780681e+01 2.820936974946865661e+01 2.427573156918849762e+01 3.697276420946739961e+01 2.923128935433613051e+01 3.442915306786434826e+01 5.442915269890588803e+01 6.349869513717010960e+01 5.521971004353063961e+01 5.600694637866012471e+01 3.642240751594226111e+01 2.236379184758808947e+01 2.658451657721784400e+01 6.866991306359993885e+00 1.203262147347730604e+01 3.124301905871883989e+01 4.834818413330886955e+01 5.994602774768807762e+01 5.066996476727777576e+01 3.065123419778803537e+01 1.650206044379647707e+01 3.651458463084517803e+01 4.621873155185941329e+01 5.452364303713194715e+01 6.611193640877004896e+01 6.088175943031005488e+01 4.081143574793203754e+01
7.711341127313005306e-02 1.162411879498029776e+01 3.162411357061132122e+01 4.860547247385096625e+01 4.032119628829169500e+01 3.297030679963008026e+01 5.297030715151978342e+01 6.571471554436558904e+01 7.726172811589499645e+01 6.085848081555025146e+01 4.085848039024478595e+01 4.820936990588994320e+01 2.962095640743707747e+01 4.962095656583001357e+01 3.923128935433577880e+01 5.442915269890588803e+01 6.271340660803757316e+01 6.728323046797027018e+01 5.916848049702847590e+01 5.850691948902868234e+01 3.898063966502471800e+01 2.822198604892217588e+01 8.235763773283785838e+00 2.685361038770536624e+01 3.118093257203431889e+01 2.026944134047775492e+01 3.154646301486040372e+01 5.174154795609184276e+01 5.362933002646268221e+01 3.363382481000892454e+01 1.948353313391774577e+01 3.949819413364547671e+01 4.813685364344558337e+01 5.642608319761414748e+01 6.798261192174864220e+01 6.917243005423920010e+01 5.989956698886246755e+01
2.297228869525369793e-03 2.000229510443407932e+01 3.990800651816733335e+01 3.276190677919029071e+01 2.032119615887020458e+01 2.848616196814760926e+01 3.743043387814719836e+01 4.897743926214561583e+01 6.897744019777069013e+01 6.914276335740738944e+01 5.500061602070616118e+01 5.539445932200658973e+01 3.539445909933353818e+01 5.539445932200658973e+01 5.337342497617756720e+01 6.751554057147620824e+01 7.306310430824167668e+01 5.341313887035174446e+01 3.936659736600670101e+01 4.664466986275628813e+01 3.905540029782397937e+01 1.920734881842579256e+01 9.210505636961290321e+00 2.919581630839273956e+01 3.925073346643185346e+01 3.977509511202034531e+01 3.418171334063095657e+01 5.432379535403622128e+01 5.587089798664926832e+01 3.582591986156986508e+01 2.948788301807635293e+01 2.433482125062174362e+01 2.811554791060422787e+01 3.967501311541434461e+01 5.969594276692949819e+01 7.155514441728439579e+01 6.886384837644061463e+01
9.647730019007895452e-02 2.009647730018956580e+01 2.590196324716984222e+01 1.276190669868552696e+01 3.276190677919028360e+01 3.846671044800327621e+01 4.401371248693865113e+01 5.004393950488314857e+01 5.711500754600895391e+01 6.539930078546048264e+01 7.500061744981064749e+01 6.206112610001000007e+01 4.206112576600043695e+01 6.206112610001000007e+01 7.337342364521181537e+01 6.982583057221242484e+01 6.172528494439836066e+01 5.472685482926767975e+01 4.664466996612939198e+01 2.674008441635173128e+01 3.669222931152464895e+01 3.134413626351288329e+01 1.137991109642493193e+01 1.076752905341900401e+01 2.503747423281042117e+01 4.608974546974387465e+01 5.432379535403622128e+01 6.251515982383362768e+01 6.423047199961594345e+01 4.947513023762522266e+01 4.947513023762522266e+01 3.328528566909317021e+01 4.813685364344558337e+01 3.429261643017895267e+01 4.324952433887420966e+01 5.481219426481074919e+01 7.482239195695942158e+01
3.582433992925927735e-02 2.953124169887156647e+00 5.901963292985112020e+00 9.824285995748827105e+00 1.399457427689035960e+01 1.846671023189001559e+01 2.401371219414240343e+01 3.004393908569778304e+01 3.711500689756350368e+01 4.866201228149332536e+01 6.866201381540683713e+01 7.034540794975870881e+01 5.206112576600374808e+01 7.034540794975870881e+01 7.559338465471479651e+01 5.598092996004294264e+01 4.193073544139559772e+01 3.486566402040931933e+01 2.854444250865866195e+01 2.251587900682664767e+01 1.674120787878740657e+01 1.450418358866022395e+01 3.114660929359803987e+01 1.187527258786393602e+01 2.607619256348040793e+01 4.672148307927103872e+01 5.458988332792267784e+01 5.520978303253347264e+01 6.342519965617713495e+01 6.936316982347445048e+01 6.159499215730671295e+01 4.484679501265635082e+01 6.009631804341647410e+01 4.007373332890604445e+01 5.064361179085715747e+01 7.065777111123458099e+01 8.310607138026190910e+01
1.813270376062421294e-02 2.001813269650623539e+01 2.590196334691842495e+01 2.396642163049375185e+01 2.813670990122136573e+01 3.260884585649600353e+01 3.479664186131952164e+01 5.004393950488314857e+01 5.711500754600895391e+01 6.539930078546048264e+01 7.694632178874790895e+01 8.034541393101601159e+01 7.206112643401624496e+01 8.034541393101601159e+01 8.129677119366438376e+01 6.172528494439836066e+01 6.172528489501789295e+01 5.248637963863407663e+01 4.042712961923251669e+01 2.048901454749007200e+01 3.669237848362872256e+01 3.446174800791691695e+01 2.453469692718546113e+01 1.298820670046259274e+01 3.279891204283074302e+01 4.133599170122870703e+01 3.456720542761998161e+01 3.522021271420571509e+01 5.191056225386386558e+01 6.342520016196721144e+01 7.314953900942300891e+01 6.486428533098421667e+01 6.717341752063606464e+01 4.715635739474095800e+01 6.009630992607517186e+01 7.894098204178871470e+01 8.218678198385106271e+01
2.372884694381488524e-02 2.002372884694222321e+01 3.991255243044742684e+01 4.396643517588098860e+01 4.813671049766378474e+01 5.260884659198936930e+01 5.479664302014367649e+01 6.308094600069959768e+01 6.427187551628779261e+01 6.012974263677840270e+01 6.841386831243050892e+01 7.735807109128911918e+01 8.890492565798930968e+01 8.214588673097411231e+01 7.407049221000529826e+01 7.063142166674992950e+01 5.667287866107446348e+01 4.431521155133913936e+01 2.437419618202340033e+01 3.893231338698370791e+01 4.847350623107002576e+01 4.444756643251510297e+01 4.121086076524461816e+01 3.296836062748545260e+01 1.457972320411337996e+01 1.739059108973576784e+01 2.026201539123881545e+01 2.345319599449517867e+01 3.522021271420571509e+01 5.520978303367652273e+01 5.776961610291858307e+01 7.759387140418225215e+01 7.545819104724434112e+01 5.716965190274424913e+01 7.545819104724434112e+01 8.838665900958979194e+01 7.965860066595388389e+01
8.175220331382776484e-02 1.162875758707660445e+01 3.162875508353049980e+01 4.376113262213514332e+01 4.650834403685014706e+01 4.677035666542423797e+01 5.505463967652400470e+01 5.696891046742353382e+01 4.427188216124499576e+01 4.012974654572391131e+01 4.907401845568883658e+01 6.062102383544780082e+01 8.062100711414672105e+01 7.407049225499956435e+01 5.440479278801480234e+01 6.016474226886622745e+01 4.271433431103245226e+01 2.858891292251869487e+01 4.431521207519730154e+01 3.869039659495614103e+01 5.872137470563724548e+01 6.419450367413712399e+01 5.447468122670224489e+01 3.455772085073451194e+01 3.455771337302572022e+01 1.630426019166777252e+01 3.618413625075777418e+01 4.366879922852303508e+01 2.877753792878658956e+01 3.782922948679122754e+01 5.195826665947359402e+01 7.179945474497284863e+01 8.546052523764227260e+01 7.717718313852800804e+01 8.546052523764227260e+01 8.942972722094982885e+01 6.870203768034113523e+01
9.124702163186203252e-02 2.009124701783899170e+01 3.790323642256969094e+01 2.376113247687328567e+01 2.650834375598210002e+01 2.677035637293476711e+01 3.823846461302323974e+01 3.696891473208258816e+01 3.012974654572818878e+01 4.012974654572390421e+01 5.167675192857302591e+01 6.581888740469418053e+01 8.581885633937086766e+01 7.407049892091596632e+01 5.440479279191110606e+01 4.030925994946460378e+01 3.323682972640196454e+01 4.851626723584372058e+01 4.488593498406218174e+01 5.896280576662250184e+01 6.710148698367564180e+01 6.674473609972270083e+01 4.687322308312195673e+01 4.123471212624246363e+01 2.132462426860673332e+01 1.752376900990067554e+01 3.740301929899410993e+01 5.707738284207250246e+01 4.885200407002105294e+01 3.490681198744533020e+01 5.487162031163030917e+01 6.768748467897832199e+01 7.429207994181557240e+01 8.248578869186364670e+01 9.236925031061728930e+01 8.942972722094982885e+01 6.870203768034113523e+01
2.239863785106879432e-02 2.002239821812896636e+01 2.587265280028352876e+01 9.618996853020409077e+00 1.236620813199421320e+01 1.522335098913709572e+01 1.823846443491478553e+01 2.282677911232610057e+01 4.282677787152315574e+01 5.518155823041752228e+01 6.225262435022732177e+01 7.053673421107365016e+01 8.053664332835670336e+01 7.764280325766370083e+01 5.863230255422505621e+01 4.475433767295284326e+01 3.750051169713075438e+01 5.162522936815602037e+01 6.466939335304066105e+01 7.277418812014734328e+01 7.285493881271644057e+01 6.139119454104385909e+01 4.687322495439958203e+01 2.693807298439395836e+01 3.869478796919124619e+01 1.880834867935123711e+01 3.286241974257345078e+01 5.277537251442176114e+01 6.308498660850174389e+01 4.905515093499664658e+01 4.179434745804887541e+01 4.782522023101882525e+01 5.447829415330375724e+01 6.441459938174708100e+01 8.416956050188420591e+01 9.785714768711955003e+01 8.942972722094982885e+01
1.766589122093755945e-02 2.001766589122058093e+01 5.872653606693601702e+00 2.587264265226210824e+01 3.236620813188497436e+01 3.522335111276284891e+01 3.823846461302324684e+01 2.426869132646995197e+01 2.885700600388110715e+01 3.518156132421764681e+01 4.225262913608287363e+01 5.225262913603673809e+01 7.225261956441789835e+01 7.876993823512819404e+01 6.055608583703246950e+01 6.197208419396411472e+01 4.209131944621955057e+01 6.203356285847012686e+01 7.953842090739155424e+01 8.034649981136408314e+01 6.465250318562841869e+01 4.477461480536508276e+01 3.324487748528938624e+01 4.687322495439894965e+01 3.999854244132620096e+01 2.009774474006814771e+01 3.999854244135212156e+01 5.496592374953316806e+01 6.317472671087221414e+01 6.891381931098703717e+01 5.589494579911058736e+01 5.806374910258649180e+01 7.429207994181557240e+01 8.248578869186364670e+01 9.236925031061721825e+01 8.497261004552615304e+01 7.662718419825857552e+01
