LEM/with_lateral_4open/elevation_000514.asc
nrows	100
cellsize	150.0
xllcorner	0
ncols	100
yllcorner	0
NODATA_value	-9999
[rows 17 to 33 of 100, columns 37 to 73 of 100]
3.297725990515966998e+01 4.613975712696483811e+01 4.229191934606243564e+01 3.500716938929525668e+01 1.500689850309436935e+01 3.396386601904008984e+01 2.465315894293586751e+01 4.465564452307660304e+01 4.637197419270597720e+01 3.809065790655215267e+01 2.129039360351434240e+01 4.129376004507219022e+01 5.288504193154223998e+01 6.421489830285149480e+01 6.841185304075463591e+01 7.656338035361592631e+01 7.480112938913435983e+01 7.480112938614688289e+01 8.962452801788931822e+01 8.524625097649308714e+01 7.163486886637075202e+01 8.524625097649308714e+01 9.025572445503532037e+01 7.871726957521428858e+01 6.977204628554103749e+01 5.676653090965942994e+01 3.665259481906412020e+01 5.274374375510242885e+01 4.997242513108795947e+01 4.755587264272008241e+01 3.378783671182844017e+01 2.467661350376617690e+01 4.493573313270805158e+01 6.325659890443282052e+01 6.457322286276144041e+01 5.041310986671812344e+01 3.738050222002103595e+01
4.715057268362115650e+01 6.129378895838019048e+01 4.991393409449634788e+01 2.990899526358969851e+01 1.576637455293072598e+01 3.576764011334996951e+01 4.465563959572985908e+01 3.879751494039293647e+01 5.879842323847214658e+01 4.957196030079938964e+01 4.129034737131951971e+01 2.460126767577895279e+01 3.615196451830103541e+01 5.613751351049337757e+01 4.843071491651353710e+01 6.063962090526329973e+01 5.480570956844233876e+01 6.135720514565709038e+01 8.135058108718764913e+01 9.223886308001115708e+01 9.064271004650115060e+01 9.664839202419564401e+01 8.199151307790147314e+01 6.199500957954812463e+01 5.042973884926252026e+01 4.143440021003284102e+01 4.674833483867944750e+01 6.505013286008222906e+01 6.813577177608026147e+01 4.808042249585107442e+01 4.707025241988736042e+01 2.682022695809549973e+01 4.118191116034319066e+01 6.128599446755394808e+01 7.873332521023446873e+01 6.252015727715900084e+01 4.244746410598826003e+01
6.716074349422903822e+01 5.942893060175467213e+01 3.936914690348478985e+01 3.652849967712209178e+01 1.652753440704347909e+01 3.067164778504750799e+01 5.067462044585931835e+01 5.879842115456051488e+01 6.708246659132846901e+01 5.874706258369953815e+01 3.874740758040984190e+01 4.460478243625025385e+01 2.816643555037996549e+01 4.816879587136588725e+01 3.688368958227756167e+01 4.066394611884305021e+01 4.502849711028007818e+01 5.397242997102640061e+01 6.397176162219994211e+01 7.811173270883470821e+01 9.809774506938813943e+01 8.838916166804918362e+01 6.839954292723813012e+01 5.684567856010756515e+01 4.682113123995470261e+01 6.149481619907790275e+01 6.092686676364983356e+01 7.505971925206496564e+01 7.640818837909058914e+01 6.813577177608026147e+01 4.925156230913970035e+01 2.902300605925206511e+01 4.925156230913970035e+01 6.292699176839183650e+01 7.118177124554205193e+01 6.807699563436491985e+01 4.804153002273180562e+01
5.933380019469299071e+01 5.104228465481892130e+01 3.936938588555191387e+01 1.981022108366656553e+01 1.729061605193852103e+01 3.730492904813472421e+01 4.670546173249173449e+01 6.083134891227786056e+01 6.337788054976888930e+01 6.703085750649015040e+01 5.874752547923272772e+01 4.816878722289583692e+01 4.816812843943387179e+01 3.188215336362962304e+01 5.188298774080251974e+01 6.066223244569909667e+01 6.502605799245098694e+01 5.355621313323977972e+01 6.355555430620891855e+01 7.510131201322842287e+01 9.508983864627380456e+01 9.103487779939290192e+01 7.104847600442276701e+01 5.949621021372006879e+01 5.155371538489887939e+01 7.156322096773075714e+01 8.092685262791292189e+01 8.469380510392015537e+01 7.314984373211143520e+01 6.419342941319729334e+01 5.166521681161220414e+01 3.147155994343408381e+01 3.702175632995283650e+01 4.287330576103680357e+01 6.292726777857500764e+01 7.515176847008615368e+01 5.514128908011459629e+01
4.104646212842819608e+01 3.089498025246120960e+01 2.331993117838681684e+01 3.936938588554218654e+01 3.730492904731000436e+01 1.842160910445636191e+01 3.257939220017588156e+01 4.717597912788820480e+01 4.412122601985893766e+01 6.337788054976947194e+01 7.643820416399800877e+01 6.453044532097332819e+01 4.453307034899738426e+01 5.188298774380403700e+01 3.855052259528701342e+01 5.269273108919673376e+01 7.268803605891422137e+01 6.769707643968179411e+01 6.769707643968179411e+01 8.768876298037500305e+01 1.033592008841196872e+02 9.929192217709370993e+01 8.776193386102040961e+01 7.656341710544573687e+01 5.656263471530253639e+01 7.070933342168011393e+01 9.069641204441275306e+01 7.642435475112881704e+01 5.641699013258988771e+01 4.482716883224002657e+01 3.578164260989524337e+01 3.573480197763439747e+01 5.585957968985911748e+01 6.292699176839183650e+01 5.361913361923888743e+01 7.361609122918190451e+01 6.929718526945683266e+01
4.780498146225399125e+01 2.755476309052195916e+01 4.333245642611144177e+01 5.163841160711393741e+01 3.843742003629310489e+01 3.843742003533434115e+01 1.956309074334052056e+01 2.843500544093983606e+01 4.765488796599032639e+01 6.166705313442395919e+01 6.982410839274588454e+01 7.280835836520049043e+01 5.867459332344382972e+01 6.371257088321951301e+01 4.371500016406628930e+01 5.785646334145476999e+01 7.785046513369108823e+01 8.768876298037500305e+01 8.768876298037500305e+01 9.596077714321563690e+01 1.068691015665910129e+02 1.033273146632456445e+02 8.335614165724479108e+01 6.921658023255471903e+01 6.412652829447766578e+01 8.412039021159576180e+01 8.626714953846226308e+01 6.627467934671966532e+01 5.211473867018344919e+01 4.050495612293632774e+01 5.590828584823265146e+01 4.017008745609594911e+01 6.024230611689470294e+01 7.519417064166637488e+01 6.363507458438197517e+01 8.185327277084994080e+01 8.928598263508733623e+01
3.254883321532342677e+01 3.777527077964375479e+01 5.609539777409995764e+01 6.672147885271481016e+01 5.224166201868029447e+01 3.226843687196068799e+01 3.957615253090863661e+01 2.071980947554956032e+01 4.072617049341676676e+01 4.174643957303230479e+01 5.586348491805603089e+01 7.567810623253687652e+01 7.866785500964839173e+01 7.199051070171555011e+01 5.371475558170894260e+01 5.526164096963848493e+01 6.940209886919551252e+01 8.939114807146761166e+01 9.882525688279230280e+01 9.055082919174384415e+01 8.688338116552588986e+01 1.068691015665910129e+02 9.746620449486960069e+01 8.920556280245277492e+01 7.412771896968584429e+01 9.238505545347311454e+01 8.974656591936687278e+01 6.975843597090788251e+01 5.560734909695789696e+01 4.402367077158514519e+01 6.406265762137458353e+01 6.024230611689470294e+01 4.689047357059293830e+01 5.846433397516493358e+01 7.846645618734848426e+01 7.994733443521111838e+01 9.983673735327538168e+01
4.025915374797197188e+01 5.198108710577935909e+01 6.611477002784154422e+01 7.223600978015832652e+01 5.224166201870663429e+01 5.223771320359126946e+01 4.154084188977901704e+01 2.153944999862585874e+01 2.910114667224830143e+01 4.906815088601673835e+01 5.818128143769037308e+01 6.527871420380967038e+01 7.367488537778507407e+01 8.198585682854712786e+01 6.785543038647131198e+01 6.940209886919551252e+01 8.353172361154653913e+01 8.814111369779072902e+01 7.986403663882705928e+01 7.055767104347289376e+01 9.055082919174384415e+01 9.578515088230888352e+01 1.157640739008352995e+02 1.023703526398893473e+02 8.826548861692099024e+01 9.609106227727089333e+01 7.610900714850355087e+01 6.456040646055211596e+01 5.560734909695801065e+01 4.831291460691017647e+01 6.833039981143578245e+01 7.246782798071662057e+01 5.245846067799767098e+01 7.246782798071662057e+01 8.673605063757334221e+01 9.983673735327538168e+01 9.214882303633193317e+01
5.025421915127749628e+01 6.852405512904176987e+01 8.024845294990372224e+01 7.372267751600298880e+01 5.366524941699079676e+01 3.883379793781559641e+01 2.722298990902989146e+01 2.236428539336746368e+01 2.755995475215410906e+01 3.285917498021486693e+01 3.850499602944846345e+01 4.520414283328055660e+01 5.671065839238112005e+01 7.698289604423713683e+01 8.784550005929797578e+01 8.939114807146761166e+01 8.775773853569107530e+01 7.986403663882705928e+01 5.987080293386898688e+01 7.986403663882705928e+01 7.579401268888750565e+01 9.578515088230886931e+01 1.117855548114122115e+02 1.139700191108394591e+02 1.082303599761889075e+02 1.043472685184077733e+02 9.281904658847260237e+01 7.589053353163403415e+01 5.588829986665741956e+01 5.727416998075963761e+01 7.660457138836223123e+01 7.953856764827654047e+01 5.953941911301804879e+01 7.246788831127150843e+01 9.245370807994729034e+01 9.189481233052593723e+01 8.364120870901123794e+01
7.023208257935594645e+01 7.851616021788987609e+01 7.028855180573566486e+01 6.199477751220494071e+01 5.398183755526220295e+01 4.359652973155142064e+01 2.424323665236508418e+01 2.337980293716384494e+01 4.633504185731396063e+01 5.221535814435076617e+01 5.818128143769037308e+01 6.527871420380967038e+01 7.367488537778507407e+01 8.537846271972405532e+01 8.327142733080246728e+01 8.682558722344808189e+01 6.777014731449972373e+01 6.777048438511604900e+01 5.410055900422459274e+01 6.165588341170773390e+01 7.579401269087931325e+01 9.578515489247885739e+01 9.180222313371146470e+01 9.398853450330013004e+01 1.139700191108394591e+02 9.742328837755616178e+01 7.744169475803818159e+01 6.589415738395236133e+01 6.589415738395234712e+01 6.882632090405064673e+01 8.554440449292387427e+01 8.780737438560547048e+01 6.954309697321755834e+01 8.780737438560547048e+01 9.516169822121716493e+01 7.520759662187845151e+01 6.366861780448176944e+01
7.336349712102372678e+01 7.090406558249225100e+01 6.199380335068837411e+01 4.199321870614041075e+01 4.569973438935933530e+01 2.604024320137631321e+01 4.359650817228416742e+01 2.443720542992663880e+01 4.491862007378894361e+01 5.766046146291380836e+01 6.320463849335022388e+01 7.188978518109774996e+01 8.617189241404612687e+01 7.741358825776356412e+01 6.327477098931921518e+01 7.269544442463846678e+01 5.858307320945685603e+01 4.777920062740377460e+01 6.777048435266320325e+01 7.487463648029535079e+01 8.064629089700875397e+01 8.696908308339735072e+01 7.766330095301141512e+01 9.765520547141004215e+01 1.153334823863882264e+02 1.056787356857749103e+02 9.415100677084033975e+01 7.744169475804025637e+01 7.744169475803025193e+01 8.881629396736713034e+01 9.707817606468597660e+01 9.779643939410181019e+01 8.953403832333563628e+01 9.779643939410181019e+01 1.034064893015844575e+02 9.189481233052593723e+01 7.609228409872169152e+01
5.338298084861715154e+01 5.092026727026117072e+01 5.831423437814275701e+01 4.782684694365278233e+01 2.797434848107372574e+01 4.569971716678916351e+01 4.592171893588160003e+01 2.555664440252099467e+01 4.594719037966709863e+01 3.844783647543002303e+01 4.611101230309420629e+01 6.344419108012000663e+01 6.618229561055842680e+01 6.618229561055881049e+01 4.913722688475185407e+01 6.127647285162338875e+01 4.444588591926679300e+01 6.443860119229950101e+01 5.190299299273928568e+01 5.488257463630013433e+01 6.065269046779789619e+01 6.697466223558187437e+01 8.696908308339735072e+01 9.535302049753363463e+01 9.535302038768018917e+01 1.106916149707512318e+02 1.056788150994235167e+02 9.742328904765435027e+01 9.742328709952511190e+01 1.056786354035533009e+02 1.030034475860826859e+02 9.455996279482232580e+01 9.445654317724144278e+01 8.600495756339853415e+01 9.445654317725053772e+01 1.042899657322821554e+02 8.888428422267826079e+01
3.923576841727128084e+01 3.677296076354874543e+01 5.006406545959477228e+01 3.009199491924067615e+01 4.785090665754496086e+01 5.613653158553109535e+01 5.326132522584018147e+01 3.706765788940602846e+01 2.718171154488576846e+01 2.831170941973700650e+01 3.893203784525820055e+01 5.677580311855462725e+01 6.446439455580473066e+01 4.618787292492688579e+01 3.913548110356127552e+01 4.128183463820501231e+01 6.127747872383247341e+01 6.077007643626181022e+01 7.189439589576915068e+01 7.487463650821891292e+01 6.004343718778203254e+01 6.404141344585814011e+01 6.958666009971639710e+01 7.535934496939100313e+01 8.243011693268198314e+01 9.656870197336363049e+01 1.165489839227673770e+02 1.087847894310465051e+02 1.003485129157521953e+02 9.951205312340235309e+01 9.120919500637000965e+01 7.411354686828265415e+01 8.424633021018428281e+01 6.557769987191015559e+01 8.424633021022812329e+01 9.369879564818937467e+01 9.713467288235874264e+01
5.338298084861715154e+01 5.336845836522680742e+01 3.337143277955919984e+01 3.220737876352005458e+01 5.221335500157511689e+01 6.449754739071194365e+01 6.276092663874471356e+01 4.583477649406895438e+01 4.740084585701887221e+01 4.842932677797029584e+01 2.985215617742132821e+01 4.989598970687232793e+01 5.335644177136205712e+01 3.618348611453417618e+01 5.618510194080016618e+01 5.282761187967975047e+01 6.952289409301269529e+01 8.076166456841191632e+01 8.903786324757940918e+01 8.003693559574929850e+01 7.418139958075484230e+01 8.403581612912788046e+01 7.298355436145317299e+01 9.297728372545714137e+01 1.024207911417091594e+02 9.875470549997663738e+01 1.187330016007627904e+02 1.003485129157521953e+02 7.989928347937740227e+01 7.907680977852339765e+01 7.907680977852339765e+01 6.233963252509899178e+01 7.579132871765432355e+01 5.540966067213454238e+01 6.484000106258277185e+01 8.525008295951090531e+01 9.070671071327295465e+01
7.336349712102597209e+01 6.165252865414982608e+01 5.336849373410997543e+01 3.558195213072850294e+01 3.620159416585718049e+01 5.621337210709209842e+01 6.866949102331777510e+01 6.450193123151427699e+01 5.932501909633426607e+01 3.932302723244998077e+01 4.989598970687232793e+01 3.137044111211396213e+01 3.335105521326411804e+01 5.335644167092821988e+01 6.446064042616686152e+01 7.279508185727122793e+01 8.101241873696847051e+01 8.439477614373500103e+01 9.267504151115625177e+01 1.000255474466225536e+02 9.417345005811260705e+01 1.012511626981014246e+02 8.712333315342318940e+01 8.563089351804886462e+01 9.976748464894399149e+01 1.187330016007627904e+02 1.121436956711783637e+02 9.171383985421981322e+01 7.724402252636465960e+01 6.545298111306624378e+01 5.867834668518764119e+01 5.325463962697839548e+01 6.718338880568950344e+01 4.822493822178650191e+01 6.858532087421421863e+01 8.106530867759374814e+01 8.067841649694247508e+01
7.418600724862379536e+01 6.056785634790679040e+01 4.050884333428237483e+01 5.561081465985006389e+01 5.621337210709209842e+01 4.037399260333319972e+01 6.038620733606889956e+01 7.197173097337683600e+01 5.197552375170362637e+01 5.346827527792269308e+01 5.966799293519513725e+01 5.138578173294743578e+01 3.315130615929707858e+01 5.315604250469706926e+01 5.496272527431813870e+01 7.493980911150568147e+01 7.025374759695793614e+01 6.439634178697772882e+01 8.439477614373500103e+01 8.976040426082165880e+01 8.716469330336475707e+01 9.544622688028809421e+01 1.071099705899234635e+02 1.056186524089849712e+02 1.138882259214769022e+02 1.280089671940097560e+02 1.106001928875571707e+02 9.880817694415007679e+01 9.035910821983097208e+01 8.588872411125198880e+01 7.907680977852339765e+01 6.718338880568950344e+01 4.682497820403904853e+01 4.256087950556173638e+01 5.223008738704127296e+01 6.664769803232040601e+01 7.228693303299931472e+01
5.475386772718454154e+01 4.576995414543068819e+01 6.056785634790679040e+01 6.887464540975103944e+01 6.343794079897624982e+01 4.342638622338589016e+01 6.343794079897624982e+01 8.025207426507945740e+01 6.611506915508398663e+01 7.346444945408825333e+01 6.384668599082969820e+01 4.384912101407751095e+01 5.315753788900735799e+01 3.496131041521476845e+01 5.496341479872040026e+01 5.956550181339476779e+01 5.025831197092537650e+01 7.025374759695793614e+01 8.081506686429777631e+01 6.975802228970610486e+01 6.716278183107395705e+01 8.130551809045049083e+01 1.013099935667026017e+02 1.064946021466744384e+02 1.064946021466744384e+02 1.147402638919382269e+02 1.021661267259501642e+02 8.171577078744584810e+01 6.991240882419577929e+01 7.855420081972170010e+01 7.420604910118740349e+01 7.021155322205264326e+01 6.649514648180307574e+01 5.820069719703056421e+01 3.777741162344956649e+01 5.493035418350059018e+01 5.686833631834868896e+01
