LEM/with_lateral_4open/elevation_000653.asc
nrows	100
cellsize	150.0
xllcorner	0
ncols	100
yllcorner	0
NODATA_value	-9999
[rows 34 to 50 of 100, columns 37 to 73 of 100]
6.802202554310446203e+01 8.194329610481020154e+01 8.448243559090391841e+01 7.235449921018101804e+01 5.290418969338933408e+01 4.150684457584600295e+01 5.734936733664998343e+01 6.544373598638000544e+01 5.221402447181057482e+01 5.478509913501544304e+01 7.040042707303679492e+01 7.478248309447680242e+01 5.461364746746436083e+01 5.817579890987480695e+01 4.034875207773597339e+01 6.051739761107947402e+01 5.460426383055762045e+01 7.437965735282763546e+01 7.504167933837868532e+01 6.640605389289154914e+01 8.469290113402976772e+01 7.447625880070916082e+01 8.633514977935361401e+01 1.066223830672029891e+02 1.074304711668893191e+02 8.736330717749608255e+01 9.324084343080686210e+01 8.573288284812842619e+01 6.570871852074753861e+01 7.629340125913863346e+01 7.229238999829919976e+01 6.943449307151072958e+01 5.181800264056869310e+01 6.746784522148450947e+01 5.424756872114124917e+01 6.569254162162239652e+01 7.967530191740129908e+01
6.588774449026593061e+01 8.568968097100753312e+01 7.635762986466771451e+01 5.695176287809012194e+01 4.562337752886802633e+01 6.112485777568069523e+01 6.921428393341292917e+01 7.695648348955822371e+01 5.795883244211635343e+01 6.924709781572660461e+01 7.907244210108729021e+01 8.301860358773271287e+01 7.369435927031518929e+01 6.254056811741732247e+01 4.241646140941234222e+01 4.168525790294769706e+01 4.458151609644221480e+01 6.595409544203134544e+01 5.468285324129945479e+01 5.930772687467085547e+01 6.421358871392592960e+01 7.339018771414384901e+01 8.525718723004372634e+01 1.055572146943293745e+02 1.048268470590079460e+02 8.475930011828630484e+01 7.319555782536518507e+01 6.716908472710350964e+01 6.162874934183881948e+01 5.628834495494200496e+01 5.228711151077718711e+01 4.942537922870647549e+01 4.664528923926860671e+01 4.758136854565015028e+01 6.746405460563462952e+01 7.963443264215430872e+01 9.115629611665625021e+01
6.805167286335151289e+01 8.786560635778040762e+01 8.179192807944191657e+01 6.243496487448062737e+01 4.865698033016688839e+01 6.243756599166778898e+01 8.184558691111200801e+01 8.358837087996676019e+01 6.422132683012775090e+01 8.299062541686066652e+01 8.714253779284555890e+01 7.697746313326453560e+01 6.553608295251241600e+01 4.538451822141413317e+01 6.246885843899953983e+01 5.748153967136731524e+01 6.595409642365576985e+01 4.897320546160543131e+01 6.950070884711965391e+01 7.972593829590547898e+01 8.469290113402976772e+01 9.307756059894030898e+01 1.021824841929172436e+02 1.138592118463156595e+02 1.131211677234681190e+02 1.015424837592865259e+02 9.324084343080686210e+01 8.719696241546490967e+01 7.846723489756331560e+01 5.845845057505096776e+01 7.229238999829919976e+01 6.943449307151072958e+01 6.322708240503444443e+01 4.320563020018943234e+01 5.138519901236735166e+01 6.293360844676174537e+01 8.291290019124721766e+01
8.206813079114809284e+01 9.610927728135538928e+01 7.995310259528432084e+01 6.057255030730150480e+01 5.186852263713748101e+01 6.307971741073724559e+01 8.247181802587611799e+01 9.180172266484429144e+01 7.374071588803892041e+01 9.180172266484429144e+01 7.879641616378613378e+01 5.846099847565446339e+01 4.843121160270843006e+01 6.554898590451270479e+01 7.389360326107203036e+01 7.828483475347910314e+01 7.791560132111861492e+01 6.087968410759136617e+01 5.408542443682502210e+01 7.443659198979935354e+01 8.811018902477957226e+01 1.060539088247858928e+02 1.078144792621115329e+02 1.161098771180784155e+02 1.214349986301611324e+02 1.114075274204355992e+02 1.031110048547156737e+02 9.642175282729874652e+01 8.305948768952768546e+01 6.304232184615838719e+01 8.305948768952768546e+01 7.456348513426191005e+01 6.119402309451233890e+01 4.116897684412959535e+01 6.117958767925663466e+01 7.956064604574653742e+01 7.745964847556241750e+01
8.908062787643787317e+01 9.567139288162334765e+01 7.631153448337016698e+01 7.477692286971227986e+01 5.551842089358619603e+01 7.487040195513172591e+01 9.063230882204481986e+01 1.016796152712079504e+02 9.343602587189448627e+01 1.016796152712079504e+02 8.714253775912204958e+01 7.700163200035724742e+01 6.862868258345719141e+01 5.162354261347808659e+01 7.187036793015984415e+01 8.586368299090349865e+01 8.966864567532395824e+01 8.127724764796150225e+01 6.845666782143001683e+01 5.929025602890014568e+01 7.970858076790820235e+01 8.574789787639794270e+01 8.753999139940066243e+01 1.078144792621115329e+02 1.131489826414488107e+02 9.307302706798255088e+01 8.304324877246486380e+01 7.636868199442727700e+01 7.059548523318704838e+01 7.718726048681763530e+01 8.042523269117162954e+01 6.040474264589628461e+01 4.625157524536704301e+01 3.916380594121356040e+01 5.650317436238792368e+01 6.479733059593498012e+01 6.621077683953167536e+01
9.733294291796302389e+01 1.036920584937175249e+02 8.858844519403459117e+01 6.917033293060454469e+01 6.023310793714971823e+01 6.772798679952990142e+01 7.886734754241084033e+01 9.848981631647119173e+01 1.109318356364938438e+02 1.008867026025812947e+02 9.262559936846589892e+01 8.541111400152115607e+01 7.474070593733218004e+01 5.444005276635258639e+01 5.716301956967571130e+01 7.751351056580227805e+01 9.199327322228536730e+01 9.724015862304224811e+01 8.811018902477955805e+01 7.106895837546713324e+01 6.526757712514256582e+01 7.302565841462460128e+01 8.753999139940066243e+01 1.078144792621115187e+02 1.214349986301635624e+02 1.114075274204494406e+02 1.031110048547156737e+02 9.642175282729874652e+01 9.063292990558026929e+01 9.723629824364621754e+01 8.042523268849130602e+01 6.040474264589623488e+01 5.919151846926370553e+01 5.650317436205033061e+01 3.647419063825878283e+01 5.387323995576685576e+01 4.618824127088250009e+01
1.072913200646298009e+02 1.081192250635236292e+02 8.857859450416295033e+01 8.431739930513749925e+01 6.504207651060742990e+01 8.440315809463632490e+01 9.534974709382173330e+01 1.067209207316310255e+02 1.027327885953714741e+02 8.251858869405376140e+01 7.221990126373142971e+01 6.496100792111504063e+01 5.856009598820353546e+01 7.474071014749962671e+01 7.751351056580227805e+01 6.324511785006237119e+01 8.367266907745388949e+01 1.010523089943899464e+02 9.986689909062070569e+01 9.151052443508783085e+01 7.978175408131718882e+01 7.402353187994307859e+01 8.588748608596712586e+01 1.061786748316028763e+02 1.111345586196553370e+02 1.021492735982186275e+02 9.382235908262900637e+01 8.747799921421284353e+01 9.347831351741471906e+01 8.981634811330567914e+01 8.872222690142481838e+01 8.042523268836302464e+01 7.921416219076256482e+01 6.479733055351998416e+01 5.387323995574244151e+01 3.384736836733079457e+01 3.203282524718056123e+01
1.043227160732055410e+02 1.065396193821410691e+02 1.005996925907387691e+02 8.080824959117371975e+01 7.865024187647640019e+01 7.462188277325516594e+01 8.581579781781076122e+01 1.056168668561054602e+02 1.109289257298047033e+02 1.008864913718970087e+02 8.397805852176506392e+01 6.352659671662568286e+01 7.894483581057976096e+01 7.894456141149944983e+01 9.047911749471555254e+01 7.005975479452938259e+01 7.240490899077065023e+01 8.689103701983444239e+01 1.070261504977992359e+02 1.084742539692209107e+02 9.074930609288134065e+01 8.588748608596712586e+01 1.028063503164179906e+02 1.144786400409143283e+02 1.028038768944282140e+02 8.272059252612012870e+01 7.375973160266752870e+01 6.743558459272531991e+01 7.342109417335845478e+01 6.976984543078640399e+01 7.220948863788842687e+01 6.891930960097941750e+01 6.571354639483783444e+01 7.401964664717938547e+01 6.216730276278146050e+01 5.387319787506287838e+01 5.205270616239095460e+01
8.412872960006231438e+01 8.633597313472985491e+01 1.065396193821410691e+02 1.006297475799339765e+02 9.829192645171374920e+01 8.581579772149375174e+01 1.024389555104641687e+02 1.139107783671471452e+02 1.139335379161283726e+02 1.019574517515721510e+02 8.172801490968714688e+01 6.718455247078912862e+01 8.765274973820751825e+01 9.920539323117985475e+01 9.815523587699415486e+01 7.784720678837928176e+01 9.278845036161301607e+01 8.537824942063970468e+01 1.055396895803346382e+02 1.192765790067206666e+02 1.109900485979964486e+02 1.061786748316028763e+02 1.144786400409143283e+02 1.229083379946880967e+02 1.028038768944282282e+02 1.021492735982186275e+02 9.382235908262900637e+01 7.929571770822946064e+01 5.927986968661220146e+01 5.563047769419729605e+01 5.219615691125054724e+01 4.889936841580494331e+01 4.568883135534454709e+01 6.134378650112536491e+01 5.874237717817277371e+01 5.618769783194631628e+01 5.078169174633268312e+01
6.992620360106845112e+01 8.412872960006231438e+01 1.043227160732055410e+02 1.090118581778205709e+02 1.112076525202626556e+02 1.056163973503715283e+02 1.139072379676080544e+02 1.198092126711255219e+02 9.993348047897438846e+01 8.561553966343487332e+01 7.641059071460183816e+01 7.218072447900708255e+01 9.260335965710876849e+01 1.084346420605573371e+02 1.063922155172920299e+02 8.967009437890853008e+01 1.063949042038307198e+02 9.970757923124944000e+01 1.137328895603992862e+02 1.215158024316857848e+02 1.132152773138915052e+02 1.124082236865772870e+02 1.041273679979838391e+02 1.124082236865772870e+02 1.179828869324541216e+02 9.788505974636541396e+01 8.715670504791923179e+01 6.711517759903560432e+01 7.929571770822946064e+01 7.564133012800849087e+01 7.220948863788842687e+01 6.677661001310232791e+01 4.686331626835391972e+01 4.132246690151538360e+01 3.872413053957558304e+01 3.616425000978308191e+01 3.387005476341272470e+01
8.146540511437045495e+01 9.842478693144042268e+01 9.898444124931255317e+01 8.895702432080447863e+01 9.115036907187392501e+01 1.112076525202626556e+02 1.075426060483570581e+02 1.158522211357584695e+02 1.139335379161283726e+02 1.049791474718990116e+02 8.825814071914790304e+01 9.260349786599510935e+01 8.000156485848734178e+01 9.441416592610734426e+01 1.143459582715176026e+02 1.097486541132722664e+02 1.179342485808361403e+02 1.196196494823526848e+02 1.166525513615471965e+02 1.100025801012139510e+02 9.331428242681279528e+01 1.024554235622632206e+02 8.425745384779040137e+01 1.024554235622632206e+02 1.120932106101172252e+02 9.199985096235660365e+01 7.781383959425004093e+01 7.867281645336994700e+01 9.547455171426994980e+01 8.983515161931548221e+01 6.982893602710163350e+01 5.576060336865295852e+01 6.414055688201521832e+01 5.177628938443143625e+01 4.453634219826918184e+01 5.618769979953257376e+01 4.282688878645133457e+01
8.809686136062782680e+01 9.312284852656890166e+01 7.894793790405864797e+01 7.480203856327813128e+01 9.483094916195493340e+01 1.042525869693556473e+02 8.743903622511741958e+01 1.042525869693556473e+02 1.151503395040163014e+02 1.165165461696891782e+02 1.083464613333333517e+02 1.084388411417914426e+02 8.917944403492029437e+01 9.440781640878618930e+01 1.141308501856152589e+02 1.218896310481237606e+02 1.100670462218090222e+02 1.016966493536016714e+02 9.665499679187016113e+01 1.017254325586730062e+02 8.184684730891248705e+01 9.024852601362709947e+01 7.431364092639655894e+01 9.419241092288720552e+01 1.053568231920938416e+02 1.062122460419740833e+02 9.788505136176142685e+01 9.874392792900754046e+01 1.070441744622600453e+02 8.983333685617837716e+01 6.982892931531380043e+01 6.723775383302776731e+01 7.966861949804574294e+01 7.002606106616292436e+01 5.073860249885606777e+01 7.055918928283516323e+01 5.438183441536565255e+01
8.526843321224799865e+01 7.696669354815571751e+01 6.480335137199527651e+01 8.481649386261653945e+01 1.031428322138236666e+02 9.593580459923722970e+01 7.582847730695087307e+01 9.593580459923722970e+01 9.506101999862555374e+01 1.020522597790103845e+02 1.103672392458908149e+02 1.173458365113738466e+02 1.008422085410702493e+02 1.142544671497206110e+02 1.222764424454550181e+02 1.134039292457459425e+02 9.322619048080709092e+01 8.174315189050716413e+01 8.259358080450286366e+01 9.930338882948719004e+01 9.024852601362704263e+01 7.035170156167669120e+01 6.725725108363818094e+01 8.716420438980405550e+01 8.545789228106752944e+01 1.053568231920938416e+02 1.119813014191215643e+02 1.037350605122529146e+02 1.037350605122529146e+02 9.814447462532383781e+01 8.983431615971035455e+01 8.135837462131607367e+01 8.461282599897076295e+01 6.473798235434733783e+01 6.216995373938748770e+01 7.882726374559824478e+01 7.439829786126465194e+01
7.696669354815571751e+01 5.696132591904023457e+01 7.696669354815571751e+01 8.012892060656319870e+01 8.844640676446448424e+01 8.882679085928073448e+01 6.873958260028774703e+01 8.882679085928073448e+01 8.083547159789594616e+01 8.194415484405541861e+01 9.616896839004509445e+01 1.162557816416431109e+02 1.206405716029881745e+02 1.287316555918282290e+02 1.137076430695811950e+02 1.054160685501325219e+02 1.100670461664152384e+02 9.101215656528135867e+01 7.109918952931077740e+01 9.101214201259929837e+01 8.989462318383259287e+01 8.086907301759363520e+01 6.093703980802712294e+01 6.920308599593855092e+01 8.910941413912387077e+01 1.061820663624206276e+02 1.037350605122529146e+02 8.388833578979506456e+01 8.388833578979506456e+01 9.793481860445827181e+01 9.995302516164717588e+01 1.014146443407984037e+02 9.291654513684910910e+01 8.461282599897076295e+01 8.201909815351612565e+01 9.031910774735484893e+01 9.033288490427167972e+01
7.225138313552579916e+01 5.224577995103724248e+01 6.594671791356067558e+01 6.007256502408885979e+01 8.012831036416996255e+01 7.457914675055118892e+01 6.270619807037021332e+01 8.076795067292147223e+01 6.924436390327997515e+01 8.344625393583598338e+01 1.035700663990764809e+02 1.106218456095440530e+02 1.189272928121887105e+02 1.210913061822935219e+02 1.054160685501325219e+02 8.552866261112291113e+01 9.135354895043346346e+01 8.568578974081809463e+01 6.576009624384171559e+01 7.863592657250660523e+01 6.998322536518024606e+01 7.309999563747119566e+01 5.657499267508978846e+01 7.651954678248867481e+01 7.801082446186789809e+01 9.790853249687951632e+01 1.029406053015853360e+02 8.309005370404727842e+01 6.986754735882124123e+01 8.970130687666028280e+01 8.010921505850996027e+01 9.415259187459412260e+01 1.006116625091564742e+02 9.229579409904877707e+01 9.229579409904877707e+01 8.706565893062830241e+01 7.027589114946401594e+01
6.222121739628250481e+01 6.260242852884033482e+01 4.591464291081850746e+01 6.593864662000216015e+01 7.082524091218614615e+01 5.454215700620042639e+01 5.759175123246905770e+01 6.071289396070522315e+01 8.075699939617946654e+01 9.120262447193229605e+01 9.640621420957123178e+01 9.051879828770813674e+01 1.106208586854679794e+02 1.127833246093851045e+02 9.287696408049139052e+01 8.141671590145573134e+01 7.146145984231107207e+01 6.687634876395158301e+01 6.240558862502522430e+01 5.869409718812453747e+01 5.586704470363331154e+01 5.314271587792855200e+01 5.279280785473308413e+01 6.173486195433834212e+01 8.166212191799434095e+01 8.799949788784603300e+01 9.624474689774844194e+01 8.309005370404727842e+01 6.326459323862325590e+01 7.531386833641970213e+01 6.609286664327215988e+01 8.423198087994452976e+01 9.229579409904877707e+01 7.223534950033887014e+01 7.223534950033887014e+01 7.875297416079872903e+01 5.870279444877321851e+01
4.219720279738977808e+01 4.372327637055566640e+01 6.375065607576472360e+01 4.830881289648261401e+01 5.079322950227910383e+01 7.082586047231923487e+01 7.763586025702717563e+01 8.076795067294384012e+01 6.625719626911123328e+01 7.111122535457047888e+01 7.628875699072524696e+01 9.051791506695909106e+01 1.105906430520237080e+02 1.153763569749084326e+02 9.545578012535659695e+01 8.141671590145574555e+01 9.135354895044922330e+01 7.307621493986174244e+01 8.233716512793911591e+01 7.022230360186134135e+01 7.581513876336052249e+01 6.932768489687981628e+01 4.934898965028374107e+01 6.638163625006129109e+01 7.392309075285348285e+01 6.809245200805449372e+01 8.799949788784603300e+01 8.933735697650922702e+01 6.950514914990949933e+01 5.549040138715996306e+01 5.618347901798031074e+01 7.600709955820644836e+01 8.526189793448403975e+01 7.811091768968397275e+01 5.805375218398486226e+01 6.808233493683439974e+01 5.160062287493560262e+01
