LEM/with_lateral_4open/elevation_000217.asc
nrows	100
cellsize	150.0
xllcorner	0
ncols	100
yllcorner	0
NODATA_value	-9999
[rows 0 to 16 of 100, columns 37 to 73 of 100]
8.884754177262699226e-02 6.929726548558100274e-02 7.395023591448830758e-02 4.828361932999872264e-02 4.897713358561925356e-02 8.568734790590110117e-02 1.075183056328203948e-02 6.823539046102447547e-02 7.194897206013613211e-02 1.557559815681563986e-02 7.704183385687686514e-02 1.685416958384493638e-02 9.680445094065920353e-02 7.639902522890137937e-02 4.559330980047965332e-02 5.839666421669215124e-02 9.739037529851846120e-02 3.670263267501718690e-02 2.041064012308905357e-02 6.895211126444661387e-02 9.031524355919069713e-02 1.560024811392830661e-02 7.641644294168103979e-02 3.888124420523987601e-02 6.873285589001959517e-02 4.772367030474261584e-02 9.504926490987847254e-02 5.760415539182907330e-02 9.666222459857021221e-02 9.627991409191682948e-02 1.286757495974483190e-02 9.381044340810595905e-02 7.584058927755046864e-02 1.435327048224320848e-02 5.777975670406795827e-02 2.716720951219454838e-02 4.735230246529398453e-03
9.033119451771705499e+00 2.006929726548522552e+01 1.421608585964556326e+01 2.004828361932964498e+01 6.715643800252314222e+00 2.008568734790547694e+01 1.415288745426726891e+01 2.006823525783778095e+01 6.810430303473344882e-01 4.040620074020922381e+00 3.620618123145828093e+00 2.001685416958348895e+01 1.163132712500155996e+01 2.007639902522854669e+01 7.604882769985056967e+00 2.005839666421633538e+01 2.009739037529816486e+01 5.381927470923527856e+00 2.002041064012273353e+01 3.720435827965561604e+00 2.009031524355883391e+01 1.415773587184500393e+01 1.422699270033416497e+01 1.993729176930465030e+01 1.923027294607442883e+01 1.769051840056418134e+00 2.009504926490952315e+01 2.005760415539147345e+01 1.009666223165428711e+01 2.009627991409156067e+01 6.679950456542720794e+00 2.009378170932025753e+01 1.838125189991585628e+01 1.492795812391410015e+00 2.005777967939079787e+01 2.002716720950807527e+01 2.000473523024617251e+01
2.631297806611556922e+01 2.317525507550240604e+01 3.421608585964627025e+01 3.378671163090574225e+01 1.378671161211785190e+01 3.378671161496898634e+01 3.415288721206344746e+01 2.209361326698245165e+01 1.290311828905224445e+00 1.888232867122111003e+01 1.644531959059842308e+01 3.557248519092956229e+01 2.567698089345353551e+01 3.588915401744795730e+01 1.654915467998437251e+01 3.354689328020156580e+01 1.354689328020085881e+01 2.538192747092388402e+01 2.743434259150697230e+01 7.434342591506615250e+00 2.743434259150697230e+01 3.415773587184570914e+01 3.434349656088476621e+01 3.372486102204493363e+01 2.342580462830573396e+01 3.496809664100441140e+00 2.354141029549514030e+01 3.838083164212824272e+01 2.423880239729918173e+01 3.381559492161092351e+01 1.375475692943488504e+01 3.374983876891505474e+01 2.921402031764852580e+01 2.149296944166582790e+01 3.600980919371006284e+00 2.360088511142738810e+01 3.402204979764902504e+01
2.626526030952987156e+01 4.317525507550169550e+01 4.317525507550170261e+01 4.207098746996602046e+01 2.533371699591057080e+01 4.207098358688974571e+01 4.095518033200194452e+01 2.562135345305766165e+01 1.445288842031105681e+01 2.157073018657864161e+00 2.631722007447313771e+01 4.486179452873855666e+01 4.535116271940143662e+01 4.483342592744727284e+01 2.809616006377709141e+01 3.987144860053843587e+01 1.987144860053772888e+01 3.987144860053843587e+01 3.135666529427080818e+01 1.135666529427033034e+01 2.549880091800153181e+01 4.549880091800325488e+01 4.087050642081252505e+01 2.021879207692229485e+01 6.006974048622423901e+00 2.340244082707063811e+01 1.984734182771289568e+01 3.989032625034779045e+01 4.423912132251778928e+01 4.211008400281769326e+01 2.533460503492039351e+01 4.211008400281769326e+01 4.359972889284966868e+01 2.360088064780691752e+01 2.360086705774063986e+01 5.739070858308832790e+00 2.573866964746324015e+01
3.617011982394450342e+01 5.422678131614351571e+01 6.317525507550099206e+01 5.361799602332595782e+01 4.533371704583731798e+01 4.964272553994193515e+01 3.310343922346820733e+01 1.446772750647455474e+01 3.035466798390004328e+00 2.243256726646575316e+01 2.933885740241789009e+01 3.797119138767872926e+01 4.710297399518674411e+01 5.638043131123999530e+01 4.809616006377779485e+01 4.815571984804233807e+01 2.881572051053704442e+01 4.815571984804233807e+01 3.562067962138328880e+01 1.562067962138257649e+01 3.562067962137447097e+01 5.284922275951367254e+01 4.191141561977966035e+01 2.196901498291974519e+01 7.810899360672737934e+00 1.281703204959856457e+01 3.287917897454834559e+01 4.813103776062357753e+01 5.877560997245117846e+01 5.368288172262531788e+01 4.540081831830827497e+01 4.930143808395299487e+01 4.100849057758907890e+01 3.707815963474276799e+01 2.726344850191253144e+01 7.264056569385328288e+00 1.482340860358629619e+01
3.997531586571042084e+01 5.655631140150450875e+01 6.796481692869441815e+01 6.325552451273469501e+01 5.328786877229035923e+01 4.138913982322756624e+01 2.162041084305358751e+01 1.020739182242047249e+01 2.300001750914889342e+01 3.937766673627490999e+00 9.171517854019244353e+00 1.895653444551489741e+01 3.879504707016071308e+01 5.018437698289626070e+01 5.844377979304809401e+01 5.709999175810394689e+01 4.036272589432996938e+01 5.562067962135806454e+01 3.562067962138177535e+01 2.317996908156698765e+01 2.456495153138157761e+01 4.456495153137972665e+01 4.150358228211943867e+01 2.134766552605672274e+01 9.773416670996761368e+00 2.985312455872294990e+01 2.038891876831084815e+01 3.041487041295449956e+01 4.464170838806207797e+01 6.471973615420820636e+01 5.513105847933823611e+01 3.516567810208975686e+01 2.113588667584614456e+01 2.519476774945426101e+01 9.486278888658896236e+00 2.726345062662372953e+01 3.480232154096448483e+01
2.856299315003353456e+01 4.012209977042437714e+01 5.989732265199599937e+01 5.497451636758950144e+01 3.506273664743265783e+01 2.520243436148093608e+01 1.865104854953187541e+01 2.998657943530372805e+01 3.204578419428820268e+01 2.385769451839108513e+01 4.854412565534146573e+00 2.474670741537113017e+01 3.597152301433004595e+01 3.018448686145254456e+01 5.018437698289626070e+01 6.864699714200810376e+01 6.036272589433067282e+01 5.582907972222471926e+01 3.582907972224005988e+01 4.317996908156131042e+01 3.212424099156585555e+01 5.212424099155790458e+01 4.981283316653669857e+01 3.187720837272296848e+01 1.178596814243362267e+01 3.187819963051745731e+01 4.046869631379380650e+01 3.041487049347638205e+01 4.464172606734103965e+01 6.471884100970899567e+01 5.513105847933823611e+01 3.516567810208975686e+01 3.174827773147718091e+01 1.174361047552216775e+01 2.948518954768926292e+01 3.776664037010036168e+01 4.981123085322932553e+01
4.821643899463363425e+01 4.113416308741609129e+01 6.026689273911772915e+01 6.325552452235341860e+01 4.501862650789977494e+01 4.501862650750943828e+01 3.841322913696259178e+01 3.889188592356690322e+01 2.716710673236088525e+01 7.951021991929820842e+00 5.505586876154755060e+00 1.080738349220989925e+01 1.598568897534409494e+01 3.017750520150763194e+01 5.013177050419191971e+01 5.229982321315246452e+01 6.030215319757676440e+01 6.411335094377315613e+01 4.997121534597051351e+01 5.212424099155816037e+01 4.626637661529630918e+01 6.040851222627038197e+01 4.805655902836322468e+01 2.802301069844891401e+01 1.383107003703383064e+01 3.393572093674253409e+01 4.610108755584567319e+01 5.052254760620724738e+01 4.464173510778401521e+01 6.472008489767385697e+01 6.343853256938203344e+01 5.513105847933823611e+01 4.003112223242888490e+01 3.174826270157831942e+01 1.410064258532869985e+01 2.166269082446450867e+01 3.166163212232424584e+01
6.197291427907843797e+01 5.493570368453288921e+01 6.816517332319308764e+01 7.325158701210121137e+01 6.047034984726528961e+01 5.220643873563710002e+01 4.255885750668254275e+01 3.065800929082972814e+01 1.119361745632484251e+01 2.716711252374995311e+01 2.536333865877227467e+01 6.450682545227865106e+00 2.547168605136241126e+01 3.382246853939808773e+01 3.846636976042697142e+01 3.273636572585112958e+01 5.229982321315246452e+01 6.186618107586998860e+01 6.997121534591816783e+01 7.212424099136349298e+01 6.626637661526999068e+01 6.242653077054529831e+01 5.070059474742902950e+01 3.733352552740522867e+01 1.722137831369748540e+01 1.758923198755778117e+01 3.772459503195958064e+01 5.004689533532737755e+01 6.472008489767385697e+01 7.292075812146177327e+01 7.068337673961846690e+01 6.241079528742994142e+01 5.010406426503828925e+01 2.997212630493791252e+01 1.581564736169368146e+01 3.582081127973098233e+01 4.976118018076552119e+01
7.205499111798785350e+01 7.449788642890911206e+01 7.634812088415728226e+01 6.830480281475558968e+01 5.220643873542481828e+01 3.233910706505739086e+01 3.431662105694551457e+01 1.460289350925752849e+01 3.065800929083035342e+01 3.662446388135028030e+01 2.723019123019691889e+01 7.116594454869769493e+00 1.057433700625436579e+01 1.404333483401808280e+01 1.844273497806064555e+01 2.618695061350673825e+01 3.439288718724409932e+01 4.577052841459813948e+01 6.497067881018574553e+01 7.736298697481332454e+01 6.897042188770747373e+01 5.403318476613505084e+01 3.383075389858894511e+01 2.223745754073003411e+01 3.733596501840057869e+01 3.772459503227647559e+01 2.149186012067342233e+01 4.166208822685619140e+01 6.120219432445398411e+01 7.291578894722486837e+01 6.242442832972781019e+01 4.245513418465314714e+01 4.807550361752409174e+01 3.747902333002866015e+01 1.755647464493437582e+01 2.754954406540573686e+01 3.898334282059276745e+01
7.023178429805331291e+01 6.233202027013578572e+01 5.777344830826729805e+01 4.856599068911948081e+01 5.052366974266868027e+01 3.815811378680717070e+01 1.837027579094408836e+01 3.431662105758766046e+01 4.255884434492452328e+01 2.890666714705472273e+01 8.061187017784366304e+00 2.477530073451227466e+01 2.810937178603169784e+01 2.794369223455657547e+01 3.846636976042697142e+01 3.126342163285730891e+01 5.086090916252847194e+01 6.186618107586998860e+01 7.297053882758264365e+01 6.897042188770747373e+01 4.868908962115299488e+01 4.807202898107802724e+01 2.790985805324387314e+01 4.236930586647250152e+01 5.075235374808301714e+01 4.453335081684084429e+01 2.433594955071781385e+01 3.256033714166277093e+01 4.422345902082227553e+01 6.451701123502164137e+01 6.114146149952447473e+01 4.830576414574330357e+01 2.817366567322673276e+01 2.014963221888374179e+01 3.756317854655993926e+01 2.910662571126011500e+01 4.903962968373699027e+01
5.038455404217483391e+01 4.286167025329051228e+01 3.789254789619572961e+01 5.113196946936372456e+01 3.239058029145277828e+01 2.253718543117463824e+01 3.815811378680717070e+01 4.640472799627061562e+01 4.322158980440627118e+01 2.272964506542681562e+01 8.725920887385548497e+00 2.557031672160990965e+01 3.550193711282818754e+01 4.482391995395995110e+01 5.530853976101032288e+01 5.086090916252847194e+01 5.086090916252847194e+01 7.012308595156137869e+01 7.911658462069989639e+01 5.882425915471500133e+01 4.449096494340101060e+01 3.441832026908315356e+01 3.951713512376640836e+01 5.646297767189515326e+01 6.201384627559276197e+01 4.173478811656178777e+01 2.744292852839481966e+01 4.767438673526557125e+01 6.117257414625493794e+01 6.699494339203326376e+01 4.701123408253500457e+01 3.286947001085668774e+01 2.285984614953939342e+01 4.015693125768493132e+01 4.843705160080504157e+01 4.063872084446751387e+01 5.730582061838452290e+01
5.434711710040430432e+01 6.273023637369643524e+01 4.533066525774007260e+01 3.129636976989308650e+01 2.710892731509299836e+01 4.231976835543792959e+01 5.057858732917507893e+01 4.790198964665729164e+01 3.964547913938137214e+01 2.899488754302532456e+01 9.389386701927445955e+00 2.911792079600600403e+01 1.660420045557502888e+01 3.699148795243340260e+01 4.996068902223449726e+01 5.601283016276799032e+01 6.291216911441563298e+01 7.096933358092964284e+01 8.087094782384826885e+01 7.316320652476717612e+01 6.103653848799887527e+01 4.077524309900252319e+01 5.975823131684515488e+01 6.815387968241303440e+01 6.480069680114915798e+01 5.099101848711916318e+01 3.071412668390793854e+01 4.498893481746820555e+01 6.475493028719652955e+01 7.049995794262744653e+01 5.051769491212093044e+01 3.637958082928728487e+01 2.482235529858546386e+01 4.482868006086297896e+01 5.770725097054940989e+01 6.054519968520560980e+01 6.880459528946738601e+01
6.581547669117610155e+01 7.351959591481110579e+01 5.642886195515829684e+01 3.641548341126579658e+01 3.697833632490171851e+01 5.505948775567603093e+01 5.621648728650040994e+01 3.964972686640488320e+01 2.049440676105761128e+01 1.563410858176049167e+01 2.585119179880668838e+01 1.033733867004417561e+01 3.145811736762941635e+01 2.367670085883739617e+01 2.896047322514027300e+01 3.504759835773024435e+01 4.221415225947273342e+01 5.286495352073298193e+01 7.295938470809834087e+01 7.387554140979683837e+01 5.357529535057757641e+01 5.509152594844780282e+01 6.943442653180190405e+01 7.078214052204685913e+01 5.042255846373049621e+01 3.602832440002458014e+01 5.099101848711916318e+01 4.504052817127774233e+01 6.532343468281787580e+01 7.048837815409898155e+01 5.895150908858314409e+01 4.721961884108404917e+01 2.721558992559007351e+01 2.971229926946079303e+01 4.927649797584114566e+01 6.345098478645969919e+01 7.792161934710944138e+01
8.561038714043472453e+01 7.069666438089718952e+01 5.051933236461046306e+01 4.791060109109506726e+01 5.098217393560430821e+01 6.470423761828293152e+01 4.782961676225279035e+01 2.862107087534993255e+01 3.953145703951836509e+01 2.670312285663256091e+01 3.053008950431561530e+01 1.101496752355206254e+01 3.074246396001679926e+01 4.169657541084129093e+01 4.954418269394864893e+01 5.601283016276799032e+01 6.291216911441563298e+01 7.096933358092964284e+01 8.087094782376217950e+01 8.226473317178289335e+01 6.793723771273471357e+01 7.538906838946203948e+01 7.795624651875931477e+01 5.754938067578555660e+01 4.302990691815909940e+01 4.321442277078753591e+01 6.358937566564101473e+01 6.535155023839246269e+01 7.373638727757604272e+01 6.221182389246108357e+01 4.222893571461624873e+01 3.067698159394332080e+01 4.721961884108467444e+01 4.927649797584115987e+01 3.473325812374551447e+01 4.898039487025818062e+01 6.817771444738485798e+01
8.833428231796916918e+01 7.909410095128681917e+01 7.069666438089718952e+01 6.209322263435829115e+01 7.080518617268413095e+01 5.835111292238352121e+01 3.869853883603801847e+01 4.784637020819825182e+01 5.309263723806646595e+01 4.545685199679114419e+01 3.140281421632671410e+01 1.169265841420930307e+01 3.134621670376761315e+01 2.095972345736860021e+01 4.170041040704725788e+01 5.659652336854234989e+01 6.490875512928329272e+01 7.203619086199353205e+01 7.203619086199326205e+01 9.201132411852978521e+01 8.821187473273585056e+01 9.015249220854106227e+01 6.831358107634059706e+01 5.524558816536465855e+01 5.029672007662131250e+01 6.358937566564101473e+01 5.610949776839222380e+01 7.646044452222589882e+01 7.473930638449776609e+01 5.475935074051325557e+01 4.322348404139174960e+01 3.322172411501389178e+01 5.321367882821919437e+01 6.345098478967165079e+01 4.898039486398076292e+01 4.116947265771555209e+01 4.746854782313070586e+01
6.813488963987214220e+01 7.667215751780290134e+01 8.499982894199268912e+01 8.221248163531365094e+01 7.275843530402593728e+01 5.238340459442574826e+01 5.835111292238352121e+01 6.255990835942910167e+01 5.251582243345966106e+01 4.414859062022813418e+01 3.207273049140136578e+01 1.237046760467887019e+01 1.501482598436319016e+01 3.553184366293007912e+01 2.799044493596030847e+01 4.828475358777447468e+01 4.475535524378035745e+01 5.187675830571065205e+01 6.616748821332384978e+01 8.620449238994673635e+01 9.111379005905634187e+01 9.814790650474448341e+01 8.465043551742202510e+01 7.619709565803725582e+01 5.807201053179544203e+01 7.847271386658508163e+01 7.051847677244617785e+01 8.484867004219742626e+01 8.301624947291848855e+01 6.904690207216479791e+01 5.588438064515685966e+01 3.589867853872571857e+01 4.744038250325296247e+01 6.741909500465219196e+01 6.957449099181010865e+01 4.973228373345278897e+01 6.817771444738485798e+01
