LEM/with_lateral_4open/elevation_000395.asc
nrows	100
cellsize	150.0
xllcorner	0
ncols	100
yllcorner	0
NODATA_value	-9999
[rows 68 to 84 of 100, columns 0 to 36 of 100]
5.009162696260269221e-02 2.005009162696224578e+01 2.048664671002106985e+01 2.970178908790625272e+01 2.738012144508706314e+01 3.125203138518821078e+01 3.293722088066569142e+01 4.718981000462535036e+01 3.917665380845016188e+01 5.325755986634165851e+01 7.566730171825007289e+01 7.867260379999768816e+01 7.039048396732023605e+01 7.867260379999768816e+01 8.756335261961316974e+01 8.432980839042753018e+01 9.261154919721640510e+01 9.425769983980745792e+01 8.593148930418701070e+01 7.568390292351197957e+01 5.577699902315536207e+01 5.048092285611432573e+01 6.969977290342970377e+01 7.189329964309193599e+01 6.362297450611606564e+01 5.058018201050541762e+01 5.290360412207375163e+01 5.692288329905606759e+01 6.144564816749559100e+01 7.552096253650670121e+01 9.554029263830659602e+01 1.047865285412863159e+02 9.250843064882613476e+01 7.244453774667346124e+01 5.811784686808473310e+01 6.200609587738047423e+01 8.038654054522602621e+01
4.695337527364121244e-02 3.170429705660736452e+00 6.332721086733198668e+00 9.666155416309832660e+00 1.320219183459260037e+01 1.705314437944008077e+01 2.132327166306274435e+01 2.689313183359195492e+01 3.662633326105388676e+01 4.927949254760689257e+01 6.834992230414471237e+01 6.867488166692416485e+01 5.039477533313716151e+01 6.867488166692416485e+01 6.756789673724344425e+01 6.433388470823446426e+01 8.106724101127930737e+01 9.520593351977700536e+01 9.222489196871228501e+01 7.215667010966990347e+01 7.583925743550466336e+01 5.882616347357342335e+01 5.985126174214023109e+01 7.954828406472869062e+01 7.540051867138623720e+01 5.552700350565925191e+01 7.275072246273853693e+01 6.836502349962597691e+01 8.138448856851192659e+01 7.032931918712625929e+01 8.445453069719630435e+01 1.045088624442598899e+02 9.835325363937037935e+01 7.832111592071332495e+01 7.208625175029524712e+01 5.180651208134600694e+01 6.666626335352582089e+01
7.614146464036156137e-02 2.007614146464000626e+01 2.635310347850429125e+01 2.382988130522720382e+01 2.738012144508706314e+01 3.125203138518821078e+01 3.555252548757012221e+01 3.733119707598563508e+01 5.550882944484295223e+01 6.476748090559857474e+01 6.749894481061349438e+01 5.921672791392138890e+01 4.039754288365357837e+01 5.709813639150915066e+01 5.342888559545009741e+01 5.278921728446274386e+01 6.692854850277866774e+01 7.965272285583290568e+01 9.964747404749526538e+01 9.222489196871194395e+01 7.849670772238695804e+01 7.265200573716882104e+01 6.853603364067267023e+01 8.784349417921326619e+01 8.072597005507925871e+01 6.079995554737858754e+01 8.072597005507925871e+01 8.834653729296485380e+01 9.666396751149305544e+01 7.786746329969899705e+01 9.789983224545596840e+01 1.064617274952988168e+02 9.647034426519606143e+01 8.631676288783515361e+01 6.619186045186805245e+01 5.180651208134604957e+01 4.635159560174042781e+01
2.352828262072655108e-02 1.416565763568503478e+01 3.416458383599471205e+01 4.387782849385425266e+01 4.745032488348996225e+01 5.135000225451277345e+01 5.568602826443304821e+01 5.664393296253756915e+01 6.476062837228334956e+01 6.278244211379541895e+01 5.450350683459535617e+01 3.922136454058924926e+01 3.283976758995310519e+01 3.710317930763152816e+01 4.210191339588259751e+01 4.965876554806453669e+01 5.965645277596699714e+01 7.965272285583290568e+01 9.694444667784937053e+01 9.764394349568341624e+01 9.848488962717480888e+01 9.260706652313113807e+01 7.999326039091707230e+01 9.677271769856318429e+01 8.779069394475648380e+01 6.780863726635098487e+01 7.705201487831276097e+01 9.707319592954691245e+01 1.062285572754746568e+02 8.941612048426888748e+01 1.062285572754746568e+02 9.821923597726213018e+01 7.820182815354212380e+01 6.811901068359533440e+01 6.093598755691095903e+01 7.208569182569422651e+01 5.548008232369286929e+01
6.786455232800275850e-02 2.006786455232764865e+01 3.647472603466537322e+01 4.649007339614569645e+01 5.794937087772657236e+01 4.967125782446164806e+01 4.967125782442766280e+01 5.552613609429123187e+01 6.106829063835188265e+01 5.123745872332457907e+01 3.450814541056274720e+01 2.767638279688984682e+01 4.767239948781806902e+01 5.709813639150915066e+01 6.209687739005137530e+01 6.965458781589993009e+01 7.793676626641823191e+01 6.843074306831805131e+01 8.268759487308372513e+01 7.752862182018981230e+01 9.173162400510119596e+01 1.039036701885668776e+02 1.000195866752300589e+02 1.083488308730019583e+02 9.610790366269596063e+01 7.777544769733651719e+01 9.610790366269596063e+01 1.053995360333004498e+02 1.041537867120769505e+02 1.094887980296226431e+02 1.178274229279657135e+02 1.064617274952988168e+02 9.647034426519606143e+01 8.821053206540213409e+01 8.110710655868702190e+01 7.203102153319322554e+01 7.571351877143605691e+01
3.257643153035955086e-02 8.197542240952193637e+00 1.819754230739161471e+01 3.819835873806025717e+01 4.967125782444223603e+01 2.962826652220023860e+01 2.962826652220023860e+01 3.549872275935889832e+01 4.692932892200269634e+01 3.279036720812530348e+01 2.296373347660830788e+01 4.295929562959321402e+01 5.595467105831166066e+01 6.220903042081175727e+01 6.448471826865791456e+01 5.612264153487254248e+01 6.009100168692249611e+01 5.418484940499426727e+01 6.919568042126468299e+01 6.330366534288598501e+01 7.554634997259785223e+01 9.140747464404198297e+01 1.028288588508304855e+02 1.052202052066063516e+02 1.061342567599812128e+02 9.780594019217640778e+01 1.061342567599812128e+02 9.829588036282618191e+01 8.413694645462753385e+01 9.414536658335228481e+01 1.024429360901653041e+02 1.010736905707018423e+02 9.277855655069016905e+01 1.010736905707018423e+02 1.003230640066733486e+02 9.209875246082465594e+01 8.399854936555379936e+01
1.880098487986705744e-02 1.416093660861069203e+01 3.416093660860997971e+01 4.649138692480602941e+01 4.695241512239595494e+01 3.516900846487649801e+01 1.544998923445648309e+01 3.183590980790691916e+01 3.460777489617707658e+01 1.865408567471896717e+01 3.864694179215706527e+01 5.124167450148143388e+01 5.624843815572208428e+01 4.191621842992091018e+01 5.078341730163835877e+01 3.578619848070616172e+01 3.985038518143643671e+01 4.443356150744543243e+01 4.908662130724746930e+01 5.544926175343599084e+01 6.303489713454242604e+01 7.464478104129227631e+01 9.459489682973770641e+01 8.459397172548996480e+01 9.043759058014947527e+01 9.634701360882588972e+01 1.041721169903994308e+02 8.828735636421419031e+01 6.998749960647901958e+01 7.413177663826314756e+01 9.414536658335228481e+01 9.106531618372567038e+01 7.276573297996317535e+01 9.106531618372567038e+01 8.479063360219335266e+01 7.639980011070203147e+01 7.641114020477341739e+01
2.900726248362994752e-02 1.417114288621470486e+01 3.417114288621540652e+01 3.806484842394412027e+01 3.494871791421959273e+01 2.069234106917898330e+01 9.123031484348180342e+00 1.184869918342668349e+01 1.461957148311946675e+01 3.460777489617778713e+01 4.692932892323855754e+01 5.228117674915066004e+01 4.387645957452146206e+01 2.735118218557996528e+01 3.031525042803569292e+01 3.537106852706500604e+01 4.071086450912524413e+01 4.637271922375823863e+01 6.653366287822520064e+01 6.550442805490470732e+01 8.313645711269654726e+01 9.140747464404198297e+01 9.054943541513804917e+01 7.033212362744856705e+01 7.032605729696548735e+01 7.621658901555123578e+01 8.406120014853651412e+01 7.999362141644928670e+01 5.999890652617914810e+01 7.146784660614444817e+01 7.875084230432501897e+01 7.277239394793018334e+01 6.277264313053362343e+01 8.277214476532668641e+01 7.639980011070203147e+01 5.612208020350433202e+01 5.612225518764071808e+01
5.081304048347550645e-02 2.005081304048312063e+01 2.262391384811281014e+01 1.806525609884145922e+01 2.524100034806559023e+01 7.163923490541875161e+00 2.716559175491238065e+01 1.147622396297890646e+01 3.146242310891092586e+01 3.583114588371820020e+01 3.774272144774989357e+01 4.003413782552768652e+01 2.336134685129496091e+01 4.387645957452146206e+01 5.078341729194597320e+01 5.571836047068468645e+01 6.094202317761592269e+01 6.653366287822520064e+01 5.539108930416831811e+01 7.554819426071055943e+01 8.561986996340745293e+01 1.057063764551722755e+02 9.239796910406289498e+01 7.621658901555123578e+01 5.616210301103377844e+01 6.399082728821196753e+01 8.406120014853651412e+01 8.301450323958646038e+01 6.301509511058596757e+01 5.152976910026850277e+01 5.877974252180281667e+01 5.282546509241945643e+01 6.691342387906904321e+01 8.691587520554008961e+01 7.639919215525719665e+01 5.612207685315155459e+01 4.175967437916420977e+01
4.469920835086939326e-02 1.333012461152529582e+00 2.624006909888332295e+00 3.923146514811591601e+00 5.234112728071039555e+00 2.524100038264572987e+01 3.544785497288081189e+01 3.146322177773125972e+01 1.384822630326567428e+01 1.554159752336848044e+01 1.731437015279329472e+01 1.956911965633763373e+01 2.410638202089190685e+01 2.882820265695690054e+01 3.385391268015177246e+01 5.418408876396009077e+01 7.019041546958314370e+01 8.392300862542346351e+01 6.962521716700062768e+01 6.811714729119739786e+01 8.833523684817046728e+01 9.308278142287618095e+01 8.155113686809355045e+01 6.399082728821196753e+01 4.990001997526285038e+01 6.986930192847898979e+01 8.202128755909755853e+01 9.130839462069779700e+01 7.975790933124878279e+01 6.462914222035034584e+01 4.480584170049504422e+01 6.462913228027987600e+01 7.654702685396830475e+01 8.656946192405088425e+01 7.642226017786833836e+01 5.612273874885376301e+01 5.611961820514950006e+01
2.324776005098762310e-02 2.002324776005063356e+01 2.262391384811282791e+01 2.019216929293759577e+01 1.104482074182946150e+01 1.350126001406040466e+01 3.362810679036727635e+01 4.199517093332610074e+01 3.328816673763119383e+01 2.142746284447069982e+01 3.749952909671412726e+01 2.159167374621043223e+01 4.296847349355871160e+01 4.925329447109123748e+01 5.418408876231715254e+01 4.161594595134041441e+01 6.182080928675261333e+01 7.921539096817856773e+01 8.984752588997037037e+01 8.240179018444459302e+01 9.671021905554628972e+01 8.481498301397351725e+01 6.483613636851454487e+01 5.332401998576634838e+01 4.529700754346190195e+01 5.378831451354091797e+01 6.790538093465499969e+01 7.458721914096268790e+01 6.523382855714743300e+01 5.697571425881731244e+01 4.150556717267311058e+01 4.837603325499103590e+01 5.827035003958700088e+01 7.825193502346256480e+01 8.487508913923792875e+01 7.641531844518262062e+01 7.631945027011124694e+01
8.699724428260374731e-02 2.008699724428224798e+01 3.465278676100766120e+01 3.768740401439180232e+01 3.541562725242859955e+01 3.362729876588603872e+01 2.354330273221108172e+01 4.371291084852347808e+01 3.393061487941548648e+01 3.936048369789242685e+01 3.065002863041871706e+01 2.472695571232377176e+01 4.489812249871079786e+01 5.433830019189568361e+01 6.252539201582108319e+01 6.182080928675261333e+01 5.067591256540359979e+01 6.491677344886709022e+01 8.513044281955085069e+01 1.026598442553549972e+02 9.502913523170322208e+01 8.673481020695925281e+01 8.155113686809355045e+01 7.232903367805442940e+01 5.788768308877467206e+01 3.994961357508880440e+01 5.470445514077137972e+01 5.470445514077137972e+01 5.697571425881731244e+01 3.739172863750457054e+01 5.697571425881680796e+01 6.825932797796676255e+01 7.649579686208812745e+01 8.655074959159182413e+01 8.334323800100727908e+01 9.163802908171956574e+01 7.838836845181349133e+01
2.249585233037712170e-02 7.093563664195882801e+00 1.465285312437918819e+01 2.619985843703415895e+01 4.619970590756327766e+01 5.200930176382784964e+01 3.367578248668865371e+01 5.200930176382762937e+01 4.432650264120537287e+01 4.204579878278566696e+01 4.004708014981904540e+01 4.489826066678099892e+01 2.944652529030474852e+01 3.438265719318137315e+01 4.852871748390541029e+01 6.836461178502467817e+01 7.083722013487756897e+01 6.340998540242671311e+01 7.768248663367802465e+01 9.794658209696576989e+01 8.673481020695925281e+01 6.675137280563342301e+01 7.260438610906476242e+01 6.508469109417677601e+01 6.764334813764662613e+01 5.470445514077137972e+01 3.518490400549883645e+01 5.470445514076975968e+01 5.414900989104378226e+01 3.465002304155142809e+01 5.414899480509166096e+01 5.968703326430922829e+01 6.422984024072781040e+01 6.920590898255183276e+01 6.335003556737689934e+01 8.334323800100727908e+01 8.668060520706393390e+01
2.739267172789772165e-03 2.000273926717243356e+01 3.465278858670185258e+01 4.293608904971151929e+01 5.448238021596917946e+01 6.203623640563709785e+01 5.375003921035834509e+01 6.203623640563619546e+01 5.764479587523045012e+01 5.368723569255752892e+01 5.710443688164097864e+01 5.396178657946130386e+01 3.400139667889724393e+01 5.396178557554712540e+01 4.257473893051037095e+01 6.245432236680780846e+01 7.994620604542838294e+01 8.361770278026345693e+01 9.200223267385993609e+01 8.393463298517784210e+01 7.564724513271706030e+01 7.260438610906476242e+01 5.270914316461910687e+01 4.531341041340198217e+01 5.576441999943119754e+01 5.153727549539343755e+01 3.208941908811150512e+01 5.153727533283713313e+01 4.840047293909462667e+01 3.197564385732930603e+01 3.595246120501552411e+01 4.001581010062989918e+01 4.442811743001640679e+01 4.930173750668816979e+01 5.677876726061249713e+01 7.089602981017834793e+01 9.090647559780872200e+01
8.327778614586213435e-02 1.422541340987668690e+01 3.422541340987597636e+01 4.179095991252822273e+01 6.179095991252751219e+01 6.013085329025675208e+01 6.013085329025675208e+01 6.841460547664198089e+01 7.700242275062309716e+01 7.238101967777896562e+01 7.014733818477378691e+01 5.032416686552342355e+01 3.938082504448609455e+01 5.928008842319836447e+01 6.245432236680780846e+01 5.198032718942945962e+01 6.602535594543344644e+01 8.572446753108761186e+01 9.133304121939758602e+01 7.564724513271706030e+01 5.574145328836923596e+01 6.157172473469082519e+01 6.674510439073254986e+01 5.576441999943119754e+01 3.619913051252446934e+01 4.849941595889772117e+01 2.907871923308908535e+01 4.548951621109681298e+01 2.898195701518988443e+01 4.840047248847120187e+01 4.157545096391148576e+01 5.968703280749329565e+01 6.422986611358591347e+01 6.920590898255183276e+01 6.920590898255183276e+01 7.089602981017834793e+01 9.090647559780872200e+01
6.510866554257997707e-02 2.006510866554222616e+01 2.179095991252892617e+01 4.179095991252821563e+01 5.427273073910268408e+01 4.013085600156340149e+01 4.013085600156340149e+01 6.013085329025675208e+01 6.427802292594081734e+01 7.256171318909973422e+01 7.830718205744416593e+01 6.745709745673048019e+01 5.090229689236812760e+01 4.936273617868423003e+01 6.919744066771234259e+01 7.179509214552105334e+01 6.602535594543344644e+01 8.572446753108761186e+01 8.303995091351693247e+01 6.306917893210096793e+01 5.163362913525984510e+01 4.187257325394525509e+01 4.697000338748640047e+01 4.860636689957272694e+01 3.065126438216811877e+01 4.553718453166872138e+01 2.610355028225451690e+01 2.605623643200651784e+01 4.548951621110217047e+01 4.478320973075760492e+01 6.126176200337513222e+01 5.285655604530394669e+01 6.430024247775178026e+01 8.427717319104043270e+01 8.920629816490973951e+01 9.090647559780872200e+01 9.920352554805523937e+01
8.953482861371392376e-02 7.648824288798225624e+00 2.179095991252942710e+01 4.179095991253013409e+01 4.598871958370907720e+01 2.598871981719860358e+01 4.598871958370907720e+01 5.273101832511745357e+01 4.427802428208314467e+01 5.842016503789290027e+01 7.842014288572022451e+01 7.887822040485008301e+01 7.072436448192253522e+01 6.085417378829493629e+01 6.558069296073716714e+01 8.529012249213255359e+01 8.572446753108761186e+01 9.386705614542324838e+01 8.270675979465828220e+01 6.273943703728028964e+01 4.874346953945818228e+01 4.005239680785362566e+01 3.327036640000034851e+01 2.916329861084366470e+01 2.526363644891445404e+01 4.031169601885123654e+01 2.316819557350970271e+01 4.263968295523354612e+01 5.367983953032867106e+01 6.449545561086243595e+01 7.276141145183872538e+01 7.274348686614062842e+01 8.102963398439342768e+01 9.257120686542643284e+01 8.617288043632700578e+01 9.462431116667515596e+01 9.165189726602656606e+01
