LEM/with_lateral_4open/elevation_000258.asc
nrows	100
cellsize	150.0
xllcorner	0
ncols	100
yllcorner	0
NODATA_value	-9999
[rows 34 to 50 of 100, columns 37 to 73 of 100]
6.175742449375668741e+01 6.732224972045604261e+01 4.686160859944602919e+01 5.870008989576349734e+01 7.910033907647553519e+01 7.497308564711111956e+01 9.180505539453494634e+01 9.557282449590276485e+01 8.540177149182711958e+01 7.700625692230694597e+01 7.021919812758964952e+01 6.045292414840513828e+01 4.055343731793188056e+01 4.125506836202880834e+01 6.119867143856877334e+01 7.196390989520945425e+01 7.553925616454660030e+01 5.622586658498709511e+01 4.147280778448119776e+01 6.136908395897845736e+01 6.999434164822746141e+01 5.873812715897346948e+01 6.591226556097650757e+01 7.613927362866620285e+01 9.648845673503305420e+01 1.035596824367083144e+02 1.089643493731488775e+02 1.023838041115173496e+02 9.243262026542994647e+01 7.478131543660818181e+01 7.843211415403875719e+01 6.322979748475651718e+01 8.312495241140125302e+01 9.100540624630606601e+01 7.101620319567645367e+01 5.679483455794987634e+01 6.740695474949747279e+01
8.213879420819091592e+01 7.037111535949824770e+01 4.991870289001288796e+01 7.037111535949824770e+01 8.741669323406358671e+01 9.518478217737265368e+01 1.034173967934500240e+02 8.720631968202198436e+01 6.680632888679726022e+01 5.664523256043854360e+01 4.997687815672599498e+01 4.405299837487258685e+01 6.045292406939184815e+01 6.119867143856877334e+01 4.445128050243002349e+01 4.674254043266324032e+01 7.501663865198500503e+01 6.975314643947828586e+01 6.136872159985289699e+01 4.436091799339964581e+01 4.978158366987352679e+01 6.999434164822746141e+01 8.631386518184964984e+01 9.276840014704235671e+01 8.439533413723802369e+01 8.326979920956657111e+01 8.874193740736299674e+01 1.010921668752239242e+02 1.029500739315285074e+02 9.467630560021180486e+01 8.974472328360323559e+01 6.988541066718275374e+01 8.974472328360323559e+01 9.100540624630608022e+01 7.101620319567645367e+01 7.687090521869106396e+01 7.725796789386770058e+01
7.949867669359629474e+01 5.908891087137705966e+01 5.354793449127981830e+01 7.398367442419952056e+01 8.945960924244775470e+01 9.771980147703554564e+01 1.077505572684596871e+02 9.557313036122737060e+01 8.540184005742339934e+01 7.700628555686188292e+01 6.702675549134910682e+01 4.685971491651388021e+01 6.702675547084211871e+01 7.293942318922113088e+01 5.859424272864082894e+01 4.775694609005570612e+01 6.804193326052056534e+01 7.874404120542055807e+01 5.844204151998768282e+01 6.438833123991209106e+01 4.766391563696301858e+01 6.781991676284748394e+01 7.468763547347903398e+01 7.808742713445093386e+01 6.395537931987114888e+01 6.877477426128037052e+01 7.426402059621659646e+01 8.076750590067806002e+01 1.010921668752239242e+02 1.060077809227424837e+02 8.608968448606093204e+01 8.391355517153444055e+01 9.801175599817214845e+01 9.927582495958137088e+01 9.100540624630608022e+01 9.358286382802916137e+01 7.358903125666346057e+01
6.934207894085133717e+01 7.866968017199140206e+01 5.824382215914346261e+01 6.228377852209985832e+01 6.912419409827016636e+01 7.937929550629073105e+01 9.953992297860479255e+01 1.038186452257779990e+02 9.210269166120504281e+01 8.299739602108539316e+01 7.004605152456193196e+01 4.979199800118448849e+01 7.004605152456193196e+01 8.728460736102618966e+01 7.060649221240878148e+01 5.025093658462619572e+01 7.060649221240879569e+01 8.712658181339601526e+01 7.874407719301500208e+01 6.408699608395481562e+01 6.781991675600269787e+01 5.116615716094040778e+01 5.434682375745840233e+01 5.768867716861954165e+01 7.808742713445093386e+01 8.921256841731319298e+01 9.466494474019366123e+01 1.010921668752239242e+02 9.256973047207200977e+01 1.127340315040666781e+02 1.060077809227424837e+02 1.038224084242374374e+02 9.912664359065283293e+01 9.088467936975234807e+01 9.619455650506125721e+01 8.795095801146388226e+01 8.678511693924299664e+01
8.965519815680623594e+01 7.770430191016383503e+01 6.321097557418713109e+01 8.268113752772201508e+01 8.945960924244775470e+01 9.771980147703554564e+01 1.077505572684596871e+02 9.548542443381390399e+01 7.512053714243282343e+01 6.330921715609312628e+01 5.424695184127185854e+01 7.004605152456193196e+01 7.845155922542500093e+01 8.157059479209007691e+01 6.115516894865479713e+01 5.286770376550462913e+01 7.323603209241589695e+01 9.276810965412802545e+01 9.279799303634767682e+01 8.442950904112349519e+01 7.567505024753197063e+01 5.531889683345578135e+01 7.468763547347903398e+01 7.808742713445093386e+01 6.636892147533772857e+01 7.661870666300356447e+01 8.843126399463172049e+01 1.086548141829282628e+02 1.042629012727513356e+02 1.210103039732654082e+02 1.112268717042959736e+02 9.136810171550905579e+01 7.991251564606939439e+01 7.098079662721546867e+01 8.198338203254320433e+01 6.798258673552118125e+01 7.254413398190736473e+01
1.061073005740852579e+02 9.191064892480058290e+01 7.348126709436218107e+01 7.289539638889350215e+01 8.732214753275111718e+01 1.073338702259758293e+02 1.101096592205356330e+02 9.999168447023249939e+01 7.986775060810555260e+01 5.945153065407078685e+01 6.862453718575878270e+01 8.299740501497018386e+01 9.595648657466105647e+01 7.561176330891750297e+01 7.606357406247610697e+01 5.567387894931837167e+01 6.397487818826970596e+01 7.845070688604829456e+01 9.877495230519349434e+01 8.588182450455755657e+01 6.546827599190150693e+01 6.359078641588631342e+01 6.617483302168298565e+01 8.658444873118114060e+01 8.679872435037439971e+01 7.932691388369786978e+01 9.965591110142003117e+01 1.169451081170668658e+02 1.243058105988096997e+02 1.325643027400018354e+02 1.194974821269719030e+02 1.080126663536458977e+02 9.088466217170808648e+01 8.198338203254320433e+01 6.193232131266680085e+01 5.627112952025387926e+01 5.239831744613494635e+01
1.032650749991431667e+02 1.019956444751670546e+02 8.789964918369474844e+01 8.732214753275111718e+01 8.732214753275111718e+01 1.073338702259758293e+02 1.017979917107141432e+02 8.149170498928116046e+01 7.124631669533583533e+01 6.378316482760634187e+01 8.422622586599054273e+01 9.737027284418148554e+01 1.042776387261151427e+02 9.595648657466105647e+01 7.914219773803610281e+01 5.872091853296190322e+01 7.914219773803610281e+01 8.440354054681630203e+01 1.046656580253395390e+02 9.424824050841790779e+01 7.462073196607309455e+01 7.274030084293276843e+01 8.658444873118114060e+01 8.063628280184592256e+01 1.009445915890278087e+02 9.374794831161763398e+01 1.079736912236332387e+02 1.143317737662171822e+02 1.226368606764690696e+02 1.287950656738223927e+02 1.205137391335310042e+02 1.190199974612113607e+02 9.989805402787136757e+01 8.002440101465651878e+01 6.585596059878137964e+01 7.642221348001997683e+01 5.818325062914352941e+01
8.314980477681288562e+01 1.032650749991431667e+02 1.079008571010694197e+02 1.073338702259758293e+02 1.073338702259758293e+02 1.155253337679909862e+02 1.101096592205356330e+02 9.512105732544732462e+01 7.473869402148058327e+01 6.945875414062528819e+01 8.989392155266843076e+01 1.099325642165093200e+02 1.103567893025478810e+02 9.868305697940667187e+01 8.233538517764128528e+01 6.188900928843922600e+01 8.233538517764128528e+01 1.015668097395501945e+02 1.116672982086687540e+02 1.033254783229253775e+02 8.643507888351700785e+01 8.456458784754681801e+01 1.014705169134288099e+02 1.009445915890278087e+02 1.092604289459754483e+02 1.139189949945566411e+02 1.110302157756492392e+02 9.420650304378432338e+01 1.110302157756492392e+02 1.172133927306910977e+02 1.004263245153413351e+02 1.171998856111770664e+02 9.989805402787136757e+01 8.002440101465651878e+01 8.002440101465651878e+01 8.544111248048669438e+01 6.534403283144229135e+01
8.684102563817320686e+01 9.545048374239740951e+01 9.765019437511587341e+01 1.060244240112607912e+02 1.078210505471999880e+02 1.162358606763135498e+02 1.094195388701837004e+02 8.919843234827614253e+01 9.512105732544732462e+01 7.864557433841099510e+01 8.130800844996785770e+01 1.016224969656430659e+02 1.020656304421860057e+02 8.176977708499262576e+01 6.991991866812182366e+01 6.670357086470195895e+01 7.284149681716380087e+01 8.309880264942769656e+01 1.033762293995449824e+02 1.149781302464753026e+02 1.066815388623184191e+02 1.048327524038816279e+02 1.131338826944248268e+02 1.070170401903434652e+02 9.869360267458293379e+01 1.070170401903434652e+02 1.027124432971064891e+02 8.253892193084382711e+01 1.027124432971064891e+02 1.089162560714629251e+02 8.877787957757399795e+01 1.089162560714629251e+02 1.081508426146472175e+02 9.989805402787136757e+01 9.989805402787136757e+01 9.390451581951982973e+01 7.695174988564140506e+01
7.705933270081634134e+01 7.554654778913575797e+01 7.771879588832531738e+01 9.363079881078053290e+01 8.775300408806727148e+01 1.078210505471999880e+02 1.177103238104481591e+02 1.094195388701837004e+02 9.899402560763273584e+01 9.308583993767753384e+01 9.572193947528674585e+01 1.099325642165093200e+02 1.012029101476063175e+02 8.089501787135560562e+01 9.034737399401218738e+01 7.168295278532139037e+01 9.211045071975851783e+01 1.015668096920247194e+02 1.116672982086687540e+02 1.249850702478978093e+02 1.191404346361923672e+02 1.075254821625405270e+02 9.920257030800465259e+01 9.693852596870995342e+01 7.851069718873495162e+01 9.693852596870995342e+01 9.558002641785849107e+01 7.538646558687283061e+01 9.558002641785849107e+01 1.017962739216539063e+02 8.162273140960512308e+01 1.017962739216539063e+02 1.108569157874476474e+02 1.025623861472450358e+02 1.073369416003513095e+02 1.056637427672700653e+02 9.709493111974616397e+01
5.723335695452470162e+01 6.159355778753574384e+01 6.754599735255148119e+01 7.375743027799238405e+01 8.775300408806727148e+01 1.078210505471999880e+02 1.127583428350687313e+02 1.209888470976573984e+02 1.191208550144350085e+02 1.132576475810571139e+02 1.158677028844232240e+02 1.154306523622453398e+02 9.530958636035468601e+01 1.012029101476063175e+02 8.266677395657207228e+01 8.088080084597723385e+01 8.840089407700922663e+01 1.086160849533709154e+02 1.191183387480600970e+02 1.049690267700534463e+02 1.108313295838908488e+02 9.068972768906802173e+01 7.902175014369505845e+01 8.755116835367314820e+01 6.842578048407263225e+01 8.860214993150800922e+01 8.949143873988805353e+01 6.931133148936754651e+01 8.949143873989511633e+01 9.571372784353378904e+01 7.552386282761095515e+01 8.779461779106122776e+01 9.612563737323219470e+01 8.240419900978237422e+01 8.722738345746446953e+01 1.073369416003513095e+02 1.144351965989600899e+02
7.705933270081634134e+01 8.137627565754330305e+01 7.771879588832531738e+01 9.363079881078053290e+01 1.019944323821903680e+02 1.095486262081685567e+02 9.296614337368040992e+01 1.095486262081685567e+02 1.121776125627705625e+02 1.039434185845791774e+02 1.121776125627705625e+02 1.236903942269972134e+02 1.154306523622453398e+02 1.112435918103965378e+02 9.181488558164058134e+01 9.530410784416257286e+01 1.011954283088807784e+02 1.168918276796978546e+02 1.108315901721892516e+02 9.076292810062291494e+01 9.813905382451278570e+01 1.064374136004585267e+02 8.755116835367314820e+01 6.737798960094339407e+01 6.136316671221663910e+01 7.511078997171891558e+01 7.698023835289535555e+01 6.396578688079488728e+01 8.409807821316670129e+01 9.944337555579369337e+01 7.926713526001742594e+01 6.762046808748399940e+01 8.141499498099014431e+01 7.074924992772756127e+01 8.502344078748784284e+01 1.051693783658664643e+02 1.061525838324423461e+02
6.052083224102294423e+01 8.036781789372859919e+01 9.765019437511587341e+01 1.060244240112607912e+02 1.139831672510768357e+02 1.013313111472772334e+02 8.158842472613420682e+01 1.013313111251748353e+02 9.956280144575264046e+01 8.397023546120888682e+01 1.022047994154876704e+02 1.111249779940977476e+02 1.226340917444733947e+02 1.202288884661381161e+02 1.035096873782387803e+02 1.154183340750900300e+02 1.212635209516735983e+02 1.119911283377301601e+02 1.036937259530426587e+02 9.813905382451278570e+01 7.792229361935046938e+01 9.813905382451278570e+01 9.588888229417230491e+01 8.755116835367314820e+01 7.511078997266720592e+01 5.511728619200729185e+01 5.695319056570922811e+01 6.846394204976596143e+01 8.861371544912694276e+01 1.077562814916486218e+02 9.612563670251076076e+01 8.141499498099014431e+01 6.130804939098388218e+01 7.288799290786195684e+01 8.716264783447907405e+01 1.073073615005043138e+02 1.144351965989600899e+02
7.858925934438217098e+01 7.453458836304648116e+01 8.857180071075730154e+01 1.086428663782875645e+02 1.057607435641559874e+02 8.599874209282094739e+01 7.461281439490360867e+01 8.629300627274893998e+01 7.962820303741433747e+01 7.404621095122591612e+01 8.291689655024663352e+01 9.444263566440336888e+01 1.144253355652623583e+02 1.317634309981855836e+02 1.235208464794498582e+02 1.143378709040744496e+02 1.060499819607787941e+02 9.894426454777770630e+01 8.352895851154376317e+01 8.722926228185599484e+01 7.145863606573637128e+01 9.174595290873620002e+01 9.003530463487193458e+01 8.160326006960622180e+01 7.089799071355352567e+01 5.103225048586773482e+01 7.094185624689554004e+01 8.531980442732707104e+01 9.694862930275942858e+01 1.065217809886212024e+02 8.638384935143412235e+01 7.801643701922428420e+01 5.796901941443780970e+01 7.801640408432902518e+01 8.482425714084824619e+01 1.049670165312831926e+02 1.140895738554127803e+02
7.858925934438217098e+01 9.445047973913642636e+01 9.799465656890536991e+01 1.001860146433361507e+02 1.084853958225875061e+02 1.000398573614400703e+02 8.629300627288151304e+01 6.656592430719967979e+01 6.563269136284347383e+01 8.546691180031425006e+01 9.765243753366279122e+01 1.058971997305375083e+02 1.148210309032523639e+02 1.263231617773200099e+02 1.176076741424174230e+02 9.758916406557800372e+01 8.595197808906513615e+01 7.874017851116207112e+01 7.257761921185583276e+01 6.695287837681976839e+01 6.561331292321651176e+01 8.588950898851564375e+01 8.170531858983180484e+01 6.159733643823751237e+01 6.541555345159287072e+01 4.820537165970718263e+01 6.806728816716073993e+01 7.696689628171883157e+01 8.529489352071828989e+01 9.030093824454722551e+01 8.197065772599518141e+01 6.625844697637316472e+01 5.477892631872069273e+01 6.470471870810368387e+01 8.482431411675045752e+01 9.765566249892863482e+01 9.396222520945286760e+01
9.856099200375730618e+01 9.216223086887966076e+01 7.803067488626184911e+01 8.021284478243791227e+01 9.745403171814042764e+01 8.597227735788875691e+01 7.190469746549999286e+01 6.147009145632859628e+01 8.128982720548026464e+01 7.071899331870129402e+01 7.770479243422776960e+01 8.660139894266211513e+01 9.814881018114141398e+01 1.181277780180402033e+02 1.258927693929296225e+02 1.143378709040744496e+02 1.060499819607787941e+02 9.894426454777770630e+01 9.285250340091295129e+01 8.047046764684395725e+01 6.027878737834510048e+01 7.557326585238978112e+01 7.305832511052064149e+01 6.743969674146651982e+01 4.758515553651362495e+01 4.542653367636927442e+01 6.283482365769416589e+01 5.698112752621333499e+01 7.696689628377176007e+01 8.197065773954840040e+01 6.191779046038382717e+01 6.779113926005534552e+01 5.188610100436243755e+01 6.593045118719891207e+01 8.603122842677539950e+01 7.748399454197100056e+01 9.696755993917663830e+01
8.929469041418902009e+01 8.387798974162406296e+01 6.400724895547642745e+01 8.387798974162406296e+01 8.920573728666857960e+01 6.932959210213633128e+01 5.790896910854335289e+01 7.436264663313978929e+01 8.268156564280506871e+01 9.059987997440622109e+01 7.696351834349172805e+01 9.105382131892288555e+01 1.110333241080047912e+02 1.203471140103124242e+02 1.302976970542034678e+02 1.192928860271243678e+02 1.077121628380329952e+02 9.872308014651633812e+01 9.040876920761550650e+01 8.551345502580942082e+01 7.557326585238460837e+01 5.549756740020661283e+01 5.310589555562388142e+01 5.078395156884519679e+01 6.743969674646233159e+01 6.283482365706438344e+01 4.301303796690228864e+01 6.049065014833391984e+01 6.878575697515820764e+01 7.244005618071510355e+01 6.413289059261036584e+01 4.792126628678227007e+01 5.932341879766693893e+01 7.935765134257009379e+01 8.863461838349833499e+01 6.848150853256571224e+01 8.863461838350488620e+01
