LEM/with_lateral_4open/elevation_000597.asc
nrows	100
cellsize	150.0
xllcorner	0
ncols	100
yllcorner	0
NODATA_value	-9999
[rows 17 to 33 of 100, columns 0 to 36 of 100]
5.222468517465790605e-02 1.005222468517457024e+01 3.005222468386117995e+01 3.887819445434128340e+01 3.780060676405543774e+01 3.783056852441443851e+01 4.200421220497101160e+01 5.030194070616310853e+01 5.997249291465590915e+01 4.002261230551225424e+01 2.848262272804696593e+01 4.845444262671156110e+01 6.260084849043261102e+01 7.411293319838377158e+01 7.370423386043144376e+01 8.180240240444381072e+01 8.540447757539443785e+01 7.160664564086049211e+01 8.540447757539443785e+01 9.129122411430583384e+01 9.344029512265457527e+01 7.366524853197348932e+01 5.971009119301272250e+01 6.805622668700789291e+01 6.145341476130374758e+01 5.056429523686544769e+01 3.063971005529112190e+01 5.056429523686604455e+01 4.273715852976746987e+01 4.979046208267409668e+01 6.124182512737270656e+01 8.099518459939221771e+01 9.107800817649984992e+01 8.695362753756501206e+01 6.694104081400864459e+01 5.271371577846933576e+01 5.100497448898389052e+01
7.333276091007127906e-02 2.007333276090971452e+01 2.313528442691158915e+01 1.883129942711705240e+01 2.623687110753988350e+01 1.786025943666884430e+01 2.200259898425952088e+01 4.200870568191341903e+01 4.872498166848968992e+01 4.045210453681666252e+01 2.505270715858244657e+01 3.918614037093566793e+01 5.914592673194697170e+01 7.048489682043256721e+01 5.408031043126822368e+01 7.048487470900042240e+01 6.600898248351873576e+01 5.773726792894144921e+01 7.730835469792472736e+01 9.246306581526503976e+01 9.926928382556023678e+01 7.945722558010413650e+01 6.805622668700816291e+01 4.824777493816202423e+01 4.158926403518047010e+01 3.556081077199470997e+01 3.352464302101297022e+01 5.343863195474885686e+01 6.259017936019928641e+01 6.959057719082234428e+01 7.780091747682588732e+01 8.922500131867452922e+01 8.724963544863371112e+01 7.899143238254866617e+01 7.429655635312565209e+01 5.421573444702841726e+01 3.976627791561192993e+01
6.343274376862209629e-02 1.597362721463361668e+00 3.135824259924897106e+00 4.688125311337556944e+00 6.264346123815752065e+00 7.860519892750970961e+00 2.785892053432755233e+01 3.311494681970701492e+01 3.609345690065137546e+01 2.046442097024082685e+01 4.044816863282724029e+01 5.328589724288587348e+01 6.659771998248594116e+01 6.237435597636567053e+01 4.259410827301160651e+01 5.903143154848253715e+01 4.627349605418651635e+01 5.332057299130651273e+01 6.476492831219661639e+01 8.431990861014971017e+01 9.530265422464985647e+01 8.387879043171602689e+01 6.724076708592707519e+01 4.742539349065672383e+01 4.188327712757591570e+01 5.546415210554661002e+01 5.343863195474905581e+01 3.773922955759168474e+01 4.772372999739221200e+01 5.919103032501728734e+01 7.894791913529864757e+01 8.724963544863371112e+01 7.575976036165776861e+01 5.910530427722618185e+01 7.575976036165776861e+01 6.840266063198548352e+01 6.009727101152492423e+01
3.497053469895897854e-02 2.003497053469860489e+01 2.313528442691158915e+01 1.882995601056385127e+01 2.050121539060264197e+01 2.677854233707496334e+01 1.020134283663458952e+01 1.311864266110124611e+01 1.610006656412074832e+01 3.609345690065137546e+01 4.540456355550527690e+01 3.865970305090122139e+01 4.712111302636501620e+01 4.985388235293174830e+01 3.503892471344868653e+01 3.920877461184125679e+01 5.071717002373684835e+01 7.038893061315550881e+01 6.621676244912491427e+01 8.389735940282734816e+01 8.706017393935607629e+01 6.732001704090643557e+01 5.591085870511030720e+01 5.811552493445929457e+01 5.595224930782718076e+01 6.995082088306331514e+01 5.498134676865796422e+01 4.090127788355205496e+01 5.498134676865796422e+01 7.476135947710650953e+01 8.717269387392080660e+01 7.899143238254866617e+01 5.910530427722618185e+01 4.756221739171062524e+01 5.810661547150250072e+01 6.432636182245593659e+01 5.703687386455996489e+01
9.635555453094322986e-02 1.423849117826176780e+01 3.423849117826105726e+01 3.882808517712855689e+01 4.084659947778867917e+01 2.650570848645874733e+01 3.004318678575281254e+01 1.311864266118834621e+01 1.534086486745627198e+01 1.759104060981142226e+01 3.713892256400821879e+01 2.453931910851685672e+01 2.721192238205419756e+01 2.995911359194149881e+01 4.985388235293160619e+01 5.903143434142075563e+01 6.715041391504014712e+01 7.848767516378114806e+01 8.389735940282734816e+01 9.210537167842700512e+01 8.963175483915685504e+01 6.987721963935797476e+01 6.987721963935797476e+01 7.209915840656002217e+01 7.572983921168585653e+01 8.297868576034787225e+01 6.412947142280046364e+01 4.428283960958395227e+01 6.412947142280046364e+01 7.892953419141306881e+01 8.881167437583071944e+01 7.850969367293143364e+01 5.862507462345931231e+01 4.707756651144120497e+01 3.789040874876290133e+01 5.081800502033775757e+01 3.743718502458871455e+01
8.845047570523793812e-02 2.008845047570488163e+01 3.730878306931870014e+01 4.885578845311141549e+01 5.504268528725409482e+01 4.652682595666337306e+01 3.309131916842510179e+01 1.944318759470068514e+01 3.533930509922119967e+01 3.758948252949114277e+01 2.085702613192626842e+01 3.493446613150845081e+01 4.696739003301764370e+01 4.985269147374366128e+01 3.662502843622973359e+01 5.070530361762745741e+01 7.038179323819913691e+01 8.081362431908664234e+01 9.208514352680141712e+01 9.178589876799514968e+01 9.788036122407409323e+01 8.963175483915685504e+01 8.963175483915685504e+01 9.188451621341312148e+01 9.425465988615398771e+01 7.447085940116561176e+01 6.050300413878256478e+01 5.030785715132936531e+01 5.094113145197513859e+01 6.086076103749235955e+01 8.058652177893580415e+01 8.676765799405143298e+01 7.527849644377282345e+01 6.459524016449286421e+01 5.098038948811684890e+01 3.058613104527161752e+01 2.617165441642247004e+01
8.023991185656004221e-02 9.024511821855796256e+00 2.057151720564851516e+01 4.057151720564922215e+01 5.925107789126946045e+01 6.106792285171181334e+01 4.610623532779403178e+01 2.610977397816490253e+01 4.610727853508905127e+01 4.653363917546719364e+01 2.640400126829084471e+01 4.652121138544784884e+01 6.220873820740732896e+01 6.458182960815891249e+01 4.660592585155729495e+01 4.555670282341944244e+01 5.308369371532414505e+01 6.447567284192024317e+01 8.397435271165414861e+01 7.192535807025174677e+01 8.031941024990146616e+01 8.853521785611415851e+01 9.636180261124574997e+01 1.032826252841143315e+02 8.345221893833794979e+01 6.952932908469722406e+01 5.966844445208638348e+01 7.009574370349666594e+01 5.668720234682272263e+01 7.642001325227639086e+01 8.881167437547698285e+01 8.339710654067708617e+01 6.340003868227230299e+01 5.630362828228656724e+01 3.597384667990474583e+01 3.136630841332643271e+01 4.630790859732010745e+01
4.598823041778624804e-02 2.004598823041743216e+01 3.096565053224308173e+01 3.096565053224308883e+01 4.632184170697172476e+01 5.632237941049839236e+01 5.437348104492089362e+01 3.610895839008525599e+01 5.439747538615990408e+01 5.507589105007759400e+01 3.640761633306090772e+01 3.906989565628636996e+01 5.939649858796607163e+01 7.443622621895376312e+01 6.060207645087479023e+01 5.956480590464916958e+01 7.271678464002093278e+01 8.081362431908664234e+01 7.447158163548334642e+01 5.781946598885078714e+01 6.040794541485239932e+01 8.031941024990146616e+01 7.652297696421705098e+01 9.054569050914761874e+01 9.750920500925788303e+01 7.939486978401423301e+01 7.360724910911523011e+01 8.265090155081455237e+01 6.294710268135361986e+01 8.265090155081455237e+01 9.237445163507896950e+01 7.753240979140828415e+01 5.754621890037845588e+01 4.332835901862176797e+01 5.630362828209073456e+01 5.175775091915123483e+01 4.324164286722237449e+01
7.340434288523949025e-02 5.418629181133749917e+00 1.096563114338608891e+01 1.803669895525217726e+01 2.803669896136722883e+01 4.803688748338159797e+01 6.439640853261748532e+01 5.610623122047077516e+01 6.440366000245720102e+01 6.534074168215030909e+01 5.064832066451180737e+01 5.334381185997443708e+01 6.806031417641666792e+01 8.246214062561310243e+01 8.016144615528892814e+01 7.913291981897948801e+01 7.790579367271477906e+01 6.967814777736089127e+01 6.623987844125529989e+01 4.627884093971949397e+01 6.508233747140315018e+01 7.084123388636348295e+01 6.242821276153523513e+01 7.652297696421705098e+01 9.636180261124574997e+01 9.919683684494771114e+01 9.336742211122623303e+01 9.088022496669518091e+01 7.174516074047663494e+01 9.088022496669518091e+01 8.408356157001678355e+01 6.407015482806660600e+01 5.410235789295543185e+01 5.495645838340438871e+01 7.168420054644985839e+01 6.339097085427678024e+01 5.752968210127286142e+01
3.515918393995972474e-02 2.003515918393960504e+01 3.096565053224308173e+01 3.803675003301677293e+01 4.632184170697172476e+01 5.632376738064048993e+01 5.730650914669418228e+01 6.542332185347919449e+01 6.507408245157759552e+01 7.316569011293948677e+01 7.135723081414077740e+01 7.402807312000224726e+01 7.659290159697208367e+01 6.248281950229138459e+01 7.465563982321749847e+01 8.290599029683377807e+01 6.640346090476262475e+01 4.973094793545472925e+01 5.438766378553695802e+01 3.995296090113151166e+01 4.511829606337610699e+01 5.089183151388801463e+01 6.501465018374489091e+01 8.490785128352766264e+01 9.540264243877874151e+01 9.386291468539326388e+01 1.020681621357748412e+02 9.972971945054820253e+01 8.566031861392748681e+01 9.972971945054820253e+01 9.237445163507896950e+01 8.236737153060137473e+01 7.407685819904166635e+01 7.493418386941955589e+01 8.322463554871924885e+01 8.340453052609602480e+01 7.754137365476366028e+01
4.608085242692564615e-02 1.107605652303519506e+01 2.458950883674465970e+01 4.430447553103694247e+01 3.698420503171387708e+01 4.541307799873116124e+01 3.741226675743811114e+01 5.398785649643150464e+01 4.540140627854804478e+01 6.183096870159572944e+01 7.246089258963617397e+01 6.415039526640433110e+01 6.353149690553252071e+01 4.833645619205336885e+01 5.466768005803155717e+01 6.961706311149325188e+01 5.747994875925147795e+01 3.818595551705374191e+01 3.440528163270501238e+01 5.438766378750924702e+01 6.508233747140315018e+01 7.084123388636348295e+01 7.906677828652928497e+01 7.919073672121254504e+01 7.554719395251514413e+01 7.400557494615964060e+01 9.061165888962133863e+01 1.046377189493806554e+02 1.055088921392896992e+02 1.079037053667990307e+02 8.785348471114154734e+01 8.785348471114154734e+01 8.935002961541168531e+01 8.461831626223300873e+01 8.033424996496830772e+01 8.620490037923882198e+01 7.527397248654438044e+01
1.610643649003322755e-02 2.001610643639566689e+01 3.769971447146038912e+01 3.127835745983351856e+01 1.687090957025316484e+01 3.374547771631289095e+01 2.586477628476299273e+01 4.511201800289181563e+01 3.389310458958983219e+01 5.303879413410542298e+01 6.373036620673671138e+01 4.359931640607161540e+01 4.353771717712159983e+01 3.834110814551490165e+01 5.833554168393103367e+01 6.123745760503310720e+01 4.101744736224243582e+01 2.924384037395973834e+01 4.922823490064489249e+01 6.263416809972007826e+01 6.744565092823377483e+01 6.976415707006179900e+01 7.333936698886518002e+01 5.926918409642992458e+01 6.145002389408628574e+01 6.248366003360843024e+01 7.658558954911252670e+01 9.143669443078289305e+01 1.013594159653241178e+02 1.050776533791781304e+02 8.785348471114154734e+01 6.777524282956332513e+01 6.927507002873564090e+01 6.451890210365803568e+01 6.020633929540154128e+01 6.610084561855204299e+01 6.693231791350424942e+01
2.022278438842990689e-02 1.999489131199810643e+01 3.030235001734456546e+01 1.089540182664347867e+01 5.327415236421378708e+00 2.532578122208693827e+01 1.691980920180021641e+01 3.690396940481485188e+01 2.494419178303254725e+01 4.487780229740430826e+01 5.719021375783243144e+01 4.896758151282637073e+01 2.940262105377543023e+01 4.939375967802305922e+01 6.660273935948515600e+01 5.193484875941940260e+01 4.117099271017615081e+01 2.612313803933697542e+01 4.610041584850094409e+01 5.107779360296949278e+01 4.749654251962420659e+01 4.981961303804136776e+01 5.804792403355106245e+01 4.514627215306086327e+01 5.180528484356036500e+01 7.175346519597702866e+01 6.331006023495180557e+01 7.329372487032105710e+01 9.315595277994225398e+01 9.677177261551889842e+01 7.672591282947412594e+01 6.511148904734585585e+01 5.500656625350303131e+01 5.021572538412326026e+01 4.585646579169088710e+01 6.059053306775847858e+01 5.799130342102920821e+01
6.642187732006160639e-02 2.006642187731970495e+01 2.218107940827023228e+01 3.743812872792253277e+00 2.369151361653509724e+01 6.925926541770570211e+00 2.691790172548016358e+01 2.959792009260955936e+01 1.786948313963364399e+01 2.939164420478620698e+01 4.912435977233110407e+01 4.478824413791425485e+01 2.481516529908993363e+01 4.478824490654059076e+01 4.977228984772890641e+01 4.151516110993633646e+01 2.380623200711573872e+01 4.378454497110615051e+01 2.886789270481042635e+01 3.110171555097445051e+01 3.336464138711809824e+01 3.568892673337106913e+01 3.807944874059104023e+01 4.279192976493742151e+01 4.763746600007678467e+01 5.263036622751800309e+01 7.257994190169470983e+01 9.143669571934232465e+01 1.013594159653241178e+02 9.942706800249210630e+01 7.938103371378559814e+01 6.777524282956332513e+01 7.515488954856158443e+01 7.040588421282775755e+01 6.059138822788751355e+01 4.028742608549072912e+01 3.769907322282831785e+01
1.591255364720534082e-02 1.095811055555147462e+00 2.177287303467467794e+00 2.070516192847503234e+01 3.155571188143558459e+01 2.030482027160071468e+01 8.552615236427699941e+00 9.709985685307819026e+00 2.790102830893708941e+01 3.241441711891887678e+01 3.382040654930687396e+01 3.508983471299035273e+01 2.054772796602487972e+01 3.771521712608863908e+01 3.928095863381587094e+01 2.153184673672336302e+01 4.151516111010016630e+01 4.378454497386594113e+01 4.884440018056265842e+01 3.463756052348132641e+01 5.333950109355149749e+01 5.566123473954432654e+01 5.804792403524202626e+01 4.300131940581885459e+01 6.296187252323379369e+01 7.257994190169470983e+01 6.416487880903294183e+01 7.826478370462599798e+01 9.810255318175136097e+01 1.077333325249772997e+02 9.615855500458766869e+01 8.434829459727122014e+01 7.603785063664426502e+01 6.581946507947743896e+01 4.557120497249774616e+01 6.059138822788751355e+01 5.799172274514796754e+01
6.189296070378335485e-02 2.006189281728039120e+01 7.626010131596367536e+00 2.696283285888057790e+01 4.277928108008648422e+01 3.524578494475259305e+01 2.268810657726659841e+01 2.917356237454437107e+01 1.139107210655462765e+01 1.258556012668620205e+01 1.382761275759645514e+01 1.509518998517503086e+01 1.637199672747449597e+01 1.772138387400377724e+01 1.929103118998521893e+01 3.928095863381587094e+01 4.977228985483979073e+01 6.373304175975808050e+01 6.285633994982233475e+01 4.876783709935194366e+01 4.095895627082296642e+01 6.092316117613635384e+01 6.654609175749193639e+01 4.659000363603652772e+01 6.654609175755419415e+01 8.030587096978398165e+01 8.407513186084865708e+01 8.407513186084865708e+01 1.038980922418813719e+02 1.019629101084926077e+02 9.193827259146044639e+01 7.603785063665175414e+01 5.589524262094812457e+01 5.123528576143428381e+01 6.581922068016839944e+01 7.414365110742681964e+01 6.231660045912706636e+01
2.247884206357958492e-02 2.002247884206322581e+01 2.698040388384229971e+01 1.615957665180622271e+01 2.331083747489137181e+01 4.414393551557530060e+01 4.267899733912543780e+01 4.041077447308271076e+01 3.189079752271114288e+01 1.717069977996055030e+01 2.089980763432920341e+01 3.508980142618735698e+01 3.636726783152407450e+01 3.771514080270021907e+01 2.157662893790314840e+01 4.142248789164288780e+01 4.538383840121507262e+01 6.523840214825763439e+01 7.694484280029271872e+01 6.562719696990326668e+01 4.566966331780351851e+01 5.979319993611917994e+01 7.477995103620807527e+01 6.654609175755419415e+01 5.212909804139914627e+01 7.207927540736542937e+01 8.423958374217134804e+01 9.244874488341103813e+01 1.038994432112660462e+02 9.365576840707670669e+01 7.360895343957079717e+01 6.353917537546768557e+01 7.603785063665175414e+01 6.029744399890319073e+01 7.973118853275705931e+01 8.018471624402528164e+01 6.005757629153814037e+01
