LEM/with_lateral_4open/elevation_000073.asc
nrows	100
cellsize	150.0
xllcorner	0
ncols	100
yllcorner	0
NODATA_value	-9999
[rows 51 to 67 of 100, columns 37 to 73 of 100]
9.660104909142137330e+01 8.001043417820633863e+01 9.660104909142137330e+01 9.355716499697625466e+01 7.542006907660305615e+01 9.141204290601307036e+01 8.319972508445862047e+01 7.395301064254960011e+01 8.802047104329975014e+01 1.013541406584812989e+02 1.095549485550337607e+02 9.622476318281107410e+01 9.541430570917241027e+01 1.145522277231066539e+02 1.224219391299944988e+02 1.064717866451380814e+02 8.614335650363024399e+01 9.630757157438414140e+01 9.150434144521067026e+01 7.425529839197979243e+01 8.284035406383974021e+01 7.927344303708397888e+01 6.066218546449918847e+01 6.405092093867105518e+01 8.094245426624556217e+01 7.748855149834726319e+01 5.737062517154397057e+01 4.580331666465227158e+01 3.685410737289414840e+01 5.494537278814674863e+01 5.358242834871372651e+01 5.049920075389161411e+01 3.064532986177460927e+01 4.613633732303546964e+01 5.021352236661349622e+01 3.487840794568328562e+01 5.476716226530448495e+01
8.839259794542743975e+01 6.846793240275306403e+01 8.839259794542743975e+01 8.534746609234856862e+01 6.538297615083006065e+01 7.467603668976832409e+01 6.320990389735013792e+01 8.319972508319899873e+01 9.813247453106826867e+01 8.157572668265301274e+01 9.361621537838902896e+01 8.635390011934357801e+01 8.660569311180776708e+01 1.005502245215827344e+02 1.203406597120240207e+02 1.147928885284194536e+02 9.528799016065266869e+01 1.089056940213009312e+02 8.862879073275171038e+01 9.456775820450395997e+01 9.093073208072472369e+01 7.066627386511481745e+01 7.223205207971182062e+01 8.422593635592726002e+01 9.259588857249768523e+01 8.584010248288092271e+01 7.124852229843192220e+01 5.104910605769026688e+01 5.319895804793843297e+01 3.493381409162996221e+01 3.358552664353140216e+01 3.236406482730468070e+01 4.895732452195564832e+01 2.895570596076837688e+01 3.035950025869823321e+01 5.022146092513019511e+01 4.353213653625581969e+01
7.240111725485368765e+01 6.134192721578371987e+01 8.134817363683417568e+01 7.941763987886893972e+01 7.117577154966211594e+01 5.458958065946952587e+01 7.467531100526815635e+01 8.195414586641390997e+01 8.511177631834171109e+01 7.004812687447424935e+01 7.379263017978917105e+01 7.816493884669996817e+01 9.792911141948174247e+01 1.063467087862301810e+02 1.261437333869926363e+02 1.238134221661984498e+02 1.070230537890569167e+02 1.172236166280594887e+02 1.089056940213009312e+02 1.052694959746431493e+02 8.499142160819822323e+01 8.499142160819822323e+01 9.250049251331388689e+01 1.008600917886655282e+02 9.916104139673925033e+01 9.080178588821105734e+01 7.959618749357652234e+01 7.112381153035207149e+01 5.771327102235640893e+01 3.779416938731188935e+01 5.359307008420753959e+01 4.656469612777819123e+01 5.728036979745257185e+01 4.728200807174366815e+01 2.727533518508742461e+01 3.265134493264102389e+01 5.242869753476425387e+01
5.229816397482957768e+01 7.240111725485368765e+01 7.603343739067526030e+01 6.777863491488542991e+01 5.105945157079391805e+01 7.117937721673358453e+01 5.885526094787792317e+01 6.194086143011474377e+01 6.514245441113662594e+01 7.930799540500822786e+01 9.361621537838830420e+01 9.214135569184652752e+01 8.958066478079686590e+01 1.009678079371878283e+02 1.207607784824107284e+02 1.353970628650986328e+02 1.271262590066957188e+02 1.266137745184185661e+02 1.183350236050316795e+02 1.135971141146764012e+02 1.052694959746431493e+02 1.052694959746431493e+02 1.058893171126625106e+02 9.576641705559030981e+01 8.739044497767449116e+01 7.071141540123024072e+01 7.439806707601992741e+01 6.971393872987749774e+01 6.075238093347810775e+01 4.084049696466076540e+01 6.075238091999200662e+01 6.723173452659669636e+01 6.398041012709920494e+01 4.452707971235761875e+01 3.042630930223037211e+01 2.571104629722555046e+01 4.421658844973251945e+01
6.144405378065535217e+01 6.314219395826536640e+01 6.504829493213048863e+01 4.762214154502616736e+01 5.101150339026399649e+01 7.113205899540206190e+01 7.890252513565251036e+01 8.195434929198481200e+01 8.511177632005281168e+01 9.331605089663216290e+01 1.073241063937242075e+02 1.119019897928323104e+02 1.093333016100638986e+02 1.175406443603510098e+02 1.289742102104562491e+02 1.313580350509473931e+02 1.291901377610264490e+02 1.183350236050316795e+02 9.816583148067991260e+01 1.040732510828481736e+02 1.082504275428558174e+02 1.118826867495991593e+02 9.157567062920526268e+01 7.725743201014488193e+01 6.732404483307011844e+01 6.076798150436619039e+01 5.452499357098717780e+01 4.983965503841137235e+01 4.548571360094663163e+01 5.491212111074283797e+01 6.904771090223742647e+01 7.491376477283205304e+01 5.799497853154930027e+01 3.797729016708601790e+01 5.044239817528782766e+01 4.421658844973348579e+01 2.420593781237334596e+01
4.128668394350458470e+01 4.297793755291392159e+01 4.487601397591560470e+01 6.504829493213048863e+01 7.113205899540206190e+01 5.600073852070093494e+01 7.607367019400967934e+01 8.954529752300739176e+01 9.388980906457379660e+01 9.899826487535180775e+01 1.047018172810176111e+02 1.112908873303934740e+02 1.195020408505766625e+02 1.294088603923908920e+02 1.313580350509473931e+02 1.113893889819593568e+02 1.091982011436991797e+02 1.183350236050316795e+02 9.816583148067991260e+01 8.376966910872418737e+01 8.798620744440739827e+01 9.997759433008070573e+01 9.490272565709737762e+01 9.576641705559030981e+01 8.739044497767449116e+01 7.439806707601992741e+01 7.439806707601992741e+01 6.971393872987748352e+01 5.063399714164020793e+01 7.050861972847162917e+01 8.318321045867048724e+01 6.654310194456128613e+01 4.649597555865639009e+01 5.799497853154930027e+01 6.058446344555590457e+01 4.053799248884376283e+01 4.273533363392700579e+01
6.144405396365218053e+01 6.314084180702015203e+01 4.858623586036233633e+01 6.864246181878371544e+01 8.430293726591693826e+01 7.607367019400967934e+01 6.131432361600600700e+01 8.133006011562768833e+01 7.404988149969547351e+01 7.921330059537238810e+01 8.494413218052788750e+01 9.152367718226587101e+01 1.013881432803578519e+02 1.211936313804292809e+02 1.266136369801348565e+02 1.065912453971227905e+02 9.486249228945706591e+01 1.060239195083218391e+02 1.007770047212976152e+02 9.392146009578617338e+01 7.359617725022036439e+01 7.967811963814669696e+01 7.462193272608362804e+01 8.861738351844691408e+01 9.697035051875123202e+01 9.451110927080016211e+01 8.686996051577492040e+01 6.683149269613404897e+01 5.690374782094551165e+01 7.680053736124349939e+01 7.815809120833178270e+01 5.804033967411429984e+01 6.654310194456128613e+01 7.491376598088409366e+01 6.892156601298331964e+01 5.732291070380286158e+01 4.169490839657294856e+01
7.805904197709143943e+01 7.272357421126653776e+01 5.272783891453504879e+01 7.272389117748666365e+01 8.814406779066432307e+01 8.954529474616593632e+01 8.133005989987090345e+01 6.714987008062726659e+01 8.708477005116093039e+01 9.899826487535180775e+01 1.047018172810176111e+02 1.112908873303934740e+02 1.195020408505766625e+02 1.294088603923908920e+02 1.348086007215979407e+02 1.232889136489693129e+02 1.060239195083218391e+02 8.570270591920743186e+01 8.041360014401236356e+01 7.561249896236570578e+01 8.562369812088951448e+01 6.537706342828101924e+01 6.040676708005836559e+01 6.838339377635448102e+01 8.530027411484311983e+01 9.613706655682247515e+01 9.522393879204439315e+01 8.387069191126280998e+01 6.387327500584063955e+01 8.387069191126280998e+01 8.655470817504624392e+01 6.961960437124422185e+01 8.262554195228074150e+01 7.256577210570983993e+01 6.422442871933894537e+01 4.900133187013950220e+01 2.899007561440299696e+01
8.523352474760064013e+01 6.545556726660480251e+01 7.272477312285950291e+01 6.011576405069784812e+01 7.166471693571210722e+01 9.133205477006899287e+01 9.528920575784054847e+01 7.871018973637961835e+01 9.528921843064090069e+01 1.113716940585574804e+02 1.063932555851071271e+02 1.146773471983899952e+02 1.153420093565596432e+02 1.236151837082821316e+02 1.375600968492666993e+02 1.260993944013746528e+02 1.142996899265974236e+02 1.060239195083218391e+02 1.007770047212976152e+02 8.937008892894910161e+01 6.905357419038050182e+01 6.468984788582541512e+01 7.693532555276304663e+01 5.688989542770649877e+01 6.760550028290863622e+01 8.187128341986598912e+01 9.294894950042713333e+01 9.223813102216780635e+01 7.532922750387413657e+01 9.223813102216780635e+01 9.823820154788289472e+01 8.982188113767257676e+01 7.427664138914185799e+01 5.417221604953593328e+01 4.417417955015817199e+01 3.751368642412903398e+01 4.900133187013821612e+01
9.341196647325620006e+01 7.947620328350268437e+01 8.621593355184191410e+01 6.648704746213968519e+01 8.621593355184191410e+01 9.951313812964686178e+01 1.067270572438226992e+02 9.852465951084430174e+01 1.054622353520359752e+02 9.135709859215786821e+01 8.629539299657977836e+01 1.011514800219424046e+02 9.527357031429077949e+01 1.153420093565596432e+02 1.294316091595983096e+02 1.094872237580649568e+02 9.775005465359659240e+01 8.998545110667353697e+01 8.312811374591376534e+01 7.665654961170972115e+01 7.103586213775005831e+01 8.494121005319249207e+01 8.530078495724090715e+01 7.351682486500800451e+01 5.368469319116475447e+01 6.447721838367010605e+01 7.871089900797456096e+01 8.769502342036733467e+01 9.553854927727624613e+01 1.039035488717806714e+02 9.215117105100705430e+01 8.379289738209153882e+01 8.262554195228074150e+01 7.256577210570983993e+01 6.422442871933894537e+01 5.754101232961199486e+01 4.989432788680468889e+01
9.510412111607293184e+01 9.913369341631204179e+01 9.438144461265781615e+01 7.642163573854833203e+01 8.621593355184192831e+01 1.058694361067370409e+02 1.153553029757178479e+02 1.037882084917832657e+02 9.544250778207499764e+01 7.712268053555699510e+01 7.466390117947906901e+01 8.103493461846386481e+01 9.527357031429077949e+01 1.153420093565596432e+02 1.218543285085401635e+02 1.260993944013746528e+02 1.179167128792014267e+02 1.102944325306034727e+02 9.707478236436540442e+01 8.768818834502413040e+01 8.617657268068535359e+01 9.985060003532569795e+01 8.491428050537183481e+01 6.597281941212199285e+01 7.036995566900223764e+01 5.090401652689310197e+01 5.928479490065065249e+01 7.341212287209636145e+01 9.364364880872872732e+01 9.244194526551605406e+01 8.050144011339823180e+01 6.361527461315031928e+01 8.050144011339823180e+01 8.681415571379524465e+01 6.898472430241353948e+01 6.070061354219795646e+01 5.821980393665417353e+01
8.453697703223291171e+01 1.045284347805974789e+02 1.042039902482146658e+02 9.601023136513548195e+01 1.042039902482146658e+02 1.045520750674707244e+02 1.071013418692491257e+02 8.702182368349004093e+01 7.539999080126105468e+01 6.706587596673789164e+01 8.718309685493548500e+01 1.011514800219424046e+02 1.094443770112864200e+02 1.160046642971718995e+02 1.019706928646245956e+02 1.160046642971718995e+02 1.181378001481730706e+02 1.254510188725607946e+02 1.162662926427399839e+02 1.079959276087014217e+02 1.084720614174715507e+02 9.860039573391728140e+01 8.203555450883814615e+01 8.231437359873798698e+01 6.754779329629212725e+01 4.919016314556932912e+01 6.831188248208950142e+01 8.769502332459020977e+01 9.215117107349175285e+01 8.050144012227634960e+01 6.393999343029225457e+01 5.204932462672940119e+01 6.665158170265911508e+01 6.665158170265911508e+01 6.070061354219795646e+01 4.106379099136547950e+01 4.681528315554739095e+01
8.672004051727707008e+01 1.067321958341278787e+02 1.084713027407589863e+02 1.002164099947822251e+02 9.863168763649933624e+01 8.449448106978243800e+01 9.863181470019144115e+01 8.573533835723809204e+01 7.741912016963296139e+01 6.268593360033185746e+01 8.279294500984350691e+01 9.178747336897163223e+01 1.119671515084686177e+02 1.070600033394676416e+02 8.771916277284367425e+01 1.070600033394676416e+02 9.820145606470218524e+01 1.122655378662465750e+02 1.221938243333076457e+02 1.065410998308622652e+02 9.814672619779531715e+01 9.879822450573664128e+01 9.810872512206536555e+01 7.221734258058468470e+01 4.671654837002624561e+01 5.112388742924093776e+01 6.112138495409745786e+01 8.049511828967942506e+01 8.379289738212440852e+01 6.361527461315031928e+01 5.204932462672940119e+01 4.389596109050908268e+01 4.659031361677383387e+01 6.495722327905789939e+01 6.070061354219795646e+01 4.106379099136547950e+01 2.710501596364261445e+01
1.067321958341278787e+02 1.079595316783833567e+02 9.691587568176872480e+01 8.016651657995569735e+01 9.036918865736861051e+01 7.026853168996703403e+01 7.876408035272442021e+01 7.292185905652853251e+01 5.730105643743759458e+01 6.401275993187988433e+01 7.160789267454151741e+01 8.587200614250775743e+01 1.060686745748740947e+02 9.881652238840527502e+01 7.862214878442996735e+01 9.881652238840527502e+01 8.391677072370934809e+01 9.397872338919590618e+01 1.110044207346948468e+02 9.814672619779531715e+01 7.778781827877210731e+01 7.785249183123539751e+01 8.848407117141681510e+01 7.746264544256828799e+01 5.998965890097347398e+01 4.400188249853631106e+01 6.411089086921464286e+01 7.356776718002446103e+01 8.192191372896358814e+01 8.050144012227634960e+01 7.082463229361910351e+01 5.073758884868366437e+01 3.660371575204811023e+01 5.084246997263264944e+01 5.916321627383952375e+01 4.160496727802382821e+01 2.159590762445030165e+01
1.035971938053540526e+02 9.463450724243490697e+01 7.965730027291873228e+01 6.855333543621404147e+01 8.794683192886841994e+01 7.876408035272442021e+01 5.863596612628874283e+01 5.274266246614553211e+01 7.291506911865268137e+01 8.397886006820712623e+01 9.178747336768033449e+01 1.001325047646382558e+02 1.013544397224229243e+02 9.243050073751074081e+01 7.218976688083787963e+01 8.416725574279003297e+01 7.374933801612074546e+01 8.263885622021483357e+01 1.027686075121581837e+02 9.814672619779531715e+01 7.778781827877210731e+01 6.350284875818100971e+01 6.825824138185917889e+01 7.015427740989092342e+01 6.212020123007426520e+01 4.197589590318301589e+01 5.935351550239698071e+01 5.346577967853922075e+01 7.356776718002446103e+01 6.802850058280395729e+01 7.388737637431566441e+01 6.495683097658090333e+01 5.084246838054311013e+01 3.083573532111581272e+01 4.549419744418319311e+01 4.271286851635944970e+01 2.270142718971936802e+01
8.687176559627837946e+01 7.525793395962647025e+01 6.626277112375773015e+01 5.954590638269105796e+01 7.295349164445603662e+01 6.877057870680550877e+01 5.183691137702055585e+01 4.958159626409420895e+01 6.133918681575228504e+01 7.566890534120518907e+01 9.654148308285731162e+01 1.013544397224229243e+02 8.122003707321165678e+01 8.491476880031981977e+01 8.416725574279003297e+01 6.389874276829374367e+01 6.607032387661892869e+01 8.042955488587486457e+01 1.005842704692557703e+02 1.001824323259597662e+02 7.992027644100132022e+01 6.563725881232798542e+01 5.405920154514024745e+01 4.988730933087916242e+01 4.535766730460796481e+01 4.058717524436302426e+01 3.932807549768457278e+01 5.701770074588947068e+01 5.539389519674340079e+01 4.790248297723354653e+01 5.378181629561377264e+01 5.678223932660767304e+01 4.845924185300428633e+01 4.549543462812540895e+01 2.548715568043926183e+01 2.432924809511056452e+01 3.293188721878360070e+01
9.336059279954588419e+01 9.463450724243490697e+01 8.635459797273422566e+01 7.295349164445603662e+01 5.276381648620566978e+01 4.843894872246546868e+01 4.525462234679427098e+01 6.566560348577263539e+01 7.704091752360439216e+01 8.535113105958312474e+01 9.539732014496408397e+01 9.916818946151479963e+01 7.901080865224312788e+01 6.465600157637527445e+01 7.408600222454673201e+01 5.865353517060229649e+01 7.893394819594921330e+01 8.633273440736094528e+01 1.064244553869112195e+02 9.861758943010758571e+01 7.835055292309750996e+01 6.407786906578442654e+01 6.825824138185360823e+01 7.015427738602448926e+01 5.378673324638525344e+01 6.242756324462597917e+01 5.701770073221741342e+01 3.699808235589645022e+01 3.537874320716193921e+01 3.377016016127760167e+01 5.153698713937582454e+01 4.844946787331750215e+01 2.845680553457011897e+01 2.721916364746305561e+01 4.544697070711083597e+01 4.434025421332041361e+01 4.943640968229255606e+01
