LEM/with_lateral_4open/elevation_000309.asc
nrows	100
cellsize	150.0
xllcorner	0
ncols	100
yllcorner	0
NODATA_value	-9999
[rows 17 to 33 of 100, columns 37 to 73 of 100]
3.724097116314542433e+01 3.019094432194071587e+01 2.619222726672176549e+01 2.257977247761797202e+01 3.371159398306068056e+01 1.388061593831258200e+01 3.195617032151418968e+01 3.967577624237895151e+01 5.278115823539204143e+01 4.736997680370525643e+01 4.736997693119567288e+01 6.727011355940037163e+01 6.245007561538296414e+01 5.441537311256590215e+01 4.048553644359893866e+01 4.495654740074195388e+01 5.460076091110565244e+01 7.405388629280332680e+01 9.079290950789611259e+01 9.913390025314036791e+01 8.715863165801496848e+01 7.292019462487647274e+01 8.100601856650443722e+01 7.456336797099537250e+01 6.558584400906340761e+01 4.993249007974785059e+01 3.810430530879131084e+01 3.565460631746061892e+01 5.059541839324040780e+01 3.655643636178828615e+01 5.484945341061625612e+01 6.763926731074097631e+01 7.890162426288236475e+01 6.860592103575413603e+01 4.859902004237923023e+01 3.809427291953024053e+01 3.938061968714259109e+01
3.964561092278628962e+01 5.046292237585657148e+01 4.614088573527624249e+01 3.690674042657675358e+01 1.756953973448336370e+01 1.451037263634538554e+01 3.394349158435246494e+01 4.241939919358623001e+01 4.310151866284360267e+01 4.833026942163029105e+01 5.413755075994422583e+01 6.084792173384296632e+01 6.906934976825573358e+01 6.709524663777224873e+01 4.769220932669619373e+01 6.432732360195446120e+01 5.460076091110565244e+01 6.331043208054492766e+01 7.706855981842365111e+01 9.645092562868023833e+01 1.001674033182851957e+02 8.653278027051827337e+01 6.654045561902461259e+01 5.523077592833600846e+01 4.703598170818839463e+01 4.158425047334801405e+01 5.634439641789940367e+01 5.393499267144140674e+01 6.200187367980429087e+01 4.926968362168538107e+01 4.102240711502368953e+01 5.131462409263643565e+01 7.058316854423395625e+01 7.694756031203206703e+01 6.404586050673128739e+01 4.407161040113685857e+01 5.085319376386490120e+01
5.144463561561619258e+01 6.028874839655400564e+01 3.985679969362664821e+01 2.842548022879652336e+01 3.690674042657674647e+01 3.416650237166294346e+01 1.543289163489822258e+01 3.294537742509985634e+01 2.308876985835402706e+01 2.823497792079726665e+01 3.402053810554772895e+01 4.071680882467645546e+01 6.084792173384296632e+01 7.514585796652177407e+01 5.887729952045753379e+01 7.514585796652322358e+01 7.405388629280332680e+01 8.210218706643667019e+01 9.079290950789611259e+01 9.937718898124190048e+01 1.014522941266887557e+02 9.547071057545765882e+01 8.404338077156486975e+01 7.465236356273572937e+01 6.620489749938738555e+01 6.001307396808273609e+01 4.544819552776435501e+01 6.427557114431846230e+01 7.659837019548611181e+01 6.305804287788260609e+01 4.435410762340527668e+01 5.730507607199769637e+01 7.694693336453221377e+01 8.415198414794528503e+01 6.404586050673130160e+01 5.157365892611056779e+01 7.088583688907372959e+01
7.194678516746513708e+01 6.882708049169470144e+01 5.700001288162135893e+01 4.849235731285023832e+01 4.521796160494770334e+01 2.517824384980586316e+01 3.519234117003117746e+01 1.638556762769459496e+01 3.562911172969855755e+01 4.803544579210551291e+01 5.413755075994592403e+01 6.084792173384296632e+01 5.497743448944498823e+01 7.502053173382510920e+01 7.832117116698128712e+01 8.636950306443797842e+01 8.900918506225545457e+01 8.094320387083895696e+01 8.894842709212979059e+01 8.010096614944710325e+01 8.221712153485569274e+01 1.014522941266887557e+02 1.012625590760184053e+02 9.117369721889667744e+01 8.151137307421029732e+01 6.159191853354176516e+01 4.825864107900758171e+01 6.159191853354176516e+01 8.151137307421029732e+01 6.756972150971184021e+01 4.842829017910640488e+01 5.585702522636736944e+01 6.698533597338908407e+01 8.701119617184903632e+01 7.997435244341053817e+01 6.156700409611864444e+01 7.997435244341053817e+01
8.532831266645659696e+01 8.316216310705665649e+01 7.212571923192817280e+01 5.204992486054919709e+01 3.783050893806208137e+01 4.521265573450116904e+01 3.697260036478521528e+01 1.708271550264418082e+01 3.005535929962289998e+01 2.945191569636297402e+01 4.371026115857564065e+01 6.446482767542542547e+01 7.502053172929626612e+01 8.316127494432905110e+01 8.897073558646275160e+01 8.094463845881219299e+01 7.908916573655254467e+01 6.109792691973358103e+01 7.525335472028395145e+01 6.611698592147182296e+01 8.574684147190242811e+01 1.007411911069441715e+02 9.291268067995423507e+01 7.272694854151815491e+01 6.276625216385184558e+01 5.489637386078828740e+01 5.257177252803458600e+01 6.630021174502124381e+01 8.635742751013953011e+01 7.246256424610486135e+01 5.289119330053271995e+01 7.246256424610486135e+01 8.380648774825411351e+01 9.541136585009306259e+01 9.004166554447120063e+01 8.168156533881384007e+01 9.004166554447120063e+01
6.489817350818059083e+01 6.263486850686424390e+01 7.697968833645266784e+01 6.626914893391315786e+01 5.792998889421936326e+01 5.430943646457777163e+01 3.575882126968306096e+01 3.219714716068826732e+01 1.810175937734093310e+01 3.847920047503249208e+01 4.597006103827987999e+01 6.060322110855979361e+01 8.120526657548694516e+01 8.871696688522038698e+01 7.759153860794056357e+01 6.110505076624608733e+01 6.561876724543120076e+01 5.084333063282107901e+01 5.526989733109974878e+01 6.174608441517138147e+01 7.329118449099405552e+01 9.278612675487332240e+01 1.012625590760184053e+02 8.536911190017283957e+01 6.528365207205924037e+01 7.463298202408539339e+01 5.974728018148854147e+01 6.285242650780507034e+01 8.289220101171244437e+01 8.000658164753747315e+01 6.004698771700304150e+01 6.399547713550622774e+01 7.549005250154668545e+01 9.569299411307891035e+01 9.920353850392393724e+01 8.929708372827452934e+01 8.109979068631741939e+01
5.536322713244498317e+01 4.742795861986225958e+01 6.068929196581741792e+01 6.560222494387700465e+01 5.746270395518127572e+01 4.972794086468294950e+01 4.104878129019062527e+01 3.404054240322295755e+01 1.883952707896891354e+01 3.305922382975307272e+01 5.371155276119434774e+01 6.324031035869207784e+01 7.147872008186352843e+01 6.917333180435207396e+01 6.863735440762356177e+01 4.927643911462626392e+01 4.527099589690991621e+01 6.562074117082579505e+01 7.524567439814434522e+01 7.527404897810116324e+01 7.329118751451262881e+01 8.713962371158956444e+01 1.064188539453183182e+02 9.372177393891526265e+01 7.527102827105169069e+01 8.804285148369447711e+01 6.859412615361627275e+01 7.280272973668422765e+01 9.113954755091428694e+01 8.839686437779818107e+01 6.992603975629013746e+01 8.402882033523853522e+01 9.242727332085630110e+01 1.041122272183485222e+02 9.101572826622901857e+01 7.118385310640583441e+01 6.104464666459912081e+01
7.273064208091156502e+01 6.068901733898286466e+01 3.971259842580894173e+01 5.746270395518127572e+01 3.761255987933767386e+01 4.162704723528829476e+01 2.187181479940704065e+01 2.060710803344763420e+01 1.978501468647661810e+01 3.993010992840451934e+01 4.963305867556832851e+01 4.380644504857416166e+01 6.012638315682115575e+01 5.492269836090705581e+01 5.859391879603081321e+01 4.000805646045763098e+01 5.576937558409753848e+01 6.409844031516163909e+01 7.605635517072948915e+01 9.478454992814420166e+01 9.278637951099202041e+01 9.278637951099202041e+01 1.120223743659617099e+02 1.038128218227214177e+02 8.954277788189178011e+01 9.703302121129874536e+01 8.020567216490472617e+01 8.702917513473946087e+01 1.010859289564699566e+02 9.849889380599988442e+01 9.008712353878497936e+01 9.849889380599988442e+01 1.078687601175144977e+02 9.969519715801179416e+01 9.920353850392393724e+01 8.929708372827452934e+01 8.109979068631741939e+01
5.680643956528300009e+01 4.440880850825559634e+01 3.498250598872206041e+01 5.000943680134020042e+01 4.342653247162227359e+01 2.367313460605527453e+01 4.162704427546858454e+01 4.242403211079752623e+01 3.400722611909824877e+01 2.114646457482693265e+01 4.131531578289187934e+01 3.243775748026627070e+01 5.138189381597454286e+01 5.280315496254968366e+01 3.825748236636202648e+01 5.141831072239828160e+01 3.535941554314874224e+01 4.720145577912113311e+01 6.759376108999718724e+01 7.997524745502067844e+01 8.810963831526117929e+01 1.015488265021882057e+02 9.357676563151206039e+01 1.015488265021882057e+02 1.097700049628152357e+02 1.086421747980524373e+02 1.003804377283509837e+02 1.069525145161517230e+02 1.070328647160700513e+02 9.873701175096636007e+01 1.011897002948202413e+02 1.080147458030072727e+02 8.831785860442104763e+01 7.998906872828037251e+01 9.280999251754694512e+01 1.009810874809096504e+02 9.070089113599269126e+01
6.917988044259436720e+01 5.684773760076544136e+01 4.117077486896127425e+01 2.919332079983728079e+01 2.547999233949402864e+01 4.342653247162227359e+01 5.160739241144762701e+01 6.249140505330484530e+01 4.726473588364233791e+01 2.668101226218511712e+01 2.253309268966236090e+01 2.351801281177747427e+01 4.370804207905865013e+01 2.747480576256495866e+01 2.928399908583940459e+01 3.113868704145250632e+01 3.355669461467196868e+01 5.392537792174410072e+01 6.563930307433633971e+01 6.003998521989952053e+01 7.997524745502067844e+01 9.188820220133139571e+01 7.412985529195039192e+01 9.188820220133139571e+01 1.023692611468111551e+02 1.035302351797102460e+02 1.116943187344348019e+02 1.069091896939169288e+02 9.546628748802216080e+01 7.888104594594923924e+01 8.144387676703833279e+01 9.542052009841491156e+01 8.831785860442104763e+01 6.841461962775814243e+01 7.298319357553975806e+01 8.546363118012233429e+01 9.364778081897564732e+01
4.998390001763789314e+01 5.392829791039649479e+01 4.720486321405635977e+01 2.740095587307375880e+01 4.525902440697079498e+01 3.902241770341216665e+01 5.825015619333665029e+01 6.239669819299786724e+01 4.099687570020931560e+01 4.726473859215868600e+01 4.271321722622715100e+01 4.370804207822136789e+01 2.492633317988670427e+01 3.541055971695148941e+01 4.805022730377798723e+01 5.141831072239829581e+01 5.392537792174410072e+01 3.710482136648422369e+01 4.553114653357230424e+01 6.587888834383448966e+01 7.016893326240477791e+01 7.335610534754491141e+01 6.414910875626651432e+01 8.276367284172641803e+01 8.278382616727148502e+01 8.400368486738301499e+01 1.035302351797102460e+02 9.866772511713892868e+01 7.887991811290677902e+01 6.727866529333307710e+01 6.727857433424961187e+01 8.427665487685715107e+01 8.079514137342985691e+01 6.067825054638506543e+01 6.126091137539214060e+01 6.545012919634906723e+01 8.546363112179089683e+01
3.594640987277768573e+01 3.400687345444648457e+01 4.862619592535310886e+01 2.875907580623432125e+01 3.738979301166177294e+01 5.559569480221767890e+01 5.825015619333665740e+01 7.065740476496905842e+01 6.239669819299786724e+01 6.430230700631986451e+01 5.111525501869321886e+01 3.082310085098579222e+01 4.513142522111640176e+01 2.669285117414754183e+01 4.692288704262008281e+01 5.702981198762407189e+01 6.583165106395230737e+01 5.757195753499488688e+01 4.107515345921929395e+01 6.154918501423120603e+01 4.991159947531500052e+01 5.325546167433089551e+01 5.710159944942785160e+01 6.299394856272854071e+01 7.009627367347724203e+01 8.147430938249584642e+01 1.009906347386530427e+02 1.027142102321760717e+02 8.297329677032848849e+01 6.883263570601064885e+01 5.701981499727340008e+01 6.422323088056234042e+01 7.834809713382328766e+01 7.131194809330131079e+01 5.090397127608879657e+01 6.545012919586734768e+01 8.546362905021301515e+01
5.582962639967284701e+01 5.125407818216559974e+01 3.132546717237137202e+01 3.095392405741340980e+01 5.070714715069895817e+01 6.588459552243290318e+01 7.764083218870077019e+01 8.399822209813586937e+01 6.430230700631993557e+01 4.402976779287511278e+01 3.756263056265347444e+01 4.255455092534732842e+01 5.522990848723174651e+01 4.692288672947729822e+01 2.846969759854334114e+01 4.872962840908852655e+01 5.885161619936925348e+01 6.977754166362586830e+01 6.154918501413776255e+01 4.528531989006943093e+01 6.560720930676397700e+01 7.313612251472228820e+01 7.704865139143963404e+01 6.452950201475026404e+01 7.449610512372272808e+01 9.407314978217831936e+01 1.091458685085986104e+02 9.757661391193245493e+01 7.783017960027606819e+01 6.621406181918355571e+01 5.701981426251979457e+01 4.965016716460074520e+01 6.463102220674095122e+01 6.095133605279552569e+01 4.639532915500104338e+01 6.096108740386583236e+01 8.109632643984707556e+01
6.708204154440825562e+01 5.932615570908687630e+01 5.057765021167555375e+01 3.323358092182705548e+01 4.210191151667796561e+01 5.583265300048479673e+01 7.526523691236828029e+01 7.585487025015608253e+01 5.584524355950037489e+01 6.430230700631993557e+01 4.529812378224308134e+01 6.280939334630843263e+01 7.102566010540049035e+01 5.703279656320306401e+01 4.847362046686347981e+01 3.026395320189124405e+01 4.463574912897498592e+01 6.486961363206253850e+01 7.385957870577651363e+01 6.566688247620179197e+01 5.983411728173101096e+01 7.977824969902357566e+01 9.043153420205233317e+01 7.087248844027841699e+01 9.049761941402177001e+01 9.407314978217833357e+01 1.136571532092948900e+02 1.057590746102839461e+02 9.435715096790347900e+01 8.545752475759111633e+01 7.724875247684443025e+01 6.463102220674095122e+01 4.414724272594399679e+01 4.059085337507907809e+01 5.713720796226580489e+01 5.531359977458498633e+01 6.364142316652801412e+01
8.261229144027802818e+01 6.705523461376245109e+01 4.719450498804491190e+01 3.565337524851111084e+01 5.553038437896453416e+01 6.152432505220190251e+01 8.095127364163447226e+01 8.399822209813586937e+01 7.007867723119179004e+01 7.373866342261875673e+01 5.553659093614659525e+01 7.373866342261875673e+01 7.242642151646538196e+01 5.245130207840429648e+01 4.062971830890769809e+01 3.154423981222444695e+01 4.594495698658952421e+01 6.617047847487772572e+01 7.214860328228358810e+01 8.031176715593316828e+01 7.983309189711268061e+01 8.803311603753893166e+01 9.863735492743423094e+01 8.477116661440540213e+01 8.477116661440540213e+01 1.043224994271450896e+02 1.094978817612601176e+02 9.812964053364596850e+01 8.996403377088509501e+01 9.128747045541572902e+01 7.494382341621950161e+01 6.667269215217393707e+01 6.338283423975517650e+01 5.662283017109621852e+01 3.697066682599876941e+01 3.522381561639913627e+01 5.277495105460014457e+01
8.565497921843612517e+01 7.522267653411179822e+01 5.798825748779885458e+01 3.817225099202454430e+01 5.798825748779885458e+01 7.406981080436892739e+01 8.213833675975619997e+01 9.190887594714035913e+01 8.979983258896413645e+01 8.369370742744808922e+01 7.555073110104174816e+01 8.369370742744808922e+01 8.051557425676966773e+01 6.928743205414143347e+01 5.319923934391381692e+01 3.284857927700974756e+01 5.319923934391381692e+01 5.835920499447566812e+01 5.212153802888828125e+01 6.880315409567967322e+01 8.287324598972375611e+01 8.811199227723137994e+01 9.586124203626964402e+01 1.043224994271450896e+02 1.043224994271450896e+02 1.125035432404629603e+02 1.013191777092635704e+02 8.165149148073427909e+01 7.011122510449811784e+01 7.136439659888640108e+01 6.667269215217393707e+01 4.612825412441901562e+01 4.301081666514096469e+01 4.043830686458466062e+01 5.713720443262049997e+01 5.277527132287778500e+01 3.275279066547614093e+01
9.370452546887175060e+01 7.442993979701793705e+01 5.472907524595382966e+01 4.072716049860552801e+01 4.731889799462325641e+01 5.432661918351147534e+01 6.427366604165857211e+01 8.386595599169768889e+01 9.674930871079331496e+01 8.550786334309199788e+01 7.743778854681291079e+01 7.996178966861938875e+01 7.746794619446545482e+01 6.609426157224977771e+01 5.490359037870565828e+01 3.452251631068188686e+01 3.587834834470628209e+01 3.806008621530859415e+01 4.029916103652075776e+01 5.473300330463594321e+01 7.167861834120914466e+01 6.902611208809784671e+01 8.124069709948803109e+01 8.775820688376813905e+01 9.575935755715957498e+01 1.054168432422999473e+02 1.066205985587804435e+02 8.693764964653358618e+01 7.850200934317641099e+01 5.831379185129235765e+01 5.091373035529690583e+01 5.109503634537795591e+01 6.350261611523632865e+01 5.368965703275649304e+01 6.252509704905205723e+01 4.626917349746931762e+01 5.277530859993026979e+01
