LEM/with_lateral_4open/elevation_000060.asc
nrows	100
cellsize	150.0
xllcorner	0
ncols	100
yllcorner	0
NODATA_value	-9999
[rows 0 to 16 of 100, columns 37 to 73 of 100]
8.884754177262699226e-02 6.929726548558100274e-02 7.395023591448830758e-02 4.828361932999872264e-02 4.897713358561925356e-02 8.568734790590110117e-02 1.075183056328203948e-02 6.823539046102447547e-02 7.194897206013613211e-02 1.557559815681563986e-02 7.704183385687686514e-02 1.685416958384493638e-02 9.680445094065920353e-02 7.639902522890137937e-02 4.559330980047965332e-02 5.839666421669215124e-02 9.739037529851846120e-02 3.670263267501718690e-02 2.041064012308905357e-02 6.895211126444661387e-02 9.031524355919069713e-02 1.560024811392830661e-02 7.641644294168103979e-02 3.888124420523987601e-02 6.873285589001959517e-02 4.772367030474261584e-02 9.504926490987847254e-02 5.760415539182907330e-02 9.666222459857021221e-02 9.627991409191682948e-02 1.286757495974483190e-02 9.381044340810595905e-02 7.584058927755046864e-02 1.435327048224320848e-02 5.777975670406795827e-02 2.716720951219454838e-02 4.735230246529398453e-03
2.008884754177227094e+01 3.661403306021071558e+00 2.007395023591413263e+01 6.078510510885297258e+00 2.004897713358526445e+01 8.250653157183091224e+00 1.415288745429435657e+01 8.233201199738356735e+00 2.007194897205977924e+01 1.156258799895505440e+01 1.421917765390362121e+01 2.001681139247859420e+01 2.009680044669347154e+01 6.909841090919036644e-01 1.997405097307655453e+01 2.004025342257072140e+01 1.424019611304038868e+01 2.003670263267466112e+01 6.050637531678387582e+00 2.006895211126409251e+01 2.009031523457676016e+01 2.001560024811357152e+01 1.647764845561435321e+00 2.003888124420488381e+01 2.006873285588966382e+01 1.418985932791976445e+01 2.009504926490952315e+01 7.616893615576405985e+00 1.423879784832939599e+01 7.655569371513823107e+00 2.001286757495939028e+01 2.009381044340775091e+01 1.772218448732401086e+00 1.998310714705660018e+01 2.005777975669123947e+01 8.192133982414230076e+00 2.000473523024617251e+01
2.731288699470616876e+01 7.312887022722163621e+00 2.731288271102821952e+01 1.240306583122211137e+01 3.240306658525889105e+01 1.719492506718209057e+01 3.415288745429506179e+01 1.823320119973853437e+01 3.651747244720125707e+01 2.570525871517372707e+01 3.421927416883296047e+01 3.537655268895323957e+01 1.544603562574594591e+01 1.305859570993249896e+00 2.130410685051752395e+01 3.818026254007248355e+01 3.426181756626037611e+01 3.237519285201590691e+01 1.237519285201520169e+01 3.237519285201590691e+01 3.723607898254857673e+01 1.735902524547271142e+01 3.223985657668142490e+00 2.321991295778149222e+01 3.378764585769510376e+01 3.418988680989337325e+01 3.590126084149456176e+01 1.656116552557572064e+01 3.423879784832868722e+01 1.582053505021495177e+01 3.581868702585939701e+01 2.347885825186036257e+01 3.474731512172182679e+00 2.347549151641477039e+01 3.628612492890915320e+01 2.233656359869349828e+01 2.820074000195372932e+01
1.296974127221449535e+01 2.731288699470616876e+01 3.559708063183221327e+01 1.947413364308771122e+01 3.947413433834830698e+01 2.874193045096125587e+01 4.547919058041289020e+01 3.237533682346998631e+01 4.651747244720143470e+01 4.572726484412508086e+01 4.589783760960046521e+01 2.605521056537352464e+01 1.192180512819575000e+01 1.921900674626948025e+00 1.008687892759230209e+01 2.423298663712967738e+01 4.430859186253104554e+01 4.065946409947810736e+01 2.131946476201451546e+01 4.065946409947810736e+01 3.744195553327421067e+01 1.761283487004886084e+01 2.321992725000766100e+01 5.517580809424128319e+00 1.965525219850550798e+01 3.964317557818091586e+01 4.484567270334760991e+01 2.810817091000981804e+01 4.409335256699301198e+01 2.736751260474073533e+01 4.175156743001758031e+01 2.520217494874787789e+01 5.196057464182255892e+00 2.520217494200055697e+01 3.609817358711429591e+01 4.240312200832723022e+01 4.824557077151727924e+01
1.714002955335591949e+01 3.714002950399892455e+01 4.775843132285576331e+01 2.947413364309041484e+01 4.775843132285576331e+01 4.874193014187306972e+01 5.702619200818033818e+01 5.237533682347068975e+01 5.537111530503467094e+01 5.004145938761930523e+01 4.153168469446491429e+01 3.970382975547167348e+01 2.253983978433819857e+01 2.541181796849581787e+00 2.254396975415116700e+01 3.011299527123774311e+01 5.023646609110517147e+01 4.960373600947746553e+01 3.546160038574596740e+01 4.960373600947741579e+01 4.570792768663569916e+01 3.737891122293419244e+01 2.715005226033302677e+01 7.160609278520149168e+00 2.129687871653959164e+01 4.128086582098244861e+01 5.639277739564996494e+01 4.810819464665090095e+01 5.563247524483750084e+01 4.736320597692071743e+01 3.344612562747258266e+01 1.336446366456013379e+01 2.518799322771886295e+01 7.788874364437810449e+00 2.780476201881132425e+01 3.861715173820369529e+01 5.868363535314649226e+01
2.230400734829905218e+01 3.346996116960847445e+01 5.346996091318265343e+01 4.361626927957235011e+01 5.775844577916255673e+01 6.528826726830953930e+01 6.306033831809260448e+01 5.537111530503467094e+01 3.518904792711296636e+01 3.827203315151330543e+01 2.141330902071393893e+01 2.771147814447537883e+01 2.316329747561874441e+01 3.161355469795625428e+00 2.316373983530110792e+01 3.455318411912663379e+01 4.296070929317313158e+01 5.268610722311790795e+01 5.546160038574667084e+01 5.614067842811405029e+01 3.559694645133229329e+01 1.949147637524685450e+01 1.245844651143875481e+01 8.886187956814250555e+00 2.883317293388916269e+01 3.990489990713682289e+01 4.867987221210263016e+01 5.698550423868091030e+01 6.400601250170721812e+01 4.396902909614884436e+01 2.975304135005626094e+01 2.155056543509368794e+01 2.963618660898547219e+01 9.645832294641945026e+00 1.859268489177050299e+01 3.274981725504551378e+01 5.288420525857444687e+01
2.937507516016440334e+01 4.230400728176234537e+01 6.175422647262426068e+01 6.361627398926012944e+01 6.528826726830953930e+01 4.449331856856159106e+01 4.219916719632519175e+01 5.684044838396066979e+01 3.889252629490855639e+01 1.880291363330230325e+01 9.727961322994181259e+00 7.568951518271262557e+00 6.439107493089172074e+00 3.787658797707394776e+00 5.091709633340752106e+00 1.385685581845335612e+01 2.196603164707882883e+01 3.531666275924486342e+01 5.976239757718455792e+01 5.501918273220748290e+01 3.552644101815000965e+01 4.123469025821694345e+01 3.160364472865659735e+01 1.235212461473499879e+01 1.172474604085593519e+01 3.158796205628986797e+01 2.871017884268886178e+01 4.868775716898863948e+01 6.035001751030938522e+01 5.611397012406943219e+01 3.585587470740727412e+01 4.157780788256555837e+01 3.025870552987487727e+01 1.156149910786045609e+01 3.156106922858257136e+01 3.915936919863072774e+01 4.745540435812942093e+01
3.831934707016324637e+01 5.765934230577311581e+01 7.058826825294265461e+01 6.844863755712437126e+01 6.000767808762306288e+01 4.830926275439789208e+01 2.017580272105159267e+01 3.913996863239184876e+01 3.322536102742034814e+01 1.312795558646879712e+01 2.990817712328994205e+01 2.470778519023885877e+01 4.689881083617382096e+00 2.343562748072083224e+01 2.790383951108141503e+01 3.451398235521557467e+01 4.293441529951084590e+01 5.239761705546436588e+01 6.640609645579817766e+01 6.365638500384817178e+01 5.568527562776296236e+01 4.928172168037944800e+01 3.578199982906173204e+01 1.586294848325711548e+01 3.166398453277858849e+01 1.461621160350625104e+01 2.214414620309016968e+01 3.211456370445993969e+01 5.207331252778968889e+01 6.434024048399243156e+01 5.611406156030714953e+01 5.079849745569119079e+01 3.962929034513801696e+01 3.156367310507731361e+01 1.433510830687371396e+01 1.918729993317015214e+01 3.074576388420276984e+01
5.246148269242800666e+01 6.660361231876650834e+01 7.632691908324137842e+01 5.999062638939324188e+01 3.984343377944387043e+01 4.171548349706286984e+01 2.177211241478565995e+01 1.912477362670020753e+01 1.658943948411419456e+01 3.322536102742030550e+01 4.158784989653870667e+01 2.556150589917762517e+01 5.360069415802350967e+00 1.135510650578104475e+01 1.760619941328879889e+01 2.450813303428913414e+01 3.278464421218779279e+01 4.293957953097025637e+01 6.067146208149113562e+01 6.643221008997461752e+01 5.491752142397687209e+01 4.101742697155937378e+01 2.107520107866138659e+01 3.578199982863760908e+01 1.772431596306340040e+01 3.455356738320686105e+01 4.209388509657880206e+01 5.036718902993419533e+01 6.035150269642169008e+01 7.211955829823671138e+01 5.203056650861592658e+01 4.303838963884468427e+01 2.295460320541941357e+01 1.740341470209416030e+01 3.435723786160753690e+01 3.919764704310887282e+01 2.814002799039715086e+01
7.246148206172055950e+01 7.411673629185710865e+01 6.238587382037000140e+01 4.821012348467903763e+01 4.573712834114544989e+01 2.574760232668360160e+01 4.171548349706286984e+01 3.913996863996241871e+01 2.659360655177669130e+01 4.499077589853514780e+01 4.089001601403230524e+01 2.026550980479484565e+01 6.027386760477389416e+00 2.587055683328943800e+01 3.693102576275472160e+01 4.347930710782567587e+01 5.076967088082288626e+01 5.875472221949864604e+01 6.855310468172227445e+01 5.817686231872164626e+01 3.822709743762202095e+01 2.670608776169445164e+01 4.101742697155937378e+01 3.987570824422515869e+01 1.993564655462159507e+01 3.987570824422515159e+01 3.944544950600789690e+01 5.354303740117616428e+01 7.350190473920032730e+01 6.624407469721744235e+01 4.614313864799623133e+01 3.192344774347014535e+01 3.982016657296108519e+01 1.977767406043778564e+01 3.982026407079081309e+01 5.220283350428140068e+01 4.226779977668848431e+01
7.844434897204367019e+01 6.573090427334375363e+01 4.561767787389668882e+01 3.414062184635552910e+01 3.056975474996383468e+01 3.237664971065242270e+01 5.241735861862823498e+01 5.505262678047483860e+01 4.665944023669311491e+01 5.505242939440056205e+01 3.994935932707999626e+01 2.067728788364463810e+01 6.685678187533736327e+00 2.080741877535030326e+01 4.106196813062964424e+01 4.494210334978843946e+01 4.494210334978844656e+01 6.498165497880523844e+01 6.474676634650927554e+01 4.487917682409027265e+01 3.335596934042346362e+01 4.665886019588133848e+01 5.491752181839687807e+01 4.814307107595070079e+01 3.987570824422517290e+01 2.316807870626762522e+01 4.310513607506155154e+01 5.481008150071661333e+01 6.632515164483751846e+01 6.624407490149570776e+01 4.614313864802870313e+01 5.203056639827749308e+01 4.716073988344515300e+01 3.116596464475597728e+01 2.331569530348967589e+01 4.402758669074051312e+01 6.213205064628544960e+01
6.410862177206789170e+01 4.991218955799246970e+01 3.999005787103888565e+01 5.317631076345721652e+01 4.473173718051622672e+01 5.241735861862823498e+01 4.388853528935639758e+01 6.406794795080300275e+01 6.222355926430417838e+01 4.149273833296877712e+01 3.874467051116327809e+01 2.392694973975532591e+01 7.339194344863816610e+00 2.731568499205693357e+01 3.637945440641181705e+01 2.486068877454285087e+01 4.494210334978843946e+01 6.481384847115629100e+01 7.290129357588854475e+01 6.155316124099231700e+01 4.228367456527684709e+01 4.333726388642240579e+01 6.327332894978906808e+01 5.897609038999164710e+01 3.937399904016817942e+01 4.310513463115520238e+01 2.661412994846972779e+01 3.811951929308814613e+01 5.805284619625763298e+01 7.454732212649501832e+01 6.624407478231469781e+01 6.364677132082937305e+01 4.871714277305392926e+01 4.568425166865632292e+01 2.587925835417702913e+01 4.594676414857409696e+01 5.922357230143848028e+01
6.153038232766039073e+01 4.746424620890308432e+01 5.146145332093062308e+01 6.778704030300603733e+01 6.528947679160471296e+01 7.248173130796718056e+01 5.811072294516551295e+01 7.248173130796718056e+01 5.637039316229253672e+01 3.533021425513894087e+01 2.003581463451444122e+01 1.346521174560985656e+01 7.992145629710915244e+00 2.756595688480732420e+01 1.612006437455559293e+01 3.637945440715506606e+01 3.648292438438356555e+01 4.802472443875936392e+01 6.807009197737284012e+01 7.046482278564502622e+01 5.380559349095328514e+01 5.148615987570455843e+01 7.140527271329015946e+01 6.703878581164691752e+01 5.663810089429193084e+01 3.726560879466349263e+01 2.914778387428523487e+01 4.908618979957994100e+01 6.125404287579184626e+01 7.277392006703503569e+01 7.832829561807943719e+01 6.619335501470247607e+01 5.185253547821518083e+01 3.166809612921462147e+01 4.594020499235774935e+01 3.081367207929650220e+01 4.241145732948105973e+01
5.675110218440295995e+01 6.150375183534525547e+01 7.162814956086124596e+01 8.001270831024245922e+01 8.125777228268800911e+01 7.256919384561442143e+01 7.844996135352124611e+01 6.394643136096924962e+01 5.544600270660326657e+01 4.996587948469360185e+01 4.112882857939936088e+01 3.320030664907751827e+01 2.797981651041595441e+01 8.925988891621170040e+00 1.196052203699671601e+01 3.591357766916343053e+01 4.977198672570696658e+01 6.481384847115629100e+01 7.639278828743459826e+01 8.195799089821119310e+01 7.371896784831238847e+01 6.299843421953799094e+01 7.964432981619485474e+01 7.070432418736660907e+01 5.109134657266553603e+01 5.466123314087015217e+01 4.908619282000883999e+01 3.305813940434775589e+01 4.455615602254618324e+01 6.450114835861866425e+01 7.007489650446615315e+01 4.822560780132481284e+01 3.787656392821743623e+01 5.185253552127296928e+01 5.468723259305581053e+01 3.460527847009173996e+01 4.880986221961287441e+01
7.020936120405006875e+01 8.141264051654297873e+01 8.328373802237138079e+01 7.142008029196004770e+01 6.277743131237782848e+01 5.176675321407898878e+01 6.901339288424293272e+01 5.544600270660326657e+01 3.483887896829362774e+01 4.087456451160510085e+01 4.103932157799000890e+01 3.270477636230840091e+01 3.178693603782049948e+01 2.892425155579071117e+01 9.873231637797662330e+00 2.141351678881254017e+01 4.144171381365327278e+01 5.841352301190585905e+01 6.670746758288319711e+01 6.967986630877133791e+01 7.798733283099751645e+01 8.288922766126856345e+01 9.112829904021633354e+01 7.913074252057342051e+01 7.046611739227132887e+01 6.112405496081336054e+01 4.118718663025154569e+01 3.642573676350336598e+01 5.634154830615018739e+01 6.955592139084370729e+01 7.877615182699075547e+01 6.349505302436946153e+01 4.309318391179495222e+01 6.349505302440745425e+01 5.929839204782617657e+01 3.921388696972783805e+01 4.731166101367044519e+01
8.919739453175297683e+01 9.338467585654376535e+01 6.932076656491341282e+01 5.248540360251335812e+01 4.188765287870881338e+01 3.999525031997643509e+01 5.973245191133642606e+01 5.756677605511080031e+01 4.087456577037745831e+01 2.179885251562002324e+01 3.272604183333506711e+01 1.268338736004437983e+01 1.175135871792443965e+01 1.082460195414954462e+01 2.891996358081386020e+01 3.721183185854673781e+01 4.429574538881305301e+01 3.844797042677018339e+01 5.841352301190585905e+01 4.970670872494265780e+01 6.644181638425536107e+01 6.936401870576382578e+01 7.767108933018569417e+01 8.464724332884496505e+01 6.468411310070807474e+01 5.057611933653193148e+01 6.112405496081336054e+01 5.633942856801913024e+01 4.140076086336479477e+01 5.792480783558242763e+01 7.346194483742213777e+01 6.939292133850693745e+01 4.896210618576513696e+01 6.939292133850693745e+01 6.416776095700740257e+01 4.409083943028942798e+01 6.416776037593932358e+01
8.254186712654002633e+01 8.081514305413529087e+01 7.243456295763691344e+01 6.570697168447543390e+01 4.528796102277512858e+01 3.094566869505215578e+01 4.420665681341704811e+01 4.471243819580720213e+01 2.913139370496037373e+01 1.496768216317397915e+01 1.401621329940345362e+01 3.105084453050566040e+01 3.178694259310430681e+01 3.079316181458948520e+01 1.221331965128167418e+01 3.221236307491490436e+01 2.431607486991852340e+01 4.429574538881982448e+01 5.647475769512954002e+01 3.810957452273714807e+01 5.523714638788860043e+01 4.938560427991158974e+01 6.936401870576382578e+01 8.682981756209105129e+01 6.686814304686791388e+01 6.468411310070807474e+01 7.879238095888588589e+01 6.759302634078383676e+01 4.768885231280111014e+01 4.707154117363804602e+01 6.665371018294538885e+01 7.619873922377591668e+01 5.578128556796897897e+01 7.619873922377591668e+01 7.175100748904628745e+01 5.168762266924838400e+01 5.482760526456264216e+01
