LEM/with_lateral_4open/elevation_000511.asc
nrows	100
cellsize	150.0
xllcorner	0
ncols	100
yllcorner	0
NODATA_value	-9999
[rows 0 to 16 of 100, columns 0 to 36 of 100]
8.271705653423140625e-02 2.127631151761726416e-02 9.425194436011796739e-02 4.939197167322698090e-02 3.975871534419905817e-02 6.171646774684565184e-02 1.696294146011132625e-02 1.936121709489252440e-02 4.216450047424835645e-02 2.297044857093000214e-02 6.704298068806634203e-02 4.162315340452049650e-02 3.835349583220235004e-02 2.777463300387698203e-02 2.207885817162396139e-02 7.161913568127860341e-02 9.025521335945362045e-02 3.502399586135773735e-02 8.040414306008919487e-02 3.131346976591601466e-02 7.604099264847130613e-02 2.387740603804927586e-02 5.687112022313325910e-02 4.074439634684711570e-02 8.709178300582484655e-02 7.612946965408906586e-02 1.077918208624280109e-02 9.929772718869623455e-03 4.600412614040166881e-02 2.152795518990661267e-02 2.378824418737431057e-02 9.511189423522797837e-02 9.406546861214974686e-02 1.749038473908382007e-03 2.223905489293687143e-03 6.269637160239108220e-02 9.476101746191394060e-02
7.813061968023242432e-02 2.002127631151726206e+01 2.009425194435976181e+01 2.004939197167287190e+01 6.706425382010894332e+00 2.006171646774648920e+01 1.415909856519118648e+01 2.001936121709453786e+01 4.042164500474265232e+00 2.002297044857057529e+01 1.420917860441914193e+01 2.004162315340416356e+01 1.003835349583211567e+01 2.002777463300352068e+01 2.063320310490943221e+00 2.007161913568092260e+01 2.009025521335909659e+01 1.003502399586127147e+01 2.008040414305973442e+01 2.003131346976556060e+01 4.340055319760661945e+00 2.002387740603769473e+01 1.419900674395420914e+01 1.957003927059047754e+01 1.267654455207736675e+00 1.789371482902641475e+01 2.000995661983797547e+01 1.415208043795995607e+01 2.004600412614004767e+01 1.002152795518999362e+01 2.002378824418702052e+01 5.868614586131510436e+00 2.009406546861179521e+01 1.414388466220473362e+01 2.000222390548893969e+01 3.443313390516450134e+00 2.009476101746155763e+01
2.526786264046545702e-02 1.416740348637154057e+01 3.416740348637224400e+01 3.377749319387713456e+01 1.377749319387643112e+01 3.377749319387713456e+01 3.415909856519188992e+01 2.812464740511328642e+01 8.124647405112931153e+00 2.812464740511328642e+01 3.420917860441984715e+01 3.832262474311065859e+01 2.418048911956281444e+01 2.411529890268332821e+01 4.115277014661259614e+00 1.566228253799833681e+01 3.566233399544860561e+01 2.417715961959197202e+01 3.831929524332216630e+01 2.870441312448011573e+01 8.704413124480472774e+00 2.870441312448011573e+01 3.419900674395491080e+01 2.340123861839346731e+01 2.450279247185904286e+00 2.065060184015422706e+01 3.039219482763879654e+01 3.415401727503541451e+01 3.830579920265289928e+01 2.416366357892119510e+01 3.189884147768719203e+01 1.189884147768683675e+01 3.189884147768719203e+01 3.414388466220402307e+01 2.687328509336539994e+01 6.873285093366612308e+00 2.687328509336539994e+01
4.163169627051844027e-03 1.414629879335787699e+01 3.414629879335716822e+01 4.206176444133933501e+01 2.532449857766915002e+01 4.206176444133933501e+01 3.628961321439682308e+01 1.628961321439004806e+01 1.568393686529740982e+01 2.812464740511187244e+01 4.812464740508175964e+01 5.246476036615881355e+01 3.516779884502354037e+01 1.516773403910603868e+01 6.223462121440188177e+00 2.622349795293703423e+01 4.394683262580068117e+01 4.417715961959125792e+01 4.503434474303399071e+01 2.503434474303470481e+01 1.386839091942364988e+01 3.386839091942293578e+01 5.116940643301578717e+01 3.214291505285660833e+01 2.255361851483397118e+01 4.137577409629965786e+00 2.410257507386696219e+01 3.958577333130467224e+01 4.783886152390633839e+01 4.416366357892189853e+01 3.896990928955314359e+01 1.896990928955243660e+01 3.896990928955314359e+01 4.460752675762556407e+01 2.460752675763277963e+01 1.046539113390207909e+01 2.460752675763277963e+01
5.883922493566802470e-02 1.420097484866674264e+01 3.420097484866744963e+01 4.540606904083755069e+01 4.532449857766985701e+01 5.360876982513205036e+01 4.261416853472264421e+01 2.261416853472669430e+01 3.568393686529391573e+01 2.833304750597070054e+01 4.833304750596114019e+01 5.149794309192457575e+01 3.149768267644774156e+01 2.841880047460317726e+01 8.418747321234013370e+00 2.841880047460317726e+01 4.122416736602725251e+01 5.108252245731792129e+01 5.331861599049560141e+01 3.941539288167513178e+01 1.941539288167584232e+01 3.941539288167513178e+01 4.294188720642674184e+01 2.140683001112997985e+01 8.538048267206413300e+00 5.351020239567336745e+00 2.428659905496533966e+01 1.971631471534752222e+01 3.380216156932362281e+01 5.364484551418449598e+01 4.725418053701533694e+01 3.051691467334515551e+01 4.725418053701533694e+01 4.852984946037214797e+01 2.852984946039642722e+01 1.438771383666572667e+01 2.852984946039642722e+01
1.256007409845548775e-02 8.177525883375645677e+00 1.712179779337464680e+01 2.866880317716695714e+01 4.281093880089741077e+01 6.281093880089670023e+01 4.968523634658583177e+01 2.968523634659204546e+01 4.968523634658583177e+01 4.247518312970115062e+01 5.661731873342273502e+01 5.978283257376872939e+01 4.422564076562652247e+01 3.146878144562004564e+01 1.146871872788613267e+01 1.306865287098682593e+01 2.306693973280730958e+01 3.716157701066622820e+01 5.686965773404424596e+01 4.573994820201177447e+01 2.573994820201248857e+01 4.573994820201177447e+01 4.554420522181008124e+01 2.428067122080600271e+01 3.050861613770937097e+01 2.530388444198606024e+01 7.088983972799394628e+00 2.703365327276350172e+01 3.682073806526798165e+01 4.194093942531502961e+01 4.791317817748154795e+01 5.051691467334585894e+01 5.880118592080805939e+01 5.071764545516243317e+01 3.071764545521995871e+01 1.955169163160885759e+01 3.071764545521995871e+01
9.594114293757748102e-02 2.009594114293722100e+01 3.096934021177362339e+01 3.729389553211155572e+01 4.557816677957375617e+01 5.452243868957307171e+01 5.796950758086139643e+01 4.123224173038415330e+01 5.796950758086139643e+01 6.247518312966850829e+01 6.318053308482709696e+01 4.947801548387506188e+01 3.594093546377575166e+01 1.594085468288575136e+01 3.146878144562004564e+01 3.306876947524214927e+01 1.823263065652597703e+01 3.237442206472908879e+01 5.237164849734448069e+01 5.402421944947338517e+01 3.468422011201133159e+01 5.402421944947338517e+01 5.375709975998547208e+01 4.554420522181008124e+01 3.605358356745031756e+01 1.709407567643323844e+01 8.329994506479563299e+00 2.467163180193718119e+01 1.696046232437600310e+01 2.211048854155998455e+01 2.810550307813232607e+01 4.210206536458530024e+01 6.194244554285572235e+01 5.900191663131845132e+01 4.489691646982673490e+01 2.489691646985725271e+01 4.489691646977693296e+01
7.711341127313005306e-02 5.422338249521640563e+00 1.096934021177398044e+01 1.729389553211085229e+01 2.623816744211016783e+01 4.038030306584161622e+01 6.038030306584231965e+01 6.123224173036946638e+01 6.951651295555208776e+01 6.318053308482709696e+01 4.317994219017527513e+01 4.119322154744836695e+01 2.119311199727993866e+01 2.301192249586548400e+01 4.301204745556763243e+01 4.208027822243288796e+01 2.208163242368514645e+01 3.622329976046272293e+01 5.622027505984845419e+01 6.296849135947222464e+01 4.882635573574178522e+01 6.296849135947222464e+01 6.591725006430981182e+01 4.597518733435687466e+01 3.251104253645200970e+01 3.564011605787558779e+01 2.827430354215668729e+01 1.011414432512823858e+01 3.006242222073953485e+01 3.613391114454918807e+01 4.791317817748154795e+01 3.953219151835351397e+01 5.936181886264823504e+01 5.903905209350222094e+01 3.903905209358769923e+01 3.384118837985609218e+01 4.489691646983798989e+01
2.297228869525369793e-03 2.000229722886917116e+01 3.096934021177433749e+01 3.729389553211155572e+01 4.557816677957375617e+01 5.452243868957307171e+01 5.963861123181312962e+01 5.963861123181312962e+01 6.792294878664216640e+01 5.839732896387057082e+01 3.839697462564765118e+01 2.684996624699500600e+01 4.119322154744836695e+01 3.195619458194766693e+01 5.129688018888020196e+01 4.679405932741665453e+01 2.679567735345849755e+01 3.473045825768514305e+01 4.627635786103381577e+01 6.627209006057269391e+01 6.882635573574036414e+01 7.100482230964411201e+01 6.102399271245330681e+01 4.957060632015357982e+01 4.135431340177775894e+01 3.835179916179025383e+01 3.137467804530794169e+01 1.142644177140949679e+01 3.137363704415234267e+01 5.101163377745463379e+01 6.420813922325415035e+01 5.096015135953062725e+01 6.761522543357726533e+01 6.732332323689200848e+01 5.903905209347367844e+01 4.538819376364819647e+01 6.212545954744685162e+01
9.647730019007895452e-02 1.423861292392115452e+01 3.423861292392185618e+01 4.349887197971154507e+01 4.698042642237227540e+01 5.069433504818933756e+01 3.963860167569799842e+01 3.963860167569799842e+01 5.963861123181312962e+01 6.668257633614906865e+01 5.156421131889924681e+01 3.156401145582114864e+01 5.156421131889924681e+01 4.350320870488594238e+01 6.024146948155530623e+01 5.179370813117478889e+01 3.179567514038567211e+01 5.179370813117478889e+01 6.301226086047076791e+01 7.455832600702520097e+01 7.100482230964411201e+01 5.120436664739583676e+01 5.280880173194137939e+01 3.296904596356885975e+01 2.143609118911986045e+01 1.842003370525486616e+01 1.550378210755318698e+01 1.291384316555382483e+01 2.290978741174125943e+01 3.700233349091212887e+01 5.685203165568751160e+01 7.083871010609922791e+01 7.910552689214839006e+01 8.185989302704577142e+01 7.367246477808232896e+01 6.538819376350177492e+01 6.717680540061360261e+01
3.582433992925927735e-02 2.003582433992890444e+01 2.615417148428067762e+01 2.349886981927674512e+01 2.698042294521657780e+01 3.069432971918235609e+01 2.549646597841803697e+01 3.704347136724044276e+01 5.704347815167729152e+01 6.789475497184878350e+01 4.789400538586239264e+01 3.733751415961090458e+01 5.733779511588611655e+01 6.350372212421645912e+01 7.178916125378545132e+01 5.811779622639399179e+01 3.812019949234884564e+01 4.812408829960909173e+01 6.812164393164034948e+01 7.976869386479899049e+01 6.833383914820777250e+01 5.483781796060736724e+01 3.502459561515999553e+01 2.609167559403240233e+01 4.135431340518850618e+01 3.835180215289731365e+01 3.436931599021084338e+01 1.442350274753052908e+01 3.436732733658870842e+01 4.004259720066438177e+01 5.986790933998032216e+01 5.938798092174737775e+01 6.564238131650176911e+01 6.199757873276826103e+01 8.185989302705699799e+01 7.043754056922267637e+01 5.044482787987586647e+01
1.813270376062421294e-02 3.068104110412723351e+00 6.154171109654575034e+00 9.356734185756344857e+00 1.283828730487033276e+01 1.655219406841143481e+01 3.069432971918235609e+01 5.069433504818933756e+01 6.532780683126409826e+01 7.618037304014896449e+01 6.562297698157242110e+01 4.888452963853709576e+01 4.888452963853709576e+01 6.302683001491795522e+01 8.302845556191314813e+01 6.519247805834987730e+01 4.519105315085611352e+01 6.519247805834987730e+01 7.641268096794709663e+01 7.154646816000195031e+01 5.175913452629287548e+01 4.034464645499298285e+01 3.144249616420915316e+01 4.017601082014436997e+01 5.418719143950948336e+01 4.994058547790915981e+01 3.007019404503372328e+01 1.594728343977789464e+01 2.011782835547198900e+01 4.004535582435701713e+01 5.130895034475599203e+01 3.959847839177333384e+01 4.586423067041967983e+01 5.725915254624646877e+01 7.709408478240966645e+01 7.872016239970368190e+01 6.717680541969012609e+01
2.372884694381488524e-02 2.002372884694345956e+01 2.615417148428067762e+01 2.090373956992216620e+01 3.283828833992090779e+01 3.655219565628141254e+01 2.439683947393919539e+01 4.439684412044078954e+01 6.268129627733044629e+01 7.422842964576827285e+01 7.717079746555562281e+01 6.888517050287880750e+01 6.888517050287880750e+01 6.888517050287882171e+01 8.888751289644920917e+01 7.351003103215364831e+01 5.673591849777336904e+01 7.351003103215364831e+01 8.349199385682570096e+01 6.367027473384423786e+01 4.970247803322843083e+01 3.828161000217632193e+01 4.138846751366460808e+01 5.948287927021756616e+01 6.819837205887465359e+01 5.330849153670236973e+01 3.347616725424605733e+01 1.760193228799258947e+01 3.754024519126046755e+01 2.661262563900905320e+01 3.146693161966768315e+01 5.130895034475599203e+01 6.564238131650176911e+01 7.389055176561952010e+01 8.536451997277451653e+01 7.939161335510058848e+01 7.108743236720691527e+01
8.175220331382776484e-02 1.422388782704490318e+01 3.422388782704560839e+01 4.090374108936669728e+01 4.918802981619894865e+01 5.268118004302514379e+01 3.853897519416240414e+01 3.439683947449649537e+01 4.594384490123061227e+01 6.594387906923908815e+01 7.059676115042577749e+01 7.059676127563677994e+01 7.883833482933611947e+01 8.425576976089199377e+01 7.601820331068199721e+01 8.425576976089199377e+01 7.675173682031086742e+01 8.510768911092132782e+01 8.089499329209164102e+01 6.109486836668644116e+01 4.713449989835987708e+01 4.970217628949841071e+01 5.536659743538644562e+01 6.937904031281721018e+01 6.094294958348250901e+01 4.837883528876540851e+01 3.139759292520903244e+01 1.928012967605129901e+01 3.924102200130278106e+01 4.649655377731417616e+01 5.130894620849662857e+01 5.953338730709192816e+01 7.021634696494774630e+01 8.022185018153855651e+01 8.518375155915552455e+01 6.524854577836164538e+01 5.116959325877501641e+01
9.124702163186203252e-02 2.009124702163150644e+01 3.053160127104235144e+01 3.656182816259716617e+01 4.472679397187427952e+01 5.301106521722236664e+01 5.853899072886607513e+01 4.853897553998691450e+01 6.268113543624792072e+01 6.474638640309301252e+01 5.066219731777328406e+01 5.066219731821853145e+01 7.059676127563677994e+01 7.430154878443566702e+01 5.610098114536552316e+01 7.430154878443566702e+01 7.889433730896153918e+01 8.713188179350571261e+01 7.942559041653986185e+01 5.961738321149555020e+01 6.109498254203239753e+01 6.366129433712033858e+01 7.516836680220050937e+01 6.337417693566097654e+01 4.601036333924649568e+01 3.637068637110399294e+01 2.896494653103376749e+01 3.924102200130278106e+01 2.177073877634179055e+01 4.193484940839244501e+01 3.462898061394727733e+01 4.180655138461403197e+01 5.192201348699794750e+01 7.194385839863873855e+01 8.208692766932730933e+01 7.377702565017668235e+01 5.849028483692244862e+01
2.239863785106879432e-02 5.186376432794268077e+00 1.053160127104270849e+01 1.656182816259787671e+01 2.472679397187499362e+01 3.886892959560544369e+01 5.886892959560204730e+01 6.853902348333565442e+01 6.937399558090676521e+01 4.943931012548971893e+01 3.652890561666613678e+01 4.838151713915489438e+01 5.180798344603694972e+01 5.539561511657402093e+01 4.610911786230165177e+01 6.481691058638344316e+01 5.898584951457804948e+01 7.889433730896153918e+01 8.763296739216062292e+01 7.361340495735643685e+01 8.090697297156776813e+01 8.336122312960931424e+01 8.155414819514196267e+01 7.124491889904464870e+01 6.094294880100781597e+01 5.146719356740534579e+01 4.012191936127165803e+01 2.562237410412947014e+01 4.193485393262676553e+01 2.510725360444967791e+01 4.530037407971975227e+01 6.193293592749806464e+01 7.021634696494774630e+01 8.022185018153855651e+01 7.377702565017668235e+01 5.386890197120624180e+01 5.969985639445163628e+01
1.766589122093755945e-02 2.001766589122058093e+01 3.053160127104235144e+01 3.656182816259716617e+01 3.656182816259717328e+01 5.301106521722236664e+01 5.991141851492432124e+01 6.575178117970804692e+01 6.212644147442215825e+01 4.943969892031961422e+01 2.945790793506172633e+01 2.839845206452758930e+01 3.182842324129946832e+01 3.542052735439747124e+01 4.000882688605557291e+01 4.485945868845019646e+01 5.639874246178665373e+01 7.049715580945563431e+01 9.036510055747561410e+01 9.345744737912816902e+01 8.229141893492645465e+01 7.421322908574609301e+01 6.222999104954099181e+01 6.352169281445566895e+01 5.585892955292826656e+01 4.894166353548191495e+01 2.958358135858856741e+01 4.607178740321572263e+01 4.788860288622279882e+01 2.767388968906017155e+01 4.788860288622279882e+01 6.651219706705306578e+01 7.627048558131052403e+01 8.608914994755662065e+01 7.612015532694884712e+01 5.969985639607624961e+01 3.972960536540159637e+01
