LEM/with_lateral_4open/elevation_000523.asc
nrows	100
cellsize	150.0
xllcorner	0
ncols	100
yllcorner	0
NODATA_value	-9999
[rows 34 to 50 of 100, columns 0 to 36 of 100]
2.064481644892168788e-02 2.002064343917545841e+01 3.296647494478564511e+01 4.099637392126761881e+01 4.648074564396880248e+01 2.819364915388182879e+01 3.920379776883680023e+01 1.919809346614267653e+01 3.025633581150200868e+01 2.556465361039672857e+01 3.968486469273390327e+01 2.303673585781265487e+01 3.934284463758426398e+01 4.182628403660443439e+01 2.565585142693094056e+01 4.561449867654913248e+01 5.793329014379954600e+01 6.609177329603885198e+01 7.594551908675418872e+01 7.745889918336901303e+01 6.099349015975911925e+01 7.745889918336901303e+01 6.879853210457271473e+01 7.265110629611183413e+01 5.616049369881982756e+01 5.453896791061882254e+01 6.052044219831984861e+01 7.303216537010220577e+01 9.389868744582209104e+01 1.116696804449628075e+02 1.064967506265363966e+02 9.817806872492188575e+01 9.557827088127177717e+01 1.038939276511618033e+02 9.444969691110604515e+01 8.424973784443403702e+01 6.406345212336010775e+01
2.905961989428186565e-02 2.002905961989392836e+01 3.726384551891690933e+01 4.881045896829771635e+01 5.648205038789355825e+01 4.233884472004181276e+01 4.627803205200879688e+01 2.627121371274537864e+01 4.627562686089351018e+01 4.552090961885922127e+01 4.724140722942693316e+01 2.730168479034849582e+01 4.724386110489172808e+01 5.018179418489653187e+01 3.027341461872299178e+01 3.053690927966434288e+01 3.811387109532804374e+01 4.807491721192747747e+01 6.204035238847841072e+01 8.167655533811473845e+01 8.062101949568457826e+01 8.881835109090341973e+01 8.380366306572173585e+01 8.586531856123620798e+01 6.696834943544794783e+01 7.593525337045035428e+01 7.209270718976527803e+01 9.036098325788194074e+01 1.023160991695726949e+02 1.070447621933890758e+02 1.041614900458994981e+02 9.830263278521331927e+01 1.004898847522200214e+02 1.003582492860019642e+02 8.027963855706090612e+01 6.594675609001950534e+01 5.691217649592821459e+01
3.542675937824442400e-02 8.979698669375457243e+00 2.052670404837535756e+01 4.052664138596554011e+01 5.736905712348560371e+01 6.233956472901473234e+01 5.457203746515934739e+01 3.782118945865689597e+01 5.457210506308749132e+01 5.407290591226608711e+01 3.416299002967889464e+01 4.724386110484776680e+01 5.545379002554322767e+01 5.499667802732879807e+01 3.514440336990075053e+01 5.044225386779493903e+01 3.621362079625409791e+01 5.605394497484275718e+01 6.838662610827795163e+01 7.532938834286414931e+01 8.348449301695843872e+01 9.330166533230990922e+01 1.044745913177989252e+02 9.620041415790187500e+01 8.784488195980917169e+01 9.620041415790187500e+01 9.303262318757967364e+01 1.014694311764976078e+02 1.012092334049493871e+02 8.708060599202195817e+01 8.421385471856261518e+01 7.837809176609128770e+01 8.055590044188259924e+01 1.004898847522200214e+02 9.444969691110604515e+01 8.543627561034371354e+01 6.701847961410939547e+01
3.411803931810562102e-02 2.003411803931775026e+01 2.959352136280222467e+01 2.908540212786696699e+01 4.126818110918135574e+01 4.955498877765597143e+01 5.850060480486985171e+01 5.783030817338678276e+01 6.612852736923512964e+01 5.920547168885291001e+01 3.932712991281815107e+01 5.341428457041326539e+01 7.318663417243037372e+01 6.010757107470318061e+01 4.031316741797490266e+01 6.010757107470318061e+01 5.028174381877090582e+01 4.238386765251613042e+01 4.868254716665797588e+01 5.569229131789700205e+01 6.553450886726272984e+01 8.512426781846562562e+01 9.442385015330025055e+01 8.613416925968068938e+01 9.442385015330025055e+01 1.012160862815566702e+02 9.297999340211455888e+01 1.012160862815566702e+02 9.292797196273501470e+01 7.301288295088575353e+01 8.033256374624789942e+01 6.431135764771869390e+01 7.717725939789301037e+01 9.710893594160144460e+01 9.850441042848808593e+01 9.550930272034732127e+01 8.134536691345442705e+01
3.327314952832965272e-02 4.747318357438666148e+00 9.598030858165367718e+00 1.494325569641476292e+01 2.126781101694894005e+01 3.021208308972825307e+01 4.435428232147097560e+01 6.435638614261351620e+01 7.896678463923889524e+01 5.920547168885504163e+01 4.687833869726775760e+01 5.920547168885291711e+01 7.896678463917777435e+01 6.580349160640255946e+01 4.607224409284635414e+01 6.580349160640255946e+01 6.998927129057707930e+01 6.215564924315005868e+01 5.175390744012040756e+01 6.568625223269310709e+01 8.348449301695843872e+01 9.330166533230990922e+01 8.442873420619686442e+01 6.615339309353022657e+01 8.442873420619686442e+01 9.125296298537473660e+01 7.303611810344503397e+01 9.125296298537473660e+01 9.441832116145013742e+01 7.449805198857370669e+01 6.040363954834544558e+01 5.723379767675785246e+01 7.717725939789299616e+01 8.222331302106482553e+01 7.856421987811944518e+01 9.850441042848808593e+01 1.014122762650819993e+02
6.779948344387334846e-02 2.006779948344351894e+01 2.959808774637652817e+01 3.494351117434561615e+01 4.126818696556104982e+01 4.955498877765597143e+01 5.850060480502440896e+01 6.365855405047247473e+01 6.952004837277648619e+01 7.487905197416976932e+01 6.669574856647547278e+01 6.091971695083338290e+01 8.064032242965430441e+01 7.395263881451930388e+01 5.598338100643249504e+01 6.005371087495479543e+01 7.968469022893542331e+01 7.958522962677942303e+01 6.162539353630408812e+01 7.958522962677942303e+01 9.348420702086581002e+01 9.190199413657040850e+01 7.614378117660545797e+01 5.613574926976021118e+01 7.614378117660545797e+01 8.300805575277976800e+01 6.302950528928406015e+01 7.301878052103194250e+01 8.127446382265611646e+01 8.859944213841075111e+01 7.142007790125779820e+01 5.140524335584137816e+01 7.071175678816045718e+01 6.228471275148838515e+01 8.222331302106482553e+01 8.715714886958734553e+01 1.071195856574807266e+02
9.516927588586144779e-03 1.155652231138554598e+01 2.569865794011706583e+01 4.569866444097453240e+01 5.256789332897006517e+01 4.428050909489551401e+01 5.256788937371202053e+01 4.365486183487802663e+01 4.951380763605705937e+01 6.029128348040381979e+01 6.858190945562762408e+01 8.064032242965430441e+01 8.883838699750602075e+01 8.378035224366747968e+01 6.988035644687361980e+01 7.968469022893542331e+01 8.785156675408374838e+01 8.940779014746100017e+01 8.123857254899652958e+01 8.940779014746100017e+01 9.124187032168376277e+01 7.969055433325294757e+01 6.361742096269261992e+01 4.940598149213094814e+01 6.947443720765701869e+01 7.973424083350401759e+01 7.147359470012742122e+01 5.294812455890864555e+01 7.301878052103194250e+01 8.321007960025602301e+01 6.733456690771627962e+01 4.724947065261744683e+01 5.067551426458031472e+01 5.830174660131588382e+01 6.724550705116375582e+01 8.715714886958734553e+01 9.905990027917474094e+01
1.945935296826603253e-02 2.001945935296791035e+01 3.653446464189153176e+01 4.481943232720793446e+01 4.256623629121266816e+01 2.427897709662901349e+01 3.736620503495938550e+01 2.951253556213452356e+01 4.764042270137490220e+01 4.028851637638266681e+01 5.443133266409869009e+01 7.443845621596700823e+01 7.677882727946720820e+01 8.506652488283958746e+01 8.948902401099711312e+01 9.415430223793191544e+01 8.585907866411324108e+01 9.415430223793191544e+01 9.595478884713914169e+01 8.766373909116860830e+01 8.295630487858890945e+01 6.294704029237514931e+01 5.133220754114928042e+01 4.377322759200436764e+01 6.390832561267712464e+01 6.814693872286161991e+01 5.135105317626944554e+01 4.704393624831756426e+01 6.722488611622844701e+01 7.494276559924774972e+01 5.494241094596640096e+01 4.324298105325019748e+01 5.754105198008667799e+01 7.752957714949283741e+01 8.651863780466378273e+01 9.543198464653005431e+01 9.080651091455150947e+01
5.600688922766024203e-02 2.005600672191829403e+01 1.653195079590415517e+01 2.754661890483184550e+01 3.019572257426404960e+01 1.427236286313905644e+01 1.736381916629459354e+01 2.056791329835428783e+01 2.763932547697809738e+01 4.764042276948446641e+01 5.660372838662624417e+01 6.263434086380216570e+01 5.677550275763169196e+01 7.677882727946720820e+01 9.341652545134758157e+01 8.414940853236677754e+01 6.585618950090892554e+01 8.414940853236677754e+01 8.439810791646770838e+01 6.764681744684146736e+01 8.439810791646770838e+01 7.440593367895507981e+01 5.870946565878918477e+01 3.852306854188453400e+01 5.870946565878918477e+01 5.985584246326875046e+01 3.951662473567073874e+01 5.985584246326875046e+01 7.549235143353064359e+01 7.461395109880690768e+01 5.459158515319589355e+01 4.026573666348175351e+01 5.459158515319582250e+01 7.461395109560200467e+01 8.792193559143839821e+01 7.967757298990572679e+01 7.571588325605611658e+01
8.215197286175310309e-02 2.512607140603996481e+00 4.967868875061755674e+00 7.525144628672921776e+00 1.017202876966380032e+01 3.019572220120568318e+01 3.736620457654298377e+01 4.056896444272395286e+01 2.634175448142830334e+01 3.105583081455211669e+01 3.660283549067068520e+01 4.263306202097395214e+01 5.418016788004469930e+01 7.418295592760290447e+01 8.512445125006934177e+01 6.509991621307487719e+01 5.582346834327308471e+01 7.585763408251104067e+01 7.610696399146868885e+01 5.606173400859452727e+01 7.610696399146868885e+01 6.611484363316320412e+01 4.599788281935583711e+01 3.430737883905896979e+01 5.450031089203437773e+01 5.551950663861231305e+01 3.512878019697084397e+01 5.166948241140580933e+01 7.336402085821180208e+01 7.264077511078905047e+01 5.189590930216201059e+01 3.744633307313437598e+01 5.178205511481790779e+01 7.183734851629934326e+01 7.642611288969582972e+01 5.976303579866608828e+01 5.577757102713031401e+01
2.613274238814250472e-02 2.002613274238778729e+01 2.498600819163367603e+01 2.169161816873609538e+01 2.433432238646868129e+01 2.402035448638653392e+01 4.431924485742923281e+01 5.463152342322543831e+01 3.634179147971082102e+01 5.105739681151246856e+01 4.738659596063393309e+01 6.263434086380216570e+01 7.092101382023545852e+01 8.247048909147606821e+01 8.327681615478721255e+01 6.877448685769590497e+01 4.861250718549949568e+01 6.877448685769590497e+01 6.901990496580154399e+01 4.892499701371517773e+01 6.003318892930830941e+01 6.833661887953057601e+01 5.068420543107741594e+01 3.053120491027159389e+01 5.068420543107582432e+01 5.148333981190559427e+01 3.115567192591736756e+01 5.144459872269843004e+01 6.036675384096213293e+01 5.962471582501656542e+01 5.134434026613165258e+01 3.476890740800462254e+01 4.648125457646971626e+01 6.658434055663596496e+01 6.817990100030280587e+01 4.812557994836502928e+01 6.305317529008987520e+01
7.532853315450405152e-02 1.421727965115660020e+01 3.420062253132925179e+01 4.177761527901170524e+01 4.426122963382687914e+01 4.318456026680308923e+01 5.261395530957658906e+01 6.463474827696101954e+01 5.634397990263666145e+01 6.463492054076780846e+01 6.740095656442886707e+01 7.571727730317141436e+01 7.114318989836040430e+01 7.958402699353987941e+01 7.498362563017964533e+01 5.489589878770102160e+01 4.311057000089767399e+01 5.662750408913503009e+01 6.495403548131994853e+01 6.003318892930830941e+01 3.987574834345419106e+01 5.241439252106112434e+01 4.706461948090414893e+01 2.698923155555084819e+01 4.212609819697075153e+01 4.307310802959531060e+01 2.747480501870883174e+01 3.998558072604239300e+01 5.401771510453494329e+01 4.782362225870111416e+01 3.116719882062140812e+01 5.078575293751346464e+01 6.321430693570794546e+01 7.485828580960435374e+01 6.369561797610494125e+01 4.355600762464359832e+01 4.289887718769669789e+01
6.101047412966256744e-02 2.006101047412930782e+01 3.187214964061447020e+01 3.894321740327274028e+01 4.722747492918558265e+01 5.877444118275290208e+01 7.027625153590052776e+01 6.253974034036204444e+01 7.037559626607426821e+01 7.709155815550113289e+01 6.866388106131827840e+01 6.779222707496253975e+01 5.067863354667223774e+01 6.779222707496253975e+01 8.051035603291455800e+01 6.828771641490388333e+01 4.809163604015152060e+01 3.635458005281354588e+01 5.077524157235406932e+01 5.911650700726185192e+01 5.241439252106112434e+01 3.226377308413994172e+01 2.745039546727279856e+01 4.062614443658452501e+01 2.215049182292416319e+01 2.309588479415057805e+01 2.403034182201033531e+01 3.605069448568434609e+01 4.537996414655000876e+01 2.773027300934381856e+01 4.783197875793229059e+01 5.771703087068330262e+01 6.940118892082176671e+01 6.365091885823797924e+01 5.634058809893070219e+01 3.919991439894526764e+01 5.354129947847128790e+01
6.842009524227352091e-02 5.841922787138505768e+00 1.187214967869372551e+01 1.894321749055907489e+01 3.049022287435048995e+01 5.049022213356591493e+01 6.131756536825541559e+01 4.508891007315340005e+01 6.131757375588421866e+01 6.526425205012311892e+01 4.812069316579170675e+01 5.932901722452587023e+01 3.842550312320109640e+01 5.142856430670487100e+01 6.808350278825949431e+01 7.658734347724006852e+01 6.245906342444752823e+01 4.222310938648914913e+01 3.076901916500822054e+01 4.569365599930010546e+01 5.402514747900165304e+01 4.789934481509602193e+01 3.957824708730477425e+01 2.084083990964629507e+01 4.083661477042843302e+01 4.307310798401275065e+01 4.061204844918123058e+01 2.538956124539964421e+01 2.635257081482904340e+01 4.643359864494334488e+01 2.926286309206458469e+01 4.941203105706950538e+01 4.747654082572322665e+01 5.052320812627341695e+01 3.612009438062924005e+01 5.634057783566086641e+01 6.767860349545829024e+01
1.934550753332892059e-02 2.001934550753297515e+01 3.187214964061447020e+01 3.894321740327274028e+01 4.722747492918558265e+01 4.365936685066296263e+01 5.060351792972434737e+01 3.569784355617715477e+01 5.365107477445341289e+01 5.680326599982291214e+01 3.566467497215695204e+01 4.459889477971053395e+01 2.989680975681177699e+01 3.844937265266840853e+01 5.350699508082949762e+01 7.416445755928921812e+01 7.078308391554119794e+01 5.911650700726185192e+01 4.569365599930010546e+01 2.601618334966934043e+01 4.105563121678975591e+01 3.832421823790412674e+01 1.953364801863602906e+01 3.957824759120176594e+01 3.494713409969388351e+01 5.506169157640653111e+01 4.703683944276719586e+01 4.123798555921096209e+01 3.836930662733045239e+01 5.489220829335820895e+01 4.933589819303677615e+01 3.082134968910904504e+01 3.196758377828567532e+01 3.312838270851739964e+01 5.334035792283035704e+01 5.683883344995822284e+01 6.512123764791182623e+01
4.364784840791047227e-02 1.996516451204447762e+01 3.140895536328873661e+01 2.605910963605504094e+01 3.251731721318508050e+01 2.128970961874355083e+01 2.207291258540653800e+01 3.174107852071772129e+01 4.461699841150181811e+01 5.230047534090854100e+01 4.459889477971053395e+01 2.251886901100191096e+01 2.251890279319511379e+01 3.855399952937038677e+01 6.032250239784237777e+01 6.395548098745052101e+01 6.080125075026099069e+01 6.635183351411313879e+01 5.402514789165359588e+01 4.105563121690622808e+01 2.149320411908295725e+01 1.820898423315681214e+01 2.788056164156024153e+01 3.735173843453502229e+01 5.506292086305895594e+01 6.339015484823828928e+01 6.826776683494722420e+01 6.375929838941555516e+01 6.154619067774783758e+01 6.888460866206828825e+01 5.559785797552843434e+01 3.543385011351399783e+01 5.216594113335475669e+01 5.334159548782038485e+01 3.513195408906481987e+01 3.661757251128884150e+01 5.096857921414278536e+01
5.219006137575642884e-02 2.005217855227560619e+01 1.450975118154845411e+01 1.165072018515886754e+01 2.242098949844507416e+01 6.981767113019308191e+00 2.905904650959812230e+01 2.591296800830207658e+01 2.675858346608368521e+01 4.184594912311072079e+01 3.723888618165944564e+01 1.491124367473367762e+01 3.723888620383386439e+01 5.290089932136380213e+01 5.889245520123927946e+01 4.531797385062347416e+01 4.085110733610832767e+01 4.668212961529262373e+01 4.848533275590491343e+01 4.458117696286689124e+01 3.625870088922484769e+01 1.729970539692608966e+01 3.746481118142847322e+01 5.467286364652711228e+01 6.453938757691950912e+01 6.229595301190573764e+01 7.061364104201699377e+01 8.222117689877045166e+01 7.666240662364171499e+01 5.679706781988453201e+01 4.260618188029700093e+01 5.559990305355970719e+01 6.271385174048133848e+01 4.256170705018313072e+01 5.535695450242096172e+01 5.684268278368082861e+01 3.876321847282935096e+01
