LEM/with_lateral_4open/elevation_000628.asc
nrows	100
cellsize	150.0
xllcorner	0
ncols	100
yllcorner	0
NODATA_value	-9999
[rows 17 to 33 of 100, columns 37 to 73 of 100]
3.386696206118247687e+01 1.386309067615614765e+01 3.386590737303269805e+01 4.976199758307161858e+01 4.981791981992025597e+01 4.619018796621060119e+01 6.615885649364899734e+01 5.616470739062672379e+01 3.636895305540566170e+01 4.216699526148893540e+01 2.545251681254258358e+01 4.532967872593037839e+01 5.699256515509287624e+01 6.614885749088887223e+01 7.433005234588948440e+01 8.418169284320069323e+01 9.196160371644580778e+01 8.944570561890216709e+01 8.124116667737358455e+01 8.124116667737358455e+01 7.316694273375249225e+01 8.719220913683726337e+01 8.990313044602930859e+01 8.165599665214936920e+01 7.986542807534678445e+01 7.161008204660896581e+01 6.942681266536445150e+01 5.398992818579592523e+01 4.361558657746825673e+01 2.361542347131083375e+01 4.154166771789923729e+01 2.884573330847141293e+01 4.884400353827146546e+01 6.527188214814353273e+01 6.821987933263491755e+01 4.823513381625895136e+01 3.410355431952262251e+01
1.831747133293920982e+01 1.464741115352693157e+01 3.464783117118582823e+01 4.381358692298248059e+01 5.111867105735784378e+01 5.951424997297733199e+01 7.439027019502869109e+01 6.434698581286646402e+01 5.616470739062672379e+01 5.105564429647917990e+01 3.122028919696148463e+01 2.895763657389914414e+01 4.881244198796748890e+01 6.057787579637419384e+01 7.452810348138801544e+01 7.693175714167968238e+01 7.224779791071212287e+01 7.802183868833319025e+01 8.622456202693872740e+01 9.762550469419475974e+01 9.302984162449737937e+01 9.575732179625111939e+01 7.581503653002970111e+01 6.168564188156175732e+01 6.902563530081609144e+01 5.163158184254115213e+01 4.944523689298736002e+01 4.571791105460953730e+01 2.571821126367157362e+01 3.776012229185634084e+01 5.188822528773422249e+01 4.884400353095569614e+01 3.701303420625909268e+01 5.115425136088062885e+01 7.113393437901090977e+01 5.845037580624425999e+01 3.846188841041633566e+01
3.768971772690257183e+01 3.464785186686153651e+01 1.577926589806235391e+01 3.479818370276800721e+01 3.107188093726254152e+01 5.117441156880337871e+01 6.203868814207577032e+01 7.035211373863198503e+01 6.036539041700098096e+01 4.061616325379019798e+01 5.105564429647917990e+01 4.881244198796748890e+01 3.257570452226902802e+01 4.662764811136038645e+01 5.960582463308843160e+01 5.728124545903898479e+01 5.839169206860309913e+01 5.839169206860478312e+01 6.969901257269215478e+01 8.939103062358526586e+01 9.957475508754400551e+01 9.133696641066039490e+01 7.764844222338288660e+01 6.902563530081609144e+01 4.904285731000910431e+01 4.197180203638367857e+01 3.530225016647548131e+01 3.013612357985228840e+01 2.742703772533011275e+01 4.742658588748912507e+01 6.601612816355881819e+01 6.527186725967780490e+01 5.700616503093331033e+01 4.856033574823364773e+01 6.854338238712868758e+01 6.379327815394005086e+01 4.380196811787222089e+01
5.185249665998757962e+01 4.332047876360745420e+01 3.577445536162719009e+01 1.691275995138053290e+01 3.690499693945545800e+01 4.791205334715670716e+01 4.213278097178829285e+01 6.203868861666619949e+01 6.854120636339237649e+01 4.948430658222376621e+01 6.854120636339237649e+01 5.858395044327286882e+01 3.888899919564947538e+01 3.669697031459652692e+01 3.985472579723030151e+01 4.332759947943265644e+01 4.702378483514457486e+01 6.668836830683081018e+01 8.160536811057750128e+01 9.298519913854482866e+01 9.133696641066039490e+01 7.138104663388580207e+01 6.939013534882279544e+01 4.940813677289338557e+01 4.455784031153845604e+01 3.996790523164750653e+01 3.579536969046920092e+01 4.914786683255391608e+01 2.914839671141285393e+01 4.914786683254980915e+01 5.431101351100524965e+01 7.428471998562642398e+01 7.680114372367889075e+01 6.269585227299866403e+01 7.680114373011684847e+01 6.956384045176531572e+01 4.957402627561588560e+01
4.379809703222873907e+01 2.523817805653052559e+01 3.560639434456207653e+01 1.771709625866019877e+01 2.318645835702994873e+01 2.867352597447753837e+01 4.213277981229792601e+01 6.203841431936865547e+01 7.735455172241742616e+01 6.340186622946787054e+01 7.735455172241742616e+01 6.550688236111628271e+01 4.592178661120769334e+01 4.482506422066126817e+01 4.873497369341097851e+01 6.303674679944101911e+01 6.668836830683081018e+01 5.380111584290341398e+01 6.511041976093311234e+01 8.476241891577708998e+01 8.875154566190549588e+01 6.878871535718501207e+01 5.724838629087609121e+01 6.939013534882279544e+01 6.454378883472091388e+01 5.151399590088287539e+01 5.579033007952612166e+01 5.112808866938053853e+01 3.112882845938776910e+01 3.431423233799299766e+01 5.431101351100814867e+01 6.444062266525170912e+01 6.928693489430278873e+01 7.754553718116019922e+01 9.090643518722824012e+01 7.782369200521144137e+01 5.957485773391294259e+01
2.911174215457907266e+01 4.008236438825731085e+01 2.129934158231479913e+01 1.853078677461197188e+01 3.988983410571146493e+01 4.791205195268633332e+01 4.430574595991637210e+01 5.835201994483489329e+01 7.844098579477559952e+01 8.309124997353288222e+01 8.503535537267100608e+01 6.551464299439089700e+01 5.577343378639345417e+01 5.366555498873684371e+01 6.840052778660439969e+01 6.478958229619922804e+01 8.160536811057750128e+01 7.341633191361360389e+01 6.256496654759379794e+01 8.219527090689543058e+01 9.699173570268092703e+01 8.547790086071478299e+01 6.878871535718501207e+01 8.547790084998972304e+01 7.975039185392655838e+01 7.149437508773473837e+01 6.725861897125490430e+01 4.727483870745006556e+01 3.312931480748399338e+01 5.312795243297007630e+01 3.986448835948276326e+01 4.445468162511812693e+01 4.930507759303254289e+01 6.928693489430278873e+01 8.569463447549874502e+01 8.780431087941208546e+01 7.370940744114717802e+01
4.766717150966255190e+01 4.809599198920890473e+01 3.916527226037517551e+01 1.938336615004673646e+01 3.949621384261271828e+01 5.240406950428350541e+01 5.650170385129012374e+01 6.137303730027024784e+01 6.738719823842829726e+01 7.487285031634303323e+01 8.291803436077924516e+01 8.339535843438939366e+01 6.954745380730409465e+01 6.499766756397069400e+01 8.150230875768217231e+01 8.446739270791142928e+01 9.268683550422720430e+01 9.041108345127103973e+01 7.385784853284880569e+01 7.641084642679236083e+01 9.616010693728311765e+01 9.699173570268125388e+01 8.875154566190549588e+01 9.396039716249615026e+01 8.713371951212408817e+01 7.888830447101705090e+01 6.929797303115068985e+01 4.931646566133316867e+01 3.517165920442963767e+01 5.516891367162372006e+01 5.985553117356096209e+01 5.251232463498435266e+01 6.928692881347546972e+01 5.746530738491167511e+01 6.900549574916776407e+01 8.896802021856765919e+01 9.366007667187531638e+01
5.912186965624384527e+01 5.505524193131290644e+01 3.462392310286404751e+01 2.023851473358723396e+01 2.396629603180377543e+01 4.430695419795472390e+01 3.629514932552963558e+01 4.128801500243559275e+01 4.744048305737610605e+01 5.506767621275314184e+01 6.659345991930078412e+01 8.618270792655174262e+01 8.903714502722944246e+01 8.466722193945174979e+01 9.288882685888715685e+01 9.514984194293748487e+01 1.034821632832271945e+02 1.018311262634666861e+02 9.358440167192385672e+01 9.616010693728311765e+01 1.044113204757497471e+02 1.026963073243696272e+02 9.119092836109524569e+01 7.401696107235274269e+01 7.401693368883954349e+01 5.893161471621225900e+01 6.429244277065680535e+01 5.729355430061347221e+01 3.730282355753031709e+01 4.206521964090212151e+01 6.680750508222922690e+01 6.405294669431722809e+01 8.074600311984423229e+01 6.501999722596913500e+01 8.499097115389162127e+01 9.720843710083379108e+01 1.003173049154476644e+02
6.736588289496765469e+01 5.582796008839567037e+01 3.551513368081236166e+01 2.112023706444147919e+01 4.145203313168634196e+01 2.961452744670599557e+01 4.994583185429231520e+01 6.137303730027021231e+01 5.774741298974310411e+01 6.738719877327045538e+01 8.291803436077924516e+01 9.418032477901539323e+01 9.588352539124213081e+01 8.755817928581791421e+01 8.095073330657501742e+01 7.506926993578476015e+01 9.514984194293748487e+01 9.420953634503548813e+01 1.001144117105297511e+02 1.018200473505773118e+02 1.101739768472362755e+02 9.446576109567952528e+01 7.451399956699565053e+01 6.297931062474984287e+01 5.406519484394264197e+01 4.744505822555442620e+01 4.437146892467962545e+01 4.137854025156024562e+01 4.058861389568438938e+01 5.987349950956321720e+01 7.170518233664542151e+01 8.401856115977930983e+01 9.226250850296433725e+01 7.915128819039703956e+01 8.133358190724504766e+01 1.012644865158376888e+02 1.011745895128238146e+02
6.977675852978201476e+01 4.964670065949565725e+01 4.236492666264045681e+01 2.200574172132538564e+01 4.236491129077869999e+01 4.994583151405753796e+01 4.407686240849994874e+01 6.411480866720690130e+01 7.750521548114616621e+01 8.554912832288098912e+01 9.499993713788015270e+01 9.751788703259202862e+01 8.755817928581791421e+01 6.751882354564344269e+01 6.094381285611883214e+01 8.095046653531090897e+01 8.833846968754636464e+01 7.411708419708399731e+01 8.000202697349003245e+01 8.168452563379891274e+01 1.018200473505773118e+02 1.015551335261433366e+02 8.162733633963196667e+01 7.269765858556147009e+01 5.274980170782531275e+01 6.736636941094403142e+01 6.429244277065680535e+01 5.289493759761266034e+01 6.049571998469542677e+01 4.534809471888974741e+01 5.677615351535905575e+01 7.086277205706305438e+01 9.080969609996790837e+01 9.908921583517441434e+01 1.012644861557983802e+02 1.047710295360723478e+02 9.475502127647595785e+01
6.379397045483198525e+01 4.378672106148664511e+01 3.032362575558364881e+01 2.289396966355429441e+01 4.326927896734065371e+01 5.293808879908846876e+01 6.411480335353978433e+01 7.222866254205716530e+01 8.625715402159083567e+01 7.793585032998555562e+01 8.625716384092771705e+01 7.692368472120857348e+01 9.141315060816060623e+01 7.338809860853577050e+01 5.341211143936726558e+01 6.716013482095711140e+01 7.215436565643859979e+01 5.999433810899675734e+01 6.752713905814253792e+01 8.168452563379891274e+01 1.018200473505773118e+02 9.573184572389243385e+01 7.578508542894915934e+01 6.165995766874162598e+01 5.772314064732404404e+01 7.768916417066888869e+01 8.108678807347162376e+01 7.283547622322114989e+01 6.877016430456319540e+01 4.888724432064798009e+01 6.877019807525094564e+01 8.158442858029822276e+01 8.824042791311573808e+01 9.648158394528259407e+01 1.064434698351342092e+02 9.648326316249929846e+01 7.644151766817380178e+01
5.721598023329878657e+01 5.800945676639787507e+01 4.964669950421294686e+01 4.326927915125321533e+01 2.416242568258141787e+01 4.456193656740198605e+01 5.442166599656768255e+01 6.407782481812682818e+01 7.240985880528258178e+01 5.789655433777871707e+01 7.623016592029105709e+01 6.258643336075827790e+01 8.122137768047943496e+01 6.784778424141205733e+01 4.786221719075427217e+01 4.716936493273777842e+01 5.217744179194075826e+01 7.215436533368220751e+01 8.237382030243014697e+01 9.071469590638540126e+01 1.007693909914337240e+02 1.015552503245743310e+02 8.162734415127516741e+01 7.319338168017131352e+01 7.768916417066888869e+01 6.555153365551110767e+01 8.552237106847648818e+01 7.769086455622128540e+01 5.774364611491050425e+01 6.292726500385395383e+01 5.587836239699040419e+01 6.161924733364350715e+01 6.827243018576690758e+01 7.826703114534666383e+01 9.821382502309198514e+01 1.047710476182693782e+02 9.475502127649689044e+01
3.693080753720956722e+01 5.188883669761557371e+01 4.721733408976481172e+01 2.678081726859029743e+01 4.003059683666579360e+01 2.562306193719788894e+01 4.605068319431365609e+01 4.383815356005655417e+01 5.717861264679109468e+01 4.782800854984407835e+01 6.791620227035814139e+01 5.304756311489712317e+01 6.138367296348879165e+01 5.896703295707848014e+01 4.264032175990165285e+01 6.269020230538065164e+01 5.320413355129936406e+01 5.766149762079595575e+01 6.235410587471078969e+01 7.233043276301081903e+01 8.651286592282804122e+01 1.066715529265998867e+02 1.013802413880314077e+02 9.314834573335096479e+01 9.154199816134419621e+01 7.157715371644412983e+01 9.154199816134419621e+01 8.474941721662551686e+01 6.478481566548040860e+01 8.287628511440539114e+01 6.738450676633695480e+01 8.158442858232766071e+01 8.824042791312383827e+01 9.648158428649574603e+01 1.064434859925442254e+02 1.113673469030239573e+02 1.091836952779896563e+02
5.188883872449585510e+01 3.145903246187241820e+01 2.946673768756633294e+01 4.721730016966813537e+01 5.330043802657355201e+01 4.605068224275283484e+01 2.709800376905042185e+01 4.755103028240059615e+01 3.690188033835556070e+01 5.163957123887267642e+01 5.286657256009682726e+01 5.410013542921652885e+01 4.216657779398440198e+01 3.881049413183568220e+01 5.896703295707848014e+01 7.099967519912956959e+01 7.318441710131075695e+01 7.765512894983648096e+01 7.648437126179597101e+01 7.175788494775241588e+01 8.070827853160450616e+01 9.231638337138051043e+01 1.125021104348522130e+02 1.056266551300766992e+02 8.570794222352247971e+01 8.311881953491106856e+01 9.977618308859557317e+01 9.299411367526730032e+01 7.477289329013490260e+01 9.299410382971827005e+01 8.734541006017286691e+01 9.558733056071140766e+01 1.012739094619775955e+02 1.095541019406763183e+02 1.113673469030239573e+02 9.136809179153293314e+01 8.917869443024932252e+01
3.489174350062556584e+01 5.188883872449585510e+01 4.991381481588438618e+01 4.136197684765556204e+01 6.159584026502452758e+01 5.033771886127549067e+01 2.949700392805412719e+01 2.876828203541588280e+01 2.996298838943420151e+01 3.119311387865813145e+01 3.244523279400669935e+01 3.371833512918171039e+01 3.500675748556153621e+01 5.223777819946808876e+01 6.470657961874348985e+01 7.987485050690561650e+01 8.758044950879718726e+01 8.978065516718824313e+01 9.659220942183723935e+01 8.593734388988426076e+01 1.001931088549974476e+02 1.092043615180230773e+02 1.208553429966610793e+02 1.138444239536688372e+02 1.056266551300766992e+02 1.030482741456659852e+02 1.112680640326449009e+02 1.029596397682845037e+02 9.472594126582592367e+01 1.029596357902407675e+02 1.033765031873238058e+02 9.799953813582574469e+01 8.125131687158980753e+01 9.799953832085554950e+01 1.071932424040227545e+02 9.503802352090987426e+01 7.502417009839759032e+01
4.933703394075062221e+01 6.357114127488738831e+01 6.159584079600563200e+01 6.159584079600563200e+01 6.993475763692882197e+01 5.229355822679593757e+01 3.197012080546103263e+01 4.922292002967861890e+01 5.041985069812988485e+01 4.573859873462027537e+01 4.697305475514736628e+01 5.410013535717838806e+01 5.534462389829531048e+01 3.713450261241161598e+01 5.150553084287768968e+01 6.867175506160324971e+01 6.753959817507539753e+01 6.973007820260184531e+01 8.978065516718842787e+01 1.060942804394724277e+02 1.029053580341172278e+02 1.002873241420265913e+02 1.086427770137723172e+02 1.202891819500953119e+02 1.186890613939134198e+02 1.104301655996574709e+02 1.092986759537122907e+02 1.010301256926107669e+02 9.884220949302611814e+01 1.033765031873238058e+02 8.336083781167852180e+01 8.703378089226688985e+01 6.969996383290798292e+01 8.971386024002673309e+01 9.305459803963512400e+01 7.891595367429032137e+01 6.835874165496834109e+01
6.208186888789432345e+01 7.780524860902409046e+01 8.172146134870416745e+01 7.895853584920628521e+01 6.732895638945477401e+01 5.479038910439015098e+01 3.459522181476154401e+01 4.058799242636503379e+01 6.137535911957433399e+01 6.588578727296670934e+01 6.709478349528515650e+01 6.019787603102436435e+01 4.006048729838818190e+01 5.737807730336538015e+01 4.022944261246136222e+01 6.036285283203966401e+01 5.340005766143359978e+01 6.753959817507539753e+01 8.758044950879718726e+01 9.390673752061759672e+01 8.278383014430750109e+01 8.017815377145764444e+01 9.176143251827261338e+01 1.119339086899875184e+02 1.104301655996574709e+02 9.041223093209387685e+01 9.627534825087398929e+01 8.101536155043784504e+01 7.882533132531368381e+01 9.234787664709085675e+01 8.703378089241279270e+01 6.702339158740022640e+01 6.214369491608955087e+01 8.214931843161662073e+01 8.305499209377049397e+01 6.477144134503552664e+01 6.233131034793127867e+01
