LEM/with_lateral_4open/elevation_000288.asc
nrows	100
cellsize	150.0
xllcorner	0
ncols	100
yllcorner	0
NODATA_value	-9999
[rows 0 to 16 of 100, columns 37 to 73 of 100]
8.884754177262699226e-02 6.929726548558100274e-02 7.395023591448830758e-02 4.828361932999872264e-02 4.897713358561925356e-02 8.568734790590110117e-02 1.075183056328203948e-02 6.823539046102447547e-02 7.194897206013613211e-02 1.557559815681563986e-02 7.704183385687686514e-02 1.685416958384493638e-02 9.680445094065920353e-02 7.639902522890137937e-02 4.559330980047965332e-02 5.839666421669215124e-02 9.739037529851846120e-02 3.670263267501718690e-02 2.041064012308905357e-02 6.895211126444661387e-02 9.031524355919069713e-02 1.560024811392830661e-02 7.641644294168103979e-02 3.888124420523987601e-02 6.873285589001959517e-02 4.772367030474261584e-02 9.504926490987847254e-02 5.760415539182907330e-02 9.666222459857021221e-02 9.627991409191682948e-02 1.286757495974483190e-02 9.381044340810595905e-02 7.584058927755046864e-02 1.435327048224320848e-02 5.777975670406795827e-02 2.716720951219454838e-02 4.735230246529398453e-03
2.008884754177227094e+01 2.006929714436600420e+01 5.847452927810720347e+00 2.004828333048531519e+01 2.004897713358526445e+01 8.250653157183233333e+00 2.001075183056292772e+01 1.421037101419259407e+01 1.421412960522731517e+01 2.001557559397727104e+01 2.007704042224263219e+01 6.443099747220037976e-01 2.009536507560797247e+01 2.007639697793608846e+01 2.004546818735144598e+01 1.160540195656843210e+01 2.009739036972717230e+01 3.518255751788981645e+00 2.002041064012273353e+01 2.006895211126409251e+01 1.163732062735180861e+01 1.415773587184500393e+01 2.007641644294132632e+01 1.849596165055608754e+00 2.006873284714567873e+01 2.004772367030438573e+01 8.260015237346456374e+00 2.005760415539147345e+01 2.009666222459821583e+01 6.075212428396761233e+00 2.001286757495939028e+01 2.009381044340775091e+01 1.333182297381699799e+00 2.001435327047226664e+01 1.160478514049648346e+01 2.002716720951183760e+01 1.414687085397735444e+01
2.607988481701676875e+01 3.413171896251717641e+01 2.584745301486949742e+01 1.527554334363127175e+01 3.527554313954279053e+01 1.825065315718341097e+01 3.653492674841244536e+01 3.421037102607128588e+01 3.421709563206292160e+01 3.044121330418916571e+01 2.127221863186472461e+01 1.272074795296348704e+00 1.040098738498327968e+01 2.294739990932499651e+01 3.988290205946441347e+01 3.160511905441974534e+01 2.119592528009043875e+01 7.053789657721734052e+00 1.860079504190699140e+01 3.860079612664985405e+01 2.577945625108301186e+01 3.415773587184570914e+01 2.366774900882084509e+01 3.667777983237423101e+00 2.366774900770965928e+01 3.655746689026551621e+01 2.240324811128454030e+01 2.826254294855620230e+01 3.267052862997336860e+01 1.254979585478193549e+01 3.126032257096163391e+01 1.535284942122263097e+01 2.592786649105815133e+00 2.259645513432351649e+01 3.160478513428607172e+01 3.988905515369590660e+01 3.414687085176851866e+01
2.342574341120095482e+01 4.339230581291767663e+01 4.355979031131591483e+01 2.421981525363027288e+01 4.355979031131591483e+01 3.239278878096565961e+01 4.653493253041540356e+01 4.418707790919186351e+01 3.112347934360854396e+01 2.215901044690385646e+01 2.163387830939523138e+00 2.127198916367709813e+01 2.806097357184488317e+01 3.684233618250219422e+01 5.073712729868082505e+01 4.948018998160957693e+01 3.097611293128807830e+01 1.097611236048544825e+01 3.097611293128807830e+01 4.688507787651209924e+01 4.577945625108371530e+01 4.229221690076556683e+01 2.550888086766035556e+01 5.508927219034061906e+00 2.550888086736373594e+01 4.435816797205526285e+01 4.244473173670689903e+01 4.827665310509601682e+01 3.995745751542342106e+01 2.012532622549271721e+01 3.901961595624130297e+01 2.992994356566014247e+01 2.256868803270526769e+01 4.391118183957786414e+00 2.440345761637495414e+01 3.505178194051418927e+01 4.535306822753543798e+01
2.083466936323489094e+01 4.080190029523163275e+01 5.250405099251781849e+01 3.836195087662135705e+01 5.250405099251781849e+01 5.239278906267661995e+01 4.189869095014613976e+01 3.006103558103465190e+01 1.711981657319683237e+01 3.061414341073409151e+00 2.216359980474771518e+01 1.069145103998493873e+01 3.069175844860339097e+01 4.897610096006581415e+01 5.897613574443416695e+01 5.412084328277555301e+01 3.514639947409222742e+01 1.514640064162698074e+01 2.669340602635054083e+01 4.669340773047507298e+01 4.815777857370204629e+01 2.818181740496051546e+01 1.404060385408517675e+01 7.373936835514697918e+00 2.679789711656713536e+01 2.433588399827953808e+01 3.853762855586510483e+01 5.859060547767941785e+01 4.808839474159118765e+01 3.172770876551070529e+01 4.808111196125851450e+01 4.373265413034671667e+01 3.208062231761962124e+01 2.388050811296464815e+01 6.203648098634032770e+00 1.621862787716840515e+01 3.660046475445395231e+01
3.731033460204798047e+01 3.495470081041741395e+01 5.491828859332654389e+01 5.836194961862165087e+01 5.009595307831474287e+01 4.186716919457052200e+01 3.408074079763763820e+01 1.524521102687296548e+01 3.962169039295690087e+00 2.305738163675537677e+01 3.132329326065898556e+01 3.069175316891457683e+01 2.069157607088511597e+01 3.069176611192118997e+01 5.069211561683371770e+01 4.583685058592362793e+01 2.583685031837702795e+01 2.117662753318235858e+01 4.117662802120108267e+01 5.497769305235778603e+01 4.815777905260186742e+01 2.818181740505718835e+01 3.403264096015576712e+01 2.151613740044145828e+01 1.017449700359360776e+01 3.017610784794094769e+01 4.205125926509996503e+01 6.142339458574263489e+01 5.937559843346833333e+01 5.120030640039497882e+01 5.012666719321276787e+01 2.980511125173763887e+01 1.561924653677075980e+01 8.047393501587979614e+00 2.624204151075107916e+01 3.505175445749980412e+01 4.535347639788804486e+01
4.186076032773841149e+01 5.491828859327561929e+01 6.319435752210308266e+01 6.065790741495840876e+01 4.186716919457052200e+01 2.220610123731682251e+01 3.155382363109901078e+01 1.994908681773405590e+01 4.600719896110190277e+00 2.525896367136835252e+01 3.154255619031957281e+01 3.983895117139373809e+01 4.069194086437745028e+01 4.897610096006581415e+01 5.897613574443416695e+01 5.412096886899200143e+01 3.738385571056544165e+01 4.117662802120108267e+01 3.117662753338225201e+01 5.117662850901989202e+01 5.640265277656539666e+01 4.815777879206612511e+01 4.980119424374770176e+01 3.221764544648763007e+01 1.221573845597442087e+01 2.221536139682391564e+01 4.216221532962134688e+01 5.096821354470880294e+01 7.106321604530275238e+01 6.517992255052089945e+01 4.588161751376851072e+01 3.191493105696954657e+01 2.932069218832861424e+01 9.374656802226445151e+00 2.937585659057424436e+01 3.284073736285537848e+01 4.691890317482998540e+01
4.099953313332785143e+01 6.081693991285776946e+01 6.643368915365428506e+01 4.655664652650444424e+01 3.271360288137908157e+01 3.348366164896484776e+01 1.363826073679355311e+01 2.497698275558055769e+01 5.250345521894864476e+00 5.509932047961296320e+00 1.090482750615138308e+01 3.155405942356370730e+01 4.504723688865645670e+01 5.889847002570631673e+01 6.707731024213059356e+01 6.566772615093221077e+01 5.738384751494688629e+01 5.946085709938061115e+01 4.117662753674618159e+01 5.946085709938061115e+01 6.588626046371794587e+01 4.437919523181934522e+01 4.400739637286899608e+01 3.432960322668135689e+01 1.432392356300895564e+01 2.099056633177081466e+01 3.098738880547450236e+01 5.100407051406753567e+01 6.945661511266041543e+01 5.956997734646608933e+01 5.138611840545918596e+01 3.626091347462165260e+01 1.627417532095883246e+01 1.071183281973894807e+01 1.650143087444997647e+01 3.648687138698584675e+01 4.713029301644946401e+01
4.099953313332790117e+01 6.081693991496018015e+01 7.231748268622800424e+01 5.237849752206256682e+01 5.237849752206255971e+01 3.842364537689955739e+01 2.626104267022210337e+01 6.168409180132001346e+00 2.533174814762966065e+01 2.807294002535576993e+01 3.155405942356370730e+01 1.660768070158530207e+01 3.675644901759709882e+01 3.882938627693464184e+01 5.356349398914142057e+01 6.173811802266855153e+01 7.059563088749511905e+01 6.946083430119142577e+01 6.117662948129368061e+01 6.946083430119142577e+01 5.981458533896405072e+01 3.798564745969679990e+01 2.376808942811480918e+01 1.761190333290434751e+01 3.432960322668135689e+01 2.845989313495076445e+01 3.510870504022508953e+01 5.494582511044582418e+01 6.127925612870213712e+01 4.149298068221619218e+01 3.150816926926751904e+01 2.482776236467748632e+01 3.214571494000951901e+01 1.213536280925756294e+01 3.214571445411260697e+01 2.721827464010831221e+01 4.133136457614437376e+01
6.081693991505258623e+01 6.905457293104804251e+01 6.339333760069251866e+01 5.194370749429214840e+01 4.368185746929297153e+01 3.131851716551275544e+01 1.526201280189678045e+01 6.824576131499465070e+00 2.945555365882339416e+01 4.182263527264536407e+01 4.504723679607980813e+01 3.675644901759709882e+01 2.216272019701185769e+01 2.757801537131789615e+01 3.335708417192895325e+01 4.258571583039997677e+01 5.413795904946373128e+01 7.379192644854518335e+01 7.395219175705749137e+01 6.393527210012799600e+01 5.564016092156999349e+01 4.110052585450571883e+01 2.111032064064174563e+01 3.761869282717984930e+01 4.590976349820731883e+01 3.998804718278353931e+01 5.494582510424363875e+01 6.317010726213878513e+01 6.945661511266041543e+01 5.956957096513093575e+01 5.138610428576055966e+01 4.476011670983610458e+01 3.358516081364734163e+01 1.357098761339438653e+01 3.358516081364702899e+01 4.712055815118433344e+01 5.531580891504461306e+01
7.475498549981510621e+01 6.630162232456640936e+01 5.506681917251876257e+01 3.534758609640324067e+01 2.432599733661007591e+01 3.313817647591636018e+01 2.691113213099124124e+01 7.483724964206982300e+00 1.251975140529692077e+01 2.702818381106894208e+01 4.839076541988094959e+01 5.076836373677669201e+01 3.398412537207910589e+01 3.882938627693464184e+01 5.356349398914142057e+01 4.776887235406202592e+01 6.755294721468081320e+01 8.194974492657131293e+01 6.566025735014521558e+01 4.562006449299497035e+01 3.559354324011339799e+01 2.892536268722524539e+01 4.110052585122612356e+01 2.512606587519408663e+01 4.514493697926886995e+01 5.988864762247415285e+01 6.815795326971847601e+01 6.649546275476603796e+01 5.816140831561411773e+01 4.958766723005395249e+01 4.122278015228271641e+01 4.004317862026589836e+01 3.503614893602814817e+01 1.501882790692806147e+01 2.660974164202685799e+01 4.073857159395194572e+01 6.051665275333428440e+01
6.630162232456640936e+01 4.571476716902546400e+01 5.143774594909368858e+01 5.194370749429214840e+01 3.337852388249169167e+01 1.447914595561745088e+01 8.422941823113015758e+00 2.780800567660964973e+01 3.328460605478533552e+01 2.939717013643696575e+01 5.058907194286093301e+01 6.234777558071339598e+01 5.416160513602982007e+01 5.889847002570631673e+01 6.707731024213059356e+01 6.755294721468081320e+01 7.570717095701081689e+01 8.691303385369597834e+01 7.395219175705749137e+01 6.393527210012799600e+01 5.564016092156999349e+01 4.048663896613173563e+01 4.806840330940411121e+01 2.802665165841516526e+01 4.219730831801526705e+01 6.222446501216001735e+01 7.057515860100734528e+01 5.816140885908508551e+01 3.789487656694575435e+01 4.122294508149353476e+01 2.103371739035258514e+01 1.923645973921638230e+01 1.748122124835964897e+01 1.775306874242507504e+01 3.782787544420504133e+01 5.005122624122384423e+01 6.158660255898141145e+01
6.211653884383095203e+01 5.143774594909368858e+01 3.204027808411531453e+01 4.095207138553902837e+01 3.250205701017647186e+01 1.723014567991491575e+01 9.091363548703034425e+00 2.481315125743235228e+01 4.714625784354913662e+01 5.058772246434244124e+01 5.631681599444367947e+01 5.879853206165585533e+01 6.136920946460987381e+01 6.590033685204548419e+01 5.917596425487732148e+01 6.463656456136924078e+01 7.084118122815299046e+01 6.722911194202852414e+01 8.691303421525937267e+01 8.055741758944226660e+01 6.052998797141036391e+01 5.266926985521806870e+01 3.261461977331137518e+01 4.806840330940650574e+01 4.219759815466530029e+01 6.224169665863469447e+01 6.225374586609672889e+01 4.195638640076256110e+01 3.183735062429511942e+01 2.362728131046869606e+01 4.089568635024034648e+01 2.880760987591852995e+01 3.747707473930427113e+01 3.782853160333638698e+01 2.175218470075849098e+01 3.346125974009341775e+01 5.344518227182181391e+01
4.393787452127611459e+01 3.446592966128338986e+01 2.796124254469392056e+01 2.197738840729050125e+01 1.770855112746440341e+01 1.365952882073121266e+01 9.761721737939362598e+00 3.037023165160108107e+01 4.774619801678588260e+01 3.963464313075206036e+01 3.624683733014446574e+01 3.882921636333974647e+01 4.149853480155810104e+01 4.614960181218041413e+01 3.934428528150302640e+01 4.494809030011617068e+01 5.122046074084238398e+01 6.253384806556323383e+01 8.218920882194701960e+01 8.433785023266318603e+01 7.432395169904469867e+01 5.601126156560598446e+01 3.595937721596120440e+01 4.754252134870673530e+01 6.224237562948110991e+01 7.053715671062509784e+01 7.057515860070931524e+01 6.045689465317011013e+01 4.576820056684262994e+01 2.555092074166023863e+01 4.117899007092797348e+01 4.054333757371488645e+01 5.377313686755707778e+01 3.713392198127201738e+01 4.191563925226037668e+01 2.624828896341768925e+01 3.655548860869152605e+01
6.211653884383095203e+01 5.379324757180120287e+01 4.696000879346351553e+01 3.282809275251234737e+01 3.689131779081092333e+01 3.107253539599743419e+01 1.044254535161030262e+01 3.107250564645010371e+01 3.600405406357599247e+01 1.895464346589820437e+01 2.152202038305392406e+01 2.418575566919779618e+01 2.696240312844382814e+01 3.181405050607130747e+01 5.193445936447321287e+01 6.463656456136924078e+01 7.084118122815299046e+01 7.901681954431688837e+01 9.038834902790220838e+01 7.604647770335094492e+01 5.601426799572042370e+01 4.599215023306719985e+01 4.014776576501102312e+01 6.019047794281434705e+01 6.757977583994139081e+01 8.760344587970359953e+01 7.759612993751161980e+01 6.207520931982973167e+01 4.179318689342373716e+01 2.750103369288580879e+01 4.770201895008414539e+01 5.679036249969865935e+01 6.346675068643663309e+01 5.205573694469148194e+01 4.990981177936725288e+01 2.970136487253344271e+01 4.288932023458512077e+01
7.700493734421540637e+01 6.880795642090403419e+01 6.033936045261286552e+01 5.204632831389648118e+01 4.309899984858646604e+01 2.478237849617298849e+01 1.112467563732904452e+01 3.171105041101840527e+01 1.544760828380367457e+01 3.617438163057551037e+01 4.212519798264839466e+01 3.882921636333954041e+01 4.731852066678636248e+01 3.194279145339384129e+01 4.367981286713207822e+01 5.766242061169879207e+01 7.731983840659584928e+01 8.399657783765501051e+01 9.219555611259939099e+01 8.433785023266318603e+01 7.432395169904469867e+01 6.603037284953568076e+01 4.649027057226504667e+01 4.869803589584366676e+01 6.873372409724889565e+01 8.166873428280884184e+01 6.929333104853020586e+01 4.902617075151788839e+01 4.973871584187007500e+01 2.948872952824303795e+01 3.660557907990651927e+01 5.098776102531282106e+01 7.124237056102352028e+01 7.213265223893533573e+01 5.357503565707051507e+01 3.337413939569908194e+01 4.389403462309116577e+01
6.400658524435247898e+01 4.908087134497935011e+01 5.283359882390162454e+01 4.861483771605145421e+01 4.468944852183572891e+01 3.937744222556883500e+01 3.177680322534644120e+01 1.209344764905538838e+01 3.247950096050805513e+01 3.382330645906836963e+01 5.397478387953239576e+01 5.879853205734622179e+01 5.551316277286967704e+01 3.563402310937637196e+01 5.551316277286967704e+01 6.535525430944488789e+01 7.010035791896194723e+01 6.434435923527206569e+01 8.399657536310955663e+01 9.139714301957839382e+01 7.137061055188259218e+01 5.720176373837589523e+01 6.065995094984391045e+01 5.537771452109529235e+01 7.541172888532567242e+01 7.338295202648978943e+01 5.313633427074283588e+01 5.274526396090542590e+01 3.246498813833823505e+01 4.973871584187011763e+01 5.692019880803675846e+01 5.098776102531282817e+01 7.124237056102336396e+01 7.170395672068292470e+01 5.179539100981288868e+01 3.746460761900998193e+01 5.762647490282869711e+01
