LEM/with_lateral_4open/elevation_000010.asc
nrows	100
cellsize	150.0
xllcorner	0
ncols	100
yllcorner	0
NODATA_value	-9999
[rows 51 to 67 of 100, columns 37 to 73 of 100]
8.654915251615318539e+01 7.933801103017826506e+01 6.640648729509783266e+01 7.168476985672091928e+01 7.768372093748506302e+01 8.476756495710878880e+01 9.380028995596643426e+01 1.055386757155494735e+02 1.199233225624805357e+02 1.401139298166532114e+02 1.307918674891588751e+02 1.106355484209067157e+02 9.902901812672922688e+01 1.101541723873487513e+02 1.067083525548340361e+02 1.209863638939767725e+02 1.234569563248186910e+02 1.178713500869744308e+02 1.063125877559607204e+02 9.737190196096813111e+01 8.908582722660493403e+01 8.278978188505202240e+01 7.437066311200760538e+01 5.456887385044961292e+01 6.736967337877014472e+01 6.406692879945840957e+01 5.851218595057447658e+01 3.866169849442716355e+01 3.711359829488667827e+01 3.558829279833484804e+01 3.407581490797647206e+01 5.218915736165778441e+01 6.040984781702158557e+01 7.185224920430167117e+01 7.758240768099534534e+01 5.773634904264598333e+01 6.643117061562641368e+01
7.289793977998013474e+01 5.948837833272733633e+01 7.933801103017826506e+01 9.178159998457660151e+01 9.786712540316574405e+01 9.803514401596147820e+01 1.056968844900143125e+02 1.140708650968313691e+02 1.242077387489496374e+02 1.376098258525573499e+02 1.291996008031978533e+02 1.275421282687352402e+02 1.101541723873487513e+02 9.004524586386874319e+01 9.249692289056513061e+01 1.109138254257377980e+02 1.033119848972725663e+02 1.175834865898908248e+02 1.101747236464395030e+02 9.015498794497739254e+01 7.863808969200594845e+01 6.976998770869020916e+01 6.230746547833065563e+01 7.437066311200760538e+01 8.030498662232109552e+01 6.033274779445669367e+01 4.633220056812642440e+01 4.635422388111207681e+01 4.515703321477262477e+01 5.548278162223589760e+01 5.219021180382947023e+01 3.227873730922372886e+01 4.379495378489498592e+01 6.364634881824571266e+01 7.008130259128378725e+01 5.024931622984065172e+01 6.425816875375025461e+01
5.322918133201650193e+01 7.289793977998013474e+01 7.919100060887762993e+01 8.365572320778785809e+01 8.851938813716098764e+01 7.784917748591473696e+01 8.542582458575225246e+01 9.553633035117339034e+01 1.158574386288552631e+02 1.291996008031978533e+02 1.090381432198376928e+02 1.149432974273990027e+02 1.185254911488275980e+02 1.025537125711207977e+02 8.247968616051493029e+01 9.650116587584855665e+01 8.911422620550413853e+01 1.092123104215906295e+02 1.184607229001329642e+02 1.069049549907223025e+02 9.796618732340597546e+01 8.215583360271668312e+01 7.372905502202883099e+01 8.713132764910037054e+01 6.715054497738512396e+01 5.562781297332168151e+01 6.618259840123589299e+01 6.815027527388377848e+01 6.682819268831546822e+01 6.499076196158617336e+01 4.512337429911816145e+01 3.102549040498593058e+01 5.094239741057006654e+01 5.382960991564452513e+01 5.816630661150021808e+01 4.493695725108441508e+01 5.896332019208741571e+01
5.140827178656561358e+01 5.531100202616565298e+01 5.932875683339070605e+01 6.368887674410191835e+01 6.846598390574357040e+01 7.842362228227300136e+01 9.267295627626864984e+01 1.129608883077883092e+02 1.242077387489496374e+02 1.342821650563846561e+02 1.149432974273990027e+02 9.482730701550441665e+01 1.041908482678362162e+02 1.109138224768612844e+02 9.650116587584855665e+01 7.648292484791474521e+01 9.133247826704706540e+01 9.856167720974896440e+01 1.069146171042342957e+02 1.185367359720924156e+02 1.104070933181610314e+02 1.019526844685259022e+02 9.366702721600286452e+01 9.541277410831817463e+01 8.387476738091662298e+01 6.715054497738512396e+01 8.387476738091662298e+01 8.319541920198388141e+01 7.491161872791452936e+01 6.787007294782834776e+01 4.970393398652541350e+01 2.978203159580714043e+01 4.796211700865288208e+01 3.393197372319455241e+01 3.829306572790206786e+01 5.816630661151790349e+01 7.302756887184145285e+01
5.096467049755104028e+01 7.056133054107013436e+01 7.919100060887762993e+01 8.365572320778785809e+01 8.851938813716098764e+01 9.689316315877734098e+01 1.069944904835226822e+02 1.117640599792032674e+02 1.201080730660241471e+02 1.258789267346325715e+02 1.057334893205898396e+02 9.413374351498029569e+01 8.411521099739033502e+01 9.631653548610616156e+01 1.046659596511247514e+02 9.133247826704706540e+01 7.138290294959993787e+01 7.854011661525605348e+01 9.006847501586683791e+01 1.101636071660694540e+02 1.080017076898645882e+02 9.977876996858725533e+01 9.718497319275655855e+01 1.054167607292525872e+02 9.541277410928013580e+01 8.713132764910042738e+01 8.643778409949800334e+01 6.647388005947441059e+01 5.499511964337671799e+01 4.796546148658631381e+01 5.792185522955457344e+01 4.795264923780523958e+01 2.803376291150166466e+01 4.637766941200547421e+01 5.461722416370653832e+01 5.886629568538889146e+01 6.711072428987134231e+01
7.056133054107013436e+01 5.457323793640001952e+01 7.428560632033337185e+01 8.200971913020926252e+01 8.609399977152449424e+01 9.047503598490500565e+01 9.522303628760870708e+01 9.150552604535597823e+01 1.091426360279809273e+02 1.174985112178209619e+02 1.205952495304154155e+02 1.004614607681717473e+02 8.627456000655649859e+01 7.630641411543490449e+01 9.014127796586588204e+01 8.661808452740403652e+01 6.796308654726260556e+01 8.785970295804922614e+01 1.069146171042342957e+02 1.113666354852294376e+02 9.977876996858725533e+01 7.979498523687848888e+01 7.720252313184971626e+01 9.389834646337114066e+01 9.396959463638755494e+01 1.022074911298081190e+02 9.473157475290921070e+01 8.319541920198388141e+01 7.491161872791452936e+01 5.896846008921664861e+01 3.905557131614263255e+01 3.328730510311398660e+01 4.637766941232380447e+01 2.644442012276840615e+01 4.480585841594196950e+01 3.898183460606657036e+01 5.886629568539498081e+01
8.260696919431680385e+01 7.426477832254431632e+01 5.834145917869731335e+01 6.207931945995889578e+01 6.608519269642432903e+01 7.039860591474615603e+01 7.507897702090231462e+01 8.173556969496749502e+01 8.884622073407848575e+01 1.005633493671988248e+02 1.208621595529600086e+02 1.147245501160883379e+02 1.046659596511247514e+02 9.014127796586588204e+01 7.021108618945486057e+01 6.673918891989937663e+01 6.493730565944633781e+01 8.478958840031376099e+01 9.128585334407650009e+01 9.128585334407651430e+01 9.930463021369628507e+01 7.936155598318423188e+01 6.576555585990718100e+01 8.564810027102377887e+01 7.404215309242059107e+01 9.070904002580783754e+01 9.388361865110250903e+01 7.372031298242390562e+01 5.950173737129231455e+01 4.950450270543480968e+01 4.058147141569482841e+01 5.322027096185161099e+01 5.159968998553006969e+01 3.633367187456489944e+01 2.486711013114700108e+01 4.325744629004556430e+01 5.149858949750254311e+01
9.378070548893552427e+01 7.374276830155713469e+01 6.230841919154556763e+01 8.200971913019851911e+01 8.609399977152449424e+01 9.047503598490500565e+01 9.522303628760870708e+01 9.150552604535597823e+01 1.091426360279657501e+02 1.174985112178209619e+02 1.291820446425077193e+02 1.133247371962761889e+02 9.321680670461742579e+01 8.166841932345826649e+01 8.426585302358299145e+01 8.179674415984885627e+01 6.198028675723806202e+01 7.868263566876920834e+01 7.135841649364475359e+01 9.128585334407650009e+01 8.934121859672740129e+01 7.929035573440475559e+01 5.953496821338541167e+01 7.185961799204447686e+01 6.262464142447556981e+01 7.662570950240512957e+01 9.656045687041965664e+01 8.796821237089376666e+01 7.329330044085465090e+01 5.321244184391869680e+01 5.470957892621618868e+01 6.041155672167204216e+01 5.542265912482615420e+01 5.276834723425233875e+01 4.325744629000509178e+01 2.331389844849143600e+01 4.172701090203227636e+01
1.019328221118392150e+02 8.222730516153981739e+01 8.224746690818587069e+01 6.906795245642562975e+01 7.797055146180528595e+01 8.958083561751170976e+01 1.098297817165416603e+02 1.117640599792032674e+02 1.201080730660232376e+02 1.177566541854455835e+02 1.260700570967600527e+02 1.217035416346691648e+02 1.100738807978539171e+02 1.017154181140701183e+02 1.043258085462303342e+02 8.994447036039335330e+01 7.848367862763741698e+01 5.889191338204322790e+01 7.606982916942335748e+01 7.425219505249928886e+01 6.786748930888140308e+01 6.888364246307438066e+01 6.933399869938267557e+01 5.207022687604873568e+01 6.624979283348913839e+01 7.290562896248556513e+01 8.269373732456604387e+01 9.177917899914572786e+01 8.163349418997938756e+01 6.739352757475207056e+01 7.479703247087473983e+01 8.005770147100405154e+01 7.412090009118608691e+01 5.732139355482554777e+01 3.743196859247551345e+01 4.172701090203106133e+01 2.178275517319137933e+01
1.026046656614293653e+02 1.022903076360888406e+02 9.518055300608121172e+01 7.505378018748172053e+01 9.518055300608121172e+01 1.064899906447925986e+02 1.181555820108902140e+02 1.183689029808085706e+02 1.100565703187647841e+02 9.769590945313183283e+01 1.144863598054580649e+02 1.281161864867893598e+02 1.080615448357604151e+02 1.080615448357638257e+02 9.835203556994193264e+01 8.417766075252619373e+01 6.433989988967796592e+01 7.593925360254196733e+01 5.629089522708372328e+01 5.446901073672885474e+01 5.280473506187734500e+01 5.116095874994412185e+01 4.953744167178871294e+01 4.792859087235976290e+01 4.643603055996188544e+01 5.630470427983117077e+01 7.140272720685852903e+01 7.207636483484840539e+01 9.162609080505444581e+01 8.753661261745541822e+01 7.944465274721851245e+01 7.124608374779637643e+01 7.944465274544458566e+01 6.556521041309787279e+01 5.732139355482560461e+01 4.996894330758848213e+01 4.020545471585525377e+01
8.835980723018813876e+01 1.085510698978525141e+02 1.035142280128038834e+02 8.663380131195300748e+01 8.926078296593293260e+01 1.035679349475308868e+02 1.237261591595104164e+02 1.067960933260462042e+02 9.002142443825839280e+01 8.615244043893949311e+01 1.055263877732520825e+02 1.222358033479057724e+02 1.021903747234539424e+02 8.802030171316076235e+01 9.004945962457207997e+01 7.013722086695271685e+01 8.417766075252619373e+01 8.029998222779082084e+01 6.055223155854863393e+01 7.425175984028493303e+01 7.259202710394504265e+01 6.513303163786501671e+01 6.933681442999328226e+01 6.767678883686657798e+01 6.416782558444202778e+01 4.434173967540687755e+01 5.243616466619686634e+01 6.377598879100411011e+01 8.341488937170346674e+01 8.517832239550440931e+01 6.547516154569701996e+01 5.167144596445822202e+01 5.994466135429660625e+01 5.438457243122247320e+01 5.909691577498755777e+01 5.049012063693920283e+01 4.838675829540197526e+01
8.729539141702734639e+01 1.074841063640863581e+02 1.149331931457048910e+02 1.066339750064587264e+02 1.094721421225412286e+02 1.060245382570931980e+02 1.085493220183643643e+02 9.785530150450406950e+01 7.852282708456544924e+01 7.726329166071631960e+01 9.722040576895177821e+01 1.100116169884574759e+02 1.163772432254178995e+02 9.734904978293307920e+01 7.735829877883776362e+01 8.004732047680131757e+01 9.835201970232027691e+01 8.855473335887455733e+01 8.030578035813810800e+01 6.729913730320652121e+01 8.709577509464797629e+01 8.500269459002936401e+01 8.308797814496281831e+01 6.320303492898859332e+01 5.178308173383263124e+01 4.290297198375057519e+01 6.074862482607449721e+01 6.884120642637630283e+01 7.327524617602466606e+01 8.172700873041212333e+01 7.380269717498144644e+01 5.420447496951678801e+01 4.029377337259872149e+01 3.458929382702702782e+01 4.665684813754917570e+01 3.201893854665319594e+01 4.129509793230381121e+01
8.729539141702734639e+01 1.074841063640859460e+02 1.120370813080779300e+02 1.029969854161169138e+02 1.001699719965317712e+02 8.597689914587573412e+01 9.441692989877608966e+01 8.028453778316443845e+01 6.968982967509244020e+01 7.028759072768251315e+01 8.171755300572738179e+01 1.017032451475465820e+02 1.115210710502306171e+02 9.147880636777850327e+01 9.147880636777793484e+01 9.418109640814033412e+01 1.083631692083643827e+02 9.555458824549931762e+01 7.571691270221654690e+01 8.709577509464797629e+01 8.345234240978635398e+01 1.033071914544605647e+02 9.140611394664243505e+01 7.987414791408085080e+01 7.098194062513439917e+01 6.074849175533622514e+01 4.090352314881760520e+01 5.863452308448889738e+01 5.316217356496493807e+01 7.327181573402179993e+01 7.959200956877747046e+01 5.994466135429660625e+01 5.901368137289148308e+01 4.689240790132852510e+01 2.707620842544245932e+01 2.229580295112899080e+01 2.138162110292152462e+01
1.074841063640856049e+02 1.157865990980074855e+02 9.950334745869479036e+01 8.238906241052728774e+01 9.018768475894523817e+01 7.193580043591855144e+01 8.447956551769851785e+01 6.630981893707200925e+01 6.228079497385656538e+01 7.363534917021540593e+01 8.768270258898672864e+01 1.076948351049527730e+02 1.198398471786118762e+02 1.115210710502306881e+02 1.115210710483437424e+02 1.142242441155285206e+02 1.095977631731627184e+02 8.973771500421923974e+01 8.563143930211573718e+01 1.038242796835876476e+02 1.033071914544605647e+02 1.020970179402411020e+02 9.250025291263790450e+01 7.842037852088428451e+01 6.535702986077988896e+01 4.553552830737662305e+01 5.893696178136978858e+01 3.908181970213923506e+01 5.309112270177994475e+01 7.252615354680979465e+01 7.522709696968385629e+01 6.159857471947102425e+01 5.135119689591224557e+01 3.450550292021249277e+01 2.365150102719499969e+01 4.222827090929486360e+01 3.546897465396628490e+01
1.075603144399748459e+02 9.858570409734898021e+01 9.025003686934542202e+01 7.092139046089459953e+01 7.823327662531443139e+01 6.210704673853096836e+01 7.622022859240111359e+01 5.651362461776779611e+01 7.622022859240111359e+01 8.888042041839086949e+01 1.003825841270076467e+02 1.092144344170557133e+02 1.175062369785004250e+02 1.067212072810486632e+02 9.841490635268456799e+01 1.067212072810705905e+02 1.179108443634696783e+02 1.095977631731627184e+02 9.965114149508083585e+01 1.137742744823273853e+02 9.949740027536682874e+01 8.797238504410408666e+01 7.384775214797180354e+01 6.434050413628119713e+01 5.035489818194317024e+01 6.535702986078001686e+01 5.767865161615000602e+01 3.781658255004595759e+01 5.591859038247077507e+01 6.266224627930915858e+01 6.605457169833711362e+01 4.470596938523186736e+01 3.314118654990738122e+01 2.501825635239430667e+01 4.358089411220689158e+01 5.181843244926540137e+01 5.536037967120086023e+01
9.330635091559580019e+01 7.918010491535525830e+01 7.033931740847447145e+01 6.413753633428267165e+01 5.849080992311714056e+01 5.410434117787967523e+01 6.844711869798869941e+01 5.298398164153859113e+01 6.084473090983940580e+01 7.220815210293812925e+01 9.208915193087021578e+01 8.921898130118395898e+01 1.059580132061157514e+02 9.676967247048935405e+01 7.857401629000494836e+01 9.245419454128136749e+01 1.007410973977366524e+02 1.122619637120271676e+02 1.195443848512445868e+02 1.073475658014466205e+02 9.119432193098408845e+01 7.126699368096885223e+01 5.986189594048419593e+01 5.555410732373590577e+01 7.016062034239031675e+01 7.189524920317667522e+01 5.195735123749621920e+01 5.325166278950029408e+01 3.604801483934905093e+01 5.001982781077845175e+01 6.929527514680829370e+01 6.159857437610487807e+01 4.591245886874485649e+01 2.599360092421288471e+01 4.373419322983488655e+01 5.844441537370573059e+01 6.674671073297814416e+01
1.075603144400926539e+02 9.858570409734983286e+01 9.025003686934542202e+01 8.395371453441549647e+01 7.823327662531443139e+01 6.844711869798869941e+01 4.873285543435472533e+01 4.948958169925621320e+01 6.919887660524970840e+01 8.888042041839086949e+01 9.703616004567915354e+01 7.774463627007013145e+01 9.703616004567903985e+01 8.849446132134464449e+01 6.891335495555411228e+01 7.277689226104455145e+01 8.404171984733545742e+01 1.039458486819053320e+02 1.173748669420868254e+02 9.903611214983358479e+01 7.904339147612618888e+01 6.759684385474810142e+01 7.968927360160780893e+01 6.301180225710292859e+01 8.286724011105684440e+01 8.013973777704639190e+01 7.172389384122701017e+01 5.468880381702940241e+01 3.481163455653769745e+01 5.288758631948668665e+01 6.120208246572963873e+01 6.434969698032577412e+01 4.688791971242425660e+01 2.697199152553520918e+01 4.687231316832528449e+01 3.975564318856964974e+01 5.881410170765730783e+01
