LEM/with_lateral_4open/elevation_000325.asc
nrows	100
cellsize	150.0
xllcorner	0
ncols	100
yllcorner	0
NODATA_value	-9999
[rows 68 to 84 of 100, columns 37 to 73 of 100]
7.353338941091310232e+01 5.383219326375938607e+01 7.353338941091310232e+01 9.077504922903517581e+01 8.698495173758746546e+01 9.529440336591515859e+01 8.449949211321536779e+01 6.462517390485103874e+01 5.334248684598934176e+01 6.589666435212870965e+01 5.015859703684910897e+01 6.984146304816668760e+01 8.778576616387015008e+01 9.672596853503355874e+01 1.053258751217908724e+02 1.014551571197182369e+02 8.943304636976463939e+01 6.944645385071072496e+01 8.236671881824696584e+01 1.023794033888936639e+02 1.027290751397774073e+02 9.431484568013399894e+01 1.027290751397774073e+02 1.031560470655859234e+02 9.305497939044470002e+01 8.469604050205104784e+01 7.955932231558803380e+01 7.114073027049532527e+01 6.389350974008226558e+01 5.456485835679684016e+01 3.411748367867429010e+01 5.456485835679684016e+01 6.056525263764633848e+01 5.684120345541561647e+01 7.713537135026174951e+01 7.550486034194062768e+01 6.871266894001433911e+01
5.826994409248181483e+01 4.970823923712450210e+01 6.392014444772537018e+01 7.217058683412905395e+01 6.702932668028974206e+01 8.375523412917856092e+01 9.279189941245113005e+01 7.994927084345040669e+01 6.007592202241369250e+01 4.638885483093135775e+01 5.272881779855042339e+01 5.960289721551001207e+01 6.845456630397616493e+01 8.257202070762708956e+01 1.025713200727523571e+02 9.315310341388197912e+01 7.317218345916687383e+01 6.243534591160133829e+01 7.650810914656152306e+01 9.651065374455563983e+01 1.012381319196828429e+02 9.298446005939051417e+01 1.012381319218518883e+02 9.480616773978253775e+01 7.458591326431957214e+01 6.440418608140655010e+01 7.455011329172891976e+01 7.000974577045685976e+01 6.568785078522303422e+01 5.716574364221641957e+01 3.668635245614337492e+01 5.121883574886601309e+01 7.152284872073549593e+01 7.713537134991109667e+01 8.402844573644722459e+01 7.389815403244156755e+01 6.552292394330898162e+01
5.056803214206671981e+01 4.664632478259204618e+01 4.459668054586516917e+01 6.391995882509042559e+01 5.575512452252633011e+01 7.546356623890937954e+01 8.082200937501923477e+01 7.256191536542971221e+01 6.368621036661025414e+01 4.426706792766484000e+01 6.368455270929816692e+01 7.631842922835399179e+01 8.778576616739211147e+01 9.672596853874181022e+01 1.033879768378658781e+02 9.096294603759007202e+01 7.098831727385123713e+01 5.699876919397623709e+01 7.683875058706651373e+01 9.479291188319217554e+01 9.127723138803000325e+01 7.306445066966337265e+01 9.127723138837620809e+01 1.031560470655859234e+02 9.305497939044470002e+01 7.455011329172891976e+01 5.424497245093623121e+01 4.973826141941457735e+01 4.540705913225448143e+01 4.174717162009410032e+01 4.160638624824400011e+01 4.858035802994621832e+01 6.032583014729388537e+01 8.059738477390567368e+01 7.567019398640819361e+01 5.537565390020977674e+01 4.527850250091402984e+01
5.094758325465738125e+01 4.591783175243684667e+01 4.121358972342559923e+01 4.473433992124709846e+01 6.408489210837581140e+01 7.370466816065176374e+01 7.256191536542971221e+01 5.289936752067135473e+01 5.865854790521542839e+01 4.217609337271213832e+01 4.847251691203714330e+01 6.222895503511778514e+01 8.212364646763631981e+01 9.754030558126176231e+01 8.335050909004874597e+01 8.649648326348020078e+01 6.656443373696723143e+01 5.267938704213391787e+01 6.656443373696723143e+01 8.133639014222120522e+01 7.309237095339783252e+01 6.316028654226914796e+01 8.302445536452677288e+01 9.898016288058029488e+01 7.877936328626718421e+01 6.440418608140655010e+01 7.455011329172891976e+01 5.624547012459511564e+01 6.568785078522303422e+01 6.210267945881169283e+01 4.660326113381268698e+01 6.688255385983676149e+01 6.889359654853278414e+01 8.896388139584587407e+01 8.402844573669084127e+01 7.389815403244156755e+01 6.552292394330898162e+01
6.468543685129336041e+01 6.529332118703541710e+01 5.724345447570223655e+01 3.803130222108903524e+01 5.724343648656515882e+01 5.406257249470723281e+01 5.406255880683939097e+01 5.592910243649424729e+01 3.936195898333001253e+01 5.289936591928337606e+01 6.805584845947008432e+01 6.222895503511778514e+01 8.212364646763631981e+01 8.921934751557762411e+01 6.926889104224791538e+01 7.660157095242320224e+01 6.845779411268843262e+01 4.886529911100662105e+01 6.312539238536661657e+01 6.589856198006162913e+01 5.339131370803203680e+01 6.726978510244406095e+01 8.714933668285213741e+01 9.898016288058029488e+01 7.877936328626718421e+01 8.469604050205104784e+01 7.281713761924750372e+01 7.060073305827620516e+01 8.490242735744061520e+01 7.405671156144245515e+01 5.376513250828073609e+01 5.743920451360980195e+01 7.772665087519301608e+01 9.750093718116796992e+01 8.645874655483665094e+01 7.632286861190176808e+01 6.794754036080513515e+01
8.462589160656916931e+01 6.892387841543863658e+01 4.942296010772772519e+01 3.589627992085426200e+01 5.220092496540099347e+01 5.146970017499249650e+01 3.473766581363157258e+01 3.663471319095368273e+01 4.767325720346124740e+01 6.686815932393639628e+01 8.083006156646176521e+01 8.212364646763631981e+01 9.043250819337747259e+01 9.071516951281256524e+01 7.075552701482047269e+01 5.681845975837320140e+01 6.775429466515660692e+01 6.312539238577318201e+01 4.371416931799770822e+01 4.640555553693989310e+01 6.589856198006162913e+01 7.309237095339783252e+01 9.298178639400626366e+01 1.073305954946222585e+02 9.898016288058029488e+01 1.014112401519077054e+02 9.305488642259911103e+01 9.084736316031721515e+01 9.059122826414106555e+01 7.034066373157250496e+01 6.548774247075331800e+01 7.772665087519301608e+01 7.179827372974339994e+01 9.203901938260077031e+01 7.810492627368743968e+01 5.779015444792284484e+01 4.766433944459900829e+01
7.442116111199079853e+01 6.819076604281811171e+01 5.629885812943011558e+01 3.706473249527246594e+01 3.289246830417432221e+01 3.207591456595284285e+01 5.146975266702082052e+01 5.239633851513931262e+01 6.322019437015316612e+01 6.720679675452990409e+01 8.709033956743860472e+01 9.104019128256162219e+01 8.277871368916622430e+01 8.277871368916622430e+01 8.489694463539956359e+01 6.775429466515660692e+01 4.819032628206985436e+01 5.958140413811402425e+01 4.025765742230016997e+01 5.958140413811386793e+01 7.412100246598448905e+01 7.952384764949206897e+01 8.780685343809763310e+01 1.006606558835961067e+02 9.238411739088654429e+01 1.006606558835961067e+02 9.386592701961247087e+01 8.557060836295843842e+01 9.386592701961247087e+01 9.059122826414106555e+01 8.576214100975481358e+01 9.412138563919407375e+01 9.203901938260077031e+01 1.003947254269146754e+02 8.645874655483665094e+01 7.632286861190176808e+01 6.600928523812881110e+01
5.471892197072260444e+01 4.870513403069058711e+01 4.324984824716651843e+01 5.629878521096140531e+01 4.965416563366186153e+01 3.019854456619330207e+01 4.783685430961448048e+01 5.595541713150387864e+01 6.856814471347905737e+01 6.683370584313534835e+01 7.506022054508953545e+01 8.277871368916622430e+01 6.297324313929539130e+01 6.297324313929539130e+01 7.700671721092835753e+01 7.599562612896117741e+01 6.035901222982075609e+01 4.099143267918974232e+01 3.760023106916685265e+01 5.690168261434688901e+01 6.552069237045711247e+01 5.972039553786451904e+01 7.952384764949206897e+01 9.070591924034917497e+01 7.250440874213185793e+01 9.070591924034917497e+01 8.393683541525825831e+01 6.578221500176758241e+01 8.393683541525825831e+01 8.142623022316446679e+01 8.967913387022359473e+01 8.736640348407814827e+01 9.563503469131156010e+01 1.040720707310915429e+02 9.686075502408614568e+01 7.665448958209833563e+01 6.228672750073033626e+01
7.442116111199079853e+01 5.679591522895687206e+01 5.679591522895687916e+01 6.380037663332539211e+01 4.440875196182897611e+01 4.085131233729060796e+01 2.832286133443999177e+01 4.072863577124397949e+01 5.113149831299823944e+01 4.760250828860214511e+01 6.602363746944220679e+01 7.573295987600776868e+01 6.877413115876200322e+01 4.919813145501300511e+01 5.954591639941087067e+01 6.772408807557089006e+01 5.550058097111458721e+01 3.619425022514577961e+01 3.495688563282549666e+01 4.029099240736919540e+01 4.602371617781113144e+01 5.716388499715796456e+01 7.693630353691688128e+01 8.244426306650917979e+01 6.270270071680967305e+01 8.244426306650917979e+01 7.567641168236298199e+01 5.603357371524914754e+01 7.567641168236298199e+01 6.167193885148123655e+01 7.824524438313396502e+01 6.750749186789499845e+01 7.590085551666182084e+01 9.151286493552217394e+01 9.974876044602987690e+01 8.677412139672331648e+01 6.649850455225902124e+01
7.649535857376915260e+01 7.649535857376915260e+01 7.649535857376915260e+01 7.203573586546380625e+01 6.327856967350557937e+01 5.491183941609120467e+01 4.603687953403878907e+01 2.646495718751278403e+01 3.199442489943702483e+01 3.885048730239631709e+01 4.827084901837197606e+01 6.747636753652244579e+01 7.344232533556346709e+01 5.378983534977382419e+01 4.014457626768836462e+01 5.246110403109089759e+01 4.803991815403404075e+01 3.157872719056130961e+01 5.096163061336408617e+01 5.964206239692946099e+01 6.552069237045711247e+01 7.376362448798110449e+01 8.521575070927450213e+01 7.586374228327603930e+01 5.623907621960665892e+01 7.586374228327603930e+01 6.912879902665835630e+01 4.955306781009910111e+01 6.912431142421500851e+01 5.038264898647696555e+01 6.534393820412027765e+01 5.615067169464545316e+01 7.590085551666182084e+01 7.183562396471384659e+01 9.151286493552217394e+01 9.511030493910749328e+01 8.677412139672331648e+01
8.627913759295394414e+01 6.632266603615697420e+01 6.632266603615695999e+01 6.014997714583704891e+01 6.186864470722775877e+01 5.020328918246099903e+01 4.306254598031713954e+01 2.519613542665882022e+01 4.480249458649452521e+01 5.783583174221298862e+01 6.602363746944220679e+01 7.573295987600776868e+01 7.198885514307148981e+01 6.773718862562328979e+01 5.246123441041079616e+01 3.306393870579541527e+01 2.855872086595065440e+01 4.803991815403404075e+01 5.696948715299761545e+01 6.345625829085535941e+01 7.168488315735879723e+01 8.156965970259061294e+01 8.472929932035671641e+01 7.019858916596794529e+01 5.065218939549742316e+01 7.019858916596794529e+01 6.347391644191626625e+01 4.391347854820905638e+01 5.608214397862074208e+01 4.164848882750426640e+01 4.572013768974184700e+01 5.108801267341738139e+01 5.798137061524310099e+01 6.926542306973759366e+01 8.890927963508501364e+01 9.567017003636352968e+01 8.736678352273240478e+01
8.037894439179171968e+01 6.050036490476180973e+01 4.680290985512855428e+01 4.074808538173275707e+01 5.171745834792665164e+01 3.705824459261185666e+01 2.340911420483756089e+01 4.141699034112757261e+01 4.954466111571237263e+01 5.106742261607558220e+01 7.070006753202798677e+01 6.629081257074226130e+01 5.234505348831701355e+01 6.305679141894923134e+01 4.350627359866682298e+01 4.350627359866682298e+01 2.643082081403828454e+01 3.197440965371299271e+01 3.760535689594905051e+01 4.399602451607427156e+01 5.361128960000172583e+01 7.330124991959405634e+01 7.649051692517538470e+01 5.685116264824347354e+01 4.563067019889390252e+01 5.881826217592868034e+01 6.667234503784668220e+01 5.571295097436760102e+01 3.647821066443568583e+01 5.608214397862113998e+01 6.534393820412027765e+01 7.086274425118152465e+01 6.202313990737790306e+01 8.097871009626314276e+01 9.714542799622513769e+01 8.736678352273240478e+01 6.735641904720705497e+01
8.258086332336552005e+01 6.266871957778428737e+01 6.632266603615695999e+01 5.222918800137654927e+01 3.283672423739391633e+01 2.886372988137713236e+01 3.991074997578508743e+01 2.172484243441333973e+01 3.153379843722808928e+01 4.671764107153489931e+01 5.665025345344297847e+01 5.809858978471105218e+01 3.860019645129176524e+01 4.576672305522147610e+01 4.114571232095643438e+01 2.382706265323279382e+01 2.963835149526683566e+01 4.874136037826565371e+01 5.696951815456762347e+01 6.345626975979790529e+01 7.168488315735879723e+01 8.156965970259061294e+01 7.298766956607333611e+01 5.339996502307783999e+01 4.547104005308919739e+01 3.926806865670459956e+01 5.392868407553677201e+01 5.321588221587064993e+01 3.357941659813126023e+01 5.321588221351100856e+01 6.265291233092288081e+01 6.973593384641763748e+01 7.704337863681767828e+01 8.744627349416765583e+01 9.179975724973930085e+01 8.349846177426397276e+01 7.321731910807406507e+01
9.093713769239910505e+01 7.526024465187700230e+01 5.600875710966141696e+01 4.251609254973113394e+01 4.650730074563681171e+01 4.876711315053713491e+01 3.770628616666215294e+01 3.978509819932572356e+01 2.005610812157376088e+01 3.041043060052170688e+01 4.826620738488790607e+01 5.862181472465923804e+01 4.576672305522147610e+01 2.615301920864422769e+01 2.137932402176628699e+01 4.114571232095643438e+01 4.874136037826565371e+01 3.867838070981488130e+01 4.701015337380593451e+01 5.795761161775627812e+01 7.787681971196894892e+01 8.697602062128963496e+01 6.719350484376687405e+01 6.499102267228420260e+01 6.499102267228418839e+01 5.392868407553677201e+01 3.431135907254255812e+01 4.936611657241917328e+01 3.075935838446396176e+01 3.690809304657550882e+01 4.351626363622882110e+01 5.085202077723690905e+01 6.345889172575576964e+01 8.153178042339908416e+01 8.349846177426397276e+01 6.348992554681692724e+01 6.744285725102959361e+01
8.978472732947375334e+01 7.883674718548559213e+01 5.683005265848660770e+01 6.216471143303555635e+01 6.604259938669473229e+01 6.473355774486468306e+01 5.676398031186775484e+01 3.865349561788860910e+01 1.888317680449976166e+01 3.705584197256958134e+01 3.596344492863286746e+01 4.409643551271722828e+01 3.085332892510553648e+01 1.901332943656834829e+01 3.883223127482521164e+01 3.542740418699853677e+01 5.495092944768510534e+01 5.197768454462200793e+01 6.594089947405241503e+01 7.469590187220528321e+01 8.624361398109512322e+01 9.523987147656389141e+01 8.697602062128963496e+01 8.472004350864277455e+01 7.355784785018381911e+01 5.392868407553677912e+01 4.936611657241917328e+01 2.967571594302734184e+01 2.796180964488151588e+01 4.193924889159630709e+01 6.153189854776176304e+01 6.973593384641763748e+01 7.780418915853363160e+01 8.468547296127589163e+01 8.349846177426397276e+01 6.348992554681692724e+01 4.934677587091017870e+01
9.551022716128410650e+01 8.963304893564479414e+01 7.963655943002528659e+01 7.999224277505580005e+01 7.191981068536104260e+01 6.410816819877737771e+01 5.454381779394827845e+01 3.471856253089555366e+01 2.115165460329012959e+01 1.721444493058856651e+01 1.607433095861455996e+01 3.441828893268321821e+01 1.674166207339037982e+01 3.659534085529131175e+01 4.696864442833514630e+01 5.495092942387933732e+01 6.312764210586459512e+01 7.156809915283663770e+01 7.776194992073172330e+01 8.602559425534536786e+01 8.959663464114730402e+01 8.129725087454589527e+01 8.087281183607355217e+01 7.506326711880042524e+01 7.563776416839010608e+01 5.599870471082380874e+01 4.216886588622636367e+01 4.521380042701581914e+01 2.546229667275665776e+01 3.946851218925649363e+01 5.908413981901544076e+01 7.315576388312520351e+01 6.496445697984556489e+01 6.496445697984556489e+01 8.300292398026876128e+01 7.764484139827806075e+01 6.805282213574922423e+01
7.598402541816781763e+01 8.862356354157789440e+01 8.505181096876475522e+01 6.619405667999620846e+01 5.277015982224494195e+01 4.466136628708847667e+01 4.695748312267138402e+01 2.709084492478458017e+01 4.052519401747232308e+01 3.705175318449934707e+01 3.442184215022385274e+01 1.448030981556309627e+01 1.730963169821856340e+01 3.750440018135257958e+01 4.825110432605239907e+01 5.292606577799628553e+01 5.803242398537944524e+01 6.384109918884578150e+01 5.807489401592719247e+01 7.776194992073172330e+01 7.818442226643449544e+01 6.164253748682494205e+01 6.121281728198681549e+01 5.547577311461041916e+01 6.939805811577946315e+01 6.993057034696917640e+01 6.175085204979245646e+01 4.335573525001976236e+01 2.358011945208825821e+01 3.760515300784999226e+01 5.723887087621925218e+01 5.573829769175181781e+01 4.539281758909059050e+01 5.515094925978963403e+01 6.898660372294514787e+01 8.875954691506763083e+01 7.634724552829648303e+01
