LEM/with_lateral_4open/elevation_000188.asc
nrows	100
cellsize	150.0
xllcorner	0
ncols	100
yllcorner	0
NODATA_value	-9999
[rows 51 to 67 of 100, columns 0 to 36 of 100]
6.455108993161302877e-02 2.006455108993125691e+01 3.987123266566619151e+01 4.687021256053880336e+01 5.515448496365789310e+01 5.505906815015918454e+01 6.091693287647119348e+01 5.049747601018506771e+01 4.463961158767457960e+01 4.314658660452251837e+01 6.314658673059185645e+01 7.237881189133408100e+01 8.066309425935361332e+01 9.211548141916919974e+01 7.895649126854145550e+01 6.181592766603584010e+01 6.448553750127669559e+01 6.183183096406094137e+01 7.897509394932193061e+01 8.269804555202183849e+01 6.289447807040475169e+01 4.874709006207829987e+01 5.381468047869442728e+01 7.041532793153497494e+01 7.164111764113471281e+01 5.164395528121812617e+01 3.730717997027948485e+01 5.154546962345015260e+01 5.380975574950635121e+01 4.748216952024022675e+01 3.638422592601268235e+01 5.125052985595427657e+01 3.360025690482648741e+01 4.781762481424834732e+01 6.434211653309692736e+01 7.431406702082357185e+01 8.308334216138638340e+01
3.995603441288197999e-02 1.158696141820529668e+01 3.158696141820493963e+01 4.988887247988343177e+01 4.727348531959503219e+01 5.555775656705754528e+01 6.401075118326710367e+01 7.049747670636283203e+01 6.463961174555285538e+01 5.728872222914968404e+01 7.143086526976280481e+01 7.765505654788842094e+01 6.319463167730382480e+01 7.765505654826826287e+01 7.049753098414946351e+01 4.999964717698442485e+01 4.999964717698441774e+01 5.001214177442747655e+01 6.981620428580342264e+01 8.164096212548894016e+01 7.583470179001294298e+01 5.635017790004808802e+01 4.220977409671390745e+01 5.678169319804555215e+01 6.500111888986921826e+01 6.568232519330572927e+01 5.150573783644732373e+01 3.136217220687515450e+01 3.029619375622677069e+01 2.744054556000010692e+01 4.733779832048702474e+01 3.116848390319281847e+01 5.125435193505918363e+01 6.191764775120352482e+01 7.481405199849822907e+01 7.117216948069658145e+01 7.943275690428981761e+01
4.804567899273937126e-02 2.004804567899238421e+01 2.160460123242053143e+01 3.146246560868971898e+01 2.727348531959432876e+01 3.572647993580231685e+01 4.808126214769456652e+01 5.636553339515904781e+01 6.530980530516279714e+01 7.728872265651753537e+01 7.573862522169771694e+01 6.728768369294357399e+01 4.872745182492030125e+01 6.850734473030163940e+01 7.267464507760330150e+01 5.221709188322332551e+01 3.827909253768510212e+01 4.093306102568120508e+01 5.267633908630130435e+01 7.318912992400501594e+01 7.813665971000030197e+01 7.041532793153785974e+01 5.678169319804555215e+01 3.672838445975465760e+01 5.177325884139951739e+01 6.001403718330709580e+01 5.973418836663141462e+01 4.610433318758020960e+01 2.610590589432837305e+01 4.613963334896843094e+01 2.879142514993722912e+01 4.885415056528025701e+01 5.913453872470620354e+01 7.529682278931950634e+01 6.613479929494408793e+01 5.024446564305475249e+01 6.708552441563594471e+01
9.707512844716031930e-02 3.748558845148275420e+00 7.462465608689329066e+00 1.146246560868936371e+01 1.572647993580160986e+01 2.175670682735698946e+01 2.808126214769385953e+01 3.702553405769333494e+01 5.116766968142478333e+01 7.116766968142620442e+01 6.728768369294357399e+01 4.685344737676295779e+01 3.966211100678822987e+01 6.004490121232154110e+01 5.514782690676927501e+01 4.669381452978065994e+01 3.192327504751675704e+01 4.358003501456835949e+01 6.401553097973696538e+01 7.152031949805289912e+01 5.798544875796311970e+01 6.472173092458416477e+01 6.500111888986921826e+01 5.177325884139951739e+01 3.171232734429285216e+01 4.711314683758023136e+01 5.219039977535894081e+01 4.392426289471603695e+01 2.519288975088136695e+01 4.521882243429264747e+01 2.995662328435885868e+01 5.004190693972955728e+01 5.808742884692705388e+01 6.398387275549834641e+01 5.019898421355533458e+01 3.854609978868788289e+01 5.864876601516974830e+01
5.001202446392439237e-03 2.000500120244603863e+01 2.746246560868968345e+01 3.146246560868971898e+01 2.986861555953281311e+01 3.205641155435670697e+01 4.808126214769456652e+01 5.636553339515904781e+01 6.530980530516252713e+01 7.658695371769678673e+01 6.728768360910881086e+01 4.685344737664453874e+01 3.256440727848269745e+01 4.543544634698496765e+01 4.669381452978065994e+01 2.653978710439524136e+01 4.669381452978065994e+01 6.068255241711480608e+01 7.248154408828672501e+01 6.322088708969756965e+01 4.311561018063940054e+01 4.513932920930346882e+01 5.885791298730443089e+01 6.001370630784140303e+01 4.711314683983984963e+01 2.707110779940391510e+01 4.263514895048167119e+01 2.390355887484272301e+01 3.072102277277889826e+01 5.112512787770336331e+01 4.995462337310567591e+01 3.162107202364038017e+01 5.126476865619373768e+01 5.459242001574670411e+01 3.658792264499661684e+01 5.652729298950137604e+01 4.054076739689102027e+01
5.279685921607564503e-02 8.217762668507834434e+00 1.821776267869788768e+01 3.235990981118231247e+01 4.986861555953351655e+01 5.205641155435741041e+01 6.034068280181760002e+01 6.761101247810124448e+01 7.085364095588113287e+01 5.700444104672178014e+01 7.085364095588113287e+01 5.717205740775575151e+01 3.684363839527534168e+01 2.531989570887443008e+01 3.922765241100971423e+01 2.306690563833668861e+01 3.717628773257889918e+01 5.750712521713347058e+01 5.575169321309383719e+01 4.738843265994146492e+01 3.076473016327695120e+01 3.157381441424206869e+01 4.547136703374085442e+01 5.278992248151709532e+01 4.967554999759062895e+01 4.140617194018109615e+01 2.262116307263524817e+01 3.056503138839386935e+01 4.890127264753363789e+01 6.271222815577541354e+01 5.992486288441776310e+01 5.173001887827167167e+01 3.331302679925943977e+01 3.466104460783593311e+01 5.478765004440117536e+01 6.463584819777999257e+01 4.638758911502216620e+01
5.738623160518319517e-05 2.000005738623125140e+01 3.650293669594091028e+01 4.650540241030299171e+01 6.065995237865323730e+01 6.060069800123988415e+01 6.759493937980663247e+01 4.775103020661855169e+01 5.134493655308354931e+01 4.300304689982424122e+01 6.274002621537889723e+01 6.562904412297430667e+01 5.387737727358723561e+01 3.922764574622836165e+01 1.902031215906756856e+01 1.954245184185021955e+01 3.973959242231958200e+01 5.282816600661876549e+01 4.151511848700442187e+01 2.756606442610275565e+01 2.276803116170352936e+01 4.052917045206893931e+01 2.876202145305307312e+01 3.924995852751280978e+01 4.018434362377639957e+01 2.139638705139849151e+01 3.553794088567785536e+01 4.987912506277060487e+01 4.415385110333701135e+01 6.378601884458014126e+01 6.550015601097894091e+01 4.498386102461556391e+01 5.354821858389956191e+01 3.736881127876036857e+01 5.717303036863037136e+01 7.239756885717382318e+01 5.247103001018183477e+01
4.532054705376769438e-02 1.154702061170645244e+01 2.548319067920819947e+01 4.511076445486050090e+01 4.777928191293156601e+01 4.171600879076068225e+01 5.532223772676894669e+01 5.123587303926530723e+01 3.146969733440927897e+01 5.134493655308354931e+01 5.835429923588714018e+01 4.984874817183452222e+01 4.941231834508063514e+01 2.917566894198631644e+01 1.429665478118320543e+01 3.499665586840615816e+01 4.736955546331826383e+01 4.092567164855112338e+01 2.121775088410361931e+01 1.554586224494035562e+01 2.643205104313689091e+01 3.564886695368517167e+01 1.853439357119486175e+01 1.931520246795085782e+01 2.017653290045565129e+01 4.018433810303540099e+01 4.967564878666330230e+01 6.381339906815208707e+01 6.378602034029432843e+01 7.216893716621606814e+01 7.421948780141276814e+01 5.674047288275584577e+01 6.005762610298408788e+01 4.028058302975765059e+01 5.416587932640466363e+01 7.427017416835312247e+01 6.660769411030118192e+01
9.001595176218035732e-02 2.009001595176182420e+01 3.518879158578516098e+01 3.021942988986992518e+01 2.920076911814074094e+01 2.878329921326769636e+01 4.722790499436047185e+01 4.582373315982459872e+01 2.591850399145468486e+01 4.582466970217645041e+01 4.981224234141217977e+01 3.019499680080507176e+01 3.587438473068507250e+01 3.007512103935680514e+01 1.192935792595115529e+01 3.187460782558896355e+01 4.094490785094975394e+01 3.343460818997839823e+01 1.444041229519629788e+01 3.451280539668738356e+01 1.665298384801290865e+01 1.743222534884560559e+01 3.793827352983108625e+01 3.894967675472717872e+01 2.191342131329979992e+01 4.159063600411609940e+01 5.256264878080109071e+01 6.491204354207363281e+01 6.491204354207363281e+01 8.477150137506714600e+01 8.660387459526400278e+01 7.766427590285816507e+01 6.307554384718411455e+01 4.327542534983355438e+01 5.716334001569871504e+01 7.734886652067045532e+01 8.637562241040279787e+01
5.674351268809080251e-02 2.003606758846080638e+01 4.200628670822412758e+00 1.195401925231658780e+01 1.733909405610676302e+01 3.144506871534889214e+01 4.047691530178202868e+01 4.084903216664786640e+01 2.091666379745390714e+01 4.084908453777323700e+01 4.770254554543578251e+01 2.852353790809425149e+01 1.704219532829787553e+01 1.004111088413305453e+01 1.071809461244481909e+01 3.035758171907367853e+01 3.228092344146663351e+01 1.333547638540583158e+01 1.534432133381734253e+01 4.215781156435311772e+01 4.119612460812445676e+01 3.861174277248404252e+01 4.792767569648241732e+01 4.982616778425423121e+01 3.313414307925727798e+01 2.448897032224964931e+01 4.427722429876969557e+01 4.486065023874977697e+01 5.908200211858515161e+01 7.898700861585636801e+01 9.173955901611688546e+01 7.911285580722039867e+01 6.009201890594162876e+01 4.634916752093921843e+01 6.627788480845391916e+01 7.659865614511942056e+01 8.498428151560038657e+01
9.518805923843161321e-02 7.006928985491219786e-01 1.306527179170513087e+00 1.917364367523404312e+01 2.272040767962295504e+01 8.108031846839750756e+00 2.926367968052925406e+01 3.012138911550420062e+01 1.632735219539290483e+01 3.627705617518112291e+01 3.651567676152613728e+01 2.822731537751971942e+01 9.119529465289106795e+00 2.885372295281759136e+01 1.880574548802285761e+01 1.167406247375496520e+01 1.235393106262472962e+01 1.529307825248627850e+01 1.560746117188108428e+01 3.554890409588667666e+01 4.612653313391759013e+01 5.437497397288999679e+01 6.264087632358218372e+01 5.312912218753506721e+01 4.620684403162535858e+01 2.628692790572170424e+01 3.317580600104861333e+01 5.333536622077249945e+01 6.383429929178695517e+01 6.383429930249111095e+01 8.344464414845622002e+01 8.068140155396187652e+01 6.036522563482230908e+01 6.627788480845391916e+01 5.128071583912096543e+01 5.619584354926281833e+01 7.065643490133317073e+01
9.062254805971975413e-02 1.791928627391730089e+01 2.112552984003764323e+01 2.167089867932734837e+00 2.776785568095835988e+00 3.387251964956153660e+00 2.341162514109765524e+01 1.015381242851508858e+01 2.660222983264639396e+01 2.668386443966128851e+01 2.731838339289450701e+01 8.203518444551274769e+00 2.823207143768570759e+01 3.722637404896393321e+01 1.938263291045243619e+01 3.185362336336105216e+01 2.021467424744960084e+01 3.404417221537816118e+01 3.554890409622825587e+01 1.789692897945306882e+01 3.784815550852972876e+01 3.433911988797360948e+01 5.437669998578768826e+01 7.298080532570257617e+01 5.448455909857037938e+01 4.620826432068622580e+01 2.900496049623005135e+01 3.610509802866702955e+01 4.380523391618844187e+01 5.542962541164584422e+01 7.531529734790947828e+01 8.914444633787485373e+01 8.075065180383251118e+01 7.715699662941808867e+01 5.675302463960086641e+01 7.659865614511942056e+01 6.534819388167136367e+01
3.063233560239582431e-02 1.816430781219142077e+01 2.866106334647537324e+01 1.655530461176838131e+01 2.279132796368553215e+01 2.332909781025680473e+01 4.255518136635108917e+00 2.404275870205609422e+01 6.028388072693903865e+00 6.658778302400175875e+00 7.290169109362198085e+00 2.727917451465502907e+01 3.648748638122758337e+01 4.547199919840204529e+01 2.518140557003660618e+01 4.506940576082105565e+01 4.032241772211842346e+01 4.878207962228945149e+01 3.414645782767921389e+01 3.784822423972489247e+01 2.025620224388453394e+01 4.020259080222754733e+01 5.096601338173485374e+01 6.100326748474225269e+01 6.281134582515238662e+01 4.285031804861078797e+01 3.109559454666447920e+01 5.134267148364892108e+01 6.031765059727863587e+01 6.654641654404514384e+01 7.357501490379915765e+01 8.232866939931298589e+01 9.297908131101675622e+01 8.330631475306137190e+01 6.291133382040423783e+01 8.330631475306137190e+01 8.570047131082280600e+01
5.666595628964066211e-02 1.375735868781515414e+01 3.267409587508200985e+01 3.782270860604759832e+01 3.944738283795518186e+01 2.131944448465536368e+01 9.205048212239447025e+00 5.137823753003423199e+00 2.219043473337253403e+01 2.614267041282410986e+01 1.006209653386207670e+01 2.956812141204493827e+01 4.247916144041961672e+01 5.385236412926659710e+01 3.952405890910865338e+01 3.689313620363837742e+01 5.718261327182027998e+01 6.207108908166963346e+01 5.397492882643243917e+01 4.840510959183875173e+01 4.017437610893099986e+01 2.268695352140877119e+01 3.261362574526133074e+01 5.265420464679441892e+01 7.056561453361388203e+01 5.125432850111393890e+01 5.106348629640426395e+01 3.437261330172016471e+01 3.988252220728520570e+01 4.574837742530140616e+01 5.249440157467205381e+01 6.285516737023326073e+01 8.429486243736501194e+01 9.167291992378228827e+01 7.476531541733125152e+01 7.739149654375155762e+01 9.758594909294859576e+01
2.110006612196471329e-02 2.002110006612160831e+01 3.166912410989029780e+01 3.992274901777793161e+01 3.911831737838156187e+01 1.916368278805028069e+01 2.662354110445918920e+01 2.525389457082554401e+01 1.219473956424699956e+01 3.162764901747177149e+01 2.956850653543880725e+01 1.405953590762841188e+01 3.418418433694247938e+01 4.753571253382449413e+01 5.983228407365498214e+01 4.858705918062420892e+01 6.552643315783747369e+01 6.669005435681904714e+01 4.666788584980472621e+01 3.510460057600066364e+01 2.518600608936387886e+01 4.262534422990018612e+01 5.096601338173485374e+01 6.100326751153772875e+01 7.870491998539009160e+01 6.598198675961677395e+01 4.610333230426999762e+01 3.700947971963269367e+01 5.569428555633478339e+01 6.559216997694403517e+01 7.357501490379915765e+01 8.232866939931298589e+01 9.297908131101746676e+01 1.033374415877905221e+02 9.497353681937484282e+01 9.758594909294859576e+01 1.059543433038138431e+02
9.367352646185668485e-02 5.864392871517432937e+00 1.187741615490916125e+01 3.168856217952056653e+01 4.710520764818996042e+01 4.064675212500357304e+01 4.559730753005962356e+01 3.679885571684557988e+01 1.750818318853958644e+01 3.679885604805871679e+01 3.418587811318175795e+01 3.418587811318175795e+01 1.899966495205752182e+01 3.924796335537566705e+01 5.757517236158111018e+01 6.892435851999822205e+01 7.721287251632296034e+01 7.488867796921529418e+01 6.070437721870084147e+01 4.691813243699883174e+01 2.698341361962997098e+01 4.691813243699899516e+01 6.460668412348788081e+01 7.280973157343183289e+01 8.194478506173301469e+01 6.240238052883148612e+01 6.518460209554746143e+01 5.716121032091523801e+01 4.100856057781614084e+01 5.521812088988667711e+01 7.514798685346222840e+01 9.434986274066550038e+01 8.786139075348278027e+01 9.600996854534507463e+01 1.073831254252951624e+02 1.106265166093740362e+02 9.956095928200146261e+01
3.648181865326004941e-02 2.003648181865290567e+01 3.168856217952056653e+01 2.321626887052314103e+01 3.442228770184729569e+01 5.397501608959186115e+01 5.259587760799039557e+01 3.325941700343538798e+01 2.443352851561877870e+01 4.359547341294447875e+01 5.428941153207350112e+01 4.364095771590849893e+01 2.350972850150280635e+01 2.920191866658465685e+01 4.342395712013465925e+01 6.346556424334993807e+01 7.822450976671142087e+01 6.672746355565443821e+01 5.246694823775246164e+01 3.245359813132347426e+01 2.903629822418082895e+01 4.898018040979544452e+01 4.459235428251765398e+01 5.877513061804071270e+01 7.868530831260282810e+01 8.194478506173301469e+01 7.539258464173292396e+01 5.545992588110797783e+01 4.388030000935959407e+01 6.388445874064138508e+01 6.634752484292467045e+01 7.641072801364219913e+01 6.802826110774334722e+01 7.952469430479358437e+01 9.924952988603182291e+01 1.021677083358223115e+02 8.230968720733025634e+01
