LEM/with_lateral_4open/elevation_000581.asc
nrows	100
cellsize	150.0
xllcorner	0
ncols	100
yllcorner	0
NODATA_value	-9999
[rows 34 to 50 of 100, columns 37 to 73 of 100]
4.743777182111375623e+01 5.602206588870247117e+01 6.897522949844837115e+01 7.781380630069502047e+01 6.081990769978929023e+01 4.136702043864999467e+01 6.101848269331975416e+01 5.252176824761387763e+01 7.262520989805457816e+01 7.941846262271937462e+01 5.975108324590683395e+01 6.313925482275939061e+01 7.072812212775367868e+01 6.253383844930372959e+01 4.485139657708266725e+01 6.457826239224209530e+01 5.847235760991969045e+01 7.818386471234481405e+01 9.087085911770407165e+01 8.257609566411358060e+01 7.084300413256396212e+01 9.067073144195686041e+01 1.043759179469550418e+02 1.144681965287422116e+02 1.054925869672258472e+02 8.531182674450793968e+01 7.344427002147391192e+01 6.685957816918289609e+01 6.086261526355517759e+01 7.538491828790100158e+01 8.379404234240767835e+01 7.920693249063268127e+01 6.541479850388803641e+01 4.516867936220402413e+01 6.541486171330578259e+01 6.339574372591085449e+01 4.318609519992234880e+01
5.369409390515899361e+01 7.345826191405845407e+01 8.414041361643215566e+01 7.878486398450735351e+01 5.860521594065271245e+01 4.456764137728178099e+01 6.451569801074937516e+01 6.402643960214747665e+01 8.111141584914869895e+01 8.764654976399435782e+01 7.108031291547884223e+01 8.282739372410773626e+01 6.744320878448854728e+01 4.770217793414514063e+01 6.451334967597900061e+01 4.793311918531603055e+01 6.764200691167391710e+01 7.324742418402824740e+01 7.697567445242486883e+01 6.283963895952804535e+01 6.903312401275866250e+01 7.599353230431148631e+01 8.592292217192715498e+01 1.060486995074881662e+02 1.137618047877471383e+02 1.021471498878603796e+02 9.384121962018828356e+01 8.739113781502886980e+01 7.538904654676159112e+01 5.482592295641834568e+01 6.979252000215565488e+01 6.701703316567197533e+01 6.189754674288327863e+01 4.176440217515143871e+01 5.709407967686698271e+01 5.511142502977031654e+01 3.809545224597343349e+01
6.063979084173938361e+01 8.046891653567971048e+01 9.452586766445368482e+01 8.272517610551705047e+01 6.788844108602218341e+01 4.793502396928645481e+01 6.788844108602216920e+01 8.437134881165587785e+01 9.289830591299018181e+01 9.907556000393360307e+01 9.080858691273736838e+01 8.817336098674594780e+01 6.942632232261235004e+01 4.973888584933033030e+01 6.941528929760455924e+01 6.760758196449459945e+01 5.121638775505583396e+01 5.358351386352548928e+01 5.730422343152464748e+01 7.697567445308472145e+01 8.890284430593578691e+01 9.598581083914372414e+01 1.043759176706290930e+02 1.144681964716717033e+02 1.120874220080422816e+02 1.020197647954095999e+02 9.371346893532634681e+01 8.650089233623897655e+01 8.100872610381460959e+01 6.979252000215565488e+01 4.939686978300598952e+01 4.674602996763374563e+01 6.202674105108421543e+01 5.189614728908785679e+01 3.705644330112566820e+01 3.507500730204140638e+01 3.311238668853174261e+01
7.048138413305959205e+01 8.878841335970061266e+01 8.598452298434220609e+01 6.562019492961812261e+01 5.418234332297656408e+01 6.788844108599028004e+01 5.635545532722811402e+01 6.520648730064250742e+01 7.684463542158751181e+01 9.748336156683106424e+01 9.135600247901818705e+01 7.159717059106492343e+01 6.026349190840138448e+01 6.942592378011495668e+01 5.279825089805022742e+01 7.245559797944954994e+01 6.516313024874426674e+01 7.290200795431836411e+01 5.803764386961172761e+01 6.144520176761828623e+01 8.110248579385407197e+01 9.444797646513406164e+01 1.091819297588412070e+02 1.174575980445058292e+02 1.038151506054671671e+02 8.361178726518541282e+01 7.331322164315780299e+01 6.595108798329815158e+01 6.040239330528360995e+01 5.529100055560473237e+01 6.979213128374185260e+01 6.318620787189252752e+01 4.307490251813320725e+01 4.057310644431333202e+01 5.709407967686698271e+01 5.510819219807184055e+01 5.267424482083561799e+01
9.045644893830220212e+01 9.880086011181411720e+01 8.712212300615952643e+01 6.673341636531282006e+01 7.422717270014707935e+01 6.349171902207450557e+01 6.626758843828500289e+01 8.497059548904432802e+01 9.411101199039583776e+01 1.060230518253191718e+02 9.960923927112618514e+01 8.817335869009482963e+01 7.994823546913062273e+01 7.462994896694594615e+01 5.498204465221168391e+01 7.463002335652451791e+01 8.532706408695105438e+01 8.503844544921651050e+01 6.782995852997341046e+01 8.110248579385407197e+01 6.649239879542980702e+01 8.618782226742314378e+01 8.930478465839642865e+01 1.069867462685319737e+02 1.120874220080422816e+02 1.020197647954095999e+02 8.278508338931051469e+01 8.650089233623897655e+01 7.210874692006683517e+01 6.986447711817507411e+01 8.425694820339575131e+01 7.161341817045250480e+01 6.318625247639337772e+01 6.369614899026139909e+01 6.699476733249377958e+01 5.529469029037770156e+01 3.512587817249027466e+01
1.015422910197899853e+02 1.037205429469820217e+02 9.566278186212063872e+01 8.107113191525698426e+01 9.105810270588567334e+01 7.053223529930257030e+01 8.060291362935893744e+01 9.519960963019106259e+01 1.079634929387328697e+02 9.968424091990570446e+01 9.307713626975248644e+01 8.736992883648362351e+01 7.831104939685214106e+01 5.865974970646002618e+01 5.916548085222541431e+01 7.882048460683340352e+01 9.345559643138686567e+01 9.577921043754804487e+01 8.177650332215985429e+01 9.243084311725662872e+01 7.268867775186276958e+01 7.321427294653449280e+01 7.888167752267837329e+01 9.283072407196848985e+01 1.127876502184927290e+02 1.113147256415760467e+02 1.030343461317385874e+02 1.008589373169165242e+02 9.253560715410350213e+01 9.032474723267758066e+01 8.040630102311823180e+01 7.200848256294943894e+01 6.855942900104696491e+01 6.525801146139160380e+01 5.859214818148700488e+01 3.839942433082450890e+01 5.529469029037770156e+01
8.165327669850867665e+01 8.382834841209263743e+01 1.037205429469820217e+02 1.017305077636276280e+02 9.961179468568208506e+01 8.069142068406128487e+01 9.961179468568208506e+01 1.097963053359850676e+02 9.968424102396112119e+01 7.986292747909277523e+01 7.330678943670014291e+01 6.764451338840493122e+01 6.242005060571387531e+01 7.831104942417459824e+01 7.882048460683340352e+01 6.550837890639309080e+01 8.521375179446148707e+01 1.012302427706848249e+02 1.018569163164752069e+02 9.943148844481132187e+01 7.963067330962793733e+01 9.296083830990951924e+01 9.867597240864627395e+01 8.940528067437001880e+01 1.093217995439685950e+02 1.168105753051074345e+02 1.085264579393733726e+02 1.080271991078069931e+02 8.974444370128584580e+01 8.137686523566192420e+01 7.200848256294943894e+01 5.160360651455027181e+01 4.820812448994765020e+01 4.496565530304003033e+01 4.185009162194464949e+01 5.859214818148429771e+01 5.263703775755209335e+01
6.754557453229683972e+01 8.043123331717231395e+01 1.003422623974419139e+02 1.075859207829450241e+02 1.099596908339889865e+02 1.014247847277100618e+02 1.099596908339889865e+02 1.137886253562916039e+02 9.384201374459956924e+01 9.968424102179523061e+01 9.307713650515547954e+01 8.525383703780980227e+01 6.554620207707687030e+01 8.525383704339216706e+01 9.345559643142453865e+01 7.940797085557238688e+01 7.319835674588367169e+01 8.714315092061795553e+01 1.070306759824917293e+02 1.077428558218431078e+02 8.947410394185303062e+01 1.077428558218431078e+02 1.176741149295211812e+02 1.008442534330313833e+02 1.176741149295211812e+02 1.085264579393733726e+02 8.834704194591471094e+01 8.782840277863479628e+01 8.137686523566192420e+01 6.092911890002336150e+01 5.684248210130135703e+01 7.200848256294943894e+01 6.855942900104693649e+01 6.525801146138996955e+01 4.584268449764919495e+01 6.615042620378532945e+01 7.296905653238027867e+01
6.046127563012095152e+01 8.043123331533173825e+01 9.068651745386603125e+01 8.769186627547226465e+01 1.075859207829450241e+02 1.170440115360215003e+02 1.252794792544176659e+02 1.220849836339223202e+02 1.137886253562788568e+02 1.140935871542281603e+02 9.414903500500049915e+01 8.016348524073569592e+01 6.880584754871014752e+01 8.854343494228845657e+01 1.033267537917574543e+02 9.923014687729479988e+01 8.714315092061795553e+01 8.372377729584073336e+01 1.035835869174598542e+02 1.177343679979250197e+02 1.093888729477696273e+02 1.177343679979250197e+02 1.292850018504412049e+02 1.209023428932627269e+02 1.185728509908071828e+02 9.848006488793939184e+01 8.414980641549033180e+01 7.392700451389826810e+01 6.742684973275386540e+01 8.137686523566192420e+01 6.867403601619287201e+01 8.566934138747279803e+01 7.576712440776871915e+01 5.536702686978600951e+01 6.615042620378571314e+01 5.375212293982717426e+01 6.818751327659268213e+01
5.490583940256994566e+01 6.247708408181460982e+01 7.142813616607105587e+01 9.134249329680375240e+01 1.070487041907552168e+02 9.715969797638851446e+01 1.137996266194444530e+02 1.190681390037656513e+02 1.272921154551884513e+02 1.114892604985678162e+02 9.156440608880977550e+01 7.759579612138743698e+01 7.575103576272789496e+01 7.651260588278459807e+01 8.347391655999778948e+01 1.033267537918139993e+02 1.070306759824917293e+02 9.773352392083694440e+01 9.991672379673627802e+01 1.198992567613090472e+02 1.160266507560350249e+02 1.078561849614926871e+02 1.160266507560355365e+02 1.206612623349770104e+02 1.124549501973950214e+02 1.126579646173474742e+02 1.025788086255110869e+02 8.782840277863479628e+01 7.768433879994404379e+01 9.617207045835350243e+01 8.312568377095013261e+01 9.015723718096818118e+01 6.980654453303128548e+01 6.715656633342616999e+01 8.254135570314048209e+01 7.415186227708426259e+01 6.395308536179062031e+01
6.872400830182303366e+01 7.710515706120042978e+01 8.534850921958555148e+01 9.940066557692873062e+01 8.718231046548426377e+01 8.570033756394438740e+01 1.050088878894065232e+02 9.918535540102992343e+01 1.190681390037656513e+02 1.173552583870998092e+02 9.740026080114662932e+01 8.640985357272305123e+01 8.319240661698131589e+01 8.636709736685656935e+01 1.033267537911921465e+02 9.747529384468982983e+01 1.174534277558438191e+02 1.177068883446439713e+02 1.198992567613090472e+02 1.189198498055564812e+02 1.061767629644914450e+02 8.816696095073248785e+01 1.061767629644926814e+02 1.092561345012577476e+02 9.272451869115053569e+01 1.092561345012577476e+02 1.163154661306644897e+02 1.062833466520798282e+02 9.797246675732571930e+01 1.062833466520797998e+02 1.033637467974791946e+02 9.849640611130520540e+01 9.015723718096818118e+01 8.752936547808187129e+01 9.587622816940809400e+01 9.270761832841758121e+01 7.419029848806177085e+01
5.358253473636591480e+01 5.712130659944714495e+01 7.126976061288954156e+01 8.670823983098684096e+01 7.310753292605450326e+01 7.887316525365802988e+01 8.516366705789407376e+01 9.918495821298058956e+01 1.190515431680373979e+02 1.226270538409074078e+02 1.026203971088812068e+02 1.062916870237680484e+02 9.124861039537732665e+01 1.062483343829046163e+02 1.062483343828911444e+02 1.174534277558436060e+02 1.257520343150109454e+02 1.227325970750510322e+02 1.145569663629780877e+02 1.096099220131390695e+02 9.104218306350345813e+01 7.829916154092505565e+01 9.801157295611267273e+01 1.010635802560373264e+02 8.133413283426071416e+01 1.010635802560373264e+02 1.162427496038772432e+02 1.082256454181189866e+02 1.000264572339240345e+02 9.813548255722191982e+01 1.062822412235279330e+02 1.008952869014778173e+02 9.275798836412613468e+01 8.993603902339248179e+01 9.814916009178573120e+01 1.028350768361916323e+02 9.451097989669358412e+01
7.357294395527050312e+01 7.710533584104257443e+01 6.267986882552430217e+01 6.677332276798172472e+01 8.671114900500830913e+01 9.873387267039534265e+01 1.050088878894065232e+02 1.132387354281092939e+02 1.156305254512372471e+02 1.199032670718352733e+02 1.226270538409074078e+02 1.194780242779766866e+02 1.027134884122698537e+02 1.194780242779766866e+02 1.262619310402096886e+02 1.290359364497011541e+02 1.208531309286452569e+02 1.113602013497438747e+02 9.487603039503966329e+01 1.014399704136414613e+02 8.172857428821187398e+01 7.130892754919332788e+01 9.104218306350345813e+01 8.567063977395727647e+01 7.434731551671966088e+01 8.830851856513966425e+01 1.010076351160942778e+02 9.285300330821976900e+01 8.062036534930969367e+01 7.896913489978672374e+01 9.513171225960293498e+01 8.945907068832032394e+01 7.288239259109786872e+01 6.994687230772393605e+01 8.663562431677267739e+01 9.865849657517330229e+01 9.036853351235538412e+01
8.781588428753337894e+01 7.958905330644398646e+01 8.264167362654966098e+01 8.671081619658785655e+01 8.771335571184577873e+01 9.594317675755031871e+01 9.407062104275055958e+01 1.023063474575706806e+02 9.567063493374753591e+01 9.997386935599921287e+01 1.083970239328709937e+02 1.166592830932163878e+02 1.227430395656759998e+02 1.310438431802318178e+02 1.210941449852108747e+02 1.129222383186031777e+02 1.011759502392358172e+02 1.031941726839850304e+02 8.349583102148066871e+01 9.182132982254887565e+01 8.534568287191618197e+01 6.559470031594311479e+01 7.868095811539383533e+01 6.591108290668620384e+01 7.988959635903520962e+01 9.962731319093003890e+01 9.285300330821976900e+01 7.367091023644931624e+01 6.975608557921543706e+01 6.814474279863190986e+01 8.659768319539544734e+01 8.059426552680808697e+01 6.128221365647516450e+01 5.833716326165147592e+01 7.768686519559707904e+01 8.714541938255318598e+01 7.045733208397957981e+01
7.633065787496775556e+01 5.967699344967142849e+01 7.073608492733717412e+01 7.345044447425998158e+01 6.784737855235172788e+01 7.921482214225999030e+01 7.425284348685535463e+01 8.625650649203348053e+01 8.171025961239885760e+01 8.602017370984411571e+01 8.858072456960741192e+01 1.083970239328709937e+02 1.203608029907615560e+02 1.210941451015727210e+02 1.097251687308095001e+02 9.324595415279665644e+01 8.980783430280344248e+01 1.011195906082103448e+02 9.182132982254887565e+01 7.209234335741392385e+01 8.055536569942216829e+01 6.078422266987813316e+01 5.889925217358148046e+01 7.868095811539383533e+01 9.376676696873778383e+01 1.033788730160867146e+02 9.004794296217059468e+01 7.150704724343486873e+01 6.032764837348003084e+01 5.960605686997368480e+01 7.860624970433505609e+01 7.237356425347131506e+01 5.237938547556315427e+01 4.947185643302672275e+01 6.942502204901676066e+01 7.822240778913617021e+01 5.892837915926705961e+01
5.867577032304956930e+01 4.813812658705051462e+01 5.078146652516316095e+01 5.350039693773981497e+01 5.630059252404758041e+01 5.928456985478231900e+01 6.272256181129295527e+01 6.638756319907174941e+01 7.025063307971016968e+01 7.461705743937174873e+01 8.088644694218420739e+01 9.223728225986319273e+01 1.120885892675092066e+02 1.129222383186926209e+02 9.324595415279665644e+01 8.186294047034409971e+01 7.994277989265367523e+01 8.141469039218802095e+01 8.345498921026918993e+01 6.549470725338304078e+01 7.641240112976785781e+01 7.342868411560043285e+01 5.432041530029712106e+01 7.413921020667886808e+01 7.517207445598526760e+01 8.951807253240599493e+01 9.583261908022723219e+01 7.161262358416934148e+01 5.380823709665514087e+01 5.261092971971253718e+01 7.188866710582058772e+01 7.650171782878146587e+01 5.651579527088556887e+01 4.253347959677637391e+01 6.237306331293260797e+01 6.237777084638841529e+01 4.991019945263868607e+01
4.455840246795264648e+01 6.450893687076003857e+01 7.073608492733717412e+01 7.345107589713209961e+01 7.042675014007667755e+01 7.340323016805761824e+01 6.997696068713239015e+01 8.625650566405839470e+01 8.427144333764513817e+01 9.438478427508465529e+01 9.438478427508466950e+01 9.223728225986319273e+01 1.120885892675092066e+02 1.130750364571496931e+02 9.339695195110209625e+01 7.945498944603184555e+01 7.198235695046369642e+01 6.744282287570753454e+01 6.370066730467345195e+01 6.013852506788531116e+01 5.662066154478931423e+01 5.360054363623913787e+01 5.112751938617272884e+01 6.798855241751229528e+01 6.104555441053241793e+01 8.112126711041879901e+01 9.299298964776845366e+01 7.778386598442827449e+01 5.785897453904531318e+01 4.619346883567786222e+01 6.100518406506694191e+01 6.926054064010830302e+01 5.793673143997204278e+01 3.807357795782502308e+01 5.793673143888039334e+01 4.221300260698881601e+01 5.524844869286745563e+01
