LEM/with_lateral_4open/elevation_000066.asc
nrows	100
cellsize	150.0
xllcorner	0
ncols	100
yllcorner	0
NODATA_value	-9999
[rows 51 to 67 of 100, columns 0 to 36 of 100]
6.455108993161302877e-02 1.420668671366268754e+01 3.420668671366339453e+01 4.170838862043643047e+01 4.237193674400378995e+01 2.809098003723970294e+01 1.823445060886852076e+01 2.640439102649647296e+01 3.644224712970641633e+01 5.074299435345166387e+01 7.105472808198916823e+01 7.793321355885457535e+01 6.961503589011175563e+01 7.221933186720842457e+01 8.053836231566658910e+01 7.652834091551490303e+01 5.818573927203652829e+01 6.821360595103810454e+01 8.622553717205380508e+01 9.766822958133279542e+01 7.757537975762873828e+01 7.256242314055035081e+01 5.252241701340828683e+01 6.387119433409105085e+01 8.393200460826518849e+01 9.033457969745934690e+01 8.016672961488659155e+01 7.168159713346757655e+01 6.506288254474854682e+01 5.224630788827499117e+01 3.189311287439531739e+01 4.630291274574846483e+01 6.674848019227478346e+01 7.920204853446469428e+01 7.451310060535026025e+01 6.287320586726777094e+01 8.024816856081292826e+01
3.995603441288197999e-02 2.003995603441252626e+01 2.496544628836543112e+01 2.157561493282216603e+01 3.006259524762296209e+01 1.392110418316585196e+01 3.400048596063924577e+01 3.833577082846643691e+01 5.495909228589354001e+01 6.508629118027523930e+01 7.384248467437353725e+01 6.552294104438701083e+01 4.952169788913793980e+01 5.213015939874431126e+01 7.221933186720842457e+01 6.821360595103810454e+01 4.813331077743323760e+01 5.783727805322006077e+01 7.790718297326176867e+01 8.768233710994444152e+01 7.757537975762873828e+01 5.752946345989573018e+01 4.749812711424102929e+01 6.176324544635036062e+01 6.816279403215051502e+01 7.648343311407805345e+01 7.939461542729259236e+01 7.092660671422946450e+01 6.516378029305137431e+01 4.484556515833476453e+01 3.041802598703364424e+01 4.553569224814237515e+01 6.731801421656176387e+01 5.951225025632231080e+01 5.378614465695915925e+01 5.114270714394753981e+01 7.150167842300653831e+01
4.804567899273937126e-02 2.473401929356293216e+00 4.916790816491629634e+00 7.416790816701590572e+00 9.998779717495903441e+00 3.006259524762296209e+01 2.809148881535785236e+01 4.826606700880154222e+01 6.694786796750443614e+01 7.563813648621618313e+01 6.552294104438701083e+01 4.539705736560511440e+01 3.784709308058334187e+01 5.801414178633138619e+01 7.384248467437353725e+01 6.152017422650312284e+01 4.139244521440575397e+01 6.152017422650312284e+01 7.452061470025432754e+01 6.761252256223902179e+01 8.180838044983897817e+01 7.334013759439694979e+01 5.328837220023512344e+01 4.166632642253961194e+01 4.809083532092680713e+01 6.489220360319615111e+01 7.092660671422946450e+01 5.077471549871693668e+01 5.667706778200696505e+01 4.936312578509234328e+01 2.896658687666521459e+01 4.926232871096971877e+01 5.741508218921573814e+01 5.230314573243666842e+01 3.949264218526757020e+01 5.944144263344919921e+01 6.863868629011309963e+01
9.707512844716031930e-02 1.008411332951909323e+01 2.480788831344973033e+01 2.746460806548611444e+01 2.155435467079862377e+01 3.006259525460881221e+01 4.826606700880154222e+01 5.665238467264977373e+01 6.984024083974796326e+01 5.603955282870526844e+01 6.984024083974796326e+01 5.129179221774868580e+01 3.106069256241119447e+01 4.539705736560511440e+01 6.015720967852987400e+01 5.632321694244788546e+01 3.614248125001863343e+01 5.442282138978924166e+01 5.442282138978924877e+01 5.341236630924622375e+01 7.349083514610553891e+01 8.166411042151503352e+01 7.007976380202791233e+01 5.657424326706243534e+01 3.640563177319780408e+01 5.188513634125501994e+01 6.020904004074161975e+01 5.667706778200696505e+01 3.646170401523283289e+01 4.587150132996800522e+01 2.753253525690904269e+01 4.692715213983457545e+01 5.014375100218639858e+01 3.205620531185291355e+01 3.358045269445024417e+01 5.376146540403384932e+01 5.750411416763230932e+01
5.001202446392439237e-03 2.000500120046685026e+01 2.604727936392774978e+01 4.470875864596570892e+01 4.168506801539241025e+01 5.006658713405347072e+01 5.861882051602078292e+01 5.680699223723703284e+01 6.177984508033838296e+01 4.199551845429395769e+01 6.177984508033838296e+01 4.638502981766907851e+01 2.611782500095878490e+01 3.997595843065704457e+01 3.997595843065704457e+01 5.142866959759150802e+01 3.119581506601045717e+01 3.422016344667007814e+01 4.065068020380444125e+01 5.491151669311480532e+01 7.498907187235813865e+01 7.086837422412018839e+01 6.868791400398205838e+01 6.489220360319617953e+01 5.188513634125501994e+01 3.163429913470274002e+01 4.746604137052784012e+01 5.286366818952029689e+01 4.451918086533274277e+01 2.552320965860816315e+01 2.697712897338283966e+01 2.844126653393835014e+01 2.992056173365213212e+01 5.011239510984693624e+01 5.375094431137208062e+01 3.582258224459521045e+01 3.742065919266136831e+01
5.279685921607564503e-02 1.419480132432753017e+01 3.418566572227676659e+01 5.228297236169644435e+01 4.950861028557645938e+01 5.491431303797488539e+01 5.102708114920176286e+01 3.717525905811032061e+01 5.102551747064731558e+01 3.435435014785288388e+01 5.430207249328306318e+01 5.471939913897063690e+01 3.997594372346222968e+01 1.969196865616188319e+01 3.884665906013488978e+01 4.194104625300354883e+01 2.651512978602951165e+01 4.678693442693253957e+01 6.079209645546814755e+01 6.910929686815690332e+01 7.086837422412018839e+01 5.099367448082914223e+01 4.882222392581231674e+01 6.290032614880994544e+01 6.020904004074161975e+01 4.746604137052784012e+01 2.715232935133940373e+01 4.318353768865414111e+01 2.418110760045264485e+01 4.448489494168648406e+01 2.980383694812201156e+01 4.873315483080682498e+01 5.019087976151420349e+01 5.017168718152901619e+01 5.592415800342256915e+01 5.594416589457666333e+01 4.751227062876056806e+01
5.738623160518319517e-05 1.414219364978056426e+01 3.414227549668261474e+01 4.452165594722186626e+01 3.155225272504651812e+01 3.676750421951287251e+01 4.151207441737010839e+01 2.381691997128407223e+01 3.896188070245804624e+01 2.727199384829069118e+01 4.765073872784566333e+01 4.087464320740053836e+01 3.258885283555105161e+01 1.566612466153313044e+01 1.856428891215057320e+01 2.164979246537990321e+01 3.182847893878428636e+01 4.615865626664147214e+01 6.628529943188723905e+01 7.569562816609600020e+01 6.737665964837263743e+01 5.464074983675789099e+01 3.362629442238903010e+01 4.413399588915928007e+01 4.016403762342113026e+01 4.103882113669687470e+01 4.191782719158935322e+01 2.285347522901008332e+01 4.318234903200924890e+01 5.233305700034043184e+01 5.001450784212044454e+01 3.419369046369595111e+01 5.437992033145212645e+01 7.009418456449257917e+01 7.579685193006818622e+01 6.738739514038050515e+01 6.738739514038050515e+01
4.532054705376769438e-02 1.418745749851465021e+01 3.418734298773644298e+01 3.678376160933517980e+01 1.947035924481547298e+01 2.760178197742446571e+01 2.224774651779756951e+01 1.676683399537310137e+01 1.762863564455700072e+01 3.596110389731308032e+01 3.460260841168575041e+01 2.932046197848235991e+01 1.239240397025800533e+01 3.258957103275944434e+01 3.029483050945066580e+01 4.194104625300354883e+01 5.028653248341075255e+01 6.038157717580218531e+01 6.824933719955944866e+01 5.992612196076542830e+01 4.725661923753715854e+01 5.841690030387346155e+01 3.769775398364713226e+01 2.134703790623433051e+01 1.989055896424581249e+01 2.074784140545549249e+01 2.160660706001895903e+01 4.191784327543596333e+01 3.727291710672231062e+01 5.752075360903614865e+01 5.737410570400016496e+01 3.736258008933847918e+01 5.744910954599458819e+01 7.029645661546361168e+01 8.058634560897868937e+01 8.705633132196220458e+01 8.336708207318719133e+01
9.001595176218035732e-02 2.008935809759151780e+01 2.125700043232774306e+01 2.185806614829002825e+01 1.895999356254235835e+01 9.658686515042594678e+00 9.375377272015253283e+00 2.440089978855717945e+01 2.505314582899124076e+01 9.315579250644310250e+00 1.248627106706887879e+01 9.237699489322482194e+00 2.937596141749203582e+01 4.095019606827218439e+01 5.052867410917862401e+01 5.886039713665989126e+01 6.574168041755949332e+01 5.985424189610768764e+01 5.992612196076542830e+01 3.975284951084872631e+01 3.556257952427576186e+01 4.607390055979038124e+01 3.771916869904205782e+01 1.867572600933167593e+01 3.893566265534091286e+01 4.103880844698478825e+01 2.665248369215744617e+01 4.635786755309538165e+01 5.756724908033491772e+01 6.598602886093060249e+01 6.557752993723477175e+01 5.744911920712832654e+01 4.209537315116380540e+01 5.215499652032492151e+01 6.649416771318053065e+01 8.750559421340454946e+01 9.408518524361224422e+01
5.674351268809080251e-02 6.567735149382779580e-01 1.257073740125941530e+00 1.858186829904229231e+00 2.460116095333076291e+00 3.063413072739839205e+00 3.669752135330672793e+00 4.279179826102569528e+00 4.893186153942192362e+00 5.508067259841622487e+00 6.127971005181229280e+00 2.203531946294398836e+01 3.459862251493802887e+01 4.763088327894809737e+01 5.550681775314500754e+01 6.148286581710110710e+01 4.562671565040182742e+01 3.972144153590982540e+01 4.774735884838910493e+01 4.565354123231416139e+01 2.540061820195077402e+01 3.659905986335331818e+01 1.747377638576912773e+01 3.771950834284945842e+01 4.728819066321258191e+01 5.463978217233896117e+01 4.635786710290456369e+01 3.468610354875379898e+01 4.853194718786553352e+01 6.860153810327986434e+01 7.969176920503055328e+01 5.986645367509474625e+01 4.572699701874164901e+01 6.567315415464990735e+01 7.605088095382707536e+01 8.081088914973322801e+01 8.947108567695981662e+01
9.518805923843161321e-02 2.009517316165482370e+01 2.125711485650917609e+01 2.185821892229589025e+01 1.364485866762371558e+01 2.438411039674264558e+01 2.381176659772050996e+01 9.633142411206740974e+00 2.430625266994850264e+01 2.564635622578593299e+01 2.627749043268518037e+01 7.044006361393026161e+00 1.868422308942788135e+01 3.901115732558321270e+01 3.525993282227688752e+01 4.121737589309223893e+01 4.562489823253582699e+01 2.538633960503153020e+01 2.795269695722060987e+01 3.469586831950497441e+01 3.549079081170593497e+01 1.636694301643211347e+01 3.659905382449857569e+01 2.040007053644782431e+01 4.067720118885511482e+01 5.202948407707931011e+01 6.273984161384811387e+01 4.853194718786553352e+01 4.593814045463773965e+01 5.745141160874099029e+01 7.763792251011712153e+01 7.385466315894134937e+01 5.728628191373748280e+01 5.164902388634102692e+01 5.624179196313952644e+01 6.157954207797599366e+01 7.559529631257991866e+01
9.062254805971975413e-02 1.423275817178065061e+01 3.423275808209835702e+01 3.993230399311210022e+01 3.210454964769897401e+01 3.870209090176662414e+01 1.872519576708943134e+01 2.992489454259616721e+01 2.967184608378423150e+01 3.568277879223390414e+01 1.331584240869174884e+01 7.693690500008807831e+00 2.785448423478263535e+01 2.880083387725626309e+01 2.091277147299807027e+01 4.121715629298851979e+01 4.108335537688358130e+01 3.246494646449533406e+01 1.373489440263763051e+01 1.450307824679507362e+01 1.527228834599097063e+01 2.956722938489321706e+01 4.495538706016155572e+01 4.067723660183701639e+01 2.338811621875579405e+01 3.777419932794382618e+01 5.795993147104827869e+01 6.860153810327986434e+01 6.598323500720677259e+01 7.433171094718132110e+01 8.597739483179320530e+01 8.528515539067990403e+01 7.712983469403093295e+01 6.316782627045478193e+01 6.773192814809659978e+01 8.135104787964431239e+01 7.151310460072318165e+01
3.063233560239582431e-02 2.003063233560203926e+01 3.094889275601434875e+01 3.727344807610489141e+01 4.555771890527397261e+01 4.764153849965820342e+01 3.930437864915143109e+01 3.065622718302851268e+01 4.913821094906027298e+01 4.486996481974966144e+01 3.384759558109749378e+01 2.719933507294656039e+01 8.616712059737544394e+00 9.281993684927382304e+00 2.944595468359992552e+01 3.108180198568637209e+01 3.176344733544446797e+01 1.265454477890087581e+01 3.284830859097414901e+01 3.471539651268366811e+01 2.443258771061164580e+01 4.247281903836078953e+01 5.813202362393258227e+01 4.586330062273226815e+01 2.555911178610679713e+01 3.733368554573740283e+01 5.163070505599167603e+01 7.172084736197032839e+01 7.392949692572365450e+01 7.688564315186619069e+01 7.846113852185710869e+01 8.678947708432568220e+01 9.104717842097470282e+01 8.292679631433790632e+01 8.741478181933871383e+01 9.550494820907377402e+01 8.545057890755123253e+01
5.666595628964066211e-02 5.401890794538151574e+00 1.094889275679049057e+01 1.727344807712736241e+01 3.141558370085763130e+01 5.141558368756076902e+01 5.935125953160721934e+01 4.258040934663524268e+01 5.935125953160721224e+01 5.755369458562643814e+01 4.563863317941310527e+01 3.228416722765443581e+01 1.210718022676306482e+01 2.503827817465196048e+01 1.022893831762544536e+01 1.090221031423351761e+01 1.157671177249236827e+01 3.176346871348479439e+01 4.120520028934249979e+01 5.153112114766597074e+01 4.313381917926139408e+01 5.153112219744539857e+01 5.973944993839280926e+01 3.958646030831920370e+01 2.780866036038803912e+01 4.810461623456664171e+01 5.413661287198606686e+01 5.690507579785221282e+01 5.387505495342780648e+01 5.683608396758976511e+01 5.841641701715789736e+01 7.148463385848774010e+01 7.634388953507513520e+01 8.392197691780353352e+01 9.225614370696911237e+01 1.023058436487160918e+02 1.050427438414517098e+02
2.110006612196471329e-02 2.002110006612160831e+01 3.094889275641718385e+01 3.727344807610489141e+01 3.141558370085806473e+01 5.141558369736767276e+01 7.092143466977010746e+01 6.277876369430271808e+01 5.948969251107607192e+01 4.921756210009699117e+01 2.897678223806402187e+01 1.728880200388428179e+01 3.230149345637848057e+01 2.093419597689686640e+01 3.040817366034919189e+01 2.790923726063992305e+01 1.892435437778816620e+01 1.364890928710276263e+01 3.383438699905318003e+01 4.429441212301865960e+01 4.606858613454821239e+01 6.620999678940157196e+01 6.805130580885753488e+01 5.643272463202740141e+01 4.810461623453242197e+01 3.115829274321465903e+01 3.393063356078992854e+01 3.675036147314769863e+01 3.964023862277621646e+01 4.263548768002837619e+01 4.684246026192995060e+01 5.144973644471490815e+01 5.630866511862294743e+01 6.387224228958793049e+01 7.388099973791896957e+01 8.806707786306593277e+01 1.081968584653862706e+02
9.367352646185668485e-02 2.009367352646150096e+01 2.898075373348823547e+01 4.898075381784316562e+01 5.141558369736767276e+01 5.969985410968971706e+01 7.545198359543707056e+01 5.535435645925995374e+01 4.107654058597060498e+01 3.091847791175096560e+01 2.323940825231715834e+01 3.753154239814433879e+01 4.588721897299846120e+01 2.990020204824090655e+01 4.940092783216386607e+01 4.534045406486901442e+01 3.931037355490497021e+01 3.383438699905318003e+01 1.573231213059039035e+01 2.581298802088609889e+01 4.606858613454820528e+01 5.560493608717694514e+01 6.723886235491943353e+01 6.413112169012654817e+01 4.402048644633313756e+01 4.552307836667768015e+01 3.949708160587074701e+01 5.690507579785221282e+01 5.974886501419621965e+01 6.270846389286799649e+01 4.916876324976404078e+01 6.921103574737189490e+01 7.634388953507513520e+01 6.700645490694765272e+01 7.857171492924342715e+01 9.867026010225444566e+01 1.071313031768518300e+02
3.648181865326004941e-02 8.980753728652494772e+00 2.312288935238631993e+01 4.312288936474135426e+01 5.574659793804281804e+01 5.574659793804281804e+01 6.403086547454719835e+01 6.956017969423986358e+01 5.948969251107607192e+01 4.873944209386170456e+01 2.848048305099696265e+01 4.873944209386170456e+01 5.844057227322095827e+01 4.415350728809257674e+01 5.844057227322095827e+01 5.637556819668410668e+01 4.289431953129296460e+01 2.262299208399195649e+01 3.594131177276436517e+01 1.796184765843515407e+01 2.699992080300649633e+01 3.874167929378848640e+01 5.891798023153000230e+01 7.245155846192449189e+01 5.825324140072069667e+01 6.562924823519354334e+01 4.775559128491211425e+01 5.225693893673908264e+01 7.232309601247219177e+01 7.407053136201272991e+01 5.403431765562264388e+01 6.819335661184533137e+01 8.825928635230340547e+01 8.117733176896125258e+01 9.540318031963363410e+01 1.070151737636659419e+02 9.756876208466195521e+01
