LEM/with_lateral_4open/elevation_000450.asc
nrows	100
cellsize	150.0
xllcorner	0
ncols	100
yllcorner	0
NODATA_value	-9999
[rows 34 to 50 of 100, columns 37 to 73 of 100]
7.005221489392079093e+01 7.425554900512429413e+01 7.130342788989369751e+01 5.723336154706802148e+01 4.765494976552557205e+01 6.774308712961151002e+01 8.443747947060863623e+01 8.638061034622292311e+01 9.457051616096252644e+01 8.863875086889477473e+01 8.045163581228840144e+01 7.242619126466594537e+01 5.239768755506918296e+01 5.826334882927985603e+01 4.068535475489602504e+01 6.093381226152887820e+01 7.014734282559422240e+01 6.920544423022384706e+01 6.096750517394692537e+01 4.387238139122057845e+01 5.409911997369463421e+01 6.569078869671267285e+01 8.548576166834831724e+01 8.041637847963112051e+01 8.041637847963112051e+01 1.001325354461050097e+02 9.985465782233136167e+01 8.016791865270307937e+01 6.639951109220066883e+01 5.948354466984861233e+01 5.517191977545068937e+01 5.120193021712827885e+01 4.737291957704438516e+01 4.367240573477970855e+01 4.367240573477970855e+01 5.511200473506693243e+01 7.473986076378064070e+01
8.984192532602902759e+01 9.403540971404630966e+01 8.537344876149235517e+01 7.191161128425497395e+01 5.192007025003567122e+01 5.631985756806165710e+01 6.787157964037841396e+01 8.187233869917601226e+01 1.016577789012273030e+02 1.063942990755741818e+02 8.668123558815960905e+01 8.064709206741623859e+01 7.242617971925108122e+01 6.283619494705845199e+01 4.261482574019681380e+01 5.699620397638043556e+01 7.693518037812485488e+01 7.574990010467310242e+01 5.614203370732743537e+01 4.623140753505619216e+01 6.639335680008865381e+01 7.249571271255324234e+01 7.778825014840997198e+01 6.648466095214578786e+01 7.786232195254062560e+01 9.756843932699857191e+01 9.913387383525936514e+01 7.945386876279992805e+01 6.821925514106926869e+01 7.902753528921032000e+01 6.902488988783440504e+01 7.084453346665904405e+01 6.706431270875849293e+01 5.974295828211442227e+01 3.996141198776049208e+01 5.685752320007328109e+01 6.122131516856494216e+01
1.027855594387574314e+02 9.232968456534887025e+01 7.256874205455197568e+01 5.849183581266772336e+01 6.610981450233406065e+01 7.623541178893091796e+01 6.896296942035280608e+01 8.296000845019625558e+01 1.027309538499269053e+02 1.001608198456446814e+02 8.668390204809746535e+01 6.690033275559319748e+01 7.269622212037431552e+01 6.476908145356856039e+01 4.459039413093733373e+01 6.476908572278425424e+01 7.644757287114885003e+01 7.792952371696036096e+01 6.110207374692468818e+01 5.319960810888518665e+01 4.988921907550387402e+01 5.255151893150817699e+01 5.798540347266310846e+01 7.778825026112916419e+01 9.437960171483686622e+01 1.057748391385811431e+02 1.073898734873382068e+02 9.598504731615639685e+01 7.794160509449585561e+01 9.598504731612140972e+01 8.861495422893202090e+01 8.605748510171191867e+01 6.642628634293630796e+01 5.251755863901931320e+01 5.685752320007328109e+01 3.702740907698172634e+01 5.404370763291504431e+01
1.011685169281687990e+02 8.141900968262737592e+01 7.000422112318366885e+01 6.483139855677629271e+01 8.461165415119059219e+01 9.411733038696529263e+01 8.875005961897960560e+01 9.696146360487068705e+01 1.059475291114492563e+02 8.618155008764425418e+01 7.221694937366910949e+01 7.269622752912923147e+01 5.273376301047151316e+01 4.931755401101352732e+01 6.476908572278425424e+01 4.815684931731865248e+01 6.823916608483408197e+01 8.539853930677902838e+01 6.579329066416502769e+01 7.502771008222080695e+01 6.155491035437324854e+01 7.249571696866023274e+01 5.694933508478841588e+01 7.677044813924914024e+01 9.156279119727609839e+01 9.156504322844553201e+01 1.113022907046486552e+02 1.058533335483365221e+02 9.760163012354759360e+01 1.058533335483278250e+02 9.918760694124664212e+01 9.096796876333758064e+01 8.034542028791777568e+01 7.217613133656074353e+01 6.501873334904480828e+01 5.404370763291504431e+01 3.414019443580500024e+01
1.093819373134800657e+02 9.796611991181974588e+01 8.976613360359300486e+01 7.882838443556903485e+01 7.626867594534827788e+01 8.765622980801506969e+01 1.074176159079461570e+02 1.122912401800077760e+02 1.012115912390222690e+02 9.222166714181533109e+01 7.800165429514194670e+01 5.815069106749729144e+01 7.269622752912923147e+01 6.936919217732146592e+01 7.074086499216670632e+01 5.072959944163564927e+01 6.493884540368222247e+01 8.474817932647752627e+01 7.780265804068741886e+01 8.953598022507988219e+01 8.134913026307989981e+01 8.079962816930185454e+01 6.106075785841671433e+01 6.381634272246608219e+01 7.188330722612259649e+01 8.578935991417947093e+01 1.055087762177188750e+02 1.071034349969099537e+02 9.885330500081981597e+01 9.885330500081981597e+01 9.096796876333758064e+01 7.128220616869363369e+01 7.704803253983634193e+01 8.522477510192607042e+01 7.896669347155695107e+01 6.221148365475665543e+01 5.404370763290437907e+01
9.397168289614582193e+01 9.247692051016952064e+01 1.007935773194008391e+02 9.857370233350572164e+01 9.600837432359085710e+01 1.042151390307972036e+02 1.156390965339301289e+02 1.041323660051920257e+02 8.467994606733317653e+01 7.334448252806681978e+01 6.448543155608926725e+01 7.800165429514194670e+01 8.619153563932488282e+01 7.453919907301320791e+01 5.462326575889514402e+01 7.074086499216670632e+01 6.493884540368621572e+01 8.474817937441318350e+01 9.224613513373444107e+01 1.008141140985165123e+02 8.110065395940337396e+01 6.718945764239974494e+01 8.079962816930185454e+01 8.352804820155287757e+01 7.312479242588813122e+01 8.703202562493234495e+01 1.067446928185052428e+02 9.885330500081981597e+01 7.914337464024481505e+01 7.914337464024481505e+01 9.096796876333758064e+01 7.128220616869363369e+01 5.735563289119738783e+01 6.776478214651868370e+01 7.080878114234633358e+01 5.104270392276549728e+01 5.199654304608893796e+01
7.408459611591243288e+01 7.260590840286647563e+01 8.661223945582621297e+01 1.066355130505577335e+02 1.034332640420648488e+02 1.011578462416173352e+02 1.094425459904615963e+02 1.073642691325853917e+02 8.774931050525664489e+01 7.382430660873748707e+01 7.591322255442959488e+01 9.244304893389525546e+01 9.123385514164444032e+01 7.148189639184597866e+01 5.741040257757739340e+01 7.726711116794494671e+01 8.474817937593948614e+01 9.294460579430013070e+01 1.122199874853553467e+02 1.029781008929389401e+02 8.325541188774694490e+01 7.227901322695787201e+01 9.195487960785990822e+01 1.009817228872136070e+02 8.295423956740965821e+01 1.009817228890321985e+02 1.102987965960282537e+02 9.047462363552482145e+01 7.659673454209452359e+01 6.529368988116750927e+01 7.614079069116029075e+01 7.235447177577793809e+01 6.776478215634784874e+01 4.799055312492065895e+01 5.969003218812992628e+01 5.467024384192164632e+01 3.473121446104180166e+01
6.021120165506526689e+01 7.990938897579751199e+01 9.627716679748589002e+01 9.763557227627336488e+01 8.347627409216437400e+01 8.177267790903087530e+01 9.814636964885681891e+01 1.094425459904616247e+02 1.016091107123378237e+02 8.263865934779896349e+01 9.564433850951063221e+01 1.038469422430861329e+02 9.363455155694832399e+01 8.056769473385985236e+01 6.076804968426434783e+01 6.525693871203695551e+01 8.501855990901519533e+01 1.020483939205474258e+02 1.134700329344351672e+02 1.111929050102151848e+02 9.852087845927771070e+01 7.882288190510568882e+01 8.617460762852320499e+01 1.059096906098511823e+02 9.687667202945969791e+01 1.108412809089477236e+02 1.075652034693321042e+02 9.872172411461092167e+01 9.049503576957945938e+01 7.614079069116029075e+01 5.646650048585635062e+01 5.263182137850617437e+01 6.275132409138980449e+01 4.292576390894117111e+01 3.983721068050432734e+01 3.770373990717097712e+01 5.467150488254696938e+01
5.437409906145926897e+01 6.816896084123814603e+01 8.378052919834706813e+01 7.901830585170233689e+01 6.985539368239999192e+01 7.120838959073640240e+01 8.177267790903087530e+01 1.011578462416173352e+02 1.103824758143301494e+02 9.654495699298828981e+01 1.103824758143301494e+02 1.024714459294949904e+02 8.543074788428498323e+01 6.568444721292323152e+01 8.055344433978685004e+01 8.501806679772477082e+01 7.411215558864714126e+01 8.549284532414492332e+01 1.052472197361763762e+02 1.124990762419213439e+02 9.273091936017320336e+01 9.017022959575341190e+01 1.059096906098511823e+02 1.141295711630032770e+02 1.166127136075508730e+02 1.133534443758974959e+02 9.349241363345871036e+01 7.959966626773700682e+01 7.086830776088105210e+01 6.393729975826944667e+01 7.462078198828469056e+01 5.492122691201887363e+01 4.739154618623996384e+01 4.483682963502052843e+01 5.969282716089877994e+01 5.180111121315945866e+01 6.577458279707629174e+01
4.941583454868757741e+01 6.707754852912395904e+01 6.810877531461787271e+01 5.655787638337181278e+01 6.218741632293781407e+01 7.503150397594585286e+01 9.399950154579370576e+01 1.020836533926551652e+02 1.104174885199220597e+02 1.161268822725112528e+02 1.082332171501266487e+02 8.846118879617340269e+01 7.452673226992294531e+01 7.375938554738765163e+01 7.316305912391170807e+01 9.288115855565793311e+01 9.384202635171739360e+01 8.805352005764562762e+01 1.078167167527473396e+02 1.207287168880518919e+02 1.124990762419213439e+02 1.099280769449030117e+02 1.181542442661135510e+02 1.231906181023686031e+02 1.148557117527411151e+02 1.126609927627982159e+02 1.075652034693321042e+02 9.748317858840786698e+01 7.778708823387138693e+01 8.355593953585214706e+01 6.739634968556826777e+01 6.717505003536766139e+01 6.717505003536766139e+01 4.842336280935862902e+01 6.819369926658384884e+01 7.156754802372894630e+01 7.272616610256937975e+01
4.511910619235997189e+01 4.762369930238700988e+01 5.021594628901011248e+01 6.343134377169522509e+01 7.574410510268380392e+01 8.277170439092492416e+01 8.800028238402155978e+01 8.216675910831338570e+01 1.020836533926551652e+02 1.149013988590400572e+02 1.067535101815742280e+02 8.698733260045227667e+01 9.425228182323355952e+01 8.256637569057274106e+01 9.285730771403510175e+01 8.156094437023337207e+01 1.013101401645267146e+02 1.078167167527473396e+02 1.160432677834601662e+02 1.173613246594525066e+02 1.256084040032466618e+02 1.149730357314913505e+02 1.066977625853362497e+02 1.124519515622012875e+02 9.486640203508765978e+01 9.268312743116921126e+01 1.068376243313388301e+02 1.057296518184854932e+02 9.748317858840786698e+01 8.342694760530989129e+01 8.705229048285522708e+01 8.687675554641991482e+01 7.185887267449467686e+01 5.212977330359736783e+01 6.610030750204160199e+01 8.576108845194147534e+01 7.922598661298887635e+01
6.452313205714345656e+01 6.130598052501297701e+01 6.766608059245525908e+01 5.499718308375845055e+01 5.861345823464187532e+01 6.336931967631945639e+01 6.843659929548650211e+01 7.520740149141300890e+01 8.653377420217054805e+01 1.065578424848651906e+02 1.149983567555183299e+02 1.009478988644414414e+02 1.104473840673350367e+02 9.394693007417276931e+01 1.071655884302879969e+02 8.814138115984964372e+01 1.082887495434485317e+02 1.257324823957745821e+02 1.060847391070902148e+02 9.782970554686379216e+01 1.142677978471238731e+02 1.035380561982903345e+02 8.696317065597980900e+01 9.245780521219371906e+01 9.245780521219371906e+01 7.857208240926728138e+01 9.098942077523098249e+01 1.109803775971357283e+02 1.114406171808802952e+02 1.031832164305654658e+02 9.319701854430019239e+01 7.352389761040784322e+01 5.963563304571422918e+01 6.610030793927117543e+01 6.147337382367877012e+01 8.112071595374632693e+01 8.738166911956044203e+01
8.186598145270879456e+01 8.101134628080737343e+01 8.315764675792237881e+01 7.072523406678659796e+01 7.792113810792226047e+01 6.759504990008302627e+01 8.713022800999362971e+01 9.499694127157998480e+01 9.131642134475383443e+01 1.113733769341021684e+02 1.209396207357165878e+02 1.207694957612628457e+02 1.217693218656499710e+02 1.136772447441148444e+02 1.151675028435493431e+02 9.813359096702330930e+01 1.169098121788417046e+02 1.230623615988918971e+02 1.060847391070902148e+02 8.647316860612752976e+01 9.627895385660890781e+01 9.141337148915860666e+01 7.549659723722471938e+01 8.278976651516833840e+01 7.246963194210448478e+01 7.099578150229027074e+01 9.098942077523096827e+01 9.772273232685412836e+01 1.060358856170522728e+02 9.944984735100943851e+01 7.973178374594989748e+01 6.843384299369134283e+01 7.928602132484184040e+01 8.576127775807476894e+01 7.280910506627711243e+01 7.535417611116484693e+01 9.504237487244849092e+01
7.837893782802257192e+01 8.150400699870522203e+01 8.980792179255550423e+01 9.438768453012458792e+01 9.541429873807673800e+01 8.130826958865459630e+01 8.130827091770005666e+01 1.011861431659005603e+02 1.113733769341021684e+02 1.150131044210962585e+02 1.006510233590727950e+02 1.066384472731553785e+02 1.151096301408658888e+02 1.259279558463364168e+02 1.257918093803474875e+02 1.186653848459856135e+02 1.264580152831124451e+02 1.150019924095847443e+02 9.665990469397266338e+01 8.542174627786278052e+01 7.648690431260983758e+01 7.161053627042598180e+01 6.712046931749783596e+01 6.287333725392073802e+01 6.247300478440043747e+01 8.246410434413769508e+01 8.358222804015225904e+01 7.772503938580550198e+01 9.772273232685412836e+01 1.077126060101173408e+02 9.628948315499768285e+01 7.821478510281484375e+01 9.628948315499768285e+01 1.007132906562137435e+02 9.247458772678358230e+01 9.504237487244849092e+01 1.032887330735065206e+02
7.007431226364390398e+01 6.179265585599051747e+01 7.633084045837017584e+01 8.461149149437690653e+01 9.349648676754040366e+01 1.011858426045073287e+02 1.011861431659005603e+02 1.095237546043677668e+02 1.088824249050506694e+02 1.005168163050233971e+02 8.644134021408558510e+01 8.644206804997261884e+01 9.650671905621051394e+01 1.174616738590994629e+02 1.198617616516294220e+02 1.114307536448637421e+02 1.093765155780952085e+02 1.180379073609829419e+02 1.127269044227976593e+02 1.030035689543434358e+02 9.294703570906956713e+01 9.141337148915860666e+01 8.700160355540117507e+01 7.761452864072249724e+01 5.773249829126223176e+01 7.360395620306073283e+01 6.362568436615725176e+01 7.772503938580547356e+01 9.772273232614959682e+01 1.144252130527624303e+02 1.061748637685083168e+02 9.791645093864549665e+01 1.061748637685083168e+02 1.037924706903559411e+02 9.546813600729443294e+01 1.037924706903559411e+02 1.006162930446008943e+02
6.262809128343032938e+01 5.061606268276189269e+01 5.670199057530189179e+01 6.539966470451355463e+01 7.932669832753984451e+01 9.929182113881317662e+01 1.073390500699109822e+02 9.898149962179699912e+01 9.728159809203994257e+01 8.049714878326322776e+01 7.654406071085891483e+01 9.651737808200680035e+01 1.128189037429139319e+02 1.260201476859466396e+02 1.114307536448637421e+02 9.109827860982933601e+01 8.851771577475241770e+01 1.028619402778716960e+02 9.450923431209153591e+01 9.498289928543876215e+01 8.665131785960990385e+01 8.585526437509750508e+01 8.264418063334328224e+01 8.590214345040503474e+01 7.360395620306073283e+01 5.389253902830751031e+01 6.775528984105503127e+01 8.772388584333609174e+01 8.603792558435695526e+01 1.002315693185596643e+02 1.118161611651126179e+02 1.074625107818724814e+02 9.913576149401724535e+01 9.377162553961561287e+01 7.544924045312068017e+01 9.377162553961561287e+01 8.057697015832245313e+01
4.337374374207941941e+01 6.275047697471779173e+01 7.633084045837017584e+01 8.461149149437690653e+01 9.349648676754040366e+01 1.006525160646660737e+02 9.231856774175467706e+01 7.902451519468890240e+01 8.268455467457880559e+01 6.914187736959392794e+01 8.895883270048665281e+01 9.934282448702414570e+01 1.064573393330703652e+02 1.148382023419542577e+02 1.114307536448583562e+02 9.109827860982933601e+01 7.679941008649946355e+01 8.794349493688183372e+01 7.438068327907312494e+01 7.886158690548022321e+01 6.660649561760955351e+01 6.587059124324726156e+01 6.274679961335174028e+01 7.590847335764979675e+01 6.764538682211951937e+01 5.151695262395828934e+01 7.110369660364906963e+01 8.190307501160897630e+01 7.189667097710648136e+01 8.343982226265161728e+01 1.034792453736549476e+02 9.913576149401724535e+01 7.910277891310330745e+01 8.497030366366098519e+01 6.547262498994665236e+01 7.750059832753002809e+01 6.904834976589047812e+01
