LEM/with_lateral_4open/elevation_000593.asc
nrows	100
cellsize	150.0
xllcorner	0
ncols	100
yllcorner	0
NODATA_value	-9999
[rows 0 to 16 of 100, columns 37 to 73 of 100]
8.884754177262699226e-02 6.929726548558100274e-02 7.395023591448830758e-02 4.828361932999872264e-02 4.897713358561925356e-02 8.568734790590110117e-02 1.075183056328203948e-02 6.823539046102447547e-02 7.194897206013613211e-02 1.557559815681563986e-02 7.704183385687686514e-02 1.685416958384493638e-02 9.680445094065920353e-02 7.639902522890137937e-02 4.559330980047965332e-02 5.839666421669215124e-02 9.739037529851846120e-02 3.670263267501718690e-02 2.041064012308905357e-02 6.895211126444661387e-02 9.031524355919069713e-02 1.560024811392830661e-02 7.641644294168103979e-02 3.888124420523987601e-02 6.873285589001959517e-02 4.772367030474261584e-02 9.504926490987847254e-02 5.760415539182907330e-02 9.666222459857021221e-02 9.627991409191682948e-02 1.286757495974483190e-02 9.381044340810595905e-02 7.584058927755046864e-02 1.435327048224320848e-02 5.777975670406795827e-02 2.716720951219454838e-02 4.735230246529398453e-03
3.868492271864907739e+00 2.006929726548522552e+01 1.421745726614956062e+01 1.946658709523273245e+01 1.989545305924055896e+01 7.308486383002805731e-01 2.001074063410366932e+01 1.929120420683491588e+01 2.007194897205977924e+01 6.274335487060677785e+00 2.007704183385652286e+01 1.156385955337625937e+01 2.009680445094030432e+01 6.106625916784148345e+00 5.045593309800457504e+00 2.005839666421633538e+01 1.009739037529860539e+01 2.003670263267466112e+01 2.002041064012273353e+01 1.809707565007593555e+00 2.009031524355883391e+01 2.001560024811357152e+01 8.241382252219013438e+00 2.003888124420488381e+01 2.006873285588966382e+01 4.218011951446221097e+00 2.009504926490952315e+01 2.005760415539147345e+01 8.261628033875760835e+00 2.009627991409156067e+01 1.415500320269349110e+01 2.009380983650646968e+01 2.007583457783060865e+01 9.478733265009168241e-01 2.005777975670371305e+01 1.987554417780299687e+01 2.000473523024617251e+01
7.717494066462429636e+00 2.771754388559901372e+01 3.426249716283952296e+01 3.746191723746594704e+01 2.134676350727404071e+01 1.376345863999267172e+00 2.138008775855496779e+01 3.145043753843747680e+01 3.245485452020035666e+01 1.275509737553971057e+01 3.245485452020035666e+01 2.570599517710695991e+01 3.243118123705158951e+01 1.243118123712085321e+01 1.020957110474282459e+01 3.020927451452596557e+01 2.423952599902980864e+01 3.838166162275950200e+01 2.354602050938715152e+01 3.556967677442632425e+00 2.354602050938715152e+01 3.652565349967990471e+01 1.978838763601173412e+01 3.652565349968191555e+01 2.848202627854273317e+01 8.482026278558393528e+00 2.848202627854273317e+01 3.654589928133665211e+01 1.980863341766807295e+01 3.654589928133665211e+01 3.415500954451226789e+01 2.595592052685368145e+01 6.239617562939010043e+00 1.882411953532913351e+00 2.188372521957421313e+01 3.172561114169159779e+01 3.828361484300543793e+01
1.179997697110109556e+01 3.180006736319969818e+01 4.875577293558041703e+01 2.679541734807192910e+01 1.074051580608508694e+01 1.880476849315191146e+01 2.295461358603513968e+00 2.352748647260343162e+01 4.005392022099530180e+01 2.051391381617504805e+01 4.005392022099530180e+01 4.570599517710624582e+01 3.950224904883507548e+01 1.950224904898620437e+01 1.575657306695841342e+01 3.575599342780617462e+01 4.423952599903051208e+01 4.243607273444681027e+01 2.530687219747844452e+01 5.324200165405894580e+00 1.945275582509772860e+01 3.944121074738049515e+01 3.978838763601243755e+01 4.807265888347463800e+01 3.307034095594021750e+01 1.307034095596958956e+01 3.307034095594021750e+01 4.809290466512896955e+01 3.980863341766735886e+01 4.585834943864328750e+01 3.240027196068856341e+01 1.281697847105275478e+01 2.576630521120050688e+01 2.122748692083489885e+01 3.240100594323699124e+00 2.348469343196806847e+01 4.302154425102182245e+01
1.638829164851241060e+01 3.638844993529225036e+01 4.243877321614301223e+01 2.374681285417474896e+01 2.759756145882860778e+01 2.275887703086289804e+01 2.946406311656157850e+00 1.709110528436722731e+01 3.715679894043222475e+01 3.290548128669438199e+01 4.830509635766394894e+01 5.215135968874122341e+01 3.215135968965927304e+01 3.950224904883507548e+01 2.178679995735631536e+01 4.178242894352563752e+01 4.830839916118287647e+01 2.830682429701362679e+01 1.417837505576602908e+01 7.118936677043166128e+00 2.709593485393020984e+01 2.998178042296605383e+01 4.996082655966063157e+01 5.635461208668918687e+01 3.807034095591833989e+01 1.807034095596950252e+01 3.221247657969995259e+01 5.221247657952534382e+01 4.585834943864328750e+01 2.601327813233264763e+01 1.991323146502402608e+01 3.240027196055787329e+01 3.716073479420190040e+01 2.416561636553760906e+01 4.203467115724141223e+00 1.422406730699015931e+01 3.453975005214937966e+01
2.138829164851736664e+01 4.138855733067763509e+01 5.092286946669945280e+01 4.201899621715779176e+01 3.022092211428322273e+01 9.941428579936600229e+00 3.598735563256978853e+00 2.284585468625225602e+01 3.207093351285615057e+01 4.719710448069540831e+01 5.998441696421276248e+01 6.043563055388417382e+01 4.629349531338972668e+01 4.845271528026204777e+01 2.845346659560413016e+01 4.845271528026204777e+01 4.829468543885995047e+01 2.830663473033174782e+01 3.167871847719862899e+01 1.169930453355175182e+01 1.001565853317528010e+01 2.998178042290243894e+01 4.121811387501709589e+01 4.807034095579818711e+01 2.807034095596932488e+01 2.961734633976181286e+01 4.635461216228450354e+01 5.750827369619107543e+01 3.733001297778918826e+01 4.585834943864328750e+01 3.113158202562787480e+01 4.790249969527000218e+01 3.080830193777686077e+01 5.578679446655201879e+00 1.274841901410884581e+01 2.692910737573223301e+01 4.278566027052072229e+01
3.293454169119005570e+01 4.962040853188744904e+01 6.306970629419731011e+01 4.215928545322600485e+01 2.640972690881283214e+01 2.817673956242494526e+01 2.100730764451989074e+01 4.525723764071302391e+00 9.740146623870314713e+00 3.644947580078611082e+01 4.984661204961547298e+01 6.187597438455734533e+01 6.629349531109295413e+01 5.673397879717585823e+01 3.845346104278418409e+01 5.673397879717585823e+01 5.657780765889998520e+01 4.829444050550293355e+01 3.652691398118234645e+01 1.654170112158760375e+01 2.998178042276587618e+01 1.298842559509930616e+01 2.709549423065356422e+01 4.706557481790670039e+01 3.701461286596816791e+01 4.961734633964081098e+01 5.790161751768965104e+01 6.589341882526807126e+01 4.892389216734589041e+01 5.950644711072618520e+01 5.112734738710553017e+01 4.090012083864975523e+01 2.662269753330336286e+01 6.554536141513522374e+00 2.532326602680021921e+01 1.830881550640828337e+01 2.729331564897936246e+01
5.287551768359090687e+01 6.104597074304288640e+01 5.006292152553899655e+01 4.184340953275808062e+01 3.319413185631944430e+01 1.353204973474961470e+01 2.399765799416189083e+01 5.184759469136998256e+00 1.660347208956232024e+01 2.075892320641060707e+01 3.241017488665259094e+01 5.332346111589263415e+01 6.484530516695569702e+01 6.673192031950941328e+01 5.845196955362113300e+01 6.673193005550047019e+01 5.821548292998549812e+01 3.822715778459006231e+01 2.409377515845816831e+01 3.652691398114986754e+01 3.508666328467571560e+01 1.513723449388994879e+01 3.508666328504622101e+01 5.368378822925848226e+01 5.701461286565862707e+01 5.334454448451995745e+01 7.334454448284772354e+01 7.760066045454583161e+01 6.923475694037161077e+01 5.926972366176121199e+01 3.880886954038587788e+01 3.242919802705581134e+01 1.231489018701361005e+01 2.655998019905474550e+01 7.982503140199512792e+00 2.796298887171077752e+01 4.475600424224854379e+01
5.665155496154928016e+01 4.835194725669027349e+01 4.106518257444198383e+01 2.214078952094063268e+01 2.674879328740193074e+01 6.808929262653890646e+00 6.135043772983381771e+00 2.530175204044514459e+01 1.024582477403577663e+01 3.015496364806432084e+01 3.967297814690620328e+01 4.430482311410553109e+01 4.430482302568641728e+01 5.760885924342277775e+01 6.612554115280327949e+01 6.456091136418272924e+01 4.457223843867041069e+01 3.303258509336892246e+01 4.408160267511480157e+01 4.878856048272158574e+01 2.883099497808133194e+01 1.732314204588664808e+01 2.545711081048247237e+01 3.697627191972625837e+01 5.693788132492987586e+01 7.334454448284772354e+01 7.813268215150327478e+01 6.776514339989090274e+01 5.915855331148627982e+01 5.233634844365091965e+01 3.880886954038587788e+01 1.863457670706841185e+01 3.242919802704827958e+01 2.898278801956509909e+01 9.002061614856454952e+00 2.898278801584529063e+01 3.813144324573197252e+01
4.456198924871485190e+01 2.851997588589356880e+01 3.192310726151873013e+01 1.320598937804409800e+01 7.764757636662434237e+00 2.675011759616449680e+01 1.824349943935265372e+01 3.514096457602494894e+01 3.015496364804370799e+01 1.552485449512797899e+01 1.961783503760649694e+01 2.411507897370571385e+01 3.036385047565842754e+01 3.703881647157706425e+01 5.760885970566054226e+01 7.284315867976650338e+01 6.130160382149875176e+01 4.302623402763551752e+01 6.130160382149875176e+01 5.705948645886007853e+01 3.958761452098048039e+01 1.965266310772471314e+01 3.958761452098048039e+01 5.368332157421682638e+01 6.521026945668138808e+01 8.089953124426871511e+01 6.950825229338705924e+01 4.880885432958547199e+01 3.869193870798022061e+01 3.199827829867928841e+01 2.620836591821565875e+01 3.284175579931977040e+01 4.089625823228480073e+01 2.151747428829451181e+01 1.002441963830438176e+01 2.989008318938135744e+01 1.813905612333014616e+01
3.570144096117336829e+01 1.703332188093483524e+01 1.278357373421364862e+01 8.725378538778684856e+00 2.769734238718413977e+01 3.557160028277709074e+01 3.961282322842755832e+01 5.099714306485038406e+01 4.394476080200170998e+01 2.692889158078835621e+01 3.369392780907686102e+01 3.829426237165338165e+01 4.053682452293469396e+01 5.760885970566054226e+01 5.155139593578364554e+01 7.223287089248104564e+01 7.129673545486933506e+01 6.301465731215416355e+01 7.129673545486933506e+01 5.481709620586678255e+01 4.220955602578114707e+01 2.228740011829724565e+01 2.746382230184375217e+01 4.741181424040635051e+01 5.267291504789552192e+01 7.263084831964901866e+01 7.813268215150327478e+01 6.776514339989090274e+01 5.915855331148627982e+01 5.233634844365091965e+01 4.646525330715253688e+01 5.321475646211458610e+01 4.886079648062171543e+01 3.794047397016684187e+01 3.000673933479571076e+01 1.147991795228683642e+01 3.146875426903745421e+01
2.429659958690552912e+01 3.690260004262371751e+01 3.160428071042826303e+01 2.833012142969815272e+01 9.701240219754170724e+00 2.780736319521415112e+01 3.831860285592711080e+01 5.043240766215358661e+01 5.568397426724102672e+01 4.718751125799757062e+01 5.410768256260526243e+01 5.881560037600078061e+01 6.107049419634176957e+01 6.956644961529720206e+01 7.223287089248104564e+01 8.069972248827953365e+01 8.097949906261129627e+01 6.107544875925670169e+01 5.937798073714345293e+01 4.656379482855597018e+01 2.667402451914808736e+01 2.760350150752354992e+01 4.741181424040598102e+01 3.638182369321559406e+01 4.790075194075870968e+01 6.785702183816958666e+01 8.027189990112739792e+01 7.038360641529087047e+01 6.219285312654753284e+01 5.557624526362336326e+01 4.983253881667866381e+01 5.642505262314919889e+01 4.858990244568806105e+01 4.257280991465421494e+01 3.253173841835184987e+01 1.253576554246093266e+01 3.249603140642427235e+01
4.484767340626346055e+01 5.200732388307530840e+01 4.428449779654158647e+01 2.397441283775946630e+01 2.962550560933988208e+01 1.068080654295498633e+01 2.221376810027243565e+01 4.209873114045552711e+01 5.725978981167799731e+01 5.604453123358254629e+01 5.971057450617186646e+01 6.365206907539407410e+01 6.109524933086419907e+01 6.928486012844521724e+01 8.067667702479538150e+01 8.193556461479353459e+01 7.200235958842478112e+01 6.107544875925669459e+01 4.119411455643923858e+01 3.128089637210143437e+01 4.656379482855597018e+01 3.513261123263456653e+01 3.910812878672209081e+01 5.633526404087866268e+01 5.633526404087866268e+01 7.612565535052532084e+01 7.208212386475889843e+01 5.230358238833607487e+01 4.234302953777510936e+01 3.567946248391513109e+01 2.989924943297545568e+01 4.211352428217890775e+01 2.900091032265978797e+01 3.433270028641758387e+01 1.432331726280375150e+01 3.253173841946119182e+01 1.530999606907669985e+01
5.392138314608538252e+01 4.823884646804074094e+01 5.279105544488068347e+01 4.442240461660917816e+01 3.129678945193448669e+01 1.137525145829614459e+01 3.129726483341268661e+01 2.941735077812078814e+01 3.856832152724588525e+01 3.627203867884513500e+01 3.996531615281996608e+01 4.394112261704991340e+01 4.138291044905399474e+01 5.277253838552184817e+01 7.246428391055670204e+01 7.369662103043403079e+01 5.384021808254927066e+01 4.393307011605729429e+01 3.646734865463408681e+01 5.113478185526166442e+01 5.937799663250483206e+01 4.327230420888014351e+01 5.905107653527817035e+01 5.320827340875474221e+01 7.315685108560693095e+01 8.456269374237520253e+01 8.027189990112739792e+01 7.038360641529087047e+01 6.219285312654753284e+01 5.557624526356283923e+01 4.229846744738976838e+01 2.231574246096790759e+01 1.743670368035733276e+01 1.613620547952903195e+01 3.431557213989283639e+01 4.257252121387542587e+01 3.532007232376819417e+01
3.412706648399088749e+01 2.828591028321790546e+01 4.070080335580770026e+01 3.974565896667425591e+01 3.205069721643764069e+01 1.213099035820680704e+01 1.387115225502381222e+01 1.563582729690285333e+01 1.892718447740968557e+01 2.229227594371988985e+01 2.590167665399783203e+01 2.988445733554721073e+01 4.971432517109395377e+01 6.534839084968753298e+01 7.520041417706369202e+01 8.193556461479343511e+01 7.200235958842478112e+01 5.262868364980190705e+01 5.627136216103701116e+01 4.319416897997435001e+01 6.288635465992947360e+01 6.321636447834168848e+01 5.737306453117513882e+01 7.315685108560693095e+01 8.142580752278637135e+01 8.180126416226049457e+01 7.036667667691266104e+01 6.149025852514851209e+01 5.327773961467784858e+01 4.956864172043290750e+01 3.938367110457122067e+01 1.937688665721972114e+01 3.745350148328982698e+01 2.772096157666951299e+01 4.438945523330505694e+01 5.329701274364786201e+01 4.032210106073771527e+01
5.396863047426410986e+01 4.070080391767581318e+01 2.074165739844817224e+01 1.943022634881302935e+01 1.320098804888785970e+01 3.203846798005458396e+01 3.344714391689329602e+01 3.520006789926039659e+01 1.855045429282413494e+01 3.818439705301072706e+01 4.574856842823646019e+01 4.971432517109395377e+01 3.744137973981739975e+01 4.733468416427114533e+01 6.123109600665438279e+01 8.094913591646795226e+01 8.071777036076488798e+01 7.247942284705692373e+01 6.986114371746295149e+01 5.012471559185077297e+01 5.340898160042397791e+01 7.273578932227046323e+01 7.147776148039966415e+01 8.559322139576023858e+01 9.171474924332756018e+01 7.359352323941729423e+01 5.379240644985018349e+01 4.229700202967233480e+01 3.335914146429774263e+01 4.133988855593115375e+01 2.134820244509797504e+01 3.938367110520523795e+01 3.573094813345086607e+01 4.767102815087606871e+01 5.588987681370503680e+01 4.506108430293667766e+01 2.506386594691195313e+01
5.139956163752167839e+01 4.889513548271663979e+01 3.419367364008707000e+01 1.427623384809748686e+01 3.311861540585342567e+01 2.948362738075336509e+01 4.930465375272553530e+01 4.637963715021380295e+01 3.239107139485654585e+01 2.151371906256909128e+01 4.127908635042261665e+01 5.266980138435825864e+01 5.717053017440148466e+01 4.801307168199450359e+01 5.783843921749416239e+01 7.173492553395281845e+01 9.146155010509495753e+01 8.384097659344025999e+01 6.407050734303881256e+01 6.407050734303881256e+01 6.236213077169503549e+01 8.058210409010386854e+01 9.143580968338167736e+01 8.612935474164902416e+01 7.248244914612295986e+01 7.362537641024132995e+01 6.537521294004427830e+01 5.362963380936593438e+01 4.331844069940874675e+01 2.334197204480470589e+01 4.133988833460735890e+01 4.956862222068823343e+01 5.563642462519010223e+01 6.384995037475929536e+01 6.253671170975267302e+01 4.268299018251079247e+01 2.855703058861714894e+01
