LEM/with_lateral_4open/elevation_000397.asc
nrows	100
cellsize	150.0
xllcorner	0
ncols	100
yllcorner	0
NODATA_value	-9999
[rows 0 to 16 of 100, columns 0 to 36 of 100]
8.271705653423140625e-02 2.127631151761726416e-02 9.425194436011796739e-02 4.939197167322698090e-02 3.975871534419905817e-02 6.171646774684565184e-02 1.696294146011132625e-02 1.936121709489252440e-02 4.216450047424835645e-02 2.297044857093000214e-02 6.704298068806634203e-02 4.162315340452049650e-02 3.835349583220235004e-02 2.777463300387698203e-02 2.207885817162396139e-02 7.161913568127860341e-02 9.025521335945362045e-02 3.502399586135773735e-02 8.040414306008919487e-02 3.131346976591601466e-02 7.604099264847130613e-02 2.387740603804927586e-02 5.687112022313325910e-02 4.074439634684711570e-02 8.709178300582484655e-02 7.612946965408906586e-02 1.077918208624280109e-02 9.929772718869623455e-03 4.600412614040166881e-02 2.152795518990661267e-02 2.378824418737431057e-02 9.511189423522797837e-02 9.406546861214974686e-02 1.749038473908382007e-03 2.223905489293687143e-03 6.269637160239108220e-02 9.476101746191394060e-02
7.813061968023242432e-02 2.002127631151726206e+01 2.009425194435976181e+01 2.004939197155784925e+01 8.984030625343278231e+00 2.006171646774648920e+01 3.865964512801042474e+00 2.001936121709453786e+01 2.004216450047389131e+01 2.002297044554400429e+01 9.014487080769718830e+00 2.004162315273202566e+01 2.003835349302970315e+01 2.159781354137335629e+00 2.002207885817126964e+01 2.007161913568092260e+01 8.281910774900655525e+00 2.003502399586100324e+01 1.422253976679091458e+01 2.003131346976556060e+01 3.668146755676111592e+00 2.002387740603769473e+01 1.419900674395395868e+01 7.661695791473754014e+00 2.008709178300327025e+01 1.423203495257081386e+01 2.001077918208588713e+01 5.166085103538970102e+00 1.207012744152771377e+00 2.002152795518955131e+01 1.416592386791844937e+01 2.009511189423487210e+01 5.867568160508431774e+00 2.000174903847355168e+01 1.414435952922011808e+01 1.420483199533346585e+01 2.009476101746155763e+01
2.526786264046545702e-02 1.416740348637154057e+01 3.416740348733062405e+01 2.898403062436812760e+01 2.312616624907447971e+01 3.142022772178221146e+01 1.142507140043698222e+01 1.035466032038420181e+01 2.917210137900947942e+01 3.714444433416070979e+01 2.319531323589670180e+01 3.737605810825255759e+01 2.430159587928771359e+01 4.304001312034489324e+00 2.430159587936482879e+01 3.646398908298397856e+01 1.988892866956751959e+01 3.661456396381981904e+01 3.422253976679020582e+01 2.730171378271633031e+01 7.319626304670257433e+00 2.663316473364837478e+01 3.419900674395324813e+01 1.697297026442319989e+01 3.669603948929064074e+01 3.443299930686173127e+01 2.708041432299611984e+01 8.041215873253019453e+00 2.375809899804915304e+00 2.277888218040518709e+01 3.416592386791915459e+01 3.189779505206411514e+01 1.189779505206375809e+01 3.189779505206411514e+01 3.414435952921940753e+01 3.420483199533416752e+01 2.732192392192697739e+01
4.163169627051844027e-03 1.414629879335787699e+01 3.414629879335716822e+01 4.898403060179749247e+01 4.312616625023614603e+01 3.970334548719129231e+01 2.142335345918413125e+01 3.034102420587304394e+01 1.742424234128239036e+01 3.739085028199272642e+01 4.326971795231859375e+01 3.879117701290661557e+01 2.650531543599259976e+01 6.486199218238830611e+00 1.549376606467654582e+01 3.488939581134754775e+01 3.988415281200518336e+01 4.815354544180674878e+01 4.521473500350960251e+01 2.529771634785062062e+01 1.116859214698336089e+01 3.114645534846444619e+01 4.722112628303726467e+01 3.408517778000912557e+01 4.748092375109696661e+01 3.613666314414707870e+01 1.708745426440316351e+01 2.396577369888461106e+01 3.588265589606938644e+00 1.808863266117737822e+01 3.816730325893040288e+01 3.896886286393006316e+01 1.896886286392935972e+01 3.896886286393006316e+01 5.148560800149693506e+01 3.151800188026517091e+01 1.997900139479440540e+01
5.883922493566802470e-02 1.420097484866649218e+01 3.420097484866577986e+01 4.693507539468487266e+01 5.521934664214707311e+01 4.970100510435796792e+01 3.556035742706683322e+01 4.272493198579761042e+01 2.276662577710022717e+01 4.272493198579761042e+01 4.465012577485753553e+01 2.465223251940242122e+01 1.048863922191429587e+01 1.026820026612010039e+01 2.991025099658282826e+01 3.355893482756195567e+01 5.379142468042229552e+01 5.914699796996893610e+01 3.938041874509784890e+01 2.529453306710002636e+01 1.575659706616289490e+01 2.988224625104533771e+01 4.984275166524094658e+01 5.756070046939983342e+01 4.450668589551060705e+01 2.835721942182994226e+01 3.613665854383391718e+01 2.518677421942432915e+01 4.840282520851390657e+00 2.518676528261997660e+01 4.065273614256913248e+01 4.725313411191153534e+01 3.051586824772207862e+01 4.725313411208429670e+01 5.975331561122818158e+01 4.822629704985171628e+01 3.604109475757784509e+01
1.256007409845548775e-02 2.001256007409810067e+01 3.060514377612900105e+01 2.693507539468416923e+01 4.596048283545786006e+01 5.596048283545803770e+01 5.555653412601206043e+01 4.874039461284235131e+01 2.878936213852935566e+01 4.874039461284235131e+01 4.759782535490823818e+01 2.760555328258968544e+01 1.344192446705195465e+01 3.025451391959086678e+01 1.593583298306637275e+01 3.582322983646854198e+01 5.004879581104837172e+01 6.152182807524537367e+01 5.319671097268602722e+01 3.570101629184535597e+01 2.178449023889510627e+01 3.206521024654478680e+01 5.201749540442079223e+01 6.237526076355614890e+01 4.476800077615459372e+01 4.681792178431904716e+01 3.642752784286522427e+01 2.640669574864948288e+01 6.126797910868000407e+00 1.238534282349389493e+01 3.242114422576225508e+01 5.129421487363701004e+01 5.051586824772278561e+01 5.880013949681644903e+01 6.008517763705532388e+01 4.332901811761731636e+01 2.337022023475845600e+01
9.594114293757748102e-02 5.259918937880821765e+00 1.060514377612935633e+01 1.767621158799495618e+01 2.767621158799513381e+01 4.767621158799583725e+01 6.285943600972636602e+01 4.289209617854587719e+01 4.030388878107256545e+01 5.702066387478647869e+01 4.805268136348838226e+01 2.806557006273798294e+01 1.650005723085092413e+01 3.651311727367709636e+01 3.582322983646854198e+01 2.196555139205200646e+01 3.341875322547437577e+01 5.326099097157313622e+01 6.353186501334363356e+01 4.804300674425594764e+01 2.810225086944414485e+01 4.806393821372223840e+01 6.026064020556039935e+01 6.890280387038846754e+01 5.328312790849157921e+01 3.818458969420537130e+01 2.812478246339255961e+01 7.997300067266742474e+00 2.640669551839684104e+01 3.242110295241926821e+01 2.314307913719640197e+01 3.468142432278109055e+01 5.454241822918084637e+01 6.333582544196946884e+01 4.341033898448411321e+01 3.189096864731448733e+01 4.332901811761731636e+01
7.711341127313005306e-02 2.007711341127277649e+01 3.060514377612971160e+01 3.767621158799565961e+01 4.596048283545786006e+01 5.596048283545803770e+01 7.114923157102717255e+01 6.285943600972636602e+01 6.026487589821547175e+01 6.855353271842244567e+01 5.633232803118444565e+01 3.975787189237852459e+01 1.975586095203242110e+01 3.975787189237852459e+01 4.661123744644547884e+01 2.679490003980182067e+01 4.079012839077827124e+01 6.066463787668994456e+01 6.219794616883072536e+01 4.221295176023076579e+01 4.221294548571540872e+01 5.639028307363540193e+01 6.706431232404295883e+01 5.667744589409900158e+01 3.899063967877321346e+01 2.413490170023339587e+01 9.853087949802580070e+00 2.816751503960422198e+01 2.794897499327013790e+01 4.708767468877828577e+01 4.307552129603872970e+01 5.129390178482112361e+01 6.275776586812609992e+01 7.158939795594974953e+01 6.008517763705532388e+01 4.186886051032404765e+01 6.008517763705532388e+01
2.297228869525369793e-03 1.469978728477104823e+01 3.622254626386160936e+01 4.936361664624833168e+01 6.076821437610062304e+01 5.381147627816574897e+01 6.055553029534263487e+01 6.228978566938322814e+01 7.069182110057337809e+01 6.360787714374600910e+01 4.362441333501427465e+01 3.209380398858090899e+01 2.314775192091152789e+01 4.313660524127897133e+01 5.486231837722733928e+01 4.661123744644547884e+01 3.522953641080356846e+01 4.923686586785968444e+01 6.915980964956901289e+01 5.633081332966354893e+01 6.220462329944988511e+01 6.522930316894867531e+01 5.523084867680292831e+01 3.877884424290411403e+01 2.838120543462236611e+01 1.418996052929903584e+01 2.994264061860631188e+01 1.186740265674737138e+01 3.190911984467963691e+01 2.983837844951997198e+01 3.686642745876132921e+01 4.566963544127472119e+01 5.682055228736512476e+01 7.569364072990161674e+01 7.004801229433492438e+01 6.179480397894482735e+01 7.004801229433492438e+01
9.647730019007895452e-02 2.009647714866715873e+01 2.446620007482703585e+01 3.965937277499594416e+01 4.638592174123774470e+01 3.223167866432611817e+01 4.022085474617004053e+01 4.195038280943265363e+01 6.228978566938322814e+01 7.189011836684316847e+01 6.035069258479432364e+01 4.691195708458130298e+01 2.693467272728622675e+01 4.105974445275610663e+01 6.104044819041213543e+01 6.333705384207619460e+01 4.923686586785968444e+01 4.775161360672311162e+01 6.766906042524610143e+01 7.637555052464689709e+01 7.108325292825544750e+01 5.109008605677486514e+01 3.694940393754206553e+01 2.693820568220247580e+01 1.874777025981844858e+01 3.416155853758904470e+01 1.414244467475510092e+01 1.517562721899647826e+01 2.042784367314857619e+01 4.034879889137218356e+01 5.624328192899598378e+01 6.411119880836641016e+01 7.263798420518504884e+01 8.355008429613104681e+01 8.518104760362375316e+01 6.534431826148319544e+01 6.534431826148319544e+01
3.582433992925927735e-02 9.817537693300815604e+00 2.573878775888681503e+01 2.894587975737898233e+01 2.619337905236859143e+01 1.989019055036954597e+01 2.757029569716085859e+01 4.195038290216430710e+01 6.228983044659219104e+01 7.149552230590938962e+01 6.511971368393778903e+01 4.513545728029934168e+01 3.101677388322506701e+01 5.098871179768476480e+01 6.485988114340382538e+01 7.314275474067895288e+01 6.915980964956901289e+01 6.182012495168029176e+01 7.594594045014407868e+01 8.078908666022272200e+01 7.250357057877408806e+01 5.797533451630250312e+01 4.403500194043263605e+01 2.402014973557443511e+01 3.877884424290406429e+01 3.575282572018630134e+01 1.575260272887414814e+01 3.500604377767568565e+01 1.992858153524008102e+01 3.967411525941479056e+01 5.262349525124076166e+01 6.479839900778360118e+01 7.290612318466153852e+01 7.813730298957702303e+01 7.934680720077619753e+01 5.954429743584875467e+01 4.563039847543852545e+01
1.813270376062421294e-02 2.904963009164509113e+00 5.822843981256551338e+00 8.840239082411793348e+00 1.196977224299364373e+01 3.210763614342028660e+01 4.267808752147237783e+01 4.850610967554980846e+01 5.490363494249712062e+01 5.117470010333708075e+01 7.149552180331446039e+01 5.926881705141082080e+01 3.994423773446024484e+01 3.856167617660425861e+01 4.487368830958897092e+01 5.900328462509772720e+01 7.899895588724554329e+01 8.178963977833532795e+01 7.756488956137987145e+01 6.928017395820914714e+01 5.251089988801702901e+01 4.969252196944822231e+01 2.969016808306428601e+01 4.403500194043263605e+01 5.231829174799779025e+01 3.736826860980844600e+01 1.737011980339108064e+01 3.736826856150601373e+01 3.967411525941474082e+01 2.487003139652761163e+01 4.453367689762916370e+01 4.540076530587720072e+01 6.167710061778291930e+01 5.871290105030765005e+01 7.813730272827640988e+01 7.357534927168498484e+01 6.534431826148319544e+01
2.372884694381488524e-02 2.002372884694303323e+01 2.589980807121369111e+01 2.894587975737965380e+01 3.210763776871318953e+01 1.789512672306002727e+01 2.251081215722796003e+01 2.831718401280983954e+01 3.467295539566743656e+01 4.631714940801508362e+01 6.663302198786506381e+01 6.820595774867140904e+01 5.147465492120006303e+01 5.009084460571357056e+01 6.485988114340382538e+01 5.900328462509772720e+01 7.899895588724554329e+01 8.082375823872666842e+01 6.082968376312008019e+01 4.928910274151721183e+01 4.173279006335191355e+01 3.618503412227769189e+01 4.383661318122485540e+01 5.797533410356773942e+01 4.889721853264490647e+01 2.892851333756378196e+01 3.736814729253934786e+01 1.973517445540384330e+01 3.973101901238855760e+01 4.453367689762916370e+01 3.013083180659243610e+01 3.407272248903777268e+01 4.287235587603248632e+01 6.227734392086631487e+01 7.695638230329394958e+01 8.670209729366001739e+01 7.857887619218817576e+01
8.175220331382776484e-02 2.008175220331347077e+01 3.382898228629125015e+01 4.211331647155723346e+01 4.643730833969400607e+01 3.212953955623638080e+01 3.674902617271462901e+01 3.896184398115138237e+01 5.490364723782168710e+01 6.330934131404696075e+01 7.503224394267442676e+01 7.974884924602365288e+01 7.146573375465004574e+01 7.008103224991660340e+01 7.836411267627457278e+01 7.899895588724554329e+01 8.728222485626011462e+01 8.911047314672336483e+01 7.756488956137987145e+01 5.805542241135471215e+01 5.586851729974395653e+01 5.032402891380640853e+01 6.382993637720546332e+01 6.519469263076092602e+01 4.523450000152700312e+01 4.889712318239924826e+01 4.141325195288199268e+01 2.141949840051418263e+01 4.141326502813443966e+01 5.665224493916914383e+01 4.400064304874657495e+01 5.359916997066154210e+01 4.152175453604793631e+01 4.949188870585216193e+01 5.913919369429655859e+01 7.852913589677456230e+01 7.023427303880548322e+01
9.124702163186203252e-02 6.757913688298499366e+00 1.382898150016403704e+01 2.797111712671858186e+01 4.797112035955802867e+01 5.234803844309340803e+01 5.699210847704943461e+01 5.921348011233887831e+01 6.761066875733966697e+01 6.826003047186532058e+01 6.826003047186532058e+01 7.654307785956648047e+01 8.290617901294567105e+01 7.943905874757733443e+01 7.133238439782036266e+01 7.943905874757717811e+01 8.279200228864569056e+01 9.089496021070685572e+01 8.633521150664292065e+01 7.804871119225713016e+01 7.586127092213254741e+01 7.031627874342071038e+01 7.389489171738362927e+01 6.561828192241856073e+01 6.519467724001997055e+01 5.384614591314014120e+01 4.311920303194305859e+01 2.315251441268928900e+01 2.603971122929373294e+01 5.392562386328268076e+01 6.343857148004652657e+01 6.902863168678047145e+01 5.525905247282864252e+01 5.525905247282864252e+01 7.464720935865933882e+01 8.670234220200811137e+01 7.857887619218817576e+01
2.239863785106879432e-02 2.002239863785071350e+01 3.382898085148083567e+01 3.382898232816938133e+01 5.382899362261112230e+01 5.090506662154712814e+01 5.678986073320096040e+01 6.144872835736544658e+01 6.240076916005932617e+01 4.825846046055212213e+01 4.825846046055212213e+01 6.826003047186532058e+01 6.327620248307635364e+01 6.327620248307635364e+01 5.159884943165967996e+01 6.893659009819468508e+01 6.319749045664036657e+01 8.279200228864569056e+01 9.564615829369550681e+01 8.882829191266317537e+01 8.054117763818696574e+01 8.216760568571444878e+01 6.561828192241779334e+01 4.567024478466406379e+01 5.151288959095075626e+01 4.557755781093180047e+01 2.562466041860785637e+01 4.311920302996431786e+01 4.953875794553730572e+01 5.937426307295370975e+01 6.764384745153786582e+01 7.591711190471876591e+01 7.464720935865933882e+01 7.464720935865933882e+01 8.279821090073230039e+01 8.131773416072304883e+01 7.148179704396734735e+01
1.766589122093755945e-02 2.001569209522523352e+01 3.456821201351548467e+01 4.280954503466678318e+01 4.504072500164588888e+01 3.086555441358250107e+01 3.673499156532611210e+01 4.144623004659706567e+01 4.468660895005297107e+01 3.411236031205400110e+01 5.411678468248828722e+01 6.798463171054225995e+01 5.984679817082985664e+01 4.344768015537869132e+01 4.161574666468986550e+01 4.917025300314116976e+01 6.893659009819468508e+01 6.792189642891275980e+01 8.754179483527080663e+01 8.054117763818696574e+01 6.057092140693684712e+01 6.642007403503644980e+01 5.393069214632372166e+01 5.151288959094917175e+01 3.156150602583708320e+01 2.904752004269570165e+01 4.557755781092608771e+01 2.929292428097557277e+01 3.519960441769885762e+01 4.128959484422985327e+01 4.777750505624629795e+01 5.766894101484078305e+01 7.176298884688372937e+01 9.175582126825781870e+01 8.710322187574968211e+01 6.740447564129632951e+01 5.348724818284311766e+01
