LEM/with_lateral_4open/elevation_000533.asc
nrows	100
cellsize	150.0
xllcorner	0
ncols	100
yllcorner	0
NODATA_value	-9999
[rows 51 to 67 of 100, columns 0 to 36 of 100]
6.455108993161302877e-02 2.006446709454572641e+01 2.089157076908086097e+01 2.123901247315645691e+01 6.462557780937117080e+00 2.316255007225820606e+01 2.377665100409657839e+01 1.542128052968553931e+01 3.121142390461195149e+01 4.399396679198528659e+01 2.651134009007408920e+01 4.668983383631421447e+01 6.089134566968834861e+01 4.671923008397136101e+01 5.267647183968811220e+01 4.281993287007176718e+01 2.263596331109014415e+01 3.379338334152576095e+01 1.476188029390077183e+01 3.494165910857319801e+01 3.910484330227870231e+01 2.332371984200773340e+01 4.350980973260374185e+01 4.653421455236902204e+01 6.076835119693242859e+01 7.205254515220418909e+01 6.353078908802459779e+01 5.588779313523125580e+01 7.221305470610927557e+01 6.354202592744163525e+01 4.374524070282737398e+01 6.354202592744826461e+01 7.824174019741624875e+01 6.667181116779374861e+01 4.665635277645696277e+01 5.882824916129084158e+01 6.028056193286352737e+01
3.995603441288197999e-02 6.389099030807597890e-01 1.238139291257360330e+00 4.435559935528763376e+00 2.847561900350012998e+00 3.374655416589351198e+00 3.883231167914442228e+00 4.397347503528212798e+00 4.992091363345340760e+00 3.264920865904996106e+01 2.175332096016154892e+01 3.538643772067688786e+01 4.379710920103371308e+01 3.245813266063544944e+01 3.245990598659714266e+01 4.101204851076110458e+01 3.266074453033631642e+01 1.362390693540551823e+01 2.145794391393781808e+01 4.154708873406273284e+01 5.063290774542416273e+01 3.048555611214415251e+01 2.847605004489059510e+01 3.229965850441579533e+01 5.243348141283634334e+01 6.683743052482228109e+01 7.584351958175813024e+01 7.529196542782099755e+01 8.347581896570159188e+01 6.933733453129944735e+01 4.926179663647688045e+01 6.933733453129944735e+01 7.608021256283151956e+01 5.612197928316308548e+01 6.667181116779374861e+01 7.491194607212314338e+01 7.089731465017463563e+01
4.804567899273937126e-02 1.450251844765002751e+01 2.106721194342084402e+01 2.067691916751265513e+00 1.741736781539515633e+01 1.724965667396050861e+01 2.375484135304004951e+01 2.437928612450018662e+01 5.145735334166685604e+00 2.525239814304909203e+01 3.538642613401537318e+01 1.521647014651344598e+01 2.945660036996738640e+01 3.008702625618059301e+01 1.818745788256400786e+01 3.153399364874975319e+01 1.250102225061711536e+01 2.066367019720561160e+01 3.004847856786713578e+01 4.786537085095643107e+01 5.896611934257152399e+01 3.950019176368309815e+01 4.272986942492102713e+01 5.243348141283647834e+01 3.837092534001067889e+01 4.736376532751310009e+01 5.900077109422244348e+01 7.326045996314070408e+01 9.336348869681962981e+01 7.607928068006793865e+01 5.585344223376235107e+01 7.607928068006793865e+01 8.359674415405257264e+01 6.370987084192093874e+01 8.359674415405257264e+01 8.694769514113482956e+01 6.705915271870846084e+01
9.707512844716031930e-02 1.355837208216154544e+01 2.945618714676072258e+01 3.466939743901014026e+01 3.662212826648667630e+01 3.718719048493569090e+01 3.083975582733798149e+01 1.184685323056776518e+01 5.728270061559245008e+00 2.586987971218543692e+01 3.482541810821629724e+01 2.625384490588506381e+01 9.288171589288770846e+00 9.940066929055033640e+00 1.059096760131387960e+01 1.138243842176910725e+01 3.090539766107530895e+01 3.942934872019596781e+01 4.744359722107446942e+01 5.672605143802518768e+01 6.796765603473843953e+01 5.112454812813469829e+01 6.286921279783357619e+01 5.850375922884381907e+01 5.850375922884381197e+01 4.657879750695417442e+01 5.665349007486006627e+01 6.830424503225125932e+01 8.842444383461970858e+01 8.434132337483745800e+01 6.604461520246961470e+01 8.434132337483745800e+01 9.181955986454369167e+01 7.779327213170961386e+01 9.181955986454369167e+01 8.227166531945306360e+01 6.235820887363893661e+01
5.001202446392439237e-03 2.000500120244603863e+01 3.548552419347116427e+01 4.500313472410016402e+01 5.652881438957226834e+01 4.120024321250610200e+01 2.170108404750125786e+01 3.067629890758129463e+01 1.896194863811546938e+01 6.613176028946406326e+00 2.675092371702336180e+01 8.381383259788830031e+00 2.809107180297393214e+01 2.560436595497363754e+01 2.791969940579713594e+01 1.095806939172037353e+01 3.212891758577216450e+01 4.210487549126131057e+01 4.704776291759439744e+01 5.539347651882071943e+01 6.703062129957831417e+01 7.127050216770577151e+01 7.958768162682230241e+01 7.863985808315170800e+01 7.505893928888757216e+01 6.083135392659622909e+01 6.083135392659622909e+01 8.097320615074409034e+01 9.672996550952845496e+01 9.434812535493141183e+01 8.611394615766630523e+01 9.434812535493141183e+01 1.002025837631417744e+02 9.760756501924578288e+01 9.629975478450054993e+01 7.646104040884723929e+01 7.646104040884723929e+01
5.279685921607564503e-02 7.643443383113936562e+00 1.667637558412058141e+01 2.829678027039648214e+01 4.825834985521328235e+01 4.945570402631989992e+01 3.124186928580692069e+01 4.568231521971658537e+01 2.995022918359650888e+01 7.866700150384241752e+00 7.488969073064765780e+00 2.755498116532633901e+01 3.665288392999023159e+01 4.713227463190023059e+01 3.972293703749780036e+01 2.610626261602985210e+01 1.348621580507473183e+01 3.376686178991916876e+01 2.689458345215938806e+01 3.852555452382979695e+01 5.868950277972110285e+01 7.353996059013647368e+01 6.519788411018467400e+01 7.353996059013647368e+01 8.362010065900500422e+01 8.097320615074409034e+01 8.097320615074409034e+01 8.928652465117906445e+01 9.409651636749192960e+01 9.997841384588174662e+01 9.323873064824886114e+01 8.496715616523729864e+01 8.021520677808274513e+01 9.433999383347266132e+01 1.045394613687835204e+02 9.629975478450054993e+01 9.629975478450054993e+01
5.738623160518319517e-05 2.000005738623125140e+01 3.240010275894658776e+01 4.068437400640878110e+01 4.962864591640809664e+01 5.941718102149479108e+01 4.530955067115605317e+01 4.081159547440621083e+01 2.068753725861217418e+01 3.008821553378989933e+01 2.763096403048643168e+01 1.228685555763974868e+01 3.244155356702838588e+01 4.644647573030258769e+01 5.371161224538590062e+01 4.178646138484081973e+01 3.377458300002663805e+01 1.538689219817779374e+01 3.541245853858361414e+01 5.123761523214586333e+01 5.953209167594013707e+01 5.511547630476370330e+01 4.503306849934151757e+01 5.510915905666796277e+01 6.938287296006041061e+01 8.953948917519630868e+01 9.327274799961382712e+01 8.817750253688205930e+01 7.394799603007312783e+01 7.984936100602806164e+01 8.165231677276669586e+01 6.485792870461452253e+01 6.596948544916935475e+01 8.606937395887463538e+01 9.510176141377671399e+01 1.050904004331938921e+02 1.019932437644310426e+02
4.532054705376769438e-02 6.075547438609066653e+00 1.240010275894588077e+01 2.134437466894519631e+01 3.548651029267664825e+01 5.548651029267735169e+01 6.527951273360962148e+01 4.917283213830327071e+01 3.232541697648496637e+01 4.917283212873483933e+01 3.957041005573268677e+01 1.940707066729737562e+01 1.797955616158678893e+01 3.814198018448981031e+01 5.264159826796466746e+01 5.065983688636295312e+01 3.067024456550291234e+01 1.655453873140789511e+01 3.658682592543416945e+01 3.107703986735078772e+01 4.793339116723272042e+01 3.496493598273119119e+01 5.511547630476370330e+01 7.163299769399122852e+01 7.506005977246969962e+01 8.335410086210755765e+01 7.329306683669241806e+01 7.695940664207547854e+01 5.965612177640995384e+01 6.819078890099748946e+01 6.698004839532049459e+01 5.319111751975383839e+01 5.957724798592953164e+01 6.673509393971166048e+01 7.683826289479091542e+01 9.683580218261656114e+01 1.041918123919897710e+02
9.001595176218035732e-02 2.009001595176182420e+01 3.240010275894658776e+01 4.068437400640878110e+01 4.962864591640809664e+01 5.460298369401655805e+01 6.046008069116639660e+01 6.079582929755282805e+01 5.240393088362417728e+01 5.380341359813908042e+01 3.367555970301766877e+01 3.367555970301766877e+01 3.814198018448981031e+01 2.420925195219415826e+01 4.435652258519614577e+01 5.396999175225661816e+01 3.996743208834543282e+01 2.019188822052576526e+01 1.824265172911842470e+01 1.944024353496860513e+01 3.960531306999876477e+01 2.886356401670475691e+01 4.313518232414774900e+01 6.080364695288705690e+01 5.489824420832923835e+01 7.505993806322487671e+01 5.906603468931778167e+01 5.686510515658001452e+01 5.859406811719934893e+01 4.800882966879964897e+01 4.682774926962569140e+01 6.698004839532049459e+01 7.972992398953154236e+01 8.683703253870314143e+01 9.510176141204759404e+01 1.050904004310211093e+02 1.125028142735044554e+02
5.674351268809080251e-02 2.005674351268773492e+01 2.746055109592684218e+01 3.138285201226998211e+01 3.574717483841302368e+01 3.460343452844449530e+01 4.046116685836063454e+01 5.385683222372312429e+01 6.214058668961641985e+01 6.208533007588472685e+01 5.380341359813908042e+01 5.380341359813908042e+01 3.697025246611167404e+01 2.981338420603047368e+01 4.993216089047884054e+01 4.564238789604512192e+01 2.560356460950069746e+01 3.997085703413655722e+01 3.834744777967296869e+01 3.960531306999850898e+01 2.119283138941780464e+01 4.141394498519465373e+01 5.003073796390576433e+01 4.065117766845682468e+01 6.080118124205188934e+01 6.451426203425900496e+01 6.275058979847472074e+01 4.262743048084345077e+01 3.845582882133550839e+01 4.090863333308790573e+01 4.434908060912786709e+01 6.451357951549634606e+01 6.964274703087801299e+01 8.980930322318110370e+01 9.610996591782229359e+01 1.043889383736360656e+02 1.136376184637227453e+02
9.518805923843161321e-02 3.746671775939531379e+00 7.460578539480553495e+00 1.138290124224420019e+01 1.574725904696401102e+01 2.046130425487424631e+01 2.678585957519322136e+01 3.385692738589566630e+01 4.540393144851186236e+01 6.540370941833212726e+01 7.122366983119820816e+01 5.120242945643290966e+01 5.598271416252839572e+01 3.589713304648871883e+01 5.208323404444144700e+01 3.172685965561285570e+01 4.564238771163773833e+01 5.405130662622575954e+01 5.305910848332601404e+01 3.288909359466772031e+01 4.141394488286080389e+01 2.308348749748013518e+01 2.987261649713818557e+01 4.691691016928338342e+01 4.857830382985715545e+01 4.435271380850373646e+01 5.196294037762989149e+01 3.503614206135931397e+01 5.516580239743136360e+01 6.105538878563882577e+01 6.451357951549812242e+01 4.944924378084812844e+01 6.964274703087886564e+01 7.966970577265412601e+01 7.597317578728814169e+01 8.527035532131972673e+01 1.006962007011097597e+02
9.062254805971975413e-02 2.009062254805936476e+01 2.746055109592684218e+01 2.292990650409529962e+01 3.574717483841302368e+01 3.200830917424048749e+01 4.678465694584796353e+01 5.385683222372364298e+01 6.214058668961641985e+01 7.368717080615421366e+01 7.943753723634749520e+01 7.122366983119820816e+01 6.265775136707405579e+01 4.261063955977702022e+01 6.045464122653407912e+01 5.208323407899838742e+01 3.884659932175746633e+01 5.932258988833421398e+01 6.140442389993679484e+01 4.453759232755015063e+01 5.156305456250812824e+01 3.738129776303146201e+01 2.506540619412199788e+01 2.675066835986359237e+01 2.843830471291276396e+01 3.012921315195125160e+01 3.183894922710746300e+01 5.195030311866534589e+01 6.348750893176706001e+01 7.627091961697563249e+01 7.798546785470473708e+01 6.964274693524650672e+01 5.514703213780067870e+01 5.945451749617190274e+01 6.507420893665678818e+01 7.224217549638473201e+01 8.128409998205127351e+01
3.063233560239582431e-02 1.417276795933347167e+01 3.417276795933417333e+01 4.292979031324216521e+01 5.121324370024994010e+01 5.200798518945779847e+01 6.029020045887259727e+01 7.195217021512286237e+01 6.365934696484587363e+01 6.476637777907025395e+01 7.309177082729223685e+01 8.250037798437411141e+01 6.265775136707405579e+01 5.267334095677892947e+01 7.084777115524597946e+01 6.478185535720989208e+01 4.435515438923123099e+01 6.478185535720989208e+01 7.304081636780377096e+01 6.469971603064909971e+01 6.525615210108537667e+01 5.343717652705945653e+01 4.526613905375790381e+01 2.873563887337957468e+01 4.857884934972109647e+01 4.435262777316751936e+01 5.196293923937633252e+01 3.563608684724671605e+01 5.576736841484834173e+01 5.609167315970331202e+01 7.627091961697563249e+01 8.369536219812496824e+01 7.535979807452685009e+01 7.966970577265412601e+01 7.597338356858173825e+01 8.527185775530099932e+01 1.007205691921273996e+02
5.666595628964066211e-02 2.004478393859046292e+01 3.609834816243981948e+01 4.429430980276045915e+01 4.107578552284451945e+01 4.937918686346458230e+01 6.412930169470622843e+01 6.040456828458799521e+01 4.364223571085418740e+01 4.474469210843491851e+01 5.889383595761905354e+01 7.894420910502857680e+01 8.078769709076270544e+01 7.264216177736916791e+01 8.078769709076270544e+01 7.315367723539679901e+01 5.357378557323819024e+01 5.733754341436907254e+01 7.759172376982729702e+01 8.045967184855715004e+01 6.260387318763309850e+01 4.244552867471858804e+01 3.664296428331866196e+01 3.165876768956825771e+01 5.179015228923528014e+01 6.450815524533017253e+01 6.411403817094870305e+01 4.771311313982094759e+01 3.963221614139314397e+01 5.979463387891483706e+01 6.885526960574162558e+01 7.390579458766987386e+01 7.930763952959526364e+01 8.763669952670139196e+01 9.611645350569602897e+01 1.044257726086121352e+02 1.136935075524725960e+02
2.110006612196471329e-02 2.002110006612160831e+01 1.612673886162590264e+01 2.689394084066214674e+01 2.104918177245241395e+01 4.104291763951313499e+01 4.439923971787292345e+01 5.210303811959499853e+01 3.209480791804318756e+01 5.210357404509960588e+01 6.332301232908826449e+01 7.159102333611460267e+01 6.819120485197551318e+01 7.645664917956749207e+01 8.643621667249485085e+01 8.220889061369611284e+01 6.531079038021282201e+01 7.167476487059100521e+01 8.594920215208549052e+01 7.211822760401838650e+01 5.193523398984854111e+01 6.260387318763309850e+01 5.475829351068468043e+01 3.462738031370986391e+01 4.885119415000480814e+01 6.901929277914396721e+01 7.577591324237886283e+01 6.704158300851155161e+01 4.485362359140385280e+01 4.407580236603849499e+01 4.870325126961465401e+01 5.370369465995734259e+01 5.909578650043238923e+01 7.930763952959526364e+01 9.713369854943842086e+01 1.071845181531927125e+02 1.107017007878390871e+02
9.367352646185668485e-02 2.329741503961650473e+00 4.579917305813707706e+00 6.904870080690103329e+00 2.674933074756370033e+01 2.447247780920200100e+01 3.581365329509849715e+01 3.876262080043346003e+01 2.632130553264428130e+01 4.632596792260574148e+01 4.334206838619844859e+01 5.751268234134937529e+01 4.821351853611743365e+01 5.820973728226397981e+01 7.817267242168711050e+01 9.386685529928057292e+01 8.551329663711277362e+01 9.187652619236770590e+01 8.487728810084652764e+01 6.470344207403778114e+01 7.211822760401838650e+01 7.572199589081631643e+01 5.786568478118733339e+01 3.772748771770444876e+01 5.786568478118733339e+01 6.478298650640776657e+01 8.495454687921244386e+01 7.549054729613338566e+01 5.498700149725374331e+01 6.410539333238467918e+01 5.066066072496458617e+01 7.082775963609469727e+01 7.930763952959526364e+01 6.864270148122756154e+01 7.875650736000304164e+01 9.888087918100069373e+01 1.048724031602969404e+02
3.648181865326004941e-02 2.003648181865290567e+01 2.458054844840451025e+01 2.690582435774219761e+01 1.038642319980424666e+01 1.292642573980855580e+01 1.581317708575990189e+01 1.876201620887652766e+01 2.284449911371815389e+01 2.701478739029490583e+01 3.217876473676582094e+01 3.752398443321700938e+01 4.906965864186845039e+01 6.904606719959434713e+01 8.643621667249485085e+01 8.360687986175990716e+01 9.190073916905686247e+01 1.003635171223554892e+02 9.320672155938450487e+01 7.898012714472281459e+01 8.164591530135918163e+01 6.146509713819310861e+01 4.720166264353851915e+01 4.329584229702965104e+01 4.461575948920704349e+01 5.887089929302944569e+01 7.905602863948172399e+01 8.405724795615611811e+01 6.715628779254986114e+01 7.797036910559076262e+01 5.776801874059898978e+01 6.073041761893814083e+01 8.092510165325123239e+01 8.292853140961074132e+01 9.713369854943842086e+01 1.071845181531927125e+02 9.934963534454011835e+01
