LEM/with_lateral_4open/elevation_000141.asc
nrows	100
cellsize	150.0
xllcorner	0
ncols	100
yllcorner	0
NODATA_value	-9999
[rows 34 to 50 of 100, columns 37 to 73 of 100]
6.869662018523217739e+01 5.876678589472484049e+01 5.300954734842044758e+01 4.765930818534842928e+01 6.424753176146602129e+01 7.247051942214163489e+01 8.412650310138603515e+01 9.283167969088225391e+01 1.011472660388775751e+02 1.036635171075557622e+02 9.242091425218025336e+01 8.431530735186626657e+01 7.744617441763799093e+01 6.386225873606529291e+01 4.417900925280176949e+01 3.925304578684033174e+01 5.890706492136776262e+01 6.248924506182094518e+01 8.197685682106829574e+01 7.042767985362785055e+01 5.666184200951371253e+01 4.632843001751584211e+01 6.606331229505474312e+01 7.856827263202241340e+01 8.684375362310170487e+01 9.297326205822000134e+01 1.006129974251946066e+02 1.110081191528161071e+02 1.053006982985951367e+02 8.712922914570178534e+01 1.053006982985951367e+02 9.032962617044864828e+01 7.042626617298421365e+01 9.032962617044653086e+01 8.642867889783997271e+01 7.093995508859585186e+01 6.876135970951780507e+01
7.281909642718775899e+01 7.869121204430958016e+01 7.016844041766955797e+01 5.024876020067193849e+01 7.014980293929805555e+01 7.935947242906499355e+01 8.452629598726457516e+01 9.284874139631651246e+01 1.076562167696743302e+02 1.160315269369083637e+02 9.799562792640693942e+01 8.839429483609684723e+01 8.034703872590797857e+01 7.021921658746009598e+01 5.810398644378048516e+01 4.096832446235868019e+01 6.065065359163652658e+01 7.362313771127759310e+01 9.008287571454950182e+01 8.419351769774182515e+01 7.410943786526971166e+01 6.038572256800668470e+01 5.118398344261992605e+01 7.073161567076439837e+01 8.266240190499846108e+01 9.075491630685392863e+01 1.004333300589959492e+02 1.110871515545294983e+02 9.124002986143915450e+01 7.717130300158770240e+01 8.768074011502005760e+01 8.343530344722886127e+01 6.411317696117889398e+01 7.554066811335634668e+01 6.651327134826443910e+01 6.990832520819348872e+01 5.464372245897602198e+01
9.286775320698822611e+01 8.924088598116688331e+01 6.930317346533257705e+01 5.524537889026198201e+01 5.466459194580130543e+01 5.949951387221198473e+01 6.462990352341410016e+01 8.452629607856486871e+01 8.756924973369420684e+01 1.076562167696743302e+02 8.985512047176520412e+01 7.083895698005088093e+01 6.121891696285317153e+01 5.467446652908274274e+01 6.259991379173378334e+01 4.296870210722325822e+01 4.598163400498419406e+01 6.556449059170873284e+01 7.892827724720299898e+01 9.247976871690413248e+01 8.783315316253452920e+01 7.075021747143590289e+01 7.075021747143590289e+01 5.643157344538705900e+01 6.339367373860697086e+01 7.305864207792102150e+01 9.227995446290768200e+01 1.087489968232652302e+02 8.889925269948139430e+01 7.482250392299275177e+01 6.776785155647475278e+01 6.351091925711668296e+01 5.951444298542399736e+01 5.559273770794004577e+01 5.239018234590941603e+01 4.994850198734804536e+01 4.757892810670509220e+01
1.010075936947999935e+02 8.326674426772332538e+01 6.336721205262268342e+01 7.514279425987271566e+01 5.882312630934485753e+01 7.871078110532637595e+01 8.452629607856486871e+01 7.349279474410772650e+01 8.756924973369420684e+01 1.076562167696743302e+02 9.799562792640693942e+01 8.839429483609684723e+01 8.034703872590797857e+01 6.554382885482652910e+01 4.585036984631320678e+01 6.265595683920100356e+01 6.556449059170873284e+01 5.136196373899687018e+01 7.087536600160406408e+01 7.318634195165687117e+01 9.247976871690413248e+01 9.010126033163724912e+01 8.017436569978630700e+01 6.085709111945038785e+01 8.017436569978630700e+01 9.075491630685392863e+01 1.004333300589959492e+02 1.087487327761928526e+02 8.889925161963101630e+01 9.471310814851975124e+01 7.928046787850280452e+01 8.343530344722886127e+01 7.810248879371840758e+01 5.816244149256690577e+01 7.234635916103997033e+01 6.407317323072673787e+01 6.753953098305201763e+01
8.265513818583221450e+01 7.271985678334279157e+01 8.326674426772332538e+01 8.305064253445787870e+01 6.316289903161490571e+01 8.305064253445787870e+01 1.003065386566070742e+02 9.345258616506208682e+01 9.345258616506208682e+01 1.057888213817550849e+02 9.594514402479509840e+01 8.776446393834301318e+01 8.120295765542702782e+01 6.771765659851081409e+01 4.803315242281982478e+01 6.771765659851081409e+01 7.892827724722215521e+01 7.087536600160406408e+01 5.731990076828131464e+01 7.108252586471441248e+01 9.035311835863201679e+01 1.023569144851584127e+02 8.824558859569317804e+01 7.453223174787062533e+01 6.822779669288074444e+01 7.680638140692644811e+01 8.781439136138061485e+01 1.072950680241711723e+02 1.029331794915284206e+02 1.074067327508706029e+02 9.915572538880768150e+01 8.591442097336060613e+01 6.599782366194033045e+01 6.482228086276103340e+01 8.474259273701247253e+01 8.399562825599811333e+01 8.245859294272754880e+01
1.010075936947999935e+02 8.679582908624976767e+01 9.568413814757518310e+01 7.570882767397711177e+01 7.461205419951187423e+01 7.202655832911875677e+01 8.609252639000060014e+01 1.061571343671456589e+02 1.135757674869120564e+02 9.758223053856355023e+01 7.794669733812263246e+01 6.807994508959501445e+01 6.147104003312440312e+01 5.574566171592944386e+01 5.025635243528104468e+01 6.421084237002212092e+01 8.378980488666898907e+01 8.478354610722090001e+01 6.858908416301478894e+01 6.532925547871813876e+01 7.498259402792746187e+01 9.419712799256245717e+01 1.019589454435157165e+02 8.388207145932051390e+01 7.781221487120666325e+01 9.557472181665988842e+01 1.042569443618166503e+02 1.156085806434131200e+02 1.227887203887331395e+02 1.088466286798798563e+02 8.899363860418465322e+01 7.492080296656257588e+01 8.591442097336060613e+01 7.236621129436579736e+01 9.226279458030596459e+01 8.830450591750341971e+01 6.840611319062988116e+01
1.082826502382960712e+02 1.068601063237919959e+02 1.040286199416037221e+02 8.979957146112533906e+01 8.869556768411422354e+01 8.609252639000060014e+01 8.609252639000060014e+01 1.061571343671456589e+02 1.222077239454281710e+02 1.057888213817300738e+02 9.594514402478819193e+01 8.776446393834301318e+01 8.045615121945942860e+01 7.023766191198130571e+01 5.274607799149363530e+01 7.247664459570162876e+01 8.868618837026366464e+01 9.595607218050724896e+01 8.784301235097950666e+01 7.265271437517066033e+01 9.184317234277713737e+01 1.023569144851584127e+02 1.115471792423546304e+02 1.032856247847978182e+02 9.138066858485179011e+01 1.054645377201319576e+02 1.061648687750061839e+02 1.143759881302088388e+02 1.214043796854459458e+02 1.015488319520165845e+02 8.751169905381389924e+01 8.899363860418465322e+01 1.005029661405455386e+02 8.386928861826680759e+01 1.005029661405455386e+02 9.236327924489275176e+01 7.247943197744841370e+01
9.669352902266663818e+01 9.489742060403845869e+01 1.032981446699511139e+02 1.098907388506911360e+02 1.087793405750990416e+02 1.061571343671456589e+02 1.061571343671456589e+02 1.145205519136376040e+02 1.139248788011550459e+02 9.434828729958228166e+01 8.334232458875192151e+01 7.384587767488056897e+01 6.521984503583958315e+01 5.996292808645874572e+01 5.604553693001729187e+01 6.207930568898810009e+01 6.906500331544854987e+01 8.868618837026366464e+01 9.998294097518665069e+01 8.367438185977634646e+01 9.998294097518665069e+01 1.178680830451835249e+02 1.096382787194710033e+02 1.169567240596678914e+02 1.114059565237155169e+02 1.029113925084676282e+02 8.626565693786741917e+01 1.029113925084676282e+02 1.116394352451924163e+02 1.156210726065473011e+02 1.073643872389648806e+02 1.088466286798798563e+02 1.119785061401182560e+02 1.037285370983162522e+02 1.087204499223803253e+02 9.985299845692884446e+01 8.275768155545473803e+01
8.067372239027081093e+01 7.478207368302632574e+01 9.489742060403845869e+01 1.105837973988815577e+02 1.185415267568290716e+02 1.172380201610523187e+02 1.090713688267561849e+02 1.172380201610523187e+02 1.182402208854841348e+02 9.856783058390693952e+01 8.500465665366432688e+01 7.550438986423758081e+01 8.442424642042169580e+01 7.900042769060937076e+01 5.939962114356062983e+01 7.335855606183716304e+01 8.868618837026366464e+01 8.293505938633620644e+01 1.025706419622181187e+02 1.030019476607486411e+02 1.112341824528228358e+02 1.071013206410412124e+02 8.933055831089775722e+01 1.031345173435611855e+02 1.067375062414427873e+02 9.467754371732598884e+01 7.472320848214128830e+01 8.347962011592140641e+01 1.034049187302646686e+02 1.087990464642640092e+02 1.005382914488896517e+02 9.795137143936268842e+01 1.062117089759371851e+02 1.145273138399130914e+02 9.473073611996072430e+01 8.067910625055577611e+01 7.176386198660999582e+01
6.051420385314374784e+01 7.481183806865661268e+01 9.528171484242201927e+01 9.111060453392099134e+01 1.006052561692652318e+02 1.047168740223143715e+02 8.923765432747546811e+01 1.073383958827391638e+02 1.172380201487985687e+02 1.125526318992105388e+02 1.028129518471680512e+02 9.466719847737736870e+01 8.832719756387405141e+01 6.873222990000247989e+01 6.363403301972540049e+01 8.330067432613034839e+01 1.011678523781227312e+02 1.025706419622181187e+02 1.108037858892758010e+02 1.175851826226937362e+02 1.093770709548377766e+02 9.899887835937654756e+01 7.921457211420926114e+01 9.725483473136107193e+01 8.554430944235831191e+01 8.713598053768939167e+01 6.714277443553936564e+01 8.713598053768758689e+01 1.007959023554220721e+02 1.005382914488887707e+02 8.058411076873983347e+01 7.799326788016281853e+01 9.469157863728817404e+01 1.083319483889543164e+02 1.087204499223803253e+02 9.165186841974207255e+01 9.165186841974207255e+01
7.115674266217260424e+01 8.904010917648868428e+01 9.038864323694369318e+01 7.966702935314881984e+01 7.981437592219552357e+01 8.486350280584009909e+01 7.927674606431044424e+01 8.923765432747546811e+01 1.032782668468449145e+02 1.230571541948451255e+02 1.100641644444813920e+02 9.050063216224452844e+01 7.923361415460966839e+01 8.769123013131142841e+01 6.806707728508676780e+01 7.941159035225680896e+01 9.323545528190032883e+01 1.130463259551967354e+02 1.146654622656596274e+02 1.064696810072325803e+02 8.951513195802915845e+01 9.203334977948225060e+01 7.213211391954369844e+01 7.732710024300307339e+01 7.115507020202529986e+01 7.624254677180590534e+01 6.158377047928623682e+01 7.257968415606430312e+01 9.254862240504155579e+01 9.587683733939559261e+01 8.642855497694371536e+01 6.643149388226655105e+01 8.010492902007153759e+01 9.933662540537601160e+01 1.148171524588239123e+02 1.114663399515193305e+02 1.083943268281551866e+02
6.741279996707349653e+01 7.377237233607083056e+01 7.066573572890150956e+01 7.942576318151235171e+01 6.546391938751727935e+01 7.070773275395485769e+01 9.067860388335901689e+01 1.073383958827391638e+02 1.134413041919931260e+02 1.215959075393468822e+02 1.182677292205209625e+02 1.069318593153354300e+02 9.303188584263135397e+01 8.194742516074245486e+01 7.551469179422785771e+01 8.194745754064598486e+01 1.015639649462296461e+02 1.178998482186857046e+02 9.809513535531010575e+01 8.661827155335275563e+01 7.955163203030738828e+01 7.321118099878805197e+01 6.802843267178485576e+01 6.316399851037914459e+01 5.956880013329017487e+01 5.623995891212484821e+01 5.623995891364626232e+01 7.624405259999630857e+01 9.002426360201079092e+01 7.590561856671726559e+01 8.010492902007153759e+01 6.009998578987523388e+01 7.109175442778743559e+01 9.107300948413110575e+01 9.485996659551062749e+01 9.713261084001834433e+01 1.053999657499255420e+02
5.094350586941388315e+01 5.362099564841125954e+01 5.638234419400462372e+01 5.933093640240905842e+01 6.366847009136035496e+01 8.375858439970467373e+01 9.539433443657392786e+01 1.009021917934056347e+02 9.361522668378150058e+01 1.076525718702384893e+02 1.274165402720578157e+02 1.208129064275108675e+02 1.015608095435044049e+02 1.015613971925356083e+02 8.350324555811357641e+01 1.015639649462296461e+02 1.098138050472065004e+02 1.260580276458292985e+02 1.146654622656596274e+02 1.064696810072325803e+02 9.945220914828240666e+01 9.315986567334833524e+01 8.800957034465535855e+01 8.316379854096076940e+01 7.957613218262387988e+01 7.165490754469556123e+01 5.167097926487294046e+01 6.797625783922566711e+01 7.624556807173163975e+01 6.176261143345609383e+01 6.858855564551988948e+01 5.476585727333858955e+01 6.890482545794409930e+01 8.889012116998237900e+01 8.074054757830558060e+01 7.716212624973624656e+01 9.387191604758022834e+01
6.258915283773096405e+01 7.375201602976602544e+01 6.807156648577482372e+01 7.947976149030614579e+01 7.792546132304977391e+01 7.044013690219811963e+01 7.548822928411595967e+01 8.104332967540989330e+01 9.098487426115764265e+01 1.050251938066951283e+02 1.248082244361168733e+02 1.264790677056185331e+02 1.213740657927184685e+02 1.113442105637646762e+02 9.475379534326297915e+01 1.113442105637646762e+02 1.228618297326439830e+02 1.145810968731867803e+02 1.123902184002068907e+02 1.182543898924464543e+02 1.150414584580246355e+02 1.104919740803366466e+02 1.022317701769912190e+02 9.509551902998137507e+01 8.096784915646520631e+01 7.269560333878698088e+01 6.797625783922566711e+01 4.802414571367073393e+01 6.442282683786932296e+01 5.179089881306606458e+01 4.863571452629048508e+01 6.858855564551988948e+01 8.302944154323897408e+01 8.745668995586711958e+01 6.918960569588597309e+01 6.560511671037355086e+01 7.633915622766443221e+01
8.265878059666489719e+01 9.076364434787659263e+01 8.810987761436392418e+01 9.634233318720323780e+01 9.784098924235644290e+01 9.041780814845887448e+01 9.539433443657392786e+01 1.009021917934042278e+02 1.090825666383370418e+02 1.189805232548211791e+02 1.145418418346207545e+02 1.058030264023258837e+02 1.203774989802642921e+02 1.227953183769671597e+02 1.144733759147579519e+02 1.199225531354593528e+02 1.116358117950304774e+02 9.457210621720784616e+01 9.238419616732194584e+01 9.824382441476511474e+01 9.511152529478189876e+01 9.511152529478188455e+01 8.228032968895672639e+01 8.421179645910532940e+01 6.684017927898308642e+01 5.269997088696928245e+01 6.953554019447399526e+01 6.432309238408733165e+01 4.451326069336897007e+01 4.293818921798295207e+01 6.074806322561305194e+01 6.900603765096231257e+01 8.110936277263847671e+01 7.918412335384519452e+01 5.918854686285346389e+01 5.666321416779214815e+01 5.634305014551524948e+01
9.168085026549616146e+01 1.041318495475627515e+02 9.888288533562086968e+01 9.056983631227679155e+01 9.888302843325750757e+01 1.062405108550555042e+02 1.070286203830146121e+02 9.924242223010649866e+01 1.070288911989629383e+02 1.061204733832673099e+02 9.391370145140770376e+01 9.124163618887824612e+01 1.058030252792868708e+02 1.264787889123428783e+02 1.232048548119701650e+02 1.031666357598810464e+02 9.163653336962430274e+01 8.457565648245095247e+01 7.824304712575499821e+01 9.157690194182116272e+01 8.825377081323082962e+01 7.514574838512849908e+01 8.220931467694994410e+01 6.594182878235834266e+01 5.593163066058799160e+01 6.955359436856075206e+01 4.958176678327462383e+01 4.746475174750834469e+01 6.442282683786956454e+01 6.076639188175546735e+01 4.089071412720183218e+01 5.293540882848288476e+01 6.681432373757337473e+01 7.793781063554150990e+01 6.849603814212599673e+01 4.854130484588457506e+01 6.849603814237593724e+01
8.581998315208838335e+01 8.409514158790027238e+01 8.887462080375274809e+01 7.058710288454895476e+01 8.887806985666827586e+01 8.681276021443991908e+01 9.753560416514498854e+01 8.017861845539768240e+01 9.753565258434690577e+01 8.559689391044766182e+01 7.950856799146616538e+01 9.124163620258835294e+01 1.058030283680765820e+02 1.264792830288535015e+02 1.314812631684018243e+02 1.199225531354593528e+02 1.116358117950304774e+02 1.045650064964324457e+02 9.157690194182116272e+01 7.155192805609142681e+01 6.824923045875580385e+01 6.511476851617096884e+01 6.219129965599520204e+01 5.933255859133954147e+01 7.593953697910713174e+01 7.782716653710731691e+01 6.369791079650930499e+01 6.746891445359460704e+01 6.968836402319486467e+01 4.973822665794499898e+01 5.877893742456861759e+01 3.889987555176348621e+01 5.033145697114602513e+01 6.990816724130364435e+01 6.479053719464867811e+01 4.487108886891732595e+01 6.375389425014717659e+01
