LEM/with_lateral_4open/elevation_000127.asc
nrows	100
cellsize	150.0
xllcorner	0
ncols	100
yllcorner	0
NODATA_value	-9999
[rows 0 to 16 of 100, columns 0 to 36 of 100]
8.271705653423140625e-02 2.127631151761726416e-02 9.425194436011796739e-02 4.939197167322698090e-02 3.975871534419905817e-02 6.171646774684565184e-02 1.696294146011132625e-02 1.936121709489252440e-02 4.216450047424835645e-02 2.297044857093000214e-02 6.704298068806634203e-02 4.162315340452049650e-02 3.835349583220235004e-02 2.777463300387698203e-02 2.207885817162396139e-02 7.161913568127860341e-02 9.025521335945362045e-02 3.502399586135773735e-02 8.040414306008919487e-02 3.131346976591601466e-02 7.604099264847130613e-02 2.387740603804927586e-02 5.687112022313325910e-02 4.074439634684711570e-02 8.709178300582484655e-02 7.612946965408906586e-02 1.077918208624280109e-02 9.929772718869623455e-03 4.600412614040166881e-02 2.152795518990661267e-02 2.378824418737431057e-02 9.511189423522797837e-02 9.406546861214974686e-02 1.749038473908382007e-03 2.223905489293687143e-03 6.269637160239108220e-02 9.476101746191394060e-02
7.813061968023242432e-02 2.002127631151726206e+01 1.423638756809119421e+01 1.419152759540430253e+01 1.418189433921271636e+01 2.006171646774648920e+01 2.001696250958677226e+01 4.491497172094452317e+00 2.004216431825348366e+01 2.002297044857057529e+01 1.420917860441914193e+01 2.004162315340416356e+01 2.003835349582965719e+01 2.368597576926482873e+00 2.002207885817126964e+01 1.007364331217174325e+01 2.009025521335909659e+01 1.972296198703257275e+01 3.731887859744041691e+00 2.003131346976556060e+01 1.421817661637954622e+01 1.023652246873562355e+01 2.005687112022277674e+01 2.004074439631187943e+01 1.054005054307129763e+00 2.007612552515459470e+01 2.001077910206312183e+01 1.415206539648134765e+01 1.418813974987147652e+01 2.002152795518955131e+01 2.797289225313217109e+00 2.009511189423279731e+01 2.009406546861132625e+01 2.000174903847355168e+01 6.032450797044592861e+00 2.006269637160203700e+01 1.423689664119299003e+01
2.526786264046545702e-02 2.002526786264010994e+01 3.423638756809189942e+01 3.419152759540500597e+01 3.418189490305564249e+01 3.265646045011497733e+01 1.265646298137164294e+01 2.449149720336442471e+01 1.603850255588582030e+01 3.603850249366201552e+01 3.420917860441984715e+01 3.886775580174752065e+01 1.886775580461195645e+01 4.725620180881631605e+00 2.472562018004413531e+01 2.425519961703738758e+01 3.820079347284622173e+01 2.157066801809163081e+01 7.445794622878203484e+00 2.744754836527069841e+01 3.421817661638024788e+01 2.417846602880686646e+01 3.696400073222410043e+01 2.662042140124135869e+00 2.026244774964772510e+00 2.201434372427898367e+01 3.174677172060502883e+01 3.415206558826147187e+01 3.418813974991942928e+01 2.559558288509720114e+01 5.597849393360058379e+00 1.714464523435978549e+01 3.713977840180092471e+01 3.235700611738211308e+01 1.235700611738140609e+01 3.235700611738211308e+01 3.423689664119369525e+01
4.163169627051844027e-03 2.000416316962669683e+01 3.305006221373359665e+01 4.133442527665028621e+01 5.133438631487079107e+01 3.898101785412134035e+01 1.898101830170828919e+01 3.898101785484170989e+01 2.758550793965020276e+01 4.432277942709945506e+01 5.023738353750519536e+01 3.023738396478957213e+01 1.609524834124395198e+01 7.150976431244951748e+00 2.715097642985738702e+01 4.444322298766858381e+01 4.921484874502937146e+01 3.530372589028176122e+01 1.512281306126196689e+01 1.411246151474224675e+01 3.411509178978857904e+01 4.417754705248891867e+01 4.118286163366548180e+01 2.198859169708185135e+01 9.768339217423610776e+00 3.415310420507070788e+00 1.755643833981408619e+01 3.759332055627042735e+01 4.267799385764499931e+01 2.268778037257208169e+01 8.546688516248321932e+00 2.854277834498240907e+01 4.541853201598149781e+01 4.064127736484430642e+01 2.130127802738072162e+01 4.064127736484430642e+01 4.415845850183387711e+01
5.883922493566802470e-02 6.383394545272453868e+00 1.305006121193917856e+01 2.305006121194016089e+01 4.305006475657881282e+01 4.726526152462687946e+01 2.898101830170731930e+01 3.898101785484741555e+01 4.758550799137203313e+01 5.586980467155368757e+01 5.609524056089338728e+01 3.609524792104586055e+01 2.971171403004770895e+01 9.711714029902893230e+00 2.971171403004771960e+01 4.868643488857961188e+01 4.971951721330680840e+01 2.955648162357187658e+01 3.546209801849953891e+01 1.911246229173120526e+01 3.911596827219235450e+01 5.532214545569107145e+01 3.574126409438807883e+01 2.174257069286087685e+01 2.439845570938710750e+01 4.402349342434706436e+00 1.854283438520142369e+01 3.854377816459530237e+01 4.552219433033597085e+01 2.575325571315320161e+01 1.163275551234882421e+01 3.162637923829984032e+01 4.467843969007236637e+01 4.958554927484362196e+01 3.544341365111217357e+01 4.958554927484362196e+01 4.728092758751760272e+01
1.256007409845548775e-02 2.001256007409810067e+01 3.305006135973580683e+01 4.133437023109108566e+01 5.133451612591628788e+01 5.726524619749562106e+01 4.898101740797611114e+01 5.726524619749562106e+01 6.726519501079310714e+01 6.310304274584738948e+01 5.155591535608808584e+01 3.620057089409453965e+01 1.620057087513351135e+01 1.324724793583566118e+01 2.040216370640006005e+01 4.040216370671113566e+01 5.801911326288941240e+01 4.971951721330680840e+01 4.446247008186131211e+01 2.445769215364527227e+01 4.446247008186131211e+01 6.104958050356896138e+01 4.147733638483778407e+01 4.098896645795709048e+01 2.539307214181856764e+01 5.394493427839992528e+00 2.539299677963717272e+01 4.098582340854360950e+01 5.149179156084507269e+01 3.989529931147794883e+01 2.577318277149232983e+01 1.641366898898966298e+01 3.055324320859095977e+01 5.053585398279247443e+01 5.544341365111287701e+01 5.883312714902437790e+01 3.899123358797066885e+01
9.594114293757748102e-02 1.141315089889324064e+01 2.577295837698270731e+01 4.578479705682387646e+01 5.206912598506776391e+01 4.955445853175878312e+01 4.955445853175878312e+01 6.957499334556520409e+01 7.224635488728493726e+01 5.481864565328847050e+01 3.481864407079640955e+01 2.327163868699911120e+01 3.620057089409453965e+01 1.683935397637122122e+01 3.683935397658565591e+01 3.454429933013403087e+01 5.454429933118598228e+01 5.515776018306812745e+01 3.514870457763274203e+01 3.600548031777912428e+01 5.275139635145170303e+01 5.804059065967569353e+01 3.774017723461148677e+01 2.363717199145806802e+01 1.788904805745887572e+01 6.400035769993063006e+00 7.920321812567780562e+00 2.187439353193293456e+01 4.331788063046834480e+01 5.399309874383119734e+01 3.999539853210478668e+01 2.000577234622388900e+01 3.414445944039481873e+01 5.412195105462416933e+01 6.209366506925427842e+01 4.208406318056830742e+01 3.053613281716546268e+01
7.711341127313005306e-02 2.007711341127277649e+01 3.788126013032920270e+01 4.102079048826425378e+01 3.176091771227697436e+01 2.947285567095126524e+01 4.368858798546738598e+01 6.371592275974030883e+01 6.396208832869333349e+01 4.396208836349683935e+01 3.396208836349646276e+01 3.327163868699945937e+01 4.055326074017565219e+01 2.055326073991232505e+01 4.055326074017565219e+01 5.454429933118598228e+01 6.282857044702526395e+01 6.344723578690409482e+01 4.515081033152480217e+01 5.601493293914253258e+01 6.430436946979251900e+01 5.797456613494487243e+01 3.635996523771012789e+01 2.781880531545966662e+01 7.825597194879825302e+00 2.639005518577019416e+01 3.238110738825202617e+01 4.085490884939911638e+01 5.168767360419008838e+01 4.588713724571129404e+01 2.590338143136033366e+01 3.999573123413855313e+01 3.633017733270278882e+01 5.630557556652718176e+01 7.038827202110606152e+01 5.883312714902437790e+01 4.970508614601816788e+01
2.297228869525369793e-03 2.000229722886917116e+01 2.021695213296435867e+01 1.212527862061800299e+01 1.809281264191645278e+01 3.796033971431241838e+01 5.522553361025735796e+01 6.351204165263471424e+01 7.224635488728493726e+01 6.224635655735578865e+01 5.396208834609509353e+01 4.481864407079695667e+01 4.491554169323235612e+01 2.491761854365860529e+01 3.320492059553085795e+01 4.476389031478231573e+01 6.487124702534063658e+01 7.345388314394276108e+01 6.516471003461157352e+01 7.345388314394276108e+01 5.767074678075422867e+01 4.938443879994010643e+01 3.635996523673944836e+01 1.381613560474107949e+01 8.839766214873003847e+00 2.884426841268908603e+01 1.967202268927941589e+01 3.798270923930200382e+01 5.342066734892151203e+01 5.415470916665967138e+01 4.588894289586759356e+01 3.239176961925872433e+01 5.237075204116514016e+01 6.456937112498525266e+01 7.422197921671855170e+01 6.607033766292305188e+01 4.603340327001716048e+01
9.647730019007895452e-02 3.027156187773503593e+00 5.979473622422148082e+00 9.542693313198611804e+00 2.918897955664694166e+01 3.890853555723027313e+01 3.524132531867572737e+01 5.069853094314978392e+01 5.776918726250098501e+01 6.606028088870783677e+01 7.310292950208375373e+01 6.481864433050692753e+01 4.950705267012435939e+01 2.950593319085160715e+01 4.935995230089268659e+01 6.138997636375853517e+01 7.322422880060872785e+01 8.376803124537734391e+01 7.118441020437052202e+01 5.963469800104673624e+01 4.938443879994010643e+01 2.936219805559264984e+01 3.197748434059772293e+01 1.199357768842542349e+01 2.493905988896797155e+01 1.047172789176280006e+01 1.163959901573672440e+01 2.575410174322918166e+01 4.141592775953233030e+01 5.312101543877716381e+01 6.063185743726423027e+01 5.237075212884664666e+01 3.969268797666858006e+01 4.601341463258593478e+01 6.596579726733249061e+01 7.443157334644621415e+01 6.556679070272055299e+01
3.582433992925927735e-02 2.003582433992890444e+01 2.596325150707363960e+01 2.918897955664694166e+01 1.479978076543026155e+01 1.902566216839355562e+01 2.470918840557073537e+01 3.070776145374843580e+01 3.777037158573720177e+01 4.931573739725226346e+01 6.931681452804892274e+01 6.019887546050936322e+01 4.019630659964833796e+01 3.845017017293984196e+01 4.364921700226957313e+01 6.366585635553094136e+01 7.790821688139949686e+01 6.376271093885825536e+01 6.289899208342092862e+01 4.289350864707283506e+01 3.133436443293817675e+01 3.522657659506237593e+01 1.519782680470229153e+01 3.197748434059772293e+01 3.770691344154937497e+01 2.202391821193518240e+01 3.163561517016123048e+01 1.331094044559435474e+01 2.484629627979437316e+01 4.483654854456575123e+01 5.746255088044990345e+01 6.791716922883101404e+01 5.122831691606971560e+01 6.597397560323855714e+01 5.754372440066810412e+01 7.748991290623402506e+01 7.712886620637529234e+01
1.813270376062421294e-02 1.156513798906360790e+01 3.156487731850593548e+01 4.284200271337930133e+01 2.460221268310291265e+01 3.890780847256080222e+01 3.524130236088183921e+01 5.069826697318610798e+01 5.776918726250098501e+01 6.606028088870783677e+01 7.761230709298035890e+01 6.848972500252722284e+01 5.019606426878459615e+01 4.844993708202449767e+01 6.367273553563590838e+01 7.198498018543384092e+01 6.790456470330714467e+01 4.961361571799740489e+01 6.790456468904991993e+01 5.069750318606160278e+01 3.869056716330080548e+01 1.864127223793508747e+01 2.936219805559264628e+01 4.351647241817333622e+01 5.029855375745957247e+01 4.201427874463099954e+01 3.447853784442742864e+01 1.450100639838560745e+01 2.155752528991973449e+01 2.910695461570613674e+01 4.065147091221158604e+01 6.070009845686144700e+01 7.118333863230111547e+01 7.943077420316976145e+01 6.906582313289239039e+01 8.572827299981678095e+01 8.980009389067227232e+01
2.372884694381488524e-02 2.002372884694345956e+01 3.983661178854518425e+01 5.281167855191828409e+01 4.453714201328708100e+01 5.280661085619988881e+01 5.522433888733064578e+01 6.349997874182483315e+01 6.279515259170860020e+01 6.021094287902200648e+01 6.848194186187072319e+01 7.849486028309358687e+01 6.433928784353962271e+01 6.259265755366944006e+01 7.674734770662965389e+01 7.323306485718374859e+01 5.961787465741248582e+01 3.961406514144312752e+01 4.961596989942783154e+01 4.241100295560645606e+01 2.237607792667877860e+01 3.868331552253624039e+01 4.697650257723212519e+01 5.767074678075422867e+01 6.646181372190433478e+01 4.982170028879119172e+01 2.982671622606979867e+01 1.570783264226303189e+01 3.567898073396418113e+01 4.911648498421929787e+01 5.746255088044990345e+01 6.906048046355904546e+01 7.835219042149175550e+01 8.663470206561211739e+01 8.899743354037937593e+01 9.722366298093582770e+01 8.674970578605085336e+01
8.175220331382776484e-02 1.422388782704490318e+01 3.422388782704560839e+01 4.175612348708391153e+01 4.450333476605771921e+01 4.736047762320060173e+01 5.069784600779229322e+01 5.342381984785279059e+01 4.280237090698435765e+01 4.020693484042271137e+01 5.435495495360890317e+01 7.434854834964734493e+01 8.435476936422411143e+01 8.260651249493584203e+01 7.913315070097506521e+01 6.494657753769816111e+01 4.493906926987395423e+01 3.339723424865421464e+01 2.961574141022918383e+01 2.640159881384662910e+01 4.240644386737995575e+01 3.655155429214081408e+01 5.656584163691602640e+01 6.761121747240041202e+01 5.716003696250363930e+01 3.652446857964587679e+01 3.689650984266157963e+01 1.691887588706904566e+01 3.688477109008606192e+01 4.980294492621784030e+01 6.162287422221057653e+01 6.990576077473474470e+01 5.835647708527173450e+01 7.509016506003563052e+01 8.798544812451072517e+01 9.951309107794141084e+01 7.933240698960779014e+01
9.124702163186203252e-02 2.009124702163150644e+01 2.496492314922226186e+01 2.175612348708320809e+01 2.450333476605701222e+01 2.736047762319989474e+01 3.054048735455262076e+01 3.382120627265331336e+01 2.865831924632047034e+01 4.866162345306526049e+01 6.848194186187072319e+01 7.158712251595120790e+01 7.988137448094819604e+01 8.620657384081245311e+01 7.084721485001576013e+01 5.083717918701213989e+01 3.928932863898864269e+01 5.339523722811191675e+01 4.961596989942802338e+01 3.273750232118646863e+01 5.273751208626141818e+01 5.656751485925781964e+01 6.488622704494673599e+01 5.937784206414944066e+01 3.993021636753911707e+01 3.526291072877769750e+01 1.877462773153659725e+01 3.689665403657273401e+01 2.155366092530191580e+01 4.154937479694113023e+01 4.161797218903671336e+01 5.415755861124669224e+01 4.680609352217557273e+01 5.970648553794354285e+01 7.505972923335038161e+01 8.400158647207892670e+01 9.348078559671354526e+01
2.239863785106879432e-02 2.484228457437728466e+00 4.964923149221907472e+00 7.613987863352005725e+00 1.036119914232580896e+01 1.321834199946869148e+01 1.638061965963712652e+01 1.971395299300846204e+01 3.972030352813652598e+01 5.074891952651922367e+01 5.742156147921257769e+01 5.155399397917150139e+01 7.158712251595120790e+01 7.792117300808097013e+01 5.791299876009757241e+01 4.635823378272682049e+01 5.929441550798803462e+01 5.929441550798803462e+01 5.981120813255049029e+01 3.980600366158981274e+01 5.981120813255049029e+01 6.884036858319737462e+01 6.044690584409817546e+01 5.503447010887168744e+01 4.513580830502357344e+01 2.409259631956811987e+01 2.010217826849337541e+01 4.010840507735515814e+01 4.154937479694064706e+01 2.647214234479325512e+01 3.006367342574129253e+01 3.414757910411776010e+01 3.969954497993528975e+01 4.677761995846213239e+01 5.572495108563301613e+01 6.986310482366319263e+01 8.985716857188828044e+01
1.766589122093755945e-02 2.001766589122058093e+01 1.312988895849909809e+01 2.761398786335236011e+01 3.036119914232616424e+01 2.138330780874609616e+01 3.638061965963782995e+01 3.972030352813652598e+01 2.588609001070669891e+01 3.073681303641751938e+01 3.740363562113260087e+01 4.895522361421855351e+01 6.898679407981639145e+01 8.051654442944186485e+01 6.050952910447044530e+01 5.343349912185814077e+01 7.344435371024424342e+01 7.930195183183727181e+01 6.809932625040922005e+01 5.135423432431843338e+01 6.809932625040922005e+01 6.044690584409817546e+01 4.036732544667462008e+01 3.522143499692558777e+01 3.049871435218717863e+01 3.887700290782608903e+01 4.010838611928614483e+01 2.211283213174498030e+01 3.830595970363219749e+01 4.636005014223984233e+01 4.161797218903671336e+01 5.415755861124669224e+01 5.048745524488427350e+01 5.970648553794354285e+01 7.505972923335038161e+01 8.400158647207892670e+01 8.674681032690801885e+01
