LEM/with_lateral_4open/elevation_000426.asc
nrows	100
cellsize	150.0
xllcorner	0
ncols	100
yllcorner	0
NODATA_value	-9999
[rows 0 to 16 of 100, columns 37 to 73 of 100]
8.884754177262699226e-02 6.929726548558100274e-02 7.395023591448830758e-02 4.828361932999872264e-02 4.897713358561925356e-02 8.568734790590110117e-02 1.075183056328203948e-02 6.823539046102447547e-02 7.194897206013613211e-02 1.557559815681563986e-02 7.704183385687686514e-02 1.685416958384493638e-02 9.680445094065920353e-02 7.639902522890137937e-02 4.559330980047965332e-02 5.839666421669215124e-02 9.739037529851846120e-02 3.670263267501718690e-02 2.041064012308905357e-02 6.895211126444661387e-02 9.031524355919069713e-02 1.560024811392830661e-02 7.641644294168103979e-02 3.888124420523987601e-02 6.873285589001959517e-02 4.772367030474261584e-02 9.504926490987847254e-02 5.760415539182907330e-02 9.666222459857021221e-02 9.627991409191682948e-02 1.286757495974483190e-02 9.381044340810595905e-02 7.584058927755046864e-02 1.435327048224320848e-02 5.777975670406795827e-02 2.716720951219454838e-02 4.735230246529398453e-03
2.008884754177227094e+01 8.234263074845232566e+00 1.421608585964556326e+01 1.004828593140682358e+01 2.004897434921886301e+01 1.423216508944490677e+01 1.996676958374728272e+01 1.728360784963769348e+01 6.969489720601358407e-01 1.917365433148280829e+01 2.007704183385652286e+01 6.341409489920576625e+00 2.009680445094030432e+01 1.421853464895997732e+01 2.004559330980012533e+01 3.488368367066861708e+00 2.009734125910194891e+01 2.003669062526611810e+01 8.185376449576564184e+00 2.006895211126409251e+01 1.423244355991505650e+01 2.001549629640010153e+01 1.791402294366771564e+00 2.003888124418813277e+01 1.421086847962109445e+01 2.004772367030438573e+01 9.039321174908957701e+00 2.005760415539147345e+01 2.009474269299252569e+01 4.460637718240165306e+00 2.001286757495939028e+01 4.682125122648574056e+00 2.007584058927719539e+01 2.001431558393404231e+01 1.005778100335231962e+01 2.001272895200649415e+01 1.084755691842532732e+00
3.308598300446454488e+01 1.717853499181030585e+01 3.421608585964627025e+01 2.419082885698300345e+01 3.831804048281721009e+01 3.429626852132793147e+01 2.153871670254310899e+01 1.582130051605287191e+00 2.078366327564181404e+01 3.029213023412362205e+01 3.300805343858664287e+01 1.300807615658718497e+01 3.300805343858664287e+01 3.421853464896068431e+01 2.696992296807464840e+01 6.969921486180804315e+00 2.696984501820556090e+01 3.647212551056653496e+01 1.973238266708499111e+01 3.647222845922933487e+01 3.423064865111427224e+01 2.351275694638371405e+01 3.512728226014516064e+00 2.351277160860790971e+01 3.421086847966256528e+01 3.732359242236984898e+01 2.058632655870167838e+01 3.094046139979315413e+01 1.094949314814121877e+01 2.445849622889906527e+01 2.940412406411790869e+01 9.396170376803636870e+00 2.940413119989102952e+01 3.006048981928775277e+01 3.005869407251296366e+01 2.216537579222847043e+01 2.166518830974107246e+00
4.137025425192405947e+01 2.872554207894947709e+01 4.546708223411871330e+01 4.420396870318408133e+01 4.449534243772118458e+01 3.593504206110868182e+01 2.216476133643228152e+01 2.209819059151668430e+00 3.537394479547440795e+00 3.580614561239180205e+01 4.129130044471172312e+01 2.300807615393255645e+01 4.129130044471172312e+01 3.314205762800833099e+01 1.314205548466442863e+01 2.696992296807464840e+01 1.696992148617774632e+01 3.696992061419455666e+01 3.973367061213352258e+01 4.802589167897907885e+01 3.419789808638901007e+01 1.419777674775027343e+01 5.253504785571501579e+00 1.939564627164383737e+01 3.939585544068236800e+01 4.887059780616458227e+01 4.058632655870238182e+01 3.578476995425325669e+01 1.580020157030891070e+01 3.578476995425325669e+01 3.457587549456563636e+01 1.456014908559026466e+01 3.457587549456563636e+01 5.007628489577423636e+01 3.387316539224567435e+01 1.600059091690803470e+01 4.635777464745038934e+00
5.137025425191669825e+01 4.872696469539979347e+01 5.702139954746858308e+01 5.034976915252453011e+01 3.036419431687792070e+01 1.632422742503505830e+01 1.118736060479743877e+01 2.837619782459811280e+00 8.297988534816898465e+00 1.913881904259676503e+01 3.989012963877021178e+01 3.715020756735098217e+01 5.128913226199764352e+01 3.773037294352837989e+01 1.773037016207558381e+01 3.773037294352837989e+01 3.111205710242398226e+01 3.111205710242398226e+01 5.111205465232587386e+01 5.052819705253440929e+01 3.052774714546142221e+01 2.704965316464083003e+01 7.049557805839258506e+00 1.859656478451903894e+01 3.273876778006592758e+01 5.274238237719666245e+01 5.521541597026358517e+01 3.528090667635463973e+01 2.114540541770062276e+01 4.111958926891433919e+01 4.036321115626488876e+01 2.033366520130931221e+01 4.036321115626488876e+01 4.729929600880386431e+01 2.739297661144546581e+01 1.340663146159728214e+01 2.332112188201060121e+01
6.032035533760727475e+01 5.202206301811874312e+01 4.444004334615174656e+01 3.810050205351893027e+01 3.247121000442130878e+01 2.368118605704832191e+01 3.728376343690897876e+00 2.279108890294472189e+01 2.791817863254298615e+01 3.632485496009746129e+01 4.817449361043481559e+01 5.714950942394357725e+01 5.406031593714038763e+01 3.406030200559704468e+01 2.327737212432777625e+01 4.327737597329045371e+01 5.111205465232587386e+01 5.111205465232587386e+01 5.939628642323463481e+01 5.881358614055906742e+01 4.050145730900797503e+01 2.888308218505326153e+01 8.882954799895696141e+00 2.888307540359041070e+01 4.147219627942247655e+01 5.303021413603165968e+01 6.102849497534564449e+01 4.111958926891434629e+01 2.821622563076292067e+01 4.816478490171093796e+01 4.707215507416758982e+01 2.700049193904231259e+01 4.707215507416758982e+01 4.744987751770995743e+01 2.746267227385168397e+01 3.331678915401708707e+01 2.695813085290846445e+01
4.615329887461184200e+01 3.196192426860568858e+01 2.439265370736287863e+01 1.804782877454865542e+01 1.220082189339830592e+01 6.148786070053409603e+00 4.363204782150749139e+00 1.745023971660046413e+01 3.514738693797556834e+01 4.839576858004656401e+01 5.696521895772720256e+01 6.570920086944839511e+01 6.234473266836223360e+01 4.994404456446076068e+01 2.994403879099432686e+01 4.327737597322941099e+01 6.327741714713859267e+01 6.174816986198932511e+01 5.346211463169660050e+01 4.398309542687002960e+01 3.221644099533749994e+01 1.221628813322905849e+01 2.888308218505326153e+01 1.319626572803348097e+01 2.474327714797965427e+01 4.474404743063058021e+01 5.768304056362145360e+01 5.635990513511235633e+01 4.234299337922293205e+01 4.450520348015002980e+01 5.548712534810547226e+01 3.700515063710260222e+01 5.550129871834477058e+01 5.573177540592413948e+01 4.744987751096591211e+01 4.405627867353727822e+01 2.721094519752569951e+01
6.032035533760727475e+01 5.202206301811874312e+01 4.444004335757936275e+01 3.804191181502815056e+01 2.520833751799365530e+01 5.265428500551620594e+00 2.431267365239295941e+01 3.091430874776995807e+01 3.250457248793163956e+01 2.750801866101112836e+01 3.633622054152602487e+01 4.566334259123298267e+01 6.653073955248844129e+01 5.822842010954887826e+01 4.149104417777453335e+01 4.627397098528916075e+01 6.627399930962786812e+01 5.346211653994794233e+01 3.346143466005178624e+01 3.569801836568750275e+01 1.569784125234304639e+01 2.635843942314537713e+01 4.050145730900797503e+01 3.319659906632385571e+01 1.784617127780567003e+01 2.939319051267501948e+01 4.939471896060805278e+01 6.324649201382375452e+01 6.221983295261002667e+01 5.852525215079467102e+01 6.562562353270467952e+01 5.719945535313654261e+01 6.575345826914332292e+01 6.633970516077981472e+01 5.480122822794047011e+01 3.576983351425018753e+01 1.559381107006682576e+01
4.750242780898781803e+01 4.297139298900405180e+01 3.893966667966713402e+01 3.004867433638877117e+01 1.018229020524814388e+01 2.511864816220306196e+01 6.182865296069429917e+00 1.244847871105760717e+01 1.207571292868331092e+01 1.572674936781732313e+01 2.480726365365111974e+01 3.952275535032138265e+01 6.048803158917702660e+01 6.977550144110141161e+01 6.149105783089878230e+01 6.627399930967651187e+01 6.252143120832629819e+01 5.423555914091628694e+01 3.931949718080736034e+01 1.931927109404404419e+01 3.569802633273604187e+01 4.398313643614609703e+01 5.464447519487062266e+01 4.221174524573660136e+01 2.221052908270677051e+01 2.601113745812173406e+01 3.495541732620494457e+01 4.650259158791294567e+01 6.650692800650072911e+01 7.801621352527043030e+01 7.179963570254169269e+01 6.338796375593549470e+01 6.338796375525569005e+01 5.815170256868105270e+01 3.807580731145467468e+01 2.637268014247858972e+01 3.576928034924479505e+01
2.775210504986041826e+01 2.322004861049262914e+01 1.916933825136097980e+01 1.533630152037336458e+01 3.004867433550563760e+01 3.245007944288674651e+01 2.373602594250570164e+01 7.104239146331174481e+00 2.740520758088139885e+01 3.633622054152608172e+01 2.266231213136769185e+01 4.347486313066346497e+01 5.836885459093793571e+01 6.631753328240878886e+01 7.473802951201167843e+01 6.578328801095953793e+01 4.578203489601468590e+01 3.423498522102588026e+01 2.716391661917074529e+01 3.931949718080736034e+01 2.373653213707480347e+01 3.787870838659667072e+01 5.787956040740122177e+01 4.680086242415525533e+01 2.679884376202485541e+01 4.601225190888692396e+01 3.866033269321395949e+01 5.866313468436397471e+01 7.479807456849617608e+01 7.701404307769911384e+01 6.338796375594628785e+01 4.251239174042563462e+01 4.251239174042562041e+01 5.715601029429302571e+01 5.480122822726814746e+01 4.656087977438178171e+01 3.176292188116250870e+01
4.750242780883503713e+01 3.461173973173733032e+01 3.893966667966713402e+01 2.934340264557676647e+01 4.103032207053689007e+01 2.793799378584151327e+01 8.046319789963208180e+00 2.667838798778807785e+01 2.357974527256171271e+01 4.420352013182372275e+01 3.732187882094170561e+01 3.071722882354376694e+01 3.729296988547012859e+01 4.528730621321857086e+01 6.631753328240878886e+01 7.406990638790017556e+01 6.252143121047647156e+01 5.423555914091628694e+01 3.716392352739827487e+01 4.698130692269074871e+01 2.698096055978775354e+01 4.698130690885810168e+01 6.313689937343945502e+01 4.312942184880238727e+01 3.214406863699191064e+01 5.214756688451743116e+01 5.280329122548133824e+01 6.695288085756416763e+01 7.284211529036033994e+01 6.243099901804890095e+01 4.784786691147132132e+01 4.862670353859802930e+01 2.762777420979280407e+01 4.157200580379704036e+01 3.809016433336874030e+01 3.657263876856603702e+01 3.297346596826434251e+01
6.258147217621444014e+01 5.439089170499374148e+01 5.730610382330822716e+01 4.482225404366004540e+01 3.275854763929611124e+01 1.082151965930867732e+01 8.716573018620589863e+00 2.857860497409068046e+01 3.892895769471294187e+01 5.263770538548960332e+01 5.814196535598669868e+01 4.556979741478122037e+01 5.836885459093793571e+01 6.631753328240878886e+01 6.631753328240878886e+01 8.678371729776773691e+01 7.349632905365056956e+01 5.349419294300275851e+01 5.252844181278519642e+01 3.252796253463422005e+01 3.364762731439748222e+01 5.364814672683736063e+01 7.143416000442452685e+01 6.044362122978757412e+01 4.108835488844118089e+01 4.369122649856213769e+01 6.370618372228472737e+01 8.110247048958535743e+01 6.438566973520642023e+01 4.348790090628154559e+01 3.288057142090924145e+01 4.162711956789534895e+01 2.086092322632748264e+01 1.931803361356356774e+01 1.781537446112863421e+01 1.632443291442042366e+01 1.484535912396536972e+01
6.206468761488781638e+01 6.437958537399428849e+01 5.059482793068818296e+01 3.671380013077080662e+01 1.632339992624108760e+01 2.492484773119872798e+01 2.668973039856953022e+01 9.684774075974120322e+00 3.036316240205746197e+01 4.451468227598325456e+01 5.340021376039917556e+01 6.651281818438522464e+01 6.997724354852542206e+01 6.171617272115813790e+01 6.997724354852554995e+01 7.994923816410323525e+01 8.178361230252768621e+01 6.815882186560051537e+01 4.815749018059688069e+01 3.661044547170396157e+01 4.259190522371535792e+01 5.364814672683736063e+01 7.365035805466051499e+01 6.939496311631711478e+01 5.263580259516994175e+01 5.523958483879417969e+01 7.202961795078162766e+01 8.687061393813141308e+01 7.280609369490811389e+01 6.243099901810766994e+01 4.400474816769713016e+01 2.314102573853583422e+01 4.095390670103837039e+01 2.675829183126927191e+01 3.789625101833279786e+01 3.450806587933242753e+01 3.505260491076591478e+01
4.269167892778609996e+01 5.380400895478073409e+01 3.681007089929070730e+01 2.282436484951821143e+01 3.671379801899011142e+01 3.476467225436684316e+01 1.687958976203416839e+01 1.036910356530677113e+01 1.829447007044598195e+01 2.596353333268624652e+01 4.517661521057059559e+01 6.428641091399082086e+01 5.604660461791927872e+01 4.200959710180315909e+01 5.186288491148064139e+01 6.707172931146510564e+01 7.699177542530397034e+01 7.644557315357207017e+01 6.108335697325338032e+01 4.108258157129456833e+01 6.108335697325338032e+01 5.673429543301168820e+01 7.673659725310405122e+01 8.095707357938799476e+01 7.264966779284037557e+01 7.528836905049266193e+01 8.365360742095538171e+01 7.869989215532319804e+01 5.835217957256880084e+01 6.210144600401196158e+01 4.575535544685916278e+01 2.482046775826961138e+01 4.575535544685916278e+01 3.887756009194402651e+01 3.850720125796576099e+01 5.478986432360210301e+01 5.206404813616541105e+01
5.380400895478073409e+01 3.441618138456852449e+01 2.954587403720253747e+01 4.021472125418083721e+01 4.652698897127825717e+01 3.846299496249374528e+01 3.520850850101375329e+01 3.021134428753064327e+01 1.133722836349662799e+01 3.116955426866688583e+01 4.163594686040377724e+01 5.187049150536454789e+01 3.634881881772800938e+01 3.217715730608536262e+01 3.914156134709554635e+01 4.893364791818915194e+01 6.870716767521918200e+01 7.741522141271450153e+01 5.741285420014282437e+01 4.642780739729818862e+01 6.642886427357005630e+01 7.673659725310405122e+01 8.502408090827799469e+01 9.418870443623961819e+01 8.256546076943638468e+01 7.424673538913017978e+01 7.686222586047573202e+01 7.337749001218961098e+01 5.270206151946376849e+01 4.107253882030369141e+01 4.753089670859184679e+01 2.652191692974687598e+01 4.749676621519193986e+01 5.666773830529495370e+01 4.995757802107630141e+01 6.283764202703691382e+01 4.228182909955389590e+01
6.192047852957945508e+01 5.380400739254455544e+01 4.895705162457764459e+01 4.962866760395464638e+01 3.847324245242595708e+01 1.869959566799803952e+01 1.635910069491984942e+01 1.897778310114716405e+01 1.202287588629604720e+01 1.405530350591106981e+01 3.344865374752070863e+01 3.261086808824909866e+01 2.494102913166229385e+01 4.467467353122918183e+01 5.882040779670419539e+01 6.707172931146510564e+01 7.699177542530397034e+01 8.570276757074375951e+01 7.471543826120964127e+01 5.642786721552563733e+01 5.711833907835899993e+01 7.126130481080144818e+01 9.126562119228201198e+01 8.589763038768971626e+01 6.571768829653561284e+01 5.374621025619849490e+01 5.642475508532674411e+01 5.948480134550630538e+01 5.270260921876192128e+01 3.149024605209451977e+01 2.901200449573706308e+01 4.753089637577994608e+01 4.139766183096645591e+01 6.233971532732189047e+01 6.843657623098344800e+01 6.043550604923199643e+01 4.688280265758380949e+01
4.637524769249061762e+01 3.984646305480133321e+01 5.073479477164351437e+01 4.192082356049574088e+01 2.212869081803989602e+01 3.847320551526016885e+01 3.289828880378221498e+01 1.305340524492397947e+01 3.186993343110508192e+01 3.344536370283600490e+01 1.687024206897059386e+01 1.884674472633062692e+01 3.843752934503969243e+01 5.019294274659515054e+01 6.548219338428151559e+01 6.178982716844394218e+01 7.005763242148024972e+01 8.000079406540278626e+01 8.471724309056232016e+01 7.057077032662078864e+01 6.866581923460550740e+01 8.540787961175531962e+01 9.599853627766074737e+01 8.440943898306910853e+01 7.534958955367136468e+01 6.241075168510506899e+01 4.131142372732445978e+01 3.826848021068784078e+01 3.539417972741634344e+01 5.270259172828465211e+01 3.158845188482358779e+01 5.280310740629764155e+01 6.234116952003871148e+01 7.076733730347230278e+01 6.589568434600725766e+01 5.202905152071375738e+01 3.144405606819400845e+01
