LEM/with_lateral_4open/elevation_000255.asc
nrows	100
cellsize	150.0
xllcorner	0
ncols	100
yllcorner	0
NODATA_value	-9999
[rows 51 to 67 of 100, columns 37 to 73 of 100]
8.149573775350707194e+01 7.712606197387334817e+01 5.702514034019989708e+01 7.712606197387334817e+01 8.019527628452543411e+01 7.347104054838136733e+01 5.333640523394758759e+01 6.755852112624292261e+01 8.774512512510246154e+01 1.033218662403164814e+02 9.498471276013373199e+01 8.192519430537743119e+01 9.019351239384911878e+01 1.002938730131276941e+02 1.204265821190481773e+02 1.110593202229119498e+02 9.098671819650813575e+01 7.935596339860320825e+01 7.035275279015753824e+01 6.547144840632658713e+01 8.001344183715869463e+01 7.038189379918274824e+01 6.791424572578215191e+01 8.196635846318233121e+01 6.488131332560166697e+01 5.636949060710046666e+01 6.033393423124837085e+01 3.995195318234859627e+01 5.798057443818908752e+01 5.969318620859078095e+01 4.303741343820650656e+01 5.302010699321584042e+01 7.192720390562143962e+01 8.688995301067990340e+01 8.162509667593111828e+01 6.150096508553026098e+01 7.800263276921819511e+01
8.502364723247117695e+01 7.132342568877301403e+01 5.140001282446484510e+01 6.400077586901348070e+01 6.007111746052486012e+01 6.797146489619750298e+01 5.106916203671379861e+01 7.116143947993934660e+01 8.431949916760359542e+01 9.153940175416737191e+01 9.988387634448716312e+01 1.021272005727498566e+02 9.204696310134970361e+01 1.122074380441498107e+02 1.287301196503502467e+02 1.147107344182258970e+02 9.465667541492450709e+01 8.041952549806043749e+01 9.047494940236832406e+01 7.258719187691383468e+01 9.270858752464636154e+01 9.049975480376062364e+01 8.803668862265521966e+01 9.299271292235142994e+01 8.464158933014621766e+01 7.653387209681633863e+01 6.867973582818001432e+01 5.798057443818417056e+01 3.764582824297825425e+01 3.944432836364571671e+01 5.380069082983511919e+01 7.036609933947063666e+01 8.167766717654562569e+01 8.200091000776312455e+01 7.581576028046842453e+01 5.563862203327078504e+01 5.784375112599394697e+01
6.562993683160236458e+01 6.798643300790305943e+01 5.135018888301753037e+01 4.399920541835578547e+01 4.593056940689979228e+01 4.791030728774976666e+01 5.131291638523986620e+01 5.630122163598522178e+01 6.344673073896111504e+01 7.111843344030519631e+01 8.299031734379659042e+01 1.032176682378314752e+02 1.063157359457358524e+02 1.063157359457358524e+02 1.264312651556030147e+02 1.147107344182258970e+02 9.465667541492450709e+01 1.005303733066763385e+02 8.902452834251393199e+01 8.682546718437001232e+01 1.010039706178333461e+02 9.810981554358200185e+01 8.913384350717890925e+01 8.083268187123721304e+01 7.446739188017218680e+01 6.886680911281322892e+01 6.363085459955168943e+01 5.633660764509600227e+01 3.605252567610890679e+01 5.633660764538583976e+01 6.801510028320855383e+01 8.222950973657091822e+01 7.607055178281154895e+01 6.183905413153424035e+01 7.042319325428368870e+01 5.017203550111575794e+01 5.169259416009754204e+01
5.711718188855053313e+01 5.887061343432647931e+01 4.146146625316535506e+01 6.136893697642951651e+01 6.596534711418800612e+01 5.946544069792129505e+01 7.211646547160407295e+01 7.149035416769170581e+01 7.771895023682715475e+01 9.153940175416737191e+01 9.988387634448716312e+01 1.115387080428840250e+02 1.264312651556030147e+02 1.264312651556030147e+02 1.347268287042217025e+02 1.229680393396494367e+02 1.147107344182258970e+02 1.173681930890891465e+02 1.091007710673513600e+02 1.069116964392146798e+02 1.040059554537130566e+02 8.394220692802768724e+01 6.972529969456883236e+01 6.070386753199900198e+01 5.427420353997952418e+01 4.858804448161742329e+01 4.328534902839594167e+01 3.836495202905370405e+01 3.474210934890661662e+01 5.319516458439391471e+01 6.154719310543998034e+01 7.405023172870404835e+01 6.595479844207120834e+01 4.746753153499523847e+01 6.063665272962904140e+01 4.504278215327277479e+01 6.536040381599170246e+01
3.727290417393167843e+01 3.899511287214880184e+01 5.887073585988025570e+01 5.767902953512184894e+01 7.778771642836557021e+01 7.958896416466255630e+01 8.792260218393992943e+01 9.220745011317018225e+01 9.817731967585336861e+01 1.028312522166223033e+02 1.111526546525794146e+02 1.162211204710643528e+02 1.174556566275433482e+02 1.257549329543464296e+02 1.353249269458496542e+02 1.270998283693268718e+02 1.177787444917754129e+02 1.065912410646075728e+02 9.846471524958688804e+01 9.384649434748202168e+01 1.018518964527129071e+02 9.810981554358200185e+01 8.913384350717890925e+01 8.083268187123721304e+01 7.446739188017218680e+01 6.735136019675735497e+01 4.705354961807913838e+01 5.869555857748677852e+01 4.462394432956968870e+01 3.300181426069050872e+01 4.550177781886677764e+01 5.979003125003567476e+01 5.358678666953895231e+01 3.731717092702510286e+01 4.030593496228176065e+01 5.050970926365264546e+01 6.486552604492723617e+01
5.712755084572789599e+01 4.032139917748046543e+01 6.006284404686434186e+01 7.155225544319810638e+01 8.613985359913543505e+01 8.760642470158738604e+01 7.921139373672622241e+01 8.299557056657089049e+01 8.693271159219868593e+01 8.253113235911430934e+01 9.606078814585721659e+01 9.606078814585723080e+01 9.733796790440614188e+01 1.174556566275433482e+02 1.270998283693268718e+02 1.071316841461451759e+02 1.098262974049039684e+02 8.995826370454292942e+01 7.834321766267470366e+01 7.372894967368002028e+01 8.174704597889508761e+01 9.594740122458014753e+01 1.046711252900980753e+02 9.431408621146499627e+01 7.422199331668699074e+01 5.993866073493312996e+01 5.725897827298197029e+01 6.489100412391520933e+01 6.153942528352428099e+01 4.550185800777247636e+01 3.127711156373000634e+01 4.969937314849912724e+01 3.338144809754567888e+01 5.358814941287366196e+01 6.063665272960611219e+01 6.898041228470253827e+01 7.908237522497807959e+01
6.838963298441815652e+01 6.006284404686434186e+01 4.344224904862085879e+01 6.320776391186046084e+01 7.484976930029145592e+01 7.414935308895616117e+01 5.896323114571877966e+01 6.261715467851791317e+01 6.647472671334509187e+01 7.064175782338811871e+01 7.565217562632622617e+01 8.295185361190884521e+01 9.472168404255894814e+01 1.148532914867179215e+02 1.245181001060229988e+02 1.045339024008523694e+02 9.292661893231434078e+01 8.655968569300928550e+01 9.846471524958688804e+01 8.763562034793484656e+01 6.751899893230789473e+01 7.627036279920022821e+01 8.865802159243224878e+01 9.695881343071805247e+01 8.841005242962518196e+01 8.010683110708696120e+01 6.894461912512991830e+01 8.498639871334998475e+01 7.408939098554212421e+01 5.979560322091445101e+01 4.969937229619923613e+01 2.956613276696266013e+01 4.815522410006327902e+01 5.637970514530761079e+01 7.012150157688714103e+01 6.646314091478225805e+01 7.482723052343470727e+01
7.945171791435690523e+01 7.155225584403937944e+01 5.732787794385704672e+01 4.667580200965472415e+01 6.648692418654952974e+01 5.410531189718550849e+01 5.998730733055464981e+01 8.026257686924259360e+01 8.693271159219868593e+01 8.253113235911430934e+01 9.606078814585721659e+01 9.014491075815749355e+01 1.103429795685780164e+02 1.231538222445862658e+02 1.327457400282103777e+02 1.212283055459973866e+02 1.129800603696190251e+02 1.066532867933809143e+02 1.021275046144924232e+02 9.594740122479650779e+01 8.215888838493977175e+01 6.203035758049208681e+01 6.854347164803286319e+01 8.535830243610256218e+01 9.695883145718501339e+01 9.734493625775608905e+01 8.905376004214188868e+01 8.405280657530281019e+01 7.503569063341413425e+01 5.764232969363886383e+01 3.739168446280189784e+01 4.815522410013122112e+01 2.803557859780721628e+01 4.219957846763390563e+01 5.212255805503927775e+01 4.619857939037780881e+01 6.646314091478227226e+01
7.115181191551823758e+01 8.577663374422195375e+01 7.484833168917812429e+01 6.058339615982121984e+01 5.003193789709865058e+01 6.399515828557811403e+01 8.026257686924259360e+01 7.006417807080167393e+01 9.046097566768344223e+01 1.028312522166223033e+02 1.111526546525793009e+02 1.103429795685780164e+02 1.186506916918612973e+02 1.329166002833080427e+02 1.219622129682873748e+02 1.137137339845173472e+02 1.137137339845173472e+02 1.021275046144924232e+02 8.224258370434937149e+01 8.592697663078050141e+01 8.940902489994661551e+01 7.704483809110550396e+01 5.688767169398281709e+01 6.854347164803301951e+01 8.865802177362239433e+01 9.550744637787617819e+01 8.996569114519603261e+01 6.984994474497932515e+01 5.553818227312028455e+01 4.643850042247237297e+01 5.764232969363886383e+01 4.707357680685810664e+01 2.695952085715579116e+01 4.555742208898375623e+01 3.193817480738613312e+01 5.213017941798145216e+01 5.733959795099680434e+01
6.914716000170956534e+01 8.921328538367768601e+01 8.910742125114970236e+01 7.452560359926100375e+01 5.446614062292375991e+01 7.452567253405977965e+01 9.261232014948861035e+01 9.046097566768344223e+01 8.300227157973040448e+01 9.739312543500960828e+01 1.175454665701205812e+02 1.161721247827818502e+02 1.046100856883253840e+02 1.187633429858167204e+02 1.137137339845173472e+02 9.368380044809633489e+01 9.368380044809633489e+01 1.000807133310146781e+02 8.006431884073221283e+01 6.583573048072823042e+01 6.931049308889983251e+01 7.204409400190878898e+01 5.367033102248843335e+01 7.385708994318578391e+01 8.960101769010120165e+01 7.541121358789686724e+01 8.960101769036243979e+01 8.405280657530281019e+01 7.503569063341413425e+01 6.079839139650013635e+01 6.138068183210548057e+01 4.115098054663960170e+01 4.551188302259184582e+01 2.543199579015235301e+01 2.426359837483505544e+01 4.298274155367312233e+01 3.708144896157086379e+01
7.337496153930777609e+01 9.350503050811542494e+01 8.738462902612113226e+01 6.705283360215969424e+01 6.593218373479543004e+01 6.436087478389670480e+01 7.608928446218017427e+01 9.643990861980365992e+01 1.032956094966990435e+02 1.116214365113667242e+02 1.103315016379587945e+02 9.619018880448982145e+01 9.051867371767950488e+01 1.087773443998811302e+02 1.137137339845173472e+02 9.368380044809633489e+01 7.946747980289805469e+01 9.008323762496442555e+01 8.450857040493316674e+01 7.519908154529301214e+01 5.502760145090735477e+01 5.184450773977204818e+01 5.052139587895267425e+01 7.074159378791112829e+01 8.060302973874595978e+01 6.114688140495690050e+01 8.060302973765425349e+01 7.853590999903029513e+01 8.684451073455386449e+01 8.096965587138980425e+01 6.973187261731578701e+01 6.137780235346428981e+01 5.388821230443887345e+01 4.555588543040454397e+01 4.299488666148663185e+01 2.233136563556942278e+01 3.702442575642762534e+01
8.399914257006207663e+01 1.013461835665813169e+02 9.575593006339676094e+01 8.143842611416766886e+01 8.031544313852367623e+01 7.608928446218017427e+01 9.306957251551646948e+01 1.047842384094138168e+02 1.106304766364605143e+02 1.047743492755577819e+02 1.003679574361858329e+02 8.215034295905634565e+01 8.061560508262189728e+01 9.237974674185387869e+01 1.123230688028610444e+02 1.042715327643045953e+02 8.420625335129746247e+01 6.998348911949339879e+01 6.439597303499230918e+01 6.035385225268058917e+01 7.519907753553087559e+01 6.769268389371093519e+01 4.744046435006091400e+01 6.467368639421147236e+01 6.275770131831124132e+01 5.207371463102997211e+01 7.228573881202225948e+01 5.836122688679453319e+01 7.259313506166834884e+01 8.101928248577446823e+01 7.751514084863977416e+01 5.713866188467238061e+01 5.699984760405535411e+01 5.431527707524151793e+01 4.192634076513922992e+01 2.100223104132954433e+01 4.056668297318697114e+01
7.285100849329010941e+01 8.711304472053913628e+01 1.072744120513517174e+02 1.017400327407815013e+02 1.006271233698688690e+02 9.643990861980365992e+01 1.047842384094138168e+02 1.063275945364558908e+02 9.069698763385203222e+01 8.486599818966965358e+01 9.209646806391340590e+01 7.227070702238786737e+01 7.255246675074971563e+01 8.577065341148588118e+01 1.056752947825253273e+02 1.055630513418049503e+02 8.550129128745149387e+01 7.388758900716223366e+01 8.450857040493316674e+01 7.460230692755919790e+01 8.878508051889562580e+01 7.601668531140119001e+01 6.467368606857432667e+01 4.439680196764224718e+01 4.247434529220749511e+01 6.017119363836299328e+01 5.836436501550645062e+01 4.664516709562014540e+01 5.186628181420941530e+01 7.054654580624161042e+01 7.321487485172056608e+01 5.576879964789583966e+01 3.691759324304739920e+01 3.353072580901557131e+01 4.175484862685920717e+01 2.162018098402427668e+01 2.043109763186224015e+01
8.711304472053913628e+01 8.711304472053912207e+01 1.013848408817821394e+02 1.214930946454881280e+02 1.082412644774136226e+02 9.997497253958273689e+01 9.997497253958273689e+01 9.805268201906217485e+01 7.818314290533243138e+01 7.086817941554519962e+01 8.460293021869679819e+01 6.479769738304598548e+01 6.596218002919421508e+01 8.577065341148586697e+01 1.021498101120124034e+02 1.138243090824204131e+02 9.398038877400632884e+01 8.810769993274391254e+01 1.022552516778724367e+02 9.469070503757932045e+01 8.762439692054626050e+01 7.141227076871838619e+01 5.119651200162780924e+01 6.467368623281710427e+01 6.017126258679631690e+01 3.988888448874408965e+01 3.809111622316568457e+01 3.650512041517230699e+01 4.803176333720504232e+01 5.542275813235861648e+01 6.429652146902387244e+01 3.978422579422248617e+01 4.467889193031500383e+01 2.451395447894516622e+01 2.330990059183947594e+01 4.174303396870553229e+01 2.999781385558978286e+01
1.072744120513517174e+02 1.072744120513517174e+02 1.016859224579034020e+02 1.027864371553730223e+02 9.997497253958273689e+01 8.009753821074751556e+01 8.009753821074751556e+01 9.416914973252212917e+01 8.182925845636952999e+01 6.201469299724656992e+01 7.296792271363172233e+01 5.818520319460505164e+01 6.519751988191016778e+01 7.403796673652047389e+01 8.803804993361046627e+01 1.079679295561682437e+02 1.140053618729269971e+02 1.081583138221792524e+02 1.086778301954973500e+02 9.709550456946459462e+01 7.931746127874568231e+01 5.916316094279380877e+01 6.551620720447867541e+01 7.973001625741345322e+01 6.275287317732048820e+01 4.297985111515875900e+01 5.836436501550646483e+01 5.456120086460887109e+01 3.432624163081259638e+01 5.240335360016126032e+01 5.660082744555428746e+01 4.643279241434991889e+01 2.625053177835639673e+01 4.467888030978835445e+01 4.346111442524180291e+01 4.341933954113110161e+01 4.027344141746926454e+01
9.336733869497562921e+01 9.118995414626935769e+01 8.182730178737477900e+01 8.291801313048060251e+01 9.699658549299412869e+01 8.591950393307313050e+01 6.609813931530842979e+01 7.705511941801033515e+01 8.529244670003670592e+01 7.296792271363172233e+01 5.313000539199482830e+01 7.296792271363172233e+01 8.500378396358915722e+01 9.326061228077111309e+01 1.021498101120124034e+02 1.046648879021488625e+02 1.105170312550111049e+02 1.066163214230909091e+02 1.003947214989013901e+02 8.031119560560900084e+01 6.868527295265809585e+01 7.931746043392304557e+01 8.564591942821429882e+01 8.078947114593182732e+01 6.640579824754333060e+01 4.640110103104357364e+01 6.640579824754333060e+01 6.291238486138367136e+01 4.647826991577242950e+01 3.218240568951058123e+01 4.823963686775852722e+01 2.804347305083798858e+01 4.623365237790417126e+01 3.524276632893295158e+01 5.548571323249976928e+01 6.356712186429871281e+01 5.312037538349289889e+01
7.357579203562542602e+01 7.141593132264168275e+01 6.789670429092913650e+01 6.898172329642608247e+01 8.873733979588185150e+01 9.416940134408056906e+01 7.705511941801033515e+01 5.722841586645849077e+01 6.956132935341358348e+01 6.591521102450552405e+01 5.015721939924544159e+01 7.001066066130906052e+01 8.866786295280280683e+01 9.860177447094181957e+01 9.886752926793876384e+01 8.478107970257991610e+01 9.060491228842094813e+01 8.672098675757148101e+01 1.008163262710181840e+02 9.709550456946459462e+01 8.291964191858353672e+01 9.709039709009046248e+01 8.693978197663665242e+01 6.629877715547942785e+01 5.177596966024846381e+01 6.640666909980046739e+01 6.640666909980046739e+01 7.503825960571646192e+01 6.075826393411836790e+01 5.027702632623586965e+01 3.007076473642021952e+01 3.084676970670191665e+01 4.498903536721446983e+01 5.548571323772329578e+01 4.606422298497435719e+01 6.630470705854628477e+01 7.240327427095611768e+01
