LEM/with_lateral_4open/elevation_000376.asc
nrows	100
cellsize	150.0
xllcorner	0
ncols	100
yllcorner	0
NODATA_value	-9999
[rows 17 to 33 of 100, columns 37 to 73 of 100]
3.181194264203189448e+01 3.744901170256364509e+01 4.046641797335845325e+01 3.382944221033358190e+01 1.378989093675603961e+01 3.232585256146757047e+01 4.033148465772573132e+01 3.474248516696353306e+01 3.103451494204870542e+01 2.803373020671314109e+01 4.137916177207420532e+01 4.373525687598830558e+01 2.795681248676176267e+01 4.795024188841973967e+01 5.625018891092065587e+01 5.424102817506511087e+01 5.078963216812858406e+01 6.078868683265998385e+01 7.492999417327898470e+01 9.493539995547534716e+01 1.016569723372042091e+02 9.009394322686969758e+01 8.178299742601471678e+01 7.069678086559716235e+01 5.045253614865638525e+01 5.403009860029176537e+01 3.416077480684470657e+01 5.024294971536328092e+01 5.480130640738327230e+01 3.495026528096342133e+01 5.480130685876194008e+01 6.792192842391088448e+01 7.107959860897220494e+01 7.247006935262075444e+01 5.275232494532406946e+01 3.879904062517525176e+01 5.852751857251817569e+01
2.681103566999821908e+01 2.326672987556078098e+01 2.037546264202606494e+01 1.760168664246228332e+01 3.378502128782036351e+01 1.485648669224390162e+01 3.313734361748659296e+01 4.369343196459923462e+01 5.102011216654213399e+01 4.217029683275582386e+01 4.802781379278511764e+01 5.623413229074071040e+01 3.689616053145659436e+01 3.260336641545809755e+01 3.625274754114376918e+01 4.010033424371935951e+01 6.009891818486258330e+01 7.317485096508146114e+01 7.984142291197882457e+01 8.812631406584414151e+01 9.812742932416220754e+01 1.011974733034197556e+02 8.114877472001786884e+01 6.702801823005879100e+01 6.930759638547614543e+01 5.681365777313604326e+01 3.689889907387015455e+01 4.913176217351725938e+01 6.220138152334815373e+01 5.261655152498859422e+01 3.987782188907517167e+01 5.969541656884249647e+01 7.330081685399598257e+01 7.400399593646531571e+01 5.430510171062873326e+01 4.295202432373681489e+01 6.263083405244065460e+01
4.692309357905060807e+01 3.744901170953082215e+01 3.455406555258308998e+01 3.499155741527756902e+01 4.296177867007660467e+01 3.471201383856854505e+01 1.592496346185842171e+01 3.321862631898860485e+01 4.982408116004650367e+01 6.216852288193870635e+01 6.802839665937280245e+01 5.322307975041923100e+01 5.689318166739246863e+01 4.076517516477870373e+01 5.625018891092065587e+01 6.009891818486465098e+01 4.740242790178396604e+01 5.317563190944011353e+01 5.984170707130265043e+01 6.984000364982232156e+01 8.984284217413851081e+01 9.429610680608482198e+01 8.432087345757312846e+01 7.602713010131300564e+01 6.105518834152199759e+01 4.116064655472279554e+01 4.842447514494883620e+01 6.369540656977410720e+01 7.357813157520578784e+01 6.732558863788929671e+01 5.391272580337490439e+01 4.531555244468612642e+01 6.508782108168621505e+01 8.228537671301441492e+01 6.830093039952772926e+01 4.865914048560696159e+01 5.430510171062873326e+01
6.118468272733802849e+01 5.765684976068846623e+01 5.474009937312360563e+01 5.706996560648570949e+01 3.990440170982088119e+01 3.665231586949038700e+01 1.668161839697086180e+01 2.410102916491956293e+01 3.977359962071911781e+01 6.443288053392842585e+01 8.150753529843466083e+01 7.322326358556631476e+01 6.904782856471024388e+01 5.231055762106471008e+01 6.904782856471024388e+01 7.568613392861355749e+01 6.740157371240695738e+01 7.317485096508755760e+01 7.984142291198043040e+01 8.812631406584414151e+01 9.812742932416220754e+01 8.597237397514395241e+01 6.608188622748205887e+01 5.622993944888966666e+01 4.872965145634651662e+01 4.503057921477815739e+01 6.487406988407992969e+01 6.827349432988148692e+01 8.820107811522258601e+01 8.196454024933795779e+01 6.911584653755690510e+01 4.938263246190714284e+01 6.075818028290587591e+01 8.053263095776232205e+01 7.452029441087930195e+01 5.485293853733936942e+01 7.400399593646531571e+01
7.292331816866263239e+01 7.027085051743063104e+01 6.212631099005612612e+01 5.205630708397171702e+01 3.569830655817538911e+01 1.775927550098580099e+01 3.643091008847638790e+01 3.022462767108984139e+01 4.848630686186136529e+01 6.351289772035393355e+01 7.154723919658198383e+01 8.412125749123894991e+01 7.591292928485121649e+01 7.231025114288581790e+01 8.059483745316785530e+01 8.751726629102768129e+01 7.931952969421948296e+01 7.595693542481804172e+01 8.227803068967642730e+01 8.929379634996014659e+01 9.749086650048579372e+01 9.429610680608514883e+01 8.109791560030288338e+01 6.124921542271030006e+01 6.854449536930665943e+01 6.487406989154136738e+01 5.080147971331107470e+01 6.476468528056719265e+01 8.463686802717208479e+01 8.531081973521423834e+01 6.547610936905920198e+01 5.433459085647027109e+01 7.404293176458585890e+01 8.883117248857773518e+01 8.151225346390114623e+01 6.173600682323522904e+01 8.151225346390114623e+01
7.594535312375184333e+01 5.640227631927419338e+01 4.292881342853331716e+01 4.512198067724457928e+01 2.359814282918584638e+01 1.852252409436818681e+01 3.848660830788782050e+01 4.875334038534421666e+01 5.664863770042941127e+01 4.396916479819878987e+01 6.028915059928770859e+01 7.266433114183536190e+01 5.605763392666715816e+01 7.266433114183536190e+01 8.123347807349834682e+01 7.299785315367032013e+01 5.931919818435515168e+01 5.591233296759883586e+01 6.228897234581869213e+01 6.945021445555096307e+01 8.095106817915117858e+01 1.006901749681531300e+02 8.940482851037207013e+01 7.523990820921224554e+01 7.992481868038608184e+01 6.011231069967293905e+01 6.476468527648694362e+01 5.963640894253508407e+01 7.944280287721527145e+01 9.361835382415891615e+01 8.028529152904594923e+01 6.054521669915973092e+01 6.822517959366074081e+01 8.808822795815864026e+01 8.983212216773365810e+01 7.305885754399018595e+01 8.983212216773365810e+01
7.333696330228642069e+01 5.383349080863134617e+01 4.042356983510979518e+01 3.122448407427688721e+01 3.403456260459965677e+01 1.929514829665123798e+01 3.927277682455849117e+01 4.157869312748652391e+01 4.254010975374888659e+01 3.247243059717491320e+01 5.149637128300183520e+01 5.380864507312551837e+01 4.454231018168856338e+01 6.444946916496095923e+01 6.972397251387052108e+01 5.304793621711570495e+01 4.786948551047063205e+01 5.931920324655193610e+01 7.932301227183850756e+01 8.929379634996014659e+01 9.749086650048579372e+01 1.089016394319148162e+02 1.035697488115301184e+02 9.406096672074421861e+01 7.406943444235564300e+01 7.148780072201014946e+01 8.463686064286839894e+01 6.658618270009527862e+01 8.647431731971310853e+01 9.440093613533828432e+01 7.443840009148105707e+01 7.033390642588743447e+01 8.808822795815864026e+01 9.640896429740273277e+01 1.014039630562080134e+02 9.305980703879805560e+01 9.610656091928217393e+01
7.923160597836672991e+01 6.767959099716999560e+01 5.804311980254343695e+01 4.997014925492231185e+01 4.060471872343487121e+01 2.062967907690388714e+01 2.064028865624398534e+01 2.159645774287986342e+01 2.255696387411997250e+01 2.352314375211646436e+01 4.350597926238138058e+01 3.385808986278299670e+01 5.380864420659528236e+01 6.445346074332297803e+01 5.622948977419517291e+01 4.183567078144466933e+01 6.147953270887693833e+01 7.601797693941530554e+01 8.753842665353339214e+01 9.538418561652268579e+01 8.715156597013239548e+01 8.973076632310508671e+01 9.796328810686993904e+01 1.023948302466405949e+02 9.406096672074421861e+01 8.555638720065645941e+01 9.480293554434504699e+01 7.645183870413617910e+01 9.480293554434504699e+01 1.027366439996579004e+02 9.440093613533828432e+01 8.434752436563186961e+01 9.857075592600983782e+01 1.060552847238723615e+02 1.143857517391255385e+02 1.020515487860867694e+02 8.179378217887365565e+01
5.940462884542374411e+01 6.521181443518395326e+01 6.621099380979440241e+01 5.212269841700061335e+01 4.195599959977518267e+01 2.197173196405569584e+01 3.218616615055933039e+01 4.150231693331890881e+01 3.671096319612931325e+01 4.350607141567861902e+01 2.490619056834020384e+01 4.488648722530220425e+01 5.444210829587208167e+01 5.622800036995421635e+01 3.669306628457864861e+01 5.622948977419517291e+01 6.147953270887693833e+01 8.140363828921844913e+01 8.601691171818234238e+01 8.389501123655253423e+01 6.724153775640546371e+01 6.982675643259295839e+01 8.973076549500403587e+01 9.588256300046451486e+01 1.038600563794173866e+02 1.056784383936891771e+02 1.048394836746164316e+02 9.649679598067112352e+01 1.048394836746164316e+02 1.070076048802685023e+02 1.075618831264183513e+02 1.044543479050446280e+02 1.026820434609215624e+02 8.571763835913827734e+01 1.026820434609215624e+02 9.414911346764873201e+01 7.391258407037213374e+01
6.521181562646654584e+01 4.535165589789352936e+01 5.408006168314012285e+01 3.803440302420234076e+01 2.389106019579219264e+01 4.195599959977518267e+01 5.012996024829400454e+01 5.204235264608401934e+01 5.682393445237578788e+01 5.311994210263801364e+01 4.488332883682473096e+01 2.631417725851495959e+01 4.625952134739155497e+01 4.878505358827381144e+01 3.325492464017652594e+01 5.273139948629366813e+01 7.175784260498227241e+01 6.623556852207019574e+01 6.623133615064827495e+01 6.673698004661035554e+01 5.571183989164259032e+01 7.565650592771125105e+01 8.746220349518628723e+01 7.706030609808574638e+01 9.291912185003778291e+01 9.858438302999014979e+01 1.065821408542803681e+02 1.127111404055110455e+02 1.010053457340326446e+02 8.668084612675352219e+01 8.726119032273363985e+01 8.726120292330772088e+01 8.343343457033265054e+01 7.395890150672698837e+01 9.431333912050975243e+01 1.025295006650002847e+02 9.084669354688809051e+01
5.770538135961587045e+01 3.780547167091910410e+01 4.583369029804787687e+01 2.585437257757655516e+01 4.387446815477508721e+01 3.802888258364238538e+01 5.788924007418780349e+01 7.155791154489092776e+01 5.984649902053145354e+01 3.992811744583325151e+01 3.176369933040096427e+01 4.629026548645848038e+01 2.777965791697512543e+01 2.881994412239304282e+01 2.986984682988348894e+01 3.035011468183833117e+01 5.371834734847011106e+01 4.633508172405849024e+01 5.885566538021272009e+01 4.676879342114673932e+01 6.652995677640963379e+01 7.065394700821211416e+01 6.852152243954031974e+01 6.605579306608001389e+01 8.501552799626706758e+01 7.978803598268724784e+01 9.858438302999014979e+01 1.043774526260740316e+02 8.403791642659899708e+01 7.227767777991142850e+01 8.175332598605723433e+01 6.687189435560250672e+01 6.302200610011102100e+01 7.662966323812597125e+01 9.697937283760533944e+01 9.886791050482065657e+01 9.050123248121502684e+01
5.289135520478213692e+01 4.832446036473495354e+01 2.837806172047389452e+01 2.810813417459869612e+01 4.808094012258602845e+01 5.788924007418781059e+01 6.552861863843310175e+01 7.388520613174223683e+01 5.403147626029743833e+01 5.616483973237982497e+01 3.623737865883308018e+01 5.597781819311620666e+01 4.776512482592961817e+01 3.776624517878021692e+01 4.984265394802764604e+01 3.140908230571000459e+01 3.381684930321028304e+01 3.632375595157065362e+01 3.891500270926722038e+01 5.774001381177468062e+01 4.788954639295731397e+01 5.122155816526276340e+01 5.474998404615219272e+01 5.899270374150497531e+01 6.640547442986841986e+01 7.978803598268724784e+01 9.858438302999014979e+01 1.033335164174067700e+02 8.299558086048251937e+01 6.859057410172962932e+01 6.132542866639764867e+01 5.656904109188835150e+01 5.612549602114937386e+01 7.066126294282913989e+01 9.103865617670322763e+01 9.050123248223665939e+01 7.010982154128191723e+01
3.296514355022940634e+01 3.103023679747234453e+01 4.832447448660741429e+01 4.790818917170178537e+01 3.135616308889282777e+01 4.552724732445933853e+01 6.602408911330526564e+01 8.209157125273978295e+01 7.388520614895983840e+01 6.085675997434572082e+01 4.095062825925791117e+01 6.085675997434572082e+01 6.592408523129020637e+01 4.929866666383656337e+01 5.265681199309746319e+01 3.267681443093317029e+01 5.265701523070303125e+01 5.628660964988058879e+01 5.847418303970313502e+01 4.323593817738845502e+01 5.648167290063123858e+01 6.480271636578520145e+01 7.406912004293363339e+01 7.815440941234498951e+01 6.667866074280705391e+01 8.005413306112464511e+01 9.885391143239833411e+01 1.033335164174067700e+02 8.299558086048251937e+01 8.895242426977067396e+01 7.579307748110609566e+01 7.114971512310810908e+01 5.057890153295055313e+01 6.676400292966873451e+01 7.520254934647529410e+01 7.534638153250276105e+01 6.691241247795997538e+01
5.289135749572253076e+01 3.997063638523257367e+01 5.916968085153215640e+01 5.361871394832734694e+01 3.369841757806368321e+01 5.365356817005588397e+01 7.317080130275165573e+01 8.463796286775307465e+01 7.999684047646202600e+01 6.018703765048717003e+01 4.611136087206052281e+01 6.598919456424677321e+01 7.739290387028682972e+01 6.918511140375720458e+01 5.391222178691140954e+01 3.394692916036695607e+01 4.808762510607218843e+01 6.803480696785106829e+01 7.148202803359009749e+01 6.375634266593612409e+01 7.265926097319496080e+01 8.192713602353438773e+01 9.062275769573514594e+01 9.345411209613605763e+01 7.520881699684223065e+01 8.005413306112464511e+01 9.885391143239833411e+01 1.116756332725079659e+02 1.033335164174067700e+02 1.045056201695014977e+02 8.559263954480930181e+01 6.516725994730984439e+01 6.676400292966873451e+01 4.618577777954910601e+01 6.260657363011640797e+01 6.691241247867691300e+01 4.635239330408324321e+01
6.808773811958357669e+01 5.404973770310311210e+01 6.808509458317472252e+01 5.603787517722633282e+01 3.608933152120685151e+01 4.502951822500814671e+01 5.654926823544480641e+01 7.641099813688386178e+01 7.742961564238768801e+01 5.761422507506576096e+01 5.607902385917045507e+01 7.419303793031332361e+01 7.738647174402882456e+01 5.752877878320858684e+01 5.517725635629241765e+01 3.521664198948115398e+01 5.512376980011309513e+01 6.613504377270001555e+01 6.836520375480398570e+01 7.409656008516319048e+01 8.036297238545553512e+01 8.856304080022184166e+01 9.741141863642906173e+01 1.018921081023820960e+02 8.596463016891563313e+01 9.885391143239833411e+01 1.068540914250444018e+02 1.096581762303438552e+02 1.013139017077277657e+02 1.013139017077277657e+02 9.398009220369445416e+01 8.559263954480930181e+01 7.520254934647529410e+01 6.260657363011640797e+01 4.206751241612673198e+01 5.861669507441345672e+01 4.108794834227032311e+01
7.945233141301713431e+01 7.388708263962291767e+01 7.252688956217747318e+01 5.855025653409529696e+01 3.860884770858396564e+01 4.616501586851551764e+01 6.026197030655229980e+01 8.011176681883431172e+01 8.563072695595236894e+01 6.906815437962100646e+01 7.010466025989973105e+01 8.409992123186557933e+01 7.158318985068366658e+01 5.170725150134126125e+01 3.757545213464205602e+01 5.517725674335611785e+01 3.803357548329556437e+01 5.798471757711484287e+01 4.847527250456985115e+01 5.424255936423907798e+01 6.054683675883664762e+01 6.943039107626171358e+01 8.341504471053508496e+01 1.031921217282637997e+02 1.048230028168102308e+02 1.128804424543616278e+02 1.158172345086391886e+02 1.013139017077277657e+02 8.097973739951247296e+01 8.097973739951247296e+01 9.531895681492824224e+01 9.043321070286327767e+01 8.203938897130778685e+01 7.105672494410792694e+01 5.861669507441363436e+01 3.814530380986190039e+01 3.619588135881517843e+01
8.631449730776182605e+01 7.809067488595619011e+01 6.430065467023189285e+01 4.438069117551152942e+01 4.225938154981407990e+01 6.218886591212825721e+01 6.026197030655229980e+01 8.011176681883431172e+01 9.705721179918990060e+01 8.885158414008648720e+01 8.988902069302426412e+01 8.470840762095585319e+01 6.489343345370384952e+01 5.081926336090730700e+01 3.927402231857554682e+01 5.922062784315590989e+01 5.798471757711489261e+01 4.091042980802197349e+01 6.084751637162004556e+01 7.222714649031840395e+01 8.036297238545553512e+01 8.856304080022046321e+01 9.741141863642906173e+01 1.015317909642985654e+02 1.015317909642985654e+02 1.097488765033566693e+02 1.074936871700135015e+02 8.717539878831887279e+01 8.693547623562730564e+01 6.655599825384376800e+01 7.732849818365320971e+01 7.370576058249190510e+01 6.158890408521602211e+01 6.276618841564191342e+01 4.222596700987863727e+01 5.859443540610486423e+01 5.403328228394133248e+01
