LEM/with_lateral_4open/elevation_000382.asc
nrows	100
cellsize	150.0
xllcorner	0
ncols	100
yllcorner	0
NODATA_value	-9999
[rows 34 to 50 of 100, columns 37 to 73 of 100]
7.430519371538794360e+01 8.446012677087391296e+01 7.616652330721886699e+01 6.461124420331049123e+01 4.461538511714562816e+01 6.461124431601137985e+01 7.802605715616520854e+01 8.804090275124943332e+01 8.759816491438836294e+01 6.747238082130586179e+01 5.334005353124178583e+01 4.711033109584156620e+01 4.163991059426533070e+01 5.899709038135426908e+01 6.705663485254034129e+01 7.814966448566740098e+01 6.872527464175315970e+01 6.043394230395370670e+01 4.360050321997096034e+01 6.357219013736632007e+01 6.339155023379223763e+01 6.339155023381003673e+01 8.342194637920322009e+01 8.141312461491911279e+01 8.141312461491909858e+01 1.014543273264928729e+02 1.049191816940703887e+02 8.489724423212501847e+01 7.074170986158350161e+01 6.256156648389169561e+01 5.794321047156776672e+01 5.428371449909806756e+01 5.081626611259803639e+01 4.751834095420594650e+01 6.366630543684642873e+01 5.470154793306922159e+01 4.000032649172799637e+01
8.256746766498339696e+01 7.616653072095859045e+01 5.614313093953094125e+01 5.038012735910186279e+01 4.960810799320913844e+01 6.961228959425501728e+01 8.576462643601516334e+01 9.578435114701377984e+01 8.759816497437067540e+01 6.747238082131121928e+01 7.336708650430446710e+01 6.703398260478162740e+01 6.150478423532011618e+01 4.429146673218238561e+01 5.029349368897893413e+01 7.272682995914105675e+01 8.357653589693011043e+01 6.356965163009629549e+01 6.353422042838523964e+01 4.682521649192895552e+01 4.925985603924927148e+01 6.925831743495508874e+01 7.785885781820749685e+01 6.729131156959840609e+01 8.141312461491911279e+01 1.014543273264928729e+02 1.052826994973160026e+02 8.526062900478765982e+01 7.110513120092934969e+01 8.258847498592221825e+01 7.799294513568662524e+01 6.592643897078805537e+01 6.516903203542756273e+01 6.203711471336757199e+01 7.622815961866902512e+01 6.213542838865530626e+01 4.372214135422778725e+01
8.687976150678812814e+01 6.683602012825419081e+01 7.616653072092805132e+01 5.639962284268600712e+01 6.961228815072793452e+01 5.744038309902084904e+01 6.744428999304132333e+01 8.749094405761159976e+01 9.590588855068877194e+01 8.759816497165274995e+01 8.535566302329215205e+01 7.034498273423734815e+01 5.037041874277374376e+01 6.418069845958811470e+01 4.730503608805252469e+01 6.131417088611745214e+01 8.141815315972391431e+01 7.947287854116126482e+01 5.945565314447087957e+01 5.835298978166843398e+01 6.925831743495537296e+01 5.296544397553698502e+01 5.812979051753011817e+01 6.673866301501163889e+01 7.831293464047455188e+01 9.837046083094298865e+01 1.052826994973160026e+02 8.526062900478765982e+01 8.526062900478765982e+01 9.112495767865408425e+01 9.423408547632041632e+01 8.595674816437750110e+01 8.520781086544789673e+01 8.212403149852846695e+01 7.504440129152376926e+01 7.257159120243798611e+01 5.869863456307719929e+01
8.101216951064284899e+01 8.687976150678812814e+01 8.276214774382873429e+01 6.271939629408824146e+01 8.276214755998097417e+01 6.638616594676817328e+01 7.746761704559418149e+01 9.578435114701402142e+01 1.047229855956855147e+02 8.465351871439337117e+01 7.703972596045535681e+01 5.695549627736531306e+01 7.034498273423734815e+01 6.940301813081683235e+01 4.945730823492162642e+01 6.350817214915522868e+01 8.361774809770298589e+01 8.776170896064638782e+01 7.360875251369215277e+01 7.250518150834109576e+01 7.625211102177080136e+01 5.779605127541585574e+01 5.506224421349354259e+01 8.455830862624900135e+01 9.508921830295446398e+01 1.066631419861035255e+02 1.135777648429156557e+02 1.052826994973160026e+02 1.052826994973160026e+02 1.111489231449561430e+02 9.307129919099948268e+01 8.474850866500786140e+01 8.919372759443528764e+01 6.918355843841543162e+01 5.503794355411534411e+01 6.089769935788017108e+01 5.068748903566937258e+01
1.010412667067152768e+02 1.027978414178567164e+02 8.276214774383151962e+01 7.273653791436966287e+01 9.105649709633719624e+01 7.796058673297081043e+01 9.472668568416430901e+01 1.057954005450229005e+02 1.045521191813989361e+02 8.465351874291140177e+01 6.450931650103458992e+01 7.703972596045535681e+01 7.316032487841438581e+01 5.310179579792639259e+01 6.940301813081848081e+01 5.565681698386262610e+01 6.986052406326943753e+01 9.000285452362768979e+01 9.363621443681417134e+01 9.254461815116071932e+01 8.451934338214164200e+01 7.625211088871941456e+01 5.916933261007304878e+01 7.041625875501937060e+01 8.242126652995742120e+01 9.666065008487615273e+01 1.166838712408670062e+02 1.094400799670420099e+02 1.011403248297646797e+02 1.003313270722646706e+02 8.474512396380394819e+01 6.473001020629968139e+01 7.059448919518906962e+01 7.885110289584423526e+01 6.089400068309468139e+01 4.089378334805529391e+01 3.333209698495898010e+01
9.181896042504476441e+01 1.000850670500946222e+02 1.010760149220116659e+02 9.278775756099949490e+01 1.010760144428784315e+02 9.800582021981780656e+01 1.062935829724718531e+02 1.104254351944406523e+02 9.039551358209878629e+01 7.615541687899678891e+01 7.459542742842351970e+01 8.751960754974746237e+01 6.735054609995906105e+01 5.574246580812696550e+01 7.587499449241008165e+01 7.576007746519276509e+01 6.271837417477594556e+01 7.700267409887010217e+01 9.711289640410579693e+01 9.869260205962194732e+01 7.860558008115329187e+01 6.664979856555643778e+01 8.078571900593840382e+01 7.063005643795514743e+01 8.506626284853672360e+01 1.051251728812980559e+02 1.094400799670420241e+02 9.787932832568469621e+01 8.112213740267347362e+01 9.212004238231459397e+01 7.213600127995651690e+01 6.058647891612312719e+01 5.058506082567218698e+01 6.206076883518155540e+01 5.615220660226358973e+01 3.614816258756901135e+01 5.333477333734666814e+01
7.181137912458063965e+01 9.008880881945306385e+01 9.933898702974849471e+01 1.018783571859120940e+02 9.362597379349587357e+01 1.018783590121008871e+02 1.027426144196928277e+02 1.109947329513224901e+02 1.045521311487556630e+02 9.626214178892217888e+01 8.623934720604482607e+01 9.582266908383859061e+01 7.872992865494090609e+01 5.854249559326927965e+01 7.872992865494090609e+01 8.926961365097267276e+01 6.910442736647529216e+01 7.920470116209284583e+01 9.930307697142390566e+01 1.069850453146314635e+02 9.197908277421603884e+01 7.184295530696550713e+01 9.197908277421603884e+01 9.094138157392170285e+01 8.506626284853672360e+01 1.051251728812980559e+02 1.011403248297646797e+02 8.112213740267347362e+01 6.957091415359749931e+01 7.957686654182128905e+01 7.422960350699393928e+01 7.044510569531246347e+01 6.204950824539556464e+01 4.205630920131586947e+01 3.919890530473077916e+01 4.169613279023968033e+01 6.169867760834061698e+01
6.176630026739024260e+01 7.105320243795598856e+01 9.107256536600320374e+01 9.192022864289367590e+01 7.371252211419712808e+01 9.192023003529374137e+01 8.282198709478613807e+01 9.949325810139124826e+01 1.109947337945763763e+02 1.145677182135761143e+02 1.062849363393037123e+02 9.591027291753948703e+01 7.578380347834466590e+01 6.146288421666815083e+01 8.167870989574100804e+01 9.638063460385649250e+01 7.626763005606535728e+01 9.638063460388298154e+01 1.075895506193170661e+02 1.120140542846811940e+02 9.197908277421605305e+01 7.900758211556990318e+01 8.610806798663551831e+01 1.061529662992861347e+02 1.051251728812980559e+02 1.134159057879071923e+02 1.011403219001053344e+02 8.112213740255516825e+01 6.957091415359710140e+01 5.956924014078495588e+01 5.422333316777434931e+01 5.044318471773960511e+01 4.690730953521270408e+01 6.206076883518155540e+01 4.253252034788732772e+01 6.169897808912544690e+01 5.064125905858525556e+01
5.460757745781985051e+01 7.472682398290145045e+01 9.000921972589476638e+01 8.175506780922447092e+01 6.369770127358589207e+01 8.128392040233755722e+01 7.132640593171362298e+01 8.282198709478613807e+01 1.027426144220651594e+02 1.199455969154349049e+02 1.084003775260962925e+02 9.943169568524677970e+01 8.476189460688539157e+01 6.454410040463288567e+01 7.887434309921488307e+01 9.897570130458581161e+01 9.638063460388298154e+01 9.051734980622234161e+01 1.105358562824511210e+02 1.132325005428956786e+02 9.320855385770106238e+01 9.060830634013915130e+01 1.061529662992861347e+02 1.144424934761330377e+02 1.193817768073019039e+02 1.111370054263349232e+02 1.094399708415724604e+02 9.431678471931027730e+01 7.430234138961712631e+01 6.275250687548312811e+01 7.422960350699393928e+01 6.458790117867030744e+01 6.691945363818459214e+01 6.591846866578013930e+01 4.591330211643521864e+01 6.591846866578013930e+01 7.064486070385578387e+01
4.913948489656094409e+01 6.934972917026587425e+01 7.444494110099864770e+01 6.173383842699630719e+01 5.603121042264617557e+01 6.128690346677237955e+01 7.286652177629952121e+01 8.694589052808659346e+01 1.068726414950036769e+02 1.116668033161306823e+02 9.166570044351625768e+01 8.003891529985040165e+01 7.097281726529378432e+01 8.476189460688539157e+01 7.132005304359508102e+01 9.148281538851149719e+01 1.092265234703229027e+02 1.105358562824511210e+02 1.188127091977865462e+02 1.215204733489448046e+02 1.132325005428956786e+02 1.106370088293299574e+02 1.189245866197831702e+02 1.115730436337689468e+02 1.033265139521366081e+02 9.121923098513804007e+01 1.078844656202932839e+02 1.026146022130646003e+02 9.032535952193870799e+01 7.031310893425077779e+01 9.032535952193870799e+01 8.459817194985851074e+01 8.560020527271791480e+01 6.945504511742419140e+01 4.944914615200256236e+01 6.359382639920192304e+01 8.360527610538281351e+01
4.412928485500200537e+01 6.225697724680232881e+01 5.708961360526182460e+01 4.998909602142189357e+01 7.019664176428435098e+01 8.128392040233765670e+01 8.953477218227662604e+01 9.859677590622229104e+01 1.068344211984333754e+02 1.138421930671298554e+02 9.384585071966210990e+01 7.961912410788823991e+01 8.526681178034964148e+01 9.907556846031522468e+01 7.898703206600087867e+01 8.087192290304818698e+01 9.509006283305387797e+01 1.150823595920955285e+02 1.266980693362158092e+02 1.152406716697575177e+02 1.069931532366750986e+02 1.152406716697575177e+02 1.174002236435726729e+02 9.749699252504215963e+01 8.337276941698597454e+01 7.966756321008070074e+01 9.896149760719664812e+01 1.130590918889399035e+02 9.862201948315912148e+01 8.446156870316244181e+01 9.862201948315912148e+01 9.145610467221753481e+01 7.144034760181830279e+01 5.729483033962913652e+01 5.522341454978949571e+01 6.578257939194283210e+01 8.579564893635942724e+01
3.936156128374058483e+01 4.188561140470262956e+01 4.446739318465323976e+01 6.486846638599713799e+01 7.407767571705062437e+01 7.847832085476213138e+01 8.452207323142192763e+01 7.869214049715084514e+01 9.859677590622229104e+01 1.116073166286950027e+02 1.067820896864479892e+02 8.675839289694516765e+01 1.053157240411854758e+02 9.540643092541593262e+01 9.321816156962914590e+01 9.509006283305387797e+01 9.727747760187334336e+01 1.172672598029625988e+02 1.067995333236252264e+02 1.052714825099016167e+02 8.704354663829528249e+01 1.052714825099016167e+02 1.072351528362854651e+02 1.014030297389682431e+02 9.070665783094241874e+01 7.069942529854843372e+01 8.486390332544738158e+01 9.923134336367991182e+01 1.074806043231868813e+02 1.044818063670028181e+02 9.886807139135392219e+01 7.884741593746397825e+01 6.729651365861363388e+01 7.730282711715564403e+01 6.125439669939157739e+01 8.126364245890117388e+01 9.409730365857583934e+01
5.670739789909562489e+01 6.225697724680232881e+01 6.486846638599713799e+01 4.963662836971742109e+01 5.383543544900796007e+01 5.831203140455973255e+01 6.447721427222248280e+01 7.351238806816455451e+01 8.348999766906736397e+01 1.033681935933626193e+02 1.150592549655230954e+02 9.679635605885924576e+01 1.150592549655230954e+02 1.095516264025137616e+02 1.132165996161472776e+02 1.150823595920955285e+02 1.172672598029625988e+02 1.093715455490165311e+02 9.269702008369968382e+01 9.701834993748511238e+01 7.702806542574148807e+01 9.701834993748448710e+01 8.728703081098656469e+01 8.143999261586280625e+01 8.554081260813437382e+01 6.551325893165835623e+01 8.554081260458598024e+01 7.926027610774087862e+01 9.339750127771399946e+01 1.133154840483615686e+02 1.071758692673213176e+02 9.561082662392176701e+01 7.884741593746397825e+01 8.793446884900724569e+01 6.792198490033131009e+01 8.793446884900724569e+01 1.011029228515111811e+02
5.078174775477834402e+01 7.101318284637794420e+01 7.757267786572451485e+01 5.739371215435907203e+01 7.407767571705062437e+01 7.847832085476213138e+01 6.917513339017369844e+01 8.075177454506476238e+01 1.006493131023286622e+02 1.116073166287030887e+02 1.250475660442044585e+02 1.167678233140368604e+02 1.250475660442044585e+02 1.295238603377848960e+02 1.269986301713137493e+02 1.187522587456471683e+02 1.124330423319340895e+02 1.009159846041568329e+02 8.114553235794952002e+01 8.848729764612178883e+01 7.034129996559600784e+01 8.140455800216430760e+01 8.728692052543669888e+01 6.726217474712171907e+01 7.572569488136045379e+01 6.076294127368412745e+01 6.657713273991367942e+01 7.660940616016340243e+01 9.075577846957889960e+01 1.106807128466617627e+02 1.153624866501366739e+02 1.071758692673213176e+02 9.886807139135392219e+01 9.623601691628157084e+01 7.792488266024908228e+01 9.623601691628157084e+01 1.094002106998214003e+02
7.101318284534232816e+01 7.930839572315684904e+01 8.583253821456217736e+01 6.911849708632952627e+01 8.583253821456219157e+01 9.740107393373327227e+01 8.916146386008145441e+01 9.740107393373327227e+01 1.088873914268808107e+02 1.195115610190359234e+02 1.111657109150086171e+02 1.122737329898814664e+02 1.206207887007386148e+02 1.328127950951861180e+02 1.129281938954283078e+02 9.884945532398027979e+01 1.041849629031952276e+02 8.422212628445181792e+01 7.265064759348646817e+01 6.846747684236802911e+01 6.485991846492869684e+01 6.135314203067855487e+01 7.717705758745537992e+01 7.483881920693785617e+01 5.561099502673122430e+01 7.572554689287909468e+01 8.660044437311807997e+01 9.486008987433949358e+01 1.048417202467815343e+02 1.095539736520886720e+02 9.555930116068357449e+01 1.054603752713716034e+02 1.136475276122166918e+02 1.062504952700703029e+02 9.794401319329381295e+01 1.062504777382633421e+02 1.180536838784192781e+02
7.042677234393120500e+01 7.757350632339445440e+01 8.586300960806370597e+01 8.912130357856423757e+01 9.736352090102109003e+01 1.090198130543105606e+02 1.020025106552873524e+02 9.367907588099762961e+01 1.020025106552873524e+02 1.079145514149530527e+02 9.110480494687688235e+01 9.220877839148330679e+01 1.063815625069235580e+02 1.264986908816529763e+02 1.176566585034396013e+02 9.775186500442386262e+01 8.621197271140205487e+01 7.953012071849511244e+01 9.265941380801497473e+01 8.848729764612178883e+01 8.489163168414155791e+01 7.717737317373439510e+01 5.708474902741279067e+01 5.471105896395285839e+01 5.237184851955530718e+01 6.991891919903798680e+01 7.806391818309060682e+01 8.964312233534973018e+01 9.229671241646410351e+01 9.965196740863856917e+01 8.154687060370815743e+01 8.565101377494862334e+01 1.054600905341760466e+02 9.856920443996384051e+01 9.020937565757577659e+01 9.281979840760141087e+01 1.011546990531325463e+02
5.010355542014957564e+01 5.735949008253547987e+01 6.908950461659280506e+01 8.916286818063593955e+01 1.047436019830124678e+02 8.896260525311068079e+01 8.896260525311066658e+01 7.366878569552289946e+01 8.726526912414142600e+01 9.104518190943859679e+01 7.955931336841385360e+01 9.958354145411998104e+01 1.102496505030073308e+02 1.185947500758637290e+02 1.259023058029601287e+02 1.136030417838468907e+02 9.367775725325405745e+01 9.367775725319957303e+01 1.077636076128143685e+02 9.730312293480542962e+01 8.285851691501447647e+01 6.280224826972275309e+01 7.632980038224138752e+01 7.483909593043493658e+01 6.991891920280851025e+01 4.968867950368507991e+01 6.143280407663841203e+01 8.147458001862540300e+01 7.242952446298093605e+01 8.301080776331247080e+01 7.165361172179079574e+01 9.145069647062821616e+01 9.703681193076063494e+01 8.688767540256337440e+01 6.996505575955164602e+01 7.259749758420953469e+01 9.281965484576338099e+01
