LEM/with_lateral_4open/elevation_000158.asc
nrows	100
cellsize	150.0
xllcorner	0
ncols	100
yllcorner	0
NODATA_value	-9999
[rows 68 to 84 of 100, columns 37 to 73 of 100]
6.909335684954012891e+01 7.056917542103856533e+01 8.460710868047823396e+01 8.647646095917589548e+01 7.226190940486952741e+01 5.249564985850307863e+01 4.842365868175596688e+01 4.572864575942058707e+01 6.579996373516601693e+01 7.825150646970766388e+01 8.977548809801332652e+01 9.916993623338312602e+01 8.930260864360353423e+01 7.859943981089492127e+01 5.911163732053036313e+01 6.960567492549954238e+01 8.158250040669489067e+01 7.870072156078788339e+01 9.827171073345465402e+01 1.032326023823666787e+02 8.338630401811668946e+01 6.960311733161545078e+01 6.810076141514856829e+01 8.610195550119564700e+01 9.675722965038228551e+01 9.430529843620831798e+01 8.853858536394284329e+01 9.430791225256275823e+01 8.109117927887550081e+01 7.258558990223420437e+01 6.250550126499481252e+01 5.120641039962454499e+01 3.150228935939539099e+01 3.235750329545312809e+01 4.970985337963448103e+01 3.777605697998566825e+01 5.741151278984647632e+01
6.319358401765256161e+01 5.657760517708307901e+01 6.977355726223407828e+01 7.800049134696395470e+01 7.987643857586417084e+01 7.204150101440160370e+01 6.316900890574765270e+01 4.294585699298752246e+01 5.215918380709997848e+01 6.216256066079289866e+01 8.182419817842735199e+01 9.095971493010500808e+01 7.126091922969389714e+01 6.144309297554603688e+01 5.485532898950388159e+01 7.448831901292832924e+01 6.513561009370344834e+01 7.870072156078788339e+01 9.827171073345465402e+01 1.106261801171615673e+02 9.749784296895145985e+01 8.338630401811668946e+01 8.186556549829482776e+01 9.595935178581456171e+01 1.004790907717011095e+02 8.922779052498272279e+01 8.113472397607952757e+01 8.922779052498276542e+01 7.311835163660671810e+01 5.327735439639821635e+01 5.130558227866057308e+01 3.509248766611118242e+01 5.123438312919844151e+01 3.682161434957977519e+01 5.651525552933572527e+01 5.741151278984801110e+01 4.661219446996737759e+01
8.296050794838784270e+01 6.977355726223407828e+01 4.984541925917064020e+01 6.389706996284115093e+01 7.174929375372582285e+01 6.505142069197427190e+01 5.817892009222468630e+01 4.077412281461872112e+01 5.109203534796856161e+01 7.100895507388658245e+01 8.977548818525941954e+01 9.916993623338312602e+01 8.930260864360353423e+01 7.059774360170050045e+01 5.086577186812595386e+01 5.551938455709192510e+01 6.931338640896838399e+01 8.893462546637935873e+01 1.026211054998919536e+02 9.079027731083138519e+01 1.048347378108122285e+02 1.032326023823666787e+02 1.016830999290627631e+02 1.092818932417022637e+02 9.235741189165320009e+01 7.291914622439051641e+01 6.165646797497895903e+01 7.072315819779505830e+01 6.673023175452283340e+01 5.844520366121298593e+01 3.879603821068376845e+01 5.476867701736205873e+01 6.114319549642632268e+01 4.150850909450211645e+01 6.114319549642632268e+01 7.427695260863862359e+01 5.639780129083926852e+01
8.675505205109902818e+01 7.800049134687159835e+01 6.389706996284115093e+01 4.375068541154026036e+01 6.389493659385647817e+01 5.817881957416942384e+01 3.782401652719300955e+01 5.817892009222468630e+01 6.907702821626249090e+01 7.100542280057484845e+01 9.068693753502182631e+01 9.406990764915026659e+01 7.431422252508652093e+01 6.723663500557552197e+01 4.738990691995082472e+01 6.723663500557552197e+01 8.322666198884985533e+01 8.281788502427698972e+01 8.281788502427698972e+01 7.681699406252529627e+01 9.492896946986566320e+01 1.037871031612715456e+02 1.152481594043803028e+02 1.011307401621613309e+02 8.167185928442060572e+01 8.524263045681809103e+01 7.072315819779505830e+01 5.116189346482760669e+01 4.715803369529504607e+01 4.331889255021558682e+01 4.336042317070648977e+01 6.277956549918092577e+01 6.929837443904705196e+01 6.114319549642632268e+01 4.923924080727651642e+01 6.882559609889908359e+01 7.016572126063358894e+01
6.695388134660670687e+01 7.058746387251609633e+01 6.008991556854104488e+01 3.980206234866719228e+01 5.610301457469602582e+01 5.340579128556061761e+01 3.582237110524602031e+01 5.032617373926156290e+01 7.033361991883263897e+01 7.269493535043457655e+01 8.103752017646947081e+01 9.103686871737818365e+01 7.431422252508652093e+01 5.454219934419658244e+01 4.445958161922361995e+01 6.442821093462890758e+01 6.884173100081530094e+01 6.305261845419389743e+01 7.829313699898966661e+01 6.697267541593433293e+01 7.577522485020729448e+01 8.717441971874168871e+01 1.070001782931477550e+02 9.899118623899600777e+01 7.954779218879848202e+01 6.580206344184250611e+01 5.887530618484595379e+01 7.072315819779505830e+01 5.208851035151366915e+01 6.289180791498829137e+01 6.277956549918092577e+01 5.111017693620041058e+01 7.145435007132186911e+01 7.575222640981723998e+01 5.616075735532706403e+01 6.521842420501036486e+01 8.487567044121242077e+01
5.608681874743364659e+01 5.068325722167682557e+01 4.607538492223169868e+01 5.610429253040469177e+01 3.574704596412860980e+01 3.305858886270559083e+01 5.114282204725360970e+01 5.936816638491793441e+01 5.853188127412828834e+01 5.266535219109867683e+01 7.269493535043457655e+01 8.282634666937944701e+01 6.303562250304997860e+01 6.175829870824871648e+01 4.167761585451773954e+01 4.476762105404765890e+01 4.894646459012198392e+01 5.371448147137290619e+01 5.855869997667344506e+01 6.842173091258098339e+01 7.979819350413710310e+01 9.959318895772453573e+01 1.043729091699852489e+02 9.601041042596786212e+01 9.334123272426323581e+01 7.836935207361916866e+01 7.267492781532045854e+01 7.813159280102661342e+01 5.863239211533285555e+01 7.813159280102661342e+01 7.822008077487993205e+01 5.792288866420573612e+01 7.822008077487993205e+01 8.394239885389862366e+01 6.592231306330596396e+01 8.394239885389862366e+01 9.308680649798264994e+01
7.587647087792528566e+01 7.058746387251609633e+01 6.613674796156861646e+01 6.436185917559458858e+01 5.610943217892597090e+01 5.117727962939004271e+01 3.084963159095540064e+01 4.897957292583102173e+01 3.828214720331892096e+01 5.266535219109867683e+01 7.269493535043457655e+01 8.066207495367639524e+01 6.087045751690818918e+01 4.669873581231914272e+01 3.894333284517409055e+01 5.911874130216076395e+01 6.118335698432273517e+01 6.652776350802373884e+01 7.251615322645004369e+01 8.071836652378186727e+01 9.214317555852561270e+01 1.078316863217193458e+02 9.272173262630708734e+01 7.583347173488978399e+01 9.272173262630708734e+01 9.783999413411108037e+01 9.211690834791029658e+01 8.622111564581302900e+01 6.840921186631175033e+01 8.622111564581302900e+01 8.637312153990473007e+01 6.832172181846024728e+01 8.637312153990473007e+01 9.379791102974984085e+01 8.558213975632847337e+01 9.379791102974984085e+01 9.564195052067222491e+01
7.296948500713268970e+01 6.697814413353977159e+01 7.491946093695253239e+01 6.868240110402278731e+01 6.964989075210208114e+01 5.645424729228374616e+01 4.781355248260926771e+01 2.866571913538199823e+01 4.898606508832396145e+01 6.685143609770540252e+01 7.782783760489527936e+01 6.959985133496168430e+01 7.487034167781990845e+01 5.701971126249571853e+01 3.678738936330266540e+01 5.405643103495960844e+01 4.104617148421886696e+01 4.653081146619274477e+01 5.265499799777567347e+01 6.415825581773800934e+01 8.393325365144397665e+01 9.568487031731832815e+01 8.436124944125150193e+01 6.420160060559835813e+01 8.436124944125150193e+01 9.292700793368899781e+01 9.513450065504851239e+01 9.596276929907195097e+01 8.785397373574150492e+01 9.596276929907195097e+01 9.624575987322097603e+01 8.811843973129968788e+01 9.624575987322097603e+01 9.693389267332837278e+01 1.005037028490202573e+02 9.214131511318907997e+01 1.005037028490202573e+02
5.402318742032943533e+01 4.779263690300431477e+01 5.945296611762407935e+01 4.943616053689891743e+01 5.108395391691380638e+01 4.293547050923329778e+01 3.542008556110884854e+01 2.716695117111800784e+01 4.437830958253996982e+01 6.766988249779036835e+01 6.630264032713941447e+01 4.959698508947963091e+01 6.630264032713941447e+01 5.964992199163064157e+01 5.137747857758121484e+01 3.378536301211688198e+01 5.406428075383209375e+01 6.652776350816318995e+01 7.251615322659468177e+01 6.672334101659836847e+01 8.650123902824940103e+01 8.732418458507595460e+01 6.716865444330116475e+01 5.710117840688594981e+01 7.723373724223651493e+01 7.276004189458565463e+01 7.496578035880764901e+01 9.513450065504851239e+01 9.329402285261811301e+01 8.495612536018715844e+01 8.234936574450699709e+01 9.068470450439232877e+01 9.103267380691308119e+01 7.676755706294680692e+01 8.050175377424390888e+01 7.198100349632160544e+01 8.623141312450754015e+01
7.048449617751157348e+01 5.137731333297896441e+01 3.986630343231951912e+01 3.527590509809673591e+01 3.109503225060913678e+01 3.538419045125976226e+01 2.506623980408391006e+01 3.901447430235376856e+01 4.854396708716709696e+01 6.931708408076134731e+01 5.805119026595345844e+01 3.785195875190398596e+01 4.725425069282004387e+01 4.892420232870725982e+01 3.107715064155097551e+01 4.941640396353386677e+01 6.131291105806383968e+01 7.272463604534829074e+01 8.092372649276160246e+01 8.650123902824940103e+01 9.471339233077443964e+01 8.581965486940903531e+01 7.086726313753102602e+01 5.076362686177543537e+01 7.086726313484918194e+01 5.853176424836829028e+01 7.044671169391891397e+01 9.060341118068453170e+01 8.495612536018715844e+01 6.489946203886312048e+01 6.230011030196430966e+01 7.909674244573987778e+01 8.095964031821780793e+01 6.254183265907284550e+01 6.037651667079592244e+01 7.042273363124314756e+01 8.467116441409804395e+01
7.844655409073472185e+01 6.739573853130502812e+01 5.945296611762407935e+01 5.503528396504962217e+01 4.541198774435876118e+01 2.542002355317208639e+01 2.359754004853088105e+01 4.310518515855468991e+01 6.409397040667325030e+01 6.333138808931809649e+01 5.325717549809756690e+01 4.496004602926337412e+01 2.693223168627567077e+01 2.861246100750470589e+01 4.892420232434209737e+01 3.772263662986073030e+01 4.499236204840655518e+01 5.271781402942701789e+01 6.434835282191029648e+01 8.416685171785799469e+01 9.150222176613924319e+01 7.746266470624522071e+01 5.733396423056785807e+01 4.575951386735246729e+01 6.584135405594481938e+01 5.034496551584213364e+01 7.044671169654064613e+01 8.600421102103004500e+01 8.579405260608159267e+01 7.077392271770342802e+01 5.074947007387558529e+01 7.077392271770342802e+01 7.260798633530828283e+01 5.251625414349814491e+01 7.260798633530828283e+01 8.885935959886623436e+01 9.894268516218753007e+01
7.154564801016896070e+01 6.330573874991593897e+01 5.659717948595995551e+01 5.048763848722053638e+01 4.194190457444626219e+01 2.154141643687439966e+01 4.139134944905499225e+01 5.302050035821496721e+01 6.923811543704370308e+01 4.921624166758827812e+01 3.483876402889965362e+01 2.461973553319322150e+01 4.496018537569290885e+01 3.583743054855158761e+01 5.607410170034182073e+01 5.218276514818796841e+01 4.798290882068398133e+01 6.816820977164553597e+01 8.092372649276160246e+01 9.235904278484157715e+01 8.314313406944161500e+01 6.299730997487516504e+01 5.140633731708513210e+01 4.139361915655688762e+01 5.589396396933798172e+01 4.401392077279938775e+01 6.408998140799521082e+01 6.577743250358825833e+01 7.083741430081082058e+01 5.860854318493689163e+01 4.471846617050170636e+01 5.917516231534867899e+01 6.242854597898927693e+01 4.814891708514182511e+01 6.232864387333583522e+01 8.245532033163814845e+01 9.515500325838851836e+01
5.333647095557102347e+01 4.318006095804812361e+01 3.633413182593410085e+01 3.014868886971970952e+01 2.446923677536925368e+01 2.019333671798016638e+01 3.466479328073911859e+01 5.492137570653011380e+01 6.219342873852357911e+01 5.391913600174785159e+01 4.337640108641256376e+01 2.302141108323470675e+01 4.337643236032383243e+01 4.499088976045975841e+01 6.428607259348017067e+01 7.230202284848313354e+01 6.232211525406673047e+01 6.232211525406673047e+01 8.228193044289966451e+01 9.031068993085436603e+01 7.014628683314558089e+01 5.853409541385241255e+01 4.956587605419375819e+01 4.139361915655688762e+01 3.584522335339087107e+01 5.199935230913078499e+01 6.033261823110395028e+01 5.176624431919137947e+01 4.982840476809494845e+01 5.167184090202798075e+01 3.894396600496317973e+01 3.912844707587968429e+01 4.237334593497115520e+01 4.904300193034410427e+01 5.661270418346833821e+01 6.664908620476924739e+01 8.679465306657384360e+01
7.154564801016896070e+01 6.330573874991593897e+01 5.440644822469605657e+01 3.412701167219708509e+01 3.932315714449454447e+01 1.892138957442023539e+01 3.932312406716563657e+01 5.806710125063474237e+01 5.392064361077732570e+01 3.367207518325206905e+01 3.960290505020069673e+01 2.143873817578147012e+01 3.588307871970936702e+01 5.610453769737493701e+01 5.922631621183451500e+01 7.901028777470017417e+01 8.228193044289966451e+01 8.228193044289966451e+01 9.048167690980029931e+01 9.867169160086307045e+01 8.702624386965277381e+01 7.418062652493331655e+01 5.406618026936304489e+01 6.145913371287800686e+01 4.611678018613413599e+01 3.195834387162867785e+01 4.830950357219006008e+01 5.538243843164454461e+01 3.557307497034280885e+01 3.163854833284136703e+01 3.465526073069980129e+01 5.469258051525187625e+01 5.393449881439854465e+01 6.912131126396825209e+01 7.672186963567141049e+01 8.507663963211079761e+01 9.515500325838851836e+01
7.751090958438143730e+01 5.758151147060007702e+01 4.591596337589696475e+01 5.440644697286384712e+01 3.805630455506704379e+01 1.766326208022534772e+01 2.947100311350725832e+01 4.978337980553408926e+01 4.583179940535514163e+01 3.748966121713825572e+01 1.922626924907185142e+01 2.603914158325284944e+01 4.047062961690568272e+01 6.055049213960814569e+01 7.901028777470017417e+01 8.714972150198610734e+01 9.097494557664586523e+01 8.283124091597868244e+01 8.227374725311720738e+01 9.041538181754457071e+01 9.434246359006802152e+01 7.418062652493331655e+01 7.418062652493331655e+01 7.454845253323451004e+01 6.033261757572214634e+01 4.830950355878962910e+01 2.827612299393539885e+01 4.471140219677634065e+01 2.801736938002705202e+01 4.217117199824341611e+01 5.469258051428690948e+01 6.302409192518496894e+01 7.403158415824752581e+01 8.238222721104617108e+01 8.229963084718460209e+01 9.061352842045045008e+01 1.014006952453271282e+02
8.574649503046772736e+01 7.424818864120877038e+01 6.600466621860245198e+01 5.114738631355866971e+01 3.085972261739919986e+01 1.642332296452698515e+01 3.504359438576523189e+01 4.339701248835108061e+01 3.541018522500975507e+01 1.711764804727385325e+01 3.155200727427006768e+01 4.635188518625615473e+01 3.896146809387686005e+01 5.325645121816462080e+01 7.310178033092626038e+01 8.406517022761822489e+01 7.593857730374995185e+01 6.333584419340920846e+01 6.277837906487166464e+01 7.913262269022067130e+01 9.041538180794687207e+01 8.219356406878496557e+01 7.392307750788833687e+01 7.392307750788833687e+01 6.217424400087825376e+01 5.061201920794525932e+01 4.230301711576739621e+01 2.470585322438968134e+01 4.471140220289417044e+01 5.637901201023148445e+01 7.058684338497614874e+01 7.792126831043603374e+01 6.959833456340648183e+01 6.587424389182041295e+01 6.218272241297992764e+01 7.298480126951790226e+01 9.136332334901693741e+01
7.737194489103121953e+01 6.729692164361271978e+01 5.900595148910101528e+01 5.216020208736084385e+01 3.909568548765499685e+01 1.916698626018354901e+01 1.468784808073053050e+01 3.335403842780935690e+01 1.505720567422142686e+01 3.541018522500975507e+01 4.583179899843478466e+01 6.011158882940991077e+01 5.906901354041367114e+01 6.726703699350882459e+01 7.683778003163124026e+01 6.870448450560239451e+01 5.638971752999805886e+01 5.199286685067699665e+01 5.143008732519069071e+01 6.277837906487166464e+01 8.227374725311298675e+01 7.392307750788833687e+01 5.385180436012502270e+01 5.385180436012502270e+01 5.386872079198184338e+01 3.383117186998629222e+01 2.237311202289568612e+01 4.230301565360388594e+01 5.303635139473212234e+01 6.662563916694703892e+01 7.171367318225316012e+01 6.338795910825336222e+01 4.947441774323424113e+01 4.574724600244321948e+01 5.287310791037397451e+01 6.292151033008743610e+01 8.304809220894844657e+01
