LEM/with_lateral_4open/elevation_000171.asc
nrows	100
cellsize	150.0
xllcorner	0
ncols	100
yllcorner	0
NODATA_value	-9999
[rows 0 to 16 of 100, columns 37 to 73 of 100]
8.884754177262699226e-02 6.929726548558100274e-02 7.395023591448830758e-02 4.828361932999872264e-02 4.897713358561925356e-02 8.568734790590110117e-02 1.075183056328203948e-02 6.823539046102447547e-02 7.194897206013613211e-02 1.557559815681563986e-02 7.704183385687686514e-02 1.685416958384493638e-02 9.680445094065920353e-02 7.639902522890137937e-02 4.559330980047965332e-02 5.839666421669215124e-02 9.739037529851846120e-02 3.670263267501718690e-02 2.041064012308905357e-02 6.895211126444661387e-02 9.031524355919069713e-02 1.560024811392830661e-02 7.641644294168103979e-02 3.888124420523987601e-02 6.873285589001959517e-02 4.772367030474261584e-02 9.504926490987847254e-02 5.760415539182907330e-02 9.666222459857021221e-02 9.627991409191682948e-02 1.286757495974483190e-02 9.381044340810595905e-02 7.584058927755046864e-02 1.435327048224320848e-02 5.777975670406795827e-02 2.716720951219454838e-02 4.735230246529398453e-03
2.008884754177227094e+01 3.231574925653953656e+00 2.007395023591413263e+01 2.004828361932964498e+01 6.715643800252314222e+00 2.008568734790554444e+01 1.415351105231402151e+01 1.913171242247105752e+01 6.813402197806193161e-01 4.093196094387061557e+00 2.007699404379998498e+01 1.156385954962985352e+01 2.009680391337340666e+01 1.421853464895997732e+01 7.604882769984991242e+00 2.005839666421633538e+01 5.644392337550833361e+00 2.003670263267466112e+01 2.002041064012273353e+01 3.848596841356727083e+00 2.009031524355883391e+01 2.001560024811357152e+01 2.007641644294132632e+01 1.711365264219419702e+00 2.006873285588966382e+01 2.004771116135552589e+01 2.009504926490952315e+01 8.222660810336352100e+00 2.009666222459821583e+01 2.009609788235113825e+01 5.176845369902989269e+00 2.009381044340775091e+01 1.421797621300862602e+01 2.001435327048188739e+01 2.005777975670371305e+01 1.693833876178862941e+00 2.000473479944377431e+01
2.643413800154409898e+01 6.434138001755682623e+00 2.643413800154409898e+01 3.378671161211855889e+01 1.378671161211785190e+01 3.378671161211855889e+01 3.417370720469549639e+01 2.394409514948040396e+01 1.290945048228230529e+00 1.719389877656835353e+01 2.652334542171156428e+01 3.156374279617075729e+01 3.984671723997534087e+01 3.421853464896068431e+01 1.576984857926218098e+01 3.141789502944749657e+01 1.141789502944714130e+01 3.141789502944749657e+01 2.769759863595460558e+01 7.697598635954248536e+00 2.769759863595460558e+01 3.620419371718205781e+01 1.732700767869927461e+01 3.389727980812794694e+00 2.339050365539480936e+01 3.373868043779461345e+01 3.651138966911176453e+01 1.977096036341485075e+01 3.651247140744347064e+01 3.052195872844743363e+01 1.052207020815152383e+01 3.052208229597338018e+01 3.421797621300932946e+01 3.336631789654973801e+01 1.336631789619313437e+01 3.366317896193047776e+00 1.491332327998572893e+01
2.976747133472315809e+01 9.767471335088986351e+00 2.976747133472315809e+01 4.207098285958075223e+01 2.533371699591057080e+01 4.207098285958075223e+01 4.502609588031678101e+01 3.155800508913317159e+01 2.151378587505368856e+01 2.157958663710033864e+00 2.222955258752428520e+01 3.529407158127952471e+01 4.699455199086303026e+01 4.405411982348530842e+01 2.576984857926200334e+01 3.808456169611463338e+01 1.808456169611392639e+01 3.808456169611463338e+01 3.178008154059326884e+01 1.178008154059291357e+01 3.178008154059326884e+01 3.749306581720680498e+01 1.753953040237211525e+01 2.339050365539495502e+01 5.842285338759217517e+00 1.473418749827001939e+01 3.435226192517995969e+01 3.977599319910173392e+01 4.806447967142830180e+01 3.655231440538787524e+01 1.655229709970690166e+01 3.655231440538787524e+01 5.336631790197597525e+01 3.336631789654973801e+01 2.508764382803586912e+01 5.087643827840795829e+00 2.508764382803586912e+01
1.542432558458131808e+01 1.793243714436610503e+01 2.976747133472315809e+01 4.976747132748973712e+01 3.947585261964201919e+01 5.060973903203460367e+01 3.125115276933975750e+01 1.766046440606695356e+01 1.873402748177596777e+01 2.775743704451743010e+00 6.689754737229585579e+00 1.833582779603952062e+01 3.875898388449340359e+01 5.405411981874760841e+01 3.991198420299245697e+01 4.636883294357682672e+01 2.808456169611410402e+01 4.636883294357682672e+01 3.614443934531354330e+01 1.614443934531283631e+01 3.614443934531354330e+01 4.583537818927838003e+01 3.755497334934705833e+01 2.792355945141188656e+01 7.624026951526141183e+00 2.157753042127088960e+01 3.029022111904243886e+01 4.811604611306587032e+01 4.809934340964444743e+01 2.809930249780054723e+01 3.655231440538787524e+01 4.483688420292374843e+01 4.846844687848144417e+01 4.018334496607711515e+01 2.682842038761146952e+01 6.828420387397781788e+00 2.678468015318883388e+01
1.978868338930109161e+01 3.793243714370055386e+01 3.207457276809655156e+01 5.207457276559816961e+01 5.947585261964272263e+01 4.589900092915917895e+01 3.728274677248223412e+01 2.371711290491059643e+01 3.670132033584957210e+00 2.284393162136888478e+01 2.696764552232199463e+01 1.948032440220504213e+01 3.404314542189604254e+01 5.387418478960898227e+01 5.991198420297836691e+01 5.636883294357700436e+01 4.222669731984555597e+01 5.247437096386863686e+01 3.247437096386793343e+01 2.130841714025615019e+01 4.130841714025685718e+01 5.781808121825338986e+01 4.578960360435164034e+01 2.951349787148403792e+01 9.434741872444179833e+00 2.938931185961312309e+01 4.705918339744646772e+01 5.535213551719268565e+01 5.638410748508740511e+01 4.224143968396675319e+01 5.638410748508740511e+01 5.432662522752435308e+01 3.432500650560105981e+01 2.018266189484768702e+01 2.858958732773400868e+01 8.589322200049045009e+00 1.858863915981097037e+01
2.513390822754948672e+01 4.513390822527271240e+01 5.207457276559816961e+01 6.035884300430448945e+01 5.168351196943623194e+01 3.184637677594432859e+01 1.790293082752200604e+01 1.343331502182186377e+01 4.312624290941134753e+00 1.369768219333508164e+01 3.259262511663765594e+01 3.985152237471828585e+01 4.808864866648534786e+01 5.041351449453000555e+01 5.559381144932519447e+01 6.428470588521946638e+01 6.222669731984625940e+01 6.075864221133083731e+01 4.685541910250924502e+01 2.685541910250853803e+01 4.685541910250782394e+01 4.938112531819884765e+01 2.835444868342670688e+01 1.065100862788102098e+01 1.130942374377548454e+01 3.119445552780859643e+01 3.039565951410890676e+01 4.466113622088765567e+01 6.495194888393831434e+01 6.224157403125154531e+01 6.438183695415274599e+01 4.437936425789836647e+01 3.283190452772846157e+01 3.123876957420058531e+01 1.123838691417915570e+01 2.858965398065106811e+01 1.858938658893588425e+01
3.668091361134159456e+01 4.146383984602452699e+01 6.146383981011365449e+01 5.668950895052556405e+01 4.781478411543712070e+01 3.957124062951351107e+01 2.521167148672530445e+01 5.232529310446998316e+00 2.433564305213434409e+01 3.099577081261934453e+01 4.007086561338427089e+01 3.401687708411186151e+01 3.768636139889105152e+01 3.268173097695818541e+01 3.633768763726527595e+01 5.605211684808254091e+01 7.144723827068753508e+01 5.950452974318320543e+01 3.950452974318250199e+01 3.685541910250888975e+01 5.513969034996943464e+01 5.202905380190625806e+01 3.111610784750429559e+01 3.724136790294964783e+01 3.135625357930395651e+01 1.402417881809591549e+01 3.411631601619860987e+01 4.937124247119171372e+01 4.937124255135528017e+01 6.966616231270725734e+01 7.266709177241202156e+01 6.111867537350421031e+01 4.736204338655817025e+01 2.736091053101922199e+01 1.321868200013252093e+01 3.321910671299352913e+01 3.859503566973967281e+01
5.082304923506785599e+01 6.146383981011365449e+01 6.249165436889088454e+01 4.260094605745169360e+01 2.862516773681781501e+01 1.977495460109068048e+01 1.347162516248861941e+01 2.521167131210184209e+01 6.157641183233802273e+00 2.609377669263916388e+01 2.896381973487804373e+01 1.403227206650792169e+01 1.792558360661076122e+01 2.190733968020458988e+01 3.185430541761306600e+01 4.324337381284216519e+01 6.311991884657160767e+01 6.778880099064640774e+01 5.364666536691395038e+01 5.099755472624033814e+01 6.513969034997279550e+01 6.046309938760417424e+01 5.202905380190176743e+01 4.241797247054614672e+01 1.699100348223763390e+01 2.654998698828197590e+01 2.287222075842832680e+01 2.941588834565900967e+01 4.343696145702537592e+01 6.369786445222074178e+01 6.835325315057119155e+01 4.834726452858055978e+01 4.663169646580396943e+01 3.524059523776739411e+01 1.523898708923695899e+01 2.928568300360596055e+01 4.858313333983112869e+01
7.082304921669224029e+01 7.227989137770182992e+01 6.397873755683434638e+01 5.668950876337661526e+01 4.781478411543712070e+01 3.957124062951351107e+01 3.331110532243718581e+01 2.874405674269505440e+01 8.899774264798283596e+00 7.097884919493658629e+00 8.949499888919580926e+00 2.896395466369957106e+01 3.768636139889105152e+01 4.174924781920443451e+01 2.944649930019609130e+01 3.603339981997702068e+01 4.997484981794970338e+01 6.993267748732246503e+01 7.364666536691537146e+01 7.099755472624175923e+01 7.012779577336085879e+01 5.958603634273814009e+01 5.096363768365441871e+01 4.311178199739726580e+01 1.960030500075269089e+01 2.177606872905904467e+01 3.960668686453806231e+01 4.937124142476336175e+01 4.937124187123870200e+01 6.966615224563506104e+01 6.076594957288317289e+01 4.834726453080160269e+01 2.834372114931152353e+01 1.834358919216340311e+01 3.524059523776739411e+01 2.418302412511030042e+01 4.416780660818634630e+01
6.663308196104622994e+01 5.911222630449040594e+01 4.412652493955437194e+01 4.821743552534957189e+01 4.420043386602512214e+01 4.034024609373150128e+01 3.262591383765548159e+01 1.283310125060718399e+01 2.874405628033544247e+01 2.699976618065036860e+01 8.038996900954650471e+00 2.212351960481286639e+01 4.211805290577266447e+01 5.750454980112804293e+01 4.922470807639815149e+01 4.922470807636470624e+01 4.739873266479821012e+01 5.883758344945957219e+01 7.891789589020230267e+01 7.629821808425423058e+01 5.553453610685739505e+01 4.031119761194467088e+01 2.928830064196490213e+01 2.502610302745955906e+01 3.069914294439264424e+01 2.444472639104445832e+01 2.626956674266116920e+01 4.435654891805409505e+01 5.790254432766027293e+01 6.945004103118087357e+01 5.247637321976556279e+01 3.246953761882517853e+01 2.246927423487135655e+01 2.199507292155026406e+01 4.199574338646360161e+01 4.416802470671576941e+01 3.487046726476993541e+01
4.673476824738617807e+01 3.932671916573346493e+01 3.281371520891886462e+01 2.853822680169062309e+01 2.451726108894964895e+01 2.063125321883863705e+01 1.686858086756765474e+01 3.262591352841955938e+01 2.901391735420045137e+01 8.995666315342733199e+00 1.081438825790474567e+01 3.047262191693761935e+01 4.258043664906902137e+01 5.262732745781033827e+01 6.074321228087237046e+01 6.916088057063205952e+01 6.732452209712764102e+01 7.566619401465980843e+01 8.727621792064981321e+01 7.352342113509652677e+01 5.269067305313803473e+01 3.735237544061174475e+01 5.096363768379035264e+01 4.020470313377403926e+01 4.504225635094419999e+01 2.773412166178098559e+01 4.435656628195713580e+01 3.079126966873025495e+01 4.116539121121553535e+01 6.103404488601199063e+01 6.076594957288317289e+01 4.556070342871058187e+01 2.555534139970417229e+01 4.169762494976622946e+01 2.743838658988394386e+01 4.764084005550134293e+01 4.899645721939785403e+01
6.312293622354868461e+01 4.328115353665633336e+01 5.251705725823811122e+01 4.821743552563749091e+01 4.318349192744633314e+01 2.348177444477402531e+01 3.661149662761159362e+01 4.476806025476653161e+01 2.952735311680496011e+01 9.670834663780803808e+00 2.951860714922868567e+01 1.481880881299847452e+01 3.459869513730404122e+01 3.297096673037892600e+01 5.262732747114520748e+01 5.900201933212861150e+01 6.711674183419596318e+01 7.588530684139817595e+01 8.718301298455126869e+01 7.576430015123507644e+01 5.497810599919280605e+01 4.475604459437672489e+01 6.581064324620068362e+01 6.150705479806017451e+01 5.036049196134602823e+01 3.110227426537350226e+01 5.036049196134602823e+01 3.442241985772566437e+01 4.786696898268907319e+01 6.808607642605592503e+01 6.287909370406385534e+01 4.286229520912780089e+01 2.871761971443363848e+01 4.866144126910170797e+01 3.143839443573625658e+01 5.142132859549076329e+01 6.896361584502460573e+01
5.726530780747356886e+01 6.312293622354868461e+01 6.778638031461746039e+01 5.063516920370334873e+01 3.091988428041624104e+01 4.318349192744633314e+01 5.138795948428340665e+01 4.575619415013878211e+01 2.481760686243691083e+01 1.034986283942231289e+01 3.021613134598246830e+01 3.459857931345629822e+01 1.898449385466789252e+01 3.872818090647765388e+01 4.917892984647103560e+01 3.935584047901580362e+01 4.815666960738852254e+01 5.950939766991904634e+01 7.906860544136038982e+01 8.419096284408583131e+01 7.428493931306492470e+01 5.435260731421306701e+01 7.428493931306492470e+01 6.630071307685514626e+01 4.598239282938551753e+01 3.482593241328851263e+01 5.456992541249754680e+01 3.859117820861341386e+01 5.250486436972688153e+01 7.289117620729973623e+01 6.621563025012113712e+01 4.619641097377731143e+01 3.205095577510944338e+01 5.205990454575797344e+01 3.560870868199781825e+01 5.558711409370830125e+01 7.015664371059622795e+01
7.726450218897925026e+01 7.100572717125753286e+01 5.106252767143887894e+01 3.968812306078029906e+01 5.063516920370334873e+01 5.890093119427009327e+01 5.462862216570211871e+01 4.365200092824093758e+01 2.485883063542296512e+01 1.103428191363937572e+01 3.088532299026821804e+01 4.621519331270082631e+01 3.872818129813559551e+01 2.355084562373013668e+01 2.951494617404279097e+01 4.917892990557220401e+01 5.946000944683321165e+01 6.566066738562874150e+01 7.375211027687998921e+01 8.248958754349430933e+01 8.350315044571811995e+01 6.908337866278567674e+01 8.350315044571811995e+01 7.473450616138684666e+01 5.945279210230459910e+01 3.932021698441997870e+01 5.945279210230459910e+01 5.847587686356841630e+01 4.583881677180083614e+01 6.615447326316230203e+01 6.975505443299583419e+01 4.973304770334510039e+01 3.558650078507391612e+01 5.559735770149714540e+01 5.558711409370830125e+01 4.193337698871869179e+01 5.606326279340773056e+01
8.866570432870682339e+01 7.932413194510978371e+01 6.778638031461746039e+01 5.106252767143887894e+01 6.778638031461746039e+01 6.038092678789420376e+01 4.065905936994666803e+01 2.671754479874448052e+01 1.269833196823470089e+01 1.172186681437339040e+01 2.226596038016937484e+01 4.001640847878594798e+01 5.108277597404492809e+01 3.488689006732686693e+01 2.951493316268718914e+01 3.415714029889647918e+01 3.983081958702489800e+01 4.605246530742975608e+01 5.485925837705085684e+01 6.869757642325686220e+01 8.816410568127135150e+01 8.955845281727205531e+01 8.150902264964452115e+01 6.101350356802598185e+01 4.922965501391827559e+01 4.815479369443824709e+01 6.789746216151606006e+01 7.206546015175612752e+01 5.158920092392008883e+01 7.206546015175612752e+01 7.352349649411296184e+01 5.351392133641790849e+01 3.936618781346616913e+01 5.937952243893307269e+01 7.015664371059622795e+01 6.190163019703162917e+01 4.949203374442681991e+01
6.860267672876508982e+01 7.708230935099756209e+01 7.932413194510978371e+01 7.100572717125753286e+01 6.773800871207760110e+01 4.782659057308116246e+01 3.417952082138796044e+01 3.252154426206474369e+01 1.269549704176906424e+01 3.156168575814043109e+01 3.862028585640513967e+01 4.717515940046822465e+01 6.154734798931630024e+01 5.404785369431716191e+01 4.087505452252344895e+01 4.805705709172818274e+01 5.020117749997807977e+01 6.566066738562874150e+01 7.375211027687998921e+01 8.248958754349430933e+01 8.273061540569001693e+01 9.102466671429257872e+01 8.990014819799581858e+01 7.810722491057350680e+01 6.101350356802598185e+01 5.992745766729165524e+01 7.702795859625368280e+01 7.890785245697067296e+01 5.838067554132720005e+01 7.890785245697067296e+01 7.501848748788303567e+01 5.500077933589142987e+01 4.344881735110401877e+01 5.759944981072664660e+01 7.763399630698783938e+01 6.578779330783271462e+01 6.944201395317601566e+01
