LEM/with_lateral_4open/elevation_000118.asc
nrows	100
cellsize	150.0
xllcorner	0
ncols	100
yllcorner	0
NODATA_value	-9999
[rows 17 to 33 of 100, columns 0 to 36 of 100]
5.222468517465790605e-02 2.005222468517377266e+01 2.499836058300547847e+01 1.971211776938024585e+01 3.911954715483361156e+01 3.605355978972041697e+01 3.611382588627406420e+01 5.648010016724020943e+01 6.003386882105239408e+01 4.321922799334741683e+01 4.582398330057365143e+01 6.591719238761533006e+01 7.678088173039012077e+01 8.320614661122201028e+01 8.303414217488561633e+01 6.891625306123569317e+01 6.891625306123569317e+01 8.889751332500370040e+01 8.049044124169984116e+01 7.222376120928329613e+01 7.103675118610721029e+01 5.134124142907404575e+01 6.175219884735800235e+01 5.645463317176179174e+01 5.163380143628217667e+01 4.545516066921242526e+01 2.543495374496360029e+01 2.521486743152036780e+01 4.519673744720282826e+01 5.577335908384888796e+01 6.304469750299525543e+01 7.120839195412780498e+01 7.181462368436037025e+01 7.996171938511929511e+01 8.903969665473204032e+01 8.550817977759717792e+01 6.589945166514546315e+01
7.333276091007127906e-02 2.007333276090971452e+01 3.834770398681615688e+01 4.115238453364015214e+01 4.919287808495427328e+01 5.597416086012497516e+01 5.648010016724174420e+01 6.493746017359205780e+01 7.163425503536358008e+01 6.330659437293572722e+01 6.591719238761533006e+01 7.424375434203913926e+01 7.734614960819013163e+01 6.324270038226459434e+01 7.734614960819013163e+01 8.889751332500370040e+01 8.889751332500370040e+01 9.715203128853538317e+01 9.615690055223183208e+01 7.660817449770138410e+01 6.276669077719384404e+01 7.103675118610740924e+01 7.433019669096547943e+01 6.283077964550202665e+01 5.459004349761960384e+01 4.804117379958761092e+01 2.804112016835851762e+01 4.519673745134814169e+01 2.759003255255829501e+01 4.740614691735502362e+01 5.844860833569136105e+01 6.790343064165456610e+01 7.603324549020084078e+01 8.586868356849915074e+01 9.474837157415058186e+01 7.498472521716919914e+01 6.124337682903877322e+01
6.343274376862209629e-02 1.006343274376870944e+01 2.420556836749991092e+01 4.420556836750303376e+01 4.957523257973836195e+01 5.542098622487076653e+01 6.126290949835810551e+01 5.543057773424930446e+01 6.131779192728926375e+01 6.364759448896249694e+01 5.538096877114083583e+01 6.156491302488377215e+01 6.841393139057760209e+01 4.909999548288512017e+01 6.841393139057760209e+01 8.252979435042294654e+01 8.206494766808123131e+01 9.030927727026828222e+01 1.019196606847228850e+02 8.233386379551525636e+01 8.233386379551524215e+01 8.110272439487290796e+01 6.610229260117287708e+01 4.616249224253537875e+01 3.460765234059172712e+01 3.182868961468689761e+01 4.804117380288435868e+01 5.516693584067318312e+01 4.701339778785333579e+01 3.001162195806770328e+01 5.019252314840063178e+01 4.807980364147075392e+01 5.804986372407856976e+01 7.775699755923042744e+01 8.819564898493054272e+01 6.855812667580850928e+01 5.738466172164549306e+01
3.497053469895897854e-02 2.003497053469860489e+01 3.732260502829571180e+01 4.370243593149359640e+01 2.957903510765634536e+01 3.543541915981187174e+01 4.125499240673540413e+01 3.539468748898869421e+01 4.126306381508796761e+01 5.210893567454367314e+01 3.538378561359935759e+01 4.157178263803043450e+01 5.120719012621491117e+01 4.015312096444205281e+01 5.429806843073227896e+01 6.794544105141328316e+01 6.209694991677274345e+01 8.206494766808123131e+01 9.404049256210447538e+01 8.411964520279603619e+01 7.590238687438952070e+01 6.927108381833639328e+01 5.296805608126282294e+01 3.883000826394918192e+01 5.459004349067671313e+01 4.597879240928082112e+01 6.006327532999439001e+01 6.213604247880508069e+01 5.163003651487056800e+01 3.174354249750131274e+01 3.807792801526709070e+01 5.799161714156267067e+01 7.603324549020084078e+01 8.586868356849915074e+01 9.649431386636531727e+01 8.508941320374205475e+01 7.632840153450692355e+01
9.635555453094322986e-02 2.009635555453058942e+01 1.732137015628042320e+01 2.474604054528055741e+01 1.543611433739637384e+01 3.538453376035548814e+01 4.125408356251946884e+01 2.124950239889441406e+01 3.662165965085282693e+01 3.912164147221559318e+01 2.383584423942913588e+01 2.742796865555651920e+01 3.120767212200660978e+01 3.637195386260214747e+01 4.191981501556610112e+01 4.795189445165082986e+01 5.950313928011661346e+01 7.947783973741884722e+01 8.582467495820937131e+01 6.598009879056969851e+01 5.600847770622977606e+01 4.934194654178838846e+01 4.330705099242124589e+01 5.880011076601729769e+01 6.703538982927287293e+01 6.591845521715225686e+01 6.844778828329765474e+01 4.860609240404822629e+01 3.447062650626820357e+01 5.170248197132129064e+01 3.959916775671067057e+01 5.951364984931630175e+01 7.654007188257396876e+01 8.791678983357968491e+01 9.000063408795253395e+01 8.173916291296819736e+01 8.008913841767999031e+01
8.845047570523793812e-02 1.629768182556479150e+00 3.177078383560132391e+00 4.743518967484635418e+00 2.469030224722769162e+01 2.867914490558963791e+01 3.093363573686398382e+01 1.417838781710338836e+01 1.662179107988498572e+01 1.912179177544044961e+01 2.312179451474209202e+01 4.312160321158412302e+01 5.120719012621491117e+01 5.637089435833184581e+01 6.191715993324072542e+01 6.794544105141328316e+01 7.620311359352042757e+01 8.772439161328617274e+01 9.404049256210447538e+01 8.411964520279603619e+01 7.590238687438952070e+01 6.703059236909697916e+01 4.709025513430370324e+01 5.862712959022605475e+01 7.850993600479162637e+01 8.068569612221251930e+01 6.094056607959750238e+01 5.637198622805810544e+01 3.643488373795843671e+01 5.637229951746220280e+01 5.951341841978237568e+01 4.854532188090030331e+01 6.004963590605417778e+01 7.977636853520982640e+01 8.173916291296819736e+01 6.208923950914445555e+01 6.043637904009256090e+01
8.023991185656004221e-02 2.008023991185620361e+01 2.317959621818882354e+01 2.473231724043416335e+01 7.037529448928149023e+00 8.681449840341498358e+00 1.093368274061200651e+01 3.093363616204052491e+01 3.662111820377020877e+01 3.912159850558713714e+01 4.312160321158238219e+01 2.915210602458823175e+01 3.431632810485835705e+01 3.966219294465116718e+01 5.380755360629684247e+01 7.378954478548256191e+01 8.391748870809998095e+01 9.388912903593154624e+01 9.519117915411781894e+01 7.536824010124912832e+01 6.130972497248922792e+01 5.465101132072197743e+01 5.375945338356056880e+01 7.366616186186516302e+01 8.672743264980097422e+01 8.052051471306195651e+01 6.094063989535421655e+01 4.102844099269230327e+01 5.637245241241148364e+01 4.003121654948429864e+01 5.994995937983901513e+01 6.838713414153500025e+01 6.261463356322177276e+01 8.232318332650557124e+01 8.173090872549384756e+01 6.208791095111942582e+01 4.826336341088023119e+01
4.598823041778624804e-02 1.418812385414886101e+01 3.418812385414956623e+01 3.537644485310536169e+01 2.118375149405193980e+01 2.866609326752436715e+01 1.216031095516004079e+01 3.208976631190642337e+01 3.224973691341156723e+01 5.037738765991121426e+01 5.742327719886171877e+01 4.329616580800283998e+01 4.548368209193596812e+01 5.966014332107054230e+01 4.860916408888331830e+01 5.568311685146300505e+01 6.568507105448007621e+01 8.564565866393768090e+01 9.261901654894552394e+01 7.279608992552367397e+01 7.091191998875569880e+01 7.455273800868752687e+01 6.130972497248922082e+01 8.117424452678677937e+01 8.374595683853756611e+01 6.405416446999848290e+01 5.256871995396781472e+01 4.481192034204868690e+01 6.251949253033973264e+01 4.261594640852865723e+01 6.251914152711313477e+01 7.443064227401997357e+01 8.232318332650557124e+01 9.046551020192626424e+01 8.196082368745922508e+01 6.314798228892058063e+01 5.210787325271370918e+01
7.340434288523949025e-02 2.007340434288488495e+01 3.386643239365533020e+01 4.541343777750458344e+01 4.124285099513419794e+01 4.048940331229190548e+01 3.218081969042872004e+01 1.575187377080049345e+01 3.276538077691941453e+01 5.150361965857292290e+01 6.878285720350879728e+01 6.328824761147244971e+01 6.547256799286985540e+01 7.373306743342780578e+01 6.860057332439464517e+01 7.566536485920886435e+01 8.391748870809998095e+01 9.388912903593154624e+01 1.008369290754242513e+02 8.424286840130493204e+01 8.494501578504201689e+01 8.938930442930525544e+01 7.279608992552365976e+01 8.938930442930525544e+01 9.188061596596652691e+01 8.052051471306195651e+01 6.852021461999642327e+01 4.866439336855268039e+01 6.851992828442519112e+01 6.251833613177129223e+01 4.639936746061897566e+01 6.627635567848362541e+01 8.460330830307091787e+01 9.442141041829012238e+01 9.009368240732230504e+01 7.909314639863289642e+01 7.109922464179120993e+01
3.515918393995972474e-02 5.582161146192274437e+00 1.712916652998499245e+01 3.712916652998569589e+01 5.541343777744130961e+01 5.215684179365899809e+01 3.253243816294077106e+01 1.840089343318823722e+01 3.843299914905661296e+01 4.608493264463348282e+01 4.666198269801784448e+01 5.360331572285487312e+01 5.833610486602711376e+01 6.335256020982849634e+01 6.914465920466061277e+01 7.673119037092294548e+01 8.507931599186174765e+01 9.669421247259866448e+01 1.122851374927236492e+02 1.040610477044846078e+02 1.047730769542268803e+02 1.008369290754242797e+02 9.261901654894552394e+01 9.917358313105179946e+01 8.937153996396273214e+01 7.448756929676302718e+01 5.469609284295554374e+01 6.852021461999642327e+01 7.666344779653368846e+01 6.900262017714071305e+01 4.914915012436951969e+01 5.670659191879576611e+01 6.665162408207599753e+01 8.629713644153123653e+01 9.436971123373338344e+01 8.444949429233022897e+01 7.617864836126095440e+01
4.608085242692564615e-02 2.004608085242657012e+01 1.558216114619218828e+01 2.712916652998449862e+01 4.712916652998378453e+01 5.257623256286895241e+01 3.256594261058675244e+01 3.843299914806199524e+01 2.248939407070226082e+01 2.598260841064656645e+01 2.960095843196850751e+01 3.348663061093597548e+01 3.823752510317805786e+01 4.326539643026722359e+01 4.905200430390213029e+01 5.661186062912449302e+01 6.813638932520224500e+01 8.832617324486632526e+01 1.018213397619865788e+02 9.363191279359571695e+01 9.524754609229650271e+01 1.034658826866210148e+02 1.048751281417535779e+02 8.531258431246304497e+01 7.144921819917834682e+01 6.154239941459326957e+01 6.873456616830139865e+01 8.262198208936634103e+01 8.505822988939156915e+01 7.199161080754277009e+01 5.216667046776149164e+01 7.199161125111021420e+01 8.460330830307091787e+01 9.442141041829012238e+01 8.604619616922020953e+01 6.631110055330165665e+01 5.673304203358740239e+01
1.610643649003322755e-02 2.001610643648967880e+01 3.558216114619147419e+01 3.191209276474642209e+01 5.191209276474570800e+01 6.090510448125085929e+01 5.259478591307576067e+01 4.255527722479478570e+01 3.668179629813098330e+01 3.147162227066661444e+01 4.973431749245511213e+01 5.360331572285487312e+01 4.511925554062253241e+01 5.747294213193731593e+01 6.914465920466061277e+01 6.914465920466061277e+01 8.507931599186174765e+01 9.629018091212084585e+01 9.052907711486840014e+01 7.416105823501249006e+01 7.545905985647372916e+01 9.203214514485799214e+01 1.038408257154258223e+02 8.428200734464232369e+01 7.041177809271817978e+01 8.124576947128772986e+01 8.837654747386997656e+01 8.571822263425995914e+01 6.607335230315064223e+01 5.716753476698563219e+01 7.199161125109876025e+01 6.214137470457333734e+01 7.610588318996143187e+01 9.569888846472831290e+01 9.436971123373338344e+01 8.444949429233022897e+01 6.645584519742409668e+01
2.022278438842990689e-02 2.002022278438807490e+01 2.901069378731894233e+01 4.901069378731823178e+01 6.019636401220117250e+01 5.852864313533031293e+01 6.681291240653476393e+01 6.261519658816428802e+01 5.673511453709915742e+01 3.815874775944015340e+01 5.829528372685066984e+01 7.352776008041205102e+01 5.670848749777572095e+01 7.352776008041205102e+01 8.589668177718174036e+01 8.923978830964765052e+01 9.048417837358100257e+01 7.666659580428408560e+01 8.197002792495885615e+01 6.346297852423977304e+01 6.451519540217628901e+01 7.673122346089206758e+01 9.737953388229692564e+01 9.813996167401207060e+01 7.920771314634835392e+01 9.813996167403281845e+01 1.016902402327119859e+02 8.212859359323159936e+01 8.087467569659139599e+01 6.116442611395805784e+01 8.086329696750044604e+01 7.610672025059623991e+01 7.824854647143580166e+01 9.784488488224643277e+01 8.994112175915434193e+01 8.006879257722923171e+01 7.182494831547704450e+01
6.642187732006160639e-02 9.010693787319297599e+00 2.315282941105050085e+01 4.315282941104978676e+01 5.526590783729779588e+01 3.852864315431778408e+01 5.526590783729779588e+01 6.681291240653476393e+01 6.670186695653221420e+01 5.236911523646033828e+01 5.239868900522249362e+01 7.289036754569549714e+01 7.678248575864554937e+01 8.513134173138773519e+01 9.350271067951132409e+01 8.530784846353186879e+01 8.227338807417120847e+01 6.252534861611191985e+01 6.973793397877318512e+01 5.541662143347569724e+01 5.667042676792145528e+01 7.807753430561587038e+01 8.904047778891599307e+01 9.887518366214517584e+01 9.048008339128139710e+01 1.068956589077590849e+02 1.098344569081380087e+02 9.471460610835501370e+01 7.514198881773903338e+01 6.586427813115908236e+01 8.550318043892592357e+01 9.573269306437002513e+01 9.784488488224643277e+01 9.575179897220571945e+01 7.579515517197403085e+01 6.201795811657403590e+01 5.247229042424496015e+01
1.591255364720534082e-02 1.415804817737802956e+01 3.415804817737731724e+01 3.328953302425543370e+01 3.755354735046311987e+01 2.698163777052567625e+01 3.852864315431778408e+01 5.852864313533031293e+01 6.817771166744340405e+01 7.260232006925912174e+01 7.289036754569549714e+01 8.141898267058503791e+01 7.961471586451821736e+01 8.738294241182397570e+01 8.206643702624046455e+01 6.548967567016285329e+01 8.206643702624046455e+01 6.973793397877318512e+01 4.995310192215098510e+01 4.829345910771819916e+01 5.454286117829407488e+01 6.140961656409694314e+01 7.105843480640500331e+01 9.067979842354412767e+01 1.100478962570699366e+02 1.182207307809537582e+02 1.143091700983864882e+02 9.471460610835501370e+01 9.168710578248948195e+01 7.213370350905233863e+01 7.724732967915306858e+01 8.852343357244531319e+01 1.080633754848389003e+02 9.448256039649635341e+01 7.452570705580619403e+01 6.331832155915004279e+01 5.478972092203780875e+01
6.189296070378335485e-02 2.006189296070342820e+01 2.751603033332269632e+01 1.328953302759307320e+01 1.755354735470520922e+01 2.387810267504185546e+01 3.094917048690720662e+01 3.989344239690604610e+01 5.403557802061015991e+01 7.403557796142727909e+01 7.370912434447048156e+01 7.129872966458397343e+01 6.059679709890804133e+01 7.662464512900844227e+01 7.386582106643380996e+01 5.403948353851517084e+01 6.326819788586094262e+01 5.822996940761463236e+01 4.287676202032381667e+01 6.272722750845852602e+01 7.419107373994107490e+01 8.086911661497455839e+01 8.904047778891599307e+01 9.887518366214541743e+01 1.091807890606384319e+02 1.010211936056465305e+02 1.091807890606384319e+02 1.054954266482751279e+02 8.596751200628165179e+01 8.193453661926912446e+01 9.678215925019647159e+01 1.049119203842645902e+02 1.162152117991808495e+02 1.028227734940937950e+02 9.127054449552051096e+01 8.243127629203515028e+01 7.417623183807545217e+01
2.247884206357958492e-02 3.736385605604609861e+00 7.516030335696865627e+00 2.751603029271149126e+01 3.755354735046311987e+01 4.387810266883793986e+01 5.094917047731022564e+01 5.923344038260295008e+01 6.817771166744340405e+01 6.798537641841110712e+01 5.424753297586268275e+01 5.184653174140810705e+01 4.930354663589683639e+01 6.870700395189236076e+01 7.728587225844654540e+01 5.746188702386871228e+01 4.340914392109122133e+01 3.835171657723792293e+01 5.822996940761463236e+01 6.272722750845853312e+01 8.255058309084796520e+01 9.316336154846021600e+01 8.503873572376375023e+01 9.316336154846021600e+01 9.940792131657134689e+01 8.153894484676185073e+01 9.940792131657134689e+01 1.136475903992860168e+02 1.054954266482751279e+02 1.014396749457099105e+02 1.014396749457099105e+02 1.210628698125200344e+02 1.207338180768602456e+02 1.006640484773641475e+02 1.000788401993439862e+02 9.178962369593521942e+01 8.482385605652871163e+01
