LEM/with_lateral_4open/elevation_000528.asc
nrows	100
cellsize	150.0
xllcorner	0
ncols	100
yllcorner	0
NODATA_value	-9999
[rows 34 to 50 of 100, columns 0 to 36 of 100]
2.064481644892168788e-02 1.423504838390842409e+01 3.426440050963010719e+01 3.475636969321932668e+01 4.283732686255511624e+01 3.021226588464834251e+01 4.173184645938835047e+01 2.094462731933754540e+01 4.000216187728941719e+01 3.647414848511803598e+01 3.676584244814042535e+01 2.381256319490093531e+01 3.856181880883473667e+01 4.108280543028464393e+01 2.478869413868730831e+01 4.479856013184768670e+01 5.625256755617900239e+01 6.457836853131681210e+01 7.461155145461667360e+01 7.648274675165571068e+01 5.968072061308716059e+01 7.648274675165571068e+01 6.836333184784510308e+01 7.165867950361057126e+01 5.321590548930389986e+01 5.458113331863921047e+01 6.012144336116951138e+01 7.182936369752023609e+01 9.204015569510083594e+01 1.095498029762582490e+02 1.090350087584189822e+02 1.008004281691383852e+02 9.819402898200300456e+01 1.064418918329596266e+02 9.878736101572012274e+01 8.559480387680596891e+01 6.532539726390589863e+01
2.905961989428186565e-02 2.002905961989392836e+01 3.726396991683822080e+01 4.881097530063053114e+01 5.828623868110093298e+01 4.430174544547039517e+01 4.915676149572523457e+01 2.817487063061203401e+01 4.915676149509787507e+01 5.559912727496163143e+01 4.844780996789547345e+01 2.875551774020545892e+01 4.844780996903683956e+01 5.297485135860577543e+01 4.468997515279913557e+01 2.867455553000672452e+01 3.623445474304510583e+01 4.623342472681484594e+01 6.038971210762446162e+01 8.048353408681387577e+01 7.976370023900132367e+01 8.807443011624914675e+01 8.249282513705274766e+01 8.415144379455718138e+01 6.585683729347762494e+01 6.882891601051322539e+01 7.104710195976988985e+01 8.870649194406273352e+01 1.003499891466839529e+02 1.088161401665757495e+02 1.066388181373145159e+02 1.041414839583538026e+02 1.063145028855967666e+02 1.047628724452268330e+02 8.458413009690099216e+01 7.019480444858044166e+01 6.004678564836879673e+01
3.542675937824442400e-02 8.979698669377324194e+00 2.052670405316963453e+01 4.052670405316892044e+01 5.736966256760599947e+01 6.414111480713387436e+01 5.752777064350001268e+01 4.033221417285483312e+01 5.752777064350001268e+01 5.780119440892221405e+01 3.794920208927601379e+01 4.003219045629156625e+01 5.674241762744367179e+01 5.515714627138996207e+01 3.516410705313482055e+01 4.868629193379392461e+01 3.433209354571111049e+01 5.434750528002302161e+01 6.686212690999845165e+01 7.395454591003661449e+01 8.229677844651976670e+01 9.235688038492881446e+01 1.025884438096777416e+02 9.677285704540047107e+01 8.829215668807570694e+01 8.904934534041414906e+01 9.125384472278882697e+01 9.956577160277927874e+01 1.088161401531250760e+02 8.906631611694852779e+01 8.691288397087934925e+01 8.443136804999409151e+01 8.658364801087371632e+01 1.063145028855967666e+02 9.467283643968708873e+01 7.440933306223595878e+01 8.034438121340198791e+01
3.411803931810562102e-02 2.003411803931775026e+01 2.959803085816501067e+01 2.908539132014510287e+01 4.126781101675148022e+01 4.955208226421367357e+01 5.849635417421298911e+01 6.121131731566415368e+01 6.939094977688790777e+01 6.537562349483998503e+01 4.532359399690464841e+01 5.996417780467644576e+01 6.840509152390717418e+01 6.000564346412841132e+01 4.001510112936311003e+01 6.000564346412841132e+01 4.847615995716972748e+01 4.050442212274210618e+01 4.682689894384236595e+01 5.389415563026352629e+01 6.390261518462128265e+01 8.400647663545187527e+01 9.664999853878151725e+01 8.859236334706157834e+01 9.664999853878151725e+01 1.022327649756224588e+02 9.393690632490108783e+01 9.651993234876098882e+01 1.048249880101682123e+02 9.269047624776757743e+01 7.286890700206160432e+01 7.034159755681345416e+01 8.209540186360239034e+01 1.019025846898240815e+02 1.029577919499552507e+02 9.467291726597960633e+01 9.348271573621850905e+01
3.327314952832965272e-02 4.747318357438666148e+00 9.598030858165367718e+00 1.494325569641390139e+01 2.126781101675077323e+01 3.021208292675008877e+01 4.435421855048154072e+01 6.435421855048295470e+01 7.147215573493052432e+01 7.363869139202191150e+01 5.683481186376367589e+01 7.361083326135613447e+01 7.411988612698355894e+01 5.415424861384289557e+01 4.633777788083684612e+01 6.632650701899541446e+01 6.852218678783124517e+01 6.052643152862285802e+01 4.992972115605405747e+01 6.408947322368234722e+01 8.229677844651976670e+01 9.235688038492881446e+01 8.684415914141371218e+01 6.891489640636204683e+01 8.684415914141371218e+01 9.076464190337247828e+01 7.414169777533832928e+01 7.670426180769271696e+01 9.651993232181852989e+01 9.609486275184798387e+01 7.629663526293120412e+01 6.198322844607045567e+01 8.209540186360239034e+01 1.008500796467791645e+02 9.503711451848334946e+01 9.720546712108875909e+01 1.036417588973282449e+02
6.779948344387334846e-02 2.006779948344351894e+01 2.959803085816572477e+01 3.494325569641460305e+01 4.126781101675148022e+01 4.955208226421367357e+01 5.849635417421298911e+01 6.560271223313135636e+01 5.143147877540697976e+01 6.560271225879093038e+01 7.701518106761820093e+01 8.490507438308800658e+01 8.229949501649817023e+01 7.411702409836760808e+01 5.633453689433327582e+01 6.047835096844643488e+01 8.044520467110490358e+01 7.831399660326594869e+01 5.993361700040941287e+01 7.831399660326594869e+01 9.253851998284966385e+01 9.414267181491466374e+01 7.875362987671175574e+01 5.887603713800817218e+01 7.875362987671175574e+01 8.250813740338912794e+01 6.272841903598386892e+01 7.366237834874780788e+01 8.189881050194325951e+01 9.155283794925502150e+01 7.165275287282833006e+01 5.724359182935965862e+01 7.748135283831123843e+01 8.098930957833353261e+01 7.517207778967384968e+01 7.734561140969103121e+01 9.720546712108875909e+01
9.516927588586144779e-03 1.155652231138120456e+01 2.569865793511240781e+01 4.569865793511311125e+01 4.520231901688919152e+01 4.800589557774168981e+01 5.402295312716400844e+01 4.571785208528695676e+01 3.723821104794154024e+01 5.730125715727506730e+01 6.881149583214268262e+01 8.044439608114264217e+01 8.866891850704553235e+01 8.453972297945608716e+01 7.048239532625566994e+01 8.044520467110490358e+01 8.865756092926412180e+01 8.836656000822422641e+01 8.001966186295528871e+01 8.836656000822422641e+01 9.345441988569439218e+01 8.210919812899835790e+01 6.634632194975526431e+01 5.211360768211996231e+01 7.212776563047721368e+01 8.124326153044982846e+01 7.300269716097923833e+01 5.382467345412933923e+01 7.366237842460103025e+01 8.914396495731448056e+01 7.326148796072477865e+01 5.294044536390723721e+01 7.326017441633787541e+01 7.198749496377547530e+01 6.086031469829115537e+01 8.098996283501458038e+01 9.849515537610814420e+01
1.945935296826603253e-02 2.001945935296791035e+01 3.784917872182023757e+01 3.277637770960421193e+01 2.522090908917163787e+01 2.798914591738712332e+01 3.675458439211638506e+01 2.567537622282594256e+01 4.571785208528966393e+01 4.039885198765547614e+01 5.199072424483808419e+01 7.206686640104015851e+01 6.843725739788408191e+01 8.271945216006791668e+01 9.040775239783272355e+01 8.992386341749023870e+01 8.160932309318474154e+01 8.992386341749023870e+01 9.343397234461130552e+01 8.515883179020323723e+01 8.539978068577430292e+01 6.566441556306675409e+01 5.403706058819076929e+01 4.644853113593361371e+01 6.657231039548899787e+01 6.976410166673349522e+01 5.312517718850849491e+01 4.843580724030829998e+01 6.836052875494294767e+01 8.090226511542860521e+01 6.076533091361830685e+01 4.889871729815566681e+01 6.401479086438365584e+01 5.166135540217256050e+01 7.198749496377547530e+01 8.923651998961165077e+01 9.023875464234266985e+01
5.600688922766024203e-02 2.005600688922730512e+01 2.247199616266339106e+01 8.550126211037600399e+00 1.125271285729097848e+01 1.401034890399893662e+01 1.685654403616072017e+01 2.019424368858488350e+01 2.769351566855506874e+01 4.777370302975230487e+01 5.584038376982510954e+01 6.163041836330899770e+01 5.426146126465798858e+01 7.433398130029272011e+01 8.918264182440832144e+01 7.990736096321813875e+01 6.159291618074016839e+01 7.990736096321813875e+01 8.195169134761013652e+01 6.530824281870297909e+01 8.195169134761013652e+01 7.688337090914025396e+01 6.137637293315482623e+01 4.114790335224127205e+01 6.137637293315482623e+01 6.152640565405104667e+01 4.144924493320004188e+01 6.152640565405104667e+01 7.659329663834570567e+01 7.969481056859193302e+01 7.140929280840687454e+01 6.401479086436135901e+01 4.357525810272014866e+01 5.810001271500701847e+01 7.829432849085321777e+01 9.072780481880880643e+01 8.312479701566601875e+01
8.215197286175310309e-02 2.439174576816916407e+00 4.812737893204633188e+00 1.121599805395004523e+01 1.909433592215437869e+01 3.385191615559175915e+01 3.675458439211638506e+01 4.018302796693360790e+01 2.578425802515211629e+01 3.037817641747007613e+01 3.576445809680237886e+01 4.157827392161782143e+01 5.315731835719129350e+01 7.320488822047185806e+01 8.085803173010974376e+01 6.080051317469552430e+01 5.146276594363398971e+01 7.160111963696246562e+01 7.369808890393488809e+01 5.381158124624155903e+01 7.369808890393488809e+01 6.874967958838281845e+01 4.867307314038880151e+01 3.685744388593000309e+01 5.715844545121930054e+01 5.742817238212867892e+01 3.725042590898471673e+01 5.159179073715118591e+01 7.151844410461875157e+01 7.140929280859725736e+01 5.110150263669540749e+01 5.704951666686248757e+01 4.059160242778356320e+01 5.513515961976483482e+01 7.537953513643039116e+01 7.053289120098988008e+01 7.650359620674049665e+01
2.613274238814250472e-02 2.002613274238778729e+01 1.635975023368597903e+01 2.910254961750569080e+01 2.910254961750881009e+01 3.161242582092156184e+01 5.068539002390002679e+01 5.417321286277309156e+01 3.582542067737726654e+01 5.047372875166895057e+01 4.679342702943786492e+01 6.163041836330899770e+01 6.995365696301762171e+01 8.154141651043968864e+01 7.747455127300094091e+01 6.448113640771966004e+01 4.426284650096575746e+01 6.448113640771966004e+01 6.666701623648120290e+01 4.657021798860074568e+01 5.769622098439788971e+01 6.597891929100458697e+01 5.332191677212725267e+01 3.297653292599446928e+01 5.332191677212725267e+01 5.361493672514808395e+01 3.336346963900664520e+01 5.361493672514808395e+01 6.381628088348524130e+01 7.127368816592060341e+01 5.704951664709499681e+01 3.653751654480567623e+01 5.704951666699820834e+01 6.939202185472365159e+01 7.644784445416725305e+01 5.606913324342371396e+01 5.607143718629377105e+01
7.532853315450405152e-02 2.007532853315139576e+01 3.636044003695567994e+01 4.464629626688520858e+01 4.785476220067645414e+01 5.068424309654749749e+01 5.888478689492914242e+01 6.420795361731242679e+01 5.590010678990835657e+01 6.420795361731242679e+01 6.684948359664744544e+01 7.516763969889048269e+01 7.583768898422803773e+01 8.415079585041320342e+01 6.916000336200421827e+01 4.899534326588957356e+01 3.882077358208493933e+01 5.250538635838015722e+01 6.079469779418444375e+01 5.642751299883104110e+01 3.677861675669723240e+01 4.979386365737086351e+01 4.966777796159190217e+01 2.931107501649919556e+01 4.465639160874420810e+01 4.997546286221194833e+01 2.968656141130892223e+01 4.926521587405024150e+01 4.626410620705730992e+01 6.381607594542893480e+01 5.440142934655156637e+01 3.388481222173395935e+01 5.431487987729587275e+01 6.692735835243419729e+01 6.692488536308454172e+01 5.851909900877443960e+01 4.150755860131082642e+01
6.101047412966256744e-02 2.006101047412930782e+01 3.242970551937280987e+01 3.978151715945067934e+01 4.788297455231940347e+01 5.908451953110448329e+01 6.200047018561306089e+01 5.371738217579773789e+01 5.637061273778137149e+01 6.486468469839206819e+01 8.198099214231159237e+01 7.246261183196034494e+01 5.603468935057571798e+01 7.267315203644945143e+01 7.747331364187098757e+01 6.417306839150762698e+01 4.396405030357234267e+01 3.223144744426219432e+01 4.676933844021371556e+01 5.512056503968909738e+01 4.979386365737086351e+01 2.751833669131991300e+01 4.215615560063454836e+01 4.031080489548074297e+01 2.434277308660372086e+01 4.218436981932251228e+01 2.621037407486625170e+01 3.281782624207460231e+01 4.510166558589838814e+01 4.630939686101076092e+01 5.156188725782068616e+01 3.129568737681607971e+01 3.366085956675017599e+01 4.734712267713725709e+01 5.514072929322269800e+01 3.795798902998517832e+01 5.253808493975236615e+01
6.842009524227352091e-02 6.381609320030911192e+00 1.297683994709357158e+01 2.082889683611536569e+01 3.165799038954100908e+01 5.087967795069212684e+01 5.045427944799989461e+01 3.365463573009195386e+01 3.626142064662570164e+01 5.638014536862507953e+01 6.267918398512520639e+01 4.893870187206530176e+01 4.513843529491395401e+01 6.253041427182071743e+01 7.078538873818493471e+01 7.249331716227904110e+01 5.845361619011460874e+01 3.821585347753970296e+01 2.651854170145513123e+01 4.170545163498139374e+01 4.782307694939885323e+01 3.930141386012805782e+01 1.919663977301064506e+01 2.009394301926304038e+01 2.099084332450217261e+01 2.191815269141537925e+01 2.284304430432347388e+01 2.381667571379778181e+01 2.480314169128934765e+01 2.580321185887519420e+01 4.508590663854621283e+01 2.875097443188650814e+01 2.993005050565238889e+01 3.222593359688087844e+01 3.456202328273710833e+01 5.514072089229275520e+01 6.692474091647473244e+01
1.934550753332892059e-02 2.001934550753297515e+01 3.237593359978637153e+01 3.194392799395982863e+01 4.148599240235650143e+01 4.083996538866178128e+01 3.401499008197302487e+01 2.224241142277426420e+01 3.626089098159196311e+01 5.635555045422548659e+01 4.916758857463754850e+01 5.234854668641087017e+01 3.798004129350911029e+01 4.328330375033397814e+01 5.674479459993052899e+01 7.650036864588663832e+01 6.678309086735765732e+01 5.512056503968909738e+01 4.170545163498139374e+01 2.149794766369919685e+01 3.692142917317450213e+01 1.794934403246045562e+01 2.314063453689564653e+01 3.939373717371189798e+01 4.126592489923389451e+01 4.219016416262163460e+01 2.921042798218689285e+01 4.472028461848326941e+01 4.527822596501851393e+01 4.606776020307959385e+01 2.724490467783187597e+01 4.648714215412768169e+01 5.038255443710868064e+01 3.189748584379013252e+01 5.247757856586207481e+01 6.290302702109195820e+01 6.979626768816302729e+01
4.364784840791047227e-02 1.999788832981168341e+01 2.142453906899705984e+01 1.095682663590686623e+01 2.883009363583655116e+01 2.113923211900513621e+01 1.455786167517189256e+01 3.401499008197302487e+01 5.045399278965354029e+01 5.762058071306693563e+01 4.951547755871494871e+01 3.377168894365344443e+01 3.162859716065429438e+01 4.470445025683352469e+01 6.400401567955682935e+01 6.071026835571783664e+01 5.851691665256946351e+01 5.704074360678874456e+01 4.326006888988992927e+01 3.086643074211896121e+01 1.671186701648385053e+01 3.185167741699383726e+01 3.952277676562681563e+01 3.417751573777191254e+01 5.353781275681407692e+01 5.777002230721668496e+01 4.100345752483893591e+01 4.212506129083379847e+01 6.232535948859305108e+01 5.668255955744339047e+01 4.801181455048720181e+01 3.329633534610726286e+01 5.394135735923848074e+01 5.247759777393361702e+01 3.388525762139090602e+01 5.447294181439890792e+01 4.932408071972135133e+01
5.219006137575642884e-02 6.495377524651925194e-01 1.247152057130790359e+00 1.845568349574808531e+00 2.186577509222915694e+01 7.782793891487640003e+00 2.690942377908467975e+01 3.833630635812119891e+01 4.662596574565223051e+01 4.665328634268097119e+01 3.075630971745133024e+01 2.533147173468339375e+01 4.395095368899273325e+01 5.848053672027771910e+01 6.071026835571783664e+01 4.052294897166041920e+01 3.830841659042201286e+01 4.283497254228601747e+01 2.862325483901436840e+01 1.551705687411741152e+01 3.570930460117633487e+01 4.148319520437217989e+01 4.898918043074223760e+01 5.352806561168659272e+01 6.187430900739682471e+01 6.933724095450052971e+01 6.112064742500672310e+01 5.648838157154691686e+01 7.065148381090492080e+01 6.086662748290505931e+01 4.004652727575214044e+01 5.394137869794540308e+01 6.236473740134088928e+01 6.286466497208670745e+01 5.445301782728233775e+01 3.590717081108020636e+01 3.740057856269682190e+01
