LEM/with_lateral_4open/elevation_000253.asc
nrows	100
cellsize	150.0
xllcorner	0
ncols	100
yllcorner	0
NODATA_value	-9999
[rows 68 to 84 of 100, columns 0 to 36 of 100]
5.009162696260269221e-02 7.609383794151913349e+00 2.175334863986288170e+01 4.177930399564880304e+01 5.327832252677581693e+01 5.548916586830161890e+01 6.389370748411180045e+01 7.598167508145725435e+01 6.767269955068192644e+01 7.598167508145725435e+01 7.877250667763520653e+01 7.160052885275356971e+01 5.741313757173401910e+01 5.461134697991631981e+01 6.050856713144442267e+01 6.132316246391063430e+01 8.115245895287786482e+01 8.162087305219743882e+01 6.487474076123832845e+01 6.975521131738086922e+01 4.972498570465483425e+01 5.340060251558990245e+01 3.685013655501436602e+01 5.692132116823788834e+01 7.039006789671066144e+01 8.024598099462519940e+01 8.847615453853869383e+01 9.377761368149620580e+01 7.955434493045228805e+01 5.958643808861900482e+01 6.159569094240955422e+01 6.736049708669354175e+01 8.732776255749568861e+01 1.062452528316039775e+02 1.062801248563680474e+02 8.631322540634596407e+01 7.231391557193687447e+01
4.695337527364121244e-02 2.004695337527328647e+01 3.579557110893622252e+01 4.732061593175122738e+01 3.318530739495880511e+01 3.538038528153731477e+01 5.285293580518617063e+01 6.125172288791427633e+01 7.292369976349328908e+01 7.291413455474415173e+01 5.878005052293490706e+01 7.291413455474415173e+01 7.746603701461827995e+01 7.474571600156353668e+01 8.063127168542224865e+01 8.115245895287786482e+01 8.946349075412823026e+01 9.317399536598836107e+01 8.487345510885053557e+01 7.804978000849098407e+01 6.762626727328569132e+01 4.759914008511331929e+01 4.095127085420825352e+01 4.204317336766907687e+01 6.209996162528849339e+01 6.253648827101210372e+01 7.888368470807030519e+01 9.188913189709258234e+01 8.557526285217164741e+01 6.560746196392884144e+01 8.156370951022151417e+01 8.732776255749568861e+01 7.803825993904101210e+01 9.215852652818306012e+01 1.120861449233747891e+02 1.004604053828799977e+02 9.155970378874964410e+01
7.614146464036156137e-02 1.996123699535914398e+01 2.770638206342075094e+01 3.198441421512291427e+01 1.903621815426285835e+01 2.570295838931113508e+01 3.277451970215976473e+01 4.433331212876009886e+01 6.449095817786755447e+01 6.397222833798306141e+01 4.463734428615986616e+01 6.397222833798306141e+01 7.267476402237484479e+01 6.387689724381775136e+01 6.671087452603903500e+01 7.546307448253561745e+01 7.839931247863125918e+01 8.666622145644129205e+01 9.442898515418504246e+01 7.441131244725920624e+01 6.027598344367351046e+01 6.519370684704787777e+01 4.516425608429307914e+01 6.209996162528847918e+01 4.763787301894988957e+01 5.213612027101449087e+01 6.369608262380523911e+01 8.363098547351900436e+01 9.223089832513495878e+01 7.226399190362643310e+01 9.223089832682175881e+01 1.062452528316039775e+02 9.799519082323689645e+01 1.062452528316039775e+02 9.809019502355261011e+01 8.980044474231328877e+01 8.761905478904306221e+01
2.352828262072655108e-02 3.872530077221925549e+00 7.794852780110750778e+00 1.196514106448018033e+01 2.351290312419305195e+01 4.355671357377502773e+01 5.285293580518615641e+01 6.125172288791427633e+01 6.794422501251209212e+01 5.569216639899574517e+01 3.568215892686774282e+01 5.569216639899574517e+01 6.007676935588065703e+01 4.181610530716029217e+01 4.469046422922570372e+01 6.671087452603903500e+01 5.870599120546184224e+01 7.525150525550286318e+01 8.666622145644129205e+01 8.857306446601198502e+01 8.027435303954497670e+01 6.370195813939537999e+01 4.956286683671545745e+01 6.955672422371897312e+01 6.179505947555626477e+01 7.212169295405816172e+01 5.971329074638460099e+01 7.124603805110471910e+01 9.115687559915680538e+01 8.639028498376924858e+01 8.639028498376923437e+01 1.063313862721967666e+02 1.047066396310099492e+02 9.474031028641883267e+01 8.645682439325958057e+01 6.995348526398858269e+01 6.778671125096948913e+01
6.786455232800275850e-02 2.006786455232764865e+01 2.780894486525516029e+01 3.198441421512309191e+01 4.032233878444725406e+01 5.191913396259706559e+01 5.279634948824907070e+01 5.882674178553703115e+01 5.966467527112542513e+01 3.965411466707737986e+01 2.933758645017467614e+01 4.241729222845103919e+01 4.537681284334264120e+01 2.993756142440834722e+01 5.047415664364809373e+01 5.743849981591319676e+01 4.784763149149730310e+01 5.870599120546184224e+01 7.839931247863125918e+01 9.557585545883853229e+01 9.199256975319360663e+01 7.440099616799284377e+01 5.442755126253595677e+01 7.440099616799275850e+01 8.178662178972851393e+01 8.596008834286101319e+01 6.604173172184069074e+01 8.596008834286101319e+01 9.942371962877459168e+01 1.063313862721955019e+02 1.063313862721967666e+02 1.145787905050406295e+02 9.639604540790453768e+01 7.651760337861459504e+01 6.665013020904856944e+01 6.006150875765526109e+01 5.379061017481199514e+01
3.257643153035955086e-02 1.417471205526118361e+01 3.417471205523636257e+01 3.822855236818534053e+01 3.705043866731754321e+01 3.828004083670088420e+01 3.262561343350567000e+01 3.859360327582322014e+01 5.481962799565340561e+01 4.332612095547315789e+01 2.329071255151087527e+01 2.240974905193217381e+01 2.538524550791490242e+01 3.967600617519565276e+01 3.506567560944561990e+01 3.883517026400795658e+01 4.686462958145465052e+01 5.617575731740299716e+01 6.740111889278082913e+01 8.729703799700980937e+01 8.382125261249973391e+01 6.383787097521844345e+01 7.440099616799284377e+01 6.854378707978932539e+01 8.854154978638882767e+01 9.422145547877300942e+01 8.012893912700644705e+01 8.012893912700644705e+01 1.000377278639985406e+02 1.033025079134591664e+02 9.505491093710816131e+01 1.033025079134591664e+02 1.047066396310099492e+02 9.474031028641883267e+01 8.645682439325958057e+01 6.995348526398858269e+01 7.359547018645001515e+01
1.880098487986705744e-02 2.001880098487873028e+01 2.268079145860144763e+01 2.052764509459924724e+01 1.227936781518933884e+01 2.282210545748468888e+01 1.832992909822718275e+01 3.859360327582321304e+01 3.489149887887536039e+01 3.491062738439933355e+01 1.830697067311626824e+01 3.831743508768229134e+01 3.590955691895032942e+01 5.131699415198602310e+01 4.327990590903043255e+01 5.441454800355480614e+01 4.784763149149730310e+01 5.617575731740299005e+01 6.740111889278085755e+01 8.729703799700983780e+01 9.138305262469367563e+01 7.137641032842334710e+01 9.138305262469367563e+01 8.854154978638884188e+01 9.684643358536582980e+01 1.018096899947573490e+02 1.000377278639985406e+02 1.000377278639985406e+02 1.083139718305395149e+02 9.333092332949668446e+01 7.509860759947899567e+01 9.333092332949668446e+01 9.635229590649471731e+01 1.046427412326504225e+02 9.809019502355261011e+01 8.980044474231328877e+01 8.887293406826277931e+01
2.900726248362994752e-02 1.353539619548672190e+00 2.680986242748613524e+00 4.023298353176656406e+00 5.374806018416637521e+00 6.745382513904814026e+00 2.674564817953151774e+01 3.018507016807249599e+01 3.156841213673059343e+01 1.492994713488290692e+01 3.491062738439933355e+01 3.360012506231728224e+01 5.423711569358294327e+01 5.284563604009380100e+01 6.593288971328897219e+01 7.024717675692964747e+01 6.702936814032914015e+01 7.525150525550286318e+01 8.407356742147580064e+01 9.557585545883856071e+01 9.969116705900663078e+01 8.551073203437677250e+01 9.969116705900663078e+01 1.001299515329679508e+02 9.188253380539276804e+01 8.195537761602817284e+01 9.601266684337782920e+01 1.046278464628252749e+02 9.638456971641321047e+01 8.507675926829359980e+01 6.498551317486905532e+01 8.507675926829359980e+01 7.633941807426246839e+01 8.634585699037857864e+01 9.463600536494698190e+01 1.061908104591286559e+02 9.926179984562693903e+01
5.081304048347550645e-02 2.005081303095487755e+01 1.422797549546285190e+01 2.402299190140214691e+01 2.537749038493205589e+01 2.674526632088896960e+01 8.731556205003661475e+00 1.018740812995081946e+01 1.165495471598286414e+01 1.866479572117815167e+01 3.991231175707984136e+01 5.443881195478800095e+01 6.278165284409518421e+01 7.124043511734966216e+01 7.581655811665308420e+01 6.747928359589710112e+01 7.581655811651009458e+01 8.499874815227292402e+01 7.959573205834519172e+01 8.795741097128005492e+01 9.958584165617264716e+01 1.055600886364395450e+02 1.111547993017215532e+02 9.188253380539276804e+01 7.203152552123130192e+01 6.792093139258177814e+01 8.608073852709958373e+01 9.314719795635791399e+01 7.650611570573454401e+01 7.837967723715202339e+01 5.821037844583767651e+01 7.837967723715202339e+01 6.477960123477136278e+01 6.632832302816805736e+01 7.788743390107318021e+01 9.790027780632658505e+01 9.926179984562693903e+01
4.469920835086939326e-02 2.004469920835051511e+01 3.422755279488769986e+01 4.251138113870310775e+01 3.689406089203266959e+01 1.689762901292892039e+01 2.873057007141803609e+01 3.018487542684778546e+01 3.165139747786825808e+01 1.438380886816438853e+01 2.849751492600737279e+01 4.850334765888488420e+01 5.925741520606010937e+01 6.234654836490332031e+01 6.579169818479802245e+01 4.746197236328566049e+01 5.660388743723206773e+01 6.802439846165516713e+01 5.955359435754925812e+01 7.110211996886289398e+01 9.119822194246852121e+01 1.007773289675012904e+02 9.266959911267102257e+01 8.301218860542154232e+01 7.784575123427195820e+01 5.791854119137738621e+01 7.784575123427195820e+01 8.490773894227434937e+01 6.486434899460930126e+01 7.255730219388638602e+01 5.235501926267359352e+01 6.661033101460753869e+01 5.475582790242876285e+01 7.478872836878389307e+01 8.473800688518907975e+01 9.302856514422587964e+01 1.076280091108451842e+02
2.324776005098762310e-02 1.416538340822925868e+01 3.416540526987206761e+01 5.358017561390170869e+01 4.321747482866121004e+01 2.322105290558769752e+01 4.321747482866157952e+01 4.786842932089888336e+01 2.785874114259503997e+01 1.633430900390375839e+01 3.631619054686408532e+01 4.212684127404993717e+01 3.923658329302801917e+01 4.232667737958706056e+01 5.143734809242288009e+01 3.746050233865568657e+01 4.246262981540635906e+01 4.800960681344218273e+01 6.215033887846630734e+01 8.220563277357713616e+01 9.238546329164907434e+01 8.429279127454499587e+01 7.320510175505471295e+01 7.677690357070052585e+01 6.308184473463403918e+01 5.205994032496989377e+01 7.209326119304023450e+01 8.748646676350958273e+01 6.747423554258017475e+01 5.307945398760731592e+01 4.695470342493267424e+01 4.655871340975783568e+01 6.661033101460753869e+01 8.147029668022139504e+01 6.471672259384394010e+01 8.147030382315035979e+01 9.738688869205886078e+01
8.699724428260374731e-02 2.008698808624702181e+01 2.529669904504894262e+01 4.529666470547757484e+01 5.149932322443565624e+01 3.736071748940931769e+01 3.736071679952573277e+01 5.614448397711539940e+01 4.459901617594263001e+01 3.631619054296194804e+01 1.918362219765168675e+01 2.208704258338028126e+01 2.506961154388083202e+01 2.816608732339486210e+01 3.142158052557866554e+01 3.746050233865568657e+01 5.747062797959139147e+01 6.802439846165516713e+01 6.802439846165516713e+01 8.811242016923230835e+01 8.429279127454499587e+01 6.475500614039093250e+01 7.047749091681900779e+01 5.715791816859759678e+01 6.673913097820970108e+01 4.653781433138861701e+01 6.089905488142029810e+01 8.083832189636946453e+01 8.160077321827641583e+01 7.201961949548521602e+01 5.740814588519179296e+01 4.137615312121503308e+01 5.710761242533169479e+01 6.246780553844524064e+01 5.314044005397261827e+01 7.317871301005887119e+01 8.931850330401279336e+01
2.249585233037712170e-02 8.966767762329457270e+00 2.896676586321870772e+01 4.181959040948297712e+01 5.336659117609576697e+01 5.735693782861250156e+01 5.150049241751762708e+01 6.563587157328890953e+01 5.081878897748388368e+01 3.073467996896885168e+01 2.624796879174406072e+01 2.395334233677126790e+01 4.397394177089040568e+01 4.819036183270639384e+01 5.143734809242288009e+01 5.143734809242288719e+01 4.689018183298242803e+01 6.690633135140502930e+01 8.683774878630890726e+01 8.353015873595289520e+01 7.521449001818648128e+01 7.047749091681900779e+01 5.075416922839063005e+01 4.824031172414840540e+01 6.233084227955109213e+01 4.191259636633969876e+01 5.646707982845762785e+01 7.648721711551510793e+01 8.146765020449120698e+01 6.990707567077168960e+01 6.160560649975322889e+01 5.341632428824043899e+01 3.705823237376291246e+01 4.241180870245581502e+01 5.399916753778376943e+01 7.403618015353359283e+01 8.780039627182701167e+01
2.739267172789772165e-03 4.591053944584045254e+00 1.353532585458312454e+01 2.508233123836826906e+01 4.508233095031194182e+01 5.966422927256694209e+01 7.149507016928411929e+01 6.716053992719200494e+01 4.712091355998826714e+01 5.079644619138181127e+01 3.381954963680312432e+01 4.397394177089040568e+01 2.896341178660817661e+01 4.898872101304228011e+01 6.376259305451215909e+01 7.147773500093927623e+01 6.690633135140502930e+01 5.843519892561415219e+01 7.847811344385755206e+01 7.521449001818648128e+01 5.508083397261732728e+01 6.095667406122074539e+01 5.781254088144245173e+01 3.994950396590667197e+01 5.284347135556861019e+01 3.759449944917600561e+01 5.235045024736520958e+01 7.248318965810369718e+01 7.317713973811089545e+01 5.313497739711522883e+01 4.155156295614163753e+01 3.338187519687493676e+01 5.341630094782757965e+01 6.246774152987256201e+01 7.076200503384916374e+01 8.232768416920849575e+01 9.587395412762997182e+01
8.327778614586213435e-02 2.008327778614550851e+01 1.243569935011133687e+01 2.137997126011033799e+01 3.137997126010928284e+01 4.552210688086834267e+01 6.552210567039308842e+01 7.531824227168803532e+01 6.572879628307342159e+01 4.641467900975919036e+01 5.353982602904918053e+01 5.502977934794441239e+01 3.500665091006949581e+01 3.546571849387555631e+01 5.548109657383136550e+01 7.106775319684977887e+01 8.683774878630882199e+01 7.847811344385755206e+01 8.683774878630900673e+01 7.521449001818648128e+01 5.508083397261732728e+01 4.126609150257338143e+01 3.955322399481625695e+01 4.351075316413324856e+01 3.203798890703651381e+01 4.928500100151372720e+01 5.789690477169125415e+01 7.753470805656770892e+01 7.368923530155004187e+01 6.515612980971484092e+01 4.511644697649411739e+01 3.096361866355674053e+01 4.511646817405767962e+01 6.515900090686322699e+01 7.095719515519782306e+01 7.924893237428069881e+01 8.926025640367883796e+01
6.510866554257997707e-02 2.006510866554222616e+01 3.243569925129685316e+01 2.398270473389965574e+01 3.552971011759412789e+01 4.967184573247094903e+01 6.967184387492918063e+01 7.190901206420248570e+01 7.365696442353741702e+01 6.027877992587957579e+01 6.474680805216975443e+01 4.501705014914632130e+01 5.507558384508651272e+01 5.548109657383136550e+01 4.277498962419819861e+01 6.278928333099583625e+01 8.106981138239963514e+01 9.106776513818589081e+01 8.449999129873430093e+01 7.421517784173325083e+01 6.578169720194608772e+01 5.121296851022025720e+01 3.237014256499434595e+01 3.723004557073835485e+01 2.904451163257190416e+01 4.453984015246201267e+01 6.740815378614585995e+01 7.542234577680068242e+01 5.539056432252316853e+01 4.537481515723905545e+01 4.537498494584214370e+01 2.862932727619837792e+01 4.864324464042316265e+01 6.024571963517982454e+01 5.091785945979479067e+01 6.094395596430567963e+01 7.510814679928019189e+01
8.953482861371392376e-02 1.423167045234478856e+01 3.423167045234549022e+01 4.398270450011201405e+01 5.226696609518339187e+01 5.457748980761666502e+01 5.919541886150842203e+01 5.180705618152843783e+01 6.602818974635847837e+01 7.943709036101849108e+01 7.257313040561354001e+01 5.503781434990166588e+01 7.349772788734270534e+01 7.106775319684977887e+01 5.432835283757278688e+01 5.277971870710113222e+01 6.278928154336158229e+01 8.280841436641955511e+01 7.615324845989439950e+01 5.541014594399776882e+01 4.442188772041035350e+01 3.711815637450551009e+01 3.085420663710982936e+01 2.507567311000511623e+01 4.506793279852439582e+01 5.822016760619909803e+01 6.512772520806676368e+01 5.683385090526557093e+01 5.539068373322997729e+01 3.535920127491140619e+01 2.537052300159226448e+01 4.537498494582098374e+01 5.128175675995236560e+01 4.020169007537691641e+01 6.024571963517982454e+01 7.049337446988559464e+01 7.878463292397815110e+01
