LEM/with_lateral_4open/elevation_000526.asc
nrows	100
cellsize	150.0
xllcorner	0
ncols	100
yllcorner	0
NODATA_value	-9999
[rows 51 to 67 of 100, columns 37 to 73 of 100]
4.106462383146884321e+01 6.122490720146049625e+01 7.181584382883569617e+01 8.594691070213512774e+01 8.425188941550817390e+01 9.244826692029965898e+01 1.038732765894940400e+02 1.131532801576755674e+02 9.504132769117484258e+01 1.058871022459883164e+02 1.058871022459883164e+02 1.097106948884974003e+02 1.295844332364292200e+02 1.290042471744994828e+02 1.244856452692942526e+02 1.070981838878347929e+02 1.077430491447642993e+02 9.267492817470896682e+01 7.229506513979467286e+01 6.553552937360815633e+01 6.149555470845833582e+01 5.761918419164325655e+01 7.258639637523697274e+01 6.609158308980121888e+01 4.579865949766721656e+01 6.607599152973476464e+01 7.713859457524185359e+01 8.774548069914878567e+01 7.392056778683608798e+01 5.327450418909749175e+01 7.392056778655184246e+01 7.154166281873963840e+01 5.181851151412354994e+01 5.759528878484974967e+01 5.586998912966914332e+01 3.696375973288504468e+01 3.761613265121321348e+01
6.122490720146049625e+01 4.338112888256298305e+01 5.768407646043832671e+01 7.274642337852792195e+01 6.432385731283969221e+01 7.588783259360374700e+01 9.567740351292609091e+01 1.049297426913686166e+02 8.523072449334307521e+01 8.618058171847886229e+01 9.359253093538367807e+01 1.133575938250905892e+02 1.288039203662204955e+02 1.203948423655818658e+02 1.218135423863815276e+02 1.020151945560972138e+02 8.791333365542057265e+01 8.025842495814708855e+01 7.349017643279290724e+01 8.584806957247478465e+01 8.179664295978197686e+01 7.789962128161448618e+01 6.966272078192415051e+01 6.123534503466922274e+01 4.372621655317912825e+01 6.407035120211426715e+01 6.181324180886488051e+01 7.832493348774215747e+01 6.912878606431301876e+01 4.852856504563479234e+01 6.912878606431301876e+01 7.152440694002896748e+01 5.181724563578057996e+01 3.850326445759606031e+01 4.804662517476000261e+01 3.290035606976507410e+01 5.174431163838515602e+01
5.131618913074537858e+01 6.088405652114125388e+01 4.585611550193027597e+01 5.261811233750905359e+01 7.274643471661291017e+01 8.840248095656914984e+01 9.974627623307340230e+01 9.155194174365054494e+01 7.780909356062251447e+01 9.748421365934555638e+01 1.133575938250905892e+02 1.215969213754666924e+02 1.170198294711473039e+02 9.993891059071391680e+01 1.133133927803951053e+02 1.048695283763397725e+02 1.077430491447642993e+02 1.003477267836436226e+02 8.782058097502893190e+01 1.020470478300373571e+02 8.875571310393272029e+01 7.560666004498510517e+01 5.528255159689504694e+01 4.080558814303319082e+01 5.854646020759705749e+01 6.680305555665547956e+01 5.123967760639911972e+01 6.699472271188965067e+01 5.870877966279748250e+01 4.415573043323045965e+01 6.469278123226895616e+01 6.852504657031646218e+01 6.007315932287982463e+01 4.528398196759348338e+01 2.902668202731678804e+01 4.801813220618646483e+01 5.968622419096492138e+01
7.141040033191826808e+01 7.330776485136945553e+01 6.603756892621640873e+01 4.846070007176861338e+01 6.018780496134331059e+01 8.019324235691752278e+01 9.155194126493050533e+01 7.183558302806639517e+01 9.155194174365054494e+01 9.748421365934555638e+01 1.172663674824048456e+02 1.230400370715956910e+02 1.025969684893629790e+02 8.805868739521358179e+01 9.832164602202541914e+01 8.432436405784592637e+01 9.820379687011752878e+01 1.066628534818091794e+02 1.079720572178495814e+02 9.470768716756148820e+01 7.434842582049508053e+01 6.009377897463409823e+01 5.106570320438240174e+01 5.621227195113019093e+01 3.805610602165376832e+01 5.589100828898605755e+01 4.243769245763143516e+01 5.331722738408399920e+01 3.826652266308352068e+01 5.870978698663945039e+01 6.378217991498249972e+01 5.505432979840960428e+01 3.871603081798372159e+01 4.498996466468911848e+01 2.644054617220453807e+01 4.180475638382968384e+01 5.115033296670960539e+01
8.902049388082696169e+01 8.407918979162376161e+01 7.051635955050075211e+01 5.033938396119579295e+01 7.051649451533272384e+01 8.184703740280960460e+01 8.775752673577905227e+01 6.796801544921393656e+01 8.775752673577905227e+01 9.666503415140340394e+01 1.048701790291022888e+02 1.147500056592816691e+02 1.170198294711473039e+02 9.832164602202541914e+01 7.774110130815472530e+01 7.242488802712972529e+01 7.763743580847076942e+01 9.481327633667127941e+01 1.076596976872626499e+02 1.017103751683622335e+02 8.875574677306812532e+01 7.969201639049025232e+01 7.126244912490052741e+01 6.647421211874998903e+01 5.590117767997708853e+01 3.538707186738564303e+01 3.409432943772151248e+01 3.282196288568511733e+01 4.119710203146585314e+01 5.043601510267786381e+01 4.334900210217059424e+01 4.669324272055269631e+01 2.607228956237181450e+01 2.496210496838958193e+01 2.386246420389616318e+01 2.277351194391608757e+01 3.324859747992850600e+01
8.992430210188406647e+01 7.551161575520707459e+01 5.579206021414869099e+01 7.051649451533272384e+01 5.347987738456324536e+01 7.362653656856355155e+01 7.980537129077518443e+01 6.426021159788933801e+01 7.034598964897523388e+01 7.697221253438576127e+01 8.680563603069253986e+01 1.065244322721144812e+02 1.150512234581833440e+02 9.456175929270051483e+01 9.832164602202541914e+01 8.632980277492471544e+01 6.577788453943446711e+01 8.632980277492471544e+01 8.723023388927431654e+01 8.123236298639768904e+01 8.590946421286098200e+01 7.747291744163962335e+01 6.955832215013346342e+01 5.849431045053835732e+01 3.800149277648411328e+01 5.590117730112663708e+01 5.463317703924180790e+01 5.159449509912184340e+01 3.111208031595121426e+01 2.989741354110546112e+01 2.877705227105758823e+01 2.765509990100035154e+01 3.898154886067032976e+01 4.135044241875502280e+01 4.715707212910815116e+01 3.324866061332306089e+01 2.137076849557268332e+01
7.763373949643441563e+01 6.181980211413751647e+01 6.940079240534865335e+01 8.153037600729780365e+01 7.362531945521746479e+01 5.673609672508823820e+01 5.979575003920606235e+01 7.980537129077518443e+01 9.010076027906424656e+01 9.666503415140340394e+01 1.048701790291022888e+02 1.147500056592816691e+02 1.234716563334936978e+02 1.140356941018085593e+02 9.683296687383770518e+01 7.627917321830926767e+01 6.179505179222535105e+01 7.691457637617234866e+01 7.427895676284491344e+01 6.673856433216305106e+01 7.417334177524450922e+01 5.717789891126235347e+01 6.113026478904052397e+01 4.070456725275104759e+01 5.849431045053835732e+01 6.692432330433109655e+01 6.694993626248405860e+01 5.395733887635550019e+01 3.369094764326253255e+01 3.677496532480201097e+01 4.933136845937347914e+01 4.823668454681654794e+01 4.405303665755356946e+01 6.109944704210765565e+01 5.344419744824074314e+01 4.969529102695710066e+01 3.165414124980900823e+01
7.762146022963939629e+01 6.690895733500882159e+01 8.604431193337372008e+01 9.443577575193850748e+01 8.502527947067869718e+01 7.682251306927298629e+01 6.193910583991371510e+01 8.189004430696738268e+01 8.424001588831275456e+01 9.817955434573653406e+01 1.179733754888378883e+02 1.205271914799726858e+02 1.087284571209889066e+02 9.955729178173858429e+01 8.507888946089326510e+01 8.660040872088167418e+01 7.691457637617234866e+01 5.649334135715539418e+01 5.390056249809898503e+01 7.067264260830671674e+01 6.571495464105595374e+01 4.546939544327575078e+01 4.347106754433627884e+01 6.113116554484653165e+01 6.955798031120781388e+01 7.174070079693420610e+01 5.847410424406810137e+01 3.753075164942116970e+01 5.395734375446198072e+01 5.726704431507183557e+01 4.778236766322881834e+01 6.815507842545645190e+01 6.445294962927991378e+01 7.294533756337165187e+01 7.363588038156918003e+01 5.835370164553851424e+01 4.567527685313961427e+01
9.483697796839507532e+01 7.844620877931090774e+01 7.588287647870076569e+01 9.549074838505212881e+01 9.330118907348499135e+01 7.353650656535272390e+01 8.189004430696738268e+01 6.805561001657665088e+01 8.786182552118386013e+01 1.044699039752363632e+02 1.143496030197100026e+02 1.121097794015581997e+02 9.162631268981847654e+01 7.972668585107278716e+01 7.051505826949845357e+01 6.605277673232609459e+01 6.198947569262158197e+01 7.691457617019595716e+01 7.075813480651049758e+01 5.042241545160579363e+01 4.834740777369621156e+01 6.575682893757780789e+01 5.367585855611661572e+01 7.224041365321798480e+01 7.777716125227875921e+01 5.732643736260999390e+01 4.221017432598752350e+01 5.847410424406814400e+01 6.695017995807431532e+01 7.654268840347104685e+01 5.956623975581099728e+01 7.654268836186321323e+01 6.573983161868575564e+01 5.737260673811432810e+01 5.411305387376920351e+01 6.247519316835209224e+01 6.206744511979785273e+01
1.061449360072097221e+02 9.802656600450465874e+01 8.288940488352585589e+01 1.023826519949788860e+02 1.015023817672045112e+02 8.495999887468779832e+01 9.605450574599009883e+01 7.696414851191370587e+01 7.655396695655710460e+01 8.640559425799230553e+01 1.061296712663849178e+02 1.121097794015581997e+02 9.162631268981847654e+01 7.972668585107278716e+01 8.507888946089326510e+01 8.058439357866394914e+01 8.249088232317065206e+01 8.030817395269357917e+01 5.771979503910390719e+01 5.647334571161199790e+01 5.843199514306206055e+01 7.570243758607614382e+01 6.819110629402335633e+01 8.272874024593643583e+01 8.129910155676978434e+01 6.689971307004074674e+01 4.600412271469152614e+01 5.831002316516754291e+01 7.863344769034213755e+01 8.825470587639117070e+01 7.988765026149035009e+01 7.069687765564677306e+01 5.737260673811432810e+01 3.727937341771754376e+01 3.399595968462555362e+01 4.966993105077428794e+01 4.675549743705872885e+01
1.141023386795079944e+02 1.105072405817424084e+02 9.265216853370675665e+01 1.105072405817423657e+02 1.129149377889901444e+02 1.046954667828398016e+02 1.048875744955345937e+02 8.833649272222218940e+01 8.792720264616288262e+01 9.626763276217967302e+01 1.143496030197100310e+02 1.205271914799731405e+02 1.002836443815985348e+02 9.003693968701531958e+01 1.056031051053465859e+02 1.011243540686657809e+02 9.669721663990095806e+01 7.684799352875292300e+01 6.319288568019745611e+01 6.274944240814795648e+01 7.255909721947057278e+01 8.628345125202854149e+01 8.970089199003137992e+01 8.722122656145616304e+01 6.700339331754456396e+01 5.249211544824697029e+01 5.564842542536564451e+01 7.529242962708667619e+01 8.700855696813023599e+01 8.620144933292716871e+01 7.608621728058830058e+01 6.232090705914321660e+01 4.222081613554586710e+01 5.737260673811432810e+01 4.966993105077428794e+01 2.947815211152136428e+01 2.647730491726807855e+01
1.064829458933688358e+02 1.202725037450289562e+02 1.121131354562510438e+02 1.202725037450307610e+02 1.179641188296980232e+02 1.157586607940260564e+02 1.163182728065956439e+02 1.080747668113308606e+02 1.076596915238363579e+02 1.158723821447828612e+02 1.242719383307857584e+02 1.291160385681270952e+02 1.189511874562594329e+02 1.105303490761818495e+02 1.189511874562594329e+02 1.062680080265059104e+02 8.602428797816239125e+01 7.228026026904665002e+01 8.267946504228980587e+01 6.922795498131293357e+01 8.819716428018836041e+01 9.936341089485836164e+01 9.884177665063151608e+01 7.965852629348191272e+01 5.945812613439865402e+01 7.292505957378753578e+01 6.745658163514852390e+01 8.437729642368114469e+01 9.216469862678206937e+01 7.186723310393600173e+01 5.759125262298994130e+01 4.756851252366607952e+01 6.232090705938149000e+01 7.069687765564655990e+01 5.802747937131102418e+01 4.116316037910993941e+01 4.580945072941757701e+01
1.146239391392550573e+02 1.217302795551440795e+02 1.300029471066460474e+02 1.179641188296980232e+02 9.774255890912077405e+01 9.552780333215918063e+01 1.098116721886436693e+02 1.180835293076010828e+02 1.097289807262296364e+02 1.180880856159716643e+02 1.249474227391629881e+02 1.207573978863507307e+02 1.107248237195700256e+02 1.024135671487810839e+02 1.107248237195700256e+02 1.062680080265059104e+02 8.602428797816239125e+01 8.602428797816239125e+01 9.547164665553830787e+01 7.640110644607479173e+01 9.547164665553830787e+01 1.021802650823395169e+02 8.188708439358259739e+01 7.024881692943937139e+01 6.620615597970989086e+01 8.638471145036791654e+01 8.767572227354443726e+01 9.605086284440170630e+01 8.859825296082158275e+01 6.831028158940577555e+01 5.406171419314748050e+01 6.177259049777224931e+01 7.608621728058831479e+01 8.150073765557159788e+01 6.129039569780458407e+01 5.897386786598872987e+01 4.776493794730455278e+01
1.183891058174377378e+02 1.015549619532828842e+02 1.183891058174377378e+02 1.134735692391800654e+02 1.014532842935214774e+02 8.118665711633188664e+01 1.014532842935214774e+02 1.079698147049570309e+02 8.947798225302113906e+01 1.047539232271077054e+02 1.047539232271077054e+02 1.104031196117834952e+02 9.244043465889851063e+01 8.246730216901582367e+01 1.007342811656090902e+02 1.148584416790934597e+02 1.062680080265059104e+02 1.062680080265059104e+02 1.035790790811118143e+02 8.979754529936310803e+01 1.035790790811118143e+02 1.105387840571785460e+02 9.884177665063151608e+01 9.046399174897202045e+01 7.781384459608122484e+01 8.044417118082759544e+01 1.007264443369158187e+02 1.084906054075843684e+02 9.677849859871258786e+01 7.931238887277305594e+01 5.907279669198069882e+01 7.931238887277305594e+01 9.039984406340457213e+01 7.857980547059939624e+01 5.669487830015911811e+01 4.213761862232001931e+01 3.045349265343381617e+01
1.024339986390079105e+02 8.984799807101597935e+01 1.100820545067316516e+02 1.051210217392558519e+02 8.486583623566592394e+01 7.441654856768009552e+01 9.469774190112592294e+01 9.960312347561566071e+01 7.933129140332965790e+01 8.449481150433516063e+01 1.047539232271077054e+02 1.020966422971913801e+02 8.214226485575238712e+01 7.253101470734837619e+01 9.244043465889851063e+01 1.038321862551464534e+02 9.553392770857261951e+01 1.038321862551464392e+02 1.138490704187548488e+02 1.091701391038959912e+02 1.042564565629331241e+02 9.595638165566469979e+01 1.042564565629331241e+02 1.064618619358399201e+02 9.809273330577748595e+01 1.007264443369158187e+02 1.090885444825812414e+02 1.001351219188968429e+02 7.980191991287175313e+01 6.808474661356915192e+01 7.336242983879655810e+01 8.770473750980944772e+01 7.846435261794464111e+01 7.004470924602117066e+01 6.399522041334869726e+01 5.204298651319193425e+01 3.256082914960219199e+01
9.651827808439358591e+01 8.218208526312909612e+01 1.024343000291700889e+02 1.029101245188328733e+02 8.264813174700115894e+01 6.825421085508472174e+01 8.858273202951781400e+01 8.452601744251828109e+01 7.163444671445991219e+01 9.194093594395185676e+01 9.806696234273866253e+01 8.654593629879690297e+01 7.827028421375295864e+01 6.587172520327197844e+01 8.580396134171512301e+01 9.385528142442542787e+01 7.561323801092376584e+01 8.557358285974828505e+01 9.641777584039377302e+01 1.047156696299239655e+02 9.427196395894115710e+01 7.601604685497459002e+01 9.427196395894115710e+01 1.072032035147195899e+02 1.023653333809963755e+02 9.407538115051352179e+01 1.023653333809963755e+02 1.049769049107906653e+02 8.466921100138149825e+01 8.244405190914217485e+01 9.367686066816332868e+01 8.443742892567171054e+01 6.408376785873359438e+01 4.983198734431013577e+01 4.428108755211781045e+01 3.910530319072473304e+01 3.500767948970808874e+01
9.681736255776989708e+01 7.655589503420549136e+01 9.681736255776989708e+01 9.945084559301496085e+01 8.379125363820622852e+01 6.336673276544440370e+01 8.379125363820622852e+01 6.411485960626683323e+01 8.452601744251828109e+01 1.003127728992886034e+02 8.977762346519590153e+01 6.984632722176507968e+01 5.828348145199360175e+01 7.827028421375295864e+01 9.076670123088599951e+01 8.557358285974828505e+01 6.564087569719482929e+01 8.231504914743959489e+01 7.647350848477682916e+01 9.641777584039377302e+01 8.598621425531958096e+01 6.603905649411171908e+01 7.893382899614557857e+01 9.318334192027660379e+01 9.238861444876829410e+01 7.414691297428845473e+01 9.238861516901836524e+01 1.053068748868968925e+02 1.049769049107906653e+02 1.027643938487750859e+02 9.270147240442348391e+01 7.228750319067164298e+01 6.057909624371539081e+01 7.004521716326718206e+01 5.550815998687744468e+01 5.755165822163858991e+01 3.747146514356968794e+01
