LEM/with_lateral_4open/elevation_000153.asc
nrows	100
cellsize	150.0
xllcorner	0
ncols	100
yllcorner	0
NODATA_value	-9999
[rows 68 to 84 of 100, columns 0 to 36 of 100]
5.009162696260269221e-02 2.004954428118414711e+01 3.783051446876266510e+01 4.609818723412534069e+01 4.796560738269107560e+01 5.627295670800094030e+01 5.801897963036859807e+01 6.630822648999991031e+01 8.045637382419823780e+01 7.689976891046875096e+01 5.708638264825072639e+01 4.871652569194426974e+01 4.209334771477363546e+01 6.183693914640991807e+01 7.735306062257100734e+01 8.304435699786385783e+01 6.301000971683399143e+01 4.907752084726588748e+01 4.800417866875382344e+01 2.838434079394778209e+01 2.707186254030454720e+01 3.451051681684862160e+01 5.405352262051067669e+01 6.504781550113160904e+01 7.326137280131709417e+01 8.704714109239682784e+01 6.711765144577259434e+01 7.012286105190148078e+01 5.604134095557471085e+01 4.624049283762390417e+01 4.996026205433350498e+01 5.391874245923289521e+01 7.373423044043229879e+01 7.719069462957466499e+01 9.658951241855768899e+01 1.025513076838543896e+02 8.282929067996708739e+01
4.695337527364121244e-02 2.004695337527328647e+01 1.783268755756315471e+01 3.162926099760783671e+01 2.796100241530088937e+01 4.536909991815318932e+01 3.801776362149062294e+01 5.216007915580158283e+01 6.344856297724349048e+01 7.173570487190782785e+01 7.673992876268403052e+01 6.851981987660717266e+01 5.353132498971101683e+01 5.223249832613817745e+01 7.111571636237150074e+01 8.728383638091787589e+01 7.584327269044777609e+01 6.701603868246932905e+01 5.227948754334712334e+01 3.268759553365406845e+01 4.670348261015228530e+01 3.002567880899958297e+01 4.962464818322615656e+01 4.538310869526258529e+01 5.925563968720637575e+01 7.903200718069960828e+01 8.704714109239682784e+01 8.420695797953078454e+01 7.125418310030786984e+01 5.133196156780575592e+01 6.987354432752297839e+01 7.386224479461954218e+01 6.096228087060963219e+01 7.249526327489662947e+01 9.246367448891498952e+01 9.785329216132988961e+01 7.809934981683926480e+01
7.614146464036156137e-02 3.162208463882206111e+00 6.285683701654340538e+00 1.163090853990287421e+01 1.829757520661665993e+01 2.536864302044681807e+01 4.536909991815318932e+01 5.275777885484205143e+01 4.344793728624899387e+01 5.499496087821490420e+01 7.499639819800192697e+01 8.375251050088876070e+01 6.678431063047450778e+01 6.291792130817733408e+01 7.923785550797363442e+01 7.905329765788286522e+01 5.926029296945387870e+01 4.792910778593886789e+01 3.920411861106640572e+01 5.227948751683891260e+01 5.779769516494494752e+01 4.962472402561354556e+01 3.303035248955266923e+01 5.261071033390206964e+01 6.641528238346360524e+01 7.340556780966851136e+01 8.164025238102898641e+01 9.118487518614890064e+01 7.125418114281235660e+01 5.731933902412433923e+01 7.726933243920704797e+01 8.758270688660640246e+01 6.762088834081939126e+01 8.758270688660640246e+01 1.007663863684441736e+02 1.059847991928048145e+02 9.460061215625037789e+01
2.352828262072655108e-02 2.002352828262037221e+01 2.628571636287204427e+01 1.231591059320978943e+01 1.678804654820987352e+01 2.163875904893928137e+01 2.698398388721201258e+01 3.275748657939194430e+01 5.275777885484205143e+01 7.173570487190782785e+01 8.328510981046851214e+01 9.515558157009748186e+01 8.693963496149186199e+01 8.231410652037877185e+01 9.049686993224764819e+01 8.210873196359435156e+01 6.230355041932606497e+01 4.840326622650696464e+01 5.881717204860408543e+01 6.701600624355793911e+01 6.878753770125754841e+01 4.904650490116566885e+01 3.523737520735176076e+01 4.086099537339775623e+01 4.672751526685924972e+01 5.363405855533867594e+01 6.501461521661049403e+01 8.486783480969086213e+01 8.391964310031887919e+01 6.396871111698327184e+01 8.391964310031887919e+01 9.586298269642915670e+01 7.760962444733141297e+01 9.586298269642915670e+01 1.043118820239571818e+02 9.601640085472898534e+01 9.522067393391127155e+01
6.786455232800275850e-02 1.161486993612041729e+01 3.161486993612006202e+01 3.231595735319315565e+01 3.093018505482009672e+01 3.578089906059126690e+01 4.698409239963844897e+01 5.275597675979970091e+01 6.103755661285301670e+01 7.371748785082351674e+01 7.371748785082351674e+01 7.956693766394596423e+01 8.651910427960952177e+01 7.823802534882830173e+01 8.651910427960952177e+01 8.428063911355040716e+01 6.446881662660386780e+01 6.230355041932606497e+01 7.632242491045055033e+01 7.455617443310501358e+01 6.632906318667409096e+01 5.724260411493475686e+01 3.767847323149734962e+01 5.726686809791202393e+01 6.641528238346360524e+01 7.340556780966851136e+01 8.164025238102898641e+01 9.311074746328097262e+01 9.216713478992046760e+01 7.395728417262596111e+01 9.216713478992046760e+01 1.058460758162226369e+02 9.755578932588133512e+01 1.058460758162226369e+02 9.601640085472898534e+01 7.607548673591566057e+01 7.530513474706251031e+01
3.257643153035955086e-02 2.003257643153000345e+01 3.989914118358131390e+01 4.952648194948584148e+01 5.093038083978689201e+01 5.578115554779888186e+01 5.413745638694825146e+01 4.587411404125896297e+01 5.413745638694825146e+01 5.378242288894070811e+01 5.378242288894070811e+01 5.962126823288189570e+01 7.654521075812540687e+01 5.830867330411359006e+01 7.654521075812540687e+01 9.065758636685184513e+01 8.428063911355040716e+01 8.210873196359435156e+01 8.389774049190121730e+01 6.633585528512274720e+01 4.664949368024217335e+01 4.125906566821248589e+01 5.726752021982898810e+01 6.549749953783694423e+01 7.520094300181426661e+01 8.093387376280435319e+01 8.918505128023265627e+01 9.914106582740421914e+01 1.021264327957529048e+02 9.388200202801183991e+01 1.021264327957529048e+02 1.013128945598078587e+02 1.035580271540966208e+02 1.060044595807462571e+02 8.602834212871175623e+01 7.195287904788141020e+01 6.208331372467252152e+01
1.880098487986705744e-02 2.001880098487951187e+01 2.124221069807977713e+01 3.538434632181022721e+01 5.538434632181233752e+01 5.462106956115433576e+01 4.412221343705953558e+01 2.593182897836793543e+01 4.416526118283414348e+01 3.969269024056409734e+01 3.969269024056409734e+01 5.962126823288189570e+01 5.887751663980670003e+01 4.834177830356735228e+01 6.243283514939900414e+01 8.049985673311743994e+01 9.047605352680845670e+01 8.971424409919964660e+01 6.984794983219399001e+01 5.587304231551269140e+01 6.516922399746773920e+01 4.549779545637896661e+01 4.687034893970538718e+01 5.102327907158177567e+01 5.539582791819211849e+01 6.107441868681087982e+01 7.098437978503575607e+01 8.505160317203171871e+01 1.049625223301845267e+02 1.043249173457540167e+02 9.536975079878843076e+01 8.093888814122919939e+01 8.316390538829092804e+01 1.035580271540966208e+02 1.001699120814300272e+02 8.936942948179121515e+01 6.947951312272537905e+01
2.900726248362994752e-02 7.100075074349074811e+00 2.124221069808027806e+01 4.124221069808660900e+01 5.146011804708022908e+01 4.066829519383166769e+01 2.657116929088283186e+01 1.595555841015635501e+01 3.590297150981343322e+01 2.818890427319096759e+01 4.811549836445076522e+01 5.271986019464898732e+01 3.892442927433305044e+01 4.524603811420949029e+01 5.230385181798778405e+01 6.225910791372674424e+01 8.219066990027684483e+01 8.971424409919964660e+01 6.984794983219399001e+01 7.566665270595245829e+01 6.969823290973579333e+01 4.996231949861689969e+01 6.656191914984469804e+01 7.077238468940649341e+01 6.937678713868582747e+01 6.937678713868582747e+01 7.361929892942870879e+01 8.768802728870676333e+01 1.076013205463903262e+02 9.584977366839784452e+01 7.554776255751487213e+01 6.671115645219161649e+01 8.533362252094896405e+01 8.533362301070755507e+01 9.378669283508206433e+01 9.765649982914443683e+01 8.936942948179121515e+01
5.081304048347550645e-02 2.005081304048312063e+01 3.538434628537407178e+01 3.851455851140371323e+01 3.734383385350898976e+01 2.322758499880765015e+01 1.245069229832436797e+01 3.241737313499835693e+01 1.969404505664352101e+01 3.961877009488261336e+01 4.700703028184853594e+01 3.276227243215643625e+01 5.271986019464898732e+01 6.518173870004648052e+01 7.222488890700181230e+01 8.049985673311743994e+01 9.047605352680845670e+01 9.794753115160858670e+01 8.971424409919964660e+01 8.115554531113581049e+01 6.131089811372216758e+01 5.688648236128754121e+01 6.605359351438302440e+01 8.591501851550155777e+01 8.926169907595384245e+01 8.084788030309077556e+01 9.352049584812593253e+01 1.017799245836994118e+02 9.234835164061432522e+01 8.389779345887134809e+01 7.927325101040517552e+01 5.913501380872195767e+01 6.513614626832217880e+01 6.513614626865440016e+01 8.533362284646541696e+01 8.844897078513926658e+01 7.850460535546488927e+01
4.469920835086939326e-02 2.004469920834850072e+01 2.291377264360894372e+01 1.851455818241972295e+01 2.585086467343376171e+01 9.095088392709049785e+00 2.905924773178456633e+01 4.045835484615567879e+01 3.961876902825980551e+01 2.398968158504249715e+01 2.713330533661367738e+01 4.700703028184853594e+01 6.085517459550183617e+01 6.808475539867048099e+01 7.629658100043332070e+01 8.769004513082653318e+01 9.179899156775840652e+01 9.398909819330877724e+01 9.740540327523305564e+01 7.750347307286315868e+01 8.115554531113581049e+01 6.434203429304459121e+01 8.421739048294547558e+01 9.417283803272778187e+01 1.090201990867349906e+02 1.007551892625231886e+02 9.952959310819365157e+01 8.780267514337110413e+01 7.936499901947469482e+01 6.370907950972152634e+01 8.065641775304796113e+01 7.105185009986229261e+01 5.093776336180825126e+01 6.513614626572758937e+01 8.533361766325995745e+01 8.014061629786559138e+01 6.032205786545997483e+01
2.324776005098762310e-02 1.466623433025053602e+00 2.913772643609899404e+00 4.372422558588850983e+00 5.850865100497991023e+00 7.821530620430272585e+00 1.984394821975835654e+01 3.670678872111434998e+01 5.214079225832811204e+01 4.388438323651590878e+01 4.700703028184853594e+01 3.542999045051146823e+01 4.175464743176377169e+01 4.881130013613990570e+01 5.978187160866036720e+01 7.942670558049444196e+01 7.188206761701076175e+01 7.405821422927496656e+01 9.398909819330877724e+01 9.740540327523305564e+01 9.247400385683545210e+01 7.580454985419811464e+01 9.247400385683545210e+01 8.828538477132549644e+01 9.656692835604077629e+01 9.566960061929219705e+01 9.105868351795106719e+01 7.080462783899950807e+01 5.921764593767367302e+01 5.211737232860494373e+01 6.434837072618130094e+01 6.118366800518457893e+01 4.664509761427869705e+01 6.085517274583449421e+01 8.102750279010749068e+01 8.844897078513926658e+01 7.850460535546488927e+01
8.699724428260374731e-02 2.008699724428224798e+01 2.291377264361025468e+01 1.851455818291377042e+01 1.999300072357412361e+01 2.782546027960759005e+01 1.065276918024329511e+01 3.050877375001883607e+01 4.170343503043702782e+01 5.061894041907426356e+01 5.893810383159604527e+01 5.496327683124700059e+01 6.104711598363889635e+01 6.808475539867048099e+01 7.577813118136323567e+01 7.247447456607899596e+01 5.847103826746933919e+01 7.697739671214944224e+01 8.521350952145859026e+01 9.511367656419702143e+01 1.039742259768142532e+02 9.570954449980432344e+01 8.501832414992803422e+01 6.827874080970498483e+01 7.933814159136160526e+01 7.566772993249243484e+01 9.566960061929219705e+01 8.780267514336821932e+01 7.936499901947469482e+01 6.434837072618130094e+01 4.422381938130994428e+01 4.105412958766505227e+01 6.118366800518457893e+01 7.516127678115324784e+01 8.097885418487541642e+01 8.911102876247132087e+01 8.125043831154724217e+01
2.249585233037712170e-02 2.002249585233002094e+01 3.723128242462787085e+01 3.851455940912165943e+01 3.999299891251415318e+01 3.880551884526253303e+01 3.050877375001883607e+01 1.355197224410052748e+01 3.339594017771570833e+01 3.053299061154841709e+01 5.061894022883510758e+01 6.471572590612314002e+01 5.900627924862641294e+01 6.731568378037826506e+01 6.935607647487698557e+01 4.865955637636427866e+01 5.141874535026480686e+01 5.764671937751089104e+01 6.711177556099731589e+01 8.684301786330152595e+01 9.362178225730647796e+01 8.207095966807352738e+01 7.378597566200697599e+01 5.671243989172150890e+01 5.931952264319027535e+01 7.933814159136160526e+01 9.069560612394434429e+01 8.244412433038409915e+01 8.244412433038415600e+01 7.274111048720051542e+01 5.744570656060711400e+01 3.730381195502179992e+01 5.744570656227872263e+01 6.698111632635387025e+01 6.118306349676739586e+01 8.097885419516153149e+01 7.299175323660601578e+01
2.739267172789772165e-03 8.947011177171869889e+00 2.049401656096418023e+01 3.463615218469463031e+01 5.463615218469391976e+01 4.755903860019311935e+01 2.752939272590066366e+01 3.339594017771555201e+01 1.655752537485030373e+01 3.641602846908616442e+01 3.621992039929871510e+01 4.471929892897165359e+01 3.880143815968786924e+01 5.900627924862384077e+01 5.696482115101009214e+01 4.285079165448205885e+01 6.316059147133072571e+01 7.697739671214944224e+01 8.521350952145859026e+01 9.511367656419702143e+01 8.533956561817818454e+01 6.532816080427217287e+01 5.375487890502044763e+01 4.773579297430003265e+01 6.778038655282651348e+01 8.207095962611840889e+01 8.244412433038409915e+01 6.249545933455922864e+01 6.249545933455922864e+01 6.881279762782341436e+01 4.866802606086147875e+01 3.440420950910229436e+01 5.455476921190143003e+01 4.702396940636834444e+01 6.118306349672388933e+01 8.097885410300239073e+01 8.125043831154583529e+01
8.327778614586213435e-02 5.428502624394372589e+00 2.542850262439472786e+01 4.187773968113460654e+01 5.187773968113478418e+01 5.587747733522026294e+01 4.755903860019311225e+01 3.272942168843471222e+01 3.641602876252201071e+01 1.971146412408016957e+01 2.211645867919532193e+01 2.459031671388268947e+01 4.471929910182837631e+01 5.183635612560296835e+01 3.661369071276775600e+01 4.390003271829984755e+01 5.161081070084642164e+01 6.169098842032985175e+01 7.585985943641122731e+01 9.586514400445548745e+01 8.773485047024325922e+01 7.945107179004483555e+01 6.222101655719733770e+01 4.215906255327364960e+01 5.375487890502044053e+01 7.378597566197983326e+01 8.244412433038411336e+01 6.249545933455922864e+01 4.831753405454782069e+01 5.890041409961347085e+01 5.179117637757352099e+01 3.158548459843288114e+01 3.750673779091501103e+01 5.757322703855817281e+01 7.514704384379420787e+01 7.484261958255133607e+01 8.316176621621538345e+01
6.510866554257997707e-02 2.006510866554222616e+01 1.359346843367170443e+01 2.359346843367188029e+01 3.773560405740332868e+01 5.773560405740403212e+01 6.113619671961584601e+01 5.281955038451854278e+01 4.570154630440978849e+01 2.559300188926931696e+01 4.213111061268350710e+01 4.471929910184054080e+01 2.839998042720750249e+01 3.148680499271222999e+01 3.873610257531107948e+01 5.900112270172854778e+01 7.170513002357493804e+01 7.999430097342624890e+01 9.000471500928087210e+01 8.480254210732437059e+01 7.651875904913899262e+01 5.942859116784986639e+01 5.812588734446215000e+01 3.805480106130617202e+01 5.255916959459228366e+01 6.085610027064968364e+01 7.075338664485151696e+01 7.304023346760648394e+01 5.304350914788498272e+01 3.880938004551649811e+01 3.354277007648997966e+01 2.877109090529549107e+01 4.876341118988093370e+01 5.448705797457110833e+01 6.063937261104618415e+01 5.475619508571416105e+01 7.484261958255135028e+01
8.953482861371392376e-02 2.008953482861335971e+01 3.359346843367240609e+01 2.624257907434544279e+01 4.038471469807589642e+01 6.038471469807518588e+01 6.257156663249192974e+01 6.475936238033541770e+01 5.403255848979520692e+01 4.570154884788667005e+01 3.630263551554806867e+01 5.649461314634702802e+01 4.867730350100533343e+01 3.797372514589606851e+01 5.822281680051463582e+01 5.050396792088915277e+01 6.214248949260473154e+01 8.217317183423665483e+01 9.066434207020789415e+01 7.065946671413767888e+01 5.649680058285269268e+01 4.940012224055836754e+01 4.304359826322927773e+01 3.766972621847818203e+01 3.248382112049050363e+01 4.240424986249109196e+01 5.605178458323425872e+01 6.429407968031581788e+01 6.716953317106532495e+01 5.890041409961347085e+01 4.658820638172924333e+01 2.620318082668677917e+01 4.658818396383428961e+01 3.436383054700145578e+01 4.051094086763129098e+01 5.214968385460957734e+01 7.223650312256164341e+01
