LEM/with_lateral_4open/elevation_000373.asc
nrows	100
cellsize	150.0
xllcorner	0
ncols	100
yllcorner	0
NODATA_value	-9999
[rows 68 to 84 of 100, columns 37 to 73 of 100]
6.212497910302769100e+01 5.134640631593426008e+01 5.446256541792433126e+01 6.833772499787268373e+01 8.814239533677707072e+01 9.546380912022277698e+01 8.719185321398113331e+01 8.567179376687867887e+01 6.589463691532094458e+01 7.845019344403394257e+01 7.893759809405948147e+01 5.925427241297639114e+01 7.893759809442251196e+01 9.278626970214834557e+01 1.010776892621811385e+02 1.126205882037387056e+02 9.756304623767520923e+01 7.830435888133425237e+01 9.342758637435819935e+01 9.497389201483244392e+01 1.031474424352545185e+02 1.002995041704152470e+02 9.202548118829821533e+01 7.547929901855806634e+01 9.372760491094916802e+01 9.381597600071127374e+01 7.339787026459995900e+01 6.040535235386690260e+01 4.880472368648183590e+01 6.901231163461099527e+01 6.786648539528374613e+01 5.621577890773362185e+01 7.053878366835719760e+01 9.098252417295822170e+01 8.796112032924763469e+01 7.805840701982064900e+01 6.987432540049687191e+01
6.534628621513996904e+01 4.606608294650714441e+01 6.574858369287890980e+01 8.098066662177539854e+01 8.959948152570154889e+01 8.400659658700296006e+01 6.739948454169697811e+01 8.400659658710159761e+01 7.845019714639744279e+01 5.876604603080686218e+01 7.188881355217168334e+01 5.624774007481713767e+01 6.601254462241180931e+01 7.995395845114117606e+01 9.987345584433565193e+01 1.067595514025646537e+02 8.930462820445268335e+01 6.948495439764484161e+01 7.358090082113990604e+01 7.518332030986846348e+01 9.188854292741066843e+01 1.035754601588029828e+02 1.037079348051057082e+02 9.543159844715671625e+01 1.037079348051057082e+02 1.012018929210101419e+02 8.076963579370382718e+01 7.333237742932911374e+01 5.306976604753145921e+01 7.332007282683333926e+01 8.495075193988219553e+01 7.054319110129057435e+01 7.053762165238370585e+01 9.095044594024011531e+01 7.979663340469988952e+01 5.995201739629386850e+01 5.009796776404622420e+01
4.565332833408335489e+01 4.242907344914463152e+01 5.302404155942363673e+01 6.694515864550234596e+01 7.009786966687558163e+01 7.576472383313709713e+01 5.608005336923329054e+01 7.467712973901650741e+01 6.646540394658524065e+01 6.866108287529462473e+01 5.225529433195363538e+01 7.188881355211074720e+01 8.414531828004977854e+01 9.406240077639768060e+01 9.398481008381443758e+01 9.268715300604722529e+01 7.860567240595300120e+01 7.939474634045416224e+01 5.968237655702552047e+01 6.382525707533001480e+01 7.518633779239239345e+01 9.514009695061781713e+01 9.764406132832688456e+01 1.059424740231423527e+02 1.140386129480370272e+02 9.652456523035498037e+01 7.602374051074845340e+01 6.163456321173498509e+01 6.312689418496717764e+01 6.735130767852574252e+01 8.789726536479145125e+01 9.108149076731034199e+01 9.095044594024011531e+01 9.926367247739605659e+01 8.796112032924980895e+01 7.329612659973238920e+01 5.350744775182286617e+01
6.534628621513996904e+01 5.879867199896645502e+01 3.903253844828006436e+01 5.047080972924204900e+01 5.750447109296450776e+01 5.943572106113676057e+01 4.865352006037179677e+01 6.341247003163456242e+01 4.680132436625345349e+01 4.901719258081818964e+01 6.866108287517444353e+01 6.462797224392875250e+01 8.438297317920098806e+01 8.819740596720872361e+01 7.412909674238329671e+01 8.278024308327539416e+01 6.465942028569048716e+01 7.371664849730485969e+01 5.403589906176475210e+01 6.789489781541584534e+01 8.748640715410587632e+01 8.357091918623795834e+01 7.774163284578045818e+01 9.764406132832688456e+01 1.057020238793770943e+02 8.520759851528212891e+01 7.335988264352039323e+01 7.602374051074845340e+01 7.486721437615636887e+01 8.787709668462463242e+01 9.656274549394807138e+01 9.911139628903690380e+01 8.916626522529267618e+01 8.093524685134441654e+01 7.388878054344040436e+01 6.837250227707258432e+01 5.748043167572405565e+01
6.640248018107386940e+01 4.669173653179921502e+01 3.675726099698862015e+01 5.479949865049047020e+01 3.775413479076608070e+01 3.968648207881651047e+01 4.164531176368795684e+01 4.371438790639843575e+01 6.341145343326352446e+01 6.287984292945230891e+01 7.687959894008567119e+01 7.855486653646671869e+01 9.265086788557921693e+01 7.994470053479231808e+01 6.020577698747679563e+01 6.746070914090280723e+01 5.485281565526521064e+01 6.423709162698929731e+01 5.002531697386802989e+01 6.969153058349009200e+01 7.299812049544138404e+01 6.379102402609148470e+01 8.357091918623795834e+01 8.982753385694933002e+01 9.811269363566631796e+01 1.022684005935258682e+02 9.386956187853006384e+01 9.652456523035475300e+01 9.533239613070676910e+01 1.036659925253294148e+02 1.049235998079726215e+02 8.507797732535074431e+01 7.098413718702676078e+01 6.101272350747514395e+01 5.400014681569309261e+01 4.855889332868103025e+01 4.372337133032799983e+01
6.640248018107386940e+01 5.436326077670061352e+01 3.455295927983094373e+01 3.504586682988113466e+01 5.484824894122515104e+01 5.943572106113676057e+01 5.559738330073956547e+01 6.341247003163423557e+01 5.509079662543972944e+01 7.477995569190701985e+01 9.087271998308895604e+01 9.845326727855542970e+01 9.134454102055255476e+01 7.150935696443029599e+01 5.760246727108312115e+01 4.777445277792915590e+01 4.682173771461918221e+01 4.454797527513539990e+01 6.423709162698929731e+01 7.299812049544138404e+01 5.329812579138576467e+01 7.033592600256156402e+01 7.580113488036418801e+01 6.999121019300658020e+01 8.982753385694933002e+01 1.044389382321193409e+02 9.990997947634423326e+01 9.162520362565007304e+01 9.990997947634423326e+01 1.085374852560393180e+02 1.061132078037915818e+02 9.783768825953413284e+01 8.915655506635710026e+01 7.387968743304874408e+01 7.388878054343867063e+01 6.837250227707258432e+01 5.244581174481024988e+01
6.309603175455776380e+01 5.220217650023005973e+01 3.237443414089135985e+01 5.030318420459920503e+01 5.841136493505621985e+01 6.721099649187293323e+01 7.530589750903514812e+01 8.301722377904020789e+01 7.477998888020661639e+01 7.477998888020661639e+01 9.462635198102053380e+01 9.526321200981954007e+01 8.706999376501104848e+01 8.556554950958617667e+01 7.300495647502097540e+01 5.329293302156234802e+01 3.932710726959287229e+01 5.906646928267451813e+01 6.657247684508151053e+01 5.836814765007893868e+01 4.706801467179689524e+01 5.064989846749158886e+01 5.609604404032573655e+01 6.486179731820783445e+01 7.624037826817627206e+01 9.614070232859830867e+01 8.990743536852023965e+01 7.161851240530465645e+01 8.024783770037657860e+01 9.439266147820788433e+01 9.456244464727005550e+01 7.781973193057437754e+01 9.456244464714367837e+01 9.369105765869304037e+01 8.635718217170001765e+01 6.647232459070762900e+01 7.077428760736070501e+01
4.338251499466441885e+01 3.868844412131347354e+01 5.017364103650733398e+01 3.046036503290401143e+01 3.937831036656965011e+01 5.334895657096438271e+01 7.295174436541827845e+01 8.287311644880702488e+01 7.462936659264282468e+01 7.720108434000485431e+01 8.545111310294255702e+01 8.706999376501104848e+01 6.730599000652179598e+01 7.309473268398684809e+01 7.024481529331092133e+01 5.052728756192365722e+01 3.653184902029360615e+01 5.630240536523547235e+01 5.405687496841930795e+01 3.861659059377872438e+01 4.344139718996869703e+01 6.314760510347781519e+01 7.580113488036418801e+01 8.405195191433645618e+01 9.292692433329683865e+01 9.346007100126251999e+01 7.345496506921695357e+01 6.161713751320443322e+01 6.610208226034191625e+01 8.610750595658126372e+01 8.628031578438309168e+01 6.624719588812601501e+01 8.628031578438309168e+01 9.564054262307487875e+01 9.454969838496417367e+01 8.635718217170014555e+01 7.741258050744603736e+01
5.732009400625734941e+01 5.844900980320125683e+01 4.898628579621589552e+01 2.913327394195670905e+01 4.898625828857134934e+01 6.720599639802127001e+01 7.354696271310871225e+01 6.532600437103715763e+01 5.489370360340875266e+01 5.745002487003841907e+01 7.720108434000485431e+01 8.706999376501104848e+01 6.730599000652179598e+01 5.339613117217211169e+01 6.324543192807951186e+01 5.363654409151912716e+01 3.383794454809694940e+01 4.992797402246502259e+01 3.426117318495856523e+01 5.405687496841932216e+01 4.706820616854310657e+01 6.678346838975481603e+01 7.729072352848720584e+01 9.709064538528279797e+01 9.271407192505829187e+01 8.271380587738831025e+01 7.345496506921695357e+01 5.345201257143972384e+01 7.345446756190047211e+01 7.753089198579121444e+01 6.975433779674492030e+01 5.916548494069714081e+01 6.732775415320418233e+01 7.889944146522303470e+01 9.891492898019654945e+01 9.147206995364676629e+01 7.158894929878833580e+01
7.702979162754047593e+01 6.431832541343992204e+01 4.767744854969400592e+01 2.781353179573317291e+01 4.587565897383110070e+01 5.407851775652576265e+01 6.213264348546196914e+01 4.558842877089424661e+01 4.349711595458515490e+01 6.323497625317278192e+01 6.990847932213220872e+01 7.814431271091551423e+01 7.718799188576642223e+01 5.747023449940552808e+01 4.353470343084305938e+01 3.802322396890387068e+01 4.992524865643775911e+01 3.009275570501653618e+01 4.989034184601830191e+01 6.223667507426123535e+01 6.082371327682851359e+01 5.758454461681326819e+01 7.149733521511174672e+01 9.127720016673211489e+01 8.443086110535777777e+01 6.442904890954950758e+01 5.442962987487382520e+01 4.845448932163719746e+01 6.844438718016218104e+01 6.292384373059900327e+01 4.969528057400430043e+01 5.576282902681835196e+01 7.579394715781904779e+01 9.564054262307487875e+01 1.071901939684562137e+02 9.965197346235028419e+01 9.147206995364676629e+01
7.007267804445011450e+01 5.033381415456539543e+01 3.632691885925676445e+01 4.587546185011326827e+01 2.599425582571725712e+01 4.409054900919339559e+01 4.692897397745458932e+01 3.412759599188028403e+01 5.393045967767672977e+01 6.671911618223101925e+01 5.015841100462101565e+01 6.671911618223101925e+01 7.389461991360256832e+01 6.567039017342040097e+01 6.324543192807951186e+01 5.031180668652044119e+01 3.048352075636015002e+01 2.815549189255253992e+01 4.220468940091577537e+01 6.172750042308388174e+01 7.978934523294920211e+01 7.728724381951070654e+01 8.550268678775904618e+01 9.541304298199875689e+01 9.271407142407834101e+01 8.271380437970785238e+01 6.373933153999345791e+01 4.377167266686195291e+01 5.840218801386596681e+01 4.348889285568200336e+01 6.382333901416013333e+01 7.579394715781904779e+01 7.579394715781904779e+01 9.581234105504647403e+01 1.004642801859107806e+02 8.879581262568567013e+01 8.041410144894206269e+01
5.915868821911035980e+01 4.777556256464493600e+01 5.611519351379438802e+01 5.407791056407538832e+01 4.409054900920080655e+01 2.418493651159914748e+01 2.705713180759112291e+01 4.692881911813684326e+01 6.212023854754006180e+01 5.850577206250364526e+01 3.872786822103310556e+01 5.850577206250364526e+01 6.504246766145838876e+01 4.590165660270243109e+01 4.952928680365801029e+01 4.289313307481692306e+01 2.546805014407904011e+01 4.535718891307303124e+01 4.801701511360320040e+01 6.783266976366472534e+01 7.688860552953842387e+01 8.517986548546518577e+01 9.541304298199875689e+01 7.541591006566662259e+01 7.908545232745623821e+01 7.152628835431235643e+01 7.202339023524066874e+01 5.840218800742563587e+01 3.869620758895446500e+01 3.898937785989173221e+01 7.126993114594768031e+01 7.914698301420474991e+01 8.742939236230624545e+01 9.816858678531885118e+01 9.206850135888029740e+01 7.188248858314102563e+01 6.030308411691963499e+01
7.573114356628251187e+01 6.750734129867925049e+01 6.651186448324681066e+01 5.085871431337467641e+01 3.105933303719928418e+01 4.083685956197838607e+01 2.242912992123384797e+01 4.236501420089870606e+01 5.084503082215299941e+01 4.264042606468947127e+01 3.167304083356750510e+01 5.151322710052397724e+01 5.682954375477896036e+01 3.701304220307543602e+01 2.967334123056593143e+01 2.295073694033940725e+01 2.691537156139128939e+01 4.666582797914103509e+01 5.751231777538671963e+01 6.293051525166141857e+01 5.714888495373671873e+01 7.688860552953842387e+01 9.322588376657303399e+01 7.322829384756721538e+01 5.908578433514709616e+01 5.152630152763458682e+01 6.209820414849892956e+01 5.578887249100505841e+01 3.578879879147552145e+01 5.578887249100505841e+01 6.281769437699780667e+01 5.914777050231256084e+01 6.988878321092248314e+01 8.817091466518239429e+01 8.900402635171826660e+01 8.062552285640593652e+01 6.880300017862174400e+01
8.569902264850702522e+01 7.581100379910466813e+01 5.831228544928661961e+01 3.859198984433447066e+01 5.085871431337467641e+01 4.119885783002430912e+01 2.121913980955861589e+01 3.955668233091685693e+01 3.842648103389246472e+01 2.266060922292123081e+01 4.261358486634721032e+01 5.728871935781256752e+01 4.668827988998258149e+01 3.847178241174797364e+01 2.063158263060939035e+01 4.064899320959317208e+01 4.666580924273947062e+01 3.281290377103162825e+01 3.794173326168901639e+01 4.339492736588822197e+01 5.309685768873976031e+01 6.693134413199778976e+01 8.684586692707907218e+01 8.623933093073408429e+01 6.624072369607191035e+01 5.209822815617978620e+01 4.209810746322484221e+01 5.324886059115139858e+01 3.324879621451941603e+01 5.324886059115139858e+01 4.281760075586689140e+01 4.988872375156004324e+01 5.988899452530249334e+01 7.988857189654244451e+01 8.062552285640593652e+01 6.050600850466206992e+01 6.378936106527247318e+01
7.744033046002580534e+01 5.773148192485576402e+01 4.791358585153113836e+01 5.254283600189130965e+01 5.524100274702941960e+01 3.539844727439133720e+01 3.929621400781175566e+01 1.950403238806728368e+01 1.830712436736671123e+01 1.710467443864970960e+01 2.986660631892399920e+01 4.383703518617691230e+01 3.632017894186453333e+01 1.834537487050373628e+01 3.265697451371557491e+01 4.885870051051027474e+01 6.064506562036637405e+01 4.417633280107709481e+01 4.885287990168188799e+01 5.714888495348800035e+01 7.116437521960097001e+01 8.104582867559759052e+01 8.351156750389436922e+01 8.132695466817858687e+01 8.038098343058291562e+01 6.634220650449577761e+01 4.634220700666155324e+01 3.479512910836858453e+01 3.076810114860741407e+01 3.497293912153126172e+01 4.652001920820391234e+01 6.652001782320479606e+01 7.817174590723953997e+01 8.817091466518239429e+01 8.482057705272549697e+01 6.639887782410775685e+01 4.634436905157564723e+01
8.569902264850702522e+01 7.581100379910466813e+01 6.180133630261161670e+01 7.224096855261426242e+01 6.346560145865603175e+01 5.522417810344951050e+01 4.441488342412857548e+01 2.462043232065326137e+01 3.842603293711665913e+01 3.573369706478379726e+01 1.543663470660196069e+01 3.417275838129294385e+01 1.606096199628091270e+01 3.632017894186453333e+01 4.668827988998258149e+01 6.071958526624960228e+01 7.201013520910169063e+01 6.377384151186834771e+01 6.850556375246463858e+01 7.675814565122104227e+01 8.517985161145126938e+01 8.351156750389436922e+01 6.352910206746263100e+01 6.134270017138969422e+01 7.547027404993328048e+01 7.462529698055809035e+01 6.244841752080132835e+01 4.244847297252205465e+01 2.830626795981224575e+01 4.830632110745209218e+01 6.325656512878506987e+01 7.480310258752578534e+01 7.060601184765832272e+01 7.888886601492518480e+01 7.644688046327576103e+01 5.635087518493971714e+01 4.479635716544891721e+01
8.205945523169224032e+01 8.205945523169224032e+01 8.155109327296121080e+01 8.012744760580785908e+01 7.034120968215384551e+01 5.243653235120506650e+01 3.280192319151238678e+01 4.442073672783443072e+01 5.254729665457121257e+01 4.161559710216495489e+01 3.300511929030687952e+01 1.378828323482704654e+01 3.413846539456398688e+01 4.047694155208867528e+01 4.490825625744557215e+01 4.964817951260869222e+01 5.483112576619662804e+01 6.291688754571555364e+01 7.602819500531103358e+01 8.381482317257240311e+01 8.515871113971931550e+01 7.362199974898445021e+01 6.534720569680678182e+01 4.720233572190363702e+01 6.719595279654141962e+01 6.812530105074203846e+01 6.051494988820029164e+01 4.051499050775592536e+01 2.637277453655093140e+01 4.637284298678887495e+01 6.060617369846520575e+01 5.646411592975071869e+01 5.060635084288465890e+01 7.060601184765832272e+01 7.836003840334646497e+01 6.830877013827701205e+01 5.133455202933117789e+01
