LEM/with_lateral_4open/elevation_000535.asc
nrows	100
cellsize	150.0
xllcorner	0
ncols	100
yllcorner	0
NODATA_value	-9999
[rows 34 to 50 of 100, columns 37 to 73 of 100]
4.879888046440913030e+01 6.279651573791381480e+01 7.116802567452732831e+01 8.090062121206428003e+01 6.540639441104832486e+01 4.537980868658047484e+01 4.682013493085634792e+01 5.834892328698830255e+01 7.846679254994550945e+01 7.534160864724083240e+01 5.547347670987661417e+01 5.547347670987661417e+01 6.145093238706360950e+01 4.740327924387131020e+01 3.524289670765272575e+01 5.477996002103276396e+01 4.763764946802332645e+01 6.737526616631340914e+01 8.018390966687374544e+01 7.184401015958917469e+01 6.130158460361516148e+01 8.124580654768207921e+01 9.643335677608743595e+01 8.208090659211185880e+01 8.208090659211185880e+01 1.023772568429886576e+02 1.052294849049468297e+02 9.510339742845010846e+01 8.672334590661097309e+01 7.957454375560917015e+01 7.376941266983256185e+01 6.929976665209066766e+01 6.523542530987114674e+01 5.808137815883984700e+01 3.813773499286445912e+01 5.431226076322710838e+01 4.634339124537260091e+01
5.544771826055171715e+01 7.553429539078936727e+01 8.678227233928670614e+01 6.658099538622634839e+01 5.244025337586783309e+01 6.540639441107101959e+01 5.166463395462342589e+01 7.171455559160041560e+01 8.688592030238025643e+01 8.368456683255050166e+01 7.534160864724083240e+01 7.534160864724087503e+01 7.549858552987467419e+01 6.325920868345826165e+01 5.500183207460089818e+01 3.709317047661048861e+01 5.683054248045861101e+01 6.178414358788680261e+01 6.394370785899094045e+01 5.209584692293096708e+01 7.044663891718556670e+01 7.499122529151983940e+01 7.982251202161717174e+01 6.793226369894672700e+01 8.208090659211185880e+01 1.023772568429886576e+02 9.685810739435117966e+01 7.658858441887093704e+01 6.650347999327348703e+01 5.946497978528387307e+01 5.378055047956532064e+01 4.938865017820803871e+01 4.535911714235241732e+01 4.152253009996758237e+01 3.789112285838290006e+01 3.425140443706015247e+01 3.203020633519533078e+01
6.299066621260389098e+01 8.315612081110256781e+01 8.108680862271928902e+01 6.094382704088690161e+01 7.249781241715022873e+01 7.751813096967676131e+01 5.741395612898129031e+01 6.800546950280730130e+01 8.821809609889942294e+01 9.443418839101518358e+01 7.432967539573847660e+01 6.288904017378572320e+01 6.872868724425845244e+01 5.927511556681940164e+01 3.956542647166568116e+01 5.683047193512683037e+01 4.001435524104331165e+01 4.209702732150864080e+01 4.426914100720364331e+01 4.647018257928760221e+01 5.072649444611044345e+01 5.518227289505797017e+01 5.990266792651671324e+01 7.982251202161717174e+01 8.802556994725641459e+01 1.083373507630579269e+02 1.052294849049468297e+02 9.510339742845010846e+01 7.957454375560917015e+01 7.006341799695752570e+01 6.524285401049800726e+01 6.340527851085829525e+01 6.522724444725294290e+01 5.296476891843613544e+01 5.500706443750569719e+01 3.499565374251638161e+01 5.219644431699763487e+01
7.458057661826990170e+01 9.159029279805334056e+01 8.782561314269661068e+01 6.760919958276470254e+01 8.782561314269661068e+01 8.389746342758154185e+01 6.372424290916232792e+01 8.389746342758154185e+01 9.665674803530421855e+01 1.027773177318831728e+02 8.282684240126587838e+01 6.288904017378572320e+01 4.901677843640234755e+01 4.207865077859045755e+01 5.347154558372498911e+01 6.754693708077627434e+01 5.972037304180423689e+01 5.010304222929256923e+01 6.394370785899094045e+01 6.614344038575548268e+01 5.058279833506949075e+01 7.030024937322282597e+01 7.982189307461696615e+01 8.820248545711949362e+01 9.718894379473233869e+01 1.056090370075888814e+02 1.173575157517499150e+02 1.081818100760471992e+02 9.863275349790886537e+01 9.025919795359882869e+01 7.948576240126162418e+01 8.353055219708460299e+01 8.123787008820139022e+01 7.293076454602267233e+01 5.702094483696586025e+01 3.708438579749313391e+01 5.702094394197165883e+01
9.487053202978792399e+01 1.033252610960164191e+02 9.627083228524475089e+01 7.766339119275212965e+01 9.627083228524475089e+01 9.155405055148992233e+01 7.129662513012904412e+01 9.155405055148992233e+01 9.881593113216031554e+01 8.780063544300845990e+01 7.986280026729076553e+01 6.794229661336791537e+01 4.862125662157816208e+01 4.407854229568528837e+01 6.415458678038457663e+01 8.162346245683283996e+01 7.817117594441039330e+01 6.398949145647419812e+01 6.984291145206312024e+01 7.657577396216595389e+01 5.673082274871366337e+01 5.536467717355399998e+01 7.517776883758095607e+01 8.549908167487001265e+01 7.694327278831035244e+01 8.857973757462124809e+01 1.089493799487195389e+02 1.137412805158236182e+02 1.053811414783133387e+02 1.053811414783133387e+02 9.973615326186569519e+01 9.479344490868447792e+01 7.465525781111625747e+01 6.054189331973178412e+01 4.911846020027640947e+01 3.917999048769356563e+01 5.543292706687520166e+01
1.080567023047547508e+02 1.139651294660693992e+02 1.064475797424756252e+02 9.798783509264113434e+01 1.064475797424756252e+02 1.000081915101802110e+02 8.558137290904026884e+01 1.000081915101802110e+02 9.083023976252009390e+01 7.183407732784543498e+01 6.070483020238595628e+01 5.550840563884740675e+01 6.566620394388505133e+01 4.608977708743386614e+01 6.587330679169117786e+01 7.558619613645319646e+01 8.409877916786311403e+01 8.397431739167976161e+01 8.989783343301709806e+01 8.364737971622420787e+01 6.364585818593462818e+01 7.517794799777105652e+01 6.039305742091004703e+01 6.545409498707661555e+01 7.432660572570048885e+01 8.593542747158959116e+01 1.062934427501786274e+02 1.053811414783133387e+02 8.513711869827491796e+01 8.513711869827491796e+01 9.583801762080656772e+01 9.095579809028393470e+01 8.259685843989122134e+01 7.308352115233030588e+01 6.122925179375219784e+01 4.137828890261445736e+01 4.667528037153011411e+01
8.782621468031025813e+01 9.375158731879953677e+01 1.048515346110038990e+02 9.649351106451673843e+01 9.760869692095053551e+01 1.059649884456828062e+02 1.059733699195744521e+02 1.034727939109283454e+02 8.444374052075117731e+01 7.102003913766186827e+01 7.986280026729076553e+01 7.474261739522324888e+01 6.827552529814427373e+01 4.846459928401633022e+01 5.160480073000810819e+01 5.557154987829092363e+01 6.959318019157892365e+01 9.005461651008697288e+01 1.027973870104726757e+02 9.204279620110349924e+01 7.249521068090955112e+01 8.637342404219623404e+01 6.631027062853947029e+01 7.661607032031275821e+01 8.550014996882816831e+01 1.029625981791422049e+02 1.147096083200062822e+02 1.053811414783133387e+02 8.513711869827491796e+01 7.088896843609194320e+01 7.563835185681963935e+01 8.259685769543351341e+01 6.258353556095744352e+01 6.477814731594772013e+01 4.501861514801969832e+01 6.122841529528393067e+01 4.733969176279686053e+01
7.355448258303843545e+01 9.308075668597896879e+01 9.318893093247793047e+01 7.628410652630918776e+01 7.739685536170978253e+01 9.168312642340228535e+01 1.119142895809298466e+02 1.055877739061798053e+02 8.651781935803595047e+01 9.001722121917310915e+01 8.903959279723659392e+01 6.861110790246269175e+01 5.461220605530536432e+01 5.133317590209560421e+01 7.120510845612741946e+01 7.558619613645319646e+01 6.208501439213522133e+01 7.362452979936806230e+01 9.423795168074410356e+01 1.010830715923185892e+02 8.407780666879769171e+01 9.310410552916656002e+01 7.291206106825563893e+01 9.310410552916656002e+01 9.682324345315457492e+01 1.142032804925222678e+02 1.133396294132255377e+02 1.049749799277412023e+02 9.731837639864298239e+01 8.155469698138956858e+01 6.149919516034161404e+01 7.564065117785904135e+01 6.844529834852122008e+01 4.869707040552216881e+01 6.477814373821648530e+01 7.166694243780065676e+01 5.172348612490876008e+01
6.456439969934922374e+01 7.521811883864432957e+01 7.623332145629736090e+01 6.467491269369618578e+01 8.482560591422061691e+01 1.018539560885783715e+02 1.135246655596927354e+02 1.136777315618244728e+02 1.027102369912820450e+02 8.192700839957332448e+01 7.018247867160340547e+01 6.130889813890340179e+01 7.421353899640065777e+01 5.425522588305529581e+01 6.560947292862189784e+01 8.596691182082746252e+01 7.628900609232825047e+01 7.018366419521211697e+01 8.462905822257837940e+01 1.054289364452139495e+02 9.843555608936559054e+01 1.015238590655724380e+02 8.293540908052074201e+01 1.015238590655724380e+02 1.171517958801631494e+02 1.193031015512698758e+02 9.904007762794448411e+01 8.471751110232801807e+01 7.709409960338942369e+01 7.040257795105178218e+01 7.564065214106300061e+01 5.572713921654690239e+01 5.258549415378931258e+01 6.844529933663318388e+01 7.676953199965620911e+01 7.668605998904486398e+01 5.661122785590060147e+01
6.663121576666571855e+01 5.508004608999402762e+01 5.611031850673371224e+01 6.431032264111827601e+01 7.329348045437218673e+01 8.493738241919555776e+01 1.051779380368431873e+02 1.177869224125733894e+02 1.112440189505081065e+02 9.927539951157791620e+01 8.769340382895636310e+01 6.725298219397016908e+01 7.742644070877562967e+01 5.735890569456790899e+01 7.742644070877562967e+01 9.451687428168014549e+01 9.693742171896647619e+01 7.923691373789203851e+01 8.462905822257837940e+01 1.054289364452139495e+02 1.188212343627616576e+02 1.116902199412523231e+02 1.032728019778124064e+02 1.116902199412523231e+02 1.099083527950026848e+02 1.157989562777141117e+02 1.133396294132255377e+02 1.049749799277412023e+02 9.244913422924841484e+01 7.226160614474819965e+01 6.411631214775285059e+01 7.564065214106315693e+01 6.133805285079559155e+01 6.393077775749248559e+01 8.399343139658159885e+01 8.505097653685498926e+01 6.554197859526958325e+01
4.642740304459507428e+01 4.955130977639159795e+01 5.387369721943749568e+01 7.399427980416093931e+01 8.556240204178247666e+01 9.116142003208783251e+01 9.755853545328814391e+01 9.755853545328814391e+01 1.160357861763707064e+02 1.084398050599241259e+02 8.769340382895636310e+01 7.482766295065478346e+01 8.079098458920599057e+01 6.060051382796350339e+01 7.475178213162526220e+01 9.537090906821444491e+01 1.085638376883396177e+02 9.119148628242645316e+01 1.054289364452139495e+02 1.139506418641093290e+02 1.166080233240013655e+02 1.144055866766530158e+02 1.159703413948884787e+02 1.041286439001909940e+02 9.001228520298904812e+01 9.583970848174391222e+01 1.122871121224085158e+02 1.067662086481608554e+02 8.651880783143009523e+01 8.420761040005983489e+01 7.828740859973356692e+01 8.973222173122007916e+01 7.284065531006808669e+01 7.546024721172574345e+01 9.235875590969115478e+01 9.407340612624756204e+01 7.715547172873361603e+01
6.281305405269684883e+01 6.970455718387508171e+01 7.399427980416093931e+01 6.039690739367279804e+01 6.541099019994948094e+01 7.097387357579651734e+01 7.732908026730783035e+01 8.742644889636825667e+01 1.076906220102079601e+02 1.087022191283399479e+02 8.784499113022330619e+01 9.551095138314448718e+01 8.438322622367697079e+01 6.405884542111257929e+01 7.297509852086871263e+01 8.750629833008967751e+01 1.083545006320097457e+02 1.120614846605041777e+02 1.205489872848840207e+02 1.166080233240013655e+02 9.662024415413752365e+01 9.444040308515199911e+01 1.037337471532547539e+02 8.779990570351125712e+01 7.614629404246363720e+01 8.416505572072787800e+01 1.039731334184623393e+02 1.151243123480959412e+02 1.067662086481608554e+02 1.044255599262106102e+02 9.850024187839613887e+01 1.013857290524601780e+02 9.301622283525568946e+01 9.564997776826621134e+01 1.040170023940839741e+02 1.057450543609080995e+02 9.737632826965955246e+01
5.690662990404269550e+01 7.707242333750569685e+01 8.888661604589428578e+01 8.052454908132429523e+01 8.556240204178247666e+01 9.116142003208783251e+01 9.755853545328814391e+01 1.059208579783993258e+02 1.160357861763707064e+02 1.172083592145095565e+02 1.026212959414514785e+02 1.004843250430820945e+02 7.968810054366460349e+01 6.800109033243587930e+01 8.847761923021549535e+01 9.361259540863447626e+01 1.144006328441927280e+02 1.114805175493698925e+02 1.031641740831988585e+02 1.031641740831988585e+02 1.002880699714690280e+02 8.052538449453957980e+01 8.392163774812313193e+01 8.779990570351125712e+01 6.820510730236965458e+01 8.779990570351139922e+01 9.775725294547663680e+01 1.060471653952520512e+02 1.002223168362467050e+02 9.166360163906766445e+01 1.002223168362467050e+02 9.491235958977615894e+01 8.649490728726728150e+01 8.383025879117094803e+01 9.226146996619817742e+01 9.138525475139017828e+01 8.294658531468255092e+01
7.707242333750569685e+01 8.542871085032830081e+01 8.340771053875799623e+01 8.686488261443027170e+01 8.792431312974088087e+01 9.628751377916159981e+01 9.889850723158997425e+01 1.011115274688782790e+02 1.094646743743994932e+02 1.187695740761900396e+02 1.233828543940122984e+02 1.090251679927010287e+02 9.631535465810411267e+01 7.557865587399061269e+01 7.587058923812679723e+01 9.049616887938796594e+01 1.113641059380745730e+02 1.031641740831988585e+02 8.335600206468377849e+01 8.335600206468377849e+01 9.430470837766058878e+01 8.972447024329179044e+01 7.010408112066515685e+01 8.256297554779855830e+01 6.303017606801407879e+01 8.256297554779855830e+01 7.802823706320904762e+01 9.775725294547663680e+01 8.988277734388290696e+01 7.097768287866061598e+01 8.988277734388290696e+01 8.649490728726728150e+01 6.568894869526822333e+01 6.296357429078515366e+01 8.030065414252216272e+01 7.941353061437784788e+01 6.206063927434897209e+01
8.136956128171550517e+01 7.751233851002021424e+01 6.325797661513306736e+01 6.670627999340359793e+01 6.775999080213517800e+01 8.030652944836894847e+01 7.867865907763874134e+01 8.089024012098791161e+01 9.019804342355247684e+01 1.053053094706402959e+02 1.143555188043035571e+02 1.110826405040260312e+02 9.019854458128301644e+01 9.631535465810416952e+01 8.232045011082776398e+01 1.032109379039099224e+02 1.145017374147401199e+02 9.500605009775702570e+01 8.120310390025363745e+01 6.963853624673805598e+01 7.461746937418018888e+01 8.380869972480721231e+01 6.425406208690563403e+01 7.782557581725964724e+01 5.832978900134466471e+01 6.424946967272171605e+01 8.380673202898813656e+01 9.367091132427711386e+01 8.132064225886374231e+01 6.095229187254044945e+01 8.132064225886405495e+01 8.441933176966409746e+01 7.178287287777818904e+01 5.073099299762268544e+01 7.178287287777818904e+01 7.005766134996592598e+01 4.982767424807185819e+01
7.287833474010265888e+01 6.453516034485316766e+01 4.900180929442982602e+01 5.248856093671405887e+01 5.617095057105574796e+01 6.018606381986365506e+01 6.445846019689190598e+01 7.001732584893242972e+01 7.671240373452494055e+01 8.573624533722757235e+01 1.000762939540487082e+02 1.195600196569778717e+02 1.110826405040260312e+02 1.106119035649041393e+02 8.966533533358384034e+01 1.106119032336513470e+02 1.030190934024183633e+02 8.090104996001269910e+01 8.818675984651743249e+01 8.038372817545931071e+01 6.092750019281379537e+01 7.300321591624589246e+01 5.886195702072155456e+01 7.100612155371527479e+01 5.383966239010848653e+01 7.335293557750235038e+01 9.203770122923052099e+01 8.513528531843013525e+01 6.468368782687723240e+01 5.431780265860354717e+01 7.453119213008938004e+01 7.593220886849027806e+01 5.493877566995564621e+01 4.440486016281718662e+01 5.800004098168345479e+01 6.146957952780688572e+01 4.043172149666757775e+01
6.011694322269694624e+01 4.429132681001610194e+01 6.453516034485316766e+01 7.261059800185742574e+01 7.628243620587136320e+01 8.030652944836894847e+01 7.605748235380252709e+01 9.019803841724696269e+01 9.694084322582695279e+01 1.053053094706402959e+02 1.143555188043035571e+02 1.286347479829438498e+02 1.252415236841520993e+02 1.045521164993584904e+02 1.105421602064433699e+02 9.878293757605248970e+01 8.482495746630621625e+01 7.515181059839625277e+01 6.848477861988436644e+01 6.265489656677167574e+01 5.710184215969742638e+01 5.348396693754774844e+01 6.888762689860313060e+01 5.143219055789166561e+01 5.006770650328621741e+01 6.966527356358746204e+01 8.558505761380949650e+01 8.376753670522361972e+01 6.843662589206765290e+01 4.824774096989529681e+01 6.843662589206765290e+01 8.441933176966409746e+01 7.282858350309371076e+01 5.185785755908921146e+01 3.706977377181409139e+01 5.138130933977788573e+01 3.580161247722903539e+01
