LEM/with_lateral_4open/elevation_000567.asc
nrows	100
cellsize	150.0
xllcorner	0
ncols	100
yllcorner	0
NODATA_value	-9999
[rows 17 to 33 of 100, columns 0 to 36 of 100]
5.222468517465790605e-02 2.005222468517430201e+01 2.896193782089350677e+01 4.896193816769832807e+01 5.720163194368725357e+01 6.548590178810125906e+01 6.761372344331712725e+01 4.771228578417080968e+01 5.134313342180532658e+01 4.144417080948859677e+01 2.703778228069264244e+01 4.732190525704491080e+01 5.628492005512544694e+01 5.305501148717428350e+01 7.225112850123878161e+01 8.102094639642687923e+01 7.890669263114484977e+01 8.105434200475383477e+01 8.921017143761976342e+01 9.407216140225008871e+01 9.278537437085033446e+01 7.279785141514165048e+01 5.873663929200174039e+01 6.800682048500750909e+01 5.502498243498763486e+01 4.120711069936267279e+01 3.151047774677803304e+01 3.019469994445266892e+01 3.226808054379701929e+01 5.178303223198466299e+01 4.812150933841174094e+01 6.204152494177439081e+01 8.195708163655969258e+01 7.527652170333564641e+01 5.482648754006734748e+01 4.465392324164491100e+01 3.750905153219336086e+01
7.333276091007127906e-02 1.421546838464114693e+01 3.421546838464185214e+01 5.222201050001140032e+01 4.393660970726578796e+01 5.226545341709716297e+01 5.805464261578313767e+01 5.136426763907790161e+01 3.116532526266763625e+01 3.903604278497001445e+01 2.371391429276662421e+01 3.846840704425721924e+01 6.027141031490076983e+01 7.272237995694509038e+01 8.083864888236576007e+01 7.313921563759468825e+01 5.921955654040918660e+01 6.137445946653959794e+01 7.971346317726477082e+01 9.105956991547435564e+01 9.864838654848055910e+01 7.865206134974690144e+01 6.800682048502083887e+01 4.823102666815890416e+01 4.210887132651172493e+01 3.629439109893316129e+01 5.102080716612188382e+01 3.329161616480249819e+01 5.178303223189407589e+01 3.775337545479545298e+01 5.731623132182342317e+01 6.787465644657193309e+01 8.781252093008417603e+01 8.365460252513349815e+01 7.346232472775066924e+01 5.783987056488028600e+01 4.823106830011676038e+01
6.343274376862209629e-02 1.420556836749969776e+01 3.420556836750040475e+01 4.212027608742394591e+01 2.392659763413092477e+01 4.221109511203728459e+01 3.839598743254305191e+01 4.582696594886261465e+01 3.799611863178880355e+01 1.932233119234791019e+01 3.949161222242415192e+01 5.244541391065308744e+01 6.013975207039905513e+01 6.305951801313480587e+01 6.614679841131787441e+01 5.797968690019387594e+01 4.516954673157523814e+01 5.182129307855836942e+01 6.326739783970715791e+01 8.290690737863961601e+01 9.599880395941342215e+01 8.445881728300160773e+01 6.768998288978619371e+01 4.791978200598200743e+01 4.255293690509009963e+01 5.003981342808607025e+01 5.591324539671789040e+01 3.639491025729041240e+01 5.591324539668899263e+01 4.257509335131886274e+01 6.222994397860679072e+01 7.735675367089851306e+01 8.564151668856769106e+01 9.718289467081510224e+01 8.658875667926631081e+01 7.700275935424504326e+01 6.861107191523673521e+01
3.497053469895897854e-02 2.003497053469860489e+01 2.320421572653140174e+01 2.477469255811334037e+01 1.392273263328495858e+01 2.801540094434601258e+01 2.432416324797843288e+01 2.941605422616659027e+01 1.541050248316026305e+01 1.782592661444964932e+01 3.734845371514568058e+01 4.343609501711588905e+01 4.031779329304875858e+01 4.324714202432892307e+01 5.212020177175487134e+01 3.810920606404950206e+01 4.962317015812861598e+01 6.939490105700485856e+01 6.581737089769173110e+01 8.545135349786816903e+01 8.770698175442163347e+01 6.773172496368809448e+01 5.627686395136369413e+01 5.855830293089045568e+01 5.638758558975253266e+01 6.980938837962337118e+01 5.917616960319301711e+01 3.959862436434236344e+01 5.917616960319301711e+01 5.641056013254704737e+01 5.050659718916244145e+01 5.744774709992348960e+01 6.891240768571637432e+01 8.889194480500226803e+01 8.662480058879440037e+01 8.319331732295074744e+01 6.299917478322594633e+01
9.635555453094322986e-02 1.644112519864606048e+00 3.196956272690707035e+00 4.764864665955054868e+00 6.353446365620299296e+00 8.001067085145679769e+00 2.772199486710125171e+01 1.285020524035763856e+01 1.845655203451365622e+01 3.558257037235647147e+01 2.123766475733278369e+01 2.374572072630177644e+01 2.633163437190810896e+01 2.919819681137989775e+01 3.223795685136088451e+01 5.212020177175487134e+01 6.614679841053948905e+01 7.754641564355983974e+01 8.545135349786816903e+01 9.360955545683802370e+01 9.030318301121279490e+01 7.032187111042134120e+01 7.032187111042134120e+01 7.259004040174774275e+01 7.625533865272396383e+01 7.930367487830797302e+01 6.259914963990937053e+01 4.293562638114335073e+01 6.259914963990937053e+01 7.627917664115932439e+01 6.189176555836854732e+01 7.735675367089851306e+01 8.564151668856769106e+01 8.487237843148419358e+01 6.642214007428492550e+01 6.642214007428492550e+01 5.928829682258523093e+01
8.845047570523793812e-02 2.008845047570488163e+01 2.320421572653140174e+01 1.891667103794582161e+01 1.790990913662962214e+01 2.801565810991824534e+01 1.038976325839557724e+01 3.041687806634834956e+01 3.563516195009977139e+01 2.699262397322208429e+01 2.990114621904842451e+01 4.343609501711588905e+01 3.476287255325638625e+01 4.902494219333106429e+01 4.631199932613348835e+01 3.976817439738391613e+01 5.384504697469513701e+01 7.358149198693463688e+01 8.645600631930274460e+01 9.779325742603967342e+01 9.859576345558181742e+01 9.030318301121279490e+01 9.030318301121279490e+01 9.256404562468304675e+01 8.514775331827500793e+01 6.521083764010154482e+01 5.121890989490156443e+01 4.735784351582834262e+01 6.713681929441202101e+01 8.355072437137779673e+01 8.182811166216511367e+01 9.011526979795496572e+01 9.083380035955093490e+01 7.061501487158432155e+01 5.630732011491618039e+01 4.624458431775833134e+01 3.914707082757098533e+01
8.023991185656004221e-02 1.414009706834948688e+01 3.310746981401522504e+01 3.891888872325137783e+01 3.202607244894518601e+01 3.726552970027553613e+01 2.042045167863076216e+01 3.911509311149723089e+01 4.197958393648342934e+01 3.734277183206926765e+01 4.130766394869829838e+01 5.785523624461727366e+01 4.813549721131990822e+01 5.496323219348366962e+01 6.593804115065769622e+01 5.127604791223883041e+01 4.974112334199556074e+01 5.863052062105646911e+01 7.002277712873038240e+01 8.963587788846760418e+01 1.011662798737310851e+02 9.283232129871770155e+01 9.807192533232213805e+01 9.666550891777723109e+01 7.671617103027871565e+01 6.262507296700890436e+01 7.105022504629425839e+01 5.612836901689216518e+01 5.535581481992321784e+01 6.941040347914869812e+01 8.939757374504080190e+01 9.699962483738282515e+01 8.690428530342433078e+01 7.857258174313533061e+01 7.182316789496458398e+01 5.885778074659516790e+01 3.871867319513718542e+01
4.598823041778624804e-02 2.004598715051096036e+01 3.294575622328174092e+01 4.880880124174777279e+01 5.181241649149256290e+01 4.961449619732539418e+01 4.096526064153286484e+01 4.984411658229777231e+01 5.572744085013556514e+01 5.102109334137085739e+01 6.111159939580214484e+01 6.927137242516590732e+01 6.697862427008213615e+01 7.479110206126702565e+01 7.916721570345495707e+01 7.102729571089621174e+01 6.951031242253381492e+01 7.765681513861299834e+01 8.025286700607642842e+01 8.618106959676153167e+01 8.947873747254973864e+01 7.253776464369414612e+01 7.782660161989348069e+01 9.211314845798443685e+01 9.081020812193318648e+01 7.671617103027871565e+01 8.432935092381283937e+01 6.759663962931669801e+01 7.526451011329841378e+01 6.596434949255406366e+01 8.594417729855457821e+01 8.869947082025858265e+01 6.844569266601226332e+01 5.832434019862296992e+01 5.161512872412244946e+01 4.581572840247631007e+01 4.876049837346401006e+01
7.340434288523949025e-02 4.373164549985579796e+00 1.868754041275258615e+01 3.598620622087339171e+01 4.176049074061444344e+01 4.839743704862737417e+01 4.262406412635881026e+01 6.100212027863610587e+01 7.540237107427071805e+01 7.070264566481691304e+01 7.343280466171248122e+01 8.171414603951012623e+01 8.823954329668174523e+01 8.257414414203111619e+01 7.451699918061865446e+01 8.257414414203111619e+01 7.998742926328101532e+01 7.167461090599582008e+01 5.987098500224486486e+01 6.584070002782308961e+01 8.037640762378738657e+01 6.069464313632455799e+01 6.336412217066349939e+01 7.782660161989348069e+01 9.807192533232222331e+01 9.666550891777698951e+01 9.587321411967626261e+01 8.758044908284583130e+01 8.594417729855459243e+01 8.008341002996297675e+01 9.423664924993529723e+01 9.699962483738282515e+01 8.690428530342433078e+01 7.857258174313533061e+01 7.182316789496458398e+01 5.744064686611630322e+01 6.297423037800109569e+01
3.515918393995972474e-02 1.972701011272833682e+01 1.105586114870707348e+01 1.606445231420878983e+01 2.186624181455659865e+01 2.859124471413796442e+01 4.743257924025110128e+01 6.042406663947839718e+01 7.663568531773275083e+01 7.016263440749072799e+01 5.341343532773433367e+01 7.016265486854271671e+01 7.084747181408295091e+01 7.305532284473333959e+01 5.565085178914213770e+01 7.305532284473333959e+01 6.852958351219633926e+01 5.192155362160728771e+01 4.546404768390919315e+01 6.071619058457436324e+01 6.496822960795242352e+01 5.153183752310065557e+01 6.177834632365456002e+01 7.625355435810701010e+01 9.651301011613377057e+01 9.508003634651193181e+01 9.357568427817740542e+01 1.019065641019088844e+02 1.059588924888476242e+02 1.000933211243005729e+02 1.022533501673095202e+02 1.000686664723448160e+02 9.767033289254200668e+01 8.940425431909822862e+01 8.599297421271613473e+01 7.766486055607730066e+01 8.288702706317377533e+01
4.608085242692564615e-02 2.004608085242657012e+01 3.092412248894457960e+01 3.005879304047196143e+01 4.154738872770978730e+01 4.839743704862737417e+01 5.651845523884119160e+01 5.196050056597006517e+01 6.112557735458249653e+01 6.187475726767892326e+01 4.187516998784602862e+01 6.187476370921989854e+01 5.700381607976057552e+01 6.508392548488036766e+01 4.625685289664786382e+01 6.506869871405541517e+01 5.942772921167033218e+01 4.041156614679038483e+01 3.646310561107014081e+01 4.038841525742026306e+01 4.457627940793856425e+01 5.899119790384711592e+01 7.939806049574451663e+01 9.054802510223323964e+01 8.910568595445137419e+01 7.480217039327217776e+01 7.328293039250225149e+01 8.767337822806838687e+01 1.078251115936273834e+02 1.022533501673095202e+02 8.226495057478683748e+01 8.007766001243371079e+01 8.615211781806770830e+01 6.945658321244647482e+01 8.615211774429415925e+01 7.777033417515842473e+01 7.151161761296518193e+01
1.610643649003322755e-02 8.960550306658104702e+00 2.051148015518121781e+01 4.054362880223975196e+01 5.694258526901199247e+01 5.390830614539716947e+01 4.927196417156059027e+01 3.181464807996165689e+01 4.927194928372010452e+01 4.586217416573936134e+01 3.480953157128752196e+01 5.480387720933438800e+01 4.578997352002954813e+01 5.071606283309191809e+01 3.985713981083712554e+01 5.876759638601908620e+01 5.116418947246169324e+01 3.146667288093713211e+01 5.166609832544103398e+01 6.071618283457596732e+01 6.496622706802553182e+01 7.337424476016755648e+01 8.273776130396474571e+01 7.435017981969437528e+01 8.074141979328302909e+01 6.029242984625008006e+01 8.074141982298422704e+01 9.061831345722390552e+01 1.007436341003357398e+02 1.050458603463000458e+02 8.593289024179759394e+01 6.600713760480715564e+01 7.528212745013384222e+01 5.801930133019899927e+01 6.684715786709425345e+01 6.210264813104318904e+01 5.158894483649907414e+01
2.022278438842990689e-02 2.002022278438807490e+01 3.725677402693423801e+01 4.884081327781071025e+01 4.805330737971865318e+01 3.391655593308426830e+01 4.061711737672550271e+01 2.080368904879533787e+01 4.061711722491053678e+01 2.571562550150626691e+01 4.586217416523973611e+01 5.219261534315059947e+01 4.428416593883955699e+01 3.157148028387808125e+01 5.071606283309191809e+01 5.580483270434471166e+01 4.850967880132295562e+01 2.834575920438194530e+01 4.760896341896827977e+01 5.601622522151125594e+01 6.741873446174672324e+01 6.975589109117596820e+01 7.096997260934773522e+01 5.391272173847004012e+01 6.621845114075749450e+01 5.410453442276050140e+01 6.182868894118983150e+01 7.210490254660560083e+01 9.241094168628191596e+01 9.678397667207048016e+01 7.679360383234771348e+01 6.532147108972417016e+01 5.543168819182037055e+01 4.990978277058840007e+01 4.695006890462984472e+01 4.407709974849083778e+01 4.133968998202178824e+01
6.642187732006160639e-02 1.420855750105113735e+01 3.420855750128665562e+01 3.746623453986132546e+01 3.976239034291813113e+01 1.977623388112091263e+01 2.712706899671442073e+01 1.448350793131977809e+01 3.213376263751839446e+01 1.935908701609427496e+01 4.025060881454443518e+01 3.845524180965214356e+01 2.471056998257784443e+01 4.374050577364370440e+01 3.989577488438421682e+01 3.555653224124431233e+01 4.310158842025901293e+01 2.529043760316987388e+01 2.745298564313734246e+01 4.760898644467294361e+01 4.705872146262053946e+01 4.937459162487600395e+01 5.775116200550467482e+01 4.218828396715555584e+01 4.579676357422610522e+01 5.085969134985618467e+01 7.133803773961231798e+01 9.061831345722390552e+01 1.007436341003357398e+02 9.581311549006260009e+01 7.584804210388391255e+01 6.438278169167929832e+01 5.554026417893502554e+01 6.977631880153609245e+01 6.684715786709425345e+01 5.559903505619801223e+01 6.130090654373286441e+01
1.591255364720534082e-02 2.001591255360785837e+01 2.223008105074286433e+01 1.746696307414694260e+01 2.442570264470773012e+01 2.517541627942240723e+01 7.129488398421450768e+00 8.269509284979065455e+00 9.917490590162117314e+00 3.263520414553800464e+01 3.317604509678423597e+01 1.991287708951190538e+01 3.597285590642329112e+01 1.786645159198317501e+01 1.949265973150741260e+01 2.123120709778976689e+01 2.293523999928945400e+01 4.310159328783328903e+01 3.178371470570273516e+01 3.057451387974377255e+01 3.280773919553112705e+01 3.509856801968479090e+01 3.746907082106029208e+01 5.775116196302977301e+01 6.621845101458943361e+01 7.133803771695514229e+01 6.270804140035629359e+01 7.719438325505660714e+01 9.744903012799943554e+01 1.040479147186082542e+02 9.253536493236316574e+01 7.994255552548523269e+01 6.007737468583986384e+01 7.994255552548523269e+01 8.374688060596172079e+01 7.548709109358613034e+01 7.908509812259777050e+01
6.189296070378335485e-02 1.145199241839711668e+00 2.230547439351219463e+00 3.325945262018047632e+00 4.428022215585591503e+00 5.534974443307584480e+00 2.553314229576675842e+01 2.826889764541621730e+01 9.924071169477642229e+00 2.995583752638645336e+01 1.343430352314354614e+01 1.469435464154268800e+01 1.600204731061532470e+01 1.894306570368418718e+01 3.774110489447242145e+01 3.293685394514465514e+01 4.310126212957820968e+01 3.937980128961645931e+01 3.649895244630812385e+01 5.076173801879610181e+01 5.302176593209301103e+01 4.937547310925378241e+01 5.775116202833164181e+01 4.255678838399879993e+01 6.292458840762688510e+01 7.689558593310032109e+01 8.312683197360270526e+01 8.312683197360270526e+01 1.033407633099889438e+02 1.103273403746989203e+02 9.039365863507480015e+01 7.628163806262705293e+01 6.665627180382493577e+01 7.409850088245026711e+01 9.405155738899429707e+01 9.260266447421497560e+01 7.325974862330133419e+01
2.247884206357958492e-02 2.002202002609967124e+01 1.223042862126367680e+01 2.332461402948483453e+01 2.442523038357945353e+01 1.201118374954945978e+01 3.110477313102929742e+01 3.528187954983683738e+01 1.570487827282434345e+01 1.165728685579341395e+01 3.169522160105183062e+01 2.047551022936544740e+01 3.613374008113992630e+01 1.997836248022784389e+01 3.976412145362482420e+01 5.318267143643600292e+01 6.157503868519857093e+01 5.368141145520131374e+01 5.080087677745346753e+01 4.384027605888526580e+01 6.418590646134806832e+01 6.979256042609713973e+01 7.134321911588345699e+01 6.292458840782784790e+01 4.804463646847384695e+01 6.848877932113602185e+01 8.121622719363979570e+01 8.841314896376570687e+01 9.675194339123694931e+01 1.068413108777031510e+02 1.007095740673316158e+02 8.073552403232018548e+01 7.659298481855660157e+01 9.405155738899429707e+01 1.022896754291165138e+02 8.436263510899809148e+01 6.447556335861283117e+01
