LEM/with_lateral_4open/elevation_000485.asc
nrows	100
cellsize	150.0
xllcorner	0
ncols	100
yllcorner	0
NODATA_value	-9999
[rows 17 to 33 of 100, columns 0 to 36 of 100]
5.222468517465790605e-02 1.159923006896727493e+01 2.574136569269847641e+01 4.574136569269918340e+01 5.542011316939201748e+01 5.312509690816138175e+01 4.970504936064963886e+01 4.776534964011862172e+01 4.755721850696679098e+01 3.328972216790175054e+01 2.298095736035929093e+01 2.610411362998875973e+01 2.934626961838350567e+01 4.083857484191322840e+01 5.886543442427540640e+01 6.350993222211683786e+01 5.484155433099793697e+01 6.665942229531965779e+01 8.722428653645820873e+01 8.514043826878430821e+01 6.498555387274964801e+01 5.320350487443504761e+01 4.672288674851484558e+01 4.086374985921056435e+01 3.569150094137823714e+01 3.275277339736976501e+01 2.993167879882250659e+01 4.605920536701323442e+01 2.985305480190259786e+01 4.986893092141480821e+01 4.249689149487558382e+01 5.408023534550881095e+01 7.417741453024852660e+01 9.148545161328337372e+01 7.124740766327585106e+01 5.647257799609087670e+01 4.704088494158349221e+01
7.333276091007127906e-02 1.421546838464114693e+01 3.421546838464185214e+01 5.300208462128336606e+01 4.578317735055851045e+01 3.232961041894335352e+01 3.173961261723854577e+01 3.422610919307515331e+01 3.918165582417415038e+01 1.916700232374564195e+01 3.918191629364064710e+01 4.612617705096405984e+01 4.937531769376304425e+01 5.778886881598715775e+01 6.103672520941675828e+01 8.145961098580700366e+01 7.535115663098872574e+01 8.379793269648247644e+01 9.562175586356116241e+01 8.993358353650562265e+01 6.981154802156201811e+01 7.350401033724787681e+01 6.134622789872039306e+01 4.122341402502085828e+01 5.576516376692298138e+01 4.690218151385293055e+01 4.407129164252474141e+01 5.282371592119437054e+01 3.279417963376491940e+01 5.282371603829471951e+01 6.257350175349863264e+01 5.888629250769114520e+01 7.309555911925853877e+01 9.320014720298307509e+01 8.365117313255097997e+01 6.216822789845404884e+01 6.798142085731089423e+01
6.343274376862209629e-02 2.006343274376826713e+01 3.300209378565548235e+01 3.300209343405840912e+01 3.582363541292491504e+01 1.794752561294401971e+01 1.793349618423327385e+01 3.130063391893682834e+01 3.314659166400600299e+01 1.660620349254473993e+01 3.073258327063684447e+01 5.083922493489147598e+01 6.140453005855111002e+01 6.172595405508262445e+01 7.016564623866068473e+01 7.910802034947410277e+01 7.067845168874188744e+01 7.792719038279882682e+01 8.633580671918829808e+01 9.652770897861483945e+01 8.993358353650562265e+01 8.277931147979870730e+01 6.546023839618239037e+01 4.530579781779815818e+01 6.546015024970901663e+01 6.699701891902105899e+01 6.414837852263713103e+01 5.637320028759461366e+01 3.631711758981386851e+01 4.130636414890687291e+01 6.137996657449831162e+01 7.794460003500442724e+01 8.615380430641187104e+01 9.765369881535835361e+01 9.249307141493092388e+01 8.372987977519365188e+01 7.776770494878974205e+01
3.497053469895897854e-02 2.003497053469860489e+01 1.300209398965749052e+01 2.448053653198591562e+01 2.597139291491225777e+01 8.153427418926538550e+00 9.724775821626554517e+00 1.133642175138812469e+01 1.307064172839184479e+01 1.553247631469136891e+01 3.562855636230017353e+01 4.764150822656673512e+01 4.104229298821602612e+01 4.134762564787538963e+01 5.840073865225293304e+01 6.194812717439756256e+01 5.020402584351524666e+01 5.742466124033087027e+01 6.770065617529525070e+01 8.815372459030245977e+01 8.868011543501640404e+01 6.859092521046274271e+01 5.431748803965812300e+01 5.694606830861187063e+01 5.538406838508778662e+01 7.553640281316187099e+01 7.425155819493544129e+01 5.414790054149638365e+01 3.995497989715099862e+01 6.004121353546861428e+01 5.075809517482422706e+01 5.786802855068643225e+01 6.948513282275304448e+01 8.950045935961321675e+01 8.716550316929786391e+01 7.962106213594459803e+01 5.734073448787859917e+01
9.635555453094322986e-02 1.547308054750965223e+00 3.002093989657578010e+00 4.480536531566730041e+00 5.971248516566595832e+00 2.597139289824207609e+01 3.001460850101553746e+01 1.592406877738338089e+01 3.314782939715219356e+01 3.563043115348738610e+01 1.909619117983872272e+01 3.923127365504890918e+01 2.678416470920076620e+01 2.970708981840043705e+01 4.996052066379820644e+01 4.155323507794084748e+01 5.595343593486186506e+01 7.642059206712396247e+01 8.633580671917893312e+01 9.652770897861300625e+01 8.868011543501640404e+01 6.859092521046274271e+01 6.859092521046274271e+01 7.121033986972892649e+01 6.442028207850650290e+01 8.383923590275257709e+01 7.646483558579177497e+01 5.634967980243303032e+01 4.550006547903564780e+01 4.891621726640551771e+01 6.902998502542349968e+01 7.794460090493610949e+01 8.615391200212022227e+01 8.145083610334098978e+01 6.762783177265747270e+01 7.480847468067146622e+01 5.890492369502302950e+01
8.845047570523793812e-02 2.008845047570488163e+01 2.300209398965372642e+01 2.448049981167505251e+01 1.263791163481852742e+01 3.260414834750686452e+01 4.430042634852136985e+01 3.594326760552583977e+01 2.297682586081351630e+01 4.288904043558579104e+01 3.923117853440078306e+01 2.277975927390169275e+01 4.296183625991096733e+01 4.996052066379820644e+01 3.419547877484381360e+01 5.450096553498875807e+01 6.695812849963775193e+01 7.379368903817326952e+01 8.221655189388081908e+01 9.242624760769854220e+01 9.696769774913468609e+01 8.868011543501640404e+01 8.868011543501640404e+01 9.128752425125502157e+01 7.605592404738266055e+01 9.282002231236387502e+01 8.473848116733057623e+01 7.149069362326898158e+01 5.129908473115323631e+01 6.903409516376289901e+01 5.967559776367627933e+01 7.976410670834108885e+01 8.692402918663263733e+01 7.335011835992445128e+01 5.356781241500333124e+01 5.505216725851674653e+01 5.048401216749898879e+01
8.023991185656004221e-02 1.422237553558763601e+01 3.422237553558834122e+01 4.083545158025528821e+01 2.677224183598339735e+01 2.677223167844536178e+01 4.668462923981446266e+01 4.810477797752849227e+01 2.828753120774695518e+01 4.810477797752849227e+01 5.138763610306562413e+01 3.185526890094553210e+01 5.138849801507510051e+01 6.294670716100532815e+01 5.450096553498875807e+01 4.040869938103651293e+01 4.650446130969803704e+01 5.328700742256670253e+01 6.354886731534560340e+01 8.403851076100093564e+01 9.230467395603527336e+01 8.385072137046320506e+01 8.649003458175528181e+01 9.494924248763032892e+01 9.610469976938050252e+01 1.043855393147763095e+02 8.603377598841362328e+01 6.559093603328484789e+01 6.031367127478458912e+01 7.980034519537458948e+01 6.974467864729042788e+01 8.800416486735845467e+01 7.883669721166404543e+01 5.915052924310001714e+01 4.757826001464772503e+01 4.089194826924793347e+01 3.641219904077895819e+01
4.598823041778624804e-02 2.004598823041743216e+01 2.424369262402636238e+01 4.424369262402564829e+01 4.668650599402506884e+01 4.668464110296079639e+01 5.489673260948409705e+01 5.641585844033331654e+01 4.810477797752849227e+01 3.753998971963837761e+01 5.712717973355277934e+01 4.457198058864911161e+01 6.170813420769298574e+01 7.526316219419240383e+01 5.479659791339888386e+01 5.479659791339888386e+01 5.703708009528826040e+01 7.379368903817326952e+01 8.221655189388103224e+01 9.242624760768408976e+01 8.059040974254216394e+01 6.361070392083760083e+01 6.623157699745870275e+01 8.649003458175528181e+01 1.002711823591167217e+02 1.110341045528086994e+02 9.459900972915278317e+01 8.602323847595258144e+01 7.467555884765097574e+01 8.046561666524387135e+01 8.393698282729123150e+01 9.792814736843598666e+01 8.157264328820225785e+01 6.172885158581209453e+01 6.742693714268639837e+01 5.246881158663384781e+01 5.057231396296521098e+01
7.340434288523949025e-02 4.243692624026717652e+00 2.424369262402636238e+01 3.901682071602431279e+01 4.073254946925628417e+01 6.073254946924612341e+01 6.643527403446518065e+01 7.471954527777056398e+01 6.537547288437797022e+01 4.878311751723881429e+01 5.284442624245342301e+01 6.662279927723480455e+01 7.816092634586591714e+01 8.367882985313144673e+01 7.526316219419240383e+01 7.526316219419240383e+01 7.749465918206320225e+01 8.590408957989657779e+01 8.222433983542866542e+01 7.379484593044739427e+01 7.216514184751919458e+01 5.198712330560607597e+01 5.986126364599267191e+01 7.150583204434005324e+01 9.180139862648184135e+01 9.144496084049106344e+01 9.144496084049106344e+01 9.730208996519397147e+01 9.571523538480651894e+01 1.006833578651728374e+02 1.038044593254981578e+02 1.065536458302699003e+02 9.008255213651973747e+01 8.158034937147905907e+01 8.029130939443736281e+01 7.225019873221528144e+01 7.037187706851642588e+01
3.515918393995972474e-02 2.003515918393960504e+01 1.073254946925716347e+01 2.073254946925698761e+01 4.073254946925627706e+01 5.229313841073544467e+01 4.643527403446660173e+01 6.643527403446518065e+01 7.682250481389002061e+01 6.852538069179551883e+01 7.140153221476816725e+01 7.937616062750501555e+01 8.376765127139174183e+01 7.467826897152257004e+01 7.991242204360307255e+01 7.107600562613275486e+01 7.991242204360307255e+01 8.265668355066989648e+01 7.054222119505215005e+01 5.360911005184822642e+01 5.907055302648907968e+01 4.564307483673972854e+01 5.724420661889551099e+01 7.745026586822628190e+01 9.187678420676716939e+01 8.369479802687905590e+01 7.164968184474199120e+01 7.787359472420857287e+01 9.730208996519397147e+01 1.123127311781073132e+02 1.006566079546313830e+02 8.637599610856008781e+01 9.700026995461423951e+01 8.864312262008409959e+01 9.076399021985912441e+01 7.069800467567395685e+01 6.905021683379402475e+01
4.608085242692564615e-02 2.004608085242657012e+01 3.073254946925680642e+01 1.889751527853428215e+01 2.522207059887092839e+01 3.229313841073615521e+01 5.229313841073544467e+01 6.249715838021541003e+01 7.060176598293853090e+01 7.080766687685130023e+01 6.245658786503887683e+01 7.080766687685130023e+01 7.108627909978369530e+01 5.270476021262164323e+01 6.913428488438412955e+01 4.942724654823317110e+01 6.880930278745253759e+01 7.086509177851193897e+01 5.322899809452763265e+01 4.202147183616715154e+01 3.896943129983232268e+01 5.315874516385035520e+01 7.334291974660017388e+01 8.588850720160874630e+01 8.038910007183065431e+01 6.373781974990701116e+01 6.161024979692930970e+01 8.154732134261648469e+01 9.631810019066260509e+01 1.039308714751773977e+02 8.376117690158608298e+01 7.215430523761192205e+01 8.152510664277875208e+01 6.855083537942623195e+01 8.539345265737976831e+01 7.069810383928610520e+01 5.081040237864891651e+01
1.610643649003322755e-02 1.415824206022110943e+01 3.415824206022181642e+01 3.889751527853356805e+01 4.522207059887021785e+01 5.229313841073544467e+01 5.897121673485932547e+01 4.211285490080727101e+01 5.897121673540219433e+01 6.069274138491669390e+01 4.219833725067660879e+01 6.069274138491669390e+01 6.199185777453046597e+01 4.065615245506015896e+01 4.967368256498372858e+01 3.906737003972566669e+01 5.922259677000337774e+01 5.102595218866177618e+01 5.314305086980190396e+01 3.307479851344621835e+01 5.314305086980190396e+01 6.746487971992023347e+01 7.143795388923918210e+01 7.437801216161017237e+01 6.613338380040981690e+01 5.212125505939766157e+01 5.924006784053285912e+01 6.823921635246537676e+01 8.236413387368034478e+01 1.021186758228136284e+02 9.938265987417521785e+01 8.152510665174837357e+01 6.148810481498041725e+01 5.708441600863690724e+01 7.139913716521958520e+01 6.457104224588060504e+01 4.473857602689482604e+01
2.022278438842990689e-02 1.156722816818104782e+01 2.570936379191224930e+01 4.570936379191295629e+01 4.731906688293277341e+01 5.298351402672172838e+01 5.068928513597310115e+01 3.020761822896320936e+01 5.068928513597310115e+01 5.232746255785772860e+01 3.212752841958219818e+01 5.232746255785772860e+01 5.821446865169479423e+01 4.966970643558460807e+01 2.897218082266424943e+01 4.914418897800464237e+01 5.027820374329277087e+01 3.690717982976102007e+01 4.712855460674045105e+01 2.959647043383484899e+01 4.964418159132878827e+01 5.488330403543048419e+01 5.138584471832338352e+01 6.057044711353540833e+01 4.605763890240739045e+01 6.613338380040981690e+01 7.924568503727803659e+01 8.743877748226319113e+01 9.631810019066260509e+01 1.052783438281907848e+02 8.510436367849088413e+01 7.088593063758045787e+01 8.152510665174837357e+01 7.139913716521958520e+01 5.152915145358047511e+01 4.865631237020635780e+01 6.457104224588060504e+01
6.642187732006160639e-02 1.420855750105113735e+01 3.420855750105184256e+01 4.161419118004322826e+01 2.786388258511374616e+01 3.356010283945612116e+01 4.325435168575750566e+01 2.343718958194948243e+01 3.446640067705109800e+01 3.703611728573831385e+01 2.552554369180790417e+01 4.559402592146661704e+01 3.816217640799714417e+01 3.817034351699747674e+01 2.425453926594291687e+01 4.063931947751486007e+01 4.278456890256057932e+01 2.536007534419780995e+01 2.709638037113405673e+01 4.697970922875847322e+01 3.252676164399910164e+01 3.483405665676458796e+01 3.719150509511812430e+01 4.048716898942967646e+01 4.721494256591034144e+01 5.442069366082796478e+01 6.350678927353592229e+01 7.506186111181560250e+01 9.484296296690369843e+01 1.052783438281907848e+02 8.510436367849088413e+01 9.101318566081516792e+01 7.805777407150843317e+01 5.808186335264178268e+01 7.139913716521958520e+01 6.263918618836738261e+01 7.682392260341777046e+01
1.591255364720534082e-02 2.001591255364684940e+01 2.217512667279254757e+01 2.323004118167697740e+01 1.388603245565412614e+01 3.355803214939297874e+01 2.804666604292045662e+01 2.842389762545770537e+01 1.524597544672578842e+01 1.713829983013389935e+01 3.703677420638481976e+01 4.431476277443707090e+01 3.597132460720388991e+01 1.812770088798649937e+01 1.965906851880676598e+01 2.129496148022244739e+01 2.294800444990443467e+01 4.298547928258953732e+01 4.712862813455276978e+01 5.521346385089639597e+01 3.734356013437814426e+01 5.488330403543355374e+01 5.725897152523461386e+01 4.227108693827977248e+01 6.193914461616888900e+01 7.450064975656701449e+01 8.271674032780420305e+01 9.160086811959423869e+01 1.030110951254245890e+02 1.136609560698595942e+02 1.052783438281907848e+02 1.000269385804276965e+02 8.307167889017117091e+01 6.301605961552004942e+01 8.307167889017117091e+01 8.265205182376915616e+01 8.101158578916485453e+01
6.189296070378335485e-02 1.110177797425700552e+00 2.159905559588654711e+00 3.213998112978116328e+00 2.170234567891997912e+01 2.572181951623453244e+01 7.411009777864457249e+00 8.530794799778890436e+00 9.655882712500000409e+00 2.968158857169765241e+01 3.262685820526949954e+01 3.391025306133041539e+01 1.598793332850552851e+01 3.602814165264584290e+01 3.970280799751014911e+01 4.133337168426805874e+01 3.566598887252460770e+01 3.715543225229464497e+01 5.720563244102520173e+01 6.217496161331865068e+01 4.226270895775923719e+01 6.217496161332373816e+01 7.023348035129511402e+01 6.193914461616888900e+01 4.763294975481989724e+01 6.736616571575109447e+01 7.978369951907750135e+01 8.702319378560272867e+01 9.532170099484459058e+01 1.054168304238823168e+02 1.059221374240361371e+02 8.574628224817186606e+01 7.152444872117500552e+01 8.307167889017117091e+01 9.143311453915033837e+01 8.751232690959332672e+01 7.267873555114870499e+01
2.247884206357958492e-02 1.946375889505976531e+01 2.076353189874813054e+01 2.323003180358775310e+01 4.728020441187053002e+00 5.832335701935540406e+00 2.447236336215410546e+01 2.843160504941172562e+01 2.910458430912698802e+01 1.132545604648120730e+01 1.259547346186985628e+01 1.387328064440008646e+01 3.391025306133041539e+01 4.013963148924863589e+01 4.357819754635175258e+01 5.187962308338938300e+01 5.340275940899385176e+01 5.695623190814447412e+01 6.551009285825678319e+01 7.042428590005208378e+01 5.372077941458373118e+01 5.137582684970259805e+01 7.116921536974975027e+01 7.401480999517634984e+01 5.250870027751811620e+01 5.346338788220416660e+01 5.949675898280557362e+01 6.654681183271834755e+01 7.686349251896845658e+01 9.718289505223708602e+01 1.059221374240361371e+02 8.574628224817186606e+01 8.574628224817186606e+01 1.000269385804276965e+02 9.309456998885873702e+01 7.916389347658950726e+01 5.917524081337781183e+01
