LEM/with_lateral_4open/elevation_000210.asc
nrows	100
cellsize	150.0
xllcorner	0
ncols	100
yllcorner	0
NODATA_value	-9999
[rows 34 to 50 of 100, columns 37 to 73 of 100]
8.720764176526103029e+01 6.903089847287161263e+01 4.914588436096356361e+01 6.903089847287161263e+01 7.562629889935344352e+01 6.536206023728054504e+01 7.912862634639266446e+01 9.842364544933010961e+01 8.836565569700439937e+01 6.855615546326833964e+01 5.695184322985945613e+01 4.946132579556182662e+01 6.291283173628073655e+01 5.594158050324073628e+01 3.566495117731034270e+01 5.009193019822280490e+01 7.006388636056463781e+01 6.627494080361954332e+01 5.229451146423254215e+01 4.088569582327608032e+01 4.305348189979022067e+01 4.676259919176671076e+01 6.677641223835971118e+01 7.629322195176560228e+01 8.250301233627928355e+01 8.942499573901450560e+01 9.763664707888612782e+01 1.074891611575872190e+02 1.050018480069971645e+02 9.335053042319636063e+01 7.908558872970007769e+01 6.837219509634648773e+01 8.857129802741542335e+01 9.153642793878556461e+01 8.599718172553545514e+01 7.765284228365898400e+01 8.599718172553545514e+01
8.618833518989417541e+01 6.665018626196486196e+01 5.260195410207488464e+01 5.776363364099245246e+01 7.740675249523920343e+01 8.478000659851903720e+01 7.912862634639266446e+01 9.842364544933010961e+01 9.093892691300510478e+01 7.112538264894020301e+01 7.692863540454492011e+01 6.291283177231109391e+01 3.957702977868679994e+01 3.830854371516679180e+01 3.862327416114565892e+01 5.880815598117535359e+01 7.095053695489137624e+01 7.974882775998092654e+01 6.102653210109743753e+01 5.525670668368545790e+01 6.318182529989201157e+01 4.692084570197467031e+01 6.692326182582667116e+01 7.927477264821126823e+01 8.139519304920352738e+01 8.577152590794240439e+01 9.050901900531985689e+01 9.870329214854889699e+01 1.074901021798286962e+02 1.076154721166926720e+02 8.857129802741549440e+01 8.265297266263672782e+01 9.691864550426426206e+01 9.874972295634590580e+01 9.038800799990036694e+01 9.189828033562879739e+01 8.507199680694972699e+01
8.963505616583262281e+01 7.013745796628045071e+01 5.618837114901765517e+01 7.584817226207876217e+01 6.710176071443621026e+01 8.659680406256359220e+01 9.842364544933010961e+01 1.064771590510810029e+02 9.920932995738698423e+01 9.093892691300510478e+01 7.584135736159623775e+01 5.564475061408721501e+01 4.110557504590517652e+01 5.860539196285824204e+01 5.880815582930608798e+01 4.298005318300125310e+01 5.758996601677629457e+01 7.830016129863655294e+01 8.068469676037796035e+01 7.511068256303572355e+01 7.319090066009414386e+01 5.337100832857669275e+01 5.124085361466671174e+01 7.111259214800210771e+01 6.176103602218640987e+01 6.619997037933056561e+01 7.097583456419816628e+01 7.970376911376912688e+01 9.094014895974703450e+01 1.106030050566174197e+02 1.087532515117776342e+02 1.028593993896019470e+02 1.046935182367755743e+02 8.446247165068351137e+01 7.016768797318849238e+01 7.167682843996244912e+01 7.342162868807155007e+01
9.510148311315883518e+01 7.954406615032418415e+01 5.998723394956206789e+01 7.954406615032418415e+01 8.659680406256359220e+01 7.834689517459193553e+01 9.207451214037283194e+01 1.118492172889958027e+02 9.975476657676901482e+01 7.945331887744094956e+01 7.777120514658139427e+01 6.473678753596828983e+01 4.441910896765095629e+01 4.513823604549485680e+01 6.509883068136825557e+01 4.620978437793810656e+01 5.779421741016209069e+01 7.115712005943630913e+01 8.892285798802515728e+01 8.368893918303044188e+01 6.404942423058872691e+01 7.319117703266763897e+01 7.111259214730559108e+01 5.572239897870890246e+01 7.547527196433667029e+01 8.577152590794240439e+01 9.050901900531989952e+01 8.073066014520381373e+01 1.002873778654357722e+02 1.189078809550713345e+02 1.195958256735720511e+02 9.942135865369604630e+01 9.942135865365105474e+01 9.189828091226435447e+01 7.167682844007133269e+01 5.756292531506807819e+01 5.356250212138122180e+01
7.568022153378795736e+01 6.880144375514962007e+01 6.511380792959309360e+01 8.456680957825953726e+01 1.019678900577079474e+02 9.207451214037283194e+01 1.061543118928405676e+02 1.036971826611059697e+02 9.195943982962225505e+01 7.945291374585966082e+01 5.930284291388734630e+01 4.918540384382775699e+01 6.473662674598500644e+01 4.800624246103883053e+01 6.678836054096615271e+01 4.959703464868550782e+01 6.920434927052737351e+01 7.387157839237734436e+01 9.253056506430274908e+01 9.186777243937349624e+01 7.540954801241026928e+01 9.186777243164321760e+01 8.168304596053125977e+01 6.205234093276641261e+01 6.635127469093559682e+01 7.767720205454094184e+01 9.725711084159874531e+01 9.451195270279664840e+01 9.451195270279664840e+01 1.142304876215500968e+02 1.137047623224460011e+02 9.350497913726387367e+01 7.915044597240962787e+01 7.199311932295860572e+01 6.564454008534606544e+01 7.759955474373522577e+01 6.780461946152740893e+01
9.510148311315883518e+01 8.823503023217338637e+01 7.485705288541670654e+01 7.430550015189328406e+01 9.371790496799572168e+01 1.118492172889958027e+02 1.074829998965948192e+02 9.525659983868069958e+01 7.494570199195965188e+01 6.334883876658018664e+01 5.436160952469102625e+01 6.937783062970231640e+01 7.078786462690526093e+01 5.088336608853821019e+01 7.054937866405329316e+01 6.921065268111553337e+01 5.454661198005377543e+01 7.393100699808327647e+01 8.688365148234136370e+01 9.774270762389542710e+01 9.499879515824825660e+01 1.032221762538472518e+02 8.859726462461085816e+01 6.904090100908216243e+01 8.021140964255535266e+01 9.413510040496115039e+01 1.054893707144696577e+02 1.142304876215500968e+02 1.142304876215500968e+02 1.225537492699262430e+02 1.197379362856276970e+02 1.077700049661852830e+02 9.942135865369418468e+01 9.225450874479260222e+01 8.584729483152598561e+01 8.412433112605056351e+01 6.945586970408993466e+01
1.058823363245058715e+02 1.025314814873985654e+02 8.851901887949902914e+01 8.796464993844338665e+01 8.796464993844338665e+01 1.076074912881324224e+02 9.896985863558977314e+01 7.854381505906832217e+01 6.847231533597899045e+01 6.029949244916195994e+01 7.450616669966164807e+01 8.292232577202405253e+01 7.364595708176194933e+01 5.381998600347795758e+01 7.364595708176194933e+01 8.177976253595775802e+01 7.393100699808327647e+01 5.993101998252051033e+01 7.114354959805426404e+01 8.985622364873101731e+01 9.979509183820805163e+01 1.091760431627993881e+02 9.678558821264155654e+01 7.881832426772338351e+01 9.678558821264155654e+01 1.080587911673668771e+02 1.193154283391889265e+02 1.127501568477572675e+02 1.210333485027579599e+02 1.139158119227182766e+02 9.979247439447981094e+01 1.139158119227182766e+02 1.118215165579807007e+02 9.161819139356720143e+01 7.729447408935378405e+01 6.567620087012872432e+01 5.581855154802730112e+01
9.588830867847030959e+01 1.100231618399239579e+02 1.081765152699171182e+02 1.076074912881324224e+02 1.076074912881324224e+02 1.159711301769721388e+02 1.074616755900254361e+02 9.712714315207534810e+01 8.555551546452034017e+01 6.530228601899041507e+01 8.556018107803052430e+01 9.046380975086945853e+01 7.083936974873114423e+01 5.682937975523171303e+01 7.658741303997614125e+01 8.938065235100951611e+01 8.688365558982550851e+01 7.905245628447367778e+01 6.604090005250040463e+01 7.332741270314407700e+01 8.264271500836312612e+01 1.011700128412284982e+02 1.066122111618127377e+02 9.837620498149830439e+01 1.066122111618127377e+02 1.134929049605119502e+02 9.938259042000572663e+01 9.283873566677156930e+01 1.095229460121760496e+02 1.056343649284992807e+02 8.575213068826217011e+01 1.056343649284992807e+02 1.096859099730086200e+02 8.947229678733501146e+01 7.514823938908500622e+01 6.510162538646382302e+01 6.461600294454134996e+01
8.175345551701671809e+01 9.693886529339077640e+01 9.901490548896980215e+01 1.072519545030090455e+02 1.152317083842025056e+02 1.135860400597857733e+02 1.132510953898022592e+02 9.096563565594566114e+01 7.606689921021727230e+01 7.427285411775967816e+01 9.404545501907072946e+01 9.046438119984601656e+01 7.083937206360783989e+01 7.658741303997614125e+01 6.153992472108944156e+01 7.547808209156214332e+01 9.507478738612000768e+01 9.007811431608136843e+01 7.143680248905286589e+01 9.007811431608136843e+01 9.979509780392157836e+01 1.091760900426292551e+02 1.112716722216030689e+02 1.090437011414401098e+02 1.151975208747289514e+02 9.526937920860679299e+01 8.531797493897134643e+01 8.135512623298231460e+01 1.006157686150524881e+02 9.811958674164208105e+01 7.826408919475838388e+01 9.150108755936166460e+01 1.114103811272715348e+02 1.037468031825397219e+02 9.363568399234675610e+01 7.671519072332192479e+01 7.622519869177968133e+01
7.858536113764800746e+01 7.697529281193807549e+01 7.907860103356338755e+01 9.300069623154982423e+01 9.377000461854049718e+01 9.544406166674858127e+01 1.135860400597857733e+02 1.053093439449081927e+02 8.791251798920637839e+01 8.601218224282602876e+01 1.031897944651765613e+02 9.865597157807225415e+01 9.046440326346778704e+01 8.646259801829543790e+01 6.683845125709081003e+01 6.813206859980635954e+01 8.772844157583087110e+01 9.713730778757118856e+01 7.862190790870317869e+01 8.665514080305599975e+01 1.053085998521063686e+02 1.112716722216030689e+02 9.074930800920517981e+01 8.849734305471078244e+01 1.029694728368915833e+02 9.526937920860679299e+01 7.537508002912824168e+01 7.246314317215622225e+01 9.235518984345495141e+01 9.150108755935477234e+01 7.165985614617711974e+01 9.150108755935477234e+01 1.029352097356976969e+02 1.087803795053474829e+02 1.053090975872135004e+02 9.695723006731830651e+01 9.646781397257900892e+01
5.865449962963634789e+01 6.288960112752877052e+01 6.756850034853333398e+01 7.308753741290436778e+01 8.006368680096002777e+01 9.422263084514200671e+01 1.153560184763876180e+02 1.173113784831436988e+02 1.087349853370856749e+02 1.065484266419131814e+02 1.150405938984775247e+02 1.135195524476232123e+02 9.480568563470849597e+01 7.523941081390269403e+01 8.646259801829543790e+01 7.304587994922313499e+01 9.259861454969185957e+01 1.048754224910874768e+02 8.927247170744487903e+01 1.050661605848921738e+02 1.133590335815092374e+02 1.090437011414401098e+02 8.849734305471078244e+01 7.439357857333295954e+01 8.548110449552869738e+01 8.050457817178362063e+01 7.887800214357513084e+01 6.545989776562406348e+01 8.532231629375655757e+01 8.619829541079677426e+01 6.636548034190634837e+01 8.357783387085130755e+01 8.305762143389735286e+01 8.887963225386032207e+01 1.041640207294999243e+02 1.141224758848856453e+02 1.052644868918813756e+02
7.858536113764800746e+01 8.282248781504642920e+01 8.750467474499447462e+01 9.300069623154982423e+01 9.949663259554226613e+01 1.076161982521750105e+02 1.152212392549551652e+02 1.230572035031867415e+02 1.148020990484271380e+02 1.230572035031867415e+02 1.192101228555362837e+02 9.948319133639026290e+01 8.570083187269099767e+01 8.906470687334856962e+01 9.876417186996236808e+01 7.925583704495097948e+01 8.400003293329470466e+01 1.031015324725243829e+02 1.078808736696239521e+02 1.159621941415848738e+02 1.137751052369279279e+02 1.049108353429916320e+02 1.029694728368915833e+02 8.551655502897766326e+01 6.618597703710361202e+01 6.144275629782286074e+01 5.907920342076900511e+01 7.887806919517500148e+01 9.357805911731969672e+01 8.124009164357377699e+01 6.142375257800341615e+01 6.375480763417417762e+01 6.904211917088856865e+01 7.604640477080377536e+01 8.595571120282427557e+01 1.058410036460884101e+02 9.702604498744356931e+01
7.998704296028614635e+01 8.707217499216228873e+01 8.707217499216230294e+01 1.070930660119358606e+02 1.134519276598771995e+02 1.052049427778795376e+02 9.519505467641037910e+01 1.093221488734293416e+02 9.476753835453089891e+01 1.036814098479227368e+02 1.119534411098309334e+02 1.135195524476232123e+02 9.948319133639026290e+01 1.086656344216796413e+02 9.305023780222012419e+01 8.901189861171287987e+01 1.024620708799744762e+02 1.122829912422203051e+02 1.148402910334464764e+02 1.066332664916522788e+02 9.769583282409301717e+01 8.349505286621577227e+01 9.508605548145311559e+01 9.393298163199301598e+01 8.548110449552869738e+01 7.465693639870973186e+01 5.492161535305041298e+01 6.884087730423605933e+01 8.869810667268879456e+01 7.656933573305468599e+01 5.677328671703956076e+01 7.656933573305468599e+01 8.887963225386030786e+01 9.589835742445623623e+01 1.041640207294999243e+02 1.141224758848856453e+02 1.052644868918813756e+02
5.999065414550878472e+01 6.703239537079538479e+01 8.119932263344172441e+01 1.012504948064007380e+02 1.052049427778795376e+02 8.512487047704061638e+01 8.095369301032282294e+01 9.928839906849317742e+01 8.466125802074364515e+01 8.354831379947799519e+01 1.003570964449709777e+02 1.119412513561105840e+02 1.192101228555362837e+02 1.208319892448476907e+02 1.067759586278175732e+02 1.026808511906342574e+02 1.166898633983829257e+02 1.092580480345676932e+02 9.543102098581455550e+01 9.769583282409301717e+01 7.673876494887349509e+01 7.249451788143944952e+01 7.660313126094285963e+01 8.858446972696253852e+01 8.566994036150173031e+01 6.583897212198621673e+01 5.195595567159530503e+01 7.164732815419178280e+01 7.708704315019248554e+01 6.886905728541283622e+01 5.336148767873238796e+01 7.331488532217447585e+01 8.329521980938426395e+01 1.031863065915844402e+02 1.098408652524418869e+02 1.015700100392171237e+02 1.040028857132048188e+02
7.998704296028614635e+01 8.707217499216228873e+01 9.535125486038903375e+01 1.012936417197032739e+02 9.306142635011711661e+01 9.100618748724016882e+01 7.088875599248889614e+01 8.242954637855692113e+01 8.425342631842787000e+01 7.162890285868635942e+01 8.324848540504410721e+01 1.036643461461841582e+02 1.112820856376233394e+02 1.195572622262322966e+02 1.265199130505969549e+02 1.223438262564420995e+02 1.122808686087474541e+02 9.294251433806576301e+01 8.209772623671973690e+01 9.160679540080232641e+01 8.239683656550300839e+01 6.357116239148120229e+01 6.491953196314156571e+01 6.995747938257096621e+01 6.993030939383440625e+01 6.877504622029965731e+01 4.911415336834356538e+01 6.877472887407243718e+01 6.886905728376599711e+01 4.981663535788742792e+01 4.948859297994668083e+01 6.291090292990080712e+01 7.747424184683329429e+01 9.734830375284980164e+01 9.830957455316814730e+01 8.159508696351981882e+01 8.403751113211430379e+01
7.226265871297657384e+01 8.644182038036989013e+01 1.064804855980813869e+02 9.306142635011711661e+01 7.303106438850635129e+01 7.889782157744107849e+01 7.454664092123168473e+01 6.233838651197576297e+01 6.543083368627571872e+01 6.488640584248766174e+01 8.916321310603144923e+01 9.489412799099838480e+01 9.121101855733679997e+01 1.083686854378605631e+02 1.166397652242249308e+02 1.281765659707216969e+02 1.205141012613911613e+02 1.092580480345676932e+02 9.160679540080232641e+01 7.254403478541277650e+01 6.701957297039797368e+01 7.205644388027569391e+01 5.525755792462725680e+01 5.273251682727368461e+01 5.026246351549744418e+01 6.599461441675481410e+01 4.634923751450298823e+01 6.214057647983567279e+01 6.372751886848521963e+01 4.642167889200617026e+01 6.600901371375057636e+01 8.314064198403964667e+01 9.154471899632564202e+01 9.813637710516383095e+01 8.937951298210657569e+01 7.007024034314943606e+01 7.250527747092479558e+01
9.057730732911254279e+01 1.005939212637139235e+02 9.088814386771586840e+01 8.258202625554910981e+01 7.889782157744107849e+01 5.886532714407995570e+01 5.452968887132003317e+01 5.701714366262296352e+01 5.976664754940844659e+01 6.470493113300936727e+01 6.962105700845233969e+01 7.475997936268937849e+01 8.112349290554850256e+01 8.826994192546091256e+01 9.991729087764441886e+01 1.199135051045214766e+02 1.196461010266856988e+02 1.096753965175394114e+02 9.965542417333418257e+01 9.160679540080232641e+01 7.984532775758218293e+01 5.947326720020345192e+01 7.507374777115119002e+01 7.171689799989658809e+01 5.202365400878989021e+01 4.681264760953008874e+01 4.464672802609528901e+01 4.250647053063640612e+01 5.030408133404921500e+01 4.381427879403911163e+01 6.920682867415850126e+01 7.821060835397859989e+01 8.637296121631598567e+01 8.986368805776210422e+01 6.997149769581446321e+01 6.130155994374201356e+01 6.369881472045143056e+01
