LEM/with_lateral_4open/elevation_000319.asc
nrows	100
cellsize	150.0
xllcorner	0
ncols	100
yllcorner	0
NODATA_value	-9999
[rows 17 to 33 of 100, columns 0 to 36 of 100]
5.222468517465790605e-02 2.005222468517430201e+01 2.864603802305340707e+01 3.693030834224209258e+01 4.587457970398825324e+01 5.742158407099179129e+01 5.059681779564387227e+01 5.902206707244262418e+01 5.752578148687980786e+01 4.233048103923483296e+01 2.818957408513994167e+01 4.867610560119362617e+01 6.388934827020705853e+01 4.717061422453767250e+01 4.248311993471885728e+01 4.880723954915392682e+01 5.881061953581904334e+01 7.294870807508188193e+01 9.290201237214115793e+01 8.746465752523371862e+01 7.921674549782801478e+01 6.715589874002884585e+01 4.719887783529223668e+01 3.823360892024849278e+01 3.113937237699542138e+01 4.759843665851416716e+01 5.587642714130316079e+01 5.050836058348401991e+01 5.882956953109074050e+01 5.051166255609576439e+01 3.356341223175100197e+01 5.411700103167659393e+01 7.262732501412607178e+01 8.260937893851907177e+01 8.877485035504535915e+01 7.532719209882171185e+01 5.534219805643060397e+01
7.333276091007127906e-02 1.007333276091277874e+01 2.421546843012834671e+01 4.421550375516424936e+01 4.887121196864897144e+01 4.728782306511937605e+01 3.050992616893772436e+01 4.728782308000699430e+01 3.771177547329342872e+01 3.784082998743073745e+01 2.381956626952365852e+01 4.329673314216521618e+01 5.562042754135730149e+01 3.562478909732383414e+01 5.562042754136079026e+01 6.880175756621540017e+01 6.295156979595332558e+01 8.292536022361156256e+01 9.328748372047543569e+01 7.338845489340593531e+01 5.930808130459976013e+01 6.662540069342011861e+01 5.520616405978022811e+01 3.519245992009768287e+01 5.116525518070999823e+01 4.531239914842048222e+01 6.529529959248041848e+01 7.061700497318865644e+01 7.092812863383463196e+01 5.092416047656186606e+01 3.647811913648003213e+01 4.431698574233097787e+01 5.437586681907139052e+01 7.434006341186513112e+01 8.049427092200147626e+01 6.050515165748911528e+01 5.662381757697879436e+01
6.343274376862209629e-02 2.006343241032641700e+01 3.835731021077830860e+01 3.878449811490579435e+01 2.886873262002456642e+01 2.886873272584721306e+01 1.896297083036034081e+01 3.279145219226025176e+01 3.466068261355076174e+01 1.774971975753429021e+01 2.010283589785501590e+01 4.008822675516671552e+01 4.599315860371967801e+01 3.154318726839840537e+01 5.153659486658756350e+01 6.915381033551658163e+01 8.292536022361156256e+01 9.117102117491563718e+01 9.065101166147934464e+01 7.075345405191633574e+01 5.666948764013282158e+01 4.667546335163488180e+01 4.111226142098642100e+01 3.929091431947401958e+01 5.344572152100213458e+01 6.529529959248041848e+01 7.356488461392260092e+01 7.986540151932892684e+01 7.159724063003820049e+01 5.968762274413192159e+01 3.956510237768829086e+01 5.968761920923068942e+01 7.262724884664217484e+01 8.260937893851907177e+01 7.830695029272773411e+01 5.831884201544564661e+01 4.419937306775536001e+01
3.497053469895897854e-02 2.003496289285688903e+01 2.311615660937562922e+01 1.878308884529733902e+01 2.618995370070116380e+01 8.868338421882633327e+00 1.080163718592397792e+01 1.280113597597240194e+01 1.482030941308444305e+01 3.449328286523137166e+01 4.003402656732412623e+01 2.350213929725003226e+01 2.599881115894011785e+01 2.937725704126439652e+01 4.092272697512759549e+01 6.091772741703974248e+01 7.164480990266146421e+01 7.987275693059321213e+01 9.128974777414953223e+01 8.482829601134301356e+01 7.487265383663543616e+01 6.662540069342011861e+01 4.779572015263155293e+01 4.367202715610194019e+01 6.364695122768475954e+01 8.165224956887347219e+01 8.570471959772568482e+01 6.575373151072892597e+01 5.163725834599507891e+01 4.453213284305093822e+01 5.968762274413192159e+01 4.864024230739646271e+01 6.278073402176047324e+01 8.273478828491397508e+01 7.571224965166209131e+01 5.572606989099822528e+01 5.831884201544564661e+01
9.635555453094322986e-02 1.603912277419762944e+00 3.115770169456674843e+00 4.640755872782727387e+00 6.183789373649759114e+00 9.041211082778277230e+00 1.196027011936776852e+01 3.200935478743467399e+01 3.480510136485764150e+01 3.775535664067902530e+01 5.133761261794413144e+01 3.504299897369013195e+01 4.599315860371967801e+01 4.937577751039934526e+01 3.454017070118775479e+01 5.453921314623256933e+01 5.163613071609516680e+01 6.319609423296023465e+01 8.315495806692479164e+01 9.219964249447961890e+01 7.249992407577643405e+01 5.846877627869818639e+01 6.771715767627925686e+01 4.827252923015642239e+01 6.238788174637070227e+01 8.231422306499177921e+01 8.788841831623888368e+01 6.793588199613556355e+01 6.853424457914496770e+01 4.856462777008536591e+01 6.853424457914496770e+01 6.278073402181264839e+01 6.129131867262712063e+01 8.124488402240341145e+01 8.399343615583612177e+01 6.726061589770934290e+01 7.830695029272776253e+01
8.845047570523793812e-02 2.008845047570488163e+01 2.311615683780865282e+01 2.350949910581297431e+01 1.416063654677382821e+01 2.894003268249530336e+01 3.200935478727316763e+01 1.623643624017893217e+01 3.631684443157933373e+01 4.734737229237649814e+01 5.859837951195386552e+01 5.503587256380505011e+01 6.330421137994127889e+01 6.282681814423271760e+01 5.448818532462238551e+01 4.008576527379811694e+01 6.010287176197680026e+01 7.663916472713879102e+01 8.585962693786908062e+01 9.402756715348344585e+01 7.460659428536085613e+01 7.826983801314904099e+01 7.320705845217339913e+01 5.327551262090845086e+01 6.737160190788776504e+01 8.729509678402638428e+01 9.616142824295360469e+01 7.703979053823783829e+01 5.709251713202201017e+01 5.460075163520794206e+01 7.454881068494903218e+01 8.273478838676429348e+01 7.539926335357495191e+01 8.951591679116629052e+01 9.553737452548473641e+01 8.725739606304375684e+01 9.091641973968509660e+01
8.023991185656004221e-02 2.008023991185620361e+01 3.649522678192035130e+01 4.017175053540113794e+01 2.741506766871374268e+01 3.321170486824991741e+01 4.460526705504368294e+01 3.631684443157933373e+01 2.073655242663014064e+01 2.804547368768965399e+01 4.964004381561068158e+01 6.190460437832259544e+01 7.339578644565455079e+01 7.432273061879818954e+01 5.423827540853259421e+01 5.423533667879973308e+01 4.825090437701778967e+01 5.720584501399775945e+01 7.151842487712745822e+01 9.256908120144683494e+01 9.402756715348344585e+01 8.729509678402638428e+01 6.737160190788776504e+01 6.142013116576002574e+01 7.320705845217339913e+01 9.313600867018773499e+01 9.114934232751215859e+01 7.119542282811491418e+01 6.601243125291765068e+01 6.352301675802195291e+01 6.870521342524085640e+01 8.865650244238287314e+01 9.535746072157739661e+01 1.013447624066115083e+02 9.306474998763533790e+01 9.670789379203996816e+01 7.685146851946367974e+01
4.598823041778624804e-02 8.210954039695488760e+00 2.235308972301048414e+01 4.235309959943005254e+01 4.725509873758821300e+01 5.322058852900589443e+01 5.503732109193853006e+01 3.497003777140307079e+01 4.084324745934831924e+01 2.593998714638254555e+01 3.396642025353386174e+01 4.524825383927092304e+01 6.511409634335450392e+01 8.268780970866545488e+01 7.432589538068066304e+01 7.426835453748297766e+01 5.826352311686369490e+01 7.666018810847715770e+01 8.591810700901397979e+01 8.971668435605762681e+01 9.800527897767824470e+01 9.555808230399182435e+01 8.729509678402638428e+01 7.291683032251846441e+01 8.133883540685610569e+01 1.012748543033272881e+02 9.942337588637731471e+01 9.114934232751215859e+01 7.598105188826296796e+01 7.349025362526799654e+01 8.865650244238287314e+01 9.692983797878649455e+01 9.634176933735750481e+01 8.787814871220780333e+01 7.345607858508058996e+01 8.995925491318432421e+01 8.337146242276826058e+01
7.340434288523949025e-02 2.007340434288488495e+01 2.821095699201584850e+01 4.821098465730633365e+01 4.832644473523242112e+01 5.662328328685411805e+01 6.338241329459571460e+01 5.504183691468612238e+01 5.010379194781772583e+01 3.013184974286626172e+01 5.013654643949539036e+01 6.190460437013999950e+01 7.119037342246002709e+01 7.947588767427953371e+01 9.103075940500914953e+01 8.672165828834360468e+01 7.836649697157560013e+01 8.672165828839983703e+01 8.638915085051216636e+01 6.955169227932987042e+01 8.520841191756765909e+01 9.350706731466424060e+01 1.011088994474851290e+02 9.284350830286305722e+01 9.479709897719962441e+01 9.479709897719962441e+01 1.031074367040867372e+02 1.042165136125819487e+02 9.009217230644588881e+01 8.759871442191693802e+01 1.017222924943833675e+02 9.917441430450702455e+01 8.785060620132776421e+01 6.762331651958898249e+01 6.236173681442352290e+01 7.975976492473476753e+01 7.513766147528933459e+01
3.515918393995972474e-02 2.003515918393960504e+01 2.781863473852477142e+01 3.198994220650789444e+01 2.831839704670134594e+01 4.331751185642341540e+01 5.163550505568856153e+01 6.356522401048692217e+01 5.842388367393990478e+01 4.013302669999941230e+01 3.743714848619908508e+01 4.409895119478093761e+01 5.116924599079526814e+01 6.272721956699329127e+01 8.275125658513454141e+01 8.523737138855815942e+01 7.692315247820674529e+01 8.523737138903898369e+01 7.738553794315575374e+01 5.791722689277504088e+01 6.505244684285111134e+01 8.189051715124840314e+01 9.312444320465664305e+01 8.479038773333924439e+01 7.457231340227487237e+01 7.457231340227487237e+01 9.479709897719962441e+01 1.050110880652089946e+02 1.100619040580612591e+02 1.075676391827138616e+02 1.048284282594261043e+02 8.530009585953155238e+01 7.182224303786371422e+01 6.233589106531518098e+01 5.370925389952214601e+01 6.031673872098163258e+01 7.414551675695997801e+01
4.608085242692564615e-02 3.895082647024541433e+00 7.817405349792411862e+00 1.198769363105877517e+01 1.753469562637693357e+01 2.330819888577985211e+01 3.485675273798757701e+01 5.499085839229166339e+01 6.842299203601454849e+01 5.427679757907585412e+01 5.157791542149175257e+01 5.376766237579469987e+01 7.119037342246002709e+01 7.947588766801870008e+01 8.446280283704092540e+01 7.512702885542493902e+01 5.664100432697773613e+01 7.512702885541821729e+01 6.905984961122102561e+01 4.895057761153438491e+01 5.344283087231859497e+01 7.357136005590328409e+01 8.146780904937229195e+01 6.457163740591184364e+01 6.028798619328880193e+01 6.740891258298383093e+01 7.646344037125147963e+01 9.080802806015498163e+01 1.109470534646828241e+02 9.906929392590124905e+01 9.081717183403529248e+01 9.061879053012741281e+01 8.274517466270087596e+01 7.973247501049708319e+01 6.031065984614991038e+01 4.654425195071126353e+01 6.600940690739683703e+01
1.610643649003322755e-02 2.001610643648967880e+01 2.781863473852477497e+01 2.613013957850759894e+01 2.831816466060396209e+01 4.331417919663027760e+01 3.595781561502848689e+01 5.010331680885676775e+01 7.012127284738538435e+01 7.429141978407204761e+01 7.159530932147700355e+01 7.378479338099529627e+01 8.206799001268775839e+01 7.859024474820091655e+01 7.613837592740527782e+01 5.574567356491858305e+01 4.615075531494307626e+01 6.678207840259226202e+01 6.195014831336941086e+01 4.188557628456998572e+01 6.195014831336941086e+01 7.524754025005009339e+01 6.689738713023295702e+01 5.296295643350592286e+01 7.311708678912118842e+01 8.765359045074042399e+01 9.598352920991310100e+01 1.050110880652089946e+02 1.064421765211024251e+02 9.081717183403532090e+01 7.085414144837288575e+01 7.651427514959468112e+01 6.295893899725027865e+01 6.776306746484101495e+01 6.150654378563416458e+01 4.232036593724902929e+01 5.629933701520991463e+01
2.022278438842990689e-02 1.416235840811950553e+01 3.416235840812021252e+01 4.613563318886333775e+01 4.832023020360930587e+01 5.657657319057728529e+01 5.596474977857447897e+01 6.425992165275272328e+01 7.122862414265610198e+01 6.291066551850074262e+01 6.030254087785608874e+01 6.862170794372185867e+01 6.577397205537798186e+01 5.832593833663413818e+01 7.263556742568420077e+01 5.948780417252860531e+01 3.858247172012117687e+01 5.948780417252860531e+01 5.708370047870207742e+01 3.704632355385653852e+01 5.708370047870207742e+01 6.689738713023295702e+01 4.679043022566107624e+01 6.507057758713953888e+01 6.957116805786901637e+01 7.792157905770613979e+01 9.218865383061258001e+01 1.056975896450298364e+02 9.818862179394433554e+01 7.828001398094932028e+01 6.670797363667955437e+01 5.658548535380875677e+01 5.138059968965885105e+01 5.357788576882011711e+01 4.124504052758312156e+01 3.882333080327859420e+01 3.645380522859490924e+01
6.642187732006160639e-02 2.006642187731970495e+01 3.375364702215807711e+01 4.203791600974696507e+01 5.358491522262685436e+01 6.588532809157712222e+01 6.417295760458301856e+01 7.209909083343391956e+01 6.291066551850074262e+01 4.283636792409188843e+01 4.023405224238418754e+01 5.703249603337398099e+01 4.555124815959418072e+01 4.404340052295406593e+01 6.426121626853907287e+01 5.390061905856060065e+01 3.313467180688109437e+01 5.390058691230498056e+01 4.657141160473465646e+01 3.258213512016418889e+01 5.260321120284134366e+01 6.287599574931855528e+01 4.279705629565042102e+01 4.497589244073200376e+01 4.944391559499129585e+01 6.365450428479977774e+01 7.719987315749149559e+01 9.268753056064282703e+01 1.027811917781324809e+02 9.081717183403523563e+01 7.085414144837288575e+01 7.670117767530025787e+01 6.839576429346779207e+01 4.486286645733238032e+01 4.979742787084149569e+01 5.866618992851181957e+01 5.629933701520991463e+01
1.591255364720534082e-02 6.682579220313843216e+00 1.375364703217925566e+01 2.530065241597156600e+01 4.530065232835217870e+01 4.592789184324958285e+01 4.437339806633062977e+01 6.078021987021414674e+01 6.100383069006366554e+01 4.871599356193743802e+01 2.867770131030372482e+01 4.871599356193743802e+01 3.143064441351711125e+01 5.147434685460600434e+01 5.056932532871487496e+01 4.211967322412652948e+01 2.862727234193824088e+01 4.358635123771384912e+01 2.654619572966585750e+01 2.901776603078633343e+01 4.903502881537974645e+01 5.518777037957534048e+01 3.895841079282669028e+01 5.901180204977939070e+01 6.957116805786901637e+01 5.701621663844014876e+01 6.412405259151113057e+01 7.423200660258592620e+01 9.447054717900105913e+01 9.906929392540833135e+01 9.081717183403523563e+01 8.475208621876706161e+01 6.732198326734632587e+01 4.795490475773605255e+01 6.452911785422165281e+01 7.244717885559630588e+01 7.134369630358918357e+01
6.189296070378335485e-02 2.006189296070342820e+01 3.375364702215807711e+01 4.203791489182960817e+01 4.834720557168645882e+01 3.157494661165010541e+01 3.268425097043139260e+01 4.370643381403185401e+01 4.067022158963228406e+01 4.065546485215079997e+01 2.265054816311123886e+01 4.267422111585702282e+01 2.485862018297379450e+01 3.601556886549149539e+01 3.730442107428828535e+01 2.270157738697256633e+01 4.045976778796863016e+01 2.354634661465940226e+01 4.358586907558334644e+01 4.903497171752152894e+01 3.258086251868541439e+01 3.515688012312759980e+01 5.518777037935279850e+01 5.311229010630837877e+01 7.325448379527861675e+01 6.865034660007272294e+01 8.435127689079351399e+01 9.268753056064282703e+01 1.027811917781324809e+02 9.680411770299531327e+01 7.695904919055082871e+01 6.563031002862902596e+01 5.699775942757767666e+01 6.732198319272890785e+01 5.299526403889176862e+01 7.242429744317219331e+01 8.276591259804143874e+01
2.247884206357958492e-02 1.162038655374693086e+01 2.629430233925044291e+01 4.801578240115595975e+01 4.011171795588651179e+01 2.034584389388427184e+01 3.329406592029014433e+01 2.266659729741618534e+01 2.943442054373354111e+01 2.058044038988393964e+01 1.711191377092098165e+01 3.299751289859793957e+01 2.804221194083958579e+01 1.599773082756807874e+01 1.728301399726017351e+01 1.857751670066281946e+01 2.061170303182927555e+01 4.066341519195316323e+01 5.190878605449103844e+01 6.092135585607292825e+01 5.259612667728575985e+01 5.513429862406094628e+01 6.348814646670363970e+01 7.325448379522968878e+01 8.159731593412881523e+01 8.887874362525532490e+01 9.720339375819897043e+01 1.008493121636957426e+02 1.030768548003318159e+02 1.050728439811801707e+02 9.359543531679594253e+01 8.475208621876706161e+01 7.652918609663996108e+01 7.618596062433493898e+01 5.663978499739878458e+01 7.039195208816256866e+01 9.017393470676429956e+01
