LEM/with_lateral_4open/elevation_000347.asc
nrows	100
cellsize	150.0
xllcorner	0
ncols	100
yllcorner	0
NODATA_value	-9999
[rows 0 to 16 of 100, columns 0 to 36 of 100]
8.271705653423140625e-02 2.127631151761726416e-02 9.425194436011796739e-02 4.939197167322698090e-02 3.975871534419905817e-02 6.171646774684565184e-02 1.696294146011132625e-02 1.936121709489252440e-02 4.216450047424835645e-02 2.297044857093000214e-02 6.704298068806634203e-02 4.162315340452049650e-02 3.835349583220235004e-02 2.777463300387698203e-02 2.207885817162396139e-02 7.161913568127860341e-02 9.025521335945362045e-02 3.502399586135773735e-02 8.040414306008919487e-02 3.131346976591601466e-02 7.604099264847130613e-02 2.387740603804927586e-02 5.687112022313325910e-02 4.074439634684711570e-02 8.709178300582484655e-02 7.612946965408906586e-02 1.077918208624280109e-02 9.929772718869623455e-03 4.600412614040166881e-02 2.152795518990661267e-02 2.378824418737431057e-02 9.511189423522797837e-02 9.406546861214974686e-02 1.749038473908382007e-03 2.223905489293687143e-03 6.269637160239108220e-02 9.476101746191394060e-02
7.813061968023242432e-02 2.002127631151726206e+01 2.009425194435976181e+01 8.214357780950559018e+00 2.003975871534384368e+01 1.420385209147792160e+01 2.001696294145975585e+01 4.019361217094909122e+00 2.004216450047389131e+01 1.416510607230200591e+01 8.232008790006629440e+00 2.004162315340416356e+01 1.418050492710290023e+01 2.002703793569017421e+01 2.178734323805771034e+00 2.007161913482748972e+01 1.894766023501309604e+01 2.003502399418593427e+01 1.931661929909198250e+01 3.810958254424319236e+00 2.007604099264811737e+01 1.416601302976912535e+01 2.005687112022277674e+01 5.040744396346867440e+00 2.008709178300546938e+01 1.421826509329680732e+01 1.415576429604777964e+01 2.000992977271421225e+01 1.157115237251513884e+00 1.973295562541066062e+01 2.001780170448827079e+01 1.423738115994843945e+01 2.009406546861179521e+01 1.000174903847382168e+01 2.000222390548893969e+01 3.112667778254490258e+00 2.009476101746155763e+01
2.526786264046545702e-02 2.002526786264010994e+01 3.649862902841346113e+01 1.976136316474327970e+01 3.649862902841145029e+01 3.420385209147862327e+01 2.810184412193536474e+01 8.101844121733574156e+00 2.810184412193536474e+01 3.416510607230271290e+01 1.823200881791733963e+01 3.651817954122116561e+01 3.418223434475515887e+01 2.435368676559848922e+01 4.348038930488244524e+00 2.435370170479217578e+01 3.485177171193276990e+01 3.882513327707367523e+01 1.917891403978499199e+01 7.659963491416811543e+00 2.769550071849022643e+01 3.416601302976982879e+01 3.020472219129048952e+01 1.020472219129013425e+01 3.020472219129048952e+01 3.421826449305579132e+01 3.423406172389763924e+01 2.227659543900458416e+01 2.269945005400830773e+00 1.616851786643048072e+01 3.472980225901332574e+01 3.424427397221372615e+01 3.000174903847346641e+01 3.000174903847346641e+01 2.619873477750337543e+01 6.198734777496341941e+00 2.034087040122754431e+01
4.163169627051844027e-03 2.000416316962669683e+01 3.989009003788807917e+01 3.976136316474398313e+01 4.804563441220618358e+01 4.443177574137890673e+01 2.443177574029008170e+01 1.326582191667684185e+01 2.443177574029008170e+01 4.443177574137890673e+01 3.237417135251240552e+01 4.652213151486852638e+01 4.439403406915079842e+01 3.057453124455099314e+01 2.089096119869906687e+01 7.510253203869925898e+00 2.938471955427258564e+01 4.678271563894040241e+01 3.174494501814001524e+01 1.192404381933208768e+01 2.603355127798951685e+01 4.569757206275527039e+01 3.597822488318714562e+01 1.597822488318644218e+01 3.597822488318714562e+01 4.389718893116202736e+01 2.388290655490435199e+01 1.233410058611042359e+01 3.389730027312541694e+00 2.339914205787697199e+01 3.534185350479634025e+01 4.437778857451186809e+01 5.000174903847275232e+01 4.349122081197402423e+01 2.358036822974352731e+01 9.443163200111619915e+00 2.944316320012387678e+01
5.883922493566802470e-02 1.160584460872780710e+01 3.160584403198697245e+01 4.513030279524081578e+01 5.341455949711377826e+01 5.271604718600158179e+01 3.861104675580890699e+01 1.861104675492542171e+01 3.861104675580890699e+01 5.271604718600158179e+01 5.237757008464772923e+01 4.994687401070953570e+01 3.069021493837655257e+01 1.707371916632806830e+01 1.079739278750173881e+01 1.979682551300492932e+01 3.809201351348527709e+01 4.834194968422736594e+01 2.828394660540628891e+01 1.708887662664407614e+01 3.715859717623165892e+01 5.317097764697422235e+01 4.264489154985393071e+01 2.264489154985322727e+01 4.264489154985393071e+01 5.215665560406164758e+01 4.061390093725695749e+01 2.453269473706169990e+01 4.522007061457141930e+00 1.058416622700093157e+01 1.696159021613685880e+01 3.165734223855796969e+01 5.316365132931004922e+01 4.656226760454377001e+01 2.697544175122650500e+01 1.287313490314872944e+01 3.287888997332947127e+01
1.256007409845548775e-02 2.001256007409810067e+01 3.098816800175939079e+01 2.513030356705173318e+01 4.513030327516484874e+01 5.683173317919779066e+01 4.568211456815449623e+01 2.568211456679102156e+01 3.494097837351731073e+01 5.494097839500238223e+01 5.863016156464038175e+01 3.921409795277688204e+01 2.821180824657515274e+01 3.267519024105370562e+01 1.331516690659818636e+01 3.122086992199900379e+01 4.548554013907228466e+01 5.663363793806823310e+01 4.522213225539312020e+01 3.623540059559444870e+01 2.561614873496326084e+01 4.584114907994672450e+01 5.092916279731613116e+01 3.264489154985357544e+01 5.092916279731613116e+01 4.881963804359855175e+01 2.877189332936617561e+01 1.462307465475771906e+01 5.677730949643838620e+00 2.569021848771004102e+01 3.796854293577717243e+01 3.169097112455316889e+01 5.347641546433029447e+01 4.705078806750974252e+01 2.702148045517491681e+01 3.287888997332947127e+01 1.852999098011061818e+01
9.594114293757748102e-02 5.441165981186087741e+00 1.098816794343842673e+01 1.854745740362310613e+01 2.854745740362328377e+01 4.854745747785259624e+01 5.396638624837574838e+01 3.568211456679136973e+01 5.396638624837574838e+01 6.322525206350573512e+01 6.683482403738914002e+01 5.556018512640985563e+01 4.742038633308001039e+01 3.516316782287162113e+01 1.589137688900208722e+01 2.953521472099821921e+01 4.875023339139897871e+01 6.101245457389858728e+01 5.593844980285460622e+01 3.701699743567527179e+01 4.574972477656496039e+01 5.466024426375074796e+01 6.092916279731647933e+01 5.264489154985427888e+01 6.092916279731647933e+01 5.470475746475022305e+01 3.464372643773171490e+01 2.687080468495925700e+01 7.477633803730875606e+00 6.263792926735413324e+00 4.050763409831782269e+01 5.347641546433029447e+01 6.246865573774913116e+01 5.538213307626095627e+01 4.707119895212829164e+01 4.280419994431639452e+01 2.279401072666158967e+01
7.711341127313005306e-02 1.007711341127304294e+01 3.007711341127268767e+01 3.854745744073783698e+01 4.683173157826811206e+01 5.683173317919779066e+01 6.396638648580571385e+01 5.568211456951835459e+01 6.396638648580571385e+01 7.253679934644760863e+01 5.283728571590229706e+01 5.235814609659708907e+01 3.955132108562137461e+01 2.042380458272529964e+01 3.516316782287162113e+01 2.260675249685976596e+01 3.358295474558760674e+01 5.283165638119811547e+01 6.379913648177482344e+01 5.051937235483223532e+01 6.379913648177482344e+01 7.075316996458208507e+01 6.245176976423779536e+01 6.299233411289722540e+01 5.468594363526492685e+01 5.249809139366755062e+01 3.980374088514925290e+01 2.803766311438209513e+01 7.893021513976787418e+00 2.796908099895475530e+01 4.004380824649719983e+01 4.726484503519879610e+01 4.726484503519879610e+01 6.731507166451123680e+01 5.915261491437433250e+01 3.912997752441435040e+01 2.813928241162982502e+01
2.297228869525369793e-03 2.000229722886917116e+01 3.007711341127268767e+01 5.007711341127197358e+01 5.499275303943340276e+01 6.085097412912018910e+01 5.958196326053647596e+01 5.958196326053647596e+01 6.785844066856668633e+01 6.671010648443051139e+01 4.709093201467594980e+01 3.361639661396181822e+01 2.519029233310152094e+01 3.955132108562138171e+01 3.955132108562138171e+01 4.171841335144146257e+01 3.038136282919444398e+01 4.382174976317614323e+01 6.334446698215393923e+01 6.917487247759953561e+01 7.075353360887854137e+01 5.925620959062565163e+01 4.259128705027385564e+01 4.749810942694595894e+01 3.472624435488492622e+01 3.254480452846783578e+01 3.144683830799463564e+01 9.636551965335137027e+00 9.315273164174156406e+00 2.883596820862593546e+01 2.021687279931433423e+01 2.725474830007149407e+01 4.139699793921596438e+01 6.143108107625219816e+01 6.744635860520732251e+01 5.448391075581663046e+01 3.446420566981397826e+01
9.647730019007895452e-02 1.423861292392115452e+01 3.423861292392185618e+01 4.288558650058127597e+01 3.499214293779886731e+01 4.085011686417168164e+01 3.958338262532815577e+01 3.958338262532815577e+01 5.958196326053647596e+01 7.358782851678377313e+01 5.918937720650760070e+01 3.977227440809547687e+01 2.891572694637548580e+01 4.798042039852991536e+01 5.892941801792894552e+01 5.770087408802425699e+01 4.131228137133213352e+01 4.237573917218030317e+01 6.186748153708915510e+01 7.650958626620855796e+01 6.245177875668294121e+01 4.259128705039569951e+01 3.114899658513274971e+01 2.761363283188620343e+01 3.838814278680378322e+01 1.804885745030799882e+01 1.446793151548294354e+01 3.144683830799463564e+01 2.936581965611653899e+01 1.123529439912822703e+01 3.125362238090455946e+01 4.726484503519879610e+01 5.557778200511583577e+01 6.478127860163301932e+01 7.311472420083556756e+01 6.156477574350993365e+01 4.153706514636665759e+01
3.582433992925927735e-02 2.003582433992890444e+01 2.576202690685123642e+01 2.288558650058198651e+01 2.085000044830746901e+01 3.544125672256556214e+01 2.544126242620454903e+01 4.544083127927466137e+01 4.530377850736445566e+01 6.530372878856354646e+01 6.739637355923065343e+01 5.440070655485928341e+01 3.513881589656811855e+01 3.654963979501021498e+01 5.586649248728942752e+01 6.900733063897560271e+01 6.077884973360247045e+01 5.607254808246235456e+01 7.009916867603101309e+01 6.821496254405693094e+01 4.838498825602928832e+01 3.701096649254398585e+01 5.098531852381967866e+01 4.270067258604525762e+01 2.270854723684609411e+01 3.838871490600929803e+01 3.553061926523253078e+01 3.131772566814404613e+01 1.336971062140156086e+01 1.452568811153228268e+01 3.454463112373504430e+01 4.299895918579272802e+01 5.057601373013880419e+01 4.469200036855587399e+01 6.478127860163301932e+01 6.985973364138351371e+01 5.309634651706249286e+01
1.813270376062421294e-02 2.875275560903475469e+00 5.762026906851591690e+00 8.743450876851285969e+00 1.190572853701963929e+01 1.544126244295234685e+01 2.002957712036350202e+01 2.897384903018121705e+01 4.897383776523996346e+01 6.354977904797230082e+01 7.354972276045504032e+01 6.178761019106404717e+01 4.224536423403567653e+01 5.586649248728942752e+01 4.549037926153357603e+01 5.672742601114697436e+01 7.658439964592912474e+01 7.585768847629859124e+01 7.740666304551308485e+01 5.750785786685116108e+01 4.358637519654074310e+01 5.676612155084078637e+01 6.187948727218057599e+01 3.862182259805098283e+01 3.606627987041955663e+01 5.098787168826242322e+01 4.464874793147194509e+01 2.820509934724936230e+01 1.488592589077886608e+01 3.454462796915560574e+01 1.937643173784372763e+01 2.296859335735035756e+01 3.052901174672696527e+01 5.057601373379304732e+01 5.922075773713011415e+01 7.934022903873655252e+01 7.313286519762601756e+01
2.372884694381488524e-02 2.002372884694345956e+01 2.576202690685123642e+01 2.288558650058198651e+01 2.604786416075033983e+01 2.698826781768755367e+01 4.002957163710809851e+01 2.819454292961190944e+01 3.526561074129852358e+01 4.526561071813363668e+01 6.526558209724073834e+01 7.003699429862008685e+01 5.341195725953119222e+01 7.003699429268633025e+01 5.672742601114697436e+01 6.511997057259634403e+01 8.486397430771654626e+01 8.296485099619438586e+01 6.299379410022117298e+01 5.159743256026266067e+01 6.333608296617124012e+01 6.306119926558655919e+01 7.231299505299351438e+01 6.108396258943860602e+01 5.486969897954558206e+01 5.885095759935518345e+01 4.616234423359076544e+01 3.632038108919456931e+01 1.641535289033886258e+01 3.663169113209439587e+01 3.352670630237910387e+01 4.299895918579272802e+01 2.914130503645341363e+01 3.914802077854970719e+01 5.922075773713011415e+01 7.576238735486799669e+01 8.590002683796839733e+01
8.175220331382776484e-02 1.422388782704490318e+01 3.422388782704560839e+01 4.288558650058127597e+01 4.604786416074962574e+01 4.698825430453702268e+01 5.527242583296912670e+01 3.974154827038355364e+01 5.526559640768724080e+01 6.354977904797230082e+01 7.354972276045504032e+01 8.150657324656570779e+01 7.322896486883969658e+01 7.373259596554142092e+01 7.658439964591653393e+01 8.486397428702828449e+01 9.331217668424056910e+01 9.126238187220991449e+01 7.848266614075481584e+01 5.854760475250127172e+01 7.848266614075481584e+01 8.227910578701482791e+01 7.080983379757236662e+01 6.230445312058786556e+01 5.282230702321236748e+01 3.833347521592021678e+01 3.886849503067726630e+01 1.862398285376441365e+01 2.801420704837217102e+01 4.509088558975146555e+01 5.358420369505529379e+01 4.918438926626330954e+01 4.330164240183165703e+01 3.730999407488011599e+01 4.732630174348916796e+01 6.742671855750543841e+01 7.776804683400034435e+01
9.124702163186203252e-02 2.009124702163150644e+01 2.885889239757090863e+01 3.420411723581979402e+01 3.997761992771614814e+01 4.664428659438293323e+01 5.492855784184513368e+01 5.974152644835988468e+01 6.802568912067417273e+01 7.265118788729675714e+01 6.440885308359011674e+01 7.265118788729675714e+01 6.667141227471135778e+01 5.084336938994571398e+01 6.667141227471135778e+01 8.105659482241686931e+01 8.931657647040044878e+01 9.483921228374765633e+01 7.480661628143721487e+01 7.848266614075481584e+01 8.677977173556205059e+01 7.618527889163318889e+01 6.228650785383477029e+01 4.169948685169421765e+01 4.434377843340574543e+01 2.401698826961622046e+01 2.176672018399921171e+01 2.086005462705248803e+01 4.113541256890557207e+01 4.840334652741761090e+01 6.889389033363120518e+01 6.928049355954949817e+01 6.338659653038209996e+01 4.487825975500090436e+01 6.497076227941740001e+01 7.576238735486799669e+01 8.590002720753936671e+01
2.239863785106879432e-02 4.386756442570935555e+00 8.858892397570553356e+00 1.420411723581908703e+01 1.997761992771544470e+01 2.664428659438222979e+01 3.664428659438257796e+01 5.078642221811402635e+01 7.078642221811544744e+01 6.275358660030710922e+01 4.465654393725239402e+01 6.030985556332442599e+01 5.455566285715897124e+01 3.709228219975762642e+01 5.723632517375412476e+01 6.108588579331095048e+01 7.779144526286451367e+01 9.190335835363725892e+01 9.483921228374765633e+01 8.470875590551359835e+01 7.630511162155922023e+01 6.795170174167168398e+01 4.752030522351471120e+01 4.771881738045522070e+01 2.732844201317501032e+01 4.434377534645864216e+01 4.205658001870199314e+01 2.312462923197903919e+01 4.343512991414173996e+01 5.526749333483000015e+01 6.714108501412589192e+01 7.558434213378873778e+01 7.330647255420784347e+01 5.646383948717085843e+01 7.330647255420784347e+01 8.274618892867381703e+01 7.456878426698524720e+01
1.766589122093755945e-02 2.001766589122058093e+01 2.885889239757019809e+01 2.518882401612536626e+01 3.997761992771614814e+01 4.664428659438293323e+01 5.492855784184513368e+01 6.492855784184648371e+01 6.695256163631484014e+01 5.453269851042120564e+01 3.488291176433079244e+01 4.434966256772992921e+01 2.916382175729721027e+01 3.307788980811895385e+01 5.283860216817348743e+01 4.953100822093218625e+01 6.367953217209179684e+01 8.282208968312831132e+01 9.279599528114862039e+01 7.630511380846597547e+01 5.573606407882432023e+01 6.174951230860163776e+01 5.125669754724813032e+01 3.084171275890511055e+01 4.771881744560056404e+01 5.620236823130113635e+01 5.191198660504512929e+01 4.343512991414170443e+01 2.641309308667331379e+01 4.678369559138887723e+01 4.656815009678263806e+01 6.064104135717777666e+01 8.113186256785753869e+01 7.659143492165900113e+01 8.492617055544887705e+01 7.456878426698524720e+01 5.424452213725348315e+01
