LEM/with_lateral_4open/elevation_000024.asc
nrows	100
cellsize	150.0
xllcorner	0
ncols	100
yllcorner	0
NODATA_value	-9999
[rows 68 to 84 of 100, columns 37 to 73 of 100]
7.826560058680271936e+01 8.409298705448199485e+01 7.878179257376116595e+01 7.395893790221360575e+01 6.998897352281643691e+01 5.008289067285947027e+01 6.670650558257776197e+01 5.939399732456827508e+01 7.928957158695202168e+01 8.807335824597642215e+01 8.905608427031613417e+01 6.918459865720792834e+01 8.905608427031613417e+01 7.602621077736174016e+01 5.604562051691849689e+01 7.602621077736174016e+01 8.776313747520555353e+01 9.601106264709375182e+01 1.074962384827136361e+02 1.017273149860381380e+02 8.154263453504323422e+01 8.154263453504323422e+01 8.947951795085808158e+01 7.265724138746820415e+01 8.947951795086034110e+01 8.236169021587767247e+01 6.326322652970394955e+01 5.390824753401699354e+01 3.396097807101993027e+01 5.211733805965418043e+01 4.951661070568021472e+01 2.952210202660646488e+01 4.804247756512937428e+01 5.632696546654450032e+01 6.796420864194647038e+01 5.396790243461687453e+01 5.979694872211513967e+01
7.172934358624189599e+01 6.422031699310012698e+01 5.889665334596669055e+01 5.405027704811192280e+01 6.749332582209370912e+01 6.027147092448206678e+01 4.675074216953794348e+01 6.357107759933151669e+01 5.991786240632787042e+01 7.982602113688032830e+01 8.306460592435021795e+01 6.315665770004549273e+01 8.306460592435021795e+01 7.231590831192042401e+01 5.231913520782644156e+01 6.648301483794654132e+01 8.639775884466565969e+01 8.975637804352054161e+01 9.800658111926506422e+01 1.101234549223828054e+02 1.017273149860381380e+02 1.017273149860381380e+02 1.010851720419978363e+02 9.269840397728863479e+01 8.805449146501577218e+01 7.683554454112524468e+01 5.764146752068101165e+01 4.378489866131202035e+01 3.488380735693248624e+01 3.214337837451751057e+01 3.105416411116615905e+01 3.966564817978520807e+01 3.617946437978244489e+01 5.607847087094062744e+01 7.168603545010965661e+01 7.388559806668574481e+01 7.969803498210829673e+01
9.160544861846074127e+01 8.409298705448199485e+01 7.878179257376116595e+01 6.749971538908803836e+01 4.753593120320547882e+01 6.161058972508384812e+01 6.058860138481492896e+01 4.356233133224439769e+01 5.515510580373257454e+01 7.506750887174570153e+01 7.774398295799429093e+01 5.779488340429992377e+01 7.774398295799429093e+01 6.883491692323990208e+01 4.884943603803414902e+01 6.865450893842648838e+01 7.349912262984784661e+01 6.984538785272177108e+01 8.614076012491464951e+01 9.438876502505017640e+01 1.043350882545810379e+02 1.005590652980686031e+02 9.199294085011115385e+01 9.199293920570895011e+01 7.954755384161666143e+01 5.940829907621992589e+01 5.887418610244102268e+01 3.901774128374064787e+01 5.464644052905271110e+01 3.528702930843883223e+01 5.103288096952941544e+01 5.731448852374383307e+01 5.607847087094062744e+01 4.341870030588918894e+01 6.336014857676572376e+01 8.065057584309813876e+01 9.225870922173396593e+01
8.719744711761100575e+01 7.894870331444212752e+01 7.708053987019934539e+01 7.574379056329225079e+01 6.161058865789811989e+01 4.154984673162870479e+01 4.050698397054199518e+01 5.475003439083777579e+01 7.177509441711389115e+01 8.331331594427878429e+01 7.290561562801605078e+01 5.293500607970322136e+01 7.290561562882700741e+01 6.545675408261637074e+01 4.549037174355283497e+01 4.868116680096903792e+01 5.352426866480392675e+01 5.957174892662850141e+01 6.625162161727247678e+01 7.620263784068265522e+01 9.607888240914651590e+01 9.199294090588260531e+01 7.152756776713462727e+01 7.152756776660250182e+01 7.264932520062072285e+01 6.310393925483145949e+01 4.326463653202079485e+01 5.887418610244102268e+01 5.940507143514542321e+01 3.965905654699899685e+01 4.177104017832309779e+01 6.149542545138221783e+01 7.168603551876252311e+01 6.336014857676572376e+01 5.230657521274195432e+01 6.382470557790651355e+01 8.388451958419067012e+01
7.320776591374365694e+01 5.904789249673962814e+01 5.715919823179066128e+01 5.890238975599277182e+01 5.767507766200760955e+01 3.750122144662697821e+01 5.767510334860479304e+01 6.882256884341671821e+01 8.279233308751776121e+01 8.253386749658749011e+01 6.260220187956674209e+01 4.846689744234323172e+01 6.267429861994455820e+01 6.217430104588785156e+01 4.220648839244478268e+01 6.217430104588785156e+01 7.349912262984784661e+01 7.951104728903392527e+01 8.614076012491464951e+01 9.438876502505017640e+01 1.043350882545810379e+02 9.568747353234506647e+01 7.752173671302284674e+01 5.743226967701868091e+01 5.269571463941168332e+01 4.820079804823794944e+01 5.070802129715433182e+01 7.063601161261367167e+01 6.392218594527766840e+01 4.423296791620666824e+01 6.149542545138221783e+01 4.877220991277762607e+01 6.845386647022580462e+01 8.064930890925573692e+01 6.382470840784210253e+01 8.065057584309813876e+01 8.689216548709156029e+01
5.329337156775822848e+01 4.749145937519404725e+01 4.294919523067170530e+01 3.875186925742416832e+01 5.331362326548322272e+01 3.562506636948833716e+01 5.586343526001399340e+01 7.002765416276284327e+01 7.070636339455812447e+01 9.061905534304796106e+01 7.669288351330676790e+01 6.267429861994455820e+01 4.268897434915438538e+01 5.723498230801621389e+01 3.957139132800408277e+01 5.957471326184993643e+01 7.342554394816340846e+01 8.493703456632556481e+01 9.559486355660526158e+01 1.038465619902206214e+02 1.017316407412156565e+02 8.107273817632953694e+01 6.675498256240966555e+01 7.662847575736434180e+01 5.656094757716279986e+01 6.807165299035362693e+01 6.054543213236389221e+01 7.910578173919806488e+01 6.868842975764859204e+01 4.903670308179658122e+01 6.868842975764859204e+01 6.845386647022580462e+01 5.645924368232344648e+01 7.619084768730203905e+01 8.388545976546033955e+01 9.226791718691129063e+01 8.689216548709156029e+01
6.380701948652185251e+01 6.745897779292201335e+01 6.299402410734663249e+01 5.331364051189710551e+01 3.298883564135252300e+01 5.101403767990542804e+01 4.164708832999616561e+01 5.072494392400478347e+01 6.487451445668980909e+01 8.478569219408592517e+01 7.321952416757532944e+01 6.497745994113394374e+01 5.723498230781351026e+01 3.717218474268535999e+01 3.694622990941194018e+01 4.519050050840051114e+01 5.673975637299253094e+01 7.668651408825817839e+01 7.571441494835714536e+01 9.236166105330183029e+01 1.040046447566022181e+02 8.332966031060624346e+01 8.107273817632953694e+01 8.338207835621676622e+01 6.312127055965945743e+01 8.338207835621676622e+01 7.471748212496527231e+01 8.925677400770889847e+01 7.394426355580642962e+01 5.427873420127273363e+01 7.394426355580642962e+01 8.452178354622566303e+01 7.619461296952721341e+01 6.566927131670949791e+01 7.707490459591349463e+01 9.720134921338394918e+01 9.502518126213789174e+01
8.370832958711591232e+01 8.335391016637737494e+01 7.512405993938152449e+01 6.020229361658950751e+01 4.623924974050449066e+01 3.062609931759899595e+01 4.877678210912395684e+01 5.704589549096614576e+01 6.097350791019220395e+01 6.924396762829894669e+01 6.477107427660926930e+01 4.497066132379812586e+01 5.080067625164172540e+01 3.339624902727718592e+01 4.111867090402324720e+01 6.113899849152619481e+01 7.342554394816340846e+01 8.411688120102269295e+01 6.424513438592644832e+01 8.411688120102269295e+01 9.566084867407543868e+01 1.040046447566022181e+02 1.017316407412156565e+02 9.192989414511507107e+01 7.312195475886259999e+01 9.192989414511507107e+01 9.523386346282347859e+01 8.543371433250653979e+01 6.553340183620048265e+01 7.394426355580642962e+01 6.810171621486803417e+01 8.804942058510697223e+01 9.394992793930323671e+01 7.707490486921592776e+01 9.394992793930323671e+01 1.055903630635673096e+02 1.136287496978869598e+02
8.659543671479335103e+01 6.672642920418601875e+01 5.519122227404306358e+01 6.352153467856135194e+01 5.275412441089486038e+01 3.242796133004414827e+01 2.835473322995344958e+01 4.668703734445330866e+01 4.080035287306076697e+01 6.097439511253091382e+01 6.159577698716119443e+01 4.380667924914768463e+01 3.054053581681444385e+01 5.080067626056455055e+01 6.113899849152619481e+01 5.529517741696755451e+01 7.524723058580737245e+01 7.660606688828201527e+01 5.669893039930116885e+01 6.752527158480106095e+01 8.159306012943822850e+01 9.048965599012639416e+01 1.019748970502852501e+02 1.022162977603881870e+02 9.364220195357097509e+01 1.022162977603881870e+02 9.855083132263546020e+01 9.380661624219899863e+01 7.952940469899213838e+01 9.380661624219899863e+01 8.804942058510697223e+01 9.642653337519566037e+01 9.699417809080387087e+01 9.720158925913496262e+01 1.055919717372023854e+02 1.163960134230690073e+02 1.048867420598255791e+02
9.482516012434707875e+01 7.770216233036227038e+01 5.778108120847416984e+01 4.353438732597091843e+01 3.854792508820874986e+01 5.277383752796524874e+01 4.670858871995368844e+01 2.628233767412685040e+01 4.468113332844458085e+01 5.300246590492412224e+01 5.458211912738691041e+01 4.628786225439208124e+01 2.861498641918376151e+01 4.303456700971565851e+01 6.308646333369711812e+01 7.524723058580737245e+01 8.349860621435254870e+01 6.997035472528840216e+01 4.999460033428641026e+01 5.340336689373747703e+01 6.235614964832563345e+01 7.384191688003394916e+01 9.372496558601365280e+01 9.532467920657357752e+01 1.035930405394374247e+02 9.272653296848228877e+01 7.862847787254688114e+01 9.272653296848228877e+01 9.968797872618686995e+01 9.590632908619033969e+01 8.763969462895742879e+01 9.117193055815056368e+01 7.707783204757630813e+01 8.703600506921429769e+01 9.529999645091614013e+01 1.081406180103571160e+02 8.820417127189612927e+01
8.659543703955776550e+01 6.672642920418977042e+01 5.519122227404317726e+01 6.361583078050372109e+01 4.873570573953513474e+01 6.698267461213987417e+01 5.501928824617773728e+01 3.876237574321712742e+01 2.427148338378580306e+01 4.268461546579217014e+01 4.372818055556943051e+01 2.597101860820507113e+01 4.040192382294871720e+01 4.890763135198263001e+01 6.892954648347362934e+01 7.756806318502594877e+01 7.456200774446138269e+01 6.394743815990222657e+01 4.387277541239022582e+01 6.394743815990222657e+01 7.617902396517870045e+01 8.613535536558597983e+01 9.208893117263163219e+01 7.541384264559091832e+01 9.208893117263163219e+01 8.382663237901695652e+01 6.458257615669643315e+01 8.382663237901695652e+01 9.711140015459888275e+01 8.763969462888137230e+01 6.774830144682360356e+01 7.357435562267747287e+01 6.303342382730261306e+01 6.714693575726872155e+01 8.703600506921429769e+01 1.000664261270325426e+02 1.048867420598255791e+02
9.482518926119290370e+01 8.335391850376707623e+01 7.512406001727713090e+01 7.676478439376730023e+01 6.872419372171417251e+01 7.692334577989291233e+01 6.724255215580913614e+01 5.300232131568562721e+01 4.268461364430375937e+01 2.230425469913930669e+01 2.341979018185184458e+01 4.372818055556943051e+01 5.458210675467533690e+01 6.876223359388285417e+01 7.171241650908312693e+01 5.761008578510891454e+01 5.455482729128690522e+01 5.455482729128690522e+01 3.959590880071766605e+01 4.791668770256320897e+01 5.797459756971185385e+01 7.789210166023190141e+01 8.382915235829955236e+01 6.395148668676721115e+01 8.382915235829955236e+01 7.557253590058240889e+01 5.570371107176931957e+01 6.894959429097804104e+01 8.793011166670322609e+01 8.535398981063283941e+01 6.546238032806850526e+01 5.370415534533665181e+01 5.310256483963979690e+01 6.198570731364878839e+01 7.190981799125972884e+01 8.597041098595747144e+01 1.058998280175380131e+02
9.020060622690195373e+01 9.846431536059083101e+01 8.546377815546199486e+01 7.531557259060116394e+01 6.693178439514974798e+01 6.023184086501556322e+01 5.414674155233752373e+01 4.890109497813945438e+01 4.128258222653757770e+01 2.092921690616172370e+01 3.618746539826700115e+01 5.061254402094476035e+01 6.350823475395296214e+01 7.223682074571030398e+01 6.168176198123747156e+01 4.334144116356636545e+01 5.001939047447052644e+01 3.427173723117348914e+01 4.344426740249599561e+01 5.510975007614473498e+01 7.506411556044277233e+01 8.613535536558597983e+01 7.680133626304986194e+01 5.693229437641231527e+01 7.680133626304986194e+01 6.894959429097804104e+01 4.907288009203056589e+01 5.978791557088668895e+01 7.967239568196150401e+01 7.951906736752512472e+01 5.963990991459168356e+01 4.557784686340103519e+01 6.546238032828081543e+01 7.418104837841056565e+01 8.244677643247716503e+01 9.136412471599118135e+01 1.029230584972039111e+02
7.023229640331901180e+01 9.020060622690195373e+01 7.698494960962607081e+01 5.692969539012955948e+01 4.686605708458635178e+01 4.006144332183864520e+01 3.384294935426082418e+01 2.851132706429859098e+01 2.405391757361873317e+01 1.985357924977484956e+01 3.869162354444696206e+01 3.497730150122965398e+01 5.521846137713605884e+01 5.227763977435288467e+01 5.339854159517154386e+01 3.310060313792063624e+01 2.965709649153662042e+01 5.001939047447052644e+01 6.283075111412084368e+01 7.179652145356105564e+01 8.330869079487419526e+01 8.487164899182243971e+01 6.498631535113842972e+01 5.093649355113108612e+01 7.081059472833788959e+01 6.343678565774353473e+01 4.354573454186200365e+01 6.343678565774353473e+01 7.502036110518953649e+01 6.524270017096220897e+01 5.699817238681513487e+01 4.166630647909197904e+01 4.767706034080659805e+01 5.431067990022038572e+01 6.319145304753738657e+01 7.465375328880659822e+01 9.458058969817251693e+01
6.941936299883856520e+01 8.938948766336631024e+01 8.545357318822540549e+01 7.532267157527871859e+01 6.693178439514974798e+01 5.414674155233753083e+01 4.520842685520923254e+01 4.890223911803107626e+01 4.427584211293677896e+01 2.600580535045307684e+01 1.838520799575756826e+01 3.722036342779453832e+01 4.498935965478353438e+01 3.805185952646902336e+01 4.183876220559363190e+01 2.533842842711806043e+01 3.981280161797538142e+01 5.001939047447052644e+01 7.008826619132103986e+01 7.636824880558356199e+01 8.467185699466890014e+01 7.973727792354594612e+01 5.985604579861055896e+01 4.579364883486349669e+01 5.905063219139472608e+01 5.887346556853670876e+01 3.896855957204189025e+01 5.887346556853670876e+01 6.094892026882125435e+01 4.687747943245291538e+01 3.708747756615520785e+01 5.699817190377525833e+01 6.755696700554827316e+01 7.418104837841056565e+01 7.803372843237659140e+01 8.608383467327581684e+01 9.429790040333020329e+01
6.941936299883856520e+01 8.676133199819440733e+01 7.849917676875281813e+01 8.676133199819440733e+01 8.251823335143375004e+01 7.363295297981861154e+01 6.533781889322366965e+01 5.242613526914200150e+01 3.860208831208116464e+01 4.581463062643751272e+01 3.722036342776248574e+01 1.694267705399496293e+01 3.497460230690708727e+01 3.822393158888786502e+01 2.147591632113536164e+01 3.326709988961523123e+01 5.354787068025031971e+01 6.827345032897721921e+01 6.904216895518753461e+01 5.656645886454156624e+01 7.319787625523824204e+01 8.467185699466890014e+01 7.052944310203295686e+01 5.064755939433152321e+01 3.914651548160036043e+01 5.330480862120391805e+01 3.471055488433766101e+01 4.875588243394217614e+01 4.867850245177686475e+01 3.277840335986443421e+01 5.270411156178517587e+01 6.524270017096212371e+01 7.744923041482454096e+01 6.938432317460588195e+01 5.866842439583795255e+01 6.685316495070793508e+01 8.450781033340901160e+01
6.210574631510185384e+01 6.787318760734626721e+01 5.857805319035263381e+01 7.270589327329834362e+01 9.261591454383712119e+01 8.767288865926269636e+01 8.052750741201234064e+01 6.647682134057713199e+01 5.822567931391619567e+01 5.405331667156719533e+01 3.618832406277330449e+01 1.592813696394181555e+01 3.474833257980212409e+01 1.792615536772035512e+01 3.823526086619123276e+01 5.017258514062477559e+01 6.183564471746414171e+01 6.336629392564128693e+01 4.941380727663848660e+01 4.538996256472012902e+01 5.656645886454156624e+01 7.636824880558356199e+01 7.877828319804896751e+01 6.729396329567705948e+01 5.330480862120391805e+01 3.338132559405925548e+01 4.788232336376891141e+01 2.881347566068559374e+01 2.873575813020853076e+01 4.867850245177686475e+01 6.094892026882125435e+01 7.058503520728037017e+01 6.250830962292281612e+01 4.991996559403259681e+01 4.737405375486078185e+01 5.716911985044391287e+01 7.646015108227121004e+01
