LEM/with_lateral_4open/elevation_000226.asc
nrows	100
cellsize	150.0
xllcorner	0
ncols	100
yllcorner	0
NODATA_value	-9999
[rows 68 to 84 of 100, columns 37 to 73 of 100]
6.552540214238516114e+01 7.669685662226518730e+01 6.166022729334519425e+01 8.190817033426866089e+01 9.724119567947036558e+01 9.757174208738834409e+01 7.759178407507391739e+01 7.759105566677966692e+01 6.672626234444109627e+01 4.636004417162968139e+01 5.471888541586865529e+01 6.384159353447935814e+01 7.554752141009166166e+01 9.565432450651319130e+01 9.435247155536900721e+01 7.424361685547913225e+01 9.435247155536900721e+01 9.639556963145615498e+01 1.164436503627754149e+02 1.070456853683553504e+02 8.722682968108310320e+01 7.291727854626635974e+01 6.271355482576190354e+01 5.385958226081521616e+01 6.772082661770424750e+01 7.041893590312170659e+01 6.303742571806217398e+01 8.312073761200109345e+01 7.550746865367260341e+01 5.532252628355035995e+01 4.519445753336918159e+01 3.798944756934344724e+01 5.456398973883977277e+01 6.291141022475631672e+01 4.847023251264738519e+01 5.373081830757108435e+01 7.391861427218390190e+01
7.669685662226518730e+01 5.640921336029837363e+01 5.485871656220117387e+01 6.873938824703309081e+01 8.875274768281325066e+01 8.088887223388877601e+01 7.255542334856707498e+01 6.961913387797120834e+01 6.125741762054492057e+01 4.403467533758457364e+01 5.426846382325443585e+01 6.864905248157501205e+01 8.881546739859332718e+01 9.206563341864608674e+01 8.799352301428039880e+01 6.782536897054797009e+01 7.627969960935041627e+01 9.639556963145614077e+01 1.039084321369576287e+02 1.065532084603410823e+02 1.012574050459258075e+02 8.817954928135216619e+01 6.800431856040056289e+01 7.391350682656413085e+01 6.271352444598692699e+01 8.293097019716721263e+01 7.730263892726618735e+01 9.129447570123146249e+01 8.381729092028973582e+01 7.374287026881307838e+01 6.110063991032500041e+01 4.085695427462466967e+01 6.110063991032480857e+01 7.699971464114842945e+01 6.016310940797867346e+01 7.391861427218390190e+01 8.222498217741375015e+01
8.304694030441864072e+01 6.281300614055273002e+01 4.842278984914111106e+01 6.017853523216746936e+01 8.043373094327898798e+01 7.255542334657847903e+01 5.226477844259615324e+01 5.820777062584959083e+01 4.086231285062707741e+01 5.532002203720254840e+01 7.276607145495161433e+01 8.288292192270800740e+01 9.206563341864608674e+01 7.190620006722876667e+01 7.560552501377352996e+01 6.193375280261611238e+01 8.217150152935805352e+01 9.802754395240138763e+01 8.388171835563167633e+01 8.653894422518398244e+01 1.006780707179166257e+02 9.643076953927401007e+01 8.817954928135191039e+01 7.928903794298760488e+01 7.291650194342810209e+01 9.106811497968084268e+01 9.716687036391319054e+01 9.967354411093468514e+01 7.960454568339825698e+01 7.783796551106019024e+01 6.401863551577828559e+01 4.380216893614752394e+01 5.811069172972506891e+01 7.828167352980419480e+01 8.032186324788759180e+01 8.861525405435320124e+01 8.692029590412143136e+01
7.282162199464552543e+01 6.509041945564533194e+01 4.477389957153329902e+01 6.008883800755213400e+01 6.845562789252076641e+01 7.255542310868555944e+01 5.226477844256183403e+01 3.778757130715502655e+01 5.820777070603650571e+01 6.961905753882324177e+01 8.391761915674187833e+01 8.905143660791986804e+01 8.071438862203736164e+01 7.560552501377347312e+01 5.529067300085774406e+01 7.560550510012548386e+01 9.048645866478466360e+01 8.797952991217945851e+01 6.961117737258355476e+01 7.228622215270198126e+01 9.240098649920211926e+01 1.049058992642179220e+02 1.071586334415395783e+02 9.913571040604819018e+01 8.720485937684524913e+01 1.009955617935809329e+02 9.952299758560151588e+01 9.124321393195927499e+01 7.960454568339825698e+01 5.942813943028777146e+01 4.931647704797030940e+01 6.401863551577828559e+01 5.096190132635302206e+01 7.115960056312054860e+01 8.954282617210945716e+01 9.280970056374073351e+01 7.278468706738422611e+01
5.250684073900528404e+01 4.807139435873783384e+01 4.383559552329792552e+01 3.975383724533939755e+01 5.640674907798788951e+01 6.478074016829062032e+01 5.614975060292393039e+01 3.569822867077829898e+01 4.490217517533735503e+01 5.669006483689702947e+01 7.694126768528748528e+01 8.070361558871235275e+01 6.043648372120446055e+01 6.636876609712945196e+01 5.127783479891780161e+01 6.570164384883705111e+01 8.591370937949676545e+01 7.967895911180102075e+01 5.943009091748334782e+01 6.641822786152032165e+01 7.655409555280499490e+01 9.077838138241484955e+01 1.107724641649140409e+02 1.102738070722903245e+02 1.068044223073769103e+02 1.028069532374529160e+02 8.277796923485655611e+01 7.113114387681621054e+01 6.397183112371660485e+01 5.757137278059102670e+01 5.605504848829294673e+01 7.624698959111810836e+01 5.921874750270573884e+01 6.107530126836249451e+01 7.274848208088884860e+01 9.284885635700845796e+01 8.692029590412143136e+01
7.282162199464552543e+01 6.838857328843401717e+01 6.415214862861567724e+01 5.640674907798788951e+01 3.601580624420910937e+01 5.288373074159990495e+01 5.415816364270254724e+01 3.365845227820312147e+01 5.415816364270254724e+01 7.359870310665925786e+01 8.526393796185448082e+01 8.043329339325589444e+01 6.041751972071738663e+01 4.601560888297323970e+01 6.636876609712977881e+01 7.996410607558675565e+01 7.558574692565889563e+01 6.724568699888057211e+01 5.352778481714829439e+01 7.383383306798461376e+01 8.192356866328198350e+01 1.019789819230158656e+02 1.045288776268339461e+02 9.057346698406207963e+01 1.045288776268339461e+02 1.110753582932764800e+02 9.952299758560151588e+01 9.124321393195927499e+01 8.413252337211395115e+01 7.775715270105024501e+01 6.370513000170872431e+01 8.386773976466425040e+01 6.826966449974213447e+01 8.124389985787854584e+01 8.124389985787854584e+01 1.011292097079970915e+02 9.505747523058467152e+01
8.324325003584351634e+01 7.610823470974294480e+01 7.666456564671229046e+01 5.640674907798788951e+01 4.693339649866638297e+01 3.238233881398470260e+01 4.948261245732830105e+01 3.162179756887942261e+01 4.623177092189101245e+01 6.657339166739001257e+01 8.658143823607910861e+01 7.718751930213579726e+01 5.715462263729642700e+01 4.277527280805743004e+01 6.310771050929110970e+01 7.051666234075032946e+01 6.216202534674788183e+01 4.691102933648728879e+01 5.335984068612027187e+01 6.170053043027926520e+01 7.604059683929499158e+01 9.612631902780998416e+01 9.569343495711464698e+01 7.658875465468175037e+01 9.569343495711464698e+01 9.638964710891605137e+01 8.817644172496274280e+01 8.560210568393330277e+01 9.381603761351865955e+01 9.216067811320935732e+01 7.799025656909550719e+01 8.386773976466426461e+01 7.992555130523523133e+01 9.668577386721781863e+01 1.013036457540588771e+02 9.637079779085203768e+01 8.679908641132664116e+01
6.306237915202089539e+01 5.585884125974282455e+01 6.845468338565717659e+01 7.559969185083521381e+01 5.829046757819828883e+01 4.065759598888682547e+01 2.879901608963236370e+01 4.948259678026609976e+01 4.623177091800390315e+01 5.801869238544166762e+01 7.825932092266667439e+01 7.440985337245273001e+01 5.406908309958280512e+01 3.970424325941838362e+01 5.586219104933879720e+01 5.750147196879654388e+01 4.184713750509736485e+01 5.622617828821120156e+01 7.366754787667323967e+01 7.366754787667323967e+01 9.021975914987096701e+01 9.770881480872651537e+01 8.750894413381202241e+01 6.768318209196354474e+01 8.750894413381202241e+01 8.817644172496274280e+01 6.828320762939874555e+01 6.569685006881766753e+01 8.233642736915741978e+01 9.193592816475265295e+01 9.805723940802620575e+01 1.039105383582426896e+02 9.997686995556274780e+01 1.082486170300823289e+02 9.964950475961043708e+01 7.967602200295358728e+01 6.803973805427176558e+01
7.021285968202333549e+01 6.845468338565717659e+01 4.814924545678713486e+01 6.168620407603382461e+01 5.744293017271808566e+01 4.796728524554573880e+01 2.724374826028320840e+01 4.599651124675270353e+01 5.296117137064882741e+01 6.127135696372124585e+01 7.274388471854285854e+01 8.025224845142442121e+01 6.000633530579963804e+01 5.586219104933879720e+01 3.561056619079748486e+01 3.723246347314450588e+01 5.750147269903376923e+01 7.051677599881337244e+01 8.480737370941547226e+01 9.379139374518319983e+01 9.238395018612716569e+01 7.792469662302227107e+01 7.792469662302227107e+01 6.136985621184046380e+01 8.123948769373672008e+01 8.735813911850138425e+01 6.746146743390377765e+01 5.416480030919544220e+01 6.380808678443054305e+01 8.371714716110311372e+01 9.959464122919693807e+01 1.019593790183218402e+02 9.374370221376820211e+01 1.019593790183218402e+02 1.078884893585362477e+02 9.637079779085203768e+01 7.992097092769911626e+01
9.034092905693917430e+01 7.679228102603201478e+01 6.168620407603382461e+01 4.133886218553527669e+01 3.703983276214526654e+01 3.293319071450776647e+01 4.550483263287888036e+01 2.523475917408165969e+01 3.316923627561907750e+01 4.464204565932284652e+01 6.432530842959647543e+01 7.271447543799020252e+01 6.736857248173748758e+01 4.708567518844375854e+01 3.281599185028753851e+01 5.302639826353924235e+01 6.223897242885453096e+01 6.901266665155368685e+01 7.735710086238522365e+01 8.745981883285617187e+01 8.418854923272192536e+01 6.433981352887560945e+01 5.803955216656428462e+01 5.560361453802276088e+01 7.550361915135111701e+01 8.236068835906088736e+01 6.746146743390377765e+01 4.750509093803699301e+01 6.746146743353752129e+01 7.801442543835118215e+01 7.974347087642149745e+01 9.202744221263922952e+01 7.386761955586408135e+01 9.202744221263922952e+01 1.031826901430364813e+02 1.053478023841007882e+02 9.991567360225016614e+01
7.932719451117394271e+01 7.098971973750315101e+01 6.998231323008977256e+01 6.163717945377359797e+01 5.744293016193321932e+01 5.344155356339143736e+01 4.463014316725919173e+01 2.390010078674890792e+01 4.463014316725919173e+01 6.127135696371674101e+01 6.675727588159605830e+01 5.246280954722345058e+01 5.662859042600535275e+01 4.825519638581746307e+01 3.078589423364425670e+01 3.612338714814608664e+01 4.193112799789585665e+01 4.869165722932309137e+01 5.888501729151540331e+01 7.914031601159199170e+01 8.202521628028047473e+01 6.216528527817285266e+01 4.805243525909735069e+01 6.222892099931494414e+01 7.044859976506431565e+01 7.413372144347482617e+01 5.419368353091164892e+01 4.265808205712351509e+01 4.983363599902687469e+01 5.982142600369037666e+01 7.974347087617701391e+01 8.193186606868958677e+01 6.388481608440879000e+01 8.380566088481613463e+01 8.335280684389329053e+01 8.552290958050762981e+01 1.053478023840736029e+02
6.244809761407309168e+01 5.071227782722353794e+01 5.928253319212622330e+01 5.451139608102565859e+01 5.014068723183230247e+01 4.615026931615900452e+01 4.327630249963842601e+01 2.261557839189934782e+01 3.727527350000173101e+01 5.776408594913787198e+01 5.839438515630470761e+01 3.816556293325214710e+01 4.560055463480933469e+01 2.812536946015565320e+01 4.825519638540973233e+01 5.637659938283216121e+01 6.223899684414348599e+01 6.901266665155368685e+01 7.735710086238522365e+01 8.745981883285617187e+01 8.259893468090561441e+01 6.274384348530433897e+01 5.121949171900956799e+01 4.228315427572223939e+01 5.724247950658882900e+01 6.546960853911416223e+01 5.826499620676140978e+01 3.829493128043397832e+01 5.763838442403897488e+01 6.083598883221146991e+01 6.425919648685311358e+01 6.200938731041994600e+01 5.682125194217884712e+01 7.676257866214974968e+01 6.926355266768661068e+01 8.916084519065593383e+01 9.149353509182570576e+01
6.087929656152193303e+01 4.913943455531560289e+01 3.904031280696867867e+01 3.448229207398866691e+01 3.059171161612125189e+01 2.734669881504045819e+01 4.063656623959710146e+01 2.136606060804316343e+01 4.193838124556769031e+01 6.093218943279443778e+01 5.140628805338843677e+01 4.304125816539673366e+01 2.553004772532748490e+01 4.560055463480933469e+01 5.527182143053003216e+01 6.019343557219558960e+01 6.632074039597060278e+01 7.308879323469002998e+01 8.142229046889556798e+01 9.150866235115682912e+01 9.078898127325516043e+01 7.933960171550072005e+01 6.388945182798128286e+01 4.394853385580797323e+01 3.728412630497388847e+01 5.298734430672617179e+01 5.122712715428193775e+01 3.457993925563417292e+01 3.766717296613919785e+01 4.086952301650138253e+01 4.429778825449676560e+01 4.788681591143475202e+01 5.304495851182149124e+01 5.858583192565067321e+01 7.011754626399333290e+01 9.001049329260158061e+01 8.319773289510760605e+01
7.360982157660657776e+01 5.334797603124390264e+01 5.334797603126473575e+01 5.451139609080127713e+01 5.014068726731493797e+01 4.093509851149912038e+01 2.321867287645115496e+01 2.012484164173406498e+01 4.458589696148916914e+01 4.075992967893513708e+01 4.076285169715171719e+01 2.304833144980595350e+01 2.674292535326267384e+01 3.078305167558449895e+01 3.503400794770272597e+01 3.990110061773635408e+01 4.599876931939974867e+01 5.278463471853195443e+01 6.298009452909145978e+01 8.319749194028840122e+01 8.938731374420780185e+01 6.957160486992724202e+01 5.548109044595645400e+01 6.388945374899122243e+01 5.298734430672622153e+01 3.301835997403234302e+01 3.124411861993452533e+01 5.122712715429032926e+01 5.763838442403897488e+01 5.240568221930896442e+01 6.423164544718261482e+01 5.941981967020637967e+01 7.297477641654118941e+01 7.852529497065954445e+01 8.674874311221013556e+01 9.822257169983643621e+01 8.319773288867013150e+01
8.194243135512667209e+01 7.360982157660657776e+01 7.360982173166476628e+01 7.082571521560097949e+01 5.077117931386703731e+01 3.699873190691826608e+01 3.661321648916828764e+01 1.895361527725406603e+01 3.845353116991911691e+01 3.853752618521986051e+01 2.086146975400951575e+01 4.075994186594623159e+01 3.828562687218020955e+01 5.095710509855231152e+01 4.669503928403367610e+01 6.019343557220331320e+01 5.647548591871465362e+01 7.308879323469002998e+01 8.142229046889556798e+01 9.150866235115682912e+01 9.517448208173115631e+01 7.537549162518558887e+01 7.537549162518558887e+01 7.619972285390853983e+01 6.122048721756087986e+01 4.891964183380010667e+01 2.893256535639034155e+01 4.891964183380010667e+01 6.673124439363787985e+01 7.232985290061537853e+01 8.040254206736669573e+01 7.933484920088599779e+01 8.747597408245378858e+01 8.973378932897904292e+01 8.754957036466815623e+01 9.576083974896430107e+01 8.538969277745030695e+01
9.111274862251619311e+01 7.849463164970092066e+01 6.682066012030033164e+01 5.844549257922329133e+01 5.306411968781025479e+01 4.168571739941469900e+01 2.175464241113287400e+01 1.781778528307827969e+01 3.635149047100507147e+01 1.874029918710175480e+01 3.852894667465263012e+01 4.910403834429160241e+01 5.852446716945901528e+01 6.689488698918128762e+01 6.698792372547316631e+01 7.533755862623034716e+01 7.673641441958538678e+01 8.506563927758872978e+01 8.357710565364978095e+01 9.184934682380679760e+01 8.314846400132684323e+01 7.494895162981966052e+01 7.619972285390868194e+01 5.627621673561585425e+01 5.993224822822881492e+01 4.713903039240796033e+01 2.714933997497937668e+01 3.869907923790082549e+01 5.865732039219888350e+01 6.187222505314474574e+01 8.178081082944520119e+01 7.914766391281078484e+01 7.091877768409747773e+01 6.985260793166858662e+01 6.766015634588637795e+01 8.428878378880979483e+01 9.368471721923957318e+01
8.775450715199228569e+01 7.011972944697596688e+01 4.989935813089134342e+01 3.831023881963876221e+01 3.296340336976123098e+01 2.814457869881510987e+01 3.634616952170858184e+01 1.672483435569652244e+01 1.665176448965479850e+01 3.635149011922890594e+01 4.687785893768428025e+01 4.707613041651358543e+01 5.445496879948414204e+01 6.282265080395276868e+01 7.451905886680388846e+01 8.112438719892880101e+01 7.286056911509584211e+01 6.949332224249357637e+01 6.365962814406752557e+01 8.357710565364978095e+01 7.163045968230777305e+01 5.493523056455731535e+01 6.580309637440187487e+01 5.993224815907694847e+01 3.996602280554969866e+01 4.539250954365462576e+01 2.540077278798794325e+01 3.296442945672285418e+01 4.190842447334405563e+01 6.187222505314473864e+01 7.313969364430100484e+01 6.490332719923350169e+01 5.096778548084196103e+01 5.574220839669486338e+01 5.612971051945545042e+01 7.606641182690063374e+01 9.026956253215810477e+01
