LEM/with_lateral_4open/elevation_000249.asc
nrows	100
cellsize	150.0
xllcorner	0
ncols	100
yllcorner	0
NODATA_value	-9999
[rows 51 to 67 of 100, columns 0 to 36 of 100]
6.455108993161302877e-02 2.006455108993125691e+01 3.681296723591058395e+01 4.025055882661830964e+01 3.137599407735971013e+01 3.356155290155298587e+01 5.349772244157193768e+01 6.327756482777272140e+01 7.157867248555625395e+01 6.856030336165433425e+01 6.037723526365567039e+01 6.291403482687404392e+01 7.111270112024566004e+01 6.891897520727420101e+01 4.886495466689124356e+01 3.913599670948361364e+01 4.143907151517570497e+01 5.307079292348064570e+01 7.308494546942696957e+01 8.021170226289785887e+01 6.023489974001667946e+01 4.592249883447583159e+01 5.817720576554327749e+01 6.527305198137712239e+01 5.968356465701102564e+01 3.923408151724320447e+01 5.420824961388869667e+01 4.820033990291335613e+01 6.872269934257978719e+01 6.654164406418584576e+01 4.637739483860998746e+01 3.200437919323410085e+01 4.207096163343604189e+01 5.595065875577015646e+01 7.574523288367582552e+01 8.248379038690993070e+01 6.523639565850189115e+01
3.995603441288197999e-02 9.326962348707239059e+00 2.414989585949739137e+01 4.422065408192169400e+01 5.130869161745954443e+01 5.349775029811033988e+01 5.983065404391676623e+01 4.280202181473287482e+01 5.983065404391676623e+01 5.731508526603728626e+01 4.101525698108046214e+01 4.351746941182895512e+01 6.291403482687404392e+01 6.840145402499260285e+01 5.254493600219702643e+01 3.231264863810738319e+01 5.254493600219707616e+01 6.980800026514890533e+01 8.135496527470523631e+01 7.148116253311602009e+01 6.325143689148065107e+01 5.817720576554324907e+01 3.793290698611741618e+01 4.511431407471300048e+01 5.767283918481520288e+01 4.932571452879704310e+01 3.375821733670695579e+01 5.421601475946719262e+01 6.006360381389547598e+01 5.559610140900768727e+01 4.794437678500590749e+01 3.015170030810096691e+01 5.047891779854889194e+01 6.601210624051901732e+01 7.878591243174784609e+01 7.394737372245759843e+01 5.411581574395316352e+01
4.804567899273937126e-02 2.004412111839044286e+01 3.769285252079651372e+01 3.322710066831767506e+01 4.112404634479523935e+01 5.222816069682212259e+01 5.145600455739040768e+01 3.100685248737837085e+01 5.145600455739040768e+01 4.919859189016716527e+01 2.983171464494351710e+01 4.919859189016716527e+01 6.197061349868165081e+01 6.011965553138823282e+01 3.999118652015753383e+01 2.818452754076210098e+01 4.260840260274443381e+01 6.271837971486802843e+01 6.583997383380933854e+01 5.715730382284723277e+01 4.255709519111648120e+01 5.875578574469261639e+01 5.065105334702187179e+01 3.066881096141747065e+01 4.467958490993017762e+01 2.881791189067818237e+01 4.932566711823790229e+01 5.214069080448500415e+01 3.895240724770180663e+01 4.346876366995446972e+01 2.754089200462697917e+01 4.774475800975576334e+01 5.304281414207246570e+01 6.799673619388374846e+01 5.571100638999590160e+01 5.823866016636164034e+01 6.236679697810227196e+01
9.707512844716031930e-02 2.009704222164449305e+01 2.136398111882929030e+01 1.599037772739549546e+01 3.009026640938194319e+01 3.137261979540906864e+01 3.520389296104301025e+01 2.405178538650537590e+01 4.422613750828020329e+01 4.335925869168729463e+01 2.398024824492980400e+01 3.442517820029065945e+01 5.382160176916836036e+01 5.692919162151630275e+01 4.484998522671147470e+01 2.447654574066795163e+01 3.894473467333111927e+01 5.910652120189357106e+01 5.718458810060763398e+01 3.595939881414730621e+01 3.046399495951775194e+01 4.831025219876074317e+01 4.585556119546605203e+01 4.094544743235032769e+01 2.411688965214553804e+01 4.467958490993017762e+01 5.098684730878397886e+01 4.085824720997054271e+01 2.395746975366222031e+01 2.495170243185969738e+01 2.615190246019120579e+01 2.735805584111110633e+01 4.777025785414235770e+01 5.095198778096616365e+01 4.296417633149891202e+01 3.345797416883936393e+01 5.396639573949524760e+01
5.001202446392439237e-03 6.167026452672393910e-01 1.228678200912237006e+00 1.886485060024077498e+01 1.184090688430451443e+01 2.402979527648419023e+01 1.544131862636749553e+01 3.520389295846936761e+01 3.577849074258922712e+01 3.225688308716581076e+01 1.883063945086972524e+01 3.798022797241542037e+01 5.210802585271516563e+01 3.672353047388256186e+01 3.672580555615435571e+01 2.100468106335628704e+01 3.548617600581625453e+01 5.569855726838506627e+01 5.410310706061940067e+01 4.156796737871798086e+01 2.117564533923012959e+01 3.510112130375620865e+01 3.577913807551833969e+01 2.040728445276299041e+01 4.094544743310064661e+01 5.009202416692304638e+01 4.170360561858575466e+01 2.256426362553613529e+01 4.307233374440593110e+01 3.671168423816903470e+01 4.657911843307959998e+01 4.768724919427387476e+01 2.907498143946169122e+01 3.030639518704985491e+01 3.153970428096999257e+01 4.728709543302674234e+01 3.539249268194011222e+01
5.279685921607564503e-02 1.704216365932227717e+01 2.090578755317513071e+01 2.096917655652159151e+00 2.711965976888678576e+00 7.845564516546777334e+00 2.523504554459159266e+01 2.514661292236471013e+01 9.817100982886412197e+00 1.316417739963161893e+01 2.549101285515364523e+01 4.219507019828158434e+01 3.224466798228664999e+01 3.232963243662456421e+01 1.633520069926881746e+01 3.672580552609017701e+01 4.036641163848209857e+01 4.892310645705300942e+01 4.224773344962817845e+01 2.736442235643883691e+01 1.529025356087639942e+01 1.607192594707463229e+01 1.685885917583853910e+01 3.733191896306431801e+01 3.939496113849817505e+01 4.034933670806515238e+01 2.118746137475269009e+01 2.902869786526251872e+01 4.940519848584111884e+01 5.604401949158457796e+01 6.386864680028719476e+01 5.608570466583162784e+01 3.594789942814185935e+01 4.740533139056306311e+01 3.515032564635813372e+01 3.744031495423910627e+01 5.104785464578463916e+01
5.738623160518319517e-05 1.983054572396666160e+01 2.098026814817676922e+01 1.867470644359931597e+01 2.276397880798232976e+01 3.590482611094035548e+00 4.212887306764937279e+00 4.860605271753852819e+00 1.333673551677110325e+01 2.402169776711963323e+01 2.669104349269448306e+01 2.774069017465675202e+01 2.865826167585330353e+01 1.200642658928533990e+01 2.948935676119006288e+01 3.077171499557088907e+01 1.419276090242575172e+01 3.809261639322740933e+01 3.348204173759930313e+01 1.419951582762690379e+01 3.459495615610958907e+01 3.662296760873658741e+01 3.706588044366176149e+01 1.804499166247943620e+01 1.888951015037316594e+01 1.983583666635827569e+01 4.034933670806574213e+01 4.940519848584080620e+01 4.348432493258619758e+01 6.369945171920564775e+01 7.239364214761785377e+01 5.242756765955744669e+01 4.608474227030772141e+01 5.858735739101324214e+01 3.924606510662333392e+01 5.614885579051796327e+01 6.430777169080023725e+01
4.532054705376769438e-02 1.901687786898021670e+01 3.799278275613878009e+01 4.118685490642134539e+01 3.041438666753634479e+01 1.544939389412470909e+01 6.491744739765135108e+00 2.413096349487373615e+01 5.790464259205585940e+00 6.448721632786369895e+00 7.108427836751597617e+00 7.769565201173318947e+00 8.431731819189307586e+00 9.098765076984504319e+00 9.784250599724035879e+00 1.047111966781281289e+01 1.115833785555454938e+01 3.147262597858642152e+01 1.311755094865436178e+01 2.981066107963248868e+01 3.066693283922964497e+01 4.680456552270371162e+01 4.679844812247890928e+01 3.668464195540325790e+01 2.913811290872395432e+01 2.167952522594916687e+01 4.191670154241592883e+01 5.307557925495169826e+01 6.369945171920564775e+01 7.206502941965474918e+01 8.070608513764317138e+01 6.582475841321112853e+01 6.582561453152474940e+01 5.390564220197505563e+01 5.945300185468713750e+01 4.464715795553115640e+01 5.843411013095889928e+01
9.001595176218035732e-02 1.423221273516198870e+01 3.423389615809697517e+01 5.069818436880126455e+01 4.007282909605112309e+01 2.788811690911511576e+01 8.784853146503460053e+00 2.799798055496256666e+01 3.278690446753708443e+01 2.112704680700301196e+01 2.145380105092382195e+01 2.816015473716308648e+01 1.444694290724420682e+01 2.886808237108526853e+01 1.997366583285552721e+01 3.076974109453084694e+01 2.389734078874834466e+01 1.213172340142735450e+01 3.246949555637366558e+01 1.554266496663898600e+01 3.174079931842578262e+01 3.680532302978819814e+01 5.474671503772745496e+01 5.401239399874461355e+01 4.787135776917224916e+01 3.600914977112519466e+01 2.454060028942700811e+01 4.471428875725043639e+01 5.593841561491862535e+01 6.704883782194856678e+01 7.542193003912919380e+01 8.518218838797228898e+01 7.284551276362851979e+01 7.284551276362849137e+01 6.717381391530577162e+01 4.823138193128249895e+01 6.717381391530649637e+01
5.674351268809080251e-02 1.006278798807795027e+01 2.168193729507294165e+01 4.239228773395423389e+01 4.133551729111253081e+01 2.213403792246600688e+01 1.112032322381540439e+01 3.024969770452508655e+01 4.173338779491375305e+01 4.381133583940546572e+01 4.236987535062523591e+01 4.169546513021563783e+01 2.086194290914829352e+01 4.127362127505594458e+01 3.175119223716783523e+01 3.881172158061603028e+01 1.847671084871886649e+01 3.246949684519440638e+01 3.246950066196144746e+01 3.666783877522458823e+01 1.802315117225108665e+01 3.265858625636571588e+01 5.330180878982439197e+01 6.987083080787002132e+01 6.454584119731102021e+01 5.307501736655424196e+01 4.471346523371014570e+01 2.745377799234161742e+01 4.757393330374278406e+01 4.684982478830738728e+01 6.065517779376384766e+01 8.085672152837830140e+01 9.178107669173671468e+01 8.038644356272409652e+01 6.170096352073456814e+01 6.717381391530386736e+01 5.368040576650523832e+01
9.518805923843161321e-02 2.009518805923807605e+01 3.593418325570719674e+01 4.487845516570651228e+01 4.955781767317409958e+01 3.836313110697035711e+01 2.460194160931388296e+01 1.457575171338632458e+01 3.358395610824049982e+01 4.526974815665607110e+01 5.658882818585173879e+01 5.054834034166389500e+01 3.279745856011019356e+01 3.769067352319097353e+01 4.588257535352619243e+01 4.361259221197329339e+01 2.325113891657035836e+01 4.361285209746270652e+01 5.277206130514576898e+01 4.054305996670400702e+01 1.982735361381425676e+01 4.054305996670431256e+01 5.322293300200507105e+01 4.948142249635824896e+01 6.987086605544241991e+01 6.184517258510015125e+01 4.166324375443592487e+01 4.757334760211405467e+01 3.043964113554697448e+01 4.045732502297583011e+01 6.065517779333536197e+01 6.995183048345420218e+01 7.832180061815753902e+01 8.833040342495480957e+01 8.038644356272359914e+01 7.081485279516124365e+01 5.775498357586345577e+01
9.062254805971975413e-02 7.649912008244297290e+00 1.659418391824361194e+01 3.073631954197481519e+01 5.073631954197551863e+01 5.212790880429117379e+01 4.173339231145647688e+01 2.790968279643411876e+01 1.810610188298266365e+01 2.886287520894995851e+01 4.829706439415544139e+01 6.279745561961656364e+01 5.392152156554108444e+01 5.263894567897509802e+01 6.465563056424731769e+01 4.886559177808870658e+01 2.851859369475710437e+01 4.886667356315326316e+01 5.433381635037025603e+01 3.367599876815626914e+01 2.166889316638376073e+01 4.146733179353457643e+01 3.256921751669211318e+01 5.322293300200507105e+01 7.252651442590503450e+01 7.022293906372104288e+01 6.184529594741940173e+01 5.819081357040196423e+01 3.799214474708202971e+01 3.365854253716062061e+01 5.382833780750831210e+01 4.975280309822741742e+01 6.403606000936453313e+01 8.423376379403670455e+01 9.760255239488475354e+01 8.080172362797816277e+01 6.227386524214402641e+01
3.063233560239582431e-02 1.417276795933322120e+01 3.417276795933251066e+01 4.487845516570651228e+01 4.822368632226266527e+01 5.650795756972427597e+01 5.555710182647873552e+01 4.526977378214988335e+01 3.707673054533246670e+01 2.174562140892537343e+01 4.081665288007980763e+01 5.372654637433755909e+01 6.783135168731858755e+01 7.379627728877807158e+01 6.534684963331750396e+01 4.516283851495670376e+01 3.535004962905700410e+01 5.562498552968974508e+01 6.275299412225292883e+01 5.088253720025581828e+01 3.367599876930797365e+01 2.439921932692038098e+01 4.514741358806233507e+01 4.369242950306726669e+01 5.560117142128304124e+01 7.586840009588368616e+01 7.247326699202255895e+01 5.227515093543252078e+01 5.819104216121487383e+01 5.382833780831310122e+01 3.694676727657168414e+01 5.717684387195568974e+01 6.861020446401174411e+01 7.694598188002875361e+01 8.856609927171612640e+01 8.874918191888342278e+01 7.285690354050643691e+01
5.666595628964066211e-02 2.005666595628928661e+01 2.908155069853236441e+01 3.408155069853196295e+01 2.822368632226337937e+01 4.822368632226266527e+01 6.057949399645222854e+01 5.986738313211516527e+01 3.999519947212944260e+01 2.645570849432123950e+01 2.610212423515179481e+01 3.962174106135658747e+01 5.883190032188543483e+01 6.883809113708113614e+01 7.366462171868835185e+01 6.395023684432500488e+01 4.448181106184868128e+01 6.395023684432500488e+01 7.472698773013871687e+01 5.433384718739674923e+01 4.722163001867661336e+01 2.647946590390446175e+01 4.722163001867661336e+01 6.416711016487535346e+01 7.252651442590564557e+01 8.420327384341229049e+01 8.084895738903489359e+01 7.247326699202255895e+01 6.591203286838829456e+01 4.114177241722219236e+01 4.991250648593229045e+01 4.351722498058973798e+01 4.845459611995810434e+01 6.010274091084470172e+01 8.023261191030886152e+01 9.650008770377318967e+01 8.602770317837546088e+01
2.110006612196471329e-02 4.493236021121524537e+00 9.081550698532719679e+00 1.408155069853267705e+01 2.074821736519922766e+01 3.229522274899133549e+01 5.229522274899062495e+01 5.424522010668301419e+01 3.447607265347269845e+01 4.581562730915473480e+01 4.543941413165559595e+01 3.086870194805379697e+01 4.053630886384139131e+01 5.460262356897285940e+01 7.468898203182938289e+01 7.295390281244124253e+01 5.875941341577581056e+01 7.295390281244124253e+01 7.550841304724255565e+01 6.694383129340238270e+01 4.932653755427737963e+01 2.859560274893324205e+01 4.062127239424656011e+01 5.525298481185090083e+01 7.561933580445450787e+01 9.339256101694047629e+01 9.680147816510282155e+01 7.650598125911272973e+01 6.431242956131276856e+01 4.418893656575843920e+01 6.232525734356751457e+01 6.372146139772027595e+01 6.271389537159342353e+01 5.797179264621999550e+01 6.802628088704254594e+01 8.817051595437725098e+01 1.052389588686518351e+02
9.367352646185668485e-02 2.009367352646150096e+01 2.908155069853236441e+01 3.408155069853196295e+01 4.074821736519851356e+01 3.489035298892967774e+01 5.489035298892896719e+01 6.089894480858701087e+01 4.093777070287496400e+01 6.089894480858701087e+01 5.883190032188543483e+01 4.207243337895148017e+01 3.690774163841044242e+01 5.680223260370127036e+01 7.106492508799868801e+01 7.944000860391173546e+01 7.883700228418773293e+01 8.188241671884902928e+01 6.075606660751326160e+01 4.471413221901153179e+01 5.148668718781014775e+01 3.076719490189876893e+01 5.148669476280375079e+01 6.855747579501185385e+01 6.484633107302961719e+01 8.507017616945584848e+01 9.086226319418373976e+01 7.055943070325012911e+01 5.626850181479813529e+01 4.733001158495693517e+01 6.152105364301733914e+01 8.178253192897260249e+01 8.284138031186448359e+01 6.958437335669400170e+01 8.643307669786898373e+01 9.650008808730615328e+01 1.020906015989030919e+02
3.648181865326004941e-02 2.003648181865290567e+01 2.532429515551591592e+01 3.946643077924636600e+01 5.946643077924565546e+01 5.489035298892896719e+01 6.317462423639057079e+01 6.925223480173322343e+01 5.086512343096947575e+01 6.925223480173322343e+01 7.039628108480732749e+01 6.203851233956726219e+01 4.678019937243877280e+01 4.434327866471020485e+01 5.098797146167085970e+01 6.516670535753188176e+01 8.530448715514813784e+01 7.923342131429258473e+01 5.794722699391924436e+01 5.746506023545410358e+01 3.638544054597787181e+01 3.318425747958730199e+01 5.389417361885112712e+01 4.807687325943197010e+01 6.262931068575928606e+01 8.286933240175639526e+01 9.546940071217824197e+01 7.516016549456800533e+01 6.082465199151475588e+01 5.079672006469611034e+01 7.096663545741606072e+01 8.449291980611185693e+01 9.288788566016900461e+01 8.972877294559536665e+01 9.805696273184975098e+01 1.013817707107759531e+02 9.263211043425197033e+01
