LEM/with_lateral_4open/elevation_000053.asc
nrows	100
cellsize	150.0
xllcorner	0
ncols	100
yllcorner	0
NODATA_value	-9999
[rows 51 to 67 of 100, columns 37 to 73 of 100]
8.323521342286304048e+01 6.906324842497208749e+01 8.135613041962868408e+01 6.861715247998309053e+01 7.341174369410651934e+01 8.880379098014896044e+01 8.306348969650849767e+01 8.072181299897567897e+01 9.748150275261370723e+01 9.083113133339713841e+01 1.050023112453675793e+02 8.817161248228700288e+01 8.972128589626369433e+01 1.097762915091606430e+02 1.215222955480337390e+02 1.057639598914968531e+02 8.586014420646520762e+01 9.581205199635866165e+01 9.113062053679196595e+01 7.429662658625073846e+01 8.267958035134448380e+01 6.747144934623212009e+01 6.435116922793845617e+01 7.320206522938590865e+01 7.308947235821452182e+01 9.035147263980304899e+01 7.834159966173415057e+01 6.489901843745923316e+01 4.492117546905477354e+01 3.656434360567089215e+01 5.484808750292091162e+01 4.899190339059794752e+01 6.898667729977525198e+01 7.316626695606652220e+01 5.321981482372268601e+01 3.894094174086121285e+01 5.403164145027970733e+01
7.322698085892899655e+01 5.492769709877123319e+01 6.131131963189882583e+01 5.702048662240574117e+01 7.203084209546683780e+01 6.875217716152619118e+01 6.889100846206414985e+01 6.916098241809606861e+01 8.336213251818833214e+01 7.669362843141718145e+01 9.034929313931910144e+01 7.818837498154877608e+01 9.232276813144645189e+01 1.123804395197022359e+02 1.260300224794607686e+02 1.140016316403586671e+02 9.476299614564516105e+01 1.081892399856954654e+02 8.830775644408936387e+01 9.413090815220901675e+01 8.144844343958941124e+01 8.726528350495641462e+01 7.420062426826325463e+01 9.221328050851043656e+01 9.258073454000883373e+01 9.241245315690225937e+01 7.302615654442777782e+01 5.909360168853687867e+01 6.065620850930940833e+01 5.296528153612824497e+01 3.461609569198332537e+01 5.484760089327748034e+01 6.176301155257495878e+01 6.061351081560795251e+01 5.781052339180637745e+01 4.951534419821003752e+01 3.383415301326822799e+01
6.187871584927027868e+01 4.514875454343443550e+01 4.730119491425880796e+01 4.952856537070876897e+01 5.197830023958831447e+01 5.452965379446159488e+01 5.725661033906047948e+01 6.014433060359758088e+01 6.331003102863407861e+01 6.668068473550049191e+01 7.035379823274251976e+01 7.612314503136680344e+01 8.610060724776381846e+01 9.766011586848961201e+01 1.177354562451049418e+02 1.228990411748646636e+02 1.062652576542355973e+02 1.164271803278068660e+02 1.081892399854711613e+02 1.095424634519830676e+02 9.548639427310038741e+01 1.005216046785246675e+02 9.376205338814389734e+01 1.018124870987594335e+02 9.262965040421212848e+01 8.431850454821174878e+01 8.672184631978974778e+01 6.785575390163235454e+01 4.714979048813955842e+01 3.270853851476103813e+01 5.096688906642589245e+01 5.575177835078306998e+01 4.165454039309251044e+01 4.048096071910232041e+01 4.521341076433130013e+01 2.929410883080847938e+01 4.951534419781616236e+01
4.221340377956222056e+01 5.603049674860372420e+01 6.718230878402357575e+01 6.102535260834621056e+01 7.203084209546685202e+01 6.614875545710205529e+01 7.736102526456059536e+01 7.436467041352362628e+01 7.490265708842420622e+01 8.669689204219558576e+01 8.188619513519256543e+01 9.612155441579861304e+01 8.764928774789635213e+01 9.921325607655398926e+01 1.192879081323083170e+02 1.343746665853594777e+02 1.261367223725517306e+02 1.282077693385395776e+02 1.198273567449011097e+02 1.198273567449006549e+02 1.153638889809003274e+02 1.086251096850077289e+02 9.599867579167852227e+01 8.732993384703750905e+01 7.983945161267338619e+01 6.433658652266660738e+01 6.800333679997605429e+01 6.363031180696471267e+01 5.943662859000993848e+01 5.108552800836842778e+01 3.083085622226872502e+01 4.754687254522144713e+01 2.731059360592275809e+01 2.615237436661816162e+01 2.500558402996361451e+01 4.266070243522189287e+01 4.260999192498714194e+01
5.893076093317898057e+01 7.016339511964942233e+01 8.429629349150255280e+01 8.108713441042648640e+01 8.938615960418673012e+01 8.620414611970676333e+01 9.450106955178050328e+01 9.439193494877534363e+01 9.492292088424481733e+01 1.032180219107674191e+02 1.019005742444399232e+02 1.101615947183207851e+02 1.076977990437491144e+02 1.160003665026811177e+02 1.275821174962370605e+02 1.402694090652798593e+02 1.380576719356495232e+02 1.198273567449011523e+02 9.953008745505316313e+01 9.953008745505316313e+01 1.107501419148222794e+02 9.984804312004322924e+01 7.863077162536578157e+01 6.687297347614065757e+01 5.983522796183792281e+01 5.381770516217133604e+01 4.799976487283416304e+01 4.355106655526135029e+01 3.927343087557331103e+01 3.516993063268511577e+01 3.202407505002651789e+01 2.897238961569716764e+01 4.572813333915634360e+01 4.340014623892113121e+01 4.368190330154351386e+01 2.349757194419612460e+01 2.243611347546671198e+01
4.262433240758659991e+01 6.230616787107971533e+01 6.857489556490185123e+01 7.182391058047697641e+01 7.517056349685013572e+01 7.883759537189409627e+01 8.269810808764133014e+01 8.687399618642623977e+01 9.158950973844889631e+01 9.675571920094550649e+01 1.025381159230585553e+02 1.092251116675404745e+02 1.175234580276250114e+02 1.275534152867269171e+02 1.402694091943552053e+02 1.200653604152715701e+02 1.178559165308504362e+02 1.198273573581686122e+02 9.953008745519517220e+01 8.508044056544653699e+01 9.039132834377660686e+01 1.047651976873417397e+02 9.599867602260790989e+01 8.732993384703750905e+01 7.983945161267338619e+01 6.433658652266660738e+01 6.800333679997605429e+01 6.273347445214489682e+01 4.264430075823783284e+01 5.539794538735315399e+01 5.227396152401225748e+01 4.922131774692957151e+01 3.768299242058299114e+01 5.720171202349860806e+01 5.073286127038099380e+01 2.545070974310750600e+01 4.110898905637178302e+01
5.645593511822499266e+01 4.601849547588818723e+01 4.864549206326760356e+01 5.179563695366345399e+01 5.509064603148461714e+01 5.875243464128269721e+01 6.263829563151262647e+01 6.684714045767822199e+01 7.158328015200712002e+01 7.674707607621178340e+01 8.250730621187994984e+01 8.916412475048964836e+01 9.918450432649514426e+01 1.192657198436872221e+02 1.354350511108166302e+02 1.152355659739029790e+02 1.035673238656057720e+02 1.147366769178493513e+02 1.138689281388204080e+02 9.635428678182307749e+01 7.604559901691082757e+01 9.284296786094350296e+01 9.834280735020456632e+01 1.050372507107347815e+02 9.262965040521309845e+01 8.431850454821196195e+01 7.683725882640845839e+01 5.689149568353914077e+01 4.941791979990434669e+01 6.939125178380274406e+01 6.859224836519801727e+01 4.859658650332263363e+01 5.790411752106655996e+01 6.616869398010830139e+01 6.223262107030077317e+01 5.353506501606517531e+01 4.942696894651941619e+01
6.583736785110090750e+01 5.339204377627196152e+01 6.857489556490185123e+01 5.670903697247222652e+01 6.514356763942275563e+01 7.883759537189207833e+01 7.683246678252270101e+01 7.841208839394927566e+01 9.158950973844889631e+01 9.675571920094550649e+01 1.025381159230585553e+02 1.092251116675404745e+02 1.175234580280322803e+02 1.275534104210931474e+02 1.438087455140140776e+02 1.321438409609398263e+02 1.147366769178493513e+02 9.454146707783633019e+01 1.048796908314385945e+02 9.166602602892008633e+01 7.210504885287951993e+01 6.889684412885843301e+01 8.186030456464999361e+01 8.498643432705841860e+01 9.059570647254898290e+01 9.893576087141713060e+01 8.511231056160126229e+01 7.683725882640845839e+01 5.700802417474163519e+01 7.691561318128543689e+01 7.684594966463161825e+01 6.019703771340657283e+01 7.684594966463161825e+01 8.007723910437789527e+01 7.115354254328086370e+01 5.344419562779467014e+01 3.332333673765590021e+01
8.170033044296869207e+01 6.337423565785973523e+01 8.170033044144496159e+01 6.275084839121655733e+01 8.280883869028022559e+01 8.152086127550336414e+01 9.685901887846881664e+01 9.843317719543287581e+01 1.067313440197216039e+02 1.135913765896944199e+02 1.071070026951521328e+02 1.152570712311518122e+02 1.159129315356765488e+02 1.240511195287093358e+02 1.363373215688108928e+02 1.246056921974743688e+02 1.091355335575946413e+02 8.899191965417146832e+01 9.653196737294612717e+01 7.676607566505320790e+01 8.914617811381815216e+01 7.369749007210359082e+01 6.513391024026260823e+01 8.139099843300108716e+01 7.067603354875332400e+01 8.739873821044523083e+01 9.840204684325638596e+01 8.519021363772816358e+01 6.849434402703127489e+01 8.519021363768305832e+01 8.833199986548176241e+01 8.006031938566687245e+01 8.592668258149510052e+01 6.599167732319207857e+01 5.185803282309909434e+01 4.284284245571325300e+01 4.486472915021933261e+01
9.172320449940454523e+01 7.755487669461015798e+01 8.948749823601153253e+01 6.945151959881822279e+01 8.948749823601153253e+01 1.015569897430820134e+02 1.098514744643187413e+02 1.112379372796239352e+02 1.030736010625039683e+02 9.378703711020978062e+01 8.721252311344102282e+01 1.019383965800736718e+02 9.614996974952667586e+01 1.159129316319932315e+02 1.279098141212038087e+02 1.076005413876175112e+02 9.592968269039526774e+01 8.835446516172895315e+01 8.179534342384083345e+01 9.653196736842278369e+01 9.721267323467360200e+01 8.915318989534682714e+01 8.139029277990728417e+01 6.156296958935188002e+01 5.929462378232822317e+01 7.015064992115523523e+01 8.417344504787857318e+01 9.304108997029683792e+01 8.841928088061216329e+01 9.670867039522740072e+01 9.468544752785069818e+01 8.635931323270369830e+01 8.785448796483217393e+01 8.007723910437789527e+01 7.115354254328086370e+01 6.289854400644559007e+01 5.315633280064657384e+01
9.773850344269349932e+01 9.759580703719207406e+01 9.778503519162266855e+01 8.101970567706324289e+01 8.948749823601153253e+01 1.095264495919477241e+02 1.039692682578646696e+02 9.576701960019285309e+01 8.312980551817217645e+01 7.959674098268205000e+01 7.557922375002806348e+01 8.196077426521688380e+01 9.614996973343733089e+01 1.159129113651210332e+02 1.196721537242206210e+02 1.246052670281567885e+02 1.161594010941376496e+02 1.084923612380974305e+02 9.325769339394103952e+01 1.101429521371742339e+02 1.081290467007584084e+02 8.969874000794106905e+01 6.985031217720303687e+01 7.227112926506391943e+01 7.598377743022646769e+01 5.617468666275209443e+01 6.500736323469008937e+01 7.898783975058265128e+01 9.886473032044813181e+01 1.005218113141792315e+02 8.049301442899623282e+01 6.643389417635711425e+01 6.791815499350121854e+01 8.205097044014974017e+01 7.699385743473783350e+01 6.543720776430791375e+01 5.599928752042026048e+01
8.770292629987926603e+01 1.077740805855173818e+02 1.093514016305932159e+02 1.010547179855118145e+02 1.073997845372713442e+02 9.942866490580210836e+01 9.571578382511832217e+01 7.569013931508774817e+01 7.150801324153951555e+01 6.797349063947565639e+01 8.804586956438404854e+01 1.019383995973631727e+02 1.101001247428756500e+02 1.138133923546128869e+02 9.971075995910442202e+01 1.138136401678593614e+02 1.207128316474191081e+02 1.217918823298113864e+02 1.134219844147209812e+02 1.098734694768253064e+02 8.963554181399017295e+01 7.963695117967006354e+01 8.969848321233052957e+01 7.929339868477397602e+01 7.101490274592734409e+01 5.407945969559897037e+01 7.390701617140311441e+01 9.304109686262154355e+01 9.455290564204601367e+01 1.028983516399268154e+02 8.680997106867204138e+01 7.375737172881112258e+01 5.384972237222567060e+01 7.375737172881112258e+01 6.871535380136907634e+01 4.868596260608120474e+01 3.700690261197430431e+01
8.989878122070922473e+01 1.099684348642827558e+02 1.081249718474169157e+02 9.996107486357075800e+01 9.617496538527278460e+01 7.990470515985482791e+01 9.380134559671627414e+01 8.054038401533239266e+01 6.147280349011023759e+01 8.153352928893033891e+01 9.162799059622616937e+01 9.162809808159300928e+01 1.114550355331248142e+02 1.048525164247925971e+02 8.547710709280984531e+01 1.048525585410108647e+02 1.007046334940069841e+02 1.148531189754683624e+02 1.300228914445341957e+02 1.098701218407159388e+02 1.081287860068930371e+02 9.975944970495051223e+01 8.507537874131899969e+01 6.519086289567117376e+01 5.114928328849470773e+01 7.101490273714114210e+01 8.219280731870783541e+01 8.042954677101427308e+01 7.457945998037064328e+01 9.455290564204601367e+01 7.850317246793740367e+01 5.855163871644955975e+01 4.777238902693924416e+01 6.775498960540537041e+01 6.790075835285578876e+01 5.976178785476354705e+01 4.441199543169847885e+01
1.099684348642827558e+02 1.075992716126598907e+02 9.665281557906206444e+01 8.002404274047587762e+01 8.747005781398607382e+01 6.838158080802905658e+01 8.174347739887463149e+01 6.741610107977045629e+01 5.782288885761495578e+01 6.449370886041771200e+01 7.159157424944142178e+01 8.580474350157071228e+01 1.056869688976715906e+02 9.657715701545066622e+01 7.644253639276638523e+01 9.657715701545066622e+01 8.648447478735818095e+01 1.048097627117553685e+02 1.163882679161575737e+02 1.110008868593116915e+02 9.923730418986333746e+01 9.084567527715553581e+01 8.308699753609668903e+01 6.320508489138988040e+01 4.912505313886056513e+01 6.625493273041706743e+01 6.980837233350004567e+01 6.055914889294354708e+01 8.042954677101427308e+01 8.783648385698705852e+01 6.788502844368801448e+01 5.378261798440104258e+01 4.212739496894079849e+01 5.586124638420105981e+01 5.647789703091932267e+01 3.974983481342525948e+01 4.552152491620851293e+01
1.052244005065312109e+02 9.527392673767063513e+01 7.949280316087993015e+01 6.842057488649039954e+01 7.940588364454586667e+01 5.942372596885721947e+01 6.944265331635402561e+01 5.345850297286884967e+01 6.762772023565102586e+01 7.786061629059271638e+01 9.162810153570298155e+01 9.982544460693193855e+01 1.035087950298515693e+02 9.021002766515543669e+01 7.007108070538754419e+01 8.703277283672639442e+01 7.639674395933771223e+01 8.804162990093550434e+01 1.081010350506134614e+02 1.024611068733300385e+02 8.235759598624574096e+01 7.090522858335928902e+01 7.932872040507925249e+01 7.489675979863687871e+01 6.625493279349828413e+01 4.628828746988192933e+01 4.989854216733641579e+01 6.980837234263985636e+01 7.743533948690463831e+01 8.571137995511068652e+01 7.737082121710342619e+01 6.917518050148991904e+01 5.586124408061128577e+01 3.566331955865989300e+01 4.826040356834366918e+01 2.802318070828458119e+01 2.688241611453576851e+01
9.125260595926724250e+01 7.708021059461044899e+01 6.702841866156326489e+01 5.945012716209936343e+01 7.216634674001814176e+01 6.897919402276131962e+01 4.941172667597208346e+01 6.943893633296706014e+01 8.173470402857448391e+01 9.585940138074965944e+01 1.059985698477123464e+02 1.149199016138424696e+02 9.522860367157059613e+01 7.512683188794177624e+01 6.427442498665045889e+01 6.690597336919543636e+01 8.703277139778640503e+01 9.871886241112981963e+01 1.069835136980002375e+02 1.049913881350856855e+02 8.495280242466523646e+01 7.090515486656128985e+01 5.950854432655351189e+01 5.506503165308792092e+01 5.078954050716914281e+01 4.708908385718709866e+01 4.347053668892122147e+01 6.119036092031524277e+01 5.753044324476557136e+01 7.544990916942346360e+01 6.742459333229406582e+01 4.920618165821815637e+01 5.288934881653477049e+01 4.990520248538292236e+01 2.966009931994099702e+01 4.826040356834366918e+01 4.711099689649392985e+01
9.770679447646675442e+01 8.954008834109437487e+01 8.706647751587611594e+01 7.217425265601447393e+01 5.213748187735623674e+01 6.549412117810990708e+01 4.684192850660347318e+01 6.687640890132284710e+01 7.144121463614386869e+01 9.145079223402383661e+01 1.090537901071730431e+02 9.496969138011942846e+01 9.303635386925488149e+01 7.292513728206935752e+01 5.872049645998309586e+01 7.881557624267898632e+01 8.454132862172163243e+01 7.867064021628807780e+01 9.871992739827371111e+01 1.034749770742800052e+02 8.340732760105959187e+01 6.937262332586267632e+01 7.932881468757683763e+01 6.227186323927497824e+01 7.066852766573241240e+01 6.703907932622044541e+01 5.535449807617609963e+01 4.108021925113120432e+01 5.881724130150298890e+01 5.729781768369989692e+01 4.752878797839323965e+01 5.288951351823662606e+01 3.264039307606442009e+01 3.139888200632739057e+01 4.973781980633414435e+01 4.053896229893294390e+01 6.067270410253749446e+01
