LEM/with_lateral_4open/elevation_000281.asc
nrows	100
cellsize	150.0
xllcorner	0
ncols	100
yllcorner	0
NODATA_value	-9999
[rows 51 to 67 of 100, columns 37 to 73 of 100]
8.880104102293540791e+01 8.255815342465311346e+01 6.259391195223513193e+01 8.140911738497391070e+01 7.242486446248810239e+01 6.659683551611828989e+01 7.453275293968452786e+01 5.793076605389551048e+01 7.788024917663874191e+01 8.667131774756852280e+01 9.059918237620222214e+01 7.815728490811152085e+01 8.484396023206927850e+01 9.639035892207232337e+01 1.163275506195051463e+02 1.111004250896700825e+02 9.113378260135851860e+01 7.953803452363536053e+01 7.061523112227759214e+01 6.596444622801894297e+01 6.187483422977467740e+01 7.633512625372267735e+01 7.272378259055001593e+01 6.203102526833319530e+01 6.821535938025945711e+01 6.374661479502343298e+01 4.390886308658351567e+01 6.374117230939191359e+01 6.367923777867060409e+01 4.815101977093419094e+01 5.133441954598199430e+01 7.111687537373308032e+01 8.415744115507969525e+01 8.565102636669999470e+01 9.388777457494691703e+01 9.160626236350040585e+01 7.338183568019590552e+01
8.324755914905807685e+01 7.590340546991805581e+01 5.600443063174158453e+01 6.157722293140422209e+01 6.943924080209060890e+01 5.250710749495019769e+01 5.461928033209122901e+01 6.087816169978249548e+01 8.085514946019206661e+01 9.981483831822417585e+01 1.064197993669904605e+02 8.972404253024507170e+01 1.048168074973167592e+02 1.011589303318518915e+02 1.210924951272553898e+02 1.141505400523509905e+02 9.421831726590363587e+01 8.002390054995309754e+01 9.061295227724592394e+01 7.744193779210502271e+01 7.589063257684038888e+01 8.998484374958606224e+01 9.014218888050812950e+01 8.189387742749650556e+01 7.619800166473449110e+01 5.635715884616207916e+01 4.231142284821420674e+01 5.995082506879036544e+01 4.384216021816666853e+01 6.367936792190116790e+01 7.111687537373308032e+01 7.934880859807800846e+01 8.239998555155378313e+01 6.574855319686551525e+01 8.239998555135619540e+01 8.336306642552582957e+01 6.346998285692787789e+01
7.499976754345296115e+01 7.300338388086044006e+01 6.475489858586504965e+01 4.778971961823237535e+01 4.964576494412285257e+01 6.929007927069292805e+01 6.608348245996550929e+01 8.076912638906077291e+01 7.154068526244770965e+01 8.309897010292671382e+01 1.030972535195425621e+02 1.096818219082019681e+02 1.179383356813852117e+02 1.210924951272553898e+02 1.266669347839483066e+02 1.068767770611586201e+02 9.272418876483949646e+01 1.000563301559330398e+02 1.056554908472747627e+02 9.744890584166194003e+01 9.586787163673443501e+01 9.933889633908377448e+01 9.047619979607436846e+01 8.226251056599079448e+01 7.601461040582579187e+01 6.413892564979744293e+01 4.434861096357518306e+01 4.007247434335896941e+01 4.088301063384461997e+01 6.075452735275509042e+01 7.012071421423276263e+01 7.835500753722234890e+01 7.416032812455657108e+01 5.433157549817604348e+01 7.416032812455652845e+01 6.972519969536443796e+01 5.601640067599380046e+01
7.366417206112298288e+01 6.477202300645772937e+01 4.557858562613646569e+01 6.434088829939500442e+01 6.943924080209060890e+01 7.747456513400896938e+01 8.583305177978522238e+01 9.394456428649493773e+01 9.155124097698599428e+01 9.981483831822417585e+01 1.113469632844590649e+02 1.071388719181713469e+02 1.093170779028464068e+02 1.175628213735923993e+02 1.272210283868647451e+02 1.208300551377594303e+02 1.126731800574123810e+02 1.144625936687910297e+02 1.062849089550732913e+02 1.062849089550731918e+02 1.051615360737516909e+02 8.530547855732250184e+01 7.131258905401125503e+01 6.250491546653896791e+01 5.628469589449193933e+01 5.080532357132985766e+01 6.413892564979744293e+01 5.788865444124795090e+01 3.798522448230801984e+01 5.607925168021170492e+01 5.026308751768156924e+01 7.012071421597858034e+01 6.714980540226430605e+01 4.732211329675258327e+01 6.433324130416127673e+01 4.991387953621576656e+01 6.132746643125312147e+01
6.385768879425177857e+01 6.325561362818326927e+01 4.646209965389535057e+01 4.369269736616995914e+01 7.421286068386314128e+01 8.029253672066310799e+01 7.203116544813656219e+01 7.502579555856407012e+01 8.329121653729269781e+01 9.695550610717731388e+01 1.012842442834158589e+02 8.718353060804489019e+01 8.936749877852254542e+01 9.905411050216959268e+01 1.143534806987216683e+02 1.243100998128436743e+02 1.217989385745157733e+02 1.062849089550732913e+02 8.634479953395397445e+01 8.634479953395397445e+01 9.923500829796849132e+01 9.933889633833778987e+01 9.047619979607436846e+01 8.226251056599079448e+01 7.601461040582579187e+01 5.962714001211779902e+01 6.849488674276089739e+01 4.865244302436271795e+01 5.607925171842980205e+01 3.616640729121082387e+01 5.429819276852803256e+01 6.252910326643755923e+01 5.664343640820888481e+01 4.100898005449690231e+01 4.449425766914126967e+01 5.851805221492389819e+01 7.796112196648864767e+01
5.566292814357767327e+01 5.865064302106807759e+01 4.169470357455477227e+01 6.115219191103214058e+01 6.518002770440544680e+01 6.795260306795081817e+01 5.225960078189316960e+01 5.516166663418619720e+01 7.502579555856407012e+01 7.697291331160057837e+01 8.636074998432201255e+01 7.302562043918840118e+01 7.906880695175361495e+01 8.615559688572338359e+01 9.614852823969447115e+01 1.160685554498189163e+02 1.136386976811836149e+02 9.379114131209075822e+01 8.219053906286455913e+01 7.209279838709086619e+01 7.921879894318965398e+01 9.046836655677100225e+01 9.869403765402481099e+01 9.555239171721468949e+01 7.573706096118033315e+01 7.937324190496066478e+01 6.484644050884547539e+01 6.267305864517297209e+01 6.430904732380238897e+01 4.847998283917410589e+01 3.438687646740520876e+01 5.253826100039928804e+01 3.674218298765124047e+01 5.664343640820924008e+01 6.430604939757266436e+01 7.253864979574615290e+01 8.660880307347771634e+01
3.804909692993094694e+01 3.926682547523310518e+01 4.116764457974579727e+01 4.343152991360346249e+01 4.570242619382675997e+01 4.834753468860233738e+01 6.795260306795078975e+01 7.502579555856407012e+01 5.960006331628944309e+01 6.284991121688054960e+01 6.636336999792450797e+01 7.392014875352046488e+01 9.391997302559310867e+01 1.061085418447567150e+02 1.143534806987216683e+02 1.243100998128436743e+02 1.188053928978702061e+02 9.900884515196571556e+01 8.485001184255807516e+01 8.508141092956643092e+01 6.492954837385337896e+01 7.036625965094350477e+01 8.712927070795699080e+01 9.869403764782605037e+01 9.555239171721468949e+01 9.296238675342387126e+01 8.472861083766335355e+01 8.255002309376246217e+01 7.657831826163328515e+01 6.252914191953532708e+01 5.253826419610691545e+01 3.263803325526033206e+01 5.095783722272221894e+01 5.907522327762915637e+01 7.268458532273812978e+01 7.231221031193395277e+01 8.054612766971705184e+01
5.739850876175778893e+01 4.308467362015014857e+01 6.049531572553475200e+01 4.643442138279137765e+01 6.518002770440544680e+01 5.225978191489679858e+01 7.139828306268114488e+01 8.562833837783435342e+01 7.954168320278901660e+01 7.697291331160057837e+01 8.050942774949261604e+01 8.269595488352098300e+01 8.658508377832154679e+01 1.065415513259262070e+02 1.217381672636521301e+02 1.135943488699576562e+02 1.135942693410287916e+02 1.129873772210953007e+02 1.048071197426579602e+02 9.332590665514213413e+01 7.886240972341184374e+01 5.866578965688193392e+01 7.036625965094350477e+01 9.046836655676858641e+01 9.130364969323822777e+01 8.305366455312450569e+01 9.130364969323822777e+01 8.867301052596491218e+01 7.886028096678691668e+01 6.095188704880032304e+01 4.113614236512261613e+01 5.095784002301671478e+01 3.106811790894990111e+01 4.511290188815060276e+01 5.821761792625105159e+01 5.242120096892269743e+01 7.231229880590707637e+01
4.863821100150373411e+01 6.208717581868582869e+01 7.023962060413541053e+01 5.042179294355007357e+01 7.093531827248085619e+01 6.299622128010852862e+01 5.978224027897528714e+01 6.583992248156673099e+01 8.562833837783435342e+01 9.695550610717731388e+01 1.004870914814623433e+02 9.682988846213595480e+01 1.007082322427857406e+02 1.147876291294333129e+02 1.135943488700958000e+02 9.374342262973158313e+01 9.374342244288295944e+01 1.077407945669747136e+02 1.005792758384942118e+02 8.900458359753619675e+01 7.517502768813380953e+01 5.496236422209012318e+01 6.928591064915509889e+01 8.939261391403894663e+01 8.126123921235129899e+01 6.289942349126229004e+01 8.126123921235129899e+01 8.052905299855052590e+01 6.091842007298733108e+01 5.106768572801978934e+01 6.095188704830155757e+01 4.985131939027037618e+01 2.996215728573661963e+01 4.829612685381725612e+01 3.835597726438582100e+01 5.242098533167397534e+01 7.230756180834336533e+01
5.272296604186983870e+01 7.226154936060619605e+01 7.577123247451373800e+01 5.565426690630338413e+01 5.980063926773019745e+01 6.736589281169493404e+01 7.938526107226927309e+01 8.562833837783435342e+01 7.724927720674340037e+01 9.120516807532230530e+01 1.104696539496036536e+02 1.167597788032312423e+02 1.206244293700938499e+02 1.184056712182563587e+02 9.861129666020377726e+01 8.704458051434131960e+01 7.953303252099844656e+01 9.955762431250504108e+01 9.232975881428401976e+01 7.224476835501050687e+01 6.055469497534176782e+01 5.148999901141297642e+01 6.718786429887632039e+01 7.549366111740221186e+01 7.297654402219338010e+01 5.277101213899124588e+01 7.297654402219338010e+01 8.867301052596491218e+01 7.886028096678691668e+01 7.015531091995146085e+01 6.953426740896034630e+01 4.981759462188522036e+01 4.820415510314035856e+01 2.839840411002703746e+01 4.246443842792251644e+01 6.218812674033065946e+01 7.157372674986955019e+01
6.374231242977416656e+01 8.059642717736123529e+01 8.096686908412294770e+01 6.106767849131678361e+01 8.044455619064038387e+01 8.696542391882805134e+01 8.114927959934934165e+01 1.010068384156328420e+02 9.124164404868730571e+01 1.050705182471618002e+02 1.117168219192836460e+02 1.200682039522615980e+02 1.190817032852118587e+02 1.265429944644032219e+02 1.119003154662858606e+02 9.288276341070606179e+01 7.279587799306445106e+01 8.554807194325189812e+01 8.134653497726665705e+01 7.793368435343536760e+01 7.023578496397695403e+01 5.001529798414350125e+01 4.697117043156018923e+01 6.412191267093356828e+01 6.199212673701373433e+01 4.603180548971077712e+01 6.624114372551342456e+01 7.413309592895663513e+01 8.241750108119830998e+01 7.557815040412208418e+01 6.171961688178584637e+01 5.261502030214796832e+01 4.567100051193847321e+01 2.730816884451482807e+01 4.140406083364351275e+01 6.140467755624408142e+01 5.900177217469680357e+01
8.389904342898145728e+01 9.222404636645983089e+01 8.850312887632419745e+01 6.856405965058421259e+01 7.363453122285476127e+01 8.773989340683621663e+01 1.010068384156328420e+02 1.092344914622067478e+02 1.108156872728161488e+02 1.088188143692148770e+02 9.153084342255891670e+01 1.076972792339727789e+02 9.918167419542429286e+01 1.132864320992354550e+02 1.037309070340945567e+02 8.375875725236031144e+01 7.366663695319044791e+01 6.539944154010042610e+01 6.116524284843503523e+01 5.773311985627138654e+01 5.448603729440396393e+01 7.023552081964102456e+01 6.412087108764058030e+01 4.391357732643592726e+01 4.178990390181466097e+01 3.995196207844935543e+01 5.765928134069880429e+01 5.396063651262788596e+01 7.120086793119185131e+01 6.625336840581823594e+01 4.458836427169835304e+01 3.327924231571920899e+01 2.577670518459195748e+01 4.542586816819633100e+01 5.406446891720954540e+01 4.717562203386439279e+01 3.589887237494257022e+01
8.099946730848490972e+01 1.012222327380554674e+02 9.676370678393377034e+01 7.851846706792331076e+01 9.358405706346664488e+01 1.018416338574250375e+02 1.159433743080139720e+02 1.196620207014124730e+02 1.081519060304619586e+02 9.908455321776956737e+01 8.020827459981889263e+01 9.839002597934786820e+01 8.529371954403141842e+01 1.033895136634402263e+02 1.119003154662858606e+02 1.019507721431745750e+02 9.075851780624024912e+01 7.072060734452311692e+01 8.134653497726665705e+01 7.205316125377736114e+01 7.470035646760402415e+01 8.141620981762950748e+01 6.730060396735106565e+01 4.727943223729503330e+01 6.199212563834093004e+01 5.766197167766588194e+01 3.747669834016921442e+01 5.523889092722016159e+01 5.143934853997298262e+01 7.120092393500357275e+01 6.155188222482444615e+01 4.595269288020330123e+01 2.471350525833261358e+01 4.059344425380625410e+01 4.228736377745396879e+01 3.822115561094339853e+01 2.050928826533545291e+01
1.012222327380554674e+02 1.094735608137894474e+02 1.067423597305437681e+02 9.848779068472516940e+01 1.067423597305437681e+02 1.172715355921220493e+02 1.114384517107185957e+02 1.113446410711313632e+02 9.146811287666118062e+01 8.020352645823795967e+01 7.231821256829202582e+01 8.469463098486500030e+01 7.559581167649255917e+01 9.515198865702245712e+01 1.121410299578076462e+02 1.047569462222800638e+02 8.496017890440769804e+01 8.496017890440769804e+01 9.888952130092393134e+01 9.213595176955887212e+01 8.805307842083941239e+01 7.318349248680665653e+01 5.323406189416570555e+01 6.730070805570997550e+01 7.554831530960626651e+01 6.598456133904680598e+01 5.524070657801723172e+01 3.507308726549766931e+01 5.297938830788679354e+01 6.130808108727219974e+01 6.266700365964566544e+01 4.726765898940565336e+01 3.650614844018959815e+01 2.321992042829500491e+01 2.242450407400779966e+01 2.163064461884638234e+01 3.897980331053442882e+01
1.067584961958943381e+02 1.092958625814817424e+02 1.011151844053843831e+02 1.005985581470896761e+02 1.087766061287490800e+02 9.748586955864730896e+01 9.170652080113454474e+01 1.057043508153803373e+02 1.081172210115745429e+02 9.852499868716955689e+01 7.895505083985297290e+01 6.524396081592604446e+01 8.469877236327127434e+01 8.422385371991050818e+01 1.038938376380408641e+02 1.128188636974400652e+02 1.047569462222800638e+02 1.047569462222800638e+02 1.036925698211271367e+02 9.542249674766011935e+01 7.980398419059366688e+01 5.994250907923294847e+01 7.318349248680665653e+01 8.142735368601522339e+01 6.960915126973785050e+01 4.940627912690688817e+01 4.267678766077049346e+01 5.297938830788683617e+01 3.284039528534017194e+01 5.075590328292296505e+01 5.343222248737563262e+01 3.433173386215474210e+01 2.495181720976933448e+01 2.868956386951745685e+01 3.868976530495544353e+01 4.172937802515265560e+01 3.560859141794852434e+01
8.733486786633177701e+01 9.447391500669650100e+01 8.174122506188548698e+01 8.120959468867296493e+01 9.752242083498325087e+01 9.748586955864732317e+01 7.792735458307127772e+01 8.703140355397687244e+01 9.518524733944043703e+01 8.448242610508881967e+01 7.635555459782189303e+01 6.147014627276341514e+01 6.836546408691521037e+01 8.207990819963711715e+01 1.017234316845948996e+02 1.109072856230214512e+02 1.167574494355835526e+02 1.095814168180847901e+02 8.955768002593360677e+01 7.552246184687460584e+01 6.806745653477726421e+01 7.397951639123031953e+01 8.805307842083941239e+01 8.038631086768644707e+01 6.022409145863340285e+01 6.287486055546082753e+01 5.696816816405392814e+01 6.123874568275189745e+01 5.060730434929856614e+01 3.065687992289084463e+01 4.665879862067075123e+01 2.672607115986381032e+01 3.156036898501824695e+01 4.949090477087705864e+01 5.626009219768784675e+01 5.263531081365743347e+01 3.274059345385163766e+01
7.397129690457795448e+01 7.538212662928231111e+01 7.077546706399621712e+01 7.023653425315042398e+01 8.889386587734266243e+01 1.008912909902675068e+02 8.129045020490083573e+01 6.755653121070194800e+01 7.908029817056140587e+01 7.634754887650179001e+01 5.681208471344577049e+01 7.635555459782189303e+01 8.783336302198402734e+01 9.602304074184348792e+01 1.050803543842595360e+02 9.097538937833454042e+01 9.681330662649661178e+01 1.064968597553638574e+02 1.036925698211271367e+02 9.542249674766011935e+01 7.793581745152350493e+01 9.386549334542182521e+01 9.456272732095462175e+01 7.451424690689354691e+01 8.038631086768644707e+01 8.299862232372514370e+01 7.713487743556143528e+01 7.012038270348598701e+01 5.059949461420501393e+01 4.846320438752108117e+01 2.851015815557836319e+01 3.483625821062370420e+01 5.110963504834679583e+01 4.214747404933059016e+01 6.219834387856718649e+01 6.007626859350759929e+01 3.948577381212749060e+01
