LEM/with_lateral_4open/elevation_000219.asc
nrows	100
cellsize	150.0
xllcorner	0
ncols	100
yllcorner	0
NODATA_value	-9999
[rows 68 to 84 of 100, columns 37 to 73 of 100]
6.370297848399139440e+01 7.538492099128626478e+01 6.128182499175316167e+01 8.169230265922838896e+01 9.622957049601922108e+01 9.754896597007039816e+01 7.733290789923687214e+01 7.045340083846760137e+01 4.948846894627041593e+01 4.712200692333581031e+01 6.822625064260986960e+01 6.436104839608871941e+01 7.627139139223949371e+01 9.649101006966634486e+01 8.715035118032901096e+01 6.706585879378056347e+01 8.715035118032901096e+01 9.060654309962417585e+01 1.107166205119795706e+02 1.055834935137387589e+02 8.553169922948644910e+01 7.154711207073366097e+01 6.173799578478993766e+01 7.305964251972191903e+01 5.710325001675601442e+01 7.350971090847788503e+01 6.987260916101870123e+01 8.970714721731155805e+01 7.532857970795735980e+01 5.312843854121032905e+01 4.246720127958300850e+01 3.414910001881687407e+01 5.070955908232447484e+01 5.887187630278306472e+01 5.894202671704965724e+01 5.320159472107010146e+01 7.280065549442063855e+01
7.538492099128626478e+01 5.489990587639407948e+01 5.397798217442370827e+01 6.764296544615925200e+01 8.773844140032407779e+01 8.139456988506459822e+01 7.300217547805232243e+01 6.587853852430318113e+01 4.459527301715838377e+01 4.394407648855438708e+01 5.098171638541586503e+01 6.589655521360096202e+01 8.632393630978283738e+01 8.660599305025098715e+01 8.157991524637772329e+01 6.152257720169217237e+01 7.051705924001451820e+01 9.060654309962417585e+01 9.956605172698546369e+01 1.022294707534912277e+02 9.973817751209217874e+01 8.977113074082204491e+01 7.050736347999306020e+01 8.506275331764518910e+01 6.688787953806799180e+01 8.506275331765425562e+01 8.970829508486357895e+01 9.410457427388990936e+01 8.382801336713438900e+01 7.008050846923715937e+01 5.052900087773782900e+01 3.663077661396069828e+01 5.625550486886771040e+01 6.651880918812481980e+01 7.338993267788484332e+01 7.280065549442063855e+01 8.102061628108910440e+01
8.205702278223988344e+01 6.167188209224801199e+01 4.713873489126017802e+01 5.900947101075770007e+01 7.943553879772865400e+01 7.300217547805158347e+01 5.203595393003624281e+01 5.817681804559050818e+01 3.991002738604275635e+01 6.144062564470185350e+01 7.187959661468153172e+01 8.026083412394363847e+01 8.660599305025098715e+01 6.653472954599075706e+01 7.021787502412308868e+01 5.636508756996963143e+01 7.640113283195648819e+01 9.367102009618074021e+01 7.945694518838966758e+01 8.212059091666114341e+01 9.633370759590540899e+01 9.868014719859263550e+01 8.189302195696085107e+01 9.500292185574078019e+01 8.668746897508715676e+01 9.500292185574078019e+01 1.027624031657392294e+02 8.598381983552206975e+01 6.728524501616448106e+01 7.151445221861263235e+01 5.936260079946116264e+01 3.986841739503794457e+01 4.217923451352825737e+01 4.707525136408578703e+01 5.692825340432443681e+01 7.579676291471415084e+01 8.157966098410184941e+01
7.447965860931878979e+01 6.395995336064213888e+01 4.349832253842151175e+01 6.009306669350946351e+01 6.848884263342074519e+01 7.300217570760817409e+01 5.203595393007406500e+01 3.665646995198038383e+01 5.624086002959084141e+01 6.498449692014932566e+01 7.538875458836680821e+01 8.494251811198148516e+01 7.336329190958626612e+01 6.504928261253542132e+01 5.020000269071010024e+01 6.174030027618986338e+01 8.179845749228137208e+01 8.363101848968734942e+01 6.527360721987946590e+01 6.792963125735575147e+01 8.801034545880321502e+01 1.005818659691800434e+02 1.019016753772534116e+02 1.102615504649578355e+02 1.038793029282581841e+02 9.493006775270271191e+01 8.662331653027588629e+01 7.451074572469335067e+01 7.151445221861263235e+01 5.234147277901063688e+01 4.452690926511243674e+01 5.936260079946090684e+01 4.868033056776597078e+01 6.651880918812481980e+01 5.562576615847774519e+01 7.514915543753109262e+01 7.329604052139465864e+01
5.398066945626862179e+01 4.950187207050861815e+01 6.009306669341285811e+01 3.969000454457398064e+01 5.636799340881255205e+01 6.476525846164739164e+01 5.876024153173941045e+01 3.455695634460899157e+01 4.018714159943944253e+01 4.755887842732838067e+01 6.691354956815177957e+01 7.661946356871251851e+01 5.657932229984800188e+01 4.503896453994786953e+01 6.504928261253542132e+01 7.853687292099385786e+01 9.012479393142662332e+01 7.531018667491051133e+01 5.527702034526821251e+01 6.215453091745040837e+01 7.216715847584822541e+01 8.637027808617052926e+01 1.064787962339161282e+02 1.097537476037893924e+02 8.967804774288133274e+01 7.557933645702398451e+01 6.678471016009932271e+01 6.066971413621769926e+01 5.556097697858271545e+01 5.063035232278102171e+01 5.095725730142329013e+01 7.038244751268389621e+01 5.548754697839827799e+01 7.507024282775189761e+01 6.237483410846379428e+01 8.213884557019159161e+01 8.157966160297216618e+01
7.447965860931878979e+01 7.000641244530223162e+01 6.816761153084378577e+01 4.772993139755994463e+01 3.602509919899900837e+01 5.285315277198844797e+01 5.282856258157507767e+01 3.257378436052302817e+01 5.265542014003286653e+01 6.173831302876246951e+01 7.472790896133173533e+01 7.847549928196308144e+01 6.175960658574399531e+01 4.175110022700614820e+01 6.175960658574399531e+01 6.999214473452023810e+01 7.239040050226530809e+01 6.407894516391925777e+01 4.950927500899237543e+01 6.952710968834084326e+01 7.955214427983634096e+01 9.964761538208526304e+01 1.093250013250731030e+02 1.010026721524576345e+02 1.038793029282496008e+02 9.493006775264666430e+01 8.662331653027617051e+01 8.034979835694770145e+01 6.642207531525214392e+01 7.004768328169569713e+01 5.818903932892056474e+01 7.779146983229239254e+01 6.413747667080315296e+01 8.333340110597383443e+01 7.367705667467802755e+01 7.845984105029656064e+01 9.850853845519651486e+01
8.191038344494748458e+01 7.470564610505989833e+01 7.652534304451089042e+01 6.477005287536715628e+01 5.285326065929339734e+01 3.256313014131846018e+01 4.942358432947080615e+01 3.064709330501829498e+01 5.091492959422276243e+01 6.528351266418407306e+01 7.615413967742048840e+01 7.015760280195551957e+01 5.013229153637279012e+01 3.858839586626530149e+01 5.433035183970364557e+01 4.996487098414266370e+01 5.907637838287676857e+01 4.406867803974928677e+01 6.407894516391925777e+01 5.950207509684516793e+01 7.366662170967417467e+01 9.376105269037491041e+01 9.775093690295558702e+01 8.097444924078476447e+01 9.775093690295558702e+01 9.952217159119551582e+01 9.124275121405722189e+01 9.447238869843705800e+01 8.617978873974283260e+01 8.606421153775229982e+01 7.196786915120057415e+01 7.779146983542538862e+01 7.548103752560652424e+01 9.221104193295069251e+01 8.780644184076155057e+01 9.850853845519651486e+01 9.115492418155390908e+01
6.153230892613781577e+01 5.425783695409044327e+01 6.697703941254889060e+01 7.534528156186168246e+01 5.862279535476496051e+01 4.942171870368515840e+01 2.917961069874616342e+01 2.873975335759694616e+01 3.632443529604373822e+01 4.646883603737368418e+01 6.738805515441873695e+01 7.089622704257422470e+01 6.258468052507713963e+01 5.433035148989998930e+01 3.432360087710186036e+01 3.582382998952211040e+01 3.906881894156452972e+01 5.320880663857246873e+01 7.239040050226498124e+01 7.366662170967417467e+01 8.787442246600646456e+01 9.249052481718796059e+01 8.662511432177736026e+01 6.954348215676765221e+01 8.943937226301348176e+01 8.798455007569690167e+01 7.126088603288708612e+01 8.229902328387842658e+01 8.229902328387885291e+01 9.057762864064164887e+01 9.185088558913021473e+01 9.772322115035454715e+01 9.543609322260957128e+01 1.037530376529206677e+02 1.079210158496974685e+02 9.602644657492581359e+01 7.603101349822260602e+01
6.876953806600137398e+01 6.697710069512048392e+01 4.652227734650632840e+01 6.034068137881380522e+01 5.021707882428069780e+01 2.996133624738195422e+01 2.684108709268696202e+01 2.690103983898457329e+01 4.717724639477436455e+01 6.529326240309404739e+01 7.605015730852598210e+01 6.258468094947219384e+01 4.256652093963402450e+01 4.842970216031116593e+01 3.140576700060382009e+01 5.141206788437672515e+01 5.907637838287676857e+01 6.738378000023315906e+01 8.155875336189404834e+01 9.376105269037491041e+01 9.196888865411365543e+01 7.257123043977738064e+01 6.674992113183624554e+01 6.208890113252187604e+01 8.191943264395681013e+01 7.970621597279793491e+01 5.972042639396008212e+01 6.231391116166614097e+01 6.231391116166614097e+01 8.229902328387885291e+01 9.749525884414559584e+01 1.009643683537980223e+02 9.268494550910551766e+01 1.009643683537980223e+02 1.175050868477177630e+02 1.043434166766681699e+02 9.278492648014420752e+01
8.903667864066704851e+01 7.534528156186168246e+01 6.034068137881380522e+01 3.994517877492634028e+01 3.575068162420726736e+01 4.470979090936749145e+01 2.452196433495936390e+01 2.507980025632462073e+01 3.668708247829479063e+01 5.748697817236568852e+01 7.182471598732735174e+01 6.468618711128334553e+01 4.842970420423305455e+01 2.842351240450007666e+01 4.842970420422960132e+01 5.657632808592736495e+01 6.235298493845080969e+01 6.902659040881249553e+01 7.734428415901412279e+01 8.737654949127893644e+01 8.367777791699248269e+01 6.380913958809451003e+01 5.275655272745422764e+01 7.257123043977738064e+01 7.754618301036011019e+01 8.582392764799418217e+01 6.816741497948859774e+01 4.817537274636008249e+01 6.816741497948859774e+01 7.751110215153245520e+01 7.751110215153245520e+01 9.097308287595318177e+01 7.270474549717897617e+01 9.097308287595318177e+01 9.751792807727709089e+01 9.751792807727709089e+01 1.057981160950528192e+02
7.752637654023392599e+01 7.392604054827936011e+01 6.873287961844341964e+01 5.655802986876886251e+01 4.864430842008971467e+01 4.272426187782848928e+01 2.255448424746487746e+01 4.269047290277579521e+01 5.379954088069116125e+01 6.611629432713091603e+01 6.097566818394398780e+01 4.500655031478691370e+01 4.640877364890339152e+01 2.640162007550987866e+01 3.140390958787229181e+01 3.656875528650108720e+01 4.234205860553506540e+01 4.900577399772741671e+01 5.900101810285046611e+01 7.905216271477458179e+01 8.149336150662428224e+01 6.164026544479624192e+01 4.761071480000394018e+01 6.133099160620182744e+01 5.768671049948429186e+01 7.617581175747586997e+01 6.300549187111645466e+01 4.301102709528098700e+01 6.300549187111645466e+01 5.752382880651119734e+01 7.751110215153245520e+01 8.082280405999833306e+01 6.271116852030827005e+01 8.269484550314227533e+01 8.598267829922077965e+01 7.753828938368589263e+01 9.751792807727709089e+01
5.955661597807329599e+01 4.982154418848100619e+01 5.629861329068531006e+01 4.864430847255538737e+01 2.942336186053750424e+01 4.113409528965748052e+01 2.123445093889885626e+01 3.544557404566532455e+01 5.576512556392795972e+01 6.429428545731913403e+01 5.338701416394746246e+01 3.348511940946819720e+01 4.194815083216245455e+01 2.454109678688200802e+01 4.455115607451762116e+01 5.657632808592946816e+01 6.235298493845080969e+01 6.902659040881249553e+01 7.734428415901412279e+01 8.737654949127893644e+01 8.165821035762998292e+01 6.181044152545327819e+01 5.036531124274350901e+01 4.144644840378767014e+01 5.628742757321914070e+01 5.628742757321914070e+01 5.829275132805353365e+01 3.829681471853156438e+01 4.487658432146999843e+01 5.986934203825511247e+01 6.315643667188688681e+01 6.083705619703653156e+01 5.564177865408207424e+01 7.562954874934060001e+01 6.600082642765256935e+01 8.598267829922077965e+01 9.723951952766593365e+01
5.843802180271819680e+01 4.896189263792486202e+01 4.027482602696659342e+01 3.553411717831397709e+01 4.320780414099894529e+01 2.377869336097317188e+01 1.991846178416195556e+01 3.435146153948474534e+01 5.560440185708840488e+01 5.598517308226998068e+01 3.596254839242656942e+01 3.963676848181376045e+01 2.192647318144040725e+01 2.602149188731538842e+01 4.594211030949289665e+01 5.689319774061909385e+01 6.287235866129258000e+01 6.949024017975899881e+01 7.781956230857495882e+01 8.784263507382733849e+01 8.994817217516143160e+01 7.846099180729466127e+01 6.257976671017841142e+01 4.302442393896657791e+01 3.636772387573938659e+01 5.204053247532079496e+01 5.041722591648928642e+01 3.382580038683899915e+01 3.671141189754393963e+01 3.987365442769786483e+01 4.316182060088700467e+01 4.669767223832924685e+01 5.141216876855399676e+01 5.657612184704771607e+01 6.811799032750441540e+01 8.809943607334683691e+01 8.896720893265444374e+01
7.238874713059057342e+01 5.352444979622799082e+01 5.904967456456379438e+01 4.655878497605150557e+01 4.921734430556365680e+01 3.013961706583516076e+01 1.867099132499752656e+01 3.699308406438157704e+01 4.529876983512404820e+01 4.569765627127847551e+01 3.739643627345742516e+01 1.959439289759890102e+01 3.963667857393812710e+01 4.594210898077954397e+01 3.219518031565053917e+01 3.704011592922495311e+01 4.304172532626270709e+01 4.963659562435974948e+01 5.949310419128279648e+01 7.948737616823520113e+01 8.773596051196477674e+01 6.803074085810574445e+01 5.436432699091597698e+01 6.257976671002672475e+01 4.621576356561151755e+01 3.210789111510034388e+01 3.042695665329417309e+01 5.041722591648930063e+01 5.670774622672654175e+01 5.986934203825511247e+01 5.470828085610030911e+01 6.669074621901346234e+01 6.554949991127769238e+01 7.656314299318678707e+01 8.484100224343912089e+01 9.637817385793057667e+01 8.750633202426348589e+01
8.049905758078477902e+01 7.238874712488494367e+01 7.337345016131412478e+01 6.533868564707798043e+01 5.766718172861168767e+01 4.433350739476164648e+01 2.433884717187775593e+01 1.690802144694616160e+01 3.528133868720195920e+01 3.739284321198837091e+01 1.731651781374485211e+01 3.739634193766828929e+01 3.377310294236407628e+01 5.379297644344945439e+01 4.368196111501833201e+01 5.689319774061909385e+01 5.323704822957819971e+01 6.949024017975899881e+01 7.781956230857495882e+01 8.784263507382733849e+01 9.364578580070059388e+01 7.380226606995067584e+01 7.380226606995067584e+01 7.436311487005438892e+01 6.028943941154540909e+01 4.806135009077010523e+01 2.808545027924091286e+01 3.961130238696414096e+01 5.374959713797152716e+01 7.373890519818833411e+01 7.469683213138070244e+01 8.297511578467351967e+01 8.553294792804710767e+01 8.128431050366506838e+01 8.128431050366508259e+01 8.953763286433586188e+01 7.923998062386958452e+01
8.758554273001756485e+01 7.988562841248578650e+01 6.815640693191286914e+01 5.975858623341017051e+01 5.432052812826264443e+01 4.925012927556677056e+01 3.889588396726392006e+01 1.923740495126608963e+01 1.514544121080008487e+01 3.361070420355897426e+01 1.571346246697237525e+01 3.584872579914483026e+01 5.379296849094222210e+01 6.210170576003160647e+01 6.354748191750007891e+01 7.185379461643984200e+01 7.316119748807739143e+01 8.149049750835482087e+01 8.300236489600226264e+01 9.124371349390105479e+01 8.541751429705436749e+01 7.713298413589114944e+01 7.873771590232931317e+01 7.450601174051969622e+01 5.451684210826302746e+01 4.628175549354018870e+01 2.633045538375157335e+01 4.628175549354018870e+01 6.086291588473719116e+01 6.086291588473719116e+01 8.005445115583938787e+01 7.698085764187827351e+01 6.872391891314536849e+01 6.133899325314393991e+01 6.133899325314394702e+01 8.128431050366508259e+01 8.750633202426348589e+01
8.914463685791371006e+01 7.151127226115866620e+01 5.115502294023861651e+01 3.941123595856600303e+01 3.417890678567817275e+01 2.952729120337405888e+01 2.520302827064902473e+01 3.898210954584985899e+01 3.363983937213198772e+01 1.345449293087867559e+01 3.201750757233810418e+01 4.282819930175234902e+01 5.266196567997950950e+01 6.120786345038620624e+01 7.312977716935699846e+01 8.052134158182363421e+01 7.227228323555343081e+01 6.889831578883868701e+01 6.305622736427536523e+01 8.300236489600226264e+01 7.387089459444649719e+01 5.713418777169779617e+01 5.873929376051335538e+01 6.240907259958728304e+01 5.451684210826829258e+01 3.453344082608821708e+01 2.461521106834512906e+01 4.449430616785739545e+01 4.118846565857007391e+01 6.086282898121068285e+01 7.096341799855137822e+01 6.270353485698779394e+01 4.875656390503257143e+01 4.721068082550878842e+01 6.718084142290450700e+01 7.882708112095782838e+01 8.879638992154048083e+01
