LEM/with_lateral_4open/elevation_000138.asc
nrows	100
cellsize	150.0
xllcorner	0
ncols	100
yllcorner	0
NODATA_value	-9999
[rows 51 to 67 of 100, columns 37 to 73 of 100]
7.236307327568290759e+01 6.199189825060630454e+01 8.161214744432635371e+01 8.254009734214194793e+01 8.593458906709527412e+01 6.660794415233368682e+01 7.634004584852671371e+01 6.861701426885367994e+01 8.768023623969834546e+01 7.377226273396134104e+01 9.344269032913473438e+01 1.058767855229154691e+02 1.141988862903551052e+02 1.145270084122964533e+02 1.228553600518601314e+02 1.247340613804828138e+02 1.144778485337875082e+02 9.673267073196228694e+01 7.589890124420924167e+01 7.976188196877683367e+01 8.521328044253050393e+01 7.594678857892301949e+01 6.486874514252465929e+01 7.017096054307484110e+01 6.664137103697126463e+01 8.715993716126862978e+01 9.102593830152638077e+01 7.075915339721264274e+01 5.665643278081033429e+01 6.724391254591495226e+01 5.593068202782777121e+01 3.608815607684658033e+01 5.401692272956108809e+01 6.231137137844067553e+01 6.020214564141342350e+01 4.030513060051228535e+01 4.296873149526212643e+01
5.274019997953377015e+01 6.637533806322456087e+01 6.891273100591922685e+01 6.307868991034646911e+01 7.093022947780102072e+01 7.146974677965734202e+01 5.701569634151390176e+01 7.634002814254901637e+01 8.263331294766663859e+01 6.930683178388319732e+01 8.880681050124860576e+01 8.590778086645219958e+01 1.003490246753406723e+02 9.447631152438896152e+01 1.145270084122965244e+02 1.163787232137259053e+02 9.572511076771958471e+01 8.521404591596720479e+01 9.673223058010100317e+01 9.452934005113127114e+01 1.049358410302082802e+02 9.197166714585154068e+01 7.157820569273634703e+01 9.068807311759651668e+01 7.681311043649968440e+01 9.560923697671856303e+01 9.100075770590495949e+01 7.075861528781692300e+01 7.668740153633115142e+01 7.773850440613777835e+01 6.416535217367217570e+01 5.394750551354802326e+01 3.421608771280762085e+01 5.223153825501199776e+01 5.673851807799778868e+01 3.688897900886340864e+01 5.673851992879156825e+01
5.867060748841220885e+01 4.496104046843014146e+01 4.710962252643452786e+01 4.928137766433285805e+01 5.148967621888881752e+01 5.373479018730852630e+01 7.312168152252284870e+01 6.068604629476499213e+01 6.332295784312765363e+01 6.690100595768255687e+01 7.059173096863995056e+01 7.462587132020551905e+01 8.044480059154194862e+01 9.447631152438896152e+01 1.145270084122965670e+02 1.247340613804828138e+02 1.144778485337875793e+02 1.000302552141863117e+02 1.144579358599678898e+02 1.151655102725336377e+02 1.099466838375151809e+02 8.863087301563072629e+01 8.625369715100445944e+01 9.237775003423629983e+01 9.146891839816909453e+01 1.058503789626533376e+02 9.938852447849109240e+01 9.100075770590495949e+01 8.360423861910047094e+01 6.353127429538390913e+01 4.944673400106956507e+01 3.954368565573500405e+01 5.223154156475620624e+01 3.246994864008664905e+01 5.046400328668469371e+01 3.430994002274022137e+01 5.410938882509501013e+01
4.215524731007459280e+01 4.455626561949663511e+01 4.699232034963527127e+01 6.640798099173207447e+01 7.093022947760546515e+01 7.312173165351985915e+01 7.312172106719405917e+01 7.423876546639169760e+01 7.433620454788974996e+01 8.630865863063910126e+01 8.174165966502778247e+01 9.434767530905770627e+01 8.590778086645219958e+01 9.666821569921634705e+01 1.108369070159456129e+02 1.309460767251884761e+02 1.289254418533888327e+02 1.176472728264846523e+02 1.092557073913665420e+02 1.066180931359762525e+02 1.150140503706467285e+02 1.099996168788920414e+02 1.072295619324867175e+02 1.131986669897957967e+02 1.120153436935610358e+02 1.038287357027903823e+02 9.373999461341956874e+01 8.538786371821623788e+01 7.868670493551044842e+01 6.558098283421004737e+01 4.564531943361154021e+01 5.942870354986106207e+01 6.052012207787599607e+01 5.046392845139420302e+01 3.073492586758003142e+01 4.888694532368081269e+01 5.220161088245237124e+01
5.989683106886578656e+01 6.421364488979749297e+01 6.639703241881994700e+01 5.051487544658723294e+01 6.982089444971035164e+01 8.197124414523833025e+01 9.270249797587389651e+01 9.386625622775325439e+01 9.398545987661297829e+01 1.022732682668840312e+02 1.016193794252491642e+02 1.099338416744497948e+02 1.058767855229156964e+02 9.999729650675374160e+01 1.200711276455575103e+02 1.292562603969102781e+02 1.220790018085071580e+02 1.092557073913665420e+02 8.888010892127371676e+01 8.623166530929977114e+01 1.032636908738792840e+02 1.060987413985146617e+02 1.064313827895579863e+02 9.801974801183416730e+01 1.064313827895579863e+02 9.548226068535997513e+01 7.529346675107247222e+01 6.528438737009879844e+01 5.865231450697427817e+01 5.266291455182929582e+01 5.971060441686496745e+01 7.390232007206489584e+01 7.214542387852158356e+01 5.874604701034910192e+01 4.888694532245052926e+01 2.917761940858940406e+01 3.301435366651342918e+01
5.260358287675752109e+01 7.244670949796056902e+01 7.433289664826422438e+01 5.518316457057583335e+01 5.474305022680919564e+01 7.390655593181016059e+01 8.212563698878987850e+01 8.628035980190914245e+01 9.068058626610527995e+01 9.606599003652135593e+01 1.019954013836265005e+02 1.090243573735980647e+02 1.173596685953747851e+02 1.200711276455575103e+02 1.284004760791518720e+02 1.089559075241530479e+02 1.017609657220035615e+02 1.017609657220035473e+02 9.484798354242968799e+01 7.434578521006554297e+01 8.567912171055989745e+01 8.567912144934467733e+01 9.621696484356564838e+01 7.754067254498831119e+01 9.621697422594249360e+01 1.038287357027903823e+02 9.373999461341956874e+01 8.538786371821623788e+01 6.895541255342068609e+01 7.264610893960660576e+01 7.975332435344061821e+01 7.214545283742280901e+01 5.217121874960493955e+01 5.583649567165059580e+01 4.781067616561335143e+01 2.811599655803338393e+01 4.781094979611228268e+01
7.244670949796056902e+01 7.244665283752325990e+01 7.909435194015235027e+01 6.005744329492223699e+01 7.390616100820096790e+01 5.912123480533827546e+01 6.313028903282160798e+01 6.724102801922998651e+01 7.150044377998131040e+01 7.664864060320913097e+01 8.232976871760291715e+01 8.914346759291541389e+01 1.005435461177614798e+02 1.206093609937718725e+02 1.206903847578462887e+02 1.003656739888293572e+02 8.860553896998305845e+01 8.136360876732815939e+01 7.563571003996814568e+01 7.025969735656708792e+01 6.502019766917629795e+01 8.034500936846448838e+01 7.746794142546161765e+01 6.715567259708981851e+01 8.778021027839844237e+01 9.347899445004324548e+01 1.020510232524862460e+02 9.741103376391075130e+01 8.906782465366777046e+01 8.845348378676779078e+01 8.011886265311679267e+01 6.994955881317410729e+01 4.999068340692886636e+01 3.602726785823254829e+01 4.524507569153522724e+01 2.705511722185457657e+01 4.674923264865397243e+01
8.801536250199960421e+01 9.234529658016141695e+01 8.418004587721459586e+01 6.515060281675519605e+01 8.417983173569955113e+01 7.816483313994083915e+01 6.606572858945193616e+01 8.512388959995162452e+01 9.068058626610527995e+01 8.706154687876508547e+01 1.019954013836265005e+02 1.090243573735980647e+02 1.173596685953747851e+02 1.289610769953570752e+02 1.290660420102016985e+02 1.173491658298618319e+02 1.089559075241530479e+02 1.017609657220035473e+02 9.610375676938627976e+01 8.508714696285542800e+01 6.441665324800011660e+01 5.959817053000666931e+01 5.670829696507274775e+01 7.373939884037703507e+01 7.929348707646077798e+01 7.341765754079972339e+01 9.347899445004324548e+01 9.589477364363007439e+01 8.583566749935820894e+01 7.749718465251440591e+01 6.004757444529001731e+01 6.373072385547519758e+01 5.870736806543946074e+01 4.524841289442444037e+01 2.555298260250036080e+01 4.381801077092643482e+01 5.183252870554741065e+01
7.125161422678391432e+01 9.131758042401082776e+01 8.996069649361685094e+01 7.078844735487393791e+01 8.996069649361685094e+01 9.120206732029303964e+01 7.198118170072437749e+01 8.154057097432787771e+01 1.010678290697885160e+02 1.067834648988039419e+02 1.150957607021090183e+02 1.156710273326949903e+02 1.156710273326949903e+02 1.238019207588890112e+02 1.341134617025605564e+02 1.224036280519023450e+02 1.140173608857087970e+02 1.068265954333051582e+02 9.234755920317513755e+01 7.181201228581558382e+01 8.508714696285542800e+01 8.034501047779514238e+01 7.373939920524725267e+01 5.300558601703178851e+01 5.948585310632795853e+01 7.341765754079972339e+01 9.347899445004324548e+01 8.755104433055821289e+01 6.744332497447052788e+01 5.744964887837191014e+01 5.037355255678107824e+01 4.369808538628093686e+01 5.040317222869368408e+01 3.067775146027932109e+01 3.205554478332397395e+01 2.411884028822529302e+01 3.542234898924742481e+01
8.794528897135708689e+01 9.958063804719076018e+01 9.683385699458756335e+01 7.739362340090769976e+01 9.683385699458756335e+01 9.809115428135990555e+01 7.860587385594295995e+01 9.809115428135990555e+01 1.093462101609143104e+02 1.121376953854550464e+02 1.040646665384264935e+02 9.636948319960879417e+01 9.636948319960879417e+01 1.156710273326949903e+02 1.257474437042089335e+02 1.054303442855759414e+02 9.367880483244258016e+01 8.645746032345086007e+01 8.026242265114603924e+01 9.234755920317513755e+01 1.007679901957621666e+02 8.585045446023625004e+01 6.522603241004897257e+01 5.065817776572190922e+01 7.126678577049548835e+01 7.929348708184913619e+01 9.954553747144954912e+01 9.589477364363007439e+01 8.583566749935820894e+01 7.669878265173498733e+01 5.664129846538977375e+01 4.508455968099521272e+01 3.621998088940157601e+01 5.040293123767219186e+01 4.281730182363332204e+01 2.310922288083372322e+01 4.141694376854081128e+01
8.838904367695911901e+01 1.000826460250802654e+02 1.051093847053239614e+02 8.846417179590420687e+01 1.051093847053239614e+02 1.063719923427408531e+02 8.970981135905228143e+01 1.063719923427408531e+02 1.146577732056541521e+02 1.009758682083914039e+02 8.479691443617728908e+01 8.275620095039852231e+01 9.636948319960879417e+01 1.156710273326949903e+02 1.270923638527631994e+02 1.224036280519023450e+02 1.140173608857087970e+02 1.068265954333051582e+02 9.733837202740920702e+01 8.888900365214460919e+01 8.109393214112809289e+01 7.592528593919726632e+01 6.894813621838571294e+01 4.838530856703551564e+01 6.290811983462747747e+01 8.353002568901044356e+01 8.729125924740651499e+01 8.927763828301819160e+01 9.733955985969808467e+01 8.503395033635209188e+01 7.344269874829601008e+01 6.447506996435338067e+01 4.768948709563854749e+01 5.684576985346691202e+01 3.701053363921783301e+01 4.136708457576217768e+01 2.168982055539446918e+01
7.191846750414957512e+01 8.602024283164043084e+01 1.058560217003199568e+02 1.082670595976677674e+02 1.165928829448210422e+02 1.178671968218670543e+02 1.095402816310611058e+02 1.076021587955796832e+02 9.953900678687261916e+01 8.729396170013515643e+01 7.359300697451742224e+01 8.729396170013529854e+01 1.065721921701104833e+02 1.170853979202579183e+02 1.070784319877525235e+02 1.177292177662064461e+02 1.135785355094166533e+02 9.317087744704551255e+01 7.862986519891144610e+01 6.826518298203058066e+01 6.041934733340473684e+01 5.526820119742359338e+01 5.058684668332828949e+01 4.617915438218412305e+01 6.386015898631096377e+01 7.236499235343207204e+01 6.690436846934099435e+01 6.911365249659945675e+01 7.981461970821580110e+01 8.540293324383030438e+01 8.482632406146456105e+01 7.605540522978644447e+01 6.772880271990180745e+01 6.515503388654273920e+01 5.684264530367445900e+01 4.924336333504325580e+01 3.894436703995948079e+01
7.456568547142408931e+01 9.446940724517904187e+01 1.076021961449463618e+02 9.953537929849234445e+01 1.076021961449463618e+02 1.078161844414757979e+02 9.975311497094899948e+01 9.953900678762792609e+01 8.021352389043703113e+01 8.587382678068338748e+01 6.896757118888665161e+01 8.272697679159597328e+01 1.020282696713709072e+02 9.713977912020909855e+01 9.302305431075420472e+01 9.778043561610415679e+01 1.177292177662064461e+02 1.075703941710834926e+02 9.297747151348129080e+01 7.239457754682041468e+01 8.109393214112809289e+01 7.592528593919726632e+01 7.118622568353455904e+01 6.386015898628593845e+01 4.341908998741002534e+01 6.109170891986340735e+01 5.239970568267420958e+01 7.149673532420848687e+01 5.870505456110397091e+01 6.472257646950446031e+01 6.412832270831908943e+01 7.868366831827208330e+01 7.778448517509340832e+01 7.140667323510334086e+01 5.924040618056946528e+01 4.070000022255771910e+01 3.941705060670354754e+01
8.865296685046645564e+01 1.027293176179970118e+02 9.792019246070505289e+01 8.021735430254564392e+01 9.792019246070505289e+01 9.975311497094899948e+01 8.061491762814344497e+01 8.622036585016475385e+01 8.587382678127551117e+01 6.641335037038257383e+01 6.465651940774318973e+01 8.414401286817299308e+01 9.979117015440469629e+01 8.314998039247916495e+01 8.162261054186384968e+01 1.014411053469758599e+02 1.009912284001290885e+02 1.092749779980476035e+02 1.014163067504897811e+02 8.432439257574236535e+01 9.550380696520879553e+01 8.633074716939702853e+01 7.786899271616624674e+01 6.487793718700659440e+01 4.442597945401669080e+01 4.072826243347826392e+01 5.865017962958439313e+01 5.109931714009869097e+01 4.425896954888506940e+01 6.399960043528689368e+01 4.944537396230735737e+01 6.834644240946386162e+01 5.731304892628836001e+01 5.703339724093057583e+01 4.238352254583384848e+01 4.143530271384904040e+01 2.155481704515288754e+01
1.085115365308288915e+02 1.022547136211609455e+02 8.987636680051897997e+01 7.047208391478525868e+01 8.629154539091409504e+01 9.433755839451482927e+01 8.621618862842655062e+01 6.693800635224043560e+01 7.851845807029435775e+01 5.891472817854841537e+01 7.851845807011007139e+01 9.217728174775204764e+01 9.153185794441992584e+01 7.178918441659416771e+01 9.153177887566893389e+01 8.954964193768881842e+01 8.117381932799035837e+01 1.009912284001290885e+02 1.132079832765539749e+02 1.047977971633846153e+02 8.706990077758861446e+01 6.649604489752425707e+01 5.725328657431555257e+01 5.002029505340281901e+01 6.487793718700666545e+01 5.870837021222817498e+01 3.842102554593401464e+01 3.688886115866598914e+01 3.538279920509904031e+01 5.337848389707748709e+01 3.929437552044351634e+01 5.974877842048652354e+01 5.731304892628826764e+01 3.723335928782896787e+01 3.232552532518830901e+01 2.314865286397900945e+01 4.143530297509342120e+01
1.044149853552863902e+02 9.419961237430946710e+01 7.482888341324017745e+01 6.350098946640022746e+01 6.681885278686755214e+01 8.249222670531761992e+01 7.891482065322689721e+01 5.946084986546672724e+01 7.069160203716900526e+01 5.547939497090714411e+01 6.946036890505263273e+01 8.890799301996715087e+01 8.643442731775532195e+01 6.670298854541847788e+01 8.071932323810111143e+01 6.980479750790631499e+01 8.954964193768881842e+01 1.009912284001290885e+02 1.209538411448647963e+02 1.074686853340319459e+02 8.706990077758862867e+01 7.810775072320704737e+01 5.749281335257832382e+01 7.058023991024063548e+01 7.906138202001891102e+01 6.333603331366936828e+01 4.366295838780874305e+01 5.711770940998333401e+01 5.337849422898043628e+01 3.330424804504589531e+01 3.185901282670665324e+01 4.969035407798656934e+01 5.471871710452145265e+01 4.463927558350323466e+01 2.476510441250417927e+01 4.302131094148610657e+01 3.452277024097138280e+01
8.375843558201434291e+01 9.403410725359989897e+01 8.880300627608164632e+01 6.935187729824755820e+01 5.538187926466817146e+01 6.294200259615974602e+01 7.243152717929122275e+01 5.280296381501538860e+01 5.094110369657391857e+01 6.913632955139107139e+01 7.476286440791886889e+01 9.355097490626475576e+01 8.164886964076289644e+01 6.190625021020139229e+01 6.097536048056197444e+01 8.071947906765844039e+01 9.780272801094292845e+01 9.748991569414104674e+01 1.057647367068993560e+02 1.092604779982022905e+02 8.887656186003707148e+01 7.434571891411910372e+01 6.402269175668986634e+01 8.462174253192796414e+01 7.286099746555676404e+01 5.265549723848172903e+01 6.333603331366936828e+01 6.333603331366936828e+01 6.184035678193554730e+01 5.337849236501768502e+01 4.980778917122079008e+01 2.985633582307015033e+01 4.632112218494533806e+01 2.643889321855248298e+01 4.463927302252749740e+01 3.169121498598771325e+01 5.173492441217566551e+01
