LEM/with_lateral_4open/elevation_000351.asc
nrows	100
cellsize	150.0
xllcorner	0
ncols	100
yllcorner	0
NODATA_value	-9999
[rows 68 to 84 of 100, columns 37 to 73 of 100]
7.334735935492649617e+01 5.333254279008770737e+01 7.334735863559109248e+01 9.031567053713156668e+01 9.092313643819917957e+01 9.907803026893328990e+01 9.663284084432636689e+01 7.701759718036539937e+01 6.308097158364844859e+01 5.810460034642365912e+01 5.439926142476301152e+01 7.417988596018962255e+01 8.534525332188137270e+01 9.155270330289150138e+01 9.973494984770134408e+01 1.111018902354298774e+02 9.907416646630512957e+01 7.917621530866456681e+01 8.843826419063374544e+01 9.669667690076605027e+01 1.094988696208866088e+02 9.552130688353004473e+01 8.731119467651140553e+01 7.246815873361185822e+01 9.049979969221509180e+01 1.009169211469831708e+02 8.138663134046075243e+01 6.748250604477706815e+01 5.601544022444597459e+01 4.602305005047556108e+01 6.038430760227837624e+01 4.630786577743477039e+01 5.837612585341366156e+01 7.753119185295392413e+01 8.423171568074938875e+01 7.351723544575298774e+01 6.599435951934988509e+01
6.815747082046387106e+01 4.897079402551018035e+01 6.908018348977738299e+01 8.370779330834102439e+01 7.085291135335359058e+01 8.755514142424031832e+01 9.073226069092389423e+01 8.775435717868111851e+01 7.960088790886526056e+01 7.126307989686512201e+01 5.146065212583332737e+01 7.126307989687251165e+01 8.239192336266916072e+01 9.053907613229200990e+01 1.018805469877975298e+02 1.019763935399553958e+02 9.371367159641778244e+01 8.843826419020294338e+01 6.857146088721850674e+01 8.843826419091929836e+01 1.051451475400877626e+02 9.688944296908212550e+01 1.003616315993011341e+02 9.214151599500483769e+01 1.003616315993011341e+02 9.907537888346230659e+01 7.951976962864765142e+01 7.232218678202650608e+01 5.251565692083790537e+01 6.589609993852467085e+01 7.403697392890674678e+01 6.610548428289672529e+01 5.293267507920754866e+01 6.679464852593665114e+01 8.569434153222498196e+01 7.037434403483338485e+01 5.153635532745329328e+01
4.803211934949007400e+01 4.494670487146139948e+01 5.562759500396139600e+01 6.673307762491464246e+01 5.750740199472374314e+01 7.933558614713454915e+01 7.105352922528621207e+01 7.960088790887411392e+01 5.987214887661293972e+01 6.565056275485952142e+01 4.903230925723968880e+01 5.566953794400318145e+01 6.270263495186605240e+01 7.409973045916245837e+01 9.371926952194476712e+01 9.048378762510398587e+01 7.382546031213030346e+01 8.270321176012436126e+01 6.283334370795324020e+01 8.270321207328204594e+01 9.365710945499391471e+01 7.700531608594783961e+01 9.365710945499391471e+01 1.051451475400877626e+02 1.102071836926056818e+02 9.335277368844066359e+01 7.378995173871928159e+01 5.980837720561451931e+01 7.232218678202650608e+01 8.044422742769710055e+01 8.066242088354827899e+01 6.105683888694047567e+01 6.693474474869847768e+01 8.074700631129009309e+01 8.063943463113518817e+01 6.083014583411897291e+01 4.938773506792443158e+01
6.815747082046348737e+01 6.146211238754797535e+01 4.167343073435766598e+01 4.276759576967609888e+01 6.673307793748439565e+01 7.004923627256914642e+01 5.707571631001656698e+01 6.069836372306589567e+01 6.269650328867615485e+01 4.583520181156899298e+01 5.334850198130120447e+01 7.312558305472238374e+01 8.239192336266916072e+01 9.053907613229200990e+01 8.788520131621417875e+01 8.223120733875830979e+01 6.234879808350009256e+01 7.075209291998571359e+01 5.768712718293356545e+01 7.757283411392874939e+01 7.604174061364842885e+01 6.553766425966445297e+01 7.700531608594783961e+01 9.688944296908212550e+01 1.020814758362442092e+02 8.257896446533311519e+01 7.124618556028674732e+01 7.124618556028674732e+01 8.762695274677128054e+01 9.106799999954637315e+01 7.160094401802871289e+01 8.066242088354827899e+01 8.066242088354827899e+01 9.455926787388182220e+01 8.888811501951919070e+01 7.743349706569185287e+01 6.919752584105970072e+01
7.515123913328331184e+01 5.919549732473585379e+01 3.945255644401921558e+01 5.919549732473585379e+01 6.424474722934724014e+01 5.028007931216335180e+01 5.795123969822330423e+01 4.088949952318431968e+01 4.288202920989637335e+01 5.691287744324489495e+01 7.312558138181195488e+01 6.736345766843346894e+01 8.703658431039548304e+01 8.788520131621417875e+01 6.799237155632863505e+01 7.164277383229023144e+01 7.075209292012640105e+01 5.084265204881540257e+01 7.075209292012640105e+01 7.604174061364842885e+01 5.615314565442059802e+01 7.604174061364842885e+01 9.283175326059389931e+01 9.376870237115410589e+01 1.019561156883859923e+02 9.892801042451081628e+01 9.082169564637497672e+01 9.082169564637497672e+01 9.892801042451081628e+01 9.915061182020862418e+01 8.286519325530659330e+01 9.915061182020862418e+01 1.001237530365146426e+02 9.603101839180266097e+01 8.707373447552284063e+01 7.879048845162365922e+01 6.455719522029154689e+01
6.115691730581705343e+01 4.703741945304950889e+01 3.734422365562316060e+01 5.419360464887405726e+01 5.345572400617165698e+01 3.624494326915399967e+01 3.813551186069554433e+01 5.795123970447525608e+01 5.221259349544958894e+01 6.957998048908227418e+01 8.481384223170236680e+01 8.703658431039548304e+01 9.519093431608767730e+01 8.570714913812341251e+01 6.581711883430897103e+01 5.174064625849502619e+01 6.169171004538264214e+01 4.700980702424667612e+01 6.692051923814361203e+01 7.052561235434883713e+01 5.062367275641355491e+01 6.470234914198670140e+01 7.760345605416436854e+01 7.397039984963927850e+01 9.328454457217262075e+01 1.047049975964514630e+02 1.007630263370127750e+02 9.254558370226266106e+01 1.007630263370127750e+02 1.103858886795205194e+02 1.022732423945123799e+02 1.011323601728796149e+02 1.019266665810953754e+02 8.188964385910195176e+01 6.770559956756530084e+01 5.876539421774052840e+01 5.211817658367634465e+01
6.513844751374428199e+01 4.520790087296809645e+01 5.419343350189173236e+01 3.456731880172352334e+01 3.361241373003540645e+01 5.345572543308409053e+01 4.959307830564684139e+01 6.612256585579213208e+01 7.040069897454704062e+01 7.040069897454704062e+01 9.006987349661318376e+01 8.982033389184660166e+01 8.161212137041917458e+01 8.161212137041917458e+01 7.989010180567626662e+01 6.169171004539266789e+01 4.179702470050921193e+01 5.729770911859561977e+01 6.554268684325211325e+01 5.924240563894316125e+01 4.579921920896381948e+01 6.569870687865378045e+01 5.775091939231005256e+01 6.527453682400677337e+01 7.673071505554328553e+01 9.652039580089775939e+01 9.078671601146714920e+01 7.254575960735398610e+01 8.880821310213545416e+01 9.698284091592782374e+01 9.526151732644471792e+01 8.111947813714073163e+01 9.526151732644471792e+01 9.603101839180266097e+01 8.707373447552284063e+01 6.843902642117264179e+01 7.211545704032923254e+01
5.460307830565355403e+01 6.513844751374428199e+01 5.820491300469257112e+01 4.977792131413681886e+01 3.176971971667283512e+01 5.162892471113936210e+01 6.936869925618736943e+01 7.752775974529126302e+01 7.792259615876790235e+01 7.792254428687823520e+01 8.618290448085485878e+01 8.161212137041917458e+01 6.179140989859999422e+01 6.179140989859999422e+01 7.274802972773963461e+01 6.993776632118856185e+01 5.729770911865265504e+01 3.742498013163486803e+01 5.310816985686663116e+01 3.936257819113631484e+01 4.430002365153976740e+01 4.961368902244394263e+01 6.949869190059126822e+01 8.509481829539060982e+01 9.328454457217262075e+01 9.432630083141519606e+01 7.429494257368176591e+01 6.233559540010584499e+01 6.863348599491229152e+01 8.844972839795585173e+01 8.629326752184643112e+01 6.690142131855414220e+01 8.629326752184643112e+01 9.786521916711208746e+01 9.674236118716653721e+01 8.847371188579724333e+01 8.007368602627343535e+01
7.453395100978003995e+01 6.511647282054747166e+01 4.405599835126903230e+01 2.986248316981533790e+01 4.750686652549332933e+01 4.779199726484335287e+01 6.728036832813232593e+01 6.902354323627608323e+01 5.802378292077164446e+01 5.802378284521768848e+01 7.792254428687823520e+01 7.904426240083381572e+01 5.921660988038416917e+01 4.773890300884423255e+01 5.290382417723263586e+01 6.693031702275338546e+01 5.846208560118942898e+01 5.022117689402762153e+01 3.323636984457309040e+01 3.706146192708394693e+01 4.455502795050501419e+01 5.345514455027677059e+01 6.494144185154229376e+01 8.467582326209121391e+01 9.645112680204260869e+01 8.490283426210130813e+01 7.429494257368176591e+01 5.398239560951780192e+01 6.956718589911588424e+01 7.754347625447876169e+01 6.943418653191167778e+01 5.790976805514845438e+01 6.951984230805085474e+01 8.958695789652553287e+01 1.068981203361942107e+02 8.689423867212457253e+01 7.270397913092230624e+01
6.619464439439212811e+01 6.448883025713831785e+01 5.604458997323504121e+01 4.789386611456985321e+01 2.797221822767083665e+01 4.789386611464729526e+01 6.321876322194357556e+01 4.915942991123581152e+01 4.400801022756223801e+01 5.802378284521768848e+01 7.792254428687823520e+01 8.725076972732928482e+01 7.274802972773963461e+01 5.290382417723263586e+01 3.885220498558270918e+01 5.190281224122124826e+01 4.751398729766235363e+01 3.032747744962665948e+01 4.775388606467395647e+01 5.671525669077648502e+01 5.328080381198891757e+01 7.257043792316326858e+01 8.139431757037451121e+01 9.274512277665415638e+01 8.817314074609603836e+01 6.816370267879685230e+01 5.658301506368513145e+01 4.875823700219395818e+01 6.879781302782414798e+01 6.363039534639959527e+01 4.936087902667322425e+01 5.569598617304237820e+01 7.578776480351049827e+01 9.480269695126625606e+01 1.048106253059986699e+02 1.009972268565073676e+02 9.275323996147734817e+01
6.619464439439212811e+01 4.631463588973323908e+01 3.637106459951520776e+01 3.137913854845534445e+01 2.664566534107346740e+01 4.480598710207936364e+01 5.304450231872197463e+01 3.515211217848957403e+01 5.497749400188205726e+01 7.210334366296289943e+01 8.343096046925680298e+01 7.434219497109823749e+01 6.609301793650325862e+01 6.693031702541949812e+01 5.190281224122134773e+01 3.201894396577083057e+01 2.758693812611525331e+01 4.751398729766601292e+01 3.970663292637360087e+01 5.952321039351833321e+01 7.316386738602953699e+01 8.139076230833160253e+01 9.385049587311962682e+01 8.556606451274919323e+01 8.591028192848735046e+01 7.762599001356362294e+01 6.394775027443606064e+01 4.389955136307501959e+01 5.826585317287133847e+01 4.358513621623730216e+01 6.363039534639946737e+01 7.578776480351049827e+01 6.644053230321279102e+01 7.650392928495666922e+01 9.653904293436443140e+01 9.754082195103686104e+01 8.921731022065785055e+01
5.625482797343536845e+01 4.631463588973323908e+01 5.625464014206266938e+01 5.127988404191869165e+01 4.480592458672132494e+01 2.482378937537549746e+01 4.308933877678862245e+01 2.999426550878288111e+01 4.985860194394810918e+01 5.494078332297243605e+01 7.504594381302577233e+01 6.284969790020079472e+01 4.619144127696927171e+01 6.284969789756230085e+01 5.148292123204869597e+01 4.323620626520601462e+01 2.567788335893053286e+01 4.562259564127619882e+01 5.952516583517864035e+01 5.114186928876974036e+01 6.257637978234980380e+01 8.245237044387177150e+01 8.556606451274919323e+01 6.556681777950457501e+01 7.142446152904892642e+01 5.762668525698133237e+01 7.052819944661443685e+01 5.570521237964636185e+01 3.823969462692335952e+01 5.826585317287133847e+01 7.193211850674023822e+01 7.351648783083260241e+01 8.176762712402016575e+01 9.480269695126625606e+01 1.048106253059986699e+02 8.921731022065785055e+01 6.919768194219562929e+01
7.442862723275489145e+01 6.037268051827013693e+01 6.787553714790173842e+01 5.184203051105302507e+01 3.194109239342263251e+01 4.308927875730885404e+01 2.303000267405440837e+01 3.112645009138302754e+01 3.946515926345632153e+01 5.863014901389401246e+01 6.867511057393409146e+01 4.877391084984804337e+01 3.469261746026932514e+01 4.464772737748429421e+01 4.091839948211602973e+01 2.329767841782985371e+01 3.246980346171416443e+01 3.479883856530963726e+01 5.471495257385401345e+01 7.097696188503157089e+01 7.923136121228387196e+01 9.072159873404417851e+01 8.036837214503145788e+01 6.036918002301248976e+01 5.142502030047406691e+01 4.607980752331784657e+01 5.941285991755417228e+01 5.559047263482724333e+01 3.559062990088755640e+01 5.190820310795645298e+01 5.720631297601944709e+01 5.354068482619928204e+01 7.253462820473060901e+01 8.251632573356039302e+01 9.257007272403265574e+01 8.425103614948969266e+01 7.506129530812323480e+01
8.848457394723605773e+01 7.781366917499427416e+01 5.963643819676411084e+01 3.976451975359493218e+01 5.184203051105302507e+01 4.192352641051897422e+01 2.178496095463028581e+01 4.028734898340511705e+01 4.853614573034830926e+01 5.860269382581741837e+01 6.480848653914300428e+01 6.096216969297120158e+01 4.464769044174206414e+01 2.471505934396622450e+01 2.097128395804787715e+01 4.091839792187645486e+01 4.265718714127491040e+01 5.470312832317957685e+01 4.621261085171482819e+01 5.785278768206433142e+01 7.790859053241840115e+01 9.669791976928500787e+01 7.669839006433579698e+01 7.142446152904894063e+01 7.142446152904892642e+01 5.941285991755417228e+01 3.941314586393189501e+01 5.338271928414823009e+01 5.190820310795372450e+01 3.190833120661995537e+01 3.721297287288284394e+01 4.428403253190538891e+01 5.428382169200622798e+01 7.426442276876838378e+01 8.425103614948969266e+01 6.423372265390717928e+01 6.798697266962149399e+01
8.104102336460124434e+01 6.117001155462484263e+01 4.970438704660141838e+01 5.381733050256409712e+01 5.600373914687988020e+01 3.609244432037930039e+01 4.026974214823646747e+01 2.003699615968580616e+01 3.865509309975467289e+01 3.865509309975467289e+01 4.489372487937596645e+01 4.489367755050449205e+01 3.280387064711615608e+01 1.868461884561015296e+01 3.863779694812711796e+01 4.091838965714032383e+01 6.082853687932704645e+01 7.112631598522295917e+01 6.632936735795239258e+01 7.461301192755715306e+01 8.617585625187179232e+01 8.979551758150650187e+01 9.669791976928500787e+01 9.142403005116547376e+01 8.496584737619143368e+01 6.769701404450933069e+01 5.338271928414823009e+01 3.338291851810257072e+01 4.772594555227744451e+01 2.936832611482220301e+01 4.936821682977802084e+01 6.427350228872847993e+01 7.253462820473060901e+01 8.251632573356039302e+01 8.456214708614993469e+01 7.009665803562619146e+01 5.008807880013745972e+01
8.929609442376920470e+01 7.781366917499605051e+01 6.374685437522434484e+01 7.368500690335783077e+01 6.424876198674589034e+01 5.600259563366184778e+01 4.375653955688024155e+01 2.411439875395931409e+01 1.836516322007815560e+01 3.706128191063764632e+01 3.595541130335224267e+01 2.483141115437235413e+01 3.494021393029267131e+01 1.714266029022014237e+01 3.126333669440800378e+01 5.118541234606664858e+01 6.203511215468494555e+01 7.029693186019788698e+01 7.143208249419444655e+01 7.967825413241372701e+01 8.394133504470228502e+01 6.977459628559698501e+01 7.759703966031376865e+01 7.173857430093310938e+01 7.669981220051529647e+01 5.670624320001776653e+01 4.515953023511519149e+01 4.772588828091572566e+01 2.772604405447203391e+01 2.708909217788604806e+01 4.123121305995670838e+01 6.123101357303556114e+01 7.425787028601963868e+01 8.254766752417282305e+01 7.625167370831617575e+01 5.624033662446202442e+01 4.623828184727364032e+01
8.195977119650727616e+01 8.195977119274652978e+01 8.362315945077963875e+01 8.423235988783541472e+01 6.406113477307228266e+01 5.252598082461312146e+01 3.291714199354605341e+01 4.354212675076390582e+01 3.447280171075883715e+01 1.688388825054738618e+01 1.592234788123342426e+01 1.493375157841794021e+01 1.498241693482239612e+01 3.486443811735217935e+01 4.117534840045827593e+01 4.569079739327661116e+01 4.201750428042241481e+01 5.731537253562139966e+01 5.146803981469314948e+01 7.143208249419444655e+01 7.397410136001096248e+01 5.574974093223730165e+01 5.769258668457389660e+01 5.187454811695339174e+01 6.595241112163866148e+01 6.516841395930707392e+01 4.515967206913458654e+01 3.101747649810132046e+01 2.394616956242976258e+01 4.394633181056066462e+01 5.537393434221422694e+01 6.011338145035999503e+01 5.425454234179492374e+01 7.425787028601963868e+01 8.456214708614993469e+01 7.454887496968011362e+01 5.469454072222630003e+01
