LEM/with_lateral_4open/elevation_000507.asc
nrows	100
cellsize	150.0
xllcorner	0
ncols	100
yllcorner	0
NODATA_value	-9999
[rows 68 to 84 of 100, columns 37 to 73 of 100]
5.151569203230062044e+01 7.159155648227171298e+01 8.651620947835623099e+01 7.387264524721339853e+01 5.380108299152699658e+01 6.860159476458206029e+01 5.332581456053537750e+01 7.340031899645634894e+01 8.681965218568143428e+01 9.817985271975820183e+01 1.064146907187998607e+02 8.952779342541951735e+01 7.419980489786507860e+01 5.410209320876830219e+01 7.419980377785819314e+01 7.462255304097412534e+01 5.350120322469160072e+01 6.590443759778850108e+01 8.049437171011665271e+01 1.005989868829949501e+02 9.387668574964688162e+01 7.631058361779810184e+01 9.387668574964688162e+01 8.925965687167214924e+01 7.060229728426773477e+01 8.925965687167214924e+01 1.056460079852083567e+02 9.745542599045279530e+01 8.768415750078538906e+01 1.017292708232539269e+02 9.587018027335957981e+01 7.589948935353665149e+01 6.181779941749888252e+01 7.109521777288891542e+01 6.613916554657104996e+01 5.377781230256356793e+01 3.421285881058325629e+01
4.784926128653711430e+01 6.206704974125621987e+01 8.206501812217494773e+01 7.475385273307034595e+01 6.860159470332925480e+01 4.851967706218888310e+01 6.860159476458206029e+01 7.340031899645634894e+01 9.334252137718497977e+01 8.773640686977003611e+01 9.608374353984120830e+01 8.127308548825266143e+01 6.123799188821675443e+01 4.955054058688575935e+01 6.388748995331307157e+01 6.431933741168148799e+01 4.906579168486142351e+01 6.398120414816029466e+01 8.462867179698596942e+01 9.528284962145053782e+01 8.503161474799941288e+01 6.407655828996611547e+01 8.503161474799941288e+01 8.072538982167372978e+01 6.050227740716855607e+01 8.072538982167372978e+01 9.020158495218971950e+01 1.007312613258785348e+02 1.075368164635400916e+02 1.041665197292322347e+02 1.017517984362571610e+02 8.174876929897226319e+01 7.109521777288891542e+01 5.120071493434372911e+01 5.788080096748757342e+01 3.820254788514065325e+01 3.759105321601325755e+01
4.436071616296976572e+01 6.090973276534627701e+01 6.886292089557349527e+01 5.471653161778814223e+01 6.284315975519209729e+01 4.608944839224817969e+01 5.769844375922534141e+01 7.773361757343819534e+01 8.467190048467772101e+01 6.813055102996661105e+01 8.467190048467772101e+01 8.868546120533407873e+01 7.615284303938429389e+01 6.313196189417902815e+01 4.334206160455251933e+01 4.397853125095448945e+01 6.431933741168148799e+01 7.002870740817144224e+01 9.051898880053072105e+01 8.692613252153635983e+01 6.665016061066877739e+01 5.682341442507841833e+01 7.536107887921552617e+01 6.700911789218339720e+01 5.375030188310102375e+01 6.140478041597715730e+01 7.150240528194606782e+01 9.193704095752791261e+01 1.023731822884767269e+02 8.428300525678508848e+01 8.428300525678507427e+01 7.766284540374780931e+01 7.252615203502183761e+01 6.219812562777894982e+01 4.241471591538620345e+01 5.788080096748757342e+01 5.737887064881460475e+01
6.090973276534463565e+01 4.084934343942336454e+01 5.747111510587066618e+01 4.052372097297041620e+01 4.277510362118097476e+01 5.697606770077162963e+01 7.443593445413642939e+01 8.598310199088767547e+01 7.641696072296657860e+01 5.705976839116334531e+01 7.641696072296657860e+01 8.036618153540496223e+01 5.798694133184262256e+01 4.019340328566941878e+01 3.833812770861913322e+01 5.994446972868337298e+01 7.279513811861244221e+01 7.409778945200253020e+01 8.235809744950475420e+01 8.444024284762288346e+01 7.037087078132640272e+01 5.006198722231120257e+01 6.700911789218339720e+01 4.681866487292440127e+01 6.109759699419192458e+01 8.099692422792054458e+01 9.014396313705806563e+01 1.006687414709535489e+02 9.406269451979798646e+01 7.435360924399299165e+01 6.440317518776365091e+01 5.775651039246226759e+01 5.262250860848448752e+01 4.783468576393806160e+01 5.376472710004657074e+01 7.026239533898174727e+01 6.620289664667109264e+01
6.732926298725963932e+01 4.743910808284130809e+01 3.741877034523029977e+01 5.747111511265888595e+01 6.284315975498453355e+01 7.111823415333634557e+01 8.526038839159907923e+01 8.250648879616119302e+01 6.957315974169138428e+01 5.013400847001025085e+01 6.957315974169138428e+01 8.170217923292766216e+01 6.129304899293558861e+01 4.837659627927286010e+01 3.744272331907936291e+01 5.416083578571980439e+01 6.245543251264577123e+01 5.404436640180917806e+01 7.079906515262945277e+01 7.613215653683053574e+01 5.596029876115574808e+01 4.467209084886803083e+01 6.278761694167235419e+01 4.262719187685721067e+01 5.689179303979653923e+01 7.702139496694321963e+01 8.485281089717307168e+01 9.313570021831368706e+01 1.023731822884767269e+02 9.253063944752234704e+01 7.401191765000076828e+01 7.766284540374780931e+01 5.843462750373257819e+01 6.770140406059553584e+01 7.332854666352045570e+01 8.146040663130129644e+01 7.019699110489733584e+01
6.732926298725963932e+01 5.587381312323065430e+01 3.582905620052141415e+01 5.363930032560548256e+01 6.192077653979394825e+01 7.398568738815109214e+01 7.950683544639097988e+01 7.427362703204826744e+01 5.471041837496223081e+01 4.413071304236850523e+01 6.371203510431627137e+01 7.773193081449667829e+01 7.591085224283287403e+01 6.582659188621744306e+01 4.828008103113379690e+01 3.409141441882736245e+01 5.092555908921294616e+01 4.243788298821328908e+01 6.251994025435270430e+01 7.767882311880249802e+01 5.966190363203170222e+01 3.949068980697907705e+01 5.483403848701049554e+01 3.877247312546607816e+01 5.890346052308448321e+01 7.066561417055238792e+01 6.478908487433099594e+01 8.485281089717307168e+01 9.501711432876169283e+01 1.021906808468516346e+02 9.390761099568769055e+01 8.662034059687911736e+01 6.838793675864978638e+01 8.662034059687911736e+01 9.160308217580849544e+01 7.188934400572861705e+01 6.044627448983223417e+01
7.548664234770276948e+01 5.877920740799191890e+01 3.942594065797651126e+01 3.359678379220471101e+01 4.567972092343993751e+01 5.951356262620850401e+01 5.951356262999831870e+01 6.090812809377152348e+01 5.831241778422924682e+01 3.858244513979646229e+01 5.004629738831960140e+01 6.954568938875371487e+01 7.598086188085184745e+01 7.663033353345748822e+01 6.245539560355225461e+01 5.092555908921294616e+01 3.087342560181907913e+01 4.504600925367618203e+01 6.512004776580566556e+01 5.994261058218580018e+01 4.923464358806484853e+01 3.502040165549608730e+01 3.473548546968181228e+01 5.483403848696857352e+01 4.511967731631321499e+01 5.050745582238983644e+01 5.766105103166009371e+01 6.670121176374613015e+01 8.089243869777159546e+01 1.008551893802134600e+02 1.044093194434461509e+02 9.659197336882239426e+01 8.829753379025974880e+01 9.659197336882239426e+01 9.983470213596834242e+01 8.842605745289750985e+01 7.188934400572861705e+01
5.494814216563189291e+01 4.818723948087642128e+01 4.247576786375585556e+01 5.154967513886213482e+01 3.151749029988571138e+01 3.946449681988872982e+01 4.810738201839252071e+01 4.086721508496454902e+01 4.887508859113074067e+01 3.422015248439832646e+01 4.826304558497572117e+01 6.786697700974512770e+01 5.598309041253192930e+01 6.662016165361806941e+01 6.297882673491887573e+01 4.290931161224868617e+01 2.874079898780310671e+01 4.583120256890528310e+01 5.403642677305573017e+01 3.986071203537660068e+01 4.775023820661390062e+01 3.085650863188174142e+01 4.503798638999259651e+01 6.314748478005941479e+01 5.939113647600074586e+01 6.159200642092170597e+01 7.777804592289659524e+01 8.606283971787631515e+01 9.501711432876169283e+01 9.855776416812385321e+01 8.442058562692872670e+01 9.855776416812385321e+01 9.774640817127369985e+01 9.515136856689771605e+01 1.034355386925147400e+02 9.983470213596834242e+01 9.160308217580849544e+01
7.250062901736325216e+01 5.242342314422962346e+01 6.246202608079647689e+01 5.983257088950657732e+01 4.948902974066742644e+01 2.946660485266527019e+01 2.808885689750053061e+01 2.671710696596011658e+01 2.857020813379773827e+01 4.692795536418802982e+01 6.023249720203454416e+01 5.496243024819961676e+01 4.178384406738386048e+01 4.658399568152776027e+01 6.662016165361806941e+01 5.708244325883475767e+01 3.995484036869015654e+01 2.578528285002915155e+01 4.295822450039135987e+01 2.568671338044541841e+01 2.769319622362976574e+01 4.775023825190875471e+01 5.923730409674737984e+01 7.343662260477915993e+01 7.949055456291763733e+01 8.167944312084310354e+01 8.996753270061383034e+01 1.007075287631904530e+02 9.242791745246836399e+01 8.962669432596108265e+01 7.031524152484898593e+01 8.962669432596108265e+01 7.777126264989523463e+01 7.518165197672138333e+01 8.929370877798410788e+01 1.092930102730603892e+02 1.060845874650885321e+02
6.513093873767117259e+01 7.250062901736325216e+01 7.387539054115151771e+01 5.706566284497285579e+01 3.701759909927179848e+01 4.933941715857321242e+01 4.810722960574555884e+01 4.480913734227414125e+01 2.478457389479524409e+01 4.311485153777638146e+01 4.194658072782301872e+01 3.492269304504209515e+01 3.020115474196586547e+01 4.436854024173958067e+01 6.434998724912161094e+01 6.829664360776025944e+01 5.290750999029618384e+01 4.084228301652410664e+01 2.290145369707943601e+01 4.295822526063265201e+01 4.775023821439432936e+01 3.476406073438138833e+01 5.485261457096018489e+01 6.880917710046972502e+01 7.590995785561032960e+01 8.416723219583164450e+01 9.569084206600234666e+01 9.242791745246836399e+01 7.246061590983603651e+01 7.830890312967642330e+01 6.139484864931856123e+01 7.469748800545600886e+01 6.366637323961875694e+01 8.362184731791892034e+01 1.034355386925147400e+02 9.729890443293820113e+01 1.031655901658906913e+02
8.518209151510151855e+01 8.455348116837026851e+01 6.561546641593484708e+01 4.556439970961740471e+01 5.706566284497285579e+01 6.301656193676664230e+01 4.974237239084880002e+01 2.971266208596356861e+01 4.311485775753727978e+01 2.308056418119369368e+01 2.191876269274228406e+01 2.076565922195696245e+01 3.737352986270005317e+01 4.709441040247756405e+01 5.763210563320658508e+01 6.089056786636731289e+01 5.257548012514413927e+01 4.154222189635357410e+01 2.149920818375210985e+01 4.154222185623761021e+01 6.000402928592710339e+01 5.485261452376808933e+01 4.262602235942853923e+01 4.869072066189583126e+01 5.582591696089488664e+01 6.746387788918404738e+01 8.744751765214355999e+01 8.804333857290905030e+01 7.830888149828859923e+01 5.835082556416431743e+01 5.433493457100004065e+01 5.473869782348739221e+01 6.626195542157435625e+01 8.622063980948982476e+01 9.142170681378340191e+01 7.725793372798301561e+01 8.312779814590352601e+01
8.781970660281739072e+01 6.788520664692532591e+01 5.630190889173983493e+01 6.561546641593484708e+01 6.876544333397016828e+01 5.492138188273823829e+01 3.487104768954554146e+01 4.974153608388376568e+01 4.701444828809135146e+01 2.686743424470393293e+01 4.183080904057170102e+01 3.919063149651821476e+01 1.916629165321995032e+01 3.760508909077250905e+01 3.760508909077285011e+01 5.259634869008420566e+01 3.244526199632322516e+01 3.827860894639375999e+01 2.010856276038446211e+01 3.168101388432886978e+01 5.172315029187172541e+01 5.807786932298866134e+01 6.274323424884615719e+01 6.880917710046972502e+01 7.590995785561032960e+01 8.416723219583164450e+01 8.219543713505397875e+01 6.806779562963623675e+01 8.174653555066680610e+01 6.179450891704686200e+01 4.766913479867625369e+01 6.764099006448124385e+01 8.297238448483909679e+01 9.450087521508665134e+01 8.312779814590351180e+01 6.310826481208638938e+01 8.312779814590351180e+01
9.605288956669394906e+01 8.455348116837026851e+01 7.631051768712249839e+01 7.465440709326618673e+01 5.461839728666304694e+01 4.042037696582015371e+01 5.492138188332133097e+01 5.569330118101913740e+01 3.443442096753304327e+01 4.701444828809135856e+01 5.542424628780722173e+01 3.919063149646875388e+01 3.760508909077105244e+01 1.758188412095569930e+01 3.604864117465339746e+01 4.424948769244726776e+01 3.644462809118412849e+01 1.824006036299437739e+01 3.546683045216529706e+01 2.679044275320983459e+01 3.233734421727803010e+01 3.809595716122345976e+01 5.807786933474891811e+01 7.636369375974788909e+01 8.636841659952398231e+01 8.804333857290905030e+01 6.806779562963623675e+01 5.394418888873161677e+01 6.238632470821915632e+01 5.984758910857226510e+01 4.432958869856076944e+01 5.587518823308947447e+01 7.583757649518575761e+01 8.974669603400357687e+01 6.972256927687834605e+01 5.604128718179413227e+01 7.604982425763748211e+01
1.067218980862261617e+02 9.848227633843310969e+01 8.266637789465262642e+01 6.683330634386308589e+01 4.676391859620959934e+01 6.048680869109693248e+01 6.876544333397016828e+01 6.232400562146541034e+01 4.135620761583146532e+01 6.232400562146541034e+01 6.749085700332008741e+01 4.831505236794867386e+01 2.827854576388673991e+01 3.604864117465643858e+01 1.602650388033622519e+01 3.587908618111488579e+01 1.640877239822098588e+01 3.644462809115704971e+01 3.808544395836403140e+01 4.677029376959947626e+01 4.310148869461965404e+01 5.807786933474891811e+01 4.806822949766738162e+01 5.807078714393338004e+01 7.810423119972730888e+01 8.369124733950042128e+01 7.215812782905938150e+01 6.238631994067898745e+01 4.238928377115092161e+01 3.984147776178337352e+01 4.982307588836931700e+01 6.925359646439697769e+01 8.411273036752177745e+01 8.285486106284589880e+01 6.972256927687834605e+01 4.972131636038930935e+01 6.972256927687834605e+01
9.848227633843310969e+01 7.857355121005272736e+01 7.441044727219089339e+01 5.436321672694658247e+01 5.837030943436824515e+01 7.510203989093390931e+01 7.654518831134501511e+01 5.643339887833179347e+01 5.643339887833179347e+01 7.059636828076773440e+01 6.248056574044704092e+01 4.244750461108364448e+01 4.831505236794951941e+01 3.498879462246941330e+01 1.493502515727394808e+01 3.335601313105502896e+01 1.512253150107352084e+01 3.516473239078899127e+01 4.894600118514406972e+01 6.622366599288865530e+01 6.309455824035580918e+01 7.137098964749014840e+01 6.808750917183033380e+01 7.636369375974788909e+01 8.636841659952398231e+01 7.541454972702929638e+01 5.544098939638229950e+01 4.388965329607236754e+01 3.568570158451159102e+01 5.572064344895278509e+01 6.774750677453683068e+01 6.925359646439697769e+01 8.860971055560330001e+01 7.456209328236275269e+01 5.455444268279833864e+01 4.455965990065580939e+01 5.823415282357672140e+01
9.639685467585601941e+01 8.440468179537631954e+01 6.441621274900538197e+01 6.596633037705075253e+01 7.839397511438231447e+01 8.664522640886625027e+01 8.475933768320382455e+01 7.654518831134501511e+01 7.654518831134501511e+01 7.980144189549187672e+01 7.074876569356084133e+01 6.248056574044704092e+01 5.516114415088534884e+01 3.498322818766767739e+01 3.342168009704020903e+01 1.340068461397549804e+01 2.470243886085874152e+01 2.063959726291268737e+01 4.060287560320593769e+01 5.114879965572227150e+01 5.619378987887412791e+01 6.454983429487310786e+01 7.944617297321563854e+01 8.782272816439656538e+01 8.376913524424382729e+01 7.568891621639384937e+01 7.215812782905938150e+01 5.321627549483375930e+01 3.315273473972066398e+01 5.321627549483375930e+01 6.077323953356305708e+01 8.075504291470535634e+01 8.272343322696819712e+01 8.285486057693017869e+01 6.978331211875220674e+01 4.977958143480190500e+01 3.823436999842110851e+01
8.821867328988665236e+01 9.264772464813940189e+01 8.440468179537631954e+01 8.594532546347745949e+01 9.418770641681500422e+01 9.433016813497384589e+01 8.610079920093841110e+01 7.803569002485320993e+01 7.409161554073560296e+01 6.030211517289994561e+01 6.746898483885647124e+01 7.067709909147535541e+01 5.090022049333909138e+01 4.673341622293012421e+01 2.674428864506629466e+01 1.259339931483424024e+01 3.261319083929860341e+01 4.060280480532466640e+01 2.659788496294494209e+01 3.102197382065890707e+01 3.601382898631077012e+01 5.619378987887412791e+01 5.931805964364890116e+01 7.944617297321563854e+01 7.568891621639384937e+01 5.618446641995424073e+01 6.189718750201886621e+01 5.076512386896149565e+01 3.066713734383705869e+01 4.075700820436000527e+01 6.077323953356305708e+01 7.100607789989759056e+01 6.242837845375919414e+01 7.675120802584945068e+01 7.807497444484488369e+01 6.423527545055523547e+01 4.423344125701080998e+01
