LEM/with_lateral_4open/elevation_000336.asc
nrows	100
cellsize	150.0
xllcorner	0
ncols	100
yllcorner	0
NODATA_value	-9999
[rows 34 to 50 of 100, columns 0 to 36 of 100]
2.064481644892168788e-02 1.188202478131618633e+01 2.092203581878994356e+01 8.177375172319479191e+00 2.752185055637840350e+01 4.087460584224647420e+01 4.067197801613056640e+01 3.736395785874483977e+01 2.316292646992053506e+01 1.045715157791675587e+01 1.169446099100248304e+01 1.293508491269493632e+01 1.418566524050521593e+01 3.445009229516956140e+01 3.754295045570610512e+01 3.939983877439169646e+01 2.192287150484945712e+01 4.204164211270873608e+01 5.302185124931571636e+01 6.174720925082238665e+01 7.000494698573038477e+01 6.954245817210362191e+01 6.954246253225572616e+01 7.784072268046874399e+01 8.280150566600185869e+01 9.108564974502823475e+01 9.405475894121713054e+01 7.989926725739884716e+01 7.989926725739884716e+01 9.991476269348623873e+01 1.102007631196862860e+02 8.995506306190782198e+01 7.563433888310306941e+01 6.399559301549456336e+01 6.212416597648558536e+01 8.230930949040161693e+01 8.296529386811458551e+01
2.905961989428186565e-02 9.750358451513750913e-01 1.922116328957698794e+00 6.343900781340511053e+00 2.324875914206084815e+01 2.540679634655986874e+01 2.049343774381083705e+01 2.740704603924043425e+01 8.768665139629945315e+00 2.906713821152309407e+01 3.196937001566623948e+01 2.731993821485653484e+01 2.856042861295319923e+01 2.508682223566773573e+01 4.520558678540369613e+01 5.032816473770171939e+01 4.204164211277062435e+01 2.466704727362825622e+01 4.473543008346462102e+01 4.172050937084996747e+01 6.158829456016108850e+01 6.911929482222548415e+01 7.184013844231203905e+01 6.866483332692743602e+01 6.280922160246291241e+01 8.280140984564434348e+01 8.467120802345894504e+01 6.576715899630106321e+01 7.869254293306705961e+01 9.870355520100748947e+01 1.102007631196862860e+02 8.995506306190782198e+01 7.563433888310306941e+01 8.419322941888025014e+01 6.971972678133424495e+01 8.995905743495809759e+01 9.133035206972520825e+01
3.542675937824442400e-02 2.003542675428021980e+01 2.235968081125631102e+01 3.278256230311876962e+00 4.226184664016719772e+00 5.168370484965018719e+00 6.121706512736669659e+00 7.101652880649702126e+00 9.131135670213586408e+00 2.942673903695246906e+01 4.063549899388877407e+01 4.750536598364855223e+01 4.855311613074447052e+01 3.933700799922991820e+01 4.152950207483161904e+01 6.156802797498396984e+01 5.181153189585756280e+01 3.179536270467375303e+01 2.753491803538928551e+01 4.680350135096439601e+01 5.258757969623925277e+01 4.913040929368095533e+01 5.185110616162788233e+01 4.867754656586197370e+01 6.355284374630477373e+01 6.675474320908547554e+01 6.467532290664003369e+01 5.870333278287696999e+01 7.869254293306705961e+01 9.192407072503539212e+01 1.008730357553728680e+02 1.042527901085186528e+02 8.995506306190782198e+01 8.995905743495809759e+01 8.402573467470453750e+01 9.833353336158066327e+01 9.797500435143385289e+01
3.411803931810562102e-02 1.531207025053991444e+01 3.379296917887054263e+01 3.092860924609863815e+01 1.850357212847181998e+01 1.949453345096994639e+01 2.640359529998271881e+01 1.429907715410874580e+01 2.939134360487613762e+01 1.205084737305883458e+01 3.232414403602813735e+01 4.361174072083628772e+01 5.779723271315413768e+01 5.937091215216067752e+01 6.156802797498406932e+01 6.595260372013885330e+01 4.595410815975092333e+01 4.595410815975091623e+01 4.756859413931444891e+01 3.048983498118201396e+01 3.272120308986249881e+01 3.499034310888379196e+01 3.771411272452456842e+01 4.051524521011816660e+01 4.356499882827966985e+01 4.676675225536639147e+01 5.054471276941542612e+01 5.608793837005958238e+01 6.363992425735467151e+01 7.257392355830846498e+01 8.671217277620588959e+01 1.067383748198946591e+02 1.102007631196862860e+02 1.102013242691055979e+02 1.042833657126989522e+02 1.039167923690558410e+02 8.368029116196187545e+01
3.327314952832965272e-02 2.003327314952797522e+01 3.542376458670010209e+01 4.436934887577064046e+01 3.869296113857117092e+01 3.968025765329044674e+01 2.572316232759213861e+01 3.396311001271455154e+01 4.040682641719534729e+01 2.643164482537506998e+01 1.506463292998804882e+01 2.942624872851846618e+01 4.670222632737806379e+01 5.581526032453250252e+01 6.409709683486632059e+01 7.422619588584770156e+01 6.595260372014004702e+01 6.595260372013311212e+01 5.068268327564225473e+01 3.716977777603191413e+01 5.272108681784717277e+01 5.498501979859192090e+01 4.131685321574574488e+01 6.050516761630385076e+01 5.769843816821025229e+01 6.675474320908547554e+01 5.676000252308540439e+01 7.607554738203778300e+01 7.021732385172256841e+01 9.021855008033796253e+01 1.008730357553728680e+02 1.070889579078252609e+02 1.153274625218493981e+02 1.148989961774862394e+02 1.066505972323047189e+02 1.104346097373433224e+02 9.797500435143385289e+01
6.779948344387334846e-02 7.138867295309787586e+00 1.608313920632460281e+01 3.022527999209602356e+01 5.022582417924152054e+01 5.348846476463930344e+01 3.941973504049422417e+01 4.521908779154474445e+01 5.483935316240230406e+01 3.530901538657515459e+01 3.530901538657514749e+01 1.820935688252740903e+01 3.840722727456982000e+01 3.578676949558801823e+01 5.581526032453250252e+01 6.507672109964086360e+01 7.335698579670751940e+01 7.996721433298098702e+01 6.475452344464706300e+01 4.424768333783251251e+01 6.475452344464537191e+01 6.588721667228061563e+01 4.590442944406799342e+01 6.588721667228082879e+01 7.768967901457561709e+01 8.507657247344035056e+01 6.829835629734400015e+01 7.308368503206256150e+01 9.021855008033796253e+01 9.851230537557768230e+01 1.036929090628135270e+02 8.682874316207855259e+01 1.036929090628135270e+02 1.032572540920232598e+02 8.638266835101718755e+01 9.022984055110256918e+01 1.044496557405682751e+02
9.516927588586144779e-03 2.000951692758822986e+01 3.542326478132863343e+01 4.436641466274194556e+01 3.954533924659170196e+01 4.783111673800958386e+01 5.921996385611664948e+01 6.511921961516941337e+01 6.365629282746814255e+01 5.258737675558560198e+01 3.253361704305530111e+01 3.840722727456982000e+01 2.151362103672213877e+01 4.165297864245328441e+01 5.242984587543774921e+01 4.508025560342370852e+01 5.922191389926182836e+01 7.921147604787545049e+01 7.351465634460065246e+01 5.862710905391824667e+01 6.478097906399818839e+01 7.088025963431960008e+01 5.090223814041565475e+01 7.087576468493509196e+01 8.943226525547787276e+01 9.666282237853984327e+01 8.837619999878633337e+01 9.312620544899154140e+01 1.014591613830897785e+02 1.012760343426255503e+02 9.539171747052877492e+01 7.496371067363170937e+01 9.539171747052877492e+01 9.417299835729048141e+01 7.453031512282133519e+01 7.574333694706476194e+01 9.430043939967360700e+01
1.945935296826603253e-02 2.001885042775462509e+01 2.797781332292041867e+01 3.224212259913405632e+01 1.954531135250443086e+01 3.954530120517839720e+01 5.473980497304621906e+01 6.302079154723988097e+01 7.301888482797245672e+01 6.087083561170080515e+01 5.258737675558560198e+01 4.744443072925504623e+01 2.738225220137220717e+01 2.526925887177393548e+01 3.240551267055235485e+01 5.242984587543774921e+01 6.931057689788944742e+01 7.759065362690503775e+01 8.603936829611659221e+01 7.963773550342261842e+01 8.586672442640234237e+01 7.914231274098909807e+01 5.983927611332715202e+01 6.158347366641612552e+01 7.570688077241678116e+01 9.563852650534253996e+01 8.944856137703767729e+01 9.770971547889210740e+01 9.526265259024675913e+01 8.095138060857587448e+01 8.816932640442337288e+01 6.771342648187976465e+01 8.816932640442337288e+01 8.581743292074497731e+01 6.538879677108700150e+01 6.551625997723039063e+01 7.951401303261145870e+01
5.600688922766024203e-02 3.978329591991333292e+00 7.978329591991316860e+00 1.224234391910349018e+01 3.224221946921195325e+01 2.807334000644299721e+01 3.474000667212852278e+01 4.474000659700581650e+01 6.473960334908659320e+01 7.053908224511533831e+01 5.054616525359370627e+01 3.898797342112850117e+01 3.743919853700273848e+01 4.535017497648104268e+01 2.936047981969010578e+01 4.939845788193199638e+01 4.932006728916402238e+01 5.776905079405401722e+01 7.360506719201818271e+01 8.254459693172103130e+01 9.408528443736383906e+01 8.806949031084795365e+01 7.137376037182694688e+01 7.570646418319219606e+01 8.977176101441808953e+01 8.634256511926076882e+01 6.994940003072605350e+01 8.633656316954061083e+01 8.689234140104144899e+01 6.649048336427753725e+01 7.399251675274165052e+01 6.158230134092715957e+01 8.200164051422906653e+01 7.859481934483710575e+01 5.826576698753589056e+01 5.728905333329116445e+01 5.917581233669685759e+01
8.215197286175310309e-02 2.008215197286139642e+01 2.797832413378501215e+01 2.378934929513930285e+01 4.052577802112788419e+01 4.807320553940697039e+01 5.473980497304621906e+01 6.302079154723988097e+01 7.301888482797245672e+01 7.881936159154274435e+01 6.727687752062583115e+01 5.899616623817446737e+01 4.899941165109049024e+01 5.606741216436800812e+01 3.606054929474947812e+01 3.397777198028455814e+01 3.776929482402999838e+01 4.533373217224539786e+01 5.427532174344806748e+01 6.581648876762579903e+01 8.580468198160514248e+01 9.958784014543405760e+01 9.134027626054901816e+01 9.563306027431647749e+01 9.035213588845682864e+01 7.817331272622070060e+01 5.854760429844185410e+01 7.817329931515210717e+01 8.838966228501644196e+01 6.801675200787566666e+01 5.368304198750620060e+01 7.399251675274165052e+01 8.084232547135407287e+01 8.697694796073962209e+01 6.992648229402250593e+01 4.980385573425972723e+01 6.992364498305730081e+01
2.613274238814250472e-02 1.416826836253904709e+01 3.416826348203024821e+01 4.378933800488555050e+01 5.207352399187549707e+01 5.295563926340012983e+01 6.124422690063622099e+01 6.773576784454922972e+01 7.004160636906460979e+01 7.833439990747045556e+01 8.310865438465100397e+01 7.727315553584762142e+01 6.899292082525845160e+01 6.362441547684191079e+01 4.363046405460990229e+01 4.065863362846335605e+01 5.776905079405386800e+01 4.533373217224539786e+01 5.427532174344806748e+01 6.581648876762579903e+01 8.580468198160458826e+01 9.786531378801518599e+01 8.663611710350417638e+01 7.857285539858531820e+01 7.086630819945969506e+01 7.086630819945969506e+01 5.151719351586453399e+01 7.122888931022160364e+01 8.417263185042676810e+01 6.379035168436820413e+01 4.953432964018460183e+01 6.425354511470048635e+01 6.052530180690100536e+01 8.084232547135407287e+01 6.625257340163045683e+01 4.619334629712812301e+01 6.437082559456003139e+01
7.532853315450405152e-02 1.162234283918542843e+01 2.576516048862973562e+01 4.579253939481407087e+01 4.969524418943338162e+01 3.295511171864331601e+01 4.773298757412159432e+01 4.773298757412160143e+01 5.003977828715213860e+01 7.004160636906460979e+01 6.321848575455793195e+01 7.724927539230608886e+01 7.775888223284593437e+01 5.776972765186112468e+01 6.362441547843242518e+01 4.773205674000334398e+01 6.772257804413034421e+01 5.240307797106967058e+01 7.239233281404989384e+01 8.254459693098549167e+01 9.408528443612098613e+01 8.979249155505797830e+01 7.035951168961047131e+01 5.898161597811221668e+01 6.726184804541678375e+01 5.118351796027831568e+01 4.525235790490767585e+01 6.499393819757406732e+01 7.796480346071530221e+01 7.815181236472190562e+01 6.425354511470048635e+01 4.412026483151279876e+01 5.937065664451888836e+01 6.612692217578575082e+01 5.775972033954933238e+01 4.261225437311887987e+01 4.433761529776091947e+01
6.101047412966256744e-02 2.006100077769045598e+01 3.891486176625229376e+01 4.138522323562786909e+01 3.410528058554984909e+01 2.140810669947673617e+01 2.773266201129220576e+01 3.589762766447417874e+01 5.589817809621680311e+01 6.240936728954835644e+01 4.908577545063120340e+01 6.733273403405803492e+01 8.603924390471253503e+01 7.775888223284593437e+01 7.600259967783387083e+01 5.772808567017206371e+01 7.600259982322835128e+01 6.653791668282788407e+01 6.653791668282788407e+01 8.652614363782177520e+01 8.622100854335643305e+01 7.800168371238214604e+01 7.800168371238214604e+01 6.726184804541678375e+01 4.753892793594206978e+01 4.129264429158962457e+01 3.955931965631663161e+01 5.021106743986381105e+01 6.987631313856535087e+01 7.803422050642072350e+01 7.264583804206253603e+01 5.937065664451888836e+01 3.920324541240849214e+01 5.479829354383448958e+01 3.745719890683184872e+01 4.026817903664517218e+01 6.040364150411457445e+01
6.842009524227352091e-02 2.006741194118296434e+01 1.892541459827059569e+01 2.138731966740220614e+01 1.410513926783131744e+01 3.342276972659371381e+01 3.671079063422074285e+01 4.030407806652483060e+01 4.422643964660920801e+01 4.253323260715391996e+01 3.908577898474531054e+01 5.910042041287690751e+01 7.139912072076053562e+01 8.300469691142910733e+01 8.599726346493801543e+01 7.771707041811367844e+01 8.599726351650870981e+01 8.652614363782177520e+01 8.652614363782177520e+01 9.480687717894406319e+01 7.800168371238214604e+01 5.796465396141275050e+01 5.796465396141275050e+01 7.209283125238438572e+01 6.726184804541678375e+01 5.381970726247183023e+01 3.408652705677217654e+01 5.381970726247183023e+01 5.852541204757554283e+01 5.852541204757554283e+01 6.782672778418746873e+01 6.384118151640871019e+01 4.147260792041049626e+01 3.438999028598986030e+01 5.479829356630593651e+01 6.040364147659563798e+01 5.448797772464167366e+01
1.934550753332892059e-02 2.392908823921030770e+00 4.783366042589808131e+00 7.245195862176452728e+00 1.026030930795406348e+01 1.342258696812241681e+01 1.671056671422950757e+01 2.030267275476517241e+01 2.422499545754757122e+01 2.839528373961209695e+01 3.546635852972642056e+01 4.302576338103460074e+01 5.457695708204447271e+01 7.464563626201201885e+01 7.937369490235859359e+01 7.853425744502935402e+01 6.999754217041889603e+01 7.271345058624919488e+01 8.122574049931347417e+01 8.739568265772440725e+01 7.894573414868445127e+01 6.383336410063509447e+01 4.368928156122483841e+01 6.383336410063509447e+01 6.436210068963315223e+01 4.466664221824306935e+01 3.066262926240729669e+01 4.584064710474036275e+01 3.898860271517012421e+01 5.759483019816693883e+01 4.674548677865085722e+01 6.149950316113093862e+01 5.300618730900401943e+01 3.274946880046430664e+01 4.708423721881468538e+01 6.733731742511137952e+01 7.468455010141130401e+01
4.364784840791047227e-02 2.004363347499042547e+01 2.478345898782953327e+01 2.138733293689536907e+01 2.180731465452196716e+01 3.342277407589376281e+01 2.671055526999125362e+01 3.184926444071098217e+01 4.420665188502972143e+01 3.994281442269122806e+01 4.841244554499030528e+01 6.305897893517212083e+01 7.139912072076053562e+01 7.740767579768549922e+01 5.834165468828010148e+01 5.834165470206333737e+01 4.875542660001693918e+01 5.152846133683068786e+01 7.271345058624919488e+01 7.894573414868445127e+01 5.872807037892816595e+01 5.746324588073861861e+01 3.703932400871951103e+01 4.913695978604836512e+01 5.684554544958435685e+01 4.912203698247033401e+01 4.158108767515104631e+01 2.595711005593084053e+01 3.204133267391419082e+01 4.476612796563017582e+01 3.394792675163323281e+01 5.223522333391361627e+01 4.896787670224605193e+01 3.122301869611694869e+01 5.134069501157210880e+01 6.362573949568424325e+01 6.944152363990028221e+01
5.219006137575642884e-02 1.419432572673309778e+01 3.419436038079310691e+01 4.138777126483793012e+01 4.180768203777309822e+01 5.009607131683687697e+01 3.825724891976245345e+01 5.182046424555970532e+01 6.000648658988384199e+01 5.996780107853943775e+01 6.829531102142185262e+01 7.686977183786989087e+01 7.858221192420460000e+01 5.759070306720678190e+01 4.775272674055725020e+01 3.716379879647165296e+01 3.656119364661101656e+01 5.773340102862125889e+01 7.575715566235035681e+01 6.743550314916612365e+01 6.464968699734012603e+01 4.444676968933577399e+01 3.589340010010846527e+01 2.813416795988941033e+01 4.287807162428215690e+01 3.650783134829258358e+01 2.199786618014162087e+01 2.288641408132021127e+01 2.381809079012815289e+01 2.475574346290557415e+01 2.570125941612394271e+01 4.566979303482447961e+01 2.918996463237814964e+01 4.744222082651963035e+01 3.812929754857908904e+01 4.345365778024104486e+01 4.929508016877220200e+01
