LEM/with_lateral_4open/elevation_000329.asc
nrows	100
cellsize	150.0
xllcorner	0
ncols	100
yllcorner	0
NODATA_value	-9999
[rows 68 to 84 of 100, columns 37 to 73 of 100]
6.501308072500013679e+01 5.096197060978524718e+01 7.091374880702831263e+01 8.664202640967208424e+01 8.768085052661942314e+01 9.631071854463078807e+01 8.345957664459619707e+01 6.320612656190078127e+01 5.158196970675218296e+01 6.463580423810782349e+01 4.824505622340294764e+01 6.841374596835912314e+01 7.898343193538246965e+01 8.616339282454423198e+01 9.454724934342604570e+01 1.038051677747188819e+02 9.275589711539650750e+01 7.287448343464816958e+01 8.527647751189719827e+01 1.051499860368263057e+02 1.012291584375993239e+02 9.282170223039364032e+01 1.012291584375993239e+02 1.100575889686008253e+02 1.000668548985738795e+02 9.178352679907128220e+01 8.569113413539615465e+01 7.747166961334410473e+01 6.168005236594378715e+01 4.166888521239869192e+01 3.655544644489152972e+01 5.667126483930817216e+01 6.193114404878543411e+01 5.773182834065396918e+01 7.639000272107243461e+01 7.679681494438055722e+01 6.914067396260998066e+01
6.578283381764788373e+01 4.676605253043839383e+01 6.666001539880782900e+01 8.157874651808332089e+01 6.669915086378544800e+01 8.422184666097069794e+01 9.183413523270287726e+01 7.808084604972485465e+01 5.860441543817280063e+01 4.448789415350735510e+01 6.463580423810782349e+01 5.985524863951042107e+01 6.995455188088689624e+01 8.431430116331061697e+01 1.045977629156360393e+02 9.551558992364539336e+01 7.537322332614931497e+01 6.527849410862187085e+01 7.903861906702117324e+01 9.909756214231660465e+01 1.036570890875789388e+02 9.533154529105972586e+01 1.036570890875789388e+02 1.017675278693315732e+02 8.179952572881079220e+01 7.200554884935776556e+01 8.121175290344082498e+01 7.502752107745114074e+01 6.987945422750392765e+01 6.167964372750589774e+01 5.667044438556957431e+01 4.025011151712435264e+01 6.037766595046539919e+01 7.639000272107243461e+01 8.300828345353365023e+01 7.236837809964490020e+01 6.366638430786057512e+01
4.590090484524350956e+01 4.275303152773198434e+01 5.323728822509162484e+01 6.486875656988908645e+01 5.588398924082027008e+01 7.554393075746268948e+01 7.978385508741267529e+01 7.140510028466201220e+01 6.235199742100845555e+01 4.222276716494847193e+01 6.235199742100845555e+01 7.522008732345807402e+01 8.849063224222857116e+01 9.862835121963261997e+01 1.063615150407248109e+02 9.331822228047865053e+01 7.316736784860395915e+01 5.893118271003214659e+01 7.906941646499713272e+01 9.703144996257074695e+01 9.355853428259695193e+01 7.509406275643188167e+01 9.355853428259695193e+01 1.100575889686008253e+02 9.756701505988409906e+01 8.121175290344082498e+01 6.165549472873514958e+01 5.550622036620346478e+01 5.174046055448887671e+01 4.801772698068614886e+01 4.439292073830647212e+01 6.037517214531010268e+01 5.312039823977615072e+01 7.286626986735416267e+01 7.504090889345984294e+01 5.349675493292129858e+01 4.306171021846324010e+01
6.578283372063474133e+01 5.909084106656968771e+01 3.924862669601623111e+01 5.075346818262126192e+01 4.918635180399759577e+01 7.026093897588891934e+01 7.140510028466201220e+01 5.122314785410620885e+01 5.713430486343163750e+01 4.000677215226041028e+01 4.667692927269688141e+01 6.090649062779838374e+01 8.114970248722559631e+01 1.004013452507321347e+02 8.614216821204774988e+01 8.871705876241915689e+01 6.855134012670295363e+01 5.433801125191206438e+01 6.855134012670295363e+01 8.346129349083304305e+01 7.510601428291211334e+01 6.499922454207839451e+01 8.521280402374573271e+01 1.034134091712909367e+02 8.343462881530430764e+01 6.955897157658340291e+01 6.312265592076079201e+01 6.671677324933672537e+01 7.133834196116353610e+01 6.200691946053316173e+01 4.940415343785179658e+01 6.910086944432580935e+01 6.708449421496962373e+01 8.110538904130821436e+01 8.391715731037571402e+01 7.236837809964490020e+01 6.366638430512528402e+01
6.826668214425069436e+01 4.829616199342154204e+01 3.683936202353022082e+01 5.356459417632910203e+01 4.299034424320026915e+01 5.319539791668861284e+01 5.234368601297434509e+01 5.428108624072432775e+01 3.705889860459714669e+01 5.122246360072102078e+01 6.683170275567333363e+01 6.090649062779838374e+01 8.114970248722559631e+01 9.206427778700455633e+01 7.181859186594235211e+01 7.925978172641232788e+01 7.035675760163763925e+01 5.025626069516268046e+01 7.035672772408371145e+01 6.774719777928625319e+01 5.495306530502627851e+01 6.918466376677675100e+01 8.940141900653077300e+01 1.034134091712909367e+02 8.343462881530430764e+01 8.928627810173615842e+01 7.433207164118864796e+01 8.054797616315119058e+01 8.988459854837992680e+01 7.601922692673400661e+01 5.645114169292013884e+01 5.997451960795825698e+01 7.958094626897818102e+01 9.511156459508563898e+01 8.974686388193707387e+01 7.991325467661529558e+01 7.178629371282654859e+01
7.662634748775589344e+01 6.506039122120894547e+01 5.356458190738073455e+01 3.352115250981062644e+01 5.047160418313065833e+01 3.723003520249156395e+01 3.232261934498437483e+01 3.424046263566830106e+01 4.421310433498955206e+01 6.430097164893396666e+01 7.967711386339422575e+01 8.114970248722559631e+01 8.953368401911789931e+01 9.357367728482036284e+01 7.333077205572779178e+01 5.906192184952423929e+01 6.649343212118081681e+01 4.640998468552184875e+01 6.122555756347450995e+01 4.764640366162393548e+01 6.774719777928625319e+01 7.510601428291212756e+01 9.531064947590928682e+01 1.116994013044639757e+02 1.034134091712909367e+02 1.024408007764692314e+02 9.415566792712836275e+01 1.004604805581881948e+02 9.216064034151129647e+01 7.239160353781227286e+01 6.769448593292696614e+01 7.958094626897818102e+01 7.378203319135678839e+01 9.358076086799449911e+01 8.163937090560803256e+01 6.193321687145138554e+01 5.194626154538332230e+01
7.338315530505836648e+01 6.702772372810787260e+01 5.474957838125860121e+01 3.473879715788832101e+01 3.044378105589607131e+01 2.962722976133228414e+01 4.965800283786606428e+01 5.428104089759065687e+01 6.258287551039281027e+01 6.430560480162932890e+01 8.440069600006872008e+01 9.258075628233541465e+01 8.423239298410805986e+01 8.423239298410805986e+01 8.761874934023161643e+01 7.022702418946495584e+01 5.009462160253843876e+01 6.122563900826251881e+01 4.116245680670827056e+01 6.122563900826251881e+01 7.610050062459907849e+01 8.162581819482257117e+01 8.997707707028132518e+01 1.034983047069788284e+02 9.542487586181293580e+01 1.034983047069788284e+02 9.590256617083629465e+01 8.783785627500563464e+01 9.590256617083629465e+01 9.216064034151129647e+01 8.739118237744611406e+01 9.566580730372790242e+01 9.358076086799449911e+01 1.018635757945751408e+02 8.974686388193707387e+01 7.991325467661529558e+01 6.945558874680017425e+01
5.328551720644438205e+01 4.698520089562097724e+01 4.123112534778278615e+01 5.474957840508734108e+01 4.779257943658562624e+01 2.774661195983212636e+01 4.592308012784481264e+01 5.136756553579753870e+01 5.963775850039462512e+01 7.529673992335635546e+01 8.371730267548230131e+01 8.423239298410805986e+01 6.401832631920275674e+01 6.401832631920275674e+01 7.829954130076902175e+01 7.858828757831703626e+01 6.233044751228966618e+01 4.225116512985002970e+01 3.839155443827307579e+01 5.844528899487853124e+01 6.734698353029642703e+01 6.143249655736662618e+01 8.162581819482257117e+01 9.363325760716824675e+01 7.559573790297606877e+01 9.363325760716824675e+01 8.596951710199917329e+01 6.780766075310245355e+01 8.596951710199917329e+01 8.314419798656408034e+01 9.130904152152128006e+01 8.914906218550206063e+01 9.728219050067936280e+01 1.055809638999908771e+02 9.934811838814430018e+01 7.979182978123158421e+01 6.584525446552449068e+01
7.338315530505836648e+01 5.534941663935400413e+01 5.534941663935400413e+01 6.206632576492193465e+01 4.191021220480666187e+01 4.548405552421435516e+01 2.588080214431233728e+01 3.165309050058719720e+01 5.136756553579827766e+01 5.535469786489061050e+01 7.529673992335003163e+01 8.423239298510796402e+01 6.401832631920277095e+01 4.980043124192695814e+01 6.093269710268955208e+01 6.928733136544160232e+01 5.714599984059514526e+01 3.709152390443527025e+01 3.567197150745136014e+01 4.121434674039194590e+01 4.724045926301918286e+01 5.881576383222790838e+01 7.900084636312422504e+01 8.551030688239453070e+01 6.543842317312517309e+01 8.551030688239453070e+01 7.782275851405405831e+01 5.756308042713015283e+01 7.782275851405405831e+01 6.304538305944533505e+01 7.977045127212427644e+01 6.913837287387157460e+01 7.759588532476234946e+01 9.313668144863784448e+01 1.012503725216678561e+02 9.030482942584580996e+01 7.070830663718002995e+01
7.546777017064503923e+01 7.546777017064503923e+01 7.546777017064503923e+01 7.045067647704574654e+01 6.203732648078889866e+01 4.464124056762700832e+01 2.460341837009263344e+01 4.464124056762663884e+01 4.153954431835983740e+01 5.279846953811954080e+01 6.672860958507033047e+01 8.700102362698088143e+01 7.519238755112557726e+01 5.502613992370527285e+01 4.085201712198507096e+01 5.383310461007976500e+01 5.228135835004340493e+01 3.224315838523180844e+01 5.228166657167738407e+01 6.128456817042941651e+01 6.734698353029642703e+01 7.570478681382395791e+01 8.735648912195290450e+01 7.881967897930475431e+01 5.866035271990610767e+01 7.881967897930475431e+01 7.106953248507942078e+01 5.079204712830855328e+01 6.254167567996692156e+01 5.136499044029331174e+01 6.681613726566219214e+01 5.742882334831524105e+01 7.759588532476234946e+01 7.319385338058053492e+01 9.313668144863784448e+01 9.840497359832852453e+01 9.030482942584580996e+01
8.596225878268668907e+01 6.570693990895667014e+01 6.570693990895667014e+01 5.932717302368085655e+01 5.757363666086961018e+01 3.748501715795409694e+01 2.333361076368289488e+01 4.336883757224875779e+01 5.201072572244476788e+01 6.036474269681300342e+01 7.199495614357053341e+01 7.828053916747126095e+01 6.992345884525039423e+01 6.928733136544160232e+01 5.383310461007976500e+01 3.378371027948097094e+01 4.732425040637846791e+01 3.010989739228131157e+01 5.014867136669606396e+01 6.540495157741312937e+01 7.376225114431417751e+01 8.384904004992745286e+01 8.756732982806498455e+01 7.300018275803202528e+01 5.282653813323246794e+01 7.300018275803202528e+01 7.601509398561681508e+01 5.643866992128305782e+01 4.221877900563696073e+01 4.239843347837805965e+01 4.665393865432024256e+01 5.244500236506702606e+01 5.883866048046623831e+01 7.058191756803620365e+01 9.058206024275963841e+01 9.691599806784657289e+01 8.855014514588258123e+01
8.002319361243944229e+01 5.977695346260005493e+01 4.553234561056696350e+01 3.916802201244840376e+01 5.109723408614234330e+01 4.210673696666876964e+01 2.207228274846667304e+01 4.042691225235450503e+01 3.194697243576148082e+01 4.350686763057171191e+01 6.362721191140320087e+01 6.664486406863503021e+01 4.977907240019462876e+01 6.490544037569445379e+01 5.310766555011331747e+01 4.477401676309494860e+01 2.729168948920169058e+01 4.732501808771860397e+01 3.863609777835247172e+01 4.530074864747266616e+01 5.531929270770199736e+01 7.549063504299060412e+01 7.940118131062151008e+01 5.929239845136678611e+01 4.764231579937410288e+01 6.125415366311547416e+01 5.788761110697463863e+01 5.688693394925744684e+01 3.706802317952806902e+01 5.714052745605015815e+01 6.681613726566219214e+01 7.264833785849027947e+01 7.903497248567715872e+01 8.722211295112137464e+01 9.870214960949809324e+01 8.855014514588258123e+01 6.845434799807047455e+01
8.224222230333585060e+01 6.199071999380832665e+01 6.570693990895667014e+01 5.109723408614234330e+01 3.095157254075231990e+01 2.715970934045866514e+01 2.207244713681528481e+01 2.039097472296877456e+01 3.877573671349790629e+01 4.706076213720539414e+01 5.707342438469061818e+01 5.829309190852917055e+01 3.821087569251213978e+01 4.669861896969047876e+01 3.648229292564034409e+01 2.473575853382851264e+01 3.051681828871446811e+01 5.055997646783046662e+01 5.870355543356460970e+01 6.540496387534622613e+01 7.376225114431417751e+01 8.384904004992745286e+01 7.586588854982181829e+01 5.569811455061027772e+01 4.747715790154844484e+01 4.115552510788343454e+01 3.768226511976775583e+01 5.295845292979979746e+01 3.412412865525477912e+01 5.417958971821874314e+01 6.334463409087243946e+01 7.046929865433681073e+01 7.869851720758521196e+01 9.023118733529601343e+01 9.294309971931502901e+01 8.457154301370229632e+01 7.434027070931533387e+01
9.062895792915453796e+01 7.398559054355133924e+01 5.364309163303862960e+01 3.923459333727436160e+01 5.109723408614234330e+01 4.135534212413334387e+01 4.875945706588160533e+01 3.877573671031515090e+01 1.873306187470591055e+01 2.874989783719302849e+01 4.877446566142438655e+01 6.029640845764212287e+01 4.669861771329180300e+01 2.665489743690547542e+01 2.232201222632951598e+01 4.236233341128630769e+01 5.055997646783046662e+01 3.994520716941909910e+01 4.889570902754487491e+01 6.049207553781410951e+01 8.069566722419935445e+01 8.998804948303227036e+01 7.001629796127053851e+01 6.763242929218218080e+01 6.761016611377569063e+01 5.534174561918584345e+01 5.254295013522612123e+01 3.290957713896717962e+01 3.123978713746806335e+01 3.690454943657953635e+01 4.322637242817179981e+01 5.031770414831621707e+01 6.198203015056800069e+01 8.206312303922447882e+01 8.457154301370229632e+01 6.450158203177022642e+01 6.853417988274179606e+01
8.653486734563965399e+01 6.431247760532420443e+01 5.134244164802930754e+01 5.364309163303862960e+01 6.802595087667525320e+01 6.149509204599682022e+01 5.181310381312903246e+01 3.174572663219417024e+01 1.757548042743357541e+01 3.762271657061093322e+01 5.695810781270452594e+01 4.608932006330063302e+01 3.188537055258101915e+01 1.997583864933744735e+01 4.001737827218151011e+01 3.648229292564287363e+01 5.655800689902963541e+01 5.412084890617013144e+01 6.837983466267738208e+01 7.739076142479140685e+01 8.904913015152008882e+01 9.811556700214241289e+01 8.998804948303227036e+01 8.762830491104389807e+01 8.275719421273662135e+01 7.084770152643014285e+01 6.079643187480023414e+01 4.842133702073432744e+01 2.838389840589138302e+01 4.253741021054154459e+01 6.262639292591958196e+01 7.046929865433681073e+01 7.869851720758551039e+01 8.596636438317679563e+01 8.457154301370229632e+01 6.450158203177024063e+01 5.033166822976620836e+01
9.460131554756239325e+01 8.082656409166860101e+01 7.226477823751901042e+01 7.398559054355133924e+01 7.048201257156696897e+01 6.196716283970284422e+01 5.067092087597642802e+01 3.060134656834689793e+01 1.642806544878021313e+01 3.488624201934572255e+01 4.318319641980635737e+01 3.554340391232120311e+01 1.772164100318586577e+01 3.776304962137265875e+01 4.834706371640195499e+01 5.655800689902963541e+01 6.490544683181384755e+01 7.428328402049785950e+01 7.661415920472937557e+01 8.501987292568045973e+01 9.007761655719814087e+01 8.180361340848608620e+01 8.131537154105757281e+01 7.545487798586907502e+01 7.771473022202970071e+01 5.722280033880191752e+01 4.283266481383114410e+01 3.368697801556116644e+01 2.641392715595610596e+01 4.374492192432290949e+01 5.230936107645122490e+01 7.006094902420409198e+01 6.592038202839559347e+01 6.592039464258004955e+01 8.423364835176955978e+01 7.872234087554267035e+01 6.660748547869847869e+01
7.853004393347663381e+01 8.862648931169846378e+01 8.699124053268833734e+01 6.623040264920204834e+01 5.170342985360526455e+01 4.151480587474614481e+01 4.326124659430373498e+01 2.304359662060371505e+01 2.103065856801485367e+01 1.485980288078483547e+01 3.334454038432546241e+01 1.550348545557146096e+01 3.554225700507475239e+01 4.142568668824335987e+01 4.587695366712011946e+01 5.077388366700758837e+01 5.620638311597954129e+01 6.232028303194231000e+01 5.639956566229231782e+01 7.661415920472937557e+01 7.851662594129764727e+01 6.175908862713716729e+01 6.127918143027059017e+01 5.540741566085605285e+01 6.957139336290721587e+01 7.168875364307602638e+01 6.240318434262750458e+01 5.261105695128564008e+01 4.310412840859180506e+01 2.374225987345907285e+01 4.387069937662374741e+01 5.002349078256108328e+01 4.587438584377763107e+01 5.587959207888116708e+01 7.008955779229808059e+01 9.013658871287586294e+01 7.504863246727265391e+01
