LEM/with_lateral_4open/elevation_000468.asc
nrows	100
cellsize	150.0
xllcorner	0
ncols	100
yllcorner	0
NODATA_value	-9999
[rows 17 to 33 of 100, columns 37 to 73 of 100]
5.994422763475054694e+01 4.733344933942147748e+01 2.714404693466894614e+01 4.312540179542310170e+01 3.760472053545638005e+01 1.744545061781848005e+01 3.315749083035723999e+01 1.304004054082496822e+01 3.316013032064785904e+01 3.454754829554119056e+01 1.716244582033492705e+01 3.761324613890400315e+01 2.684397502681829906e+01 4.746987288097393787e+01 3.961248844724337914e+01 4.892376950531300395e+01 6.094525981268386516e+01 8.131672020136676338e+01 8.058839146808320208e+01 8.877023694653311736e+01 8.858989029168343166e+01 9.689566693577458523e+01 8.853006058839277159e+01 7.680129011741412626e+01 6.839234834626618920e+01 5.889115888127513188e+01 3.836581189163540273e+01 3.538207070310802749e+01 5.230471099389034606e+01 5.136757417414386140e+01 3.423720157883783344e+01 5.519368751771273196e+01 7.299486555876252680e+01 6.543130828794059539e+01 4.533551034964749249e+01 3.115443512113325042e+01 5.122143329241905008e+01
4.593495969804991574e+01 3.159183106203848368e+01 4.722408267585469588e+01 5.537316864213151035e+01 4.585767625368794143e+01 3.190510209382701490e+01 3.394216624279571448e+01 1.380280314374077122e+01 3.394217732581050484e+01 4.609547649194249175e+01 3.761323308278765154e+01 2.026818431984420954e+01 2.287276468523891992e+01 2.929979514028962129e+01 4.996858933660236346e+01 5.928362021017380101e+01 6.251661371215171670e+01 6.769727346971311022e+01 6.020331705700213831e+01 7.474072129432498457e+01 9.470123993206405544e+01 9.762146220886481274e+01 8.012895273693264642e+01 5.980055762427223698e+01 4.812849787749544817e+01 4.300162297812363477e+01 5.889115888210596950e+01 5.016209420977558153e+01 6.454061839314221061e+01 5.790995540294416344e+01 3.722347547108493870e+01 5.195382969206056600e+01 7.228931464580793431e+01 6.637218994802445593e+01 4.627627936010082266e+01 3.469718621462608610e+01 5.476981056047606700e+01
5.490604524928854602e+01 3.491697248314712709e+01 4.916897447678828570e+01 6.862725039671745719e+01 6.147102420500619502e+01 4.928245516623285738e+01 2.887242704316249586e+01 1.456924071824458444e+01 2.884848850666714881e+01 4.903276347000629443e+01 4.925841738444980678e+01 3.204943570925485119e+01 4.343216569627198709e+01 2.700661996266072151e+01 3.014580092526557920e+01 5.083649655250250277e+01 4.175669029504301477e+01 4.697351384166008614e+01 5.906545166267847691e+01 7.362969706637815648e+01 9.361270627746887385e+01 8.923607870169954026e+01 6.887192596482758233e+01 5.716083979473293653e+01 6.737851666216681679e+01 4.711786199736536673e+01 6.737851666216681679e+01 7.051568065634387494e+01 6.203187340279202289e+01 4.162965050543481027e+01 5.790984707023425671e+01 5.195382976788663854e+01 7.228934037212466990e+01 7.472313246469688863e+01 5.863390044095405074e+01 3.855553467336545737e+01 5.274294179965966123e+01
4.004233674837272616e+01 5.497794384364021880e+01 6.298220240591961527e+01 6.180758109754602714e+01 5.394014799261004356e+01 4.683043179225366259e+01 3.532174027377404002e+01 1.534500887437360106e+01 2.962818106066941581e+01 4.961112572153783873e+01 6.113119746971513990e+01 5.270136241836454616e+01 5.610935346437040039e+01 3.728719486060377619e+01 5.083723053438388462e+01 3.485031021623025538e+01 5.559727211591777518e+01 6.769727346971311022e+01 6.020330039339867056e+01 7.212482730416988375e+01 9.214011271552412552e+01 9.035633695732509807e+01 6.999521009885752676e+01 7.747882963724775607e+01 7.169998539934418602e+01 5.143050032890368328e+01 6.309821323221687805e+01 8.345022469720599645e+01 6.499140812380684906e+01 4.470144525058693574e+01 6.499138197724981580e+01 7.228931721198415516e+01 8.069180604451430838e+01 7.975063263026902405e+01 6.282195174347152999e+01 4.273679511137682141e+01 5.692757444463808980e+01
5.995205288427093393e+01 6.808427630856924395e+01 7.034468017496276104e+01 5.394103802791308766e+01 3.440106920039447402e+01 4.028976871099750667e+01 2.034674708411611022e+01 1.613147327162160138e+01 3.607073789765539118e+01 5.026136484173665764e+01 5.622925569003465540e+01 6.446494086244923949e+01 6.640353382793729509e+01 5.198543103332081472e+01 6.402058051549428797e+01 4.413926333047341188e+01 4.332379333798964183e+01 5.072098116859042705e+01 7.136370908347656439e+01 8.873314888620038232e+01 1.002150641704354257e+02 9.873922941156291699e+01 8.440649415880223216e+01 7.938750233732417882e+01 5.904824431983221444e+01 7.169998539934418602e+01 7.169998539934420023e+01 9.184767110089381958e+01 7.339788900482835743e+01 6.499140812379661725e+01 4.915415109980489206e+01 6.345500004030900243e+01 8.379361492977000125e+01 7.139492906707184261e+01 5.128943561164567200e+01 6.282195007911239770e+01 5.345988787366113115e+01
7.282337891896655435e+01 7.579148482658361274e+01 5.700150043641432518e+01 4.335544900046630801e+01 4.655545354801892444e+01 2.674257106684788354e+01 3.708896253467501225e+01 1.694041324390884995e+01 3.714400258150207890e+01 3.030798060159008500e+01 3.617200807581229327e+01 5.039493532780213769e+01 7.031455103576605836e+01 7.252913003360261257e+01 7.321654241064649682e+01 5.620650988756405297e+01 5.539463757767861551e+01 7.136368959334488693e+01 6.390891824688962686e+01 7.835951236045565338e+01 9.829121776337697725e+01 1.130719646643236302e+02 9.600662612040267163e+01 7.565243950005539375e+01 6.579734119324130859e+01 8.618258290936566368e+01 9.203681119545959177e+01 9.397836742827142587e+01 7.539907856930378216e+01 5.509605123059646559e+01 5.419173720382737258e+01 7.448547744533277637e+01 9.087354374832055726e+01 7.975116573988532309e+01 7.139492767569377918e+01 6.288084351932186422e+01 6.505512898583515380e+01
8.088964566245967092e+01 7.579148482658359853e+01 5.700150043641432518e+01 5.700150043641432518e+01 5.447701631436813585e+01 3.836560974833450643e+01 3.795271971131995059e+01 1.775441962797956208e+01 2.265073226120329153e+01 4.294057542125168681e+01 5.622925569003464830e+01 4.780468198190143170e+01 5.933975683003463075e+01 7.920888237108977137e+01 8.495172895320266093e+01 7.669743990867230821e+01 7.590911304085362588e+01 8.417226575076261952e+01 8.419402906259787756e+01 9.242107573037644386e+01 9.578089162078529739e+01 1.040989961865724922e+02 1.043776795061333473e+02 9.457645713597445081e+01 7.757582024142195110e+01 8.245145160475040313e+01 1.027842133782287846e+02 8.558524885884393996e+01 6.521290831483209161e+01 6.068671930154998506e+01 7.448547709587499810e+01 6.210819582336178257e+01 7.650984351058022526e+01 9.687051665218369578e+01 9.138668019812050147e+01 7.293422393379634627e+01 8.520943885520676986e+01
9.047795650589260674e+01 8.368785991351109033e+01 7.579148482658359853e+01 7.579148482658361274e+01 6.558492724542364272e+01 5.774078073266225175e+01 3.877458417742271024e+01 1.858061799623294164e+01 3.867632924937415595e+01 5.115274736811677059e+01 6.688459763551439607e+01 6.773743739139911213e+01 7.595881928656162074e+01 8.742427638225429121e+01 8.603767944478465779e+01 8.759065428000388920e+01 9.346258905261147731e+01 9.161562819388232981e+01 8.989017588821478455e+01 8.156837339461257841e+01 7.568135558985703426e+01 9.578089162078529739e+01 1.023359464251005306e+02 1.063051616536824753e+02 9.793963935812041655e+01 1.027842133782287846e+02 9.997070845425109553e+01 7.962659639345595508e+01 8.558524882311058946e+01 6.653584020681728362e+01 8.693408957943606197e+01 8.247334681590028538e+01 7.228141752425619870e+01 9.266527571737128710e+01 1.014787546188029808e+02 9.311611661664034045e+01 1.014787061299924176e+02
8.950409104040068087e+01 7.789184473535290465e+01 7.341978866224270917e+01 7.433463986666467349e+01 6.885032516560120541e+01 4.916025526007713609e+01 3.959817580042530238e+01 1.940633306103515210e+01 3.420143444658346965e+01 5.610510252459207692e+01 4.791113491313585371e+01 5.346801101991327698e+01 7.252236227214432063e+01 8.015358547473665851e+01 6.597961694308136771e+01 6.753003128685824663e+01 7.340565172672380356e+01 7.153623828702168908e+01 7.153623828702313858e+01 6.150410317943372007e+01 8.156837339461257841e+01 8.590670977897418936e+01 8.221432310187853432e+01 1.023359464251005306e+02 1.034121176474508985e+02 1.117292611913426867e+02 1.083301384630867688e+02 9.997070845425109553e+01 8.693408971820501563e+01 7.374849324162748587e+01 9.414553189061740568e+01 1.010419086943635847e+02 8.249803842677981436e+01 1.010419086943635847e+02 1.026269984490847520e+02 9.262487196949894042e+01 8.434210470146598482e+01
6.575172452055069527e+01 7.341978866224270917e+01 5.419324958930119607e+01 5.449051346380090166e+01 6.500243936660045563e+01 4.905344089931864460e+01 3.009617312580911275e+01 2.023192539766501241e+01 4.042681542432087838e+01 4.288466354611807674e+01 3.422895984996037555e+01 5.346463699860215968e+01 6.546939898338453645e+01 7.014629917429998329e+01 5.185156631265746796e+01 5.339591851888592799e+01 7.340565172644286918e+01 7.153623828701233833e+01 5.150684051104255445e+01 7.153623828702195908e+01 8.524330462337486836e+01 6.580270378672864240e+01 8.524330464038216348e+01 8.697978117560471389e+01 8.328669782857633663e+01 9.746003991845829262e+01 1.057772382000646871e+02 1.155847592306779177e+02 1.025180709632890483e+02 8.398198470904110025e+01 1.025180709632890483e+02 1.111838881129624781e+02 1.028325136614767388e+02 1.111838881129624781e+02 9.434749679384997023e+01 7.433671260908221257e+01 6.432198119148820581e+01
4.956582879909502992e+01 6.583154393866210796e+01 6.030272352047668960e+01 4.050631812034173151e+01 5.058760618481308313e+01 3.657170878723200502e+01 2.226653930242614976e+01 3.747875705498722709e+01 2.166203232370786225e+01 2.267701211952792661e+01 3.974976266564672045e+01 4.514077735586732842e+01 4.538632220721761001e+01 5.399634077714487290e+01 4.182248680172703104e+01 6.185302685356902685e+01 6.717992037280340867e+01 5.887099069077393665e+01 4.615796555133664469e+01 6.413205660836464972e+01 6.689110641065924767e+01 5.686628784609558807e+01 7.426243415368389833e+01 6.687188998359026471e+01 8.668077285566032231e+01 7.729387780369478378e+01 8.896202912550970154e+01 1.090685385432604022e+02 1.126557931636315715e+02 1.043090790721936685e+02 1.126557931636315715e+02 1.146385956118547398e+02 1.063433768100792065e+02 1.041525970796158731e+02 1.026269984490847520e+02 8.519902440297781254e+01 6.517976288744260671e+01
3.773741019726267609e+01 5.397507525757015401e+01 5.186584587842686034e+01 5.025158162709273313e+01 3.043869873403142279e+01 2.432682881956326781e+01 3.657169643278376725e+01 4.932552345767253144e+01 3.678293062691233928e+01 4.072169331712225215e+01 2.413057809001877274e+01 2.516559412054036571e+01 4.538560453560300090e+01 3.385013542937031161e+01 5.399548475277111237e+01 5.347151066324291691e+01 5.564848309841019613e+01 3.887585701222744916e+01 4.146032834741338036e+01 4.409412182999943042e+01 4.684690057331810209e+01 5.052509866796930282e+01 5.425149957793099276e+01 6.024825267675093698e+01 6.654040863587037791e+01 8.668077285566032231e+01 1.057772382000646871e+02 1.173780164451511610e+02 1.174563359224808039e+02 1.032969631725561328e+02 9.500408338344678327e+01 1.032969631725561328e+02 8.630899610250234844e+01 8.411711729747538868e+01 9.344318266184347976e+01 9.348153023582072763e+01 8.192089015651011152e+01
4.426987449436283129e+01 3.426465373735197062e+01 3.193450851299500570e+01 4.330335341446453867e+01 2.639777582701116998e+01 2.532115198245003640e+01 5.238435592316352540e+01 6.498608319326342553e+01 5.875657450496667167e+01 4.095010307344927014e+01 4.584428901575059712e+01 4.538654328017783257e+01 2.664389722135107519e+01 4.687178792310361075e+01 5.043432925153252455e+01 3.345075774198250684e+01 3.565196976120609662e+01 5.564848304817636659e+01 6.121609593669515448e+01 5.864248613187987758e+01 6.071331074557254937e+01 5.539484885980674278e+01 7.426243415368389833e+01 6.315591118607033394e+01 7.021954605380730641e+01 8.447702366863080670e+01 1.046077901435233883e+02 1.101255495672873366e+02 1.018345753263094338e+02 8.913759042263163224e+01 7.496144860301900792e+01 8.343246279769745399e+01 8.998537346133832671e+01 6.993689435654319198e+01 7.339787631542972690e+01 8.756885129376372845e+01 9.269510182156184896e+01
6.178575712478379245e+01 5.411912152772411133e+01 4.931591436782081672e+01 2.866697467398778798e+01 4.326023799634773326e+01 5.170184561405447710e+01 4.648858422968303472e+01 6.745988266533905175e+01 7.045534276626381143e+01 6.186947855732166346e+01 6.595258608445523407e+01 5.114301770010974479e+01 3.088795973323163935e+01 2.821740358388683845e+01 3.035957749473165990e+01 5.043688963957777105e+01 4.638421166449423794e+01 5.452741889363310435e+01 7.301824162658304829e+01 8.006243811145075995e+01 7.952096052787130986e+01 7.537444028767870918e+01 6.480163148862158096e+01 8.324779998289892546e+01 9.037318865864406803e+01 8.447702366863080670e+01 1.046077901435233883e+02 1.018345753263094338e+02 8.179877164212811635e+01 8.766712267470239794e+01 8.132660116115498283e+01 6.338046547473410186e+01 8.343246279769745399e+01 7.926901061333262533e+01 5.921495379941698900e+01 7.339787293859657780e+01 9.344261930283278161e+01
6.935908876237738241e+01 5.490403143705043476e+01 3.408149264280055490e+01 4.943575486337891789e+01 3.256904814531124259e+01 4.418677391443186053e+01 6.392201880958263160e+01 6.745988266533905175e+01 8.513795362008985990e+01 7.348891270637982132e+01 5.762043297195778990e+01 3.738886438613762664e+01 5.113695092086474858e+01 4.837281047623837082e+01 3.008322593079082097e+01 5.032812064989477108e+01 6.492910366837688230e+01 7.161709023744914759e+01 7.329410268665552053e+01 7.468699348505897717e+01 8.329754643987652685e+01 9.308572613879161395e+01 7.894682074715490216e+01 7.745298530265290537e+01 9.160279772737406745e+01 1.046077901435233883e+02 1.129210860411509287e+02 1.018345753263094338e+02 8.179877164212810214e+01 6.761663313859459379e+01 6.127345602363151045e+01 5.669630664437384837e+01 6.778086644011948181e+01 6.681970969112811076e+01 5.385719498553596907e+01 7.390913455054418080e+01 8.618860717115475722e+01
5.452622074732413182e+01 3.977216148380744443e+01 5.490403143705043476e+01 5.528213430144467111e+01 3.542085093905592430e+01 5.528213430144467111e+01 7.216620629650530816e+01 8.767250570778412566e+01 7.679071003924745753e+01 5.660374738869587929e+01 4.488011562861092330e+01 5.762043297195778990e+01 6.573061051883280470e+01 5.160738288915740668e+01 3.141506948776337182e+01 5.161419214134898681e+01 5.561044541508112360e+01 5.765816614354209690e+01 5.369146530536623629e+01 5.393103699142952223e+01 7.467733886338309901e+01 8.760612195647952660e+01 9.894220304082682560e+01 9.745151056021340708e+01 1.057328791438870184e+02 1.198629605604001540e+02 1.118879630083839345e+02 1.039402342106021280e+02 9.596216060470774778e+01 8.766712267470239794e+01 7.313993894033730214e+01 5.308812542829213754e+01 4.773185431063809148e+01 4.677121088215931621e+01 6.681954058246120098e+01 8.143588999037906717e+01 7.474494557511070525e+01
4.627123539254978368e+01 6.071159804666952908e+01 6.936336363218340750e+01 5.810388810393457248e+01 3.835161148650522733e+01 4.978753561020977259e+01 6.364351946071194277e+01 8.351669180678788962e+01 7.940749595368134806e+01 5.922421584017104124e+01 5.416332561457031147e+01 7.348891270637989237e+01 6.540739607906527908e+01 4.679666101292545477e+01 4.913357373812804241e+01 3.334058781884759526e+01 3.539550521900375912e+01 3.749308521344116940e+01 3.961586698916946148e+01 5.900531377418683121e+01 5.906299392726147346e+01 7.923653411158412041e+01 9.311878339925783621e+01 1.016503095799932197e+02 1.016503095799932197e+02 1.100009413429507816e+02 1.039402342106021280e+02 8.453132270328175935e+01 9.021606126832634232e+01 8.323690536663163186e+01 7.316001919676091347e+01 5.310504643337357322e+01 6.222027220347375476e+01 4.217422680918696187e+01 5.309623950819285199e+01 6.683829546775133679e+01 6.650428108283871609e+01
