LEM/with_lateral_4open/elevation_000030.asc
nrows	100
cellsize	150.0
xllcorner	0
ncols	100
yllcorner	0
NODATA_value	-9999
[rows 17 to 33 of 100, columns 0 to 36 of 100]
5.222468517465790605e-02 2.005222468517430201e+01 6.319676007236836313e+00 9.016475457089780932e+00 1.181703562514577754e+01 1.476587474824369473e+01 1.913023255296346647e+01 2.371854723037441559e+01 2.856925973109188988e+01 3.391448456905425246e+01 4.805658922427068092e+01 6.805619162693237456e+01 8.289749678635850216e+01 7.359635612029141782e+01 5.359592827963929551e+01 6.359657290290316212e+01 6.208213461121502519e+01 4.230147609158564848e+01 5.400671456391654601e+01 6.222026236306979996e+01 5.436548174649462339e+01 3.431990768299954198e+01 2.018728647680976351e+01 4.019111635304693664e+01 5.057646669684797303e+01 4.319980076422373827e+01 5.738406201891858416e+01 7.747968123073886204e+01 7.596031318821326295e+01 8.450623138263446776e+01 8.698988693811061523e+01 8.698988979549588407e+01 9.514242242391856053e+01 8.750095805853752040e+01 7.934699527913284101e+01 7.934699527913282679e+01 7.466548325919896456e+01
7.333276091007127906e-02 2.573332760910076455e+00 2.256805756060959212e+01 2.901514714229042369e+01 2.595916569691209475e+01 2.631287931263537772e+01 3.913012442240545852e+01 4.371842742195619991e+01 4.856912634020675057e+01 5.391433714697551238e+01 5.391433714697551238e+01 7.391410373061792427e+01 8.987373876810427475e+01 6.993898147182328273e+01 6.775656363874344379e+01 7.197077710420853691e+01 5.219349220523095312e+01 6.208213461121502519e+01 7.030385688597750971e+01 6.199766156869596045e+01 4.194061730270790633e+01 4.146047482647826143e+01 2.145510782982160336e+01 4.144819353501672055e+01 5.168008027212146516e+01 6.326993261391809398e+01 7.158898283728829881e+01 7.268636763212442986e+01 5.555373785364217554e+01 7.186454695145287985e+01 8.040323367205888871e+01 9.068409676320348467e+01 9.482467250713355611e+01 7.934699527913284101e+01 5.948502190612325080e+01 5.948502190612325080e+01 5.479313320058836467e+01
6.343274376862209629e-02 2.006343274376826713e+01 1.522244447308963089e+01 3.522207357142960404e+01 4.595888515595557067e+01 4.631264917824628213e+01 5.459627372795497990e+01 5.507466137713286969e+01 6.068586304056917413e+01 5.592226551050831063e+01 6.357370204549125248e+01 7.190559289325300085e+01 8.198537268285899415e+01 8.987373876810427475e+01 8.769732559623795964e+01 8.020875505465730271e+01 6.206705641811786478e+01 8.020875256376039886e+01 7.618752131889736745e+01 5.612002897639527532e+01 5.041845056636692135e+01 3.038578039837133105e+01 4.141152201402817923e+01 2.329925626698655705e+01 4.332221552780068663e+01 4.885425970222114245e+01 5.230515024481935882e+01 5.592289605936035457e+01 4.395638083679290986e+01 5.152936485098047825e+01 6.160542473040811018e+01 8.212366917249759979e+01 8.669211878337186761e+01 6.686577710040420186e+01 5.535954336299726464e+01 4.540935578951862084e+01 4.073808021407459279e+01
3.497053469895897854e-02 2.003497053469860489e+01 3.522261412710888351e+01 3.522260288832703878e+01 5.522328980270750520e+01 5.604035975449581741e+01 4.768611189601143963e+01 3.485677028199317817e+01 4.045439742734803446e+01 3.568018418384983903e+01 4.332990380153265875e+01 5.347545011446893426e+01 6.778133960444115758e+01 8.789315508428022383e+01 9.742466716986223219e+01 9.013079611001242597e+01 8.187449794329226904e+01 9.013078063529324879e+01 8.444920192298214090e+01 7.618752161187424576e+01 5.872442520913746478e+01 5.040536954405158099e+01 4.590291835351862204e+01 2.596320419403801338e+01 2.543026188790556219e+01 2.875503316735833081e+01 3.218317359413841672e+01 3.578013994993609970e+01 4.133545758727064623e+01 6.152149571443415255e+01 7.914014186599824541e+01 9.068409676320348467e+01 8.821825351749140509e+01 6.840479505724042042e+01 5.690108638192824486e+01 6.530245921933105535e+01 5.479313320058835757e+01
9.635555453094322986e-02 1.999066723566959425e+01 3.477088806125606624e+01 4.275011411094672553e+01 4.523290258124099950e+01 4.438657475747255177e+01 2.749449239098970565e+01 2.062600273858045696e+01 2.618319241567807509e+01 4.638005686290180307e+01 5.700112261495263510e+01 6.262057655060816330e+01 6.901920318197838355e+01 6.901920318197839777e+01 8.740220642398227824e+01 9.554038939431345057e+01 8.563178828206567061e+01 7.744396735274567334e+01 7.033611743371540115e+01 7.354332372707769139e+01 6.207751076446538008e+01 4.984069272825113472e+01 2.984082902513732449e+01 4.595729858015040747e+01 2.712698949189485020e+01 4.715574474096687396e+01 5.230515024510761890e+01 4.579733458521060641e+01 6.152149571443415255e+01 5.029274581902086538e+01 6.458584698101650190e+01 8.513906514284451532e+01 9.634711430218631278e+01 8.493971023884164140e+01 7.677894794188809158e+01 8.283163536561052354e+01 6.668158941884237834e+01
8.845047570523793812e-02 1.979693649405852085e+01 1.489969349170260138e+01 2.497760850081728279e+01 2.508329019574379615e+01 3.168961293564519366e+01 1.590999819710273755e+01 3.602847529207291899e+01 2.696485605874948632e+01 3.170095942433962577e+01 3.674244192439888934e+01 4.235934724549417041e+01 4.878496912983779055e+01 5.893907827856557446e+01 7.909932808539134896e+01 8.737330146534986852e+01 6.751463324014146394e+01 5.736268908432705160e+01 4.977158798872341805e+01 4.308360036101927193e+01 5.384040607666272393e+01 3.384183933460235494e+01 4.984069272825113472e+01 4.887388989993196020e+01 2.883704635935991334e+01 4.039550704659207270e+01 6.045557626060460166e+01 6.604845753351025905e+01 6.604845753351025905e+01 6.458584698101650190e+01 6.458584698101650190e+01 8.513906514284451532e+01 9.549715660663740380e+01 8.561392926786170676e+01 7.745628323613615862e+01 7.042698147158301936e+01 5.848107996497576266e+01
8.023991185656004221e-02 1.713233073712010279e+00 3.351696914750094347e+00 5.018363581417294661e+00 2.508328572061197548e+01 1.159639506645747353e+01 3.168961293564519366e+01 4.438659320681600917e+01 4.716690118580559243e+01 5.193645244231419866e+01 5.700112261495263510e+01 6.262057655060816330e+01 6.901920318197838355e+01 7.733897096127927284e+01 8.740220642398227824e+01 9.554038939431345057e+01 8.563178828204489434e+01 7.617350822470986316e+01 6.152050906049992562e+01 4.195298487595268710e+01 3.806460795074020353e+01 5.384040607656011446e+01 6.207751075283182729e+01 5.062511551136668686e+01 3.058142224837369127e+01 5.062511551136668686e+01 6.877870651480989750e+01 7.971754452736476537e+01 8.657913599807471883e+01 8.513906514284451532e+01 8.513906514284451532e+01 9.369443675098005997e+01 8.736939815066108395e+01 6.754316832161117645e+01 5.757441545724777399e+01 5.053279096020670380e+01 4.522316164858476384e+01
4.598823041778624804e-02 1.843910680542056824e+01 2.320004459064945479e+01 2.508286188416441220e+01 7.426080648214638202e+00 2.749988716676387313e+01 3.273410318858248758e+01 3.273410318374654793e+01 5.291622987275037104e+01 5.700137105053821074e+01 6.241138065926150347e+01 5.715762001270139336e+01 6.431891843441006529e+01 7.265946105445748060e+01 8.168272256194818226e+01 9.329731463011555093e+01 7.945598070563796966e+01 5.955599953132796287e+01 4.809816097355354714e+01 6.152050906049992562e+01 4.439506448405925454e+01 6.437192082824680028e+01 6.658986680138265513e+01 4.651832932225712369e+01 3.234888154327590115e+01 5.239714872383508748e+01 5.131157930350143204e+01 7.139193192974072133e+01 7.947588969750462695e+01 8.780219018592273983e+01 1.012588176053089057e+02 1.034556819326171393e+02 9.549715660663740380e+01 8.561392926786170676e+01 6.679024214340785193e+01 7.042698147158301936e+01 5.671066016041403657e+01
7.340434288523949025e-02 2.007340430700665479e+01 3.311407112977918388e+01 3.583807323485184071e+01 2.749988737904714853e+01 1.044119497783265693e+01 1.263648243141486738e+01 3.273410324626590295e+01 3.928807429550158048e+01 3.677057238699531183e+01 4.216974558490136360e+01 3.690059210697774006e+01 4.406370773004711339e+01 5.314866427495322654e+01 6.484749049252870634e+01 8.497847075378621184e+01 8.763789338257484474e+01 7.329519275842963566e+01 5.335787785814923012e+01 7.142837260993971427e+01 5.146971298617359736e+01 7.142837260993971427e+01 6.658987447240723156e+01 4.651832932765913142e+01 5.239714872383508748e+01 3.494681988203424794e+01 5.499638013624708321e+01 6.525847928978814139e+01 5.936944155772471277e+01 7.947588969750462695e+01 8.114852278660545437e+01 8.334905742401137729e+01 1.034556819326171393e+02 9.474201357633647547e+01 8.660861580947464233e+01 8.474243218651103859e+01 7.658374443263483045e+01
3.515918393995972474e-02 5.582243983679889610e+00 2.561754383731856421e+01 4.289692260808022439e+01 3.888133185949035209e+01 2.200879251736450470e+01 3.273410301434595482e+01 1.585981374914334374e+01 1.914803155862619732e+01 2.252964814020640105e+01 2.788488468748497695e+01 4.809840172883981069e+01 5.958361526857921575e+01 6.543270199104526341e+01 7.217235918518559856e+01 8.049712430082179537e+01 9.055761589138209899e+01 7.904673082776990611e+01 5.912281851224202001e+01 7.904673082776990611e+01 6.148058453254005684e+01 7.962807827848942566e+01 7.491470044267859407e+01 6.658987468547016420e+01 6.331721770301256669e+01 5.499638991388869869e+01 3.762778833042184345e+01 4.519544573214307093e+01 6.525848387229062553e+01 7.627845808721704657e+01 6.690813785101448730e+01 8.703869176734292523e+01 1.062729235390939664e+02 1.025815854004385415e+02 9.228493158281895603e+01 8.375395877725163984e+01 7.695515338773195424e+01
4.608085242692564615e-02 2.004608085242657012e+01 1.453077926391126695e+01 3.458692462484933827e+01 5.052176210593820116e+01 4.216569954578191926e+01 4.433473523165761776e+01 3.006064295370671502e+01 2.057500451379626583e+01 4.072531323895061206e+01 2.921468890602302082e+01 3.409404722385671249e+01 3.931135278929102839e+01 4.517087122866987414e+01 5.195338760276480627e+01 6.210224858836026129e+01 8.224246978201078662e+01 8.566833543690843555e+01 6.580352160949291829e+01 8.566833543690843555e+01 7.558522880479360140e+01 8.955327217894021885e+01 8.810521733722409010e+01 7.655156819959219661e+01 6.281485592463835133e+01 4.280008754837067642e+01 3.995979341032536070e+01 6.000479821127942870e+01 6.838808719429155758e+01 5.616455959679940690e+01 6.621276340179892372e+01 7.784185316091704010e+01 9.795851003282842839e+01 9.404966710594132451e+01 7.345825044856201202e+01 6.335754260869244092e+01 5.676048388750044182e+01
1.610643649003322755e-02 2.001610643648967880e+01 3.458692462484933117e+01 2.610213969025492986e+01 4.029854018894450007e+01 6.037007268162361839e+01 5.860877749481866061e+01 4.908238928835469750e+01 3.480344833897122214e+01 2.566154609087287142e+01 4.585427032285846138e+01 5.434933960376403661e+01 5.958361526857921575e+01 6.543270199104526341e+01 7.217235918518559856e+01 8.049712430082179537e+01 9.055761589138209899e+01 9.383333448278182232e+01 7.579275993065338923e+01 9.383333448278182232e+01 9.535670697695999820e+01 9.442937405972405429e+01 7.982030908654657253e+01 5.980467383584636565e+01 4.824182629950662715e+01 6.281485592463835133e+01 6.000565951958895994e+01 4.332066853386628225e+01 4.831553520688490977e+01 6.838945468521059468e+01 7.929754241103007928e+01 7.929754241103022139e+01 9.941455704265351301e+01 1.025815854004385415e+02 9.228493158281895603e+01 8.375395877725163984e+01 7.695515338773195424e+01
2.022278438842990689e-02 2.002022278438807490e+01 3.835069312478086800e+01 4.617735594724409509e+01 4.617735594724409509e+01 6.624047730205219864e+01 6.720151311463031618e+01 6.336136512385854047e+01 5.420982987855558122e+01 3.992817145316634253e+01 3.123093870137263650e+01 5.146664562297396373e+01 6.363540747793759778e+01 6.973500327004977350e+01 7.686737839637727632e+01 8.515762701105266785e+01 9.673415352590204463e+01 1.037000523344068483e+02 9.554391094316348187e+01 1.037000523344068483e+02 9.966624353291670957e+01 8.614393343740402997e+01 6.614687740680433592e+01 5.456765087312602702e+01 6.826427668521313308e+01 7.655156819959219661e+01 7.169847411965915285e+01 5.332291951880399949e+01 4.735730821959497661e+01 5.312580039702968548e+01 5.916775485268470902e+01 7.340264405796069980e+01 9.352908596382160056e+01 1.000528826754717358e+02 8.978366096481069292e+01 8.126724436952558506e+01 7.449768549581391142e+01
6.642187732006160639e-02 1.006642187731997495e+01 2.420855750105067372e+01 4.420855750104995963e+01 5.094046252088318028e+01 5.565450772911843558e+01 4.720151311165615482e+01 6.134364894483683628e+01 6.849148830394480569e+01 5.980432693323895421e+01 4.026931479480879972e+01 3.795857102266246130e+01 4.337522351863204761e+01 4.950493265478312566e+01 5.669397512520759363e+01 6.837757057072089140e+01 8.846467155947152605e+01 8.639566913252782854e+01 9.448234286032636930e+01 1.054825603571200503e+02 8.553672685418730737e+01 7.141103473360597320e+01 6.243454948219396528e+01 7.459862775590163153e+01 7.459862775590163153e+01 8.984626344921626639e+01 6.972672644910487350e+01 7.077321263727701250e+01 5.068477207839167420e+01 7.077321263727701250e+01 7.929754241103024981e+01 7.340264405796069980e+01 9.352908596382151529e+01 9.152735130004579389e+01 7.100713743900547570e+01 6.095856774839037229e+01 5.439797115443663245e+01
1.591255364720534082e-02 2.001591255364684940e+01 2.886684219527076323e+01 3.271584398877045885e+01 3.094046251995465724e+01 3.565450772786464739e+01 3.305937748792630515e+01 4.720151311165615482e+01 6.720151311463031618e+01 6.883866141220366330e+01 5.198562356476949020e+01 4.967429383059428716e+01 6.363540747793759778e+01 6.973500327004977350e+01 7.686737839637727632e+01 8.515762701105266785e+01 8.328481579616600072e+01 6.705411517212863259e+01 8.328481579616600072e+01 9.538272240085039755e+01 9.966624353291670957e+01 8.999855636351261978e+01 7.002405140316334098e+01 8.999855636351261978e+01 9.458697448212059555e+01 9.817030825650275006e+01 8.327998675619829783e+01 6.314232950996573379e+01 5.416278340538061542e+01 6.837779907679764335e+01 8.850920942919198353e+01 9.352908596382151529e+01 1.018501106779548451e+02 1.000528826754717358e+02 8.978366096481069292e+01 8.126724436952558506e+01 7.449768549581391142e+01
6.189296070378335485e-02 2.006189296066352412e+01 8.866842196987928304e+00 1.271584399158540002e+01 1.679832689622395847e+01 2.151237210413419376e+01 3.151237210413401613e+01 4.305937748792612041e+01 6.305937748966633905e+01 8.046553765009569759e+01 7.218441243629467863e+01 6.989514008478484186e+01 7.820257259234702474e+01 7.982684007156150585e+01 7.982684007398447079e+01 8.811961490298433830e+01 7.522881774694558032e+01 5.578033386914719927e+01 6.787798178724503373e+01 8.381453432664230263e+01 9.756053301766256425e+01 9.828393309155606516e+01 8.415750167078547861e+01 9.828393309155606516e+01 1.018373402451593819e+02 9.970525227259105350e+01 7.958849257014396983e+01 7.866772460061123695e+01 5.853384858478620600e+01 6.837779907679764335e+01 8.261892955514495895e+01 1.027296029872900078e+02 1.146112702758203881e+02 1.041421343857671786e+02 9.548051917311197201e+01 8.762284791229060943e+01 8.211409412967825006e+01
2.247884206357958492e-02 3.614584882599070514e+00 2.361458488205321160e+01 3.271584398877045885e+01 2.834533228001626881e+01 4.151237210437899705e+01 3.565450772786464029e+01 5.565450772918411815e+01 7.134364905938804213e+01 7.145176123796906609e+01 6.352012696636514022e+01 7.145176123796906609e+01 7.399560704204515105e+01 5.987159918110583590e+01 5.987159918110589274e+01 7.982684007398447079e+01 6.787798178724503373e+01 4.828647625664103771e+01 5.626441776320336885e+01 7.006853563562212628e+01 8.732228041007618913e+01 9.541582937466813519e+01 1.041001098212573339e+02 9.620481901713007744e+01 8.238653737927965892e+01 9.620481901713007744e+01 9.970525227259105350e+01 8.328959921216805640e+01 6.314331485067562966e+01 8.328959921216805640e+01 9.683364128082901345e+01 1.077963209005723400e+02 1.059609559944838679e+02 8.500008235173997662e+01 7.469107513287936229e+01 6.701097862966024366e+01 6.167617964746451520e+01
