LEM/with_lateral_4open/elevation_000173.asc
nrows	100
cellsize	150.0
xllcorner	0
ncols	100
yllcorner	0
NODATA_value	-9999
[rows 34 to 50 of 100, columns 0 to 36 of 100]
2.064481644892168788e-02 2.002064481644856642e+01 2.646969988506063487e+01 2.985048598592074498e+01 2.758438514990126578e+01 2.287028575176352163e+01 3.441743859148841267e+01 5.443680620248042601e+01 6.172134718866679748e+01 5.329807190848988085e+01 3.858264347788183812e+01 3.711541626513903225e+01 5.122834290880109620e+01 7.139983988034320816e+01 6.114071921695168044e+01 4.415278108770615972e+01 6.114071921695168044e+01 4.984390323630496056e+01 2.947946647620456773e+01 4.984390323630496056e+01 6.120045566056801789e+01 5.527225898512801194e+01 7.551254132926656837e+01 9.225026768092867258e+01 8.263087066635945632e+01 6.278562569345597666e+01 6.021145720129622703e+01 6.921673705524644049e+01 5.785016822678208115e+01 6.928837154520341812e+01 8.911102723315950414e+01 1.015480999650414589e+02 1.073180931934297746e+02 9.395682587090379911e+01 7.970080584818991554e+01 8.646409261570187255e+01 7.008344575869342918e+01
2.905961989428186565e-02 8.973331529893517455e+00 2.052033691368623636e+01 4.052033691368693979e+01 4.758636187891422509e+01 3.287032173959126169e+01 5.117224192839600505e+01 6.276699072857763895e+01 5.010846910825563327e+01 3.328402201518083814e+01 2.860951199673860401e+01 4.859944540992098183e+01 6.083082239898371313e+01 6.669421125848782594e+01 5.277110939247862831e+01 3.240191675509790770e+01 4.188945708278506430e+01 4.413298394246330503e+01 2.704970892768318791e+01 3.349849469444141903e+01 4.077303536114272475e+01 5.527225848562882504e+01 7.551239322275625909e+01 7.241529576892570219e+01 8.055230534744073623e+01 6.859816273194796565e+01 4.888794759635485576e+01 4.950861066317163051e+01 6.341395265053774466e+01 8.322589786374246046e+01 8.180717224589795933e+01 8.174559356764973472e+01 8.754561340695582317e+01 1.031120600987193114e+02 9.985335454312182435e+01 9.776506727838280142e+01 8.955008605037477309e+01
3.542675937824442400e-02 2.003542675937788786e+01 3.725760277735641779e+01 4.880460816114914024e+01 6.118609741110070388e+01 5.287776677174313278e+01 6.118742797446569170e+01 5.589385051532626392e+01 3.587397417207573369e+01 2.175664244957465598e+01 4.174295481501331295e+01 5.492440178459602151e+01 4.060369304631753806e+01 4.651084304438867889e+01 4.718439413129036097e+01 3.871073096382935574e+01 2.165005714971282558e+01 2.386160441253262476e+01 4.413298394143343728e+01 5.268110355857573524e+01 5.883510619987871593e+01 6.732133031323209593e+01 7.500338285526098048e+01 5.843409022219552895e+01 6.658448844782024878e+01 5.261652561179877807e+01 4.245864026447438278e+01 4.580336371397720541e+01 6.544658636357867465e+01 7.429430969027987430e+01 6.192573893129375762e+01 6.766213505408532569e+01 7.519890147992506968e+01 8.333729134253205473e+01 9.735554407950832001e+01 1.170095191443161582e+02 1.089660461255877664e+02
3.411803931810562102e-02 1.155642659475656941e+01 2.554815476148177567e+01 4.515927891712316722e+01 5.849410433518060870e+01 5.056304017249597393e+01 5.205085696891290326e+01 4.326211707158469721e+01 3.690999708384917000e+01 1.775568903298739443e+01 3.774576582808652603e+01 4.652798462117198142e+01 2.642734261906461768e+01 3.572450561903009003e+01 3.667701034893762824e+01 1.868211358394387389e+01 3.888241570203283715e+01 4.208831047122584579e+01 4.361895943764596950e+01 3.744597198927168336e+01 3.962315054794648717e+01 5.916856914917988775e+01 6.679860150842442579e+01 4.714381453272796563e+01 5.545102255666183311e+01 3.887306322285065363e+01 5.839382522526231156e+01 6.544658636357867465e+01 5.078920886197114015e+01 5.446676487353204266e+01 6.040628438289250823e+01 6.702810992731549788e+01 8.691981904929508573e+01 1.031120600987193114e+02 1.112315365932248739e+02 1.183594835364525579e+02 1.069413775348561586e+02
3.327314952832965272e-02 2.003327314952797522e+01 3.429925642715777201e+01 3.579396880020377836e+01 4.379089388189106558e+01 3.163951588198246512e+01 3.661470565842043356e+01 1.985145983365438838e+01 2.884024398121210453e+01 1.397375937293850434e+01 3.396001788475174976e+01 4.229848248667927635e+01 3.403471189128248398e+01 1.573583078767052079e+01 1.694964076687644194e+01 3.279034577458347144e+01 2.084015387975011180e+01 2.237911597998195745e+01 2.393570580816883364e+01 2.550518609819137694e+01 4.516496570631692009e+01 4.905170011901624605e+01 5.071777792510059157e+01 5.265917591313840518e+01 3.593126446809614549e+01 5.545102255666239444e+01 4.432955303989252371e+01 6.394111710325815068e+01 7.054766995579133493e+01 7.429430524408026315e+01 8.028924658502225498e+01 8.691981904929508573e+01 7.853588958517771346e+01 9.001784978634928791e+01 1.097851163558749477e+02 1.101423936222011406e+02 9.039095000353127318e+01
6.779948344387334846e-02 2.006779947289915356e+01 1.553487247747039390e+01 1.607375409296861335e+01 3.513690227048788017e+01 2.044114913446820836e+01 2.612849098016595661e+01 7.821144409194046965e+00 8.806674201583559736e+00 2.881014511946096235e+01 3.125711655694629698e+01 3.236618582078196482e+01 1.404694925409832074e+01 3.403817314577160857e+01 3.693599200939796390e+01 4.262380696225748977e+01 3.482229154961943607e+01 3.633801724631867103e+01 4.361895943769189188e+01 4.516386105575443821e+01 2.777740548454239899e+01 2.945389837787613274e+01 3.114552825160327032e+01 3.311767159226248936e+01 5.266253112751027032e+01 6.363068416156469453e+01 6.394111710325815068e+01 5.015605822458709895e+01 6.989213900024120107e+01 8.269206679756072731e+01 8.932150820639992617e+01 9.753965375048443320e+01 9.837247968081614147e+01 1.065558740436580507e+02 1.179654230519551419e+02 1.150495122095570082e+02 1.069413775348561586e+02
9.516927588586144779e-03 9.369947204603774615e-01 1.865471432551467190e+00 1.869160221863432270e+01 2.392371998556468782e+01 2.429559516440160749e+01 6.435892430188914659e+00 2.541842858366806723e+01 2.866968045036191270e+01 1.026202487464364843e+01 1.131377206831358251e+01 1.237007039340728376e+01 1.477990682538484712e+01 1.722525736001657037e+01 3.711910997957136971e+01 4.889632848082901972e+01 5.450090369090008835e+01 5.597203750657747179e+01 5.574936266571850041e+01 3.617132868837034465e+01 4.740128944362125907e+01 4.905170011901624605e+01 5.071777792510077632e+01 3.591910941054575801e+01 4.967157061412159180e+01 6.925452621217345950e+01 7.811303362022849228e+01 6.407727429265841579e+01 5.685887328266217366e+01 6.280923561515601961e+01 6.943318646307061215e+01 7.939584628796150412e+01 9.344670641208830375e+01 1.132507289964182320e+02 1.144558810455193765e+02 9.566898626864967525e+01 9.566898626864966104e+01
1.945935296826603253e-02 2.001945155867787207e+01 2.186888660322358291e+01 3.191460059275971428e+00 4.133226612793497345e+00 5.078147068156706467e+00 2.508211814540712226e+01 1.537859176728241550e+01 3.511681550380651373e+01 1.542959639390773674e+01 3.119165419326949973e+01 2.391543638664895255e+01 3.463743460541195418e+01 3.711910999997282801e+01 2.075812072300610112e+01 4.063243370959387590e+01 5.255952993449945865e+01 6.409270120005429305e+01 6.392932533095773096e+01 5.574936270775227598e+01 4.659669937081110191e+01 6.625965411919301573e+01 5.890695501289020797e+01 3.942195097999677245e+01 5.890695501289020797e+01 7.097947054382332510e+01 7.915497271805615753e+01 8.393046424065217082e+01 7.087721522773505001e+01 7.305422640610588303e+01 8.932150831011421133e+01 9.753965562139661927e+01 1.074628344497315169e+02 1.065122928727288780e+02 9.845510821283143343e+01 8.694463584664256928e+01 7.616074566551276348e+01
5.600688922766024203e-02 2.005600686796913834e+01 3.228885817839855576e+01 2.048680859423826561e+01 2.413563025477709445e+01 1.103338848809605466e+01 3.053918857785852126e+01 2.243596844575928628e+01 4.200643387311086485e+01 2.359616797276446931e+01 2.543091640853791802e+01 4.373991168520462480e+01 5.172296208090029523e+01 4.890202859453724926e+01 4.063243370959387590e+01 2.442077708373837908e+01 3.584326486210538576e+01 5.582691862631063628e+01 6.692257844142632450e+01 7.446107850124032268e+01 5.790157030248454362e+01 7.446107850124032268e+01 6.705845164037974371e+01 5.316143127383358546e+01 4.488914208956315122e+01 5.134768861658879757e+01 6.009973959899224383e+01 7.978135792258578363e+01 9.074777508237282575e+01 9.295864118132261922e+01 1.012605955619855393e+02 9.965551301931002115e+01 1.078099785846738143e+02 9.845510821283143343e+01 7.896517850614320366e+01 8.467364675238299299e+01 6.731112919881573475e+01
8.215197286175310309e-02 8.587134747645906785e+00 2.737074355324785557e+01 4.391592473086362247e+01 3.807247336649946590e+01 1.754838067703136772e+01 3.807072334486230147e+01 3.126339348882988389e+01 4.972161273524551461e+01 3.253957607799345908e+01 4.543784239384957147e+01 3.697993765531495569e+01 5.699155512947665159e+01 6.061854368168406637e+01 4.062123224769072038e+01 3.099522506174758263e+01 2.872776770217894438e+01 3.861845789696160836e+01 5.278212727804202586e+01 7.282067151296347163e+01 7.767700893977634280e+01 8.588544923666869124e+01 8.095547200692584511e+01 6.950109911686284647e+01 4.988227849252648127e+01 6.950109911686284647e+01 7.915497271805615753e+01 7.616315670108137681e+01 9.588050858797058140e+01 1.016414589774760344e+02 9.340287838288635669e+01 7.984613241698538388e+01 9.641673481633436893e+01 9.684862373137823965e+01 8.467362932126773956e+01 6.501619142077299784e+01 6.068745212646138043e+01
2.613274238814250472e-02 2.002613273496044144e+01 2.162008012565208048e+01 3.501719579781224922e+01 4.665323697193918662e+01 2.841291028665627749e+01 4.785780826444254643e+01 4.231280217389799958e+01 5.800678946751023091e+01 4.411045618474441454e+01 6.107727996482187649e+01 4.854198544775984203e+01 6.521813336256315097e+01 6.888363221343090004e+01 5.802329400040457585e+01 3.798474871232894401e+01 3.195683989293210203e+01 5.191616205157610153e+01 6.438257945089431189e+01 7.148005586334807049e+01 7.972215929435553505e+01 8.969671392088959294e+01 8.342325522561557705e+01 6.373435323914200268e+01 5.966067228905444608e+01 6.373435322967585392e+01 8.342324701383466845e+01 9.588050849200951120e+01 1.012179858605406935e+02 9.340287593958458956e+01 7.353833415027955311e+01 6.837504928149257921e+01 8.757476750833748724e+01 8.775224515130042846e+01 6.874927073462652061e+01 6.874616636619822430e+01 5.439373701749300949e+01
7.532853315450405152e-02 2.007532853315414911e+01 3.748228101090547426e+01 4.655060917979650981e+01 5.708588104502425153e+01 5.223263591390193028e+01 6.085903177353758764e+01 6.066350625782170880e+01 6.829367947624365343e+01 6.434920069873727755e+01 7.278265688421925006e+01 6.853388196574869085e+01 7.672297359881308410e+01 6.960485016489859333e+01 4.954500645728251129e+01 5.651482886185299748e+01 3.646970496084163926e+01 3.894506332803311466e+01 4.428131858335227378e+01 5.140536106111762393e+01 6.148441305793826217e+01 8.147569866875771538e+01 9.161541713272892196e+01 8.342325522561557705e+01 7.101574458275305801e+01 8.342323750287127382e+01 9.161517577792214695e+01 1.012179865469924351e+02 8.134025951696834511e+01 8.498787689392176503e+01 7.747524262201979184e+01 5.947127399286716098e+01 7.935652502540503406e+01 7.369989335904591599e+01 5.964754156679130404e+01 4.888024233323071144e+01 5.190785321586130152e+01
6.101047412966256744e-02 9.221585183768294058e+00 2.383130925686421264e+01 4.411507212329537708e+01 5.118206013328211412e+01 5.309797897119614873e+01 6.115973955401291562e+01 5.722336907770038295e+01 5.783875411917871645e+01 6.287947620924870051e+01 6.504084441657997218e+01 7.324338184761491277e+01 8.590449536032234334e+01 6.594158850172453867e+01 6.960485016489859333e+01 5.552080575639137550e+01 4.128650483609731481e+01 5.901029150742940743e+01 6.438257945089431189e+01 6.071209338006157452e+01 7.972215929435553505e+01 8.969671392088959294e+01 9.808294715462882607e+01 9.891689150452555168e+01 9.071461850864375265e+01 9.095877750854624821e+01 8.270860555249095114e+01 9.095885927442108709e+01 8.498789138693342693e+01 6.511141385889969513e+01 5.758753388415725283e+01 5.372429703094256581e+01 7.054747275894516179e+01 6.231141982595642759e+01 4.561258493353864196e+01 6.546571760461759482e+01 6.339338942578718417e+01
6.842009524227352091e-02 2.006842009524191894e+01 3.812655589860422367e+01 4.533416362997059679e+01 3.124546830166735489e+01 3.339075065887058713e+01 4.894932118826400824e+01 3.510165404036796133e+01 3.860314667895700325e+01 4.307371331694228189e+01 4.524142598339366828e+01 5.990407696954902406e+01 6.809651495496602536e+01 8.590449536032234334e+01 8.379752361031114560e+01 6.965916468335134937e+01 5.028922041537794030e+01 5.135364515263790963e+01 7.142805163170282867e+01 8.071436957409282797e+01 8.894082626747788822e+01 9.227242525883207236e+01 7.819087912819910002e+01 9.227242525883207236e+01 9.023527796449839400e+01 8.101547964421129677e+01 6.283514212887690320e+01 8.101547964421129677e+01 9.323263561983360148e+01 8.215975310829857392e+01 6.227638274502864846e+01 4.822358794946333660e+01 6.231141964253428256e+01 4.250146479498107510e+01 6.231141982595642759e+01 7.369989335904591599e+01 8.335551420457311167e+01
1.934550753332892059e-02 2.001934550753297515e+01 2.464721447125908327e+01 2.707257637266045691e+01 1.711247799165967365e+01 3.232790447615204954e+01 3.518647243044353701e+01 2.052911848438204601e+01 2.461157617760542848e+01 2.897579046596361252e+01 3.431977621994433036e+01 4.008737189165083947e+01 5.990407696954902406e+01 7.865786457207467208e+01 9.006658640020556561e+01 7.861728538393927579e+01 6.192386223261890166e+01 6.558122140255993315e+01 6.558122140255993315e+01 8.554354846779249044e+01 9.665079156976827335e+01 8.337341006621734607e+01 6.413126831772726177e+01 8.337341006621734607e+01 8.197425080188838820e+01 6.209931364534982379e+01 5.290047005697670812e+01 7.277187030055014816e+01 8.571612479940843343e+01 7.746617178789227864e+01 7.633997401809411087e+01 6.258760894049192558e+01 4.277339031929609092e+01 4.039217768832860855e+01 6.015292313120178136e+01 7.103475590636831782e+01 7.928250020638931517e+01
4.364784840791047227e-02 2.337805187113533023e+00 4.647206263872045717e+00 7.072562514235386288e+00 9.553257206019576842e+00 1.232675818714636939e+01 1.518390104431440335e+01 2.073088818522910515e+01 4.060626582522716888e+01 4.887468696152588876e+01 5.418348696396101616e+01 5.990407696954902406e+01 5.071515997599793479e+01 6.212103930393254103e+01 8.184176709460295740e+01 9.013404377042306237e+01 8.191297198978409710e+01 8.554354846779249044e+01 8.554354846779249044e+01 9.376035010812954340e+01 8.747246635551415750e+01 6.849554583595035240e+01 5.523883185013383468e+01 7.512390282885853310e+01 7.994093555686824004e+01 6.574613523209248456e+01 4.592053761655918009e+01 6.574628473079405921e+01 7.746617178789227864e+01 5.759599269216795392e+01 6.341583340591436269e+01 5.884324605072826131e+01 3.911433191270333509e+01 3.831986367192984488e+01 4.370283688837323410e+01 5.115799613987076810e+01 6.109492445354805312e+01
5.219006137575642884e-02 2.005218931151975070e+01 1.359147817417556858e+01 2.707257637266045691e+01 1.849752911697828139e+01 3.232790447615204954e+01 2.932674099366634124e+01 2.931576828196432061e+01 2.925604166558849428e+01 3.922651501491386483e+01 5.064309152712896633e+01 7.008702151871493413e+01 7.045599959604412277e+01 7.865786457207467208e+01 8.347022176908939173e+01 7.521398353751814625e+01 7.521398353751814625e+01 7.521398353751814625e+01 8.347022176908939173e+01 9.209478500350606112e+01 7.921853516559188790e+01 5.934122319178449345e+01 4.864061168420558090e+01 6.849554583595035240e+01 7.169725148057754893e+01 5.187270313403637800e+01 4.069945897970876558e+01 6.044761694636554950e+01 7.137985531126142291e+01 6.341583277797587925e+01 4.363881893509991272e+01 5.284457730225911831e+01 3.560529267653192420e+01 4.943314479133918837e+01 6.352046460641802383e+01 5.769988510447598884e+01 7.757805947825734449e+01
