LEM/with_lateral_4open/elevation_000424.asc
nrows	100
cellsize	150.0
xllcorner	0
ncols	100
yllcorner	0
NODATA_value	-9999
[rows 51 to 67 of 100, columns 37 to 73 of 100]
5.961405754322537121e+01 6.954473209643330733e+01 7.930138600622336753e+01 8.747540708576973145e+01 1.022601192576329368e+02 9.065944443950607479e+01 7.318180897840682064e+01 6.336675366790213815e+01 8.316832914229532037e+01 8.362380916253906094e+01 9.685163494543857610e+01 8.535561101569264508e+01 9.194290446901759140e+01 1.019680571354121099e+02 1.222816697901791372e+02 1.327261008837755298e+02 1.245003892634569524e+02 1.245003892634499749e+02 1.246825089934667119e+02 1.164928576109445402e+02 1.053025331396123647e+02 8.968961200140758194e+01 6.986556708293466045e+01 5.854198629808797705e+01 5.346989235205717961e+01 4.852314131290938093e+01 6.822141967938377149e+01 5.585246511290897331e+01 6.276430810026253937e+01 7.071269448025498150e+01 9.005832327479642174e+01 8.631348103738147870e+01 6.630538536279458128e+01 5.489660890745826549e+01 6.536560916154883216e+01 4.842008081993217417e+01 6.820894307736803341e+01
4.200402193818848673e+01 6.142491796843678031e+01 5.978720995780908254e+01 7.862944001472277478e+01 8.680310106424187211e+01 7.537355426325231633e+01 6.961336529726247591e+01 6.044670783165856420e+01 8.126042145072459277e+01 1.029376141416203154e+02 1.115017593868822701e+02 1.053975437982030599e+02 1.121248634627956164e+02 1.205389136825674683e+02 1.306956523875530252e+02 1.190628681484084552e+02 1.107944291611788259e+02 1.190628681484084552e+02 1.131850362122701910e+02 9.651956734799705373e+01 1.131850362122701910e+02 9.794011963695942313e+01 8.647873155124079858e+01 7.824419433129928336e+01 6.630146405759712991e+01 4.657181752300887467e+01 4.865742468212386740e+01 6.831171322311097072e+01 8.227882842278481235e+01 9.005832268552784114e+01 9.805038173817906966e+01 8.937262993749249063e+01 6.943005007523227334e+01 5.546012177622406369e+01 4.550403543134581241e+01 4.304610521047549554e+01 5.712187744820572988e+01
6.142491118371039249e+01 4.398033678616296527e+01 6.336863951634760639e+01 5.911976136759137290e+01 7.009383845639119670e+01 7.243299883437644837e+01 5.655966966903500293e+01 6.990652238537606422e+01 8.037362324876089303e+01 1.007494807687966158e+02 1.082909954232051888e+02 1.057533784037280782e+02 1.139264314839339818e+02 1.252575882830847576e+02 1.183180060842466759e+02 1.090672186448054362e+02 9.079090196296159831e+01 1.090672186448054362e+02 1.049612731010293061e+02 8.497735901266339908e+01 1.049612731010293061e+02 1.029015981123916390e+02 8.310035248321554491e+01 6.949646463909078875e+01 7.305708027997096110e+01 6.358677900040694908e+01 4.383524456447348427e+01 6.108889094541283526e+01 6.929066687401314084e+01 8.072278510814788888e+01 8.546298062293305975e+01 9.368636925897307322e+01 8.359052658707879857e+01 6.696719360290926204e+01 4.713951012631027027e+01 3.820898646084011574e+01 4.778230892460886992e+01
6.580911167316817512e+01 4.656390799622864307e+01 4.633934051575965896e+01 4.800810691844237965e+01 5.046824322928988948e+01 5.295414545871274470e+01 7.242246995850507574e+01 8.437723622026388171e+01 9.642892538832282412e+01 9.956379063616854808e+01 8.884089090558639157e+01 8.632759171817654931e+01 9.750203592969710087e+01 1.170249218385799850e+02 1.100497396273405570e+02 9.005716725227360087e+01 8.080475677391326883e+01 1.007926655620701837e+02 9.789589251776283163e+01 7.793363158524687151e+01 9.789589251776283163e+01 1.040011384199823397e+02 8.673394875805934134e+01 6.739193586555376214e+01 5.388057976607496613e+01 6.401717779490211058e+01 6.063124348614557135e+01 4.131211980592195232e+01 5.275017053144360801e+01 7.248184947970970882e+01 6.560341340077387429e+01 8.222379868081735310e+01 8.316354121831930968e+01 6.332714754217820996e+01 6.634493728199866780e+01 4.778230892460886992e+01 3.382874030402986421e+01
6.840297100129187413e+01 4.916599024829424991e+01 6.570151598409405835e+01 6.736773533290647720e+01 5.127405004438101344e+01 7.062118359664171408e+01 7.654966410761842610e+01 7.955230124274390846e+01 8.197783401150995530e+01 8.014413347248667208e+01 7.509118522911765581e+01 9.453788388350297112e+01 1.070542349201192565e+02 1.187588039899826384e+02 1.081992149587199634e+02 9.372587263914816447e+01 7.377679083850519248e+01 9.372587263914816447e+01 9.187704438318786515e+01 7.195983074654029110e+01 8.406488377112657417e+01 8.406488377112657417e+01 9.254906349079955419e+01 7.305708021664590035e+01 6.401719122230058190e+01 4.465374693961717867e+01 5.374129588490760767e+01 3.957573513906070417e+01 6.110655992473488851e+01 7.335717211101142254e+01 5.417629409568430532e+01 6.513362270563888501e+01 8.498798194544298212e+01 8.316354121811112066e+01 7.588131870253062061e+01 6.183181381356974526e+01 4.366784002429434253e+01
6.278438550778481897e+01 5.178969999798110990e+01 6.531093829821666930e+01 7.871415224376046638e+01 7.062118359664094669e+01 5.462254070406645212e+01 5.710822562495865640e+01 6.006811717460307420e+01 6.312367237027504530e+01 6.632636233154737226e+01 7.050934550485781926e+01 7.944131143289266106e+01 9.127168360137105196e+01 1.105245951207001838e+02 9.992566500533752105e+01 7.995267917919667866e+01 6.850327237624544807e+01 8.176392830014769686e+01 7.780498941517664946e+01 7.745170984199950226e+01 6.423996451037706379e+01 8.406488377112657417e+01 9.724218278846944941e+01 8.336045146979255094e+01 6.401719105395639531e+01 5.697465899224491892e+01 3.714236191236919638e+01 5.469259335931060662e+01 6.217103241657527946e+01 6.507452055409380876e+01 4.531083003228197015e+01 6.513362267169412689e+01 8.370227355820252058e+01 8.529843747154369282e+01 7.720050698306880577e+01 7.185532523601595756e+01 5.769704244751238065e+01
7.386612269463019231e+01 5.454850563579811507e+01 7.386613644771392728e+01 9.312064554567251662e+01 8.211931948826865835e+01 6.427897271207871199e+01 7.654973876593378179e+01 6.442060155675875421e+01 8.263289945502248202e+01 8.014484022582540490e+01 8.999604405823814091e+01 7.763762600619315890e+01 8.745530671878235296e+01 1.064191824039777003e+02 1.047971216710964484e+02 8.481551818887567151e+01 7.075789738625854852e+01 6.196923387455829157e+01 5.806465656515030105e+01 5.772327684388369562e+01 7.745099566010624415e+01 7.737338869180517520e+01 7.737338869175137290e+01 8.088512162584149223e+01 6.709521322402758869e+01 5.896967629613276785e+01 5.469257611350927561e+01 3.486187581415430259e+01 5.100447136029036699e+01 5.136161922880538810e+01 3.924316175387104266e+01 5.914746892404394174e+01 6.387294807323525703e+01 7.393204595380683486e+01 5.741226774477532757e+01 7.393204596252219574e+01 5.743480159330310642e+01
6.591083945690053270e+01 5.737680466426078851e+01 7.679328026068911583e+01 9.107767399755768167e+01 9.187654369008880906e+01 7.805405711403085434e+01 8.932638316178950788e+01 6.983234012529359802e+01 8.932638316178950788e+01 9.959433908278943193e+01 1.034803644320212186e+02 8.408878333420834394e+01 9.580010177267502058e+01 1.127424578861258908e+02 1.106488290138639456e+02 9.066799434983745698e+01 8.716852068320295643e+01 6.730546969982725614e+01 7.315217170115101908e+01 5.344565488624520100e+01 6.955399630617199591e+01 5.761931586850613485e+01 6.550545986788357311e+01 6.355398431920597346e+01 5.317467872467354795e+01 3.916498365824874384e+01 3.730831985855084554e+01 5.243930347573363804e+01 3.263256383999036103e+01 3.158253248021012283e+01 3.170637068333530806e+01 4.402150433792019157e+01 6.387294807313472234e+01 6.577863158400114685e+01 4.599107218271032593e+01 5.520297866314697188e+01 6.034228814708243505e+01
8.169721214948752674e+01 6.208148459429381916e+01 6.321095389985776336e+01 7.706026976178280563e+01 9.684739965150384933e+01 9.754587223853718569e+01 9.744415643156193596e+01 7.857354695369696174e+01 8.362309259597110156e+01 1.030953445959425636e+02 1.116571832358122691e+02 9.373227659518606458e+01 1.034803644320212186e+02 1.220033028472374070e+02 1.102320285714134087e+02 9.024179386653680979e+01 7.873372841141721779e+01 8.716851149737493643e+01 8.139506287331234091e+01 6.955399673074123257e+01 4.983974598824152480e+01 4.776895868140643131e+01 4.575874297328786611e+01 4.379526201479385605e+01 4.186707806638533924e+01 5.840391553561124738e+01 5.088912597795972914e+01 3.470561966555094102e+01 5.244287641757515672e+01 4.987151034770009517e+01 3.013166694105958854e+01 4.840339506967393390e+01 5.661322502823954750e+01 5.996504921654226195e+01 5.518913213385403793e+01 3.544962864472222464e+01 4.057881283295404984e+01
6.967884191973702457e+01 8.169721214948752674e+01 8.285581634882197477e+01 7.007075918826612337e+01 8.404978076113521013e+01 1.038468072863498151e+02 1.061713471275040348e+02 8.979332395032487568e+01 1.030953445959425636e+02 1.112652202671529409e+02 1.214606402060288701e+02 1.132284522688563015e+02 1.214606402060288701e+02 1.313977700889919333e+02 1.184993793613688808e+02 1.069632683904673769e+02 9.869066118184647962e+01 8.904801298922504316e+01 7.482434571636939324e+01 5.510462716271710093e+01 6.955392458680742607e+01 6.749854424042834466e+01 5.715187672689480536e+01 5.776662906465120528e+01 6.166884968182957039e+01 5.817319540363070729e+01 3.836063752133867411e+01 5.454014321249382391e+01 6.277702368145846634e+01 5.808414786026456511e+01 4.840339674792595304e+01 2.871280299196867603e+01 4.695581375914505173e+01 4.014901793643970507e+01 4.730549970805009252e+01 4.635963429035602701e+01 2.674663099916466535e+01
8.108931401226357139e+01 9.768534341182564162e+01 9.644512590774995431e+01 7.665433501314198850e+01 8.404978076131936859e+01 9.546353911802546577e+01 1.152985647840900327e+02 1.092711228022425303e+02 1.174705117188529755e+02 1.214941324425162321e+02 1.131492498635391115e+02 1.162587906702704572e+02 1.162587906702704572e+02 1.245990468656134311e+02 1.138466132510911564e+02 1.038573850423234717e+02 9.558685053959885636e+01 8.078879707110849040e+01 6.100676947555760421e+01 6.643786611587148627e+01 8.306671122996543488e+01 8.515210132945223620e+01 7.691609986591903692e+01 7.754796744528549368e+01 7.475786440811091893e+01 5.501155320418509831e+01 4.100004809296292763e+01 5.501155320429256790e+01 7.475786487346873344e+01 6.092132950275676251e+01 4.112873995170638608e+01 4.695581375909331712e+01 2.731955652406903212e+01 2.633988782564361841e+01 2.544081097063283892e+01 4.233197707968584922e+01 2.289289111649144814e+01
1.008790783543985867e+02 1.091349100487690862e+02 1.046880417948420927e+02 9.064508226517015999e+01 9.064508226517015999e+01 1.104476699320216397e+02 1.235961956539319431e+02 1.201353501282967926e+02 1.117929852476539594e+02 1.098552763910754919e+02 9.298487392678241292e+01 9.608660429485998122e+01 9.608660429485998122e+01 1.162587906702704572e+02 1.055809049060208338e+02 8.559280923013285758e+01 7.563819833269238302e+01 6.816963973314692282e+01 7.083921407830358419e+01 8.628295634821085969e+01 9.455810080232267012e+01 9.742116585266698792e+01 8.919144405732515679e+01 8.993833899705573742e+01 7.594660809533345969e+01 6.353703261487130760e+01 4.376508959399169640e+01 5.519715426763799115e+01 7.492951830162154181e+01 6.092132950275676961e+01 6.092132950274864811e+01 4.895517061039954854e+01 2.958934324432057394e+01 4.559061968589868030e+01 3.870736392883846122e+01 2.416722341492027937e+01 2.969626160995064268e+01
1.099897005224992910e+02 1.016324966285871199e+02 1.099897005224992910e+02 1.104476699320216397e+02 1.104476699320216397e+02 1.187310013245138123e+02 1.161932162988076129e+02 1.117929852476539594e+02 9.165322660124613208e+01 9.755202533731862502e+01 8.143933123799172336e+01 8.192244564702120613e+01 9.608660429485998122e+01 1.162587906702704572e+02 1.138466132510911564e+02 1.021654877899962202e+02 8.219888368498783393e+01 7.960985946739957342e+01 9.073866836689094839e+01 9.073864165850586971e+01 1.006462019767667044e+02 8.080603872145259459e+01 6.942380822062325763e+01 7.862526402525912772e+01 6.196311843954231335e+01 4.800726223979898322e+01 5.775526651525537147e+01 7.173481175725176229e+01 8.314410771194623351e+01 8.074592187198514637e+01 6.325523634723624866e+01 5.134667403421283183e+01 3.191802997663782193e+01 5.134667403388974805e+01 4.876662104087785110e+01 3.792693179368882284e+01 4.969152219227440526e+01
9.991536067989557068e+01 8.149516444776786273e+01 9.991536067989557068e+01 1.031571497784384093e+02 1.115091237845050216e+02 1.102824181165771336e+02 9.602463715734280925e+01 1.102824181165771336e+02 9.755202533731862502e+01 7.751514235622333615e+01 7.253637132931164899e+01 9.253265474659534107e+01 1.074517181341018386e+02 1.210048191631624803e+02 1.293284494533042164e+02 1.104317835673342358e+02 1.021654877899962202e+02 9.957233093078350805e+01 1.078386125391274106e+02 1.107104578757540025e+02 1.088984975077633663e+02 9.742800177851563603e+01 7.862526402525791980e+01 5.891211539708814371e+01 5.267881371425244907e+01 5.940666135747932941e+01 7.594653491714359461e+01 8.571435704248034426e+01 7.864104732320285507e+01 6.714819992306384222e+01 5.501875564619389536e+01 3.541522968268158422e+01 5.134667403068187497e+01 4.406807523846175201e+01 6.387139004863033165e+01 5.776704405097395778e+01 6.260127890846391097e+01
8.028635645630045303e+01 7.149448703530882199e+01 8.891751401906907404e+01 8.301926376428536969e+01 1.031571497784384093e+02 1.012969237474686537e+02 8.186779000757627500e+01 1.012969237474686537e+02 1.058942883647713558e+02 8.753358389145310525e+01 6.754588130799980661e+01 7.905976639946815965e+01 9.910903385253784847e+01 1.008183886723866181e+02 1.176892658784738188e+02 1.080179079555728521e+02 9.969861189862973561e+01 1.080179079555728521e+02 1.175753603279269015e+02 1.060784304530973117e+02 9.782338942342755672e+01 9.081555772122780468e+01 7.808146450564261443e+01 5.837061365268322533e+01 7.239145056924969879e+01 7.913574249791791715e+01 8.735731749586197736e+01 8.603799333152483086e+01 7.040827723672678928e+01 5.048943550088796428e+01 3.907616769806362811e+01 5.501875564619389536e+01 6.325523634723624866e+01 5.805083143853180161e+01 7.210712032211479539e+01 6.838538459390186119e+01 4.858051825458199602e+01
8.397833169747458726e+01 6.394221259034045346e+01 6.885640896531454302e+01 8.891751401906907404e+01 1.078424202605692273e+02 9.295894463784914308e+01 7.295961071133011444e+01 8.353116821207866849e+01 9.185115273542243131e+01 8.382196070083645623e+01 6.382200529502002695e+01 7.795056866133229789e+01 9.799675499261563516e+01 8.921722748908166523e+01 1.086856167846506764e+02 9.796255530256087241e+01 7.957707576290523832e+01 9.796255530256087241e+01 1.093111725259712586e+02 8.941374852603435386e+01 7.800224815127381817e+01 7.103822560969300071e+01 6.511177208816255302e+01 7.808146450564726138e+01 7.228632564321965503e+01 9.207146122208108352e+01 8.858167323010674465e+01 7.713209633816649102e+01 5.793761084595880106e+01 4.376912531889785640e+01 4.489308339042795382e+01 5.879040704910817539e+01 7.867348692434126178e+01 7.792346163597450470e+01 8.102763488229119559e+01 7.232789949769021121e+01 6.260127091684104528e+01
6.971352992574539087e+01 5.816198207981095436e+01 7.819440231746494874e+01 7.937740448607144117e+01 9.949281514385070579e+01 9.769714759350871702e+01 7.766342742799267285e+01 6.354509902912888464e+01 8.353116821207866849e+01 8.034041534457345790e+01 6.032040070480722704e+01 8.034041534457318789e+01 9.031429831727206192e+01 8.028214776473325287e+01 1.003464488605520870e+02 8.963784383076750828e+01 6.962027841626813540e+01 8.963784383076750828e+01 1.016222946115463799e+02 1.060784304530973117e+02 9.782338942342755672e+01 9.081555772122931103e+01 7.495125218575128656e+01 9.308172354526058712e+01 8.625204890127596968e+01 9.583363322173651966e+01 8.034114821021169917e+01 6.053605207409175648e+01 4.895656020945887121e+01 6.375556175482402210e+01 6.471566122987252356e+01 5.421250485531413688e+01 7.408243713372890227e+01 8.469648097144845167e+01 6.327346943411404823e+01 5.103868290737749192e+01 4.384677811032923245e+01
