LEM/with_lateral_4open/elevation_000020.asc
nrows	100
cellsize	150.0
xllcorner	0
ncols	100
yllcorner	0
NODATA_value	-9999
[rows 68 to 84 of 100, columns 37 to 73 of 100]
7.554807293924136502e+01 8.154664252024925020e+01 7.569687858599247932e+01 7.047008741147486433e+01 7.798393028525454440e+01 6.504120937970181160e+01 4.486026147844549428e+01 5.236871215226366161e+01 6.677300315266268171e+01 8.715017387760063627e+01 8.742284511038903361e+01 6.728961916043623148e+01 8.742284511038903361e+01 7.618865067300971816e+01 5.615738393296882691e+01 7.618865067300971816e+01 9.112638566905967252e+01 9.951060254666040805e+01 1.096039444995437435e+02 1.040757137917702266e+02 8.457152466801159107e+01 7.846415325124407047e+01 8.770573999908710050e+01 7.838515660721803613e+01 9.223702184620968580e+01 9.162274948376737882e+01 7.492941811710444711e+01 5.553148887635968833e+01 5.351244213558459961e+01 3.447548162987745712e+01 3.331568891824682055e+01 3.228144731769072706e+01 5.071452567044197934e+01 6.037767456757834594e+01 5.198674386419902049e+01 6.889990707629893052e+01 6.166406449537322487e+01
7.029890272294042575e+01 6.078425486225268060e+01 5.505586493384029012e+01 4.999880799373626417e+01 5.759580725169521287e+01 6.278479592200272208e+01 4.268347641037896523e+01 6.278491081088024828e+01 7.274133827660106988e+01 9.306594464313859305e+01 8.135244908353087112e+01 6.126158660931825040e+01 8.135244908353087112e+01 7.218170273048535535e+01 5.223531763138813488e+01 6.629436432747282026e+01 8.633607031633526674e+01 8.914255335593932728e+01 9.745428040492376454e+01 1.122984359704783373e+02 1.036261379498319997e+02 9.910976816741396078e+01 1.035390072209358294e+02 9.781389440685860848e+01 8.597504635109174842e+01 7.208876986193654091e+01 6.953174321476754471e+01 5.745235257916620242e+01 3.772963817391601538e+01 3.574712917757523911e+01 5.275565934662188283e+01 5.232754720757411349e+01 3.875287690736486468e+01 5.909505560063421115e+01 7.206814780942374910e+01 8.056826411148107070e+01 8.239165027997840696e+01
8.996048753630959993e+01 8.154664252024925020e+01 7.569687858599247932e+01 6.356735040778537638e+01 4.337964184839484716e+01 5.755914359525185375e+01 4.055446545479552611e+01 5.463088537439072923e+01 7.493941965670686045e+01 9.103189266934828083e+01 7.598294022758102528e+01 5.596735702910876853e+01 7.598294022758102528e+01 6.847750767479703882e+01 4.859869093015413455e+01 6.790390962121944085e+01 7.274380642584512202e+01 6.905827215605795288e+01 8.549476409364400808e+01 9.380950572706150581e+01 1.038577986852875341e+02 1.015853419378289857e+02 9.333491163183914807e+01 9.333491163183914807e+01 7.781014002961093468e+01 5.835248295651878436e+01 6.141243574674707162e+01 4.161202135318974626e+01 5.745235257916620242e+01 3.846913189231804608e+01 5.934759160908194531e+01 6.760827436931137413e+01 5.909505560063421115e+01 4.623813553991792702e+01 6.690724446182751706e+01 8.465414126534197692e+01 9.648423512307950034e+01
9.139513395019714892e+01 8.303404850445589602e+01 8.303404850445589602e+01 7.198105254028031652e+01 5.755975876269522473e+01 3.763452535940128030e+01 5.755975881711587760e+01 6.057845015462707750e+01 8.087824448630811958e+01 8.271539133337206806e+01 6.264621720176081254e+01 5.119071482282402741e+01 7.112844824607286398e+01 6.490707316447020503e+01 4.505602127823570413e+01 4.801582737779911980e+01 5.278840068328376134e+01 5.873777252217366396e+01 6.537952903919128289e+01 7.543693432484511163e+01 9.555259386244287612e+01 9.333491163183914807e+01 7.381565655995335362e+01 7.381565655995335362e+01 7.482944284645307675e+01 6.550403717331967357e+01 4.588140764780123959e+01 6.141243574674707162e+01 6.376988408983628887e+01 4.350434686711744803e+01 4.582101847504100078e+01 6.584388402763953252e+01 7.540288020260143753e+01 6.690724446182751706e+01 5.539908495289343904e+01 6.750654133986402883e+01 8.811698801354883415e+01
8.303404850445589602e+01 6.268465456375842848e+01 6.268465456375842848e+01 6.341787767156463218e+01 5.569836453086584527e+01 3.582313144417627626e+01 4.978183524752513023e+01 6.998152737168312854e+01 8.334957241842236897e+01 8.104360455608929215e+01 6.101000321713807040e+01 4.698262072328860484e+01 6.135980445592586108e+01 6.145136369103315843e+01 4.157491197136895522e+01 6.145136369103313712e+01 7.274380642584509360e+01 7.878968574215980425e+01 8.549476409364400808e+01 9.380950572706150581e+01 1.038577986852875341e+02 9.692347692639863510e+01 7.953271400679874148e+01 6.014063022677231629e+01 5.540933092807046734e+01 5.089365582394948007e+01 5.340073572932309531e+01 7.285828643014414752e+01 6.827167707427497589e+01 4.864876444072325512e+01 6.584388402763953252e+01 5.328615735736508441e+01 7.271196725129431115e+01 8.465414126534197692e+01 6.750654133986402883e+01 8.465414106935391203e+01 8.331426785193042406e+01
6.616070136502095522e+01 5.597465067865896060e+01 4.840086156819940300e+01 4.331907066192241729e+01 5.387322928825214774e+01 3.403142105684430163e+01 5.387320383241629429e+01 6.676306884946231435e+01 6.303534667093058630e+01 8.334957310416942278e+01 7.518421377273647010e+01 6.135980432629419568e+01 4.145957960082383664e+01 5.613374937841771128e+01 3.884850482732277044e+01 5.877118459592459487e+01 7.255628546307093529e+01 8.410774660255512458e+01 9.341800424779840739e+01 1.017223853074937381e+02 1.026070431859012473e+02 8.293788189210786754e+01 6.925454389387603271e+01 7.865272810748560062e+01 5.923777343437753018e+01 7.037416361884878313e+01 6.314255293207870778e+01 8.099710257283871329e+01 7.295519729808896159e+01 5.364449074487487934e+01 7.295519729808896159e+01 7.271196505377145058e+01 6.099930288665889577e+01 8.027096678065480262e+01 8.811698801371649381e+01 9.648423505273272838e+01 8.331426785192218176e+01
8.472329178138762984e+01 7.634358915165597637e+01 6.864485405595227974e+01 5.652404374115275232e+01 3.662185541420693369e+01 3.224873194910897212e+01 3.916009469470249371e+01 4.658474242785807462e+01 6.081053634463968649e+01 8.113377488569636853e+01 7.225484021541247159e+01 6.395099497533809085e+01 5.613374937841771128e+01 3.618396568771051847e+01 3.618396568752174147e+01 4.435224398941650037e+01 5.581256102731163793e+01 7.579788478741075153e+01 7.327024226146437513e+01 9.010684654891896628e+01 1.047873960775388298e+02 8.508302670412322755e+01 8.293788189210786754e+01 8.512710510756733129e+01 6.570397410732203980e+01 8.512710510756733129e+01 7.683915182706286373e+01 9.076215889778147528e+01 7.808849658855730524e+01 5.888159251410841932e+01 7.808754518380001741e+01 8.842666125002328670e+01 8.027096678065480262e+01 7.002991796227040311e+01 8.111168619587431294e+01 1.007314962702270265e+02 9.162637496695126060e+01
9.282587124896758723e+01 8.272154887696024161e+01 7.436408741351500851e+01 6.490080283594151922e+01 5.045823794561629683e+01 3.063503094567567686e+01 4.818952418332168008e+01 5.652475116954720136e+01 6.026370787808966867e+01 6.864448383655364694e+01 6.394970028733219181e+01 4.400600263055253691e+01 4.984671194876368361e+01 3.270072813041819160e+01 4.081397564263590283e+01 6.059333393091990416e+01 7.255628546308550142e+01 8.178568844142003513e+01 6.161097026055703907e+01 8.178568844142003513e+01 9.343359872754238893e+01 1.047873960775388298e+02 1.026070431859012473e+02 9.332972128342277074e+01 7.535688975775720166e+01 9.332972128342277074e+01 9.641932437712310389e+01 8.926116781691287372e+01 6.990963282162110204e+01 7.808855182942214412e+01 7.240384817570374310e+01 9.181303648428556130e+01 9.763266678736400195e+01 8.111168619587431294e+01 9.763266678736400195e+01 1.090304574055767688e+02 1.110523965004388884e+02
8.448164305222779547e+01 6.424653177480226418e+01 5.416424943643877299e+01 6.356681984514871431e+01 5.190209251629806175e+01 3.210448890592756044e+01 2.835631665364744336e+01 4.611948067125335626e+01 4.026120898036370477e+01 6.026358235724752888e+01 6.753122558394606756e+01 4.983011559323895057e+01 3.006529005173216262e+01 4.984671194876368361e+01 6.017217956150405911e+01 5.482739370424283010e+01 7.462975016686014840e+01 7.416036171608037364e+01 5.404065516747317588e+01 6.497520271151445570e+01 7.920440071952835126e+01 8.820687250134211865e+01 9.982340667521191335e+01 1.031593892436159621e+02 9.489732045737738986e+01 1.031593892436159621e+02 9.908918024584706075e+01 9.748801263883285628e+01 8.350181594250334172e+01 9.748770861167346879e+01 9.181317555638369754e+01 1.000587229482543137e+02 9.801117352657689707e+01 1.007314962699113892e+02 1.090304572044784663e+02 1.138123320154341798e+02 1.023216946139582291e+02
9.282587124896758723e+01 7.785395720751105841e+01 5.764889378217089444e+01 4.353412060822250140e+01 3.764062396196317195e+01 5.190209247826942374e+01 4.611947973676348767e+01 2.626782537321839683e+01 4.409047451203464618e+01 5.240765101906030310e+01 5.360430171653220555e+01 3.958019042556739464e+01 2.828712562843003298e+01 4.215573838873073242e+01 6.230791105665812069e+01 7.462082976018467662e+01 8.301158909447602241e+01 6.745379286654464579e+01 4.743750807984964268e+01 5.081553478649963296e+01 5.973855709941658887e+01 7.136882536962748702e+01 9.151550375927924108e+01 9.601601244790468570e+01 1.042992835700100187e+02 9.323266466236864858e+01 7.909298268485407846e+01 9.323266466236864858e+01 1.031654732225915154e+02 9.768880914821846773e+01 8.940532845584061761e+01 9.215455577433114343e+01 7.801479941517730765e+01 8.801298646954406024e+01 9.629599428081004930e+01 1.055562689910522778e+02 8.566613356247817990e+01
8.680428454473045008e+01 6.657588643468545797e+01 5.491787010068251362e+01 4.600961331791926767e+01 5.752673376270113437e+01 6.587430277195778672e+01 5.444531711022698062e+01 4.409122390313417128e+01 2.421928997352706148e+01 4.280947955132012339e+01 4.291242930856150650e+01 2.579046053052826792e+01 3.958080819107736659e+01 4.797928752420639853e+01 6.793786929182073209e+01 7.516835248702994932e+01 7.214549374483370059e+01 6.141865592705682531e+01 4.151092002330014452e+01 6.141865592705682531e+01 7.374914807136289596e+01 8.380059756793851022e+01 9.275239438301875339e+01 7.601529694542071525e+01 9.275239438301875339e+01 8.429178782971919759e+01 6.495912959216420290e+01 8.429178782971919759e+01 9.762166564062685836e+01 8.614493838389114444e+01 6.941258162863596226e+01 8.045678213148406144e+01 6.388164379606379839e+01 6.802114923733738294e+01 8.801298646954406024e+01 1.010972218880102105e+02 1.023216946139582291e+02
9.514537625571890089e+01 8.348193087685727676e+01 7.444918174923824949e+01 5.754562581240398345e+01 7.444918174923824949e+01 6.897761303541216193e+01 5.026520273400767280e+01 3.829264005171676644e+01 3.468306335716846434e+01 2.220806101207098138e+01 2.330110055525188173e+01 4.291242875423530023e+01 5.366548008370596534e+01 6.768206295782792381e+01 6.930012580925152577e+01 5.511105954073676827e+01 5.214133007467311387e+01 5.214133007467310676e+01 3.741362351568982092e+01 4.544715904347359725e+01 5.537080516880746472e+01 7.547420877268804418e+01 8.446859396856051205e+01 6.446715439522446900e+01 8.446859396856051205e+01 7.600966356863803242e+01 5.602950267431921105e+01 6.934960993719835187e+01 8.840799434337934315e+01 7.786250837245511036e+01 5.788031770694414746e+01 6.047253350407144978e+01 5.389898232822411472e+01 6.282684672220252509e+01 7.281802801075238563e+01 8.695719172386537821e+01 1.069540326556588070e+02
9.077640395374197624e+01 9.906269925880987159e+01 8.611091031337265633e+01 7.775786989473260746e+01 7.286909811339735654e+01 6.448477252153433881e+01 5.746646886701179113e+01 4.502864019461675582e+01 2.527919156921199573e+01 2.080059644956236653e+01 3.687384595988480385e+01 4.582260820291426739e+01 5.883483596146093220e+01 7.016013452129007533e+01 5.931824224452856953e+01 4.106709557873096372e+01 4.770831954333385028e+01 3.231630428857898352e+01 4.113547231859325848e+01 5.256859725144521178e+01 7.262428442081768765e+01 8.380059756793851022e+01 7.739701719066113128e+01 5.740035143625892289e+01 7.739701719066113128e+01 6.934960993719835187e+01 4.937577282685277424e+01 6.014289912662517423e+01 8.012598798062219885e+01 8.045678107972345572e+01 6.047253350379526182e+01 4.635291612609339040e+01 6.632578444352928670e+01 7.774535696407872365e+01 8.668105880565823895e+01 9.822055805508860260e+01 1.135771704529993542e+02
7.072556443088978995e+01 9.077640395374197624e+01 8.896753536356033010e+01 6.860152626975950341e+01 5.440295281544169370e+01 4.463401209537752834e+01 3.776779840430805990e+01 3.209666382209059066e+01 4.502864019461675582e+01 3.919244297557415280e+01 1.929359069345528610e+01 3.079350991855108788e+01 5.062483405297577121e+01 5.016659590126615598e+01 5.102640010559593264e+01 3.118192224166985937e+01 2.786932607795316486e+01 4.770831954333385028e+01 6.043559424751130393e+01 6.936129963528765074e+01 8.094655056062266851e+01 8.550925164230253017e+01 6.551021273251640764e+01 5.137943870454321171e+01 7.136779561197914745e+01 6.380986425495869696e+01 4.383089706661358065e+01 6.380986425495869696e+01 7.568042096609549674e+01 6.591056052077851746e+01 5.763206620219745702e+01 4.242743184048340765e+01 4.949619947075014892e+01 5.842388849410618690e+01 6.995467300675461786e+01 8.993906560979013420e+01 1.053200327919262946e+02
6.988072451798753093e+01 8.995707775946827667e+01 9.208353750415921013e+01 8.296856833456855895e+01 7.286909811339735654e+01 5.746646886701179113e+01 4.812109283849439123e+01 5.177995251985196745e+01 5.634733665102688605e+01 3.813867779486179899e+01 1.824222332724358608e+01 3.666907021050949567e+01 4.493396575654524128e+01 3.611862367087746151e+01 3.977106546857545766e+01 2.365721547073083997e+01 3.769793492143998748e+01 4.770831954333385738e+01 6.767242676488267250e+01 7.436928237756987414e+01 8.273339263208345074e+01 8.034552199978546128e+01 6.035038360576373151e+01 4.622419730513633596e+01 5.954594846878489989e+01 5.922637483546859016e+01 3.923265433186364959e+01 5.922637483546859016e+01 6.154721180918989631e+01 4.741400265228421063e+01 3.763284487421395141e+01 4.915032233851280807e+01 6.861745439272085889e+01 7.774535696407872365e+01 7.808886920435186596e+01 8.634456962462061824e+01 9.476841151981837186e+01
6.988072451798753093e+01 8.620021847037411078e+01 7.203001678010609510e+01 8.620021847037411078e+01 8.595418113185246511e+01 7.643076819911391340e+01 6.806001114233525584e+01 5.215235781556021522e+01 3.812095240850405276e+01 2.820544388306909411e+01 3.655793801459361703e+01 1.677764974842477130e+01 3.520942488946050020e+01 3.622592253246314442e+01 1.988191438171077863e+01 3.977106546857545766e+01 5.179849441773087193e+01 6.589905391402156454e+01 6.693347934567410107e+01 5.427394269553539630e+01 7.111487084794583780e+01 8.273339263208345074e+01 7.108573199389805097e+01 5.109824062005580458e+01 3.956038262163059471e+01 5.377661255790409456e+01 3.495300530675910267e+01 5.496369930148618721e+01 4.918182090368438253e+01 3.325036709898244425e+01 5.326787828858583396e+01 6.565611672422309653e+01 7.665747354401354130e+01 7.253605104499855827e+01 5.815445268705519055e+01 6.657972846195245609e+01 8.297581714695022015e+01
6.220940396557877250e+01 6.782880743829412040e+01 5.775405786307189970e+01 7.203001678010609510e+01 9.208353750415921013e+01 8.702822138860877033e+01 8.047899657795667849e+01 6.631567719675838646e+01 5.634733665102688605e+01 4.806689206435670769e+01 4.030138907894330202e+01 2.082555904985020589e+01 1.532025662919407161e+01 1.633526741321436404e+01 3.620467608460797493e+01 4.784461331826569364e+01 6.141850030063301347e+01 6.113151197248404856e+01 4.697747055674246042e+01 4.287766780851413984e+01 5.427394269553539630e+01 7.436928237756987414e+01 7.936909379407352105e+01 6.782756631582580553e+01 5.377661255790409456e+01 3.377442295184818732e+01 3.085621119623736064e+01 4.521572412412926667e+01 2.915401400684795163e+01 4.918182090368438253e+01 6.154721180918989631e+01 7.136478607811744723e+01 6.310645274992276654e+01 5.258726674832626458e+01 4.661737158275991533e+01 5.477867232979679102e+01 6.630430740914100340e+01
