LEM/with_lateral_4open/elevation_000216.asc
nrows	100
cellsize	150.0
xllcorner	0
ncols	100
yllcorner	0
NODATA_value	-9999
[rows 34 to 50 of 100, columns 0 to 36 of 100]
2.064481644892168788e-02 2.002064481644856642e+01 3.647829645891994232e+01 4.735884478968801403e+01 3.321670917480357588e+01 4.735884499760806676e+01 5.409433414256991313e+01 4.038501824008038454e+01 4.405234687844487951e+01 2.405013318389322663e+01 4.109690846711401946e+01 2.917784919394333798e+01 4.339205529092060232e+01 6.363076276633319850e+01 6.628056490214052587e+01 5.186675573926608962e+01 3.178150506595833846e+01 4.366698648845581943e+01 2.684512749808127907e+01 3.683946598891528623e+01 5.695807179209591453e+01 6.075881301019196457e+01 8.102749874173628086e+01 8.389361253557332532e+01 8.133722182493201558e+01 7.581135525392993202e+01 5.893650723744131881e+01 5.521311939582456318e+01 7.536282672231736512e+01 8.359306828349966167e+01 1.037615293544106976e+02 9.542829500602829285e+01 7.571635701186765743e+01 6.580281669903837383e+01 7.781355942357842537e+01 8.600580392009287323e+01 8.785050071697962437e+01
2.905961989428186565e-02 8.194025429171613695e+00 2.233616105290281695e+01 4.233616105328511736e+01 5.321670917568047798e+01 5.645991588316370979e+01 4.442624334215565796e+01 2.635654715947674021e+01 3.833632539048487331e+01 1.870460255312218223e+01 2.100797846636784527e+01 4.109690846711401946e+01 4.717345900408559345e+01 4.861569899388855731e+01 4.500166531964785577e+01 4.577407432761198436e+01 4.072754596938537475e+01 2.362259023172622818e+01 4.366145614794798036e+01 5.525628838987433511e+01 5.695872108176860138e+01 7.723076979128271091e+01 7.798842490592511467e+01 6.373329253566677011e+01 6.112080382950161095e+01 6.744992843263089810e+01 4.736923262343399443e+01 6.745946127172381068e+01 6.341504871371249408e+01 8.359306828349966167e+01 9.679232667692598113e+01 1.036085874127228408e+02 9.374719669308223047e+01 7.724371261151956958e+01 7.987638106344743960e+01 9.943236190622066317e+01 7.991018858647304057e+01
3.542675937824442400e-02 2.003542675937788786e+01 2.819402542928358102e+01 4.819402543180916609e+01 4.925829633715292033e+01 4.097417914778095849e+01 2.820220299617805537e+01 1.636848579440596296e+01 2.837302081315123914e+01 1.370452949368086415e+01 3.121446809347300544e+01 3.228117872530820165e+01 2.787122527221719537e+01 3.103922019314488878e+01 4.423273884104393971e+01 2.526300741216494572e+01 2.067796000173779092e+01 4.072754596938537475e+01 5.204035512841146272e+01 5.912330073436034183e+01 6.087702238001324417e+01 6.267458290718050762e+01 6.450244383530443315e+01 4.953079957991480597e+01 4.692650423984604657e+01 5.787073505469398782e+01 4.290152866114664931e+01 4.922014471895423071e+01 5.817660614975667954e+01 6.824239007420078451e+01 8.253687253826808501e+01 1.027128680251831980e+02 1.051329165049896943e+02 9.694942353786032641e+01 9.387866521537797837e+01 9.864541710297632449e+01 7.929750890887680725e+01
3.411803931810562102e-02 1.417625368093989024e+01 3.417627157335109445e+01 3.772800847852444406e+01 4.097417934073129686e+01 2.097443787716676766e+01 2.683222235580366544e+01 8.203625592094626384e+00 9.184192194040209145e+00 1.016832054882029013e+01 1.119559894772959829e+01 1.225857339564571369e+01 1.632481089808922547e+01 3.347928586481067725e+01 3.597846885385197169e+01 1.778636338272556827e+01 3.785361442450323466e+01 4.166423970771552376e+01 4.327476038998513985e+01 3.901650970437885491e+01 4.077652013293985078e+01 4.256503023295947941e+01 4.438336042040046436e+01 5.214853507213739192e+01 3.534614367799169088e+01 3.780672653070337930e+01 5.744276575514621896e+01 6.620446877244881989e+01 7.008238455771693509e+01 7.528152065562089490e+01 8.087667608089037685e+01 8.696670802146283563e+01 9.410686131223103246e+01 1.024470114745598863e+02 1.132502108878707077e+02 9.808663340624050875e+01 7.805691087631470282e+01
3.327314952832965272e-02 2.003326571598095285e+01 3.147357481115710698e+01 1.772843401898267857e+01 2.452790213695621091e+01 2.547301709140016612e+01 6.831651385052816217e+00 2.683222637443212122e+01 2.931686971042023160e+01 3.018623083740569513e+01 1.530665011230048300e+01 3.228089224865153994e+01 1.375563885806617215e+01 1.492572148662454801e+01 1.608996856538108489e+01 3.599281493105240770e+01 2.000864347035028246e+01 2.160568218326237755e+01 2.322204871444193586e+01 2.485017230466579008e+01 2.661099271521746346e+01 2.839627532103526875e+01 3.020975334134010382e+01 3.205930409699612937e+01 3.534371667055901156e+01 5.542144926359938495e+01 4.273675382133924927e+01 4.626889892481649014e+01 4.997474575960096388e+01 5.512594700544463677e+01 6.068064509918252014e+01 6.674185713720267188e+01 7.387516123773117727e+01 8.550147399194068498e+01 1.057356019381408032e+02 9.811951287705421976e+01 7.805985363637867636e+01
6.779948344387334846e-02 2.006779948344351894e+01 2.114735355564269881e+01 3.585754044827450304e+00 4.527510168752300501e+00 5.472416475662265078e+00 1.960530057094176115e+01 3.485720173449155368e+01 4.139853324575819471e+01 2.140363984466693026e+01 3.522818107774940444e+01 3.483565916243226468e+01 3.656894062790946265e+01 1.710128227514647392e+01 3.610429697862404197e+01 4.425366932469337655e+01 3.419243191436647322e+01 3.578217992052454122e+01 4.327475586928020590e+01 2.940887721729146520e+01 4.666359937261299251e+01 4.845498184461025915e+01 5.027610352136805716e+01 3.844680736125692988e+01 5.492397057799993121e+01 4.018478616529260705e+01 6.022886513624267479e+01 6.635036684076605695e+01 7.008238455771693509e+01 5.852174121800877060e+01 7.867633015701484567e+01 8.696670802146283563e+01 9.410686131223103246e+01 1.024470114745598863e+02 1.140736129329371664e+02 1.065241981944800358e+02 9.811951287705421976e+01
9.516927588586144779e-03 2.000951678069349526e+01 2.259791484624190883e+00 2.226046221815656523e+01 2.452790013695453553e+01 1.150222203208427452e+01 3.126455681801345321e+01 4.749096747961311848e+01 4.599266509458483654e+01 2.596655314749652987e+01 4.599261409914053189e+01 5.470062841370606321e+01 3.965327557849030171e+01 1.953415511402434035e+01 3.966790333239538313e+01 5.174844891058435081e+01 5.427212339546785813e+01 5.586479204294925438e+01 4.573377038378993120e+01 4.941925351925796406e+01 3.686783589071789180e+01 4.540870988336709502e+01 6.439873156251333342e+01 6.138584615399026490e+01 6.336608025008867173e+01 4.369309935288112712e+01 6.371616771777554078e+01 7.964988072436345590e+01 8.702676804794364784e+01 7.867633015701484567e+01 6.928217382830646898e+01 8.094315878966902744e+01 1.011035331177346848e+02 1.111400976674391785e+02 1.027830970018661674e+02 1.074246001158415567e+02 9.905476532665393563e+01
1.945935296826603253e-02 9.454487417312039677e-01 2.081065300074750013e+01 1.491528604511390022e+01 3.493732011774691415e+01 1.904146462484094471e+01 3.126753789019348062e+01 5.093721268317780471e+01 5.104055607309866360e+01 3.095891849342001834e+01 4.509555742484601382e+01 6.469235429547548222e+01 4.674984893781069673e+01 2.668733534610996472e+01 2.331088745017342845e+01 4.339728716761312199e+01 5.565246950872280962e+01 7.415796389136592381e+01 6.581775117868873792e+01 6.385565935567956330e+01 4.387025266869981976e+01 6.385565935567699114e+01 5.926390933918336401e+01 7.924569079236047742e+01 6.874094094533417376e+01 4.868206648898630817e+01 5.123046815644794094e+01 6.541427608061755450e+01 8.582541648105942045e+01 9.780883098803569453e+01 8.946393557246231865e+01 9.780883098803569453e+01 1.094444236387174669e+02 9.941880384167248508e+01 8.242890866907582392e+01 9.726703101394842577e+01 7.869465614656330388e+01
5.600688922766024203e-02 1.158329515730147818e+01 2.893556116502975328e+01 3.494218817756708972e+01 3.494594719129897697e+01 3.295167238872579674e+01 3.295167238872627991e+01 5.256542733354424968e+01 5.684948244108040427e+01 3.673166629521965376e+01 5.684459659322563851e+01 5.958835615274995945e+01 3.938211356767224203e+01 4.678124413227583034e+01 3.750848369540930349e+01 2.723042619267465625e+01 4.729496534337174296e+01 5.622169702863492802e+01 6.459695212211778426e+01 7.219670010188487197e+01 5.534810313247795222e+01 7.219670010188487197e+01 7.334438584653906901e+01 7.664402518480795834e+01 5.649503480748584394e+01 6.874094094533420218e+01 5.877215125610455715e+01 6.760697188680892111e+01 8.186279711571717144e+01 1.019099960709928041e+02 1.025472010280977031e+02 9.417322426840738103e+01 1.025472010280977031e+02 9.103160088879334921e+01 7.076103572199750147e+01 7.932838463311794897e+01 6.862389496701929659e+01
8.215197286175310309e-02 2.008214522937217339e+01 3.121467015775572307e+01 5.055651654731963873e+01 5.497262980801298227e+01 5.256542732988120292e+01 5.256542733354424968e+01 6.080208453466300966e+01 6.357250455581097270e+01 4.340343821161913240e+01 6.357250455581097270e+01 6.839454788573634403e+01 5.367050330876102038e+01 6.598841412576942389e+01 4.729496534337175007e+01 3.391065991971806426e+01 3.177178488968037939e+01 3.613938965697872874e+01 5.622169848841448214e+01 7.151064105695765249e+01 7.547719728069880318e+01 8.382051258713640607e+01 9.349270122826186480e+01 8.273785395569100842e+01 6.252691038599911622e+01 8.273785395569100842e+01 7.893171032678192489e+01 7.150818812425579551e+01 9.170580460207048645e+01 1.017924467932331680e+02 9.241586598107207351e+01 7.389145817119853632e+01 9.241586598107207351e+01 9.367126312798028209e+01 7.338736983707643446e+01 5.928742473034120053e+01 7.591662202675861693e+01
2.613274238814250472e-02 1.416826836611921792e+01 3.416826836611992491e+01 4.990660516441021599e+01 5.812143673753861606e+01 4.984849412816210190e+01 5.094813870701103298e+01 5.922158656048964076e+01 7.197009841969793342e+01 5.763496275461942986e+01 5.985158028062367919e+01 8.012871895192986926e+01 7.461447114197136443e+01 7.582926941230306284e+01 6.109758165913249428e+01 4.098615353224523261e+01 5.183937596644850032e+01 3.884721896249790518e+01 4.300201807110656915e+01 6.312319888420997671e+01 7.819607263892555693e+01 8.659864035219170830e+01 9.674878673826364661e+01 8.273785395569085210e+01 7.681388393679233673e+01 7.681388393679233673e+01 9.703958271840784278e+01 8.581667339444771869e+01 9.997402125377546156e+01 9.342424186561554222e+01 7.320046743535823452e+01 6.389184131398317845e+01 8.403234121980300131e+01 8.989624268888978520e+01 7.470953567949155172e+01 5.480194330170519379e+01 5.595920168745672640e+01
7.532853315450405152e-02 1.007532853315459143e+01 2.162233391694731210e+01 4.162233391694801554e+01 4.659596614578070017e+01 2.988991474227846368e+01 3.098984105509131837e+01 4.510258021974722453e+01 6.506056528660828064e+01 7.790699849940483546e+01 8.012871895192986926e+01 7.503844899147959779e+01 8.332440198564235345e+01 7.538872128869003575e+01 5.517799780280217448e+01 5.517799780280217448e+01 6.414215669663573749e+01 4.401360007763676663e+01 6.312319872902395446e+01 5.085737827275250567e+01 5.795319675870839404e+01 6.803983738113460333e+01 8.835230789671662421e+01 1.029262462533537814e+02 9.703958271840784278e+01 9.703958271840784278e+01 1.053482680396353288e+02 1.059234250341079928e+02 9.574184114780486254e+01 8.565110824348192864e+01 7.691159918985684385e+01 5.691437437780886910e+01 7.691159918985684385e+01 8.173942587109338831e+01 6.188652792228702282e+01 5.052907718804150505e+01 7.038142953758305964e+01
6.101047412966256744e-02 1.420314609786073845e+01 3.420314609786144189e+01 2.827306453264453268e+01 3.017130488712563974e+01 1.835202338757402885e+01 3.247976257138959255e+01 5.243802722282656958e+01 5.810557517036587427e+01 6.194463706321913321e+01 6.610413974360231748e+01 5.507616388737232427e+01 7.179210707340747888e+01 8.378440607157621400e+01 7.538872128869003575e+01 7.538872128869003575e+01 6.973641367673774027e+01 4.956598489096484883e+01 6.973639800651787368e+01 7.103913523611595338e+01 6.731679774285959184e+01 8.659864035219170830e+01 9.674878673837854137e+01 9.455603693048574598e+01 8.615565546664738861e+01 8.640801686036273566e+01 8.640801686036273566e+01 9.480743704563970198e+01 8.736726483574054214e+01 6.720093849264918617e+01 5.727927970373418276e+01 5.166294998666383975e+01 7.156711601319146610e+01 7.214915922648249591e+01 6.382508821677884470e+01 4.779880516907137178e+01 6.762647005139503165e+01
6.842009524227352091e-02 2.006842009524191894e+01 2.442327182053416834e+01 7.779986651357860161e+00 1.018770368606813825e+01 3.017130479778643348e+01 3.693581420743201704e+01 4.041236251340963292e+01 3.815474004103376160e+01 4.199628467535679732e+01 4.615586376582455586e+01 4.356927817154999616e+01 6.351321827809185550e+01 7.521041727500264074e+01 8.674641131688653672e+01 8.407189320552603817e+01 6.379846363279168031e+01 6.379846314646579231e+01 6.379846233506018649e+01 8.407163883187440945e+01 8.760163773153730915e+01 9.599416537667853788e+01 9.299985568068467501e+01 8.306680655238652378e+01 6.641328496685900973e+01 6.665855077414119023e+01 6.665855077414119023e+01 8.640801686036273566e+01 9.574184114780486254e+01 8.565110824348192864e+01 6.659107459351940861e+01 4.673720532564825447e+01 6.108447239150178376e+01 6.049874620846144069e+01 4.399219713034131729e+01 4.922895889261548774e+01 5.450639271854038270e+01
1.934550753332892059e-02 2.214630707327140513e+00 4.423261228824080682e+00 2.354967270657063594e+01 2.999125326518414880e+01 1.407284513648006197e+01 1.695959130988583752e+01 2.044111258038125811e+01 2.403308149558478135e+01 2.788154840679553459e+01 3.205004477315602429e+01 3.807150120125173487e+01 4.698594004461141083e+01 5.848885354759154609e+01 7.845919393482219562e+01 9.246677767160325345e+01 8.407189320552603817e+01 8.407162625796794941e+01 8.407131976066266077e+01 9.246390334842099890e+01 9.181563614877414636e+01 9.771018601649775803e+01 8.460983499353677928e+01 6.490495009476971688e+01 5.520783645934923811e+01 5.292295102249175187e+01 7.244303546598165156e+01 8.517511960927680548e+01 9.164942425145973459e+01 8.328862115919766040e+01 7.490641880045686207e+01 6.108385829198697792e+01 4.123863887735422651e+01 4.065132383297401475e+01 4.726929831024326489e+01 6.704110372931856432e+01 7.399688617207836216e+01
4.364784840791047227e-02 2.004348335920605351e+01 1.856539471781104211e+01 1.596428108693803161e+01 3.584858723073929099e+01 2.406989277473943289e+01 3.693581420743201704e+01 2.512266423862464038e+01 4.399820436008036495e+01 4.783902181626279315e+01 4.356927817153580662e+01 5.801037459917832706e+01 5.216561356556056950e+01 7.212094410842304626e+01 8.327151034891912218e+01 7.503459901964400558e+01 8.327159449429520066e+01 8.230980132433862195e+01 9.056348691703902887e+01 8.619853190426735523e+01 7.220634526341562776e+01 7.794977358947758717e+01 9.299985568068466080e+01 8.096737125050468364e+01 6.554164342631878526e+01 4.600307951913852378e+01 5.726407457271560730e+01 7.684901276191565955e+01 8.003378961250528789e+01 6.319704634742382865e+01 7.147088151200550499e+01 5.155822462487789437e+01 3.752616159358098002e+01 5.739909959229031244e+01 6.717214282355716648e+01 5.870828518813578256e+01 6.760154687134857454e+01
5.219006137575642884e-02 2.005219006137540205e+01 3.856480647250866411e+01 2.747985175772571154e+01 4.403508463865448164e+01 3.819043309208905868e+01 5.230606173663196756e+01 3.511040093116940852e+01 3.579909761426844739e+01 5.574975946136250826e+01 6.351321694806615170e+01 7.179203952624355622e+01 7.212094582726209069e+01 8.040625583560036205e+01 7.335329735087267977e+01 5.521872556021054379e+01 7.335329735087267977e+01 6.246259873923973771e+01 7.908906804494206710e+01 7.794977357205080182e+01 5.860673927564550922e+01 6.761048690468838629e+01 7.576981841842578547e+01 7.267348991019787263e+01 5.310567655954853450e+01 4.177723631946170713e+01 6.137600760474811068e+01 7.727641789157091523e+01 7.168874503317654501e+01 5.173321434520636330e+01 6.016741401865515826e+01 5.554592514877595733e+01 3.564941607870134987e+01 5.554592514877596443e+01 6.565370219220929471e+01 7.398945302407774705e+01 8.295254145587639982e+01
