LEM/with_lateral_4open/elevation_000131.asc
nrows	100
cellsize	150.0
xllcorner	0
ncols	100
yllcorner	0
NODATA_value	-9999
[rows 0 to 16 of 100, columns 37 to 73 of 100]
8.884754177262699226e-02 6.929726548558100274e-02 7.395023591448830758e-02 4.828361932999872264e-02 4.897713358561925356e-02 8.568734790590110117e-02 1.075183056328203948e-02 6.823539046102447547e-02 7.194897206013613211e-02 1.557559815681563986e-02 7.704183385687686514e-02 1.685416958384493638e-02 9.680445094065920353e-02 7.639902522890137937e-02 4.559330980047965332e-02 5.839666421669215124e-02 9.739037529851846120e-02 3.670263267501718690e-02 2.041064012308905357e-02 6.895211126444661387e-02 9.031524355919069713e-02 1.560024811392830661e-02 7.641644294168103979e-02 3.888124420523987601e-02 6.873285589001959517e-02 4.772367030474261584e-02 9.504926490987847254e-02 5.760415539182907330e-02 9.666222459857021221e-02 9.627991409191682948e-02 1.286757495974483190e-02 9.381044340810595905e-02 7.584058927755046864e-02 1.435327048224320848e-02 5.777975670406795827e-02 2.716720951219454838e-02 4.735230246529398453e-03
2.008884754177227094e+01 2.986597095443465744e+00 6.398505556251273596e+00 2.004828361932964498e+01 2.004897713358526445e+01 1.422782297163697685e+01 2.001075183056292772e+01 5.841738082352987860e+00 2.007194897205977924e+01 1.156258084825560850e+01 2.007704183376388940e+01 8.961106514504272980e+00 2.003117925722562731e+01 6.881027754355178994e-01 2.004559285119523793e+01 1.420052384731568473e+01 2.009739037529816486e+01 8.201668442146305082e+00 2.002041064012273353e+01 5.414176949512911285e+00 2.009031524355883391e+01 1.001560024811401561e+01 2.007641644294132632e+01 1.418101686793631444e+01 2.006873285578559774e+01 1.744101529664686234e+00 2.009504926490952315e+01 2.005760415539147345e+01 5.260640019541769519e+00 2.009627991409156067e+01 2.001286757495939028e+01 9.970929730882479802e+00 2.007584058927719539e+01 1.945338137795651434e+01 2.005777975670371305e+01 1.754904079321284227e+00 2.000473523024617251e+01
2.593543621767717511e+01 5.935436218541395803e+00 2.593543621766455232e+01 1.582659597207199020e+01 3.582659599327399036e+01 3.422782297163767851e+01 3.187127373030202548e+01 1.187196497370388215e+01 3.187127373030202548e+01 2.570470300116409135e+01 3.713119247363213304e+01 2.050668289971575220e+01 2.129261210645153213e+01 1.300092836797622997e+00 2.130354373685485214e+01 3.419849256357806411e+01 3.648811568186478382e+01 1.820166852435550098e+01 3.096117891176479731e+01 1.096117891176515258e+01 3.096117891176479731e+01 2.415773587184521887e+01 3.829987149554911241e+01 3.418101686818754814e+01 2.344661464387194272e+01 3.446614591182186604e+00 2.344661464387903749e+01 3.354490118649164287e+01 1.940277563857020482e+01 1.378866867376611260e+01 3.378866845592876444e+01 2.317475610508379447e+01 3.767995847192067771e+01 3.426484386753078581e+01 2.349582549653852226e+01 3.489124289417390834e+00 2.349582549653852226e+01
2.750940708113620303e+01 8.985407625193463588e+00 2.898540713384976897e+01 3.582659597586612676e+01 2.737360135586494536e+01 4.737360140602841341e+01 3.894143833681207667e+01 1.894303276796533453e+01 3.894143833681207667e+01 4.570377655905668490e+01 4.849436805486003266e+01 4.041441319612044936e+01 2.191371027716579434e+01 1.912944249833519184e+00 2.191422632678951388e+01 3.755767975833552441e+01 4.649323085406376777e+01 3.234383937196205494e+01 3.728573423210108473e+01 1.728573423210179882e+01 3.728573423210108473e+01 4.415773587184592230e+01 4.759710437905801683e+01 3.550596879519468985e+01 2.516794061585104458e+01 5.167940522829934658e+00 1.671494590636725519e+01 3.671493857355486057e+01 3.940276963580128466e+01 2.045533534043266144e+01 4.045533501367673068e+01 4.172029635525237978e+01 4.572284659733638534e+01 2.206024827328684879e+01 6.008903143871583197e+00 2.151520235111619428e+01 1.963058413473596175e+01
1.431873540156775171e+01 1.525092724817320899e+01 2.818989332343629783e+01 4.723504891125851657e+01 3.892060673966731343e+01 5.565787550805826811e+01 4.721753465729696586e+01 3.049000867749650112e+01 4.721753465729696586e+01 4.699614143712481962e+01 3.846712172601286994e+01 3.096616081836748791e+01 2.252837327983495896e+01 2.526660668998505166e+00 8.476781766815733477e+00 2.285194667958789339e+01 4.396405605442732423e+01 5.234644844229401173e+01 4.484502369228550123e+01 2.484502369228621177e+01 4.484502369228550123e+01 4.955417320631077871e+01 3.001800204074625711e+01 2.129540905260577333e+01 7.667940522829945316e+00 2.516794061585110143e+01 3.345178096656903932e+01 4.499881054741415198e+01 4.801462427531608768e+01 2.801462480061707438e+01 4.801462427531608768e+01 5.962023470388605517e+01 3.969979285308785677e+01 2.783271216079735311e+01 7.819652035730348061e+00 1.488879782180407396e+01 3.447686255189537263e+01
1.829085682773793309e+01 3.408842376507421790e+01 2.475408399026500916e+01 4.343350471207789809e+01 5.892060685833200040e+01 6.720488289581231811e+01 5.874028579471446676e+01 5.048323322028970495e+01 4.934289483580803193e+01 3.869455976676434972e+01 1.858522711671402661e+01 1.939578054417358643e+01 3.403720345749307263e+00 2.252722492510013197e+01 9.666288735553639100e+00 2.969066245865068865e+01 4.423083264009822102e+01 5.251575421848605885e+01 5.312929493952587023e+01 3.898715931601666540e+01 5.312929493952587023e+01 4.931254292768717562e+01 3.034163593418442062e+01 1.034055298185098337e+01 2.766794066464504809e+01 1.619596917685090887e+01 3.033810231742843300e+01 5.033785859892493164e+01 5.629887625912878946e+01 4.215676042059629225e+01 5.629887625912878946e+01 5.179269214075464589e+01 3.960700081517781967e+01 1.971487838927750502e+01 9.709573683653145437e+00 2.972397207394463692e+01 2.631492283700596957e+01
2.305351081254087120e+01 4.266716051498764273e+01 4.342713262658593010e+01 3.644552662835017998e+01 5.549594493802208461e+01 7.461888677067216236e+01 6.631294688173106522e+01 5.521904034210571410e+01 3.510163007945974556e+01 2.089238756077445203e+01 1.187051152629987705e+01 4.282906545624626027e+00 2.340304538348535957e+01 3.167582493145418709e+01 2.969066094865545580e+01 1.780351957353126480e+01 2.418434914925083490e+01 3.317620517615122111e+01 5.317421412491534483e+01 5.898715931601595486e+01 5.257849082083424008e+01 3.257984727253028723e+01 2.103162969916027691e+01 3.033945653938062037e+01 1.316898090636505358e+01 3.317053484613176551e+01 2.619596914593307702e+01 4.033809639720802664e+01 6.033762080064197164e+01 6.215675863991571504e+01 6.230785930766040082e+01 4.361704083606822735e+01 2.346475509314923258e+01 1.742943027386390753e+01 1.165239516866300917e+01 3.166851479614365772e+01 4.562630882999330595e+01
2.890094674197250058e+01 3.685453291202482262e+01 5.658910503595816976e+01 4.976215845718968467e+01 6.372203634367492953e+01 6.631294688173106522e+01 4.618245679943157711e+01 5.205993299863323642e+01 4.936309908785403167e+01 3.980561038646437311e+01 2.491055854905908262e+01 4.908232685741408474e+00 2.491044217288453311e+01 3.284448149214645696e+01 3.776049635071986188e+01 3.789157794929414536e+01 4.423083264009822102e+01 5.251575421848605885e+01 4.950307728430438203e+01 6.950889984156746948e+01 6.085639533547578850e+01 4.931254292764203484e+01 4.103226858479334282e+01 3.519029661820589894e+01 1.518928768975436228e+01 3.519066399832149727e+01 4.619582147446796938e+01 4.033809639720802664e+01 6.033762080064197164e+01 6.815417630857830034e+01 4.830308212175369675e+01 3.416408830165922694e+01 4.302280001151405031e+01 3.372939043467233944e+01 1.373812614738399240e+01 2.991920248399373250e+01 3.128101136553225814e+01
3.761213288498627350e+01 5.664607196071621331e+01 6.483741657166741845e+01 6.951558060398166106e+01 6.957353546245997222e+01 6.122736938079419389e+01 5.207852118622915327e+01 3.176215945486359260e+01 5.207852118622437843e+01 3.562361268220772104e+01 1.803283786159215296e+01 5.534502257563183036e+00 1.063912148902504562e+01 1.267211116152822470e+01 1.757013373393781563e+01 3.776050886961762387e+01 5.391112231099785390e+01 6.545971608554557974e+01 6.950889984156746948e+01 7.171502649913250593e+01 5.936794672159972919e+01 3.937159998137809680e+01 2.522754326444106709e+01 2.096304143733033953e+01 1.756285856839854631e+01 3.756441169176173389e+01 4.927824450289633518e+01 6.033762080064197164e+01 6.861972691880306741e+01 7.392478262619897578e+01 5.411733299510175499e+01 5.411733299510174788e+01 5.459827540880954899e+01 3.799356318933052279e+01 1.988515256433267098e+01 1.692223074705102803e+01 4.055245886378022391e+01
4.905237108733560802e+01 6.576629190104338818e+01 7.640408168880173889e+01 7.180093853474319587e+01 6.122736938079419389e+01 4.102232102679701597e+01 4.489704156513822397e+01 2.448385221369575504e+01 3.576964072028910380e+01 3.326554402287546708e+01 3.209194237547502837e+01 2.553713698594910042e+01 6.423146122864323182e+00 2.642656247590011276e+01 3.762859838412443736e+01 2.557827762076327005e+01 3.717155409122127452e+01 5.716670570483628211e+01 7.460657763428351075e+01 6.343865482012611068e+01 4.344390344743126775e+01 3.189582350656044696e+01 4.522839045182173834e+01 4.096419716328219351e+01 3.756441169176173389e+01 2.099290588337093411e+01 4.099468933787485270e+01 5.296066182749438411e+01 6.266667415892998605e+01 7.094982402224486862e+01 6.683747159875365185e+01 4.729561511519518291e+01 3.674657013802591621e+01 2.889802227266494583e+01 3.779244469708186926e+01 1.926443469279666232e+01 2.923565051305413576e+01
6.904248264770509991e+01 7.055039745269239404e+01 5.633944585761368273e+01 5.172314400731283968e+01 5.339466256512642417e+01 4.694024267344216383e+01 2.652429945767153896e+01 1.815696827822927872e+01 1.543700151087579187e+01 1.288607507979278566e+01 2.238582476266746113e+01 2.621100360203371693e+01 7.058503243851806275e+00 1.361524147934324347e+01 3.360110822747820691e+01 4.562249953822828985e+01 3.631535612810045421e+01 4.631149033563879414e+01 6.630888022502769275e+01 6.821920768991553530e+01 4.822582579645307987e+01 3.792754094182876656e+01 5.792376944980389908e+01 5.364343576194811192e+01 3.364401163895738023e+01 4.099468933787485270e+01 2.467550992784683217e+01 4.467732143895020869e+01 4.266954739355688275e+01 6.266667415892998605e+01 7.512462352641938423e+01 6.376347841723266896e+01 5.521998186690476018e+01 4.278224955605183055e+01 2.284826122352928479e+01 3.921379752277488251e+01 3.341135274821354528e+01
6.791083545644619335e+01 5.373883539040208746e+01 4.211104797365070596e+01 3.741750924907540110e+01 3.310927705107152264e+01 4.297295059702743458e+01 2.248877434855079471e+01 3.860546875881314577e+01 2.980918332584949226e+01 3.109478194173875920e+01 8.558461217564907741e+00 7.961697592573527160e+00 2.704961949996268444e+01 3.267938922108280053e+01 3.356587516787113401e+01 5.455093893123815008e+01 5.631018528033325055e+01 6.460275358271502455e+01 7.460657763428351075e+01 7.649406347974945675e+01 6.458835292551643192e+01 4.459460121074655348e+01 6.458835373382348166e+01 6.192660458383830502e+01 4.778641033431708962e+01 5.296066182749438411e+01 4.467732143895020869e+01 2.852528745863376969e+01 4.852657021888764888e+01 5.377861901246549792e+01 7.377498703325046847e+01 7.061320095323443979e+01 5.906376675878115634e+01 4.535496132320093210e+01 2.541394796649108301e+01 4.535496118688050160e+01 5.385082272964965711e+01
6.488536809055530341e+01 5.071355932344356177e+01 6.221624163053006384e+01 5.760379387049062672e+01 4.765708909473836741e+01 2.723661566577006354e+01 3.439665075844139608e+01 5.127573230960766182e+01 5.015945787368137587e+01 3.051719748737830074e+01 8.877853255457715420e+00 2.473080327121547128e+01 1.274388852217978929e+01 3.256526202154243066e+01 3.382116130387308317e+01 4.773455684966256030e+01 6.732242170784681434e+01 6.359823078800749130e+01 7.180382869731948858e+01 8.324908376060079718e+01 7.286473446869503334e+01 5.459207729272213783e+01 7.286473446869503334e+01 7.606679883335949910e+01 6.737880122715273501e+01 4.738321254777883951e+01 3.921822474209665188e+01 3.430082617122271671e+01 3.377941303605788192e+01 4.792195598457284689e+01 6.791785432465319161e+01 6.237809981779693658e+01 4.232298036069817471e+01 3.079559961005853808e+01 4.535496102117993189e+01 3.060600771217533733e+01 4.211670073175821472e+01
6.338881836953946447e+01 6.228465846127182459e+01 7.091427506422760985e+01 5.081704916288535401e+01 3.647524581703927993e+01 4.765708910110246421e+01 5.460502462563500359e+01 6.283626208537103253e+01 5.347333024631845433e+01 3.051719730911032258e+01 2.896608234471292675e+01 9.852661847322117694e+00 2.976014132373329701e+01 1.766158898382604647e+01 3.744884513260433323e+01 4.711749426006670660e+01 5.219781909537175579e+01 4.385213872042833572e+01 5.521409973371850555e+01 7.505116748085079337e+01 8.285838252207842913e+01 7.458463017492493918e+01 8.285838252207842913e+01 8.151891497976282608e+01 6.152177433732335743e+01 6.324207644017656094e+01 4.324647130728760658e+01 5.429976839517372866e+01 3.786347930733933254e+01 5.200396161917856119e+01 7.199940765530965336e+01 6.924398046575841192e+01 4.920577129556129847e+01 3.502069262580884867e+01 5.460997783200452460e+01 3.456674562025565223e+01 5.440325561758558592e+01
8.346334664632337308e+01 7.645719891000958057e+01 7.091427506422760985e+01 5.081704916288535401e+01 5.081704916288535401e+01 6.504058144689311405e+01 6.101954621603461248e+01 5.271416918167054178e+01 4.576800436927266702e+01 3.981551127905300547e+01 3.043531312183008808e+01 1.054755201009643351e+01 3.043531294808110488e+01 3.744884460017275529e+01 2.308641472291756713e+01 2.742169103889779791e+01 3.252181440047419159e+01 3.993716252043238768e+01 4.974613051860396240e+01 6.372670833622515829e+01 8.360679917975967612e+01 8.907011957470292884e+01 9.494389858192653264e+01 8.980246126562906284e+01 8.151891497976282608e+01 7.031135096879664559e+01 5.031642764748624330e+01 6.222370731280065570e+01 4.222894364896757935e+01 5.377276436243192848e+01 7.376791006893731151e+01 7.383610370595324923e+01 5.381950256591932913e+01 3.959902774145385962e+01 5.934120921613068589e+01 3.926829490587243043e+01 4.874719645886752062e+01
9.522721296313461892e+01 9.659126749280619606e+01 7.926411378800834484e+01 7.091427506422760985e+01 7.091427506422760985e+01 6.420341637522801648e+01 4.438320685965480550e+01 3.302160494454504658e+01 2.602177358821147379e+01 2.001803668713546713e+01 2.976823701840508463e+01 1.123262470858452566e+01 2.414178147102697736e+01 4.171032669214469024e+01 3.193185900743973349e+01 4.711749426006934982e+01 4.349444658943215813e+01 5.964773079094541686e+01 6.785444199796097564e+01 7.775891485342715725e+01 8.319866606484771410e+01 6.903203386908279526e+01 7.490104203988164500e+01 9.476894039222653987e+01 8.445196778244881841e+01 6.445412580429297122e+01 6.445412576684793748e+01 6.722208117437334352e+01 4.722858572808234356e+01 6.722208117437334352e+01 8.205151494161644621e+01 6.700983282597955792e+01 4.694236411747695570e+01 5.968222930352891353e+01 6.435834099170740785e+01 4.428981388940054131e+01 6.435834099170740785e+01
7.517390125683145641e+01 8.104738027036006542e+01 8.935807451793010614e+01 8.571149951445585202e+01 7.742120265454911987e+01 7.249692258905419351e+01 6.101954621603463380e+01 5.276021306711113823e+01 4.576800436927304361e+01 3.207036228401847211e+01 1.219550110561588951e+01 3.111056578109140958e+01 2.537335027352130012e+01 4.505492224044431282e+01 4.328152934518504935e+01 5.982095225020231766e+01 6.323820770818304027e+01 7.143622069412616327e+01 7.951742976618176328e+01 7.122032955301529000e+01 6.674599835363551392e+01 5.492531031624299231e+01 6.643400914388250555e+01 8.646721707357352216e+01 9.273600006771714277e+01 8.445196778244881841e+01 8.445194348921465632e+01 7.477950743968875713e+01 5.478443698995658195e+01 5.877060555143568621e+01 7.876701157477123161e+01 7.256659456273901299e+01 5.253140519531657304e+01 7.256659456273901299e+01 6.991546391664346061e+01 4.987897226673029394e+01 6.991546391664346061e+01
