LEM/with_lateral_4open/elevation_000441.asc
nrows	100
cellsize	150.0
xllcorner	0
ncols	100
yllcorner	0
NODATA_value	-9999
[rows 34 to 50 of 100, columns 37 to 73 of 100]
6.685572624322480806e+01 6.877159823068704725e+01 6.600010320285021237e+01 4.576990467096721460e+01 6.600010320285153398e+01 8.025039487251390824e+01 8.856044009306675946e+01 8.510428478645313533e+01 9.337981391473067561e+01 8.929876328304490585e+01 8.102507614624560972e+01 7.351254551355670230e+01 5.347384949842827240e+01 3.933062637412397322e+01 4.827026075221763790e+01 6.504411398589314786e+01 6.916897888828420093e+01 6.814547763904151623e+01 5.981326199202836591e+01 4.286273727438047132e+01 5.271939673433158191e+01 6.437352586573209123e+01 8.451253170235831647e+01 8.014046022076290399e+01 8.014046022076290399e+01 1.000947989204610309e+02 1.051674156837295584e+02 8.516837839569635094e+01 7.099940229254892188e+01 6.463253538815560262e+01 5.986718439254837421e+01 5.533269365312321497e+01 6.988546943440800874e+01 6.711277244291702004e+01 6.066184072275722627e+01 4.045843980256481842e+01 5.214124109517219807e+01
8.663400920589866416e+01 8.803074857003106501e+01 7.024517510227413197e+01 5.002721913656709773e+01 5.375835484834043854e+01 6.017027730497436977e+01 7.438036909540856811e+01 9.442189071508317966e+01 1.015511413075192593e+02 8.064889927176064077e+01 6.547227830771944923e+01 7.434767127342881565e+01 6.121989392824208664e+01 4.118100083437982306e+01 6.121989386984100179e+01 6.830421775036481336e+01 8.835020017926213143e+01 7.643239756040702559e+01 5.648624959602246776e+01 4.499350259289448672e+01 6.502904402647858717e+01 7.120620076900907236e+01 7.669657456334341816e+01 6.628132943493078244e+01 8.014046022076290399e+01 1.000947989204610309e+02 1.110230580683618626e+02 9.102596080015869973e+01 7.883181964805491759e+01 8.469300694229178816e+01 6.959831663486468756e+01 7.547076895054067336e+01 8.042899199303903401e+01 7.142860603748209769e+01 5.849581266442223182e+01 3.830147813475407048e+01 5.259279145032306957e+01
1.031385899305621336e+02 9.308838720965758284e+01 7.469070554904277515e+01 5.447363375862519064e+01 6.802542285342407524e+01 8.025039487251450510e+01 7.438036909540855390e+01 9.442189071508316545e+01 1.037886818044273696e+02 8.294639295729031403e+01 7.447419136309531495e+01 5.386405566064748029e+01 4.850398039383115645e+01 4.307726136226243341e+01 6.321341005242949507e+01 7.492687953811064006e+01 8.646897018014793446e+01 8.453939965686026881e+01 6.979405374303502185e+01 4.798123920173685519e+01 4.835612874614494672e+01 5.083807803551185600e+01 5.675676568896459173e+01 7.669657456593549227e+01 8.849241775397096887e+01 9.681580605145887830e+01 1.057773144673850965e+02 1.071236648390975148e+02 9.298653297930235340e+01 8.964811127638982668e+01 8.964811127638982668e+01 8.632366065331345339e+01 6.624448291679595968e+01 5.196727255288783454e+01 4.291564930738913120e+01 3.619653156068396527e+01 5.353882978245079727e+01
9.481139380999434252e+01 7.471232394555747192e+01 6.461955222030950097e+01 6.061097447434165986e+01 8.090108658770205352e+01 9.639899055486297641e+01 9.442189071508316545e+01 1.027405110907249508e+02 1.122257161889847907e+02 9.393400491513823169e+01 7.362264259906010011e+01 6.450707295760713578e+01 4.857195120541361177e+01 6.321341004356937532e+01 4.653581409506415412e+01 5.819677774417997540e+01 7.816302723644159300e+01 7.945948197902529841e+01 5.791440977066467610e+01 6.982423277141840856e+01 6.859832994656989058e+01 7.120620084069530265e+01 5.510230456583128955e+01 6.165468394728843293e+01 6.846356610476536275e+01 7.743853660229102331e+01 9.155314130217431057e+01 1.116357303806635741e+02 1.129823247701503419e+02 1.096531302627587507e+02 9.616421454813927028e+01 8.788490751070982299e+01 8.042899199303903401e+01 7.142860603748209769e+01 6.311048758307657636e+01 5.353882977984929425e+01 3.337631313727319338e+01
1.031385899305621336e+02 9.308838720965758284e+01 8.476185887777593564e+01 7.270007722911468306e+01 7.234999414354591352e+01 8.405284196168062749e+01 1.042332739200642635e+02 1.108755440231505389e+02 1.025197128044679715e+02 8.880095140275865617e+01 7.418367668782772739e+01 5.432688012230205743e+01 6.845151326410018555e+01 6.914246738830685501e+01 4.908740539294549876e+01 6.329924586902724570e+01 8.324925201433588029e+01 8.673782622731363290e+01 6.615155993221468123e+01 8.673782622731363290e+01 8.139965196897760791e+01 6.121820117206758027e+01 7.544846680189714050e+01 6.389823046456410793e+01 8.403467604867256568e+01 9.681580605145887830e+01 1.057773144673850965e+02 1.090828809139313051e+02 1.008031021838792753e+02 1.008031021838792753e+02 8.788490751070982299e+01 6.785738499710595306e+01 7.372331053097440190e+01 7.833270436803776704e+01 7.003831897412740659e+01 6.187108313479320287e+01 5.076929241286776318e+01
9.691889669015768050e+01 9.604043956662549419e+01 1.022647180919524885e+02 9.404519452906735921e+01 9.258209609652853089e+01 1.009292988285492640e+02 1.125723317999064932e+02 1.025197128069351606e+02 8.243823414400949900e+01 8.047999666850007827e+01 6.056928462493520016e+01 7.418367668782772739e+01 8.248815838857106542e+01 7.172483770758320532e+01 5.172254665074433433e+01 6.330362223458401161e+01 8.322843197444305474e+01 9.507933877725460547e+01 7.823241049634768274e+01 9.507933877725460547e+01 8.577945002245742501e+01 6.570869391376572821e+01 8.577945002245742501e+01 8.403467604867256568e+01 7.402077328026557268e+01 8.817244781360028583e+01 1.082348139799598385e+02 1.008031021838792753e+02 8.083216368800566443e+01 8.083216368800566443e+01 8.788490751070982299e+01 6.785738499710595306e+01 5.358630209900092467e+01 6.423062626725108260e+01 4.982057178652985385e+01 5.618532639847337151e+01 5.123542667251085447e+01
7.769909839812828523e+01 7.742046107262490295e+01 9.050511897447778153e+01 1.094038856122711962e+02 1.093665773339683795e+02 1.074443086041634956e+02 1.158195588520471517e+02 9.990599432853386475e+01 7.983839974273287510e+01 6.833189226318798148e+01 7.202126724535176550e+01 8.880095179890606971e+01 8.851219849493827496e+01 6.857526437287828003e+01 5.446714703410519576e+01 7.441465718116027972e+01 9.154573540336171789e+01 1.067020000377329865e+02 9.835644018556079970e+01 1.021363880069020524e+02 8.210331209878330583e+01 7.094472548522981015e+01 9.094297613784928558e+01 1.023820738371675816e+02 8.557551333960401507e+01 1.023820738371675816e+02 1.123367825856137330e+02 9.235986213154831148e+01 7.824137258387075633e+01 6.667001114620589419e+01 7.773209904411206139e+01 8.201079977262263299e+01 6.423063372093488965e+01 4.391364391548110291e+01 3.768151140676319955e+01 3.533331632963531632e+01 3.325559102845735282e+01
6.407305750256966803e+01 8.332844698482610113e+01 9.658709366881447522e+01 1.035126644251249388e+02 8.928142568126268941e+01 8.737394547450082882e+01 1.042066858194679071e+02 1.082599667683460467e+02 9.665689565971682384e+01 7.829068092800486056e+01 9.203483598836486124e+01 1.003772223700102444e+02 9.215017446330000439e+01 7.720145274999744345e+01 5.730053495306916034e+01 7.720145274999755713e+01 9.101918412337215614e+01 9.937551553107182656e+01 1.109899798122625327e+02 1.104827492347971827e+02 9.760568855590142334e+01 7.761755130174472583e+01 8.507458805562670534e+01 1.051105182352194873e+02 1.056230015072397208e+02 1.139768854467296961e+02 1.096889232455150278e+02 8.971676165339241038e+01 8.905484752421624250e+01 7.773209904411206139e+01 5.764605614343967233e+01 6.985370483631278660e+01 6.174159972004248687e+01 4.134556076139615755e+01 5.836562333077239373e+01 5.618532639847419574e+01 4.540036030263917866e+01
5.777889221601027003e+01 6.915028841609489518e+01 8.850044044347879435e+01 9.350093058685276048e+01 7.519520487121636165e+01 7.588191325369614049e+01 8.997227798714197888e+01 1.100628797287324829e+02 1.067017144172289278e+02 9.834924525876513712e+01 1.067017116710092637e+02 9.970855097340154316e+01 8.382968426115752436e+01 6.394498972679887316e+01 6.214677282474617925e+01 6.511106433538959948e+01 7.108040343601093980e+01 8.254046868756422839e+01 1.026013248001447948e+02 1.118033689646495361e+02 9.172481677635919084e+01 8.912677393136161186e+01 1.051105182352194873e+02 1.134637909971743994e+02 1.213619864209053247e+02 1.131423576658993682e+02 1.038337160005745829e+02 8.386932770335992871e+01 6.973017780949486166e+01 6.072608303228391691e+01 5.461683228162659276e+01 4.968320206586874122e+01 4.621732827322108506e+01 4.496675514839436971e+01 6.521396809314478560e+01 7.411135295032305237e+01 6.580191920400692140e+01
6.936291601605137203e+01 7.215558311612252851e+01 7.495205167916381583e+01 7.791761261809476480e+01 6.529162395887917114e+01 7.932096342518784127e+01 9.932400150761550606e+01 1.068253964849797342e+02 1.151994984242805913e+02 1.172012994990623724e+02 9.703773905508099062e+01 8.288971424375378660e+01 7.142769568958175341e+01 8.382968426115753857e+01 6.710106276303012862e+01 8.500625182732362362e+01 9.101918412337215614e+01 8.513753514051089155e+01 1.052481359000464067e+02 1.201678869234262663e+02 1.118033689646495361e+02 1.091881013295423202e+02 1.175501441514758483e+02 1.150860807368513719e+02 1.068761074528706132e+02 9.339079698537076979e+01 1.099427961516075385e+02 9.490537012166666386e+01 7.492694413473135739e+01 6.887167661491479009e+01 7.473246155521658807e+01 6.137572547172421622e+01 6.644426758900902996e+01 4.859911932907661480e+01 6.290793417582495550e+01 8.296254863779533650e+01 7.399785999527216518e+01
4.908107350786652745e+01 5.203943509934790512e+01 5.498127157989264191e+01 5.802402506129507742e+01 6.187542594229691417e+01 8.174068315027768961e+01 9.263626616430539684e+01 8.675893594720280078e+01 1.068253964849797342e+02 1.197010824081123985e+02 1.013855752810570294e+02 8.134531527144625329e+01 9.136544527625166268e+01 9.275393059517058703e+01 7.280605768194170935e+01 8.331641960901389155e+01 1.033653980239669607e+02 1.052481359000464067e+02 1.136852185868525424e+02 1.123153209589334978e+02 1.204650385071005303e+02 1.133928717390936782e+02 1.051865003056265095e+02 1.068761074528706132e+02 8.716151816386094708e+01 8.205467989814185614e+01 1.011237994503561310e+02 1.031827498059593040e+02 9.490537012094262082e+01 8.043986827653196769e+01 8.971386156229669950e+01 8.143484002129495991e+01 7.252168188410944083e+01 5.238177334804107232e+01 6.665671840529907399e+01 8.668095625743535493e+01 8.228480084884972712e+01
6.359285612664106679e+01 6.631512299560655777e+01 6.499952593004653068e+01 7.791761261755122803e+01 8.174068315027768961e+01 6.758630690219315795e+01 7.268517717682297530e+01 7.969844188389851070e+01 9.121774585359248988e+01 1.113158335846354703e+02 1.097517380685711998e+02 9.131974337718627055e+01 1.097517380685711998e+02 9.908483536004094105e+01 7.906475665343786829e+01 9.908483536004094105e+01 1.117319346403929501e+02 1.206914552305933768e+02 1.009402605560137545e+02 9.260291841017279069e+01 1.091204359238259656e+02 1.051865003056265095e+02 8.546686999528192530e+01 9.124261599069008355e+01 8.549227912324550971e+01 7.324211515967618880e+01 8.716151816386090445e+01 1.068761074507608981e+02 1.086928047488902251e+02 1.004133336551896321e+02 9.423363380590920713e+01 7.425112727630889253e+01 6.004328925111106940e+01 6.665671840529907399e+01 6.192506951151361960e+01 8.197180239022347337e+01 9.124247005525084830e+01
8.356691414207456603e+01 8.625570114686908596e+01 8.490457742823390674e+01 8.490457742767816285e+01 9.454466781471410286e+01 7.457667750813835994e+01 9.263626616430539684e+01 9.971219722292109111e+01 9.601732089257454561e+01 1.161525115556502215e+02 1.198325307028106010e+02 1.114514071849278309e+02 1.198325307028106010e+02 1.074490689551436731e+02 8.796629975637083021e+01 1.074490689551436731e+02 1.249352321831092070e+02 1.051410240513827148e+02 1.009402605560137403e+02 8.127458219513803783e+01 9.110961166178867643e+01 8.768306902311569218e+01 9.124261599069008355e+01 7.150654438611879016e+01 6.570534206243675612e+01 8.549227912324550971e+01 1.011237994503561310e+02 9.798602534856060231e+01 1.061853443478049144e+02 1.005700602748469237e+02 8.060757530908493607e+01 6.905237416611393542e+01 8.010386793438466668e+01 8.668095625744174981e+01 7.352679651675325090e+01 7.612001619287003962e+01 9.609926399198165825e+01
8.226516542378671204e+01 8.791841289463904729e+01 9.624234379963111508e+01 1.049482997444618206e+02 1.028923819867923726e+02 8.866317418970299968e+01 9.085683823976187057e+01 1.109536276815966431e+02 1.161525115556502215e+02 1.239444584125984790e+02 1.156110866737275984e+02 1.147503150084267389e+02 1.230832825246076823e+02 1.164593683989513693e+02 1.021623272392899509e+02 1.164593683989513693e+02 1.218565397998681732e+02 1.051410240513827148e+02 8.545775925838252363e+01 7.564735891050027305e+01 7.142433846672372511e+01 6.794419555703136382e+01 8.296486599209201529e+01 7.982844585166510853e+01 6.079854139758287346e+01 8.069324197567432577e+01 8.402649195056422116e+01 7.824426389271431503e+01 9.798602534856060231e+01 1.088499436976589294e+02 9.732004510711296064e+01 7.906412052692064663e+01 9.732004510711296064e+01 1.017849928401713555e+02 9.350789494849215089e+01 9.609926399198165825e+01 1.043772488069393916e+02
8.294023152956408751e+01 6.787336389800165648e+01 8.268300838365512107e+01 9.100239449288886817e+01 9.997425240534829527e+01 1.087438494912268538e+02 1.109536276815966431e+02 1.090328879456091187e+02 1.007187103011883380e+02 1.090328869574006632e+02 9.557705913781353502e+01 9.472144840546542355e+01 1.088598192635432724e+02 1.289712297248639175e+02 1.223662513883569289e+02 1.287693247017175224e+02 1.136505450862003244e+02 9.390576297788847171e+01 8.258878126201940972e+01 9.529939165488259789e+01 9.110961166178860537e+01 8.296486599209180213e+01 6.312706969131759394e+01 5.991307676491975087e+01 5.680752768179090140e+01 7.341378157598863652e+01 6.417192886731076840e+01 8.402649195056420695e+01 9.824918764491165746e+01 1.064718950590234670e+02 1.073045417999886411e+02 9.902530788548654073e+01 1.073045417999886411e+02 1.068491307634275671e+02 9.856927494871077045e+01 1.042602901510698246e+02 9.598190099038669132e+01
6.285901233041117564e+01 5.623200939878884697e+01 6.264172610483564085e+01 7.160274655857278958e+01 8.576755687661096772e+01 1.058416700618824251e+02 1.047236279198376678e+02 9.663818840429809143e+01 8.073150731145567249e+01 9.588450025639419039e+01 8.405675784564378716e+01 1.040444354836569403e+02 1.147503150084379655e+02 1.348760333984001818e+02 1.346017462373337992e+02 1.147458451445545933e+02 1.007590166355017942e+02 9.093853841176982655e+01 1.022508898208761110e+02 1.026960812506281826e+02 9.446280881419777131e+01 9.108728681026835261e+01 8.296486599209201529e+01 7.982844585166510853e+01 7.341378157604725629e+01 5.336996105464370999e+01 7.341377777016985817e+01 9.149986422563340227e+01 7.848714297081237135e+01 9.504718362355319528e+01 1.064703870695146435e+02 1.071682026790346498e+02 9.888957303019265055e+01 9.534557442278618566e+01 7.867128750149835525e+01 9.430629074328943773e+01 7.610612822639600950e+01
4.835488706272557380e+01 6.874325196336772592e+01 8.268300838365512107e+01 9.100239449288886817e+01 9.997425240534829527e+01 1.058727298657071003e+02 9.393263200365161936e+01 7.746493414221011164e+01 7.073610283169837487e+01 7.590323999195177862e+01 9.588450025756151263e+01 1.089041414023810290e+02 1.155796469830743973e+02 1.239158663847437793e+02 1.339700971003926213e+02 1.246737956909442033e+02 1.048556638585100842e+02 1.048556638585100842e+02 1.058531974136322589e+02 8.613083708697166685e+01 7.473726161069915008e+01 8.307390445564729475e+01 7.756672431666892464e+01 7.257767837339814321e+01 6.807167139076366880e+01 5.111850174111616951e+01 7.118676505249487718e+01 7.171551299385255618e+01 6.704901546962605607e+01 7.848714295267305374e+01 9.824909052479571869e+01 9.888957303019265055e+01 7.899224977267266468e+01 8.482004082733949701e+01 6.729301485981780218e+01 7.672083013048404609e+01 6.626655370864710903e+01
