LEM/with_lateral_4open/elevation_000317.asc
nrows	100
cellsize	150.0
xllcorner	0
ncols	100
yllcorner	0
NODATA_value	-9999
[rows 0 to 16 of 100, columns 0 to 36 of 100]
8.271705653423140625e-02 2.127631151761726416e-02 9.425194436011796739e-02 4.939197167322698090e-02 3.975871534419905817e-02 6.171646774684565184e-02 1.696294146011132625e-02 1.936121709489252440e-02 4.216450047424835645e-02 2.297044857093000214e-02 6.704298068806634203e-02 4.162315340452049650e-02 3.835349583220235004e-02 2.777463300387698203e-02 2.207885817162396139e-02 7.161913568127860341e-02 9.025521335945362045e-02 3.502399586135773735e-02 8.040414306008919487e-02 3.131346976591601466e-02 7.604099264847130613e-02 2.387740603804927586e-02 5.687112022313325910e-02 4.074439634684711570e-02 8.709178300582484655e-02 7.612946965408906586e-02 1.077918208624280109e-02 9.929772718869623455e-03 4.600412614040166881e-02 2.152795518990661267e-02 2.378824418737431057e-02 9.511189423522797837e-02 9.406546861214974686e-02 1.749038473908382007e-03 2.223905489293687143e-03 6.269637160239108220e-02 9.476101746191394060e-02
7.813061968023242432e-02 2.002127631151726206e+01 2.009425194435976181e+01 8.214357780950559018e+00 2.003975871534384368e+01 1.420385209148500394e+01 2.001696294145975585e+01 2.001936121709453786e+01 3.964487203237921253e+00 1.156997583236334570e+01 2.006704298029255185e+01 1.956617543667375614e+01 2.003835349583184566e+01 2.135936640657462249e+00 2.002207885817126964e+01 9.266236630349240500e+00 2.009025521335909659e+01 1.417715961959243387e+01 1.422253976679116505e+01 2.003131346976556060e+01 3.925042787245968778e+00 2.002387740603769473e+01 2.005687112022277674e+01 5.814247088267484820e+00 2.008709178300546938e+01 2.007612946965373268e+01 1.155777922940998792e+01 2.000992977271851458e+01 2.004600410879511685e+01 1.106180244283186287e+00 1.994917370577384830e+01 2.009511189423487210e+01 7.653362474157173523e+00 2.000174903847355168e+01 2.000222390548893969e+01 1.160970175531796755e+01 2.009476101746155763e+01
2.526786264046545702e-02 2.002526786264010994e+01 3.649862902841346113e+01 1.976136316474327970e+01 3.649862902841145029e+01 3.420385212956696819e+01 3.013662108658518335e+01 1.013662120172154424e+01 1.396448720323783377e+01 3.156997583134326035e+01 3.985424619565363713e+01 2.589631066414463945e+01 5.185455334956936113e+00 1.505874774539348593e+01 2.920808300996996110e+01 2.624731523308288317e+01 2.981878077667667526e+01 3.417715961959314086e+01 3.422253976679186849e+01 2.784746809418584235e+01 7.847365490009632794e+00 2.782857585198285477e+01 3.184380227951453790e+01 1.184447398088946457e+01 3.184549785371758190e+01 3.977702327481748057e+01 3.155518758577979099e+01 2.265377716517789253e+01 2.653826709351456703e+00 2.110610632099313122e+01 1.524874912173534725e+01 3.525184617808753984e+01 1.659800001179231188e+01 3.601260146844258259e+01 3.989378993842250765e+01 3.160969061898456189e+01 2.629838990476761751e+01
4.163169627051844027e-03 2.000416316962669683e+01 3.834311047239647507e+01 3.976136316474398313e+01 4.804563441220618358e+01 3.680328786567216781e+01 1.680328786838809663e+01 3.013662120074770456e+01 2.810662282696818792e+01 4.224875837599520167e+01 4.153637702986085145e+01 2.149870753965540970e+01 7.366908732932357928e+00 2.706681931501521987e+01 3.465560185575679242e+01 4.671351959676624688e+01 5.001846777581808823e+01 4.865664919765117702e+01 2.865618602664719106e+01 1.451403215743262187e+01 1.784736579511672261e+01 3.610144374741467743e+01 3.891656835617430943e+01 1.891554186753676348e+01 3.891747611606078294e+01 4.141792983877311940e+01 2.425075403396543905e+01 4.210824597674496239e+00 2.258383776756135575e+01 3.078724041766855635e+01 3.525597194711073712e+01 4.354717065748853599e+01 2.815698995855074216e+01 4.514239700750316331e+01 4.536421065078850745e+01 2.536418506832322350e+01 1.122204941795995836e+01
5.883922493566802470e-02 1.005883922493558025e+01 2.420097484866628079e+01 4.420097484866556670e+01 5.680328781901292245e+01 3.680328786567216781e+01 2.574755977838709597e+01 2.623137828420856366e+01 4.623137827907056874e+01 5.639089392502217635e+01 4.356937153713494126e+01 2.372244875990832469e+01 9.601689673208394282e+00 2.958399718946159496e+01 4.082134935875103565e+01 4.163645696654786832e+01 6.054473408755750086e+01 5.084458598403762153e+01 3.084401243243732438e+01 2.028753485392214273e+01 3.198953330804408068e+01 4.613240941824597030e+01 3.891747611606078294e+01 3.305791772320575461e+01 4.720799218222667548e+01 3.244672180729095601e+01 1.154030530116364162e+01 5.315147328681080197e+00 2.529975335209666909e+01 3.379914573467994643e+01 4.259887138923296845e+01 4.659348176631829119e+01 4.851795826441888693e+01 5.734521100506207603e+01 4.901566975919975278e+01 2.901566875984588378e+01 1.487353313466109661e+01
1.256007409845548775e-02 1.415469569782928083e+01 3.415469569782857207e+01 4.301056966245059954e+01 5.455757504624331489e+01 5.403183043323794266e+01 3.729456516217920381e+01 3.379066774439284160e+01 5.379066773613290309e+01 5.127103822894833485e+01 3.127900785631140224e+01 1.715465290562507761e+01 2.958399718946159496e+01 1.322024412764594459e+01 2.214856142297854191e+01 3.612554591434435025e+01 5.571885867276299820e+01 5.912971517428794499e+01 4.631807148117876238e+01 2.631776178103381270e+01 4.631807148117876238e+01 6.027528552844778176e+01 5.892719079764604828e+01 5.306370145760870116e+01 5.395621803285008866e+01 4.143449217571667020e+01 3.148923679772595463e+01 2.526302993586699941e+01 6.896473795245909422e+00 1.781924711738367861e+01 3.385439182815786552e+01 2.626000560850672727e+01 3.802064603248081909e+01 5.913767485185961448e+01 5.034286222657615184e+01 3.034286122125540430e+01 1.879585583742484545e+01
9.594114293757748102e-02 7.167008954803082865e+00 1.472629841498769387e+01 2.627330379878041455e+01 4.627330379878112154e+01 6.557883540818924928e+01 5.729456515055488808e+01 4.379066774439248633e+01 6.207493816234155304e+01 5.713532578104549486e+01 3.713477087501765794e+01 2.381416948001220035e+01 4.150059037840383525e+01 3.320628372882514867e+01 1.713961601456213302e+01 3.712020150215469982e+01 4.527781185282682230e+01 6.529884758753605922e+01 5.338930841369894154e+01 3.338883006825174249e+01 5.338930841369894154e+01 6.676607468667228318e+01 5.847414470137840681e+01 5.395545201691937365e+01 3.393390700309965524e+01 3.760691613615267670e+01 3.504582306931920499e+01 3.247954291203235755e+01 2.650187921800376856e+01 8.490716542845662573e+00 1.457978805626895458e+01 3.502744376969685192e+01 5.573570925287128119e+01 6.786531484763601441e+01 5.862716644519055365e+01 4.350990160131055973e+01 2.350990104533524416e+01
7.711341127313005306e-02 2.007711341127277649e+01 3.472629841498839909e+01 4.301056966244858870e+01 5.430831470428767460e+01 6.259258595174987505e+01 7.207493770866544480e+01 6.379066772787273010e+01 7.207493770866544480e+01 5.534116996170259029e+01 3.534274092244977794e+01 4.379507157252033522e+01 5.208552106450370900e+01 4.036128242757280304e+01 2.038191778546822874e+01 2.529582897491476956e+01 4.527781185167347644e+01 6.357979694891012201e+01 6.167449246294485476e+01 4.493587218093187374e+01 6.167449246294485476e+01 5.847426517842430371e+01 3.845063291763005964e+01 4.431316473229802710e+01 3.760691613616020135e+01 1.760590366411793894e+01 1.504575313767469424e+01 1.256438939251225406e+01 1.011938070308118220e+01 2.690952686001050154e+01 3.452523494502052870e+01 4.336919984435495223e+01 5.115083193313193277e+01 7.017408296575196403e+01 5.765203855965400948e+01 3.765203667222244377e+01 2.983445636567211423e+01
2.297228869525369793e-03 1.414443285260060001e+01 3.414443285260130523e+01 4.165920406361371420e+01 3.430831470428697116e+01 4.845045032801841955e+01 6.845045032801984064e+01 6.519999892690417198e+01 7.348427017438366704e+01 6.363633073764149373e+01 4.947607395247285922e+01 6.363633073764148662e+01 5.815678078979069454e+01 4.369094534022295306e+01 2.371296786435376802e+01 4.369094533740145891e+01 3.527761537628114752e+01 5.527800832922430629e+01 7.322243225717413395e+01 6.493691705693055383e+01 7.118023098723642761e+01 5.702459914979428390e+01 4.431498234449108509e+01 2.430631802330244895e+01 2.145197651034568054e+01 3.760691613616020135e+01 2.918426929653034563e+01 3.143774935548632854e+01 1.142786305388666612e+01 3.139410220642650273e+01 2.331220820432523766e+01 3.149315346690273287e+01 4.553664097732770699e+01 6.470474484438865659e+01 6.593635613211989721e+01 5.765203855965259550e+01 3.877872827567182412e+01
9.647730019007895452e-02 2.009647730018972211e+01 3.165920406361319195e+01 2.165920406361301076e+01 4.165920406361371420e+01 4.720886150857423758e+01 5.549313275603643802e+01 4.519999892690275800e+01 5.536528539081975708e+01 6.364955663828845900e+01 6.950076429180541027e+01 6.141404912831810492e+01 4.139758157141549333e+01 2.987549803101046209e+01 2.947789782989928398e+01 4.945898973392515074e+01 4.681121431841722824e+01 5.527800832629029770e+01 7.531968677783211774e+01 7.351158871305591447e+01 6.195343690606080855e+01 4.287046749769302068e+01 2.872008385852975110e+01 4.431524966121937581e+01 3.559304801674939256e+01 4.145683812592339024e+01 4.919764577932552641e+01 3.799984271643629796e+01 2.271157310024617360e+01 1.330633140554724392e+01 3.420763459117424787e+01 5.096666241232859562e+01 5.899489553305419065e+01 6.509575363940895443e+01 7.344397899501720417e+01 6.706304496951068472e+01 5.032573366009251004e+01
3.582433992925927735e-02 2.003582433992890444e+01 1.165920406361283490e+01 2.889232325956000835e+01 3.218030300566753255e+01 2.720886150857353414e+01 3.951085791937909164e+01 3.365299354310983659e+01 3.536528539081905365e+01 4.950742101455050204e+01 6.950742101455192312e+01 6.971891794999966407e+01 5.485573755610872837e+01 3.486293211613367049e+01 3.653052229029429299e+01 4.945898973534058030e+01 6.684386402709570518e+01 7.514840620513979275e+01 7.895528600111730100e+01 6.522868755224622817e+01 4.520001441629051442e+01 3.364298830190076472e+01 4.027208193610284326e+01 5.702534924246476322e+01 5.561327973448903350e+01 6.147686755319742957e+01 5.748150271526384358e+01 4.044961285758300562e+01 3.443777399644002202e+01 1.466450357336058730e+01 3.466978355888316798e+01 4.310079619136410400e+01 4.878800785659945660e+01 4.512292562795518336e+01 6.460922098991069618e+01 7.465994856188984841e+01 7.032573713884491440e+01
1.813270376062421294e-02 2.714932153613597965e+00 5.730045599391247357e+00 8.892323259559653081e+00 1.218030300566682733e+01 1.566185612478081524e+01 1.951085791937838820e+01 2.467483571432170208e+01 4.467483571432240552e+01 5.536528539081976419e+01 7.536528539082118527e+01 7.122020629375553824e+01 5.117790713427464766e+01 4.087488178943146266e+01 4.407111465533483141e+01 6.410001682446039695e+01 7.779337094376285222e+01 8.407793955025452703e+01 7.067958491792839482e+01 5.064964466054632197e+01 3.908923302054466120e+01 5.366512772569117118e+01 6.029799110359324743e+01 6.858339398853975410e+01 6.289126144681992514e+01 5.458184237931506289e+01 4.801232823564155439e+01 3.971731305071241280e+01 3.608231482227843401e+01 1.603172224026198833e+01 1.962461829875123343e+01 2.334264623121419646e+01 2.908947355242665012e+01 3.648539081417716545e+01 4.623219807387189206e+01 6.629457837663917985e+01 7.510337935652559338e+01
2.372884694381488524e-02 2.002372884694345956e+01 1.727705098318396537e+01 2.889232325956000835e+01 2.632243862939802881e+01 2.980399174851201849e+01 3.365299354310884183e+01 3.365299354310883473e+01 3.622184109811462349e+01 4.776884648190754490e+01 6.776884648190896598e+01 7.952509255079627337e+01 6.089074841539098770e+01 4.793221568122301335e+01 6.410001682446039695e+01 5.822410812345330555e+01 7.828571530169814707e+01 7.580901115429666959e+01 5.577576116911979653e+01 4.576252073808025500e+01 5.064964427468755304e+01 5.911558995268448058e+01 7.913803260999664246e+01 6.876993472716903000e+01 4.870560887436064235e+01 3.453064463398639106e+01 3.970223110509178355e+01 1.965549222020516495e+01 1.813946428243644249e+01 3.600825127971671691e+01 3.943222200258878019e+01 4.310122705723787817e+01 3.083666569991012452e+01 5.055397216059667898e+01 6.460922098990540974e+01 7.465994856188841311e+01 6.647303161626180668e+01
8.175220331382776484e-02 2.008175220331347077e+01 3.727705098318467236e+01 4.556132223064686571e+01 4.632243862939873225e+01 4.980399174851272193e+01 5.365299354310813129e+01 4.519999892690093901e+01 5.622184109811532693e+01 6.450611234558455465e+01 7.605311772938279091e+01 8.925064371386355333e+01 7.628548735235651179e+01 5.949567168313534182e+01 6.429565542078144347e+01 7.828571530169814707e+01 8.658942035090484524e+01 8.408379510889420771e+01 7.134782733529402776e+01 5.131598591460345915e+01 7.067840548633637354e+01 7.895002991100324152e+01 7.227324714428232255e+01 6.334241924596872053e+01 5.490428213154940806e+01 4.190049138749161983e+01 2.183339341365335784e+01 3.971746713717316624e+01 3.819657321124735461e+01 3.232308595643622340e+01 5.238630909168406191e+01 5.055397216059667898e+01 4.470110701921544205e+01 4.060487627874775995e+01 5.197804036759688984e+01 7.214847241425424329e+01 6.374272730367412976e+01
9.124702163186203252e-02 1.423338264536268660e+01 3.423338264536197784e+01 3.895228289337017458e+01 4.226998565453166634e+01 4.912269059451207198e+01 5.735087463641912819e+01 6.519999892689952503e+01 7.348427017425608199e+01 7.987250742475730192e+01 7.159221389169603356e+01 7.987250742475730192e+01 8.786874673919614054e+01 7.956508851217002132e+01 8.436258333571174717e+01 9.266390235799363495e+01 9.706386365169467467e+01 7.705271351423617432e+01 6.288144940420246343e+01 6.133120539642499125e+01 7.962651004694977530e+01 7.827621170695820751e+01 5.782643050374883131e+01 4.403740982082854316e+01 3.560313102387072348e+01 2.943465430982922371e+01 2.340849009883416088e+01 4.349037331869002543e+01 4.902475112155024561e+01 5.239096401003975245e+01 6.071607666119145108e+01 7.059888665078894121e+01 6.468403856365979721e+01 5.197804036759688984e+01 6.885715829265775767e+01 8.050202712260315252e+01 7.238632124038682036e+01
2.239863785106879432e-02 2.002239863785071350e+01 2.864605203469017525e+01 1.675187110782869837e+01 2.294646470418493323e+01 2.974126695615996496e+01 3.929659646783191107e+01 5.311053414664802119e+01 7.304356843878905181e+01 6.987652225854384369e+01 5.159959184207832550e+01 6.987652225854384369e+01 8.279975514076988929e+01 7.726143696031977015e+01 7.471175602542392369e+01 7.471266536706663430e+01 8.298916333733772888e+01 9.118299557228773722e+01 7.705271351423617432e+01 7.550264794931159429e+01 8.963629984506090409e+01 8.462057885919577416e+01 7.227324714447529175e+01 6.334241924596872053e+01 5.490428213154940806e+01 4.576171758150753988e+01 2.579397377237147637e+01 2.662884238128321357e+01 2.897024284196814747e+01 4.903593711685281420e+01 5.999787865525105701e+01 6.829452534730792479e+01 7.831480376863211745e+01 7.214847241425424329e+01 8.050202712260370674e+01 8.206982584539981929e+01 7.389085467862872747e+01
1.766589122093755945e-02 4.281680218333165477e+00 8.646038023053051802e+00 1.742940952464718407e+01 2.826069058954223578e+01 4.667397908606191947e+01 5.735087463641912819e+01 6.722508724475225961e+01 6.811319662221728777e+01 6.159590286688713690e+01 4.159887195503425517e+01 5.452588478620307910e+01 7.156988211684853241e+01 5.774795427688017213e+01 5.473127852825865602e+01 5.473137586675448318e+01 7.471266536706663430e+01 8.516943099180714682e+01 9.706386365169467467e+01 9.551819351676648751e+01 8.462057885919577416e+01 6.453537485929770412e+01 6.822107846604313863e+01 6.116399942662317102e+01 4.931278979049996281e+01 2.924817908714694070e+01 4.587173744343967030e+01 3.822945379136140787e+01 4.903593711685281420e+01 3.237423595288591827e+01 3.996123822928529989e+01 4.997317648424960623e+01 6.414481862831874537e+01 8.421275404090819450e+01 8.786693172156954290e+01 6.810177401867140645e+01 5.405360845499115641e+01
