LEM/with_lateral_4open/elevation_000501.asc
nrows	100
cellsize	150.0
xllcorner	0
ncols	100
yllcorner	0
NODATA_value	-9999
[rows 17 to 33 of 100, columns 37 to 73 of 100]
3.066513856061591525e+01 3.787516215218925453e+01 4.057202347994429203e+01 3.312989340829830809e+01 1.291957209750908397e+01 2.006701310957694773e+01 3.862676867510459289e+01 5.180856097292863893e+01 4.687967765485435478e+01 3.267638912073132929e+01 2.169937021949870726e+01 4.156165255030843753e+01 3.905381832299698175e+01 5.327572253337078223e+01 7.354958176489620314e+01 7.717148776405471722e+01 8.551078002657241939e+01 7.701779961061609470e+01 9.125220212338469139e+01 8.736132214587894396e+01 7.308381033334970311e+01 8.736132214587894396e+01 9.542764426732834693e+01 8.145790018002172417e+01 7.149179911711266300e+01 5.838674801054003183e+01 3.833932981851698685e+01 5.437726437213540009e+01 6.269960192997721293e+01 6.756197546193565984e+01 5.891463671909794897e+01 4.806703849290371267e+01 2.804413877207605310e+01 4.808432055614989764e+01 5.472793096495498588e+01 3.467127210289322647e+01 5.472793096495498588e+01
4.244445656996636984e+01 5.819437273230429497e+01 4.843842574694664904e+01 2.796682400096316456e+01 1.368091167252776508e+01 3.390249863921962259e+01 3.287865198637132380e+01 5.320657150603404517e+01 6.108306520858793931e+01 5.002721453472651092e+01 4.169489302032609856e+01 2.494018668927841631e+01 4.493986591995040669e+01 5.682527691386091817e+01 7.384864619011364084e+01 5.694450281520196455e+01 7.013661053494435293e+01 6.270695684602072362e+01 8.292125562198357613e+01 9.440726655078144347e+01 9.325560894394222089e+01 9.523725329337450773e+01 8.351042796716320993e+01 6.732767095256525636e+01 5.313453326170220237e+01 4.312165693440595504e+01 4.728956305983874131e+01 6.671203848878714382e+01 7.355697390864233398e+01 5.340987396136853249e+01 3.923562467614511462e+01 3.106546391675371410e+01 4.808432021366369469e+01 5.640613927066469557e+01 5.991019225333884179e+01 3.983938058773310331e+01 5.103847711228242190e+01
6.274557851822569887e+01 5.880110084446489793e+01 4.563090788545908083e+01 3.446795891381465538e+01 1.444564403945837761e+01 3.467865856235544442e+01 5.320654338691093699e+01 5.320656371240748683e+01 7.342940262952647856e+01 5.765354788674773090e+01 3.755145236059542668e+01 4.493986485012492693e+01 2.846178408776676605e+01 4.847832430480756472e+01 5.965881978722946855e+01 4.528174103275401308e+01 4.989746696066814025e+01 5.573773981763622487e+01 6.587869066827202857e+01 8.018244670147278441e+01 1.003228815655834296e+02 8.688927061775918048e+01 6.673972889337392189e+01 5.514565599394195772e+01 4.846986955220598503e+01 6.318211456358280742e+01 5.886448419044629077e+01 7.569444457890455169e+01 7.948313966813718423e+01 5.931082291468194967e+01 5.334673208945689993e+01 3.330387663381497276e+01 5.334673208945689993e+01 6.580634567391716416e+01 6.548258732284642747e+01 4.539103117259401188e+01 6.548258732284649852e+01
5.746209619867666163e+01 4.890193349091862274e+01 3.157845107841449916e+01 1.473655991516146813e+01 1.522484398825526952e+01 3.546210834956219315e+01 4.483093761973423597e+01 5.219660658985835511e+01 6.062303355368872815e+01 6.600436651831320489e+01 5.174345366438707572e+01 5.104382853679700105e+01 3.100659565832824782e+01 5.104382869276753354e+01 3.950785710373880733e+01 4.583696898496042849e+01 6.605108432239229899e+01 7.598006708269832643e+01 6.744439850336134157e+01 7.912623799066601293e+01 9.927003222275375549e+01 8.950707503336239768e+01 6.935335257459141189e+01 7.328674876646144298e+01 5.318868001611236451e+01 7.328674876646144298e+01 7.897587087191941180e+01 8.730539972519125058e+01 7.873117258319541634e+01 6.867754871234969016e+01 5.591358628390162977e+01 3.586581469684990253e+01 4.037783426848426416e+01 4.572598522342817517e+01 6.580634622986070781e+01 6.548258732284649852e+01 5.484265601102438126e+01
3.769590124197458181e+01 2.874722455227179907e+01 2.158146701742778717e+01 3.775699977539760255e+01 3.546210834660432454e+01 1.635507218780750449e+01 3.593307203517117188e+01 3.182772944278606175e+01 5.223762572272623572e+01 6.429177800027453316e+01 7.192177652758671513e+01 5.939200111818352923e+01 4.252491171585450758e+01 3.482415336207408529e+01 5.490919233358503959e+01 6.605108432239229899e+01 5.663517920019737772e+01 7.686366456199490926e+01 8.764000720035740244e+01 9.596394993582036648e+01 1.075802528651699106e+02 9.785691621841291976e+01 8.950707503336239768e+01 7.848154651226386136e+01 5.836218135585530575e+01 7.258049794085439999e+01 9.272793800558314103e+01 8.463278459396458686e+01 6.449460122525135830e+01 5.029523937218450413e+01 4.028413467423981587e+01 4.058102202066356767e+01 6.043964369301727402e+01 6.580634567391716416e+01 5.468667675515121829e+01 7.480234780673295347e+01 6.906899182656910341e+01
4.637248145118523723e+01 2.630197970270702612e+01 3.322245156603374738e+01 5.008382290814689242e+01 4.502230073270293076e+01 3.661269441563085536e+01 1.750137374082584074e+01 3.777258078662458018e+01 3.193778918891888452e+01 4.899516168509074987e+01 7.110228526783548375e+01 7.102326014579081459e+01 6.267949295080880034e+01 4.375200057440996915e+01 4.333305444639035642e+01 6.351465626245925478e+01 7.686366456199490926e+01 7.095305288390032672e+01 8.523846155093769994e+01 1.053641643927916647e+02 1.102107461731557976e+02 1.054661171306981799e+02 8.532528749141097535e+01 7.107617959442421807e+01 6.734444881984695996e+01 8.681969690657159333e+01 9.349826053155551620e+01 8.218943085419034844e+01 6.521344268568597613e+01 4.513658322049413130e+01 6.034408902858601209e+01 4.543357832492291237e+01 6.551165399902448883e+01 8.192326220916517343e+01 6.178227476033022469e+01 8.192326220916517343e+01 8.922086870543218140e+01
3.110305343178959347e+01 3.778559132253536745e+01 5.343664305012313775e+01 6.177430633459755427e+01 5.132152178750730087e+01 2.552591658067011338e+01 2.817428273919415460e+01 1.866369243343980600e+01 4.188567804438096687e+01 5.547018826994760587e+01 7.715374433363351159e+01 8.043355394986163276e+01 6.022770824162456904e+01 6.393555001433284701e+01 5.233540591435508560e+01 5.759444912547586881e+01 7.780730062462259866e+01 9.113314343717134136e+01 9.837381972348116221e+01 9.003131161805367810e+01 9.003131161805367810e+01 1.095072674881825776e+02 9.955654664908824714e+01 9.122439991403514625e+01 7.897413674087732716e+01 9.582605707743284995e+01 8.520097865545446325e+01 6.579739823396741372e+01 5.575825394882898678e+01 4.903405536440116208e+01 6.954230956334633618e+01 5.060178369492146544e+01 7.070133611945348662e+01 8.726089138984201554e+01 7.602056985028899305e+01 7.822577998503774666e+01 9.837517143954312360e+01
3.868027991773502805e+01 5.810239150640671113e+01 6.648623444759105894e+01 6.666516818283034240e+01 4.515359496107493698e+01 3.282194915545877478e+01 3.658038472019354970e+01 1.949101036839404344e+01 4.119167038210381548e+01 5.641996971089782420e+01 6.362760186186589806e+01 7.198960947828146573e+01 8.043355394986163276e+01 8.090440347324062031e+01 6.401945520572158443e+01 7.780730062462259866e+01 8.614573694246070090e+01 9.331027851165930542e+01 8.927331042791826121e+01 6.959548248196757925e+01 8.089213099308177846e+01 9.110090063789505166e+01 1.112715567433299242e+02 1.074521623468624085e+02 9.912672140634764162e+01 9.663672415241732949e+01 7.628622080308035436e+01 6.456850856132118111e+01 5.701560187744588859e+01 5.403477379159771488e+01 7.439698539195580906e+01 7.070133611945348662e+01 5.878695380681231342e+01 7.892104403526420242e+01 9.617362215647993651e+01 9.837517143954312360e+01 9.067175593509297471e+01
4.889659613842351860e+01 6.744500952937235638e+01 7.541042903685763577e+01 5.757928499338798645e+01 4.572825850509182288e+01 4.704663467688031631e+01 3.766264771858399740e+01 2.031993614788107649e+01 4.076927118205684053e+01 3.602049639297665351e+01 4.324133959460915833e+01 5.504921175871888295e+01 7.534590070067145007e+01 9.255329525208226471e+01 8.422390336043142156e+01 8.903314785979252122e+01 8.068982223338272775e+01 7.302088155492378974e+01 7.302088155492378974e+01 6.033222500712204805e+01 7.068336134826861894e+01 9.110090063789505166e+01 1.007443497374958383e+02 1.044195021264950185e+02 1.113812773785622596e+02 1.049786844624496212e+02 9.326503522431559645e+01 8.470606588064683251e+01 7.803081608539098113e+01 5.933831688950695593e+01 7.950265889523093676e+01 8.563997336321152432e+01 6.548318537936951600e+01 8.563997336321152432e+01 9.975258430338178073e+01 8.964125930317545965e+01 8.133334651333832710e+01
6.922986710219855411e+01 7.758947366464572326e+01 6.965489408193583643e+01 6.135754546031805745e+01 5.319539613460685956e+01 4.269267015837439772e+01 2.245119434607247655e+01 2.131446570745053037e+01 2.700795813233770204e+01 4.729717008185944849e+01 6.362760186186589806e+01 7.198960822803415738e+01 8.367674960980390608e+01 8.972613276141358085e+01 8.161988802631103113e+01 8.068982223337110327e+01 6.036119432363313564e+01 6.631531158616792254e+01 5.254653204165701652e+01 7.302088155492378974e+01 8.782576828159879767e+01 8.444679599985381913e+01 7.838824771533533919e+01 8.385674755433733196e+01 9.146307608947667234e+01 1.112146194744484262e+02 1.006310791297381968e+02 8.048183125300307950e+01 6.885544577282870193e+01 7.098892725989296082e+01 8.783877472888468674e+01 9.397693183705536057e+01 7.555737012179680789e+01 9.397693183705536057e+01 9.151325462100294317e+01 7.115343840567383893e+01 6.096342905736882045e+01
7.195286443446042313e+01 7.040425292328679063e+01 6.135386269783354152e+01 4.115045372274201441e+01 4.486572195080697867e+01 2.459923924937279338e+01 4.258555132102601704e+01 2.232437062435638708e+01 4.265789444757845672e+01 5.420921892064468750e+01 5.777286648796398794e+01 6.635725747068829605e+01 7.812463730427747066e+01 8.075493597537135315e+01 6.226653521205316366e+01 6.612135086220669677e+01 6.049808773306644838e+01 4.589501021944559511e+01 6.597144364718008092e+01 6.895361047749209149e+01 7.091806763669919178e+01 6.742758739919044331e+01 6.360380361456398646e+01 7.175890641671561809e+01 8.308544495837922739e+01 1.029071330380912457e+02 1.089542592704586497e+02 9.733043920692749396e+01 7.892201525351305236e+01 9.113263259010615513e+01 9.946344993123439338e+01 1.040509246508598409e+02 9.572257660462618389e+01 1.040509246508598409e+02 9.975258430338178073e+01 8.964125930317545965e+01 7.413149313067525270e+01
5.875466839034737632e+01 5.019693518779851615e+01 5.748377136741390103e+01 4.698839191654518288e+01 2.677396740405690068e+01 4.486531095193904406e+01 4.347240366042580462e+01 2.333755924851777408e+01 4.368924805230510344e+01 2.883436808470526103e+01 3.719451825075320528e+01 4.930149634720049789e+01 6.975753510451997386e+01 7.287563232572270522e+01 5.340033560109979760e+01 4.603998965490795570e+01 4.006344338185122922e+01 4.283314568227848440e+01 4.563656256065800676e+01 4.865173568075355348e+01 5.175372976632284150e+01 5.496377584332953603e+01 7.161427578093848467e+01 8.547453001575664189e+01 9.344575169009414140e+01 1.017488100378543265e+02 1.133358608264695135e+02 1.073983405765101651e+02 9.907379563476023066e+01 1.073983405765101651e+02 1.062892588322004173e+02 9.802200681113704661e+01 9.802200681113704661e+01 9.837129047203211485e+01 1.066353635092739722e+02 1.026070879048943993e+02 8.774359558622981581e+01
3.785586665805921314e+01 3.471025453810334227e+01 4.926270232277084204e+01 2.900819817308894599e+01 4.706680192398375340e+01 5.538683811496782994e+01 5.177069747226508412e+01 4.087933779091508768e+01 2.477950942997052408e+01 2.581061344153000903e+01 4.620623839706703961e+01 5.612899015221763932e+01 6.485664528883812352e+01 6.267092201975526677e+01 5.435656838455984285e+01 3.684012077798719531e+01 5.136947109008435319e+01 6.321306247026709713e+01 5.395849426473164812e+01 6.895361047749209149e+01 7.203401601583819058e+01 7.530937001102292072e+01 6.085862087987728586e+01 6.657777289128614484e+01 7.313858116838729018e+01 8.495349877065805799e+01 1.050463849134064134e+02 1.135753210938053286e+02 1.053573406469496945e+02 1.048100581120208830e+02 9.802200681113704661e+01 7.763129934092954443e+01 7.763129934092954443e+01 7.797956877177297486e+01 9.493668429580588963e+01 1.066353635092739722e+02 9.600370670989720168e+01
5.870431044030534196e+01 4.637343202990010838e+01 3.108784302907845642e+01 3.124048356465781140e+01 5.150837550145069343e+01 6.349244541449080259e+01 6.333095855065263180e+01 4.249534764036927470e+01 4.515861575020709751e+01 4.620623844160442673e+01 2.728748957648614848e+01 4.770755123303724332e+01 4.436258045099899761e+01 5.135683893101734299e+01 3.384384027027452646e+01 5.435656815943112719e+01 6.572364435582990438e+01 8.007793278148088234e+01 7.425915278344311332e+01 6.833856201179166590e+01 8.855272332162498117e+01 8.767392295942816816e+01 6.736675953169950049e+01 8.702406052189168406e+01 9.344575169009414140e+01 8.976283790086601755e+01 1.098328388188195106e+02 1.053573406469496945e+02 8.505164333553538825e+01 8.452478003838768927e+01 8.452478003838767506e+01 8.360359928576217214e+01 6.320096451160610229e+01 6.618223270949849280e+01 7.797956877177297486e+01 9.837129047203211485e+01 9.269939817996954901e+01
7.474612192382301146e+01 6.090228379984678497e+01 5.240921420296315603e+01 3.481569853869094544e+01 3.516923461576678278e+01 5.520652871807117634e+01 6.748823110288788030e+01 6.371203572294192696e+01 5.688991349847356815e+01 3.640112101875850215e+01 4.673542356107097362e+01 2.878981469792161718e+01 2.986310319735954266e+01 3.094675023944689229e+01 5.144089143598755953e+01 6.171301571134311104e+01 7.608905797178103114e+01 7.930564565510950104e+01 8.763870436640715411e+01 8.855272332162498117e+01 9.687214709369361287e+01 9.597808119295254414e+01 8.178982107825528658e+01 8.028657320876213532e+01 9.452554140266575189e+01 1.098328388188195106e+02 1.169530601945877635e+02 9.686868478775897984e+01 8.239582387412632158e+01 7.052562288362497611e+01 6.411211765551075814e+01 7.639017858346052492e+01 5.619905913776752726e+01 7.639017858346052492e+01 7.896083658310566022e+01 8.489176148971442615e+01 8.256397443626369181e+01
7.014367915322439728e+01 6.029353622433301041e+01 4.009212464681122867e+01 5.507784513576380192e+01 5.520652872367509900e+01 3.923519106087886854e+01 5.919936314136065647e+01 6.980422031538176952e+01 4.938490834354777093e+01 4.825219661415967920e+01 5.724120255528507073e+01 3.793222240119661137e+01 4.435762232886322920e+01 5.144105094440631376e+01 3.279343634310384203e+01 4.733845578683594368e+01 6.643012726911268828e+01 5.894789962413820206e+01 7.337187739749660409e+01 9.363102945861747628e+01 8.737546303211601639e+01 9.569536442470409554e+01 1.018794015233405048e+02 1.003857731546660261e+02 1.086727778195330387e+02 1.228200142364001834e+02 1.142167660904403732e+02 1.060021511630178992e+02 9.931348221467035842e+01 9.099904438132725204e+01 7.680951885812834234e+01 5.660351581551841349e+01 5.181217598700297344e+01 6.705673814806213784e+01 5.885414525251817253e+01 6.474325879105792581e+01 7.419305775719671203e+01
5.009445467663136498e+01 4.576593666038284880e+01 6.029353643812017793e+01 6.857200534454028684e+01 6.210135128023548390e+01 4.220632295403706991e+01 6.210135128023548390e+01 7.817574920753875745e+01 6.385658634084764884e+01 6.270436348663642434e+01 6.678122886863391727e+01 4.978057936742941081e+01 6.476912087076600244e+01 5.464341310400569540e+01 3.412034657294245221e+01 5.463343675882002515e+01 4.616931264691098846e+01 6.643027655808508314e+01 7.805294770518365510e+01 7.452174852202824695e+01 6.705378664560049629e+01 8.147509714699155836e+01 1.016202063749468465e+02 1.063891514644357841e+02 1.063891514644357841e+02 1.146765057285701204e+02 1.060021511630178992e+02 8.569637299141089670e+01 9.164379772060479468e+01 8.439653428160433180e+01 7.993415048360230912e+01 7.057079315135926834e+01 5.069230490404798672e+01 4.742623028230228499e+01 4.528369479095651684e+01 6.160706575124723372e+01 6.751213691469824596e+01
