LEM/with_lateral_4open/elevation_000189.asc
nrows	100
cellsize	150.0
xllcorner	0
ncols	100
yllcorner	0
NODATA_value	-9999
[rows 51 to 67 of 100, columns 0 to 36 of 100]
6.455108993161302877e-02 2.006455108993125691e+01 3.987123266566619151e+01 4.684426816074878985e+01 5.513083047181498841e+01 5.498535872893975807e+01 6.084823670882759927e+01 5.039458341809841357e+01 4.453150360779115857e+01 4.303746471882694635e+01 6.305441325291718613e+01 7.205249212963053651e+01 8.037202194712445191e+01 9.038152452039113882e+01 7.598425060021223487e+01 5.755396265944037992e+01 6.257448656370098661e+01 6.053889440344651263e+01 7.733963747952211065e+01 8.183099990705765947e+01 6.199675008204874160e+01 4.787413308249711719e+01 5.293352263193682461e+01 6.958485234481642578e+01 7.325561178055691869e+01 5.337587560104254436e+01 3.920110064820330109e+01 5.330159955586375986e+01 6.154249074906763184e+01 5.823464838022260182e+01 3.820962848359688735e+01 4.969652999903708945e+01 3.221631869536205528e+01 4.626748324719508787e+01 6.290430880585638107e+01 7.172978489069831198e+01 7.998699903415167967e+01
3.995603441288197999e-02 1.158696141820529668e+01 3.158696141820493963e+01 5.014597160384260377e+01 4.752115450807995956e+01 5.556208380416583736e+01 6.397179478626372173e+01 7.041473904654965565e+01 6.454931021341816688e+01 5.718920419715232129e+01 7.134896805719893109e+01 7.620448291231897997e+01 6.202744130424731850e+01 7.620448291231922155e+01 6.761751421362566816e+01 4.748613634000345485e+01 4.834804683151362070e+01 4.892095979235730852e+01 6.835286252135746565e+01 7.995224199598742132e+01 7.539589453656707008e+01 5.551684895941728826e+01 4.134631093145487313e+01 5.589789344075036581e+01 6.415035421849258057e+01 6.743817011388846083e+01 5.330159779672703024e+01 3.327506393880728552e+01 5.330034252884294688e+01 5.563296972622062242e+01 4.739581733513995943e+01 2.983904474616161195e+01 4.969653016826075742e+01 6.040303735518382666e+01 7.453758192747504552e+01 6.788311776270538189e+01 7.583041936687666862e+01
4.804567899273937126e-02 2.004804567899238421e+01 2.252302220423167256e+01 3.206934795149838635e+01 2.864508331916358586e+01 3.506919028274369765e+01 4.810749977089486862e+01 5.638365318864749298e+01 6.530931142850542415e+01 7.721428050149822297e+01 7.431931463116200121e+01 6.601162959836132416e+01 4.781280544672272725e+01 6.722624617390304991e+01 6.567213939471302808e+01 5.684664455551752837e+01 3.673929437979889912e+01 3.992576905015479127e+01 5.153968095023147811e+01 7.163444852506641780e+01 7.389411603036350584e+01 6.958485234481642578e+01 5.589789344075036581e+01 3.587313682103545176e+01 5.089170450245308785e+01 5.915161029942819937e+01 4.951760958446922700e+01 2.945440735038112479e+01 4.434083381651473843e+01 4.529993275638025807e+01 2.751609673305501857e+01 4.739589835850114241e+01 5.796779788102729469e+01 7.206974110993752447e+01 6.327476883945021058e+01 5.089407193250546868e+01 6.564983651866495507e+01
9.707512844716031930e-02 1.613967288860796145e+01 8.785250160336381953e+00 1.277642392224827361e+01 1.693603569235347095e+01 2.212452037263787474e+01 2.827847732304621786e+01 3.708390177430555212e+01 5.116947753442189395e+01 7.116413763135436454e+01 6.601162959836132416e+01 4.592767784311027413e+01 3.881804679353501797e+01 5.891548050047360618e+01 4.557059698537402426e+01 4.556943489949170356e+01 3.094191611890233773e+01 4.254358347556805597e+01 6.264779526718850633e+01 6.802498969547372099e+01 5.383719596402192309e+01 6.801646295139416054e+01 6.415035421849258057e+01 5.089170450245308785e+01 3.082790424149313324e+01 4.622696586864736190e+01 5.109858730232635793e+01 4.234203337206108131e+01 2.412446076161109687e+01 2.514724479310010352e+01 2.639278929671602469e+01 4.648905392590408070e+01 5.644270724278609208e+01 6.079973985508872403e+01 4.473015806108600145e+01 4.224054285508377404e+01 5.560534835228579453e+01
5.001202446392439237e-03 3.400930507084815257e+00 2.431296782809115342e+01 3.206934795149838635e+01 3.043802857993689770e+01 3.257165135175749526e+01 4.810749977089486862e+01 5.638365318864749298e+01 6.530931142850542415e+01 7.312886043520249757e+01 6.601162959835764354e+01 4.592767784311027413e+01 3.170248799216785329e+01 4.446778433347289194e+01 4.556491064626956700e+01 2.543024948451701306e+01 4.556943489949170356e+01 5.936342625860716282e+01 7.096740128967103090e+01 5.904060771126865603e+01 3.961653400915135848e+01 5.901485197948165506e+01 6.368012259385141505e+01 5.915161002190630768e+01 4.622696586864747559e+01 2.605290384881116239e+01 4.171604543236419715e+01 2.270945471456914788e+01 4.299455903789547051e+01 3.944731903702234632e+01 4.648905006139818141e+01 2.811984266502134133e+01 4.817603709783415411e+01 5.122556843088779743e+01 3.311396658790768299e+01 3.448917412959371376e+01 3.588729686798145480e+01
5.279685921607564503e-02 1.208452129893870364e+01 1.633754540941269440e+01 3.062470741346505676e+01 5.000838938830238334e+01 5.218111267337477699e+01 6.043309131782579158e+01 6.310655077460441476e+01 6.680104998197819555e+01 5.171529339253469715e+01 6.680104998197819555e+01 5.607308787863956923e+01 3.597216207006167110e+01 2.433276527193331162e+01 3.825397181848835260e+01 2.191579274017308165e+01 3.617424420798475637e+01 5.627997942097171347e+01 5.827826314344818570e+01 5.071084045484325031e+01 3.053574199346018503e+01 5.071492627741780268e+01 4.446825371296637286e+01 5.777317024820853675e+01 4.873007822493322294e+01 4.043610480825207532e+01 2.129321312766148822e+01 2.981428170025399638e+01 4.988764078411430347e+01 5.954767831898092112e+01 5.638054646075537590e+01 4.230823579435983106e+01 2.983979343548683616e+01 3.118971179664040960e+01 5.122557707475544930e+01 5.740060870997506015e+01 5.645408883872545402e+01
5.738623160518319517e-05 2.000005738623125140e+01 3.559318815027072702e+01 4.521163313021149577e+01 5.979856644383030329e+01 6.272581393308748687e+01 6.310655006296321545e+01 4.205036334676385223e+01 4.591424349790010240e+01 3.707623913506267854e+01 5.798718196993931429e+01 6.438388789706550597e+01 5.278484933685246716e+01 3.825397181819327841e+01 1.824938846046865493e+01 1.868557634314980831e+01 3.870473605700667008e+01 5.206727902063762059e+01 3.783224883907760727e+01 4.419347555838448471e+01 2.426509028786332678e+01 3.703442411790354782e+01 3.136689158566168345e+01 3.658613046110662026e+01 3.920430494682624101e+01 1.996504200221164638e+01 3.436792844109292844e+01 4.950418331466560318e+01 4.406484234298746117e+01 6.394527132621352905e+01 6.980526196777340431e+01 5.248226468329465888e+01 3.257167549646336369e+01 5.106107049282953625e+01 5.924483878834550410e+01 7.260354044830492626e+01 5.271999767109303292e+01
4.532054705376769438e-02 1.004541998895846078e+01 2.419270623605501314e+01 4.425120252202181348e+01 5.095044869043927349e+01 4.410769218613276621e+01 5.747496557470270062e+01 4.591423866908049689e+01 2.598015229514889057e+01 4.591424349790010240e+01 5.670272327486284070e+01 4.838477773209182686e+01 4.837037903012249984e+01 2.828876422918591516e+01 1.450798828206954383e+01 3.417053095692256903e+01 4.700075408114060593e+01 4.184083550392242046e+01 2.361042502186528935e+01 3.431995154989105856e+01 1.932273098745846696e+01 2.122786089027840717e+01 3.540304518592903094e+01 1.780330490370826269e+01 1.868262814947049222e+01 3.920430494658181431e+01 4.844859057189194829e+01 6.127307209502916407e+01 6.394527132627974453e+01 7.214437894553478259e+01 6.688330168419949473e+01 4.677004969918869648e+01 5.263710505936727913e+01 3.670578598882060817e+01 5.089984574158491171e+01 7.080744297335230897e+01 6.680600795653955970e+01
9.001595176218035732e-02 2.009001595176182420e+01 3.832931559758399231e+01 4.581997550535390218e+01 3.282496144594711041e+01 3.149321731839415861e+01 4.956081293829246448e+01 4.038552095723832025e+01 2.106302543463631594e+01 4.038552099870396717e+01 4.838477611578527160e+01 2.889221461310554773e+01 3.460145075598154563e+01 2.927474039213044676e+01 1.224623622819069979e+01 3.176805999389091184e+01 4.080572756461565120e+01 3.242118860985182494e+01 1.359433423972587107e+01 1.436108464878948432e+01 1.513001765797040399e+01 1.590812095628957756e+01 1.668834214125119431e+01 3.723974921125663684e+01 1.851040854950072401e+01 4.069269535246905178e+01 5.174202833551002811e+01 5.776823690857278137e+01 5.776823690857278137e+01 7.768874609584229063e+01 7.546847738956212481e+01 6.691892797130708459e+01 5.974915687373238882e+01 3.972989627192101381e+01 5.392669026784963648e+01 7.380583472011893775e+01 8.660002202085415490e+01
5.674351268809080251e-02 1.419585351028765707e+01 3.410276125274036474e+01 3.812453544529071081e+01 2.015683202952525832e+01 3.809402230354509555e+01 5.114406719111531174e+01 3.555489714770720155e+01 1.661985711857176540e+01 3.209211089233787817e+01 4.328039011364930388e+01 3.457386369112629154e+01 1.567798229108630714e+01 9.240610881189111225e+00 9.893473492898824162e+00 2.993596522937774651e+01 3.158689925445867530e+01 1.251584037215198109e+01 3.256207716048309209e+01 3.442073308717390034e+01 2.917841112409598381e+01 4.113728106058626821e+01 3.095808465952154265e+01 4.591379363790636603e+01 3.342805945189499539e+01 2.284152951432261247e+01 4.348962685041635723e+01 3.785589153481584646e+01 5.193550386484021431e+01 7.184970012845373333e+01 9.105616060316864946e+01 7.694501526552176074e+01 5.710012842198761263e+01 4.290843211052665396e+01 6.291258842666724860e+01 7.280049762588805606e+01 8.103671528606517427e+01
9.518805923843161321e-02 2.001869274923743092e+01 2.567385428706717931e+01 2.595526836664285142e+01 1.447797057069095494e+01 2.642829415411171823e+01 4.204678086386710589e+01 3.163664515665315946e+01 1.883688741239960862e+01 1.043951964360074491e+01 2.575528800889431835e+01 2.621381562793035513e+01 8.319687399136016737e+00 2.835157856994221603e+01 2.785584366985075278e+01 1.085482897755456300e+01 1.154078533174659249e+01 3.158611766107995678e+01 1.484857938545764888e+01 3.489202839989162896e+01 4.515376674957124692e+01 5.610684842328105049e+01 5.559460325418679361e+01 5.219658108540687635e+01 5.172923319760810301e+01 3.765514812106819420e+01 2.631053549045844520e+01 4.627183894683741983e+01 6.289619531606021496e+01 6.289619531606077629e+01 8.263311688434731650e+01 7.694511346394727980e+01 5.710012860941034774e+01 6.291258842666724860e+01 4.803347708666151306e+01 5.293288531991775869e+01 6.445442723723037659e+01
9.062254805971975413e-02 6.975196770941245461e-01 1.560034716373132291e+01 7.145151832532876668e+00 2.240811993135945812e+01 2.335074827808204390e+01 2.077570709353880929e+01 2.392914434579927274e+01 5.508994077084490293e+00 6.134299621632375299e+00 6.766755584093907316e+00 7.408368193053556539e+00 2.743230628296046092e+01 3.666083847914516269e+01 1.871157067500612214e+01 3.089960218223042787e+01 2.278427085370833538e+01 3.915890041063300941e+01 3.489202839989162896e+01 1.720354661405533392e+01 3.724478762691552447e+01 3.907981949494694618e+01 5.795108698621788790e+01 7.219782229424421871e+01 6.578464440987808359e+01 4.830518287901111307e+01 2.847532336631400796e+01 3.542913100879356847e+01 4.292542435272347490e+01 5.449078545996756162e+01 7.437819870870409034e+01 8.519151719346361062e+01 7.694511653002265916e+01 7.348630036166701984e+01 5.363328667817741291e+01 7.280049762588805606e+01 6.188381193301494676e+01
3.063233560239582431e-02 2.003054970352824071e+01 1.556989762281205669e+00 2.165288826953680079e+00 2.778716499085962077e+00 3.393301582961532947e+00 4.008759038004095387e+00 4.625972438985742841e+00 2.339690886283295512e+01 2.552856898110420758e+01 1.908845875754423460e+01 7.244542357217340189e+00 3.244799625882281191e+01 4.455406609557627462e+01 2.449051130729568726e+01 4.445999072472402958e+01 4.135693269711929076e+01 4.936958677848855359e+01 3.356188551297795186e+01 3.724478762995860137e+01 1.961300240005343909e+01 3.962678032650661919e+01 5.039169159689227939e+01 6.046979822014220218e+01 6.197497788136807628e+01 4.202319244674255572e+01 3.063171644845386155e+01 5.045581166178180155e+01 5.901285410420998545e+01 6.478690227307792782e+01 7.142189368028552110e+01 7.966494418339433992e+01 8.958736547552497598e+01 7.944255807248156032e+01 5.968788609104884557e+01 7.944255807248156032e+01 8.163228187367224109e+01
5.666595628964066211e-02 1.921051309424310105e+01 2.441947222844430954e+01 2.357777238423688004e+01 1.700135859752559497e+01 2.339898630440315230e+01 1.552473535701795981e+01 8.810141736031514625e+00 2.774283778830998415e+01 3.296165328628623570e+01 1.427457536991857268e+01 3.080819256660010197e+01 4.161595395872159742e+01 5.286918922259871323e+01 3.867154526728120345e+01 3.606485172589270150e+01 5.615054821389105655e+01 6.193775853993975034e+01 5.363180758061041331e+01 4.796565066663080756e+01 3.965620585276332832e+01 2.207362388114379570e+01 3.208458457291133925e+01 5.216392934593887531e+01 7.022636918556578678e+01 5.045580775036994226e+01 5.045579930077447273e+01 3.375707846810121282e+01 3.899977404343650988e+01 4.478504717760561249e+01 5.151691968808623301e+01 6.152251994970351490e+01 8.132126741086749178e+01 8.768772694410354518e+01 7.110477484443619289e+01 7.365702974673101266e+01 9.341005902200218713e+01
2.110006612196471329e-02 2.002110006612160831e+01 3.141455530321519163e+01 3.970130072888319006e+01 3.789400590723229811e+01 3.487256855596522342e+01 2.774861776217081655e+01 2.801803083008349660e+01 1.523588377558195184e+01 3.500625283439860880e+01 3.305666644375882868e+01 1.880444804928932712e+01 3.733936714615615671e+01 4.988981324625696345e+01 5.875572769059473188e+01 4.766293621121726432e+01 6.446244532428045204e+01 6.630605780471769606e+01 4.622946575822595605e+01 3.462891006972284913e+01 2.461189056693591581e+01 4.212425657994305084e+01 5.043410969244231978e+01 6.046979822016468376e+01 7.864594232875859348e+01 6.514338549832012859e+01 4.515076467060415411e+01 3.621586582851718816e+01 5.620235177105352875e+01 6.478686002352689854e+01 7.142189368028552110e+01 7.966494418339433992e+01 8.958736547552497598e+01 9.912827157867691596e+01 9.083218177323928444e+01 9.341005902200218713e+01 1.017184241414760208e+02
9.367352646185668485e-02 5.640675488714357755e+00 1.141417818062199885e+01 3.141455616384150318e+01 5.039002450069774852e+01 5.342782836478416897e+01 4.713972946005473119e+01 4.040246919936778625e+01 2.023022109214297970e+01 4.040246919938240211e+01 3.733936722114857076e+01 3.733936722114857076e+01 2.325980418093281443e+01 4.203255490184871235e+01 5.935370192435662773e+01 6.774484182700901158e+01 7.605239219814271223e+01 7.460222568680271138e+01 5.965099302314826701e+01 4.651140100787222309e+01 2.644445327178378946e+01 4.651140100787222309e+01 6.437816371722763620e+01 7.267488370573714462e+01 8.136055329829225968e+01 6.149866055880452365e+01 6.445862767453638753e+01 5.620241671958437735e+01 4.004868213407625888e+01 5.426695728333731950e+01 7.417174048169354705e+01 9.349187181729034535e+01 8.686079655087731055e+01 9.513324339328507051e+01 1.066149960223133206e+02 1.100470935811419793e+02 9.894127253219924967e+01
3.648181865326004941e-02 2.003648181865290567e+01 3.141455616384150318e+01 2.210462933664155827e+01 3.365166800051957097e+01 5.365554458411207150e+01 5.705132589770602181e+01 3.666072452275410853e+01 2.724869358185966561e+01 4.759650946238090086e+01 5.620107477509178295e+01 4.616366364149678247e+01 2.723254513796452869e+01 3.258580145987907883e+01 4.596671188702960364e+01 6.478789347367171558e+01 7.783807419115039750e+01 6.591407651237533116e+01 5.114092215344938808e+01 3.125614579308792429e+01 2.855254056148388386e+01 4.862747913214904116e+01 4.428954791792767764e+01 5.850813314804821630e+01 7.854967112926733819e+01 8.136055329829225968e+01 7.138263074341529091e+01 5.352973216354038755e+01 4.288414516674168198e+01 6.296744115539981834e+01 6.545308015037336702e+01 7.547159442216594982e+01 6.713411980627763853e+01 7.849056072833485587e+01 9.829475132013681105e+01 1.015548815095257140e+02 8.162828564729477421e+01
