LEM/with_lateral_4open/elevation_000537.asc
nrows	100
cellsize	150.0
xllcorner	0
ncols	100
yllcorner	0
NODATA_value	-9999
[rows 34 to 50 of 100, columns 37 to 73 of 100]
4.863884916623072741e+01 6.284947605918383573e+01 7.120810149598207772e+01 8.118053759347360199e+01 6.570704744654911167e+01 4.558401230808554061e+01 4.702819583153510052e+01 5.863281507281787697e+01 7.880995557255242545e+01 7.617750339646023860e+01 5.603227219506684520e+01 5.603227219506635493e+01 6.203096796173675642e+01 4.783637217729565094e+01 3.544718083050261015e+01 4.119470691391818917e+01 4.750864312982066906e+01 6.797841912774765660e+01 7.986668569972827925e+01 7.139196884846754187e+01 6.083467391028788995e+01 8.080702583803893901e+01 9.744557749711614747e+01 8.324456550909951602e+01 8.324456550909951602e+01 1.033582266814896258e+02 1.054204248473221810e+02 9.532757639026516472e+01 8.695784742165227499e+01 7.984925716926746020e+01 7.405260041912561064e+01 6.956338736478345197e+01 6.546280505659588300e+01 5.822702792207129363e+01 3.800387235860605983e+01 5.438009639467443890e+01 4.604018223709822877e+01
5.498899390077225036e+01 7.518178852799572098e+01 8.711020472404888437e+01 6.692420477661849532e+01 5.267127657216099124e+01 6.570704744654911167e+01 5.188771618111414341e+01 7.205099041552939809e+01 8.714755954083611300e+01 8.451032488355812688e+01 7.617750339646023860e+01 7.617750339409798244e+01 7.679672231911146696e+01 6.386039663787290976e+01 5.553274045350899257e+01 3.732574697138829833e+01 5.740519288344165005e+01 6.245388570366649361e+01 6.465923200150609773e+01 5.229158526150188635e+01 7.078827849659413118e+01 7.607562981660653634e+01 8.093894468815258847e+01 6.905780226556640855e+01 8.324456550909951602e+01 1.033582266814896258e+02 9.704215633787515571e+01 7.687353850542932321e+01 6.685171793310065880e+01 5.976904915870181156e+01 5.397622930914877770e+01 4.947471875809597464e+01 4.534639648664862221e+01 4.142853423443304450e+01 3.774930187781565394e+01 3.412723805290503520e+01 3.198381925604923737e+01
6.211038977042916542e+01 8.233625562047075164e+01 8.144385877352509340e+01 6.125792402511920187e+01 7.283654727618959157e+01 7.787608475757757276e+01 5.769736608732677041e+01 6.834754529764317965e+01 8.852943155661364472e+01 9.552185905685605860e+01 7.531295133883669735e+01 6.366269790939055895e+01 6.955744608392841144e+01 5.970646675732498210e+01 3.983204359059971722e+01 5.739286285303646196e+01 4.027507135100775315e+01 4.237410350929606295e+01 4.456757103602722481e+01 4.699050785468269709e+01 5.137442797846239273e+01 5.600317632468508577e+01 6.088698378213111795e+01 8.093894468815258847e+01 8.913572047200405279e+01 1.092267531580666429e+02 1.054204248473221810e+02 9.532757639026516472e+01 7.984925716926746020e+01 7.035853729372523446e+01 6.555433833214054573e+01 6.367430253788275252e+01 6.546280505657978210e+01 5.309583205615734158e+01 5.483134137136783437e+01 3.478768400337715860e+01 5.225036586872219146e+01
7.220416278991723402e+01 9.072682320372139486e+01 8.817664747648254320e+01 6.797828136761020801e+01 8.817664747648254320e+01 8.426176672905575060e+01 6.406846728571032656e+01 8.426176672905575060e+01 9.685334069095685550e+01 1.038469280444506779e+02 8.385424074582928711e+01 6.366269790939055895e+01 4.944684821608101544e+01 4.237490152456658876e+01 5.400713540022606907e+01 6.822037982703628245e+01 6.034895258376275962e+01 5.054340847395431524e+01 6.465923200150609773e+01 6.704742830878778648e+01 5.121112045791539202e+01 7.127787071136533825e+01 8.093894468815148002e+01 8.925073265896936903e+01 9.822576860643657426e+01 1.065262704077937741e+02 1.181206116184095123e+02 1.083898790401711523e+02 9.885701296797611803e+01 9.048929640478795022e+01 7.975071408291503872e+01 8.378089582385329948e+01 8.154710287817897552e+01 7.319656262992778295e+01 5.685384541307362838e+01 3.673423256886751886e+01 5.685384541307362838e+01
9.249109405231673975e+01 1.009317988336387657e+02 9.650394598481653929e+01 7.807909595385717694e+01 9.650394598481653929e+01 9.189911844113981942e+01 7.169258513583199033e+01 9.189911844113981942e+01 1.016544270867699709e+02 9.001630095054868264e+01 8.168167342756564153e+01 6.916114246986799685e+01 4.904144112380900111e+01 4.440393246723196796e+01 6.449459356606409699e+01 8.247726953404360017e+01 7.901224796977795961e+01 6.476238411142151108e+01 7.067089951077542764e+01 7.762637893131326905e+01 5.755063321197652471e+01 5.614702935759630975e+01 7.621932938749436914e+01 8.659555820329066478e+01 7.808165328547519835e+01 8.972039174867781242e+01 1.098443294628952884e+02 1.143154018873499354e+02 1.060081227321409330e+02 1.060081227321409330e+02 9.993120258652551513e+01 9.509846274446456960e+01 7.492214415035385855e+01 6.058271260087707333e+01 4.870739994475750478e+01 3.864347640891216429e+01 5.892416001172510676e+01
1.079207374037600999e+02 1.137285301384228546e+02 1.065808310745172633e+02 9.827419899910782419e+01 1.065808310745172633e+02 1.002204121546368185e+02 8.599239542212023935e+01 1.002204121546368185e+02 9.334031357718879462e+01 7.314695649087906304e+01 6.150070416687029251e+01 5.613005196584774126e+01 6.655736463806675829e+01 4.645317230957746091e+01 6.655736463847277662e+01 7.636984530483880462e+01 8.471120508373269331e+01 8.493531752138598279e+01 9.083307871477717299e+01 8.473198609317665841e+01 6.463429405877140255e+01 7.621932938749471020e+01 6.132194077756453510e+01 6.649132302735593214e+01 7.545935152596636897e+01 8.709317144639263120e+01 1.072322289004427347e+02 1.060081227321409330e+02 8.599669602103010391e+01 8.599669602103010391e+01 9.657464571304478795e+01 9.309833466792531453e+01 8.489372665714083155e+01 7.316310752076313406e+01 6.108381680868777863e+01 4.059997564604807962e+01 6.108381668078481397e+01
8.807093097831307205e+01 9.388480467508627214e+01 1.047840897344832740e+02 9.657553062783986775e+01 9.766877147845578122e+01 1.058766905147661248e+02 1.061592092628383455e+02 1.067249931885664012e+02 8.657476784069584141e+01 7.228111358229276107e+01 8.168167342756564153e+01 7.628808251995569378e+01 6.901579614196262469e+01 4.889439139894346198e+01 5.211339389641769060e+01 5.620632366459750529e+01 7.636947093390277530e+01 9.125165837038639438e+01 1.028859066519784591e+02 9.304988607653139354e+01 7.360224813291307555e+01 8.746778995612433505e+01 6.735868605834106404e+01 7.771232958236952015e+01 8.659555820329279641e+01 1.039110077975103508e+02 1.155135985953076698e+02 1.060081227321409330e+02 8.599669602103010391e+01 7.188923895384256468e+01 7.659172464290500670e+01 7.848233466193296692e+01 6.486478013859553471e+01 6.478524074372774066e+01 4.417658446648623993e+01 6.108381680868617281e+01 4.647672214940051560e+01
7.400966544593943297e+01 9.321941392317118869e+01 9.332311404887457229e+01 7.671054735029740357e+01 7.780604017629123348e+01 9.185945634731045573e+01 1.116936988561661224e+02 1.089179105590723537e+02 8.878153921292252448e+01 9.247663220265002337e+01 8.967315586802348548e+01 6.947830574721605501e+01 5.523185387700874571e+01 5.187681931750444875e+01 7.201831244159444623e+01 7.636984530483880462e+01 6.273063630530094770e+01 7.438278821315645928e+01 9.458140226988294330e+01 1.020439381827275298e+02 8.522576298628989377e+01 9.418249755378441535e+01 7.403837476080435920e+01 9.418249755378441535e+01 9.783368447563161396e+01 1.149958261428734261e+02 1.139087780952427948e+02 1.055993778080995469e+02 9.803462953298715377e+01 8.244458671643343450e+01 6.245275846763567529e+01 5.830564799529788189e+01 6.859167556311932401e+01 4.809339673307977847e+01 6.478524074372774066e+01 7.160789259375353311e+01 5.118907489683286371e+01
6.509261530889691016e+01 7.561365122046862552e+01 7.662421805810096487e+01 6.521381624100455099e+01 8.510647718510320203e+01 1.018428318550672742e+02 1.132942474941655604e+02 1.172001278502851704e+02 1.031235133887190614e+02 8.283271893234822869e+01 7.114663170912943713e+01 6.212736140164097520e+01 7.509268408650927995e+01 5.493267948593285865e+01 6.917884317908415426e+01 8.936995863504492377e+01 7.700674544680579459e+01 7.096306222049342693e+01 8.526256960894116332e+01 1.054298364317454002e+02 9.948543948851771290e+01 1.024916271245045891e+02 8.410542285338668478e+01 1.024916271245045891e+02 1.179005023356756396e+02 1.197832928577922615e+02 9.972420782696899266e+01 8.558493514134744373e+01 7.805350974601702774e+01 7.140690813079442023e+01 8.227310069615323584e+01 7.238230456526974876e+01 5.256980300712086063e+01 5.549042714223929096e+01 7.567764463826875954e+01 7.683877526115617229e+01 5.657965378961461766e+01
6.709008375278904168e+01 5.562411363030727074e+01 5.667582852113147140e+01 6.485216162563322939e+01 7.376119064223944122e+01 8.524412234584750081e+01 1.050910458463557404e+02 1.131163657747259919e+02 1.114156660988609815e+02 9.972604869255354743e+01 8.841752897240552045e+01 6.820240744838756086e+01 7.832346436005391865e+01 5.814724636569224714e+01 6.978546217180719680e+01 8.998659195461323179e+01 9.719662347906430000e+01 8.000427696091075802e+01 8.526256976024090761e+01 1.054298559608474477e+02 1.195476169318583146e+02 1.125473761463148179e+02 1.042595722541822170e+02 1.125473761463148179e+02 1.108056204294654492e+02 1.165921747305526281e+02 1.139087780952427948e+02 1.055993778080995469e+02 9.455594570938215782e+01 7.472171242748937914e+01 6.656754835712111174e+01 5.984502513248256861e+01 7.258086553946517938e+01 6.447528880374626681e+01 8.387417268785979729e+01 8.520441429507506825e+01 6.568411511807140357e+01
4.691364339699898522e+01 5.006827665091767443e+01 5.443885309084893009e+01 7.440907993571492796e+01 8.583205239445722157e+01 9.133882121595760850e+01 9.760863359757317426e+01 9.387387121708256643e+01 1.130895616617883661e+02 1.085800381702286046e+02 8.841752897240552045e+01 7.583637124646847383e+01 8.178598614251767174e+01 6.159618625582734097e+01 8.178598589265985197e+01 9.830982563530326956e+01 1.085023966019043513e+02 9.169204850436901211e+01 1.054298559608474477e+02 1.137184300240637498e+02 1.172615559862533274e+02 1.150837620468832370e+02 1.168924157382192419e+02 1.053740872943454434e+02 9.172205698374740734e+01 9.731150330779462365e+01 1.132831445786854943e+02 1.085249694475916016e+02 8.876978662390412467e+01 8.645865387938796687e+01 7.984606165792152410e+01 7.421240951807122599e+01 7.958737431331201151e+01 7.581075448531157690e+01 9.255919797033108409e+01 9.423207042665785593e+01 7.732866020339163526e+01
6.327747797652436645e+01 7.015249745598156039e+01 7.440907993571492796e+01 6.096309110998456049e+01 6.595218879056848493e+01 7.147542746278226389e+01 7.777088598096243288e+01 8.924053284838765876e+01 1.089934735134068546e+02 1.088247893747842312e+02 8.864529683560239448e+01 9.606215768474640981e+01 8.541422606838754916e+01 6.521303900316087265e+01 7.423924148262656786e+01 8.854968313204554420e+01 1.087116227017762782e+02 1.118273555289574261e+02 1.200998212689168270e+02 1.172615559862533274e+02 9.750222075002243116e+01 9.534751273670244132e+01 1.045342930442188560e+02 8.987748750065418335e+01 7.910195784051620649e+01 8.644819079532130957e+01 1.051361080159928889e+02 1.166920130129923621e+02 1.085249694475916016e+02 1.062360898051245073e+02 9.972979064138279170e+01 9.549304428395464583e+01 9.870630731860568119e+01 9.573438541459225348e+01 1.041139147721629570e+02 1.058936984633002822e+02 9.752132580294963304e+01
5.741615897207833541e+01 7.742795381045324632e+01 8.908400043211754848e+01 8.086382144247214399e+01 8.583205239445722157e+01 9.133882121595760850e+01 9.760863359757317426e+01 1.058086069842808996e+02 1.171211031657930732e+02 1.171080666264587080e+02 1.029468929441170957e+02 1.012057684881281716e+02 8.100031960597172542e+01 6.932734176050543340e+01 8.954014713691795180e+01 9.445497851014627599e+01 1.145746196202952802e+02 1.128228206947075307e+02 1.044140535660070555e+02 1.044140535660070555e+02 1.011281263244660806e+02 8.155279480468887243e+01 8.491968614973353624e+01 8.987748750065416914e+01 7.197825957542545439e+01 8.987748750065416914e+01 9.544444611476977514e+01 1.042232177302877858e+02 1.010342814027423941e+02 9.308986601376709302e+01 1.010342814027423941e+02 9.674317148823588752e+01 8.903793176586835045e+01 8.685631884893282972e+01 9.456463942618984220e+01 9.207101672064068509e+01 8.408788940353714736e+01
7.742795381045324632e+01 8.566004189029921179e+01 8.415144089631283464e+01 8.751148831903698522e+01 8.850446361177712618e+01 9.672453445940496408e+01 9.912303085859677765e+01 1.012932142808652713e+02 1.095066926761725057e+02 1.184484544616728385e+02 1.230152866559252658e+02 1.095046231764794982e+02 9.786756905379051830e+01 7.836380275475802648e+01 7.724997852091367179e+01 9.157046605628558211e+01 1.117188696839951803e+02 1.044140535660070555e+02 8.486569233814594782e+01 8.486569233814594782e+01 9.463987295867204352e+01 9.066467149881989940e+01 7.113253535817251816e+01 8.509371761608407780e+01 6.706653023359305621e+01 8.025857488911640303e+01 7.436080923258593600e+01 9.544444611476977514e+01 9.164750038149429656e+01 7.448445534819154545e+01 9.164750038149429656e+01 8.650667172137336536e+01 7.054209095334860535e+01 6.813261472191955193e+01 8.377381052717289833e+01 8.089304233061038474e+01 6.469068310716831149e+01
8.502968026058928785e+01 7.695880821064038457e+01 6.427256763028584885e+01 6.763318644567722515e+01 6.862260807825906284e+01 8.092520502838517871e+01 7.925266339254108061e+01 8.142705025632680815e+01 9.038811664432260784e+01 1.036944784107544848e+02 1.119064234654822769e+02 1.150105568593739775e+02 9.488971165190613988e+01 9.858197034184908603e+01 8.365251629278328949e+01 1.038628727084963685e+02 1.101740599381614061e+02 1.019430716266079457e+02 9.059127476510882104e+01 7.172733220513441665e+01 7.557546879442293175e+01 8.474994173253058705e+01 6.519135567276099152e+01 8.100420492134357175e+01 7.079322323666531247e+01 6.028513649604649771e+01 8.053606350330271368e+01 9.510671797205611711e+01 8.378716068097934055e+01 6.521765421437075361e+01 8.378716068097934055e+01 7.900717305761939713e+01 5.939286370445576324e+01 5.686205407153989455e+01 7.531991982332640134e+01 7.215460783043999982e+01 5.326266319201651811e+01
7.371273818110128673e+01 5.712558645707506599e+01 5.020129565806846728e+01 5.357470931941223569e+01 5.714728978336007970e+01 6.104139725766825819e+01 6.518255008742544021e+01 7.049912729998432326e+01 7.679733596081652536e+01 8.383627562629341412e+01 9.531059427302407983e+01 1.151471350154301092e+02 1.150105568593739775e+02 1.109931188677594918e+02 9.082573722475572708e+01 1.109931188677594776e+02 1.019430716423159140e+02 8.236777484686329842e+01 8.810124653609496193e+01 8.115930349485037709e+01 6.225083811458195981e+01 7.391019913174143596e+01 5.968128278256138231e+01 7.190009847555909062e+01 5.454409546656383867e+01 7.426815912572149614e+01 8.929201348143683958e+01 8.720838126046125183e+01 6.855710371295374728e+01 5.896569364607504582e+01 7.759732519210983526e+01 7.790871515842120232e+01 5.932220136284719558e+01 4.798541529630188762e+01 6.092586689898050878e+01 6.411165219956424721e+01 4.437643903167263204e+01
6.128357298902567862e+01 4.560786224792979482e+01 6.553146427297870957e+01 7.345540626591110822e+01 7.702566896751113745e+01 8.092520502838517871e+01 7.667210876515083839e+01 9.038811664432259363e+01 9.667352035951091693e+01 1.036944784107544848e+02 1.119064234654822769e+02 1.233568309373790868e+02 1.251558906219568286e+02 1.051267067263763693e+02 1.109931188676227691e+02 9.947437809820644361e+01 8.566720025367652624e+01 7.597288424842513166e+01 6.859220093434417720e+01 6.310782199816191707e+01 5.777939848596442118e+01 5.418250975544711423e+01 6.975253670495209235e+01 5.213274561482075597e+01 5.075648441991122439e+01 7.054066146245453695e+01 8.644382195362538823e+01 8.604598404774584708e+01 7.197967691298731552e+01 5.323047887262232791e+01 7.197967691298731552e+01 8.560713130878914967e+01 7.519374617744971090e+01 6.054460336360519079e+01 4.124638066997656694e+01 5.470260360627218432e+01 4.002893135406936409e+01
