LEM/with_lateral_4open/elevation_000592.asc
nrows	100
cellsize	150.0
xllcorner	0
ncols	100
yllcorner	0
NODATA_value	-9999
[rows 34 to 50 of 100, columns 37 to 73 of 100]
4.903680129529149667e+01 6.202648531629077411e+01 7.973930870747641109e+01 6.598131105938266217e+01 5.682018827775686276e+01 4.099949302196134227e+01 4.938386418619018059e+01 5.955935528486525499e+01 7.974152961090220515e+01 8.806666894599710815e+01 6.825266078393721614e+01 6.847494166150156047e+01 6.847492765753747790e+01 6.384447916406357848e+01 4.358227736053081003e+01 6.387664473472132443e+01 5.860672413827575866e+01 7.846025561866549936e+01 9.045452403444944878e+01 8.226687960798605559e+01 7.054274185380891993e+01 9.035533819318837345e+01 1.038120203461745206e+02 1.136310853847985385e+02 1.039717306998430359e+02 8.404570277210872575e+01 7.265361144271982141e+01 6.649243207705393388e+01 6.088676228226727716e+01 7.472494721600122602e+01 8.294388337333802497e+01 8.206469402159339666e+01 6.754783373971079641e+01 4.785776514692415162e+01 4.639063876442315149e+01 6.667719549229738618e+01 8.156752902430451968e+01
5.536296597633004524e+01 7.526782705567966048e+01 8.847772457094481524e+01 7.416331900656213350e+01 5.428725550103732189e+01 4.406850195575746199e+01 6.422384685604144750e+01 7.764939755254879117e+01 8.801571236530325848e+01 9.618100872088658093e+01 8.230815810760337570e+01 8.829555863648374725e+01 7.486141520278602002e+01 5.486652858354609208e+01 4.569690448500301017e+01 4.686887126136711856e+01 6.704612026276812742e+01 7.277677025079573525e+01 7.658234717521150969e+01 6.245117695792794876e+01 6.904623551529107317e+01 7.602164932027739042e+01 8.585857548990770738e+01 1.054746609435609770e+02 1.122679283857901424e+02 1.007462530259192732e+02 9.246743311188554060e+01 8.620175254918930818e+01 7.472494721600122602e+01 5.511636811839177597e+01 6.938816795265157111e+01 6.670717485428514237e+01 6.407884666637819748e+01 5.627376485939385020e+01 4.204583785552896558e+01 6.235207777810677499e+01 7.865106874339498688e+01
6.242418219898081588e+01 8.236341306735292278e+01 9.319252523129844690e+01 7.403607732586382895e+01 6.730990250880127235e+01 4.737482182946832410e+01 6.744335116550047360e+01 8.176563934244893517e+01 8.978202457194443298e+01 9.846796080771596849e+01 1.019689426385278210e+02 9.109082172815978140e+01 7.121393932060267673e+01 6.801896182714673955e+01 4.788097900317099231e+01 6.704612026274513426e+01 5.033345762463637385e+01 5.279634590753818202e+01 5.669665321507656586e+01 7.658234717632453226e+01 8.826798892962609955e+01 9.566661821673440613e+01 1.038120203461745206e+02 1.136310853847985385e+02 1.105948790860901454e+02 1.006212228996954536e+02 9.234342052087015418e+01 8.533906341838955711e+01 8.007556140810000045e+01 6.938816795265157111e+01 4.968697266802008983e+01 4.691865896077639775e+01 4.421639277681970981e+01 4.163249377566191356e+01 3.912568257751581058e+01 5.064053836758051119e+01 6.350335866506131310e+01
7.239452048021718156e+01 9.060149011977274824e+01 9.056588855721871312e+01 7.107015194831856775e+01 5.697361694641834617e+01 5.267256502420644182e+01 5.570467674121447033e+01 6.208425346279508972e+01 7.100065297690034072e+01 8.483852590902228030e+01 1.040816174555348681e+02 9.929124406482529253e+01 8.420478865431847737e+01 6.430412992952219042e+01 5.007835808315319781e+01 7.013289791993162225e+01 7.038865279038128620e+01 7.277677027330007320e+01 5.729792785362472074e+01 6.067426836923787192e+01 8.022196814850532576e+01 9.361735860913442764e+01 1.086429354519155908e+02 1.168779136219319952e+02 1.023017216461417007e+02 8.238511939559850816e+01 7.253210690080545930e+01 6.564484224129017775e+01 6.045644791755243119e+01 5.556092963114600991e+01 6.938816794991508630e+01 6.670717485428514237e+01 5.576139174717692981e+01 6.156231975802045042e+01 5.643938712584143502e+01 3.647009834646105020e+01 5.159350073432119643e+01
9.233230565448867821e+01 1.005592124665591882e+02 8.912539823757575164e+01 6.960611725185749776e+01 7.678032099683848344e+01 5.809598734748508519e+01 7.554183862359482760e+01 8.176563934244893517e+01 8.978202457194443298e+01 9.846796081948143353e+01 1.044133693761886263e+02 9.735684925626631525e+01 8.400532006128354112e+01 7.228786747644211630e+01 5.230676764517108523e+01 7.101689711687669160e+01 8.590830564611877662e+01 8.510274490595114116e+01 6.696573550292238508e+01 8.022196814850532576e+01 6.558663208575255510e+01 8.531609306992980635e+01 8.851635719991560336e+01 1.063315558161994829e+02 1.105948790860901454e+02 1.006212228996954536e+02 8.168959957274503836e+01 8.533906341838955711e+01 7.154447617486033550e+01 6.938907394007283358e+01 8.339156324591755265e+01 8.368057716831842185e+01 7.545791475543590821e+01 6.862964664598955267e+01 4.881004416649616928e+01 3.465268126819135119e+01 5.207200580292278147e+01
9.721759062407441832e+01 1.018110249277759181e+02 9.713191650924338205e+01 8.347365293957247445e+01 8.407651984369928755e+01 6.444740460365783008e+01 7.430212454499103103e+01 9.374113039838056238e+01 1.052102776897403231e+02 9.702038519187119903e+01 8.457505091151298870e+01 8.479546029781747052e+01 7.005497602989660777e+01 5.601439331032938185e+01 7.201147196608630452e+01 5.838714680003874236e+01 7.849433690888676551e+01 9.502220472890667224e+01 8.086758251052496860e+01 9.166667203004934095e+01 7.158437805532808795e+01 7.211164459542604277e+01 7.777935086987501734e+01 9.218725133647647851e+01 1.122580953720767525e+02 1.098674107933822341e+02 1.015773153662430701e+02 9.957458780171687351e+01 9.130606917879593709e+01 8.912913718969251420e+01 8.706467196048257051e+01 7.883987867514836978e+01 7.883987734754029475e+01 6.623715523950542661e+01 5.727977288115924637e+01 4.836287338324333263e+01 3.211815545882385692e+01
7.844652485740478198e+01 8.291209192853260390e+01 1.018110249277759181e+02 1.027699183870938526e+02 9.095664201943380078e+01 7.149671783601851871e+01 9.095664201943380078e+01 1.017459036628297611e+02 9.702038519187119903e+01 7.711590920369214075e+01 7.045676482490142689e+01 6.494962461108190155e+01 5.982917593977920490e+01 7.592141458017971445e+01 8.278059128461914895e+01 6.295957292124450788e+01 8.291176894297451838e+01 9.895143405501019629e+01 1.009210307709300025e+02 9.883731579428936698e+01 7.855567246962075956e+01 9.220965312338331898e+01 9.806586545036623193e+01 8.869210824410838256e+01 1.088300459113934409e+02 1.104927515626804961e+02 1.021900800497495396e+02 1.018284546896595515e+02 9.354724139161770324e+01 9.551409419931204070e+01 7.883987804986446690e+01 5.926182909941131527e+01 5.926182909855580760e+01 5.806891787069485389e+01 3.823253908130809720e+01 3.545870748058152344e+01 5.085924426716298541e+01
6.800635915535283971e+01 8.255427532744538155e+01 8.939522052408106845e+01 9.765633314530380460e+01 9.894120838102787729e+01 8.283133984544659256e+01 9.894120838102787729e+01 1.110064756430812167e+02 9.122715684240307610e+01 9.702038519187119903e+01 9.038555986247816065e+01 7.449273632748480622e+01 6.300664523769531655e+01 8.290010883233655647e+01 9.113624823864321911e+01 7.707629215347611762e+01 7.077338086682001972e+01 8.492769046504302821e+01 1.047908143126051499e+02 1.070987953983962910e+02 8.877047567343971934e+01 1.070987953983962910e+02 1.170497290016005678e+02 1.004258535193395261e+02 1.170497290016005678e+02 1.021900800497495396e+02 8.227645424270954777e+01 8.810902020358014397e+01 7.378758473623726388e+01 7.741354929219366454e+01 6.759662725022003826e+01 6.499610319372976619e+01 4.533883706371927502e+01 4.235258908807314526e+01 4.256395547480016006e+01 5.685323528516897795e+01 6.439534465867829738e+01
6.144268123934839565e+01 6.440860293081334476e+01 7.063183741390641046e+01 8.376768537105139956e+01 1.032464222795599937e+02 1.020560112025252266e+02 1.100553736352425318e+02 1.191933985370774565e+02 1.110064756430812167e+02 1.141649583989020300e+02 9.438479325304261636e+01 8.631567045194881871e+01 6.639974532938251173e+01 8.631567045194906029e+01 1.008656868633798354e+02 9.699985615109517312e+01 8.492769046504302821e+01 8.148367240258623667e+01 1.013810724273265294e+02 1.171228863106882443e+02 1.089041559151388725e+02 1.171228863106882443e+02 1.285185065938733260e+02 1.203103862172308709e+02 1.121875445820949011e+02 9.219261551740409288e+01 7.816904575605214234e+01 6.840367154030300867e+01 6.307415880157444121e+01 5.794271322809146341e+01 5.388886604574140904e+01 5.000835144849943248e+01 6.499610666828593253e+01 6.209779772738821890e+01 4.836648795521146837e+01 5.880192752053206107e+01 7.854347115110113009e+01
5.680012852203775253e+01 7.444517940922730759e+01 8.870720332568329525e+01 8.943780806471281153e+01 1.089278649559042691e+02 1.078451916372177948e+02 1.159628317318717592e+02 1.173771032169939872e+02 1.255614612985240370e+02 1.102488090291282958e+02 9.047072007727068410e+01 7.636775269153903878e+01 7.303250783958405634e+01 7.392613706001482399e+01 8.100518805031450142e+01 1.008656868633798354e+02 1.047908143126051499e+02 9.559439141770226911e+01 9.775685710809587192e+01 1.175069813158809495e+02 1.175951107026484976e+02 1.095193338760798696e+02 1.175951107026484976e+02 1.229572676057312322e+02 1.148475894097798857e+02 1.063470219130623917e+02 9.638460290269507880e+01 8.227645424270954777e+01 7.378758473623726388e+01 7.741354929219366454e+01 6.043628044244596964e+01 6.953625253541946449e+01 6.953625140775947955e+01 7.406810644866924065e+01 5.437271533616161889e+01 7.406810701220722137e+01 8.677806663304872359e+01
6.950604481520308298e+01 8.186889214017774918e+01 9.555249063005373955e+01 8.773475740451145555e+01 9.215812439418435531e+01 8.863253648413764552e+01 1.037107991350842724e+02 9.805003063684254982e+01 1.173771032169939872e+02 1.102488090291283100e+02 9.047072007727068410e+01 9.626358821235909602e+01 8.011153545180106050e+01 8.287722776344834585e+01 1.008656868633798354e+02 9.508595991561428207e+01 1.148191820474884111e+02 1.153513562018882226e+02 1.175069813158809495e+02 1.169165381648494986e+02 1.079671719643243790e+02 9.036318761977804570e+01 1.079671719643243790e+02 1.117842357512903817e+02 9.558904068248888564e+01 1.117842357512903817e+02 1.104927515626804961e+02 1.018284546896595515e+02 9.354724139161770324e+01 8.822007301804450208e+01 7.013069883853482622e+01 8.822007301804450208e+01 8.921350770173006595e+01 8.228632497768066401e+01 6.573601561487173228e+01 6.828855826829594378e+01 8.802117197415431349e+01
6.208931509951101901e+01 7.595584058990579024e+01 8.136565718437968542e+01 6.749314181981540628e+01 7.261733381259014664e+01 7.853331706590292072e+01 8.466328026361337322e+01 9.805003063684254982e+01 1.173771032169939872e+02 1.184352558163964488e+02 1.102488090291283100e+02 1.074585791588355903e+02 8.767954594353236075e+01 1.027165168463048985e+02 9.909700607901839930e+01 1.148191820474884111e+02 1.230089389889250668e+02 1.270427985109560467e+02 1.189235257590577532e+02 1.088438044478063915e+02 8.967912266059633453e+01 8.086252007278368126e+01 9.994126074792889369e+01 1.037286611178768538e+02 8.450204876917020158e+01 1.037286611178768538e+02 1.186365627502727165e+02 1.127275169138054736e+02 1.043114364207945783e+02 9.811348027211840872e+01 8.984136873846611593e+01 9.811348027211840872e+01 9.528588477954475877e+01 9.370434945506033841e+01 8.544995552762121349e+01 8.802117197415431349e+01 9.628409168706544108e+01
7.595581980940785627e+01 6.979935449872526476e+01 6.059316993286778796e+01 8.107044143394765001e+01 9.202615378451497463e+01 9.768744479419541449e+01 1.037107991350842724e+02 1.118057459676833076e+02 1.125869002429845125e+02 1.183122167581334310e+02 1.207943256338612628e+02 1.156356508719547804e+02 9.913656855967816739e+01 1.156356508719547804e+02 1.188248484282133290e+02 1.270410541411889511e+02 1.199103566253073581e+02 1.118268270821335904e+02 9.972955948464246489e+01 1.071301308169387170e+02 9.319590729398159112e+01 7.431346398274256160e+01 9.319590729398159112e+01 8.879290381429336776e+01 7.784543619912459178e+01 9.129081526124805634e+01 1.051180351076790060e+02 9.666802857329015808e+01 8.368553822372787465e+01 9.619831716740824845e+01 1.046497646547520617e+02 8.956612934873129461e+01 7.556590705176004974e+01 8.025720703890766572e+01 8.847683537541257692e+01 9.010973377380580018e+01 8.189201742703284026e+01
8.826002734886147039e+01 7.714686850794936390e+01 5.605205564628897008e+01 7.959246889423801008e+01 9.093431847169388504e+01 9.460261953976443294e+01 9.505396560431925934e+01 1.029495907837861637e+02 9.376017482771790412e+01 9.927439503431241974e+01 1.015431646682490481e+02 1.152780369335729631e+02 1.188266570478481157e+02 1.270183339122615251e+02 1.238459755937198565e+02 1.157620726710756003e+02 1.118251228597922449e+02 9.267561653394486143e+01 8.872719509047371389e+01 9.910098709303780140e+01 8.007620203401148729e+01 6.963007287030220027e+01 8.340512239483830115e+01 7.027127136822507225e+01 8.316023501628072268e+01 1.023207299329039159e+02 9.666802857329015808e+01 7.602028197760758133e+01 7.173266533408286705e+01 7.553943574672491934e+01 9.276552264320919505e+01 8.134175480338043940e+01 6.179649772612432201e+01 6.072494248330833244e+01 7.714717254507480959e+01 7.877632081558815003e+01 6.234865498192579025e+01
7.684114613111751169e+01 6.908798734277424103e+01 5.197744560060722563e+01 6.541794296488777150e+01 7.748139395251004657e+01 7.630002009094640414e+01 7.692712413285195794e+01 8.778760338733967217e+01 8.111218272819714059e+01 9.555869819016386657e+01 8.880412099904451395e+01 1.071816991693631422e+02 1.202301023136133580e+02 1.238459755937198565e+02 1.127321649935872045e+02 9.662281052546022408e+01 1.127027685688253911e+02 9.828468223662079595e+01 7.920249484735525414e+01 9.761690664732846301e+01 9.120328563512867959e+01 6.568539879056353925e+01 6.872155499620870955e+01 6.601143346897302422e+01 8.207850692187815866e+01 1.048267525857580864e+02 9.594694915160104642e+01 8.206786693926162002e+01 6.155422401629622442e+01 6.371880945863588153e+01 8.358014542271966718e+01 8.281387577402637135e+01 6.325017294690360359e+01 4.932163972780660544e+01 6.095465527696063646e+01 6.911463311387018393e+01 5.098220687033332865e+01
5.912282137844690766e+01 4.870276355775528998e+01 6.666331367969735311e+01 5.623200652235272656e+01 5.934413968136858131e+01 6.256728066050538928e+01 6.593253941547271779e+01 6.957761605069116229e+01 7.381012763069080052e+01 7.806706965071373361e+01 8.312545079599935605e+01 9.315226592027525498e+01 1.120551358090058898e+02 1.157620726710756003e+02 9.662281052546022408e+01 8.559782782258140799e+01 9.570129156050752783e+01 9.131952053909871836e+01 7.325701841950565552e+01 7.857382491724214901e+01 8.133912962219390863e+01 7.865066880341794331e+01 6.026483585473940252e+01 7.903449291093257045e+01 8.681455833003235512e+01 9.477443187250393919e+01 8.746381741346145589e+01 6.688197207150763290e+01 5.526362312219297479e+01 5.477714251432725234e+01 7.507972924175017226e+01 8.202227500388617898e+01 7.482702753968641218e+01 5.520853054344130584e+01 4.100519126892389465e+01 5.430483394094866867e+01 4.191598041528829555e+01
4.555891815395312960e+01 6.535672359248381724e+01 7.296719751230911299e+01 7.605814800739788950e+01 7.883663426444780953e+01 7.492553795761568836e+01 7.538534046318316939e+01 8.778760338733967217e+01 7.845355527833318376e+01 8.497422739463240760e+01 9.775427533807213365e+01 9.315226592027525498e+01 1.120551358090058898e+02 1.160037073847405082e+02 9.685266934578510245e+01 8.334135173698641097e+01 7.659996460142004082e+01 7.231159362269509927e+01 6.875911421387165490e+01 6.533491712144518715e+01 6.250089626694744993e+01 5.989678365497540113e+01 5.734043895142897185e+01 7.346266185460433462e+01 6.793213680099745488e+01 8.681453917165720213e+01 9.265594303941740861e+01 7.205843854278516858e+01 5.771205379858113815e+01 4.780119102067784098e+01 6.252959898722512833e+01 6.160794111267176731e+01 7.605515643324598329e+01 6.911463311385652730e+01 5.430483394094866867e+01 3.441267209384148629e+01 4.851175633224299588e+01
