LEM/with_lateral_4open/elevation_000492.asc
nrows	100
cellsize	150.0
xllcorner	0
ncols	100
yllcorner	0
NODATA_value	-9999
[rows 34 to 50 of 100, columns 37 to 73 of 100]
6.177487876819780865e+01 7.595034501154611917e+01 6.753807009351406521e+01 4.740726384832326090e+01 4.252635609946101169e+01 6.273571006078336154e+01 7.717660528039228041e+01 8.714501947645176472e+01 8.277903579832528180e+01 8.427627071847099671e+01 7.015216095799289064e+01 8.029812099565947392e+01 7.029219810944842095e+01 5.940927368557912303e+01 3.929641891648490315e+01 5.672398112671132253e+01 3.953033655090042231e+01 5.965979610372139774e+01 5.885839944102870192e+01 5.469590165927714764e+01 7.475621609405436629e+01 8.522307049040701088e+01 9.351045079929009773e+01 8.260039344000216488e+01 8.260039344000216488e+01 1.025430043601245984e+02 1.057420092237853027e+02 8.570538660850077406e+01 7.157647281589875377e+01 6.450575579636391410e+01 6.012118671023007010e+01 7.447772605777849719e+01 7.392987756612438943e+01 6.223355178675435440e+01 4.160850357792787690e+01 3.962809127775960860e+01 4.158586549531409560e+01
8.179952218448971735e+01 7.696900121532303274e+01 5.696297516792005666e+01 6.753807009351406521e+01 4.843333063375818881e+01 4.883799932908410568e+01 5.894904419238903159e+01 7.310718363153347354e+01 9.298388786383853244e+01 9.840116685547185682e+01 8.613858755040834581e+01 6.616536899489911150e+01 5.199727331641825145e+01 4.197363460203070673e+01 5.940927757407878573e+01 6.758497849501540600e+01 5.963948276450510377e+01 4.242224361695151202e+01 4.453251778289910590e+01 6.472605887683465653e+01 7.048861629800283879e+01 6.525950851143147702e+01 7.903858101232192723e+01 6.849495391279286594e+01 8.260039344000216488e+01 1.025430043601246126e+02 1.050139449427554297e+02 8.498169097190556442e+01 7.344774999508449298e+01 8.450379191581681937e+01 7.427872033717925149e+01 8.844424297605397101e+01 6.909209831403994428e+01 5.474332899125082719e+01 5.066829738993511967e+01 5.690507363209463421e+01 3.706237378044473729e+01
8.846191741977082756e+01 6.855560262653565928e+01 7.696900121532303274e+01 5.748836395313665548e+01 6.854000776345384338e+01 6.893901704167384992e+01 5.649751647661095433e+01 6.808612937524546282e+01 8.799069099768637159e+01 9.460745810480788975e+01 8.310768581085017104e+01 7.480241232724405620e+01 6.388481231431346430e+01 4.385805466678238673e+01 6.389085900098162796e+01 7.677238429478727255e+01 5.671105321868873261e+01 6.258543408925298479e+01 6.468347470084651718e+01 4.784195168038892376e+01 5.039076528454322101e+01 5.366011202489870158e+01 5.905259888397979751e+01 7.060915403109696342e+01 8.471032484586601186e+01 1.046598053624386750e+02 1.133479481754812781e+02 1.017674721652633139e+02 8.343605655957040312e+01 1.017674721652633139e+02 9.428991196370978400e+01 9.754357265208938088e+01 8.331783548306466969e+01 7.471671186207888127e+01 6.692272263340876748e+01 5.641813976458850988e+01 3.653291964050933416e+01
9.666617211045964098e+01 8.007697973066552777e+01 8.412430773399005091e+01 6.419431079735720402e+01 8.412430773399005091e+01 8.280418041997572232e+01 6.286477439904334119e+01 8.280418041997572232e+01 9.619451254825831654e+01 8.632253146745614458e+01 6.636400662502123282e+01 5.479071180070635450e+01 4.658324698348268811e+01 6.387076534369430902e+01 6.388321420811692519e+01 8.382494384713871227e+01 7.091911114618689282e+01 7.743023098005056681e+01 5.741337239894590283e+01 6.799578468173498891e+01 7.048861629800283879e+01 5.637754884942969369e+01 5.988178237329793774e+01 7.986363674337377461e+01 9.479995673765760955e+01 9.542621549737431508e+01 1.154172107000418208e+02 1.117932562709533073e+02 1.034605788808502780e+02 1.117932562709533073e+02 9.851687929217035844e+01 8.692082133829829615e+01 7.859642071873882685e+01 7.137872692507389161e+01 5.926236460642459747e+01 3.927925770205622769e+01 5.632697505795376713e+01
1.081110219014908864e+02 9.991595531223825333e+01 9.233221816995552444e+01 7.419282496499704393e+01 9.233221816995552444e+01 9.101354780718307325e+01 7.181718782654419897e+01 9.101354780718307325e+01 9.977794162544550716e+01 8.825396543052193010e+01 7.312590089768686141e+01 5.310769110554520012e+01 4.881213696186059536e+01 6.885571968014848210e+01 7.764968033989235607e+01 8.593069534967715128e+01 9.091057971234769752e+01 8.570508760233686019e+01 6.639862053790672292e+01 8.570508760233686019e+01 8.064916520707294012e+01 6.067168468078760668e+01 7.986363674337377461e+01 6.656315028301018799e+01 7.549762742782955627e+01 8.958151831256797948e+01 1.095365627088976055e+02 1.107264827752015606e+02 1.023867415690667571e+02 1.006885421404916627e+02 9.018572514009434826e+01 7.011246108378946928e+01 5.850835092426605399e+01 6.305493359937527487e+01 4.298654482856250070e+01 4.237344006359143833e+01 6.242835429604875941e+01
1.017605430296659108e+02 1.039404534494767063e+02 1.022529817374269214e+02 9.405579050298314314e+01 1.022529817374269214e+02 9.989139006317903124e+01 8.589093969800637751e+01 9.989139006317903124e+01 9.149235636046124398e+01 7.155008013914630283e+01 5.999960099057527430e+01 7.174958319857174160e+01 5.172241947560898723e+01 5.392987686942296932e+01 5.766574412626749080e+01 7.765426882141190390e+01 9.169913391665505742e+01 9.463385166445402774e+01 8.051620941895809835e+01 9.463385166445402774e+01 8.511129767403718915e+01 6.515603463255575889e+01 8.511129767403718915e+01 8.651387997355560344e+01 7.549762742782957048e+01 8.699814715796458131e+01 1.069391709538393798e+02 1.023867415690667571e+02 8.230279033903414643e+01 8.060511165593425176e+01 8.060511165401248945e+01 7.455391562801300154e+01 6.699856820673225855e+01 4.688989838933912324e+01 6.305493359937527487e+01 4.559035648860400869e+01 6.569674923919467346e+01
8.178747542247950264e+01 8.397343540339282697e+01 1.039404534494767063e+02 1.048830370628630675e+02 1.014476644206768441e+02 1.097114691726744411e+02 1.056998805489804880e+02 9.999156262005516282e+01 8.005929821790260803e+01 6.853776250162717076e+01 7.997859907272804492e+01 7.469904071868992901e+01 5.469483619203113278e+01 7.394230903641415864e+01 7.765426882033821698e+01 6.345485376256544896e+01 7.757664903860433014e+01 9.751610608755611054e+01 1.004512713844302283e+02 1.040442809956736738e+02 8.410741234411788980e+01 7.000955695390378253e+01 8.994678597653307861e+01 1.037268071904923090e+02 8.545922923116256698e+01 1.037268071904923090e+02 1.152678754290343761e+02 1.023867415690667571e+02 8.230279033903414643e+01 6.813009979922615855e+01 6.053556543641892773e+01 5.445617020989212165e+01 5.122524393821712607e+01 6.699856820673103641e+01 6.905002770599686812e+01 4.893035690517806557e+01 6.316857726023152253e+01
6.756356168702761522e+01 8.763745148352693093e+01 9.904422173520464412e+01 8.493704082181795911e+01 8.148858527953815667e+01 9.303611905479640143e+01 1.129380490755548863e+02 1.082907966277514333e+02 8.848366440191352922e+01 7.851875776931127859e+01 9.676231093185784005e+01 7.771189277636977977e+01 5.772688233448942441e+01 7.771189277636977977e+01 8.787664794933471057e+01 6.793151568494749881e+01 8.203728493718971038e+01 1.019741173287995082e+02 1.149875145454790442e+02 1.025521129781810146e+02 8.262134098996691023e+01 8.994678597653307861e+01 8.067237247453361704e+01 1.005968869348835142e+02 9.953360452091963850e+01 1.137176773280512094e+02 1.111513832980495522e+02 1.021631204263879198e+02 9.382832764588640373e+01 8.023071901458696686e+01 6.016018873547975687e+01 7.455391578964029975e+01 6.545572560119120453e+01 7.965732996906763219e+01 7.260491435804924265e+01 5.249543869391725792e+01 6.412266245372785534e+01
6.086687282109410546e+01 8.094615016105684902e+01 8.290925010005317120e+01 7.071485970149969091e+01 9.077908786329858515e+01 1.097114691726744411e+02 1.212157590104621931e+02 1.167590587465853531e+02 1.067447204859826542e+02 9.260239229682952100e+01 9.079942964435618080e+01 7.086167590251862691e+01 6.086069674016014375e+01 8.083069082516013282e+01 9.526676648927133328e+01 8.787664794971666993e+01 7.522687165325945102e+01 8.672678390014124261e+01 1.066620882968089887e+02 1.108689853286081757e+02 9.669761089531647258e+01 1.089085125387226896e+02 9.216178773734350216e+01 1.089085125387226896e+02 1.195395208968755298e+02 1.170489044013927611e+02 9.691018736219011487e+01 8.272800041527328574e+01 7.377185674417906114e+01 6.668268228456740587e+01 7.175176460344995633e+01 8.855388439933686584e+01 8.553121699310995041e+01 8.047794031867090325e+01 6.040558381654105347e+01 5.789159907123165283e+01 7.797149128987015843e+01
5.485386418702941569e+01 7.489200493088206656e+01 6.279303767309559703e+01 8.290925010005317120e+01 9.904422173520495676e+01 1.038044136300289750e+02 1.120739093638504045e+02 1.204005040147403491e+02 1.208870486751358868e+02 1.107617150588051373e+02 9.079938023516676537e+01 8.616227326647779705e+01 6.621286673373683129e+01 6.703962661418344737e+01 8.698639816881573950e+01 1.026817579796573483e+02 8.276104166815956376e+01 8.930954744579129567e+01 1.033923158586222542e+02 1.234204247880942091e+02 1.166861313075740441e+02 1.204620436242326917e+02 1.121194467221648807e+02 1.199774306668350050e+02 1.117119921598552565e+02 1.117119921598552565e+02 1.111513832980495522e+02 9.943322755581243655e+01 7.935919458825198092e+01 7.564754715218332137e+01 9.181318613773021298e+01 1.001456323779220980e+02 8.944802450944057171e+01 6.939030649496599779e+01 8.047794031867090325e+01 7.797149128987015843e+01 6.646714423974461283e+01
6.703239464798878089e+01 7.118606693790937356e+01 5.779780802854614308e+01 7.788020601209360905e+01 8.750460027402669994e+01 8.384130073469872002e+01 1.004895319231794701e+02 1.004895319231794701e+02 1.187063074222148060e+02 1.087592949854613664e+02 8.881775722116915972e+01 7.473348963406540690e+01 8.616244611831430689e+01 7.175360422285575623e+01 9.168404906996846648e+01 1.109963133468388889e+02 1.026817579796573483e+02 9.901227737396963846e+01 1.175906899396710514e+02 1.230512894051469743e+02 1.147754700779162533e+02 1.147754700652104560e+02 1.149026136661052533e+02 1.117119921598552565e+02 9.202110186086153476e+01 9.202110186086153476e+01 1.059992662638453282e+02 1.077718143446818004e+02 9.353922999372004199e+01 8.721392778892715114e+01 1.040455375811207830e+02 1.036527504080547288e+02 8.356423439471605263e+01 8.096150905121690755e+01 9.777841030194910843e+01 9.485126916937316821e+01 7.804094154366605096e+01
4.846136436120904989e+01 5.119595518018272173e+01 5.473580381506288006e+01 7.478745312183920646e+01 6.740435371516836938e+01 7.380820793313930039e+01 8.053746593491469241e+01 9.054491351933857857e+01 1.104341503270203191e+02 1.061647961514264296e+02 8.623530384767465762e+01 8.881775722116915972e+01 9.798156421751374978e+01 7.806707275185910078e+01 8.326378699995545674e+01 9.475002086605471163e+01 1.147105685325549587e+02 1.190090742960063039e+02 1.273668109256432075e+02 1.147754700779162533e+02 9.507147843901600481e+01 9.507147843901523743e+01 9.517519616443607333e+01 9.517519616443605912e+01 9.778843010183636864e+01 7.814522101465740889e+01 9.124069373944338679e+01 1.109545632108504094e+02 1.136625964068098256e+02 1.073136933812174050e+02 1.156576306532638796e+02 1.119925879951555459e+02 1.036527504059786509e+02 1.010408202127444639e+02 1.093803550455408100e+02 1.064486797132124991e+02 9.811109708359946069e+01
6.844021652770788933e+01 6.530930728646302441e+01 7.478745312183920646e+01 6.004398540501368586e+01 6.641367401994607178e+01 7.357421806926251406e+01 9.360753734226841516e+01 1.087497511240202641e+02 1.187063074222148060e+02 1.144805517507287362e+02 9.772109029951431580e+01 1.087592949854613664e+02 9.431877843862820043e+01 8.697027844356664161e+01 1.031863409641286040e+02 1.114945673220560565e+02 1.230465955715627757e+02 1.198188234031141093e+02 1.115617370537489847e+02 1.093957698598853483e+02 1.008426439698848469e+02 8.121002889186644325e+01 9.102633642771017719e+01 7.550958292738694411e+01 8.351504145278099145e+01 7.154406785546092351e+01 9.124069373944338679e+01 1.088498503838892191e+02 1.143842338511122705e+02 1.060795262693038410e+02 1.143842347427156341e+02 1.039916924406165322e+02 9.576729100024451213e+01 9.318898299196507651e+01 1.014143379803896181e+02 9.730195061644991483e+01 1.055258389144001967e+02
8.139790874096239293e+01 8.537383267657396857e+01 8.844884602234697013e+01 8.016502793769679158e+01 8.652468938845967728e+01 9.360753734226841516e+01 8.628459027587520325e+01 1.003791218501052356e+02 1.202820892122657028e+02 1.260428698248357051e+02 1.176991128472216417e+02 1.226132431874977726e+02 1.142790919706773423e+02 9.844702533228036145e+01 1.152065052820350672e+02 1.286539540695988819e+02 1.205968870025455573e+02 1.091940684961250128e+02 9.189412267471030304e+01 8.974870512899090613e+01 1.036964899205303539e+02 9.102633642971132133e+01 7.133656685558707977e+01 6.558552825209712012e+01 6.373165933812611428e+01 8.346445756140737160e+01 8.140077978476045928e+01 1.007714726106113545e+02 1.043899483592400372e+02 8.611612575567717442e+01 1.043899485172140658e+02 9.576729100049479371e+01 7.591610908017969450e+01 7.334211021590149926e+01 8.995390139101628790e+01 7.744371846462803433e+01 9.406136226098647057e+01
7.312594098671139875e+01 8.438217858490099843e+01 7.839797484911447611e+01 8.476910346707666122e+01 9.304306440344664964e+01 1.019891929714890466e+02 1.062085660247475829e+02 1.144766293521568059e+02 1.235810530451343396e+02 1.152899893385034602e+02 1.163885183062435260e+02 1.246819556983895012e+02 1.267688361182468100e+02 1.184230375968276974e+02 1.229013618883549697e+02 1.088224689666632656e+02 1.123354707323314443e+02 9.266580003225043072e+01 8.134291607975954719e+01 7.586520118478573238e+01 9.550319612764114652e+01 9.260352469593394176e+01 9.102633642771017719e+01 7.856584205577317448e+01 5.873434452891404334e+01 6.533026917166654357e+01 7.927811251393403325e+01 9.866147570430435110e+01 9.609782601139009728e+01 7.612184279023294664e+01 9.609782601139009728e+01 9.542932262391380505e+01 8.173038565440698733e+01 6.194125088426829961e+01 8.173038566036363761e+01 6.602513423667151926e+01 7.697675092687848064e+01
6.769928682813541343e+01 6.424035316897703751e+01 5.820972587337850257e+01 6.462182576843540005e+01 7.369905045577429803e+01 8.788825775649421246e+01 1.078160210178044167e+02 1.163028337504353829e+02 1.080261662084953542e+02 9.540331905583919081e+01 9.649762832023935744e+01 1.105448930207926992e+02 1.304962777238049227e+02 1.260615687740261706e+02 1.062632021468533736e+02 9.497185042985945813e+01 1.041227315902750377e+02 1.024494819701420170e+02 8.280695315360291886e+01 6.884757403536261222e+01 8.159068717987572938e+01 7.290077422333422419e+01 7.586759753642097337e+01 7.314094613721594840e+01 5.535522128673971309e+01 7.521110817793774572e+01 8.495536815019183052e+01 1.043250658824968298e+02 8.943916493672986689e+01 6.945332233815921086e+01 8.943916493672986689e+01 8.720492571071523003e+01 6.738820561090744832e+01 5.601562586013356793e+01 6.855274636213792405e+01 5.722070909785989556e+01 6.859892115419948766e+01
4.767809492202643185e+01 5.009307673267846184e+01 7.015615671731146108e+01 8.476910346707666122e+01 9.304306440344664964e+01 1.019891929714890466e+02 1.092758377843457680e+02 1.012180441769978501e+02 8.813449598779463656e+01 8.391068963640384482e+01 9.204586656682525359e+01 1.060876853921681402e+02 1.260119686928905480e+02 1.343799941617745617e+02 1.208427787571391576e+02 1.041227315902750377e+02 8.453179663471814820e+01 9.536139912959463061e+01 9.107579917938846847e+01 8.158230715348750550e+01 6.179231343592672232e+01 5.884445273767848761e+01 5.601727570653635269e+01 5.327085985541589963e+01 5.237457670921789088e+01 7.225102986859759824e+01 8.562171352390562618e+01 9.701340321934779354e+01 8.366974913437927341e+01 6.367791770395935913e+01 8.366974913437927341e+01 9.054315516414958154e+01 8.232456339272734169e+01 6.855274638749648375e+01 4.886718376710302891e+01 6.855274638749648375e+01 7.482664112064207984e+01
