LEM/with_lateral_4open/elevation_000411.asc
nrows	100
cellsize	150.0
xllcorner	0
ncols	100
yllcorner	0
NODATA_value	-9999
[rows 34 to 50 of 100, columns 37 to 73 of 100]
8.349475290440194897e+01 8.055821428412812679e+01 6.431933398945784575e+01 4.440506490808753881e+01 4.863159952894784510e+01 6.855866266673588427e+01 7.707268453759311910e+01 9.711227861187120425e+01 9.034191370191130943e+01 7.038063398977440954e+01 7.622715745629791684e+01 5.768650674096451780e+01 4.342271975765449099e+01 4.987759144461039540e+01 6.919348679325356954e+01 7.081831906751492056e+01 6.755079771200634298e+01 5.927767465855134787e+01 4.235011500332240786e+01 5.641998309360550934e+01 7.368808888884912278e+01 7.307316140381564651e+01 8.982178066835847119e+01 8.212073499289269307e+01 8.212073499289269307e+01 1.021460640005166454e+02 1.066800556078903952e+02 8.673827240242286507e+01 7.890944001455986268e+01 5.893638324728322431e+01 5.501532224104064994e+01 5.136557513588333990e+01 4.788470163790473322e+01 4.459539405251585720e+01 4.179377885424507610e+01 5.895216085310954668e+01 6.721065541542066057e+01
9.331004413239574546e+01 8.215187706434623749e+01 6.216216793586424672e+01 4.810438072909736462e+01 6.801701818564993118e+01 5.710553335631791327e+01 7.120699016050909336e+01 9.123372345548506246e+01 9.034191370191130943e+01 7.038063398977440954e+01 5.630211895419260060e+01 5.080291704672801245e+01 4.544108314836557128e+01 6.538297412371383643e+01 6.401064487914962342e+01 8.396059226601715864e+01 7.654767053495788787e+01 5.661245783318138791e+01 5.558909351059002546e+01 4.551343238234454702e+01 6.540854606220577239e+01 6.155911220215137547e+01 7.903863922917571472e+01 6.797910540354176590e+01 7.952204062064096490e+01 9.954802626805768284e+01 1.008379922942319808e+02 8.089797719757368100e+01 6.677858784524268287e+01 7.890944001455986268e+01 6.914503935153587122e+01 7.133681002138594351e+01 5.942659370435217170e+01 6.457630199906712676e+01 5.895216086970847158e+01 3.896895770205412646e+01 5.620686068071864838e+01
9.731912058202283333e+01 8.615420279209347143e+01 6.614257951310693784e+01 5.206969942839596399e+01 7.200384826897149537e+01 7.120699016050909336e+01 7.120699016050907915e+01 9.123372345548504825e+01 9.034191370191130943e+01 7.038063398977440954e+01 7.622715745629791684e+01 6.737989577738433411e+01 4.749531393388328127e+01 6.737989577738471780e+01 8.396059226601715864e+01 9.224257752672342292e+01 8.479930509416180939e+01 7.625818708685530112e+01 7.011264176559461703e+01 5.128522660779233888e+01 4.899689186990156031e+01 5.394850104936726609e+01 5.907015567819740198e+01 7.317678312713655941e+01 9.319046461394754033e+01 1.078369712496785127e+02 1.008379922942320377e+02 8.089797719757368100e+01 8.089797719757368100e+01 8.673827240242286507e+01 8.907454650648635663e+01 8.762283710903375322e+01 7.938087250030528708e+01 7.886105374694379577e+01 5.894414922674585000e+01 5.603341172352546096e+01 3.623320182369863574e+01
8.052396858815228597e+01 6.896982865268810770e+01 6.143438945023297748e+01 5.779412274987499387e+01 7.777054589495726589e+01 9.123372345548506246e+01 9.123372345548504825e+01 9.955311443214824862e+01 9.862586157741631609e+01 9.034191370191130943e+01 8.350527718148914857e+01 6.356740647220232177e+01 4.952847687977883595e+01 6.940712485319488678e+01 8.621662969430155954e+01 9.451618509329389894e+01 9.476810148768460351e+01 7.481482397260734274e+01 6.072265075446264859e+01 7.126091676689297572e+01 6.889973584533935025e+01 5.331833241044297012e+01 7.324892225812179447e+01 8.732872717688979947e+01 9.517697986376249730e+01 1.034751415628796707e+02 1.091036900434805119e+02 1.008379922942320377e+02 1.008379922942319808e+02 1.066800556078903952e+02 1.061821687045049742e+02 9.794396758242093881e+01 9.480010301201610901e+01 7.535368015801390129e+01 6.142689080719300421e+01 6.428108218048583922e+01 5.353647062283783242e+01
9.731912058202283333e+01 8.900071737944053041e+01 8.142975307792706019e+01 6.775713110065640876e+01 6.930463714399006392e+01 8.085835057968884598e+01 1.009147734690571667e+02 1.089237169423758615e+02 9.893577172660626218e+01 9.065564212893718832e+01 8.311280212792401301e+01 7.148140408555885017e+01 5.158870113852066197e+01 6.914041029954049122e+01 6.639633271920941127e+01 7.785095026629203119e+01 9.772273018766533426e+01 8.893561351714997443e+01 7.068873243592810240e+01 8.893561351714997443e+01 7.695485281793165200e+01 5.699780598955918265e+01 6.178760676408855801e+01 6.808751959414529153e+01 7.515004726538144553e+01 8.670957010120598341e+01 1.067436767036669778e+02 1.067951188964332232e+02 9.855866560280479405e+01 9.855866560280479405e+01 9.794396758242093881e+01 7.804293614108379984e+01 8.387181329764477766e+01 8.136564596349917622e+01 6.506835801230010929e+01 4.518661311838868500e+01 3.625696455411674890e+01
9.479740363856514307e+01 9.973740661352420034e+01 9.610205224814400538e+01 8.190915449912218094e+01 8.933519231489933077e+01 9.765392781232009156e+01 1.092411620899370917e+02 1.006377439669055889e+02 8.067354177361411871e+01 7.069930711826847869e+01 6.316434560202088733e+01 5.819309709663080099e+01 7.148152712257542873e+01 5.492889070506677029e+01 7.485902222117044857e+01 9.019072213067271093e+01 1.060134964126570338e+02 9.891516415620256453e+01 8.477609012005146383e+01 9.235883700699038457e+01 7.233896340908903255e+01 6.081852862649206060e+01 8.080035759609965851e+01 8.809638994042181537e+01 9.517697986376249730e+01 1.034751415628796707e+02 1.150416749203768774e+02 9.855866560280479405e+01 7.866033521214119162e+01 7.866033521214119162e+01 9.161802761429656528e+01 8.337717615453071573e+01 6.393072882210390162e+01 7.025370888696805594e+01 5.315459102674209646e+01 3.901904469195863356e+01 5.623096273511832521e+01
7.416409874216991227e+01 7.909721349475321972e+01 9.973740661352420034e+01 1.019671128541441334e+02 1.053118324765295171e+02 1.020496177734913772e+02 1.105834646423863745e+02 1.089237169423758615e+02 9.573728333886690223e+01 7.577631001437156044e+01 7.726590028927842013e+01 7.812579550636930037e+01 7.779484622546715400e+01 5.785038544306239316e+01 6.195574016809702300e+01 8.191606150834724076e+01 9.802419780300765240e+01 1.080095963099723946e+02 1.047601128553178427e+02 1.006568882425622462e+02 8.657634318914251992e+01 6.656774216727038151e+01 6.973570740157462922e+01 7.867830188084919030e+01 9.024303392029159454e+01 1.102773550379923790e+02 1.100298303020706925e+02 9.016119022095155344e+01 7.607557703229279866e+01 6.454622580661232689e+01 7.557000032319881200e+01 6.343356880006018628e+01 5.577098375757217497e+01 6.199720129118640699e+01 4.201371583293347811e+01 4.478972461930310800e+01 6.476907648526611183e+01
6.270345396576387742e+01 7.337120370305157735e+01 8.185636881273177323e+01 9.924509977554933471e+01 8.464484138270704250e+01 8.136289025908772032e+01 9.865421510403255922e+01 1.089901502285259909e+02 1.040203238743232532e+02 8.988591161553408426e+01 9.722865350501209036e+01 9.490172728185979167e+01 7.495512323686983791e+01 6.084678883186793996e+01 8.079734830002233537e+01 6.978019960130417587e+01 7.976662432147338677e+01 9.388141116433065747e+01 1.138484781834789175e+02 1.066082290522251270e+02 8.657634318914251992e+01 7.362931494625729556e+01 8.128503100186921415e+01 9.804986740403357715e+01 1.070087378951045025e+02 1.185753626734358477e+02 1.059175378949947373e+02 8.604362244051830544e+01 7.453351504105148706e+01 6.454622580661232689e+01 5.560573369282717948e+01 5.189352336671311861e+01 4.846438994192048000e+01 4.508275584383707013e+01 6.199718849286452382e+01 6.476907648526646710e+01 5.421672858479326607e+01
6.592278296892095568e+01 5.402680835204461118e+01 7.337121839634627918e+01 8.825705318317288572e+01 7.006485384067690347e+01 6.947700478297045379e+01 7.975571096279185213e+01 9.442310260722682358e+01 1.150225777443420867e+02 1.098637443118234245e+02 1.106119779581956664e+02 9.073993862754177542e+01 8.394549082707058574e+01 6.399725757446628904e+01 8.394549082707058574e+01 8.974812700765320983e+01 8.131075884132773979e+01 9.283547300453041373e+01 1.128007365413747749e+02 1.078243394137048057e+02 8.778913153754182019e+01 8.518904422581317704e+01 1.013177342575446147e+02 1.096158936457743636e+02 1.204458893011858436e+02 1.121417763467007660e+02 1.141548206254354341e+02 9.556688970160048768e+01 7.566053643134505080e+01 6.413041848245377707e+01 7.557000032319953675e+01 7.186272622700074919e+01 6.814397652251086868e+01 4.816990414049627134e+01 5.971129076452431406e+01 7.966323582385392399e+01 7.417972355963516407e+01
4.686192426698946178e+01 6.592279889996753184e+01 7.745211098836458063e+01 6.793089760603118066e+01 6.056461714453003964e+01 7.006485384069080169e+01 8.195704542666244663e+01 9.660416261860824250e+01 1.172068716360239335e+02 1.185435283317964519e+02 9.876667251494573918e+01 9.073993862754291229e+01 7.084413898568304546e+01 8.394549081011260228e+01 7.047442889115744435e+01 9.041509828859996389e+01 1.012737862639357616e+02 1.095547650559970236e+02 1.210893703436234006e+02 1.161224425707060988e+02 1.078243394137048057e+02 1.052251715881513974e+02 1.135231285353521855e+02 1.155342837854518621e+02 1.072507759546539603e+02 9.237233896014458878e+01 1.089849103672045629e+02 1.038022792929275653e+02 9.160287086484193253e+01 7.168322200878819217e+01 9.160287086484193253e+01 8.551676885192456723e+01 6.558732035486480072e+01 5.145719186772358711e+01 7.142704817156175068e+01 8.790607787699157427e+01 9.392871717102599405e+01
4.267591137463953288e+01 6.267724943755513323e+01 5.598325117206979940e+01 5.482146824520539496e+01 7.388429074001227548e+01 8.705714848324329580e+01 9.202285048017590441e+01 9.990404735793318025e+01 1.084376983738511484e+02 1.127305381118104464e+02 9.298265000156936821e+01 7.898405874223293210e+01 9.073993862754291229e+01 9.616786326977580757e+01 7.623970075918931855e+01 8.309245267049307415e+01 9.717627883455661220e+01 1.171129964512795141e+02 1.239810507772206876e+02 1.181793800340387577e+02 1.142250977456286876e+02 1.061403467714529256e+02 1.073215571320522059e+02 1.040924581236766784e+02 8.750764746099922320e+01 8.103713953128621483e+01 1.001470492306116284e+02 1.124989508416825998e+02 9.983819353516001627e+01 8.578118690378516931e+01 9.983819353516001627e+01 9.068701744517179009e+01 7.490267675714737550e+01 5.493706521419962030e+01 7.490273452463581805e+01 9.068572167121794791e+01 1.021785604723325491e+02
6.267724816449516112e+01 4.638460420344686952e+01 4.913020745850287341e+01 5.311529985199797466e+01 5.890852101374997574e+01 6.459885748517933735e+01 7.115444275611157821e+01 7.909454032978919713e+01 9.387124758146580916e+01 1.144685143973631085e+02 1.061060759408111522e+02 8.648794592245958768e+01 1.061060759408111522e+02 1.024652525800155303e+02 8.255115906922927138e+01 1.024652525800155303e+02 1.030156082298934592e+02 1.199304453534817299e+02 1.041919290284710087e+02 9.839813711893556558e+01 1.061213283031672461e+02 8.650856128594220706e+01 8.663455288600542303e+01 9.585205981372509143e+01 7.611177851594858623e+01 7.216568169311247516e+01 8.445476172706771933e+01 9.691536430585081519e+01 1.051131047584198654e+02 1.056576592394750378e+02 9.923794602955179300e+01 8.236460992619016963e+01 6.249383383939358083e+01 6.906569337852553758e+01 6.249383383527281666e+01 7.402655023217177188e+01 9.393935244854012012e+01
7.459484958327510640e+01 6.629598212561037940e+01 5.738126909851383317e+01 7.289115389377759868e+01 6.046461636494437641e+01 6.592819307045810717e+01 7.808750667804939383e+01 9.742998516361703309e+01 9.990404735793345026e+01 1.205109197669806917e+02 1.142691992031005412e+02 1.001813974425957525e+02 1.142691992031005412e+02 1.107356905800781988e+02 9.145774755255025923e+01 1.107356905800781988e+02 1.229679872861623267e+02 1.117177838798991019e+02 9.190789158480366439e+01 8.431976572044487739e+01 9.162366962105225809e+01 8.806017395746279419e+01 7.234122138734082341e+01 8.166637217358727696e+01 7.879549177390235570e+01 6.460450674075725885e+01 8.398892683532936587e+01 7.675112119652025910e+01 9.110681652908273520e+01 1.109384391262162097e+02 9.138982059937984559e+01 7.143027464031203522e+01 8.231962117563736570e+01 8.899459756765638474e+01 8.244268311081636114e+01 7.248385904410177716e+01 9.240151148344104115e+01
8.065406475682628695e+01 8.541733762743569969e+01 7.126029330058381106e+01 7.708786659831498866e+01 7.339379163431614472e+01 7.806810480068689628e+01 7.667593869247059502e+01 9.004650256159763444e+01 1.101351809272285038e+02 1.148813413325412824e+02 1.096220492863971856e+02 1.166171158228014804e+02 1.269668660815918173e+02 1.196512629797980338e+02 1.055255659055905113e+02 1.196512629797980338e+02 1.216151010655043763e+02 1.095547690918002246e+02 8.973924078172019847e+01 7.555795195887176874e+01 7.157117547282248893e+01 6.809213920212584981e+01 6.477628402588918277e+01 6.157016029555004621e+01 5.872597928262784706e+01 5.961309854595277358e+01 6.379372621387045683e+01 7.561811424551295602e+01 8.995983762348636503e+01 1.097658346769042197e+02 9.995554251884023245e+01 8.577235928797378506e+01 8.544647508044228346e+01 1.047441172893478694e+02 1.006342734862115691e+02 8.245911895297614080e+01 1.006393834488760319e+02
6.087500672108556188e+01 7.488657609271227500e+01 9.115687308942086986e+01 9.709102085644953206e+01 9.289767622938455816e+01 9.742943050421645523e+01 9.593034022980630482e+01 1.043405632397762446e+02 1.029418559182453663e+02 1.030361911345176082e+02 9.025309375078813900e+01 1.072752393246694425e+02 1.162076368893846592e+02 1.264011154380801543e+02 1.254814574451444997e+02 1.271129097122846616e+02 1.134043096115641305e+02 9.363464051363176566e+01 8.211864638121242876e+01 9.554307465094855445e+01 9.162366962105225809e+01 8.818469524650789992e+01 8.488355972145556905e+01 8.166637217573810403e+01 7.482510202206157146e+01 5.478569266054347509e+01 6.611033403858559154e+01 7.944178586442251344e+01 9.840063437176684147e+01 1.167981084275059942e+02 1.085964083644174281e+02 1.068151794111875148e+02 1.047611874674148709e+02 1.125957285822059220e+02 1.105796126719367578e+02 1.023438260802671209e+02 1.105810478942952528e+02
4.676371657779159818e+01 6.666813786414546428e+01 8.402659351147573830e+01 9.227637898292644536e+01 1.037264625845833876e+02 1.091579180608625421e+02 1.061680545690455375e+02 9.726100147259262485e+01 8.332821545054210333e+01 8.653063341728783087e+01 8.082961656774520520e+01 8.769973362954577567e+01 9.756960421543149664e+01 1.178254109578386419e+02 1.303022873683584919e+02 1.105437632636174783e+02 9.915099418645668550e+01 9.028600479416674318e+01 9.620038607272553577e+01 1.101921258788108560e+02 1.055584854181231691e+02 9.663801987105777869e+01 8.838752372050028328e+01 8.678848781207052809e+01 6.675434976851791191e+01 5.258695363396381595e+01 6.721774931693870769e+01 8.802397059426924386e+01 9.265454121418429168e+01 1.009076286569058851e+02 8.873797549604243784e+01 9.713281977544421864e+01 1.169701574691586075e+02 1.022059935518105789e+02 9.370240016123116789e+01 9.767741571902986664e+01 1.059637078335824896e+02
5.882525614251661494e+01 5.691373161049872920e+01 6.446692163148360066e+01 7.567960024831468502e+01 9.542879835417136292e+01 8.954357887475472921e+01 8.954357887475472921e+01 7.852132245426697921e+01 6.980875387950192135e+01 7.335509330227021962e+01 7.907811472457446200e+01 9.906515169348132588e+01 1.162076368893846592e+02 1.264011154380801543e+02 1.385439298565545698e+02 1.240323913784455385e+02 1.042795811469041638e+02 1.042795811469041638e+02 1.159683403695616164e+02 1.113717402991614023e+02 9.149600816491177113e+01 7.734949650033632906e+01 6.835264508401655803e+01 7.837008440228564154e+01 7.048644712711850957e+01 5.043368059915512447e+01 7.048644712711850957e+01 7.649416170854053121e+01 7.264084785093486119e+01 8.646141997579820782e+01 7.716609168020872289e+01 9.713379079984542841e+01 9.769246842078212012e+01 8.920532086886373691e+01 7.284687171688527485e+01 7.595945533284742623e+01 9.767741571902986664e+01
