LEM/with_lateral_4open/elevation_000578.asc
nrows	100
cellsize	150.0
xllcorner	0
ncols	100
yllcorner	0
NODATA_value	-9999
[rows 0 to 16 of 100, columns 0 to 36 of 100]
8.271705653423140625e-02 2.127631151761726416e-02 9.425194436011796739e-02 4.939197167322698090e-02 3.975871534419905817e-02 6.171646774684565184e-02 1.696294146011132625e-02 1.936121709489252440e-02 4.216450047424835645e-02 2.297044857093000214e-02 6.704298068806634203e-02 4.162315340452049650e-02 3.835349583220235004e-02 2.777463300387698203e-02 2.207885817162396139e-02 7.161913568127860341e-02 9.025521335945362045e-02 3.502399586135773735e-02 8.040414306008919487e-02 3.131346976591601466e-02 7.604099264847130613e-02 2.387740603804927586e-02 5.687112022313325910e-02 4.074439634684711570e-02 8.709178300582484655e-02 7.612946965408906586e-02 1.077918208624280109e-02 9.929772718869623455e-03 4.600412614040166881e-02 2.152795518990661267e-02 2.378824418737431057e-02 9.511189423522797837e-02 9.406546861214974686e-02 1.749038473908382007e-03 2.223905489293687143e-03 6.269637160239108220e-02 9.476101746191394060e-02
7.813061968023242432e-02 2.002127631151726206e+01 2.009425194435976181e+01 1.419152759540405206e+01 2.003975871534384368e+01 7.621005927931356894e+00 2.001696294145975585e+01 4.189649498236406089e+00 2.004216450047389131e+01 1.416510607230200591e+01 2.006704298068770953e+01 2.004162315340416356e+01 2.182578565507796498e+00 2.002777463252211732e+01 2.002207885817126964e+01 6.396174456018064447e+00 2.009025521335909659e+01 1.417715961959218340e+01 2.008040414305973442e+01 3.193591129934301609e+00 2.007604099264811737e+01 2.002387740603769473e+01 8.221836929500465629e+00 2.004074439634649352e+01 1.422922740673582531e+01 2.007248916902315017e+01 1.997843377943184251e+01 1.178342248392840519e+00 2.004600412614004767e+01 1.416366357892098193e+01 1.416592386791844937e+01 1.173488221391634667e+01 2.009406546861179521e+01 8.166714847751240569e+00 2.000222390548893969e+01 2.006269637160203700e+01 3.339189440077158011e+00
2.526786264046545702e-02 8.969539772639700814e+00 2.896953977264005786e+01 3.419152759540334330e+01 3.590527717539426078e+01 1.656527783793035624e+01 2.845366382534900751e+01 8.453663825348652239e+00 2.845366382534900751e+01 3.416510607230271290e+01 3.848136956954024157e+01 1.848136965329619841e+01 4.339234029576573448e+00 2.433923402883765519e+01 3.306284112277127463e+01 1.306284112268478914e+01 3.306284112287183063e+01 3.417715961959147108e+01 2.639615420603641383e+01 6.396154206036057666e+00 2.639615420603641383e+01 3.650610817696336596e+01 1.976884231329318453e+01 3.650610817696336596e+01 3.422922738265063458e+01 3.643768301335886406e+01 1.648902022059815309e+01 2.348753720354143759e+00 2.234811759664131614e+01 3.416366357892168537e+01 3.416592386791915459e+01 2.669184108328525440e+01 3.645098609521414090e+01 1.971372023154395947e+01 3.645098609521414090e+01 2.662716918297873647e+01 6.627169186184289629e+00
4.163169627051844027e-03 2.000416316962669683e+01 2.529947139119451194e+01 4.529947139119521893e+01 3.656527783793106323e+01 3.070741346166155950e+01 3.345366382534940186e+01 1.345366382534869487e+01 2.478359544390346514e+01 4.478359544390416858e+01 3.809486987011380421e+01 1.809486993486582307e+01 6.547864551073513617e+00 2.654786455122486544e+01 4.134711237328987465e+01 2.306284112268496500e+01 4.134711249991384818e+01 4.172280431991995897e+01 2.172280431992067307e+01 1.017579893612836273e+01 1.639615420603623619e+01 3.639615420603693963e+01 3.976884231329388797e+01 4.805311356075608842e+01 5.092947928594185214e+01 3.574899535245997129e+01 1.738212659150613959e+01 3.527265022331720790e+00 2.352627153663440751e+01 4.075142996591844735e+01 4.789073757089185790e+01 4.888781149650351665e+01 4.799799147900686336e+01 3.971372023154466291e+01 4.419927649374155720e+01 2.419927651276048763e+01 1.005714088903443759e+01
5.883922493566802470e-02 1.420097484866649218e+01 3.420097484866577986e+01 5.358374263865741227e+01 5.656527783793176667e+01 5.070741346166226293e+01 3.879888866359797817e+01 1.879888866359727473e+01 3.879888866359797817e+01 5.306786669197460071e+01 4.637911994252900882e+01 2.882707602501696442e+01 8.827076080266291314e+00 2.037408146405901022e+01 4.037408146448460400e+01 3.720497674641641339e+01 5.134711257088597591e+01 5.000707556738156967e+01 3.425828184076631544e+01 1.425828184076702776e+01 3.425828184076772942e+01 2.794315958982895864e+01 4.794315958982966208e+01 5.591357682776680349e+01 3.825929950900123799e+01 2.551569778241506725e+01 2.470520940378037267e+01 4.714046680525547650e+00 2.450140787340740900e+01 2.133951125150579742e+01 2.883398830742883590e+01 4.003143753499289659e+01 5.862674107589379702e+01 5.419927647473553378e+01 3.419927651274851854e+01 2.005714088903426173e+01 3.005714088345906632e+01
1.256007409845548775e-02 1.415469569782953130e+01 3.415469569783023474e+01 4.930701848409810140e+01 5.759128973166263421e+01 5.879888866360371935e+01 3.879888866359798527e+01 2.546555533026405982e+01 4.546555533026476326e+01 5.687323707720624100e+01 3.687323968926315843e+01 2.273110406801112404e+01 1.118409868422146936e+01 3.118409868488771153e+01 4.865835276679645460e+01 5.720497674769351448e+01 6.254255308823038462e+01 4.254255308822968118e+01 2.840041746449822924e+01 1.910899434149377285e+01 3.910899434149447984e+01 4.208529521356040703e+01 4.794315958982966919e+01 5.242922414953288524e+01 3.230330472854669210e+01 2.083852113851357402e+01 1.193549293525502897e+01 5.907146653069060172e+00 1.193690831327650770e+01 3.166876482742289056e+01 4.789073757019305333e+01 5.556693612252419712e+01 6.628484472786645654e+01 5.419927647473569010e+01 3.419927651274851854e+01 4.005714087788380340e+01 4.094332007247462002e+01
9.594114293757748102e-02 2.009594114293722100e+01 3.516488286036690170e+01 2.930701848409739441e+01 4.930701848409810140e+01 6.118669406266759125e+01 5.374982657945353992e+01 3.440982724026353168e+01 5.374982657945353992e+01 5.887974500041746495e+01 3.887974489756256702e+01 3.362748745082323154e+01 1.362748757134759536e+01 3.362748757671036515e+01 4.676247183847043942e+01 4.847820008596367103e+01 6.847820028230322009e+01 5.668468871196112957e+01 4.427297213643779372e+01 2.427297213643708673e+01 4.427297213643779372e+01 6.208529521356111047e+01 6.794315958983108317e+01 6.076500218996140035e+01 5.009229951006217618e+01 3.981048516473313015e+01 2.567259453306123618e+01 7.152292265795644255e+00 1.249750633357754204e+01 2.662994048257445456e+01 4.654095546244080595e+01 5.422043058976704799e+01 6.238168761836809750e+01 6.248354525415007288e+01 5.419927647473569010e+01 4.947134869150758618e+01 2.947134874965250972e+01
7.711341127313005306e-02 2.007711341127277649e+01 1.516488286036619471e+01 3.516488286036690170e+01 3.290242281465739893e+01 5.290242281465810237e+01 6.269409849185760208e+01 4.855196286399498007e+01 6.269409849185760208e+01 5.871102892046911848e+01 3.887974637741339023e+01 1.887974488573640741e+01 3.362748519224138022e+01 1.847820007207434045e+01 2.847820007207451809e+01 4.847820008596367103e+01 6.375278837786049024e+01 6.427297213643920770e+01 4.427297213643779372e+01 3.183226159662176613e+01 4.060290375499218385e+01 6.060290375499288729e+01 6.940550841665721293e+01 4.919066837488767163e+01 4.919066834819062706e+01 4.531780152329977085e+01 2.331373352783551312e+01 8.437940958837643279e+00 2.847831226955818096e+01 2.102461314316909124e+01 2.734691108867139775e+01 3.440927264286280973e+01 4.589004957171945165e+01 6.559994425921914285e+01 6.361348386137851207e+01 4.361348437327024641e+01 3.841562065965135275e+01
2.297228869525369793e-03 4.474433183869122921e+00 1.024793587576543175e+01 1.657249119610230181e+01 2.657249119610247945e+01 4.071462681983393139e+01 6.071462681983463483e+01 6.855196286400247629e+01 6.197375571595358679e+01 4.197375565330591485e+01 3.042675026952832340e+01 2.346805956314756259e+01 4.346805852566468786e+01 3.847820007901894712e+01 2.392151061159260905e+01 3.546851599538553046e+01 5.546851601809247967e+01 6.992492276843037757e+01 6.011653284408466646e+01 4.183226159662211785e+01 6.011653284408466646e+01 6.888717500245608960e+01 6.174655937313851695e+01 4.748804048618219298e+01 2.906971878010026344e+01 3.629241496475861339e+01 2.977766897098528176e+01 9.734348405781766189e+00 2.977766897523087053e+01 4.010989048538299784e+01 4.721612826706103050e+01 5.422043057391815779e+01 6.238168359882588021e+01 7.375927281802267999e+01 7.189772827506976682e+01 6.361348402914543954e+01 4.996262604344101277e+01
9.647730019007895452e-02 2.009647730018972211e+01 3.024793587576507647e+01 3.657249119610300880e+01 4.485676244379590827e+01 5.485676244436145765e+01 6.336625768325490071e+01 7.165160610023383470e+01 7.025803941932386465e+01 5.871102892349432523e+01 4.831877191947126704e+01 2.831877206387413892e+01 4.831877191947126704e+01 5.220578253070073771e+01 4.392151062118995242e+01 3.009364461007639591e+01 4.164064999386931731e+01 6.164065002691868500e+01 7.011653284408602360e+01 6.183226159662282129e+01 7.011653284408602360e+01 6.358045017221176209e+01 5.193116922769140587e+01 3.322955214121821399e+01 1.906406781662566630e+01 1.623564554219982270e+01 1.351399224125093212e+01 2.957614707096703910e+01 1.185434414704493555e+01 3.199082070461750149e+01 4.811269834240280829e+01 4.219688671943759317e+01 5.383991024775992429e+01 6.815737355831829802e+01 8.838132489417232307e+01 7.824688073726235871e+01 6.996262579457344088e+01
3.582433992925927735e-02 1.417796004791037667e+01 3.417796837617338213e+01 4.048361815573608880e+01 4.874889357165370996e+01 5.596126636800245535e+01 4.336586123352176259e+01 5.181902340910273352e+01 7.181994824143659173e+01 6.246090719539306946e+01 4.246090768726947573e+01 3.538983987573936929e+01 4.831877191947126704e+01 6.831876980497115426e+01 5.641819995104430063e+01 3.641819993041337966e+01 4.078409428657374747e+01 5.492622991044878944e+01 7.492623001241432235e+01 7.760618962533025922e+01 6.592022097824889215e+01 5.520545648176654652e+01 3.504565598780963853e+01 2.348136167498507376e+01 3.913019370104930772e+01 3.039645234804557816e+01 3.356302552146793516e+01 3.339370985188104868e+01 1.336620199683787824e+01 2.043754549977314028e+01 2.799962058960579014e+01 4.811269834259281453e+01 5.810291087802493593e+01 6.658462988796807736e+01 7.575701843925833145e+01 8.048518317544117906e+01 6.074056999699187998e+01
1.813270376062421294e-02 2.001813270373381215e+01 2.588986797080939439e+01 2.048684111281048814e+01 3.721554935682501508e+01 3.596099226029399887e+01 3.181885043260109214e+01 4.596100723798313226e+01 6.596152549802063447e+01 7.074515804867141355e+01 6.246090719539306946e+01 4.693684525952348707e+01 4.953197549879905637e+01 6.953197473842571696e+01 6.348926777450174086e+01 4.348926774227910386e+01 6.078409431658284490e+01 5.711402590670353874e+01 7.711402606165334817e+01 6.923472702420001212e+01 4.898152928981848930e+01 3.736294949885385819e+01 2.840549453203284713e+01 3.765740379407846206e+01 5.193116922769140587e+01 5.052646129123912999e+01 4.921644726790926683e+01 2.908237802489944102e+01 1.492319975269248467e+01 3.497951037329749369e+01 4.323996978907365474e+01 3.182920768893031394e+01 3.792756949525779220e+01 4.675137903781588022e+01 6.124897018125347614e+01 8.186236263925664502e+01 7.467789010417365603e+01
2.372884694381488524e-02 2.941028676901699779e+00 5.889867799999629838e+00 8.939839206651749137e+00 2.893987830141392337e+01 2.181885022538544661e+01 4.181893692085211711e+01 5.656924739788782119e+01 6.551385888919075740e+01 7.706159946079021950e+01 7.522109297603687139e+01 6.693684473102197785e+01 6.953197473842571696e+01 7.781621889862859121e+01 7.177354082904868449e+01 5.348926774227945202e+01 7.177353489344204718e+01 7.711402606165334817e+01 7.614779244187126039e+01 6.777066732643635305e+01 5.421722757537312987e+01 3.406528970701371151e+01 4.851739880706634978e+01 5.688961881478338967e+01 6.620493466130459126e+01 6.191609955687530942e+01 4.764358897853308861e+01 3.674584849044351387e+01 1.668410106814355132e+01 1.991325537387865197e+01 2.354141759479328044e+01 4.324021121623225383e+01 5.810291087802529120e+01 6.658462988945012739e+01 7.575701843925833145e+01 7.857962903124958132e+01 6.906345320009728539e+01
8.175220331382776484e-02 2.008175030257857330e+01 2.588986773209999726e+01 2.893987830138930306e+01 1.365388441456210700e+01 2.072495222653161662e+01 2.828424169098654062e+01 3.722851379177022579e+01 4.877552737833596552e+01 6.877605321199195032e+01 8.356735761252120653e+01 7.771139328916004274e+01 7.989845930206337243e+01 8.817997159461712897e+01 8.177354434502059632e+01 7.348926781528759022e+01 8.177354374624098909e+01 8.211553141562853853e+01 6.182883007029423794e+01 4.750768227664873677e+01 4.040158651451127980e+01 4.828800753947771796e+01 6.259570109172580743e+01 6.569229932201815814e+01 5.665083056470742662e+01 4.826210480915838019e+01 3.336968801455549283e+01 1.920386060175344767e+01 3.674584849044351387e+01 3.964339863771230910e+01 4.324002642422519216e+01 3.064532949559869479e+01 4.452125040969173142e+01 6.488080000814998982e+01 7.561490368286392538e+01 6.554597075087579583e+01 5.009372675723794544e+01
9.124702163186203252e-02 1.423338262793802400e+01 3.423336650316333163e+01 4.193855893332391815e+01 2.779602274952161522e+01 2.181885022538545016e+01 3.076312220007052289e+01 4.076312354566077545e+01 5.490531131613661842e+01 7.490596165563985664e+01 6.357379788545904375e+01 5.771781412990259241e+01 5.990491395487304516e+01 6.961735377431124050e+01 7.628177733604577782e+01 8.456323730259801152e+01 9.455966079105178324e+01 8.432669288061400437e+01 6.404978549250685660e+01 6.671416598483298799e+01 4.645772842079087894e+01 6.671416598483300220e+01 7.690339464387190560e+01 5.729191887832187291e+01 3.710067070446782367e+01 2.814388831262872870e+01 2.181873101233916401e+01 3.927451301067305423e+01 3.336968822724347916e+01 5.353002108626552769e+01 5.893398173813608310e+01 4.189968323078383605e+01 4.034935928037592134e+01 6.061948956997662208e+01 6.725353092007290456e+01 4.713566066077882510e+01 3.711030520768695595e+01
2.239863785106879432e-02 2.002239587338057092e+01 3.386993524115514020e+01 4.233878215757447094e+01 4.779618865275580220e+01 3.596099226633335633e+01 3.596099299701560881e+01 5.596147116900063168e+01 6.904776983078342312e+01 7.098612641122126377e+01 6.270447778466778033e+01 4.357822406856931963e+01 6.109170828599720693e+01 4.962294279344896353e+01 5.628850664607618626e+01 6.628550544585918658e+01 8.627804923236929824e+01 9.267397726937765867e+01 7.843292279526714594e+01 5.813544059805132491e+01 6.671416598483301641e+01 7.509277797939222410e+01 7.758451324087138801e+01 5.729191882616501630e+01 4.826195249822148270e+01 4.384949989522345959e+01 2.376128797200476583e+01 4.385133785491267133e+01 5.353002108626552769e+01 6.191800413076465048e+01 7.068590933345980432e+01 6.221139898163112747e+01 4.924930464045264955e+01 6.909824926962987490e+01 7.561490368286392538e+01 6.554597075087579583e+01 5.719459579042580089e+01
1.766589122093755945e-02 6.684336350731232557e+00 1.375572865260106958e+01 2.532788565060582897e+01 4.572020343264498621e+01 5.596127001410957291e+01 5.596148736025596548e+01 6.424963178795326257e+01 7.358044829715331048e+01 5.944190907036166038e+01 4.270868490745490931e+01 3.650740524423809319e+01 4.109563721010579940e+01 6.109170828599720693e+01 7.628177733911428504e+01 8.456323730259801152e+01 9.455966079105178324e+01 9.236611961070016719e+01 8.679161025157554832e+01 7.250222374195325870e+01 8.679161025157554832e+01 8.425031317935818720e+01 7.585365777671495380e+01 7.689585755788642984e+01 6.013700727077577568e+01 3.991359932154366419e+01 2.573192407641338519e+01 4.583183485297477944e+01 5.976512532750265905e+01 6.652522762297088832e+01 7.492949903734700001e+01 7.827789580384576595e+01 6.378844855396386748e+01 7.827789580384576595e+01 7.311904673345543415e+01 6.474710087011087012e+01 5.761523656970090457e+01
