LEM/with_lateral_4open/elevation_000320.asc
nrows	100
cellsize	150.0
xllcorner	0
ncols	100
yllcorner	0
NODATA_value	-9999
[rows 34 to 50 of 100, columns 0 to 36 of 100]
2.064481644892168788e-02 1.933855596310553437e+01 3.123239670429725479e+01 2.610835907609247997e+01 2.848726680171465730e+01 3.569894942160239282e+01 2.160823648189804658e+01 9.757645819318074842e+00 2.914655430924918278e+01 3.203581919586066817e+01 1.403168677259896135e+01 1.524584959856101385e+01 1.646805099696521069e+01 3.613335956667901883e+01 3.914859049469449559e+01 4.042162874464582956e+01 2.346538774185460596e+01 4.277133801296043458e+01 5.348655299522983597e+01 6.132495481401979731e+01 6.951608622140794580e+01 7.526546391063484975e+01 8.268912449779455187e+01 8.433798623700108976e+01 8.433751061489873280e+01 9.256260963508894690e+01 9.505721550629921524e+01 8.101566672955469528e+01 8.318768919980657017e+01 1.030443181858631618e+02 1.112662743039788467e+02 9.130812274286235208e+01 7.725479736701980471e+01 6.586225314561539790e+01 6.478594950766316174e+01 7.393627312104429450e+01 9.379634453111732739e+01
2.905961989428186565e-02 2.002905961989392836e+01 1.341407743127233410e+01 4.599597071995397357e+00 2.389062856623649012e+01 2.671178693770512780e+01 8.344659285475650279e+00 2.809861507535581993e+01 1.119684953035152830e+01 1.236738574985685268e+01 3.207812334254958131e+01 3.490136932333125230e+01 2.324647282668201242e+01 3.538564171463274732e+01 5.467879119021275613e+01 5.090099008969762906e+01 3.705680623292889919e+01 2.607051917508485772e+01 4.534400700184816202e+01 4.172193893386397434e+01 5.816921542125650291e+01 5.936436372526782179e+01 7.262023010555647318e+01 6.452427445026830810e+01 6.452427265245320598e+01 8.433751061489873280e+01 7.747563037026985455e+01 6.698476115954893828e+01 8.101566672955469528e+01 1.008719877601449468e+02 1.104115699612805912e+02 9.045395160224570930e+01 7.640458936662234635e+01 8.566517182477329584e+01 7.222073491264818301e+01 9.208710984688801204e+01 1.020586836097473338e+02
3.542675937824442400e-02 2.003542675937788786e+01 3.256078430972207727e+00 2.095558705686795520e+01 5.952353069997367463e+00 6.933042072055191518e+00 2.290474623811428856e+01 3.524129519285141043e+01 3.097676353186483311e+01 1.411924925959359811e+01 3.356196022235911869e+01 4.991620257780320458e+01 3.611741269082593675e+01 3.611698696155723809e+01 5.558750390991990287e+01 6.474517989736325774e+01 5.221954492247409974e+01 3.276442689235778971e+01 2.873696087391167353e+01 3.061218346476376340e+01 5.000714954861657446e+01 4.585676948791233798e+01 6.450535596775065983e+01 5.064279861306552988e+01 6.606892680922651095e+01 6.939454401557799201e+01 5.768109223390692364e+01 7.747563037026985455e+01 8.840435759624193679e+01 9.728461405890637081e+01 1.087491433320927712e+02 1.045671115403865201e+02 8.786602361755194579e+01 9.208710984688801204e+01 8.624465781580173029e+01 1.003529327558264299e+02 1.001995105728126418e+02
3.411803931810562102e-02 2.003411803931775026e+01 2.308997140762791833e+00 2.230481870441670367e+01 2.574133606648575778e+01 9.478494155790864184e+00 2.970776186543811903e+01 4.325306833727475464e+01 3.560873117667806298e+01 1.619190890199534749e+01 3.560873148686906831e+01 4.676831276355942890e+01 5.562348466299871319e+01 5.559667131048306743e+01 6.397596497271042892e+01 6.610507424870110071e+01 4.646797035516713237e+01 4.646797035516713237e+01 4.806000622018149215e+01 5.000714954824588432e+01 3.338288459418186704e+01 5.287840210139596309e+01 5.880516311040037891e+01 4.330995899419231421e+01 4.645623439344358729e+01 4.971992729489559792e+01 5.490782801295722493e+01 6.034677141667477684e+01 6.920277743045669183e+01 8.066689647158511889e+01 1.005223603572906370e+02 1.160891578370141417e+02 1.078196366914936704e+02 1.120415839489521801e+02 1.061920367778508592e+02 1.061185102723097202e+02 8.599501094408033453e+01
3.327314952832965272e-02 9.719196584561942132e-01 5.278372918903264654e+00 1.720354881307039463e+01 3.734820882191568359e+01 2.976205383819400652e+01 1.513462776098504925e+01 3.579859271125781817e+01 4.370680928255318776e+01 3.560873148686759038e+01 1.913690103253733454e+01 3.859318992490629796e+01 4.989070904028509545e+01 5.884079350215169057e+01 6.708861091356497752e+01 7.428006998778900538e+01 6.610507424870117177e+01 6.610507424870090176e+01 6.420682339288659080e+01 4.458542214628229061e+01 5.287839933820588101e+01 3.645284080590428744e+01 3.923948207728240334e+01 5.880516401313723662e+01 6.606892680925042782e+01 6.359000488827462760e+01 6.211206536254019284e+01 8.017891837842921632e+01 7.288097688137591490e+01 8.692095339978938284e+01 1.067779003126798045e+02 1.007746532708993215e+02 1.090362319745500344e+02 1.109270870669441962e+02 1.026672358085789227e+02 1.044740667952397928e+02 1.001995105730652824e+02
6.779948344387334846e-02 1.153052448966192856e+01 2.776881792478600985e+01 3.712004847681941300e+01 4.626551051725317620e+01 3.592065365523151854e+01 3.592065365524292986e+01 2.282643194079591709e+01 4.275543213713108770e+01 4.676831276119346370e+01 3.284615674041089051e+01 2.213822544998280151e+01 4.170676941875662891e+01 3.921450619352899736e+01 5.884079342661575396e+01 6.774370317286211218e+01 7.602787525287891413e+01 8.033575862071970164e+01 6.058192791951786660e+01 6.420682339296322994e+01 4.878561000480561205e+01 5.601006547526115043e+01 3.673480145401687480e+01 5.601437173596389840e+01 7.586559018637404961e+01 8.340794110003899675e+01 7.611130948356381509e+01 8.192593630265466231e+01 9.273691849691367395e+01 1.009630364047207820e+02 9.755209233476033148e+01 8.090594972219545866e+01 9.755209233476033148e+01 9.945066452877840391e+01 8.281570777586148324e+01 8.461676067852539518e+01 9.867652972008352208e+01
9.516927588586144779e-03 2.000951692758822986e+01 3.077289371764855730e+01 4.993461661731090828e+01 5.599348737673349063e+01 5.550999536076196961e+01 4.776282956153257686e+01 2.836926272839538044e+01 4.776282956153257686e+01 6.069046878670799572e+01 4.989070904028509545e+01 3.595522441207972975e+01 2.529084831892731700e+01 4.496291036923811646e+01 5.532299146382246846e+01 4.810483449931284383e+01 6.191573210125643811e+01 8.181366997505053007e+01 8.033575862071970164e+01 7.666852182599332366e+01 6.008943335369896488e+01 6.676038409139103180e+01 4.686884542315438296e+01 5.818656966140617470e+01 7.222787777965669420e+01 9.205155422725793812e+01 9.596368722944156104e+01 1.017799440649601621e+02 1.034233532742556321e+02 9.516808605775533181e+01 8.930345192860619363e+01 6.946599232075828922e+01 8.930345192860619363e+01 9.057279268549605433e+01 7.137636872892871054e+01 7.060436116991736810e+01 8.875151934786629226e+01
1.945935296826603253e-02 2.001945935296791035e+01 3.021998468417264405e+01 3.599348737607075321e+01 3.599348737609148685e+01 5.183704808139152931e+01 5.584891331394463521e+01 4.776282956153257686e+01 3.714694298460774746e+01 5.635126221192619766e+01 6.382619366849046827e+01 5.315151537791012260e+01 4.496290885648668478e+01 2.873373223752074068e+01 3.578139348045912982e+01 5.532299203739300708e+01 7.204509496638171129e+01 8.037057807564022482e+01 8.886562390390334087e+01 8.813679019300052175e+01 7.987597024966896697e+01 7.500879052785919043e+01 5.590072461529506143e+01 5.693994980043455456e+01 6.678981455828213143e+01 8.080588162396182383e+01 1.006663972388195418e+02 1.034233532742556321e+02 9.194846282229275403e+01 7.531572681261182822e+01 8.228985082349450408e+01 6.247694296328561592e+01 8.228985082349450408e+01 8.233789207989480019e+01 6.250933397793225055e+01 6.069001813275807677e+01 7.633405043096939835e+01
5.600688922766024203e-02 5.056006889227680823e+00 1.021998468417094763e+01 1.599348737606725557e+01 2.355277683625193319e+01 3.509978222004404103e+01 5.509978222003922355e+01 6.449811230808755624e+01 4.813908807587574046e+01 5.064427589063544133e+01 7.012914598439911629e+01 5.971635665552635430e+01 4.014232682747997671e+01 4.841528539940128439e+01 3.278815896445043876e+01 5.237173600596619849e+01 5.232318804927451339e+01 6.065864669885711891e+01 7.638429411469525121e+01 8.530872046658647889e+01 9.692208727154874737e+01 8.388346908164783144e+01 6.727674716094777807e+01 7.089502555625425373e+01 8.493064211547078912e+01 9.485219015622566019e+01 9.215897115705966769e+01 9.516808605775533181e+01 7.531572681261182822e+01 6.389180222174887547e+01 7.379906166263582179e+01 5.653093484589388140e+01 7.631603433456758978e+01 8.714735054866034147e+01 7.242361302891353603e+01 5.260384801088809326e+01 5.651046110862047556e+01
8.215197286175310309e-02 2.008215197286139642e+01 3.021998468417264405e+01 3.599348737607075321e+01 4.355277683624989038e+01 5.183704808139152931e+01 6.338405346358153025e+01 7.578416956627872025e+01 6.756930070207272365e+01 7.012914597915259662e+01 7.835194746183789505e+01 6.796941833497128016e+01 5.138450747741999436e+01 5.756483369610860734e+01 3.810145341611727332e+01 3.769144079568256700e+01 4.120888421670657920e+01 4.845608722067252216e+01 5.708695475962608157e+01 6.847489418626473423e+01 8.855393113261008864e+01 9.534065074688018626e+01 8.711076838625440644e+01 9.073613943139021387e+01 9.479892766854088393e+01 8.635216311926676269e+01 7.223131723298384088e+01 8.635216311926676269e+01 8.781934826794029902e+01 6.799166880236070654e+01 5.402969875607967509e+01 5.107494051366682442e+01 7.082863505021602180e+01 7.891475871276014686e+01 5.908955458768225810e+01 4.768246926879625391e+01 6.746867177440717001e+01
2.613274238814250472e-02 2.002613274238778729e+01 3.591888915697546025e+01 4.486316102820723728e+01 5.641016632742305603e+01 6.522659550692392827e+01 5.936936683267459358e+01 6.042517963720923291e+01 6.042531744528017157e+01 6.871306637398181749e+01 8.099380816443965614e+01 7.941131444219915636e+01 7.109787435476046369e+01 5.755862203231050245e+01 4.423162418151972730e+01 5.716536635692792601e+01 6.065864669885711891e+01 4.778415088504690544e+01 5.640255308178428351e+01 6.777740955003605450e+01 8.784944897441761213e+01 1.004624117086114552e+02 8.899575360878985464e+01 8.076294547147269043e+01 7.494905125329289319e+01 7.745267241748128129e+01 5.820950248618053990e+01 7.745267241749589004e+01 8.708535637630639314e+01 7.972473202225198463e+01 5.993072163772287553e+01 4.600948767917034843e+01 6.572825305247451411e+01 7.808730271654164312e+01 6.391496489742392839e+01 4.417100548337873533e+01 6.391496489742392839e+01
7.532853315450405152e-02 7.634617993339015918e+00 1.657888990333801615e+01 2.812589528713032649e+01 4.812589528655412607e+01 4.522718128345920974e+01 3.936936552180008420e+01 4.042509424854404898e+01 4.042509449844983749e+01 6.042531969997142482e+01 6.099355074142621902e+01 7.513676141989294877e+01 8.558243843802155482e+01 7.024576054763986122e+01 5.062133098925735197e+01 7.024576054764172284e+01 7.334546340040688506e+01 5.356009550793709906e+01 7.334546340040688506e+01 8.460695867121329172e+01 9.621763008504656511e+01 9.222114706112525084e+01 7.237495978229584637e+01 6.093668130806322836e+01 6.093668130806322836e+01 6.918700546695710329e+01 4.938678250529526537e+01 5.894320676936374070e+01 7.879964538756912873e+01 7.616962280881745073e+01 5.639472467625181196e+01 4.249519135792849767e+01 5.747949732608483231e+01 6.409210446763745495e+01 5.009690634984674062e+01 4.083114824881026550e+01 6.052890379280407984e+01
6.101047412966256744e-02 2.006101047412930782e+01 2.497364265253539273e+01 2.749340635924039589e+01 3.035054995039699222e+01 3.326783699823892704e+01 2.522722999822383017e+01 2.628295808845343728e+01 4.628300814569288235e+01 5.530442666011767727e+01 4.685141237507038170e+01 6.099355074142621191e+01 8.099380816405547989e+01 7.851182276434633422e+01 6.032794361792225857e+01 7.851182276434633422e+01 8.168397327180581158e+01 6.487604605512193245e+01 6.746974495976147068e+01 8.753070253732870754e+01 9.497107400803871258e+01 8.350995137801542967e+01 7.464503273612471901e+01 6.642429902479950954e+01 4.953713768444631427e+01 6.258693114640318100e+01 4.284850622158536027e+01 5.677462344011811268e+01 7.661908323960224720e+01 8.061243994932885926e+01 7.039827933905128532e+01 5.747949732608483231e+01 3.782064457877646646e+01 5.302055033638167458e+01 3.624089130155254423e+01 3.889243976355685817e+01 4.158673266327454598e+01
6.842009524227352091e-02 2.511808982368382903e+00 4.973638801955048372e+00 7.493401955349908050e+00 1.035054481249279057e+01 1.326784464245070616e+01 1.628295808822839419e+01 2.231318497978377380e+01 2.863774030012064387e+01 3.530440696678754620e+01 5.530444001709271618e+01 6.922599547891159943e+01 7.817067320578598810e+01 8.845691650110013882e+01 8.016357747736120132e+01 8.845691650110013882e+01 9.327972777808521698e+01 8.491490264931891829e+01 8.753070254329522015e+01 9.589820026092547778e+01 8.673389407127049822e+01 6.689717405741276934e+01 5.547661873695042800e+01 4.667128402193057468e+01 4.333125820513888016e+01 5.765232491519874714e+01 3.795409069655640621e+01 5.765232491519874714e+01 7.496939367432057111e+01 6.113456340093290464e+01 6.685520784115740867e+01 6.327904108698755437e+01 4.757610223364860502e+01 3.337869166298037982e+01 5.302055033655222616e+01 5.856291027230520996e+01 5.549464951070186913e+01
1.934550753332892059e-02 2.001923787921572995e+01 2.497362878644997508e+01 2.749340635546526102e+01 1.602143060957464016e+01 3.326785065781550088e+01 3.628296905698128683e+01 2.294962475489517928e+01 2.794962475489526810e+01 3.427418007523225185e+01 4.094084674190010276e+01 4.988511865268567647e+01 6.402725671506465233e+01 8.402754561942307987e+01 8.554845874730786193e+01 8.673485776306760897e+01 7.829374674834485859e+01 8.095473701904288077e+01 8.938604875450403142e+01 8.424851759115703942e+01 7.601836004540622582e+01 7.481606632213883756e+01 7.464503004786590168e+01 5.711263837680086652e+01 3.742201896080271695e+01 5.313323685775312555e+01 3.344465439914745986e+01 5.313324005597466737e+01 5.798165645169195415e+01 4.742049350042174183e+01 4.742063210807970108e+01 5.661585568964644466e+01 4.898863492539409492e+01 3.168573446137534333e+01 4.555741473206903436e+01 6.527643304194634766e+01 7.530207119120464654e+01
4.364784840791047227e-02 8.987919758428322581e+00 2.053492516997419770e+01 4.053498850675762810e+01 3.602143828734010356e+01 2.544952102544001349e+01 4.544953555065040973e+01 4.294964120802453778e+01 4.209176064075938939e+01 4.427955834018528947e+01 6.094089486648843490e+01 6.922599547891159943e+01 7.817067320578598810e+01 7.938543571414717803e+01 6.480698910287136982e+01 7.473025671231214062e+01 5.732971062303800380e+01 6.007446467012044877e+01 8.095473701904288077e+01 7.601836004540622582e+01 5.617261250604711620e+01 5.496842647416270466e+01 5.496842647416269756e+01 5.291458414145600386e+01 3.322606381924371277e+01 4.723099938094571115e+01 2.922459523481373367e+01 4.315071276132030675e+01 3.825444580446647080e+01 4.494278924637735173e+01 3.361370182136833762e+01 4.571792056668472526e+01 2.930613187940050324e+01 3.424335602752334040e+01 5.358178044220503011e+01 6.705834816542810017e+01 7.405127219045732545e+01
5.219006137575642884e-02 2.005219006137540205e+01 3.727276115050284488e+01 4.881951994536642303e+01 5.373413630391016937e+01 3.959165685455626971e+01 3.959165685455626260e+01 5.959170574549747101e+01 6.209183464511060890e+01 6.427966717069320168e+01 7.256505691997188023e+01 7.468730428170175628e+01 8.310289611018785649e+01 7.088202490995189464e+01 4.967739693682804614e+01 5.747104064363364984e+01 4.483277403810774331e+01 6.007446467012045588e+01 8.095473701904288077e+01 7.889389046493954538e+01 6.198529738260916133e+01 4.213858937431667329e+01 3.516338189406360470e+01 4.688305080120085933e+01 4.723096930641450086e+01 2.751094968767872118e+01 4.178926642640433897e+01 2.335506535984206877e+01 2.427556439315868531e+01 2.519967615449154863e+01 2.612689683367146287e+01 2.706477589997111366e+01 4.677378614718576699e+01 5.358084071038690155e+01 4.181302972811427310e+01 4.755187454391786162e+01 5.427229619677557793e+01
