LEM/with_lateral_4open/elevation_000521.asc
nrows	100
cellsize	150.0
xllcorner	0
ncols	100
yllcorner	0
NODATA_value	-9999
[rows 51 to 67 of 100, columns 0 to 36 of 100]
6.455108993161302877e-02 6.640417392617939951e-01 1.263801883165861728e+00 1.864914972944150540e+00 2.467117036603829305e+00 3.070139725759357674e+00 3.674813786305513919e+00 4.287090636708660973e+00 2.452617108009399161e+01 2.590373351531892965e+01 9.992064484356866672e+00 1.516769125447754263e+01 2.171362298948324110e+01 4.169133168727272221e+01 5.902382068700435269e+01 4.250863916083262950e+01 4.256347551132451201e+01 4.569306170154211344e+01 2.563218392278605151e+01 3.464481950297331991e+01 1.594079770811511665e+01 1.880454051701608265e+01 3.869481399295086277e+01 4.682523439816389299e+01 3.701638180036383829e+01 4.196397382939481702e+01 5.337537142671722989e+01 7.350801084767134341e+01 7.027268847866125157e+01 5.003021915115551366e+01 6.164127055579985637e+01 7.006818066213024565e+01 6.810014682919751294e+01 4.789140022916178907e+01 6.810014682919751294e+01 6.682310835266797255e+01 5.247313607643764044e+01
3.995603441288197999e-02 1.889400577431460349e+01 1.282779889146972074e+01 2.179247056356181034e+01 2.246022258300568453e+01 1.868369414326315692e+01 7.657418874962153232e+00 2.127023778434193702e+01 5.158306696268890157e+00 5.776554117682924705e+00 6.396105431043192624e+00 2.652727080305066565e+01 3.571953729745514750e+01 4.992404744751330981e+01 4.013904607708904138e+01 3.969051942614052564e+01 2.214076812773014069e+01 3.300923526582618450e+01 3.381648310020131731e+01 1.478101922071217089e+01 3.497454990943297304e+01 3.869593824266696913e+01 2.293534397711706418e+01 2.646769511024922039e+01 3.058008772668163999e+01 5.071997301780861278e+01 6.537065068362967679e+01 7.529724012053024751e+01 7.871781680277629789e+01 7.027268847866125157e+01 6.077255172206957923e+01 8.118199455543052068e+01 7.453491792892577905e+01 5.418638503195855094e+01 7.453491792892577905e+01 8.117308062889820519e+01 6.903628869325522999e+01
4.804567899273937126e-02 2.004798722993263382e+01 3.207840784091134623e+01 3.994727874020932745e+01 3.135838941517537037e+01 1.329671330183442990e+01 2.607414937624506024e+01 1.626720959423519020e+01 2.527868136071631255e+01 2.169980940610945197e+01 2.652846506927161130e+01 7.291009257093906015e+00 2.742766689634828481e+01 3.661266075016757782e+01 3.605091521902041762e+01 2.189127983075435679e+01 1.202434981772678846e+01 1.282878665788259376e+01 1.363495517886531339e+01 3.381648313731407285e+01 2.910403093048313750e+01 4.914769463480388367e+01 4.319887944870563246e+01 3.384532706662663060e+01 5.071997301780861278e+01 3.739023820136073795e+01 4.722060530098176656e+01 6.117397029779013451e+01 8.114315204213284005e+01 8.962181241867422443e+01 7.253093557953734205e+01 8.962181241867422443e+01 8.226736475054791242e+01 6.180923343453792285e+01 8.226736475054961772e+01 8.611008903648834689e+01 6.565605568919139046e+01
9.707512844716031930e-02 9.041951337589184234e+00 2.060708846787801463e+01 4.080973194418425010e+01 3.530241292462209657e+01 1.726857905463970511e+01 3.530122185930047607e+01 3.463463796229986258e+01 2.883921858671732252e+01 4.403146680316920225e+01 3.573155330043949363e+01 2.742423078494640620e+01 8.188203309269193042e+00 2.832951658821450280e+01 2.991790434429438150e+01 1.089201939644399353e+01 3.082694707594958672e+01 3.297520729484966751e+01 2.520850953933467409e+01 4.164810334055107433e+01 4.914770050282960767e+01 5.741989247064805113e+01 6.220964640021348657e+01 4.396603554488467580e+01 6.220964640021348657e+01 5.712170675847164603e+01 4.542211825207275666e+01 5.417484957747761598e+01 6.565023805839416582e+01 8.565982587921654101e+01 9.299956088613822658e+01 1.014127732890288627e+02 9.070479805440974985e+01 7.626993314238225707e+01 9.070479805397287976e+01 8.257706823750429237e+01 6.212860214999167141e+01
5.001202446392439237e-03 2.000500120210661947e+01 3.741640107129710202e+01 4.926239188816136760e+01 3.530241109393505639e+01 3.530241560970660686e+01 2.355352093221267396e+01 4.206004143747456681e+01 4.124892404015390213e+01 5.460686645090355995e+01 4.279711826918463657e+01 3.057644762246808057e+01 1.091775186897016781e+01 9.111503679397644717e+00 9.764990854947646071e+00 1.091583865511821649e+01 3.102578774354799407e+01 4.086175468262113952e+01 4.433098597415935416e+01 5.231133550854895731e+01 6.312393330031643046e+01 7.462993303167495185e+01 7.218740849333561016e+01 6.391146227599859486e+01 7.218740849333561016e+01 7.346631212519686471e+01 5.522295497763089855e+01 7.346631212519703524e+01 8.238813697174759909e+01 9.393557910137838007e+01 1.097490624244135944e+02 1.043217305118194389e+02 9.606164927080983773e+01 9.674644547842267173e+01 9.705244637575360400e+01 7.658117029216244021e+01 8.257706823750432079e+01
5.279685921607564503e-02 1.159980224571439145e+01 2.574193880155738512e+01 4.574219179067109309e+01 5.448869502669466414e+01 4.733144939675801055e+01 2.832511770571653642e+01 4.733144939675801055e+01 5.988455057560830141e+01 4.879072926293419954e+01 2.865710742093272856e+01 1.475090787942375670e+01 3.060083306690220439e+01 2.926109421567409541e+01 2.063255196989149454e+01 3.100599205861053065e+01 1.254590716569928510e+01 3.265473829455541477e+01 2.583732169271864265e+01 3.489208282759940971e+01 4.644610470924624934e+01 6.638555128517910475e+01 6.781888519277288196e+01 6.523386382923220594e+01 7.349295999549870828e+01 8.344393546093625957e+01 7.516350275835571892e+01 8.344393546093633063e+01 8.743681323059342958e+01 8.160455517179266849e+01 9.567680880259372600e+01 9.277647691088583315e+01 7.604175023324768290e+01 9.277647691130681551e+01 1.054492577456524032e+02 9.705244637575361821e+01 9.590655793067753621e+01
5.738623160518319517e-05 2.000005738623125140e+01 3.588891251646868596e+01 4.483325727752139045e+01 5.638042284412512117e+01 5.554647242062383583e+01 3.901151616486355778e+01 3.901151616486356488e+01 5.869668954931624683e+01 4.913662207962522643e+01 2.912734956853367763e+01 1.756735915745315069e+01 3.759368465102220824e+01 4.710445684662836641e+01 3.892678290456116486e+01 4.087917834734003009e+01 3.267202484124651818e+01 1.417588976602457329e+01 2.845279817368833264e+01 4.853543293697669725e+01 5.146119331532958796e+01 5.970873756116207431e+01 4.793165857829186649e+01 4.535447336724772072e+01 5.939881774008534165e+01 7.932091123472262950e+01 8.020061302113766999e+01 8.156715008545295120e+01 6.745749135914435612e+01 6.745749135914435612e+01 8.207013532494683261e+01 7.378437818125146919e+01 6.445015961940825377e+01 8.450315517232469631e+01 9.920045117267696355e+01 1.107333480807435961e+02 1.045348976284904268e+02
4.532054705376769438e-02 7.604610007238345126e+00 1.654888191723766155e+01 2.809588730123766709e+01 4.809589547399558285e+01 6.695390482094680351e+01 5.869668954931624683e+01 5.026678683376091783e+01 6.695390482093156947e+01 5.735795206985643802e+01 4.518118504948188274e+01 2.511161128910073259e+01 2.243689511406142856e+01 4.254361753314295669e+01 5.660350278029486759e+01 4.793626522155344816e+01 2.929725692859887332e+01 1.533772536586817203e+01 3.553098559250168620e+01 3.861915325385117370e+01 3.146126728099560665e+01 4.527206587581194697e+01 3.386570744020250601e+01 5.375649239467977480e+01 7.349295999549870828e+01 8.020061301480171778e+01 6.021805793830064601e+01 6.388492510800702462e+01 5.331718290067608734e+01 7.330929908424987218e+01 6.670027290641640150e+01 5.374750268283379739e+01 6.191415209022400035e+01 7.089662512163253894e+01 8.248365135069498422e+01 1.024799991241777377e+02 1.193456807221936344e+02
9.001595176218035732e-02 1.423215157549300613e+01 3.423215157549229559e+01 4.237318723161964584e+01 5.065745847908183919e+01 5.142012779349398244e+01 5.970439904095955796e+01 7.021215081019627746e+01 7.846631328760150836e+01 5.932603522350109415e+01 3.933188836732597338e+01 4.518803839745998374e+01 3.010827868630644133e+01 2.830941065275746382e+01 4.832024898086413600e+01 5.254068125234091724e+01 3.914269392583729967e+01 1.904490895645252024e+01 1.708246760156083610e+01 1.833378293690502403e+01 1.961783067061649177e+01 2.518504707482744109e+01 4.527189602995188977e+01 6.193642744990737015e+01 6.775379548358283444e+01 7.603542213669400951e+01 6.388469490586246735e+01 4.398950405830234445e+01 5.759769353389736324e+01 6.022606616262110890e+01 4.674542567243543800e+01 6.670027290641640150e+01 7.735372464548753157e+01 8.563607718404084324e+01 9.459348153637789380e+01 1.061351912628226728e+02 1.127736079965724230e+02
5.674351268809080251e-02 2.005674351268773492e+01 2.711227508428550337e+01 2.237318723161893885e+01 3.509019617493916599e+01 3.142012779349327545e+01 4.696175345752659069e+01 5.403282126939182461e+01 6.231709251685342821e+01 6.765395177694684037e+01 5.932603522350109415e+01 5.838536447527054918e+01 3.907967967987192281e+01 3.273617277510774670e+01 5.267021323359393392e+01 4.474648144596559973e+01 2.475261077904275453e+01 3.918873115557942555e+01 3.146301630799817062e+01 3.275545830318274199e+01 3.991595342917362643e+01 2.156634261127948449e+01 4.176521455990543075e+01 5.196456709909170257e+01 4.781702500721157634e+01 6.451531440597182154e+01 5.874783660102342964e+01 3.893407216519412373e+01 3.780439433858798992e+01 4.039870448278274750e+01 4.370803378702969866e+01 5.025241107993904421e+01 5.729270091558345257e+01 6.626768185988721882e+01 7.786389167371538633e+01 9.787722510107263929e+01 1.094728594688493502e+02
9.518805923843161321e-02 3.576741178352396133e+00 7.112275084285148985e+00 1.082618184782621817e+01 1.509019617493846432e+01 2.063719813719065854e+01 2.696175345752730479e+01 3.403282126939253516e+01 4.557982665318463944e+01 6.557982665318321835e+01 7.314827549688853026e+01 5.316077822148147902e+01 5.723674402202232869e+01 3.733169779269584865e+01 5.723674402202232869e+01 4.888179911459072713e+01 2.904413499706377877e+01 4.888101724666607595e+01 5.151145997197254189e+01 5.277536512937302859e+01 3.816002811696090902e+01 4.182122291846140882e+01 2.357910871174667022e+01 4.374384862178597899e+01 3.638597276848729933e+01 4.907485284238423162e+01 5.080119275886735863e+01 3.416759775571684798e+01 5.395085895457717839e+01 6.022606616262110890e+01 6.359152482087718994e+01 4.939986204563018646e+01 6.936696602748692442e+01 8.074104539701360750e+01 8.708311527426829457e+01 8.122590068910399452e+01 9.538111830712526285e+01
9.062254805971975413e-02 2.009062254805936476e+01 2.711227508428550337e+01 2.237318723161893885e+01 3.509019617493916599e+01 3.142012779349327545e+01 4.063719813718995510e+01 5.403282126939182461e+01 6.231709251685342821e+01 7.386409790064453773e+01 8.146675529309052877e+01 7.314827549688853026e+01 6.221800837095514680e+01 4.229295097522395963e+01 6.221800837095514680e+01 5.711975924690879935e+01 3.796538836501159153e+01 3.660654716253448981e+01 5.634054883139096859e+01 6.638198150552265986e+01 5.811167661848582355e+01 5.155925736452945074e+01 4.167856302898347565e+01 2.562195871394113666e+01 2.739393661190761975e+01 2.918295554426397231e+01 3.096705716943647246e+01 5.080119275886747232e+01 6.221985765353949205e+01 7.469742352585525680e+01 7.699706834343106721e+01 6.349415859134698792e+01 5.581869480371479142e+01 6.067026359422276016e+01 6.702772938221644949e+01 7.707663399804135906e+01 9.124311660857051720e+01
3.063233560239582431e-02 1.417276795933347167e+01 3.417276795933417333e+01 4.237318723161964584e+01 5.065745847908183919e+01 5.142012779349398244e+01 5.970439904095617578e+01 6.892146938464985340e+01 7.301690456523832040e+01 7.159605491201227778e+01 7.951552847734490115e+01 8.192380749500189552e+01 6.188865153147538933e+01 4.778636929326646055e+01 6.775681285106220741e+01 6.597818258205330721e+01 4.931046992905507409e+01 5.634055165111250574e+01 4.497337119591029619e+01 6.479068086441654373e+01 6.776912792991953438e+01 5.226184937364325833e+01 3.242982244331903985e+01 4.568114664038414929e+01 2.961005032519054581e+01 4.907485284257153069e+01 5.080119261984034296e+01 3.498786623261930373e+01 5.479996371608563521e+01 4.098282544565096686e+01 6.938098813537057197e+01 8.350438420144335794e+01 7.587316578750336760e+01 8.074104539701360750e+01 7.487628544942650421e+01 9.489982840254060648e+01 1.053430768134257249e+02
5.666595628964066211e-02 1.419880175705717029e+01 3.419889708536128836e+01 4.080701947371650817e+01 3.244438492179948952e+01 4.080814721801919376e+01 5.122188673118652247e+01 5.975465816644971540e+01 5.365888606622169021e+01 5.219969283368988044e+01 6.602136951684674671e+01 8.505453599898400796e+01 7.442906976504373517e+01 5.441229902309906663e+01 7.442906976504373517e+01 7.747720334848824564e+01 6.919192349915734042e+01 5.548999526648173486e+01 6.479068086447445296e+01 7.307465506271877587e+01 5.949618103596432661e+01 3.968414783632890419e+01 5.226184937364325833e+01 5.223532227780048487e+01 3.240273373861607098e+01 5.223532227780048487e+01 6.307151388080685450e+01 5.479996371608563521e+01 3.913037437006160246e+01 4.225651822500201860e+01 6.208858566124224865e+01 7.241561433732886144e+01 7.846644607932911697e+01 8.674867605453680142e+01 9.489982840254060648e+01 1.031566474535044051e+02 1.166979126436543197e+02
2.110006612196471329e-02 1.416323568739571925e+01 3.416322026474323081e+01 2.858098476117282161e+01 1.236568757487361481e+01 3.244438492179948952e+01 3.063272855279681650e+01 5.081420289845324589e+01 3.950518729628382175e+01 5.932838109631654788e+01 6.946459417671478320e+01 7.797891665813862971e+01 8.274993797076749047e+01 6.855610615433766952e+01 7.074888513562794401e+01 9.080401352517809244e+01 8.375953781384481545e+01 6.544130053280359505e+01 8.375953781384481545e+01 6.839408119876577530e+01 4.849777157773542768e+01 5.949618103596432661e+01 6.776912792991953438e+01 5.503650940098537347e+01 3.522912530068050074e+01 4.919500754365690653e+01 6.913914236123484613e+01 6.726201966417875155e+01 5.312588340372450801e+01 6.208858636586003144e+01 4.690359433073565754e+01 5.238020172332723234e+01 5.839810752288134665e+01 7.846644607933185966e+01 8.918265261189328896e+01 1.091637953092393758e+02 1.084407672177065649e+02
9.367352646185668485e-02 2.009367352646150096e+01 2.486955502241477944e+01 8.551851721516650073e+00 2.858110623698901875e+01 1.636566635667775671e+01 3.558361563424065110e+01 4.332956746166971840e+01 3.277969951885329181e+01 5.319801840285890648e+01 4.864335044413051889e+01 6.338754688504192103e+01 8.413588416745405141e+01 8.860765816533404404e+01 9.080401352517809244e+01 9.137303457135267593e+01 9.377811445445556160e+01 7.963380047721859967e+01 7.993999884323172012e+01 5.994188286301056934e+01 6.839408119876577530e+01 7.668165415501283633e+01 5.971448566077738462e+01 3.986751324760560777e+01 5.503650940098537347e+01 4.451238818034314448e+01 5.856024627029681540e+01 7.857346347085973548e+01 7.311428734051382605e+01 7.514949865395253426e+01 6.685879068291900751e+01 5.332052893607302479e+01 7.336067149337566207e+01 6.913446594765785846e+01 8.332529046013674190e+01 1.033235757689666627e+02 1.062612660720957933e+02
3.648181865326004941e-02 2.444198880368638527e+00 4.869555130731958670e+00 2.390128459080489520e+01 3.231407492507965884e+01 3.639167269393677628e+01 2.067930332788978021e+01 2.421594744724997383e+01 2.893721864165206981e+01 3.565071196325691005e+01 4.749467497188840781e+01 6.223697089548577566e+01 8.300242259517607124e+01 8.749233827763217164e+01 8.549346515268676683e+01 7.138868902851224618e+01 8.549346515268676683e+01 9.966431128591815991e+01 8.823038802867235120e+01 7.406948303703666170e+01 8.823038802867235120e+01 8.297002500174586714e+01 6.312730539627547444e+01 4.322731769280754577e+01 6.312730539627547444e+01 5.856024627029695040e+01 5.856024627029695040e+01 7.857346347250583563e+01 9.279796402818779200e+01 7.276290578253299657e+01 6.116595802171552521e+01 6.488433121308403884e+01 8.164834531086495417e+01 8.918265261189331738e+01 9.745151474037285766e+01 9.729358253938337953e+01 1.006334586076093132e+02
