LEM/with_lateral_4open/elevation_000620.asc
nrows	100
cellsize	150.0
xllcorner	0
ncols	100
yllcorner	0
NODATA_value	-9999
[rows 17 to 33 of 100, columns 0 to 36 of 100]
5.222468517465790605e-02 2.005222468517430201e+01 2.334066012099680520e+01 1.899020177525230224e+01 2.059539482099672725e+01 2.059541244114969061e+01 4.086390254923710330e+01 3.285183348388897429e+01 4.969071572559141714e+01 4.647817467301504735e+01 2.616483044824837734e+01 4.647817467301504735e+01 6.017885529389229760e+01 7.175727098630555645e+01 7.907408737963365297e+01 7.080821069574814430e+01 7.907408737963365297e+01 7.219103886694639982e+01 8.629925948554181048e+01 8.340367089335528306e+01 9.166408105470164003e+01 8.993069041654098328e+01 7.993744544004719899e+01 6.789298844049542936e+01 5.411927220418606055e+01 3.413805927856486022e+01 3.483003128093587009e+01 5.486507873247975908e+01 5.985266489819718316e+01 5.618337980417764754e+01 7.617911128738354876e+01 8.579698497903923737e+01 7.358041761445592499e+01 5.214719376912550786e+01 5.842483969073359873e+01 4.318531641043625058e+01 4.690679108409847942e+01
7.333276091007127906e-02 1.611794311163968763e+00 3.154827992368135714e+00 4.726177929148150270e+00 6.317301196331496449e+00 2.653159517649948995e+01 3.058298994764239254e+01 2.107920586872800683e+01 3.533868558403382565e+01 3.844378484102431059e+01 2.264479026476381662e+01 3.288890014658850447e+01 4.722948235060985667e+01 6.745114050825763741e+01 6.899181145884692512e+01 5.080788067189157431e+01 6.540144776162186702e+01 5.805893961201606857e+01 7.803613635839330698e+01 8.758790097793863083e+01 9.756391361759409619e+01 8.164784709270419683e+01 6.166552526079227903e+01 5.167962009130628331e+01 4.413247948687845224e+01 3.830924487252872268e+01 5.486507873247975908e+01 3.915723302413342566e+01 5.921518728541191479e+01 7.202479157467507775e+01 8.446324424463594482e+01 7.735077541863000761e+01 5.639271508789320819e+01 4.544969464070551624e+01 3.647038181510750832e+01 3.072489765908015968e+01 2.566013902284484161e+01
6.343274376862209629e-02 1.507924156584197206e+01 1.326132452809332030e+01 2.492142883976945811e+01 2.653133436348777607e+01 8.634624948911406861e+00 1.031930568896066269e+01 1.202278809705363649e+01 1.501294282143912184e+01 1.808777913963544393e+01 3.843594629152165965e+01 5.129690404272443516e+01 6.146128370949522690e+01 6.340586475032834102e+01 5.501313235925756118e+01 4.074203475116122064e+01 4.537927229743319657e+01 5.118070023336445473e+01 5.935495254167844337e+01 6.934748887078202984e+01 8.930371018124048987e+01 8.993069041654098328e+01 7.993744544004719899e+01 6.443277515917716869e+01 4.459342442250375171e+01 5.823156582485842847e+01 6.650106492626908050e+01 5.921518728541196452e+01 4.365085574837476656e+01 6.211857500805236754e+01 7.917173720087014033e+01 8.579698498018153430e+01 7.540100566125019554e+01 6.676208200963998252e+01 5.842483969073359873e+01 5.255726401337972931e+01 4.720824887976181827e+01
3.497053469895897854e-02 2.003497053469860489e+01 3.234639290788977917e+01 3.336616730547079612e+01 3.655418444802715072e+01 1.624541881478719318e+01 3.058298994764239254e+01 3.230983979296807007e+01 1.508204909151037398e+01 3.540919087926798881e+01 4.133898361000870381e+01 4.403368616628882393e+01 4.679713758957142034e+01 5.017116548921398334e+01 3.498424074418398533e+01 4.511373949611749623e+01 5.929801575165788563e+01 7.117261703520006222e+01 6.532549214384984282e+01 8.528882524878720517e+01 9.756391361759409619e+01 9.433117746448432683e+01 8.541291320878761439e+01 6.903668694934417260e+01 4.925009680641002774e+01 6.903668694934417260e+01 8.136954661051517235e+01 6.724497361253176564e+01 4.720641773640885930e+01 5.474316870322461170e+01 7.386381533549943867e+01 8.830276176606817273e+01 7.824815194558873088e+01 6.992788677937431885e+01 7.128852579625797148e+01 6.296874301207540725e+01 5.178868707474950384e+01
9.635555453094322986e-02 1.423849117826201827e+01 3.423849117826271993e+01 5.323113872432032423e+01 3.655508249555559530e+01 3.062610945554923703e+01 4.491287384429582374e+01 4.259723586596091138e+01 2.226631079094199350e+01 1.835507130038511292e+01 2.097637020723777113e+01 2.368513228143947913e+01 2.648531070361378426e+01 2.992540972878783734e+01 5.017116548921398334e+01 6.340586475032834102e+01 7.341016024925345107e+01 8.752230474684893125e+01 8.528882524878720517e+01 9.355000943233589794e+01 1.001748272884543951e+02 8.020112736282358412e+01 6.612914964121662820e+01 5.728835476776901459e+01 6.230392741904478981e+01 7.729405251540688937e+01 7.309370260015244014e+01 5.303661334032079111e+01 5.540088464912610533e+01 7.276426442316095233e+01 8.282245545826846467e+01 7.999174293766388644e+01 5.986403062108462336e+01 4.980071647833968740e+01 5.986427549412078974e+01 4.280006285522141241e+01 4.622373556286708407e+01
8.845047570523793812e-02 2.008845047570488163e+01 3.652947696859679638e+01 4.652947696859697402e+01 5.676289307951569896e+01 5.086889005786419204e+01 5.536520960852985240e+01 3.517727054265012754e+01 4.259723586596091849e+01 2.362532547372064329e+01 4.133904367194337226e+01 4.403368616628882393e+01 4.679713657535477722e+01 3.398878600231358860e+01 4.829509005801362775e+01 6.830831916231264245e+01 7.882634328527350931e+01 9.010241748895613512e+01 9.280208243999180695e+01 8.438808802458598279e+01 9.280208243999180695e+01 9.433117746448432683e+01 8.541291320878761439e+01 6.717847941889127128e+01 8.107492493121307575e+01 8.678270142550556443e+01 6.655356111519924411e+01 5.778735278824049004e+01 7.513337388068019607e+01 6.936263457557335244e+01 8.906517097598883481e+01 8.830276176606817273e+01 7.824815194558873088e+01 5.986430978374173151e+01 3.973674208530210450e+01 4.650114835533036484e+01 2.631756648583442981e+01
8.023991185656004221e-02 8.245205721133892496e+00 1.824520572113407013e+01 3.238734134486551852e+01 5.238734134486622196e+01 6.326772555031527645e+01 6.365978191627628036e+01 4.948894408941842471e+01 5.227950343977720848e+01 3.279144936328188464e+01 3.386455206559740105e+01 5.405860114874535327e+01 6.242652720073490968e+01 5.415683335769191586e+01 4.307531398985518223e+01 5.069105789681961483e+01 6.224313744256320291e+01 8.202620696425195490e+01 8.279644528211326815e+01 6.450186690227978659e+01 8.279644528211326815e+01 9.211213930837296004e+01 9.538565619816309038e+01 8.710519502185833574e+01 9.538565619816309038e+01 9.507051047614847050e+01 7.960388433699780819e+01 6.263453007168166664e+01 8.239172720331373512e+01 8.906517097598883481e+01 9.730099968003682420e+01 8.312570648567523790e+01 6.300864657888971010e+01 5.590391980903632430e+01 3.575689611068602147e+01 3.099901353487163291e+01 4.650114835533036484e+01
4.598823041778624804e-02 2.004598823041743216e+01 2.963816206054668356e+01 3.498338690781027083e+01 3.498338699090880510e+01 4.993431629870748623e+01 5.887858428403679056e+01 6.955176952081008324e+01 6.129224704221675069e+01 4.451366932124272324e+01 4.818430873668624770e+01 4.818430873668624770e+01 6.824039755928379236e+01 7.133778060498366358e+01 6.310691530699021712e+01 7.063540317283550962e+01 7.882634328527350931e+01 8.269673728634160170e+01 7.444497746343292022e+01 5.479057215416018778e+01 6.384998515513964890e+01 8.371942785838118084e+01 8.427555806745921529e+01 9.271797336112548749e+01 1.044409273410210659e+02 9.642120275673627816e+01 7.658052815664274249e+01 8.239172720331373512e+01 7.192446396770583306e+01 9.172649339722717343e+01 9.214407850888670737e+01 7.724608308573564841e+01 5.711130728432831916e+01 4.291344466912607203e+01 5.590391980903632430e+01 5.128187583876693623e+01 4.538728750311259574e+01
7.340434288523949025e-02 4.787449550795575881e+00 9.638162051522277451e+00 1.498338688977081112e+01 2.165005355643735996e+01 3.059432546643635931e+01 4.473646108945668942e+01 6.473646034483348899e+01 7.286775350505709525e+01 6.458875617708912387e+01 6.824039755924265194e+01 6.824039755928379236e+01 7.651764079455084300e+01 7.627268328293223476e+01 6.804652308710019781e+01 7.627268324761655549e+01 7.718496079017626244e+01 6.332014868198096025e+01 6.722513938494499541e+01 4.788988419526165785e+01 6.712121516134617139e+01 7.278914208557031884e+01 6.438050198995648543e+01 7.572567181214759557e+01 9.595491989168240821e+01 1.046935077804137535e+02 9.642120275892645509e+01 9.999329474627214154e+01 8.073312382192625591e+01 9.999329474627214154e+01 8.383649802549300034e+01 6.371872508346186947e+01 5.363072288006154054e+01 5.449476146596903448e+01 7.133601584101025139e+01 6.551264943616753555e+01 6.551264943616753555e+01
3.515918393995972474e-02 2.003515918393960504e+01 2.963816206051941649e+01 3.498338690781027083e+01 4.165005343547539240e+01 4.993431629870748623e+01 5.887858428403747268e+01 6.049968160545947882e+01 6.049968160545947882e+01 6.896711670840656438e+01 7.646860507804059637e+01 6.786458056722614174e+01 7.646860507804059637e+01 6.637857216952396300e+01 4.828791136695052444e+01 6.637857216952396300e+01 6.891817992004581583e+01 4.963803065177524587e+01 5.636905421899086122e+01 4.241400189804513587e+01 4.751518056466056095e+01 5.316126930573927467e+01 6.694131947974319985e+01 8.690703473091005549e+01 9.146017226563542124e+01 9.146017226563542124e+01 9.972256733554638686e+01 1.089006479873196724e+02 9.477097002088389388e+01 1.089006479873196724e+02 9.214407850888670737e+01 8.209419842651557531e+01 7.377761155447655028e+01 7.463882992782838244e+01 8.295476260896444387e+01 8.561257815415608263e+01 8.276418760708094169e+01
4.608085242692564615e-02 1.418821647615553161e+01 3.418821644433207751e+01 5.232719935234741371e+01 6.061210328835390726e+01 5.693153478926959110e+01 5.464429024678999269e+01 4.032146378517505525e+01 4.032146378517505525e+01 6.049968160545947882e+01 6.602656634501683186e+01 4.693405948790545779e+01 6.602656634501683186e+01 5.816721722689708685e+01 3.837614674892203226e+01 5.816721722689708685e+01 6.000134516388107642e+01 5.233471434423446311e+01 3.719044758242183235e+01 5.684646745913803301e+01 6.712306326904268872e+01 7.278914208557031884e+01 8.114924911777707450e+01 8.566593515135333803e+01 7.160930296716031762e+01 7.160930296716031762e+01 9.146017226563542124e+01 1.112285645437594184e+02 1.147418871076728237e+02 1.063890540704302481e+02 8.638250793719168996e+01 8.638208093244578833e+01 8.002832800040161487e+01 7.420397232771992435e+01 8.152185414672821651e+01 7.705206092001861862e+01 7.327180123962311598e+01
1.610643649003322755e-02 1.415824206119861017e+01 3.415824391839688445e+01 3.232698329636251344e+01 4.906473765165499401e+01 3.677088499179059511e+01 3.677088509554562279e+01 2.616247491823639137e+01 4.623152695247711819e+01 5.558897408950311103e+01 5.739931622172664305e+01 3.672449653178257734e+01 4.706190406549816174e+01 5.157019373420526165e+01 3.173516977168347353e+01 5.157019373419819175e+01 4.803013707569485291e+01 3.261351657985525065e+01 5.233471413267364625e+01 6.499208686008691416e+01 6.441541123903449773e+01 7.264352349163715417e+01 7.757701326391769214e+01 6.934898990416115794e+01 5.764508777636429215e+01 6.903924660212726394e+01 8.304474240174958766e+01 9.484633702421139390e+01 1.031132380767550387e+02 1.005277545645433293e+02 8.052341208927400373e+01 6.628890150272772530e+01 5.985216810752844196e+01 5.397751832502083147e+01 6.136153510269787148e+01 5.694998842246550197e+01 5.288620128345954896e+01
2.022278438842990689e-02 2.002022137651675138e+01 2.923383852244433001e+01 2.078141136457323412e+01 4.078006870265991068e+01 3.677088499179059511e+01 1.673574818218748206e+01 3.670324433394558383e+01 3.926221295840362302e+01 3.559322562099863063e+01 5.558897408950269181e+01 4.706190406549816174e+01 2.666428376011957724e+01 3.836432711899765735e+01 2.597291033030693796e+01 4.381380713594623444e+01 2.825842018406407519e+01 4.629754684630777462e+01 4.832210370085711304e+01 5.037782028844346627e+01 4.456325986600884903e+01 6.441541124363520510e+01 6.934898975002693078e+01 4.956587479206379498e+01 6.934898975002693078e+01 8.566593515135333803e+01 8.079652732285164518e+01 7.497690559578745706e+01 9.484633702421139390e+01 1.027161525020320880e+02 8.271165458194153075e+01 8.638254834710235741e+01 7.051787449723130408e+01 6.726635583989408929e+01 4.707685449438717740e+01 4.282286244858885027e+01 3.895438208322036644e+01
6.642187732006160639e-02 2.006640294360071053e+01 9.235669598032206551e+00 2.325603338702345724e+01 2.435366834519009771e+01 2.545627063483025765e+01 1.157221448412464149e+01 2.759340322541306634e+01 1.926532279837682538e+01 3.926252677274778335e+01 4.365936911903941819e+01 3.682474384145817936e+01 3.485095422409194299e+01 1.813346508516097089e+01 2.105195559634508484e+01 2.400061396805772063e+01 4.342644568026451424e+01 2.634885766699420273e+01 2.838258297406654762e+01 3.044690851298278389e+01 5.037782038058470135e+01 5.574428371261654291e+01 5.812059351862986745e+01 4.473139328011320970e+01 6.455087962414945935e+01 7.021919461451673783e+01 6.100814979259813242e+01 8.079652732285164518e+01 9.254903828025027224e+01 1.040421627676630720e+02 1.027161525020320880e+02 9.890218675638608659e+01 9.060522681537470646e+01 7.376722564158008311e+01 6.534486163161217576e+01 6.187034114190070966e+01 5.342799139232835159e+01
1.591255364720534082e-02 1.089568807837230535e+00 2.164775468977796713e+00 3.256214464080442017e+00 4.354423919038480584e+00 5.457487390760193513e+00 6.572244039009062178e+00 7.719387524557504321e+00 2.771774013566434292e+01 3.058672272711822515e+01 2.989590498336627178e+01 1.357217045176532189e+01 1.482217640595849240e+01 3.335633123658766408e+01 3.862984718458940847e+01 2.156222671034823435e+01 2.350011066362614898e+01 4.346216777272087484e+01 4.832210346582618854e+01 5.037781976829514718e+01 3.349888542147005666e+01 3.584286887187008119e+01 3.823895929960722384e+01 4.116469620256920336e+01 4.575571105539622607e+01 5.045000186585336621e+01 5.704229591258306442e+01 6.448820173842607062e+01 7.588987222160174895e+01 9.577247217716264061e+01 9.557415706037235736e+01 8.400246457728152905e+01 7.570275266122790470e+01 6.556302476100920273e+01 4.540285500448582923e+01 4.188167646451515225e+01 3.855274219426353710e+01
6.189296070378335485e-02 2.006189296070342820e+01 1.611037162878723450e+01 2.262732832627285262e+01 2.435366835465701030e+01 1.440149368839604982e+01 2.657078025514728026e+01 2.742100105100356089e+01 9.368975174619654567e+00 1.058839778927763398e+01 1.181467442860641626e+01 2.425416569789095078e+01 3.411539303480399354e+01 1.693661434007970712e+01 1.883609215106760360e+01 3.881225420154071770e+01 4.329993276190906926e+01 3.763769899585395962e+01 5.753958447949239030e+01 4.202911607919640602e+01 5.341499928496180161e+01 5.574428371261654291e+01 5.231866243028375152e+01 6.101623874544684867e+01 4.670948859845489665e+01 6.650711139746246658e+01 7.680764396548352124e+01 8.429324774062993697e+01 9.254903828025027224e+01 1.016227274492957520e+02 8.729791223331574201e+01 6.721096149625181226e+01 5.547288989707473661e+01 5.104656067400204478e+01 6.556302476100920273e+01 6.023957244032671809e+01 4.033861944851476977e+01
2.247884206357958492e-02 1.947801428916130817e+01 3.041099838753988394e+01 4.182262321130087912e+01 3.439977304882558684e+01 2.854189260053492916e+01 3.527147698784315111e+01 1.526978911914203607e+01 2.936752110916565073e+01 3.058672272711825357e+01 2.110811934310860849e+01 3.581343767901282860e+01 2.619584750829009323e+01 3.726497093480634248e+01 2.065510375685192201e+01 4.071446131945587865e+01 5.275811317652992471e+01 5.753209373093349654e+01 6.577784068762487379e+01 6.187903166310063341e+01 5.141122393864639406e+01 7.121428343533202110e+01 7.212769424006920360e+01 7.054244447384074590e+01 5.077343061840435468e+01 7.054244447384074590e+01 8.436344371955181032e+01 9.261938107667143072e+01 1.015171770109897835e+02 9.332308573625245174e+01 7.329983534322732908e+01 6.318075810498982037e+01 7.570275266122790470e+01 6.539415104830834480e+01 7.960710661664901977e+01 6.373467991422846524e+01 4.365680774842856948e+01
