LEM/with_lateral_4open/elevation_000082.asc
nrows	100
cellsize	150.0
xllcorner	0
ncols	100
yllcorner	0
NODATA_value	-9999
[rows 17 to 33 of 100, columns 37 to 73 of 100]
5.811787166234476842e+01 7.170174072096121165e+01 8.005227643639010182e+01 7.731793874998321314e+01 6.565309606265321918e+01 5.049007511541057625e+01 2.999934510961283962e+01 5.049007510720782932e+01 4.692075681703479972e+01 3.694602083492875977e+01 1.638890566450435671e+01 3.546002141891025872e+01 3.443529405133518395e+01 4.269250348271227580e+01 2.967675410605639641e+01 3.794345683301132510e+01 3.274312746615935055e+01 1.412300257045691332e+01 3.408966069634729479e+01 2.190356654018743754e+01 2.671100819075211064e+01 3.238138247147928439e+01 3.898418542286203348e+01 4.777058528142705995e+01 6.177480006323651196e+01 8.166966550694917260e+01 8.549628368043184423e+01 6.553153401254844823e+01 5.144996348991828228e+01 7.137907380557957993e+01 8.647673098123281932e+01 8.310875452908112493e+01 6.377016860427637823e+01 8.310875452908112493e+01 7.716551251009494194e+01 6.042833905686041618e+01 6.042833905686041618e+01
4.779117750102893325e+01 5.127778052374038964e+01 6.830513767109145817e+01 6.689948974922479863e+01 5.848547749457176081e+01 4.621719462233865983e+01 2.578881466972795167e+01 4.112964110392772454e+01 3.845110681512976214e+01 1.795884092626901563e+01 3.694602083145063176e+01 2.608726054366718472e+01 4.662993301138438795e+01 5.722355921212820817e+01 4.084271006093712231e+01 5.722360944930945692e+01 4.215618346733710808e+01 3.409051722905601878e+01 1.547913068076036858e+01 3.544557702266932608e+01 4.363729954518440479e+01 5.137275994617724706e+01 5.873305054357960131e+01 6.696290833100381690e+01 7.583888360611368284e+01 7.963846956315896364e+01 8.781807825395014788e+01 7.137907380557957993e+01 7.137907380557957993e+01 5.993505405277860376e+01 7.988632381778735692e+01 9.205237277064351531e+01 7.791677870179864840e+01 9.205237277064351531e+01 8.871245414011806929e+01 8.042450552314068091e+01 8.042450552314068091e+01
4.588136271309810610e+01 3.925860020892213242e+01 5.428937309210675011e+01 5.848364672925319496e+01 3.788741143369114184e+01 4.225447684539253146e+01 2.182230354839947495e+01 2.071312615218297637e+01 1.958089451411720461e+01 2.186088787747818074e+01 4.206770666265036596e+01 4.662992204734722890e+01 3.794182875851642933e+01 5.849810428667431950e+01 5.479653697180218330e+01 6.739679326089742517e+01 5.950790389828109994e+01 4.343189452449347243e+01 3.535294376955728524e+01 1.687594808938410651e+01 2.556493461778978826e+01 4.478879877459645087e+01 5.791732770589285195e+01 7.638566698689461987e+01 6.819309777815620066e+01 5.981450412001887429e+01 7.638566698689464829e+01 9.135161916924371894e+01 8.816651997881436387e+01 6.989613472287787488e+01 7.403278661050254073e+01 9.401801273147006555e+01 9.790759557986942241e+01 9.614356365162126394e+01 8.784333613485286207e+01 8.565196848044857347e+01 8.543081539802648194e+01
6.639784231385486635e+01 4.828790272484414459e+01 3.357125001981952295e+01 4.910814713002497456e+01 4.388044091689364024e+01 2.342588077998522422e+01 4.225447619358605778e+01 4.112964112459092547e+01 2.783967405023470931e+01 4.206784238674720200e+01 2.754549047034599951e+01 4.801102445521666340e+01 4.985764768719167961e+01 6.690455548628844440e+01 7.437126228225355362e+01 5.962498338571282375e+01 3.998874203202804267e+01 3.245753005530552571e+01 2.580758540672464463e+01 3.648731937182403584e+01 1.830001539773319763e+01 2.828763623960582052e+01 4.883821634187285810e+01 6.460456663084043782e+01 4.831325400706879236e+01 4.831325400706879236e+01 6.819309777815620066e+01 8.422938291643053788e+01 9.240513547681163686e+01 8.142483642676421596e+01 9.401801273147006555e+01 1.023002533471263575e+02 9.320359964579614598e+01 8.490403328974231556e+01 6.781407360132976692e+01 6.562323010722668926e+01 7.541733774905337384e+01
7.714264907995053022e+01 6.271512892953936813e+01 4.910984229706469506e+01 2.842418832707277687e+01 2.504165220175682904e+01 4.391945355536302031e+01 5.238961523282419819e+01 5.685784526250878912e+01 3.811566761023006933e+01 5.245548456676162630e+01 3.173730645758200453e+01 5.245548456676162630e+01 7.030118759074157708e+01 7.866518191521051051e+01 7.877887961161350461e+01 5.959325327707546904e+01 5.953905590597744180e+01 5.209873156699464403e+01 3.964791441538091021e+01 1.973726070672028143e+01 3.827028862774889006e+01 4.696517477905761240e+01 5.698980826717955495e+01 5.157350986731446341e+01 3.679586172408817646e+01 5.671546462547114231e+01 7.022839476869074815e+01 6.442899559127187104e+01 8.422938291643053788e+01 1.014217176970485355e+02 1.097037391851922479e+02 9.646922716196071690e+01 7.643772377592121359e+01 6.487383928235875885e+01 5.779628622481511968e+01 5.146909119698371171e+01 6.441122418693760210e+01
7.826940650830255208e+01 6.384092624799742310e+01 5.541186442832385950e+01 4.689518030053795172e+01 2.626511115380264982e+01 4.086300631245310200e+01 6.145691081149794854e+01 6.711109812805820241e+01 5.272595878158936245e+01 5.773345312338170743e+01 3.671300610477452864e+01 4.866441116625557584e+01 6.961100716883736084e+01 8.289483691289694889e+01 7.412667213146760048e+01 6.636076762015366626e+01 5.984801039247474108e+01 4.596905127132731650e+01 2.608778282073726729e+01 2.075611960570898162e+01 4.059947591936374778e+01 4.528946759268879418e+01 4.725410234597701731e+01 3.196274245250586787e+01 5.188267934122825409e+01 4.281317063692840463e+01 5.035395684589447995e+01 7.022839476869074815e+01 8.309912337702158425e+01 9.127040248198568406e+01 1.011380413298835066e+02 1.047703430141781524e+02 9.320359964579614598e+01 8.490403328975784802e+01 7.782229028410999661e+01 6.441122418763478663e+01 4.439906848380837801e+01
6.573101946963112141e+01 4.941256563632857279e+01 3.476973260023616774e+01 4.004125584007458372e+01 2.750897206819260177e+01 4.820181027679574726e+01 6.781592945955401319e+01 7.797891134935960622e+01 7.314096076332910457e+01 6.346235399167892410e+01 4.220799011662544586e+01 6.346235399167892410e+01 7.816472344405742945e+01 7.493372496924908432e+01 5.663985640355895868e+01 4.685454095080256565e+01 4.022614673724049794e+01 3.422095487747340314e+01 4.191765315349129395e+01 2.199537527457807329e+01 2.346121360063427730e+01 2.538098586120559119e+01 2.733506448885448137e+01 4.725451296505453058e+01 5.902622107438934052e+01 6.271656331284644637e+01 5.063831978968930514e+01 5.664867443821729864e+01 6.328819724330200813e+01 7.322814395528995135e+01 9.297010279875316030e+01 1.024660015735750420e+02 9.418575767699279311e+01 8.576070185802322499e+01 7.745676269433974426e+01 7.269775544624201302e+01 6.441087607540957549e+01
4.519539168507547799e+01 4.077277075362005831e+01 5.009687338474755336e+01 2.933312567367849155e+01 4.820202537246719743e+01 3.944042319060358892e+01 4.973125703895392036e+01 6.400906110127867521e+01 8.445659453294102548e+01 7.043280472323922936e+01 4.942711975215817688e+01 6.294661549397068967e+01 8.535208070832656801e+01 8.289483691289694889e+01 7.412667213146760048e+01 6.636789676025725271e+01 5.902935090387700967e+01 4.634120904940277086e+01 2.645871103471348462e+01 2.323848725396084802e+01 4.316062733437974686e+01 3.947157247114694911e+01 4.725451392479139656e+01 3.088077462640416471e+01 4.497744300767193693e+01 6.487187358770970036e+01 7.051144390019362618e+01 7.649548133244836379e+01 8.309912337702158425e+01 9.127040248198568406e+01 1.011380413298835066e+02 9.091049937720077878e+01 7.416091747084766439e+01 7.419003244514232165e+01 5.743101316983617011e+01 6.259661187109133351e+01 5.943324662503696487e+01
6.573102082518897760e+01 6.135281016158840828e+01 5.854457266932020332e+01 5.009609277617468592e+01 3.132493332101265437e+01 5.211782216703176118e+01 6.386610483191147836e+01 6.475787651781404008e+01 8.473508750383041388e+01 7.894464932476400065e+01 5.911361368253496806e+01 7.894941195726441663e+01 9.201720341096248035e+01 8.072481941465395039e+01 7.254541151917177899e+01 6.403540369745297767e+01 5.095188986827800903e+01 3.110163688214003486e+01 4.451032986027296801e+01 2.458958106894403173e+01 4.451032987320213152e+01 5.937696102049927305e+01 5.339868071151744999e+01 3.347153119277225386e+01 5.339868071151744999e+01 6.695180404988420264e+01 7.357452449531393768e+01 8.176388307150838841e+01 9.166213760089584639e+01 1.020275791429361760e+02 9.201324712590323429e+01 8.262431160077858294e+01 6.259871490732412269e+01 6.589427082064830188e+01 4.587934344759923988e+01 4.259346884545306011e+01 3.943567339527121618e+01
7.163522172613085104e+01 6.570430039258000932e+01 6.412328078647476559e+01 5.355619545911345369e+01 3.279780911400604282e+01 3.280060611643573054e+01 4.287991124834958612e+01 6.509119309936495767e+01 8.508428286357371917e+01 8.889389439128513004e+01 7.546115370911896036e+01 8.885058040715944117e+01 8.400061970041883797e+01 6.480169948847235162e+01 5.299785769195857199e+01 5.581741999994496695e+01 3.600683675042661491e+01 5.095188986827800903e+01 4.586886102154610256e+01 2.594888427281318855e+01 4.003497880666407838e+01 5.995309858600141695e+01 5.643754479897678067e+01 3.651038036175316392e+01 4.129642818965562867e+01 4.705834082597468893e+01 5.370636315902473257e+01 6.366564600233449056e+01 8.348340298829334927e+01 9.373312840426459047e+01 7.370277082974619987e+01 6.368831978814944961e+01 5.551674573500430654e+01 5.104336939257116512e+01 6.589427082064830188e+01 6.260382222215433501e+01 5.899605306146690253e+01
5.149296852271002933e+01 4.529431619458196678e+01 5.569406333213989768e+01 3.491881999155374672e+01 5.355347832531820984e+01 4.676360689674274340e+01 6.477536410929759825e+01 5.529994401816742311e+01 6.742414558674288116e+01 8.872370567224888305e+01 9.853951023479000071e+01 9.013790935653685210e+01 8.097016031938802882e+01 7.280087361312469341e+01 6.108269946850997201e+01 4.132727901359150735e+01 5.581742000003767146e+01 6.403540369741801896e+01 4.724023715827846104e+01 2.731984827130613525e+01 4.724023715827846104e+01 6.639820784810440557e+01 5.954862618832621024e+01 3.962798553955673242e+01 5.954862618832621024e+01 6.695180404988420264e+01 7.357452449531393768e+01 8.176388307150838841e+01 9.166213760089584639e+01 1.020275791429361760e+02 8.371810001010824465e+01 6.368831978837803121e+01 7.554097647621999556e+01 6.519736337747224297e+01 7.935990002373688412e+01 6.656070831384126052e+01 4.654651195844130029e+01
7.113684778851119006e+01 5.785729571087996703e+01 3.710502466677815647e+01 5.569065159316028257e+01 6.408872566349992894e+01 6.187793552826314425e+01 7.538798688262546932e+01 7.639916771480319824e+01 8.534009013344942218e+01 9.770026352267686320e+01 9.412882412743114457e+01 7.583707726653985048e+01 6.283510101414172055e+01 5.314107721222753611e+01 4.806461613436419356e+01 5.527887982251029086e+01 6.928725891486561750e+01 5.888045247135752192e+01 4.862172219754025804e+01 2.869934169260551471e+01 3.865325071565187187e+01 5.834793263396571916e+01 6.277825063885307344e+01 4.286950845169430835e+01 6.277825063885307344e+01 7.594864747440256281e+01 8.952799059591056619e+01 9.770835013556792603e+01 1.064325727963507404e+02 1.037474254554510935e+02 8.371810001010825886e+01 7.076882215172287260e+01 9.080029523852512341e+01 8.522535950724389409e+01 7.551517620821964272e+01 5.549237754570491887e+01 6.069561462752132286e+01
6.352864362484131533e+01 4.361002782512634468e+01 3.874376833787709273e+01 5.948331231370828220e+01 7.022675809582889883e+01 8.163442191354317856e+01 7.596047254533895909e+01 7.222435832831492064e+01 8.668275496491723686e+01 1.068319750923046598e+02 9.555935959865344387e+01 7.583716822400556623e+01 6.447607803204469690e+01 6.703047546218412833e+01 6.777985336813456740e+01 7.509435957203270107e+01 6.092311583897271987e+01 5.064358900240502237e+01 3.071170733009218168e+01 3.607090012459774186e+01 5.569039636831199402e+01 6.639820784810440557e+01 7.098319110673826060e+01 5.696435102575995302e+01 4.786072269259874901e+01 6.775077700975154471e+01 6.974035997722501179e+01 7.849768785522833525e+01 9.475667627589345443e+01 1.046225303658019499e+02 9.909694355254329423e+01 8.078594974876372703e+01 9.909694355254329423e+01 8.707827022935035188e+01 6.705040436104967227e+01 6.964913281061143380e+01 8.072029703594344596e+01
5.111546900757839040e+01 6.352864362483575889e+01 5.948362273090528873e+01 4.123110381469265917e+01 6.186637289639378423e+01 6.855977134559259412e+01 5.569280342448966792e+01 7.596048180726197074e+01 9.394531614640658290e+01 1.029997303455991045e+02 1.037407099033581801e+02 9.234913671487527154e+01 8.417272356100350805e+01 8.673184708982972779e+01 7.901841529152343924e+01 7.079970940360554721e+01 5.268784146986911310e+01 3.274460493234452230e+01 5.064361928542925995e+01 5.575405112402693675e+01 4.914192147577045944e+01 6.844832409240279958e+01 8.499127724928519001e+01 7.593957272296887595e+01 5.936431184334013267e+01 5.349936899316914918e+01 5.864388442038392668e+01 6.677695414148314512e+01 7.671768104911652131e+01 9.644991495072292764e+01 1.091115586038933003e+02 1.008146407282867045e+02 1.091115586038933003e+02 9.537532326488206991e+01 7.861331618012226841e+01 8.967705773611545794e+01 9.154496211369819036e+01
7.209302804718345214e+01 8.063931379846749792e+01 7.023588475300320511e+01 6.186637289639378423e+01 4.375909661764561065e+01 4.859635258401263513e+01 6.855977502665477630e+01 6.514077157210289215e+01 7.436715859758095348e+01 8.882583904300526001e+01 1.088980650394453136e+02 9.683234029458168379e+01 8.807506734787712332e+01 7.986305575981708671e+01 7.079967896000565020e+01 5.089680607292718406e+01 5.435022877894591886e+01 3.440158141084738475e+01 3.671114605348345350e+01 5.638759595108997758e+01 6.831651404752965107e+01 6.844832409240279958e+01 8.819384897399905299e+01 8.737108881542104655e+01 7.920394850130674058e+01 6.163314920380494755e+01 7.849768785522833525e+01 7.122942204425524437e+01 9.100462326327884455e+01 1.046225303658019499e+02 1.131851117721387112e+02 1.048996245721273510e+02 1.048996231173869376e+02 1.069394808533588446e+02 9.864161437483400618e+01 9.758304966035777284e+01 8.929569422950804380e+01
8.324306125569121662e+01 7.332052823584838563e+01 5.313287745175114907e+01 4.925701173755026474e+01 4.592518825229226564e+01 5.451873872421152356e+01 7.025389768410731506e+01 8.560956228395409084e+01 9.394531614640658290e+01 1.029997303455991045e+02 9.289242408971814768e+01 8.401741574351193265e+01 6.877497629286047243e+01 5.998852474487367914e+01 6.363554789679180601e+01 5.672556396413036595e+01 3.677644454287533904e+01 5.435022877894591886e+01 5.638759595108997758e+01 4.063596310694615710e+01 6.090081730465793441e+01 7.405916302560825670e+01 8.416115540967564357e+01 9.821546898859789110e+01 8.964805245517473509e+01 7.311792948493726385e+01 8.964805245517473509e+01 8.523606092121278266e+01 9.917910396983786825e+01 1.079023786351528003e+02 1.048996245721273510e+02 8.488021407465383561e+01 8.488021407400755436e+01 9.903266292339625920e+01 1.034513187683789965e+02 8.343224237779641328e+01 6.927148820419243691e+01
6.304029842102256964e+01 5.884259038451143908e+01 7.332052823584838563e+01 6.888183585428568279e+01 4.812115865702751449e+01 6.788116513557997678e+01 7.025390083405756059e+01 8.823960302759050478e+01 9.984212305560518530e+01 9.869146286110128585e+01 7.889391913365329856e+01 6.482718351701258541e+01 5.591469004379404595e+01 4.886947962039219107e+01 4.371398825551539602e+01 3.923823303704519816e+01 5.672621148724033446e+01 5.672621148724085316e+01 6.923687724751651729e+01 6.090081730465793441e+01 4.512544843462786304e+01 5.558840585025374992e+01 7.010684133377343130e+01 8.323795906126490252e+01 9.141807926462082889e+01 9.287833547248042976e+01 1.010521503817304136e+02 1.049311647048897811e+02 1.020355464819412816e+02 8.788683258702623391e+01 1.020355464819412816e+02 9.074376365400661371e+01 7.071415054895132357e+01 8.130171356661287518e+01 8.959316661160993078e+01 9.758304966035777284e+01 7.859230592299020657e+01
