LEM/with_lateral_4open/elevation_000223.asc
nrows	100
cellsize	150.0
xllcorner	0
ncols	100
yllcorner	0
NODATA_value	-9999
[rows 0 to 16 of 100, columns 37 to 73 of 100]
8.884754177262699226e-02 6.929726548558100274e-02 7.395023591448830758e-02 4.828361932999872264e-02 4.897713358561925356e-02 8.568734790590110117e-02 1.075183056328203948e-02 6.823539046102447547e-02 7.194897206013613211e-02 1.557559815681563986e-02 7.704183385687686514e-02 1.685416958384493638e-02 9.680445094065920353e-02 7.639902522890137937e-02 4.559330980047965332e-02 5.839666421669215124e-02 9.739037529851846120e-02 3.670263267501718690e-02 2.041064012308905357e-02 6.895211126444661387e-02 9.031524355919069713e-02 1.560024811392830661e-02 7.641644294168103979e-02 3.888124420523987601e-02 6.873285589001959517e-02 4.772367030474261584e-02 9.504926490987847254e-02 5.760415539182907330e-02 9.666222459857021221e-02 9.627991409191682948e-02 1.286757495974483190e-02 9.381044340810595905e-02 7.584058927755046864e-02 1.435327048224320848e-02 5.777975670406795827e-02 2.716720951219454838e-02 4.735230246529398453e-03
1.008884754177253917e+01 2.006929726548522552e+01 1.421608585964556326e+01 2.004828361932964498e+01 4.312991460697809920e+00 2.008568734790554444e+01 1.415288745429478645e+01 1.421399803027870767e+01 1.699090821500906046e+01 2.001554550599966831e+01 2.007654930946989325e+01 6.297055826013813196e-01 2.009680441683999064e+01 2.007001709286416613e+01 2.004559330970528563e+01 1.005839666421660539e+01 5.442615213547028929e+00 2.003670263267466112e+01 2.002041064012273353e+01 3.782858874805476557e+00 2.009031524355883391e+01 1.415773587184500393e+01 1.562554061045774922e+01 1.734139937997422365e+01 1.802952794938411207e+00 2.004772367030438573e+01 2.009504926490952315e+01 2.005760415539147345e+01 1.010115309871448552e+01 2.009627991409156067e+01 6.679534241626440050e+00 2.009381044340775091e+01 2.007584025921361359e+01 2.001435327045879120e+01 1.544368049198402204e+00 2.002716720951183760e+01 2.000473523024617251e+01
3.008884754177218213e+01 3.008884754177218213e+01 3.421608585964627025e+01 2.867731672972756130e+01 8.677349265417619861e+00 2.867731672972756130e+01 3.415288746547450671e+01 3.430790708054404803e+01 3.740831379479966756e+01 2.917572165273457330e+01 2.124225930482120006e+01 1.242844921733476271e+00 1.250078702459784452e+01 3.104230025315948538e+01 3.834266697008555269e+01 2.420053228794671440e+01 1.098961717579936881e+01 3.098961717582188058e+01 2.756250360489737616e+01 7.562503604897732323e+00 2.756250360489737616e+01 3.415773587184570914e+01 3.736865963369519505e+01 2.141412386188086359e+01 2.180284082461252737e+01 4.293244021570603586e+00 2.429279861611410496e+01 3.836814040285285898e+01 2.428533018821225298e+01 3.375060205349268472e+01 1.375060205349197773e+01 3.375060205349268472e+01 3.458212346982196550e+01 1.458208552645313105e+01 3.035080034198264887e+00 2.303509651763801003e+01 3.572096823989551950e+01
4.218578846547227101e+01 5.008884754176156662e+01 4.983989460374277058e+01 3.339133279195833381e+01 1.339139447332789601e+01 2.753351862883238255e+01 4.753234625760159560e+01 4.067177759730572006e+01 3.094564463873943438e+01 1.424905468394943320e+01 2.112821324941203116e+00 2.124180684888325388e+01 2.877170684094808806e+01 3.899387483983611702e+01 5.248479700742137055e+01 3.701984406734811017e+01 1.701984406735474664e+01 3.701984406740442779e+01 3.156250360489734064e+01 1.156250360489769768e+01 2.570463922862839823e+01 4.570463922862768413e+01 4.845428486378304456e+01 3.707324780566731448e+01 2.606816290563995864e+01 6.067957043299830211e+00 1.754444076506236883e+01 3.690642739825255347e+01 4.437492500630429504e+01 4.203487330172382741e+01 2.529760743728469663e+01 4.203487330172382741e+01 4.286649171542821790e+01 2.454696374075665588e+01 4.546937926235179894e+00 1.868907506022310727e+01 3.868914441002179672e+01
2.803892851440931366e+01 4.804094371048129375e+01 4.155625604783958948e+01 2.155636028194708231e+01 3.339133279195749537e+01 4.167514152672993077e+01 4.557764885799617360e+01 2.789060685324283639e+01 1.543827023971960699e+01 9.011649053205315951e+00 2.729154755058414317e+00 2.422053326827190034e+01 2.364342342087280358e+01 3.784441083066364087e+01 5.753255555894586593e+01 4.409091187929716682e+01 2.409091187922034649e+01 4.409091187929716682e+01 3.592686140961679797e+01 1.592686140961750851e+01 3.592686140961679797e+01 5.315540456707740447e+01 4.293172089743229947e+01 2.293206327583558490e+01 8.789612411758666255e+00 1.141320378326851781e+01 3.105962222681684537e+01 4.474147044331091649e+01 5.783232382138145056e+01 5.358187868604780135e+01 4.529760743728540007e+01 4.885525896364519127e+01 4.057336615724740625e+01 2.607641309147669162e+01 6.076376152038931444e+00 2.607641309147661701e+01 4.261392908396658896e+01
3.743320662746899075e+01 5.467068125729352346e+01 4.983989460865920762e+01 4.155625604783927685e+01 3.224680969865086411e+01 5.224658632735671659e+01 4.557519487305677330e+01 2.789058340352669418e+01 3.306909386378501381e+01 2.227932023093724467e+01 3.349030114797990620e+00 1.091675147269808832e+01 3.098275468943686306e+01 4.361089308759269301e+01 6.319121284337237654e+01 5.237518316689240550e+01 3.563791726301327145e+01 5.237518316689240550e+01 4.299792922148239427e+01 2.299792922148310836e+01 2.487113331961651141e+01 4.487113331961580087e+01 4.229788115937451920e+01 2.229808614978293946e+01 1.075077398074343193e+01 3.075099426090666555e+01 1.957885478460288198e+01 2.958129635607672014e+01 4.371980062558910873e+01 6.368192261055284575e+01 5.471377308174014331e+01 3.471645474943166221e+01 2.057441497731855407e+01 2.759327227854675257e+01 7.619409651659856841e+00 1.428627883406045918e+01 2.844531073243038932e+01
2.637656037730112857e+01 4.051885738379601065e+01 6.052397728581284753e+01 6.052989666111082556e+01 4.379380998091929911e+01 6.052989666093385779e+01 5.346001040194924059e+01 4.557411716094245691e+01 4.090675812115888021e+01 1.871968682730781808e+01 3.971601901288678960e+00 1.530002071648548956e+01 2.862597604446777311e+01 4.719948803331345033e+01 6.233930230989049903e+01 6.392218857842625823e+01 5.563791726319505671e+01 5.564703986215777576e+01 3.564703986215707232e+01 4.299792922148381535e+01 3.243042277980079291e+01 5.243042277980008237e+01 5.058053264358070322e+01 3.276107593744951885e+01 1.276085028150754397e+01 3.276107593744951885e+01 3.957393357224420072e+01 3.112826406532241563e+01 4.526480892412888579e+01 6.522472390687045163e+01 6.056917382477937650e+01 4.057353368341875210e+01 2.988425447380135935e+01 9.883963719949067084e+00 2.746917011903307682e+01 3.410032894666394299e+01 2.846061416475885153e+01
4.637822134464680346e+01 3.902573901804083789e+01 5.903007309845300199e+01 7.207608853048206754e+01 6.379329354909897631e+01 6.293844145018685765e+01 5.289197946888049984e+01 3.851629793435902371e+01 3.008907553730417916e+01 2.472563645070005478e+01 4.595989892309944480e+00 2.469755732688685512e+01 2.252581912783385931e+01 3.445738562671584049e+01 5.464004185775536371e+01 5.745774465662535846e+01 6.602354057470191151e+01 6.393131110961997621e+01 4.978917548588852071e+01 5.243042277980008947e+01 4.657255840353124654e+01 6.071469402726168596e+01 4.894382747304583603e+01 2.894472056558341322e+01 1.480209366386648107e+01 3.480232342234447884e+01 4.676469970314939673e+01 5.111093267066692647e+01 5.111093267066692647e+01 7.106651484231443305e+01 6.118912252884517500e+01 5.290281431776276122e+01 3.591460686676116154e+01 1.591419062290110809e+01 1.230931997031241742e+01 3.230969378578577533e+01 4.859549800464863267e+01
5.409363730856952657e+01 5.316875917538035168e+01 6.732770540381643798e+01 7.036516936105773823e+01 5.862688449928359091e+01 5.019059338729334030e+01 3.416440879159176802e+01 2.414061639995722430e+01 9.937352255566242576e+00 1.303544355293511181e+01 5.221289581357996923e+00 8.598995481072114089e+00 2.941779660506826133e+01 3.797873845462170550e+01 4.270473903303610541e+01 3.659384401797896658e+01 5.745774465662535846e+01 6.767845345644505528e+01 6.978917548588994180e+01 7.243042277979867549e+01 6.657255840352982545e+01 6.301051294709863271e+01 5.146530916618861085e+01 3.818298281076182832e+01 1.818273213162891366e+01 1.854846700782223934e+01 3.850786008761200918e+01 5.063786285017386746e+01 6.148731321421345797e+01 6.704690774199946190e+01 4.704413899420029566e+01 3.290159404865478621e+01 2.534228647981529647e+01 3.403749584150055796e+01 1.403705682147515255e+01 3.402731116424299529e+01 5.107915917150241825e+01
6.117346046669092630e+01 7.318053666486268583e+01 8.047115806706638352e+01 6.190867675571674766e+01 4.161236099427951274e+01 2.989869176728260669e+01 3.416440879159175381e+01 1.392736640359020939e+01 2.627792277328085291e+01 6.122025032748667606e+00 2.516683330013452391e+01 2.252966613559501141e+01 1.371185317459237041e+01 1.752155564888814254e+01 2.197626123994253788e+01 2.972835991963616920e+01 3.823882514223826234e+01 5.028845467039488426e+01 7.116099752763479103e+01 7.774740837870618293e+01 6.946726658282099720e+01 5.472912171043724072e+01 3.473066503403667582e+01 2.318290916673507596e+01 3.818298281484212708e+01 3.850786008761200918e+01 2.243371680035912163e+01 3.253939044014708060e+01 4.800374318769524962e+01 7.068911022639581176e+01 6.118912252884517500e+01 5.290281431776276122e+01 4.534306363887671409e+01 3.578506282293837160e+01 1.578446493479724211e+01 2.285553287794439115e+01 3.440253995510474283e+01
6.952726373583443831e+01 7.445558836780297440e+01 6.038024094828168842e+01 6.612113408159741823e+01 5.175392941840307515e+01 3.847505852461072351e+01 1.818391015305520497e+01 3.416440879159175381e+01 2.697462877435744844e+01 6.777832440014149640e+00 2.682256473861672319e+01 3.308403700454592666e+01 3.192556250400391704e+01 2.969513824710856653e+01 4.270473903303610541e+01 3.488538456867124893e+01 5.537977446081648480e+01 6.767845345644505528e+01 7.967577794434338045e+01 6.946726658282099720e+01 4.947138329146872593e+01 4.883972043593119139e+01 2.884021957731015462e+01 4.318300736494031611e+01 5.146531338201302219e+01 4.528598411013250313e+01 2.535115500893884999e+01 3.526057076822632297e+01 4.860799554076241691e+01 6.706488378800199257e+01 6.354017967890714402e+01 4.939453021352486672e+01 3.842269771734351025e+01 1.842198682838043666e+01 3.578506282293837160e+01 2.843346580276555713e+01 3.918242814894744441e+01
7.544351402658472239e+01 6.609095802834360711e+01 4.611022020544761091e+01 5.357157524628753009e+01 3.738672475520112926e+01 2.302234397196670557e+01 3.847498497459604039e+01 3.830248347102303086e+01 1.689046045904951043e+01 7.434708345306121124e+00 2.750427232499551167e+01 3.516139788403688016e+01 4.770129880761516716e+01 5.238771953483128385e+01 6.120172504818649628e+01 5.537977446081648480e+01 5.537977446081649191e+01 7.606368157041622169e+01 7.946441681966092574e+01 5.947011634598106866e+01 4.532977245374150499e+01 3.532969203122200952e+01 4.038780194844384397e+01 5.712158683328149777e+01 6.245812916287158600e+01 4.257004907820972761e+01 2.847480342673103237e+01 4.839180735445346215e+01 6.280707028670457248e+01 6.421059589577470206e+01 5.264009958856463101e+01 3.524887970756683586e+01 2.110661104923681464e+01 3.842269771734351025e+01 4.670940149816981801e+01 3.997971504638850604e+01 5.666325883649616202e+01
6.081782995081363907e+01 4.650965176876130869e+01 3.972430778852054090e+01 3.330656039110501609e+01 2.836897067045803666e+01 4.332918192083072739e+01 5.175308493531218801e+01 4.740651232904463797e+01 3.467248214785372795e+01 2.758991983252032298e+01 8.367379150868966775e+00 1.277558455005037530e+01 3.671419092882745616e+01 4.129574405253521263e+01 4.673394830540592437e+01 5.284158375618116565e+01 5.987803463323670883e+01 6.841695718172189800e+01 7.878702502290205700e+01 7.360685383270016757e+01 6.165168426117214295e+01 4.165457132851327771e+01 6.038525580055656405e+01 6.866619069892846028e+01 6.580499113392701815e+01 5.166755459935833983e+01 3.176272413975922859e+01 4.326818043955024251e+01 6.313542169083988398e+01 5.590826689418103967e+01 3.589812108445561023e+01 2.435103947187867846e+01 4.106857366347317395e+01 2.627058886274766181e+01 4.629802510422579331e+01 5.995078243735805756e+01 6.817320147194631375e+01
6.171992673222353432e+01 6.553721940492017950e+01 5.821009804137312216e+01 3.794461995081476147e+01 4.865685995972315681e+01 5.708467184739301103e+01 6.211545712038486045e+01 4.537236697972161892e+01 3.371799571286565111e+01 3.330900689789788061e+01 2.538884568715415924e+01 9.303993819299540391e+00 2.983946355547308471e+01 2.039802764514887556e+01 2.567192050260317870e+01 3.168411392647810132e+01 3.876868200206999404e+01 4.945604385544982051e+01 7.030002541102354030e+01 7.429772694854699466e+01 5.430257780863643546e+01 5.579531701133305432e+01 6.993254239130479277e+01 7.159125842810345830e+01 5.170241883508720804e+01 3.765404023535299416e+01 3.841993235598812362e+01 5.828533411043726886e+01 7.138495322821141542e+01 6.087073808236473837e+01 4.086696191289316715e+01 2.672460278833473879e+01 4.672056709807386454e+01 3.005023364289598220e+01 5.004959298833147585e+01 6.398796668188597181e+01 7.812669401391110569e+01
8.456961152214735478e+01 7.258862572187264561e+01 5.225431686915327845e+01 5.225431686915316476e+01 6.665463644130053922e+01 5.876795290776200176e+01 5.063716114915739297e+01 4.465705503395711418e+01 3.732862313448683977e+01 1.911975736441758755e+01 1.026703006389826989e+01 2.967774978110214690e+01 1.347744839116645821e+01 3.412789596750313592e+01 4.673394830540592437e+01 5.284158375618116565e+01 5.987803463323670883e+01 6.841695718172189800e+01 7.878702502290205700e+01 8.257744936016199233e+01 6.844200648193644554e+01 7.579020550197132877e+01 7.823664013213095814e+01 5.830961007632870263e+01 4.429386383191182119e+01 5.749737920867622165e+01 4.594126797173787224e+01 6.579599730420247283e+01 7.268382272295536950e+01 6.111287186170934405e+01 4.916920115882124520e+01 2.916799167571749862e+01 4.916951334818814701e+01 5.004959298833147585e+01 3.570708907330687509e+01 4.984923934986589700e+01 6.840205159771396382e+01
8.585254872590905961e+01 8.105501694055853079e+01 7.258862572187264561e+01 7.258862571641081729e+01 6.441466536571324752e+01 4.493033204700743966e+01 3.080339295899561591e+01 2.466347393195179905e+01 1.925923777509698454e+01 3.098583652574914282e+01 1.095027947616697261e+01 3.099181737037716999e+01 3.410907136033040388e+01 1.905539322647353728e+01 3.991266131944590967e+01 5.097577618316616821e+01 5.957637469718228829e+01 7.995896912898966491e+01 8.082291718051192220e+01 8.928685347951949325e+01 8.843468671650369117e+01 8.719118318425618952e+01 6.717844002422727101e+01 5.573431230586606233e+01 5.090627992572912319e+01 7.076172532765524181e+01 5.584538559314002981e+01 7.411141481487278782e+01 6.437457865307655425e+01 4.436660884285299744e+01 3.281947539991585217e+01 4.916833768552277917e+01 4.549850532143432247e+01 6.398706817148917736e+01 4.984923934986589700e+01 4.237376943717588063e+01 4.840404004203624311e+01
6.566276744181524805e+01 7.157621747052854744e+01 7.992352836060767629e+01 7.672845718140197846e+01 5.725864280352087832e+01 4.347517235386806078e+01 5.063716114915739297e+01 4.458057536669297605e+01 3.299868053296999904e+01 1.192312085254538623e+01 2.755868109001636768e+01 2.018461958477364249e+01 4.025759488364961669e+01 3.991266131944590967e+01 2.506675564852693228e+01 2.981565286056588704e+01 5.097577618316616821e+01 5.926019551078209702e+01 6.020863305052640868e+01 8.082291718051192220e+01 9.884569696982805453e+01 9.556018294514926481e+01 8.397338491729804844e+01 7.563682053359060831e+01 5.837764350680489400e+01 7.829836980877296071e+01 6.987859999286179402e+01 8.408976561365309976e+01 6.966466205111377974e+01 4.965886137462340599e+01 3.551627486733248418e+01 5.551819324576033665e+01 6.550339510528044684e+01 7.379381850486447547e+01 6.984617423751316778e+01 5.053883157920719071e+01 6.840205159771396382e+01
