LEM/with_lateral_4open/elevation_000033.asc
nrows	100
cellsize	150.0
xllcorner	0
ncols	100
yllcorner	0
NODATA_value	-9999
[rows 17 to 33 of 100, columns 37 to 73 of 100]
6.931244978401534240e+01 6.463529425027849129e+01 4.460198839971899787e+01 5.046686873138990848e+01 4.648735569533204171e+01 3.689839349052424211e+01 1.676477266701314761e+01 1.577138691413743210e+01 2.076114670890423497e+01 4.066025817483672711e+01 5.563456351173215353e+01 5.396402791942531962e+01 3.415634777060564886e+01 2.310847132210166066e+01 1.552105132791902165e+01 2.981772852386863804e+01 5.037255295765701391e+01 6.076139265474716211e+01 4.659883130752900371e+01 4.062420373095626758e+01 4.769710628671617769e+01 5.923036087469913014e+01 7.924564389014916799e+01 8.966799110362860858e+01 8.138560347044264631e+01 8.599812055767316110e+01 6.600301503210896215e+01 5.186722672843820447e+01 6.369765657104707657e+01 4.987888069776283118e+01 6.987073546098363863e+01 8.564354022014683210e+01 6.772209454756809066e+01 8.564363859508510757e+01 8.307333178155424491e+01 6.521379902351300473e+01 8.307333178155424491e+01
4.918304260863329347e+01 6.340924268485652249e+01 5.046960766314207092e+01 3.042089582124146929e+01 3.780321752861437545e+01 1.819649311402580949e+01 3.689839351671110279e+01 3.002692949641397036e+01 3.488045153598132231e+01 3.232035812797286667e+01 5.205314155753659833e+01 5.697091077107896240e+01 3.729581889067849687e+01 3.665240404774984029e+01 1.654689287083360583e+01 3.652322164391760850e+01 4.621775147203705814e+01 4.578615911413476169e+01 3.244340859847741143e+01 5.245753439956082076e+01 6.768981485327256564e+01 7.601245266821895541e+01 7.409535043696003243e+01 8.246333617919931669e+01 9.599643844196508269e+01 7.599980267338108320e+01 6.186221001093031902e+01 7.185944585000613927e+01 7.564211273476342967e+01 5.564947539909373830e+01 6.620160688524693171e+01 8.619648542367666266e+01 8.151934604218089930e+01 9.544525650206334433e+01 9.284103458815118870e+01 8.470133321664100379e+01 9.284103458815118870e+01
3.486481624505101706e+01 4.957725735094377484e+01 4.589537632117486510e+01 3.976297592702136541e+01 1.964079535740015814e+01 3.330678232180122933e+01 4.511562310184181968e+01 5.010273174825908171e+01 5.461508318943873519e+01 4.372259924870611769e+01 6.027779434319269569e+01 6.483104169615157275e+01 5.697098498123992982e+01 4.494014946370597841e+01 3.666367973075615083e+01 1.801159809218272656e+01 3.795214037703286891e+01 2.573655834393241548e+01 4.578615911413476169e+01 6.076137659024496429e+01 5.951560640110307787e+01 6.787114718620485121e+01 5.404105948467230291e+01 7.085999030756781281e+01 8.090485723900181370e+01 9.013918444684424003e+01 7.599980267338108320e+01 8.185668168908196662e+01 8.271136656412849675e+01 6.271649728143637503e+01 7.564211273476342967e+01 9.447886336875825464e+01 1.011411545745619378e+02 1.005055844920404269e+02 9.202899314286800347e+01 9.202899314286800347e+01 8.724356073384211641e+01
4.957725735094377484e+01 2.941076983472180473e+01 2.586437965535682437e+01 2.330583411122416493e+01 2.076508502230258557e+01 2.594303653514776542e+01 3.137571527660691117e+01 5.115591457488137905e+01 6.851350104006849051e+01 6.343287397870023625e+01 7.169918947733316372e+01 7.830019116680563229e+01 5.905222929045699942e+01 5.651893334268878988e+01 3.779264416264791038e+01 3.812090210246761046e+01 1.949189827358034321e+01 3.960156815060677360e+01 4.399847362089957414e+01 4.594470962239748957e+01 3.943206440225925036e+01 5.351117192854768945e+01 4.261967642306824899e+01 5.249368314566793003e+01 6.664595086386060530e+01 8.677057624388696411e+01 9.599643844196508269e+01 1.018528280322097288e+02 9.099399666708279710e+01 7.271260900076606504e+01 9.099399666708279710e+01 1.039203675863481635e+02 1.080474223789051678e+02 9.202899314286800347e+01 7.178422728091645411e+01 7.178422728091646832e+01 7.882441296532716990e+01
5.148346217052432650e+01 3.131057003205016187e+01 4.235681797564254225e+01 2.240114077463266185e+01 3.495633373904743024e+01 4.670887797349031700e+01 5.115591457326135583e+01 4.007175705549343547e+01 5.419583235070324179e+01 7.444419188687113831e+01 8.321264214865828990e+01 7.277789213626154208e+01 5.336687358716439178e+01 3.930880953410106571e+01 4.655932005154375730e+01 4.069594702175444212e+01 2.080248668224484732e+01 2.220196134402889854e+01 2.413873994585205907e+01 2.610596585684374205e+01 2.807465089808697911e+01 3.367948118183780082e+01 5.330405127294583423e+01 6.918371212996197528e+01 7.378400746308638247e+01 8.215625847095634526e+01 8.309720196221405786e+01 9.149043855071681719e+01 1.009924195841867487e+02 9.271012412749107057e+01 1.009924195841867487e+02 1.014527282632844702e+02 9.954863766736094988e+01 7.922221327404369617e+01 6.761439276447973157e+01 5.759152603334965903e+01 6.913362317960296366e+01
3.725485917583043260e+01 5.148346217052432650e+01 4.349275747162660366e+01 2.356049815083758858e+01 4.349150404480861454e+01 6.296201893533249461e+01 6.842665879733500844e+01 6.012643955094354453e+01 5.419583235070324179e+01 7.444419188687113831e+01 7.489466815433613078e+01 5.484445619540984751e+01 5.852352773998956081e+01 4.668040883275417485e+01 2.663470924194353984e+01 2.266846419680977576e+01 4.090829764440277216e+01 3.623784232157346707e+01 3.554350046097599858e+01 4.594470962239748957e+01 4.792036953906021779e+01 3.104929791629275115e+01 3.449165776527696181e+01 5.693049207220903440e+01 5.367631741325003247e+01 6.668658119223144354e+01 6.299837833782552110e+01 7.981371880903708416e+01 8.820428942621735757e+01 9.829806710259441616e+01 1.014527282632844702e+02 8.111216202153210020e+01 8.484472547275976240e+01 9.330125242152942633e+01 8.339659597442860672e+01 6.322570640822772958e+01 4.904628054600245690e+01
5.155131951713185146e+01 6.118663780158836829e+01 4.463574095029711231e+01 2.472240351564192906e+01 4.463578691313093572e+01 5.449999810633187280e+01 5.985146636643508344e+01 6.816865431026093347e+01 7.444419188687113831e+01 8.283116972951431478e+01 7.269696404427672576e+01 5.265299645921546556e+01 3.850381834068598152e+01 3.333092484280037837e+01 4.411653207221142026e+01 2.406909493188934590e+01 4.411653741328896672e+01 5.623693386107890291e+01 5.554818174567188294e+01 6.389566771134182233e+01 4.751948020669917128e+01 5.101404303359148429e+01 3.433259258368232025e+01 3.800138637925608265e+01 4.191899671611931666e+01 4.650940394360267760e+01 5.267953049668722798e+01 5.978613718209032157e+01 6.974855253157187462e+01 8.987888508650237895e+01 9.921098284077731932e+01 7.889402683038441921e+01 6.468102428691963723e+01 7.533946557787517406e+01 8.138082605010141890e+01 7.753573793472205011e+01 6.203167508348469994e+01
7.163588316799813072e+01 5.235401512162807336e+01 3.043617052289273417e+01 2.588518060283031730e+01 4.566657535114987354e+01 3.452712853299114926e+01 3.982810688522443598e+01 5.985146638779277595e+01 7.762936110007893831e+01 8.342821735298902297e+01 6.335188074704673511e+01 4.919858718131781927e+01 5.852373863632050899e+01 4.748583917914928065e+01 4.550849126982925696e+01 2.547743722630870877e+01 4.550849150411104205e+01 5.997064080107913497e+01 6.827321854278714852e+01 7.713014376443038600e+01 6.844568884873963555e+01 5.750733458560745959e+01 3.744527263766878633e+01 4.318275930167069276e+01 6.217482720003181385e+01 6.668658119223144354e+01 6.299837833782552110e+01 7.273289941944651105e+01 8.820428942621735757e+01 9.829806710259441616e+01 1.064352194325143017e+02 9.330125242152942633e+01 7.533946557787517406e+01 5.523773028643633864e+01 6.123130985337133581e+01 6.429329760803095439e+01 6.153546688920861385e+01
7.413013804754066882e+01 5.235390420171456327e+01 4.086795462414261948e+01 4.578677448264190275e+01 2.754634291413484704e+01 4.744034916980648120e+01 5.985146638779277595e+01 4.924724073096575694e+01 6.342427252682716698e+01 8.351385999507252222e+01 7.755014333083310873e+01 6.075046135243817247e+01 7.575818889647976562e+01 5.744964933096974846e+01 3.652830929365390489e+01 2.689278846908284493e+01 4.398633927897526519e+01 3.979197666791512233e+01 5.399565621751024480e+01 7.357318711263188504e+01 7.503475899956070805e+01 5.493619419182710573e+01 4.065496138376977342e+01 6.082292753189501866e+01 5.266496470145763453e+01 7.275542477767228888e+01 8.309720196221405786e+01 9.149043855071681719e+01 1.012991188069564430e+02 1.000010164243096824e+02 9.151834244389759476e+01 7.765445962608778530e+01 7.765445962608778530e+01 6.713296650978897162e+01 4.705347514731268888e+01 4.421598671305335415e+01 4.146420208865787771e+01
7.025085270789202241e+01 7.012290955326955100e+01 6.172463306153011331e+01 4.864789201913509231e+01 2.875048549641365625e+01 4.864789200955324588e+01 6.819596993418943498e+01 6.930837646503594840e+01 6.342427252682716698e+01 8.351385999507267854e+01 8.914020946417188895e+01 8.081824237016846268e+01 7.298556710018273463e+01 5.449625128689644527e+01 4.824422888481767302e+01 3.117460724768748648e+01 2.903966351389384926e+01 5.120101239832916917e+01 5.927957225929231555e+01 7.818142769326603059e+01 7.852955559190243662e+01 5.845375563408610020e+01 4.416535471066942620e+01 6.433380350798617542e+01 7.275542477767228888e+01 6.425600559008653079e+01 7.582490560788254186e+01 9.603299063627908083e+01 1.032762136638280595e+02 8.291098332205656618e+01 7.130288107138579790e+01 6.422118381178597701e+01 5.754777484806960786e+01 5.199158127138684904e+01 6.713296650978897162e+01 6.429329756991718625e+01 4.904116770396242941e+01
5.014462479588905808e+01 6.265141152868006458e+01 5.767732331647273014e+01 4.986296308937033217e+01 2.995244526003274999e+01 3.985223489836841537e+01 5.399264928113380790e+01 7.407178281001985454e+01 8.351385999507267854e+01 9.183444967331247710e+01 9.049971949376586622e+01 7.929843025109572352e+01 7.078284818693740021e+01 5.635079830000212553e+01 3.743998328040359524e+01 5.001896130169205179e+01 3.059428700940234691e+01 4.496499778651733692e+01 5.646135029976490927e+01 8.004612386087883635e+01 8.225550192565184204e+01 6.218802565894396395e+01 4.796834209026074092e+01 6.806581565161982894e+01 8.261263019194595358e+01 8.436584730532744913e+01 9.276522394574266173e+01 1.044523148149287266e+02 1.117913952023191797e+02 1.000010164243096824e+02 9.151834244389759476e+01 7.919023506065985885e+01 5.907342492757060626e+01 6.616632066993798844e+01 8.048768787883736309e+01 6.542255309931252327e+01 6.061363323248200885e+01
6.265141287092842504e+01 4.214267031188047241e+01 3.680238249758510705e+01 3.250162794855869919e+01 3.135338699371368065e+01 5.128869667308040192e+01 6.151648193682252952e+01 6.694905420867240764e+01 7.526915357086724612e+01 8.685581963561145358e+01 8.228932478410318652e+01 6.306227638789781764e+01 5.236979532627708522e+01 4.405006974575715617e+01 5.635079830000212553e+01 5.297588257455316807e+01 3.689607323990163934e+01 3.280746070815629167e+01 5.838474653528733427e+01 6.932265569914461878e+01 8.083352300279003089e+01 7.641709935250375452e+01 5.959417581447588219e+01 5.422864089914841657e+01 7.424210231847597186e+01 8.866382380696873611e+01 9.708329100931705113e+01 1.072268086619801153e+02 1.159813064257901090e+02 1.057475912989262383e+02 8.710391915706676969e+01 6.692790434107280362e+01 7.919023506065985885e+01 8.634960789043248042e+01 9.406611799286778819e+01 8.561163101416440213e+01 8.075722760431411018e+01
6.944704364076258685e+01 5.724773476033028885e+01 3.634120635102929953e+01 5.288840836193172379e+01 5.128869667383708020e+01 3.335047804865003229e+01 5.291945870342015468e+01 4.691269940312529485e+01 5.847439995695815185e+01 7.853736690896549533e+01 8.587695240667932239e+01 6.653580569678642576e+01 5.334446125129839800e+01 6.277256542134590234e+01 7.078284686435594608e+01 6.102191565213808389e+01 5.268271659241563043e+01 3.437103279810735756e+01 4.124966728860408693e+01 5.263803841684875096e+01 7.254135603558475509e+01 8.802678604765128512e+01 7.963833017245717372e+01 6.575558837479260887e+01 6.152860463375088784e+01 6.855574215147308337e+01 7.853660819284593231e+01 9.879103942109134096e+01 1.074601042849030392e+02 8.703598897404306456e+01 7.695979168466058695e+01 8.114599295814048219e+01 9.556956713758286526e+01 9.823704846426016957e+01 8.667778724420058722e+01 7.838436638877516316e+01 8.183963188424156954e+01
4.932628321523168324e+01 4.383152093376639158e+01 4.059069523888635445e+01 6.121736484657826338e+01 6.164164309972688471e+01 5.332459988247971694e+01 3.538566689451671010e+01 5.539097323825433250e+01 6.958405426402941885e+01 7.787227764625232851e+01 8.788398926983499848e+01 8.032071863951894386e+01 6.405884267527120812e+01 8.031953938557944639e+01 8.117783813896676293e+01 6.967011958214362721e+01 5.597607043609857413e+01 3.597054332350200667e+01 5.597629457585307478e+01 5.739382598871855379e+01 7.146425509344838645e+01 9.145347505741212046e+01 9.423917241124061661e+01 8.583467086328425921e+01 7.147907013279208854e+01 8.155454335934179255e+01 9.708329100931705113e+01 1.072268086619801153e+02 1.159813064257901090e+02 1.057475912989262383e+02 9.724804662947310874e+01 1.014876253901327772e+02 1.015762445937081253e+02 8.994314021938285464e+01 6.992275667157272778e+01 5.837790448074574812e+01 6.182968489525814704e+01
6.944705670210250048e+01 6.425187921969964577e+01 4.501716346781339695e+01 6.526745080256682741e+01 6.739233390606796092e+01 5.688545719854370475e+01 3.686418325408449448e+01 4.288423245607270928e+01 4.955384488625020367e+01 5.956659320980640615e+01 7.960652291147191306e+01 9.153975350693617941e+01 8.332267545084474136e+01 8.731962287164850522e+01 7.292911574030719635e+01 5.298701354452737178e+01 4.139801212248359974e+01 3.777604869177756797e+01 5.783027555007674181e+01 6.801888849239902868e+01 7.957111825670425276e+01 8.471377076076218771e+01 9.301561515808297997e+01 1.000541612347280136e+02 9.163000996135788512e+01 1.000541612347280136e+02 1.102232181396286279e+02 1.066401761284190712e+02 1.149807389975178751e+02 1.091226081372272461e+02 1.007781366795483962e+02 9.570434191646396016e+01 8.148992997808609573e+01 9.570434191646396016e+01 8.667778724420058722e+01 6.769046267714803378e+01 4.770526618082850945e+01
7.130733131766021415e+01 5.127547408333798273e+01 6.526745080256692688e+01 7.038903864909700303e+01 5.906617834421103908e+01 3.905560292774038800e+01 5.688545719852904625e+01 6.290709851689932464e+01 6.958405426402941885e+01 7.787227675980756203e+01 8.788398918764592338e+01 1.001616522870891970e+02 9.018282369699788603e+01 7.907383842003108043e+01 5.915683245514262723e+01 4.761415470641455983e+01 6.141574462906788057e+01 5.783027555007674181e+01 4.043258764301904051e+01 5.326988789242669498e+01 6.791641545976011685e+01 6.473940947313639072e+01 8.137506284201631956e+01 8.967031109377131770e+01 9.966262391628839623e+01 1.086157887607087673e+02 1.002860886106569893e+02 8.661190802931969301e+01 1.033992122522927133e+02 9.750760777638038235e+01 8.067178389091000668e+01 8.737307531995537602e+01 6.733045459421302326e+01 8.737307531995537602e+01 7.637893136484299816e+01 6.192112761322066916e+01 4.194873616335090105e+01
5.780861430572662840e+01 7.130733131766021415e+01 7.352496624643410428e+01 6.211825832713574869e+01 4.210361916170091234e+01 4.134753109158794615e+01 6.139336037869138352e+01 6.718503422073872855e+01 7.553407557384231552e+01 8.509187182901303004e+01 9.345180902306654502e+01 9.186004184610933976e+01 7.193726282968222563e+01 6.197965534117602004e+01 5.492662391580434189e+01 6.757603882199745726e+01 7.583459500565933809e+01 6.877030819785471749e+01 6.048647457844125341e+01 4.319996586433172325e+01 4.840990626670478036e+01 5.474444389881264073e+01 6.141688780939557546e+01 7.140009529013170209e+01 9.135003039390079493e+01 1.002860886106569893e+02 8.032390141855142929e+01 7.516207215259218799e+01 9.446984502890241231e+01 8.851925280630216264e+01 6.908393365283875198e+01 7.979767673962625452e+01 5.977537984945969640e+01 7.035907546898152987e+01 6.808971995700083824e+01 4.810344316323694613e+01 3.679133821719486974e+01
