LEM/with_lateral_4open/elevation_000610.asc
nrows	100
cellsize	150.0
xllcorner	0
ncols	100
yllcorner	0
NODATA_value	-9999
[rows 34 to 50 of 100, columns 37 to 73 of 100]
6.710783688158602445e+01 6.128136584216115779e+01 8.117418228573959027e+01 7.655410064922132563e+01 6.865344122249261716e+01 6.100161635997323373e+01 4.055765974518977401e+01 6.100161635997323373e+01 7.713336646064463764e+01 8.234933779659456832e+01 8.820348217035054006e+01 7.698580670000755788e+01 5.669789618375305906e+01 4.208531270649211109e+01 5.976625622431758700e+01 4.247466321261574507e+01 6.300309740228609456e+01 7.470010485625056162e+01 8.762294149759938477e+01 7.933234991674531500e+01 6.741707447397863007e+01 8.756747455210353337e+01 1.010719899413151950e+02 1.110722856276137378e+02 1.080226071730125028e+02 8.800334094966838450e+01 7.669850727005126600e+01 7.094996350454829326e+01 6.574022405991178175e+01 7.322883112630471203e+01 8.432633172778459141e+01 6.489811216516929449e+01 5.115334317400910180e+01 6.451562786216129552e+01 5.652616127161422099e+01 5.204603001701471499e+01 7.706626407288510450e+01
7.316000564024206199e+01 8.117418228573959027e+01 8.935750365350001800e+01 8.002317794958656805e+01 5.987860388517215426e+01 4.542743307746106751e+01 6.098301137434057040e+01 4.872724540460545484e+01 6.891932968381746605e+01 8.776676306727406995e+01 9.326922492438112045e+01 8.324454324789758175e+01 6.466197563434998585e+01 4.418600389737137135e+01 6.466026283563464006e+01 6.300309740023961069e+01 4.596291535982714294e+01 6.638413353278613727e+01 7.362645007383858342e+01 5.916885529637706043e+01 6.556048331253398942e+01 7.269259839719032357e+01 8.278717805300445320e+01 1.028454248183789304e+02 1.163941311088435810e+02 1.048036395614420968e+02 9.646447842998595945e+01 9.050481388866877808e+01 7.896509713275848696e+01 5.981568792184972239e+01 7.343713885138821240e+01 7.075635386903047674e+01 6.451537660479246483e+01 4.486362064680422179e+01 4.582684759242425088e+01 6.537767772616605555e+01 8.002077240322491036e+01
7.217569741887896839e+01 9.196294514559585309e+01 9.665088636559374891e+01 8.520984389663020409e+01 6.917880332208076766e+01 4.900789870356192779e+01 6.917286113730129671e+01 6.049189170770313240e+01 5.963344005412835003e+01 7.958260904083203968e+01 8.503275308721565295e+01 6.491567645327788227e+01 5.475877779038832927e+01 4.631840513061157338e+01 6.672300192930119067e+01 7.470010342542433079e+01 6.638413388559602879e+01 4.955473105339149953e+01 5.340043807773304252e+01 7.362645008886011055e+01 8.570149799513740163e+01 9.281630143569176994e+01 1.010719899413151950e+02 1.110722856276137378e+02 1.140556577444453126e+02 1.040320490648950056e+02 9.569620897433837570e+01 8.871617356418587974e+01 8.350784352168774660e+01 7.343713885138821240e+01 5.429293250339053856e+01 5.148328286030830014e+01 4.871466459424857476e+01 6.141931683261582009e+01 4.175873129796341487e+01 5.610858768122516693e+01 6.684321430949694332e+01
7.217569741887896839e+01 9.196294514559585309e+01 8.846373159650165974e+01 6.862617019112082062e+01 5.704358597179687962e+01 5.387434182486360612e+01 7.389855582441964543e+01 7.463205855091108276e+01 7.120608194941496549e+01 8.776676306727308940e+01 9.326908740852013580e+01 8.078380830021835379e+01 6.886587851337513655e+01 4.853546629090093489e+01 6.296830261380317495e+01 8.310393043733019169e+01 7.315177296296137399e+01 5.291929419614895380e+01 7.315177296620070990e+01 8.192380783109265963e+01 8.717790330405894395e+01 9.544433653195733314e+01 1.095144668976792701e+02 1.177209651306665990e+02 1.056878068813131080e+02 8.570461106736372869e+01 7.595368748857423213e+01 6.922838698791606760e+01 6.422946335970868859e+01 5.993198020752830502e+01 7.343713884195982189e+01 6.508746000116384778e+01 6.815777915424517630e+01 6.953011449586448123e+01 5.873829091602470953e+01 3.922700664612582244e+01 5.873288274145556187e+01
9.196294514559585309e+01 1.001348432071497569e+02 8.182111240326644008e+01 6.777488935949500615e+01 7.701051017903932916e+01 5.896550821056278835e+01 7.887623836237182218e+01 9.442457370180262899e+01 9.102515784319618319e+01 9.919194299709235452e+01 8.675696645959266107e+01 6.658409876640557457e+01 5.223993922875875739e+01 5.286190183182218050e+01 6.719388460188663714e+01 8.726842088761404170e+01 7.315177296531511786e+01 7.315177296662723450e+01 5.802885217876779222e+01 6.200282915014603446e+01 6.704387408550664418e+01 8.717790330405894395e+01 8.953443212981727584e+01 1.095144668976792701e+02 1.140556577444453126e+02 1.040320490648950056e+02 8.506044724134635260e+01 8.871617356418587974e+01 7.519038347981116033e+01 7.334766611616548460e+01 8.729543187719320940e+01 8.444247882729905541e+01 8.332061035288430162e+01 6.381209413359329830e+01 5.690282717606180540e+01 3.748731644328080392e+01 5.689975297931410125e+01
1.048860058718757244e+02 1.098038049806169454e+02 9.580646024877327704e+01 7.925078670808821357e+01 8.485674236399445647e+01 6.502165453339300427e+01 7.524230843626872911e+01 9.504537229456036584e+01 1.036807560904880745e+02 9.547921375934139121e+01 8.878933334266947952e+01 7.509485497615131067e+01 5.492130123407944353e+01 5.743541691216348255e+01 7.757560243232123298e+01 8.964640278555702935e+01 9.323084743374974437e+01 8.648252067068217741e+01 6.813262702462543530e+01 7.626258094280420607e+01 7.278454882761721478e+01 7.527970076831347512e+01 8.537485863765613203e+01 9.957653086828022992e+01 1.194524029270782250e+02 1.133392099097906254e+02 1.049822903400830114e+02 1.031943231283808728e+02 9.486970523377966913e+01 9.293642169069187275e+01 9.384370098044462338e+01 8.558644507168386895e+01 7.755463390262752910e+01 5.811974777980788787e+01 4.433158993467691289e+01 3.570846181703654310e+01 5.280937220267603038e+01
1.012064083926103422e+02 1.094547484789973169e+02 1.072297595416757474e+02 9.904384045829203842e+01 9.145783283500189498e+01 7.165456142197969314e+01 9.145783283500189498e+01 1.032273520404892224e+02 9.547921375934139121e+01 7.540957250932567035e+01 6.868710609537284029e+01 6.286695263745072992e+01 5.799536115664919578e+01 7.757561060139848053e+01 6.436937906726289782e+01 6.957348107529325887e+01 8.964642542972437411e+01 9.664061551843271047e+01 8.241598298110457677e+01 9.634435368047496695e+01 8.102309012236040076e+01 9.538644882498100230e+01 9.538644882498101651e+01 1.136105083061372483e+02 1.116706995648616356e+02 1.033068783378143394e+02 1.033068783378143394e+02 9.997650468839772486e+01 9.166174794560467376e+01 9.046788168959608356e+01 8.558644507168386895e+01 6.612849263482566187e+01 7.182759495557613150e+01 6.620503716094231095e+01 5.499961338630392760e+01 3.544503734022210040e+01 3.318263920929946664e+01
8.123542388395064506e+01 9.296553507549903372e+01 1.012377515350405162e+02 1.127679357968079330e+02 9.964123981841711952e+01 8.156309530279530406e+01 9.964123981841711952e+01 1.095559451362069581e+02 8.964844070916076646e+01 9.547921375934139121e+01 8.878933334266947952e+01 8.158033644820180541e+01 6.146341774125678370e+01 6.750453752241293159e+01 8.446593677887224771e+01 8.964642572637690421e+01 7.817732775212633101e+01 9.807689889880705891e+01 1.028064376025243547e+02 1.093065922121678994e+02 9.265145567785305047e+01 1.093065922121678994e+02 1.153189201682198615e+02 1.140254353124210667e+02 1.033068783378143394e+02 8.337207721815306627e+01 8.337207721815306627e+01 8.447359215935026100e+01 7.206942695047381164e+01 7.093135655835622799e+01 7.315711650012084988e+01 7.182759495557613150e+01 5.251976976805317321e+01 5.814077454779635445e+01 3.870452749492647371e+01 5.474801592573994924e+01 3.858965121256583330e+01
7.119376193221147275e+01 7.294663172865939771e+01 8.452486771520879927e+01 1.044957011145496750e+02 1.095285053653726095e+02 1.013525703672084859e+02 1.095285053653726095e+02 1.177130714718154962e+02 1.095559451362069581e+02 1.107838381430969150e+02 9.088959739856535691e+01 7.665871893534429660e+01 6.502153106142058903e+01 8.513612861938838705e+01 7.758579793191996998e+01 9.762708576539601779e+01 9.816325056721014164e+01 8.825564723128205458e+01 9.980156129197465020e+01 1.193669176813146464e+02 1.125968135286121310e+02 1.207969367401223764e+02 1.199362533436016491e+02 9.973076304686070159e+01 8.562635347306253664e+01 7.689461481781513896e+01 6.967865027423059132e+01 6.513277527646434351e+01 6.114179121396549732e+01 5.750158203127048751e+01 5.399162277549877587e+01 6.836554659850676785e+01 6.150712827907497626e+01 4.203701815363946537e+01 5.113041988755364997e+01 6.363235167866606901e+01 5.267690228462960533e+01
6.213507269659968557e+01 8.226498113509670418e+01 1.012377515350405162e+02 1.047418183919568690e+02 1.006157526088113627e+02 1.088820931142835491e+02 1.177944386058476880e+02 1.293162902261358340e+02 1.155565496444915681e+02 9.573198688189071959e+01 8.412628736618003700e+01 7.403323975623428055e+01 6.990066754001979632e+01 9.001443339217532014e+01 9.762708576539601779e+01 9.031417935332767399e+01 1.102108368993701077e+02 1.023553577624779649e+02 1.080708539031382145e+02 1.273366842756040143e+02 1.170686137004019400e+02 1.088266805264825905e+02 1.170686137004019400e+02 1.140254353124210667e+02 1.050448571054313760e+02 8.921084528449661377e+01 8.921084528449661377e+01 7.613066798317191797e+01 8.035011614501625843e+01 7.620522714118658314e+01 5.700169347192939995e+01 4.911037285247643780e+01 4.597684681914044802e+01 5.015557675090040846e+01 5.196146082675898015e+01 7.042527798758246149e+01 7.417016759115874436e+01
6.967809681135454980e+01 8.974320208334677318e+01 9.891012275472547799e+01 8.480773019456199791e+01 8.067682461388258730e+01 8.961066632693268730e+01 1.010933508672513028e+02 1.210287362476467052e+02 1.236970301187214574e+02 1.082102919955451625e+02 8.828156749020448046e+01 9.411855575742025337e+01 7.703740796728506268e+01 8.069153595862610473e+01 1.007202099752702793e+02 1.044330028665250296e+02 1.183670612756600633e+02 1.218692822016113126e+02 1.274986129496683560e+02 1.163110447114280817e+02 1.070721909267986121e+02 8.879446037711169026e+01 1.070721909267986121e+02 1.145824189667983575e+02 1.062981069664140534e+02 1.092179738518074004e+02 1.042095563868132047e+02 9.587023852585724626e+01 9.001360498567336776e+01 7.048560976362807651e+01 7.439001160491415021e+01 5.515174284438058550e+01 6.532103815711818129e+01 7.015319778593070055e+01 6.095747624263860587e+01 6.493889272410821434e+01 8.367058369906581561e+01
8.384880820884207253e+01 9.161247596833985085e+01 8.334332538858116379e+01 7.064629665821638582e+01 8.222049023491662467e+01 9.631962779811158271e+01 1.162467037179879696e+02 1.188322122338565379e+02 1.105546461138182224e+02 1.163707938329014411e+02 1.082102919955451625e+02 1.046660116351100669e+02 8.467945759118754268e+01 1.007202099752702793e+02 9.490892773852034736e+01 1.147498863660094059e+02 1.323011196847812414e+02 1.250880248048413108e+02 1.168169569777815440e+02 1.080681569985780044e+02 8.805092043277716130e+01 7.876796770588074992e+01 9.881054193047931733e+01 1.030092311195450776e+02 8.623401404364841483e+01 1.030092311195450776e+02 1.156657644595595684e+02 1.073921711116224031e+02 9.829896984715350072e+01 9.001360498567336776e+01 7.080456683482043445e+01 6.618064285171028871e+01 8.256577964076036835e+01 8.768782545948631935e+01 7.381412731716338271e+01 8.367058369906581561e+01 9.185613704145879410e+01
8.496096227819384694e+01 8.334332446049607768e+01 6.332428953891566437e+01 7.684829321420001236e+01 8.327599167519638002e+01 9.154677170703136824e+01 1.030786660909513728e+02 1.073298260979474037e+02 9.065740687980679979e+01 1.027534541601400377e+02 1.110209463195671162e+02 1.128299014842750125e+02 9.629177381943658531e+01 1.128299014842750125e+02 1.147498863660094059e+02 1.228940733903584999e+02 1.197754105786430898e+02 1.114969291112945768e+02 9.675963661743625721e+01 1.058848520840636667e+02 8.585859766556995964e+01 7.169286899185435402e+01 8.415303853913532350e+01 8.399674166685556997e+01 7.466376067582527298e+01 9.471409751640968011e+01 1.041149492149702382e+02 8.737216099715426765e+01 9.928821955157457069e+01 9.863189511298527634e+01 9.034403646553600709e+01 8.560448928706651373e+01 9.386985189834766174e+01 9.653250230989989689e+01 9.325670664475646277e+01 9.636711471513564220e+01 8.806260541048339974e+01
9.324346711855130820e+01 8.991459485039972321e+01 7.684829020027692081e+01 5.685139393725641099e+01 6.327492064484818712e+01 7.483355967895357708e+01 9.480876297621706783e+01 9.838270731317670936e+01 7.912544242109386516e+01 8.282382964820271809e+01 9.691925047983770014e+01 1.168384678107730394e+02 1.161054332286521600e+02 1.242395218332148232e+02 1.201314509723571149e+02 1.118526755555379992e+02 1.082042657887309787e+02 9.143200965126241897e+01 8.517085742888536970e+01 1.034990095235146867e+02 9.831563938595478191e+01 7.828669718970658664e+01 6.413562620216272592e+01 6.397139077925157125e+01 8.399674166685552734e+01 9.752944048590886439e+01 9.583361288285520629e+01 7.581418768187499779e+01 7.926940495593481728e+01 8.815469549022841989e+01 9.643894697293310969e+01 1.024058087192477871e+02 8.234971874485758292e+01 7.647501744001472446e+01 8.495230802100489598e+01 8.479031189697677462e+01 6.800985495783207568e+01
8.178074634256277875e+01 7.507193856044095526e+01 6.165641839367140875e+01 5.260736825859341081e+01 7.258494369840717297e+01 9.154622130111249589e+01 9.323899767161586283e+01 8.496930273389730814e+01 7.012729735930574293e+01 9.014885288621125881e+01 1.025135879613113872e+02 1.107783262004589915e+02 1.222793536397843042e+02 1.275492842958075101e+02 1.118526752021367656e+02 9.178313848190424551e+01 9.766136901712103224e+01 7.985191198574338500e+01 7.515305344335790494e+01 8.362752042815156983e+01 9.192682331324883194e+01 9.243097709074092450e+01 7.766416969196532705e+01 5.764588393032578750e+01 6.919548928236888230e+01 8.923260226800528017e+01 1.041149492149702382e+02 8.513277999968143206e+01 6.512016801755370921e+01 6.814029084079594156e+01 8.488606898429050318e+01 9.643894697173178088e+01 8.234971874485758292e+01 6.229919240768688127e+01 6.490050476928936973e+01 7.648514453865283258e+01 5.643705724978963190e+01
6.132491338620382493e+01 6.251042980551737571e+01 4.752514945234607779e+01 6.751062878631178421e+01 7.425333811506435211e+01 7.717065117484219172e+01 8.018906329584859805e+01 6.494053403221047915e+01 8.497922384773579552e+01 7.703719577756312731e+01 8.261232223004741115e+01 9.410770489568915309e+01 1.139962377701926215e+02 1.192814436627292025e+02 9.922183878346362462e+01 8.762271214956004428e+01 7.759673449429907066e+01 7.127305538846719912e+01 6.719485719210003083e+01 6.360520359259194123e+01 7.915039424848063732e+01 7.631945349353495089e+01 7.356974271786968700e+01 5.421262655022217558e+01 7.423091341805860566e+01 9.040873005306242760e+01 1.010806579299618875e+02 8.107198205577586236e+01 7.659937357820840020e+01 5.658714506078999307e+01 6.814029084079594156e+01 8.815469549022819251e+01 8.495230802009025695e+01 6.490050476928932710e+01 5.074899891278908370e+01 6.223504811915249491e+01 4.978098856729091892e+01
6.158301545221424789e+01 4.444498886698844586e+01 6.449653360470982477e+01 5.145512896778141254e+01 5.427190013060408802e+01 5.717057241539865231e+01 6.016717396967619891e+01 8.018906329584859805e+01 9.324648199516347802e+01 8.858550168509249545e+01 1.025135879613113872e+02 9.410770489568915309e+01 1.139962377701926215e+02 1.207886072683934060e+02 1.007341700079259965e+02 8.652916911012707146e+01 7.944117853535827578e+01 9.131637420666582727e+01 8.722504904302321904e+01 6.807570200042954411e+01 5.913262011504017579e+01 5.630125688295272823e+01 5.355124113079837400e+01 5.087768286399174400e+01 6.209307802421525224e+01 7.625301617263839660e+01 8.781136468800863781e+01 8.107198205577584815e+01 6.106180386713860031e+01 5.211037668271779921e+01 6.657422958727792661e+01 7.312621531892033033e+01 8.141390415968001548e+01 7.640219033311775831e+01 5.636682565209844142e+01 4.231025884085931921e+01 5.636682565210232099e+01
