LEM/with_lateral_4open/elevation_000525.asc
nrows	100
cellsize	150.0
xllcorner	0
ncols	100
yllcorner	0
NODATA_value	-9999
[rows 0 to 16 of 100, columns 37 to 73 of 100]
8.884754177262699226e-02 6.929726548558100274e-02 7.395023591448830758e-02 4.828361932999872264e-02 4.897713358561925356e-02 8.568734790590110117e-02 1.075183056328203948e-02 6.823539046102447547e-02 7.194897206013613211e-02 1.557559815681563986e-02 7.704183385687686514e-02 1.685416958384493638e-02 9.680445094065920353e-02 7.639902522890137937e-02 4.559330980047965332e-02 5.839666421669215124e-02 9.739037529851846120e-02 3.670263267501718690e-02 2.041064012308905357e-02 6.895211126444661387e-02 9.031524355919069713e-02 1.560024811392830661e-02 7.641644294168103979e-02 3.888124420523987601e-02 6.873285589001959517e-02 4.772367030474261584e-02 9.504926490987847254e-02 5.760415539182907330e-02 9.666222459857021221e-02 9.627991409191682948e-02 1.286757495974483190e-02 9.381044340810595905e-02 7.584058927755046864e-02 1.435327048224320848e-02 5.777975670406795827e-02 2.716720951219454838e-02 4.735230246529398453e-03
2.008884445500324745e+01 1.008476367611358349e+01 2.007395023591413263e+01 2.004828361578615414e+01 6.789179219343312033e-01 2.008566769564686894e+01 2.001075096015249244e+01 1.161524077412752298e+01 2.007194615344202759e+01 1.415771122188789022e+01 9.021313743856111955e+00 1.415898979331491958e+01 2.009680445094030432e+01 3.457016044142974920e+00 2.004559330980012533e+01 1.420053228794776778e+01 1.423952599902959371e+01 2.003670263267466112e+01 8.964682548128708461e+00 2.006895211126409251e+01 2.009031524355883391e+01 1.665172445798575263e+00 2.007641644294132632e+01 2.003888124420488381e+01 1.160845099436512662e+01 2.004772367030438573e+01 8.260015074187210260e+00 2.005760415539147345e+01 2.009666222459821583e+01 3.810186677632942498e+00 2.001286757495939028e+01 1.423594804359328236e+01 1.969257670143733563e+01 2.001435327048188739e+01 1.090575329562537332e+00 2.002715658852893199e+01 2.000473523024617251e+01
3.171243206939855597e+01 2.434734648357557418e+01 3.828908267059446757e+01 2.225918379554461168e+01 6.352238822530160256e+00 1.571978998139677897e+00 2.858280703753454333e+01 3.161523537921630833e+01 3.989904510416124594e+01 3.415771122188935749e+01 1.902131374385628959e+01 3.415898979331562657e+01 2.688698777302423082e+01 6.886987746993166404e+00 2.688698777302423082e+01 3.420053228794846945e+01 3.423952599903029892e+01 2.529457058017930393e+01 2.896361844197729596e+01 3.438287967617769425e+01 2.332175155655025378e+01 3.320384223003314705e+00 1.722125992982695308e+01 3.604984788928858563e+01 2.568377681091373432e+01 3.654428632165011237e+01 1.980702045797993094e+01 3.654428632165011237e+01 2.758893427698930623e+01 7.589831407724743961e+00 2.758893427698930623e+01 3.423647259156270195e+01 3.453851693732254091e+01 1.595323887717486500e+01 2.124750893078795944e+00 2.212758262377829155e+01 3.195517552877995016e+01
4.355021877903464400e+01 4.459157544628404679e+01 3.769880084915940444e+01 2.111221742682409896e+01 1.860971390911804590e+01 2.204053490696335604e+00 2.308418154986052429e+01 3.922306499671344682e+01 4.702933894926481884e+01 4.730558587138000348e+01 3.316344936758795114e+01 4.462122956739792556e+01 2.462122941134972010e+01 1.047909378752869536e+01 2.202609917132198447e+01 4.202609927967355929e+01 5.357134509288484736e+01 4.529330473007502889e+01 4.026042123788785432e+01 2.023704198589681269e+01 6.093885204260731214e+00 6.564812679812920493e+00 2.653366965907754960e+01 3.933413821125640908e+01 4.540081942610437693e+01 4.809129170544283483e+01 3.980702045798063438e+01 4.023657853388830574e+01 2.023889709021397820e+01 1.206196736264543112e+01 2.620386901099237420e+01 4.619830943982010041e+01 3.276427888517191178e+01 1.281261655781045228e+01 2.209003482004316510e+01 3.611346640691281973e+00 2.363416869153623168e+01
5.183365958330326606e+01 4.802445589225335709e+01 2.905739706202025374e+01 1.524511714676947705e+01 2.272151468472683433e+01 2.836939619034431370e+00 2.226627982845925757e+01 2.030203421240775796e+01 3.132274004198258410e+01 5.003360700507015224e+01 5.316344938127148367e+01 4.862122967472408419e+01 2.862122941142153110e+01 1.447909378752873089e+01 3.447909386481011751e+01 5.031037679235190296e+01 6.276340962110280230e+01 5.768888905508997311e+01 4.222971999816010680e+01 2.223658264445108657e+01 8.093885204599882144e+00 2.657004707302746027e+01 1.134574313486462138e+01 3.135790687222293727e+01 4.472828938713675484e+01 5.813615737351378954e+01 5.656078680316468876e+01 3.656779644584025846e+01 3.690930489679059434e+01 1.691267986041721727e+01 3.690914319262145682e+01 4.687035186514294338e+01 2.693085525468893593e+01 3.277045690567557301e+01 2.880230327962718206e+01 1.869592597605561224e+01 5.108349754185759650e+00
5.233316216265075127e+01 4.911389321187818524e+01 3.083381283494447800e+01 2.550541274806534275e+01 3.742281576665694942e+00 1.872921192481323160e+01 8.985045004234384791e+00 2.831276706925084596e+01 4.381705305727058430e+01 5.786528933570932764e+01 6.276336592591053432e+01 4.276336503855442572e+01 2.862122941142152754e+01 2.114576045419551420e+01 2.447909378752890674e+01 3.447909378753043796e+01 5.447909463337526859e+01 4.940787625887642776e+01 2.940483807057196231e+01 3.012414042760595834e+01 1.012457753614451761e+01 3.012648893086612745e+01 3.135790687222293727e+01 1.642592222049204409e+01 3.051632095568853131e+01 4.966093691798388932e+01 6.068662552129363519e+01 5.656078680316468876e+01 4.225205310632712496e+01 2.225790462742591913e+01 4.225205310632712496e+01 5.511210288665673573e+01 4.687000945613992542e+01 3.638069903940983352e+01 2.629897777143121118e+01 6.622501254657104042e+00 2.524054474125445680e+01
6.061722287544345988e+01 5.686488515694536972e+01 4.219495652484109627e+01 1.944217843764887732e+01 4.384073818361585495e+00 2.351235525488018041e+01 2.829934764314755924e+01 1.705243397339369693e+01 3.604869714004225045e+01 5.263655394959612011e+01 6.098326483933449538e+01 5.690551292269700667e+01 4.821682844538304380e+01 2.821682826606111405e+01 3.862122941440232893e+01 5.276339385751627731e+01 6.276340962119217437e+01 4.462492163219415175e+01 2.462102108239113107e+01 1.307341669816011276e+01 3.012648793365010391e+01 3.841167637051244554e+01 4.472828938713675484e+01 3.644199425242339885e+01 2.208384433785077050e+01 3.350348240838858516e+01 5.259464268191364056e+01 5.856516840478663255e+01 3.858576410657864386e+01 2.932896781045363710e+01 4.931680608650422926e+01 5.853143764266123128e+01 3.875545585088860889e+01 2.799072386185009975e+01 8.163531986597108769e+00 2.611848971457684243e+01 1.579807093336948398e+01
6.651240270544231237e+01 5.443027725116218107e+01 3.469173852021003768e+01 3.274505636388110474e+01 2.440535660717808497e+01 5.291276765818370365e+00 2.528528610670560184e+01 3.413073190562369064e+01 2.615120457706959201e+01 3.458864745683074915e+01 4.773346396420306093e+01 6.638215544802615398e+01 5.650111021101663056e+01 3.821682826606146222e+01 5.650111021101663056e+01 6.690576389017613224e+01 6.574132554266705597e+01 5.290988469320031129e+01 4.136098567848270591e+01 3.307566307817302942e+01 1.617801922315877050e+01 3.618067724804783580e+01 4.831551611682984770e+01 5.041198847904342983e+01 4.211639421493430291e+01 2.875492033826838423e+01 4.878026247113809433e+01 6.681740835126545619e+01 5.754236088955659767e+01 3.932797664005451566e+01 5.754236088955659767e+01 5.839563958768619756e+01 3.875543097096139178e+01 1.915042032691815166e+01 9.258184796173281939e+00 2.066175364315590102e+01 3.494705449703210576e+01
6.106488701857221457e+01 4.864543240649634726e+01 2.891192927496905085e+01 1.485155078947172491e+01 1.078543521139869021e+01 2.435962376540079788e+01 6.209467938002998011e+00 2.666815300774952746e+01 4.487428254850828324e+01 5.263655394959612011e+01 6.098326483933449538e+01 6.512168828708300339e+01 6.650111606167001810e+01 5.821682862470473196e+01 6.650111606167001810e+01 6.900648479715175654e+01 4.900238118794925413e+01 3.745150069868936527e+01 2.928488422897674326e+01 2.172506443787725061e+01 3.618067638034646905e+01 2.002702743836201549e+01 3.417105340829447613e+01 5.417581398176568541e+01 5.378677155553977229e+01 3.376073521793301779e+01 4.792373208047615663e+01 6.794140097296715908e+01 6.734451873977374703e+01 5.920179366325084658e+01 6.734451873977374703e+01 5.015500747096586309e+01 3.048811239402816753e+01 1.921395001698135729e+01 1.036628708145551414e+01 3.004109896403340940e+01 4.019448575384451772e+01
5.284188779994456553e+01 3.313964082100579134e+01 2.159164590958530994e+01 3.466141397026490267e+01 2.362501680425151207e+01 2.679392092978781648e+01 6.858941863139413897e+00 2.688518221980161726e+01 3.473922111591708983e+01 3.939002609741215366e+01 4.449480196225658801e+01 4.417570841996641207e+01 5.734772626065961987e+01 6.600130370259201129e+01 7.651134440272927861e+01 7.728944218689639456e+01 6.574132554255156435e+01 4.859029288606904373e+01 2.858541259284143976e+01 4.172868328889286715e+01 4.285927704639216529e+01 2.285546767810233604e+01 3.699994983996274556e+01 5.700494537611680812e+01 6.046072566782643776e+01 4.043886333096658348e+01 5.011361761269891701e+01 7.013043234787384961e+01 7.280570568605133985e+01 6.260390232071200955e+01 5.434267370112954865e+01 4.722185768658778215e+01 4.699865130615060593e+01 3.114150445351155483e+01 1.148655468782396660e+01 3.114159140041518370e+01 4.129845727201843175e+01
3.766567244624578592e+01 3.015162152041394350e+01 3.569760813246909947e+01 4.834783537690132960e+01 2.994152195391575333e+01 1.290615115653782041e+01 7.509871031648020612e+00 1.813453893387009686e+01 1.458134964603685901e+01 1.911763729268419354e+01 2.407569850287895008e+01 2.963890545430112411e+01 3.641470504885976567e+01 4.678446020427474394e+01 6.791099231704453132e+01 7.168924251256905222e+01 5.168589554672529829e+01 4.013509736841723452e+01 3.525316424713757613e+01 5.525885720553471714e+01 4.580876911276112651e+01 2.580434286405585453e+01 3.994939765058004610e+01 5.995454316374056702e+01 6.802565881322352936e+01 4.801072702567306294e+01 6.802565881322352936e+01 7.841123336501782148e+01 6.440465647584458964e+01 4.440802015901077482e+01 3.415458162627068361e+01 2.711028722253741918e+01 3.824446637403114124e+01 3.224606628494449012e+01 1.261213847771294283e+01 1.717770111088762874e+01 2.194167120781033731e+01
5.729867853073842809e+01 4.158021910025655643e+01 5.539482780086607505e+01 6.056419692854422721e+01 4.468572145509656224e+01 2.848462838221804816e+01 2.664461708443848664e+01 8.438881236064533553e+00 2.862094033001837445e+01 3.939002596300635162e+01 4.449480196225658801e+01 5.037005252339299233e+01 5.734772626065961987e+01 6.600130370259201129e+01 7.651134440272927861e+01 7.997048498325575849e+01 6.842334969932568356e+01 6.014030475714569235e+01 4.281476085639761919e+01 6.282020396884819036e+01 4.889562686206924980e+01 2.889050221593246803e+01 4.303625369390618971e+01 6.304140503165367448e+01 7.630842418686692952e+01 6.216405190620120891e+01 7.630842418686692952e+01 8.814438697931383615e+01 7.279772646737178832e+01 6.189607782285769844e+01 5.194301254391127287e+01 3.824611252967174835e+01 1.909291911097547967e+01 1.426204615206585657e+01 3.224679985760376155e+01 3.660330544493824334e+01 4.129849072927400044e+01
6.946586278670004333e+01 6.121231870519083174e+01 6.148808419118158497e+01 5.264495940501346638e+01 4.656366555428421350e+01 2.939079742792122829e+01 9.388638545189770923e+00 2.848285141812219834e+01 2.265157316787584563e+01 3.698058648851674235e+01 5.764062818440082481e+01 6.449541603399012502e+01 7.272925485464098472e+01 7.530258729718840982e+01 7.530258729718840982e+01 8.354574958273808249e+01 7.696382439563367939e+01 5.696172456701652465e+01 6.282020396884820457e+01 5.674268228578158357e+01 3.673653792090494363e+01 3.289083268977827856e+01 4.703754942905258218e+01 6.704236893230384453e+01 8.273030681533563779e+01 8.217682970545652665e+01 8.267068828149585613e+01 6.905079497972893421e+01 7.660222438307658877e+01 5.173842285945064390e+01 3.505248444287996534e+01 2.324992836126939721e+01 1.629545166422371949e+01 3.382632860713326295e+01 1.730257377143782094e+01 3.684379102187421040e+01 4.807341498516711908e+01
5.619803506141720106e+01 6.440223480261801114e+01 5.304239970478325716e+01 3.204245981191801462e+01 2.870381385700651222e+01 3.005578650288251907e+01 1.006392348902112310e+01 2.897329136341306821e+01 4.041428098350210263e+01 5.160421481859361847e+01 5.045744858933754529e+01 4.464273208561046147e+01 6.449541603399012502e+01 5.548152860072821113e+01 5.548152860072821113e+01 7.530258729718840982e+01 8.524414945829883550e+01 7.696382439563367939e+01 6.568933540060805853e+01 4.568401086474571571e+01 5.674268228578158357e+01 3.789185248120418237e+01 4.444151487753897101e+01 5.444545319890357149e+01 7.444853556656397586e+01 8.022869834024591285e+01 7.205424015181699815e+01 5.562575632351612853e+01 7.351597109339093095e+01 6.404188464337396169e+01 4.342512210882141943e+01 4.290714333436916661e+01 3.541082948038670253e+01 1.837494681817319986e+01 2.368517088674897764e+01 2.037265673895089790e+01 3.987181642113589675e+01
3.677043323940885244e+01 4.703977573439436810e+01 5.231810526338650646e+01 3.741088846253231992e+01 1.836273025453861152e+01 1.109066752247913534e+01 3.006254860429869424e+01 1.278023455864064672e+01 3.275531909829185651e+01 3.896848659007483207e+01 3.055800083053242844e+01 4.701974913850661153e+01 5.136223604435156886e+01 4.143748980607827548e+01 6.128698228262484093e+01 7.288209305552577177e+01 8.279725634540064050e+01 7.638110484535400246e+01 5.637863578504529016e+01 6.568933540060805853e+01 6.306412402195572753e+01 4.305768255135325973e+01 6.306412402195572753e+01 7.273010091681177869e+01 8.273030681533563779e+01 7.205424015181699815e+01 5.242260421699680251e+01 4.593690884746128944e+01 6.539988225191179083e+01 6.221875677686687567e+01 5.984256858659419009e+01 4.111514290901796187e+01 3.927828576214817247e+01 1.984253232864698901e+01 2.655089899178662805e+01 3.980875437035104625e+01 2.347978374995431139e+01
4.703977573439436810e+01 2.757268059212472266e+01 3.333992129559519668e+01 3.211463766005824993e+01 1.212517039617966041e+01 3.103281506458236905e+01 3.920326375941811392e+01 3.275547879799533746e+01 1.553923972158693090e+01 1.902586134928863260e+01 2.302508508149519884e+01 2.710344248145688439e+01 3.146246109396264146e+01 3.777803280420028642e+01 4.482741549297841033e+01 5.475293955003089508e+01 7.455614523970383800e+01 8.466262354135820090e+01 6.792847334352634903e+01 8.466262354135820090e+01 6.939022692267467107e+01 4.938533304380464983e+01 6.306412402195572753e+01 8.306468172056774790e+01 8.575499806831919614e+01 7.574359117028186006e+01 5.817257725652013534e+01 3.854109297377524967e+01 5.060175719016923779e+01 4.237425088590175193e+01 4.583711071554515826e+01 4.139322893749700683e+01 2.192685883699515870e+01 3.932521197978228855e+01 4.549339455759961481e+01 4.524213290735794146e+01 2.572651256590113533e+01
4.875744206774509593e+01 3.909859154773752721e+01 1.949013000319353495e+01 1.640310042583557149e+01 2.728361918626578841e+01 1.319137356849306109e+01 3.531666378750059465e+01 4.373313986580910040e+01 3.549692983397603285e+01 1.892493063790053398e+01 3.886790823770251535e+01 4.701974913850662574e+01 5.136223604435156886e+01 5.764459445298137297e+01 6.465454239486733456e+01 7.288209305552577177e+01 8.279725634540064050e+01 9.620747943368095889e+01 8.792761420567920538e+01 8.093778187190700635e+01 6.093682999664332556e+01 6.939022692267467107e+01 7.767267182933282754e+01 8.900692247235296861e+01 6.903692540443221048e+01 5.753048889514755615e+01 4.756336212934002816e+01 3.364962040298917145e+01 3.094085930495293013e+01 2.859485525680315376e+01 2.631562745747942600e+01 2.405479935905662714e+01 4.139322872012994736e+01 3.307554513993136425e+01 5.275539616004434151e+01 4.972840439652953393e+01 2.963045089614533723e+01
