LEM/with_lateral_4open/elevation_000098.asc
nrows	100
cellsize	150.0
xllcorner	0
ncols	100
yllcorner	0
NODATA_value	-9999
[rows 51 to 67 of 100, columns 37 to 73 of 100]
7.429491545733665703e+01 9.065043657346468819e+01 1.019340770499491811e+02 9.405768458940963228e+01 7.579663066755826151e+01 9.405768458940963228e+01 9.167922495663539451e+01 7.342976173674914264e+01 9.167922495663539451e+01 7.351003634970460610e+01 9.337975002738750163e+01 1.015283688304132426e+02 8.162310822687489065e+01 1.015283688304132426e+02 1.141598784851235706e+02 1.073698690052709139e+02 8.701955164388209596e+01 9.649216682263745781e+01 7.977315935718991113e+01 8.724730511465379834e+01 8.387798799429255325e+01 7.951271801081611557e+01 5.948114739704053022e+01 5.356363371652214767e+01 5.113465206573535937e+01 6.767602943496166290e+01 6.536029388750743863e+01 4.788328078939363053e+01 4.843268427447205227e+01 4.480959650469084465e+01 3.876706035689998231e+01 3.738846267235884824e+01 5.503331357147214931e+01 4.801944320766838104e+01 5.483846640686944340e+01 3.968005618794401812e+01 5.082191657067257040e+01
6.295849686240438814e+01 7.429491545732587099e+01 9.385517176553571517e+01 8.575296250458742975e+01 6.583941855800014764e+01 7.579619052878085483e+01 7.330873287599436594e+01 6.345687073719747673e+01 7.861587936531955734e+01 6.720782309656614473e+01 8.535204241132585423e+01 8.897419717913318493e+01 7.593360270718989113e+01 8.579602251610789665e+01 1.057684075718990329e+02 1.156416405615509859e+02 9.726788907514753646e+01 1.084152064322310451e+02 9.154466868379104483e+01 1.033831603177410727e+02 8.310211915623696655e+01 6.882700544972806256e+01 6.977360540596799865e+01 7.347297222104798209e+01 5.853560322487206236e+01 7.854844999360156521e+01 7.493745821298040255e+01 5.693047038428328221e+01 4.863749608789537149e+01 6.068273524919227668e+01 5.828807732529330821e+01 5.501687156475082929e+01 3.546099935425099403e+01 3.419190305968203347e+01 3.537707935382885438e+01 5.486250045426132971e+01 6.431444293725583350e+01
7.276027450188682622e+01 7.603078601409021076e+01 7.669310047721928925e+01 7.846993984190950755e+01 7.579619052878085483e+01 5.582724104045722413e+01 5.332618068928672983e+01 5.586162594344282439e+01 5.864819790717929493e+01 6.196527500472330985e+01 6.547432489045563386e+01 6.913483844810292567e+01 7.614164851915774079e+01 9.599255103289279134e+01 1.141598784851235706e+02 1.256905789292498810e+02 1.116238908525610611e+02 1.200541558159270892e+02 1.118069355936551261e+02 1.033831603177410727e+02 8.310211915623696655e+01 8.310211915623696655e+01 8.400944659683683824e+01 7.854844999553012030e+01 7.262753760363662536e+01 8.689789251516026525e+01 8.346115250873592117e+01 7.494434427012282640e+01 7.545659477283037120e+01 7.028978814504417016e+01 6.017556946233908377e+01 4.052856611276564536e+01 5.503331349619850243e+01 5.202798348309511312e+01 3.240634054869387626e+01 5.041624440111168326e+01 4.465965761306392778e+01
7.019139770614276586e+01 5.512640484692574461e+01 5.675325557620607242e+01 5.852500029988839714e+01 6.658042738588059706e+01 4.981804830266522544e+01 6.977630640981354304e+01 7.001158025870863355e+01 7.278379988680433144e+01 7.348778443519005066e+01 8.535204241132585423e+01 8.055977706298459395e+01 9.599255103289279134e+01 8.863552247633100478e+01 1.027304489045731231e+02 1.229486597365942799e+02 1.315900686511599531e+02 1.282802257851189438e+02 1.202157164197174808e+02 1.116707732985159396e+02 1.033831603177410727e+02 1.033831603177398364e+02 1.042346342802219681e+02 9.875203277154585635e+01 9.284279699514235062e+01 9.946667530351221842e+01 9.110929310331688669e+01 8.386156865462002941e+01 7.028978858925101747e+01 5.027935128692598710e+01 4.588262423141618029e+01 6.017556954354689225e+01 6.847428945614096563e+01 5.959358393685929656e+01 5.026011257905785357e+01 3.076948968838673792e+01 4.465951126483304989e+01
5.834299919830996828e+01 4.095344280902017431e+01 4.269643311543723740e+01 4.446221268657931347e+01 4.665722148589023277e+01 6.658042738586489406e+01 7.806358010266725955e+01 8.993447203647787092e+01 9.269576473918834836e+01 9.337184182767840923e+01 1.017101426624992371e+02 1.004685088159071142e+02 1.088366890662337738e+02 1.086522257538128429e+02 1.170506662702216971e+02 1.291014165420916981e+02 1.256795880731848882e+02 1.202157164197174808e+02 1.004089673277178747e+02 1.062102298235040791e+02 1.096107849080125902e+02 1.080118262928336890e+02 1.080449711003285387e+02 1.159444910063116794e+02 1.028965828474886450e+02 8.248039812704760720e+01 7.060963267993649595e+01 6.342245838437985128e+01 5.740813444777644037e+01 7.028978858925101747e+01 5.469457220714510726e+01 7.224803542769802789e+01 6.925676434582703678e+01 5.476368447766594016e+01 3.654345015397193208e+01 2.962801296061854472e+01 4.983617108296072473e+01
3.852064026192429225e+01 4.296412485935516656e+01 6.244015158281388267e+01 6.436673784139065901e+01 4.882779493092450451e+01 6.863734362124107236e+01 8.144046416811220013e+01 9.549157301840978107e+01 1.015764969125576727e+02 9.319070049748984275e+01 9.892595525553778657e+01 1.056260721692067222e+02 1.140829953480791374e+02 1.242758492142431948e+02 1.291014165420916981e+02 1.089707693212597945e+02 1.055578723327956538e+02 1.055578723327956823e+02 1.062102298235040507e+02 8.623410715853034958e+01 8.969303874682793776e+01 8.828648348718967043e+01 8.828781433022658121e+01 1.080355466211254907e+02 1.111854730811696186e+02 9.946667530351221842e+01 9.110929310331688669e+01 8.386156865462002941e+01 6.905466768890137530e+01 8.168927249474974417e+01 6.624893833953558442e+01 6.621236802830613044e+01 5.558971994081698398e+01 4.689176529429744988e+01 4.689178298338822515e+01 2.850222074068155820e+01 4.810130653883454244e+01
5.842949212563330974e+01 4.845352812723539415e+01 4.939936455929034054e+01 6.905976056433313204e+01 6.863734362124118604e+01 5.338181026991114919e+01 6.738923974495433811e+01 8.189933520755378993e+01 8.599343357630652918e+01 7.348017382416067278e+01 7.905844998495733478e+01 8.552572142819984435e+01 9.544610486061088750e+01 1.158060394778026563e+02 1.242816019601645365e+02 1.041607313800750063e+02 9.256335122782094516e+01 8.545041606171704984e+01 9.734903768455089335e+01 9.358073071101497931e+01 7.546786534009879688e+01 7.407190001901750520e+01 8.372925246270044397e+01 9.179540623702398250e+01 1.018672759150465197e+02 9.906128083478725443e+01 1.071976206275892594e+02 9.786942116761915145e+01 8.950724748728703162e+01 9.173038709609907926e+01 8.320135101825340485e+01 7.619265946393082345e+01 6.925676434594005570e+01 5.662305973933207071e+01 4.609412659046367366e+01 2.737664891403198908e+01 3.062791190955951492e+01
7.571214422093612484e+01 5.596652765603075608e+01 6.905976056433313204e+01 5.643354602888135219e+01 7.596526639924691437e+01 7.317917900733688441e+01 5.829747935670389580e+01 6.221690986698455816e+01 6.635888816214954034e+01 8.016536510136162974e+01 9.892595525553778657e+01 1.056260721692067222e+02 1.140829953480791374e+02 1.242758492142431948e+02 1.326188858097979164e+02 1.210008929141070269e+02 1.115691998621242931e+02 9.145885365145511514e+01 7.722334617753966768e+01 7.347473898697658967e+01 6.990544471098050394e+01 6.644438050371879001e+01 6.364951385221640123e+01 7.429744875271612159e+01 8.838832064734086202e+01 7.873006947233201913e+01 9.557579153476295630e+01 1.068980317615239528e+02 9.088423836560939151e+01 8.119634035016565576e+01 7.313240324992284513e+01 6.672024277392155511e+01 6.116962191489835021e+01 4.990230537583951786e+01 3.040720478840675156e+01 2.631012386344974274e+01 4.452161889299372177e+01
8.386483529742237408e+01 6.589277332587340652e+01 8.114780046885655906e+01 6.175653324895937146e+01 8.114779989168275165e+01 8.631845160326241739e+01 6.715344426507078879e+01 8.189933651576112084e+01 7.761120634352757008e+01 9.432212183264628891e+01 1.084982993367995476e+02 1.181055218769240867e+02 1.181030220270676949e+02 1.263498992327775738e+02 1.366081628024706731e+02 1.249964500019499951e+02 1.059238150462287251e+02 8.581556739118894939e+01 9.141844987243194964e+01 9.359646107193147202e+01 9.003298189805188656e+01 7.315723804034715272e+01 8.010992548047124728e+01 6.009381786147903171e+01 7.680974610032286876e+01 6.683813861098910536e+01 7.868526266204398212e+01 9.879190178222836494e+01 8.278208166289219605e+01 6.348272483695350843e+01 5.389592182191881164e+01 4.749232809116212195e+01 4.190515972916997356e+01 3.667215032149537990e+01 4.989965340887736289e+01 4.321288780995786993e+01 2.485443966558016626e+01
9.369408237449343346e+01 7.979534326852409265e+01 8.694062836105780434e+01 6.772799134963416634e+01 8.694062836105780434e+01 9.518187419481780864e+01 8.100693990492820262e+01 9.518193021739001836e+01 9.744376910103426326e+01 1.058509278815304242e+02 1.086404316658781539e+02 9.803627414711361610e+01 9.803625596432917177e+01 1.181030220270676949e+02 1.282928534341164095e+02 1.081653914014512452e+02 9.656376267704358440e+01 1.000316301241141304e+02 1.110332516153406459e+02 1.038901512003565983e+02 8.392503040269798475e+01 9.321834523920981042e+01 8.837695945264040631e+01 7.680974610032286876e+01 5.670604033444485026e+01 7.031098557813126604e+01 8.845484392946679009e+01 9.695889959009890902e+01 9.088423836560939151e+01 8.119634035016565576e+01 7.313240324992284513e+01 6.672024277392155511e+01 5.248382796768113678e+01 5.037916197081671044e+01 4.396653575121171542e+01 2.343142009209465826e+01 4.042702115688836528e+01
9.250673126682737291e+01 9.938587382378189261e+01 9.495698384124506219e+01 7.888120820717152526e+01 8.134523874850849268e+01 1.004490884493739458e+02 1.009431487521582795e+02 1.083062151856458399e+02 1.000138202264733422e+02 1.015147477348005651e+02 8.848061536362433799e+01 8.370281620700208691e+01 9.803625596432917177e+01 1.181030220270676949e+02 1.210240348588602046e+02 1.249964500019499951e+02 1.166722578114531785e+02 1.201320641454583154e+02 1.178787281425997122e+02 9.809589291257995569e+01 1.038901512003565983e+02 1.032117436745236034e+02 8.878563955513034500e+01 6.872144680241393644e+01 5.451597822424125894e+01 7.163746589742828519e+01 7.990287993908603426e+01 7.694922297691515212e+01 9.695889959009890902e+01 9.988844599839426053e+01 9.179694949299772588e+01 7.982109198996310795e+01 7.175948984126922880e+01 6.967576182541084506e+01 5.217321143194345723e+01 2.373693903109777636e+01 2.203513932324773350e+01
7.838778415976869951e+01 9.830949406736539231e+01 1.060476284726490945e+02 9.795000103103873812e+01 1.004490913458183314e+02 1.085686253458158461e+02 1.142308096447893746e+02 9.412495039329351698e+01 7.978931572190121813e+01 8.130276894295911916e+01 7.412490899365759844e+01 8.585313704645542998e+01 1.060423729499749044e+02 1.152150532847883539e+02 1.011902494379512518e+02 1.152150532847883539e+02 1.149788948513080129e+02 1.231932454712549685e+02 1.259306618892193654e+02 1.178787281425997122e+02 1.090853740974554711e+02 8.929215166483821520e+01 7.511281925362689549e+01 6.611043407742087652e+01 7.163745801984335060e+01 5.158332074917510113e+01 6.053194486083741310e+01 8.062104616329719420e+01 8.150519406228947616e+01 8.856909271042101750e+01 7.216180622456487015e+01 8.198423185737551933e+01 8.039640408094480506e+01 5.860504768892847949e+01 4.286050141748926734e+01 3.404300365452731825e+01 2.365260154009165205e+01
7.838778415976869951e+01 9.830949406736539231e+01 1.100210456289974843e+02 1.016437557241346923e+02 1.100210456289974843e+02 1.106161369549754596e+02 9.898312761802492332e+01 8.994549009667186112e+01 8.160259202018258406e+01 6.695901405544080376e+01 8.722272046991753314e+01 1.026953142552937095e+02 1.143146977608985679e+02 1.063226476639991489e+02 8.709479764501095644e+01 1.063226476639991489e+02 9.511707759069280144e+01 1.117311979312389099e+02 1.227005241106558486e+02 1.087249642184540477e+02 1.005006460570554481e+02 1.032117436745236034e+02 8.730157177952949610e+01 7.526054321734683583e+01 6.685789177744300105e+01 4.961135419920623946e+01 6.964218793169179378e+01 7.467667233764464640e+01 6.076726825449384961e+01 7.523402999837956884e+01 6.072226840670293058e+01 6.220326917751080487e+01 7.268558591689621551e+01 7.383918394560862453e+01 6.263673991509679695e+01 5.028989306677595295e+01 4.043849475496454460e+01
9.830949406736539231e+01 1.066256783738860463e+02 9.993394201726388815e+01 8.149040816344493976e+01 9.993394201726388815e+01 1.023307483170645327e+02 8.212119990641431855e+01 7.040360838351341499e+01 6.136484405795386010e+01 8.160259202018251301e+01 9.555307004233209511e+01 1.082713450725473194e+02 1.105174481855390383e+02 9.809780817947151377e+01 7.813895283604405506e+01 9.809780817947151377e+01 8.358551742523118833e+01 9.460042328074541729e+01 1.120321679072431493e+02 1.005006460570554481e+02 8.047956386186936584e+01 8.634360307014611635e+01 7.877131444243755709e+01 5.837589438139495712e+01 4.685386706913008226e+01 6.410097503509413741e+01 7.234199537880927267e+01 6.517827851274567763e+01 4.658452877734919184e+01 6.594749052217494523e+01 6.799697900804514461e+01 4.808204357398335560e+01 5.279080750122984966e+01 6.684313683778277948e+01 5.188078391900953079e+01 4.127228924580185065e+01 2.205905925171859039e+01
1.118938086209467571e+02 1.044518533086037309e+02 9.156708194378983023e+01 7.164814111819480047e+01 8.790985207944592617e+01 9.625693719328185693e+01 9.350466711496815719e+01 7.818179399505781646e+01 5.796952850814430036e+01 6.805709981621787108e+01 7.976196031904744643e+01 9.997853028696512467e+01 1.022923657344571353e+02 8.235046742964823352e+01 7.177626204588386827e+01 9.178626394196618321e+01 7.461207285264809741e+01 8.387580189298998334e+01 1.038082496916578634e+02 1.005006460570554481e+02 8.047956386186936584e+01 6.625276598145623552e+01 7.624184192761806855e+01 7.228077960243061284e+01 6.414659480166682215e+01 4.417537145477073324e+01 6.148556163241973138e+01 5.760587661808389015e+01 3.770534293200233122e+01 5.544999778089113818e+01 6.370448750629792301e+01 5.854342584089375379e+01 3.771654162307623182e+01 5.854321812695053495e+01 4.361006756177278731e+01 2.365530568156426128e+01 4.201750458740059457e+01
9.335260747643098966e+01 9.608239761894094499e+01 7.606383114751628227e+01 6.468222711750172493e+01 6.801582175711287448e+01 8.472755009567325146e+01 7.923566894037547570e+01 6.496667076578282263e+01 5.482931067839517425e+01 6.383673078067870676e+01 7.552284051749525418e+01 9.575539922966504491e+01 1.001191157914557550e+02 8.016563462640736759e+01 6.594339796423840028e+01 7.995443699856993192e+01 6.748122656380448348e+01 8.169213504464637765e+01 1.016357144608675753e+02 1.020435501233333611e+02 8.203239609704888835e+01 6.780980440193685865e+01 5.620742833285845563e+01 5.222047663226951641e+01 4.847045907213458094e+01 4.479562983250345809e+01 4.154196310955446592e+01 3.994837140354611904e+01 5.544722219111610428e+01 3.551927609968927158e+01 5.538557339862515505e+01 5.317908659975225305e+01 2.879966601532067827e+01 4.755334203472343546e+01 4.474196646125839294e+01 2.478928097386429386e+01 3.229041072081032837e+01
8.025578959341630991e+01 9.535457561695960749e+01 9.051956526210487652e+01 7.058546574620096692e+01 5.654863318535252859e+01 7.013887651621408281e+01 6.706724003573995674e+01 5.067557601428434566e+01 5.776446511170088627e+01 7.829933955347799213e+01 9.241006588105477704e+01 1.040605280161861259e+02 9.541603517809477353e+01 7.542488907235100726e+01 6.117429810085650388e+01 5.983747265955521044e+01 7.995443645197455851e+01 8.267008715768676552e+01 1.026201882481127257e+02 9.944678098342428996e+01 7.941904454140440350e+01 6.518982923766928650e+01 7.041969860605888698e+01 7.228077960243061284e+01 5.629406548794901965e+01 6.477340088837576104e+01 5.301993017866448099e+01 5.990256861172168357e+01 5.392504281716466608e+01 3.399401649172602191e+01 5.178725684714111566e+01 4.874696052404136992e+01 2.882777454373092496e+01 2.760778807065603146e+01 2.641926638150194862e+01 4.474038092830943469e+01 5.156007128903220860e+01
