LEM/with_lateral_4open/elevation_000343.asc
nrows	100
cellsize	150.0
xllcorner	0
ncols	100
yllcorner	0
NODATA_value	-9999
[rows 51 to 67 of 100, columns 0 to 36 of 100]
6.455108993161302877e-02 8.242004608085414574e+00 3.086645357434042936e+01 3.904102817330016251e+01 4.601858055657986313e+01 5.425053128185805207e+01 5.711675323743124721e+01 6.539858373443274786e+01 6.457028772721275800e+01 5.648860058255694128e+01 6.457028772721254484e+01 5.990768000272791483e+01 4.295083448482368027e+01 5.990768000163449614e+01 5.451851072847333768e+01 3.527419814469755721e+01 5.451851072847512825e+01 7.048562238153910187e+01 6.861806583695643269e+01 4.963997765055780320e+01 4.960745066272057358e+01 4.591859406219420237e+01 3.819410414490648975e+01 3.901320495085123241e+01 2.032347678432966021e+01 3.826919406111532140e+01 4.133495435755581582e+01 2.380555604326603358e+01 4.341480157763131587e+01 4.581290347449240130e+01 4.660854252204910608e+01 2.837747701128864719e+01 2.955711789976410131e+01 3.333908413800968162e+01 5.304739539199473342e+01 6.539821846595256716e+01 7.122190099690844534e+01
3.995603441288197999e-02 2.003995603441252626e+01 2.726035823469829467e+01 1.924776612883809435e+01 2.628308213137414384e+01 3.766112683499643765e+01 5.743507465121564337e+01 6.123404519873842844e+01 5.314543042346192436e+01 3.699474571192036620e+01 5.482086135025755880e+01 5.220879377782890174e+01 3.328251879413526382e+01 5.220879377782890174e+01 5.010356280156644004e+01 3.069787059106902305e+01 5.010356280156644004e+01 6.278009168311154298e+01 4.862464454324013019e+01 4.963997729401521752e+01 2.978097657666205222e+01 3.538495017201184822e+01 1.827604865129115552e+01 1.908485086130426822e+01 3.901999511690151934e+01 4.680123710620340916e+01 4.844077856141703364e+01 2.955559917534481329e+01 3.983143314330335016e+01 5.890262575896183250e+01 4.444762171373351833e+01 4.233129143497874480e+01 4.925258116135181297e+01 3.128513891068566011e+01 4.106676051103426772e+01 5.502224716149970618e+01 7.493600214609099908e+01
4.804567899273937126e-02 5.064443083667256040e+00 1.027270111513956863e+01 3.119053491423752433e+01 4.601858055657986313e+01 5.425053128185805207e+01 6.569552737752408689e+01 5.314543042346192436e+01 3.352194310203572059e+01 2.697223990797180804e+01 4.674167309141166271e+01 4.589996989395767457e+01 2.665831953012807887e+01 4.589996989395767457e+01 4.596625545692689485e+01 2.642684601401740707e+01 4.596625545692689485e+01 5.448058206105012857e+01 3.459650858424738828e+01 4.190478923792542787e+01 3.597767510688976245e+01 1.713203365772608677e+01 3.708353944648771261e+01 2.120937291197827790e+01 3.244110723122614104e+01 5.206962430062004898e+01 5.567959923227088836e+01 3.579075845464384997e+01 5.560819611568950904e+01 6.671839500887115548e+01 5.840032842709894823e+01 6.221885033665542153e+01 5.217896515461784190e+01 3.251395742399598277e+01 5.217896515461784190e+01 6.908466369492381887e+01 6.641330657169318386e+01
9.707512844716031930e-02 1.748913497695888353e+01 2.920457260521960308e+01 3.953620424702292269e+01 4.887095872608662717e+01 4.725048953058850998e+01 5.047813049102432359e+01 5.314543490646273227e+01 3.352194310501799634e+01 1.931147851792540493e+01 3.187088826241068062e+01 3.273260374962224972e+01 2.072849053561866128e+01 3.354207763902039829e+01 3.682320670314748412e+01 2.240700298069232943e+01 4.205837368156600320e+01 5.606589609479121350e+01 4.190362029391391729e+01 2.201990179418098137e+01 1.599336509172927734e+01 3.597768652397326150e+01 4.284000643156529264e+01 2.335499143337021621e+01 4.283485755624452196e+01 6.023711556427657143e+01 6.430663016135454768e+01 4.986369037037973584e+01 4.986369106528442785e+01 7.027712001614801807e+01 7.815896777480818969e+01 6.037631503872336936e+01 4.108126783095698187e+01 3.374264089249153642e+01 5.340862570272364707e+01 5.646139340575929566e+01 4.654627256163993110e+01
5.001202446392439237e-03 1.507500250940157471e+01 3.623980867163164987e+01 3.924079941975674757e+01 2.886436140133355721e+01 3.034745893224668833e+01 3.255645347483098817e+01 5.047645988861234656e+01 4.640174867220791555e+01 3.143136689422963315e+01 1.203026562676486044e+01 1.333808996956657644e+01 1.315233406030213814e+01 1.349091764453585895e+01 1.703818368640544278e+01 3.672135530065331466e+01 4.971420920570184165e+01 4.200729925292013434e+01 2.795016661810803527e+01 1.486606875008841833e+01 3.487423653113911826e+01 3.597768653679866446e+01 4.495064011183097108e+01 2.549161243944529076e+01 4.495064013143441883e+01 5.635037019521029578e+01 7.050064824000273234e+01 7.027696994942027686e+01 7.027716018333703119e+01 7.881947412378134743e+01 7.406566573369900652e+01 5.470600032078288422e+01 6.037602409139677206e+01 5.340131074360640184e+01 3.549958285428012061e+01 3.677536670915333872e+01 5.647991790178675586e+01
5.279685921607564503e-02 1.997732175146893852e+01 2.151476461796554318e+01 1.830766758984105635e+01 1.625634891401626447e+01 1.879201918699116902e+01 3.432938839221669980e+01 3.445540027918427484e+01 3.413899463823599945e+01 2.337628431844869681e+01 7.488518666007690783e+00 8.125951615216507662e+00 8.758213150385277146e+00 2.758506861364463347e+01 2.946939150861722467e+01 3.566271738502442190e+01 3.200522242460923650e+01 3.268730558997756930e+01 1.376697250297982578e+01 3.376635956397102234e+01 4.312175113582625841e+01 5.588926343496265048e+01 5.323712632208010831e+01 4.495064013143441883e+01 2.850421346543852508e+01 4.220009215041784500e+01 5.960759545231303491e+01 6.466698038375733404e+01 7.304209263384726114e+01 8.206176378450408038e+01 8.231236654217944704e+01 7.406566573369900652e+01 6.295949125609865860e+01 4.313408037617377033e+01 5.518345772282059869e+01 5.647991790178675586e+01 3.862318876519302790e+01
5.738623160518319517e-05 6.077945116945249193e-01 1.215812412010387256e+00 1.824674977649538343e+00 9.052828240116239655e+00 2.304420194122570464e+01 2.404698350114756877e+01 4.800379731627105073e+00 2.519988248588161639e+01 6.587215420719330972e+00 2.636813834922822508e+01 2.831104876779926727e+01 2.565259464412452317e+01 9.654239483433682878e+00 1.028093555010996774e+01 2.612468376638939915e+01 1.205843804874831271e+01 1.270197728621240962e+01 1.418706089241781854e+01 1.572252841617499897e+01 3.570081727968909036e+01 4.611385459319465241e+01 5.623773041459612898e+01 5.635037019521029578e+01 4.803942479011068656e+01 3.158735873438497066e+01 5.127625556730508549e+01 4.464117434123835437e+01 5.353905920271714081e+01 6.512761271267299890e+01 8.533830822697650831e+01 7.234927239073482497e+01 5.243054596395242584e+01 6.295949125609865860e+01 7.121034242875423104e+01 5.474458200980238587e+01 5.813781645464452197e+01
4.532054705376769438e-02 1.075611310629339101e+01 1.755975539775865002e+01 2.193686288778068416e+01 2.691377854365546440e+00 3.306253549014785520e+00 3.922295249495369340e+00 1.068140388420506781e+01 5.679714530864592881e+00 2.513913769661298048e+01 3.449626083418101530e+01 3.799363276379848031e+01 1.837081758158302236e+01 2.975874199872869141e+01 3.052877710734292194e+01 1.116310618222265916e+01 3.124201939198208322e+01 1.796160266495658320e+01 3.409475373557665279e+01 3.570081727968909036e+01 1.793292381134791569e+01 3.785626555961425765e+01 3.639898702353286097e+01 5.523801832350297758e+01 5.960759859434338637e+01 5.127625542873138187e+01 3.481384210678766777e+01 5.465407736279974671e+01 6.672870932509475494e+01 7.830929382050400989e+01 9.374459986950840573e+01 8.060041678151689837e+01 6.133272457686989299e+01 8.060041678151689837e+01 8.318417374676086240e+01 7.479836115111471884e+01 6.841098722423109280e+01
9.001595176218035732e-02 8.782314433685304067e+00 2.684444148233304261e+01 1.620927672737595771e+01 2.537533113261393680e+01 2.352262725729572068e+01 6.387223355328295327e+00 2.504703913564906514e+01 8.026406029734710401e+00 2.738028952672162575e+01 3.904499273146223715e+01 4.643878461386712786e+01 3.799363276401000178e+01 2.922474785772082484e+01 4.201877102060997515e+01 2.872508451635925653e+01 4.038798849825180071e+01 2.318519800263029751e+01 4.277216202357382713e+01 4.611376207830404894e+01 3.785626581604401508e+01 2.016443269416435413e+01 2.412613287332924372e+01 4.853676424576021020e+01 5.829196214249461860e+01 6.300085176488380512e+01 5.465404303388170604e+01 3.844802116548483895e+01 4.989804497580508524e+01 6.997180111270075997e+01 8.084497220168779563e+01 8.951156533394119208e+01 7.543215358599917408e+01 8.951156533394119208e+01 9.115772146064810499e+01 8.290627033795612988e+01 6.948086170404687323e+01
5.674351268809080251e-02 1.608096923703733694e+01 3.266933583358071758e+01 3.198413922211534199e+01 3.809699587017504285e+01 3.668048306574169004e+01 1.497103802107549164e+01 3.524547284139590886e+01 2.738265986267661134e+01 1.129109673004860070e+01 3.079984924344098474e+01 4.274832752632603672e+01 5.189683846212348328e+01 4.781598684374009167e+01 4.123599817772792875e+01 5.433538467804491745e+01 4.960425843662610390e+01 2.947222934977808606e+01 4.960425921542813654e+01 5.626805535616865939e+01 3.639120796346751519e+01 4.003856071477549960e+01 2.244214055384418671e+01 2.501275672432719333e+01 4.156077167554612117e+01 6.518183830757470787e+01 6.674931476642450434e+01 5.838944242172713217e+01 4.238916754939348408e+01 5.232600821165178928e+01 6.653015182910682768e+01 8.675189947088131248e+01 9.533612631425972950e+01 9.438884376912245955e+01 7.450150186591361035e+01 6.296999296415263103e+01 5.539712610786713753e+01
9.518805923843161321e-02 1.636035604296617407e+01 3.876666637752177991e+01 5.285798185859238174e+01 5.845107191740859776e+01 4.529910016819275143e+01 2.832851778410594790e+01 3.322301101138093316e+01 3.908470600693026142e+01 2.495782521174243840e+01 1.467915757740256666e+01 2.335343928842087280e+01 3.759267694056728715e+01 5.839433378207967706e+01 5.892360999146461609e+01 5.689892304750593155e+01 5.792420354913384983e+01 3.960300448169895304e+01 5.796840908774618839e+01 6.457001952702346159e+01 4.628918749363906215e+01 2.482214133134932510e+01 2.907813596459469707e+01 4.598992240346834137e+01 5.820087206969524374e+01 7.047829662932066697e+01 7.964992090033075556e+01 5.946435475271122328e+01 4.533822441164259232e+01 6.537652829173778457e+01 7.775250370135964317e+01 8.614980393757781485e+01 9.627321137082022062e+01 1.026563484313437016e+02 9.115772146064810499e+01 8.052268368575376201e+01 6.056958457969820131e+01
9.062254805971975413e-02 1.423276501416385464e+01 3.423402020290276226e+01 4.501733517068699797e+01 5.330743312523085820e+01 5.701105926567238669e+01 4.871472468430552993e+01 4.763956108094885167e+01 5.321159263901783021e+01 3.718838993128672143e+01 1.725052733150879192e+01 3.718838993128672143e+01 5.191709749818089392e+01 6.212455330235415119e+01 7.112782340737753373e+01 7.056283282009660240e+01 6.794757778979261786e+01 5.964302845529629593e+01 6.810174009514319948e+01 6.037922578069389346e+01 4.048159618489068379e+01 2.651398342967397781e+01 4.585389738809519855e+01 3.855466976121381606e+01 4.547678363853153627e+01 5.771593906152509135e+01 7.592002977173262934e+01 7.375693334355204911e+01 5.529435193528130554e+01 5.000423930526057603e+01 5.755109802673610631e+01 6.763425635662026991e+01 8.193595801509718513e+01 1.021971300827994895e+02 9.458717818317536796e+01 7.469697931700005711e+01 6.765777445513920441e+01
3.063233560239582431e-02 2.003063233560203926e+01 2.868508236556930768e+01 2.501503451539474909e+01 4.048858347559435344e+01 4.877161283636372957e+01 6.031763536240433154e+01 6.765899450133565551e+01 5.730225462589170604e+01 4.039617034034184684e+01 2.032263238343582046e+01 2.571072886540527946e+01 3.219409616634896310e+01 4.053535266013879834e+01 5.493445708024017904e+01 7.723154471886438444e+01 8.581062762697354174e+01 7.590608153843609784e+01 6.749901830358705013e+01 6.078454087143930451e+01 4.965984997698538450e+01 2.998105636178802058e+01 2.931902572158628217e+01 4.918467834169739206e+01 6.304779261588848271e+01 6.304779286056941601e+01 8.150010366737991774e+01 8.385447005691703737e+01 6.953163211128467935e+01 5.816140565827506492e+01 5.601232994490085559e+01 7.620579714359563184e+01 9.117196957214194697e+01 1.028710683559196326e+02 1.028402521722880181e+02 9.458717818317536796e+01 7.915941307680184025e+01
5.666595628964066211e-02 4.320680283401868493e+00 8.685038088121753930e+00 1.445854078001788601e+01 2.048876767156566814e+01 3.203577201037671074e+01 5.203533867104826527e+01 6.804467536066768218e+01 4.898169341341085925e+01 2.884685704958371133e+01 2.420240287825685854e+01 4.434662902577725418e+01 5.328744061511724794e+01 6.214905421377187622e+01 7.273573147314198195e+01 8.922770892258313324e+01 7.798093181329186052e+01 5.747412170609091930e+01 4.750533481696007954e+01 4.097537292149259258e+01 3.507774790143221111e+01 4.968164722069557371e+01 3.132126256826987287e+01 5.105037278991051863e+01 6.444239810240223676e+01 6.444239816686332745e+01 8.451065047184850698e+01 9.817728392035114382e+01 8.676418748835719441e+01 6.824677341449040568e+01 7.620579714359563184e+01 6.253717143861412353e+01 7.421424588524925525e+01 9.445805304453767803e+01 1.103695209939629081e+02 1.072897074149329626e+02 9.903242491226409072e+01
2.110006612196471329e-02 2.002110006612160831e+01 2.868508236556930768e+01 2.501497627471260898e+01 4.048858347559457371e+01 3.463089355099472755e+01 5.463029793573976178e+01 5.972868904928667888e+01 3.962290124679060455e+01 4.898169341341085925e+01 3.584404730857200150e+01 3.042494501373246862e+01 5.055882216403583129e+01 6.372481934313017149e+01 7.203412182018504950e+01 8.362020262970874285e+01 8.668073445422670886e+01 7.591593998117963338e+01 6.751734251262668352e+01 5.943266295373427255e+01 3.968954701303327681e+01 5.305240257881311550e+01 3.333464689877905585e+01 5.305240765865679720e+01 4.455288373750293118e+01 5.856587826091477211e+01 7.862957225342017864e+01 9.548501468944205328e+01 9.689169753414989827e+01 8.254849965952406876e+01 9.117196957214194697e+01 7.421424588524925525e+01 7.158225491166359689e+01 8.169543178934770822e+01 9.599697776577400532e+01 1.163142103398522096e+02 1.003512035841315679e+02
9.367352646185668485e-02 1.423580915019268112e+01 3.423580915019196880e+01 4.501518177176222935e+01 5.330053737284369930e+01 5.463029793573976178e+01 6.291233212316166146e+01 6.804467598978402521e+01 5.124034409628830389e+01 6.427693232530080536e+01 5.596137164928661889e+01 4.206696754270268457e+01 3.756350821496277348e+01 4.363783987914142415e+01 5.524113994272720873e+01 7.531377931836824757e+01 9.413072704099957377e+01 8.071614268718748519e+01 6.086436388561089217e+01 4.683391917677079874e+01 5.943294311010723163e+01 6.132904747106190513e+01 5.305240783872410759e+01 3.623118585509187284e+01 5.596148071971169458e+01 5.706949843710720671e+01 6.707704674924156052e+01 8.130190602105228947e+01 1.013768466844678500e+02 1.028146331420940101e+02 1.028710683559196326e+02 9.445805304453767803e+01 8.169543178934594607e+01 1.002305523461550791e+02 1.024296962036597449e+02 1.002560521376634028e+02 9.211008853171038879e+01
3.648181865326004941e-02 1.417861744238433452e+01 3.417861744238503974e+01 4.459179014014627285e+01 4.584566253878208641e+01 5.413009522874859414e+01 5.489262105363791022e+01 6.317723124195697437e+01 7.132398389116777082e+01 7.963795008997149694e+01 7.047213895670097372e+01 6.216222618782420284e+01 4.762755041718060767e+01 6.372481934313017149e+01 5.784609462059682983e+01 7.791731629772814927e+01 8.596516698450281524e+01 6.614653221892376678e+01 5.616550080248838839e+01 6.086438386590512550e+01 7.487971365323998896e+01 7.200884124893553917e+01 5.818400354716798262e+01 3.842738685310921909e+01 5.818430854135401376e+01 6.703454180349825720e+01 7.221742232788811577e+01 7.780477560830037476e+01 8.418017249928705326e+01 9.248546396435361316e+01 1.014680802213927677e+02 1.103693733160064028e+02 9.599697772412535812e+01 1.024297060439195803e+02 8.254236258681837057e+01 8.036624968408453640e+01 9.114236756359301239e+01
