LEM/with_lateral_4open/elevation_000244.asc
nrows	100
cellsize	150.0
xllcorner	0
ncols	100
yllcorner	0
NODATA_value	-9999
[rows 51 to 67 of 100, columns 37 to 73 of 100]
8.171100661849595781e+01 7.243733853309728943e+01 5.236695675539645833e+01 7.245572667160301705e+01 8.499743440446006559e+01 6.528522032467871838e+01 5.388324091208130540e+01 6.785815846850707089e+01 8.774724148065939744e+01 1.029005213600713091e+02 9.459468058918130851e+01 8.163267010229866116e+01 8.974718121061100362e+01 9.980830454671315977e+01 1.200512108118724228e+02 1.079612184969680158e+02 8.788255752298648815e+01 7.636475204355589597e+01 6.972152341459708680e+01 6.437844107868396293e+01 5.935155285498597522e+01 7.426668755001011846e+01 6.600014618961999702e+01 6.365862171857926199e+01 6.724004497625320198e+01 6.498545662768601971e+01 6.037428290135444087e+01 4.017474752138868865e+01 6.036997973251810379e+01 6.015338246776928344e+01 4.364302959152947636e+01 5.532081171711890732e+01 7.537964852019031525e+01 8.598334335738819334e+01 7.815304880016672939e+01 5.812315039995345245e+01 7.579615350227997794e+01
6.770505673840105487e+01 5.929323162008781622e+01 4.648531453519555612e+01 6.643965588936569588e+01 7.675165613603230952e+01 6.849556526565696402e+01 5.161550475103197755e+01 7.142211134837243947e+01 8.518426744955125685e+01 9.222784222141187627e+01 1.005481925837691080e+02 1.016861405696759419e+02 9.159341076464325226e+01 1.117704157134430716e+02 1.282654682916897286e+02 1.126930227740464119e+02 9.266709194795062388e+01 8.600753720453477058e+01 8.820548884613543805e+01 6.831633987386105389e+01 7.091317642467940630e+01 8.760487871152969319e+01 8.598771040365323870e+01 8.366997836134760291e+01 8.718556172792983716e+01 6.715476500818159877e+01 5.871944630421918987e+01 3.854324688409672461e+01 5.871881531515850838e+01 3.998973743648112134e+01 6.014809909632749196e+01 7.208315317066761452e+01 8.363778258618448547e+01 8.694257727616400189e+01 6.694171702935918233e+01 5.271837478786207498e+01 5.573969757657410184e+01
5.668065772412136738e+01 3.929347934044592705e+01 4.110998577867499648e+01 6.098685973384220205e+01 6.564754991405580142e+01 4.868300902032887478e+01 6.849603044077485947e+01 5.937227798340403950e+01 6.532991837080550113e+01 7.230560428150316454e+01 8.374501924162903777e+01 1.038155939076015386e+02 1.058670001333356225e+02 1.058670001333356225e+02 1.260465509392641650e+02 1.209940582926046773e+02 1.059532029632532186e+02 9.504378040850073717e+01 8.093594526038184256e+01 7.983640740334888619e+01 9.088016278004967319e+01 9.916158159450442611e+01 9.126047981962061328e+01 8.301081510078947190e+01 7.594461712034696177e+01 6.715476500818159877e+01 4.701106275862625239e+01 3.693104315819813621e+01 5.481564699415732633e+01 3.747708975735628201e+01 5.174665165018623014e+01 7.187698086269323028e+01 7.685830355605186526e+01 6.856845787749418264e+01 6.792936426084239088e+01 4.780265167171022966e+01 5.589115479387663754e+01
3.674502952081743246e+01 5.643357299818834605e+01 6.094715333610739805e+01 4.386362692342693492e+01 4.582286081571169944e+01 5.982953646786747726e+01 7.675535189604671871e+01 7.919795596310227381e+01 8.518426744955125685e+01 9.222784222141187627e+01 1.005481925837691080e+02 1.121406674017529923e+02 1.260465509392641650e+02 1.260465509392641650e+02 1.342511211804929587e+02 1.338602561258111905e+02 1.230819180308200771e+02 1.090628492196604071e+02 1.008686484488014514e+02 9.977181013497835238e+01 1.079693326210388875e+02 9.449814192170516947e+01 7.460150822474051324e+01 6.302458906409282946e+01 5.573256389689002788e+01 4.921612622784729041e+01 4.290243550616313684e+01 3.765701498284042970e+01 3.467886998971933821e+01 3.502491628077076768e+01 5.517287043151641512e+01 7.291951823735087146e+01 6.462431370464952352e+01 4.845722822889170800e+01 5.986643151571996668e+01 4.422446245571408951e+01 6.437143052320006120e+01
3.644655151194225340e+01 5.641478779375282215e+01 6.767621240622513312e+01 6.370720434617497574e+01 5.834105238107391500e+01 7.390603993656456794e+01 8.798066358333402093e+01 9.358970546877630170e+01 1.019361523711961723e+02 1.017209864124736072e+02 1.100758108942224425e+02 1.150130627675396084e+02 1.162483661499299643e+02 1.245910533853539306e+02 1.313374093570280365e+02 1.230267601727234279e+02 1.225762095138778704e+02 1.167110235802435341e+02 1.117313075103500495e+02 1.072895836908371052e+02 1.032458217856305538e+02 1.027534701667257622e+02 9.126047981962061328e+01 8.301081510078947190e+01 7.594461712034696177e+01 6.657626459569942767e+01 4.574483572291853761e+01 4.933831657213496413e+01 5.274523503673039926e+01 3.261057663715622823e+01 5.097929036254240742e+01 5.927943024614617684e+01 4.450020097802647001e+01 3.680805542220915072e+01 3.971092007324541129e+01 4.981333626407315052e+01 6.405399604325775442e+01
5.641478515668548255e+01 3.952325766404815255e+01 5.946880498204923526e+01 7.089109661481388969e+01 7.730400519361047884e+01 8.258858948812219580e+01 7.836018621296425124e+01 7.353507966168700705e+01 8.593578900211231542e+01 8.160765425897439229e+01 9.483199029378141631e+01 9.483199029378141631e+01 9.602396469723439054e+01 1.162483661499299643e+02 1.230267601727234279e+02 1.030546474388162608e+02 1.026262595746223525e+02 9.679215930066970941e+01 9.186731471492821299e+01 8.747927707271557551e+01 8.348166575307698167e+01 9.529392555673352661e+01 1.035426285405034577e+02 8.980691012523611505e+01 6.982938646090930490e+01 5.801374677444125894e+01 5.642572338976331281e+01 6.410468781700363650e+01 6.105877503893940172e+01 4.508707998963163988e+01 3.085293229541442983e+01 4.922313693325020978e+01 3.287058277100597792e+01 5.300565503376412835e+01 5.986643151571996668e+01 6.816798700740474715e+01 7.820650305476736719e+01
6.774162723790833240e+01 5.946880498204923526e+01 4.268157914688286070e+01 6.261413365161638467e+01 7.415369712927805779e+01 5.928273654601559173e+01 5.841740934274599084e+01 6.201394466967541774e+01 6.592403862374125367e+01 7.009669628004417063e+01 7.479212471716658683e+01 8.182169925738982386e+01 9.339975836384408581e+01 1.136240617297932260e+02 1.204279903199927304e+02 1.004684491003930447e+02 8.905129825363454188e+01 8.286259528919900674e+01 7.799112130698134138e+01 7.363114524366262970e+01 6.963248622130561216e+01 7.560353877039725035e+01 9.213654291165207155e+01 9.806251945846923945e+01 8.653639117777647982e+01 7.827288145989491852e+01 6.827889130021446817e+01 8.423979563945977134e+01 7.350175411813600590e+01 5.929441708795761201e+01 4.923409938177468348e+01 2.911635361278435141e+01 4.768202636676495842e+01 5.548229682028981102e+01 6.797277508675905722e+01 6.644868980235909817e+01 7.472048848973841473e+01
7.480952469540117988e+01 7.089109845372503571e+01 5.678004711246375535e+01 4.595684873512313828e+01 6.588290129035688381e+01 5.349975780431245198e+01 5.926716546267247310e+01 7.918222372213072902e+01 8.593578900211231542e+01 9.010854867935046286e+01 8.892283197731217115e+01 8.892283197731217115e+01 1.090979604435827781e+02 1.219721315481309745e+02 1.287363510396059212e+02 1.171960283979221487e+02 1.089043438239554291e+02 1.026262595746223383e+02 9.768534350326649474e+01 9.328158154377868527e+01 8.392567544520056799e+01 6.426198861167465282e+01 7.908481038422191034e+01 8.728396118646492141e+01 9.867836258395192317e+01 9.652174942611198105e+01 8.826687161957462990e+01 8.268932106604376031e+01 7.372127643248140316e+01 5.684597069960992144e+01 3.670685218079237444e+01 4.769105501750613030e+01 2.758152502237211934e+01 4.137588191766853640e+01 5.200938751716893194e+01 4.615170127240683939e+01 6.644869087969979660e+01
7.788072285916106807e+01 8.500214979498622370e+01 7.399616825852586999e+01 5.997936009932880097e+01 4.936793106002366471e+01 6.345127095554283869e+01 7.918222372213072902e+01 6.863018748023836224e+01 8.859259097578707554e+01 1.085341023155142466e+02 1.090979604436165005e+02 1.090979604435865440e+02 1.174492811781625647e+02 1.316640291895296002e+02 1.199895856719776930e+02 1.116993560508183236e+02 1.152497899736113851e+02 1.012071817041027515e+02 9.132733265575069481e+01 8.311445338131647986e+01 9.132733265575237169e+01 7.908481038422191034e+01 5.934646343247661804e+01 7.076748553292688371e+01 9.044646461651274194e+01 9.934060755986917002e+01 8.855542044892332854e+01 6.854158420533713070e+01 5.432987386593624990e+01 4.530364128360503884e+01 5.684597069960992144e+01 4.660990609435811649e+01 2.650664211130518311e+01 4.509418925405786638e+01 3.161177507514707585e+01 5.195200260167570860e+01 5.672688368016446248e+01
7.244095941226618152e+01 9.239975093261526240e+01 8.728775682924623425e+01 7.379719478760976870e+01 5.395580692577622983e+01 7.386076397548384875e+01 9.171341943839577482e+01 8.859259097578707554e+01 8.010611043716171764e+01 9.427535503302654263e+01 1.144533023791175168e+02 1.147782851655849186e+02 1.032518435296070578e+02 1.174579363667885588e+02 1.116993560508183236e+02 9.184394349055982332e+01 9.765945918620293753e+01 8.716457343459428841e+01 7.326274866734169677e+01 6.339042314005408940e+01 7.325243826068530950e+01 7.596390341317810169e+01 5.615560460815998312e+01 7.596390341341781038e+01 9.358366723622761185e+01 7.957191567510942320e+01 9.358383346305086548e+01 8.268932106604376031e+01 7.372127643248140316e+01 5.694745184378142966e+01 6.102262995298364956e+01 4.078444950692176008e+01 4.314734879469669693e+01 2.500057011530490669e+01 2.394376805665963204e+01 4.226591868181602507e+01 3.613177052150673774e+01
6.660276714804076903e+01 8.653560235632973274e+01 8.648093610672819409e+01 6.652669189250936199e+01 6.543123849823020066e+01 6.389541882630187786e+01 7.535893292010234745e+01 9.539248691841869743e+01 1.001853389802714673e+02 1.085341023155142466e+02 1.088836891644419893e+02 9.466994541411050079e+01 8.902037551052714548e+01 1.074037403087918676e+02 1.116993560508183236e+02 9.184394349055982332e+01 7.795002108446406908e+01 8.780474013533356015e+01 8.273117496921895508e+01 7.325243826068530950e+01 5.338007548459141560e+01 6.875223426270753180e+01 5.306383006024915971e+01 7.294316622682302409e+01 8.473829454164047092e+01 6.561198789431358591e+01 7.805724379079406106e+01 8.626849868003905897e+01 8.529350360567403300e+01 7.700862695181962181e+01 6.931800724656700652e+01 6.089979926787697195e+01 5.289158337005643773e+01 4.349142425590240180e+01 4.254407189260684419e+01 2.246551436407549573e+01 2.422772112363097463e+01
7.667816523900610548e+01 9.345629186151521139e+01 9.481010435198996333e+01 8.060108591613847295e+01 7.949815190715546009e+01 7.535893292010234745e+01 9.215136541848436025e+01 1.037364301503939714e+02 1.089037896993332453e+02 1.085313047175582994e+02 9.882418154924748421e+01 8.043110496403498644e+01 7.894856302636375744e+01 9.086075311979622882e+01 1.109757560157016627e+02 1.017716497706890948e+02 8.201945673992990749e+01 6.815490674107357449e+01 6.304195123102370957e+01 5.877380015171219441e+01 6.875223426357395340e+01 4.878110820240004131e+01 6.574144676880661109e+01 7.395187323898244358e+01 7.652954172021205181e+01 5.669064658146442781e+01 5.823019696962768421e+01 7.482190993925199507e+01 8.398330595803545862e+01 7.818835289307190806e+01 7.743987119108417971e+01 5.755277306987093056e+01 5.749230100470508376e+01 5.102726935854030188e+01 4.150468532603484562e+01 2.142397885930119372e+01 4.038019227757497731e+01
6.525554493084369767e+01 7.930426204332779605e+01 9.932946208917907427e+01 1.006761500863346583e+02 9.956539008483429143e+01 9.539248691841869743e+01 1.037364301503939714e+02 1.030078272150266940e+02 8.879083755859120686e+01 9.431057969659480023e+01 8.008985467563134364e+01 7.038603173264803559e+01 7.075056345474837372e+01 8.496714293591819001e+01 1.050891867570549039e+02 1.039487442741174874e+02 8.417645800141723100e+01 7.695683888390864524e+01 8.273117496921895508e+01 6.765501264275346216e+01 7.690957037983032762e+01 5.993623526868771023e+01 4.572084216178047456e+01 6.282114147507476787e+01 6.092643919070292924e+01 5.905575763863803473e+01 4.662312629100027550e+01 6.661009297135841223e+01 6.415821809821635213e+01 5.834674598426443026e+01 7.237189920953298383e+01 5.755277306987092345e+01 3.752625173587523477e+01 4.197828084412675054e+01 2.311955859012038417e+01 3.937151862117576684e+01 2.031858115865414405e+01
7.930426204332779605e+01 7.781193012641709572e+01 9.194750093338032571e+01 1.120320398101159611e+02 1.099308526851470162e+02 1.016066345744099948e+02 1.016066345744099948e+02 9.468178485093402230e+01 7.458014010051772402e+01 8.196838842555752080e+01 6.591430363960898831e+01 6.224439253163644992e+01 7.639422294658993451e+01 9.650911844264516048e+01 1.058193139106426059e+02 1.122199387578027086e+02 9.667165546007542787e+01 9.667165546007542787e+01 8.370567816520113524e+01 8.733423346374149787e+01 8.781664442969642437e+01 7.393382560888052524e+01 6.282114147507476787e+01 4.276990825050896916e+01 4.086561430613434709e+01 3.898999302476511986e+01 5.657521451502386611e+01 5.501872821280375803e+01 5.347504223292909131e+01 4.416702970601221523e+01 6.415760291075140742e+01 5.488120431651232423e+01 4.487986859757209146e+01 2.482835099387834532e+01 4.316633588807244593e+01 4.640541537290767593e+01 2.955219578787049173e+01
9.932946208917907427e+01 9.783012617337136874e+01 1.061128463713586285e+02 1.044260570544934410e+02 1.016066345744099948e+02 8.148776694830432632e+01 8.148776694830432632e+01 9.570930981672566418e+01 8.196838842555752080e+01 6.194114576201346978e+01 5.598140894562396142e+01 6.137067003244971630e+01 6.840919498142166333e+01 7.737241937472722952e+01 9.160290459821082720e+01 1.117154516496939181e+02 1.165504067974162297e+02 1.117480643494031796e+02 1.034794530457186283e+02 9.934971306947019798e+01 9.051901712828714608e+01 8.231344513006332875e+01 6.797911332326809486e+01 4.800089524765822802e+01 6.092643919070292924e+01 5.657641954719176169e+01 3.650804135710625076e+01 3.495080044343242776e+01 3.340815432626774850e+01 5.125110438806786561e+01 4.987267776124851792e+01 4.662217672516967326e+01 2.656670406749240243e+01 4.487986859755678637e+01 5.314185838843812348e+01 5.702037322332873259e+01 4.837767475865055644e+01
9.468324501572735130e+01 9.248322477070844627e+01 9.170528434627827608e+01 8.431274937685897441e+01 9.853156967727512949e+01 8.738044684619629265e+01 6.729897760922177952e+01 7.839974078580709715e+01 7.285386722911509594e+01 6.770529697890765419e+01 5.202297207551313818e+01 7.195476904949023833e+01 8.849520812159678940e+01 9.682361600143345015e+01 1.058193139106426059e+02 1.088021742256627249e+02 1.146854769790810593e+02 1.107721977619698777e+02 1.051143656389356806e+02 8.532717000781681804e+01 7.142460057093329340e+01 6.258075986132109136e+01 5.624649570397830445e+01 6.797911332323880629e+01 6.193244903449301120e+01 4.189049664871382106e+01 4.658671155469334479e+01 5.501872821280372960e+01 5.134787828459826642e+01 3.128334852676884381e+01 2.981050438912498635e+01 2.835004264129111462e+01 4.495669186049527610e+01 3.602615719837026376e+01 5.602346715901593655e+01 6.542318662494434989e+01 4.524989107840097802e+01
7.459168520805270930e+01 7.239478831190862707e+01 7.161951285306484749e+01 7.012127951601549114e+01 9.020380080354662766e+01 9.570930981672566418e+01 7.839974078580709715e+01 5.840380930991453567e+01 5.291353701207618343e+01 4.779184347882687689e+01 6.409953229898034976e+01 7.074393571056920393e+01 7.905730487980828514e+01 8.907736024777031503e+01 1.028346197132751740e+02 8.855605935244823002e+01 9.448600910613080828e+01 9.054622692571517462e+01 1.048133796051017868e+02 9.934971306947993241e+01 9.051901712828714608e+01 8.231344513006332875e+01 7.607342215001558827e+01 6.758137992478216916e+01 4.760939323142684998e+01 6.193244903492880127e+01 6.075290289520241060e+01 7.468421909556346350e+01 5.958049235638886643e+01 4.289415234691999501e+01 4.987267332141263410e+01 3.087369406197325716e+01 5.088512267615314499e+01 5.602269329497731576e+01 4.761279330791347775e+01 6.751265978244273924e+01 5.830076031489471688e+01
