LEM/with_lateral_4open/elevation_000552.asc
nrows	100
cellsize	150.0
xllcorner	0
ncols	100
yllcorner	0
NODATA_value	-9999
[rows 0 to 16 of 100, columns 37 to 73 of 100]
8.884754177262699226e-02 6.929726548558100274e-02 7.395023591448830758e-02 4.828361932999872264e-02 4.897713358561925356e-02 8.568734790590110117e-02 1.075183056328203948e-02 6.823539046102447547e-02 7.194897206013613211e-02 1.557559815681563986e-02 7.704183385687686514e-02 1.685416958384493638e-02 9.680445094065920353e-02 7.639902522890137937e-02 4.559330980047965332e-02 5.839666421669215124e-02 9.739037529851846120e-02 3.670263267501718690e-02 2.041064012308905357e-02 6.895211126444661387e-02 9.031524355919069713e-02 1.560024811392830661e-02 7.641644294168103979e-02 3.888124420523987601e-02 6.873285589001959517e-02 4.772367030474261584e-02 9.504926490987847254e-02 5.760415539182907330e-02 9.666222459857021221e-02 9.627991409191682948e-02 1.286757495974483190e-02 9.381044340810595905e-02 7.584058927755046864e-02 1.435327048224320848e-02 5.777975670406795827e-02 2.716720951219454838e-02 4.735230246529398453e-03
1.423098316550345110e+01 8.234263747853358240e+00 1.421608585964556326e+01 2.004828361904354850e+01 8.213942943367579019e+00 2.008568701500511011e+01 2.000873780044022610e+01 7.107279566642602520e-01 1.920361939815076013e+01 2.001557559815645959e+01 9.021313476208332460e+00 2.001685416958348895e+01 1.717838617620139985e+01 2.007639902522854669e+01 3.698392459805234900e+00 2.005839666421633538e+01 1.423952599902959371e+01 1.158439454661611556e+01 2.001849057722797198e+01 2.006042120143447249e+01 1.780623753016222111e+00 2.001189951556763802e+01 1.421866099059697497e+01 1.418101686793631444e+01 1.421086847962084398e+01 7.607013130489320041e+00 2.009504926490952315e+01 2.005760415539147345e+01 3.945664019196067684e+00 2.009627991409156067e+01 1.415500319869057044e+01 1.423595346503103798e+01 2.007531397986350541e+01 2.001435319368117760e+01 1.059032105340878438e+00 2.002716720951183760e+01 2.000473523024617251e+01
3.423098316550274234e+01 1.717855728655169045e+01 3.421608585964627025e+01 3.650091753308605291e+01 1.976094920237254371e+01 3.648301362550424898e+01 2.135290428050198130e+01 1.353552303197485873e+00 1.290814332603098258e+01 3.296019887359559419e+01 2.056826992789030939e+01 3.729336131109810992e+01 3.160321318901771548e+01 9.520562021940474295e+00 1.068043745878289918e+01 2.863978606688601403e+01 3.423952599903029892e+01 2.574751944886789801e+01 3.749622140729768205e+01 1.761612619005331126e+01 3.477001612376160455e+00 2.348026553271045813e+01 3.422729807222146547e+01 3.418101686793701788e+01 3.421086847962013167e+01 1.655128504048863647e+01 3.589128437795021398e+01 2.786798672195937598e+01 7.867986721959732144e+00 2.786798672195937598e+01 3.415500319868986168e+01 3.423720261358042194e+01 3.562749924955036818e+01 1.614691192327701685e+01 2.061541519431742131e+00 2.206048271081215972e+01 3.163767961693258357e+01
4.376717692661164705e+01 2.872645827765169457e+01 4.551968435685243008e+01 4.805032420829754614e+01 3.976156427547869754e+01 3.614196710288651104e+01 1.614019648541334107e+01 1.998043295894595506e+00 2.199741626630939706e+01 4.126717233901491255e+01 4.055132901712836002e+01 4.880679218845939005e+01 3.363957751217507308e+01 1.373252601592012745e+01 2.863978606688601403e+01 2.309814592782890941e+01 4.201848884838885567e+01 4.601788176419378118e+01 3.973231114852867307e+01 2.518063248519602482e+01 5.198327544023894298e+00 2.519867010841385735e+01 3.584319179202743300e+01 4.413243366322494410e+01 4.483555628795344461e+01 3.069342066421983972e+01 4.483555628794952952e+01 3.615225796941004432e+01 2.786798672195937598e+01 1.404012072044335646e+01 3.404012072044405812e+01 4.691439088487942399e+01 2.690139696437102401e+01 1.275242926110811403e+01 2.206048271083119872e+01 3.501172978627007826e+00 2.206533593408818561e+01
4.852989703488653817e+01 4.877991183889769644e+01 5.717244264782247143e+01 4.915661070215326589e+01 4.102981087181701270e+01 3.684106241987510799e+01 1.678816137940681230e+01 2.643876979615223277e+00 2.264380898595805292e+01 3.857943149716174958e+01 4.980172320504291861e+01 5.010094946065694899e+01 2.993996859054807302e+01 1.867643281260832211e+01 3.884780285667513056e+01 4.201848884838885567e+01 5.021673608559019897e+01 4.667423568784160892e+01 3.152379554931011540e+01 1.152288285911967769e+01 7.294897217467722683e+00 1.137046153813520100e+01 1.584259748167478854e+01 3.584319179202743300e+01 5.143733829672318336e+01 5.069342066422054671e+01 5.244706950993498396e+01 3.244706950993569450e+01 2.090006412614359022e+01 3.404012072044264414e+01 4.232439196791843727e+01 4.914182911743372983e+01 2.909783472821529315e+01 3.277597623091725865e+01 2.480648034552007175e+01 4.524386813943237051e+00 1.615514280071764475e+01
3.436217471751862007e+01 5.439747169891920464e+01 5.505369939638578103e+01 3.522094502482296718e+01 2.194501697375462612e+01 2.894765946880049512e+01 2.326390198645067642e+01 3.291061781305797851e+00 1.187185198369162364e+01 2.235497864640767318e+01 4.149668588925626267e+01 5.840798434732325006e+01 4.717508372524064697e+01 3.031304926438847858e+01 2.816233204078456254e+01 4.837716783900414441e+01 5.252931430816630609e+01 3.252507453198446541e+01 1.838282614286956473e+01 2.940348121674809079e+01 9.403082324246623713e+00 2.940348310318019642e+01 3.584319179202105943e+01 2.314556430555095901e+01 4.314650140620909724e+01 5.996860927273655051e+01 6.073134075736873427e+01 4.918433537358822605e+01 4.090006412614287967e+01 2.942809278036785869e+01 4.942809278036714460e+01 5.744280617566186464e+01 4.551740994744877611e+01 3.717265768609182430e+01 2.558596856205766201e+01 5.552846033586569696e+00 1.187680935514845082e+01
4.022979396189781909e+01 6.026270689650195322e+01 5.519387636418824883e+01 3.536966338197640880e+01 2.896612129402019420e+01 1.080691680547182010e+01 4.217047250392840674e+00 2.329125365967937356e+01 1.083700971330619822e+01 3.076034174528362897e+01 4.674147375499393320e+01 5.502647634464679527e+01 5.880811243689505829e+01 5.050649295579540166e+01 3.585629614246225572e+01 5.598516523956048019e+01 5.471854873715196277e+01 3.471311526840904094e+01 2.470738085916427096e+01 3.769164021588576929e+01 2.940348310319452452e+01 1.247094227963607871e+01 3.247141823984531328e+01 4.314650140620909724e+01 3.167358446045102838e+01 4.581574455605527163e+01 6.582128947029129051e+01 6.357022840409759823e+01 4.357022840409830877e+01 3.942809278036750698e+01 5.771236402780491659e+01 5.500768248261166349e+01 3.717269214041767356e+01 1.710486006175198170e+01 1.176083481708305634e+01 6.597922272933820054e+00 2.663181016678579738e+01
5.324150858047480739e+01 6.229261842904891466e+01 5.409650594637818699e+01 3.537086027705068147e+01 1.652402326483854011e+01 8.360674703737958069e+00 4.874999218273819324e+00 2.978411027797264410e+01 2.491398890503246477e+01 1.973618145623538567e+01 2.676595439176355384e+01 3.828556068852604710e+01 5.829246669773323930e+01 5.598516523956048019e+01 5.011724983411750856e+01 6.427729287054937402e+01 6.301343017663201351e+01 5.137688552683969334e+01 3.137404495001216631e+01 4.667542362854328530e+01 3.466676413099975917e+01 1.466622747942984972e+01 2.466622431691200390e+01 4.466725128866342232e+01 5.167523300010295628e+01 4.322052976077210218e+01 6.322457240648750343e+01 7.185449965151052254e+01 6.357022840409759823e+01 5.097509816415961126e+01 6.094042876856053681e+01 4.074172387790687111e+01 2.653686167151461461e+01 3.717269204694633800e+01 2.770495781335135632e+01 7.668175640307900665e+00 2.770641250503730646e+01
6.154295248551117936e+01 5.204337910535043932e+01 3.419775699617328968e+01 3.152618741625635224e+01 1.308489014332931788e+01 2.510042426945811656e+01 5.543529927348303410e+00 2.600448507312298574e+01 4.487231189714577084e+01 3.967906094569140407e+01 4.674147374693144741e+01 5.502647245646332408e+01 6.657605434312449688e+01 7.601089235305569503e+01 7.015156619423906648e+01 7.448260650684322570e+01 5.446885862109057541e+01 4.292112898038713809e+01 5.137688552683969334e+01 3.838169736544475796e+01 1.838013424295194298e+01 1.925454215631174293e+01 3.925468690199517141e+01 4.466704283247483431e+01 6.467221263385791019e+01 6.322457240648750343e+01 5.955173925867983797e+01 7.956680582461181928e+01 7.925936941155659099e+01 7.097509816415819728e+01 6.094042876871097292e+01 4.074172387790687111e+01 4.665778756915948833e+01 4.300393874855531351e+01 2.289531614665120429e+01 8.743165534336904798e+00 2.878380437292871363e+01
5.793524797729867970e+01 3.798946374753110433e+01 2.398762715884631902e+01 1.846246535702518798e+01 3.149053328615113756e+01 2.658386374304500066e+01 6.213212922652288306e+00 2.581238832173191255e+01 3.709860536126443975e+01 5.029478563564246940e+01 5.467496200994242628e+01 5.949842350292395565e+01 6.491344132750774065e+01 6.491343874077608689e+01 7.335557771651559733e+01 8.278158361741959936e+01 7.122296203929485614e+01 6.292766377751063800e+01 4.654609791010200581e+01 2.654509891156247647e+01 2.143010564952241026e+01 2.410525464437102983e+01 4.410571736824294931e+01 5.873680796464452669e+01 6.702479286999925989e+01 7.597331702739653281e+01 7.956680582461181928e+01 8.258640747056522002e+01 7.427241345418939034e+01 7.889663369645923297e+01 6.927364116638240432e+01 6.094042876869836078e+01 5.417143840033920554e+01 3.997270828800632358e+01 2.987004014465113855e+01 9.824520082973199564e+00 1.453360242154072601e+01
4.696385838974362770e+01 3.539098055460211611e+01 4.383144869234631358e+01 2.943577406335531776e+01 4.477199481571586404e+01 3.282905257739083282e+01 2.389173450234945406e+01 7.163663352692728026e+00 2.941234650430011754e+01 2.932250778989340390e+01 3.366493652798433800e+01 3.847317058304169279e+01 4.394113918824597675e+01 4.394113918690617027e+01 6.491343874077608689e+01 7.692982448636639958e+01 6.963766828503838724e+01 4.963152582735774132e+01 3.548935690228534412e+01 4.451692368765073837e+01 2.451617264834751708e+01 4.410571896569410910e+01 3.166454204310180387e+01 3.873559874069409403e+01 4.767979747918791844e+01 6.182206431134495261e+01 8.183017083389096058e+01 7.096939799654981584e+01 5.413066192214954953e+01 6.467498626838550990e+01 5.045333875529143342e+01 5.318437005343046309e+01 4.018207458786717723e+01 2.577389941288310737e+01 1.163508238448430099e+01 1.208884651329676352e+01 3.239530252420236422e+01
6.353183470405927125e+01 5.536134258833804722e+01 5.753403188706333538e+01 4.934039505718511265e+01 3.917959612935620584e+01 1.934442098428789336e+01 1.115940401641278079e+01 7.837826704040566916e+00 2.874077573875019098e+01 1.460014693682893494e+01 1.893903028464458060e+01 2.365319745380842065e+01 2.896649042018328757e+01 3.692631274525502505e+01 4.763154906678668965e+01 6.852564004746365356e+01 6.704080092875497598e+01 4.703628675898100653e+01 5.549118928782829130e+01 4.767934240023429027e+01 2.767845030643115223e+01 4.767934240023429027e+01 5.166532311289488177e+01 4.580665312942748812e+01 6.580940364445001478e+01 7.597331702739653281e+01 7.366425756602498609e+01 6.264356778521562319e+01 4.253817855572962259e+01 5.103571590140966663e+01 3.627420517956736035e+01 4.147920017423800232e+01 1.813846061297964241e+01 1.346437986666222741e+01 3.164708900642716216e+01 1.438256750740959156e+01 3.447307845771262436e+01
6.763566961804338007e+01 6.546594672201800336e+01 6.268373290577245882e+01 4.524055374249692107e+01 3.268965361834688821e+01 3.871548216231280293e+01 3.214796122699394942e+01 1.927651751067351071e+01 8.805525524851928409e+00 2.967830533403424198e+01 3.981860994736829440e+01 4.463132185099182436e+01 5.008378350915901223e+01 5.807859455712524976e+01 6.657131987323852229e+01 7.692982448636639958e+01 7.533907496898591205e+01 5.858336602487635503e+01 6.768317004508234902e+01 4.767907117062708977e+01 3.400300487240338043e+01 3.333530423942622889e+01 5.333750825859006284e+01 6.580940364445001478e+01 7.409832239431368350e+01 7.697655622360349525e+01 5.681801577513416390e+01 4.520576799839565041e+01 3.764966288926260773e+01 3.099075669626067153e+01 2.627457505767713286e+01 3.532326138328193821e+01 1.531618793726851457e+01 3.347787376328044218e+01 4.180507685568515797e+01 3.447296551457248626e+01 1.769193205894599430e+01
4.790222502232914081e+01 4.574791179707374766e+01 5.889373618890186890e+01 5.785509304414109977e+01 5.034911300449705607e+01 5.304589965577342525e+01 3.641647973522044879e+01 2.977525969053146326e+01 9.506352770790966744e+00 2.827240353261795036e+01 4.263733041562727522e+01 5.400882566178351141e+01 6.290320005513591184e+01 6.605467162812975346e+01 6.605467185556697984e+01 7.421159473171347543e+01 8.689880419613919571e+01 7.859387185830630074e+01 6.400479545203070586e+01 4.400296504600989067e+01 5.400388024902029116e+01 3.804934826067852782e+01 4.598436378648126066e+01 5.753136864498208780e+01 7.753900067476237723e+01 8.528644521844964288e+01 7.366425756602498609e+01 6.533801746920968867e+01 5.772874240748318897e+01 5.103571590140966663e+01 4.040263259645418259e+01 2.037674952256509542e+01 3.520021347011881829e+01 1.731281003171480037e+01 3.739889890785373439e+01 4.024227045502389188e+01 2.011641678160639657e+01
3.751887397776742006e+01 3.178760655073077501e+01 3.916696295473109757e+01 4.202117377803508447e+01 3.918552904085250077e+01 4.728858115428459996e+01 3.994794363258660752e+01 3.064001748111530787e+01 1.022166792082902553e+01 1.231723424096301578e+01 2.406285446860168165e+01 3.549724469310425690e+01 4.724523585306167917e+01 4.596537953392826381e+01 4.596537953396030929e+01 6.605467186479930319e+01 8.157075504747638206e+01 7.665720011881559515e+01 5.665199180622350639e+01 6.400479545203070586e+01 6.290186696312120063e+01 4.290005611120018614e+01 6.290186696312120063e+01 7.428108544927630419e+01 8.583668071146351508e+01 9.858145026010654988e+01 7.840451003541001285e+01 7.840451003541001285e+01 6.730939399881594909e+01 4.720169585623256125e+01 3.302886900197939468e+01 4.040259370165026809e+01 3.875150333099657018e+01 1.873062159186273945e+01 3.876599748149106262e+01 2.464630713238599924e+01 2.277588478522294935e+01
5.720679194471671281e+01 4.494480157135845388e+01 2.512850080823699628e+01 2.216032573173136910e+01 1.925741143139869038e+01 3.525609078662862572e+01 3.163820980572457131e+01 1.127383171866301304e+01 3.041150765089244246e+01 2.822669587783644474e+01 1.813455079303930972e+01 2.274261673416206975e+01 2.726701552785278437e+01 3.178032380398565238e+01 4.176705306150245178e+01 5.349483748099068237e+01 7.345676548219219626e+01 8.494387257632271826e+01 7.079550379037107177e+01 7.290379183634109950e+01 5.289994208990130176e+01 5.704216599135682486e+01 5.704216599135682486e+01 7.704843652060561965e+01 8.831805651300263094e+01 7.959804321560879714e+01 7.840451003541001285e+01 5.818775215522780542e+01 6.561830967430334738e+01 6.141527431668636439e+01 5.309110428814053506e+01 4.081701275150758335e+01 2.077095699580723220e+01 3.876575528500590195e+01 4.710560047853184784e+01 4.534351120273841929e+01 2.624751576309711965e+01
5.076641911078534264e+01 3.102435351681669928e+01 4.494480157135845388e+01 4.202304969598149853e+01 3.528083727286751525e+01 1.519989094284672504e+01 1.239746664004264964e+01 3.165790439408478463e+01 1.474816426277061154e+01 1.720536567774798442e+01 3.728503145502659777e+01 4.298586496840026427e+01 4.724523585306167917e+01 5.184939701932845679e+01 4.246869222564525614e+01 5.263075309737467933e+01 6.684908455878642997e+01 8.652613134929441685e+01 9.080858689345879498e+01 8.119658737474269117e+01 6.184397992225471796e+01 7.704843652060561965e+01 7.704843652060561965e+01 8.534225899238687418e+01 7.538486034132135671e+01 5.663832514906660265e+01 7.538486034130446001e+01 6.561830967430334738e+01 4.546195791113358098e+01 5.554013369988445703e+01 5.272527969314001695e+01 4.227531323051870515e+01 2.222748172621835749e+01 3.378608437514106555e+01 5.374062995734704629e+01 4.977631729644377145e+01 2.965252831247292065e+01
