LEM/with_lateral_4open/elevation_000590.asc
nrows	100
cellsize	150.0
xllcorner	0
ncols	100
yllcorner	0
NODATA_value	-9999
[rows 51 to 67 of 100, columns 0 to 36 of 100]
6.455108993161302877e-02 1.420668717164211614e+01 3.420685802421827049e+01 4.517230108084963547e+01 5.309528876510258755e+01 4.833294324885647342e+01 3.132496663050337204e+01 4.833294345019416483e+01 4.169613724933233101e+01 2.226705116150135666e+01 1.855058354400889442e+01 3.867360570756051175e+01 5.254965269248703663e+01 5.912690012333877831e+01 6.739644880780700475e+01 6.788367164138820442e+01 4.783658848004498054e+01 4.142302170399130290e+01 2.003023565415666951e+01 1.638254039588536060e+01 3.655167117753764927e+01 4.355601927324018874e+01 4.743539359224136120e+01 5.572559286126819700e+01 6.988953596770058141e+01 7.830055105469814691e+01 7.245323307101992327e+01 6.705075894633461076e+01 4.775744949536746020e+01 6.705075246938113764e+01 6.097260159349094977e+01 4.097428417401679468e+01 5.341550692259781385e+01 3.534183622463789476e+01 3.677618930932976582e+01 3.824373004036412027e+01 5.824937846339362579e+01
3.995603441288197999e-02 2.003988481882121064e+01 3.231604650232062426e+01 2.692669412966615639e+01 4.500055982627849716e+01 3.977965384128917492e+01 1.921955830279337718e+01 3.122588394857205074e+01 2.889374329321265478e+01 1.328585017581809069e+01 2.488841199532846105e+01 4.500058031493935573e+01 5.582211037905050688e+01 3.904522554706677084e+01 5.582206444186539329e+01 5.528201019632797397e+01 5.370771707796510697e+01 3.243011467468193132e+01 3.569683078435564028e+01 1.553217906629762446e+01 3.569683161927320469e+01 2.337760551703888368e+01 2.727757363024899462e+01 4.156164975483579838e+01 6.121254327409130980e+01 6.948548351181962346e+01 7.948023561934127201e+01 7.597343794479230894e+01 6.188713660615210443e+01 7.597343791403503133e+01 6.673531175121493675e+01 4.676928242708175532e+01 6.371254336080949088e+01 5.543137206747005763e+01 4.389520050414026997e+01 5.700789257223039641e+01 4.085584591036358404e+01
4.804567899273937126e-02 7.024348171774013494e+00 1.418561732086495120e+01 3.155772323138511481e+01 3.126535503036575037e+01 2.369782485006359352e+01 1.089436866853917074e+01 1.510293377064130915e+01 8.811267232335280752e+00 2.889374329321083223e+01 4.169444665488065027e+01 5.328537541209569639e+01 4.753273969791494835e+01 2.740565785863952897e+01 3.677436334558337450e+01 3.522945631562858182e+01 4.928924799956808300e+01 4.198553042552156711e+01 3.367890756102117678e+01 1.468326118671831537e+01 1.808416019566660182e+01 3.825690825510823601e+01 4.743539359384151055e+01 3.353922519531334956e+01 4.117222435071283115e+01 5.121080765331299745e+01 6.536285255216338896e+01 8.534087173065847765e+01 8.181981252656319725e+01 7.671491783235815376e+01 5.675570567011481415e+01 6.673531175124726644e+01 7.498005489910461563e+01 7.140742417235429684e+01 5.144766320596774989e+01 4.979198439610337346e+01 6.083130683215500767e+01
9.707512844716031930e-02 1.571212308381429246e+01 2.016512053686851402e+01 2.162146287299708547e+01 2.243412356503120719e+01 3.277714495972550157e+00 3.886128287780643120e+00 4.497392920751726919e+00 2.458594056718230547e+01 3.376567238213448263e+01 4.386016520310383981e+01 3.582664242598055182e+01 4.313758435954940751e+01 3.586580522456042530e+01 1.672889842653099279e+01 2.096166412829194314e+01 3.168736047098754938e+01 3.251658002010415061e+01 1.351896965460596611e+01 1.831969220570177370e+01 2.982234762359531999e+01 4.656631803593948860e+01 6.191844670583389387e+01 4.777438115720389078e+01 4.256298788504530961e+01 4.966485519783690705e+01 5.862130207303611940e+01 7.017006898482877375e+01 9.014101739520482681e+01 8.494728243971654535e+01 6.674131181084912612e+01 8.494728243971654535e+01 8.551440598325267217e+01 6.556412099817150363e+01 7.140742418369679001e+01 5.643306085028067542e+01 7.633116764379207098e+01
5.001202446392439237e-03 6.074768330777341463e-01 1.210228859523238665e+00 1.813813742908035653e+00 2.418523292101506961e+00 2.145048013718820101e+01 2.392955057765607663e+01 2.458777337465019386e+01 5.381878333289297878e+00 2.546270601246816057e+01 2.700289276190071419e+01 1.755270616442345855e+01 3.412388029679937773e+01 1.206712225625439672e+01 1.026093917929922306e+01 1.090924150236943646e+01 1.155750965558075727e+01 1.236484145589049710e+01 2.929488544573667497e+01 4.116303598755498427e+01 4.987340728379132315e+01 5.825986847738106178e+01 6.549667323731110002e+01 6.779407830085973785e+01 6.259789959429947714e+01 6.967121644758012167e+01 7.793820556568361724e+01 8.687179538680902624e+01 9.839428216888943268e+01 9.490445840941491440e+01 8.668852385386732351e+01 9.490445840941491440e+01 9.373922665780290231e+01 8.551440598325267217e+01 8.456981436036632260e+01 6.533844708105993959e+01 8.456981436036632260e+01
5.279685921607564503e-02 1.998202290758560551e+01 2.176418227282459839e+01 2.068924739429425230e+01 2.229040802008170985e+01 1.397055712893448032e+01 3.328116569273834102e+01 3.320421032484054535e+01 2.245472183735279259e+01 6.268480821355203680e+00 6.900676037867381041e+00 7.533797032820781503e+00 2.763985855067129549e+01 9.345790075735079583e+00 2.946458436036486361e+01 3.088517175110272106e+01 3.169862054715991917e+01 1.272264788936367275e+01 3.302122018355673561e+01 4.545519854374275326e+01 5.493733216347887094e+01 5.881917206013338983e+01 4.546416971013707098e+01 5.651595511994747767e+01 6.229853110909157721e+01 6.896555821188016466e+01 7.723310233216585630e+01 8.721915090946998816e+01 9.965347254468338178e+01 9.140380881082208475e+01 9.140380881082208475e+01 9.852006656805122020e+01 9.026964944466520535e+01 9.852006656805122020e+01 9.346384662716076264e+01 7.939859419783233818e+01 9.346384662716076264e+01
5.738623160518319517e-05 2.000005738623125140e+01 3.380173465382104325e+01 4.194842372592642477e+01 4.149505560825414818e+01 2.804134646833664846e+01 4.145691124097091773e+01 3.367090423285980449e+01 1.358089571261056427e+01 2.636922724784989924e+01 2.700321978429487757e+01 1.799442080291429491e+01 8.431860518008488015e+00 2.854356951321596725e+01 3.778151442060241294e+01 4.530697038124053933e+01 2.560972198695850821e+01 1.361972641984258736e+01 3.416137148445670135e+01 2.220975180364334278e+01 4.311003968739333914e+01 3.874214592832034754e+01 3.120460391187755533e+01 3.643685649980561436e+01 4.226710028544070497e+01 4.896447690351425308e+01 5.897434024439002087e+01 7.895677617937045056e+01 9.140380881082208475e+01 7.143364805064405232e+01 7.143364805064405232e+01 7.873833454547076371e+01 7.029682616118427063e+01 8.442839976765658605e+01 1.043716736361070332e+02 9.928936264657383504e+01 9.913444429969372607e+01
4.532054705376769438e-02 6.874214442413786763e+00 1.400411050057425122e+01 2.536113264748683704e+01 4.533181141632843492e+01 4.815698359535936390e+01 5.008459952943709226e+01 2.998471842947679633e+01 1.992791864654442335e+01 4.002669555135646817e+01 3.448484439394314194e+01 1.441894835601429392e+01 2.854464702610435012e+01 1.789524016367529669e+01 3.804182255567172177e+01 5.356148108536118002e+01 4.220996922105838678e+01 2.825798252058803683e+01 1.536404856323541068e+01 1.668941838110772125e+01 3.692747093963955507e+01 2.448155856796235597e+01 4.462257073670034657e+01 5.651595511994747767e+01 6.229853110909157721e+01 6.896555821188016466e+01 7.723310233216585630e+01 8.721915090946998816e+01 9.001043940462585624e+01 7.728277271591475994e+01 5.729866861696145008e+01 5.875479570618946923e+01 7.289001823484348108e+01 9.285741909963471130e+01 9.386631557814922644e+01 1.021737804819475315e+02 1.074045524781943044e+02
9.001595176218035732e-02 2.009001595176182420e+01 3.380173465382104325e+01 4.208075490556245057e+01 5.361558742852169246e+01 5.966562271003850526e+01 5.844957110361231400e+01 4.713064347592646186e+01 2.703764447329064069e+01 4.713064347592646186e+01 3.898843178874015081e+01 1.884777667398491374e+01 3.898843178874015081e+01 3.804182359717122353e+01 2.953799108451372391e+01 4.965827483860094560e+01 5.652079029854134973e+01 4.405065130549117214e+01 3.578392642997732764e+01 3.692760650088109031e+01 1.845129902865500071e+01 3.854968970649415638e+01 4.846909937413503400e+01 5.371772646123998385e+01 6.199647123973743135e+01 7.353531588094743654e+01 8.263713495765946959e+01 9.092327621920279057e+01 8.175320898130094349e+01 6.177247173537922009e+01 5.023473526554827373e+01 7.021732495376075178e+01 8.699797692059729570e+01 8.646666734068966775e+01 7.388027187522249051e+01 9.062300396202711283e+01 1.021737804819472188e+02
5.674351268809080251e-02 1.419887913641916555e+01 3.419887913641986898e+01 5.059951264516735847e+01 4.333569108554619476e+01 3.966562270276623536e+01 5.966562271003850526e+01 5.545566541741096955e+01 3.864381236691770738e+01 5.545566541384295789e+01 4.388575341460231982e+01 2.369357906854990148e+01 4.388575341460231982e+01 5.794774511021282137e+01 4.378479221926487952e+01 5.794774511022092867e+01 6.273526940293049137e+01 5.445637458141911225e+01 4.403159981856150296e+01 2.389028616767780022e+01 3.854982857478167801e+01 2.023660545863715399e+01 3.974084292673919805e+01 3.362731554072139062e+01 4.527103428873488866e+01 6.527333552162458830e+01 6.264936792995587211e+01 7.515374645052041558e+01 6.688420440470856931e+01 6.059480647957663990e+01 4.615069995771704470e+01 6.613839591413413643e+01 6.890426908018342544e+01 6.647676076649732124e+01 6.233596982735664227e+01 7.388027187522249051e+01 9.386631557814922644e+01
9.518805923843161321e-02 2.009518805923807605e+01 2.231524107642960431e+01 3.264524140832686072e+01 2.333569108419518656e+01 3.747782670792663851e+01 5.747782671253769138e+01 6.705412834838188019e+01 5.872387036846040331e+01 5.809641067296350769e+01 3.799950644784620124e+01 3.085790420784884702e+01 4.388575341460231982e+01 6.395422670524393993e+01 6.383811623656469436e+01 6.860741495922492561e+01 4.859482173524268944e+01 3.435893194361082692e+01 2.970505377710390249e+01 4.403159981856150296e+01 4.863464494783546854e+01 4.032926532149850374e+01 2.198613579988331068e+01 3.624392330934086459e+01 5.634485957209376039e+01 5.695473092635715062e+01 5.109673162680206104e+01 6.361732458296875592e+01 4.688924799286935752e+01 4.058623951365717630e+01 6.059480647957398247e+01 6.419424278762774350e+01 4.892131989398798453e+01 5.234666568329017622e+01 7.233166884679268094e+01 8.366390560048878910e+01 8.366390560048878910e+01
9.062254805971975413e-02 4.090622548059736907e+00 8.173105452698402829e+00 1.264524140769801974e+01 2.158951331769701909e+01 3.158951331769684145e+01 4.573164894133991254e+01 6.573164875697399623e+01 7.076680375390382949e+01 6.637414561783951683e+01 5.809641067295251560e+01 4.253623894589947696e+01 4.514110868784358388e+01 6.518190060608874603e+01 7.385631579264133961e+01 5.386387104520061087e+01 4.228141489377166806e+01 5.445637458141911225e+01 4.137138073030850194e+01 5.813201961377823324e+01 5.257587897064662741e+01 3.311930920121840671e+01 2.324492049831898299e+01 4.343298222380316531e+01 4.709949826337983581e+01 3.689301900569495274e+01 5.047925900099484409e+01 5.220956008049881802e+01 3.528655527767207190e+01 3.820837964297122369e+01 4.117946846347314249e+01 4.420632227906656908e+01 6.419424278762843983e+01 7.233166884679268094e+01 5.850937412414590710e+01 6.366928235797102076e+01 6.970019200022102268e+01
3.063233560239582431e-02 2.003063233560203926e+01 2.817310545302559888e+01 2.678737703142922300e+01 2.678737703145735694e+01 4.678737718717804484e+01 5.987377854197931271e+01 6.491144612031384042e+01 5.077179158888804267e+01 6.491144612031384042e+01 7.085931353288727053e+01 6.258755136055454216e+01 6.518190060608874603e+01 7.345182481858662982e+01 8.212150748037353765e+01 6.898081303740475789e+01 4.897939123303350328e+01 6.898081303740475789e+01 6.142184730268255066e+01 6.969514999600843908e+01 5.888727593567621454e+01 4.660519982398444938e+01 2.677431417047859696e+01 2.521691330992165447e+01 2.688333112045209461e+01 2.858177661193155572e+01 3.033588613811074453e+01 3.210492816710561215e+01 5.220956008049881802e+01 5.823455998599200001e+01 6.118118520531933768e+01 6.415277243362399417e+01 5.834024618044191612e+01 7.832704079078425252e+01 7.264686966817480140e+01 7.483321033503246156e+01 8.969151682972264439e+01
5.666595628964066211e-02 2.005666595610034975e+01 3.724972066912939539e+01 4.678737703864062070e+01 4.678737720351777085e+01 5.507166980314073612e+01 5.906870897189650549e+01 5.662819506211364029e+01 3.663337546373423947e+01 5.662819506211364029e+01 6.462481300818414809e+01 7.048195086903787399e+01 7.068914208291970169e+01 7.897345601975644058e+01 8.528857082053893635e+01 6.531572811174915216e+01 6.312991500849761195e+01 7.724845884968263476e+01 7.741861293980664982e+01 6.592402134870334862e+01 5.205550963845661983e+01 3.211629612704702197e+01 4.686057773176542440e+01 4.543118118184310106e+01 2.914528470201936017e+01 4.876215229791755235e+01 5.047925900099484409e+01 5.220918081450594173e+01 3.621330733438880856e+01 5.625959982714979901e+01 6.867448682213985478e+01 7.998685229670249441e+01 7.832704079078425252e+01 8.662208695530695479e+01 9.263520000200855975e+01 9.482251495872890246e+01 1.031334643966613669e+02
2.110006612196471329e-02 8.965371976121200959e+00 2.310750760642542545e+01 4.310751282811254015e+01 4.387190985796125631e+01 4.629358381272306389e+01 3.907280136070130538e+01 3.907280136345083577e+01 2.907473911720405368e+01 4.656521311710712041e+01 4.463053488726884410e+01 5.048672336385150317e+01 5.069510439986873251e+01 6.483195395583892662e+01 8.482964509668875053e+01 8.528857082053893635e+01 8.310613041085454711e+01 8.088261780775634691e+01 6.912608894670914594e+01 4.926272873991730705e+01 3.785548835789224853e+01 5.205550963845661983e+01 6.030407164018749455e+01 5.207342538452032699e+01 3.196040324959614765e+01 5.206373913414321919e+01 6.445199310135087956e+01 6.453925899739438421e+01 5.623035419079226926e+01 4.046788580018087345e+01 5.202737927849712918e+01 7.190676936363523453e+01 8.755250311360934745e+01 9.520199655408653427e+01 9.692247180798122486e+01 1.052117394002481632e+02 1.147564866554743048e+02
9.367352646185668485e-02 2.009367352646150096e+01 3.724943418338785506e+01 3.801551668156222519e+01 2.387414694222901801e+01 2.629913605306423108e+01 3.465603073370989051e+01 1.907502180372758716e+01 2.278892727734319834e+01 2.656856624383895848e+01 3.049086609254780811e+01 3.804965072650101376e+01 5.804380234258434967e+01 7.102155661097694406e+01 7.930597306843519334e+01 8.930497896539904445e+01 8.415792604282898992e+01 6.410636006122688002e+01 5.266074244987643027e+01 4.465054142656227043e+01 5.184411621113989099e+01 6.592402134870208386e+01 7.202427266739965717e+01 5.206955847536794124e+01 5.205323329654206077e+01 3.615932752349327473e+01 5.622613833706878950e+01 7.228716542631822506e+01 6.876109763690692489e+01 5.460004542603657995e+01 4.513503218847562692e+01 5.927259859198871084e+01 7.513221584776680118e+01 7.513221584776680118e+01 7.684722947113527880e+01 9.692247180798122486e+01 1.072494228317482339e+02
3.648181865326004941e-02 2.003647394842140272e+01 2.425481696407159404e+01 2.639907194882638208e+01 9.732404810098440606e+00 1.215776106020580904e+01 1.465776105915605676e+01 1.924607531100459212e+01 2.409678222529796443e+01 4.409574775650017386e+01 5.048672336395512161e+01 3.833494582055254796e+01 4.436411318653748737e+01 5.102849859628847895e+01 6.102351946592939669e+01 8.101959375602450564e+01 9.245652361154446908e+01 8.088261780775634691e+01 6.444867709576161019e+01 5.158243483727391521e+01 7.148545864661156202e+01 8.043723520477473699e+01 7.493551577165314370e+01 6.144540067321904075e+01 4.145816171660364091e+01 5.621004758237349108e+01 4.377051984182759981e+01 6.387658546469698706e+01 8.242224734893542859e+01 7.293521077874365233e+01 5.877761352770711056e+01 5.021698261470805136e+01 5.506459030019816225e+01 6.263287293293218738e+01 7.684722947113527880e+01 9.692247180798122486e+01 9.893332494250444142e+01
