LEM/with_lateral_4open/elevation_000145.asc
nrows	100
cellsize	150.0
xllcorner	0
ncols	100
yllcorner	0
NODATA_value	-9999
[rows 0 to 16 of 100, columns 37 to 73 of 100]
8.884754177262699226e-02 6.929726548558100274e-02 7.395023591448830758e-02 4.828361932999872264e-02 4.897713358561925356e-02 8.568734790590110117e-02 1.075183056328203948e-02 6.823539046102447547e-02 7.194897206013613211e-02 1.557559815681563986e-02 7.704183385687686514e-02 1.685416958384493638e-02 9.680445094065920353e-02 7.639902522890137937e-02 4.559330980047965332e-02 5.839666421669215124e-02 9.739037529851846120e-02 3.670263267501718690e-02 2.041064012308905357e-02 6.895211126444661387e-02 9.031524355919069713e-02 1.560024811392830661e-02 7.641644294168103979e-02 3.888124420523987601e-02 6.873285589001959517e-02 4.772367030474261584e-02 9.504926490987847254e-02 5.760415539182907330e-02 9.666222459857021221e-02 9.627991409191682948e-02 1.286757495974483190e-02 9.381044340810595905e-02 7.584058927755046864e-02 1.435327048224320848e-02 5.777975670406795827e-02 2.716720951219454838e-02 4.735230246529398453e-03
2.008884706789388019e+01 2.006929726548522552e+01 2.007395023591413263e+01 5.595285581582313483e+00 2.004897713358526445e+01 2.008568734790554444e+01 2.001075183056292772e+01 5.419591156678331245e+00 2.007194897205977924e+01 2.001554684764130698e+01 1.007303907472713078e+01 1.930714467561293191e+01 7.110995677746101418e-01 2.007639782513668081e+01 2.004559044219520558e+01 1.420053228852075122e+01 2.009739037529816486e+01 8.201668441952206123e+00 2.002041064012273353e+01 4.433309915984276373e+00 2.009031524355883391e+01 1.001758220322218129e+01 2.007641644294132632e+01 2.003888124420488381e+01 1.747095572483395864e+00 2.004767770393480220e+01 1.423718514042331584e+01 1.419973978150102845e+01 2.009666222459821583e+01 5.260257709035161433e+00 2.001286757495939028e+01 1.009381044340819322e+01 2.007584058927719539e+01 2.001435327048188739e+01 2.005777973102082967e+01 1.788069022163440769e+00 1.990204542355584394e+01
7.228431060977668743e+00 2.722844884276284105e+01 3.387955682876961561e+01 2.559528558158266875e+01 1.453955749158155086e+01 3.453955749158225785e+01 3.121791347065798305e+01 1.099748083046121749e+01 3.121791347065798305e+01 2.987542107017197779e+01 2.982961033209282320e+01 2.781607850836318008e+01 1.135374446139105586e+01 1.581900269112262336e+00 2.194510564791418616e+01 3.420053376197502359e+01 3.648578173231127408e+01 1.820166844184032229e+01 2.890544573790910832e+01 8.905445870983816903e+00 2.890544573790910832e+01 2.418554009130068749e+01 3.830241974923257686e+01 2.343114952486147828e+01 3.431399414616430388e+00 2.343114562853570604e+01 3.423728170397865966e+01 3.419974316600843878e+01 3.060548254728334072e+01 1.060548254728369599e+01 3.060548254728405126e+01 2.423594606713939470e+01 3.837808169086908805e+01 2.430724974254200532e+01 4.307832175558276688e+00 2.178785224122378139e+01 3.006572547951861196e+01
1.027840246762978893e+01 2.442053902298566115e+01 4.442063202190517757e+01 4.161062530344785415e+01 2.161062530344715071e+01 4.161062530344785415e+01 3.779757611486704860e+01 1.741885592418549322e+01 3.779757611486704860e+01 4.944489289069118598e+01 4.330857751074643147e+01 2.685135904715589916e+01 2.216790299776954853e+01 2.198233851680059914e+00 1.634255085586967837e+01 3.637294884357287117e+01 4.648539238230530657e+01 3.234380369570610014e+01 3.375615811707239544e+01 1.375615837171043410e+01 3.375615811707239544e+01 4.426293079460400293e+01 3.836467488391546254e+01 1.916019175869734070e+01 5.133912476133920322e+00 2.513407364216578443e+01 2.762438760407014016e+01 4.762487573449512723e+01 3.663570943883978259e+01 1.663570943883907560e+01 3.663570943883978259e+01 4.423594606714009814e+01 4.438030109015325309e+01 2.610296213913086660e+01 6.103885195825990095e+00 1.765081234793371934e+01 3.764893321679197413e+01
1.399230923117085901e+01 1.922267437875341400e+01 3.922272533741147527e+01 4.989489655094461540e+01 3.315763068724007212e+01 4.989489655094461540e+01 4.614137380299517588e+01 2.671324082024824520e+01 4.614137380299517588e+01 6.045552102767231872e+01 4.978260647387201487e+01 3.997966019872544052e+01 1.835961535981100212e+01 2.815741476577914515e+00 2.280748566754125051e+01 3.576743411302179965e+01 4.749771478916718337e+01 5.234368428267417528e+01 3.978638215770003228e+01 1.978638526326560054e+01 3.008608997942712193e+01 5.008608869058486590e+01 3.930118216523391794e+01 1.928646047486393655e+01 2.513407205074457451e+01 7.624203701589464366e+00 2.176643472294482606e+01 4.176960739995122651e+01 4.370677725070537889e+01 2.370677725070467545e+01 4.370677725070537889e+01 5.023929235612646949e+01 3.024365307841521044e+01 1.610223669224149035e+01 7.937282189882288286e+00 2.793607408833175398e+01 4.593131376682828204e+01
1.791463193393460784e+01 3.791469191829863661e+01 2.922267444073985487e+01 4.922277623408305658e+01 5.315763068724077556e+01 6.144190193476205764e+01 5.592864699773819126e+01 4.309878596537736684e+01 5.592812127985354209e+01 4.897441653429665820e+01 2.985192518546863738e+01 3.046080937235797848e+01 2.344230238869296556e+01 3.436018682908322130e+00 5.318338052650936731e+00 1.885752904674159325e+01 3.922237840635228423e+01 5.659510965684592776e+01 4.645305113590573853e+01 2.645305192993215115e+01 4.645305113590573853e+01 5.837033019680696810e+01 4.763478434898080138e+01 3.933715688539380295e+01 2.942046155360742077e+01 9.420256721848909720e+00 2.356239266353695783e+01 4.355747462906281697e+01 5.199104849816757934e+01 3.525378263449759686e+01 5.199104849816757934e+01 5.609409132053236391e+01 3.610014007296145877e+01 2.983384652017149108e+01 9.835598181386760785e+00 2.983398714711163890e+01 3.694608040334507137e+01
2.276534443466135116e+01 4.276542362566534905e+01 4.922277623408305658e+01 4.187178861933198704e+01 6.187205594868435554e+01 7.393392179235024742e+01 6.601828589129362967e+01 6.571427715608878373e+01 5.826128540307039572e+01 4.072552795614176802e+01 2.071576873546061393e+01 1.157199279027250860e+01 4.319206799951347264e+00 2.344195392590406257e+01 2.746467672355241163e+01 1.796707214106570305e+01 2.844231738348709015e+01 4.829982658144120933e+01 5.473728282168820414e+01 3.645305192993005505e+01 5.473728282168820414e+01 5.781933988880332009e+01 3.781880413996979939e+01 2.367643250715332570e+01 1.212939856733966160e+01 2.942046178459179018e+01 1.836453746568480838e+01 3.250746923580484804e+01 5.251406991546462422e+01 5.525378263449830030e+01 6.353805388196050075e+01 5.854104436688525226e+01 3.887276884387830478e+01 3.175802886579796436e+01 1.176009907868328774e+01 2.070384764509089948e+01 4.062936075970397098e+01
2.879557132622513649e+01 3.690748357603585816e+01 5.690774194104931638e+01 5.601397060064942934e+01 7.015730001491240841e+01 6.333748190810096190e+01 4.797478831586391124e+01 5.407633501699793044e+01 4.997088797903069946e+01 2.979950410504651259e+01 2.521462650025620533e+01 5.212531875712832274e+00 2.432437403000091081e+01 1.064213309380610895e+01 3.065165824764664748e+01 3.837106969395836842e+01 4.664160751026147977e+01 5.659521592556153280e+01 5.645305034188149307e+01 5.645305034188149307e+01 6.256139965381284895e+01 5.091669935575803407e+01 4.258805990392538376e+01 3.408257520719408262e+01 1.408119871224987740e+01 3.396034070738625843e+01 3.835876544494853135e+01 2.991186404081856764e+01 4.146038328476281976e+01 6.147043624623886870e+01 6.676731580602013594e+01 5.687836585249834798e+01 3.887278330979833640e+01 1.929435580530006078e+01 1.375017457350392114e+01 3.328069138787732584e+01 2.950322858757635913e+01
3.773984326379945742e+01 5.690774194104931638e+01 6.519318843712483158e+01 7.601472504544918252e+01 7.273890830779959060e+01 5.560100647830181231e+01 3.773600521107624672e+01 3.942005375585347338e+01 4.776617415700107472e+01 2.759288700533500815e+01 1.340380778729637434e+01 5.845358987700637776e+00 2.585252348886050910e+01 3.065165985204839316e+01 1.750195498102921832e+01 3.751610233619825152e+01 5.337376649497785763e+01 6.493477309434149447e+01 7.645303077836341288e+01 6.847061662731942988e+01 5.427358846026724848e+01 3.403595790516688169e+01 2.078297224980664026e+01 1.612422154617691206e+01 1.647165592452423510e+01 3.646883725061433523e+01 4.817188423019698718e+01 4.991762678243203766e+01 5.820539809978037482e+01 6.975774946921157493e+01 5.840715608586157970e+01 3.879714152222147305e+01 2.914341781555502564e+01 3.887278330979833640e+01 3.378048942416414491e+01 1.681824242392983493e+01 3.685603848925573800e+01
4.928685164294584808e+01 6.602545338472911851e+01 7.116191604114573011e+01 6.617496037309852852e+01 6.145908645405203430e+01 4.628534373514938949e+01 4.319493351438960360e+01 2.714526907043676829e+01 3.751133841366846866e+01 4.132977665965093195e+01 2.648594512399690970e+01 6.480977216438959410e+00 2.648663104741615726e+01 4.019216029308537230e+01 3.751610233619825152e+01 2.506202395815590123e+01 3.661620601295170729e+01 5.664833958788903345e+01 7.339813424046211310e+01 6.018295586201503511e+01 4.014394741794364307e+01 2.818517576432296323e+01 4.258805990393213392e+01 3.860560360132524949e+01 3.647299768813359577e+01 1.992712946633940163e+01 3.992887474560565408e+01 5.196311229623010064e+01 6.611004292650983416e+01 7.656120545808244060e+01 6.676731580602013594e+01 5.687836585249834798e+01 4.860214880404150506e+01 4.031892038924690524e+01 2.027551823994746982e+01 3.685444152686734753e+01 2.578141741016301580e+01
6.928732970232130128e+01 6.510380283744324004e+01 5.060017106933700148e+01 4.559933532797592193e+01 4.713629696431944183e+01 3.251102984260670326e+01 3.886709601813473824e+01 3.556444336878969636e+01 1.851749068235170981e+01 3.021174038719422228e+01 2.707255083066902657e+01 7.117673380723008592e+00 1.245682385009469328e+01 2.579649298148698833e+01 4.627891487583546848e+01 4.508278187595644226e+01 3.506708362115349331e+01 4.507960967986559808e+01 6.511735058175385404e+01 6.496877676832892234e+01 4.493764862649437219e+01 4.861342912097565261e+01 3.588144408880082636e+01 5.593650021391371041e+01 4.748922384290659693e+01 2.748642030292153393e+01 2.367347153196920573e+01 3.781618166595790598e+01 4.826457687735692303e+01 6.549966298356208938e+01 7.705223600024730501e+01 5.952628146437850631e+01 3.824534358842841186e+01 2.384508281942516206e+01 4.007289156799735963e+01 4.836759406202796185e+01 3.736163765010491034e+01
6.250530986641862086e+01 4.792455218148788987e+01 3.602035474838724838e+01 3.105232548773374290e+01 2.661684731825960171e+01 2.241676630278585591e+01 1.863405450270729702e+01 1.580798709796426671e+01 1.308759911036897527e+01 1.041491936164303489e+01 8.024049250110593334e+00 2.422956761731990127e+01 3.178462242462059706e+01 2.579570922203621919e+01 4.624825372574557747e+01 6.338602379832819622e+01 5.509848013080976159e+01 6.338602386546426715e+01 7.339813424046211310e+01 7.325579642317086382e+01 6.410601454552862322e+01 4.409487298438664737e+01 5.593650021706557851e+01 6.163595068725671666e+01 4.162945771387614258e+01 4.748922383259721158e+01 2.883744191218855235e+01 2.826177993009613942e+01 3.720614659053972417e+01 4.875432689312326318e+01 6.876311289462798015e+01 5.773316629576621750e+01 3.800295138034758224e+01 2.643471065519917218e+01 4.056989631316282896e+01 5.995458245649308537e+01 5.736385067263494619e+01
6.032677614663607812e+01 4.573686853068745961e+01 5.662256673872824564e+01 5.162579637649666608e+01 4.564728394214121465e+01 2.530672017012180675e+01 3.288547386614728651e+01 3.002419626107977990e+01 3.287078674401926293e+01 2.745731733502546490e+01 8.689921401157105763e+00 2.529757809545348479e+01 4.816640013661029940e+01 4.624622952180183688e+01 5.460648550046953886e+01 6.655892131393218847e+01 5.848766789054369752e+01 6.655892375858402943e+01 7.621635793962973082e+01 8.411763625734714367e+01 6.410601454552862322e+01 5.117033651418227436e+01 7.118077178155577656e+01 6.992462899760202788e+01 6.163595065497245429e+01 5.418663621271581832e+01 3.418266081082962415e+01 4.826457686070554587e+01 3.351402739006383058e+01 4.506171046156779880e+01 6.506911310801059756e+01 6.584532745492008132e+01 4.920996941814418335e+01 2.916860419588839548e+01 3.815091018938183254e+01 4.966468698499742374e+01 6.895489864806054925e+01
5.879247079214542993e+01 6.633049567318786899e+01 6.763838800227776460e+01 4.710290176428704711e+01 3.265928562741805052e+01 4.564728394214121465e+01 5.330800934245424827e+01 5.037649944056850870e+01 4.231550532237870499e+01 2.934290230344012329e+01 9.357452752374033622e+00 2.939761199614961029e+01 3.818243768318540532e+01 4.158367633154918508e+01 4.513306198892028220e+01 4.892217189390994037e+01 3.935667589968956293e+01 4.890100914650903974e+01 6.237057540214363627e+01 8.184440021632423168e+01 7.946796827083322512e+01 6.117364733272862765e+01 7.946796827083322512e+01 7.468725409213737976e+01 5.467623614370160823e+01 4.312722548751516882e+01 4.832627958309234373e+01 5.751878506555961224e+01 3.751402873988973141e+01 5.751878506953104164e+01 7.335817220422120499e+01 6.626551432571893940e+01 4.627687072859600192e+01 3.210301529820201694e+01 5.213140889147227597e+01 6.604573847321670144e+01 7.693520797472619677e+01
7.930162148825391455e+01 7.465740357333346822e+01 5.412426045365983640e+01 4.225763986057109634e+01 4.710290176432210529e+01 6.159813838883934523e+01 5.744573155136345122e+01 4.921110883726566954e+01 3.496871800199009783e+01 1.518925028376885145e+01 1.002622732897134306e+01 2.949918327935418816e+01 1.856600483954570535e+01 2.204509836107294873e+01 2.569227911427968181e+01 2.960142655221871522e+01 4.892217189391008958e+01 6.289829843583080304e+01 6.289829843583258651e+01 8.235528287218160415e+01 8.947346462915493248e+01 8.118789623038277625e+01 8.947346462915493248e+01 8.297646746510089599e+01 7.142294512757972313e+01 5.207259219495049507e+01 6.833478873597883307e+01 6.178407643712237274e+01 4.177808658170854983e+01 5.592291875550997560e+01 7.593416280327807044e+01 5.830213165243137752e+01 3.830667466495954443e+01 5.213140889147227597e+01 3.830667466495954443e+01 5.830214500696096991e+01 7.324574045270912848e+01
9.423771050940413829e+01 8.309608689030146422e+01 7.126838904698733757e+01 5.253112951554777510e+01 6.763838822432779807e+01 6.318244122841198873e+01 4.342399347643039675e+01 2.958209106099234376e+01 2.332180470235426384e+01 3.110589530427665750e+01 1.070152409504778923e+01 1.378777332072049511e+01 3.349745947236110055e+01 4.158367561622840469e+01 3.950622938229076908e+01 4.892217189391021748e+01 3.702091397074284629e+01 4.382162635389788363e+01 5.723219809450616680e+01 7.657747472563133329e+01 8.886731874219228189e+01 8.056597173783325161e+01 8.886731874219228189e+01 9.896713223962905204e+01 8.037200491830526516e+01 6.362363689331163386e+01 7.593416280327815571e+01 5.592291875550997560e+01 4.933788792052348526e+01 5.246981005948726562e+01 7.247994169152917721e+01 6.288510793407207444e+01 4.290834451530928106e+01 6.288510793407207444e+01 5.830214500696096991e+01 4.498540028347817810e+01 5.651348553396055507e+01
7.399832285501835827e+01 8.827201599534427601e+01 8.151613656606900804e+01 7.307404622495046453e+01 8.151613656606900804e+01 6.318244122841198873e+01 4.342399347643039675e+01 4.921110883726566954e+01 4.300386246988546191e+01 3.150713431254544616e+01 1.139444189246570538e+01 3.137540003276359712e+01 2.634584735123993937e+01 4.578817732394111317e+01 5.871743758260447521e+01 6.420735955375836568e+01 4.659092192884885719e+01 6.289829843583262914e+01 7.100260395938306601e+01 7.694891152472941087e+01 7.080786563757325780e+01 5.986590275273823636e+01 7.040054578860117829e+01 9.073139768706541020e+01 9.192666966042001775e+01 8.363790840621041411e+01 8.422333563059849837e+01 7.593416280327815571e+01 5.750433729901816804e+01 6.247287150959303403e+01 8.076934408144290956e+01 6.787735795883747869e+01 4.790831901715974084e+01 6.787735795801580707e+01 7.050000331258078745e+01 5.052710247907003804e+01 7.050000340336643490e+01
