LEM/with_lateral_4open/elevation_000016.asc
nrows	100
cellsize	150.0
xllcorner	0
ncols	100
yllcorner	0
NODATA_value	-9999
[rows 51 to 67 of 100, columns 0 to 36 of 100]
6.455108993161302877e-02 1.006455108993178982e+01 2.420668671519815618e+01 4.420668744132137107e+01 4.364804390740793139e+01 3.532101992187119066e+01 1.913394661739063451e+01 2.204821722715039556e+01 4.207983129346212792e+01 3.918369963506891196e+01 5.335673457235887440e+01 7.349151196789681251e+01 8.498953599308165963e+01 9.144531490086767178e+01 9.975604531313803136e+01 8.557775491875756302e+01 6.722522029865213256e+01 8.557775481351905000e+01 8.457702136721540853e+01 6.426573875994172624e+01 5.273730933215611572e+01 4.581228650285248705e+01 3.970588935033163125e+01 4.992631390769948752e+01 6.150163145912164708e+01 7.330504014814172820e+01 6.840117043791890694e+01 5.247715603428429887e+01 3.359669138665437771e+01 5.251946747947789618e+01 5.379439710295657306e+01 4.921823341257340445e+01 5.713659164973015692e+01 4.026226720256985914e+01 6.009277623927625456e+01 7.160675230898043253e+01 8.312687628812787466e+01
3.995603441288197999e-02 2.003995603441252626e+01 3.834882714953992178e+01 4.000392412903583761e+01 3.168597558954483162e+01 1.532834084789869955e+01 3.533946872883996093e+01 3.360367522198201584e+01 5.041019705666829509e+01 5.925407433383027467e+01 6.760844909128611846e+01 6.967093765096971936e+01 7.725142688185049167e+01 7.137212596156858524e+01 9.144531490086767178e+01 7.726415602607205813e+01 5.719692540035278228e+01 7.016931859803104032e+01 9.024302018873295594e+01 8.128142437830595668e+01 7.285029688605547449e+01 6.573928194127493896e+01 5.578726689029198837e+01 3.611244093430089919e+01 4.260405320665376649e+01 6.400943465038729130e+01 5.778263580637418073e+01 4.580270053499837957e+01 3.162392826583865002e+01 3.289665756836433275e+01 3.416723794935827385e+01 3.543721500103945488e+01 3.742282672855690606e+01 5.713664966373056586e+01 6.850976447694786486e+01 8.188553022399320014e+01 8.121532596054721864e+01
4.804567899273937126e-02 2.004804567899238421e+01 3.646462613276329279e+01 2.815072641007219190e+01 1.168759090843068371e+01 3.168597558954483162e+01 4.366193286370139504e+01 5.365847581354572071e+01 6.200498199277685529e+01 6.852996059244921412e+01 6.022140141082914511e+01 4.962544418755545905e+01 5.719533756073680308e+01 7.725142688185049167e+01 8.436325087397329980e+01 6.428999934651228898e+01 5.010609328554706821e+01 7.016931859826297568e+01 7.641654252957825122e+01 7.861244141056845081e+01 7.755343249603303946e+01 5.736978009652406740e+01 4.338796933042838333e+01 3.368434122287605703e+01 5.006402512979064312e+01 5.655365660749716739e+01 4.824993178646873560e+01 3.010179863571547898e+01 4.974183790104518721e+01 5.251693705797995193e+01 4.805175269178182162e+01 5.459573734072161955e+01 3.772324322911642724e+01 5.728116482560755429e+01 6.150255093512973303e+01 6.149938856849329483e+01 6.687241915786248114e+01
9.707512844716031930e-02 2.009707512844680366e+01 2.473092947714750878e+01 8.160730614664585048e+00 2.815072932198912881e+01 3.649673861627417182e+01 3.281011497618754191e+01 4.707313217918414949e+01 6.696851184880162577e+01 6.022140141082914511e+01 4.018517497162918062e+01 6.022140141082914511e+01 6.510262867534181908e+01 7.341196447513648593e+01 7.759514193180943664e+01 6.480719608449022928e+01 4.474467467787511055e+01 6.480719607937923854e+01 5.634829414443785822e+01 5.854341260360072141e+01 7.861244141057154877e+01 7.167542319115540295e+01 6.167429785300355150e+01 5.006402512948146466e+01 3.041396853016780000e+01 4.688071935240616028e+01 2.857936703417734137e+01 3.102663212765853729e+01 5.057497493764799401e+01 6.240035829840714143e+01 6.863240169409705516e+01 5.715031809241537530e+01 5.727519540122658981e+01 3.995889303487260946e+01 4.153079821635798652e+01 6.148960591432965828e+01 4.644143743729031115e+01
5.001202446392439237e-03 2.361934915287402514e+00 4.734924337963088981e+00 2.473092956893627914e+01 3.483759109883425253e+01 1.589398361889730538e+01 3.583066436006503608e+01 4.325604543413012948e+01 5.150841757295988543e+01 5.486649464945003274e+01 3.483077356578364459e+01 5.092995328211978290e+01 4.505943891913575783e+01 6.510262867534181908e+01 6.340621296524292916e+01 4.921728399867509296e+01 3.988027175846667660e+01 5.325430385730381033e+01 4.216441948996406808e+01 5.634829414443738216e+01 7.641654252012706650e+01 7.669738406834109412e+01 6.833353200798535454e+01 5.794557070158507628e+01 4.618836253239499001e+01 2.718416794391285052e+01 4.687449454931093840e+01 5.057497124263324650e+01 3.450628924983855228e+01 5.405861593358454087e+01 6.605072215945517655e+01 7.694263424749452440e+01 6.816772334148352286e+01 5.113760092193925999e+01 6.149417581617001360e+01 4.385335833814362161e+01 6.411936665672263302e+01
5.279685921607564503e-02 1.992302186762347915e+01 2.118925345610925248e+01 2.178276816263248250e+01 3.810936849153825356e+00 8.948004532821462575e+00 2.709848312817142002e+01 2.375297021936857433e+01 4.325604543413012948e+01 4.985756437853340373e+01 2.981555956921815920e+01 3.088872070752726273e+01 5.092995328210219697e+01 6.081979471085014666e+01 5.250804731839758688e+01 3.503421315424172633e+01 4.815951268088247161e+01 3.319606539186038674e+01 5.325430386311939657e+01 6.222585090850924416e+01 8.229239781342404569e+01 6.833369513257002836e+01 4.830897248882683215e+01 5.417397580808586355e+01 4.602258800827782181e+01 2.627954399922773732e+01 4.014267249142353222e+01 5.952357290353207731e+01 5.405861593358524431e+01 3.804347318651030463e+01 5.767253086463643541e+01 6.988435838319517757e+01 8.000817458695573237e+01 7.148240879919671897e+01 6.411895772621349465e+01 5.814542194222288174e+01 5.813788336769533061e+01
5.738623160518319517e-05 5.924062639907576866e-01 1.185015114938249070e+00 1.779191025980328300e+00 2.375950898890959895e+00 2.972616558248471375e+00 3.784510191151473357e+00 2.277588693546277554e+01 4.261235237715890634e+01 5.816300152166908077e+01 4.335507937357999708e+01 2.325940341933450739e+01 4.335507937357999708e+01 4.923824300490736050e+01 3.245090258808158978e+01 2.501329394009337292e+01 2.809983650318866566e+01 3.707073664639785449e+01 4.865017178967065803e+01 6.871488329589365662e+01 7.743673419319931384e+01 5.688455036824873901e+01 5.406606547820555164e+01 3.453655688863292283e+01 4.385536619079583431e+01 2.537903474751931654e+01 3.937635165303142060e+01 5.971790930587566493e+01 6.605072219146819634e+01 5.767253086463643541e+01 4.170894488844111692e+01 6.146037514368956778e+01 7.393825020188241126e+01 8.832336869517602906e+01 8.455031348940816827e+01 7.871770284386521155e+01 6.990761329553279779e+01
4.532054705376769438e-02 1.987255170198426768e+01 1.118527274087350598e+01 2.177924400039396602e+01 2.237725992718611323e+01 2.297351980943020067e+01 3.792613477729703586e+00 2.381990011072918989e+01 3.942617481174572447e+01 4.772511730299968491e+01 3.962340603136001960e+01 1.923882047097835368e+01 3.459211131596318722e+01 3.711060109057467571e+01 2.094636944664808809e+01 4.092804940918028933e+01 3.968077989609822254e+01 5.647055330925697092e+01 6.544247720506176336e+01 7.702745426287280850e+01 7.145447212053521469e+01 5.087757560946597835e+01 3.746442080091104287e+01 3.080593512229138398e+01 2.411169956367346501e+01 4.385803778157348631e+01 5.152928838347777685e+01 5.152857538726206599e+01 7.123098391789908135e+01 6.988435838319517757e+01 6.147674656510106672e+01 4.556100747107229409e+01 5.955313170858894978e+01 7.829681706346813996e+01 9.272345070538530365e+01 9.876493608032069460e+01 9.031288706324087912e+01
9.001595176218035732e-02 2.008999617860104081e+01 3.114971409594142315e+01 3.116947104141528158e+01 3.282135434373510208e+01 6.681348765677315171e+00 4.388230129564917092e+00 2.442214001582648564e+01 1.941725229438162259e+01 3.942615765323158428e+01 3.957338527739393896e+01 1.487547480999761440e+01 1.489803148562234725e+01 1.731282514064796274e+01 3.124512126247648069e+01 4.260830928327668232e+01 5.974167705679769824e+01 6.805396492675232878e+01 6.810674054224941187e+01 6.323451042036209913e+01 7.164011082957863152e+01 6.549332905240311220e+01 5.664871548187093708e+01 4.298330531028032198e+01 2.323472274162395124e+01 4.297477134998155890e+01 3.190748734890455651e+01 5.152951123897607744e+01 6.605463398232355132e+01 7.743998770139006638e+01 7.393825020188241126e+01 6.550630521960806618e+01 4.971578281456041282e+01 6.387018342155095496e+01 8.302350555083798156e+01 9.747510847757448005e+01 1.051026981415941748e+02
5.674351268809080251e-02 1.419890293600473719e+01 3.420150381922383076e+01 5.103212743134584173e+01 4.113890425309852361e+01 3.092392871357394668e+01 1.258337244665317201e+01 5.260166052770498091e+00 2.527761746150959254e+01 3.442539049594865475e+01 3.166961573421834686e+01 1.112486156225564748e+01 3.168443483042007003e+01 3.124512124763877452e+01 4.541205477439318372e+01 5.957898828718001738e+01 7.392128972475416049e+01 6.810674054224941187e+01 4.745014587572274678e+01 4.246062420779275470e+01 5.972763529918037051e+01 6.309122975352190821e+01 5.555247860239624202e+01 4.219486440478179645e+01 2.236274327253347138e+01 2.620375963884568193e+01 4.586521474935435805e+01 3.823871444710387379e+01 4.955168054857865201e+01 6.933344511877602656e+01 8.287686903822016404e+01 7.829681706346813996e+01 6.984816681568331376e+01 5.427218192747230319e+01 6.857190262410153991e+01 8.462232054143446192e+01 8.462232054143447613e+01
9.518805923843161321e-02 2.009518805923807605e+01 3.731916570552186130e+01 4.886617108931457665e+01 4.665590419844590997e+01 2.672160084428706028e+01 3.255981718289793037e+01 2.503546275805447863e+01 6.128827641984144314e+00 2.613542266190999896e+01 2.761363893484030285e+01 8.845904147149962427e+00 2.375190583186780557e+01 4.380895382765987733e+01 5.957859035065131792e+01 6.446382346685793152e+01 6.558206602596675339e+01 6.858716273469983093e+01 4.601971270474860631e+01 2.965424099600305752e+01 4.150533951870016125e+01 3.912041129781768944e+01 3.576097160455631752e+01 4.008897669348311155e+01 2.151537565468219171e+01 4.090080587958638603e+01 5.370273677786911293e+01 5.207285314115966202e+01 4.620985468314785294e+01 5.503033514686343608e+01 6.650841558230209216e+01 8.617926754923003330e+01 8.302350555083789629e+01 6.591924042394524008e+01 5.951649595173572749e+01 6.415329694125767901e+01 7.436089865343420513e+01
9.062254805971975413e-02 9.034894458058955635e+00 2.058189984185167631e+01 4.058189984185238330e+01 5.488248675349579742e+01 4.665590419844590997e+01 4.499290248027804040e+01 2.960256906868394466e+01 6.480811469875448871e+00 6.945020512070830598e+00 7.590069089682554448e+00 8.254069483791438344e+00 2.824010380343558424e+01 3.744884624518670080e+01 5.159963907558516638e+01 4.547070988310326101e+01 4.969873857654722116e+01 5.814596014539553437e+01 5.766460511824281809e+01 4.148723065559986622e+01 2.069744916549767311e+01 1.798869298827441199e+01 3.811870002049517581e+01 2.032327912558679728e+01 4.008883506759264748e+01 3.548386572743353184e+01 5.527955417763819668e+01 7.142383259670532425e+01 6.019217121402237325e+01 6.019236795278191465e+01 7.992206338293652834e+01 9.416943149850266082e+01 9.482370297344988330e+01 8.637887603013346904e+01 6.627088453756235253e+01 8.462232054143446192e+01 7.327824423990080049e+01
3.063233560239582431e-02 2.003063233560203926e+01 3.241144816818245999e+01 4.069571941564465334e+01 5.069571941564483097e+01 5.366880018498794414e+01 3.687004971017618971e+01 1.716001518749611066e+01 2.130901805607358668e+01 2.113875277987448698e+01 2.761363745597198260e+01 2.824022107835088136e+01 9.163604854663466526e+00 2.329510070322371007e+01 3.837684048766521983e+01 3.204893543868362826e+01 3.950535054281763792e+01 3.923429625647200680e+01 4.388678090296464518e+01 3.038038851919201022e+01 1.684530428860999152e+01 3.081757558906031491e+01 1.913262342178613196e+01 3.890871652554020699e+01 4.832860135728272155e+01 5.529128809016528834e+01 6.360379462120933169e+01 7.484806506339150189e+01 7.992008851295472027e+01 7.992206338293652834e+01 8.794967571610651191e+01 8.964472037466376264e+01 9.798849450797044369e+01 9.401072595343066496e+01 7.348607052824579000e+01 9.401072595343066496e+01 8.512515760626602912e+01
5.666595628964066211e-02 6.086892847844939780e+00 1.241144816818175300e+01 2.241144816818193064e+01 4.241144816818263763e+01 4.534341942357244193e+01 2.547160600231024929e+01 3.687004971017618971e+01 3.523237417264402183e+01 4.114748478974165380e+01 3.548234764210512537e+01 1.547667262864572102e+01 2.915599807817301325e+01 1.008199166525703561e+01 3.008430176186200811e+01 3.868422453620453183e+01 1.970017308575142678e+01 3.317179746073117741e+01 3.460668341036069506e+01 1.571455781333526680e+01 3.574213418458376168e+01 4.152156399820166399e+01 3.582698411195745081e+01 2.315731490713735852e+01 4.290973258250053135e+01 5.534897094034435838e+01 5.680904196891243174e+01 5.474619771011641944e+01 6.479205303857845877e+01 6.951873331373791132e+01 7.533510037991462127e+01 6.940786170568424041e+01 8.964472037466376264e+01 1.024427556800197721e+02 8.533505714210899384e+01 1.024427556800197721e+02 9.966927148238227119e+01
2.110006612196471329e-02 2.002110006612160831e+01 3.241144816818245999e+01 3.241144816818245999e+01 5.069571941564483097e+01 5.242858580499612486e+01 3.238870902843769528e+01 5.242858580499612486e+01 5.519777626461731046e+01 4.234466179487409221e+01 2.233775299728423391e+01 3.548234869115036361e+01 3.836854290577437609e+01 3.005720277014361841e+01 1.100719767921431114e+01 3.101530366251083137e+01 1.303263989964740155e+01 1.381185123581078322e+01 1.459549774123450483e+01 3.462738873299144160e+01 2.641555639723608451e+01 4.645213600851247548e+01 4.972389809882199074e+01 4.290973258250053135e+01 2.735144710217888075e+01 4.707643794177096197e+01 3.702038265091970004e+01 4.077031538663260335e+01 4.483792320554162814e+01 4.946512921645467031e+01 5.518660399058303767e+01 6.415051325302609087e+01 7.582269895062503906e+01 9.607805904181738299e+01 1.058619099445166967e+02 1.142453218058499260e+02 1.200879023337166842e+02
9.367352646185668485e-02 2.009367352646150096e+01 2.898075372865285004e+01 4.898075372865355348e+01 6.069571941564536388e+01 6.076216390383805077e+01 4.393299465015018512e+01 6.076216390383805077e+01 5.869403589956493761e+01 3.867022381438238199e+01 2.811061382666383324e+01 4.812122875167732872e+01 4.539400613197946655e+01 2.497496147438486602e+01 1.378568558805029909e+01 1.193947459265992528e+01 1.874583456647407687e+01 3.338730257236279897e+01 2.924816563913138623e+01 4.194797122472147777e+01 4.645213871791149529e+01 4.056932815284570637e+01 6.065449976898070616e+01 5.520318375307952863e+01 3.868948210940166632e+01 3.188280095278105009e+01 5.161224330384676762e+01 6.063132903223547743e+01 5.628146045247316920e+01 6.951873331373791132e+01 6.581145525198002133e+01 8.369817810682738468e+01 9.273849018787582565e+01 1.044086598606674272e+02 1.138415210406577671e+02 1.221036151646524957e+02 1.182496356147130285e+02
3.648181865326004941e-02 8.980753728652494772e+00 2.312288935238369803e+01 4.312288935238440502e+01 5.277825491266718672e+01 6.106289573516172453e+01 6.403377914268190807e+01 7.237257324786970969e+01 6.699936915361460876e+01 5.445113475065895159e+01 3.443421441911368674e+01 5.445113475065895159e+01 5.375401398202541259e+01 4.470193951694718493e+01 3.786434340465010706e+01 3.194810038225906723e+01 1.372507596413449171e+01 1.504348780121100759e+01 3.501957727688092348e+01 3.689007634660527657e+01 5.687857340665289030e+01 6.065449976898070616e+01 6.899456504501337406e+01 6.636009372348787849e+01 5.824548883596983728e+01 4.332454337165284386e+01 4.577186907139532224e+01 6.571215398516557116e+01 7.641773871245783312e+01 8.477542602307737241e+01 8.601428483110061052e+01 9.436293206426029201e+01 1.079604357718059617e+02 9.968150593958107208e+01 9.381621393397696806e+01 1.138414875781904385e+02 1.057791094536236471e+02
