LEM/with_lateral_4open/elevation_000081.asc
nrows	100
cellsize	150.0
xllcorner	0
ncols	100
yllcorner	0
NODATA_value	-9999
[rows 17 to 33 of 100, columns 37 to 73 of 100]
5.864959389381986199e+01 7.194284090476092786e+01 8.017797352937959943e+01 7.760138866649937484e+01 6.618955676134403632e+01 5.119621945774628813e+01 2.955945883939784125e+01 5.119603743212424973e+01 4.794240493214314114e+01 3.822413291290676085e+01 1.838729246385929628e+01 3.638472932126791903e+01 3.578535383846187301e+01 3.479455870259435812e+01 2.281397031575074408e+01 3.283587953110628632e+01 3.251418292156575518e+01 1.397705137933279929e+01 1.656908837889985264e+01 2.093115617153939922e+01 2.582763637856371730e+01 3.148430599578068367e+01 3.816208197995242557e+01 4.709630479751016452e+01 6.118344063552633116e+01 8.103049366208192339e+01 8.544701802535730906e+01 6.545363947911023672e+01 5.131547521390889699e+01 7.130956447647639607e+01 8.642368809168249300e+01 8.377473784729757256e+01 6.442651785945923848e+01 8.377473784729757256e+01 7.786975392559871523e+01 6.111910137469904925e+01 6.111910137469904925e+01
4.866865374324862614e+01 5.204266187415493050e+01 6.869178064446612098e+01 6.737517503622684956e+01 5.912456416261971981e+01 4.668333696540506850e+01 2.513234142573345764e+01 4.230539221088714896e+01 3.969383938162043535e+01 1.980889960474005562e+01 3.822405435620792957e+01 2.768848732777140853e+01 4.776969000591002157e+01 5.088098269549968933e+01 3.686990329944256928e+01 5.094087796261388235e+01 3.384557436940935560e+01 3.384577019847632329e+01 1.529727761958498000e+01 3.519234031233849436e+01 4.591391354472220598e+01 5.145193833234489489e+01 5.809686650854109757e+01 6.632591373186865269e+01 7.521913280756348286e+01 7.934389016445328480e+01 8.749496214851566833e+01 7.130956447647639607e+01 7.130956447647639607e+01 5.984198533866308622e+01 7.983432805321508852e+01 9.272281160500887154e+01 7.859519943868289715e+01 9.272281160500887154e+01 8.942599475744930260e+01 8.115039518931759233e+01 8.115039518931759233e+01
4.682982849097328426e+01 4.050783661132952318e+01 5.502495412340513070e+01 5.912505992168405555e+01 3.918892687523658225e+01 4.340068271756264551e+01 2.343906645746773165e+01 2.232536213591994567e+01 2.127296505325513820e+01 2.418839676445097098e+01 4.158838130858349302e+01 4.752205672818347182e+01 3.927344145134757980e+01 5.937928545898397203e+01 5.679280837499489110e+01 6.199621565690883784e+01 5.030314914991406283e+01 3.033229756106427999e+01 1.625033341248830610e+01 3.616870286928440237e+01 5.123040369123687299e+01 5.942995009616427637e+01 7.088276829912966548e+01 7.609545971333311343e+01 6.792858282058674035e+01 5.957199786086237481e+01 7.609545971336116565e+01 9.130471136356914030e+01 8.811808586008704935e+01 6.983776257180295488e+01 7.397794219853936681e+01 9.397289421006311727e+01 9.859639486875377656e+01 9.636372684568321745e+01 8.810336206138362058e+01 8.592110235488529213e+01 8.569580710010359326e+01
6.675406351611323430e+01 4.919860153470003183e+01 3.507618720440078164e+01 5.003713330911644164e+01 4.501820285305284841e+01 2.505054708198571944e+01 4.338596104444645363e+01 4.230585890825766171e+01 2.939463923486973940e+01 4.465384000522064412e+01 3.102839122596851240e+01 5.086718541805167604e+01 5.090276089579157315e+01 6.768054549314030055e+01 7.081094884783689736e+01 6.256886934899866048e+01 5.117240194314334900e+01 3.130913477920183396e+01 1.721969740345713618e+01 3.712078632133284373e+01 3.130787539135068798e+01 4.282920758651400206e+01 6.270747056059956748e+01 6.466715893227673462e+01 4.810195420183745796e+01 4.810195420183745796e+01 6.792858282058674035e+01 8.392257020988741090e+01 9.206839879710585706e+01 8.137872907701522252e+01 9.397289421006311727e+01 1.022582295216347035e+02 9.344051633400152923e+01 8.517863232991436462e+01 6.814141771241594370e+01 6.595722866934765705e+01 7.571170002463829007e+01
7.768740987880620708e+01 6.326777735260459679e+01 5.003715324541162346e+01 3.009077968824627192e+01 2.670047287422334747e+01 4.476799992456493271e+01 5.326393848930173647e+01 5.580981246600675405e+01 3.939130123384823179e+01 5.603242886244471777e+01 3.616687736051260060e+01 5.603242886244471777e+01 7.096044071884374205e+01 7.925515783204804166e+01 6.256887064644810437e+01 4.285461132363961667e+01 4.862538318367994350e+01 3.834777299318587040e+01 1.838681297584228247e+01 1.979662823022501428e+01 3.972879836697303091e+01 5.062383672882651098e+01 5.618224233698713732e+01 5.166162034310347195e+01 3.660808536787855161e+01 5.648167345042909915e+01 6.995898606056491076e+01 6.417508012657765448e+01 8.392257020988741090e+01 1.013767649006889542e+02 1.096628849193697448e+02 9.670575800942953038e+01 7.674019127568895726e+01 6.520369833538265425e+01 5.815640797397142592e+01 5.186039948480994610e+01 6.475318758158003618e+01
7.798598612805832886e+01 6.407741038967779446e+01 5.613845804057648081e+01 4.790103683886031405e+01 2.794844517671290518e+01 3.342773860514940765e+01 6.171936505434916143e+01 6.814621757123455836e+01 5.370367346079955695e+01 6.242677507189169006e+01 4.241594927594267972e+01 5.603244212412305103e+01 7.606711751867032945e+01 7.264474346687897821e+01 6.439793061063025448e+01 4.862878366215353054e+01 2.882785937967248557e+01 2.413001061925209711e+01 1.956211089679535675e+01 3.949548254618474630e+01 2.246864184467872860e+01 4.240478426988096317e+01 3.853208133504080735e+01 3.176352966217443097e+01 5.166162034311299323e+01 4.261842310502846942e+01 5.013419263780607338e+01 6.995898606056491076e+01 8.279716681734610972e+01 9.093888653945489864e+01 1.007731877821340305e+02 1.049620363319603484e+02 9.344051633400152923e+01 8.517863268118104259e+01 7.811642486777243732e+01 6.475320332803129020e+01 4.481400547810373780e+01
6.607998768467724915e+01 5.031148570856284152e+01 3.625016011841446328e+01 4.417290913596641388e+01 2.920646638274768847e+01 4.429399066031806598e+01 6.058850123227747986e+01 7.644053030763232925e+01 7.493714422559293098e+01 7.028954764537553501e+01 4.952362647833812304e+01 7.028954764537540711e+01 7.578517075847149442e+01 5.606189226442239715e+01 4.473440058805466890e+01 3.773032380374889527e+01 4.862642767193348448e+01 4.246061498932254352e+01 2.256297937686155564e+01 2.145167276106973020e+01 4.139273013870979412e+01 2.517824268566932133e+01 2.712256171958483364e+01 4.707885368755152200e+01 5.882183944743450610e+01 6.246591846201506115e+01 5.041781921812649614e+01 5.641131168795522655e+01 6.303942064837386994e+01 7.295758339441560736e+01 9.263675024027679683e+01 1.038066729397287986e+02 9.555877157065232552e+01 8.605101261221717834e+01 7.779589548839423685e+01 7.301753566051903022e+01 6.475320332823031322e+01
4.624352608360997863e+01 4.200002220564523725e+01 5.098107141677982668e+01 3.102717171180622913e+01 4.915213237526482715e+01 3.771115417659279245e+01 4.923922107301392259e+01 6.897590766999149992e+01 8.447536076014228001e+01 7.905414264406806524e+01 6.178764837893448458e+01 7.905415456789503992e+01 8.408521849267256698e+01 7.264474346687897821e+01 6.439793061063025448e+01 5.744582290011601344e+01 5.822231310968094675e+01 4.556736629665961402e+01 2.563528394572463753e+01 2.279290128722970721e+01 4.274261471366128973e+01 3.928968460152750453e+01 4.710053026358617956e+01 3.067907148951105256e+01 4.483840011460699060e+01 6.471717520685325553e+01 7.024134497420295986e+01 7.621125142768872252e+01 8.279716681734610972e+01 9.093888653945489864e+01 1.007731877821340305e+02 9.230041462599537283e+01 7.562221122242515037e+01 7.452531768730658257e+01 5.781886274293908201e+01 6.297183665301266586e+01 5.980649844371738055e+01
6.611060425679002606e+01 6.187899182814279442e+01 5.885596452049431804e+01 4.512693272819797841e+01 3.297976405594202731e+01 5.297570558866652135e+01 4.839110268399340953e+01 5.654493207548100031e+01 6.801511260936158010e+01 8.768460848505741012e+01 8.359496349852010155e+01 9.227623038494319019e+01 8.522728085125218911e+01 7.714078725712990092e+01 6.936985413483466800e+01 6.287220416720673910e+01 5.000600293161622290e+01 3.009468167693982110e+01 4.409401159814215987e+01 2.414009443908769015e+01 4.409430361596532322e+01 5.918975268385661082e+01 5.326188683353177566e+01 3.328224128237363288e+01 5.326188683353177566e+01 6.680416420617383721e+01 7.339902356423684182e+01 8.154590300748694176e+01 9.139136307164713457e+01 1.015459161442932867e+02 9.157981832663573130e+01 8.332784683067610842e+01 6.408960295273712404e+01 6.626215148936871913e+01 4.624794794135114984e+01 4.295248003649727764e+01 3.978490706981692426e+01
7.592240561276888400e+01 6.995947812345355032e+01 7.238823818484401329e+01 5.432036087359671939e+01 3.436467533346926473e+01 5.433837758164004583e+01 5.250883326234848170e+01 7.243521116950154237e+01 8.447536076014228001e+01 9.583081003299939482e+01 1.010351526124198358e+02 8.217876401547268017e+01 6.899029767935317636e+01 5.818061698267612059e+01 4.979108746552797271e+01 5.467466890374651456e+01 3.479962608271878821e+01 5.000600293159369159e+01 4.545566673779903510e+01 2.549742439699487662e+01 3.961403357161284333e+01 5.955861675402885425e+01 5.630680754210284533e+01 3.633992718427444402e+01 4.115787320348745482e+01 4.695220966310865407e+01 5.361444549004795590e+01 6.354419677057124005e+01 8.325385035790242227e+01 9.329815891239542225e+01 7.335753474895679460e+01 6.337163287578601967e+01 5.580617175092765336e+01 5.142838006699563635e+01 6.626215148936871913e+01 6.297183665301266586e+01 5.936212299099762646e+01
5.615555078424277724e+01 5.040378579401812686e+01 6.229030327490553276e+01 5.574472437480400089e+01 3.576127147881852153e+01 4.179561806903896581e+01 6.178411754517001953e+01 6.513237604495830624e+01 7.661614701127484750e+01 9.645640922653663552e+01 9.936883196758630277e+01 8.805561192522357317e+01 7.928337407973440065e+01 7.115972691388149940e+01 5.968932940299020373e+01 3.986870277815275188e+01 5.467467099686402321e+01 6.287220412559859284e+01 4.683008488171282124e+01 2.686883246038797779e+01 4.683008488171282124e+01 6.517954558161183343e+01 5.942089894536006511e+01 3.948098480358216733e+01 5.942089894536006511e+01 6.680416420617383721e+01 7.339902356423684182e+01 8.154590300748694176e+01 9.139136307164713457e+01 1.015459161442932867e+02 8.393180577202977588e+01 6.397655054532304320e+01 7.578510693995676206e+01 6.558037135132329354e+01 7.968415610562530560e+01 6.692738357562717511e+01 4.691601956283830077e+01
7.342123412145107864e+01 6.229037077805475064e+01 4.280755473546205536e+01 3.782832938695978697e+01 5.574472437478707576e+01 5.531558016523588606e+01 6.168951121855373998e+01 8.120459078158857835e+01 9.323128384945482594e+01 1.046940326691030663e+02 9.123795277087319278e+01 7.165721551596976724e+01 6.031536015674981144e+01 5.147583320373149718e+01 4.650787974860575247e+01 5.390679130278539333e+01 6.765562042566310197e+01 5.830618997712900153e+01 4.821510735387502677e+01 2.825141308455429723e+01 3.811007332979195183e+01 5.707341736667933674e+01 6.264896095137574861e+01 4.274985031904094512e+01 6.264896095137574861e+01 7.584096621926599369e+01 8.934616552623430152e+01 9.748454200857487706e+01 1.061631460167576648e+02 1.038566674262407759e+02 8.393180577202977588e+01 7.103913853056997141e+01 9.098303962596287420e+01 8.553636256955839201e+01 7.587170936803731536e+01 5.587727274965939728e+01 6.107460487358969914e+01
6.517169619418631044e+01 4.520201692957787287e+01 4.001835273671183302e+01 5.781958196355422785e+01 6.605845594269167975e+01 7.367368637081089844e+01 7.576569874944860317e+01 7.229350706881173494e+01 8.656764233539475129e+01 1.063274482944766390e+02 9.345877282355060345e+01 7.413417552161544677e+01 6.285841123061813107e+01 6.541752320788253883e+01 6.625357008395420166e+01 7.364962447297341441e+01 6.018319201886411918e+01 4.955338445550783177e+01 3.027285954150459446e+01 3.640446328917325758e+01 5.567184720558284283e+01 6.517954558161183343e+01 7.081438168245357190e+01 5.428949204708419529e+01 4.785412796905990263e+01 6.768635051558528914e+01 6.966902038500180083e+01 7.837625279832387548e+01 9.454537851594744780e+01 1.043600573645321532e+02 9.923163657488183276e+01 8.101818499105876015e+01 9.923163657488183276e+01 8.742221971228309485e+01 6.742674161223723672e+01 7.001856920137129237e+01 8.105724129565406599e+01
5.375003237577636384e+01 6.517169606899580003e+01 6.000342951208693165e+01 4.233453779460231203e+01 6.231230718081354070e+01 6.870919008526072957e+01 5.612041738978256689e+01 7.597488814923961797e+01 9.365936978071835028e+01 1.025692400389108485e+02 1.014668792601927265e+02 9.030834968516332140e+01 8.177007208615705736e+01 8.502264227864395707e+01 7.866177577993809678e+01 7.038993900668637593e+01 5.228077020340847980e+01 3.231659928697212081e+01 5.023735555733638591e+01 5.626974528214811500e+01 5.047994898720364176e+01 7.024755002078310895e+01 8.221486914198690954e+01 7.406820783678415410e+01 5.934464600910408194e+01 5.350385865048874479e+01 5.863794560685929014e+01 6.672679575743394764e+01 7.659995348852251595e+01 9.622642513674229292e+01 1.091929040147045953e+02 1.009478942608670309e+02 1.091929040147046095e+02 9.577964267897924344e+01 7.896109938604463707e+01 9.000243794875913750e+01 9.184076812817528435e+01
7.371133202644614357e+01 8.150618930959846864e+01 7.055378221261329941e+01 6.231230718077902253e+01 4.468527818351530811e+01 4.929624621622443925e+01 6.879233039687176188e+01 6.529814384662668658e+01 7.439375636643023881e+01 8.872080621694837532e+01 1.083796744692206886e+02 9.848352816463493298e+01 8.797944996153776742e+01 7.957811528976743887e+01 6.973046725710875648e+01 5.081416496112143477e+01 5.394505073097476355e+01 3.398138222232654471e+01 3.657615346756809060e+01 5.651888866356640762e+01 6.915313927343973432e+01 7.024755002078312316e+01 9.000607144794591363e+01 8.722174369099003854e+01 7.908133078230173396e+01 6.161095773191156866e+01 7.837625279832387548e+01 7.114965011246998472e+01 9.081149599968959762e+01 1.043600573645321532e+02 1.140810497402823813e+02 1.055204409867588993e+02 1.054898234319425541e+02 1.074820201109761086e+02 9.902261429806247861e+01 9.794607560375845878e+01 8.948100615567412319e+01
8.290450860380823883e+01 7.326314864690145612e+01 5.337398507827698069e+01 4.970943393231115692e+01 6.465128404306729237e+01 4.761753823674466446e+01 6.754432279674651340e+01 8.549647077630541503e+01 9.365936978071839292e+01 1.025692400389109054e+02 9.185325863223832243e+01 8.299550218405231305e+01 6.847803887256368682e+01 5.954850257359386489e+01 6.198050336880596234e+01 4.229568906503762094e+01 3.636085275743168665e+01 5.394505073097671044e+01 5.651888866357230512e+01 4.098975441432896361e+01 6.092095464282233053e+01 7.384343599910152989e+01 8.377239287102869980e+01 9.780479645069516437e+01 8.946642341756110284e+01 7.302513100337235130e+01 8.946642341756110284e+01 8.506967332074317767e+01 9.894554950021367290e+01 1.100356764754398142e+02 1.055204409867588993e+02 8.513678190243005872e+01 8.513583981947621737e+01 9.960891582135619160e+01 1.038011664125739486e+02 8.354524913345356651e+01 6.936326232909868850e+01
6.307157160930785267e+01 5.891722629477211370e+01 7.326314864690145612e+01 6.963190080211175825e+01 5.062880796029970298e+01 6.754348776863076864e+01 6.761546744070433590e+01 8.770906128245295008e+01 9.974880734494522017e+01 9.763476383505604872e+01 7.771001597660708171e+01 6.384263804810810683e+01 5.505451461899760091e+01 4.804542797790904984e+01 4.337519303027286810e+01 3.882589304260940821e+01 5.632350426648235953e+01 5.632350427912761859e+01 6.915313928961809609e+01 6.092095464282233053e+01 4.570174822442665885e+01 5.568872053779097087e+01 6.973939676715924918e+01 8.272129787596705341e+01 9.096124999650623977e+01 9.267509820968842860e+01 1.008092373257297254e+02 1.046734821839455947e+02 1.041117242224944732e+02 8.956542412768897066e+01 1.041117242224944732e+02 9.110701742283522719e+01 7.087545790263365575e+01 8.157157623290942183e+01 9.004041159667279715e+01 9.794607560375845878e+01 7.872840471705252696e+01
