LEM/with_lateral_4open/elevation_000168.asc
nrows	100
cellsize	150.0
xllcorner	0
ncols	100
yllcorner	0
NODATA_value	-9999
[rows 0 to 16 of 100, columns 37 to 73 of 100]
8.884754177262699226e-02 6.929726548558100274e-02 7.395023591448830758e-02 4.828361932999872264e-02 4.897713358561925356e-02 8.568734790590110117e-02 1.075183056328203948e-02 6.823539046102447547e-02 7.194897206013613211e-02 1.557559815681563986e-02 7.704183385687686514e-02 1.685416958384493638e-02 9.680445094065920353e-02 7.639902522890137937e-02 4.559330980047965332e-02 5.839666421669215124e-02 9.739037529851846120e-02 3.670263267501718690e-02 2.041064012308905357e-02 6.895211126444661387e-02 9.031524355919069713e-02 1.560024811392830661e-02 7.641644294168103979e-02 3.888124420523987601e-02 6.873285589001959517e-02 4.772367030474261584e-02 9.504926490987847254e-02 5.760415539182907330e-02 9.666222459857021221e-02 9.627991409191682948e-02 1.286757495974483190e-02 9.381044340810595905e-02 7.584058927755046864e-02 1.435327048224320848e-02 5.777975670406795827e-02 2.716720951219454838e-02 4.735230246529398453e-03
2.008884754177098841e+01 3.119268672137667675e+00 2.007395023591413263e+01 2.004828361932964498e+01 6.715643800252314222e+00 2.008568734782032905e+01 1.417614887494879206e+01 1.456299964168514194e+01 1.921310692125532427e+01 6.278523730794424162e-01 2.005854449806568951e+01 2.001685416958348895e+01 1.009681169637506137e+01 1.421853464895997732e+01 7.116684618107195881e+00 2.005839666421633538e+01 5.644392337550833361e+00 2.003670263267466112e+01 2.002041064012273353e+01 3.848596841356727083e+00 2.009031524355883391e+01 1.993209538184142815e+01 1.980916652751600537e+01 1.717243960798752855e+00 2.006873285588966382e+01 1.152286999461137107e+01 2.009504926490952315e+01 1.164556394350355362e+01 2.009666222459821583e+01 1.009627991409183068e+01 5.358092413208255245e+00 2.009381044340775091e+01 1.421797621300862602e+01 2.001435327048188739e+01 2.005777975670371305e+01 1.693833876178862941e+00 2.000473523024617251e+01
2.620533559747784835e+01 6.205335671379493157e+00 2.620533566939486292e+01 3.378671260441000612e+01 1.378671161211785190e+01 3.378671164353668388e+01 3.436693795001345819e+01 3.543384817037407686e+01 2.116270815025838203e+01 1.240416264911130773e+00 2.127915777955507437e+01 3.841249429108170688e+01 2.423983430483341195e+01 3.421853464896068431e+01 1.467636027458293491e+01 3.141789502944749657e+01 1.141789502944714130e+01 3.141789502944749657e+01 2.769759863595460558e+01 7.697598635954248536e+00 2.769759863595460558e+01 3.714846853234648449e+01 1.751475400594590681e+01 3.401547802935485088e+00 2.156875472649764802e+01 2.974061213406611870e+01 3.871114689283174926e+01 2.624215253561849437e+01 3.838055116155272373e+01 2.423841553782252944e+01 1.090509437546059424e+01 3.090509437546095128e+01 3.421797621300932946e+01 3.336631794958958608e+01 1.336631789619313437e+01 3.366317896193047776e+00 1.491332327914253320e+01
2.940789874469169618e+01 9.407898747481208801e+00 2.940789874469169618e+01 4.207101256610890516e+01 2.533371699609364569e+01 4.207101256697620784e+01 4.275010670259197099e+01 3.438336484847729935e+01 2.181112249183537699e+01 1.853843937042874535e+00 1.624237597742884986e+01 3.745601531897975178e+01 4.425997283275582106e+01 4.310480853273774215e+01 2.362523417785653379e+01 3.808456169611463338e+01 1.808456169611392639e+01 3.808456169611463338e+01 3.178008154059326884e+01 1.178008154059291357e+01 3.178008154059326884e+01 3.555986593433133436e+01 1.597782939943494718e+01 2.314378576807430932e+01 5.872756065947818627e+00 2.601533651606944275e+01 4.370268685484109028e+01 4.800848381266429499e+01 5.252268678528342605e+01 3.693532126701667551e+01 1.693532126701597207e+01 3.693532126701667551e+01 5.336631859241324349e+01 3.336631794958958608e+01 2.508764384621231969e+01 5.087643827840795829e+00 2.508764100545127462e+01
1.495490070835781893e+01 1.647896686382229703e+01 2.940789874082445365e+01 4.940789861201926669e+01 3.947585265992074710e+01 4.896794845585792899e+01 2.842596289570517243e+01 1.405986639213560530e+01 2.122344726286364747e+01 2.468429020905875682e+00 2.163333668092094086e+01 3.128632134770505502e+01 4.898256458361854726e+01 5.224394365174597255e+01 3.521819847674082382e+01 4.636883294357682672e+01 2.808456169611410402e+01 4.636883294357682672e+01 3.614443934531354330e+01 1.614443934531283631e+01 3.614443934531354330e+01 4.332668460070605221e+01 2.962898127163172646e+01 2.760581516043494688e+01 7.633657903563900504e+00 1.666471698858821426e+01 3.170416429823429638e+01 5.433211707747532415e+01 4.848232665080939796e+01 2.848232665080869452e+01 3.693532126701667551e+01 4.521959251447887596e+01 4.836572514267957956e+01 4.003294118237417365e+01 2.682842039883039931e+01 6.828420387397781788e+00 2.471091409832682828e+01
1.921891503091191211e+01 3.648173217678625235e+01 2.802626960793312350e+01 4.804129152955000848e+01 5.947586053739457412e+01 5.369924297465083640e+01 3.409588085929225088e+01 2.412457725104250272e+01 3.342550219656402977e+00 2.063949216473089621e+01 1.246502286642461854e+01 2.438720161105817041e+01 4.668262795882073846e+01 6.420263999462298443e+01 5.569225587868339034e+01 5.636883294357700436e+01 4.222669731984555597e+01 5.247437096386863686e+01 3.247437096386793343e+01 2.130841714025615019e+01 4.130841714025685718e+01 5.535036121595536684e+01 4.483258381095382816e+01 2.945461686222501640e+01 9.444372915848793681e+00 2.945461688593949034e+01 4.584970374046852015e+01 5.553541646705246393e+01 5.676659789827159841e+01 4.262446227454014291e+01 5.676659789827159841e+01 5.431274883513498963e+01 3.412897896960866717e+01 1.942064163331217941e+01 1.334854637580674996e+01 8.631493290563007292e+00 1.698285260610854053e+01
2.438289282787535939e+01 4.424590823642028425e+01 4.803704212057646572e+01 4.436405924219744179e+01 6.440309887398026945e+01 5.249794148993049703e+01 3.029959160900139636e+01 1.556294930472113336e+01 3.963321074900602703e+00 2.384142044146199524e+01 3.148979460492289206e+01 4.036307095024001512e+01 5.265850542706434823e+01 5.686177287346287557e+01 5.790284465809283887e+01 6.617375572740699852e+01 6.222669731984625940e+01 6.075864221133083731e+01 4.685541910250924502e+01 2.685541910250853803e+01 4.685541910250782394e+01 5.220198433492606682e+01 3.072342974559458995e+01 1.216999799004751281e+01 1.133818057707745552e+01 3.129397827222821959e+01 2.794278954104746759e+01 4.167132488123206713e+01 6.119182792923055558e+01 6.262446227454084635e+01 6.438447247854634270e+01 4.435005709363156257e+01 3.261549868168067690e+01 3.128503954755262484e+01 1.140534093787536207e+01 2.861992845731767332e+01 1.876904978196029461e+01
3.593053313823271111e+01 3.852905459754938988e+01 5.856712524396798614e+01 6.440309887398026945e+01 5.327796509401166247e+01 4.422472420409507521e+01 3.568848821034102770e+01 2.458407190220179217e+01 4.585592466187655702e+00 2.456685530272926243e+01 3.089373580627129101e+01 3.283180763665179569e+01 3.812377589809158707e+01 3.628552617211035169e+01 3.794875373539698415e+01 5.465094694315591539e+01 6.617375582037500692e+01 5.950452974318320543e+01 3.950452974318250199e+01 3.685541910250888975e+01 5.513969034992575047e+01 5.219753657155463600e+01 3.072338891139555273e+01 3.701365690280398724e+01 3.129397847658656673e+01 1.404211976745863133e+01 3.402235190963432387e+01 4.901266227530234687e+01 4.901266227530239661e+01 6.902460536511192402e+01 7.266914540583323401e+01 6.110792601488173403e+01 4.737858403430011123e+01 2.740537058800202530e+01 1.335583194556504161e+01 3.325538933290080479e+01 3.871839043760777344e+01
5.008057861066829730e+01 5.857960108817310640e+01 6.690751925993356508e+01 5.914050499848951148e+01 3.899531722728096383e+01 2.464910453001700574e+01 1.600560688240364371e+01 1.048036242696482390e+01 5.208769419039364301e+00 2.371251859891160052e+01 1.094717342371630231e+01 1.448224648841624962e+01 1.819421307751834149e+01 2.211099990673429971e+01 2.646244805415578938e+01 3.794875373539698415e+01 5.790284465817142490e+01 6.778880099066087439e+01 5.364666536691395038e+01 5.099755472624033814e+01 6.513969034998433472e+01 6.054064639917120871e+01 5.219753657332704222e+01 5.016496503516071215e+01 3.015021739110872545e+01 1.601528965474717836e+01 2.232872733948232380e+01 2.899568747393416146e+01 4.315061811635951017e+01 6.316488878705253995e+01 6.882416407630891797e+01 4.883010755023755678e+01 3.470041461520688131e+01 3.526879132754360313e+01 1.533712500522990929e+01 2.941674474178854837e+01 4.939681717845704867e+01
7.012595568775940080e+01 7.189060011151070739e+01 6.364049757590690604e+01 6.187180168928740898e+01 5.327796509401166247e+01 4.422472447425208486e+01 3.568727582776293872e+01 2.943986440958837392e+01 2.520818805464427470e+01 6.096562947702071966e+00 2.610007712207827524e+01 3.441941351794847748e+01 3.812377589809158707e+01 3.619243065202816467e+01 4.638234489247334835e+01 3.458310716186468170e+01 4.866651296070423172e+01 6.866049527402608987e+01 7.364666536691537146e+01 7.099755472624175923e+01 6.963264985734073775e+01 5.951075533362854486e+01 5.142723776481170717e+01 4.725284963019525719e+01 3.814479463014344418e+01 1.813844521040889290e+01 3.814479463014341576e+01 4.901266227530238240e+01 4.901266227530239661e+01 6.902460536511138400e+01 6.076423791497247606e+01 5.076998844506235287e+01 3.836788031766860030e+01 1.840339904959201789e+01 3.526879179039808321e+01 2.422685754549045001e+01 4.420190306525722690e+01
6.631670504596243632e+01 5.877044098050742349e+01 4.367212757099280651e+01 4.190235110732042756e+01 4.375378377401493424e+01 3.990305991456938983e+01 3.205768735184002338e+01 1.047781276694430730e+01 6.967373129843973167e+00 9.168976341506580141e+00 2.467627427510883109e+01 4.160452849119612750e+01 5.349899349010630090e+01 5.614180470143185175e+01 6.279138262476031684e+01 4.866648340597255640e+01 4.607414329624342031e+01 5.760221983972973447e+01 7.762155573467276781e+01 7.548793794252389944e+01 5.556584752467010446e+01 4.141850858344695041e+01 3.140757555827561731e+01 2.723599587015665691e+01 2.338707725485800992e+01 2.198385206028247296e+01 2.338707725485800992e+01 4.340060529896838659e+01 5.724116935416068941e+01 6.879598876818434405e+01 5.248125025507729902e+01 3.249623162279685573e+01 2.251212791018889448e+01 2.197944796229636921e+01 4.195572571721073274e+01 4.420190307911874328e+01 3.489844002439500770e+01
4.635116700833403058e+01 3.879437928568477645e+01 3.212963415163746106e+01 2.776396160074218500e+01 2.374493946132264455e+01 1.978296386574832866e+01 1.562614355997672000e+01 3.200189459689644877e+01 2.702530065128517123e+01 7.789664598491317982e+00 1.822616939137640202e+01 2.404816416288658232e+01 4.488781550851850000e+01 5.046445813683127568e+01 5.906474052495461535e+01 6.865716096499312471e+01 6.606336990470839510e+01 7.433030699964054122e+01 8.587098001453965423e+01 7.287331051726596343e+01 5.287628609282723602e+01 3.871796281387042171e+01 5.142723776481170717e+01 4.139037717754041523e+01 4.340060432796602896e+01 2.590568194923235978e+01 4.340060529896838659e+01 2.893476082608802002e+01 4.049257713382147728e+01 6.050906143058271169e+01 6.076423791497247606e+01 4.560886167099986466e+01 2.563034098803617056e+01 2.568711883575979726e+01 4.566564486437312809e+01 5.949122392593888264e+01 4.902896142538271107e+01
6.278658599016982578e+01 4.281625078177901145e+01 5.211175374833341323e+01 4.775126776620894731e+01 4.304874989797738039e+01 2.298469019008817327e+01 3.030326390752772880e+01 4.401128609729280328e+01 3.399363776607461318e+01 2.540452405420912996e+01 8.568743614968234112e+00 2.859110896689404768e+01 3.581496329576748394e+01 2.974694386083606545e+01 5.046445813683127568e+01 5.727924291229988540e+01 6.587767459560987504e+01 7.522883877773483619e+01 8.722331915155999127e+01 7.505840871057228014e+01 5.506437665413859150e+01 4.539439705843086159e+01 6.540282631708683425e+01 6.140611013443321298e+01 4.992543083877200161e+01 2.990633323723174186e+01 4.992543083877200161e+01 3.330131486663006513e+01 4.745966386280045413e+01 6.747203667511612935e+01 6.294572674494965980e+01 4.295243350237967661e+01 2.882763825416580872e+01 4.566564486437312809e+01 3.122436743031196471e+01 5.120814850652069339e+01 6.902396558289713369e+01
5.694415988762408887e+01 6.278658599016982578e+01 6.778729746121152289e+01 5.060378943907642935e+01 3.061503366806880777e+01 4.304874989797738039e+01 5.032274506766668054e+01 4.332696891210125756e+01 2.341091267721013125e+01 9.396032725766810145e+00 2.838139729387282628e+01 1.248392261556351812e+01 1.543780657351378238e+01 3.581496330294594799e+01 4.681297467687665659e+01 3.634670644145347040e+01 4.565786118803436011e+01 5.784296250586108101e+01 7.875431078128060847e+01 8.332499645897662788e+01 7.367437464928698887e+01 5.434999021162469290e+01 7.367437464928698887e+01 6.574922205751573756e+01 4.573494624406535536e+01 3.417272654402022880e+01 5.419397452898471101e+01 3.802001502485464357e+01 5.217948885097960243e+01 7.218825868023228054e+01 6.627837028814575149e+01 4.628250902984288473e+01 3.215419510584745666e+01 5.213916119673442040e+01 3.538708141611827784e+01 5.537615938720256281e+01 6.998321666334953761e+01
7.689353826196413877e+01 7.105678269817605042e+01 5.110220612166332899e+01 3.956296685662121604e+01 5.060378943907644356e+01 5.886198044724906708e+01 5.259753000338577777e+01 4.416376258291301582e+01 2.978003424665866561e+01 1.001261071358012344e+01 2.991806212708320345e+01 3.277731613495097207e+01 3.581496330294594799e+01 2.008757701374117133e+01 2.613774854665843250e+01 4.681297467687665659e+01 5.764405978352830573e+01 6.431388636529509029e+01 7.288087532378537503e+01 8.221960803389229966e+01 8.261142505388569646e+01 6.849442201904173544e+01 8.261142505388569646e+01 7.403512096082066307e+01 5.904971393590751916e+01 3.902900660175102132e+01 5.904953052605714703e+01 5.804005290223550162e+01 4.559053390525273386e+01 6.560464073052818890e+01 6.981351087614110895e+01 4.981573581937310280e+01 3.568282866125232999e+01 5.567294852485728995e+01 5.537615938720256281e+01 4.170408411901335199e+01 5.584158414742535115e+01
8.783718907174171875e+01 7.929830774914724145e+01 6.778729746198150963e+01 5.110220612166332899e+01 6.778729746198150963e+01 5.843360079067840473e+01 3.836179995049778313e+01 2.425809892372799226e+01 3.009109087522513448e+01 1.066252253077037437e+01 1.945567291007192168e+01 3.778009545749661413e+01 4.919030045436115017e+01 4.057915944690526544e+01 2.600371987240081140e+01 3.075680155479725286e+01 3.665011081078180410e+01 4.322204276857685556e+01 5.268794221043735604e+01 6.764373456504229409e+01 8.838760231930569944e+01 8.846872038998181154e+01 8.060311318664417968e+01 6.060145194150266690e+01 4.904427918929303587e+01 4.798741952001672928e+01 6.733512886630931860e+01 7.138034288724561804e+01 5.137269668093637165e+01 7.138035582535428603e+01 7.099785371772632914e+01 5.099908247390487759e+01 3.945703709991810371e+01 5.945155775642422213e+01 6.998321666334953761e+01 6.169915643797207139e+01 4.925945889945185741e+01
6.774787067061565438e+01 7.623861566179006388e+01 7.929830774914724145e+01 7.105678269817605042e+01 6.696846620386521920e+01 4.688437999086870178e+01 3.282728248220245604e+01 3.156627557495290759e+01 1.162161821774726178e+01 3.059877486640755961e+01 3.725928378922975526e+01 3.778009545749661413e+01 5.774423604087822071e+01 5.529873293866824469e+01 3.782462257836409947e+01 4.543358465109023570e+01 4.773472490554414094e+01 6.431388636529509029e+01 7.288087532378537503e+01 8.221960803389229966e+01 8.085275442221107767e+01 8.933270714108874699e+01 8.888905067596148513e+01 7.734068685129089715e+01 6.060145194150266690e+01 5.954548839742295741e+01 7.628481228064354980e+01 7.804734957702356724e+01 5.804636832847615580e+01 7.804734956366418430e+01 7.928210413463426676e+01 6.362131732672524720e+01 4.362385293520065943e+01 5.776357350008954228e+01 7.776316191789778998e+01 6.558780574643498085e+01 6.925783037302329603e+01
