LEM/with_lateral_4open/elevation_000087.asc
nrows	100
cellsize	150.0
xllcorner	0
ncols	100
yllcorner	0
NODATA_value	-9999
[rows 34 to 50 of 100, columns 0 to 36 of 100]
2.064481644892168788e-02 1.416279242158576146e+01 3.416412508311662322e+01 3.576467902278979949e+01 4.444118859542194855e+01 4.748745782761623957e+01 5.322141788201464152e+01 5.931926060110212973e+01 4.265747167860329370e+01 5.931926060110207288e+01 4.906485614999195377e+01 6.555986792476431901e+01 6.093563484862524149e+01 4.108657327382264413e+01 6.093563484862524149e+01 5.430864296270877389e+01 4.604890280425488669e+01 3.012307270564029693e+01 4.424384675052442617e+01 5.958615770638920139e+01 6.511284310009136789e+01 7.336947286431191628e+01 8.227202622199337156e+01 8.668560131067482644e+01 6.777840522703223769e+01 8.668557971308828769e+01 7.090250049910838470e+01 8.724448565043061876e+01 9.851884318737518242e+01 1.100092730832751045e+02 1.120246489582844873e+02 1.039340999312477578e+02 1.120250206132317743e+02 1.069902539131710881e+02 8.663533442173347510e+01 7.460771579162641842e+01 8.421080548765053209e+01
2.905961989428186565e-02 2.002802632365330027e+01 2.278588138690428622e+01 1.489712863045753366e+01 3.195249438552056276e+01 2.830345070383207684e+01 3.392231616519212878e+01 4.040112938887605054e+01 3.110316815477995078e+01 5.107827094921325539e+01 3.755051395578932727e+01 5.360392465356962788e+01 4.542197117371826209e+01 3.442429142061646274e+01 5.046831135039467853e+01 4.220747037391929268e+01 2.608824521225321291e+01 4.604890280425488669e+01 5.833957133888684865e+01 7.243529592724920008e+01 7.463086730361379750e+01 7.463086730361379750e+01 8.273718011065666644e+01 7.860652920359308382e+01 5.882884760234746579e+01 6.928324071475019252e+01 5.940018762977789635e+01 7.090250049910873997e+01 9.045484611592203805e+01 1.074149582967465761e+02 9.933330737800979193e+01 8.454070701067301741e+01 1.023076046243154309e+02 1.153730172796376365e+02 1.036409073810055332e+02 8.928312316621824607e+01 9.953580596800784974e+01
3.542675937824442400e-02 1.996194407340614063e+01 2.356554166002370110e+00 3.322163261859766514e+00 2.332550566178547768e+01 1.458555387858426933e+01 3.130261747086309398e+01 2.040057075051857538e+01 4.040112938887605054e+01 4.853413227553503617e+01 2.860572226479399660e+01 3.788213589137722437e+01 2.547344208824953782e+01 4.542197117371826209e+01 4.186160355373110775e+01 2.223857766539986613e+01 4.220747037390683687e+01 5.430733942788263846e+01 5.621130158461026838e+01 6.435198242986875528e+01 5.489015198676230511e+01 5.489015198676230511e+01 7.463086730361379750e+01 7.158914888002968269e+01 6.340854130507917574e+01 4.893268524801246855e+01 5.940018762977788924e+01 7.344579209712044587e+01 9.297680580507469017e+01 9.617842730128363371e+01 7.989119087889483239e+01 7.475699844922439752e+01 9.278369315029320319e+01 1.008516726686041380e+02 1.105690295278959354e+02 1.096154904479309522e+02 1.080691559125052663e+02
3.411803931810562102e-02 9.941487607924002212e-01 2.017507872994080742e+01 2.306200867003532196e+01 4.699019983131534239e+00 5.676209144575014243e+00 1.145378726284027415e+01 2.828902981503865988e+01 3.604142248813469962e+01 3.879227089711669407e+01 3.210757761396661891e+01 1.785729783677733806e+01 3.788202906599281761e+01 4.448542956697367856e+01 2.654472414511863221e+01 1.963031485059502046e+01 3.960659716856417134e+01 4.321262328570535516e+01 3.632134930841060338e+01 5.073612803892387291e+01 4.080077842262572574e+01 6.067207363759492722e+01 6.610144337048403429e+01 5.779403288664629912e+01 4.202789334870889348e+01 6.340854137333174378e+01 7.740002389304052599e+01 8.724444886872754523e+01 8.449735664697571735e+01 8.743713069013003292e+01 6.853602030692692892e+01 6.668584169038898324e+01 7.328629001374538632e+01 8.308444723687634337e+01 1.024829434722472712e+02 1.139727996733635109e+02 9.378699302454180042e+01
3.327314952832965272e-02 2.003327314763350842e+01 2.841075481183485252e+01 2.864810760292850844e+01 2.468697877692155274e+01 1.113861938565445975e+01 7.096193637071555038e+00 1.054723135476665519e+01 2.793051584355875860e+01 1.094190169307803551e+01 1.196997564243778633e+01 3.192767247300756495e+01 3.481588440389379713e+01 3.596575725847954175e+01 1.778814545088359012e+01 3.765507706101242746e+01 2.175400484755563113e+01 2.326286057135982688e+01 2.478458871890754978e+01 3.081178228973202238e+01 5.073642601374339733e+01 6.165388946563571437e+01 5.348712181417641887e+01 3.622737275396431755e+01 5.779403022349313090e+01 7.143185500928944975e+01 7.594490883473953602e+01 6.773335116327301364e+01 6.486230182418090351e+01 7.366656758716223408e+01 5.964879418965759328e+01 7.935536359533286088e+01 9.278369292374932797e+01 1.008516308821754848e+02 1.105689736974379827e+02 1.124522575328760752e+02 1.060889112584727769e+02
6.779948344387334846e-02 9.124753125567258039e+00 2.146111893998795850e+01 4.259301992071960541e+01 3.299969779517364543e+01 1.292062609917530303e+01 2.708556001030531135e+01 8.520410344981319994e+00 9.514000344121228636e+00 1.290610269895227979e+01 3.074043487221819504e+01 1.357893016475573944e+01 1.475591070524616555e+01 1.593855037238483696e+01 2.773401123583719396e+01 4.399082446059568952e+01 4.170892337410241169e+01 4.321262328815421228e+01 4.472870741928395688e+01 2.704274853334482032e+01 4.697889653290511092e+01 5.094691927295401257e+01 3.356677697927553083e+01 3.570718968061711962e+01 5.562236328342875424e+01 6.116081599306548355e+01 6.368485234265312300e+01 4.785237577183796986e+01 5.080073501941873104e+01 5.388502388643293983e+01 5.990448139887934076e+01 6.982925050292824665e+01 8.117080001507308396e+01 1.006100352956852504e+02 1.066434911054946326e+02 9.265634993391542196e+01 1.066436995004581405e+02
9.516927588586144779e-03 2.000951692757359979e+01 3.800726002522098668e+01 5.158971613943298706e+01 3.751828300291357010e+01 1.738233289895335432e+01 3.745848283679619328e+01 3.674597583936549938e+01 2.967518056063751075e+01 1.556993154180296912e+01 3.486705955709430071e+01 2.240695520318946521e+01 3.213917351293395797e+01 3.566964262266520791e+01 1.951829433216328269e+01 3.364183505089978610e+01 5.356455905001482165e+01 6.092697531404682110e+01 4.115555941981342158e+01 4.697867492635355546e+01 2.935092368952070530e+01 3.102126244235439145e+01 5.094691932508104770e+01 5.562236333210636019e+01 3.879041645176003783e+01 4.127059437218188975e+01 4.381117464036188380e+01 6.361892655505929639e+01 7.059586287772278013e+01 6.279933180116836411e+01 7.960239429594014382e+01 7.242899820762650620e+01 9.196141303342430717e+01 1.086993331933800278e+02 9.778007467330262159e+01 7.861472575655224659e+01 9.778007467330262159e+01
1.945935296826603253e-02 1.156646473676088327e+01 2.570860036049233699e+01 4.570860036996371178e+01 4.578383553659546124e+01 3.751828300291357010e+01 2.477989431260196085e+01 4.484503728754024365e+01 3.969986001303609413e+01 2.029109904369138917e+01 3.874299163922381695e+01 4.556315406017414915e+01 4.909884826627579457e+01 3.618933502796198809e+01 2.208426911688880878e+01 3.619734143852875263e+01 5.611507107416883144e+01 6.841009984245248177e+01 6.092697515901386396e+01 4.198082593067598367e+01 4.928016760273082042e+01 3.586460579512881708e+01 5.576599562237620233e+01 6.337884502414529209e+01 4.350428641718917788e+01 6.116081602047169952e+01 6.368485234265437356e+01 5.322973898222382161e+01 7.299746752280590556e+01 7.421289918043000000e+01 9.046074008410151635e+01 8.626846162905643212e+01 1.000402195557809506e+02 1.019979950559120425e+02 8.958184671605654614e+01 6.974729609821100951e+01 8.053244751193896889e+01
5.600688922766024203e-02 2.005600688922730512e+01 3.307337395989943474e+01 4.135764522850720226e+01 5.135764524155571564e+01 5.039045824949042185e+01 3.039615862714625649e+01 5.039045824949042185e+01 4.807390637300955660e+01 3.131478167692046455e+01 2.925116108608574095e+01 4.904312401277348954e+01 6.403443916378107303e+01 4.469669604678303187e+01 2.475323386822295646e+01 3.627790471928303617e+01 5.046311118733174084e+01 7.094811286636662828e+01 6.997879258822928250e+01 5.349088572107367412e+01 6.089684087531404799e+01 4.102498869520364622e+01 6.089684087531404799e+01 6.833823709947145630e+01 4.850403041561606443e+01 6.833823709946577196e+01 8.043341595327095206e+01 6.076397732958742637e+01 8.043341595392772092e+01 9.367564871125658499e+01 1.016700921920189131e+02 1.057054164353337313e+02 1.018144070526807070e+02 8.181531714982797610e+01 8.296783855801874097e+01 6.315389615647773525e+01 6.651685363772489268e+01
8.215197286175310309e-02 6.406707293198539155e+00 1.307337395986526474e+01 2.307337395986544237e+01 4.307337395993435081e+01 5.669896988099269208e+01 3.674970447978080301e+01 5.669896988099269208e+01 5.963599212044629638e+01 5.118542378233775025e+01 3.651666868156488732e+01 5.665451417056441841e+01 6.326205051212945563e+01 4.748944758632265462e+01 2.754520112030821011e+01 3.906943733838630095e+01 5.318201045875147059e+01 7.301649160485675338e+01 8.135380238822428112e+01 7.324640225221057221e+01 6.661956252292681313e+01 4.679675444417355834e+01 6.661956252292681313e+01 7.382486853121656623e+01 5.404672250346975204e+01 7.382486853121656623e+01 8.850209119325462837e+01 7.472726679763896129e+01 8.850209120508573335e+01 1.016033827727453200e+02 1.095679530637431469e+02 9.714195662379405860e+01 8.901404204804268261e+01 8.478694414553548597e+01 6.557215322493198073e+01 5.718409244691048343e+01 7.118871826246292756e+01
2.613274238814250472e-02 2.002613274238650121e+01 3.307337395986213835e+01 4.135764522850720226e+01 5.135764524233688633e+01 6.493455645916519359e+01 5.087269089010585077e+01 5.087269089010585077e+01 7.076485163896111885e+01 6.513343025377034223e+01 4.804182852742282250e+01 6.513343025377034223e+01 5.460965685926004909e+01 3.500028979691993669e+01 3.081974225516022514e+01 5.076909917787984483e+01 6.388263656890114106e+01 7.790232518681266072e+01 8.269666451849919042e+01 9.062727812697274032e+01 7.320109134577339205e+01 5.345651926556875821e+01 7.320109134577339205e+01 8.193859346630900120e+01 6.295563736814083455e+01 6.808237946180157962e+01 8.772670035338138916e+01 9.421869305243509984e+01 9.826040179651523943e+01 8.187022475844914027e+01 9.826040283337432868e+01 8.901969529063644870e+01 6.932286179980272323e+01 7.486587835970696858e+01 7.286104852966333567e+01 5.304250406899389958e+01 6.705891118102444182e+01
7.532853315450405152e-02 2.007532853145963259e+01 3.188452435429879017e+01 4.016873526443276177e+01 5.016858909812005862e+01 6.431072383629178546e+01 7.076485163896111885e+01 7.076485163896111885e+01 7.899642202822427350e+01 7.692489122232451848e+01 6.841966155390537097e+01 6.813914644886608585e+01 4.674714510752020402e+01 5.460965685926004909e+01 4.494265272183427840e+01 3.573047574547505434e+01 4.986294795098962140e+01 6.901111919641033410e+01 6.334238071552938010e+01 8.269666451849919042e+01 8.126420772367188761e+01 6.340559560604270928e+01 8.126420772367188761e+01 9.071774169868248805e+01 7.436393326586258468e+01 8.772670035338138916e+01 9.586647182651429944e+01 8.782971283250084582e+01 7.964723244414297199e+01 7.040125841912484361e+01 9.021043868123004472e+01 8.637719174208662309e+01 7.507579956036282454e+01 5.531893557215270363e+01 6.454399661834838753e+01 4.952336039643084575e+01 6.935489668400047947e+01
6.101047412966256744e-02 4.662746568445961692e+00 1.190204883586852880e+01 2.188473127142241026e+01 3.602645435994836021e+01 5.105343998998967692e+01 5.933771140097765340e+01 7.088471694596103134e+01 7.253859245675539569e+01 7.253859236029911983e+01 7.473014524147622240e+01 7.662288964495296284e+01 6.200153245698415105e+01 7.302152423760956879e+01 5.568043570811149579e+01 4.467807211526536548e+01 4.176219038449133336e+01 4.932840801346207371e+01 6.901111919603879130e+01 8.727193739452702914e+01 9.103105142317076570e+01 8.299662231121263289e+01 9.103238113472886539e+01 1.020002005875730475e+02 9.389388298627375207e+01 9.855828145423315334e+01 8.970826492864757995e+01 7.959710418471745186e+01 5.979082688780233212e+01 7.114788355018760058e+01 7.936235443818610236e+01 7.820236191634194256e+01 5.835639283119748200e+01 6.198426092222219097e+01 4.468722004707488082e+01 4.696215869975430479e+01 6.680480444028432885e+01
6.842009524227352091e-02 4.471453826116025709e+00 1.154906179224509799e+01 1.763451442861824958e+01 2.398150154212531149e+01 3.105342132106461150e+01 4.260044530369771820e+01 6.260044546952031652e+01 5.251220205513764228e+01 5.251220205510276173e+01 5.470268933946859136e+01 7.473014524147622240e+01 8.295665738867815264e+01 8.368450095870683469e+01 7.276427302788752627e+01 5.620940838015255991e+01 5.071120179663120098e+01 5.118779862558256610e+01 6.007457507382142126e+01 7.381754592543366300e+01 9.280433084605402883e+01 9.122236079055267055e+01 9.948117839256011052e+01 9.902045660632752799e+01 1.044098900830384480e+02 8.462250442333987621e+01 7.057207190325257784e+01 6.169510994689612460e+01 5.506951871389917130e+01 5.131088380875759469e+01 7.118096160083891277e+01 6.773160998233939267e+01 5.951206380073316637e+01 4.210604962793565420e+01 6.200016337034534075e+01 6.680480414025186064e+01 5.023757642458594574e+01
1.934550753332892059e-02 2.001934550753297515e+01 3.187738828217374376e+01 3.765753702526816227e+01 4.398236557764102628e+01 5.105343998998967692e+01 5.933771132036110174e+01 5.511583640126030303e+01 3.836082587736791538e+01 3.836082587736788696e+01 5.717354240954333733e+01 6.321002455656353902e+01 7.029036343951462129e+01 7.858986330968957645e+01 8.418544018699270737e+01 7.601807225102952259e+01 6.067501922992591545e+01 7.121542032794179988e+01 7.089565371545927519e+01 8.726781698455893377e+01 8.797659897312126986e+01 7.130237662492839945e+01 8.797720229175078543e+01 7.909494055869441809e+01 9.318567807819698601e+01 9.855828145423315334e+01 8.970826492864757995e+01 8.154268393153641625e+01 6.604956638816152292e+01 4.615782479471400279e+01 6.063636202880316972e+01 5.705877969894159918e+01 3.959168596891890957e+01 5.951206380073317348e+01 7.021487076928697491e+01 7.742528585425701237e+01 5.816189123655595949e+01
4.364784840791047227e-02 1.004364784840799807e+01 2.418578347213941626e+01 4.418578347402743134e+01 5.206469447308063536e+01 6.035812700660476793e+01 4.966869682636243510e+01 4.137514431256084890e+01 2.681166749140520267e+01 3.181182892118036420e+01 3.715756556769610341e+01 4.318927822354972079e+01 5.026414089058059886e+01 6.182350196491477590e+01 8.185631130414175516e+01 8.841123327348672944e+01 8.032565768507274129e+01 8.841123327348672944e+01 9.048279104311885135e+01 8.967622261576217113e+01 7.972157466457630903e+01 5.982042825509703476e+01 7.841308513204241137e+01 6.502150456229269082e+01 8.322813903839178806e+01 9.915499791551739861e+01 8.765360710228922869e+01 7.939641871098869785e+01 7.187753621688715100e+01 6.063636202880316972e+01 4.071421559242167376e+01 3.711039581293703549e+01 5.486386207359357314e+01 6.049762790078568031e+01 7.065608557584604910e+01 8.336882031300334006e+01 6.864953271555388881e+01
5.219006137575642884e-02 2.005219006137540205e+01 3.832791917459194764e+01 3.572603760989579769e+01 3.205400821492396091e+01 4.458578940892641640e+01 3.629340265811511301e+01 2.136830740702820819e+01 4.137514431430356154e+01 5.182404757839346843e+01 5.717354241024619199e+01 6.321002455656353902e+01 7.029036343951462129e+01 7.858986330968957645e+01 9.015694160620900277e+01 9.818270706160147654e+01 9.007722652246773976e+01 9.261971454783490287e+01 1.007232241968133479e+02 8.141859128820888714e+01 6.151324271576570624e+01 5.230514114918249646e+01 5.851146478168709564e+01 5.507863349731962899e+01 7.497624682634867099e+01 9.089010129861848952e+01 7.098245909077412819e+01 5.950562166395905450e+01 5.198262419350049868e+01 6.249839746596425982e+01 6.063034131424832651e+01 5.484115715259511603e+01 3.488737289506856598e+01 4.226425496252213776e+01 5.356659001494955419e+01 7.609214488746708582e+01 8.415798406638288043e+01
