LEM/with_lateral_4open/elevation_000394.asc
nrows	100
cellsize	150.0
xllcorner	0
ncols	100
yllcorner	0
NODATA_value	-9999
[rows 17 to 33 of 100, columns 37 to 73 of 100]
3.173320380688099718e+01 4.275621407040299715e+01 3.991449466663856072e+01 2.802984300949253793e+01 1.426579707013731380e+01 3.329699308807685298e+01 4.070959687676932504e+01 5.179893915994066589e+01 4.588937135538743206e+01 3.251929951155148046e+01 2.164032786929371355e+01 2.392347038331023867e+01 2.673759733344678580e+01 4.646719968014192403e+01 5.651730564076689944e+01 4.749200283315011006e+01 5.717048311862731680e+01 7.084681760918638815e+01 9.046280322291092091e+01 8.403886649655264307e+01 9.232273563124539351e+01 9.715040536491899559e+01 7.973646597685771553e+01 5.925987917347659817e+01 4.476332982455741671e+01 3.935424717607042311e+01 3.428630170900162710e+01 3.189006847906109243e+01 4.853469555286041981e+01 4.918333274459241977e+01 2.921632916008393011e+01 4.918334596428898209e+01 6.223781333621114698e+01 6.202092982047328462e+01 5.372977898428639776e+01 3.962303476537597646e+01 5.962930675419718796e+01
4.275621407040123501e+01 2.311178563688513421e+01 2.032739192383838400e+01 1.768130380104653199e+01 1.502563444586077246e+01 3.507781978366324438e+01 4.408654704813971392e+01 5.655031700995191102e+01 5.863148341766978433e+01 4.127084982650986689e+01 3.582392788506310666e+01 3.551564786539324103e+01 4.646719968014192403e+01 3.073865871296387908e+01 3.701782190857242227e+01 5.651730564076689944e+01 6.348886835113157190e+01 7.159535962478159377e+01 7.926312837382324972e+01 8.745431494116924398e+01 9.882696407496683833e+01 9.624238494061135896e+01 7.602684533793168953e+01 6.150622669511935925e+01 5.812217161815399891e+01 3.848239295397949178e+01 5.422601943166606731e+01 4.599407824778901954e+01 6.008317518904229360e+01 5.672206163965319803e+01 3.677649475950877900e+01 3.400647991654043523e+01 4.810028495741197929e+01 6.807586745239218828e+01 6.399446939887070585e+01 4.399078115886047868e+01 6.399446939887070585e+01
2.771133152285922208e+01 4.275621266600941794e+01 2.816063660740375951e+01 3.728634674775832281e+01 3.504736877198535439e+01 1.613486282112133452e+01 2.994904262897610536e+01 4.496390398645620223e+01 5.539912756115889891e+01 6.009817828776556325e+01 5.541510775878029449e+01 4.937530439837975393e+01 5.679308105923599470e+01 3.735495669457980483e+01 3.578819377914374655e+01 3.992006077363372185e+01 4.412819881044891446e+01 6.348886835112458726e+01 5.985160534835622315e+01 7.096977667267863410e+01 9.059205748010566595e+01 9.395364723321507938e+01 8.410536302378935147e+01 7.581851005202827309e+01 6.111506003877192228e+01 4.148937821047466201e+01 6.111506003877192228e+01 6.596274825583954282e+01 7.085535054800575949e+01 5.086786169287635317e+01 5.672206163965319803e+01 3.759712647130982077e+01 5.167643218477594047e+01 7.166612158517992270e+01 6.976902657385652162e+01 4.976537373728294256e+01 5.553921057134771644e+01
4.170643205258473785e+01 5.586623543744939013e+01 3.795212502322981152e+01 5.621702396620070630e+01 4.443842512823851365e+01 3.616320675351610703e+01 1.723784462324007904e+01 2.724690511393008663e+01 4.138265999899129355e+01 6.122103431609136948e+01 7.214511159542685448e+01 6.883478212231823079e+01 6.408530916733427318e+01 4.478920308191835886e+01 4.962344772671621485e+01 4.817804670287154067e+01 6.348886835113157190e+01 5.080155957565823854e+01 7.011244866418265076e+01 7.565100196290890722e+01 9.533524778880118333e+01 8.563458372907572880e+01 6.609849304306565898e+01 5.641214669012867944e+01 4.909126401512494198e+01 4.523014702694069200e+01 6.490921782476331714e+01 7.916590463634281605e+01 7.915641659523963369e+01 7.085535054800575949e+01 6.129890790641034215e+01 4.136247726745470743e+01 5.543837376328124833e+01 7.544748891750305120e+01 7.609514880648058011e+01 5.609019379475905254e+01 7.554456775283986758e+01
6.173784431556467922e+01 6.627582835529148042e+01 5.795480235729073826e+01 6.625826030257942989e+01 5.226268890720236726e+01 3.216841509492121531e+01 1.801664114138796435e+01 3.190258470534931234e+01 4.590607987163429726e+01 5.543109581080112491e+01 5.167561788477962637e+01 7.214511159542685448e+01 7.214811846265216388e+01 5.447200118722701490e+01 6.902971009597440855e+01 5.935564797909906076e+01 7.570540015467868500e+01 6.440284103920637904e+01 6.440284103920639325e+01 8.389666082824130910e+01 1.035779402876450348e+02 9.395364723321507938e+01 8.228208272584357985e+01 6.278005317449525080e+01 6.849206538318469484e+01 5.134197597639459332e+01 5.229989951656192915e+01 5.550178410553777297e+01 8.388149932773110606e+01 6.777960425263545119e+01 4.780475659980530168e+01 6.129890790641034215e+01 5.543837376328124833e+01 7.544748891750305120e+01 8.316866800400043758e+01 6.316173443832231982e+01 8.316866800400043758e+01
7.816638578979296881e+01 7.004651831989819755e+01 6.323586303342488435e+01 5.745166165269359482e+01 5.232310544652027318e+01 3.880893439908029308e+01 1.879416869710000526e+01 3.880198921526138633e+01 2.797576141629216195e+01 3.414193752404140980e+01 4.390052641646704501e+01 5.622003003196547866e+01 7.635557635505908536e+01 6.804318880807066705e+01 8.181563669957103002e+01 7.880362126434567926e+01 8.698506066044316754e+01 8.389666082826089166e+01 8.389666082824770399e+01 9.210398251912526746e+01 1.068141496517593652e+02 9.857441641756325623e+01 9.056588979580176613e+01 8.228208272584357985e+01 7.783808588326535016e+01 5.785946624662472004e+01 7.216173454307494239e+01 6.068812702353616828e+01 8.103352986958756787e+01 7.381587657825237159e+01 5.379582614177524391e+01 5.931129757029419380e+01 7.544748891750305120e+01 8.375199495263208860e+01 9.147035720940044712e+01 7.470982185084328364e+01 9.147035720940044712e+01
6.181646954709739816e+01 5.078307617034088395e+01 4.405430385067425192e+01 3.827045392817007752e+01 3.307732433846089748e+01 3.984045990630825429e+01 2.009680534548708408e+01 2.016079038486143205e+01 4.350620433795047148e+01 5.543183914922794742e+01 6.372486288251109698e+01 7.286247979525512619e+01 8.434407174590556622e+01 8.740792054350679052e+01 8.148295694305480197e+01 8.217306958993889054e+01 7.591153346067723362e+01 7.591153346079674691e+01 8.476754360016022360e+01 1.005081797276664872e+02 9.227089838764150898e+01 7.872194440965648710e+01 9.534555488809812118e+01 9.420333690839862584e+01 7.416007964633070060e+01 6.936503374555840651e+01 8.614193234526990750e+01 6.796654434901657282e+01 8.818657256524208776e+01 8.050070720403533642e+01 6.044621532668632113e+01 7.934752630775120963e+01 7.347595394722061712e+01 9.352275593299923173e+01 1.030334161699799580e+02 9.472366673591744757e+01 9.033143710071185239e+01
7.816638578979296881e+01 7.004651831989819755e+01 6.323586303342488435e+01 5.745240533313580045e+01 4.555968944026842138e+01 2.611183841926686355e+01 2.140406343040460158e+01 2.114486220444629438e+01 4.315815522405667792e+01 5.747985203826176104e+01 6.577951164961775987e+01 6.957737560819276723e+01 7.514959838288999094e+01 7.509897091555990301e+01 6.027157967642590819e+01 6.121108786861985607e+01 5.512196393158907171e+01 5.512196393158907171e+01 7.591153346072401575e+01 9.227089838763360774e+01 7.236310351720730694e+01 6.716993521230713782e+01 8.643564162221596803e+01 9.639423979725862068e+01 9.420333690839862584e+01 8.354485037303851414e+01 9.649439740028491030e+01 7.814948472051571571e+01 9.649439740028491030e+01 8.880613851043572993e+01 7.202526072962272963e+01 7.682202062419089827e+01 9.352275593299923173e+01 1.018300736393131274e+02 1.077353171811011094e+02 8.772530857090605139e+01 7.358715750901446029e+01
7.111936713676236366e+01 6.299678901507844131e+01 6.698209233212750746e+01 5.308996824143358850e+01 4.300023426689200789e+01 2.334212698251563367e+01 4.109803546298007149e+01 2.213208346034882723e+01 4.201926888404234006e+01 3.759614710250217229e+01 5.747753939852539418e+01 4.985639214972355404e+01 5.560681883797371228e+01 6.489189882656283714e+01 4.624100824681032407e+01 6.104809581825460185e+01 4.100657080826506018e+01 6.119919426398345053e+01 7.450346512245207009e+01 7.912267271049697115e+01 7.088291444352044834e+01 5.817183430399090582e+01 6.822707067987954588e+01 8.234837008750457699e+01 1.021934266878917157e+02 1.035782263647908934e+02 1.065275633009034095e+02 9.822366040996851666e+01 1.065275633009034095e+02 1.003832316663984159e+02 9.207838239649827017e+01 9.686898540796742907e+01 1.051767479849935398e+02 1.059148577566583498e+02 1.021959003206561079e+02 8.219134071967586408e+01 6.805479750207467760e+01
5.308127720494491797e+01 4.335307333347846992e+01 5.249542709131096530e+01 3.917515358395398550e+01 2.530701758239895938e+01 3.249369937950307019e+01 4.924282814903056504e+01 3.629389398460287453e+01 2.353883996274127099e+01 4.341559192098868181e+01 4.583837198199332619e+01 3.588462248383326880e+01 4.825473671679548460e+01 4.898929699610417998e+01 3.757681946480067836e+01 5.187165782154866633e+01 3.519015595747956127e+01 5.495999460572517847e+01 5.450786284085454270e+01 6.453682090023433204e+01 5.081889142466497589e+01 6.503476360729624162e+01 8.500159950719177004e+01 9.160615005110055620e+01 9.983316603996742344e+01 1.012086185132904887e+02 1.094424724788042909e+02 1.168598450150133488e+02 1.085796800054004621e+02 1.083571292430127073e+02 1.000817811504436179e+02 9.789996680251863381e+01 9.365158053299700214e+01 8.609102837286002341e+01 1.001469238118034752e+02 9.634467511074511492e+01 8.634269296273103578e+01
6.642695167910173382e+01 4.672553747430483639e+01 3.298606946478422941e+01 2.729469479456847836e+01 4.491607124417123487e+01 5.071787528786972388e+01 5.675822637302667317e+01 4.081599018442340565e+01 3.260985392148196382e+01 2.497049944066645821e+01 2.599184471778866978e+01 2.701739876036503318e+01 2.807126426114920292e+01 2.912749582897948386e+01 3.018531926159417367e+01 3.225524010918647377e+01 5.140856582470723168e+01 3.831047601358634580e+01 4.052502167317101112e+01 4.453878760141042648e+01 6.453796895717233895e+01 7.156936981359854144e+01 7.574874957976925316e+01 7.170076453255673243e+01 8.717729407365141014e+01 8.136532919269589570e+01 1.012086185132904887e+02 1.085796800054004621e+02 8.863421346324898309e+01 9.447610535951577049e+01 8.015255899982759047e+01 7.797323394625630044e+01 7.373209420788894874e+01 7.208855778691257399e+01 9.040474228106393184e+01 1.020812138543911658e+02 1.036992598023238941e+02
6.986704885516084573e+01 6.059110456027725178e+01 4.827466481456090719e+01 2.874454373777770400e+01 4.252908572132577092e+01 6.212197271210943228e+01 6.584492707120986665e+01 5.026983833767524601e+01 5.113224896135988473e+01 3.386358197761103384e+01 4.583837199349562752e+01 3.215846116045634062e+01 4.366478500616418756e+01 4.889816682833718886e+01 5.004294384264652251e+01 3.193918748933970164e+01 5.178985093058590650e+01 5.806109259246179732e+01 6.036777611456516013e+01 4.449480698748717344e+01 4.748434887421312567e+01 5.149077686421681221e+01 5.570514834927248415e+01 6.011073221147515966e+01 6.722015177554770560e+01 8.136371857417151432e+01 1.012033687899609617e+02 1.085796800054004621e+02 8.863421346324898309e+01 7.455100957515635685e+01 6.904181926665650337e+01 6.390696474173191177e+01 5.965763973680861909e+01 6.215306955888853935e+01 7.392704700788050332e+01 9.087026060497694857e+01 8.370155661235286004e+01
5.018826387406720357e+01 5.402537155713472572e+01 4.932887193434936535e+01 3.020480208665543032e+01 4.972397525306327282e+01 5.962008593822894653e+01 6.793072301601100094e+01 6.963829296886072484e+01 6.198140384630963950e+01 4.528572517532180797e+01 5.733517511753486673e+01 3.745189547572176991e+01 5.637882172255706337e+01 5.940865515987655243e+01 5.303529281520532379e+01 3.317946896284569647e+01 5.022936398236546296e+01 7.214687119783928893e+01 7.275920377884297352e+01 5.863237503708754872e+01 6.169770659655200262e+01 5.482470220653769388e+01 7.487497608024673923e+01 8.011377036364591220e+01 7.000672806360576317e+01 8.340582989404592240e+01 1.025820411784408037e+02 1.085796800054004621e+02 8.863421346324898309e+01 9.447610535951577049e+01 8.894987808882045499e+01 8.380963528157943188e+01 6.810785397301195587e+01 5.401044683355498677e+01 6.342457372300516028e+01 7.758977703182864616e+01 8.306532080076826219e+01
3.651486255028528660e+01 3.464746232489397926e+01 3.280632231815609856e+01 4.972425541857488440e+01 3.360191468072432031e+01 4.003946626956779653e+01 5.379214542340884009e+01 7.369190727394018836e+01 7.349971831118492105e+01 6.519685456255358247e+01 4.810095174524332862e+01 4.895451258313263310e+01 6.551928434978928806e+01 6.296670428204328118e+01 3.495242434972789880e+01 4.367544303031279185e+01 4.682986653583201786e+01 5.929546031502373182e+01 7.876870883646020616e+01 7.864218030413942984e+01 8.169115216138976621e+01 6.489370717385831711e+01 6.432024521237497083e+01 8.428774641701400583e+01 8.902241214177919915e+01 8.340582989404592240e+01 1.025820411784408037e+02 1.168598450150133488e+02 1.085796800054004621e+02 1.014043364762979564e+02 9.310172770302833101e+01 9.638092038971612396e+01 8.224561025918799828e+01 6.931328563783431207e+01 4.936253200867078306e+01 6.501059556808844775e+01 7.328528374885770802e+01
5.595208087461815438e+01 4.578104552318572473e+01 5.244992100036697025e+01 5.567761607559350523e+01 3.617845930644260477e+01 5.567762366820456066e+01 5.379214542340884009e+01 7.369190727394018836e+01 8.186801360715716669e+01 6.216958970161698517e+01 6.216958970161698517e+01 6.878337304007274611e+01 7.694728640991625923e+01 6.499898531716749517e+01 5.509928659935985706e+01 3.673302587121941087e+01 5.589981341369880852e+01 6.691469093062397633e+01 7.787569011138305086e+01 8.626926330613844129e+01 9.308806377138317600e+01 7.903912740466209641e+01 7.846992408543232500e+01 7.698550614904047507e+01 9.104611465658410907e+01 1.025820411784408037e+02 1.109396471258308026e+02 1.108799618043163662e+02 1.025676860846733121e+02 9.310174651237485932e+01 7.313588240779711214e+01 7.898374602910737963e+01 8.726803731237636441e+01 7.758962501901235953e+01 6.501059556808847617e+01 4.505406313700142107e+01 6.093698550946645298e+01
6.699864567538222104e+01 5.950328801408585377e+01 7.173266374458604844e+01 5.833790911812918978e+01 3.880032069885504598e+01 5.833790911812918978e+01 7.369190727394018836e+01 8.206930060861333232e+01 9.003661530782433431e+01 8.186801360715716669e+01 8.186801360715716669e+01 8.294527604387675979e+01 6.888608403581361017e+01 5.824466086328672532e+01 3.903176054756477953e+01 5.596057712211927537e+01 3.947743451034492779e+01 5.870761633185242800e+01 5.785219756426903359e+01 7.146499165003626786e+01 9.172981776881576366e+01 9.890000914695383472e+01 9.833321199339579266e+01 9.685314368519475181e+01 1.050870499269260421e+02 1.191279851972679324e+02 1.152650571669147297e+02 1.025676860846733121e+02 8.256911536089384640e+01 8.842655444294862832e+01 7.898375097115462040e+01 5.904624228234055749e+01 6.901497301579424004e+01 6.600713596527211280e+01 7.328523122752922347e+01 6.093698550946645298e+01 4.098480075884071283e+01
7.226044160687762030e+01 7.897356495485099970e+01 6.353546012371040064e+01 4.383148766914494843e+01 4.288197367691601158e+01 6.252185159711874718e+01 8.238794848406443805e+01 9.246102354265714496e+01 9.446607418667376521e+01 8.273937160009086256e+01 7.432825031642387614e+01 6.826918443979700157e+01 5.474006966929137263e+01 4.131594364220043047e+01 5.243866424586757802e+01 6.653970864086045367e+01 5.870761633185242800e+01 4.220075686328294751e+01 5.158816216682897959e+01 7.146499165003626786e+01 8.444855724857283974e+01 8.445837214157002393e+01 9.286492912873359273e+01 1.026741130764736454e+02 1.026741130764736454e+02 1.110121447073171055e+02 1.069482644833825020e+02 8.693301860118003788e+01 8.842656111185002032e+01 6.848186011738880552e+01 7.776562883805056003e+01 6.901498150449009472e+01 4.906332453016549522e+01 4.605161053714217445e+01 6.184615005277926514e+01 5.910530748117030697e+01 5.643964318197593855e+01
