LEM/with_lateral_4open/elevation_000572.asc
nrows	100
cellsize	150.0
xllcorner	0
ncols	100
yllcorner	0
NODATA_value	-9999
[rows 68 to 84 of 100, columns 37 to 73 of 100]
6.994942619115931848e+01 5.838806999761033012e+01 7.153522246528338258e+01 7.963831362479049858e+01 8.284865562470602640e+01 6.373204338224672227e+01 5.032174574945729972e+01 5.881347878830649023e+01 7.220428753758005769e+01 9.161837905554001793e+01 9.175966819678612296e+01 7.199211323349142333e+01 6.048750700011986936e+01 4.070828182045016774e+01 5.678250866154034071e+01 4.239631157454378751e+01 4.983477388674194941e+01 5.895196743134198414e+01 7.198604897956995785e+01 9.257205991310510740e+01 8.675684480059523196e+01 6.752859151168068763e+01 5.387857324992173602e+01 7.316041650963116183e+01 7.448956345156076964e+01 5.482894009749263375e+01 6.595517190280844488e+01 8.569998836742800563e+01 7.799626402215511689e+01 9.462838484594686861e+01 1.063970245648420132e+02 9.817303093486935950e+01 9.704004034427597958e+01 8.725248533608383639e+01 7.455890589445438366e+01 5.532073517702430365e+01 7.032024579815072229e+01
8.556986830403978672e+01 7.153522246528338258e+01 5.264618582664340352e+01 7.153522246528338258e+01 7.364788778083342891e+01 6.646242573694679834e+01 4.733578070317729924e+01 6.083883812147174552e+01 7.989812508595484530e+01 8.836621691286050861e+01 7.726739369424032589e+01 6.927228780158068844e+01 6.867908198914545892e+01 5.678251536892189222e+01 3.696797780171624481e+01 5.678251536891409046e+01 6.915355634264136597e+01 7.676096694481884697e+01 8.511480223058637762e+01 9.078355622779777434e+01 7.281032531041137190e+01 6.906973273332789631e+01 4.969618850125755927e+01 6.906973273332789631e+01 6.960304405598397182e+01 4.991779956960080966e+01 6.960070030350259174e+01 7.496514192085211903e+01 6.661510851095151509e+01 8.637149968122504617e+01 1.005902820824121022e+02 1.027667498382657243e+02 8.306107512587720976e+01 6.935666728078231813e+01 5.979831153053024195e+01 7.455890593778389075e+01 8.268584568270347290e+01
7.497388160023933779e+01 6.783077760322984773e+01 4.888201591596161677e+01 6.276650802198788881e+01 5.454661083461143534e+01 5.986475497921813371e+01 4.445532159835367025e+01 5.805958445925288913e+01 7.727939432899388805e+01 8.032688187623105591e+01 6.117976328188663615e+01 5.000597378409187854e+01 5.829786636715399339e+01 5.182653265421823363e+01 3.483209488062245640e+01 5.466561403065814773e+01 6.091938400020035260e+01 7.485432989379827973e+01 9.460064846653777693e+01 8.680577284381628544e+01 6.782494547905332638e+01 5.429322368690061040e+01 4.574702256081693008e+01 6.521182200161617004e+01 6.098318256836722639e+01 4.570623933268495875e+01 5.036025760997741685e+01 5.527205476510104631e+01 6.268746259639285512e+01 7.253403623455284333e+01 9.231670277181044071e+01 1.013085030001365112e+02 8.162144316859236426e+01 6.793896005393165183e+01 7.909470045103775249e+01 6.606890407660455367e+01 6.936948293008195776e+01
5.606308727555243365e+01 5.186773869504768442e+01 4.775609693812603496e+01 4.365384433868646141e+01 4.092325589366224392e+01 4.052387775217081156e+01 5.986475497921814792e+01 7.169915454742654504e+01 7.303493397401946652e+01 7.171106750608079494e+01 6.760069812084587682e+01 5.829786884976092409e+01 3.863206990816120623e+01 3.196534064674748521e+01 5.180969702051411474e+01 4.478923227976599009e+01 5.620717981570793853e+01 7.591763351454599729e+01 8.429020769322423234e+01 7.611718632460760148e+01 7.519218900530117367e+01 5.580139559287618312e+01 4.192957613377463844e+01 5.688124112472163318e+01 4.132422719830761793e+01 5.460014032410279583e+01 6.945412925039832430e+01 7.496514192085211903e+01 8.242536950318165623e+01 9.067090123558304526e+01 1.005902820824121022e+02 1.071320963986760262e+02 8.738764949162637663e+01 7.578487568344135639e+01 9.375208410656100000e+01 7.471631261030744042e+01 7.464674016444190841e+01
6.928040475051490432e+01 7.073523532329632246e+01 5.980964424376966093e+01 4.638960705522764982e+01 5.723279495788032989e+01 3.780767818148392223e+01 5.490278722259692046e+01 5.497599766574506930e+01 5.345591612345104693e+01 4.905269130458159310e+01 4.319572781224009361e+01 5.672256025152361758e+01 4.993038011331918824e+01 3.005000265685341887e+01 4.004014231420728720e+01 5.981089472906066362e+01 7.271740744043782456e+01 8.410777960894216676e+01 7.294697569483119537e+01 5.650507726315048984e+01 7.294697569483119537e+01 6.161301810620909691e+01 5.346337818689536192e+01 3.717405286949676935e+01 5.108580457360361038e+01 6.839944478092932911e+01 8.011561136369726910e+01 8.203609822381619665e+01 9.022139487699436700e+01 9.902527670418604089e+01 1.104376034731600384e+02 1.115700882920526453e+02 9.175652222149876991e+01 8.959434262421085293e+01 1.025556581557751912e+02 8.597217102333347327e+01 8.439564894553316776e+01
8.871915000617798341e+01 8.698486815188356047e+01 6.936480453451937933e+01 5.043627118146838484e+01 6.517958515559821819e+01 5.490278722259692046e+01 3.540614497546498995e+01 3.373405951860902263e+01 4.933279527371595918e+01 4.774698131321042638e+01 2.778692416628025441e+01 4.495365528220959561e+01 4.552258730528198782e+01 2.818544380735772492e+01 4.808283442089619797e+01 5.980689222169496588e+01 7.947812684511261239e+01 8.028254558245851058e+01 6.479412987859898010e+01 4.513875276175853912e+01 5.428788888159134274e+01 5.093701607497668249e+01 3.413212822696363702e+01 5.387381530612219649e+01 6.504645647968847300e+01 7.828581515448749428e+01 7.224383926702124370e+01 6.245158031022625522e+01 7.118495787929531105e+01 8.248322611126842219e+01 1.021960721212208227e+02 1.063297380510610424e+02 1.115700882920526453e+02 1.093900782125510034e+02 1.139965719083619291e+02 1.057337371404779134e+02 9.578988249221801254e+01
9.638560607612870967e+01 8.718263519698099628e+01 6.781716557153809788e+01 5.457598067738804559e+01 7.348733140399262709e+01 6.292406797977058375e+01 5.447345728478832427e+01 3.716872586329371586e+01 3.139953915358010406e+01 2.982593225838426321e+01 4.327684342020302921e+01 2.578611998930927740e+01 2.560621622228946492e+01 4.551848476498327756e+01 4.445410122310844514e+01 5.843993116876031024e+01 7.812300912727337732e+01 6.637204742511764266e+01 5.246154926777695238e+01 5.428788888159134274e+01 3.453531988519938523e+01 3.115310582951643426e+01 5.093701607497668249e+01 5.723073927345990342e+01 6.055716386710369648e+01 6.456458163103779668e+01 5.266549699912809501e+01 6.396281976568627670e+01 7.779208788816710296e+01 9.747104942323444732e+01 1.005541340180656533e+02 8.647593853740255554e+01 9.703720292047047735e+01 1.010456120547407721e+02 1.098084585254088381e+02 1.239478216373745170e+02 1.156662581618601138e+02
7.833772419711263524e+01 6.873210245221802950e+01 6.111936547015545074e+01 7.348918030396826850e+01 6.998735686706649517e+01 5.230827750822929545e+01 4.579657279558526994e+01 5.566554898436831422e+01 5.102292037107447698e+01 3.349092926552038563e+01 5.205603814037724675e+01 4.373205870491788261e+01 2.380991262803082265e+01 4.218322665413736416e+01 5.035601616414453474e+01 6.001346226550418805e+01 6.746710661584633328e+01 5.821727802945200381e+01 3.848857440139627073e+01 4.573975028003527399e+01 2.821547596698369276e+01 3.123520983337276036e+01 3.431845498859720323e+01 3.751209590161438712e+01 4.087777057864218477e+01 4.493232421543095256e+01 5.151132354399002367e+01 6.130158779734446028e+01 7.257985342027052411e+01 9.222018328772831808e+01 9.139357692022583990e+01 7.263369082678585187e+01 7.439755764973234875e+01 8.284340501719525207e+01 9.807470201891192119e+01 1.121333622667307424e+02 1.019514862512949520e+02
9.000891924453478055e+01 7.049476688472118724e+01 8.025184306462794837e+01 8.149312293302550358e+01 6.329896125299551812e+01 6.994726830025915376e+01 6.369238965620534998e+01 5.831865087172644735e+01 3.892796707879202955e+01 5.305044268038632538e+01 6.107254243810352534e+01 5.021307633276661875e+01 3.042807093757081560e+01 2.226408985028100318e+01 4.203170624642084618e+01 4.211995658453484026e+01 6.001283840352484589e+01 5.165214071561835141e+01 4.350754901434281408e+01 2.587604636190748408e+01 3.996374060802063610e+01 5.102500145692451383e+01 4.831973716462291435e+01 5.148367731812366088e+01 6.055716386710369648e+01 5.075659351805386876e+01 7.035773421614682377e+01 6.534972109784257555e+01 8.495239267890021040e+01 1.004343832015382532e+02 8.306469776141648254e+01 6.269484234699004332e+01 7.906999754509033096e+01 7.036340314751643632e+01 8.401604177109307159e+01 9.779925467202018297e+01 8.778288980175967993e+01
9.819691591013337018e+01 8.013812974034858883e+01 9.819691591013337018e+01 8.993129136746193808e+01 7.582612931903250342e+01 8.650086336348766736e+01 7.613014142325438627e+01 6.216519239894641657e+01 4.290161131311833742e+01 6.216519239894641657e+01 6.408344449426704159e+01 4.446778172177030797e+01 4.177945222455051777e+01 2.120001232037900607e+01 2.857280144671723221e+01 4.633846483591577936e+01 4.945793205062423681e+01 4.129580632577693677e+01 2.359225341774057227e+01 3.772273307664069364e+01 5.386952171622479568e+01 6.784051270302295222e+01 6.796338883096484551e+01 7.110537418983105340e+01 7.851483313519806018e+01 6.056309217261910050e+01 7.851483313519806018e+01 8.495239267890021040e+01 9.314576211207095469e+01 8.935139385883843488e+01 7.642987110050492561e+01 5.617795010676007195e+01 5.940905467688971697e+01 7.234690617448329419e+01 9.230144246133798447e+01 8.949479036794723186e+01 6.946869658162040650e+01
1.080735940261898946e+02 9.987970874872097227e+01 1.080735940261898946e+02 1.036404973462757795e+02 9.352566957898409328e+01 7.912297913133514271e+01 6.013339262804373675e+01 4.909686624725845405e+01 6.216519239894641657e+01 6.966308127636202130e+01 7.221199383242172587e+01 6.408344448486835176e+01 4.933277603701149872e+01 3.684029935691408042e+01 1.972122466821654641e+01 3.957890468498531789e+01 3.913429085451107881e+01 2.134089022752994325e+01 4.131077500532024516e+01 5.166008223566647217e+01 6.551412342374175068e+01 6.993635426311519154e+01 7.810687193524236704e+01 8.585849808083720802e+01 8.833296628342007750e+01 8.015237625967444046e+01 8.833296628342007750e+01 8.804096681568327654e+01 8.585146281206895935e+01 8.105508883819032917e+01 6.106458271846406660e+01 5.032780520226735632e+01 5.252441559790963765e+01 6.650886734847799175e+01 8.644117868588992337e+01 9.779925467202018297e+01 8.363065724472032514e+01
1.005463264820165961e+02 1.039973602469827796e+02 9.504414173333859139e+01 1.001892924848116166e+02 7.977824660461263306e+01 6.610330830148710390e+01 5.662528482688119880e+01 6.819344865099112951e+01 7.615897580376314124e+01 7.064193045983249419e+01 6.134015144891528593e+01 6.807165407034872828e+01 5.483707385853047356e+01 3.435175892107946538e+01 1.869414159161382472e+01 3.686075154511164698e+01 1.919784391285245562e+01 3.912311229973095550e+01 4.647281393188751508e+01 4.997635097248019065e+01 5.373189246702897748e+01 5.003946407903791282e+01 6.650267016642558815e+01 6.650267025831308842e+01 7.523586178996053775e+01 9.445239136522037882e+01 8.804096681568327654e+01 6.804339831166531383e+01 6.585668595098501044e+01 8.000349473082169993e+01 6.473290893576424310e+01 4.480888517322080133e+01 5.887860719350264560e+01 7.886644361452771079e+01 8.925104603420810179e+01 9.018733923025305899e+01 7.862890889308205544e+01
9.249441948343778108e+01 9.142577542538172963e+01 7.340675488464596299e+01 9.118414824613167013e+01 8.697055675949698639e+01 6.859329127518311964e+01 7.003437068567961887e+01 8.360216460639523461e+01 7.791786830679124876e+01 6.097375715635288884e+01 4.095026720414590216e+01 5.202542204069775522e+01 4.688831768191326432e+01 4.689546928927519787e+01 3.699220607172426156e+01 1.717800348039631686e+01 1.813242499297213328e+01 2.211530771242621896e+01 2.638189564397082165e+01 3.017786949091082604e+01 3.385943493587721065e+01 4.001341171470271973e+01 4.668875720018669284e+01 5.570785186467109185e+01 6.961015693953802952e+01 8.881751473775901218e+01 8.325524665037420391e+01 6.326352453462919811e+01 5.175805838360706446e+01 6.320419606662009926e+01 6.126458158535082532e+01 4.141462613711470198e+01 6.126458158548518185e+01 6.097701859573237471e+01 8.095488510695996354e+01 8.188554185188795032e+01 6.187508267667879380e+01
9.900326266534251829e+01 8.234078398432731660e+01 6.154558710916018072e+01 8.234078390457358410e+01 9.528409744555970917e+01 8.194666671138502068e+01 8.909816962878423396e+01 8.315312487911492667e+01 6.448955390176337232e+01 5.221046946826702140e+01 4.914795185283176693e+01 3.229118084578272629e+01 2.712206553426726430e+01 4.006033658498859751e+01 3.608296016088655023e+01 1.621117676184850609e+01 3.619048467128499169e+01 4.308726658768690498e+01 4.647640622298211355e+01 4.412447118051994011e+01 5.342065987304216890e+01 4.185783440011992695e+01 5.004579692118076650e+01 6.000611488615734856e+01 7.362109581231840139e+01 9.246820740768153257e+01 9.155236656657692151e+01 8.000349516783202830e+01 6.320419606662009926e+01 4.335360735050544889e+01 5.570137876341698302e+01 3.822364873332290358e+01 4.478144474008730214e+01 5.620378380319235134e+01 7.617124382494755253e+01 8.097400100305165438e+01 6.942150513013777413e+01
7.626140248982351011e+01 7.482021449810235936e+01 5.443723408621335835e+01 7.482021449814139658e+01 9.167552986643208612e+01 1.007614212260371431e+02 8.874494752340923753e+01 8.000961965456255598e+01 7.144865058297943960e+01 6.954829087075279404e+01 5.966270228914196849e+01 5.202542204069775522e+01 4.006034039051381512e+01 2.024427540039380702e+01 3.246542479190801345e+01 1.536394229911911147e+01 2.975074753447099241e+01 5.090148947368183485e+01 6.405904926447507819e+01 6.411562155281636421e+01 6.967231544521006015e+01 6.248021455686734527e+01 5.815504705808721297e+01 7.746753953662302195e+01 8.701750978927368863e+01 8.623595347551999168e+01 7.798049713155286611e+01 8.110112631490152069e+01 6.113737094796700688e+01 4.716160655983491523e+01 3.609265255118171467e+01 3.514704679120431763e+01 5.471223623461780505e+01 7.292702868616567002e+01 8.446436110760262750e+01 7.267636324079643373e+01 5.267619726862015739e+01
5.863820751362553807e+01 6.864798213229133239e+01 4.838997690662214524e+01 6.264313537942558696e+01 8.214520409127652556e+01 8.851939708294544573e+01 7.648475443070259416e+01 5.936112909108938140e+01 5.051244922144488214e+01 6.290148216832577077e+01 7.149452000950913089e+01 5.957905509489739870e+01 4.006034039051381512e+01 3.418589419335528135e+01 1.417155000775550810e+01 3.401100909279572448e+01 3.772602855244434039e+01 4.620146631243830626e+01 4.328349061758633809e+01 6.405904639760306907e+01 6.881214139536135121e+01 7.678667350917136503e+01 7.790258414726302760e+01 8.611629261583047423e+01 8.029430738608911611e+01 7.204318071753583297e+01 5.810394967141506584e+01 6.650476710488194954e+01 6.480078951315584845e+01 4.499954828518512073e+01 3.149009960374481665e+01 5.079919606599110438e+01 5.105929555682919130e+01 6.511210579684895094e+01 8.509837205589106190e+01 7.511013364962342109e+01 6.680878411194612454e+01
4.784190354653689781e+01 5.697784232485198430e+01 4.319290102904994910e+01 5.324755684570113345e+01 7.357410909504351082e+01 8.000889552186437470e+01 5.904066334835403751e+01 4.697994726725726622e+01 3.862954605650689643e+01 4.210996781333413708e+01 5.949832680937457496e+01 5.737513921752704960e+01 4.877816190523350315e+01 3.452172547072795794e+01 1.335131600071267677e+01 2.979601671306272337e+01 1.767283527953912170e+01 2.665270087001321997e+01 4.664530422846490154e+01 5.542621514278608430e+01 4.988158432329252889e+01 6.881214173040112314e+01 8.694291211444119938e+01 8.611011958891073448e+01 6.621646385593916762e+01 5.218105154048808458e+01 4.673838438763161918e+01 4.673838438763161918e+01 6.074474758853057921e+01 4.853923852788160787e+01 2.939072593096363661e+01 4.853923856465621611e+01 6.145863482977753023e+01 7.137929092337624581e+01 8.090590748418449607e+01 6.096956422037467149e+01 4.703213951711450846e+01
