LEM/with_lateral_4open/elevation_000548.asc
nrows	100
cellsize	150.0
xllcorner	0
ncols	100
yllcorner	0
NODATA_value	-9999
[rows 17 to 33 of 100, columns 0 to 36 of 100]
5.222468517465790605e-02 2.005222468517430201e+01 2.536280649505408036e+01 4.536216291973590131e+01 5.362130071945131959e+01 6.189937369722464666e+01 6.201309225825034588e+01 4.189498951150575579e+01 4.558673015078067436e+01 3.492031554004927330e+01 2.530228233069375321e+01 3.945182385131204938e+01 5.452440527198535847e+01 5.050119030774332174e+01 6.660759317056786699e+01 7.501896687079704407e+01 8.513877378302487386e+01 8.278770959779281213e+01 9.099522709669867027e+01 9.171333176644212415e+01 9.251805073670212209e+01 7.294172534702009614e+01 5.901124883259419818e+01 5.159899588226178935e+01 4.511181906963766153e+01 5.233765888467394234e+01 3.293768407434526324e+01 3.004013042128576672e+01 4.671190277195596963e+01 5.288667204273450295e+01 5.289213172895644988e+01 7.269619267772173998e+01 8.994212920504232045e+01 8.016315565237478324e+01 6.112882268252767659e+01 5.161189338294457229e+01 4.471340506805219661e+01
7.333276091007127906e-02 1.421547174036485472e+01 3.421570530800961052e+01 3.885094123962618085e+01 3.886085250145221437e+01 4.715588058836809182e+01 5.285262890867639385e+01 4.496698914777058320e+01 2.554722837065412122e+01 2.077317517300726024e+01 3.232148560432822393e+01 5.238450645722575416e+01 6.795023504978966855e+01 7.063539343247954605e+01 7.905720963538348656e+01 8.293210691305824867e+01 7.473544066692481636e+01 6.306375944549990464e+01 7.959225317795015542e+01 9.099522709669867027e+01 9.780694498254487712e+01 7.860541016166908435e+01 7.576827076375914771e+01 6.762707836327133748e+01 5.677582861670475012e+01 3.725397084857419827e+01 5.236441218469339276e+01 4.944581362277515524e+01 3.366603807402535153e+01 4.733108712175022248e+01 6.705062634924560427e+01 6.993745421695977882e+01 8.985769542998522752e+01 8.821464907176564907e+01 7.863836160750008730e+01 6.391642006199352721e+01 5.486248280448906911e+01
6.343274376862209629e-02 2.006343274376826713e+01 2.314504176733731100e+01 1.885767248233551641e+01 1.885781969921846724e+01 3.886113850233571299e+01 3.277141120637241301e+01 3.277141120637240590e+01 1.660288695370112677e+01 3.662479250766247674e+01 4.915228056881652208e+01 6.076381148739437066e+01 6.038164086872343006e+01 6.077439499968549796e+01 6.897601307420302419e+01 7.151116806914508572e+01 5.495663436193894569e+01 5.159855320047285687e+01 6.306375944549990464e+01 8.278770959779281213e+01 9.626570090877724795e+01 8.455072691333279522e+01 6.770009034835885586e+01 4.791204089245912456e+01 4.290825681411836001e+01 5.679224635032135637e+01 6.497442988001081687e+01 5.619497791588048585e+01 3.679830118345434897e+01 4.042958737251055368e+01 5.014296133163959723e+01 6.993745421695977882e+01 8.424536830811992161e+01 9.575738848683610627e+01 9.111174031558714148e+01 8.200918900213501672e+01 7.399294008676915269e+01
3.497053469895897854e-02 1.587271586111626442e+00 3.144269474434675526e+00 4.715617877071454522e+00 2.471637992740165757e+01 2.863638998078777931e+01 3.032084227750787875e+01 1.275388516076081658e+01 3.277141120637240590e+01 3.839087133876983415e+01 4.086692183673271472e+01 4.355788563775582389e+01 4.050172666625165618e+01 4.089503350767869705e+01 5.244822845442990911e+01 5.669324709446375010e+01 4.344745823840766263e+01 6.331614152249169791e+01 6.562304214542308500e+01 8.534708883337376051e+01 8.789289654826600895e+01 6.773746673028938403e+01 5.628685604055251446e+01 5.528573233898837458e+01 6.260896452780289678e+01 7.091797622014308899e+01 7.167170297291799841e+01 5.960076036339251004e+01 4.001911995791253673e+01 5.960076036339251004e+01 4.869546585501834102e+01 5.611124914231734806e+01 6.755881314035787000e+01 8.749625424722106004e+01 8.821277997231921120e+01 8.414029763393929784e+01 6.458511563581362225e+01
9.635555453094322986e-02 2.006204635384146684e+01 2.314284076666115553e+01 2.471648545961831189e+01 7.002265678971582474e+00 8.635258840827047422e+00 1.031956268296009860e+01 3.000184703749056325e+01 1.599831358329151776e+01 1.842366983340488673e+01 2.090436452411309531e+01 2.360116396749609180e+01 2.637466491118526690e+01 2.935608862375602257e+01 3.251836458937085439e+01 3.678234476450487733e+01 5.088931159713139607e+01 7.070518688726204459e+01 8.534708883337376051e+01 9.356146421047733952e+01 9.038152149445362227e+01 7.032610263537640094e+01 7.032610263537640094e+01 6.929530517250951505e+01 7.515000205315844539e+01 7.626240123490481437e+01 5.713806197494194095e+01 4.507307120259784483e+01 5.377955673081970644e+01 6.761351197997356621e+01 6.006462334837616623e+01 7.598536725722136964e+01 8.424536830811992161e+01 8.649356176678492147e+01 6.820010632360306602e+01 6.820010632360306602e+01 6.102643759299219539e+01
8.845047570523793812e-02 2.008844576856598962e+01 3.638192856094006089e+01 3.529124190011858531e+01 2.700333998057746498e+01 1.619454835596828346e+01 3.032084227750788230e+01 3.025144507454616871e+01 2.355751913220064253e+01 3.839087133876983415e+01 2.797532897429204013e+01 4.355788563775551836e+01 3.637190148789348143e+01 4.929704029095714191e+01 5.244822845442990911e+01 3.982029126248166762e+01 5.391371248355006429e+01 7.370844094388466772e+01 8.424449710580228157e+01 9.564682452132416302e+01 9.877535119128928898e+01 9.038152149445362227e+01 9.038152149445362227e+01 8.928449066600451545e+01 9.518629885855098394e+01 7.839768342088615327e+01 5.898120987897578260e+01 4.931096033505284026e+01 6.873189853005936811e+01 8.075515838116250222e+01 7.996060982611308532e+01 8.822100221957521171e+01 9.236301417267799252e+01 7.239635178497852053e+01 5.815576084653289968e+01 4.803125675274795725e+01 4.085027558115663737e+01
8.023991185656004221e-02 8.250823591558303249e+00 1.994269498130755736e+01 4.094459970456468767e+01 4.448893160586143125e+01 2.619455758421975133e+01 4.448893160586143125e+01 4.998394073458658937e+01 3.250001742378648117e+01 5.173398111534691424e+01 3.553337142331721310e+01 5.544251830092870392e+01 5.627693596560427380e+01 5.627693596560398959e+01 6.791114503400973490e+01 5.971145421783610630e+01 4.875239572948713374e+01 5.628347867711596564e+01 6.771694047314777265e+01 8.742769975925611448e+01 9.429098372242781068e+01 8.583620684015909319e+01 8.632731516383580583e+01 9.478326423220144648e+01 9.838079850231783041e+01 7.856739396215618854e+01 6.558489859550948609e+01 6.902359833583969362e+01 5.645609455747212024e+01 7.588938620679638802e+01 9.249861531715394847e+01 9.878455625614923008e+01 8.885627200833800998e+01 8.065161848831260727e+01 7.397736780374532373e+01 6.105807261843025202e+01 4.085027296203544722e+01
4.598823041778624804e-02 2.002546307860769659e+01 3.665782589591031382e+01 4.950363732832813213e+01 5.449445699653362851e+01 4.619821103331243961e+01 5.449445699653362851e+01 6.061694230736829780e+01 4.660798695398295877e+01 6.061694018476192269e+01 4.963649306358916391e+01 5.180635274320211181e+01 7.162159965309535892e+01 7.608266245402741390e+01 7.497187320987755754e+01 7.677160059744419129e+01 6.857751877726036582e+01 7.604768757948953350e+01 8.424449710580228157e+01 7.786042702710217611e+01 8.256607524275419507e+01 6.557094066639554342e+01 6.606019753633148639e+01 8.305712135673294938e+01 9.320863983208748493e+01 9.516998489009182549e+01 8.611746703960028526e+01 7.233589411159407234e+01 7.576598122521585310e+01 6.566864486224790198e+01 8.498079616746075260e+01 9.060010918917554079e+01 7.070312778744981586e+01 6.062886643461050795e+01 5.388360637539406639e+01 4.803118867172048567e+01 5.517578804518269919e+01
7.340434288523949025e-02 2.007340434288488495e+01 2.850006073282295560e+01 3.443649723432154275e+01 4.073504256683017388e+01 4.777238000292100395e+01 5.603450915153480594e+01 6.754140852033897602e+01 6.644060868840303158e+01 6.564385688598174795e+01 6.945950317239450555e+01 7.162159965309535892e+01 7.058554033986779075e+01 6.908935291159176018e+01 5.501768706846497992e+01 6.499478011499557795e+01 7.321084653017308597e+01 7.991604994770760584e+01 7.197692401842509469e+01 5.764888233246676208e+01 7.197692401842509469e+01 5.387307077029142022e+01 5.436340890088251143e+01 6.449580961903281207e+01 7.880162960819615137e+01 9.913238184852217216e+01 9.910963465805714634e+01 9.135492705912318456e+01 8.077068872338855954e+01 8.007740541309421189e+01 9.304412015936910052e+01 9.878455625614923008e+01 8.885627200833800998e+01 8.065161848831260727e+01 7.397736780374532373e+01 5.971041544610545770e+01 7.525916381290247159e+01
3.515918393995972474e-02 4.623456596308105127e+00 9.337304473132890692e+00 1.449995162488025358e+01 2.081731585984980981e+01 2.786778391268983412e+01 3.935537654521498041e+01 5.927022054988894695e+01 5.976119941517245593e+01 4.562194927551139756e+01 5.976119941517245593e+01 6.470269713401427225e+01 5.062664107581793616e+01 5.911120822949543197e+01 4.086690050288361675e+01 4.501156992881776375e+01 6.499478011499557795e+01 5.972613861653305634e+01 5.972613861653304923e+01 4.343761117867796884e+01 5.849818888578170828e+01 4.480563459171797547e+01 5.494289060902809041e+01 6.926441628208721113e+01 8.954837333134992150e+01 9.473171454003900749e+01 9.595133716647522704e+01 1.028975366341977349e+02 9.317775538060885765e+01 1.009672252155763488e+02 9.868849990549136919e+01 9.653046607587650385e+01 9.409678056709917371e+01 8.592368930871208477e+01 8.779722304212135953e+01 7.967529424528562743e+01 8.349274993077345641e+01
4.608085242692564615e-02 2.004608085242657012e+01 2.928890735559771130e+01 3.443650434614788480e+01 3.443650434614788480e+01 4.777238000292100395e+01 5.603450915153480594e+01 5.283885474679124172e+01 5.081319019296270767e+01 3.146511061849504287e+01 5.081319019296270767e+01 4.871256299916862531e+01 3.647545904174379672e+01 4.233289543008128675e+01 3.085607390607106026e+01 5.086439529240714563e+01 5.647629611001858052e+01 5.803991906873143591e+01 3.963200168598677919e+01 3.446915044624574875e+01 3.826074054728762519e+01 4.993263105393685208e+01 7.019895848176707887e+01 8.363769642773588942e+01 8.892519954291226725e+01 7.455700015996121977e+01 7.489793115219333686e+01 9.595133716647522704e+01 1.103365334560060660e+02 9.868849990549136919e+01 7.882688541153513029e+01 7.664816983652528393e+01 8.587273200370114523e+01 6.601062912984630771e+01 7.185662385705445843e+01 8.004152654428092717e+01 7.533923199390918057e+01
1.610643649003322755e-02 8.960378346489269674e+00 2.050738373028199035e+01 4.050738373028269734e+01 5.435775431333855323e+01 5.691427262208384974e+01 4.696477564360139212e+01 3.289067242080481890e+01 4.249290655571138586e+01 2.251494480822474742e+01 3.309722193251126754e+01 2.868089199234604081e+01 3.600262394066044891e+01 2.232035350851178279e+01 3.904657711077871340e+01 4.066443746938078618e+01 3.641889763766310040e+01 4.528923961315825863e+01 2.960832967421527684e+01 4.967907015126241532e+01 4.946002668114078915e+01 6.577773243076148901e+01 7.862488376339088347e+01 8.767919399307076844e+01 8.044850619329299946e+01 6.056067534973532673e+01 8.044850614541671519e+01 8.995572266990204469e+01 1.000062239542171767e+02 9.653046607587650385e+01 7.664816983652528393e+01 6.229681004264257638e+01 7.238393247716388146e+01 6.697174471690043163e+01 5.162507452003874420e+01 6.126656719781724547e+01 6.959301466624286547e+01
2.022278438842990689e-02 2.002022278438807490e+01 3.724464959395016450e+01 4.879165497774489069e+01 5.174953485459278113e+01 4.345317045878665141e+01 2.874285171015076656e+01 1.874632961989885516e+01 2.983867847824637920e+01 3.110093256755094515e+01 1.308373397386335490e+01 1.453090182385688678e+01 1.599348715364628504e+01 1.746798712527267838e+01 1.902514416146920695e+01 2.063186891532588518e+01 2.225454943736048463e+01 2.523789119509409318e+01 4.528925374829023554e+01 5.802136860850148281e+01 6.768051138391477650e+01 7.633566158672884683e+01 8.251330308275572634e+01 6.754794675471336518e+01 6.754794675480627575e+01 5.426910230696738324e+01 6.176927745339599340e+01 7.158119548699581003e+01 9.149153691771485342e+01 9.411998793626240456e+01 7.419543273172345721e+01 5.979901631192421974e+01 5.204473071315300814e+01 4.708819772891760636e+01 4.389474531319044104e+01 4.099758190588477191e+01 5.738786622412437310e+01
6.642187732006160639e-02 1.420855750207979895e+01 3.420855850667440734e+01 3.744950390540650176e+01 3.854205936211796768e+01 2.344231917625726780e+01 2.711437999626015838e+01 8.744724474329798269e+00 9.915136343203080571e+00 1.109364865242099185e+01 3.110436932324311243e+01 3.454649282356264450e+01 3.601131923667416856e+01 3.750278004038319324e+01 2.605150470245838079e+01 4.066443746926339031e+01 4.229381366353659644e+01 2.504324382216207212e+01 4.288893570783314146e+01 4.652927285020449943e+01 6.265934014794308382e+01 7.254586131208974109e+01 6.245522461732716835e+01 6.245522461660577562e+01 4.758480525506575276e+01 5.426694915749082071e+01 7.418841997964193524e+01 8.995134013914224624e+01 1.000050020105510526e+02 9.411998793626240456e+01 7.419543273172345721e+01 7.372186310611513704e+01 5.339977181520782068e+01 6.745088498919710673e+01 6.427069306630414758e+01 4.882437971496570128e+01 3.701430526305053093e+01
1.591255364720534082e-02 2.001591255128002800e+01 2.221917359099672851e+01 1.744324033501390048e+01 1.853470086443595122e+01 2.549634213626676882e+01 7.109002624262413583e+00 2.711437999725535875e+01 2.406182207613496260e+01 3.110437145563314232e+01 1.421719087040483309e+01 3.422981898402260725e+01 4.576376603682840027e+01 5.416737501865006976e+01 4.249913205125278637e+01 3.901932020633248754e+01 5.343336624228532372e+01 4.509561151130668577e+01 2.788945919036641996e+01 4.795923262142906651e+01 5.314812744097103092e+01 5.058984160203085878e+01 5.786879939656960659e+01 4.247925111984481106e+01 6.245522461664197778e+01 7.418841271857436936e+01 6.570643134549581532e+01 7.980242599896726574e+01 1.001939827554866014e+02 1.023131376342372363e+02 9.411998793626240456e+01 7.837155131198623792e+01 5.810402059528736629e+01 7.837155131198623792e+01 6.908580634060078296e+01 6.570973797509297754e+01 5.144526635294256778e+01
6.189296070378335485e-02 1.138656764820121348e+00 2.216984496854710773e+00 3.300045219005528718e+00 4.391134670216441549e+00 5.492098435580656357e+00 2.549634967070143432e+01 3.540643880189967518e+01 4.410188210970164135e+01 4.253634656448678442e+01 2.836535246920729136e+01 1.744078050689204318e+01 3.745547999949752693e+01 4.910253505803457585e+01 6.481976331714265882e+01 5.211501854924304666e+01 6.109728091607131972e+01 5.445974515383527859e+01 3.497110749042940370e+01 3.089325728852186259e+01 3.306705290316500623e+01 3.538019720301787885e+01 3.775556364262529030e+01 4.141173930949966575e+01 6.154452669224501449e+01 7.541112232517016878e+01 8.577496810233242286e+01 8.577496843945216654e+01 1.062386875640441417e+02 1.085929794297386763e+02 8.886127050086645340e+01 7.471519337627154300e+01 6.380896161295614633e+01 8.396063335655237836e+01 8.910066510506428017e+01 7.953613550391227704e+01 6.662848451356805413e+01
2.247884206357958492e-02 1.819204463971916397e+01 2.221550986853533516e+01 1.753374492511388638e+01 1.595506390032399224e+01 1.962736874139045185e+01 1.198117990087304463e+01 3.198653076413054563e+01 4.812538170301668572e+01 5.670734066148943242e+01 4.576409113661381411e+01 3.745547999949752693e+01 2.077489902549312006e+01 4.079159619429834294e+01 5.303155016812385725e+01 7.166176524432326289e+01 7.572103474543021662e+01 5.274515490539584306e+01 5.519322292637030358e+01 4.247091871632382265e+01 4.015345404617988123e+01 5.547737786776076518e+01 4.935772376135763295e+01 6.154452665955089685e+01 4.688486843205152610e+01 6.702634132846426951e+01 7.954489667386262397e+01 8.666417678679890457e+01 9.510494187478455785e+01 1.052503404006724139e+02 9.542834136226296948e+01 7.556568845000795420e+01 7.401580959946571170e+01 9.215524667003880666e+01 9.673086810921942913e+01 7.702286741586260632e+01 6.291265261266482156e+01
