LEM/with_lateral_4open/elevation_000152.asc
nrows	100
cellsize	150.0
xllcorner	0
ncols	100
yllcorner	0
NODATA_value	-9999
[rows 34 to 50 of 100, columns 0 to 36 of 100]
2.064481644892168788e-02 3.353978149782248508e+00 2.335389004846513217e+01 3.671654572421209650e+01 3.434384994068356178e+01 3.919417824153545382e+01 5.332724178763682232e+01 6.486766374713272398e+01 6.256747321662474093e+01 5.404669891676239502e+01 3.768626802287120370e+01 3.454761652347855971e+01 5.572442947266571878e+01 7.309057970089224909e+01 8.335123224635458428e+01 7.398305038202424555e+01 6.557676239292234754e+01 5.042206700199993463e+01 3.006522906372357795e+01 4.178302218535024792e+01 5.625539505203278878e+01 7.663082968353218405e+01 7.934593439275271010e+01 6.509994446699907655e+01 6.916393454066611923e+01 5.971591578655916521e+01 8.001339187464560609e+01 8.307132588717368549e+01 6.278773405659990914e+01 7.218885010167906557e+01 9.241268647021902893e+01 9.021590970923952568e+01 8.430761107545166055e+01 9.853854226291578300e+01 1.110368609968964364e+02 1.067995754365545622e+02 8.672569938455693261e+01
2.905961989428186565e-02 2.002905961975039517e+01 1.968388810099997599e+01 3.968352606965270724e+01 5.433998759608374485e+01 5.917490346166568571e+01 5.931663148957625964e+01 5.177851324073421324e+01 5.043238047338077479e+01 3.285545970346537814e+01 2.692677325981412650e+01 4.823729545252049888e+01 6.422862519873064002e+01 6.528425704399636231e+01 7.359710943698077301e+01 6.557676239292234754e+01 4.517306642608663481e+01 4.789711201124578821e+01 2.758577826887841766e+01 4.191746936156470582e+01 6.233324639426580660e+01 7.446641286645829894e+01 6.919529407856832393e+01 5.063558799457153015e+01 4.875321121964321947e+01 6.323065732725261512e+01 8.348813285860835265e+01 7.589999322206425347e+01 5.553175030490135100e+01 7.589999322206425347e+01 9.139805339325921807e+01 9.021590970923952568e+01 6.998298893032719548e+01 8.256858446960055176e+01 9.763874702875334322e+01 1.092682965049965844e+02 9.520991769425458529e+01
3.542675937824442400e-02 1.417756238310932027e+01 3.417756238330249374e+01 4.796691299310774070e+01 5.847811846386028378e+01 5.043642929107055295e+01 4.922950684971355173e+01 3.468669238330020477e+01 4.177349197106592271e+01 2.039490849544470663e+01 4.181193125253614795e+01 5.007830333320970340e+01 5.842346764730348951e+01 4.618587615912572630e+01 6.240530690924602197e+01 6.098819473115814560e+01 4.964162549217313369e+01 3.080308995315560239e+01 2.518342327863184238e+01 4.545191477137753822e+01 5.900631961383828639e+01 5.417202634390663007e+01 5.436669490515362213e+01 4.038923001619981079e+01 6.083129163772761672e+01 7.749125181559634257e+01 7.313701058517372644e+01 7.045635132444934356e+01 5.000943793356972833e+01 6.276330129700473037e+01 7.226484382308242971e+01 7.598665026283495649e+01 6.228170077419753170e+01 6.907730089877074420e+01 8.078183434974944532e+01 1.009696903526534442e+02 1.034968029923630723e+02
3.411803931810562102e-02 1.469532349813722227e+01 3.518024942090274010e+01 3.302553268309806356e+01 4.118458825707612192e+01 3.123199393904734222e+01 3.475997236055273021e+01 2.417459882492724077e+01 3.715684019788695736e+01 1.642947403157480224e+01 3.455538912471905633e+01 3.115917305721162478e+01 4.362259558160523198e+01 3.586186843683691450e+01 5.422978181777093454e+01 5.170046634954528741e+01 3.309813836957695798e+01 2.183756249915983716e+01 4.135962758633230862e+01 4.293124096936149670e+01 3.855321164339859763e+01 3.972991529202471384e+01 3.397314384657386910e+01 5.436669490515362213e+01 6.918303480439135456e+01 6.711001609063092133e+01 5.270500802140502827e+01 6.139525815487229465e+01 4.484158998313192512e+01 4.823781067238266473e+01 5.184375716467533834e+01 5.562070686814375620e+01 7.598665026283495649e+01 8.931422625501539869e+01 8.561397582937021866e+01 1.057784525696524440e+02 1.173488185034430842e+02
3.327314952832965272e-02 2.003259754527441672e+01 2.193183086112366098e+01 1.582229687857629052e+01 3.186796084965338949e+01 3.104301564005568537e+01 1.529940517296197200e+01 1.546819766583113065e+01 2.826308328104845202e+01 1.277375233031268920e+01 1.797774950981608200e+01 3.271486943400865499e+01 2.548061939934518350e+01 4.362258722248682119e+01 4.469960932992294289e+01 3.620992089631734956e+01 3.799102341320109133e+01 1.962182315153106416e+01 2.116093740978374882e+01 2.271210287247535220e+01 2.427693657289110263e+01 2.804911663345066586e+01 4.835278047344824870e+01 5.115657206810847413e+01 5.325114893700077090e+01 5.540278161335788099e+01 3.819865122838398008e+01 4.089080117640542511e+01 6.139890917622734179e+01 6.871013231425294521e+01 7.226484382308242971e+01 7.003879035390458796e+01 6.742526324961855266e+01 7.914420904462213002e+01 9.931858459162098995e+01 1.140648899618060312e+02 1.090976324575168803e+02
6.779948344387334846e-02 9.825781909365692846e-01 1.898315283927823005e+00 1.694985593562695669e+01 2.378083703143294159e+01 5.469314898000398273e+00 6.418983378505276782e+00 7.375051980593283041e+00 8.335867977470021728e+00 9.295858922315192174e+00 1.029387051391095298e+01 1.640056210943575365e+01 3.260243245886599084e+01 3.403597015094209155e+01 3.512295014217999523e+01 1.666977536514448488e+01 1.783749114489506482e+01 3.795532074310628445e+01 4.126047965781100402e+01 4.290332666397642214e+01 4.452180841503955122e+01 2.675035084973768562e+01 2.876745233694196102e+01 3.079753495147273412e+01 3.286266853654662867e+01 3.496601675936098275e+01 5.539756912570294389e+01 4.522523480758586345e+01 6.570448026313918888e+01 7.958418956044457104e+01 8.674455115474614786e+01 9.000083670998863283e+01 8.766886922653245051e+01 9.598647762918344029e+01 1.076059241747121860e+02 1.168212921298312637e+02 1.173488185034430842e+02
9.516927588586144779e-03 1.970049111420096821e+01 2.182394049035105965e+01 3.202973285640390966e+00 4.129402652212657898e+00 1.135717055397181419e+01 1.973534529808224747e+01 2.808597861360200554e+01 2.679468094170006864e+01 2.302398233351821943e+01 3.039229670016333174e+01 1.174139376887554143e+01 1.280250550730489323e+01 1.387769970193026126e+01 1.503409033552528307e+01 3.513890389628533484e+01 3.799102339950074736e+01 2.260618469049819623e+01 4.281807820198415726e+01 5.614960123240023648e+01 5.559425238216162057e+01 4.705380957215218984e+01 3.201186931039300987e+01 5.115657206810849544e+01 5.326042324930976690e+01 5.540278161335788099e+01 4.458450217813130223e+01 6.505677858310636452e+01 5.275163990916281875e+01 5.925829356431486161e+01 6.649195213471415400e+01 7.665496886208279648e+01 9.095704425783519298e+01 1.110364705639564704e+02 1.109225887244065092e+02 9.671040002506929056e+01 1.078816896634519509e+02
1.945935296826603253e-02 2.001945388585721375e+01 3.264242760183295644e+01 2.430311717481919231e+01 1.870679189298940415e+01 1.061622118416712901e+01 2.968955807097604094e+01 4.758041267374204608e+01 4.578480425861339143e+01 3.714658080046042699e+01 1.826854341074408339e+01 3.368837059651375654e+01 3.295284950415828717e+01 3.403488115614213427e+01 1.535926953696211328e+01 3.763679327805378705e+01 5.052455726283422877e+01 4.282502459942501361e+01 2.760194777061875016e+01 4.790012847022575215e+01 6.185914507375177607e+01 6.081541737978702855e+01 5.238919483535985933e+01 3.761358257242368808e+01 5.208308368881024819e+01 7.248960301014993490e+01 6.505973880670809706e+01 5.644105554558811377e+01 7.315566281993869779e+01 6.944250465723601451e+01 8.674657046132267624e+01 9.503560296993155987e+01 1.050883055682920002e+02 1.046040790544772960e+02 9.628463718549404859e+01 8.252945798966554491e+01 8.779500555358633562e+01
5.600688922766024203e-02 8.199812937110483091e+00 2.799937186905752284e+01 4.430988519968185813e+01 3.429275155725662927e+01 1.535822704934096805e+01 3.464520170767154639e+01 5.207424259242407061e+01 4.894482869651321977e+01 2.794617759971469440e+01 3.904596967351722725e+01 2.927175006660648648e+01 5.027001371478710467e+01 4.607759528057440690e+01 3.192042717887659009e+01 2.109243396035490292e+01 4.218525127693434484e+01 5.631852415298051540e+01 4.790012847022575215e+01 3.306923410449196865e+01 4.323656456760384259e+01 6.365538514124661162e+01 6.647575516557948561e+01 5.806001482744368758e+01 4.391085687443456465e+01 5.841182505375272882e+01 7.877328645061153622e+01 6.667639624589543246e+01 8.520843203011787637e+01 8.967732197821618456e+01 9.794659572377159407e+01 1.104606095804969357e+02 1.104916011078410207e+02 9.039992004871263021e+01 7.623555386226030350e+01 7.252855124590945479e+01 7.623555386226030350e+01
8.215197286175310309e-02 2.008215197256119211e+01 2.219162057484737005e+01 4.202054778793659295e+01 4.308505678477397538e+01 3.466092661455360968e+01 2.364630750711398122e+01 4.357194445038306441e+01 5.750863708767029436e+01 3.732158151355694997e+01 5.750863709045421501e+01 3.977766202121140537e+01 5.882428293958271581e+01 6.139325723805998081e+01 4.539733116496627474e+01 2.505621618566664210e+01 3.948556053304331215e+01 5.966960800230700812e+01 5.790280992717364938e+01 3.747902584609653331e+01 5.790280992717364938e+01 6.365538514124661873e+01 8.395666971219166896e+01 6.965308315821030760e+01 4.921332006956212979e+01 6.064193067846461105e+01 8.098830004006855177e+01 8.106059154721259574e+01 9.534393895484426196e+01 1.023478178384130217e+02 1.045751511591465288e+02 9.039855509083275820e+01 1.045751511591465288e+02 9.834640393882362730e+01 8.360448352551074436e+01 6.361312136671359951e+01 7.674750287490036271e+01
2.613274238814250472e-02 1.416826836612305307e+01 3.416826841292248673e+01 4.202054900198147891e+01 6.200971319569949713e+01 5.207511300248403785e+01 3.755962400384102295e+01 3.755962400384102295e+01 5.808697001377053226e+01 4.955109174505086145e+01 6.684465158515385497e+01 5.469931501443721800e+01 6.924122583467959657e+01 6.065771567501280259e+01 4.221800257105791587e+01 2.862613932170228637e+01 4.879557070705958921e+01 6.356983619767607507e+01 6.630747065107284755e+01 5.790280991556933543e+01 4.469266841961223946e+01 5.917234403482768101e+01 7.950511996159499972e+01 7.530709572552135000e+01 5.492126350196340212e+01 7.530709572552135000e+01 8.934734841339336242e+01 1.013040454859938109e+02 9.647322798853507209e+01 8.230221187374058900e+01 9.077448183864036935e+01 7.624068599531180723e+01 9.561500653910511005e+01 8.418644088610892595e+01 7.002647783170307605e+01 7.674750287490026324e+01 5.682874520842079846e+01
7.532853315450405152e-02 1.421746415688557974e+01 3.421746415688628673e+01 5.269195906773246207e+01 4.440706044298023158e+01 5.269195910038794750e+01 5.808697001377053226e+01 5.808697001377053226e+01 6.659060200112710959e+01 7.036535286111333676e+01 7.877544304208247183e+01 7.539986389899374331e+01 7.388682115589101329e+01 5.377897688652505792e+01 3.941721500218267238e+01 3.761478916145223650e+01 3.498687987270815114e+01 4.659709390495175541e+01 6.690860618200457566e+01 7.127933611397344293e+01 5.087658841647274244e+01 6.512767622343125140e+01 8.541921583979893740e+01 8.367591866051631655e+01 6.408493727668749784e+01 6.936967241648800098e+01 8.964130360373984274e+01 1.023478178384130217e+02 8.230221187374058900e+01 6.817670882411010780e+01 7.076878692983316910e+01 6.732191316875714904e+01 8.547566353184090815e+01 7.421967923663339661e+01 5.600219220970735989e+01 6.800524162743251111e+01 5.319263612052276358e+01
6.101047412966256744e-02 2.006101047412930782e+01 2.963339948745625207e+01 3.497870518024556219e+01 2.440649861790335606e+01 3.440654978572914047e+01 4.854916458667764800e+01 6.855101555914761491e+01 6.928273728264422004e+01 6.535014479868280546e+01 6.752540407525616217e+01 7.575257902659458864e+01 7.630662056276602812e+01 5.606411627346407300e+01 5.977868502113678773e+01 4.768055836763790012e+01 4.015157790225209311e+01 6.041330435617394556e+01 7.527930338929270704e+01 7.964608170365353601e+01 6.112346896429010457e+01 6.533923893801515703e+01 8.561999928455932718e+01 9.273626356659246994e+01 7.583512766078273160e+01 8.964130360373984274e+01 9.798216490454454686e+01 1.007959765527410667e+02 8.075298712439597182e+01 6.663319579979717844e+01 5.672657337894867169e+01 7.033483086462159406e+01 6.644972604749465006e+01 5.729905466525859481e+01 4.619729479399586580e+01 4.823592226979645403e+01 5.079422119200240360e+01
6.842009524227352091e-02 4.782465303161212766e+00 9.633177804165814706e+00 1.497840265029907592e+01 3.497870518024556219e+01 5.269195910038794750e+01 6.269258153000590283e+01 6.343309635178376027e+01 4.937048248124189342e+01 4.540793173297891627e+01 4.759080328127513582e+01 6.671759370907034281e+01 7.490790021871444537e+01 7.630662056276602812e+01 6.800146760806035218e+01 6.800146760806035218e+01 4.916032729260876977e+01 5.023524491869311248e+01 7.059136378730865147e+01 8.977643499401970928e+01 7.551700798442743690e+01 8.561999928455932718e+01 9.395292446929478558e+01 1.043963225562873021e+02 9.606673870905791546e+01 9.401821990242740412e+01 8.571223382298722981e+01 9.401821990242740412e+01 9.492327627601301288e+01 8.444812562178599080e+01 6.448891811896355364e+01 5.052464291815674358e+01 4.668719637665787303e+01 4.339050327234675564e+01 6.312316996470069341e+01 6.800524162742036083e+01 7.060675310866952259e+01
1.934550753332892059e-02 2.001934550753297515e+01 2.963319218010395062e+01 3.497870518024556219e+01 4.326347223964913979e+01 5.355444284428779156e+01 5.100240834956118618e+01 5.346567657541003626e+01 3.524097589255662655e+01 3.127173185523921717e+01 5.085602197156931226e+01 4.709672415627300524e+01 6.680434547001743795e+01 8.469670536485288892e+01 8.825663864286882188e+01 7.788339712945132476e+01 6.092279143686364051e+01 6.464632904585570827e+01 6.464632904585570827e+01 8.494394728890362956e+01 9.572299058469140220e+01 9.009296674184589904e+01 8.377353686369826846e+01 9.208938753611266748e+01 9.328692683942358599e+01 8.401967939496823590e+01 6.573807672325618512e+01 8.401967939496823590e+01 8.541210918800678087e+01 7.712651181168550352e+01 7.861670684475775772e+01 7.033483086462159406e+01 6.116934556385578503e+01 4.143096157726580486e+01 5.873971873504962105e+01 5.873971891749732777e+01 7.862525401801892144e+01
4.364784840791047227e-02 2.505477667994560509e+00 2.251562329826173681e+01 2.857185178228792211e+01 2.534768194410120756e+01 3.394212732652356124e+01 3.104282547869962272e+01 3.997230229380232913e+01 2.524151703640480804e+01 4.522181138820744195e+01 3.857439494675897862e+01 5.816614702993986441e+01 5.771930199126512662e+01 6.899361964724809582e+01 8.778042220584413258e+01 8.958448420304553395e+01 8.125727168027326286e+01 8.494394728890362956e+01 8.494394728890362956e+01 9.326160076599707338e+01 8.424243925223684926e+01 7.007322657909412555e+01 6.378486217067255382e+01 8.053411344328061716e+01 8.498546071019517001e+01 6.503285110000990699e+01 5.583867623687103787e+01 7.572515527312165773e+01 7.712651181168551773e+01 5.730280183178255271e+01 6.310903205662066995e+01 6.658951635130624425e+01 6.467520698822335135e+01 5.642732334516206549e+01 3.898269429705608502e+01 5.873971897629191119e+01 6.441109568763528159e+01
5.219006137575642884e-02 1.996919838897253996e+01 6.041011573926969191e+00 8.581014113929938958e+00 1.120714277112101520e+01 1.395435405007905239e+01 1.690319317307943692e+01 1.998926017164873059e+01 2.754849018935336247e+01 4.734571110776643366e+01 5.857132519924539338e+01 6.663953612465753906e+01 7.693385669142642769e+01 8.469670536485288892e+01 9.553023198743743194e+01 8.146799653247441597e+01 7.317334704093313746e+01 7.577231730638976615e+01 8.406662180633485093e+01 9.208938700773177288e+01 7.593687271517103454e+01 5.600820565718994004e+01 5.233163322886088054e+01 6.800144864861383098e+01 7.629302592548458506e+01 6.869422318289323925e+01 4.887602789562020433e+01 6.869422318289325347e+01 7.480857446586604453e+01 6.310428415201935337e+01 4.335265904825438810e+01 4.676658276741032694e+01 5.415004653739580220e+01 3.663974578508871360e+01 5.642066256791550671e+01 4.827575672103014170e+01 5.965464342616115800e+01
