LEM/with_lateral_4open/elevation_000142.asc
nrows	100
cellsize	150.0
xllcorner	0
ncols	100
yllcorner	0
NODATA_value	-9999
[rows 17 to 33 of 100, columns 0 to 36 of 100]
5.222468517465790605e-02 1.159923006896727493e+01 2.574136569269847641e+01 4.574136569269985131e+01 4.363546614280225810e+01 3.086507285676913881e+01 3.477482559379048865e+01 3.893414683041753221e+01 4.111814203278427016e+01 5.461538289121580192e+01 4.876498150670249743e+01 6.873950125903414232e+01 8.108787613828376095e+01 8.006925458736731116e+01 8.197841016085664023e+01 6.783428829081736922e+01 6.783428829081736922e+01 8.783808170022059869e+01 8.068610064195290477e+01 7.240142057589629587e+01 7.173250817878690100e+01 5.141764162744458133e+01 5.423421923522868582e+01 3.410833456518057005e+01 2.925516772837474022e+01 4.607101699755620672e+01 4.384103407993414692e+01 3.574873939015282076e+01 2.500372744826405480e+01 4.503669636766972673e+01 5.061367737577681680e+01 5.518498638509241516e+01 6.042684249551850684e+01 5.479058822682230101e+01 7.405001928696755442e+01 8.465040221750936666e+01 6.476308777846676890e+01
7.333276091007127906e-02 2.007333276090971452e+01 3.456168761666960165e+01 4.298522643091956752e+01 5.364266811466314522e+01 5.082330083482565186e+01 5.473849938116501335e+01 5.890210686840006815e+01 6.108771483324004237e+01 6.936667104141491791e+01 6.873950125903414232e+01 7.702055612365042236e+01 7.415087224089018036e+01 5.985589795847588590e+01 7.415087224089018036e+01 8.783808170022059869e+01 8.783808170022059869e+01 9.612253203089585440e+01 9.801876592250476961e+01 7.753762317361584167e+01 6.309145158728634328e+01 7.173250817878690100e+01 6.265286218731582579e+01 5.201679572913286620e+01 3.190539189474354842e+01 5.201679572913286620e+01 6.179493750785352546e+01 4.581752007298926088e+01 2.682971718818422602e+01 4.686423734477484970e+01 6.041789052221481171e+01 6.752266961909062104e+01 7.586145387667744444e+01 7.405329821830756032e+01 8.205396491240817625e+01 8.246249860075712945e+01 6.259109576761984783e+01
6.343274376862209629e-02 7.132041695743096099e+00 1.467250324002541717e+01 2.460883712171582616e+01 4.508096287273103542e+01 6.417930223586752447e+01 5.900776377529866323e+01 6.090725814943564842e+01 6.867883095137275973e+01 6.499076516590623953e+01 5.662409654721879093e+01 6.250488051972742909e+01 5.414142225255855578e+01 4.562413497536417850e+01 6.577625304453611932e+01 8.167227493519659731e+01 8.733233809138899062e+01 9.570825497786124458e+01 1.039746784790097394e+02 8.353641099831567374e+01 8.353641099831567374e+01 8.348583920999610086e+01 6.730239823759832518e+01 5.475575015912338728e+01 3.462862781358477093e+01 5.475574994647475080e+01 6.291294531665153045e+01 4.283541470451106647e+01 2.867914465452001593e+01 4.871622817267909511e+01 4.035120926715291034e+01 4.742697772277115575e+01 5.900695461069838643e+01 7.915426370441296910e+01 9.138533047923492347e+01 7.145518093380465530e+01 6.001865508610900690e+01
3.497053469895897854e-02 2.003497053469860489e+01 3.254828592085684136e+01 4.095380084368664342e+01 5.333529420049291048e+01 4.466803027828319728e+01 3.890909305254719186e+01 4.108324129883301623e+01 5.256213726696117305e+01 5.332889787422133310e+01 3.642514085934602264e+01 4.855046755142635106e+01 3.398294839882986906e+01 3.889730259529950729e+01 5.311095453792974297e+01 7.301277322133471159e+01 6.708141524487690788e+01 8.733233809138899062e+01 9.543090333072348130e+01 8.519429229987457575e+01 7.673410578447378327e+01 6.303881439206057280e+01 5.887019027438114449e+01 3.871363255514235391e+01 4.881775870516034388e+01 6.317595812437209446e+01 6.291586476520352988e+01 4.283544946480777327e+01 4.871665223863773519e+01 3.140193686359121727e+01 5.144393513758280534e+01 6.752266961909062104e+01 7.586145387667744444e+01 8.748095092034215270e+01 9.967915056286983599e+01 8.815676321169999596e+01 7.987865327419130779e+01
9.635555453094322986e-02 2.009635555453027322e+01 1.415894844004256647e+01 3.053887387078454196e+01 4.613608056865441398e+01 4.413778681278559191e+01 2.436609129040872901e+01 3.516608438111286716e+01 3.174268081681859854e+01 4.020129453548047138e+01 2.448469194286630923e+01 2.825229701524805392e+01 4.264531826142002302e+01 5.902249945091436700e+01 4.677527363279205730e+01 5.282667420914538070e+01 6.445558733634598525e+01 8.470210652513479488e+01 8.699081654335290636e+01 6.647739502559460334e+01 5.634463262321873600e+01 4.875725337080238830e+01 4.449027323497155351e+01 4.308012197966256451e+01 6.327765284856900507e+01 7.753417198875382610e+01 7.125575725684875295e+01 6.291589856899282296e+01 5.348973953629693057e+01 3.344432646782596663e+01 4.760392800690560478e+01 6.769934555612536542e+01 8.136895200483763801e+01 8.968887139242782780e+01 9.083896467341702419e+01 8.256703527284491884e+01 8.090608519057444425e+01
8.845047570523793812e-02 1.609022318244668126e+00 3.134008021574921976e+00 1.736212963547623644e+01 3.330158061272139491e+01 3.803912621625723745e+01 3.193846556687655891e+01 1.493952167169507739e+01 1.712597160983409594e+01 1.955194637195762652e+01 4.020129453548047138e+01 4.855046755142635106e+01 5.691126942550337731e+01 7.117722058958682396e+01 6.692643536638965429e+01 7.301277322133471159e+01 8.139483511136904781e+01 9.308118740144999492e+01 9.543090333072348130e+01 7.772737096424880576e+01 5.732462137032227645e+01 6.902760930614415713e+01 6.470595489994477134e+01 4.767059615208663104e+01 6.792413282870931823e+01 8.490267441331961606e+01 6.475669670210420747e+01 5.055356763325897873e+01 3.899450500387803231e+01 3.590784865646025281e+01 5.595756681210635008e+01 6.712212941291649315e+01 6.122090227461946910e+01 8.136895200483763801e+01 8.256703527284491884e+01 6.275897812842298862e+01 6.108176272290514675e+01
8.023991185656004221e-02 2.008023989186130365e+01 2.313739068313113023e+01 5.342638557743058847e+00 2.473138604015086273e+01 2.917617098220349803e+01 1.210857105687528623e+01 3.196864956497296006e+01 3.764005803565216723e+01 4.020129453548025111e+01 2.566750782696017197e+01 4.609950442257029835e+01 5.724107157077768449e+01 6.243991073471503483e+01 6.825919237654484562e+01 7.499209485072681503e+01 8.337496031467446755e+01 9.349776967411169437e+01 9.820900277775155018e+01 7.772737096424880576e+01 6.497169361913482533e+01 7.536146773338074922e+01 5.499348724711256864e+01 6.792413282870931823e+01 7.637905055177114377e+01 7.948580120289344109e+01 5.934867484563876161e+01 4.516838751885862990e+01 5.905041187452175677e+01 5.595756681210635008e+01 3.947361038413882994e+01 4.703478184873573298e+01 6.712212941291649315e+01 8.339229458621923641e+01 8.256703527284491884e+01 6.275897812842298862e+01 4.877341739234364582e+01
4.598823041778624804e-02 2.004598823041743216e+01 3.363060025889640059e+01 2.530495799786500655e+01 7.585727392618585974e+00 9.187009380419304705e+00 1.164884481989919074e+01 3.166715116422156839e+01 4.355621066336735936e+01 5.446503822964356090e+01 4.609950442257029835e+01 3.227533436098974562e+01 3.709603772620886275e+01 4.230489323317486594e+01 4.810060944214069423e+01 5.479338742818086416e+01 6.486614110324485694e+01 8.511804859820894364e+01 9.846626570798146361e+01 7.793008118305358778e+01 8.547804219832650574e+01 8.103581590592396822e+01 6.057666263794947525e+01 8.103581590606576412e+01 9.112284338029871833e+01 7.096689507921090012e+01 5.934867484563876161e+01 5.051497298482440357e+01 7.061997554111982822e+01 6.786807242094221237e+01 5.953110953613598610e+01 4.336000867241455126e+01 5.492165972702515120e+01 7.505139540877198101e+01 8.763158738517012125e+01 6.778624908621610246e+01 5.380761813007525518e+01
7.340434288523949025e-02 1.421553996661631558e+01 3.421553996661702257e+01 3.598479782892422207e+01 2.766665144171875212e+01 1.918146390816120217e+01 3.165400831957836303e+01 1.521242198134825330e+01 3.523524626275033711e+01 4.727883480323826859e+01 5.886853957066374932e+01 5.249284155786865824e+01 5.724107157077768449e+01 6.243991073471503483e+01 6.825919237654484562e+01 7.499209485072681503e+01 8.337496031467446755e+01 9.349776967411169437e+01 1.068626816785979372e+02 9.248685575569797379e+01 9.555803025499670866e+01 7.502051776704931285e+01 6.967322985665752810e+01 8.949385710821316309e+01 9.942601088504355289e+01 7.963226216880528341e+01 5.948013297860838833e+01 7.061978687085236572e+01 7.895207329759506365e+01 7.925284174996166087e+01 6.629798694112848523e+01 4.621715788112398826e+01 5.622829426017459298e+01 6.783732423289366409e+01 8.802036116986067782e+01 8.184956846575413181e+01 7.359881409903854887e+01
3.515918393995972474e-02 2.003515918393960504e+01 3.136658552790352772e+01 3.965086083201947531e+01 4.703790054036180379e+01 3.320093048526836554e+01 4.344056001667992462e+01 3.523528849002320840e+01 1.892671646737404956e+01 3.048049978493308743e+01 5.052977725715685864e+01 5.548276382499248882e+01 5.986154353943270934e+01 6.446840350781519646e+01 7.004413245578035685e+01 7.611458738857838568e+01 8.324685224179798126e+01 9.162446887403204698e+01 1.033032549807082461e+02 1.129018383097729696e+02 1.039671964493767575e+02 9.555803025499670866e+01 8.154854329938244462e+01 9.866040755484364411e+01 9.976931845826824485e+01 7.963226216880528341e+01 6.847813102686421871e+01 8.793483099630563515e+01 8.420898045789203934e+01 7.091029190716372455e+01 5.080401503283950149e+01 6.629798694112848523e+01 6.039578653174346101e+01 8.054715926658404612e+01 9.634853155054187823e+01 8.877220134314657685e+01 8.479563381951480494e+01
4.608085242692564615e-02 5.593082814679240400e+00 1.136658550657554834e+01 2.550872113032051658e+01 4.550872120309091429e+01 5.270633521292268142e+01 5.328452554203821023e+01 3.322965479562591185e+01 2.167447957036670658e+01 4.170584055270230550e+01 4.956884484642463207e+01 3.542768882193539071e+01 3.979545404647306839e+01 4.438756645859277228e+01 4.994055583580326640e+01 5.598116606972526910e+01 6.307376087007764909e+01 7.469618820424597061e+01 9.492727653632012164e+01 9.391070611788902056e+01 8.565245587498409918e+01 9.391070611788902056e+01 1.020851654428769848e+02 1.104658476006660095e+02 1.050891808526067308e+02 8.496290541922590478e+01 8.865614556490891118e+01 9.371075335601805989e+01 7.586788654842116841e+01 5.572823534388157896e+01 7.090964108924164577e+01 7.925069462209778237e+01 8.054715929991033363e+01 8.888319903488662987e+01 8.877220134314661948e+01 6.926761006351536309e+01 7.284676925093488364e+01
1.610643649003322755e-02 2.001610643648967880e+01 3.136658552790352772e+01 2.291359089036826902e+01 3.446059627416404680e+01 5.446059674612698132e+01 6.162669696467640534e+01 4.170584053757398380e+01 3.062396167649408341e+01 2.609361144027896984e+01 2.952562622577986673e+01 3.769707084947668108e+01 5.775915737264698890e+01 6.446840350781523910e+01 6.076986862688134750e+01 7.611458738857838568e+01 8.324685224179798126e+01 9.162446887403204698e+01 8.817119733175069030e+01 8.394161136247437582e+01 6.571384810250937392e+01 8.394161136247437582e+01 9.683025998731305606e+01 9.659731968459762186e+01 1.048613075748079098e+02 1.050891808526067308e+02 9.965443700893166579e+01 7.947474313573862048e+01 6.519585919483367320e+01 7.586725649717008935e+01 6.206842558238261631e+01 7.107978404541354678e+01 8.537895354382135338e+01 1.055054889376019389e+02 8.660929511766688904e+01 6.714614438442399091e+01 5.357037523116203914e+01
2.022278438842990689e-02 2.002022278438807490e+01 3.746166695552772552e+01 4.291359101764807349e+01 5.119788242914925291e+01 6.274491353032556873e+01 7.013877800563990661e+01 5.901015448950371223e+01 4.218409750218592791e+01 3.426437750018656203e+01 4.956884484642463207e+01 4.956884484642463207e+01 5.186700019255397365e+01 7.198408314846143696e+01 8.092499652385646414e+01 8.929540247105948936e+01 8.492085233087288998e+01 7.666135601540271693e+01 6.823556738478063721e+01 7.568315198874672944e+01 5.572977022379854617e+01 6.862856621194721640e+01 8.032796938542790599e+01 7.667151634481628264e+01 9.496652517192998744e+01 1.032283360293324819e+02 9.965467523576262465e+01 7.947474408795137890e+01 8.538478300575347646e+01 7.065886906055722250e+01 8.224846872365816353e+01 8.224811262817631530e+01 9.124943813364100720e+01 1.112010229304513018e+02 9.241165008705931427e+01 7.284676925093489785e+01 7.284676925076892928e+01
6.642187732006160639e-02 9.034370493333021557e+00 2.329304309077770085e+01 4.336845221406305484e+01 5.164729881264430844e+01 5.993870651782753356e+01 6.566611171002058711e+01 7.061841668735132771e+01 6.226496047984251447e+01 4.843028752260990188e+01 5.062781840139470546e+01 6.967602339546901646e+01 7.198408314846143696e+01 8.034787320709479275e+01 8.761448062725946784e+01 7.933759124169721133e+01 7.666135601540271693e+01 5.673007902872007691e+01 5.414427952783980658e+01 6.049961019731340173e+01 4.871677183456607452e+01 6.862856621194721640e+01 6.037353128947128056e+01 8.032796938542790599e+01 7.504953061657388957e+01 9.496652517192998744e+01 1.079595708901100153e+02 9.965462183671783691e+01 9.086298775666014649e+01 7.780689091511450783e+01 9.800410321995225615e+01 1.024027521121579554e+02 1.038838325864504242e+02 9.391086815982701808e+01 8.563137121873438673e+01 7.875344120416635008e+01 6.675194590880299472e+01
1.591255364720534082e-02 2.001591255364684940e+01 3.691846948703522457e+01 3.533723286444570277e+01 3.167162914475399305e+01 4.565737091294742100e+01 4.565737091294742100e+01 6.061083063788993286e+01 6.956309970428695522e+01 6.853403188365955145e+01 7.074035655455158178e+01 7.910140888055580888e+01 7.744533724991939039e+01 8.561592826099536069e+01 7.609384846465633245e+01 5.939481031458507942e+01 7.609384825676485775e+01 6.256781490041203142e+01 4.275761297929593496e+01 4.073115609981820029e+01 4.468380117526049844e+01 4.886708338237291827e+01 5.460263650877425334e+01 6.092536500339273431e+01 7.246487720631492380e+01 8.654991945417080501e+01 1.064638223960262025e+02 1.192239099894630527e+02 1.062968223032615214e+02 9.800410392330717002e+01 9.211273193307758334e+01 1.122271340831045308e+02 9.551450574397455284e+01 7.576935895921255337e+01 6.618706998513098938e+01 5.945354956490883325e+01 5.389918848356966663e+01
6.189296070378335485e-02 2.006189296070342820e+01 2.670303185376487676e+01 1.538502020086247057e+01 2.037558703613060729e+01 2.570340102851439568e+01 3.234081438357014093e+01 4.125353922780323757e+01 5.539572567982460072e+01 7.543496887107363591e+01 7.047208379630832553e+01 6.873327280585743893e+01 5.797353229979850653e+01 7.433096736551146932e+01 6.782362130503933884e+01 4.796374268416268194e+01 5.720806965602094607e+01 5.596441584395306279e+01 3.633813758891624701e+01 5.596441584374708356e+01 6.455600728103968322e+01 6.037353128947128056e+01 7.457189860126096903e+01 8.088308326098207601e+01 8.913893332295319283e+01 9.707327383151881861e+01 1.053901284796156119e+02 1.018921660513009613e+02 9.357324524357937889e+01 1.018921660513009613e+02 1.122271340831045308e+02 1.204840259071094124e+02 1.039035158969894326e+02 9.391086815982701808e+01 7.875344120416636429e+01 6.959700468913511884e+01 6.747392675016857311e+01
2.247884206357958492e-02 2.002247884206322581e+01 9.218240896069168855e+00 2.334156778874303839e+01 4.032444814055073579e+01 4.565737091294742100e+01 5.231564917763606815e+01 6.061083063788993286e+01 6.956309970428695522e+01 6.478427712464373656e+01 5.094078480697258016e+01 4.932654846490935796e+01 4.681706600746407787e+01 6.620328542035929331e+01 6.867754762596693752e+01 4.881169786160462110e+01 3.755040522740090125e+01 4.949522806751667048e+01 3.364407867572806765e+01 4.738234381585400712e+01 6.720696510903009369e+01 8.032796938487663851e+01 8.858592371150629674e+01 9.075950538328912387e+01 9.376290314602249509e+01 7.690935928795043708e+01 9.376290314602249509e+01 9.181295774551453803e+01 7.338385988324746734e+01 9.181295774551453803e+01 1.108383527075126267e+02 1.025347791137716484e+02 1.025347791137777875e+02 1.067911253613549007e+02 9.738610418921899736e+01 8.912410421424445417e+01 8.695668394579723781e+01
