LEM/with_lateral_4open/elevation_000054.asc
nrows	100
cellsize	150.0
xllcorner	0
ncols	100
yllcorner	0
NODATA_value	-9999
[rows 0 to 16 of 100, columns 0 to 36 of 100]
8.271705653423140625e-02 2.127631151761726416e-02 9.425194436011796739e-02 4.939197167322698090e-02 3.975871534419905817e-02 6.171646774684565184e-02 1.696294146011132625e-02 1.936121709489252440e-02 4.216450047424835645e-02 2.297044857093000214e-02 6.704298068806634203e-02 4.162315340452049650e-02 3.835349583220235004e-02 2.777463300387698203e-02 2.207885817162396139e-02 7.161913568127860341e-02 9.025521335945362045e-02 3.502399586135773735e-02 8.040414306008919487e-02 3.131346976591601466e-02 7.604099264847130613e-02 2.387740603804927586e-02 5.687112022313325910e-02 4.074439634684711570e-02 8.709178300582484655e-02 7.612946965408906586e-02 1.077918208624280109e-02 9.929772718869623455e-03 4.600412614040166881e-02 2.152795518990661267e-02 2.378824418737431057e-02 9.511189423522797837e-02 9.406546861214974686e-02 1.749038473908382007e-03 2.223905489293687143e-03 6.269637160239108220e-02 9.476101746191394060e-02
7.813061968023242432e-02 2.002127631151726206e+01 1.423638756809119421e+01 2.004939197167287190e+01 5.203736510287398254e+00 2.006171646774648920e+01 1.415909856519118648e+01 1.416149684082571802e+01 8.986436410473483960e+00 2.002297044857057529e+01 2.006704298068770953e+01 2.004162315340416356e+01 2.519048187616366175e+00 2.002777462642768924e+01 2.002207885817126964e+01 1.421375475941235322e+01 1.009025512050100737e+01 2.003134701736997059e+01 5.244391129411973829e+00 2.003131346976556060e+01 2.007604099264811737e+01 1.069563560639631206e+01 2.005687112022277674e+01 2.004074439619377657e+01 1.009622919357637594e+00 2.007612946960708911e+01 2.001059100013314662e+01 1.155693515651230996e+01 2.004600412614004767e+01 2.002152795514542660e+01 2.333189320945882717e+00 2.009511189423487210e+01 1.423620109234322584e+01 2.000174903847355168e+01 7.073291717354799779e+00 2.006269637160203700e+01 1.423689664528178689e+01
2.526786264046545702e-02 2.002526786264010994e+01 3.423638756809189942e+01 3.054896134853548162e+01 1.054896134853583867e+01 3.054896134853619571e+01 3.415909856519188992e+01 3.416149684082500926e+01 2.053344179426620286e+01 3.727070765793438056e+01 3.146306187685275191e+01 1.146331975192032360e+01 2.251890529187206980e+01 6.404191637044992724e+00 2.640371665947112945e+01 3.421375475941305666e+01 2.163725338448220725e+01 3.068544488317440155e+01 1.058974827173520517e+01 3.068622078243370765e+01 3.972432092406976523e+01 3.139309344253013734e+01 3.860001162750655368e+01 2.193143056499248900e+01 1.933136312624174513e+00 1.347902263315839022e+01 3.347726404112700038e+01 2.569907078163904757e+01 3.620515419683419367e+01 1.620514748290598206e+01 4.658142095822278783e+00 2.465814504594003154e+01 3.423620109234393283e+01 3.535756296481770278e+01 1.601756362735411443e+01 3.535756296481770278e+01 3.423690248969184324e+01
4.163169627051844027e-03 1.414629879335812745e+01 3.414629879335883089e+01 3.883323259599673349e+01 3.054896134853619571e+01 1.997705176435664143e+01 3.997705176435734842e+01 4.881771304172910675e+01 4.053344179426690630e+01 4.215322744318849146e+01 2.215375896463019956e+01 3.146306187685275191e+01 2.903007147318142600e+01 9.204751805099906647e+00 2.334681974635546808e+01 4.334515526570762489e+01 3.577907312479153035e+01 3.693809108548917663e+01 1.707913237307211674e+01 3.098599462335468147e+01 5.229054784829268243e+01 4.576551665627145127e+01 2.569450540923799409e+01 1.303041499232854683e+01 2.861608482035341350e+00 2.285883701891128084e+01 4.175336069811761064e+01 4.569907345550448241e+01 4.448939632492918150e+01 2.706586407578232212e+01 7.065859157537673241e+00 2.706586407578242159e+01 4.326544036389333314e+01 4.430183487481701832e+01 3.015969925108531768e+01 4.430183487481701832e+01 3.320819022029049705e+01
5.883922493566802470e-02 2.005883922493531202e+01 3.375029455263139511e+01 4.203456580009358845e+01 4.826132301181954176e+01 3.411918738808809337e+01 3.411918738808809337e+01 5.411918738808879681e+01 5.629448010868612329e+01 3.629572880019473047e+01 4.215322744318849146e+01 4.784144286564512072e+01 3.207535271737713600e+01 1.212205163505322325e+01 3.212157305549412456e+01 4.795222313681306758e+01 5.576650870908306246e+01 4.549942104552685151e+01 2.577634527495839833e+01 4.550430974086285829e+01 5.528100943093646435e+01 3.713895695061981428e+01 2.277467962621079067e+01 2.379409386044725849e+01 3.795111600315045575e+00 2.379417206646219185e+01 3.372025847036394453e+01 5.264670300981988049e+01 4.107471158924922605e+01 2.107469437009691049e+01 9.527688977124348924e+00 1.619435564379113401e+01 2.326542345566259584e+01 4.326544036389333314e+01 5.015969925108602467e+01 4.901920949498338587e+01 2.901921014852167247e+01
1.256007409845548775e-02 6.679226740765150439e+00 1.375029455263068812e+01 2.529729993642340702e+01 4.529729993642411046e+01 5.411918738808879681e+01 5.411918738808879681e+01 6.240345863555099726e+01 6.457763595507753962e+01 5.629448010868612329e+01 5.652223004865177813e+01 3.968923477188412363e+01 1.968134965900387101e+01 1.712205164299041371e+01 1.968134167363936271e+01 3.382082161529168474e+01 5.371953859305188672e+01 5.499241278064732086e+01 4.012397254265449220e+01 5.474571372526040847e+01 5.995919585016309838e+01 4.554903718706230364e+01 2.906505341401414455e+01 5.138840286785932854e+00 1.005200767700370967e+01 1.547549996948253970e+01 2.824171479695724329e+01 4.694668470710610109e+01 4.935914376882820420e+01 3.227491108068844028e+01 1.227490025609815305e+01 3.227491108068844028e+01 4.326544036389333314e+01 3.740755970875765968e+01 5.740761528828480209e+01 5.730344151014763554e+01 4.281742922600879098e+01
9.594114293757748102e-02 2.009594114293722100e+01 3.375029455263139511e+01 4.203456580009358845e+01 5.358157118388631091e+01 5.622411508415371628e+01 5.622411508415371628e+01 7.621963490438530187e+01 7.395656482573497215e+01 5.391470818229815620e+01 3.975914995090110438e+01 2.820954773299202145e+01 2.468134405117286434e+01 3.712141352632867353e+01 2.862561130858635394e+01 3.233023722493848595e+01 4.646976094318633699e+01 6.644811615351613909e+01 6.192188473127904302e+01 5.693684139642952857e+01 4.612871785131389402e+01 3.238391984878086305e+01 1.777018022870411684e+01 6.094355016909224432e+00 2.542034533069916691e+01 1.810614514461371272e+01 3.001283984497313995e+01 4.903354395253656861e+01 4.924551405139502691e+01 2.924546337992253697e+01 1.510332738084436777e+01 2.924546337992253697e+01 4.924551405139065707e+01 5.740761528828480209e+01 6.569219753841539955e+01 5.914735923263307882e+01 3.914736120683639342e+01
7.711341127313005306e-02 1.421924903500420534e+01 3.421924903500490700e+01 4.147096426572132088e+01 4.974593078127332291e+01 3.622467920834868949e+01 4.938652472331287413e+01 5.767020402863985851e+01 6.921343412708853293e+01 6.088918541627229786e+01 4.086218642533689405e+01 4.822299911442237885e+01 3.022835340734213005e+01 5.022691704704121207e+01 3.862543551417672916e+01 5.232128569511900196e+01 6.059067729747388853e+01 6.624755818612719338e+01 5.778722603869302787e+01 4.875176599200234762e+01 3.056373399503728194e+01 2.101873521909767106e+01 1.794415517407428240e+01 7.056422843101890052e+00 2.950404637523114815e+01 3.538248849691385089e+01 3.003153957063727120e+01 4.912754544748614904e+01 5.222695726805355321e+01 3.222688751548827923e+01 1.808475135084414021e+01 3.808477232181336092e+01 4.664535999285406831e+01 5.491785134204964436e+01 6.643904240717237997e+01 6.743156363219820548e+01 5.776832943987789548e+01
2.297228869525369793e-03 2.000229722886917116e+01 2.654346879890673705e+01 2.147109108716339421e+01 3.357526049792666356e+01 2.622467997111894533e+01 2.938658921032266136e+01 4.093359393269796698e+01 6.093316044628173955e+01 6.919147147256650499e+01 5.501883219480794907e+01 5.625651224061846989e+01 3.625860734579232769e+01 5.625651224061846989e+01 5.276363297525485763e+01 6.687969174203432488e+01 7.195899655179429999e+01 5.237645616792187298e+01 3.847990383273403836e+01 4.574953285801557001e+01 4.106700099590210584e+01 2.982006107730207134e+01 9.971619771064672122e+00 2.090703141529850839e+01 8.603449366056461045e+00 3.264735427381458521e+01 4.912754544748614904e+01 5.735199955015032458e+01 5.073391883370133115e+01 3.073386211633178888e+01 3.808477232181117955e+01 2.286566578818179707e+01 2.664531051827413677e+01 3.819229617153894907e+01 5.818456835221282120e+01 6.926941849571410614e+01 6.671258374009634906e+01
9.647730019007895452e-02 3.299040376291828558e+00 6.543468798907093209e+00 9.924085817821188371e+00 1.357556953452232662e+01 1.783958386163461185e+01 3.198171287314425726e+01 5.197985276744113037e+01 5.940004864862684286e+01 6.769522231772737086e+01 7.506147177945223348e+01 6.332638229217276660e+01 4.332977006992591384e+01 6.332638229217276660e+01 7.273500865164669449e+01 6.352042836211762022e+01 5.529993641766984069e+01 5.018180548819077558e+01 4.575425719525998147e+01 2.602763512060143469e+01 3.283723091244633707e+01 1.301767585779342973e+01 2.981934434842107251e+01 1.016112571211861137e+01 2.907017852160983651e+01 4.225029258659137099e+01 5.234761905874976406e+01 6.078430229736903101e+01 5.901864339708341589e+01 4.487600168140941292e+01 5.115038159214483926e+01 3.180993769916778646e+01 4.664535999285406831e+01 3.281744451676644303e+01 4.098241033499805752e+01 5.252941829379057737e+01 7.253051332860191280e+01
3.582433992925927735e-02 2.003582433992890444e+01 2.654346879890744759e+01 2.992409059722799469e+01 3.357558604721572948e+01 3.783960734308444529e+01 2.600454967100723991e+01 3.232910499167131491e+01 3.940017280639546726e+01 5.094718368389430907e+01 7.094994238077175908e+01 7.160476513758895578e+01 5.487672912930972302e+01 7.160476513758895578e+01 7.070142410200740812e+01 5.529993641766984069e+01 3.588386658568995102e+01 3.070294823177000154e+01 4.337723277196431582e+01 3.592163140399976129e+01 1.613551671178823455e+01 3.283723091244633707e+01 3.120298641463422129e+01 1.126327811902363152e+01 3.115424619109017712e+01 3.813669275902992695e+01 3.228592943217129374e+01 5.235639763357741572e+01 6.846555705489443255e+01 6.487618187002335901e+01 6.009485910318793600e+01 4.335694336998789566e+01 5.816292305326100376e+01 3.816266935506929769e+01 5.816292305326100376e+01 6.926941849571410614e+01 8.082294400519801059e+01
1.813270376062421294e-02 2.001813270376026921e+01 3.018770664188661357e+01 3.596120933378246320e+01 4.262787600044901382e+01 5.091214724790483359e+01 4.600469069288460133e+01 5.232939515548748943e+01 5.940125935220187614e+01 6.769601851104533807e+01 7.925100529901077095e+01 8.314540286308232453e+01 7.486882316581112207e+01 7.070142410200740812e+01 5.115361776300952101e+01 4.443517462933281337e+01 5.470922393887918389e+01 3.508163948686089384e+01 2.379501550207916338e+01 1.947876829354907358e+01 3.592163140399976129e+01 4.094217218445128736e+01 2.262438254096730006e+01 1.236897474364992711e+01 3.201418032930939717e+01 1.817811867750700472e+01 3.814191951122455038e+01 4.031044993001585652e+01 5.444120381515256923e+01 6.598159235926944177e+01 7.164231283063638500e+01 6.335709126973343075e+01 6.523412961440641311e+01 4.523373717217947387e+01 5.449265728162085765e+01 7.449373295746204349e+01 8.134625791827888008e+01
2.372884694381488524e-02 5.023728846943792625e+00 1.018770664188696884e+01 1.596120933378317730e+01 2.262787600044972791e+01 3.262787600044937619e+01 4.677001162417982982e+01 6.677001162417840874e+01 6.457740017086305784e+01 6.198226993092541903e+01 7.026654117838602076e+01 8.181354656217813215e+01 8.479399252572902412e+01 6.486409113223099610e+01 7.070142410200740812e+01 6.144419010465528430e+01 6.295850232511503464e+01 4.332613089037658227e+01 2.356235028096345374e+01 3.923793653227750156e+01 4.747400484842761870e+01 4.957130655974181366e+01 3.683808988424979702e+01 3.230745145751819791e+01 1.394584747243540690e+01 3.389010674315478866e+01 2.279917926668486317e+01 2.616369272717691885e+01 3.771358145861186983e+01 5.772375771338740691e+01 6.056719297076124064e+01 8.052551798870094046e+01 7.352062659828166602e+01 5.523373864067734473e+01 7.352062659828166602e+01 8.278144132322152871e+01 7.785008635171764979e+01
8.175220331382776484e-02 2.008175220331347077e+01 3.018770664188661357e+01 3.596120933378246320e+01 4.262787600044901382e+01 5.091214724790483359e+01 6.091214724789345780e+01 5.673275476533654427e+01 4.457740017086447182e+01 4.198226993092612958e+01 5.352927531471823386e+01 7.352927531471681277e+01 9.311023845133624377e+01 8.479399252572902412e+01 8.418319604480596752e+01 6.624679696729864986e+01 5.604557020468882911e+01 4.628979237035441230e+01 2.649812038182592033e+01 3.788248940770093753e+01 5.777438179418167863e+01 5.820330429682166340e+01 3.817771393113865486e+01 2.404519689674459570e+01 1.514941260392205713e+01 3.509986361167506885e+01 4.278924379698949565e+01 4.617087706616085541e+01 3.159981576657056124e+01 4.055968142082092243e+01 5.471654697677359280e+01 7.469190187809007853e+01 8.352205772457976707e+01 7.523452058813546728e+01 8.352205772457976707e+01 8.566519303735370272e+01 6.574050229191932715e+01
9.124702163186203252e-02 1.423338264536268660e+01 3.423338264536197784e+01 4.164232856632553137e+01 4.426845722351995960e+01 4.701566850249371754e+01 4.987281135963655032e+01 3.673275476533725481e+01 3.043526454713402174e+01 4.043526454713367002e+01 5.198226993092577430e+01 6.612440555465572345e+01 8.612440555465430236e+01 8.205822256364088219e+01 7.087989007814786646e+01 5.192319541594908117e+01 3.576997708179400348e+01 3.112592725709351171e+01 3.788248940770093753e+01 5.454855322642224280e+01 6.604643636177225119e+01 6.407121981390133669e+01 4.404307343180049372e+01 3.632584208212439592e+01 1.636762410737450324e+01 3.046415429159601729e+01 5.047726471201862353e+01 5.988464271931105287e+01 5.161956179350545426e+01 3.809948114020023979e+01 5.811271095862989000e+01 7.366329650541995022e+01 8.258524354129072265e+01 9.408591098432889055e+01 9.630730338135830948e+01 7.639773799160248302e+01 6.229954032922205442e+01
2.239863785106879432e-02 2.002239863785071350e+01 2.496019040259139032e+01 2.164232856632624546e+01 2.426845722352067369e+01 2.701566850249443164e+01 2.987281135963726442e+01 2.259061914160680118e+01 4.259061914160609064e+01 5.225574622893898180e+01 5.932681404080562260e+01 6.761108528826882491e+01 7.761108528826846964e+01 7.391266425100002380e+01 5.467701179899825803e+01 4.351169159953113308e+01 3.832613786031572545e+01 4.515417277087829007e+01 5.777438179465121948e+01 6.604643668923169741e+01 6.693472082605575224e+01 5.536526955306909770e+01 4.706306200759767222e+01 3.756174845529788087e+01 1.759532610265988239e+01 3.756174848870065119e+01 5.265491324847877763e+01 6.966825205371654306e+01 6.637044712881983344e+01 5.811271095862989000e+01 4.541821232344898362e+01 5.437156974455098180e+01 6.591514404744641809e+01 8.586729064013627521e+01 9.848516534068517103e+01 7.857565066956394162e+01 8.222911468378489985e+01
1.766589122093755945e-02 2.479495710807587461e+00 4.960190402591745595e+00 7.500192942595545809e+00 1.012632159978997493e+01 1.287353287876373287e+01 1.573067573590656565e+01 1.990096401704798978e+01 2.593119090860315623e+01 3.225574622893969234e+01 3.932681404080491916e+01 4.932681404080456389e+01 6.932681404080598497e+01 7.308140225935075307e+01 5.385967176069744511e+01 6.274604587037674008e+01 4.360421503977964619e+01 6.288915374436717798e+01 7.339517620954745780e+01 7.401883717976993182e+01 5.862999159395427995e+01 3.859548199300626692e+01 2.703796144805634682e+01 2.288862091183219505e+01 1.883142099342039799e+01 2.434738556164474588e+01 4.435411676666417691e+01 4.963689581068337731e+01 6.966825205371654306e+01 7.366329650541995022e+01 5.956672245961451040e+01 5.807496514726588543e+01 7.220509322169701250e+01 9.213802248684575602e+01 9.268191971132540630e+01 9.848516534068517103e+01 8.661530801493429976e+01
