LEM/with_lateral_4open/elevation_000638.asc
nrows	100
cellsize	150.0
xllcorner	0
ncols	100
yllcorner	0
NODATA_value	-9999
[rows 68 to 84 of 100, columns 37 to 73 of 100]
1.001665225808726944e+02 8.339642314886782515e+01 8.784118056430200738e+01 6.758613069154606023e+01 7.130300159667623916e+01 5.462845124606198510e+01 4.982467395576166069e+01 7.005211353568137156e+01 7.108803922762615457e+01 6.259560936979332979e+01 8.257633115027977055e+01 8.542124475694375008e+01 7.380528066185750902e+01 6.187197816272242079e+01 4.201786809642150189e+01 4.444692621448047021e+01 4.799922627276486509e+01 6.797316098132529305e+01 8.253305358059644448e+01 9.255064390218024073e+01 1.000059077034819239e+02 8.832579215157019803e+01 7.229099737610906118e+01 5.209388673551872984e+01 7.229099737610906118e+01 8.992880956696670580e+01 7.564848475632010150e+01 7.786564406944563643e+01 9.809244734475944938e+01 9.934437386152880833e+01 8.664513986761824071e+01 6.993835985151036994e+01 7.764612474405033993e+01 5.783951223252961427e+01 7.466529696028987928e+01 5.487897034420412723e+01 6.626781565342245983e+01
8.339642314886782515e+01 7.165055014261869815e+01 8.178027964888647716e+01 7.130300159667623916e+01 5.114374599450298575e+01 6.605277651404560402e+01 4.613782592257725668e+01 6.628266964661258953e+01 5.101722980543141261e+01 7.108803917565049346e+01 7.051173160678635554e+01 7.886057749362907998e+01 7.356345579452973027e+01 5.351264526721475789e+01 3.958471524984869205e+01 5.938534108359838370e+01 6.796388518585027327e+01 5.946903854675949219e+01 7.110082247878007422e+01 9.116807255515419683e+01 9.220404319038581775e+01 8.385893205521956872e+01 6.872061890252297189e+01 4.863504875547631201e+01 6.740081897241155673e+01 7.143251125988028605e+01 6.128769089239255408e+01 8.157733162736792565e+01 9.106841152304852471e+01 1.011799372792589082e+02 9.817111312771835685e+01 8.983821426307544300e+01 8.466659935063789533e+01 6.480969854477407921e+01 7.978224520426429933e+01 5.996438175655502789e+01 7.978224520426429933e+01
7.889032786005658693e+01 6.978230782167452162e+01 6.148601067583217628e+01 5.646059526322235200e+01 6.641279699660314861e+01 4.633099646412854611e+01 4.306333766004315322e+01 6.000873199436806971e+01 4.434133635128761597e+01 5.626783728845477128e+01 5.036789342265686287e+01 7.051167851600152403e+01 6.328328400335043114e+01 5.466758898428683722e+01 3.762456504708371341e+01 5.154274989392905582e+01 7.154296213869132259e+01 7.958338327655025068e+01 8.780412893220101012e+01 9.931206866920673804e+01 8.385893205521948346e+01 6.360896176305844563e+01 6.527597204052190705e+01 4.530173767440160049e+01 4.736196227549388027e+01 5.127404982253599286e+01 5.657633007802397884e+01 6.239173131138863937e+01 7.258022355782360080e+01 8.695595788907218093e+01 1.071077022882624306e+02 9.878752412889569712e+01 7.881752079423300472e+01 7.881752079423300472e+01 8.640609309000888061e+01 6.653453638849362051e+01 7.612164594173894727e+01
9.568184993147865214e+01 7.565887576774190393e+01 6.549408487508560484e+01 7.671828489022361452e+01 7.440088363982641795e+01 6.617115011710993144e+01 5.961920098805885004e+01 3.988367991968840442e+01 3.797053940230169644e+01 3.620562398091463763e+01 5.375945152993231346e+01 6.182483438368562645e+01 5.473153959406631230e+01 3.486857281039957002e+01 5.184464825370422858e+01 5.688414795417253345e+01 5.408626696345710627e+01 6.802460371244265502e+01 8.864840958712110819e+01 8.639208497150463018e+01 8.385893199925094166e+01 6.360896176303602090e+01 4.945056602835661863e+01 4.205751225841428464e+01 6.194693297949972788e+01 7.143251125988010131e+01 7.685119750912640768e+01 8.271924536434025299e+01 7.527510948831475446e+01 8.963173393499472752e+01 1.097656137744014160e+02 1.071489621238380749e+02 9.878752412889569712e+01 9.878752412889569712e+01 8.273577257239051619e+01 7.796921634660681377e+01 9.472781472559867666e+01
9.568184993147865214e+01 8.572122457804410089e+01 7.985809770595473367e+01 9.397535159554209372e+01 8.047179459475587748e+01 5.992477815560655330e+01 4.571556847505695487e+01 6.000873214306589887e+01 5.808930545900568632e+01 5.376006007168289358e+01 3.382890492399778282e+01 5.297389148294303851e+01 6.269342421960753597e+01 5.192943953199500129e+01 3.213620746827402286e+01 3.866198783000973549e+01 5.198298830756836253e+01 7.252726944286304445e+01 8.063654269635806315e+01 6.658255016634863921e+01 7.591040464384322206e+01 6.480188978856851634e+01 5.647063608959009429e+01 3.974505726547349127e+01 4.763547502105158316e+01 5.734198781378881193e+01 7.143982222341477950e+01 9.161182147089334649e+01 9.552881080836183969e+01 1.038454612664446159e+02 1.082810627905707292e+02 1.003566735324573216e+02 1.082810627905707292e+02 1.111092489501349405e+02 1.027371465858782784e+02 9.793096085391880479e+01 1.062886400689442752e+02
1.073700903394218216e+02 1.057063576123919830e+02 1.001195466312398565e+02 9.727953878605237037e+01 8.565033856758829245e+01 7.018595019069248053e+01 5.007406351602209327e+01 7.018595019069248053e+01 6.624802413764447806e+01 4.614319202126093700e+01 3.219822149854674365e+01 4.964851651180644154e+01 4.801440102929917941e+01 4.763277924959416509e+01 3.027985104998661114e+01 5.014817911333071265e+01 5.786851271727618951e+01 7.839058236651924005e+01 7.238462857862789690e+01 5.260233670470469747e+01 5.987320864666035902e+01 4.754236731891455037e+01 3.660299492600740479e+01 4.529232692496729840e+01 6.458836342356160287e+01 7.566602083553939906e+01 8.568776727199860943e+01 9.021264355734479068e+01 9.853416524583069247e+01 9.977760845012284108e+01 9.195294164182526231e+01 8.197176953307054248e+01 9.897932295526881319e+01 1.055641332473049232e+02 9.713055812300092384e+01 1.055647863679873240e+02 1.081211322332300711e+02
9.908224332980772431e+01 1.152129452793161164e+02 1.036557320060441612e+02 8.898179157731433975e+01 6.879393213415274033e+01 5.713081374400356793e+01 7.018613383966224717e+01 7.852045736169361589e+01 7.152675775734883246e+01 5.001330159141393494e+01 4.655970826261126660e+01 2.990071232013548652e+01 2.826544020628399423e+01 2.771761965035587494e+01 4.743411191251886549e+01 4.356368276572896292e+01 5.788086832690868988e+01 7.833613218925262345e+01 7.386343509696816056e+01 5.407826711027124134e+01 4.013013553495892438e+01 3.353709319263563771e+01 5.340645801663243475e+01 5.876047926849558678e+01 6.368162011169525272e+01 6.884015972348193202e+01 7.594768247003052863e+01 7.003894212094058958e+01 9.021264355734479068e+01 8.902009833671779404e+01 7.342719776945025956e+01 7.262969136351708244e+01 9.116422153276398888e+01 9.554837152313650961e+01 7.726586617342751140e+01 9.555730721519708482e+01 9.657246279853528392e+01
1.073700903394227169e+02 1.069405928245914339e+02 8.690366991127459073e+01 7.522786590302604282e+01 6.615586408569207322e+01 7.732632549344270956e+01 7.392906006553340603e+01 6.556819972017061104e+01 6.975883546209222175e+01 7.145347591407087862e+01 5.796048813492933505e+01 4.118128278534761222e+01 4.587442861164125674e+01 2.594129148141674079e+01 3.199266137880534444e+01 5.515078176337872407e+01 7.228521584545076450e+01 7.965646197372838344e+01 5.955073702733648133e+01 5.955073702728943630e+01 5.138660508044795705e+01 3.151475401981184632e+01 3.503091231408489392e+01 3.900013602122403000e+01 4.378655600566694517e+01 4.886122171628083777e+01 5.584457234394182734e+01 7.003894212094058958e+01 9.021264355734479068e+01 8.125709843017145317e+01 6.227765193187891413e+01 8.125709843017124001e+01 8.115209197464406543e+01 7.734015618807679004e+01 6.748225467381172393e+01 8.719807623156542320e+01 8.827657471900337782e+01
9.620309450688345976e+01 1.045366890288029822e+02 1.027627939120692702e+02 8.267774311355474026e+01 8.636341860732241571e+01 7.987592510520454425e+01 5.964174581897984950e+01 4.538858770468421966e+01 4.956324106303736698e+01 6.383847929325266080e+01 6.955802332875541083e+01 6.121486646109833174e+01 4.467554612274638970e+01 2.474835686880733832e+01 4.467554612274638970e+01 5.093310309498624378e+01 7.190589532917380211e+01 7.222114445790586501e+01 5.955073702733648133e+01 3.960456118455179109e+01 4.693566777262375211e+01 2.951291481971793473e+01 4.939022873736298180e+01 5.885635830360177323e+01 5.144609104281927614e+01 6.884015972348193202e+01 6.294175723244119780e+01 8.308016301368766676e+01 8.940382930520259208e+01 7.070905551901222452e+01 5.694895381424684189e+01 6.991676172660555721e+01 6.322389081463121840e+01 5.758783136816429504e+01 7.734015618807083570e+01 9.404730872036439848e+01 8.123246129222168577e+01
7.610904897700415006e+01 9.293115357573269364e+01 9.910414175386873126e+01 1.027627939120692702e+02 9.634803746420313075e+01 7.617390233153352597e+01 6.185663481232171534e+01 5.547839371242744022e+01 3.561248805260129302e+01 4.768634443437770898e+01 5.600839487773909298e+01 5.013188556314850075e+01 4.184260432477039870e+01 2.356341041093762101e+01 3.416330429393262591e+01 5.286312184819946935e+01 7.034485371397217079e+01 5.216414948476288060e+01 5.216414965557506633e+01 4.456050533971821892e+01 2.705232305160498285e+01 4.693566629098604182e+01 4.353966139534522028e+01 6.351474815417138586e+01 6.535489497177927376e+01 7.057168657637473075e+01 8.308016301368766676e+01 9.141035946460804951e+01 9.457616667931050358e+01 7.610475930319208260e+01 6.991676172660567090e+01 5.045130483643661279e+01 4.941845861260884476e+01 6.974343180710053502e+01 8.563102622234544015e+01 8.575676068210341896e+01 6.582096434169706356e+01
6.452833752050584337e+01 8.460179191109894248e+01 7.900565865228256257e+01 9.322138562991391098e+01 8.531044422469626909e+01 7.519630120181682287e+01 6.683516308116429627e+01 5.967053628034609147e+01 4.768309032751681542e+01 2.815045132461610322e+01 4.294818340327267236e+01 4.020631800004076695e+01 2.190272509834283099e+01 3.599322682102904025e+01 5.168785959053153078e+01 6.106431928731764458e+01 5.859579694329072908e+01 4.219923267814685630e+01 3.225524958003261133e+01 2.467154599178498486e+01 4.456050479021368460e+01 5.523560831612230260e+01 6.351474802837409328e+01 7.185114429696278648e+01 8.510968763143480942e+01 8.929232240007034704e+01 9.288553369479174648e+01 8.437999961781669356e+01 8.087323427909622353e+01 7.159682755251505171e+01 6.583522294771226768e+01 5.912151725346168263e+01 4.440333533295593327e+01 5.910640280443615069e+01 8.166609597798613152e+01 8.357133573324797737e+01 6.364211856817801305e+01
5.744185620523280278e+01 7.750475405038525878e+01 6.481753958166252971e+01 8.317910955364997960e+01 7.696451137961916800e+01 5.670582286008138340e+01 4.657499900372516777e+01 3.958899065611488055e+01 3.466060183492748337e+01 4.294818355016190736e+01 2.341815716385052681e+01 2.025643466091456091e+01 4.020631800004061063e+01 5.007287892015432362e+01 6.386887478723657807e+01 6.457300779083233522e+01 4.447817195377029265e+01 3.043584659150929284e+01 2.231199956424596920e+01 4.220969502597062473e+01 4.850000051502355802e+01 5.332345260974923207e+01 5.846608341378441054e+01 6.603446062882434830e+01 7.438035292599701620e+01 8.445831535197295636e+01 8.437999961781669356e+01 6.266526553750390605e+01 6.864242277427320005e+01 5.223169140339230410e+01 5.607474938607010984e+01 4.007930945142415879e+01 6.003549711492244967e+01 6.390565578992460871e+01 8.286499923648693766e+01 8.942624979470902247e+01 6.947925113208764003e+01
5.140088662453110402e+01 6.413263041521847185e+01 5.479532353332494665e+01 7.485495382141823484e+01 8.531051319685592205e+01 7.519702963551361563e+01 5.595748061595769229e+01 5.374114357927151531e+01 5.448695999962589553e+01 3.929844406097307541e+01 3.910736316256958389e+01 1.916362011159078449e+01 3.758448288951468186e+01 4.586968564953183858e+01 5.848005208234071972e+01 7.001610052950371710e+01 5.027634882450410458e+01 4.062102110052993709e+01 2.071316688416488105e+01 2.463086605028795617e+01 2.861483689664464336e+01 3.343585775674126381e+01 3.854875998204111198e+01 4.601041668950102803e+01 5.595353306416933492e+01 7.611538819347941853e+01 8.353319253037480507e+01 6.249273672366148702e+01 4.808003588349640012e+01 4.173194245972763383e+01 3.594561416651817609e+01 5.180776941040522843e+01 5.841069343745503062e+01 6.786902724913387885e+01 7.763218274112963968e+01 8.937831965194578743e+01 7.394858499246367955e+01
6.413263041521847185e+01 4.408867676944740310e+01 6.413263041415952159e+01 7.677154015930095454e+01 8.845101759962594201e+01 8.455057460636268729e+01 7.620044144681186538e+01 7.399097311121266785e+01 6.752564556346960956e+01 5.918610649181568562e+01 4.739010947148516806e+01 1.762083192979265789e+01 1.761918453383276528e+01 3.023055069060895050e+01 4.435529597909754074e+01 5.748970368829530031e+01 4.535175180143489371e+01 3.708628750377884131e+01 1.923325300809220906e+01 3.332283482213935599e+01 4.850000236619111860e+01 4.116122585749594975e+01 5.846608341378441054e+01 5.108451990740985593e+01 7.116797687580826448e+01 8.445831535197295636e+01 8.668902885341653075e+01 7.743145244038539943e+01 6.865141045404614317e+01 6.205406862160980097e+01 5.246933979798340886e+01 3.240500317741010861e+01 3.987450231688149671e+01 4.895094487825847551e+01 6.060627777157463214e+01 8.093442790576601453e+01 7.080022442055421550e+01
4.911760925302341718e+01 4.016561173736688062e+01 4.833698856720700832e+01 5.990695317234543893e+01 8.002303615895000632e+01 9.330612108799998339e+01 8.711107984459715681e+01 6.674805148877310046e+01 5.511006477151349259e+01 6.103926776456709291e+01 5.546710962511475884e+01 4.586727288977381534e+01 3.607091778142311256e+01 1.608113202563117738e+01 3.456626687325071146e+01 4.285035540104797747e+01 2.923908877422197961e+01 1.715379138204144027e+01 3.710670389219841780e+01 4.746727319651869692e+01 6.184645407447843013e+01 5.263699582609732630e+01 6.941689703450641957e+01 6.525709895450090414e+01 7.951077731737062493e+01 8.080877249493573800e+01 6.654378963907370803e+01 8.080877249493573800e+01 7.426945233666776858e+01 6.591341881252921553e+01 5.015008599835739744e+01 3.009329085053947495e+01 3.905318858561089002e+01 5.323708150510648807e+01 7.334879015697795523e+01 8.708449565913102219e+01 6.714038490204360698e+01
4.692769919155700364e+01 3.692345265351661965e+01 5.695081741248082352e+01 7.656158030466605169e+01 6.470953199254203980e+01 7.912705296269923849e+01 9.548579627756193133e+01 7.535524406960847443e+01 5.511006767913798399e+01 4.107779551270870400e+01 3.565741334536625118e+01 3.059750504897287016e+01 4.336906732140785437e+01 3.456626700765207261e+01 1.455832485326527603e+01 3.312532371313154300e+01 1.509192625091169937e+01 2.132707854024017280e+01 4.121307551846508233e+01 5.939837903621953075e+01 6.937513871772310381e+01 7.269800647574498953e+01 8.099331645517089839e+01 8.543809851896020291e+01 8.343257984450721665e+01 7.181406946381613920e+01 5.236502403977753062e+01 7.181406946381613920e+01 6.591341881252907342e+01 4.583460359175190035e+01 4.793306661784194489e+01 2.788305718910626041e+01 4.793306661851574546e+01 5.912766458799149660e+01 7.926247697289937832e+01 7.568889498474176492e+01 6.416398748401013563e+01
4.805991485560163312e+01 3.391229350159652256e+01 5.393110819152750679e+01 6.830487453970029321e+01 5.053532228841508811e+01 6.881112170053015120e+01 8.035108465151726875e+01 7.543489788272744079e+01 5.512023960669417022e+01 6.058635953685081432e+01 5.035642842270920028e+01 3.059750636758073128e+01 2.362357556459961927e+01 1.984644935427467871e+01 2.946109499396298048e+01 1.311549085520624303e+01 2.252574988867846173e+01 3.979854203506179999e+01 3.130521704998320587e+01 4.115660101748411392e+01 5.518691519987927308e+01 7.524914727631079359e+01 8.206088723210453395e+01 9.021008918121799525e+01 7.506392692122487631e+01 5.497315784058462640e+01 4.340776090759312922e+01 5.491228688404874703e+01 6.324924458922091475e+01 5.107550574998591486e+01 3.166577845431109139e+01 2.571268549478341114e+01 3.987762830626166988e+01 5.994881219565183983e+01 7.985266250812571798e+01 6.741428536254180415e+01 4.745875227517475281e+01
