LEM/with_lateral_4open/elevation_000506.asc
nrows	100
cellsize	150.0
xllcorner	0
ncols	100
yllcorner	0
NODATA_value	-9999
[rows 0 to 16 of 100, columns 0 to 36 of 100]
8.271705653423140625e-02 2.127631151761726416e-02 9.425194436011796739e-02 4.939197167322698090e-02 3.975871534419905817e-02 6.171646774684565184e-02 1.696294146011132625e-02 1.936121709489252440e-02 4.216450047424835645e-02 2.297044857093000214e-02 6.704298068806634203e-02 4.162315340452049650e-02 3.835349583220235004e-02 2.777463300387698203e-02 2.207885817162396139e-02 7.161913568127860341e-02 9.025521335945362045e-02 3.502399586135773735e-02 8.040414306008919487e-02 3.131346976591601466e-02 7.604099264847130613e-02 2.387740603804927586e-02 5.687112022313325910e-02 4.074439634684711570e-02 8.709178300582484655e-02 7.612946965408906586e-02 1.077918208624280109e-02 9.929772718869623455e-03 4.600412614040166881e-02 2.152795518990661267e-02 2.378824418737431057e-02 9.511189423522797837e-02 9.406546861214974686e-02 1.749038473908382007e-03 2.223905489293687143e-03 6.269637160239108220e-02 9.476101746191394060e-02
7.813061968023242432e-02 2.002127631151726206e+01 2.009425194435976181e+01 2.004939197167287190e+01 6.706425382010894332e+00 2.006171646774648920e+01 1.415909856519118648e+01 2.001936121709453786e+01 4.042164500474265232e+00 2.002297044857057529e+01 1.425684973899508634e+01 1.976840616625968039e+01 1.942615577760975754e+01 2.058466963270467520e+00 2.002207885817126964e+01 1.984857646393300357e+01 2.009025521335909659e+01 8.980924810032234973e+00 2.008040414305973442e+01 2.003131346976556060e+01 4.246327903327931530e+00 2.001800738548264036e+01 1.419910643563351371e+01 1.418292318071610403e+01 2.008556188809210852e+01 1.260827225249703476e+00 2.001077918208588713e+01 1.779470936031524531e+01 2.004600412614004767e+01 1.002152795518999362e+01 2.002378824418702052e+01 5.868614586131510436e+00 2.009406546861179521e+01 1.413130406052789567e+01 2.000222390548893969e+01 3.350676117713365265e+00 2.009476101746155763e+01
2.526786264046545702e-02 1.416740348637154057e+01 3.416740348637224400e+01 3.377749319387713456e+01 1.377749319387643112e+01 3.377749319387713456e+01 3.415909856519188992e+01 2.812464740525112816e+01 8.124647405112931153e+00 2.812464740525112816e+01 3.475631418449890475e+01 3.525292482589880905e+01 1.609778303258085330e+01 2.133166916393996360e+01 5.023464225368533320e+00 2.536806900222274308e+01 3.727146265425960081e+01 2.313877827674776455e+01 3.729221440054615044e+01 2.848405235566243121e+01 8.510322955416006252e+00 2.264011868158114638e+01 3.420480343759639652e+01 3.418636428859471010e+01 2.245010440164243803e+01 2.447608886374859516e+00 1.207120736108618253e+01 3.131146890575123720e+01 3.830579920265289928e+01 2.416366357892119510e+01 3.189884186072927719e+01 1.189884147768683675e+01 3.189884186072927719e+01 3.383307332670343470e+01 2.668683458355386051e+01 6.684009451158486215e+00 2.668683458355386051e+01
4.163169627051844027e-03 1.414629879335787699e+01 3.414629879335716822e+01 4.206176444133933501e+01 2.532449857766915002e+01 4.206176444133933501e+01 4.956453746319113662e+01 3.270849571073770079e+01 1.250491319515889010e+01 2.544119494798420789e+01 4.287966119658285180e+01 4.334746825697643402e+01 3.502323367688018152e+01 1.713838714662980323e+01 7.143459974103065768e+00 2.082666970427733943e+01 3.930653511172778991e+01 4.316223919246150587e+01 4.477424084843179486e+01 2.482291603791025381e+01 1.367400704123156352e+01 3.361526186359868262e+01 5.082414415424606347e+01 3.896788761184220817e+01 2.360845187264174783e+01 3.644977605219514860e+00 2.143226245004121111e+01 3.775101071584745682e+01 4.903809118471313155e+01 4.416366357892189853e+01 3.896991104706194875e+01 1.896990928955243660e+01 3.896991104706194875e+01 4.371665414982741282e+01 2.423345739538246235e+01 1.016556257520928952e+01 2.431073521922048641e+01
5.883922493566802470e-02 1.420097484866674264e+01 3.420097484866744963e+01 4.540606904083755069e+01 4.532449857766985701e+01 5.360876982513205036e+01 4.130309876685100789e+01 2.114696795494083048e+01 3.270849571073770079e+01 2.533014671897959502e+01 4.530432372102904282e+01 5.279110405156476560e+01 3.332075465182809637e+01 2.935792844846291061e+01 9.352090453055765806e+00 2.657155506768508602e+01 4.089532374869096287e+01 5.215680879911841572e+01 5.304202222174731673e+01 3.911369129821145663e+01 1.921917831369770013e+01 3.851775603276411175e+01 4.737746433981963179e+01 2.429116298569331533e+01 7.599788313952088536e+00 4.868697498349162878e+00 2.483793891419827915e+01 2.073673643200978844e+01 3.487950137364360614e+01 5.489967781714814521e+01 4.725432764810835806e+01 3.051691467344811670e+01 4.725432764810835806e+01 4.566367745415297463e+01 2.550747682055714094e+01 1.394520746925695498e+01 2.549463185180706759e+01
1.256007409845548775e-02 8.177525883375645677e+00 1.712179779337464680e+01 2.866880317716695714e+01 4.281093880089741077e+01 6.281093880089670023e+01 4.839808519238783902e+01 2.833043313669353935e+01 4.839808519238783902e+01 3.957743632689700775e+01 5.365034746648077402e+01 6.079152469850451723e+01 4.517163857722253084e+01 3.240895035022572301e+01 1.240206179298307099e+01 1.406679291614812044e+01 2.405060866330422797e+01 3.807259074576535340e+01 5.793681590082169208e+01 4.539339620020950150e+01 2.553522567617118000e+01 4.539339620020950150e+01 4.575479928028767063e+01 2.404089714033311154e+01 2.991814061427650984e+01 2.485484323235497328e+01 6.607041920614147301e+00 2.659468324480823043e+01 3.690134540902727878e+01 4.244980295766384870e+01 4.848211140364362848e+01 5.051692304520182830e+01 5.880166992633787970e+01 5.406069312137554306e+01 3.832844939551303298e+01 1.830956976212567255e+01 3.832844939551303298e+01
9.594114293757748102e-02 2.009594114293722100e+01 3.096934021177362339e+01 3.729389553211155572e+01 4.557816677957375617e+01 5.452243868957307171e+01 5.664257223869037716e+01 3.997710465284060888e+01 5.664257223869037716e+01 5.948172152705421922e+01 6.413599980252888599e+01 5.042676474855515067e+01 3.688305694126919576e+01 1.687424398881854870e+01 3.240895035022572301e+01 3.397128179882909649e+01 1.932143437633246563e+01 3.337855964392785779e+01 5.321553333290051313e+01 5.361725733924373571e+01 3.443838721610130449e+01 5.361725733924373571e+01 5.417408921830099189e+01 4.572667293684924061e+01 4.515444340262356349e+01 2.783931228078245468e+01 7.849158290224654166e+00 1.231252624379095728e+01 1.689782853763881221e+01 2.244455449326467900e+01 2.847520735647435330e+01 4.262017002207593208e+01 6.263408857799346663e+01 5.469078512486730403e+01 3.465109835635331592e+01 2.347362511331523294e+01 3.762775248634867609e+01
7.711341127313005306e-02 5.422338249521640563e+00 1.096934021177398044e+01 1.729389553211085229e+01 2.623816744211016783e+01 4.038030306584161622e+01 6.038030306584231965e+01 5.990135853418372136e+01 6.814004413790527792e+01 6.413599981259611127e+01 4.412697482940094318e+01 4.213826097190459308e+01 2.212704016527866813e+01 2.394669051514764391e+01 4.395819067290052118e+01 4.307817326028631300e+01 2.324555198080832952e+01 3.726756676966503079e+01 5.710615861361186774e+01 6.248701096822445322e+01 4.845003892593656047e+01 6.248701096822445322e+01 6.019305276291705553e+01 3.964559954323827640e+01 2.523793620844416452e+01 2.804667040549100676e+01 9.147048175126666791e+00 2.328198643134899726e+01 3.689803880505725431e+01 3.322936048132991971e+01 4.848211140364362848e+01 4.002422003244230808e+01 6.003580587915388378e+01 6.299177326419665235e+01 4.983485628961456371e+01 2.979902978557361592e+01 4.349897163394069821e+01
2.297228869525369793e-03 2.000229722886917116e+01 3.096934021177433749e+01 3.729389553211155572e+01 4.557816677957375617e+01 5.452243868957307171e+01 5.971004175750066878e+01 5.969995170454939171e+01 6.796249216686589989e+01 5.935103784988653075e+01 3.934180236773002548e+01 2.778602761747515260e+01 4.213826098802237397e+01 3.289635368496336554e+01 5.224662126523075756e+01 4.787739214592669157e+01 2.808970604796298431e+01 3.579207595487948623e+01 4.718959290659913108e+01 6.712610871017454883e+01 6.827346037443635396e+01 6.487944423754942136e+01 5.518420546154887063e+01 3.517770893308053104e+01 3.100670198812520795e+01 1.100724759447110301e+01 2.914095630311907925e+01 3.740583511422310892e+01 5.148249996047705679e+01 5.323980468047093240e+01 6.154967300351736270e+01 5.157439588011271780e+01 6.834985936448033783e+01 6.251779384744487089e+01 4.246430879522615243e+01 4.396132219552468001e+01 5.813792084754339129e+01
9.647730019007895452e-02 1.423861292392115452e+01 3.423861292392185618e+01 4.349886980966471128e+01 4.438529268886684775e+01 5.266956393241149215e+01 3.970442350397008369e+01 3.970429345323150727e+01 5.969995170454939171e+01 6.763942018812034007e+01 5.251562141008391649e+01 3.250341268573463793e+01 5.251562234631000337e+01 4.445104807422408300e+01 6.119564198385604925e+01 5.297946631979270649e+01 3.321921983524380551e+01 5.297946382481076455e+01 6.391531259138716337e+01 7.545376068944194969e+01 6.487944423754942136e+01 4.487176658750898639e+01 4.788310889672346349e+01 3.517770893308053104e+01 1.517426234267681018e+01 3.100670198812520795e+01 1.313032620208173817e+01 3.313295773021626189e+01 4.357035682739260807e+01 5.161988895486943818e+01 5.990731043458114868e+01 7.159430688967967171e+01 7.992321720843260380e+01 7.081813936110805230e+01 5.664422324930982455e+01 6.401482195862705282e+01 6.779339241255824788e+01
3.582433992925927735e-02 2.003582433992890444e+01 2.615417110968754599e+01 2.349886980948754811e+01 2.438529268866305344e+01 3.661793203509459715e+01 2.556220394496198978e+01 3.710920947387248958e+01 5.710933998487570307e+01 6.885183692161785984e+01 4.884413478052610458e+01 3.828277767624250316e+01 5.829170165935364167e+01 6.445900287573095966e+01 7.274770297152507226e+01 5.958022228944005860e+01 3.977795438049806620e+01 4.931844003005722499e+01 6.926916524403031872e+01 7.346363581660730802e+01 6.191228391840456169e+01 4.854324384398734082e+01 2.853661392805373964e+01 1.959131186711967842e+01 3.517770893308053104e+01 4.141984987529141193e+01 3.313295773021626189e+01 1.527982714830736732e+01 3.528365192030947384e+01 3.161314819866185744e+01 5.161990062179296501e+01 5.760289850686807256e+01 6.466351362363290889e+01 7.291060480558581958e+01 7.669784764501845586e+01 7.107134767407922027e+01 5.103378719972495503e+01
1.813270376062421294e-02 3.068104110412723351e+00 6.154171109654575034e+00 9.356734185756344857e+00 1.283828730487033276e+01 1.661793203496267068e+01 3.076006765869387394e+01 5.076006765917982477e+01 6.539468075863300101e+01 7.713994388856139039e+01 6.657957895274078908e+01 4.983640908529422120e+01 4.983640908529429225e+01 6.398091674167823584e+01 8.399138128576637996e+01 6.790172440040433344e+01 4.854331139277625340e+01 6.790172440040433344e+01 7.760296817323275320e+01 6.517701038759031462e+01 4.516871782668071234e+01 3.361746782127180921e+01 2.467170142139804057e+01 3.373606615554979982e+01 4.788310889672346349e+01 5.529031657489664298e+01 3.528379800124575638e+01 3.528379800124650245e+01 1.746859973186066384e+01 3.747298011816543806e+01 4.866577242590611263e+01 3.761965473005442107e+01 4.469307830998209141e+01 5.623867430623710106e+01 7.617205815399772462e+01 7.935580966751102494e+01 6.779339241255824788e+01
2.372884694381488524e-02 2.002372884694345956e+01 2.615417110968754599e+01 2.090373956954906376e+01 3.283828730496200876e+01 3.661793203510512740e+01 2.446257744049017191e+01 4.446257744090340225e+01 6.274684890798919668e+01 7.429385477706028951e+01 7.813098765380954092e+01 6.984184610161983642e+01 6.984184611194865511e+01 6.984184611194865511e+01 8.985347079277670446e+01 7.685451217795589685e+01 6.260579795376583689e+01 7.685451217795589685e+01 7.686764086068842516e+01 5.686074981055683963e+01 4.271216955409875027e+01 3.116132992125984558e+01 3.361746782127180921e+01 5.296467743415101381e+01 6.203015163791390307e+01 6.185169793218089040e+01 5.078799445663688061e+01 3.918789211029231723e+01 1.918385471749174798e+01 2.312602850727151704e+01 2.867344492530181199e+01 4.866612020768701541e+01 6.466351362363290889e+01 7.291060480558581958e+01 8.441253545556548943e+01 7.878643390711972927e+01 7.049285177950231684e+01
8.175220331382776484e-02 1.422388782704490318e+01 3.422388782704560839e+01 4.090373956968292646e+01 4.918801083929643170e+01 5.274684877084428791e+01 3.860471306422162030e+01 3.446257744049052718e+01 4.600958282428344859e+01 6.600958282889402540e+01 6.967734782880839361e+01 6.967734789646945615e+01 7.804624409452114264e+01 8.399744522670894753e+01 7.572482914151193256e+01 8.399744522670894753e+01 8.276151490888337037e+01 8.539794435356030533e+01 6.539260937819642550e+01 5.124412090326372748e+01 3.969180416541342282e+01 4.116444677255814355e+01 4.516871782668071234e+01 6.191228402572423306e+01 6.623912063680253937e+01 5.380456607912267231e+01 3.425367124619525327e+01 2.272613656674734273e+01 2.157271007585470102e+01 4.157307568947993559e+01 3.165510336838645955e+01 5.164453130151676419e+01 6.988098745798866673e+01 7.984743505408458475e+01 8.465687301700519640e+01 6.462592208518815085e+01 5.042982074893971145e+01
9.124702163186203252e-02 2.009124702163150644e+01 3.091462543835227450e+01 3.723918075868949273e+01 4.479847021887417213e+01 5.308274146633637258e+01 5.860471306563159999e+01 4.860471306422255111e+01 6.274684890798919668e+01 6.389517284389974350e+01 4.974410561580023682e+01 4.974410561580693013e+01 6.967734789795747474e+01 7.401504743144204213e+01 5.576296053256938734e+01 7.401504743144204213e+01 7.860988350445312278e+01 8.688332591908969960e+01 7.235445016684208497e+01 5.234673649784277671e+01 5.384041691311819022e+01 5.271680688604076437e+01 6.517701038731600249e+01 7.346363619502916720e+01 5.796622053834887822e+01 3.800879741552670055e+01 2.645749271622820586e+01 4.272843324880796700e+01 2.399182378598460019e+01 4.399977890746934150e+01 5.164453130151676419e+01 4.165748490304874707e+01 5.165806433592554470e+01 7.160509106404403212e+01 8.081186888392565493e+01 7.251886725923412769e+01 5.780387681485971996e+01
2.239863785106879432e-02 5.367623476099579349e+00 1.091462543835191923e+01 1.723918075868878930e+01 2.479847021887346870e+01 3.894060584260491709e+01 5.894060584260562052e+01 6.860471306859919594e+01 6.852278506564643124e+01 4.866706918544259963e+01 3.602285946672031258e+01 4.804054434165480103e+01 5.147216805925687311e+01 5.506582814413281568e+01 4.576706127804886393e+01 6.449597948922736634e+01 5.864980902808876806e+01 7.860988350445312278e+01 8.064080506852464225e+01 6.649508046465525979e+01 7.384785881375049144e+01 7.272445816465592827e+01 8.101079235477679674e+01 8.150547041305112828e+01 6.326484201059088974e+01 4.332520405303729660e+01 2.919660416361611155e+01 4.646110082465624203e+01 2.644221057701146904e+01 4.646110082459339452e+01 5.838583582955985918e+01 6.163157769998480262e+01 6.988098745798866673e+01 7.984743505408458475e+01 7.251886725923412769e+01 5.246062248185975818e+01 5.110755029841971009e+01
1.766589122093755945e-02 2.001766589122058093e+01 3.091462543835227450e+01 3.723918075868949273e+01 4.479847021887417213e+01 5.308274146633637258e+01 6.547027756105113383e+01 5.729652757658467976e+01 5.693243997872110640e+01 4.866706918544259963e+01 2.909156509846733840e+01 2.805243063055398167e+01 3.146253524070924357e+01 3.505717559143577944e+01 3.966203562532516713e+01 4.452288693539405529e+01 5.605927900197493585e+01 7.017634580765421504e+01 9.013031024205399433e+01 8.650021996881969244e+01 8.559449911079924789e+01 7.731943178366314839e+01 7.066858806853342401e+01 6.466044751292194803e+01 5.330282398906700081e+01 5.196281946285707676e+01 3.201763074271474352e+01 4.204092279404318333e+01 4.646110082445463263e+01 3.004808101324010039e+01 5.009014775395731789e+01 6.859450466510601530e+01 7.860764767752985449e+01 8.374868108008938350e+01 7.372929240399129469e+01 5.833554635845304404e+01 3.824734226275134574e+01
