LEM/with_lateral_4open/elevation_000659.asc
nrows	100
cellsize	150.0
xllcorner	0
ncols	100
yllcorner	0
NODATA_value	-9999
[rows 0 to 16 of 100, columns 0 to 36 of 100]
8.271705653423140625e-02 2.127631151761726416e-02 9.425194436011796739e-02 4.939197167322698090e-02 3.975871534419905817e-02 6.171646774684565184e-02 1.696294146011132625e-02 1.936121709489252440e-02 4.216450047424835645e-02 2.297044857093000214e-02 6.704298068806634203e-02 4.162315340452049650e-02 3.835349583220235004e-02 2.777463300387698203e-02 2.207885817162396139e-02 7.161913568127860341e-02 9.025521335945362045e-02 3.502399586135773735e-02 8.040414306008919487e-02 3.131346976591601466e-02 7.604099264847130613e-02 2.387740603804927586e-02 5.687112022313325910e-02 4.074439634684711570e-02 8.709178300582484655e-02 7.612946965408906586e-02 1.077918208624280109e-02 9.929772718869623455e-03 4.600412614040166881e-02 2.152795518990661267e-02 2.378824418737431057e-02 9.511189423522797837e-02 9.406546861214974686e-02 1.749038473908382007e-03 2.223905489293687143e-03 6.269637160239108220e-02 9.476101746191394060e-02
7.813061968023242432e-02 2.002127631151726206e+01 2.009425194435976181e+01 1.419152759540430253e+01 8.984030625343434551e+00 2.006171646774648920e+01 1.415909856519118648e+01 2.001936121709453786e+01 3.756071264015278466e+00 2.000109472343042682e+01 1.421058263292485790e+01 1.418375877713559596e+01 2.003835349583184566e+01 2.184430097072649346e+00 1.999351995683469951e+01 1.007161131443416124e+01 2.009025521335909659e+01 1.417715961959243387e+01 2.008040414305973442e+01 3.405413569051773948e+00 2.007604099264811737e+01 1.416601302976912535e+01 2.005687112022277674e+01 6.070971287902145797e+00 2.008709178300546938e+01 2.007306804805550371e+01 8.615903946187136953e+00 1.215982415353752621e+00 2.004600304599351901e+01 2.002152795518955131e+01 2.002378824310411431e+01 1.423724751796630272e+01 2.009406546861179521e+01 2.000174903847355168e+01 5.002223905489271871e+00 2.006269637160203700e+01 4.177243922100561946e+00
2.526786264046545702e-02 1.416740348637129010e+01 3.416740348637058133e+01 3.419152759540500597e+01 2.053103600913615523e+01 3.726830187280634021e+01 3.415909856519188992e+01 2.753581691116927033e+01 7.535715994107534677e+00 2.167756568958568764e+01 3.425093622195808507e+01 3.418375877713629762e+01 2.435530731990550635e+01 4.353734675259220310e+00 2.435005817540479001e+01 2.421234362974061582e+01 3.832362135398268066e+01 3.417715961959314086e+01 2.675003689378409177e+01 6.815083638526319376e+00 2.675003689378409177e+01 3.416601302976982879e+01 3.239552660823966335e+01 1.239552660823895991e+01 3.239552660823966335e+01 2.823146112520454309e+01 2.745918654577706519e+01 1.535905628333203587e+01 2.931144196263515411e+00 2.016794511030862225e+01 3.212411609039301652e+01 3.423724751796700616e+01 3.256151336567303645e+01 1.256151336567375054e+01 2.500222390548962892e+01 2.834753221712765736e+01 8.347532203242094440e+00
4.163169627051844027e-03 2.000416316962669683e+01 3.541417828426207137e+01 4.435845019426339064e+01 4.053103600913686222e+01 4.881530725659905556e+01 3.420253403635622647e+01 1.420238266079541312e+01 1.647998792268041868e+01 3.578688696099753486e+01 4.987532777718214305e+01 3.827626729354215485e+01 1.811960351386040102e+01 6.562365196756160479e+00 1.550663792978396849e+01 3.550983455347346052e+01 5.234531520093774759e+01 4.439439154255695996e+01 2.443750815510519203e+01 1.037047512006765970e+01 2.443750815510519914e+01 4.439439154256147901e+01 4.067979785570186380e+01 2.133979851823827545e+01 4.067979785570186380e+01 4.975757629088435152e+01 4.363949130114812647e+01 3.121815994898810231e+01 2.293464869026069408e+01 4.659494912152722712e+00 2.466441965900169109e+01 4.400572591619997098e+01 3.833501605756919162e+01 1.833501605756990571e+01 3.833501605756919162e+01 3.281966818418597853e+01 1.281966815824171135e+01
5.883922493566802470e-02 7.129907036801173881e+00 1.607417894680049031e+01 3.021631457053169356e+01 5.021631457053239700e+01 5.334516284416081788e+01 3.334453673564818388e+01 1.920238266086038692e+01 3.648017033675779430e+01 3.280996980458684220e+01 5.281068995860996296e+01 4.646500830455433828e+01 2.890462721104829669e+01 8.903188140678723883e+00 2.890462721104829669e+01 3.183753637470515230e+01 5.184968763269864667e+01 3.810911864712581831e+01 1.815570004220226608e+01 3.028274396794197187e+01 1.833288370235872478e+01 3.811216021577729407e+01 4.962406976570117934e+01 3.548193414196972384e+01 4.962406976570117934e+01 5.560574092200788243e+01 3.630514561231536419e+01 3.447904204149764951e+01 2.535721932290216074e+01 5.888838546344518754e+00 1.589420113327788009e+01 3.582652311117630717e+01 4.500168272423574223e+01 2.500168272423645632e+01 4.500168272423574223e+01 3.816489281942750011e+01 1.816489299649010647e+01
1.256007409845548775e-02 2.001256007409810067e+01 3.541417828426407510e+01 4.435845019426339064e+01 5.713387755451464756e+01 5.889240053433127997e+01 3.889155060523514607e+01 2.474938462363830993e+01 4.474966391997293869e+01 5.281068995860996296e+01 5.652526052281543656e+01 4.416587699052687555e+01 3.043368148603279622e+01 1.129364535934580083e+01 3.130016250694546898e+01 4.419302166482567173e+01 6.015718944582304317e+01 4.412881606419846747e+01 2.416373838029698362e+01 4.412881606419846747e+01 2.511294198101422381e+01 3.811216021577730118e+01 5.798732271672923844e+01 5.548193414197042728e+01 5.983472546801793612e+01 5.162323605719998199e+01 3.078409481815296544e+01 1.660280104697411474e+01 7.654990564219543714e+00 2.589525310167927330e+01 3.409164618020527371e+01 4.400572591620000651e+01 5.328595397169735293e+01 3.500168272423610460e+01 5.328595397169735293e+01 4.393839543946680948e+01 2.393839568838626164e+01
9.594114293757748102e-02 2.009594114293722100e+01 3.470747068332234164e+01 2.884960630705375451e+01 4.299174193078420814e+01 6.299174193078349759e+01 5.303493689712630044e+01 3.369365696694037382e+01 4.107940020620121402e+01 6.108046466770938565e+01 4.821799473113344447e+01 2.819017381836585656e+01 1.663890065876505275e+01 3.130016250694546898e+01 1.588195996674804533e+01 3.589041746827655999e+01 4.912232799258647020e+01 5.118653901806016648e+01 3.122428397641384734e+01 5.118653901806016648e+01 3.552206944566648872e+01 3.895479745145329531e+01 5.872508241878736612e+01 5.983472546802319414e+01 3.980894302605533142e+01 4.348374257374535290e+01 3.913517797394426623e+01 2.893522068416353932e+01 8.921567034073104807e+00 1.277576129852794651e+01 3.264595307430373339e+01 4.660009376357859168e+01 6.328595397169699766e+01 5.500168272423539406e+01 6.328595397169699766e+01 5.060506198167367131e+01 3.060506235505281225e+01
7.711341127313005306e-02 7.148181223138575291e+00 1.470747068332305396e+01 3.470747068332234164e+01 4.471842501522132807e+01 5.300269626268352141e+01 6.197980104962365289e+01 4.524068527879117596e+01 6.108046466770938565e+01 5.685941589449964795e+01 3.682373232572852828e+01 2.266953459762060774e+01 3.665503318607390781e+01 4.419302166482567173e+01 3.589041746827655999e+01 2.080561898878844929e+01 4.081683937577763999e+01 5.502854926534838853e+01 4.120952817555235015e+01 5.945490412342869746e+01 4.732922104518230810e+01 5.872508241878736612e+01 6.693017214129052661e+01 5.763461696149674651e+01 3.761822876429745577e+01 2.346558237930481994e+01 3.084698747042258660e+01 1.083156794143024193e+01 2.893522068416459803e+01 3.264595307430373339e+01 1.855038084030544709e+01 3.836632278125551920e+01 5.302519501001795277e+01 6.691803395682043742e+01 7.522357716272823325e+01 5.888931542216202075e+01 4.060506235505204131e+01
2.297228869525369793e-03 5.549299191121840558e+00 1.132280188301814938e+01 1.764735720335502123e+01 2.471842501522062108e+01 3.626543039901354604e+01 5.626543039901424947e+01 6.524182461443969316e+01 7.352808268057283669e+01 5.905242538440624145e+01 3.901513730598777840e+01 2.767058944647404672e+01 4.769920108759355060e+01 5.237748955873733792e+01 3.235385607332077029e+01 4.081683937577763999e+01 2.670330710177656997e+01 4.671920593090936791e+01 6.116354986056803966e+01 6.116354986056804677e+01 6.178023028501275604e+01 6.794637331117580459e+01 5.633788185973008211e+01 4.784404947361763050e+01 4.091473316028275065e+01 3.269037116178220970e+01 1.276401590787896367e+01 3.084698365266041264e+01 3.913517855351127395e+01 4.660009376340597242e+01 3.836632278125551920e+01 2.501882803844365455e+01 4.477658589780062925e+01 4.700652984753661201e+01 6.691803395684021893e+01 6.888930547899744283e+01 6.060506160829524447e+01
9.647730019007895452e-02 2.009647730018972211e+01 3.132280188301850643e+01 3.764735720335572466e+01 4.471842501522132807e+01 5.300269626268352141e+01 6.454970164647744468e+01 6.215685804911771584e+01 7.044119970875981096e+01 6.736512392486632450e+01 5.305380344115096847e+01 3.301871599172582705e+01 5.305380344115096847e+01 6.069086237011738660e+01 4.390691719806493154e+01 5.119591107864489032e+01 3.117547702752507632e+01 5.119586882580212261e+01 7.108297407027914971e+01 8.112344761135103965e+01 7.869090139334785761e+01 5.681424537229629834e+01 3.722428760158766181e+01 2.723473539803977062e+01 2.064262099059965649e+01 1.477292269156908766e+01 3.278106649714946030e+01 2.432266397775827471e+01 3.587742972635721372e+01 5.588948998714887750e+01 5.302519503298874781e+01 3.641373816902480343e+01 3.309096123910031650e+01 4.443563129798899070e+01 6.431697149135338520e+01 7.593695098284801759e+01 6.757004486281688571e+01
3.582433992925927735e-02 1.158282972372167485e+01 2.572496534745237540e+01 4.572496534744966112e+01 4.730460815417752229e+01 5.115360987129129455e+01 5.889416585874113252e+01 4.215685873356888891e+01 5.889416585874113252e+01 7.044119970875981096e+01 5.909619521005663501e+01 3.905584887626456947e+01 5.909619521005663501e+01 7.227007171300347466e+01 6.394850658801006915e+01 5.723479658889706911e+01 3.720605467406499400e+01 4.272650296829330330e+01 6.276527873024102178e+01 7.849462235560528711e+01 7.005455398620630092e+01 6.584800045397872736e+01 5.508494082209278275e+01 4.785030178939884138e+01 3.624770379485312333e+01 1.624233130158501837e+01 3.625851815342984708e+01 4.433552166077850387e+01 5.262335724951197591e+01 6.417618971758643909e+01 6.448540506008748707e+01 5.620044834364170327e+01 4.443563129798899070e+01 6.111505383440096750e+01 7.262215428617247426e+01 6.757004486281688571e+01 4.645684851607668264e+01
1.813270376062421294e-02 2.001813270376026921e+01 2.608881378829682873e+01 2.957036673376765634e+01 2.730460848024771536e+01 3.115361027390802207e+01 4.118176278142104252e+01 3.060985335058044754e+01 4.215685873356888891e+01 6.215685804911771584e+01 6.740749290443348229e+01 5.062550989995764184e+01 5.322553461112597972e+01 7.326922364808446275e+01 6.795102574076754820e+01 4.790279675853842178e+01 5.136091926853668355e+01 5.688842653882844758e+01 7.108550077320384730e+01 7.019538537006847889e+01 4.999249789834374980e+01 5.295344849368331808e+01 5.167768351735051624e+01 4.792387824238461036e+01 3.953315622210831037e+01 1.953564298653514442e+01 1.858742435943704763e+01 3.860092532447946212e+01 5.121006952279535795e+01 5.545301441541980125e+01 6.000558130222616171e+01 6.790471731172898728e+01 6.431697148920237339e+01 7.262215351722495882e+01 7.485406644194381443e+01 5.425174222679763858e+01 3.866195480535565565e+01
2.372884694381488524e-02 3.038842292721445126e+00 6.088813699373525345e+00 9.570366818487451965e+00 1.316247285902291964e+01 1.701147465362035760e+01 2.118176293476178174e+01 2.784842960142833235e+01 4.199056521592105184e+01 6.199056446215535487e+01 7.898534855193358339e+01 7.066736653111567534e+01 7.326922364808446275e+01 8.158945119774088539e+01 7.627510078695127049e+01 5.791751641918840221e+01 7.141552432027704356e+01 7.695305698873679034e+01 8.145258932556869524e+01 6.997091553558387034e+01 4.991404530357094416e+01 3.581555838988258955e+01 3.174993584017674308e+01 2.797824150520056463e+01 2.438844527787703242e+01 3.953497230916887872e+01 2.025663001391247775e+01 3.833272060839547635e+01 3.204260404362434400e+01 3.647798800602418368e+01 4.123486716022436838e+01 5.451600105231747051e+01 7.325860039313890582e+01 8.692423101452487799e+01 7.485406644349573924e+01 5.425174222679768832e+01 6.028602328166471125e+01
8.175220331382776484e-02 2.008175219922952337e+01 2.608879443275925070e+01 1.677926337586488970e+01 3.316247272777518162e+01 3.701147453225339490e+01 3.272876831840478928e+01 4.784842937141723951e+01 4.049754024042171352e+01 5.463967579256156171e+01 7.463967391596499112e+01 8.033976418240413864e+01 7.205735915842936379e+01 8.033976418240413864e+01 8.631519706385984136e+01 7.798453506234667998e+01 8.631519706385984136e+01 8.734811678125470280e+01 6.726441911642977800e+01 5.305604019141571825e+01 4.307434772207457740e+01 5.578856658514891365e+01 4.582619600041795138e+01 4.792901590390148669e+01 3.850590665798455348e+01 4.213324345142979865e+01 2.209975122841490958e+01 2.603111820300338053e+01 4.616581766779644624e+01 5.545301441541980125e+01 6.000558130222616171e+01 4.932536698892852911e+01 5.998105564669161538e+01 7.882403071426524832e+01 8.316535375159065779e+01 7.485406644349573924e+01 7.272647184260074482e+01
9.124702163186203252e-02 1.423338274290419214e+01 3.423344372819931181e+01 3.092139899300219597e+01 3.092139899324297403e+01 5.092139711204038832e+01 5.272876795595043831e+01 6.101308605036280852e+01 6.049753961918821688e+01 6.878187659757463734e+01 7.481570813827566724e+01 6.653289283431075773e+01 5.205612982770338704e+01 6.808760658564725077e+01 7.515878343125011440e+01 8.344110792019834832e+01 9.498640224187286663e+01 8.474738747846102171e+01 6.465457705405938782e+01 5.305604019141571825e+01 6.310141908128615285e+01 7.141289309804044194e+01 6.580442404079910546e+01 6.678852528732815585e+01 4.869041628956289003e+01 2.495800743844188574e+01 3.537656608104874323e+01 2.892817063536358901e+01 4.943303458065800271e+01 6.417776685425597805e+01 7.592472573093888855e+01 6.240075926348221458e+01 6.240075926348221458e+01 8.133009721690609695e+01 8.322248674144215386e+01 7.500119984331871592e+01 7.500119984331871592e+01
2.239863785106879432e-02 1.416453426158214413e+01 3.416453426158285112e+01 5.092139641700310904e+01 5.092139711204038832e+01 5.920562916423372002e+01 6.508084611768921945e+01 5.679872924592748973e+01 6.508084611768921945e+01 7.662658770301534616e+01 6.326785712357585112e+01 4.652936552657977387e+01 4.205158267451930243e+01 4.808550303531659864e+01 5.515847954826465838e+01 6.670632222351819962e+01 8.670506016551425432e+01 9.304150353153617914e+01 8.145258932557352693e+01 6.726441911642979221e+01 8.145258932557352693e+01 7.723437297040509009e+01 6.890748896172344473e+01 6.135490135576763748e+01 4.698201289212867948e+01 2.699893894514669768e+01 4.582331134753002289e+01 4.341742776018533334e+01 3.639982825335444261e+01 5.594384798920536639e+01 7.325750227121909575e+01 8.133009721690609695e+01 8.133009721690609695e+01 8.944869219839557672e+01 7.500119984331871592e+01 5.497114274235450893e+01 5.497114274235450893e+01
1.766589122093755945e-02 1.156467127501355563e+01 2.570680689874475888e+01 4.570680690134199153e+01 5.463708090424078989e+01 5.439021630047076883e+01 4.610687324972872858e+01 3.679609826267737560e+01 4.834541211693372276e+01 6.834617519037907130e+01 5.498385095845026882e+01 3.497261414361419440e+01 5.498385095845026882e+01 6.808760658564725077e+01 7.515878343125011440e+01 8.344101233063462075e+01 7.752776226816264682e+01 8.580930354021781170e+01 8.938048657400132413e+01 8.734811678125471701e+01 8.051096848201868283e+01 6.041315240828244271e+01 4.894154969777891040e+01 4.146093118866662053e+01 4.381394382705496326e+01 2.907060835844005453e+01 3.992346791758534152e+01 5.384560917830946636e+01 5.594384798920536639e+01 4.515304266944264810e+01 5.644394771273056222e+01 7.647411589819006394e+01 8.642400472148568724e+01 7.490142878526150128e+01 6.665791934745566039e+01 6.083781063967320080e+01 4.073301958095039765e+01
