LEM/with_lateral_4open/elevation_000292.asc
nrows	100
cellsize	150.0
xllcorner	0
ncols	100
yllcorner	0
NODATA_value	-9999
[rows 17 to 33 of 100, columns 0 to 36 of 100]
5.222468517465790605e-02 2.005222468517430201e+01 2.810014179274152468e+01 2.401151198657981212e+01 3.746447830211975116e+01 4.301083486754984619e+01 5.129300261709921926e+01 5.113065109788352913e+01 3.684893055875778600e+01 5.083397899577926893e+01 3.312423532282164729e+01 5.304241029626985693e+01 4.608595135872791104e+01 5.318166066240604550e+01 5.768262905778315286e+01 4.495088650579607048e+01 5.503361817401550837e+01 6.915004345700323540e+01 8.904623546419051650e+01 8.891192565334192466e+01 8.044466522589212332e+01 6.043100436872988013e+01 4.629311459348745927e+01 5.190572829234582741e+01 3.210048522520956737e+01 4.253823967411108242e+01 5.664887390078575891e+01 5.975083400627494257e+01 4.111755420141351891e+01 5.108974715108585940e+01 3.520991916335019312e+01 5.507331888114003249e+01 5.013130145844796459e+01 6.479626513821700939e+01 8.515451085742431303e+01 7.290593520150228812e+01 5.279059514926225916e+01
7.333276091007127906e-02 1.421546838464114693e+01 3.421546838464185214e+01 4.401162848570032082e+01 5.229608926776830202e+01 4.795863690867009410e+01 4.145736493301362913e+01 3.360672782790200586e+01 2.378499672485964567e+01 3.969804511479159004e+01 2.756399261777565357e+01 4.455981002565717830e+01 3.599354734014316648e+01 3.305215036049967381e+01 3.755368646450036607e+01 5.768262905778315286e+01 5.916822341328938251e+01 7.909813946059689727e+01 8.891192565334192466e+01 6.889827323823752181e+01 7.257083876197451389e+01 6.589536437523608470e+01 5.560255066043276173e+01 3.569455279639519318e+01 5.190572846321129674e+01 6.018750496070562406e+01 7.075950812746037855e+01 6.861667608554009234e+01 4.862933229221962961e+01 5.797934348533854632e+01 3.804921695416450689e+01 5.797935270347547032e+01 7.073973034556919970e+01 6.479627495466542086e+01 8.515611182063922513e+01 8.120753211448131026e+01 6.129233820750062733e+01
6.343274376862209629e-02 2.006343274376826713e+01 3.452636874253683885e+01 4.281064391071985398e+01 4.232583604165782276e+01 2.885620705239739792e+01 2.957263531237486021e+01 1.308929257472302687e+01 1.515150596593221621e+01 2.000052139013437369e+01 4.004649169463689873e+01 2.448412787972231186e+01 2.701712266059442769e+01 4.711359501321548748e+01 5.768262905778315286e+01 6.594882131305341488e+01 7.909813946059689727e+01 8.734693158717682593e+01 8.672277644084185511e+01 6.670892572856151048e+01 5.254670205161686170e+01 4.588233017475107545e+01 3.988600088083444462e+01 5.560255089341749368e+01 4.974376425221687015e+01 6.974691306165429694e+01 8.274369887706887994e+01 6.276507529818136533e+01 6.861650736008226659e+01 6.103208748290462182e+01 4.100580892569119840e+01 5.398754636596411416e+01 7.218321880070313057e+01 8.515524858412818787e+01 9.345703907342465300e+01 8.967820526307471596e+01 7.994816907455383159e+01
3.497053469895897854e-02 2.003497053469860489e+01 1.452636811311042209e+01 2.444190799865778985e+01 2.398154049502238649e+01 2.098036198794153862e+01 1.021872474832373889e+01 2.937969169974855532e+01 3.504037490776896391e+01 1.853116965131369653e+01 2.095505103281300663e+01 4.101089728056181372e+01 4.711359501321548748e+01 3.201446614323074868e+01 5.214663796987705524e+01 6.418660632774211194e+01 7.124929569842490196e+01 7.950225388431891815e+01 8.945944768593697916e+01 8.085960152014554581e+01 7.256558515242356577e+01 6.339736931237497686e+01 4.339188881623300631e+01 6.339796439874010758e+01 6.974691306165429694e+01 7.803565618808028148e+01 9.102004475227509772e+01 8.274368648642705182e+01 6.621879162316128031e+01 4.613129143000133325e+01 6.103222137989197904e+01 5.041730117168254566e+01 6.453632145513495288e+01 8.430203119318099425e+01 9.731922343562217748e+01 8.895130581978257567e+01 8.503479438275118696e+01
9.635555453094322986e-02 1.535987056028333519e+00 2.979362729002400734e+00 4.441907577256667849e+00 5.920350119165819436e+00 7.419289494492649517e+00 9.791924806980365048e+00 2.996042182903900652e+01 4.162422010985670795e+01 3.858005190388910677e+01 4.101089728182151362e+01 4.930635035243425790e+01 6.043067840683890779e+01 4.210388899285317876e+01 3.771004282346915204e+01 4.411797578448246782e+01 5.127299350872910111e+01 6.129625065108548654e+01 8.120234074576420369e+01 8.609764780162413444e+01 6.607439505480807895e+01 5.191301852683039186e+01 6.339796439874010758e+01 5.024256331924742369e+01 6.440399936789665958e+01 8.441784350985977881e+01 9.924727199958064716e+01 8.772899489370841764e+01 7.001799465061110084e+01 4.991450193242324929e+01 7.001799465061110084e+01 6.045516347446552174e+01 7.038639038243759671e+01 9.021368089912648713e+01 8.565451340438018235e+01 6.874905597333459184e+01 7.667130092886806381e+01
8.845047570523793812e-02 2.008845047570488163e+01 2.297936299534478621e+01 1.858404235455193998e+01 2.013291572574105714e+01 1.901269030544662186e+01 2.996040837023440417e+01 1.322065648472307942e+01 3.342710458395096396e+01 4.360235387107859850e+01 4.479400843193015902e+01 6.671556145437729413e+01 7.045393236426943417e+01 5.634053951671551630e+01 5.784034812402978787e+01 4.565494350373274557e+01 6.570438677680374440e+01 7.950225388431891815e+01 8.945944768593697916e+01 9.194888510970035611e+01 7.193601747297402937e+01 6.009003246222234651e+01 7.561750511474468794e+01 5.559370189889584424e+01 6.975735829264311860e+01 8.976515105016035534e+01 9.098337538237575473e+01 7.103337037421239586e+01 5.942461228179723065e+01 5.495580381448705509e+01 7.503872492931915872e+01 8.031761729040954378e+01 8.031761729040955800e+01 9.468586063310239354e+01 7.728745440559836766e+01 5.712811775886013521e+01 6.564842320813670540e+01
8.023991185656004221e-02 2.008023991185620361e+01 3.592536144813539067e+01 3.858381271414295099e+01 4.076282115725452115e+01 3.326424681349277535e+01 3.342686457280051826e+01 3.342710458395096396e+01 1.681472191907059255e+01 2.224000337593722776e+01 4.479400843193015902e+01 5.833597001385668790e+01 6.991658166086880044e+01 7.630975373710549547e+01 7.396172628405659566e+01 6.570438677680374440e+01 5.515972762727303547e+01 6.669462202029926345e+01 8.660130233494616903e+01 9.644405684937737533e+01 7.643721419941539352e+01 7.424883254733579463e+01 8.269373195451531444e+01 6.267914002005118590e+01 7.561750511474468794e+01 9.562464137861063307e+01 9.574754550339773118e+01 7.580586875526110191e+01 7.946523462057815834e+01 6.105164115346548925e+01 7.137568822614875330e+01 9.133736916751399804e+01 1.001097445078433736e+02 8.631994278117679187e+01 6.612251150638267916e+01 5.451079908868258173e+01 4.554239898811590592e+01
4.598823041778624804e-02 7.649052895445570321e+00 1.778705607666044131e+01 3.190129095691747096e+01 5.179732092874122173e+01 5.315839032154391930e+01 5.360371962800509493e+01 3.706397841222087663e+01 3.706397841222087663e+01 2.067882890026824683e+01 2.973801674373373416e+01 4.154999221635728190e+01 6.167791881780098606e+01 7.822007894501668090e+01 8.644078972511645986e+01 8.336272561244838641e+01 6.669462202029926345e+01 8.336272561244838641e+01 9.486201608700149279e+01 9.772155123126866272e+01 9.644405684937737533e+01 9.425511916239295829e+01 9.098191113856574930e+01 7.424025880878728856e+01 8.269373195451531444e+01 1.026967905767309190e+02 1.040162880913539567e+02 9.367918918095817560e+01 7.375246808176599700e+01 7.110952260671645320e+01 8.933608775436360361e+01 9.960269130102810209e+01 9.679836117113909211e+01 8.846666727311659884e+01 8.302492218218738174e+01 7.400796473639414330e+01 6.564842320813670540e+01
7.340434288523949025e-02 2.007340434288488495e+01 3.592536145094834410e+01 4.591948733037060748e+01 4.437732927732674426e+01 5.343211768701164033e+01 6.549229446580606862e+01 5.563002938023184640e+01 3.538232784449903789e+01 2.358139241653620743e+01 4.394003128093392974e+01 5.731565716046592485e+01 6.199993301547370805e+01 5.835453840458573183e+01 7.532333361869640953e+01 8.353606944046643434e+01 8.660130233494616903e+01 9.486201608700149279e+01 9.184053343013522408e+01 7.775462968100482897e+01 9.184053343013522408e+01 1.020808709730278139e+02 1.025319427363284603e+02 9.424139102178952498e+01 9.143736553686052559e+01 9.362770689867974738e+01 1.019036579997129905e+02 1.019435009033708894e+02 8.784740103553806989e+01 8.521359492488861065e+01 9.930452724039295731e+01 9.803125763756244737e+01 8.798633504786447190e+01 6.838311587627119081e+01 7.206851622470611574e+01 8.039281165105791160e+01 7.258560205684489119e+01
3.515918393995972474e-02 2.003515918393960504e+01 2.865730922305699124e+01 3.427263997434083365e+01 2.354466008135567279e+01 4.437732927732674426e+01 6.050414935946813699e+01 6.388538473271201923e+01 5.037628867952872724e+01 3.002323254201996861e+01 2.865776226164139473e+01 4.903410207593891101e+01 4.189779256138454855e+01 4.835556113571036718e+01 5.548696414296983903e+01 6.952936071548542429e+01 8.931122158165062785e+01 9.529399113115950115e+01 8.288476930194639181e+01 6.351992059782629241e+01 7.386722402289377953e+01 8.797404749796073986e+01 9.001950894354810373e+01 8.172470344345994420e+01 7.133505931248518550e+01 7.353598968423182214e+01 9.188378746879021719e+01 1.019118277438613518e+02 1.077583712145179788e+02 1.051175410284404848e+02 1.038959239035637410e+02 8.382142060415318952e+01 6.961992611888479132e+01 5.957397213856210527e+01 5.199455226002191210e+01 6.419485976539205296e+01 6.422740934685930370e+01
4.608085242692564615e-02 4.306357103332534741e+00 8.659429630759275298e+00 1.409284955211045087e+01 2.139527152794476095e+01 3.275808746985831732e+01 5.227550633201882135e+01 6.113938725557373033e+01 4.100348612858513775e+01 5.037618211426234893e+01 4.051769786951648911e+01 3.437572396889947157e+01 5.465966916157918831e+01 6.831011793349237848e+01 7.532333361869640953e+01 7.532333361869640953e+01 9.512411470853565731e+01 8.663841591668223430e+01 6.701516567395245261e+01 5.449708629456569753e+01 5.962919005369655423e+01 7.972465132161754298e+01 7.840901343704240389e+01 6.157971926531988061e+01 5.705932260983968263e+01 6.344900609684088977e+01 7.354824662180276107e+01 8.777446796473441282e+01 1.077927636209749664e+02 9.885677281882735201e+01 9.048264583954960472e+01 9.048264583954960472e+01 8.798633504786447190e+01 7.839218420322609404e+01 5.831413543383018805e+01 4.413281748905101409e+01 5.731363603446864374e+01
1.610643649003322755e-02 2.001610643648967880e+01 2.865730922305699124e+01 1.918203458742580736e+01 3.745273364562881824e+01 3.529596319501299462e+01 5.485476382108009119e+01 6.937472927139731382e+01 5.116743076741819607e+01 6.880530040271409575e+01 6.063626991858806292e+01 4.619639437838871743e+01 4.619639469144028254e+01 5.782810222432041769e+01 7.768524219357342986e+01 8.653547011608871742e+01 7.818268242268125334e+01 7.838468637568628594e+01 5.829819688470789885e+01 4.689104851198963075e+01 6.701516567395245261e+01 7.271373426308723253e+01 6.439149372826544493e+01 4.993261751938577220e+01 6.157971926531988061e+01 8.172470344348566584e+01 7.771501038248662496e+01 9.778361579285486016e+01 1.063536207569312069e+02 9.048264583954960472e+01 7.023975543179327019e+01 7.023975543179327019e+01 7.141380633809340850e+01 6.721484539659216750e+01 6.334493863035502415e+01 5.731363603446864374e+01 3.724030319496649355e+01
2.022278438842990689e-02 1.416235840811950553e+01 3.416235840812021252e+01 3.907100812057281303e+01 4.839755348008343816e+01 5.485476382108009119e+01 6.308764422858236998e+01 7.933263148010952648e+01 7.111134374372922196e+01 7.933263148010952648e+01 7.444238213074399368e+01 6.622067571296528854e+01 6.622071708698906889e+01 7.444251335222017474e+01 8.590476150583465653e+01 7.489525125638196812e+01 5.802287341548575483e+01 6.915935761011704130e+01 6.198413638346176668e+01 4.187722912487564741e+01 6.198413638346176668e+01 6.439149372826544493e+01 4.425441997903029545e+01 6.439149372826544493e+01 7.840901344901277525e+01 9.001950898199856965e+01 9.778361579285486016e+01 1.060525645550937242e+02 9.798611981745375488e+01 7.772199724367671081e+01 6.605089832822595497e+01 5.599519765965261087e+01 5.127629708968265732e+01 4.710621997756050661e+01 4.325180976796341525e+01 3.958068511198180772e+01 3.596204496692850228e+01
6.642187732006160639e-02 2.006642187731970495e+01 2.885297654580463345e+01 3.370426141399951092e+01 4.200474787718097502e+01 5.357738328388834503e+01 6.388595452492361915e+01 7.226229863756439897e+01 7.068250468345067361e+01 6.237815718792271014e+01 7.068250468345067361e+01 7.384419494457853261e+01 6.547309191290609931e+01 6.283406191023601650e+01 7.121343019588140066e+01 6.654341126556556674e+01 4.640452738964428647e+01 4.901652098282173853e+01 5.189804707984431076e+01 3.760802626580584729e+01 5.769732935223535009e+01 6.071498388339834662e+01 4.059972636195119833e+01 6.071498388339834662e+01 6.659894050053721060e+01 7.267867777022655673e+01 7.939799135771801275e+01 8.769654604428913558e+01 9.773508286937912715e+01 8.785405853056526837e+01 6.761452909281537416e+01 7.616876076140908935e+01 6.287095689889365957e+01 6.129971436255821260e+01 6.334493863035502415e+01 5.903247903876340530e+01 3.893342495815281268e+01
1.591255364720534082e-02 4.380270358367072348e+00 8.852406313366689261e+00 1.370311881409536170e+01 2.525013058792602294e+01 4.525398979843666325e+01 4.386116988483745871e+01 6.388401645573357257e+01 6.063903127758281641e+01 4.227527207562695111e+01 6.063903127758281641e+01 6.547309191290609931e+01 4.532572751643438380e+01 4.272961474092301870e+01 5.958496123050642979e+01 5.399620673860703590e+01 5.491613289508001827e+01 3.482240470403747423e+01 3.183068693507832592e+01 4.834594663824741900e+01 5.081631565713148291e+01 5.334592153709586171e+01 3.711754135764848428e+01 4.159156807818266088e+01 4.645190048745997302e+01 5.251447042272715038e+01 5.924005059524343153e+01 6.934181302053437435e+01 8.945416969490158010e+01 9.623081318562877584e+01 7.929020256966273905e+01 9.146143250349433629e+01 8.308355569274600327e+01 8.149523496217071283e+01 6.347113807360269533e+01 4.337426227762438913e+01 5.903244491560528218e+01
6.189296070378335485e-02 2.006189296070342820e+01 2.885297654577233217e+01 3.370422362434941732e+01 2.264739101594015480e+01 2.971845990000424464e+01 4.972419152143952203e+01 6.529048591160677972e+01 4.522514677942498196e+01 3.224885920205316836e+01 5.232671463177479154e+01 6.547309191291158470e+01 4.532572751643438380e+01 3.151459514787754657e+01 4.282146118067522167e+01 3.391459025023365115e+01 4.114772831400767927e+01 2.849397849708951469e+01 2.790675964511153140e+01 2.828397359478917039e+01 3.074694393502039347e+01 3.326780027439770038e+01 5.334504268540199945e+01 5.581292906978561064e+01 6.659894050053721060e+01 6.290476724963644273e+01 7.939799135771801275e+01 8.769654604428913558e+01 9.773508286937942557e+01 1.079181056968806587e+02 9.955250332750890152e+01 1.059854647883517629e+02 9.433501142092111991e+01 8.002990125525450082e+01 6.669109505768295776e+01 4.658245596191360249e+01 6.669109399790993109e+01
2.247884206357958492e-02 2.002153831838117881e+01 3.571053016940192748e+01 4.530128131372639189e+01 4.265002268410611208e+01 4.972377057181046212e+01 5.804022788925672671e+01 6.471780069825004489e+01 4.522814185956261923e+01 2.517080377084628751e+01 4.522814185956261923e+01 4.777232381607270639e+01 4.901938837662345350e+01 4.282146118067522167e+01 2.318919513325690573e+01 1.975467241695393028e+01 2.110353112498967931e+01 2.246160663411614777e+01 2.485269150408821304e+01 4.490534647001639712e+01 5.081631565713148291e+01 4.745191553084771385e+01 4.745124070890334878e+01 6.756367933577004692e+01 8.425443806923910017e+01 8.303612663644274505e+01 9.132941665415398802e+01 9.849894253112611864e+01 9.849894216200767971e+01 1.067835303567318022e+02 1.064950199590846580e+02 9.479828871791424660e+01 7.736027410492745560e+01 6.572479108958776806e+01 5.150639423045460319e+01 6.077458069621627601e+01 7.506459601274144688e+01
