LEM/with_lateral_4open/elevation_000268.asc
nrows	100
cellsize	150.0
xllcorner	0
ncols	100
yllcorner	0
NODATA_value	-9999
[rows 0 to 16 of 100, columns 37 to 73 of 100]
8.884754177262699226e-02 6.929726548558100274e-02 7.395023591448830758e-02 4.828361932999872264e-02 4.897713358561925356e-02 8.568734790590110117e-02 1.075183056328203948e-02 6.823539046102447547e-02 7.194897206013613211e-02 1.557559815681563986e-02 7.704183385687686514e-02 1.685416958384493638e-02 9.680445094065920353e-02 7.639902522890137937e-02 4.559330980047965332e-02 5.839666421669215124e-02 9.739037529851846120e-02 3.670263267501718690e-02 2.041064012308905357e-02 6.895211126444661387e-02 9.031524355919069713e-02 1.560024811392830661e-02 7.641644294168103979e-02 3.888124420523987601e-02 6.873285589001959517e-02 4.772367030474261584e-02 9.504926490987847254e-02 5.760415539182907330e-02 9.666222459857021221e-02 9.627991409191682948e-02 1.286757495974483190e-02 9.381044340810595905e-02 7.584058927755046864e-02 1.435327048224320848e-02 5.777975670406795827e-02 2.716720951219454838e-02 4.735230246529398453e-03
3.103960987550257400e+00 2.006840296914774058e+01 2.007395023591413263e+01 1.004834373751248400e+01 2.004869526927182832e+01 1.426109574488545384e+01 1.983580171231353617e+01 6.978639404815828451e-01 2.007176866692033457e+01 1.594509105754289990e+01 2.007704183385652286e+01 8.181819978861176068e+00 2.009680445094030432e+01 5.240376820172145678e+00 2.004559330980012533e+01 2.005839666421633538e+01 3.689496415834024212e+00 2.003670263267466112e+01 1.156741602384221146e+01 2.006895210967936549e+01 1.423245086729628994e+01 2.001560024811357152e+01 1.851129461773910467e+00 2.003888123212812999e+01 2.006873285588966382e+01 2.004772367030438573e+01 8.260015074187210260e+00 2.005760415539147345e+01 2.009666222459821583e+01 6.126506805647164100e+00 2.001286757495939028e+01 1.423633388204412853e+01 2.007584058927719539e+01 2.001435327048188739e+01 1.354187203808395301e+00 2.002716720814120777e+01 1.424873275687199481e+01
6.153932394202337619e+00 1.615393235816184969e+01 3.615365225576933028e+01 2.419722895127349460e+01 3.830638102947209944e+01 3.450729935008682503e+01 2.132317955975626589e+01 1.327804728830288106e+00 2.132917848999871069e+01 3.780637337413115517e+01 3.646609298200815630e+01 1.818181997886135193e+01 3.058560165842103729e+01 1.058560165842068024e+01 3.058560165842103729e+01 2.734098031990493993e+01 7.340980132535147362e+00 2.734098031990493993e+01 3.156741188449779045e+01 3.985100174422518648e+01 3.423245093115303916e+01 2.363287107520954322e+01 3.632871074523410293e+00 8.632871074523366772e+00 2.863287107297971446e+01 3.654428632170152014e+01 2.240215069791841174e+01 2.826001507418756731e+01 3.245106185746119820e+01 1.245106212598386897e+01 3.245106185746119820e+01 3.424408615948046020e+01 2.333685429465350225e+01 3.215156807552110418e+00 9.970677094623569658e+00 2.834107153568366044e+01 3.494074994250338762e+01
9.441912140309455026e+00 2.944193032780979280e+01 3.615384528847189216e+01 4.433715861861211494e+01 4.606563104537617193e+01 3.787512511463892650e+01 2.195803570574079089e+01 1.958685026706691978e+00 1.482412960386149514e+01 3.269947249153366187e+01 4.646609772629994239e+01 3.232395560261794287e+01 3.661582854997676151e+01 1.661582854997605807e+01 3.661582854997534753e+01 3.118998226234002047e+01 1.118998192713268658e+01 3.118998226234002047e+01 4.579876160609799740e+01 5.579834026085806897e+01 3.969950762112571852e+01 1.969950759555469233e+01 5.557371971822171020e+00 2.555737197259344384e+01 1.619216053470777794e+01 3.619216053221804685e+01 4.240215069791911873e+01 4.826001507418827430e+01 4.001035093675304921e+01 2.001035158616828014e+01 4.001035093675304921e+01 4.177195809242999758e+01 2.445083082142075170e+01 4.536796845248511900e+00 2.451357455098427351e+01 2.258225687171865559e+01 4.027831919098559155e+01
1.700120159948326304e+01 3.700123083974624194e+01 5.615314873416559749e+01 5.220051456385341737e+01 3.209000596252197113e+01 1.704768057713996754e+01 9.358998650690791621e+00 2.590824567946556911e+00 2.242738890613163960e+01 2.564059572231546369e+01 4.780809668472963381e+01 5.232395577644395246e+01 4.368689636184236491e+01 2.368689636184165792e+01 4.368689636184236491e+01 3.947418139540965853e+01 2.273698731044821031e+01 1.751453724746955487e+01 2.751453724749231711e+01 4.751454615373171464e+01 4.167659641835926720e+01 2.166117802394112601e+01 7.518533323204019680e+00 2.751853332405996611e+01 3.619216053219522422e+01 2.472018918893204642e+01 4.472018918458132219e+01 6.300445824910939052e+01 4.829458192484535317e+01 3.155735696993256312e+01 4.524012903641421701e+01 2.557815273512195731e+01 1.403556223428741490e+01 5.867186197993876640e+00 2.596101299516472949e+01 4.027832653041847522e+01 4.142069106773050180e+01
3.700123083974624194e+01 3.114333096651865418e+01 5.114345216071583167e+01 5.438387408062913408e+01 3.429359710212855106e+01 3.120994170875236051e+01 1.546909172479015027e+01 1.637190641542216696e+01 3.491579265891380679e+00 2.581489947831856924e+01 3.623904591834516253e+01 4.695958343172867444e+01 5.197116760930597934e+01 3.523390174563458288e+01 5.197116760930597934e+01 5.102064803640964641e+01 4.273694969597888615e+01 2.285976208571813473e+01 4.285972316399460169e+01 5.579811826074859482e+01 4.585967191528322218e+01 2.696656983893863568e+01 1.457301804417144275e+01 1.049995684490982661e+01 3.173702886118869770e+01 4.472018918448675606e+01 3.472018918893169825e+01 5.472018918023029244e+01 5.984155908577067606e+01 5.155735543346643368e+01 5.308102213491761034e+01 4.184361811626808958e+01 2.722352831672541384e+01 7.221784620103114172e+00 2.724843953665099150e+01 4.490554339859192368e+01 5.110758824113014498e+01
3.766975439096808742e+01 5.114345216071583167e+01 5.943053054039426542e+01 6.268853009246559793e+01 5.012296535837781875e+01 3.876624311681762691e+01 2.899829249078385374e+01 1.038698560584857056e+01 1.491701262843666953e+01 4.402082168407178031e+00 1.677025306958164919e+01 3.843994090240592953e+01 5.554800675109800068e+01 5.523390174563528632e+01 6.351817299310042131e+01 5.700191789672196307e+01 3.700189775686961013e+01 4.285977832213201566e+01 3.355021176233724844e+01 5.355021815284303699e+01 4.345650702034531321e+01 2.497912614218207850e+01 3.217440688541915961e+01 1.263196288671224998e+01 2.675399517646317094e+01 4.670385658577216503e+01 5.472018918023029244e+01 4.886232481265771099e+01 6.886232478296598458e+01 6.101696411678102550e+01 4.102432481937184860e+01 2.690255187495815292e+01 2.812558544632555879e+01 8.585845229934543354e+00 1.546526514813843889e+01 2.584655454057775614e+01 4.442425856458975630e+01
4.869115709401670955e+01 6.595381711516822065e+01 6.965116563503107727e+01 5.983929263564053258e+01 4.201215190154969292e+01 2.304369633909891846e+01 1.773209336165165695e+01 2.918610310851128631e+01 2.462802226879974299e+01 5.047579382981105312e+00 2.503680654602544919e+01 2.748400965612099611e+01 4.151820221235612252e+01 5.504409126303122690e+01 6.320311620073992742e+01 6.528674044124031184e+01 5.700192357311046010e+01 6.183464458620640869e+01 4.355021176370102864e+01 5.640005973018666907e+01 3.809525753821582583e+01 4.345660645385673604e+01 3.477509310523927866e+01 1.481413760663270374e+01 3.477509310525273634e+01 5.068769108361836828e+01 5.896542218092810117e+01 6.886232478296598458e+01 7.714659168556117663e+01 5.869822954962541672e+01 3.820681498722849057e+01 3.060384313458365568e+01 1.057137984119905560e+01 2.861752379632174126e+01 3.621345340207115981e+01 4.490554339859192368e+01 5.773559740202761503e+01
4.283395057948963114e+01 6.284376886410103680e+01 6.140596465802477155e+01 4.189899789898983329e+01 3.237182252459206921e+01 4.201215190154969292e+01 3.516228089140927437e+01 2.616161993466635494e+01 5.979577662893793111e+00 2.459436561618668904e+01 9.825606204399166543e+00 1.335630742532351611e+01 3.331121120602707464e+01 3.520344204512931441e+01 4.931199423946352312e+01 5.747524408387682371e+01 6.631654869035671140e+01 7.183473295453198659e+01 5.769234770962620473e+01 6.428655153017683688e+01 5.640005973018050867e+01 5.102134006370020103e+01 3.699243669838188708e+01 1.703634443503202078e+01 2.369847274588834551e+01 3.075216621943171447e+01 4.225138904472009926e+01 6.221189398275188154e+01 7.169855567435064359e+01 5.255402414231385677e+01 3.226400637298868190e+01 1.831190900144679645e+01 1.199320020850851165e+01 3.194945181320429484e+01 2.396189047701232155e+01 3.131433225398098941e+01 4.098752072378685796e+01
6.284327713434376506e+01 7.116212716943206829e+01 6.965116563503107727e+01 5.983929263564053258e+01 5.165248127850731663e+01 4.483882672948718806e+01 2.772538194455759708e+01 6.914115279955018956e+00 1.961709227579585502e+01 3.125016563585029061e+01 2.427652898438160278e+01 3.331121120602707464e+01 1.889454537926385669e+01 2.405564681236180391e+01 2.940545663599169046e+01 3.835788864654150387e+01 4.985612334375031196e+01 6.953655343089670282e+01 7.769239023737704031e+01 6.487429546139738079e+01 5.659062775551813473e+01 4.274921303348128276e+01 2.280716892130078932e+01 1.998504428263830590e+01 3.993370609358368029e+01 5.068769108361836828e+01 5.896542218092810117e+01 7.049639935370559840e+01 6.322778063813627369e+01 4.327738578956049764e+01 3.211436453621508491e+01 3.785084159272959425e+01 3.202809141268640758e+01 1.407411790569629417e+01 3.410476581924191208e+01 5.088258907598283542e+01 5.916896688613888244e+01
8.032224005209874917e+01 7.236778272709622684e+01 7.236791084919732953e+01 6.243639786544918735e+01 4.220864605034454087e+01 2.804940880740349840e+01 1.650928882685712651e+01 7.576016902283576826e+00 2.747186778482177871e+01 4.372137216820548389e+01 4.558540054741715863e+01 4.703749678977638382e+01 3.044036781988996410e+01 3.520344204512931441e+01 4.931199423946352312e+01 4.204416904066322047e+01 6.181817146005543862e+01 7.767256236935014613e+01 7.072110031104563177e+01 5.073761931275747372e+01 3.664729484029530227e+01 2.911921401888268335e+01 4.274918403670677947e+01 3.993370609358368029e+01 2.429634762723229713e+01 3.839039861450356028e+01 5.833983339097027709e+01 6.594810155714550604e+01 5.658848350870554356e+01 4.791616288623303177e+01 3.834705655013291903e+01 1.832762157755184518e+01 1.655752999679980420e+01 1.705891341687245344e+01 3.707425910677044811e+01 5.601643874046173721e+01 6.604669514448356438e+01
7.236777932265329127e+01 5.300640483597975816e+01 5.300640511534160026e+01 6.662613023288743364e+01 5.237056648568130868e+01 3.236482577075643263e+01 1.822779988839952736e+01 8.240468108790711455e+00 2.324842231172476303e+01 3.190208480009707515e+01 5.314287340239415869e+01 5.848782203821474468e+01 5.032421153430224336e+01 5.504409126303122690e+01 6.320311620073992742e+01 6.181817146005543862e+01 6.181817146005544572e+01 8.145404257591461317e+01 7.658101626253247218e+01 5.659062527363835926e+01 5.480822135523970218e+01 3.487052397820304606e+01 5.480826652186802050e+01 4.738458543635898224e+01 2.745507267562756226e+01 3.895360655419005980e+01 5.890151676817188076e+01 5.757977366700336574e+01 3.794531637853650352e+01 2.816212607213143926e+01 2.086082588448045883e+01 3.834705655013291903e+01 3.658186170299453721e+01 2.011278966130657153e+01 2.767767071926171951e+01 3.767684591766676050e+01 5.770093696598462429e+01
6.816264746036509337e+01 5.867721962490195153e+01 3.904424382607885491e+01 4.942129810031376991e+01 4.544070392946520798e+01 4.620237883521703282e+01 3.055755312621042563e+01 1.638510760471407934e+01 9.184298344404060899e+00 3.461306307088090506e+01 4.903903877201375394e+01 5.135181517057052503e+01 5.392634319227401107e+01 5.861159913785350994e+01 5.231249863249949783e+01 5.832046113565367307e+01 6.536943958478154570e+01 7.381642593068458780e+01 7.962690464162820092e+01 5.962475367931220660e+01 4.551220319803519487e+01 4.895666826836824725e+01 5.236634062980796500e+01 3.243932458686562370e+01 4.153985072826208125e+01 5.565928940021056093e+01 6.718467416060597941e+01 5.348709010294870581e+01 3.347405187333413323e+01 2.347697783613129019e+01 4.087920326590929676e+01 4.920671395709504736e+01 4.351676240339372725e+01 2.349704003783604023e+01 4.351676240336859536e+01 5.601643873358431591e+01 6.604669514969930333e+01
4.874500943405443820e+01 4.170444046017163942e+01 3.540993636997184524e+01 2.970208831873676658e+01 2.568630268945955564e+01 4.001830853167434299e+01 3.615389309240794802e+01 2.865540114913567038e+01 9.853154685945698432e+00 2.991965415655590022e+01 2.888476605595907287e+01 3.129357609342243762e+01 3.381863654503505501e+01 3.862974046216825741e+01 3.234930961827951279e+01 3.839430375816680652e+01 4.543191773751698292e+01 5.686174396983127366e+01 7.699116792246893226e+01 7.376952784014358144e+01 5.703018113984847304e+01 6.893530522741150435e+01 5.600551482982137230e+01 3.607292805628699739e+01 5.600551178455825152e+01 6.977848308459267912e+01 7.361408826149140339e+01 5.348708981186576494e+01 5.180752461551636401e+01 4.348056972160537725e+01 2.619658658118281025e+01 4.618863633185738848e+01 4.705597290434156577e+01 2.703517491116235405e+01 4.705597290836097812e+01 6.083556236035493470e+01 7.240921580163201554e+01
6.817695533492278059e+01 6.130264834397451779e+01 5.507630682999939609e+01 4.626991338681938259e+01 3.992659028755529960e+01 2.022554611967755989e+01 1.655510205417562375e+01 2.329098415469654881e+01 1.052308557880159512e+01 1.284857785401051089e+01 1.516071804690633584e+01 1.750410981013875400e+01 1.987353440589350839e+01 2.451789167387356017e+01 4.448229186763054344e+01 5.832046113565367307e+01 6.536943958478154570e+01 7.381642593068458780e+01 8.551342623390748088e+01 8.531796878885545254e+01 7.703035220774776803e+01 7.398471869664265910e+01 5.398718396054000124e+01 3.989727698891618957e+01 5.139387664135819733e+01 7.138785677240154826e+01 7.676510414216339484e+01 5.660843816823518182e+01 4.505602702720587871e+01 4.812118693584668705e+01 2.813072671898530075e+01 4.224680918846969035e+01 5.538975461196917394e+01 4.705572196245516636e+01 3.248070063442122546e+01 4.402512306493932215e+01 6.408015125279318625e+01
7.623144930953988307e+01 6.786859234576165534e+01 6.993272589047943200e+01 5.770163110275353802e+01 3.793806379595771006e+01 3.784041485983175335e+01 3.149489805966140921e+01 1.151331533129299700e+01 3.050854085192227672e+01 3.240791536069355772e+01 2.616744680351505892e+01 3.716849374976789022e+01 3.970804746790253148e+01 2.414159510310979684e+01 3.568737772508915640e+01 4.987802495918115397e+01 7.008100331919149539e+01 8.186980707350497255e+01 8.186980707350497255e+01 9.038174233984744887e+01 8.990719822119737614e+01 6.989159901726561941e+01 5.574569505225833410e+01 4.423186578607079866e+01 6.420221340169088364e+01 7.967664272345909637e+01 8.514810705105354316e+01 6.512765652540836925e+01 4.505602703261278208e+01 3.093989987187207902e+01 4.812118706223746756e+01 5.645528194688011325e+01 7.065728786365407643e+01 6.084966514870862397e+01 5.250623766041086782e+01 3.880525741390644612e+01 5.034663409166383019e+01
6.332898856902466633e+01 4.747630012271213928e+01 4.784954183536765981e+01 4.692759053795822410e+01 3.803466971395523188e+01 1.832573651385913749e+01 1.525469981345143289e+01 1.222774531689045574e+01 3.169060708676420290e+01 4.233612335564549056e+01 4.555027346084273887e+01 5.074979943128412430e+01 4.753637937190914897e+01 2.743411935321751827e+01 4.753637937326815432e+01 5.709029158849209296e+01 6.211408100471978599e+01 6.154382490313615506e+01 6.154382490313615506e+01 8.186980707350497255e+01 8.990719822119737614e+01 6.989159901726561941e+01 5.574569505225833410e+01 5.127175201662814885e+01 6.420221340169088364e+01 8.421274240543934297e+01 7.718236812909154310e+01 5.676947907025058981e+01 5.299776959372813678e+01 3.299720970619441829e+01 5.299776958998582899e+01 5.812552343351057260e+01 7.768612888115492865e+01 7.811024156359712833e+01 5.795140801225773686e+01 4.380267418084871878e+01 6.385579365870175650e+01
