LEM/with_lateral_4open/elevation_000045.asc
nrows	100
cellsize	150.0
xllcorner	0
ncols	100
yllcorner	0
NODATA_value	-9999
[rows 0 to 16 of 100, columns 37 to 73 of 100]
8.884754177262699226e-02 6.929726548558100274e-02 7.395023591448830758e-02 4.828361932999872264e-02 4.897713358561925356e-02 8.568734790590110117e-02 1.075183056328203948e-02 6.823539046102447547e-02 7.194897206013613211e-02 1.557559815681563986e-02 7.704183385687686514e-02 1.685416958384493638e-02 9.680445094065920353e-02 7.639902522890137937e-02 4.559330980047965332e-02 5.839666421669215124e-02 9.739037529851846120e-02 3.670263267501718690e-02 2.041064012308905357e-02 6.895211126444661387e-02 9.031524355919069713e-02 1.560024811392830661e-02 7.641644294168103979e-02 3.888124420523987601e-02 6.873285589001959517e-02 4.772367030474261584e-02 9.504926490987847254e-02 5.760415539182907330e-02 9.666222459857021221e-02 9.627991409191682948e-02 1.286757495974483190e-02 9.381044340810595905e-02 7.584058927755046864e-02 1.435327048224320848e-02 5.777975670406795827e-02 2.716720951219454838e-02 4.735230246529398453e-03
3.868492271864891752e+00 2.006929726548522552e+01 2.007395023591413263e+01 5.595285581582313483e+00 2.004897713358526445e+01 8.320406180378606464e+00 1.415288745429435657e+01 2.006823098428049690e+01 2.004286922407564830e+01 7.882651805989670635e+00 6.996146419308175712e-01 2.001653251126479560e+01 1.866453894670770453e+01 1.421853464917047205e+01 2.004559330980012533e+01 3.709880380917791598e+00 2.009739037529816486e+01 2.003670263267466112e+01 8.185376449400420640e+00 2.006895211126409251e+01 1.163732062735303252e+01 2.001560006182321061e+01 1.162342182673365620e+01 2.003888067905595705e+01 1.598171081693766205e+00 2.004772367030373559e+01 1.423718489096635764e+01 1.160460953918424387e+01 1.423879784832939599e+01 7.167347725957422533e+00 2.001286757495939028e+01 1.423594606709470511e+01 2.007584052295270993e+01 1.718751218684158921e+00 2.005777975670371305e+01 2.002716720951183760e+01 1.098281645180217936e+01
7.717494066462380786e+00 2.771749406646202374e+01 3.136878846005297916e+01 1.136878827347862142e+01 3.136878846005297916e+01 1.757997777444269616e+01 3.415288745429506179e+01 3.757259293144969092e+01 1.926377317857811633e+01 2.130334259296765964e+01 1.322489326157926026e+00 2.133102341288848081e+01 3.187404328423098221e+01 3.421853543760610705e+01 2.742378707643390356e+01 7.423787144458813714e+00 2.742378707643390356e+01 3.646964769686332630e+01 1.973238183319314132e+01 3.646964769686332630e+01 2.577945625305939714e+01 3.990763212631556911e+01 3.162342146091273065e+01 2.313210352297633321e+01 3.132101059388510134e+00 2.313210359259780802e+01 3.423718721834266887e+01 2.574674516290700055e+01 3.423879784832868722e+01 1.472663718614203354e+01 3.472663750800089133e+01 3.423594565462336448e+01 2.343289252481209672e+01 3.427770239760789206e+00 2.343289252814797408e+01 3.768458223276550711e+01 2.458081132328900509e+01
1.179997697110097654e+01 3.179997697110061949e+01 3.803545536120562076e+01 1.803545494014540651e+01 3.803545536120562076e+01 3.036741374992580944e+01 4.750398388417793427e+01 4.488780866673761949e+01 3.039880920163044919e+01 2.636490666661485704e+01 1.351492016126182349e+01 2.205942669496155695e+00 1.750343701724995071e+01 4.137416607443949346e+01 3.189592295490827567e+01 1.189592309945835424e+01 1.897079252824951467e+01 3.897079236730512974e+01 3.973238183319384831e+01 4.801665308065604165e+01 4.577946014479932302e+01 3.951072492941135295e+01 1.951030604051270245e+01 5.368169036888309265e+00 2.313179365840425206e+01 1.467910644440687662e+01 3.467906930908701213e+01 4.574674512823730055e+01 4.301096508048647848e+01 2.627364256995300451e+01 4.301094280147869142e+01 3.672096648974351751e+01 2.517659455103078869e+01 5.157805826606940869e+00 1.125462355537468540e+01 3.513867284819068715e+01 4.424267060813405550e+01
1.616433477582074829e+01 3.616433477582003775e+01 4.631975527564066653e+01 2.803545494014583994e+01 4.631975527564066653e+01 5.344167632855667449e+01 5.755627267167444927e+01 4.693599118331518127e+01 4.464344903579540613e+01 3.432471434712292080e+01 2.146874538302626689e+01 2.831862544029330575e+00 1.712106376256486229e+01 3.829358399820601733e+01 3.660996805077272143e+01 1.660996830736858954e+01 3.660996805077272143e+01 3.311292815103480081e+01 5.311292760476511177e+01 6.037984214145844675e+01 4.037973346615986969e+01 4.037973346615986969e+01 2.696434790912212520e+01 6.964342805823560134e+00 2.696418965873205664e+01 3.467903613790526407e+01 3.100903450202409672e+01 5.100885153807616490e+01 5.455800455490120981e+01 4.627364400591959281e+01 4.599805737437048236e+01 2.803835547497412861e+01 7.696372940249395889e+00 2.374278838596703523e+01 2.781531713998514022e+01 3.203291314989924388e+01 5.284850690174863530e+01
2.171133673807294073e+01 3.249426639437469078e+01 5.249426639437398023e+01 4.217759057226946595e+01 5.631982040124776745e+01 6.436074684277055269e+01 6.554116008127921589e+01 5.163702360180340634e+01 3.302400396386531156e+01 1.987765492972383541e+01 2.103448714397016772e+01 3.459015803977278036e+00 1.785425730832105984e+01 3.920017811737081104e+01 4.177394566574231050e+01 2.177394610231172223e+01 4.177394566574231050e+01 5.311292760476511177e+01 6.139718380683606114e+01 5.452190364520445343e+01 3.452185477661118540e+01 2.037971831732708239e+01 1.434949142577064229e+01 8.575988733874334358e+00 1.490054405421134653e+01 2.156721072089099067e+01 4.156718375679858468e+01 5.929135600581945909e+01 6.450053146522310499e+01 4.311856185651230078e+01 2.835642108971239495e+01 1.666136211959735292e+01 2.775757082898829253e+01 1.039237776535945912e+01 2.435118838849617262e+01 3.881689471194969343e+01 5.223215524673850751e+01
2.878240454993829189e+01 4.878240454993758135e+01 6.077853764183558383e+01 6.217760049833729852e+01 5.765547146271340040e+01 4.251303018782829923e+01 5.069017513299920807e+01 4.968596922028793728e+01 3.660854821399446735e+01 2.598705631689244200e+01 6.161959567353858525e+00 4.087413702064741194e+00 1.829112664509860409e+01 3.904458559507061466e+01 5.005819171686671609e+01 4.177394566574231050e+01 3.071821801231072513e+01 4.486035363107428253e+01 6.486034989723469835e+01 5.452190364520445343e+01 3.452185477661118540e+01 4.037973346615986969e+01 3.032340691110022846e+01 1.032339684719642392e+01 3.032340691109997977e+01 4.156718354184567943e+01 3.311421620015053691e+01 4.725635329218726355e+01 6.725612968881698350e+01 5.215564555582947293e+01 3.106532439324637096e+01 3.724253644436482347e+01 3.812774307421845776e+01 3.007931740686093391e+01 1.313120490893760994e+01 2.469939984792745591e+01 4.414134378507712597e+01
3.878240454993793662e+01 5.706667579739918494e+01 6.489667906717154722e+01 5.684764739411019008e+01 4.941400913198892653e+01 2.909316541667606870e+01 3.103722642244649776e+01 3.440807042681099404e+01 2.326923637763363928e+01 9.199017932267231856e+00 2.473660932867326068e+01 4.747901815205770149e+00 2.479360425720905425e+01 3.702211240571554640e+01 5.707301290231358593e+01 5.900243309106961220e+01 4.486035362871890442e+01 4.486035363107428253e+01 6.486034989723469835e+01 6.280640132897655548e+01 5.452190364520445343e+01 4.515645450320948129e+01 3.209117672299631607e+01 1.209116380016280701e+01 3.209031306343631229e+01 4.337913626224715813e+01 5.311415217654544563e+01 5.311415217654545273e+01 7.311344643759269957e+01 6.093079035549465772e+01 5.215564555582947293e+01 4.710496053355554125e+01 3.593700216179551177e+01 1.621296176978404446e+01 3.279130751887689854e+01 1.997019432908039605e+01 3.089117506826410420e+01
5.878240454993722608e+01 6.706667579739783491e+01 5.684764886341522327e+01 3.730013652009965597e+01 4.302545995758482178e+01 3.679339359935327280e+01 1.694249509460597736e+01 1.460621928900497224e+01 1.233226637299257078e+01 2.910081369108160487e+01 2.511933556193415384e+01 5.409497532289446298e+00 1.696538777572718359e+01 3.429616823557586258e+01 4.155693363381021044e+01 4.995994075404252754e+01 6.486034626905633615e+01 6.486034989723469835e+01 7.314451255106492056e+01 6.178357618458236544e+01 5.023648257438701847e+01 3.687209338082176657e+01 1.687207823750046387e+01 3.208849885278059588e+01 1.508929055614627934e+01 3.509081223891747214e+01 5.040824177455090904e+01 5.869267693808436803e+01 6.869277644744477129e+01 6.921127230811941899e+01 5.054959318102682175e+01 3.904920110834802216e+01 1.936589610439950349e+01 3.593700215914081753e+01 4.382989268344826428e+01 3.964340439982757403e+01 2.807192124647473364e+01
7.651366365914309142e+01 5.703451989994123039e+01 5.521762793930503221e+01 4.302546974932499779e+01 2.327717685538695491e+01 2.052156836023454645e+01 3.679339359931334030e+01 2.861415263953805876e+01 2.674231235056800671e+01 4.043502621609921022e+01 2.174327143197422885e+01 2.544247497843099026e+01 6.349846185580187097e+00 2.476393284086593027e+01 2.149214929745226144e+01 4.164589862466805670e+01 5.226923507409311753e+01 6.045911338557966275e+01 6.755713357056326629e+01 5.349913655778885158e+01 3.349908882745164362e+01 2.195208331750817266e+01 3.687209338082176657e+01 3.724545842549499497e+01 1.724594602021508294e+01 3.724589335724584060e+01 3.040822368604727188e+01 4.040822376238451596e+01 6.040826001559106828e+01 6.408089986880575850e+01 5.054959318102682175e+01 3.153410462857062768e+01 2.163762977828995560e+01 4.130144786777928090e+01 5.372860979521835390e+01 5.583798443429304825e+01 4.193227608891404401e+01
6.773326375824493084e+01 5.696538258459763426e+01 3.741828893538589540e+01 2.749542135665240039e+01 4.302546974932499779e+01 3.457746114335570553e+01 3.117836667253829930e+01 4.776787253610687856e+01 4.809215357551811820e+01 4.987918757073868647e+01 4.167043275396763136e+01 3.468487181302226219e+01 2.638387374708218047e+01 7.292876771221724397e+00 2.732906623288863912e+01 3.869774999718045194e+01 3.310682046811662360e+01 5.226923507409311753e+01 5.927265856693733781e+01 3.927259164549652581e+01 2.772558600940678630e+01 4.195210361687333034e+01 5.023648257438710374e+01 3.724594979192388422e+01 3.724594979192388422e+01 2.040822368038351797e+01 4.040823451509653097e+01 5.869267694316669548e+01 6.869277644783501557e+01 5.604143079283716844e+01 3.664370285435776253e+01 2.678264256781482189e+01 4.130144786837926318e+01 2.609489424542534053e+01 4.568103728253355911e+01 5.831749168602873112e+01 6.147896646625810746e+01
5.019561968346819469e+01 4.046442052776237830e+01 3.240381485974578624e+01 3.637299185530723378e+01 5.521762777484833151e+01 5.417144466271035697e+01 4.002303303263991552e+01 5.886853346519791330e+01 6.150935178402202297e+01 4.206063761368186249e+01 3.061931752336449009e+01 2.993112375018250404e+01 8.247703759857145656e+00 2.067433770292761253e+01 1.450523133484433203e+01 1.986913736239446493e+01 3.310682046811662360e+01 5.226923507409311753e+01 6.633997610771466213e+01 4.633986046318042185e+01 3.219772196441411438e+01 5.219775872211823753e+01 6.553050227694103569e+01 5.434572686496892402e+01 3.434568633949422889e+01 2.279868089905234640e+01 4.279869808396797737e+01 5.469200233266928990e+01 6.600658593328608958e+01 6.408089986880575850e+01 5.023917302118277917e+01 3.076108594299228116e+01 5.023917302118277917e+01 4.568103728253355911e+01 3.078364664042966936e+01 4.460019091583862405e+01 6.397603694420528342e+01
5.192774872917508588e+01 3.824658077505066700e+01 4.376899135589593470e+01 5.589766990745764730e+01 5.233991444754631317e+01 6.758411184799005866e+01 5.384989996799380663e+01 6.758411184799005866e+01 6.953292625142900363e+01 5.314719221298875595e+01 3.126998795336959702e+01 1.648619570901288967e+01 8.923653694941902970e+00 2.862217182597715848e+01 3.347609006678739973e+01 3.869775216364094916e+01 3.310682046811662360e+01 5.226923507409311753e+01 6.633997614937497644e+01 4.633986046318337770e+01 4.219772204884174727e+01 4.219772204884175437e+01 6.219779539539472779e+01 6.263037030792253290e+01 5.035799798635994051e+01 3.035797035935253163e+01 2.651258766259345023e+01 3.805511461551556351e+01 5.788996862834596868e+01 7.026435856670808278e+01 5.437331565187562177e+01 3.498240104999585043e+01 5.437331565187562177e+01 5.370827837609724753e+01 3.428807839866460938e+01 5.370827837609724753e+01 6.688442266731523489e+01
4.518579014586626386e+01 4.802678635642669036e+01 6.317207741923874664e+01 7.118954878628086647e+01 7.172786633366419551e+01 7.976899116875419793e+01 7.326497406753696851e+01 6.321946971593871467e+01 5.496051501722762822e+01 5.225436471267321537e+01 3.435735339291761647e+01 2.103493215293236318e+01 9.603102562120742647e+00 2.456485014969693026e+01 4.559644641530375964e+01 5.615401019474228406e+01 5.226923507409311753e+01 6.045911338557966275e+01 7.462450964638497908e+01 6.633997615088804878e+01 5.374472987591806827e+01 5.114199448569990381e+01 7.048228928981112063e+01 6.450019726722737801e+01 4.450010724265442974e+01 5.035799798651039794e+01 4.651261868097731877e+01 3.043491036534465977e+01 4.198186975710482471e+01 6.198054809320417746e+01 5.880512748266909995e+01 3.948723021678461720e+01 5.880512748266909995e+01 6.175017508716244663e+01 5.370771139973089703e+01 3.963097697455833668e+01 5.078291524128700019e+01
6.443477610584085369e+01 6.167232808895000318e+01 7.525912036758670354e+01 7.406975523132045680e+01 6.584144498467568951e+01 6.733427104571936184e+01 6.823761825200895714e+01 5.496051501748531365e+01 3.537523765257182617e+01 4.111163258000495802e+01 3.918309961182737311e+01 3.030206263369561626e+01 1.028489894739570687e+01 2.679542238881762017e+01 2.790096861586933130e+01 4.783603162410771148e+01 6.430934612800193406e+01 6.430934612800191985e+01 7.267283007963159491e+01 8.202949719330065648e+01 7.374489763485415494e+01 6.528415459865891535e+01 7.114212621776378853e+01 7.278504361368219122e+01 6.450019726722737801e+01 5.659187990778324462e+01 3.672169328625562201e+01 3.381552738418278636e+01 5.381481452465042281e+01 6.709869836504705631e+01 6.683973338439625422e+01 5.879404142951985079e+01 4.680299399057626175e+01 6.609949812882986464e+01 6.702146457066720586e+01 5.897232663371779893e+01 4.576131410270539135e+01
8.075594422997492927e+01 8.085023194251049006e+01 7.998169639630204131e+01 5.998436107461471778e+01 4.572192304017489306e+01 4.722764868666030225e+01 4.810457345771374804e+01 4.810457350958394329e+01 4.111163258129514730e+01 2.146478549972436412e+01 3.168433212157654566e+01 1.162308377398646009e+01 3.034141597841508897e+01 1.168186302214027350e+01 2.584943888831542580e+01 4.597554197211275806e+01 4.350476645967393807e+01 4.350476645967393807e+01 6.430934612800191985e+01 6.866490976013817260e+01 7.699950549650246501e+01 8.528452074860351217e+01 9.114268577954065620e+01 8.102504825495482521e+01 6.000261626986915786e+01 4.476510222571869235e+01 5.659187990778324462e+01 5.381481452465042281e+01 3.881552735961064826e+01 5.881460331019381726e+01 7.357889107574204957e+01 7.167528387788929933e+01 5.234971623241989391e+01 7.167899320346101888e+01 7.334244012596052187e+01 5.396390043733631359e+01 6.507940325181220942e+01
8.570671469345150228e+01 7.837483639712212380e+01 7.023261650883772234e+01 6.607916158379778437e+01 4.598649659296888359e+01 3.294936240874842071e+01 4.810443105368209871e+01 2.796223150267432445e+01 3.399246660066955883e+01 1.388606156169874772e+01 1.290507154465693596e+01 1.231249862020847807e+01 2.551107568707032769e+01 1.267616702014800545e+01 3.274156892480061032e+01 3.915030359863686726e+01 2.870232030126751965e+01 4.959828676479139631e+01 6.254768655947218292e+01 4.809864352781276864e+01 6.460337175317827985e+01 7.295779295433746370e+01 8.466115331855738191e+01 8.102504825495482521e+01 6.000261626986915786e+01 6.000261626986915786e+01 7.469932497118136894e+01 6.513873210368323896e+01 4.514008089960528025e+01 4.530438201954854804e+01 6.530308254280984670e+01 7.814423515056104463e+01 5.874822018975139315e+01 7.814449425835515228e+01 7.982209747193982707e+01 6.038312543400191146e+01 7.982209747193982707e+01
