LEM/with_lateral_4open/elevation_000479.asc
nrows	100
cellsize	150.0
xllcorner	0
ncols	100
yllcorner	0
NODATA_value	-9999
[rows 34 to 50 of 100, columns 37 to 73 of 100]
5.989414279964937293e+01 7.424253446425848324e+01 6.315236152392338198e+01 4.325899623812285455e+01 4.146613740413208404e+01 6.129222893895823177e+01 7.600763326119478336e+01 8.611355847058932511e+01 8.851674741472253061e+01 8.014601706781860457e+01 7.158867380403664527e+01 8.376364479371270022e+01 6.944938870072560633e+01 5.845271135932419071e+01 3.817756826484930599e+01 5.433222270217783745e+01 3.849446401886548585e+01 5.876655653673625324e+01 5.789915333030099021e+01 5.439843528908986059e+01 7.466411503505024427e+01 7.696680215010395898e+01 9.124716149822631905e+01 8.179077818960830371e+01 8.179077818960830371e+01 1.020004233896339230e+02 1.032758788900712261e+02 8.339868717108340945e+01 6.923813754143424148e+01 6.213169964896133024e+01 5.777794693010235960e+01 7.188589411474342228e+01 7.110930222139302259e+01 5.967387581734758584e+01 4.010719297132054351e+01 3.790447391896314144e+01 5.523191420981749644e+01
8.022043941608629325e+01 6.967485884688596798e+01 4.957117195465171022e+01 6.315236153168083177e+01 6.129222893895823177e+01 4.756974761858459289e+01 5.752968548768144075e+01 7.182137050264849165e+01 9.205406527413477136e+01 1.001953906717504736e+02 8.400106325009136299e+01 6.375748989288761237e+01 5.513504884791896643e+01 4.079348991250603262e+01 5.845271135932419071e+01 6.618403861374324038e+01 5.876655619188323953e+01 4.141774448984167378e+01 4.354858361148858847e+01 6.383165357029809428e+01 6.956283121520242219e+01 6.265451332808629559e+01 7.818231437076207158e+01 6.749867481650593959e+01 8.179077818960830371e+01 1.020004233896339230e+02 1.024981523794975971e+02 8.268074584935826010e+01 7.111745188399656570e+01 8.215549136159057753e+01 7.778594177953564781e+01 8.177542077637708928e+01 7.351890468752291952e+01 6.268428593977663610e+01 5.259953835454410154e+01 5.447219166053336181e+01 3.484056384408388141e+01
8.134238932964433388e+01 6.113363373464814998e+01 6.967485884688596798e+01 5.850306429139548925e+01 7.600763326119533758e+01 6.763853754361035442e+01 5.567797907166060156e+01 6.733557306045501889e+01 8.757580655153752502e+01 9.438228463889205955e+01 8.287279681431220979e+01 6.375749008821169639e+01 4.347083090630037105e+01 6.107045646179301457e+01 6.944940696257140189e+01 7.601724422736930364e+01 5.575977202090081875e+01 6.169304397346135005e+01 6.359488517641671024e+01 4.678833169418327742e+01 4.926598531302076367e+01 5.248403398216638038e+01 5.793272857170913426e+01 6.964007839261738297e+01 8.393207848094459678e+01 1.041413112691388250e+02 1.106011317958982119e+02 9.920268196413199746e+01 8.113831382628163169e+01 9.920268196413199746e+01 8.495116500417357486e+01 6.518814626632996578e+01 5.492199564990833949e+01 4.929659099399893307e+01 4.404345492269629858e+01 4.873566062271463295e+01 3.377106966339317040e+01
8.967789005638880440e+01 7.280753405537492995e+01 8.545366289579047248e+01 6.523176570824858800e+01 8.545366289579047248e+01 8.304807135057147605e+01 6.280227752135653674e+01 8.304807135057147605e+01 9.593268740466253064e+01 8.616935009727340855e+01 6.618991226789567861e+01 5.448483995039878636e+01 4.539745374701401204e+01 6.569387323948450330e+01 7.733741134087213709e+01 8.437952939892113591e+01 7.601724426091722364e+01 7.661846773293120805e+01 5.637223378465499479e+01 6.708317682914733382e+01 6.956283121520242219e+01 5.514528211908847766e+01 5.877318446361184101e+01 7.901810211149604868e+01 9.411530488839439101e+01 9.479187058751737993e+01 1.149904710948389095e+02 1.090824129598958621e+02 1.009748209430810846e+02 1.090824129598958621e+02 9.321918462145740136e+01 8.177556113304966345e+01 7.351890468752291952e+01 6.308293720718983622e+01 5.547641711916045182e+01 3.623709121179837211e+01 5.316666202414229048e+01
1.013167140529085088e+02 9.300121845191988257e+01 9.378251888613068843e+01 7.535933536686407308e+01 9.378251888613068843e+01 9.140985997480144931e+01 7.449725475352478554e+01 9.140985997480144931e+01 9.598989127203236649e+01 8.589313059875659917e+01 7.142923737201162737e+01 5.114128376686970512e+01 6.569387323948450330e+01 4.866360358690636900e+01 6.896584724648080567e+01 7.234816289320767169e+01 9.256605478367988837e+01 8.496526487439753339e+01 6.545300380123067896e+01 8.496526487439753339e+01 7.963430275264903457e+01 5.939380881954791391e+01 7.901810211149604868e+01 6.554333229050843102e+01 7.458590266423587423e+01 8.887141532952229284e+01 1.090851139667921643e+02 1.136837955736531427e+02 1.055244475753770814e+02 1.037980768802192841e+02 9.760275898908057002e+01 8.939314441369168662e+01 8.641083764412361745e+01 6.338044037864029434e+01 4.730114577801913356e+01 3.806887121476025726e+01 5.724739109533317105e+01
9.955897568563297284e+01 1.017558605730709900e+02 1.038584925303215982e+02 9.554799042471684345e+01 1.038584925303215982e+02 1.030778316217085120e+02 9.472870404523901300e+01 1.019136269646609918e+02 8.172889367635013969e+01 6.743190987276790338e+01 5.728126237701123813e+01 7.142923801406426776e+01 7.733758707109382158e+01 6.896588155846124835e+01 5.205444414720656710e+01 6.642322716010073691e+01 8.665224432764338758e+01 9.398920358153256416e+01 7.974817793224237050e+01 9.398920358153256416e+01 8.404554227405321853e+01 6.383070325863883454e+01 8.404554227405321853e+01 8.575548702198976514e+01 7.458590266423587423e+01 8.624714673333316739e+01 1.064641804406558236e+02 1.055244475753770814e+02 8.562133474709715131e+01 8.387485192900770414e+01 8.387485192900770414e+01 6.939958198553415514e+01 8.608885986192125017e+01 7.040925183800428044e+01 5.127700695960896127e+01 3.993090284621791142e+01 5.337305435449385982e+01
7.925891834988944140e+01 8.148487172310898075e+01 1.017558605730709900e+02 9.956558160152334835e+01 9.608925818204151881e+01 1.043927589439210664e+02 1.098276932876599119e+02 8.965071753000182753e+01 7.536944648968136562e+01 6.525103296480693871e+01 7.161939947976672727e+01 8.589317601059626384e+01 7.671123306278045106e+01 5.645315355562361503e+01 5.621790758432089063e+01 7.056482566930404232e+01 9.077830313813312557e+01 1.028966359139977698e+02 9.990531187770574206e+01 1.030979923057056880e+02 8.288709585233709731e+01 6.860672003618100234e+01 8.880673036966963707e+01 1.031471709543992148e+02 8.468309319095517651e+01 1.031471709544010622e+02 1.148064629950733888e+02 1.055244475753770814e+02 8.562133474709715131e+01 7.140669002924381914e+01 6.389220028546910868e+01 5.810952853837742538e+01 7.313101498990759808e+01 7.868625447670311246e+01 6.089001195644647169e+01 4.182882295377394399e+01 5.520111072319653545e+01
6.473877929556903155e+01 8.520466748505305077e+01 9.356046790807880598e+01 7.926159238200339985e+01 7.573321073400816772e+01 8.756187352477354580e+01 1.077378822517110848e+02 1.039040577161610770e+02 8.546493175151667288e+01 7.351604652716731891e+01 9.182126286611715216e+01 9.414076306076486844e+01 7.396024049774962350e+01 5.963826282473055329e+01 7.648521614856255724e+01 6.265491397015809838e+01 7.434215533470067783e+01 9.454619967498244648e+01 1.102676614574991589e+02 1.015894036507762621e+02 8.137822257373882451e+01 8.880673036966963707e+01 7.870209841980657473e+01 9.891136231953562685e+01 9.898291944003828746e+01 1.132455104034010702e+02 1.164899981750272673e+02 1.076325084918116204e+02 9.845848284931771843e+01 7.848440573032920042e+01 6.434711460244926684e+01 7.313101499224063673e+01 5.370411077121787002e+01 6.867437795988526261e+01 6.276441514382807441e+01 4.374129300615981464e+01 5.705157468430576273e+01
5.790526501904746937e+01 7.838270475522456593e+01 7.717846287650672821e+01 6.473585263699681036e+01 8.520849313926224511e+01 1.043927589439210664e+02 1.160043522669827780e+02 1.139757366746031977e+02 1.020536495781607726e+02 8.517808040170181982e+01 1.020536495781607726e+02 9.653203616594542780e+01 8.314937348128825079e+01 6.294080643627027172e+01 8.314937348949366935e+01 8.288138923640158851e+01 7.005471821836373181e+01 8.171980228304829552e+01 1.019235740299628361e+02 1.099382522692881281e+02 9.567047540748744439e+01 1.072639625181764984e+02 8.880019295052903772e+01 1.072639626434483233e+02 1.191873084935461549e+02 1.222820006582640389e+02 1.025679576093106391e+02 8.848015642462293329e+01 7.948359899735355327e+01 7.186864923755102552e+01 7.848440573032920042e+01 8.001060573360497585e+01 6.034526406322149228e+01 4.953521545365898504e+01 4.671761464350459647e+01 4.816098579899254162e+01 6.725355711248165846e+01
5.201855256000367689e+01 6.993582984191741048e+01 5.669320314689367990e+01 7.717846287650672821e+01 9.356046790807880598e+01 1.044617161721968159e+02 1.127320100466193082e+02 1.195850491542227161e+02 1.136960701337252999e+02 1.053611353802920263e+02 1.024549612645408700e+02 8.228950216547768548e+01 6.801000878935617777e+01 8.314937348581148058e+01 8.314937348910395087e+01 9.861304675312649692e+01 9.025892097323601604e+01 7.957924619314221104e+01 9.124418464893727787e+01 1.114475155533313142e+02 1.158789604904375636e+02 1.173621336447434942e+02 1.090225316885815801e+02 1.173621336551749010e+02 1.178426037564975957e+02 1.156930003073392612e+02 1.164899981750272673e+02 1.059790575610216763e+02 8.608148715750077429e+01 8.608148715750077429e+01 9.845848284931750527e+01 8.808027576960392935e+01 7.027115162928888026e+01 5.104772817178147903e+01 6.575556206453494212e+01 6.725355712447972678e+01 5.489767029566777268e+01
4.673591635421104939e+01 4.948991638463601817e+01 6.993582984191827734e+01 8.330050935618103836e+01 9.767841699654441356e+01 8.423218841597014261e+01 9.955466380744903176e+01 9.955466380744904598e+01 1.178740757527524039e+02 1.093438037383277219e+02 8.918703207806547084e+01 7.753155857720982169e+01 8.819582838986617901e+01 7.474478372335062204e+01 9.492135072134105656e+01 1.116260783226259719e+02 1.081299470331186683e+02 9.124418464893727787e+01 1.081299470331186683e+02 1.197793998617801776e+02 1.181330866419838515e+02 1.159978046695118081e+02 1.217207441547711682e+02 1.178426037564975957e+02 9.828816968986514269e+01 9.615348311442711804e+01 1.099979304409645948e+02 1.141373047648723400e+02 1.059790575609832786e+02 1.059790575610640246e+02 9.948926780559402516e+01 8.770585470676498119e+01 6.779754946168799279e+01 5.416724200961519387e+01 7.362855907786776299e+01 8.257716588047294692e+01 6.855226598662163440e+01
6.116609159992870559e+01 6.993582984191827734e+01 5.442131283865611380e+01 6.892257394656667202e+01 8.477215915492676857e+01 7.236053410073202485e+01 7.923725090199997112e+01 8.948872543283889058e+01 1.096206021820592298e+02 1.176537774227692807e+02 9.770628619428153172e+01 8.918703207806547084e+01 1.013012716456057944e+02 8.112619023316277378e+01 8.639886447416127169e+01 9.805610345877953193e+01 1.181843074051097915e+02 1.114475155533313142e+02 1.197793998617801776e+02 1.181330866419838515e+02 9.869640774984289067e+01 9.657400581341276791e+01 1.022631047819606778e+02 1.028590666462400804e+02 1.018764751991199802e+02 8.247598670674230448e+01 9.501736671345599916e+01 1.145302532253700889e+02 1.127779052129751705e+02 1.028566476748345195e+02 9.128949228926610715e+01 7.129265617798026256e+01 5.992700406861055740e+01 7.362855901988764629e+01 6.368395652698774256e+01 8.357316164205754205e+01 8.839931730955136402e+01
8.160836015412291999e+01 8.330051091313180223e+01 6.625978832041981548e+01 6.009037745939627939e+01 6.427746761223517069e+01 7.156272711075467896e+01 9.199663758478403963e+01 1.078383389039690314e+02 1.178740757527524039e+02 1.261329979500947758e+02 1.176537774227692807e+02 1.093438037383277219e+02 9.760732813933952912e+01 9.015577808107357782e+01 1.065632834383923182e+02 1.148772902966736353e+02 1.264821925884248088e+02 1.229570453351064572e+02 1.142905252684136457e+02 1.159978046695118081e+02 9.657400581341276791e+01 8.283630339663778841e+01 9.397948883826268229e+01 8.340184081234255586e+01 9.252494549680439206e+01 7.554081938401587593e+01 8.929504510726921751e+01 1.087437040856675594e+02 1.046241033391310111e+02 8.471635134453164540e+01 7.465319759533355182e+01 6.758248262348098478e+01 7.129265617798003518e+01 8.797804056898380054e+01 7.772864147279101132e+01 7.772864147281579505e+01 9.768308156838078560e+01
8.365324965242314192e+01 9.505687045523004031e+01 8.671099821129097052e+01 8.058869785266453789e+01 8.477215927383508642e+01 9.199663758478403963e+01 8.456274771974889859e+01 9.892546226733293224e+01 1.189433714130076112e+02 1.274736042106926561e+02 1.282756114314726403e+02 1.260370238994663765e+02 1.177374353871581718e+02 1.018169403276918246e+02 1.186263013793094245e+02 1.264645466376690024e+02 1.222019155599728606e+02 1.111085496495958722e+02 9.393427668603750647e+01 1.111085496495958722e+02 1.103403569999939293e+02 9.397948883826268229e+01 7.446445474926431984e+01 6.952240990451015534e+01 7.734784697314219670e+01 7.017464450374313856e+01 9.190040769147545063e+01 1.099113747982035107e+02 1.127779052073400123e+02 1.028566476748345195e+02 9.467022734180937960e+01 7.760062708835084777e+01 9.128949211740670933e+01 9.948925295630982646e+01 9.768308140191280131e+01 9.768308157634726285e+01 1.058631110664112924e+02
7.526681675714316100e+01 8.456989235367819902e+01 7.848298078155129076e+01 8.495316422689536751e+01 9.266064382567836333e+01 1.009722352913369150e+02 1.047885721109249602e+02 1.130588428275276129e+02 1.216194906638429671e+02 1.074064006703832774e+02 1.087752086761311858e+02 1.226262150380149478e+02 1.302230450853681987e+02 1.219310546937821726e+02 1.212989032740747604e+02 1.081366345601812782e+02 1.128310116396213942e+02 9.202896290248263256e+01 8.316587471803356379e+01 1.023288136035058642e+02 1.021086099181086979e+02 1.020475728167071026e+02 9.397948883826268229e+01 8.274868439499827844e+01 6.309395565111657334e+01 8.274856015370504281e+01 8.355080060426152500e+01 1.020753343687353834e+02 1.064926735573236414e+02 1.007143635795948455e+02 1.057625157037983428e+02 9.758565011303153369e+01 1.057625156558077464e+02 9.907432262152822489e+01 9.430862036345914134e+01 1.025701295191938556e+02 9.940304185554306571e+01
6.916244581978260442e+01 6.414261320900789087e+01 5.801172290374320539e+01 6.449264766049257958e+01 7.226856957219474964e+01 8.675109537753935740e+01 1.069275558366761629e+02 1.161054987607793265e+02 1.078511093321460379e+02 9.313361332681667193e+01 9.467873808735720331e+01 1.087715896443268946e+02 1.282159578538035873e+02 1.240032727237860257e+02 1.058193078737561592e+02 9.600316244209825811e+01 1.032843214249036237e+02 9.512398312688252133e+01 7.606012813016668872e+01 8.929073300909971067e+01 7.954224204669037590e+01 9.179191740104857899e+01 9.132137512070794116e+01 7.959310798151290101e+01 5.991265935251274044e+01 6.799252694449252488e+01 8.175697535628343360e+01 1.009809094030264447e+02 8.669713797498179986e+01 8.089695173745502643e+01 9.493805365676371366e+01 1.077218283984767027e+02 9.907432262152822489e+01 7.914660242328328366e+01 7.438100663672238966e+01 9.106196829274902882e+01 7.947486335319962336e+01
6.073811145138105871e+01 4.969025567234130136e+01 7.012562474929126211e+01 8.495316422689536751e+01 9.266064382567836333e+01 1.009722352913369150e+02 1.104210962127670825e+02 1.021468440505748845e+02 8.768348602071621656e+01 8.289645311790239646e+01 9.127442479865257496e+01 1.055170712296290105e+02 1.253546220556202400e+02 1.319782443852410836e+02 1.205050477912685380e+02 1.044007292259824879e+02 8.675238547732257643e+01 9.171994047324388077e+01 7.224267699990052449e+01 6.812216099687996973e+01 6.490800810857597014e+01 7.841315087626783509e+01 7.176776791218534868e+01 7.483815231488770792e+01 5.701106939833741194e+01 7.672240348256627840e+01 9.239572025789324528e+01 1.003761957802833535e+02 8.669694324009979880e+01 6.684922383791773370e+01 8.669821279897227839e+01 9.362604274039097163e+01 7.953025708230521218e+01 8.280340721402080817e+01 6.288114418400542860e+01 7.639401141437862464e+01 6.797287137810398860e+01
