LEM/with_lateral_4open/elevation_000404.asc
nrows	100
cellsize	150.0
xllcorner	0
ncols	100
yllcorner	0
NODATA_value	-9999
[rows 68 to 84 of 100, columns 0 to 36 of 100]
5.009162696260269221e-02 1.419222725069391799e+01 3.419222725781886396e+01 4.289438828012845306e+01 2.875225282800848703e+01 3.260125462260630513e+01 3.427013870978006338e+01 4.827013528842748968e+01 3.896058496473688137e+01 4.896058496473722954e+01 6.896058496554503847e+01 8.116335877060799930e+01 7.286490962903712898e+01 8.116335877060799930e+01 8.281306308883740996e+01 8.281306308883740996e+01 9.112637458788326228e+01 9.648456185005122165e+01 8.821474167207446726e+01 7.722781538097822818e+01 5.706232045885415260e+01 5.163851404242255683e+01 7.185088555164996649e+01 7.424763153740281041e+01 6.594350491180891538e+01 5.266934085852357583e+01 5.568390743400657783e+01 6.011949020271433852e+01 6.518629654083838432e+01 7.681828388607254965e+01 9.683707409492362217e+01 1.003822783158852587e+02 8.607525345210437706e+01 6.650359489879284070e+01 5.495687571146766004e+01 6.889820734820104065e+01 6.889820734820104065e+01
4.695337527364121244e-02 2.004695337221210139e+01 2.628568370156133582e+01 2.953011212432794963e+01 1.461011720427728378e+01 1.845911899887485674e+01 2.272313332598714197e+01 2.827013528823952981e+01 3.981714067203245122e+01 5.981714067247728650e+01 7.724485656586476523e+01 7.118807614095841529e+01 5.294899880389776570e+01 7.118807614095841529e+01 6.285431283978383021e+01 6.285431283978383021e+01 8.281306308883740996e+01 9.854308934801582609e+01 9.141182730305629889e+01 7.135260527399177022e+01 7.722781538097822818e+01 6.178901811541438605e+01 6.178901811541438605e+01 8.191276686114001393e+01 7.791304710243868215e+01 5.775470237873665269e+01 7.586184501194698271e+01 7.178148561733685540e+01 8.527922033592891182e+01 7.526587609300733561e+01 8.944690154082934441e+01 1.094052435760098803e+02 9.412669083841370821e+01 8.300097906587029684e+01 6.889820734820104065e+01 4.887951229616033544e+01 6.344980865999229280e+01
7.614146464036156137e-02 3.162208463882206111e+00 6.285683701654340538e+00 9.530112124269619400e+00 2.953011212432794963e+01 3.260125462260630513e+01 3.686526894971859036e+01 3.905306494454247002e+01 5.655440667791490483e+01 6.810141215982064011e+01 6.952290950913474887e+01 6.124117152918005047e+01 4.296716781990389222e+01 6.021068261982614445e+01 4.879065759329665752e+01 5.873549080113525633e+01 7.020534654307570577e+01 9.022039192596325563e+01 9.968069929201921298e+01 9.141182730305629889e+01 9.019217197828507437e+01 7.604708596153527367e+01 7.082681180086301254e+01 9.019217197829260613e+01 8.328769714962757575e+01 6.317759809923818892e+01 8.328769714962757575e+01 9.183237677827608536e+01 1.000947676344233770e+02 8.530550346627579472e+01 1.035498488825518564e+02 1.030015703137005545e+02 9.305884932393792042e+01 8.293533662537642215e+01 6.300375897105735845e+01 4.878259331432270329e+01 4.340395537142345717e+01
2.352828262072655108e-02 2.002352828262037221e+01 2.628568370170006219e+01 2.107711750806234008e+01 3.781438343443727490e+01 5.260125462297123278e+01 5.686526895018232608e+01 5.905306494527859229e+01 6.733733646249390858e+01 6.712171347791681342e+01 5.799217201872762928e+01 4.127848256595727605e+01 3.537798439953274254e+01 4.025378243390476030e+01 5.437360963369085454e+01 7.430262338751560947e+01 7.540930025296134431e+01 8.364076627902865368e+01 9.203988020509196133e+01 8.910027306359414467e+01 9.730828210234538744e+01 9.607377324151843823e+01 8.243362351897782503e+01 9.914817265025146753e+01 9.037852997168805302e+01 7.032262608073169474e+01 7.961630117729650635e+01 9.962353587021010526e+01 1.135280127199268065e+02 1.052796257179364119e+02 1.135280127199268065e+02 9.472055057110819121e+01 7.487930857247299343e+01 6.491714916211118691e+01 5.780507526878667335e+01 6.839626294381297100e+01 5.216126811894116599e+01
6.786455232800275850e-02 1.421000017605907750e+01 3.421000017605977916e+01 4.107711750820022445e+01 4.936138886119048408e+01 5.658320143218004716e+01 5.076826698639079893e+01 5.658320143218004716e+01 5.988314882986816201e+01 5.160385421576143727e+01 3.885957112332513219e+01 2.969923908054294159e+01 4.971570769486467611e+01 6.021068261982614445e+01 6.848781843495953581e+01 7.211494325973890795e+01 5.540838101614416900e+01 6.386176414754496022e+01 8.284522282142842187e+01 6.916895785938994834e+01 8.582045108534858002e+01 9.941081049449410045e+01 1.024214970912749862e+02 1.106795058069662900e+02 9.864091084362337369e+01 8.038054998929506212e+01 9.864091084362337369e+01 1.078785656597580243e+02 1.013186024065715998e+02 1.002691061466467346e+02 1.085609582274418585e+02 1.030015703137005545e+02 9.305884932393792042e+01 8.479992957179058521e+01 7.777030514352691171e+01 6.718306170242001940e+01 7.070671237655325569e+01
3.257643153035955086e-02 1.417471205526118361e+01 3.417471205526047129e+01 4.620165226395142355e+01 4.969436304902149715e+01 3.665617173236645243e+01 3.081075048464859734e+01 3.665617173236645243e+01 4.833877289793768028e+01 3.160531839777145535e+01 2.469442540258562957e+01 4.471159054128420252e+01 5.799217379849249454e+01 5.871850437646547505e+01 5.043717701233390471e+01 5.331103554332786842e+01 4.379325071234975297e+01 5.460640030721518912e+01 6.495137781820550060e+01 5.760488511917143484e+01 7.128188082367893230e+01 8.705909948474851490e+01 9.854411182771104905e+01 1.087277121472003643e+02 1.086278338153896925e+02 1.003765099540811576e+02 1.086278338153896925e+02 9.542779483154198772e+01 8.124544509818473159e+01 8.019291941527241363e+01 9.697975487668196592e+01 1.001331987051739816e+02 9.183500474435903982e+01 1.001331987051739816e+02 9.489102804281296244e+01 8.638515990825989377e+01 7.937499388028041380e+01
1.880098487986705744e-02 1.416093660861094250e+01 3.416093660881005434e+01 2.640142150208417959e+01 2.396433433292944315e+01 2.824271724236881198e+01 1.666694710299095306e+01 3.665617160967325106e+01 3.574238761229938888e+01 2.004844078785067296e+01 4.005769417784656383e+01 5.299064230062094083e+01 5.478128599681241440e+01 4.649321127535218778e+01 3.032681875876315303e+01 3.319402582637007271e+01 3.616328444930017838e+01 4.037459365543661960e+01 4.489174516740690990e+01 5.126307259184169851e+01 5.885281766825720950e+01 7.041169189788604399e+01 9.033930695951461587e+01 8.811064870857374842e+01 9.414924678159422911e+01 1.001559009871163539e+02 9.697975836447344022e+01 8.536286082332753722e+01 6.695986247329146579e+01 6.852429205161949710e+01 8.867811433298631130e+01 9.008238685701147119e+01 7.170520984811093967e+01 9.008238685701147119e+01 9.333509726604084733e+01 8.182635497762737486e+01 7.356025670541883699e+01
2.900726248362994752e-02 2.002900726248327601e+01 3.329217827287082798e+01 2.242523038894968224e+01 6.892651108754958678e+00 8.241053144666839358e+00 9.598747780347533620e+00 2.961146214951083877e+01 1.573876099331863720e+01 3.574146528942806356e+01 3.874525085330621010e+01 4.094665733282489839e+01 4.319034696637785942e+01 2.640267201381940154e+01 4.649321127539931098e+01 5.331103554332786842e+01 5.040966948250215296e+01 4.408066162813087630e+01 6.414740228964608093e+01 6.128686239599974073e+01 7.883409303937611412e+01 8.705909948474851490e+01 9.414924678159422911e+01 7.313121023235247264e+01 7.313121023235247264e+01 7.928725061039870070e+01 8.867811433743054295e+01 6.852429205161949710e+01 5.678668493806545570e+01 6.964599489741260641e+01 7.769467119305363667e+01 7.166348855021826125e+01 6.155686980420164645e+01 8.177010729623486895e+01 8.505632438292072095e+01 6.514455107823702917e+01 5.361864046967088626e+01
5.081304048347550645e-02 2.005081304044474777e+01 2.314725135126427347e+01 5.007031849429456116e+00 1.968140427138589388e+01 2.530255523298175291e+01 2.623654923431004704e+01 1.156943877949729327e+01 1.324197185374892705e+01 3.323913434258466992e+01 1.869823028348331562e+01 2.089059205092715743e+01 2.312186899335372559e+01 4.319034696637785942e+01 3.308848148992822757e+01 5.319557616812497258e+01 7.044055167294071396e+01 6.414740228964608093e+01 5.308467269774229180e+01 7.309733853367073664e+01 8.125660160158096801e+01 1.011301672848962170e+02 9.601106262845900119e+01 7.928725061039870070e+01 5.800312073508622746e+01 7.255661776538785546e+01 9.355665423301933004e+01 8.131897894339248012e+01 6.110077749981441997e+01 4.933263737376839941e+01 5.744642880845664479e+01 5.136618862539383912e+01 6.575219636004872825e+01 8.593460194694705478e+01 8.318546831633358352e+01 6.327050009622946192e+01 4.914466312993624086e+01
4.469920835086939326e-02 2.004469920835051511e+01 3.146063313853558974e+00 2.314734142045047705e+01 2.337300865612832368e+01 3.679530339674694517e+01 1.888688727497923381e+01 3.160257321911794648e+01 3.327806232020438415e+01 1.563231101274205948e+01 3.567590200332207218e+01 4.094665733282489839e+01 3.730883435614188670e+01 5.148233896214014038e+01 3.812267886684318796e+01 5.821987526854488237e+01 7.433483991802803814e+01 8.133290989395165127e+01 6.725684361089558649e+01 6.576540766667874038e+01 8.571382617386107938e+01 9.599527934553555042e+01 8.388833838837553003e+01 6.636572293523491339e+01 5.134424282202433432e+01 7.255661776831639997e+01 8.470478015865978705e+01 8.963258572669023749e+01 7.798452379438447224e+01 6.337715815093590521e+01 4.302159306042550213e+01 5.481044169529296539e+01 6.917520756596911724e+01 8.933190367207912175e+01 8.318546831633359773e+01 6.327050009622946902e+01 6.910345924078335145e+01
2.324776005098762310e-02 1.301000890052446790e+00 2.130216109505113664e+01 3.143168950051401467e+01 4.078349493824356387e+01 4.438806426946811001e+01 2.445491240535688959e+01 4.457062356705975503e+01 4.400070308237550876e+01 2.457609564271040981e+01 1.975436792263807817e+01 3.981400695744152074e+01 5.242128947658002858e+01 6.558104971928719351e+01 5.821987526854488237e+01 4.603158125124227951e+01 6.608577863820278253e+01 8.374561367038610626e+01 8.719754058720559442e+01 7.989249169847347787e+01 9.392728375578511191e+01 8.749003008983581253e+01 6.633945165449044623e+01 5.404601772667057702e+01 4.614412337075766146e+01 5.496755815358444153e+01 6.772028028848438908e+01 7.636442519236688042e+01 7.712222723879587249e+01 6.015864795725912728e+01 3.978789435431025368e+01 6.015846616186709639e+01 6.721516708184439892e+01 8.740111473636689254e+01 9.146133448877739625e+01 8.318546831633359773e+01 8.667329000899897551e+01
8.699724428260374731e-02 1.627820439549269693e+01 1.127152354984115057e+01 2.533290548308149326e+01 4.531326630219084706e+01 5.093676658026154058e+01 3.080525475412950698e+01 5.093676658028245186e+01 4.096797511053083696e+01 4.465583398332801579e+01 3.981400695744152074e+01 2.401230223971697697e+01 4.409598751308053721e+01 5.357822060842136835e+01 6.190821407683388600e+01 6.608577863820278253e+01 5.551329241331206532e+01 6.967744964404509744e+01 8.960598771386635519e+01 9.976777081545213832e+01 9.363926904243588467e+01 8.529605026809180401e+01 8.388833838837553003e+01 7.527873793665145286e+01 6.115976495489839238e+01 4.016189584400187584e+01 4.663700976943036380e+01 6.422825866604392786e+01 6.878006333640584558e+01 4.846671122154299383e+01 3.668103111592422039e+01 4.688955351052626952e+01 6.721575366048057276e+01 7.957940584018976438e+01 8.796142650958556430e+01 9.710425730002990008e+01 8.172962465159507417e+01
2.249585233037712170e-02 2.002249585233002094e+01 3.117529999073065028e+01 2.533290548308149326e+01 4.531326630213281703e+01 5.924742713877215294e+01 3.979286634002139067e+01 5.924742713877215294e+01 5.517986680808275679e+01 5.831197683729976688e+01 3.820753193243774604e+01 4.409598751308053721e+01 2.872685155825098136e+01 3.345734612718875667e+01 4.769313511570232578e+01 6.778607382066887510e+01 7.551438330556152323e+01 6.967744964404509744e+01 8.960598771386635519e+01 9.454145059738208090e+01 8.201570129731969416e+01 6.516745907622841116e+01 8.201570129731969416e+01 7.656460382088850736e+01 6.602082693795786383e+01 5.491460033201099122e+01 3.464006251309925943e+01 5.554784837891085658e+01 5.864602533092149628e+01 5.025974441164049011e+01 3.384525798281872966e+01 5.419961765514791097e+01 6.297592944323750430e+01 5.924438327575115437e+01 6.837426707341771248e+01 8.399338983905262523e+01 9.001097290778888294e+01
2.739267172789772165e-03 1.414487489090361549e+01 3.414487489090290495e+01 4.531326630213281703e+01 5.361613096088453290e+01 6.824468316133921064e+01 5.406276837289676251e+01 6.824468316133921064e+01 7.527270960734377070e+01 6.664542317096370994e+01 5.831197683729976688e+01 4.783068950833201427e+01 3.359495285562597644e+01 5.357822060842133283e+01 4.168170231753475008e+01 6.178560417227058110e+01 7.958847177822694618e+01 8.960598771386635519e+01 9.781377769672694455e+01 8.478710760340244690e+01 6.610846481919405448e+01 5.365615429065498176e+01 7.367480272506155359e+01 6.893189755385817818e+01 5.073756004591812285e+01 3.948511904428151098e+01 3.118954539470943033e+01 5.213491742364571024e+01 4.714578680054578541e+01 2.993361152864884289e+01 3.412997301332170963e+01 3.843034987511639855e+01 4.290518321937143753e+01 4.817553720315433452e+01 5.517617603232586276e+01 6.961263498333113375e+01 9.002931718228026625e+01
8.327778614586213435e-02 2.008327778614550851e+01 3.506462720668744737e+01 4.262391666687212677e+01 5.090818791668193199e+01 6.245519330192554719e+01 7.417113056589346343e+01 7.604537984074295309e+01 6.776111407203570991e+01 7.604537984062828571e+01 7.626062751712579768e+01 5.909117464266392972e+01 3.897790624816550320e+01 5.909117464266498843e+01 6.178560417227058110e+01 5.117311789585425430e+01 6.536847930171808230e+01 8.544884114889967464e+01 9.002774897477019067e+01 7.645240554948776435e+01 5.639950388056561792e+01 4.611192064768225407e+01 6.610846481919405448e+01 6.409018628602744627e+01 6.602074979181368519e+01 4.840967462005990996e+01 2.811855216886041831e+01 4.412663724357209105e+01 2.688046219680196813e+01 4.128040461304288300e+01 4.068416133942380242e+01 5.848749439035796627e+01 6.297592944323750430e+01 6.837426707341771248e+01 6.837426707341771248e+01 6.961263498333113375e+01 9.002931718228026625e+01
6.510866554257997707e-02 2.006510866554222616e+01 1.506462720668674571e+01 2.262391666687142333e+01 3.417092205066434474e+01 5.417092205066504818e+01 6.816428061194559973e+01 5.988002903476640881e+01 4.776111411077480540e+01 6.604538179111531804e+01 7.759238471513772595e+01 6.742087422010501996e+01 5.060443061188644265e+01 4.974414986396361371e+01 6.982465741566295492e+01 7.124988111807792279e+01 6.536847930171808230e+01 8.544884114889967464e+01 8.168654508803548708e+01 6.159517574838709919e+01 5.007177220686450880e+01 4.004763766797517377e+01 5.358015695849008608e+01 4.404299305112645868e+01 5.806963885768004729e+01 5.008663810797779803e+01 4.169937531294856115e+01 2.389936534609423191e+01 4.412663724354942474e+01 5.508086833807659843e+01 6.089974245500010142e+01 5.344001014515734482e+01 6.779541758806507801e+01 8.807833175833546591e+01 8.874781575581273785e+01 9.002931718228026625e+01 9.837414469477634782e+01
8.953482861371392376e-02 5.636536790866029101e+00 1.977867241459723147e+01 3.977867241459793490e+01 5.090818791451581404e+01 6.005253058201777350e+01 5.661729256411290123e+01 3.988002907874696490e+01 3.776111411077516067e+01 4.930811949456726495e+01 6.930811944873902064e+01 7.902250416743332551e+01 7.068428258412443199e+01 6.394376079987398498e+01 6.613882635218831751e+01 8.622472492622506479e+01 8.544884114889967464e+01 9.380846425473552586e+01 8.382559794591472269e+01 6.372279282084888052e+01 4.959951476107951862e+01 4.063250389785373073e+01 3.350350349725965060e+01 2.983105966109318885e+01 4.491930561199457372e+01 4.169814140575821426e+01 2.149919333398812427e+01 4.169937530797860603e+01 5.240424031683686223e+01 6.679744837806163105e+01 7.625434517510103660e+01 7.373614560631254733e+01 8.210411877911693068e+01 8.907156121533863313e+01 8.083255762556397883e+01 8.907156121533863313e+01 8.681192876674866454e+01
