LEM/with_lateral_4open/elevation_000622.asc
nrows	100
cellsize	150.0
xllcorner	0
ncols	100
yllcorner	0
NODATA_value	-9999
[rows 34 to 50 of 100, columns 37 to 73 of 100]
6.137181622005414283e+01 8.122480978044833932e+01 8.429615674136434222e+01 7.275964836465267638e+01 5.273694816827244836e+01 4.122993787799176602e+01 4.191701179068526528e+01 6.188475122935077621e+01 6.688689501962657857e+01 8.709917115048560277e+01 8.313199544258871754e+01 7.309002980550916106e+01 6.205697680317611997e+01 4.209299953975671116e+01 4.212169601474676739e+01 4.400242281497433083e+01 6.503635201467101012e+01 7.670326863297546538e+01 8.968759440242523340e+01 7.550160095148321204e+01 6.809580588133499646e+01 8.799564087924930789e+01 1.063996347559138940e+02 1.165010213357637952e+02 1.041482176082635505e+02 8.480623531926872261e+01 7.400062113787149087e+01 6.837624685228573185e+01 6.311263486454038230e+01 7.030597012647754696e+01 8.380144592147355809e+01 7.408268735194407384e+01 5.493748615795688295e+01 6.787116386089813602e+01 7.227224745406005013e+01 5.463384701407775879e+01 7.374913739625223741e+01
6.550450504559289300e+01 8.536627513219190178e+01 7.586062167672457690e+01 5.581648607074613011e+01 4.588514990249812797e+01 6.119953701636923427e+01 6.188475478971704291e+01 4.973967327670833072e+01 6.972274479973600592e+01 8.979879524704307414e+01 7.484075714898554565e+01 5.497924124588951145e+01 4.497716404785820288e+01 6.206093447204131053e+01 6.278106411763238270e+01 6.503635201467285754e+01 4.787908003262813139e+01 6.841193210124387747e+01 7.564238553786184127e+01 6.154778095204897426e+01 8.136236254661167777e+01 7.796450901936918854e+01 8.792998553576934739e+01 1.081235599424895355e+02 1.123947230813671894e+02 1.011317701160074023e+02 9.298111892705141202e+01 8.725828351788048565e+01 7.588748293079544283e+01 5.680966896536749289e+01 7.156720880784800443e+01 6.879650978938373385e+01 6.618753319258297552e+01 4.855812755349000298e+01 6.074612038561402017e+01 5.044053041880131616e+01 7.216622302338289785e+01
7.132188281758956805e+01 9.124037391247988182e+01 8.429615668892408564e+01 6.937016174902628052e+01 4.939209708838212265e+01 6.937016174905929233e+01 7.813047072070337151e+01 5.967225334272014692e+01 6.121530622217844808e+01 8.134401108093476296e+01 8.316364752330269994e+01 6.698231187352425309e+01 4.708316918768129256e+01 5.858883660133447080e+01 7.844801245148757118e+01 7.670326863453522037e+01 6.841193210124387747e+01 5.177834005017322028e+01 5.580605560672240273e+01 7.564238553786184127e+01 8.968759440493852253e+01 9.802677273912939881e+01 1.063996347559138940e+02 1.165010213357637952e+02 1.149687358940341113e+02 1.051743765039265242e+02 9.698327490249641869e+01 8.279276920556064567e+01 6.388186391196187941e+01 7.156720880784800443e+01 5.228901236743928393e+01 4.950968094130037400e+01 4.683868034256244783e+01 4.423705302383120852e+01 4.484884898955412069e+01 6.426279417421214646e+01 7.784427695882408216e+01
7.426292979218723644e+01 9.420383509180769011e+01 8.210121875087574495e+01 6.197165017739487070e+01 5.345518750160031374e+01 7.345189960653615913e+01 8.822560510513041265e+01 7.381393512551173330e+01 7.537824988094035916e+01 8.979879524704307414e+01 8.125726284723336335e+01 6.911167181048240593e+01 4.924783725946311108e+01 6.911196555202823788e+01 8.676276938293986518e+01 8.589957404401260987e+01 6.599495375782052520e+01 7.182488206270282660e+01 5.666870905230673117e+01 7.649890366026413346e+01 8.666873671912112798e+01 9.495158757722236942e+01 1.088861124634619841e+02 1.172391354442256954e+02 1.067004456794512919e+02 8.726610412554134655e+01 7.786778496126075311e+01 7.127656567739381899e+01 8.204421245867789025e+01 6.335236363488159839e+01 6.036913461692341087e+01 6.879649415201402007e+01 6.278980128659525661e+01 6.059495284528270531e+01 4.111121253483518956e+01 5.468878297015745460e+01 7.282243683989385374e+01
9.420383509180769011e+01 9.875616501562682004e+01 7.835810499457055300e+01 7.772046677312405905e+01 5.769871760902893953e+01 7.177325559623561446e+01 9.207830465466484782e+01 9.416026187015641824e+01 9.574614697684573628e+01 8.704708287270382527e+01 6.712714988947558936e+01 5.314815996763525874e+01 5.285631556775605588e+01 6.683821430561650345e+01 8.675113152071382672e+01 9.423414042677288194e+01 8.589957404401260987e+01 8.302228312500706409e+01 6.544934060627768702e+01 6.187060681615623992e+01 6.678405229888653594e+01 8.666873671912112798e+01 8.889292415429359551e+01 1.088861124634619841e+02 1.149687358940341113e+02 1.051743765039265242e+02 8.666806539555381050e+01 9.022492862092089183e+01 7.857832914242912636e+01 7.607641139103792227e+01 7.962013146887052528e+01 8.482596587921699438e+01 7.636117076061147202e+01 5.502005315526651685e+01 3.926127096131493488e+01 5.620834973113693422e+01 6.042500695490048912e+01
1.051548162482546473e+02 1.072263595627297406e+02 9.054611320209031078e+01 7.026698561285860478e+01 7.772046677312405905e+01 6.578017776438143471e+01 7.995978712890327245e+01 1.004294583004739394e+02 9.820045281129578996e+01 8.990595865555245325e+01 7.578770509279303269e+01 5.599872959873538747e+01 5.662148616307658244e+01 7.641020674879574415e+01 8.699090589354771907e+01 9.233561081935577874e+01 1.006942762165886620e+02 9.426516981097493897e+01 8.386835741943951916e+01 6.767455426103038008e+01 8.666873671912112798e+01 7.495677739195848233e+01 8.478645434259699698e+01 9.880681926716724206e+01 1.189654056597565983e+02 1.143024452881236641e+02 1.060511550586739418e+02 1.056199394806253764e+02 9.746562472401018340e+01 9.494973805773126685e+01 9.375319614223352005e+01 8.556668812427189152e+01 7.802701621471872784e+01 5.875734636185492832e+01 5.620834968923530539e+01 3.673564541400047290e+01 5.190824608206801116e+01
1.049529216739117459e+02 1.130279559344782427e+02 9.903086373572203627e+01 8.453457968034113890e+01 9.274120861825775819e+01 7.239026445330546267e+01 9.274120861825775819e+01 1.040805150522461133e+02 8.402324323636268844e+01 6.998616037013955804e+01 6.344275581509484851e+01 5.944291391267674385e+01 7.641020676175541837e+01 6.219378130322281351e+01 6.709411157338986698e+01 7.233671612320988231e+01 9.233561081935577874e+01 1.035527823358861497e+02 8.368203219573531726e+01 8.732838278598384818e+01 7.813518188235477169e+01 9.474879343250933061e+01 9.474879343250933061e+01 1.130634615859927123e+02 1.085047500245150189e+02 1.002372382543593687e+02 9.912754186834007442e+01 9.378772869307951510e+01 8.608007936950717465e+01 8.802393246862355625e+01 8.527345297203108032e+01 6.658321669456748282e+01 7.221636591606727507e+01 6.687299325638383607e+01 5.886554343642256981e+01 5.369506549593964451e+01 3.428871835199453955e+01
8.522406457123469181e+01 9.765373673613713379e+01 1.057543867097117527e+02 1.050592389653661769e+02 1.012369777421793486e+02 8.245702526124722453e+01 1.012369777421793486e+02 1.041133608845842389e+02 8.402416704336690145e+01 8.326833041389265588e+01 7.740725303688833492e+01 7.923265721963267083e+01 6.442619974645820946e+01 8.201689237107484587e+01 7.270749597389662711e+01 9.233561081935577874e+01 8.167674890194327020e+01 1.018401021464489276e+02 1.035527823358861497e+02 1.062257834501525053e+02 8.787893033745122295e+01 1.062257834501525053e+02 1.147988862033997606e+02 1.095520040226095091e+02 1.002372382543593687e+02 8.087345785960465605e+01 8.291689454330841613e+01 7.008648174569192690e+01 6.318470432973339967e+01 7.071281483307159021e+01 7.110356865979058227e+01 6.500506843934174128e+01 5.339984514101358570e+01 5.886554384780122717e+01 3.936683239643970467e+01 3.720613115260548653e+01 5.369432058709941913e+01
7.524830172061277267e+01 7.784245828625519437e+01 9.189641999073843692e+01 1.115531289038111566e+02 1.115080748106715305e+02 1.030253919752684197e+02 1.115080748106715305e+02 1.124223908466758957e+02 1.041142435457822444e+02 1.033037451251400967e+02 9.742403837944472400e+01 8.790924511579993350e+01 6.799821347975633046e+01 8.790924511579993350e+01 8.156940860427668838e+01 1.010626933723655583e+02 9.589899991679494917e+01 9.438412778739899522e+01 1.146662367277602073e+02 1.162600106087810161e+02 1.078915191850837800e+02 1.162600106087810161e+02 1.132940163202441397e+02 9.248305816939550539e+01 8.122121527486980597e+01 7.419999607916922457e+01 6.776865898244091113e+01 6.333311260209264759e+01 5.916773015977003780e+01 5.519745948575367578e+01 5.181868711052499776e+01 4.856287908751083648e+01 4.544110413552555627e+01 4.257778975097716767e+01 5.886554384780215088e+01 4.851103296893884220e+01 6.469213568980902096e+01
6.628825285445348925e+01 8.621568979029513002e+01 1.057543867097117527e+02 1.103873454941056309e+02 1.069359710705254969e+02 1.152220598613430411e+02 1.252222936252035908e+02 1.296683878281913849e+02 1.093559579409291445e+02 9.498634347685812429e+01 8.492705933735055623e+01 7.680649863974170444e+01 7.275199315189568949e+01 9.276250779112379519e+01 1.017177997263857634e+02 9.799894705369071346e+01 1.161831917247244235e+02 1.087323642302591651e+02 1.228961809699243446e+02 1.226613900475793173e+02 1.145116374700538273e+02 1.187224592679263253e+02 1.218625623972964291e+02 1.095520040226095091e+02 1.009814027715516431e+02 8.654497782782124204e+01 8.654497782782124204e+01 7.402420430438129983e+01 7.708676649857603991e+01 6.479755263775651031e+01 7.029679220093440506e+01 6.797135352675384468e+01 5.031945635153855534e+01 4.806530813994274354e+01 6.741258379003132006e+01 6.784933957619018940e+01 7.586203435213593593e+01
7.335809623341442887e+01 9.323953625489467356e+01 1.045103093230539315e+02 9.034669573930483466e+01 8.688162132062539911e+01 9.693736119369741289e+01 1.110764752010720429e+02 1.310772994967025795e+02 1.236544737800449241e+02 1.135187591093147006e+02 9.689155569916647437e+01 9.689155569916650279e+01 7.973896912544827842e+01 8.336259384137707684e+01 1.035567248640443552e+02 1.182647965484644885e+02 1.265779524876941053e+02 1.289918721886197943e+02 1.253175642872375590e+02 1.111503745739336324e+02 9.446527563106535297e+01 9.917584866309066172e+01 1.187224592678671939e+02 1.166074801931854950e+02 1.083511074852626166e+02 1.060588374018349214e+02 1.016658767793370686e+02 9.333887076808316863e+01 9.094419405642963739e+01 7.787080143395738219e+01 7.259086829245633510e+01 5.863746469173723597e+01 6.961317463096268909e+01 6.741258379003132006e+01 5.682374635944139385e+01 6.790262510332341606e+01 8.701184848610671452e+01
8.736740605501857715e+01 9.689761806203071615e+01 8.858519496518226788e+01 7.602601347723863512e+01 8.774229665817696855e+01 1.019349428073648909e+02 1.219335762061299704e+02 1.183720682739208883e+02 1.100125395654575442e+02 1.183720682738498198e+02 1.171493767835213049e+02 1.075437963681249300e+02 8.728136613631926366e+01 1.035567248640443552e+02 9.760853389087090193e+01 1.179169281830647975e+02 1.220895253420579536e+02 1.138588364588781161e+02 1.138588364588781161e+02 9.708154830380320277e+01 8.273997594506292330e+01 9.393791842188323926e+01 1.022317474289349093e+02 1.049426695401487279e+02 8.803464614706409463e+01 1.049426695401487279e+02 1.162150414273156969e+02 1.077670169799549171e+02 1.049255128627690397e+02 9.132628009837262084e+01 7.215479193724570450e+01 6.821744103080418142e+01 8.581114219108873442e+01 8.400860230765188419e+01 6.643409236101184945e+01 8.400860230765165682e+01 9.512008294050983181e+01
8.805783517972527363e+01 8.858519496518142944e+01 6.830084832427927211e+01 8.858519496518226788e+01 9.612513342700108865e+01 9.735563977383029055e+01 1.063596348968664955e+02 1.081699086917782466e+02 8.951600338095344966e+01 1.064887407827384322e+02 1.148679102137783303e+02 1.159176602685469675e+02 9.894415513050965671e+01 1.159176602685469675e+02 1.179169281830647975e+02 1.262528275959795536e+02 1.138588364588781161e+02 9.353747871045440831e+01 9.353747871045440831e+01 1.078135020011256984e+02 9.393791842266544734e+01 7.369267132269327192e+01 8.630637832210938143e+01 9.372528828071050100e+01 7.629706838124361923e+01 9.662139306266954009e+01 1.043635061260688417e+02 8.718482727067866733e+01 9.855643732078978303e+01 9.946749244493189224e+01 9.132628009837262084e+01 8.166039789539895821e+01 9.543345686919050763e+01 9.362042096248600842e+01 8.552417408309230495e+01 9.362042096248600842e+01 9.798293260979835395e+01
9.621064181513774827e+01 8.393164669447462245e+01 6.364828229226640843e+01 7.781598222100406304e+01 7.454775368762966536e+01 7.483725747738928646e+01 9.735563977383029055e+01 9.976427147320555378e+01 7.905600249111117250e+01 8.590986971341322942e+01 1.064887407827384322e+02 1.221448996488417009e+02 1.192911247621396598e+02 1.276276466430944510e+02 1.211661219368894677e+02 1.129125439183791002e+02 1.147494023096063813e+02 9.948946659205002163e+01 7.909728490547531976e+01 9.948946659205002163e+01 9.584882693496116701e+01 8.630637832139186116e+01 6.606236979298080314e+01 7.343569907580672407e+01 6.865728336347086724e+01 8.893952039553811062e+01 9.588296942827982150e+01 7.533169005145491326e+01 7.799785687942207346e+01 8.711907515127634838e+01 9.560246886251707110e+01 1.009921623013462266e+02 9.992698428969056579e+01 9.154716138442113049e+01 9.154716138442113049e+01 9.198620781876836361e+01 7.762785864192112228e+01
9.347290556765895531e+01 9.225860943663784042e+01 7.781598222100406304e+01 5.758201086612034914e+01 6.066979895238850418e+01 7.702433551314022964e+01 8.030601550237710740e+01 8.377157318371421013e+01 7.111872847577095058e+01 9.193728150045490111e+01 9.336872278848693441e+01 1.077568112186643532e+02 1.195237226798152932e+02 1.286234655404382750e+02 1.129125439183791002e+02 9.253997529435356739e+01 9.850696249414231431e+01 8.607967317300159493e+01 7.271467102650724712e+01 8.437376256106864503e+01 7.552895988939197025e+01 7.869427003759491868e+01 7.597239511651503108e+01 5.904088741756381609e+01 7.343422098164749912e+01 9.365281921425830092e+01 9.841091278860604064e+01 7.798914882109734492e+01 6.362115808539954998e+01 6.668289287494351925e+01 8.379610140465031520e+01 9.559521151249359150e+01 9.154716138442113049e+01 7.123417774375023725e+01 7.123417774375023725e+01 8.358972177555865812e+01 6.333108709322197427e+01
7.666262674315876779e+01 8.167998434601723545e+01 7.258358824580120938e+01 5.358500502476703531e+01 5.358708002830863393e+01 5.653740877308730006e+01 5.960125441189271100e+01 6.297822709569173583e+01 6.758194063627448145e+01 7.298421143099764663e+01 7.862255129238533868e+01 9.070079375148810641e+01 1.111704086114967538e+02 1.204274152724075151e+02 1.001532885816726406e+02 8.828929458380208928e+01 7.809568517098711027e+01 7.173039887370106271e+01 6.786835879879470212e+01 6.412101094409560176e+01 6.119637721785353079e+01 5.832563034306741656e+01 5.546183485376866429e+01 5.521456637963717640e+01 7.573072825196193492e+01 8.360119900828931350e+01 9.196781784688573680e+01 8.941988704665466514e+01 7.532023981282735292e+01 5.509860252265696090e+01 6.668287002385122264e+01 8.711679217141204390e+01 8.981639778856704481e+01 6.956136517189941060e+01 5.701687639516026707e+01 7.593267759396276517e+01 5.578416179278275422e+01
5.540339136358501548e+01 6.454957740499641261e+01 6.202568946376316461e+01 4.974228762621569189e+01 6.331622885812596024e+01 7.647238143119545839e+01 6.880896418504676149e+01 8.377157318371421013e+01 8.843430320271821188e+01 8.465247497865736648e+01 9.935227096186282836e+01 9.070079375148810641e+01 1.111704086114967538e+02 1.214451788035057547e+02 1.013368241801528029e+02 8.684030969027354274e+01 7.964170547588177840e+01 9.204936830851772811e+01 8.813835870551118035e+01 7.173569638706837281e+01 8.148051115351249507e+01 7.869427003759491868e+01 7.216370514187646279e+01 5.140556519547471481e+01 6.913718314480821903e+01 6.314599160777483888e+01 8.360119900828912876e+01 8.096343011295385850e+01 6.063352258348911050e+01 5.064261887610830115e+01 6.509475549559599017e+01 7.164157597030687441e+01 8.008127748930472478e+01 6.956136517189941060e+01 4.956468780057024048e+01 6.139763290152295383e+01 4.956468779832756155e+01
