LEM/with_lateral_4open/elevation_000155.asc
nrows	100
cellsize	150.0
xllcorner	0
ncols	100
yllcorner	0
NODATA_value	-9999
[rows 17 to 33 of 100, columns 0 to 36 of 100]
5.222468517465790605e-02 1.419436030890548217e+01 3.419436030890476985e+01 3.959349642261932445e+01 4.795004470095241800e+01 3.955828967828733767e+01 4.313041145047095171e+01 3.722981495119341844e+01 4.209819401482921108e+01 5.338229132925707887e+01 5.945680837309002698e+01 6.784746706605599798e+01 7.953417121656579525e+01 8.284023686287548571e+01 8.518281255905301919e+01 7.121848985388253084e+01 7.121848985388253084e+01 9.097319124722541517e+01 8.429006255571647444e+01 7.611285750918642634e+01 6.643037891021499775e+01 4.582644252308232780e+01 3.923798019319431063e+01 3.306963276803931961e+01 2.820380216022665820e+01 4.537361102932333523e+01 5.382142377180669257e+01 4.539367674951881781e+01 2.526659210093131946e+01 3.690408968193600003e+01 4.675565180632622031e+01 4.497269737452787552e+01 4.949755182823998467e+01 4.949755182717207447e+01 6.961918945041001905e+01 8.422197852572381294e+01 6.412141935924142899e+01
7.333276091007127906e-02 2.007333276090971452e+01 3.523833318159145733e+01 4.352449308891925028e+01 5.247041249050634804e+01 5.971935140350992555e+01 6.330278357975699777e+01 5.737571226065114161e+01 6.226748331355138788e+01 6.395985451764019558e+01 5.554920869804381311e+01 6.383708737723305404e+01 6.301587736224481517e+01 6.298437149505114974e+01 8.085642791898544601e+01 9.097319124722541517e+01 9.097319124722541517e+01 9.914713526422319489e+01 9.219663208352520201e+01 7.229268556042461569e+01 5.787121333243032950e+01 6.643037890874774121e+01 5.259245508669184233e+01 3.198251340531393438e+01 4.869824938310869555e+01 5.714071536072906810e+01 6.149376827759821396e+01 4.133613837582080919e+01 2.709728981280744975e+01 4.724007525981610911e+01 6.533648917316371296e+01 6.511992814911083371e+01 6.961919192558613645e+01 6.961918945041001905e+01 7.787318640972280548e+01 8.201690749591693930e+01 6.192522236100464994e+01
6.343274376862209629e-02 2.006341840590371817e+01 1.523657629149558268e+01 2.418093141720050099e+01 3.832435162419671570e+01 5.833030301548060947e+01 6.241226843606052910e+01 5.771963306864232379e+01 6.019383725940700458e+01 5.378685006421655856e+01 3.532643087284667160e+01 4.901628308335534712e+01 4.275521614008458471e+01 5.286934653523745453e+01 6.724143808963486890e+01 7.564862935648703512e+01 9.071383539544092400e+01 9.903860191844938754e+01 9.799096508733371991e+01 7.812241652466639152e+01 7.812241652466637731e+01 6.993400251038248427e+01 4.938997150393471003e+01 3.472326774417540207e+01 4.938997849238828763e+01 6.993494572155297817e+01 6.337343519202611475e+01 4.321624273970299157e+01 2.895964551938310194e+01 4.912014788402095888e+01 6.019331555158045433e+01 6.802708362973976364e+01 6.802712030199687376e+01 8.798700577849724880e+01 9.103457725605595385e+01 7.088620274636819829e+01 5.932403180180534719e+01
3.497053469895897854e-02 5.808473235447718430e+00 2.580942423634981964e+01 4.352449308891925028e+01 5.247041249050634804e+01 6.112593517523796294e+01 4.277973511385759053e+01 3.710167430348396778e+01 4.056865743012203751e+01 4.074629984584537823e+01 2.529806238664190232e+01 2.889158878065499536e+01 3.267503561035795911e+01 5.293785619333841908e+01 4.684821592007768487e+01 6.726059883899890224e+01 7.044621505184592536e+01 9.071383539544092400e+01 9.357242264499072348e+01 8.355538095592076786e+01 7.529264853516872336e+01 6.757594501823396627e+01 5.837018539659546690e+01 3.762916990418273855e+01 4.967990544695859967e+01 7.024062772894092177e+01 6.337343590779095592e+01 4.321624273991597676e+01 4.912014792015662579e+01 3.170617393965768116e+01 5.189302500053666023e+01 4.788089827384899166e+01 6.802712310289396669e+01 8.181229279452085734e+01 9.938127560700750962e+01 8.774821082500831437e+01 7.940190780915428093e+01
9.635555453094322986e-02 2.009628273956739619e+01 3.407479119556145264e+01 4.525293350004313453e+01 5.346862750016953214e+01 5.212520639841080339e+01 3.384030312412944852e+01 2.290377881130039128e+01 3.635471894239019264e+01 2.064747596217684134e+01 4.074629984584536402e+01 4.904519482114034190e+01 5.293785619333844750e+01 3.919386682871178351e+01 5.954185917825749641e+01 5.598535389804509066e+01 6.780662155776090572e+01 8.809728171686391818e+01 8.534534684842553531e+01 6.523995022191182613e+01 5.487617008814189745e+01 4.690258482087803316e+01 4.220257368660013242e+01 5.236758010549887388e+01 6.675909788544998946e+01 7.853888170954751047e+01 7.164452746887603496e+01 6.337343593010266574e+01 5.546634670661311617e+01 3.525258661436616592e+01 3.507243775439426514e+01 4.333524342277015506e+01 5.348587372013270169e+01 7.357408141384067335e+01 8.916294061756519795e+01 8.084175523430272392e+01 7.960293638348159106e+01
8.845047570523793812e-02 1.996721849808559668e+01 3.112324138157672593e+01 2.536895425454856579e+01 4.525293350004898230e+01 3.912672819251136502e+01 2.492716841158383545e+01 1.395808489538318753e+01 1.628303875603743478e+01 1.999697356849226182e+01 4.008953170870067595e+01 5.403325134301866939e+01 6.793847336879926502e+01 5.954185917825753904e+01 6.793847336869043829e+01 7.638246361197053602e+01 8.474240848540820537e+01 9.642637314374762525e+01 9.357242264499072348e+01 7.626801978589286080e+01 5.588329754799745785e+01 6.757594501823396627e+01 4.690258482087803316e+01 6.164751566249901060e+01 8.115596299922511037e+01 8.633835359409937382e+01 6.637343810359445229e+01 6.077610475597872153e+01 4.055714848046879695e+01 5.546634667686512898e+01 3.769213815888221575e+01 5.791879958289334951e+01 7.179714946904323369e+01 8.181226625179355949e+01 8.084175523430272392e+01 6.065028791592877155e+01 5.944745937394169033e+01
8.023991185656004221e-02 1.917772387024744773e+01 1.124736769858078311e+01 2.467953795781966164e+01 2.625427869798274472e+01 2.784912637241086841e+01 1.083460921511905006e+01 3.088990199887265931e+01 3.635843732926399241e+01 4.008953170870067595e+01 2.554505534067883943e+01 4.567164268440670583e+01 5.681488863230334374e+01 6.204239766053793659e+01 6.789345326521028312e+01 7.464785183910207422e+01 8.297897276726580174e+01 9.306005441096672826e+01 9.624004728567489053e+01 7.626801978589286080e+01 6.374213926637567340e+01 7.270335608744372280e+01 5.219371181060467535e+01 7.270335608744372280e+01 9.013356322216081651e+01 8.130801524624817489e+01 6.637343810359429597e+01 4.619196571290165565e+01 6.077610475597872153e+01 6.059840034045414114e+01 4.036785808105257445e+01 5.471692042209760842e+01 7.479754877631867771e+01 9.024994065251911479e+01 7.822557590956563445e+01 5.802753537767215164e+01 4.643495968183152911e+01
4.598823041778624804e-02 1.562184317575594728e+00 3.082756160115008637e+00 4.639754048438060607e+00 6.211102451074839159e+00 7.802217019426371358e+00 2.784912637241086841e+01 3.386263635067196276e+01 4.221141091775783138e+01 5.403324417194304630e+01 3.975365256136077363e+01 3.187731410451884173e+01 3.660417977016787461e+01 4.179634225203638209e+01 4.762480209480408178e+01 5.438465611742653039e+01 6.454644964314209687e+01 8.474925403506215105e+01 9.646502376332668405e+01 7.656486880816009943e+01 8.387906067360417239e+01 7.833306566970991014e+01 5.803485910487849253e+01 7.833306566970991014e+01 8.716303164034617623e+01 6.723587487293120546e+01 5.297550639010433571e+01 5.790623571315617113e+01 7.462997886531915981e+01 6.337607806200187355e+01 4.315428417683496320e+01 5.035802153076136989e+01 6.205199760261414355e+01 8.203045996117661787e+01 8.655145616584533741e+01 7.370299350283841022e+01 5.354262379888019296e+01
7.340434288523949025e-02 2.007340434288488495e+01 2.311944336116419407e+01 2.467953804901544856e+01 2.036686323931357734e+01 2.784871271545529581e+01 1.125769088051284683e+01 1.379769385813397164e+01 3.386264914332689813e+01 4.597767752128577712e+01 5.995893426332560239e+01 5.205117886930229787e+01 5.681488863230334374e+01 6.204239766053793659e+01 6.789345326521028312e+01 7.464785183910207422e+01 8.297897276726580174e+01 9.306005441096672826e+01 1.046826825725158869e+02 9.066157206895340437e+01 9.244842989263209176e+01 7.248629037073942527e+01 6.725992034731578428e+01 8.657663305646936180e+01 9.247386992401176542e+01 7.260253262996926082e+01 5.840369083325092703e+01 7.793985166791678409e+01 8.616765495682419385e+01 6.645597579568510582e+01 4.625973573267911121e+01 6.645597579142750533e+01 6.465110946695686778e+01 7.879414333654918323e+01 9.863855205891002242e+01 8.203477744215619794e+01 7.370299350283841022e+01
3.515918393995972474e-02 2.003515918393960504e+01 3.367557693545662545e+01 4.367557693130186891e+01 4.046823012061808100e+01 3.131431005392086675e+01 2.542013899684825162e+01 3.386264924603611348e+01 1.754404921511298454e+01 3.762396142029546553e+01 4.557981875608658129e+01 4.961183588838434844e+01 5.391777677070606245e+01 5.856049420686973406e+01 6.418445062999661843e+01 7.030499063555227224e+01 7.747865456644498749e+01 8.581698438807910634e+01 9.746538804342473838e+01 1.104757955524595729e+02 1.006669757421992983e+02 9.244842989263209176e+01 7.890075715075120399e+01 9.551013547615828259e+01 9.827783239247973768e+01 7.842271257214916602e+01 6.513751167520594265e+01 8.506531302062080613e+01 8.681606740606676453e+01 6.964287119354963806e+01 4.948717495214061302e+01 5.964079684758174693e+01 7.382783512578677687e+01 9.282523717192086110e+01 9.316904807592653981e+01 8.467296761132105587e+01 8.421821856149135499e+01
4.608085242692564615e-02 5.391305690675435969e+00 1.539130569067534893e+01 2.953344131440604770e+01 4.953344131440025677e+01 5.145472838524133863e+01 4.554439577728421540e+01 4.516075669006917082e+01 2.510634617755635745e+01 2.166986619275448334e+01 2.544999703544372593e+01 2.945175022689556599e+01 3.372112379539633054e+01 3.832335807921801774e+01 4.390698737543774399e+01 5.000545592276418461e+01 5.718846892049457864e+01 6.893274276985768267e+01 8.915258717908457697e+01 9.237171703484207796e+01 8.409067536578946545e+01 9.237171703484207796e+01 9.875329852081382853e+01 1.069689115096576444e+02 9.908086403228973893e+01 7.925988170745560524e+01 7.925988170745560524e+01 9.327790307448618989e+01 7.859491494031830428e+01 5.857753658499170513e+01 5.365332630559473159e+01 7.374382759692177558e+01 8.786503058282821144e+01 1.019022170187209895e+02 8.467296761132105587e+01 6.425855552822793015e+01 6.384912543755749681e+01
1.610643649003322755e-02 2.001610643648967880e+01 1.539130569067534893e+01 2.355627149995246583e+01 3.510327688374457011e+01 5.510327688374148636e+01 5.938576303280936486e+01 3.929928474740624722e+01 4.487104160422151011e+01 2.638494802166364295e+01 4.557981875608658129e+01 4.961183588838434844e+01 5.391777677070606245e+01 5.856049420686973406e+01 5.484199231434570976e+01 7.030499063555227224e+01 7.747865456644498749e+01 8.581698438807910634e+01 8.626846198110480657e+01 8.234055302379321972e+01 6.399930065321368033e+01 8.234055302379321972e+01 9.528711094400840409e+01 1.013387779516019549e+02 1.072959244415166324e+02 9.908086403228973893e+01 9.908086403228973893e+01 9.007325109628511939e+01 7.019218968779581758e+01 7.859491494031830428e+01 5.908680913948054325e+01 6.377154049154191284e+01 7.790895522753167768e+01 9.773583786178720345e+01 8.467296752589679443e+01 6.425855552821541039e+01 5.003504069334373128e+01
2.022278438842990689e-02 2.002022278438807490e+01 3.539130569067463483e+01 4.355627149995098790e+01 5.184054274393494666e+01 6.338754812532659599e+01 6.767539363182756063e+01 5.937652096456182704e+01 4.279459066471609674e+01 4.652793586463620557e+01 3.424586200240079847e+01 4.184855270750036027e+01 5.196570529855904397e+01 6.633124264205292775e+01 7.510593023617524011e+01 8.345014288055359941e+01 8.146905421189893559e+01 7.316760574894931324e+01 6.617435274970732451e+01 7.404498800950155157e+01 5.383005963788350812e+01 6.689793154311584544e+01 8.132990068792831551e+01 8.132990068792831551e+01 9.284260725244692480e+01 1.011182423775029378e+02 1.040778552854547314e+02 8.427235410546411742e+01 8.721122186844857538e+01 6.731805538884241003e+01 7.908987066123630427e+01 7.790895522753167768e+01 8.007844898986054716e+01 9.990187097210748846e+01 9.068381763232974890e+01 7.023779836840022028e+01 7.023779836840014923e+01
6.642187732006160639e-02 1.006642187732014904e+01 2.420855750105135229e+01 4.420855750105205573e+01 5.400947667157916499e+01 6.229616606830258974e+01 6.540719997982937173e+01 7.120383217458395109e+01 6.291489263617019390e+01 6.283326013270574606e+01 4.431785680369214475e+01 6.211396882590506863e+01 7.048728266901468942e+01 8.061706969732003358e+01 9.490289675258713942e+01 8.737123329741322664e+01 6.728427058347944012e+01 5.293099843832331430e+01 5.181049706846062008e+01 5.860249569332728470e+01 4.657834651714284746e+01 6.689793154311584544e+01 6.119933118910716985e+01 7.868707659845303226e+01 7.282366381898054897e+01 9.284260725244692480e+01 1.122973389764523517e+02 1.040778552854547314e+02 8.721122186844857538e+01 7.439763390099774654e+01 9.421920583129288218e+01 9.773583786151021968e+01 9.990187097210748846e+01 9.420628482812122684e+01 8.570389216310711333e+01 7.796929422350511629e+01 6.509339454579456685e+01
1.591255364720534082e-02 2.001591255364684940e+01 3.835069312159455279e+01 3.986112896158466157e+01 3.400069145493458223e+01 5.400947667157916499e+01 4.539546009795324011e+01 5.954417859544600589e+01 6.849297023734943934e+01 7.295967046562165592e+01 6.459086620110683441e+01 7.295967046562165592e+01 7.307269118611510805e+01 8.141622820469771682e+01 8.992969564093323243e+01 8.005117632630461344e+01 6.995559353188593832e+01 6.036885018469131836e+01 3.998480700122063780e+01 3.820440948649935109e+01 4.238362859322592158e+01 4.677106761927318956e+01 5.208498158786620991e+01 5.855303047245525505e+01 7.022191799381955946e+01 8.440010518134782558e+01 1.043752795346074578e+02 1.152351989203087470e+02 1.024264616478304362e+02 9.421920583129288218e+01 8.842647453999489926e+01 1.082040962779275475e+02 9.757082713188771095e+01 7.701669283584386960e+01 6.524006952384755209e+01 5.763073019034169420e+01 5.160621076946843289e+01
6.189296070378335485e-02 2.006189296070342820e+01 2.831113228346417543e+01 1.985594785535972662e+01 3.665912580318622105e+01 4.182449087222212114e+01 3.124789224261107634e+01 4.019440634265668422e+01 5.434522130138726226e+01 7.435652872210242492e+01 7.003609799857203200e+01 6.707814160505222389e+01 5.286869860244009800e+01 6.140791062922507138e+01 7.985581654188807477e+01 7.174797686540904351e+01 5.149655611045002956e+01 4.125153121344138185e+01 3.354174580140157502e+01 5.392285390452799021e+01 6.276226805617390880e+01 6.119933118900554803e+01 6.644164256862909212e+01 7.232013079532353572e+01 8.697088651635837664e+01 9.335694541406499525e+01 1.016993932138481966e+02 1.028368029957023566e+02 9.456424260619319000e+01 1.028368029957023566e+02 1.082040962779275475e+02 1.164264487556658594e+02 1.060653490801187786e+02 9.420628482812122684e+01 7.796929422350511629e+01 6.808493078688353251e+01 6.585195716727049842e+01
2.247884206357958492e-02 2.002247469620434472e+01 8.308624635598025776e+00 1.239110784808303656e+01 1.665512387225846425e+01 2.181911757059652857e+01 3.336749812531851234e+01 5.337695780411315383e+01 6.849297023734943934e+01 6.412487533129137773e+01 4.986792503798146470e+01 4.692240197314652761e+01 4.128126812909078325e+01 5.130547941362486597e+01 7.151034184482533362e+01 8.005117632630461344e+01 6.995559353188593832e+01 5.122331000208036755e+01 3.087132094106659963e+01 4.527459868799276421e+01 6.558476953519291897e+01 8.132990029286656863e+01 8.651205848118550534e+01 9.236623315008459656e+01 9.007962894369794071e+01 7.323691727977652022e+01 9.007963607139441820e+01 9.284302136952776152e+01 7.457011996543999999e+01 9.284302136952776152e+01 1.020929881820341052e+02 1.112027389683551917e+02 1.053539581274841481e+02 1.069745541039126806e+02 9.702704365454600577e+01 8.853171955610952182e+01 8.628612526464284826e+01
