LEM/with_lateral_4open/elevation_000565.asc
nrows	100
cellsize	150.0
xllcorner	0
ncols	100
yllcorner	0
NODATA_value	-9999
[rows 0 to 16 of 100, columns 37 to 73 of 100]
8.884754177262699226e-02 6.929726548558100274e-02 7.395023591448830758e-02 4.828361932999872264e-02 4.897713358561925356e-02 8.568734790590110117e-02 1.075183056328203948e-02 6.823539046102447547e-02 7.194897206013613211e-02 1.557559815681563986e-02 7.704183385687686514e-02 1.685416958384493638e-02 9.680445094065920353e-02 7.639902522890137937e-02 4.559330980047965332e-02 5.839666421669215124e-02 9.739037529851846120e-02 3.670263267501718690e-02 2.041064012308905357e-02 6.895211126444661387e-02 9.031524355919069713e-02 1.560024811392830661e-02 7.641644294168103979e-02 3.888124420523987601e-02 6.873285589001959517e-02 4.772367030474261584e-02 9.504926490987847254e-02 5.760415539182907330e-02 9.666222459857021221e-02 9.627991409191682948e-02 1.286757495974483190e-02 9.381044340810595905e-02 7.584058927755046864e-02 1.435327048224320848e-02 5.777975670406795827e-02 2.716720951219454838e-02 4.735230246529398453e-03
2.008884754177227094e+01 1.421143288921640568e+01 2.007395023591413263e+01 5.595285581582313483e+00 2.004897713358526445e+01 1.422894484236735835e+01 1.434601797141411339e+01 1.942136489054561466e+01 7.208346417274371642e-01 2.001557559793777230e+01 1.804591995591559339e+01 1.415898979331491958e+01 2.009680445094030432e+01 4.158881929867513705e+00 2.004559330980012533e+01 2.005839666421633538e+01 1.423952599902959371e+01 7.595992092859528810e+00 2.002041064012273353e+01 2.006895211126319722e+01 1.780623753016225885e+00 1.995492824862393277e+01 1.007637292059794731e+01 2.003888113999586906e+01 1.421086847962084398e+01 7.118791482170248486e+00 2.009504926490952315e+01 2.005760415473233849e+01 2.009666222459821583e+01 4.018602616855614151e+00 2.001286757495939028e+01 2.008473886777909101e+01 8.921187179975703430e+00 1.569336693353823620e+01 1.061550983161399175e+00 1.999829842597642582e+01 2.000473523024617251e+01
2.044643887820659245e+01 3.421143288921569336e+01 3.136878827420255433e+01 1.136878827347862142e+01 3.136878827325277896e+01 3.425946913163767249e+01 3.508680022555891043e+01 2.135583313688758977e+01 1.370061937071479274e+00 2.128806262457282372e+01 3.938549217777262612e+01 3.415898979339340968e+01 2.832917021100861632e+01 8.329170211008973368e+00 1.987617559480128548e+01 3.987617559480057139e+01 3.423952599903029892e+01 1.576095790213671854e+01 3.576095759169263744e+01 2.347836463460916434e+01 3.477001612376171114e+00 2.347336895673144497e+01 2.421383983421185704e+01 3.830887080241474507e+01 3.421086847962013167e+01 1.467808094235486038e+01 3.467809186701094148e+01 3.004899140509282773e+01 1.004882950841384570e+01 1.816074035604628634e+01 3.230327701604967672e+01 3.673521705909445245e+01 2.013031839933321976e+01 2.190292868739869547e+01 2.066588798428982354e+00 2.212185734428102890e+01 3.822784087132950503e+01
2.959228300058342498e+01 4.873071012566748550e+01 3.803545494123127924e+01 1.803545494014540651e+01 3.803545494123127924e+01 5.155169625571149794e+01 3.160756561383243124e+01 2.208739808863294130e+01 2.020316965194861591e+00 1.264776481259490204e+01 2.624420446059678724e+01 4.566835904169808202e+01 3.304321541891853542e+01 1.304321541891924952e+01 3.304321541891853542e+01 4.816044684226218209e+01 4.404520450340906734e+01 2.730796328592127509e+01 3.674257713417009796e+01 1.673901126919180626e+01 5.191987463801266856e+00 2.519350663995578188e+01 3.944670182362700217e+01 5.217949007792439886e+01 4.296277292182746521e+01 2.622508633005484313e+01 4.296277292182746521e+01 3.452124492668484379e+01 1.452096546342192518e+01 3.452124492544674439e+01 4.644581261093642865e+01 4.610834837228399152e+01 3.678466758805672754e+01 2.298737713180614861e+01 3.075455343144352316e+00 1.725230596796895099e+01 3.752000304052508284e+01
2.758342041891181040e+01 4.758342041891251739e+01 4.631972634358198349e+01 2.803545494014558415e+01 4.631972634358198349e+01 4.572534116580312258e+01 2.575800183918454422e+01 1.161594866083642685e+01 2.672294142261914196e+00 9.654241234943944150e+00 2.364813403795417557e+01 4.350474552455086297e+01 3.820719321386167167e+01 1.820719321386238221e+01 3.820719321386167167e+01 5.591955487714374584e+01 5.559219288385151714e+01 4.730796255142148965e+01 4.503828358250019903e+01 2.710933663774114066e+01 7.107640034243577709e+00 1.122221435881638740e+01 3.122530158962152669e+01 4.601518871581960468e+01 5.451015000107450703e+01 4.622513578111724541e+01 4.717082771585015166e+01 2.717008118353621882e+01 3.452124492668484379e+01 2.304899415843635779e+01 4.304982531768354903e+01 5.548664610311130474e+01 3.347230971668180644e+01 2.264090371510974364e+01 4.089495597150541784e+00 1.821280754557830761e+01 3.795510567653251144e+01
3.166590332355051274e+01 5.166590332355121973e+01 5.631972642888754166e+01 4.803545494231735802e+01 5.631972642888754166e+01 4.878020593113635073e+01 2.900443084033930319e+01 1.487524968795250402e+01 3.329167932396596807e+00 2.335892767713621510e+01 2.175498245082563642e+01 4.119976050118292932e+01 4.649146446132327526e+01 3.234932883759283584e+01 2.763528362968284924e+01 4.177741925341329932e+01 6.177741925341258877e+01 6.025147364475456158e+01 4.318929068078379885e+01 2.318341732788490361e+01 9.041113012334921706e+00 2.904300196938960710e+01 1.771107133969947611e+01 3.771563293027503505e+01 5.160559795986446119e+01 5.991369612448279725e+01 5.545830059754288754e+01 4.131231890584896860e+01 4.971719506552008738e+01 2.971566096782934707e+01 4.971719506552008738e+01 5.086543981689320759e+01 3.355283739403648013e+01 1.132600757820343595e+01 5.108789985552483870e+00 2.492104432488801891e+01 2.292098504086073518e+01
3.385369931837441015e+01 5.385369931837511359e+01 6.361398020773678041e+01 5.525025877824013776e+01 4.321009743908576439e+01 3.488197716397259285e+01 3.095632346817217595e+01 2.399666218684407326e+01 3.987804213493594929e+00 2.400033868514669777e+01 4.098399726032012325e+01 3.878014744589717111e+01 5.661992582427303233e+01 5.234932883759212530e+01 3.763528362968249752e+01 5.591955487714374584e+01 6.025147364475456158e+01 4.023542487917575983e+01 4.390843826397684779e+01 3.101387752934633468e+01 1.101177156866352469e+01 3.101387752934633468e+01 3.185382239539123361e+01 2.527036518406075061e+01 3.159493666610021734e+01 4.573941789474569219e+01 6.576799436502518859e+01 6.131451914023713812e+01 4.604598114246245188e+01 4.385792579563656801e+01 5.800056803173542619e+01 4.234658439719177636e+01 2.228345306112985469e+01 2.537417615294303985e+01 2.514835582446706042e+01 6.577236388748088913e+00 2.661384999134619278e+01
5.051498968682366808e+01 6.213797056583731404e+01 5.525025877824013776e+01 3.518325888537701474e+01 3.488197716397259285e+01 1.486660629155083946e+01 1.094412403137572376e+01 2.381426600589361442e+01 4.647489359044567614e+00 2.054728786003257923e+01 3.436440202930509713e+01 4.944316088940085763e+01 6.346795465487374344e+01 6.591955487714238870e+01 5.763528362968178698e+01 6.591955487714238870e+01 6.376707966581597020e+01 4.390843826397684779e+01 2.390399839218351374e+01 1.835699640770551966e+01 1.301177156866354245e+01 3.301412255820237363e+01 5.186732040175050429e+01 3.681777331030443889e+01 5.160565213697366715e+01 4.573941789273769842e+01 6.576799160172765824e+01 7.435289814060226377e+01 6.605222375972770976e+01 6.386272240246884735e+01 6.304154053238485744e+01 4.234915719903003151e+01 4.216239065782508533e+01 3.625498640881738766e+01 2.767002024392526849e+01 7.622653572343610406e+00 1.653439395262455136e+01
5.879926093428586853e+01 6.278590838434684684e+01 5.442198884892832211e+01 4.106074707592689776e+01 2.103924423031644864e+01 3.488153452684156974e+01 2.561360401228767358e+01 5.599344705010164347e+00 2.466083541582473160e+01 9.661431963856408345e+00 2.136420391558985798e+01 3.880173236559980410e+01 4.187283769313935977e+01 5.061156513180454652e+01 5.895650256593798133e+01 6.962186375983588960e+01 4.959582721406614780e+01 3.545114367629968655e+01 4.390843826397684779e+01 3.519660388891840341e+01 1.519395047102348428e+01 2.933635852145561884e+01 4.934448773388125176e+01 5.683418086478150855e+01 6.514709412637223807e+01 6.576799160172765824e+01 7.408862919728150587e+01 6.976294616155601602e+01 6.076385527236123352e+01 5.244043093582605763e+01 4.607274945408337175e+01 4.049420270887581097e+01 3.547116424856820061e+01 2.919589388578951628e+01 9.147643342330971095e+00 2.767005724181905535e+01 1.518395407755341964e+01
6.866208667648886887e+01 4.852354719923309290e+01 3.436977385193883805e+01 2.859802222650774794e+01 4.106074707236788157e+01 3.596000547326951136e+01 2.006053981316450674e+01 6.284026965488779481e+00 1.537419072061626935e+01 2.952020391436176538e+01 1.518117086821447259e+01 1.936142681939766774e+01 2.465939233064423064e+01 3.054017125457584925e+01 5.061156513180454652e+01 6.967400138426665990e+01 6.376707966581597020e+01 5.546131751803247312e+01 5.304909249852110520e+01 3.743302152425336260e+01 1.743001844852331317e+01 3.743302152425336260e+01 4.967132611697849853e+01 5.674581351943734830e+01 6.505239642774193953e+01 7.401138092878527175e+01 7.566477175237632480e+01 5.556038637709900030e+01 4.130544939561283257e+01 3.230405464177234620e+01 2.595901357648181218e+01 2.040313449646084365e+01 1.539920443867037925e+01 1.068385078981828684e+01 2.919981029066028810e+01 3.751232762053858494e+01 3.522283009035758283e+01
5.749821635054595959e+01 4.591823440333534023e+01 5.442198884892832211e+01 4.863341298574822957e+01 4.964108843067523225e+01 3.197335580153399093e+01 7.255538621047305625e+00 2.087918210047368817e+01 3.013027564680910686e+01 4.175448044195020003e+01 2.943218754283841676e+01 3.363302007763615364e+01 3.213954450195446810e+01 5.061156513180454652e+01 4.127159770179503084e+01 6.132868598810959782e+01 6.720690546746757832e+01 4.718473435324180087e+01 3.304097355242291201e+01 2.637429463169004151e+01 2.023057861657938261e+01 2.450108646578355831e+01 2.966506481354117497e+01 3.673614145664754460e+01 4.568058438334124816e+01 5.982776153373804817e+01 7.986923066448134989e+01 6.976294616842274365e+01 6.076385527236123352e+01 5.244043093582605763e+01 4.607274945408337175e+01 4.049420270695037516e+01 3.186173157267484868e+01 1.180191009672074109e+01 3.186173124393389955e+01 3.708764426587169538e+01 4.540349761341021662e+01
7.442288206076879931e+01 6.603833344915298653e+01 6.411918539792915794e+01 4.368908430185690861e+01 3.018793469194641332e+01 3.347776265770043835e+01 2.736704200756636496e+01 8.230104194865241141e+00 2.190262009271398114e+01 4.022842008964801863e+01 4.947550834998979497e+01 5.367764461800531706e+01 4.369522477858428289e+01 6.065011664853660278e+01 5.282265495328316263e+01 6.967400138426665990e+01 6.720690546746757832e+01 4.718473435324180087e+01 5.304909249852110520e+01 4.306314315884633004e+01 2.305900574132564174e+01 4.306314315884633004e+01 4.967132611697849853e+01 4.380822126947835216e+01 6.382611335742880243e+01 7.401138092878527175e+01 7.180040930211538353e+01 6.333703564121040586e+01 5.574786418892439599e+01 4.995474162208916624e+01 4.477452863360940682e+01 3.376742172851882628e+01 1.367113783788784787e+01 3.180131471253549691e+01 1.483499258651060160e+01 1.700543451781696191e+01 3.708805679605736572e+01
6.290884103782846637e+01 5.798427476497830924e+01 6.652991641890878327e+01 5.205613578647515283e+01 3.581125692559675144e+01 1.714097366424804036e+01 9.212361729410483591e+00 2.807120273622383522e+01 1.760992106652443567e+01 3.735613969755456765e+01 5.706554405103987193e+01 6.692188540618091963e+01 6.390861124265736493e+01 7.249713672959501309e+01 7.292782710639596644e+01 8.123324524209331798e+01 7.552201014897542564e+01 6.720690546746757832e+01 5.945133915802352220e+01 4.598118594789378477e+01 2.597630557128469420e+01 4.598118594789378477e+01 6.213434877102180565e+01 6.382611335742880243e+01 7.213844410045825839e+01 7.498395107848602947e+01 5.481090178966631754e+01 4.325797532143075586e+01 3.567989893615755648e+01 2.989186297794034175e+01 2.471895271065993782e+01 1.999970738487707678e+01 3.200312962011752660e+01 1.564220579173688819e+01 3.490717909049903511e+01 3.708805679605723782e+01 2.017203450788042929e+01
4.263939159807067369e+01 3.784854342592079490e+01 5.409379736468765998e+01 4.110305757015537154e+01 2.420870214923515107e+01 1.019946773477414403e+01 2.904402182613267769e+01 3.435043425651380744e+01 3.735735466577229147e+01 2.899557295647921862e+01 3.883137992310358300e+01 5.284553389240993937e+01 7.289039450819319654e+01 7.381164664387000585e+01 7.381164664387698338e+01 8.220947709851746765e+01 8.018049464434444928e+01 7.015769384933338415e+01 5.114698451569292104e+01 3.114028337996036910e+01 4.598115269949191486e+01 3.382095426795446258e+01 4.382112544188144199e+01 5.537006399215292873e+01 7.540265282428310911e+01 8.352143568194165368e+01 7.180040930211538353e+01 5.574786413145329789e+01 5.574786418892439599e+01 4.995474162208916624e+01 4.472598100752119876e+01 3.989743050308106831e+01 3.691062760130619580e+01 1.703953337579597971e+01 2.977653072007195334e+01 4.218747135122234226e+01 2.260277382002161772e+01
3.217935473434040716e+01 2.649883198333743195e+01 3.404257313268514906e+01 3.289852174155009834e+01 1.314990278767027654e+01 1.312952545121025238e+01 1.120189588160027938e+01 1.355763726197593222e+01 3.435108166140998520e+01 4.549217802434723268e+01 4.579112911987959933e+01 5.001189327562958908e+01 5.457005940964657498e+01 5.365851579671406313e+01 5.365851579671406313e+01 7.381164664387722496e+01 7.185818189224090702e+01 5.183173300980745069e+01 4.183087550147724443e+01 3.561241941311583048e+01 5.562114654964995708e+01 5.382897885568457497e+01 4.536838982087239458e+01 6.538635840821804379e+01 8.372675300160591405e+01 9.369084882584462548e+01 8.451004461534097345e+01 7.389118040831765200e+01 6.236344906334893778e+01 5.408595682829559337e+01 4.943914941983238975e+01 3.910912359613169542e+01 1.904063310163585498e+01 3.707115842100283487e+01 4.402104251804469470e+01 4.519904180626522816e+01 2.509133902287365103e+01
5.211335511623535410e+01 3.991544654572998496e+01 1.975224902413188843e+01 1.670146723401948563e+01 3.280725084672771175e+01 3.081517051329286261e+01 1.195499322535728837e+01 3.176238142620185911e+01 1.701254935142828728e+01 3.720700069946062172e+01 2.600548828222958164e+01 3.021369306956378153e+01 3.470147386359703745e+01 3.959654415946371842e+01 5.365851579671406313e+01 7.381164664387617336e+01 8.018049464434444928e+01 7.015769384933338415e+01 6.077722266472701307e+01 4.077639811928271740e+01 5.194567628578867158e+01 7.197511817981633442e+01 5.691809347677856579e+01 7.370114945631475223e+01 8.781842943093936071e+01 7.374709979306540220e+01 8.451960331102638690e+01 6.560488802616040971e+01 4.565413917174768699e+01 3.435624164538159420e+01 4.109119737686344820e+01 2.107805098584645265e+01 3.910912359613171674e+01 3.322224021863608101e+01 5.332604581690850409e+01 4.888090543472614513e+01 2.875812808719654967e+01
4.590157172319123191e+01 2.604784053143315603e+01 3.991544654572998496e+01 3.684581575740142512e+01 3.246317560210987097e+01 1.305468739477590745e+01 3.176276534094956716e+01 4.002183064327699924e+01 3.720700069897748108e+01 2.017908680726921133e+01 4.007892121166113952e+01 5.001171114125192219e+01 5.457005940964657498e+01 5.956123115970803639e+01 5.105335018169980543e+01 6.262774050041497986e+01 8.287020508503159988e+01 7.719843279569764150e+01 5.711389051127613925e+01 4.710096922794419783e+01 6.711550236248477574e+01 8.029501864289174762e+01 7.695422343054124781e+01 8.527974534710797627e+01 7.785758374308005614e+01 5.955487203008695474e+01 6.456837006820080660e+01 7.141169023306099461e+01 6.102931045900077578e+01 4.322395517846102564e+01 2.314251443226402571e+01 4.115266628500074830e+01 4.947182741044917265e+01 5.332844547399559332e+01 6.165066976016318279e+01 4.679549290331778622e+01 3.255548510897583014e+01
