LEM/with_lateral_4open/elevation_000183.asc
nrows	100
cellsize	150.0
xllcorner	0
ncols	100
yllcorner	0
NODATA_value	-9999
[rows 68 to 84 of 100, columns 0 to 36 of 100]
5.009162696260269221e-02 1.419222725069367819e+01 3.419222725069437985e+01 4.210468255699367290e+01 5.038893691773922257e+01 6.193590362852393838e+01 6.382632963537149351e+01 6.776802253892032013e+01 6.883822016533174803e+01 6.512969629398595828e+01 6.537384150335834931e+01 4.547539666124330182e+01 3.135197110043313984e+01 4.266190279612987268e+01 6.257285154674614347e+01 7.260689824299107897e+01 5.332137419460546823e+01 4.231995019380850920e+01 3.553907084781820203e+01 5.447388337333212860e+01 4.699103534445204389e+01 3.001708397746887513e+01 4.987187511419346464e+01 6.568221771454099667e+01 7.394030352277222562e+01 8.388959698948428922e+01 8.385413777552895453e+01 7.224739170404708943e+01 5.818354392612194914e+01 4.841141317225557827e+01 5.240157632360796924e+01 5.665873928546179172e+01 7.661436601883013964e+01 9.341363060546808583e+01 1.034106688090738828e+02 9.589220972932562859e+01 7.647368296594122228e+01
4.695337527364121244e-02 1.159395875906605688e+01 2.573609438279675743e+01 4.573609438272294625e+01 4.891680645562941265e+01 5.024431360436853566e+01 5.851173417034548407e+01 4.803150862580903890e+01 5.151145127658967482e+01 7.028442347771587606e+01 6.537384150335834931e+01 4.547539666124330182e+01 3.801909487125143272e+01 5.794572689502273022e+01 7.080167725853608829e+01 8.078796399458769883e+01 6.957563332292468772e+01 5.899726277911342720e+01 3.998089966451741617e+01 5.899726277911342720e+01 5.198783616403596852e+01 3.213837701377413225e+01 5.198740933001507614e+01 4.583023196841295999e+01 5.574874547617577036e+01 6.978100562061007395e+01 8.970188576886603471e+01 8.563231382707755301e+01 6.735476612531883234e+01 5.325103836746156816e+01 7.235981210395088681e+01 7.661436601883013964e+01 6.517400695923358001e+01 7.513477478716262681e+01 9.510301470613400454e+01 9.665006939979848255e+01 7.722880803852676479e+01
7.614146464036156137e-02 2.007614146464000626e+01 3.942130917744156449e+01 3.114797304058370742e+01 2.895574521484851971e+01 3.029599430619250811e+01 4.309559487484281703e+01 3.427899557886088644e+01 5.383623324730977799e+01 6.841478803288306665e+01 7.360012151529983271e+01 6.537384150335834931e+01 4.954383462898133672e+01 5.212496993690670166e+01 7.199827728658411274e+01 8.861291926877798630e+01 6.899795094742091806e+01 5.545847961809757720e+01 4.525445751088295765e+01 6.427169564007607505e+01 6.023083872429391761e+01 5.198783616403598273e+01 3.520965956625727245e+01 5.507090200203770536e+01 6.575380866030533866e+01 7.402388658336474236e+01 8.398187760536953306e+01 9.529606084853212167e+01 7.924050456087178418e+01 5.927355382577869847e+01 6.955043907705157835e+01 8.954910566067749755e+01 7.513477478716262681e+01 9.341363060557820575e+01 1.034106688091126927e+02 1.047544662887757028e+02 9.351716336421905851e+01
2.352828262072655108e-02 2.002352828262037221e+01 2.621826771369297404e+01 1.123199295957353527e+01 1.490655451380871810e+01 1.885177003220819358e+01 2.324832922395163948e+01 3.130570177304249668e+01 4.019608118853763301e+01 5.431152698855208882e+01 7.426435454383420165e+01 7.764697075344102473e+01 6.942292517029528653e+01 7.199827728658411274e+01 8.022285701100759070e+01 8.778919108876459632e+01 6.815173596741210815e+01 5.463997787294225361e+01 5.859748019306026379e+01 7.239510932488886397e+01 5.896421850342903070e+01 3.911010540170799743e+01 5.507081356979034581e+01 4.134706700996896700e+01 4.590727610762886712e+01 5.581681452828807721e+01 6.984951573020737214e+01 8.979288100133845774e+01 8.678864670523631730e+01 6.681803782925295820e+01 7.924050456087179839e+01 9.786771491939875034e+01 8.923388672391484988e+01 1.034106688090847399e+02 9.600772671087260335e+01 8.791011284761798095e+01 8.102799203250806670e+01
6.786455232800275850e-02 3.152069756207293683e+00 6.267831796362933083e+00 2.621826770937290618e+01 3.480220469239996106e+01 3.872714608768595212e+01 3.725594787338047809e+01 3.725594787338047809e+01 5.719374986524456972e+01 6.841478803288603672e+01 7.195394882521230784e+01 7.788617355313134283e+01 8.163744789713918237e+01 7.334399726299571398e+01 8.163744789713918237e+01 8.996611203567397297e+01 7.029340426975387857e+01 6.815173596741210815e+01 7.797046352808831671e+01 7.752892451567274179e+01 6.176979019772416279e+01 4.192869649374983254e+01 6.176976932831967559e+01 6.119920876570120072e+01 6.575378489843717489e+01 5.435768867790795156e+01 6.244951313266165016e+01 8.234177642103793460e+01 9.510573522098766830e+01 7.832292122443205074e+01 9.510573522098766830e+01 1.075977231924342732e+02 1.092723430801109146e+02 1.016673785366797489e+02 8.221166681803862275e+01 6.844453565838078646e+01 6.142063284857611904e+01
3.257643153035955086e-02 2.003174848053581059e+01 2.621569113057418221e+01 1.887503782599791080e+01 3.299902388291110356e+01 5.298975956446757607e+01 5.719374986524456972e+01 5.719374986524456972e+01 6.545361742776896108e+01 6.573935303737887637e+01 5.115750201109665340e+01 5.724864025836580339e+01 7.161900140377920820e+01 5.330100208750165791e+01 7.161900140377920820e+01 8.578368907673640820e+01 8.996611203567397297e+01 8.778919108876459632e+01 8.642806584807848935e+01 6.926930825575902873e+01 4.942739821370574305e+01 4.539022843839531163e+01 6.522133679151774288e+01 8.008794786843820646e+01 8.253939917755445776e+01 7.423406737008141931e+01 7.432109157923021314e+01 7.649533170810241245e+01 9.645658783149400506e+01 9.835275313782067030e+01 1.066808739107010666e+02 1.005597338535447562e+02 1.027731842175114565e+02 1.038096167979307722e+02 8.433678087711494697e+01 8.396453328866058996e+01 6.439730017777739590e+01
1.880098487986705744e-02 1.416101105374501579e+01 3.416641730749103090e+01 3.885414688312124554e+01 4.713384517757891956e+01 4.880146204687631695e+01 4.880146198847037908e+01 5.700282768058757199e+01 6.251467165840141860e+01 5.699409095092640598e+01 3.641432908595728435e+01 4.959618915032856989e+01 5.386426023546000152e+01 4.325854393736682368e+01 5.745431373082207926e+01 7.559743650884168176e+01 8.561063435350168049e+01 9.224175036771384839e+01 7.231948110574764144e+01 5.828651001793093656e+01 6.926930825575902873e+01 5.088191501756814006e+01 5.199029128290653290e+01 7.183369686052094494e+01 8.558589234242042210e+01 9.379406097704760725e+01 9.470935599758888657e+01 9.645643638052722224e+01 1.047936653451752562e+02 1.013661298825291510e+02 9.297701894682354862e+01 8.037183066325289360e+01 8.257903523418295322e+01 1.027731842175114565e+02 1.038096167979307722e+02 9.205903909546942998e+01 8.067981920680027486e+01
2.900726248362994752e-02 2.002900726246255303e+01 3.771762036375298521e+01 3.922731151350058099e+01 4.296989565266296296e+01 2.895901049318251452e+01 2.895901049317743414e+01 4.880146198847037908e+01 4.251876909370118796e+01 4.924869639508700914e+01 2.967287467658187694e+01 2.963345121399339988e+01 3.384523235371261762e+01 4.014163028857146287e+01 4.724189902762032744e+01 5.728903396421512895e+01 7.731791845480267966e+01 9.224175036771384839e+01 7.231948110574764144e+01 7.231948110574764144e+01 7.645862854437334022e+01 5.659588523713724584e+01 7.183372614180355242e+01 5.947674619523700557e+01 6.574861850260488438e+01 7.720346133511269215e+01 9.121845472386205245e+01 1.109346152210397634e+02 1.032778440854370956e+02 9.296356516539222525e+01 7.281092709181159250e+01 6.621915565940487625e+01 8.628473061787853737e+01 9.409901847916714246e+01 1.024268322491419951e+02 8.821688950726425560e+01 7.849749522966084214e+01
5.081304048347550645e-02 2.005081304048312063e+01 1.755796291235964901e+01 1.910513926407856644e+01 2.656499092043709354e+01 1.473679498741943128e+01 3.477072998078357102e+01 4.511693940424449067e+01 2.838385031673002601e+01 3.963317619855428120e+01 2.390732497337284812e+01 4.389444437228810614e+01 5.386426023546000152e+01 6.021063757620355972e+01 6.730347620950882970e+01 7.559743650884168176e+01 8.561063435350168049e+01 1.005366505904093231e+02 9.224175036771384839e+01 9.224175036771384839e+01 8.274498979585222003e+01 6.286577004655220691e+01 8.274498979585222003e+01 7.933729792879330489e+01 7.933075701215319953e+01 7.977812214109789579e+01 9.960773159330832982e+01 9.912812298457399152e+01 8.906783375770243083e+01 7.485782314124395498e+01 7.846831233695401409e+01 5.869048862877276918e+01 7.870065613640458935e+01 7.401483215741535560e+01 9.409901847916714246e+01 8.016346309774942824e+01 6.073182084207104481e+01
4.469920835086939326e-02 1.527107489858969158e+00 3.017902927508054667e+00 4.544171213211782856e+00 6.137950499818021655e+00 7.784049348486247411e+00 2.813934188774760869e+01 3.305011299028799954e+01 1.681460962755368271e+01 1.963797151097468685e+01 3.963317619855428120e+01 3.332722443559472936e+01 4.088003467325471263e+01 5.087585262639080241e+01 6.501755804998641963e+01 8.502131788075884344e+01 8.991342375242952301e+01 8.991342375242952301e+01 9.829496348197727684e+01 9.684013126233105595e+01 7.690659103686942899e+01 7.690659103686942899e+01 9.102329114215532968e+01 9.460737020946706366e+01 9.921658292915105903e+01 9.960780094698431242e+01 1.078187360922687645e+02 8.906737409076633583e+01 7.073530572462276211e+01 6.072819390882594348e+01 7.333981596901658406e+01 5.335882017128421495e+01 5.988735730511922384e+01 7.989735413644237383e+01 8.739449771204054684e+01 8.821688950726425560e+01 7.849945028999624697e+01
2.324776005098762310e-02 6.408228525091864469e+00 2.190349912579749514e+01 1.491635148740758332e+01 2.656508291112271891e+01 2.813934188774697631e+01 1.021749542232245567e+01 1.295423655887998748e+01 3.305011299028802796e+01 3.118422912365093680e+01 4.791697338945214568e+01 5.331835253322240931e+01 6.087618814079168317e+01 6.916435642274224449e+01 7.916667128059603442e+01 7.984179721937741192e+01 6.977017068632528662e+01 6.977017068632527241e+01 8.991342375242952301e+01 1.051399912474413014e+02 9.684013126233105595e+01 9.684013126233105595e+01 8.871621933363162782e+01 7.450001446002369221e+01 8.871621933363162782e+01 8.856012150944702910e+01 9.688576506310599257e+01 8.074213860844088231e+01 6.072819260406013342e+01 5.075014911994443167e+01 6.257628697026763831e+01 4.836260671592685867e+01 6.834457707939438365e+01 7.102066613293172281e+01 6.734073146049742320e+01 8.739449771204054684e+01 8.667108550233065500e+01
8.699724428260374731e-02 2.008699507313980348e+01 3.037648173375133709e+01 3.508289930976557969e+01 3.508289930977705495e+01 3.872223135798901694e+01 3.043385272247781259e+01 1.329170654666027573e+01 3.330099968945172151e+01 5.117465245090843950e+01 5.946085480456338956e+01 6.030593639173822851e+01 6.030593639173822851e+01 6.864689494997939789e+01 7.395269817384706812e+01 5.969547007459019028e+01 5.552239244436100307e+01 7.566999291423047680e+01 9.226463382537561131e+01 9.501360832536255430e+01 8.651914423073353078e+01 7.819423143415252753e+01 7.973681699024173497e+01 6.032085590146564158e+01 7.435383417841346443e+01 6.846939729493037419e+01 8.856012150944702910e+01 8.906737409076633583e+01 7.904796038950333070e+01 6.257628697026763831e+01 4.258702045956816562e+01 5.805029236196503462e+01 6.033289601242410072e+01 5.102567912316209231e+01 6.514960906975301214e+01 8.519465172032423084e+01 7.855807029870685199e+01
2.249585233037712170e-02 2.002249585233002094e+01 3.328700475972659234e+01 4.483401688145092123e+01 5.510186420231113402e+01 4.946233573349077517e+01 2.955870565113092496e+01 1.544792858638249911e+01 3.538834618630489359e+01 4.075374153097722996e+01 4.344984065003091445e+01 4.035548051161693905e+01 4.035548051161693905e+01 6.030593639173822851e+01 5.890545708232768618e+01 4.552398588838985916e+01 5.367374774658546244e+01 6.374791806516392256e+01 8.389500789510837819e+01 8.496485427181097805e+01 6.660901583158056383e+01 5.812804939381363312e+01 7.141443145561557060e+01 5.136287610420475858e+01 5.429643797049766363e+01 6.846939729493037419e+01 8.856012150944702910e+01 9.892803049517584668e+01 7.916786219724551188e+01 5.924426204363263082e+01 4.512906771290510477e+01 3.805415347387469893e+01 4.033960284917164785e+01 6.033289575281111183e+01 6.217227516468310711e+01 8.220549094630656839e+01 7.601206979522490315e+01
2.739267172789772165e-03 5.002739267172810145e+00 1.654974465096552905e+01 3.654974467006173455e+01 5.336204593146259612e+01 4.946234382739753244e+01 2.955870565688763563e+01 3.538834618630489359e+01 1.860405215413198832e+01 2.089106139263003925e+01 2.361141423790997962e+01 2.637579535853874191e+01 4.619883375114140023e+01 5.357480506236881013e+01 3.895998357552591784e+01 4.592709284981506812e+01 6.600356017698298672e+01 8.218245228893319165e+01 9.226463382537561131e+01 7.664019399278924993e+01 5.657783767032211131e+01 4.656269990522691415e+01 5.764403080961187698e+01 4.428182021216741759e+01 6.432513607445558534e+01 7.263214592643448952e+01 8.095438334128026270e+01 9.066612114177068804e+01 7.075055245126978321e+01 5.924426204363263082e+01 6.507974942297646237e+01 5.401046154241657149e+01 3.401066985416533583e+01 4.217999553026922399e+01 5.631064162844624121e+01 7.632351034552721103e+01 8.412732118696446548e+01
8.327778614586213435e-02 2.008327778614550851e+01 1.353076792139730422e+01 2.507777330519038017e+01 4.507777333842784628e+01 5.775390473774918831e+01 4.946234407537921385e+01 3.483460538634128767e+01 3.848884265818374217e+01 2.973190122617497622e+01 2.792205264939057940e+01 4.619743474448839748e+01 3.064813891594182493e+01 3.372477277572696153e+01 5.357480506236881013e+01 6.600356017698298672e+01 5.859883457250843009e+01 7.284501517256077818e+01 9.298988190662319653e+01 8.496485427209924524e+01 7.182570689426734134e+01 5.176978823816541819e+01 3.760753488664432354e+01 5.263491579179776636e+01 6.094676975537665697e+01 5.257440396719661635e+01 6.520702958599321164e+01 7.352530346033239539e+01 8.406430560024436716e+01 7.249716776719242262e+01 6.418993470376560140e+01 5.156709778150903389e+01 3.156595519643405723e+01 5.156709778150903389e+01 7.047654183301683872e+01 7.351968226399651485e+01 8.183565811260089617e+01
6.510866554257997707e-02 2.006510866554222616e+01 3.353076793544570222e+01 2.507777330519038017e+01 3.921990892915311377e+01 5.921990904184155369e+01 6.304575190500914061e+01 5.474834689646371544e+01 5.737755105889130647e+01 4.082724726726882380e+01 3.779936171215754825e+01 3.634247476283737655e+01 5.047475084655380329e+01 5.357480506236881013e+01 4.299764043433133054e+01 6.300758195684677787e+01 7.874531003286838882e+01 8.711156496638561464e+01 9.158301179607551035e+01 8.154255556283861495e+01 7.322211203612383201e+01 5.798978935952222713e+01 3.795313339227334382e+01 3.260371980206258513e+01 4.858800312988687153e+01 4.101122362934628285e+01 4.515982236777526992e+01 6.520702958599321164e+01 7.574543671466243211e+01 5.573072012482472104e+01 4.419428016335881182e+01 4.917650370742517651e+01 2.917444265369936218e+01 4.917650370742517651e+01 5.936893647659029227e+01 5.350750565375270895e+01 7.351968226399651485e+01
8.953482861371392376e-02 1.423167045234478856e+01 3.423167045234549022e+01 4.507777333842784628e+01 4.507777333842784628e+01 6.507777375720428381e+01 6.461857702217224642e+01 5.954216582253093293e+01 6.592369810919124973e+01 5.420873169796607982e+01 4.925515769910895614e+01 5.625326549649481223e+01 4.566957915212372399e+01 6.569185849550606804e+01 6.300758195684677787e+01 5.450304079520016387e+01 6.611167896957324785e+01 8.625441571115376860e+01 8.325991103108944458e+01 6.318431304116145952e+01 5.316779395271029074e+01 4.649155776961976017e+01 5.798978935952222713e+01 4.858800312988687153e+01 2.856110721880015291e+01 3.100203105659481295e+01 5.103151341813939723e+01 5.557310862591285172e+01 6.388646624049622602e+01 7.249716776719242262e+01 5.350180777312375824e+01 3.350270224178242273e+01 2.683283647595137822e+01 4.683543926267660140e+01 3.937357113496234007e+01 5.091438506250952400e+01 7.091806848582626799e+01
