LEM/with_lateral_4open/elevation_000591.asc
nrows	100
cellsize	150.0
xllcorner	0
ncols	100
yllcorner	0
NODATA_value	-9999
[rows 68 to 84 of 100, columns 0 to 36 of 100]
5.009162696260269221e-02 2.146661300406443651e+00 4.254846407185372215e+00 6.399071476860971330e+00 1.272362679719778455e+01 3.213977625045762210e+01 3.056389609947447994e+01 4.100949245457152159e+01 4.586001534560789850e+01 3.342009202445570537e+01 5.341882647188012356e+01 5.893332943777359390e+01 6.496320011914701809e+01 7.162927615095632916e+01 7.990613524102698761e+01 8.990111980366148714e+01 9.035578093687585977e+01 9.290713119524953356e+01 8.003489671080889423e+01 6.182902267668551133e+01 8.003489671080889423e+01 8.142166609820290546e+01 6.139546898321641066e+01 4.717554652282494487e+01 6.157998023147967359e+01 6.986670959729799790e+01 5.025917255677859430e+01 6.365799625408100582e+01 8.372878257395601054e+01 8.874288297275641924e+01 7.704184752855049112e+01 5.706226823609833332e+01 7.634663524952927105e+01 6.902068248741581158e+01 8.314286411938381605e+01 1.029793489474884609e+02 9.911645943774163925e+01
4.695337527364121244e-02 2.004695337527328647e+01 2.425484640720128127e+01 2.639907147688185773e+01 2.639907147588792213e+01 2.215171721301973307e+01 4.215171691225268802e+01 5.883695499767794246e+01 6.169421325424958269e+01 5.341882647188012356e+01 4.236436354949950811e+01 5.236435225242316704e+01 6.650586145643246994e+01 8.649244904083252550e+01 8.341136480858868651e+01 7.513932000401067057e+01 7.039225918047421260e+01 8.451167454758322606e+01 8.999201985108757640e+01 8.174488686553431194e+01 8.999201985108757640e+01 8.578868338721683529e+01 6.577649941562843594e+01 5.158033830508265538e+01 7.163793239455391415e+01 7.865663866461126474e+01 7.035740937958929919e+01 6.187274692844649593e+01 8.194767678070815009e+01 9.112616934811711644e+01 7.120796176486489060e+01 6.462671100980590211e+01 8.458563320702056387e+01 8.895283601063157164e+01 9.714218862816103695e+01 1.059068589588607949e+02 9.589714620400103229e+01
7.614146464036156137e-02 2.007614146464000626e+01 3.052486159552782397e+01 3.880174387132152702e+01 4.639907145433239322e+01 4.215172096299692583e+01 3.369872259780305512e+01 4.524572799922214017e+01 6.524574894462877239e+01 6.236207483977378985e+01 5.650630440206553828e+01 7.063379120982851589e+01 8.062567916103205334e+01 7.448269353123463077e+01 6.621164288879762694e+01 5.517642709322507244e+01 5.627645334745649564e+01 7.623943932655900824e+01 9.048998689630347769e+01 9.876334362974644421e+01 9.473591483967194904e+01 7.474882225279799286e+01 6.317657503852962009e+01 6.056739008060392138e+01 6.317657503847676281e+01 8.319634642967497484e+01 9.023714665327737805e+01 7.607495903280158700e+01 9.023756735792582617e+01 9.931111676304222158e+01 9.112616934811711644e+01 7.876541916726404224e+01 8.094217325806094721e+01 1.007971708781574733e+02 1.117739135830891115e+02 9.178621891396579713e+01 7.759511589209751037e+01
2.352828262072655108e-02 5.187506083479402896e+00 1.053273105576320212e+01 3.053437106340329166e+01 4.825267343577306889e+01 5.720031718493903128e+01 5.369873146800003383e+01 6.198317984426535787e+01 7.353031353622611732e+01 8.234781029389299079e+01 7.649915524863250482e+01 7.376902933611299318e+01 7.052880245924964697e+01 6.226006062779976702e+01 4.625663076898679549e+01 4.366101955477940777e+01 6.361373840816492731e+01 7.637442007302487923e+01 7.052756082961784045e+01 9.048998682814759320e+01 1.029862798754801361e+02 9.145837979602070789e+01 8.319636152398716433e+01 7.059384770827004729e+01 8.319636028017316676e+01 7.953154049769369749e+01 9.950294477879295130e+01 9.612567161569337770e+01 9.561072069233394188e+01 9.411664986874821182e+01 1.024121895165526581e+02 9.863687287771492151e+01 1.007971708781574733e+02 1.000483358465613861e+02 1.083464560979318208e+02 1.010217714897432728e+02 8.099098906312683255e+01
6.786455232800275850e-02 2.006786130857473793e+01 3.053289271228155144e+01 1.996086851329114253e+01 2.890538324580620611e+01 4.304974787406090542e+01 6.305925081462986981e+01 6.275813937672060661e+01 6.275813937672060661e+01 7.095911201865715157e+01 6.792538333350483981e+01 5.380846410073178987e+01 5.900733618579717188e+01 4.230551750262601018e+01 3.473724849062333675e+01 5.469061126974258968e+01 6.570212704555858352e+01 5.640838803790629186e+01 7.637442007302487923e+01 8.618639646967019985e+01 9.445551632895431737e+01 1.044341106357351521e+02 9.884838006641470542e+01 9.059452865881785044e+01 9.884838006641470542e+01 9.950294888165619511e+01 9.252708191471103305e+01 8.975737566377745225e+01 7.560791398993696077e+01 7.411516549914128404e+01 8.825468215057730959e+01 1.082686918361495572e+02 9.679209843941606550e+01 8.004417552894956600e+01 9.679209843941606550e+01 1.092849058961028845e+02 9.773396271851382267e+01
3.257643153035955086e-02 1.003087221520701888e+01 3.000401945336932030e+01 3.996388209550183745e+01 4.825267343577306889e+01 5.720031718493903128e+01 5.702495003636433069e+01 4.309078805407170165e+01 4.309078805407170165e+01 6.275813937672060661e+01 5.965477748534462421e+01 3.969757291785352749e+01 4.703273354683022234e+01 3.077814396070328939e+01 5.073935603058002641e+01 3.944414169453547458e+01 4.574858119325097761e+01 6.570212704555858352e+01 5.866939126824381390e+01 6.621993729521220473e+01 7.621038383159830687e+01 9.616240910774200756e+01 1.005614314980835360e+02 9.221754028660933500e+01 1.005614314980835360e+02 9.198163306438452480e+01 7.252276055972582469e+01 7.252276055972582469e+01 6.146756649981681164e+01 8.146660043030522047e+01 1.001637215465439965e+02 9.558260597674049563e+01 8.728962798105756349e+01 6.850062087010317669e+01 8.849892850227578833e+01 1.021696989579578627e+02 1.092849058961026145e+02
1.880098487986705744e-02 1.988664380340809146e+01 2.982101940864670553e+01 4.915134111845349452e+01 5.750837626652739232e+01 5.495317038790759767e+01 4.885122188849737057e+01 2.908688003614512496e+01 4.885122188849737057e+01 6.377632297156922192e+01 5.550519733215519835e+01 4.703269276790810238e+01 2.706458055924004569e+01 4.703273354683022234e+01 5.900795945347885407e+01 5.935330771787398163e+01 4.519950577653996504e+01 5.052484067801998435e+01 7.048690545526851281e+01 7.279386881566520628e+01 9.275307257583834541e+01 1.044341106357351521e+02 9.047710595355897567e+01 7.203865159317955147e+01 9.047710595355896146e+01 8.368966216464309582e+01 6.368777258135912689e+01 5.252045591393370216e+01 7.252276055972582469e+01 7.186462519577068520e+01 9.186894883826178670e+01 8.403206981798935260e+01 6.728968613223305795e+01 6.094122598354520193e+01 7.386954580150784011e+01 9.110463612310488202e+01 1.026568843789111298e+02
2.900726248362994752e-02 2.002900726248327601e+01 3.420637609302865201e+01 4.238851197317601560e+01 3.772678117726584901e+01 3.464937106945082235e+01 3.468459286989052259e+01 2.277508958577405807e+01 4.260118821773494346e+01 5.550520537797165588e+01 3.554499602856471796e+01 4.139120077131524056e+01 2.462104806814981828e+01 4.459328177785891256e+01 6.171479718975427886e+01 6.992289777759752667e+01 6.515181923184262303e+01 5.516916701076456064e+01 7.513447145279133110e+01 9.275307257583834541e+01 1.010246120048946210e+02 9.415409420292297682e+01 8.212809593989452139e+01 6.212104884868355015e+01 8.212809593989452139e+01 8.272272489221529668e+01 6.735818770779785325e+01 4.735146887259138282e+01 5.553259829643820922e+01 7.553548698039614351e+01 8.138206408027157579e+01 7.309287920526884363e+01 5.574143209875293792e+01 5.386773235413129157e+01 6.281437090264232381e+01 7.435977077022901938e+01 9.436120170463338752e+01
5.081304048347550645e-02 2.005081304048312063e+01 1.424902538819501885e+01 3.082962779707244749e+01 2.379840188711756710e+01 2.794865273229578762e+01 1.461374359552642588e+01 2.865475648264157016e+01 4.771023068938391276e+01 4.875879404973789377e+01 4.139120077131297393e+01 2.141724520651654373e+01 4.138915704690099773e+01 3.409858430859207346e+01 4.172236193980428709e+01 5.588360431052126387e+01 7.579254212361200871e+01 7.513447145279133110e+01 6.779725599090882326e+01 8.191560806128588013e+01 1.018697898984578956e+02 8.581626384394958507e+01 6.580095375976230798e+01 5.560825619770094619e+01 7.545908024282424265e+01 7.443330221153931348e+01 5.443027553559072373e+01 4.287030201861244194e+01 6.288454937557310842e+01 6.863634286406470153e+01 6.983146200243415080e+01 5.308898276764159618e+01 4.679039123053566840e+01 5.435611111522727867e+01 6.330256928943689587e+01 7.484783994851687794e+01 9.484957215299480993e+01
4.469920835086939326e-02 1.372145831550814821e+00 2.702526042026295983e+00 2.270247939741744503e+01 1.905870851190325155e+01 7.945300393316662380e+00 2.596841296902468699e+01 3.128604154904475720e+01 3.307231715027764807e+01 2.878845023427692240e+01 3.622236842218136843e+01 1.925868008613407767e+01 3.923317479223503312e+01 5.379888499301375049e+01 6.171479718975427886e+01 6.997178956875669087e+01 7.357131131065234797e+01 8.186026820218692990e+01 8.776005260836419097e+01 9.603074785823916670e+01 9.267235741780660874e+01 8.109317824067701963e+01 6.947383159400254726e+01 4.970923293881354255e+01 6.947383159400254726e+01 7.337671334155939462e+01 5.337089631552703395e+01 3.920481262314458348e+01 5.923046443634948588e+01 4.862387373965563597e+01 5.695138732986775665e+01 4.152652771743684212e+01 5.308898276764159618e+01 7.309287920526884363e+01 8.264678539553923997e+01 9.159300745686142875e+01 1.031454641691054661e+02
2.324776005098762310e-02 2.002321379521050915e+01 2.270255303984485451e+01 4.613799972296289909e+00 5.974627610049728865e+00 2.597507998358097225e+01 1.004199669551215557e+01 1.153292226652838437e+01 1.308569520795830954e+01 1.465307082433136721e+01 1.624048910954591207e+01 1.872380356995254758e+01 3.311303312056237047e+01 4.849913558433061667e+01 6.553256382126774326e+01 5.724835529413305579e+01 5.357985464346985083e+01 6.958997745478534114e+01 7.666607807581500822e+01 8.495631819842313348e+01 8.433090215042889781e+01 6.430927679357904481e+01 5.295210226786227281e+01 4.491873317478168559e+01 5.897556465769988421e+01 6.724370047245848525e+01 5.579609354982385128e+01 3.575411065207470074e+01 5.107215277162944744e+01 3.443715993778034345e+01 3.691753224907166953e+01 5.695138732985248708e+01 6.983146198825859585e+01 8.138206408026938732e+01 9.620586683539124806e+01 9.498455463420235390e+01 1.032804252181604880e+02
8.699724428260374731e-02 2.008699724428224798e+01 3.289792417102480471e+01 2.461386432974962091e+01 1.353416746130770498e+01 3.352065441780055721e+01 3.076925245127774033e+01 1.730939704237382060e+01 3.307231714270671574e+01 3.463762851519015129e+01 2.623857630197223045e+01 3.869457980132256125e+01 2.232015544455527234e+01 4.228565495967397680e+01 5.040754814919699101e+01 3.730414660211508249e+01 4.330325677750459334e+01 4.959791146955802077e+01 5.665184314186144121e+01 6.820423890886289087e+01 8.822516534060967786e+01 8.109317824067701963e+01 6.887556918900375535e+01 4.907556012639606990e+01 3.916633686559700323e+01 5.402325770967413376e+01 5.079840459830185750e+01 4.835347984102217822e+01 3.100178992478938156e+01 5.107215284328087535e+01 5.695138732984218422e+01 4.271420485003400103e+01 6.272922635743505282e+01 6.791195475573854878e+01 8.084074815454395946e+01 7.498219168708909876e+01 9.498455463420235390e+01
2.249585233037712170e-02 2.002246145208081529e+01 3.584551964707523553e+01 4.177176871332093810e+01 2.767453900265738298e+01 3.352071350061898158e+01 4.326196964836022829e+01 2.333956951831998694e+01 4.326197000052321329e+01 5.439069833573177704e+01 4.035064721044125946e+01 4.644512181358444280e+01 2.649460515161516838e+01 2.703807304757360797e+01 3.046754797161948503e+01 3.677151041147973132e+01 4.340379074924315717e+01 6.336892272399287407e+01 7.666607807581500822e+01 8.495631819842313348e+01 9.651354333434903765e+01 8.889869114501345848e+01 6.887556918900375535e+01 6.724370047219161961e+01 5.402325770967413376e+01 3.414388291534867648e+01 3.087228426340585230e+01 2.826695710007744822e+01 4.835347984102217822e+01 5.936322478336892061e+01 7.101709949747458950e+01 6.272922635743505282e+01 4.904996147913853832e+01 5.376820079070193970e+01 6.084171782438799170e+01 7.498219168708909876e+01 9.498455463420235390e+01
2.739267172789772165e-03 7.562028727357237301e+00 2.170416554226967776e+01 4.170457096793038687e+01 4.763462974638247971e+01 5.346026856018767859e+01 5.151295583588092342e+01 3.485230032883533369e+01 3.743351020200266532e+01 5.733311669391588339e+01 6.024423615431935985e+01 5.079699478132761925e+01 3.085744788854394471e+01 4.698786633100108645e+01 4.197145953146875996e+01 5.040754814919699101e+01 6.336892272399287407e+01 5.491444456085961434e+01 6.905508137833737692e+01 8.907218288716595112e+01 8.605907499340590050e+01 7.776764750306080032e+01 7.776764756482859298e+01 7.390923849953728109e+01 5.402325769647509901e+01 5.402325207608592450e+01 4.645546185261898842e+01 2.636213105979515348e+01 4.058648634395022015e+01 6.062449041239314340e+01 6.891021386971279128e+01 7.715729976563817161e+01 6.905554842526372283e+01 7.377002317273966980e+01 6.531724154947983152e+01 7.945710455245094295e+01 9.946314318332852622e+01
8.327778614586213435e-02 2.008327778430811250e+01 2.389195477617339236e+01 3.803405905846691581e+01 5.803310135916814971e+01 5.815449561449289462e+01 6.300710823129508498e+01 5.474979240947164527e+01 5.733311669405157573e+01 6.559240237586368494e+01 6.710490400363069341e+01 4.713187582049539515e+01 3.584262377614528106e+01 5.578178511638211745e+01 6.193145950959052470e+01 7.021760940535946816e+01 7.867252093187011042e+01 6.905508137833737692e+01 8.320785409087861240e+01 8.486796719083135088e+01 7.776764750306080032e+01 5.776199167426515402e+01 5.776199167427057546e+01 7.191050942753719255e+01 6.179809694169495771e+01 5.064883270092390433e+01 4.258580337018403839e+01 2.475137337770829404e+01 4.484672661973520036e+01 5.276779630934361620e+01 4.891157313039330745e+01 6.562603016396224120e+01 7.715729978265943600e+01 9.360895406385056106e+01 8.531673760275489826e+01 9.360895406385394324e+01 8.742065023449127636e+01
6.510866554257997707e-02 2.006503142484327640e+01 3.089352602137570969e+01 4.008877108424788815e+01 4.837285016463999909e+01 3.815524341653093643e+01 5.229644236992312045e+01 5.760390086962803480e+01 5.781281126728580944e+01 6.609529480626004272e+01 7.539238702127209990e+01 6.406528141667087084e+01 4.733792726713007681e+01 4.474246081632990979e+01 5.471072533464918308e+01 6.885166224341730867e+01 8.886982657160055510e+01 8.907218288716595112e+01 8.486796719083135088e+01 6.486382350488032955e+01 6.853465226686543588e+01 6.250130762594295675e+01 4.360061437503151893e+01 6.362151260198510272e+01 5.375663871338728228e+01 3.408790860027878011e+01 2.249189644961029799e+01 4.258582184771975676e+01 4.657857167756171890e+01 3.271241632806708566e+01 3.732963524263787747e+01 4.891157313039330745e+01 6.891021386974759366e+01 8.161852938566296700e+01 9.158597129644324752e+01 8.585963658224473249e+01 7.574662110106024215e+01
8.953482861371392376e-02 4.486575660731936921e+00 2.264760450315930029e+01 2.006264808836174396e+01 3.123607296948326706e+01 2.401202734559134200e+01 3.760501931008789711e+01 3.760501930972285578e+01 3.781366906377490977e+01 5.195558434646337531e+01 7.195340793743486074e+01 7.560544872966913488e+01 6.731630944440499320e+01 5.471072533464918308e+01 7.300160856234217022e+01 8.300522471216318365e+01 8.746366440695553024e+01 9.268150089328629804e+01 7.267642942062155953e+01 5.853352533688736514e+01 4.852431186210039726e+01 4.247813866598845323e+01 3.690577107387972688e+01 5.103778429103945058e+01 4.769329465618933028e+01 4.102134867179314170e+01 2.093180787989106761e+01 4.100948185959585146e+01 2.649909116808083809e+01 4.071265529344113787e+01 5.736399325540394756e+01 4.630569016834358109e+01 5.338925229913598969e+01 6.339378823166031651e+01 8.336047273912623723e+01 7.751199452182082439e+01 5.725571081985568611e+01
