LEM/with_lateral_4open/elevation_000057.asc
nrows	100
cellsize	150.0
xllcorner	0
ncols	100
yllcorner	0
NODATA_value	-9999
[rows 0 to 16 of 100, columns 37 to 73 of 100]
8.884754177262699226e-02 6.929726548558100274e-02 7.395023591448830758e-02 4.828361932999872264e-02 4.897713358561925356e-02 8.568734790590110117e-02 1.075183056328203948e-02 6.823539046102447547e-02 7.194897206013613211e-02 1.557559815681563986e-02 7.704183385687686514e-02 1.685416958384493638e-02 9.680445094065920353e-02 7.639902522890137937e-02 4.559330980047965332e-02 5.839666421669215124e-02 9.739037529851846120e-02 3.670263267501718690e-02 2.041064012308905357e-02 6.895211126444661387e-02 9.031524355919069713e-02 1.560024811392830661e-02 7.641644294168103979e-02 3.888124420523987601e-02 6.873285589001959517e-02 4.772367030474261584e-02 9.504926490987847254e-02 5.760415539182907330e-02 9.666222459857021221e-02 9.627991409191682948e-02 1.286757495974483190e-02 9.381044340810595905e-02 7.584058927755046864e-02 1.435327048224320848e-02 5.777975670406795827e-02 2.716720951219454838e-02 4.735230246529398453e-03
2.008884754177227094e+01 3.661403306021086657e+00 2.007395023591413263e+01 6.078510510885245743e+00 2.004897713358526445e+01 8.250653157183233333e+00 1.415288745429435657e+01 8.233201199738356735e+00 2.007194897205977924e+01 1.415771122188789022e+01 2.007704183382244523e+01 1.157488926594377432e+01 2.009679245051379226e+01 6.918564801255648877e-01 2.004505487567520916e+01 2.005839259758593229e+01 1.423952599902959371e+01 2.003670263267466112e+01 6.050637531678387582e+00 2.006895211126409251e+01 1.423253644110736893e+01 2.001560024811357152e+01 1.633414331264663621e+00 2.000429711964667590e+01 2.006873273450659312e+01 2.004772367030438573e+01 2.009504926490952315e+01 1.005760415539191577e+01 1.423879784832939599e+01 7.167347726721369661e+00 2.001286757495939028e+01 2.009381044340775091e+01 2.007584058927719539e+01 2.001435327048188739e+01 1.730263776330252412e+00 9.352788794552699514e+00 2.000473523024617251e+01
2.731288702272256685e+01 7.312887022722209807e+00 2.731288702272256685e+01 1.240306583122194972e+01 3.240306583122124096e+01 1.719492506718254887e+01 3.415288745429506179e+01 1.823320119973853437e+01 3.651747245738071257e+01 3.415771122188859721e+01 3.987849279966200555e+01 3.159356410249028713e+01 2.130748080346634410e+01 1.307605551932643495e+00 2.130746258522442105e+01 3.557387764596844448e+01 3.423952599903029892e+01 3.237522012169955588e+01 1.237519285201520169e+01 3.237522012169955588e+01 3.423870048726102056e+01 2.319272976512956319e+01 3.195151950148943598e+00 2.319378042713806209e+01 1.488733458480028737e+01 3.488657579419782451e+01 3.834187540285280704e+01 2.419973977912311724e+01 3.423879784832868722e+01 1.472663722109679973e+01 3.472751890408033404e+01 3.482633976151115007e+01 2.411861723286074977e+01 4.120720790539775358e+00 1.587141425567462605e+01 2.809478609953795925e+01 2.850352524426909895e+01
1.296974127221463924e+01 2.731288702272256685e+01 3.559715827029615554e+01 1.947413364308729911e+01 3.947413364308658856e+01 2.874193045097526777e+01 4.547919631464544921e+01 3.237533682346998631e+01 4.651747248518442035e+01 5.289658787414067831e+01 3.287426076133729680e+01 1.890714321634829531e+01 1.742383260923935140e+01 1.924231967911204544e+00 8.374912693598723479e+00 2.130670286030526839e+01 4.152180948417517214e+01 4.066006157418876654e+01 2.131946476217675368e+01 4.066006157418877365e+01 3.733125283062739186e+01 1.733662744548222534e+01 2.314247386078389468e+01 5.459706015585198635e+00 2.548192867968196396e+01 2.557581729101922718e+01 4.557841286154715021e+01 4.419973977912382423e+01 4.301515945238048033e+01 2.627365943538654136e+01 4.300802340363807730e+01 2.654394166483995932e+01 6.546074965667148859e+00 2.411884258164766592e+01 3.240243275134164946e+01 4.415291244662573433e+01 4.939766204755281365e+01
1.714002955335620726e+01 3.714002955335691070e+01 4.775840489054819216e+01 2.947413364308712147e+01 4.775840489054819216e+01 4.874193045097597121e+01 5.702620169843817166e+01 5.237533682363707044e+01 5.350197638970776381e+01 5.062363555166163565e+01 3.694262059806078469e+01 1.694261062972194409e+01 2.800447877948581965e+00 2.192421538763266042e+01 2.722755443565793954e+01 2.722756963280441411e+01 4.742501929084352241e+01 4.960569219689156029e+01 3.546160356785112810e+01 4.960550842506048497e+01 4.559265329264206201e+01 3.732148138486521560e+01 2.711018190533692618e+01 7.120615604932696741e+00 2.711656369327629790e+01 4.557841286154715021e+01 3.971522349607437263e+01 5.973340414643318041e+01 5.456508596986556370e+01 4.627570569833970637e+01 4.240076094296783538e+01 2.242049123027656776e+01 8.280290993042047631e+00 2.827797635476965254e+01 3.842003102240924761e+01 3.948471064937390196e+01 5.912897998975076064e+01
2.230400734829952114e+01 3.346996117191130793e+01 5.346996117191201137e+01 4.361626926681757510e+01 5.775840489054801452e+01 6.370729739223031629e+01 6.150040876592662187e+01 5.350197655982617562e+01 3.333416519049259819e+01 3.639797502069846757e+01 2.217266928272211146e+01 2.292549171269255837e+01 3.421817647244314475e+00 2.342177570505064566e+01 3.566425829872203224e+01 4.378007249778568166e+01 5.214520261103038479e+01 6.225460396369046379e+01 5.546228380786004664e+01 5.527785831626572843e+01 3.528779256755636595e+01 2.115272923153858997e+01 1.482904631414959340e+01 8.798978292856672212e+00 2.683028779279358034e+01 4.128799658269426232e+01 5.973340414643318041e+01 6.805093357997722592e+01 6.249241692391957770e+01 4.249306217441987599e+01 2.835269361941865895e+01 1.680758125872631936e+01 2.827797635476965254e+01 1.089514452775885900e+01 2.063463119978800364e+01 3.948471064937390196e+01 5.342401423625705803e+01
2.937507516016487230e+01 4.230400734830024589e+01 6.175423242025914305e+01 6.361626926681686456e+01 6.370729739223031629e+01 4.349705567981999366e+01 4.128464094850560429e+01 5.133319972451479174e+01 3.703502682120155498e+01 1.696770048542199660e+01 8.038095292783269841e+00 2.050560581700807816e+01 4.044089049622145993e+00 8.142590578673337021e+00 2.739902060515588644e+01 2.373686940393444544e+01 3.366089901214500202e+01 5.389928329092735737e+01 6.422661287246782535e+01 4.423394037083002672e+01 3.269422426549591165e+01 4.114282913860741786e+01 3.152214823211870609e+01 1.217727626711763733e+01 1.171570372184535103e+01 3.477830229235552650e+01 4.139646712576384147e+01 6.115416032434670512e+01 5.989851471231281010e+01 3.989810900963773577e+01 2.835269509315856595e+01 3.680508954793720733e+01 3.916272919178763345e+01 3.089252204387430112e+01 1.360419400623721664e+01 2.514736250143576868e+01 4.513949712673394998e+01
3.831934707016371533e+01 5.765934640700560010e+01 7.058827861174796681e+01 6.609184039288491874e+01 5.775480083194132419e+01 4.720570413432436396e+01 2.710898212427359510e+01 3.119747471161191399e+01 3.132644831032223465e+01 1.131861922622487882e+01 2.498511167851847148e+01 4.935402245183990289e+00 2.313574007298463542e+01 2.728042041544340535e+01 1.421265192452127835e+01 3.375848018844394005e+01 5.214520260230457893e+01 6.225460392924155428e+01 7.250666106274826461e+01 6.096437116762883335e+01 5.268383802182101050e+01 4.791274534571559229e+01 3.486040643221318192e+01 1.564184113384946428e+01 1.381089604627071843e+01 2.185062448641722455e+01 3.562615910380206685e+01 5.532722301145422250e+01 6.818565763367890042e+01 5.663731426650065970e+01 4.835127509597163709e+01 4.765633915349087601e+01 3.606114450074984745e+01 1.663632790232233916e+01 3.359703281914283224e+01 2.046273266832590920e+01 3.200374624075856644e+01
5.246148269389416896e+01 6.660361831671727373e+01 7.398993399862456499e+01 5.775480083193873782e+01 3.757900249094613798e+01 3.960991220105133692e+01 1.959419993831042106e+01 1.708981885462188899e+01 1.466034825333604985e+01 3.091784704822682883e+01 2.523741180063044709e+01 5.594067502895252453e+00 2.501530298601446844e+01 3.937537177200523075e+01 3.374694014881799120e+01 2.442290026536230485e+01 3.435890117601569216e+01 4.867085904558838649e+01 6.890991792974571695e+01 6.456265722088929238e+01 5.324472177213176138e+01 3.978156035082295006e+01 2.067614940610679142e+01 3.477936901306481587e+01 1.598867601455811105e+01 3.577901076771051692e+01 4.960241835182513626e+01 6.002522996893812035e+01 6.999284627736159337e+01 6.444084589022241971e+01 4.444301389666369317e+01 3.973127631331264809e+01 1.974043084361009193e+01 3.662812986495413270e+01 4.491150862328494497e+01 4.045397099604321056e+01 2.862375121612902618e+01
7.246148269389274787e+01 7.137887347761495960e+01 5.973471283747353766e+01 4.547949166382881003e+01 4.348835700916950486e+01 2.345510411881164003e+01 3.960991219867636204e+01 3.709533986227789626e+01 2.616070033979654497e+01 3.867331195344316086e+01 1.125298898318255603e+01 6.253808858903287415e+00 2.606156603980578268e+01 3.467950606799693247e+01 4.749991818471813332e+01 4.447881852868306396e+01 5.284350359083639148e+01 6.295306832190534863e+01 7.024535266314370574e+01 5.632327869249191110e+01 3.683949042967552856e+01 2.593797712513897125e+01 3.978042824906530939e+01 3.788900025616812428e+01 1.818615726273308297e+01 3.760667682586341698e+01 3.188261688274207728e+01 4.180016994155408838e+01 6.173279613295761692e+01 5.858188075124864014e+01 3.858650348963632837e+01 2.445297792907464185e+01 3.973127631293963447e+01 2.405244842600121302e+01 4.404242562851217002e+01 5.690068936991025339e+01 4.275822233502857728e+01
7.544322086930355908e+01 6.305846826073523204e+01 4.285662142955590070e+01 3.131717954990372377e+01 2.801049222099197777e+01 3.007739736034010392e+01 5.007896606190272593e+01 5.461435922925900854e+01 4.626506400865989832e+01 3.848940983694441798e+01 1.587032474057373399e+01 2.626581956022071296e+01 7.193542758568169937e+00 2.118578882224520399e+01 3.418645271257965135e+01 3.700077005288495968e+01 3.700077264774819952e+01 5.774577424164890260e+01 6.216481630972064920e+01 4.296277927445073885e+01 3.200977547867474726e+01 4.507430829412120943e+01 5.320670161021444500e+01 4.595340019133327303e+01 3.796388744599928344e+01 2.136759331850223020e+01 4.115461937358482203e+01 6.002522996893812035e+01 6.999284627736159337e+01 6.213388999500337206e+01 4.217463031470726520e+01 2.804339247730340290e+01 4.716429073274356654e+01 2.717460041631263223e+01 4.716429073284611206e+01 6.009751263984093583e+01 6.275661301775135570e+01
6.124878941205934524e+01 4.694480371425731136e+01 3.693178996582331308e+01 4.129492205598300103e+01 4.806518596267289922e+01 5.007896606735639722e+01 4.161441017648024854e+01 6.164176444355292972e+01 5.264658096829231937e+01 3.082919520835520544e+01 2.968312621021838282e+01 2.563765923745655329e+01 2.715103951320600473e+01 8.137064064282609976e+00 1.387161819200781743e+01 1.663393563516854456e+01 3.700077264774819241e+01 5.625765801771125751e+01 6.696110676997615485e+01 5.867673719083635575e+01 3.915797792837806668e+01 4.151727209715772204e+01 6.110667216444301886e+01 5.507614831758529306e+01 3.512416457010473181e+01 2.374546433853220861e+01 4.355712781013222923e+01 5.543717173623473116e+01 6.697268225616771531e+01 6.331951327369010585e+01 4.335766359564904349e+01 3.182046643672429198e+01 5.181426606984499017e+01 4.716429073284611917e+01 3.182134828727576448e+01 4.595436005264983237e+01 6.595369522275018426e+01
5.798719477076203788e+01 4.376569526677089783e+01 4.850974772006091484e+01 6.149493105326956055e+01 6.149493105326956055e+01 6.990923842387579157e+01 5.579914140200492056e+01 6.990923842387579157e+01 6.133005195670830290e+01 5.200992256254512114e+01 4.787590395215470096e+01 4.262774058877978689e+01 3.583419870676882368e+01 2.768871458817684683e+01 9.083506613829200660e+00 2.919529417456462284e+01 2.673827425413327319e+01 3.702862591117926883e+01 5.845583108131749839e+01 6.685746912376927753e+01 4.882479349573240768e+01 4.941738203247588501e+01 6.911498447960067892e+01 6.335739145579857023e+01 5.183268286522765322e+01 4.355712781013222923e+01 2.727961896112401163e+01 3.870856873092114370e+01 5.869440603690306801e+01 7.128208871345799480e+01 5.592345535544072277e+01 3.598690445734254695e+01 5.598487287392635636e+01 5.529227296018703441e+01 3.529979730629283807e+01 5.529227296018703441e+01 6.883055497506582299e+01
5.229149213879234992e+01 5.537196975517220210e+01 6.870051859458396848e+01 7.699764368363973688e+01 8.163367202415733459e+01 7.634345456725513657e+01 7.574710423068071918e+01 6.336294835923315816e+01 5.499421004050192607e+01 5.499420828500051783e+01 5.523808861136915027e+01 3.567703432640039551e+01 2.158633993666285278e+01 1.003955223221867143e+01 2.912094255565558143e+01 3.770020643650682501e+01 4.748880064884615138e+01 5.625765801771125751e+01 6.744856302579489693e+01 7.671986691035880312e+01 6.272939595864360740e+01 6.075539643025796721e+01 7.731615053134237314e+01 7.135397709920037812e+01 5.133973102134071809e+01 3.980911115711855075e+01 4.715619113172569854e+01 3.119864754161114107e+01 4.528482254461135881e+01 6.529207189178393378e+01 6.421773775675082163e+01 4.752676149853355270e+01 4.305147387536402448e+01 6.305838366553512486e+01 5.529227296018703441e+01 4.054660900561878378e+01 5.208913269675986157e+01
6.384162017383957988e+01 7.547650278232323728e+01 8.374049184681649649e+01 7.314737741961569384e+01 6.488767144981926549e+01 5.640844150993181216e+01 7.050659002894926175e+01 5.499421007103735803e+01 3.506877434325590315e+01 3.506877434256242765e+01 4.108480435381901685e+01 3.280637576169765879e+01 3.070671418617220638e+01 1.071740033520277535e+01 1.907883027826884970e+01 3.214046078543621121e+01 5.356734096592389704e+01 5.923967528118893711e+01 6.748593472166905372e+01 7.478756499337576713e+01 8.252939320948601676e+01 8.054022699093867743e+01 8.874138081223136965e+01 7.964081909057280484e+01 6.808694826804160982e+01 5.966658786618359755e+01 3.967040178057544608e+01 3.448775963163255653e+01 5.447709918226281189e+01 6.784942490131727766e+01 7.583955063620109627e+01 6.753886788075095637e+01 4.839345151329359140e+01 6.840731319370541996e+01 6.609235770527433829e+01 4.608908985520717039e+01 4.906981353325083717e+01
8.373810597528991195e+01 9.196380539131121168e+01 7.898482963733178508e+01 5.904843733763261326e+01 4.494505669008276527e+01 4.230243719223546606e+01 6.053491616471821146e+01 5.750527896909421344e+01 4.090479933194664852e+01 2.196399312608022214e+01 3.283386447632419447e+01 1.253614056251503506e+01 1.178920583374116582e+01 1.170441416468655937e+01 3.165439828126973509e+01 4.122584859984584682e+01 4.515588081052488434e+01 3.932218388525914321e+01 5.923967528118893711e+01 5.488021353892546017e+01 6.895834379091738242e+01 7.083722238355557010e+01 7.908696208913039527e+01 8.378393710196519351e+01 6.381821334580974536e+01 4.966713728967689434e+01 5.966658786618359755e+01 4.601716933072544435e+01 3.954648300251288617e+01 5.369772669108884600e+01 7.371524008262258576e+01 7.418663387058009562e+01 5.416647977941969572e+01 7.418663387058009562e+01 7.212480993512107830e+01 5.211769653946762304e+01 6.907194736825339021e+01
8.195403900950209675e+01 7.966018889937771519e+01 7.141279350877370291e+01 6.637594803859352055e+01 4.643399020144197920e+01 3.231490999869746616e+01 4.473018023300070922e+01 4.476485209486598649e+01 2.930365800213752081e+01 1.499797103315387758e+01 1.390932678041300008e+01 2.864829949073941151e+01 3.188113455023603393e+01 3.169592950363449191e+01 1.310463335852658950e+01 3.309406818408576356e+01 2.520164906214211697e+01 4.515303546536834745e+01 5.776411957023351107e+01 4.078682740430767950e+01 5.675935079331379995e+01 5.092810545128877919e+01 7.083722238355557010e+01 8.596016660470627357e+01 6.600401670448000857e+01 6.381821334580974536e+01 7.432109625260710573e+01 6.603357827369714528e+01 4.621511590165251704e+01 4.621511590165251704e+01 6.623352298063855415e+01 8.086201085732638205e+01 6.083587989708753696e+01 8.086201085732638205e+01 7.879414498793640576e+01 5.878614286237399256e+01 7.879414498793640576e+01
