LEM/with_lateral_4open/elevation_000643.asc
nrows	100
cellsize	150.0
xllcorner	0
ncols	100
yllcorner	0
NODATA_value	-9999
[rows 17 to 33 of 100, columns 0 to 36 of 100]
5.222468517465790605e-02 1.568420772332466351e+00 1.571058473054234206e+01 3.202129771075843934e+01 3.058765527159027897e+01 3.644468124104308515e+01 3.325445781512127752e+01 3.325445783418302881e+01 5.325404557097792235e+01 5.259887434989286703e+01 4.433330079981417526e+01 2.957087972782603913e+01 4.107646707473332270e+01 6.093970735161335028e+01 7.985870638612625783e+01 7.141566894519846187e+01 6.052265724750414932e+01 6.052265724750414932e+01 8.082228111841114071e+01 9.857452901048996807e+01 8.700087716285170814e+01 7.800736961660894053e+01 6.969377366743256630e+01 6.546324325798597954e+01 4.961260199643520963e+01 2.914385657665712159e+01 4.650913880511600240e+01 5.483650107868278667e+01 6.653678114712673164e+01 5.871547185182812001e+01 7.574297355934594123e+01 8.106721546397915290e+01 6.983692184711703987e+01 5.106192397657218152e+01 5.656099353609177882e+01 5.150655432675329592e+01 4.626756808012427769e+01
7.333276091007127906e-02 2.007333276090971452e+01 3.737725350519033096e+00 2.373730128791466498e+01 1.644852649802200162e+01 2.911359953754400109e+01 1.911558755759278583e+01 3.911220146135494957e+01 4.776509391521273074e+01 3.950159937620669126e+01 2.441155335322903852e+01 4.433330079981417526e+01 5.774223696049877219e+01 6.923991741584495685e+01 6.816207175297611798e+01 5.120791973474270264e+01 4.630959964604683421e+01 6.052265724750414932e+01 8.082228111841114071e+01 9.624484173262875686e+01 8.511282076447857037e+01 6.558632752594266435e+01 5.444264014694638121e+01 4.550570544678735274e+01 3.818712121036323737e+01 3.133305859059572640e+01 5.185857408396940826e+01 6.460815697579486994e+01 7.631708025669570361e+01 7.853560292292850420e+01 8.662441609807666509e+01 7.300051488060556437e+01 5.425330637233167153e+01 4.493225122073034328e+01 3.764901373247055716e+01 3.233677280131389153e+01 2.728770439401223769e+01
6.343274376862209629e-02 2.006343274376826713e+01 1.922484578546967882e+01 5.933013996464601369e+00 7.504370682755172162e+00 9.116043083957411142e+00 2.911389437839468641e+01 3.320548436877555076e+01 3.497274228790882233e+01 1.956266575306061384e+01 3.950159937620669126e+01 4.361723877332567412e+01 4.695929878810192548e+01 5.039415930165564816e+01 5.394333020163737302e+01 3.963826105540709221e+01 5.974871949889227807e+01 5.576325549088547717e+01 6.740278750441279954e+01 8.777969497262658649e+01 9.346649187680641546e+01 8.208445894358345640e+01 7.351896251548177474e+01 5.723309707178496097e+01 3.672080282716737543e+01 5.185857352866561598e+01 3.569596690544380380e+01 4.763615790693145158e+01 6.798878572092165484e+01 7.833373630340993543e+01 8.994243914150763430e+01 8.106721546397915290e+01 7.158706698956738990e+01 6.362691062646863571e+01 5.656099353609177882e+01 4.324928994116275049e+01 4.122513806393437363e+01
3.497053469895897854e-02 2.003497053469860489e+01 3.292487253942691439e+01 2.007406941804734757e+01 2.164528176266288639e+01 2.911389427021669007e+01 1.148977408685742141e+01 1.319871846261268189e+01 1.497381851271375375e+01 1.713110516802114702e+01 2.033413303450954857e+01 2.357762559506097588e+01 2.690823744315456878e+01 3.033432293393779489e+01 3.386618771211441015e+01 4.387090054638272818e+01 5.807724604775963684e+01 7.601508198411853812e+01 7.004146076073833171e+01 9.043667935808286984e+01 9.877636152540145531e+01 9.047972988693125274e+01 7.561043446468143259e+01 6.117066251244751385e+01 4.071047238077078845e+01 6.117066135518769698e+01 5.623819096188581312e+01 4.045161085139550039e+01 4.971707811305537916e+01 6.150180216160526214e+01 8.164624567975069169e+01 9.065086586040899874e+01 7.913492935020444463e+01 7.087791076226434939e+01 7.015795976165473746e+01 6.219372790523307515e+01 6.026952940889833599e+01
9.635555453094322986e-02 1.423849117826201827e+01 3.423849117826271993e+01 4.007165487069166687e+01 4.164280932173310390e+01 2.781832741883561866e+01 3.147511983145918535e+01 2.026970333581425621e+01 3.492412557292405495e+01 3.713218532042384368e+01 2.134751055919055673e+01 2.477592336464753586e+01 2.830825623482231279e+01 4.826654047607825504e+01 5.394333020163737302e+01 6.233967348726500290e+01 7.244058081407253269e+01 8.680391558038517985e+01 9.043667935808286984e+01 9.889878874069702874e+01 9.047972988693125274e+01 7.043518917985161920e+01 6.729649414682782549e+01 4.697940908727466791e+01 6.117066251244751385e+01 6.950624792868767088e+01 6.658535565879958540e+01 4.622384144850697396e+01 4.719607508468347845e+01 5.901512884890090049e+01 7.918009060655481335e+01 8.240072907613173925e+01 6.244262170877374274e+01 5.092370061466783682e+01 5.935734260370625748e+01 6.761777998634954656e+01 6.011098701511864562e+01
8.845047570523793812e-02 2.008845047570488163e+01 3.652947696859679638e+01 4.652947696859697402e+01 5.614543688415275824e+01 4.782900854751456876e+01 4.842261580310480440e+01 2.921020540049565284e+01 4.840230234433006018e+01 3.076957153653300026e+01 4.131574194506944053e+01 4.473887305310434925e+01 3.830160989153988993e+01 3.385036203506792418e+01 5.379941329801428651e+01 6.578339459805069112e+01 7.177010022639751696e+01 7.877035174103080806e+01 8.698460713114405962e+01 9.841153493287639265e+01 8.788143369535508498e+01 6.783236628188200257e+01 5.616000981707822604e+01 5.384775883669375673e+01 7.402086180263546566e+01 8.303313124775901599e+01 6.288880244938112440e+01 5.351567173383806875e+01 5.253037310667527748e+01 7.276096762619758351e+01 8.747684188798056937e+01 8.232903812421712075e+01 7.081283715263964496e+01 5.935734253182726405e+01 3.938269688069307506e+01 5.042440962913595826e+01 4.764484909336895413e+01
8.023991185656004221e-02 8.245205721133892496e+00 1.824520572113407013e+01 3.238734134486551852e+01 5.238734134486622196e+01 6.241812839920019940e+01 5.730582064917003748e+01 4.333886286466915294e+01 5.730582062753462935e+01 3.783624074400531612e+01 5.777891866287444600e+01 5.823086977762471861e+01 5.823086979710765831e+01 4.279204980458536056e+01 4.033748470848870937e+01 4.588522163144946830e+01 5.191444392686227616e+01 5.897065047699646101e+01 7.042139249100890197e+01 9.017524217172170609e+01 9.617771586083459567e+01 8.460577535262659410e+01 7.630609922718548432e+01 6.153395558898087359e+01 8.160822092281719620e+01 9.133339866527435902e+01 8.134038490435489166e+01 6.121420295897788577e+01 5.820183079840609253e+01 7.247095266833126459e+01 9.254136288663943333e+01 7.407297835700634892e+01 5.411976451208202832e+01 4.259619224897318190e+01 3.362138810853231519e+01 3.038071356240852339e+01 2.756086896533378905e+01
4.598823041778624804e-02 2.004598823041743216e+01 2.913385497661348822e+01 3.413385497785864686e+01 3.413385497785864686e+01 4.948919488699081626e+01 5.843346719118889609e+01 6.314920652572284610e+01 6.592633891890115194e+01 4.782646874359001998e+01 6.602525136948565887e+01 7.807478175541734799e+01 7.092223623537067567e+01 5.431806732480281852e+01 5.445170972321229641e+01 5.662376537622104422e+01 7.177010022639751696e+01 7.877035174103080806e+01 8.698460713114405962e+01 8.406809074025873940e+01 9.231196021518113071e+01 9.542250060373427800e+01 8.990407407331640854e+01 7.314442302777970895e+01 8.990407407331640854e+01 9.552536053903365598e+01 7.546477561453907867e+01 8.134038490435489166e+01 6.460770779869925207e+01 8.470465855859410453e+01 8.228084855564512168e+01 7.230709850429893493e+01 5.861929064713054061e+01 3.865427707824882475e+01 5.362803747459872028e+01 5.042440962913595826e+01 3.384391322798143165e+01
7.340434288523949025e-02 4.545540297884836711e+00 9.133854975296111789e+00 1.413385497529615442e+01 2.120492278716175605e+01 3.014919469716107159e+01 4.429133032089786326e+01 6.429133034536107516e+01 7.597849608981979941e+01 6.773136858215889333e+01 7.597849608981979941e+01 7.598898168984598556e+01 8.237741830425932221e+01 7.416068643846263342e+01 7.429827590128444115e+01 7.646464363172123058e+01 8.468550988419045211e+01 8.453506631177803854e+01 7.630340923718046042e+01 6.427195854849132672e+01 7.924096730688168577e+01 7.560425068716180874e+01 9.542250060373427800e+01 9.316998387039870977e+01 1.014665231350386279e+02 1.038145722721166209e+02 9.552536053903365598e+01 9.179979239897166110e+01 7.173172339292264610e+01 9.179979239897166110e+01 7.402351208883823119e+01 5.407082337543830164e+01 4.410387387118242941e+01 5.277586426756504778e+01 6.687938506107461478e+01 6.054915829315035580e+01 4.055080946163514000e+01
3.515918393995972474e-02 2.003515918393960504e+01 2.913385497661348822e+01 3.413385497785864686e+01 3.046378659405797151e+01 4.948919488699081626e+01 5.843346719118889609e+01 6.371453464131528932e+01 6.371453464131528932e+01 7.238881246850505136e+01 7.014852848154764331e+01 5.605507614019472129e+01 7.014852848154764331e+01 8.643939867017883216e+01 7.819893167721932059e+01 8.643939867017883216e+01 7.790889938429192796e+01 6.967647715755916238e+01 5.642261232833229911e+01 5.271803375262712876e+01 5.943594623566827551e+01 7.344057690626513590e+01 9.324434501438285849e+01 9.871489856657578343e+01 9.287145594296063678e+01 9.287287806935485435e+01 1.012509532486108839e+02 1.000913913257494272e+02 8.333223297031318566e+01 1.000913913257494272e+02 8.228084855564512168e+01 6.255213978618402848e+01 4.845731666644618230e+01 6.839874391677250287e+01 8.098290585454478219e+01 6.882122655812462142e+01 5.055506769080422913e+01
4.608085242692564615e-02 2.004608085242657012e+01 3.585968482834873328e+01 4.585969620773487065e+01 5.046378668062272510e+01 5.874806643254819960e+01 5.764177152279212635e+01 4.289473057707930082e+01 4.289473057707929371e+01 6.371453464131528932e+01 6.118580718089515358e+01 4.180592015407936657e+01 6.118580718089515358e+01 7.649840644283194990e+01 5.832202660746003886e+01 7.649840644283194990e+01 6.637570151158831777e+01 4.965844949361596861e+01 4.470673862772972740e+01 6.482522579015270026e+01 7.923774241082234937e+01 8.746854406197344645e+01 9.546011373160595781e+01 7.882207086776023175e+01 7.300977364194702091e+01 7.300978718654054944e+01 9.287287806935485435e+01 1.116534997401609246e+02 1.033666936944944013e+02 1.021358737655860978e+02 9.076518163193169642e+01 7.323786027671643240e+01 5.328567240015405559e+01 6.738982380852979759e+01 8.735626923146627121e+01 7.881132057342095720e+01 7.054324889549830857e+01
1.610643649003322755e-02 7.575395896674610441e+00 1.757539589667574731e+01 3.757539673883916720e+01 5.193577143390781714e+01 4.797220048291383421e+01 3.939509007535343699e+01 2.863308359876502607e+01 4.899271000451882685e+01 5.489248257600768710e+01 5.291010644238637894e+01 3.275486307399783925e+01 5.291010644238637894e+01 6.826047914233966196e+01 4.822193924552976796e+01 6.826047914233966196e+01 5.811906349713617459e+01 3.784557126694585349e+01 5.811906349713617459e+01 6.245607080694788493e+01 7.070621777500511485e+01 7.943324616408781935e+01 7.566820938672486818e+01 7.880548261751376060e+01 5.901590068545194612e+01 7.256030096984561339e+01 9.244359481429320624e+01 9.831477167457698840e+01 1.065662300266808558e+02 9.389492536970080039e+01 7.392941067259279464e+01 6.394236685944910903e+01 6.738982380852979759e+01 6.738982380852979759e+01 8.735626923165916935e+01 9.063874543940437434e+01 8.241612470220159992e+01
2.022278438842990689e-02 2.002022278438082026e+01 3.585963240162591603e+01 4.585969373203244714e+01 3.157512072074257148e+01 3.157512072704902195e+01 1.945800192080452717e+01 3.939509007535343699e+01 4.925836942641005578e+01 3.545189459437973767e+01 3.865791221931319654e+01 2.648735611291296266e+01 4.653645885658516335e+01 6.158096584340300694e+01 4.134965185718962744e+01 6.158096584340300694e+01 5.406436509159851056e+01 3.375762093245323570e+01 4.853772822801708031e+01 4.228278533239710413e+01 5.082882934668901243e+01 7.075372760956447848e+01 6.163244993829821539e+01 6.527698210104469467e+01 5.263775812788534836e+01 6.678557999493104091e+01 8.700333569097962538e+01 7.854594440909751540e+01 9.512699600518446630e+01 1.021358717864817294e+02 9.216337819047640778e+01 8.391216799563777329e+01 8.735626923146541856e+01 8.735626923166066149e+01 9.560384780478769073e+01 8.241612470221538445e+01 6.242682952475763614e+01
6.642187732006160639e-02 1.746578879187222100e+01 3.339668824668056146e+01 3.023419938448670408e+01 3.157070012797941416e+01 1.199578769721855309e+01 2.862691134319045005e+01 2.925493822101497798e+01 3.045396839016936141e+01 2.167925356181084240e+01 1.886683051003900502e+01 3.865791221931319654e+01 5.482035529399461637e+01 4.794743404155256883e+01 3.512167520792463193e+01 5.574068855540164691e+01 5.409841487672649407e+01 4.578829612317687747e+01 2.824483168620562523e+01 3.049278156129118855e+01 5.080901896586824762e+01 5.072212885483381228e+01 5.906417987433904671e+01 4.515662495654802200e+01 6.527698210163624992e+01 7.127315943837623990e+01 7.636267007598581813e+01 6.719845281688829175e+01 8.110572257197024726e+01 1.008928359121811269e+02 1.085328141562586524e+02 1.002947782715047396e+02 1.002947782715047396e+02 9.151670435409508286e+01 8.324926523738595563e+01 8.364107233144164866e+01 6.828155853108358997e+01
1.591255364720534082e-02 2.001590565872382044e+01 2.680245114099622938e+01 4.259359320921846326e+00 2.445029523167552554e+01 7.435368901975679456e+00 8.592235733448973178e+00 9.802675194800833935e+00 1.100722322365569816e+01 1.220051757183516372e+01 3.166129247258064794e+01 4.175444261751696473e+01 4.043702614836254128e+01 2.601267818797799336e+01 4.794743404155256883e+01 5.170428808317261371e+01 4.338503390596806497e+01 2.553434089413769570e+01 2.919525777448128068e+01 4.949494189634632590e+01 3.384560875915632749e+01 3.626474268461498696e+01 3.877284567554161754e+01 4.192778524656213790e+01 4.668706389330496620e+01 5.154078821108412711e+01 5.661294572325152785e+01 6.548320084230292082e+01 7.682734451632275352e+01 9.658279516173858781e+01 1.002947782715047396e+02 8.028321320157726859e+01 8.028321320157726859e+01 7.995283637113190878e+01 6.319025732021022179e+01 6.847334851396799138e+01 5.541748384058362831e+01
6.189296070378335485e-02 2.005450096002748595e+01 2.683331998930606588e+00 1.426099428513766654e+01 5.844228376658241686e+00 2.457158980947371063e+01 1.228889268385007405e+01 2.900589895215758318e+01 3.045394686491378167e+01 3.166129240193083660e+01 1.391985461358863851e+01 3.345574282826664358e+01 1.708341475781139707e+01 3.772789640791510379e+01 3.938988352078160204e+01 4.102895797645693676e+01 2.318589052297116027e+01 4.338503390633581347e+01 4.949494189662181043e+01 3.472002797108894612e+01 5.417365385223590835e+01 5.658525602727394244e+01 5.906417987433904671e+01 6.214660521397357940e+01 4.816593249824547485e+01 6.818153705702927425e+01 7.636965444256173896e+01 8.457100094874333251e+01 9.339863694483067036e+01 1.048311375961861387e+02 1.002947782715047396e+02 8.028321320157726859e+01 6.606881068172101834e+01 7.166822045884237014e+01 5.171625735858724937e+01 4.859467388316598147e+01 4.560719008022091003e+01
2.247884206357958492e-02 1.116829029322708111e+00 1.214257307992543211e+01 2.520228759333629398e+01 2.500490666806858542e+01 3.259389964961094677e+01 2.167331952176538934e+01 1.789702116531472242e+01 3.655712620407482660e+01 4.175373428723995062e+01 3.345551294663801656e+01 1.562246067016871010e+01 1.916705392994500912e+01 1.847870922612969480e+01 1.954338785656659638e+01 2.095447764080201836e+01 4.102895797645689413e+01 5.170428814279237884e+01 6.329071726976841461e+01 5.501984948533957009e+01 4.064214311600710516e+01 5.463448308700405676e+01 7.322737843625630205e+01 7.262470130674702773e+01 5.275426671161594072e+01 7.262470130674702773e+01 7.429353589031431682e+01 8.567277812214888399e+01 1.055397322750793734e+02 1.138252667954141089e+02 9.387527513345830243e+01 7.970372144569726913e+01 7.668071074810760024e+01 5.663074959104636008e+01 7.166822045884237014e+01 6.260671753015132168e+01 6.544187923562209619e+01
