LEM/with_lateral_4open/elevation_000439.asc
nrows	100
cellsize	150.0
xllcorner	0
ncols	100
yllcorner	0
NODATA_value	-9999
[rows 68 to 84 of 100, columns 37 to 73 of 100]
7.363185069766259971e+01 5.367266600663655396e+01 6.776096566940887556e+01 8.780542076497944493e+01 9.455406192109718688e+01 7.443466577081906621e+01 6.028802429319924983e+01 7.364767507392230073e+01 6.705617859707412265e+01 7.558249423705443348e+01 5.951275558986997538e+01 6.547469662273864799e+01 7.216427700475551887e+01 9.235776353151052831e+01 9.585982907448482138e+01 8.235797441248891460e+01 6.219073121764812839e+01 7.260367084830198792e+01 9.262319403024771702e+01 9.988651774885094881e+01 1.051363074769528936e+02 1.064965639910958686e+02 9.813745152089032331e+01 1.064965639910958686e+02 1.011562250106917986e+02 8.081570320415727338e+01 6.634538770976438116e+01 5.614658023745427329e+01 6.336511257654328944e+01 5.679432093519625369e+01 7.720981814182378855e+01 6.834520330637425900e+01 8.538094135277276564e+01 7.838291731892130088e+01 6.997641234450451009e+01 6.278220155845970396e+01 5.249195177408752500e+01
6.430345321489176058e+01 5.040319428548100689e+01 7.032789474931855978e+01 8.637662834972262260e+01 8.433321014833835250e+01 7.845185351644148852e+01 7.364767507755144038e+01 5.373067497873644527e+01 5.303146635080131688e+01 5.562979893322995650e+01 6.968987149045517526e+01 8.562660135571464082e+01 9.235776353151052831e+01 1.006654553960015193e+02 8.761831323476127409e+01 6.753946123496194787e+01 5.606403151072831292e+01 7.627732180038576359e+01 7.993000380376264502e+01 7.993000092312803417e+01 8.524542842243374707e+01 1.051363074373869892e+02 1.004472375565602533e+02 9.223379216567266781e+01 1.004472375565602533e+02 9.098590881475922743e+01 7.058364492502045096e+01 6.384549587733317821e+01 8.377261631857024327e+01 6.591580914184184792e+01 8.562539677551986017e+01 8.279166284922926877e+01 8.174697800512547019e+01 6.135976024710440413e+01 4.962811368152556923e+01 4.247229246994739071e+01 3.607731129605966203e+01
5.024784847599138971e+01 4.722103101370158384e+01 5.815022668459881316e+01 7.228847045648299741e+01 6.432505524151660836e+01 5.847354380345542069e+01 6.632820319348624594e+01 4.944639207322173036e+01 5.687718195662305476e+01 7.558249423696783253e+01 8.390538867245629717e+01 9.812090529555780449e+01 1.020670103624535443e+02 9.054596368794126704e+01 8.157804083109104454e+01 7.122399922797137606e+01 5.109711094572197254e+01 7.043983470367587074e+01 5.979831649367788060e+01 6.884806761463563873e+01 8.889546986160623021e+01 9.959883856965549853e+01 9.052520064409341671e+01 7.238347922060569317e+01 9.052520064409341671e+01 9.936927800962973834e+01 9.098590881475922743e+01 7.300657709936123752e+01 9.268383062728285893e+01 7.774023425531380838e+01 9.474059414205217422e+01 1.031155536406325695e+02 9.012715846073599835e+01 7.838291731892120140e+01 6.997641234450451009e+01 5.941967607257713979e+01 3.912172422495968505e+01
6.430345482300036508e+01 6.401364345272456546e+01 4.412850399158573822e+01 6.101749966150648419e+01 6.156327639402369556e+01 4.450557334877675686e+01 4.649808938308608930e+01 6.632820319349787042e+01 7.685670978497280714e+01 6.946418341166499033e+01 8.368614667925022843e+01 1.038003748109005642e+02 9.383703573023301203e+01 7.384632470720956121e+01 6.218690157966937448e+01 5.323052544153837573e+01 4.685863192077900408e+01 5.038485847784454563e+01 6.455697479856300447e+01 8.464230560861760466e+01 7.151787603499062129e+01 8.058375201051227066e+01 7.235758668137049199e+01 6.240653766960177506e+01 8.230863569313922312e+01 9.435642345851937307e+01 1.017840742686980207e+02 8.746658653885481272e+01 1.017840742686980207e+02 9.810373735187785371e+01 1.064691075526375101e+02 1.043304290332791453e+02 8.406265834114977054e+01 6.961604941411042091e+01 6.048799488664213442e+01 6.255237380445644391e+01 4.225017107901181390e+01
8.434156154620389145e+01 7.221730395379093181e+01 6.100648755124973377e+01 4.112602010884213399e+01 4.174670246707295718e+01 6.156268225271548289e+01 6.046941589209720291e+01 6.046945583985001349e+01 8.047271701587867199e+01 8.957746770067734587e+01 9.788980231115847630e+01 1.005058451036024820e+02 8.897968945249199635e+01 8.000269322941134931e+01 7.172244275020584325e+01 6.257362598710496826e+01 4.273264337652049960e+01 6.257362557030957362e+01 7.832915843677440648e+01 7.406841555348185580e+01 5.741401727943223676e+01 7.235758668137049199e+01 5.240514025819191346e+01 5.732192378784834119e+01 6.625910004788522656e+01 8.033335653805869470e+01 1.001622705699445532e+02 1.077541224463414125e+02 1.052707629350067435e+02 9.711749773998025148e+01 1.052707629350067435e+02 1.102204189765822093e+02 8.999895093734050988e+01 8.926709169282558776e+01 6.998161614051201695e+01 4.963579705208442050e+01 4.638045105096660592e+01
7.167319646877804473e+01 5.717068865816884937e+01 4.711925053247297512e+01 3.902182115488137981e+01 5.893358185809420746e+01 6.984872032428580724e+01 8.046886937859672173e+01 8.047259954828746231e+01 8.878813315210057056e+01 8.694052968742238363e+01 9.503308749500331487e+01 9.227636609807929347e+01 7.227264514292485842e+01 6.059193531796650944e+01 5.162889795728118258e+01 4.544141094946196802e+01 3.979216659484901442e+01 5.008598914695334514e+01 6.419270463407714544e+01 6.482805071157288523e+01 4.589888426454130865e+01 6.043862072240153793e+01 4.663975227392402445e+01 6.659781152466359799e+01 8.547126964532183990e+01 9.435642345851937307e+01 9.572047917065462741e+01 1.039178916666203349e+02 9.550383665436596914e+01 7.764572371744559121e+01 9.550383665436596914e+01 1.048704073355024349e+02 9.724798728702185713e+01 7.692390019578009230e+01 6.248778946646623922e+01 6.998161613594820096e+01 5.543135018695190297e+01
8.489817945474422345e+01 7.127035629209186141e+01 5.721552393008109050e+01 3.761849304835591568e+01 5.754536953836569069e+01 6.693523040273771585e+01 6.693523040273771585e+01 8.696589112199967531e+01 8.378039613536088837e+01 6.746973568632101603e+01 8.378039613541785968e+01 9.519040347977723115e+01 8.690221976959944072e+01 8.000269322941134931e+01 7.172244275020584325e+01 6.536830596886287026e+01 5.008598914921655876e+01 3.607629318958539244e+01 5.244579587648143360e+01 5.207096694994878305e+01 3.712999534304103122e+01 4.052788126764974663e+01 4.940975384183631292e+01 6.094641974312943944e+01 8.085591240556188097e+01 9.261264827926672183e+01 7.622581394963039259e+01 9.261264827926672183e+01 8.738161072871294266e+01 6.799878792771565372e+01 8.738161072871294266e+01 8.575747752881083841e+01 9.925543079888547027e+01 9.125446306567384624e+01 8.287668748337873126e+01 7.208114449246002664e+01 7.581671390882402761e+01
7.395085150195325241e+01 6.816747215582056185e+01 5.616736935830278554e+01 3.621846056677524928e+01 5.429943190361660044e+01 4.695627870159386674e+01 6.693523039397824448e+01 7.846130155621960967e+01 7.037458979534935111e+01 5.613737130834437039e+01 7.569906152935074317e+01 8.690221976959944072e+01 6.572383614184848000e+01 7.192684109184666852e+01 8.045711981081277031e+01 7.832975400647536901e+01 6.357542589121868559e+01 4.618113078210586764e+01 3.266212135772916980e+01 3.298201700030757166e+01 5.243622458970497746e+01 5.201015676181227576e+01 6.867980404128057614e+01 7.759172627740680639e+01 8.907528910850089687e+01 8.446522895753454918e+01 6.505311360761000117e+01 8.446522895753454918e+01 8.092066979504717494e+01 6.151101721389689914e+01 8.092066979504717494e+01 7.216233726209426891e+01 8.749869645726597867e+01 8.798019263277423363e+01 9.635564684987532758e+01 8.650732033403505739e+01 9.119818779963132727e+01
5.391663776820865195e+01 4.818587752668904045e+01 4.306374999414594384e+01 5.429752126723196426e+01 3.431291386118689246e+01 5.245993785713392299e+01 6.073529523637618155e+01 6.714210186820054105e+01 5.074146691675990439e+01 4.864920569808469253e+01 6.830543759370654300e+01 6.955904904384802023e+01 6.021803862318299139e+01 4.855815553782019833e+01 6.535883548573744406e+01 7.254345463053033427e+01 7.264336084696596174e+01 5.840520269964779487e+01 3.055699808143867102e+01 3.033154717915615350e+01 4.363898663924405952e+01 6.342610562812949837e+01 7.195211473329884200e+01 9.182450354000275183e+01 9.095735854005401677e+01 7.144335604352002633e+01 5.812663670219023970e+01 7.760200975698099057e+01 7.531758572374505434e+01 5.581394520104760204e+01 7.531758572374502592e+01 6.245723562863503275e+01 6.832795460741748172e+01 6.836194546041180331e+01 8.801163770485072746e+01 1.067560607883415429e+02 1.029155929944725187e+02
7.395085150195325241e+01 6.816747215586330810e+01 6.300824648493639302e+01 6.022969629077042697e+01 5.245993651286939041e+01 3.242602642017222792e+01 5.245141765171379689e+01 5.903902566199362667e+01 3.924308102401071352e+01 5.903940101636275983e+01 6.166716307969294064e+01 5.852531356662643702e+01 3.475635339145161140e+01 5.846859565937987924e+01 5.109017908037378675e+01 5.390121017908218448e+01 6.295897217610097840e+01 5.324776887891365362e+01 4.500566273728872346e+01 2.766623839032565968e+01 4.748391618908969036e+01 6.261434584002537918e+01 7.085165466765199938e+01 8.080826177093582885e+01 8.521269700624996801e+01 6.573990827181788177e+01 5.183033014337557631e+01 7.144335604352002633e+01 7.028176739475681245e+01 5.064225500098636701e+01 6.354547021791601225e+01 5.363306769926459339e+01 5.443382031790371656e+01 6.578588412558012521e+01 8.522643529627094949e+01 9.978955149116126222e+01 9.147735364406496217e+01
7.864933108092884595e+01 7.257946163583081045e+01 6.022969640072874853e+01 4.122032077659111593e+01 5.098236649307472845e+01 3.109852489691976629e+01 5.116972307675897724e+01 5.409026651157022769e+01 3.419959685197789412e+01 4.746007838950647084e+01 4.076653059548449676e+01 4.117519221189301248e+01 2.770150033498635267e+01 5.021833870256158150e+01 5.574750176809404678e+01 3.837171256655417295e+01 4.762779119878286593e+01 4.257716824304215208e+01 2.512942813572370326e+01 2.853109656852536702e+01 3.550529717181321132e+01 4.259826178542428465e+01 5.264672416956722145e+01 7.258196836709770139e+01 7.781399664767504021e+01 5.828703410721365685e+01 4.676415961070959781e+01 6.043711200021636643e+01 6.856600067637504026e+01 6.354547021458856193e+01 4.366702865486189467e+01 4.539897797623183351e+01 5.622258304862116063e+01 7.528841003578673963e+01 9.350042092057010734e+01 8.822419145007563657e+01 7.146032069892753213e+01
6.043972274563450497e+01 5.419700912248777058e+01 4.863832713713526346e+01 5.370953505796985183e+01 3.434494286170424715e+01 2.978011788202767818e+01 5.018034902655828233e+01 5.043966164219193615e+01 4.414106196171550067e+01 2.746772039052149594e+01 4.048553261563267114e+01 2.052765292065102898e+01 2.148651922666557823e+01 4.650007323513203517e+01 5.965826337186149431e+01 4.762779119866419109e+01 2.871928902966401154e+01 2.269715805984455415e+01 4.257716824303906122e+01 5.274352615093700791e+01 5.594137576653487542e+01 6.261434626833246142e+01 7.085165466765199938e+01 8.080826177093582885e+01 8.594135030517105633e+01 7.465152299340780928e+01 6.043711200021636643e+01 4.041003150768950292e+01 5.488259926034623959e+01 5.491520934057350445e+01 3.901741254687820515e+01 5.908996580664202014e+01 7.037554672597228489e+01 8.262109383345537594e+01 9.407774137644670986e+01 7.405639881786142098e+01 5.991389461149584150e+01
7.864933108092884595e+01 7.257946163583081045e+01 6.727290468235875665e+01 6.119415240350937069e+01 4.791040998653757299e+01 2.852542763067329901e+01 4.666888699654973749e+01 4.156960545849319288e+01 2.412479377745020415e+01 2.304481415690411339e+01 2.200243002726821828e+01 3.794929523779362768e+01 1.904568009584590982e+01 3.163067445600581351e+01 4.572247586450801293e+01 5.564897076814773413e+01 4.094992347792853593e+01 2.105415838535297723e+01 4.094992347799441745e+01 4.932302135439947222e+01 5.507908940978072110e+01 6.173059803592568784e+01 6.997251631234384206e+01 7.993486662514631291e+01 8.561924696724497608e+01 7.748446704024286191e+01 6.856599895635940811e+01 5.488259925914051252e+01 3.459467052091788020e+01 3.462884448726033781e+01 5.491520935182087015e+01 5.549708032376830857e+01 6.941245060084571605e+01 8.887333843589631499e+01 9.210182971552501385e+01 8.054092520550487677e+01 6.922652624409198552e+01
8.213639282332243852e+01 7.395269781115521823e+01 6.739715951433987584e+01 5.467846314286228449e+01 3.480592081880722333e+01 4.637016432498808172e+01 2.684263377799263850e+01 2.570560680294602207e+01 3.080740608961779259e+01 4.292544407893437608e+01 4.192484730852317654e+01 4.546579511438360299e+01 3.141493653120566165e+01 1.758094727267857493e+01 3.603081750636335556e+01 4.429023669028726573e+01 3.719611050374683714e+01 1.942679465930766725e+01 2.426141730095960369e+01 2.939967583062196610e+01 3.513948476230143569e+01 4.177607215751395131e+01 5.175708491944752865e+01 7.170411115246129441e+01 7.748446704023604070e+01 5.788732207634183169e+01 6.362719289382757637e+01 5.111522541802806785e+01 3.068773950245605775e+01 5.111520925137124038e+01 4.497865077641630194e+01 5.400747311485518765e+01 6.538455118170895730e+01 8.488162738596098222e+01 8.379499959000798981e+01 6.378351270093482128e+01 5.223687601303459616e+01
6.412517421536797713e+01 5.428608292070924080e+01 4.769379796241217662e+01 4.169554083354070428e+01 4.890202614059331410e+01 5.156477549932789373e+01 3.246019556442415421e+01 4.659720395907075385e+01 5.072037058620900041e+01 4.155870786682542928e+01 6.123678411933602916e+01 5.774736394476317258e+01 4.561816584768750005e+01 3.603081750636347635e+01 1.612210808298229736e+01 3.505685051728281820e+01 1.725133885650085119e+01 3.660204687372138466e+01 4.412651831170527572e+01 4.932302135439947932e+01 5.507908940978072110e+01 6.173059803592568784e+01 6.997251631234384206e+01 7.993486652728388719e+01 8.073348138816760411e+01 6.362719294437611239e+01 4.371183325668981468e+01 3.587670217166069619e+01 2.849903519490864312e+01 4.894991623547799264e+01 6.485176708067750440e+01 7.297456549807560577e+01 8.174637715418977280e+01 9.303436732724499336e+01 8.489870384491355537e+01 6.488290659290809970e+01 5.958941426309352352e+01
8.213639282332243852e+01 7.395269781115521823e+01 5.784335447913591821e+01 5.569065638804577389e+01 6.862399345858301558e+01 5.776733158291441583e+01 3.822820029790144503e+01 5.776733158291441583e+01 6.913397531491766301e+01 5.303452999678106039e+01 6.913397531479088798e+01 6.060337716842541766e+01 5.238489621025681942e+01 3.500442864462160486e+01 1.509434499404656371e+01 1.509363358144197242e+01 1.993781127618376559e+01 3.990441066303782236e+01 5.251683597548450422e+01 5.859793945397814241e+01 6.567472773139370190e+01 7.391845635977796292e+01 8.543291044661188494e+01 8.073348138816760411e+01 6.108347452751440443e+01 6.468931797125279104e+01 6.107907340560535658e+01 4.101909310282319154e+01 2.646775999800042456e+01 3.838620350616238852e+01 5.273410835705150390e+01 7.247850770509468532e+01 7.238610320859544345e+01 8.075881738471551330e+01 7.903107376080414781e+01 5.902254386924347074e+01 4.488080069283373064e+01
9.176914348004837052e+01 8.572696902273769126e+01 7.753245901596977774e+01 7.537604246638591121e+01 7.219749875328498945e+01 5.193300949364874697e+01 5.193300944585358536e+01 6.621816865888182235e+01 8.024091314940443453e+01 7.244229713764033818e+01 6.488078741603116839e+01 5.238519754193582401e+01 3.293819734059241711e+01 3.863173378244164269e+01 3.245735295295456524e+01 1.364466026730718795e+01 3.362795508856725490e+01 2.722953861239234286e+01 3.256542842646124569e+01 3.858767614288761649e+01 4.565854781146556718e+01 5.722837326716436479e+01 7.721266249889929156e+01 7.858806870050585758e+01 5.893226691915319293e+01 4.475950330195203719e+01 5.472441063660616578e+01 4.490107709124617230e+01 2.454259622565575683e+01 4.490107709124617230e+01 5.187586862304624447e+01 5.803612119054378837e+01 5.209216401885677072e+01 7.238610320859544345e+01 7.435590646444943275e+01 5.434970492037122369e+01 4.020791095288284112e+01
