LEM/with_lateral_4open/elevation_000483.asc
nrows	100
cellsize	150.0
xllcorner	0
ncols	100
yllcorner	0
NODATA_value	-9999
[rows 51 to 67 of 100, columns 37 to 73 of 100]
4.238288365677171043e+01 6.200787633024820877e+01 7.267777130294214771e+01 8.096243639109721357e+01 8.931316472579119647e+01 1.038651694651108812e+02 9.551595938680800657e+01 8.048904658478487306e+01 7.455124888507624803e+01 8.619166021631330921e+01 1.063277004213582018e+02 1.061317251950883360e+02 1.262724255153835600e+02 1.270403849201588855e+02 1.070601237145161519e+02 9.279327324693632306e+01 8.269334656515474080e+01 7.510060115299249617e+01 8.886671698792187613e+01 8.468130748666963825e+01 6.601678942151416152e+01 5.721468834494479694e+01 5.448632485995767638e+01 5.185150073668523873e+01 6.890409784012439331e+01 7.526903977313875771e+01 6.949995272005961056e+01 8.937375802160296701e+01 8.060708386475896248e+01 6.067998836260532869e+01 8.060708386475896248e+01 8.523895454595938759e+01 6.523732591482978194e+01 7.258881386851847139e+01 5.371566280403497018e+01 5.788203886162477829e+01 7.779577648384395161e+01
4.722144142828103242e+01 4.452744392689083952e+01 6.434158536504213544e+01 6.083262476427105980e+01 8.096255910441507808e+01 9.223171363564379988e+01 7.536935026504302471e+01 6.885182181111349564e+01 8.900261603939060251e+01 1.030500289135290188e+02 1.146805828937494027e+02 1.262724255153835600e+02 1.238175672823772686e+02 1.156396622558584966e+02 1.181210995504201691e+02 1.111243069042175478e+02 1.028527399893534238e+02 8.933970937651308475e+01 1.002451838970572737e+02 8.014412823971784405e+01 8.534907128912668384e+01 7.705791983414600566e+01 7.426543512370618316e+01 6.894730109269909235e+01 4.918565873647108333e+01 5.642260089272797785e+01 7.532085552490042346e+01 8.953377148496151960e+01 7.485462688859108482e+01 5.500932955057439955e+01 7.485462688859108482e+01 8.674030032388610323e+01 6.672707625096587947e+01 5.273689819309954885e+01 4.804150303159168089e+01 6.199289241669062989e+01 8.194292711052980849e+01
6.715459423324797683e+01 6.434318365205953683e+01 4.677202377849469883e+01 6.083262074739022296e+01 8.096218185471667539e+01 8.388430351459989254e+01 6.372925714206071035e+01 8.388430918709886441e+01 9.735027290783847320e+01 1.047610374340274291e+02 1.131130446201545254e+02 1.238175672823753928e+02 1.122896387034594170e+02 9.558002447278103375e+01 9.811141732989365494e+01 9.811141732989365494e+01 1.063664053978280890e+02 1.094613636946046284e+02 1.085193701333604395e+02 1.002451838970572737e+02 8.994413585720386095e+01 8.162822614440329971e+01 8.122323158087047545e+01 6.129906338546973643e+01 4.736243812519961693e+01 6.453698273633648341e+01 7.296773350709356976e+01 8.123399208099289126e+01 6.130952067137707928e+01 4.994030646520089789e+01 6.973059314921289342e+01 8.507112556756861466e+01 8.090049989254393381e+01 6.371076728175238912e+01 4.392662516788730187e+01 5.787882948906514002e+01 7.778104192882553036e+01
8.370946640472162414e+01 6.846557711652806688e+01 4.843184871321894747e+01 6.846557724027674396e+01 7.351935123992323895e+01 7.610548746608006354e+01 6.044878572874064560e+01 8.061472797852123051e+01 9.051976737778501558e+01 8.462084017507156375e+01 1.047610374340274291e+02 1.156396622558584966e+02 9.558002447278103375e+01 8.391745214271976749e+01 9.398783856233607992e+01 7.797815746958367811e+01 9.479262158654323400e+01 1.030555808188502596e+02 1.078183459273224543e+02 9.583158792973175366e+01 7.574836155455717801e+01 6.168570259994595517e+01 6.901291309328254897e+01 7.029042279580966124e+01 6.207970544028776061e+01 4.479656143714687033e+01 6.462619948818212379e+01 7.937438604684216159e+01 5.947776519131285511e+01 4.553617526327747811e+01 5.690624294337855105e+01 7.677874483215758517e+01 7.451846887836704525e+01 5.463507755252542353e+01 4.066901103348745750e+01 5.463496849909155628e+01 7.450570429110710791e+01
8.768901462367514910e+01 7.148378649158767928e+01 5.011953839708809255e+01 5.120407079950766160e+01 5.328997561989646670e+01 5.590713085424060580e+01 6.056616563826256794e+01 6.532841854409967652e+01 7.036880484762578192e+01 8.462084017507156375e+01 1.047610374340274291e+02 1.197070060253195436e+02 1.082057722820954098e+02 8.809857758668998429e+01 7.386589258597716423e+01 6.904016310086781516e+01 7.469628882853413643e+01 9.147799441513623719e+01 8.779085785430798694e+01 8.779085786076065290e+01 8.311886786251159265e+01 6.317003531764643753e+01 4.917844128433920758e+01 5.966239964592492839e+01 4.226149270073393893e+01 6.210441681369150047e+01 7.290934948839893082e+01 7.547233766234592167e+01 5.561106385692643528e+01 4.165487473907134586e+01 5.623554137781320605e+01 6.447983193562662052e+01 7.363953171745212956e+01 5.740535930908941964e+01 3.760524741565837559e+01 5.322631566917135615e+01 6.147024380680460354e+01
7.079071609062854975e+01 5.856124511568675928e+01 5.499041220036806976e+01 7.139873646811373931e+01 7.351935123992323895e+01 5.883165225725791458e+01 7.901148626946761055e+01 8.548202656465387861e+01 9.051976737778501558e+01 8.114396826571810095e+01 9.122152726565718694e+01 1.113510579813960533e+02 1.082057722820954098e+02 8.809857758668998429e+01 9.398783856233607992e+01 8.319000031734844924e+01 6.321491352819387544e+01 8.319000029551338571e+01 8.606007741900758390e+01 6.778076310524917858e+01 7.293820072185322090e+01 6.457492934483710201e+01 5.966247621673132784e+01 3.976061631805610830e+01 5.730881636803364643e+01 6.556817750294537461e+01 6.840949204774233294e+01 7.170960995543642014e+01 6.344643180907980451e+01 5.623554137781320605e+01 3.643230019577652712e+01 4.555523499256697306e+01 5.959732724753528288e+01 6.567064352355416190e+01 5.323028527006626121e+01 3.342171219305330254e+01 4.926327888400004440e+01
6.922002363966537075e+01 7.933584852020518952e+01 6.021702891594654261e+01 8.065838910854064636e+01 8.735806372737781089e+01 6.893503543137259726e+01 6.522884502579040600e+01 8.538562592047543376e+01 1.006425750974634070e+02 1.012862926235266485e+02 1.096358684271674662e+02 1.197070060253200694e+02 1.164185343060409394e+02 1.082057722820954098e+02 9.372971871505471597e+01 7.366676078164391583e+01 5.964031283349478230e+01 7.464359008012969809e+01 7.212838721264968456e+01 5.791916575810136436e+01 6.455707848409551275e+01 4.475010264821207073e+01 6.180904244889372023e+01 5.730665232980282298e+01 3.737714306510986972e+01 5.556736488507768001e+01 4.851939578242787121e+01 5.317499568601285631e+01 4.364692887465361082e+01 5.092903597472047750e+01 5.135840456893719619e+01 3.150435282915594470e+01 4.680688202665253073e+01 5.386978141848133106e+01 6.081578310362369422e+01 4.926327888400004440e+01 2.942406784888551741e+01
8.945167340074483775e+01 8.541942260275985177e+01 6.522006818744823420e+01 8.541942260275985177e+01 9.743395247714830987e+01 8.318896323621264344e+01 8.538562592047543376e+01 7.214722297429901232e+01 9.229691236288095979e+01 1.096510494521694170e+02 1.197203883454689333e+02 1.198961202375905089e+02 1.117093195998708239e+02 9.757745438683740247e+01 8.930270305213458926e+01 7.855685406274886873e+01 5.865965792861346273e+01 5.483712962237172661e+01 5.235685425767400147e+01 4.991913989771126836e+01 4.758178000682381281e+01 6.178054844291177972e+01 4.194860438865456587e+01 4.003611702121597204e+01 5.556736488633910653e+01 3.562632007767324893e+01 3.439741699782921103e+01 3.328068019471280792e+01 3.217263988298426369e+01 3.106853849808289780e+01 4.937776986645418731e+01 4.676209630197516987e+01 2.691509842544766684e+01 2.765550302218296252e+01 5.266986299836412400e+01 5.750921998367911669e+01 4.544049925744525353e+01
9.965344480677700290e+01 7.952349755873609638e+01 7.198885071348753684e+01 8.541942260275986598e+01 1.055457364753167013e+02 1.033293598368194068e+02 1.006425712621855979e+02 8.378582408871531584e+01 8.116375367838608668e+01 9.123999709139864933e+01 1.113676567966594604e+02 1.117093195998708239e+02 9.164240523631198698e+01 8.930270305213458926e+01 6.923667463204721173e+01 6.444407549499170784e+01 7.846831935141520376e+01 7.464357725306339830e+01 7.212837405693369419e+01 5.304269493485082165e+01 6.734804299667374039e+01 5.815788716525372593e+01 5.598843228351505985e+01 5.411261288071973752e+01 6.106448523574806586e+01 3.805268054956076185e+01 5.434505867070394913e+01 4.029560374418407065e+01 5.187874258728816557e+01 4.927318296755866811e+01 2.950885328131974106e+01 2.842478821219890150e+01 4.537882365638965609e+01 2.549523898355137774e+01 4.396273592998329605e+01 4.302392349554155260e+01 4.210474000308216347e+01
1.079913052426111193e+02 9.965344480677700290e+01 9.213470854739597371e+01 8.276888877044716253e+01 9.700265628582553745e+01 1.171025341407045346e+02 1.122720016626968658e+02 1.039232750811228385e+02 9.279654722010363344e+01 1.096510494521694170e+02 1.197203883454689333e+02 1.091222463769789215e+02 8.902633819050581110e+01 7.739200620057040680e+01 8.926462576235985580e+01 7.438759649509793803e+01 9.234324849822691306e+01 7.883990542617978292e+01 5.894567943470183025e+01 7.284003938820170276e+01 7.284003734212159031e+01 7.218312694460024659e+01 7.585624128018447720e+01 7.400166378274929002e+01 6.992696164936448611e+01 5.857863733475214474e+01 4.149088880036672577e+01 5.689367091404309207e+01 5.344794041057713940e+01 5.765972717416148186e+01 4.102398152420829547e+01 4.835608335819189563e+01 5.362590217372205359e+01 4.396273592998194601e+01 2.406694544638248701e+01 2.312375283680615823e+01 2.218395353072304843e+01
1.104897155973351488e+02 1.144065226248211786e+02 1.112266357855909575e+02 9.700265628582553745e+01 1.112266357855909575e+02 1.090789489551767417e+02 1.064775683945574656e+02 1.147906191508401292e+02 1.129249871589797181e+02 1.212789352448221933e+02 1.290714167089344926e+02 1.173201720343777339e+02 1.057692627369511627e+02 8.902633819050581110e+01 9.443547639580033604e+01 9.445002664379744317e+01 9.964766795835609514e+01 8.330798961761945520e+01 6.333168880120528144e+01 8.330798961761945520e+01 9.284158489232206080e+01 9.214592389655517479e+01 8.235025987652713297e+01 7.408697580084876222e+01 6.394175035716508404e+01 4.497420173016707423e+01 5.424702857394649413e+01 6.812507937296948057e+01 6.639109524584075928e+01 6.945903133245968775e+01 6.096315346666094825e+01 6.006814456013077574e+01 4.781141530786096894e+01 2.795037104779822457e+01 4.393400283303034826e+01 4.302140890715061516e+01 4.073227938393622338e+01
1.085525777026472127e+02 9.439155335417765968e+01 1.085525777026472127e+02 1.171025341407045346e+02 1.032311190026060359e+02 8.906861850857055174e+01 8.647574210604008726e+01 1.032311190026060359e+02 1.147906191508401292e+02 1.231962609504508919e+02 1.089980319525482599e+02 1.231962609501096892e+02 1.173201720347807253e+02 1.091222463769789357e+02 1.142838630437186680e+02 1.114340257472099154e+02 9.151559208347808294e+01 7.142068924999291823e+01 7.325864752667040136e+01 9.161052590720173328e+01 1.022981021667873733e+02 9.230848642053327069e+01 7.408697580084893275e+01 5.435033159982443607e+01 4.892659601924057711e+01 5.565148394068575044e+01 7.210505306459961616e+01 8.200313017199253807e+01 8.587618650705064738e+01 7.794637317136709953e+01 6.441557751047186287e+01 5.175708270014344237e+01 3.198424816811381532e+01 4.781141529995176853e+01 5.601020111034308258e+01 4.332072473625654396e+01 2.341836668216757644e+01
9.961153500418375017e+01 8.027851811868451648e+01 9.961153500418375017e+01 1.044076756294658139e+02 9.324129269038624557e+01 7.497562328962023059e+01 7.497562328962023059e+01 8.647574210604008726e+01 1.064775683945574656e+02 1.142245328159056470e+02 9.482516549752058665e+01 1.142245328152484092e+02 1.163623653210934350e+02 1.246812807260155438e+02 1.173703953397063913e+02 9.726269793765436589e+01 8.299707256182786352e+01 8.299707256182786352e+01 9.335733170856859431e+01 9.335733170856862273e+01 9.401995261973563345e+01 7.404318260218055059e+01 6.414238417218675181e+01 7.231876313885204866e+01 5.255647516655864848e+01 7.228322722979247317e+01 7.233867137666470626e+01 8.997375379931509087e+01 7.882467790666468943e+01 6.891186181775651676e+01 5.029226455365674298e+01 3.637444311713071698e+01 4.189437587731643475e+01 6.006814265021078825e+01 6.333329653034864748e+01 4.479266692549026629e+01 2.524401968917158356e+01
9.132058354523184107e+01 7.136488220421956896e+01 9.132058354523184107e+01 9.610636193640124247e+01 7.614530278213344161e+01 6.502862062666554266e+01 8.495256594610903278e+01 9.710250346585964110e+01 1.054047749644849858e+02 1.059097627075843207e+02 8.589510687376382236e+01 1.059097627075843207e+02 9.631402977188558623e+01 1.089405158490117316e+02 1.172554594845850886e+02 1.114340257472099154e+02 1.031521061526780869e+02 1.031521061526854055e+02 1.114340257573457080e+02 1.134355068175566572e+02 1.022981321099032215e+02 9.230848642053327069e+01 8.403156751519068735e+01 7.670406613261822315e+01 5.698080304070993662e+01 6.092139447231824789e+01 8.351129187111443741e+01 8.463839991479828484e+01 6.480785143605785947e+01 5.113155030801354428e+01 4.138592602789727692e+01 4.442954228716934750e+01 6.171606208110794256e+01 6.171606208065762189e+01 5.616288202583790934e+01 3.700079333908645651e+01 2.709334819827487095e+01
8.501003669086431103e+01 6.504986899210179274e+01 8.501003669086431103e+01 9.526198063977420816e+01 7.980822538524553522e+01 5.989485622117197750e+01 7.980822538524553522e+01 7.713633149805508538e+01 9.710250346585964110e+01 9.958057280565942904e+01 7.960105094095980860e+01 9.142396716011037938e+01 8.478233269730867505e+01 8.892144209744087391e+01 1.089405158490497456e+02 1.114112457143335888e+02 1.030916172876472956e+02 1.046620796972268010e+02 1.129817906883403964e+02 1.198698220091627746e+02 1.083535776162915596e+02 1.000993878758903577e+02 8.418111382836009682e+01 6.439870508445881114e+01 6.825998252081272710e+01 8.138754013100646034e+01 8.943233511719066087e+01 8.188481631408252781e+01 6.685631423806945861e+01 4.703735025144586501e+01 6.117251250000875018e+01 5.427990750436535450e+01 7.257281450162463443e+01 8.169945966839911478e+01 6.431016092325803868e+01 5.465037558126344663e+01 4.696907773264819497e+01
7.241088347139923087e+01 5.949633928966522234e+01 7.947408222126829003e+01 8.697077814933484774e+01 6.703832676810205271e+01 5.556534641566160104e+01 6.306396979116876622e+01 8.298428787308827737e+01 8.607660694862285311e+01 9.436610316387468345e+01 9.142396716011037938e+01 7.148291568950871522e+01 7.482791686518672236e+01 9.478489304618702249e+01 1.039810720934413268e+02 9.566406051253515841e+01 8.302805626505472958e+01 8.459444392857309936e+01 1.013927049028605296e+02 1.116265773758568542e+02 9.166089949344039667e+01 8.018815068877444219e+01 7.320657473851268549e+01 7.835718949494228980e+01 8.174786905836148776e+01 9.294344119192315645e+01 7.400765758764549673e+01 6.305895045377234709e+01 5.351292752895955118e+01 5.836761269758683568e+01 7.522575641230608312e+01 6.834242755962144145e+01 8.257753755001996865e+01 8.338273243287375180e+01 6.343369680767866470e+01 6.283544372609465967e+01 5.159472130487871766e+01
5.240427914208943605e+01 7.241088347139923087e+01 8.775598873004153688e+01 8.557502870556130858e+01 6.564629627880411533e+01 5.160056200927939329e+01 6.873573485585831122e+01 7.160547153975839763e+01 6.614800713213301719e+01 7.771828176171921143e+01 8.103763641177128818e+01 6.634611470144992040e+01 8.627520980999554467e+01 1.030884506807929171e+02 9.566406051253515841e+01 7.562511811187384581e+01 7.148086197609093517e+01 7.304343196982115671e+01 9.242787765504385789e+01 1.040049234393538029e+02 1.083535776162915596e+02 1.000993878758903577e+02 9.305970245747867864e+01 9.824131094032959766e+01 1.002046735605570973e+02 1.018605308484876701e+02 8.427617017912589858e+01 6.402277191686161473e+01 6.227416499932524374e+01 7.845209618751285063e+01 8.685615517756356496e+01 8.845760260674906306e+01 9.153370653994554118e+01 7.750823349061096224e+01 5.760383283133361942e+01 4.364006186468287751e+01 3.476824506656974023e+01
