LEM/with_lateral_4open/elevation_000235.asc
nrows	100
cellsize	150.0
xllcorner	0
ncols	100
yllcorner	0
NODATA_value	-9999
[rows 0 to 16 of 100, columns 0 to 36 of 100]
8.271705653423140625e-02 2.127631151761726416e-02 9.425194436011796739e-02 4.939197167322698090e-02 3.975871534419905817e-02 6.171646774684565184e-02 1.696294146011132625e-02 1.936121709489252440e-02 4.216450047424835645e-02 2.297044857093000214e-02 6.704298068806634203e-02 4.162315340452049650e-02 3.835349583220235004e-02 2.777463300387698203e-02 2.207885817162396139e-02 7.161913568127860341e-02 9.025521335945362045e-02 3.502399586135773735e-02 8.040414306008919487e-02 3.131346976591601466e-02 7.604099264847130613e-02 2.387740603804927586e-02 5.687112022313325910e-02 4.074439634684711570e-02 8.709178300582484655e-02 7.612946965408906586e-02 1.077918208624280109e-02 9.929772718869623455e-03 4.600412614040166881e-02 2.152795518990661267e-02 2.378824418737431057e-02 9.511189423522797837e-02 9.406546861214974686e-02 1.749038473908382007e-03 2.223905489293687143e-03 6.269637160239108220e-02 9.476101746191394060e-02
7.813061968023242432e-02 2.002127631151726206e+01 2.009425194435976181e+01 1.419152759540430253e+01 1.003975871534428599e+01 2.006171646774648920e+01 2.001696294145975585e+01 4.283375544207119745e+00 2.004216450047389131e+01 1.002297044857084352e+01 2.006704298068770953e+01 2.004162179668701782e+01 2.003835349583184566e+01 2.079731337174189232e+00 2.002207885817126964e+01 1.421375475941235322e+01 2.009025521335909659e+01 2.003502399586100324e+01 6.747070809726726459e+00 2.003131346976556060e+01 6.742707659315108515e+00 2.002387740603769473e+01 2.005687011589875013e+01 1.069433396296271876e+00 1.271369325829277663e+01 6.928507705879387579e+00 2.001077859921914737e+01 2.000992977271851458e+01 1.004600412614048821e+01 1.416366357893711836e+01 2.002378824418702052e+01 2.009511189423487210e+01 3.109178914389779891e+00 2.000174903791416625e+01 1.414435952922036854e+01 2.006269637160203700e+01 2.981512363410048660e+00
2.526786264046545702e-02 1.416740348637129010e+01 3.416740348637058133e+01 3.419152759540500597e+01 2.418189433907548747e+01 3.832402996280517726e+01 2.864773334892664991e+01 8.647733348927005181e+00 2.864773334892736045e+01 2.416510607230154406e+01 3.830724169307117677e+01 2.550970498484610616e+01 5.509703040024351850e+00 6.002054039937853247e+00 2.600205351088598249e+01 3.421375475941305666e+01 3.743752048622280171e+01 1.743752048622351225e+01 2.674707080972708084e+01 3.381377547101577363e+01 1.381377547118052185e+01 3.381377547101577363e+01 2.229235942604278264e+01 2.099485807475880428e+00 2.170529224402913471e+01 1.382653217657698264e+01 3.234358978423747288e+01 3.833026574853931834e+01 2.418813975019097740e+01 3.416366366357299711e+01 2.763828695220848530e+01 7.638287050968143532e+00 1.465618429818216484e+01 3.139344458435630614e+01 3.414435953021684611e+01 2.589881219336830753e+01 5.898812193367952261e+00
4.163169627051844027e-03 1.414629879335787699e+01 3.414629879335716822e+01 4.297346774444869055e+01 4.418189433907619446e+01 4.497766496748052845e+01 2.497766496748123899e+01 1.381171114387027288e+01 3.381171114387097987e+01 4.416510607229469798e+01 4.211366794101898847e+01 2.211366848297309318e+01 7.971532859610996447e+00 1.008453694457644900e+01 3.008453627983233503e+01 4.454087685079201009e+01 4.572179173368440530e+01 2.898452587001582259e+01 4.572179173368440530e+01 4.209804653255031326e+01 2.536078085497283396e+01 4.209804653255031326e+01 2.333609988774784227e+01 3.133661268198262295e+00 2.333594775197251536e+01 3.237684561896506352e+01 2.670915683709783295e+01 4.605986214713671956e+01 4.418814032783627965e+01 3.248899954865787976e+01 1.248899955169476250e+01 1.918529243476045565e+01 3.465618415730224910e+01 4.294044292577458322e+01 4.303018080935317613e+01 2.305532511071358570e+01 8.913925639145615420e+00
5.883922493566802470e-02 7.129907036801173881e+00 1.468919649698578489e+01 2.623620188077850557e+01 4.623620188077921256e+01 5.326193621494213204e+01 3.381171114386956589e+01 2.137100060405495228e+01 2.795384676760147258e+01 4.795384676760217957e+01 4.463379697441698823e+01 2.463343397134102020e+01 1.049129601300582415e+01 3.008453627983233503e+01 1.625667094306001914e+01 3.625666998159961452e+01 5.140079932638516880e+01 4.898452587001511205e+01 5.726879711747671564e+01 5.364505140025853791e+01 4.536078085338896670e+01 3.958483595859519966e+01 2.411837857376779226e+01 4.172010222454220596e+00 1.319825015854161698e+01 3.343623281260059343e+01 4.605986215687159557e+01 5.429851699005483567e+01 5.585580622822877928e+01 3.602453345154859221e+01 1.602453345762743808e+01 3.602453345404425988e+01 3.918529243000273965e+01 5.918529235293593871e+01 4.364370295494755680e+01 2.366311272192259807e+01 1.211648871524738524e+01
1.256007409845548775e-02 2.001256007409810067e+01 3.468919649698649010e+01 4.297346774444869055e+01 5.452047312824140590e+01 6.209598239133045894e+01 4.965527185151584888e+01 3.031527251405426782e+01 4.795384676760217957e+01 5.623811801506437291e+01 4.721442451012998021e+01 2.721541549256457415e+01 1.307328491047745800e+01 3.307328757048702528e+01 3.625666998159961452e+01 2.311661434876025467e+01 4.311661288534999414e+01 5.924541160874078116e+01 7.079233462369161600e+01 5.877455972689788410e+01 4.911878519490781514e+01 3.176297409263029792e+01 1.129362520653496560e+01 5.220299416137500259e+00 2.544579150859564365e+01 2.974340082836157251e+01 4.399602991834231602e+01 6.404232082623821043e+01 4.757153883039366349e+01 2.757153884141975198e+01 3.602453345404425988e+01 2.205476034918260453e+01 3.360176573297471236e+01 5.360176572085518387e+01 5.181177153279129044e+01 3.558040476662316820e+01 1.559804183436143177e+01
9.594114293757748102e-02 1.009594114293766509e+01 2.423807676666886834e+01 4.423807676666957178e+01 6.389594928102281557e+01 7.217634880886579651e+01 5.859954376151716815e+01 4.445740813778571976e+01 5.859954376151716815e+01 6.184849734982827840e+01 4.201754269703731381e+01 2.201755682044970541e+01 3.307328757048702528e+01 1.728965512403537019e+01 3.728965849462852589e+01 4.311661288534945413e+01 3.096125975428747523e+01 4.250826513786260108e+01 6.250825944133104883e+01 5.080112537976035014e+01 3.146390547028127571e+01 2.143695281073243919e+01 2.577887519823696039e+01 6.287842527580809637e+00 2.652552051671680999e+01 3.639711864305824207e+01 4.412305855062023596e+01 5.240615132186974989e+01 5.585580747532895884e+01 4.171367446513426103e+01 4.676880555036666465e+01 2.676880555709283982e+01 4.676880555039722509e+01 6.188603605673619512e+01 5.555690195941406273e+01 3.559197049005511104e+01 3.553803935189215224e+01
7.711341127313005306e-02 2.007711341127277649e+01 3.838021239039856169e+01 4.975426789641088021e+01 4.389659167214539792e+01 6.389594928102281557e+01 6.365220949519077465e+01 6.445740813778714084e+01 6.770658958706624730e+01 4.770669608472102396e+01 3.356456218254853496e+01 3.615969210657509336e+01 4.557390002273130136e+01 3.728965466974581489e+01 2.170691616702930915e+01 4.170692147461890897e+01 5.096125734643255356e+01 4.165170943074232213e+01 6.165170425781650465e+01 5.877456039927351128e+01 4.911878544762233645e+01 4.112163476967835862e+01 3.370224407673224931e+01 2.139082348890012142e+01 7.808757001432237388e+00 2.806544031355540625e+01 2.381225138524690266e+01 4.400234076505346792e+01 5.584621517960216153e+01 6.171367443780335549e+01 5.254230823957600904e+01 3.254230824898889551e+01 4.309873717547595362e+01 6.309873713992244859e+01 5.923155312037533804e+01 3.937958419767488749e+01 2.789134228563000306e+01
2.297228869525369793e-03 1.414443285260060001e+01 3.414443285260130523e+01 2.975446406509067643e+01 3.820737577065847290e+01 4.649038956850404958e+01 4.365220058580056417e+01 5.779436801162351856e+01 6.779438545106415859e+01 6.184849734982827840e+01 5.356452926854915830e+01 5.615964568972341198e+01 5.742386743552380324e+01 4.490948395433289875e+01 2.490947924313110562e+01 3.905161501216782227e+01 5.905163221457581813e+01 5.165170943027319339e+01 6.993578870302732753e+01 7.217461109316509749e+01 6.069373106587624278e+01 5.174863743651451387e+01 4.288523235973222825e+01 3.505640221713622395e+01 2.806544364103940836e+01 9.342009285433499954e+00 2.663627693111937944e+01 2.998948402589606843e+01 3.831088562176798717e+01 5.864995438439801489e+01 5.886686355555930561e+01 3.886686356932543163e+01 5.886686355555930561e+01 7.138300687775010545e+01 6.738173603505605058e+01 5.327639837362133335e+01 3.341247178671069662e+01
9.647730019007895452e-02 2.009647730018972211e+01 2.610090919235861406e+01 2.926318685252696739e+01 1.820745876245342743e+01 3.820737577065847290e+01 2.951006487571653025e+01 3.951006487741510398e+01 5.365220079017462496e+01 7.365221820020693144e+01 7.156603322476574647e+01 5.156599369528425569e+01 3.742385759451717320e+01 3.035278978264937422e+01 3.385375115322768380e+01 4.123941162570325503e+01 6.123943571104553740e+01 6.579384489995217677e+01 7.993568370695969350e+01 6.392968619169467104e+01 4.405231322819685147e+01 3.240686131363128908e+01 2.319691374073275725e+01 1.587989387852486445e+01 1.312847945315732190e+01 2.961856184114292745e+01 1.104748804508699145e+01 1.822728827944603225e+01 3.421885921811674791e+01 5.864907684476604999e+01 6.715113374174956107e+01 5.300899919303295604e+01 5.300899919303295604e+01 7.300899914612081432e+01 6.950737798132762180e+01 4.962856894912857086e+01 4.090208617840416849e+01
3.582433992925927735e-02 3.050937785706889560e+00 6.100909192358970223e+00 9.263186852527322657e+00 1.318550955529103774e+01 1.951006487562790781e+01 3.951006622364305798e+01 5.372705393782987926e+01 6.201138440156834974e+01 7.201141975078138557e+01 7.156603322476574647e+01 5.156599369528425569e+01 5.506684441425647236e+01 3.506683499055985465e+01 5.385376053055726686e+01 5.018368446083449896e+01 6.952379046327413903e+01 8.579381010695088605e+01 7.488290924377079705e+01 5.491594893688450441e+01 5.319388901485128684e+01 4.042333000379340291e+01 2.021930908068627986e+01 3.616408591272289641e+01 3.342539491296900422e+01 3.258724403283220283e+01 1.228184799903047697e+01 3.258725078100072636e+01 3.440827338456038831e+01 4.859025799806070012e+01 6.914281622049570331e+01 7.300899914601259866e+01 7.300899914611828478e+01 8.129326833035044331e+01 7.764778926812971349e+01 6.897320765860952463e+01 5.237841099885906715e+01
1.813270376062421294e-02 2.001813270376026921e+01 2.610090919235861406e+01 2.340532247625802142e+01 2.732764520078853110e+01 2.103015496081853897e+01 2.706038185237426319e+01 3.372704851904416046e+01 4.372704852064650538e+01 6.372705935501323182e+01 7.985051558312920861e+01 7.156603322476574647e+01 6.006684755548860721e+01 4.006683499056002518e+01 6.006684755548860721e+01 7.018372635804973925e+01 7.846811171013727915e+01 7.640591073807246403e+01 6.642500559834130058e+01 5.491594893688450441e+01 3.492168621560098529e+01 2.481365370642396684e+01 4.042333000379340291e+01 4.042333000379341001e+01 4.806611495154285052e+01 2.794414509939406344e+01 1.352878670187978116e+01 3.136730620698907046e+01 4.298716133887835156e+01 4.045417273638445721e+01 5.597337582718036941e+01 7.732694083595663415e+01 7.802097705439211950e+01 7.802097705439211950e+01 8.626316744116221003e+01 8.042192383088587349e+01 7.229308481200240522e+01
2.372884694381488524e-02 1.002372884694372779e+01 3.002372884694337074e+01 4.340532247625731088e+01 4.732765036246397017e+01 4.103015748412811803e+01 4.706038546490127317e+01 5.372705393782987926e+01 6.201138440156834974e+01 7.201141975078138557e+01 8.685818766333912322e+01 6.685808515224145765e+01 5.271594578469088077e+01 6.006684755548860721e+01 5.075728468427724493e+01 7.075731164091409653e+01 8.225453355823046309e+01 6.228701125174964659e+01 4.817564791133841595e+01 3.818808213515789873e+01 2.998314960320855249e+01 3.906510314544878781e+01 5.319388901485128684e+01 6.043274687434561088e+01 5.134950680470519302e+01 3.280405631175285919e+01 2.990889926910296026e+01 1.533157921849532279e+01 2.271117360476398517e+01 3.805334366302135862e+01 5.989182801567287839e+01 7.050680729288492898e+01 5.814036086908377854e+01 5.814036086908377854e+01 7.802097705439211950e+01 8.966218915426850344e+01 7.635531841163921740e+01
8.175220331382776484e-02 2.008175220331347077e+01 3.002372884694337074e+01 5.002372884694266020e+01 4.782997926612051742e+01 4.923484902618210413e+01 5.751912027364430458e+01 5.394889423409270535e+01 5.027882585264710258e+01 6.442096147637904835e+01 8.442096147638046943e+01 8.100038073950267403e+01 7.271597955331577623e+01 7.904170163311871988e+01 6.230429049434980016e+01 7.904170163311871988e+01 8.335908035082721312e+01 7.183474308171962264e+01 5.602478670299111485e+01 3.605425058148482975e+01 5.000383905910581461e+01 5.827370791706346154e+01 6.732267488425384272e+01 6.531438481875322566e+01 5.484310739390087974e+01 4.565979367111131637e+01 3.648211858263817930e+01 1.663793168742642692e+01 3.694436135788011200e+01 5.333332607696600292e+01 6.388200283512630762e+01 5.064671003192195542e+01 4.412102391565974813e+01 5.161545392509584218e+01 6.151448850611637198e+01 8.141770351423448915e+01 7.635531841163921740e+01
9.124702163186203252e-02 2.009124702163150644e+01 2.655480680657383985e+01 3.003635992568782953e+01 2.782997926611981399e+01 2.923484902618140069e+01 4.240188885029978394e+01 3.394889423409200191e+01 5.394889423409270535e+01 5.662784497715138343e+01 7.662784497715280452e+01 8.176550229244476498e+01 7.346244988994138225e+01 8.176550229244476498e+01 8.230435326584799327e+01 9.058880724190420608e+01 7.509252397370914878e+01 5.513033441777426447e+01 4.361160580264787967e+01 5.602478670299111485e+01 4.868905484049177090e+01 6.862134095836482572e+01 7.128908751101768360e+01 5.109838017447724212e+01 3.693788629921183286e+01 2.686906443102865438e+01 1.851439002440427117e+01 3.691157960067066313e+01 4.389789379067730835e+01 4.684069747571100351e+01 4.402506735598766596e+01 3.660017936094044444e+01 5.646359878414481415e+01 7.146609601017547675e+01 7.971047415270979286e+01 8.966218915426850344e+01 8.478940713057052392e+01
2.239863785106879432e-02 3.266827060466325872e+00 6.554806806573485467e+00 1.003635992568747248e+01 1.368784364238861073e+01 1.768784364238868179e+01 2.240188885029908050e+01 2.906855551696586559e+01 3.662784497715067289e+01 5.076998060088212128e+01 7.076998060088354237e+01 7.176186128822766364e+01 5.347093272989388169e+01 6.667217623726929787e+01 7.494965573028666483e+01 8.646308484980099252e+01 7.619273809384795015e+01 5.623024429879034614e+01 5.772041594596282010e+01 6.356734845997583250e+01 6.279866798726143173e+01 7.688186087302418059e+01 6.830934877345642064e+01 6.005634495919565552e+01 5.239610674577112093e+01 4.095583362821115969e+01 2.079129907637881658e+01 2.089349036724788178e+01 2.387037582498694732e+01 2.688163557565212258e+01 2.993111620256111038e+01 4.984251939310600221e+01 6.224767983330541909e+01 6.926247626518973277e+01 7.750712059771706208e+01 8.745525216012943304e+01 8.250448498696526656e+01
1.766589122093755945e-02 2.001766589122058093e+01 2.069694243030418335e+01 3.003635992568782953e+01 2.782997926611981399e+01 2.923484902618140069e+01 4.240188885029978394e+01 4.906855551696656903e+01 5.662784497715137633e+01 6.491211622461457864e+01 7.575601211216651620e+01 6.346669130772557565e+01 4.355659874258046216e+01 4.707155780236750076e+01 5.826105831728934703e+01 7.816197699018844958e+01 8.445904778581275707e+01 7.034535273709374792e+01 7.768309223358617999e+01 8.352905339727986700e+01 8.273833065322307334e+01 7.417072508279179033e+01 5.420997728753203404e+01 4.007967243346959663e+01 4.413084166394515506e+01 2.405041649782103264e+01 4.095584718948501290e+01 4.103681224167200270e+01 2.378231801874118290e+01 4.384380802600229998e+01 4.984251939310598090e+01 3.610782604186498190e+01 4.240560657715424497e+01 4.942163576267537195e+01 5.931768700845837117e+01 7.920726552192104464e+01 7.443861627185731322e+01
