LEM/with_lateral_4open/elevation_000080.asc
nrows	100
cellsize	150.0
xllcorner	0
ncols	100
yllcorner	0
NODATA_value	-9999
[rows 0 to 16 of 100, columns 37 to 73 of 100]
8.884754177262699226e-02 6.929726548558100274e-02 7.395023591448830758e-02 4.828361932999872264e-02 4.897713358561925356e-02 8.568734790590110117e-02 1.075183056328203948e-02 6.823539046102447547e-02 7.194897206013613211e-02 1.557559815681563986e-02 7.704183385687686514e-02 1.685416958384493638e-02 9.680445094065920353e-02 7.639902522890137937e-02 4.559330980047965332e-02 5.839666421669215124e-02 9.739037529851846120e-02 3.670263267501718690e-02 2.041064012308905357e-02 6.895211126444661387e-02 9.031524355919069713e-02 1.560024811392830661e-02 7.641644294168103979e-02 3.888124420523987601e-02 6.873285589001959517e-02 4.772367030474261584e-02 9.504926490987847254e-02 5.760415539182907330e-02 9.666222459857021221e-02 9.627991409191682948e-02 1.286757495974483190e-02 9.381044340810595905e-02 7.584058927755046864e-02 1.435327048224320848e-02 5.777975670406795827e-02 2.716720951219454838e-02 4.735230246529398453e-03
2.008884754177227094e+01 1.421143288921665615e+01 2.007395023591413263e+01 5.212261414273243076e+00 2.004897713358526445e+01 6.752354014572794938e+00 2.001075183056292772e+01 1.180953941077769720e+01 1.421408459579121164e+01 1.442133077203219571e+01 2.007645205341099270e+01 1.755767669963148236e+01 7.147993852197506159e-01 1.999617564560529459e+01 1.418772893072860697e+01 2.005839666421633538e+01 9.041662285297753954e+00 2.003670263267466112e+01 4.608725317534305255e+00 2.006895211126409251e+01 1.555997469766063723e+01 2.001559929700349727e+01 1.740582358364858306e+00 2.003888124420488381e+01 2.006873285588966382e+01 1.418985929403556767e+01 9.039321174909114021e+00 2.005760415539147345e+01 2.009666222459821583e+01 5.869782605988199009e+00 2.001286757495939028e+01 2.009379446499304933e+01 2.007584058927719539e+01 1.704661779939278254e+00 2.005777975670371305e+01 1.924974104297156430e+01 1.435397807433707307e+01
2.638051372994148025e+01 3.421143288921736314e+01 3.055749451104106740e+01 1.055748625252177675e+01 3.055749451104106740e+01 1.382342182645594164e+01 3.382361644776236886e+01 2.730632436152794185e+01 3.421408459579191685e+01 3.546082544913171120e+01 2.698267068850329053e+01 7.361271234860316426e+00 1.332972679239889491e+00 2.160740647171839512e+01 3.418772406211888182e+01 3.732591775214976337e+01 2.058866766911248192e+01 2.932277052544422347e+01 9.322770525444580514e+00 2.932277052544422347e+01 3.431664329132971858e+01 2.341079763796664892e+01 3.408730739091998974e+00 2.341079782607521409e+01 3.696734306830072114e+01 3.418985929403485358e+01 2.318145679864031550e+01 2.903932117490875697e+01 3.190000949860390733e+01 1.190000949754352533e+01 3.190000949860390733e+01 3.716143822370926841e+01 1.784708887502438301e+01 1.955220284220414584e+01 4.138984264459626417e+00 2.479747791815565705e+01 3.552015145376908123e+01
2.966849366322801629e+01 4.385046576286580944e+01 3.658773068334695466e+01 1.658771314407715636e+01 3.658773068334695466e+01 2.276769374522123002e+01 4.211072590160220130e+01 4.971949183551704721e+01 4.152712940341461945e+01 2.414008687664989949e+01 1.672564583632586022e+01 2.168476220858912740e+01 1.954971160604886515e+00 2.208825475121945203e+01 4.090397648599263647e+01 4.887297553172008691e+01 4.058866864972117128e+01 2.862888394411845638e+01 1.448674832038775762e+01 3.448674832038704352e+01 3.363602793958975923e+01 8.856151047904569751e+00 5.121486843244189124e+00 2.493398589797892484e+01 1.699008533186142600e+01 3.696756607712126197e+01 4.318145679863960140e+01 4.903932117490804643e+01 3.897107731423769650e+01 1.897107730940912518e+01 3.897107731423769650e+01 4.512719462693260652e+01 3.087825039372714286e+01 1.121805729310848143e+01 5.873204220142618226e+00 2.002294078595520332e+01 4.005340870473465742e+01
1.556617190770544390e+01 3.556617227452851182e+01 4.365887483885618536e+01 2.365878095594331043e+01 4.365887483885618536e+01 3.431470148072936155e+01 5.105935358905753674e+01 5.533000354969460233e+01 3.742521198866324994e+01 4.266661126531776205e+01 3.452766528437995674e+01 2.258957826665617930e+01 2.577874948318548132e+00 1.258156123006866167e+01 2.674825143076284562e+01 4.680395329612246513e+01 5.691315519157934943e+01 4.051697521194220997e+01 2.051697521194292406e+01 4.051697521194220997e+01 4.268467886121269572e+01 3.134026206456384500e+01 2.510604257992449817e+01 7.572592427481479760e+00 2.755496699628083945e+01 2.852651236615848163e+01 4.265169962128289427e+01 6.261310495325856351e+01 4.725535084611708214e+01 3.051808269320184408e+01 4.725535052426217675e+01 3.882525858057404378e+01 1.935918267733953257e+01 2.774837571023349270e+01 7.730157676032248126e+00 2.774820200401794068e+01 3.874816860700007481e+01
2.003830786270494357e+01 4.003830781960812857e+01 5.194503507187036462e+01 3.520578644019840198e+01 5.194503507187036462e+01 5.431684600003555374e+01 6.261471512976027753e+01 6.270523027852588882e+01 5.533000354969460233e+01 4.985293632448674828e+01 2.972689209666199162e+01 1.946959795175439467e+01 3.202628095032416855e+00 1.735621648361193436e+01 3.739605140455670096e+01 4.682294955212202581e+01 5.491928198109142301e+01 4.758804302380756468e+01 2.758804302380827522e+01 4.758804302380756468e+01 5.270596066702847082e+01 3.609039204259491385e+01 2.733238062258222811e+01 9.381374351522394406e+00 2.936254496645771894e+01 4.849825988100526786e+01 4.849825988100526786e+01 6.845924367624807871e+01 5.880235924093601341e+01 5.051808271126796512e+01 4.789856849664742811e+01 2.865117158323183588e+01 3.882525858057404378e+01 3.604146339455280668e+01 2.188103798110889642e+01 1.042695948458550959e+01 2.457995327038181443e+01
2.538353270095333869e+01 3.636823948014872343e+01 5.636823925134591207e+01 5.520612443852657947e+01 6.349477653515863551e+01 6.573124339397465121e+01 5.743159195260402328e+01 5.692898089586805810e+01 5.596096973339839309e+01 4.787301173964267065e+01 3.250721943607592124e+01 1.218386824440401384e+01 3.828647689298053880e+00 2.385399288764796211e+01 3.277286743723480100e+01 2.727569048238511229e+01 4.682315775839064997e+01 5.587231427126916827e+01 3.913504840760037951e+01 5.587231427126916827e+01 5.866533679715637106e+01 3.682662416091189073e+01 1.996445708406967512e+01 1.121172361443600352e+01 3.120093787294198151e+01 4.469327451513179739e+01 5.136124850644487339e+01 5.964388571164883501e+01 6.964268170473847874e+01 6.146507547720204201e+01 4.227913731641028505e+01 4.227913731641028505e+01 5.592105514944802280e+01 5.019507463634403877e+01 3.239276140369051404e+01 1.236953636963029446e+01 3.239278689088900620e+01
3.115703539284949386e+01 5.115703531016423966e+01 6.465249878209520773e+01 7.313747150560732280e+01 6.484245942391868311e+01 5.413429280924910358e+01 3.732037475247047809e+01 3.684667874105696228e+01 4.792199489391954614e+01 3.009905858599406869e+01 3.369160968668896317e+01 2.945339703077983273e+01 2.385509517501416354e+01 4.717123337990885013e+00 1.350320449689619551e+01 3.168104788960948426e+01 3.907075134965096197e+01 4.795813153328938938e+01 5.913504840759966896e+01 6.741931965505976621e+01 5.877068888020615134e+01 4.432387401665857851e+01 2.633401660653252918e+01 1.309820152100351898e+01 3.309544356138721355e+01 2.468900466402165961e+01 3.135732653250636304e+01 4.136181590308029143e+01 6.136068110980945534e+01 6.956297298248564687e+01 6.146507547720204201e+01 6.146507547720204201e+01 6.010509434990043331e+01 4.006545074088525382e+01 2.589690059141846845e+01 1.434021015896646567e+01 2.250941146057575892e+01
3.871632485303377536e+01 5.115703531016423966e+01 7.115703402811797673e+01 6.484245942391868311e+01 4.473826409310199637e+01 4.582037163730657170e+01 2.579473556058249173e+01 2.276182086976362129e+01 3.852070086407066185e+01 3.453726193177177350e+01 1.839382920635785723e+01 1.015459602509256953e+01 7.883422599412018172e+00 2.474496491675544618e+01 5.646968687464822167e+00 1.465254405076403721e+01 1.921904856393592809e+01 3.336518003533245746e+01 5.382443060449202932e+01 6.394955749342039297e+01 5.051153110674967195e+01 3.063065768312276305e+01 1.912248364048436500e+01 3.306886218468444127e+01 1.616253295065058992e+01 3.616342519041746328e+01 5.136124850644487339e+01 5.964388571164883501e+01 6.964268170473847874e+01 8.167743039556430062e+01 6.164966953727724785e+01 6.164966953727724785e+01 5.531131684641520962e+01 4.785653221703451266e+01 3.644294342039648882e+01 1.641415987300901591e+01 3.644275652879607463e+01
5.026333023682314405e+01 6.700058542332544675e+01 6.841491157138831625e+01 6.011844756454240724e+01 5.062664657519928824e+01 3.052023559951211240e+01 4.582037163730657170e+01 3.852070086407066185e+01 1.859805473558035516e+01 1.606260775648631522e+01 1.357437931799717212e+01 3.020703147404119449e+01 2.534233141524033783e+01 3.368182786664078776e+01 2.550495698868102679e+01 6.579384746276319973e+00 2.123560468544592084e+01 4.311881315271525494e+01 5.923971369799458841e+01 5.570276247040760609e+01 3.589852513545186952e+01 2.596894518086316239e+01 3.903573647154075843e+01 3.849399389253471782e+01 1.851799678697160800e+01 3.852080458297650978e+01 5.028708737860767286e+01 5.200529394897046842e+01 7.200203902076982843e+01 7.581499850759158221e+01 5.578219816229655237e+01 4.160603842069602365e+01 3.526638155414746478e+01 3.955317163138841607e+01 1.951911340365016301e+01 3.644188484322307175e+01 2.797291416236909001e+01
7.026332992232210017e+01 7.492418387514433675e+01 6.011844756454240724e+01 3.998598857651316507e+01 3.586961901070410619e+01 5.062664657519928824e+01 4.796456904920729869e+01 2.793111104613729978e+01 2.744841603681225806e+01 3.599039280770137594e+01 2.965044567477596971e+01 4.514500968968292227e+01 4.140951910644788825e+01 2.777355646349120377e+01 7.518502395032598429e+00 2.572875700392827270e+01 2.058086413069228371e+01 3.182022622567254544e+01 5.101011689255574311e+01 6.394955749342039297e+01 5.145503885101215502e+01 3.171523431672531856e+01 5.145370432674342709e+01 4.677427628994109199e+01 3.266209703359645999e+01 2.199848262196776361e+01 3.200105493775028265e+01 5.200529394897046132e+01 6.735136181062559046e+01 7.800478925771402317e+01 5.797394025911368942e+01 6.164966953727724785e+01 4.712800628088812971e+01 2.708573319975001326e+01 2.198159215636974295e+01 4.201900303134917891e+01 4.801301532289668472e+01
7.234708003800022880e+01 5.816694686807554859e+01 4.654492596898652579e+01 6.011844756454240724e+01 4.751705840582045681e+01 6.067278024380308921e+01 4.057933406311708779e+01 4.208000187484280019e+01 4.159327882220916450e+01 4.747193413747626067e+01 5.322048334603194775e+01 5.268720178990295011e+01 3.414401189449581864e+01 1.538747045647518519e+01 1.932890975398316868e+01 8.465537490723244574e+00 3.206850367955095038e+01 4.139952558636621660e+01 4.981882292530804790e+01 6.141120205454792824e+01 5.792673378874652457e+01 3.831194912877901260e+01 5.792673378874652457e+01 6.094790465009849356e+01 4.200317444336040040e+01 4.200317444336039330e+01 2.574439923386682239e+01 3.981461432005120571e+01 5.759256219279772182e+01 6.877357854433491013e+01 7.800478925771402317e+01 6.155222851168654330e+01 4.150587178308974501e+01 2.733225992064171805e+01 4.201818164735420424e+01 2.676694519771312741e+01 4.094015164081147873e+01
6.974087534892181850e+01 5.555512801985452143e+01 5.816694686807554859e+01 7.492418387514435096e+01 6.174026910147511416e+01 6.897170709736371919e+01 5.479532226911933179e+01 6.216187844855473088e+01 6.168026596485061219e+01 6.751821384222991185e+01 5.594588863711852866e+01 3.598136302148340349e+01 2.516788276143507019e+01 2.833980785990342355e+01 2.874781335894549272e+01 9.135981188731168601e+00 1.842280806299081775e+01 2.145117256709153253e+01 3.301624263667465442e+01 5.312826456470884295e+01 6.573963954624598216e+01 4.631361617733837477e+01 6.573963954624598216e+01 7.028622233639951844e+01 5.644252054511301253e+01 3.643995112258478031e+01 4.575069745450429082e+01 2.991548777831439665e+01 4.127934716611283505e+01 6.034728531800853091e+01 7.588239661799053692e+01 6.555528845295039275e+01 4.551558486573192397e+01 3.133898894555479231e+01 5.035394740050795548e+01 3.030792782873982105e+01 4.448422638258424655e+01
6.824606376311928102e+01 6.974087534892181850e+01 7.820726543709500334e+01 8.648496730979860558e+01 8.177825334098406529e+01 8.141531602703270210e+01 7.486221899856251127e+01 7.411917340491635287e+01 6.583893783885379491e+01 6.583893308088975971e+01 6.421542207343811981e+01 5.268720310555792707e+01 4.441907722840610262e+01 4.747310513441100710e+01 3.741814106667646911e+01 2.910899427394398842e+01 1.008691383795450669e+01 3.011148878481213131e+01 4.205183157709145547e+01 5.090046657648987605e+01 6.146273425310091199e+01 5.977154080948987769e+01 7.387888771296196921e+01 7.058146559603267178e+01 5.058597774737410191e+01 5.644252054511301253e+01 5.659738677762046422e+01 3.658722145301229034e+01 3.491894472946468397e+01 5.491191180214204337e+01 6.759205336345526405e+01 4.755152877839334735e+01 3.752560123542865256e+01 5.138540257973829029e+01 5.414285184280361563e+01 3.409562203702461147e+01 4.827339580822997078e+01
8.824837349072788584e+01 8.975038035210877752e+01 8.436092235196751687e+01 7.566192176948581505e+01 6.767020367860888541e+01 6.197679172754981636e+01 7.566192176948581505e+01 6.583893783885379491e+01 4.583581745533098228e+01 4.583581744625206511e+01 5.329689949095502755e+01 4.449567638321828156e+01 5.325935769002899889e+01 4.925582511429519883e+01 4.208766864475310854e+01 2.387697018336496413e+01 1.076244774773689095e+01 3.078667302469716560e+01 2.140276865593788358e+01 3.054482008194593234e+01 4.632770120137966785e+01 7.037239645171148084e+01 8.635480954362760997e+01 7.886370386283827827e+01 7.058146559603267178e+01 6.814809329945356353e+01 4.814168274032146400e+01 5.659738677762046422e+01 3.857407326819034665e+01 5.856101061569906108e+01 7.588239661799053692e+01 6.258289085979909316e+01 4.253849170429995041e+01 6.258289085979909316e+01 5.823483226473975805e+01 3.818830412233619853e+01 5.236620254312188649e+01
9.296182259546424120e+01 9.000744167674928065e+01 7.079486465276343665e+01 5.685226714419407301e+01 4.786894410755131446e+01 4.786894410755131446e+01 6.583562028242573660e+01 6.585585545813083286e+01 4.583614698191460235e+01 3.170389361950883611e+01 4.164741918188771308e+01 2.229949461230726016e+01 3.613843982829935442e+01 2.927131934905789379e+01 3.414304102358199344e+01 3.175135358735145275e+01 1.174427776168340465e+01 1.132234943119439841e+01 3.205191996818737010e+01 5.044481442600510945e+01 6.043599015067852065e+01 6.225182677538736442e+01 7.047348614896927188e+01 7.962885887926370287e+01 8.448429817571634715e+01 6.447661503551127282e+01 6.814809329945356353e+01 6.233667527297642152e+01 4.235773583870919623e+01 5.648755502326818601e+01 7.645770070777300020e+01 6.814129186548265693e+01 4.810019202989975184e+01 6.814129186548265693e+01 6.341030297942194949e+01 4.336579109267385235e+01 5.086991521757558843e+01
7.330277295309240060e+01 8.720950579923683676e+01 8.436092235196751687e+01 6.917846016289558975e+01 4.941768948580023846e+01 3.791910661045231024e+01 5.115275146553751995e+01 5.925180981699458727e+01 5.984075752662196379e+01 4.274827040948116519e+01 2.284378921315868283e+01 1.712826362667236069e+01 1.612356989747042491e+01 1.512202572958140578e+01 1.412503128410829589e+01 1.313756039486938043e+01 3.159669037035866523e+01 1.247785756554865166e+01 3.259036847722995844e+01 4.056568414574679338e+01 4.596766573196615013e+01 4.230788405254254059e+01 5.151774790604681442e+01 6.639639041636834804e+01 7.528697736563395893e+01 8.448429817571634715e+01 8.053410103654667296e+01 6.056389945091453342e+01 4.644302813524704021e+01 5.797393731285849583e+01 7.794105936601701501e+01 7.447704798535077941e+01 5.444162794721690801e+01 7.447704798535077941e+01 6.896873822250458375e+01 4.892751494222440556e+01 6.896873822250402952e+01
