LEM/with_lateral_4open/elevation_000215.asc
nrows	100
cellsize	150.0
xllcorner	0
ncols	100
yllcorner	0
NODATA_value	-9999
[rows 51 to 67 of 100, columns 0 to 36 of 100]
6.455108993161302877e-02 1.420668671366243707e+01 3.420668671365977787e+01 4.566214168215441305e+01 5.388841006505030862e+01 5.900450936311064254e+01 6.419062998511475371e+01 5.001831027268202945e+01 5.071687009079245456e+01 5.292091165087398963e+01 7.300524852992221270e+01 7.541325522020777328e+01 6.714949191075776014e+01 7.541325522020777328e+01 6.307627455377545544e+01 4.307267042240247434e+01 6.307627455377545544e+01 5.241991869655054614e+01 7.076115935966734583e+01 8.235768809980807248e+01 6.235830446743950262e+01 4.804046909599208703e+01 6.033260685966873638e+01 6.866610294403120918e+01 5.880328164426953919e+01 3.905381149311125455e+01 5.296313984094400951e+01 7.268119642363507182e+01 7.384414314276389746e+01 5.388418185309490838e+01 3.987985257075817458e+01 5.085292062571959093e+01 3.348646918400012851e+01 3.875391466123784312e+01 4.529568961275558081e+01 5.416728809036519721e+01 6.830217211253084031e+01
3.995603441288197999e-02 1.418209165814395689e+01 3.418209165814943162e+01 4.409092147250959215e+01 5.237520965149523988e+01 6.165021178710781413e+01 6.993453492843433139e+01 7.013535723019865031e+01 7.082517464985912170e+01 7.300524852992221270e+01 7.833402807457558481e+01 6.543544034917938745e+01 4.719173299329519011e+01 6.543544034917938745e+01 5.639622660356371853e+01 3.641588779633868711e+01 5.639622660356371853e+01 4.177222538816524633e+01 6.179895110145255188e+01 7.094294007030903515e+01 7.649346468201588323e+01 6.030471554823291314e+01 4.023029580644137582e+01 5.343657803922920380e+01 5.525617209290198417e+01 3.545128912471003702e+01 4.456334635293959678e+01 5.862227138855600117e+01 5.878070913719605528e+01 5.680492815752889868e+01 4.854536328377884047e+01 3.100256181440537873e+01 4.502705575247676251e+01 5.857842858970872157e+01 5.491410502135427407e+01 7.351224329122079837e+01 8.245879472604501359e+01
4.804567899273937126e-02 2.004804567899238421e+01 2.817955805881244302e+01 2.409092122159948346e+01 4.082819827830424941e+01 4.165021068181508213e+01 5.838750790782640365e+01 6.993453492843235608e+01 6.619444558775339260e+01 5.765136753450714480e+01 6.619444558771699860e+01 5.011841899036277681e+01 3.722399717609921055e+01 5.717061245202647513e+01 5.062068311296890499e+01 3.067765473746687022e+01 5.062053746928354059e+01 3.337866775420685883e+01 4.263778193443163644e+01 6.266633221204144633e+01 6.149121463747929539e+01 5.316107511078786985e+01 5.343657803922920380e+01 3.356105692820050734e+01 4.715061762721813210e+01 5.038054694645008880e+01 3.009620502548711940e+01 4.572699975920549065e+01 3.888179102163100254e+01 4.629989779899778313e+01 2.860817174018997378e+01 4.854536328377884047e+01 5.911406148414972961e+01 7.319205882523658602e+01 7.488345625023629282e+01 8.318233287225815786e+01 8.099460359322512204e+01
9.707512844716031930e-02 4.097075128447177583e+00 8.179558033085843505e+00 1.254391583780572894e+01 3.254391595235737356e+01 3.010320529799058420e+01 4.165021068181508213e+01 6.165021178710781413e+01 5.569714745414763968e+01 3.650360281024912013e+01 5.569714745414054846e+01 5.011841899036277681e+01 3.024890821349794834e+01 5.011841899036277681e+01 4.546614330185045105e+01 2.564566238026762335e+01 3.866095180882819449e+01 2.635399115463783204e+01 4.631322569666094324e+01 6.051766739878108581e+01 5.171175432322564092e+01 3.258517059852044895e+01 3.769210455933247061e+01 4.133063884571224378e+01 2.741620189589515277e+01 4.715061762443978211e+01 4.572699975599123690e+01 2.524213115877564206e+01 2.466888014660854012e+01 2.627630145149117524e+01 4.624910614702424283e+01 4.123984801662614785e+01 5.268200590829061980e+01 7.255514968870018322e+01 8.578013175286234571e+01 7.740965079768592716e+01 6.914474028292919172e+01
5.001202446392439237e-03 2.000500120244603863e+01 2.817955805881244302e+01 3.254391595160986839e+01 2.010320529799040656e+01 3.424534092218964787e+01 5.424534171812366168e+01 5.446247109579235257e+01 4.707748517237816799e+01 2.599621854121220821e+01 4.707748517237816799e+01 4.460760822694968653e+01 2.489484777375957947e+01 4.460760822694968653e+01 4.211762595504846018e+01 3.389344387803166114e+01 1.906451213711931558e+01 3.866077528126521656e+01 5.458086958596771154e+01 5.228186259240332134e+01 3.415027864787651168e+01 3.039887845673187527e+01 1.761510389695276402e+01 2.155825002140313629e+01 4.133063884350470119e+01 5.037412152602898630e+01 4.212197164571723818e+01 2.333048319885030963e+01 4.339272071891441840e+01 2.635276340450750254e+01 4.629566792227108607e+01 5.619572438058423813e+01 6.926133200984935456e+01 8.069937872478902818e+01 6.659640459963949866e+01 6.544231122523115118e+01 4.911434558654256932e+01
5.279685921607564503e-02 1.419493248294715038e+01 3.419493248294785559e+01 4.838749394643990343e+01 4.010320553158236834e+01 4.838746081943703814e+01 4.751183604205782984e+01 3.156164010134548192e+01 4.005039629532274859e+01 1.916388774914791426e+01 4.005039629532270595e+01 3.967941811365212601e+01 1.981371532055143803e+01 3.305754682462801242e+01 3.051321784591885944e+01 1.435727209936032800e+01 3.389241385968796294e+01 4.355576162927241057e+01 3.562403305955313471e+01 3.472382624875349677e+01 2.856444948515437687e+01 1.651144444494766717e+01 3.658398399949628299e+01 1.874760463921947817e+01 3.882582717175642983e+01 4.085680154494492911e+01 2.204789686055719500e+01 4.212197164575630381e+01 5.152205970260635581e+01 4.047421104579176898e+01 2.807390826648827797e+01 4.795373908482252290e+01 5.786724487769655667e+01 7.193276474370333062e+01 6.373804819204544714e+01 4.716909279080913109e+01 3.777299259504110296e+01
5.738623160518319517e-05 1.414225602587662500e+01 3.414782094308785787e+01 3.658686346880878659e+01 3.681402979673664078e+01 3.333999337916120709e+01 2.702355361748336549e+01 1.554580367873865931e+01 2.621661892530195104e+01 1.332249584166918233e+01 3.402098062953917434e+01 4.709740483678847056e+01 2.724189730381265306e+01 1.001436626167919997e+01 1.041218031841379776e+01 1.109823832551329126e+01 3.118653563442634535e+01 3.285351710149899418e+01 1.387372614898624690e+01 1.464307558029386769e+01 1.541415643570400995e+01 3.548225149544890655e+01 4.466336743290582945e+01 3.262481269037969156e+01 1.988532472554086894e+01 2.077775535600844137e+01 4.085680154488406401e+01 5.037412691419374511e+01 6.829069494212957636e+01 5.583233747906781019e+01 4.026344467981922293e+01 2.981914630514312847e+01 4.380167997690166004e+01 5.250391046435923670e+01 5.379836956010327498e+01 3.595310330637180130e+01 4.981206231773280990e+01
4.532054705376769438e-02 2.004532054704227306e+01 3.037676537770587615e+01 1.656416684312566900e+01 1.776093614942335819e+01 3.881683574251914681e+00 4.470562584581848853e+00 5.060986214379273207e+00 5.671350694410302928e+00 2.603823706453806608e+01 2.732346258303221731e+01 2.797658390307363518e+01 2.863125856037583006e+01 9.511840413567759001e+00 2.956784738263063872e+01 3.087972349352226686e+01 1.209326602389000982e+01 1.278733583840677035e+01 2.932187572048782442e+01 3.446871384533795890e+01 2.218890623308339016e+01 4.165363313072357698e+01 5.905669999665759207e+01 4.767886446264208899e+01 3.412368888348979823e+01 2.252031488705672402e+01 4.225841626662986528e+01 5.323985292383178347e+01 6.322836430072663916e+01 6.584392359854302867e+01 5.283960654699586001e+01 4.161716410406226174e+01 3.156827084409110640e+01 3.279911620312929443e+01 3.412343275722931679e+01 5.379836955988196934e+01 6.393946116811175528e+01
9.001595176218035732e-02 2.008088849824618904e+01 2.054741627026806938e+01 2.421173417946945072e+00 3.032826948498414943e+00 5.422775275257128769e+00 2.009323552425955484e+01 1.891802093376056959e+01 2.319891617976753651e+01 6.574801902266631970e+00 7.246229080161784353e+00 7.913418218748438981e+00 8.574101738841868325e+00 2.863126015789012868e+01 3.784577827700555019e+01 3.878015367426054638e+01 2.216077036291605751e+01 3.248127514743622157e+01 1.501814327660735771e+01 3.368277328380967361e+01 4.130200149111053776e+01 4.315808150105463170e+01 6.484808255769235075e+01 6.231818235386084837e+01 5.052037195932484082e+01 4.225842556503270231e+01 2.509644703285562883e+01 3.498040422876211863e+01 4.913424994370566168e+01 6.906661590752564450e+01 6.608690365959419921e+01 5.057575716643847130e+01 5.130582621218358241e+01 5.250391046587206034e+01 3.589200682206388393e+01 5.620890166523185627e+01 6.911422028676850005e+01
5.674351268809080251e-02 2.004533824768186179e+01 1.557763975101503107e+00 2.153489755022901520e+01 2.303211056917007227e+01 2.373587209836003709e+01 2.266571021088933691e+01 2.812284023998469351e+01 9.760202462566303083e+00 1.962479342086658107e+01 2.722953475745759278e+01 2.797337058152740497e+01 1.282081101152261837e+01 3.211334823170821551e+01 4.739852308390856450e+01 4.997996970988273091e+01 3.653795682361523234e+01 4.355209154466110277e+01 2.866053275569973735e+01 1.728635761822651418e+01 3.729803143442633484e+01 4.935257760571934682e+01 5.759746262104798120e+01 6.907161767889589044e+01 5.662928229490136545e+01 3.816779069856298889e+01 2.694422247381453417e+01 4.697185269458094581e+01 5.808868225905603566e+01 6.359774031564129615e+01 7.184108515293854680e+01 7.030081432407997966e+01 6.809719795497686334e+01 4.750606476614620277e+01 5.620890166548593214e+01 4.037501905487131637e+01 4.893767651636139959e+01
9.518805923843161321e-02 7.006907810370616163e-01 2.070152863341163041e+01 9.402315570987363813e+00 2.354447594586223858e+01 4.351026963939418124e+01 4.088686322901406811e+01 3.127381638327356583e+01 1.201724057996105444e+01 3.091861936080051976e+01 3.839281419231227943e+01 4.036066032424184158e+01 2.828298487034759390e+01 1.937540960800810197e+01 3.908757486949392757e+01 5.680787557778455010e+01 5.754181818914724289e+01 5.447686859718580621e+01 3.826027759545458196e+01 1.890320839350752635e+01 3.886151368909836634e+01 2.949952734531991183e+01 4.096634716764416595e+01 6.080843229116885595e+01 6.475786783998395890e+01 5.439584940269566005e+01 4.697185269458094581e+01 2.978220630051383822e+01 4.972021647450507231e+01 4.372561448461350864e+01 5.518351960136301670e+01 7.509390243217225702e+01 7.635705918784177015e+01 5.961616299870824776e+01 6.552934899685314463e+01 4.478240842724778759e+01 6.552934899685556047e+01
9.062254805971975413e-02 2.514032487675465610e+00 2.782973451415908173e+01 2.940284893543405786e+01 1.883076006427661397e+01 3.882371309531163917e+01 4.446474646402883479e+01 2.542864081447693536e+01 1.430853911547439594e+01 3.347418746182647453e+01 4.455595692358575377e+01 5.591857157474771611e+01 4.740399703205207516e+01 3.061503479790158266e+01 2.849087575071693479e+01 4.006812703023113897e+01 6.015934347739012367e+01 5.309596162528114149e+01 3.315311631063541853e+01 3.890970223681411255e+01 2.126176651936686568e+01 4.124878239341190778e+01 4.096634716764624073e+01 5.238261076591460608e+01 7.231831956583326360e+01 6.251176575465150620e+01 4.258253936644368309e+01 4.990741627627794941e+01 3.293923183287873258e+01 5.298273180291251094e+01 7.184108515293854680e+01 8.333310310621109807e+01 8.790656912718404215e+01 7.968250715562390951e+01 7.136360986088762104e+01 5.115313739409673133e+01 5.442111104732994420e+01
3.063233560239582431e-02 1.504100337484409167e+01 3.438239288929848669e+01 4.707966750480783702e+01 2.777548557434701948e+01 4.707966750480783702e+01 5.257531101326667056e+01 4.148982383739701163e+01 3.347418746182647453e+01 1.768320764306244186e+01 3.671803796141210086e+01 4.870643954473902681e+01 5.900178649999030966e+01 5.066618492527166495e+01 4.006857159944909341e+01 5.695625675945483124e+01 6.856766335975358118e+01 6.143376729905345712e+01 5.307428191964958586e+01 4.298588307397908181e+01 2.302302276039300111e+01 4.298608202053092953e+01 6.080843250207630746e+01 6.907164865905377837e+01 8.058538166491452159e+01 6.251176575465150620e+01 6.251176575465150620e+01 5.526829597424329421e+01 3.534320946835856603e+01 5.526829597424329421e+01 6.880420133368217250e+01 7.546413305459972776e+01 8.372421247818024881e+01 9.370541004046872047e+01 7.766312418996056977e+01 5.774231077618659214e+01 7.451610227558258259e+01
5.666595628964066211e-02 2.005666595628928661e+01 3.301232211116703041e+01 4.129660016913125986e+01 4.776243490566623962e+01 4.410096329341908472e+01 6.405411474668365202e+01 5.412798980251440639e+01 3.482483143182099639e+01 2.196096979368163105e+01 2.173496625746986410e+01 4.063024155596387743e+01 5.285124396078751374e+01 6.147176099666951643e+01 6.021770462486757935e+01 6.882880533355425712e+01 7.831204373558817622e+01 6.804106311733168866e+01 4.975832917140458278e+01 3.099472418597737189e+01 2.481267815566084423e+01 4.476688859431937573e+01 4.381964828036777959e+01 5.781737310463542201e+01 7.776095725382357671e+01 8.244186977757021850e+01 6.931658267142120167e+01 4.941496755100569516e+01 3.801154752222169719e+01 4.320319914268831951e+01 4.888731725503730985e+01 5.548433789184737464e+01 6.547432011728977841e+01 8.545394599190942131e+01 8.466414176166603056e+01 6.486227389885297612e+01 8.466414176166610162e+01
2.110006612196471329e-02 6.345655386458750158e+00 1.301232205312547485e+01 2.715445767692800416e+01 4.715445787484974005e+01 6.405411450819333652e+01 6.109646120130076952e+01 4.138664795553118125e+01 2.826301490813602513e+01 4.047859562007149492e+01 4.063453702152477121e+01 2.586298171057029194e+01 3.416319299087228956e+01 4.507108742363273279e+01 5.878266643310153938e+01 7.846988249050312447e+01 6.980510031015144534e+01 4.927164736683350554e+01 3.997980950324243565e+01 3.531014840427924639e+01 4.476689124320388657e+01 2.757718103070133253e+01 4.165419271440052285e+01 6.147708970955351759e+01 7.721699578606232706e+01 8.549517410422106423e+01 7.757893206372997952e+01 6.046952259418670650e+01 4.069005325295159281e+01 5.462787765698402609e+01 6.880420133368217250e+01 7.546413305459972776e+01 8.372421247818024881e+01 9.370541004046872047e+01 9.287974406813248152e+01 7.629897912388790360e+01 9.287974406830808505e+01
9.367352646185668485e-02 2.009367352646150096e+01 3.301232211116703041e+01 2.934225367662252992e+01 4.348438933117905236e+01 6.348439394864663399e+01 6.664848456137924870e+01 4.678864389575154803e+01 3.321316755810512689e+01 5.264491271417991669e+01 5.287237647079469127e+01 4.475727648039027429e+01 3.042158729533257855e+01 4.373243634000323965e+01 6.321604386868639125e+01 7.989886640005143192e+01 7.831960276528216980e+01 6.799502995347958745e+01 5.953622939728357011e+01 4.314414196692221282e+01 4.941361060277058215e+01 2.958850165644252783e+01 4.941361060033107577e+01 6.307777365947763570e+01 5.722111609335055249e+01 7.721699578606232706e+01 7.734252601631520463e+01 5.736759174684039664e+01 4.339773614099616594e+01 6.321811454061401037e+01 8.283337588193649026e+01 9.105539527819573209e+01 9.932896708374806849e+01 1.055103570271146509e+02 1.043187934347108836e+02 9.609116657862992383e+01 9.895811948213507492e+01
3.648181865326004941e-02 2.003648181865290567e+01 2.235719305997049489e+01 3.390419844376260272e+01 4.804633406749305635e+01 6.804633406738646784e+01 7.255118427065713149e+01 5.264491273486363809e+01 4.034642920744513361e+01 6.011778147556238139e+01 6.456167626898474055e+01 4.500851807192622545e+01 3.410464383426381119e+01 4.229105172294017478e+01 5.188092730868337554e+01 6.575327125363151026e+01 8.570554232970268060e+01 7.731377718196888793e+01 5.709111924079164169e+01 6.301414720496056532e+01 5.138354295999703680e+01 3.162309929711798873e+01 3.676795426750487650e+01 4.328429852722867821e+01 5.463130522920076970e+01 7.461586410768326516e+01 8.022833445091434612e+01 6.023486712029703227e+01 4.618814388626205414e+01 6.609081812200325601e+01 7.472248721598215582e+01 7.105174989408396868e+01 8.931125345039960450e+01 8.567058795443104202e+01 1.055103570271146509e+02 1.019501879295658711e+02 9.051079424462314194e+01
