LEM/with_lateral_4open/elevation_000248.asc
nrows	100
cellsize	150.0
xllcorner	0
ncols	100
yllcorner	0
NODATA_value	-9999
[rows 68 to 84 of 100, columns 0 to 36 of 100]
5.009162696260269221e-02 8.994363536961682115e+00 2.899436353696132684e+01 4.377145459515784154e+01 5.205576069900691039e+01 5.764633632069295288e+01 6.593066034860456170e+01 8.205650086491704087e+01 7.389630581044026769e+01 8.205650086491704087e+01 7.882117066832724106e+01 7.782231455709163015e+01 6.389866477357823982e+01 6.147545743663607709e+01 6.726967968874120629e+01 6.809781020657888462e+01 8.783834899692924125e+01 8.732522095797490636e+01 7.050732590212463435e+01 6.772667645774760103e+01 5.887860457250494761e+01 4.026536918090332762e+01 3.761523108416722039e+01 5.750629969896949945e+01 6.998920330733821515e+01 8.363918497974557908e+01 9.249132117687115340e+01 8.911462011302006658e+01 7.666966951411885134e+01 5.647523309957113469e+01 5.850681970084499994e+01 6.433669454741857407e+01 8.453145174247684679e+01 1.035847684324768210e+02 1.057537551393147766e+02 8.553832341514916493e+01 7.113230084893797311e+01
4.695337527364121244e-02 2.004695046860182828e+01 2.744152544989969300e+01 2.377146343940556505e+01 4.131639820940109331e+01 3.764633585302966878e+01 5.594676170880589439e+01 6.423107369977797987e+01 7.577810732701446739e+01 7.260940324578869820e+01 5.830265024830255527e+01 7.260940324578869820e+01 8.366113213600432630e+01 8.125815761974961049e+01 8.700539736839228055e+01 8.783834899692924125e+01 9.593233434864754372e+01 9.892785225604666266e+01 9.068515368915835495e+01 8.076326579716722165e+01 6.024807551185185162e+01 4.764973365562585883e+01 5.750629969896949945e+01 4.141004690001348365e+01 6.143521721847577055e+01 6.268308582640667481e+01 8.006920184556652487e+01 9.207068494203825537e+01 8.276184310393621502e+01 6.255655597904772236e+01 7.870172768000044528e+01 8.453145389053698011e+01 7.516355611965553862e+01 8.941591540997413290e+01 1.094675359874115657e+02 9.979443553735585226e+01 9.073052464026235953e+01
7.614146464036156137e-02 3.727625181341476690e+00 7.441531944882529892e+00 2.744153232370111795e+01 2.131640424196497108e+01 2.838747205383032224e+01 3.594676151401460373e+01 4.749376689752227065e+01 6.749376735907743807e+01 6.352847060039484717e+01 4.410071139441728150e+01 6.352847060039484717e+01 7.404227441944340171e+01 6.574796480397542098e+01 6.835211537232213175e+01 7.668466175817857788e+01 7.787978420630848575e+01 8.628880248816361132e+01 9.563880283673626082e+01 7.483327253781391164e+01 6.033443688307102803e+01 6.790314573511361118e+01 6.555736876548819225e+01 4.536304081338926153e+01 4.690874600496577784e+01 5.100424677458939016e+01 6.267317520604347436e+01 8.340439840143184824e+01 8.948418133252961582e+01 6.931716698633273666e+01 8.948418111006132847e+01 1.035858727320757566e+02 9.528889910332577529e+01 1.035860014912342848e+02 1.000185240138406328e+02 9.168153848637028602e+01 8.946955348306248368e+01
2.352828262072655108e-02 2.002352828262037221e+01 2.744153232370111795e+01 1.347175883643775052e+01 2.241603074643674987e+01 3.396303613022666212e+01 5.396303760948500639e+01 6.423107369977797987e+01 6.745596930609180220e+01 5.519164147879958904e+01 3.515458415488015476e+01 5.519164147879958904e+01 6.250100535477897523e+01 4.573432778780465924e+01 4.833066241995175716e+01 6.833410885034246007e+01 5.774996843993792339e+01 7.463787227614369613e+01 8.664642233619721878e+01 8.953641233481037887e+01 8.092707127618611196e+01 6.694576829522958406e+01 5.256738503101645676e+01 5.282539295864697948e+01 6.717117464556871198e+01 7.143522024857765018e+01 5.858952659811249220e+01 7.041431887635282294e+01 9.129749831133001692e+01 8.360429555402906487e+01 8.360429555402906487e+01 1.036794813241899789e+02 1.067797813700688181e+02 9.667011825017645776e+01 8.832550065711463105e+01 7.130388269494099518e+01 6.906768256123574190e+01
6.786455232800275850e-02 1.421000017605907750e+01 3.421000017605977916e+01 3.347175918204284528e+01 3.347175918204284528e+01 5.070035072719743852e+01 6.224738973199454506e+01 6.958250135782515144e+01 5.915411799635829482e+01 3.913306984902250463e+01 2.882994240904041305e+01 4.184314760741013117e+01 4.476093093100379861e+01 3.418584428188408708e+01 5.219325630062306942e+01 5.618171591403842058e+01 4.619027185007421821e+01 5.775677710031548173e+01 7.803260967677375959e+01 9.433997254314560621e+01 9.636069659973470891e+01 7.898274848694850903e+01 5.835778117792138175e+01 6.185453821640473393e+01 8.191883476378909279e+01 8.581608397827679369e+01 6.502254323993456353e+01 8.581608397827679369e+01 9.996969018250264583e+01 1.036794813241899789e+02 1.036794813241899789e+02 1.119710240353763027e+02 9.846566533448638836e+01 7.818533597974303007e+01 6.794064269449171434e+01 6.101592344865041895e+01 5.426003116317488661e+01
3.257643153035955086e-02 1.157958181532277386e+01 2.572171743905347441e+01 4.572171743905276031e+01 5.347176463854918893e+01 5.092570908116441331e+01 5.389840462078965544e+01 4.971308895308969511e+01 5.335921862936422144e+01 4.280700063746924400e+01 2.279970640603827547e+01 2.184031637923835234e+01 2.475761626563568640e+01 2.840910036839129660e+01 3.218874697130767260e+01 3.618875529218493625e+01 4.513318165543179106e+01 5.513034690479004496e+01 6.664739558743633552e+01 8.634570446485392381e+01 8.879362962647023494e+01 6.798160787695735507e+01 7.898274848694850903e+01 7.642370071583127356e+01 8.254806242328888288e+01 9.449371463414171046e+01 7.966286312679507375e+01 7.966286312679507375e+01 1.006712732102009085e+02 1.021313002349818930e+02 9.382845026578266356e+01 1.021313002349818930e+02 1.067797813700708645e+02 9.667011824970718692e+01 8.832546865612968645e+01 7.130388269494099518e+01 7.504325220534603602e+01
1.880098487986705744e-02 1.416093660861094250e+01 3.416093660861164949e+01 3.819956375485238453e+01 4.506733761805239169e+01 3.092408513275601223e+01 3.389620408242944194e+01 3.559661490111734139e+01 3.341278881257022704e+01 3.442048733745326672e+01 1.779970617694738877e+01 3.780196586454238172e+01 3.292263994080846601e+01 4.841294712584416970e+01 5.219325630062306942e+01 5.033317486071567970e+01 4.618952742632680497e+01 5.513603606515090405e+01 6.668961291252610124e+01 8.669250310707853657e+01 9.670676168380168747e+01 7.577058216848975292e+01 9.670676168380168747e+01 9.733357951831118271e+01 1.034672908050181803e+02 1.009345021451559603e+02 1.006712732102009085e+02 1.006712732102009085e+02 1.093245661414884609e+02 9.209002652437806091e+01 7.373028930490934840e+01 9.209002652437806091e+01 9.633905457852888787e+01 1.046416070717260851e+02 1.000185240087621708e+02 9.168153848636895020e+01 9.064003207070489054e+01
2.900726248362994752e-02 2.002900726248327601e+01 2.271465575818858085e+01 1.819901633708333932e+01 2.541481014595578003e+01 1.678170810253501344e+01 1.975367791747062896e+01 2.965061298960932490e+01 1.927363037444352756e+01 1.441908915751563569e+01 3.442048733745326672e+01 3.413069163332871625e+01 5.292814359955596615e+01 4.706696211783632577e+01 6.707828742425351720e+01 7.033481105539810585e+01 6.620422813002667795e+01 7.446222578437034656e+01 8.339767103138984794e+01 9.497081576608321996e+01 1.053590219769549350e+02 9.054682980164413664e+01 1.053590219769549350e+02 9.919190767895196359e+01 9.087615129828219551e+01 8.081780045140828861e+01 9.502942052967468101e+01 1.034711277264773912e+02 9.516870236122402105e+01 8.377936978534613388e+01 6.367343824226789906e+01 8.377936978534613388e+01 7.624888544564389292e+01 8.889970902508933648e+01 9.720640991180684409e+01 9.896387575979547080e+01 7.868460979270986400e+01
5.081304048347550645e-02 1.381193250958955288e+00 2.714526584292291211e+00 4.056838694720345195e+00 5.414527161324611981e+00 6.781699015373944484e+00 8.206640015132149912e+00 9.650015688106226008e+00 1.110866560308518380e+01 3.110966868953553544e+01 4.214377891736413773e+01 5.413726289927159741e+01 6.242735402194692540e+01 6.707828742425351720e+01 7.536967090089942189e+01 8.187190949729429690e+01 7.355189526884622353e+01 8.187190949729429690e+01 8.146810439774483825e+01 8.978355413320845457e+01 1.013832509343491779e+02 1.115781527770005397e+02 1.095554985516263997e+02 9.087615129828219551e+01 7.075097865887688897e+01 6.658116454241728377e+01 8.497144316891447602e+01 9.187917232390987010e+01 7.507675186908838327e+01 7.707739260431996797e+01 5.697185590639669073e+01 7.707739260431996797e+01 6.463714357226862717e+01 6.880210214170634231e+01 8.889970902508933648e+01 1.072834132208588755e+02 9.145123390330138591e+01
4.469920835086939326e-02 2.004469920444412878e+01 2.271465575816450411e+01 1.819901633708339261e+01 2.541481041877755587e+01 1.255520174787776533e+01 2.820636643461173421e+01 2.379230094723713052e+01 3.110966870248048366e+01 1.385587688205935741e+01 2.799826067480234570e+01 4.800138350818151878e+01 6.499921160314573854e+01 6.373436443066865564e+01 6.707129860709174807e+01 7.183164848884490539e+01 5.347376292146456223e+01 6.985550890790401013e+01 6.135449900159527914e+01 7.296991260056020678e+01 9.307685027893165852e+01 1.010150014053067480e+02 9.280470003346979979e+01 8.175099894594677608e+01 7.664276057506610584e+01 5.652710956772089190e+01 7.664550525240863976e+01 8.356860357354895541e+01 6.346545287733289342e+01 7.127342409194598361e+01 5.116525099941973309e+01 6.569641697328304986e+01 5.458152773723782047e+01 7.468855491222772969e+01 9.064488850102205220e+01 9.894965036878467401e+01 9.979222505491655681e+01
2.324776005098762310e-02 2.002324776004713769e+01 3.837126720440465988e+01 3.819956375658569669e+01 3.858618500968924536e+01 1.858542932786430057e+01 3.858614544834205873e+01 4.379605948201876942e+01 3.583746255388165736e+01 1.583617196801372451e+01 3.583746258371355253e+01 3.812886429683735656e+01 4.776876754790199442e+01 4.373059759343041719e+01 4.705078325603838607e+01 5.644207342918685555e+01 4.351371197707720739e+01 4.979819423044828852e+01 6.396511178481622295e+01 8.407618553022591357e+01 9.269906315866693092e+01 8.427555061486086174e+01 7.272363374944758618e+01 7.637296847684437751e+01 6.176002977507087621e+01 5.072848431069017749e+01 7.083696064241544832e+01 8.617381917399093538e+01 6.607482901144366849e+01 5.185416543910518072e+01 4.578714539603924294e+01 4.558412705460788317e+01 5.980822117916699909e+01 7.991177911734646955e+01 7.054939096280607203e+01 8.735529301756368170e+01 9.454949064265723280e+01
8.699724428260374731e-02 1.008699724428269029e+01 2.422913286801470178e+01 4.422913288690841682e+01 4.687158812105850103e+01 3.272779891694004561e+01 3.123468956838132726e+01 5.123634857476512394e+01 4.412434746269276786e+01 3.583746258371355253e+01 1.870800460253047603e+01 3.870951161215563729e+01 2.647626966543861116e+01 2.963643517388660698e+01 3.296443476444743226e+01 3.648836177587078566e+01 4.537819419096549467e+01 5.534997713068140257e+01 6.954692316815366837e+01 8.965052030602424793e+01 8.427555061486086174e+01 6.407137467991471169e+01 6.998904080297438668e+01 5.629519049390771812e+01 6.546310665845960841e+01 4.536011560615470017e+01 5.957102678323013123e+01 7.968784580382394722e+01 8.027772445073617291e+01 7.196205420158335642e+01 6.032118053323215179e+01 4.021106458703253139e+01 6.032118055075318352e+01 6.743509243252408680e+01 5.893769910209864804e+01 7.904274758783358834e+01 8.619704966015052605e+01
2.249585233037712170e-02 2.002249585233002094e+01 3.275914646963529009e+01 4.170341837963452747e+01 5.325042376342724282e+01 5.272958030441818522e+01 4.537762485382013722e+01 5.952264198628606096e+01 4.922113619611189250e+01 2.933167279400858973e+01 2.354571071716549469e+01 2.211298619194743864e+01 3.929661724406835077e+01 4.876461120199787302e+01 5.291465643951254805e+01 5.644207342918685555e+01 4.643094330181232721e+01 6.645368653634645284e+01 8.374838327376367886e+01 8.373417785169588967e+01 7.541113626080165488e+01 6.998904080297438668e+01 4.984706022389067925e+01 4.730923791764349318e+01 6.105014335116883473e+01 4.097871296259832974e+01 5.518534735836111338e+01 7.529502198234901300e+01 7.972899805947396601e+01 7.141306128838509437e+01 5.725441538690074594e+01 3.715428152158457920e+01 4.175113670020796519e+01 4.732511112236785777e+01 5.893769910209864804e+01 7.904274758783358834e+01 8.466276333496797690e+01
2.739267172789772165e-03 4.474875222172387090e+00 1.341914713217162181e+01 2.496615251596434248e+01 4.496615251596504947e+01 5.954806378516221343e+01 6.538060498331287818e+01 6.187472729119734538e+01 4.186764307075020497e+01 4.805800951148665234e+01 2.847517481946630369e+01 4.210784616297127769e+01 2.788443134728685990e+01 3.942235494023425701e+01 5.356798561009465232e+01 7.357273156431232053e+01 6.056780362613140056e+01 6.056817979661305884e+01 8.067288818273226525e+01 7.541113626080165488e+01 5.530711724056203593e+01 6.119544808248689804e+01 5.922269931469067217e+01 3.911335051353908199e+01 5.178830572910188579e+01 3.696695650720874227e+01 5.116819396292552113e+01 7.132555540197753885e+01 7.141306128838509437e+01 5.130928226584055807e+01 5.425806319737196759e+01 3.417466954706006987e+01 5.425806319737196759e+01 6.743509243252408680e+01 7.575385888247878086e+01 8.735529301756368170e+01 9.304656935177386856e+01
8.327778614586213435e-02 2.008327778614550851e+01 1.231952062769981637e+01 2.126379253769913191e+01 3.126379253769930955e+01 4.540592816143075794e+01 6.540592816143217192e+01 7.019340688115322280e+01 5.598864190593402412e+01 5.332621413206265260e+01 3.363517319733249167e+01 5.332616691765912975e+01 4.788055951367525154e+01 3.436677883960420843e+01 5.436959761788924794e+01 6.995497672545917567e+01 8.064788990409559233e+01 8.066658046833673268e+01 8.902854358435293136e+01 7.541114888079611944e+01 5.530711725086779751e+01 4.110294308210380620e+01 5.114919513794263395e+01 4.785294015453526839e+01 3.179173965874151619e+01 4.598130267025918272e+01 5.705335755863968217e+01 7.714303166243040266e+01 6.830815279814191854e+01 4.821522780101348360e+01 3.711247584956112178e+01 3.164607607022801261e+01 4.581975110772535231e+01 6.592167722042792377e+01 7.400506366582624196e+01 8.231930535082639722e+01 9.236244011324662040e+01
6.510866554257997707e-02 2.006510866554222616e+01 3.231952062770051981e+01 2.386652601149253883e+01 3.541353139528546023e+01 4.955566701901690863e+01 6.955566701901832971e+01 7.166637981877484265e+01 7.608499445758620539e+01 6.169396811651863288e+01 4.327131865938589073e+01 4.481346403596062800e+01 6.266084143652016536e+01 5.436959761788924794e+01 4.166215657449779286e+01 6.167866197724708854e+01 7.998294572594309670e+01 8.999401220051117889e+01 8.475301043198267337e+01 7.471510775272081162e+01 6.641282517905555949e+01 5.114919194441840489e+01 3.107392842904064878e+01 2.778425115716345672e+01 4.785294015453526839e+01 6.019054745395527561e+01 7.430718723841957285e+01 6.529039390954535804e+01 5.695991310440862776e+01 4.821522768709963458e+01 2.819685422379025042e+01 4.821522780101347649e+01 6.003000545934200716e+01 6.325853015425062864e+01 5.390014041792593957e+01 6.395616533373583223e+01 7.817235427525093883e+01
8.953482861371392376e-02 1.423167045234478856e+01 3.423167045234549022e+01 4.386652601149324227e+01 5.215079725895544271e+01 5.416874641185189176e+01 5.901910590991131045e+01 5.166928394676013170e+01 6.580858952964666742e+01 7.176964967242982141e+01 5.742543165749604128e+01 5.478204845545464963e+01 7.333979325229768165e+01 6.997091495977454656e+01 5.321385033590747327e+01 5.166464633311844779e+01 6.167844023620569516e+01 8.170691500654578476e+01 7.646395857145951425e+01 5.636170801443320499e+01 4.631578857348033296e+01 3.962519667765553066e+01 4.509304983438148895e+01 2.503593348054847212e+01 4.509629447024402538e+01 5.131952162994978295e+01 7.141319111961641397e+01 5.692129822732367472e+01 3.685460583622043629e+01 4.271910982026891190e+01 2.593589789282400560e+01 4.591896268147585403e+01 6.325853015425062864e+01 4.314774350307980200e+01 6.325853015425062864e+01 7.262383566772243171e+01 8.267140764512582507e+01
