LEM/with_lateral_4open/elevation_000594.asc
nrows	100
cellsize	150.0
xllcorner	0
ncols	100
yllcorner	0
NODATA_value	-9999
[rows 0 to 16 of 100, columns 0 to 36 of 100]
8.271705653423140625e-02 2.127631151761726416e-02 9.425194436011796739e-02 4.939197167322698090e-02 3.975871534419905817e-02 6.171646774684565184e-02 1.696294146011132625e-02 1.936121709489252440e-02 4.216450047424835645e-02 2.297044857093000214e-02 6.704298068806634203e-02 4.162315340452049650e-02 3.835349583220235004e-02 2.777463300387698203e-02 2.207885817162396139e-02 7.161913568127860341e-02 9.025521335945362045e-02 3.502399586135773735e-02 8.040414306008919487e-02 3.131346976591601466e-02 7.604099264847130613e-02 2.387740603804927586e-02 5.687112022313325910e-02 4.074439634684711570e-02 8.709178300582484655e-02 7.612946965408906586e-02 1.077918208624280109e-02 9.929772718869623455e-03 4.600412614040166881e-02 2.152795518990661267e-02 2.378824418737431057e-02 9.511189423522797837e-02 9.406546861214974686e-02 1.749038473908382007e-03 2.223905489293687143e-03 6.269637160239108220e-02 9.476101746191394060e-02
7.813061968023242432e-02 2.002127631151726206e+01 2.009425194435976181e+01 1.419152759540405206e+01 2.003975871534384368e+01 9.005988377745925533e+00 2.001696294145975585e+01 4.189649498236406089e+00 2.004216450047389131e+01 1.416510612380358580e+01 2.006704298068770953e+01 2.161618913417236332e+00 2.003835349583184566e+01 2.002777463300352068e+01 6.346634178508409718e+00 2.007161913568092260e+01 2.009025521335909659e+01 1.158202937965397616e+01 1.422253976679116505e+01 2.003131346976556060e+01 3.162107991890315883e+00 2.002387740603769473e+01 1.160385829986713802e+01 2.004074439634649352e+01 7.158159600823894131e+00 2.007612946965373268e+01 1.415617140438920529e+01 1.997815704352485611e+01 1.256459191478007886e+00 2.002152785997121143e+01 2.002378824418702052e+01 1.164211727802764251e+01 2.009406546861179521e+01 4.473884993473506100e+00 2.000222390548893969e+01 1.420483199533346585e+01 2.009476101746155763e+01
2.526786264046545702e-02 8.969539772639700814e+00 2.896953977264005786e+01 3.419152759540334330e+01 3.729025961916322984e+01 2.055299376153823587e+01 2.845366382534922067e+01 8.453663825348652239e+00 2.845366382534922067e+01 3.416514015406638549e+01 2.429361793162181371e+01 4.293626076973332317e+00 2.429362601939337907e+01 3.463090542499450208e+01 2.634663417850876499e+01 1.703708385500557654e+01 3.703708385500627998e+01 2.572416500338517764e+01 3.422253976679186849e+01 2.628558410483268659e+01 6.285583229662450755e+00 2.628558398134969920e+01 2.574503293490279532e+01 3.546134837439798559e+01 1.610243391638678290e+01 3.546389713440517966e+01 3.422160367335448683e+01 2.246912483142462946e+01 2.469137316659675285e+00 2.246915820731612001e+01 3.992638852548853379e+01 3.164211727802728547e+01 2.906219967088513911e+01 9.062199670884782066e+00 2.906219967088513911e+01 3.420483199533416752e+01 2.733547556042757876e+01
4.163169627051844027e-03 2.000416316962669683e+01 2.529947139119451194e+01 4.529947139119521893e+01 4.055299376152466095e+01 3.575663125875318826e+01 1.575663125875080262e+01 2.000066920914096258e+01 3.673793505305168594e+01 3.800991946451762260e+01 1.800993603829162026e+01 6.462930655159884630e+00 2.646293064432702025e+01 3.796040321236286985e+01 4.532135510266216016e+01 2.858408923879829544e+01 4.532135510266702028e+01 4.572416500338588463e+01 4.337296312271482179e+01 2.953001316024616685e+01 9.530011652277728729e+00 2.953001312350622953e+01 4.571586349308935837e+01 4.444680617770906395e+01 3.024587623240626044e+01 4.443225301535930072e+01 3.784319869562527572e+01 1.783105697784711197e+01 3.688558838359062619e+00 2.327120915125505363e+01 3.433830563646252187e+01 3.722716548016260418e+01 1.722716548016190075e+01 2.060920505467709418e+01 3.734647091834567334e+01 4.274106579935107675e+01 2.272864304254256851e+01
5.883922493566802470e-02 1.420097484866649218e+01 3.420097484866577986e+01 5.358374263865741227e+01 6.055299376118119881e+01 4.130363322099940149e+01 2.130363322100299683e+01 4.000066920910904145e+01 4.828494039521734038e+01 4.629357048050095358e+01 3.474659219166263568e+01 2.578868611056831739e+01 9.665493733717374525e+00 2.967058530162718455e+01 4.662784652274543618e+01 4.858408923879900243e+01 5.686836048659740328e+01 4.923188141824298469e+01 2.922044356862664927e+01 1.507701396275570715e+01 2.953001316024616685e+01 1.952948754184431479e+01 3.365942776076925469e+01 5.358542490136603931e+01 5.029464320634538410e+01 5.255158136055423768e+01 4.238753960675251875e+01 2.332014650574398829e+01 2.230823221990487326e+01 5.435966951681081127e+00 2.639490537007196380e+01 4.355172080049925398e+01 2.355172080049854699e+01 4.060920505467638009e+01 4.889347630213799079e+01 5.104850356640894660e+01 3.566162024360885141e+01
1.256007409845548775e-02 1.415469569782953130e+01 3.415469569783023474e+01 4.547655091360817892e+01 5.376232251918644778e+01 4.958790446280022479e+01 4.130363322099940149e+01 3.073172363682346386e+01 5.073172363681661778e+01 5.498186770159369985e+01 3.625922915170523453e+01 3.198428106435253326e+01 1.197489481682028689e+01 1.904607676181548470e+01 2.660631778346139953e+01 4.076054650375159838e+01 6.079276180311970990e+01 5.090962999756508367e+01 3.088919297872041980e+01 1.934102942943273362e+01 3.935082529544233410e+01 3.931670727971363988e+01 3.365942791220108177e+01 5.358550659093641855e+01 5.255711180190078835e+01 3.281322982478615558e+01 3.643212055911778435e+01 2.710761060582940729e+01 7.200291317244492895e+00 2.335265139500318909e+01 3.422629190871105465e+01 5.183599204796144733e+01 4.355172080049925398e+01 3.509872618429065483e+01 5.509872618428994429e+01 5.827767814467047458e+01 4.051625936790107119e+01
9.594114293757748102e-02 2.009594114293722100e+01 3.133438527234594773e+01 2.547651193540608361e+01 4.547655091360817892e+01 6.488502655783699424e+01 5.829101309699677103e+01 3.829101309700774181e+01 5.829101309699677103e+01 5.486086390606753582e+01 3.095262216522671750e+01 1.697485588479244356e+01 1.545644806659687909e+01 3.539094866840979137e+01 4.662784652274544328e+01 4.662784652274625330e+01 6.665948363384130460e+01 5.921171531265601118e+01 4.446831868743784355e+01 2.420020943739437413e+01 3.798680523564761558e+01 5.601174658335676071e+01 5.358551190952738352e+01 6.182174842361413880e+01 5.039070223520265301e+01 3.065397073939990946e+01 1.659070807986733342e+01 9.033688311272863203e+00 2.710742158203373009e+01 1.426910999246781486e+01 3.406465612391188102e+01 5.024770164157875030e+01 6.338299743175154788e+01 4.924086180802110846e+01 6.338299743175154788e+01 4.995488337374422372e+01 2.993253826438804666e+01
7.711341127313005306e-02 2.007688377725956030e+01 1.133437658956941618e+01 3.133438772812619177e+01 3.660855709506222411e+01 5.660762489444083201e+01 6.657528433287335190e+01 5.243314872073819544e+01 6.657528433287335190e+01 6.016694390880816457e+01 4.069799643474940609e+01 2.087740693257299540e+01 3.539094866841248432e+01 2.062037957188397996e+01 4.053214418422595600e+01 5.413955822807219675e+01 6.556654854738252425e+01 5.532681804451880936e+01 3.501242588016774704e+01 4.446831868743784355e+01 3.702836433133976612e+01 5.733845836435996546e+01 6.933325037338703112e+01 4.936408226797648524e+01 4.936408226797648524e+01 4.422378397237049796e+01 2.445146236565461351e+01 1.035244925800270366e+01 3.024319669076118799e+01 2.830905481759107190e+01 2.241157586683880609e+01 4.210407652531014122e+01 6.005933708256335990e+01 6.924086180801968737e+01 6.413581972792015051e+01 4.408094720270349143e+01 4.408094720259354204e+01
2.297228869525369793e-03 4.474433183869122921e+00 2.447420403378793452e+01 2.027864849918778845e+01 3.027864846642320984e+01 4.442077053765545003e+01 6.441949173940820117e+01 7.243314872070075694e+01 6.348739749049473602e+01 4.384951078036674232e+01 3.271234164602797989e+01 2.543597224725849770e+01 4.524175450667365084e+01 4.053214418422595600e+01 2.606309674281547828e+01 3.757625296927731995e+01 5.737143653579558134e+01 6.366638316032710776e+01 4.939698174581283752e+01 5.532681804451880936e+01 5.147312276315119561e+01 6.573595062400976019e+01 5.945071287127814230e+01 4.761842052143816773e+01 2.927686816775436185e+01 3.647368079279434028e+01 3.156581330546115538e+01 1.168282946828818858e+01 3.156581331973899296e+01 4.795979895602046383e+01 4.210407651921502747e+01 3.230804114710494446e+01 4.362494392885247407e+01 6.320420886627402979e+01 7.247440626527219365e+01 6.413581971164833817e+01 6.413581950382503294e+01
9.647730019007895452e-02 2.009647730018972211e+01 3.275766037995312985e+01 4.027845441450641317e+01 4.855959930177180439e+01 5.855778330808607990e+01 6.233156692908099217e+01 7.061583817657810869e+01 7.169065641354353602e+01 6.032455630424357196e+01 5.003702451638434923e+01 3.026561976299063872e+01 5.003702451638434923e+01 5.413955822810475382e+01 4.594268197500821316e+01 3.238279474890438081e+01 4.642943085771670297e+01 6.617848477426261411e+01 6.964270925950707181e+01 7.551814785246034489e+01 7.173235942758280714e+01 6.673647305555536491e+01 5.104966117664228165e+01 3.083409621272706858e+01 1.926877152111440239e+01 1.638177394724437974e+01 1.358114732556826176e+01 2.941445080209530616e+01 3.795939529441125870e+01 4.665902329936669446e+01 6.005912929848511084e+01 5.190011498377837995e+01 6.005933708256335990e+01 7.139739120508171766e+01 7.269740119581275906e+01 6.441259255898135905e+01 6.394363752177901716e+01
3.582433992925927735e-02 1.417795996366033506e+01 3.417795996366103850e+01 5.116000690777461557e+01 5.944427815525358483e+01 5.906883279277051457e+01 4.233156692908028873e+01 5.078456154528807787e+01 7.078456154528949185e+01 6.612267133159338073e+01 4.642185789164966536e+01 3.689946110267496948e+01 5.003702451638435633e+01 6.975213999200164494e+01 5.846778257512822563e+01 3.869093683495703573e+01 4.301878073959694859e+01 5.699278569627492885e+01 7.672671216702482866e+01 7.819506784500143226e+01 6.645406989689462307e+01 5.737579548511781269e+01 3.805933303047739713e+01 2.385743675207329417e+01 3.937819930290547887e+01 3.647368076864628250e+01 3.358652578014726231e+01 1.575689374724126068e+01 1.900225302910515879e+01 3.864448495816046147e+01 5.145085860013345780e+01 6.508061567479420262e+01 6.862186169694527393e+01 7.673705190138490195e+01 6.441267981122902597e+01 4.440644861527772491e+01 4.394383982757562990e+01
1.813270376062421294e-02 2.001813270376026921e+01 3.483007528921980622e+01 3.116000690777391213e+01 4.652354999645353928e+01 5.078456154528807076e+01 3.078456154528736732e+01 4.371349373342247446e+01 6.371349373342317790e+01 7.433165459469118730e+01 6.479234073296072438e+01 4.829261344216345719e+01 5.084060857506432285e+01 7.052422457522395405e+01 6.544185351616363278e+01 4.571620209663499423e+01 6.277271894012084630e+01 5.914988550925487232e+01 7.889247913057106132e+01 6.981509373625657133e+01 4.943561380107552594e+01 3.774604553165460885e+01 2.877998050373782846e+01 4.399898808271657913e+01 5.239790304301642010e+01 3.795868203630470816e+01 1.824740931408170397e+01 3.547404771012189428e+01 3.864299052824213021e+01 2.393069583412549406e+01 3.782110152547278403e+01 5.510057394455343882e+01 4.949987375255850708e+01 6.862185833052512862e+01 6.181762139540618506e+01 4.181102233019175429e+01 3.027418519668564301e+01
2.372884694381488524e-02 2.002372884694345956e+01 1.483007528921910101e+01 2.904808103938862729e+01 2.652354999645283584e+01 3.685355032772199735e+01 2.371349373342176747e+01 3.785562935715321942e+01 5.785562935715392285e+01 7.768690598846191619e+01 7.617546874262582435e+01 6.796183874874556352e+01 7.052422457522395405e+01 7.874407289085741013e+01 7.364080991297674927e+01 5.558763881283824304e+01 7.364080991297674927e+01 7.889247913057106132e+01 7.686018640269161040e+01 6.847435030049184945e+01 5.481933001281763751e+01 3.455402461944905923e+01 4.896924025078198639e+01 5.737579548511781269e+01 5.343354620583986048e+01 3.400241268548351314e+01 2.002245676630861126e+01 3.966182182529351508e+01 5.139105760293205094e+01 4.344998889744622517e+01 2.936705823618713040e+01 3.594754785265900665e+01 4.703578582425801358e+01 6.611727091373676046e+01 7.012120166127819232e+01 5.856272321428792083e+01 5.026669083939589200e+01
8.175220331382776484e-02 2.968503549261962693e+00 5.885803379219866294e+00 9.048081039388272018e+00 1.238141437272163436e+01 1.685355032772129036e+01 3.685355032772199735e+01 3.785562935715321942e+01 4.940263474094614082e+01 6.940263474094756191e+01 7.824958596076122319e+01 7.786115151613802254e+01 8.212484747677770258e+01 7.874335638614761024e+01 8.351441704547026745e+01 7.529606821948885909e+01 8.351441704547026745e+01 8.286332626466445106e+01 6.251424130747110297e+01 4.805740825641449021e+01 4.090174076201904541e+01 5.481933001281763751e+01 6.322906323124287553e+01 6.458029409469517645e+01 5.646380150582767499e+01 4.146439301099398733e+01 2.182640302935328691e+01 3.578536749222514146e+01 5.527426072663013912e+01 5.671423238579504300e+01 4.871623177531684945e+01 3.656310974706241268e+01 5.570660400380294419e+01 7.421323567676139987e+01 7.887387056664042007e+01 6.887138529352974103e+01 6.058363615473038521e+01
9.124702163186203252e-02 2.009124702163150644e+01 2.588580337922022068e+01 2.319021666311947527e+01 3.238141437272233958e+01 2.054638018199904081e+01 3.054638018199921845e+01 4.209338556579213986e+01 6.209338556579284329e+01 7.239764157374663966e+01 5.832088170233620161e+01 5.786326626922465977e+01 6.212718278735247424e+01 5.874531550838409544e+01 7.126887752437718859e+01 7.955191864294143045e+01 8.955066376262489314e+01 8.507284240413187604e+01 6.474392432736490832e+01 6.741142153124717140e+01 4.699577075497042955e+01 6.741142153124717140e+01 7.021960141892658669e+01 5.076596262053141118e+01 3.683312908776920835e+01 3.004488718397682590e+01 2.366072995323541761e+01 3.507288867564371770e+01 4.877587141031303730e+01 6.813675356275336981e+01 6.098811289349897180e+01 4.194588227396109659e+01 5.536810384198657431e+01 7.455601496631966540e+01 7.058470465868191468e+01 5.058256990529976349e+01 4.057631817127124663e+01
2.239863785106879432e-02 1.416453426158214413e+01 3.416453426158285112e+01 4.319021666312018226e+01 4.883065142945419979e+01 3.468851580573048921e+01 3.468851580573048921e+01 5.468851580573119264e+01 7.037765681326268918e+01 6.242349864803821191e+01 4.418650517657741261e+01 4.372142504413696429e+01 4.798542507322152773e+01 4.460341590489370134e+01 5.127006316435151234e+01 6.126994185268859638e+01 8.126781319606556053e+01 9.341130819649795569e+01 7.918007403631408181e+01 5.879616996091549908e+01 6.741142153124717140e+01 7.580072976074819735e+01 7.565221792697073511e+01 5.492419138385087507e+01 5.646380149966615392e+01 4.516339720210901021e+01 2.561369256838326081e+01 4.516278038860382793e+01 5.230728764257308683e+01 7.174315632266984721e+01 6.904455585204019030e+01 6.098811289349897180e+01 5.209146452969442009e+01 7.120543755726799873e+01 7.887387056664042007e+01 6.887138529352974103e+01 6.058363728199085330e+01
1.766589122093755945e-02 2.001766589122058093e+01 2.532642821372796860e+01 3.946856383745841867e+01 5.946856383745770813e+01 5.468851580573119264e+01 5.468851580573119264e+01 6.297278705319892822e+01 6.645912812024508298e+01 5.417218460797232638e+01 3.418673153889233873e+01 3.217444680368970467e+01 3.643846024977135301e+01 5.643797087504628252e+01 7.126887752437718859e+01 7.955191864294143045e+01 8.955066376262489314e+01 9.027045091340248462e+01 8.753214068276136572e+01 7.324991306449315687e+01 8.753214068276136572e+01 8.409004455867551542e+01 7.600830475417977539e+01 7.339020792526189041e+01 6.388194041704092996e+01 4.460735592979126807e+01 2.759470677240307523e+01 3.291328109952841174e+01 5.230774205528567222e+01 6.798508675737869567e+01 7.609091855663673698e+01 7.932843829195267915e+01 6.302186759832679286e+01 7.935127160595629903e+01 8.312318816368537000e+01 7.483854667452763465e+01 5.979795274762278012e+01
