LEM/with_lateral_4open/elevation_000266.asc
nrows	100
cellsize	150.0
xllcorner	0
ncols	100
yllcorner	0
NODATA_value	-9999
[rows 68 to 84 of 100, columns 37 to 73 of 100]
6.338726675561124324e+01 5.671867250234401325e+01 5.588880481853876603e+01 7.588469079159796138e+01 8.964226390313413617e+01 1.012657394083784794e+02 8.803440805057176988e+01 6.794213217608982802e+01 5.275311618411882364e+01 6.698959378051455360e+01 4.748521273157092537e+01 5.796576293974673177e+01 6.966775069034274281e+01 8.968896978264922382e+01 8.936552801979320293e+01 6.934967575439513610e+01 8.936552801979320293e+01 7.465486227071828296e+01 8.986525557025483124e+01 9.815566330064666545e+01 1.029553681529660309e+02 1.078552333707356894e+02 9.440290046373812061e+01 7.467299281689236068e+01 6.082371750545452471e+01 8.045174897446919715e+01 8.749058268849206854e+01 7.762926199157864460e+01 5.958189474333742197e+01 3.976960030369366450e+01 3.344553188199005689e+01 5.328977942414608293e+01 6.970360782576823055e+01 6.653114539916832371e+01 6.653114539259773608e+01 8.096343761807941064e+01 7.363188568235335651e+01
8.337745304604629837e+01 6.985570364485667483e+01 4.986763765901829970e+01 6.140838750494903309e+01 8.139495208576892082e+01 8.916388295508900796e+01 8.089135347945452281e+01 8.212038140200883163e+01 6.698959378051455360e+01 4.346039506218001236e+01 4.616193866685716074e+01 6.526800985054590853e+01 7.898444111615117436e+01 8.901761315700068167e+01 8.228885558574765469e+01 6.227942439834396993e+01 8.228885558574765469e+01 6.465185468837240990e+01 6.985210499641726756e+01 8.986525557025483124e+01 1.055664350853799647e+02 9.962667558247143518e+01 7.984122511912920572e+01 7.004342773817174361e+01 7.060377316077347132e+01 8.864833248860811921e+01 7.928621025515172960e+01 5.959855574352141616e+01 4.972140648733824975e+01 5.601808126773385510e+01 3.616704311064521704e+01 4.767322873332562239e+01 6.164512285662060975e+01 8.135277941259656131e+01 8.626313320739532742e+01 8.936346762966449830e+01 7.967361780472457156e+01
8.547195795322922152e+01 6.637622797095245630e+01 4.639456370231534521e+01 6.052383826080949092e+01 8.050514658147244518e+01 8.089135347945452281e+01 6.078103548736201134e+01 6.667121125542806226e+01 6.303343257995022242e+01 4.385525861517592006e+01 4.207306141199653382e+01 5.045662623462016683e+01 6.063951720942169032e+01 8.074935122074883509e+01 7.625578508419735613e+01 5.625672958409580815e+01 6.841151014725603829e+01 5.571561896964571758e+01 6.570790029728985360e+01 7.725977619404351060e+01 9.727626991242229337e+01 1.078552333707356894e+02 9.795078576927228653e+01 8.136735540303976677e+01 8.449695809885291453e+01 9.851722087495372193e+01 8.749058268849206854e+01 7.762926199157864460e+01 6.944238299933660130e+01 5.885010649473351663e+01 3.902594922172731629e+01 5.885001387871509593e+01 7.077842252224640163e+01 7.077852049385059274e+01 9.050219419046069902e+01 8.137949632891704255e+01 6.195643355008738240e+01
7.005507495694551778e+01 5.723884865163336855e+01 4.311421292748380552e+01 5.862425849463166827e+01 6.689007902930283933e+01 7.772558204974896512e+01 6.667121125542806226e+01 4.653492590178189658e+01 5.590791399319121524e+01 3.886717188880055573e+01 5.886813788233516931e+01 5.652489562012077329e+01 7.669913572795907442e+01 8.901761315699961585e+01 8.255748577640264330e+01 6.255205500226109905e+01 4.843021325904761198e+01 6.841151014725603829e+01 8.400388414853195229e+01 8.117338284222567779e+01 8.946334064018117260e+01 9.841336408115594736e+01 1.093916603589678544e+02 1.011629315926158057e+02 1.043088422427550341e+02 9.819252153512522341e+01 8.935819192199369354e+01 8.114917140607293788e+01 7.493658856157823323e+01 6.272882756687923234e+01 4.295115203869248433e+01 4.534619058779013301e+01 5.109135937718839671e+01 7.077852855952845346e+01 8.949956128382173404e+01 8.936346762966449830e+01 7.967361780472457156e+01
5.006657906838683658e+01 4.607629437846180309e+01 4.223623277725823044e+01 3.865151557754705891e+01 4.948924336158337667e+01 6.360741261820571424e+01 6.147351321136676461e+01 5.316576428671786658e+01 3.603915174771235286e+01 5.590791399319121524e+01 6.719168508325999767e+01 7.669792096848919982e+01 8.499393199506957330e+01 8.899528092609779151e+01 8.070556674244150486e+01 6.493321281281077972e+01 4.495972140382666282e+01 6.493321281281077972e+01 7.117166244356864979e+01 6.116994204491172127e+01 7.011090489577821927e+01 8.426076262510989068e+01 1.042760873207073615e+02 1.087895174166198728e+02 1.039850226251562333e+02 8.415345371965328525e+01 7.025593401297450669e+01 6.150325949328183128e+01 5.528216413041606359e+01 4.978671428337731442e+01 5.047808927803983892e+01 6.509534587519912918e+01 5.677762544013062751e+01 6.162373314851194550e+01 8.129126829874199700e+01 9.301112128503199017e+01 7.353361111311903642e+01
6.160780880171962082e+01 6.605737577923373749e+01 5.376530448997274192e+01 5.534075978535200591e+01 3.537061659755143950e+01 5.218320290168733067e+01 5.316576426961552215e+01 3.336579176573508931e+01 5.316576428671786658e+01 5.001198888347102667e+01 7.014193635581364106e+01 8.835440087717260838e+01 8.006410865361324625e+01 8.070556676591296252e+01 6.070468089469448358e+01 6.160429757858458544e+01 4.163611492024548255e+01 6.160429757858458544e+01 5.118446672363529615e+01 6.531193976223185871e+01 8.531828441259737872e+01 9.841336408115594736e+01 1.029507771870923278e+02 8.880606208922077371e+01 1.029507771870923278e+02 9.819252195186051324e+01 8.935819192199369354e+01 8.114917140607293788e+01 7.493658856157823323e+01 6.117192924138828403e+01 5.930503767106888802e+01 7.835687835842392701e+01 6.557313816776994031e+01 8.129126829874199700e+01 7.766350448868298884e+01 9.743296616083978279e+01 8.734448992885145913e+01
8.159425511751251747e+01 8.200570640170214176e+01 7.375043582931391484e+01 6.360741270566616379e+01 5.218320167455102165e+01 3.221683121229398949e+01 4.908382415432823365e+01 3.148545482576169263e+01 5.127791098003324066e+01 7.014193635581364106e+01 7.843617496944834500e+01 7.680527175697976361e+01 6.006492755913916426e+01 7.111297889767155311e+01 6.656280470973355534e+01 4.658482676131011146e+01 3.844043627646460237e+01 4.303920377965400945e+01 6.301192395973925642e+01 7.461512709757691653e+01 7.461512709757691653e+01 9.462705828532277508e+01 9.404870460601667048e+01 7.479995193475969018e+01 9.404870460601667048e+01 9.753469183331330328e+01 8.922145600095234386e+01 8.922145600095234386e+01 8.904910898174638589e+01 8.084188798950076205e+01 7.318390135653356765e+01 7.896479233956047494e+01 7.690768925198401007e+01 9.348027553768602615e+01 9.743296616083978279e+01 1.003151816990421281e+02 9.057924552279649788e+01
8.315365356849355294e+01 6.911636287122159672e+01 7.216906223969864698e+01 6.391739839566069747e+01 5.690876757962261934e+01 4.905829164043430524e+01 2.912189197232174109e+01 2.960934549168340979e+01 4.946426287466217531e+01 6.857063576834234198e+01 7.685755778481920686e+01 6.851755800193274126e+01 4.853441084534577499e+01 5.112638038115568406e+01 6.043864151459291634e+01 5.215758734628143145e+01 3.549354923135826567e+01 4.125802925571799307e+01 4.756584617707256513e+01 5.462048859188359984e+01 6.875412445710162501e+01 8.876483916131698493e+01 8.577780828993432749e+01 6.608417573258324751e+01 8.577780828993432749e+01 8.922145600095234386e+01 6.940045537944260445e+01 6.940045537944260445e+01 8.024399672405822059e+01 8.852572643135395936e+01 9.292109775338428790e+01 9.873709330379830362e+01 9.667702180499546216e+01 1.049136688184695174e+02 1.060066763796507558e+02 8.646279209797711474e+01 7.278539917682371652e+01
8.209080712151218506e+01 7.276953587277914437e+01 5.297554970523621876e+01 4.411137807537889444e+01 3.710386221736065693e+01 3.085827879397280782e+01 2.697117455882892045e+01 4.693551858527110454e+01 5.443730663662690716e+01 4.858309003889723954e+01 6.857063576868510779e+01 6.851596005883742180e+01 4.853440906949029454e+01 3.700569224556025461e+01 4.914559221012798673e+01 3.217827187228860453e+01 5.215758734496738214e+01 6.122768972633892304e+01 6.754595486020220108e+01 7.461512709757691653e+01 8.290460172541160944e+01 8.668321406651976702e+01 7.955013486156664726e+01 6.001244395115674735e+01 7.955013486156664726e+01 8.757831083664406435e+01 6.785042586951342969e+01 5.574515775688630725e+01 6.064804060253780449e+01 7.441438051613471316e+01 9.431793523665719192e+01 9.921708087064703818e+01 9.094505861209741227e+01 9.921708087064703818e+01 1.086111699046274310e+02 8.904230969351687008e+01 7.534539283379672270e+01
7.624050760245030744e+01 6.233769883156866598e+01 7.068632264837067680e+01 5.748775119175495973e+01 3.790333160235651633e+01 4.561271610515126440e+01 2.564938747415970965e+01 4.376072480721705915e+01 3.446337503535509228e+01 5.443730664386554707e+01 7.007372178621695014e+01 7.679146039766693832e+01 6.525948899149227600e+01 4.914559218899902504e+01 2.915128042305781264e+01 4.914559221012798673e+01 4.070140170123201528e+01 6.067388123371042497e+01 7.895481160509200436e+01 8.895715618351768228e+01 8.500677028144544067e+01 6.704141554073538600e+01 6.704141554073538600e+01 5.471475722823448962e+01 7.413135437067047917e+01 8.522256575973638348e+01 6.785042586951342969e+01 4.853793382598199457e+01 6.784092639206934905e+01 8.000603377387668047e+01 9.248011106788472091e+01 8.930186177707633988e+01 7.117260623859020541e+01 8.930186177707633988e+01 9.850554274044411329e+01 1.029085725316217292e+02 9.477389614925957062e+01
9.039747653031672314e+01 7.068634826486780298e+01 5.121325122241299255e+01 4.556906687472277895e+01 5.748774972758410229e+01 5.389172951097344111e+01 4.376078223457680849e+01 2.379176223511622368e+01 4.201470044302742934e+01 4.197613904635021953e+01 5.992297644158387726e+01 6.511402775148013689e+01 5.680215194477705154e+01 4.719434610857030066e+01 2.719219875869774938e+01 4.719434619460079006e+01 6.067388123371044628e+01 5.068088041132320853e+01 6.066625346684050868e+01 8.066751064535496596e+01 7.677927177955197635e+01 5.730352637113570324e+01 4.770950722096932850e+01 6.134076372563467316e+01 6.736201349891076973e+01 7.553375680738628262e+01 5.744856912602826071e+01 4.384098728431749947e+01 5.309360727245898914e+01 6.650106044840464392e+01 8.028869336207239371e+01 8.105883242534390831e+01 6.150853293273980427e+01 7.052943527777152610e+01 9.024199700079590514e+01 1.048465869852078498e+02 9.380573668300566226e+01
9.055220856065713519e+01 7.068634781791497801e+01 6.918453295082036902e+01 4.843339425425631362e+01 4.414808251529573369e+01 3.500434760551813440e+01 3.018623197608646436e+01 4.201468734030958530e+01 2.204361597814297369e+01 3.202446514509902897e+01 5.180836350024842574e+01 5.609856867945016035e+01 3.727238358908016380e+01 4.273643555629891466e+01 2.528433907068944819e+01 4.526963783253185625e+01 6.084828191786932194e+01 7.066688205609773377e+01 7.895481160509200436e+01 8.895715618351768228e+01 8.500677028144544067e+01 7.254690417634284927e+01 5.313382879433935813e+01 4.196568190252343555e+01 4.796398606576738644e+01 6.427844505952616316e+01 5.884574120388847973e+01 3.944498263739831145e+01 5.571735252925127213e+01 5.351656722960021284e+01 6.277074655577339968e+01 6.654838876596491559e+01 5.477464188540424317e+01 7.414675775261967772e+01 7.674009957666274317e+01 9.656829077251138926e+01 8.548606390008815481e+01
9.436707094369553772e+01 7.438359492878902302e+01 6.041912689358554900e+01 4.929999928589258218e+01 4.298743315078554161e+01 5.508794331614535622e+01 5.023986387779222440e+01 4.080054119911386579e+01 2.082782503806692986e+01 4.080054111187111232e+01 5.992296903866456148e+01 5.134030464445426389e+01 3.032779082421296124e+01 2.274894512224526366e+01 2.541629466144302896e+01 3.242441970406248686e+01 5.256614821787928804e+01 6.774676241720425196e+01 7.603380565584814121e+01 8.603459254779757259e+01 9.071527790247345990e+01 8.072725662271000147e+01 6.228759246994488308e+01 4.291853072157629612e+01 3.668286765377580139e+01 5.196145926207039878e+01 5.503351579313366670e+01 3.555325963101456921e+01 3.647880797407374587e+01 3.987866646267317350e+01 4.347208526349101021e+01 4.728611742082625824e+01 5.365342931552400074e+01 6.084566185224950630e+01 8.037864045511976485e+01 9.411194497089118727e+01 8.408370229073705104e+01
9.216073362320670981e+01 7.340899481051950204e+01 6.108734079622099955e+01 6.883237312813419351e+01 6.274448941328000728e+01 7.100318591915004163e+01 5.185611236756816567e+01 3.300345797650241764e+01 1.961833342206953290e+01 3.789888801873433977e+01 4.617871341146103958e+01 5.573675261341205101e+01 4.100248454524734143e+01 2.100598949040687913e+01 4.100248458377796368e+01 5.256614821787928804e+01 4.110539775119288208e+01 4.776398166647003052e+01 5.774809563380174637e+01 7.774542920060682150e+01 8.246485774923085899e+01 6.286892751046987371e+01 5.324901693819992943e+01 6.228760148454719570e+01 4.626625238593378953e+01 3.239060617674947196e+01 4.794990695734512798e+01 3.179171858515142546e+01 5.134548999879430653e+01 5.924730918262840618e+01 5.707629325154893962e+01 6.083372298356573538e+01 7.299586849118540499e+01 8.037864045511976485e+01 8.861929891390950331e+01 8.579150356006009304e+01 6.574779136080577757e+01
9.941130972834163515e+01 8.865146860588583877e+01 8.041308680283235333e+01 7.823515353477121437e+01 6.987006857294454676e+01 6.902055371919894355e+01 5.813161961730842364e+01 4.766063108227418610e+01 3.750248677986768797e+01 1.791978645473420428e+01 3.621634308628967602e+01 3.989333102115584495e+01 3.694605428884695186e+01 1.930570033751968850e+01 3.344240046051221071e+01 5.343321530478597481e+01 6.108583550029283060e+01 6.774676241720425196e+01 7.603380565584814121e+01 8.603459254779757259e+01 9.071527790247345990e+01 8.087010630573225001e+01 7.266689262985036635e+01 7.387406557612843017e+01 5.846636326068881573e+01 4.507835194408720980e+01 2.832492880390456591e+01 4.580490711275506044e+01 4.635627098555864478e+01 6.766256721993734402e+01 7.651837295313229959e+01 8.034481240226266152e+01 7.840177345002125264e+01 8.669000256653190206e+01 9.125906777187434216e+01 9.411194497089118727e+01 8.408370229073705104e+01
9.167716662853871412e+01 9.417938360108996676e+01 7.403535461568633025e+01 5.990392531482713423e+01 5.050608059716027753e+01 4.395865375396000019e+01 3.808641525417975515e+01 5.008435247058473294e+01 4.002575328184047976e+01 2.001119012976571909e+01 1.623308911376635777e+01 3.460451137653480913e+01 1.695775064801318166e+01 3.693603713782616182e+01 3.349180607071080118e+01 4.755223954086008575e+01 6.741305098846213184e+01 7.611417219437964832e+01 7.611417219437964832e+01 8.447198180403165679e+01 8.358058325804007893e+01 7.539098141010281040e+01 8.358058325804007893e+01 7.193349671895656172e+01 4.979829564104245065e+01 3.668392375206765621e+01 4.012502570284846115e+01 2.571878192956199527e+01 4.786708156640077050e+01 5.886894268039934275e+01 7.913012945101530704e+01 7.514897188070514744e+01 5.842036628045333657e+01 7.514897188070514744e+01 7.125690741180393672e+01 8.540794283528990150e+01 8.905680311521477677e+01
9.050559565455262145e+01 8.220352130658082501e+01 8.826083515577035143e+01 7.229342847904383973e+01 5.396598390457329941e+01 4.430287794567713178e+01 3.690013206174408822e+01 2.995728981088164744e+01 2.567545034172178831e+01 4.002835648284358427e+01 3.461900137347489448e+01 1.463283920196667509e+01 3.330751604664946086e+01 3.937344221008141432e+01 4.853671164379098002e+01 6.157096266721438838e+01 7.023035702034248118e+01 5.598873223665337662e+01 5.598873223665337662e+01 7.611417219437964832e+01 7.364509115804951023e+01 5.547876790472490427e+01 6.886803919694099818e+01 6.373067061998288807e+01 5.779854895926568759e+01 3.769731103152243890e+01 2.320288975528606912e+01 4.317575545123820291e+01 3.915889898620319798e+01 5.886894268039934275e+01 7.204636986961038758e+01 6.376395803456058076e+01 4.689436901279685088e+01 6.447753448864196457e+01 5.713317747056152740e+01 7.711540454288783053e+01 9.102695965962300306e+01
