LEM/with_lateral_4open/elevation_000229.asc
nrows	100
cellsize	150.0
xllcorner	0
ncols	100
yllcorner	0
NODATA_value	-9999
[rows 51 to 67 of 100, columns 0 to 36 of 100]
6.455108993161302877e-02 1.161155647372422983e+01 2.575369209746000365e+01 4.575369214565244391e+01 5.400511699988031467e+01 4.571579246289847731e+01 4.696963693072740398e+01 4.696963693072740398e+01 4.714023325911825424e+01 4.714023325911825424e+01 6.715218982503908762e+01 7.235609994727904848e+01 6.406919382376072747e+01 7.235609994727904848e+01 5.978495475153158623e+01 3.885217318155352473e+01 4.195307478213387498e+01 5.735840480870049163e+01 7.782156522759616735e+01 7.724291822282535236e+01 5.741012031020011364e+01 4.346728018787450054e+01 5.575355929920137044e+01 6.397111119259112400e+01 5.804605579952453098e+01 3.828335635565727557e+01 4.967646568027905118e+01 6.948314281818274196e+01 7.670496079507289267e+01 6.088602731170126248e+01 4.108669978636350351e+01 5.030284374456170582e+01 3.303391985092655148e+01 3.844681813172037010e+01 4.433757999777963477e+01 5.130814485847378137e+01 6.276699143668726322e+01
3.995603441288197999e-02 2.003995602808862131e+01 3.279870002503800208e+01 4.279556929160714418e+01 5.692981854605638148e+01 5.824545743373089834e+01 6.646846279587943229e+01 6.698144320141437902e+01 6.715218982503910183e+01 6.715218982503908762e+01 7.544528743331207465e+01 6.233981749696072683e+01 4.402577497567939702e+01 6.233981749696072683e+01 5.242957063088365288e+01 3.173151887556133133e+01 5.242957063088365288e+01 6.370233548658227107e+01 6.763742296362258344e+01 7.572460802600984664e+01 7.144973751436843656e+01 5.575355929920137044e+01 3.601319549397985043e+01 4.934893955895212514e+01 4.970061550129253192e+01 3.472242936588776985e+01 4.869701355368342632e+01 6.850339145276235797e+01 5.739021970154623631e+01 5.586184401554958612e+01 4.798062334752695790e+01 3.060106297984270896e+01 4.449183646283706395e+01 5.820796996560851255e+01 6.419530202792054752e+01 7.124354840448239656e+01 7.958709266132062510e+01
4.804567899273937126e-02 4.520181633723760584e+00 1.452015236548216670e+01 2.866131337783790300e+01 4.415030628922245626e+01 3.831190352146846578e+01 5.824545743373089834e+01 6.010121288321925448e+01 5.142361810091576046e+01 4.872725097386936710e+01 5.739396871282660584e+01 5.404748439972005514e+01 3.409694896003201592e+01 5.404748439972005514e+01 4.759266659202933170e+01 2.721789675848344459e+01 4.759266659202933170e+01 4.802481221279433754e+01 4.856345560434206732e+01 6.784812753306417221e+01 7.355837193064489554e+01 6.397111121752826790e+01 4.934893955895212514e+01 2.961662784449574559e+01 2.993720081948879752e+01 4.970061550469777245e+01 6.205899334860102101e+01 5.656488145592548733e+01 5.739021970149589436e+01 3.807678253171491889e+01 2.827419825967445988e+01 4.798071025867078987e+01 5.856988891319263502e+01 7.264752255531547576e+01 7.945611240750370996e+01 8.539636240042003124e+01 8.613608310531029133e+01
9.707512844716031930e-02 2.009707511156665305e+01 1.207946662941094829e+01 1.785295536762838609e+01 2.417743753903699044e+01 3.830672182355144884e+01 5.814820101720621892e+01 5.142361810091576046e+01 3.106098848040569749e+01 2.845846963800610752e+01 4.558110068181249375e+01 4.739730591982403496e+01 2.757932910900737866e+01 4.739730591982403496e+01 4.318073213015528466e+01 2.307145634617621965e+01 4.304293024225756881e+01 3.479614958260297897e+01 5.288955021570756543e+01 6.571478286376128608e+01 5.206281914256673815e+01 5.913616297444011138e+01 3.935600912639296922e+01 2.551940129348077946e+01 4.447074793453287356e+01 5.430060878733749519e+01 4.237092556098919971e+01 3.661148312840744268e+01 4.333566108643552894e+01 4.426224768735269777e+01 2.669939607464957021e+01 4.638159900117318557e+01 5.886745592196665910e+01 6.689903621715740201e+01 5.936229637115675217e+01 6.524763882828786166e+01 6.842257175823262116e+01
5.001202446392439237e-03 2.000500120244603863e+01 3.207160413334574400e+01 3.783797683207992435e+01 4.415030628922245626e+01 5.239018315867395614e+01 4.759617728392434088e+01 4.654252739675881401e+01 3.487262809703529598e+01 1.789345061897853384e+01 3.694986764263072132e+01 4.167634879655778946e+01 2.198907413440620573e+01 4.167057169572035491e+01 3.445499405732805087e+01 1.919587853401182898e+01 2.504760765510953036e+01 3.897663346903821946e+01 5.865830222593353227e+01 5.598663668695358808e+01 3.709002041815860906e+01 5.598278320381802331e+01 4.452318414125547719e+01 2.323974097280824225e+01 3.555074826078987371e+01 3.987047257697555125e+01 4.111103409313760437e+01 2.289449089424321215e+01 2.370925029417936258e+01 2.454777103662474502e+01 2.562095800511843535e+01 4.541353768751083209e+01 3.975585455715670236e+01 5.610999484453299146e+01 4.549561361372668955e+01 5.299790510813406996e+01 4.853092062545779584e+01
5.279685921607564503e-02 1.988768707742167052e+01 3.740278347464494857e+01 2.987989788712561179e+01 3.750826264381139907e+01 4.201752574722527100e+01 2.587754549293865125e+01 2.154684044324951486e+01 2.609386277994295966e+01 1.288093707270391697e+01 3.117217473242242320e+01 3.659179510265300905e+01 1.697649839700681440e+01 2.992417132751607411e+01 1.465883649321242821e+01 3.315260585063069243e+01 3.400409861205965001e+01 3.507076363355309212e+01 4.353604688970598602e+01 4.667433365889299068e+01 2.708872138003419749e+01 3.695604945328121005e+01 3.751801845695156601e+01 3.475667120622618000e+01 2.014747196197132695e+01 2.096299426321999348e+01 2.176232361374551161e+01 4.100992044972912254e+01 3.285947657414719458e+01 4.161249934097056524e+01 4.523994177392082605e+01 2.720541037987266009e+01 2.835704588712334484e+01 4.822689322232758968e+01 4.527127661329154762e+01 3.312737453205547666e+01 3.449185365829667660e+01
5.738623160518319517e-05 2.000005738313280901e+01 2.128091688279697280e+01 1.131900727655979111e+01 2.826554146886750019e+01 1.946672367900238854e+01 2.169462257980844910e+01 5.209653784261776721e+00 5.856662015940830024e+00 1.701300913789702207e+01 2.958593421023370595e+01 2.835094065094562055e+01 2.428931230443734179e+01 1.022907088718322477e+01 2.882141975382240773e+01 3.141317404650034462e+01 1.286419201616391028e+01 1.355505545552848723e+01 3.323154319002991031e+01 3.437320031650590124e+01 3.572166999328936043e+01 1.765219267654919832e+01 1.840058674196124500e+01 1.913662972376927840e+01 3.826736835219330146e+01 2.252200399847486523e+01 4.113295750612240198e+01 4.915541771187039899e+01 5.445641758406705435e+01 5.708946017670114514e+01 4.339450525649046853e+01 4.705491639427319939e+01 4.818085107770846776e+01 3.002849780589933459e+01 3.122911234903627431e+01 5.110530915337066205e+01 5.435566951790280399e+01
4.532054705376769438e-02 6.547481823898360087e-01 1.264458943241136168e+00 1.875022009409363033e+00 2.180887496048372753e+01 3.652823226011391089e+00 4.296865144060824093e+00 2.018567800987847249e+01 2.502527001035845444e+01 6.779710187278457312e+00 1.809128313470779759e+01 8.633440453837817330e+00 9.290556807285136998e+00 2.899910285559714751e+01 1.120031384933720986e+01 1.188792732601533153e+01 2.748936965430736024e+01 3.087122368781900761e+01 1.453341270926478579e+01 2.156966578520576405e+01 1.658685331554260500e+01 3.524827327293429846e+01 3.749436301654774439e+01 2.908393146683868480e+01 4.270375502307388160e+01 2.423060236242096366e+01 4.382920721791840890e+01 5.476520588799220235e+01 6.874187699971940901e+01 7.137764083371304480e+01 6.318996736390948854e+01 6.396687416755754185e+01 4.408249274581411470e+01 4.990532448960306766e+01 5.053882391710337885e+01 3.522182808393726106e+01 4.670026019809134965e+01
9.001595176218035732e-02 1.961028785704474586e+01 2.120225410237845409e+01 6.291467425245335754e+00 2.742951558563389902e+00 4.882122822527749761e+00 2.418584242516574889e+01 3.013476348956001871e+01 3.502641029328716371e+01 2.681934997684221855e+01 7.705112919611048383e+00 2.785086542155060840e+01 1.434228379302459544e+01 3.311851583044941094e+01 3.115102980609495731e+01 2.609938496515281869e+01 3.011343943756687125e+01 3.989111975463207926e+01 3.371493132054960284e+01 1.551128560765688746e+01 3.532539838938634347e+01 3.349528780725805888e+01 5.264945378011532995e+01 4.166733071624094720e+01 4.346023107379782147e+01 4.382920721791844443e+01 2.683500242320046780e+01 4.078853477717456855e+01 5.760692592226795483e+01 6.492497579754655135e+01 7.310054108581982746e+01 7.228697560340137329e+01 6.396980693437571119e+01 6.619735000622485188e+01 4.629118298147196242e+01 3.816721435219417202e+01 5.807135568458712527e+01
5.674351268809080251e-02 2.002700346933271192e+01 3.294572928811049195e+01 1.296951557912993991e+01 2.277803222557698959e+01 2.479718662172950872e+01 7.933378421137714298e+00 2.783032847193633330e+01 3.908289413772541820e+01 4.176223488175237719e+01 3.329144286889680160e+01 3.860998434083045794e+01 2.501829765950179052e+01 2.258739505922265423e+01 3.591513693491458525e+01 4.742114985996794729e+01 4.755362405885954047e+01 4.144432931674797516e+01 2.183884022683191972e+01 1.710594235342846048e+01 3.752695446727069850e+01 4.821342280499967359e+01 6.091787816682155210e+01 6.183962313900990182e+01 6.250683836283283057e+01 5.476300036093654455e+01 4.658070346153154873e+01 2.961877266282398224e+01 4.942465609278973915e+01 4.516698870127493137e+01 5.914533014823316392e+01 7.887827590512218023e+01 8.037820991741361354e+01 6.032344550489688118e+01 6.132539007447806512e+01 4.140952316696866120e+01 5.029712331674480197e+01
9.518805923843161321e-02 1.423967942003275944e+01 3.429518719372203606e+01 2.735889767340683676e+01 2.956732405702497957e+01 3.593277664732156751e+01 2.760716449944024120e+01 1.105677134844100351e+01 3.093789793171405833e+01 4.235430535653258488e+01 5.414917559640039002e+01 5.250423672486921589e+01 4.426753568694218188e+01 2.952384799778724656e+01 4.914327555184343055e+01 6.394342598810094813e+01 4.942642269517730114e+01 2.912955561253352244e+01 4.146517546125729581e+01 3.752698728302088682e+01 1.952670719044115444e+01 4.002988248299008944e+01 4.868912444709759058e+01 5.690867392596373975e+01 6.835484094077142458e+01 6.084103789808658291e+01 4.106701808236849871e+01 4.942466366882131013e+01 3.261446835392722221e+01 5.242892750854566231e+01 6.347725110717915697e+01 8.320761645717352906e+01 8.874449667086899751e+01 8.037820991741214982e+01 6.493892219381636721e+01 4.499708319908976506e+01 6.493892219381636721e+01
9.062254805971975413e-02 1.423276887128435853e+01 3.423448679851496479e+01 4.768301427672998472e+01 4.386526943165338821e+01 4.508124857486618708e+01 2.516811059649822013e+01 3.090638700959459229e+01 1.434544937678904475e+01 3.420416479842840829e+01 3.477011264525473422e+01 5.419799658900573291e+01 5.742719117765027192e+01 4.328589559926264485e+01 4.914708173718225481e+01 5.912487301110562754e+01 3.855196763822749517e+01 4.942642269517737930e+01 5.772608648198278303e+01 4.831370197545697209e+01 4.004294342655562389e+01 2.209284899907734712e+01 2.851368770451417234e+01 4.029144074038595846e+01 6.015861169192454128e+01 6.901454807188203233e+01 5.249719577229028999e+01 5.464327148221102703e+01 3.483760041241711747e+01 4.372387215390235582e+01 5.769757913759875834e+01 7.743061356220772495e+01 9.493729431373949978e+01 8.133932148784312233e+01 6.125301656371320291e+01 5.076523347428421573e+01 5.278737391640820675e+01
3.063233560239582431e-02 1.417275270619353122e+01 3.417082693536556803e+01 5.353158828199035923e+01 6.401857205592060041e+01 5.365478651598593274e+01 4.516645304050850029e+01 3.863611729123083904e+01 1.880968923628652689e+01 1.831006890548569643e+01 3.813209198836113956e+01 5.043317678539879978e+01 6.177045044243710947e+01 6.329723680294083010e+01 6.915393841447504997e+01 6.731860729125864395e+01 4.792097033146973928e+01 6.731860729125864395e+01 5.937462487981428438e+01 3.946236275027931129e+01 2.491807135648532778e+01 4.260739038704382864e+01 4.868965354217213815e+01 4.287249563132229468e+01 6.274589559001550043e+01 8.038348761166196255e+01 7.223823114966805292e+01 5.695909401270152728e+01 3.717042142337565735e+01 5.260975780820093206e+01 5.983071253847335669e+01 6.579277903222364898e+01 8.666532037368396857e+01 8.970919441149628426e+01 7.717968793602368294e+01 5.683870988845304595e+01 7.278111113396968790e+01
5.666595628964066211e-02 2.005666595628928661e+01 2.536109533300382424e+01 3.806297063176855033e+01 4.635034285648864483e+01 5.635190232129582455e+01 5.716701834873705934e+01 3.755206189982757792e+01 2.352185104010970207e+01 3.813209198836113956e+01 2.251504327708451569e+01 3.399991490839581587e+01 5.364752354436690496e+01 6.290016031000234875e+01 7.268182652854940784e+01 7.629964857597376238e+01 6.242554022595682284e+01 7.621113802571028373e+01 6.124813325289040478e+01 4.138846895765699685e+01 2.697468742979348733e+01 3.785244582147732473e+01 5.722081274591469935e+01 6.274722156264972739e+01 7.103358164358691340e+01 8.490402855179215180e+01 6.569014733501717274e+01 5.251038099979874829e+01 4.507411208524926138e+01 4.074600791977093905e+01 4.752609845568496638e+01 5.831841190920263784e+01 7.214837237247127177e+01 9.349554305453622760e+01 8.426409255447647695e+01 6.367358167990767726e+01 8.426409255447647695e+01
2.110006612196471329e-02 5.366324904370475046e+00 1.139655179594120682e+01 1.806321846407114862e+01 2.806322024126788861e+01 4.806433917366778985e+01 6.221935789011303086e+01 4.265510369323312290e+01 2.867992093095055850e+01 4.838537340612408855e+01 4.230397140945654400e+01 2.704001709716969870e+01 3.516394446220589742e+01 4.501509647079740972e+01 5.881802940078395636e+01 7.837923601057980250e+01 8.211788576053987754e+01 7.694292412326231556e+01 5.732881898565048573e+01 4.916394983467657198e+01 2.907960956717115764e+01 4.916394983467892388e+01 5.862591556100278467e+01 7.677601477936815400e+01 7.686200583526769492e+01 8.593451949142313140e+01 7.421468036407877378e+01 5.646272661956766115e+01 6.132921384346916938e+01 4.354954560500853944e+01 6.324611633812863687e+01 7.966370288844585446e+01 8.968336725773917806e+01 1.017807242519185849e+02 9.268935746168678236e+01 7.447580163500623485e+01 9.268935746168678236e+01
9.367352646185668485e-02 2.009367352646150096e+01 3.139674879533514229e+01 3.806377970746780903e+01 4.635034285648864483e+01 5.635190232130334920e+01 6.795138312795953084e+01 4.838537340612408855e+01 3.531359988272362216e+01 5.492126016782436437e+01 5.489340446698888343e+01 4.677250986359552343e+01 3.219186472545631261e+01 5.184761613432865346e+01 6.438682352239291617e+01 7.252265123681554826e+01 8.383663058322339623e+01 7.121580926305658465e+01 5.157822671536070658e+01 3.758958361661692749e+01 3.117486882867823894e+01 5.114020317976746810e+01 5.919638988597728968e+01 6.528920591552667929e+01 4.999063951917357684e+01 7.686254626602126905e+01 8.225872523767509392e+01 7.421324295437486285e+01 6.611261832112967340e+01 4.641684151504878741e+01 6.612053829822401951e+01 8.059279958103569186e+01 9.274131960426511512e+01 1.035762575674917088e+02 1.042144765860410445e+02 9.574052378494454274e+01 1.039297940343391531e+02
3.648181865326004941e-02 2.003648181865290567e+01 2.175151671085912852e+01 3.329852209456777956e+01 4.744065771619806782e+01 6.744065699099675726e+01 7.446644460802693288e+01 5.492126016782436437e+01 4.516155103892143075e+01 6.303021814178072901e+01 6.313021722966683313e+01 4.358817889100880905e+01 5.184761613432865346e+01 3.831931830410586315e+01 4.488381207069952694e+01 5.613370599474972522e+01 7.566246918473653693e+01 7.121579694253971127e+01 5.157822670500956264e+01 5.732993786155506655e+01 4.533600258950060891e+01 3.426579925149295036e+01 3.984956997369651788e+01 4.577383892505036300e+01 5.753511091746842254e+01 7.684126310665021720e+01 9.003734353941311497e+01 7.022953018618129306e+01 5.620797311533768692e+01 5.128082259186496827e+01 5.257870455778289909e+01 6.401076217530454926e+01 8.413084050433948846e+01 8.425868802071990160e+01 1.035762575674917088e+02 1.027564796042131405e+02 9.286029958106914250e+01
